60
0 0.0  0.690688  0.719142  0.408608  0.558488  0.670174  0.791107  0.807510  0.542044  0.587926  0.672192  0.804672  0.395618  0.432541  0.712083  0.768943  0.868476  0.840210  0.364846  0.587228  0.733671  0.628117  0.667137  0.762039  0.806199  0.196705  0.365740  0.456405  0.723761  0.610308  0.679377  0.751104  0.657861  0.721961  0.485283  0.642774  0.595735  0.443646  0.655420  0.684379  0.746776  0.561268  0.590860  0.304556  0.418706  0.768225  0.286673  0.301401  0.600769  0.528689  0.568428  0.835684  0.708648  0.299143  0.546958  0.431928  0.378945  0.658900  0.722188  0.705392 
1  0.690688 0.0  0.357122  0.695169  0.518993  0.179413  0.268974  0.267722  0.823476  0.595022  0.589960  0.279913  0.716765  0.762000  0.351243  0.820215  0.890175  0.426638  0.832684  0.708731  0.674266  0.787298  0.730564  0.245524  0.827713  0.810178  0.761063  0.807473  0.683153  0.722128  0.506770  0.350149  0.739201  0.566958  0.764395  0.695982  0.824399  0.806545  0.842917  0.735704  0.293521  0.783967  0.649514  0.692599  0.749318  0.720419  0.784431  0.693565  0.683728  0.843982  0.680574  0.731063  0.652591  0.745741  0.713211  0.763803  0.800020  0.676538  0.255553  0.740991 
2  0.719142  0.357122 0.0  0.780664  0.599055  0.335289  0.244133  0.314039  0.838539  0.526923  0.642679  0.238194  0.746231  0.750645  0.333866  0.758660  0.797546  0.115955  0.929901  0.508355  0.730373  0.780968  0.876382  0.261545  0.692604  0.818426  0.753224  0.805287  0.633637  0.810521  0.514735  0.161356  0.821743  0.526506  0.782955  0.557827  0.846935  0.745430  0.849470  0.835713  0.296650  0.790333  0.771601  0.796088  0.847901  0.732290  0.791664  0.830730  0.744992  0.792661  0.790934  0.633462  0.787463  0.706032  0.684232  0.810591  0.869511  0.862049  0.194133  0.676622 
3  0.408608  0.695169  0.780664 0.0  0.624628  0.813113  0.729155  0.706020  0.513867  0.577753  0.732289  0.750635  0.507169  0.473519  0.735069  0.631186  0.847586  0.798899  0.279051  0.720100  0.786246  0.501755  0.711082  0.726237  0.814254  0.271629  0.362988  0.231465  0.661276  0.425578  0.618384  0.724563  0.488675  0.745314  0.540133  0.642490  0.522349  0.376988  0.487394  0.645981  0.822535  0.582436  0.577196  0.384543  0.486704  0.690819  0.289423  0.334052  0.669594  0.510311  0.380261  0.742589  0.545878  0.263149  0.587740  0.536066  0.113456  0.583943  0.730639  0.731397 
4  0.558488  0.518993  0.599055  0.624628 0.0  0.644488  0.602749  0.624145  0.435258  0.464887  0.533214  0.541058  0.499121  0.471883  0.594353  0.585162  0.672886  0.586671  0.597422  0.473391  0.536268  0.579544  0.627176  0.629124  0.696691  0.627814  0.566045  0.590046  0.612636  0.453871  0.597210  0.580021  0.547300  0.578356  0.578904  0.531040  0.470149  0.464596  0.559506  0.576051  0.656395  0.509149  0.536757  0.416984  0.644276  0.634152  0.701119  0.560478  0.553909  0.602742  0.587547  0.549166  0.526766  0.587050  0.613897  0.495333  0.561164  0.542480  0.451436  0.640323 
5  0.670174  0.179413  0.335289  0.813113  0.644488 0.0  0.290231  0.329391  0.799205  0.698562  0.639743  0.368299  0.740873  0.770719  0.173337  0.748945  0.779556  0.379618  0.817367  0.678492  0.870038  0.782985  0.769371  0.273943  0.860606  0.883807  0.767694  0.690844  0.880771  0.692320  0.635247  0.403429  0.883104  0.409918  0.787467  0.710257  0.783290  0.730250  0.831411  0.824690  0.338515  0.903942  0.722945  0.877324  0.745931  0.691213  0.688192  0.760772  0.798632  0.750329  0.700203  0.785067  0.887431  0.814713  0.857457  0.734842  0.762494  0.778230  0.280247  0.847648 
6  0.791107  0.268974  0.244133  0.729155  0.602749  0.290231 0.0  0.240335  0.723295  0.567041  0.669922  0.245207  0.717420  0.734398  0.269418  0.808219  0.819005  0.345560  0.774169  0.706431  0.773415  0.777299  0.659571  0.326613  0.745544  0.701362  0.717407  0.744357  0.610165  0.801148  0.613747  0.191534  0.719583  0.488638  0.781791  0.861833  0.861003  0.728372  0.796732  0.848337  0.230108  0.794622  0.776609  0.861649  0.778144  0.657899  0.677582  0.729856  0.757659  0.772540  0.728265  0.776695  0.762063  0.873336  0.796909  0.749595  0.725524  0.872725  0.261530  0.756117 
7  0.807510  0.267722  0.314039  0.706020  0.624145  0.329391  0.240335 0.0  0.681936  0.631866  0.532562  0.441102  0.782447  0.747231  0.302853  0.722534  0.852478  0.226950  0.761352  0.603536  0.775662  0.770003  0.749129  0.404172  0.799666  0.670410  0.794008  0.770296  0.798860  0.720286  0.456070  0.359842  0.720821  0.556989  0.835993  0.629783  0.788009  0.687217  0.766522  0.842202  0.328597  0.874742  0.801647  0.790276  0.709823  0.641193  0.716621  0.861582  0.672582  0.825095  0.725412  0.792394  0.684881  0.696550  0.766572  0.736724  0.795587  0.743241  0.194293  0.761800 
8  0.542044  0.823476  0.838539  0.513867  0.435258  0.799205  0.723295  0.681936 0.0  0.676775  0.605717  0.730340  0.366475  0.438776  0.731191  0.689796  0.833943  0.810231  0.502177  0.540207  0.778496  0.170992  0.579609  0.789608  0.796268  0.592058  0.432997  0.449495  0.696823  0.239195  0.812885  0.883141  0.244881  0.743422  0.208814  0.648532  0.331841  0.497076  0.231098  0.532520  0.750962  0.373147  0.554977  0.527724  0.472666  0.829393  0.572974  0.483949  0.464505  0.590325  0.386565  0.790552  0.259176  0.635803  0.638325  0.493836  0.565170  0.323548  0.808422  0.579538 
9  0.587926  0.595022  0.526923  0.577753  0.464887  0.698562  0.567041  0.631866  0.676775 0.0  0.584101  0.631879  0.639707  0.532691  0.556474  0.597192  0.623530  0.569009  0.580645  0.600109  0.580151  0.503302  0.558558  0.596776  0.647768  0.543496  0.660619  0.736901  0.558038  0.630441  0.581047  0.593140  0.433154  0.575090  0.554216  0.524710  0.545312  0.619323  0.527160  0.485990  0.570694  0.491344  0.546529  0.647130  0.436912  0.489244  0.748613  0.605167  0.565872  0.559259  0.586067  0.486776  0.585794  0.665730  0.510064  0.603411  0.630201  0.509122  0.545982  0.573522 
10  0.672192  0.589960  0.642679  0.732289  0.533214  0.639743  0.669922  0.532562  0.605717  0.584101 0.0  0.754961  0.645225  0.661486  0.685251  0.741161  0.907583  0.655921  0.750914  0.535405  0.783599  0.700542  0.471588  0.632872  0.910642  0.583097  0.739806  0.745206  0.825911  0.692586  0.763451  0.652147  0.635563  0.764126  0.534351  0.732247  0.592181  0.622222  0.755337  0.735142  0.797275  0.719957  0.690378  0.756056  0.662875  0.839275  0.652134  0.711673  0.685282  0.744174  0.680932  0.752620  0.701622  0.757903  0.794325  0.661663  0.629562  0.636498  0.641508  0.687989 
11  0.804672  0.279913  0.238194  0.750635  0.541058  0.368299  0.245207  0.441102  0.730340  0.631879  0.754961 0.0  0.733379  0.795332  0.267574  0.626148  0.659341  0.067284  0.775264  0.648637  0.770357  0.780212  0.758911  0.285194  0.758177  0.767781  0.808754  0.759728  0.634986  0.844535  0.518940  0.179745  0.767069  0.542079  0.837496  0.657743  0.813918  0.769939  0.694012  0.765019  0.226081  0.675502  0.816822  0.641804  0.800629  0.720383  0.832597  0.778726  0.646110  0.761852  0.768714  0.711157  0.730706  0.768176  0.858362  0.764889  0.698648  0.914760  0.286403  0.627478 
12  0.395618  0.716765  0.746231  0.507169  0.499121  0.740873  0.717420  0.782447  0.366475  0.639707  0.645225  0.733379 0.0  0.481537  0.759083  0.776345  0.770793  0.712677  0.569311  0.575391  0.794263  0.353992  0.737054  0.660525  0.788894  0.483344  0.617175  0.525788  0.620072  0.285030  0.647062  0.840503  0.351540  0.733694  0.474356  0.637856  0.375396  0.503878  0.391970  0.437160  0.676575  0.421505  0.528011  0.616028  0.601450  0.690414  0.498747  0.509261  0.463550  0.593751  0.507955  0.669028  0.314685  0.571664  0.575495  0.516540  0.639787  0.448853  0.807109  0.553934 
13  0.432541  0.762000  0.750645  0.473519  0.471883  0.770719  0.734398  0.747231  0.438776  0.532691  0.661486  0.795332  0.481537 0.0  0.676430  0.770371  0.754023  0.783555  0.519868  0.679044  0.890643  0.540808  0.661459  0.715429  0.810923  0.445586  0.617110  0.503008  0.654212  0.386809  0.619693  0.749949  0.429131  0.712306  0.397988  0.659400  0.476341  0.417755  0.502108  0.500533  0.861335  0.608303  0.386621  0.491011  0.494105  0.805069  0.522074  0.445713  0.575978  0.575728  0.290633  0.728890  0.467464  0.472584  0.567057  0.583640  0.495103  0.444637  0.699999  0.782399 
14  0.712083  0.351243  0.333866  0.735069  0.594353  0.173337  0.269418  0.302853  0.731191  0.556474  0.685251  0.267574  0.759083  0.676430 0.0  0.681327  0.836239  0.282083  0.718163  0.598147  0.706827  0.810563  0.645218  0.266103  0.701167  0.825505  0.834451  0.765830  0.798100  0.758369  0.498805  0.296787  0.889379  0.500803  0.781771  0.712663  0.873324  0.816705  0.778154  0.848735  0.420242  0.800966  0.712518  0.727986  0.842746  0.662741  0.793308  0.822658  0.686575  0.701498  0.670408  0.793430  0.841843  0.783978  0.899338  0.728741  0.822838  0.675897  0.254605  0.679749 
15  0.768943  0.820215  0.758660  0.631186  0.585162  0.748945  0.808219  0.722534  0.689796  0.597192  0.741161  0.626148  0.776345  0.770371  0.681327 0.0  0.652535  0.820341  0.781849  0.616241  0.239614  0.803846  0.665766  0.728813  0.805175  0.756211  0.795457  0.785386  0.715277  0.817078  0.793473  0.685014  0.748530  0.836458  0.694727  0.519130  0.803665  0.834091  0.652167  0.772660  0.673397  0.767948  0.723225  0.771718  0.787766  0.650264  0.770462  0.741775  0.619611  0.536351  0.754589  0.183826  0.743772  0.843667  0.666898  0.580958  0.742899  0.734323  0.728380  0.378009 
16  0.868476  0.890175  0.797546  0.847586  0.672886  0.779556  0.819005  0.852478  0.833943  0.623530  0.907583  0.659341  0.770793  0.754023  0.836239  0.652535 0.0  0.775050  0.777192  0.677070  0.723388  0.834697  0.808558  0.786576  0.159935  0.716336  0.706314  0.795201  0.676892  0.887090  0.939135  0.798918  0.823342  0.786137  0.693858  0.795982  0.866229  0.904599  0.773551  0.828003  0.743927  0.840574  0.763157  0.836313  0.879019  0.729706  0.882435  0.755262  0.750090  0.698056  0.821871  0.756975  0.749033  0.867958  0.788379  0.771957  0.902123  0.903611  0.787029  0.804525 
17  0.840210  0.426638  0.115955  0.798899  0.586671  0.379618  0.345560  0.226950  0.810231  0.569009  0.655921  0.067284  0.712677  0.783555  0.282083  0.820341  0.775050 0.0  0.866029  0.646039  0.728881  0.853458  0.763289  0.304104  0.686002  1.000000  0.886221  0.896597  0.714962  0.844226  0.507306  0.195417  0.776518  0.496276  0.792209  0.605222  0.788053  0.892761  0.672304  0.851794  0.247733  0.839215  0.768068  0.716816  0.801762  0.773835  0.839012  0.835441  0.744584  0.805629  0.689565  0.688485  0.806672  0.827010  0.724869  0.866769  0.853444  0.810089  0.164531  0.582744 
18  0.364846  0.832684  0.929901  0.279051  0.597422  0.817367  0.774169  0.761352  0.502177  0.580645  0.750914  0.775264  0.569311  0.519868  0.718163  0.781849  0.777192  0.866029 0.0  0.635945  0.747554  0.504083  0.553837  0.699810  0.810213  0.359260  0.414011  0.238664  0.747603  0.449818  0.690827  0.783631  0.540701  0.767754  0.615649  0.696897  0.454735  0.385451  0.479736  0.661168  0.817164  0.634817  0.537474  0.538800  0.413002  0.806033  0.372711  0.459332  0.541995  0.532389  0.440829  0.777366  0.513741  0.282466  0.587786  0.573899  0.157141  0.598579  0.767421  0.710804 
19  0.587228  0.708731  0.508355  0.720100  0.473391  0.678492  0.706431  0.603536  0.540207  0.600109  0.535405  0.648637  0.575391  0.679044  0.598147  0.616241  0.677070  0.646039  0.635945 0.0  0.664906  0.538474  0.466246  0.735368  0.602053  0.702086  0.672245  0.610070  0.535232  0.640884  0.547574  0.527303  0.526342  0.567499  0.605018  0.589288  0.557063  0.544640  0.530822  0.520054  0.616779  0.570597  0.603870  0.670489  0.538045  0.629321  0.635865  0.615275  0.508089  0.584751  0.594453  0.527548  0.541571  0.573629  0.504588  0.681895  0.653804  0.607036  0.641683  0.577461 
20  0.733671  0.674266  0.730373  0.786246  0.536268  0.870038  0.773415  0.775662  0.778496  0.580151  0.783599  0.770357  0.794263  0.890643  0.706827  0.239614  0.723388  0.728881  0.747554  0.664906 0.0  0.719396  0.731107  0.806556  0.722690  0.793152  0.798833  0.825788  0.539680  0.782289  0.789043  0.681238  0.800134  0.831234  0.707695  0.695595  0.829613  0.809038  0.823989  0.650017  0.760049  0.822798  0.734187  0.806785  0.847141  0.621150  0.792932  0.801873  0.575921  0.594474  0.762128  0.174186  0.823656  0.904160  0.582571  0.586166  0.795670  0.683190  0.820304  0.287051 
21  0.628117  0.787298  0.780968  0.501755  0.579544  0.782985  0.777299  0.770003  0.170992  0.503302  0.700542  0.780212  0.353992  0.540808  0.810563  0.803846  0.834697  0.853458  0.504083  0.538474  0.719396 0.0  0.733935  0.756742  0.785463  0.551085  0.569684  0.574165  0.718434  0.384745  0.699184  0.783693  0.206737  0.756450  0.242265  0.560208  0.266647  0.520151  0.309260  0.387084  0.758848  0.514855  0.517859  0.628429  0.562558  0.708440  0.608516  0.626989  0.526995  0.518217  0.445131  0.799154  0.397927  0.515619  0.576172  0.530388  0.566762  0.274141  0.632183  0.520547 
22  0.667137  0.730564  0.876382  0.711082  0.627176  0.769371  0.659571  0.749129  0.579609  0.558558  0.471588  0.758911  0.737054  0.661459  0.645218  0.665766  0.808558  0.763289  0.553837  0.466246  0.731107  0.733935 0.0  0.774824  0.802404  0.693894  0.747988  0.708686  0.671742  0.608689  0.641006  0.710243  0.613696  0.704574  0.678491  0.664149  0.670528  0.677829  0.750826  0.735665  0.641721  0.792382  0.762221  0.609909  0.750085  0.625088  0.689753  0.612526  0.700113  0.721219  0.624079  0.767073  0.692117  0.642085  0.693127  0.626205  0.620520  0.722704  0.646616  0.675096 
23  0.762039  0.245524  0.261545  0.726237  0.629124  0.273943  0.326613  0.404172  0.789608  0.596776  0.632872  0.285194  0.660525  0.715429  0.266103  0.728813  0.786576  0.304104  0.699810  0.735368  0.806556  0.756742  0.774824 0.0  0.731299  0.736796  0.700362  0.688544  0.762809  0.665953  0.564963  0.220100  0.701196  0.523903  0.713494  0.641163  0.741974  0.740066  0.769864  0.776449  0.387548  0.848675  0.686306  0.829243  0.718591  0.732048  0.772732  0.747139  0.759910  0.744921  0.810073  0.837235  0.739602  0.830457  0.806540  0.755945  0.685070  0.785196  0.308068  0.664851 
24  0.806199  0.827713  0.692604  0.814254  0.696691  0.860606  0.745544  0.799666  0.796268  0.647768  0.910642  0.758177  0.788894  0.810923  0.701167  0.805175  0.159935  0.686002  0.810213  0.602053  0.722690  0.785463  0.802404  0.731299 0.0  0.835799  0.796833  0.827899  0.742280  0.719758  0.917168  0.752098  0.835580  0.857226  0.867229  0.799737  0.794413  0.868705  0.671503  0.774029  0.753913  0.806053  0.828563  0.836009  0.900967  0.685396  0.846888  0.777793  0.782546  0.801380  0.789007  0.678632  0.746508  0.779276  0.806355  0.832590  0.803160  0.791895  0.799404  0.748714 
25  0.196705  0.810178  0.818426  0.271629  0.627814  0.883807  0.701362  0.670410  0.592058  0.543496  0.583097  0.767781  0.483344  0.445586  0.825505  0.756211  0.716336  1.000000  0.359260  0.702086  0.793152  0.551085  0.693894  0.736796  0.835799 0.0  0.165557  0.549266  0.689424  0.589038  0.732497  0.744504  0.509765  0.792043  0.649824  0.665040  0.705197  0.472168  0.582978  0.617752  0.856239  0.544674  0.500093  0.186069  0.464241  0.692314  0.350965  0.222002  0.501032  0.554026  0.466498  0.761198  0.523968  0.386310  0.589883  0.418542  0.359563  0.547581  0.735492  0.760651 
26  0.365740  0.761063  0.753224  0.362988  0.566045  0.767694  0.717407  0.794008  0.432997  0.660619  0.739806  0.808754  0.617175  0.617110  0.834451  0.795457  0.706314  0.886221  0.414011  0.672245  0.798833  0.569684  0.747988  0.700362  0.796833  0.165557 0.0  0.389569  0.780608  0.581143  0.738865  0.797006  0.607034  0.726830  0.576453  0.784004  0.608824  0.411636  0.621625  0.625922  0.844871  0.572082  0.630152  0.245620  0.340809  0.678322  0.443095  0.279420  0.554094  0.489661  0.412035  0.805859  0.576817  0.468704  0.626786  0.586374  0.476836  0.625698  0.797031  0.785711 
27  0.456405  0.807473  0.805287  0.231465  0.590046  0.690844  0.744357  0.770296  0.449495  0.736901  0.745206  0.759728  0.525788  0.503008  0.765830  0.785386  0.795201  0.896597  0.238664  0.610070  0.825788  0.574165  0.708686  0.688544  0.827899  0.549266  0.389569 0.0  0.878887  0.519546  0.719574  0.892984  0.565137  0.616185  0.507263  0.817524  0.565081  0.366435  0.490684  0.566969  0.834402  0.660561  0.604709  0.446986  0.419053  0.741219  0.415592  0.411344  0.545652  0.618681  0.448032  0.735893  0.476609  0.164417  0.670701  0.364030  0.220201  0.645044  0.743513  0.803317 
28  0.723761  0.683153  0.633637  0.661276  0.612636  0.880771  0.610165  0.798860  0.696823  0.558038  0.825911  0.634986  0.620072  0.654212  0.798100  0.715277  0.676892  0.714962  0.747603  0.535232  0.539680  0.718434  0.671742  0.762809  0.742280  0.689424  0.780608  0.878887 0.0  0.644296  0.706555  0.648259  0.728125  0.638498  0.744465  0.431402  0.764686  0.659464  0.730518  0.629021  0.711743  0.722036  0.654027  0.734666  0.704851  0.341615  0.673514  0.596379  0.675924  0.613982  0.777718  0.585725  0.697563  0.745466  0.610734  0.615574  0.728027  0.671775  0.599381  0.575604 
29  0.610308  0.722128  0.810521  0.425578  0.453871  0.692320  0.801148  0.720286  0.239195  0.630441  0.692586  0.844535  0.285030  0.386809  0.758369  0.817078  0.887090  0.844226  0.449818  0.640884  0.782289  0.384745  0.608689  0.665953  0.719758  0.589038  0.581143  0.519546  0.644296 0.0  0.808758  0.825861  0.313751  0.722850  0.373911  0.754222  0.342531  0.573421  0.434213  0.430522  0.801343  0.431198  0.424633  0.635136  0.548240  0.634048  0.626540  0.505573  0.561611  0.521790  0.496592  0.739207  0.231311  0.633481  0.542745  0.468339  0.596034  0.305679  0.790509  0.556597 
30  0.679377  0.506770  0.514735  0.618384  0.597210  0.635247  0.613747  0.456070  0.812885  0.581047  0.763451  0.518940  0.647062  0.619693  0.498805  0.793473  0.939135  0.507306  0.690827  0.547574  0.789043  0.699184  0.641006  0.564963  0.917168  0.732497  0.738865  0.719574  0.706555  0.808758 0.0  0.499755  0.760127  0.435115  0.771491  0.706370  0.787489  0.748114  0.847179  0.776149  0.537593  0.762635  0.829605  0.694594  0.712951  0.737947  0.717882  0.825518  0.748258  0.699735  0.766618  0.814568  0.723847  0.792385  0.616695  0.729412  0.774378  0.771954  0.522223  0.740848 
31  0.751104  0.350149  0.161356  0.724563  0.580021  0.403429  0.191534  0.359842  0.883141  0.593140  0.652147  0.179745  0.840503  0.749949  0.296787  0.685014  0.798918  0.195417  0.783631  0.527303  0.681238  0.783693  0.710243  0.220100  0.752098  0.744504  0.797006  0.892984  0.648259  0.825861  0.499755 0.0  0.776083  0.480301  0.938214  0.687109  0.865718  0.800897  0.813067  0.891562  0.142516  0.890694  0.760950  0.745327  0.818995  0.704731  0.828685  0.817787  0.792009  0.791588  0.720323  0.763455  0.800187  0.956109  0.742477  0.692843  0.822295  0.819841  0.253381  0.750005 
32  0.657861  0.739201  0.821743  0.488675  0.547300  0.883104  0.719583  0.720821  0.244881  0.433154  0.635563  0.767069  0.351540  0.429131  0.889379  0.748530  0.823342  0.776518  0.540701  0.526342  0.800134  0.206737  0.613696  0.701196  0.835580  0.509765  0.607034  0.565137  0.728125  0.313751  0.760127  0.776083 0.0  0.771831  0.343714  0.660013  0.222721  0.525250  0.268537  0.436627  0.806790  0.465020  0.550095  0.613676  0.448018  0.712777  0.658876  0.538191  0.579380  0.551637  0.485181  0.769735  0.295697  0.534120  0.569390  0.608866  0.444220  0.150129  0.845955  0.567090 
33  0.721961  0.566958  0.526506  0.745314  0.578356  0.409918  0.488638  0.556989  0.743422  0.575090  0.764126  0.542079  0.733694  0.712306  0.500803  0.836458  0.786137  0.496276  0.767754  0.567499  0.831234  0.756450  0.704574  0.523903  0.857226  0.792043  0.726830  0.616185  0.638498  0.722850  0.435115  0.480301  0.771831 0.0  0.665260  0.740252  0.749017  0.719729  0.735320  0.848370  0.537120  0.790476  0.768579  0.788972  0.733367  0.694525  0.659668  0.686932  0.614352  0.765489  0.732049  0.883395  0.738789  0.651909  0.819702  0.749673  0.794360  0.774669  0.478212  0.759077 
34  0.485283  0.764395  0.782955  0.540133  0.578904  0.787467  0.781791  0.835993  0.208814  0.554216  0.534351  0.837496  0.474356  0.397988  0.781771  0.694727  0.693858  0.792209  0.615649  0.605018  0.707695  0.242265  0.678491  0.713494  0.867229  0.649824  0.576453  0.507263  0.744465  0.373911  0.771491  0.938214  0.343714  0.665260 0.0  0.685181  0.268442  0.567861  0.374102  0.490505  0.875861  0.368024  0.527904  0.449807  0.495358  0.656721  0.602739  0.561865  0.520634  0.592700  0.506308  0.772154  0.117748  0.575598  0.556964  0.584232  0.508161  0.325307  0.735326  0.437770 
35  0.642774  0.695982  0.557827  0.642490  0.531040  0.710257  0.861833  0.629783  0.648532  0.524710  0.732247  0.657743  0.637856  0.659400  0.712663  0.519130  0.795982  0.605222  0.696897  0.589288  0.695595  0.560208  0.664149  0.641163  0.799737  0.665040  0.784004  0.817524  0.431402  0.754222  0.706370  0.687109  0.660013  0.740252  0.685181 0.0  0.729639  0.725449  0.726359  0.614146  0.585449  0.732014  0.638210  0.687910  0.693994  0.383752  0.700730  0.777135  0.585706  0.587794  0.757113  0.595149  0.686793  0.728026  0.609774  0.646481  0.662153  0.720657  0.702707  0.757137 
36  0.595735  0.824399  0.846935  0.522349  0.470149  0.783290  0.861003  0.788009  0.331841  0.545312  0.592181  0.813918  0.375396  0.476341  0.873324  0.803665  0.866229  0.788053  0.454735  0.557063  0.829613  0.266647  0.670528  0.741974  0.794413  0.705197  0.608824  0.565081  0.764686  0.342531  0.787489  0.865718  0.222721  0.749017  0.268442  0.729639 0.0  0.502587  0.376144  0.488773  0.818092  0.417955  0.527115  0.451279  0.514135  0.712729  0.558039  0.546861  0.408733  0.475267  0.376152  0.719166  0.277965  0.527038  0.526019  0.439553  0.539556  0.194755  0.716343  0.526803 
37  0.443646  0.806545  0.745430  0.376988  0.464596  0.730250  0.728372  0.687217  0.497076  0.619323  0.622222  0.769939  0.503878  0.417755  0.816705  0.834091  0.904599  0.892761  0.385451  0.544640  0.809038  0.520151  0.677829  0.740066  0.868705  0.472168  0.411636  0.366435  0.659464  0.573421  0.748114  0.800897  0.525250  0.719729  0.567861  0.725449  0.502587 0.0  0.562368  0.709928  0.843406  0.596649  0.599550  0.494658  0.274711  0.781612  0.232429  0.450789  0.572530  0.589280  0.458813  0.812249  0.612264  0.322820  0.540910  0.513414  0.378746  0.551603  0.730196  0.678424 
38  0.655420  0.842917  0.849470  0.487394  0.559506  0.831411  0.796732  0.766522  0.231098  0.527160  0.755337  0.694012  0.391970  0.502108  0.778154  0.652167  0.773551  0.672304  0.479736  0.530822  0.823989  0.309260  0.750826  0.769864  0.671503  0.582978  0.621625  0.490684  0.730518  0.434213  0.847179  0.813067  0.268537  0.735320  0.374102  0.726359  0.376144  0.562368 0.0  0.301350  0.851452  0.367313  0.510705  0.479691  0.625627  0.642759  0.518533  0.544049  0.543116  0.518154  0.554836  0.849391  0.437495  0.630385  0.531487  0.639445  0.617980  0.179515  0.859102  0.627920 
39  0.684379  0.735704  0.835713  0.645981  0.576051  0.824690  0.848337  0.842202  0.532520  0.485990  0.735142  0.765019  0.437160  0.500533  0.848735  0.772660  0.828003  0.851794  0.661168  0.520054  0.650017  0.387084  0.735665  0.776449  0.774029  0.617752  0.625922  0.566969  0.629021  0.430522  0.776149  0.891562  0.436627  0.848370  0.490505  0.614146  0.488773  0.709928  0.301350 0.0  0.818973  0.258691  0.528425  0.524521  0.575001  0.736677  0.608700  0.552434  0.652979  0.633269  0.481374  0.679071  0.436736  0.602354  0.525394  0.529435  0.582677  0.391574  0.782636  0.527299 
40  0.746776  0.293521  0.296650  0.822535  0.656395  0.338515  0.230108  0.328597  0.750962  0.570694  0.797275  0.226081  0.676575  0.861335  0.420242  0.673397  0.743927  0.247733  0.817164  0.616779  0.760049  0.758848  0.641721  0.387548  0.753913  0.856239  0.844871  0.834402  0.711743  0.801343  0.537593  0.142516  0.806790  0.537120  0.875861  0.585449  0.818092  0.843406  0.851452  0.818973 0.0  0.792216  0.740025  0.804113  0.876857  0.691397  0.863483  0.910731  0.692982  0.777420  0.774320  0.678368  0.828141  0.694160  0.743545  0.713826  0.686942  0.813091  0.215022  0.755753 
41  0.561268  0.783967  0.790333  0.582436  0.509149  0.903942  0.794622  0.874742  0.373147  0.491344  0.719957  0.675502  0.421505  0.608303  0.800966  0.767948  0.840574  0.839215  0.634817  0.570597  0.822798  0.514855  0.792382  0.848675  0.806053  0.544674  0.572082  0.660561  0.722036  0.431198  0.762635  0.890694  0.465020  0.790476  0.368024  0.732014  0.417955  0.596649  0.367313  0.258691  0.792216 0.0  0.520735  0.511913  0.615725  0.737251  0.645344  0.623325  0.527617  0.531644  0.547916  0.835883  0.389508  0.585409  0.480478  0.590092  0.493391  0.370376  0.801881  0.411629 
42  0.590860  0.649514  0.771601  0.577196  0.536757  0.722945  0.776609  0.801647  0.554977  0.546529  0.690378  0.816822  0.528011  0.386621  0.712518  0.723225  0.763157  0.768068  0.537474  0.603870  0.734187  0.517859  0.762221  0.686306  0.828563  0.500093  0.630152  0.604709  0.654027  0.424633  0.829605  0.760950  0.550095  0.768579  0.527904  0.638210  0.527115  0.599550  0.510705  0.528425  0.740025  0.520735 0.0  0.508154  0.635009  0.662143  0.470412  0.565582  0.390893  0.237485  0.527130  0.619985  0.566298  0.553026  0.335050  0.322281  0.560470  0.578922  0.666021  0.658878 
43  0.304556  0.692599  0.796088  0.384543  0.416984  0.877324  0.861649  0.790276  0.527724  0.647130  0.756056  0.641804  0.616028  0.491011  0.727986  0.771718  0.836313  0.716816  0.538800  0.670489  0.806785  0.628429  0.609909  0.829243  0.836009  0.186069  0.245620  0.446986  0.734666  0.635136  0.694594  0.745327  0.613676  0.788972  0.449807  0.687910  0.451279  0.494658  0.479691  0.524521  0.804113  0.511913  0.508154 0.0  0.374772  0.756448  0.364199  0.178423  0.543262  0.555695  0.491201  0.897092  0.523794  0.401844  0.521271  0.418726  0.395758  0.684436  0.736197  0.668928 
44  0.418706  0.749318  0.847901  0.486704  0.644276  0.745931  0.778144  0.709823  0.472666  0.436912  0.662875  0.800629  0.601450  0.494105  0.842746  0.787766  0.879019  0.801762  0.413002  0.538045  0.847141  0.562558  0.750085  0.718591  0.900967  0.464241  0.340809  0.419053  0.704851  0.548240  0.712951  0.818995  0.448018  0.733367  0.495358  0.693994  0.514135  0.274711  0.625627  0.575001  0.876857  0.615725  0.635009  0.374772 0.0  0.718889  0.266079  0.352093  0.544401  0.568962  0.512313  0.818243  0.616078  0.321309  0.558629  0.480745  0.354540  0.680385  0.779545  0.741246 
45  0.768225  0.720419  0.732290  0.690819  0.634152  0.691213  0.657899  0.641193  0.829393  0.489244  0.839275  0.720383  0.690414  0.805069  0.662741  0.650264  0.729706  0.773835  0.806033  0.629321  0.621150  0.708440  0.625088  0.732048  0.685396  0.692314  0.678322  0.741219  0.341615  0.634048  0.737947  0.704731  0.712777  0.694525  0.656721  0.383752  0.712729  0.781612  0.642759  0.736677  0.691397  0.737251  0.662143  0.756448  0.718889 0.0  0.688804  0.727051  0.673733  0.652418  0.704254  0.571097  0.744380  0.738194  0.614743  0.706432  0.753909  0.649275  0.782744  0.692120 
46  0.286673  0.784431  0.791664  0.289423  0.701119  0.688192  0.677582  0.716621  0.572974  0.748613  0.652134  0.832597  0.498747  0.522074  0.793308  0.770462  0.882435  0.839012  0.372711  0.635865  0.792932  0.608516  0.689753  0.772732  0.846888  0.350965  0.443095  0.415592  0.673514  0.626540  0.717882  0.828685  0.658876  0.659668  0.602739  0.700730  0.558039  0.232429  0.518533  0.608700  0.863483  0.645344  0.470412  0.364199  0.266079  0.688804 0.0  0.467037  0.522285  0.523766  0.356638  0.838519  0.570099  0.363142  0.642203  0.551666  0.364692  0.499514  0.744490  0.714139 
47  0.301401  0.693565  0.830730  0.334052  0.560478  0.760772  0.729856  0.861582  0.483949  0.605167  0.711673  0.778726  0.509261  0.445713  0.822658  0.741775  0.755262  0.835441  0.459332  0.615275  0.801873  0.626989  0.612526  0.747139  0.777793  0.222002  0.279420  0.411344  0.596379  0.505573  0.825518  0.817787  0.538191  0.686932  0.561865  0.777135  0.546861  0.450789  0.544049  0.552434  0.910731  0.623325  0.565582  0.178423  0.352093  0.727051  0.467037 0.0  0.525139  0.562210  0.419699  0.788317  0.497808  0.440658  0.537974  0.418535  0.511631  0.530849  0.825122  0.705093 
48  0.600769  0.683728  0.744992  0.669594  0.553909  0.798632  0.757659  0.672582  0.464505  0.565872  0.685282  0.646110  0.463550  0.575978  0.686575  0.619611  0.750090  0.744584  0.541995  0.508089  0.575921  0.526995  0.700113  0.759910  0.782546  0.501032  0.554094  0.545652  0.675924  0.561611  0.748258  0.792009  0.579380  0.614352  0.520634  0.585706  0.408733  0.572530  0.543116  0.652979  0.692982  0.527617  0.390893  0.543262  0.544401  0.673733  0.522285  0.525139 0.0  0.296065  0.507885  0.476534  0.446224  0.502637  0.446180  0.323625  0.523090  0.558774  0.753980  0.564653 
49  0.528689  0.843982  0.792661  0.510311  0.602742  0.750329  0.772540  0.825095  0.590325  0.559259  0.744174  0.761852  0.593751  0.575728  0.701498  0.536351  0.698056  0.805629  0.532389  0.584751  0.594474  0.518217  0.721219  0.744921  0.801380  0.554026  0.489661  0.618681  0.613982  0.521790  0.699735  0.791588  0.551637  0.765489  0.592700  0.587794  0.475267  0.589280  0.518154  0.633269  0.777420  0.531644  0.237485  0.555695  0.568962  0.652418  0.523766  0.562210  0.296065 0.0  0.418689  0.512570  0.472942  0.627068  0.367178  0.267204  0.721257  0.604906  0.674835  0.755041 
50  0.568428  0.680574  0.790934  0.380261  0.587547  0.700203  0.728265  0.725412  0.386565  0.586067  0.680932  0.768714  0.507955  0.290633  0.670408  0.754589  0.821871  0.689565  0.440829  0.594453  0.762128  0.445131  0.624079  0.810073  0.789007  0.466498  0.412035  0.448032  0.777718  0.496592  0.766618  0.720323  0.485181  0.732049  0.506308  0.757113  0.376152  0.458813  0.554836  0.481374  0.774320  0.547916  0.527130  0.491201  0.512313  0.704254  0.356638  0.419699  0.507885  0.418689 0.0  0.794953  0.430798  0.468712  0.427688  0.501293  0.482911  0.496084  0.718901  0.752716 
51  0.835684  0.731063  0.633462  0.742589  0.549166  0.785067  0.776695  0.792394  0.790552  0.486776  0.752620  0.711157  0.669028  0.728890  0.793430  0.183826  0.756975  0.688485  0.777366  0.527548  0.174186  0.799154  0.767073  0.837235  0.678632  0.761198  0.805859  0.735893  0.585725  0.739207  0.814568  0.763455  0.769735  0.883395  0.772154  0.595149  0.719166  0.812249  0.849391  0.679071  0.678368  0.835883  0.619985  0.897092  0.818243  0.571097  0.838519  0.788317  0.476534  0.512570  0.794953 0.0  0.731936  0.798229  0.507986  0.597023  0.791022  0.797265  0.797921  0.319234 
52  0.708648  0.652591  0.787463  0.545878  0.526766  0.887431  0.762063  0.684881  0.259176  0.585794  0.701622  0.730706  0.314685  0.467464  0.841843  0.743772  0.749033  0.806672  0.513741  0.541571  0.823656  0.397927  0.692117  0.739602  0.746508  0.523968  0.576817  0.476609  0.697563  0.231311  0.723847  0.800187  0.295697  0.738789  0.117748  0.686793  0.277965  0.612264  0.437495  0.436736  0.828141  0.389508  0.566298  0.523794  0.616078  0.744380  0.570099  0.497808  0.446224  0.472942  0.430798  0.731936 0.0  0.488908  0.596061  0.539222  0.602526  0.394449  0.712693  0.498393 
53  0.299143  0.745741  0.706032  0.263149  0.587050  0.814713  0.873336  0.696550  0.635803  0.665730  0.757903  0.768176  0.571664  0.472584  0.783978  0.843667  0.867958  0.827010  0.282466  0.573629  0.904160  0.515619  0.642085  0.830457  0.779276  0.386310  0.468704  0.164417  0.745466  0.633481  0.792385  0.956109  0.534120  0.651909  0.575598  0.728026  0.527038  0.322820  0.630385  0.602354  0.694160  0.585409  0.553026  0.401844  0.321309  0.738194  0.363142  0.440658  0.502637  0.627068  0.468712  0.798229  0.488908 0.0  0.704644  0.512951  0.202703  0.589083  0.730598  0.802329 
54  0.546958  0.713211  0.684232  0.587740  0.613897  0.857457  0.796909  0.766572  0.638325  0.510064  0.794325  0.858362  0.575495  0.567057  0.899338  0.666898  0.788379  0.724869  0.587786  0.504588  0.582571  0.576172  0.693127  0.806540  0.806355  0.589883  0.626786  0.670701  0.610734  0.542745  0.616695  0.742477  0.569390  0.819702  0.556964  0.609774  0.526019  0.540910  0.531487  0.525394  0.743545  0.480478  0.335050  0.521271  0.558629  0.614743  0.642203  0.537974  0.446180  0.367178  0.427688  0.507986  0.596061  0.704644 0.0  0.373472  0.615172  0.564721  0.795293  0.664932 
55  0.431928  0.763803  0.810591  0.536066  0.495333  0.734842  0.749595  0.736724  0.493836  0.603411  0.661663  0.764889  0.516540  0.583640  0.728741  0.580958  0.771957  0.866769  0.573899  0.681895  0.586166  0.530388  0.626205  0.755945  0.832590  0.418542  0.586374  0.364030  0.615574  0.468339  0.729412  0.692843  0.608866  0.749673  0.584232  0.646481  0.439553  0.513414  0.639445  0.529435  0.713826  0.590092  0.322281  0.418726  0.480745  0.706432  0.551666  0.418535  0.323625  0.267204  0.501293  0.597023  0.539222  0.512951  0.373472 0.0  0.438543  0.589844  0.610635  0.731529 
56  0.378945  0.800020  0.869511  0.113456  0.561164  0.762494  0.725524  0.795587  0.565170  0.630201  0.629562  0.698648  0.639787  0.495103  0.822838  0.742899  0.902123  0.853444  0.157141  0.653804  0.795670  0.566762  0.620520  0.685070  0.803160  0.359563  0.476836  0.220201  0.728027  0.596034  0.774378  0.822295  0.444220  0.794360  0.508161  0.662153  0.539556  0.378746  0.617980  0.582677  0.686942  0.493391  0.560470  0.395758  0.354540  0.753909  0.364692  0.511631  0.523090  0.721257  0.482911  0.791022  0.602526  0.202703  0.615172  0.438543 0.0  0.581217  0.739219  0.684000 
57  0.658900  0.676538  0.862049  0.583943  0.542480  0.778230  0.872725  0.743241  0.323548  0.509122  0.636498  0.914760  0.448853  0.444637  0.675897  0.734323  0.903611  0.810089  0.598579  0.607036  0.683190  0.274141  0.722704  0.785196  0.791895  0.547581  0.625698  0.645044  0.671775  0.305679  0.771954  0.819841  0.150129  0.774669  0.325307  0.720657  0.194755  0.551603  0.179515  0.391574  0.813091  0.370376  0.578922  0.684436  0.680385  0.649275  0.499514  0.530849  0.558774  0.604906  0.496084  0.797265  0.394449  0.589083  0.564721  0.589844  0.581217 0.0  0.783729  0.530823 
58  0.722188  0.255553  0.194133  0.730639  0.451436  0.280247  0.261530  0.194293  0.808422  0.545982  0.641508  0.286403  0.807109  0.699999  0.254605  0.728380  0.787029  0.164531  0.767421  0.641683  0.820304  0.632183  0.646616  0.308068  0.799404  0.735492  0.797031  0.743513  0.599381  0.790509  0.522223  0.253381  0.845955  0.478212  0.735326  0.702707  0.716343  0.730196  0.859102  0.782636  0.215022  0.801881  0.666021  0.736197  0.779545  0.782744  0.744490  0.825122  0.753980  0.674835  0.718901  0.797921  0.712693  0.730598  0.795293  0.610635  0.739219  0.783729 0.0  0.677783 
59  0.705392  0.740991  0.676622  0.731397  0.640323  0.847648  0.756117  0.761800  0.579538  0.573522  0.687989  0.627478  0.553934  0.782399  0.679749  0.378009  0.804525  0.582744  0.710804  0.577461  0.287051  0.520547  0.675096  0.664851  0.748714  0.760651  0.785711  0.803317  0.575604  0.556597  0.740848  0.750005  0.567090  0.759077  0.437770  0.757137  0.526803  0.678424  0.627920  0.527299  0.755753  0.411629  0.658878  0.668928  0.741246  0.692120  0.714139  0.705093  0.564653  0.755041  0.752716  0.319234  0.498393  0.802329  0.664932  0.731529  0.684000  0.530823  0.677783 0.0 
