60
0 0.0  0.798114  0.687846  0.330130  0.506427  0.729820  0.805194  0.823364  0.426939  0.608281  0.606847  0.748398  0.459861  0.467608  0.751068  0.778904  0.718820  0.782423  0.393510  0.657333  0.863012  0.486227  0.656020  0.782180  0.767668  0.168908  0.162623  0.432160  0.783925  0.599427  0.695983  0.746628  0.564387  0.726170  0.539885  0.790928  0.499272  0.409986  0.508086  0.607548  0.902504  0.573350  0.564292  0.227935  0.381545  0.844240  0.398159  0.244237  0.435655  0.560668  0.470471  0.798270  0.504211  0.433623  0.546934  0.473946  0.404442  0.528557  0.741425  0.639028 
1  0.798114 0.0  0.362900  0.862339  0.627876  0.310833  0.295431  0.276519  0.689124  0.697148  0.703359  0.315650  0.702115  0.722980  0.285357  0.753675  0.756094  0.303348  0.860510  0.579677  0.797833  0.864355  0.720821  0.194641  0.841234  0.696749  0.807112  0.742851  0.697957  0.787068  0.612509  0.304202  0.837691  0.514445  0.811316  0.747183  0.704071  0.795431  0.607890  0.734814  0.286074  0.859661  0.746357  0.807237  0.763304  0.665654  0.624528  0.617007  0.782585  0.820521  0.773319  0.783075  0.615333  0.721918  0.842835  0.896431  0.734451  0.825918  0.306988  0.801344 
2  0.687846  0.362900 0.0  0.827049  0.574122  0.318211  0.239083  0.264749  0.811719  0.648269  0.690401  0.163086  0.863120  0.827595  0.271266  0.631046  0.782345  0.134155  0.840117  0.759057  0.747178  0.770128  0.879733  0.325077  0.764316  0.854405  0.753903  0.842843  0.667867  0.766459  0.605897  0.177178  0.901926  0.562342  0.807991  0.719566  0.881940  0.710996  0.804656  0.877114  0.176686  0.918736  0.729083  0.825668  0.730125  0.617521  0.880469  0.816203  0.694576  0.756771  0.859885  0.632142  0.798841  0.857831  0.811422  0.746405  0.751973  0.897561  0.214820  0.678818 
3  0.330130  0.862339  0.827049 0.0  0.469032  0.854385  0.816043  0.701163  0.464307  0.562311  0.671696  0.798573  0.580300  0.409455  0.668619  0.778052  0.799443  0.760809  0.201445  0.563750  0.763526  0.460711  0.633374  0.733911  0.750000  0.288652  0.317527  0.245570  0.681320  0.501106  0.702549  0.767492  0.509642  0.698881  0.452470  0.727074  0.483305  0.376177  0.494570  0.635456  0.710209  0.558481  0.473754  0.334743  0.331210  0.716220  0.338493  0.342119  0.479601  0.428647  0.438525  0.731455  0.539217  0.234700  0.516881  0.502750  0.242126  0.548511  0.729101  0.749658 
4  0.506427  0.627876  0.574122  0.469032 0.0  0.612607  0.686641  0.662629  0.548963  0.647065  0.567592  0.660256  0.633925  0.570353  0.579265  0.557326  0.760240  0.562081  0.494362  0.534575  0.655000  0.532900  0.584863  0.528645  0.707501  0.693711  0.597115  0.689458  0.570865  0.575619  0.518100  0.534208  0.506062  0.544562  0.565943  0.480060  0.522479  0.558408  0.659749  0.654221  0.685000  0.584964  0.663343  0.575291  0.627109  0.597149  0.610707  0.574575  0.500076  0.548695  0.536871  0.495907  0.561613  0.563428  0.549722  0.529217  0.478084  0.573222  0.660826  0.593511 
5  0.729820  0.310833  0.318211  0.854385  0.612607 0.0  0.284968  0.268282  0.747172  0.614529  0.744018  0.325611  0.679867  0.771289  0.237690  0.694299  0.816283  0.331895  0.714883  0.571724  0.834138  0.724248  0.705770  0.260778  0.727352  0.790369  0.809183  0.932785  0.604945  0.874895  0.467102  0.340331  0.822581  0.456329  0.832086  0.667282  0.809283  0.844086  0.745192  0.781368  0.308186  0.678730  0.816497  0.832601  0.699595  0.640421  0.863514  0.786147  0.730919  0.768942  0.671151  0.758715  0.820242  0.571095  0.973101  0.754258  0.823364  0.745397  0.242102  0.711214 
6  0.805194  0.295431  0.239083  0.816043  0.686641  0.284968 0.0  0.256261  0.849725  0.596848  0.694964  0.211644  0.791026  0.839212  0.240782  0.711332  0.893589  0.225926  0.813794  0.586839  0.631943  0.866318  0.799156  0.293339  0.745274  0.805111  0.592307  0.821564  0.659196  0.728596  0.401896  0.190335  0.793561  0.533550  0.765081  0.805025  0.719062  0.819038  0.742742  0.855176  0.217342  1.000000  0.592923  0.733678  0.847253  0.675622  0.708651  0.796370  0.667868  0.828139  0.820875  0.862618  0.761292  0.815660  0.865030  0.782045  0.807572  0.837153  0.186303  0.735625 
7  0.823364  0.276519  0.264749  0.701163  0.662629  0.268282  0.256261 0.0  0.894705  0.671899  0.559405  0.264766  0.807851  0.826789  0.184844  0.665574  0.965902  0.288465  0.806186  0.588763  0.905007  0.733758  0.711729  0.256741  0.746561  0.802008  0.719907  0.857779  0.773972  0.710100  0.530839  0.294186  0.738975  0.562233  0.784444  0.637846  0.656550  0.826244  0.908374  0.854866  0.308785  0.946382  0.697936  0.698529  0.827966  0.682349  0.750144  0.685989  0.654522  0.773445  0.798558  0.725872  0.835141  0.674133  0.848862  0.722876  0.809221  0.848846  0.208345  0.781631 
8  0.426939  0.689124  0.811719  0.464307  0.548963  0.747172  0.849725  0.894705 0.0  0.646986  0.722258  0.694076  0.309687  0.429035  0.698947  0.758707  0.851835  0.751410  0.551585  0.593826  0.803334  0.254540  0.698193  0.707271  0.868245  0.566522  0.467463  0.477156  0.665640  0.267812  0.666491  0.802958  0.241773  0.843959  0.160240  0.671987  0.234820  0.514030  0.357569  0.464730  0.892867  0.510676  0.508204  0.537302  0.546652  0.798384  0.596715  0.578235  0.557959  0.609652  0.395718  0.845681  0.169693  0.453662  0.632062  0.447181  0.481711  0.288121  0.815818  0.627798 
9  0.608281  0.697148  0.648269  0.562311  0.647065  0.614529  0.596848  0.671899  0.646986 0.0  0.576690  0.589989  0.616750  0.465745  0.583333  0.586233  0.596193  0.609617  0.572821  0.537681  0.616733  0.562674  0.568716  0.635204  0.590727  0.575729  0.752967  0.750497  0.577564  0.601971  0.529590  0.538621  0.622418  0.632744  0.693529  0.516165  0.591031  0.693171  0.586003  0.462653  0.609147  0.606670  0.491296  0.476363  0.593045  0.477943  0.641696  0.592722  0.665390  0.683099  0.612907  0.635388  0.446124  0.635165  0.599709  0.559710  0.677022  0.565390  0.539622  0.528833 
10  0.606847  0.703359  0.690401  0.671696  0.567592  0.744018  0.694964  0.559405  0.722258  0.576690 0.0  0.616571  0.660525  0.613685  0.682272  0.811004  0.798040  0.709146  0.760575  0.544055  0.804403  0.638044  0.378448  0.668766  0.794624  0.725298  0.644287  0.726063  0.771500  0.591049  0.839486  0.587619  0.672193  0.709226  0.671146  0.683459  0.754734  0.736950  0.788203  0.736999  0.780987  0.721374  0.657356  0.703945  0.723873  0.775841  0.599520  0.563639  0.652097  0.633740  0.756927  0.670535  0.723582  0.607903  0.765902  0.695793  0.804772  0.728246  0.665002  0.716667 
11  0.748398  0.315650  0.163086  0.798573  0.660256  0.325611  0.211644  0.264766  0.694076  0.589989  0.616571 0.0  0.731529  0.795854  0.255122  0.794410  0.695553  0.160117  0.719255  0.559722  0.679756  0.775154  0.800583  0.269843  0.728116  0.674340  0.750943  0.830795  0.739713  0.718609  0.505433  0.191932  0.721365  0.452565  0.869306  0.665418  0.680464  0.815351  0.677881  0.743501  0.188438  0.938171  0.908356  0.910284  0.838360  0.597279  0.796589  0.858270  0.961096  0.768267  0.742342  0.647616  0.791562  0.902270  0.694662  0.636086  0.798394  0.661935  0.233949  0.784992 
12  0.459861  0.702115  0.863120  0.580300  0.633925  0.679867  0.791026  0.807851  0.309687  0.616750  0.660525  0.731529 0.0  0.513705  0.808251  0.810330  0.874936  0.709211  0.528078  0.583507  0.821021  0.314615  0.645646  0.650376  0.731128  0.559995  0.555380  0.582289  0.635357  0.362767  0.886135  0.714991  0.324976  0.752787  0.390990  0.739588  0.354168  0.532143  0.313885  0.420468  0.808747  0.331367  0.461343  0.571137  0.580516  0.744460  0.486922  0.538297  0.479431  0.541374  0.534605  0.761320  0.406055  0.554168  0.560218  0.493224  0.548608  0.416449  0.702849  0.596634 
13  0.467608  0.722980  0.827595  0.409455  0.570353  0.771289  0.839212  0.826789  0.429035  0.465745  0.613685  0.795854  0.513705 0.0  0.785082  0.778275  0.952676  0.626327  0.489343  0.713474  0.747486  0.395931  0.626247  0.663751  0.758738  0.472477  0.468111  0.519959  0.792403  0.438682  0.711433  0.659522  0.459687  0.786063  0.436531  0.734424  0.473724  0.474609  0.439352  0.583689  0.766028  0.486192  0.453735  0.493507  0.502289  0.706425  0.435425  0.483606  0.470215  0.496407  0.227114  0.787991  0.480912  0.446886  0.506210  0.505495  0.420814  0.414476  0.731154  0.737236 
14  0.751068  0.285357  0.271266  0.668619  0.579265  0.237690  0.240782  0.184844  0.698947  0.583333  0.682272  0.255122  0.808251  0.785082 0.0  0.787926  0.879069  0.301180  0.693576  0.549734  0.836765  0.835366  0.689541  0.296692  0.767197  0.619579  0.815799  0.755288  0.887323  0.862716  0.492788  0.295704  0.774300  0.506332  0.770044  0.759223  0.790319  0.885544  0.798699  0.742479  0.287163  0.616255  0.951839  0.669890  0.871168  0.627741  0.920921  0.792612  0.784402  0.727957  0.714488  0.820556  0.724366  0.747405  0.774617  0.777940  0.729251  0.834331  0.248116  0.653246 
15  0.778904  0.753675  0.631046  0.778052  0.557326  0.694299  0.711332  0.665574  0.758707  0.586233  0.811004  0.794410  0.810330  0.778275  0.787926 0.0  0.748926  0.806303  0.763253  0.548207  0.188454  0.862240  0.775822  0.657462  0.808604  0.719692  0.786386  0.770159  0.701305  0.875095  0.733874  0.715891  0.693720  0.753702  0.648919  0.669633  0.723218  0.660498  0.914799  0.758124  0.734481  0.851108  0.598065  0.708732  0.714251  0.679503  0.839058  0.837227  0.660980  0.559029  0.961403  0.284078  0.792358  0.909403  0.484945  0.576222  0.778628  0.856836  0.812811  0.401462 
16  0.718820  0.756094  0.782345  0.799443  0.760240  0.816283  0.893589  0.965902  0.851835  0.596193  0.798040  0.695553  0.874936  0.952676  0.879069  0.748926 0.0  0.767122  0.860151  0.793685  0.750040  0.654850  0.685820  0.686475  0.141294  0.855276  0.842976  0.854792  0.786166  0.802304  0.877341  0.764228  0.844416  0.806518  0.834164  0.830353  0.675066  0.980831  0.768694  0.682780  0.785141  0.802099  0.819512  0.978732  0.904934  0.715189  0.781716  0.750666  0.683581  0.808772  0.839994  0.591890  0.826161  0.836624  0.737856  0.812145  0.926922  0.951803  0.788354  0.931895 
17  0.782423  0.303348  0.134155  0.760809  0.562081  0.331895  0.225926  0.288465  0.751410  0.609617  0.709146  0.160117  0.709211  0.626327  0.301180  0.806303  0.767122 0.0  0.903918  0.588746  0.735665  0.757022  0.635070  0.312032  0.696037  0.786973  0.827053  0.974808  0.752047  0.826768  0.517792  0.180256  0.858146  0.517371  0.724999  0.660284  0.709491  0.939363  0.814813  0.901027  0.175600  0.795473  0.761213  0.741870  0.886897  0.724483  0.816075  0.978071  0.769577  0.827273  0.883047  0.637271  0.836914  0.830548  0.852264  0.677161  0.772308  0.897768  0.222814  0.576880 
18  0.393510  0.860510  0.840117  0.201445  0.494362  0.714883  0.813794  0.806186  0.551585  0.572821  0.760575  0.719255  0.528078  0.489343  0.693576  0.763253  0.860151  0.903918 0.0  0.632041  0.795138  0.619147  0.577215  0.740358  0.854376  0.343181  0.333725  0.227024  0.742624  0.538568  0.736624  0.749078  0.558191  0.739112  0.547767  0.622485  0.639169  0.403194  0.514190  0.671106  0.813015  0.539568  0.540888  0.415274  0.396311  0.825936  0.376163  0.484631  0.520569  0.553847  0.512618  0.759678  0.574080  0.202246  0.548732  0.532808  0.154426  0.602913  0.800367  0.868557 
19  0.657333  0.579677  0.759057  0.563750  0.534575  0.571724  0.586839  0.588763  0.593826  0.537681  0.544055  0.559722  0.583507  0.713474  0.549734  0.548207  0.793685  0.588746  0.632041 0.0  0.501007  0.610227  0.546300  0.688158  0.694049  0.580297  0.599801  0.697214  0.617212  0.605749  0.623246  0.655802  0.519907  0.599650  0.580107  0.628925  0.563841  0.565771  0.527682  0.554025  0.656417  0.527972  0.571698  0.641613  0.642820  0.516996  0.577108  0.637430  0.596604  0.621367  0.703613  0.630254  0.598407  0.580047  0.461735  0.643850  0.709747  0.598085  0.613356  0.449885 
20  0.863012  0.797833  0.747178  0.763526  0.655000  0.834138  0.631943  0.905007  0.803334  0.616733  0.804403  0.679756  0.821021  0.747486  0.836765  0.188454  0.750040  0.735665  0.795138  0.501007 0.0  0.700347  0.732360  0.689912  0.850601  0.778457  0.971258  0.863600  0.545735  0.763261  0.823606  0.762281  0.824366  0.790430  0.870327  0.650786  0.860857  0.838264  0.886575  0.787086  0.745234  0.648791  0.665955  0.749253  0.914741  0.694513  0.803178  0.834537  0.536381  0.592988  0.842745  0.223253  0.781837  0.960096  0.566250  0.599281  0.789519  0.774757  0.763410  0.390925 
21  0.486227  0.864355  0.770128  0.460711  0.532900  0.724248  0.866318  0.733758  0.254540  0.562674  0.638044  0.775154  0.314615  0.395931  0.835366  0.862240  0.654850  0.757022  0.619147  0.610227  0.700347 0.0  0.626686  0.756327  0.861811  0.679694  0.539692  0.632926  0.631461  0.271115  0.756489  0.880927  0.228483  0.728893  0.253239  0.682143  0.212625  0.528392  0.309471  0.445470  0.850487  0.454624  0.438000  0.569158  0.437387  0.736518  0.580949  0.623355  0.504377  0.515292  0.469569  0.838635  0.263909  0.553351  0.507145  0.505149  0.541456  0.256506  0.846149  0.425956 
22  0.656020  0.720821  0.879733  0.633374  0.584863  0.705770  0.799156  0.711729  0.698193  0.568716  0.378448  0.800583  0.645646  0.626247  0.689541  0.775822  0.685820  0.635070  0.577215  0.546300  0.732360  0.626686 0.0  0.695090  0.647765  0.710255  0.752578  0.740852  0.715048  0.675489  0.678891  0.777593  0.768944  0.637206  0.596436  0.738005  0.661085  0.746974  0.569810  0.775715  0.726301  0.733886  0.627400  0.652578  0.696532  0.677086  0.719866  0.616125  0.638502  0.798482  0.750764  0.717869  0.666587  0.679988  0.807604  0.733057  0.673822  0.759958  0.626767  0.766404 
23  0.782180  0.194641  0.325077  0.733911  0.528645  0.260778  0.293339  0.256741  0.707271  0.635204  0.668766  0.269843  0.650376  0.663751  0.296692  0.657462  0.686475  0.312032  0.740358  0.688158  0.689912  0.756327  0.695090 0.0  0.907932  0.859242  0.834072  0.790730  0.786140  0.766258  0.479721  0.363928  0.833198  0.507261  0.669976  0.538573  0.752890  0.766403  0.658189  0.785071  0.342910  0.796514  0.709478  0.767718  0.749502  0.627504  0.938392  0.669160  0.698003  0.763127  0.792881  0.682430  0.723431  0.745279  0.751937  0.742634  0.700651  0.893924  0.264055  0.695502 
24  0.767668  0.841234  0.764316  0.750000  0.707501  0.727352  0.745274  0.746561  0.868245  0.590727  0.794624  0.728116  0.731128  0.758738  0.767197  0.808604  0.141294  0.696037  0.854376  0.694049  0.850601  0.861811  0.647765  0.907932 0.0  0.770997  0.822672  0.795056  0.828876  0.794737  0.719057  0.837823  0.744166  0.811812  0.764840  0.601442  0.866717  0.777052  0.680433  0.848065  0.683060  0.870538  0.705514  0.744132  0.762022  0.726402  0.820515  0.852537  0.784221  0.846773  0.752073  0.701780  0.839267  0.847832  0.763999  0.841406  0.805350  0.705159  0.720778  0.821290 
25  0.168908  0.696749  0.854405  0.288652  0.693711  0.790369  0.805111  0.802008  0.566522  0.575729  0.725298  0.674340  0.559995  0.472477  0.619579  0.719692  0.855276  0.786973  0.343181  0.580297  0.778457  0.679694  0.710255  0.859242  0.770997 0.0  0.145228  0.354720  0.666638  0.496622  0.753950  0.781845  0.613719  0.738370  0.471452  0.693724  0.514910  0.441702  0.460312  0.626229  0.846134  0.666861  0.483458  0.202018  0.441887  0.737726  0.302312  0.223210  0.624146  0.408624  0.463694  0.847061  0.485901  0.426377  0.576147  0.520159  0.397072  0.639148  0.850478  0.808373 
26  0.162623  0.807112  0.753903  0.317527  0.597115  0.809183  0.592307  0.719907  0.467463  0.752967  0.644287  0.750943  0.555380  0.468111  0.815799  0.786386  0.842976  0.827053  0.333725  0.599801  0.971258  0.539692  0.752578  0.834072  0.822672  0.145228 0.0  0.402810  0.820995  0.561358  0.749776  0.737371  0.517323  0.561389  0.523371  0.773793  0.484071  0.379172  0.495118  0.574234  0.926007  0.614178  0.504945  0.233455  0.375445  0.730025  0.398824  0.223263  0.553384  0.533500  0.390104  0.852125  0.492025  0.375691  0.565697  0.476872  0.440286  0.531718  0.641960  0.680224 
27  0.432160  0.742851  0.842843  0.245570  0.689458  0.932785  0.821564  0.857779  0.477156  0.750497  0.726063  0.830795  0.582289  0.519959  0.755288  0.770159  0.854792  0.974808  0.227024  0.697214  0.863600  0.632926  0.740852  0.790730  0.795056  0.354720  0.402810 0.0  0.816864  0.534428  0.754570  0.724574  0.487205  0.708597  0.578418  0.729013  0.529684  0.364487  0.508804  0.718381  0.844347  0.626785  0.526553  0.445709  0.398343  0.820304  0.341091  0.413904  0.551614  0.650481  0.401908  0.728490  0.602563  0.213387  0.679581  0.586696  0.272429  0.589561  0.726901  0.875720 
28  0.783925  0.697957  0.667867  0.681320  0.570865  0.604945  0.659196  0.773972  0.665640  0.577564  0.771500  0.739713  0.635357  0.792403  0.887323  0.701305  0.786166  0.752047  0.742624  0.617212  0.545735  0.631461  0.715048  0.786140  0.828876  0.666638  0.820995  0.816864 0.0  0.727097  0.726125  0.575859  0.597525  0.710528  0.783965  0.360540  0.810094  0.662576  0.736717  0.666160  0.677804  0.615897  0.637530  0.809590  0.650367  0.321306  0.815999  0.802320  0.730305  0.752591  0.685357  0.586134  0.639386  0.823434  0.637910  0.623402  0.808197  0.654192  0.703821  0.585421 
29  0.599427  0.787068  0.766459  0.501106  0.575619  0.874895  0.728596  0.710100  0.267812  0.601971  0.591049  0.718609  0.362767  0.438682  0.862716  0.875095  0.802304  0.826768  0.538568  0.605749  0.763261  0.271115  0.675489  0.766258  0.794737  0.496622  0.561358  0.534428  0.727097 0.0  0.908013  0.859501  0.299654  0.781352  0.275037  0.624569  0.241727  0.581219  0.319456  0.433814  0.821811  0.400855  0.452374  0.578468  0.545033  0.709177  0.415850  0.557830  0.611794  0.551452  0.447122  0.771444  0.253353  0.557366  0.593659  0.513881  0.531561  0.285851  0.702351  0.545345 
30  0.695983  0.612509  0.605897  0.702549  0.518100  0.467102  0.401896  0.530839  0.666491  0.529590  0.839486  0.505433  0.886135  0.711433  0.492788  0.733874  0.877341  0.517792  0.736624  0.623246  0.823606  0.756489  0.678891  0.479721  0.719057  0.753950  0.749776  0.754570  0.726125  0.908013 0.0  0.389534  0.816024  0.365302  0.700495  0.702189  0.864736  0.738966  0.713967  0.709033  0.513975  0.801747  0.801370  0.610090  0.782330  0.772973  0.610249  0.933922  0.788260  0.806087  0.685327  0.832113  0.791595  0.765539  0.786789  0.707872  0.779801  0.892749  0.463374  0.836454 
31  0.746628  0.304202  0.177178  0.767492  0.534208  0.340331  0.190335  0.294186  0.802958  0.538621  0.587619  0.191932  0.714991  0.659522  0.295704  0.715891  0.764228  0.180256  0.749078  0.655802  0.762281  0.880927  0.777593  0.363928  0.837823  0.781845  0.737371  0.724574  0.575859  0.859501  0.389534 0.0  0.849078  0.475903  0.918429  0.786285  0.717612  0.815336  0.687416  0.737991  0.128864  0.838520  0.757106  0.725053  0.787108  0.676458  0.893911  0.804928  0.691073  0.764739  0.848974  0.822155  0.772000  0.888803  0.758823  0.706020  0.813507  0.763351  0.252613  0.568463 
32  0.564387  0.837691  0.901926  0.509642  0.506062  0.822581  0.793561  0.738975  0.241773  0.622418  0.672193  0.721365  0.324976  0.459687  0.774300  0.693720  0.844416  0.858146  0.558191  0.519907  0.824366  0.228483  0.768944  0.833198  0.744166  0.613719  0.517323  0.487205  0.597525  0.299654  0.816024  0.849078 0.0  0.722832  0.270613  0.638609  0.185535  0.542860  0.368704  0.431180  0.847273  0.403808  0.590515  0.602495  0.573441  0.713289  0.550119  0.538057  0.511056  0.597140  0.464361  0.701524  0.276676  0.568417  0.503691  0.516021  0.420578  0.194100  0.772858  0.611046 
33  0.726170  0.514445  0.562342  0.698881  0.544562  0.456329  0.533550  0.562233  0.843959  0.632744  0.709226  0.452565  0.752787  0.786063  0.506332  0.753702  0.806518  0.517371  0.739112  0.599650  0.790430  0.728893  0.637206  0.507261  0.811812  0.738370  0.561389  0.708597  0.710528  0.781352  0.365302  0.475903  0.722832 0.0  0.626256  0.748956  0.782684  0.746344  0.859250  0.785057  0.559235  0.585527  0.686122  0.657313  0.754290  0.744810  0.854910  0.727977  0.798081  0.762689  0.720375  0.830312  0.786480  0.727746  0.720816  0.768883  0.691822  0.592345  0.520550  0.752673 
34  0.539885  0.811316  0.807991  0.452470  0.565943  0.832086  0.765081  0.784444  0.160240  0.693529  0.671146  0.869306  0.390990  0.436531  0.770044  0.648919  0.834164  0.724999  0.547767  0.580107  0.870327  0.253239  0.596436  0.669976  0.764840  0.471452  0.523371  0.578418  0.783965  0.275037  0.700495  0.918429  0.270613  0.626256 0.0  0.632179  0.219737  0.572238  0.345984  0.418906  0.926942  0.421300  0.477317  0.504382  0.443536  0.727820  0.566336  0.532254  0.499697  0.572128  0.513115  0.537288  0.137642  0.580714  0.508699  0.478353  0.571956  0.297667  0.715230  0.395182 
35  0.790928  0.747183  0.719566  0.727074  0.480060  0.667282  0.805025  0.637846  0.671987  0.516165  0.683459  0.665418  0.739588  0.734424  0.759223  0.669633  0.830353  0.660284  0.622485  0.628925  0.650786  0.682143  0.738005  0.538573  0.601442  0.693724  0.773793  0.729013  0.360540  0.624569  0.702189  0.786285  0.638609  0.748956  0.632179 0.0  0.705911  0.732694  0.765549  0.631258  0.776926  0.795372  0.703637  0.647786  0.765914  0.342316  0.645462  0.698847  0.649505  0.663649  0.832999  0.645998  0.735720  0.753958  0.556995  0.646763  0.631397  0.687451  0.720169  0.607689 
36  0.499272  0.704071  0.881940  0.483305  0.522479  0.809283  0.719062  0.656550  0.234820  0.591031  0.754734  0.680464  0.354168  0.473724  0.790319  0.723218  0.675066  0.709491  0.639169  0.563841  0.860857  0.212625  0.661085  0.752890  0.866717  0.514910  0.484071  0.529684  0.810094  0.241727  0.864736  0.717612  0.185535  0.782684  0.219737  0.705911 0.0  0.463611  0.313569  0.392665  0.744414  0.469904  0.468956  0.548614  0.425443  0.753417  0.503194  0.526389  0.426555  0.559416  0.395698  0.770763  0.258834  0.540977  0.639297  0.443977  0.602246  0.191188  0.796297  0.485033 
37  0.409986  0.795431  0.710996  0.376177  0.558408  0.844086  0.819038  0.826244  0.514030  0.693171  0.736950  0.815351  0.532143  0.474609  0.885544  0.660498  0.980831  0.939363  0.403194  0.565771  0.838264  0.528392  0.746974  0.766403  0.777052  0.441702  0.379172  0.364487  0.662576  0.581219  0.738966  0.815336  0.542860  0.746344  0.572238  0.732694  0.463611 0.0  0.594569  0.661113  0.908224  0.689192  0.545964  0.413949  0.222282  0.815515  0.198482  0.394296  0.434140  0.474915  0.432002  0.846767  0.557023  0.456966  0.580737  0.518178  0.313326  0.619347  0.732764  0.696021 
38  0.508086  0.607890  0.804656  0.494570  0.659749  0.745192  0.742742  0.908374  0.357569  0.586003  0.788203  0.677881  0.313885  0.439352  0.798699  0.914799  0.768694  0.814813  0.514190  0.527682  0.886575  0.309471  0.569810  0.658189  0.680433  0.460312  0.495118  0.508804  0.736717  0.319456  0.713967  0.687416  0.368704  0.859250  0.345984  0.765549  0.313569  0.594569 0.0  0.294334  0.739504  0.341989  0.418677  0.508754  0.600743  0.661833  0.452693  0.425516  0.496030  0.513524  0.550170  0.927900  0.323816  0.554546  0.552712  0.499377  0.575678  0.355437  0.715843  0.546955 
39  0.607548  0.734814  0.877114  0.635456  0.654221  0.781368  0.855176  0.854866  0.464730  0.462653  0.736999  0.743501  0.420468  0.583689  0.742479  0.758124  0.682780  0.901027  0.671106  0.554025  0.787086  0.445470  0.775715  0.785071  0.848065  0.626229  0.574234  0.718381  0.666160  0.433814  0.709033  0.737991  0.431180  0.785057  0.418906  0.631258  0.392665  0.661113  0.294334 0.0  0.783452  0.151314  0.538510  0.552632  0.570445  0.602385  0.483563  0.626474  0.549434  0.585199  0.576115  0.777013  0.491270  0.689528  0.499791  0.537294  0.719726  0.393338  0.850625  0.570671 
40  0.902504  0.286074  0.176686  0.710209  0.685000  0.308186  0.217342  0.308785  0.892867  0.609147  0.780987  0.188438  0.808747  0.766028  0.287163  0.734481  0.785141  0.175600  0.813015  0.656417  0.745234  0.850487  0.726301  0.342910  0.683060  0.846134  0.926007  0.844347  0.677804  0.821811  0.513975  0.128864  0.847273  0.559235  0.926942  0.776926  0.744414  0.908224  0.739504  0.783452 0.0  0.785744  0.732334  0.800155  0.828591  0.660864  0.841232  0.782813  0.673030  0.668206  0.742929  0.717351  0.813211  0.896767  0.577235  0.807813  0.875342  0.878092  0.262135  0.851756 
41  0.573350  0.859661  0.918736  0.558481  0.584964  0.678730  1.000000  0.946382  0.510676  0.606670  0.721374  0.938171  0.331367  0.486192  0.616255  0.851108  0.802099  0.795473  0.539568  0.527972  0.648791  0.454624  0.733886  0.796514  0.870538  0.666861  0.614178  0.626785  0.615897  0.400855  0.801747  0.838520  0.403808  0.585527  0.421300  0.795372  0.469904  0.689192  0.341989  0.151314  0.785744 0.0  0.426498  0.619073  0.582881  0.781951  0.589342  0.658902  0.557081  0.584762  0.561346  0.844198  0.494354  0.646639  0.503893  0.552858  0.600168  0.406517  0.727571  0.503221 
42  0.564292  0.746357  0.729083  0.473754  0.663343  0.816497  0.592923  0.697936  0.508204  0.491296  0.657356  0.908356  0.461343  0.453735  0.951839  0.598065  0.819512  0.761213  0.540888  0.571698  0.665955  0.438000  0.627400  0.709478  0.705514  0.483458  0.504945  0.526553  0.637530  0.452374  0.801370  0.757106  0.590515  0.686122  0.477317  0.703637  0.468956  0.545964  0.418677  0.538510  0.732334  0.426498 0.0  0.478460  0.551083  0.668715  0.554770  0.465440  0.303580  0.322517  0.420695  0.607666  0.397677  0.547700  0.264564  0.308293  0.510444  0.483531  0.737066  0.803332 
43  0.227935  0.807237  0.825668  0.334743  0.575291  0.832601  0.733678  0.698529  0.537302  0.476363  0.703945  0.910284  0.571137  0.493507  0.669890  0.708732  0.978732  0.741870  0.415274  0.641613  0.749253  0.569158  0.652578  0.767718  0.744132  0.202018  0.233455  0.445709  0.809590  0.578468  0.610090  0.725053  0.602495  0.657313  0.504382  0.647786  0.548614  0.413949  0.508754  0.552632  0.800155  0.619073  0.478460 0.0  0.326268  0.687574  0.389352  0.184455  0.507678  0.544203  0.428844  0.856248  0.485726  0.407211  0.480971  0.433336  0.395037  0.597385  0.756095  0.835234 
44  0.381545  0.763304  0.730125  0.331210  0.627109  0.699595  0.847253  0.827966  0.546652  0.593045  0.723873  0.838360  0.580516  0.502289  0.871168  0.714251  0.904934  0.886897  0.396311  0.642820  0.914741  0.437387  0.696532  0.749502  0.762022  0.441887  0.375445  0.398343  0.650367  0.545033  0.782330  0.787108  0.573441  0.754290  0.443536  0.765914  0.425443  0.222282  0.600743  0.570445  0.828591  0.582881  0.551083  0.326268 0.0  0.583883  0.209694  0.397166  0.520639  0.633503  0.375965  0.776897  0.563415  0.359007  0.537916  0.463154  0.406820  0.570436  0.734272  0.772461 
45  0.844240  0.665654  0.617521  0.716220  0.597149  0.640421  0.675622  0.682349  0.798384  0.477943  0.775841  0.597279  0.744460  0.706425  0.627741  0.679503  0.715189  0.724483  0.825936  0.516996  0.694513  0.736518  0.677086  0.627504  0.726402  0.737726  0.730025  0.820304  0.321306  0.709177  0.772973  0.676458  0.713289  0.744810  0.727820  0.342316  0.753417  0.815515  0.661833  0.602385  0.660864  0.781951  0.668715  0.687574  0.583883 0.0  0.811542  0.762276  0.735362  0.612987  0.638314  0.680070  0.851052  0.830718  0.630854  0.732853  0.765982  0.758457  0.626547  0.624685 
46  0.398159  0.624528  0.880469  0.338493  0.610707  0.863514  0.708651  0.750144  0.596715  0.641696  0.599520  0.796589  0.486922  0.435425  0.920921  0.839058  0.781716  0.816075  0.376163  0.577108  0.803178  0.580949  0.719866  0.938392  0.820515  0.302312  0.398824  0.341091  0.815999  0.415850  0.610249  0.893911  0.550119  0.854910  0.566336  0.645462  0.503194  0.198482  0.452693  0.483563  0.841232  0.589342  0.554770  0.389352  0.209694  0.811542 0.0  0.420367  0.495778  0.494953  0.457173  0.944833  0.609717  0.333530  0.468613  0.457578  0.335181  0.511439  0.791367  0.723658 
47  0.244237  0.617007  0.816203  0.342119  0.574575  0.786147  0.796370  0.685989  0.578235  0.592722  0.563639  0.858270  0.538297  0.483606  0.792612  0.837227  0.750666  0.978071  0.484631  0.637430  0.834537  0.623355  0.616125  0.669160  0.852537  0.223210  0.223263  0.413904  0.802320  0.557830  0.933922  0.804928  0.538057  0.727977  0.532254  0.698847  0.526389  0.394296  0.425516  0.626474  0.782813  0.658902  0.465440  0.184455  0.397166  0.762276  0.420367 0.0  0.475398  0.506793  0.524961  0.842664  0.578519  0.381801  0.531400  0.433152  0.455839  0.555973  0.783486  0.758602 
48  0.435655  0.782585  0.694576  0.479601  0.500076  0.730919  0.667868  0.654522  0.557959  0.665390  0.652097  0.961096  0.479431  0.470215  0.784402  0.660980  0.683581  0.769577  0.520569  0.596604  0.536381  0.504377  0.638502  0.698003  0.784221  0.624146  0.553384  0.551614  0.730305  0.611794  0.788260  0.691073  0.511056  0.798081  0.499697  0.649505  0.426555  0.434140  0.496030  0.549434  0.673030  0.557081  0.303580  0.507678  0.520639  0.735362  0.495778  0.475398 0.0  0.230609  0.553260  0.629257  0.534580  0.509513  0.421754  0.272935  0.628904  0.541888  0.630486  0.728526 
49  0.560668  0.820521  0.756771  0.428647  0.548695  0.768942  0.828139  0.773445  0.609652  0.683099  0.633740  0.768267  0.541374  0.496407  0.727957  0.559029  0.808772  0.827273  0.553847  0.621367  0.592988  0.515292  0.798482  0.763127  0.846773  0.408624  0.533500  0.650481  0.752591  0.551452  0.806087  0.764739  0.597140  0.762689  0.572128  0.663649  0.559416  0.474915  0.513524  0.585199  0.668206  0.584762  0.322517  0.544203  0.633503  0.612987  0.494953  0.506793  0.230609 0.0  0.554768  0.587598  0.561593  0.555163  0.368724  0.314069  0.638242  0.561777  0.856027  0.670241 
50  0.470471  0.773319  0.859885  0.438525  0.536871  0.671151  0.820875  0.798558  0.395718  0.612907  0.756927  0.742342  0.534605  0.227114  0.714488  0.961403  0.839994  0.883047  0.512618  0.703613  0.842745  0.469569  0.750764  0.792881  0.752073  0.463694  0.390104  0.401908  0.685357  0.447122  0.685327  0.848974  0.464361  0.720375  0.513115  0.832999  0.395698  0.432002  0.550170  0.576115  0.742929  0.561346  0.420695  0.428844  0.375965  0.638314  0.457173  0.524961  0.553260  0.554768 0.0  0.901049  0.409068  0.447939  0.617717  0.508260  0.421656  0.432098  0.770240  0.763056 
51  0.798270  0.783075  0.632142  0.731455  0.495907  0.758715  0.862618  0.725872  0.845681  0.635388  0.670535  0.647616  0.761320  0.787991  0.820556  0.284078  0.591890  0.637271  0.759678  0.630254  0.223253  0.838635  0.717869  0.682430  0.701780  0.847061  0.852125  0.728490  0.586134  0.771444  0.832113  0.822155  0.701524  0.830312  0.537288  0.645998  0.770763  0.846767  0.927900  0.777013  0.717351  0.844198  0.607666  0.856248  0.776897  0.680070  0.944833  0.842664  0.629257  0.587598  0.901049 0.0  0.750816  0.782678  0.509116  0.680278  0.949476  0.692990  0.744316  0.384824 
52  0.504211  0.615333  0.798841  0.539217  0.561613  0.820242  0.761292  0.835141  0.169693  0.446124  0.723582  0.791562  0.406055  0.480912  0.724366  0.792358  0.826161  0.836914  0.574080  0.598407  0.781837  0.263909  0.666587  0.723431  0.839267  0.485901  0.492025  0.602563  0.639386  0.253353  0.791595  0.772000  0.276676  0.786480  0.137642  0.735720  0.258834  0.557023  0.323816  0.491270  0.813211  0.494354  0.397677  0.485726  0.563415  0.851052  0.609717  0.578519  0.534580  0.561593  0.409068  0.750816 0.0  0.486597  0.545923  0.475663  0.607291  0.306425  0.697328  0.555370 
53  0.433623  0.721918  0.857831  0.234700  0.563428  0.571095  0.815660  0.674133  0.453662  0.635165  0.607903  0.902270  0.554168  0.446886  0.747405  0.909403  0.836624  0.830548  0.202246  0.580047  0.960096  0.553351  0.679988  0.745279  0.847832  0.426377  0.375691  0.213387  0.823434  0.557366  0.765539  0.888803  0.568417  0.727746  0.580714  0.753958  0.540977  0.456966  0.554546  0.689528  0.896767  0.646639  0.547700  0.407211  0.359007  0.830718  0.333530  0.381801  0.509513  0.555163  0.447939  0.782678  0.486597 0.0  0.654493  0.503615  0.174594  0.573162  0.963213  0.759352 
54  0.546934  0.842835  0.811422  0.516881  0.549722  0.973101  0.865030  0.848862  0.632062  0.599709  0.765902  0.694662  0.560218  0.506210  0.774617  0.484945  0.737856  0.852264  0.548732  0.461735  0.566250  0.507145  0.807604  0.751937  0.763999  0.576147  0.565697  0.679581  0.637910  0.593659  0.786789  0.758823  0.503691  0.720816  0.508699  0.556995  0.639297  0.580737  0.552712  0.499791  0.577235  0.503893  0.264564  0.480971  0.537916  0.630854  0.468613  0.531400  0.421754  0.368724  0.617717  0.509116  0.545923  0.654493 0.0  0.328509  0.611335  0.619808  0.777008  0.733671 
55  0.473946  0.896431  0.746405  0.502750  0.529217  0.754258  0.782045  0.722876  0.447181  0.559710  0.695793  0.636086  0.493224  0.505495  0.777940  0.576222  0.812145  0.677161  0.532808  0.643850  0.599281  0.505149  0.733057  0.742634  0.841406  0.520159  0.476872  0.586696  0.623402  0.513881  0.707872  0.706020  0.516021  0.768883  0.478353  0.646763  0.443977  0.518178  0.499377  0.537294  0.807813  0.552858  0.308293  0.433336  0.463154  0.732853  0.457578  0.433152  0.272935  0.314069  0.508260  0.680278  0.475663  0.503615  0.328509 0.0  0.403426  0.505652  0.698389  0.718490 
56  0.404442  0.734451  0.751973  0.242126  0.478084  0.823364  0.807572  0.809221  0.481711  0.677022  0.804772  0.798394  0.548608  0.420814  0.729251  0.778628  0.926922  0.772308  0.154426  0.709747  0.789519  0.541456  0.673822  0.700651  0.805350  0.397072  0.440286  0.272429  0.808197  0.531561  0.779801  0.813507  0.420578  0.691822  0.571956  0.631397  0.602246  0.313326  0.575678  0.719726  0.875342  0.600168  0.510444  0.395037  0.406820  0.765982  0.335181  0.455839  0.628904  0.638242  0.421656  0.949476  0.607291  0.174594  0.611335  0.403426 0.0  0.626576  0.688768  0.735400 
57  0.528557  0.825918  0.897561  0.548511  0.573222  0.745397  0.837153  0.848846  0.288121  0.565390  0.728246  0.661935  0.416449  0.414476  0.834331  0.856836  0.951803  0.897768  0.602913  0.598085  0.774757  0.256506  0.759958  0.893924  0.705159  0.639148  0.531718  0.589561  0.654192  0.285851  0.892749  0.763351  0.194100  0.592345  0.297667  0.687451  0.191188  0.619347  0.355437  0.393338  0.878092  0.406517  0.483531  0.597385  0.570436  0.758457  0.511439  0.555973  0.541888  0.561777  0.432098  0.692990  0.306425  0.573162  0.619808  0.505652  0.626576 0.0  0.844819  0.489595 
58  0.741425  0.306988  0.214820  0.729101  0.660826  0.242102  0.186303  0.208345  0.815818  0.539622  0.665002  0.233949  0.702849  0.731154  0.248116  0.812811  0.788354  0.222814  0.800367  0.613356  0.763410  0.846149  0.626767  0.264055  0.720778  0.850478  0.641960  0.726901  0.703821  0.702351  0.463374  0.252613  0.772858  0.520550  0.715230  0.720169  0.796297  0.732764  0.715843  0.850625  0.262135  0.727571  0.737066  0.756095  0.734272  0.626547  0.791367  0.783486  0.630486  0.856027  0.770240  0.744316  0.697328  0.963213  0.777008  0.698389  0.688768  0.844819 0.0  0.703501 
59  0.639028  0.801344  0.678818  0.749658  0.593511  0.711214  0.735625  0.781631  0.627798  0.528833  0.716667  0.784992  0.596634  0.737236  0.653246  0.401462  0.931895  0.576880  0.868557  0.449885  0.390925  0.425956  0.766404  0.695502  0.821290  0.808373  0.680224  0.875720  0.585421  0.545345  0.836454  0.568463  0.611046  0.752673  0.395182  0.607689  0.485033  0.696021  0.546955  0.570671  0.851756  0.503221  0.803332  0.835234  0.772461  0.624685  0.723658  0.758602  0.728526  0.670241  0.763056  0.384824  0.555370  0.759352  0.733671  0.718490  0.735400  0.489595  0.703501 0.0 
