60
0 0.0  0.761971  0.835700  0.360348  0.496825  0.707039  0.789918  0.738806  0.438872  0.528355  0.532559  0.792424  0.478691  0.513958  0.714261  0.767556  0.772138  0.848488  0.382695  0.474451  0.735258  0.487745  0.649406  0.730576  0.803432  0.161502  0.177099  0.438131  0.776321  0.537811  0.767157  0.816337  0.479094  0.780392  0.558957  0.790271  0.649316  0.397971  0.461588  0.570427  0.885936  0.595230  0.504438  0.237206  0.386930  0.692997  0.353720  0.236633  0.479342  0.587606  0.427273  0.840738  0.505387  0.437918  0.649271  0.515196  0.368779  0.588688  0.684766  0.724935 
1  0.761971 0.0  0.383704  0.743928  0.560602  0.309505  0.284785  0.270399  0.812481  0.599595  0.845285  0.270389  0.595963  0.804993  0.308280  0.694478  0.750427  0.324605  0.727917  0.625758  0.827413  0.827368  0.720022  0.183427  0.793415  0.779690  0.824489  0.793941  0.793344  0.682892  0.558374  0.284946  0.715525  0.557712  0.784318  0.665271  0.737776  0.849344  0.843894  0.886395  0.321346  0.833589  0.686233  0.608838  0.730153  0.766986  0.797680  0.708172  0.696728  0.850741  0.675726  0.678873  0.655846  0.803896  0.778945  0.823415  0.797704  0.758614  0.269748  0.652088 
2  0.835700  0.383704 0.0  0.748788  0.621626  0.312046  0.256706  0.304220  0.769855  0.551956  0.554470  0.153311  0.785909  0.797929  0.283189  0.679714  0.712650  0.137276  0.857722  0.637270  0.610609  0.837359  0.766918  0.283550  0.669974  0.843663  0.949152  0.882047  0.748693  0.875751  0.582229  0.170400  0.708696  0.483170  0.772071  0.664442  0.735293  0.781314  0.931953  0.889070  0.182558  0.887514  0.720447  0.812370  0.805241  0.546358  0.699992  0.858140  0.710164  0.962845  0.717778  0.719856  0.727755  0.862167  0.643000  0.700197  0.864017  0.875066  0.216189  0.757572 
3  0.360348  0.743928  0.748788 0.0  0.562290  0.812784  0.714199  0.685593  0.480768  0.613760  0.642187  0.735334  0.518733  0.430285  0.729906  0.766492  0.809397  0.769774  0.244324  0.581790  0.840820  0.544475  0.653816  0.675033  0.738921  0.312935  0.306376  0.262730  0.728965  0.511168  0.699439  0.666423  0.472642  0.752809  0.503204  0.785904  0.490991  0.410386  0.486934  0.606641  0.735349  0.612565  0.487068  0.324022  0.306230  0.636554  0.413344  0.305058  0.583043  0.385248  0.442824  0.700369  0.488601  0.225929  0.555657  0.487441  0.250846  0.475811  0.667021  0.709979 
4  0.496825  0.560602  0.621626  0.562290 0.0  0.568172  0.641603  0.622448  0.449698  0.571824  0.534385  0.616341  0.560757  0.594968  0.541725  0.637593  0.642059  0.638413  0.536840  0.601748  0.633814  0.649612  0.598833  0.558277  0.803128  0.548643  0.526066  0.548588  0.591904  0.556268  0.619436  0.494982  0.563279  0.567661  0.565703  0.564322  0.537006  0.517689  0.563513  0.504973  0.678097  0.632295  0.561751  0.561625  0.643972  0.550133  0.621205  0.555625  0.564439  0.578569  0.545593  0.540034  0.576307  0.568052  0.652129  0.493574  0.559825  0.640666  0.489358  0.513636 
5  0.707039  0.309505  0.312046  0.812784  0.568172 0.0  0.303581  0.260362  0.816778  0.642007  0.639899  0.316216  0.708912  0.838979  0.257727  0.741848  0.979001  0.313821  0.772873  0.666843  0.801785  0.879703  0.781857  0.267421  0.780235  0.750283  0.793589  0.799983  0.712654  0.917968  0.465187  0.327357  0.747117  0.475221  0.776157  0.744999  0.826210  0.759410  0.754450  0.849153  0.290760  0.866889  0.723170  0.754175  0.921773  0.652773  0.764125  0.846576  0.771841  0.868697  0.678793  0.725992  0.725604  0.798204  0.863684  0.703927  0.865999  0.703963  0.269676  0.857613 
6  0.789918  0.284785  0.256706  0.714199  0.641603  0.303581 0.0  0.257449  0.723884  0.614804  0.746888  0.196770  0.677055  0.724121  0.223784  0.847537  0.671450  0.214511  0.694118  0.662643  0.670557  0.819299  0.831574  0.275694  0.712780  0.869361  0.697009  0.761251  0.577160  0.813992  0.467315  0.208132  0.816949  0.507286  0.733294  0.725574  0.706631  0.777739  0.771283  0.768830  0.220692  0.666127  0.782280  0.679898  0.865025  0.704840  0.810574  0.803703  0.691510  0.757261  0.887551  0.754132  0.798841  0.673409  0.822801  0.755253  0.750019  0.764263  0.189477  0.683739 
7  0.738806  0.270399  0.304220  0.685593  0.622448  0.260362  0.257449 0.0  0.712580  0.539471  0.685512  0.246348  0.755169  0.810722  0.194986  0.756751  0.793417  0.274968  0.722398  0.621699  0.792254  0.761427  0.705782  0.312034  0.737352  0.680323  0.804431  0.785097  0.701113  0.750471  0.522171  0.273887  0.738796  0.508388  0.790217  0.714910  0.773862  0.711280  0.768351  0.813618  0.318190  0.899222  0.701548  0.782284  0.828900  0.781145  0.791463  0.759740  0.685286  0.866761  0.740015  0.761441  0.851628  0.828416  0.609113  0.797547  0.802350  0.866591  0.235596  0.760376 
8  0.438872  0.812481  0.769855  0.480768  0.449698  0.816778  0.723884  0.712580 0.0  0.642939  0.628245  0.742769  0.420038  0.387014  0.755682  0.781676  0.785519  0.755654  0.509983  0.584598  0.807985  0.237678  0.631237  0.692809  0.821629  0.531578  0.530229  0.527587  0.701832  0.289882  0.730804  0.806766  0.297434  0.742217  0.153649  0.738853  0.238117  0.560853  0.290251  0.455862  0.735354  0.437437  0.529960  0.459020  0.516587  0.709389  0.448062  0.494832  0.441726  0.541608  0.436263  0.840660  0.168512  0.554833  0.579977  0.539082  0.473890  0.271034  0.794566  0.610591 
9  0.528355  0.599595  0.551956  0.613760  0.571824  0.642007  0.614804  0.539471  0.642939 0.0  0.585476  0.487198  0.574490  0.582593  0.620054  0.623294  0.649311  0.483204  0.610926  0.601077  0.605981  0.648317  0.597776  0.472688  0.647395  0.542187  0.691195  0.602385  0.558274  0.624457  0.648338  0.562906  0.700904  0.484273  0.530546  0.528785  0.594572  0.474697  0.541611  0.557916  0.647175  0.649986  0.540083  0.571323  0.506250  0.584620  0.550503  0.585804  0.644340  0.478721  0.507484  0.572869  0.572786  0.644548  0.506909  0.603709  0.709922  0.588551  0.554001  0.550077 
10  0.532559  0.845285  0.554470  0.642187  0.534385  0.639899  0.746888  0.685512  0.628245  0.585476 0.0  0.548446  0.754834  0.758055  0.586206  0.717936  0.645293  0.610521  0.749874  0.569981  0.780353  0.612538  0.384431  0.716254  0.857270  0.667609  0.700469  0.686681  0.583499  0.659092  0.691977  0.864469  0.719808  0.801502  0.585097  0.713763  0.688638  0.653060  0.625504  0.716257  0.630274  0.693017  0.782441  0.663461  0.654538  0.714219  0.787756  0.733016  0.589919  0.637769  0.755062  0.688192  0.769115  0.636269  0.764578  0.716531  0.726208  0.556196  0.687727  0.618783 
11  0.792424  0.270389  0.153311  0.735334  0.616341  0.316216  0.196770  0.246348  0.742769  0.487198  0.548446 0.0  0.805709  0.762834  0.236488  0.842543  0.748838  0.170947  0.786812  0.593568  0.651559  0.765891  0.750042  0.266668  0.672269  0.956809  0.704116  0.849565  0.689226  0.765272  0.492250  0.172862  0.818586  0.478159  0.872533  0.678237  0.759488  0.715976  0.859793  0.715151  0.209227  0.826770  0.803788  0.733883  0.873749  0.659558  0.913902  0.910653  0.691300  0.683208  0.769710  0.755301  0.824239  0.878837  0.790410  0.753012  0.747548  0.856097  0.233870  0.626056 
12  0.478691  0.595963  0.785909  0.518733  0.560757  0.708912  0.677055  0.755169  0.420038  0.574490  0.754834  0.805709 0.0  0.520620  0.713727  0.827889  0.802385  0.812585  0.429609  0.555204  0.709043  0.366992  0.734423  0.823181  0.805496  0.546661  0.497383  0.501730  0.744430  0.392388  0.749363  0.729136  0.336005  0.813143  0.374194  0.693393  0.377766  0.524102  0.333061  0.388965  0.799341  0.410741  0.451791  0.563040  0.472665  0.698405  0.582362  0.547864  0.418610  0.506812  0.447794  0.869644  0.319239  0.447382  0.430574  0.532205  0.521854  0.409392  0.737385  0.515907 
13  0.513958  0.804993  0.797929  0.430285  0.594968  0.838979  0.724121  0.810722  0.387014  0.582593  0.758055  0.762834  0.520620 0.0  0.796647  0.765169  0.883928  0.858084  0.472284  0.654713  0.742262  0.429499  0.692944  0.748518  0.708127  0.451290  0.479135  0.423066  0.671765  0.420002  0.646670  0.692894  0.424650  0.708482  0.416511  0.758697  0.427140  0.490101  0.475628  0.605783  0.801633  0.549354  0.449532  0.443506  0.488091  0.702001  0.372529  0.465332  0.455802  0.532794  0.223818  0.878848  0.436455  0.436997  0.576731  0.494527  0.461134  0.452796  0.635166  0.683734 
14  0.714261  0.308280  0.283189  0.729906  0.541725  0.257727  0.223784  0.194986  0.755682  0.620054  0.586206  0.236488  0.713727  0.796647 0.0  0.679311  0.688829  0.304097  0.870328  0.606829  0.620330  0.722363  0.583257  0.309279  0.796560  0.632392  0.847179  0.866125  0.703438  0.803837  0.508084  0.349251  0.697082  0.554954  0.707455  0.707525  0.671289  0.723937  0.922140  0.891470  0.276807  0.905764  0.845431  0.728642  0.754369  0.753842  0.726601  0.794037  0.749371  0.705621  0.757766  0.851590  0.737513  0.742703  0.787595  0.962326  0.788528  0.840584  0.255573  0.593020 
15  0.767556  0.694478  0.679714  0.766492  0.637593  0.741848  0.847537  0.756751  0.781676  0.623294  0.717936  0.842543  0.827889  0.765169  0.679311 0.0  0.622780  0.811946  0.685365  0.719974  0.190393  0.830292  0.666725  0.755162  0.684166  0.863930  0.724829  0.847282  0.649651  0.861236  0.774436  0.782014  0.640129  0.890338  0.886489  0.599732  0.705680  0.748522  0.768508  0.773957  0.648664  0.746184  0.570671  0.862439  0.872193  0.774985  0.817027  0.761748  0.595984  0.520816  0.789871  0.325735  0.730170  0.796523  0.596187  0.692658  0.860310  0.766860  0.820395  0.452422 
16  0.772138  0.750427  0.712650  0.809397  0.642059  0.979001  0.671450  0.793417  0.785519  0.649311  0.645293  0.748838  0.802385  0.883928  0.688829  0.622780 0.0  0.837727  0.774673  0.738151  0.811065  0.677676  0.801807  0.884147  0.142075  0.790835  0.685813  0.860731  0.746370  0.770061  0.804462  0.712464  0.811438  0.809894  0.819951  0.797049  0.863613  0.908475  0.699413  0.847249  0.689955  0.789055  0.917955  0.930086  0.899791  0.771888  0.819412  0.660309  0.826334  0.767648  0.913378  0.817429  0.754529  0.737844  0.804114  0.753819  0.858174  0.798644  0.739788  0.778319 
17  0.848488  0.324605  0.137276  0.769774  0.638413  0.313821  0.214511  0.274968  0.755654  0.483204  0.610521  0.170947  0.812585  0.858084  0.304097  0.811946  0.837727 0.0  0.962565  0.606213  0.740378  0.739778  0.707773  0.323562  0.772274  0.932347  0.862238  0.742085  0.569155  0.820807  0.510258  0.164668  0.733046  0.500468  0.978225  0.670144  0.841299  0.702584  0.762482  0.817195  0.185933  0.723542  0.787959  0.973379  0.878729  0.594561  0.833060  0.798773  0.653209  0.872160  0.734206  0.612431  0.890149  0.865475  0.724203  0.658901  0.790117  0.947743  0.249547  0.779678 
18  0.382695  0.727917  0.857722  0.244324  0.536840  0.772873  0.694118  0.722398  0.509983  0.610926  0.749874  0.786812  0.429609  0.472284  0.870328  0.685365  0.774673  0.962565 0.0  0.584963  0.804560  0.521893  0.667703  0.771544  0.866190  0.390481  0.394971  0.225453  0.722973  0.592508  0.857984  0.820173  0.530693  0.672772  0.546868  0.510631  0.588870  0.421553  0.577517  0.594302  0.779125  0.509060  0.493468  0.434274  0.392606  0.729938  0.385121  0.445629  0.529984  0.616313  0.491085  0.744950  0.493166  0.204358  0.632786  0.458520  0.150786  0.670850  0.823171  0.814927 
19  0.474451  0.625758  0.637270  0.581790  0.601748  0.666843  0.662643  0.621699  0.584598  0.601077  0.569981  0.593568  0.555204  0.654713  0.606829  0.719974  0.738151  0.606213  0.584963 0.0  0.562213  0.573759  0.594735  0.567608  0.678563  0.585892  0.604060  0.641271  0.592658  0.574018  0.636846  0.582053  0.512288  0.697483  0.507810  0.587908  0.587779  0.517242  0.511901  0.537641  0.568243  0.502767  0.554965  0.618144  0.606013  0.572334  0.633444  0.570729  0.537637  0.509955  0.610320  0.560689  0.537621  0.668302  0.503726  0.529817  0.694485  0.566167  0.598627  0.554780 
20  0.735258  0.827413  0.610609  0.840820  0.633814  0.801785  0.670557  0.792254  0.807985  0.605981  0.780353  0.651559  0.709043  0.742262  0.620330  0.190393  0.811065  0.740378  0.804560  0.562213 0.0  0.890457  0.764511  0.811390  0.777589  0.877022  0.775363  0.918092  0.659063  0.782154  0.771759  0.575278  0.652287  0.864976  0.822633  0.620525  0.836141  0.734883  0.785833  0.599682  0.809565  0.822822  0.609676  0.808701  0.878866  0.588220  0.833052  0.863823  0.524620  0.611273  0.744870  0.232283  0.772248  0.796502  0.581408  0.614483  0.848189  0.767342  0.690971  0.338223 
21  0.487745  0.827368  0.837359  0.544475  0.649612  0.879703  0.819299  0.761427  0.237678  0.648317  0.612538  0.765891  0.366992  0.429499  0.722363  0.830292  0.677676  0.739778  0.521893  0.573759  0.890457 0.0  0.644698  0.808471  0.871929  0.531125  0.522954  0.677346  0.670032  0.308798  0.708392  0.856994  0.205427  0.644814  0.275168  0.641128  0.244579  0.539376  0.343687  0.475801  0.805087  0.342022  0.504578  0.560875  0.611364  0.664925  0.502892  0.555040  0.571922  0.519260  0.408632  0.780025  0.234577  0.495604  0.554422  0.473671  0.569069  0.230396  0.800676  0.538853 
22  0.649406  0.720022  0.766918  0.653816  0.598833  0.781857  0.831574  0.705782  0.631237  0.597776  0.384431  0.750042  0.734423  0.692944  0.583257  0.666725  0.801807  0.707773  0.667703  0.594735  0.764511  0.644698 0.0  0.636589  0.767182  0.589189  0.577297  0.803036  0.753789  0.658768  0.729289  0.707373  0.696599  0.746027  0.495089  0.623450  0.615421  0.822716  0.713835  0.733521  0.698889  0.640779  0.608485  0.623457  0.626686  0.658313  0.661175  0.582292  0.689353  0.629201  0.643666  0.691001  0.685186  0.694222  0.758124  0.696769  0.680984  0.753509  0.631312  0.669807 
23  0.730576  0.183427  0.283550  0.675033  0.558277  0.267421  0.275694  0.312034  0.692809  0.472688  0.716254  0.266668  0.823181  0.748518  0.309279  0.755162  0.884147  0.323562  0.771544  0.567608  0.811390  0.808471  0.636589 0.0  0.872226  0.824223  0.691908  0.742753  0.654941  0.681506  0.523622  0.305168  0.638406  0.408185  0.708974  0.704360  0.797519  0.770232  0.859858  0.773107  0.314530  0.791500  0.712866  0.658721  0.708223  0.710552  0.778846  0.698336  0.732504  0.632214  0.740114  0.698074  0.584108  0.769273  0.820854  0.674181  0.794298  0.911780  0.252247  0.684080 
24  0.803432  0.793415  0.669974  0.738921  0.803128  0.780235  0.712780  0.737352  0.821629  0.647395  0.857270  0.672269  0.805496  0.708127  0.796560  0.684166  0.142075  0.772274  0.866190  0.678563  0.777589  0.871929  0.767182  0.872226 0.0  0.747703  0.829714  0.839093  0.717088  0.802178  0.873538  0.706002  0.809943  0.735435  0.772280  0.687633  0.893526  0.789888  0.686628  0.909135  0.797929  0.874701  0.665093  0.802617  0.911188  0.798069  0.999411  0.717954  0.708067  0.715912  0.816703  0.668286  0.837444  0.821057  0.744483  0.644531  0.826778  0.736682  0.748214  0.788579 
25  0.161502  0.779690  0.843663  0.312935  0.548643  0.750283  0.869361  0.680323  0.531578  0.542187  0.667609  0.956809  0.546661  0.451290  0.632392  0.863930  0.790835  0.932347  0.390481  0.585892  0.877022  0.531125  0.589189  0.824223  0.747703 0.0  0.151639  0.395194  0.769088  0.510127  0.670334  0.951549  0.500994  0.782719  0.483835  0.773615  0.523821  0.393079  0.486636  0.545880  0.687729  0.642662  0.557398  0.216769  0.399583  0.717535  0.309325  0.238361  0.547784  0.487985  0.515854  0.848711  0.498961  0.364540  0.554296  0.389540  0.418144  0.702657  0.768024  0.748093 
26  0.177099  0.824489  0.949152  0.306376  0.526066  0.793589  0.697009  0.804431  0.530229  0.691195  0.700469  0.704116  0.497383  0.479135  0.847179  0.724829  0.685813  0.862238  0.394971  0.604060  0.775363  0.522954  0.577297  0.691908  0.829714  0.151639 0.0  0.398659  0.703436  0.579278  0.713575  0.778277  0.587229  0.746611  0.465157  0.807607  0.565877  0.379517  0.476450  0.704328  0.795847  0.540646  0.563224  0.234980  0.416335  0.768417  0.339288  0.225799  0.469095  0.511245  0.446377  0.955165  0.516629  0.425427  0.536217  0.482797  0.403540  0.635463  0.744690  0.602391 
27  0.438131  0.793941  0.882047  0.262730  0.548588  0.799983  0.761251  0.785097  0.527587  0.602385  0.686681  0.849565  0.501730  0.423066  0.866125  0.847282  0.860731  0.742085  0.225453  0.641271  0.918092  0.677346  0.803036  0.742753  0.839093  0.395194  0.398659 0.0  0.718404  0.594359  0.860522  0.830910  0.518173  0.757232  0.584537  0.735324  0.567585  0.390563  0.537655  0.632127  0.893183  0.663941  0.522995  0.409017  0.404003  0.744626  0.399028  0.376491  0.479212  0.612225  0.496463  1.000000  0.512700  0.264006  0.606373  0.595016  0.258370  0.664954  0.723379  0.759396 
28  0.776321  0.793344  0.748693  0.728965  0.591904  0.712654  0.577160  0.701113  0.701832  0.558274  0.583499  0.689226  0.744430  0.671765  0.703438  0.649651  0.746370  0.569155  0.722973  0.592658  0.659063  0.670032  0.753789  0.654941  0.717088  0.769088  0.703436  0.718404 0.0  0.772496  0.704152  0.694984  0.703763  0.742957  0.652806  0.367013  0.754641  0.752742  0.766135  0.671211  0.627001  0.710099  0.613854  0.789075  0.796882  0.343463  0.724791  0.670574  0.797104  0.624614  0.738005  0.625465  0.610503  0.797564  0.636490  0.656607  0.727823  0.791193  0.665394  0.560000 
29  0.537811  0.682892  0.875751  0.511168  0.556268  0.917968  0.813992  0.750471  0.289882  0.624457  0.659092  0.765272  0.392388  0.420002  0.803837  0.861236  0.770061  0.820807  0.592508  0.574018  0.782154  0.308798  0.658768  0.681506  0.802178  0.510127  0.579278  0.594359  0.772496 0.0  0.759668  0.888672  0.311021  0.768312  0.255220  0.717381  0.260717  0.547517  0.296515  0.449675  0.780676  0.467017  0.419970  0.479314  0.608026  0.724541  0.470956  0.521120  0.606041  0.491168  0.512847  0.770465  0.226189  0.584143  0.602833  0.389007  0.524716  0.277684  0.642064  0.579961 
30  0.767157  0.558374  0.582229  0.699439  0.619436  0.465187  0.467315  0.522171  0.730804  0.648338  0.691977  0.492250  0.749363  0.646670  0.508084  0.774436  0.804462  0.510258  0.857984  0.636846  0.771759  0.708392  0.729289  0.523622  0.873538  0.670334  0.713575  0.860522  0.704152  0.759668 0.0  0.535227  0.689413  0.257914  0.782738  0.757566  0.805072  0.639768  0.904310  0.761345  0.445073  0.859919  0.716393  0.723273  0.705690  0.645478  0.730527  0.632459  0.657589  0.681492  0.747570  0.727271  0.780559  0.795644  0.755305  0.741458  0.629099  0.964120  0.525391  0.737818 
31  0.816337  0.284946  0.170400  0.666423  0.494982  0.327357  0.208132  0.273887  0.806766  0.562906  0.864469  0.172862  0.729136  0.692894  0.349251  0.782014  0.712464  0.164668  0.820173  0.582053  0.575278  0.856994  0.707373  0.305168  0.706002  0.951549  0.778277  0.830910  0.694984  0.888672  0.535227 0.0  0.899103  0.482733  0.776400  0.695231  0.798702  0.903850  0.815870  0.829106  0.134743  0.946024  0.782572  0.720881  0.746251  0.667318  0.847849  0.742480  0.733042  0.760320  0.707645  0.688652  0.793272  0.826932  0.701622  0.749464  0.759795  0.885830  0.249390  0.658126 
32  0.479094  0.715525  0.708696  0.472642  0.563279  0.747117  0.816949  0.738796  0.297434  0.700904  0.719808  0.818586  0.336005  0.424650  0.697082  0.640129  0.811438  0.733046  0.530693  0.512288  0.652287  0.205427  0.696599  0.638406  0.809943  0.500994  0.587229  0.518173  0.703763  0.311021  0.689413  0.899103 0.0  0.812785  0.266889  0.582658  0.187897  0.438998  0.350917  0.422566  0.917062  0.429801  0.490618  0.576225  0.535566  0.728288  0.483915  0.578784  0.560742  0.565123  0.511364  0.843192  0.290636  0.541741  0.590769  0.482022  0.533179  0.187492  0.721643  0.568260 
33  0.780392  0.557712  0.483170  0.752809  0.567661  0.475221  0.507286  0.508388  0.742217  0.484273  0.801502  0.478159  0.813143  0.708482  0.554954  0.890338  0.809894  0.500468  0.672772  0.697483  0.864976  0.644814  0.746027  0.408185  0.735435  0.782719  0.746611  0.757232  0.742957  0.768312  0.257914  0.482733  0.812785 0.0  0.720368  0.769837  0.860016  0.642122  0.761080  0.734309  0.429618  0.853940  0.772808  0.755792  0.722836  0.683420  0.626405  0.833477  0.752547  0.765015  0.557955  0.787880  0.678348  0.836129  0.762198  0.781878  0.624055  0.801735  0.458696  0.783262 
34  0.558957  0.784318  0.772071  0.503204  0.565703  0.776157  0.733294  0.790217  0.153649  0.530546  0.585097  0.872533  0.374194  0.416511  0.707455  0.886489  0.819951  0.978225  0.546868  0.507810  0.822633  0.275168  0.495089  0.708974  0.772280  0.483835  0.465157  0.584537  0.652806  0.255220  0.782738  0.776400  0.266889  0.720368 0.0  0.670716  0.214547  0.603225  0.321165  0.496772  0.893116  0.398320  0.498972  0.540280  0.601586  0.753379  0.517205  0.470440  0.513133  0.566850  0.468175  0.690851  0.150547  0.496843  0.517309  0.449189  0.540490  0.301407  0.773005  0.469635 
35  0.790271  0.665271  0.664442  0.785904  0.564322  0.744999  0.725574  0.714910  0.738853  0.528785  0.713763  0.678237  0.693393  0.758697  0.707525  0.599732  0.797049  0.670144  0.510631  0.587908  0.620525  0.641128  0.623450  0.704360  0.687633  0.773615  0.807607  0.735324  0.367013  0.717381  0.757566  0.695231  0.582658  0.769837  0.670716 0.0  0.677068  0.734531  0.722582  0.675697  0.682688  0.684254  0.618258  0.698490  0.673710  0.345886  0.635829  0.679510  0.702534  0.627151  0.623226  0.662372  0.715962  0.715459  0.688389  0.706754  0.635587  0.593967  0.603573  0.602565 
36  0.649316  0.737776  0.735293  0.490991  0.537006  0.826210  0.706631  0.773862  0.238117  0.594572  0.688638  0.759488  0.377766  0.427140  0.671289  0.705680  0.863613  0.841299  0.588870  0.587779  0.836141  0.244579  0.615421  0.797519  0.893526  0.523821  0.565877  0.567585  0.754641  0.260717  0.805072  0.798702  0.187897  0.860016  0.214547  0.677068 0.0  0.527250  0.325919  0.455335  0.824136  0.394944  0.489833  0.463088  0.476513  0.681105  0.527401  0.559382  0.462594  0.536599  0.418672  0.795136  0.218662  0.531458  0.502981  0.455085  0.521742  0.195245  0.951201  0.654159 
37  0.397971  0.849344  0.781314  0.410386  0.517689  0.759410  0.777739  0.711280  0.560853  0.474697  0.653060  0.715976  0.524102  0.490101  0.723937  0.748522  0.908475  0.702584  0.421553  0.517242  0.734883  0.539376  0.822716  0.770232  0.789888  0.393079  0.379517  0.390563  0.752742  0.547517  0.639768  0.903850  0.438998  0.642122  0.603225  0.734531  0.527250 0.0  0.517110  0.557137  0.765991  0.581749  0.561556  0.415384  0.198302  0.629842  0.215977  0.394668  0.578567  0.627941  0.464843  0.767064  0.654908  0.396814  0.633249  0.520305  0.341427  0.552303  0.916541  0.846232 
38  0.461588  0.843894  0.931953  0.486934  0.563513  0.754450  0.771283  0.768351  0.290251  0.541611  0.625504  0.859793  0.333061  0.475628  0.922140  0.768508  0.699413  0.762482  0.577517  0.511901  0.785833  0.343687  0.713835  0.859858  0.686628  0.486636  0.476450  0.537655  0.766135  0.296515  0.904310  0.815870  0.350917  0.761080  0.321165  0.722582  0.325919  0.517110 0.0  0.296765  0.890330  0.343052  0.480649  0.508696  0.529935  0.792097  0.569707  0.480743  0.488518  0.407677  0.513530  0.782792  0.294929  0.497847  0.546841  0.459370  0.563423  0.341965  0.819080  0.578627 
39  0.570427  0.886395  0.889070  0.606641  0.504973  0.849153  0.768830  0.813618  0.455862  0.557916  0.716257  0.715151  0.388965  0.605783  0.891470  0.773957  0.847249  0.817195  0.594302  0.537641  0.599682  0.475801  0.733521  0.773107  0.909135  0.545880  0.704328  0.632127  0.671211  0.449675  0.761345  0.829106  0.422566  0.734309  0.496772  0.675697  0.455335  0.557137  0.296765 0.0  0.869368  0.161113  0.516266  0.543244  0.610155  0.576047  0.627954  0.586986  0.533756  0.541593  0.573125  0.742279  0.455207  0.719197  0.491876  0.429308  0.612761  0.498183  0.781705  0.417478 
40  0.885936  0.321346  0.182558  0.735349  0.678097  0.290760  0.220692  0.318190  0.735354  0.647175  0.630274  0.209227  0.799341  0.801633  0.276807  0.648664  0.689955  0.185933  0.779125  0.568243  0.809565  0.805087  0.698889  0.314530  0.797929  0.687729  0.795847  0.893183  0.627001  0.780676  0.445073  0.134743  0.917062  0.429618  0.893116  0.682688  0.824136  0.765991  0.890330  0.869368 0.0  0.773613  0.577766  0.889960  0.706428  0.725671  0.916737  0.878858  0.705580  0.852233  0.863708  0.802417  0.800020  0.812605  0.617819  0.658772  0.885053  0.911791  0.209610  0.566138 
41  0.595230  0.833589  0.887514  0.612565  0.632295  0.866889  0.666127  0.899222  0.437437  0.649986  0.693017  0.826770  0.410741  0.549354  0.905764  0.746184  0.789055  0.723542  0.509060  0.502767  0.822822  0.342022  0.640779  0.791500  0.874701  0.642662  0.540646  0.663941  0.710099  0.467017  0.859919  0.946024  0.429801  0.853940  0.398320  0.684254  0.394944  0.581749  0.343052  0.161113  0.773613 0.0  0.443908  0.477599  0.554623  0.746064  0.621948  0.487232  0.538289  0.530154  0.569886  0.714228  0.502443  0.605514  0.476959  0.530083  0.658082  0.436265  0.799676  0.516526 
42  0.504438  0.686233  0.720447  0.487068  0.561751  0.723170  0.782280  0.701548  0.529960  0.540083  0.782441  0.803788  0.451791  0.449532  0.845431  0.570671  0.917955  0.787959  0.493468  0.554965  0.609676  0.504578  0.608485  0.712866  0.665093  0.557398  0.563224  0.522995  0.613854  0.419970  0.716393  0.782572  0.490618  0.772808  0.498972  0.618258  0.489833  0.561556  0.480649  0.516266  0.577766  0.443908 0.0  0.425834  0.489823  0.687226  0.555363  0.442764  0.291670  0.310571  0.505955  0.633708  0.467104  0.499384  0.296413  0.293808  0.539004  0.509836  0.812623  0.679337 
43  0.237206  0.608838  0.812370  0.324022  0.561625  0.754175  0.679898  0.782284  0.459020  0.571323  0.663461  0.733883  0.563040  0.443506  0.728642  0.862439  0.930086  0.973379  0.434274  0.618144  0.808701  0.560875  0.623457  0.658721  0.802617  0.216769  0.234980  0.409017  0.789075  0.479314  0.723273  0.720881  0.576225  0.755792  0.540280  0.698490  0.463088  0.415384  0.508696  0.543244  0.889960  0.477599  0.425834 0.0  0.385657  0.852615  0.409783  0.172045  0.514513  0.611018  0.431043  0.916407  0.445339  0.352348  0.567870  0.533633  0.421307  0.592891  0.955323  0.738254 
44  0.386930  0.730153  0.805241  0.306230  0.643972  0.921773  0.865025  0.828900  0.516587  0.506250  0.654538  0.873749  0.472665  0.488091  0.754369  0.872193  0.899791  0.878729  0.392606  0.606013  0.878866  0.611364  0.626686  0.708223  0.911188  0.399583  0.416335  0.404003  0.796882  0.608026  0.705690  0.746251  0.535566  0.722836  0.601586  0.673710  0.476513  0.198302  0.529935  0.610155  0.706428  0.554623  0.489823  0.385657 0.0  0.629666  0.224096  0.396955  0.452657  0.613153  0.427310  0.707460  0.607479  0.376480  0.652797  0.486197  0.366254  0.495709  0.761791  0.760131 
45  0.692997  0.766986  0.546358  0.636554  0.550133  0.652773  0.704840  0.781145  0.709389  0.584620  0.714219  0.659558  0.698405  0.702001  0.753842  0.774985  0.771888  0.594561  0.729938  0.572334  0.588220  0.664925  0.658313  0.710552  0.798069  0.717535  0.768417  0.744626  0.343463  0.724541  0.645478  0.667318  0.728288  0.683420  0.753379  0.345886  0.681105  0.629842  0.792097  0.576047  0.725671  0.746064  0.687226  0.852615  0.629666 0.0  0.814774  0.635536  0.597314  0.745555  0.738553  0.682503  0.899142  0.628002  0.584036  0.678796  0.716395  0.746980  0.652051  0.748850 
46  0.353720  0.797680  0.699992  0.413344  0.621205  0.764125  0.810574  0.791463  0.448062  0.550503  0.787756  0.913902  0.582362  0.372529  0.726601  0.817027  0.819412  0.833060  0.385121  0.633444  0.833052  0.502892  0.661175  0.778846  0.999411  0.309325  0.339288  0.399028  0.724791  0.470956  0.730527  0.847849  0.483915  0.626405  0.517205  0.635829  0.527401  0.215977  0.569707  0.627954  0.916737  0.621948  0.555363  0.409783  0.224096  0.814774 0.0  0.385891  0.590539  0.641710  0.481107  0.791377  0.504322  0.340449  0.510760  0.487066  0.329215  0.546744  0.754475  0.772049 
47  0.236633  0.708172  0.858140  0.305058  0.555625  0.846576  0.803703  0.759740  0.494832  0.585804  0.733016  0.910653  0.547864  0.465332  0.794037  0.761748  0.660309  0.798773  0.445629  0.570729  0.863823  0.555040  0.582292  0.698336  0.717954  0.238361  0.225799  0.376491  0.670574  0.521120  0.632459  0.742480  0.578784  0.833477  0.470440  0.679510  0.559382  0.394668  0.480743  0.586986  0.878858  0.487232  0.442764  0.172045  0.396955  0.635536  0.385891 0.0  0.589070  0.641910  0.460322  0.757050  0.509988  0.317456  0.513515  0.454453  0.377941  0.632805  0.868826  0.745420 
48  0.479342  0.696728  0.710164  0.583043  0.564439  0.771841  0.691510  0.685286  0.441726  0.644340  0.589919  0.691300  0.418610  0.455802  0.749371  0.595984  0.826334  0.653209  0.529984  0.537637  0.524620  0.571922  0.689353  0.732504  0.708067  0.547784  0.469095  0.479212  0.797104  0.606041  0.657589  0.733042  0.560742  0.752547  0.513133  0.702534  0.462594  0.578567  0.488518  0.533756  0.705580  0.538289  0.291670  0.514513  0.452657  0.597314  0.590539  0.589070 0.0  0.275058  0.547530  0.452924  0.534627  0.550928  0.408695  0.314762  0.656556  0.562306  0.640506  0.602970 
49  0.587606  0.850741  0.962845  0.385248  0.578569  0.868697  0.757261  0.866761  0.541608  0.478721  0.637769  0.683208  0.506812  0.532794  0.705621  0.520816  0.767648  0.872160  0.616313  0.509955  0.611273  0.519260  0.629201  0.632214  0.715912  0.487985  0.511245  0.612225  0.624614  0.491168  0.681492  0.760320  0.565123  0.765015  0.566850  0.627151  0.536599  0.627941  0.407677  0.541593  0.852233  0.530154  0.310571  0.611018  0.613153  0.745555  0.641710  0.641910  0.275058 0.0  0.481167  0.600240  0.501834  0.542450  0.383239  0.320535  0.586248  0.608168  0.744735  0.746482 
50  0.427273  0.675726  0.717778  0.442824  0.545593  0.678793  0.887551  0.740015  0.436263  0.507484  0.755062  0.769710  0.447794  0.223818  0.757766  0.789871  0.913378  0.734206  0.491085  0.610320  0.744870  0.408632  0.643666  0.740114  0.816703  0.515854  0.446377  0.496463  0.738005  0.512847  0.747570  0.707645  0.511364  0.557955  0.468175  0.623226  0.418672  0.464843  0.513530  0.573125  0.863708  0.569886  0.505955  0.431043  0.427310  0.738553  0.481107  0.460322  0.547530  0.481167 0.0  0.620798  0.413541  0.505315  0.417042  0.490881  0.427867  0.515739  0.836353  0.790346 
51  0.840738  0.678873  0.719856  0.700369  0.540034  0.725992  0.754132  0.761441  0.840660  0.572869  0.688192  0.755301  0.869644  0.878848  0.851590  0.325735  0.817429  0.612431  0.744950  0.560689  0.232283  0.780025  0.691001  0.698074  0.668286  0.848711  0.955165  1.000000  0.625465  0.770465  0.727271  0.688652  0.843192  0.787880  0.690851  0.662372  0.795136  0.767064  0.782792  0.742279  0.802417  0.714228  0.633708  0.916407  0.707460  0.682503  0.791377  0.757050  0.452924  0.600240  0.620798 0.0  0.838255  0.787366  0.461057  0.594414  0.776231  0.738352  0.702045  0.363304 
52  0.505387  0.655846  0.727755  0.488601  0.576307  0.725604  0.798841  0.851628  0.168512  0.572786  0.769115  0.824239  0.319239  0.436455  0.737513  0.730170  0.754529  0.890149  0.493166  0.537621  0.772248  0.234577  0.685186  0.584108  0.837444  0.498961  0.516629  0.512700  0.610503  0.226189  0.780559  0.793272  0.290636  0.678348  0.150547  0.715962  0.218662  0.654908  0.294929  0.455207  0.800020  0.502443  0.467104  0.445339  0.607479  0.899142  0.504322  0.509988  0.534627  0.501834  0.413541  0.838255 0.0  0.536759  0.615003  0.449124  0.481685  0.286409  0.709732  0.563291 
53  0.437918  0.803896  0.862167  0.225929  0.568052  0.798204  0.673409  0.828416  0.554833  0.644548  0.636269  0.878837  0.447382  0.436997  0.742703  0.796523  0.737844  0.865475  0.204358  0.668302  0.796502  0.495604  0.694222  0.769273  0.821057  0.364540  0.425427  0.264006  0.797564  0.584143  0.795644  0.826932  0.541741  0.836129  0.496843  0.715459  0.531458  0.396814  0.497847  0.719197  0.812605  0.605514  0.499384  0.352348  0.376480  0.628002  0.340449  0.317456  0.550928  0.542450  0.505315  0.787366  0.536759 0.0  0.647771  0.427931  0.187292  0.626429  0.766236  0.785343 
54  0.649271  0.778945  0.643000  0.555657  0.652129  0.863684  0.822801  0.609113  0.579977  0.506909  0.764578  0.790410  0.430574  0.576731  0.787595  0.596187  0.804114  0.724203  0.632786  0.503726  0.581408  0.554422  0.758124  0.820854  0.744483  0.554296  0.536217  0.606373  0.636490  0.602833  0.755305  0.701622  0.590769  0.762198  0.517309  0.688389  0.502981  0.633249  0.546841  0.491876  0.617819  0.476959  0.296413  0.567870  0.652797  0.584036  0.510760  0.513515  0.408695  0.383239  0.417042  0.461057  0.615003  0.647771 0.0  0.324421  0.726411  0.602130  0.644632  0.644127 
55  0.515196  0.823415  0.700197  0.487441  0.493574  0.703927  0.755253  0.797547  0.539082  0.603709  0.716531  0.753012  0.532205  0.494527  0.962326  0.692658  0.753819  0.658901  0.458520  0.529817  0.614483  0.473671  0.696769  0.674181  0.644531  0.389540  0.482797  0.595016  0.656607  0.389007  0.741458  0.749464  0.482022  0.781878  0.449189  0.706754  0.455085  0.520305  0.459370  0.429308  0.658772  0.530083  0.293808  0.533633  0.486197  0.678796  0.487066  0.454453  0.314762  0.320535  0.490881  0.594414  0.449124  0.427931  0.324421 0.0  0.487011  0.495573  0.663771  0.727494 
56  0.368779  0.797704  0.864017  0.250846  0.559825  0.865999  0.750019  0.802350  0.473890  0.709922  0.726208  0.747548  0.521854  0.461134  0.788528  0.860310  0.858174  0.790117  0.150786  0.694485  0.848189  0.569069  0.680984  0.794298  0.826778  0.418144  0.403540  0.258370  0.727823  0.524716  0.629099  0.759795  0.533179  0.624055  0.540490  0.635587  0.521742  0.341427  0.563423  0.612761  0.885053  0.658082  0.539004  0.421307  0.366254  0.716395  0.329215  0.377941  0.656556  0.586248  0.427867  0.776231  0.481685  0.187292  0.726411  0.487011 0.0  0.542278  0.895718  0.703994 
57  0.588688  0.758614  0.875066  0.475811  0.640666  0.703963  0.764263  0.866591  0.271034  0.588551  0.556196  0.856097  0.409392  0.452796  0.840584  0.766860  0.798644  0.947743  0.670850  0.566167  0.767342  0.230396  0.753509  0.911780  0.736682  0.702657  0.635463  0.664954  0.791193  0.277684  0.964120  0.885830  0.187492  0.801735  0.301407  0.593967  0.195245  0.552303  0.341965  0.498183  0.911791  0.436265  0.509836  0.592891  0.495709  0.746980  0.546744  0.632805  0.562306  0.608168  0.515739  0.738352  0.286409  0.626429  0.602130  0.495573  0.542278 0.0  0.843220  0.571858 
58  0.684766  0.269748  0.216189  0.667021  0.489358  0.269676  0.189477  0.235596  0.794566  0.554001  0.687727  0.233870  0.737385  0.635166  0.255573  0.820395  0.739788  0.249547  0.823171  0.598627  0.690971  0.800676  0.631312  0.252247  0.748214  0.768024  0.744690  0.723379  0.665394  0.642064  0.525391  0.249390  0.721643  0.458696  0.773005  0.603573  0.951201  0.916541  0.819080  0.781705  0.209610  0.799676  0.812623  0.955323  0.761791  0.652051  0.754475  0.868826  0.640506  0.744735  0.836353  0.702045  0.709732  0.766236  0.644632  0.663771  0.895718  0.843220 0.0  0.694224 
59  0.724935  0.652088  0.757572  0.709979  0.513636  0.857613  0.683739  0.760376  0.610591  0.550077  0.618783  0.626056  0.515907  0.683734  0.593020  0.452422  0.778319  0.779678  0.814927  0.554780  0.338223  0.538853  0.669807  0.684080  0.788579  0.748093  0.602391  0.759396  0.560000  0.579961  0.737818  0.658126  0.568260  0.783262  0.469635  0.602565  0.654159  0.846232  0.578627  0.417478  0.566138  0.516526  0.679337  0.738254  0.760131  0.748850  0.772049  0.745420  0.602970  0.746482  0.790346  0.363304  0.563291  0.785343  0.644127  0.727494  0.703994  0.571858  0.694224 0.0 
