60
0 0.0  0.831824  0.867510  0.289463  0.549223  0.768083  0.796090  0.782663  0.653613  0.747989  0.697966  0.838588  0.552672  0.541721  0.749193  0.860082  0.836081  0.866313  0.419052  0.652908  0.740525  0.448271  0.630186  0.861159  0.832892  0.216525  0.241656  0.486852  0.778031  0.647244  0.763318  0.822164  0.555983  0.840659  0.643224  0.748194  0.675666  0.381548  0.627708  0.655643  0.821636  0.680254  0.557133  0.308911  0.462810  0.850630  0.352467  0.290410  0.654841  0.526575  0.458330  0.918738  0.619694  0.443108  0.593353  0.442916  0.385644  0.625062  0.658984  0.773883 
1  0.831824 0.0  0.391395  0.770877  0.601066  0.201262  0.274173  0.322032  0.799968  0.637883  0.587227  0.402730  0.759915  0.795491  0.384217  0.708286  0.998256  0.395560  0.810757  0.689046  0.815292  0.764483  0.758494  0.272282  0.872497  0.776836  0.751577  0.815666  0.703408  0.737254  0.569932  0.414550  0.767222  0.637328  0.850706  0.685072  0.877669  0.775540  0.853342  0.772844  0.349370  0.794954  0.834497  0.808263  0.764180  0.673987  0.774733  0.894462  0.760475  0.718104  0.755232  0.809109  0.759494  0.800477  0.806102  0.752759  0.795822  0.728314  0.396779  0.858483 
2  0.867510  0.391395 0.0  0.739140  0.609109  0.371216  0.197252  0.216861  0.807684  0.655862  0.655883  0.192346  0.847948  0.795047  0.305267  0.785460  0.789982  0.208356  1.000000  0.620725  0.692049  0.808527  0.768927  0.319888  0.672395  0.901458  0.865050  0.873267  0.740158  0.817264  0.492501  0.220210  0.688526  0.566631  0.805449  0.665341  0.796727  0.820023  0.790643  0.954876  0.299262  0.768267  0.886275  0.944512  0.891034  0.793364  0.874618  0.804845  0.760901  0.845749  0.664308  0.840699  0.875060  0.836263  0.818070  0.766405  0.863170  0.931337  0.309919  0.664487 
3  0.289463  0.770877  0.739140 0.0  0.537881  0.688249  0.878847  0.654881  0.583660  0.638035  0.728959  0.852150  0.670866  0.538105  0.766670  0.740068  0.833826  0.721796  0.292185  0.745406  0.813517  0.595858  0.619271  0.752420  0.863143  0.424919  0.395692  0.299945  0.800854  0.516891  0.724959  0.755092  0.549594  0.703473  0.529004  0.714200  0.620338  0.267263  0.462773  0.596807  0.689703  0.586267  0.662678  0.467835  0.393603  0.687937  0.388155  0.305369  0.634398  0.503026  0.471440  0.788269  0.523918  0.247464  0.683352  0.448512  0.220403  0.631655  0.747282  0.680490 
4  0.549223  0.601066  0.609109  0.537881 0.0  0.675429  0.660973  0.691166  0.602308  0.527852  0.699473  0.642259  0.566573  0.558111  0.706938  0.656499  0.761935  0.741810  0.530253  0.503511  0.650547  0.554189  0.567763  0.618423  0.595453  0.657145  0.542808  0.536719  0.654338  0.535088  0.559658  0.591057  0.489949  0.559998  0.591312  0.574718  0.612526  0.634705  0.500993  0.592254  0.641869  0.599519  0.564153  0.624617  0.601336  0.620140  0.594150  0.472906  0.616091  0.593593  0.543017  0.653459  0.584156  0.546740  0.580819  0.561595  0.539016  0.624012  0.515465  0.687218 
5  0.768083  0.201262  0.371216  0.688249  0.675429 0.0  0.335395  0.278198  0.773778  0.601038  0.635112  0.488846  0.786780  0.791913  0.203128  0.785842  0.963939  0.286642  0.768031  0.669646  0.844762  0.796369  0.850511  0.264691  0.907221  0.880856  0.749721  0.829446  0.703509  0.832650  0.579347  0.396668  0.883437  0.589724  0.874522  0.833593  0.856175  0.868771  0.796127  0.988310  0.343036  0.883944  0.795939  0.831157  0.778218  0.810147  0.865779  0.848996  0.782538  0.839786  0.794245  0.797167  0.868669  0.853307  0.890484  0.810274  0.728125  0.824024  0.231128  0.791448 
6  0.796090  0.274173  0.197252  0.878847  0.660973  0.335395 0.0  0.357857  0.766421  0.727383  0.757188  0.387877  0.864711  0.876656  0.260065  0.929326  0.788912  0.252779  0.767752  0.684696  0.832804  0.822510  0.755901  0.326655  0.843353  0.825569  0.807915  0.839183  0.688020  0.837179  0.622423  0.201732  0.821379  0.598686  0.836309  0.820643  0.928178  0.824232  0.816029  0.752122  0.244211  0.848785  0.833619  0.707930  0.932543  0.712800  0.872173  0.792816  0.828727  0.902530  0.783016  0.755840  0.838411  0.818047  0.846405  0.674955  0.757283  0.854757  0.136213  0.765150 
7  0.782663  0.322032  0.216861  0.654881  0.691166  0.278198  0.357857 0.0  0.894843  0.597515  0.652272  0.403031  0.749433  0.714991  0.209252  0.830494  0.788168  0.417599  0.788789  0.648380  0.902573  0.711348  0.736211  0.282236  0.793924  0.711908  0.870614  0.914218  0.794859  0.789438  0.604765  0.334570  0.861763  0.503948  0.842572  0.665717  0.832457  0.873466  0.911818  0.829863  0.377946  0.863180  0.866017  0.707355  0.778624  0.790274  0.892058  0.870332  0.804323  0.796315  0.803943  0.792047  0.793584  0.783998  0.838383  0.827165  0.725019  0.850918  0.202531  0.708838 
8  0.653613  0.799968  0.807684  0.583660  0.602308  0.773778  0.766421  0.894843 0.0  0.502544  0.660756  0.888776  0.436882  0.302546  0.755861  0.793777  0.846804  0.894179  0.584608  0.671453  0.822108  0.304899  0.641552  0.797251  0.822179  0.553197  0.600590  0.627337  0.651121  0.373177  0.863120  0.911266  0.397896  0.742102  0.284745  0.666050  0.258658  0.591133  0.397532  0.533587  0.724195  0.409319  0.500256  0.552121  0.564224  0.721900  0.586667  0.458823  0.399993  0.628324  0.498502  0.806615  0.288812  0.639114  0.599348  0.588605  0.574401  0.289518  0.830768  0.612716 
9  0.747989  0.637883  0.655862  0.638035  0.527852  0.601038  0.727383  0.597515  0.502544 0.0  0.631924  0.637804  0.523287  0.649293  0.610286  0.660832  0.737020  0.668140  0.567404  0.560785  0.561440  0.619032  0.615612  0.709370  0.737537  0.686112  0.613276  0.687472  0.557841  0.702990  0.553500  0.644912  0.593613  0.651525  0.649137  0.564560  0.622326  0.620015  0.631237  0.531909  0.575179  0.642080  0.615043  0.588300  0.629635  0.571859  0.796107  0.595843  0.573767  0.471865  0.638299  0.625540  0.662428  0.562146  0.551422  0.522094  0.557669  0.610698  0.594971  0.514361 
10  0.697966  0.587227  0.655883  0.728959  0.699473  0.635112  0.757188  0.652272  0.660756  0.631924 0.0  0.770646  0.548694  0.733837  0.635308  0.829359  0.925193  0.822202  0.632303  0.671365  0.813345  0.623560  0.424406  0.773948  0.891358  0.666378  0.840632  0.757336  0.773243  0.731254  0.831986  0.815033  0.693800  0.876012  0.630924  0.676127  0.664648  0.642343  0.717869  0.727596  0.664109  0.761367  0.741928  0.711400  0.587215  0.744095  0.725931  0.748774  0.661864  0.741867  0.713504  0.824990  0.684732  0.663371  0.764526  0.714864  0.783752  0.664290  0.786829  0.717525 
11  0.838588  0.402730  0.192346  0.852150  0.642259  0.488846  0.387877  0.403031  0.888776  0.637804  0.770646 0.0  0.806227  0.927777  0.325715  0.767606  0.735281  0.165087  0.887359  0.608497  0.727168  0.806732  0.659091  0.360932  0.816828  0.793923  0.957631  0.848799  0.720107  0.930803  0.521973  0.219588  0.757676  0.547728  0.767966  0.733703  0.831240  0.919704  0.854634  0.876482  0.271293  0.793617  0.746891  0.819469  0.842687  0.727412  0.930577  0.806425  0.734446  0.765239  0.787962  0.753038  0.772535  0.824613  0.964799  0.829375  0.707602  0.902066  0.267040  0.711202 
12  0.552672  0.759915  0.847948  0.670866  0.566573  0.786780  0.864711  0.749433  0.436882  0.523287  0.548694  0.806227 0.0  0.564827  0.758151  0.806514  0.833929  0.782338  0.630703  0.526376  0.820472  0.341230  0.686151  0.803180  0.901228  0.666138  0.578032  0.520875  0.798103  0.476266  0.823559  0.755036  0.241885  0.771226  0.417492  0.612242  0.388371  0.648341  0.331508  0.417251  0.834418  0.521117  0.526840  0.602036  0.581916  0.861629  0.499168  0.538823  0.551450  0.574502  0.438509  0.731377  0.391307  0.552118  0.560004  0.563937  0.647349  0.500261  0.889945  0.543508 
13  0.541721  0.795491  0.795047  0.538105  0.558111  0.791913  0.876656  0.714991  0.302546  0.649293  0.733837  0.927777  0.564827 0.0  0.834192  0.858743  0.880375  0.843573  0.415579  0.600500  0.721861  0.510147  0.802591  0.824561  0.822214  0.498860  0.470622  0.497450  0.736490  0.481232  0.751212  0.820883  0.394408  0.742626  0.466029  0.806853  0.530811  0.467598  0.548445  0.566557  0.746269  0.605862  0.516153  0.421270  0.510186  0.798695  0.502227  0.549435  0.494947  0.468564  0.379997  0.733190  0.450592  0.636071  0.585753  0.557464  0.567205  0.482835  0.750531  0.798514 
14  0.749193  0.384217  0.305267  0.766670  0.706938  0.203128  0.260065  0.209252  0.755861  0.610286  0.635308  0.325715  0.758151  0.834192 0.0  0.715101  0.817859  0.380797  0.858637  0.631989  0.861876  0.787166  0.732089  0.380056  0.841280  0.843523  0.853004  0.792336  0.768611  0.835857  0.455391  0.302396  0.774419  0.572997  0.848140  0.712120  0.826584  0.689388  0.834344  0.878434  0.379019  0.838644  0.871703  0.849389  0.814180  0.746710  0.674784  0.707256  0.821120  0.816763  0.684669  0.817326  0.744951  0.782780  0.852462  0.827600  0.856897  0.741224  0.280005  0.777795 
15  0.860082  0.708286  0.785460  0.740068  0.656499  0.785842  0.929326  0.830494  0.793777  0.660832  0.829359  0.767606  0.806514  0.858743  0.715101 0.0  0.734431  0.655378  0.781656  0.673445  0.169077  0.794407  0.836567  0.788724  0.862561  0.853548  0.836072  0.822269  0.704097  0.773614  0.760292  0.690763  0.763196  0.778636  0.753642  0.661646  0.803401  0.808801  0.756478  0.741282  0.742684  0.868876  0.627864  0.833924  0.849648  0.653693  0.770699  0.738626  0.629298  0.494416  0.786637  0.352866  0.796463  0.819232  0.682448  0.621254  0.900562  0.822179  0.782747  0.599658 
16  0.836081  0.998256  0.789982  0.833826  0.761935  0.963939  0.788912  0.788168  0.846804  0.737020  0.925193  0.735281  0.833929  0.880375  0.817859  0.734431 0.0  0.763806  0.919376  0.689850  0.842659  0.828572  0.784616  0.845673  0.203287  0.750059  0.863933  0.984722  0.753854  0.823967  0.789306  0.852775  0.877196  0.909012  0.845924  0.827319  0.841045  0.882886  0.848876  0.889815  0.830013  0.803262  0.804208  0.779367  0.854692  0.760475  0.843541  0.876225  0.860035  0.786109  0.852814  0.783141  0.939040  0.926094  0.744905  0.918955  0.803924  0.883977  0.871597  0.809749 
17  0.866313  0.395560  0.208356  0.721796  0.741810  0.286642  0.252779  0.417599  0.894179  0.668140  0.822202  0.165087  0.782338  0.843573  0.380797  0.655378  0.763806 0.0  0.847072  0.692744  0.787508  0.839736  0.726056  0.391340  0.690738  0.947603  0.772236  0.909926  0.710795  0.927537  0.561628  0.256743  0.797642  0.539825  0.915946  0.630287  0.920111  0.881078  0.840992  0.990799  0.189224  0.837168  0.819563  0.857023  0.812116  0.715707  0.841619  0.896590  0.879573  0.796542  0.762917  0.696415  0.742512  0.906425  0.755041  0.801704  0.797969  0.869541  0.252268  0.745599 
18  0.419052  0.810757  1.000000  0.292185  0.530253  0.768031  0.767752  0.788789  0.584608  0.567404  0.632303  0.887359  0.630703  0.415579  0.858637  0.781656  0.919376  0.847072 0.0  0.686244  0.796235  0.628121  0.703067  0.818727  0.970161  0.505894  0.477451  0.311048  0.680452  0.580715  0.738193  0.827364  0.574127  0.683356  0.676385  0.716648  0.597856  0.473587  0.605404  0.556833  0.930325  0.543382  0.560270  0.444530  0.367036  0.722748  0.447802  0.474778  0.493533  0.455957  0.490719  0.736508  0.553960  0.354161  0.587162  0.437392  0.165006  0.598097  0.818697  0.810570 
19  0.652908  0.689046  0.620725  0.745406  0.503511  0.669646  0.684696  0.648380  0.671453  0.560785  0.671365  0.608497  0.526376  0.600500  0.631989  0.673445  0.689850  0.692744  0.686244 0.0  0.644650  0.570434  0.577153  0.724512  0.577645  0.689193  0.549582  0.722764  0.651701  0.632572  0.602553  0.728881  0.508712  0.695860  0.588551  0.457097  0.607745  0.523748  0.456641  0.547557  0.647917  0.493769  0.517012  0.674802  0.564308  0.643717  0.691453  0.777409  0.551968  0.652044  0.694463  0.666261  0.746733  0.714949  0.565904  0.699329  0.621209  0.638373  0.643524  0.621680 
20  0.740525  0.815292  0.692049  0.813517  0.650547  0.844762  0.832804  0.902573  0.822108  0.561440  0.813345  0.727168  0.820472  0.721861  0.861876  0.169077  0.842659  0.787508  0.796235  0.644650 0.0  0.802290  0.769946  0.784353  0.834738  0.768971  0.831722  0.894776  0.689585  0.882829  0.712657  0.774486  0.792156  0.835083  0.776933  0.645347  0.828426  0.856393  0.770913  0.734872  0.697991  0.841189  0.787249  0.812765  0.919616  0.761754  0.881703  0.697712  0.763396  0.646198  0.831496  0.170517  0.795966  0.922559  0.525013  0.556907  0.863151  0.786771  0.773210  0.392636 
21  0.448271  0.764483  0.808527  0.595858  0.554189  0.796369  0.822510  0.711348  0.304899  0.619032  0.623560  0.806732  0.341230  0.510147  0.787166  0.794407  0.828572  0.839736  0.628121  0.570434  0.802290 0.0  0.732464  0.683501  0.867008  0.532451  0.616189  0.589738  0.773032  0.319433  0.661447  0.749263  0.272532  0.737218  0.292345  0.778783  0.261799  0.683001  0.389851  0.578079  0.877935  0.444682  0.616055  0.600849  0.518060  0.782500  0.688220  0.716780  0.533317  0.742081  0.558831  0.778645  0.336217  0.562731  0.590762  0.489457  0.674257  0.219737  0.792435  0.486467 
22  0.630186  0.758494  0.768927  0.619271  0.567763  0.850511  0.755901  0.736211  0.641552  0.615612  0.424406  0.659091  0.686151  0.802591  0.732089  0.836567  0.784616  0.726056  0.703067  0.577153  0.769946  0.732464 0.0  0.792384  0.764173  0.809591  0.678482  0.680440  0.750500  0.655117  0.668218  0.755928  0.771367  0.653400  0.760190  0.787390  0.713626  0.680136  0.706885  0.698482  0.775378  0.843592  0.803873  0.705599  0.724164  0.823115  0.655076  0.747257  0.711247  0.721602  0.695251  0.812912  0.683949  0.671030  0.819879  0.660023  0.614360  0.787991  0.719014  0.705951 
23  0.861159  0.272282  0.319888  0.752420  0.618423  0.264691  0.326655  0.282236  0.797251  0.709370  0.773948  0.360932  0.803180  0.824561  0.380056  0.788724  0.845673  0.391340  0.818727  0.724512  0.784353  0.683501  0.792384 0.0  0.884158  0.897985  0.957663  0.723658  0.784437  0.748625  0.613922  0.344239  0.840702  0.681643  0.803982  0.747160  0.755937  0.753124  0.849006  0.888310  0.332443  0.867467  0.819766  0.791532  0.666039  0.697008  0.753726  0.749214  0.738947  0.697787  0.763898  0.730885  0.768369  0.883064  0.824147  0.786096  0.789528  0.825275  0.414194  0.804392 
24  0.832892  0.872497  0.672395  0.863143  0.595453  0.907221  0.843353  0.793924  0.822179  0.737537  0.891358  0.816828  0.901228  0.822214  0.841280  0.862561  0.203287  0.690738  0.970161  0.577645  0.834738  0.867008  0.764173  0.884158 0.0  0.838055  0.949334  0.910764  0.755366  0.740272  0.806127  0.791638  0.841688  0.794757  0.865981  0.808118  0.858244  0.806386  0.812793  0.875440  0.737735  0.769278  0.823048  0.805371  0.897709  0.800389  0.858777  0.781786  0.836029  0.817279  0.737676  0.759457  0.798362  0.903444  0.819102  0.905256  0.787849  0.832333  0.765001  0.816119 
25  0.216525  0.776836  0.901458  0.424919  0.657145  0.880856  0.825569  0.711908  0.553197  0.686112  0.666378  0.793923  0.666138  0.498860  0.843523  0.853548  0.750059  0.947603  0.505894  0.689193  0.768971  0.532451  0.809591  0.897985  0.838055 0.0  0.138727  0.528024  0.771784  0.615471  0.786869  0.830381  0.621202  0.734193  0.620079  0.742262  0.573227  0.405276  0.649098  0.793349  0.832680  0.644164  0.487061  0.219078  0.532195  0.712389  0.451363  0.215659  0.525139  0.638771  0.496243  0.861170  0.617383  0.446365  0.636900  0.588261  0.509923  0.721814  0.778432  0.848685 
26  0.241656  0.751577  0.865050  0.395692  0.542808  0.749721  0.807915  0.870614  0.600590  0.613276  0.840632  0.957631  0.578032  0.470622  0.853004  0.836072  0.863933  0.772236  0.477451  0.549582  0.831722  0.616189  0.678482  0.957663  0.949334  0.138727 0.0  0.515811  0.881024  0.630579  0.807573  0.887695  0.641207  0.786409  0.565531  0.654727  0.562146  0.490834  0.550847  0.666850  0.817155  0.692958  0.529461  0.374013  0.478592  0.714264  0.494426  0.312248  0.505507  0.527701  0.485277  0.792946  0.604430  0.380512  0.703415  0.482071  0.383619  0.652527  0.737297  0.759196 
27  0.486852  0.815666  0.873267  0.299945  0.536719  0.829446  0.839183  0.914218  0.627337  0.687472  0.757336  0.848799  0.520875  0.497450  0.792336  0.822269  0.984722  0.909926  0.311048  0.722764  0.894776  0.589738  0.680440  0.723658  0.910764  0.528024  0.515811 0.0  0.846027  0.659873  0.789070  0.878133  0.601718  0.729266  0.602653  0.691843  0.625259  0.398936  0.549883  0.766716  0.821510  0.680114  0.656650  0.495447  0.417234  0.816718  0.448733  0.393811  0.586636  0.678693  0.398493  0.853839  0.615507  0.289650  0.673853  0.552876  0.283186  0.668518  0.883753  0.796411 
28  0.778031  0.703408  0.740158  0.800854  0.654338  0.703509  0.688020  0.794859  0.651121  0.557841  0.773243  0.720107  0.798103  0.736490  0.768611  0.704097  0.753854  0.710795  0.680452  0.651701  0.689585  0.773032  0.750500  0.784437  0.755366  0.771784  0.881024  0.846027 0.0  0.734879  0.710389  0.770088  0.744509  0.740975  0.762137  0.431124  0.819524  0.739387  0.765632  0.633772  0.636281  0.660609  0.787789  0.724518  0.727569  0.397568  0.720521  0.795106  0.727150  0.795829  0.783041  0.707348  0.742244  0.758764  0.582878  0.723332  0.799890  0.701514  0.817002  0.852986 
29  0.647244  0.737254  0.817264  0.516891  0.535088  0.832650  0.837179  0.789438  0.373177  0.702990  0.731254  0.930803  0.476266  0.481232  0.835857  0.773614  0.823967  0.927537  0.580715  0.632572  0.882829  0.319433  0.655117  0.748625  0.740272  0.615471  0.630579  0.659873  0.734879 0.0  0.731478  0.921586  0.312798  0.809226  0.380984  0.725801  0.368863  0.523453  0.317514  0.522868  0.853610  0.521541  0.523728  0.555551  0.617365  0.735305  0.576605  0.496279  0.584007  0.614466  0.587426  0.787318  0.333753  0.540031  0.657696  0.525837  0.544477  0.249476  0.874697  0.540201 
30  0.763318  0.569932  0.492501  0.724959  0.559658  0.579347  0.622423  0.604765  0.863120  0.553500  0.831986  0.521973  0.823559  0.751212  0.455391  0.760292  0.789306  0.561628  0.738193  0.602553  0.712657  0.661447  0.668218  0.613922  0.806127  0.786869  0.807573  0.789070  0.710389  0.731478 0.0  0.585413  0.735248  0.418555  0.751945  0.742586  0.840741  0.688721  0.807062  0.835581  0.497973  0.750726  0.832255  0.667048  0.661424  0.758244  0.750695  0.671208  0.813676  0.964735  0.807360  0.773222  0.662221  0.724311  0.854197  0.749432  0.906605  0.784912  0.596747  0.746804 
31  0.822164  0.414550  0.220210  0.755092  0.591057  0.396668  0.201732  0.334570  0.911266  0.644912  0.815033  0.219588  0.755036  0.820883  0.302396  0.690763  0.852775  0.256743  0.827364  0.728881  0.774486  0.749263  0.755928  0.344239  0.791638  0.830381  0.887695  0.878133  0.770088  0.921586  0.585413 0.0  0.841649  0.562655  0.803454  0.704043  0.802479  0.831011  0.879363  0.860269  0.204126  0.833786  0.795619  0.870189  0.907710  0.684090  0.872380  0.908137  0.758087  0.833447  0.830352  0.621900  0.899958  0.798563  0.846323  0.782089  0.843257  0.888117  0.316849  0.816863 
32  0.555983  0.767222  0.688526  0.549594  0.489949  0.883437  0.821379  0.861763  0.397896  0.593613  0.693800  0.757676  0.241885  0.394408  0.774419  0.763196  0.877196  0.797642  0.574127  0.508712  0.792156  0.272532  0.771367  0.840702  0.841688  0.621202  0.641207  0.601718  0.744509  0.312798  0.735248  0.841649 0.0  0.825036  0.393670  0.660094  0.276883  0.572146  0.385224  0.415047  0.859512  0.466622  0.641712  0.712445  0.642791  0.705775  0.524460  0.651550  0.537707  0.671816  0.399581  0.747690  0.344244  0.610147  0.533832  0.391099  0.704395  0.162653  0.839651  0.488389 
33  0.840659  0.637328  0.566631  0.703473  0.559998  0.589724  0.598686  0.503948  0.742102  0.651525  0.876012  0.547728  0.771226  0.742626  0.572997  0.778636  0.909012  0.539825  0.683356  0.695860  0.835083  0.737218  0.653400  0.681643  0.794757  0.734193  0.786409  0.729266  0.740975  0.809226  0.418555  0.562655  0.825036 0.0  0.761274  0.779884  0.753289  0.693067  0.792186  0.732160  0.592299  0.839675  0.804525  0.702040  0.792828  0.889316  0.731768  0.816804  0.872310  0.803448  0.701424  0.858104  0.765191  0.713827  0.948234  0.751569  0.846850  0.847881  0.511855  0.687300 
34  0.643224  0.850706  0.805449  0.529004  0.591312  0.874522  0.836309  0.842572  0.284745  0.649137  0.630924  0.767966  0.417492  0.466029  0.848140  0.753642  0.845924  0.915946  0.676385  0.588551  0.776933  0.292345  0.760190  0.803982  0.865981  0.620079  0.565531  0.602653  0.762137  0.380984  0.751945  0.803454  0.393670  0.761274 0.0  0.700251  0.314828  0.552081  0.223306  0.574986  0.824169  0.506382  0.534855  0.500321  0.613975  0.764636  0.610264  0.505285  0.479491  0.635170  0.408714  0.716821  0.090591  0.649982  0.627287  0.606745  0.589754  0.350516  0.712142  0.546496 
35  0.748194  0.685072  0.665341  0.714200  0.574718  0.833593  0.820643  0.665717  0.666050  0.564560  0.676127  0.733703  0.612242  0.806853  0.712120  0.661646  0.827319  0.630287  0.716648  0.457097  0.645347  0.778783  0.787390  0.747160  0.808118  0.742262  0.654727  0.691843  0.431124  0.725801  0.742586  0.704043  0.660094  0.779884  0.700251 0.0  0.725152  0.799807  0.685955  0.606452  0.628037  0.732266  0.752105  0.677646  0.628323  0.405540  0.702509  0.766113  0.656498  0.721009  0.730647  0.707116  0.750694  0.739385  0.648339  0.680417  0.770920  0.871209  0.713461  0.752263 
36  0.675666  0.877669  0.796727  0.620338  0.612526  0.856175  0.928178  0.832457  0.258658  0.622326  0.664648  0.831240  0.388371  0.530811  0.826584  0.803401  0.841045  0.920111  0.597856  0.607745  0.828426  0.261799  0.713626  0.755937  0.858244  0.573227  0.562146  0.625259  0.819524  0.368863  0.840741  0.802479  0.276883  0.753289  0.314828  0.725152 0.0  0.519352  0.296756  0.489072  0.844156  0.490520  0.562350  0.530622  0.653787  0.726382  0.643825  0.623517  0.514783  0.598910  0.382128  0.768990  0.230452  0.614875  0.633058  0.582071  0.582929  0.179687  0.831189  0.542282 
37  0.381548  0.775540  0.820023  0.267263  0.634705  0.868771  0.824232  0.873466  0.591133  0.620015  0.642343  0.919704  0.648341  0.467598  0.689388  0.808801  0.882886  0.881078  0.473587  0.523748  0.856393  0.683001  0.680136  0.753124  0.806386  0.405276  0.490834  0.398936  0.739387  0.523453  0.688721  0.831011  0.572146  0.693067  0.552081  0.799807  0.519352 0.0  0.546377  0.573844  0.899989  0.557199  0.541111  0.493925  0.193493  0.713925  0.241326  0.419802  0.600444  0.668162  0.328502  0.756269  0.523363  0.523913  0.622489  0.549533  0.334616  0.601000  0.716133  0.731086 
38  0.627708  0.853342  0.790643  0.462773  0.500993  0.796127  0.816029  0.911818  0.397532  0.631237  0.717869  0.854634  0.331508  0.548445  0.834344  0.756478  0.848876  0.840992  0.605404  0.456641  0.770913  0.389851  0.706885  0.849006  0.812793  0.649098  0.550847  0.549883  0.765632  0.317514  0.807062  0.879363  0.385224  0.792186  0.223306  0.685955  0.296756  0.546377 0.0  0.359979  0.860958  0.332715  0.510699  0.540149  0.486765  0.626601  0.489635  0.607800  0.545862  0.476861  0.509263  0.778210  0.442333  0.651659  0.571541  0.544632  0.526554  0.357324  0.941935  0.606906 
39  0.655643  0.772844  0.954876  0.596807  0.592254  0.988310  0.752122  0.829863  0.533587  0.531909  0.727596  0.876482  0.417251  0.566557  0.878434  0.741282  0.889815  0.990799  0.556833  0.547557  0.734872  0.578079  0.698482  0.888310  0.875440  0.793349  0.666850  0.766716  0.633772  0.522868  0.835581  0.860269  0.415047  0.732160  0.574986  0.606452  0.489072  0.573844  0.359979 0.0  0.938937  0.160194  0.449226  0.674415  0.759900  0.690781  0.613204  0.783785  0.608953  0.604519  0.615353  0.850406  0.495534  0.601320  0.584289  0.543320  0.753715  0.415328  0.793523  0.386725 
40  0.821636  0.349370  0.299262  0.689703  0.641869  0.343036  0.244211  0.377946  0.724195  0.575179  0.664109  0.271293  0.834418  0.746269  0.379019  0.742684  0.830013  0.189224  0.930325  0.647917  0.697991  0.877935  0.775378  0.332443  0.737735  0.832680  0.817155  0.821510  0.636281  0.853610  0.497973  0.204126  0.859512  0.592299  0.824169  0.628037  0.844156  0.899989  0.860958  0.938937 0.0  0.823385  0.847514  0.881290  0.861579  0.675379  0.765024  0.916789  0.773928  0.765091  0.815638  0.681878  0.835965  0.904077  0.779306  0.861857  0.866869  0.799794  0.249165  0.741676 
41  0.680254  0.794954  0.768267  0.586267  0.599519  0.883944  0.848785  0.863180  0.409319  0.642080  0.761367  0.793617  0.521117  0.605862  0.838644  0.868876  0.803262  0.837168  0.543382  0.493769  0.841189  0.444682  0.843592  0.867467  0.769278  0.644164  0.692958  0.680114  0.660609  0.521541  0.750726  0.833786  0.466622  0.839675  0.506382  0.732266  0.490520  0.557199  0.332715  0.160194  0.823385 0.0  0.581234  0.473197  0.699440  0.769717  0.650157  0.712741  0.526326  0.600651  0.617799  0.748136  0.495916  0.610409  0.509587  0.611910  0.550484  0.406709  0.804377  0.492083 
42  0.557133  0.834497  0.886275  0.662678  0.564153  0.795939  0.833619  0.866017  0.500256  0.615043  0.741928  0.746891  0.526840  0.516153  0.871703  0.627864  0.804208  0.819563  0.560270  0.517012  0.787249  0.616055  0.803873  0.819766  0.823048  0.487061  0.529461  0.656650  0.787789  0.523728  0.832255  0.795619  0.641712  0.804525  0.534855  0.752105  0.562350  0.541111  0.510699  0.449226  0.847514  0.581234 0.0  0.579249  0.662988  0.734832  0.580076  0.501863  0.312205  0.417047  0.494831  0.692616  0.520025  0.579384  0.393084  0.330702  0.599871  0.562677  0.865949  0.725702 
43  0.308911  0.808263  0.944512  0.467835  0.624617  0.831157  0.707930  0.707355  0.552121  0.588300  0.711400  0.819469  0.602036  0.421270  0.849389  0.833924  0.779367  0.857023  0.444530  0.674802  0.812765  0.600849  0.705599  0.791532  0.805371  0.219078  0.374013  0.495447  0.724518  0.555551  0.667048  0.870189  0.712445  0.702040  0.500321  0.677646  0.530622  0.493925  0.540149  0.674415  0.881290  0.473197  0.579249 0.0  0.320958  0.738987  0.393990  0.152640  0.527641  0.565030  0.475326  0.779586  0.489818  0.418264  0.744620  0.382439  0.407332  0.616494  0.863938  0.791067 
44  0.462810  0.764180  0.891034  0.393603  0.601336  0.778218  0.932543  0.778624  0.564224  0.629635  0.587215  0.842687  0.581916  0.510186  0.814180  0.849648  0.854692  0.812116  0.367036  0.564308  0.919616  0.518060  0.724164  0.666039  0.897709  0.532195  0.478592  0.417234  0.727569  0.617365  0.661424  0.907710  0.642791  0.792828  0.613975  0.628323  0.653787  0.193493  0.486765  0.759900  0.861579  0.699440  0.662988  0.320958 0.0  0.800335  0.267899  0.373898  0.524032  0.720218  0.459113  0.852003  0.603770  0.359464  0.624609  0.512345  0.473807  0.503651  0.746002  0.682332 
45  0.850630  0.673987  0.793364  0.687937  0.620140  0.810147  0.712800  0.790274  0.721900  0.571859  0.744095  0.727412  0.861629  0.798695  0.746710  0.653693  0.760475  0.715707  0.722748  0.643717  0.761754  0.782500  0.823115  0.697008  0.800389  0.712389  0.714264  0.816718  0.397568  0.735305  0.758244  0.684090  0.705775  0.889316  0.764636  0.405540  0.726382  0.713925  0.626601  0.690781  0.675379  0.769717  0.734832  0.738987  0.800335 0.0  0.788774  0.883396  0.706489  0.679819  0.806662  0.759176  0.713795  0.881799  0.672060  0.716914  0.811534  0.734384  0.756084  0.600793 
46  0.352467  0.774733  0.874618  0.388155  0.594150  0.865779  0.872173  0.892058  0.586667  0.796107  0.725931  0.930577  0.499168  0.502227  0.674784  0.770699  0.843541  0.841619  0.447802  0.691453  0.881703  0.688220  0.655076  0.753726  0.858777  0.451363  0.494426  0.448733  0.720521  0.576605  0.750695  0.872380  0.524460  0.731768  0.610264  0.702509  0.643825  0.241326  0.489635  0.613204  0.765024  0.650157  0.580076  0.393990  0.267899  0.788774 0.0  0.424322  0.614364  0.588352  0.486852  0.805555  0.655028  0.379409  0.640727  0.520321  0.345961  0.617513  0.774454  0.759649 
47  0.290410  0.894462  0.804845  0.305369  0.472906  0.848996  0.792816  0.870332  0.458823  0.595843  0.748774  0.806425  0.538823  0.549435  0.707256  0.738626  0.876225  0.896590  0.474778  0.777409  0.697712  0.716780  0.747257  0.749214  0.781786  0.215659  0.312248  0.393811  0.795106  0.496279  0.671208  0.908137  0.651550  0.816804  0.505285  0.766113  0.623517  0.419802  0.607800  0.783785  0.916789  0.712741  0.501863  0.152640  0.373898  0.883396  0.424322 0.0  0.546608  0.524333  0.515599  0.792859  0.522574  0.458313  0.590854  0.462113  0.553315  0.609158  0.685749  0.644747 
48  0.654841  0.760475  0.760901  0.634398  0.616091  0.782538  0.828727  0.804323  0.399993  0.573767  0.661864  0.734446  0.551450  0.494947  0.821120  0.629298  0.860035  0.879573  0.493533  0.551968  0.763396  0.533317  0.711247  0.738947  0.836029  0.525139  0.505507  0.586636  0.727150  0.584007  0.813676  0.758087  0.537707  0.872310  0.479491  0.656498  0.514783  0.600444  0.545862  0.608953  0.773928  0.526326  0.312205  0.527641  0.524032  0.706489  0.614364  0.546608 0.0  0.275144  0.480524  0.749279  0.573064  0.568848  0.406704  0.371387  0.646735  0.490755  0.634660  0.742583 
49  0.526575  0.718104  0.845749  0.503026  0.593593  0.839786  0.902530  0.796315  0.628324  0.471865  0.741867  0.765239  0.574502  0.468564  0.816763  0.494416  0.786109  0.796542  0.455957  0.652044  0.646198  0.742081  0.721602  0.697787  0.817279  0.638771  0.527701  0.678693  0.795829  0.614466  0.964735  0.833447  0.671816  0.803448  0.635170  0.721009  0.598910  0.668162  0.476861  0.604519  0.765091  0.600651  0.417047  0.565030  0.720218  0.679819  0.588352  0.524333  0.275144 0.0  0.382926  0.599620  0.551734  0.618301  0.510578  0.355636  0.621068  0.637577  0.812676  0.747375 
50  0.458330  0.755232  0.664308  0.471440  0.543017  0.794245  0.783016  0.803943  0.498502  0.638299  0.713504  0.787962  0.438509  0.379997  0.684669  0.786637  0.852814  0.762917  0.490719  0.694463  0.831496  0.558831  0.695251  0.763898  0.737676  0.496243  0.485277  0.398493  0.783041  0.587426  0.807360  0.830352  0.399581  0.701424  0.408714  0.730647  0.382128  0.328502  0.509263  0.615353  0.815638  0.617799  0.494831  0.475326  0.459113  0.806662  0.486852  0.515599  0.480524  0.382926 0.0  0.854703  0.500231  0.517856  0.563632  0.543031  0.482486  0.629746  0.814910  0.819952 
51  0.918738  0.809109  0.840699  0.788269  0.653459  0.797167  0.755840  0.792047  0.806615  0.625540  0.824990  0.753038  0.731377  0.733190  0.817326  0.352866  0.783141  0.696415  0.736508  0.666261  0.170517  0.778645  0.812912  0.730885  0.759457  0.861170  0.792946  0.853839  0.707348  0.787318  0.773222  0.621900  0.747690  0.858104  0.716821  0.707116  0.768990  0.756269  0.778210  0.850406  0.681878  0.748136  0.692616  0.779586  0.852003  0.759176  0.805555  0.792859  0.749279  0.599620  0.854703 0.0  0.773637  0.837208  0.637723  0.679388  0.873173  0.756177  0.795413  0.486138 
52  0.619694  0.759494  0.875060  0.523918  0.584156  0.868669  0.838411  0.793584  0.288812  0.662428  0.684732  0.772535  0.391307  0.450592  0.744951  0.796463  0.939040  0.742512  0.553960  0.746733  0.795966  0.336217  0.683949  0.768369  0.798362  0.617383  0.604430  0.615507  0.742244  0.333753  0.662221  0.899958  0.344244  0.765191  0.090591  0.750694  0.230452  0.523363  0.442333  0.495534  0.835965  0.495916  0.520025  0.489818  0.603770  0.713795  0.655028  0.522574  0.573064  0.551734  0.500231  0.773637 0.0  0.572125  0.684186  0.514698  0.481231  0.281915  0.837043  0.517804 
53  0.443108  0.800477  0.836263  0.247464  0.546740  0.853307  0.818047  0.783998  0.639114  0.562146  0.663371  0.824613  0.552118  0.636071  0.782780  0.819232  0.926094  0.906425  0.354161  0.714949  0.922559  0.562731  0.671030  0.883064  0.903444  0.446365  0.380512  0.289650  0.758764  0.540031  0.724311  0.798563  0.610147  0.713827  0.649982  0.739385  0.614875  0.523913  0.651659  0.601320  0.904077  0.610409  0.579384  0.418264  0.359464  0.881799  0.379409  0.458313  0.568848  0.618301  0.517856  0.837208  0.572125 0.0  0.640582  0.478386  0.229354  0.611979  0.752156  0.716597 
54  0.593353  0.806102  0.818070  0.683352  0.580819  0.890484  0.846405  0.838383  0.599348  0.551422  0.764526  0.964799  0.560004  0.585753  0.852462  0.682448  0.744905  0.755041  0.587162  0.565904  0.525013  0.590762  0.819879  0.824147  0.819102  0.636900  0.703415  0.673853  0.582878  0.657696  0.854197  0.846323  0.533832  0.948234  0.627287  0.648339  0.633058  0.622489  0.571541  0.584289  0.779306  0.509587  0.393084  0.744620  0.624609  0.672060  0.640727  0.590854  0.406704  0.510578  0.563632  0.637723  0.684186  0.640582 0.0  0.326159  0.709244  0.553628  0.868146  0.724322 
55  0.442916  0.752759  0.766405  0.448512  0.561595  0.810274  0.674955  0.827165  0.588605  0.522094  0.714864  0.829375  0.563937  0.557464  0.827600  0.621254  0.918955  0.801704  0.437392  0.699329  0.556907  0.489457  0.660023  0.786096  0.905256  0.588261  0.482071  0.552876  0.723332  0.525837  0.749432  0.782089  0.391099  0.751569  0.606745  0.680417  0.582071  0.549533  0.544632  0.543320  0.861857  0.611910  0.330702  0.382439  0.512345  0.716914  0.520321  0.462113  0.371387  0.355636  0.543031  0.679388  0.514698  0.478386  0.326159 0.0  0.625139  0.565022  0.833940  0.792813 
56  0.385644  0.795822  0.863170  0.220403  0.539016  0.728125  0.757283  0.725019  0.574401  0.557669  0.783752  0.707602  0.647349  0.567205  0.856897  0.900562  0.803924  0.797969  0.165006  0.621209  0.863151  0.674257  0.614360  0.789528  0.787849  0.509923  0.383619  0.283186  0.799890  0.544477  0.906605  0.843257  0.704395  0.846850  0.589754  0.770920  0.582929  0.334616  0.526554  0.753715  0.866869  0.550484  0.599871  0.407332  0.473807  0.811534  0.345961  0.553315  0.646735  0.621068  0.482486  0.873173  0.481231  0.229354  0.709244  0.625139 0.0  0.570039  0.737650  0.801999 
57  0.625062  0.728314  0.931337  0.631655  0.624012  0.824024  0.854757  0.850918  0.289518  0.610698  0.664290  0.902066  0.500261  0.482835  0.741224  0.822179  0.883977  0.869541  0.598097  0.638373  0.786771  0.219737  0.787991  0.825275  0.832333  0.721814  0.652527  0.668518  0.701514  0.249476  0.784912  0.888117  0.162653  0.847881  0.350516  0.871209  0.179687  0.601000  0.357324  0.415328  0.799794  0.406709  0.562677  0.616494  0.503651  0.734384  0.617513  0.609158  0.490755  0.637577  0.629746  0.756177  0.281915  0.611979  0.553628  0.565022  0.570039 0.0  0.875492  0.577596 
58  0.658984  0.396779  0.309919  0.747282  0.515465  0.231128  0.136213  0.202531  0.830768  0.594971  0.786829  0.267040  0.889945  0.750531  0.280005  0.782747  0.871597  0.252268  0.818697  0.643524  0.773210  0.792435  0.719014  0.414194  0.765001  0.778432  0.737297  0.883753  0.817002  0.874697  0.596747  0.316849  0.839651  0.511855  0.712142  0.713461  0.831189  0.716133  0.941935  0.793523  0.249165  0.804377  0.865949  0.863938  0.746002  0.756084  0.774454  0.685749  0.634660  0.812676  0.814910  0.795413  0.837043  0.752156  0.868146  0.833940  0.737650  0.875492 0.0  0.727706 
59  0.773883  0.858483  0.664487  0.680490  0.687218  0.791448  0.765150  0.708838  0.612716  0.514361  0.717525  0.711202  0.543508  0.798514  0.777795  0.599658  0.809749  0.745599  0.810570  0.621680  0.392636  0.486467  0.705951  0.804392  0.816119  0.848685  0.759196  0.796411  0.852986  0.540201  0.746804  0.816863  0.488389  0.687300  0.546496  0.752263  0.542282  0.731086  0.606906  0.386725  0.741676  0.492083  0.725702  0.791067  0.682332  0.600793  0.759649  0.644747  0.742583  0.747375  0.819952  0.486138  0.517804  0.716597  0.724322  0.792813  0.801999  0.577596  0.727706 0.0 
