60
0 0.0  0.718706  0.819451  0.391946  0.703120  0.735728  0.745533  0.761768  0.578264  0.662628  0.619844  0.793667  0.521191  0.661550  0.809951  0.842887  0.941880  0.814704  0.442326  0.632755  0.759046  0.569626  0.774942  0.677000  0.894124  0.173219  0.100315  0.478371  0.866689  0.613898  0.757706  0.797024  0.658132  0.682326  0.625184  0.711541  0.527264  0.518494  0.584662  0.669782  0.852159  0.652234  0.663614  0.272667  0.428277  0.789326  0.498365  0.288372  0.582779  0.481180  0.423257  0.842924  0.642436  0.397080  0.518607  0.444272  0.530168  0.643656  0.764765  0.757295 
1  0.718706 0.0  0.336883  0.792959  0.642655  0.318940  0.377157  0.300147  0.762869  0.659614  0.703249  0.295927  0.700841  0.680401  0.300508  0.829535  0.877303  0.365317  0.821895  0.581372  0.826746  0.767191  0.658108  0.216332  1.000000  0.724751  0.715197  0.754777  0.765906  0.824438  0.532657  0.404996  0.795446  0.534877  0.810759  0.775287  0.823826  0.804944  0.849987  0.814309  0.362402  0.753723  0.688323  0.693297  0.740753  0.738924  0.624823  0.714390  0.754403  0.876339  0.731931  0.758092  0.832689  0.751357  0.837897  0.810116  0.835886  0.816095  0.316666  0.782441 
2  0.819451  0.336883 0.0  0.822574  0.569910  0.304759  0.232873  0.222160  0.856376  0.574950  0.717053  0.125756  0.700126  0.819652  0.276722  0.710897  0.801598  0.131273  0.745659  0.671842  0.669125  0.776184  0.651768  0.236400  0.694728  0.870666  0.853788  0.858073  0.748039  0.850930  0.538660  0.140219  0.874461  0.612957  0.846836  0.615328  0.834373  0.893547  0.820108  0.900698  0.145194  0.871700  0.758777  0.955444  0.776424  0.829911  0.763428  0.908101  0.752230  0.797144  0.732840  0.685424  0.858668  0.788399  0.783025  0.753936  0.891556  0.857958  0.180863  0.765888 
3  0.391946  0.792959  0.822574 0.0  0.524276  0.737918  0.775676  0.777143  0.426085  0.673594  0.720310  0.836673  0.493365  0.466098  0.649258  0.755564  0.799719  0.804876  0.286995  0.623607  0.860406  0.437615  0.659443  0.658713  0.756353  0.409541  0.360412  0.243280  0.782674  0.510499  0.781116  0.745712  0.574624  0.702147  0.552363  0.688080  0.496087  0.320142  0.462051  0.633340  0.811284  0.551378  0.579705  0.314043  0.392653  0.810563  0.478882  0.335176  0.545451  0.579640  0.466394  0.788085  0.430889  0.189447  0.680439  0.477889  0.126994  0.580875  0.742436  0.704038 
4  0.703120  0.642655  0.569910  0.524276 0.0  0.651327  0.667469  0.621754  0.627150  0.597530  0.527640  0.573062  0.522043  0.509957  0.598432  0.713140  0.668715  0.607400  0.498706  0.531926  0.607474  0.539193  0.613710  0.559202  0.695254  0.474878  0.616364  0.611257  0.624301  0.620798  0.549802  0.633768  0.518411  0.536395  0.653738  0.560926  0.531138  0.576790  0.498014  0.692623  0.676675  0.627295  0.502710  0.555473  0.562657  0.635950  0.532540  0.604868  0.629366  0.662595  0.594234  0.600740  0.535716  0.513921  0.628283  0.553896  0.457269  0.669533  0.600526  0.652403 
5  0.735728  0.318940  0.304759  0.737918  0.651327 0.0  0.321370  0.259300  0.875616  0.755439  0.694375  0.439251  0.772371  0.792337  0.370861  0.816601  0.884930  0.322048  0.869569  0.608663  0.925913  0.810885  0.666956  0.317797  0.861246  0.851985  0.805735  0.864542  0.770814  0.759292  0.617791  0.281935  0.827425  0.511078  0.861984  0.770328  0.891169  0.804975  0.815595  0.944732  0.328848  0.926657  0.832463  0.783890  0.796697  0.919244  0.765583  0.798847  0.775455  0.836268  0.736778  0.798305  0.747325  0.883911  0.823961  0.762255  0.796734  0.915033  0.371264  0.817251 
6  0.745533  0.377157  0.232873  0.775676  0.667469  0.321370 0.0  0.363380  0.772891  0.580537  0.681006  0.080578  0.830181  0.859080  0.371854  0.755342  0.809533  0.316471  0.878524  0.675070  0.728118  0.812181  0.769675  0.190036  0.859921  0.821440  0.798031  0.896991  0.695342  0.796956  0.575473  0.219771  0.842497  0.595125  0.814566  0.755646  0.826774  0.812134  0.841266  0.841845  0.094889  0.889982  0.744772  0.750193  0.845064  0.696441  0.892217  0.791578  0.768619  0.798109  0.762264  0.832387  0.812839  0.953839  0.852217  0.645930  0.774670  0.890586  0.145011  0.643923 
7  0.761768  0.300147  0.222160  0.777143  0.621754  0.259300  0.363380 0.0  0.761998  0.716336  0.709064  0.348622  0.821485  0.840950  0.185431  0.819089  0.817984  0.410631  0.788522  0.611526  0.775945  0.873893  0.796865  0.306434  0.830447  0.751092  0.683006  0.890020  0.814857  0.754299  0.543065  0.378061  0.783476  0.539667  0.726638  0.616102  0.770534  0.817554  0.792215  0.804029  0.364923  0.817603  0.823598  0.708113  0.804787  0.699946  0.829647  0.813501  0.722107  0.829047  0.779700  0.792511  0.884574  0.734129  0.874104  0.717724  0.766289  0.811499  0.414131  0.798595 
8  0.578264  0.762869  0.856376  0.426085  0.627150  0.875616  0.772891  0.761998 0.0  0.632026  0.638409  0.869746  0.403316  0.421414  0.748696  0.784146  0.776885  0.785737  0.584039  0.588352  0.771209  0.217357  0.631654  0.700999  0.850167  0.514476  0.636536  0.577634  0.698778  0.340408  0.782709  0.851529  0.353725  0.756549  0.245932  0.653644  0.301179  0.583081  0.393169  0.535263  0.809532  0.495072  0.537114  0.643832  0.508714  0.808993  0.458310  0.594914  0.538761  0.574813  0.445107  0.825553  0.158318  0.502285  0.667367  0.512378  0.512338  0.392667  0.795454  0.544909 
9  0.662628  0.659614  0.574950  0.673594  0.597530  0.755439  0.580537  0.716336  0.632026 0.0  0.577530  0.517461  0.655280  0.579467  0.668956  0.610616  0.603449  0.689347  0.620207  0.532096  0.566763  0.622553  0.701501  0.626664  0.607791  0.566556  0.636208  0.694709  0.533124  0.540886  0.633666  0.640037  0.642828  0.619482  0.641936  0.586984  0.729573  0.639583  0.557108  0.551410  0.707851  0.622552  0.562526  0.678418  0.588343  0.561742  0.563691  0.583410  0.635184  0.501124  0.694045  0.574436  0.596005  0.624144  0.575407  0.555937  0.556257  0.494215  0.593172  0.654007 
10  0.619844  0.703249  0.717053  0.720310  0.527640  0.694375  0.681006  0.709064  0.638409  0.577530 0.0  0.788991  0.725820  0.657083  0.706971  0.756764  0.908608  0.739816  0.782742  0.656771  0.713607  0.606460  0.477939  0.719257  0.871663  0.788889  0.719866  0.744662  0.729156  0.713047  0.774800  0.742624  0.759086  0.888519  0.772228  0.659842  0.646026  0.784807  0.864542  0.738279  0.642245  0.770118  0.681091  0.718184  0.745614  0.804438  0.748773  0.666346  0.634834  0.708640  0.673625  0.760252  0.692311  0.702043  0.684704  0.847016  0.730311  0.735628  0.572668  0.719061 
11  0.793667  0.295927  0.125756  0.836673  0.573062  0.439251  0.080578  0.348622  0.869746  0.517461  0.788991 0.0  0.724587  0.833617  0.315941  0.736855  0.735652  0.117984  0.781256  0.537054  0.841848  0.792892  0.716406  0.232106  0.790058  0.826437  0.787758  0.882796  0.723297  0.681377  0.518864  0.196048  0.800067  0.503754  0.832455  0.724464  0.761906  0.827552  0.866823  0.885666  0.203003  0.905187  0.715591  0.828866  0.869972  0.786020  0.814174  0.780360  0.740953  0.732063  0.757005  0.770348  0.833313  0.923364  0.826085  0.820115  0.851582  0.884085  0.261543  0.681967 
12  0.521191  0.700841  0.700126  0.493365  0.522043  0.772371  0.830181  0.821485  0.403316  0.655280  0.725820  0.724587 0.0  0.448001  0.619315  0.714047  0.890451  0.797335  0.509933  0.514156  0.726407  0.344947  0.585219  0.824926  0.769586  0.591575  0.565909  0.608695  0.721513  0.417069  0.949641  0.748563  0.428023  0.670979  0.434526  0.652365  0.482502  0.569547  0.386958  0.486334  0.701126  0.465424  0.472821  0.530966  0.530421  0.680698  0.524471  0.497015  0.562618  0.637884  0.449136  0.719644  0.484615  0.597597  0.590533  0.501484  0.622762  0.400016  0.796391  0.518811 
13  0.661550  0.680401  0.819652  0.466098  0.509957  0.792337  0.859080  0.840950  0.421414  0.579467  0.657083  0.833617  0.448001 0.0  0.799335  0.808897  0.956790  0.755518  0.479656  0.675158  0.840585  0.475408  0.668268  0.905219  0.818046  0.431066  0.464878  0.531897  0.751815  0.484224  0.704213  0.744889  0.557502  0.725261  0.521770  0.701701  0.522642  0.461533  0.475499  0.468568  0.734611  0.557151  0.545944  0.442210  0.545961  0.785448  0.600017  0.539618  0.529669  0.517286  0.166857  0.765160  0.600234  0.561138  0.547816  0.636395  0.595618  0.531862  0.741355  0.778000 
14  0.809951  0.300508  0.276722  0.649258  0.598432  0.370861  0.371854  0.185431  0.748696  0.668956  0.706971  0.315941  0.619315  0.799335 0.0  0.809644  0.778228  0.353195  0.820532  0.677701  0.826772  0.814383  0.779986  0.332318  0.793232  0.829853  0.835308  0.836805  0.730151  0.752080  0.491305  0.324694  0.822268  0.582442  0.851612  0.770708  0.848000  0.860324  0.887708  0.918223  0.364179  0.777783  0.816028  0.840933  0.886228  0.765294  0.811744  0.863035  0.606792  0.728078  0.878494  0.692996  0.821945  0.781051  0.901775  0.803869  0.784019  0.746770  0.218539  0.694187 
15  0.842887  0.829535  0.710897  0.755564  0.713140  0.816601  0.755342  0.819089  0.784146  0.610616  0.756764  0.736855  0.714047  0.808897  0.809644 0.0  0.773971  0.777218  0.759963  0.752838  0.190979  0.753792  0.779984  0.708224  0.748422  0.912993  0.750045  0.799939  0.625535  0.797652  0.756962  0.751128  0.802034  0.851598  0.781600  0.632547  0.810620  0.627574  0.780684  0.701768  0.773458  0.824097  0.627202  0.838469  0.829605  0.660437  0.849495  0.822756  0.642125  0.624403  0.787883  0.365899  0.702137  0.877434  0.639065  0.681511  0.792726  0.662906  0.872444  0.604346 
16  0.941880  0.877303  0.801598  0.799719  0.668715  0.884930  0.809533  0.817984  0.776885  0.603449  0.908608  0.735652  0.890451  0.956790  0.778228  0.773971 0.0  0.765040  0.899946  0.722151  0.720143  0.784763  0.804105  0.764586  0.076693  0.802791  0.842597  0.901119  0.766233  0.828487  0.843340  0.785701  0.841539  0.781790  0.913604  0.755492  0.974889  0.925290  0.958198  0.883538  0.727015  0.825636  0.894104  0.823137  0.891369  0.711830  0.917634  0.768792  0.958288  0.697570  0.799105  0.891225  0.890006  0.790865  0.827477  0.823385  0.862432  0.800616  0.815888  0.817503 
17  0.814704  0.365317  0.131273  0.804876  0.607400  0.322048  0.316471  0.410631  0.785737  0.689347  0.739816  0.117984  0.797335  0.755518  0.353195  0.777218  0.765040 0.0  0.920707  0.682337  0.642391  0.783653  0.747584  0.441747  0.738192  0.854802  0.866627  0.852080  0.673374  0.930207  0.510485  0.211865  0.840426  0.627066  0.807071  0.664758  0.821979  0.830191  0.763074  0.835728  0.340969  0.818739  0.785634  0.792062  0.787908  0.762472  0.803579  0.845832  0.686102  0.821852  0.788885  0.757167  0.842268  0.823680  0.755353  0.697103  0.806239  0.853573  0.221780  0.766843 
18  0.442326  0.821895  0.745659  0.286995  0.498706  0.869569  0.878524  0.788522  0.584039  0.620207  0.782742  0.781256  0.509933  0.479656  0.820532  0.759963  0.899946  0.920707 0.0  0.718639  0.645127  0.587199  0.670619  0.707022  0.849510  0.502877  0.421342  0.292160  0.703913  0.638219  0.726105  0.688924  0.583098  0.718174  0.517833  0.721719  0.555993  0.514983  0.606783  0.581889  0.859704  0.632640  0.567848  0.374839  0.412900  0.802618  0.324769  0.423319  0.521225  0.601292  0.509982  0.887193  0.630417  0.202521  0.771560  0.451167  0.109125  0.652372  0.737470  0.846940 
19  0.632755  0.581372  0.671842  0.623607  0.531926  0.608663  0.675070  0.611526  0.588352  0.532096  0.656771  0.537054  0.514156  0.675158  0.677701  0.752838  0.722151  0.682337  0.718639 0.0  0.653683  0.562261  0.577791  0.685956  0.627073  0.590119  0.611206  0.687810  0.546643  0.691006  0.593246  0.587355  0.552149  0.587612  0.630659  0.557121  0.641840  0.585209  0.493204  0.556281  0.754981  0.489794  0.599991  0.524566  0.519391  0.545358  0.651449  0.693239  0.559372  0.569945  0.616887  0.693515  0.546854  0.698465  0.542753  0.616512  0.639066  0.583608  0.524235  0.618470 
20  0.759046  0.826746  0.669125  0.860406  0.607474  0.925913  0.728118  0.775945  0.771209  0.566763  0.713607  0.841848  0.726407  0.840585  0.826772  0.190979  0.720143  0.642391  0.645127  0.653683 0.0  0.780729  0.781660  0.814921  0.692509  0.841686  0.812942  0.819584  0.611801  0.853429  0.850375  0.710067  0.813464  0.891943  0.749052  0.539327  0.867741  0.787689  0.788466  0.698314  0.678363  0.777598  0.586826  0.780710  0.863797  0.704457  0.809398  0.873684  0.553043  0.512487  0.783717  0.316212  0.782920  0.857297  0.524094  0.589372  0.730197  0.776278  0.848277  0.389160 
21  0.569626  0.767191  0.776184  0.437615  0.539193  0.810885  0.812181  0.873893  0.217357  0.622553  0.606460  0.792892  0.344947  0.475408  0.814383  0.753792  0.784763  0.783653  0.587199  0.562261  0.780729 0.0  0.683414  0.810680  0.775359  0.687267  0.632572  0.653495  0.558742  0.268445  0.776046  0.902179  0.305364  0.760988  0.358022  0.709798  0.254080  0.708486  0.442346  0.467714  0.866699  0.468991  0.492839  0.626885  0.445086  0.641223  0.618831  0.704241  0.596103  0.496872  0.491955  0.784136  0.284420  0.665864  0.568342  0.538393  0.593969  0.201127  0.728172  0.498038 
22  0.774942  0.658108  0.651768  0.659443  0.613710  0.666956  0.769675  0.796865  0.631654  0.701501  0.477939  0.716406  0.585219  0.668268  0.779986  0.779984  0.804105  0.747584  0.670619  0.577791  0.781660  0.683414 0.0  0.766161  0.770862  0.618844  0.713992  0.751043  0.722475  0.554410  0.635005  0.736435  0.715174  0.689695  0.633146  0.708065  0.626729  0.562314  0.704309  0.707232  0.715200  0.750904  0.789698  0.696724  0.696703  0.734483  0.643190  0.668502  0.708988  0.683853  0.712056  0.762433  0.688960  0.696649  0.745208  0.769140  0.736048  0.724617  0.734920  0.755206 
23  0.677000  0.216332  0.236400  0.658713  0.559202  0.317797  0.190036  0.306434  0.700999  0.626664  0.719257  0.232106  0.824926  0.905219  0.332318  0.708224  0.764586  0.441747  0.707022  0.685956  0.814921  0.810680  0.766161 0.0  0.792218  0.686435  0.756567  0.902984  0.670978  0.788776  0.556286  0.353047  0.734668  0.627372  0.689983  0.707336  0.822095  0.814136  0.826744  0.913490  0.380844  0.750571  0.795190  0.880663  0.826107  0.744864  0.783184  0.821202  0.655624  0.802435  0.827460  0.877741  0.866215  0.814491  0.745364  0.787252  0.825205  0.808711  0.378436  0.779490 
24  0.894124  1.000000  0.694728  0.756353  0.695254  0.861246  0.859921  0.830447  0.850167  0.607791  0.871663  0.790058  0.769586  0.818046  0.793232  0.748422  0.076693  0.738192  0.849510  0.627073  0.692509  0.775359  0.770862  0.792218 0.0  0.834526  0.864991  0.964993  0.719262  0.678935  0.860815  0.716912  0.930579  0.788013  0.810251  0.753445  0.896931  0.716085  0.856602  0.825381  0.782565  0.793786  0.737870  0.866667  0.884404  0.709751  0.821782  0.861017  0.882733  0.682039  0.801862  0.706843  0.796773  0.822366  0.726348  0.801184  0.778283  0.752739  0.754209  0.760525 
25  0.173219  0.724751  0.870666  0.409541  0.474878  0.851985  0.821440  0.751092  0.514476  0.566556  0.788889  0.826437  0.591575  0.431066  0.829853  0.912993  0.802791  0.854802  0.502877  0.590119  0.841686  0.687267  0.618844  0.686435  0.834526 0.0  0.190453  0.375164  0.765474  0.615725  0.810344  0.839176  0.604639  0.772959  0.572112  0.721276  0.608754  0.411666  0.498055  0.624236  0.883530  0.562877  0.598994  0.232237  0.555058  0.758387  0.443344  0.323388  0.581537  0.610761  0.469048  0.834174  0.540445  0.438371  0.583983  0.515356  0.434266  0.605520  0.756238  0.820909 
26  0.100315  0.715197  0.853788  0.360412  0.616364  0.805735  0.798031  0.683006  0.636536  0.636208  0.719866  0.787758  0.565909  0.464878  0.835308  0.750045  0.842597  0.866627  0.421342  0.611206  0.812942  0.632572  0.713992  0.756567  0.864991  0.190453 0.0  0.524798  0.781132  0.558805  0.763916  0.777531  0.668940  0.732401  0.453581  0.592495  0.559167  0.469434  0.541859  0.702157  0.823655  0.704592  0.603622  0.242054  0.498113  0.716798  0.437428  0.363346  0.575662  0.691841  0.491397  0.812238  0.535881  0.474065  0.736074  0.460026  0.341449  0.658607  0.807791  0.747090 
27  0.478371  0.754777  0.858073  0.243280  0.611257  0.864542  0.896991  0.890020  0.577634  0.694709  0.744662  0.882796  0.608695  0.531897  0.836805  0.799939  0.901119  0.852080  0.292160  0.687810  0.819584  0.653495  0.751043  0.902984  0.964993  0.375164  0.524798 0.0  0.781614  0.533458  0.729173  0.993145  0.548797  0.835560  0.578729  0.692144  0.612263  0.323417  0.637254  0.640238  0.802040  0.692284  0.682033  0.468273  0.289845  0.828710  0.561269  0.549905  0.526643  0.555176  0.497794  0.945405  0.572599  0.260411  0.690174  0.535530  0.222160  0.616342  0.718095  0.844432 
28  0.866689  0.765906  0.748039  0.782674  0.624301  0.770814  0.695342  0.814857  0.698778  0.533124  0.729156  0.723297  0.721513  0.751815  0.730151  0.625535  0.766233  0.673374  0.703913  0.546643  0.611801  0.558742  0.722475  0.670978  0.719262  0.765474  0.781132  0.781614 0.0  0.717716  0.698555  0.773491  0.721711  0.838622  0.736871  0.340384  0.808523  0.706124  0.665704  0.646636  0.683597  0.746081  0.817117  0.763006  0.717296  0.370121  0.669997  0.707740  0.604705  0.684468  0.718286  0.687847  0.776179  0.903069  0.589962  0.736957  0.823330  0.672718  0.704447  0.619807 
29  0.613898  0.824438  0.850930  0.510499  0.620798  0.759292  0.796956  0.754299  0.340408  0.540886  0.713047  0.681377  0.417069  0.484224  0.752080  0.797652  0.828487  0.930207  0.638219  0.691006  0.853429  0.268445  0.554410  0.788776  0.678935  0.615725  0.558805  0.533458  0.717716 0.0  0.746526  0.801688  0.170392  0.875250  0.290501  0.817041  0.314896  0.590116  0.329933  0.429117  0.907285  0.367156  0.611028  0.578005  0.678600  0.727213  0.565477  0.630932  0.655577  0.565990  0.520361  0.744386  0.191213  0.569562  0.678954  0.481453  0.599868  0.321509  0.814410  0.594912 
30  0.757706  0.532657  0.538660  0.781116  0.549802  0.617791  0.575473  0.543065  0.782709  0.633666  0.774800  0.518864  0.949641  0.704213  0.491305  0.756962  0.843340  0.510485  0.726105  0.593246  0.850375  0.776046  0.635005  0.556286  0.860815  0.810344  0.763916  0.729173  0.698555  0.746526 0.0  0.581799  0.861945  0.319760  0.735750  0.671289  0.769245  0.731549  0.817712  0.863085  0.528831  0.811116  0.768455  0.763404  0.784877  0.740452  0.742979  0.743169  0.797191  0.833113  0.802987  0.842116  0.910529  0.855534  0.846960  0.813131  0.789733  0.828338  0.521864  0.827036 
31  0.797024  0.404996  0.140219  0.745712  0.633768  0.281935  0.219771  0.378061  0.851529  0.640037  0.742624  0.196048  0.748563  0.744889  0.324694  0.751128  0.785701  0.211865  0.688924  0.587355  0.710067  0.902179  0.736435  0.353047  0.716912  0.839176  0.777531  0.993145  0.773491  0.801688  0.581799 0.0  0.830036  0.559946  0.872171  0.692667  0.825096  0.838607  0.790370  0.972198  0.076693  0.711585  0.833897  0.824501  0.802982  0.661057  0.754673  0.859963  0.786399  0.795701  0.737114  0.750015  0.901904  0.950984  0.875798  0.666582  0.952029  0.890507  0.257742  0.773447 
32  0.658132  0.795446  0.874461  0.574624  0.518411  0.827425  0.842497  0.783476  0.353725  0.642828  0.759086  0.800067  0.428023  0.557502  0.822268  0.802034  0.841539  0.840426  0.583098  0.552149  0.813464  0.305364  0.715174  0.734668  0.930579  0.604639  0.668940  0.548797  0.721711  0.170392  0.861945  0.830036 0.0  0.727883  0.279812  0.598498  0.181523  0.477090  0.368849  0.446933  0.737631  0.399478  0.620493  0.600087  0.624048  0.734503  0.639899  0.555240  0.470706  0.565533  0.364916  0.667711  0.307960  0.663488  0.673137  0.570561  0.541839  0.297513  0.757490  0.616468 
33  0.682326  0.534877  0.612957  0.702147  0.536395  0.511078  0.595125  0.539667  0.756549  0.619482  0.888519  0.503754  0.670979  0.725261  0.582442  0.851598  0.781790  0.627066  0.718174  0.587612  0.891943  0.760988  0.689695  0.627372  0.788013  0.772959  0.732401  0.835560  0.838622  0.875250  0.319760  0.559946  0.727883 0.0  0.749819  0.844685  0.682968  0.769666  0.736611  0.811785  0.551111  0.870820  0.768570  0.757149  0.794094  0.760093  0.758726  0.871147  0.771435  0.780931  0.762136  0.886072  0.767536  0.689783  0.762162  0.721517  0.735747  0.846560  0.409901  0.702542 
34  0.625184  0.810759  0.846836  0.552363  0.653738  0.861984  0.814566  0.726638  0.245932  0.641936  0.772228  0.832455  0.434526  0.521770  0.851612  0.781600  0.913604  0.807071  0.517833  0.630659  0.749052  0.358022  0.633146  0.689983  0.810251  0.572112  0.453581  0.578729  0.736871  0.290501  0.735750  0.872171  0.279812  0.749819 0.0  0.738359  0.197399  0.558390  0.319899  0.523416  0.914928  0.363797  0.541516  0.632241  0.549644  0.740475  0.667232  0.643570  0.469620  0.535858  0.532440  0.840028  0.135849  0.623236  0.646591  0.511062  0.684802  0.333439  0.762064  0.584779 
35  0.711541  0.775287  0.615328  0.688080  0.560926  0.770328  0.755646  0.616102  0.653644  0.586984  0.659842  0.724464  0.652365  0.701701  0.770708  0.632547  0.755492  0.664758  0.721719  0.557121  0.539327  0.709798  0.708065  0.707336  0.753445  0.721276  0.592495  0.692144  0.340384  0.817041  0.671289  0.692667  0.598498  0.844685  0.738359 0.0  0.723705  0.683783  0.850519  0.650959  0.774309  0.738456  0.784455  0.765570  0.705619  0.409091  0.755721  0.729298  0.704003  0.688045  0.728621  0.703725  0.722620  0.827173  0.566987  0.720286  0.756818  0.743214  0.809882  0.618239 
36  0.527264  0.823826  0.834373  0.496087  0.531138  0.891169  0.826774  0.770534  0.301179  0.729573  0.646026  0.761906  0.482502  0.522642  0.848000  0.810620  0.974889  0.821979  0.555993  0.641840  0.867741  0.254080  0.626729  0.822095  0.896931  0.608754  0.559167  0.612263  0.808523  0.314896  0.769245  0.825096  0.181523  0.682968  0.197399  0.723705 0.0  0.489889  0.336772  0.579198  0.887203  0.439699  0.513358  0.678579  0.521011  0.747169  0.485652  0.580143  0.554461  0.598155  0.398261  0.737155  0.268417  0.642697  0.607939  0.531325  0.526606  0.183882  0.659508  0.533079 
37  0.518494  0.804944  0.893547  0.320142  0.576790  0.804975  0.812134  0.817554  0.583081  0.639583  0.784807  0.827552  0.569547  0.461533  0.860324  0.627574  0.925290  0.830191  0.514983  0.585209  0.787689  0.708486  0.562314  0.814136  0.716085  0.411666  0.469434  0.323417  0.706124  0.590116  0.731549  0.838607  0.477090  0.769666  0.558390  0.683783  0.489889 0.0  0.495559  0.666639  0.755149  0.634680  0.551745  0.505826  0.188466  0.810978  0.220208  0.488975  0.581768  0.653921  0.486896  0.837106  0.616286  0.497774  0.553159  0.567431  0.464945  0.657162  0.795739  0.748534 
38  0.584662  0.849987  0.820108  0.462051  0.498014  0.815595  0.841266  0.792215  0.393169  0.557108  0.864542  0.866823  0.386958  0.475499  0.887708  0.780684  0.958198  0.763074  0.606783  0.493204  0.788466  0.442346  0.704309  0.826744  0.856602  0.498055  0.541859  0.637254  0.665704  0.329933  0.817712  0.790370  0.368849  0.736611  0.319899  0.850519  0.336772  0.495559 0.0  0.301700  0.807307  0.344896  0.453484  0.475320  0.594042  0.691064  0.595794  0.609581  0.496384  0.490186  0.523849  0.816938  0.389708  0.576715  0.544095  0.651082  0.658574  0.397205  0.864814  0.444259 
39  0.669782  0.814309  0.900698  0.633340  0.692623  0.944732  0.841845  0.804029  0.535263  0.551410  0.738279  0.885666  0.486334  0.468568  0.918223  0.701768  0.883538  0.835728  0.581889  0.556281  0.698314  0.467714  0.707232  0.913490  0.825381  0.624236  0.702157  0.640238  0.646636  0.429117  0.863085  0.972198  0.446933  0.811785  0.523416  0.650959  0.579198  0.666639  0.301700 0.0  0.906534  0.157580  0.500383  0.657576  0.520696  0.663621  0.581903  0.623411  0.541217  0.564540  0.531783  0.738418  0.458294  0.702461  0.528202  0.541413  0.700874  0.490154  0.913812  0.503994 
40  0.852159  0.362402  0.145194  0.811284  0.676675  0.328848  0.094889  0.364923  0.809532  0.707851  0.642245  0.203003  0.701126  0.734611  0.364179  0.773458  0.727015  0.340969  0.859704  0.754981  0.678363  0.866699  0.715200  0.380844  0.782565  0.883530  0.823655  0.802040  0.683597  0.907285  0.528831  0.076693  0.737631  0.551111  0.914928  0.774309  0.887203  0.755149  0.807307  0.906534 0.0  0.687230  0.843899  0.836404  0.836507  0.813259  0.828711  0.856358  0.805263  0.655989  0.725866  0.714935  0.927146  0.871953  0.828529  0.808996  0.856141  0.912087  0.289680  0.784793 
41  0.652234  0.753723  0.871700  0.551378  0.627295  0.926657  0.889982  0.817603  0.495072  0.622552  0.770118  0.905187  0.465424  0.557151  0.777783  0.824097  0.825636  0.818739  0.632640  0.489794  0.777598  0.468991  0.750904  0.750571  0.793786  0.562877  0.704592  0.692284  0.746081  0.367156  0.811116  0.711585  0.399478  0.870820  0.363797  0.738456  0.439699  0.634680  0.344896  0.157580  0.687230 0.0  0.517222  0.705451  0.560751  0.712327  0.686175  0.701373  0.662013  0.628656  0.529557  0.763372  0.451361  0.522762  0.547966  0.569262  0.575067  0.502179  0.837166  0.437817 
42  0.663614  0.688323  0.758777  0.579705  0.502710  0.832463  0.744772  0.823598  0.537114  0.562526  0.681091  0.715591  0.472821  0.545944  0.816028  0.627202  0.894104  0.785634  0.567848  0.599991  0.586826  0.492839  0.789698  0.795190  0.737870  0.598994  0.603622  0.682033  0.817117  0.611028  0.768455  0.833897  0.620493  0.768570  0.541516  0.784455  0.513358  0.551745  0.453484  0.500383  0.843899  0.517222 0.0  0.550934  0.608056  0.685913  0.544682  0.590186  0.238627  0.409664  0.435611  0.608151  0.529302  0.569711  0.382122  0.288407  0.554668  0.470386  0.806901  0.806842 
43  0.272667  0.693297  0.955444  0.314043  0.555473  0.783890  0.750193  0.708113  0.643832  0.678418  0.718184  0.828866  0.530966  0.442210  0.840933  0.838469  0.823137  0.792062  0.374839  0.524566  0.780710  0.626885  0.696724  0.880663  0.866667  0.232237  0.242054  0.468273  0.763006  0.578005  0.763404  0.824501  0.600087  0.757149  0.632241  0.765570  0.678579  0.505826  0.475320  0.657576  0.836404  0.705451  0.550934 0.0  0.439523  0.728953  0.461280  0.254950  0.569908  0.524369  0.447909  0.721008  0.522107  0.449872  0.529314  0.470152  0.324697  0.592753  0.826765  0.719208 
44  0.428277  0.740753  0.776424  0.392653  0.562657  0.796697  0.845064  0.804787  0.508714  0.588343  0.745614  0.869972  0.530421  0.545961  0.886228  0.829605  0.891369  0.787908  0.412900  0.519391  0.863797  0.445086  0.696703  0.826107  0.884404  0.555058  0.498113  0.289845  0.717296  0.678600  0.784877  0.802982  0.624048  0.794094  0.549644  0.705619  0.521011  0.188466  0.594042  0.520696  0.836507  0.560751  0.608056  0.439523 0.0  0.742820  0.148895  0.523460  0.501845  0.521741  0.554612  0.969115  0.606663  0.408500  0.560280  0.524080  0.359934  0.544007  0.737563  0.763590 
45  0.789326  0.738924  0.829911  0.810563  0.635950  0.919244  0.696441  0.699946  0.808993  0.561742  0.804438  0.786020  0.680698  0.785448  0.765294  0.660437  0.711830  0.762472  0.802618  0.545358  0.704457  0.641223  0.734483  0.744864  0.709751  0.758387  0.716798  0.828710  0.370121  0.727213  0.740452  0.661057  0.734503  0.760093  0.740475  0.409091  0.747169  0.810978  0.691064  0.663621  0.813259  0.712327  0.685913  0.728953  0.742820 0.0  0.697781  0.709960  0.670381  0.678562  0.731620  0.612210  0.784383  0.715741  0.554888  0.789443  0.781613  0.687520  0.894495  0.682480 
46  0.498365  0.624823  0.763428  0.478882  0.532540  0.765583  0.892217  0.829647  0.458310  0.563691  0.748773  0.814174  0.524471  0.600017  0.811744  0.849495  0.917634  0.803579  0.324769  0.651449  0.809398  0.618831  0.643190  0.783184  0.821782  0.443344  0.437428  0.561269  0.669997  0.565477  0.742979  0.754673  0.639899  0.758726  0.667232  0.755721  0.485652  0.220208  0.595794  0.581903  0.828711  0.686175  0.544682  0.461280  0.148895  0.697781 0.0  0.366756  0.538760  0.587697  0.431487  0.717043  0.567539  0.410386  0.539164  0.572531  0.371034  0.588219  0.738317  0.714211 
47  0.288372  0.714390  0.908101  0.335176  0.604868  0.798847  0.791578  0.813501  0.594914  0.583410  0.666346  0.780360  0.497015  0.539618  0.863035  0.822756  0.768792  0.845832  0.423319  0.693239  0.873684  0.704241  0.668502  0.821202  0.861017  0.323388  0.363346  0.549905  0.707740  0.630932  0.743169  0.859963  0.555240  0.871147  0.643570  0.729298  0.580143  0.488975  0.609581  0.623411  0.856358  0.701373  0.590186  0.254950  0.523460  0.709960  0.366756 0.0  0.577211  0.543234  0.526713  0.801375  0.559362  0.444375  0.600208  0.406230  0.437121  0.614047  0.841599  0.701679 
48  0.582779  0.754403  0.752230  0.545451  0.629366  0.775455  0.768619  0.722107  0.538761  0.635184  0.634834  0.740953  0.562618  0.529669  0.606792  0.642125  0.958288  0.686102  0.521225  0.559372  0.553043  0.596103  0.708988  0.655624  0.882733  0.581537  0.575662  0.526643  0.604705  0.655577  0.797191  0.786399  0.470706  0.771435  0.469620  0.704003  0.554461  0.581768  0.496384  0.541217  0.805263  0.662013  0.238627  0.569908  0.501845  0.670381  0.538760  0.577211 0.0  0.442856  0.584716  0.576861  0.449861  0.609853  0.480693  0.250577  0.597897  0.598059  0.676443  0.705994 
49  0.481180  0.876339  0.797144  0.579640  0.662595  0.836268  0.798109  0.829047  0.574813  0.501124  0.708640  0.732063  0.637884  0.517286  0.728078  0.624403  0.697570  0.821852  0.601292  0.569945  0.512487  0.496872  0.683853  0.802435  0.682039  0.610761  0.691841  0.555176  0.684468  0.565990  0.833113  0.795701  0.565533  0.780931  0.535858  0.688045  0.598155  0.653921  0.490186  0.564540  0.655989  0.628656  0.409664  0.524369  0.521741  0.678562  0.587697  0.543234  0.442856 0.0  0.515767  0.614932  0.558795  0.569523  0.334058  0.381485  0.656041  0.605111  0.786174  0.779949 
50  0.423257  0.731931  0.732840  0.466394  0.594234  0.736778  0.762264  0.779700  0.445107  0.694045  0.673625  0.757005  0.449136  0.166857  0.878494  0.787883  0.799105  0.788885  0.509982  0.616887  0.783717  0.491955  0.712056  0.827460  0.801862  0.469048  0.491397  0.497794  0.718286  0.520361  0.802987  0.737114  0.364916  0.762136  0.532440  0.728621  0.398261  0.486896  0.523849  0.531783  0.725866  0.529557  0.435611  0.447909  0.554612  0.731620  0.431487  0.526713  0.584716  0.515767 0.0  0.846208  0.414036  0.496028  0.670509  0.562070  0.422231  0.492106  0.794354  0.723068 
51  0.842924  0.758092  0.685424  0.788085  0.600740  0.798305  0.832387  0.792511  0.825553  0.574436  0.760252  0.770348  0.719644  0.765160  0.692996  0.365899  0.891225  0.757167  0.887193  0.693515  0.316212  0.784136  0.762433  0.877741  0.706843  0.834174  0.812238  0.945405  0.687847  0.744386  0.842116  0.750015  0.667711  0.886072  0.840028  0.703725  0.737155  0.837106  0.816938  0.738418  0.714935  0.763372  0.608151  0.721008  0.969115  0.612210  0.717043  0.801375  0.576861  0.614932  0.846208 0.0  0.766617  0.857541  0.548073  0.726669  0.741674  0.698756  0.719600  0.461492 
52  0.642436  0.832689  0.858668  0.430889  0.535716  0.747325  0.812839  0.884574  0.158318  0.596005  0.692311  0.833313  0.484615  0.600234  0.821945  0.702137  0.890006  0.842268  0.630417  0.546854  0.782920  0.284420  0.688960  0.866215  0.796773  0.540445  0.535881  0.572599  0.776179  0.191213  0.910529  0.901904  0.307960  0.767536  0.135849  0.722620  0.268417  0.616286  0.389708  0.458294  0.927146  0.451361  0.529302  0.522107  0.606663  0.784383  0.567539  0.559362  0.449861  0.558795  0.414036  0.766617 0.0  0.589201  0.660786  0.507965  0.472903  0.266594  0.833637  0.645261 
53  0.397080  0.751357  0.788399  0.189447  0.513921  0.883911  0.953839  0.734129  0.502285  0.624144  0.702043  0.923364  0.597597  0.561138  0.781051  0.877434  0.790865  0.823680  0.202521  0.698465  0.857297  0.665864  0.696649  0.814491  0.822366  0.438371  0.474065  0.260411  0.903069  0.569562  0.855534  0.950984  0.663488  0.689783  0.623236  0.827173  0.642697  0.497774  0.576715  0.702461  0.871953  0.522762  0.569711  0.449872  0.408500  0.715741  0.410386  0.444375  0.609853  0.569523  0.496028  0.857541  0.589201 0.0  0.720111  0.542761  0.174416  0.723143  0.770776  0.716574 
54  0.518607  0.837897  0.783025  0.680439  0.628283  0.823961  0.852217  0.874104  0.667367  0.575407  0.684704  0.826085  0.590533  0.547816  0.901775  0.639065  0.827477  0.755353  0.771560  0.542753  0.524094  0.568342  0.745208  0.745364  0.726348  0.583983  0.736074  0.690174  0.589962  0.678954  0.846960  0.875798  0.673137  0.762162  0.646591  0.566987  0.607939  0.553159  0.544095  0.528202  0.828529  0.547966  0.382122  0.529314  0.560280  0.554888  0.539164  0.600208  0.480693  0.334058  0.670509  0.548073  0.660786  0.720111 0.0  0.449983  0.761477  0.586810  0.748381  0.758776 
55  0.444272  0.810116  0.753936  0.477889  0.553896  0.762255  0.645930  0.717724  0.512378  0.555937  0.847016  0.820115  0.501484  0.636395  0.803869  0.681511  0.823385  0.697103  0.451167  0.616512  0.589372  0.538393  0.769140  0.787252  0.801184  0.515356  0.460026  0.535530  0.736957  0.481453  0.813131  0.666582  0.570561  0.721517  0.511062  0.720286  0.531325  0.567431  0.651082  0.541413  0.808996  0.569262  0.288407  0.470152  0.524080  0.789443  0.572531  0.406230  0.250577  0.381485  0.562070  0.726669  0.507965  0.542761  0.449983 0.0  0.463173  0.588668  0.669198  0.735761 
56  0.530168  0.835886  0.891556  0.126994  0.457269  0.796734  0.774670  0.766289  0.512338  0.556257  0.730311  0.851582  0.622762  0.595618  0.784019  0.792726  0.862432  0.806239  0.109125  0.639066  0.730197  0.593969  0.736048  0.825205  0.778283  0.434266  0.341449  0.222160  0.823330  0.599868  0.789733  0.952029  0.541839  0.735747  0.684802  0.756818  0.526606  0.464945  0.658574  0.700874  0.856141  0.575067  0.554668  0.324697  0.359934  0.781613  0.371034  0.437121  0.597897  0.656041  0.422231  0.741674  0.472903  0.174416  0.761477  0.463173 0.0  0.656339  0.700971  0.654756 
57  0.643656  0.816095  0.857958  0.580875  0.669533  0.915033  0.890586  0.811499  0.392667  0.494215  0.735628  0.884085  0.400016  0.531862  0.746770  0.662906  0.800616  0.853573  0.652372  0.583608  0.776278  0.201127  0.724617  0.808711  0.752739  0.605520  0.658607  0.616342  0.672718  0.321509  0.828338  0.890507  0.297513  0.846560  0.333439  0.743214  0.183882  0.657162  0.397205  0.490154  0.912087  0.502179  0.470386  0.592753  0.544007  0.687520  0.588219  0.614047  0.598059  0.605111  0.492106  0.698756  0.266594  0.723143  0.586810  0.588668  0.656339 0.0  0.866450  0.509482 
58  0.764765  0.316666  0.180863  0.742436  0.600526  0.371264  0.145011  0.414131  0.795454  0.593172  0.572668  0.261543  0.796391  0.741355  0.218539  0.872444  0.815888  0.221780  0.737470  0.524235  0.848277  0.728172  0.734920  0.378436  0.754209  0.756238  0.807791  0.718095  0.704447  0.814410  0.521864  0.257742  0.757490  0.409901  0.762064  0.809882  0.659508  0.795739  0.864814  0.913812  0.289680  0.837166  0.806901  0.826765  0.737563  0.894495  0.738317  0.841599  0.676443  0.786174  0.794354  0.719600  0.833637  0.770776  0.748381  0.669198  0.700971  0.866450 0.0  0.702356 
59  0.757295  0.782441  0.765888  0.704038  0.652403  0.817251  0.643923  0.798595  0.544909  0.654007  0.719061  0.681967  0.518811  0.778000  0.694187  0.604346  0.817503  0.766843  0.846940  0.618470  0.389160  0.498038  0.755206  0.779490  0.760525  0.820909  0.747090  0.844432  0.619807  0.594912  0.827036  0.773447  0.616468  0.702542  0.584779  0.618239  0.533079  0.748534  0.444259  0.503994  0.784793  0.437817  0.806842  0.719208  0.763590  0.682480  0.714211  0.701679  0.705994  0.779949  0.723068  0.461492  0.645261  0.716574  0.758776  0.735761  0.654756  0.509482  0.702356 0.0 
