60
0 0.0  0.703285  0.810436  0.307404  0.517523  0.800236  0.767673  0.848451  0.576095  0.593387  0.659183  0.825672  0.505338  0.482048  0.707043  0.752228  0.857478  0.774459  0.518440  0.609172  0.898524  0.659953  0.659221  0.726310  0.754157  0.170967  0.165786  0.465288  0.778448  0.487003  0.682790  0.718672  0.593549  0.669977  0.616561  0.580750  0.586659  0.442126  0.514466  0.644409  0.780713  0.628237  0.482906  0.253224  0.327535  0.653233  0.366386  0.293325  0.543016  0.607804  0.423151  0.845765  0.569659  0.477695  0.635692  0.435986  0.470622  0.650314  0.705412  0.798255 
1  0.703285 0.0  0.368446  0.725597  0.626413  0.328439  0.344345  0.359839  0.674242  0.613202  0.769916  0.258197  0.702476  0.718908  0.296929  0.863901  0.818384  0.452677  0.806513  0.609651  0.788272  0.732057  0.636462  0.183832  0.767626  0.703883  0.734740  0.869048  0.811186  0.846418  0.440707  0.422478  0.872028  0.560137  0.756401  0.564839  0.768639  0.776758  0.817130  0.823622  0.342707  0.891649  0.683010  0.721769  0.883967  0.682482  0.743540  0.650840  0.620116  0.723033  0.741151  0.776291  0.701220  0.719328  0.773545  0.733748  0.767741  0.734351  0.399002  0.705140 
2  0.810436  0.368446 0.0  0.828286  0.581352  0.387046  0.186982  0.334418  0.713781  0.646925  0.733965  0.132662  0.772054  0.760147  0.346934  0.746734  0.822133  0.221942  0.864634  0.598412  0.755528  0.745454  0.696605  0.343177  0.655407  0.891026  0.798756  0.835232  0.660617  0.829958  0.617947  0.262891  0.788197  0.520169  0.813218  0.596907  0.832550  0.741561  0.718806  0.889792  0.167077  0.826499  0.733819  0.859406  0.789147  0.743684  0.808515  0.836391  0.699431  0.692471  0.856255  0.668811  0.821336  0.753581  0.730331  0.694668  0.823743  0.817746  0.304722  0.680578 
3  0.307404  0.725597  0.828286 0.0  0.545266  0.748579  0.757092  0.637593  0.377939  0.619199  0.729026  0.735140  0.613115  0.492020  0.764911  0.738049  0.854877  0.819546  0.176428  0.726859  0.772810  0.599328  0.691954  0.753402  0.718925  0.363464  0.300589  0.207993  0.637215  0.461350  0.709347  0.889816  0.561326  0.715513  0.483952  0.708702  0.538769  0.381802  0.660752  0.615026  0.752069  0.539671  0.562734  0.379453  0.395750  0.801019  0.445780  0.286584  0.436737  0.577714  0.439169  0.842518  0.440075  0.279448  0.533890  0.545052  0.347377  0.550163  0.696291  0.814191 
4  0.517523  0.626413  0.581352  0.545266 0.0  0.525875  0.633726  0.592774  0.510149  0.597713  0.672521  0.498590  0.521447  0.484183  0.568064  0.662462  0.678966  0.661045  0.411583  0.569155  0.543704  0.519404  0.551616  0.721762  0.685207  0.586143  0.702649  0.642901  0.642102  0.559562  0.678287  0.603915  0.575322  0.532568  0.492850  0.662665  0.604856  0.513971  0.536961  0.536922  0.609948  0.605776  0.474842  0.434263  0.495477  0.629932  0.558815  0.553149  0.505591  0.587931  0.485081  0.587539  0.511538  0.570445  0.644418  0.597702  0.688873  0.476366  0.621714  0.523063 
5  0.800236  0.328439  0.387046  0.748579  0.525875 0.0  0.377438  0.189783  0.728407  0.590477  0.749277  0.329945  0.773627  0.840967  0.230695  0.836005  0.849777  0.407641  0.809781  0.695527  0.819811  0.843167  0.794885  0.379165  0.777566  0.706351  0.872832  0.770370  0.748815  0.847090  0.584461  0.327145  0.799950  0.497860  0.873627  0.797652  0.782178  0.746268  0.812160  1.000000  0.403331  0.750365  0.817453  0.844737  0.789434  0.765337  0.756658  0.800675  0.764857  0.845908  0.853479  0.857492  0.837543  0.856346  0.821044  0.690375  0.886215  0.847445  0.260824  0.859340 
6  0.767673  0.344345  0.186982  0.757092  0.633726  0.377438 0.0  0.337898  0.850896  0.617124  0.738067  0.141064  0.756818  0.810354  0.392131  0.853690  0.774724  0.306295  0.715066  0.736303  0.749892  0.754578  0.753273  0.299580  0.915348  0.706971  0.817471  0.910321  0.704754  0.729475  0.437457  0.268776  0.670587  0.623391  0.751698  0.664050  0.807178  0.758448  0.921520  0.877274  0.315908  0.739619  0.715441  0.786571  0.804053  0.635389  0.780922  0.812561  0.747200  0.814329  0.755923  0.815404  0.861448  0.805289  0.817170  0.777067  0.781382  0.831403  0.160030  0.716112 
7  0.848451  0.359839  0.334418  0.637593  0.592774  0.189783  0.337898 0.0  0.736649  0.538272  0.611421  0.384935  0.734340  0.770115  0.219318  0.840642  0.843162  0.329713  0.734472  0.598621  0.770583  0.699731  0.661384  0.387992  0.785100  0.696725  0.655448  0.800368  0.649215  0.813144  0.489868  0.367181  0.736901  0.513619  0.789756  0.615871  0.794707  0.828559  0.891821  0.829159  0.274082  0.796148  0.849610  0.720068  0.849453  0.750855  0.872260  0.781906  0.716823  0.804512  0.747191  0.777386  0.718496  0.768586  0.824263  0.778888  0.771097  0.797874  0.265489  0.733567 
8  0.576095  0.674242  0.713781  0.377939  0.510149  0.728407  0.850896  0.736649 0.0  0.627392  0.519437  0.696776  0.428885  0.413050  0.778834  0.789006  0.846845  0.782855  0.497539  0.579078  0.724632  0.378421  0.756639  0.720689  0.778931  0.496348  0.543014  0.557775  0.686413  0.285311  0.803710  0.780747  0.297292  0.652139  0.150608  0.684048  0.306216  0.522071  0.248184  0.557143  0.790045  0.418377  0.590868  0.542525  0.549234  0.667086  0.554235  0.531079  0.510266  0.608848  0.373532  0.693244  0.135450  0.565828  0.624774  0.539219  0.458156  0.303335  0.815758  0.583106 
9  0.593387  0.613202  0.646925  0.619199  0.597713  0.590477  0.617124  0.538272  0.627392 0.0  0.642563  0.581202  0.533493  0.561566  0.676215  0.560907  0.650235  0.550986  0.583926  0.543416  0.527396  0.594615  0.608712  0.646369  0.740756  0.621500  0.612118  0.724017  0.528268  0.658290  0.661993  0.592262  0.583999  0.591009  0.624516  0.512515  0.665611  0.622233  0.609353  0.468819  0.723474  0.594486  0.553769  0.580743  0.570073  0.512518  0.641016  0.555730  0.530944  0.555105  0.583448  0.649249  0.590071  0.595687  0.473442  0.638779  0.508584  0.542291  0.567784  0.557634 
10  0.659183  0.769916  0.733965  0.729026  0.672521  0.749277  0.738067  0.611421  0.519437  0.642563 0.0  0.711978  0.630969  0.743238  0.637028  0.728192  0.829714  0.819801  0.723384  0.472754  0.785270  0.639751  0.504574  0.754414  0.802607  0.758091  0.730464  0.650787  0.722984  0.737179  0.684357  0.749481  0.613223  0.686355  0.637372  0.679137  0.559467  0.720982  0.794236  0.743181  0.710883  0.791798  0.736721  0.721087  0.734815  0.745329  0.641349  0.610753  0.687945  0.565832  0.747413  0.756836  0.751707  0.722384  0.792211  0.680205  0.679710  0.821017  0.727202  0.730448 
11  0.825672  0.258197  0.132662  0.735140  0.498590  0.329945  0.141064  0.384935  0.696776  0.581202  0.711978 0.0  0.814894  0.683483  0.243087  0.757030  0.697234  0.155686  0.802754  0.616523  0.667761  0.790640  0.703111  0.280934  0.722189  0.744005  0.886233  0.758270  0.629936  0.843760  0.467126  0.195569  0.796819  0.516992  0.725602  0.669176  0.785549  0.828527  0.962239  0.869389  0.220264  0.723995  0.666801  0.858032  0.770477  0.757479  0.745629  0.797930  0.742943  0.681731  0.686498  0.662111  0.786564  0.786967  0.743025  0.789808  0.850854  0.772866  0.132183  0.635494 
12  0.505338  0.702476  0.772054  0.613115  0.521447  0.773627  0.756818  0.734340  0.428885  0.533493  0.630969  0.814894 0.0  0.542167  0.727537  0.769698  0.854940  0.812824  0.519451  0.652997  0.826649  0.354389  0.701274  0.697600  0.889324  0.560116  0.592753  0.566545  0.691123  0.430555  0.771170  0.685515  0.367073  0.856948  0.364566  0.653762  0.358956  0.645535  0.367133  0.421933  0.755500  0.422745  0.522394  0.515782  0.477338  0.812686  0.554915  0.495687  0.465131  0.568638  0.423255  0.831356  0.390208  0.594579  0.440164  0.521018  0.550850  0.264557  0.700373  0.563755 
13  0.482048  0.718908  0.760147  0.492020  0.484183  0.840967  0.810354  0.770115  0.413050  0.561566  0.743238  0.683483  0.542167 0.0  0.732298  0.768692  0.887394  0.684851  0.512783  0.545490  0.859642  0.406626  0.655014  0.729155  0.801664  0.580124  0.481896  0.453497  0.683611  0.453655  0.762403  0.801256  0.464738  0.638950  0.481896  0.678150  0.493125  0.386886  0.398609  0.561488  0.738439  0.613052  0.470156  0.446060  0.438038  0.686428  0.455909  0.500716  0.502699  0.562007  0.347191  0.737000  0.471908  0.453822  0.566533  0.526567  0.424760  0.499814  0.841200  0.749624 
14  0.707043  0.296929  0.346934  0.764911  0.568064  0.230695  0.392131  0.219318  0.778834  0.676215  0.637028  0.243087  0.727537  0.732298 0.0  0.847648  0.706905  0.337929  0.787190  0.652187  0.782286  0.708383  0.632705  0.334550  0.822467  0.673836  0.881242  0.748945  0.672185  0.728796  0.500716  0.348059  0.797557  0.587614  0.770184  0.735518  0.879253  0.759455  0.733685  0.818239  0.361973  0.715544  0.749825  0.905112  0.832278  0.733163  0.816075  0.760375  0.709907  0.764233  0.737517  0.858878  0.749306  0.730924  0.767460  0.790247  0.756369  0.862268  0.256570  0.770240 
15  0.752228  0.863901  0.746734  0.738049  0.662462  0.836005  0.853690  0.840642  0.789006  0.560907  0.728192  0.757030  0.769698  0.768692  0.847648 0.0  0.792147  0.743877  0.757148  0.635247  0.176391  0.769043  0.822463  0.648268  0.771154  0.808921  0.825989  0.893772  0.648242  0.794377  0.865421  0.694156  0.698684  0.752490  0.753656  0.670049  0.758432  0.848099  0.899119  0.731771  0.725478  0.758209  0.580574  0.740197  0.815778  0.670115  0.798474  0.760418  0.630717  0.512322  0.824672  0.282400  0.758535  0.817703  0.597083  0.627854  0.854894  0.715094  0.627422  0.454186 
16  0.857478  0.818384  0.822133  0.854877  0.678966  0.849777  0.774724  0.843162  0.846845  0.650235  0.829714  0.697234  0.854940  0.887394  0.706905  0.792147 0.0  0.696700  0.835294  0.734935  0.660357  0.844475  0.836802  0.908887  0.181535  0.829668  0.817186  0.810773  0.800394  0.839937  0.760408  0.714426  0.877672  0.810735  0.803907  0.863543  0.800258  0.914720  0.775008  0.731456  0.807827  0.768220  0.761534  0.851277  0.870206  0.759291  0.923487  0.737480  0.799613  0.735251  0.842176  0.771235  0.770615  0.816747  0.783547  0.836805  0.900592  0.964724  0.864425  0.769396 
17  0.774459  0.452677  0.221942  0.819546  0.661045  0.407641  0.306295  0.329713  0.782855  0.550986  0.819801  0.155686  0.812824  0.684851  0.337929  0.743877  0.696700 0.0  0.964512  0.678111  0.718141  0.837235  0.668531  0.274883  0.662515  0.818727  0.918921  0.841777  0.677285  0.806357  0.579858  0.228791  0.833577  0.506944  0.868233  0.671637  0.849644  0.817646  0.732253  0.848731  0.266656  0.807959  0.668316  0.808573  0.827224  0.767735  0.802999  0.829856  0.810418  0.769828  0.749635  0.737921  0.759200  0.927424  0.723093  0.762798  0.773944  0.780798  0.150391  0.693693 
18  0.518440  0.806513  0.864634  0.176428  0.411583  0.809781  0.715066  0.734472  0.497539  0.583926  0.723384  0.802754  0.519451  0.512783  0.787190  0.757148  0.835294  0.964512 0.0  0.648574  0.775438  0.608825  0.661999  0.789824  0.848283  0.516705  0.390005  0.205773  0.785177  0.597553  0.726432  0.740381  0.527446  0.755720  0.685150  0.721506  0.669627  0.437883  0.661317  0.703298  0.756573  0.592781  0.491113  0.451446  0.383486  0.772876  0.514194  0.478176  0.566145  0.525360  0.422896  0.770070  0.677780  0.238293  0.616296  0.519345  0.167007  0.608420  0.799800  0.811704 
19  0.609172  0.609651  0.598412  0.726859  0.569155  0.695527  0.736303  0.598621  0.579078  0.543416  0.472754  0.616523  0.652997  0.545490  0.652187  0.635247  0.734935  0.678111  0.648574 0.0  0.578847  0.480902  0.488591  0.700334  0.666511  0.632707  0.643070  0.595918  0.563502  0.619516  0.647649  0.545999  0.487364  0.660986  0.483478  0.466623  0.586943  0.666091  0.403066  0.441086  0.634696  0.491242  0.546287  0.626215  0.733505  0.623072  0.559295  0.658778  0.626599  0.696406  0.610014  0.595711  0.693348  0.632323  0.519168  0.563669  0.631532  0.539500  0.537101  0.530775 
20  0.898524  0.788272  0.755528  0.772810  0.543704  0.819811  0.749892  0.770583  0.724632  0.527396  0.785270  0.667761  0.826649  0.859642  0.782286  0.176391  0.660357  0.718141  0.775438  0.578847 0.0  0.761650  0.790056  0.775129  0.762922  0.744518  0.724037  0.763102  0.694285  0.922854  0.818402  0.808748  0.756351  0.808969  0.745548  0.581362  0.698720  0.821533  0.804201  0.632498  0.701090  0.757304  0.576537  0.815868  0.754832  0.683226  0.803964  0.800430  0.569527  0.535624  0.695152  0.303136  0.833192  0.735286  0.547382  0.627282  0.731650  0.744571  0.800642  0.352298 
21  0.659953  0.732057  0.745454  0.599328  0.519404  0.843167  0.754578  0.699731  0.378421  0.594615  0.639751  0.790640  0.354389  0.406626  0.708383  0.769043  0.844475  0.837235  0.608825  0.480902  0.761650 0.0  0.738431  0.730906  0.850770  0.636093  0.578801  0.637313  0.748938  0.336983  0.754701  0.827631  0.195160  0.888471  0.416984  0.614355  0.192621  0.635272  0.447643  0.467495  0.826150  0.399347  0.563259  0.504123  0.485015  0.797746  0.595578  0.588378  0.616778  0.607084  0.567810  0.798347  0.353178  0.640949  0.610617  0.543436  0.568681  0.245723  0.840812  0.539390 
22  0.659221  0.636462  0.696605  0.691954  0.551616  0.794885  0.753273  0.661384  0.756639  0.608712  0.504574  0.703111  0.701274  0.655014  0.632705  0.822463  0.836802  0.668531  0.661999  0.488591  0.790056  0.738431 0.0  0.678940  0.649054  0.652463  0.740637  0.642392  0.715093  0.733120  0.711721  0.742083  0.743595  0.662082  0.706998  0.708181  0.685976  0.791775  0.811016  0.882384  0.662634  0.708414  0.737984  0.702049  0.711381  0.799335  0.690888  0.614572  0.685112  0.744494  0.625999  0.796451  0.622532  0.747384  0.834048  0.669492  0.608954  0.707612  0.693374  0.686443 
23  0.726310  0.183832  0.343177  0.753402  0.721762  0.379165  0.299580  0.387992  0.720689  0.646369  0.754414  0.280934  0.697600  0.729155  0.334550  0.648268  0.908887  0.274883  0.789824  0.700334  0.775129  0.730906  0.678940 0.0  0.668824  0.766872  0.733372  0.845417  0.686874  0.713700  0.581686  0.337278  0.679957  0.456772  0.695316  0.732805  0.777536  0.733079  0.816072  0.861923  0.431821  0.778888  0.757577  0.800411  0.753709  0.757701  0.810273  0.720562  0.725495  0.757108  0.862551  0.676023  0.815664  0.693718  0.777733  0.781991  0.687056  0.758634  0.291277  0.754890 
24  0.754157  0.767626  0.655407  0.718925  0.685207  0.777566  0.915348  0.785100  0.778931  0.740756  0.802607  0.722189  0.889324  0.801664  0.822467  0.771154  0.181535  0.662515  0.848283  0.666511  0.762922  0.850770  0.649054  0.668824 0.0  0.837183  0.765031  0.830895  0.760743  0.784931  0.669848  0.675936  0.856255  0.831472  0.823304  0.724909  0.766361  0.903000  0.787084  0.849380  0.644511  0.742234  0.758740  0.886255  0.871404  0.653598  0.865984  0.778566  0.874500  0.771715  0.842930  0.690269  0.871114  0.796991  0.786147  0.798924  0.838218  0.760272  0.859211  0.867908 
25  0.170967  0.703883  0.891026  0.363464  0.586143  0.706351  0.706971  0.696725  0.496348  0.621500  0.758091  0.744005  0.560116  0.580124  0.673836  0.808921  0.829668  0.818727  0.516705  0.632707  0.744518  0.636093  0.652463  0.766872  0.837183 0.0  0.107840  0.385405  0.710671  0.542942  0.763015  0.818186  0.593007  0.701821  0.455023  0.632843  0.641224  0.416040  0.530082  0.680807  0.770730  0.598634  0.514810  0.197510  0.376869  0.792750  0.512882  0.342135  0.491913  0.531028  0.467728  0.850486  0.476719  0.487113  0.558066  0.536313  0.442947  0.644741  0.779388  0.715848 
26  0.165786  0.734740  0.798756  0.300589  0.702649  0.872832  0.817471  0.655448  0.543014  0.612118  0.730464  0.886233  0.592753  0.481896  0.881242  0.825989  0.817186  0.918921  0.390005  0.643070  0.724037  0.578801  0.740637  0.733372  0.765031  0.107840 0.0  0.465256  0.648401  0.605972  0.732516  0.803388  0.691521  0.727653  0.542651  0.710943  0.640746  0.389055  0.536481  0.652181  0.882891  0.620014  0.513593  0.252464  0.370485  0.697416  0.407288  0.237374  0.566739  0.490715  0.386706  0.788671  0.593547  0.451439  0.785633  0.403909  0.447631  0.613677  0.751880  0.782499 
27  0.465288  0.869048  0.835232  0.207993  0.642901  0.770370  0.910321  0.800368  0.557775  0.724017  0.650787  0.758270  0.566545  0.453497  0.748945  0.893772  0.810773  0.841777  0.205773  0.595918  0.763102  0.637313  0.642392  0.845417  0.830895  0.385405  0.465256 0.0  0.786529  0.673699  0.786390  0.933140  0.560333  0.750050  0.617686  0.641195  0.578786  0.392036  0.471939  0.641999  0.800324  0.622851  0.587625  0.449533  0.453101  0.781559  0.339395  0.417301  0.528526  0.734615  0.403764  0.756976  0.517094  0.278323  0.563321  0.521473  0.243019  0.596250  0.745403  0.708743 
28  0.778448  0.811186  0.660617  0.637215  0.642102  0.748815  0.704754  0.649215  0.686413  0.528268  0.722984  0.629936  0.691123  0.683611  0.672185  0.648242  0.800394  0.677285  0.785177  0.563502  0.694285  0.748938  0.715093  0.686874  0.760743  0.710671  0.648401  0.786529 0.0  0.829942  0.739148  0.636325  0.684774  0.760413  0.713243  0.335499  0.747755  0.773973  0.691548  0.616751  0.659427  0.658998  0.618851  0.702563  0.699926  0.392299  0.722666  0.693608  0.607429  0.572212  0.735548  0.674989  0.743532  0.818722  0.624705  0.713280  0.755566  0.770667  0.794441  0.615127 
29  0.487003  0.846418  0.829958  0.461350  0.559562  0.847090  0.729475  0.813144  0.285311  0.658290  0.737179  0.843760  0.430555  0.453655  0.728796  0.794377  0.839937  0.806357  0.597553  0.619516  0.922854  0.336983  0.733120  0.713700  0.784931  0.542942  0.605972  0.673699  0.829942 0.0  0.835529  0.753832  0.343512  0.689580  0.396790  0.771278  0.309705  0.547638  0.394752  0.482733  0.748790  0.496398  0.551874  0.489509  0.619822  0.627376  0.563936  0.642378  0.536218  0.576461  0.455851  0.697269  0.296502  0.587761  0.599523  0.447295  0.640396  0.371068  0.722841  0.632024 
30  0.682790  0.440707  0.617947  0.709347  0.678287  0.584461  0.437457  0.489868  0.803710  0.661993  0.684357  0.467126  0.771170  0.762403  0.500716  0.865421  0.760408  0.579858  0.726432  0.647649  0.818402  0.754701  0.711721  0.581686  0.669848  0.763015  0.732516  0.786390  0.739148  0.835529 0.0  0.524569  0.759130  0.328137  0.704413  0.689502  0.761347  0.815324  0.815279  0.734540  0.531516  0.848197  0.742070  0.768401  0.755237  0.714527  0.716351  0.763355  0.797092  0.782431  0.716344  0.770682  0.809158  0.765667  0.745317  0.745987  0.845199  0.780704  0.614080  0.693598 
31  0.718672  0.422478  0.262891  0.889816  0.603915  0.327145  0.268776  0.367181  0.780747  0.592262  0.749481  0.195569  0.685515  0.801256  0.348059  0.694156  0.714426  0.228791  0.740381  0.545999  0.808748  0.827631  0.742083  0.337278  0.675936  0.818186  0.803388  0.933140  0.636325  0.753832  0.524569 0.0  0.845357  0.481767  0.813994  0.727367  0.784629  0.797647  0.803319  0.826732  0.183317  0.860871  0.697692  0.834547  0.781635  0.731073  0.723110  0.845611  0.685148  0.681058  0.757446  0.675930  0.786821  0.808923  0.703965  0.806617  0.921752  0.772475  0.272918  0.673647 
32  0.593549  0.872028  0.788197  0.561326  0.575322  0.799950  0.670587  0.736901  0.297292  0.583999  0.613223  0.796819  0.367073  0.464738  0.797557  0.698684  0.877672  0.833577  0.527446  0.487364  0.756351  0.195160  0.743595  0.679957  0.856255  0.593007  0.691521  0.560333  0.684774  0.343512  0.759130  0.845357 0.0  0.865457  0.343450  0.685400  0.219537  0.490090  0.368985  0.496937  0.689730  0.431294  0.601041  0.573105  0.486985  0.652752  0.520089  0.535195  0.560957  0.559084  0.429622  0.673267  0.294007  0.597090  0.559149  0.419512  0.538327  0.248657  0.807384  0.538275 
33  0.669977  0.560137  0.520169  0.715513  0.532568  0.497860  0.623391  0.513619  0.652139  0.591009  0.686355  0.516992  0.856948  0.638950  0.587614  0.752490  0.810735  0.506944  0.755720  0.660986  0.808969  0.888471  0.662082  0.456772  0.831472  0.701821  0.727653  0.750050  0.760413  0.689580  0.328137  0.481767  0.865457 0.0  0.792108  0.752665  0.818319  0.742191  0.674673  0.795266  0.514893  0.812891  0.780571  0.681414  0.829690  0.697568  0.725642  0.786669  0.777320  0.703434  0.797734  0.754602  0.717901  0.752968  0.819402  0.689368  0.636387  0.684988  0.599049  0.721807 
34  0.616561  0.756401  0.813218  0.483952  0.492850  0.873627  0.751698  0.789756  0.150608  0.624516  0.637372  0.725602  0.364566  0.481896  0.770184  0.753656  0.803907  0.868233  0.685150  0.483478  0.745548  0.416984  0.706998  0.695316  0.823304  0.455023  0.542651  0.617686  0.713243  0.396790  0.704413  0.813994  0.343450  0.792108 0.0  0.723097  0.311411  0.549353  0.428370  0.540552  0.811808  0.468451  0.551395  0.610307  0.503287  0.719956  0.549395  0.594537  0.516026  0.603090  0.414887  0.828448  0.135460  0.489604  0.659160  0.484051  0.588449  0.311566  0.832463  0.563493 
35  0.580750  0.564839  0.596907  0.708702  0.662665  0.797652  0.664050  0.615871  0.684048  0.512515  0.679137  0.669176  0.653762  0.678150  0.735518  0.670049  0.863543  0.671637  0.721506  0.466623  0.581362  0.614355  0.708181  0.732805  0.724909  0.632843  0.710943  0.641195  0.335499  0.771278  0.689502  0.727367  0.685400  0.752665  0.723097 0.0  0.619971  0.697564  0.742122  0.587737  0.722232  0.711837  0.600390  0.646135  0.653400  0.416644  0.679063  0.780650  0.736023  0.721158  0.694593  0.693486  0.752579  0.719077  0.660800  0.776820  0.765291  0.585673  0.690124  0.618478 
36  0.586659  0.768639  0.832550  0.538769  0.604856  0.782178  0.807178  0.794707  0.306216  0.665611  0.559467  0.785549  0.358956  0.493125  0.879253  0.758432  0.800258  0.849644  0.669627  0.586943  0.698720  0.192621  0.685976  0.777536  0.766361  0.641224  0.640746  0.578786  0.747755  0.309705  0.761347  0.784629  0.219537  0.818319  0.311411  0.619971 0.0  0.632763  0.326291  0.539290  0.826482  0.425566  0.609961  0.572030  0.639545  0.670282  0.600665  0.554843  0.462016  0.543242  0.439021  0.889900  0.246651  0.598027  0.556690  0.551825  0.625691  0.204175  0.797135  0.476352 
37  0.442126  0.776758  0.741561  0.381802  0.513971  0.746268  0.758448  0.828559  0.522071  0.622233  0.720982  0.828527  0.645535  0.386886  0.759455  0.848099  0.914720  0.817646  0.437883  0.666091  0.821533  0.635272  0.791775  0.733079  0.903000  0.416040  0.389055  0.392036  0.773973  0.547638  0.815324  0.797647  0.490090  0.742191  0.549353  0.697564  0.632763 0.0  0.465179  0.728598  0.789376  0.533021  0.510531  0.497277  0.219034  0.818680  0.217477  0.507635  0.492129  0.622488  0.425733  0.763304  0.585934  0.475237  0.546826  0.549604  0.420086  0.620758  0.808559  0.734180 
38  0.514466  0.817130  0.718806  0.660752  0.536961  0.812160  0.921520  0.891821  0.248184  0.609353  0.794236  0.962239  0.367133  0.398609  0.733685  0.899119  0.775008  0.732253  0.661317  0.403066  0.804201  0.447643  0.811016  0.816072  0.787084  0.530082  0.536481  0.471939  0.691548  0.394752  0.815279  0.803319  0.368985  0.674673  0.428370  0.742122  0.326291  0.465179 0.0  0.379083  0.674161  0.398374  0.377357  0.512286  0.570226  0.801599  0.504705  0.548044  0.554263  0.609569  0.512677  0.735637  0.359093  0.549934  0.444523  0.520653  0.594343  0.363383  0.760352  0.478586 
39  0.644409  0.823622  0.889792  0.615026  0.536922  1.000000  0.877274  0.829159  0.557143  0.468819  0.743181  0.869389  0.421933  0.561488  0.818239  0.731771  0.731456  0.848731  0.703298  0.441086  0.632498  0.467495  0.882384  0.861923  0.849380  0.680807  0.652181  0.641999  0.616751  0.482733  0.734540  0.826732  0.496937  0.795266  0.540552  0.587737  0.539290  0.728598  0.379083 0.0  0.832067  0.193749  0.530112  0.607844  0.667558  0.635394  0.706644  0.626651  0.541030  0.577471  0.619387  0.761987  0.483485  0.670442  0.437466  0.540828  0.501587  0.443119  0.875699  0.441146 
40  0.780713  0.342707  0.167077  0.752069  0.609948  0.403331  0.315908  0.274082  0.790045  0.723474  0.710883  0.220264  0.755500  0.738439  0.361973  0.725478  0.807827  0.266656  0.756573  0.634696  0.701090  0.826150  0.662634  0.431821  0.644511  0.770730  0.882891  0.800324  0.659427  0.748790  0.531516  0.183317  0.689730  0.514893  0.811808  0.722232  0.826482  0.789376  0.674161  0.832067 0.0  0.764841  0.760819  0.820007  0.854153  0.707326  0.826065  0.852159  0.741610  0.798797  0.772251  0.738890  0.756864  0.841315  0.815093  0.822465  0.815209  0.839704  0.262881  0.641295 
41  0.628237  0.891649  0.826499  0.539671  0.605776  0.750365  0.739619  0.796148  0.418377  0.594486  0.791798  0.723995  0.422745  0.613052  0.715544  0.758209  0.768220  0.807959  0.592781  0.491242  0.757304  0.399347  0.708414  0.778888  0.742234  0.598634  0.620014  0.622851  0.658998  0.496398  0.848197  0.860871  0.431294  0.812891  0.468451  0.711837  0.425566  0.533021  0.398374  0.193749  0.764841 0.0  0.529508  0.665118  0.492777  0.726906  0.550333  0.536624  0.625685  0.546463  0.555025  0.781227  0.494145  0.598414  0.499787  0.566533  0.608295  0.508370  0.731728  0.343757 
42  0.482906  0.683010  0.733819  0.562734  0.474842  0.817453  0.715441  0.849610  0.590868  0.553769  0.736721  0.666801  0.522394  0.470156  0.749825  0.580574  0.761534  0.668316  0.491113  0.546287  0.576537  0.563259  0.737984  0.757577  0.758740  0.514810  0.513593  0.587625  0.618851  0.551874  0.742070  0.697692  0.601041  0.780571  0.551395  0.600390  0.609961  0.510531  0.377357  0.530112  0.760819  0.529508 0.0  0.551240  0.532779  0.744530  0.565158  0.559668  0.335562  0.395446  0.577660  0.680346  0.518826  0.521446  0.416949  0.373993  0.557373  0.585227  0.737612  0.659262 
43  0.253224  0.721769  0.859406  0.379453  0.434263  0.844737  0.786571  0.720068  0.542525  0.580743  0.721087  0.858032  0.515782  0.446060  0.905112  0.740197  0.851277  0.808573  0.451446  0.626215  0.815868  0.504123  0.702049  0.800411  0.886255  0.197510  0.252464  0.449533  0.702563  0.489509  0.768401  0.834547  0.573105  0.681414  0.610307  0.646135  0.572030  0.497277  0.512286  0.607844  0.820007  0.665118  0.551240 0.0  0.258985  0.760336  0.488062  0.298851  0.427194  0.543899  0.462628  0.740860  0.546121  0.402678  0.606861  0.460031  0.444288  0.629624  0.731054  0.834465 
44  0.327535  0.883967  0.789147  0.395750  0.495477  0.789434  0.804053  0.849453  0.549234  0.570073  0.734815  0.770477  0.477338  0.438038  0.832278  0.815778  0.870206  0.827224  0.383486  0.733505  0.754832  0.485015  0.711381  0.753709  0.871404  0.376869  0.370485  0.453101  0.699926  0.619822  0.755237  0.781635  0.486985  0.829690  0.503287  0.653400  0.639545  0.219034  0.570226  0.667558  0.854153  0.492777  0.532779  0.258985 0.0  0.808707  0.208906  0.470405  0.517392  0.738081  0.503870  0.774676  0.668841  0.368969  0.651954  0.469519  0.336043  0.653733  0.716086  0.732237 
45  0.653233  0.682482  0.743684  0.801019  0.629932  0.765337  0.635389  0.750855  0.667086  0.512518  0.745329  0.757479  0.812686  0.686428  0.733163  0.670115  0.759291  0.767735  0.772876  0.623072  0.683226  0.797746  0.799335  0.757701  0.653598  0.792750  0.697416  0.781559  0.392299  0.627376  0.714527  0.731073  0.652752  0.697568  0.719956  0.416644  0.670282  0.818680  0.801599  0.635394  0.707326  0.726906  0.744530  0.760336  0.808707 0.0  0.699551  0.746717  0.720041  0.780406  0.688456  0.683077  0.679079  0.765504  0.704823  0.581974  0.702054  0.749482  0.727998  0.614626 
46  0.366386  0.743540  0.808515  0.445780  0.558815  0.756658  0.780922  0.872260  0.554235  0.641016  0.641349  0.745629  0.554915  0.455909  0.816075  0.798474  0.923487  0.802999  0.514194  0.559295  0.803964  0.595578  0.690888  0.810273  0.865984  0.512882  0.407288  0.339395  0.722666  0.563936  0.716351  0.723110  0.520089  0.725642  0.549395  0.679063  0.600665  0.217477  0.504705  0.706644  0.826065  0.550333  0.565158  0.488062  0.208906  0.699551 0.0  0.468626  0.619693  0.577169  0.448000  0.849714  0.630087  0.458394  0.563999  0.550152  0.470881  0.628715  0.833253  0.835255 
47  0.293325  0.650840  0.836391  0.286584  0.553149  0.800675  0.812561  0.781906  0.531079  0.555730  0.610753  0.797930  0.495687  0.500716  0.760375  0.760418  0.737480  0.829856  0.478176  0.658778  0.800430  0.588378  0.614572  0.720562  0.778566  0.342135  0.237374  0.417301  0.693608  0.642378  0.763355  0.845611  0.535195  0.786669  0.594537  0.780650  0.554843  0.507635  0.548044  0.626651  0.852159  0.536624  0.559668  0.298851  0.470405  0.746717  0.468626 0.0  0.516875  0.565512  0.528665  0.827980  0.516603  0.505478  0.548128  0.430998  0.457088  0.611756  0.778347  0.756531 
48  0.543016  0.620116  0.699431  0.436737  0.505591  0.764857  0.747200  0.716823  0.510266  0.530944  0.687945  0.742943  0.465131  0.502699  0.709907  0.630717  0.799613  0.810418  0.566145  0.626599  0.569527  0.616778  0.685112  0.725495  0.874500  0.491913  0.566739  0.528526  0.607429  0.536218  0.797092  0.685148  0.560957  0.777320  0.516026  0.736023  0.462016  0.492129  0.554263  0.541030  0.741610  0.625685  0.335562  0.427194  0.517392  0.720041  0.619693  0.516875 0.0  0.341761  0.525585  0.567062  0.567145  0.589085  0.419792  0.455322  0.609214  0.606653  0.786479  0.677683 
49  0.607804  0.723033  0.692471  0.577714  0.587931  0.845908  0.814329  0.804512  0.608848  0.555105  0.565832  0.681731  0.568638  0.562007  0.764233  0.512322  0.735251  0.769828  0.525360  0.696406  0.535624  0.607084  0.744494  0.757108  0.771715  0.531028  0.490715  0.734615  0.572212  0.576461  0.782431  0.681058  0.559084  0.703434  0.603090  0.721158  0.543242  0.622488  0.609569  0.577471  0.798797  0.546463  0.395446  0.543899  0.738081  0.780406  0.577169  0.565512  0.341761 0.0  0.455990  0.519909  0.473470  0.602067  0.384904  0.286637  0.537174  0.628894  0.810562  0.736038 
50  0.423151  0.741151  0.856255  0.439169  0.485081  0.853479  0.755923  0.747191  0.373532  0.583448  0.747413  0.686498  0.423255  0.347191  0.737517  0.824672  0.842176  0.749635  0.422896  0.610014  0.695152  0.567810  0.625999  0.862551  0.842930  0.467728  0.386706  0.403764  0.735548  0.455851  0.716344  0.757446  0.429622  0.797734  0.414887  0.694593  0.439021  0.425733  0.512677  0.619387  0.772251  0.555025  0.577660  0.462628  0.503870  0.688456  0.448000  0.528665  0.525585  0.455990 0.0  0.659858  0.501510  0.461089  0.626158  0.508698  0.354866  0.452226  0.730067  0.762316 
51  0.845765  0.776291  0.668811  0.842518  0.587539  0.857492  0.815404  0.777386  0.693244  0.649249  0.756836  0.662111  0.831356  0.737000  0.858878  0.282400  0.771235  0.737921  0.770070  0.595711  0.303136  0.798347  0.796451  0.676023  0.690269  0.850486  0.788671  0.756976  0.674989  0.697269  0.770682  0.675930  0.673267  0.754602  0.828448  0.693486  0.889900  0.763304  0.735637  0.761987  0.738890  0.781227  0.680346  0.740860  0.774676  0.683077  0.849714  0.827980  0.567062  0.519909  0.659858 0.0  0.839410  0.794093  0.416118  0.473687  0.699174  0.806817  0.761453  0.377848 
52  0.569659  0.701220  0.821336  0.440075  0.511538  0.837543  0.861448  0.718496  0.135450  0.590071  0.751707  0.786564  0.390208  0.471908  0.749306  0.758535  0.770615  0.759200  0.677780  0.693348  0.833192  0.353178  0.622532  0.815664  0.871114  0.476719  0.593547  0.517094  0.743532  0.296502  0.809158  0.786821  0.294007  0.717901  0.135460  0.752579  0.246651  0.585934  0.359093  0.483485  0.756864  0.494145  0.518826  0.546121  0.668841  0.679079  0.630087  0.516603  0.567145  0.473470  0.501510  0.839410 0.0  0.658056  0.577007  0.525578  0.539463  0.295083  0.833359  0.524565 
53  0.477695  0.719328  0.753581  0.279448  0.570445  0.856346  0.805289  0.768586  0.565828  0.595687  0.722384  0.786967  0.594579  0.453822  0.730924  0.817703  0.816747  0.927424  0.238293  0.632323  0.735286  0.640949  0.747384  0.693718  0.796991  0.487113  0.451439  0.278323  0.818722  0.587761  0.765667  0.808923  0.597090  0.752968  0.489604  0.719077  0.598027  0.475237  0.549934  0.670442  0.841315  0.598414  0.521446  0.402678  0.368969  0.765504  0.458394  0.505478  0.589085  0.602067  0.461089  0.794093  0.658056 0.0  0.670524  0.530271  0.152443  0.570617  0.712966  0.621508 
54  0.635692  0.773545  0.730331  0.533890  0.644418  0.821044  0.817170  0.824263  0.624774  0.473442  0.792211  0.743025  0.440164  0.566533  0.767460  0.597083  0.783547  0.723093  0.616296  0.519168  0.547382  0.610617  0.834048  0.777733  0.786147  0.558066  0.785633  0.563321  0.624705  0.599523  0.745317  0.703965  0.559149  0.819402  0.659160  0.660800  0.556690  0.546826  0.444523  0.437466  0.815093  0.499787  0.416949  0.606861  0.651954  0.704823  0.563999  0.548128  0.419792  0.384904  0.626158  0.416118  0.577007  0.670524 0.0  0.490484  0.690278  0.550661  0.746227  0.680376 
55  0.435986  0.733748  0.694668  0.545052  0.597702  0.690375  0.777067  0.778888  0.539219  0.638779  0.680205  0.789808  0.521018  0.526567  0.790247  0.627854  0.836805  0.762798  0.519345  0.563669  0.627282  0.543436  0.669492  0.781991  0.798924  0.536313  0.403909  0.521473  0.713280  0.447295  0.745987  0.806617  0.419512  0.689368  0.484051  0.776820  0.551825  0.549604  0.520653  0.540828  0.822465  0.566533  0.373993  0.460031  0.469519  0.581974  0.550152  0.430998  0.455322  0.286637  0.508698  0.473687  0.525578  0.530271  0.490484 0.0  0.556171  0.454557  0.676339  0.715579 
56  0.470622  0.767741  0.823743  0.347377  0.688873  0.886215  0.781382  0.771097  0.458156  0.508584  0.679710  0.850854  0.550850  0.424760  0.756369  0.854894  0.900592  0.773944  0.167007  0.631532  0.731650  0.568681  0.608954  0.687056  0.838218  0.442947  0.447631  0.243019  0.755566  0.640396  0.845199  0.921752  0.538327  0.636387  0.588449  0.765291  0.625691  0.420086  0.594343  0.501587  0.815209  0.608295  0.557373  0.444288  0.336043  0.702054  0.470881  0.457088  0.609214  0.537174  0.354866  0.699174  0.539463  0.152443  0.690278  0.556171 0.0  0.668995  0.765588  0.760255 
57  0.650314  0.734351  0.817746  0.550163  0.476366  0.847445  0.831403  0.797874  0.303335  0.542291  0.821017  0.772866  0.264557  0.499814  0.862268  0.715094  0.964724  0.780798  0.608420  0.539500  0.744571  0.245723  0.707612  0.758634  0.760272  0.644741  0.613677  0.596250  0.770667  0.371068  0.780704  0.772475  0.248657  0.684988  0.311566  0.585673  0.204175  0.620758  0.363383  0.443119  0.839704  0.508370  0.585227  0.629624  0.653733  0.749482  0.628715  0.611756  0.606653  0.628894  0.452226  0.806817  0.295083  0.570617  0.550661  0.454557  0.668995 0.0  0.741634  0.503763 
58  0.705412  0.399002  0.304722  0.696291  0.621714  0.260824  0.160030  0.265489  0.815758  0.567784  0.727202  0.132183  0.700373  0.841200  0.256570  0.627422  0.864425  0.150391  0.799800  0.537101  0.800642  0.840812  0.693374  0.291277  0.859211  0.779388  0.751880  0.745403  0.794441  0.722841  0.614080  0.272918  0.807384  0.599049  0.832463  0.690124  0.797135  0.808559  0.760352  0.875699  0.262881  0.731728  0.737612  0.731054  0.716086  0.727998  0.833253  0.778347  0.786479  0.810562  0.730067  0.761453  0.833359  0.712966  0.746227  0.676339  0.765588  0.741634 0.0  0.657995 
59  0.798255  0.705140  0.680578  0.814191  0.523063  0.859340  0.716112  0.733567  0.583106  0.557634  0.730448  0.635494  0.563755  0.749624  0.770240  0.454186  0.769396  0.693693  0.811704  0.530775  0.352298  0.539390  0.686443  0.754890  0.867908  0.715848  0.782499  0.708743  0.615127  0.632024  0.693598  0.673647  0.538275  0.721807  0.563493  0.618478  0.476352  0.734180  0.478586  0.441146  0.641295  0.343757  0.659262  0.834465  0.732237  0.614626  0.835255  0.756531  0.677683  0.736038  0.762316  0.377848  0.524565  0.621508  0.680376  0.715579  0.760255  0.503763  0.657995 0.0 
