60
0 0.0  0.768179  0.750863  0.335525  0.526192  0.647771  0.607789  0.696650  0.464826  0.676840  0.644210  0.773056  0.489629  0.389260  0.569206  0.726865  0.639784  0.888999  0.375910  0.659862  0.660134  0.536447  0.716431  0.697030  0.622180  0.164003  0.171513  0.431028  0.695107  0.562086  0.665622  0.751998  0.486037  0.768330  0.537941  0.544449  0.537354  0.426695  0.539858  0.558619  0.797467  0.604491  0.478569  0.208827  0.378962  0.656736  0.347282  0.232906  0.468161  0.465328  0.393538  0.803114  0.495594  0.439134  0.573228  0.467011  0.397292  0.488786  0.746230  0.752867 
1  0.768179 0.0  0.323109  0.773197  0.604546  0.312596  0.245135  0.312859  0.618898  0.650575  0.629458  0.265233  0.700218  0.671331  0.329770  0.775833  0.817255  0.320881  0.704292  0.543219  0.738845  0.710765  0.635253  0.176872  0.771554  0.690904  0.643145  0.695795  0.666383  0.799477  0.503396  0.275043  0.819488  0.437597  0.715774  0.601514  0.782678  0.624045  0.857712  0.695151  0.301211  0.756757  0.693550  0.736236  0.794233  0.663649  0.641612  0.721497  0.708981  0.747610  0.711008  0.859053  0.760208  0.680720  0.560944  0.689786  0.768962  0.701309  0.294592  0.733826 
2  0.750863  0.323109 0.0  0.818762  0.579086  0.331070  0.219041  0.271028  0.874736  0.506051  0.646591  0.166259  0.742232  0.628914  0.257200  0.667213  0.771422  0.127279  0.785117  0.623997  0.799684  0.761360  0.725203  0.268204  0.671295  0.799516  0.785214  0.772892  0.657788  0.719548  0.497376  0.167798  0.775739  0.450137  0.872259  0.649676  0.727291  0.760621  0.665122  0.684286  0.183196  0.808523  0.743487  0.751112  0.697521  0.639827  0.801699  0.707091  0.736395  0.718294  0.680895  0.546588  0.753341  0.836101  0.759621  0.785117  0.669039  0.846477  0.202149  0.700553 
3  0.335525  0.773197  0.818762 0.0  0.537029  0.767198  0.772230  0.700961  0.403180  0.548929  0.651239  0.703523  0.483123  0.404794  0.601982  0.790580  0.756942  0.704052  0.244505  0.663030  0.815428  0.486605  0.552114  0.707472  0.838147  0.301222  0.310617  0.246763  0.662500  0.436465  0.634537  0.812258  0.538822  0.666673  0.431310  0.589020  0.551427  0.348095  0.431503  0.541022  0.714767  0.549856  0.489498  0.313240  0.341024  0.684988  0.332807  0.286010  0.500048  0.501352  0.364206  0.745670  0.448422  0.234563  0.574964  0.469859  0.221625  0.584085  0.696308  0.599240 
4  0.526192  0.604546  0.579086  0.537029 0.0  0.554374  0.537818  0.551844  0.502922  0.535667  0.520869  0.584940  0.510333  0.566670  0.633251  0.481268  0.641161  0.688026  0.525448  0.480907  0.603888  0.662018  0.617201  0.602992  0.747550  0.579338  0.565693  0.645281  0.583951  0.464510  0.499590  0.642006  0.451519  0.457417  0.532706  0.623299  0.514938  0.499493  0.531153  0.479471  0.516994  0.531618  0.578594  0.562144  0.601906  0.582858  0.578828  0.532227  0.504730  0.551196  0.564360  0.568893  0.545574  0.555155  0.492950  0.570156  0.509872  0.526079  0.575114  0.520619 
5  0.647771  0.312596  0.331070  0.767198  0.554374 0.0  0.291039  0.224301  0.721425  0.615339  0.692435  0.318075  0.786762  0.677590  0.231867  0.658984  0.842519  0.323536  0.655468  0.581814  0.848507  0.892229  0.615479  0.259554  0.698037  0.747486  0.734910  0.730003  0.727328  0.746363  0.460117  0.313719  0.685898  0.479148  0.663980  0.699449  0.869691  0.667354  0.809679  0.761903  0.309826  0.779077  0.649720  0.671003  1.000000  0.779411  0.676387  0.709446  0.783585  0.639991  0.646851  0.817197  0.824812  0.794561  0.658624  0.677175  0.862215  0.692774  0.240788  0.709268 
6  0.607789  0.245135  0.219041  0.772230  0.537818  0.291039 0.0  0.234145  0.762789  0.668165  0.738059  0.196081  0.763478  0.746195  0.225717  0.883404  0.853157  0.242401  0.775264  0.608705  0.620821  0.900159  0.756121  0.292015  0.731259  0.774589  0.800632  0.808949  0.684119  0.781575  0.460367  0.186957  0.726300  0.492640  0.667572  0.636537  0.721228  0.749726  0.916168  0.728102  0.231791  0.752191  0.833587  0.779134  0.632622  0.533744  0.663794  0.682048  0.679011  0.754491  0.618156  0.681201  0.761476  0.787019  0.748013  0.745093  0.724569  0.752118  0.180619  0.725594 
7  0.696650  0.312859  0.271028  0.700961  0.551844  0.224301  0.234145 0.0  0.682340  0.514550  0.602856  0.247032  0.703536  0.692073  0.172012  0.735950  0.831984  0.290912  0.808872  0.571328  0.752628  0.677962  0.744665  0.298229  0.770825  0.669070  0.743425  0.694659  0.648490  0.773249  0.500625  0.293872  0.733125  0.400517  0.716723  0.634893  0.753649  0.746493  0.790245  0.849573  0.261616  0.769969  0.830578  0.756748  0.761687  0.600739  0.810010  0.784722  0.794192  0.758194  0.665272  0.794556  0.759552  0.711266  0.744385  0.663480  0.837078  0.853239  0.217744  0.576387 
8  0.464826  0.618898  0.874736  0.403180  0.502922  0.721425  0.762789  0.682340 0.0  0.548216  0.600123  0.905787  0.381542  0.369513  0.695508  0.695840  0.793589  0.734825  0.580417  0.452614  0.696570  0.244988  0.606671  0.652931  0.697625  0.550766  0.548121  0.531703  0.765116  0.267341  0.759476  0.878210  0.223181  0.606646  0.163220  0.596603  0.235248  0.500160  0.307943  0.345278  0.818580  0.447792  0.497523  0.449777  0.453223  0.680834  0.532898  0.512992  0.545246  0.527702  0.395016  0.842007  0.173087  0.496855  0.498563  0.460536  0.564390  0.266696  0.602768  0.443670 
9  0.676840  0.650575  0.506051  0.548929  0.535667  0.615339  0.668165  0.514550  0.548216 0.0  0.637586  0.573939  0.595522  0.615410  0.631001  0.484071  0.627892  0.565063  0.631482  0.466166  0.510917  0.511847  0.630946  0.615024  0.591750  0.509066  0.655265  0.564974  0.509691  0.635864  0.540193  0.596186  0.600552  0.605064  0.519425  0.438277  0.548124  0.588509  0.647062  0.554972  0.523919  0.600430  0.595019  0.663712  0.516180  0.562429  0.533516  0.584349  0.526005  0.533291  0.527290  0.626819  0.519704  0.633053  0.495835  0.569610  0.579358  0.565939  0.624008  0.530691 
10  0.644210  0.629458  0.646591  0.651239  0.520869  0.692435  0.738059  0.602856  0.600123  0.637586 0.0  0.667655  0.563687  0.638373  0.590757  0.895337  0.759762  0.756260  0.581951  0.646191  0.648905  0.680546  0.423755  0.588471  0.795602  0.554656  0.768271  0.832131  0.549008  0.611558  0.733568  0.696197  0.700022  0.629615  0.687055  0.629570  0.634618  0.565527  0.719215  0.772248  0.609683  0.681370  0.708426  0.616271  0.636432  0.735777  0.655369  0.746443  0.644690  0.719357  0.710643  0.734630  0.722677  0.673821  0.598044  0.645408  0.747882  0.723321  0.601127  0.719858 
11  0.773056  0.265233  0.166259  0.703523  0.584940  0.318075  0.196081  0.247032  0.905787  0.573939  0.667655 0.0  0.815619  0.710876  0.251003  0.790645  0.742677  0.152074  0.781890  0.609193  0.657761  0.745013  0.617982  0.285817  0.698033  0.707297  0.844364  0.729763  0.646899  0.898108  0.403734  0.173386  0.765511  0.419485  0.816968  0.608417  0.886224  0.676053  0.644053  0.806391  0.219625  0.778746  0.737651  0.688288  0.719718  0.659413  0.738390  0.557031  0.592633  0.754877  0.639832  0.704865  0.805160  0.752833  0.750384  0.584011  0.696366  0.729305  0.198923  0.604092 
12  0.489629  0.700218  0.742232  0.483123  0.510333  0.786762  0.763478  0.703536  0.381542  0.595522  0.563687  0.815619 0.0  0.404400  0.674226  0.632964  0.843773  0.639281  0.472463  0.560555  0.735237  0.370272  0.549116  0.768692  0.812176  0.497841  0.494900  0.572668  0.502503  0.370351  0.696934  0.799284  0.317350  0.700906  0.333109  0.798493  0.367953  0.493704  0.305022  0.353913  0.621000  0.367914  0.457902  0.502120  0.505143  0.708003  0.514510  0.448439  0.393012  0.496140  0.462410  0.758922  0.372095  0.538635  0.521118  0.470219  0.485480  0.351989  0.713963  0.571479 
13  0.389260  0.671331  0.628914  0.404794  0.566670  0.677590  0.746195  0.692073  0.369513  0.615410  0.638373  0.710876  0.404400 0.0  0.744519  0.712380  0.780741  0.801974  0.394488  0.641395  0.699559  0.459066  0.685680  0.768094  0.821426  0.441680  0.388797  0.441594  0.648664  0.396663  0.668279  0.704606  0.441696  0.710565  0.403473  0.695361  0.426548  0.412341  0.533320  0.504320  0.751429  0.468275  0.459096  0.417509  0.429698  0.738369  0.427107  0.439643  0.468126  0.476980  0.214144  0.607890  0.360039  0.466274  0.533565  0.389635  0.426830  0.410095  0.753275  0.736123 
14  0.569206  0.329770  0.257200  0.601982  0.633251  0.231867  0.225717  0.172012  0.695508  0.631001  0.590757  0.251003  0.674226  0.744519 0.0  0.801831  0.828072  0.311470  0.667846  0.564020  0.644589  0.751184  0.543299  0.267435  0.702209  0.783887  0.633332  0.889110  0.674508  0.632463  0.469258  0.252143  0.845439  0.386954  0.717918  0.719269  0.662537  0.822795  0.864042  0.709510  0.265591  0.701210  0.839390  0.711774  0.859677  0.650841  0.597406  0.696981  0.663767  0.746614  0.637654  0.801607  0.616747  0.785381  0.758161  0.753214  0.748620  0.849206  0.257604  0.577241 
15  0.726865  0.775833  0.667213  0.790580  0.481268  0.658984  0.883404  0.735950  0.695840  0.484071  0.895337  0.790645  0.632964  0.712380  0.801831 0.0  0.715134  0.657601  0.739670  0.608425  0.164912  0.833154  0.687182  0.735123  0.659643  0.784943  0.731111  0.872555  0.613353  0.708397  0.886564  0.724016  0.704611  0.655077  0.710894  0.637635  0.813132  0.880282  0.817327  0.718076  0.807829  0.793117  0.635648  0.832388  0.850500  0.605108  0.760068  0.685490  0.517917  0.574546  0.799670  0.284451  0.639933  0.718932  0.505593  0.544723  0.802019  0.828985  0.724429  0.366586 
16  0.639784  0.817255  0.771422  0.756942  0.641161  0.842519  0.853157  0.831984  0.793589  0.627892  0.759762  0.742677  0.843773  0.780741  0.828072  0.715134 0.0  0.651225  0.730970  0.702263  0.752806  0.670910  0.742701  0.858674  0.142267  0.824277  0.775629  0.754260  0.818494  0.787942  0.667987  0.652165  0.793579  0.706673  0.670229  0.757473  0.842158  0.751857  0.760475  0.760977  0.789902  0.692747  0.641616  0.738606  0.835406  0.648492  0.857624  0.764130  0.757536  0.675725  0.826572  0.772856  0.719538  0.843198  0.881546  0.720145  0.836430  0.778631  0.754640  0.728752 
17  0.888999  0.320881  0.127279  0.704052  0.688026  0.323536  0.242401  0.290912  0.734825  0.565063  0.756260  0.152074  0.639281  0.801974  0.311470  0.657601  0.651225 0.0  0.791688  0.618585  0.770654  0.783899  0.700239  0.325113  0.750118  0.825891  0.795919  0.884335  0.647387  0.696770  0.564627  0.174205  0.829677  0.491729  0.740399  0.715130  0.799786  0.726003  0.783076  0.783591  0.177861  0.864566  0.700031  0.815076  0.914052  0.703196  0.940708  0.781955  0.692160  0.766635  0.737244  0.615023  0.811009  0.764456  0.659074  0.750083  0.770993  0.812148  0.235467  0.708319 
18  0.375910  0.704292  0.785117  0.244505  0.525448  0.655468  0.775264  0.808872  0.580417  0.631482  0.581951  0.781890  0.472463  0.394488  0.667846  0.739670  0.730970  0.791688 0.0  0.635093  0.800129  0.549612  0.686019  0.679997  0.705523  0.358931  0.338743  0.220811  0.640701  0.461362  0.806672  0.807702  0.518183  0.713302  0.465486  0.646340  0.502627  0.381793  0.477087  0.581136  0.766962  0.666678  0.476966  0.369897  0.366894  0.652782  0.385398  0.451610  0.576005  0.534375  0.407985  0.779944  0.553232  0.186679  0.626394  0.522484  0.142887  0.531113  0.696815  0.826940 
19  0.659862  0.543219  0.623997  0.663030  0.480907  0.581814  0.608705  0.571328  0.452614  0.466166  0.646191  0.609193  0.560555  0.641395  0.564020  0.608425  0.702263  0.618585  0.635093 0.0  0.582605  0.533910  0.622965  0.620013  0.669569  0.497761  0.601796  0.631106  0.533054  0.514268  0.632292  0.577266  0.447334  0.624055  0.546235  0.577161  0.512803  0.689717  0.522949  0.557442  0.557809  0.431641  0.517112  0.636330  0.630924  0.551306  0.587962  0.540031  0.574306  0.547075  0.515953  0.475687  0.547995  0.607291  0.478210  0.541688  0.620822  0.532928  0.541914  0.528252 
20  0.660134  0.738845  0.799684  0.815428  0.603888  0.848507  0.620821  0.752628  0.696570  0.510917  0.648905  0.657761  0.735237  0.699559  0.644589  0.164912  0.752806  0.770654  0.800129  0.582605 0.0  0.718520  0.785643  0.661871  0.700251  0.687191  0.873462  0.761663  0.656218  0.738874  0.822587  0.601755  0.752313  0.693306  0.854412  0.560395  0.871379  0.697727  0.859689  0.601768  0.733592  0.849657  0.623635  0.739182  0.801297  0.675625  0.820727  0.771394  0.550581  0.527137  0.881384  0.240810  0.697007  0.764306  0.489806  0.617488  0.786417  0.677717  0.722939  0.353773 
21  0.536447  0.710765  0.761360  0.486605  0.662018  0.892229  0.900159  0.677962  0.244988  0.511847  0.680546  0.745013  0.370272  0.459066  0.751184  0.833154  0.670910  0.783899  0.549612  0.533910  0.718520 0.0  0.620253  0.741067  0.874998  0.532318  0.497693  0.514799  0.723273  0.268572  0.675002  0.750313  0.226311  0.787915  0.242772  0.678331  0.218411  0.641859  0.332279  0.424439  0.708898  0.486483  0.589559  0.535967  0.490299  0.678576  0.457516  0.504062  0.539792  0.533647  0.450436  0.836832  0.247623  0.531644  0.608999  0.515763  0.532443  0.246712  0.746246  0.471712 
22  0.716431  0.635253  0.725203  0.552114  0.617201  0.615479  0.756121  0.744665  0.606671  0.630946  0.423755  0.617982  0.549116  0.685680  0.543299  0.687182  0.742701  0.700239  0.686019  0.622965  0.785643  0.620253 0.0  0.697341  0.768015  0.735058  0.578647  0.732929  0.730020  0.645718  0.652506  0.694576  0.620364  0.693124  0.617190  0.694696  0.649840  0.646917  0.771655  0.639481  0.656577  0.779797  0.613447  0.515665  0.758446  0.565026  0.596978  0.596033  0.557349  0.567964  0.621191  0.643699  0.648246  0.587525  0.791438  0.717929  0.660408  0.684089  0.627899  0.730311 
23  0.697030  0.176872  0.268204  0.707472  0.602992  0.259554  0.292015  0.298229  0.652931  0.615024  0.588471  0.285817  0.768692  0.768094  0.267435  0.735123  0.858674  0.325113  0.679997  0.620013  0.661871  0.741067  0.697341 0.0  0.822017  0.767802  0.710588  0.715461  0.743773  0.608577  0.460971  0.322807  0.783067  0.507729  0.734316  0.774734  0.707209  0.774934  0.799334  0.887349  0.315100  0.909634  0.737712  0.651951  0.647181  0.684910  0.584798  0.572611  0.666234  0.684511  0.758436  0.763190  0.686773  0.785982  0.708657  0.623529  0.708285  0.884240  0.237092  0.628140 
24  0.622180  0.771554  0.671295  0.838147  0.747550  0.698037  0.731259  0.770825  0.697625  0.591750  0.795602  0.698033  0.812176  0.821426  0.702209  0.659643  0.142267  0.750118  0.705523  0.669569  0.700251  0.874998  0.768015  0.822017 0.0  0.797139  0.789749  0.794359  0.704642  0.757783  0.638171  0.702560  0.733044  0.673852  0.793033  0.756909  0.834445  0.733168  0.706704  0.976995  0.645573  0.732256  0.754352  0.700121  0.715011  0.694722  0.767960  0.745936  0.595931  0.687909  0.714079  0.710202  0.697435  0.778377  0.721641  0.797143  0.754538  0.896374  0.682990  0.569408 
25  0.164003  0.690904  0.799516  0.301222  0.579338  0.747486  0.774589  0.669070  0.550766  0.509066  0.554656  0.707297  0.497841  0.441680  0.783887  0.784943  0.824277  0.825891  0.358931  0.497761  0.687191  0.532318  0.735058  0.767802  0.797139 0.0  0.146156  0.416068  0.726132  0.484813  0.773814  0.874876  0.523878  0.624839  0.454835  0.722276  0.512405  0.367817  0.494460  0.596028  0.728329  0.554309  0.478640  0.205792  0.367735  0.634505  0.381175  0.226391  0.548269  0.576013  0.409466  0.685550  0.524888  0.314558  0.676227  0.526876  0.367737  0.577928  0.599984  0.775624 
26  0.171513  0.643145  0.785214  0.310617  0.565693  0.734910  0.800632  0.743425  0.548121  0.655265  0.768271  0.844364  0.494900  0.388797  0.633332  0.731111  0.775629  0.795919  0.338743  0.601796  0.873462  0.497693  0.578647  0.710588  0.789749  0.146156 0.0  0.416467  0.705848  0.542528  0.700948  0.606282  0.621824  0.710875  0.499800  0.569071  0.499199  0.353100  0.498046  0.649882  0.780425  0.672026  0.465498  0.231942  0.338577  0.608820  0.393621  0.239051  0.517190  0.506412  0.398116  0.707913  0.504272  0.396056  0.671627  0.520573  0.358982  0.577663  0.703040  0.677334 
27  0.431028  0.695795  0.772892  0.246763  0.645281  0.730003  0.808949  0.694659  0.531703  0.564974  0.832131  0.729763  0.572668  0.441594  0.889110  0.872555  0.754260  0.884335  0.220811  0.631106  0.761663  0.514799  0.732929  0.715461  0.794359  0.416068  0.416467 0.0  0.816042  0.439739  0.650227  0.663658  0.585370  0.666003  0.612595  0.562293  0.486254  0.360642  0.546599  0.572349  0.763948  0.480682  0.428596  0.411320  0.391981  0.814001  0.371460  0.405212  0.444574  0.503187  0.446941  0.922393  0.566564  0.227905  0.586908  0.504355  0.243680  0.575700  0.750946  0.768233 
28  0.695107  0.666383  0.657788  0.662500  0.583951  0.727328  0.684119  0.648490  0.765116  0.509691  0.549008  0.646899  0.502503  0.648664  0.674508  0.613353  0.818494  0.647387  0.640701  0.533054  0.656218  0.723273  0.730020  0.743773  0.704642  0.726132  0.705848  0.816042 0.0  0.770727  0.709389  0.652854  0.659098  0.672976  0.636162  0.303495  0.769548  0.697258  0.570221  0.694956  0.678056  0.703686  0.557883  0.791089  0.691328  0.309063  0.760972  0.717483  0.679062  0.676901  0.636689  0.661284  0.650135  0.544651  0.591787  0.590483  0.671761  0.647617  0.687301  0.612233 
29  0.562086  0.799477  0.719548  0.436465  0.464510  0.746363  0.781575  0.773249  0.267341  0.635864  0.611558  0.898108  0.370351  0.396663  0.632463  0.708397  0.787942  0.696770  0.461362  0.514268  0.738874  0.268572  0.645718  0.608577  0.757783  0.484813  0.542528  0.439739  0.770727 0.0  0.811922  0.795262  0.259787  0.678949  0.266460  0.659898  0.224180  0.506419  0.300397  0.455017  0.790149  0.426193  0.415016  0.465561  0.555790  0.606920  0.544729  0.476373  0.450972  0.502436  0.438018  0.777123  0.252492  0.500500  0.534342  0.445441  0.542654  0.282393  0.683547  0.609094 
30  0.665622  0.503396  0.497376  0.634537  0.499590  0.460117  0.460367  0.500625  0.759476  0.540193  0.733568  0.403734  0.696934  0.668279  0.469258  0.886564  0.667987  0.564627  0.806672  0.632292  0.822587  0.675002  0.652506  0.460971  0.638171  0.773814  0.700948  0.650227  0.709389  0.811922 0.0  0.499248  0.613592  0.325580  0.700614  0.629733  0.754474  0.742408  0.855610  0.783779  0.467887  0.757927  0.667980  0.686843  0.741478  0.658715  0.751171  0.780936  0.789668  0.683683  0.758126  0.726309  0.575617  0.814091  0.902572  0.788697  0.715898  0.867830  0.469936  0.683772 
31  0.751998  0.275043  0.167798  0.812258  0.642006  0.313719  0.186957  0.293872  0.878210  0.596186  0.696197  0.173386  0.799284  0.704606  0.252143  0.724016  0.652165  0.174205  0.807702  0.577266  0.601755  0.750313  0.694576  0.322807  0.702560  0.874876  0.606282  0.663658  0.652854  0.795262  0.499248 0.0  0.626573  0.519527  0.691556  0.635461  0.757640  0.768584  0.739747  0.868943  0.118921  0.899224  0.708904  0.753309  0.838375  0.594990  0.841933  0.673632  0.736182  0.781678  0.662431  0.618251  0.662483  0.859452  0.724632  0.747504  0.759113  0.802085  0.225536  0.641620 
32  0.486037  0.819488  0.775739  0.538822  0.451519  0.685898  0.726300  0.733125  0.223181  0.600552  0.700022  0.765511  0.317350  0.441696  0.845439  0.704611  0.793579  0.829677  0.518183  0.447334  0.752313  0.226311  0.620364  0.783067  0.733044  0.523878  0.621824  0.585370  0.659098  0.259787  0.613592  0.626573 0.0  0.760312  0.274440  0.645919  0.184240  0.458556  0.342265  0.322107  0.792386  0.412524  0.524509  0.559112  0.544726  0.737547  0.469157  0.545026  0.505781  0.601271  0.418467  0.730106  0.296623  0.512330  0.523495  0.489425  0.441478  0.186433  0.696948  0.532295 
33  0.768330  0.437597  0.450137  0.666673  0.457417  0.479148  0.492640  0.400517  0.606646  0.605064  0.629615  0.419485  0.700906  0.710565  0.386954  0.655077  0.706673  0.491729  0.713302  0.624055  0.693306  0.787915  0.693124  0.507729  0.673852  0.624839  0.710875  0.666003  0.672976  0.678949  0.325580  0.519527  0.760312 0.0  0.639311  0.587603  0.747041  0.681366  0.662581  0.765403  0.517187  0.830172  0.656189  0.759766  0.629501  0.710705  0.809976  0.710007  0.683093  0.718776  0.555061  0.653869  0.681475  0.639205  0.831342  0.699343  0.694627  0.593229  0.476596  0.706489 
34  0.537941  0.715774  0.872259  0.431310  0.532706  0.663980  0.667572  0.716723  0.163220  0.519425  0.687055  0.816968  0.333109  0.403473  0.717918  0.710894  0.670229  0.740399  0.465486  0.546235  0.854412  0.242772  0.617190  0.734316  0.793033  0.454835  0.499800  0.612595  0.636162  0.266460  0.700614  0.691556  0.274440  0.639311 0.0  0.614941  0.227731  0.503209  0.294573  0.424429  0.859529  0.404314  0.526630  0.529681  0.524683  0.688963  0.536589  0.550997  0.501977  0.518417  0.431533  0.839494  0.149472  0.470484  0.563848  0.427087  0.591092  0.261646  0.782818  0.451397 
35  0.544449  0.601514  0.649676  0.589020  0.623299  0.699449  0.636537  0.634893  0.596603  0.438277  0.629570  0.608417  0.798493  0.695361  0.719269  0.637635  0.757473  0.715130  0.646340  0.577161  0.560395  0.678331  0.694696  0.774734  0.756909  0.722276  0.569071  0.562293  0.303495  0.659898  0.629733  0.635461  0.645919  0.587603  0.614941 0.0  0.619233  0.724437  0.751776  0.576186  0.598674  0.615315  0.801235  0.588189  0.677920  0.384598  0.692298  0.597901  0.550875  0.671897  0.678661  0.598367  0.698822  0.592601  0.696755  0.657452  0.650073  0.597381  0.613602  0.644345 
36  0.537354  0.782678  0.727291  0.551427  0.514938  0.869691  0.721228  0.753649  0.235248  0.548124  0.634618  0.886224  0.367953  0.426548  0.662537  0.813132  0.842158  0.799786  0.502627  0.512803  0.871379  0.218411  0.649840  0.707209  0.834445  0.512405  0.499199  0.486254  0.769548  0.224180  0.754474  0.757640  0.184240  0.747041  0.227731  0.619233 0.0  0.477441  0.272565  0.465355  0.694768  0.421706  0.498029  0.458548  0.478042  0.663256  0.623360  0.495455  0.479464  0.556440  0.467342  0.817821  0.266887  0.547418  0.568423  0.483635  0.545289  0.208298  0.783019  0.504277 
37  0.426695  0.624045  0.760621  0.348095  0.499493  0.667354  0.749726  0.746493  0.500160  0.588509  0.565527  0.676053  0.493704  0.412341  0.822795  0.880282  0.751857  0.726003  0.381793  0.689717  0.697727  0.641859  0.646917  0.774934  0.733168  0.367817  0.353100  0.360642  0.697258  0.506419  0.742408  0.768584  0.458556  0.681366  0.503209  0.724437  0.477441 0.0  0.475709  0.615541  0.764315  0.665859  0.498951  0.411443  0.195083  0.730270  0.188408  0.411259  0.479818  0.520893  0.439674  0.890685  0.581140  0.379306  0.529020  0.505385  0.365480  0.511873  0.682990  0.803753 
38  0.539858  0.857712  0.665122  0.431503  0.531153  0.809679  0.916168  0.790245  0.307943  0.647062  0.719215  0.644053  0.305022  0.533320  0.864042  0.817327  0.760475  0.783076  0.477087  0.522949  0.859689  0.332279  0.771655  0.799334  0.706704  0.494460  0.498046  0.546599  0.570221  0.300397  0.855610  0.739747  0.342265  0.662581  0.294573  0.751776  0.272565  0.475709 0.0  0.349594  0.761853  0.357519  0.478651  0.491945  0.492906  0.680437  0.500818  0.418168  0.486492  0.421048  0.400506  0.702181  0.339271  0.410523  0.559770  0.433834  0.518844  0.284067  0.657270  0.531748 
39  0.558619  0.695151  0.684286  0.541022  0.479471  0.761903  0.728102  0.849573  0.345278  0.554972  0.772248  0.806391  0.353913  0.504320  0.709510  0.718076  0.760977  0.783591  0.581136  0.557442  0.601768  0.424439  0.639481  0.887349  0.976995  0.596028  0.649882  0.572349  0.694956  0.455017  0.783779  0.868943  0.322107  0.765403  0.424429  0.576186  0.465355  0.615541  0.349594 0.0  0.829376  0.154385  0.488548  0.532713  0.639257  0.584851  0.589479  0.485259  0.471804  0.536908  0.541306  0.716400  0.406707  0.553501  0.528066  0.524302  0.557448  0.420970  0.734463  0.406212 
40  0.797467  0.301211  0.183196  0.714767  0.516994  0.309826  0.231791  0.261616  0.818580  0.523919  0.609683  0.219625  0.621000  0.751429  0.265591  0.807829  0.789902  0.177861  0.766962  0.557809  0.733592  0.708898  0.656577  0.315100  0.645573  0.728329  0.780425  0.763948  0.678056  0.790149  0.467887  0.118921  0.792386  0.517187  0.859529  0.598674  0.694768  0.764315  0.761853  0.829376 0.0  0.884601  0.765681  0.875554  0.735922  0.542257  0.823160  0.699638  0.777168  0.819439  0.622257  0.711363  0.727626  0.925872  0.728415  0.739853  0.853312  0.865153  0.241112  0.632738 
41  0.604491  0.756757  0.808523  0.549856  0.531618  0.779077  0.752191  0.769969  0.447792  0.600430  0.681370  0.778746  0.367914  0.468275  0.701210  0.793117  0.692747  0.864566  0.666678  0.431641  0.849657  0.486483  0.779797  0.909634  0.732256  0.554309  0.672026  0.480682  0.703686  0.426193  0.757927  0.899224  0.412524  0.830172  0.404314  0.615315  0.421706  0.665859  0.357519  0.154385  0.884601 0.0  0.455616  0.547752  0.458076  0.649103  0.573467  0.524207  0.585656  0.523204  0.474461  0.669526  0.443571  0.496686  0.506118  0.503227  0.452174  0.437055  0.877295  0.470846 
42  0.478569  0.693550  0.743487  0.489498  0.578594  0.649720  0.833587  0.830578  0.497523  0.595019  0.708426  0.737651  0.457902  0.459096  0.839390  0.635648  0.641616  0.700031  0.476966  0.517112  0.623635  0.589559  0.613447  0.737712  0.754352  0.478640  0.465498  0.428596  0.557883  0.415016  0.667980  0.708904  0.524509  0.656189  0.526630  0.801235  0.498029  0.498951  0.478651  0.488548  0.765681  0.455616 0.0  0.415502  0.494722  0.675112  0.516811  0.466045  0.335416  0.286949  0.393833  0.586650  0.438062  0.457877  0.328552  0.291936  0.520598  0.565360  0.728996  0.608175 
43  0.208827  0.736236  0.751112  0.313240  0.562144  0.671003  0.779134  0.756748  0.449777  0.663712  0.616271  0.688288  0.502120  0.417509  0.711774  0.832388  0.738606  0.815076  0.369897  0.636330  0.739182  0.535967  0.515665  0.651951  0.700121  0.205792  0.231942  0.411320  0.791089  0.465561  0.686843  0.753309  0.559112  0.759766  0.529681  0.588189  0.458548  0.411443  0.491945  0.532713  0.875554  0.547752  0.415502 0.0  0.401094  0.715797  0.392342  0.177428  0.490891  0.528876  0.391470  0.735805  0.488249  0.347026  0.602801  0.445431  0.371409  0.530126  0.735587  0.733273 
44  0.378962  0.794233  0.697521  0.341024  0.601906  1.000000  0.632622  0.761687  0.453223  0.516180  0.636432  0.719718  0.505143  0.429698  0.859677  0.850500  0.835406  0.914052  0.366894  0.630924  0.801297  0.490299  0.758446  0.647181  0.715011  0.367735  0.338577  0.391981  0.691328  0.555790  0.741478  0.838375  0.544726  0.629501  0.524683  0.677920  0.478042  0.195083  0.492906  0.639257  0.735922  0.458076  0.494722  0.401094 0.0  0.762977  0.201011  0.440790  0.571485  0.597382  0.430722  0.662833  0.568973  0.385013  0.611346  0.431103  0.397703  0.564172  0.730542  0.667985 
45  0.656736  0.663649  0.639827  0.684988  0.582858  0.779411  0.533744  0.600739  0.680834  0.562429  0.735777  0.659413  0.708003  0.738369  0.650841  0.605108  0.648492  0.703196  0.652782  0.551306  0.675625  0.678576  0.565026  0.684910  0.694722  0.634505  0.608820  0.814001  0.309063  0.606920  0.658715  0.594990  0.737547  0.710705  0.688963  0.384598  0.663256  0.730270  0.680437  0.584851  0.542257  0.649103  0.675112  0.715797  0.762977 0.0  0.651907  0.683607  0.596665  0.590563  0.548451  0.669301  0.645602  0.693085  0.599103  0.636579  0.620267  0.683028  0.592224  0.676073 
46  0.347282  0.641612  0.801699  0.332807  0.578828  0.676387  0.663794  0.810010  0.532898  0.533516  0.655369  0.738390  0.514510  0.427107  0.597406  0.760068  0.857624  0.940708  0.385398  0.587962  0.820727  0.457516  0.596978  0.584798  0.767960  0.381175  0.393621  0.371460  0.760972  0.544729  0.751171  0.841933  0.469157  0.809976  0.536589  0.692298  0.623360  0.188408  0.500818  0.589479  0.823160  0.573467  0.516811  0.392342  0.201011  0.651907 0.0  0.362195  0.478791  0.521411  0.457105  0.682024  0.509946  0.376342  0.675426  0.466498  0.373287  0.459802  0.863319  0.681094 
47  0.232906  0.721497  0.707091  0.286010  0.532227  0.709446  0.682048  0.784722  0.512992  0.584349  0.746443  0.557031  0.448439  0.439643  0.696981  0.685490  0.764130  0.781955  0.451610  0.540031  0.771394  0.504062  0.596033  0.572611  0.745936  0.226391  0.239051  0.405212  0.717483  0.476373  0.780936  0.673632  0.545026  0.710007  0.550997  0.597901  0.495455  0.411259  0.418168  0.485259  0.699638  0.524207  0.466045  0.177428  0.440790  0.683607  0.362195 0.0  0.454684  0.492869  0.394108  0.755995  0.521990  0.407366  0.584656  0.433699  0.478414  0.530906  0.636634  0.610867 
48  0.468161  0.708981  0.736395  0.500048  0.504730  0.783585  0.679011  0.794192  0.545246  0.526005  0.644690  0.592633  0.393012  0.468126  0.663767  0.517917  0.757536  0.692160  0.576005  0.574306  0.550581  0.539792  0.557349  0.666234  0.595931  0.548269  0.517190  0.444574  0.679062  0.450972  0.789668  0.736182  0.505781  0.683093  0.501977  0.550875  0.479464  0.479818  0.486492  0.471804  0.777168  0.585656  0.335416  0.490891  0.571485  0.596665  0.478791  0.454684 0.0  0.294278  0.439154  0.513497  0.502473  0.472043  0.397683  0.261377  0.571468  0.518883  0.585178  0.619569 
49  0.465328  0.747610  0.718294  0.501352  0.551196  0.639991  0.754491  0.758194  0.527702  0.533291  0.719357  0.754877  0.496140  0.476980  0.746614  0.574546  0.675725  0.766635  0.534375  0.547075  0.527137  0.533647  0.567964  0.684511  0.687909  0.576013  0.506412  0.503187  0.676901  0.502436  0.683683  0.781678  0.601271  0.718776  0.518417  0.671897  0.556440  0.520893  0.421048  0.536908  0.819439  0.523204  0.286949  0.528876  0.597382  0.590563  0.521411  0.492869  0.294278 0.0  0.433019  0.524291  0.524550  0.467138  0.383652  0.275702  0.524810  0.570094  0.761864  0.664924 
50  0.393538  0.711008  0.680895  0.364206  0.564360  0.646851  0.618156  0.665272  0.395016  0.527290  0.710643  0.639832  0.462410  0.214144  0.637654  0.799670  0.826572  0.737244  0.407985  0.515953  0.881384  0.450436  0.621191  0.758436  0.714079  0.409466  0.398116  0.446941  0.636689  0.438018  0.758126  0.662431  0.418467  0.555061  0.431533  0.678661  0.467342  0.439674  0.400506  0.541306  0.622257  0.474461  0.393833  0.391470  0.430722  0.548451  0.457105  0.394108  0.439154  0.433019 0.0  0.750503  0.439529  0.439214  0.549995  0.476003  0.416276  0.456251  0.683241  0.701246 
51  0.803114  0.859053  0.546588  0.745670  0.568893  0.817197  0.681201  0.794556  0.842007  0.626819  0.734630  0.704865  0.758922  0.607890  0.801607  0.284451  0.772856  0.615023  0.779944  0.475687  0.240810  0.836832  0.643699  0.763190  0.710202  0.685550  0.707913  0.922393  0.661284  0.777123  0.726309  0.618251  0.730106  0.653869  0.839494  0.598367  0.817821  0.890685  0.702181  0.716400  0.711363  0.669526  0.586650  0.735805  0.662833  0.669301  0.682024  0.755995  0.513497  0.524291  0.750503 0.0  0.709363  0.842011  0.544489  0.613604  0.748025  0.782310  0.661943  0.340118 
52  0.495594  0.760208  0.753341  0.448422  0.545574  0.824812  0.761476  0.759552  0.173087  0.519704  0.722677  0.805160  0.372095  0.360039  0.616747  0.639933  0.719538  0.811009  0.553232  0.547995  0.697007  0.247623  0.648246  0.686773  0.697435  0.524888  0.504272  0.566564  0.650135  0.252492  0.575617  0.662483  0.296623  0.681475  0.149472  0.698822  0.266887  0.581140  0.339271  0.406707  0.727626  0.443571  0.438062  0.488249  0.568973  0.645602  0.509946  0.521990  0.502473  0.524550  0.439529  0.709363 0.0  0.548073  0.487184  0.406381  0.541660  0.299478  0.723221  0.507197 
53  0.439134  0.680720  0.836101  0.234563  0.555155  0.794561  0.787019  0.711266  0.496855  0.633053  0.673821  0.752833  0.538635  0.466274  0.785381  0.718932  0.843198  0.764456  0.186679  0.607291  0.764306  0.531644  0.587525  0.785982  0.778377  0.314558  0.396056  0.227905  0.544651  0.500500  0.814091  0.859452  0.512330  0.639205  0.470484  0.592601  0.547418  0.379306  0.410523  0.553501  0.925872  0.496686  0.457877  0.347026  0.385013  0.693085  0.376342  0.407366  0.472043  0.467138  0.439214  0.842011  0.548073 0.0  0.549903  0.397203  0.197699  0.643823  0.665315  0.667402 
54  0.573228  0.560944  0.759621  0.574964  0.492950  0.658624  0.748013  0.744385  0.498563  0.495835  0.598044  0.750384  0.521118  0.533565  0.758161  0.505593  0.881546  0.659074  0.626394  0.478210  0.489806  0.608999  0.791438  0.708657  0.721641  0.676227  0.671627  0.586908  0.591787  0.534342  0.902572  0.724632  0.523495  0.831342  0.563848  0.696755  0.568423  0.529020  0.559770  0.528066  0.728415  0.506118  0.328552  0.602801  0.611346  0.599103  0.675426  0.584656  0.397683  0.383652  0.549995  0.544489  0.487184  0.549903 0.0  0.308019  0.512412  0.463393  0.864753  0.603883 
55  0.467011  0.689786  0.785117  0.469859  0.570156  0.677175  0.745093  0.663480  0.460536  0.569610  0.645408  0.584011  0.470219  0.389635  0.753214  0.544723  0.720145  0.750083  0.522484  0.541688  0.617488  0.515763  0.717929  0.623529  0.797143  0.526876  0.520573  0.504355  0.590483  0.445441  0.788697  0.747504  0.489425  0.699343  0.427087  0.657452  0.483635  0.505385  0.433834  0.524302  0.739853  0.503227  0.291936  0.445431  0.431103  0.636579  0.466498  0.433699  0.261377  0.275702  0.476003  0.613604  0.406381  0.397203  0.308019 0.0  0.429098  0.495400  0.676651  0.591020 
56  0.397292  0.768962  0.669039  0.221625  0.509872  0.862215  0.724569  0.837078  0.564390  0.579358  0.747882  0.696366  0.485480  0.426830  0.748620  0.802019  0.836430  0.770993  0.142887  0.620822  0.786417  0.532443  0.660408  0.708285  0.754538  0.367737  0.358982  0.243680  0.671761  0.542654  0.715898  0.759113  0.441478  0.694627  0.591092  0.650073  0.545289  0.365480  0.518844  0.557448  0.853312  0.452174  0.520598  0.371409  0.397703  0.620267  0.373287  0.478414  0.571468  0.524810  0.416276  0.748025  0.541660  0.197699  0.512412  0.429098 0.0  0.559103  0.774478  0.617132 
57  0.488786  0.701309  0.846477  0.584085  0.526079  0.692774  0.752118  0.853239  0.266696  0.565939  0.723321  0.729305  0.351989  0.410095  0.849206  0.828985  0.778631  0.812148  0.531113  0.532928  0.677717  0.246712  0.684089  0.884240  0.896374  0.577928  0.577663  0.575700  0.647617  0.282393  0.867830  0.802085  0.186433  0.593229  0.261646  0.597381  0.208298  0.511873  0.284067  0.420970  0.865153  0.437055  0.565360  0.530126  0.564172  0.683028  0.459802  0.530906  0.518883  0.570094  0.456251  0.782310  0.299478  0.643823  0.463393  0.495400  0.559103 0.0  0.703692  0.522787 
58  0.746230  0.294592  0.202149  0.696308  0.575114  0.240788  0.180619  0.217744  0.602768  0.624008  0.601127  0.198923  0.713963  0.753275  0.257604  0.724429  0.754640  0.235467  0.696815  0.541914  0.722939  0.746246  0.627899  0.237092  0.682990  0.599984  0.703040  0.750946  0.687301  0.683547  0.469936  0.225536  0.696948  0.476596  0.782818  0.613602  0.783019  0.682990  0.657270  0.734463  0.241112  0.877295  0.728996  0.735587  0.730542  0.592224  0.863319  0.636634  0.585178  0.761864  0.683241  0.661943  0.723221  0.665315  0.864753  0.676651  0.774478  0.703692 0.0  0.714671 
59  0.752867  0.733826  0.700553  0.599240  0.520619  0.709268  0.725594  0.576387  0.443670  0.530691  0.719858  0.604092  0.571479  0.736123  0.577241  0.366586  0.728752  0.708319  0.826940  0.528252  0.353773  0.471712  0.730311  0.628140  0.569408  0.775624  0.677334  0.768233  0.612233  0.609094  0.683772  0.641620  0.532295  0.706489  0.451397  0.644345  0.504277  0.803753  0.531748  0.406212  0.632738  0.470846  0.608175  0.733273  0.667985  0.676073  0.681094  0.610867  0.619569  0.664924  0.701246  0.340118  0.507197  0.667402  0.603883  0.591020  0.617132  0.522787  0.714671 0.0 
