60
0 0.0  0.747318  0.763535  0.338921  0.605692  0.809044  0.763652  0.737382  0.680858  0.533609  0.692483  0.845572  0.516045  0.575845  0.800441  0.815344  0.864245  0.798635  0.385016  0.594093  0.840638  0.538226  0.702416  0.782523  0.848261  0.175061  0.194170  0.475558  0.757879  0.552585  0.689447  0.748654  0.618681  0.821651  0.465656  0.650484  0.658544  0.445155  0.569107  0.637159  0.869523  0.440999  0.603595  0.231750  0.415113  0.783391  0.394549  0.271769  0.590476  0.557979  0.504164  0.798766  0.566880  0.434862  0.664078  0.433023  0.417648  0.673361  0.759578  0.713027 
1  0.747318 0.0  0.332338  0.735648  0.519894  0.364729  0.411885  0.357781  0.693008  0.592746  0.608872  0.303478  0.843835  0.890088  0.279714  0.718942  0.884888  0.367335  0.761400  0.611970  0.830756  0.845780  0.681535  0.228710  0.887331  0.824633  0.746696  0.761156  0.729815  0.712439  0.627617  0.296333  0.810998  0.544526  0.821931  0.870388  0.720925  0.785672  0.815675  0.759714  0.320222  0.830807  0.715226  0.716167  0.766776  0.841005  0.797154  0.744681  0.694452  0.780684  0.777740  0.852744  0.746011  0.818466  0.764600  0.761566  0.761274  0.762796  0.337222  0.655713 
2  0.763535  0.332338 0.0  0.827807  0.730308  0.396009  0.353676  0.304604  0.875154  0.684743  0.642661  0.121186  0.720031  0.833388  0.344132  0.679077  0.707543  0.140321  0.801551  0.622688  0.768844  0.905581  0.706447  0.245935  0.767943  0.789810  0.709869  0.908764  0.838126  0.884528  0.547213  0.071263  0.871398  0.565084  0.826922  0.740781  0.772724  0.811178  0.928876  0.935669  0.265565  0.909309  0.796702  0.787101  0.832022  0.728661  0.816440  0.788301  0.695041  0.792869  0.804145  0.615927  0.806358  0.791131  0.887503  0.870524  0.825178  0.824370  0.241618  0.610326 
3  0.338921  0.735648  0.827807 0.0  0.593584  0.758333  0.839820  0.728476  0.427753  0.581544  0.719346  0.837149  0.562630  0.531973  0.788383  0.773546  0.831323  0.745165  0.240903  0.609684  0.779400  0.609931  0.784441  0.690078  0.757636  0.330056  0.287238  0.207618  0.768782  0.478431  0.670052  0.890583  0.558510  0.755262  0.460487  0.725614  0.558076  0.305780  0.551352  0.607397  0.752145  0.693107  0.490920  0.436775  0.452676  0.779980  0.441583  0.297272  0.452070  0.546791  0.472865  0.737938  0.453369  0.179603  0.599547  0.508486  0.200027  0.468660  0.684764  0.796252 
4  0.605692  0.519894  0.730308  0.593584 0.0  0.636808  0.534959  0.622370  0.531725  0.500452  0.672537  0.543992  0.591022  0.486914  0.595843  0.698101  0.827004  0.534489  0.521755  0.494700  0.545100  0.555011  0.629699  0.543257  0.650571  0.592058  0.549662  0.514414  0.688914  0.555032  0.586329  0.578342  0.527575  0.586301  0.656908  0.495374  0.506212  0.480792  0.593036  0.484576  0.633587  0.468056  0.598523  0.581660  0.530106  0.519429  0.531751  0.491039  0.615562  0.638783  0.643656  0.547185  0.674707  0.566517  0.502102  0.563261  0.454016  0.700674  0.615453  0.662324 
5  0.809044  0.364729  0.396009  0.758333  0.636808 0.0  0.283487  0.174183  0.891333  0.596787  0.689223  0.431140  0.840196  0.859496  0.315977  0.827194  0.820121  0.270368  0.755003  0.657865  0.892382  0.766394  0.629631  0.335042  0.846783  0.870635  0.779597  0.865913  0.807639  0.857460  0.535006  0.362964  0.825898  0.572043  0.803922  0.763399  0.879389  0.785509  0.938950  0.915246  0.450403  0.850322  0.866048  0.779660  0.832777  0.671406  0.833890  0.757385  0.779350  0.817055  0.843915  0.798508  0.802426  0.905504  0.849337  0.781606  0.808291  0.838724  0.214261  0.844351 
6  0.763652  0.411885  0.353676  0.839820  0.534959  0.283487 0.0  0.270582  0.816858  0.628495  0.803505  0.315094  0.767530  0.784042  0.148183  0.810731  0.792432  0.332558  0.839768  0.588457  0.767163  0.833529  0.689031  0.318207  0.805233  0.733183  0.846247  0.802047  0.841779  0.800889  0.580054  0.250219  0.859264  0.604604  0.813501  0.632185  0.870206  0.775130  0.917673  0.869386  0.241771  0.845132  0.854616  0.874232  0.917946  0.727208  0.800689  0.775805  0.809960  0.733976  0.775720  0.685426  0.761734  0.830135  0.866870  0.759659  0.876464  0.797954  0.258826  0.713401 
7  0.737382  0.357781  0.304604  0.728476  0.622370  0.174183  0.270582 0.0  0.777658  0.533905  0.738303  0.286941  0.828543  0.845179  0.184007  0.751770  0.813263  0.350479  0.754864  0.640585  0.874217  0.789086  0.749158  0.249954  0.729397  0.879716  0.813774  0.719644  0.728640  0.739479  0.571778  0.315243  0.785685  0.526759  0.886671  0.775941  0.749184  0.830643  0.723077  0.950135  0.405405  0.841992  0.809734  0.757336  0.777604  0.769202  0.836263  0.842709  0.739121  0.853592  0.678197  0.842424  0.649202  0.753410  0.878473  0.786596  0.901172  0.894306  0.330155  0.763515 
8  0.680858  0.693008  0.875154  0.427753  0.531725  0.891333  0.816858  0.777658 0.0  0.488208  0.745176  0.835238  0.439638  0.454935  0.782152  0.767288  0.774358  0.871836  0.592178  0.589216  0.737241  0.314740  0.642335  0.763975  0.853507  0.501013  0.471182  0.488791  0.714108  0.262293  0.771056  0.773754  0.335669  0.795141  0.115140  0.704369  0.286355  0.511074  0.444287  0.449278  0.787628  0.519920  0.554862  0.559523  0.577301  0.842800  0.450207  0.618258  0.465992  0.546453  0.440366  0.866807  0.164449  0.570132  0.684397  0.569445  0.516100  0.183533  0.862081  0.534666 
9  0.533609  0.592746  0.684743  0.581544  0.500452  0.596787  0.628495  0.533905  0.488208 0.0  0.796078  0.580510  0.575725  0.665957  0.627485  0.608602  0.711726  0.552358  0.676694  0.505858  0.574951  0.600772  0.628476  0.649570  0.649191  0.697071  0.633984  0.675739  0.562185  0.626641  0.451751  0.513730  0.497609  0.604053  0.582829  0.589454  0.595658  0.725832  0.637414  0.579943  0.688485  0.551621  0.545916  0.562027  0.633959  0.555444  0.591838  0.655083  0.501559  0.632738  0.611225  0.474743  0.566507  0.656508  0.499919  0.563044  0.682281  0.515748  0.645059  0.541531 
10  0.692483  0.608872  0.642661  0.719346  0.672537  0.689223  0.803505  0.738303  0.745176  0.796078 0.0  0.748051  0.608686  0.713791  0.807589  0.810608  0.800535  0.729019  0.771297  0.598781  0.778164  0.626453  0.466870  0.608475  0.813050  0.800605  0.733543  0.786437  0.764074  0.690869  0.768725  0.668038  0.703835  0.759972  0.677730  0.787751  0.687539  0.661565  0.642441  0.775710  0.725420  0.623222  0.687432  0.681112  0.727035  0.744029  0.682808  0.679046  0.710123  0.804701  0.697413  0.850100  0.768990  0.642834  0.812916  0.704411  0.674161  0.680476  0.572873  0.588366 
11  0.845572  0.303478  0.121186  0.837149  0.543992  0.431140  0.315094  0.286941  0.835238  0.580510  0.748051 0.0  0.821685  0.891328  0.261785  0.764247  0.730593  0.232745  0.810474  0.683532  0.715277  0.856558  0.652356  0.247301  0.785265  0.846512  0.913681  0.756780  0.729533  0.769510  0.554854  0.211392  0.757834  0.510654  0.944595  0.656414  0.849389  0.801305  0.811499  0.791313  0.225854  0.939224  0.824548  0.837054  0.905663  0.556361  0.801611  0.841349  0.657672  0.660456  0.852141  0.747706  0.883598  0.928753  0.837251  0.715678  0.837851  0.781480  0.313117  0.706266 
12  0.516045  0.843835  0.720031  0.562630  0.591022  0.840196  0.767530  0.828543  0.439638  0.575725  0.608686  0.821685 0.0  0.545698  0.676415  0.757440  0.927085  0.690476  0.607334  0.465220  0.765860  0.420950  0.762381  0.741315  0.807981  0.546091  0.583909  0.518898  0.701401  0.407890  0.796532  0.716371  0.255618  0.798189  0.474772  0.714998  0.399017  0.558387  0.361438  0.457569  0.748673  0.391826  0.486015  0.632334  0.547859  0.746439  0.507606  0.566243  0.400934  0.503921  0.490484  0.812260  0.412821  0.643401  0.565884  0.606074  0.603561  0.399544  0.771204  0.509994 
13  0.575845  0.890088  0.833388  0.531973  0.486914  0.859496  0.784042  0.845179  0.454935  0.665957  0.713791  0.891328  0.545698 0.0  0.752636  0.783979  0.980563  0.794167  0.509475  0.604502  0.834845  0.430475  0.627602  0.804868  0.783718  0.583743  0.417517  0.463741  0.660604  0.564937  0.769574  0.767375  0.444958  0.706460  0.416751  0.698727  0.473943  0.466239  0.495150  0.636692  0.782296  0.653269  0.485735  0.429478  0.497523  0.624119  0.416182  0.480799  0.543898  0.539534  0.290296  0.746691  0.537873  0.459001  0.549261  0.476333  0.512437  0.553447  0.768133  0.764051 
14  0.800441  0.279714  0.344132  0.788383  0.595843  0.315977  0.148183  0.184007  0.782152  0.627485  0.807589  0.261785  0.676415  0.752636 0.0  0.831298  0.707930  0.365652  0.800035  0.643227  0.679416  0.796114  0.682649  0.208351  0.811944  0.840124  0.744468  0.852044  0.651656  0.852841  0.422208  0.326753  0.808109  0.558582  0.774093  0.750382  0.739617  0.831088  0.818416  0.848290  0.312496  0.802840  0.723702  0.828297  0.808388  0.762185  0.772771  0.801895  0.694597  0.833021  0.739604  0.804974  0.785808  0.924533  0.826512  0.740390  0.746211  0.710134  0.426169  0.636458 
15  0.815344  0.718942  0.679077  0.773546  0.698101  0.827194  0.810731  0.751770  0.767288  0.608602  0.810608  0.764247  0.757440  0.783979  0.831298 0.0  0.827235  0.683279  0.768476  0.605389  0.159427  0.763288  0.695781  0.775242  0.754082  0.731019  0.777831  0.793491  0.673023  0.715365  0.776373  0.822629  0.824356  0.741752  0.803464  0.717258  0.804383  0.784568  0.839271  0.700270  0.741045  0.771810  0.531923  0.774997  0.858304  0.653811  0.783679  0.757649  0.566952  0.533529  0.868521  0.320613  0.779937  0.859107  0.464836  0.640009  0.821247  0.879281  0.776226  0.536714 
16  0.864245  0.884888  0.707543  0.831323  0.827004  0.820121  0.792432  0.813263  0.774358  0.711726  0.800535  0.730593  0.927085  0.980563  0.707930  0.827235 0.0  0.716744  0.881523  0.811220  0.825786  0.759611  0.887172  0.873879  0.078579  0.758972  0.841333  0.865127  0.699119  0.778103  0.740517  0.730863  0.874277  0.819938  0.817296  0.876444  0.893293  0.867135  0.817582  0.903938  0.910337  0.758617  0.847232  0.689911  0.902288  0.755377  0.777346  0.709736  0.830989  0.747595  0.868705  0.767045  0.786045  0.808718  0.874848  0.853562  0.834383  0.859282  0.921571  0.839891 
17  0.798635  0.367335  0.140321  0.745165  0.534489  0.270368  0.332558  0.350479  0.871836  0.552358  0.729019  0.232745  0.690476  0.794167  0.365652  0.683279  0.716744 0.0  0.897887  0.554320  0.758266  0.769716  0.812809  0.290599  0.679940  0.921923  0.884403  0.899211  0.684074  0.887572  0.581532  0.155267  0.717230  0.586607  0.849702  0.604534  0.820826  0.846812  1.000000  0.913398  0.171323  0.774803  0.777510  0.835900  0.867266  0.730357  0.827165  0.779593  0.728604  0.671734  0.882085  0.651145  0.861706  0.819905  0.799751  0.827956  0.852140  0.857525  0.227786  0.797539 
18  0.385016  0.761400  0.801551  0.240903  0.521755  0.755003  0.839768  0.754864  0.592178  0.676694  0.771297  0.810474  0.607334  0.509475  0.800035  0.768476  0.881523  0.897887 0.0  0.549216  0.803740  0.605410  0.685203  0.765106  0.903796  0.459559  0.379189  0.261971  0.746020  0.485062  0.808290  0.843829  0.591274  0.710106  0.523837  0.787817  0.552160  0.393715  0.677028  0.666942  0.912320  0.616558  0.549730  0.510771  0.441588  0.682644  0.509703  0.390740  0.568263  0.520106  0.352827  0.822353  0.547977  0.118541  0.568272  0.497698  0.194550  0.656065  0.784327  0.806585 
19  0.594093  0.611970  0.622688  0.609684  0.494700  0.657865  0.588457  0.640585  0.589216  0.505858  0.598781  0.683532  0.465220  0.604502  0.643227  0.605389  0.811220  0.554320  0.549216 0.0  0.602787  0.499407  0.725682  0.670594  0.779793  0.616170  0.685022  0.705084  0.544306  0.553374  0.539854  0.768170  0.613509  0.668846  0.597610  0.485684  0.594333  0.671205  0.563656  0.494258  0.679688  0.486040  0.488827  0.660983  0.530784  0.512643  0.711802  0.643902  0.504326  0.604742  0.647471  0.545092  0.633493  0.642555  0.582605  0.650759  0.755024  0.545788  0.587115  0.502503 
20  0.840638  0.830756  0.768844  0.779400  0.545100  0.892382  0.767163  0.874217  0.737241  0.574951  0.778164  0.715277  0.765860  0.834845  0.679416  0.159427  0.825786  0.758266  0.803740  0.602787 0.0  0.797782  0.788293  0.824601  0.647778  0.883008  0.872770  0.847449  0.672319  0.744632  0.740689  0.638453  0.782877  0.890685  0.827799  0.558560  0.821769  0.793909  0.850468  0.732668  0.581768  0.771621  0.654031  0.858848  0.852341  0.733867  0.860647  0.766003  0.590410  0.525375  0.740861  0.256094  0.961817  0.818585  0.587672  0.611526  0.763205  0.725227  0.838054  0.343418 
21  0.538226  0.845780  0.905581  0.609931  0.555011  0.766394  0.833529  0.789086  0.314740  0.600772  0.626453  0.856558  0.420950  0.430475  0.796114  0.763288  0.759611  0.769716  0.605410  0.499407  0.797782 0.0  0.603246  0.916782  0.872072  0.567273  0.616127  0.681274  0.762685  0.386987  0.858633  0.798797  0.286213  0.848977  0.324976  0.729459  0.260710  0.583846  0.389121  0.449164  0.913237  0.474560  0.505997  0.548640  0.464309  0.666867  0.636451  0.587112  0.590283  0.563138  0.507898  0.702269  0.284574  0.650424  0.582763  0.533633  0.611521  0.243110  0.733671  0.516113 
22  0.702416  0.681535  0.706447  0.784441  0.629699  0.629631  0.689031  0.749158  0.642335  0.628476  0.466870  0.652356  0.762381  0.627602  0.682649  0.695781  0.887172  0.812809  0.685203  0.725682  0.788293  0.603246 0.0  0.730216  0.820889  0.675529  0.631858  0.775960  0.858299  0.649461  0.687357  0.662888  0.719216  0.687780  0.674912  0.807119  0.613231  0.644301  0.636689  0.756882  0.753518  0.740961  0.700069  0.671288  0.673641  0.721533  0.603772  0.719757  0.643564  0.756509  0.697480  0.802170  0.692769  0.709871  0.707992  0.742704  0.706740  0.636806  0.743471  0.782111 
23  0.782523  0.228710  0.245935  0.690078  0.543257  0.335042  0.318207  0.249954  0.763975  0.649570  0.608475  0.247301  0.741315  0.804868  0.208351  0.775242  0.873879  0.290599  0.765106  0.670594  0.824601  0.916782  0.730216 0.0  0.782177  0.855118  0.779622  0.798466  0.780757  0.607271  0.532080  0.334227  0.831669  0.577483  0.743367  0.655265  0.698813  0.825905  0.960061  0.873189  0.380975  0.773645  0.819347  0.822918  0.735976  0.743140  0.773122  0.820216  0.754579  0.783037  0.714427  0.895112  0.782480  0.854606  0.727435  0.748585  0.846399  0.915604  0.205290  0.756495 
24  0.848261  0.887331  0.767943  0.757636  0.650571  0.846783  0.805233  0.729397  0.853507  0.649191  0.813050  0.785265  0.807981  0.783718  0.811944  0.754082  0.078579  0.679940  0.903796  0.779793  0.647778  0.872072  0.820889  0.782177 0.0  0.858657  0.815452  0.877363  0.703257  0.790784  0.804461  0.741748  0.829406  0.765063  0.891256  0.726680  0.766026  0.743661  0.795619  0.797523  0.785351  0.830365  0.773958  0.726705  0.870434  0.725095  0.774293  0.799015  0.818933  0.704599  0.818834  0.691681  0.836482  0.819822  0.878374  0.894707  0.868754  0.926083  0.714949  0.639660 
25  0.175061  0.824633  0.789810  0.330056  0.592058  0.870635  0.733183  0.879716  0.501013  0.697071  0.800605  0.846512  0.546091  0.583743  0.840124  0.731019  0.758972  0.921923  0.459559  0.616170  0.883008  0.567273  0.675529  0.855118  0.858657 0.0  0.242715  0.469030  0.668898  0.562228  0.741061  0.881435  0.658633  0.690356  0.558302  0.683521  0.610346  0.393523  0.598237  0.651313  0.782154  0.572961  0.557780  0.280419  0.437818  0.861085  0.369428  0.225979  0.494384  0.656643  0.450877  0.765542  0.615100  0.511805  0.634423  0.589533  0.530912  0.607292  0.802820  0.670910 
26  0.194170  0.746696  0.709869  0.287238  0.549662  0.779597  0.846247  0.813774  0.471182  0.633984  0.733543  0.913681  0.583909  0.417517  0.744468  0.777831  0.841333  0.884403  0.379189  0.685022  0.872770  0.616127  0.631858  0.779622  0.815452  0.242715 0.0  0.281207  0.771504  0.622195  0.832426  0.966502  0.573708  0.773984  0.579229  0.762304  0.535874  0.374781  0.579139  0.695257  0.893682  0.558713  0.564734  0.231530  0.435631  0.704257  0.470750  0.319550  0.525883  0.558257  0.357736  0.839558  0.526324  0.453555  0.569461  0.487182  0.401757  0.590807  0.712539  0.652944 
27  0.475558  0.761156  0.908764  0.207618  0.514414  0.865913  0.802047  0.719644  0.488791  0.675739  0.786437  0.756780  0.518898  0.463741  0.852044  0.793491  0.865127  0.899211  0.261971  0.705084  0.847449  0.681274  0.775960  0.798466  0.877363  0.469030  0.281207 0.0  0.689263  0.570420  0.789476  0.860827  0.682353  0.832754  0.560233  0.665570  0.628862  0.458233  0.545599  0.701927  0.862747  0.687234  0.520610  0.494603  0.440622  0.827027  0.423728  0.559861  0.559534  0.667653  0.413783  0.819575  0.571048  0.249759  0.632613  0.506788  0.234078  0.749318  0.891148  0.742550 
28  0.757879  0.729815  0.838126  0.768782  0.688914  0.807639  0.841779  0.728640  0.714108  0.562185  0.764074  0.729533  0.701401  0.660604  0.651656  0.673023  0.699119  0.684074  0.746020  0.544306  0.672319  0.762685  0.858299  0.780757  0.703257  0.668898  0.771504  0.689263 0.0  0.756102  0.778675  0.613371  0.767834  0.708211  0.742285  0.326343  0.761248  0.735111  0.764135  0.664273  0.703812  0.686986  0.692073  0.792714  0.758234  0.441328  0.829926  0.762397  0.620274  0.720538  0.767605  0.623827  0.721420  0.848434  0.658852  0.712158  0.818033  0.764498  0.697705  0.565146 
29  0.552585  0.712439  0.884528  0.478431  0.555032  0.857460  0.800889  0.739479  0.262293  0.626641  0.690869  0.769510  0.407890  0.564937  0.852841  0.715365  0.778103  0.887572  0.485062  0.553374  0.744632  0.386987  0.649461  0.607271  0.790784  0.562228  0.622195  0.570420  0.756102 0.0  0.760182  0.858594  0.379711  0.850826  0.317278  0.692825  0.352927  0.603747  0.284075  0.589341  0.847655  0.441473  0.636798  0.570051  0.632894  0.732192  0.584998  0.638946  0.527486  0.516798  0.469951  0.828459  0.257412  0.574919  0.613291  0.425632  0.627953  0.321812  0.805349  0.550222 
30  0.689447  0.627617  0.547213  0.670052  0.586329  0.535006  0.580054  0.571778  0.771056  0.451751  0.768725  0.554854  0.796532  0.769574  0.422208  0.776373  0.740517  0.581532  0.808290  0.539854  0.740689  0.858633  0.687357  0.532080  0.804461  0.741061  0.832426  0.789476  0.778675  0.760182 0.0  0.534571  0.820830  0.319892  0.748355  0.856644  0.744223  0.880868  0.752073  0.811237  0.647755  0.896798  0.802224  0.816525  0.809393  0.659765  0.753675  0.751118  0.754793  0.741073  0.850024  0.891692  0.751447  0.808912  0.761153  0.733274  0.765304  0.849789  0.499765  0.716456 
31  0.748654  0.296333  0.071263  0.890583  0.578342  0.362964  0.250219  0.315243  0.773754  0.513730  0.668038  0.211392  0.716371  0.767375  0.326753  0.822629  0.730863  0.155267  0.843829  0.768170  0.638453  0.798797  0.662888  0.334227  0.741748  0.881435  0.966502  0.860827  0.613371  0.858594  0.534571 0.0  0.839686  0.494847  0.849868  0.598891  0.782275  0.857848  0.787444  0.898439  0.142888  0.759635  0.842964  0.901670  0.820170  0.737094  0.773793  0.835559  0.715692  0.826860  0.743025  0.668746  0.791323  0.852466  0.826701  0.662992  0.835512  0.785549  0.285476  0.645624 
32  0.618681  0.810998  0.871398  0.558510  0.527575  0.825898  0.859264  0.785685  0.335669  0.497609  0.703835  0.757834  0.255618  0.444958  0.808109  0.824356  0.874277  0.717230  0.591274  0.613509  0.782877  0.286213  0.719216  0.831669  0.829406  0.658633  0.573708  0.682353  0.767834  0.379711  0.820830  0.839686 0.0  0.746272  0.353561  0.600946  0.116742  0.485243  0.399822  0.317624  0.908175  0.381861  0.680119  0.602544  0.564771  0.769471  0.470762  0.618440  0.581080  0.554732  0.539386  0.652487  0.315322  0.611141  0.491047  0.581168  0.677880  0.247403  0.794610  0.596153 
33  0.821651  0.544526  0.565084  0.755262  0.586301  0.572043  0.604604  0.526759  0.795141  0.604053  0.759972  0.510654  0.798189  0.706460  0.558582  0.741752  0.819938  0.586607  0.710106  0.668846  0.890685  0.848977  0.687780  0.577483  0.765063  0.690356  0.773984  0.832754  0.708211  0.850826  0.319892  0.494847  0.746272 0.0  0.838476  0.822355  0.749919  0.736444  0.876143  0.804129  0.504204  0.804557  0.821154  0.723428  0.809030  0.836482  0.644455  0.685920  0.833511  0.892785  0.688717  0.725915  0.730676  0.785548  0.795927  0.812028  0.821276  0.823592  0.491429  0.692581 
34  0.465656  0.821931  0.826922  0.460487  0.656908  0.803922  0.813501  0.886671  0.115140  0.582829  0.677730  0.944595  0.474772  0.416751  0.774093  0.803464  0.817296  0.849702  0.523837  0.597610  0.827799  0.324976  0.674912  0.743367  0.891256  0.558302  0.579229  0.560233  0.742285  0.317278  0.748355  0.849868  0.353561  0.838476 0.0  0.695570  0.227158  0.615285  0.289124  0.461946  0.909357  0.534540  0.498647  0.485582  0.581114  0.768497  0.503308  0.562395  0.441155  0.506586  0.370161  0.791711  0.254579  0.657253  0.540525  0.455971  0.529851  0.318697  0.808395  0.434046 
35  0.650484  0.870388  0.740781  0.725614  0.495374  0.763399  0.632185  0.775941  0.704369  0.589454  0.787751  0.656414  0.714998  0.698727  0.750382  0.717258  0.876444  0.604534  0.787817  0.485684  0.558560  0.729459  0.807119  0.655265  0.726680  0.683521  0.762304  0.665570  0.326343  0.692825  0.856644  0.598891  0.600946  0.822355  0.695570 0.0  0.696017  0.715328  0.756186  0.664925  0.691767  0.717798  0.746650  0.775149  0.614168  0.416261  0.721066  0.636212  0.644684  0.615901  0.724720  0.650785  0.652101  0.642085  0.709879  0.586545  0.848517  0.679057  0.690716  0.637552 
36  0.658544  0.720925  0.772724  0.558076  0.506212  0.879389  0.870206  0.749184  0.286355  0.595658  0.687539  0.849389  0.399017  0.473943  0.739617  0.804383  0.893293  0.820826  0.552160  0.594333  0.821769  0.260710  0.613231  0.698813  0.766026  0.610346  0.535874  0.628862  0.761248  0.352927  0.744223  0.782275  0.116742  0.749919  0.227158  0.696017 0.0  0.540641  0.337749  0.435480  0.752862  0.505648  0.592959  0.575204  0.510848  0.776463  0.636757  0.554122  0.562279  0.596515  0.508002  0.742481  0.219529  0.597870  0.611132  0.557119  0.561458  0.193454  0.764247  0.458525 
37  0.445155  0.785672  0.811178  0.305780  0.480792  0.785509  0.775130  0.830643  0.511074  0.725832  0.661565  0.801305  0.558387  0.466239  0.831088  0.784568  0.867135  0.846812  0.393715  0.671205  0.793909  0.583846  0.644301  0.825905  0.743661  0.393523  0.374781  0.458233  0.735111  0.603747  0.880868  0.857848  0.485243  0.736444  0.615285  0.715328  0.540641 0.0  0.550487  0.724243  0.783973  0.593877  0.632643  0.473338  0.180900  0.854309  0.238837  0.439301  0.506573  0.627411  0.402491  0.845806  0.534245  0.451902  0.577364  0.505831  0.475347  0.666068  0.684397  0.799492 
38  0.569107  0.815675  0.928876  0.551352  0.593036  0.938950  0.917673  0.723077  0.444287  0.637414  0.642441  0.811499  0.361438  0.495150  0.818416  0.839271  0.817582  1.000000  0.677028  0.563656  0.850468  0.389121  0.636689  0.960061  0.795619  0.598237  0.579139  0.545599  0.764135  0.284075  0.752073  0.787444  0.399822  0.876143  0.289124  0.756186  0.337749  0.550487 0.0  0.429792  0.710458  0.376048  0.445963  0.539680  0.523848  0.722683  0.500181  0.529215  0.428885  0.601223  0.563850  0.835406  0.436047  0.612503  0.569202  0.562783  0.532832  0.310724  0.778936  0.528849 
39  0.637159  0.759714  0.935669  0.607397  0.484576  0.915246  0.869386  0.950135  0.449278  0.579943  0.775710  0.791313  0.457569  0.636692  0.848290  0.700270  0.903938  0.913398  0.666942  0.494258  0.732668  0.449164  0.756882  0.873189  0.797523  0.651313  0.695257  0.701927  0.664273  0.589341  0.811237  0.898439  0.317624  0.804129  0.461946  0.664925  0.435480  0.724243  0.429792 0.0  0.814472  0.223078  0.486861  0.728836  0.599583  0.666488  0.611708  0.701546  0.516159  0.516303  0.624230  0.736038  0.448495  0.757611  0.523333  0.570926  0.564466  0.527591  0.934572  0.398082 
40  0.869523  0.320222  0.265565  0.752145  0.633587  0.450403  0.241771  0.405405  0.787628  0.688485  0.725420  0.225854  0.748673  0.782296  0.312496  0.741045  0.910337  0.171323  0.912320  0.679688  0.581768  0.913237  0.753518  0.380975  0.785351  0.782154  0.893682  0.862747  0.703812  0.847655  0.647755  0.142888  0.908175  0.504204  0.909357  0.691767  0.752862  0.783973  0.710458  0.814472 0.0  0.860712  0.781571  0.823895  0.723478  0.714314  0.851929  0.848536  0.749403  0.752279  0.869412  0.700496  0.877445  0.891969  0.888909  0.667164  0.874109  0.851429  0.283871  0.690270 
41  0.440999  0.830807  0.909309  0.693107  0.468056  0.850322  0.845132  0.841992  0.519920  0.551621  0.623222  0.939224  0.391826  0.653269  0.802840  0.771810  0.758617  0.774803  0.616558  0.486040  0.771621  0.474560  0.740961  0.773645  0.830365  0.572961  0.558713  0.687234  0.686986  0.441473  0.896798  0.759635  0.381861  0.804557  0.534540  0.717798  0.505648  0.593877  0.376048  0.223078  0.860712 0.0  0.385904  0.534715  0.590233  0.695479  0.596555  0.658757  0.538845  0.576361  0.507419  0.731282  0.514867  0.683690  0.571906  0.540915  0.598396  0.391614  0.715475  0.513463 
42  0.603595  0.715226  0.796702  0.490920  0.598523  0.866048  0.854616  0.809734  0.554862  0.545916  0.687432  0.824548  0.486015  0.485735  0.723702  0.531923  0.847232  0.777510  0.549730  0.488827  0.654031  0.505997  0.700069  0.819347  0.773958  0.557780  0.564734  0.520610  0.692073  0.636798  0.802224  0.842964  0.680119  0.821154  0.498647  0.746650  0.592959  0.632643  0.445963  0.486861  0.781571  0.385904 0.0  0.674505  0.486602  0.645728  0.583822  0.597469  0.452347  0.326175  0.586552  0.507781  0.518801  0.625501  0.232715  0.369990  0.565780  0.494907  0.844796  0.653571 
43  0.231750  0.716167  0.787101  0.436775  0.581660  0.779660  0.874232  0.757336  0.559523  0.562027  0.681112  0.837054  0.632334  0.429478  0.828297  0.774997  0.689911  0.835900  0.510771  0.660983  0.858848  0.548640  0.671288  0.822918  0.726705  0.280419  0.231530  0.494603  0.792714  0.570051  0.816525  0.901670  0.602544  0.723428  0.485582  0.775149  0.575204  0.473338  0.539680  0.728836  0.823895  0.534715  0.674505 0.0  0.499867  0.756534  0.438715  0.161843  0.595080  0.726724  0.452398  0.816839  0.573016  0.423011  0.698434  0.447681  0.447122  0.566185  0.723306  0.648074 
44  0.415113  0.766776  0.832022  0.452676  0.530106  0.832777  0.917946  0.777604  0.577301  0.633959  0.727035  0.905663  0.547859  0.497523  0.808388  0.858304  0.902288  0.867266  0.441588  0.530784  0.852341  0.464309  0.673641  0.735976  0.870434  0.437818  0.435631  0.440622  0.758234  0.632894  0.809393  0.820170  0.564771  0.809030  0.581114  0.614168  0.510848  0.180900  0.523848  0.599583  0.723478  0.590233  0.486602  0.499867 0.0  0.842785  0.262611  0.389380  0.625755  0.576675  0.474300  0.809061  0.544965  0.270266  0.568225  0.560754  0.366857  0.542247  0.703584  0.740423 
45  0.783391  0.841005  0.728661  0.779980  0.519429  0.671406  0.727208  0.769202  0.842800  0.555444  0.744029  0.556361  0.746439  0.624119  0.762185  0.653811  0.755377  0.730357  0.682644  0.512643  0.733867  0.666867  0.721533  0.743140  0.725095  0.861085  0.704257  0.827027  0.441328  0.732192  0.659765  0.737094  0.769471  0.836482  0.768497  0.416261  0.776463  0.854309  0.722683  0.666488  0.714314  0.695479  0.645728  0.756534  0.842785 0.0  0.788131  0.757845  0.664376  0.702392  0.715925  0.572401  0.874279  0.683586  0.665488  0.698271  0.859589  0.660497  0.689803  0.674986 
46  0.394549  0.797154  0.816440  0.441583  0.531751  0.833890  0.800689  0.836263  0.450207  0.591838  0.682808  0.801611  0.507606  0.416182  0.772771  0.783679  0.777346  0.827165  0.509703  0.711802  0.860647  0.636451  0.603772  0.773122  0.774293  0.369428  0.470750  0.423728  0.829926  0.584998  0.753675  0.773793  0.470762  0.644455  0.503308  0.721066  0.636757  0.238837  0.500181  0.611708  0.851929  0.596555  0.583822  0.438715  0.262611  0.788131 0.0  0.459141  0.509765  0.529862  0.496277  0.847891  0.614774  0.395281  0.708466  0.543399  0.465412  0.625011  0.826883  0.729891 
47  0.271769  0.744681  0.788301  0.297272  0.491039  0.757385  0.775805  0.842709  0.618258  0.655083  0.679046  0.841349  0.566243  0.480799  0.801895  0.757649  0.709736  0.779593  0.390740  0.643902  0.766003  0.587112  0.719757  0.820216  0.799015  0.225979  0.319550  0.559861  0.762397  0.638946  0.751118  0.835559  0.618440  0.685920  0.562395  0.636212  0.554122  0.439301  0.529215  0.701546  0.848536  0.658757  0.597469  0.161843  0.389380  0.757845  0.459141 0.0  0.464455  0.478175  0.485001  0.786685  0.556273  0.631023  0.646891  0.486848  0.486625  0.546260  0.755522  0.698596 
48  0.590476  0.694452  0.695041  0.452070  0.615562  0.779350  0.809960  0.739121  0.465992  0.501559  0.710123  0.657672  0.400934  0.543898  0.694597  0.566952  0.830989  0.728604  0.568263  0.504326  0.590410  0.590283  0.643564  0.754579  0.818933  0.494384  0.525883  0.559534  0.620274  0.527486  0.754793  0.715692  0.581080  0.833511  0.441155  0.644684  0.562279  0.506573  0.428885  0.516159  0.749403  0.538845  0.452347  0.595080  0.625755  0.664376  0.509765  0.464455 0.0  0.353430  0.512156  0.618614  0.483942  0.470073  0.360482  0.396075  0.633946  0.548264  0.623213  0.757621 
49  0.557979  0.780684  0.792869  0.546791  0.638783  0.817055  0.733976  0.853592  0.546453  0.632738  0.804701  0.660456  0.503921  0.539534  0.833021  0.533529  0.747595  0.671734  0.520106  0.604742  0.525375  0.563138  0.756509  0.783037  0.704599  0.656643  0.558257  0.667653  0.720538  0.516798  0.741073  0.826860  0.554732  0.892785  0.506586  0.615901  0.596515  0.627411  0.601223  0.516303  0.752279  0.576361  0.326175  0.726724  0.576675  0.702392  0.529862  0.478175  0.353430 0.0  0.520258  0.577932  0.541768  0.564253  0.449541  0.422688  0.586148  0.603786  0.841427  0.784002 
50  0.504164  0.777740  0.804145  0.472865  0.643656  0.843915  0.775720  0.678197  0.440366  0.611225  0.697413  0.852141  0.490484  0.290296  0.739604  0.868521  0.868705  0.882085  0.352827  0.647471  0.740861  0.507898  0.697480  0.714427  0.818834  0.450877  0.357736  0.413783  0.767605  0.469951  0.850024  0.743025  0.539386  0.688717  0.370161  0.724720  0.508002  0.402491  0.563850  0.624230  0.869412  0.507419  0.586552  0.452398  0.474300  0.715925  0.496277  0.485001  0.512156  0.520258 0.0  0.678434  0.470323  0.342751  0.549954  0.449776  0.417422  0.508634  0.802460  0.779437 
51  0.798766  0.852744  0.615927  0.737938  0.547185  0.798508  0.685426  0.842424  0.866807  0.474743  0.850100  0.747706  0.812260  0.746691  0.804974  0.320613  0.767045  0.651145  0.822353  0.545092  0.256094  0.702269  0.802170  0.895112  0.691681  0.765542  0.839558  0.819575  0.623827  0.828459  0.891692  0.668746  0.652487  0.725915  0.791711  0.650785  0.742481  0.845806  0.835406  0.736038  0.700496  0.731282  0.507781  0.816839  0.809061  0.572401  0.847891  0.786685  0.618614  0.577932  0.678434 0.0  0.833253  0.917905  0.606439  0.637258  0.806835  0.710863  0.752555  0.465399 
52  0.566880  0.746011  0.806358  0.453369  0.674707  0.802426  0.761734  0.649202  0.164449  0.566507  0.768990  0.883598  0.412821  0.537873  0.785808  0.779937  0.786045  0.861706  0.547977  0.633493  0.961817  0.284574  0.692769  0.782480  0.836482  0.615100  0.526324  0.571048  0.721420  0.257412  0.751447  0.791323  0.315322  0.730676  0.254579  0.652101  0.219529  0.534245  0.436047  0.448495  0.877445  0.514867  0.518801  0.573016  0.544965  0.874279  0.614774  0.556273  0.483942  0.541768  0.470323  0.833253 0.0  0.539563  0.610749  0.515545  0.617598  0.296543  0.739378  0.561542 
53  0.434862  0.818466  0.791131  0.179603  0.566517  0.905504  0.830135  0.753410  0.570132  0.656508  0.642834  0.928753  0.643401  0.459001  0.924533  0.859107  0.808718  0.819905  0.118541  0.642555  0.818585  0.650424  0.709871  0.854606  0.819822  0.511805  0.453555  0.249759  0.848434  0.574919  0.808912  0.852466  0.611141  0.785548  0.657253  0.642085  0.597870  0.451902  0.612503  0.757611  0.891969  0.683690  0.625501  0.423011  0.270266  0.683586  0.395281  0.631023  0.470073  0.564253  0.342751  0.917905  0.539563 0.0  0.699842  0.543368  0.185029  0.602801  0.695785  0.724896 
54  0.664078  0.764600  0.887503  0.599547  0.502102  0.849337  0.866870  0.878473  0.684397  0.499919  0.812916  0.837251  0.565884  0.549261  0.826512  0.464836  0.874848  0.799751  0.568272  0.582605  0.587672  0.582763  0.707992  0.727435  0.878374  0.634423  0.569461  0.632613  0.658852  0.613291  0.761153  0.826701  0.491047  0.795927  0.540525  0.709879  0.611132  0.577364  0.569202  0.523333  0.888909  0.571906  0.232715  0.698434  0.568225  0.665488  0.708466  0.646891  0.360482  0.449541  0.549954  0.606439  0.610749  0.699842 0.0  0.401256  0.546507  0.637583  0.846103  0.642723 
55  0.433023  0.761566  0.870524  0.508486  0.563261  0.781606  0.759659  0.786596  0.569445  0.563044  0.704411  0.715678  0.606074  0.476333  0.740390  0.640009  0.853562  0.827956  0.497698  0.650759  0.611526  0.533633  0.742704  0.748585  0.894707  0.589533  0.487182  0.506788  0.712158  0.425632  0.733274  0.662992  0.581168  0.812028  0.455971  0.586545  0.557119  0.505831  0.562783  0.570926  0.667164  0.540915  0.369990  0.447681  0.560754  0.698271  0.543399  0.486848  0.396075  0.422688  0.449776  0.637258  0.515545  0.543368  0.401256 0.0  0.495739  0.528315  0.727010  0.805574 
56  0.417648  0.761274  0.825178  0.200027  0.454016  0.808291  0.876464  0.901172  0.516100  0.682281  0.674161  0.837851  0.603561  0.512437  0.746211  0.821247  0.834383  0.852140  0.194550  0.755024  0.763205  0.611521  0.706740  0.846399  0.868754  0.530912  0.401757  0.234078  0.818033  0.627953  0.765304  0.835512  0.677880  0.821276  0.529851  0.848517  0.561458  0.475347  0.532832  0.564466  0.874109  0.598396  0.565780  0.447122  0.366857  0.859589  0.465412  0.486625  0.633946  0.586148  0.417422  0.806835  0.617598  0.185029  0.546507  0.495739 0.0  0.676292  0.723408  0.787177 
57  0.673361  0.762796  0.824370  0.468660  0.700674  0.838724  0.797954  0.894306  0.183533  0.515748  0.680476  0.781480  0.399544  0.553447  0.710134  0.879281  0.859282  0.857525  0.656065  0.545788  0.725227  0.243110  0.636806  0.915604  0.926083  0.607292  0.590807  0.749318  0.764498  0.321812  0.849789  0.785549  0.247403  0.823592  0.318697  0.679057  0.193454  0.666068  0.310724  0.527591  0.851429  0.391614  0.494907  0.566185  0.542247  0.660497  0.625011  0.546260  0.548264  0.603786  0.508634  0.710863  0.296543  0.602801  0.637583  0.528315  0.676292 0.0  0.847373  0.438710 
58  0.759578  0.337222  0.241618  0.684764  0.615453  0.214261  0.258826  0.330155  0.862081  0.645059  0.572873  0.313117  0.771204  0.768133  0.426169  0.776226  0.921571  0.227786  0.784327  0.587115  0.838054  0.733671  0.743471  0.205290  0.714949  0.802820  0.712539  0.891148  0.697705  0.805349  0.499765  0.285476  0.794610  0.491429  0.808395  0.690716  0.764247  0.684397  0.778936  0.934572  0.283871  0.715475  0.844796  0.723306  0.703584  0.689803  0.826883  0.755522  0.623213  0.841427  0.802460  0.752555  0.739378  0.695785  0.846103  0.727010  0.723408  0.847373 0.0  0.715350 
59  0.713027  0.655713  0.610326  0.796252  0.662324  0.844351  0.713401  0.763515  0.534666  0.541531  0.588366  0.706266  0.509994  0.764051  0.636458  0.536714  0.839891  0.797539  0.806585  0.502503  0.343418  0.516113  0.782111  0.756495  0.639660  0.670910  0.652944  0.742550  0.565146  0.550222  0.716456  0.645624  0.596153  0.692581  0.434046  0.637552  0.458525  0.799492  0.528849  0.398082  0.690270  0.513463  0.653571  0.648074  0.740423  0.674986  0.729891  0.698596  0.757621  0.784002  0.779437  0.465399  0.561542  0.724896  0.642723  0.805574  0.787177  0.438710  0.715350 0.0 
