60
0 0.0  0.751359  0.696809  0.331212  0.482737  0.823449  0.851512  0.667258  0.549284  0.563983  0.694468  0.753275  0.584393  0.422402  0.770356  0.647395  0.725628  0.747839  0.363704  0.659983  0.705274  0.483163  0.643653  0.805240  0.867629  0.170661  0.169566  0.422432  0.657972  0.568682  0.616524  0.744359  0.509042  0.656135  0.541248  0.842668  0.572482  0.352743  0.495163  0.567761  0.861640  0.551940  0.500200  0.222180  0.363720  0.624908  0.354606  0.256104  0.508676  0.575009  0.369297  0.920167  0.493921  0.370021  0.569905  0.505886  0.308811  0.546568  0.657958  0.604531 
1  0.751359 0.0  0.294188  0.615174  0.558477  0.332485  0.297126  0.266531  0.704998  0.553888  0.627041  0.297666  0.745490  0.624692  0.303153  0.566593  0.718078  0.317020  0.759057  0.667045  0.796800  0.726984  0.771466  0.182396  0.803089  0.841803  0.688838  0.685115  0.692882  0.757271  0.421273  0.303073  0.570842  0.552170  0.580792  0.682665  0.735527  0.639731  0.668607  0.696603  0.273870  0.773851  0.546795  0.744853  0.787069  0.671888  0.852934  0.759574  0.738574  0.774533  0.727083  0.946027  0.663770  0.639488  0.724201  0.716973  0.600748  0.702788  0.309460  0.716218 
2  0.696809  0.294188 0.0  0.739449  0.641945  0.306357  0.229502  0.283165  0.744145  0.544643  0.608947  0.147997  0.697009  0.753181  0.275803  0.641041  0.895763  0.132584  1.000000  0.531757  0.750783  0.732360  0.776634  0.338320  0.780350  0.736711  0.531767  0.770552  0.556293  0.764282  0.434060  0.159430  0.708725  0.545279  0.798858  0.549566  0.796925  0.922358  0.844416  0.787378  0.165233  0.966899  0.671534  0.814114  0.915421  0.672991  0.841264  0.747223  0.725298  0.811729  0.790133  0.609895  0.756201  0.699580  0.699637  0.819752  0.723572  0.740382  0.210891  0.776727 
3  0.331212  0.615174  0.739449 0.0  0.532519  0.692664  0.597005  0.686914  0.401389  0.544814  0.704439  0.716496  0.463709  0.461381  0.776710  0.815940  0.854635  0.841343  0.225557  0.578220  0.787508  0.477965  0.734920  0.639182  0.821341  0.278202  0.300210  0.231633  0.685039  0.458034  0.693360  0.786086  0.474410  0.624930  0.489135  0.753137  0.535022  0.320786  0.399641  0.518377  0.770483  0.593245  0.526958  0.285017  0.376719  0.721660  0.363326  0.320812  0.471283  0.504384  0.421406  0.803374  0.442562  0.239551  0.579993  0.445395  0.231326  0.523243  0.702226  0.626062 
4  0.482737  0.558477  0.641945  0.532519 0.0  0.588477  0.575642  0.499098  0.482690  0.603794  0.582702  0.547379  0.469129  0.598636  0.503746  0.540861  0.796834  0.675722  0.516048  0.610121  0.544239  0.535231  0.452336  0.700823  0.767483  0.598899  0.554912  0.583514  0.631929  0.535142  0.603375  0.568071  0.546524  0.495761  0.427111  0.582208  0.509218  0.464628  0.510880  0.626878  0.572764  0.573458  0.525073  0.634702  0.600498  0.584056  0.508081  0.465731  0.504921  0.510697  0.500364  0.569260  0.612890  0.529331  0.520664  0.510478  0.399628  0.597175  0.530840  0.528263 
5  0.823449  0.332485  0.306357  0.692664  0.588477 0.0  0.250318  0.219856  0.706097  0.624386  0.637378  0.322367  0.751396  0.685343  0.248828  0.740170  0.673376  0.331470  0.705531  0.539012  0.760350  0.661888  0.774325  0.275493  0.865020  0.801939  0.716446  0.650217  0.649184  0.705669  0.532946  0.280376  0.814465  0.475738  0.785398  0.617571  0.797149  0.769021  0.792388  0.791793  0.297468  0.873749  0.752006  0.764597  0.792150  0.731123  0.718969  0.695932  0.744119  0.726013  0.578578  0.758625  0.769953  0.722149  0.694742  0.734394  0.640263  0.643913  0.220428  0.643700 
6  0.851512  0.297126  0.229502  0.597005  0.575642  0.250318 0.0  0.232127  0.667423  0.582428  0.752327  0.204528  0.770520  0.733166  0.240695  0.659153  0.763482  0.226171  0.644120  0.588555  0.770682  0.705972  0.645908  0.276190  0.789680  0.717634  0.779100  0.733457  0.767708  0.716536  0.462947  0.182512  0.796563  0.534663  0.705722  0.689706  0.791861  0.717079  0.654793  0.913873  0.221325  0.845581  0.728588  0.739420  0.793290  0.699655  0.717501  0.649886  0.595644  0.784608  0.722240  0.697843  0.836597  0.719475  0.614132  0.695105  0.781588  0.795683  0.187664  0.684217 
7  0.667258  0.266531  0.283165  0.686914  0.499098  0.219856  0.232127 0.0  0.791520  0.609065  0.574475  0.287153  0.594528  0.694317  0.165771  0.811896  0.691016  0.322895  0.648672  0.540435  0.759077  0.717832  0.701992  0.338599  0.700398  0.770843  0.760462  0.743549  0.723675  0.791380  0.422395  0.297580  0.809327  0.454991  0.846251  0.660105  0.731766  0.765749  0.829080  0.672542  0.298364  0.761363  0.740495  0.793674  0.685246  0.720049  0.629625  0.616041  0.754475  0.832053  0.666467  0.702409  0.657552  0.710602  0.667969  0.774983  0.901824  0.708728  0.230289  0.677519 
8  0.549284  0.704998  0.744145  0.401389  0.482690  0.706097  0.667423  0.791520 0.0  0.547269  0.630602  0.692076  0.391580  0.431569  0.531684  0.609748  0.840064  0.748035  0.564097  0.539385  0.689090  0.252622  0.619126  0.852244  0.804420  0.497790  0.518791  0.547994  0.701715  0.272458  0.645086  0.825076  0.253888  0.758736  0.155033  0.679302  0.215144  0.533881  0.297975  0.507215  0.711231  0.415412  0.533721  0.506093  0.542558  0.720645  0.401010  0.431904  0.455948  0.557992  0.371916  0.669467  0.165293  0.466839  0.603070  0.473266  0.430985  0.236154  0.734188  0.575971 
9  0.563983  0.553888  0.544643  0.544814  0.603794  0.624386  0.582428  0.609065  0.547269 0.0  0.636036  0.569650  0.658771  0.488397  0.643271  0.616396  0.519084  0.591221  0.572305  0.556059  0.558451  0.661490  0.576089  0.559838  0.602576  0.655049  0.694128  0.599904  0.575031  0.520146  0.565775  0.592035  0.479779  0.665738  0.595731  0.463241  0.573963  0.458658  0.631934  0.501103  0.566228  0.600845  0.596083  0.600122  0.599915  0.611948  0.643630  0.644914  0.640209  0.588422  0.551160  0.514432  0.528725  0.604646  0.470149  0.528158  0.609759  0.570067  0.563914  0.488271 
10  0.694468  0.627041  0.608947  0.704439  0.582702  0.637378  0.752327  0.574475  0.630602  0.636036 0.0  0.572514  0.636184  0.668434  0.639631  0.671697  0.801950  0.626181  0.656485  0.483731  0.646160  0.708799  0.380417  0.672099  0.845623  0.611811  0.775858  0.760109  0.689923  0.784632  0.631996  0.731673  0.558057  0.779612  0.735594  0.693602  0.646774  0.707283  0.777718  0.725650  0.758070  0.753735  0.627997  0.550826  0.671200  0.526193  0.741806  0.557539  0.658807  0.689291  0.669242  0.597663  0.691748  0.626857  0.698206  0.608475  0.730476  0.706460  0.506232  0.789105 
11  0.753275  0.297666  0.147997  0.716496  0.547379  0.322367  0.204528  0.287153  0.692076  0.569650  0.572514 0.0  0.708858  0.785345  0.237741  0.662497  0.643485  0.160053  0.729320  0.548410  0.727209  0.755735  0.757707  0.250375  0.764364  0.720999  0.878276  0.814995  0.764874  0.844916  0.515254  0.190127  0.725886  0.481901  0.754236  0.631367  0.835761  0.677491  0.682818  0.786354  0.212782  0.751918  0.729176  0.797699  0.673827  0.615115  0.804213  0.688641  0.673703  0.625073  0.713179  0.748438  0.816514  0.803215  0.681472  0.649714  0.734184  0.856090  0.226174  0.770276 
12  0.584393  0.745490  0.697009  0.463709  0.469129  0.751396  0.770520  0.594528  0.391580  0.658771  0.636184  0.708858 0.0  0.454879  0.578284  0.648452  0.687654  0.589869  0.518746  0.532155  0.736129  0.370779  0.626409  0.722773  0.714856  0.543190  0.441404  0.542780  0.729461  0.353029  0.807891  0.754236  0.360450  0.695274  0.338437  0.491612  0.376739  0.465223  0.315757  0.398443  0.716065  0.417605  0.494177  0.516252  0.566693  0.741153  0.485456  0.476104  0.473659  0.544858  0.488442  0.781184  0.373055  0.483138  0.543692  0.489690  0.567441  0.309506  0.619329  0.479078 
13  0.422402  0.624692  0.753181  0.461381  0.598636  0.685343  0.733166  0.694317  0.431569  0.488397  0.668434  0.785345  0.454879 0.0  0.659768  0.719749  0.869503  0.737456  0.460093  0.553903  0.835175  0.535556  0.624552  0.853968  0.700885  0.439059  0.429241  0.473780  0.664017  0.416322  0.808989  0.872091  0.407360  0.673834  0.427812  0.663597  0.442501  0.428831  0.505862  0.511091  0.770169  0.519966  0.469916  0.362034  0.458257  0.591785  0.430942  0.501299  0.414867  0.453003  0.227524  0.620317  0.404712  0.453620  0.555737  0.411985  0.384825  0.460390  0.769281  0.672245 
14  0.770356  0.303153  0.275803  0.776710  0.503746  0.248828  0.240695  0.165771  0.531684  0.643271  0.639631  0.237741  0.578284  0.659768 0.0  0.823970  0.673277  0.276319  0.786923  0.601702  0.844137  0.785998  0.658768  0.280527  0.813322  0.713829  0.769559  0.721457  0.728918  0.866859  0.509512  0.340665  0.788871  0.385156  0.781156  0.567068  0.713527  0.701409  0.652437  0.691389  0.288459  0.751038  0.720928  0.578382  0.663180  0.787624  0.707517  0.696053  0.712584  0.742833  0.764750  0.767018  0.757797  0.704006  0.822873  0.614330  0.778170  0.810855  0.227646  0.708659 
15  0.647395  0.566593  0.641041  0.815940  0.540861  0.740170  0.659153  0.811896  0.609748  0.616396  0.671697  0.662497  0.648452  0.719749  0.823970 0.0  0.676162  0.714726  0.802264  0.610089  0.181371  0.753335  0.678316  0.690484  0.715191  0.705420  0.761528  0.747270  0.560540  0.687855  0.755626  0.702720  0.793956  0.613883  0.736403  0.690811  0.673121  0.697215  0.575021  0.707491  0.638727  0.819545  0.570092  0.685039  0.875174  0.654237  0.796372  0.881555  0.569823  0.613093  0.861674  0.244687  0.723757  0.724343  0.491409  0.588129  0.630289  0.740023  0.824266  0.411470 
16  0.725628  0.718078  0.895763  0.854635  0.796834  0.673376  0.763482  0.691016  0.840064  0.519084  0.801950  0.643485  0.687654  0.869503  0.673277  0.676162 0.0  0.701928  0.789940  0.718286  0.739112  0.801853  0.666998  0.642334  0.144338  0.789078  0.780373  0.790185  0.749846  0.704615  0.799799  0.751237  0.752614  0.783317  0.817516  0.831409  0.820179  0.782096  0.822493  0.829222  0.741873  0.807928  0.698158  0.797304  0.797614  0.776445  0.697144  0.810867  0.715593  0.661151  0.771244  0.762560  0.748851  0.789414  0.737249  0.659860  0.894334  0.791510  0.760290  0.774519 
17  0.747839  0.317020  0.132584  0.841343  0.675722  0.331470  0.226171  0.322895  0.748035  0.591221  0.626181  0.160053  0.589869  0.737456  0.276319  0.714726  0.701928 0.0  0.756582  0.532547  0.769918  0.629502  0.695412  0.309220  0.694507  0.882350  0.746980  0.863851  0.778696  0.875981  0.504238  0.160725  0.745261  0.477715  0.834866  0.719753  0.918052  0.908776  0.756312  0.828033  0.177743  0.657249  0.770381  0.747050  0.778234  0.593498  0.976288  0.758555  0.732438  0.776128  0.747307  0.618519  0.716630  0.804722  0.802814  0.781963  0.771932  0.766437  0.225637  0.664581 
18  0.363704  0.759057  1.000000  0.225557  0.516048  0.705531  0.644120  0.648672  0.564097  0.572305  0.656485  0.729320  0.518746  0.460093  0.786923  0.802264  0.789940  0.756582 0.0  0.551690  0.784262  0.515012  0.664381  0.718365  0.822312  0.416103  0.299941  0.246759  0.788113  0.548422  0.628849  0.680143  0.472648  0.686818  0.505375  0.770951  0.569256  0.338963  0.492069  0.594771  0.694274  0.563682  0.462491  0.419766  0.381351  0.679641  0.407537  0.445516  0.516342  0.598879  0.425589  0.736212  0.561941  0.198156  0.635221  0.490441  0.155774  0.513771  0.662609  0.680138 
19  0.659983  0.667045  0.531757  0.578220  0.610121  0.539012  0.588555  0.540435  0.539385  0.556059  0.483731  0.548410  0.532155  0.553903  0.601702  0.610089  0.718286  0.532547  0.551690 0.0  0.564142  0.498685  0.704582  0.667705  0.657152  0.525017  0.507145  0.578560  0.585115  0.653988  0.557720  0.571751  0.526267  0.590792  0.638342  0.526248  0.489174  0.621694  0.503160  0.504454  0.535228  0.561318  0.616029  0.582067  0.485667  0.508748  0.619318  0.552834  0.592721  0.539312  0.582608  0.578117  0.605052  0.612453  0.575646  0.518222  0.618612  0.541035  0.570427  0.562039 
20  0.705274  0.796800  0.750783  0.787508  0.544239  0.760350  0.770682  0.759077  0.689090  0.558451  0.646160  0.727209  0.736129  0.835175  0.844137  0.181371  0.739112  0.769918  0.784262  0.564142 0.0  0.728044  0.714235  0.739019  0.608645  0.777667  0.830161  0.725225  0.580150  0.787443  0.869762  0.675430  0.722690  0.772007  0.819921  0.635037  0.972670  0.782851  0.733105  0.681154  0.754473  0.821680  0.662259  0.904392  0.761346  0.547767  0.803143  0.792901  0.624978  0.606627  0.885317  0.269984  0.825865  0.772198  0.574679  0.559182  0.787934  0.758645  0.722588  0.365307 
21  0.483163  0.726984  0.732360  0.477965  0.535231  0.661888  0.705972  0.717832  0.252622  0.661490  0.708799  0.755735  0.370779  0.535556  0.785998  0.753335  0.801853  0.629502  0.515012  0.498685  0.728044 0.0  0.576430  0.627927  0.756702  0.555509  0.517999  0.551724  0.773620  0.282792  0.673835  0.860529  0.218912  0.731677  0.268543  0.642706  0.196444  0.470347  0.327245  0.410356  0.751156  0.421830  0.526295  0.492977  0.419824  0.714445  0.544433  0.604209  0.516782  0.471972  0.451263  0.806527  0.251987  0.616705  0.499984  0.411415  0.445770  0.254912  0.926707  0.512861 
22  0.643653  0.771466  0.776634  0.734920  0.452336  0.774325  0.645908  0.701992  0.619126  0.576089  0.380417  0.757707  0.626409  0.624552  0.658768  0.678316  0.666998  0.695412  0.664381  0.704582  0.714235  0.576430 0.0  0.700316  0.708842  0.638244  0.596724  0.733454  0.751529  0.670130  0.669474  0.731462  0.718507  0.695727  0.572817  0.730053  0.639757  0.571907  0.585181  0.820509  0.715664  0.614376  0.604201  0.561707  0.645682  0.671703  0.628027  0.481140  0.592290  0.663221  0.710845  0.762622  0.642790  0.557020  0.745038  0.696275  0.738479  0.664268  0.671596  0.656471 
23  0.805240  0.182396  0.338320  0.639182  0.700823  0.275493  0.276190  0.338599  0.852244  0.559838  0.672099  0.250375  0.722773  0.853968  0.280527  0.690484  0.642334  0.309220  0.718365  0.667705  0.739019  0.627927  0.700316 0.0  0.582583  0.722139  0.766247  0.719310  0.751196  0.677528  0.462219  0.281667  0.637618  0.521277  0.707477  0.672185  0.701303  0.725824  0.820957  0.655775  0.304877  0.672586  0.768594  0.774487  0.669830  0.726553  0.773943  0.646997  0.749828  0.678511  0.817338  0.699940  0.679403  0.695420  0.675518  0.800863  0.760235  0.643729  0.259597  0.734784 
24  0.867629  0.803089  0.780350  0.821341  0.767483  0.865020  0.789680  0.700398  0.804420  0.602576  0.845623  0.764364  0.714856  0.700885  0.813322  0.715191  0.144338  0.694507  0.822312  0.657152  0.608645  0.756702  0.708842  0.582583 0.0  0.740226  0.738783  0.632712  0.705005  0.690238  0.812083  0.712736  0.903940  0.835037  0.894659  0.835729  0.786565  0.910171  0.791107  0.817520  0.678678  0.779695  0.723023  0.649142  0.868456  0.644286  0.684795  0.625484  0.831334  0.828181  0.783200  0.738172  0.726143  0.726983  0.754218  0.736366  0.770959  0.724795  0.715471  0.785030 
25  0.170661  0.841803  0.736711  0.278202  0.598899  0.801939  0.717634  0.770843  0.497790  0.655049  0.611811  0.720999  0.543190  0.439059  0.713829  0.705420  0.789078  0.882350  0.416103  0.525017  0.777667  0.555509  0.638244  0.722139  0.740226 0.0  0.142303  0.384499  0.603390  0.524240  0.755987  0.707485  0.590782  0.856078  0.431140  0.650443  0.502382  0.376435  0.463123  0.605887  0.842022  0.517225  0.468134  0.199788  0.381549  0.740186  0.432184  0.216945  0.510144  0.463260  0.370412  0.654715  0.499473  0.364295  0.568680  0.456226  0.334868  0.531467  0.599996  0.758964 
26  0.169566  0.688838  0.531767  0.300210  0.554912  0.716446  0.779100  0.760462  0.518791  0.694128  0.775858  0.878276  0.441404  0.429241  0.769559  0.761528  0.780373  0.746980  0.299941  0.507145  0.830161  0.517999  0.596724  0.766247  0.738783  0.142303 0.0  0.416015  0.745781  0.630020  0.696525  0.887921  0.562613  0.648900  0.520553  0.658498  0.541983  0.443263  0.521615  0.620340  0.864166  0.643562  0.460843  0.215413  0.394860  0.698316  0.362089  0.242484  0.494183  0.561815  0.377823  0.819229  0.440708  0.394951  0.526560  0.508071  0.438835  0.661784  0.756350  0.631406 
27  0.422432  0.685115  0.770552  0.231633  0.583514  0.650217  0.733457  0.743549  0.547994  0.599904  0.760109  0.814995  0.542780  0.473780  0.721457  0.747270  0.790185  0.863851  0.246759  0.578560  0.725225  0.551724  0.733454  0.719310  0.632712  0.384499  0.416015 0.0  0.757165  0.549683  0.686523  0.956793  0.588559  0.781213  0.537797  0.672951  0.534674  0.424623  0.475366  0.681656  0.855481  0.611135  0.444330  0.467814  0.337432  0.846485  0.361741  0.353704  0.627634  0.597441  0.373596  0.753798  0.588627  0.233434  0.454714  0.500929  0.259782  0.624082  0.691046  0.785870 
28  0.657972  0.692882  0.556293  0.685039  0.631929  0.649184  0.767708  0.723675  0.701715  0.575031  0.689923  0.764874  0.729461  0.664017  0.728918  0.560540  0.749846  0.778696  0.788113  0.585115  0.580150  0.773620  0.751529  0.751196  0.705005  0.603390  0.745781  0.757165 0.0  0.663857  0.718861  0.600102  0.702330  0.672802  0.699979  0.337918  0.790501  0.729959  0.691337  0.657833  0.559776  0.566744  0.740447  0.803354  0.708117  0.313887  0.653265  0.661798  0.715433  0.672911  0.705300  0.682519  0.788460  0.703512  0.674959  0.715956  0.665494  0.726702  0.736520  0.597280 
29  0.568682  0.757271  0.764282  0.458034  0.535142  0.705669  0.716536  0.791380  0.272458  0.520146  0.784632  0.844916  0.353029  0.416322  0.866859  0.687855  0.704615  0.875981  0.548422  0.653988  0.787443  0.282792  0.670130  0.677528  0.690238  0.524240  0.630020  0.549683  0.663857 0.0  0.808249  0.823035  0.318544  0.681374  0.240273  0.648483  0.283903  0.517406  0.275289  0.365874  0.863608  0.331185  0.518651  0.485230  0.462025  0.668747  0.533505  0.372023  0.493836  0.576465  0.428376  0.803657  0.246425  0.485470  0.586730  0.465681  0.584598  0.293818  0.854685  0.545691 
30  0.616524  0.421273  0.434060  0.693360  0.603375  0.532946  0.462947  0.422395  0.645086  0.565775  0.631996  0.515254  0.807891  0.808989  0.509512  0.755626  0.799799  0.504238  0.628849  0.557720  0.869762  0.673835  0.669474  0.462219  0.812083  0.755987  0.696525  0.686523  0.718861  0.808249 0.0  0.394966  0.792614  0.306752  0.728069  0.712606  0.731350  0.670613  0.765779  0.753415  0.510853  0.785195  0.704477  0.631865  0.842780  0.685152  0.745631  0.712021  0.749714  0.629859  0.776985  0.835655  0.720391  0.670557  0.726307  0.759942  0.735120  0.703130  0.516410  0.679696 
31  0.744359  0.303073  0.159430  0.786086  0.568071  0.280376  0.182512  0.297580  0.825076  0.592035  0.731673  0.190127  0.754236  0.872091  0.340665  0.702720  0.751237  0.160725  0.680143  0.571751  0.675430  0.860529  0.731462  0.281667  0.712736  0.707485  0.887921  0.956793  0.600102  0.823035  0.394966 0.0  0.701069  0.501575  0.728284  0.631207  0.771002  0.854136  0.737664  0.858800  0.126546  0.667302  0.730811  0.828307  0.848055  0.631049  0.705141  0.854509  0.690048  0.815038  0.755791  0.726450  0.655539  0.734234  0.642490  0.722874  0.635269  0.867164  0.218516  0.761368 
32  0.509042  0.570842  0.708725  0.474410  0.546524  0.814465  0.796563  0.809327  0.253888  0.479779  0.558057  0.725886  0.360450  0.407360  0.788871  0.793956  0.752614  0.745261  0.472648  0.526267  0.722690  0.218912  0.718507  0.637618  0.903940  0.590782  0.562613  0.588559  0.702330  0.318544  0.792614  0.701069 0.0  0.678670  0.312590  0.638443  0.195798  0.572430  0.316902  0.389111  0.792005  0.356454  0.475786  0.451246  0.505120  0.663781  0.440132  0.516193  0.434081  0.478417  0.433192  0.595289  0.288187  0.577400  0.522444  0.472241  0.577152  0.196868  0.724348  0.557732 
33  0.656135  0.552170  0.545279  0.624930  0.495761  0.475738  0.534663  0.454991  0.758736  0.665738  0.779612  0.481901  0.695274  0.673834  0.385156  0.613883  0.783317  0.477715  0.686818  0.590792  0.772007  0.731677  0.695727  0.521277  0.835037  0.856078  0.648900  0.781213  0.672802  0.681374  0.306752  0.501575  0.678670 0.0  0.752610  0.707235  0.744803  0.779500  0.752366  0.704066  0.548516  0.810890  0.692157  0.670887  0.798321  0.632288  0.600897  0.742129  0.816854  0.638036  0.805820  0.719184  0.623262  0.713176  0.748043  0.705565  0.570719  0.802051  0.498782  0.664032 
34  0.541248  0.580792  0.798858  0.489135  0.427111  0.785398  0.705722  0.846251  0.155033  0.595731  0.735594  0.754236  0.338437  0.427812  0.781156  0.736403  0.817516  0.834866  0.505375  0.638342  0.819921  0.268543  0.572817  0.707477  0.894659  0.431140  0.520553  0.537797  0.699979  0.240273  0.728069  0.728284  0.312590  0.752610 0.0  0.685872  0.217083  0.511663  0.290772  0.397977  0.804487  0.462451  0.458664  0.528495  0.563540  0.678712  0.470816  0.555562  0.485311  0.527939  0.398576  0.681438  0.134632  0.490219  0.533301  0.396599  0.548022  0.211091  0.829289  0.514728 
35  0.842668  0.682665  0.549566  0.753137  0.582208  0.617571  0.689706  0.660105  0.679302  0.463241  0.693602  0.631367  0.491612  0.663597  0.567068  0.690811  0.831409  0.719753  0.770951  0.526248  0.635037  0.642706  0.730053  0.672185  0.835729  0.650443  0.658498  0.672951  0.337918  0.648483  0.712606  0.631207  0.638443  0.707235  0.685872 0.0  0.600053  0.708749  0.674102  0.610138  0.665882  0.662376  0.686225  0.584728  0.682741  0.327250  0.727351  0.696468  0.607872  0.715399  0.697612  0.618706  0.615093  0.788460  0.560030  0.716888  0.658085  0.679017  0.686270  0.602688 
36  0.572482  0.735527  0.796925  0.535022  0.509218  0.797149  0.791861  0.731766  0.215144  0.573963  0.646774  0.835761  0.376739  0.442501  0.713527  0.673121  0.820179  0.918052  0.569256  0.489174  0.972670  0.196444  0.639757  0.701303  0.786565  0.502382  0.541983  0.534674  0.790501  0.283903  0.731350  0.771002  0.195798  0.744803  0.217083  0.600053 0.0  0.552957  0.279105  0.433769  0.720146  0.384833  0.412070  0.514539  0.535547  0.738226  0.505071  0.555739  0.511971  0.455063  0.466478  0.680277  0.237975  0.558116  0.559628  0.502641  0.546485  0.175542  0.821050  0.492826 
37  0.352743  0.639731  0.922358  0.320786  0.464628  0.769021  0.717079  0.765749  0.533881  0.458658  0.707283  0.677491  0.465223  0.428831  0.701409  0.697215  0.782096  0.908776  0.338963  0.621694  0.782851  0.470347  0.571907  0.725824  0.910171  0.376435  0.443263  0.424623  0.729959  0.517406  0.670613  0.854136  0.572430  0.779500  0.511663  0.708749  0.552957 0.0  0.498398  0.560010  0.767359  0.590774  0.522038  0.405807  0.228196  0.736339  0.200162  0.391743  0.476179  0.561716  0.421549  0.733216  0.516314  0.390194  0.506139  0.557540  0.361031  0.629700  0.789110  0.803792 
38  0.495163  0.668607  0.844416  0.399641  0.510880  0.792388  0.654793  0.829080  0.297975  0.631934  0.777718  0.682818  0.315757  0.505862  0.652437  0.575021  0.822493  0.756312  0.492069  0.503160  0.733105  0.327245  0.585181  0.820957  0.791107  0.463123  0.521615  0.475366  0.691337  0.275289  0.765779  0.737664  0.316902  0.752366  0.290772  0.674102  0.279105  0.498398 0.0  0.310853  0.753814  0.308344  0.399136  0.473440  0.544745  0.699199  0.516576  0.494218  0.394691  0.496860  0.467807  0.639769  0.279443  0.464304  0.511012  0.445272  0.566983  0.323678  0.715329  0.540949 
39  0.567761  0.696603  0.787378  0.518377  0.626878  0.791793  0.913873  0.672542  0.507215  0.501103  0.725650  0.786354  0.398443  0.511091  0.691389  0.707491  0.829222  0.828033  0.594771  0.504454  0.681154  0.410356  0.820509  0.655775  0.817520  0.605887  0.620340  0.681656  0.657833  0.365874  0.753415  0.858800  0.389111  0.704066  0.397977  0.610138  0.433769  0.560010  0.310853 0.0  0.894901  0.160175  0.503429  0.707635  0.629786  0.649354  0.564782  0.591492  0.530894  0.546487  0.532220  0.737445  0.446122  0.664589  0.489165  0.471720  0.643936  0.456074  0.706613  0.517813 
40  0.861640  0.273870  0.165233  0.770483  0.572764  0.297468  0.221325  0.298364  0.711231  0.566228  0.758070  0.212782  0.716065  0.770169  0.288459  0.638727  0.741873  0.177743  0.694274  0.535228  0.754473  0.751156  0.715664  0.304877  0.678678  0.842022  0.864166  0.855481  0.559776  0.863608  0.510853  0.126546  0.792005  0.548516  0.804487  0.665882  0.720146  0.767359  0.753814  0.894901 0.0  0.740994  0.735688  0.796860  0.885285  0.618461  0.670202  0.766496  0.787308  0.810592  0.775228  0.596841  0.775199  0.816615  0.830370  0.788675  0.864183  0.763150  0.257549  0.637663 
41  0.551940  0.773851  0.966899  0.593245  0.573458  0.873749  0.845581  0.761363  0.415412  0.600845  0.753735  0.751918  0.417605  0.519966  0.751038  0.819545  0.807928  0.657249  0.563682  0.561318  0.821680  0.421830  0.614376  0.672586  0.779695  0.517225  0.643562  0.611135  0.566744  0.331185  0.785195  0.667302  0.356454  0.810890  0.462451  0.662376  0.384833  0.590774  0.308344  0.160175  0.740994 0.0  0.540538  0.583150  0.572987  0.661248  0.610427  0.484698  0.506946  0.547666  0.538764  0.665718  0.419777  0.572869  0.557277  0.535306  0.565620  0.414451  0.928345  0.447965 
42  0.500200  0.546795  0.671534  0.526958  0.525073  0.752006  0.728588  0.740495  0.533721  0.596083  0.627997  0.729176  0.494177  0.469916  0.720928  0.570092  0.698158  0.770381  0.462491  0.616029  0.662259  0.526295  0.604201  0.768594  0.723023  0.468134  0.460843  0.444330  0.740447  0.518651  0.704477  0.730811  0.475786  0.692157  0.458664  0.686225  0.412070  0.522038  0.399136  0.503429  0.735688  0.540538 0.0  0.363328  0.492170  0.608212  0.528963  0.466654  0.254786  0.235495  0.450694  0.507900  0.482206  0.524569  0.317423  0.296474  0.520352  0.495273  0.860584  0.584629 
43  0.222180  0.744853  0.814114  0.285017  0.634702  0.764597  0.739420  0.793674  0.506093  0.600122  0.550826  0.797699  0.516252  0.362034  0.578382  0.685039  0.797304  0.747050  0.419766  0.582067  0.904392  0.492977  0.561707  0.774487  0.649142  0.199788  0.215413  0.467814  0.803354  0.485230  0.631865  0.828307  0.451246  0.670887  0.528495  0.584728  0.514539  0.405807  0.473440  0.707635  0.796860  0.583150  0.363328 0.0  0.335661  0.631512  0.352258  0.183450  0.542113  0.526635  0.408159  0.755537  0.408303  0.457444  0.559588  0.477593  0.392713  0.543062  0.771856  0.615590 
44  0.363720  0.787069  0.915421  0.376719  0.600498  0.792150  0.793290  0.685246  0.542558  0.599915  0.671200  0.673827  0.566693  0.458257  0.663180  0.875174  0.797614  0.778234  0.381351  0.485667  0.761346  0.419824  0.645682  0.669830  0.868456  0.381549  0.394860  0.337432  0.708117  0.462025  0.842780  0.848055  0.505120  0.798321  0.563540  0.682741  0.535547  0.228196  0.544745  0.629786  0.885285  0.572987  0.492170  0.335661 0.0  0.755154  0.203899  0.419922  0.606149  0.487557  0.429887  0.660357  0.524180  0.436217  0.619277  0.471649  0.348743  0.479030  0.820470  0.645163 
45  0.624908  0.671888  0.672991  0.721660  0.584056  0.731123  0.699655  0.720049  0.720645  0.611948  0.526193  0.615115  0.741153  0.591785  0.787624  0.654237  0.776445  0.593498  0.679641  0.508748  0.547767  0.714445  0.671703  0.726553  0.644286  0.740186  0.698316  0.846485  0.313887  0.668747  0.685152  0.631049  0.663781  0.632288  0.678712  0.327250  0.738226  0.736339  0.699199  0.649354  0.618461  0.661248  0.608212  0.631512  0.755154 0.0  0.733570  0.682404  0.763061  0.654342  0.683639  0.685000  0.732643  0.588383  0.665133  0.663478  0.724301  0.732880  0.657170  0.634526 
46  0.354606  0.852934  0.841264  0.363326  0.508081  0.718969  0.717501  0.629625  0.401010  0.643630  0.741806  0.804213  0.485456  0.430942  0.707517  0.796372  0.697144  0.976288  0.407537  0.619318  0.803143  0.544433  0.628027  0.773943  0.684795  0.432184  0.362089  0.361741  0.653265  0.533505  0.745631  0.705141  0.440132  0.600897  0.470816  0.727351  0.505071  0.200162  0.516576  0.564782  0.670202  0.610427  0.528963  0.352258  0.203899  0.733570 0.0  0.375135  0.487010  0.550577  0.374260  0.802486  0.531245  0.443360  0.562490  0.441050  0.385133  0.567441  0.730156  0.755795 
47  0.256104  0.759574  0.747223  0.320812  0.465731  0.695932  0.649886  0.616041  0.431904  0.644914  0.557539  0.688641  0.476104  0.501299  0.696053  0.881555  0.810867  0.758555  0.445516  0.552834  0.792901  0.604209  0.481140  0.646997  0.625484  0.216945  0.242484  0.353704  0.661798  0.372023  0.712021  0.854509  0.516193  0.742129  0.555562  0.696468  0.555739  0.391743  0.494218  0.591492  0.766496  0.484698  0.466654  0.183450  0.419922  0.682404  0.375135 0.0  0.462869  0.469502  0.509775  0.795895  0.502110  0.398267  0.537100  0.425990  0.457814  0.530320  0.693465  0.622565 
48  0.508676  0.738574  0.725298  0.471283  0.504921  0.744119  0.595644  0.754475  0.455948  0.640209  0.658807  0.673703  0.473659  0.414867  0.712584  0.569823  0.715593  0.732438  0.516342  0.592721  0.624978  0.516782  0.592290  0.749828  0.831334  0.510144  0.494183  0.627634  0.715433  0.493836  0.749714  0.690048  0.434081  0.816854  0.485311  0.607872  0.511971  0.476179  0.394691  0.530894  0.787308  0.506946  0.254786  0.542113  0.606149  0.763061  0.487010  0.462869 0.0  0.270180  0.434919  0.451503  0.490384  0.549557  0.403268  0.255933  0.481179  0.550831  0.645898  0.556711 
49  0.575009  0.774533  0.811729  0.504384  0.510697  0.726013  0.784608  0.832053  0.557992  0.588422  0.689291  0.625073  0.544858  0.453003  0.742833  0.613093  0.661151  0.776128  0.598879  0.539312  0.606627  0.471972  0.663221  0.678511  0.828181  0.463260  0.561815  0.597441  0.672911  0.576465  0.629859  0.815038  0.478417  0.638036  0.527939  0.715399  0.455063  0.561716  0.496860  0.546487  0.810592  0.547666  0.235495  0.526635  0.487557  0.654342  0.550577  0.469502  0.270180 0.0  0.493090  0.570969  0.529706  0.513649  0.352629  0.283778  0.603576  0.551913  0.649735  0.719537 
50  0.369297  0.727083  0.790133  0.421406  0.500364  0.578578  0.722240  0.666467  0.371916  0.551160  0.669242  0.713179  0.488442  0.227524  0.764750  0.861674  0.771244  0.747307  0.425589  0.582608  0.885317  0.451263  0.710845  0.817338  0.783200  0.370412  0.377823  0.373596  0.705300  0.428376  0.776985  0.755791  0.433192  0.805820  0.398576  0.697612  0.466478  0.421549  0.467807  0.532220  0.775228  0.538764  0.450694  0.408159  0.429887  0.683639  0.374260  0.509775  0.434919  0.493090 0.0  0.810780  0.419503  0.375825  0.536947  0.437329  0.435067  0.408637  0.710168  0.766418 
51  0.920167  0.946027  0.609895  0.803374  0.569260  0.758625  0.697843  0.702409  0.669467  0.514432  0.597663  0.748438  0.781184  0.620317  0.767018  0.244687  0.762560  0.618519  0.736212  0.578117  0.269984  0.806527  0.762622  0.699940  0.738172  0.654715  0.819229  0.753798  0.682519  0.803657  0.835655  0.726450  0.595289  0.719184  0.681438  0.618706  0.680277  0.733216  0.639769  0.737445  0.596841  0.665718  0.507900  0.755537  0.660357  0.685000  0.802486  0.795895  0.451503  0.570969  0.810780 0.0  0.780489  0.824571  0.583844  0.565274  0.661120  0.625221  0.552109  0.390477 
52  0.493921  0.663770  0.756201  0.442562  0.612890  0.769953  0.836597  0.657552  0.165293  0.528725  0.691748  0.816514  0.373055  0.404712  0.757797  0.723757  0.748851  0.716630  0.561941  0.605052  0.825865  0.251987  0.642790  0.679403  0.726143  0.499473  0.440708  0.588627  0.788460  0.246425  0.720391  0.655539  0.288187  0.623262  0.134632  0.615093  0.237975  0.516314  0.279443  0.446122  0.775199  0.419777  0.482206  0.408303  0.524180  0.732643  0.531245  0.502110  0.490384  0.529706  0.419503  0.780489 0.0  0.481015  0.482702  0.437419  0.484160  0.249760  0.722853  0.536551 
53  0.370021  0.639488  0.699580  0.239551  0.529331  0.722149  0.719475  0.710602  0.466839  0.604646  0.626857  0.803215  0.483138  0.453620  0.704006  0.724343  0.789414  0.804722  0.198156  0.612453  0.772198  0.616705  0.557020  0.695420  0.726983  0.364295  0.394951  0.233434  0.703512  0.485470  0.670557  0.734234  0.577400  0.713176  0.490219  0.788460  0.558116  0.390194  0.464304  0.664589  0.816615  0.572869  0.524569  0.457444  0.436217  0.588383  0.443360  0.398267  0.549557  0.513649  0.375825  0.824571  0.481015 0.0  0.563252  0.507241  0.187320  0.623152  0.765244  0.805434 
54  0.569905  0.724201  0.699637  0.579993  0.520664  0.694742  0.614132  0.667969  0.603070  0.470149  0.698206  0.681472  0.543692  0.555737  0.822873  0.491409  0.737249  0.802814  0.635221  0.575646  0.574679  0.499984  0.745038  0.675518  0.754218  0.568680  0.526560  0.454714  0.674959  0.586730  0.726307  0.642490  0.522444  0.748043  0.533301  0.560030  0.559628  0.506139  0.511012  0.489165  0.830370  0.557277  0.317423  0.559588  0.619277  0.665133  0.562490  0.537100  0.403268  0.352629  0.536947  0.583844  0.482702  0.563252 0.0  0.337314  0.555706  0.532039  0.723756  0.680093 
55  0.505886  0.716973  0.819752  0.445395  0.510478  0.734394  0.695105  0.774983  0.473266  0.528158  0.608475  0.649714  0.489690  0.411985  0.614330  0.588129  0.659860  0.781963  0.490441  0.518222  0.559182  0.411415  0.696275  0.800863  0.736366  0.456226  0.508071  0.500929  0.715956  0.465681  0.759942  0.722874  0.472241  0.705565  0.396599  0.716888  0.502641  0.557540  0.445272  0.471720  0.788675  0.535306  0.296474  0.477593  0.471649  0.663478  0.441050  0.425990  0.255933  0.283778  0.437329  0.565274  0.437419  0.507241  0.337314 0.0  0.503161  0.572903  0.670111  0.694986 
56  0.308811  0.600748  0.723572  0.231326  0.399628  0.640263  0.781588  0.901824  0.430985  0.609759  0.730476  0.734184  0.567441  0.384825  0.778170  0.630289  0.894334  0.771932  0.155774  0.618612  0.787934  0.445770  0.738479  0.760235  0.770959  0.334868  0.438835  0.259782  0.665494  0.584598  0.735120  0.635269  0.577152  0.570719  0.548022  0.658085  0.546485  0.361031  0.566983  0.643936  0.864183  0.565620  0.520352  0.392713  0.348743  0.724301  0.385133  0.457814  0.481179  0.603576  0.435067  0.661120  0.484160  0.187320  0.555706  0.503161 0.0  0.533491  0.656109  0.666855 
57  0.546568  0.702788  0.740382  0.523243  0.597175  0.643913  0.795683  0.708728  0.236154  0.570067  0.706460  0.856090  0.309506  0.460390  0.810855  0.740023  0.791510  0.766437  0.513771  0.541035  0.758645  0.254912  0.664268  0.643729  0.724795  0.531467  0.661784  0.624082  0.726702  0.293818  0.703130  0.867164  0.196868  0.802051  0.211091  0.679017  0.175542  0.629700  0.323678  0.456074  0.763150  0.414451  0.495273  0.543062  0.479030  0.732880  0.567441  0.530320  0.550831  0.551913  0.408637  0.625221  0.249760  0.623152  0.532039  0.572903  0.533491 0.0  0.777435  0.455113 
58  0.657958  0.309460  0.210891  0.702226  0.530840  0.220428  0.187664  0.230289  0.734188  0.563914  0.506232  0.226174  0.619329  0.769281  0.227646  0.824266  0.760290  0.225637  0.662609  0.570427  0.722588  0.926707  0.671596  0.259597  0.715471  0.599996  0.756350  0.691046  0.736520  0.854685  0.516410  0.218516  0.724348  0.498782  0.829289  0.686270  0.821050  0.789110  0.715329  0.706613  0.257549  0.928345  0.860584  0.771856  0.820470  0.657170  0.730156  0.693465  0.645898  0.649735  0.710168  0.552109  0.722853  0.765244  0.723756  0.670111  0.656109  0.777435 0.0  0.633296 
59  0.604531  0.716218  0.776727  0.626062  0.528263  0.643700  0.684217  0.677519  0.575971  0.488271  0.789105  0.770276  0.479078  0.672245  0.708659  0.411470  0.774519  0.664581  0.680138  0.562039  0.365307  0.512861  0.656471  0.734784  0.785030  0.758964  0.631406  0.785870  0.597280  0.545691  0.679696  0.761368  0.557732  0.664032  0.514728  0.602688  0.492826  0.803792  0.540949  0.517813  0.637663  0.447965  0.584629  0.615590  0.645163  0.634526  0.755795  0.622565  0.556711  0.719537  0.766418  0.390477  0.536551  0.805434  0.680093  0.694986  0.666855  0.455113  0.633296 0.0 
