60
0 0.0  0.746480  0.760442  0.371867  0.561477  0.750754  0.883755  0.853596  0.704403  0.567485  0.667653  0.838721  0.426516  0.619933  0.801451  0.768853  0.845132  0.866749  0.486289  0.633376  0.868291  0.684705  0.692191  0.753679  0.852333  0.235479  0.249540  0.564842  0.690698  0.680302  0.799835  0.870483  0.679399  0.811454  0.615979  0.750577  0.674305  0.540940  0.554826  0.669914  0.885660  0.650488  0.564926  0.169434  0.385556  0.759659  0.423234  0.320820  0.553165  0.600056  0.381173  0.779590  0.541650  0.446508  0.655119  0.548561  0.365179  0.488189  0.763019  0.728045 
1  0.746480 0.0  0.323345  0.700082  0.654935  0.263329  0.396651  0.254110  0.764400  0.632646  0.643835  0.398802  0.798003  0.819670  0.317107  0.756346  0.846018  0.405616  0.816877  0.782214  0.761598  0.812263  0.754993  0.152118  0.878680  0.839365  0.868025  0.753460  0.780850  0.705705  0.516338  0.433115  0.750332  0.624250  0.899055  0.738114  0.838243  0.826071  0.845975  0.826506  0.322489  0.842729  0.730629  0.737153  0.746341  0.677996  0.789419  0.776845  0.670216  0.829873  0.806595  0.914584  0.800981  0.867283  0.862282  0.781060  0.729577  0.842809  0.428555  0.750300 
2  0.760442  0.323345 0.0  0.757538  0.599519  0.364893  0.312230  0.318521  0.845078  0.705216  0.702894  0.244993  0.748502  0.719429  0.320739  0.746258  0.800568  0.230554  0.851396  0.668825  0.631789  0.769388  0.721350  0.360421  0.737230  0.811662  0.862468  0.871465  0.678415  0.855588  0.606613  0.155968  0.871950  0.517207  0.828201  0.635518  0.733486  0.851683  0.858075  0.943021  0.190717  0.860419  0.843320  0.804277  0.834779  0.671500  0.828483  0.843483  0.723273  0.807224  0.746323  0.753888  0.843240  0.835271  0.851766  0.793833  0.825890  0.917325  0.313178  0.676146 
3  0.371867  0.700082  0.757538 0.0  0.601943  0.801445  0.869507  0.759767  0.460839  0.607261  0.742997  0.706026  0.491376  0.495387  0.738086  0.849964  0.761229  0.695151  0.243443  0.548512  0.866045  0.525896  0.623645  0.821009  0.855739  0.413697  0.398406  0.128311  0.628443  0.429619  0.777012  0.790925  0.484571  0.626074  0.570036  0.757314  0.568050  0.365724  0.513055  0.702179  0.807210  0.556867  0.482812  0.397188  0.432077  0.771726  0.304219  0.367684  0.500822  0.465777  0.526890  0.775692  0.610076  0.264614  0.665216  0.567107  0.213230  0.498876  0.763392  0.705805 
4  0.561477  0.654935  0.599519  0.601943 0.0  0.623348  0.692400  0.674944  0.441843  0.593019  0.649847  0.523751  0.534259  0.564875  0.649504  0.581167  0.687857  0.588090  0.544461  0.553842  0.563204  0.545142  0.484115  0.669079  0.748946  0.641192  0.559646  0.710968  0.574729  0.478418  0.618426  0.673071  0.585024  0.460993  0.610909  0.662424  0.511511  0.479986  0.618558  0.690861  0.570136  0.634549  0.577731  0.574587  0.606486  0.581129  0.679434  0.590741  0.712635  0.632832  0.645484  0.627549  0.582525  0.541558  0.519038  0.552409  0.513501  0.569992  0.497558  0.575790 
5  0.750754  0.263329  0.364893  0.801445  0.623348 0.0  0.385696  0.276631  0.865162  0.664512  0.706817  0.392016  0.778740  0.871118  0.210357  0.815748  0.931392  0.379652  0.806695  0.720144  0.884764  0.931284  0.727955  0.463895  0.844723  0.796395  0.818836  0.841081  0.773786  0.902301  0.549254  0.279837  0.843446  0.640212  0.841626  0.629485  0.774197  0.816089  0.755913  0.972636  0.377393  0.797561  0.842308  0.834079  0.877357  0.751545  0.660650  0.803683  0.696328  0.823291  0.872715  0.817986  0.801670  0.847932  0.896942  0.794090  0.796682  0.835683  0.276667  0.759590 
6  0.883755  0.396651  0.312230  0.869507  0.692400  0.385696 0.0  0.252888  0.887270  0.593041  0.763577  0.254149  0.840163  0.857568  0.269356  0.757033  0.841874  0.228645  0.870734  0.648461  0.699337  0.855539  0.763420  0.270226  0.715835  0.862743  0.816074  0.864637  0.785344  0.847889  0.495365  0.248523  0.799849  0.561940  0.816992  0.653876  0.809236  0.736247  0.858946  0.881333  0.295395  0.833690  0.942527  0.769539  0.787266  0.840306  0.783220  0.776514  0.738093  0.784079  0.764399  0.748649  0.896849  0.855853  0.865987  0.748836  0.845677  0.918775  0.264899  0.773739 
7  0.853596  0.254110  0.318521  0.759767  0.674944  0.276631  0.252888 0.0  0.836004  0.603933  0.692758  0.269107  0.760551  0.778635  0.256193  0.818188  0.811132  0.271490  0.877772  0.675830  0.691059  0.741129  0.731306  0.369340  0.800823  0.806519  0.762831  0.844558  0.715689  0.702077  0.622598  0.333251  0.831987  0.585732  0.850630  0.655058  0.813115  0.823430  0.800972  0.845018  0.257877  0.774506  0.844751  0.761659  0.811045  0.753250  0.853388  0.798117  0.706688  0.897427  0.801643  0.837912  0.867985  0.841808  0.814562  0.778603  0.768289  0.803467  0.217131  0.764369 
8  0.704403  0.764400  0.845078  0.460839  0.441843  0.865162  0.887270  0.836004 0.0  0.650312  0.706720  0.758518  0.457155  0.394640  0.775826  0.828633  0.821045  0.883232  0.541980  0.599629  0.847367  0.372537  0.711646  0.727710  0.918417  0.660783  0.625447  0.688990  0.748078  0.287298  0.846363  0.858508  0.319394  0.716795  0.181126  0.696410  0.248266  0.505831  0.410290  0.505590  0.909668  0.373332  0.537939  0.609161  0.646394  0.794715  0.481491  0.674558  0.412676  0.474567  0.329575  0.779508  0.170584  0.534945  0.566270  0.519022  0.499903  0.290212  0.745425  0.589756 
9  0.567485  0.632646  0.705216  0.607261  0.593019  0.664512  0.593041  0.603933  0.650312 0.0  0.688821  0.633433  0.597236  0.643853  0.644735  0.647650  0.774048  0.640360  0.617133  0.583111  0.564053  0.677652  0.624926  0.661017  0.742310  0.615993  0.606508  0.775112  0.541602  0.597190  0.612620  0.623471  0.588745  0.639158  0.589679  0.605584  0.668880  0.631961  0.525551  0.585288  0.672595  0.599756  0.527752  0.590301  0.597991  0.531860  0.662838  0.731004  0.691333  0.648224  0.594635  0.669799  0.768621  0.700783  0.565947  0.598332  0.603197  0.552516  0.597698  0.588810 
10  0.667653  0.643835  0.702894  0.742997  0.649847  0.706817  0.763577  0.692758  0.706720  0.688821 0.0  0.668757  0.752013  0.680022  0.650845  0.775747  0.942523  0.744489  0.755066  0.684483  0.862383  0.736813  0.465978  0.666752  0.796233  0.752173  0.804327  0.757271  0.694263  0.733142  0.718967  0.812967  0.739369  0.724880  0.766542  0.794715  0.664424  0.686121  0.682543  0.714585  0.771797  0.756784  0.785497  0.713527  0.685847  0.786227  0.739870  0.775836  0.619470  0.767510  0.778127  0.817101  0.652418  0.672855  0.657295  0.786160  0.792498  0.619878  0.668878  0.783763 
11  0.838721  0.398802  0.244993  0.706026  0.523751  0.392016  0.254149  0.269107  0.758518  0.633433  0.668757 0.0  0.795035  0.771793  0.246524  0.809024  0.864205  0.192374  0.740824  0.684234  0.697707  0.898860  0.815778  0.305521  0.728434  0.806606  0.890021  0.870257  0.698861  0.832952  0.450388  0.256406  0.705018  0.540129  0.830845  0.621154  0.780352  0.890057  0.771344  0.782277  0.293904  0.858156  0.843690  0.804860  0.878770  0.755239  0.864967  0.812689  0.759312  0.750857  0.727938  0.765213  0.746760  0.812384  0.838292  0.716060  0.843072  0.879890  0.183764  0.694435 
12  0.426516  0.798003  0.748502  0.491376  0.534259  0.778740  0.840163  0.760551  0.457155  0.597236  0.752013  0.795035 0.0  0.522758  0.707617  0.766878  0.909729  0.802331  0.608866  0.654976  0.823013  0.364336  0.713049  0.677558  0.862929  0.497180  0.518430  0.616253  0.754039  0.439601  0.800815  0.768717  0.396823  0.718460  0.329120  0.633292  0.417068  0.536846  0.298374  0.402496  0.712992  0.419780  0.508657  0.504703  0.548681  0.696562  0.543108  0.511489  0.571406  0.523069  0.532658  0.884134  0.384488  0.500715  0.546459  0.520772  0.673794  0.332110  0.784012  0.477592 
13  0.619933  0.819670  0.719429  0.495387  0.564875  0.871118  0.857568  0.778635  0.394640  0.643853  0.680022  0.771793  0.522758 0.0  0.747178  0.885791  0.897550  0.765371  0.469095  0.543489  0.862997  0.522684  0.692073  0.778574  0.814133  0.556347  0.475076  0.468617  0.727671  0.522707  0.751234  0.790123  0.450774  0.754131  0.493530  0.756835  0.404493  0.448630  0.433175  0.619216  0.690401  0.576421  0.609959  0.618619  0.425553  0.667196  0.472074  0.570127  0.469453  0.578586  0.315085  0.784217  0.559654  0.486006  0.622497  0.642453  0.505375  0.523986  0.770898  0.709810 
14  0.801451  0.317107  0.320739  0.738086  0.649504  0.210357  0.269356  0.256193  0.775826  0.644735  0.650845  0.246524  0.707617  0.747178 0.0  0.756975  0.802144  0.290219  0.817942  0.614985  0.846991  0.677082  0.610373  0.347846  0.823884  0.748263  0.830554  0.875281  0.759468  0.897720  0.618788  0.331804  0.743504  0.467355  0.722717  0.707366  0.809644  0.849381  0.796513  0.852064  0.438308  0.892717  0.785011  0.860015  0.722078  0.651492  0.831592  0.818560  0.730239  0.872366  0.811441  0.776807  0.826244  0.728526  0.819927  0.758924  0.850637  0.798398  0.306024  0.779508 
15  0.768853  0.756346  0.746258  0.849964  0.581167  0.815748  0.757033  0.818188  0.828633  0.647650  0.775747  0.809024  0.766878  0.885791  0.756975 0.0  0.843579  0.627910  0.918641  0.666339  0.123079  0.784180  0.702832  0.765374  0.851136  0.871861  0.877339  0.891418  0.706283  0.802003  0.879433  0.825535  0.725200  0.843925  0.796240  0.675334  0.783123  0.895486  0.926549  0.718726  0.717510  0.860309  0.619741  0.840644  0.854970  0.713998  0.836276  0.858598  0.546189  0.578288  0.768175  0.225925  0.880853  0.817228  0.570574  0.667641  0.681807  0.819502  0.859486  0.417269 
16  0.845132  0.846018  0.800568  0.761229  0.687857  0.931392  0.841874  0.811132  0.821045  0.774048  0.942523  0.864205  0.909729  0.897550  0.802144  0.843579 0.0  0.701308  0.909979  0.719599  0.820016  0.891944  0.801535  0.866035  0.193639  0.732588  0.863591  0.930484  0.888299  0.779247  0.795949  0.713074  0.840876  0.773124  0.910314  0.871598  0.816856  0.764450  0.821392  0.780979  0.845108  0.766394  0.802657  0.790324  0.871662  0.828376  0.733218  0.804491  0.786814  0.803626  0.852963  0.814063  0.727583  0.862598  0.877393  0.814292  0.761335  0.958300  0.900837  0.812041 
17  0.866749  0.405616  0.230554  0.695151  0.588090  0.379652  0.228645  0.271490  0.883232  0.640360  0.744489  0.192374  0.802331  0.765371  0.290219  0.627910  0.701308 0.0  0.893473  0.677605  0.826331  0.853379  0.795461  0.391434  0.797161  0.893067  0.864045  0.850234  0.692965  0.835849  0.530330  0.192011  0.847055  0.573559  0.759287  0.733686  0.923554  0.800496  0.811944  0.911461  0.258804  0.848003  0.824252  0.854694  0.920100  0.698754  0.928770  0.879975  0.742145  0.892557  0.691093  0.608237  0.801874  0.826685  0.791693  0.697452  0.974736  0.939224  0.290367  0.755954 
18  0.486289  0.816877  0.851396  0.243443  0.544461  0.806695  0.870734  0.877772  0.541980  0.617133  0.755066  0.740824  0.608866  0.469095  0.817942  0.918641  0.909979  0.893473 0.0  0.601656  0.859979  0.575616  0.675755  0.685288  0.886725  0.437093  0.488463  0.300328  0.819420  0.661191  0.787226  0.798044  0.502620  0.690710  0.600407  0.670034  0.657823  0.503024  0.473632  0.658613  0.797754  0.706820  0.508279  0.439462  0.441391  0.751417  0.418913  0.367591  0.558378  0.610181  0.489210  0.791372  0.604106  0.133984  0.617249  0.482701  0.251892  0.641178  0.753572  0.856175 
19  0.633376  0.782214  0.668825  0.548512  0.553842  0.720144  0.648461  0.675830  0.599629  0.583111  0.684483  0.684234  0.654976  0.543489  0.614985  0.666339  0.719599  0.677605  0.601656 0.0  0.623535  0.532478  0.702236  0.774573  0.756837  0.661376  0.737354  0.681680  0.572768  0.755065  0.606540  0.636870  0.538816  0.606281  0.700213  0.552393  0.630343  0.572806  0.573241  0.502490  0.705972  0.568544  0.572558  0.621490  0.617304  0.554676  0.629203  0.718281  0.588055  0.634245  0.678543  0.545492  0.613709  0.644356  0.521394  0.607867  0.575584  0.641090  0.552672  0.504351 
20  0.868291  0.761598  0.631789  0.866045  0.563204  0.884764  0.699337  0.691059  0.847367  0.564053  0.862383  0.697707  0.823013  0.862997  0.846991  0.123079  0.820016  0.826331  0.859979  0.623535 0.0  0.841118  0.891305  0.899392  0.715669  0.873802  0.899000  0.842465  0.628117  0.815453  0.840958  0.755214  0.704100  0.757263  0.867110  0.630523  0.813794  0.944544  0.800209  0.675686  0.717026  0.715935  0.617136  0.791993  0.816338  0.666812  0.776688  0.768782  0.629127  0.665996  0.736643  0.208685  0.820731  0.870207  0.620764  0.618915  0.789877  0.778161  0.821467  0.303799 
21  0.684705  0.812263  0.769388  0.525896  0.545142  0.931284  0.855539  0.741129  0.372537  0.677652  0.736813  0.898860  0.364336  0.522684  0.677082  0.784180  0.891944  0.853379  0.575616  0.532478  0.841118 0.0  0.695707  0.789333  0.772975  0.661896  0.619462  0.575651  0.751910  0.233080  0.742918  0.806183  0.243133  0.825547  0.305409  0.739256  0.216969  0.668028  0.448482  0.470111  0.829158  0.431440  0.555052  0.639036  0.660711  0.687825  0.648440  0.600203  0.547127  0.585135  0.485865  0.813535  0.277265  0.565368  0.714149  0.513600  0.622324  0.269899  0.846978  0.508441 
22  0.692191  0.754993  0.721350  0.623645  0.484115  0.727955  0.763420  0.731306  0.711646  0.624926  0.465978  0.815778  0.713049  0.692073  0.610373  0.702832  0.801535  0.795461  0.675755  0.702236  0.891305  0.695707 0.0  0.748664  0.788001  0.792520  0.750545  0.687058  0.796413  0.776257  0.802480  0.779838  0.693992  0.723186  0.665914  0.785241  0.649654  0.748882  0.777111  0.720830  0.777309  0.687297  0.738742  0.639196  0.672481  0.706716  0.668927  0.624221  0.717953  0.758695  0.796650  0.661804  0.667018  0.722882  0.760288  0.665194  0.785197  0.737406  0.713985  0.830919 
23  0.753679  0.152118  0.360421  0.821009  0.669079  0.463895  0.270226  0.369340  0.727710  0.661017  0.666752  0.305521  0.677558  0.778574  0.347846  0.765374  0.866035  0.391434  0.685288  0.774573  0.899392  0.789333  0.748664 0.0  0.852441  0.781311  0.784600  0.836300  0.776246  0.726489  0.529775  0.348478  0.770511  0.628968  0.797907  0.692004  0.850387  0.912910  0.851091  0.793800  0.372037  0.913359  0.848187  0.728273  0.797464  0.769012  0.696883  0.672104  0.677193  0.777717  0.707594  0.739367  0.790023  0.789105  0.775080  0.735893  0.812448  0.843397  0.338972  0.737029 
24  0.852333  0.878680  0.737230  0.855739  0.748946  0.844723  0.715835  0.800823  0.918417  0.742310  0.796233  0.728434  0.862929  0.814133  0.823884  0.851136  0.193639  0.797161  0.886725  0.756837  0.715669  0.772975  0.788001  0.852441 0.0  0.929425  0.952648  0.769114  0.716445  0.852888  0.961565  0.710353  0.931024  0.785473  0.841218  0.805969  0.821021  0.814058  0.754687  0.775980  0.799050  0.779278  0.809719  0.765225  0.751122  0.805585  0.943465  0.843039  0.821057  0.763151  0.823580  0.623871  0.868712  0.865352  0.700278  0.776317  0.806967  0.939973  0.709708  0.665890 
25  0.235479  0.839365  0.811662  0.413697  0.641192  0.796395  0.862743  0.806519  0.660783  0.615993  0.752173  0.806606  0.497180  0.556347  0.748263  0.871861  0.732588  0.893067  0.437093  0.661376  0.873802  0.661896  0.792520  0.781311  0.929425 0.0  0.190663  0.424709  0.817258  0.520769  0.762665  0.779249  0.569354  0.762110  0.576847  0.614288  0.617148  0.500693  0.500392  0.585115  0.855222  0.556181  0.537817  0.185749  0.455559  0.829604  0.338211  0.161125  0.551906  0.540169  0.518275  0.816479  0.526571  0.551664  0.639629  0.532126  0.484481  0.561482  0.835658  0.752589 
26  0.249540  0.868025  0.862468  0.398406  0.559646  0.818836  0.816074  0.762831  0.625447  0.606508  0.804327  0.890021  0.518430  0.475076  0.830554  0.877339  0.863591  0.864045  0.488463  0.737354  0.899000  0.619462  0.750545  0.784600  0.952648  0.190663 0.0  0.325422  0.741081  0.695121  0.755477  0.770718  0.575781  0.771505  0.546409  0.780850  0.659388  0.333832  0.578771  0.824598  0.782937  0.582222  0.600596  0.295306  0.426939  0.809876  0.399442  0.217385  0.570628  0.609715  0.461225  0.734423  0.511956  0.370298  0.567738  0.530174  0.477373  0.574649  0.716318  0.772882 
27  0.564842  0.753460  0.871465  0.128311  0.710968  0.841081  0.864637  0.844558  0.688990  0.775112  0.757271  0.870257  0.616253  0.468617  0.875281  0.891418  0.930484  0.850234  0.300328  0.681680  0.842465  0.575651  0.687058  0.836300  0.769114  0.424709  0.325422 0.0  0.823798  0.555149  0.832291  0.879771  0.584322  0.766943  0.551016  0.854183  0.586616  0.432985  0.637803  0.640648  0.852340  0.781488  0.618470  0.549747  0.514918  0.780808  0.426977  0.461744  0.630511  0.525032  0.448230  0.885877  0.648203  0.391860  0.680640  0.470456  0.340955  0.687498  0.806379  0.825336 
28  0.690698  0.780850  0.678415  0.628443  0.574729  0.773786  0.785344  0.715689  0.748078  0.541602  0.694263  0.698861  0.754039  0.727671  0.759468  0.706283  0.888299  0.692965  0.819420  0.572768  0.628117  0.751910  0.796413  0.776246  0.716445  0.817258  0.741081  0.823798 0.0  0.765584  0.750238  0.632694  0.852777  0.760617  0.650790  0.468433  0.796683  0.830584  0.713895  0.610768  0.774067  0.723846  0.740033  0.776239  0.724929  0.327299  0.820333  0.718639  0.724020  0.727023  0.773258  0.670289  0.809011  0.889607  0.598896  0.757403  0.841557  0.777478  0.724966  0.691328 
29  0.680302  0.705705  0.855588  0.429619  0.478418  0.902301  0.847889  0.702077  0.287298  0.597190  0.733142  0.832952  0.439601  0.522707  0.897720  0.802003  0.779247  0.835849  0.661191  0.755065  0.815453  0.233080  0.776257  0.726489  0.852888  0.520769  0.695121  0.555149  0.765584 0.0  0.883389  0.791226  0.376370  0.848418  0.359616  0.543832  0.281016  0.630562  0.371629  0.473688  0.848031  0.412253  0.602602  0.583602  0.665683  0.769934  0.579410  0.624843  0.570608  0.585055  0.352899  0.648110  0.371440  0.585949  0.654242  0.575894  0.673340  0.300962  0.796449  0.612015 
30  0.799835  0.516338  0.606613  0.777012  0.618426  0.549254  0.495365  0.622598  0.846363  0.612620  0.718967  0.450388  0.800815  0.751234  0.618788  0.879433  0.795949  0.530330  0.787226  0.606540  0.840958  0.742918  0.802480  0.529775  0.961565  0.762665  0.755477  0.832291  0.750238  0.883389 0.0  0.615901  0.784906  0.453449  0.853139  0.820929  0.816470  0.752262  0.634428  0.770188  0.646076  0.748813  0.778373  0.699147  0.918468  0.755441  0.749606  0.795644  0.759360  0.744771  0.796080  0.798963  0.829898  0.856215  0.772257  0.840927  0.756668  0.803937  0.512573  0.766265 
31  0.870483  0.433115  0.155968  0.790925  0.673071  0.279837  0.248523  0.333251  0.858508  0.623471  0.812967  0.256406  0.768717  0.790123  0.331804  0.825535  0.713074  0.192011  0.798044  0.636870  0.755214  0.806183  0.779838  0.348478  0.710353  0.779249  0.770718  0.879771  0.632694  0.791226  0.615901 0.0  0.845398  0.517387  0.912201  0.716268  0.811768  0.848279  0.794987  0.842172  0.215799  0.831568  0.866195  0.850415  0.932392  0.680525  0.880335  0.742657  0.643965  0.815214  0.792567  0.766438  0.790597  0.948261  0.732690  0.855777  0.786566  1.000000  0.232642  0.606667 
32  0.679399  0.750332  0.871950  0.484571  0.585024  0.843446  0.799849  0.831987  0.319394  0.588745  0.739369  0.705018  0.396823  0.450774  0.743504  0.725200  0.840876  0.847055  0.502620  0.538816  0.704100  0.243133  0.693992  0.770511  0.931024  0.569354  0.575781  0.584322  0.852777  0.376370  0.784906  0.845398 0.0  0.791182  0.337358  0.717014  0.193120  0.704097  0.389778  0.444434  0.813308  0.478874  0.479199  0.654668  0.633669  0.784140  0.566489  0.632652  0.537986  0.575167  0.293154  0.770979  0.317331  0.592859  0.547203  0.518834  0.611198  0.254133  0.768336  0.605103 
33  0.811454  0.624250  0.517207  0.626074  0.460993  0.640212  0.561940  0.585732  0.716795  0.639158  0.724880  0.540129  0.718460  0.754131  0.467355  0.843925  0.773124  0.573559  0.690710  0.606281  0.757263  0.825547  0.723186  0.628968  0.785473  0.762110  0.771505  0.766943  0.760617  0.848418  0.453449  0.517387  0.791182 0.0  0.742078  0.728845  0.735410  0.832226  0.741265  0.796687  0.533131  0.731077  0.809082  0.821311  0.727450  0.768778  0.748407  0.743196  0.843486  0.854514  0.819976  0.830632  0.679404  0.752338  0.830209  0.832702  0.810740  0.798868  0.532637  0.728843 
34  0.615979  0.899055  0.828201  0.570036  0.610909  0.841626  0.816992  0.850630  0.181126  0.589679  0.766542  0.830845  0.329120  0.493530  0.722717  0.796240  0.910314  0.759287  0.600407  0.700213  0.867110  0.305409  0.665914  0.797907  0.841218  0.576847  0.546409  0.551016  0.650790  0.359616  0.853139  0.912201  0.337358  0.742078 0.0  0.675235  0.386454  0.681450  0.361675  0.456837  0.820163  0.472899  0.588287  0.478049  0.638876  0.810899  0.485393  0.559953  0.533122  0.603665  0.417834  0.882814  0.163007  0.513819  0.609717  0.501379  0.714709  0.434422  0.816489  0.627131 
35  0.750577  0.738114  0.635518  0.757314  0.662424  0.629485  0.653876  0.655058  0.696410  0.605584  0.794715  0.621154  0.633292  0.756835  0.707366  0.675334  0.871598  0.733686  0.670034  0.552393  0.630523  0.739256  0.785241  0.692004  0.805969  0.614288  0.780850  0.854183  0.468433  0.543832  0.820929  0.716268  0.717014  0.728845  0.675235 0.0  0.663125  0.730986  0.724187  0.686339  0.708688  0.720687  0.711806  0.631894  0.729736  0.335747  0.706328  0.676303  0.655902  0.720839  0.705715  0.644621  0.682017  0.814186  0.602832  0.669884  0.792552  0.766092  0.643514  0.621197 
36  0.674305  0.838243  0.733486  0.568050  0.511511  0.774197  0.809236  0.813115  0.248266  0.668880  0.664424  0.780352  0.417068  0.404493  0.809644  0.783123  0.816856  0.923554  0.657823  0.630343  0.813794  0.216969  0.649654  0.850387  0.821021  0.617148  0.659388  0.586616  0.796683  0.281016  0.816470  0.811768  0.193120  0.735410  0.386454  0.663125 0.0  0.543229  0.418099  0.506054  0.912095  0.373528  0.652318  0.595292  0.557920  0.675288  0.678972  0.638195  0.438295  0.533726  0.345459  0.818459  0.186922  0.562021  0.664062  0.461373  0.536397  0.148515  0.747154  0.578609 
37  0.540940  0.826071  0.851683  0.365724  0.479986  0.816089  0.736247  0.823430  0.505831  0.631961  0.686121  0.890057  0.536846  0.448630  0.849381  0.895486  0.764450  0.800496  0.503024  0.572806  0.944544  0.668028  0.748882  0.912910  0.814058  0.500693  0.333832  0.432985  0.830584  0.630562  0.752262  0.848279  0.704097  0.832226  0.681450  0.730986  0.543229 0.0  0.472685  0.686141  0.792085  0.688631  0.501264  0.404057  0.321549  0.857128  0.192938  0.488132  0.499277  0.615180  0.449455  0.787522  0.543815  0.386258  0.670263  0.559499  0.423164  0.699905  0.680999  0.689082 
38  0.554826  0.845975  0.858075  0.513055  0.618558  0.755913  0.858946  0.800972  0.410290  0.525551  0.682543  0.771344  0.298374  0.433175  0.796513  0.926549  0.821392  0.811944  0.473632  0.573241  0.800209  0.448482  0.777111  0.851091  0.754687  0.500392  0.578771  0.637803  0.713895  0.371629  0.634428  0.794987  0.389778  0.741265  0.361675  0.724187  0.418099  0.472685 0.0  0.309498  0.887359  0.298062  0.519065  0.576994  0.611859  0.729678  0.551503  0.563996  0.522727  0.618306  0.575053  0.885695  0.331844  0.403260  0.573774  0.562977  0.589856  0.376127  0.864923  0.616889 
39  0.669914  0.826506  0.943021  0.702179  0.690861  0.972636  0.881333  0.845018  0.505590  0.585288  0.714585  0.782277  0.402496  0.619216  0.852064  0.718726  0.780979  0.911461  0.658613  0.502490  0.675686  0.470111  0.720830  0.793800  0.775980  0.585115  0.824598  0.640648  0.610768  0.473688  0.770188  0.842172  0.444434  0.796687  0.456837  0.686339  0.506054  0.686141  0.309498 0.0  0.877893  0.123853  0.528558  0.688422  0.666834  0.646922  0.642231  0.652728  0.504602  0.689122  0.632490  0.661342  0.518835  0.754229  0.576915  0.459151  0.711926  0.476396  0.775813  0.465043 
40  0.885660  0.322489  0.190717  0.807210  0.570136  0.377393  0.295395  0.257877  0.909668  0.672595  0.771797  0.293904  0.712992  0.690401  0.438308  0.717510  0.845108  0.258804  0.797754  0.705972  0.717026  0.829158  0.777309  0.372037  0.799050  0.855222  0.782937  0.852340  0.774067  0.848031  0.646076  0.215799  0.813308  0.533131  0.820163  0.708688  0.912095  0.792085  0.887359  0.877893 0.0  0.828453  0.752989  0.829705  0.832610  0.783000  0.797446  0.741676  0.708023  0.738895  0.777453  0.681384  0.906775  0.825329  0.762755  0.736778  0.789723  0.814820  0.411203  0.700281 
41  0.650488  0.842729  0.860419  0.556867  0.634549  0.797561  0.833690  0.774506  0.373332  0.599756  0.756784  0.858156  0.419780  0.576421  0.892717  0.860309  0.766394  0.848003  0.706820  0.568544  0.715935  0.431440  0.687297  0.913359  0.779278  0.556181  0.582222  0.781488  0.723846  0.412253  0.748813  0.831568  0.478874  0.731077  0.472899  0.720687  0.373528  0.688631  0.298062  0.123853  0.828453 0.0  0.581982  0.595686  0.720035  0.736293  0.605251  0.586141  0.471185  0.656655  0.571956  0.688853  0.427431  0.594452  0.528062  0.579450  0.628138  0.421202  0.822780  0.594332 
42  0.564926  0.730629  0.843320  0.482812  0.577731  0.842308  0.942527  0.844751  0.537939  0.527752  0.785497  0.843690  0.508657  0.609959  0.785011  0.619741  0.802657  0.824252  0.508279  0.572558  0.617136  0.555052  0.738742  0.848187  0.809719  0.537817  0.600596  0.618470  0.740033  0.602602  0.778373  0.866195  0.479199  0.809082  0.588287  0.711806  0.652318  0.501264  0.519065  0.528558  0.752989  0.581982 0.0  0.568677  0.643490  0.623878  0.627454  0.529907  0.384798  0.295667  0.498560  0.543328  0.567581  0.527795  0.398644  0.302333  0.548349  0.511400  0.833483  0.806662 
43  0.169434  0.737153  0.804277  0.397188  0.574587  0.834079  0.769539  0.761659  0.609161  0.590301  0.713527  0.804860  0.504703  0.618619  0.860015  0.840644  0.790324  0.854694  0.439462  0.621490  0.791993  0.639036  0.639196  0.728273  0.765225  0.185749  0.295306  0.549747  0.776239  0.583602  0.699147  0.850415  0.654668  0.821311  0.478049  0.631894  0.595292  0.404057  0.576994  0.688422  0.829705  0.595686  0.568677 0.0  0.401574  0.785803  0.437352  0.322681  0.583396  0.657025  0.461286  0.836012  0.532987  0.260114  0.843689  0.433711  0.501974  0.469686  0.826240  0.799277 
44  0.385556  0.746341  0.834779  0.432077  0.606486  0.877357  0.787266  0.811045  0.646394  0.597991  0.685847  0.878770  0.548681  0.425553  0.722078  0.854970  0.871662  0.920100  0.441391  0.617304  0.816338  0.660711  0.672481  0.797464  0.751122  0.455559  0.426939  0.514918  0.724929  0.665683  0.918468  0.932392  0.633669  0.727450  0.638876  0.729736  0.557920  0.321549  0.611859  0.666834  0.832610  0.720035  0.643490  0.401574 0.0  0.780620  0.178885  0.492810  0.600908  0.559438  0.480252  0.791871  0.611347  0.397667  0.602227  0.430672  0.366182  0.618658  0.632408  0.726908 
45  0.759659  0.677996  0.671500  0.771726  0.581129  0.751545  0.840306  0.753250  0.794715  0.531860  0.786227  0.755239  0.696562  0.667196  0.651492  0.713998  0.828376  0.698754  0.751417  0.554676  0.666812  0.687825  0.706716  0.769012  0.805585  0.829604  0.809876  0.780808  0.327299  0.769934  0.755441  0.680525  0.784140  0.768778  0.810899  0.335747  0.675288  0.857128  0.729678  0.646922  0.783000  0.736293  0.623878  0.785803  0.780620 0.0  0.874507  0.746693  0.786183  0.677124  0.779840  0.702018  0.679737  0.817987  0.692981  0.708525  0.773641  0.668330  0.780001  0.637615 
46  0.423234  0.789419  0.828483  0.304219  0.679434  0.660650  0.783220  0.853388  0.481491  0.662838  0.739870  0.864967  0.543108  0.472074  0.831592  0.836276  0.733218  0.928770  0.418913  0.629203  0.776688  0.648440  0.668927  0.696883  0.943465  0.338211  0.399442  0.426977  0.820333  0.579410  0.749606  0.880335  0.566489  0.748407  0.485393  0.706328  0.678972  0.192938  0.551503  0.642231  0.797446  0.605251  0.627454  0.437352  0.178885  0.874507 0.0  0.329028  0.533834  0.600614  0.575029  0.845225  0.657609  0.490621  0.577292  0.579249  0.357079  0.633841  0.835983  0.851981 
47  0.320820  0.776845  0.843483  0.367684  0.590741  0.803683  0.776514  0.798117  0.674558  0.731004  0.775836  0.812689  0.511489  0.570127  0.818560  0.858598  0.804491  0.879975  0.367591  0.718281  0.768782  0.600203  0.624221  0.672104  0.843039  0.161125  0.217385  0.461744  0.718639  0.624843  0.795644  0.742657  0.632652  0.743196  0.559953  0.676303  0.638195  0.488132  0.563996  0.652728  0.741676  0.586141  0.529907  0.322681  0.492810  0.746693  0.329028 0.0  0.567361  0.532081  0.529018  0.812445  0.588669  0.506747  0.532477  0.553762  0.476874  0.647996  0.800150  0.829432 
48  0.553165  0.670216  0.723273  0.500822  0.712635  0.696328  0.738093  0.706688  0.412676  0.691333  0.619470  0.759312  0.571406  0.469453  0.730239  0.546189  0.786814  0.742145  0.558378  0.588055  0.629127  0.547127  0.717953  0.677193  0.821057  0.551906  0.570628  0.630511  0.724020  0.570608  0.759360  0.643965  0.537986  0.843486  0.533122  0.655902  0.438295  0.499277  0.522727  0.504602  0.708023  0.471185  0.384798  0.583396  0.600908  0.786183  0.533834  0.567361 0.0  0.288412  0.410794  0.606498  0.565375  0.598684  0.445493  0.347548  0.557138  0.636172  0.717062  0.571661 
49  0.600056  0.829873  0.807224  0.465777  0.632832  0.823291  0.784079  0.897427  0.474567  0.648224  0.767510  0.750857  0.523069  0.578586  0.872366  0.578288  0.803626  0.892557  0.610181  0.634245  0.665996  0.585135  0.758695  0.777717  0.763151  0.540169  0.609715  0.525032  0.727023  0.585055  0.744771  0.815214  0.575167  0.854514  0.603665  0.720839  0.533726  0.615180  0.618306  0.689122  0.738895  0.656655  0.295667  0.657025  0.559438  0.677124  0.600614  0.532081  0.288412 0.0  0.603046  0.505395  0.583989  0.641640  0.449737  0.362087  0.650906  0.588846  0.774370  0.639612 
50  0.381173  0.806595  0.746323  0.526890  0.645484  0.872715  0.764399  0.801643  0.329575  0.594635  0.778127  0.727938  0.532658  0.315085  0.811441  0.768175  0.852963  0.691093  0.489210  0.678543  0.736643  0.485865  0.796650  0.707594  0.823580  0.518275  0.461225  0.448230  0.773258  0.352899  0.796080  0.792567  0.293154  0.819976  0.417834  0.705715  0.345459  0.449455  0.575053  0.632490  0.777453  0.571956  0.498560  0.461286  0.480252  0.779840  0.575029  0.529018  0.410794  0.603046 0.0  0.747729  0.516624  0.621085  0.536157  0.454063  0.392397  0.559977  0.788333  0.792921 
51  0.779590  0.914584  0.753888  0.775692  0.627549  0.817986  0.748649  0.837912  0.779508  0.669799  0.817101  0.765213  0.884134  0.784217  0.776807  0.225925  0.814063  0.608237  0.791372  0.545492  0.208685  0.813535  0.661804  0.739367  0.623871  0.816479  0.734423  0.885877  0.670289  0.648110  0.798963  0.766438  0.770979  0.830632  0.882814  0.644621  0.818459  0.787522  0.885695  0.661342  0.681384  0.688853  0.543328  0.836012  0.791871  0.702018  0.845225  0.812445  0.606498  0.505395  0.747729 0.0  0.908531  0.836722  0.605862  0.663768  0.802944  0.807673  0.788662  0.453224 
52  0.541650  0.800981  0.843240  0.610076  0.582525  0.801670  0.896849  0.867985  0.170584  0.768621  0.652418  0.746760  0.384488  0.559654  0.826244  0.880853  0.727583  0.801874  0.604106  0.613709  0.820731  0.277265  0.667018  0.790023  0.868712  0.526571  0.511956  0.648203  0.809011  0.371440  0.829898  0.790597  0.317331  0.679404  0.163007  0.682017  0.186922  0.543815  0.331844  0.518835  0.906775  0.427431  0.567581  0.532987  0.611347  0.679737  0.657609  0.588669  0.565375  0.583989  0.516624  0.908531 0.0  0.670729  0.601419  0.408797  0.625288  0.287072  0.809085  0.620128 
53  0.446508  0.867283  0.835271  0.264614  0.541558  0.847932  0.855853  0.841808  0.534945  0.700783  0.672855  0.812384  0.500715  0.486006  0.728526  0.817228  0.862598  0.826685  0.133984  0.644356  0.870207  0.565368  0.722882  0.789105  0.865352  0.551664  0.370298  0.391860  0.889607  0.585949  0.856215  0.948261  0.592859  0.752338  0.513819  0.814186  0.562021  0.386258  0.403260  0.754229  0.825329  0.594452  0.527795  0.260114  0.397667  0.817987  0.490621  0.506747  0.598684  0.641640  0.621085  0.836722  0.670729 0.0  0.642251  0.575133  0.219438  0.665559  0.919274  0.780270 
54  0.655119  0.862282  0.851766  0.665216  0.519038  0.896942  0.865987  0.814562  0.566270  0.565947  0.657295  0.838292  0.546459  0.622497  0.819927  0.570574  0.877393  0.791693  0.617249  0.521394  0.620764  0.714149  0.760288  0.775080  0.700278  0.639629  0.567738  0.680640  0.598896  0.654242  0.772257  0.732690  0.547203  0.830209  0.609717  0.602832  0.664062  0.670263  0.573774  0.576915  0.762755  0.528062  0.398644  0.843689  0.602227  0.692981  0.577292  0.532477  0.445493  0.449737  0.536157  0.605862  0.601419  0.642251 0.0  0.379012  0.574268  0.613397  0.793015  0.661948 
55  0.548561  0.781060  0.793833  0.567107  0.552409  0.794090  0.748836  0.778603  0.519022  0.598332  0.786160  0.716060  0.520772  0.642453  0.758924  0.667641  0.814292  0.697452  0.482701  0.607867  0.618915  0.513600  0.665194  0.735893  0.776317  0.532126  0.530174  0.470456  0.757403  0.575894  0.840927  0.855777  0.518834  0.832702  0.501379  0.669884  0.461373  0.559499  0.562977  0.459151  0.736778  0.579450  0.302333  0.433711  0.430672  0.708525  0.579249  0.553762  0.347548  0.362087  0.454063  0.663768  0.408797  0.575133  0.379012 0.0  0.410494  0.540280  0.761144  0.630873 
56  0.365179  0.729577  0.825890  0.213230  0.513501  0.796682  0.845677  0.768289  0.499903  0.603197  0.792498  0.843072  0.673794  0.505375  0.850637  0.681807  0.761335  0.974736  0.251892  0.575584  0.789877  0.622324  0.785197  0.812448  0.806967  0.484481  0.477373  0.340955  0.841557  0.673340  0.756668  0.786566  0.611198  0.810740  0.714709  0.792552  0.536397  0.423164  0.589856  0.711926  0.789723  0.628138  0.548349  0.501974  0.366182  0.773641  0.357079  0.476874  0.557138  0.650906  0.392397  0.802944  0.625288  0.219438  0.574268  0.410494 0.0  0.604265  0.807922  0.724241 
57  0.488189  0.842809  0.917325  0.498876  0.569992  0.835683  0.918775  0.803467  0.290212  0.552516  0.619878  0.879890  0.332110  0.523986  0.798398  0.819502  0.958300  0.939224  0.641178  0.641090  0.778161  0.269899  0.737406  0.843397  0.939973  0.561482  0.574649  0.687498  0.777478  0.300962  0.803937  1.000000  0.254133  0.798868  0.434422  0.766092  0.148515  0.699905  0.376127  0.476396  0.814820  0.421202  0.511400  0.469686  0.618658  0.668330  0.633841  0.647996  0.636172  0.588846  0.559977  0.807673  0.287072  0.665559  0.613397  0.540280  0.604265 0.0  0.772575  0.474980 
58  0.763019  0.428555  0.313178  0.763392  0.497558  0.276667  0.264899  0.217131  0.745425  0.597698  0.668878  0.183764  0.784012  0.770898  0.306024  0.859486  0.900837  0.290367  0.753572  0.552672  0.821467  0.846978  0.713985  0.338972  0.709708  0.835658  0.716318  0.806379  0.724966  0.796449  0.512573  0.232642  0.768336  0.532637  0.816489  0.643514  0.747154  0.680999  0.864923  0.775813  0.411203  0.822780  0.833483  0.826240  0.632408  0.780001  0.835983  0.800150  0.717062  0.774370  0.788333  0.788662  0.809085  0.919274  0.793015  0.761144  0.807922  0.772575 0.0  0.656383 
59  0.728045  0.750300  0.676146  0.705805  0.575790  0.759590  0.773739  0.764369  0.589756  0.588810  0.783763  0.694435  0.477592  0.709810  0.779508  0.417269  0.812041  0.755954  0.856175  0.504351  0.303799  0.508441  0.830919  0.737029  0.665890  0.752589  0.772882  0.825336  0.691328  0.612015  0.766265  0.606667  0.605103  0.728843  0.627131  0.621197  0.578609  0.689082  0.616889  0.465043  0.700281  0.594332  0.806662  0.799277  0.726908  0.637615  0.851981  0.829432  0.571661  0.639612  0.792921  0.453224  0.620128  0.780270  0.661948  0.630873  0.724241  0.474980  0.656383 0.0 
