60
0 0.0  0.666550  0.888603  0.323597  0.453947  0.692741  0.763769  0.666204  0.492517  0.565234  0.613839  0.783061  0.478657  0.492363  0.758363  0.766786  0.789745  0.803705  0.422331  0.628587  0.724774  0.537838  0.628373  0.716493  0.868072  0.167725  0.187037  0.407305  0.798449  0.445166  0.620237  0.825075  0.596117  0.809200  0.504404  0.702706  0.551486  0.357962  0.514386  0.551957  0.910660  0.537435  0.470855  0.253631  0.427909  0.822721  0.372178  0.278728  0.513115  0.557202  0.444703  0.904827  0.588760  0.423406  0.529065  0.467450  0.386087  0.514102  0.703798  0.777860 
1  0.666550 0.0  0.287619  0.703117  0.570079  0.303432  0.279831  0.310800  0.646836  0.631236  0.658683  0.326978  0.716815  0.765985  0.337477  0.699209  0.756502  0.331203  0.738927  0.594901  0.831327  0.768347  0.722028  0.200479  0.746645  0.719758  0.718246  0.682422  0.712096  0.616512  0.478982  0.312184  0.656034  0.533177  0.817597  0.704969  0.867407  0.793751  0.905394  0.742848  0.291910  0.850238  0.686799  0.654715  0.792141  0.664479  0.682608  0.654461  0.839470  0.745880  0.739254  0.821378  0.761549  0.761685  0.772023  0.737267  0.747292  0.734987  0.328094  0.659778 
2  0.888603  0.287619 0.0  0.786210  0.565111  0.324392  0.266454  0.343335  0.917056  0.577803  0.625441  0.166930  0.666395  0.777459  0.260917  0.736151  0.752103  0.152585  0.804425  0.644599  0.725816  0.802481  0.769655  0.300551  0.690057  0.841330  0.806586  0.767224  0.617288  0.894862  0.522924  0.180147  0.970133  0.492512  0.749730  0.655159  0.708319  0.820562  0.789554  0.643354  0.183608  0.766546  0.859306  0.819193  0.748038  0.640533  0.887399  0.810909  0.721448  0.672911  0.741931  0.722315  0.781676  0.782484  0.771860  0.852135  0.815530  0.924436  0.235450  0.792874 
3  0.323597  0.703117  0.786210 0.0  0.567449  0.794730  0.815325  0.633314  0.478042  0.664201  0.618950  0.709085  0.528488  0.505612  0.669627  0.761092  0.779738  0.854394  0.249186  0.692514  0.775741  0.516302  0.627756  0.609858  0.633159  0.321380  0.339822  0.252035  0.742269  0.521053  0.645078  0.772772  0.464095  0.771389  0.434125  0.771350  0.462379  0.344617  0.471674  0.520091  0.749446  0.494734  0.483502  0.327552  0.330938  0.768939  0.402224  0.372198  0.530774  0.494986  0.473934  0.850897  0.452334  0.239152  0.483495  0.577656  0.242917  0.559821  0.847665  0.765208 
4  0.453947  0.570079  0.565111  0.567449 0.0  0.550412  0.636521  0.548788  0.509175  0.613028  0.578365  0.596361  0.550508  0.573686  0.577650  0.673525  0.621439  0.655449  0.584241  0.555620  0.722162  0.569114  0.560198  0.612490  0.630233  0.660261  0.526571  0.595235  0.565233  0.558529  0.491246  0.605792  0.486250  0.574499  0.647225  0.629876  0.552868  0.571544  0.521553  0.538187  0.550192  0.476960  0.595890  0.541220  0.553674  0.670114  0.507284  0.644587  0.575098  0.552926  0.541967  0.560950  0.623636  0.537449  0.597769  0.562194  0.534531  0.537136  0.581109  0.535010 
5  0.692741  0.303432  0.324392  0.794730  0.550412 0.0  0.313190  0.260056  0.721779  0.571974  0.706631  0.325484  0.731692  0.624078  0.258811  0.726667  0.755736  0.288298  0.753063  0.643572  0.817746  0.841243  0.670975  0.287442  0.736324  0.805307  0.637555  0.878241  0.692260  0.762509  0.493767  0.366654  0.914373  0.529809  0.836722  0.737349  0.854902  0.797276  0.773697  0.736403  0.367509  0.820375  0.610733  0.813380  0.898976  0.788212  0.729073  0.957952  0.637381  0.755018  0.651016  0.828218  0.649285  0.830957  0.741222  0.719624  0.840803  0.653285  0.270441  0.760452 
6  0.763769  0.279831  0.266454  0.815325  0.636521  0.313190 0.0  0.291839  0.959159  0.603014  0.670626  0.227594  0.739546  0.742857  0.226437  0.696828  0.813663  0.220668  0.920803  0.676861  0.678163  0.732689  0.711532  0.323501  0.889213  0.736197  0.786852  0.626518  0.721025  0.849237  0.457429  0.208490  0.707107  0.487637  0.813130  0.720088  0.790489  0.764470  0.798692  0.764851  0.254337  0.946439  0.755408  0.894200  0.866874  0.612271  0.839828  0.748234  0.582857  0.883409  0.800029  0.683267  0.844083  0.787094  0.801148  0.874628  0.668197  0.826824  0.192888  0.781089 
7  0.666204  0.310800  0.343335  0.633314  0.548788  0.260056  0.291839 0.0  0.774555  0.612114  0.700036  0.301218  0.716444  0.702483  0.195981  0.782232  0.713939  0.345729  0.788993  0.640514  0.742218  0.752535  0.626247  0.342139  0.874811  0.639798  0.695031  0.779547  0.776686  0.797215  0.474099  0.300468  0.678967  0.442999  0.729801  0.683744  0.805493  0.793298  0.813583  0.808504  0.295960  0.853933  0.656412  0.672613  0.848151  0.646260  0.752542  0.805963  0.724567  0.931781  0.740621  0.768156  0.787293  0.802705  0.724920  0.713778  0.878976  0.748200  0.241576  0.645352 
8  0.492517  0.646836  0.917056  0.478042  0.509175  0.721779  0.959159  0.774555 0.0  0.582587  0.684500  0.747470  0.403830  0.438688  0.712229  0.705962  0.758603  0.586790  0.536440  0.676161  0.716686  0.278627  0.565869  0.792207  0.820991  0.500483  0.532016  0.472856  0.823342  0.241117  0.613397  0.852830  0.301726  0.784171  0.171392  0.757679  0.242670  0.588714  0.334326  0.461676  0.696996  0.411648  0.423074  0.522728  0.534535  0.741783  0.537746  0.522329  0.506363  0.544579  0.379739  0.777298  0.170234  0.517866  0.566797  0.449924  0.502094  0.277072  0.846042  0.566162 
9  0.565234  0.631236  0.577803  0.664201  0.613028  0.571974  0.603014  0.612114  0.582587 0.0  0.586137  0.533059  0.584310  0.642720  0.707215  0.584339  0.675401  0.603913  0.659398  0.503839  0.596698  0.637497  0.659020  0.570990  0.757754  0.595597  0.552694  0.626656  0.543320  0.685041  0.604923  0.620456  0.599649  0.627030  0.580919  0.561645  0.573255  0.607715  0.602702  0.508118  0.639157  0.622789  0.561684  0.738029  0.608323  0.494791  0.657785  0.604652  0.560775  0.421982  0.592339  0.672200  0.560936  0.587382  0.502471  0.558269  0.629763  0.533553  0.612566  0.570890 
10  0.613839  0.658683  0.625441  0.618950  0.578365  0.706631  0.670626  0.700036  0.684500  0.586137 0.0  0.756635  0.627093  0.629365  0.599777  0.907876  1.000000  0.794009  0.671888  0.620269  0.717867  0.673611  0.423322  0.658421  0.908149  0.588722  0.633773  0.688581  0.836676  0.623297  0.688182  0.759674  0.632357  0.725176  0.651378  0.749884  0.697376  0.747434  0.673239  0.676916  0.684497  0.710540  0.762988  0.795500  0.637350  0.744271  0.688681  0.679669  0.596701  0.739590  0.679285  0.730829  0.698011  0.605912  0.743184  0.657131  0.652993  0.654396  0.599334  0.665250 
11  0.783061  0.326978  0.166930  0.709085  0.596361  0.325484  0.227594  0.301218  0.747470  0.533059  0.756635 0.0  0.748234  0.740430  0.292297  0.715760  0.704091  0.156427  0.754270  0.627959  0.700999  0.917010  0.671663  0.302332  0.756800  0.836066  0.768349  0.865821  0.665697  0.746003  0.518762  0.200967  0.662800  0.521728  0.781549  0.664499  0.737598  0.689584  0.888722  0.800875  0.227813  0.773078  0.793166  0.826967  0.959898  0.735513  0.883591  0.853306  0.775722  0.807557  0.745585  0.627132  0.750548  0.850841  0.789126  0.844122  0.838626  0.913426  0.236250  0.588301 
12  0.478657  0.716815  0.666395  0.528488  0.550508  0.731692  0.739546  0.716444  0.403830  0.584310  0.627093  0.748234 0.0  0.442771  0.813958  0.662730  0.861030  0.840405  0.618692  0.601187  0.909575  0.392287  0.696925  0.703338  0.951669  0.592777  0.508051  0.572902  0.720006  0.402963  0.789448  0.823535  0.326866  0.733147  0.355341  0.639749  0.333893  0.424179  0.351537  0.367400  0.723893  0.391928  0.445721  0.446329  0.526079  0.778963  0.421620  0.520220  0.449852  0.547388  0.485704  0.736271  0.391257  0.495704  0.566134  0.489187  0.578537  0.423324  0.754467  0.468258 
13  0.492363  0.765985  0.777459  0.505612  0.573686  0.624078  0.742857  0.702483  0.438688  0.642720  0.629365  0.740430  0.442771 0.0  0.755349  0.728989  0.877439  0.849579  0.445373  0.647790  0.746798  0.455324  0.550426  0.750357  0.691046  0.455361  0.465275  0.476712  0.755549  0.434166  0.754277  0.870827  0.412315  0.724999  0.456135  0.728649  0.379454  0.381059  0.508270  0.471592  0.795699  0.558193  0.442358  0.449175  0.516258  0.735861  0.474276  0.489658  0.460001  0.528006  0.214430  0.833828  0.428786  0.458713  0.522014  0.446610  0.465142  0.442871  0.800235  0.805678 
14  0.758363  0.337477  0.260917  0.669627  0.577650  0.258811  0.226437  0.195981  0.712229  0.707215  0.599777  0.292297  0.813958  0.755349 0.0  0.789589  0.696387  0.335817  0.750097  0.601590  0.695327  0.701020  0.672492  0.319740  0.880504  0.643704  0.707072  0.758900  0.653314  0.787599  0.457743  0.317545  0.736124  0.537423  0.746344  0.616494  0.773079  0.746791  0.745194  0.825645  0.313018  0.892911  0.735552  0.670249  0.873731  0.665155  0.757144  0.758779  0.657508  0.873534  0.766991  0.793449  0.723635  0.738224  0.706935  0.616570  0.774474  0.718778  0.272350  0.721340 
15  0.766786  0.699209  0.736151  0.761092  0.673525  0.726667  0.696828  0.782232  0.705962  0.584339  0.907876  0.715760  0.662730  0.728989  0.789589 0.0  0.678247  0.707074  0.794403  0.586346  0.201455  0.902435  0.786269  0.612867  0.746240  0.866915  0.701472  0.864772  0.665251  0.732225  0.722320  0.770795  0.822075  0.740590  0.840169  0.685725  0.778241  0.671438  0.845223  0.746382  0.675538  0.710370  0.591049  0.783369  0.810583  0.739475  0.720799  0.798085  0.558266  0.610632  0.717251  0.300293  0.723997  0.609580  0.474334  0.632109  0.744164  0.861233  0.750674  0.460435 
16  0.789745  0.756502  0.752103  0.779738  0.621439  0.755736  0.813663  0.713939  0.758603  0.675401  1.000000  0.704091  0.861030  0.877439  0.696387  0.678247 0.0  0.798454  0.756582  0.673986  0.744888  0.896985  0.784323  0.938278  0.145937  0.692904  0.726205  0.834615  0.754910  0.886655  0.747703  0.853206  0.904327  0.714029  0.880922  0.798004  0.788014  0.895584  0.855109  0.815764  0.852280  0.720788  0.716506  0.688670  0.952341  0.867520  0.730496  0.799141  0.832321  0.762291  0.902446  0.768132  0.847429  0.834260  0.775368  0.669934  0.862849  0.734274  0.778790  0.749006 
17  0.803705  0.331203  0.152585  0.854394  0.655449  0.288298  0.220668  0.345729  0.586790  0.603913  0.794009  0.156427  0.840405  0.849579  0.335817  0.707074  0.798454 0.0  0.788052  0.499098  0.725914  0.885772  0.759189  0.342596  0.696245  0.813994  0.769710  0.736012  0.707141  0.798414  0.546865  0.164245  0.810686  0.477748  0.860711  0.692766  0.850065  0.920375  0.805973  0.731688  0.191627  0.717630  0.751761  0.872937  0.975830  0.570504  0.963383  0.798544  0.736691  0.707910  0.743693  0.676280  0.886260  0.869647  0.793192  0.685734  0.966721  0.839093  0.221843  0.650752 
18  0.422331  0.738927  0.804425  0.249186  0.584241  0.753063  0.920803  0.788993  0.536440  0.659398  0.671888  0.754270  0.618692  0.445373  0.750097  0.794403  0.756582  0.788052 0.0  0.666134  0.794689  0.560169  0.720181  0.767070  0.704844  0.403665  0.385837  0.236001  0.844951  0.551531  0.779665  0.735823  0.541746  0.684258  0.602623  0.823696  0.546115  0.365732  0.513581  0.656961  0.908261  0.599666  0.525110  0.390329  0.406315  0.672224  0.353716  0.411372  0.526585  0.612394  0.505746  0.720280  0.521678  0.228409  0.614472  0.489285  0.159403  0.553298  0.704602  0.757844 
19  0.628587  0.594901  0.644599  0.692514  0.555620  0.643572  0.676861  0.640514  0.676161  0.503839  0.620269  0.627959  0.601187  0.647790  0.601590  0.586346  0.673986  0.499098  0.666134 0.0  0.464367  0.525893  0.580482  0.596774  0.809465  0.490096  0.614860  0.623731  0.575224  0.617671  0.593936  0.579353  0.511566  0.612091  0.659583  0.618522  0.575481  0.578028  0.543018  0.599582  0.560401  0.549612  0.597765  0.661818  0.590846  0.546517  0.560674  0.611315  0.569346  0.529412  0.518094  0.488958  0.592247  0.686338  0.476727  0.560345  0.506470  0.630234  0.530402  0.498531 
20  0.724774  0.831327  0.725816  0.775741  0.722162  0.817746  0.678163  0.742218  0.716686  0.596698  0.717867  0.700999  0.909575  0.746798  0.695327  0.201455  0.744888  0.725914  0.794689  0.464367 0.0  0.786678  0.726048  0.842466  0.823389  0.792400  0.853344  0.764426  0.615935  0.882112  0.834186  0.740974  0.696212  0.861870  0.707872  0.643528  0.657058  0.811380  0.844794  0.831017  0.780825  0.818507  0.601005  0.895515  0.769223  0.644898  0.771085  0.789352  0.579395  0.548779  0.850295  0.255234  0.593427  0.884551  0.558757  0.591949  0.926606  0.779993  0.688470  0.347328 
21  0.537838  0.768347  0.802481  0.516302  0.569114  0.841243  0.732689  0.752535  0.278627  0.637497  0.673611  0.917010  0.392287  0.455324  0.701020  0.902435  0.896985  0.885772  0.560169  0.525893  0.786678 0.0  0.681275  0.673067  0.857055  0.502688  0.543603  0.545251  0.773098  0.293060  0.799708  0.752913  0.252569  0.807277  0.258105  0.727687  0.243845  0.698021  0.326075  0.499703  0.981076  0.408621  0.474710  0.556723  0.544300  0.724024  0.566472  0.553277  0.478813  0.557570  0.443714  0.877510  0.241760  0.576551  0.543574  0.507622  0.537035  0.242872  0.649846  0.604710 
22  0.628373  0.722028  0.769655  0.627756  0.560198  0.670975  0.711532  0.626247  0.565869  0.659020  0.423322  0.671663  0.696925  0.550426  0.672492  0.786269  0.784323  0.759189  0.720181  0.580482  0.726048  0.681275 0.0  0.771182  0.709059  0.647929  0.673231  0.744992  0.757967  0.697962  0.710023  0.785175  0.705080  0.632525  0.573113  0.792791  0.653126  0.882622  0.778424  0.614197  0.603405  0.698099  0.692600  0.642527  0.684933  0.732593  0.559233  0.618635  0.628188  0.629700  0.720273  0.739077  0.683435  0.609644  0.754960  0.651073  0.500579  0.690939  0.676754  0.719902 
23  0.716493  0.200479  0.300551  0.609858  0.612490  0.287442  0.323501  0.342139  0.792207  0.570990  0.658421  0.302332  0.703338  0.750357  0.319740  0.612867  0.938278  0.342596  0.767070  0.596774  0.842466  0.673067  0.771182 0.0  0.789025  0.836401  0.735339  0.766720  0.777751  0.741815  0.556790  0.311476  0.719345  0.497590  0.765580  0.589468  0.722631  0.737269  0.771049  0.814369  0.356416  0.881677  0.766647  0.798324  0.758129  0.640375  0.763078  0.724338  0.730152  0.785641  0.779887  0.782962  0.769192  0.807757  0.720536  0.753512  0.879017  0.687980  0.300479  0.739785 
24  0.868072  0.746645  0.690057  0.633159  0.630233  0.736324  0.889213  0.874811  0.820991  0.757754  0.908149  0.756800  0.951669  0.691046  0.880504  0.746240  0.145937  0.696245  0.704844  0.809465  0.823389  0.857055  0.709059  0.789025 0.0  0.800866  0.823823  0.813205  0.818172  0.792998  0.764668  0.764364  0.875109  0.762214  0.719511  0.766610  0.810266  0.920790  0.788664  0.676317  0.727005  0.705746  0.678554  0.809288  0.726752  0.678402  0.817226  0.939776  0.630490  0.736664  0.714164  0.797194  0.830359  0.773641  0.817199  0.872270  0.891858  0.709422  0.762258  0.733580 
25  0.167725  0.719758  0.841330  0.321380  0.660261  0.805307  0.736197  0.639798  0.500483  0.595597  0.588722  0.836066  0.592777  0.455361  0.643704  0.866915  0.692904  0.813994  0.403665  0.490096  0.792400  0.502688  0.647929  0.836401  0.800866 0.0  0.159141  0.451924  0.726679  0.571125  0.588690  0.915265  0.595723  0.643701  0.504860  0.721773  0.505588  0.353126  0.534831  0.663501  0.908949  0.609059  0.483474  0.238307  0.365521  0.667166  0.395550  0.249044  0.539442  0.516268  0.414551  0.818568  0.521178  0.357917  0.605823  0.528527  0.403980  0.547647  0.745944  0.752133 
26  0.187037  0.718246  0.806586  0.339822  0.526571  0.637555  0.786852  0.695031  0.532016  0.552694  0.633773  0.768349  0.508051  0.465275  0.707072  0.701472  0.726205  0.769710  0.385837  0.614860  0.853344  0.543603  0.673231  0.735339  0.823823  0.159141 0.0  0.399437  0.772325  0.549595  0.899135  0.815397  0.604266  0.690757  0.502217  0.708783  0.515896  0.386796  0.490715  0.649998  0.853888  0.569723  0.490549  0.238750  0.423160  0.774460  0.331709  0.271304  0.536736  0.521652  0.428711  0.751845  0.531294  0.321879  0.653609  0.509874  0.406888  0.631262  0.782801  0.668327 
27  0.407305  0.682422  0.767224  0.252035  0.595235  0.878241  0.626518  0.779547  0.472856  0.626656  0.688581  0.865821  0.572902  0.476712  0.758900  0.864772  0.834615  0.736012  0.236001  0.623731  0.764426  0.545251  0.744992  0.766720  0.813205  0.451924  0.399437 0.0  0.828737  0.588824  0.560450  0.804923  0.523080  0.791349  0.605793  0.665027  0.545994  0.343220  0.414826  0.664955  0.749013  0.623632  0.555433  0.432465  0.415312  0.732528  0.365366  0.472928  0.516132  0.645890  0.435437  0.803695  0.545536  0.245759  0.578253  0.541859  0.262738  0.551052  0.727335  0.677777 
28  0.798449  0.712096  0.617288  0.742269  0.565233  0.692260  0.721025  0.776686  0.823342  0.543320  0.836676  0.665697  0.720006  0.755549  0.653314  0.665251  0.754910  0.707141  0.844951  0.575224  0.615935  0.773098  0.757967  0.777751  0.818172  0.726679  0.772325  0.828737 0.0  0.663103  0.744227  0.652574  0.780580  0.717178  0.672799  0.369537  0.730298  0.605202  0.763893  0.609221  0.703553  0.799884  0.758689  0.691996  0.686853  0.357175  0.707119  0.708510  0.603623  0.680100  0.786849  0.625194  0.684426  0.737882  0.636776  0.692076  0.764469  0.753819  0.785513  0.630254 
29  0.445166  0.616512  0.894862  0.521053  0.558529  0.762509  0.849237  0.797215  0.241117  0.685041  0.623297  0.746003  0.402963  0.434166  0.787599  0.732225  0.886655  0.798414  0.551531  0.617671  0.882112  0.293060  0.697962  0.741815  0.792998  0.571125  0.549595  0.588824  0.663103 0.0  0.712107  0.727288  0.295201  0.755665  0.289841  0.708390  0.313705  0.592852  0.284937  0.422402  0.775729  0.486120  0.426988  0.481236  0.582739  0.731473  0.577124  0.513866  0.575561  0.567942  0.481118  0.681738  0.292474  0.477984  0.571997  0.443324  0.545962  0.283733  0.828023  0.578402 
30  0.620237  0.478982  0.522924  0.645078  0.491246  0.493767  0.457429  0.474099  0.613397  0.604923  0.688182  0.518762  0.789448  0.754277  0.457743  0.722320  0.747703  0.546865  0.779665  0.593936  0.834186  0.799708  0.710023  0.556790  0.764668  0.588690  0.899135  0.560450  0.744227  0.712107 0.0  0.533372  0.785856  0.303212  0.817684  0.758541  0.681627  0.814701  0.789576  0.844653  0.489827  0.892899  0.751109  0.698151  0.792983  0.710745  0.713050  0.768939  0.763739  0.674073  0.658847  0.841240  0.666563  0.709381  0.920126  0.896330  0.800730  0.843100  0.448207  0.693187 
31  0.825075  0.312184  0.180147  0.772772  0.605792  0.366654  0.208490  0.300468  0.852830  0.620456  0.759674  0.200967  0.823535  0.870827  0.317545  0.770795  0.853206  0.164245  0.735823  0.579353  0.740974  0.752913  0.785175  0.311476  0.764364  0.915265  0.815397  0.804923  0.652574  0.727288  0.533372 0.0  0.776015  0.527210  0.774595  0.597645  0.905536  0.803915  0.784846  0.775214  0.134369  0.892795  0.787941  0.900510  0.753496  0.655207  0.819135  0.800164  0.688642  0.735125  0.742000  0.885164  0.801962  0.807449  0.679363  0.666401  0.904923  0.734159  0.228579  0.744455 
32  0.596117  0.656034  0.970133  0.464095  0.486250  0.914373  0.707107  0.678967  0.301726  0.599649  0.632357  0.662800  0.326866  0.412315  0.736124  0.822075  0.904327  0.810686  0.541746  0.511566  0.696212  0.252569  0.705080  0.719345  0.875109  0.595723  0.604266  0.523080  0.780580  0.295201  0.785856  0.776015 0.0  0.841977  0.289965  0.572554  0.215163  0.510247  0.359467  0.410344  0.912860  0.401568  0.505809  0.487927  0.506281  0.709331  0.516557  0.575938  0.557362  0.621362  0.450408  0.723155  0.260665  0.595393  0.468081  0.531507  0.510843  0.222856  0.841862  0.591492 
33  0.809200  0.533177  0.492512  0.771389  0.574499  0.529809  0.487637  0.442999  0.784171  0.627030  0.725176  0.521728  0.733147  0.724999  0.537423  0.740590  0.714029  0.477748  0.684258  0.612091  0.861870  0.807277  0.632525  0.497590  0.762214  0.643701  0.690757  0.791349  0.717178  0.755665  0.303212  0.527210  0.841977 0.0  0.705225  0.813343  0.738220  0.694300  0.812570  0.810490  0.524973  0.737830  0.852654  0.745078  0.811294  0.694471  0.694846  0.753187  0.748895  0.690312  0.726505  0.649927  0.812013  0.587872  0.719544  0.736653  0.587796  0.735352  0.602240  0.697390 
34  0.504404  0.817597  0.749730  0.434125  0.647225  0.836722  0.813130  0.729801  0.171392  0.580919  0.651378  0.781549  0.355341  0.456135  0.746344  0.840169  0.880922  0.860711  0.602623  0.659583  0.707872  0.258105  0.573113  0.765580  0.719511  0.504860  0.502217  0.605793  0.672799  0.289841  0.817684  0.774595  0.289965  0.705225 0.0  0.771811  0.256868  0.550572  0.323636  0.459583  0.826844  0.478006  0.457074  0.554193  0.540159  0.635260  0.476784  0.508511  0.515360  0.570515  0.411429  0.797795  0.152410  0.555354  0.539736  0.519959  0.555096  0.258030  0.824679  0.424296 
35  0.702706  0.704969  0.655159  0.771350  0.629876  0.737349  0.720088  0.683744  0.757679  0.561645  0.749884  0.664499  0.639749  0.728649  0.616494  0.685725  0.798004  0.692766  0.823696  0.618522  0.643528  0.727687  0.792791  0.589468  0.766610  0.721773  0.708783  0.665027  0.369537  0.708390  0.758541  0.597645  0.572554  0.813343  0.771811 0.0  0.743991  0.755770  0.751516  0.630793  0.610355  0.527467  0.685978  0.630686  0.669844  0.404333  0.630505  0.691503  0.608790  0.707243  0.701391  0.695458  0.760890  0.808152  0.550794  0.657422  0.697102  0.624141  0.619240  0.693308 
36  0.551486  0.867407  0.708319  0.462379  0.552868  0.854902  0.790489  0.805493  0.242670  0.573255  0.697376  0.737598  0.333893  0.379454  0.773079  0.778241  0.788014  0.850065  0.546115  0.575481  0.657058  0.243845  0.653126  0.722631  0.810266  0.505588  0.515896  0.545994  0.730298  0.313705  0.681627  0.905536  0.215163  0.738220  0.256868  0.743991 0.0  0.577097  0.312537  0.476985  0.804273  0.447491  0.420684  0.525565  0.506947  0.634942  0.526729  0.562000  0.531923  0.539881  0.473559  0.921749  0.260557  0.442378  0.648923  0.481658  0.518264  0.190394  0.687889  0.555204 
37  0.357962  0.793751  0.820562  0.344617  0.571544  0.797276  0.764470  0.793298  0.588714  0.607715  0.747434  0.689584  0.424179  0.381059  0.746791  0.671438  0.895584  0.920375  0.365732  0.578028  0.811380  0.698021  0.882622  0.737269  0.920790  0.353126  0.386796  0.343220  0.605202  0.592852  0.814701  0.803915  0.510247  0.694300  0.550572  0.755770  0.577097 0.0  0.533588  0.542995  0.847309  0.587455  0.569946  0.436299  0.197553  0.719900  0.219689  0.398048  0.524103  0.623804  0.477694  0.891024  0.595540  0.389961  0.636358  0.545519  0.353973  0.634391  0.845650  0.697292 
38  0.514386  0.905394  0.789554  0.471674  0.521553  0.773697  0.798692  0.813583  0.334326  0.602702  0.673239  0.888722  0.351537  0.508270  0.745194  0.845223  0.855109  0.805973  0.513581  0.543018  0.844794  0.326075  0.778424  0.771049  0.788664  0.534831  0.490715  0.414826  0.763893  0.284937  0.789576  0.784846  0.359467  0.812570  0.323636  0.751516  0.312537  0.533588 0.0  0.316717  0.809269  0.346500  0.436710  0.485264  0.527619  0.651968  0.556401  0.447578  0.533659  0.475997  0.474096  0.722679  0.344435  0.504496  0.506804  0.518552  0.526541  0.349747  0.738934  0.519284 
39  0.551957  0.742848  0.643354  0.520091  0.538187  0.736403  0.764851  0.808504  0.461676  0.508118  0.676916  0.800875  0.367400  0.471592  0.825645  0.746382  0.815764  0.731688  0.656961  0.599582  0.831017  0.499703  0.614197  0.814369  0.676317  0.663501  0.649998  0.664955  0.609221  0.422402  0.844653  0.775214  0.410344  0.810490  0.459583  0.630793  0.476985  0.542995  0.316717 0.0  0.938325  0.170544  0.504505  0.611895  0.574031  0.634097  0.628569  0.603760  0.499742  0.542601  0.585576  0.709740  0.469060  0.617743  0.536586  0.584306  0.649992  0.435545  0.843418  0.460595 
40  0.910660  0.291910  0.183608  0.749446  0.550192  0.367509  0.254337  0.295960  0.696996  0.639157  0.684497  0.227813  0.723893  0.795699  0.313018  0.675538  0.852280  0.191627  0.908261  0.560401  0.780825  0.981076  0.603405  0.356416  0.727005  0.908949  0.853888  0.749013  0.703553  0.775729  0.489827  0.134369  0.912860  0.524973  0.826844  0.610355  0.804273  0.847309  0.809269  0.938325 0.0  0.776361  0.789531  0.797068  0.837098  0.765944  0.881739  0.792541  0.779906  0.668148  0.777765  0.755641  0.694839  0.838458  0.759487  0.785983  0.799149  0.782435  0.257321  0.823831 
41  0.537435  0.850238  0.766546  0.494734  0.476960  0.820375  0.946439  0.853933  0.411648  0.622789  0.710540  0.773078  0.391928  0.558193  0.892911  0.710370  0.720788  0.717630  0.599666  0.549612  0.818507  0.408621  0.698099  0.881677  0.705746  0.609059  0.569723  0.623632  0.799884  0.486120  0.892899  0.892795  0.401568  0.737830  0.478006  0.527467  0.447491  0.587455  0.346500  0.170544  0.776361 0.0  0.620026  0.589127  0.548415  0.689726  0.590294  0.667446  0.550646  0.527045  0.584506  0.724369  0.425857  0.548635  0.525687  0.535166  0.629039  0.478964  0.823780  0.423783 
42  0.470855  0.686799  0.859306  0.483502  0.595890  0.610733  0.755408  0.656412  0.423074  0.561684  0.762988  0.793166  0.445721  0.442358  0.735552  0.591049  0.716506  0.751761  0.525110  0.597765  0.601005  0.474710  0.692600  0.766647  0.678554  0.483474  0.490549  0.555433  0.758689  0.426988  0.751109  0.787941  0.505809  0.852654  0.457074  0.685978  0.420684  0.569946  0.436710  0.504505  0.789531  0.620026 0.0  0.473238  0.580457  0.591012  0.480178  0.477550  0.373545  0.333257  0.440093  0.638014  0.408498  0.505915  0.342669  0.339356  0.520655  0.586567  0.816186  0.687647 
43  0.253631  0.654715  0.819193  0.327552  0.541220  0.813380  0.894200  0.672613  0.522728  0.738029  0.795500  0.826967  0.446329  0.449175  0.670249  0.783369  0.688670  0.872937  0.390329  0.661818  0.895515  0.556723  0.642527  0.798324  0.809288  0.238307  0.238750  0.432465  0.691996  0.481236  0.698151  0.900510  0.487927  0.745078  0.554193  0.630686  0.525565  0.436299  0.485264  0.611895  0.797068  0.589127  0.473238 0.0  0.425663  0.824693  0.356092  0.191848  0.474580  0.481734  0.401561  0.852791  0.509788  0.419515  0.587929  0.509486  0.445307  0.586346  0.736667  0.717433 
44  0.427909  0.792141  0.748038  0.330938  0.553674  0.898976  0.866874  0.848151  0.534535  0.608323  0.637350  0.959898  0.526079  0.516258  0.873731  0.810583  0.952341  0.975830  0.406315  0.590846  0.769223  0.544300  0.684933  0.758129  0.726752  0.365521  0.423160  0.415312  0.686853  0.582739  0.792983  0.753496  0.506281  0.811294  0.540159  0.669844  0.506947  0.197553  0.527619  0.574031  0.837098  0.548415  0.580457  0.425663 0.0  0.692357  0.229280  0.420240  0.522505  0.616749  0.464776  0.748991  0.567114  0.426509  0.639324  0.473091  0.371280  0.504867  0.756865  0.686855 
45  0.822721  0.664479  0.640533  0.768939  0.670114  0.788212  0.612271  0.646260  0.741783  0.494791  0.744271  0.735513  0.778963  0.735861  0.665155  0.739475  0.867520  0.570504  0.672224  0.546517  0.644898  0.724024  0.732593  0.640375  0.678402  0.667166  0.774460  0.732528  0.357175  0.731473  0.710745  0.655207  0.709331  0.694471  0.635260  0.404333  0.634942  0.719900  0.651968  0.634097  0.765944  0.689726  0.591012  0.824693  0.692357 0.0  0.766059  0.712199  0.658038  0.737815  0.805310  0.660928  0.845741  0.696082  0.700708  0.622930  0.859783  0.774703  0.642404  0.659599 
46  0.372178  0.682608  0.887399  0.402224  0.507284  0.729073  0.839828  0.752542  0.537746  0.657785  0.688681  0.883591  0.421620  0.474276  0.757144  0.720799  0.730496  0.963383  0.353716  0.560674  0.771085  0.566472  0.559233  0.763078  0.817226  0.395550  0.331709  0.365366  0.707119  0.577124  0.713050  0.819135  0.516557  0.694846  0.476784  0.630505  0.526729  0.219689  0.556401  0.628569  0.881739  0.590294  0.480178  0.356092  0.229280  0.766059 0.0  0.449153  0.542226  0.585430  0.416430  0.796124  0.535880  0.373776  0.524745  0.490288  0.416897  0.524471  0.737570  0.614487 
47  0.278728  0.654461  0.810909  0.372198  0.644587  0.957952  0.748234  0.805963  0.522329  0.604652  0.679669  0.853306  0.520220  0.489658  0.758779  0.798085  0.799141  0.798544  0.411372  0.611315  0.789352  0.553277  0.618635  0.724338  0.939776  0.249044  0.271304  0.472928  0.708510  0.513866  0.768939  0.800164  0.575938  0.753187  0.508511  0.691503  0.562000  0.398048  0.447578  0.603760  0.792541  0.667446  0.477550  0.191848  0.420240  0.712199  0.449153 0.0  0.516789  0.500295  0.454360  0.825996  0.611485  0.387406  0.537956  0.507437  0.483137  0.511889  0.861461  0.844284 
48  0.513115  0.839470  0.721448  0.530774  0.575098  0.637381  0.582857  0.724567  0.506363  0.560775  0.596701  0.775722  0.449852  0.460001  0.657508  0.558266  0.832321  0.736691  0.526585  0.569346  0.579395  0.478813  0.628188  0.730152  0.630490  0.539442  0.536736  0.516132  0.603623  0.575561  0.763739  0.688642  0.557362  0.748895  0.515360  0.608790  0.531923  0.524103  0.533659  0.499742  0.779906  0.550646  0.373545  0.474580  0.522505  0.658038  0.542226  0.516789 0.0  0.268702  0.454789  0.718042  0.491288  0.538459  0.386290  0.304778  0.515087  0.544143  0.558149  0.706863 
49  0.557202  0.745880  0.672911  0.494986  0.552926  0.755018  0.883409  0.931781  0.544579  0.421982  0.739590  0.807557  0.547388  0.528006  0.873534  0.610632  0.762291  0.707910  0.612394  0.529412  0.548779  0.557570  0.629700  0.785641  0.736664  0.516268  0.521652  0.645890  0.680100  0.567942  0.674073  0.735125  0.621362  0.690312  0.570515  0.707243  0.539881  0.623804  0.475997  0.542601  0.668148  0.527045  0.333257  0.481734  0.616749  0.737815  0.585430  0.500295  0.268702 0.0  0.533489  0.571477  0.517601  0.464582  0.424873  0.320689  0.511390  0.609508  0.649286  0.785052 
50  0.444703  0.739254  0.741931  0.473934  0.541967  0.651016  0.800029  0.740621  0.379739  0.592339  0.679285  0.745585  0.485704  0.214430  0.766991  0.717251  0.902446  0.743693  0.505746  0.518094  0.850295  0.443714  0.720273  0.779887  0.714164  0.414551  0.428711  0.435437  0.786849  0.481118  0.658847  0.742000  0.450408  0.726505  0.411429  0.701391  0.473559  0.477694  0.474096  0.585576  0.777765  0.584506  0.440093  0.401561  0.464776  0.805310  0.416430  0.454360  0.454789  0.533489 0.0  0.909913  0.438903  0.495594  0.483881  0.480369  0.495341  0.488168  0.678427  0.628351 
51  0.904827  0.821378  0.722315  0.850897  0.560950  0.828218  0.683267  0.768156  0.777298  0.672200  0.730829  0.627132  0.736271  0.833828  0.793449  0.300293  0.768132  0.676280  0.720280  0.488958  0.255234  0.877510  0.739077  0.782962  0.797194  0.818568  0.751845  0.803695  0.625194  0.681738  0.841240  0.885164  0.723155  0.649927  0.797795  0.695458  0.921749  0.891024  0.722679  0.709740  0.755641  0.724369  0.638014  0.852791  0.748991  0.660928  0.796124  0.825996  0.718042  0.571477  0.909913 0.0  0.812235  0.868056  0.556201  0.632921  0.827096  0.784029  0.729122  0.375340 
52  0.588760  0.761549  0.781676  0.452334  0.623636  0.649285  0.844083  0.787293  0.170234  0.560936  0.698011  0.750548  0.391257  0.428786  0.723635  0.723997  0.847429  0.886260  0.521678  0.592247  0.593427  0.241760  0.683435  0.769192  0.830359  0.521178  0.531294  0.545536  0.684426  0.292474  0.666563  0.801962  0.260665  0.812013  0.152410  0.760890  0.260557  0.595540  0.344435  0.469060  0.694839  0.425857  0.408498  0.509788  0.567114  0.845741  0.535880  0.611485  0.491288  0.517601  0.438903  0.812235 0.0  0.506001  0.582459  0.536136  0.587103  0.283471  0.799174  0.571828 
53  0.423406  0.761685  0.782484  0.239152  0.537449  0.830957  0.787094  0.802705  0.517866  0.587382  0.605912  0.850841  0.495704  0.458713  0.738224  0.609580  0.834260  0.869647  0.228409  0.686338  0.884551  0.576551  0.609644  0.807757  0.773641  0.357917  0.321879  0.245759  0.737882  0.477984  0.709381  0.807449  0.595393  0.587872  0.555354  0.808152  0.442378  0.389961  0.504496  0.617743  0.838458  0.548635  0.505915  0.419515  0.426509  0.696082  0.373776  0.387406  0.538459  0.464582  0.495594  0.868056  0.506001 0.0  0.588789  0.449730  0.205470  0.540971  0.712744  0.784417 
54  0.529065  0.772023  0.771860  0.483495  0.597769  0.741222  0.801148  0.724920  0.566797  0.502471  0.743184  0.789126  0.566134  0.522014  0.706935  0.474334  0.775368  0.793192  0.614472  0.476727  0.558757  0.543574  0.754960  0.720536  0.817199  0.605823  0.653609  0.578253  0.636776  0.571997  0.920126  0.679363  0.468081  0.719544  0.539736  0.550794  0.648923  0.636358  0.506804  0.536586  0.759487  0.525687  0.342669  0.587929  0.639324  0.700708  0.524745  0.537956  0.386290  0.424873  0.483881  0.556201  0.582459  0.588789 0.0  0.352712  0.629575  0.616338  0.702365  0.635691 
55  0.467450  0.737267  0.852135  0.577656  0.562194  0.719624  0.874628  0.713778  0.449924  0.558269  0.657131  0.844122  0.489187  0.446610  0.616570  0.632109  0.669934  0.685734  0.489285  0.560345  0.591949  0.507622  0.651073  0.753512  0.872270  0.528527  0.509874  0.541859  0.692076  0.443324  0.896330  0.666401  0.531507  0.736653  0.519959  0.657422  0.481658  0.545519  0.518552  0.584306  0.785983  0.535166  0.339356  0.509486  0.473091  0.622930  0.490288  0.507437  0.304778  0.320689  0.480369  0.632921  0.536136  0.449730  0.352712 0.0  0.486324  0.503841  0.594914  0.668685 
56  0.386087  0.747292  0.815530  0.242917  0.534531  0.840803  0.668197  0.878976  0.502094  0.629763  0.652993  0.838626  0.578537  0.465142  0.774474  0.744164  0.862849  0.966721  0.159403  0.506470  0.926606  0.537035  0.500579  0.879017  0.891858  0.403980  0.406888  0.262738  0.764469  0.545962  0.800730  0.904923  0.510843  0.587796  0.555096  0.697102  0.518264  0.353973  0.526541  0.649992  0.799149  0.629039  0.520655  0.445307  0.371280  0.859783  0.416897  0.483137  0.515087  0.511390  0.495341  0.827096  0.587103  0.205470  0.629575  0.486324 0.0  0.574280  0.727179  0.607464 
57  0.514102  0.734987  0.924436  0.559821  0.537136  0.653285  0.826824  0.748200  0.277072  0.533553  0.654396  0.913426  0.423324  0.442871  0.718778  0.861233  0.734274  0.839093  0.553298  0.630234  0.779993  0.242872  0.690939  0.687980  0.709422  0.547647  0.631262  0.551052  0.753819  0.283733  0.843100  0.734159  0.222856  0.735352  0.258030  0.624141  0.190394  0.634391  0.349747  0.435545  0.782435  0.478964  0.586567  0.586346  0.504867  0.774703  0.524471  0.511889  0.544143  0.609508  0.488168  0.784029  0.283471  0.540971  0.616338  0.503841  0.574280 0.0  0.745593  0.595552 
58  0.703798  0.328094  0.235450  0.847665  0.581109  0.270441  0.192888  0.241576  0.846042  0.612566  0.599334  0.236250  0.754467  0.800235  0.272350  0.750674  0.778790  0.221843  0.704602  0.530402  0.688470  0.649846  0.676754  0.300479  0.762258  0.745944  0.782801  0.727335  0.785513  0.828023  0.448207  0.228579  0.841862  0.602240  0.824679  0.619240  0.687889  0.845650  0.738934  0.843418  0.257321  0.823780  0.816186  0.736667  0.756865  0.642404  0.737570  0.861461  0.558149  0.649286  0.678427  0.729122  0.799174  0.712744  0.702365  0.594914  0.727179  0.745593 0.0  0.717657 
59  0.777860  0.659778  0.792874  0.765208  0.535010  0.760452  0.781089  0.645352  0.566162  0.570890  0.665250  0.588301  0.468258  0.805678  0.721340  0.460435  0.749006  0.650752  0.757844  0.498531  0.347328  0.604710  0.719902  0.739785  0.733580  0.752133  0.668327  0.677777  0.630254  0.578402  0.693187  0.744455  0.591492  0.697390  0.424296  0.693308  0.555204  0.697292  0.519284  0.460595  0.823831  0.423783  0.687647  0.717433  0.686855  0.659599  0.614487  0.844284  0.706863  0.785052  0.628351  0.375340  0.571828  0.784417  0.635691  0.668685  0.607464  0.595552  0.717657 0.0 
