60
0 0.0  0.715282  0.898418  0.310108  0.621794  0.774134  0.692226  0.781176  0.586022  0.667462  0.624397  0.639312  0.458261  0.451621  0.723623  0.856276  0.757500  0.837413  0.395507  0.594657  0.779068  0.528445  0.797179  0.647707  0.735842  0.158540  0.176923  0.436972  0.759375  0.522233  0.651036  0.750768  0.453881  0.800914  0.482346  0.714973  0.485147  0.370336  0.536758  0.593770  0.737859  0.543043  0.481442  0.228560  0.347042  0.630648  0.279363  0.261753  0.524542  0.596416  0.433818  0.850665  0.477159  0.392084  0.597130  0.456969  0.389422  0.641517  0.710478  0.814543 
1  0.715282 0.0  0.312261  0.733720  0.572959  0.276033  0.249652  0.275723  0.791411  0.546393  0.645179  0.327260  0.683987  0.734800  0.245052  0.756749  0.769476  0.285609  0.819813  0.625589  0.715334  0.793739  0.691251  0.187288  0.768354  0.748042  0.687992  0.619376  0.651893  0.715588  0.498442  0.305483  0.726255  0.433341  0.852147  0.685985  0.781118  0.612470  0.834310  0.731734  0.326258  0.718934  0.736348  0.816333  0.795587  0.570970  0.772353  0.752348  0.721734  0.676632  0.688572  0.750731  0.760907  0.690446  0.804525  0.758994  0.888403  0.840916  0.304792  0.782317 
2  0.898418  0.312261 0.0  0.690427  0.561233  0.280297  0.229230  0.292154  0.758499  0.615422  0.682141  0.145722  0.769130  0.755525  0.291985  0.626179  0.696109  0.138211  0.837247  0.648858  0.680025  0.692549  0.678976  0.297154  0.807393  0.720504  0.767110  0.764268  0.626219  0.849524  0.496761  0.168322  0.756659  0.514539  0.794424  0.647595  0.702463  0.571181  0.726422  0.832539  0.177602  0.798369  0.757387  0.648610  0.779013  0.627026  0.822397  0.686743  0.690880  0.842043  0.767196  0.590533  0.726037  0.660115  0.756798  0.778872  0.820406  0.603294  0.216620  0.709122 
3  0.310108  0.733720  0.690427 0.0  0.572690  0.611408  0.582540  0.687152  0.488688  0.545807  0.638801  0.796662  0.530445  0.421774  0.709886  0.823324  0.845018  0.657862  0.238383  0.571416  0.775058  0.454152  0.610626  0.685583  0.739130  0.321238  0.268735  0.229379  0.764540  0.459631  0.856101  0.787023  0.545755  0.597739  0.505343  0.630226  0.448230  0.331303  0.465724  0.538862  0.665416  0.443014  0.486723  0.325314  0.357203  0.657348  0.320116  0.328463  0.503649  0.562776  0.426523  0.756423  0.411448  0.232344  0.573517  0.449978  0.252051  0.483209  0.791456  0.740157 
4  0.621794  0.572959  0.561233  0.572690 0.0  0.541147  0.583678  0.617441  0.604785  0.558034  0.581853  0.483166  0.458527  0.530708  0.521684  0.678631  0.673533  0.535946  0.567807  0.620262  0.605267  0.516758  0.608375  0.603298  0.622450  0.591923  0.486394  0.547861  0.653074  0.514638  0.528476  0.565393  0.508570  0.512433  0.600749  0.542001  0.560366  0.484507  0.503616  0.562521  0.631767  0.590058  0.569201  0.535738  0.626458  0.619437  0.562297  0.549160  0.511480  0.477232  0.588308  0.529258  0.581001  0.613433  0.577987  0.611613  0.451665  0.544315  0.456741  0.547356 
5  0.774134  0.276033  0.280297  0.611408  0.541147 0.0  0.271537  0.258240  0.798894  0.614069  0.696750  0.290900  0.855458  0.775961  0.245023  0.687177  0.756544  0.294781  0.639695  0.582836  0.856082  0.750812  0.707137  0.256792  0.845555  0.708684  0.759365  0.802364  0.609992  0.799090  0.382505  0.331641  0.862084  0.534593  0.677918  0.688772  0.826489  0.713077  0.770939  0.812940  0.315141  0.799611  0.703277  0.707480  0.799135  0.663964  0.720584  0.808260  0.750780  0.748843  0.833916  0.877805  0.731662  0.780660  0.785842  0.627946  0.806378  0.744308  0.223516  0.748008 
6  0.692226  0.249652  0.229230  0.582540  0.583678  0.271537 0.0  0.237063  0.733959  0.624501  0.651662  0.196215  0.791947  0.939211  0.258864  0.685729  0.727377  0.226570  0.828170  0.658547  0.761618  0.839121  0.713612  0.288063  0.723087  0.688942  0.704159  0.761063  0.612334  0.781583  0.496159  0.174353  0.769281  0.517315  0.771143  0.679418  0.783963  0.775307  0.752310  0.696502  0.258440  0.771001  0.661885  0.738775  0.674323  0.616911  0.768911  0.732726  0.753812  0.790093  0.843844  0.685408  0.877708  0.592308  0.702907  0.673356  0.720077  0.681736  0.180769  0.588739 
7  0.781176  0.275723  0.292154  0.687152  0.617441  0.258240  0.237063 0.0  0.818232  0.584334  0.579679  0.273468  0.645821  0.787804  0.160731  0.652107  0.911838  0.284129  0.744143  0.543892  0.820220  0.705016  0.673663  0.270302  0.790321  0.717519  0.704098  0.769597  0.785682  0.758355  0.482201  0.263080  0.675844  0.436145  0.722525  0.699912  0.754803  0.783763  0.697735  0.839728  0.284298  0.831120  0.689163  0.760811  0.852565  0.800490  0.839777  0.818413  0.675640  0.665103  0.673483  0.734861  0.694133  0.805567  0.751096  0.648944  0.737453  0.721060  0.215580  0.739239 
8  0.586022  0.791411  0.758499  0.488688  0.604785  0.798894  0.733959  0.818232 0.0  0.600750  0.632603  0.843558  0.311451  0.412672  0.625415  0.683081  0.797116  0.747592  0.568474  0.531401  0.753923  0.241010  0.668158  0.697575  0.720401  0.534620  0.473045  0.546234  0.793292  0.238729  0.652087  0.837772  0.273284  0.726435  0.144369  0.640301  0.220347  0.533566  0.305789  0.386603  0.818644  0.474695  0.423559  0.517938  0.561237  0.652830  0.483171  0.475621  0.547521  0.566718  0.354736  0.735873  0.157176  0.528823  0.576858  0.492417  0.540276  0.274061  0.762712  0.491644 
9  0.667462  0.546393  0.615422  0.545807  0.558034  0.614069  0.624501  0.584334  0.600750 0.0  0.522580  0.567192  0.525614  0.693224  0.559365  0.565491  0.647840  0.576233  0.614794  0.488990  0.614323  0.628975  0.651318  0.580954  0.636423  0.672153  0.673060  0.558793  0.436546  0.551623  0.597300  0.605999  0.480593  0.610866  0.592437  0.448134  0.607963  0.598061  0.589286  0.604237  0.560846  0.477153  0.635440  0.494503  0.535329  0.516157  0.533201  0.599102  0.504227  0.633979  0.600171  0.646102  0.573896  0.590536  0.427523  0.658859  0.576194  0.551792  0.484848  0.553881 
10  0.624397  0.645179  0.682141  0.638801  0.581853  0.696750  0.651662  0.579679  0.632603  0.522580 0.0  0.640051  0.762446  0.667439  0.621952  0.730271  0.830356  0.754579  0.656424  0.524623  0.825948  0.677135  0.331455  0.671781  0.808611  0.648837  0.725434  0.775771  0.606054  0.711436  0.625574  0.671200  0.709692  0.725307  0.661397  0.654434  0.532973  0.702313  0.668681  0.768281  0.701170  0.702757  0.624106  0.687417  0.702658  0.800066  0.718411  0.657643  0.623433  0.696369  0.615644  0.630712  0.687052  0.667661  0.758198  0.750923  0.684345  0.701125  0.661003  0.681382 
11  0.639312  0.327260  0.145722  0.796662  0.483166  0.290900  0.196215  0.273468  0.843558  0.567192  0.640051 0.0  0.717127  0.847385  0.248499  0.696769  0.726602  0.157324  0.843859  0.648548  0.677909  0.770109  0.577766  0.269061  0.691098  0.837732  0.766460  0.788274  0.716908  0.839988  0.548603  0.177235  0.793422  0.416415  0.775450  0.641948  0.799337  0.737922  0.922099  0.744081  0.203031  0.753072  0.808929  0.729071  0.833219  0.573833  0.785542  0.790471  0.717793  0.716430  0.708318  0.749367  0.920650  0.715696  0.710160  0.640268  0.868616  0.815797  0.223890  0.744640 
12  0.458261  0.683987  0.769130  0.530445  0.458527  0.855458  0.791947  0.645821  0.311451  0.525614  0.762446  0.717127 0.0  0.438427  0.692212  0.758842  0.737354  0.641635  0.509508  0.579114  0.700791  0.370949  0.761357  0.655948  0.734434  0.439948  0.533947  0.534018  0.611669  0.392433  0.636058  0.750417  0.354103  0.776004  0.302427  0.705513  0.345489  0.564224  0.294364  0.403100  0.694441  0.378334  0.444201  0.485066  0.463265  0.623294  0.528803  0.461891  0.455577  0.524722  0.420410  0.727989  0.305465  0.593534  0.518645  0.524047  0.560900  0.360297  0.693403  0.482812 
13  0.451621  0.734800  0.755525  0.421774  0.530708  0.775961  0.939211  0.787804  0.412672  0.693224  0.667439  0.847385  0.438427 0.0  0.620802  0.805270  0.853137  0.798237  0.388123  0.594896  0.763353  0.489753  0.603993  0.738872  0.789799  0.510096  0.470669  0.473969  0.721029  0.386140  0.622125  0.608029  0.465580  0.786007  0.417976  0.755245  0.378258  0.511432  0.431835  0.550603  0.691541  0.480932  0.488370  0.412445  0.428144  0.688795  0.439255  0.500217  0.591303  0.455705  0.213037  0.789980  0.419238  0.433864  0.497785  0.491592  0.439648  0.538852  0.684154  0.642102 
14  0.723623  0.245052  0.291985  0.709886  0.521684  0.245023  0.258864  0.160731  0.625415  0.559365  0.621952  0.248499  0.692212  0.620802 0.0  0.828785  0.805841  0.301938  0.698788  0.560206  0.809906  0.672699  0.665449  0.274838  0.772064  0.593329  0.632384  0.800590  0.736516  1.000000  0.502160  0.318039  0.826555  0.501051  0.608715  0.632275  0.785867  0.716469  0.798672  0.852356  0.296670  0.701618  0.724769  0.719429  0.803340  0.633583  0.931694  0.753484  0.677916  0.757063  0.652003  0.739322  0.845188  0.714458  0.659682  0.729417  0.739169  0.841310  0.219827  0.725682 
15  0.856276  0.756749  0.626179  0.823324  0.678631  0.687177  0.685729  0.652107  0.683081  0.565491  0.730271  0.696769  0.758842  0.805270  0.828785 0.0  0.825811  0.661617  0.723509  0.594154  0.166037  0.824328  0.766137  0.820305  0.711728  0.729068  0.794725  0.813861  0.653383  0.811684  0.783008  0.674569  0.721683  0.861882  0.673226  0.578030  0.783669  0.775317  0.706792  0.786383  0.604905  0.784224  0.619349  0.828824  0.711043  0.673544  0.766953  0.672931  0.604473  0.508114  0.841134  0.297375  0.872662  0.624361  0.588808  0.622141  0.736904  0.713142  0.654546  0.443684 
16  0.757500  0.769476  0.696109  0.845018  0.673533  0.756544  0.727377  0.911838  0.797116  0.647840  0.830356  0.726602  0.737354  0.853137  0.805841  0.825811 0.0  0.705645  0.704793  0.602464  0.763295  0.824092  0.696291  0.788255  0.150956  0.759450  0.936164  0.880651  0.724974  0.885439  0.783827  0.853971  0.849884  0.867876  0.784966  0.827297  0.886392  0.855678  0.804342  0.896208  0.680299  0.759337  0.766684  0.741415  0.793224  0.775908  0.817714  0.736702  0.738137  0.673498  0.870542  0.698746  0.693607  0.833901  0.673785  0.789165  0.762608  0.820401  0.705261  0.675764 
17  0.837413  0.285609  0.138211  0.657862  0.535946  0.294781  0.226570  0.284129  0.747592  0.576233  0.754579  0.157324  0.641635  0.798237  0.301938  0.661617  0.705645 0.0  0.797397  0.585885  0.606541  0.792066  0.754321  0.272413  0.750676  0.815840  0.739642  0.956811  0.697392  0.852341  0.455977  0.169773  0.794803  0.578251  0.806503  0.676210  0.828768  0.794198  0.729002  0.722891  0.188764  0.859911  0.747354  0.850487  0.789576  0.649745  0.691864  0.716023  0.800984  0.855225  0.692407  0.708057  0.892291  0.695714  0.725181  0.746211  0.783961  0.756757  0.207722  0.540209 
18  0.395507  0.819813  0.837247  0.238383  0.567807  0.639695  0.828170  0.744143  0.568474  0.614794  0.656424  0.843859  0.509508  0.388123  0.698788  0.723509  0.704793  0.797397 0.0  0.654772  0.789341  0.526015  0.704200  0.716705  0.804029  0.357008  0.338498  0.232286  0.818771  0.447249  0.761274  0.833342  0.665431  0.662888  0.631473  0.781877  0.541228  0.321894  0.540245  0.582647  0.672306  0.588767  0.521847  0.413105  0.379201  0.638050  0.376551  0.465505  0.496646  0.525195  0.342516  0.887701  0.561230  0.174269  0.452781  0.505315  0.159609  0.647958  0.684139  0.709208 
19  0.594657  0.625589  0.648858  0.571416  0.620262  0.582836  0.658547  0.543892  0.531401  0.488990  0.524623  0.648548  0.579114  0.594896  0.560206  0.594154  0.602464  0.585885  0.654772 0.0  0.584837  0.593660  0.565986  0.703019  0.797163  0.598215  0.556523  0.616145  0.628980  0.573434  0.618699  0.591673  0.523385  0.550634  0.637711  0.609983  0.511467  0.644308  0.543869  0.474255  0.635408  0.605017  0.541335  0.623689  0.614890  0.648967  0.598870  0.520428  0.552999  0.582517  0.573530  0.570414  0.514690  0.668335  0.542579  0.605585  0.582835  0.533315  0.551634  0.531225 
20  0.779068  0.715334  0.680025  0.775058  0.605267  0.856082  0.761618  0.820220  0.753923  0.614323  0.825948  0.677909  0.700791  0.763353  0.809906  0.166037  0.763295  0.606541  0.789341  0.584837 0.0  0.658277  0.791168  0.791465  0.691794  0.765895  0.744975  0.695806  0.566678  0.787654  0.664590  0.568810  0.688786  0.647932  0.793393  0.698478  0.783570  0.884101  0.845312  0.515187  0.680779  0.718600  0.579713  0.844255  0.758575  0.590603  0.768655  0.754450  0.584067  0.576482  0.803871  0.248663  0.764410  0.874472  0.517481  0.531920  0.712079  0.777983  0.711879  0.335803 
21  0.528445  0.793739  0.692549  0.454152  0.516758  0.750812  0.839121  0.705016  0.241010  0.628975  0.677135  0.770109  0.370949  0.489753  0.672699  0.824328  0.824092  0.792066  0.526015  0.593660  0.658277 0.0  0.694117  0.697549  0.819070  0.435737  0.473801  0.548206  0.715406  0.307627  0.665979  0.789998  0.215200  0.781747  0.242133  0.617553  0.211835  0.528922  0.326504  0.476245  0.721628  0.370709  0.390322  0.499883  0.546832  0.721344  0.576312  0.470938  0.465919  0.515334  0.463614  0.669840  0.236776  0.571276  0.571895  0.468018  0.532972  0.222021  0.718574  0.455752 
22  0.797179  0.691251  0.678976  0.610626  0.608375  0.707137  0.713612  0.673663  0.668158  0.651318  0.331455  0.577766  0.761357  0.603993  0.665449  0.766137  0.696291  0.754321  0.704200  0.565986  0.791168  0.694117 0.0  0.734283  0.530845  0.599750  0.741761  0.720099  0.746822  0.667560  0.738509  0.772376  0.581279  0.706437  0.645122  0.698573  0.691438  0.598673  0.585819  0.686350  0.712177  0.821160  0.718862  0.662099  0.680889  0.670688  0.651071  0.737760  0.745717  0.645214  0.552314  0.657221  0.596661  0.573019  0.620396  0.677616  0.654309  0.699749  0.645910  0.748312 
23  0.647707  0.187288  0.297154  0.685583  0.603298  0.256792  0.288063  0.270302  0.697575  0.580954  0.671781  0.269061  0.655948  0.738872  0.274838  0.820305  0.788255  0.272413  0.716705  0.703019  0.791465  0.697549  0.734283 0.0  0.810462  0.627466  0.629859  0.667199  0.720545  0.672997  0.420640  0.285345  0.796940  0.568104  0.745941  0.631758  0.665696  0.731291  0.673380  0.813502  0.310191  0.989071  0.772972  0.815073  0.705517  0.651279  0.749151  0.692096  0.665820  0.758842  0.763832  0.716230  0.755487  0.829315  0.664461  0.737141  0.632712  0.855866  0.306469  0.683152 
24  0.735842  0.768354  0.807393  0.739130  0.622450  0.845555  0.723087  0.790321  0.720401  0.636423  0.808611  0.691098  0.734434  0.789799  0.772064  0.711728  0.150956  0.750676  0.804029  0.797163  0.691794  0.819070  0.530845  0.810462 0.0  0.712658  0.880622  0.773030  0.685536  0.772115  0.805652  0.702150  0.827706  0.714904  0.813222  0.823891  0.817267  0.783408  0.637465  0.831213  0.707644  0.883484  0.721896  0.837569  0.751771  0.799030  0.854794  0.721396  0.639682  0.642327  0.696926  0.807454  0.737511  0.707104  0.749709  0.675075  0.720045  0.864885  0.699563  0.714937 
25  0.158540  0.748042  0.720504  0.321238  0.591923  0.708684  0.688942  0.717519  0.534620  0.672153  0.648837  0.837732  0.439948  0.510096  0.593329  0.729068  0.759450  0.815840  0.357008  0.598215  0.765895  0.435737  0.599750  0.627466  0.712658 0.0  0.147526  0.389739  0.724757  0.471925  0.591430  0.869176  0.518692  0.760021  0.503055  0.731361  0.526641  0.441316  0.531750  0.553442  0.740703  0.560503  0.458175  0.244301  0.418823  0.748062  0.376583  0.230525  0.506850  0.527409  0.367512  0.788692  0.560863  0.393861  0.620352  0.486105  0.364407  0.515267  0.632289  0.742859 
26  0.176923  0.687992  0.767110  0.268735  0.486394  0.759365  0.704159  0.704098  0.473045  0.673060  0.725434  0.766460  0.533947  0.470669  0.632384  0.794725  0.936164  0.739642  0.338498  0.556523  0.744975  0.473801  0.741761  0.629859  0.880622  0.147526 0.0  0.308490  0.675124  0.519554  0.669606  0.780085  0.573462  0.717649  0.460169  0.718266  0.546211  0.377271  0.534248  0.580748  0.749938  0.598940  0.522491  0.216784  0.393979  0.626542  0.358209  0.249269  0.616141  0.581854  0.355906  0.735597  0.497217  0.436645  0.553672  0.468761  0.380701  0.538079  0.695821  0.764451 
27  0.436972  0.619376  0.764268  0.229379  0.547861  0.802364  0.761063  0.769597  0.546234  0.558793  0.775771  0.788274  0.534018  0.473969  0.800590  0.813861  0.880651  0.956811  0.232286  0.616145  0.695806  0.548206  0.720099  0.667199  0.773030  0.389739  0.308490 0.0  0.640306  0.558113  0.824039  0.841065  0.502226  0.568729  0.564665  0.697328  0.450012  0.318805  0.458181  0.548216  0.812804  0.536737  0.535248  0.407682  0.389335  0.748935  0.383887  0.403365  0.493684  0.588981  0.406262  0.786496  0.556036  0.206709  0.599937  0.529191  0.262924  0.497159  0.701216  0.739949 
28  0.759375  0.651893  0.626219  0.764540  0.653074  0.609992  0.612334  0.785682  0.793292  0.436546  0.606054  0.716908  0.611669  0.721029  0.736516  0.653383  0.724974  0.697392  0.818771  0.628980  0.566678  0.715406  0.746822  0.720545  0.685536  0.724757  0.675124  0.640306 0.0  0.636229  0.749243  0.674122  0.719664  0.627696  0.666413  0.324950  0.583027  0.773998  0.831561  0.665496  0.646701  0.717559  0.756236  0.673035  0.733176  0.310130  0.675233  0.789384  0.655992  0.707928  0.646654  0.550577  0.701877  0.693199  0.659220  0.709126  0.700528  0.736296  0.697034  0.496334 
29  0.522233  0.715588  0.849524  0.459631  0.514638  0.799090  0.781583  0.758355  0.238729  0.551623  0.711436  0.839988  0.392433  0.386140  1.000000  0.811684  0.885439  0.852341  0.447249  0.573434  0.787654  0.307627  0.667560  0.672997  0.772115  0.471925  0.519554  0.558113  0.636229 0.0  0.677768  0.748503  0.268231  0.718600  0.246875  0.750566  0.295362  0.438973  0.296234  0.440761  0.776679  0.477254  0.473620  0.500256  0.572526  0.677138  0.563493  0.587528  0.549881  0.491135  0.461507  0.747571  0.265794  0.478327  0.647091  0.450834  0.537270  0.272664  0.780696  0.540143 
30  0.651036  0.498442  0.496761  0.856101  0.528476  0.382505  0.496159  0.482201  0.652087  0.597300  0.625574  0.548603  0.636058  0.622125  0.502160  0.783008  0.783827  0.455977  0.761274  0.618699  0.664590  0.665979  0.738509  0.420640  0.805652  0.591430  0.669606  0.824039  0.749243  0.677768 0.0  0.508341  0.705086  0.313682  0.690887  0.744950  0.707575  0.710005  0.683486  0.817528  0.466086  0.742673  0.810625  0.705008  0.596612  0.713822  0.682863  0.650814  0.609243  0.763519  0.757594  0.864832  0.714285  0.715400  0.696060  0.692686  0.836862  0.877824  0.466533  0.723984 
31  0.750768  0.305483  0.168322  0.787023  0.565393  0.331641  0.174353  0.263080  0.837772  0.605999  0.671200  0.177235  0.750417  0.608029  0.318039  0.674569  0.853971  0.169773  0.833342  0.591673  0.568810  0.789998  0.772376  0.285345  0.702150  0.869176  0.780085  0.841065  0.674122  0.748503  0.508341 0.0  0.767897  0.502982  0.794823  0.619437  0.667181  0.780177  0.706862  0.740813  0.129374  0.817543  0.748360  0.799605  0.847533  0.686681  0.721800  0.828490  0.719296  0.752936  0.809140  0.714506  0.832527  0.838381  0.696798  0.761074  0.796217  0.676441  0.217379  0.609342 
32  0.453881  0.726255  0.756659  0.545755  0.508570  0.862084  0.769281  0.675844  0.273284  0.480593  0.709692  0.793422  0.354103  0.465580  0.826555  0.721683  0.849884  0.794803  0.665431  0.523385  0.688786  0.215200  0.581279  0.796940  0.827706  0.518692  0.573462  0.502226  0.719664  0.268231  0.705086  0.767897 0.0  0.647891  0.240236  0.654293  0.202951  0.500648  0.292960  0.472850  0.698290  0.350696  0.432370  0.517505  0.441169  0.673108  0.388617  0.588681  0.551525  0.584816  0.407136  0.793307  0.265781  0.570430  0.422334  0.502919  0.463323  0.180507  0.707518  0.546770 
33  0.800914  0.433341  0.514539  0.597739  0.512433  0.534593  0.517315  0.436145  0.726435  0.610866  0.725307  0.416415  0.776004  0.786007  0.501051  0.861882  0.867876  0.578251  0.662888  0.550634  0.647932  0.781747  0.706437  0.568104  0.714904  0.760021  0.717649  0.568729  0.627696  0.718600  0.313682  0.502982  0.647891 0.0  0.783065  0.724452  0.756928  0.654491  0.648347  0.840023  0.488558  0.854490  0.682404  0.704511  0.725823  0.694845  0.775253  0.759529  0.743760  0.754903  0.882808  0.760221  0.794205  0.694083  0.676363  0.746544  0.704890  0.722266  0.488164  0.749366 
34  0.482346  0.852147  0.794424  0.505343  0.600749  0.677918  0.771143  0.722525  0.144369  0.592437  0.661397  0.775450  0.302427  0.417976  0.608715  0.673226  0.784966  0.806503  0.631473  0.637711  0.793393  0.242133  0.645122  0.745941  0.813222  0.503055  0.460169  0.564665  0.666413  0.246875  0.690887  0.794823  0.240236  0.783065 0.0  0.681078  0.230255  0.514197  0.264220  0.406642  0.849369  0.361883  0.434117  0.449756  0.521822  0.766718  0.530350  0.488084  0.452485  0.534269  0.386729  0.675691  0.145314  0.512395  0.602491  0.448567  0.590811  0.259119  0.835773  0.481373 
35  0.714973  0.685985  0.647595  0.630226  0.542001  0.688772  0.679418  0.699912  0.640301  0.448134  0.654434  0.641948  0.705513  0.755245  0.632275  0.578030  0.827297  0.676210  0.781877  0.609983  0.698478  0.617553  0.698573  0.631758  0.823891  0.731361  0.718266  0.697328  0.324950  0.750566  0.744950  0.619437  0.654293  0.724452  0.681078 0.0  0.601549  0.594583  0.877823  0.702583  0.724690  0.653726  0.792524  0.701747  0.630415  0.403867  0.717995  0.714988  0.666377  0.617315  0.589426  0.556135  0.705480  0.759724  0.602068  0.623527  0.804863  0.736248  0.584006  0.656450 
36  0.485147  0.781118  0.702463  0.448230  0.560366  0.826489  0.783963  0.754803  0.220347  0.607963  0.532973  0.799337  0.345489  0.378258  0.785867  0.783669  0.886392  0.828768  0.541228  0.511467  0.783570  0.211835  0.691438  0.665696  0.817267  0.526641  0.546211  0.450012  0.583027  0.295362  0.707575  0.667181  0.202951  0.756928  0.230255  0.601549 0.0  0.542666  0.263524  0.468332  0.961228  0.440270  0.493103  0.541053  0.495847  0.774966  0.536641  0.448340  0.471141  0.514025  0.387903  0.673992  0.252533  0.487863  0.512797  0.531819  0.576045  0.196839  0.706379  0.530236 
37  0.370336  0.612470  0.571181  0.331303  0.484507  0.713077  0.775307  0.783763  0.533566  0.598061  0.702313  0.737922  0.564224  0.511432  0.716469  0.775317  0.855678  0.794198  0.321894  0.644308  0.884101  0.528922  0.598673  0.731291  0.783408  0.441316  0.377271  0.318805  0.773998  0.438973  0.710005  0.780177  0.500648  0.654491  0.514197  0.594583  0.542666 0.0  0.509903  0.574670  0.744847  0.462607  0.552021  0.347404  0.200689  0.718152  0.192560  0.374321  0.471117  0.558314  0.437547  0.792606  0.608920  0.364980  0.504603  0.484349  0.355648  0.623447  0.763195  0.778892 
38  0.536758  0.834310  0.726422  0.465724  0.503616  0.770939  0.752310  0.697735  0.305789  0.589286  0.668681  0.922099  0.294364  0.431835  0.798672  0.706792  0.804342  0.729002  0.540245  0.543869  0.845312  0.326504  0.585819  0.673380  0.637465  0.531750  0.534248  0.458181  0.831561  0.296234  0.683486  0.706862  0.292960  0.648347  0.264220  0.877823  0.263524  0.509903 0.0  0.311689  0.821238  0.289070  0.474080  0.508854  0.467375  0.742027  0.529445  0.480386  0.482502  0.517580  0.484988  0.828388  0.368432  0.479203  0.448583  0.521251  0.591333  0.346716  0.745591  0.512233 
39  0.593770  0.731734  0.832539  0.538862  0.562521  0.812940  0.696502  0.839728  0.386603  0.604237  0.768281  0.744081  0.403100  0.550603  0.852356  0.786383  0.896208  0.722891  0.582647  0.474255  0.515187  0.476245  0.686350  0.813502  0.831213  0.553442  0.580748  0.548216  0.665496  0.440761  0.817528  0.740813  0.472850  0.840023  0.406642  0.702583  0.468332  0.574670  0.311689 0.0  0.803095  0.149271  0.404067  0.564665  0.558637  0.670368  0.580016  0.598590  0.590427  0.549381  0.540056  0.675287  0.438373  0.727395  0.443926  0.494248  0.610629  0.371291  0.740484  0.456704 
40  0.737859  0.326258  0.177602  0.665416  0.631767  0.315141  0.258440  0.284298  0.818644  0.560846  0.701170  0.203031  0.694441  0.691541  0.296670  0.604905  0.680299  0.188764  0.672306  0.635408  0.680779  0.721628  0.712177  0.310191  0.707644  0.740703  0.749938  0.812804  0.646701  0.776679  0.466086  0.129374  0.698290  0.488558  0.849369  0.724690  0.961228  0.744847  0.821238  0.803095 0.0  0.779890  0.833005  0.842595  0.715906  0.593819  0.825427  0.776092  0.658359  0.821416  0.782589  0.672924  0.707465  0.816516  0.764349  0.699266  0.842652  0.905335  0.208642  0.674484 
41  0.543043  0.718934  0.798369  0.443014  0.590058  0.799611  0.771001  0.831120  0.474695  0.477153  0.702757  0.753072  0.378334  0.480932  0.701618  0.784224  0.759337  0.859911  0.588767  0.605017  0.718600  0.370709  0.821160  0.989071  0.883484  0.560503  0.598940  0.536737  0.717559  0.477254  0.742673  0.817543  0.350696  0.854490  0.361883  0.653726  0.440270  0.462607  0.289070  0.149271  0.779890 0.0  0.507074  0.589359  0.577477  0.699016  0.598729  0.542988  0.586577  0.578707  0.578117  0.774312  0.375050  0.593354  0.500260  0.516047  0.544255  0.434336  0.675490  0.400077 
42  0.481442  0.736348  0.757387  0.486723  0.569201  0.703277  0.661885  0.689163  0.423559  0.635440  0.624106  0.808929  0.444201  0.488370  0.724769  0.619349  0.766684  0.747354  0.521847  0.541335  0.579713  0.390322  0.718862  0.772972  0.721896  0.458175  0.522491  0.535248  0.756236  0.473620  0.810625  0.748360  0.432370  0.682404  0.434117  0.792524  0.493103  0.552021  0.474080  0.404067  0.833005  0.507074 0.0  0.483560  0.560891  0.703329  0.485133  0.422536  0.328286  0.304788  0.441596  0.662236  0.482399  0.502151  0.298353  0.274035  0.467000  0.581582  0.736677  0.656844 
43  0.228560  0.816333  0.648610  0.325314  0.535738  0.707480  0.738775  0.760811  0.517938  0.494503  0.687417  0.729071  0.485066  0.412445  0.719429  0.828824  0.741415  0.850487  0.413105  0.623689  0.844255  0.499883  0.662099  0.815073  0.837569  0.244301  0.216784  0.407682  0.673035  0.500256  0.705008  0.799605  0.517505  0.704511  0.449756  0.701747  0.541053  0.347404  0.508854  0.564665  0.842595  0.589359  0.483560 0.0  0.397949  0.623864  0.378994  0.172236  0.493808  0.498004  0.382957  0.745276  0.571985  0.334947  0.541594  0.439514  0.388682  0.648469  0.687486  0.634511 
44  0.347042  0.795587  0.779013  0.357203  0.626458  0.799135  0.674323  0.852565  0.561237  0.535329  0.702658  0.833219  0.463265  0.428144  0.803340  0.711043  0.793224  0.789576  0.379201  0.614890  0.758575  0.546832  0.680889  0.705517  0.751771  0.418823  0.393979  0.389335  0.733176  0.572526  0.596612  0.847533  0.441169  0.725823  0.521822  0.630415  0.495847  0.200689  0.467375  0.558637  0.715906  0.577477  0.560891  0.397949 0.0  0.701955  0.198367  0.497159  0.563415  0.493514  0.465318  0.836058  0.472851  0.378944  0.578376  0.430604  0.380751  0.527076  0.696934  0.812744 
45  0.630648  0.570970  0.627026  0.657348  0.619437  0.663964  0.616911  0.800490  0.652830  0.516157  0.800066  0.573833  0.623294  0.688795  0.633583  0.673544  0.775908  0.649745  0.638050  0.648967  0.590603  0.721344  0.670688  0.651279  0.799030  0.748062  0.626542  0.748935  0.310130  0.677138  0.713822  0.686681  0.673108  0.694845  0.766718  0.403867  0.774966  0.718152  0.742027  0.670368  0.593819  0.699016  0.703329  0.623864  0.701955 0.0  0.550311  0.727103  0.712255  0.689063  0.626788  0.644521  0.751908  0.657681  0.674562  0.769864  0.797928  0.607103  0.640409  0.673937 
46  0.279363  0.772353  0.822397  0.320116  0.562297  0.720584  0.768911  0.839777  0.483171  0.533201  0.718411  0.785542  0.528803  0.439255  0.931694  0.766953  0.817714  0.691864  0.376551  0.598870  0.768655  0.576312  0.651071  0.749151  0.854794  0.376583  0.358209  0.383887  0.675233  0.563493  0.682863  0.721800  0.388617  0.775253  0.530350  0.717995  0.536641  0.192560  0.529445  0.580016  0.825427  0.598729  0.485133  0.378994  0.198367  0.550311 0.0  0.423342  0.415178  0.552450  0.430504  0.748499  0.581707  0.376062  0.512256  0.502800  0.347681  0.564359  0.967012  0.734551 
47  0.261753  0.752348  0.686743  0.328463  0.549160  0.808260  0.732726  0.818413  0.475621  0.599102  0.657643  0.790471  0.461891  0.500217  0.753484  0.672931  0.736702  0.716023  0.465505  0.520428  0.754450  0.470938  0.737760  0.692096  0.721396  0.230525  0.249269  0.403365  0.789384  0.587528  0.650814  0.828490  0.588681  0.759529  0.488084  0.714988  0.448340  0.374321  0.480386  0.598590  0.776092  0.542988  0.422536  0.172236  0.497159  0.727103  0.423342 0.0  0.500034  0.439605  0.452293  0.830476  0.516190  0.389986  0.554497  0.460377  0.448448  0.604672  0.685909  0.707422 
48  0.524542  0.721734  0.690880  0.503649  0.511480  0.750780  0.753812  0.675640  0.547521  0.504227  0.623433  0.717793  0.455577  0.591303  0.677916  0.604473  0.738137  0.800984  0.496646  0.552999  0.584067  0.465919  0.745717  0.665820  0.639682  0.506850  0.616141  0.493684  0.655992  0.549881  0.609243  0.719296  0.551525  0.743760  0.452485  0.666377  0.471141  0.471117  0.482502  0.590427  0.658359  0.586577  0.328286  0.493808  0.563415  0.712255  0.415178  0.500034 0.0  0.269358  0.462373  0.560632  0.569819  0.496784  0.358268  0.305554  0.581297  0.498829  0.656252  0.676961 
49  0.596416  0.676632  0.842043  0.562776  0.477232  0.748843  0.790093  0.665103  0.566718  0.633979  0.696369  0.716430  0.524722  0.455705  0.757063  0.508114  0.673498  0.855225  0.525195  0.582517  0.576482  0.515334  0.645214  0.758842  0.642327  0.527409  0.581854  0.588981  0.707928  0.491135  0.763519  0.752936  0.584816  0.754903  0.534269  0.617315  0.514025  0.558314  0.517580  0.549381  0.821416  0.578707  0.304788  0.498004  0.493514  0.689063  0.552450  0.439605  0.269358 0.0  0.489433  0.465263  0.492504  0.574658  0.327019  0.284803  0.575366  0.512988  0.678787  0.679030 
50  0.433818  0.688572  0.767196  0.426523  0.588308  0.833916  0.843844  0.673483  0.354736  0.600171  0.615644  0.708318  0.420410  0.213037  0.652003  0.841134  0.870542  0.692407  0.342516  0.573530  0.803871  0.463614  0.552314  0.763832  0.696926  0.367512  0.355906  0.406262  0.646654  0.461507  0.757594  0.809140  0.407136  0.882808  0.386729  0.589426  0.387903  0.437547  0.484988  0.540056  0.782589  0.578117  0.441596  0.382957  0.465318  0.626788  0.430504  0.452293  0.462373  0.489433 0.0  0.729637  0.408753  0.435664  0.542228  0.425717  0.391164  0.495662  0.644449  0.598714 
51  0.850665  0.750731  0.590533  0.756423  0.529258  0.877805  0.685408  0.734861  0.735873  0.646102  0.630712  0.749367  0.727989  0.789980  0.739322  0.297375  0.698746  0.708057  0.887701  0.570414  0.248663  0.669840  0.657221  0.716230  0.807454  0.788692  0.735597  0.786496  0.550577  0.747571  0.864832  0.714506  0.793307  0.760221  0.675691  0.556135  0.673992  0.792606  0.828388  0.675287  0.672924  0.774312  0.662236  0.745276  0.836058  0.644521  0.748499  0.830476  0.560632  0.465263  0.729637 0.0  0.890565  0.889640  0.479988  0.563960  0.772143  0.822941  0.743705  0.388423 
52  0.477159  0.760907  0.726037  0.411448  0.581001  0.731662  0.877708  0.694133  0.157176  0.573896  0.687052  0.920650  0.305465  0.419238  0.845188  0.872662  0.693607  0.892291  0.561230  0.514690  0.764410  0.236776  0.596661  0.755487  0.737511  0.560863  0.497217  0.556036  0.701877  0.265794  0.714285  0.832527  0.265781  0.794205  0.145314  0.705480  0.252533  0.608920  0.368432  0.438373  0.707465  0.375050  0.482399  0.571985  0.472851  0.751908  0.581707  0.516190  0.569819  0.492504  0.408753  0.890565 0.0  0.431450  0.501556  0.400295  0.488801  0.297558  0.584046  0.549649 
53  0.392084  0.690446  0.660115  0.232344  0.613433  0.780660  0.592308  0.805567  0.528823  0.590536  0.667661  0.715696  0.593534  0.433864  0.714458  0.624361  0.833901  0.695714  0.174269  0.668335  0.874472  0.571276  0.573019  0.829315  0.707104  0.393861  0.436645  0.206709  0.693199  0.478327  0.715400  0.838381  0.570430  0.694083  0.512395  0.759724  0.487863  0.364980  0.479203  0.727395  0.816516  0.593354  0.502151  0.334947  0.378944  0.657681  0.376062  0.389986  0.496784  0.574658  0.435664  0.889640  0.431450 0.0  0.633541  0.437632  0.195363  0.620386  0.614483  0.780242 
54  0.597130  0.804525  0.756798  0.573517  0.577987  0.785842  0.702907  0.751096  0.576858  0.427523  0.758198  0.710160  0.518645  0.497785  0.659682  0.588808  0.673785  0.725181  0.452781  0.542579  0.517481  0.571895  0.620396  0.664461  0.749709  0.620352  0.553672  0.599937  0.659220  0.647091  0.696060  0.696798  0.422334  0.676363  0.602491  0.602068  0.512797  0.504603  0.448583  0.443926  0.764349  0.500260  0.298353  0.541594  0.578376  0.674562  0.512256  0.554497  0.358268  0.327019  0.542228  0.479988  0.501556  0.633541 0.0  0.353461  0.542895  0.530848  0.788148  0.714209 
55  0.456969  0.758994  0.778872  0.449978  0.611613  0.627946  0.673356  0.648944  0.492417  0.658859  0.750923  0.640268  0.524047  0.491592  0.729417  0.622141  0.789165  0.746211  0.505315  0.605585  0.531920  0.468018  0.677616  0.737141  0.675075  0.486105  0.468761  0.529191  0.709126  0.450834  0.692686  0.761074  0.502919  0.746544  0.448567  0.623527  0.531819  0.484349  0.521251  0.494248  0.699266  0.516047  0.274035  0.439514  0.430604  0.769864  0.502800  0.460377  0.305554  0.284803  0.425717  0.563960  0.400295  0.437632  0.353461 0.0  0.486042  0.429331  0.683040  0.649194 
56  0.389422  0.888403  0.820406  0.252051  0.451665  0.806378  0.720077  0.737453  0.540276  0.576194  0.684345  0.868616  0.560900  0.439648  0.739169  0.736904  0.762608  0.783961  0.159609  0.582835  0.712079  0.532972  0.654309  0.632712  0.720045  0.364407  0.380701  0.262924  0.700528  0.537270  0.836862  0.796217  0.463323  0.704890  0.590811  0.804863  0.576045  0.355648  0.591333  0.610629  0.842652  0.544255  0.467000  0.388682  0.380751  0.797928  0.347681  0.448448  0.581297  0.575366  0.391164  0.772143  0.488801  0.195363  0.542895  0.486042 0.0  0.507505  0.846865  0.655186 
57  0.641517  0.840916  0.603294  0.483209  0.544315  0.744308  0.681736  0.721060  0.274061  0.551792  0.701125  0.815797  0.360297  0.538852  0.841310  0.713142  0.820401  0.756757  0.647958  0.533315  0.777983  0.222021  0.699749  0.855866  0.864885  0.515267  0.538079  0.497159  0.736296  0.272664  0.877824  0.676441  0.180507  0.722266  0.259119  0.736248  0.196839  0.623447  0.346716  0.371291  0.905335  0.434336  0.581582  0.648469  0.527076  0.607103  0.564359  0.604672  0.498829  0.512988  0.495662  0.822941  0.297558  0.620386  0.530848  0.429331  0.507505 0.0  0.763429  0.586179 
58  0.710478  0.304792  0.216620  0.791456  0.456741  0.223516  0.180769  0.215580  0.762712  0.484848  0.661003  0.223890  0.693403  0.684154  0.219827  0.654546  0.705261  0.207722  0.684139  0.551634  0.711879  0.718574  0.645910  0.306469  0.699563  0.632289  0.695821  0.701216  0.697034  0.780696  0.466533  0.217379  0.707518  0.488164  0.835773  0.584006  0.706379  0.763195  0.745591  0.740484  0.208642  0.675490  0.736677  0.687486  0.696934  0.640409  0.967012  0.685909  0.656252  0.678787  0.644449  0.743705  0.584046  0.614483  0.788148  0.683040  0.846865  0.763429 0.0  0.778409 
59  0.814543  0.782317  0.709122  0.740157  0.547356  0.748008  0.588739  0.739239  0.491644  0.553881  0.681382  0.744640  0.482812  0.642102  0.725682  0.443684  0.675764  0.540209  0.709208  0.531225  0.335803  0.455752  0.748312  0.683152  0.714937  0.742859  0.764451  0.739949  0.496334  0.540143  0.723984  0.609342  0.546770  0.749366  0.481373  0.656450  0.530236  0.778892  0.512233  0.456704  0.674484  0.400077  0.656844  0.634511  0.812744  0.673937  0.734551  0.707422  0.676961  0.679030  0.598714  0.388423  0.549649  0.780242  0.714209  0.649194  0.655186  0.586179  0.778409 0.0 
