60
0 0.0  0.800313  0.861731  0.411864  0.663495  0.781486  0.703632  0.796045  0.562629  0.629905  0.735384  0.887663  0.486730  0.484135  0.787841  0.879130  0.937870  0.917468  0.409166  0.679876  0.836087  0.528596  0.761905  0.765523  0.907189  0.247163  0.178136  0.494542  0.686859  0.587206  0.789986  0.871909  0.667069  0.819568  0.616822  0.716184  0.591846  0.464889  0.602472  0.654576  0.786318  0.705088  0.584685  0.348212  0.374461  0.713148  0.435879  0.272243  0.587452  0.667391  0.549709  0.819967  0.535453  0.446296  0.669180  0.534179  0.413900  0.821639  0.784328  0.791709 
1  0.800313 0.0  0.419541  0.743996  0.683198  0.327940  0.322727  0.359716  0.867202  0.603209  0.708585  0.387916  0.694432  0.694513  0.269255  0.832271  0.800607  0.346743  0.836796  0.670050  0.868195  0.745588  0.785461  0.201408  0.827172  0.814819  0.855731  0.890999  0.745263  0.843449  0.575671  0.300255  0.790037  0.564649  0.772354  0.709046  0.834554  0.818078  0.900909  0.795538  0.365534  0.775162  0.761210  0.746008  0.780153  0.830959  0.797143  0.792478  0.813748  0.842503  0.761800  0.935469  0.809695  0.692505  0.833924  0.817084  0.793182  0.852980  0.312932  0.755037 
2  0.861731  0.419541 0.0  0.783736  0.628246  0.361651  0.318650  0.258097  0.782735  0.531536  0.711630  0.187958  0.802626  0.756671  0.421512  0.784056  0.814973  0.115148  0.913688  0.747998  0.810552  0.840919  0.753894  0.280203  0.753488  0.823354  0.899930  0.838226  0.822330  0.892032  0.534781  0.277049  0.914200  0.681490  0.874463  0.625283  0.883468  0.946428  0.847491  0.938148  0.244655  0.891438  0.934660  0.807469  0.733718  0.709521  0.881855  0.823842  0.709085  0.752316  0.805682  0.701608  0.971844  0.911859  0.760555  0.827585  0.905896  0.853858  0.238233  0.801958 
3  0.411864  0.743996  0.783736 0.0  0.578010  0.718411  0.707003  0.795446  0.586358  0.633262  0.848697  0.808655  0.526450  0.530811  0.917011  0.804361  0.818497  0.809113  0.357010  0.651973  0.837328  0.448368  0.624555  0.912051  0.877398  0.326284  0.289628  0.210663  0.705726  0.524800  0.775364  0.793013  0.563043  0.744767  0.545533  0.671886  0.558345  0.374847  0.568211  0.540067  0.810810  0.622830  0.545342  0.394366  0.501935  0.824744  0.428238  0.347089  0.559999  0.540194  0.382004  0.839064  0.510299  0.390007  0.664476  0.524899  0.303734  0.545477  0.776737  0.754463 
4  0.663495  0.683198  0.628246  0.578010 0.0  0.692547  0.564369  0.609516  0.579359  0.589984  0.733006  0.587854  0.636225  0.599627  0.667352  0.611439  0.749721  0.687624  0.730962  0.641684  0.667032  0.635257  0.570119  0.589125  0.662663  0.580677  0.684359  0.540845  0.546510  0.550641  0.602891  0.728694  0.566943  0.569349  0.523251  0.559976  0.611866  0.607998  0.518925  0.597236  0.605018  0.535787  0.499700  0.487663  0.606795  0.713690  0.606214  0.510770  0.554988  0.709286  0.584402  0.614019  0.555784  0.635023  0.550691  0.627109  0.563762  0.673324  0.559687  0.644771 
5  0.781486  0.327940  0.361651  0.718411  0.692547 0.0  0.362502  0.253051  0.925248  0.789534  0.704097  0.313050  0.837437  0.945661  0.322409  0.713541  0.932728  0.323010  0.832263  0.661215  0.850403  0.851879  0.922461  0.332492  0.754204  0.887057  0.846070  0.894850  0.833156  0.917992  0.674977  0.338167  0.872453  0.605868  0.798227  0.769254  0.799479  0.815744  0.806009  0.831430  0.394550  0.817469  0.899268  0.820773  0.836043  0.706037  0.810446  0.793410  0.921066  0.819217  0.778184  0.910134  0.863445  0.845151  0.928210  0.677358  0.784847  0.895627  0.269456  0.843827 
6  0.703632  0.322727  0.318650  0.707003  0.564369  0.362502 0.0  0.317722  0.874484  0.643923  0.713144  0.226379  0.816233  0.963554  0.267576  0.745532  0.834262  0.267694  0.899207  0.739893  0.849340  0.769403  0.681817  0.484295  0.815831  0.830628  0.816230  0.855185  0.710521  0.779129  0.518565  0.135782  0.822869  0.605815  0.801008  0.672998  0.779958  0.939412  0.890728  0.827509  0.332574  0.785810  0.872019  0.751983  0.874907  0.748463  0.836279  0.848580  0.760796  0.902105  0.773639  0.812048  0.764764  0.903722  0.805558  0.652116  0.848413  0.844243  0.234053  0.723936 
7  0.796045  0.359716  0.258097  0.795446  0.609516  0.253051  0.317722 0.0  0.802693  0.675558  0.743244  0.363526  0.777808  0.697541  0.187915  0.858393  0.805107  0.445734  0.774761  0.635828  0.790575  0.773087  0.782892  0.276435  0.801720  0.819722  0.849293  0.776758  0.782490  0.806160  0.511470  0.348382  0.787047  0.471544  0.929889  0.750294  0.786302  0.834175  0.889852  0.872921  0.441023  0.934691  0.775687  0.864700  0.842920  0.737767  0.839140  0.861848  0.733846  0.814821  0.751259  0.823067  0.858513  0.892727  0.859006  0.852895  0.705289  0.832958  0.268009  0.760296 
8  0.562629  0.867202  0.782735  0.586358  0.579359  0.925248  0.874484  0.802693 0.0  0.736684  0.723866  0.832218  0.388681  0.507420  0.924499  0.826215  0.619516  0.784282  0.601977  0.604933  0.889549  0.231798  0.792484  0.803063  0.830641  0.556041  0.538659  0.585339  0.791563  0.411888  0.741548  0.891418  0.235535  0.784663  0.158719  0.760348  0.289626  0.625104  0.414243  0.626025  0.837332  0.431614  0.535216  0.456033  0.569352  0.818495  0.600088  0.641123  0.593930  0.684683  0.435859  0.762273  0.291588  0.691001  0.652034  0.575689  0.643777  0.376743  0.831428  0.547452 
9  0.629905  0.603209  0.531536  0.633262  0.589984  0.789534  0.643923  0.675558  0.736684 0.0  0.759034  0.682139  0.666541  0.700072  0.651403  0.597964  0.662591  0.693533  0.664460  0.600766  0.658802  0.545574  0.664614  0.554900  0.740257  0.694083  0.729067  0.716440  0.613827  0.741468  0.651997  0.552988  0.669456  0.596362  0.608700  0.616488  0.646288  0.602518  0.603364  0.586816  0.585957  0.575783  0.597147  0.587802  0.502696  0.546553  0.655248  0.635495  0.630053  0.716623  0.675672  0.647994  0.669131  0.675289  0.585189  0.589734  0.583510  0.526265  0.728741  0.539703 
10  0.735384  0.708585  0.711630  0.848697  0.733006  0.704097  0.713144  0.743244  0.723866  0.759034 0.0  0.852089  0.756721  0.807769  0.711555  0.765092  0.892187  0.923582  0.848100  0.635385  0.783134  0.590675  0.572846  0.682618  0.901576  0.813004  0.799042  0.782403  0.740281  0.729648  0.788477  0.655190  0.828299  0.875529  0.728939  0.721008  0.639658  0.769639  0.874773  0.751862  0.723828  0.836005  0.843242  0.691241  0.671064  0.811970  0.709974  0.763800  0.663969  0.710979  0.731285  0.859240  0.763306  0.761354  0.749825  0.891645  0.804180  0.654113  0.710261  0.738421 
11  0.887663  0.387916  0.187958  0.808655  0.587854  0.313050  0.226379  0.363526  0.832218  0.682139  0.852089 0.0  0.769484  0.786266  0.307057  0.827506  0.837377  0.230922  0.804487  0.665542  0.801393  0.943976  0.807023  0.238931  0.764387  0.785476  0.873171  0.851069  0.618418  0.851994  0.468922  0.213955  0.808890  0.602857  0.888779  0.718781  0.900223  0.809902  0.874879  0.775911  0.335867  0.758248  0.742549  0.929887  0.914899  0.770335  0.776711  0.893693  0.758320  0.769572  0.884011  0.811381  0.822061  0.769924  0.873213  0.747569  0.867368  0.859937  0.308640  0.672972 
12  0.486730  0.694432  0.802626  0.526450  0.636225  0.837437  0.816233  0.777808  0.388681  0.666541  0.756721  0.769484 0.0  0.542597  0.824305  0.774667  0.961216  0.922775  0.651640  0.640656  0.842799  0.428625  0.654988  0.779867  0.914175  0.599874  0.586262  0.636123  0.656485  0.348462  0.860766  0.709126  0.366189  0.857896  0.436255  0.784880  0.353103  0.555848  0.399355  0.364838  0.790189  0.463508  0.556027  0.575621  0.696851  0.723639  0.480856  0.561894  0.562241  0.655482  0.642920  0.759251  0.468677  0.575389  0.545708  0.658117  0.652799  0.274549  0.714039  0.639769 
13  0.484135  0.694513  0.756671  0.530811  0.599627  0.945661  0.963554  0.697541  0.507420  0.700072  0.807769  0.786266  0.542597 0.0  0.792226  0.776082  0.873706  0.822237  0.464578  0.633554  0.910375  0.533305  0.766807  0.855807  0.907227  0.466252  0.571386  0.531462  0.756521  0.469396  0.784562  0.707347  0.389164  0.586060  0.432684  0.788172  0.446521  0.555647  0.520597  0.547661  0.765657  0.566452  0.628483  0.518252  0.446064  0.701773  0.512168  0.497310  0.542697  0.640588  0.305125  0.808894  0.424841  0.456411  0.563705  0.626123  0.577705  0.516636  0.822565  0.745750 
14  0.787841  0.269255  0.421512  0.917011  0.667352  0.322409  0.267576  0.187915  0.924499  0.651403  0.711555  0.307057  0.824305  0.792226 0.0  0.877596  0.825917  0.411408  0.800158  0.687186  0.872538  0.831439  0.727073  0.320237  0.786486  0.807364  0.850602  0.797206  0.714816  0.798085  0.481761  0.341821  0.813482  0.583675  0.825804  0.831995  0.858242  0.901108  0.714877  0.859609  0.368016  0.870947  0.774939  0.894598  0.860777  0.679391  0.794788  0.774141  0.784839  0.867320  0.878768  0.792493  0.767446  0.837881  0.863726  0.858128  0.767169  0.792317  0.372099  0.818625 
15  0.879130  0.832271  0.784056  0.804361  0.611439  0.713541  0.745532  0.858393  0.826215  0.597964  0.765092  0.827506  0.774667  0.776082  0.877596 0.0  0.821779  0.731892  0.806417  0.746125  0.232143  0.879663  0.828455  0.822162  0.800451  0.958363  0.805892  0.886472  0.736260  0.786975  0.804294  0.849129  0.774822  0.856257  0.679309  0.594341  0.838233  0.835088  0.843069  0.671377  0.780029  0.825200  0.746978  0.804508  0.854948  0.697259  0.840883  0.819400  0.659986  0.718018  0.862796  0.293030  0.810904  0.892880  0.531121  0.650205  0.795502  0.760553  0.751000  0.473473 
16  0.937870  0.800607  0.814973  0.818497  0.749721  0.932728  0.834262  0.805107  0.619516  0.662591  0.892187  0.837377  0.961216  0.873706  0.825917  0.821779 0.0  0.917249  0.920446  0.722551  0.803073  0.945170  0.786896  0.828576  0.212644  0.863889  0.847673  0.821048  0.818022  0.768742  0.777268  0.752835  0.898037  0.829568  0.871781  0.785258  0.832079  0.879623  0.800134  0.774615  0.842956  0.829457  0.776380  0.870576  0.954131  0.702220  0.912771  0.854206  0.904880  0.771788  0.960673  0.857971  0.828076  0.944317  0.855831  0.830848  0.828888  0.813751  0.841478  0.811914 
17  0.917468  0.346743  0.115148  0.809113  0.687624  0.323010  0.267694  0.445734  0.784282  0.693533  0.923582  0.230922  0.922775  0.822237  0.411408  0.731892  0.917249 0.0  0.817985  0.620853  0.720386  0.954534  0.757767  0.459569  0.788268  1.000000  0.986476  0.891078  0.775575  0.762021  0.532623  0.140292  0.815073  0.620655  0.947732  0.647275  0.851305  0.859144  0.810360  0.843678  0.260800  0.797848  0.773980  0.834480  0.932255  0.765042  0.848635  0.859033  0.865025  0.772423  0.836805  0.648424  0.819070  0.969569  0.747038  0.782474  0.860827  0.882638  0.263458  0.757087 
18  0.409166  0.836796  0.913688  0.357010  0.730962  0.832263  0.899207  0.774761  0.601977  0.664460  0.848100  0.804487  0.651640  0.464578  0.800158  0.806417  0.920446  0.817985 0.0  0.656956  0.707484  0.577605  0.797646  0.901567  0.798801  0.420593  0.495132  0.288621  0.744585  0.632967  0.717135  0.886132  0.588434  0.765855  0.700711  0.816802  0.658225  0.479169  0.567588  0.640074  0.854391  0.701880  0.730565  0.433301  0.495743  0.850936  0.437957  0.432900  0.543738  0.575169  0.419012  0.834497  0.587657  0.307085  0.644267  0.507441  0.220824  0.605467  0.722955  0.846101 
19  0.679876  0.670050  0.747998  0.651973  0.641684  0.661215  0.739893  0.635828  0.604933  0.600766  0.635385  0.665542  0.640656  0.633554  0.687186  0.746125  0.722551  0.620853  0.656956 0.0  0.586483  0.551077  0.675729  0.693794  0.580744  0.730610  0.625879  0.761933  0.663498  0.627441  0.696740  0.714533  0.638811  0.702483  0.691688  0.512206  0.591399  0.648604  0.518567  0.432238  0.742379  0.693699  0.560579  0.645918  0.654616  0.575022  0.789581  0.739100  0.554133  0.641553  0.522557  0.651284  0.571144  0.648170  0.543426  0.611176  0.542529  0.677605  0.590028  0.587235 
20  0.836087  0.868195  0.810552  0.837328  0.667032  0.850403  0.849340  0.790575  0.889549  0.658802  0.783134  0.801393  0.842799  0.910375  0.872538  0.232143  0.803073  0.720386  0.707484  0.586483 0.0  0.926296  0.801146  0.936655  0.784310  0.773297  0.807662  0.879430  0.700255  0.830243  0.773367  0.724694  0.820613  0.761501  0.796081  0.702127  0.797477  0.735759  0.862804  0.617092  0.820057  0.728193  0.622994  0.895244  0.866697  0.631191  0.801645  0.846230  0.580038  0.583313  0.896883  0.293818  0.797605  0.832949  0.551836  0.653324  0.840296  0.755220  0.819947  0.487448 
21  0.528596  0.745588  0.840919  0.448368  0.635257  0.851879  0.769403  0.773087  0.231798  0.545574  0.590675  0.943976  0.428625  0.533305  0.831439  0.879663  0.945170  0.954534  0.577605  0.551077  0.926296 0.0  0.728634  0.825898  0.828967  0.624765  0.618238  0.530480  0.715561  0.321547  0.727451  0.849624  0.240933  0.778925  0.335546  0.791897  0.308812  0.506495  0.414350  0.473185  0.898177  0.437967  0.542022  0.579606  0.610362  0.766602  0.676101  0.583069  0.614661  0.618789  0.523732  0.757021  0.422716  0.660017  0.557082  0.594271  0.565875  0.280791  0.817096  0.543918 
22  0.761905  0.785461  0.753894  0.624555  0.570119  0.922461  0.681817  0.782892  0.792484  0.664614  0.572846  0.807023  0.654988  0.766807  0.727073  0.828455  0.786896  0.757767  0.797646  0.675729  0.801146  0.728634 0.0  0.746745  0.771512  0.582367  0.793424  0.699817  0.788369  0.719576  0.794226  0.773178  0.730783  0.747245  0.654155  0.738680  0.625964  0.607230  0.729077  0.744815  0.693360  0.794302  0.689607  0.655568  0.737525  0.661080  0.636956  0.705263  0.729782  0.713977  0.648911  0.752793  0.646966  0.828755  0.787067  0.694440  0.777374  0.745691  0.694309  0.829249 
23  0.765523  0.201408  0.280203  0.912051  0.589125  0.332492  0.484295  0.276435  0.803063  0.554900  0.682618  0.238931  0.779867  0.855807  0.320237  0.822162  0.828576  0.459569  0.901567  0.693794  0.936655  0.825898  0.746745 0.0  0.806485  0.739645  0.757511  0.716912  0.731535  0.671657  0.592910  0.479049  0.788227  0.646217  0.731191  0.784102  0.821729  0.828414  0.847760  0.851814  0.302461  0.887339  0.806493  0.793609  0.723227  0.685209  0.890636  0.753882  0.650023  0.858268  0.823982  0.890301  0.847129  0.777167  0.789866  0.707560  0.786751  0.722491  0.322471  0.769143 
24  0.907189  0.827172  0.753488  0.877398  0.662663  0.754204  0.815831  0.801720  0.830641  0.740257  0.901576  0.764387  0.914175  0.907227  0.786486  0.800451  0.212644  0.788268  0.798801  0.580744  0.784310  0.828967  0.771512  0.806485 0.0  0.842802  0.921472  0.882137  0.831048  0.814525  0.846960  0.794675  0.809656  0.797082  0.924169  0.747999  0.881150  0.918678  0.735277  0.893602  0.826916  0.762013  0.789967  0.870838  0.964362  0.851033  0.874172  0.828869  0.722599  0.781460  0.877041  0.734282  0.847513  0.833420  0.818566  0.909991  0.907435  0.847798  0.709271  0.777881 
25  0.247163  0.814819  0.823354  0.326284  0.580677  0.887057  0.830628  0.819722  0.556041  0.694083  0.813004  0.785476  0.599874  0.466252  0.807364  0.958363  0.863889  1.000000  0.420593  0.730610  0.773297  0.624765  0.582367  0.739645  0.842802 0.0  0.174438  0.433720  0.825758  0.504290  0.797687  0.923708  0.544538  0.764709  0.520648  0.775080  0.622617  0.399088  0.551197  0.640485  0.921774  0.577699  0.550760  0.362648  0.436242  0.774344  0.432124  0.171926  0.543123  0.577241  0.381600  0.748908  0.570200  0.474679  0.623130  0.612026  0.486705  0.653425  0.845432  0.947165 
26  0.178136  0.855731  0.899930  0.289628  0.684359  0.846070  0.816230  0.849293  0.538659  0.729067  0.799042  0.873171  0.586262  0.571386  0.850602  0.805892  0.847673  0.986476  0.495132  0.625879  0.807662  0.618238  0.793424  0.757511  0.921472  0.174438 0.0  0.445506  0.778224  0.608458  0.771891  0.960626  0.677546  0.859624  0.599079  0.869314  0.525072  0.526760  0.593059  0.645486  0.829199  0.659157  0.590522  0.349165  0.456693  0.813456  0.467313  0.188184  0.644572  0.519397  0.393050  0.814003  0.527577  0.482372  0.720049  0.483905  0.443439  0.740460  0.854811  0.838517 
27  0.494542  0.890999  0.838226  0.210663  0.540845  0.894850  0.855185  0.776758  0.585339  0.716440  0.782403  0.851069  0.636123  0.531462  0.797206  0.886472  0.821048  0.891078  0.288621  0.761933  0.879430  0.530480  0.699817  0.716912  0.882137  0.433720  0.445506 0.0  0.746690  0.553274  0.806261  0.956381  0.651118  0.732380  0.606334  0.776280  0.579033  0.403314  0.538427  0.705924  0.803529  0.728980  0.671580  0.474257  0.421438  0.824914  0.448187  0.503552  0.613698  0.551728  0.502814  0.928375  0.561005  0.324657  0.729640  0.573085  0.257586  0.644844  0.775599  0.880028 
28  0.686859  0.745263  0.822330  0.705726  0.546510  0.833156  0.710521  0.782490  0.791563  0.613827  0.740281  0.618418  0.656485  0.756521  0.714816  0.736260  0.818022  0.775575  0.744585  0.663498  0.700255  0.715561  0.788369  0.731535  0.831048  0.825758  0.778224  0.746690 0.0  0.723820  0.773882  0.629680  0.696211  0.828091  0.832042  0.438925  0.803047  0.777520  0.780805  0.683895  0.743778  0.814300  0.740025  0.739257  0.849282  0.399867  0.690584  0.686184  0.711088  0.733598  0.753470  0.671638  0.793516  0.747582  0.687605  0.736140  0.852268  0.676266  0.745791  0.750524 
29  0.587206  0.843449  0.892032  0.524800  0.550641  0.917992  0.779129  0.806160  0.411888  0.741468  0.729648  0.851994  0.348462  0.469396  0.798085  0.786975  0.768742  0.762021  0.632967  0.627441  0.830243  0.321547  0.719576  0.671657  0.814525  0.504290  0.608458  0.553274  0.723820 0.0  0.737916  0.831936  0.365055  0.813602  0.244692  0.700651  0.349991  0.548167  0.401297  0.577100  0.793174  0.526802  0.514147  0.579044  0.609454  0.764428  0.580539  0.628631  0.551968  0.513549  0.519937  0.761228  0.381208  0.558547  0.713788  0.668824  0.623306  0.338620  0.888668  0.604096 
30  0.789986  0.575671  0.534781  0.775364  0.602891  0.674977  0.518565  0.511470  0.741548  0.651997  0.788477  0.468922  0.860766  0.784562  0.481761  0.804294  0.777268  0.532623  0.717135  0.696740  0.773367  0.727451  0.794226  0.592910  0.846960  0.797687  0.771891  0.806261  0.773882  0.737916 0.0  0.617285  0.736422  0.289708  0.788874  0.691152  0.794035  0.838640  0.763607  0.930452  0.641233  0.774550  0.883522  0.805204  0.762142  0.696439  0.869094  0.819780  0.839983  0.797074  0.841745  0.809004  0.820821  0.809173  0.734181  0.812584  0.802087  0.767235  0.503403  0.738882 
31  0.871909  0.300255  0.277049  0.793013  0.728694  0.338167  0.135782  0.348382  0.891418  0.552988  0.655190  0.213955  0.709126  0.707347  0.341821  0.849129  0.752835  0.140292  0.886132  0.714533  0.724694  0.849624  0.773178  0.479049  0.794675  0.923708  0.960626  0.956381  0.629680  0.831936  0.617285 0.0  0.878764  0.490134  0.834670  0.732930  0.865121  0.789141  0.847935  0.832750  0.152749  0.928555  0.844120  0.938573  0.891690  0.697154  0.936558  0.923860  0.723144  0.812756  0.802252  0.842224  0.849417  0.867546  0.802531  0.862726  0.868890  0.914868  0.226005  0.624847 
32  0.667069  0.790037  0.914200  0.563043  0.566943  0.872453  0.822869  0.787047  0.235535  0.669456  0.828299  0.808890  0.366189  0.389164  0.813482  0.774822  0.898037  0.815073  0.588434  0.638811  0.820613  0.240933  0.730783  0.788227  0.809656  0.544538  0.677546  0.651118  0.696211  0.365055  0.736422  0.878764 0.0  0.769060  0.257148  0.685707  0.256341  0.498358  0.392161  0.532825  0.760598  0.430025  0.573094  0.626738  0.554988  0.778612  0.529726  0.698343  0.484310  0.660913  0.459853  0.818217  0.286687  0.595837  0.524551  0.630609  0.642254  0.194506  0.798386  0.505299 
33  0.819568  0.564649  0.681490  0.744767  0.569349  0.605868  0.605815  0.471544  0.784663  0.596362  0.875529  0.602857  0.857896  0.586060  0.583675  0.856257  0.829568  0.620655  0.765855  0.702483  0.761501  0.778925  0.747245  0.646217  0.797082  0.764709  0.859624  0.732380  0.828091  0.813602  0.289708  0.490134  0.769060 0.0  0.808232  0.819538  0.786620  0.753697  0.883795  0.894883  0.521647  0.788681  0.791084  0.847501  0.799955  0.790820  0.772067  0.741905  0.776387  0.843009  0.799677  0.874070  0.763720  0.715065  0.837949  0.856210  0.750206  0.721598  0.567729  0.781449 
34  0.616822  0.772354  0.874463  0.545533  0.523251  0.798227  0.801008  0.929889  0.158719  0.608700  0.728939  0.888779  0.436255  0.432684  0.825804  0.679309  0.871781  0.947732  0.700711  0.691688  0.796081  0.335546  0.654155  0.731191  0.924169  0.520648  0.599079  0.606334  0.832042  0.244692  0.788874  0.834670  0.257148  0.808232 0.0  0.714290  0.197903  0.555652  0.379074  0.552410  0.844596  0.487723  0.567383  0.587250  0.544086  0.765548  0.527289  0.540929  0.491006  0.617159  0.448944  0.887902  0.331777  0.686737  0.677982  0.459046  0.630556  0.346472  0.754309  0.480915 
35  0.716184  0.709046  0.625283  0.671886  0.559976  0.769254  0.672998  0.750294  0.760348  0.616488  0.721008  0.718781  0.784880  0.788172  0.831995  0.594341  0.785258  0.647275  0.816802  0.512206  0.702127  0.791897  0.738680  0.784102  0.747999  0.775080  0.869314  0.776280  0.438925  0.700651  0.691152  0.732930  0.685707  0.819538  0.714290 0.0  0.718308  0.766562  0.742834  0.662607  0.669082  0.688334  0.666571  0.737261  0.757121  0.302951  0.642514  0.784954  0.651561  0.692346  0.759752  0.605082  0.736154  0.827006  0.651009  0.745350  0.648154  0.709063  0.822712  0.774353 
36  0.591846  0.834554  0.883468  0.558345  0.611866  0.799479  0.779958  0.786302  0.289626  0.646288  0.639658  0.900223  0.353103  0.446521  0.858242  0.838233  0.832079  0.851305  0.658225  0.591399  0.797477  0.308812  0.625964  0.821729  0.881150  0.622617  0.525072  0.579033  0.803047  0.349991  0.794035  0.865121  0.256341  0.786620  0.197903  0.718308 0.0  0.536580  0.325166  0.547332  0.883296  0.534989  0.520442  0.660240  0.569363  0.799940  0.481506  0.562562  0.554624  0.615072  0.519268  0.819066  0.376543  0.626288  0.538688  0.475428  0.571369  0.231486  0.760620  0.639342 
37  0.464889  0.818078  0.946428  0.374847  0.607998  0.815744  0.939412  0.834175  0.625104  0.602518  0.769639  0.809902  0.555848  0.555647  0.901108  0.835088  0.879623  0.859144  0.479169  0.648604  0.735759  0.506495  0.607230  0.828414  0.918678  0.399088  0.526760  0.403314  0.777520  0.548167  0.838640  0.789141  0.498358  0.753697  0.555652  0.766562  0.536580 0.0  0.609155  0.646190  0.827492  0.700358  0.639869  0.586651  0.151711  0.822452  0.145062  0.551025  0.627225  0.601919  0.463799  0.827038  0.663614  0.482086  0.648395  0.671923  0.465467  0.591031  0.757852  0.865887 
38  0.602472  0.900909  0.847491  0.568211  0.518925  0.806009  0.890728  0.889852  0.414243  0.603364  0.874773  0.874879  0.399355  0.520597  0.714877  0.843069  0.800134  0.810360  0.567588  0.518567  0.862804  0.414350  0.729077  0.847760  0.735277  0.551197  0.593059  0.538427  0.780805  0.401297  0.763607  0.847935  0.392161  0.883795  0.379074  0.742834  0.325166  0.609155 0.0  0.301282  0.775619  0.359026  0.505550  0.586485  0.673688  0.774173  0.504668  0.716547  0.538724  0.592076  0.643809  0.818168  0.372730  0.582587  0.587312  0.438194  0.591541  0.326871  0.870698  0.561733 
39  0.654576  0.795538  0.938148  0.540067  0.597236  0.831430  0.827509  0.872921  0.626025  0.586816  0.751862  0.775911  0.364838  0.547661  0.859609  0.671377  0.774615  0.843678  0.640074  0.432238  0.617092  0.473185  0.744815  0.851814  0.893602  0.640485  0.645486  0.705924  0.683895  0.577100  0.930452  0.832750  0.532825  0.894883  0.552410  0.662607  0.547332  0.646190  0.301282 0.0  0.770687  0.240909  0.523470  0.728654  0.742812  0.680932  0.686879  0.673549  0.581880  0.633823  0.644295  0.796348  0.505239  0.664297  0.553960  0.417982  0.691230  0.447833  0.949752  0.548780 
40  0.786318  0.365534  0.244655  0.810810  0.605018  0.394550  0.332574  0.441023  0.837332  0.585957  0.723828  0.335867  0.790189  0.765657  0.368016  0.780029  0.842956  0.260800  0.854391  0.742379  0.820057  0.898177  0.693360  0.302461  0.826916  0.921774  0.829199  0.803529  0.743778  0.793174  0.641233  0.152749  0.760598  0.521647  0.844596  0.669082  0.883296  0.827492  0.775619  0.770687 0.0  0.833615  0.854694  0.939868  0.898718  0.648056  0.883448  0.764629  0.743463  0.791824  0.841136  0.721756  0.813360  0.881897  0.813314  0.806780  0.864871  0.901517  0.262951  0.749013 
41  0.705088  0.775162  0.891438  0.622830  0.535787  0.817469  0.785810  0.934691  0.431614  0.575783  0.836005  0.758248  0.463508  0.566452  0.870947  0.825200  0.829457  0.797848  0.701880  0.693699  0.728193  0.437967  0.794302  0.887339  0.762013  0.577699  0.659157  0.728980  0.814300  0.526802  0.774550  0.928555  0.430025  0.788681  0.487723  0.688334  0.534989  0.700358  0.359026  0.240909  0.833615 0.0  0.535379  0.665885  0.619847  0.739861  0.695504  0.719525  0.678808  0.757225  0.720133  0.804067  0.554878  0.619863  0.528330  0.496320  0.650730  0.515663  0.828386  0.430446 
42  0.584685  0.761210  0.934660  0.545342  0.499700  0.899268  0.872019  0.775687  0.535216  0.597147  0.843242  0.742549  0.556027  0.628483  0.774939  0.746978  0.776380  0.773980  0.730565  0.560579  0.622994  0.542022  0.689607  0.806493  0.789967  0.550760  0.590522  0.671580  0.740025  0.514147  0.883522  0.844120  0.573094  0.791084  0.567383  0.666571  0.520442  0.639869  0.505550  0.523470  0.854694  0.535379 0.0  0.539447  0.589418  0.767991  0.551291  0.615115  0.303631  0.372196  0.638555  0.550253  0.509356  0.506070  0.272471  0.374305  0.554739  0.499984  0.725257  0.746889 
43  0.348212  0.746008  0.807469  0.394366  0.487663  0.820773  0.751983  0.864700  0.456033  0.587802  0.691241  0.929887  0.575621  0.518252  0.894598  0.804508  0.870576  0.834480  0.433301  0.645918  0.895244  0.579606  0.655568  0.793609  0.870838  0.362648  0.349165  0.474257  0.739257  0.579044  0.805204  0.938573  0.626738  0.847501  0.587250  0.737261  0.660240  0.586651  0.586485  0.728654  0.939868  0.665885  0.539447 0.0  0.461024  0.884428  0.439789  0.293931  0.634120  0.550684  0.496414  0.917774  0.589047  0.399914  0.661302  0.506438  0.396418  0.597295  0.883398  0.836745 
44  0.374461  0.780153  0.733718  0.501935  0.606795  0.836043  0.874907  0.842920  0.569352  0.502696  0.671064  0.914899  0.696851  0.446064  0.860777  0.854948  0.954131  0.932255  0.495743  0.654616  0.866697  0.610362  0.737525  0.723227  0.964362  0.436242  0.456693  0.421438  0.849282  0.609454  0.762142  0.891690  0.554988  0.799955  0.544086  0.757121  0.569363  0.151711  0.673688  0.742812  0.898718  0.619847  0.589418  0.461024 0.0  0.840447  0.226241  0.545721  0.559078  0.684043  0.516519  0.844023  0.609323  0.413807  0.642703  0.452099  0.331554  0.615177  0.803395  0.824333 
45  0.713148  0.830959  0.709521  0.824744  0.713690  0.706037  0.748463  0.737767  0.818495  0.546553  0.811970  0.770335  0.723639  0.701773  0.679391  0.697259  0.702220  0.765042  0.850936  0.575022  0.631191  0.766602  0.661080  0.685209  0.851033  0.774344  0.813456  0.824914  0.399867  0.764428  0.696439  0.697154  0.778612  0.790820  0.765548  0.302951  0.799940  0.822452  0.774173  0.680932  0.648056  0.739861  0.767991  0.884428  0.840447 0.0  0.831258  0.819779  0.828050  0.832646  0.730315  0.599063  0.715603  0.839231  0.721810  0.760399  0.845690  0.811030  0.714000  0.754914 
46  0.435879  0.797143  0.881855  0.428238  0.606214  0.810446  0.836279  0.839140  0.600088  0.655248  0.709974  0.776711  0.480856  0.512168  0.794788  0.840883  0.912771  0.848635  0.437957  0.789581  0.801645  0.676101  0.636956  0.890636  0.874172  0.432124  0.467313  0.448187  0.690584  0.580539  0.869094  0.936558  0.529726  0.772067  0.527289  0.642514  0.481506  0.145062  0.504668  0.686879  0.883448  0.695504  0.551291  0.439789  0.226241  0.831258 0.0  0.511519  0.699784  0.691752  0.517867  0.793534  0.647527  0.383921  0.553560  0.520037  0.470867  0.579147  0.880741  0.816380 
47  0.272243  0.792478  0.823842  0.347089  0.510770  0.793410  0.848580  0.861848  0.641123  0.635495  0.763800  0.893693  0.561894  0.497310  0.774141  0.819400  0.854206  0.859033  0.432900  0.739100  0.846230  0.583069  0.705263  0.753882  0.828869  0.171926  0.188184  0.503552  0.686184  0.628631  0.819780  0.923860  0.698343  0.741905  0.540929  0.784954  0.562562  0.551025  0.716547  0.673549  0.764629  0.719525  0.615115  0.293931  0.545721  0.819779  0.511519 0.0  0.538023  0.611544  0.462568  0.787904  0.485234  0.525477  0.661991  0.393969  0.518467  0.615060  0.882172  0.685849 
48  0.587452  0.813748  0.709085  0.559999  0.554988  0.921066  0.760796  0.733846  0.593930  0.630053  0.663969  0.758320  0.562241  0.542697  0.784839  0.659986  0.904880  0.865025  0.543738  0.554133  0.580038  0.614661  0.729782  0.650023  0.722599  0.543123  0.644572  0.613698  0.711088  0.551968  0.839983  0.723144  0.484310  0.776387  0.491006  0.651561  0.554624  0.627225  0.538724  0.581880  0.743463  0.678808  0.303631  0.634120  0.559078  0.828050  0.699784  0.538023 0.0  0.359236  0.555050  0.545322  0.605144  0.599302  0.393761  0.361151  0.543554  0.586121  0.723590  0.714322 
49  0.667391  0.842503  0.752316  0.540194  0.709286  0.819217  0.902105  0.814821  0.684683  0.716623  0.710979  0.769572  0.655482  0.640588  0.867320  0.718018  0.771788  0.772423  0.575169  0.641553  0.583313  0.618789  0.713977  0.858268  0.781460  0.577241  0.519397  0.551728  0.733598  0.513549  0.797074  0.812756  0.660913  0.843009  0.617159  0.692346  0.615072  0.601919  0.592076  0.633823  0.791824  0.757225  0.372196  0.550684  0.684043  0.832646  0.691752  0.611544  0.359236 0.0  0.497831  0.620119  0.588999  0.513760  0.417010  0.480595  0.692355  0.673337  0.723786  0.823812 
50  0.549709  0.761800  0.805682  0.382004  0.584402  0.778184  0.773639  0.751259  0.435859  0.675672  0.731285  0.884011  0.642920  0.305125  0.878768  0.862796  0.960673  0.836805  0.419012  0.522557  0.896883  0.523732  0.648911  0.823982  0.877041  0.381600  0.393050  0.502814  0.753470  0.519937  0.841745  0.802252  0.459853  0.799677  0.448944  0.759752  0.519268  0.463799  0.643809  0.644295  0.841136  0.720133  0.638555  0.496414  0.516519  0.730315  0.517867  0.462568  0.555050  0.497831 0.0  0.820665  0.484048  0.558839  0.719244  0.548120  0.526798  0.554760  0.777308  0.853539 
51  0.819967  0.935469  0.701608  0.839064  0.614019  0.910134  0.812048  0.823067  0.762273  0.647994  0.859240  0.811381  0.759251  0.808894  0.792493  0.293030  0.857971  0.648424  0.834497  0.651284  0.293818  0.757021  0.752793  0.890301  0.734282  0.748908  0.814003  0.928375  0.671638  0.761228  0.809004  0.842224  0.818217  0.874070  0.887902  0.605082  0.819066  0.827038  0.818168  0.796348  0.721756  0.804067  0.550253  0.917774  0.844023  0.599063  0.793534  0.787904  0.545322  0.620119  0.820665 0.0  0.857371  0.741337  0.497163  0.647159  0.825829  0.800675  0.666781  0.382992 
52  0.535453  0.809695  0.971844  0.510299  0.555784  0.863445  0.764764  0.858513  0.291588  0.669131  0.763306  0.822061  0.468677  0.424841  0.767446  0.810904  0.828076  0.819070  0.587657  0.571144  0.797605  0.422716  0.646966  0.847129  0.847513  0.570200  0.527577  0.561005  0.793516  0.381208  0.820821  0.849417  0.286687  0.763720  0.331777  0.736154  0.376543  0.663614  0.372730  0.505239  0.813360  0.554878  0.509356  0.589047  0.609323  0.715603  0.647527  0.485234  0.605144  0.588999  0.484048  0.857371 0.0  0.616221  0.612232  0.511137  0.651213  0.312569  0.883436  0.564793 
53  0.446296  0.692505  0.911859  0.390007  0.635023  0.845151  0.903722  0.892727  0.691001  0.675289  0.761354  0.769924  0.575389  0.456411  0.837881  0.892880  0.944317  0.969569  0.307085  0.648170  0.832949  0.660017  0.828755  0.777167  0.833420  0.474679  0.482372  0.324657  0.747582  0.558547  0.809173  0.867546  0.595837  0.715065  0.686737  0.827006  0.626288  0.482086  0.582587  0.664297  0.881897  0.619863  0.506070  0.399914  0.413807  0.839231  0.383921  0.525477  0.599302  0.513760  0.558839  0.741337  0.616221 0.0  0.629870  0.444422  0.323536  0.629450  0.814048  0.757803 
54  0.669180  0.833924  0.760555  0.664476  0.550691  0.928210  0.805558  0.859006  0.652034  0.585189  0.749825  0.873213  0.545708  0.563705  0.863726  0.531121  0.855831  0.747038  0.644267  0.543426  0.551836  0.557082  0.787067  0.789866  0.818566  0.623130  0.720049  0.729640  0.687605  0.713788  0.734181  0.802531  0.524551  0.837949  0.677982  0.651009  0.538688  0.648395  0.587312  0.553960  0.813314  0.528330  0.272471  0.661302  0.642703  0.721810  0.553560  0.661991  0.393761  0.417010  0.719244  0.497163  0.612232  0.629870 0.0  0.352599  0.681605  0.596476  0.861891  0.727157 
55  0.534179  0.817084  0.827585  0.524899  0.627109  0.677358  0.652116  0.852895  0.575689  0.589734  0.891645  0.747569  0.658117  0.626123  0.858128  0.650205  0.830848  0.782474  0.507441  0.611176  0.653324  0.594271  0.694440  0.707560  0.909991  0.612026  0.483905  0.573085  0.736140  0.668824  0.812584  0.862726  0.630609  0.856210  0.459046  0.745350  0.475428  0.671923  0.438194  0.417982  0.806780  0.496320  0.374305  0.506438  0.452099  0.760399  0.520037  0.393969  0.361151  0.480595  0.548120  0.647159  0.511137  0.444422  0.352599 0.0  0.522292  0.504342  0.725117  0.789932 
56  0.413900  0.793182  0.905896  0.303734  0.563762  0.784847  0.848413  0.705289  0.643777  0.583510  0.804180  0.867368  0.652799  0.577705  0.767169  0.795502  0.828888  0.860827  0.220824  0.542529  0.840296  0.565875  0.777374  0.786751  0.907435  0.486705  0.443439  0.257586  0.852268  0.623306  0.802087  0.868890  0.642254  0.750206  0.630556  0.648154  0.571369  0.465467  0.591541  0.691230  0.864871  0.650730  0.554739  0.396418  0.331554  0.845690  0.470867  0.518467  0.543554  0.692355  0.526798  0.825829  0.651213  0.323536  0.681605  0.522292 0.0  0.787883  0.700737  0.832937 
57  0.821639  0.852980  0.853858  0.545477  0.673324  0.895627  0.844243  0.832958  0.376743  0.526265  0.654113  0.859937  0.274549  0.516636  0.792317  0.760553  0.813751  0.882638  0.605467  0.677605  0.755220  0.280791  0.745691  0.722491  0.847798  0.653425  0.740460  0.644844  0.676266  0.338620  0.767235  0.914868  0.194506  0.721598  0.346472  0.709063  0.231486  0.591031  0.326871  0.447833  0.901517  0.515663  0.499984  0.597295  0.615177  0.811030  0.579147  0.615060  0.586121  0.673337  0.554760  0.800675  0.312569  0.629450  0.596476  0.504342  0.787883 0.0  0.857830  0.616677 
58  0.784328  0.312932  0.238233  0.776737  0.559687  0.269456  0.234053  0.268009  0.831428  0.728741  0.710261  0.308640  0.714039  0.822565  0.372099  0.751000  0.841478  0.263458  0.722955  0.590028  0.819947  0.817096  0.694309  0.322471  0.709271  0.845432  0.854811  0.775599  0.745791  0.888668  0.503403  0.226005  0.798386  0.567729  0.754309  0.822712  0.760620  0.757852  0.870698  0.949752  0.262951  0.828386  0.725257  0.883398  0.803395  0.714000  0.880741  0.882172  0.723590  0.723786  0.777308  0.666781  0.883436  0.814048  0.861891  0.725117  0.700737  0.857830 0.0  0.662662 
59  0.791709  0.755037  0.801958  0.754463  0.644771  0.843827  0.723936  0.760296  0.547452  0.539703  0.738421  0.672972  0.639769  0.745750  0.818625  0.473473  0.811914  0.757087  0.846101  0.587235  0.487448  0.543918  0.829249  0.769143  0.777881  0.947165  0.838517  0.880028  0.750524  0.604096  0.738882  0.624847  0.505299  0.781449  0.480915  0.774353  0.639342  0.865887  0.561733  0.548780  0.749013  0.430446  0.746889  0.836745  0.824333  0.754914  0.816380  0.685849  0.714322  0.823812  0.853539  0.382992  0.564793  0.757803  0.727157  0.789932  0.832937  0.616677  0.662662 0.0 
