60
0 0.0  0.779829  0.805539  0.389491  0.549889  0.796545  0.881255  0.735275  0.570129  0.699103  0.681037  0.841602  0.494291  0.424946  0.795453  0.859454  0.872026  0.860130  0.537584  0.634991  0.865762  0.611802  0.706233  0.682592  0.890532  0.217251  0.218209  0.436833  0.771450  0.636152  0.731373  0.931508  0.643326  0.760895  0.623382  0.751581  0.576197  0.383504  0.594335  0.675313  0.828772  0.588162  0.654918  0.320649  0.494853  0.690393  0.540385  0.321915  0.545004  0.706642  0.445048  0.801431  0.639500  0.440119  0.514277  0.589561  0.446213  0.673551  0.853008  0.757917 
1  0.779829 0.0  0.358294  0.760081  0.506732  0.371748  0.375824  0.301868  0.861173  0.772161  0.771037  0.289721  0.674822  0.894644  0.355364  0.803763  0.786289  0.337138  0.840981  0.655430  0.748932  0.782621  0.711253  0.259368  0.808372  0.680321  0.794176  0.868849  0.761724  0.747757  0.648334  0.350125  0.802479  0.544954  0.879167  0.689118  0.840438  0.725803  0.782202  0.818062  0.425685  0.850706  0.882825  0.802062  0.746587  0.756622  0.724388  0.784576  0.769293  0.720365  0.850162  0.734355  0.743001  0.836033  0.787343  0.801048  0.754003  0.707220  0.304836  0.738528 
2  0.805539  0.358294 0.0  0.904987  0.763185  0.430271  0.274899  0.347814  0.861049  0.632113  0.782589  0.263743  0.728591  0.896861  0.446569  0.688684  0.798298  0.232525  0.954234  0.679660  0.830804  0.800974  0.742132  0.372826  0.738251  0.881420  0.832570  0.732210  0.821975  0.870097  0.582673  0.175006  0.870323  0.567541  0.926360  0.698501  0.864071  0.798970  0.828546  0.808940  0.284871  0.857121  0.810122  0.793639  0.838281  0.625504  0.865336  0.920936  0.659972  0.868074  0.715778  0.750503  0.843739  0.824858  0.788024  0.803480  0.948936  0.920682  0.349162  0.774302 
3  0.389491  0.760081  0.904987 0.0  0.532890  0.803454  0.777301  0.811491  0.553187  0.708092  0.788424  0.769654  0.592862  0.444370  0.768771  0.764834  0.729882  0.786363  0.239125  0.678447  0.757774  0.592190  0.575762  0.897567  0.836616  0.315367  0.421563  0.252703  0.716526  0.559698  0.720351  0.785988  0.548998  0.756237  0.507731  0.699167  0.475049  0.350481  0.591917  0.590817  0.790559  0.621599  0.527730  0.338495  0.480381  0.686204  0.357301  0.373057  0.525248  0.529847  0.441879  0.789956  0.505087  0.157251  0.542537  0.582140  0.214308  0.525289  0.800895  0.780389 
4  0.549889  0.506732  0.763185  0.532890 0.0  0.654763  0.625329  0.571717  0.585547  0.639196  0.599138  0.617217  0.594308  0.492027  0.618496  0.604549  0.823349  0.534467  0.634585  0.572558  0.604753  0.583676  0.560947  0.672357  0.707702  0.654307  0.652307  0.667954  0.637120  0.606282  0.716663  0.631888  0.578848  0.624637  0.637685  0.562350  0.468417  0.475848  0.591242  0.569052  0.606362  0.605887  0.615679  0.519505  0.692582  0.661205  0.621934  0.515714  0.635066  0.600866  0.636436  0.646196  0.592369  0.596809  0.662734  0.673709  0.601571  0.496692  0.583594  0.601415 
5  0.796545  0.371748  0.430271  0.803454  0.654763 0.0  0.358361  0.240789  0.816220  0.639638  0.675257  0.347648  0.815537  0.781746  0.283033  0.749986  0.880042  0.412553  0.816494  0.633207  0.891991  0.782279  0.671892  0.304625  0.896514  0.942081  0.895058  0.841418  0.860296  0.774572  0.552329  0.390205  0.728631  0.671860  0.787227  0.707076  0.812575  0.809202  0.802830  0.911871  0.391745  0.906591  0.766853  0.786556  0.768920  0.715884  0.847712  0.856886  0.827000  0.778577  0.693943  0.917573  0.728722  0.892019  0.885467  0.701946  0.899499  0.905490  0.327050  0.823763 
6  0.881255  0.375824  0.274899  0.777301  0.625329  0.358361 0.0  0.327774  0.823709  0.633196  0.674989  0.185821  0.818041  0.865893  0.307826  0.824196  0.853846  0.372880  0.813296  0.592794  0.821410  0.778631  0.736590  0.369387  0.797112  0.832770  0.861621  0.787960  0.763326  0.813046  0.504790  0.291340  0.897369  0.525994  0.788313  0.837959  0.839600  0.874449  0.851089  0.853759  0.258872  0.963255  0.761446  0.773612  0.814271  0.728462  0.799580  0.842031  0.759430  0.886116  0.781129  0.800723  0.730958  0.741690  0.858138  0.821867  0.801898  0.897108  0.350429  0.727485 
7  0.735275  0.301868  0.347814  0.811491  0.571717  0.240789  0.327774 0.0  0.820716  0.586236  0.622350  0.330915  0.760842  0.849192  0.264649  0.830201  0.793373  0.288833  0.886972  0.681219  0.859268  0.729821  0.732897  0.336270  0.712052  0.830548  0.725598  0.875250  0.655605  0.779654  0.619706  0.334996  0.839939  0.541158  0.760060  0.612780  0.898454  0.879844  0.834570  0.808532  0.351061  0.870300  0.820401  0.814965  0.746164  0.728540  0.846741  0.855769  0.671735  0.789862  0.751364  0.837177  0.808353  0.811575  0.880572  0.793788  0.672531  0.904099  0.295001  0.713154 
8  0.570129  0.861173  0.861049  0.553187  0.585547  0.816220  0.823709  0.820716 0.0  0.604100  0.644477  0.750420  0.405055  0.459796  0.830014  0.729803  0.805305  0.829482  0.643578  0.639680  0.788276  0.395021  0.699820  0.810905  0.883507  0.514075  0.546817  0.567835  0.751379  0.259620  0.824386  0.843927  0.258035  0.792433  0.238382  0.668745  0.272944  0.643359  0.398620  0.542145  0.820923  0.534956  0.561249  0.631110  0.507486  0.755685  0.523967  0.584136  0.460920  0.541387  0.401232  0.756081  0.231223  0.576488  0.631849  0.525559  0.543344  0.344316  0.680602  0.523229 
9  0.699103  0.772161  0.632113  0.708092  0.639196  0.639638  0.633196  0.586236  0.604100 0.0  0.702744  0.667135  0.626905  0.717169  0.626863  0.596187  0.759650  0.521283  0.626297  0.535979  0.577598  0.639802  0.701134  0.674744  0.711418  0.697418  0.672760  0.699252  0.552438  0.538050  0.597187  0.637060  0.582895  0.691327  0.599347  0.600375  0.697706  0.690745  0.662762  0.548988  0.544379  0.633173  0.561267  0.564240  0.603245  0.522579  0.614529  0.717618  0.633802  0.665288  0.641539  0.503468  0.647103  0.633032  0.532693  0.655118  0.586966  0.600390  0.658763  0.594942 
10  0.681037  0.771037  0.782589  0.788424  0.599138  0.675257  0.674989  0.622350  0.644477  0.702744 0.0  0.686535  0.656422  0.803585  0.725067  0.756512  0.942185  0.710932  0.726978  0.581474  0.826276  0.623360  0.436605  0.580929  0.969385  0.814652  0.600501  0.816793  0.816143  0.714485  0.735911  0.812710  0.814701  0.794537  0.749174  0.692657  0.700621  0.688106  0.739736  0.712232  0.801882  0.707452  0.722078  0.698341  0.754308  0.852219  0.707345  0.789706  0.666333  0.755406  0.687127  0.759662  0.688186  0.762967  0.721315  0.699959  0.690381  0.726433  0.764890  0.848771 
11  0.841602  0.289721  0.263743  0.769654  0.617217  0.347648  0.185821  0.330915  0.750420  0.667135  0.686535 0.0  0.712865  0.852314  0.293666  0.806956  0.769528  0.176739  0.867060  0.667052  0.705341  0.759513  0.695227  0.363528  0.770165  0.793769  0.791319  0.805190  0.652236  0.826068  0.585739  0.233871  0.829359  0.569813  0.828730  0.631095  0.827171  0.936456  0.781461  0.864358  0.374817  0.867141  0.686383  0.936692  0.820485  0.666750  0.777432  0.944709  0.712966  0.720393  0.830162  0.739694  0.825240  0.785185  0.804234  0.780452  0.840070  0.824909  0.318274  0.743118 
12  0.494291  0.674822  0.728591  0.592862  0.594308  0.815537  0.818041  0.760842  0.405055  0.626905  0.656422  0.712865 0.0  0.482015  0.746258  0.772562  0.814497  0.839775  0.499265  0.531464  0.804333  0.422087  0.632870  0.779431  0.874080  0.554797  0.610530  0.525460  0.744185  0.417191  0.718146  0.672055  0.367613  0.806152  0.438294  0.695006  0.410265  0.565616  0.436025  0.447806  0.846400  0.434401  0.482236  0.555208  0.575867  0.819363  0.450958  0.542916  0.515421  0.559676  0.506300  0.603127  0.416847  0.609328  0.579220  0.572878  0.559425  0.379870  0.761544  0.602238 
13  0.424946  0.894644  0.896861  0.444370  0.492027  0.781746  0.865893  0.849192  0.459796  0.717169  0.803585  0.852314  0.482015 0.0  0.818467  0.746300  0.898835  0.749051  0.328601  0.661878  0.875128  0.534006  0.799460  0.774714  0.756703  0.592146  0.499877  0.578558  0.634717  0.560411  0.700435  0.745304  0.482849  0.733417  0.526551  0.769078  0.545024  0.569904  0.452999  0.532430  0.841806  0.627623  0.566040  0.476284  0.534533  0.674324  0.538873  0.502058  0.604786  0.471283  0.214742  0.840698  0.442622  0.591900  0.617357  0.573335  0.490591  0.569931  0.869242  0.720528 
14  0.795453  0.355364  0.446569  0.768771  0.618496  0.283033  0.307826  0.264649  0.830014  0.626863  0.725067  0.293666  0.746258  0.818467 0.0  0.800986  0.789192  0.375043  0.683378  0.708560  0.880669  0.823990  0.661063  0.378870  0.840721  0.716611  0.844122  0.755371  0.750824  0.851394  0.552503  0.378913  0.876480  0.539194  0.818198  0.712811  0.817564  0.818438  0.812833  0.897917  0.247531  0.942682  0.806398  0.737252  0.840537  0.684909  0.764592  0.747980  0.761746  0.859270  0.731112  0.772061  0.834933  0.783384  0.911188  0.718141  0.756752  0.834390  0.336206  0.665628 
15  0.859454  0.803763  0.688684  0.764834  0.604549  0.749986  0.824196  0.830201  0.729803  0.596187  0.756512  0.806956  0.772562  0.746300  0.800986 0.0  0.763367  0.715103  0.799878  0.633533  0.208667  0.817821  0.706600  0.871122  0.751072  0.753155  0.848477  0.837211  0.687079  0.788148  0.706087  0.699900  0.840581  0.909895  0.736890  0.582910  0.796371  0.828296  0.859957  0.690558  0.658234  0.887462  0.586343  0.881583  0.830361  0.696354  0.892186  0.816773  0.679095  0.558745  0.651342  0.258452  0.834413  0.813801  0.611765  0.669727  0.829759  0.848334  0.847932  0.528518 
16  0.872026  0.786289  0.798298  0.729882  0.823349  0.880042  0.853846  0.793373  0.805305  0.759650  0.942185  0.769528  0.814497  0.898835  0.789192  0.763367 0.0  0.756193  0.819156  0.676235  0.655068  0.824672  0.814581  0.760629  0.188420  0.774549  0.781503  0.954235  0.743092  0.867240  0.779436  0.703604  0.862767  0.807595  0.799130  0.840235  0.858452  0.862341  0.904556  0.821150  0.901767  0.787753  0.738927  0.766568  0.852657  0.771233  0.882398  0.818918  0.803552  0.778697  0.863205  0.729579  0.794588  0.894070  0.873247  0.885193  0.814437  0.732719  0.852669  0.800884 
17  0.860130  0.337138  0.232525  0.786363  0.534467  0.412553  0.372880  0.288833  0.829482  0.521283  0.710932  0.176739  0.839775  0.749051  0.375043  0.715103  0.756193 0.0  0.908778  0.711707  0.799587  0.809844  0.793651  0.244508  0.837608  0.946210  0.793273  0.902866  0.701571  0.827666  0.656107  0.106109  0.757865  0.616625  0.897929  0.692388  0.887529  0.871411  0.788297  0.899753  0.310532  0.815123  0.819445  0.768629  0.780981  0.817908  0.909954  0.872141  0.725774  0.849034  0.849578  0.680024  0.870475  0.881018  0.832393  0.679316  0.931432  0.820894  0.335048  0.678515 
18  0.537584  0.840981  0.954234  0.239125  0.634585  0.816494  0.813296  0.886972  0.643578  0.626297  0.726978  0.867060  0.499265  0.328601  0.683378  0.799878  0.819156  0.908778 0.0  0.601046  0.761880  0.560609  0.701142  0.824922  0.794313  0.519445  0.395605  0.287081  0.750472  0.564476  0.643742  0.836674  0.647997  0.838094  0.692474  0.703737  0.713529  0.498719  0.603810  0.646317  0.845713  0.602826  0.510145  0.442415  0.387534  0.829552  0.459323  0.511986  0.518574  0.581809  0.411888  0.817749  0.602601  0.277476  0.563396  0.574520  0.205673  0.622842  0.800386  0.820798 
19  0.634991  0.655430  0.679660  0.678447  0.572558  0.633207  0.592794  0.681219  0.639680  0.535979  0.581474  0.667052  0.531464  0.661878  0.708560  0.633533  0.676235  0.711707  0.601046 0.0  0.514895  0.503850  0.670947  0.731360  0.659715  0.620321  0.568173  0.705849  0.710716  0.675524  0.625843  0.743326  0.590037  0.697472  0.534714  0.482538  0.531401  0.712127  0.585806  0.568429  0.734960  0.540425  0.587690  0.654548  0.625166  0.657027  0.693661  0.605815  0.615266  0.680121  0.671117  0.635071  0.626525  0.566811  0.534395  0.646051  0.676939  0.630073  0.638055  0.458251 
20  0.865762  0.748932  0.830804  0.757774  0.604753  0.891991  0.821410  0.859268  0.788276  0.577598  0.826276  0.705341  0.804333  0.875128  0.880669  0.208667  0.655068  0.799587  0.761880  0.514895 0.0  0.663317  0.722940  0.816422  0.777916  0.804837  0.847096  0.913691  0.742280  0.788082  0.829475  0.793443  0.720907  0.794227  0.813197  0.720732  0.853627  0.783836  0.814430  0.742806  0.766586  0.768644  0.585965  0.849855  0.819327  0.639571  0.783585  0.703088  0.514189  0.630299  0.811163  0.332771  0.781703  0.819065  0.534015  0.647738  0.833619  0.731062  0.713065  0.517574 
21  0.611802  0.782621  0.800974  0.592190  0.583676  0.782279  0.778631  0.729821  0.395021  0.639802  0.623360  0.759513  0.422087  0.534006  0.823990  0.817821  0.824672  0.809844  0.560609  0.503850  0.663317 0.0  0.610204  0.858790  0.812076  0.631472  0.705530  0.628493  0.696340  0.331844  0.723053  0.912295  0.184143  0.719365  0.308937  0.653359  0.234872  0.583911  0.340075  0.497599  0.944354  0.486536  0.613486  0.670345  0.586808  0.650261  0.602286  0.624108  0.537601  0.601312  0.495115  0.792091  0.385429  0.617453  0.669945  0.524554  0.667787  0.260071  0.767769  0.607010 
22  0.706233  0.711253  0.742132  0.575762  0.560947  0.671892  0.736590  0.732897  0.699820  0.701134  0.436605  0.695227  0.632870  0.799460  0.661063  0.706600  0.814581  0.793651  0.701142  0.670947  0.722940  0.610204 0.0  0.836582  0.818267  0.670289  0.644686  0.764281  0.717745  0.814492  0.760339  0.703158  0.727618  0.839505  0.668960  0.668628  0.647627  0.671127  0.703977  0.809605  0.742039  0.775404  0.727626  0.638621  0.692862  0.849656  0.738522  0.627315  0.851763  0.791842  0.681131  0.741030  0.700720  0.669518  0.779873  0.754225  0.630825  0.762797  0.787544  0.765008 
23  0.682592  0.259368  0.372826  0.897567  0.672357  0.304625  0.369387  0.336270  0.810905  0.674744  0.580929  0.363528  0.779431  0.774714  0.378870  0.871122  0.760629  0.244508  0.824922  0.731360  0.816422  0.858790  0.836582 0.0  0.837905  0.835179  0.751791  0.791999  0.728427  0.731633  0.537986  0.318977  0.745435  0.544851  0.733462  0.728636  0.766897  0.737651  0.869600  0.787423  0.461972  0.915051  0.764030  0.721686  0.717560  0.655455  0.736335  0.820833  0.669867  0.858161  0.709546  0.871000  0.787437  0.829712  0.890086  0.787054  0.776635  0.797290  0.384557  0.690765 
24  0.890532  0.808372  0.738251  0.836616  0.707702  0.896514  0.797112  0.712052  0.883507  0.711418  0.969385  0.770165  0.874080  0.756703  0.840721  0.751072  0.188420  0.837608  0.794313  0.659715  0.777916  0.812076  0.818267  0.837905 0.0  0.862286  0.885212  0.860125  0.679015  0.841310  0.716693  0.763391  0.808426  0.768900  0.904242  0.860540  0.798773  0.791320  0.692138  0.851275  0.737210  0.804489  0.808813  0.772145  0.898472  0.778429  0.845962  0.886184  0.769910  0.824019  0.821583  0.800961  0.906186  0.912921  0.876667  0.752047  0.868093  0.846757  0.866683  0.785214 
25  0.217251  0.680321  0.881420  0.315367  0.654307  0.942081  0.832770  0.830548  0.514075  0.697418  0.814652  0.793769  0.554797  0.592146  0.716611  0.753155  0.774549  0.946210  0.519445  0.620321  0.804837  0.631472  0.670289  0.835179  0.862286 0.0  0.318056  0.450334  0.653873  0.572633  0.826706  0.838873  0.642017  0.752869  0.577824  0.748906  0.608155  0.546181  0.492091  0.641220  0.867251  0.670604  0.436712  0.364987  0.435704  0.740295  0.476158  0.152363  0.546702  0.630200  0.525697  0.759269  0.587351  0.535825  0.584455  0.417033  0.529719  0.689409  0.862327  0.823643 
26  0.218209  0.794176  0.832570  0.421563  0.652307  0.895058  0.861621  0.725598  0.546817  0.672760  0.600501  0.791319  0.610530  0.499877  0.844122  0.848477  0.781503  0.793273  0.395605  0.568173  0.847096  0.705530  0.644686  0.751791  0.885212  0.318056 0.0  0.477356  0.701364  0.604880  0.704263  0.897583  0.604384  0.747707  0.495201  0.596825  0.532476  0.443922  0.669797  0.695721  0.837099  0.740677  0.649469  0.370851  0.455233  0.781601  0.485931  0.233986  0.594674  0.554081  0.453732  0.794019  0.501385  0.502931  0.610720  0.535069  0.500580  0.596306  0.736668  0.819970 
27  0.436833  0.868849  0.732210  0.252703  0.667954  0.841418  0.787960  0.875250  0.567835  0.699252  0.816793  0.805190  0.525460  0.578558  0.755371  0.837211  0.954235  0.902866  0.287081  0.705849  0.913691  0.628493  0.764281  0.791999  0.860125  0.450334  0.477356 0.0  0.778883  0.461063  0.699775  0.940915  0.561131  0.715365  0.621596  0.746907  0.631825  0.434319  0.550079  0.655706  0.758432  0.660057  0.535826  0.523253  0.516885  0.808977  0.386650  0.545284  0.588122  0.576358  0.510518  0.863386  0.582917  0.181811  0.712687  0.506721  0.244845  0.669349  0.653606  0.813892 
28  0.771450  0.761724  0.821975  0.716526  0.637120  0.860296  0.763326  0.655605  0.751379  0.552438  0.816143  0.652236  0.744185  0.634717  0.750824  0.687079  0.743092  0.701571  0.750472  0.710716  0.742280  0.696340  0.717745  0.728427  0.679015  0.653873  0.701364  0.778883 0.0  0.699386  0.761127  0.684015  0.783897  0.789113  0.738099  0.362086  0.719673  0.848433  0.672868  0.819824  0.683674  0.621874  0.739172  0.950730  0.760935  0.438282  0.779166  0.740727  0.673923  0.699594  0.696412  0.636392  0.685077  0.775421  0.747764  0.757062  0.873278  0.744797  0.787063  0.627133 
29  0.636152  0.747757  0.870097  0.559698  0.606282  0.774572  0.813046  0.779654  0.259620  0.538050  0.714485  0.826068  0.417191  0.560411  0.851394  0.788148  0.867240  0.827666  0.564476  0.675524  0.788082  0.331844  0.814492  0.731633  0.841310  0.572633  0.604880  0.461063  0.699386 0.0  0.855164  0.753178  0.375583  0.759321  0.408063  0.699649  0.263550  0.611944  0.297848  0.534991  0.793025  0.462813  0.423336  0.483796  0.581892  0.639262  0.757914  0.531294  0.482067  0.747531  0.533473  0.771819  0.316893  0.621667  0.673081  0.578566  0.621502  0.325872  0.751725  0.619096 
30  0.731373  0.648334  0.582673  0.720351  0.716663  0.552329  0.504790  0.619706  0.824386  0.597187  0.735911  0.585739  0.718146  0.700435  0.552503  0.706087  0.779436  0.656107  0.643742  0.625843  0.829475  0.723053  0.760339  0.537986  0.716693  0.826706  0.704263  0.699775  0.761127  0.855164 0.0  0.594145  0.749787  0.363676  0.650510  0.656530  0.741642  0.821773  0.870078  0.693794  0.508477  0.785783  0.785338  0.786900  0.702491  0.697678  0.751580  0.779478  0.833094  0.766743  0.731766  0.904601  0.836217  0.730084  0.829525  0.872542  0.745123  0.855413  0.496026  0.926328 
31  0.931508  0.350125  0.175006  0.785988  0.631888  0.390205  0.291340  0.334996  0.843927  0.637060  0.812710  0.233871  0.672055  0.745304  0.378913  0.699900  0.703604  0.106109  0.836674  0.743326  0.793443  0.912295  0.703158  0.318977  0.763391  0.838873  0.897583  0.940915  0.684015  0.753178  0.594145 0.0  0.777143  0.577652  0.887745  0.607147  0.898328  0.814940  0.847425  0.818949  0.215529  0.895048  0.805916  0.814527  0.834698  0.759731  0.745799  1.000000  0.798890  0.730662  0.772007  0.818113  0.938076  0.830900  0.802488  0.823488  0.846042  0.803050  0.307850  0.730544 
32  0.643326  0.802479  0.870323  0.548998  0.578848  0.728631  0.897369  0.839939  0.258035  0.582895  0.814701  0.829359  0.367613  0.482849  0.876480  0.840581  0.862767  0.757865  0.647997  0.590037  0.720907  0.184143  0.727618  0.745435  0.808426  0.642017  0.604384  0.561131  0.783897  0.375583  0.749787  0.777143 0.0  0.750486  0.332213  0.665359  0.167960  0.563722  0.390123  0.425748  0.783707  0.379668  0.577130  0.620170  0.587577  0.745977  0.538957  0.555210  0.485670  0.584305  0.486497  0.676126  0.329445  0.704083  0.580091  0.541402  0.529103  0.181276  0.808726  0.559846 
33  0.760895  0.544954  0.567541  0.756237  0.624637  0.671860  0.525994  0.541158  0.792433  0.691327  0.794537  0.569813  0.806152  0.733417  0.539194  0.909895  0.807595  0.616625  0.838094  0.697472  0.794227  0.719365  0.839505  0.544851  0.768900  0.752869  0.747707  0.715365  0.789113  0.759321  0.363676  0.577652  0.750486 0.0  0.783719  0.764458  0.711989  0.729849  0.709092  0.741918  0.513342  0.900130  0.749412  0.839186  0.733740  0.794845  0.867655  0.755354  0.818665  0.818410  0.863866  0.837955  0.695244  0.628723  0.782576  0.848901  0.653497  0.715233  0.496813  0.690539 
34  0.623382  0.879167  0.926360  0.507731  0.637685  0.787227  0.788313  0.760060  0.238382  0.599347  0.749174  0.828730  0.438294  0.526551  0.818198  0.736890  0.799130  0.897929  0.692474  0.534714  0.813197  0.308937  0.668960  0.733462  0.904242  0.577824  0.495201  0.621596  0.738099  0.408063  0.650510  0.887745  0.332213  0.783719 0.0  0.690220  0.237323  0.557565  0.402999  0.549307  0.890527  0.484706  0.531361  0.445780  0.543566  0.776580  0.608569  0.554915  0.519295  0.518966  0.393423  0.691761  0.202415  0.427409  0.593521  0.499870  0.703201  0.287016  0.766176  0.596830 
35  0.751581  0.689118  0.698501  0.699167  0.562350  0.707076  0.837959  0.612780  0.668745  0.600375  0.692657  0.631095  0.695006  0.769078  0.712811  0.582910  0.840235  0.692388  0.703737  0.482538  0.720732  0.653359  0.668628  0.728636  0.860540  0.748906  0.596825  0.746907  0.362086  0.699649  0.656530  0.607147  0.665359  0.764458  0.690220 0.0  0.721465  0.701074  0.711221  0.601666  0.619354  0.684542  0.670402  0.723517  0.761746  0.439024  0.668509  0.718218  0.584870  0.696128  0.773793  0.749265  0.777340  0.713921  0.682533  0.703090  0.679073  0.770279  0.676919  0.608562 
36  0.576197  0.840438  0.864071  0.475049  0.468417  0.812575  0.839600  0.898454  0.272944  0.697706  0.700621  0.827171  0.410265  0.545024  0.817564  0.796371  0.858452  0.887529  0.713529  0.531401  0.853627  0.234872  0.647627  0.766897  0.798773  0.608155  0.532476  0.631825  0.719673  0.263550  0.741642  0.898328  0.167960  0.711989  0.237323  0.721465 0.0  0.479391  0.340475  0.516400  0.916201  0.477530  0.489992  0.647416  0.604306  0.842779  0.601414  0.589229  0.464148  0.594956  0.437278  0.843362  0.212543  0.646492  0.619466  0.621235  0.685600  0.208196  0.644864  0.543895 
37  0.383504  0.725803  0.798970  0.350481  0.475848  0.809202  0.874449  0.879844  0.643359  0.690745  0.688106  0.936456  0.565616  0.569904  0.818438  0.828296  0.862341  0.871411  0.498719  0.712127  0.783836  0.583911  0.671127  0.737651  0.791320  0.546181  0.443922  0.434319  0.848433  0.611944  0.821773  0.814940  0.563722  0.729849  0.557565  0.701074  0.479391 0.0  0.551595  0.661749  0.739832  0.575553  0.665824  0.453441  0.218376  0.768951  0.302679  0.478571  0.573310  0.566040  0.484211  0.810595  0.598428  0.465980  0.512880  0.558622  0.453203  0.603914  0.683184  0.694822 
38  0.594335  0.782202  0.828546  0.591917  0.591242  0.802830  0.851089  0.834570  0.398620  0.662762  0.739736  0.781461  0.436025  0.452999  0.812833  0.859957  0.904556  0.788297  0.603810  0.585806  0.814430  0.340075  0.703977  0.869600  0.692138  0.492091  0.669797  0.550079  0.672868  0.297848  0.870078  0.847425  0.390123  0.709092  0.402999  0.711221  0.340475  0.551595 0.0  0.386852  0.872016  0.368567  0.479158  0.546182  0.591404  0.747792  0.592042  0.510624  0.587085  0.502687  0.552909  0.736062  0.451273  0.613382  0.496161  0.583167  0.585117  0.376905  0.821938  0.622175 
39  0.675313  0.818062  0.808940  0.590817  0.569052  0.911871  0.853759  0.808532  0.542145  0.548988  0.712232  0.864358  0.447806  0.532430  0.897917  0.690558  0.821150  0.899753  0.646317  0.568429  0.742806  0.497599  0.809605  0.787423  0.851275  0.641220  0.695721  0.655706  0.819824  0.534991  0.693794  0.818949  0.425748  0.741918  0.549307  0.601666  0.516400  0.661749  0.386852 0.0  0.862938  0.200070  0.610237  0.644698  0.671309  0.615125  0.636526  0.704470  0.636701  0.635237  0.568368  0.637657  0.560456  0.700437  0.628875  0.515350  0.676641  0.433949  0.811162  0.542695 
40  0.828772  0.425685  0.284871  0.790559  0.606362  0.391745  0.258872  0.351061  0.820923  0.544379  0.801882  0.374817  0.846400  0.841806  0.247531  0.658234  0.901767  0.310532  0.845713  0.734960  0.766586  0.944354  0.742039  0.461972  0.737210  0.867251  0.837099  0.758432  0.683674  0.793025  0.508477  0.215529  0.783707  0.513342  0.890527  0.619354  0.916201  0.739832  0.872016  0.862938 0.0  0.902685  0.752966  0.875089  0.859861  0.656002  0.857828  0.812091  0.722085  0.761291  0.705211  0.661166  0.695719  0.737173  0.923930  0.854134  0.829552  0.857452  0.280730  0.854370 
41  0.588162  0.850706  0.857121  0.621599  0.605887  0.906591  0.963255  0.870300  0.534956  0.633173  0.707452  0.867141  0.434401  0.627623  0.942682  0.887462  0.787753  0.815123  0.602826  0.540425  0.768644  0.486536  0.775404  0.915051  0.804489  0.670604  0.740677  0.660057  0.621874  0.462813  0.785783  0.895048  0.379668  0.900130  0.484706  0.684542  0.477530  0.575553  0.368567  0.200070  0.902685 0.0  0.545832  0.662388  0.701630  0.774126  0.602497  0.617279  0.612361  0.662574  0.584056  0.793074  0.542225  0.606725  0.474882  0.485364  0.682958  0.506200  0.829172  0.489955 
42  0.654918  0.882825  0.810122  0.527730  0.615679  0.766853  0.761446  0.820401  0.561249  0.561267  0.722078  0.686383  0.482236  0.566040  0.806398  0.586343  0.738927  0.819445  0.510145  0.587690  0.585965  0.613486  0.727626  0.764030  0.808813  0.436712  0.649469  0.535826  0.739172  0.423336  0.785338  0.805916  0.577130  0.749412  0.531361  0.670402  0.489992  0.665824  0.479158  0.610237  0.752966  0.545832 0.0  0.524293  0.650506  0.766229  0.492047  0.591979  0.392673  0.291244  0.557103  0.737219  0.556431  0.586482  0.367659  0.372280  0.626732  0.504755  0.836609  0.801909 
43  0.320649  0.802062  0.793639  0.338495  0.519505  0.786556  0.773612  0.814965  0.631110  0.564240  0.698341  0.936692  0.555208  0.476284  0.737252  0.881583  0.766568  0.768629  0.442415  0.654548  0.849855  0.670345  0.638621  0.721686  0.772145  0.364987  0.370851  0.523253  0.950730  0.483796  0.786900  0.814527  0.620170  0.839186  0.445780  0.723517  0.647416  0.453441  0.546182  0.644698  0.875089  0.662388  0.524293 0.0  0.416561  0.810589  0.465129  0.237410  0.497878  0.643474  0.477169  0.749169  0.576798  0.369152  0.584001  0.509874  0.531334  0.673552  0.720108  0.840186 
44  0.494853  0.746587  0.838281  0.480381  0.692582  0.768920  0.814271  0.746164  0.507486  0.603245  0.754308  0.820485  0.575867  0.534533  0.840537  0.830361  0.852657  0.780981  0.387534  0.625166  0.819327  0.586808  0.692862  0.717560  0.898472  0.435704  0.455233  0.516885  0.760935  0.581892  0.702491  0.834698  0.587577  0.733740  0.543566  0.761746  0.604306  0.218376  0.591404  0.671309  0.859861  0.701630  0.650506  0.416561 0.0  0.796460  0.250259  0.497767  0.491306  0.695555  0.520573  0.913553  0.516481  0.394751  0.591376  0.401872  0.378981  0.568654  0.686175  0.734491 
45  0.690393  0.756622  0.625504  0.686204  0.661205  0.715884  0.728462  0.728540  0.755685  0.522579  0.852219  0.666750  0.819363  0.674324  0.684909  0.696354  0.771233  0.817908  0.829552  0.657027  0.639571  0.650261  0.849656  0.655455  0.778429  0.740295  0.781601  0.808977  0.438282  0.639262  0.697678  0.759731  0.745977  0.794845  0.776580  0.439024  0.842779  0.768951  0.747792  0.615125  0.656002  0.774126  0.766229  0.810589  0.796460 0.0  0.761323  0.726285  0.680318  0.709819  0.700136  0.785952  0.755863  0.831204  0.669056  0.818540  0.755145  0.710968  0.723385  0.667009 
46  0.540385  0.724388  0.865336  0.357301  0.621934  0.847712  0.799580  0.846741  0.523967  0.614529  0.707345  0.777432  0.450958  0.538873  0.764592  0.892186  0.882398  0.909954  0.459323  0.693661  0.783585  0.602286  0.738522  0.736335  0.845962  0.476158  0.485931  0.386650  0.779166  0.757914  0.751580  0.745799  0.538957  0.867655  0.608569  0.668509  0.601414  0.302679  0.592042  0.636526  0.857828  0.602497  0.492047  0.465129  0.250259  0.761323 0.0  0.454694  0.544764  0.578641  0.424883  0.781041  0.597650  0.393742  0.645760  0.599589  0.508330  0.534881  0.794779  0.656379 
47  0.321915  0.784576  0.920936  0.373057  0.515714  0.856886  0.842031  0.855769  0.584136  0.717618  0.789706  0.944709  0.542916  0.502058  0.747980  0.816773  0.818918  0.872141  0.511986  0.605815  0.703088  0.624108  0.627315  0.820833  0.886184  0.152363  0.233986  0.545284  0.740727  0.531294  0.779478  1.000000  0.555210  0.755354  0.554915  0.718218  0.589229  0.478571  0.510624  0.704470  0.812091  0.617279  0.591979  0.237410  0.497767  0.726285  0.454694 0.0  0.531225  0.461358  0.487285  0.875006  0.613012  0.527363  0.555600  0.448775  0.540130  0.688347  0.852387  0.773929 
48  0.545004  0.769293  0.659972  0.525248  0.635066  0.827000  0.759430  0.671735  0.460920  0.633802  0.666333  0.712966  0.515421  0.604786  0.761746  0.679095  0.803552  0.725774  0.518574  0.615266  0.514189  0.537601  0.851763  0.669867  0.769910  0.546702  0.594674  0.588122  0.673923  0.482067  0.833094  0.798890  0.485670  0.818665  0.519295  0.584870  0.464148  0.573310  0.587085  0.636701  0.722085  0.612361  0.392673  0.497878  0.491306  0.680318  0.544764  0.531225 0.0  0.320496  0.509545  0.571170  0.460823  0.574788  0.504996  0.329495  0.622579  0.617753  0.746489  0.639138 
49  0.706642  0.720365  0.868074  0.529847  0.600866  0.778577  0.886116  0.789862  0.541387  0.665288  0.755406  0.720393  0.559676  0.471283  0.859270  0.558745  0.778697  0.849034  0.581809  0.680121  0.630299  0.601312  0.791842  0.858161  0.824019  0.630200  0.554081  0.576358  0.699594  0.747531  0.766743  0.730662  0.584305  0.818410  0.518966  0.696128  0.594956  0.566040  0.502687  0.635237  0.761291  0.662574  0.291244  0.643474  0.695555  0.709819  0.578641  0.461358  0.320496 0.0  0.495563  0.505066  0.529574  0.610000  0.395852  0.306895  0.514882  0.653285  0.745308  0.809413 
50  0.445048  0.850162  0.715778  0.441879  0.636436  0.693943  0.781129  0.751364  0.401232  0.641539  0.687127  0.830162  0.506300  0.214742  0.731112  0.651342  0.863205  0.849578  0.411888  0.671117  0.811163  0.495115  0.681131  0.709546  0.821583  0.525697  0.453732  0.510518  0.696412  0.533473  0.731766  0.772007  0.486497  0.863866  0.393423  0.773793  0.437278  0.484211  0.552909  0.568368  0.705211  0.584056  0.557103  0.477169  0.520573  0.700136  0.424883  0.487285  0.509545  0.495563 0.0  0.649831  0.356106  0.525993  0.581987  0.546349  0.481634  0.577127  0.731618  0.779824 
51  0.801431  0.734355  0.750503  0.789956  0.646196  0.917573  0.800723  0.837177  0.756081  0.503468  0.759662  0.739694  0.603127  0.840698  0.772061  0.258452  0.729579  0.680024  0.817749  0.635071  0.332771  0.792091  0.741030  0.871000  0.800961  0.759269  0.794019  0.863386  0.636392  0.771819  0.904601  0.818113  0.676126  0.837955  0.691761  0.749265  0.843362  0.810595  0.736062  0.637657  0.661166  0.793074  0.737219  0.749169  0.913553  0.785952  0.781041  0.875006  0.571170  0.505066  0.649831 0.0  0.791506  0.817493  0.581982  0.634756  0.764419  0.857812  0.693053  0.474728 
52  0.639500  0.743001  0.843739  0.505087  0.592369  0.728722  0.730958  0.808353  0.231223  0.647103  0.688186  0.825240  0.416847  0.442622  0.834933  0.834413  0.794588  0.870475  0.602601  0.626525  0.781703  0.385429  0.700720  0.787437  0.906186  0.587351  0.501385  0.582917  0.685077  0.316893  0.836217  0.938076  0.329445  0.695244  0.202415  0.777340  0.212543  0.598428  0.451273  0.560456  0.695719  0.542225  0.556431  0.576798  0.516481  0.755863  0.597650  0.613012  0.460823  0.529574  0.356106  0.791506 0.0  0.505589  0.614592  0.527644  0.679501  0.226233  0.932840  0.635658 
53  0.440119  0.836033  0.824858  0.157251  0.596809  0.892019  0.741690  0.811575  0.576488  0.633032  0.762967  0.785185  0.609328  0.591900  0.783384  0.813801  0.894070  0.881018  0.277476  0.566811  0.819065  0.617453  0.669518  0.829712  0.912921  0.535825  0.502931  0.181811  0.775421  0.621667  0.730084  0.830900  0.704083  0.628723  0.427409  0.713921  0.646492  0.465980  0.613382  0.700437  0.737173  0.606725  0.586482  0.369152  0.394751  0.831204  0.393742  0.527363  0.574788  0.610000  0.525993  0.817493  0.505589 0.0  0.657583  0.538551  0.277138  0.578814  0.798006  0.794867 
54  0.514277  0.787343  0.788024  0.542537  0.662734  0.885467  0.858138  0.880572  0.631849  0.532693  0.721315  0.804234  0.579220  0.617357  0.911188  0.611765  0.873247  0.832393  0.563396  0.534395  0.534015  0.669945  0.779873  0.890086  0.876667  0.584455  0.610720  0.712687  0.747764  0.673081  0.829525  0.802488  0.580091  0.782576  0.593521  0.682533  0.619466  0.512880  0.496161  0.628875  0.923930  0.474882  0.367659  0.584001  0.591376  0.669056  0.645760  0.555600  0.504996  0.395852  0.581987  0.581982  0.614592  0.657583 0.0  0.288243  0.700849  0.576510  0.818621  0.664658 
55  0.589561  0.801048  0.803480  0.582140  0.673709  0.701946  0.821867  0.793788  0.525559  0.655118  0.699959  0.780452  0.572878  0.573335  0.718141  0.669727  0.885193  0.679316  0.574520  0.646051  0.647738  0.524554  0.754225  0.787054  0.752047  0.417033  0.535069  0.506721  0.757062  0.578566  0.872542  0.823488  0.541402  0.848901  0.499870  0.703090  0.621235  0.558622  0.583167  0.515350  0.854134  0.485364  0.372280  0.509874  0.401872  0.818540  0.599589  0.448775  0.329495  0.306895  0.546349  0.634756  0.527644  0.538551  0.288243 0.0  0.546855  0.460139  0.829663  0.646614 
56  0.446213  0.754003  0.948936  0.214308  0.601571  0.899499  0.801898  0.672531  0.543344  0.586966  0.690381  0.840070  0.559425  0.490591  0.756752  0.829759  0.814437  0.931432  0.205673  0.676939  0.833619  0.667787  0.630825  0.776635  0.868093  0.529719  0.500580  0.244845  0.873278  0.621502  0.745123  0.846042  0.529103  0.653497  0.703201  0.679073  0.685600  0.453203  0.585117  0.676641  0.829552  0.682958  0.626732  0.531334  0.378981  0.755145  0.508330  0.540130  0.622579  0.514882  0.481634  0.764419  0.679501  0.277138  0.700849  0.546855 0.0  0.559572  0.808078  0.777546 
57  0.673551  0.707220  0.920682  0.525289  0.496692  0.905490  0.897108  0.904099  0.344316  0.600390  0.726433  0.824909  0.379870  0.569931  0.834390  0.848334  0.732719  0.820894  0.622842  0.630073  0.731062  0.260071  0.762797  0.797290  0.846757  0.689409  0.596306  0.669349  0.744797  0.325872  0.855413  0.803050  0.181276  0.715233  0.287016  0.770279  0.208196  0.603914  0.376905  0.433949  0.857452  0.506200  0.504755  0.673552  0.568654  0.710968  0.534881  0.688347  0.617753  0.653285  0.577127  0.857812  0.226233  0.578814  0.576510  0.460139  0.559572 0.0  0.795589  0.547897 
58  0.853008  0.304836  0.349162  0.800895  0.583594  0.327050  0.350429  0.295001  0.680602  0.658763  0.764890  0.318274  0.761544  0.869242  0.336206  0.847932  0.852669  0.335048  0.800386  0.638055  0.713065  0.767769  0.787544  0.384557  0.866683  0.862327  0.736668  0.653606  0.787063  0.751725  0.496026  0.307850  0.808726  0.496813  0.766176  0.676919  0.644864  0.683184  0.821938  0.811162  0.280730  0.829172  0.836609  0.720108  0.686175  0.723385  0.794779  0.852387  0.746489  0.745308  0.731618  0.693053  0.932840  0.798006  0.818621  0.829663  0.808078  0.795589 0.0  0.768218 
59  0.757917  0.738528  0.774302  0.780389  0.601415  0.823763  0.727485  0.713154  0.523229  0.594942  0.848771  0.743118  0.602238  0.720528  0.665628  0.528518  0.800884  0.678515  0.820798  0.458251  0.517574  0.607010  0.765008  0.690765  0.785214  0.823643  0.819970  0.813892  0.627133  0.619096  0.926328  0.730544  0.559846  0.690539  0.596830  0.608562  0.543895  0.694822  0.622175  0.542695  0.854370  0.489955  0.801909  0.840186  0.734491  0.667009  0.656379  0.773929  0.639138  0.809413  0.779824  0.474728  0.635658  0.794867  0.664658  0.646614  0.777546  0.547897  0.768218 0.0 
