60
0 0.0  0.717361  0.797757  0.313584  0.466423  0.857163  0.748368  0.833470  0.609974  0.582420  0.596860  0.896535  0.563881  0.496061  0.812602  0.757088  0.785807  0.823793  0.368769  0.606479  0.804291  0.419481  0.681003  0.804280  0.871828  0.224083  0.280768  0.521690  0.789520  0.669894  0.734118  0.784232  0.640579  0.739240  0.643929  0.735205  0.698708  0.321531  0.578853  0.682009  0.817124  0.616649  0.494278  0.326059  0.374872  0.714303  0.327259  0.246982  0.530501  0.666683  0.567826  0.778544  0.499253  0.455433  0.698891  0.476280  0.439113  0.649009  0.785339  0.770734 
1  0.717361 0.0  0.379617  0.769049  0.683891  0.330021  0.274991  0.351267  0.781651  0.607126  0.765758  0.378464  0.809910  0.776233  0.375635  0.764325  0.856052  0.351131  0.749976  0.606178  0.956734  0.694041  0.799187  0.237958  0.851662  0.785139  0.685640  0.841508  0.703065  0.742495  0.569586  0.359376  0.788944  0.590276  0.718136  0.661858  0.796274  0.788410  0.741015  0.758401  0.363444  0.831918  0.760657  0.647873  0.774234  0.715586  0.777793  0.767004  0.631396  0.779602  0.786648  0.747277  0.801019  0.798786  0.735046  0.771602  0.712806  0.718854  0.309227  0.758759 
2  0.797757  0.379617 0.0  0.796306  0.592613  0.333152  0.357837  0.292774  0.808192  0.508582  0.778392  0.077683  0.766139  0.885546  0.288768  0.611220  0.803067  0.210331  0.859563  0.662833  0.683391  0.771904  0.668273  0.268761  0.656551  0.812014  0.823172  0.862209  0.667056  0.832444  0.595370  0.109896  0.990126  0.629231  0.908490  0.709785  0.715717  0.807179  0.832415  0.887846  0.268437  0.820245  0.915498  0.784227  0.710948  0.672668  0.867100  0.840104  0.709716  0.708645  0.768446  0.777996  0.864951  0.878847  0.880013  0.793706  0.800898  0.825571  0.240682  0.613261 
3  0.313584  0.769049  0.796306 0.0  0.532339  0.716754  0.845236  0.779598  0.613610  0.522593  0.664318  0.809589  0.526641  0.448318  0.748449  0.762973  0.809210  0.748060  0.314730  0.654454  0.803745  0.443346  0.633478  0.754107  0.741595  0.336568  0.394077  0.215240  0.790119  0.526359  0.875483  0.708833  0.519495  0.777573  0.583740  0.764406  0.493344  0.394054  0.565074  0.576001  0.693169  0.543093  0.550950  0.286226  0.372722  0.747952  0.357198  0.343127  0.576151  0.565105  0.287706  0.769540  0.459631  0.298015  0.687188  0.624777  0.164529  0.581705  0.734846  0.740309 
4  0.466423  0.683891  0.592613  0.532339 0.0  0.708244  0.627080  0.622958  0.495604  0.567843  0.596699  0.618077  0.578278  0.481711  0.730510  0.640028  0.785351  0.676467  0.623632  0.521104  0.613176  0.514833  0.552567  0.602534  0.625735  0.578399  0.601834  0.617399  0.522669  0.571686  0.547983  0.665052  0.578133  0.524602  0.622928  0.604036  0.576866  0.519369  0.573499  0.557507  0.610800  0.525113  0.498937  0.620929  0.629723  0.639720  0.667955  0.699455  0.691554  0.526229  0.553808  0.544821  0.652112  0.478992  0.503991  0.516581  0.470267  0.565703  0.513962  0.676050 
5  0.857163  0.330021  0.333152  0.716754  0.708244 0.0  0.265065  0.258601  0.834832  0.710856  0.806613  0.337400  0.767844  0.773994  0.353227  0.726366  0.755231  0.359097  0.785531  0.605567  0.787761  0.884208  0.678373  0.318586  0.752068  0.797715  0.855693  0.802674  0.790208  0.845861  0.570774  0.388351  0.810891  0.623323  0.859772  0.651278  0.848414  0.854045  0.834104  0.916421  0.365635  0.894300  0.867056  0.754030  0.883032  0.816346  0.753490  0.718083  0.835514  0.830679  0.689320  0.823599  0.799658  0.798127  0.896356  0.784694  0.705316  0.833718  0.268751  0.784504 
6  0.748368  0.274991  0.357837  0.845236  0.627080  0.265065 0.0  0.305429  0.789810  0.754903  0.738322  0.169685  0.700970  0.849853  0.185717  0.724341  0.790791  0.164866  0.857691  0.617955  0.736477  0.827223  0.801448  0.390194  0.804155  0.753194  0.862138  0.725959  0.722943  0.809115  0.560875  0.286707  0.835532  0.481244  0.857617  0.647766  0.857126  0.804763  0.791532  0.832305  0.330852  0.884364  0.821241  0.846494  0.832864  0.646624  0.873622  0.735987  0.776912  0.814536  0.777786  0.820199  0.650447  0.709591  0.817724  0.740745  0.811486  0.846239  0.267372  0.738714 
7  0.833470  0.351267  0.292774  0.779598  0.622958  0.258601  0.305429 0.0  0.802152  0.662323  0.650351  0.468451  0.735480  0.748444  0.192950  0.780323  0.852689  0.262516  0.782948  0.635331  0.817683  0.761327  0.757656  0.314093  0.716393  0.755331  0.790247  0.800234  0.811488  0.860441  0.437102  0.260208  0.813807  0.493785  0.744164  0.747898  0.888908  0.709187  0.838763  0.820005  0.386518  0.916747  0.787178  0.841524  0.744741  0.688344  0.820878  0.761154  0.794480  0.792366  0.748044  0.780546  0.921320  0.862313  0.845905  0.707855  0.748800  0.857328  0.331578  0.713590 
8  0.609974  0.781651  0.808192  0.613610  0.495604  0.834832  0.789810  0.802152 0.0  0.737258  0.748988  0.804483  0.398920  0.451903  0.855573  0.788577  0.763700  0.843090  0.553590  0.729969  0.775290  0.291477  0.645042  0.697093  0.828326  0.619148  0.621482  0.577319  0.666209  0.392206  0.729948  0.854758  0.325741  0.607140  0.146577  0.706817  0.286696  0.593475  0.358552  0.442803  0.732678  0.408641  0.527541  0.562387  0.465290  0.732078  0.596574  0.576534  0.506318  0.568654  0.414407  0.710541  0.089152  0.482396  0.554916  0.503613  0.582622  0.284562  0.664776  0.501700 
9  0.582420  0.607126  0.508582  0.522593  0.567843  0.710856  0.754903  0.662323  0.737258 0.0  0.632306  0.626098  0.600095  0.630163  0.632107  0.566321  0.624497  0.533264  0.672223  0.599880  0.589386  0.598948  0.646901  0.543807  0.646725  0.551141  0.718979  0.834574  0.604743  0.676266  0.594419  0.601314  0.571615  0.689542  0.571929  0.529426  0.646939  0.723010  0.611828  0.619412  0.655303  0.548924  0.528982  0.593348  0.659095  0.532466  0.604270  0.690541  0.552177  0.512688  0.616195  0.558610  0.688251  0.575898  0.574481  0.550253  0.580589  0.736154  0.518307  0.571922 
10  0.596860  0.765758  0.778392  0.664318  0.596699  0.806613  0.738322  0.650351  0.748988  0.632306 0.0  0.732108  0.651123  0.718614  0.799636  0.780752  0.825227  0.814690  0.811128  0.556162  0.705523  0.623192  0.388428  0.724124  0.916809  0.745339  0.755148  0.763646  0.858513  0.722569  0.782614  0.824680  0.720179  0.734965  0.693967  0.768606  0.628726  0.682291  0.671158  0.729153  0.724470  0.709477  0.753780  0.723131  0.719007  0.833309  0.648275  0.739851  0.699386  0.742549  0.737605  0.823948  0.765786  0.798097  0.754897  0.680735  0.660851  0.641665  0.735737  0.724450 
11  0.896535  0.378464  0.077683  0.809589  0.618077  0.337400  0.169685  0.468451  0.804483  0.626098  0.732108 0.0  0.809641  0.874255  0.316593  0.804970  0.809095  0.115407  0.790015  0.694705  0.821346  0.768605  0.774120  0.357268  0.766849  0.761999  0.931848  0.891826  0.641636  0.718034  0.540934  0.264203  0.712535  0.479187  0.823422  0.720627  0.850460  0.779879  0.769007  0.780549  0.206169  0.815391  0.850554  0.755550  0.778699  0.808962  0.791584  0.781318  0.706095  0.835720  0.845484  0.748416  0.823546  0.815645  0.775280  0.843403  0.908963  0.818036  0.288121  0.753451 
12  0.563881  0.809910  0.766139  0.526641  0.578278  0.767844  0.700970  0.735480  0.398920  0.600095  0.651123  0.809641 0.0  0.427125  0.750000  0.707383  0.885018  0.786307  0.477529  0.590931  0.861779  0.370590  0.752146  0.763443  0.935957  0.578245  0.456375  0.564402  0.724441  0.445968  0.735099  0.761626  0.385165  0.813299  0.423719  0.597329  0.305387  0.623062  0.373870  0.284417  0.761985  0.433578  0.478043  0.509260  0.577201  0.727630  0.539720  0.551999  0.487616  0.566637  0.364124  0.717691  0.332152  0.658156  0.552683  0.489121  0.535108  0.383072  0.672056  0.570665 
13  0.496061  0.776233  0.885546  0.448318  0.481711  0.773994  0.849853  0.748444  0.451903  0.630163  0.718614  0.874255  0.427125 0.0  0.690415  0.867244  0.867724  0.779454  0.510359  0.586773  0.891134  0.502329  0.745358  0.754115  0.866297  0.536091  0.523648  0.549873  0.703056  0.428891  0.704703  0.873323  0.494500  0.736096  0.472745  0.684983  0.454446  0.482712  0.378499  0.497859  0.762519  0.555551  0.492205  0.456012  0.446106  0.709362  0.492332  0.479535  0.564171  0.510292  0.225238  0.693873  0.481938  0.527296  0.579614  0.616586  0.500290  0.467659  0.696462  0.607926 
14  0.812602  0.375635  0.288768  0.748449  0.730510  0.353227  0.185717  0.192950  0.855573  0.632107  0.799636  0.316593  0.750000  0.690415 0.0  0.776956  0.797850  0.396692  0.799976  0.590925  0.800965  0.812789  0.634349  0.330738  0.780004  0.837829  0.801021  0.804917  0.675951  0.758995  0.523843  0.259680  0.881316  0.452045  0.845134  0.783686  0.778701  0.831158  0.906713  0.884861  0.424210  0.781838  0.779110  0.686474  0.850147  0.704713  0.881153  0.809765  0.783381  0.733571  0.780973  0.875006  0.810993  0.725520  0.872814  0.726230  0.788497  0.793511  0.385837  0.756114 
15  0.757088  0.764325  0.611220  0.762973  0.640028  0.726366  0.724341  0.780323  0.788577  0.566321  0.780752  0.804970  0.707383  0.867244  0.776956 0.0  0.745459  0.659900  0.817345  0.750091  0.196545  0.774600  0.783359  0.856131  0.732473  0.780795  0.856783  0.774486  0.776516  0.850927  0.629607  0.717723  0.852951  0.879627  0.855483  0.628738  0.708080  0.880105  0.825467  0.753912  0.800008  0.812555  0.575730  0.795112  0.823581  0.666300  0.818906  0.871008  0.523511  0.563897  0.834697  0.345460  0.876798  0.823756  0.543487  0.540943  0.778936  0.824851  0.794090  0.481446 
16  0.785807  0.856052  0.803067  0.809210  0.785351  0.755231  0.790791  0.852689  0.763700  0.624497  0.825227  0.809095  0.885018  0.867724  0.797850  0.745459 0.0  0.756016  0.848730  0.741040  0.800198  0.797496  0.721562  0.818955  0.172880  0.754421  0.814449  0.862240  0.649502  0.757249  0.779449  0.759042  0.874224  0.815676  0.839449  0.841777  0.846420  0.907853  0.801044  0.812521  0.747639  0.791051  0.837097  0.756410  0.978439  0.731907  0.812021  0.783556  0.878414  0.778790  0.884606  0.846077  0.759102  0.899899  0.798926  0.819207  0.850307  0.748008  0.880456  0.767979 
17  0.823793  0.351131  0.210331  0.748060  0.676467  0.359097  0.164866  0.262516  0.843090  0.533264  0.814690  0.115407  0.786307  0.779454  0.396692  0.659900  0.756016 0.0  0.757130  0.591110  0.776880  0.760889  0.737362  0.352485  0.774471  0.866882  0.926787  0.836203  0.727320  0.829701  0.435425  0.144796  0.736031  0.525485  0.849842  0.610066  0.898030  0.884697  0.840973  0.825077  0.170055  0.825506  0.821910  0.795705  0.814124  0.719459  0.834626  0.811133  0.769175  0.767463  0.767777  0.643743  0.888677  0.700825  0.977929  0.841217  0.758185  0.758547  0.298814  0.708559 
18  0.368769  0.749976  0.859563  0.314730  0.623632  0.785531  0.857691  0.782948  0.553590  0.672223  0.811128  0.790015  0.477529  0.510359  0.799976  0.817345  0.848730  0.757130 0.0  0.623198  0.784110  0.583671  0.745451  0.699691  0.800233  0.394352  0.454037  0.106664  0.822340  0.556214  0.670138  0.730054  0.570944  0.784649  0.539396  0.762660  0.608118  0.505417  0.522925  0.676297  0.713975  0.668721  0.575854  0.461661  0.468434  0.835609  0.442065  0.565581  0.630417  0.471180  0.419103  0.747812  0.607999  0.227833  0.639771  0.524245  0.129022  0.659812  0.785810  0.839559 
19  0.606479  0.606178  0.662833  0.654454  0.521104  0.605567  0.617955  0.635331  0.729969  0.599880  0.556162  0.694705  0.590931  0.586773  0.590925  0.750091  0.741040  0.591110  0.623198 0.0  0.597578  0.489339  0.626266  0.704432  0.619750  0.617377  0.632726  0.694024  0.570736  0.636953  0.702954  0.578444  0.515441  0.698353  0.603873  0.638561  0.624282  0.558595  0.595879  0.526278  0.619363  0.498079  0.530658  0.754634  0.658631  0.638315  0.613236  0.594485  0.634869  0.602577  0.575387  0.594842  0.508483  0.653459  0.526229  0.595821  0.661998  0.668836  0.572886  0.544785 
20  0.804291  0.956734  0.683391  0.803745  0.613176  0.787761  0.736477  0.817683  0.775290  0.589386  0.705523  0.821346  0.861779  0.891134  0.800965  0.196545  0.800198  0.776880  0.784110  0.597578 0.0  0.740025  0.696058  0.910484  0.659876  0.907868  0.798447  0.887460  0.643266  0.769740  0.805661  0.767872  0.814212  0.764432  0.842693  0.649521  0.888821  0.826255  0.829380  0.791029  0.747949  0.739821  0.542661  0.780836  0.837542  0.653746  0.873510  0.773040  0.676886  0.630971  0.805195  0.169370  0.790512  0.960349  0.542797  0.674150  0.870251  0.822259  0.894445  0.373217 
21  0.419481  0.694041  0.771904  0.443346  0.514833  0.884208  0.827223  0.761327  0.291477  0.598948  0.623192  0.768605  0.370590  0.502329  0.812789  0.774600  0.797496  0.760889  0.583671  0.489339  0.740025 0.0  0.735450  0.804522  0.798597  0.560920  0.536315  0.674474  0.782388  0.394165  0.697455  0.897164  0.326085  0.763493  0.358746  0.630590  0.237224  0.620966  0.406663  0.454523  0.810726  0.455289  0.621762  0.501311  0.595916  0.694677  0.574924  0.672470  0.508795  0.678197  0.636373  0.699239  0.363659  0.549972  0.694825  0.510267  0.645660  0.363926  0.721800  0.556703 
22  0.681003  0.799187  0.668273  0.633478  0.552567  0.678373  0.801448  0.757656  0.645042  0.646901  0.388428  0.774120  0.752146  0.745358  0.634349  0.783359  0.721562  0.737362  0.745451  0.626266  0.696058  0.735450 0.0  0.803231  0.853353  0.673854  0.727741  0.701126  0.836868  0.664480  0.707122  0.782177  0.626771  0.744614  0.624445  0.635790  0.587524  0.637596  0.637655  0.808744  0.713780  0.720935  0.696854  0.700287  0.698639  0.766658  0.677907  0.645691  0.698390  0.760634  0.721953  0.786731  0.685040  0.677239  0.728544  0.727444  0.698316  0.699965  0.680526  0.725555 
23  0.804280  0.237958  0.268761  0.754107  0.602534  0.318586  0.390194  0.314093  0.697093  0.543807  0.724124  0.357268  0.763443  0.754115  0.330738  0.856131  0.818955  0.352485  0.699691  0.704432  0.910484  0.804522  0.803231 0.0  0.781222  0.828372  0.769702  0.797558  0.729633  0.709035  0.534978  0.314354  0.725922  0.614757  0.694763  0.647979  0.760922  0.788916  0.812437  0.882998  0.365590  0.787834  0.808881  0.814580  0.716002  0.624467  0.786689  0.710874  0.811310  0.733241  0.793638  0.691764  0.800863  0.833986  0.702983  0.709228  0.755341  0.832815  0.313792  0.711648 
24  0.871828  0.851662  0.656551  0.741595  0.625735  0.752068  0.804155  0.716393  0.828326  0.646725  0.916809  0.766849  0.935957  0.866297  0.780004  0.732473  0.172880  0.774471  0.800233  0.619750  0.659876  0.798597  0.853353  0.781222 0.0  0.839663  0.730487  0.762826  0.763168  0.767830  0.809453  0.703733  0.848968  0.846049  0.763515  0.771287  0.847975  0.868907  0.761414  0.825262  0.699554  0.753089  0.770095  0.770518  0.889602  0.714291  0.832328  0.749457  0.828144  0.826727  0.771918  0.737474  0.859296  0.866715  0.813988  0.738849  0.770788  0.749654  0.814240  0.820330 
25  0.224083  0.785139  0.812014  0.336568  0.578399  0.797715  0.753194  0.755331  0.619148  0.551141  0.745339  0.761999  0.578245  0.536091  0.837829  0.780795  0.754421  0.866882  0.394352  0.617377  0.907868  0.560920  0.673854  0.828372  0.839663 0.0  0.222646  0.487558  0.845411  0.516880  0.691784  0.783132  0.641942  0.789265  0.576693  0.709059  0.624906  0.470358  0.569307  0.647852  0.757398  0.663606  0.594657  0.246887  0.397338  0.779460  0.441902  0.190874  0.547257  0.632204  0.449431  0.768148  0.572620  0.403262  0.647800  0.571382  0.365293  0.508706  0.714347  0.760629 
26  0.280768  0.685640  0.823172  0.394077  0.601834  0.855693  0.862138  0.790247  0.621482  0.718979  0.755148  0.931848  0.456375  0.523648  0.801021  0.856783  0.814449  0.926787  0.454037  0.632726  0.798447  0.536315  0.727741  0.769702  0.730487  0.222646 0.0  0.442715  0.794987  0.636284  0.750345  0.828835  0.541506  0.825137  0.570105  0.706750  0.539006  0.463081  0.655144  0.781022  0.758186  0.708282  0.666446  0.247578  0.499873  0.762960  0.392230  0.210542  0.555106  0.565147  0.546440  0.782297  0.502790  0.427942  0.719787  0.501299  0.454955  0.615188  0.746247  0.767065 
27  0.521690  0.841508  0.862209  0.215240  0.617399  0.802674  0.725959  0.800234  0.577319  0.834574  0.763646  0.891826  0.564402  0.549873  0.804917  0.774486  0.862240  0.836203  0.106664  0.694024  0.887460  0.674474  0.701126  0.797558  0.762826  0.487558  0.442715 0.0  0.860935  0.598414  0.718244  0.879232  0.663096  0.747378  0.631700  0.722849  0.627686  0.398294  0.536821  0.657708  0.785176  0.594172  0.632071  0.544221  0.478150  0.777293  0.458600  0.509849  0.540804  0.611010  0.392704  0.828148  0.609812  0.247752  0.590278  0.531817  0.213797  0.619288  0.724561  0.737416 
28  0.789520  0.703065  0.667056  0.790119  0.522669  0.790208  0.722943  0.811488  0.666209  0.604743  0.858513  0.641636  0.724441  0.703056  0.675951  0.776516  0.649502  0.727320  0.822340  0.570736  0.643266  0.782388  0.836868  0.729633  0.763168  0.845411  0.794987  0.860935 0.0  0.751743  0.777052  0.725482  0.721081  0.691623  0.749931  0.336105  0.750617  0.729806  0.688159  0.630670  0.631439  0.754506  0.728287  0.699410  0.726122  0.343093  0.730697  0.727732  0.669376  0.731663  0.767173  0.719094  0.825794  0.792143  0.614514  0.684121  0.768646  0.814500  0.782112  0.467507 
29  0.669894  0.742495  0.832444  0.526359  0.571686  0.845861  0.809115  0.860441  0.392206  0.676266  0.722569  0.718034  0.445968  0.428891  0.758995  0.850927  0.757249  0.829701  0.556214  0.636953  0.769740  0.394165  0.664480  0.709035  0.767830  0.516880  0.636284  0.598414  0.751743 0.0  0.659565  0.853581  0.290799  0.705781  0.326612  0.581424  0.251694  0.517448  0.292481  0.464786  0.832870  0.448872  0.459720  0.630197  0.581110  0.795818  0.572503  0.529571  0.507214  0.578706  0.314696  0.819289  0.269418  0.543111  0.629568  0.525383  0.541281  0.239116  0.825236  0.530062 
30  0.734118  0.569586  0.595370  0.875483  0.547983  0.570774  0.560875  0.437102  0.729948  0.594419  0.782614  0.540934  0.735099  0.704703  0.523843  0.629607  0.779449  0.435425  0.670138  0.702954  0.805661  0.697455  0.707122  0.534978  0.809453  0.691784  0.750345  0.718244  0.777052  0.659565 0.0  0.504502  0.674282  0.430965  0.798604  0.773502  0.790217  0.845166  0.807161  0.769458  0.503086  0.696717  0.881878  0.799597  0.765752  0.716056  0.752801  0.782921  0.722474  0.894751  0.753442  0.868777  0.772679  0.833463  0.808112  0.811581  0.674685  0.730789  0.676107  0.816940 
31  0.784232  0.359376  0.109896  0.708833  0.665052  0.388351  0.286707  0.260208  0.854758  0.601314  0.824680  0.264203  0.761626  0.873323  0.259680  0.717723  0.759042  0.144796  0.730054  0.578444  0.767872  0.897164  0.782177  0.314354  0.703733  0.783132  0.828835  0.879232  0.725482  0.853581  0.504502 0.0  0.802608  0.556323  0.807809  0.603683  0.838080  0.900473  0.805938  0.785308  0.205734  0.886423  0.755670  0.854153  0.750662  0.695066  0.839356  0.915184  0.770646  0.848760  0.886976  0.805335  0.822467  0.858533  0.777563  0.782509  0.780925  0.947464  0.330276  0.705393 
32  0.640579  0.788944  0.990126  0.519495  0.578133  0.810891  0.835532  0.813807  0.325741  0.571615  0.720179  0.712535  0.385165  0.494500  0.881316  0.852951  0.874224  0.736031  0.570944  0.515441  0.814212  0.326085  0.626771  0.725922  0.848968  0.641942  0.541506  0.663096  0.721081  0.290799  0.674282  0.802608 0.0  0.759920  0.319147  0.774835  0.209299  0.538778  0.332027  0.412304  0.842002  0.362089  0.507757  0.607671  0.549290  0.636298  0.512465  0.674477  0.529170  0.611822  0.423892  0.758839  0.318816  0.566942  0.630428  0.464651  0.523045  0.087701  0.752257  0.542704 
33  0.739240  0.590276  0.629231  0.777573  0.524602  0.623323  0.481244  0.493785  0.607140  0.689542  0.734965  0.479187  0.813299  0.736096  0.452045  0.879627  0.815676  0.525485  0.784649  0.698353  0.764432  0.763493  0.744614  0.614757  0.846049  0.789265  0.825137  0.747378  0.691623  0.705781  0.430965  0.556323  0.759920 0.0  0.678133  0.711737  0.829517  0.703941  0.820710  0.753153  0.487173  0.785080  0.751802  0.787349  0.761614  0.766586  0.760450  0.724928  0.789300  0.766254  0.716001  0.873907  0.743393  0.734663  0.764914  0.877007  0.693267  0.756733  0.534013  0.751899 
34  0.643929  0.718136  0.908490  0.583740  0.622928  0.859772  0.857617  0.744164  0.146577  0.571929  0.693967  0.823422  0.423719  0.472745  0.845134  0.855483  0.839449  0.849842  0.539396  0.603873  0.842693  0.358746  0.624445  0.694763  0.763515  0.576693  0.570105  0.631700  0.749931  0.326612  0.798604  0.807809  0.319147  0.678133 0.0  0.654266  0.203729  0.535835  0.465842  0.514271  0.808461  0.465982  0.571267  0.557467  0.543482  0.653840  0.663803  0.596973  0.525782  0.465269  0.440689  0.783584  0.162234  0.538882  0.667363  0.541768  0.618797  0.226847  0.708316  0.533014 
35  0.735205  0.661858  0.709785  0.764406  0.604036  0.651278  0.647766  0.747898  0.706817  0.529426  0.768606  0.720627  0.597329  0.684983  0.783686  0.628738  0.841777  0.610066  0.762660  0.638561  0.649521  0.630590  0.635790  0.647979  0.771287  0.709059  0.706750  0.722849  0.336105  0.581424  0.773502  0.603683  0.774835  0.711737  0.654266 0.0  0.610306  0.707656  0.725141  0.563986  0.745315  0.657816  0.589118  0.712906  0.712311  0.400703  0.678490  0.665239  0.653487  0.667051  0.724993  0.673106  0.782869  0.785607  0.538519  0.670875  0.755373  0.721754  0.736382  0.687466 
36  0.698708  0.796274  0.715717  0.493344  0.576866  0.848414  0.857126  0.888908  0.286696  0.646939  0.628726  0.850460  0.305387  0.454446  0.778701  0.708080  0.846420  0.898030  0.608118  0.624282  0.888821  0.237224  0.587524  0.760922  0.847975  0.624906  0.539006  0.627686  0.750617  0.251694  0.790217  0.838080  0.209299  0.829517  0.203729  0.610306 0.0  0.433529  0.348418  0.491343  0.833829  0.518816  0.522814  0.642265  0.488347  0.882949  0.639000  0.671472  0.480319  0.489855  0.395334  0.861358  0.242147  0.647767  0.486123  0.495485  0.657677  0.270741  0.709678  0.570999 
37  0.321531  0.788410  0.807179  0.394054  0.519369  0.854045  0.804763  0.709187  0.593475  0.723010  0.682291  0.779879  0.623062  0.482712  0.831158  0.880105  0.907853  0.884697  0.505417  0.558595  0.826255  0.620966  0.637596  0.788916  0.868907  0.470358  0.463081  0.398294  0.729806  0.517448  0.845166  0.900473  0.538778  0.703941  0.535835  0.707656  0.433529 0.0  0.504239  0.653076  0.807476  0.493710  0.396217  0.414907  0.278723  0.743057  0.190159  0.395927  0.569244  0.518111  0.336340  0.838496  0.589541  0.381727  0.710089  0.561418  0.471122  0.579512  0.814081  0.721500 
38  0.578853  0.741015  0.832415  0.565074  0.573499  0.834104  0.791532  0.838763  0.358552  0.611828  0.671158  0.769007  0.373870  0.378499  0.906713  0.825467  0.801044  0.840973  0.522925  0.595879  0.829380  0.406663  0.637655  0.812437  0.761414  0.569307  0.655144  0.536821  0.688159  0.292481  0.807161  0.805938  0.332027  0.820710  0.465842  0.725141  0.348418  0.504239 0.0  0.356368  0.722440  0.369916  0.444748  0.552839  0.732171  0.657257  0.625656  0.457312  0.469701  0.524512  0.586940  0.773329  0.395612  0.560492  0.540419  0.675522  0.582001  0.295182  0.817484  0.581210 
39  0.682009  0.758401  0.887846  0.576001  0.557507  0.916421  0.832305  0.820005  0.442803  0.619412  0.729153  0.780549  0.284417  0.497859  0.884861  0.753912  0.812521  0.825077  0.676297  0.526278  0.791029  0.454523  0.808744  0.882998  0.825262  0.647852  0.781022  0.657708  0.630670  0.464786  0.769458  0.785308  0.412304  0.753153  0.514271  0.563986  0.491343  0.653076  0.356368 0.0  0.719726  0.223649  0.463084  0.696190  0.609042  0.682557  0.596636  0.623272  0.602425  0.573053  0.620290  0.703117  0.518478  0.797795  0.528402  0.412884  0.636906  0.471975  0.864462  0.486042 
40  0.817124  0.363444  0.268437  0.693169  0.610800  0.365635  0.330852  0.386518  0.732678  0.655303  0.724470  0.206169  0.761985  0.762519  0.424210  0.800008  0.747639  0.170055  0.713975  0.619363  0.747949  0.810726  0.713780  0.365590  0.699554  0.757398  0.758186  0.785176  0.631439  0.832870  0.503086  0.205734  0.842002  0.487173  0.808461  0.745315  0.833829  0.807476  0.722440  0.719726 0.0  0.826982  0.771888  0.812501  1.000000  0.700954  0.799194  0.874002  0.718442  0.702828  0.823810  0.769498  0.832229  0.817309  0.837843  0.759502  0.795669  0.934749  0.247917  0.922609 
41  0.616649  0.831918  0.820245  0.543093  0.525113  0.894300  0.884364  0.916747  0.408641  0.548924  0.709477  0.815391  0.433578  0.555551  0.781838  0.812555  0.791051  0.825506  0.668721  0.498079  0.739821  0.455289  0.720935  0.787834  0.753089  0.663606  0.708282  0.594172  0.754506  0.448872  0.696717  0.886423  0.362089  0.785080  0.465982  0.657816  0.518816  0.493710  0.369916  0.223649  0.826982 0.0  0.437111  0.583727  0.472060  0.682098  0.667524  0.632233  0.496336  0.719889  0.539322  0.798419  0.527406  0.540943  0.571878  0.593701  0.564691  0.487138  0.755895  0.499803 
42  0.494278  0.760657  0.915498  0.550950  0.498937  0.867056  0.821241  0.787178  0.527541  0.528982  0.753780  0.850554  0.478043  0.492205  0.779110  0.575730  0.837097  0.821910  0.575854  0.530658  0.542661  0.621762  0.696854  0.808881  0.770095  0.594657  0.666446  0.632071  0.728287  0.459720  0.881878  0.755670  0.507757  0.751802  0.571267  0.589118  0.522814  0.396217  0.444748  0.463084  0.771888  0.437111 0.0  0.559047  0.575433  0.711359  0.549108  0.512207  0.305158  0.337778  0.605181  0.603178  0.555520  0.517931  0.357084  0.318221  0.600301  0.580520  0.751451  0.722775 
43  0.326059  0.647873  0.784227  0.286226  0.620929  0.754030  0.846494  0.841524  0.562387  0.593348  0.723131  0.755550  0.509260  0.456012  0.686474  0.795112  0.756410  0.795705  0.461661  0.754634  0.780836  0.501311  0.700287  0.814580  0.770518  0.246887  0.247578  0.544221  0.699410  0.630197  0.799597  0.854153  0.607671  0.787349  0.557467  0.712906  0.642265  0.414907  0.552839  0.696190  0.812501  0.583727  0.559047 0.0  0.405291  0.776812  0.467035  0.209420  0.500920  0.655275  0.554000  0.885185  0.553652  0.377062  0.657800  0.447549  0.494400  0.711247  0.792549  0.714592 
44  0.374872  0.774234  0.710948  0.372722  0.629723  0.883032  0.832864  0.744741  0.465290  0.659095  0.719007  0.778699  0.577201  0.446106  0.850147  0.823581  0.978439  0.814124  0.468434  0.658631  0.837542  0.595916  0.698639  0.716002  0.889602  0.397338  0.499873  0.478150  0.726122  0.581110  0.765752  0.750662  0.549290  0.761614  0.543482  0.712311  0.488347  0.278723  0.732171  0.609042  1.000000  0.472060  0.575433  0.405291 0.0  0.748909  0.167917  0.456487  0.669440  0.604206  0.412235  0.894862  0.610372  0.453661  0.632474  0.460963  0.399063  0.587448  0.786187  0.746755 
45  0.714303  0.715586  0.672668  0.747952  0.639720  0.816346  0.646624  0.688344  0.732078  0.532466  0.833309  0.808962  0.727630  0.709362  0.704713  0.666300  0.731907  0.719459  0.835609  0.638315  0.653746  0.694677  0.766658  0.624467  0.714291  0.779460  0.762960  0.777293  0.343093  0.795818  0.716056  0.695066  0.636298  0.766586  0.653840  0.400703  0.882949  0.743057  0.657257  0.682557  0.700954  0.682098  0.711359  0.776812  0.748909 0.0  0.728722  0.747763  0.688214  0.597717  0.730019  0.663452  0.745298  0.785780  0.613503  0.622443  0.800098  0.668589  0.676272  0.710663 
46  0.327259  0.777793  0.867100  0.357198  0.667955  0.753490  0.873622  0.820878  0.596574  0.604270  0.648275  0.791584  0.539720  0.492332  0.881153  0.818906  0.812021  0.834626  0.442065  0.613236  0.873510  0.574924  0.677907  0.786689  0.832328  0.441902  0.392230  0.458600  0.730697  0.572503  0.752801  0.839356  0.512465  0.760450  0.663803  0.678490  0.639000  0.190159  0.625656  0.596636  0.799194  0.667524  0.549108  0.467035  0.167917  0.728722 0.0  0.381349  0.524798  0.649490  0.452534  0.892102  0.622835  0.434196  0.588776  0.570756  0.419087  0.596792  0.810689  0.766598 
47  0.246982  0.767004  0.840104  0.343127  0.699455  0.718083  0.735987  0.761154  0.576534  0.690541  0.739851  0.781318  0.551999  0.479535  0.809765  0.871008  0.783556  0.811133  0.565581  0.594485  0.773040  0.672470  0.645691  0.710874  0.749457  0.190874  0.210542  0.509849  0.727732  0.529571  0.782921  0.915184  0.674477  0.724928  0.596973  0.665239  0.671472  0.395927  0.457312  0.623272  0.874002  0.632233  0.512207  0.209420  0.456487  0.747763  0.381349 0.0  0.526553  0.607883  0.540787  0.838399  0.552864  0.516067  0.681153  0.524407  0.361994  0.615728  0.755443  0.771666 
48  0.530501  0.631396  0.709716  0.576151  0.691554  0.835514  0.776912  0.794480  0.506318  0.552177  0.699386  0.706095  0.487616  0.564171  0.783381  0.523511  0.878414  0.769175  0.630417  0.634869  0.676886  0.508795  0.698390  0.811310  0.828144  0.547257  0.555106  0.540804  0.669376  0.507214  0.722474  0.770646  0.529170  0.789300  0.525782  0.653487  0.480319  0.569244  0.469701  0.602425  0.718442  0.496336  0.305158  0.500920  0.669440  0.688214  0.524798  0.526553 0.0  0.397852  0.483199  0.613382  0.528523  0.599829  0.586628  0.407420  0.556328  0.530418  0.593480  0.533614 
49  0.666683  0.779602  0.708645  0.565105  0.526229  0.830679  0.814536  0.792366  0.568654  0.512688  0.742549  0.835720  0.566637  0.510292  0.733571  0.563897  0.778790  0.767463  0.471180  0.602577  0.630971  0.678197  0.760634  0.733241  0.826727  0.632204  0.565147  0.611010  0.731663  0.578706  0.894751  0.848760  0.611822  0.766254  0.465269  0.667051  0.489855  0.518111  0.524512  0.573053  0.702828  0.719889  0.337778  0.655275  0.604206  0.597717  0.649490  0.607883  0.397852 0.0  0.466529  0.681482  0.476233  0.659788  0.480043  0.341472  0.617115  0.580046  0.766876  0.659422 
50  0.567826  0.786648  0.768446  0.287706  0.553808  0.689320  0.777786  0.748044  0.414407  0.616195  0.737605  0.845484  0.364124  0.225238  0.780973  0.834697  0.884606  0.767777  0.419103  0.575387  0.805195  0.636373  0.721953  0.793638  0.771918  0.449431  0.546440  0.392704  0.767173  0.314696  0.753442  0.886976  0.423892  0.716001  0.440689  0.724993  0.395334  0.336340  0.586940  0.620290  0.823810  0.539322  0.605181  0.554000  0.412235  0.730019  0.452534  0.540787  0.483199  0.466529 0.0  0.811886  0.479105  0.523199  0.568313  0.533623  0.445125  0.458464  0.719427  0.784581 
51  0.778544  0.747277  0.777996  0.769540  0.544821  0.823599  0.820199  0.780546  0.710541  0.558610  0.823948  0.748416  0.717691  0.693873  0.875006  0.345460  0.846077  0.643743  0.747812  0.594842  0.169370  0.699239  0.786731  0.691764  0.737474  0.768148  0.782297  0.828148  0.719094  0.819289  0.868777  0.805335  0.758839  0.873907  0.783584  0.673106  0.861358  0.838496  0.773329  0.703117  0.769498  0.798419  0.603178  0.885185  0.894862  0.663452  0.892102  0.838399  0.613382  0.681482  0.811886 0.0  0.786844  0.857078  0.518956  0.565030  0.830294  0.831625  0.693367  0.374446 
52  0.499253  0.801019  0.864951  0.459631  0.652112  0.799658  0.650447  0.921320  0.089152  0.688251  0.765786  0.823546  0.332152  0.481938  0.810993  0.876798  0.759102  0.888677  0.607999  0.508483  0.790512  0.363659  0.685040  0.800863  0.859296  0.572620  0.502790  0.609812  0.825794  0.269418  0.772679  0.822467  0.318816  0.743393  0.162234  0.782869  0.242147  0.589541  0.395612  0.518478  0.832229  0.527406  0.555520  0.553652  0.610372  0.745298  0.622835  0.552864  0.528523  0.476233  0.479105  0.786844 0.0  0.635872  0.506534  0.562105  0.444855  0.311857  0.756998  0.627703 
53  0.455433  0.798786  0.878847  0.298015  0.478992  0.798127  0.709591  0.862313  0.482396  0.575898  0.798097  0.815645  0.658156  0.527296  0.725520  0.823756  0.899899  0.700825  0.227833  0.653459  0.960349  0.549972  0.677239  0.833986  0.866715  0.403262  0.427942  0.247752  0.792143  0.543111  0.833463  0.858533  0.566942  0.734663  0.538882  0.785607  0.647767  0.381727  0.560492  0.797795  0.817309  0.540943  0.517931  0.377062  0.453661  0.785780  0.434196  0.516067  0.599829  0.659788  0.523199  0.857078  0.635872 0.0  0.725251  0.489542  0.194375  0.622811  0.725517  0.674513 
54  0.698891  0.735046  0.880013  0.687188  0.503991  0.896356  0.817724  0.845905  0.554916  0.574481  0.754897  0.775280  0.552683  0.579614  0.872814  0.543487  0.798926  0.977929  0.639771  0.526229  0.542797  0.694825  0.728544  0.702983  0.813988  0.647800  0.719787  0.590278  0.614514  0.629568  0.808112  0.777563  0.630428  0.764914  0.667363  0.538519  0.486123  0.710089  0.540419  0.528402  0.837843  0.571878  0.357084  0.657800  0.632474  0.613503  0.588776  0.681153  0.586628  0.480043  0.568313  0.518956  0.506534  0.725251 0.0  0.399956  0.596278  0.614680  0.792603  0.721695 
55  0.476280  0.771602  0.793706  0.624777  0.516581  0.784694  0.740745  0.707855  0.503613  0.550253  0.680735  0.843403  0.489121  0.616586  0.726230  0.540943  0.819207  0.841217  0.524245  0.595821  0.674150  0.510267  0.727444  0.709228  0.738849  0.571382  0.501299  0.531817  0.684121  0.525383  0.811581  0.782509  0.464651  0.877007  0.541768  0.670875  0.495485  0.561418  0.675522  0.412884  0.759502  0.593701  0.318221  0.447549  0.460963  0.622443  0.570756  0.524407  0.407420  0.341472  0.533623  0.565030  0.562105  0.489542  0.399956 0.0  0.493058  0.506578  0.721190  0.600533 
56  0.439113  0.712806  0.800898  0.164529  0.470267  0.705316  0.811486  0.748800  0.582622  0.580589  0.660851  0.908963  0.535108  0.500290  0.788497  0.778936  0.850307  0.758185  0.129022  0.661998  0.870251  0.645660  0.698316  0.755341  0.770788  0.365293  0.454955  0.213797  0.768646  0.541281  0.674685  0.780925  0.523045  0.693267  0.618797  0.755373  0.657677  0.471122  0.582001  0.636906  0.795669  0.564691  0.600301  0.494400  0.399063  0.800098  0.419087  0.361994  0.556328  0.617115  0.445125  0.830294  0.444855  0.194375  0.596278  0.493058 0.0  0.699862  0.808633  0.781424 
57  0.649009  0.718854  0.825571  0.581705  0.565703  0.833718  0.846239  0.857328  0.284562  0.736154  0.641665  0.818036  0.383072  0.467659  0.793511  0.824851  0.748008  0.758547  0.659812  0.668836  0.822259  0.363926  0.699965  0.832815  0.749654  0.508706  0.615188  0.619288  0.814500  0.239116  0.730789  0.947464  0.087701  0.756733  0.226847  0.721754  0.270741  0.579512  0.295182  0.471975  0.934749  0.487138  0.580520  0.711247  0.587448  0.668589  0.596792  0.615728  0.530418  0.580046  0.458464  0.831625  0.311857  0.622811  0.614680  0.506578  0.699862 0.0  0.835231  0.592042 
58  0.785339  0.309227  0.240682  0.734846  0.513962  0.268751  0.267372  0.331578  0.664776  0.518307  0.735737  0.288121  0.672056  0.696462  0.385837  0.794090  0.880456  0.298814  0.785810  0.572886  0.894445  0.721800  0.680526  0.313792  0.814240  0.714347  0.746247  0.724561  0.782112  0.825236  0.676107  0.330276  0.752257  0.534013  0.708316  0.736382  0.709678  0.814081  0.817484  0.864462  0.247917  0.755895  0.751451  0.792549  0.786187  0.676272  0.810689  0.755443  0.593480  0.766876  0.719427  0.693367  0.756998  0.725517  0.792603  0.721190  0.808633  0.835231 0.0  0.790577 
59  0.770734  0.758759  0.613261  0.740309  0.676050  0.784504  0.738714  0.713590  0.501700  0.571922  0.724450  0.753451  0.570665  0.607926  0.756114  0.481446  0.767979  0.708559  0.839559  0.544785  0.373217  0.556703  0.725555  0.711648  0.820330  0.760629  0.767065  0.737416  0.467507  0.530062  0.816940  0.705393  0.542704  0.751899  0.533014  0.687466  0.570999  0.721500  0.581210  0.486042  0.922609  0.499803  0.722775  0.714592  0.746755  0.710663  0.766598  0.771666  0.533614  0.659422  0.784581  0.374446  0.627703  0.674513  0.721695  0.600533  0.781424  0.592042  0.790577 0.0 
