60
0 0.0  0.706400  0.716463  0.398575  0.595692  0.822353  0.701371  0.780922  0.610468  0.546706  0.724703  0.830732  0.560713  0.502902  0.858224  0.843414  0.903216  0.831172  0.525280  0.619997  0.838574  0.544328  0.715696  0.730488  0.758891  0.136360  0.088133  0.469256  0.791742  0.648393  0.753259  0.776501  0.588659  0.712131  0.628580  0.593632  0.556004  0.419117  0.573348  0.683847  0.793094  0.535317  0.617944  0.281139  0.403998  0.675693  0.335490  0.308482  0.589875  0.616741  0.532398  0.826239  0.595880  0.513880  0.523004  0.523618  0.461871  0.613587  0.727563  0.792450 
1  0.706400 0.0  0.292245  0.889641  0.625738  0.352919  0.323208  0.241227  0.869309  0.659826  0.780523  0.338422  0.664914  0.793654  0.353806  0.722473  0.774661  0.432825  0.810934  0.591483  0.811548  0.733715  0.665707  0.251161  0.837932  0.790603  0.672101  0.860916  0.751951  0.776917  0.530928  0.346994  0.807526  0.553369  0.816910  0.647941  0.811779  0.741933  0.720427  0.870081  0.407865  0.925074  0.847256  0.786940  0.747371  0.700625  0.721888  0.685445  0.710177  0.765222  0.759617  0.846022  0.734061  0.680463  0.748108  0.741806  0.742679  0.772311  0.294454  0.760622 
2  0.716463  0.292245 0.0  0.799399  0.555982  0.359797  0.341240  0.316806  0.888579  0.690542  0.701908  0.088133  0.810983  0.804671  0.327938  0.747604  0.767115  0.182368  0.803714  0.624746  0.744013  0.817170  0.786788  0.254047  0.691914  0.732991  0.756766  0.876316  0.635148  0.816415  0.453631  0.115083  0.844594  0.611062  0.754613  0.648840  0.780433  0.825384  0.927974  0.873462  0.207817  0.805907  0.956448  0.852416  0.782235  0.702672  0.843005  0.819340  0.765741  0.818440  0.729300  0.702030  0.923195  0.813220  0.698105  0.798530  0.925170  0.901034  0.137053  0.611401 
3  0.398575  0.889641  0.799399 0.0  0.608178  0.645125  0.764346  0.756787  0.439426  0.674027  0.790085  0.727607  0.563495  0.431530  0.701659  0.787971  0.742049  0.758005  0.251319  0.717131  0.837684  0.509460  0.667859  0.789465  0.755431  0.220770  0.387526  0.272768  0.812737  0.455235  0.740171  0.719087  0.525035  0.631740  0.532250  0.717417  0.528248  0.336498  0.533055  0.609853  0.862286  0.654363  0.590718  0.349531  0.431557  0.777344  0.446939  0.279832  0.490261  0.491043  0.439652  0.790191  0.472019  0.152925  0.610491  0.419660  0.303073  0.487445  0.825873  0.797715 
4  0.595692  0.625738  0.555982  0.608178 0.0  0.655634  0.597977  0.576550  0.498190  0.642529  0.601907  0.587839  0.506433  0.547937  0.515368  0.587015  0.673728  0.603254  0.506786  0.472649  0.612822  0.495943  0.558912  0.639617  0.607764  0.554076  0.610531  0.640146  0.642132  0.590092  0.575137  0.589696  0.536842  0.556930  0.604204  0.560414  0.584549  0.624155  0.540920  0.533566  0.720861  0.625121  0.600017  0.568085  0.500394  0.629835  0.575590  0.628599  0.514280  0.589309  0.552369  0.560616  0.574339  0.643541  0.618998  0.598198  0.586136  0.630102  0.552807  0.685582 
5  0.822353  0.352919  0.359797  0.645125  0.655634 0.0  0.268400  0.251895  0.779422  0.603036  0.686898  0.378041  0.787070  0.804219  0.237944  0.770832  0.907890  0.312449  0.747475  0.630544  0.758274  0.769490  0.668576  0.301462  0.794955  0.812312  0.954115  0.870281  0.719573  0.778085  0.461466  0.343405  0.844017  0.576091  0.800768  0.716135  0.817082  0.796485  0.738768  0.822483  0.413961  0.844369  0.880756  0.789457  0.770795  0.704260  0.897408  0.899257  0.720195  0.794847  0.729339  0.730103  0.941208  0.915871  0.755548  0.871934  0.749172  0.776185  0.303233  0.767936 
6  0.701371  0.323208  0.341240  0.764346  0.597977  0.268400 0.0  0.299335  0.803604  0.674675  0.669196  0.199957  0.811754  0.856159  0.246237  0.772035  0.812543  0.318796  0.815766  0.610608  0.729325  1.000000  0.799759  0.311696  0.817946  0.741181  0.720188  0.964621  0.713024  0.895597  0.556705  0.238495  0.821495  0.560115  0.700017  0.691591  0.808715  0.768045  0.895647  0.804608  0.307475  0.746504  0.870374  0.806558  0.901207  0.696839  0.808700  0.861061  0.769154  0.833981  0.734850  0.685446  0.760974  0.807866  0.796305  0.813553  0.844495  0.846195  0.205978  0.573667 
7  0.780922  0.241227  0.316806  0.756787  0.576550  0.251895  0.299335 0.0  0.783301  0.691933  0.630111  0.388857  0.808502  0.716425  0.156395  0.761247  0.787047  0.271516  0.854631  0.573248  0.757714  0.789171  0.708128  0.352895  0.811341  0.732978  0.793278  0.794637  0.737097  0.695954  0.573603  0.383384  0.808747  0.533982  0.728866  0.839617  0.752241  0.790334  0.824491  0.812720  0.387844  0.759428  0.885527  0.783804  0.752390  0.717658  0.764484  0.796677  0.673720  0.820745  0.718024  0.857113  0.851641  0.834435  0.840594  0.787716  0.716041  0.816271  0.291504  0.766164 
8  0.610468  0.869309  0.888579  0.439426  0.498190  0.779422  0.803604  0.783301 0.0  0.528374  0.583190  0.730379  0.425991  0.462086  0.750838  0.835005  0.826852  0.760214  0.608359  0.604930  0.828486  0.318425  0.679952  0.700614  0.779210  0.630762  0.570790  0.632049  0.724257  0.338125  0.803931  0.778834  0.246015  0.751064  0.123431  0.660680  0.319686  0.516897  0.362841  0.494528  0.858052  0.580611  0.467782  0.569572  0.423319  0.698411  0.601469  0.525505  0.645281  0.622158  0.330226  0.758537  0.229628  0.618529  0.606722  0.541179  0.460699  0.271565  0.749974  0.566926 
9  0.546706  0.659826  0.690542  0.674027  0.642529  0.603036  0.674675  0.691933  0.528374 0.0  0.623286  0.567239  0.705161  0.549966  0.669492  0.578899  0.728275  0.635537  0.575189  0.578360  0.574714  0.569829  0.689309  0.647360  0.644564  0.629064  0.597313  0.622615  0.464924  0.551727  0.619720  0.534459  0.428636  0.658179  0.600448  0.562207  0.635757  0.669814  0.486203  0.431353  0.631701  0.502086  0.593093  0.615107  0.643869  0.561449  0.564644  0.567197  0.544146  0.648111  0.637656  0.641606  0.585667  0.588174  0.426603  0.563418  0.674186  0.567754  0.636837  0.593025 
10  0.724703  0.780523  0.701908  0.790085  0.601907  0.686898  0.669196  0.630111  0.583190  0.623286 0.0  0.714032  0.628001  0.730610  0.695033  0.755074  0.879996  0.671106  0.750369  0.601077  0.682208  0.623467  0.414791  0.753528  0.849232  0.669899  0.721530  0.650539  0.700236  0.696369  0.676165  0.654547  0.776615  0.800406  0.659419  0.739163  0.678574  0.728511  0.795044  0.761613  0.745730  0.789497  0.771961  0.593104  0.725996  0.653846  0.775414  0.733895  0.696358  0.739359  0.659863  0.842123  0.738746  0.718783  0.660147  0.711347  0.656223  0.715393  0.641955  0.781464 
11  0.830732  0.338422  0.088133  0.727607  0.587839  0.378041  0.199957  0.388857  0.730379  0.567239  0.714032 0.0  0.667885  0.806997  0.246345  0.714811  0.762968  0.105078  0.772242  0.698756  0.800649  0.890662  0.730480  0.301905  0.773461  0.830022  0.862184  0.876519  0.724066  0.775882  0.454083  0.277167  0.767675  0.478511  0.829504  0.653798  0.768046  0.705087  0.929204  0.755897  0.211232  0.806970  0.816335  0.832960  0.795746  0.716774  0.813958  0.796416  0.721029  0.726282  0.727132  0.723849  0.815020  0.919790  0.838649  0.697632  0.675726  0.831004  0.318757  0.607042 
12  0.560713  0.664914  0.810983  0.563495  0.506433  0.787070  0.811754  0.808502  0.425991  0.705161  0.628001  0.667885 0.0  0.621442  0.767877  0.724637  0.845604  0.829421  0.571788  0.544287  0.867256  0.428490  0.668095  0.771076  0.915652  0.613528  0.584959  0.518980  0.695682  0.463573  0.819518  0.691305  0.417498  0.837701  0.432232  0.597855  0.421397  0.454778  0.249275  0.417679  0.671257  0.467489  0.473799  0.524311  0.600219  0.679931  0.550790  0.604761  0.551722  0.573043  0.554274  0.762351  0.462283  0.629140  0.530767  0.437891  0.503007  0.426062  0.728532  0.554285 
13  0.502902  0.793654  0.804671  0.431530  0.547937  0.804219  0.856159  0.716425  0.462086  0.549966  0.730610  0.806997  0.621442 0.0  0.767344  0.779984  0.775985  0.751542  0.491085  0.662493  0.791700  0.521778  0.758864  0.707374  0.768621  0.577800  0.411193  0.537953  0.791280  0.484091  0.727413  0.749440  0.468331  0.675664  0.457102  0.711716  0.456040  0.469921  0.536945  0.497919  0.740550  0.562796  0.503284  0.530567  0.507290  0.759510  0.376157  0.496622  0.471145  0.626466  0.226382  0.737880  0.483921  0.458276  0.623670  0.514546  0.582649  0.472844  0.739610  0.747084 
14  0.858224  0.353806  0.327938  0.701659  0.515368  0.237944  0.246237  0.156395  0.750838  0.669492  0.695033  0.246345  0.767877  0.767344 0.0  0.753374  0.802864  0.421793  0.851554  0.761496  0.827275  0.804637  0.670167  0.253314  0.717430  0.811171  0.743880  0.826673  0.693251  0.821383  0.610742  0.315610  0.760168  0.458595  0.684219  0.719596  0.850764  0.834198  0.847319  0.857120  0.367371  0.778766  0.783621  0.806040  0.820298  0.780746  0.709663  0.928469  0.719368  0.867725  0.696633  0.843051  0.837752  0.855312  0.794259  0.740862  0.674458  0.763818  0.297805  0.628727 
15  0.843414  0.722473  0.747604  0.787971  0.587015  0.770832  0.772035  0.761247  0.835005  0.578899  0.755074  0.714811  0.724637  0.779984  0.753374 0.0  0.807373  0.724324  0.762951  0.646529  0.221974  0.819662  0.769482  0.723200  0.795413  0.777089  0.825814  0.857564  0.747011  0.779404  0.758597  0.734201  0.786657  0.808573  0.804624  0.639402  0.813144  0.828179  0.765499  0.774856  0.667463  0.767784  0.557430  0.781832  0.821729  0.762779  0.795789  0.762135  0.537530  0.564940  0.767218  0.237695  0.826902  0.783674  0.570080  0.570909  0.807218  0.803062  0.850775  0.458773 
16  0.903216  0.774661  0.767115  0.742049  0.673728  0.907890  0.812543  0.787047  0.826852  0.728275  0.879996  0.762968  0.845604  0.775985  0.802864  0.807373 0.0  0.688867  0.810586  0.688384  0.776418  0.846063  0.794531  0.814828  0.197071  0.819489  0.726062  0.890162  0.768239  0.826124  0.774562  0.817690  0.853885  0.879841  0.872551  0.831681  0.864517  0.801170  0.800501  0.799306  0.731965  0.815104  0.910058  0.880788  0.858886  0.858976  0.837890  0.773518  0.863649  0.822696  0.856657  0.688920  0.931187  0.834829  0.874472  0.836916  0.902709  0.780587  0.825380  0.822383 
17  0.831172  0.432825  0.182368  0.758005  0.603254  0.312449  0.318796  0.271516  0.760214  0.635537  0.671106  0.105078  0.829421  0.751542  0.421793  0.724324  0.688867 0.0  0.826384  0.591955  0.714014  0.769566  0.724306  0.418512  0.790274  0.768920  0.894948  0.840836  0.697468  0.713269  0.503393  0.175109  0.775735  0.505847  0.717593  0.676858  0.812418  0.843798  0.809564  0.894819  0.211911  0.742482  0.866757  0.801370  0.802808  0.681203  0.860197  0.918395  0.728113  0.838435  0.792272  0.659021  0.838909  0.847983  0.871452  0.755012  0.879421  0.773866  0.180921  0.692303 
18  0.525280  0.810934  0.803714  0.251319  0.506786  0.747475  0.815766  0.854631  0.608359  0.575189  0.750369  0.772242  0.571788  0.491085  0.851554  0.762951  0.810586  0.826384 0.0  0.613369  0.877057  0.550105  0.628182  0.744215  0.913665  0.416463  0.422610  0.247351  0.710423  0.570746  0.775138  0.862212  0.584308  0.663034  0.646482  0.770970  0.658760  0.463170  0.521550  0.643034  0.815978  0.649218  0.494910  0.432483  0.403243  0.789809  0.460494  0.459955  0.519721  0.567474  0.446932  0.869607  0.513295  0.131144  0.637972  0.509855  0.150572  0.607207  0.806022  0.745822 
19  0.619997  0.591483  0.624746  0.717131  0.472649  0.630544  0.610608  0.573248  0.604930  0.578360  0.601077  0.698756  0.544287  0.662493  0.761496  0.646529  0.688384  0.591955  0.613369 0.0  0.592576  0.559371  0.582446  0.749819  0.709291  0.667926  0.645049  0.655796  0.714695  0.643622  0.645616  0.661124  0.591661  0.595255  0.543265  0.596292  0.596700  0.588867  0.598863  0.493909  0.679692  0.575091  0.548568  0.784260  0.584320  0.654844  0.702142  0.528329  0.563538  0.674356  0.613876  0.612134  0.707256  0.641234  0.619097  0.685972  0.562206  0.551873  0.561708  0.648036 
20  0.838574  0.811548  0.744013  0.837684  0.612822  0.758274  0.729325  0.757714  0.828486  0.574714  0.682208  0.800649  0.867256  0.791700  0.827275  0.221974  0.776418  0.714014  0.877057  0.592576 0.0  0.752121  0.761909  0.767371  0.712503  0.848451  0.766982  0.773529  0.614751  0.754083  0.814182  0.698171  0.789497  0.756435  0.893032  0.591572  0.733880  0.771057  0.892692  0.746030  0.709094  0.697205  0.576525  0.806289  0.824072  0.632147  0.718772  0.876368  0.513865  0.549583  0.864448  0.183660  0.834145  0.881916  0.615098  0.735547  0.734464  0.797449  0.796997  0.464630 
21  0.544328  0.733715  0.817170  0.509460  0.495943  0.769490  1.000000  0.789171  0.318425  0.569829  0.623467  0.890662  0.428490  0.521778  0.804637  0.819662  0.846063  0.769566  0.550105  0.559371  0.752121 0.0  0.653964  0.811503  0.762482  0.583039  0.492632  0.557803  0.688885  0.494254  0.704152  0.811383  0.242344  0.736834  0.351381  0.664975  0.215923  0.710288  0.381602  0.461485  0.790641  0.463846  0.576133  0.654414  0.626473  0.727397  0.638203  0.568076  0.572166  0.591557  0.362148  0.749769  0.343179  0.559409  0.544938  0.418809  0.579983  0.313432  0.795165  0.518143 
22  0.715696  0.665707  0.786788  0.667859  0.558912  0.668576  0.799759  0.708128  0.679952  0.689309  0.414791  0.730480  0.668095  0.758864  0.670167  0.769482  0.794531  0.724306  0.628182  0.582446  0.761909  0.653964 0.0  0.758729  0.701433  0.705270  0.753444  0.755232  0.824083  0.668529  0.657210  0.783978  0.628828  0.732913  0.632967  0.718408  0.690008  0.762971  0.722073  0.780601  0.606983  0.714072  0.708853  0.642269  0.624626  0.775698  0.721673  0.671215  0.674631  0.765877  0.766185  0.765745  0.702913  0.755654  0.876005  0.710328  0.637071  0.627082  0.669093  0.748630 
23  0.730488  0.251161  0.254047  0.789465  0.639617  0.301462  0.311696  0.352895  0.700614  0.647360  0.753528  0.301905  0.771076  0.707374  0.253314  0.723200  0.814828  0.418512  0.744215  0.749819  0.767371  0.811503  0.758729 0.0  0.828909  0.766103  0.793392  0.855790  0.614339  0.791406  0.573225  0.270572  0.795723  0.597681  0.719713  0.707655  0.832331  0.730502  0.840192  0.845132  0.320045  0.828616  0.790943  0.822562  0.783978  0.770054  0.744154  0.731743  0.782376  0.760876  0.811839  0.782884  0.778230  0.873573  0.710680  0.754800  0.690624  0.722305  0.346850  0.692402 
24  0.758891  0.837932  0.691914  0.755431  0.607764  0.794955  0.817946  0.811341  0.779210  0.644564  0.849232  0.773461  0.915652  0.768621  0.717430  0.795413  0.197071  0.790274  0.913665  0.709291  0.712503  0.762482  0.701433  0.828909 0.0  0.778325  0.814423  0.811545  0.745340  0.715735  0.911848  0.646336  0.740089  0.771321  0.775545  0.724416  0.707666  0.786499  0.775578  0.804816  0.756663  0.852717  0.710398  0.849848  0.843157  0.737069  0.865605  0.839264  0.768088  0.758073  0.799236  0.689303  0.877454  0.766229  0.817683  0.802810  0.845697  0.830613  0.828143  0.706648 
25  0.136360  0.790603  0.732991  0.220770  0.554076  0.812312  0.741181  0.732978  0.630762  0.629064  0.669899  0.830022  0.613528  0.577800  0.811171  0.777089  0.819489  0.768920  0.416463  0.667926  0.848451  0.583039  0.705270  0.766103  0.778325 0.0  0.172374  0.596505  0.673849  0.570871  0.734483  0.756546  0.633435  0.808047  0.511055  0.696127  0.646569  0.375692  0.549212  0.572337  0.846128  0.655376  0.637206  0.230197  0.445102  0.858730  0.357909  0.179261  0.616903  0.586167  0.477194  0.789285  0.619306  0.489254  0.576913  0.543197  0.493343  0.593660  0.685341  0.805510 
26  0.088133  0.672101  0.756766  0.387526  0.610531  0.954115  0.720188  0.793278  0.570790  0.597313  0.721530  0.862184  0.584959  0.411193  0.743880  0.825814  0.726062  0.894948  0.422610  0.645049  0.766982  0.492632  0.753444  0.793392  0.814423  0.172374 0.0  0.530604  0.751390  0.519726  0.692762  0.868218  0.682623  0.694769  0.539544  0.710703  0.639608  0.312493  0.487071  0.652835  0.762401  0.684060  0.587999  0.294234  0.433474  0.637753  0.459987  0.283822  0.583389  0.586077  0.396170  0.820000  0.458011  0.429331  0.653201  0.524984  0.491673  0.564188  0.849200  0.701649 
27  0.469256  0.860916  0.876316  0.272768  0.640146  0.870281  0.964621  0.794637  0.632049  0.622615  0.650539  0.876519  0.518980  0.537953  0.826673  0.857564  0.890162  0.840836  0.247351  0.655796  0.773529  0.557803  0.755232  0.855790  0.811545  0.596505  0.530604 0.0  0.714135  0.559347  0.783851  0.761428  0.566561  0.701056  0.617841  0.672227  0.544761  0.333267  0.568223  0.690453  0.803343  0.636157  0.638419  0.425500  0.505973  0.751016  0.428572  0.441258  0.535813  0.674663  0.397036  0.821207  0.543919  0.228747  0.698243  0.624711  0.213630  0.625805  0.696278  0.777832 
28  0.791742  0.751951  0.635148  0.812737  0.642132  0.719573  0.713024  0.737097  0.724257  0.464924  0.700236  0.724066  0.695682  0.791280  0.693251  0.747011  0.768239  0.697468  0.710423  0.714695  0.614751  0.688885  0.824083  0.614339  0.745340  0.673849  0.751390  0.714135 0.0  0.727188  0.660236  0.768320  0.703566  0.782329  0.722836  0.349599  0.762333  0.695216  0.737078  0.665544  0.767203  0.692707  0.653069  0.779001  0.784770  0.448332  0.789421  0.813211  0.611964  0.680706  0.765269  0.710740  0.645133  0.693591  0.642275  0.691065  0.790917  0.723963  0.747271  0.665757 
29  0.648393  0.776917  0.816415  0.455235  0.590092  0.778085  0.895597  0.695954  0.338125  0.551727  0.696369  0.775882  0.463573  0.484091  0.821383  0.779404  0.826124  0.713269  0.570746  0.643622  0.754083  0.494254  0.668529  0.791406  0.715735  0.570871  0.519726  0.559347  0.727188 0.0  0.740055  0.864752  0.331596  0.743894  0.271866  0.710760  0.357206  0.580545  0.355582  0.488161  0.772637  0.550607  0.485468  0.566420  0.588773  0.733342  0.520734  0.646222  0.542001  0.600100  0.506764  0.880410  0.348751  0.607791  0.607378  0.469541  0.695833  0.347533  0.750115  0.553904 
30  0.753259  0.530928  0.453631  0.740171  0.575137  0.461466  0.556705  0.573603  0.803931  0.619720  0.676165  0.454083  0.819518  0.727413  0.610742  0.758597  0.774562  0.503393  0.775138  0.645616  0.814182  0.704152  0.657210  0.573225  0.911848  0.734483  0.692762  0.783851  0.660236  0.740055 0.0  0.556382  0.740529  0.348001  0.731207  0.692786  0.786663  0.751043  0.805177  0.706996  0.526243  0.808545  0.824109  0.762265  0.732847  0.686218  0.770512  0.747917  0.760072  0.831974  0.787842  0.818990  0.677535  0.758211  0.818710  0.744498  0.792908  0.674279  0.518881  0.820228 
31  0.776501  0.346994  0.115083  0.719087  0.589696  0.343405  0.238495  0.383384  0.778834  0.534459  0.654547  0.277167  0.691305  0.749440  0.315610  0.734201  0.817690  0.175109  0.862212  0.661124  0.698171  0.811383  0.783978  0.270572  0.646336  0.756546  0.868218  0.761428  0.768320  0.864752  0.556382 0.0  0.807003  0.643979  0.862168  0.622131  0.792699  0.842351  0.692244  0.830998  0.197418  0.842507  0.738949  0.728601  0.813442  0.755220  0.868710  0.856720  0.741342  0.786203  0.661757  0.728658  0.796709  0.806751  0.731232  0.791856  0.740032  0.768233  0.249947  0.689078 
32  0.588659  0.807526  0.844594  0.525035  0.536842  0.844017  0.821495  0.808747  0.246015  0.428636  0.776615  0.767675  0.417498  0.468331  0.760168  0.786657  0.853885  0.775735  0.584308  0.591661  0.789497  0.242344  0.628828  0.795723  0.740089  0.633435  0.682623  0.566561  0.703566  0.331596  0.740529  0.807003 0.0  0.706180  0.292622  0.761052  0.286251  0.551881  0.324145  0.383387  0.864130  0.543325  0.498541  0.579358  0.540985  0.776664  0.497824  0.637423  0.637632  0.609652  0.429094  0.765005  0.297506  0.606416  0.645155  0.404343  0.529225  0.216595  0.821456  0.545860 
33  0.712131  0.553369  0.611062  0.631740  0.556930  0.576091  0.560115  0.533982  0.751064  0.658179  0.800406  0.478511  0.837701  0.675664  0.458595  0.808573  0.879841  0.505847  0.663034  0.595255  0.756435  0.736834  0.732913  0.597681  0.771321  0.808047  0.694769  0.701056  0.782329  0.743894  0.348001  0.643979  0.706180 0.0  0.783326  0.728638  0.826858  0.690301  0.827043  0.813413  0.520538  0.760224  0.755331  0.707940  0.691368  0.766641  0.720364  0.729741  0.787560  0.782264  0.756940  0.829259  0.782955  0.781590  0.785327  0.771653  0.682744  0.764054  0.554540  0.693386 
34  0.628580  0.816910  0.754613  0.532250  0.604204  0.800768  0.700017  0.728866  0.123431  0.600448  0.659419  0.829504  0.432232  0.457102  0.684219  0.804624  0.872551  0.717593  0.646482  0.543265  0.893032  0.351381  0.632967  0.719713  0.775545  0.511055  0.539544  0.617841  0.722836  0.271866  0.731207  0.862168  0.292622  0.783326 0.0  0.640153  0.323157  0.620809  0.392333  0.470586  0.747744  0.470448  0.526995  0.483668  0.676986  0.738858  0.593217  0.516527  0.528894  0.608715  0.478019  0.798113  0.134835  0.621599  0.495574  0.555114  0.619577  0.279491  0.790137  0.556183 
35  0.593632  0.647941  0.648840  0.717417  0.560414  0.716135  0.691591  0.839617  0.660680  0.562207  0.739163  0.653798  0.597855  0.711716  0.719596  0.639402  0.831681  0.676858  0.770970  0.596292  0.591572  0.664975  0.718408  0.707655  0.724416  0.696127  0.710703  0.672227  0.349599  0.710760  0.692786  0.622131  0.761052  0.728638  0.640153 0.0  0.655419  0.729095  0.772574  0.736367  0.696944  0.661854  0.575188  0.745652  0.679585  0.303767  0.729926  0.723598  0.690696  0.658243  0.782818  0.589796  0.753280  0.727188  0.683803  0.645641  0.810906  0.711510  0.676157  0.662040 
36  0.556004  0.811779  0.780433  0.528248  0.584549  0.817082  0.808715  0.752241  0.319686  0.635757  0.678574  0.768046  0.421397  0.456040  0.850764  0.813144  0.864517  0.812418  0.658760  0.596700  0.733880  0.215923  0.690008  0.832331  0.707666  0.646569  0.639608  0.544761  0.762333  0.357206  0.786663  0.792699  0.286251  0.826858  0.323157  0.655419 0.0  0.544882  0.383501  0.471101  0.853698  0.497528  0.579835  0.593132  0.472449  0.829382  0.520343  0.582217  0.526516  0.643702  0.421329  0.804688  0.286956  0.591370  0.640692  0.544521  0.623659  0.203716  0.815635  0.602316 
37  0.419117  0.741933  0.825384  0.336498  0.624155  0.796485  0.768045  0.790334  0.516897  0.669814  0.728511  0.705087  0.454778  0.469921  0.834198  0.828179  0.801170  0.843798  0.463170  0.588867  0.771057  0.710288  0.762971  0.730502  0.786499  0.375692  0.312493  0.333267  0.695216  0.580545  0.751043  0.842351  0.551881  0.690301  0.620809  0.729095  0.544882 0.0  0.647506  0.727512  0.781764  0.555031  0.573676  0.444386  0.284973  0.757794  0.142661  0.522176  0.517049  0.571405  0.420502  0.778861  0.576495  0.463409  0.550347  0.414973  0.454402  0.621655  0.820114  0.771513 
38  0.573348  0.720427  0.927974  0.533055  0.540920  0.738768  0.895647  0.824491  0.362841  0.486203  0.795044  0.929204  0.249275  0.536945  0.847319  0.765499  0.800501  0.809564  0.521550  0.598863  0.892692  0.381602  0.722073  0.840192  0.775578  0.549212  0.487071  0.568223  0.737078  0.355582  0.805177  0.692244  0.324145  0.827043  0.392333  0.772574  0.383501  0.647506 0.0  0.300461  0.731932  0.387139  0.499657  0.505684  0.654665  0.711025  0.562300  0.580287  0.462645  0.437829  0.442390  0.686470  0.467275  0.577140  0.501951  0.569226  0.554998  0.417859  0.763308  0.673834 
39  0.683847  0.870081  0.873462  0.609853  0.533566  0.822483  0.804608  0.812720  0.494528  0.431353  0.761613  0.755897  0.417679  0.497919  0.857120  0.774856  0.799306  0.894819  0.643034  0.493909  0.746030  0.461485  0.780601  0.845132  0.804816  0.572337  0.652835  0.690453  0.665544  0.488161  0.706996  0.830998  0.383387  0.813413  0.470586  0.736367  0.471101  0.727512  0.300461 0.0  0.842806  0.171584  0.467413  0.680123  0.681127  0.610912  0.715091  0.638127  0.510949  0.672634  0.546207  0.778199  0.480580  0.746034  0.546588  0.544296  0.624024  0.502262  0.858679  0.509704 
40  0.793094  0.407865  0.207817  0.862286  0.720861  0.413961  0.307475  0.387844  0.858052  0.631701  0.745730  0.211232  0.671257  0.740550  0.367371  0.667463  0.731965  0.211911  0.815978  0.679692  0.709094  0.790641  0.606983  0.320045  0.756663  0.846128  0.762401  0.803343  0.767203  0.772637  0.526243  0.197418  0.864130  0.520538  0.747744  0.696944  0.853698  0.781764  0.731932  0.842806 0.0  0.900242  0.839634  0.870583  0.826493  0.688778  0.808765  0.865160  0.804106  0.793270  0.696733  0.758438  0.795305  0.844500  0.725798  0.781329  0.864143  0.735107  0.183360  0.654141 
41  0.535317  0.925074  0.805907  0.654363  0.625121  0.844369  0.746504  0.759428  0.580611  0.502086  0.789497  0.806970  0.467489  0.562796  0.778766  0.767784  0.815104  0.742482  0.649218  0.575091  0.697205  0.463846  0.714072  0.828616  0.852717  0.655376  0.684060  0.636157  0.692707  0.550607  0.808545  0.842507  0.543325  0.760224  0.470448  0.661854  0.497528  0.555031  0.387139  0.171584  0.900242 0.0  0.506681  0.647136  0.612994  0.664304  0.630422  0.687272  0.757656  0.661047  0.508332  0.804846  0.463188  0.656583  0.523255  0.619181  0.558561  0.496815  0.710845  0.440228 
42  0.617944  0.847256  0.956448  0.590718  0.600017  0.880756  0.870374  0.885527  0.467782  0.593093  0.771961  0.816335  0.473799  0.503284  0.783621  0.557430  0.910058  0.866757  0.494910  0.548568  0.576525  0.576133  0.708853  0.790943  0.710398  0.637206  0.587999  0.638419  0.653069  0.485468  0.824109  0.738949  0.498541  0.755331  0.526995  0.575188  0.579835  0.573676  0.499657  0.467413  0.839634  0.506681 0.0  0.563335  0.659560  0.613731  0.565749  0.516132  0.403518  0.377597  0.523735  0.757423  0.632580  0.704179  0.300718  0.346275  0.573637  0.532908  0.726124  0.636512 
43  0.281139  0.786940  0.852416  0.349531  0.568085  0.789457  0.806558  0.783804  0.569572  0.615107  0.593104  0.832960  0.524311  0.530567  0.806040  0.781832  0.880788  0.801370  0.432483  0.784260  0.806289  0.654414  0.642269  0.822562  0.849848  0.230197  0.294234  0.425500  0.779001  0.566420  0.762265  0.728601  0.579358  0.707940  0.483668  0.745652  0.593132  0.444386  0.505684  0.680123  0.870583  0.647136  0.563335 0.0  0.495407  0.757720  0.481758  0.180629  0.574820  0.529870  0.402184  0.805801  0.488010  0.465839  0.633256  0.584386  0.500047  0.644776  0.789389  0.790079 
44  0.403998  0.747371  0.782235  0.431557  0.500394  0.770795  0.901207  0.752390  0.423319  0.643869  0.725996  0.795746  0.600219  0.507290  0.820298  0.821729  0.858886  0.802808  0.403243  0.584320  0.824072  0.626473  0.624626  0.783978  0.843157  0.445102  0.433474  0.505973  0.784770  0.588773  0.732847  0.813442  0.540985  0.691368  0.676986  0.679585  0.472449  0.284973  0.654665  0.681127  0.826493  0.612994  0.659560  0.495407 0.0  0.766495  0.205430  0.507510  0.653894  0.663139  0.423913  0.875700  0.488379  0.427846  0.556230  0.546523  0.374491  0.569352  0.755666  0.720385 
45  0.675693  0.700625  0.702672  0.777344  0.629835  0.704260  0.696839  0.717658  0.698411  0.561449  0.653846  0.716774  0.679931  0.759510  0.780746  0.762779  0.858976  0.681203  0.789809  0.654844  0.632147  0.727397  0.775698  0.770054  0.737069  0.858730  0.637753  0.751016  0.448332  0.733342  0.686218  0.755220  0.776664  0.766641  0.738858  0.303767  0.829382  0.757794  0.711025  0.610912  0.688778  0.664304  0.613731  0.757720  0.766495 0.0  0.765589  0.724111  0.746852  0.659473  0.778672  0.602471  0.724858  0.759335  0.642352  0.752793  0.722570  0.647901  0.728835  0.701637 
46  0.335490  0.721888  0.843005  0.446939  0.575590  0.897408  0.808700  0.764484  0.601469  0.564644  0.775414  0.813958  0.550790  0.376157  0.709663  0.795789  0.837890  0.860197  0.460494  0.702142  0.718772  0.638203  0.721673  0.744154  0.865605  0.357909  0.459987  0.428572  0.789421  0.520734  0.770512  0.868710  0.497824  0.720364  0.593217  0.729926  0.520343  0.142661  0.562300  0.715091  0.808765  0.630422  0.565749  0.481758  0.205430  0.765589 0.0  0.436184  0.486089  0.664733  0.585291  0.737671  0.620722  0.410514  0.656223  0.464308  0.478026  0.537053  0.803584  0.674522 
47  0.308482  0.685445  0.819340  0.279832  0.628599  0.899257  0.861061  0.796677  0.525505  0.567197  0.733895  0.796416  0.604761  0.496622  0.928469  0.762135  0.773518  0.918395  0.459955  0.528329  0.876368  0.568076  0.671215  0.731743  0.839264  0.179261  0.283822  0.441258  0.813211  0.646222  0.747917  0.856720  0.637423  0.729741  0.516527  0.723598  0.582217  0.522176  0.580287  0.638127  0.865160  0.687272  0.516132  0.180629  0.507510  0.724111  0.436184 0.0  0.603784  0.455193  0.321233  0.776721  0.535841  0.490041  0.650491  0.476754  0.472263  0.652154  0.831393  0.618403 
48  0.589875  0.710177  0.765741  0.490261  0.514280  0.720195  0.769154  0.673720  0.645281  0.544146  0.696358  0.721029  0.551722  0.471145  0.719368  0.537530  0.863649  0.728113  0.519721  0.563538  0.513865  0.572166  0.674631  0.782376  0.768088  0.616903  0.583389  0.535813  0.611964  0.542001  0.760072  0.741342  0.637632  0.787560  0.528894  0.690696  0.526516  0.517049  0.462645  0.510949  0.804106  0.757656  0.403518  0.574820  0.653894  0.746852  0.486089  0.603784 0.0  0.416243  0.412625  0.661800  0.641584  0.574347  0.506927  0.421124  0.589302  0.524636  0.684282  0.646141 
49  0.616741  0.765222  0.818440  0.491043  0.589309  0.794847  0.833981  0.820745  0.622158  0.648111  0.739359  0.726282  0.573043  0.626466  0.867725  0.564940  0.822696  0.838435  0.567474  0.674356  0.549583  0.591557  0.765877  0.760876  0.758073  0.586167  0.586077  0.674663  0.680706  0.600100  0.831974  0.786203  0.609652  0.782264  0.608715  0.658243  0.643702  0.571405  0.437829  0.672634  0.793270  0.661047  0.377597  0.529870  0.663139  0.659473  0.664733  0.455193  0.416243 0.0  0.453552  0.558209  0.567858  0.655872  0.441428  0.432724  0.553894  0.533755  0.830294  0.766632 
50  0.532398  0.759617  0.729300  0.439652  0.552369  0.729339  0.734850  0.718024  0.330226  0.637656  0.659863  0.727132  0.554274  0.226382  0.696633  0.767218  0.856657  0.792272  0.446932  0.613876  0.864448  0.362148  0.766185  0.811839  0.799236  0.477194  0.396170  0.397036  0.765269  0.506764  0.787842  0.661757  0.429094  0.756940  0.478019  0.782818  0.421329  0.420502  0.442390  0.546207  0.696733  0.508332  0.523735  0.402184  0.423913  0.778672  0.585291  0.321233  0.412625  0.453552 0.0  0.712377  0.528879  0.432186  0.488965  0.566674  0.409729  0.556935  0.796240  0.750136 
51  0.826239  0.846022  0.702030  0.790191  0.560616  0.730103  0.685446  0.857113  0.758537  0.641606  0.842123  0.723849  0.762351  0.737880  0.843051  0.237695  0.688920  0.659021  0.869607  0.612134  0.183660  0.749769  0.765745  0.782884  0.689303  0.789285  0.820000  0.821207  0.710740  0.880410  0.818990  0.728658  0.765005  0.829259  0.798113  0.589796  0.804688  0.778861  0.686470  0.778199  0.758438  0.804846  0.757423  0.805801  0.875700  0.602471  0.737671  0.776721  0.661800  0.558209  0.712377 0.0  0.803234  0.849407  0.575591  0.623047  0.904009  0.744887  0.692962  0.367465 
52  0.595880  0.734061  0.923195  0.472019  0.574339  0.941208  0.760974  0.851641  0.229628  0.585667  0.738746  0.815020  0.462283  0.483921  0.837752  0.826902  0.931187  0.838909  0.513295  0.707256  0.834145  0.343179  0.702913  0.778230  0.877454  0.619306  0.458011  0.543919  0.645133  0.348751  0.677535  0.796709  0.297506  0.782955  0.134835  0.753280  0.286956  0.576495  0.467275  0.480580  0.795305  0.463188  0.632580  0.488010  0.488379  0.724858  0.620722  0.535841  0.641584  0.567858  0.528879  0.803234 0.0  0.464782  0.558275  0.574699  0.521922  0.337527  0.763773  0.558771 
53  0.513880  0.680463  0.813220  0.152925  0.643541  0.915871  0.807866  0.834435  0.618529  0.588174  0.718783  0.919790  0.629140  0.458276  0.855312  0.783674  0.834829  0.847983  0.131144  0.641234  0.881916  0.559409  0.755654  0.873573  0.766229  0.489254  0.429331  0.228747  0.693591  0.607791  0.758211  0.806751  0.606416  0.781590  0.621599  0.727188  0.591370  0.463409  0.577140  0.746034  0.844500  0.656583  0.704179  0.465839  0.427846  0.759335  0.410514  0.490041  0.574347  0.655872  0.432186  0.849407  0.464782 0.0  0.693189  0.599025  0.237862  0.579457  0.709952  0.755530 
54  0.523004  0.748108  0.698105  0.610491  0.618998  0.755548  0.796305  0.840594  0.606722  0.426603  0.660147  0.838649  0.530767  0.623670  0.794259  0.570080  0.874472  0.871452  0.637972  0.619097  0.615098  0.544938  0.876005  0.710680  0.817683  0.576913  0.653201  0.698243  0.642275  0.607378  0.818710  0.731232  0.645155  0.785327  0.495574  0.683803  0.640692  0.550347  0.501951  0.546588  0.725798  0.523255  0.300718  0.633256  0.556230  0.642352  0.656223  0.650491  0.506927  0.441428  0.488965  0.575591  0.558275  0.693189 0.0  0.334917  0.657547  0.600223  0.820902  0.617171 
55  0.523618  0.741806  0.798530  0.419660  0.598198  0.871934  0.813553  0.787716  0.541179  0.563418  0.711347  0.697632  0.437891  0.514546  0.740862  0.570909  0.836916  0.755012  0.509855  0.685972  0.735547  0.418809  0.710328  0.754800  0.802810  0.543197  0.524984  0.624711  0.691065  0.469541  0.744498  0.791856  0.404343  0.771653  0.555114  0.645641  0.544521  0.414973  0.569226  0.544296  0.781329  0.619181  0.346275  0.584386  0.546523  0.752793  0.464308  0.476754  0.421124  0.432724  0.566674  0.623047  0.574699  0.599025  0.334917 0.0  0.450529  0.480551  0.704480  0.636599 
56  0.461871  0.742679  0.925170  0.303073  0.586136  0.749172  0.844495  0.716041  0.460699  0.674186  0.656223  0.675726  0.503007  0.582649  0.674458  0.807218  0.902709  0.879421  0.150572  0.562206  0.734464  0.579983  0.637071  0.690624  0.845697  0.493343  0.491673  0.213630  0.790917  0.695833  0.792908  0.740032  0.529225  0.682744  0.619577  0.810906  0.623659  0.454402  0.554998  0.624024  0.864143  0.558561  0.573637  0.500047  0.374491  0.722570  0.478026  0.472263  0.589302  0.553894  0.409729  0.904009  0.521922  0.237862  0.657547  0.450529 0.0  0.695447  0.672800  0.653728 
57  0.613587  0.772311  0.901034  0.487445  0.630102  0.776185  0.846195  0.816271  0.271565  0.567754  0.715393  0.831004  0.426062  0.472844  0.763818  0.803062  0.780587  0.773866  0.607207  0.551873  0.797449  0.313432  0.627082  0.722305  0.830613  0.593660  0.564188  0.625805  0.723963  0.347533  0.674279  0.768233  0.216595  0.764054  0.279491  0.711510  0.203716  0.621655  0.417859  0.502262  0.735107  0.496815  0.532908  0.644776  0.569352  0.647901  0.537053  0.652154  0.524636  0.533755  0.556935  0.744887  0.337527  0.579457  0.600223  0.480551  0.695447 0.0  0.913103  0.522269 
58  0.727563  0.294454  0.137053  0.825873  0.552807  0.303233  0.205978  0.291504  0.749974  0.636837  0.641955  0.318757  0.728532  0.739610  0.297805  0.850775  0.825380  0.180921  0.806022  0.561708  0.796997  0.795165  0.669093  0.346850  0.828143  0.685341  0.849200  0.696278  0.747271  0.750115  0.518881  0.249947  0.821456  0.554540  0.790137  0.676157  0.815635  0.820114  0.763308  0.858679  0.183360  0.710845  0.726124  0.789389  0.755666  0.728835  0.803584  0.831393  0.684282  0.830294  0.796240  0.692962  0.763773  0.709952  0.820902  0.704480  0.672800  0.913103 0.0  0.781752 
59  0.792450  0.760622  0.611401  0.797715  0.685582  0.767936  0.573667  0.766164  0.566926  0.593025  0.781464  0.607042  0.554285  0.747084  0.628727  0.458773  0.822383  0.692303  0.745822  0.648036  0.464630  0.518143  0.748630  0.692402  0.706648  0.805510  0.701649  0.777832  0.665757  0.553904  0.820228  0.689078  0.545860  0.693386  0.556183  0.662040  0.602316  0.771513  0.673834  0.509704  0.654141  0.440228  0.636512  0.790079  0.720385  0.701637  0.674522  0.618403  0.646141  0.766632  0.750136  0.367465  0.558771  0.755530  0.617171  0.636599  0.653728  0.522269  0.781752 0.0 
