60
0 0.0  0.832673  0.830392  0.382687  0.514674  0.789583  0.722447  0.866612  0.664805  0.612251  0.703449  0.882768  0.601641  0.571298  0.726237  0.863996  0.886829  0.884531  0.524377  0.582075  0.944415  0.607831  0.632706  0.785909  0.780392  0.151917  0.223180  0.508551  0.882072  0.718764  0.623655  0.796307  0.652613  0.787095  0.674632  0.689180  0.770118  0.457936  0.561761  0.650656  0.921183  0.648087  0.560360  0.251274  0.529409  0.729871  0.488704  0.290349  0.495565  0.533653  0.484482  0.872610  0.600330  0.436120  0.732875  0.507187  0.534748  0.574017  0.650767  0.742533 
1  0.832673 0.0  0.295093  0.901121  0.626528  0.338959  0.335752  0.341550  0.774857  0.688108  0.793659  0.402486  0.819658  0.963794  0.408764  0.757987  0.917335  0.449786  0.669408  0.664350  0.804879  0.753384  0.761652  0.200679  0.882545  0.859346  0.750771  0.795289  0.807354  0.870206  0.589689  0.310585  0.713150  0.593320  0.814036  0.717482  0.774758  0.840580  0.836979  0.769652  0.373946  0.865883  0.753429  0.785324  0.843387  0.784451  0.821293  0.679913  0.777254  0.743904  0.804532  0.945971  0.818761  0.826179  0.762195  0.753539  0.831949  0.744111  0.416836  0.817971 
2  0.830392  0.295093 0.0  0.787356  0.740078  0.371912  0.192518  0.348743  0.849493  0.658264  0.778382  0.133537  0.894428  0.908183  0.316231  0.818681  0.783473  0.172838  0.831428  0.641944  0.664821  0.870083  0.900643  0.353017  0.628837  0.922575  0.830069  0.833001  0.691285  0.971698  0.552566  0.240032  0.852887  0.680938  0.932158  0.866452  0.860385  0.786327  0.863849  0.922600  0.164596  0.832498  0.881730  0.875261  0.905351  0.738244  0.910603  0.923857  0.794550  0.764897  0.834824  0.664889  0.779165  0.879776  0.869284  0.738842  0.780322  0.840793  0.260426  0.591844 
3  0.382687  0.901121  0.787356 0.0  0.559890  0.841691  0.914665  0.715191  0.562279  0.671393  0.753149  0.818688  0.563606  0.428255  0.812307  0.798707  0.799831  0.823285  0.268405  0.699007  0.944399  0.571316  0.727559  0.764012  0.767946  0.405707  0.451214  0.276128  0.759330  0.653243  0.828192  0.747451  0.507355  0.715031  0.579688  0.757669  0.526448  0.403903  0.515963  0.720130  0.822385  0.643645  0.586700  0.391131  0.529566  0.740504  0.338694  0.375839  0.498031  0.563834  0.508806  0.963284  0.498391  0.274445  0.730067  0.494964  0.289771  0.530994  0.685477  0.852424 
4  0.514674  0.626528  0.740078  0.559890 0.0  0.598603  0.717934  0.623337  0.544227  0.642529  0.662183  0.629988  0.551472  0.596430  0.640315  0.589357  0.837239  0.648159  0.491494  0.667170  0.576012  0.619209  0.642556  0.646162  0.788894  0.494878  0.737923  0.575841  0.683413  0.681249  0.661424  0.602452  0.559014  0.523814  0.556179  0.521840  0.493489  0.558540  0.611133  0.577134  0.582186  0.572731  0.643446  0.612050  0.548109  0.595655  0.627057  0.596062  0.520398  0.767145  0.562589  0.648772  0.532110  0.587134  0.546283  0.693870  0.593710  0.628080  0.694216  0.610409 
5  0.789583  0.338959  0.371912  0.841691  0.598603 0.0  0.338879  0.265019  0.839479  0.662504  0.690450  0.313419  0.837398  0.917313  0.273569  0.824538  0.993887  0.388280  0.878416  0.720935  0.857115  0.887992  0.692275  0.281876  0.796923  0.831398  0.849573  0.855151  0.767163  0.896940  0.551772  0.374806  0.781055  0.572326  0.844812  0.838882  0.900559  0.892444  0.884694  0.894950  0.392251  0.969400  0.681290  0.790602  0.829490  0.810316  0.824095  0.882667  0.842856  0.804851  0.816999  0.911984  0.855539  0.763482  0.923122  0.759353  0.871138  0.789230  0.279284  0.798018 
6  0.722447  0.335752  0.192518  0.914665  0.717934  0.338879 0.0  0.261278  0.793380  0.626581  0.759862  0.266071  0.715414  0.842226  0.264434  0.811880  0.796295  0.353359  0.837759  0.661201  0.889690  0.805219  0.808154  0.272436  0.763439  0.890438  0.767319  0.856492  0.761604  0.810060  0.555051  0.298814  0.891854  0.472244  0.728593  0.763058  0.812296  0.941475  0.960249  0.910152  0.241973  0.991854  0.735702  0.805263  0.902768  0.736727  0.815946  0.860631  0.761266  0.867366  0.788526  0.834642  0.788522  0.802345  0.814968  0.886398  0.726769  0.849789  0.176818  0.734893 
7  0.866612  0.341550  0.348743  0.715191  0.623337  0.265019  0.261278 0.0  0.820656  0.620156  0.703473  0.286500  0.705946  0.795012  0.243894  0.803442  0.984243  0.313920  0.844508  0.595840  0.821051  0.827906  0.753005  0.331408  0.840695  0.721338  0.961015  0.888522  0.796725  0.798314  0.638923  0.389659  0.815721  0.528691  0.704991  0.695165  0.859134  0.917369  0.877595  0.795812  0.407342  0.885274  0.812371  0.785310  0.855729  0.770449  0.823411  0.846980  0.780282  0.970040  0.805988  0.842479  0.750117  0.775818  0.945174  0.880386  0.836266  0.845247  0.346366  0.766667 
8  0.664805  0.774857  0.849493  0.562279  0.544227  0.839479  0.793380  0.820656 0.0  0.638893  0.724865  0.833100  0.340153  0.428592  0.822826  0.850329  0.770608  0.864854  0.554996  0.675735  0.841715  0.296669  0.674852  0.930554  0.916814  0.665402  0.576122  0.552858  0.803909  0.254155  0.850142  0.878988  0.301550  0.789560  0.202565  0.745175  0.361037  0.606684  0.431063  0.551048  0.840954  0.469921  0.667857  0.541690  0.509292  0.799848  0.448036  0.485393  0.627568  0.689873  0.445987  0.926764  0.099123  0.576715  0.690987  0.497866  0.572487  0.408382  0.719572  0.606162 
9  0.612251  0.688108  0.658264  0.671393  0.642529  0.662504  0.626581  0.620156  0.638893 0.0  0.721129  0.722907  0.628399  0.636244  0.667913  0.627754  0.726336  0.563302  0.630046  0.499622  0.536198  0.599741  0.732684  0.658187  0.618277  0.646160  0.652640  0.730937  0.622771  0.490104  0.663391  0.731391  0.621676  0.568956  0.648211  0.551839  0.661118  0.672488  0.583765  0.464781  0.535075  0.577581  0.542508  0.659997  0.657015  0.670766  0.645578  0.638340  0.552197  0.647796  0.743498  0.661913  0.630593  0.698687  0.565331  0.615465  0.648486  0.529849  0.562383  0.570501 
10  0.703449  0.793659  0.778382  0.753149  0.662183  0.690450  0.759862  0.703473  0.724865  0.721129 0.0  0.766747  0.697021  0.817411  0.797894  0.839665  0.886370  0.683028  0.843146  0.593070  0.762871  0.862399  0.436756  0.832734  0.801933  0.849544  0.697234  0.791697  0.815583  0.684594  0.820206  0.800647  0.795443  0.800381  0.727668  0.846333  0.731238  0.750556  0.713508  0.661956  0.765855  0.728452  0.701195  0.632869  0.725338  0.721654  0.685261  0.688250  0.742031  0.678598  0.698993  0.693245  0.770309  0.723456  0.738829  0.752381  0.837705  0.754642  0.700140  0.796536 
11  0.882768  0.402486  0.133537  0.818688  0.629988  0.313419  0.266071  0.286500  0.833100  0.722907  0.766747 0.0  0.822076  0.786039  0.347615  0.743807  0.763154  0.150391  0.762942  0.672985  0.638866  0.882784  0.907522  0.358517  0.814371  0.810473  0.835350  0.855889  0.807616  0.757547  0.528432  0.185489  0.885894  0.548053  0.858069  0.712173  0.918056  0.850864  0.755587  0.769330  0.251741  0.836889  0.809149  0.896591  0.764791  0.699856  0.897780  0.754598  0.728967  0.722038  0.907589  0.680013  0.814758  0.905790  0.820100  0.747412  0.850113  0.920753  0.330401  0.758466 
12  0.601641  0.819658  0.894428  0.563606  0.551472  0.837398  0.715414  0.705946  0.340153  0.628399  0.697021  0.822076 0.0  0.484705  0.662798  0.747658  0.914954  0.888083  0.517888  0.636569  0.898887  0.476479  0.768295  0.695893  0.886166  0.654069  0.655422  0.636147  0.719012  0.403034  0.822442  0.827861  0.354082  0.879015  0.368429  0.649367  0.298425  0.629858  0.415713  0.511511  0.740754  0.604781  0.610716  0.506445  0.654848  0.638964  0.623011  0.512015  0.548509  0.572885  0.518689  0.724689  0.378811  0.673564  0.544798  0.463004  0.663012  0.365550  0.687803  0.656198 
13  0.571298  0.963794  0.908183  0.428255  0.596430  0.917313  0.842226  0.795012  0.428592  0.636244  0.817411  0.786039  0.484705 0.0  0.784388  0.823529  0.774224  0.763793  0.502569  0.696794  0.911443  0.469548  0.652089  0.844499  0.875826  0.534388  0.516836  0.596136  0.766182  0.532217  0.705252  0.873141  0.479187  0.717333  0.500368  0.760631  0.380258  0.494377  0.536490  0.619365  0.799855  0.621668  0.546829  0.444082  0.663613  0.761638  0.543903  0.454792  0.597660  0.545788  0.248412  0.796577  0.431911  0.464712  0.628865  0.623991  0.500347  0.518828  0.803580  0.753632 
14  0.726237  0.408764  0.316231  0.812307  0.640315  0.273569  0.264434  0.243894  0.822826  0.667913  0.797894  0.347615  0.662798  0.784388 0.0  0.941828  0.773511  0.262632  0.885135  0.636748  0.809189  0.856572  0.804262  0.297383  0.817157  0.864877  0.769643  1.000000  0.704773  0.892833  0.548399  0.349734  0.919916  0.610805  0.829280  0.836984  0.807171  0.784478  0.920261  0.851474  0.366967  0.740808  0.800450  0.763758  0.778351  0.784819  0.785030  0.703346  0.838580  0.815409  0.867364  0.808782  0.846825  0.841247  0.805793  0.717585  0.819017  0.822618  0.324105  0.773881 
15  0.863996  0.757987  0.818681  0.798707  0.589357  0.824538  0.811880  0.803442  0.850329  0.627754  0.839665  0.743807  0.747658  0.823529  0.941828 0.0  0.815857  0.664171  0.829595  0.579644  0.338599  0.865322  0.808562  0.798239  0.768844  0.799568  0.820973  0.846616  0.603142  0.808660  0.811988  0.833347  0.805726  0.915769  0.868930  0.676688  0.915054  0.920614  0.799644  0.811415  0.646613  0.865278  0.570749  0.808575  0.831422  0.690185  0.805700  0.903786  0.689655  0.632738  0.907383  0.242010  0.717036  0.838446  0.575392  0.754016  0.945010  0.729743  0.789586  0.494476 
16  0.886829  0.917335  0.783473  0.799831  0.837239  0.993887  0.796295  0.984243  0.770608  0.726336  0.886370  0.763154  0.914954  0.774224  0.773511  0.815857 0.0  0.851850  0.837371  0.710524  0.705599  0.892338  0.755600  0.800217  0.117643  0.829115  0.936125  0.819831  0.801402  0.890066  0.903613  0.699650  0.910805  0.818349  0.706314  0.903671  0.923719  0.972746  0.841494  0.852025  0.834188  0.901531  0.848300  0.823558  0.932867  0.747359  0.860268  0.815697  0.837612  0.728495  0.919403  0.822414  0.922957  0.858290  0.759874  0.872197  0.859493  0.841385  0.777935  0.865247 
17  0.884531  0.449786  0.172838  0.823285  0.648159  0.388280  0.353359  0.313920  0.864854  0.563302  0.683028  0.150391  0.888083  0.763793  0.262632  0.664171  0.851850 0.0  0.899619  0.653862  0.656530  0.775683  0.795081  0.310486  0.797783  0.888616  0.867473  0.849879  0.760790  0.785373  0.588831  0.215725  0.769122  0.760644  0.863013  0.606855  0.822539  0.857056  0.899233  0.949252  0.229329  0.920039  0.871890  0.823615  0.742852  0.758800  0.828087  0.887830  0.784385  0.707887  0.750904  0.765760  0.819872  0.911195  0.832651  0.833445  0.912034  0.861291  0.288483  0.728367 
18  0.524377  0.669408  0.831428  0.268405  0.491494  0.878416  0.837759  0.844508  0.554996  0.630046  0.843146  0.762942  0.517888  0.502569  0.885135  0.829595  0.837371  0.899619 0.0  0.750942  0.851269  0.538589  0.753870  0.770561  0.913719  0.421357  0.516040  0.249144  0.767670  0.639936  0.715402  0.902240  0.482899  0.673590  0.732389  0.728373  0.542767  0.444591  0.560757  0.748702  0.880266  0.698539  0.491157  0.455446  0.455656  0.864460  0.450572  0.468941  0.479356  0.546019  0.632796  0.851286  0.547948  0.272994  0.751792  0.493670  0.243326  0.677230  0.885322  0.776717 
19  0.582075  0.664350  0.641944  0.699007  0.667170  0.720935  0.661201  0.595840  0.675735  0.499622  0.593070  0.672985  0.636569  0.696794  0.636748  0.579644  0.710524  0.653862  0.750942 0.0  0.697845  0.654318  0.575751  0.736071  0.866329  0.653723  0.740048  0.581844  0.672811  0.635887  0.663046  0.567648  0.530598  0.680441  0.671625  0.567758  0.653260  0.691281  0.651368  0.549630  0.727759  0.637092  0.624403  0.648290  0.711017  0.711141  0.583932  0.579930  0.715584  0.622700  0.728765  0.687716  0.662383  0.654616  0.538932  0.675090  0.711470  0.747473  0.698456  0.612592 
20  0.944415  0.804879  0.664821  0.944399  0.576012  0.857115  0.889690  0.821051  0.841715  0.536198  0.762871  0.638866  0.898887  0.911443  0.809189  0.338599  0.705599  0.656530  0.851269  0.697845 0.0  0.869343  0.780696  0.810785  0.799596  0.837366  0.750216  0.805479  0.517651  0.873618  0.788545  0.718564  0.862926  0.868131  0.799402  0.696578  0.930768  0.809755  0.918980  0.674903  0.781622  0.741785  0.593757  0.813487  0.863483  0.656241  0.909781  0.827110  0.699969  0.544102  0.941350  0.225468  0.890293  0.913324  0.526115  0.649996  0.826039  0.797198  0.785669  0.438693 
21  0.607831  0.753384  0.870083  0.571316  0.619209  0.887992  0.805219  0.827906  0.296669  0.599741  0.862399  0.882784  0.476479  0.469548  0.856572  0.865322  0.892338  0.775683  0.538589  0.654318  0.869343 0.0  0.689545  0.839914  0.898372  0.665444  0.655410  0.688494  0.689408  0.509094  0.787686  0.935313  0.232464  0.763652  0.285266  0.750316  0.208724  0.633126  0.397949  0.404985  0.938098  0.409703  0.628291  0.654302  0.565062  0.732457  0.589515  0.584649  0.536970  0.630692  0.639859  0.859254  0.257012  0.664839  0.619831  0.542385  0.655910  0.235415  0.697617  0.566183 
22  0.632706  0.761652  0.900643  0.727559  0.642556  0.692275  0.808154  0.753005  0.674852  0.732684  0.436756  0.907522  0.768295  0.652089  0.804262  0.808562  0.755600  0.795081  0.753870  0.575751  0.780696  0.689545 0.0  0.842832  0.782734  0.705862  0.791498  0.730439  0.731280  0.664776  0.701779  0.832851  0.689481  0.706899  0.598885  0.693410  0.656288  0.649045  0.717372  0.746347  0.682755  0.785381  0.750441  0.838971  0.716891  0.829671  0.782096  0.698892  0.748863  0.848804  0.667964  0.776452  0.767152  0.700507  0.711776  0.640257  0.703826  0.765414  0.654642  0.891497 
23  0.785909  0.200679  0.353017  0.764012  0.646162  0.281876  0.272436  0.331408  0.930554  0.658187  0.832734  0.358517  0.695893  0.844499  0.297383  0.798239  0.800217  0.310486  0.770561  0.736071  0.810785  0.839914  0.842832 0.0  0.891643  0.826504  0.884863  0.870980  0.754140  0.816198  0.522096  0.375742  0.769773  0.541783  0.812964  0.803403  0.927980  0.807393  0.847950  0.846783  0.370267  0.952476  0.814425  0.760889  0.768019  0.750256  0.828140  0.883918  0.753544  0.789392  0.826870  0.792723  0.769574  0.840272  0.813464  0.851153  0.774294  0.871297  0.398125  0.776127 
24  0.780392  0.882545  0.628837  0.767946  0.788894  0.796923  0.763439  0.840695  0.916814  0.618277  0.801933  0.814371  0.886166  0.875826  0.817157  0.768844  0.117643  0.797783  0.913719  0.866329  0.799596  0.898372  0.782734  0.891643 0.0  0.802635  0.849667  0.899977  0.823765  0.843905  0.918775  0.818389  0.848574  0.746931  0.741258  0.824817  0.734066  0.811064  0.782792  0.819861  0.679156  0.793173  0.802721  0.876098  0.732379  0.795980  0.868517  0.800069  0.819668  0.820277  0.843550  0.740504  0.891868  0.877417  0.838116  0.819052  0.890319  0.836578  0.718650  0.778877 
25  0.151917  0.859346  0.922575  0.405707  0.494878  0.831398  0.890438  0.721338  0.665402  0.646160  0.849544  0.810473  0.654069  0.534388  0.864877  0.799568  0.829115  0.888616  0.421357  0.653723  0.837366  0.665444  0.705862  0.826504  0.802635 0.0  0.165388  0.460855  0.884194  0.656306  0.855950  0.826758  0.575485  0.786529  0.594334  0.750087  0.571836  0.519954  0.508950  0.699718  0.713542  0.652799  0.604410  0.260462  0.512061  0.722845  0.421826  0.246368  0.501416  0.601160  0.425864  0.856322  0.553070  0.464868  0.640701  0.458426  0.486763  0.696329  0.747730  0.765177 
26  0.223180  0.750771  0.830069  0.451214  0.737923  0.849573  0.767319  0.961015  0.576122  0.652640  0.697234  0.835350  0.655422  0.516836  0.769643  0.820973  0.936125  0.867473  0.516040  0.740048  0.750216  0.655410  0.791498  0.884863  0.849667  0.165388 0.0  0.392869  0.886314  0.587019  0.773386  0.920446  0.655159  0.795609  0.707644  0.800386  0.528454  0.420712  0.626933  0.630982  0.918779  0.806916  0.717648  0.209506  0.538785  0.741917  0.292237  0.247319  0.610209  0.628681  0.381370  0.856320  0.634692  0.499446  0.748016  0.570543  0.427030  0.692696  0.868615  0.807377 
27  0.508551  0.795289  0.833001  0.276128  0.575841  0.855151  0.856492  0.888522  0.552858  0.730937  0.791697  0.855889  0.636147  0.596136  1.000000  0.846616  0.819831  0.849879  0.249144  0.581844  0.805479  0.688494  0.730439  0.870980  0.899977  0.460855  0.392869 0.0  0.682697  0.594873  0.902896  0.808902  0.601351  0.818025  0.551339  0.864331  0.593280  0.457738  0.598972  0.656475  0.885671  0.699448  0.630837  0.522075  0.471235  0.807618  0.377459  0.396435  0.475849  0.652381  0.391273  0.886538  0.614770  0.316816  0.739574  0.558714  0.249470  0.601120  0.717848  0.842081 
28  0.882072  0.807354  0.691285  0.759330  0.683413  0.767163  0.761604  0.796725  0.803909  0.622771  0.815583  0.807616  0.719012  0.766182  0.704773  0.603142  0.801402  0.760790  0.767670  0.672811  0.517651  0.689408  0.731280  0.754140  0.823765  0.884194  0.886314  0.682697 0.0  0.747319  0.733493  0.764033  0.793808  0.791614  0.754109  0.387379  0.724999  0.859331  0.704819  0.682410  0.686230  0.754599  0.776615  0.711270  0.837863  0.433077  0.751376  0.792796  0.685870  0.688254  0.716692  0.638754  0.712374  0.752740  0.668182  0.837850  0.692962  0.740382  0.747875  0.715499 
29  0.718764  0.870206  0.971698  0.653243  0.681249  0.896940  0.810060  0.798314  0.254155  0.490104  0.684594  0.757547  0.403034  0.532217  0.892833  0.808660  0.890066  0.785373  0.639936  0.635887  0.873618  0.509094  0.664776  0.816198  0.843905  0.656306  0.587019  0.594873  0.747319 0.0  0.824951  0.805452  0.308649  0.810250  0.249689  0.694971  0.380466  0.582831  0.241992  0.589890  0.900608  0.549393  0.731671  0.533043  0.649340  0.688775  0.525563  0.600318  0.552702  0.585156  0.516558  0.712261  0.383055  0.633980  0.569691  0.614856  0.704408  0.365976  0.852268  0.525885 
30  0.623655  0.589689  0.552566  0.828192  0.661424  0.551772  0.555051  0.638923  0.850142  0.663391  0.820206  0.528432  0.822442  0.705252  0.548399  0.811988  0.903613  0.588831  0.715402  0.663046  0.788545  0.787686  0.701779  0.522096  0.918775  0.855950  0.773386  0.902896  0.733493  0.824951 0.0  0.483365  0.890194  0.501042  0.856457  0.773984  0.831959  0.866221  0.807123  0.749271  0.534986  0.911360  0.808101  0.715620  0.815300  0.772927  0.763791  0.745601  0.779364  0.815876  0.819973  0.885096  0.836816  0.865200  0.819400  0.915802  0.867777  0.736438  0.588911  0.805165 
31  0.796307  0.310585  0.240032  0.747451  0.602452  0.374806  0.298814  0.389659  0.878988  0.731391  0.800647  0.185489  0.827861  0.873141  0.349734  0.833347  0.699650  0.215725  0.902240  0.567648  0.718564  0.935313  0.832851  0.375742  0.818389  0.826758  0.920446  0.808902  0.764033  0.805452  0.483365 0.0  0.834397  0.580442  0.875255  0.726538  0.813996  0.869766  0.888482  0.855917  0.158927  0.807797  0.807964  0.886957  0.938180  0.778981  0.886838  0.919132  0.717125  0.710043  0.851038  0.823574  0.820966  0.814106  0.783182  0.740029  0.822013  0.823597  0.354041  0.764769 
32  0.652613  0.713150  0.852887  0.507355  0.559014  0.781055  0.891854  0.815721  0.301550  0.621676  0.795443  0.885894  0.354082  0.479187  0.919916  0.805726  0.910805  0.769122  0.482899  0.530598  0.862926  0.232464  0.689481  0.769773  0.848574  0.575485  0.655159  0.601351  0.793808  0.308649  0.890194  0.834397 0.0  0.813040  0.369391  0.682795  0.231699  0.477135  0.399101  0.525097  0.972619  0.499758  0.594371  0.758453  0.525585  0.772595  0.547491  0.618416  0.549533  0.517407  0.470204  0.758664  0.274453  0.671390  0.569459  0.503647  0.609385  0.230434  0.828372  0.524829 
33  0.787095  0.593320  0.680938  0.715031  0.523814  0.572326  0.472244  0.528691  0.789560  0.568956  0.800381  0.548053  0.879015  0.717333  0.610805  0.915769  0.818349  0.760644  0.673590  0.680441  0.868131  0.763652  0.706899  0.541783  0.746931  0.786529  0.795609  0.818025  0.791614  0.810250  0.501042  0.580442  0.813040 0.0  0.827235  0.757085  0.748659  0.705274  0.741637  0.795018  0.596671  0.903749  0.764034  0.854376  0.781211  0.872411  0.728635  0.687616  0.843428  0.668964  0.839869  0.897177  0.770430  0.807270  0.909955  0.800384  0.705073  0.887173  0.617807  0.702809 
34  0.674632  0.814036  0.932158  0.579688  0.556179  0.844812  0.728593  0.704991  0.202565  0.648211  0.727668  0.858069  0.368429  0.500368  0.829280  0.868930  0.706314  0.863013  0.732389  0.671625  0.799402  0.285266  0.598885  0.812964  0.741258  0.594334  0.707644  0.551339  0.754109  0.249689  0.856457  0.875255  0.369391  0.827235 0.0  0.625465  0.315645  0.519958  0.457927  0.543957  0.937112  0.519208  0.554120  0.631143  0.553463  0.710726  0.635951  0.555967  0.510313  0.564554  0.474692  0.855859  0.259442  0.681586  0.663695  0.658031  0.641150  0.398034  0.690377  0.535223 
35  0.689180  0.717482  0.866452  0.757669  0.521840  0.838882  0.763058  0.695165  0.745175  0.551839  0.846333  0.712173  0.649367  0.760631  0.836984  0.676688  0.903671  0.606855  0.728373  0.567758  0.696578  0.750316  0.693410  0.803403  0.824817  0.750087  0.800386  0.864331  0.387379  0.694971  0.773984  0.726538  0.682795  0.757085  0.625465 0.0  0.763758  0.692757  0.723443  0.677414  0.600548  0.719775  0.742520  0.807672  0.722341  0.418500  0.755528  0.711418  0.763673  0.690815  0.698417  0.591248  0.708424  0.794071  0.679649  0.780521  0.801512  0.663496  0.813746  0.651300 
36  0.770118  0.774758  0.860385  0.526448  0.493489  0.900559  0.812296  0.859134  0.361037  0.661118  0.731238  0.918056  0.298425  0.380258  0.807171  0.915054  0.923719  0.822539  0.542767  0.653260  0.930768  0.208724  0.656288  0.927980  0.734066  0.571836  0.528454  0.593280  0.724999  0.380466  0.831959  0.813996  0.231699  0.748659  0.315645  0.763758 0.0  0.569320  0.401998  0.563949  0.847014  0.588981  0.511454  0.459609  0.526439  0.706629  0.501528  0.483227  0.543586  0.615891  0.473822  0.790643  0.210504  0.657987  0.527859  0.459857  0.598618  0.271342  0.775731  0.509121 
37  0.457936  0.840580  0.786327  0.403903  0.558540  0.892444  0.941475  0.917369  0.606684  0.672488  0.750556  0.850864  0.629858  0.494377  0.784478  0.920614  0.972746  0.857056  0.444591  0.691281  0.809755  0.633126  0.649045  0.807393  0.811064  0.519954  0.420712  0.457738  0.859331  0.582831  0.866221  0.869766  0.477135  0.705274  0.519958  0.692757  0.569320 0.0  0.533879  0.637073  0.866751  0.612997  0.573556  0.463519  0.125541  0.827321  0.269119  0.485000  0.645101  0.596666  0.480166  0.779043  0.653341  0.520415  0.655972  0.589737  0.497485  0.588031  0.782115  0.783896 
38  0.561761  0.836979  0.863849  0.515963  0.611133  0.884694  0.960249  0.877595  0.431063  0.583765  0.713508  0.755587  0.415713  0.536490  0.920261  0.799644  0.841494  0.899233  0.560757  0.651368  0.918980  0.397949  0.717372  0.847950  0.782792  0.508950  0.626933  0.598972  0.704819  0.241992  0.807123  0.888482  0.399101  0.741637  0.457927  0.723443  0.401998  0.533879 0.0  0.425995  0.832296  0.422595  0.442396  0.688675  0.671183  0.803595  0.585070  0.567132  0.430919  0.564141  0.639699  0.735828  0.405001  0.548649  0.588761  0.620273  0.595348  0.397256  0.743230  0.537808 
39  0.650656  0.769652  0.922600  0.720130  0.577134  0.894950  0.910152  0.795812  0.551048  0.464781  0.661956  0.769330  0.511511  0.619365  0.851474  0.811415  0.852025  0.949252  0.748702  0.549630  0.674903  0.404985  0.746347  0.846783  0.819861  0.699718  0.630982  0.656475  0.682410  0.589890  0.749271  0.855917  0.525097  0.795018  0.543957  0.677414  0.563949  0.637073  0.425995 0.0  0.939286  0.126992  0.581933  0.610695  0.726463  0.598475  0.730349  0.655008  0.653037  0.666363  0.570867  0.726136  0.546022  0.746094  0.559244  0.629526  0.696820  0.415583  0.869621  0.495111 
40  0.921183  0.373946  0.164596  0.822385  0.582186  0.392251  0.241973  0.407342  0.840954  0.535075  0.765855  0.251741  0.740754  0.799855  0.366967  0.646613  0.834188  0.229329  0.880266  0.727759  0.781622  0.938098  0.682755  0.370267  0.679156  0.713542  0.918779  0.885671  0.686230  0.900608  0.534986  0.158927  0.972619  0.596671  0.937112  0.600548  0.847014  0.866751  0.832296  0.939286 0.0  0.789881  0.672353  0.915063  0.878519  0.765193  0.816048  0.776813  0.781774  0.869068  0.791840  0.692295  0.893830  0.872140  0.819091  0.783727  0.924105  0.815630  0.371406  0.812001 
41  0.648087  0.865883  0.832498  0.643645  0.572731  0.969400  0.991854  0.885274  0.469921  0.577581  0.728452  0.836889  0.604781  0.621668  0.740808  0.865278  0.901531  0.920039  0.698539  0.637092  0.741785  0.409703  0.785381  0.952476  0.793173  0.652799  0.806916  0.699448  0.754599  0.549393  0.911360  0.807797  0.499758  0.903749  0.519208  0.719775  0.588981  0.612997  0.422595  0.126992  0.789881 0.0  0.529355  0.634438  0.588853  0.737665  0.692917  0.677915  0.616751  0.696329  0.547296  0.785703  0.499320  0.649837  0.509980  0.541465  0.602812  0.517221  0.876352  0.493095 
42  0.560360  0.753429  0.881730  0.586700  0.643446  0.681290  0.735702  0.812371  0.667857  0.542508  0.701195  0.809149  0.610716  0.546829  0.800450  0.570749  0.848300  0.871890  0.491157  0.624403  0.593757  0.628291  0.750441  0.814425  0.802721  0.604410  0.717648  0.630837  0.776615  0.731671  0.808101  0.807964  0.594371  0.764034  0.554120  0.742520  0.511454  0.573556  0.442396  0.581933  0.672353  0.529355 0.0  0.512432  0.590794  0.580438  0.552677  0.605220  0.495220  0.412129  0.493351  0.678772  0.531339  0.559442  0.435423  0.339886  0.530505  0.427437  0.789541  0.788485 
43  0.251274  0.785324  0.875261  0.391131  0.612050  0.790602  0.805263  0.785310  0.541690  0.659997  0.632869  0.896591  0.506445  0.444082  0.763758  0.808575  0.823558  0.823615  0.455446  0.648290  0.813487  0.654302  0.838971  0.760889  0.876098  0.260462  0.209506  0.522075  0.711270  0.533043  0.715620  0.886957  0.758453  0.854376  0.631143  0.807672  0.459609  0.463519  0.688675  0.610695  0.915063  0.634438  0.512432 0.0  0.455756  0.888432  0.401980  0.282722  0.609308  0.540614  0.501184  0.772940  0.597444  0.428607  0.713967  0.581340  0.416588  0.617305  0.821573  0.801011 
44  0.529409  0.843387  0.905351  0.529566  0.548109  0.829490  0.902768  0.855729  0.509292  0.657015  0.725338  0.764791  0.654848  0.663613  0.778351  0.831422  0.932867  0.742852  0.455656  0.711017  0.863483  0.565062  0.716891  0.768019  0.732379  0.512061  0.538785  0.471235  0.837863  0.649340  0.815300  0.938180  0.525585  0.781211  0.553463  0.722341  0.526439  0.125541  0.671183  0.726463  0.878519  0.588853  0.590794  0.455756 0.0  0.844570  0.159882  0.544858  0.640883  0.568257  0.452442  0.864143  0.559161  0.491780  0.746233  0.545192  0.387354  0.536776  0.796581  0.778794 
45  0.729871  0.784451  0.738244  0.740504  0.595655  0.810316  0.736727  0.770449  0.799848  0.670766  0.721654  0.699856  0.638964  0.761638  0.784819  0.690185  0.747359  0.758800  0.864460  0.711141  0.656241  0.732457  0.829671  0.750256  0.795980  0.722845  0.741917  0.807618  0.433077  0.688775  0.772927  0.778981  0.772595  0.872411  0.710726  0.418500  0.706629  0.827321  0.803595  0.598475  0.765193  0.737665  0.580438  0.888432  0.844570 0.0  0.724382  0.842834  0.777462  0.655591  0.845066  0.760765  0.774331  0.828574  0.696628  0.725963  0.825740  0.706991  0.813647  0.680687 
46  0.488704  0.821293  0.910603  0.338694  0.627057  0.824095  0.815946  0.823411  0.448036  0.645578  0.685261  0.897780  0.623011  0.543903  0.785030  0.805700  0.860268  0.828087  0.450572  0.583932  0.909781  0.589515  0.782096  0.828140  0.868517  0.421826  0.292237  0.377459  0.751376  0.525563  0.763791  0.886838  0.547491  0.728635  0.635951  0.755528  0.501528  0.269119  0.585070  0.730349  0.816048  0.692917  0.552677  0.401980  0.159882  0.724382 0.0  0.432667  0.574913  0.566340  0.570232  0.921319  0.556233  0.471713  0.539353  0.544529  0.485494  0.649575  0.822333  0.843195 
47  0.290349  0.679913  0.923857  0.375839  0.596062  0.882667  0.860631  0.846980  0.485393  0.638340  0.688250  0.754598  0.512015  0.454792  0.703346  0.903786  0.815697  0.887830  0.468941  0.579930  0.827110  0.584649  0.698892  0.883918  0.800069  0.246368  0.247319  0.396435  0.792796  0.600318  0.745601  0.919132  0.618416  0.687616  0.555967  0.711418  0.483227  0.485000  0.567132  0.655008  0.776813  0.677915  0.605220  0.282722  0.544858  0.842834  0.432667 0.0  0.582080  0.629948  0.439298  0.815843  0.511692  0.626136  0.670864  0.533445  0.499227  0.636400  0.863486  0.752283 
48  0.495565  0.777254  0.794550  0.498031  0.520398  0.842856  0.761266  0.780282  0.627568  0.552197  0.742031  0.728967  0.548509  0.597660  0.838580  0.689655  0.837612  0.784385  0.479356  0.715584  0.699969  0.536970  0.748863  0.753544  0.819668  0.501416  0.610209  0.475849  0.685870  0.552702  0.779364  0.717125  0.549533  0.843428  0.510313  0.763673  0.543586  0.645101  0.430919  0.653037  0.781774  0.616751  0.495220  0.609308  0.640883  0.777462  0.574913  0.582080 0.0  0.305135  0.524310  0.677402  0.602156  0.607730  0.540123  0.312038  0.528788  0.567162  0.856194  0.740836 
49  0.533653  0.743904  0.764897  0.563834  0.767145  0.804851  0.867366  0.970040  0.689873  0.647796  0.678598  0.722038  0.572885  0.545788  0.815409  0.632738  0.728495  0.707887  0.546019  0.622700  0.544102  0.630692  0.848804  0.789392  0.820277  0.601160  0.628681  0.652381  0.688254  0.585156  0.815876  0.710043  0.517407  0.668964  0.564554  0.690815  0.615891  0.596666  0.564141  0.666363  0.869068  0.696329  0.412129  0.540614  0.568257  0.655591  0.566340  0.629948  0.305135 0.0  0.555191  0.614318  0.648445  0.599192  0.320340  0.384516  0.719699  0.644118  0.807649  0.733541 
50  0.484482  0.804532  0.834824  0.508806  0.562589  0.816999  0.788526  0.805988  0.445987  0.743498  0.698993  0.907589  0.518689  0.248412  0.867364  0.907383  0.919403  0.750904  0.632796  0.728765  0.941350  0.639859  0.667964  0.826870  0.843550  0.425864  0.381370  0.391273  0.716692  0.516558  0.819973  0.851038  0.470204  0.839869  0.474692  0.698417  0.473822  0.480166  0.639699  0.570867  0.791840  0.547296  0.493351  0.501184  0.452442  0.845066  0.570232  0.439298  0.524310  0.555191 0.0  0.841103  0.463953  0.580974  0.594004  0.444486  0.438456  0.478135  0.740192  0.729624 
51  0.872610  0.945971  0.664889  0.963284  0.648772  0.911984  0.834642  0.842479  0.926764  0.661913  0.693245  0.680013  0.724689  0.796577  0.808782  0.242010  0.822414  0.765760  0.851286  0.687716  0.225468  0.859254  0.776452  0.792723  0.740504  0.856322  0.856320  0.886538  0.638754  0.712261  0.885096  0.823574  0.758664  0.897177  0.855859  0.591248  0.790643  0.779043  0.735828  0.726136  0.692295  0.785703  0.678772  0.772940  0.864143  0.760765  0.921319  0.815843  0.677402  0.614318  0.841103 0.0  0.823776  0.777127  0.685363  0.680073  0.775000  0.841058  0.758921  0.405290 
52  0.600330  0.818761  0.779165  0.498391  0.532110  0.855539  0.788522  0.750117  0.099123  0.630593  0.770309  0.814758  0.378811  0.431911  0.846825  0.717036  0.922957  0.819872  0.547948  0.662383  0.890293  0.257012  0.767152  0.769574  0.891868  0.553070  0.634692  0.614770  0.712374  0.383055  0.836816  0.820966  0.274453  0.770430  0.259442  0.708424  0.210504  0.653341  0.405001  0.546022  0.893830  0.499320  0.531339  0.597444  0.559161  0.774331  0.556233  0.511692  0.602156  0.648445  0.463953  0.823776 0.0  0.640463  0.662222  0.559172  0.571701  0.310867  0.750599  0.579418 
53  0.436120  0.826179  0.879776  0.274445  0.587134  0.763482  0.802345  0.775818  0.576715  0.698687  0.723456  0.905790  0.673564  0.464712  0.841247  0.838446  0.858290  0.911195  0.272994  0.654616  0.913324  0.664839  0.700507  0.840272  0.877417  0.464868  0.499446  0.316816  0.752740  0.633980  0.865200  0.814106  0.671390  0.807270  0.681586  0.794071  0.657987  0.520415  0.548649  0.746094  0.872140  0.649837  0.559442  0.428607  0.491780  0.828574  0.471713  0.626136  0.607730  0.599192  0.580974  0.777127  0.640463 0.0  0.754691  0.529526  0.215360  0.589513  0.784696  0.797625 
54  0.732875  0.762195  0.869284  0.730067  0.546283  0.923122  0.814968  0.945174  0.690987  0.565331  0.738829  0.820100  0.544798  0.628865  0.805793  0.575392  0.759874  0.832651  0.751792  0.538932  0.526115  0.619831  0.711776  0.813464  0.838116  0.640701  0.748016  0.739574  0.668182  0.569691  0.819400  0.783182  0.569459  0.909955  0.663695  0.679649  0.527859  0.655972  0.588761  0.559244  0.819091  0.509980  0.435423  0.713967  0.746233  0.696628  0.539353  0.670864  0.540123  0.320340  0.594004  0.685363  0.662222  0.754691 0.0  0.417339  0.704029  0.701076  0.802171  0.760401 
55  0.507187  0.753539  0.738842  0.494964  0.693870  0.759353  0.886398  0.880386  0.497866  0.615465  0.752381  0.747412  0.463004  0.623991  0.717585  0.754016  0.872197  0.833445  0.493670  0.675090  0.649996  0.542385  0.640257  0.851153  0.819052  0.458426  0.570543  0.558714  0.837850  0.614856  0.915802  0.740029  0.503647  0.800384  0.658031  0.780521  0.459857  0.589737  0.620273  0.629526  0.783727  0.541465  0.339886  0.581340  0.545192  0.725963  0.544529  0.533445  0.312038  0.384516  0.444486  0.680073  0.559172  0.529526  0.417339 0.0  0.441785  0.673272  0.808288  0.712832 
56  0.534748  0.831949  0.780322  0.289771  0.593710  0.871138  0.726769  0.836266  0.572487  0.648486  0.837705  0.850113  0.663012  0.500347  0.819017  0.945010  0.859493  0.912034  0.243326  0.711470  0.826039  0.655910  0.703826  0.774294  0.890319  0.486763  0.427030  0.249470  0.692962  0.704408  0.867777  0.822013  0.609385  0.705073  0.641150  0.801512  0.598618  0.497485  0.595348  0.696820  0.924105  0.602812  0.530505  0.416588  0.387354  0.825740  0.485494  0.499227  0.528788  0.719699  0.438456  0.775000  0.571701  0.215360  0.704029  0.441785 0.0  0.680482  0.835140  0.819379 
57  0.574017  0.744111  0.840793  0.530994  0.628080  0.789230  0.849789  0.845247  0.408382  0.529849  0.754642  0.920753  0.365550  0.518828  0.822618  0.729743  0.841385  0.861291  0.677230  0.747473  0.797198  0.235415  0.765414  0.871297  0.836578  0.696329  0.692696  0.601120  0.740382  0.365976  0.736438  0.823597  0.230434  0.887173  0.398034  0.663496  0.271342  0.588031  0.397256  0.415583  0.815630  0.517221  0.427437  0.617305  0.536776  0.706991  0.649575  0.636400  0.567162  0.644118  0.478135  0.841058  0.310867  0.589513  0.701076  0.673272  0.680482 0.0  0.744818  0.573287 
58  0.650767  0.416836  0.260426  0.685477  0.694216  0.279284  0.176818  0.346366  0.719572  0.562383  0.700140  0.330401  0.687803  0.803580  0.324105  0.789586  0.777935  0.288483  0.885322  0.698456  0.785669  0.697617  0.654642  0.398125  0.718650  0.747730  0.868615  0.717848  0.747875  0.852268  0.588911  0.354041  0.828372  0.617807  0.690377  0.813746  0.775731  0.782115  0.743230  0.869621  0.371406  0.876352  0.789541  0.821573  0.796581  0.813647  0.822333  0.863486  0.856194  0.807649  0.740192  0.758921  0.750599  0.784696  0.802171  0.808288  0.835140  0.744818 0.0  0.724846 
59  0.742533  0.817971  0.591844  0.852424  0.610409  0.798018  0.734893  0.766667  0.606162  0.570501  0.796536  0.758466  0.656198  0.753632  0.773881  0.494476  0.865247  0.728367  0.776717  0.612592  0.438693  0.566183  0.891497  0.776127  0.778877  0.765177  0.807377  0.842081  0.715499  0.525885  0.805165  0.764769  0.524829  0.702809  0.535223  0.651300  0.509121  0.783896  0.537808  0.495111  0.812001  0.493095  0.788485  0.801011  0.778794  0.680687  0.843195  0.752283  0.740836  0.733541  0.729624  0.405290  0.579418  0.797625  0.760401  0.712832  0.819379  0.573287  0.724846 0.0 
