60
0 0.0  0.782315  0.740012  0.486548  0.498745  0.773223  0.743740  0.786245  0.560622  0.652594  0.690711  0.824314  0.536126  0.526378  0.836958  0.742976  0.863074  0.764967  0.342702  0.625041  0.818357  0.543266  0.614249  0.865457  0.866054  0.226477  0.150008  0.356334  0.804181  0.566195  0.758863  0.859947  0.573762  0.713623  0.505163  0.756377  0.590957  0.437072  0.512744  0.594561  0.835071  0.706221  0.581603  0.199576  0.342857  0.719216  0.325697  0.290710  0.573690  0.613887  0.582931  0.828379  0.607004  0.424383  0.730819  0.549701  0.488214  0.588507  0.762978  0.856768 
1  0.782315 0.0  0.480453  0.721859  0.729875  0.327566  0.317240  0.289401  0.848660  0.551085  0.780767  0.411027  0.808671  0.845160  0.442670  0.809222  0.813531  0.363434  0.820083  0.774098  0.800880  0.704660  0.791926  0.178232  0.971715  0.741674  0.785925  0.765707  0.835663  0.769027  0.536802  0.282843  0.831560  0.469688  0.818099  0.671435  0.813715  0.757917  0.858315  0.798099  0.376140  0.880340  0.940269  0.702224  0.851528  0.758296  0.816060  0.818202  0.731614  0.758457  0.747146  0.871664  0.709868  0.749119  0.885871  0.752057  0.697794  0.725714  0.285654  0.826846 
2  0.740012  0.480453 0.0  0.860205  0.609576  0.249991  0.361865  0.447016  0.846679  0.651215  0.733462  0.093232  0.696102  0.808798  0.308425  0.696375  0.757382  0.105668  0.978956  0.793966  0.695040  0.892752  0.699744  0.372715  0.748984  0.835358  0.879076  0.823318  0.725648  0.869898  0.601501  0.172581  0.926871  0.427781  0.765489  0.649938  0.921675  0.921276  0.835781  0.878132  0.206374  0.874097  0.931040  0.852104  0.873468  0.814158  0.907879  0.793377  0.865197  0.726366  0.844579  0.671771  0.812883  0.825472  0.787409  0.728492  0.932112  0.893030  0.222096  0.860353 
3  0.486548  0.721859  0.860205 0.0  0.582567  0.833523  0.828115  0.781947  0.529559  0.666116  0.796035  0.792061  0.529499  0.469696  0.789610  0.823855  0.957397  0.839655  0.280184  0.607588  0.894301  0.491242  0.742212  0.867341  0.807854  0.203125  0.272379  0.332755  0.809661  0.566600  0.788671  0.850631  0.494963  0.758682  0.544977  0.727658  0.533961  0.379586  0.549490  0.571077  0.745043  0.565120  0.555934  0.359703  0.487922  0.750920  0.358566  0.322637  0.571190  0.643618  0.457587  0.850907  0.435222  0.263074  0.675097  0.469264  0.264492  0.539495  0.800614  0.810525 
4  0.498745  0.729875  0.609576  0.582567 0.0  0.672409  0.622647  0.671530  0.568149  0.535452  0.700706  0.610759  0.344680  0.540877  0.636051  0.625053  0.772340  0.583820  0.610795  0.518416  0.669370  0.593108  0.642870  0.593385  0.696162  0.591525  0.553117  0.599511  0.636715  0.514171  0.683129  0.602492  0.567543  0.544565  0.567574  0.702630  0.460429  0.585653  0.525820  0.592528  0.550589  0.647967  0.592562  0.544053  0.588395  0.766311  0.583716  0.586501  0.492574  0.640777  0.538503  0.625099  0.507672  0.504503  0.647459  0.609756  0.482917  0.547302  0.598309  0.677204 
5  0.773223  0.327566  0.249991  0.833523  0.672409 0.0  0.319142  0.219472  0.895662  0.665528  0.712974  0.381869  0.825173  0.855481  0.347125  0.753563  0.867969  0.373747  0.793817  0.705258  0.876434  0.811006  0.726854  0.302955  0.794184  0.899200  0.860909  0.981978  0.791024  0.914317  0.580756  0.412774  0.901369  0.687510  0.786449  0.890679  0.905112  0.804635  0.840878  0.881154  0.416803  0.864033  0.737673  0.868900  0.911224  0.705742  0.865131  0.791357  0.828298  0.852406  0.704966  0.878157  0.796775  0.853747  0.896823  0.721704  0.791693  0.874257  0.217644  0.874603 
6  0.743740  0.317240  0.361865  0.828115  0.622647  0.319142 0.0  0.272565  0.839696  0.711357  0.749223  0.218017  0.886567  0.840678  0.230093  0.739633  0.813923  0.257805  0.834592  0.735718  0.792588  0.775342  0.813664  0.319213  0.832658  0.805332  0.913690  0.970183  0.675057  0.797964  0.644686  0.272790  0.828390  0.531936  0.779491  0.752917  0.891254  0.871579  0.883969  0.805019  0.260814  0.805489  0.774364  0.812696  0.875664  0.783460  0.824604  0.775848  0.762918  0.767761  0.676337  0.804518  0.776300  0.959932  0.931494  0.800280  0.755799  0.842872  0.237764  0.778754 
7  0.786245  0.289401  0.447016  0.781947  0.671530  0.219472  0.272565 0.0  0.823079  0.715048  0.656012  0.306484  0.758049  0.698529  0.202789  0.835870  0.970523  0.392347  0.827088  0.585975  0.878539  0.812549  0.837401  0.359849  0.730941  0.757397  0.898763  0.850249  0.774100  0.823472  0.478411  0.345255  0.846545  0.506842  0.883868  0.699862  0.991503  0.774018  0.859573  0.813201  0.354229  0.943055  0.782181  0.776812  0.751604  0.761785  0.802142  0.840584  0.824616  0.782327  0.782225  0.925091  0.866895  0.856178  0.940804  0.723476  0.738268  0.853850  0.251186  0.774726 
8  0.560622  0.848660  0.846679  0.529559  0.568149  0.895662  0.839696  0.823079 0.0  0.636849  0.756710  0.861746  0.400875  0.354694  0.776095  0.767290  0.807229  0.924944  0.552497  0.545672  0.820023  0.289177  0.608437  0.830363  0.752313  0.536465  0.628483  0.593523  0.826409  0.401860  0.751991  0.847896  0.258099  0.856141  0.081421  0.707459  0.346781  0.547476  0.294281  0.475275  0.768109  0.487952  0.600468  0.568200  0.738425  0.765309  0.579507  0.544777  0.622579  0.603055  0.378242  0.747181  0.165460  0.564839  0.702825  0.511314  0.611773  0.372893  0.839251  0.608944 
9  0.652594  0.551085  0.651215  0.666116  0.535452  0.665528  0.711357  0.715048  0.636849 0.0  0.707782  0.578351  0.713325  0.681495  0.725125  0.497287  0.617622  0.531991  0.629460  0.591097  0.651212  0.610822  0.579741  0.671746  0.576358  0.804337  0.688517  0.592621  0.606967  0.610150  0.609133  0.548596  0.609324  0.618638  0.650116  0.473151  0.623634  0.734486  0.665746  0.626201  0.639623  0.600472  0.500075  0.609789  0.592149  0.524005  0.629297  0.549237  0.590274  0.499703  0.661706  0.578153  0.553377  0.660585  0.518381  0.588940  0.570037  0.603026  0.618687  0.550767 
10  0.690711  0.780767  0.733462  0.796035  0.700706  0.712974  0.749223  0.656012  0.756710  0.707782 0.0  0.728913  0.696121  0.710045  0.801498  0.772769  0.871639  0.852546  0.763334  0.704558  0.787974  0.665839  0.399003  0.686783  0.953885  0.736684  0.718640  0.747457  0.800988  0.818731  0.727784  0.727606  0.756974  0.821325  0.775907  0.655129  0.758813  0.636488  0.737728  0.833910  0.827276  0.731724  0.722280  0.633123  0.661570  0.740318  0.710877  0.728043  0.682019  0.763124  0.800833  0.857457  0.839035  0.686187  0.781452  0.759993  0.843166  0.763961  0.716784  0.839141 
11  0.824314  0.411027  0.093232  0.792061  0.610759  0.381869  0.218017  0.306484  0.861746  0.578351  0.728913 0.0  0.817277  0.721692  0.301479  0.870737  0.801894  0.196736  0.811761  0.648805  0.762195  0.868706  0.708466  0.303556  0.768650  0.942221  0.847738  0.768438  0.708287  0.869152  0.553310  0.186547  0.768565  0.609668  0.823947  0.725827  0.840005  0.914133  0.822098  0.800731  0.224497  0.701372  0.768094  0.778893  0.799451  0.660548  0.893943  0.921874  0.787063  0.782148  0.829186  0.752060  0.788488  0.809752  0.866138  0.735371  0.873833  0.840683  0.308938  0.704247 
12  0.536126  0.808671  0.696102  0.529499  0.344680  0.825173  0.886567  0.758049  0.400875  0.713325  0.696121  0.817277 0.0  0.473752  0.759028  0.737048  0.894583  0.775542  0.602521  0.552741  0.880792  0.380463  0.678379  0.733704  0.864679  0.634460  0.521077  0.547435  0.664706  0.517267  0.852017  0.785609  0.361032  0.882706  0.390254  0.592191  0.333637  0.598467  0.440130  0.415620  0.790350  0.398096  0.527740  0.596804  0.505185  0.713356  0.578346  0.496858  0.442116  0.644240  0.528226  0.795438  0.388060  0.610108  0.645903  0.540722  0.553279  0.343671  0.844037  0.469415 
13  0.526378  0.845160  0.808798  0.469696  0.540877  0.855481  0.840678  0.698529  0.354694  0.681495  0.710045  0.721692  0.473752 0.0  0.798932  0.740677  0.900354  0.782227  0.415876  0.728929  0.884315  0.577023  0.680943  0.795813  0.738516  0.556507  0.498822  0.496579  0.764037  0.508539  0.757197  0.823627  0.541232  0.770989  0.397935  0.701715  0.485664  0.473836  0.483528  0.553109  0.812598  0.616891  0.568108  0.449005  0.518157  0.619150  0.537330  0.526289  0.574988  0.388606  0.309341  0.779121  0.535602  0.421839  0.504900  0.536416  0.416056  0.380140  0.657976  0.822366 
14  0.836958  0.442670  0.308425  0.789610  0.636051  0.347125  0.230093  0.202789  0.776095  0.725125  0.801498  0.301479  0.759028  0.798932 0.0  0.733238  0.800103  0.414692  0.831085  0.706651  0.788635  0.870991  0.715315  0.188139  0.894416  0.838432  0.667197  0.838109  0.662943  0.949245  0.605389  0.282043  0.789239  0.500863  0.807468  0.748517  0.790105  0.848933  0.854794  0.837595  0.396287  0.922143  0.772910  0.744402  0.784053  0.728044  0.871020  0.785158  0.826960  0.838418  0.734182  0.788024  0.824573  0.901285  0.907510  0.803566  0.813792  0.825285  0.215263  0.665833 
15  0.742976  0.809222  0.696375  0.823855  0.625053  0.753563  0.739633  0.835870  0.767290  0.497287  0.772769  0.870737  0.737048  0.740677  0.733238 0.0  0.819032  0.786920  0.710840  0.553346  0.131454  0.660546  0.694298  0.841670  0.749817  0.799773  0.837074  0.849341  0.690967  0.814660  0.859289  0.776383  0.717655  0.855258  0.790894  0.733192  0.775062  0.844894  0.879914  0.797477  0.584652  0.845806  0.660455  0.814515  0.879063  0.767895  0.784207  0.845600  0.572471  0.695680  0.756188  0.314729  0.842453  0.933740  0.638548  0.631383  0.792544  0.840143  0.754099  0.584998 
16  0.863074  0.813531  0.757382  0.957397  0.772340  0.867969  0.813923  0.970523  0.807229  0.617622  0.871639  0.801894  0.894583  0.900354  0.800103  0.819032 0.0  0.846377  0.964880  0.731481  0.717491  0.841338  0.728096  0.834303  0.208424  0.795274  0.795356  0.870221  0.701556  0.840847  1.000000  0.767853  0.923538  0.900483  0.837303  0.769075  0.847843  0.928170  0.905802  0.868976  0.735702  0.810041  0.756689  0.831944  0.844893  0.806654  0.893492  0.930471  0.874323  0.818530  0.858328  0.769166  0.707714  0.876494  0.865603  0.842210  0.853498  0.903249  0.910235  0.835229 
17  0.764967  0.363434  0.105668  0.839655  0.583820  0.373747  0.257805  0.392347  0.924944  0.531991  0.852546  0.196736  0.775542  0.782227  0.414692  0.786920  0.846377 0.0  0.814255  0.722692  0.675768  0.879995  0.793230  0.215042  0.782683  0.855766  0.865677  0.795634  0.738373  0.890768  0.585861  0.142977  0.875559  0.562433  0.830795  0.769875  0.899793  0.766719  0.869818  0.920543  0.197626  0.871341  0.781233  0.819003  0.876991  0.683014  0.919953  0.866382  0.836208  0.743829  0.668973  0.676431  0.724193  0.873677  0.845247  0.746225  0.975708  0.914797  0.320783  0.727300 
18  0.342702  0.820083  0.978956  0.280184  0.610795  0.793817  0.834592  0.827088  0.552497  0.629460  0.763334  0.811761  0.602521  0.415876  0.831085  0.710840  0.964880  0.814255 0.0  0.744557  0.904750  0.464495  0.666091  0.849896  0.858788  0.523664  0.537952  0.336011  0.880921  0.585661  0.683233  0.897777  0.691544  0.705460  0.617375  0.743996  0.660792  0.450688  0.622420  0.638886  0.855502  0.655926  0.566862  0.348787  0.492499  0.837256  0.499915  0.566581  0.602676  0.587261  0.501418  0.936210  0.643259  0.212179  0.674123  0.582092  0.113649  0.656832  0.833161  0.839187 
19  0.625041  0.774098  0.793966  0.607588  0.518416  0.705258  0.735718  0.585975  0.545672  0.591097  0.704558  0.648805  0.552741  0.728929  0.706651  0.553346  0.731481  0.722692  0.744557 0.0  0.626560  0.497192  0.591973  0.739486  0.599386  0.711244  0.658374  0.682956  0.619889  0.564335  0.700758  0.583188  0.525827  0.587257  0.636252  0.498594  0.544936  0.712826  0.684620  0.585553  0.693743  0.537694  0.489472  0.603599  0.658104  0.567486  0.630069  0.633348  0.663752  0.623336  0.602985  0.603517  0.584822  0.712271  0.523051  0.527235  0.592627  0.580428  0.583418  0.579347 
20  0.818357  0.800880  0.695040  0.894301  0.669370  0.876434  0.792588  0.878539  0.820023  0.651212  0.787974  0.762195  0.880792  0.884315  0.788635  0.131454  0.717491  0.675768  0.904750  0.626560 0.0  0.857519  0.770824  0.867407  0.792293  0.768106  0.779979  0.884733  0.631919  0.811126  0.819082  0.790917  0.824392  0.796240  0.824284  0.701389  0.868598  0.735588  0.922536  0.756118  0.744870  0.651009  0.618483  0.897135  0.925066  0.722897  0.753927  0.836353  0.602688  0.614410  0.773957  0.247200  0.750280  0.939727  0.633101  0.702452  0.757469  0.775214  0.755906  0.420072 
21  0.543266  0.704660  0.892752  0.491242  0.593108  0.811006  0.775342  0.812549  0.289177  0.610822  0.665839  0.868706  0.380463  0.577023  0.870991  0.660546  0.841338  0.879995  0.464495  0.497192  0.857519 0.0  0.771793  0.767096  0.874871  0.691054  0.668343  0.512527  0.816770  0.388170  0.731642  0.904998  0.323462  0.752931  0.279675  0.736713  0.289330  0.644982  0.281362  0.432739  0.855010  0.412396  0.654785  0.630019  0.653721  0.813333  0.626916  0.642437  0.479910  0.497020  0.491589  0.807202  0.369007  0.705612  0.637007  0.528319  0.678798  0.241250  0.772657  0.575847 
22  0.614249  0.791926  0.699744  0.742212  0.642870  0.726854  0.813664  0.837401  0.608437  0.579741  0.399003  0.708466  0.678379  0.680943  0.715315  0.694298  0.728096  0.793230  0.666091  0.591973  0.770824  0.771793 0.0  0.633523  0.789702  0.750032  0.672034  0.628451  0.808687  0.651261  0.728041  0.808661  0.790461  0.787488  0.745089  0.828148  0.580778  0.687327  0.767512  0.774512  0.667900  0.655475  0.685950  0.630940  0.687904  0.892868  0.705781  0.683706  0.786454  0.687917  0.529424  0.839688  0.629884  0.721854  0.734981  0.580885  0.717620  0.710424  0.705114  0.692818 
23  0.865457  0.178232  0.372715  0.867341  0.593385  0.302955  0.319213  0.359849  0.830363  0.671746  0.686783  0.303556  0.733704  0.795813  0.188139  0.841670  0.834303  0.215042  0.849896  0.739486  0.867407  0.767096  0.633523 0.0  0.797891  0.940755  0.765882  0.819145  0.694867  0.830380  0.565394  0.238364  0.771160  0.577461  0.822288  0.708801  0.720795  0.780899  0.818440  0.803820  0.341979  0.771831  0.786142  0.858851  0.712260  0.809769  0.751799  0.775169  0.778794  0.748811  0.792035  0.914562  0.844486  0.800331  0.788769  0.794631  0.830560  0.815248  0.259602  0.746483 
24  0.866054  0.971715  0.748984  0.807854  0.696162  0.794184  0.832658  0.730941  0.752313  0.576358  0.953885  0.768650  0.864679  0.738516  0.894416  0.749817  0.208424  0.782683  0.858788  0.599386  0.792293  0.874871  0.789702  0.797891 0.0  0.953742  0.852521  0.882204  0.762925  0.766295  0.815247  0.672941  0.883846  0.697563  0.857113  0.846544  0.899438  0.708429  0.892069  0.823067  0.705291  0.866519  0.859039  0.853255  0.951011  0.800194  0.810339  0.785619  0.826343  0.789469  0.797067  0.845731  0.833645  0.854058  0.833324  0.776390  0.759898  0.789091  0.870921  0.796532 
25  0.226477  0.741674  0.835358  0.203125  0.591525  0.899200  0.805332  0.757397  0.536465  0.804337  0.736684  0.942221  0.634460  0.556507  0.838432  0.799773  0.795274  0.855766  0.523664  0.711244  0.768106  0.691054  0.750032  0.940755  0.953742 0.0  0.218934  0.459189  0.697774  0.635341  0.795119  0.878863  0.522742  0.779127  0.606581  0.658440  0.490273  0.401833  0.569234  0.760826  0.868374  0.517472  0.586823  0.287540  0.511534  0.775842  0.390987  0.219941  0.477821  0.559411  0.503137  0.898790  0.595520  0.392799  0.542255  0.487019  0.393428  0.667143  0.789473  0.821847 
26  0.150008  0.785925  0.879076  0.272379  0.553117  0.860909  0.913690  0.898763  0.628483  0.688517  0.718640  0.847738  0.521077  0.498822  0.667197  0.837074  0.795356  0.865677  0.537952  0.658374  0.779979  0.668343  0.672034  0.765882  0.852521  0.218934 0.0  0.494699  0.792292  0.658278  0.817604  0.845634  0.592987  0.808165  0.503819  0.824545  0.662506  0.510612  0.642160  0.704539  0.970945  0.655633  0.507733  0.336969  0.519316  0.742248  0.407772  0.256703  0.583386  0.580541  0.467032  0.877037  0.521301  0.504296  0.657456  0.529437  0.372475  0.701487  0.874484  0.721290 
27  0.356334  0.765707  0.823318  0.332755  0.599511  0.981978  0.970183  0.850249  0.593523  0.592621  0.747457  0.768438  0.547435  0.496579  0.838109  0.849341  0.870221  0.795634  0.336011  0.682956  0.884733  0.512527  0.628451  0.819145  0.882204  0.459189  0.494699 0.0  0.746906  0.587322  0.771374  0.803548  0.474597  0.674634  0.558636  0.791077  0.560526  0.373305  0.563330  0.716197  0.775493  0.623892  0.614651  0.533585  0.486865  0.867037  0.388381  0.469307  0.519954  0.609293  0.579654  0.882065  0.572060  0.369462  0.495947  0.590249  0.185429  0.671844  0.798560  0.704990 
28  0.804181  0.835663  0.725648  0.809661  0.636715  0.791024  0.675057  0.774100  0.826409  0.606967  0.800988  0.708287  0.664706  0.764037  0.662943  0.690967  0.701556  0.738373  0.880921  0.619889  0.631919  0.816770  0.808687  0.694867  0.762925  0.697774  0.792292  0.746906 0.0  0.718579  0.745638  0.709009  0.768525  0.765141  0.795785  0.379220  0.749597  0.670651  0.666571  0.667317  0.767363  0.752478  0.761361  0.748963  0.843235  0.427606  0.726963  0.778579  0.780018  0.714716  0.798985  0.607123  0.713665  0.788258  0.639615  0.762356  0.715762  0.682009  0.786548  0.648072 
29  0.566195  0.769027  0.869898  0.566600  0.514171  0.914317  0.797964  0.823472  0.401860  0.610150  0.818731  0.869152  0.517267  0.508539  0.949245  0.814660  0.840847  0.890768  0.585661  0.564335  0.811126  0.388170  0.651261  0.830380  0.766295  0.635341  0.658278  0.587322  0.718579 0.0  0.770182  0.871531  0.448827  0.789962  0.456213  0.722506  0.324777  0.619428  0.374458  0.497972  0.861817  0.581822  0.607403  0.485309  0.548049  0.718888  0.613090  0.625499  0.664491  0.554062  0.581624  0.823791  0.351186  0.665332  0.740457  0.586654  0.638589  0.431936  0.831882  0.466623 
30  0.758863  0.536802  0.601501  0.788671  0.683129  0.580756  0.644686  0.478411  0.751991  0.609133  0.727784  0.553310  0.852017  0.757197  0.605389  0.859289  1.000000  0.585861  0.683233  0.700758  0.819082  0.731642  0.728041  0.565394  0.815247  0.795119  0.817604  0.771374  0.745638  0.770182 0.0  0.557966  0.717363  0.306422  0.806520  0.832809  0.820174  0.784049  0.854057  0.801184  0.433843  0.849472  0.716827  0.809969  0.803572  0.635177  0.799469  0.882969  0.762913  0.801922  0.814947  0.766422  0.736004  0.857860  0.849509  0.838464  0.812617  0.776318  0.477715  0.706003 
31  0.859947  0.282843  0.172581  0.850631  0.602492  0.412774  0.272790  0.345255  0.847896  0.548596  0.727606  0.186547  0.785609  0.823627  0.282043  0.776383  0.767853  0.142977  0.897777  0.583188  0.790917  0.904998  0.808661  0.238364  0.672941  0.878863  0.845634  0.803548  0.709009  0.871531  0.557966 0.0  0.804718  0.573244  0.866622  0.666450  0.886678  0.857227  0.709627  0.899823  0.128480  0.776036  0.903583  0.938650  0.874524  0.790548  0.910477  0.841478  0.852119  0.719307  0.759423  0.790327  0.853700  0.847278  0.758649  0.794129  0.794671  0.854340  0.208140  0.716763 
32  0.573762  0.831560  0.926871  0.494963  0.567543  0.901369  0.828390  0.846545  0.258099  0.609324  0.756974  0.768565  0.361032  0.541232  0.789239  0.717655  0.923538  0.875559  0.691544  0.525827  0.824392  0.323462  0.790461  0.771160  0.883846  0.522742  0.592987  0.474597  0.768525  0.448827  0.717363  0.804718 0.0  0.719229  0.352962  0.574310  0.206823  0.522599  0.364133  0.418170  0.822601  0.408507  0.569079  0.538642  0.726189  0.716474  0.593708  0.693524  0.579989  0.708338  0.540965  0.701813  0.373715  0.696897  0.601680  0.556440  0.718646  0.134568  0.840624  0.590058 
33  0.713623  0.469688  0.427781  0.758682  0.544565  0.687510  0.531936  0.506842  0.856141  0.618638  0.821325  0.609668  0.882706  0.770989  0.500863  0.855258  0.900483  0.562433  0.705460  0.587257  0.796240  0.752931  0.787488  0.577461  0.697563  0.779127  0.808165  0.674634  0.765141  0.789962  0.306422  0.573244  0.719229 0.0  0.750500  0.700900  0.758444  0.769266  0.848296  0.824040  0.517853  0.762545  0.866177  0.702018  0.751595  0.730477  0.747808  0.791546  0.725974  0.825074  0.807369  0.817213  0.786088  0.708952  0.844911  0.859766  0.705975  0.830954  0.618272  0.709128 
34  0.505163  0.818099  0.765489  0.544977  0.567574  0.786449  0.779491  0.883868  0.081421  0.650116  0.775907  0.823947  0.390254  0.397935  0.807468  0.790894  0.837303  0.830795  0.617375  0.636252  0.824284  0.279675  0.745089  0.822288  0.857113  0.606581  0.503819  0.558636  0.795785  0.456213  0.806520  0.866622  0.352962  0.750500 0.0  0.767305  0.305331  0.492316  0.361506  0.528352  0.818421  0.420401  0.536054  0.592230  0.518693  0.725316  0.542521  0.719793  0.569399  0.662220  0.447668  0.886480  0.191586  0.572839  0.544243  0.637493  0.712075  0.382382  0.834508  0.470565 
35  0.756377  0.671435  0.649938  0.727658  0.702630  0.890679  0.752917  0.699862  0.707459  0.473151  0.655129  0.725827  0.592191  0.701715  0.748517  0.733192  0.769075  0.769875  0.743996  0.498594  0.701389  0.736713  0.828148  0.708801  0.846544  0.658440  0.824545  0.791077  0.379220  0.722506  0.832809  0.666450  0.574310  0.700900  0.767305 0.0  0.592231  0.580704  0.664932  0.591568  0.699174  0.649432  0.744076  0.696429  0.724225  0.492036  0.729037  0.723820  0.623919  0.619716  0.756463  0.529691  0.809736  0.806536  0.662117  0.854086  0.807298  0.747232  0.701286  0.643455 
36  0.590957  0.813715  0.921675  0.533961  0.460429  0.905112  0.891254  0.991503  0.346781  0.623634  0.758813  0.840005  0.333637  0.485664  0.790105  0.775062  0.847843  0.899793  0.660792  0.544936  0.868598  0.289330  0.580778  0.720795  0.899438  0.490273  0.662506  0.560526  0.749597  0.324777  0.820174  0.886678  0.206823  0.758444  0.305331  0.592231 0.0  0.517271  0.377137  0.519034  0.801899  0.467556  0.612888  0.655361  0.518672  0.772684  0.559008  0.539139  0.512585  0.637368  0.528971  0.820352  0.274178  0.608661  0.694679  0.529785  0.582291  0.256781  0.598920  0.626533 
37  0.437072  0.757917  0.921276  0.379586  0.585653  0.804635  0.871579  0.774018  0.547476  0.734486  0.636488  0.914133  0.598467  0.473836  0.848933  0.844894  0.928170  0.766719  0.450688  0.712826  0.735588  0.644982  0.687327  0.780899  0.708429  0.401833  0.510612  0.373305  0.670651  0.619428  0.784049  0.857227  0.522599  0.769266  0.492316  0.580704  0.517271 0.0  0.579349  0.657475  0.847459  0.650451  0.584549  0.576898  0.297339  0.739236  0.179142  0.498704  0.626140  0.524924  0.448466  0.877404  0.577231  0.521142  0.625693  0.627113  0.447387  0.732950  0.746494  0.766781 
38  0.512744  0.858315  0.835781  0.549490  0.525820  0.840878  0.883969  0.859573  0.294281  0.665746  0.737728  0.822098  0.440130  0.483528  0.854794  0.879914  0.905802  0.869818  0.622420  0.684620  0.922536  0.281362  0.767512  0.818440  0.892069  0.569234  0.642160  0.563330  0.666571  0.374458  0.854057  0.709627  0.364133  0.848296  0.361506  0.664932  0.377137  0.579349 0.0  0.378485  0.882389  0.431426  0.560037  0.493344  0.552184  0.704571  0.634682  0.634583  0.580398  0.494693  0.595329  0.776300  0.423806  0.589868  0.521826  0.501602  0.503034  0.312358  0.816202  0.614885 
39  0.594561  0.798099  0.878132  0.571077  0.592528  0.881154  0.805019  0.813201  0.475275  0.626201  0.833910  0.800731  0.415620  0.553109  0.837595  0.797477  0.868976  0.920543  0.638886  0.585553  0.756118  0.432739  0.774512  0.803820  0.823067  0.760826  0.704539  0.716197  0.667317  0.497972  0.801184  0.899823  0.418170  0.824040  0.528352  0.591568  0.519034  0.657475  0.378485 0.0  0.842986  0.132012  0.484244  0.711055  0.692238  0.736249  0.675235  0.637463  0.530946  0.645300  0.561775  0.747553  0.563506  0.774670  0.557818  0.480398  0.660389  0.487408  0.879360  0.531923 
40  0.835071  0.376140  0.206374  0.745043  0.550589  0.416803  0.260814  0.354229  0.768109  0.639623  0.827276  0.224497  0.790350  0.812598  0.396287  0.584652  0.735702  0.197626  0.855502  0.693743  0.744870  0.855010  0.667900  0.341979  0.705291  0.868374  0.970945  0.775493  0.767363  0.861817  0.433843  0.128480  0.822601  0.517853  0.818421  0.699174  0.801899  0.847459  0.882389  0.842986 0.0  0.876881  0.780459  0.879571  0.792703  0.708123  0.891748  0.757134  0.747323  0.846345  0.758993  0.656368  0.835991  0.887465  0.730955  0.691705  0.877361  0.898305  0.332604  0.795871 
41  0.706221  0.880340  0.874097  0.565120  0.647967  0.864033  0.805489  0.943055  0.487952  0.600472  0.731724  0.701372  0.398096  0.616891  0.922143  0.845806  0.810041  0.871341  0.655926  0.537694  0.651009  0.412396  0.655475  0.771831  0.866519  0.517472  0.655633  0.623892  0.752478  0.581822  0.849472  0.776036  0.408507  0.762545  0.420401  0.649432  0.467556  0.650451  0.431426  0.132012  0.876881 0.0  0.541088  0.576534  0.494998  0.741622  0.618858  0.650055  0.574947  0.570117  0.569962  0.794515  0.426680  0.599443  0.547481  0.468515  0.671169  0.500144  0.854887  0.475475 
42  0.581603  0.940269  0.931040  0.555934  0.592562  0.737673  0.774364  0.782181  0.600468  0.500075  0.722280  0.768094  0.527740  0.568108  0.772910  0.660455  0.756689  0.781233  0.566862  0.489472  0.618483  0.654785  0.685950  0.786142  0.859039  0.586823  0.507733  0.614651  0.761361  0.607403  0.716827  0.903583  0.569079  0.866177  0.536054  0.744076  0.612888  0.584549  0.560037  0.484244  0.780459  0.541088 0.0  0.541165  0.619968  0.794809  0.534901  0.586621  0.441027  0.273126  0.558173  0.619757  0.545949  0.609218  0.360117  0.470834  0.537255  0.561561  0.757855  0.737708 
43  0.199576  0.702224  0.852104  0.359703  0.544053  0.868900  0.812696  0.776812  0.568200  0.609789  0.633123  0.778893  0.596804  0.449005  0.744402  0.814515  0.831944  0.819003  0.348787  0.603599  0.897135  0.630019  0.630940  0.858851  0.853255  0.287540  0.336969  0.533585  0.748963  0.485309  0.809969  0.938650  0.538642  0.702018  0.592230  0.696429  0.655361  0.576898  0.493344  0.711055  0.879571  0.576534  0.541165 0.0  0.422430  0.821361  0.453143  0.192707  0.509203  0.647137  0.432979  0.830199  0.489300  0.482907  0.566129  0.334392  0.436173  0.672232  0.731086  0.848326 
44  0.342857  0.851528  0.873468  0.487922  0.588395  0.911224  0.875664  0.751604  0.738425  0.592149  0.661570  0.799451  0.505185  0.518157  0.784053  0.879063  0.844893  0.876991  0.492499  0.658104  0.925066  0.653721  0.687904  0.712260  0.951011  0.511534  0.519316  0.486865  0.843235  0.548049  0.803572  0.874524  0.726189  0.751595  0.518693  0.724225  0.518672  0.297339  0.552184  0.692238  0.792703  0.494998  0.619968  0.422430 0.0  0.779898  0.175781  0.488809  0.566369  0.744920  0.407209  0.847110  0.484116  0.372944  0.687287  0.558961  0.480736  0.619503  0.727205  0.795148 
45  0.719216  0.758296  0.814158  0.750920  0.766311  0.705742  0.783460  0.761785  0.765309  0.524005  0.740318  0.660548  0.713356  0.619150  0.728044  0.767895  0.806654  0.683014  0.837256  0.567486  0.722897  0.813333  0.892868  0.809769  0.800194  0.775842  0.742248  0.867037  0.427606  0.718888  0.635177  0.790548  0.716474  0.730477  0.725316  0.492036  0.772684  0.739236  0.704571  0.736249  0.708123  0.741622  0.794809  0.821361  0.779898 0.0  0.732356  0.788952  0.715315  0.789831  0.782933  0.628532  0.753879  0.821059  0.783897  0.658674  0.848241  0.776712  0.779569  0.771462 
46  0.325697  0.816060  0.907879  0.358566  0.583716  0.865131  0.824604  0.802142  0.579507  0.629297  0.710877  0.893943  0.578346  0.537330  0.871020  0.784207  0.893492  0.919953  0.499915  0.630069  0.753927  0.626916  0.705781  0.751799  0.810339  0.390987  0.407772  0.388381  0.726963  0.613090  0.799469  0.910477  0.593708  0.747808  0.542521  0.729037  0.559008  0.179142  0.634682  0.675235  0.891748  0.618858  0.534901  0.453143  0.175781  0.732356 0.0  0.527682  0.530318  0.675068  0.455218  0.737084  0.526709  0.331722  0.675894  0.499609  0.335324  0.689934  0.848251  0.821390 
47  0.290710  0.818202  0.793377  0.322637  0.586501  0.791357  0.775848  0.840584  0.544777  0.549237  0.728043  0.921874  0.496858  0.526289  0.785158  0.845600  0.930471  0.866382  0.566581  0.633348  0.836353  0.642437  0.683706  0.775169  0.785619  0.219941  0.256703  0.469307  0.778579  0.625499  0.882969  0.841478  0.693524  0.791546  0.719793  0.723820  0.539139  0.498704  0.634583  0.637463  0.757134  0.650055  0.586621  0.192707  0.488809  0.788952  0.527682 0.0  0.521665  0.548414  0.475635  0.860131  0.608631  0.532658  0.707179  0.552246  0.505741  0.673597  0.812649  0.668701 
48  0.573690  0.731614  0.865197  0.571190  0.492574  0.828298  0.762918  0.824616  0.622579  0.590274  0.682019  0.787063  0.442116  0.574988  0.826960  0.572471  0.874323  0.836208  0.602676  0.663752  0.602688  0.479910  0.786454  0.778794  0.826343  0.477821  0.583386  0.519954  0.780018  0.664491  0.762913  0.852119  0.579989  0.725974  0.569399  0.623919  0.512585  0.626140  0.580398  0.530946  0.747323  0.574947  0.441027  0.509203  0.566369  0.715315  0.530318  0.521665 0.0  0.290932  0.576591  0.591102  0.682995  0.598620  0.524888  0.410833  0.471746  0.582561  0.799476  0.680781 
49  0.613887  0.758457  0.726366  0.643618  0.640777  0.852406  0.767761  0.782327  0.603055  0.499703  0.763124  0.782148  0.644240  0.388606  0.838418  0.695680  0.818530  0.743829  0.587261  0.623336  0.614410  0.497020  0.687917  0.748811  0.789469  0.559411  0.580541  0.609293  0.714716  0.554062  0.801922  0.719307  0.708338  0.825074  0.662220  0.619716  0.637368  0.524924  0.494693  0.645300  0.846345  0.570117  0.273126  0.647137  0.744920  0.789831  0.675068  0.548414  0.290932 0.0  0.507888  0.587459  0.544318  0.577267  0.456264  0.363000  0.676600  0.639083  0.729043  0.765183 
50  0.582931  0.747146  0.844579  0.457587  0.538503  0.704966  0.676337  0.782225  0.378242  0.661706  0.800833  0.829186  0.528226  0.309341  0.734182  0.756188  0.858328  0.668973  0.501418  0.602985  0.773957  0.491589  0.529424  0.792035  0.797067  0.503137  0.467032  0.579654  0.798985  0.581624  0.814947  0.759423  0.540965  0.807369  0.447668  0.756463  0.528971  0.448466  0.595329  0.561775  0.758993  0.569962  0.558173  0.432979  0.407209  0.782933  0.455218  0.475635  0.576591  0.507888 0.0  0.771231  0.553214  0.571237  0.574380  0.481666  0.417512  0.485584  0.745111  0.769835 
51  0.828379  0.871664  0.671771  0.850907  0.625099  0.878157  0.804518  0.925091  0.747181  0.578153  0.857457  0.752060  0.795438  0.779121  0.788024  0.314729  0.769166  0.676431  0.936210  0.603517  0.247200  0.807202  0.839688  0.914562  0.845731  0.898790  0.877037  0.882065  0.607123  0.823791  0.766422  0.790327  0.701813  0.817213  0.886480  0.529691  0.820352  0.877404  0.776300  0.747553  0.656368  0.794515  0.619757  0.830199  0.847110  0.628532  0.737084  0.860131  0.591102  0.587459  0.771231 0.0  0.829225  0.814960  0.684804  0.643849  0.800189  0.723948  0.838011  0.384150 
52  0.607004  0.709868  0.812883  0.435222  0.507672  0.796775  0.776300  0.866895  0.165460  0.553377  0.839035  0.788488  0.388060  0.535602  0.824573  0.842453  0.707714  0.724193  0.643259  0.584822  0.750280  0.369007  0.629884  0.844486  0.833645  0.595520  0.521301  0.572060  0.713665  0.351186  0.736004  0.853700  0.373715  0.786088  0.191586  0.809736  0.274178  0.577231  0.423806  0.563506  0.835991  0.426680  0.545949  0.489300  0.484116  0.753879  0.526709  0.608631  0.682995  0.544318  0.553214  0.829225 0.0  0.577503  0.655529  0.537498  0.669251  0.296890  0.837670  0.539951 
53  0.424383  0.749119  0.825472  0.263074  0.504503  0.853747  0.959932  0.856178  0.564839  0.660585  0.686187  0.809752  0.610108  0.421839  0.901285  0.933740  0.876494  0.873677  0.212179  0.712271  0.939727  0.705612  0.721854  0.800331  0.854058  0.392799  0.504296  0.369462  0.788258  0.665332  0.857860  0.847278  0.696897  0.708952  0.572839  0.806536  0.608661  0.521142  0.589868  0.774670  0.887465  0.599443  0.609218  0.482907  0.372944  0.821059  0.331722  0.532658  0.598620  0.577267  0.571237  0.814960  0.577503 0.0  0.783401  0.443991  0.203538  0.696770  0.734299  0.775054 
54  0.730819  0.885871  0.787409  0.675097  0.647459  0.896823  0.931494  0.940804  0.702825  0.518381  0.781452  0.866138  0.645903  0.504900  0.907510  0.638548  0.865603  0.845247  0.674123  0.523051  0.633101  0.637007  0.734981  0.788769  0.833324  0.542255  0.657456  0.495947  0.639615  0.740457  0.849509  0.758649  0.601680  0.844911  0.544243  0.662117  0.694679  0.625693  0.521826  0.557818  0.730955  0.547481  0.360117  0.566129  0.687287  0.783897  0.675894  0.707179  0.524888  0.456264  0.574380  0.684804  0.655529  0.783401 0.0  0.365282  0.560723  0.708755  0.890395  0.597477 
55  0.549701  0.752057  0.728492  0.469264  0.609756  0.721704  0.800280  0.723476  0.511314  0.588940  0.759993  0.735371  0.540722  0.536416  0.803566  0.631383  0.842210  0.746225  0.582092  0.527235  0.702452  0.528319  0.580885  0.794631  0.776390  0.487019  0.529437  0.590249  0.762356  0.586654  0.838464  0.794129  0.556440  0.859766  0.637493  0.854086  0.529785  0.627113  0.501602  0.480398  0.691705  0.468515  0.470834  0.334392  0.558961  0.658674  0.499609  0.552246  0.410833  0.363000  0.481666  0.643849  0.537498  0.443991  0.365282 0.0  0.491488  0.505607  0.745654  0.691932 
56  0.488214  0.697794  0.932112  0.264492  0.482917  0.791693  0.755799  0.738268  0.611773  0.570037  0.843166  0.873833  0.553279  0.416056  0.813792  0.792544  0.853498  0.975708  0.113649  0.592627  0.757469  0.678798  0.717620  0.830560  0.759898  0.393428  0.372475  0.185429  0.715762  0.638589  0.812617  0.794671  0.718646  0.705975  0.712075  0.807298  0.582291  0.447387  0.503034  0.660389  0.877361  0.671169  0.537255  0.436173  0.480736  0.848241  0.335324  0.505741  0.471746  0.676600  0.417512  0.800189  0.669251  0.203538  0.560723  0.491488 0.0  0.696730  0.816677  0.821659 
57  0.588507  0.725714  0.893030  0.539495  0.547302  0.874257  0.842872  0.853850  0.372893  0.603026  0.763961  0.840683  0.343671  0.380140  0.825285  0.840143  0.903249  0.914797  0.656832  0.580428  0.775214  0.241250  0.710424  0.815248  0.789091  0.667143  0.701487  0.671844  0.682009  0.431936  0.776318  0.854340  0.134568  0.830954  0.382382  0.747232  0.256781  0.732950  0.312358  0.487408  0.898305  0.500144  0.561561  0.672232  0.619503  0.776712  0.689934  0.673597  0.582561  0.639083  0.485584  0.723948  0.296890  0.696770  0.708755  0.505607  0.696730 0.0  0.800177  0.545533 
58  0.762978  0.285654  0.222096  0.800614  0.598309  0.217644  0.237764  0.251186  0.839251  0.618687  0.716784  0.308938  0.844037  0.657976  0.215263  0.754099  0.910235  0.320783  0.833161  0.583418  0.755906  0.772657  0.705114  0.259602  0.870921  0.789473  0.874484  0.798560  0.786548  0.831882  0.477715  0.208140  0.840624  0.618272  0.834508  0.701286  0.598920  0.746494  0.816202  0.879360  0.332604  0.854887  0.757855  0.731086  0.727205  0.779569  0.848251  0.812649  0.799476  0.729043  0.745111  0.838011  0.837670  0.734299  0.890395  0.745654  0.816677  0.800177 0.0  0.657831 
59  0.856768  0.826846  0.860353  0.810525  0.677204  0.874603  0.778754  0.774726  0.608944  0.550767  0.839141  0.704247  0.469415  0.822366  0.665833  0.584998  0.835229  0.727300  0.839187  0.579347  0.420072  0.575847  0.692818  0.746483  0.796532  0.821847  0.721290  0.704990  0.648072  0.466623  0.706003  0.716763  0.590058  0.709128  0.470565  0.643455  0.626533  0.766781  0.614885  0.531923  0.795871  0.475475  0.737708  0.848326  0.795148  0.771462  0.821390  0.668701  0.680781  0.765183  0.769835  0.384150  0.539951  0.775054  0.597477  0.691932  0.821659  0.545533  0.657831 0.0 
