60
0 0.0  0.676242  0.874469  0.361567  0.567789  0.819142  0.752984  0.838391  0.648565  0.671894  0.686576  0.773202  0.527399  0.581338  0.776677  0.822270  0.801216  0.993495  0.304507  0.608236  0.674878  0.551398  0.772910  0.737976  0.802021  0.310049  0.164381  0.447384  0.749598  0.616035  0.790790  0.835698  0.616670  0.750000  0.643573  0.670812  0.640031  0.405523  0.568108  0.598104  0.767703  0.583167  0.549340  0.204709  0.338299  0.707895  0.406498  0.345461  0.673501  0.637621  0.400353  0.848323  0.679192  0.392080  0.659049  0.549196  0.362918  0.702014  0.725496  0.715216 
1  0.676242 0.0  0.446162  0.801099  0.653502  0.316935  0.333059  0.359263  0.750962  0.628015  0.758001  0.340115  0.753423  0.852260  0.415072  0.670255  0.841286  0.461350  0.758508  0.590140  0.778282  0.688923  0.745788  0.199099  0.831011  0.711236  0.725385  0.798241  0.830921  0.753360  0.605159  0.398695  0.664244  0.598837  0.758042  0.752272  0.820099  0.758167  0.816424  0.845892  0.297716  0.888822  0.819349  0.726071  0.739471  0.708307  0.785240  0.677028  0.659920  0.697893  0.840448  0.812525  0.779725  0.808787  0.810997  0.749353  0.809141  0.752073  0.382131  0.789019 
2  0.874469  0.446162 0.0  0.765766  0.629310  0.342217  0.283840  0.349494  0.778122  0.651202  0.652451  0.197589  0.725272  0.771124  0.453951  0.758852  0.768065  0.158757  0.765763  0.572536  0.690803  0.692324  0.731800  0.251889  0.789474  0.795131  0.836531  0.764278  0.793857  0.892400  0.532892  0.224142  0.768836  0.553370  0.883685  0.672123  0.760090  0.748466  0.738425  0.867738  0.214161  0.790108  0.823633  0.902747  0.823854  0.749114  0.826173  0.885432  0.738743  0.746914  0.736896  0.757558  0.816240  0.842203  0.860064  0.700362  0.781357  0.859287  0.187881  0.690616 
3  0.361567  0.801099  0.765766 0.0  0.556900  0.730040  0.829742  0.790158  0.467315  0.607470  0.720367  0.792271  0.562064  0.435379  0.860078  0.748035  0.900049  0.813227  0.143817  0.570188  0.839259  0.519989  0.683015  0.775725  0.801172  0.367352  0.443678  0.209605  0.729706  0.509596  0.734396  0.709556  0.475345  0.734466  0.511413  0.690980  0.510292  0.431225  0.554230  0.582145  0.705314  0.556068  0.544513  0.366524  0.419172  0.697158  0.442846  0.322165  0.546688  0.601571  0.318880  0.718932  0.526307  0.346124  0.754078  0.491185  0.273966  0.540614  0.740879  0.794175 
4  0.567789  0.653502  0.629310  0.556900 0.0  0.558040  0.637389  0.537749  0.620799  0.617330  0.574820  0.697411  0.577222  0.549100  0.597279  0.581673  0.676937  0.597130  0.596555  0.581786  0.678596  0.560159  0.539736  0.657304  0.661873  0.710726  0.593539  0.640390  0.667890  0.504570  0.602567  0.576036  0.491205  0.632977  0.597216  0.500367  0.535571  0.549522  0.473431  0.626146  0.623694  0.443391  0.593650  0.565232  0.677910  0.672629  0.534791  0.536415  0.638564  0.582674  0.674531  0.564573  0.551426  0.485484  0.496283  0.549913  0.520415  0.638544  0.549085  0.614740 
5  0.819142  0.316935  0.342217  0.730040  0.558040 0.0  0.300638  0.288466  0.807973  0.699739  0.743620  0.410533  0.649288  0.732656  0.369736  0.762043  0.888175  0.303368  0.798509  0.628165  0.878620  0.805093  0.792359  0.358114  0.738243  0.834776  0.823008  0.839206  0.735505  0.789457  0.563530  0.347845  0.793923  0.583454  0.735218  0.733999  0.815630  0.839500  0.824911  0.818420  0.344834  0.937061  0.789868  0.757101  0.763154  0.767630  0.762554  0.818184  0.845566  0.891704  0.716297  0.791721  0.828978  0.890043  0.844394  0.767755  0.800446  0.907611  0.336694  0.741675 
6  0.752984  0.333059  0.283840  0.829742  0.637389  0.300638 0.0  0.245227  0.730456  0.618689  0.698538  0.135272  0.756421  0.843402  0.312023  0.847515  0.769177  0.265847  0.961209  0.820606  0.834093  0.888710  0.690040  0.445083  0.831213  0.796635  0.816152  0.834145  0.648306  0.745654  0.526686  0.239821  0.839420  0.614473  0.793586  0.664970  0.835320  0.827603  0.854784  0.875148  0.280665  0.851593  0.819809  0.780318  0.754496  0.726418  0.757325  0.825137  0.691295  0.844210  0.751942  0.752307  0.720683  0.861983  0.900622  0.887829  0.805627  0.773863  0.271652  0.682870 
7  0.838391  0.359263  0.349494  0.790158  0.537749  0.288466  0.245227 0.0  0.763526  0.656402  0.637579  0.271024  0.723892  0.787420  0.270553  0.877389  0.828876  0.323051  0.724699  0.670823  0.776837  0.692662  0.719750  0.248965  0.623062  0.668680  0.802218  0.890077  0.789023  0.821863  0.454961  0.335978  0.764768  0.523788  0.795729  0.712841  0.832323  0.829439  0.723531  0.790036  0.446702  0.948127  0.825226  0.820477  0.819431  0.755050  0.833465  0.758443  0.723448  0.746778  0.735274  0.839420  0.869793  0.730816  0.765347  0.773694  0.871412  0.856307  0.295199  0.732182 
8  0.648565  0.750962  0.778122  0.467315  0.620799  0.807973  0.730456  0.763526 0.0  0.695780  0.703420  0.761481  0.487486  0.403232  0.811251  0.786635  0.893711  0.783795  0.585302  0.605664  0.812654  0.285419  0.710539  0.755079  0.689857  0.425515  0.573653  0.492057  0.656332  0.290250  0.744721  0.813100  0.306061  0.725823  0.219315  0.702314  0.244155  0.609084  0.295305  0.486850  0.842850  0.448896  0.530767  0.483987  0.523762  0.742913  0.439133  0.435742  0.396027  0.512556  0.382402  0.694152  0.239856  0.584709  0.543124  0.441552  0.544822  0.287356  0.714288  0.563408 
9  0.671894  0.628015  0.651202  0.607470  0.617330  0.699739  0.618689  0.656402  0.695780 0.0  0.663388  0.707891  0.639943  0.690713  0.655815  0.612784  0.632272  0.587696  0.589641  0.403792  0.573848  0.717731  0.648982  0.628188  0.623808  0.675228  0.638555  0.604925  0.609096  0.636464  0.693912  0.639508  0.483387  0.596342  0.481645  0.523680  0.640840  0.702918  0.662195  0.462276  0.610971  0.551630  0.587178  0.625019  0.649253  0.542795  0.611209  0.582478  0.573028  0.627825  0.668604  0.586006  0.588546  0.657341  0.521986  0.560378  0.582253  0.532234  0.544692  0.513817 
10  0.686576  0.758001  0.652451  0.720367  0.574820  0.743620  0.698538  0.637579  0.703420  0.663388 0.0  0.783331  0.614142  0.734482  0.724753  0.746402  0.917048  0.723185  0.693121  0.522056  0.810912  0.634490  0.509258  0.743885  0.877052  0.776541  0.736269  0.676554  0.783805  0.735434  0.722503  0.691281  0.726060  0.756734  0.653096  0.743982  0.678754  0.703255  0.783476  0.896596  0.656477  0.664175  0.707805  0.697332  0.642788  0.757464  0.737719  0.673232  0.587287  0.767252  0.696059  0.764597  0.748032  0.644600  0.680245  0.648753  0.685044  0.734754  0.702280  0.674453 
11  0.773202  0.340115  0.197589  0.792271  0.697411  0.410533  0.135272  0.271024  0.761481  0.707891  0.783331 0.0  0.863842  0.717176  0.213707  0.687023  0.741265  0.162159  0.776911  0.726289  0.787785  0.786791  0.746386  0.403380  0.693984  0.829138  0.748962  0.838365  0.699811  0.813115  0.498012  0.185226  0.780492  0.511383  0.905523  0.702936  0.791003  0.805311  0.798727  0.850505  0.198142  0.795076  0.742699  0.749623  0.873521  0.664155  0.780468  0.907296  0.706692  0.830050  0.791305  0.757942  0.766966  0.775419  0.860638  0.791139  0.795501  0.842436  0.248203  0.712588 
12  0.527399  0.753423  0.725272  0.562064  0.577222  0.649288  0.756421  0.723892  0.487486  0.639943  0.614142  0.863842 0.0  0.512518  0.830601  0.763055  0.896239  0.795435  0.502899  0.557532  0.821042  0.401735  0.677251  0.742964  0.843763  0.536581  0.471253  0.567248  0.664656  0.462386  0.760127  0.753258  0.414441  0.782223  0.344564  0.607365  0.359935  0.522755  0.297461  0.441522  0.800915  0.424795  0.451827  0.564630  0.483469  0.663493  0.457808  0.499344  0.440028  0.547997  0.556107  0.762472  0.435434  0.615189  0.565866  0.485991  0.604515  0.425148  0.804251  0.652722 
13  0.581338  0.852260  0.771124  0.435379  0.549100  0.732656  0.843402  0.787420  0.403232  0.690713  0.734482  0.717176  0.512518 0.0  0.880822  0.781098  0.910053  0.798208  0.418449  0.551296  0.733754  0.515874  0.735645  0.751970  0.958110  0.416483  0.440484  0.403079  0.794543  0.447872  0.724511  0.880561  0.451244  0.760685  0.429423  0.642054  0.490432  0.415317  0.506480  0.484589  0.780985  0.572206  0.599521  0.608608  0.354231  0.737921  0.381377  0.521845  0.494473  0.563084  0.216245  0.770608  0.468960  0.501780  0.601219  0.544886  0.497577  0.466396  0.717694  0.693796 
14  0.776677  0.415072  0.453951  0.860078  0.597279  0.369736  0.312023  0.270553  0.811251  0.655815  0.724753  0.213707  0.830601  0.880822 0.0  0.763020  0.761879  0.293251  0.858943  0.635305  0.817246  0.699318  0.711261  0.303771  0.825520  0.721636  0.714600  0.840307  0.698187  0.806684  0.571864  0.201831  0.724081  0.547143  0.724014  0.724700  0.852596  0.787188  0.791876  0.760126  0.341377  0.781402  0.793652  0.643982  0.763428  0.627894  0.757298  0.790612  0.667953  0.749500  0.793671  0.924570  0.738033  0.796317  0.793667  0.717337  0.815649  0.768278  0.277764  0.864366 
15  0.822270  0.670255  0.758852  0.748035  0.581673  0.762043  0.847515  0.877389  0.786635  0.612784  0.746402  0.687023  0.763055  0.781098  0.763020 0.0  0.755570  0.817670  0.755919  0.658898  0.215943  0.805036  0.760672  0.808051  0.777385  0.805845  0.775600  0.892295  0.721403  0.758601  0.659943  0.699311  0.818565  0.812221  0.730931  0.655079  0.715359  0.858941  0.817300  0.730789  0.685950  0.836478  0.614303  0.782304  0.868813  0.685173  0.864155  0.680086  0.586424  0.544866  0.765683  0.368150  0.694506  0.829934  0.547387  0.648995  0.854168  0.799564  0.808519  0.424714 
16  0.801216  0.841286  0.768065  0.900049  0.676937  0.888175  0.769177  0.828876  0.893711  0.632272  0.917048  0.741265  0.896239  0.910053  0.761879  0.755570 0.0  0.772395  0.878773  0.701667  0.799414  0.771563  0.692558  0.899987  0.208127  0.752061  0.831462  0.859371  0.790389  0.884712  0.820051  0.772172  0.876982  0.805185  0.837285  0.791768  0.860439  0.865174  0.801775  0.724365  0.850576  0.853674  0.838438  0.848736  0.920292  0.689969  0.878819  0.847402  0.759239  0.751768  0.921229  0.630279  0.765806  0.861064  0.893511  0.782847  0.862487  0.868923  0.877260  0.859176 
17  0.993495  0.461350  0.158757  0.813227  0.597130  0.303368  0.265847  0.323051  0.783795  0.587696  0.723185  0.162159  0.795435  0.798208  0.293251  0.817670  0.772395 0.0  0.793462  0.623724  0.732181  0.859590  0.724053  0.263968  0.806882  0.844572  0.831751  0.793985  0.785160  0.855206  0.601985  0.229096  0.794679  0.682377  0.771334  0.620097  0.844458  0.719815  0.732303  0.915044  0.303822  0.746170  0.790106  0.757153  0.828488  0.743158  0.878318  0.870939  0.732538  0.598711  0.756406  0.628073  0.842409  0.831395  0.824493  0.805138  0.758146  0.915439  0.281614  0.737210 
18  0.304507  0.758508  0.765763  0.143817  0.596555  0.798509  0.961209  0.724699  0.585302  0.589641  0.693121  0.776911  0.502899  0.418449  0.858943  0.755919  0.878773  0.793462 0.0  0.519183  0.868035  0.625335  0.708196  0.757879  0.843577  0.447016  0.455612  0.319057  0.789690  0.607221  0.660276  0.726703  0.538179  0.795048  0.612513  0.805767  0.598945  0.482862  0.539633  0.613534  0.803579  0.564141  0.484228  0.452120  0.380356  0.815753  0.446799  0.474590  0.489175  0.574318  0.599348  0.796701  0.675280  0.283803  0.607659  0.503122  0.173200  0.598068  0.739718  0.842278 
19  0.608236  0.590140  0.572536  0.570188  0.581786  0.628165  0.820606  0.670823  0.605664  0.403792  0.522056  0.726289  0.557532  0.551296  0.635305  0.658898  0.701667  0.623724  0.519183 0.0  0.525310  0.493427  0.670298  0.723692  0.695985  0.648244  0.665208  0.683193  0.590687  0.577055  0.618430  0.646327  0.621175  0.621659  0.589940  0.642096  0.708947  0.608065  0.463339  0.424875  0.576635  0.540759  0.620512  0.684516  0.574373  0.470879  0.688784  0.688790  0.538885  0.526476  0.720143  0.578302  0.639005  0.585599  0.548977  0.538145  0.667517  0.626687  0.583393  0.555169 
20  0.674878  0.778282  0.690803  0.839259  0.678596  0.878620  0.834093  0.776837  0.812654  0.573848  0.810912  0.787785  0.821042  0.733754  0.817246  0.215943  0.799414  0.732181  0.868035  0.525310 0.0  0.770173  0.729482  0.842193  0.765190  0.851533  0.896158  0.830079  0.658566  0.778850  0.768839  0.712891  0.822146  0.783915  0.764116  0.585697  0.793302  0.710760  0.692893  0.653573  0.766162  0.742293  0.526500  0.738710  0.779380  0.689090  0.667727  0.784937  0.648440  0.631296  0.809694  0.287345  0.792191  0.825528  0.574020  0.547864  0.792209  0.755097  0.789545  0.332976 
21  0.551398  0.688923  0.692324  0.519989  0.560159  0.805093  0.888710  0.692662  0.285419  0.717731  0.634490  0.786791  0.401735  0.515874  0.699318  0.805036  0.771563  0.859590  0.625335  0.493427  0.770173 0.0  0.660333  0.795292  0.848784  0.658639  0.586639  0.584075  0.746381  0.389873  0.823259  0.867069  0.270512  0.784139  0.345405  0.695356  0.267277  0.561392  0.347947  0.441840  0.756289  0.370075  0.511207  0.601735  0.576359  0.662152  0.506542  0.666176  0.536297  0.613927  0.452786  0.837395  0.337164  0.578157  0.652738  0.567500  0.560977  0.287033  0.703856  0.513637 
22  0.772910  0.745788  0.731800  0.683015  0.539736  0.792359  0.690040  0.719750  0.710539  0.648982  0.509258  0.746386  0.677251  0.735645  0.711261  0.760672  0.692558  0.724053  0.708196  0.670298  0.729482  0.660333 0.0  0.638980  0.746929  0.732366  0.763282  0.735554  0.798328  0.728771  0.805423  0.757457  0.672026  0.749689  0.669018  0.658056  0.674124  0.689092  0.778538  0.723548  0.728666  0.862355  0.777538  0.755408  0.787710  0.713109  0.595072  0.649528  0.675325  0.642214  0.690909  0.677069  0.641525  0.713859  0.770650  0.628954  0.685622  0.684653  0.727430  0.731221 
23  0.737976  0.199099  0.251889  0.775725  0.657304  0.358114  0.445083  0.248965  0.755079  0.628188  0.743885  0.403380  0.742964  0.751970  0.303771  0.808051  0.899987  0.263968  0.757879  0.723692  0.842193  0.795292  0.638980 0.0  0.817054  0.758334  0.820582  0.758858  0.756252  0.848881  0.575847  0.341183  0.785568  0.510512  0.780799  0.764236  0.804606  0.713376  0.849469  0.768003  0.290830  0.853101  0.861311  0.925758  0.634502  0.634153  0.718351  0.787174  0.718427  0.710207  0.806037  0.783136  0.741067  0.806560  0.810449  0.806271  0.796758  0.727238  0.298135  0.672962 
24  0.802021  0.831011  0.789474  0.801172  0.661873  0.738243  0.831213  0.623062  0.689857  0.623808  0.877052  0.693984  0.843763  0.958110  0.825520  0.777385  0.208127  0.806882  0.843577  0.695985  0.765190  0.848784  0.746929  0.817054 0.0  0.945881  0.776642  1.000000  0.765819  0.823759  0.732548  0.736859  0.894191  0.794170  0.922760  0.809074  0.797985  0.854359  0.806844  0.779950  0.692425  0.755419  0.748920  0.893270  0.870726  0.603380  0.803810  0.842636  0.803504  0.732291  0.803606  0.718438  0.740492  0.770987  0.776294  0.791471  0.816780  0.958511  0.819019  0.786036 
25  0.310049  0.711236  0.795131  0.367352  0.710726  0.834776  0.796635  0.668680  0.425515  0.675228  0.776541  0.829138  0.536581  0.416483  0.721636  0.805845  0.752061  0.844572  0.447016  0.648244  0.851533  0.658639  0.732366  0.758334  0.945881 0.0  0.241232  0.461425  0.748802  0.616765  0.809230  0.702484  0.564031  0.695220  0.550052  0.661646  0.572782  0.338584  0.546405  0.636720  0.898318  0.606705  0.517732  0.243858  0.405862  0.741638  0.430709  0.308998  0.490059  0.640563  0.478944  0.799389  0.573169  0.437071  0.564586  0.446005  0.469251  0.494024  0.769379  0.815129 
26  0.164381  0.725385  0.836531  0.443678  0.593539  0.823008  0.816152  0.802218  0.573653  0.638555  0.736269  0.748962  0.471253  0.440484  0.714600  0.775600  0.831462  0.831751  0.455612  0.665208  0.896158  0.586639  0.763282  0.820582  0.776642  0.241232 0.0  0.428537  0.772703  0.773603  0.653576  0.791135  0.556686  0.734240  0.474421  0.689422  0.582675  0.400329  0.505705  0.692625  0.840001  0.636885  0.559024  0.169866  0.356899  0.686686  0.418323  0.339892  0.606985  0.503225  0.430594  0.790259  0.543997  0.460452  0.581059  0.591144  0.458110  0.661068  0.825923  0.754151 
27  0.447384  0.798241  0.764278  0.209605  0.640390  0.839206  0.834145  0.890077  0.492057  0.604925  0.676554  0.838365  0.567248  0.403079  0.840307  0.892295  0.859371  0.793985  0.319057  0.683193  0.830079  0.584075  0.735554  0.758858  1.000000  0.461425  0.428537 0.0  0.752554  0.553571  0.758897  0.828066  0.534027  0.799336  0.616097  0.805016  0.571992  0.378319  0.547323  0.659302  0.750200  0.555502  0.640794  0.467118  0.429016  0.802613  0.517257  0.476402  0.517038  0.687843  0.504978  0.798675  0.651751  0.242551  0.641842  0.533599  0.394139  0.652860  0.740146  0.848766 
28  0.749598  0.830921  0.793857  0.729706  0.667890  0.735505  0.648306  0.789023  0.656332  0.609096  0.783805  0.699811  0.664656  0.794543  0.698187  0.721403  0.790389  0.785160  0.789690  0.590687  0.658566  0.746381  0.798328  0.756252  0.765819  0.748802  0.772703  0.752554 0.0  0.752805  0.763148  0.794582  0.753351  0.638784  0.679939  0.433841  0.825080  0.780901  0.753958  0.616773  0.608270  0.746673  0.723558  0.670244  0.711703  0.355907  0.682071  0.772463  0.593777  0.644099  0.849693  0.767005  0.708825  0.785785  0.687580  0.690353  0.729820  0.721820  0.747131  0.618531 
29  0.616035  0.753360  0.892400  0.509596  0.504570  0.789457  0.745654  0.821863  0.290250  0.636464  0.735434  0.813115  0.462386  0.447872  0.806684  0.758601  0.884712  0.855206  0.607221  0.577055  0.778850  0.389873  0.728771  0.848881  0.823759  0.616765  0.773603  0.553571  0.752805 0.0  0.793737  0.882478  0.308183  0.735412  0.297446  0.673675  0.338919  0.456607  0.344596  0.454911  0.689156  0.481275  0.582369  0.596625  0.588455  0.691998  0.600123  0.624181  0.575400  0.582892  0.506911  0.742134  0.259632  0.553131  0.663255  0.627039  0.542653  0.300583  0.742908  0.520762 
30  0.790790  0.605159  0.532892  0.734396  0.602567  0.563530  0.526686  0.454961  0.744721  0.693912  0.722503  0.498012  0.760127  0.724511  0.571864  0.659943  0.820051  0.601985  0.660276  0.618430  0.768839  0.823259  0.805423  0.575847  0.732548  0.809230  0.653576  0.758897  0.763148  0.793737 0.0  0.581440  0.763507  0.354425  0.861625  0.575851  0.790106  0.725875  0.786625  0.696515  0.649718  0.887128  0.718852  0.800893  0.705128  0.749721  0.797497  0.681682  0.794313  0.774040  0.717112  0.809420  0.654599  0.754874  0.884893  0.757342  0.888228  0.833354  0.506517  0.714394 
31  0.835698  0.398695  0.224142  0.709556  0.576036  0.347845  0.239821  0.335978  0.813100  0.639508  0.691281  0.185226  0.753258  0.880561  0.201831  0.699311  0.772172  0.229096  0.726703  0.646327  0.712891  0.867069  0.757457  0.341183  0.736859  0.702484  0.791135  0.828066  0.794582  0.882478  0.581440 0.0  0.857131  0.530796  0.830233  0.601114  0.718840  0.802571  0.879657  0.855757  0.216274  0.866445  0.872728  0.948537  0.787433  0.720646  0.794882  0.806464  0.817787  0.734152  0.839988  0.666130  0.759284  0.835688  0.803778  0.761397  0.844753  0.845849  0.255066  0.688246 
32  0.616670  0.664244  0.768836  0.475345  0.491205  0.793923  0.839420  0.764768  0.306061  0.483387  0.726060  0.780492  0.414441  0.451244  0.724081  0.818565  0.876982  0.794679  0.538179  0.621175  0.822146  0.270512  0.672026  0.785568  0.894191  0.564031  0.556686  0.534027  0.753351  0.308183  0.763507  0.857131 0.0  0.747775  0.332346  0.670812  0.150317  0.578606  0.279056  0.508284  0.808393  0.334835  0.501685  0.551825  0.623915  0.737176  0.560973  0.675622  0.517033  0.680120  0.478619  0.663365  0.337877  0.679900  0.486247  0.548447  0.638548  0.181251  0.868545  0.522802 
33  0.750000  0.598837  0.553370  0.734466  0.632977  0.583454  0.614473  0.523788  0.725823  0.596342  0.756734  0.511383  0.782223  0.760685  0.547143  0.812221  0.805185  0.682377  0.795048  0.621659  0.783915  0.784139  0.749689  0.510512  0.794170  0.695220  0.734240  0.799336  0.638784  0.735412  0.354425  0.530796  0.747775 0.0  0.745745  0.757482  0.758838  0.766040  0.842064  0.775765  0.578537  0.815302  0.727846  0.745630  0.786635  0.826417  0.828476  0.778266  0.835049  0.768588  0.741797  0.732587  0.720214  0.714351  0.808921  0.858794  0.737602  0.836643  0.587043  0.590086 
34  0.643573  0.758042  0.883685  0.511413  0.597216  0.735218  0.793586  0.795729  0.219315  0.481645  0.653096  0.905523  0.344564  0.429423  0.724014  0.730931  0.837285  0.771334  0.612513  0.589940  0.764116  0.345405  0.669018  0.780799  0.922760  0.550052  0.474421  0.616097  0.679939  0.297446  0.861625  0.830233  0.332346  0.745745 0.0  0.719686  0.235752  0.610200  0.324149  0.506818  0.863493  0.449975  0.495861  0.576968  0.551943  0.713756  0.568392  0.530430  0.480353  0.529605  0.470329  0.900365  0.155065  0.601966  0.588888  0.414888  0.723946  0.306951  0.819190  0.652968 
35  0.670812  0.752272  0.672123  0.690980  0.500367  0.733999  0.664970  0.712841  0.702314  0.523680  0.743982  0.702936  0.607365  0.642054  0.724700  0.655079  0.791768  0.620097  0.805767  0.642096  0.585697  0.695356  0.658056  0.764236  0.809074  0.661646  0.689422  0.805016  0.433841  0.673675  0.575851  0.601114  0.670812  0.757482  0.719686 0.0  0.644740  0.686904  0.707786  0.659104  0.667756  0.660304  0.755093  0.764056  0.698227  0.413322  0.718476  0.703002  0.782745  0.656472  0.749915  0.622942  0.753150  0.741669  0.608992  0.640424  0.751176  0.665374  0.779488  0.722929 
36  0.640031  0.820099  0.760090  0.510292  0.535571  0.815630  0.835320  0.832323  0.244155  0.640840  0.678754  0.791003  0.359935  0.490432  0.852596  0.715359  0.860439  0.844458  0.598945  0.708947  0.793302  0.267277  0.674124  0.804606  0.797985  0.572782  0.582675  0.571992  0.825080  0.338919  0.790106  0.718840  0.150317  0.758838  0.235752  0.644740 0.0  0.548232  0.315572  0.550140  0.845037  0.489635  0.593858  0.531995  0.551244  0.765336  0.543993  0.554246  0.453295  0.530499  0.544172  0.723524  0.177779  0.572139  0.635263  0.489848  0.604335  0.180968  0.706149  0.536150 
37  0.405523  0.758167  0.748466  0.431225  0.549522  0.839500  0.827603  0.829439  0.609084  0.702918  0.703255  0.805311  0.522755  0.415317  0.787188  0.858941  0.865174  0.719815  0.482862  0.608065  0.710760  0.561392  0.689092  0.713376  0.854359  0.338584  0.400329  0.378319  0.780901  0.456607  0.725875  0.802571  0.578606  0.766040  0.610200  0.686904  0.548232 0.0  0.565320  0.606335  0.844416  0.606372  0.600865  0.465609  0.331864  0.810031  0.228518  0.521338  0.539808  0.679024  0.426927  0.824773  0.561971  0.413553  0.650355  0.557742  0.467770  0.678911  0.736431  0.831612 
38  0.568108  0.816424  0.738425  0.554230  0.473431  0.824911  0.854784  0.723531  0.295305  0.662195  0.783476  0.798727  0.297461  0.506480  0.791876  0.817300  0.801775  0.732303  0.539633  0.463339  0.692893  0.347947  0.778538  0.849469  0.806844  0.546405  0.505705  0.547323  0.753958  0.344596  0.786625  0.879657  0.279056  0.842064  0.324149  0.707786  0.315572  0.565320 0.0  0.463965  0.887429  0.387919  0.519622  0.453086  0.506215  0.789165  0.656323  0.514051  0.541427  0.627581  0.444501  0.781941  0.351632  0.519703  0.520583  0.558659  0.527613  0.330518  0.838102  0.671652 
39  0.598104  0.845892  0.867738  0.582145  0.626146  0.818420  0.875148  0.790036  0.486850  0.462276  0.896596  0.850505  0.441522  0.484589  0.760126  0.730789  0.724365  0.915044  0.613534  0.424875  0.653573  0.441840  0.723548  0.768003  0.779950  0.636720  0.692625  0.659302  0.616773  0.454911  0.696515  0.855757  0.508284  0.775765  0.506818  0.659104  0.550140  0.606335  0.463965 0.0  0.936727  0.136333  0.455653  0.689969  0.684684  0.658841  0.643857  0.647276  0.551059  0.674949  0.641452  0.750291  0.646871  0.683008  0.477467  0.416515  0.603161  0.541785  0.709413  0.530570 
40  0.767703  0.297716  0.214161  0.705314  0.623694  0.344834  0.280665  0.446702  0.842850  0.610971  0.656477  0.198142  0.800915  0.780985  0.341377  0.685950  0.850576  0.303822  0.803579  0.576635  0.766162  0.756289  0.728666  0.290830  0.692425  0.898318  0.840001  0.750200  0.608270  0.689156  0.649718  0.216274  0.808393  0.578537  0.863493  0.667756  0.845037  0.844416  0.887429  0.936727 0.0  0.789136  0.720803  0.865504  0.791445  0.672721  0.747361  0.756387  0.726206  0.711039  0.670413  0.780375  0.819586  0.907083  0.738085  0.820882  0.802425  0.840343  0.180290  0.716470 
41  0.583167  0.888822  0.790108  0.556068  0.443391  0.937061  0.851593  0.948127  0.448896  0.551630  0.664175  0.795076  0.424795  0.572206  0.781402  0.836478  0.853674  0.746170  0.564141  0.540759  0.742293  0.370075  0.862355  0.853101  0.755419  0.606705  0.636885  0.555502  0.746673  0.481275  0.887128  0.866445  0.334835  0.815302  0.449975  0.660304  0.489635  0.606372  0.387919  0.136333  0.789136 0.0  0.509829  0.672234  0.710470  0.772502  0.665182  0.615064  0.511624  0.602915  0.508825  0.686535  0.435921  0.664238  0.609059  0.624442  0.578414  0.399083  0.789011  0.521982 
42  0.549340  0.819349  0.823633  0.544513  0.593650  0.789868  0.819809  0.825226  0.530767  0.587178  0.707805  0.742699  0.451827  0.599521  0.793652  0.614303  0.838438  0.790106  0.484228  0.620512  0.526500  0.511207  0.777538  0.861311  0.748920  0.517732  0.559024  0.640794  0.723558  0.582369  0.718852  0.872728  0.501685  0.727846  0.495861  0.755093  0.593858  0.600865  0.519622  0.455653  0.720803  0.509829 0.0  0.554279  0.631791  0.670529  0.479863  0.564235  0.287420  0.413131  0.530648  0.621006  0.491424  0.416026  0.308067  0.363582  0.683240  0.569656  0.780524  0.676293 
43  0.204709  0.726071  0.902747  0.366524  0.565232  0.757101  0.780318  0.820477  0.483987  0.625019  0.697332  0.749623  0.564630  0.608608  0.643982  0.782304  0.848736  0.757153  0.452120  0.684516  0.738710  0.601735  0.755408  0.925758  0.893270  0.243858  0.169866  0.467118  0.670244  0.596625  0.800893  0.948537  0.551825  0.745630  0.576968  0.764056  0.531995  0.465609  0.453086  0.689969  0.865504  0.672234  0.554279 0.0  0.455104  0.748678  0.421029  0.141442  0.538440  0.503351  0.349628  0.760193  0.557654  0.420041  0.636879  0.457143  0.353677  0.637892  0.862797  0.797766 
44  0.338299  0.739471  0.823854  0.419172  0.677910  0.763154  0.754496  0.819431  0.523762  0.649253  0.642788  0.873521  0.483469  0.354231  0.763428  0.868813  0.920292  0.828488  0.380356  0.574373  0.779380  0.576359  0.787710  0.634502  0.870726  0.405862  0.356899  0.429016  0.711703  0.588455  0.705128  0.787433  0.623915  0.786635  0.551943  0.698227  0.551244  0.331864  0.506215  0.684684  0.791445  0.710470  0.631791  0.455104 0.0  0.694161  0.236172  0.500602  0.495422  0.681126  0.467519  0.818790  0.596176  0.411808  0.573875  0.527887  0.401084  0.533615  0.767129  0.684343 
45  0.707895  0.708307  0.749114  0.697158  0.672629  0.767630  0.726418  0.755050  0.742913  0.542795  0.757464  0.664155  0.663493  0.737921  0.627894  0.685173  0.689969  0.743158  0.815753  0.470879  0.689090  0.662152  0.713109  0.634153  0.603380  0.741638  0.686686  0.802613  0.355907  0.691998  0.749721  0.720646  0.737176  0.826417  0.713756  0.413322  0.765336  0.810031  0.789165  0.658841  0.672721  0.772502  0.670529  0.748678  0.694161 0.0  0.767707  0.758325  0.669879  0.762696  0.702908  0.613681  0.892431  0.728054  0.610250  0.715440  0.718906  0.626357  0.747856  0.667458 
46  0.406498  0.785240  0.826173  0.442846  0.534791  0.762554  0.757325  0.833465  0.439133  0.611209  0.737719  0.780468  0.457808  0.381377  0.757298  0.864155  0.878819  0.878318  0.446799  0.688784  0.667727  0.506542  0.595072  0.718351  0.803810  0.430709  0.418323  0.517257  0.682071  0.600123  0.797497  0.794882  0.560973  0.828476  0.568392  0.718476  0.543993  0.228518  0.656323  0.643857  0.747361  0.665182  0.479863  0.421029  0.236172  0.767707 0.0  0.400728  0.594703  0.588307  0.468645  0.793280  0.521182  0.451123  0.735353  0.519487  0.485618  0.677885  0.723425  0.755722 
47  0.345461  0.677028  0.885432  0.322165  0.536415  0.818184  0.825137  0.758443  0.435742  0.582478  0.673232  0.907296  0.499344  0.521845  0.790612  0.680086  0.847402  0.870939  0.474590  0.688790  0.784937  0.666176  0.649528  0.787174  0.842636  0.308998  0.339892  0.476402  0.772463  0.624181  0.681682  0.806464  0.675622  0.778266  0.530430  0.703002  0.554246  0.521338  0.514051  0.647276  0.756387  0.615064  0.564235  0.141442  0.500602  0.758325  0.400728 0.0  0.530254  0.547111  0.452349  0.831698  0.470259  0.491534  0.546944  0.509446  0.500220  0.585586  0.690512  0.670564 
48  0.673501  0.659920  0.738743  0.546688  0.638564  0.845566  0.691295  0.723448  0.396027  0.573028  0.587287  0.706692  0.440028  0.494473  0.667953  0.586424  0.759239  0.732538  0.489175  0.538885  0.648440  0.536297  0.675325  0.718427  0.803504  0.490059  0.606985  0.517038  0.593777  0.575400  0.794313  0.817787  0.517033  0.835049  0.480353  0.782745  0.453295  0.539808  0.541427  0.551059  0.726206  0.511624  0.287420  0.538440  0.495422  0.669879  0.594703  0.530254 0.0  0.374682  0.508940  0.570068  0.521689  0.603308  0.363240  0.272969  0.664585  0.607425  0.735379  0.613310 
49  0.637621  0.697893  0.746914  0.601571  0.582674  0.891704  0.844210  0.746778  0.512556  0.627825  0.767252  0.830050  0.547997  0.563084  0.749500  0.544866  0.751768  0.598711  0.574318  0.526476  0.631296  0.613927  0.642214  0.710207  0.732291  0.640563  0.503225  0.687843  0.644099  0.582892  0.774040  0.734152  0.680120  0.768588  0.529605  0.656472  0.530499  0.679024  0.627581  0.674949  0.711039  0.602915  0.413131  0.503351  0.681126  0.762696  0.588307  0.547111  0.374682 0.0  0.538614  0.570128  0.452334  0.647583  0.461081  0.436565  0.630397  0.598688  0.832781  0.704934 
50  0.400353  0.840448  0.736896  0.318880  0.674531  0.716297  0.751942  0.735274  0.382402  0.668604  0.696059  0.791305  0.556107  0.216245  0.793671  0.765683  0.921229  0.756406  0.599348  0.720143  0.809694  0.452786  0.690909  0.806037  0.803606  0.478944  0.430594  0.504978  0.849693  0.506911  0.717112  0.839988  0.478619  0.741797  0.470329  0.749915  0.544172  0.426927  0.444501  0.641452  0.670413  0.508825  0.530648  0.349628  0.467519  0.702908  0.468645  0.452349  0.508940  0.538614 0.0  0.616382  0.520130  0.494313  0.640607  0.519242  0.405394  0.497216  0.724472  0.696111 
51  0.848323  0.812525  0.757558  0.718932  0.564573  0.791721  0.752307  0.839420  0.694152  0.586006  0.764597  0.757942  0.762472  0.770608  0.924570  0.368150  0.630279  0.628073  0.796701  0.578302  0.287345  0.837395  0.677069  0.783136  0.718438  0.799389  0.790259  0.798675  0.767005  0.742134  0.809420  0.666130  0.663365  0.732587  0.900365  0.622942  0.723524  0.824773  0.781941  0.750291  0.780375  0.686535  0.621006  0.760193  0.818790  0.613681  0.793280  0.831698  0.570068  0.570128  0.616382 0.0  0.728250  0.787022  0.593746  0.709076  0.862777  0.689552  0.738372  0.516891 
52  0.679192  0.779725  0.816240  0.526307  0.551426  0.828978  0.720683  0.869793  0.239856  0.588546  0.748032  0.766966  0.435434  0.468960  0.738033  0.694506  0.765806  0.842409  0.675280  0.639005  0.792191  0.337164  0.641525  0.741067  0.740492  0.573169  0.543997  0.651751  0.708825  0.259632  0.654599  0.759284  0.337877  0.720214  0.155065  0.753150  0.177779  0.561971  0.351632  0.646871  0.819586  0.435921  0.491424  0.557654  0.596176  0.892431  0.521182  0.470259  0.521689  0.452334  0.520130  0.728250 0.0  0.615580  0.558604  0.488201  0.512434  0.301972  0.800556  0.563087 
53  0.392080  0.808787  0.842203  0.346124  0.485484  0.890043  0.861983  0.730816  0.584709  0.657341  0.644600  0.775419  0.615189  0.501780  0.796317  0.829934  0.861064  0.831395  0.283803  0.585599  0.825528  0.578157  0.713859  0.806560  0.770987  0.437071  0.460452  0.242551  0.785785  0.553131  0.754874  0.835688  0.679900  0.714351  0.601966  0.741669  0.572139  0.413553  0.519703  0.683008  0.907083  0.664238  0.416026  0.420041  0.411808  0.728054  0.451123  0.491534  0.603308  0.647583  0.494313  0.787022  0.615580 0.0  0.748720  0.544057  0.152496  0.627943  0.872078  0.724803 
54  0.659049  0.810997  0.860064  0.754078  0.496283  0.844394  0.900622  0.765347  0.543124  0.521986  0.680245  0.860638  0.565866  0.601219  0.793667  0.547387  0.893511  0.824493  0.607659  0.548977  0.574020  0.652738  0.770650  0.810449  0.776294  0.564586  0.581059  0.641842  0.687580  0.663255  0.884893  0.803778  0.486247  0.808921  0.588888  0.608992  0.635263  0.650355  0.520583  0.477467  0.738085  0.609059  0.308067  0.636879  0.573875  0.610250  0.735353  0.546944  0.363240  0.461081  0.640607  0.593746  0.558604  0.748720 0.0  0.303245  0.638904  0.603783  0.798192  0.796916 
55  0.549196  0.749353  0.700362  0.491185  0.549913  0.767755  0.887829  0.773694  0.441552  0.560378  0.648753  0.791139  0.485991  0.544886  0.717337  0.648995  0.782847  0.805138  0.503122  0.538145  0.547864  0.567500  0.628954  0.806271  0.791471  0.446005  0.591144  0.533599  0.690353  0.627039  0.757342  0.761397  0.548447  0.858794  0.414888  0.640424  0.489848  0.557742  0.558659  0.416515  0.820882  0.624442  0.363582  0.457143  0.527887  0.715440  0.519487  0.509446  0.272969  0.436565  0.519242  0.709076  0.488201  0.544057  0.303245 0.0  0.503347  0.538324  0.776130  0.711288 
56  0.362918  0.809141  0.781357  0.273966  0.520415  0.800446  0.805627  0.871412  0.544822  0.582253  0.685044  0.795501  0.604515  0.497577  0.815649  0.854168  0.862487  0.758146  0.173200  0.667517  0.792209  0.560977  0.685622  0.796758  0.816780  0.469251  0.458110  0.394139  0.729820  0.542653  0.888228  0.844753  0.638548  0.737602  0.723946  0.751176  0.604335  0.467770  0.527613  0.603161  0.802425  0.578414  0.683240  0.353677  0.401084  0.718906  0.485618  0.500220  0.664585  0.630397  0.405394  0.862777  0.512434  0.152496  0.638904  0.503347 0.0  0.596983  0.798745  0.716932 
57  0.702014  0.752073  0.859287  0.540614  0.638544  0.907611  0.773863  0.856307  0.287356  0.532234  0.734754  0.842436  0.425148  0.466396  0.768278  0.799564  0.868923  0.915439  0.598068  0.626687  0.755097  0.287033  0.684653  0.727238  0.958511  0.494024  0.661068  0.652860  0.721820  0.300583  0.833354  0.845849  0.181251  0.836643  0.306951  0.665374  0.180968  0.678911  0.330518  0.541785  0.840343  0.399083  0.569656  0.637892  0.533615  0.626357  0.677885  0.585586  0.607425  0.598688  0.497216  0.689552  0.301972  0.627943  0.603783  0.538324  0.596983 0.0  0.777903  0.557784 
58  0.725496  0.382131  0.187881  0.740879  0.549085  0.336694  0.271652  0.295199  0.714288  0.544692  0.702280  0.248203  0.804251  0.717694  0.277764  0.808519  0.877260  0.281614  0.739718  0.583393  0.789545  0.703856  0.727430  0.298135  0.819019  0.769379  0.825923  0.740146  0.747131  0.742908  0.506517  0.255066  0.868545  0.587043  0.819190  0.779488  0.706149  0.736431  0.838102  0.709413  0.180290  0.789011  0.780524  0.862797  0.767129  0.747856  0.723425  0.690512  0.735379  0.832781  0.724472  0.738372  0.800556  0.872078  0.798192  0.776130  0.798745  0.777903 0.0  0.755414 
59  0.715216  0.789019  0.690616  0.794175  0.614740  0.741675  0.682870  0.732182  0.563408  0.513817  0.674453  0.712588  0.652722  0.693796  0.864366  0.424714  0.859176  0.737210  0.842278  0.555169  0.332976  0.513637  0.731221  0.672962  0.786036  0.815129  0.754151  0.848766  0.618531  0.520762  0.714394  0.688246  0.522802  0.590086  0.652968  0.722929  0.536150  0.831612  0.671652  0.530570  0.716470  0.521982  0.676293  0.797766  0.684343  0.667458  0.755722  0.670564  0.613310  0.704934  0.696111  0.516891  0.563087  0.724803  0.796916  0.711288  0.716932  0.557784  0.755414 0.0 
