60
0 0.0  0.678513  0.806550  0.322295  0.562153  0.620445  0.680620  0.772207  0.488293  0.662845  0.648853  0.662589  0.512401  0.461999  0.802805  0.655190  0.869648  0.845767  0.326011  0.651436  0.777753  0.415621  0.604680  0.700596  0.732368  0.176696  0.156754  0.391742  0.845366  0.657215  0.659852  0.905001  0.560717  0.610824  0.513698  0.655337  0.552602  0.348562  0.477864  0.537516  0.853359  0.526276  0.455451  0.235192  0.322379  0.703566  0.311025  0.235285  0.523749  0.486195  0.470685  0.792278  0.503191  0.405939  0.535643  0.515555  0.405059  0.499891  0.650676  0.721440 
1  0.678513 0.0  0.288411  0.779443  0.475408  0.262342  0.293892  0.305972  0.650614  0.498891  0.639052  0.277077  0.700585  0.878989  0.261828  0.658062  0.772193  0.302668  0.820413  0.558750  0.697064  0.703276  0.613297  0.186131  0.780563  0.643266  0.822527  0.705803  0.564101  0.759700  0.540918  0.290887  0.773029  0.502167  0.829740  0.715571  0.714933  0.811335  0.661331  0.859676  0.325660  0.904698  0.724388  0.692728  0.635393  0.622234  0.673180  0.532153  0.646635  0.675448  0.735267  0.733088  0.687491  0.712790  0.704532  0.779388  0.691265  0.664083  0.276913  0.659767 
2  0.806550  0.288411 0.0  0.840845  0.498911  0.293093  0.227618  0.298846  0.882323  0.542048  0.640509  0.145237  0.652178  0.679019  0.300198  0.775358  0.572516  0.135089  0.813279  0.528432  0.719186  0.743923  0.671002  0.265650  0.660989  0.768507  0.683749  0.764690  0.801025  0.804087  0.553809  0.157023  0.776324  0.629044  0.571818  0.806525  0.799175  0.921014  0.709441  0.846688  0.187390  0.708606  0.694395  0.783799  0.777899  0.584663  0.741010  0.936698  0.656366  0.682238  0.785255  0.688403  0.776904  0.863728  0.727230  0.788538  0.804346  0.862150  0.229880  0.601420 
3  0.322295  0.779443  0.840845 0.0  0.505595  0.709831  0.733344  0.672300  0.472883  0.656964  0.665015  0.630667  0.434182  0.400372  0.664372  0.677654  0.701662  0.735125  0.194926  0.601102  0.744811  0.529930  0.623102  0.736899  0.838069  0.285595  0.302521  0.206504  0.605432  0.490129  0.653854  0.594582  0.472764  0.753738  0.453128  0.745242  0.455334  0.338443  0.426705  0.533675  0.830788  0.550245  0.496798  0.279205  0.353692  0.824080  0.343836  0.325631  0.475772  0.431924  0.309862  0.796020  0.487437  0.232587  0.578239  0.483543  0.230157  0.549983  0.720190  0.740579 
4  0.562153  0.475408  0.498911  0.505595 0.0  0.559314  0.597573  0.515350  0.544589  0.537645  0.533824  0.523128  0.515973  0.536589  0.576391  0.652855  0.720515  0.671470  0.600853  0.483474  0.578484  0.499490  0.560548  0.496829  0.695861  0.593736  0.552305  0.563743  0.630256  0.485904  0.560647  0.542991  0.439790  0.530689  0.552870  0.514977  0.442297  0.510840  0.523555  0.504153  0.548720  0.577040  0.546144  0.497490  0.437746  0.562556  0.520176  0.674523  0.480851  0.584332  0.505954  0.558023  0.464866  0.595277  0.607156  0.464114  0.497449  0.511669  0.542751  0.555491 
5  0.620445  0.262342  0.293093  0.709831  0.559314 0.0  0.268357  0.218149  0.727171  0.578208  0.661437  0.298331  0.741451  0.625592  0.253702  0.693876  0.823659  0.326382  0.642873  0.651604  0.828181  0.657972  0.629593  0.257272  0.747228  0.671030  0.633593  0.809827  0.647991  0.844822  0.488141  0.302371  0.654992  0.576591  0.879358  0.659583  0.748556  0.806594  0.725414  0.791234  0.329134  0.705977  0.754133  0.765350  0.693434  0.623961  0.687662  0.728466  0.663321  0.730640  0.692199  0.724580  0.750007  0.696220  0.796982  0.690279  0.777893  0.665551  0.217859  0.711076 
6  0.680620  0.293892  0.227618  0.733344  0.597573  0.268357 0.0  0.231215  0.731024  0.570165  0.590425  0.217370  0.797326  0.850766  0.247739  0.718309  0.705890  0.237561  0.818253  0.580260  0.672411  0.755076  0.717973  0.270623  0.749883  0.855071  0.667235  0.761814  0.688953  0.885959  0.448361  0.192302  0.677077  0.499424  0.737526  0.697512  0.710572  0.786855  0.710693  0.639842  0.201828  0.767652  0.796369  0.813307  0.745617  0.751410  0.727658  0.705880  0.693091  0.762091  0.685807  0.724851  0.727580  0.802019  0.761099  0.808197  0.696677  0.797381  0.177361  0.694482 
7  0.772207  0.305972  0.298846  0.672300  0.515350  0.218149  0.231215 0.0  0.777609  0.614503  0.561204  0.286075  0.637547  0.794542  0.169477  0.874626  0.763910  0.279658  0.796525  0.620595  0.862007  0.671226  0.763993  0.258672  0.691980  0.757706  0.771645  0.595626  0.692523  0.743345  0.416687  0.289896  0.780676  0.391925  0.742547  0.747314  0.774848  0.701300  0.748004  0.821544  0.305614  0.827997  0.654200  0.691809  0.854410  0.613552  0.807429  0.704213  0.704857  0.665427  0.645311  0.681553  0.685365  0.764924  0.636384  0.739772  0.747169  0.612648  0.209942  0.790261 
8  0.488293  0.650614  0.882323  0.472883  0.544589  0.727171  0.731024  0.777609 0.0  0.518868  0.629544  0.808663  0.350840  0.401368  0.751986  0.841813  0.765651  0.728936  0.535489  0.654372  0.761371  0.242126  0.473297  0.733385  0.826193  0.488380  0.494725  0.579783  0.769464  0.264142  0.699460  0.781847  0.219630  0.786646  0.157762  0.596281  0.230057  0.611503  0.289996  0.423347  0.673318  0.427014  0.450993  0.481194  0.513490  0.662960  0.459603  0.470034  0.464296  0.553521  0.351373  0.776571  0.169611  0.503783  0.563554  0.475176  0.505853  0.238537  0.776781  0.483254 
9  0.662845  0.498891  0.542048  0.656964  0.537645  0.578208  0.570165  0.614503  0.518868 0.0  0.547037  0.499402  0.515528  0.596710  0.548408  0.595493  0.650571  0.585259  0.599720  0.521255  0.590057  0.518021  0.576432  0.515091  0.578625  0.603414  0.564714  0.597892  0.542485  0.578642  0.517594  0.621755  0.544818  0.589627  0.564798  0.539156  0.600971  0.558142  0.532688  0.560778  0.535816  0.585120  0.511401  0.571883  0.492564  0.492737  0.558422  0.603162  0.516672  0.591688  0.531342  0.563509  0.497080  0.606792  0.515263  0.534236  0.618099  0.496190  0.505509  0.557144 
10  0.648853  0.639052  0.640509  0.665015  0.533824  0.661437  0.590425  0.561204  0.629544  0.547037 0.0  0.645038  0.546377  0.585218  0.516679  0.778003  0.695766  0.773822  0.618167  0.485841  0.798384  0.707838  0.368387  0.595654  0.797763  0.757145  0.658907  0.620607  0.611235  0.561108  0.748045  0.669423  0.629959  0.640490  0.703208  0.657413  0.679519  0.703072  0.645195  0.605257  0.768975  0.648692  0.709103  0.567391  0.705259  0.634964  0.677970  0.597732  0.582585  0.709078  0.694688  0.760145  0.650478  0.748029  0.776037  0.678169  0.730335  0.687219  0.607754  0.774146 
11  0.662589  0.277077  0.145237  0.630667  0.523128  0.298331  0.217370  0.286075  0.808663  0.499402  0.645038 0.0  0.680417  0.645670  0.259444  0.752955  0.779263  0.152545  0.811834  0.583119  0.779859  0.684849  0.573954  0.276439  0.567853  0.701026  0.763000  0.794312  0.600396  0.627565  0.450969  0.170320  0.566076  0.474852  0.798202  0.638587  0.700128  1.000000  0.852000  0.807277  0.211698  0.784145  0.683743  0.749875  0.780858  0.622463  0.901375  0.829379  0.744707  0.751076  0.716204  0.715838  0.878039  0.729798  0.738347  0.615043  0.692228  0.851652  0.212098  0.650021 
12  0.512401  0.700585  0.652178  0.434182  0.515973  0.741451  0.797326  0.637547  0.350840  0.515528  0.546377  0.680417 0.0  0.397483  0.739857  0.731144  0.864706  0.758520  0.534064  0.490674  0.796723  0.324035  0.675119  0.655649  0.809366  0.498574  0.556253  0.465948  0.663891  0.358515  0.585877  0.688243  0.335650  0.836577  0.353309  0.722635  0.360917  0.457728  0.328160  0.337393  0.635071  0.384692  0.498285  0.497550  0.520291  0.641220  0.507583  0.450801  0.483842  0.497525  0.439628  0.709096  0.326585  0.559201  0.561046  0.475792  0.524782  0.319341  0.829234  0.524831 
13  0.461999  0.878989  0.679019  0.400372  0.536589  0.625592  0.850766  0.794542  0.401368  0.596710  0.585218  0.645670  0.397483 0.0  0.745574  0.761436  0.593046  0.743615  0.421470  0.616417  0.791238  0.507424  0.675167  0.776880  0.834567  0.397082  0.434941  0.492251  0.800419  0.360000  0.738617  0.681010  0.356844  0.673627  0.358757  0.671798  0.345635  0.382624  0.490682  0.475510  0.560484  0.572081  0.484883  0.431354  0.491675  0.666925  0.447808  0.357247  0.501384  0.438593  0.226301  0.665766  0.418506  0.449575  0.489895  0.556631  0.438297  0.402097  0.692440  0.771016 
14  0.802805  0.261828  0.300198  0.664372  0.576391  0.253702  0.247739  0.169477  0.751986  0.548408  0.516679  0.259444  0.739857  0.745574 0.0  0.715145  0.850361  0.302398  0.693501  0.603486  0.703402  0.814529  0.707392  0.258639  0.713370  0.620567  0.676925  0.817645  0.689973  0.813510  0.442847  0.270695  0.826910  0.482607  0.648062  0.642363  0.720346  0.769867  0.794667  0.781819  0.258638  0.727641  0.622849  0.724487  0.819731  0.644816  0.733751  0.741962  0.713722  0.726648  0.604481  0.781160  0.761932  0.812843  0.797044  0.685597  0.695332  0.718817  0.230669  0.599616 
15  0.655190  0.658062  0.775358  0.677654  0.652855  0.693876  0.718309  0.874626  0.841813  0.595493  0.778003  0.752955  0.731144  0.761436  0.715145 0.0  0.705898  0.688728  0.824274  0.594159  0.186279  0.777193  0.711246  0.787135  0.656125  0.834781  0.878010  0.756199  0.674743  0.742910  0.730993  0.723470  0.825989  0.899159  0.541277  0.692240  0.776637  0.657125  0.675590  0.707153  0.622099  0.834139  0.551068  0.841245  0.708348  0.701420  0.667191  0.776439  0.598208  0.597024  0.793212  0.284647  0.719292  0.740079  0.485452  0.594751  0.771431  0.768117  0.728219  0.296258 
16  0.869648  0.772193  0.572516  0.701662  0.720515  0.823659  0.705890  0.763910  0.765651  0.650571  0.695766  0.779263  0.864706  0.593046  0.850361  0.705898 0.0  0.733034  0.862852  0.620344  0.697594  0.779090  0.716034  0.835717  0.159158  0.779623  0.879093  0.802890  0.786722  0.736026  0.811676  0.747915  0.713544  0.783247  0.698769  0.755392  0.823575  0.850280  0.639272  0.731621  0.768414  0.723151  0.757040  0.748013  0.736186  0.691200  0.786443  0.626122  0.668040  0.702219  0.822201  0.732060  0.818779  0.843062  0.726228  0.709414  0.799274  0.808427  0.820535  0.723157 
17  0.845767  0.302668  0.135089  0.735125  0.671470  0.326382  0.237561  0.279658  0.728936  0.585259  0.773822  0.152545  0.758520  0.743615  0.302398  0.688728  0.733034 0.0  0.868252  0.584452  0.575863  0.816242  0.635407  0.293500  0.707909  0.752756  0.762096  0.770567  0.646858  0.773032  0.542684  0.155899  0.855891  0.580970  0.810842  0.529178  0.804388  0.761330  0.788604  0.841210  0.191146  0.746167  0.707419  0.792754  0.790087  0.765187  0.808090  0.659673  0.757082  0.651701  0.755027  0.719837  0.720687  0.772092  0.685641  0.663088  0.831169  0.832420  0.211314  0.709471 
18  0.326011  0.820413  0.813279  0.194926  0.600853  0.642873  0.818253  0.796525  0.535489  0.599720  0.618167  0.811834  0.534064  0.421470  0.693501  0.824274  0.862852  0.868252 0.0  0.539100  0.944211  0.569799  0.610137  0.688713  0.858902  0.376755  0.415978  0.193497  0.796679  0.507709  0.728862  0.786282  0.510518  0.703229  0.570862  0.684389  0.609834  0.383283  0.498119  0.517221  0.836873  0.596117  0.479275  0.382200  0.364111  0.682648  0.367097  0.382729  0.466473  0.486170  0.416521  0.845900  0.479507  0.197897  0.485263  0.519477  0.152510  0.628498  0.767236  0.757273 
19  0.651436  0.558750  0.528432  0.601102  0.483474  0.651604  0.580260  0.620595  0.654372  0.521255  0.485841  0.583119  0.490674  0.616417  0.603486  0.594159  0.620344  0.584452  0.539100 0.0  0.451891  0.523698  0.655595  0.605249  0.639467  0.638454  0.558546  0.628982  0.625020  0.604754  0.594122  0.565397  0.499060  0.576446  0.603319  0.452599  0.559716  0.572657  0.509769  0.500913  0.641559  0.520616  0.614378  0.487003  0.482074  0.560287  0.568644  0.609461  0.571041  0.578046  0.541120  0.529530  0.540667  0.635567  0.565196  0.547012  0.576847  0.530147  0.562083  0.588151 
20  0.777753  0.697064  0.719186  0.744811  0.578484  0.828181  0.672411  0.862007  0.761371  0.590057  0.798384  0.779859  0.796723  0.791238  0.703402  0.186279  0.697594  0.575863  0.944211  0.451891 0.0  0.779944  0.782391  0.742762  0.633883  0.763215  0.946193  0.852199  0.610250  0.686251  0.754388  0.666207  0.847895  0.787217  0.702067  0.582351  0.805358  0.800270  0.736061  0.693042  0.695812  0.843412  0.693119  0.792164  0.915600  0.662375  0.821520  0.704587  0.616065  0.555015  0.842567  0.228975  0.887445  0.687971  0.594708  0.576780  0.808244  0.877179  0.621659  0.344873 
21  0.415621  0.703276  0.743923  0.529930  0.499490  0.657972  0.755076  0.671226  0.242126  0.518021  0.707838  0.684849  0.324035  0.507424  0.814529  0.777193  0.779090  0.816242  0.569799  0.523698  0.779944 0.0  0.684823  0.745553  0.669337  0.449737  0.600375  0.462888  0.666063  0.279091  0.736752  0.903000  0.186946  0.745750  0.279215  0.604111  0.203708  0.571907  0.332704  0.353269  0.813961  0.388555  0.449886  0.429185  0.530320  0.619583  0.554450  0.554921  0.492432  0.587325  0.459680  0.763244  0.241495  0.520522  0.554006  0.517516  0.527904  0.237189  0.642935  0.568962 
22  0.604680  0.613297  0.671002  0.623102  0.560548  0.629593  0.717973  0.763993  0.473297  0.576432  0.368387  0.573954  0.675119  0.675167  0.707392  0.711246  0.716034  0.635407  0.610137  0.655595  0.782391  0.684823 0.0  0.627529  0.660831  0.603089  0.651757  0.762356  0.688858  0.679319  0.682939  0.735193  0.630958  0.625530  0.574452  0.737253  0.717959  0.733290  0.633414  0.655749  0.681812  0.754606  0.583467  0.642811  0.607881  0.723084  0.642973  0.616371  0.706260  0.619995  0.689382  0.654536  0.601429  0.570388  0.599246  0.598806  0.629891  0.738575  0.582164  0.623811 
23  0.700596  0.186131  0.265650  0.736899  0.496829  0.257272  0.270623  0.258672  0.733385  0.515091  0.595654  0.276439  0.655649  0.776880  0.258639  0.787135  0.835717  0.293500  0.688713  0.605249  0.742762  0.745553  0.627529 0.0  0.742404  0.660011  0.672483  0.756436  0.618640  0.719285  0.437492  0.282128  0.580941  0.479392  0.729059  0.760015  0.607639  0.662633  0.676456  0.713704  0.330605  0.728361  0.772032  0.715468  0.718400  0.609065  0.636913  0.730560  0.683499  0.726220  0.685403  0.670670  0.817657  0.820160  0.718230  0.573091  0.756498  0.645371  0.271891  0.708319 
24  0.732368  0.780563  0.660989  0.838069  0.695861  0.747228  0.749883  0.691980  0.826193  0.578625  0.797763  0.567853  0.809366  0.834567  0.713370  0.656125  0.159158  0.707909  0.858902  0.639467  0.633883  0.669337  0.660831  0.742404 0.0  0.717973  0.685123  0.767290  0.567291  0.751700  0.734447  0.689871  0.738885  0.806907  0.800009  0.699603  0.738635  0.723748  0.747878  0.625868  0.624453  0.814714  0.724721  0.830094  0.871724  0.682606  0.763594  0.836559  0.793021  0.702692  0.715690  0.662968  0.605905  0.686241  0.636143  0.821514  0.844200  0.771587  0.695925  0.725695 
25  0.176696  0.643266  0.768507  0.285595  0.593736  0.671030  0.855071  0.757706  0.488380  0.603414  0.757145  0.701026  0.498574  0.397082  0.620567  0.834781  0.779623  0.752756  0.376755  0.638454  0.763215  0.449737  0.603089  0.660011  0.717973 0.0  0.148903  0.320779  0.777344  0.584843  0.657481  0.755364  0.607550  0.847067  0.493685  0.737263  0.581358  0.398688  0.448199  0.541098  0.868338  0.507294  0.461874  0.224834  0.378286  0.761138  0.363874  0.227324  0.553532  0.569230  0.355472  0.619605  0.486170  0.393450  0.601282  0.474543  0.450387  0.539805  0.778942  0.772714 
26  0.156754  0.822527  0.683749  0.302521  0.552305  0.633593  0.667235  0.771645  0.494725  0.564714  0.658907  0.763000  0.556253  0.434941  0.676925  0.878010  0.879093  0.762096  0.415978  0.558546  0.946193  0.600375  0.651757  0.672483  0.685123  0.148903 0.0  0.380293  0.655999  0.619679  0.671483  0.860577  0.528198  0.761973  0.531992  0.675527  0.489593  0.360819  0.490405  0.574781  0.797916  0.653963  0.499484  0.206263  0.399061  0.767192  0.402843  0.221208  0.556213  0.534661  0.372394  0.791208  0.449827  0.363855  0.605900  0.450667  0.379505  0.593094  0.738088  0.659947 
27  0.391742  0.705803  0.764690  0.206504  0.563743  0.809827  0.761814  0.595626  0.579783  0.597892  0.620607  0.794312  0.465948  0.492251  0.817645  0.756199  0.802890  0.770567  0.193497  0.628982  0.852199  0.462888  0.762356  0.756436  0.767290  0.320779  0.380293 0.0  0.710747  0.534628  0.678366  0.649020  0.615930  0.703155  0.469839  0.623742  0.492251  0.375952  0.557305  0.562332  0.760035  0.580189  0.490617  0.388652  0.379094  0.749617  0.376111  0.457788  0.531545  0.624201  0.464501  0.892483  0.520870  0.248122  0.525735  0.408253  0.255252  0.502713  0.777014  0.795296 
28  0.845366  0.564101  0.801025  0.605432  0.630256  0.647991  0.688953  0.692523  0.769464  0.542485  0.611235  0.600396  0.663891  0.800419  0.689973  0.674743  0.786722  0.646858  0.796679  0.625020  0.610250  0.666063  0.688858  0.618640  0.567291  0.777344  0.655999  0.710747 0.0  0.673757  0.560394  0.616980  0.677397  0.693200  0.772902  0.361868  0.732560  0.748795  0.586654  0.578130  0.677016  0.642955  0.639004  0.663084  0.680002  0.345184  0.678294  0.660338  0.711401  0.632626  0.714881  0.610435  0.673708  0.752820  0.613960  0.630958  0.821032  0.615084  0.508931  0.620261 
29  0.657215  0.759700  0.804087  0.490129  0.485904  0.844822  0.885959  0.743345  0.264142  0.578642  0.561108  0.627565  0.358515  0.360000  0.813510  0.742910  0.736026  0.773032  0.507709  0.604754  0.686251  0.279091  0.679319  0.719285  0.751700  0.584843  0.619679  0.534628  0.673757 0.0  0.774598  0.841008  0.272559  0.592681  0.261358  0.693616  0.267483  0.542672  0.279890  0.441911  0.714120  0.361021  0.440414  0.474003  0.613384  0.631684  0.508381  0.615337  0.554748  0.537578  0.398649  0.755801  0.252584  0.509519  0.563195  0.494869  0.526305  0.283830  0.823610  0.535104 
30  0.659852  0.540918  0.553809  0.653854  0.560647  0.488141  0.448361  0.416687  0.699460  0.517594  0.748045  0.450969  0.585877  0.738617  0.442847  0.730993  0.811676  0.542684  0.728862  0.594122  0.754388  0.736752  0.682939  0.437492  0.734447  0.657481  0.671483  0.678366  0.560394  0.774598 0.0  0.472460  0.793820  0.321220  0.596858  0.770104  0.771888  0.703128  0.801085  0.688471  0.495431  0.671124  0.648607  0.742833  0.637465  0.668648  0.787097  0.721382  0.681819  0.796563  0.744516  0.788602  0.695175  0.736022  0.794205  0.791018  0.620145  0.827716  0.451407  0.738468 
31  0.905001  0.290887  0.157023  0.594582  0.542991  0.302371  0.192302  0.289896  0.781847  0.621755  0.669423  0.170320  0.688243  0.681010  0.270695  0.723470  0.747915  0.155899  0.786282  0.565397  0.666207  0.903000  0.735193  0.282128  0.689871  0.755364  0.860577  0.649020  0.616980  0.841008  0.472460 0.0  0.738622  0.449395  0.772871  0.545466  0.785361  0.732671  0.814235  0.764558  0.119215  0.840042  0.847638  0.773510  0.649629  0.603966  0.722013  0.775590  0.595744  0.846993  0.795964  0.696037  0.853648  0.872685  0.757300  0.690725  0.793438  0.791908  0.232310  0.710421 
32  0.560717  0.773029  0.776324  0.472764  0.439790  0.654992  0.677077  0.780676  0.219630  0.544818  0.629959  0.566076  0.335650  0.356844  0.826910  0.825989  0.713544  0.855891  0.510518  0.499060  0.847895  0.186946  0.630958  0.580941  0.738885  0.607550  0.528198  0.615930  0.677397  0.272559  0.793820  0.738622 0.0  0.784857  0.250909  0.603072  0.182429  0.449473  0.321719  0.399974  0.704464  0.400984  0.536444  0.456562  0.490696  0.726277  0.489242  0.588579  0.567615  0.493807  0.400478  0.729724  0.273343  0.571055  0.536654  0.624300  0.513130  0.200159  0.512880  0.497044 
33  0.610824  0.502167  0.629044  0.753738  0.530689  0.576591  0.499424  0.391925  0.786646  0.589627  0.640490  0.474852  0.836577  0.673627  0.482607  0.899159  0.783247  0.580970  0.703229  0.576446  0.787217  0.745750  0.625530  0.479392  0.806907  0.847067  0.761973  0.703155  0.693200  0.592681  0.321220  0.449395  0.784857 0.0  0.767813  0.632049  0.733194  0.655807  0.802454  0.709858  0.519817  0.730704  0.754214  0.677125  0.714066  0.822876  0.756530  0.706308  0.733787  0.658247  0.604739  0.817009  0.773279  0.773007  0.804594  0.726763  0.529408  0.729662  0.477654  0.673150 
34  0.513698  0.829740  0.571818  0.453128  0.552870  0.879358  0.737526  0.742547  0.157762  0.564798  0.703208  0.798202  0.353309  0.358757  0.648062  0.541277  0.698769  0.810842  0.570862  0.603319  0.702067  0.279215  0.574452  0.729059  0.800009  0.493685  0.531992  0.469839  0.772902  0.261358  0.596858  0.772871  0.250909  0.767813 0.0  0.623607  0.213548  0.560344  0.291843  0.436492  0.691561  0.395734  0.480688  0.506165  0.489862  0.587977  0.496014  0.552394  0.497885  0.409744  0.380804  0.817810  0.146220  0.679806  0.582178  0.384636  0.514094  0.261025  0.738576  0.465653 
35  0.655337  0.715571  0.806525  0.745242  0.514977  0.659583  0.697512  0.747314  0.596281  0.539156  0.657413  0.638587  0.722635  0.671798  0.642363  0.692240  0.755392  0.529178  0.684389  0.452599  0.582351  0.604111  0.737253  0.760015  0.699603  0.737263  0.675527  0.623742  0.361868  0.693616  0.770104  0.545466  0.603072  0.632049  0.623607 0.0  0.723841  0.692938  0.630263  0.555326  0.505925  0.678476  0.810606  0.721242  0.686200  0.323968  0.605126  0.639992  0.671674  0.626312  0.709630  0.636606  0.685637  0.593745  0.726553  0.638674  0.632871  0.711965  0.665979  0.612522 
36  0.552602  0.714933  0.799175  0.455334  0.442297  0.748556  0.710572  0.774848  0.230057  0.600971  0.679519  0.700128  0.360917  0.345635  0.720346  0.776637  0.823575  0.804388  0.609834  0.559716  0.805358  0.203708  0.717959  0.607639  0.738635  0.581358  0.489593  0.492251  0.732560  0.267483  0.771888  0.785361  0.182429  0.733194  0.213548  0.723841 0.0  0.476531  0.314262  0.389027  0.759064  0.437381  0.483629  0.505809  0.480203  0.718369  0.491822  0.577208  0.494128  0.541846  0.421607  0.665945  0.233687  0.556069  0.513761  0.501126  0.533581  0.190650  0.783587  0.592344 
37  0.348562  0.811335  0.921014  0.338443  0.510840  0.806594  0.786855  0.701300  0.611503  0.558142  0.703072  1.000000  0.457728  0.382624  0.769867  0.657125  0.850280  0.761330  0.383283  0.572657  0.800270  0.571907  0.733290  0.662633  0.723748  0.398688  0.360819  0.375952  0.748795  0.542672  0.703128  0.732671  0.449473  0.655807  0.560344  0.692938  0.476531 0.0  0.514744  0.565084  0.733620  0.504967  0.542097  0.410465  0.200102  0.691378  0.191613  0.392276  0.545514  0.580112  0.441878  0.768905  0.525505  0.401937  0.513495  0.426359  0.334461  0.562126  0.665478  0.724772 
38  0.477864  0.661331  0.709441  0.426705  0.523555  0.725414  0.710693  0.748004  0.289996  0.532688  0.645195  0.852000  0.328160  0.490682  0.794667  0.675590  0.639272  0.788604  0.498119  0.509769  0.736061  0.332704  0.633414  0.676456  0.747878  0.448199  0.490405  0.557305  0.586654  0.279890  0.801085  0.814235  0.321719  0.802454  0.291843  0.630263  0.314262  0.514744 0.0  0.294469  0.697401  0.335168  0.449461  0.397722  0.559948  0.682822  0.524924  0.509944  0.470185  0.474146  0.503440  0.720271  0.295195  0.524553  0.472541  0.460457  0.490355  0.342261  0.776337  0.556224 
39  0.537516  0.859676  0.846688  0.533675  0.504153  0.791234  0.639842  0.821544  0.423347  0.560778  0.605257  0.807277  0.337393  0.475510  0.781819  0.707153  0.731621  0.841210  0.517221  0.500913  0.693042  0.353269  0.655749  0.713704  0.625868  0.541098  0.574781  0.562332  0.578130  0.441911  0.688471  0.764558  0.399974  0.709858  0.436492  0.555326  0.389027  0.565084  0.294469 0.0  0.749115  0.142447  0.520981  0.535022  0.570837  0.732119  0.571188  0.451925  0.492039  0.567895  0.587064  0.687021  0.419536  0.587777  0.451264  0.418135  0.664348  0.400785  0.648535  0.377851 
40  0.853359  0.325660  0.187390  0.830788  0.548720  0.329134  0.201828  0.305614  0.673318  0.535816  0.768975  0.211698  0.635071  0.560484  0.258638  0.622099  0.768414  0.191146  0.836873  0.641559  0.695812  0.813961  0.681812  0.330605  0.624453  0.868338  0.797916  0.760035  0.677016  0.714120  0.495431  0.119215  0.704464  0.519817  0.691561  0.505925  0.759064  0.733620  0.697401  0.749115 0.0  0.766739  0.759170  0.835445  0.839413  0.642094  0.717516  0.860809  0.689440  0.874023  0.575145  0.601773  0.794498  0.856025  0.665968  0.701721  0.793134  0.846178  0.242791  0.749598 
41  0.526276  0.904698  0.708606  0.550245  0.577040  0.705977  0.767652  0.827997  0.427014  0.585120  0.648692  0.784145  0.384692  0.572081  0.727641  0.834139  0.723151  0.746167  0.596117  0.520616  0.843412  0.388555  0.754606  0.728361  0.814714  0.507294  0.653963  0.580189  0.642955  0.361021  0.671124  0.840042  0.400984  0.730704  0.395734  0.678476  0.437381  0.504967  0.335168  0.142447  0.766739 0.0  0.539493  0.647808  0.607634  0.574895  0.557983  0.590111  0.499050  0.655223  0.535314  0.626685  0.419914  0.556886  0.545835  0.540370  0.594921  0.487323  0.719387  0.518706 
42  0.455451  0.724388  0.694395  0.496798  0.546144  0.754133  0.796369  0.654200  0.450993  0.511401  0.709103  0.683743  0.498285  0.484883  0.622849  0.551068  0.757040  0.707419  0.479275  0.614378  0.693119  0.449886  0.583467  0.772032  0.724721  0.461874  0.499484  0.490617  0.639004  0.440414  0.648607  0.847638  0.536444  0.754214  0.480688  0.810606  0.483629  0.542097  0.449461  0.520981  0.759170  0.539493 0.0  0.476615  0.515666  0.594362  0.536716  0.417791  0.320142  0.306141  0.426782  0.540944  0.450307  0.441306  0.262842  0.277422  0.485365  0.452845  0.629031  0.652394 
43  0.235192  0.692728  0.783799  0.279205  0.497490  0.765350  0.813307  0.691809  0.481194  0.571883  0.567391  0.749875  0.497550  0.431354  0.724487  0.841245  0.748013  0.792754  0.382200  0.487003  0.792164  0.429185  0.642811  0.715468  0.830094  0.224834  0.206263  0.388652  0.663084  0.474003  0.742833  0.773510  0.456562  0.677125  0.506165  0.721242  0.505809  0.410465  0.397722  0.535022  0.835445  0.647808  0.476615 0.0  0.374776  0.723102  0.363433  0.160220  0.534801  0.477752  0.425705  0.627421  0.448940  0.359476  0.624982  0.403682  0.374353  0.511837  0.771185  0.608845 
44  0.322379  0.635393  0.777899  0.353692  0.437746  0.693434  0.745617  0.854410  0.513490  0.492564  0.705259  0.780858  0.520291  0.491675  0.819731  0.708348  0.736186  0.790087  0.364111  0.482074  0.915600  0.530320  0.607881  0.718400  0.871724  0.378286  0.399061  0.379094  0.680002  0.613384  0.637465  0.649629  0.490696  0.714066  0.489862  0.686200  0.480203  0.200102  0.559948  0.570837  0.839413  0.607634  0.515666  0.374776 0.0  0.519019  0.189608  0.410522  0.442686  0.553760  0.346554  0.964756  0.483484  0.357728  0.599874  0.458309  0.389436  0.547166  0.676928  0.678806 
45  0.703566  0.622234  0.584663  0.824080  0.562556  0.623961  0.751410  0.613552  0.662960  0.492737  0.634964  0.622463  0.641220  0.666925  0.644816  0.701420  0.691200  0.765187  0.682648  0.560287  0.662375  0.619583  0.723084  0.609065  0.682606  0.761138  0.767192  0.749617  0.345184  0.631684  0.668648  0.603966  0.726277  0.822876  0.587977  0.323968  0.718369  0.691378  0.682822  0.732119  0.642094  0.574895  0.594362  0.723102  0.519019 0.0  0.715204  0.696585  0.659597  0.585367  0.687102  0.533948  0.636615  0.737457  0.644025  0.664820  0.793134  0.584363  0.723719  0.711409 
46  0.311025  0.673180  0.741010  0.343836  0.520176  0.687662  0.727658  0.807429  0.459603  0.558422  0.677970  0.901375  0.507583  0.447808  0.733751  0.667191  0.786443  0.808090  0.367097  0.568644  0.821520  0.554450  0.642973  0.636913  0.763594  0.363874  0.402843  0.376111  0.678294  0.508381  0.787097  0.722013  0.489242  0.756530  0.496014  0.605126  0.491822  0.191613  0.524924  0.571188  0.717516  0.557983  0.536716  0.363433  0.189608  0.715204 0.0  0.376543  0.578412  0.525742  0.415419  0.698305  0.437903  0.403706  0.551045  0.492046  0.393317  0.433916  0.722889  0.775112 
47  0.235285  0.532153  0.936698  0.325631  0.674523  0.728466  0.705880  0.704213  0.470034  0.603162  0.597732  0.829379  0.450801  0.357247  0.741962  0.776439  0.626122  0.659673  0.382729  0.609461  0.704587  0.554921  0.616371  0.730560  0.836559  0.227324  0.221208  0.457788  0.660338  0.615337  0.721382  0.775590  0.588579  0.706308  0.552394  0.639992  0.577208  0.392276  0.509944  0.451925  0.860809  0.590111  0.417791  0.160220  0.410522  0.696585  0.376543 0.0  0.500209  0.460985  0.428683  0.722278  0.589313  0.375446  0.566622  0.390278  0.413074  0.607644  0.642979  0.627064 
48  0.523749  0.646635  0.656366  0.475772  0.480851  0.663321  0.693091  0.704857  0.464296  0.516672  0.582585  0.744707  0.483842  0.501384  0.713722  0.598208  0.668040  0.757082  0.466473  0.571041  0.616065  0.492432  0.706260  0.683499  0.793021  0.553532  0.556213  0.531545  0.711401  0.554748  0.681819  0.595744  0.567615  0.733787  0.497885  0.671674  0.494128  0.545514  0.470185  0.492039  0.689440  0.499050  0.320142  0.534801  0.442686  0.659597  0.578412  0.500209 0.0  0.295461  0.480568  0.564486  0.520013  0.550030  0.372406  0.267710  0.599312  0.444219  0.735720  0.582535 
49  0.486195  0.675448  0.682238  0.431924  0.584332  0.730640  0.762091  0.665427  0.553521  0.591688  0.709078  0.751076  0.497525  0.438593  0.726648  0.597024  0.702219  0.651701  0.486170  0.578046  0.555015  0.587325  0.619995  0.726220  0.702692  0.569230  0.534661  0.624201  0.632626  0.537578  0.796563  0.846993  0.493807  0.658247  0.409744  0.626312  0.541846  0.580112  0.474146  0.567895  0.874023  0.655223  0.306141  0.477752  0.553760  0.585367  0.525742  0.460985  0.295461 0.0  0.458308  0.509199  0.575749  0.482398  0.353918  0.292621  0.517483  0.535619  0.631156  0.523597 
50  0.470685  0.735267  0.785255  0.309862  0.505954  0.692199  0.685807  0.645311  0.351373  0.531342  0.694688  0.716204  0.439628  0.226301  0.604481  0.793212  0.822201  0.755027  0.416521  0.541120  0.842567  0.459680  0.689382  0.685403  0.715690  0.355472  0.372394  0.464501  0.714881  0.398649  0.744516  0.795964  0.400478  0.604739  0.380804  0.709630  0.421607  0.441878  0.503440  0.587064  0.575145  0.535314  0.426782  0.425705  0.346554  0.687102  0.415419  0.428683  0.480568  0.458308 0.0  0.782576  0.418297  0.461855  0.468197  0.489992  0.394197  0.461802  0.852990  0.794993 
51  0.792278  0.733088  0.688403  0.796020  0.558023  0.724580  0.724851  0.681553  0.776571  0.563509  0.760145  0.715838  0.709096  0.665766  0.781160  0.284647  0.732060  0.719837  0.845900  0.529530  0.228975  0.763244  0.654536  0.670670  0.662968  0.619605  0.791208  0.892483  0.610435  0.755801  0.788602  0.696037  0.729724  0.817009  0.817810  0.636606  0.665945  0.768905  0.720271  0.687021  0.601773  0.626685  0.540944  0.627421  0.964756  0.533948  0.698305  0.722278  0.564486  0.509199  0.782576 0.0  0.930974  0.727881  0.523124  0.554389  0.862498  0.644374  0.697621  0.432630 
52  0.503191  0.687491  0.776904  0.487437  0.464866  0.750007  0.727580  0.685365  0.169611  0.497080  0.650478  0.878039  0.326585  0.418506  0.761932  0.719292  0.818779  0.720687  0.479507  0.540667  0.887445  0.241495  0.601429  0.817657  0.605905  0.486170  0.449827  0.520870  0.673708  0.252584  0.695175  0.853648  0.273343  0.773279  0.146220  0.685637  0.233687  0.525505  0.295195  0.419536  0.794498  0.419914  0.450307  0.448940  0.483484  0.636615  0.437903  0.589313  0.520013  0.575749  0.418297  0.930974 0.0  0.544392  0.523321  0.454122  0.544531  0.294552  0.752172  0.596396 
53  0.405939  0.712790  0.863728  0.232587  0.595277  0.696220  0.802019  0.764924  0.503783  0.606792  0.748029  0.729798  0.559201  0.449575  0.812843  0.740079  0.843062  0.772092  0.197897  0.635567  0.687971  0.520522  0.570388  0.820160  0.686241  0.393450  0.363855  0.248122  0.752820  0.509519  0.736022  0.872685  0.571055  0.773007  0.679806  0.593745  0.556069  0.401937  0.524553  0.587777  0.856025  0.556886  0.441306  0.359476  0.357728  0.737457  0.403706  0.375446  0.550030  0.482398  0.461855  0.727881  0.544392 0.0  0.535670  0.505207  0.187644  0.598448  0.713790  0.661226 
54  0.535643  0.704532  0.727230  0.578239  0.607156  0.796982  0.761099  0.636384  0.563554  0.515263  0.776037  0.738347  0.561046  0.489895  0.797044  0.485452  0.726228  0.685641  0.485263  0.565196  0.594708  0.554006  0.599246  0.718230  0.636143  0.601282  0.605900  0.525735  0.613960  0.563195  0.794205  0.757300  0.536654  0.804594  0.582178  0.726553  0.513761  0.513495  0.472541  0.451264  0.665968  0.545835  0.262842  0.624982  0.599874  0.644025  0.551045  0.566622  0.372406  0.353918  0.468197  0.523124  0.523321  0.535670 0.0  0.334605  0.536002  0.530495  0.641341  0.630349 
55  0.515555  0.779388  0.788538  0.483543  0.464114  0.690279  0.808197  0.739772  0.475176  0.534236  0.678169  0.615043  0.475792  0.556631  0.685597  0.594751  0.709414  0.663088  0.519477  0.547012  0.576780  0.517516  0.598806  0.573091  0.821514  0.474543  0.450667  0.408253  0.630958  0.494869  0.791018  0.690725  0.624300  0.726763  0.384636  0.638674  0.501126  0.426359  0.460457  0.418135  0.701721  0.540370  0.277422  0.403682  0.458309  0.664820  0.492046  0.390278  0.267710  0.292621  0.489992  0.554389  0.454122  0.505207  0.334605 0.0  0.452634  0.471157  0.704345  0.711256 
56  0.405059  0.691265  0.804346  0.230157  0.497449  0.777893  0.696677  0.747169  0.505853  0.618099  0.730335  0.692228  0.524782  0.438297  0.695332  0.771431  0.799274  0.831169  0.152510  0.576847  0.808244  0.527904  0.629891  0.756498  0.844200  0.450387  0.379505  0.255252  0.821032  0.526305  0.620145  0.793438  0.513130  0.529408  0.514094  0.632871  0.533581  0.334461  0.490355  0.664348  0.793134  0.594921  0.485365  0.374353  0.389436  0.793134  0.393317  0.413074  0.599312  0.517483  0.394197  0.862498  0.544531  0.187644  0.536002  0.452634 0.0  0.517868  0.805152  0.671391 
57  0.499891  0.664083  0.862150  0.549983  0.511669  0.665551  0.797381  0.612648  0.238537  0.496190  0.687219  0.851652  0.319341  0.402097  0.718817  0.768117  0.808427  0.832420  0.628498  0.530147  0.877179  0.237189  0.738575  0.645371  0.771587  0.539805  0.593094  0.502713  0.615084  0.283830  0.827716  0.791908  0.200159  0.729662  0.261025  0.711965  0.190650  0.562126  0.342261  0.400785  0.846178  0.487323  0.452845  0.511837  0.547166  0.584363  0.433916  0.607644  0.444219  0.535619  0.461802  0.644374  0.294552  0.598448  0.530495  0.471157  0.517868 0.0  0.880410  0.443411 
58  0.650676  0.276913  0.229880  0.720190  0.542751  0.217859  0.177361  0.209942  0.776781  0.505509  0.607754  0.212098  0.829234  0.692440  0.230669  0.728219  0.820535  0.211314  0.767236  0.562083  0.621659  0.642935  0.582164  0.271891  0.695925  0.778942  0.738088  0.777014  0.508931  0.823610  0.451407  0.232310  0.512880  0.477654  0.738576  0.665979  0.783587  0.665478  0.776337  0.648535  0.242791  0.719387  0.629031  0.771185  0.676928  0.723719  0.722889  0.642979  0.735720  0.631156  0.852990  0.697621  0.752172  0.713790  0.641341  0.704345  0.805152  0.880410 0.0  0.672878 
59  0.721440  0.659767  0.601420  0.740579  0.555491  0.711076  0.694482  0.790261  0.483254  0.557144  0.774146  0.650021  0.524831  0.771016  0.599616  0.296258  0.723157  0.709471  0.757273  0.588151  0.344873  0.568962  0.623811  0.708319  0.725695  0.772714  0.659947  0.795296  0.620261  0.535104  0.738468  0.710421  0.497044  0.673150  0.465653  0.612522  0.592344  0.724772  0.556224  0.377851  0.749598  0.518706  0.652394  0.608845  0.678806  0.711409  0.775112  0.627064  0.582535  0.523597  0.794993  0.432630  0.596396  0.661226  0.630349  0.711256  0.671391  0.443411  0.672878 0.0 
