60
0 0.0  0.766569  0.869527  0.392764  0.453720  0.679561  0.793513  0.690438  0.607767  0.693315  0.627358  0.857788  0.528080  0.466498  0.782869  0.937736  0.948526  0.891338  0.451446  0.624378  0.824567  0.489756  0.730271  0.701960  0.817805  0.291777  0.227943  0.448185  0.759433  0.577844  0.739396  0.831010  0.604564  0.632937  0.641166  0.824097  0.723772  0.548627  0.632482  0.809817  0.786966  0.627439  0.713432  0.199904  0.401535  0.801302  0.427404  0.260963  0.502295  0.600513  0.562629  0.806604  0.554371  0.473350  0.532757  0.514661  0.405055  0.606924  0.646097  0.845538 
1  0.766569 0.0  0.351282  0.685415  0.654516  0.282139  0.333099  0.317974  0.889812  0.697836  0.803634  0.292968  0.767921  0.753381  0.236990  0.787463  0.983090  0.283727  0.911030  0.858169  0.756934  0.784816  0.737161  0.172355  0.896813  0.780806  0.785876  0.810362  0.796920  0.855673  0.594062  0.292775  0.800344  0.640959  0.818006  0.725583  0.856791  0.868702  0.847248  0.836313  0.349408  0.889057  0.875983  0.809138  0.845705  0.597032  0.849448  0.809744  0.855480  0.756832  0.885332  0.773681  0.724779  0.762588  0.935194  0.783177  0.749986  0.694008  0.245882  0.707319 
2  0.869527  0.351282 0.0  0.803679  0.590773  0.492030  0.205900  0.434006  0.838112  0.621947  0.810126  0.187885  0.750584  0.852928  0.274487  0.734329  0.895003  0.182889  0.846583  0.744468  0.669713  0.903890  0.817231  0.401367  0.742976  0.894246  0.763135  0.854264  0.674527  0.987934  0.624492  0.175448  0.947173  0.571120  0.863651  0.641672  0.905029  0.798796  0.821248  0.828285  0.151926  0.823959  0.899850  0.851740  0.828726  0.707908  0.900228  0.818878  0.688490  0.839475  0.807559  0.729111  0.842603  0.871381  0.906479  0.833431  0.933951  0.994910  0.252672  0.720359 
3  0.392764  0.685415  0.803679 0.0  0.544449  0.827745  0.804252  0.800254  0.488307  0.709470  0.658462  0.825825  0.556809  0.518520  0.691162  0.682869  0.808430  0.851673  0.270154  0.779797  0.806169  0.541259  0.626179  0.741964  0.831877  0.365698  0.333408  0.230426  0.745324  0.453794  0.758708  0.849371  0.572703  0.852116  0.527713  0.704482  0.609540  0.476768  0.591120  0.632494  0.802133  0.651193  0.678128  0.430222  0.441862  0.768641  0.319538  0.339939  0.593716  0.567746  0.472185  0.933675  0.499861  0.218511  0.644745  0.475117  0.104319  0.627616  0.858588  0.787719 
4  0.453720  0.654516  0.590773  0.544449 0.0  0.575357  0.731877  0.665508  0.694836  0.519927  0.634073  0.573737  0.548809  0.426829  0.547775  0.609051  0.754481  0.682280  0.633219  0.473470  0.636686  0.596257  0.530447  0.652149  0.623337  0.606223  0.478608  0.617975  0.613853  0.602632  0.640176  0.687850  0.579958  0.471889  0.636816  0.581922  0.456472  0.572090  0.580597  0.548755  0.635107  0.589685  0.436280  0.589446  0.424102  0.638306  0.656938  0.632058  0.563773  0.695716  0.550545  0.628634  0.591800  0.528783  0.581844  0.595880  0.509424  0.688786  0.553322  0.607655 
5  0.679561  0.282139  0.492030  0.827745  0.575357 0.0  0.307920  0.230651  0.789069  0.674156  0.720706  0.432607  0.736105  0.810519  0.257709  0.696607  0.871422  0.466839  0.799920  0.617463  0.895506  0.814619  0.885830  0.336354  0.887172  0.765698  0.715342  0.814066  0.774548  0.918154  0.475144  0.374874  0.845382  0.474196  0.845797  0.675315  0.893727  0.874298  0.870246  0.897430  0.380150  0.795736  0.806681  0.765886  0.831914  0.772516  0.827780  0.881976  0.780859  0.859501  0.761770  0.753586  0.879825  0.922051  0.942949  0.807262  0.838440  0.858976  0.274837  0.812538 
6  0.793513  0.333099  0.205900  0.804252  0.731877  0.307920 0.0  0.217345  0.822018  0.704917  0.754934  0.147644  0.849649  0.809371  0.246895  0.741197  0.812977  0.312261  0.854589  0.695580  0.812234  0.922578  0.762062  0.385130  0.746752  0.847702  0.815085  0.774969  0.686509  0.853877  0.604524  0.263884  0.835812  0.562574  0.869270  0.807507  0.803878  0.795701  0.825503  0.852078  0.333141  0.798568  0.837303  0.862812  0.766786  0.764566  0.872953  0.808725  0.720018  0.774243  0.827022  0.726790  0.846333  0.690917  0.878010  0.686808  0.887112  0.843181  0.241896  0.753586 
7  0.690438  0.317974  0.434006  0.800254  0.665508  0.230651  0.217345 0.0  0.771779  0.703800  0.719820  0.315947  0.693722  0.848699  0.287805  0.713576  0.778183  0.337761  0.765046  0.689966  0.902869  0.768972  0.811004  0.351089  0.782046  0.971562  0.877809  0.925705  0.787836  0.710338  0.490730  0.360353  0.756855  0.627856  0.888884  0.778596  0.860188  0.757367  0.737657  0.865188  0.331592  0.920639  0.791515  0.825398  0.867499  0.755240  0.787555  0.833126  0.787547  0.918056  0.729921  0.915860  0.810495  0.733080  0.895683  0.800534  0.843423  0.764955  0.258956  0.663326 
8  0.607767  0.889812  0.838112  0.488307  0.694836  0.789069  0.822018  0.771779 0.0  0.498818  0.776579  0.894247  0.391420  0.452555  0.807006  0.741236  0.825325  0.896336  0.709407  0.554351  0.837736  0.270446  0.726009  0.844716  0.875019  0.627673  0.543098  0.584985  0.727457  0.333091  0.764398  0.906073  0.400466  0.795898  0.144741  0.596312  0.309299  0.605550  0.354172  0.485532  0.893009  0.427691  0.576367  0.631262  0.513266  0.818532  0.679047  0.425707  0.520954  0.594754  0.464324  0.737792  0.190618  0.546831  0.590763  0.569481  0.525004  0.310150  0.879315  0.487129 
9  0.693315  0.697836  0.621947  0.709470  0.519927  0.674156  0.704917  0.703800  0.498818 0.0  0.704232  0.515650  0.497112  0.637969  0.484681  0.557112  0.671098  0.641064  0.615841  0.594918  0.501343  0.630640  0.631356  0.563534  0.709287  0.690084  0.666916  0.678444  0.516415  0.566932  0.603550  0.681936  0.541246  0.597393  0.606915  0.511857  0.668415  0.576893  0.587967  0.478442  0.711581  0.536498  0.610606  0.691375  0.718943  0.481235  0.658826  0.646499  0.582610  0.552762  0.604330  0.677726  0.704088  0.676544  0.529389  0.611384  0.654296  0.551163  0.677376  0.665025 
10  0.627358  0.803634  0.810126  0.658462  0.634073  0.720706  0.754934  0.719820  0.776579  0.704232 0.0  0.719522  0.668254  0.848656  0.734833  0.798985  0.914228  0.800029  0.825549  0.557034  0.753299  0.729448  0.433399  0.764306  0.866111  0.806018  0.892365  0.787250  0.814605  0.725105  0.742552  0.802054  0.698629  0.822372  0.800661  0.712959  0.649291  0.780883  0.727093  0.749703  0.780359  0.801688  0.685224  0.728921  0.632345  0.767095  0.722813  0.782843  0.708896  0.671207  0.668100  0.695928  0.840811  0.729947  0.754140  0.803347  0.737021  0.786796  0.714579  0.658091 
11  0.857788  0.292968  0.187885  0.825825  0.573737  0.432607  0.147644  0.315947  0.894247  0.515650  0.719522 0.0  0.654921  0.826967  0.452143  0.760641  0.876525  0.083612  0.777553  0.782102  0.814687  0.873487  0.678469  0.310127  0.796089  0.834592  0.837302  0.901473  0.651363  0.907709  0.547158  0.195864  0.830607  0.616328  0.883764  0.788796  0.893135  0.781629  0.822747  0.968302  0.139437  0.809296  0.844603  0.927709  0.874918  0.639054  0.886515  0.804182  0.660649  0.766267  0.739892  0.719204  0.904477  0.849605  0.872580  0.885658  0.875333  0.980869  0.177816  0.735572 
12  0.528080  0.767921  0.750584  0.556809  0.548809  0.736105  0.849649  0.693722  0.391420  0.497112  0.668254  0.654921 0.0  0.502323  0.743682  0.835531  0.862950  0.854172  0.693512  0.500491  0.697500  0.420176  0.794460  0.728772  0.947361  0.573939  0.392579  0.553773  0.771299  0.436839  0.833965  0.770420  0.449884  0.849979  0.490364  0.697113  0.453900  0.529728  0.387106  0.430282  0.625018  0.407307  0.582530  0.568026  0.516061  0.730085  0.592209  0.563530  0.489298  0.633159  0.456642  0.756093  0.485691  0.602983  0.556374  0.561192  0.612225  0.349535  0.772348  0.534460 
13  0.466498  0.753381  0.852928  0.518520  0.426829  0.810519  0.809371  0.848699  0.452555  0.637969  0.848656  0.826967  0.502323 0.0  0.864487  0.946664  0.824081  0.858362  0.477101  0.645417  0.900455  0.559727  0.676744  0.791230  0.788931  0.524232  0.543150  0.507148  0.690382  0.501560  0.788660  0.772806  0.425190  0.818008  0.458513  0.722350  0.413976  0.601982  0.494662  0.596828  0.676039  0.573352  0.529563  0.562872  0.512106  0.765086  0.526414  0.478046  0.630244  0.443046  0.257472  0.757845  0.498290  0.459780  0.540626  0.511829  0.559094  0.519565  0.838803  0.789083 
14  0.782869  0.236990  0.274487  0.691162  0.547775  0.257709  0.246895  0.287805  0.807006  0.484681  0.734833  0.452143  0.743682  0.864487 0.0  0.781555  0.769131  0.431940  0.818345  0.658668  0.877400  0.850957  0.626138  0.292954  0.720341  0.881945  0.738123  0.968245  0.812561  0.837617  0.527015  0.345644  0.825250  0.511112  0.790218  0.840554  0.760477  0.799874  0.827966  0.915245  0.368653  0.855277  0.811074  0.797570  0.817729  0.749453  0.847645  0.791260  0.716094  0.789394  0.787358  0.850405  0.843928  0.993309  0.821946  0.741784  0.885402  0.833351  0.205670  0.793637 
15  0.937736  0.787463  0.734329  0.682869  0.609051  0.696607  0.741197  0.713576  0.741236  0.557112  0.798985  0.760641  0.835531  0.946664  0.781555 0.0  0.882857  0.701852  0.785981  0.569548  0.183813  0.747084  0.851775  0.793424  0.731214  0.911956  0.905919  0.872743  0.669161  0.749168  0.831893  0.717340  0.767525  0.887888  0.751031  0.695700  0.699509  0.826249  0.776800  0.843366  0.849705  0.916382  0.789324  0.836450  0.789533  0.678135  0.839697  0.727751  0.684032  0.541681  0.800766  0.289140  0.764651  0.814182  0.546704  0.682199  0.918529  0.704238  0.828778  0.523548 
16  0.948526  0.983090  0.895003  0.808430  0.754481  0.871422  0.812977  0.778183  0.825325  0.671098  0.914228  0.876525  0.862950  0.824081  0.769131  0.882857 0.0  0.780120  0.919200  0.859594  0.717949  0.826256  0.905258  0.878149  0.173018  0.878259  0.752035  0.915677  0.771292  0.912679  0.890217  0.891744  0.981494  0.981035  0.713467  0.803322  0.864973  0.929701  0.888171  0.818240  0.767888  0.863906  0.824800  0.823676  0.881100  0.718034  0.972096  0.766219  0.868297  0.827938  0.785372  0.672108  0.823136  0.895441  0.776577  0.843538  0.916322  0.860268  0.919376  0.784346 
17  0.891338  0.283727  0.182889  0.851673  0.682280  0.466839  0.312261  0.337761  0.896336  0.641064  0.800029  0.083612  0.854172  0.858362  0.431940  0.701852  0.780120 0.0  0.789244  0.654731  0.734612  0.821825  0.833206  0.439977  0.716072  0.827590  0.920873  1.000000  0.761278  0.843032  0.582124  0.278719  0.867207  0.545416  0.876093  0.815735  0.945491  0.915964  0.830026  0.952604  0.205846  0.885250  0.837109  0.827321  0.927018  0.686800  0.911824  0.844238  0.859543  0.767700  0.824180  0.672773  0.895759  0.831156  0.905571  0.833818  0.900095  0.896583  0.266779  0.593717 
18  0.451446  0.911030  0.846583  0.270154  0.633219  0.799920  0.854589  0.765046  0.709407  0.615841  0.825549  0.777553  0.693512  0.477101  0.818345  0.785981  0.919200  0.789244 0.0  0.658742  0.925846  0.478813  0.617857  0.675387  0.699903  0.537307  0.637846  0.226199  0.729401  0.610640  0.790026  0.747924  0.615970  0.706866  0.665324  0.704319  0.551936  0.491040  0.650904  0.626990  0.878697  0.604067  0.439150  0.465890  0.396882  0.684056  0.466065  0.588678  0.574139  0.744017  0.459087  0.792756  0.633777  0.392061  0.562739  0.500957  0.238613  0.672103  0.718737  0.772063 
19  0.624378  0.858169  0.744468  0.779797  0.473470  0.617463  0.695580  0.689966  0.554351  0.594918  0.557034  0.782102  0.500491  0.645417  0.658668  0.569548  0.859594  0.654731  0.658742 0.0  0.622105  0.591481  0.612386  0.801813  0.732455  0.639082  0.651202  0.793793  0.629748  0.662653  0.649133  0.669755  0.577751  0.681412  0.597364  0.503950  0.662649  0.576527  0.544974  0.590971  0.708836  0.580336  0.595662  0.645279  0.529728  0.592196  0.743152  0.668145  0.643031  0.645023  0.698329  0.647128  0.647926  0.716037  0.556397  0.647069  0.578028  0.547749  0.552658  0.590638 
20  0.824567  0.756934  0.669713  0.806169  0.636686  0.895506  0.812234  0.902869  0.837736  0.501343  0.753299  0.814687  0.697500  0.900455  0.877400  0.183813  0.717949  0.734612  0.925846  0.622105 0.0  0.768965  0.788162  0.844280  0.707947  0.847777  0.753297  0.879477  0.655061  0.691162  0.785923  0.710436  0.678570  0.848654  0.918784  0.593219  0.773575  0.762179  0.802503  0.747735  0.851097  0.775615  0.654567  0.896165  0.857220  0.669940  0.862755  0.916103  0.564819  0.554117  0.890339  0.198747  0.776195  0.905941  0.709762  0.717651  0.771244  0.742193  0.793590  0.424139 
21  0.489756  0.784816  0.903890  0.541259  0.596257  0.814619  0.922578  0.768972  0.270446  0.630640  0.729448  0.873487  0.420176  0.559727  0.850957  0.747084  0.826256  0.821825  0.478813  0.591481  0.768965 0.0  0.851457  0.819676  0.879088  0.708179  0.541701  0.647177  0.693254  0.318541  0.688363  0.815011  0.252019  0.776462  0.288347  0.676206  0.355993  0.688100  0.416528  0.351782  0.857877  0.458072  0.460630  0.599070  0.576372  0.686456  0.535207  0.705846  0.582926  0.575037  0.572272  0.694249  0.284419  0.629630  0.520709  0.496114  0.517527  0.175725  0.783852  0.479134 
22  0.730271  0.737161  0.817231  0.626179  0.530447  0.885830  0.762062  0.811004  0.726009  0.631356  0.433399  0.678469  0.794460  0.676744  0.626138  0.851775  0.905258  0.833206  0.617857  0.612386  0.788162  0.851457 0.0  0.852830  0.809644  0.635913  0.690917  0.676572  0.754677  0.712132  0.701446  0.798469  0.673050  0.724498  0.616888  0.774133  0.742984  0.714538  0.730449  0.724704  0.752720  0.796011  0.761561  0.648914  0.661898  0.774534  0.770398  0.595192  0.700373  0.838394  0.723691  0.793556  0.793021  0.704109  0.887384  0.709840  0.752033  0.625480  0.765124  0.743702 
23  0.701960  0.172355  0.401367  0.741964  0.652149  0.336354  0.385130  0.351089  0.844716  0.563534  0.764306  0.310127  0.728772  0.791230  0.292954  0.793424  0.878149  0.439977  0.675387  0.801813  0.844280  0.819676  0.852830 0.0  0.830427  0.808602  0.745845  0.829905  0.692335  0.770115  0.583878  0.432181  0.954317  0.576044  0.743804  0.783870  0.802368  0.808752  0.818264  0.855091  0.368338  0.852131  0.812067  0.761722  0.729044  0.731758  0.822394  0.769079  0.701724  0.864734  0.798855  0.801810  0.836251  0.796807  0.807666  0.803296  0.903380  0.807883  0.332261  0.737882 
24  0.817805  0.896813  0.742976  0.831877  0.623337  0.887172  0.746752  0.782046  0.875019  0.709287  0.866111  0.796089  0.947361  0.788931  0.720341  0.731214  0.173018  0.716072  0.699903  0.732455  0.707947  0.879088  0.809644  0.830427 0.0  0.842884  0.867263  0.874726  0.846002  0.819833  0.752940  0.881263  0.793426  0.721185  0.859932  0.776260  0.915263  0.839155  0.847858  0.743632  0.845481  0.804547  0.862181  0.875306  0.954054  0.805469  0.839234  0.816382  0.799276  0.807679  0.819407  0.684400  0.861888  0.945134  0.781838  0.855433  0.879281  0.774647  0.808539  0.786607 
25  0.291777  0.780806  0.894246  0.365698  0.606223  0.765698  0.847702  0.971562  0.627673  0.690084  0.806018  0.834592  0.573939  0.524232  0.881945  0.911956  0.878259  0.827590  0.537307  0.639082  0.847777  0.708179  0.635913  0.808602  0.842884 0.0  0.340643  0.458359  0.782756  0.608992  0.780774  0.861340  0.642167  0.841711  0.509734  0.774121  0.621380  0.402640  0.573291  0.660822  0.818667  0.639913  0.599503  0.276366  0.372762  0.768034  0.412990  0.206897  0.578041  0.572287  0.507079  0.818659  0.586659  0.516838  0.670676  0.577584  0.525261  0.602275  0.855121  0.730967 
26  0.227943  0.785876  0.763135  0.333408  0.478608  0.715342  0.815085  0.877809  0.543098  0.666916  0.892365  0.837302  0.392579  0.543150  0.738123  0.905919  0.752035  0.920873  0.637846  0.651202  0.753297  0.541701  0.690917  0.745845  0.867263  0.340643 0.0  0.493603  0.819986  0.667696  0.890742  0.894733  0.624789  0.799341  0.475879  0.802198  0.535604  0.399317  0.679111  0.713252  0.793334  0.586266  0.680249  0.237909  0.475383  0.707590  0.341576  0.314217  0.623217  0.592382  0.489157  0.860366  0.602632  0.552069  0.752691  0.562209  0.437494  0.630809  0.867566  0.815752 
27  0.448185  0.810362  0.854264  0.230426  0.617975  0.814066  0.774969  0.925705  0.584985  0.678444  0.787250  0.901473  0.553773  0.507148  0.968245  0.872743  0.915677  1.000000  0.226199  0.793793  0.879477  0.647177  0.676572  0.829905  0.874726  0.458359  0.493603 0.0  0.732296  0.537387  0.788790  0.856525  0.601842  0.818496  0.625743  0.843373  0.625331  0.379656  0.543822  0.735576  0.821353  0.623837  0.574206  0.423781  0.393159  0.734821  0.412382  0.547100  0.569539  0.667311  0.473133  0.825335  0.567302  0.311620  0.682202  0.667227  0.258175  0.716854  0.776211  0.918175 
28  0.759433  0.796920  0.674527  0.745324  0.613853  0.774548  0.686509  0.787836  0.727457  0.516415  0.814605  0.651363  0.771299  0.690382  0.812561  0.669161  0.771292  0.761278  0.729401  0.629748  0.655061  0.693254  0.754677  0.692335  0.846002  0.782756  0.819986  0.732296 0.0  0.680455  0.694220  0.682388  0.756918  0.707353  0.774905  0.341517  0.759845  0.768823  0.753458  0.548362  0.731715  0.719614  0.655884  0.804683  0.742485  0.348893  0.858915  0.723857  0.719763  0.652743  0.816076  0.659670  0.716150  0.843850  0.630178  0.656055  0.744041  0.666635  0.913939  0.628274 
29  0.577844  0.855673  0.987934  0.453794  0.602632  0.918154  0.853877  0.710338  0.333091  0.566932  0.725105  0.907709  0.436839  0.501560  0.837617  0.749168  0.912679  0.843032  0.610640  0.662653  0.691162  0.318541  0.712132  0.770115  0.819833  0.608992  0.667696  0.537387  0.680455 0.0  0.849008  0.881478  0.287007  0.721747  0.339102  0.633085  0.256772  0.517698  0.272414  0.498746  0.919804  0.485345  0.467961  0.579225  0.646549  0.741802  0.571162  0.549989  0.521234  0.560422  0.545444  0.780713  0.382562  0.647836  0.600953  0.597143  0.647011  0.441525  0.794554  0.541868 
30  0.739396  0.594062  0.624492  0.758708  0.640176  0.475144  0.604524  0.490730  0.764398  0.603550  0.742552  0.547158  0.833965  0.788660  0.527015  0.831893  0.890217  0.582124  0.790026  0.649133  0.785923  0.688363  0.701446  0.583878  0.752940  0.780774  0.890742  0.788790  0.694220  0.849008 0.0  0.593440  0.686896  0.291120  0.762643  0.690735  0.854560  0.830469  0.789104  0.828679  0.591888  0.923071  0.897156  0.758232  0.793048  0.876190  0.831207  0.780727  0.814761  0.766815  0.647659  0.960617  0.754974  0.822564  0.796069  0.806613  0.854599  0.702437  0.551365  0.684429 
31  0.831010  0.292775  0.175448  0.849371  0.687850  0.374874  0.263884  0.360353  0.906073  0.681936  0.802054  0.195864  0.770420  0.772806  0.345644  0.717340  0.891744  0.278719  0.747924  0.669755  0.710436  0.815011  0.798469  0.432181  0.881263  0.861340  0.894733  0.856525  0.682388  0.881478  0.593440 0.0  0.794992  0.552699  0.836711  0.629227  0.730900  0.936471  0.873027  0.772474  0.125374  0.786190  0.850935  0.816281  0.864959  0.765904  0.951904  0.926355  0.759717  0.830783  0.751492  0.817234  0.853926  0.894572  0.810753  0.789900  0.870198  0.938877  0.288858  0.634137 
32  0.604564  0.800344  0.947173  0.572703  0.579958  0.845382  0.835812  0.756855  0.400466  0.541246  0.698629  0.830607  0.449884  0.425190  0.825250  0.767525  0.981494  0.867207  0.615970  0.577751  0.678570  0.252019  0.673050  0.954317  0.793426  0.642167  0.624789  0.601842  0.756918  0.287007  0.686896  0.794992 0.0  0.758249  0.282182  0.670666  0.365851  0.674197  0.332406  0.360504  0.770060  0.450511  0.598144  0.539531  0.551398  0.778773  0.555741  0.607394  0.580970  0.691647  0.540119  0.694366  0.351286  0.573793  0.531196  0.572617  0.639861  0.228292  0.701997  0.479338 
33  0.632937  0.640959  0.571120  0.852116  0.471889  0.474196  0.562574  0.627856  0.795898  0.597393  0.822372  0.616328  0.849979  0.818008  0.511112  0.887888  0.981035  0.545416  0.706866  0.681412  0.848654  0.776462  0.724498  0.576044  0.721185  0.841711  0.799341  0.818496  0.707353  0.721747  0.291120  0.552699  0.758249 0.0  0.874627  0.694968  0.747242  0.819683  0.715996  0.791268  0.533973  0.754078  0.893833  0.744327  0.684561  0.894915  0.791639  0.832021  0.769722  0.837038  0.774008  0.701966  0.860351  0.717877  0.862677  0.755620  0.757343  0.852729  0.516372  0.714900 
34  0.641166  0.818006  0.863651  0.527713  0.636816  0.845797  0.869270  0.888884  0.144741  0.606915  0.800661  0.883764  0.490364  0.458513  0.790218  0.751031  0.713467  0.876093  0.665324  0.597364  0.918784  0.288347  0.616888  0.743804  0.859932  0.509734  0.475879  0.625743  0.774905  0.339102  0.762643  0.836711  0.282182  0.874627 0.0  0.672138  0.298010  0.559170  0.389715  0.565674  0.836614  0.497125  0.612866  0.458883  0.675423  0.646290  0.553214  0.633379  0.555293  0.578956  0.451278  0.804478  0.144898  0.521101  0.597904  0.569677  0.681075  0.269728  0.764388  0.562049 
35  0.824097  0.725583  0.641672  0.704482  0.581922  0.675315  0.807507  0.778596  0.596312  0.511857  0.712959  0.788796  0.697113  0.722350  0.840554  0.695700  0.803322  0.815735  0.704319  0.503950  0.593219  0.676206  0.774133  0.783870  0.776260  0.774121  0.802198  0.843373  0.341517  0.633085  0.690735  0.629227  0.670666  0.694968  0.672138 0.0  0.694510  0.797168  0.809192  0.585945  0.685078  0.720476  0.726564  0.713986  0.711985  0.413315  0.708522  0.691772  0.786101  0.592564  0.717104  0.578108  0.725060  0.770249  0.628798  0.722457  0.815327  0.696018  0.663295  0.724751 
36  0.723772  0.856791  0.905029  0.609540  0.456472  0.893727  0.803878  0.860188  0.309299  0.668415  0.649291  0.893135  0.453900  0.413976  0.760477  0.699509  0.864973  0.945491  0.551936  0.662649  0.773575  0.355993  0.742984  0.802368  0.915263  0.621380  0.535604  0.625331  0.759845  0.256772  0.854560  0.730900  0.365851  0.747242  0.298010  0.694510 0.0  0.563819  0.306881  0.453694  0.992159  0.481667  0.513774  0.594866  0.591582  0.788665  0.565653  0.607330  0.574296  0.588692  0.461015  0.758003  0.258944  0.605713  0.625498  0.565699  0.627204  0.083860  0.782280  0.555227 
37  0.548627  0.868702  0.798796  0.476768  0.572090  0.874298  0.795701  0.757367  0.605550  0.576893  0.780883  0.781629  0.529728  0.601982  0.799874  0.826249  0.929701  0.915964  0.491040  0.576527  0.762179  0.688100  0.714538  0.808752  0.839155  0.402640  0.399317  0.379656  0.768823  0.517698  0.830469  0.936471  0.674197  0.819683  0.559170  0.797168  0.563819 0.0  0.505313  0.697125  0.826315  0.606364  0.590786  0.509890  0.243300  0.728100  0.120147  0.485934  0.601621  0.626470  0.394795  0.836944  0.506854  0.584804  0.582172  0.547480  0.405945  0.702864  0.737117  0.796027 
38  0.632482  0.847248  0.821248  0.591120  0.580597  0.870246  0.825503  0.737657  0.354172  0.587967  0.727093  0.822747  0.387106  0.494662  0.827966  0.776800  0.888171  0.830026  0.650904  0.544974  0.802503  0.416528  0.730449  0.818264  0.847858  0.573291  0.679111  0.543822  0.753458  0.272414  0.789104  0.873027  0.332406  0.715996  0.389715  0.809192  0.306881  0.505313 0.0  0.356895  0.865137  0.392668  0.429758  0.606461  0.633664  0.664528  0.547416  0.608930  0.591232  0.421166  0.498216  0.803581  0.408097  0.571014  0.558244  0.539649  0.605625  0.424263  0.745717  0.704098 
39  0.809817  0.836313  0.828285  0.632494  0.548755  0.897430  0.852078  0.865188  0.485532  0.478442  0.749703  0.968302  0.430282  0.596828  0.915245  0.843366  0.818240  0.952604  0.626990  0.590971  0.747735  0.351782  0.724704  0.855091  0.743632  0.660822  0.713252  0.735576  0.548362  0.498746  0.828679  0.772474  0.360504  0.791268  0.565674  0.585945  0.453694  0.697125  0.356895 0.0  0.872326  0.097455  0.557266  0.764049  0.655248  0.728527  0.649333  0.738267  0.562297  0.622805  0.582106  0.838962  0.598686  0.782270  0.614727  0.577564  0.570277  0.377880  0.864617  0.427494 
40  0.786966  0.349408  0.151926  0.802133  0.635107  0.380150  0.333141  0.331592  0.893009  0.711581  0.780359  0.139437  0.625018  0.676039  0.368653  0.849705  0.767888  0.205846  0.878697  0.708836  0.851097  0.857877  0.752720  0.368338  0.845481  0.818667  0.793334  0.821353  0.731715  0.919804  0.591888  0.125374  0.770060  0.533973  0.836614  0.685078  0.992159  0.826315  0.865137  0.872326 0.0  0.833211  0.860795  0.869647  0.893561  0.819548  0.876179  0.815873  0.844002  0.780935  0.757274  0.791268  0.761994  0.853833  0.805704  0.756039  0.887095  0.819262  0.273688  0.865291 
41  0.627439  0.889057  0.823959  0.651193  0.589685  0.795736  0.798568  0.920639  0.427691  0.536498  0.801688  0.809296  0.407307  0.573352  0.855277  0.916382  0.863906  0.885250  0.604067  0.580336  0.775615  0.458072  0.796011  0.852131  0.804547  0.639913  0.586266  0.623837  0.719614  0.485345  0.923071  0.786190  0.450511  0.754078  0.497125  0.720476  0.481667  0.606364  0.392668  0.097455  0.833211 0.0  0.612041  0.682725  0.568730  0.605244  0.654910  0.600763  0.639030  0.624395  0.505347  0.795146  0.501263  0.654728  0.564755  0.517464  0.607003  0.502323  0.823755  0.527810 
42  0.713432  0.875983  0.899850  0.678128  0.436280  0.806681  0.837303  0.791515  0.576367  0.610606  0.685224  0.844603  0.582530  0.529563  0.811074  0.789324  0.824800  0.837109  0.439150  0.595662  0.654567  0.460630  0.761561  0.812067  0.862181  0.599503  0.680249  0.574206  0.655884  0.467961  0.897156  0.850935  0.598144  0.893833  0.612866  0.726564  0.513774  0.590786  0.429758  0.557266  0.860795  0.612041 0.0  0.566454  0.594133  0.713229  0.526404  0.619304  0.389404  0.307005  0.598514  0.638809  0.582111  0.674259  0.395132  0.351005  0.589265  0.702074  0.755546  0.683002 
43  0.199904  0.809138  0.851740  0.430222  0.589446  0.765886  0.862812  0.825398  0.631262  0.691375  0.728921  0.927709  0.568026  0.562872  0.797570  0.836450  0.823676  0.827321  0.465890  0.645279  0.896165  0.599070  0.648914  0.761722  0.875306  0.276366  0.237909  0.423781  0.804683  0.579225  0.758232  0.816281  0.539531  0.744327  0.458883  0.713986  0.594866  0.509890  0.606461  0.764049  0.869647  0.682725  0.566454 0.0  0.475263  0.768279  0.355221  0.213975  0.631320  0.622390  0.416451  0.924048  0.542215  0.392353  0.682616  0.461821  0.388507  0.649793  0.820832  0.788201 
44  0.401535  0.845705  0.828726  0.441862  0.424102  0.831914  0.766786  0.867499  0.513266  0.718943  0.632345  0.874918  0.516061  0.512106  0.817729  0.789533  0.881100  0.927018  0.396882  0.529728  0.857220  0.576372  0.661898  0.729044  0.954054  0.372762  0.475383  0.393159  0.742485  0.646549  0.793048  0.864959  0.551398  0.684561  0.675423  0.711985  0.591582  0.243300  0.633664  0.655248  0.893561  0.568730  0.594133  0.475263 0.0  0.720877  0.183977  0.506978  0.539529  0.699459  0.474620  0.814484  0.658150  0.393532  0.766895  0.558091  0.401137  0.678541  0.801522  0.743968 
45  0.801302  0.597032  0.707908  0.768641  0.638306  0.772516  0.764566  0.755240  0.818532  0.481235  0.767095  0.639054  0.730085  0.765086  0.749453  0.678135  0.718034  0.686800  0.684056  0.592196  0.669940  0.686456  0.774534  0.731758  0.805469  0.768034  0.707590  0.734821  0.348893  0.741802  0.876190  0.765904  0.778773  0.894915  0.646290  0.413315  0.788665  0.728100  0.664528  0.728527  0.819548  0.605244  0.713229  0.768279  0.720877 0.0  0.716065  0.704415  0.827876  0.658443  0.733211  0.620850  0.782749  0.680801  0.629394  0.661903  0.797362  0.816772  0.823964  0.656276 
46  0.427404  0.849448  0.900228  0.319538  0.656938  0.827780  0.872953  0.787555  0.679047  0.658826  0.722813  0.886515  0.592209  0.526414  0.847645  0.839697  0.972096  0.911824  0.466065  0.743152  0.862755  0.535207  0.770398  0.822394  0.839234  0.412990  0.341576  0.412382  0.858915  0.571162  0.831207  0.951904  0.555741  0.791639  0.553214  0.708522  0.565653  0.120147  0.547416  0.649333  0.876179  0.654910  0.526404  0.355221  0.183977  0.716065 0.0  0.507014  0.574297  0.568916  0.413891  0.898879  0.627811  0.425373  0.628876  0.545869  0.426792  0.480905  0.803806  0.799424 
47  0.260963  0.809744  0.818878  0.339939  0.632058  0.881976  0.808725  0.833126  0.425707  0.646499  0.782843  0.804182  0.563530  0.478046  0.791260  0.727751  0.766219  0.844238  0.588678  0.668145  0.916103  0.705846  0.595192  0.769079  0.816382  0.206897  0.314217  0.547100  0.723857  0.549989  0.780727  0.926355  0.607394  0.832021  0.633379  0.691772  0.607330  0.485934  0.608930  0.738267  0.815873  0.600763  0.619304  0.213975  0.506978  0.704415  0.507014 0.0  0.613677  0.643475  0.470781  0.775448  0.496077  0.479541  0.607898  0.459718  0.432875  0.749701  0.854495  0.793919 
48  0.502295  0.855480  0.688490  0.593716  0.563773  0.780859  0.720018  0.787547  0.520954  0.582610  0.708896  0.660649  0.489298  0.630244  0.716094  0.684032  0.868297  0.859543  0.574139  0.643031  0.564819  0.582926  0.700373  0.701724  0.799276  0.578041  0.623217  0.569539  0.719763  0.521234  0.814761  0.759717  0.580970  0.769722  0.555293  0.786101  0.574296  0.601621  0.591232  0.562297  0.844002  0.639030  0.389404  0.631320  0.539529  0.827876  0.574297  0.613677 0.0  0.300620  0.470444  0.584268  0.395361  0.595577  0.479043  0.457588  0.638549  0.625895  0.801650  0.675976 
49  0.600513  0.756832  0.839475  0.567746  0.695716  0.859501  0.774243  0.918056  0.594754  0.552762  0.671207  0.766267  0.633159  0.443046  0.789394  0.541681  0.827938  0.767700  0.744017  0.645023  0.554117  0.575037  0.838394  0.864734  0.807679  0.572287  0.592382  0.667311  0.652743  0.560422  0.766815  0.830783  0.691647  0.837038  0.578956  0.592564  0.588692  0.626470  0.421166  0.622805  0.780935  0.624395  0.307005  0.622390  0.699459  0.658443  0.568916  0.643475  0.300620 0.0  0.551563  0.631846  0.540744  0.512031  0.373310  0.405173  0.684550  0.621784  0.739254  0.796551 
50  0.562629  0.885332  0.807559  0.472185  0.550545  0.761770  0.827022  0.729921  0.464324  0.604330  0.668100  0.739892  0.456642  0.257472  0.787358  0.800766  0.785372  0.824180  0.459087  0.698329  0.890339  0.572272  0.723691  0.798855  0.819407  0.507079  0.489157  0.473133  0.816076  0.545444  0.647659  0.751492  0.540119  0.774008  0.451278  0.717104  0.461015  0.394795  0.498216  0.582106  0.757274  0.505347  0.598514  0.416451  0.474620  0.733211  0.413891  0.470781  0.470444  0.551563 0.0  0.814748  0.564476  0.518399  0.658537  0.581164  0.337987  0.479135  0.828797  0.840119 
51  0.806604  0.773681  0.729111  0.933675  0.628634  0.753586  0.726790  0.915860  0.737792  0.677726  0.695928  0.719204  0.756093  0.757845  0.850405  0.289140  0.672108  0.672773  0.792756  0.647128  0.198747  0.694249  0.793556  0.801810  0.684400  0.818659  0.860366  0.825335  0.659670  0.780713  0.960617  0.817234  0.694366  0.701966  0.804478  0.578108  0.758003  0.836944  0.803581  0.838962  0.791268  0.795146  0.638809  0.924048  0.814484  0.620850  0.898879  0.775448  0.584268  0.631846  0.814748 0.0  0.840276  0.790693  0.527156  0.610960  0.924640  0.800563  0.783120  0.420897 
52  0.554371  0.724779  0.842603  0.499861  0.591800  0.879825  0.846333  0.810495  0.190618  0.704088  0.840811  0.904477  0.485691  0.498290  0.843928  0.764651  0.823136  0.895759  0.633777  0.647926  0.776195  0.284419  0.793021  0.836251  0.861888  0.586659  0.602632  0.567302  0.716150  0.382562  0.754974  0.853926  0.351286  0.860351  0.144898  0.725060  0.258944  0.506854  0.408097  0.598686  0.761994  0.501263  0.582111  0.542215  0.658150  0.782749  0.627811  0.496077  0.395361  0.540744  0.564476  0.840276 0.0  0.586742  0.585826  0.517847  0.616959  0.240121  0.874985  0.734459 
53  0.473350  0.762588  0.871381  0.218511  0.528783  0.922051  0.690917  0.733080  0.546831  0.676544  0.729947  0.849605  0.602983  0.459780  0.993309  0.814182  0.895441  0.831156  0.392061  0.716037  0.905941  0.629630  0.704109  0.796807  0.945134  0.516838  0.552069  0.311620  0.843850  0.647836  0.822564  0.894572  0.573793  0.717877  0.521101  0.770249  0.605713  0.584804  0.571014  0.782270  0.853833  0.654728  0.674259  0.392353  0.393532  0.680801  0.425373  0.479541  0.595577  0.512031  0.518399  0.790693  0.586742 0.0  0.752763  0.518382  0.343237  0.803187  0.750485  0.833807 
54  0.532757  0.935194  0.906479  0.644745  0.581844  0.942949  0.878010  0.895683  0.590763  0.529389  0.754140  0.872580  0.556374  0.540626  0.821946  0.546704  0.776577  0.905571  0.562739  0.556397  0.709762  0.520709  0.887384  0.807666  0.781838  0.670676  0.752691  0.682202  0.630178  0.600953  0.796069  0.810753  0.531196  0.862677  0.597904  0.628798  0.625498  0.582172  0.558244  0.614727  0.805704  0.564755  0.395132  0.682616  0.766895  0.629394  0.628876  0.607898  0.479043  0.373310  0.658537  0.527156  0.585826  0.752763 0.0  0.323640  0.577492  0.704197  0.804504  0.668129 
55  0.514661  0.783177  0.833431  0.475117  0.595880  0.807262  0.686808  0.800534  0.569481  0.611384  0.803347  0.885658  0.561192  0.511829  0.741784  0.682199  0.843538  0.833818  0.500957  0.647069  0.717651  0.496114  0.709840  0.803296  0.855433  0.577584  0.562209  0.667227  0.656055  0.597143  0.806613  0.789900  0.572617  0.755620  0.569677  0.722457  0.565699  0.547480  0.539649  0.577564  0.756039  0.517464  0.351005  0.461821  0.558091  0.661903  0.545869  0.459718  0.457588  0.405173  0.581164  0.610960  0.517847  0.518382  0.323640 0.0  0.483903  0.624201  0.753474  0.684618 
56  0.405055  0.749986  0.933951  0.104319  0.509424  0.838440  0.887112  0.843423  0.525004  0.654296  0.737021  0.875333  0.612225  0.559094  0.885402  0.918529  0.916322  0.900095  0.238613  0.578028  0.771244  0.517527  0.752033  0.903380  0.879281  0.525261  0.437494  0.258175  0.744041  0.647011  0.854599  0.870198  0.639861  0.757343  0.681075  0.815327  0.627204  0.405945  0.605625  0.570277  0.887095  0.607003  0.589265  0.388507  0.401137  0.797362  0.426792  0.432875  0.638549  0.684550  0.337987  0.924640  0.616959  0.343237  0.577492  0.483903 0.0  0.643266  0.740793  0.838702 
57  0.606924  0.694008  0.994910  0.627616  0.688786  0.858976  0.843181  0.764955  0.310150  0.551163  0.786796  0.980869  0.349535  0.519565  0.833351  0.704238  0.860268  0.896583  0.672103  0.547749  0.742193  0.175725  0.625480  0.807883  0.774647  0.602275  0.630809  0.716854  0.666635  0.441525  0.702437  0.938877  0.228292  0.852729  0.269728  0.696018  0.083860  0.702864  0.424263  0.377880  0.819262  0.502323  0.702074  0.649793  0.678541  0.816772  0.480905  0.749701  0.625895  0.621784  0.479135  0.800563  0.240121  0.803187  0.704197  0.624201  0.643266 0.0  0.842094  0.561142 
58  0.646097  0.245882  0.252672  0.858588  0.553322  0.274837  0.241896  0.258956  0.879315  0.677376  0.714579  0.177816  0.772348  0.838803  0.205670  0.828778  0.919376  0.266779  0.718737  0.552658  0.793590  0.783852  0.765124  0.332261  0.808539  0.855121  0.867566  0.776211  0.913939  0.794554  0.551365  0.288858  0.701997  0.516372  0.764388  0.663295  0.782280  0.737117  0.745717  0.864617  0.273688  0.823755  0.755546  0.820832  0.801522  0.823964  0.803806  0.854495  0.801650  0.739254  0.828797  0.783120  0.874985  0.750485  0.804504  0.753474  0.740793  0.842094 0.0  0.727439 
59  0.845538  0.707319  0.720359  0.787719  0.607655  0.812538  0.753586  0.663326  0.487129  0.665025  0.658091  0.735572  0.534460  0.789083  0.793637  0.523548  0.784346  0.593717  0.772063  0.590638  0.424139  0.479134  0.743702  0.737882  0.786607  0.730967  0.815752  0.918175  0.628274  0.541868  0.684429  0.634137  0.479338  0.714900  0.562049  0.724751  0.555227  0.796027  0.704098  0.427494  0.865291  0.527810  0.683002  0.788201  0.743968  0.656276  0.799424  0.793919  0.675976  0.796551  0.840119  0.420897  0.734459  0.833807  0.668129  0.684618  0.838702  0.561142  0.727439 0.0 
