60
0 0.0  0.762597  0.858479  0.384913  0.607466  0.796362  0.837461  0.779401  0.585992  0.701426  0.671237  0.853579  0.568186  0.537166  0.798132  0.807891  0.820408  0.743106  0.370398  0.619492  0.772671  0.588122  0.716353  0.705731  0.816052  0.233139  0.246301  0.403408  0.830647  0.637956  0.814747  0.791793  0.620503  0.790423  0.716428  0.605407  0.647433  0.387134  0.664949  0.643811  0.910834  0.707662  0.528524  0.236574  0.461984  0.766482  0.419071  0.356706  0.428602  0.657832  0.502576  0.888287  0.479585  0.526950  0.805027  0.553301  0.383242  0.634512  0.751569  0.701293 
1  0.762597 0.0  0.339954  0.691185  0.629917  0.257824  0.485862  0.362875  0.869036  0.683199  0.753928  0.215082  0.740178  0.731984  0.348411  0.663940  0.872617  0.310122  0.822748  0.744755  0.767909  0.744527  0.698212  0.220807  0.901203  0.770781  0.755414  0.746305  0.770685  0.852273  0.585903  0.290349  0.821058  0.526732  0.773819  0.732785  0.979685  0.810320  0.822532  0.813788  0.456023  0.815177  0.807172  0.692890  0.790461  0.738530  0.820201  0.726420  0.797701  0.892691  0.699340  0.833816  0.777787  0.738675  0.713993  0.816040  0.719166  0.791422  0.382622  0.695284 
2  0.858479  0.339954 0.0  0.859230  0.693016  0.415055  0.244661  0.350507  0.765491  0.567924  0.629056  0.231703  0.756535  0.801770  0.342503  0.723700  0.759734  0.088421  0.864886  0.687842  0.736608  0.812659  0.728083  0.337817  0.732215  0.953398  0.965156  0.791911  0.761987  0.805392  0.596183  0.224680  0.939928  0.592311  0.922429  0.801937  0.808881  0.795276  0.927858  0.901989  0.160471  0.898254  0.762769  0.813542  0.784332  0.788427  0.814457  0.803885  0.697643  0.849747  0.825833  0.734033  0.809091  0.812489  0.883612  0.558410  0.902180  0.844084  0.280404  0.750672 
3  0.384913  0.691185  0.859230 0.0  0.532044  0.829011  0.774130  0.785661  0.561366  0.549242  0.641058  0.703034  0.593056  0.492242  0.774979  0.744314  0.777552  0.833549  0.258202  0.631266  0.806012  0.597570  0.624845  0.810030  0.806877  0.313386  0.474700  0.207725  0.800832  0.522397  0.692039  0.793878  0.578750  0.733743  0.421295  0.651707  0.594957  0.468958  0.522129  0.570153  0.790400  0.592417  0.524730  0.345364  0.388701  0.718755  0.286735  0.349495  0.563891  0.645964  0.475047  0.680389  0.498502  0.268344  0.567383  0.506456  0.347004  0.621042  0.749299  0.745305 
4  0.607466  0.629917  0.693016  0.532044 0.0  0.687040  0.653632  0.626528  0.534411  0.610034  0.634172  0.550447  0.547047  0.526659  0.547154  0.694729  0.673002  0.694169  0.545225  0.530819  0.581691  0.732746  0.576809  0.597287  0.571492  0.560529  0.654742  0.605964  0.603675  0.552764  0.687644  0.556193  0.661071  0.478853  0.545520  0.569437  0.720274  0.630727  0.645566  0.609531  0.614289  0.639060  0.653303  0.463283  0.522162  0.617127  0.660187  0.638405  0.558505  0.744793  0.572176  0.529612  0.563277  0.523928  0.628774  0.629822  0.571528  0.690758  0.532023  0.546478 
5  0.796362  0.257824  0.415055  0.829011  0.687040 0.0  0.260312  0.334839  0.820049  0.651284  0.711990  0.482637  0.810282  0.776852  0.284953  0.783732  0.860582  0.331174  0.852733  0.768513  0.910017  0.779586  0.704629  0.304048  0.741367  0.845936  0.888891  0.879216  0.763463  0.716200  0.541696  0.383940  0.808155  0.522138  0.831171  0.710938  0.906743  0.842117  0.864580  0.813314  0.315930  0.811037  0.835433  0.822035  0.833887  0.742616  0.828719  0.773012  0.791515  0.831225  0.720616  0.760835  0.770719  0.898746  0.907433  0.717065  0.860368  0.889103  0.292761  0.802359 
6  0.837461  0.485862  0.244661  0.774130  0.653632  0.260312 0.0  0.276603  0.804917  0.711818  0.832491  0.208175  0.700593  0.754969  0.238673  0.855757  0.899918  0.239282  0.842295  0.681584  0.703810  0.802729  0.781103  0.331899  0.751342  0.829757  0.783629  0.839923  0.650496  0.841213  0.609654  0.361017  0.836671  0.613470  0.803423  0.813492  0.797539  0.944640  0.868132  0.787996  0.216967  0.767446  0.800930  0.797821  0.809077  0.798131  0.826254  0.832011  0.736195  0.802309  0.822092  0.767493  0.844909  0.854498  0.862385  0.731494  0.792346  0.786908  0.205062  0.812311 
7  0.779401  0.362875  0.350507  0.785661  0.626528  0.334839  0.276603 0.0  0.813528  0.636181  0.611075  0.317623  0.711214  0.730646  0.264213  0.825594  0.849002  0.362711  0.844011  0.559231  0.771043  0.875606  0.745416  0.271454  0.780476  0.873911  0.850197  0.736060  0.686657  0.689886  0.517591  0.354963  0.860063  0.525309  0.878872  0.680160  0.750533  0.697940  0.885727  0.837011  0.314621  0.825225  0.839951  0.807650  0.886893  0.852427  0.902308  0.842547  0.767009  0.784912  0.764422  0.805490  0.795690  0.755473  0.894476  0.788800  0.865140  0.839088  0.366797  0.727139 
8  0.585992  0.869036  0.765491  0.561366  0.534411  0.820049  0.804917  0.813528 0.0  0.564793  0.608433  0.893669  0.389063  0.450565  0.776924  0.845660  0.745930  0.800861  0.501568  0.605916  0.689324  0.321751  0.702520  0.851265  0.869666  0.528829  0.615381  0.587387  0.686078  0.280701  0.788891  0.978430  0.190132  0.769179  0.187480  0.704032  0.189474  0.637786  0.349219  0.378246  0.751412  0.434354  0.509196  0.483021  0.511263  0.736034  0.583370  0.464821  0.572357  0.548999  0.419394  0.754781  0.136134  0.573859  0.648525  0.457389  0.569450  0.194628  0.834383  0.514273 
9  0.701426  0.683199  0.567924  0.549242  0.610034  0.651284  0.711818  0.636181  0.564793 0.0  0.615444  0.634824  0.614293  0.604681  0.639406  0.571658  0.724093  0.689269  0.546148  0.606381  0.624866  0.680831  0.685633  0.638727  0.693802  0.624959  0.709036  0.558194  0.633632  0.685816  0.629194  0.596789  0.512428  0.629033  0.713097  0.474772  0.581920  0.678691  0.561137  0.601331  0.539266  0.478774  0.397553  0.569321  0.538962  0.600928  0.674592  0.702208  0.617021  0.507103  0.607958  0.507820  0.652704  0.604386  0.646570  0.562774  0.721523  0.476382  0.688084  0.539310 
10  0.671237  0.753928  0.629056  0.641058  0.634172  0.711990  0.832491  0.611075  0.608433  0.615444 0.0  0.681847  0.602986  0.784528  0.755980  0.861196  0.851359  0.681249  0.774989  0.635671  0.750217  0.712962  0.414650  0.693033  0.907543  0.824012  0.685173  0.639011  0.727824  0.761460  0.739111  0.713564  0.812996  0.769773  0.738526  0.629997  0.770954  0.805863  0.817406  0.783387  0.691077  0.724680  0.872513  0.685888  0.729759  0.734776  0.761927  0.808898  0.697672  0.768025  0.764559  0.839536  0.773736  0.680132  0.822100  0.785139  0.696883  0.675183  0.777639  0.699877 
11  0.853579  0.215082  0.231703  0.703034  0.550447  0.482637  0.208175  0.317623  0.893669  0.634824  0.681847 0.0  0.750578  0.778713  0.297580  0.674096  0.649045  0.172550  0.959464  0.614557  0.720359  0.831596  0.772908  0.311964  0.816685  0.848689  0.833190  0.926714  0.718323  0.908513  0.569773  0.179933  0.811728  0.566287  0.890484  0.782868  0.783205  0.862543  0.813284  0.797354  0.259198  0.830536  0.822553  0.829325  0.855586  0.747074  0.848370  0.725477  0.682293  0.785280  0.807178  0.791819  0.897315  0.808708  0.758912  0.777852  0.751560  0.879739  0.255362  0.670509 
12  0.568186  0.740178  0.756535  0.593056  0.547047  0.810282  0.700593  0.711214  0.389063  0.614293  0.602986  0.750578 0.0  0.622680  0.693756  0.795255  0.798290  0.804176  0.611009  0.525586  0.737170  0.422392  0.735518  0.757389  0.861927  0.594016  0.594600  0.574067  0.756426  0.494734  0.706357  0.792510  0.444759  0.819855  0.285694  0.605361  0.355885  0.609787  0.280685  0.462285  0.792533  0.383687  0.540001  0.526696  0.579338  0.727991  0.549544  0.513349  0.541015  0.604795  0.509521  0.678427  0.466778  0.596055  0.583625  0.541632  0.620362  0.470582  0.807648  0.571796 
13  0.537166  0.731984  0.801770  0.492242  0.526659  0.776852  0.754969  0.730646  0.450565  0.604681  0.784528  0.778713  0.622680 0.0  0.769797  0.840905  0.834968  0.863689  0.425984  0.564085  0.832624  0.468720  0.688241  0.760673  0.744125  0.545313  0.526911  0.583533  0.639279  0.456255  0.722148  0.818466  0.519717  0.658472  0.468497  0.619067  0.620224  0.415639  0.576975  0.617526  0.771731  0.475411  0.412427  0.511064  0.545391  0.703444  0.431216  0.571017  0.481444  0.615976  0.339581  0.849709  0.468286  0.522083  0.596053  0.533011  0.583332  0.549344  0.754874  0.835205 
14  0.798132  0.348411  0.342503  0.774979  0.547154  0.284953  0.238673  0.264213  0.776924  0.639406  0.755980  0.297580  0.693756  0.769797 0.0  0.801120  0.727459  0.247906  0.787471  0.668808  0.679520  0.823177  0.702984  0.303798  0.793067  0.746460  0.900419  0.853494  0.865278  0.766883  0.584491  0.317952  0.817466  0.591424  0.844009  0.686134  0.799900  0.773789  0.871115  0.864349  0.297483  0.796697  0.769954  0.758818  0.771198  0.709777  0.733485  0.757392  0.751584  0.814055  0.686606  0.809481  0.679211  0.796073  0.800698  0.766950  0.861168  0.748472  0.290518  0.640755 
15  0.807891  0.663940  0.723700  0.744314  0.694729  0.783732  0.855757  0.825594  0.845660  0.571658  0.861196  0.674096  0.795255  0.840905  0.801120 0.0  0.796296  0.754338  0.710528  0.642701  0.133411  0.873374  0.740312  0.663354  0.789496  0.729686  0.838970  0.902206  0.704860  0.781044  0.792753  0.701856  0.792192  0.993358  0.762332  0.719637  0.833383  0.791251  0.835911  0.718446  0.746328  0.867582  0.713395  0.807152  0.694899  0.653378  0.740155  0.792683  0.571544  0.589683  0.815012  0.300543  0.722197  0.810699  0.710640  0.637317  0.879190  0.835364  0.655755  0.432800 
16  0.820408  0.872617  0.759734  0.777552  0.673002  0.860582  0.899918  0.849002  0.745930  0.724093  0.851359  0.649045  0.798290  0.834968  0.727459  0.796296 0.0  0.862596  0.886076  0.695504  0.678687  0.858833  0.781776  0.864478  0.177393  0.839460  0.893542  0.948709  0.788146  0.827676  0.880518  0.766573  0.906149  0.838391  0.813440  0.845264  0.907819  0.781935  0.796585  0.794198  0.798235  0.740648  0.762855  0.825751  0.789933  0.866788  0.903153  0.766485  0.809804  0.782836  0.982886  0.751171  0.896761  0.821444  0.715357  0.792282  0.833280  0.906321  0.925651  0.822625 
17  0.743106  0.310122  0.088421  0.833549  0.694169  0.331174  0.239282  0.362711  0.800861  0.689269  0.681249  0.172550  0.804176  0.863689  0.247906  0.754338  0.862596 0.0  0.774614  0.576950  0.733794  0.858609  0.750875  0.340773  0.713922  0.658229  0.842556  0.974516  0.709282  0.785518  0.582359  0.285651  0.761198  0.536180  0.726598  0.638626  0.919603  0.786781  0.851494  0.898487  0.189574  0.771361  0.814299  0.893340  0.891561  0.715706  0.929782  0.826332  0.682093  0.755414  0.795048  0.822342  0.788130  0.945394  0.772385  0.707552  0.867663  0.848584  0.311508  0.787887 
18  0.370398  0.822748  0.864886  0.258202  0.545225  0.852733  0.842295  0.844011  0.501568  0.546148  0.774989  0.959464  0.611009  0.425984  0.787471  0.710528  0.886076  0.774614 0.0  0.595568  0.873727  0.413851  0.741674  0.774146  0.831110  0.441079  0.472179  0.245038  0.779734  0.538476  0.721280  0.936220  0.545706  0.770358  0.645304  0.656667  0.623866  0.402997  0.634925  0.646157  0.736915  0.623890  0.525738  0.401407  0.467614  0.717331  0.427442  0.599160  0.532489  0.621800  0.428829  0.752238  0.611924  0.194766  0.630964  0.564162  0.118960  0.645250  0.741645  0.746192 
19  0.619492  0.744755  0.687842  0.631266  0.530819  0.768513  0.681584  0.559231  0.605916  0.606381  0.635671  0.614557  0.525586  0.564085  0.668808  0.642701  0.695504  0.576950  0.595568 0.0  0.630010  0.484195  0.532167  0.620598  0.812275  0.658987  0.699390  0.665649  0.589815  0.627613  0.693358  0.600797  0.637826  0.654829  0.623198  0.531056  0.675001  0.584808  0.583258  0.571480  0.732142  0.640257  0.628915  0.669916  0.618670  0.634315  0.643508  0.658842  0.542979  0.655468  0.676859  0.620903  0.694942  0.743287  0.618732  0.706618  0.712792  0.542979  0.513585  0.525912 
20  0.772671  0.767909  0.736608  0.806012  0.581691  0.910017  0.703810  0.771043  0.689324  0.624866  0.750217  0.720359  0.737170  0.832624  0.679520  0.133411  0.678687  0.733794  0.873727  0.630010 0.0  0.764879  0.729012  0.804196  0.709119  0.761736  0.689433  0.853512  0.602787  0.803607  0.802608  0.714305  0.668455  0.818219  0.802534  0.610125  0.826685  0.815980  0.705393  0.642974  0.657768  0.908723  0.597740  0.844847  0.903599  0.659221  0.857776  0.886828  0.518177  0.566127  0.845711  0.224450  0.901063  0.858469  0.501075  0.570976  0.796456  0.759550  0.814235  0.444087 
21  0.588122  0.744527  0.812659  0.597570  0.732746  0.779586  0.802729  0.875606  0.321751  0.680831  0.712962  0.831596  0.422392  0.468720  0.823177  0.873374  0.858833  0.858609  0.413851  0.484195  0.764879 0.0  0.627284  0.903337  0.740217  0.633580  0.627518  0.747869  0.624439  0.388909  0.791873  0.894816  0.152398  0.803330  0.336279  0.587618  0.317586  0.636414  0.333389  0.392682  0.892128  0.424748  0.579364  0.592961  0.594665  0.790669  0.599003  0.623966  0.646697  0.531468  0.482745  0.728393  0.340598  0.572384  0.563360  0.470298  0.551179  0.182927  0.795959  0.568440 
22  0.716353  0.698212  0.728083  0.624845  0.576809  0.704629  0.781103  0.745416  0.702520  0.685633  0.414650  0.772908  0.735518  0.688241  0.702984  0.740312  0.781776  0.750875  0.741674  0.532167  0.729012  0.627284 0.0  0.711559  0.816532  0.671128  0.729015  0.701475  0.719068  0.688645  0.761550  0.758841  0.694499  0.697435  0.655141  0.750421  0.617956  0.642405  0.674211  0.750939  0.651537  0.663758  0.633115  0.734952  0.691080  0.728041  0.815092  0.569008  0.637790  0.712446  0.744881  0.780138  0.722224  0.673243  0.752719  0.661798  0.717168  0.710927  0.738591  0.763449 
23  0.705731  0.220807  0.337817  0.810030  0.597287  0.304048  0.331899  0.271454  0.851265  0.638727  0.693033  0.311964  0.757389  0.760673  0.303798  0.663354  0.864478  0.340773  0.774146  0.620598  0.804196  0.903337  0.711559 0.0  0.887686  0.810151  0.798200  0.759715  0.779828  0.740014  0.619419  0.385396  0.790045  0.629056  0.659775  0.715512  0.703233  0.806749  0.918825  0.921239  0.321760  0.882684  0.885140  0.808867  0.814001  0.745687  0.752671  0.761811  0.674377  0.748688  0.786296  0.721429  0.836684  0.758255  0.880816  0.766607  0.799677  0.800682  0.230968  0.719507 
24  0.816052  0.901203  0.732215  0.806877  0.571492  0.741367  0.751342  0.780476  0.869666  0.693802  0.907543  0.816685  0.861927  0.744125  0.793067  0.789496  0.177393  0.713922  0.831110  0.812275  0.709119  0.740217  0.816532  0.887686 0.0  0.850356  0.911880  0.781272  0.704549  0.865844  0.824564  0.730582  0.918051  0.785018  0.864148  0.819473  0.839542  0.797197  0.836028  0.785394  0.785625  0.772947  0.763973  0.910785  0.794506  0.761895  0.805496  0.901839  0.824230  0.733175  0.801859  0.621270  0.866959  0.894212  0.778303  0.808687  0.828530  0.820978  0.736713  0.690080 
25  0.233139  0.770781  0.953398  0.313386  0.560529  0.845936  0.829757  0.873911  0.528829  0.624959  0.824012  0.848689  0.594016  0.545313  0.746460  0.729686  0.839460  0.658229  0.441079  0.658987  0.761736  0.633580  0.671128  0.810151  0.850356 0.0  0.142822  0.422840  0.804165  0.694568  0.677875  0.796678  0.625963  0.728486  0.574807  0.696637  0.612214  0.449675  0.599534  0.527983  0.868883  0.663074  0.608756  0.290858  0.418456  0.646125  0.383770  0.257242  0.494712  0.632857  0.538280  0.802742  0.605811  0.495547  0.634967  0.595622  0.415830  0.690720  0.780254  0.879354 
26  0.246301  0.755414  0.965156  0.474700  0.654742  0.888891  0.783629  0.850197  0.615381  0.709036  0.685173  0.833190  0.594600  0.526911  0.900419  0.838970  0.893542  0.842556  0.472179  0.699390  0.689433  0.627518  0.729015  0.798200  0.911880  0.142822 0.0  0.397559  0.727319  0.612947  0.801696  0.883859  0.624424  0.781767  0.525784  0.717964  0.637332  0.511848  0.653736  0.617190  0.780401  0.670106  0.746879  0.319848  0.360866  0.789996  0.412385  0.252323  0.629778  0.518303  0.366943  0.866526  0.495463  0.569363  0.609723  0.409694  0.481492  0.629189  0.811724  0.887407 
27  0.403408  0.746305  0.791911  0.207725  0.605964  0.879216  0.839923  0.736060  0.587387  0.558194  0.639011  0.926714  0.574067  0.583533  0.853494  0.902206  0.948709  0.974516  0.245038  0.665649  0.853512  0.747869  0.701475  0.759715  0.781272  0.422840  0.397559 0.0  0.793190  0.596574  0.688354  0.824190  0.566543  0.751598  0.608897  0.753754  0.469391  0.453689  0.581138  0.671548  0.893106  0.615689  0.573498  0.463377  0.407638  0.844739  0.485704  0.599601  0.525412  0.588210  0.542965  0.821308  0.552827  0.356030  0.654338  0.602241  0.302391  0.588957  0.766722  0.815831 
28  0.830647  0.770685  0.761987  0.800832  0.603675  0.763463  0.650496  0.686657  0.686078  0.633632  0.727824  0.718323  0.756426  0.639279  0.865278  0.704860  0.788146  0.709282  0.779734  0.589815  0.602787  0.624439  0.719068  0.779828  0.704549  0.804165  0.727319  0.793190 0.0  0.797499  0.617436  0.698215  0.822527  0.708729  0.724552  0.392158  0.741181  0.674091  0.776944  0.669636  0.737385  0.744373  0.740914  0.732342  0.872522  0.405619  0.829515  0.743953  0.673416  0.823994  0.798167  0.645806  0.711613  0.798672  0.722976  0.768386  0.650522  0.684808  0.732640  0.739923 
29  0.637956  0.852273  0.805392  0.522397  0.552764  0.716200  0.841213  0.689886  0.280701  0.685816  0.761460  0.908513  0.494734  0.456255  0.766883  0.781044  0.827676  0.785518  0.538476  0.627613  0.803607  0.388909  0.688645  0.740014  0.865844  0.694568  0.612947  0.596574  0.797499 0.0  0.784165  0.732422  0.355950  0.796557  0.265119  0.723937  0.242486  0.467918  0.414298  0.484407  0.835333  0.446309  0.555931  0.533748  0.623105  0.729923  0.594545  0.595489  0.667655  0.558106  0.436166  0.773596  0.255504  0.644266  0.604050  0.551190  0.552160  0.338309  0.825384  0.511262 
30  0.814747  0.585903  0.596183  0.692039  0.687644  0.541696  0.609654  0.517591  0.788891  0.629194  0.739111  0.569773  0.706357  0.722148  0.584491  0.792753  0.880518  0.582359  0.721280  0.693358  0.802608  0.791873  0.761550  0.619419  0.824564  0.677875  0.801696  0.688354  0.617436  0.784165 0.0  0.560927  0.716785  0.258571  0.840449  0.678222  0.770396  0.790246  0.819794  0.817823  0.546096  0.695191  0.771614  0.735177  0.794778  0.616557  0.842608  0.745550  0.784276  0.857758  0.834287  0.776973  0.825035  0.699771  0.746477  0.778599  0.753613  0.778140  0.561529  0.693318 
31  0.791793  0.290349  0.224680  0.793878  0.556193  0.383940  0.361017  0.354963  0.978430  0.596789  0.713564  0.179933  0.792510  0.818466  0.317952  0.701856  0.766573  0.285651  0.936220  0.600797  0.714305  0.894816  0.758841  0.385396  0.730582  0.796678  0.883859  0.824190  0.698215  0.732422  0.560927 0.0  0.864550  0.575942  0.796770  0.685588  0.865070  0.722838  0.868617  0.790096  0.221173  0.752633  0.778934  0.907116  0.800390  0.720956  0.881104  0.866090  0.760327  0.851658  0.764973  0.784634  0.777889  0.862072  0.848170  0.823115  0.808032  0.910299  0.305345  0.804770 
32  0.620503  0.821058  0.939928  0.578750  0.661071  0.808155  0.836671  0.860063  0.190132  0.512428  0.812996  0.811728  0.444759  0.519717  0.817466  0.792192  0.906149  0.761198  0.545706  0.637826  0.668455  0.152398  0.694499  0.790045  0.918051  0.625963  0.624424  0.566543  0.822527  0.355950  0.716785  0.864550 0.0  0.735660  0.215878  0.604562  0.228685  0.574929  0.337074  0.467037  0.826738  0.426638  0.485691  0.604884  0.569164  0.804445  0.632826  0.607087  0.555988  0.639140  0.527623  0.766946  0.425743  0.666615  0.589892  0.533721  0.548280  0.106160  0.804172  0.614232 
33  0.790423  0.526732  0.592311  0.733743  0.478853  0.522138  0.613470  0.525309  0.769179  0.629033  0.769773  0.566287  0.819855  0.658472  0.591424  0.993358  0.838391  0.536180  0.770358  0.654829  0.818219  0.803330  0.697435  0.629056  0.785018  0.728486  0.781767  0.751598  0.708729  0.796557  0.258571  0.575942  0.735660 0.0  0.729699  0.739850  0.862420  0.701582  0.847409  0.744132  0.581949  0.887452  0.755759  0.782259  0.804820  0.750845  0.764459  0.787270  0.859698  0.784305  0.709960  0.733450  0.712706  0.762783  0.808066  0.776713  0.703471  0.800950  0.579893  0.675979 
34  0.716428  0.773819  0.922429  0.421295  0.545520  0.831171  0.803423  0.878872  0.187480  0.713097  0.738526  0.890484  0.285694  0.468497  0.844009  0.762332  0.813440  0.726598  0.645304  0.623198  0.802534  0.336279  0.655141  0.659775  0.864148  0.574807  0.525784  0.608897  0.724552  0.265119  0.840449  0.796770  0.215878  0.729699 0.0  0.748664  0.316717  0.635577  0.416699  0.538784  1.000000  0.435086  0.556798  0.645168  0.573601  0.845915  0.643691  0.488092  0.465038  0.496531  0.522069  0.864710  0.136961  0.636802  0.623991  0.543989  0.745755  0.267345  0.791937  0.524838 
35  0.605407  0.732785  0.801937  0.651707  0.569437  0.710938  0.813492  0.680160  0.704032  0.474772  0.629997  0.782868  0.605361  0.619067  0.686134  0.719637  0.845264  0.638626  0.656667  0.531056  0.610125  0.587618  0.750421  0.715512  0.819473  0.696637  0.717964  0.753754  0.392158  0.723937  0.678222  0.685588  0.604562  0.739850  0.748664 0.0  0.657455  0.767707  0.725196  0.541939  0.633868  0.666373  0.724475  0.788391  0.661117  0.374981  0.720767  0.722283  0.617945  0.777283  0.713817  0.578403  0.707166  0.768988  0.641868  0.648043  0.745704  0.722121  0.713505  0.701450 
36  0.647433  0.979685  0.808881  0.594957  0.720274  0.906743  0.797539  0.750533  0.189474  0.581920  0.770954  0.783205  0.355885  0.620224  0.799900  0.833383  0.907819  0.919603  0.623866  0.675001  0.826685  0.317586  0.617956  0.703233  0.839542  0.612214  0.637332  0.469391  0.741181  0.242486  0.770396  0.865070  0.228685  0.862420  0.316717  0.657455 0.0  0.587542  0.349207  0.438567  0.796160  0.549871  0.500081  0.731464  0.531957  0.723519  0.502758  0.630852  0.539361  0.584187  0.554260  0.791505  0.343529  0.496435  0.600511  0.570032  0.714705  0.194844  0.802866  0.605875 
37  0.387134  0.810320  0.795276  0.468958  0.630727  0.842117  0.944640  0.697940  0.637786  0.678691  0.805863  0.862543  0.609787  0.415639  0.773789  0.791251  0.781935  0.786781  0.402997  0.584808  0.815980  0.636414  0.642405  0.806749  0.797197  0.449675  0.511848  0.453689  0.674091  0.467918  0.790246  0.722838  0.574929  0.701582  0.635577  0.767707  0.587542 0.0  0.556481  0.608680  0.835392  0.722921  0.566695  0.472020  0.308293  0.789378  0.177845  0.509507  0.627963  0.635789  0.530884  0.779841  0.605139  0.396889  0.659377  0.561256  0.356825  0.597032  0.737858  0.810680 
38  0.664949  0.822532  0.927858  0.522129  0.645566  0.864580  0.868132  0.885727  0.349219  0.561137  0.817406  0.813284  0.280685  0.576975  0.871115  0.835911  0.796585  0.851494  0.634925  0.583258  0.705393  0.333389  0.674211  0.918825  0.836028  0.599534  0.653736  0.581138  0.776944  0.414298  0.819794  0.868617  0.337074  0.847409  0.416699  0.725196  0.349207  0.556481 0.0  0.341069  0.736421  0.400445  0.609867  0.487727  0.591037  0.708326  0.545031  0.610866  0.482178  0.609774  0.605925  0.853115  0.341933  0.539705  0.594460  0.552718  0.624788  0.384725  0.793482  0.487758 
39  0.643811  0.813788  0.901989  0.570153  0.609531  0.813314  0.787996  0.837011  0.378246  0.601331  0.783387  0.797354  0.462285  0.617526  0.864349  0.718446  0.794198  0.898487  0.646157  0.571480  0.642974  0.392682  0.750939  0.921239  0.785394  0.527983  0.617190  0.671548  0.669636  0.484407  0.817823  0.790096  0.467037  0.744132  0.538784  0.541939  0.438567  0.608680  0.341069 0.0  0.911661  0.220149  0.527422  0.616819  0.639311  0.619493  0.732580  0.590178  0.480184  0.607476  0.699268  0.708899  0.482867  0.743418  0.520064  0.498880  0.632205  0.421436  0.861946  0.547254 
40  0.910834  0.456023  0.160471  0.790400  0.614289  0.315930  0.216967  0.314621  0.751412  0.539266  0.691077  0.259198  0.792533  0.771731  0.297483  0.746328  0.798235  0.189574  0.736915  0.732142  0.657768  0.892128  0.651537  0.321760  0.785625  0.868883  0.780401  0.893106  0.737385  0.835333  0.546096  0.221173  0.826738  0.581949  1.000000  0.633868  0.796160  0.835392  0.736421  0.911661 0.0  0.953393  0.761214  0.892009  0.818461  0.838925  0.723776  0.824437  0.747035  0.715659  0.710646  0.726231  0.804503  0.792955  0.767425  0.876289  0.882530  0.864050  0.274276  0.804534 
41  0.707662  0.815177  0.898254  0.592417  0.639060  0.811037  0.767446  0.825225  0.434354  0.478774  0.724680  0.830536  0.383687  0.475411  0.796697  0.867582  0.740648  0.771361  0.623890  0.640257  0.908723  0.424748  0.663758  0.882684  0.772947  0.663074  0.670106  0.615689  0.744373  0.446309  0.695191  0.752633  0.426638  0.887452  0.435086  0.666373  0.549871  0.722921  0.400445  0.220149  0.953393 0.0  0.544563  0.614853  0.520106  0.625314  0.620796  0.636387  0.548654  0.525506  0.565169  0.788505  0.406901  0.661007  0.463406  0.519846  0.588177  0.428937  0.717709  0.512669 
42  0.528524  0.807172  0.762769  0.524730  0.653303  0.835433  0.800930  0.839951  0.509196  0.397553  0.872513  0.822553  0.540001  0.412427  0.769954  0.713395  0.762855  0.814299  0.525738  0.628915  0.597740  0.579364  0.633115  0.885140  0.763973  0.608756  0.746879  0.573498  0.740914  0.555931  0.771614  0.778934  0.485691  0.755759  0.556798  0.724475  0.500081  0.566695  0.609867  0.527422  0.761214  0.544563 0.0  0.574478  0.682952  0.592840  0.645784  0.593986  0.390159  0.329137  0.534454  0.745781  0.482304  0.569062  0.304110  0.334697  0.577560  0.538075  0.810663  0.805658 
43  0.236574  0.692890  0.813542  0.345364  0.463283  0.822035  0.797821  0.807650  0.483021  0.569321  0.685888  0.829325  0.526696  0.511064  0.758818  0.807152  0.825751  0.893340  0.401407  0.669916  0.844847  0.592961  0.734952  0.808867  0.910785  0.290858  0.319848  0.463377  0.732342  0.533748  0.735177  0.907116  0.604884  0.782259  0.645168  0.788391  0.731464  0.472020  0.487727  0.616819  0.892009  0.614853  0.574478 0.0  0.425205  0.798837  0.531277  0.253908  0.592687  0.516839  0.480147  0.782394  0.483742  0.536896  0.640020  0.523488  0.358088  0.595891  0.794262  0.765931 
44  0.461984  0.790461  0.784332  0.388701  0.522162  0.833887  0.809077  0.886893  0.511263  0.538962  0.729759  0.855586  0.579338  0.545391  0.771198  0.694899  0.789933  0.891561  0.467614  0.618670  0.903599  0.594665  0.691080  0.814001  0.794506  0.418456  0.360866  0.407638  0.872522  0.623105  0.794778  0.800390  0.569164  0.804820  0.573601  0.661117  0.531957  0.308293  0.591037  0.639311  0.818461  0.520106  0.682952  0.425205 0.0  0.735089  0.324188  0.539738  0.594107  0.596662  0.472590  0.833260  0.663647  0.441045  0.615066  0.426035  0.460336  0.641888  0.733515  0.734391 
45  0.766482  0.738530  0.788427  0.718755  0.617127  0.742616  0.798131  0.852427  0.736034  0.600928  0.734776  0.747074  0.727991  0.703444  0.709777  0.653378  0.866788  0.715706  0.717331  0.634315  0.659221  0.790669  0.728041  0.745687  0.761895  0.646125  0.789996  0.844739  0.405619  0.729923  0.616557  0.720956  0.804445  0.750845  0.845915  0.374981  0.723519  0.789378  0.708326  0.619493  0.838925  0.625314  0.592840  0.798837  0.735089 0.0  0.705642  0.739219  0.626780  0.637556  0.877334  0.725817  0.754162  0.747809  0.672669  0.862821  0.848258  0.718625  0.767472  0.673026 
46  0.419071  0.820201  0.814457  0.286735  0.660187  0.828719  0.826254  0.902308  0.583370  0.674592  0.761927  0.848370  0.549544  0.431216  0.733485  0.740155  0.903153  0.929782  0.427442  0.643508  0.857776  0.599003  0.815092  0.752671  0.805496  0.383770  0.412385  0.485704  0.829515  0.594545  0.842608  0.881104  0.632826  0.764459  0.643691  0.720767  0.502758  0.177845  0.545031  0.732580  0.723776  0.620796  0.645784  0.531277  0.324188  0.705642 0.0  0.368166  0.546700  0.569802  0.466270  0.825116  0.535757  0.430347  0.642968  0.593668  0.456004  0.498585  0.787786  0.824174 
47  0.356706  0.726420  0.803885  0.349495  0.638405  0.773012  0.832011  0.842547  0.464821  0.702208  0.808898  0.725477  0.513349  0.571017  0.757392  0.792683  0.766485  0.826332  0.599160  0.658842  0.886828  0.623966  0.569008  0.761811  0.901839  0.257242  0.252323  0.599601  0.743953  0.595489  0.745550  0.866090  0.607087  0.787270  0.488092  0.722283  0.630852  0.509507  0.610866  0.590178  0.824437  0.636387  0.593986  0.253908  0.539738  0.739219  0.368166 0.0  0.616078  0.651392  0.436769  0.757119  0.546204  0.487145  0.576069  0.516959  0.507619  0.654224  0.844852  0.705599 
48  0.428602  0.797701  0.697643  0.563891  0.558505  0.791515  0.736195  0.767009  0.572357  0.617021  0.697672  0.682293  0.541015  0.481444  0.751584  0.571544  0.809804  0.682093  0.532489  0.542979  0.518177  0.646697  0.637790  0.674377  0.824230  0.494712  0.629778  0.525412  0.673416  0.667655  0.784276  0.760327  0.555988  0.859698  0.465038  0.617945  0.539361  0.627963  0.482178  0.480184  0.747035  0.548654  0.390159  0.592687  0.594107  0.626780  0.546700  0.616078 0.0  0.315730  0.525635  0.499846  0.603753  0.598519  0.552871  0.507210  0.510355  0.578172  0.711482  0.674589 
49  0.657832  0.892691  0.849747  0.645964  0.744793  0.831225  0.802309  0.784912  0.548999  0.507103  0.768025  0.785280  0.604795  0.615976  0.814055  0.589683  0.782836  0.755414  0.621800  0.655468  0.566127  0.531468  0.712446  0.748688  0.733175  0.632857  0.518303  0.588210  0.823994  0.558106  0.857758  0.851658  0.639140  0.784305  0.496531  0.777283  0.584187  0.635789  0.609774  0.607476  0.715659  0.525506  0.329137  0.516839  0.596662  0.637556  0.569802  0.651392  0.315730 0.0  0.459462  0.702874  0.593462  0.579886  0.430390  0.476763  0.594661  0.621533  0.784218  0.720838 
50  0.502576  0.699340  0.825833  0.475047  0.572176  0.720616  0.822092  0.764422  0.419394  0.607958  0.764559  0.807178  0.509521  0.339581  0.686606  0.815012  0.982886  0.795048  0.428829  0.676859  0.845711  0.482745  0.744881  0.786296  0.801859  0.538280  0.366943  0.542965  0.798167  0.436166  0.834287  0.764973  0.527623  0.709960  0.522069  0.713817  0.554260  0.530884  0.605925  0.699268  0.710646  0.565169  0.534454  0.480147  0.472590  0.877334  0.466270  0.436769  0.525635  0.459462 0.0  0.771371  0.446030  0.517357  0.546515  0.595049  0.470857  0.573913  0.745807  0.768886 
51  0.888287  0.833816  0.734033  0.680389  0.529612  0.760835  0.767493  0.805490  0.754781  0.507820  0.839536  0.791819  0.678427  0.849709  0.809481  0.300543  0.751171  0.822342  0.752238  0.620903  0.224450  0.728393  0.780138  0.721429  0.621270  0.802742  0.866526  0.821308  0.645806  0.773596  0.776973  0.784634  0.766946  0.733450  0.864710  0.578403  0.791505  0.779841  0.853115  0.708899  0.726231  0.788505  0.745781  0.782394  0.833260  0.725817  0.825116  0.757119  0.499846  0.702874  0.771371 0.0  0.790591  0.903823  0.643343  0.658429  0.846630  0.790140  0.745121  0.463456 
52  0.479585  0.777787  0.809091  0.498502  0.563277  0.770719  0.844909  0.795690  0.136134  0.652704  0.773736  0.897315  0.466778  0.468286  0.679211  0.722197  0.896761  0.788130  0.611924  0.694942  0.901063  0.340598  0.722224  0.836684  0.866959  0.605811  0.495463  0.552827  0.711613  0.255504  0.825035  0.777889  0.425743  0.712706  0.136961  0.707166  0.343529  0.605139  0.341933  0.482867  0.804503  0.406901  0.482304  0.483742  0.663647  0.754162  0.535757  0.546204  0.603753  0.593462  0.446030  0.790591 0.0  0.572728  0.565539  0.532143  0.572217  0.300795  0.841547  0.573813 
53  0.526950  0.738675  0.812489  0.268344  0.523928  0.898746  0.854498  0.755473  0.573859  0.604386  0.680132  0.808708  0.596055  0.522083  0.796073  0.810699  0.821444  0.945394  0.194766  0.743287  0.858469  0.572384  0.673243  0.758255  0.894212  0.495547  0.569363  0.356030  0.798672  0.644266  0.699771  0.862072  0.666615  0.762783  0.636802  0.768988  0.496435  0.396889  0.539705  0.743418  0.792955  0.661007  0.569062  0.536896  0.441045  0.747809  0.430347  0.487145  0.598519  0.579886  0.517357  0.903823  0.572728 0.0  0.739249  0.601961  0.261302  0.720931  0.830339  0.776554 
54  0.805027  0.713993  0.883612  0.567383  0.628774  0.907433  0.862385  0.894476  0.648525  0.646570  0.822100  0.758912  0.583625  0.596053  0.800698  0.710640  0.715357  0.772385  0.630964  0.618732  0.501075  0.563360  0.752719  0.880816  0.778303  0.634967  0.609723  0.654338  0.722976  0.604050  0.746477  0.848170  0.589892  0.808066  0.623991  0.641868  0.600511  0.659377  0.594460  0.520064  0.767425  0.463406  0.304110  0.640020  0.615066  0.672669  0.642968  0.576069  0.552871  0.430390  0.546515  0.643343  0.565539  0.739249 0.0  0.296981  0.697863  0.690279  0.751498  0.727692 
55  0.553301  0.816040  0.558410  0.506456  0.629822  0.717065  0.731494  0.788800  0.457389  0.562774  0.785139  0.777852  0.541632  0.533011  0.766950  0.637317  0.792282  0.707552  0.564162  0.706618  0.570976  0.470298  0.661798  0.766607  0.808687  0.595622  0.409694  0.602241  0.768386  0.551190  0.778599  0.823115  0.533721  0.776713  0.543989  0.648043  0.570032  0.561256  0.552718  0.498880  0.876289  0.519846  0.334697  0.523488  0.426035  0.862821  0.593668  0.516959  0.507210  0.476763  0.595049  0.658429  0.532143  0.601961  0.296981 0.0  0.540735  0.502195  0.688504  0.752463 
56  0.383242  0.719166  0.902180  0.347004  0.571528  0.860368  0.792346  0.865140  0.569450  0.721523  0.696883  0.751560  0.620362  0.583332  0.861168  0.879190  0.833280  0.867663  0.118960  0.712792  0.796456  0.551179  0.717168  0.799677  0.828530  0.415830  0.481492  0.302391  0.650522  0.552160  0.753613  0.808032  0.548280  0.703471  0.745755  0.745704  0.714705  0.356825  0.624788  0.632205  0.882530  0.588177  0.577560  0.358088  0.460336  0.848258  0.456004  0.507619  0.510355  0.594661  0.470857  0.846630  0.572217  0.261302  0.697863  0.540735 0.0  0.643998  0.773083  0.737480 
57  0.634512  0.791422  0.844084  0.621042  0.690758  0.889103  0.786908  0.839088  0.194628  0.476382  0.675183  0.879739  0.470582  0.549344  0.748472  0.835364  0.906321  0.848584  0.645250  0.542979  0.759550  0.182927  0.710927  0.800682  0.820978  0.690720  0.629189  0.588957  0.684808  0.338309  0.778140  0.910299  0.106160  0.800950  0.267345  0.722121  0.194844  0.597032  0.384725  0.421436  0.864050  0.428937  0.538075  0.595891  0.641888  0.718625  0.498585  0.654224  0.578172  0.621533  0.573913  0.790140  0.300795  0.720931  0.690279  0.502195  0.643998 0.0  0.801953  0.617507 
58  0.751569  0.382622  0.280404  0.749299  0.532023  0.292761  0.205062  0.366797  0.834383  0.688084  0.777639  0.255362  0.807648  0.754874  0.290518  0.655755  0.925651  0.311508  0.741645  0.513585  0.814235  0.795959  0.738591  0.230968  0.736713  0.780254  0.811724  0.766722  0.732640  0.825384  0.561529  0.305345  0.804172  0.579893  0.791937  0.713505  0.802866  0.737858  0.793482  0.861946  0.274276  0.717709  0.810663  0.794262  0.733515  0.767472  0.787786  0.844852  0.711482  0.784218  0.745807  0.745121  0.841547  0.830339  0.751498  0.688504  0.773083  0.801953 0.0  0.740182 
59  0.701293  0.695284  0.750672  0.745305  0.546478  0.802359  0.812311  0.727139  0.514273  0.539310  0.699877  0.670509  0.571796  0.835205  0.640755  0.432800  0.822625  0.787887  0.746192  0.525912  0.444087  0.568440  0.763449  0.719507  0.690080  0.879354  0.887407  0.815831  0.739923  0.511262  0.693318  0.804770  0.614232  0.675979  0.524838  0.701450  0.605875  0.810680  0.487758  0.547254  0.804534  0.512669  0.805658  0.765931  0.734391  0.673026  0.824174  0.705599  0.674589  0.720838  0.768886  0.463456  0.573813  0.776554  0.727692  0.752463  0.737480  0.617507  0.740182 0.0 
