99
0 0.0  0.490850  0.641839  0.694225  0.591410  0.684795  0.595910  0.700097  0.577730  0.663964  0.748767  0.716367  0.725783  0.792459  0.422179  0.497972  0.684677  0.585321  0.501752  0.706962  0.769644  0.576792  0.634134  0.649381  0.793129  0.823027  0.454317  0.642484  0.509634  0.584435  0.617187  0.694959  0.769907  0.773322  0.552435  0.623879  0.715337  0.680453  0.650220  0.366519  0.793765  0.537634  0.576629  0.630080  0.504945  0.565797  0.748461  0.680210  0.776771  0.490522  0.678306  0.718780  0.666489  0.651484  0.743235  0.633759  0.523808  0.822201  0.653901  0.401304  0.553968  0.648748  0.742406  0.568952  0.584750  0.771323  0.612697  0.740026  0.364018  0.579874  0.481628  0.651284  0.517613  0.453609  0.651825  0.599895  0.707686  0.705651  0.711841  0.629677  0.620018  0.573765  0.470392  0.642426  0.715858  0.774197  0.695195  0.666840  0.537691  0.566537  0.707093  0.642269  0.523279  0.547931  0.723210  0.682238  0.625976  0.675190  0.669994 
1  0.490850 0.0  0.462142  0.741770  0.690100  0.712393  0.676287  0.764200  0.595859  0.511793  0.761036  0.675378  0.608523  0.648960  0.592398  0.376106  0.644096  0.511997  0.444269  0.722067  0.695235  0.674012  0.616871  0.654310  0.614532  0.829526  0.658485  0.748894  0.485735  0.586283  0.655356  0.697141  0.834634  0.611341  0.649470  0.552757  0.761850  0.583618  0.657465  0.373886  0.754083  0.557732  0.527526  0.604904  0.597558  0.531723  0.830802  0.676332  0.701569  0.372181  0.465313  0.725406  0.692939  0.625628  0.732310  0.641744  0.361101  0.789715  0.666447  0.374459  0.676307  0.626764  0.699677  0.493497  0.478152  0.728863  0.490808  0.606006  0.575209  0.684734  0.572115  0.669513  0.417048  0.482899  0.589587  0.502876  0.702862  0.553384  0.616133  0.713337  0.617484  0.535547  0.279454  0.832844  0.749543  0.764878  0.791771  0.563867  0.659414  0.406309  0.500377  0.618233  0.579724  0.500475  0.685629  0.734248  0.544203  0.789426  0.715660 
2  0.641839  0.462142 0.0  0.704712  0.680920  0.716809  0.537314  0.840104  0.701859  0.537588  0.760579  0.646431  0.586218  0.721043  0.687840  0.340522  0.566808  0.646541  0.334710  0.631392  0.792893  0.742794  0.636617  0.575705  0.729196  0.755337  0.549775  0.816531  0.305223  0.690493  0.665157  0.541399  0.831629  0.693566  0.631414  0.248213  0.783006  0.771882  0.721843  0.430447  0.711696  0.471106  0.412957  0.610189  0.673459  0.102222  0.828392  0.638565  0.762581  0.438127  0.257957  0.724370  0.636494  0.483982  0.718877  0.730321  0.463485  0.603051  0.634730  0.560667  0.726533  0.715035  0.655935  0.510747  0.413012  0.723311  0.667892  0.607948  0.569098  0.645844  0.683196  0.628104  0.428699  0.630490  0.732661  0.568642  0.618550  0.607965  0.557367  0.596827  0.647034  0.593881  0.414462  0.747587  0.773648  0.766325  0.775140  0.466004  0.701403  0.276940  0.308019  0.589062  0.659113  0.598721  0.778664  0.752154  0.679977  0.825615  0.637670 
3  0.694225  0.741770  0.704712 0.0  0.681251  0.530660  0.773209  0.802849  0.649423  0.765097  0.735457  0.580204  0.778464  0.710520  0.713194  0.676089  0.693088  0.724024  0.680005  0.690529  0.780624  0.689581  0.630426  0.789540  0.682645  0.766153  0.876480  0.569501  0.811600  0.710453  0.787254  0.800934  0.730509  0.645345  0.684754  0.707466  0.835752  0.559914  0.779117  0.747348  0.711986  0.786688  0.789247  0.719250  0.681996  0.743868  0.918367  0.860794  0.741442  0.698164  0.653723  0.861579  0.841747  0.689647  0.801913  0.655265  0.765973  0.746793  0.708898  0.635805  0.630462  0.768795  0.776536  0.668354  0.681337  0.809413  0.813098  0.674281  0.647388  0.757000  0.657584  0.706603  0.646252  0.615044  0.639115  0.885412  0.763767  0.687365  0.748134  0.744177  0.851183  0.708047  0.780146  0.775603  0.102895  0.571481  0.756496  0.804079  0.599918  0.662620  0.746123  0.683872  0.672248  0.693692  0.798793  0.609296  0.750355  0.642755  0.680999 
4  0.591410  0.690100  0.680920  0.681251 0.0  0.472094  0.763750  0.820765  0.437674  0.841153  0.584652  0.553711  0.753816  0.657260  0.659564  0.724514  0.552621  0.679095  0.626163  0.769147  0.808749  0.655920  0.595419  0.782096  0.634464  0.639944  0.668431  0.620026  0.708026  0.528726  0.712258  0.754191  0.546424  0.617394  0.544946  0.647857  0.577728  0.537612  0.508744  0.753730  0.566745  0.687942  0.675599  0.654890  0.672884  0.651315  0.738943  0.661980  0.569819  0.722380  0.701611  0.685889  0.791567  0.794623  0.709701  0.578708  0.610846  0.686440  0.763838  0.697257  0.557820  0.623592  0.813215  0.738933  0.738567  0.442509  0.560449  0.666723  0.569943  0.830383  0.807540  0.515927  0.812567  0.706982  0.717152  0.815079  0.815353  0.781628  0.733950  0.670062  0.647350  0.801534  0.635796  0.753832  0.775377  0.576764  0.536633  0.733946  0.401282  0.734645  0.730513  0.787163  0.670611  0.546751  0.729316  0.492616  0.692150  0.617044  0.589866 
5  0.684795  0.712393  0.716809  0.530660  0.472094 0.0  0.735200  0.825841  0.600970  0.705974  0.584483  0.278758  0.728604  0.603231  0.652458  0.760965  0.569140  0.671543  0.735951  0.794288  0.787104  0.392789  0.653855  0.828846  0.593481  0.703023  0.601061  0.656097  0.746142  0.561626  0.737834  0.749091  0.706206  0.654633  0.611832  0.729644  0.680180  0.501358  0.594468  0.778683  0.668557  0.761482  0.742265  0.663875  0.670966  0.702675  0.676370  0.817742  0.693298  0.645036  0.748587  0.693336  0.781413  0.679564  0.729600  0.578637  0.673683  0.790847  0.807628  0.705625  0.632447  0.560822  0.746271  0.828127  0.818606  0.542844  0.716864  0.749820  0.586763  0.699496  0.776883  0.588022  0.686432  0.691000  0.842771  0.736954  0.761283  0.797845  0.759318  0.691713  0.784584  0.685978  0.707355  0.726227  0.558528  0.529425  0.617759  0.885498  0.453682  0.728308  0.675304  0.737766  0.616219  0.771500  0.793012  0.437577  0.653797  0.629473  0.730583 
6  0.595910  0.676287  0.537314  0.773209  0.763750  0.735200 0.0  0.606695  0.725165  0.345559  0.859258  0.676949  0.519843  0.733406  0.573494  0.625394  0.686487  0.712935  0.523693  0.553289  0.800152  0.729613  0.706888  0.626532  0.802199  0.765181  0.663985  0.796706  0.661993  0.713742  0.583829  0.499037  0.792140  0.789011  0.663376  0.639775  0.776452  0.755957  0.700698  0.622580  0.767419  0.655053  0.605343  0.758498  0.579929  0.458379  0.791870  0.405705  0.839114  0.635149  0.645635  0.724796  0.583382  0.637885  0.823178  0.827946  0.615066  0.837192  0.518204  0.693929  0.746529  0.722257  0.610863  0.625744  0.588279  0.698662  0.586521  0.407974  0.595270  0.615347  0.594856  0.636186  0.740483  0.651857  0.396269  0.537490  0.422924  0.547699  0.513775  0.456383  0.432056  0.682839  0.665638  0.540925  0.848771  0.704826  0.775254  0.557008  0.820296  0.624442  0.583260  0.604277  0.664630  0.623532  0.695244  0.748368  0.668250  0.728602  0.577030 
7  0.700097  0.764200  0.840104  0.802849  0.820765  0.825841  0.606695 0.0  0.823385  0.673050  0.882796  0.782593  0.746159  0.842666  0.787322  0.768486  0.833280  0.843700  0.793939  0.616895  0.868614  0.792000  0.692812  0.637661  0.859569  0.737743  0.741487  0.850172  0.687566  0.814101  0.608103  0.623839  0.858433  0.868756  0.724229  0.760671  0.867904  0.841816  0.759141  0.799485  0.893334  0.707109  0.664473  0.830344  0.701199  0.846816  0.764041  0.601927  0.904077  0.699224  0.715141  0.809339  0.570439  0.701797  0.886873  0.758717  0.737700  0.786608  0.694110  0.763141  0.927253  0.793598  0.609661  0.643331  0.722363  0.828842  0.800885  0.667839  0.775648  0.771249  0.595530  0.801464  0.763906  0.724402  0.609658  0.797430  0.649008  0.644395  0.578924  0.761359  0.701221  0.854734  0.622526  0.530290  0.836571  0.837594  0.850238  0.710363  0.879705  0.754204  0.799546  0.674736  0.809821  0.810952  0.549245  0.873910  0.663946  0.821299  0.764481 
8  0.577730  0.595859  0.701859  0.649423  0.437674  0.600970  0.725165  0.823385 0.0  0.600803  0.768736  0.596867  0.675829  0.743966  0.507226  0.699030  0.457611  0.645108  0.622153  0.707791  0.719953  0.563338  0.616093  0.782960  0.721003  0.760147  0.570881  0.737586  0.665189  0.539857  0.759168  0.709557  0.737164  0.730155  0.573469  0.643979  0.665532  0.553114  0.509659  0.649351  0.673583  0.667653  0.658525  0.628458  0.582287  0.629933  0.792998  0.812420  0.625043  0.671508  0.647404  0.676496  0.810067  0.690060  0.689329  0.619119  0.725524  0.677045  0.691672  0.538035  0.461788  0.699082  0.819921  0.612319  0.634105  0.591392  0.527904  0.783300  0.599976  0.698513  0.623455  0.478632  0.594526  0.670290  0.755195  0.688935  0.705611  0.752304  0.762472  0.734845  0.707714  0.672147  0.625380  0.845564  0.650465  0.595385  0.740704  0.705269  0.514578  0.613114  0.632410  0.686474  0.568864  0.610541  0.703161  0.595306  0.554365  0.653239  0.472303 
9  0.663964  0.511793  0.537588  0.765097  0.841153  0.705974  0.345559  0.673050  0.600803 0.0  0.704238  0.722548  0.290220  0.691235  0.764067  0.621924  0.666514  0.636092  0.602592  0.634411  0.790985  0.652852  0.589226  0.678435  0.887253  0.856144  0.648854  0.790632  0.609829  0.845965  0.606557  0.546634  0.879962  0.755732  0.681864  0.562495  0.870183  0.819210  0.799910  0.611419  0.757266  0.497187  0.544066  0.734155  0.625353  0.687716  0.859294  0.426425  0.801140  0.574349  0.516728  0.718645  0.462027  0.573633  0.743096  0.864840  0.587307  0.758833  0.512012  0.634631  0.778362  0.732373  0.626523  0.642155  0.552218  0.655989  0.640714  0.413410  0.634855  0.457746  0.513523  0.805872  0.649845  0.545534  0.550887  0.571691  0.542001  0.489749  0.477638  0.590500  0.485918  0.671002  0.549478  0.612293  0.706207  0.764493  0.780128  0.451783  0.746578  0.666212  0.502637  0.600750  0.578564  0.722651  0.681852  0.723686  0.701165  0.795975  0.723502 
10  0.748767  0.761036  0.760579  0.735457  0.584652  0.584483  0.859258  0.882796  0.768736  0.704238 0.0  0.570190  0.732219  0.779927  0.660193  0.626221  0.643513  0.700986  0.777264  0.768669  0.771504  0.587637  0.741685  0.831201  0.520621  0.696896  0.638020  0.418133  0.832352  0.675051  0.878823  0.820425  0.504542  0.581641  0.718444  0.760551  0.554079  0.627637  0.599471  0.618169  0.670611  0.696707  0.780527  0.730063  0.698178  0.800941  0.732626  0.786736  0.741075  0.736660  0.710779  0.788525  0.756031  0.770899  0.736966  0.558521  0.714871  0.742542  0.847317  0.760073  0.710444  0.640568  0.756656  0.805311  0.746414  0.552873  0.698856  0.725117  0.753142  0.799816  0.750922  0.525758  0.779864  0.754395  0.825359  0.688017  0.767967  0.740134  0.829592  0.938713  0.795208  0.722051  0.795715  0.816710  0.669475  0.221878  0.473063  0.760738  0.651233  0.747553  0.770202  0.764133  0.634959  0.775948  0.877298  0.625138  0.654598  0.361725  0.808207 
11  0.716367  0.675378  0.646431  0.580204  0.553711  0.278758  0.676949  0.782593  0.596867  0.722548  0.570190 0.0  0.711427  0.777174  0.604792  0.711711  0.620169  0.628489  0.747756  0.818188  0.747813  0.508600  0.623116  0.854161  0.583058  0.756476  0.725656  0.630251  0.766147  0.506640  0.834161  0.809675  0.680513  0.710809  0.641484  0.671824  0.775815  0.598395  0.592225  0.650007  0.660623  0.739097  0.667523  0.495654  0.644787  0.689767  0.729812  0.687863  0.668394  0.762278  0.774046  0.662220  0.738854  0.793613  0.717265  0.674483  0.662612  0.856993  0.676977  0.665669  0.705602  0.683011  0.805930  0.718102  0.726041  0.451759  0.674444  0.677839  0.607200  0.820160  0.681297  0.670378  0.691620  0.728255  0.768800  0.618384  0.745966  0.704417  0.708109  0.747594  0.829553  0.546304  0.792136  0.889543  0.632659  0.581608  0.545808  0.688231  0.566845  0.685722  0.667976  0.892020  0.671319  0.823113  0.883779  0.382538  0.598576  0.665085  0.646186 
12  0.725783  0.608523  0.586218  0.778464  0.753816  0.728604  0.519843  0.746159  0.675829  0.290220  0.732219  0.711427 0.0  0.754682  0.635495  0.501434  0.736027  0.739408  0.566509  0.550688  0.798472  0.652965  0.638910  0.744717  0.747544  0.852889  0.654457  0.777047  0.519414  0.633963  0.580710  0.433424  0.788516  0.854354  0.626486  0.555601  0.846190  0.676189  0.609857  0.655311  0.887707  0.497362  0.566313  0.746254  0.651885  0.607424  0.857469  0.493872  0.719281  0.655049  0.574050  0.666236  0.696034  0.470521  0.815775  0.821779  0.685342  0.782069  0.667568  0.608390  0.835897  0.696649  0.744362  0.592786  0.580996  0.691492  0.613955  0.553843  0.691552  0.344173  0.491792  0.700475  0.566798  0.574358  0.648797  0.336332  0.674626  0.483726  0.597221  0.579730  0.521076  0.704174  0.692565  0.627078  0.586173  0.767877  0.766189  0.477873  0.748419  0.472691  0.514769  0.554151  0.658431  0.629933  0.595938  0.761037  0.765111  0.778756  0.769897 
13  0.792459  0.648960  0.721043  0.710520  0.657260  0.603231  0.733406  0.842666  0.743966  0.691235  0.779927  0.777174  0.754682 0.0  0.718070  0.744206  0.717558  0.614135  0.791377  0.802965  0.664248  0.725129  0.689996  0.897577  0.675007  0.539942  0.669071  0.652555  0.751250  0.612741  0.834423  0.844147  0.692293  0.574080  0.717526  0.712827  0.629595  0.762720  0.623054  0.706798  0.713118  0.803219  0.676034  0.605556  0.786665  0.744761  0.548574  0.707967  0.308308  0.749776  0.668398  0.700689  0.783673  0.750153  0.626874  0.683429  0.813889  0.641975  0.749715  0.739011  0.747670  0.481290  0.745098  0.742977  0.727952  0.587054  0.729733  0.685934  0.710568  0.816795  0.705884  0.566351  0.685716  0.807322  0.776629  0.749117  0.819870  0.775483  0.718155  0.804834  0.755003  0.802367  0.639426  0.690315  0.691138  0.582743  0.665234  0.868306  0.602070  0.791752  0.733675  0.815318  0.640551  0.705748  0.830570  0.565350  0.649524  0.647442  0.643454 
14  0.422179  0.592398  0.687840  0.713194  0.659564  0.652458  0.573494  0.787322  0.507226  0.764067  0.660193  0.604792  0.635495  0.718070 0.0  0.643169  0.477330  0.676363  0.655009  0.714832  0.726529  0.740072  0.620937  0.787952  0.756843  0.636943  0.444331  0.637186  0.677191  0.679694  0.730183  0.767468  0.673750  0.731348  0.545900  0.682412  0.775198  0.617954  0.575537  0.565123  0.658190  0.652873  0.720293  0.660859  0.548303  0.660961  0.747206  0.797798  0.756770  0.605281  0.712158  0.675485  0.740758  0.638277  0.679882  0.794958  0.543917  0.780603  0.711234  0.553713  0.524838  0.600699  0.725113  0.518638  0.763740  0.730415  0.519963  0.731506  0.571785  0.621935  0.714233  0.645119  0.605223  0.645690  0.745131  0.551823  0.643322  0.733042  0.809747  0.750181  0.697863  0.687161  0.602632  0.677856  0.767291  0.707359  0.768917  0.671934  0.594839  0.490126  0.643867  0.706296  0.517929  0.614566  0.729633  0.634234  0.563456  0.616514  0.615186 
15  0.497972  0.376106  0.340522  0.676089  0.724514  0.760965  0.625394  0.768486  0.699030  0.621924  0.626221  0.711711  0.501434  0.744206  0.643169 0.0  0.659920  0.596963  0.232143  0.674871  0.836202  0.605022  0.610286  0.736808  0.654165  0.783967  0.535105  0.617598  0.410399  0.736803  0.641505  0.661818  0.744645  0.664710  0.612261  0.510492  0.823470  0.694299  0.671866  0.437836  0.821814  0.628134  0.513298  0.671684  0.592758  0.453861  0.764299  0.608140  0.755425  0.424179  0.359126  0.776319  0.676940  0.398423  0.703331  0.843771  0.431474  0.796100  0.661465  0.450154  0.738178  0.690586  0.697622  0.498709  0.381707  0.667140  0.566309  0.557564  0.542152  0.546553  0.618745  0.763514  0.432865  0.473917  0.678995  0.541340  0.617129  0.612529  0.554367  0.652587  0.656551  0.536179  0.265758  0.631922  0.686723  0.745296  0.690393  0.581388  0.604040  0.435186  0.474229  0.650488  0.491211  0.592681  0.761517  0.744887  0.663081  0.679911  0.657786 
16  0.684677  0.644096  0.566808  0.693088  0.552621  0.569140  0.686487  0.833280  0.457611  0.666514  0.643513  0.620169  0.736027  0.717558  0.477330  0.659920 0.0  0.762043  0.654948  0.815389  0.856986  0.405803  0.577052  0.755629  0.746758  0.788609  0.585526  0.625926  0.814542  0.606763  0.788190  0.751131  0.694392  0.746544  0.434783  0.705668  0.713973  0.570525  0.462924  0.561372  0.733132  0.754865  0.583861  0.721532  0.658757  0.594247  0.787383  0.832885  0.776206  0.700915  0.664450  0.800549  0.705960  0.669772  0.627474  0.620688  0.654300  0.811732  0.690713  0.591666  0.000000  0.683190  0.970928  0.649595  0.646424  0.543555  0.598950  0.703293  0.605339  0.748886  0.653060  0.532678  0.629559  0.640308  0.639441  0.578995  0.760617  0.629064  0.769879  0.712567  0.722155  0.625651  0.630773  0.704198  0.584396  0.593023  0.818724  0.748362  0.506265  0.617238  0.800029  0.684303  0.653395  0.687623  0.713808  0.488562  0.624062  0.646189  0.659523 
17  0.585321  0.511997  0.646541  0.724024  0.679095  0.671543  0.712935  0.843700  0.645108  0.636092  0.700986  0.628489  0.739408  0.614135  0.676363  0.596963  0.762043 0.0  0.597458  0.734211  0.827176  0.673961  0.746810  0.734375  0.766545  0.667071  0.548307  0.672711  0.664845  0.671437  0.636934  0.702287  0.698266  0.692792  0.589922  0.622464  0.702577  0.837027  0.595968  0.603916  0.681626  0.634286  0.600287  0.499988  0.757972  0.637224  0.664779  0.719340  0.714707  0.551650  0.583423  0.631753  0.631864  0.558189  0.518062  0.708619  0.663714  0.721647  0.701563  0.580543  0.812490  0.629404  0.774046  0.636858  0.666336  0.696537  0.420705  0.686325  0.550621  0.619249  0.811156  0.685837  0.517034  0.693692  0.726646  0.725379  0.677492  0.733835  0.673439  0.665957  0.760800  0.578091  0.582794  0.765765  0.678570  0.724287  0.809364  0.681147  0.704895  0.655724  0.618360  0.647661  0.526467  0.704115  0.646150  0.734067  0.389263  0.514082  0.534474 
18  0.501752  0.444269  0.334710  0.680005  0.626163  0.735951  0.523693  0.793939  0.622153  0.602592  0.777264  0.747756  0.566509  0.791377  0.655009  0.232143  0.654948  0.597458 0.0  0.608795  0.822980  0.603721  0.581567  0.768290  0.785281  0.873867  0.502804  0.807927  0.389005  0.698207  0.681989  0.713325  0.786826  0.747927  0.617700  0.340404  0.724803  0.635240  0.647717  0.494173  0.705963  0.537440  0.414720  0.680694  0.608501  0.435366  0.786248  0.614715  0.760759  0.458730  0.366246  0.739473  0.670003  0.403181  0.780070  0.737940  0.290652  0.805170  0.565859  0.552914  0.578594  0.660955  0.729392  0.516913  0.470252  0.703237  0.483952  0.604134  0.545332  0.509622  0.564045  0.640107  0.434983  0.489644  0.741457  0.602895  0.609753  0.643441  0.746033  0.707409  0.612336  0.592090  0.291179  0.751703  0.791002  0.803124  0.750535  0.562382  0.702842  0.413237  0.445232  0.602504  0.489164  0.562030  0.643477  0.594263  0.646643  0.771606  0.707090 
19  0.706962  0.722067  0.631392  0.690529  0.769147  0.794288  0.553289  0.616895  0.707791  0.634411  0.768669  0.818188  0.550688  0.802965  0.714832  0.674871  0.815389  0.734211  0.608795 0.0  0.837514  0.824667  0.756385  0.573342  0.881330  0.752762  0.711395  0.745692  0.668311  0.778940  0.541189  0.472384  0.741267  0.875566  0.765549  0.698900  0.756993  0.755851  0.785597  0.719744  0.828430  0.605599  0.699868  0.848901  0.668380  0.547300  0.775294  0.556717  0.769925  0.642534  0.555675  0.811137  0.598158  0.687225  0.754350  0.790037  0.596304  0.730662  0.699756  0.567815  0.770648  0.789660  0.639128  0.628675  0.565979  0.731475  0.757972  0.455675  0.763669  0.632413  0.544370  0.662399  0.623950  0.590873  0.487970  0.602401  0.569056  0.567493  0.585390  0.676014  0.573808  0.719031  0.697373  0.419063  0.722817  0.807074  0.774166  0.720031  0.817524  0.648930  0.632035  0.386099  0.796432  0.651059  0.502170  0.722588  0.756364  0.733615  0.713674 
20  0.769644  0.695235  0.792893  0.780624  0.808749  0.787104  0.800152  0.868614  0.719953  0.790985  0.771504  0.747813  0.798472  0.664248  0.726529  0.836202  0.856986  0.827176  0.822980  0.837514 0.0  0.850589  0.791764  0.787295  0.633692  0.559550  0.864081  0.748870  0.792340  0.836590  0.894026  0.851304  0.678090  0.648426  0.752989  0.791717  0.613232  0.779595  0.768579  0.875129  0.654422  0.801028  0.849614  0.640031  0.737786  0.712822  0.555377  0.838372  0.552332  0.640376  0.745207  0.612695  0.831263  0.813729  0.657237  0.689500  0.812920  0.435340  0.785077  0.805698  0.813296  0.735391  0.753737  0.674675  0.834431  0.756401  0.726099  0.767598  0.771409  0.779620  0.866214  0.725365  0.743917  0.855952  0.816787  0.822362  0.818968  0.820233  0.842810  0.797365  0.782935  0.824034  0.760290  0.800664  0.694767  0.807113  0.686417  0.850837  0.762380  0.865948  0.857817  0.857272  0.811159  0.809085  0.791317  0.815199  0.739645  0.808325  0.656768 
21  0.576792  0.674012  0.742794  0.689581  0.655920  0.392789  0.729613  0.792000  0.563338  0.652852  0.587637  0.508600  0.652965  0.725129  0.740072  0.605022  0.405803  0.673961  0.603721  0.824667  0.850589 0.0  0.660350  0.812543  0.656119  0.805900  0.691835  0.627492  0.721203  0.641435  0.720165  0.687221  0.699160  0.683439  0.386091  0.635717  0.683964  0.384397  0.614079  0.617857  0.655658  0.793352  0.682375  0.674635  0.696972  0.573511  0.785448  0.699989  0.658934  0.687009  0.680684  0.763898  0.819770  0.640956  0.804234  0.658304  0.690944  0.820666  0.711154  0.603386  0.519643  0.596317  0.829721  0.569568  0.767625  0.678812  0.562671  0.713898  0.723905  0.725743  0.876765  0.568161  0.704839  0.650433  0.807491  0.754185  0.680454  0.800725  0.751935  0.667221  0.724889  0.661338  0.596878  0.717416  0.638565  0.610823  0.658145  0.662434  0.477262  0.659043  0.644566  0.696835  0.808040  0.673163  0.775463  0.348339  0.679126  0.697365  0.714547 
22  0.634134  0.616871  0.636617  0.630426  0.595419  0.653855  0.706888  0.692812  0.616093  0.589226  0.741685  0.623116  0.638910  0.689996  0.620937  0.610286  0.577052  0.746810  0.581567  0.756385  0.791764  0.660350 0.0  0.775159  0.680016  0.770696  0.658802  0.694542  0.560462  0.688525  0.654564  0.674340  0.727742  0.668246  0.637133  0.666275  0.786449  0.740993  0.480552  0.629208  0.686050  0.507887  0.613383  0.739943  0.382160  0.639697  0.707330  0.691524  0.684559  0.617545  0.608753  0.675241  0.691177  0.543023  0.705722  0.648698  0.571116  0.829973  0.654411  0.557038  0.674571  0.854155  0.804484  0.535083  0.577067  0.696638  0.575051  0.558280  0.458799  0.610350  0.653100  0.663429  0.631862  0.543497  0.725025  0.732765  0.723407  0.655027  0.684621  0.717759  0.686252  0.438211  0.565656  0.754954  0.561721  0.755865  0.678605  0.657883  0.589600  0.583504  0.684378  0.699445  0.658040  0.517217  0.767702  0.724369  0.674874  0.730881  0.557910 
23  0.649381  0.654310  0.575705  0.789540  0.782096  0.828846  0.626532  0.637661  0.782960  0.678435  0.831201  0.854161  0.744717  0.897577  0.787952  0.736808  0.755629  0.734375  0.768290  0.573342  0.787295  0.812543  0.775159 0.0  0.736151  0.886683  0.763719  0.799360  0.739501  0.779165  0.684350  0.612681  0.804931  0.749767  0.799428  0.609604  0.776853  0.767510  0.674272  0.918015  0.779202  0.716813  0.684601  0.730236  0.655673  0.687276  0.807945  0.714674  0.771894  0.724410  0.679791  0.764935  0.312817  0.693251  0.766619  0.760118  0.657541  0.941873  0.539664  0.619606  0.794870  0.863897  0.459841  0.795642  0.519047  0.782663  0.798034  0.683680  0.785979  0.710690  0.499074  0.823603  0.700893  0.682581  0.502506  0.646550  0.515782  0.610445  0.490107  0.546653  0.523381  0.752955  0.754365  0.522398  0.812048  0.789489  0.808118  0.748809  0.800807  0.680153  0.707889  0.547338  0.615070  0.857800  0.476189  0.840954  0.748700  0.749856  0.734342 
24  0.793129  0.614532  0.729196  0.682645  0.634464  0.593481  0.802199  0.859569  0.721003  0.887253  0.520621  0.583058  0.747544  0.675007  0.756843  0.654165  0.746758  0.766545  0.785281  0.881330  0.633692  0.656119  0.680016  0.736151 0.0  0.688555  0.710383  0.457669  0.745142  0.557919  0.727480  0.870491  0.601838  0.688509  0.643753  0.800923  0.591701  0.608609  0.589688  0.861201  0.603010  0.764372  0.778151  0.612586  0.772004  0.640928  0.673295  0.806103  0.637154  0.715025  0.804710  0.619300  0.865219  0.848425  0.787867  0.235097  0.917044  0.701299  0.766296  0.695929  0.624079  0.656308  0.734769  0.740517  0.630651  0.606716  0.704173  0.753643  0.803706  0.768478  0.829072  0.691751  0.652658  0.698969  0.767484  0.774684  0.811985  0.824988  0.773874  0.754633  0.889906  0.730934  0.635833  0.819677  0.627807  0.488384  0.497619  0.760571  0.643039  0.674386  0.803033  0.749164  0.629465  0.752744  0.800792  0.627476  0.721874  0.578245  0.693508 
25  0.823027  0.829526  0.755337  0.766153  0.639944  0.703023  0.765181  0.737743  0.760147  0.856144  0.696896  0.756476  0.852889  0.539942  0.636943  0.783967  0.788609  0.667071  0.873867  0.752762  0.559550  0.805900  0.770696  0.886683  0.688555 0.0  0.836792  0.806734  0.797087  0.667962  0.797756  0.756169  0.699405  0.692769  0.722726  0.773336  0.703137  0.768279  0.742627  0.750844  0.697503  0.732683  0.724964  0.653422  0.812831  0.699830  0.517591  0.849318  0.685399  0.840743  0.855019  0.683128  0.823349  0.675082  0.748413  0.705363  0.795473  0.418884  0.693007  0.708527  0.778926  0.617761  0.859881  0.769660  0.866201  0.623828  0.681103  0.837441  0.819234  0.793467  0.814538  0.731921  0.742979  0.870185  0.815068  0.856195  0.731266  0.788437  0.777825  0.693680  0.728484  0.844962  0.769080  0.850734  0.714050  0.678984  0.690196  0.759441  0.725220  0.764131  0.712764  0.853917  0.734234  0.801415  0.810470  0.712811  0.737346  0.690961  0.746935 
26  0.454317  0.658485  0.549775  0.876480  0.668431  0.601061  0.663985  0.741487  0.570881  0.648854  0.638020  0.725656  0.654457  0.669071  0.444331  0.535105  0.585526  0.548307  0.502804  0.711395  0.864081  0.691835  0.658802  0.763719  0.710383  0.836792 0.0  0.719244  0.692279  0.637947  0.697388  0.702599  0.781668  0.657019  0.686951  0.617520  0.646129  0.683945  0.512565  0.497529  0.766141  0.748788  0.578946  0.762910  0.637811  0.610024  0.740024  0.660211  0.688964  0.619840  0.602414  0.678049  0.751293  0.568111  0.657139  0.758444  0.505854  0.822112  0.757146  0.479885  0.644426  0.582400  0.708796  0.547569  0.685162  0.699728  0.525106  0.687410  0.407670  0.635930  0.693617  0.440609  0.640266  0.533698  0.751966  0.693010  0.668862  0.627586  0.676172  0.574042  0.707691  0.728401  0.564310  0.730457  0.727006  0.766152  0.680317  0.683341  0.678505  0.630851  0.627602  0.759991  0.434168  0.648354  0.777674  0.686157  0.575330  0.679323  0.518272 
27  0.642484  0.748894  0.816531  0.569501  0.620026  0.656097  0.796706  0.850172  0.737586  0.790632  0.418133  0.630251  0.777047  0.652555  0.637186  0.617598  0.625926  0.672711  0.807927  0.745692  0.748870  0.627492  0.694542  0.799360  0.457669  0.806734  0.719244 0.0  0.778498  0.697170  0.868974  0.712877  0.499554  0.620021  0.687260  0.783360  0.581074  0.607753  0.712908  0.768571  0.602026  0.723829  0.663336  0.720653  0.781706  0.779060  0.708105  0.865540  0.634190  0.681315  0.727584  0.695155  0.860376  0.803478  0.812545  0.550379  0.633067  0.685024  0.740747  0.816512  0.659937  0.641922  0.772682  0.717958  0.790765  0.644336  0.772555  0.855286  0.656578  0.773079  0.823673  0.590990  0.791239  0.818706  0.728092  0.704674  0.710670  0.718643  0.783915  0.725340  0.786911  0.819066  0.806966  0.784059  0.525698  0.368092  0.411959  0.728744  0.662164  0.677505  0.721778  0.819994  0.741854  0.714192  0.838187  0.634779  0.870041  0.550988  0.599201 
28  0.509634  0.485735  0.305223  0.811600  0.708026  0.746142  0.661993  0.687566  0.665189  0.609829  0.832352  0.766147  0.519414  0.751250  0.677191  0.410399  0.814542  0.664845  0.389005  0.668311  0.792340  0.721203  0.560462  0.739501  0.745142  0.797087  0.692279  0.778498 0.0  0.763072  0.715355  0.565320  0.705603  0.783646  0.657850  0.358088  0.893486  0.581467  0.724753  0.565336  0.691807  0.400651  0.378327  0.776769  0.579014  0.485228  0.805183  0.503975  0.719610  0.478931  0.218928  0.635362  0.708901  0.257753  0.745440  0.726064  0.428515  0.829030  0.621441  0.550128  0.647736  0.611791  0.802489  0.434468  0.401585  0.682890  0.632431  0.613096  0.631019  0.488336  0.569249  0.599779  0.545534  0.525902  0.693194  0.473269  0.729766  0.619682  0.635711  0.557514  0.595906  0.619622  0.579830  0.723331  0.714640  0.699773  0.806071  0.377748  0.753364  0.387559  0.423679  0.636970  0.549939  0.506338  0.689209  0.672437  0.609689  0.765991  0.677132 
29  0.584435  0.586283  0.690493  0.710453  0.528726  0.561626  0.713742  0.814101  0.539857  0.845965  0.675051  0.506640  0.633963  0.612741  0.679694  0.736803  0.606763  0.671437  0.698207  0.778940  0.836590  0.641435  0.688525  0.779165  0.557919  0.667962  0.637947  0.697170  0.763072 0.0  0.744185  0.775398  0.682276  0.657416  0.548338  0.652596  0.678386  0.631448  0.480954  0.787585  0.594248  0.611107  0.753271  0.537469  0.778948  0.669837  0.656748  0.853777  0.647110  0.606915  0.758159  0.698015  0.696318  0.682639  0.685082  0.690861  0.768974  0.780586  0.729612  0.609643  0.645547  0.586638  0.757685  0.620356  0.726217  0.398478  0.564634  0.682218  0.692656  0.711537  0.804686  0.384872  0.627923  0.691800  0.776115  0.822442  0.780025  0.690290  0.781747  0.700414  0.809523  0.671615  0.657056  0.756397  0.758213  0.562623  0.676438  0.653420  0.663633  0.677521  0.704590  0.793031  0.625678  0.798245  0.804943  0.604790  0.645795  0.675524  0.619380 
30  0.617187  0.655356  0.665157  0.787254  0.712258  0.737834  0.583829  0.608103  0.759168  0.606557  0.878823  0.834161  0.580710  0.834423  0.730183  0.641505  0.788190  0.636934  0.681989  0.541189  0.894026  0.720165  0.654564  0.684350  0.727480  0.797756  0.697388  0.868974  0.715355  0.744185 0.0  0.395919  0.727080  0.818789  0.676606  0.732541  0.864554  0.760766  0.771848  0.644221  0.863219  0.595338  0.601049  0.700336  0.596116  0.550334  0.784277  0.501502  0.870625  0.805033  0.744294  0.713509  0.523901  0.657985  0.798078  0.751260  0.720543  0.823314  0.500175  0.687211  0.694453  0.800300  0.505737  0.630791  0.694300  0.676894  0.722057  0.509023  0.751756  0.618270  0.575814  0.705347  0.741781  0.769678  0.298755  0.582074  0.595417  0.591976  0.543904  0.455248  0.521463  0.634291  0.767964  0.447488  0.796365  0.794341  0.786319  0.661651  0.674881  0.606587  0.694399  0.498945  0.664856  0.650556  0.602928  0.744113  0.800786  0.790704  0.678598 
31  0.694959  0.697141  0.541399  0.800934  0.754191  0.749091  0.499037  0.623839  0.709557  0.546634  0.820425  0.809675  0.433424  0.844147  0.767468  0.661818  0.751131  0.702287  0.713325  0.472384  0.851304  0.687221  0.674340  0.612681  0.870491  0.756169  0.702599  0.712877  0.565320  0.775398  0.395919 0.0  0.815724  0.787275  0.768551  0.522571  0.936983  0.720623  0.644826  0.612540  0.849130  0.620593  0.546160  0.787893  0.674040  0.757341  0.760301  0.222339  0.797568  0.701400  0.586382  0.762683  0.535828  0.724697  0.824696  0.761640  0.576257  0.872248  0.575212  0.714683  0.688207  0.805096  0.643000  0.601318  0.566562  0.679661  0.803249  0.441469  0.735423  0.656172  0.400127  0.802027  0.628964  0.758957  0.469921  0.470208  0.467833  0.399697  0.429027  0.557417  0.328348  0.670734  0.703173  0.696943  0.785629  0.830693  0.952896  0.503999  0.756054  0.686528  0.645580  0.419941  0.742114  0.646677  0.654538  0.700376  0.728118  0.805070  0.696298 
32  0.769907  0.834634  0.831629  0.730509  0.546424  0.706206  0.792140  0.858433  0.737164  0.879962  0.504542  0.680513  0.788516  0.692293  0.673750  0.744645  0.694392  0.698266  0.786826  0.741267  0.678090  0.699160  0.727742  0.804931  0.601838  0.699405  0.781668  0.499554  0.705603  0.682276  0.727080  0.815724 0.0  0.650619  0.786995  0.709722  0.397368  0.700555  0.723576  0.718278  0.339594  0.765322  0.745054  0.596948  0.748278  0.803869  0.650244  0.878015  0.603103  0.765459  0.793346  0.705829  0.854079  0.812138  0.726465  0.497622  0.810076  0.755622  0.770519  0.749200  0.605254  0.730556  0.846345  0.857077  0.715828  0.618056  0.707942  0.758301  0.729426  0.852815  0.781219  0.619586  0.781058  0.815958  0.797082  0.722931  0.809585  0.773130  0.897958  0.694629  0.847339  0.830018  0.719973  0.882552  0.642706  0.552161  0.408416  0.799639  0.667336  0.642943  0.781229  0.793638  0.650380  0.772607  0.838720  0.646290  0.862778  0.657433  0.767178 
33  0.773322  0.611341  0.693566  0.645345  0.617394  0.654633  0.789011  0.868756  0.730155  0.755732  0.581641  0.710809  0.854354  0.574080  0.731348  0.664710  0.746544  0.692792  0.747927  0.875566  0.648426  0.683439  0.668246  0.749767  0.688509  0.692769  0.657019  0.620021  0.783646  0.657416  0.818789  0.787275  0.650619 0.0  0.719997  0.740048  0.684885  0.720676  0.603193  0.662421  0.424205  0.761141  0.767288  0.606367  0.751887  0.750438  0.639482  0.744013  0.554614  0.702880  0.810741  0.594208  0.885529  0.809238  0.703727  0.586722  0.610021  0.727005  0.811604  0.709217  0.717814  0.608354  0.782746  0.814891  0.749919  0.586448  0.715981  0.845722  0.766702  0.827192  0.818311  0.638528  0.718617  0.675021  0.815660  0.772338  0.831333  0.687348  0.763883  0.778378  0.860209  0.789002  0.725229  0.712295  0.776730  0.761339  0.589739  0.692898  0.552595  0.667087  0.740197  0.753491  0.718807  0.792008  0.896493  0.662061  0.716484  0.745915  0.744006 
34  0.552435  0.649470  0.631414  0.684754  0.544946  0.611832  0.663376  0.724229  0.573469  0.681864  0.718444  0.641484  0.626486  0.717526  0.545900  0.612261  0.434783  0.589922  0.617700  0.765549  0.752989  0.386091  0.637133  0.799428  0.643753  0.722726  0.686951  0.687260  0.657850  0.548338  0.676606  0.768551  0.786995  0.719997 0.0  0.700236  0.653438  0.550275  0.619772  0.631645  0.651987  0.705744  0.666063  0.583365  0.634787  0.677657  0.800828  0.688312  0.669587  0.689618  0.651373  0.616778  0.803025  0.648104  0.731745  0.694046  0.610503  0.823170  0.752532  0.588614  0.393714  0.659767  0.817086  0.544825  0.651756  0.617427  0.664998  0.729417  0.661804  0.670815  0.806062  0.663655  0.576041  0.583311  0.741022  0.737818  0.686120  0.699681  0.891058  0.644389  0.664802  0.560839  0.585173  0.776119  0.618023  0.651921  0.602116  0.672728  0.357784  0.691465  0.760063  0.690929  0.738617  0.660349  0.708628  0.551141  0.665114  0.685872  0.619699 
35  0.623879  0.552757  0.248213  0.707466  0.647857  0.729644  0.639775  0.760671  0.643979  0.562495  0.760551  0.671824  0.555601  0.712827  0.682412  0.510492  0.705668  0.622464  0.340404  0.698900  0.791717  0.635717  0.666275  0.609604  0.800923  0.773336  0.617520  0.783360  0.358088  0.652596  0.732541  0.522571  0.709722  0.740048  0.700236 0.0  0.736142  0.722906  0.764323  0.421304  0.683976  0.562761  0.194881  0.676538  0.571074  0.218115  0.797239  0.745817  0.746971  0.485026  0.304194  0.784478  0.667094  0.406450  0.705223  0.779723  0.401952  0.919104  0.602505  0.540218  0.694012  0.750369  0.735059  0.633091  0.344343  0.774956  0.653515  0.630313  0.616155  0.547365  0.619537  0.714808  0.442512  0.479449  0.641236  0.584953  0.549361  0.578807  0.652599  0.634774  0.641613  0.549343  0.423903  0.687702  0.837397  0.759435  0.738597  0.496635  0.698698  0.000000  0.237455  0.587335  0.545629  0.642620  0.774844  0.704721  0.701579  0.881336  0.655058 
36  0.715337  0.761850  0.783006  0.835752  0.577728  0.680180  0.776452  0.867904  0.665532  0.870183  0.554079  0.775815  0.846190  0.629595  0.775198  0.823470  0.713973  0.702577  0.724803  0.756993  0.613232  0.683964  0.786449  0.776853  0.591701  0.703137  0.646129  0.581074  0.893486  0.678386  0.864554  0.936983  0.397368  0.684885  0.653438  0.736142 0.0  0.742177  0.807139  0.839842  0.497739  0.849533  0.816362  0.663452  0.748456  0.694071  0.660062  0.751716  0.589233  0.719117  0.778392  0.711285  0.816530  0.793411  0.702912  0.498863  0.738280  0.691454  0.866646  0.733515  0.638705  0.723620  0.866716  0.728435  0.740342  0.593856  0.618466  0.787329  0.671902  0.749988  0.727433  0.703211  0.820338  0.784032  0.762520  0.806337  0.835316  0.731196  0.771454  0.792355  0.845738  0.790952  0.779549  0.825246  0.831813  0.693045  0.637492  0.766750  0.750512  0.777801  0.716303  0.800558  0.729767  0.832434  0.903605  0.726499  0.715542  0.796060  0.744960 
37  0.680453  0.583618  0.771882  0.559914  0.537612  0.501358  0.755957  0.841816  0.553114  0.819210  0.627637  0.598395  0.676189  0.762720  0.617954  0.694299  0.570525  0.837027  0.635240  0.755851  0.779595  0.384397  0.740993  0.767510  0.608609  0.768279  0.683945  0.607753  0.581467  0.631448  0.760766  0.720623  0.700555  0.720676  0.550275  0.722906  0.742177 0.0  0.524365  0.651012  0.663572  0.659760  0.767792  0.674842  0.642557  0.679361  0.693424  0.812415  0.666589  0.688888  0.656077  0.721879  0.776169  0.726675  0.683606  0.725734  0.723407  0.820275  0.750406  0.636283  0.483222  0.632896  0.807792  0.639781  0.772708  0.536835  0.707785  0.726044  0.650678  0.727947  0.666355  0.581203  0.630768  0.784342  0.743643  0.698503  0.737841  0.647002  0.800274  0.760559  0.670475  0.582021  0.748492  0.795406  0.602186  0.552260  0.607050  0.744198  0.373069  0.670507  0.706755  0.713021  0.741425  0.669941  0.704244  0.493644  0.719859  0.718358  0.545529 
38  0.650220  0.657465  0.721843  0.779117  0.508744  0.594468  0.700698  0.759141  0.509659  0.799910  0.599471  0.592225  0.609857  0.623054  0.575537  0.671866  0.462924  0.595968  0.647717  0.785597  0.768579  0.614079  0.480552  0.674272  0.589688  0.742627  0.512565  0.712908  0.724753  0.480954  0.771848  0.644826  0.723576  0.603193  0.619772  0.764323  0.807139  0.524365 0.0  0.663441  0.666141  0.694304  0.663120  0.429437  0.664139  0.732339  0.718891  0.701635  0.576330  0.691232  0.678226  0.628062  0.734209  0.653725  0.709637  0.699118  0.645579  0.725387  0.760713  0.617339  0.573406  0.657175  0.706268  0.747509  0.680682  0.590004  0.541524  0.728219  0.571261  0.762746  0.878813  0.471162  0.670747  0.649573  0.738345  0.732519  0.730780  0.695763  0.838054  0.760206  0.667500  0.730064  0.663952  0.691755  0.678704  0.683072  0.703919  0.718094  0.548205  0.698538  0.646374  0.761491  0.565935  0.754518  0.837521  0.504649  0.504183  0.565132  0.534976 
39  0.366519  0.373886  0.430447  0.747348  0.753730  0.778683  0.622580  0.799485  0.649351  0.611419  0.618169  0.650007  0.655311  0.706798  0.565123  0.437836  0.561372  0.603916  0.494173  0.719744  0.875129  0.617857  0.629208  0.918015  0.861201  0.750844  0.497529  0.768571  0.565336  0.787585  0.644221  0.612540  0.718278  0.662421  0.631645  0.421304  0.839842  0.651012  0.663441 0.0  0.743226  0.659714  0.523493  0.749847  0.569507  0.535965  0.758107  0.501251  0.815774  0.433313  0.431390  0.648415  0.678910  0.492445  0.643072  0.738196  0.436766  0.713991  0.607472  0.219848  0.603339  0.844301  0.676181  0.530019  0.582229  0.693379  0.584108  0.673620  0.477466  0.628450  0.650239  0.767761  0.479914  0.554472  0.697869  0.637841  0.666518  0.612608  0.699463  0.691757  0.669990  0.493086  0.498153  0.743298  0.705293  0.675791  0.747574  0.584426  0.624719  0.406282  0.431192  0.696055  0.598584  0.494853  0.634368  0.655626  0.625991  0.699922  0.639895 
