99
0 0.0  0.537031  0.640952  0.582430  0.436962  0.799618  0.665786  0.724882  0.771699  0.424899  0.651577  0.697713  0.576830  0.650603  0.698161  0.590545  0.782525  0.763871  0.720771  0.389451  0.802900  0.696413  0.250175  0.375093  0.608077  0.665012  0.544505  0.825230  0.548398  0.619798  0.674908  0.439391  0.590265  0.637281  0.702238  0.288651  0.629580  0.684797  0.712232  0.646965  0.599522  0.382884  0.694227  0.443400  0.746871  0.509042  0.782981  0.797896  0.491905  0.579204  0.453402  0.584429  0.792204  0.584645  0.467195  0.680125  0.767179  0.544570  0.764788  0.646483  0.675662  0.513676  0.496117  0.653575  0.116346  0.532887  0.343411  0.514136  0.689026  0.722265  0.732678  0.637008  0.330224  0.598750  0.751506  0.666280  0.454427  0.735908  0.419234  0.693445  0.782860  0.677974  0.753041  0.648352  0.791677  0.774596  0.492140  0.626773  0.730473  0.593390  0.659527  0.656091  0.718661  0.672328  0.722010  0.645533  0.445243  0.532869  0.709464 
1  0.537031 0.0  0.482681  0.651350  0.661206  0.535834  0.319960  0.569256  0.613631  0.636636  0.722354  0.386763  0.559364  0.755127  0.822895  0.733233  0.706963  0.651475  0.655525  0.732201  0.718307  0.626322  0.720157  0.578365  0.754149  0.797006  0.611065  0.638731  0.784837  0.772200  0.697417  0.629476  0.704078  0.619655  0.878188  0.648712  0.760657  0.436896  0.781150  0.558996  0.633506  0.731937  0.654283  0.670881  0.777075  0.397874  0.804688  0.747652  0.704531  0.638730  0.675948  0.538495  0.558258  0.557737  0.605321  0.735557  0.701210  0.556396  0.770047  0.805097  0.491038  0.645894  0.697573  0.687166  0.627180  0.672755  0.648242  0.781219  0.576480  0.593407  0.589307  0.769613  0.643981  0.665636  0.727353  0.593952  0.703026  0.761569  0.660944  0.887105  0.707391  0.555146  0.879004  0.769791  0.879599  0.659893  0.598479  0.623066  0.694761  0.782804  0.344154  0.625329  0.724958  0.657474  0.748712  0.668155  0.597679  0.525348  0.623463 
2  0.640952  0.482681 0.0  0.453205  0.591626  0.595322  0.524527  0.664209  0.682377  0.528856  0.712251  0.771941  0.548643  0.908303  0.769129  0.638117  0.652007  0.705803  0.652343  0.602446  0.707662  0.623726  0.639284  0.649739  0.656676  0.715064  0.485872  0.671481  0.695666  0.560309  0.672450  0.737132  0.650218  0.770988  0.765713  0.489595  0.694945  0.610594  0.752638  0.709702  0.725888  0.515760  0.704771  0.702989  0.774120  0.510096  0.791948  0.756378  0.602114  0.680130  0.615373  0.425082  0.707239  0.480325  0.420559  0.787233  0.795486  0.476458  0.789420  0.700181  0.615294  0.678280  0.566975  0.598840  0.554893  0.763656  0.597104  0.722309  0.392935  0.709630  0.635706  0.610190  0.485996  0.640822  0.690853  0.650388  0.598855  0.725549  0.693992  0.840565  0.794410  0.797147  0.767343  0.785302  0.759329  0.702025  0.573803  0.704956  0.715258  0.601480  0.504949  0.576497  0.728259  0.661427  0.648548  0.713779  0.565539  0.325174  0.539779 
3  0.582430  0.651350  0.453205 0.0  0.603498  0.617813  0.730278  0.754928  0.749705  0.474996  0.595628  0.520145  0.544528  0.740793  0.653027  0.660004  0.720649  0.671660  0.781479  0.625122  0.684341  0.718214  0.601685  0.556159  0.761317  0.863806  0.619949  0.649389  0.752611  0.610634  0.711446  0.613594  0.628254  0.774981  0.853674  0.415491  0.648579  0.793705  0.804516  0.683406  0.633403  0.500234  0.769136  0.557763  0.829410  0.544961  0.749476  0.737165  0.554467  0.668206  0.526945  0.408668  0.695690  0.532173  0.465870  0.742019  0.739066  0.593174  0.713570  0.709892  0.701738  0.560075  0.626243  0.659668  0.429795  0.633402  0.528384  0.770813  0.426649  0.561864  0.722919  0.645796  0.520331  0.537887  0.651271  0.711560  0.534980  0.793881  0.645218  0.676694  0.805552  0.725870  0.820965  0.602163  0.690839  0.698619  0.545178  0.625402  0.675834  0.643960  0.657011  0.485265  0.896902  0.715014  0.757596  0.671706  0.589959  0.579497  0.661030 
4  0.436962  0.661206  0.591626  0.603498 0.0  0.742575  0.671073  0.780240  0.821910  0.433989  0.586030  0.595619  0.501188  0.568722  0.684251  0.538507  0.718895  0.832823  0.754397  0.332361  0.695237  0.719626  0.414097  0.434272  0.558849  0.699427  0.442659  0.858753  0.657703  0.549236  0.662293  0.374886  0.440728  0.736146  0.837002  0.463359  0.541880  0.660794  0.643169  0.745905  0.694546  0.510168  0.603900  0.394092  0.822269  0.586207  0.692975  0.789368  0.429325  0.671354  0.395675  0.645401  0.661462  0.643389  0.489150  0.725032  0.833005  0.564092  0.728716  0.592054  0.761745  0.526345  0.394730  0.553942  0.350118  0.424826  0.509688  0.592095  0.562104  0.674304  0.704448  0.637303  0.481077  0.460942  0.768670  0.665632  0.341203  0.744727  0.522971  0.770124  0.667972  0.707920  0.802489  0.669121  0.882378  0.779594  0.349849  0.567458  0.649970  0.557306  0.758535  0.578460  0.684219  0.612663  0.769569  0.669040  0.338793  0.647006  0.723556 
5  0.799618  0.535834  0.595322  0.617813  0.742575 0.0  0.676619  0.586373  0.677923  0.733797  0.759561  0.575604  0.743086  0.891438  0.675337  0.866850  0.744065  0.568320  0.517031  0.798524  0.758072  0.575578  0.624664  0.773616  0.848319  0.793808  0.618067  0.585986  0.700863  0.722398  0.727608  0.739410  0.807799  0.504958  0.818703  0.617710  0.795577  0.440935  0.709322  0.446708  0.574764  0.662709  0.641763  0.683398  0.779762  0.594978  0.880174  0.619734  0.750819  0.794453  0.604888  0.671870  0.515630  0.619003  0.698436  0.763862  0.712810  0.544468  0.722994  0.731773  0.578368  0.823428  0.661818  0.738683  0.699769  0.647952  0.711621  0.811973  0.611946  0.583286  0.501652  0.816967  0.638854  0.661837  0.725447  0.633018  0.782313  0.828491  0.765732  0.793264  0.870960  0.614809  0.842187  0.803152  0.788085  0.634530  0.688847  0.740871  0.728391  0.713967  0.519978  0.638557  0.756246  0.737864  0.807901  0.724722  0.776895  0.626028  0.458412 
6  0.665786  0.319960  0.524527  0.730278  0.671073  0.676619 0.0  0.696920  0.682200  0.610204  0.759519  0.325632  0.574125  0.729925  0.794255  0.746093  0.715868  0.695396  0.720939  0.656705  0.896816  0.672802  0.596311  0.614981  0.665351  0.822839  0.606122  0.640652  0.780461  0.742498  0.731989  0.696330  0.646098  0.748207  0.769481  0.593628  0.755282  0.628964  0.785574  0.598759  0.642926  0.681773  0.700720  0.691000  0.881878  0.418313  0.667784  0.788425  0.723176  0.819850  0.605241  0.624679  0.669282  0.597429  0.541168  0.769145  0.688938  0.525482  0.677226  0.627160  0.491490  0.735279  0.673072  0.678289  0.663625  0.623873  0.561950  0.842628  0.546187  0.646204  0.573324  0.765501  0.623720  0.638651  0.785028  0.642076  0.681044  0.682811  0.652848  0.778492  0.806031  0.599065  0.747157  0.784880  0.939334  0.795710  0.752484  0.779405  0.901974  0.634065  0.488712  0.699104  0.717811  0.780349  0.686175  0.695492  0.617268  0.496041  0.446710 
7  0.724882  0.569256  0.664209  0.754928  0.780240  0.586373  0.696920 0.0  0.549834  0.717978  0.778637  0.726350  0.779073  0.916212  0.751635  0.757141  0.717280  0.453731  0.470630  0.712432  0.840663  0.662981  0.720859  0.778635  0.790988  0.789019  0.662147  0.522110  0.790290  0.817622  0.560139  0.775562  0.883861  0.479866  0.865326  0.785454  0.810588  0.615054  0.772266  0.565574  0.802804  0.714951  0.730578  0.704965  0.704652  0.717420  0.810040  0.580502  0.906433  0.730601  0.725249  0.767472  0.576341  0.707722  0.550229  0.866850  0.534027  0.679275  0.591337  0.786242  0.653933  0.771355  0.750843  0.732331  0.629874  0.742656  0.842806  0.861964  0.613303  0.666072  0.433677  0.845728  0.718484  0.858752  0.655255  0.745310  0.766998  0.880864  0.790668  0.780986  0.833630  0.766600  0.714045  0.844086  0.750788  0.535668  0.764999  0.834833  0.812048  0.772901  0.676494  0.592159  0.820473  0.753197  0.688289  0.786538  0.766531  0.777879  0.600310 
8  0.771699  0.613631  0.682377  0.749705  0.821910  0.677923  0.682200  0.549834 0.0  0.726803  0.831853  0.610026  0.712732  0.822527  0.816065  0.832660  0.582617  0.453782  0.588110  0.874591  0.880942  0.738301  0.779803  0.717979  0.785398  0.851709  0.753255  0.392842  0.851880  0.711911  0.677027  0.703372  0.752972  0.381847  0.866064  0.718532  0.802720  0.645203  0.830697  0.595248  0.755223  0.649772  0.690073  0.793578  0.858997  0.799474  0.857410  0.664220  0.847359  0.735375  0.814342  0.805931  0.569450  0.746042  0.807342  0.780432  0.605105  0.765310  0.697176  0.820328  0.700104  0.659251  0.750197  0.782440  0.718325  0.765398  0.722031  0.722707  0.811715  0.619792  0.574505  0.820903  0.704848  0.814801  0.704125  0.681584  0.723235  0.923956  0.799773  0.803362  0.940479  0.668893  0.900229  0.768676  0.821543  0.709504  0.631041  0.792448  0.721376  0.831850  0.673160  0.814812  0.805095  0.769125  0.803633  0.757901  0.751439  0.775269  0.517085 
9  0.424899  0.636636  0.528856  0.474996  0.433989  0.733797  0.610204  0.717978  0.726803 0.0  0.553449  0.712845  0.511904  0.640698  0.671787  0.576993  0.744903  0.742786  0.793990  0.468172  0.711422  0.761634  0.397444  0.102327  0.617032  0.756089  0.535217  0.677645  0.725778  0.518038  0.672264  0.540830  0.557897  0.630478  0.738495  0.469663  0.609155  0.538062  0.658395  0.707485  0.499581  0.201234  0.581200  0.330571  0.789026  0.621502  0.659632  0.868677  0.280882  0.583251  0.329082  0.599671  0.685777  0.708913  0.485318  0.761035  0.792254  0.439412  0.747621  0.670692  0.654041  0.493660  0.000000  0.624283  0.365823  0.504378  0.473860  0.610686  0.560432  0.611718  0.704785  0.642918  0.380529  0.583948  0.701156  0.758716  0.406654  0.700612  0.458709  0.746822  0.778905  0.744289  0.684523  0.736769  0.635659  0.752520  0.556294  0.634476  0.713859  0.618213  0.599398  0.646019  0.758700  0.659798  0.726979  0.720881  0.464694  0.540002  0.765242 
10  0.651577  0.722354  0.712251  0.595628  0.586030  0.759561  0.759519  0.778637  0.831853  0.553449 0.0  0.741216  0.696700  0.660384  0.613016  0.468838  0.698677  0.797832  0.850187  0.708136  0.741429  0.772115  0.547464  0.489360  0.526402  0.680126  0.667408  0.758977  0.652877  0.618008  0.721822  0.515542  0.322526  0.747153  0.753015  0.588538  0.368459  0.743766  0.715824  0.697272  0.576467  0.503425  0.469154  0.650095  0.816303  0.648891  0.753592  0.795346  0.559260  0.548062  0.474389  0.596310  0.815834  0.736566  0.604810  0.665136  0.808470  0.597623  0.767123  0.555093  0.788058  0.422301  0.562356  0.516841  0.623440  0.444364  0.536489  0.570888  0.576430  0.810149  0.787775  0.638344  0.628510  0.467789  0.614031  0.796661  0.498857  0.662757  0.572231  0.602978  0.708223  0.735950  0.715837  0.661053  0.674803  0.752614  0.605345  0.510675  0.582890  0.555737  0.685558  0.614714  0.647650  0.645177  0.785926  0.426261  0.583428  0.596921  0.716613 
11  0.697713  0.386763  0.771941  0.520145  0.595619  0.575604  0.325632  0.726350  0.610026  0.712845  0.741216 0.0  0.568377  0.796185  0.708845  0.759662  0.724230  0.732306  0.516701  0.653766  0.777712  0.714790  0.728094  0.660420  0.663667  0.831929  0.484843  0.663966  0.723269  0.726689  0.886521  0.656626  0.682177  0.710266  0.807116  0.552091  0.649987  0.511771  0.740698  0.544053  0.536567  0.659741  0.738411  0.731659  0.842196  0.493408  0.714748  0.718907  0.728001  0.778043  0.709062  0.533856  0.631634  0.713601  0.663052  0.867424  0.767297  0.580053  0.799485  0.730786  0.556053  0.752849  0.628836  0.667300  0.630529  0.671821  0.765704  0.692351  0.642157  0.645695  0.563798  0.718247  0.584085  0.744356  0.822528  0.666085  0.690877  0.699667  0.603699  0.757440  0.836200  0.633898  0.698965  0.849966  0.733070  0.748223  0.646466  0.806385  0.789441  0.752639  0.508759  0.737729  0.809918  0.797606  0.673399  0.700321  0.605880  0.594563  0.589821 
12  0.576830  0.559364  0.548643  0.544528  0.501188  0.743086  0.574125  0.779073  0.712732  0.511904  0.696700  0.568377 0.0  0.634013  0.716474  0.625005  0.765918  0.766780  0.748046  0.537944  0.726844  0.767330  0.597166  0.624278  0.686861  0.769216  0.387464  0.738836  0.710442  0.629199  0.826982  0.542441  0.558902  0.590042  0.763666  0.729215  0.641077  0.649795  0.676253  0.565860  0.450369  0.567587  0.639854  0.662921  0.859616  0.459532  0.734012  0.800315  0.521814  0.710570  0.533481  0.544567  0.619998  0.618514  0.605639  0.749534  0.787638  0.486456  0.697203  0.649059  0.632156  0.620776  0.611242  0.777893  0.661136  0.631996  0.452540  0.732913  0.574539  0.678208  0.657028  0.681337  0.613030  0.607017  0.697969  0.624375  0.567897  0.776553  0.579633  0.647766  0.802529  0.668694  0.910912  0.774339  0.801354  0.786514  0.643170  0.608856  0.643666  0.627375  0.562766  0.593641  0.751191  0.681535  0.749403  0.671331  0.619526  0.528837  0.631425 
13  0.650603  0.755127  0.908303  0.740793  0.568722  0.891438  0.729925  0.916212  0.822527  0.640698  0.660384  0.796185  0.634013 0.0  0.489629  0.565877  0.816267  0.888399  0.856952  0.691587  0.663698  0.794387  0.565157  0.667439  0.507057  0.621996  0.762659  0.881871  0.420342  0.607344  0.743568  0.664881  0.678550  0.845596  0.682594  0.604634  0.625708  0.790154  0.471442  0.877358  0.630602  0.690684  0.702396  0.743670  0.608818  0.746536  0.400620  0.827232  0.614093  0.659668  0.595848  0.725925  0.859523  0.731194  0.782590  0.672251  0.808535  0.704607  0.799485  0.427069  0.740447  0.652944  0.764714  0.453886  0.827298  0.587045  0.680454  0.513482  0.773168  0.900443  0.795385  0.540250  0.708188  0.547753  0.494482  0.726835  0.610681  0.502040  0.656273  0.510705  0.575044  0.855190  0.545036  0.531547  0.553222  0.870464  0.669829  0.597552  0.603177  0.566302  0.702699  0.746426  0.445218  0.607077  0.799746  0.516460  0.730705  0.791112  0.781717 
14  0.698161  0.822895  0.769129  0.653027  0.684251  0.675337  0.794255  0.751635  0.816065  0.671787  0.613016  0.708845  0.716474  0.489629 0.0  0.539325  0.819597  0.787771  0.832892  0.616902  0.716899  0.743889  0.626840  0.651217  0.528552  0.725450  0.726375  0.820099  0.490148  0.647283  0.807690  0.647190  0.687281  0.832955  0.585228  0.544203  0.582903  0.657067  0.538056  0.678261  0.648093  0.667369  0.584081  0.567002  0.622026  0.691219  0.597864  0.838735  0.651460  0.614654  0.685380  0.638253  0.837241  0.671485  0.771825  0.697502  0.876753  0.700407  0.869321  0.410640  0.727114  0.644626  0.741135  0.563487  0.543112  0.595679  0.728173  0.262367  0.668146  0.769000  0.825646  0.634794  0.680135  0.555642  0.245172  0.695722  0.585129  0.642347  0.531073  0.675147  0.631468  0.826234  0.749331  0.567730  0.601015  0.816489  0.596927  0.554217  0.628739  0.415815  0.807849  0.799432  0.618017  0.511854  0.755226  0.510806  0.624739  0.803657  0.938678 
15  0.590545  0.733233  0.638117  0.660004  0.538507  0.866850  0.746093  0.757141  0.832660  0.576993  0.468838  0.759662  0.625005  0.565877  0.539325 0.0  0.810348  0.870485  0.847661  0.605602  0.581557  0.718707  0.513330  0.569206  0.202278  0.718107  0.568417  0.795846  0.561537  0.521721  0.768414  0.531252  0.609393  0.705378  0.718623  0.609184  0.428754  0.784032  0.522318  0.722886  0.695202  0.666611  0.512318  0.583502  0.693190  0.618419  0.655420  0.806960  0.628115  0.351597  0.669938  0.661385  0.763923  0.661936  0.639395  0.635072  0.809207  0.707694  0.814425  0.374242  0.760578  0.473831  0.634629  0.432136  0.668374  0.441102  0.543348  0.597793  0.662994  0.803003  0.672485  0.636567  0.647415  0.569729  0.520938  0.782940  0.636834  0.651434  0.574811  0.679483  0.743281  0.723994  0.658025  0.522137  0.646333  0.773648  0.503067  0.590966  0.572442  0.519753  0.701563  0.707631  0.588779  0.395639  0.698471  0.493939  0.591461  0.592948  0.765569 
16  0.782525  0.706963  0.652007  0.720649  0.718895  0.744065  0.715868  0.717280  0.582617  0.744903  0.698677  0.724230  0.765918  0.816267  0.819597  0.810348 0.0  0.705627  0.562817  0.795382  0.766932  0.546199  0.626400  0.740325  0.830114  0.782164  0.689496  0.842229  0.734669  0.727589  0.463379  0.694131  0.826576  0.723758  0.806430  0.680116  0.705424  0.673173  0.784776  0.604178  0.755820  0.692133  0.681655  0.770285  0.880012  0.690841  0.827367  0.492504  0.765071  0.757463  0.626213  0.663603  0.615590  0.675188  0.779675  0.917454  0.670378  0.688057  0.332500  0.765623  0.736485  0.735466  0.751467  0.789456  0.821094  0.744344  0.686006  0.744189  0.704527  0.748631  0.714607  0.853881  0.799625  0.788129  0.723812  0.864516  0.734578  0.724027  0.876362  0.825342  0.840481  0.778282  0.856707  0.723957  0.712282  0.625961  0.760158  0.891923  0.752428  0.759793  0.649754  0.583936  0.767078  0.747830  0.604208  0.715259  0.810564  0.769940  0.718783 
17  0.763871  0.651475  0.705803  0.671660  0.832823  0.568320  0.695396  0.453731  0.453782  0.742786  0.797832  0.732306  0.766780  0.888399  0.787771  0.870485  0.705627 0.0  0.499034  0.754670  0.972376  0.636806  0.786543  0.758430  0.784933  0.848772  0.793414  0.297106  0.807121  0.879123  0.725100  0.741048  0.786291  0.347213  0.889094  0.680438  0.724680  0.683591  0.787112  0.517743  0.745384  0.649963  0.745588  0.721840  0.833442  0.637609  0.822707  0.628285  0.608154  0.855296  0.670683  0.712277  0.631081  0.622255  0.819215  0.819581  0.546615  0.660542  0.704549  0.808597  0.691218  0.769748  0.838356  0.825594  0.763871  0.734275  0.726485  0.934675  0.725210  0.672290  0.523294  0.765471  0.593922  0.763839  0.717440  0.704633  0.688763  0.819282  0.886638  0.787994  0.819703  0.628382  0.789366  0.826998  0.822229  0.627121  0.821081  0.761898  0.819193  0.791979  0.726842  0.637882  0.836548  0.785812  0.695266  0.835307  0.854617  0.602673  0.621496 
18  0.720771  0.655525  0.652343  0.781479  0.754397  0.517031  0.720939  0.470630  0.588110  0.793990  0.850187  0.516701  0.748046  0.856952  0.832892  0.847661  0.562817  0.499034 0.0  0.702214  0.875273  0.625258  0.657330  0.805838  0.708656  0.867280  0.666672  0.565406  0.747034  0.705305  0.679511  0.727906  0.788712  0.643705  0.842714  0.730391  0.763468  0.602394  0.810524  0.502202  0.730755  0.748268  0.784929  0.801841  0.894128  0.685878  0.854651  0.550709  0.801133  0.696954  0.754045  0.698713  0.580093  0.637438  0.689723  0.726579  0.702297  0.605555  0.596777  0.852284  0.539476  0.706389  0.672767  0.692144  0.658666  0.761613  0.686921  0.866108  0.705360  0.700616  0.443248  0.841768  0.744754  0.770990  0.734622  0.798950  0.787335  0.651675  0.684039  0.790726  0.854386  0.672444  0.782639  0.756173  0.841414  0.548717  0.762363  0.762374  0.855629  0.717357  0.627857  0.773742  0.840704  0.796834  0.631382  0.822276  0.823945  0.605045  0.526326 
19  0.389451  0.732201  0.602446  0.625122  0.332361  0.798524  0.656705  0.712432  0.874591  0.468172  0.708136  0.653766  0.537944  0.691587  0.616902  0.605602  0.795382  0.754670  0.702214 0.0  0.681942  0.802119  0.242871  0.328584  0.534407  0.761700  0.589308  0.709657  0.629827  0.450518  0.677988  0.481892  0.563629  0.759791  0.909847  0.323890  0.569090  0.689171  0.683036  0.714690  0.458457  0.516478  0.570640  0.498417  0.747355  0.625293  0.554927  0.778906  0.532609  0.531636  0.488657  0.596323  0.883574  0.534928  0.520245  0.722300  0.839632  0.512218  0.826784  0.623597  0.704154  0.570308  0.404007  0.641339  0.432133  0.480409  0.547662  0.622007  0.690537  0.676368  0.594553  0.731424  0.473654  0.470359  0.600040  0.830362  0.000000  0.763132  0.498307  0.627204  0.845055  0.654294  0.681772  0.667794  0.691615  0.738320  0.198789  0.630838  0.653352  0.582199  0.654232  0.672608  0.797263  0.607347  0.744344  0.571359  0.383719  0.638083  0.784529 
20  0.802900  0.718307  0.707662  0.684341  0.695237  0.758072  0.896816  0.840663  0.880942  0.711422  0.741429  0.777712  0.726844  0.663698  0.716899  0.581557  0.766932  0.972376  0.875273  0.681942 0.0  0.768034  0.729392  0.792782  0.634302  0.495918  0.735173  0.864111  0.749538  0.699088  0.837252  0.635770  0.715965  0.921891  0.000000  0.651798  0.743463  0.855156  0.566441  0.830264  0.747399  0.729866  0.779080  0.690884  0.416860  0.820255  0.655565  0.848895  0.807785  0.752674  0.735662  0.846948  0.791675  0.850042  0.831791  0.461122  0.870877  0.692177  0.899371  0.743331  0.886247  0.671618  0.707503  0.794411  0.721779  0.704454  0.800770  0.527084  0.779991  0.957020  0.866212  0.598958  0.768430  0.770767  0.697270  0.899642  0.647133  0.504734  0.650978  0.573079  0.462475  0.833030  0.387655  0.474723  0.407878  0.818141  0.819768  0.713058  0.624499  0.741042  0.879386  0.711278  0.622401  0.695503  0.767461  0.642702  0.814405  0.770161  0.857044 
21  0.696413  0.626322  0.623726  0.718214  0.719626  0.575578  0.672802  0.662981  0.738301  0.761634  0.772115  0.714790  0.767330  0.794387  0.743889  0.718707  0.546199  0.636806  0.625258  0.802119  0.768034 0.0  0.706139  0.708502  0.773398  0.816019  0.657751  0.677602  0.841586  0.733742  0.433314  0.777840  0.701035  0.686842  0.822841  0.826766  0.699046  0.662898  0.795503  0.567325  0.651718  0.753338  0.726448  0.652367  0.836547  0.630411  0.758599  0.646596  0.719153  0.745291  0.720359  0.685175  0.615835  0.688608  0.747838  0.759064  0.644016  0.731194  0.515121  0.843727  0.697644  0.830388  0.696071  0.727095  0.726987  0.838797  0.630664  0.841645  0.635584  0.700479  0.669309  0.829781  0.700223  0.753536  0.744142  0.829229  0.677820  0.708479  0.800509  0.841382  0.779425  0.697003  0.792921  0.819875  0.849254  0.613105  0.679846  0.782236  0.607138  0.817611  0.720351  0.588637  0.802526  0.792673  0.509888  0.760636  0.781551  0.670941  0.563534 
22  0.250175  0.720157  0.639284  0.601685  0.414097  0.624664  0.596311  0.720859  0.779803  0.397444  0.547464  0.728094  0.597166  0.565157  0.626840  0.513330  0.626400  0.786543  0.657330  0.242871  0.729392  0.706139 0.0  0.408598  0.493579  0.687668  0.613061  0.745856  0.775113  0.432167  0.771146  0.557816  0.481518  0.743056  0.708360  0.337867  0.731320  0.696608  0.760069  0.682261  0.563351  0.593829  0.555954  0.498319  0.626579  0.616024  0.780564  0.730746  0.434618  0.483000  0.451133  0.578683  0.763604  0.646330  0.515446  0.594804  0.763873  0.663693  0.759845  0.675613  0.666992  0.587646  0.539623  0.634386  0.348893  0.529698  0.394122  0.615294  0.586113  0.700574  0.736781  0.624296  0.462964  0.468729  0.659713  0.752020  0.115703  0.596352  0.516246  0.687454  0.806272  0.775176  0.696782  0.729896  0.847565  0.770580  0.376900  0.661285  0.589373  0.657565  0.614109  0.688280  0.650006  0.623779  0.799949  0.544705  0.516177  0.665097  0.761472 
23  0.375093  0.578365  0.649739  0.556159  0.434272  0.773616  0.614981  0.778635  0.717979  0.102327  0.489360  0.660420  0.624278  0.667439  0.651217  0.569206  0.740325  0.758430  0.805838  0.328584  0.792782  0.708502  0.408598 0.0  0.671242  0.817864  0.547479  0.648829  0.726867  0.568992  0.765193  0.458538  0.489374  0.783701  0.718960  0.469797  0.528184  0.649466  0.732764  0.680808  0.398394  0.340649  0.617304  0.354614  0.837226  0.558615  0.723649  0.774802  0.262687  0.567094  0.255187  0.530957  0.712346  0.673469  0.463499  0.710192  0.777754  0.532999  0.753614  0.555460  0.715937  0.637075  0.172332  0.612559  0.380497  0.443576  0.517801  0.648362  0.706187  0.783030  0.724635  0.620078  0.505993  0.531737  0.693213  0.698856  0.504504  0.671799  0.384838  0.729921  0.787410  0.776736  0.810216  0.696550  0.766353  0.816382  0.414103  0.572643  0.598653  0.664866  0.632611  0.556144  0.598300  0.642874  0.726611  0.560595  0.402291  0.600575  0.783472 
24  0.608077  0.754149  0.656676  0.761317  0.558849  0.848319  0.665351  0.790988  0.785398  0.617032  0.526402  0.663667  0.686861  0.507057  0.528552  0.202278  0.830114  0.784933  0.708656  0.534407  0.634302  0.773398  0.493579  0.671242 0.0  0.697661  0.660461  0.781417  0.635578  0.237438  0.728320  0.620181  0.525168  0.885692  0.565584  0.519954  0.555983  0.708594  0.646006  0.711277  0.610228  0.612595  0.410438  0.560364  0.612249  0.684133  0.623979  0.744004  0.547732  0.403628  0.558800  0.684220  0.715319  0.638749  0.604136  0.660013  0.820372  0.665248  0.852315  0.562955  0.785635  0.490419  0.533731  0.416812  0.644704  0.493965  0.544124  0.455972  0.701206  0.769710  0.730391  0.607483  0.551439  0.581056  0.669180  0.813853  0.547252  0.668174  0.605173  0.589288  0.731096  0.767114  0.766308  0.658164  0.667045  0.834626  0.558333  0.569426  0.512606  0.546979  0.728440  0.741170  0.574660  0.484880  0.724667  0.481496  0.455471  0.697542  0.793762 
25  0.665012  0.797006  0.715064  0.863806  0.699427  0.793808  0.822839  0.789019  0.851709  0.756089  0.680126  0.831929  0.769216  0.621996  0.725450  0.718107  0.782164  0.848772  0.867280  0.761700  0.495918  0.816019  0.687668  0.817864  0.697661 0.0  0.783856  0.786353  0.665202  0.694447  0.843795  0.719525  0.767371  0.875450  0.324392  0.741962  0.691299  0.714890  0.559060  0.793613  0.696896  0.712954  0.717502  0.758299  0.405089  0.858021  0.611074  0.816497  0.753092  0.735965  0.755975  0.704346  0.686622  0.796751  0.819278  0.431513  0.824160  0.784399  0.827854  0.638543  0.807251  0.738715  0.769324  0.632419  0.753905  0.747862  0.713692  0.635100  0.728615  0.859784  0.766276  0.584195  0.779706  0.634304  0.718182  0.868832  0.740783  0.490721  0.687952  0.551775  0.562892  0.796213  0.399064  0.526536  0.389032  0.918536  0.655798  0.696168  0.641936  0.661086  0.843880  0.762297  0.650672  0.633034  0.839015  0.710253  0.750168  0.725910  0.838265 
26  0.544505  0.611065  0.485872  0.619949  0.442659  0.618067  0.606122  0.662147  0.753255  0.535217  0.667408  0.484843  0.387464  0.762659  0.726375  0.568417  0.689496  0.793414  0.666672  0.589308  0.735173  0.657751  0.613061  0.547479  0.660461  0.783856 0.0  0.748096  0.665577  0.576865  0.697722  0.544634  0.656599  0.756429  0.855828  0.568444  0.659166  0.674063  0.785310  0.730187  0.577311  0.504681  0.617298  0.500415  0.877218  0.434684  0.831825  0.703533  0.519909  0.692871  0.634095  0.648317  0.599463  0.631582  0.350930  0.648455  0.729416  0.366962  0.726391  0.703914  0.551150  0.633313  0.540940  0.660460  0.534160  0.613872  0.473995  0.551367  0.634466  0.719032  0.687303  0.824490  0.431115  0.533117  0.716805  0.754896  0.582143  0.724984  0.615800  0.821859  0.673792  0.722041  0.825483  0.736374  0.797262  0.767275  0.702851  0.710669  0.746874  0.691367  0.634587  0.748574  0.761701  0.653721  0.673396  0.695978  0.586763  0.444583  0.584241 
27  0.825230  0.638731  0.671481  0.649389  0.858753  0.585986  0.640652  0.522110  0.392842  0.677645  0.758977  0.663966  0.738836  0.881871  0.820099  0.795846  0.842229  0.297106  0.565406  0.709657  0.864111  0.677602  0.745856  0.648829  0.781417  0.786353  0.748096 0.0  0.829917  0.835843  0.674006  0.771887  0.793799  0.305825  0.898838  0.896140  0.671786  0.583583  0.826042  0.635683  0.731232  0.770069  0.730992  0.701295  0.868459  0.676507  0.834263  0.853358  0.745646  0.757846  0.784055  0.669239  0.631637  0.727153  0.808956  0.783126  0.600591  0.746098  0.657534  0.765665  0.742767  0.775513  0.852325  0.798937  0.809518  0.817288  0.688511  0.836521  0.774994  0.641141  0.505062  0.849899  0.740240  0.796252  0.797472  0.596629  0.777728  0.743492  0.824950  0.745911  0.916338  0.709830  0.797356  0.874884  0.804765  0.678148  0.619456  0.809824  0.820223  0.756730  0.602883  0.759022  0.734621  0.988799  0.624815  0.861283  0.758500  0.765377  0.608977 
28  0.548398  0.784837  0.695666  0.752611  0.657703  0.700863  0.780461  0.790290  0.851880  0.725778  0.652877  0.723269  0.710442  0.420342  0.490148  0.561537  0.734669  0.807121  0.747034  0.629827  0.749538  0.841586  0.775113  0.726867  0.635578  0.665202  0.665577  0.829917 0.0  0.539262  0.841420  0.653445  0.624169  0.738607  0.663058  0.665380  0.619263  0.778780  0.505474  0.859939  0.684483  0.692450  0.641346  0.720583  0.539155  0.745395  0.431383  0.885594  0.543902  0.591712  0.675493  0.783765  0.764580  0.750489  0.631252  0.583292  0.837054  0.762822  0.772456  0.564172  0.880476  0.699657  0.653303  0.630039  0.774729  0.604639  0.716976  0.459633  0.748726  0.811614  0.713289  0.628464  0.746769  0.733486  0.344003  0.792788  0.748125  0.581715  0.621787  0.592802  0.552569  0.727973  0.688870  0.618093  0.590869  0.788692  0.661840  0.570161  0.550699  0.708533  0.826968  0.719462  0.558670  0.644979  0.712242  0.682110  0.612496  0.683307  0.816817 
29  0.619798  0.772200  0.560309  0.610634  0.549236  0.722398  0.742498  0.817622  0.711911  0.518038  0.618008  0.726689  0.629199  0.607344  0.647283  0.521721  0.727589  0.879123  0.705305  0.450518  0.699088  0.733742  0.432167  0.568992  0.237438  0.694447  0.576865  0.835843  0.539262 0.0  0.820214  0.561324  0.442735  0.810286  0.751629  0.513976  0.493972  0.746395  0.552869  0.781736  0.602063  0.499935  0.553225  0.556069  0.699207  0.628553  0.684773  0.821480  0.567138  0.098712  0.561283  0.719249  0.783358  0.603852  0.645364  0.689662  0.831848  0.670565  0.746939  0.593634  0.786459  0.457909  0.523573  0.521505  0.556590  0.292246  0.536914  0.521015  0.705371  0.702535  0.769828  0.605150  0.528443  0.607972  0.570975  0.729112  0.451212  0.666049  0.525611  0.613633  0.645117  0.885638  0.704829  0.654236  0.708082  0.702555  0.499212  0.437661  0.564309  0.425766  0.784874  0.855374  0.666403  0.477445  0.757857  0.541301  0.438966  0.676008  0.797354 
30  0.674908  0.697417  0.672450  0.711446  0.662293  0.727608  0.731989  0.560139  0.677027  0.672264  0.721822  0.886521  0.826982  0.743568  0.807690  0.768414  0.463379  0.725100  0.679511  0.677988  0.837252  0.433314  0.771146  0.765193  0.728320  0.843795  0.697722  0.674006  0.841420  0.820214 0.0  0.744611  0.878755  0.696026  0.784382  0.817798  0.700039  0.747319  0.754276  0.675013  0.769134  0.804307  0.765838  0.792056  0.789984  0.757719  0.773258  0.603249  0.776650  0.762696  0.750571  0.633305  0.680395  0.503912  0.690430  0.684280  0.755798  0.709323  0.494759  0.767373  0.764755  0.785180  0.716784  0.781046  0.724724  0.838712  0.740009  0.789766  0.705476  0.748407  0.711862  0.742569  0.680545  0.736649  0.761091  0.823066  0.638300  0.835518  0.695265  0.784940  0.884177  0.761546  0.824271  0.829096  0.763883  0.748720  0.734255  0.779842  0.720307  0.789629  0.661920  0.701062  0.804688  0.791040  0.429004  0.722421  0.796405  0.747192  0.689754 
31  0.439391  0.629476  0.737132  0.613594  0.374886  0.739410  0.696330  0.775562  0.703372  0.540830  0.515542  0.656626  0.542441  0.664881  0.647190  0.531252  0.694131  0.741048  0.727906  0.481892  0.635770  0.777840  0.557816  0.458538  0.620181  0.719525  0.544634  0.771887  0.653445  0.561324  0.744611 0.0  0.464070  0.708190  0.700628  0.525060  0.458365  0.633511  0.674920  0.793112  0.614165  0.490843  0.543297  0.393403  0.765020  0.722039  0.718998  0.720643  0.427923  0.597595  0.587523  0.689540  0.774147  0.674776  0.680250  0.750961  0.862394  0.600190  0.747960  0.686554  0.757294  0.366226  0.486303  0.482461  0.463889  0.277673  0.606033  0.645331  0.647382  0.747835  0.740155  0.626660  0.526962  0.375352  0.616108  0.668219  0.455069  0.600380  0.451927  0.761422  0.705408  0.758315  0.695222  0.728985  0.705930  0.818337  0.281723  0.608466  0.635199  0.535557  0.682329  0.661006  0.753585  0.513289  0.833077  0.639994  0.300716  0.522603  0.754208 
32  0.590265  0.704078  0.650218  0.628254  0.440728  0.807799  0.646098  0.883861  0.752972  0.557897  0.322526  0.682177  0.558902  0.678550  0.687281  0.609393  0.826576  0.786291  0.788712  0.563629  0.715965  0.701035  0.481518  0.489374  0.525168  0.767371  0.656599  0.793799  0.624169  0.442735  0.878755  0.464070 0.0  0.840317  0.707878  0.654621  0.147264  0.788777  0.611766  0.697996  0.618993  0.473121  0.424928  0.600404  0.720469  0.599154  0.720102  0.822278  0.586255  0.431491  0.515673  0.672407  0.841935  0.699447  0.626340  0.747413  0.780119  0.637059  0.777018  0.519263  0.785574  0.334382  0.581662  0.552301  0.514057  0.455154  0.581487  0.512899  0.626823  0.706048  0.754186  0.725350  0.558006  0.482767  0.616523  0.752854  0.551744  0.675897  0.534520  0.637440  0.624790  0.772847  0.717111  0.676748  0.671627  0.736987  0.500950  0.467782  0.509057  0.531144  0.717922  0.700491  0.636551  0.534813  0.771546  0.472659  0.474934  0.695873  0.683536 
33  0.637281  0.619655  0.770988  0.774981  0.736146  0.504958  0.748207  0.479866  0.381847  0.630478  0.747153  0.710266  0.590042  0.845596  0.832955  0.705378  0.723758  0.347213  0.643705  0.759791  0.921891  0.686842  0.743056  0.783701  0.885692  0.875450  0.756429  0.305825  0.738607  0.810286  0.696026  0.708190  0.840317 0.0  0.856447  0.807459  0.856010  0.599459  0.797661  0.590479  0.779003  0.746608  0.775760  0.743998  0.844560  0.756303  0.756030  0.607576  0.763462  0.792975  0.781219  0.661196  0.592458  0.735820  0.653365  0.788948  0.622080  0.730107  0.599296  0.721924  0.611533  0.731466  0.646833  0.766798  0.777414  0.704712  0.783827  0.774000  0.747825  0.712907  0.463618  0.774017  0.708240  0.701316  0.797758  0.708418  0.679619  0.829101  0.762097  0.869575  0.854251  0.690928  0.860601  0.807923  0.885691  0.621549  0.823546  0.785998  0.878843  0.740250  0.594961  0.728696  0.738272  0.812498  0.691385  0.895355  0.766730  0.668736  0.588693 
34  0.702238  0.878188  0.765713  0.853674  0.837002  0.818703  0.769481  0.865326  0.866064  0.738495  0.753015  0.807116  0.763666  0.682594  0.585228  0.718623  0.806430  0.889094  0.842714  0.909847  0.000000  0.822841  0.708360  0.718960  0.565584  0.324392  0.855828  0.898838  0.663058  0.751629  0.784382  0.700628  0.707878  0.856447 0.0  0.740004  0.729565  0.729402  0.558709  0.850453  0.795387  0.890153  0.635973  0.795217  0.425808  0.806610  0.487830  0.856616  0.770204  0.653603  0.779033  0.839501  0.697234  0.820642  0.792444  0.476340  0.953880  0.808450  0.878526  0.514604  0.851916  0.634991  0.708117  0.661110  0.671030  0.788037  0.769200  0.707124  0.771101  0.791766  0.851814  0.578392  0.731513  0.660233  0.664923  0.858270  0.721530  0.492449  0.771901  0.706779  0.613304  0.825908  0.545503  0.572799  0.321327  0.796054  0.793272  0.709330  0.610295  0.643337  0.796158  0.802918  0.650677  0.647782  0.706227  0.714317  0.675445  0.664659  0.803599 
35  0.288651  0.648712  0.489595  0.415491  0.463359  0.617710  0.593628  0.785454  0.718532  0.469663  0.588538  0.552091  0.729215  0.604634  0.544203  0.609184  0.680116  0.680438  0.730391  0.323890  0.651798  0.826766  0.337867  0.469797  0.519954  0.741962  0.568444  0.896140  0.665380  0.513976  0.817798  0.525060  0.654621  0.807459  0.740004 0.0  0.677958  0.606066  0.739031  0.753534  0.543491  0.511555  0.697459  0.489882  0.643300  0.561819  0.795546  0.759020  0.387527  0.568573  0.495228  0.607872  0.661660  0.557854  0.369016  0.683953  0.697930  0.599383  0.722358  0.701847  0.660965  0.586212  0.428255  0.663024  0.280844  0.529457  0.544190  0.628858  0.573950  0.769308  0.670820  0.648570  0.304514  0.561521  0.666658  0.698541  0.386987  0.734359  0.470687  0.716175  0.828898  0.788600  0.813260  0.801453  0.739494  0.860140  0.480011  0.527847  0.562763  0.568219  0.713116  0.685858  0.765629  0.591046  0.704523  0.685027  0.477658  0.549366  0.713868 
36  0.629580  0.760657  0.694945  0.648579  0.541880  0.795577  0.755282  0.810588  0.802720  0.609155  0.368459  0.649987  0.641077  0.625708  0.582903  0.428754  0.705424  0.724680  0.763468  0.569090  0.743463  0.699046  0.731320  0.528184  0.555983  0.691299  0.659166  0.671786  0.619263  0.493972  0.700039  0.458365  0.147264  0.856010  0.729565  0.677958 0.0  0.809198  0.600008  0.757222  0.607435  0.557000  0.290880  0.663300  0.626707  0.652681  0.638742  0.793977  0.679133  0.493665  0.611824  0.662011  0.810922  0.820155  0.760880  0.622547  0.880948  0.569013  0.763043  0.598396  0.674464  0.390307  0.485375  0.488508  0.667983  0.420984  0.660687  0.549668  0.735106  0.778246  0.722830  0.625690  0.574713  0.536982  0.587848  0.786268  0.556843  0.604014  0.523452  0.676742  0.650897  0.838755  0.734169  0.664069  0.695843  0.785473  0.487443  0.531775  0.459057  0.467142  0.723249  0.658038  0.721882  0.533104  0.740965  0.571505  0.432714  0.653572  0.741911 
37  0.684797  0.436896  0.610594  0.793705  0.660794  0.440935  0.628964  0.615054  0.645203  0.538062  0.743766  0.511771  0.649795  0.790154  0.657067  0.784032  0.673173  0.683591  0.602394  0.689171  0.855156  0.662898  0.696608  0.649466  0.708594  0.714890  0.674063  0.583583  0.778780  0.746395  0.747319  0.633511  0.788777  0.599459  0.729402  0.606066  0.809198 0.0  0.779862  0.480688  0.768947  0.640104  0.706351  0.683168  0.756149  0.586292  0.843474  0.751733  0.713094  0.716700  0.743560  0.620411  0.534566  0.633702  0.684917  0.823833  0.735788  0.574721  0.737969  0.739549  0.561704  0.727264  0.595125  0.888248  0.753724  0.672661  0.596102  0.709830  0.541771  0.579398  0.530250  0.604340  0.640572  0.673582  0.757555  0.678800  0.673252  0.809270  0.633725  0.727276  0.889213  0.655737  0.787396  0.827034  0.723727  0.666044  0.653861  0.755001  0.757672  0.696946  0.277328  0.737551  0.825988  0.792312  0.763471  0.764753  0.672287  0.592563  0.623126 
38  0.712232  0.781150  0.752638  0.804516  0.643169  0.709322  0.785574  0.772266  0.830697  0.658395  0.715824  0.740698  0.676253  0.471442  0.538056  0.522318  0.784776  0.787112  0.810524  0.683036  0.566441  0.795503  0.760069  0.732764  0.646006  0.559060  0.785310  0.826042  0.505474  0.552869  0.754276  0.674920  0.611766  0.797661  0.558709  0.739031  0.600008  0.779862 0.0  0.832344  0.716373  0.623627  0.572023  0.846141  0.627917  0.732146  0.571647  0.834131  0.613139  0.601052  0.616577  0.760238  0.830181  0.746093  0.690799  0.581742  0.831203  0.753228  0.791007  0.464255  0.713661  0.587574  0.723398  0.413441  0.673786  0.713325  0.708766  0.486671  0.734310  0.760223  0.783856  0.513470  0.637994  0.599879  0.660117  0.794934  0.730689  0.460278  0.644504  0.402570  0.626425  0.638965  0.630823  0.497657  0.579624  0.748854  0.598121  0.523261  0.556460  0.469189  0.747883  0.771449  0.574258  0.476167  0.778921  0.548886  0.608632  0.664769  0.761624 
39  0.646965  0.558996  0.709702  0.683406  0.745905  0.446708  0.598759  0.565574  0.595248  0.707485  0.697272  0.544053  0.565860  0.877358  0.678261  0.722886  0.604178  0.517743  0.502202  0.714690  0.830264  0.567325  0.682261  0.680808  0.711277  0.793613  0.730187  0.635683  0.859939  0.781736  0.675013  0.793112  0.697996  0.590479  0.850453  0.753534  0.757222  0.480688  0.832344 0.0  0.697475  0.606096  0.645034  0.678892  0.788472  0.600674  0.725252  0.681836  0.745125  0.773168  0.733954  0.673981  0.375781  0.725476  0.684872  0.822802  0.605027  0.656863  0.674950  0.708758  0.563095  0.698112  0.660942  0.649424  0.647652  0.791181  0.691920  0.809239  0.700069  0.590635  0.552934  0.734705  0.695033  0.658797  0.831249  0.592107  0.806017  0.832275  0.770092  0.823441  0.775768  0.631219  0.756971  0.820984  0.841350  0.650520  0.615367  0.779392  0.840416  0.730795  0.496201  0.652916  0.852567  0.859083  0.680273  0.820217  0.731859  0.607097  0.230524 
