99
0 0.0  0.665799  0.711703  0.740043  0.599612  0.801897  0.395758  0.796554  0.849881  0.820085  0.682438  0.573040  0.845776  0.695194  0.525770  0.578310  0.719736  0.579510  0.587582  0.613493  0.639622  0.535395  0.561106  0.713139  0.792946  0.648235  0.627131  0.711998  0.584164  0.481856  0.760340  0.629698  0.804819  0.794860  0.480287  0.567821  0.603920  0.855954  0.728198  0.462765  0.811078  0.526570  0.734980  0.447231  0.749462  0.837476  0.610132  0.668595  0.600015  0.751581  0.609795  0.570189  0.422599  0.871251  0.798009  0.557473  0.156997  0.568651  0.589136  0.688389  0.569632  0.737208  0.587819  0.622977  0.653256  0.582277  0.415357  0.757192  0.808665  0.721822  0.728754  0.812751  0.761398  0.661229  0.567570  0.763528  0.607029  0.708214  0.514458  0.564252  0.812396  0.701245  0.591357  0.596237  0.702263  0.792182  0.756101  0.556577  0.554796  0.664336  0.780175  0.212500  0.571444  0.802684  0.786091  0.461672  0.767044  0.812554  0.491106 
1  0.665799 0.0  0.583223  0.671937  0.660897  0.710399  0.774187  0.672887  0.771628  0.465146  0.591042  0.804346  0.775702  0.849480  0.692287  0.583599  0.875069  0.645928  0.767122  0.643217  0.678093  0.615281  0.564433  0.480250  0.820668  0.874024  0.605389  0.621036  0.519795  0.730299  0.466313  0.556113  0.859317  0.657653  0.627972  0.540592  0.595673  0.573878  0.851114  0.701965  0.700734  0.700846  0.508346  0.534543  0.805975  0.761273  0.493961  0.551431  0.636091  0.632226  0.535564  0.899508  0.669726  0.763795  0.771164  0.648391  0.713438  0.767485  0.856202  0.545856  0.715362  0.763581  0.701340  0.824726  0.726082  0.690876  0.754178  0.503856  0.774759  0.806233  0.781878  0.749404  0.698044  0.829061  0.771205  0.622339  0.721660  0.715616  0.654198  0.635378  0.427557  0.786085  0.427903  0.680260  0.621485  0.653708  0.580001  0.809508  0.798965  0.673636  0.511332  0.616072  0.632914  0.565417  0.694920  0.708935  0.566791  0.576795  0.586527 
2  0.711703  0.583223 0.0  0.700595  0.318766  0.800444  0.568130  0.746093  0.779625  0.620452  0.680403  0.782317  0.671371  0.766722  0.720176  0.576847  0.696431  0.505869  0.693016  0.372536  0.658235  0.214276  0.552643  0.623317  0.769115  0.750096  0.236812  0.378580  0.400553  0.696899  0.508025  0.623586  0.787453  0.807706  0.543110  0.504883  0.287984  0.726136  0.795246  0.633348  0.702153  0.616741  0.522532  0.440143  0.763975  0.730035  0.671584  0.681875  0.466217  0.794691  0.477699  0.664448  0.570656  0.695555  0.824571  0.491058  0.674902  0.895254  0.751628  0.529627  0.595019  0.866217  0.471265  0.720279  0.612857  0.502754  0.620889  0.568447  0.722563  0.841436  0.666991  0.742184  0.809907  0.703092  0.629015  0.782540  0.403535  0.799570  0.643534  0.432807  0.735167  0.732923  0.668110  0.532420  0.633148  0.772894  0.670321  0.668485  0.412514  0.386085  0.675036  0.531812  0.519540  0.672075  0.745418  0.547139  0.722796  0.691799  0.484860 
3  0.740043  0.671937  0.700595 0.0  0.813726  0.773739  0.810540  0.756088  0.720502  0.735815  0.591838  0.774434  0.670639  0.873980  0.833250  0.675142  0.737909  0.693901  0.824339  0.737173  0.787309  0.739514  0.730115  0.719861  0.685429  0.890525  0.632365  0.661664  0.749877  0.806129  0.784942  0.583790  0.743838  0.755848  0.634423  0.739379  0.701535  0.731664  0.780719  0.728281  0.405829  0.751134  0.584744  0.745108  0.878489  0.803427  0.706708  0.493625  0.733676  0.501107  0.648373  0.854331  0.750535  0.786846  0.739180  0.789024  0.834177  0.817986  0.720425  0.582872  0.608131  0.836794  0.762797  0.761438  0.684846  0.783036  0.864491  0.684942  0.685652  0.388469  0.782352  0.102719  0.778788  0.804481  0.781817  0.801779  0.657373  0.672119  0.857355  0.650421  0.597288  0.811635  0.689392  0.708058  0.805293  0.674166  0.578571  0.783230  0.789135  0.629246  0.583064  0.776642  0.802256  0.522108  0.760078  0.634293  0.790995  0.556659  0.788658 
4  0.599612  0.660897  0.318766  0.813726 0.0  0.737506  0.564798  0.703140  0.717240  0.663362  0.734398  0.801709  0.661696  0.670471  0.622657  0.489097  0.666293  0.480970  0.617207  0.446624  0.805483  0.318388  0.503573  0.646005  0.790518  0.757172  0.586904  0.499016  0.428239  0.741554  0.534330  0.572850  0.680120  0.814383  0.551219  0.265276  0.402625  0.725499  0.805602  0.622621  0.653780  0.616446  0.672699  0.094697  0.804746  0.876706  0.654277  0.771390  0.509379  0.786959  0.435899  0.667141  0.720522  0.840747  0.699283  0.435026  0.673105  0.667421  0.690132  0.504270  0.587316  0.711013  0.606943  0.606482  0.790259  0.424294  0.497054  0.716356  0.772823  0.645358  0.832541  0.716495  0.853185  0.730804  0.545257  0.784429  0.413525  0.697597  0.652550  0.577093  0.654917  0.727218  0.662656  0.482133  0.690880  0.731540  0.716344  0.661119  0.569781  0.251562  0.605724  0.502742  0.556247  0.621391  0.759549  0.491264  0.794871  0.744837  0.429465 
5  0.801897  0.710399  0.800444  0.773739  0.737506 0.0  0.713434  0.596153  0.811093  0.565556  0.580484  0.855415  0.681172  0.767480  0.784474  0.816788  0.888922  0.661746  0.890555  0.782856  0.803572  0.637959  0.668285  0.685287  0.503345  0.851055  0.749953  0.787285  0.689424  0.823492  0.679220  0.746492  0.607638  0.663563  0.811843  0.601244  0.727686  0.695061  0.707517  0.749828  0.679658  0.741713  0.516438  0.674220  0.631753  0.822300  0.641824  0.593684  0.712692  0.556294  0.724164  0.871153  0.813382  0.700694  0.682309  0.652228  0.822854  0.867863  0.793417  0.697505  0.783491  0.812421  0.746863  0.841350  0.892360  0.809117  0.866908  0.604798  0.585500  0.675878  0.674791  0.648387  0.569742  0.737864  0.733868  0.659126  0.817197  0.541903  0.868556  0.690616  0.643128  0.841765  0.684441  0.719320  0.650915  0.504325  0.658994  0.780661  0.753120  0.786092  0.602837  0.848215  0.720834  0.639156  0.856427  0.803755  0.493719  0.442431  0.740456 
6  0.395758  0.774187  0.568130  0.810540  0.564798  0.713434 0.0  0.825623  0.806513  0.702289  0.717695  0.690508  0.704398  0.720487  0.607670  0.638125  0.648000  0.665902  0.610967  0.610777  0.589159  0.723407  0.569923  0.669427  0.810840  0.675073  0.659245  0.595560  0.704793  0.511569  0.724759  0.601295  0.811506  0.828127  0.430800  0.578378  0.618185  0.738962  0.808178  0.292776  0.729632  0.409515  0.728732  0.499018  0.803263  0.884965  0.731033  0.810638  0.622787  0.778235  0.699312  0.823423  0.363243  0.856135  0.811116  0.656444  0.396000  0.682887  0.631373  0.671416  0.691164  0.763219  0.552941  0.425603  0.476258  0.478268  0.528372  0.752366  0.837860  0.765302  0.839628  0.803913  0.895287  0.609736  0.538783  0.821938  0.634480  0.816287  0.369763  0.659644  0.752338  0.693264  0.791758  0.617192  0.763013  0.650362  0.810207  0.457930  0.553549  0.606636  0.715537  0.469708  0.684278  0.774563  0.701127  0.516318  0.754388  0.790647  0.454430 
7  0.796554  0.672887  0.746093  0.756088  0.703140  0.596153  0.825623 0.0  0.654039  0.698367  0.528453  0.768077  0.589650  0.922400  0.835907  0.738267  0.904204  0.722235  0.824908  0.736703  0.736046  0.778510  0.780813  0.714254  0.571991  0.886643  0.644028  0.763237  0.754716  0.865523  0.786242  0.814797  0.514819  0.547918  0.774013  0.751805  0.739178  0.693476  0.722167  0.773748  0.740467  0.814161  0.645383  0.728487  0.639332  0.730810  0.688614  0.740282  0.898202  0.762861  0.773389  0.868406  0.763607  0.615256  0.623402  0.670990  0.811359  0.803437  0.772121  0.830462  0.705730  0.675099  0.778170  0.765111  0.811180  0.734996  0.818663  0.671901  0.631460  0.601012  0.617564  0.658995  0.607233  0.829019  0.822987  0.538028  0.790470  0.590103  0.767555  0.681439  0.641863  0.805179  0.654846  0.741555  0.673110  0.564969  0.591261  0.808454  0.757694  0.747927  0.651312  0.794963  0.705936  0.633369  0.690594  0.805075  0.455802  0.577794  0.783802 
8  0.849881  0.771628  0.779625  0.720502  0.717240  0.811093  0.806513  0.654039 0.0  0.664504  0.689375  0.859089  0.659735  0.931450  0.873982  0.792212  0.818246  0.845025  0.948368  0.900666  0.719679  0.772765  0.746189  0.785149  0.654361  0.841658  0.826292  0.948387  0.812699  0.831442  0.872821  0.796122  0.873464  0.733967  0.870783  0.792551  0.779527  0.566972  0.614834  0.700974  0.832585  0.883726  0.811485  0.865821  0.555331  0.495840  0.781447  0.741980  0.879466  0.755168  0.790708  0.837423  0.811621  0.752350  0.685696  0.844797  0.879505  0.769758  0.892295  0.938286  0.885443  0.636357  0.831416  0.817877  0.904709  0.815266  0.805065  0.753391  0.842072  0.815662  0.623769  0.719473  0.780682  0.862021  0.919288  0.733117  0.768586  0.806871  0.835685  0.723723  0.748850  0.774962  0.848719  0.788114  0.823240  0.651646  0.781658  0.786364  0.843379  0.808846  0.796535  0.834234  0.723160  0.773506  0.665913  0.815590  0.770159  0.715262  0.821058 
9  0.820085  0.465146  0.620452  0.735815  0.663362  0.565556  0.702289  0.698367  0.664504 0.0  0.596567  0.806531  0.673834  0.812743  0.787598  0.530056  0.772737  0.619050  0.718651  0.600352  0.868809  0.617337  0.650747  0.545985  0.743127  0.727240  0.620254  0.608823  0.564554  0.727616  0.460537  0.574242  0.637036  0.807247  0.706415  0.669169  0.617795  0.657622  0.791925  0.784477  0.730874  0.723138  0.474718  0.630844  0.655615  0.755405  0.577540  0.632572  0.653890  0.550226  0.430653  0.900938  0.719751  0.781720  0.830459  0.637468  0.751836  0.853698  0.845363  0.628093  0.669134  0.658485  0.588639  0.719713  0.737045  0.651974  0.653720  0.485026  0.684494  0.721257  0.688638  0.659312  0.697812  0.704262  0.807627  0.682534  0.539067  0.769696  0.740343  0.605767  0.602705  0.716087  0.546994  0.752906  0.467284  0.762658  0.693439  0.771569  0.601570  0.587963  0.586725  0.711313  0.541565  0.638029  0.696941  0.735740  0.705608  0.602803  0.648869 
10  0.682438  0.591042  0.680403  0.591838  0.734398  0.580484  0.717695  0.528453  0.689375  0.596567 0.0  0.784917  0.761327  0.811934  0.767688  0.656068  0.708271  0.649917  0.723875  0.764626  0.761392  0.584935  0.720291  0.743870  0.655618  0.861245  0.692016  0.597797  0.622418  0.731829  0.573799  0.832284  0.625488  0.713640  0.720897  0.681570  0.751499  0.663411  0.736234  0.782221  0.644086  0.814242  0.571807  0.663606  0.687240  0.759252  0.623308  0.576720  0.736080  0.561339  0.682171  0.714335  0.780814  0.607488  0.673629  0.565761  0.744103  0.827907  0.894839  0.660426  0.747463  0.640741  0.701778  0.816541  0.803026  0.657206  0.767721  0.633600  0.666693  0.576363  0.722522  0.667421  0.640622  0.723157  0.828911  0.545099  0.738168  0.684702  0.818327  0.652486  0.564155  0.766531  0.566583  0.735048  0.549349  0.796373  0.546722  0.809458  0.786966  0.726915  0.596500  0.805592  0.624064  0.562786  0.555795  0.755312  0.574983  0.409349  0.743167 
11  0.573040  0.804346  0.782317  0.774434  0.801709  0.855415  0.690508  0.768077  0.859089  0.806531  0.784917 0.0  0.730886  0.312288  0.632918  0.806495  0.000000  0.768157  0.753516  0.769704  0.620827  0.696428  0.691775  0.724351  0.830895  0.410245  0.814443  0.676497  0.728655  0.682845  0.826746  0.839488  0.833442  0.796621  0.714935  0.707395  0.848546  0.904543  0.795333  0.764501  0.766944  0.674898  0.881286  0.865285  0.837040  0.910963  0.786899  0.722796  0.661695  0.728888  0.796139  0.252351  0.639113  0.785324  0.736740  0.690433  0.704286  0.447279  0.533170  0.809481  0.784011  0.882296  0.667915  0.611545  0.718405  0.738925  0.738543  0.735674  0.922809  0.913315  0.890447  0.791091  0.934373  0.574565  0.736806  0.979008  0.750958  0.866389  0.760089  0.749457  0.905169  0.624886  0.796646  0.740392  0.777360  0.867882  0.808409  0.669596  0.819734  0.733612  0.704750  0.765690  0.708142  0.840752  0.803165  0.710545  0.801199  0.861349  0.691556 
12  0.845776  0.775702  0.671371  0.670639  0.661696  0.681172  0.704398  0.589650  0.659735  0.673834  0.761327  0.730886 0.0  0.907155  0.760918  0.711153  0.904572  0.709122  0.860387  0.655788  0.833312  0.759758  0.839652  0.661357  0.685837  0.785081  0.646607  0.759014  0.834012  0.868635  0.722420  0.742130  0.826973  0.588502  0.723121  0.783887  0.712437  0.484368  0.587152  0.796378  0.802382  0.750180  0.695854  0.715264  0.629280  0.777360  0.692081  0.694668  0.775977  0.793868  0.784536  0.844871  0.825742  0.652172  0.778826  0.679700  0.815096  0.841694  0.797746  0.755516  0.787304  0.467691  0.836111  0.785145  0.768876  0.742714  0.740845  0.786234  0.700024  0.752514  0.815977  0.801140  0.810892  0.766485  0.817721  0.492406  0.716255  0.765584  0.834065  0.754302  0.664159  0.720274  0.794009  0.672216  0.643946  0.840326  0.579545  0.839659  0.813577  0.685562  0.768865  0.712091  0.746937  0.637554  0.424698  0.790987  0.740906  0.620532  0.700439 
13  0.695194  0.849480  0.766722  0.873980  0.670471  0.767480  0.720487  0.922400  0.931450  0.812743  0.811934  0.312288  0.907155 0.0  0.568470  0.743287  0.347685  0.793165  0.679545  0.788301  0.483471  0.751373  0.727182  0.790972  0.841281  0.197285  0.643301  0.774974  0.718099  0.674422  0.828060  0.776209  0.901648  0.858696  0.684262  0.715812  0.673346  0.817946  0.932156  0.707289  0.864734  0.739139  0.838866  0.704430  0.822734  0.800362  0.870199  0.822530  0.779157  0.678489  0.641738  0.511721  0.737404  0.886964  0.900464  0.833708  0.694030  0.557853  0.531239  0.698925  0.669453  0.844360  0.673347  0.625665  0.703211  0.766877  0.605286  0.803676  0.950422  0.750395  0.969494  0.723003  0.833223  0.704101  0.760306  0.836765  0.737669  0.882537  0.651893  0.861088  0.777821  0.495417  0.864122  0.668959  0.824629  0.942784  0.774745  0.596739  0.683477  0.820542  0.817168  0.659710  0.764565  0.789565  0.780552  0.686562  0.938056  0.830031  0.722532 
14  0.525770  0.692287  0.720176  0.833250  0.622657  0.784474  0.607670  0.835907  0.873982  0.787598  0.767688  0.632918  0.760918  0.568470 0.0  0.714507  0.602636  0.677725  0.351447  0.750464  0.344243  0.611821  0.707838  0.796761  0.777174  0.595843  0.652303  0.707971  0.613431  0.589907  0.727828  0.689590  0.825005  0.805179  0.666711  0.547093  0.667506  0.881513  0.852155  0.524783  0.862107  0.545805  0.775296  0.662633  0.782778  0.786861  0.663632  0.785560  0.698081  0.788324  0.650219  0.573969  0.570052  0.737126  0.856021  0.759303  0.546248  0.630250  0.568047  0.825562  0.631008  0.779301  0.691339  0.503676  0.608473  0.716874  0.548826  0.787665  0.769345  0.748749  0.794169  0.826665  0.844248  0.518250  0.417852  0.847380  0.782183  0.810743  0.507823  0.739827  0.859805  0.502532  0.771245  0.790122  0.729436  0.889062  0.801554  0.474938  0.596418  0.668795  0.779522  0.677275  0.665694  0.827608  0.836737  0.620244  0.664503  0.799480  0.658464 
15  0.578310  0.583599  0.576847  0.675142  0.489097  0.816788  0.638125  0.738267  0.792212  0.530056  0.656068  0.806495  0.711153  0.743287  0.714507 0.0  0.797297  0.305797  0.800109  0.460587  0.726133  0.549303  0.549596  0.667906  0.676242  0.711598  0.431890  0.517735  0.592458  0.849396  0.578793  0.321497  0.762113  0.776249  0.650929  0.491715  0.557504  0.642527  0.874530  0.690074  0.677005  0.681477  0.684793  0.589040  0.760512  0.942074  0.641000  0.559420  0.497926  0.585753  0.426753  0.886662  0.594009  0.763499  0.739477  0.456121  0.574650  0.671912  0.787289  0.394199  0.523250  0.844821  0.521153  0.680354  0.729425  0.531082  0.710724  0.677903  0.725771  0.760767  0.785038  0.702306  0.829232  0.686098  0.596817  0.765764  0.402421  0.718690  0.711616  0.383164  0.580462  0.681715  0.628845  0.471921  0.633646  0.749992  0.660645  0.639708  0.637326  0.566314  0.573663  0.669275  0.410230  0.652257  0.721672  0.662170  0.760789  0.689859  0.486528 
16  0.719736  0.875069  0.696431  0.737909  0.666293  0.888922  0.648000  0.904204  0.818246  0.772737  0.708271  0.000000  0.904572  0.347685  0.602636  0.797297 0.0  0.763830  0.703350  0.790440  0.640223  0.693229  0.695782  0.878460  0.916740  0.367280  0.697386  0.643069  0.795899  0.750984  0.782650  0.799531  0.827260  0.755576  0.667766  0.736796  0.741844  0.853886  0.989462  0.761057  0.770526  0.756288  0.748541  0.749677  0.798720  0.792031  0.815838  0.877850  0.744200  0.737820  0.790220  0.341638  0.761793  0.870996  0.833796  0.768066  0.746635  0.574391  0.619395  0.798495  0.785627  0.844214  0.700992  0.712329  0.625663  0.683740  0.701357  0.778972  0.862432  0.889592  0.882193  0.853212  0.907376  0.686312  0.783427  0.825002  0.767980  0.727158  0.654984  0.828068  0.812714  0.509239  0.940994  0.742781  0.749097  0.826031  0.890622  0.712548  0.716979  0.730391  0.811776  0.921868  0.781728  0.816270  0.748139  0.723170  0.835364  0.856468  0.725512 
17  0.579510  0.645928  0.505869  0.693901  0.480970  0.661746  0.665902  0.722235  0.845025  0.619050  0.649917  0.768157  0.709122  0.793165  0.677725  0.305797  0.763830 0.0  0.772956  0.492513  0.768418  0.526821  0.614326  0.626125  0.648207  0.837490  0.489727  0.479677  0.477111  0.607016  0.586586  0.452756  0.775809  0.752387  0.594053  0.626761  0.541696  0.734396  0.752004  0.694275  0.664677  0.569284  0.678513  0.416004  0.792679  0.808057  0.663949  0.692272  0.436508  0.747210  0.558263  0.693966  0.529863  0.878395  0.804912  0.503099  0.612374  0.735394  0.893118  0.261264  0.527284  0.705931  0.490835  0.763371  0.689626  0.533566  0.611494  0.618149  0.671272  0.618241  0.775415  0.620597  0.764703  0.663499  0.720212  0.687502  0.499218  0.796374  0.648948  0.607498  0.663778  0.802542  0.647753  0.514668  0.792418  0.705951  0.777818  0.781325  0.571660  0.586738  0.517962  0.731394  0.502727  0.739731  0.698612  0.675628  0.785364  0.706229  0.517773 
18  0.587582  0.767122  0.693016  0.824339  0.617207  0.890555  0.610967  0.824908  0.948368  0.718651  0.723875  0.753516  0.860387  0.679545  0.351447  0.800109  0.703350  0.772956 0.0  0.777968  0.304512  0.709779  0.628187  0.750310  0.852450  0.582561  0.706826  0.725018  0.603712  0.390013  0.707513  0.780750  0.964709  0.743887  0.509602  0.696448  0.738417  0.721132  0.916526  0.592202  0.904806  0.577272  0.841455  0.634640  0.817259  0.833846  0.829140  0.777803  0.667607  0.801662  0.748125  0.753828  0.532556  0.791579  0.923229  0.725466  0.606291  0.624569  0.567131  0.736836  0.702946  0.740899  0.618361  0.503271  0.548869  0.623955  0.585646  0.741919  0.905108  0.750147  0.832038  0.878823  0.730487  0.376686  0.405863  0.874794  0.805397  0.812042  0.480343  0.714310  0.738179  0.541707  0.753836  0.762160  0.793319  0.787573  0.795631  0.510463  0.671108  0.801562  0.756261  0.610570  0.695502  0.795877  0.891967  0.524395  0.823858  0.773774  0.586538 
19  0.613493  0.643217  0.372536  0.737173  0.446624  0.782856  0.610777  0.736703  0.900666  0.600352  0.764626  0.769704  0.655788  0.788301  0.750464  0.460587  0.790440  0.492513  0.777968 0.0  0.701155  0.337530  0.467488  0.563718  0.799002  0.657595  0.180897  0.204123  0.473798  0.638497  0.520564  0.538155  0.660798  0.733095  0.556592  0.516656  0.442934  0.725519  0.869560  0.535322  0.678570  0.563025  0.606225  0.460397  0.781807  0.803406  0.706838  0.613750  0.303030  0.703278  0.395557  0.683097  0.520452  0.760992  0.815333  0.491775  0.539080  0.810827  0.678224  0.431492  0.505668  0.757278  0.446143  0.625853  0.585358  0.491908  0.619594  0.607171  0.734822  0.683713  0.764575  0.751928  0.795894  0.757614  0.635040  0.711517  0.149215  0.833503  0.579708  0.542874  0.599835  0.737297  0.589973  0.450746  0.579481  0.826590  0.714451  0.647140  0.566092  0.393807  0.544848  0.686051  0.636484  0.799441  0.733225  0.701471  0.710044  0.655822  0.442481 
20  0.639622  0.678093  0.658235  0.787309  0.805483  0.803572  0.589159  0.736046  0.719679  0.868809  0.761392  0.620827  0.833312  0.483471  0.344243  0.726133  0.640223  0.768418  0.304512  0.701155 0.0  0.686463  0.681100  0.768728  0.912791  0.640486  0.679449  0.629445  0.684084  0.383622  0.721455  0.797522  0.631749  0.844754  0.688642  0.795428  0.690294  0.838900  0.777102  0.587614  0.797871  0.562964  0.761412  0.635880  0.865698  0.829717  0.698879  0.881471  0.612370  0.864872  0.683809  0.639572  0.577668  0.966113  0.853369  0.622598  0.488153  0.631128  0.592119  0.752542  0.670997  0.847447  0.646861  0.432490  0.615197  0.679237  0.655145  0.699226  0.871869  0.822926  0.816839  0.896695  0.920775  0.478066  0.352240  0.802969  0.688512  0.743074  0.545368  0.688075  0.860499  0.669968  0.750420  0.637353  0.729356  0.826353  0.864938  0.430291  0.607942  0.711297  0.833464  0.537176  0.553129  0.772302  0.779569  0.510849  0.812048  0.877967  0.595828 
21  0.535395  0.615281  0.214276  0.739514  0.318388  0.637959  0.723407  0.778510  0.772765  0.617337  0.584935  0.696428  0.759758  0.751373  0.611821  0.549303  0.693229  0.526821  0.709779  0.337530  0.686463 0.0  0.408461  0.738214  0.797812  0.865133  0.421682  0.297146  0.359925  0.649065  0.419918  0.537748  0.609714  0.688480  0.584808  0.510407  0.511590  0.820054  0.792594  0.601416  0.757169  0.696267  0.523702  0.366301  0.788967  0.806402  0.517104  0.800873  0.546866  0.638457  0.309756  0.745953  0.665291  0.868556  0.790083  0.341173  0.646709  0.631506  0.808293  0.553110  0.592279  0.752263  0.601830  0.726460  0.607712  0.429533  0.538212  0.697003  0.786205  0.711077  0.789334  0.628124  0.760895  0.696151  0.578714  0.647947  0.410050  0.723978  0.713933  0.472416  0.640269  0.816287  0.768426  0.508250  0.634215  0.802381  0.728601  0.679936  0.634334  0.275111  0.585906  0.646479  0.541176  0.732704  0.636472  0.494137  0.891658  0.656650  0.528255 
22  0.561106  0.564433  0.552643  0.730115  0.503573  0.668285  0.569923  0.780813  0.746189  0.650747  0.720291  0.691775  0.839652  0.727182  0.707838  0.549596  0.695782  0.614326  0.628187  0.467488  0.681100  0.408461 0.0  0.547987  0.754111  0.703126  0.540879  0.552367  0.540143  0.630283  0.583623  0.615219  0.740396  0.735421  0.446855  0.295069  0.409217  0.763933  0.843107  0.534480  0.787023  0.566255  0.867577  0.306664  0.858076  0.843572  0.668652  0.651209  0.452124  0.750982  0.549801  0.699402  0.570932  0.741543  0.653271  0.497247  0.590488  0.837613  0.726008  0.590332  0.585686  0.695383  0.639099  0.668195  0.618725  0.442211  0.516104  0.664025  0.824025  0.728776  0.706986  0.722581  0.731873  0.692234  0.542792  0.672458  0.512913  0.873171  0.494619  0.656585  0.722520  0.712088  0.656007  0.503102  0.774399  0.743660  0.717340  0.603184  0.498427  0.472469  0.703337  0.624614  0.744306  0.694563  0.731462  0.594616  0.775141  0.736020  0.412914 
23  0.713139  0.480250  0.623317  0.719861  0.646005  0.685287  0.669427  0.714254  0.785149  0.545985  0.743870  0.724351  0.661357  0.790972  0.796761  0.667906  0.878460  0.626125  0.750310  0.563718  0.768728  0.738214  0.547987 0.0  0.618406  0.793863  0.564302  0.546373  0.490298  0.710833  0.470309  0.572767  0.708808  0.674959  0.722054  0.661199  0.684813  0.740598  0.758319  0.602106  0.786804  0.803464  0.557685  0.571635  0.732454  0.763204  0.480831  0.614626  0.632434  0.789569  0.532569  0.834472  0.684565  0.734873  0.877174  0.603485  0.710642  0.831068  0.686132  0.717458  0.584274  0.785433  0.661153  0.667098  0.662976  0.666701  0.613847  0.624462  0.682378  0.746806  0.772451  0.707846  0.759492  0.643636  0.694911  0.572909  0.505041  0.779880  0.692527  0.563676  0.573889  0.807127  0.638708  0.666220  0.552882  0.765990  0.688282  0.729720  0.778151  0.694919  0.537806  0.732103  0.565447  0.640617  0.725892  0.728471  0.890618  0.623810  0.681695 
24  0.792946  0.820668  0.769115  0.685429  0.790518  0.503345  0.810840  0.571991  0.654361  0.743127  0.655618  0.830895  0.685837  0.841281  0.777174  0.676242  0.916740  0.648207  0.852450  0.799002  0.912791  0.797812  0.754111  0.618406 0.0  1.000000  0.724455  0.822104  0.771197  0.877393  0.604355  0.743589  0.432303  0.636464  0.834556  0.768481  0.748481  0.628238  0.638152  0.798469  0.679117  0.773368  0.702142  0.692696  0.622160  0.681888  0.731160  0.585832  0.721767  0.693085  0.729855  0.963319  0.844212  0.714942  0.494666  0.733808  0.883412  0.822238  0.816754  0.811466  0.703305  0.791320  0.802284  0.793221  0.713917  0.808344  0.729861  0.665884  0.225515  0.640231  0.493980  0.736577  0.502869  0.838742  0.885185  0.738226  0.829399  0.423986  0.795321  0.682236  0.665687  0.945055  0.790342  0.634961  0.680122  0.356975  0.646957  0.905100  0.762128  0.715896  0.718643  0.724145  0.708501  0.541642  0.772433  0.841657  0.519770  0.613562  0.838630 
25  0.648235  0.874024  0.750096  0.890525  0.757172  0.851055  0.675073  0.886643  0.841658  0.727240  0.861245  0.410245  0.785081  0.197285  0.595843  0.711598  0.367280  0.837490  0.582561  0.657595  0.640486  0.865133  0.703126  0.793863  1.000000 0.0  0.737152  0.650344  0.906759  0.573435  0.913490  0.840158  0.964032  0.789884  0.664778  0.781169  0.608733  0.797509  0.829591  0.618354  0.826428  0.652093  0.853779  0.647358  0.900580  0.873680  0.838929  0.728559  0.803629  0.860962  0.735494  0.438038  0.719365  0.806061  0.949486  0.686982  0.772313  0.456928  0.634328  0.804229  0.732280  0.827931  0.797600  0.599431  0.696814  0.772062  0.650928  0.692715  0.904983  0.801175  0.873848  0.764716  0.872443  0.577736  0.717708  0.819564  0.770018  0.915647  0.645172  0.830506  0.845792  0.566153  0.755599  0.802984  0.774233  0.900598  0.829965  0.624614  0.664347  0.775362  0.897908  0.679001  0.685687  0.796654  0.776397  0.663369  0.885520  0.757560  0.915847 
26  0.627131  0.605389  0.236812  0.632365  0.586904  0.749953  0.659245  0.644028  0.826292  0.620254  0.692016  0.814443  0.646607  0.643301  0.652303  0.431890  0.697386  0.489727  0.706826  0.180897  0.679449  0.421682  0.540879  0.564302  0.724455  0.737152 0.0  0.255804  0.340105  0.634495  0.533321  0.466264  0.704375  0.727880  0.549480  0.592436  0.364253  0.769959  0.797862  0.562199  0.732686  0.639429  0.602784  0.584489  0.801851  0.812083  0.601514  0.796666  0.245549  0.682092  0.402221  0.707867  0.730888  0.810268  0.831421  0.313977  0.629844  0.705947  0.708598  0.421176  0.570802  0.721236  0.528092  0.634068  0.690683  0.475552  0.576843  0.590607  0.774128  0.666428  0.861924  0.666922  0.869774  0.726845  0.628018  0.631920  0.301958  0.790134  0.666947  0.455593  0.697599  0.789773  0.600610  0.506752  0.678533  0.752822  0.718226  0.628542  0.536991  0.511484  0.478702  0.673405  0.551604  0.729854  0.843652  0.672336  0.801544  0.745865  0.573904 
27  0.711998  0.621036  0.378580  0.661664  0.499016  0.787285  0.595560  0.763237  0.948387  0.608823  0.597797  0.676497  0.759014  0.774974  0.707971  0.517735  0.643069  0.479677  0.725018  0.204123  0.629445  0.297146  0.552367  0.546373  0.822104  0.650344  0.255804 0.0  0.444609  0.611067  0.502424  0.516070  0.774913  0.715841  0.583524  0.429331  0.397444  0.738629  0.912455  0.609314  0.706658  0.683552  0.654348  0.364581  0.838806  0.747318  0.615170  0.763830  0.429760  0.712532  0.443748  0.656286  0.641235  0.808303  0.789136  0.389598  0.584076  0.683685  0.630439  0.528468  0.509311  0.774709  0.426896  0.716709  0.618073  0.441460  0.650220  0.593129  0.773477  0.749210  0.822717  0.764212  0.769507  0.792829  0.644804  0.728008  0.092354  0.789864  0.595367  0.371339  0.724944  0.753450  0.587349  0.468871  0.701741  0.841587  0.697737  0.654796  0.467518  0.514023  0.668412  0.657813  0.451635  0.594322  0.768232  0.648500  0.757727  0.801061  0.510893 
28  0.584164  0.519795  0.400553  0.749877  0.428239  0.689424  0.704793  0.754716  0.812699  0.564554  0.622418  0.728655  0.834012  0.718099  0.613431  0.592458  0.795899  0.477111  0.603712  0.473798  0.684084  0.359925  0.540143  0.490298  0.771197  0.906759  0.340105  0.444609 0.0  0.633856  0.489273  0.558773  0.765449  0.713257  0.665384  0.666109  0.463815  0.744616  0.824863  0.642003  0.697294  0.752438  0.560214  0.539883  0.841830  0.773704  0.584920  0.643133  0.512103  0.675028  0.258816  0.867565  0.693297  0.721938  0.813615  0.412504  0.692164  0.751445  0.769734  0.524695  0.490956  0.828539  0.476511  0.734155  0.692269  0.541821  0.589678  0.668462  0.726672  0.708940  0.711100  0.753672  0.741361  0.665509  0.601770  0.689234  0.426735  0.798793  0.725047  0.268671  0.599936  0.706177  0.615921  0.549280  0.624008  0.713707  0.752791  0.606155  0.624502  0.543094  0.521793  0.685208  0.582965  0.692091  0.815326  0.666881  0.701336  0.670900  0.593225 
29  0.481856  0.730299  0.696899  0.806129  0.741554  0.823492  0.511569  0.865523  0.831442  0.727616  0.731829  0.682845  0.868635  0.674422  0.589907  0.849396  0.750984  0.607016  0.390013  0.638497  0.383622  0.649065  0.630283  0.710833  0.877393  0.573435  0.634495  0.611067  0.633856 0.0  0.747179  0.609265  0.818321  0.822664  0.527088  0.673713  0.641094  0.760677  0.881926  0.405743  0.814827  0.575991  0.811228  0.616341  0.829740  0.828936  0.739820  0.849500  0.690193  0.664720  0.670889  0.720009  0.636858  0.821013  0.759276  0.706997  0.597562  0.595406  0.551688  0.764072  0.725021  0.771665  0.635706  0.482596  0.583128  0.647299  0.609258  0.739372  0.895732  0.836083  0.777757  0.864371  0.772905  0.489872  0.418654  0.751055  0.727470  0.945201  0.550193  0.798739  0.738970  0.499897  0.665731  0.589601  0.812929  0.862207  0.726668  0.427749  0.598425  0.698637  0.906571  0.520973  0.817401  0.783190  0.821090  0.530258  0.835095  0.853994  0.633752 
30  0.760340  0.466313  0.508025  0.784942  0.534330  0.679220  0.724759  0.786242  0.872821  0.460537  0.573799  0.826746  0.722420  0.828060  0.727828  0.578793  0.782650  0.586586  0.707513  0.520564  0.721455  0.419918  0.583623  0.470309  0.604355  0.913490  0.533321  0.502424  0.489273  0.747179 0.0  0.566044  0.764135  0.827612  0.621797  0.529562  0.519709  0.539382  0.776272  0.656082  0.763608  0.705920  0.554099  0.584405  0.750401  0.798439  0.540725  0.660849  0.593114  0.610258  0.544085  0.773754  0.669918  0.686327  0.785958  0.558678  0.642508  0.830508  0.745166  0.651684  0.630394  0.761931  0.522145  0.600807  0.672189  0.615819  0.609135  0.561055  0.773288  0.645645  0.838684  0.779785  0.667619  0.739404  0.732384  0.689670  0.530413  0.785148  0.746332  0.352849  0.622869  0.789962  0.576217  0.550157  0.658930  0.754543  0.546695  0.757541  0.627200  0.500661  0.563264  0.701572  0.474803  0.549705  0.696693  0.685281  0.671474  0.747175  0.693762 
31  0.629698  0.556113  0.623586  0.583790  0.572850  0.746492  0.601295  0.814797  0.796122  0.574242  0.832284  0.839488  0.742130  0.776209  0.689590  0.321497  0.799531  0.452756  0.780750  0.538155  0.797522  0.537748  0.615219  0.572767  0.743589  0.840158  0.466264  0.516070  0.558773  0.609265  0.566044 0.0  0.736944  0.744232  0.627500  0.641194  0.562793  0.686635  0.737477  0.709295  0.706877  0.603131  0.666290  0.659831  0.702310  0.721665  0.674287  0.693786  0.429279  0.684896  0.497051  0.812176  0.615294  0.749444  0.751692  0.550107  0.601286  0.805870  0.721320  0.489478  0.475702  0.696592  0.504478  0.725920  0.706455  0.585052  0.695247  0.515375  0.724389  0.639470  0.872543  0.692468  0.855955  0.719793  0.694181  0.676222  0.491377  0.671350  0.679304  0.530509  0.675324  0.827554  0.630251  0.469387  0.611093  0.728061  0.823327  0.660627  0.645397  0.602570  0.555530  0.670974  0.485270  0.704198  0.738473  0.692816  0.710207  0.818952  0.563594 
32  0.804819  0.859317  0.787453  0.743838  0.680120  0.607638  0.811506  0.514819  0.873464  0.637036  0.625488  0.833442  0.826973  0.901648  0.825005  0.762113  0.827260  0.775809  0.964709  0.660798  0.631749  0.609714  0.740396  0.708808  0.432303  0.964032  0.704375  0.774913  0.765449  0.818321  0.764135  0.736944 0.0  0.762875  0.658186  0.783044  0.778469  0.743790  0.809731  0.747207  0.719052  0.810881  0.650345  0.785711  0.753342  0.746058  0.677258  0.591598  0.759226  0.749636  0.788105  0.905935  0.776573  0.570555  0.521688  0.754252  0.860658  0.931705  0.734360  0.801950  0.789649  0.725292  0.807786  0.809965  0.963695  0.809576  0.721946  0.697705  0.464773  0.729728  0.626368  0.756908  0.376375  0.821174  0.795065  0.730541  0.756527  0.388832  0.789416  0.724833  0.813305  0.817120  0.638992  0.756652  0.710368  0.530761  0.679650  0.891419  0.775978  0.805581  0.632488  0.895728  0.790798  0.607359  0.798978  0.753284  0.607240  0.618452  0.762679 
33  0.794860  0.657653  0.807706  0.755848  0.814383  0.663563  0.828127  0.547918  0.733967  0.807247  0.713640  0.796621  0.588502  0.858696  0.805179  0.776249  0.755576  0.752387  0.743887  0.733095  0.844754  0.688480  0.735421  0.674959  0.636464  0.789884  0.727880  0.715841  0.713257  0.822664  0.827612  0.744232  0.762875 0.0  0.850309  0.680930  0.763986  0.576466  0.623388  0.729631  0.787554  0.681261  0.670695  0.832717  0.485864  0.765731  0.719395  0.743606  0.767924  0.681137  0.712314  0.797494  0.798468  0.634278  0.683527  0.789449  0.817118  0.784261  0.866054  0.715181  0.829699  0.644790  0.714349  0.857287  0.823993  0.786811  0.777523  0.676508  0.744776  0.630320  0.601314  0.721505  0.692285  0.781725  0.817830  0.490952  0.679631  0.622896  0.787582  0.704044  0.774793  0.817693  0.683009  0.802794  0.659504  0.668587  0.588111  0.749423  0.813633  0.734522  0.742934  0.844295  0.669919  0.732947  0.689868  0.911269  0.605327  0.546980  0.895331 
34  0.480287  0.627972  0.543110  0.634423  0.551219  0.811843  0.430800  0.774013  0.870783  0.706415  0.720897  0.714935  0.723121  0.684262  0.666711  0.650929  0.667766  0.594053  0.509602  0.556592  0.688642  0.584808  0.446855  0.722054  0.834556  0.664778  0.549480  0.583524  0.665384  0.527088  0.621797  0.627500  0.658186  0.850309 0.0  0.465271  0.492502  0.709998  0.835091  0.536018  0.852705  0.453654  0.710587  0.513662  0.808370  0.828190  0.749997  0.794875  0.556397  0.743170  0.623993  0.719815  0.525421  0.707446  0.706979  0.553067  0.371774  0.637762  0.657568  0.595417  0.584131  0.763849  0.613669  0.563792  0.562700  0.529467  0.377930  0.824605  0.777308  0.738417  0.942247  0.716334  0.872497  0.729733  0.580114  0.806562  0.728812  0.741944  0.550525  0.703251  0.704738  0.570970  0.696548  0.587200  0.821986  0.757063  0.754193  0.641363  0.536676  0.521913  0.727370  0.316309  0.629274  0.691749  0.650656  0.534277  0.798194  0.780627  0.602598 
35  0.567821  0.540592  0.504883  0.739379  0.265276  0.601244  0.578378  0.751805  0.792551  0.669169  0.681570  0.707395  0.783887  0.715812  0.547093  0.491715  0.736796  0.626761  0.696448  0.516656  0.795428  0.510407  0.295069  0.661199  0.768481  0.781169  0.592436  0.429331  0.666109  0.673713  0.529562  0.641194  0.783044  0.680930  0.465271 0.0  0.343139  0.673686  0.792757  0.612500  0.710838  0.656872  0.594747  0.107492  0.695185  0.774938  0.616603  0.739535  0.444653  0.671380  0.515168  0.758338  0.585957  0.714795  0.807575  0.500164  0.516065  0.728894  0.755317  0.418432  0.455337  0.776370  0.519593  0.548724  0.645377  0.436000  0.520867  0.620390  0.744527  0.760151  0.893434  0.603827  0.751342  0.684931  0.475107  0.741259  0.315442  0.773202  0.545073  0.555587  0.622195  0.751740  0.647170  0.481755  0.635240  0.757466  0.807571  0.818051  0.556024  0.252812  0.645541  0.575845  0.602756  0.753820  0.843581  0.577757  0.793027  0.654316  0.325364 
36  0.603920  0.595673  0.287984  0.701535  0.402625  0.727686  0.618185  0.739178  0.779527  0.617795  0.751499  0.848546  0.712437  0.673346  0.667506  0.557504  0.741844  0.541696  0.738417  0.442934  0.690294  0.511590  0.409217  0.684813  0.748481  0.608733  0.364253  0.397444  0.463815  0.641094  0.519709  0.562793  0.778469  0.763986  0.492502  0.343139 0.0  0.764247  0.885848  0.591076  0.720968  0.637929  0.655971  0.313162  0.823985  0.818407  0.679026  0.774893  0.383283  0.770383  0.480783  0.733248  0.680718  0.795121  0.731458  0.439911  0.656306  0.679547  0.704290  0.462256  0.372691  0.818109  0.493643  0.660254  0.701758  0.520846  0.595787  0.662156  0.695827  0.653659  0.877736  0.725131  0.764871  0.703846  0.704229  0.701329  0.360218  0.832252  0.628564  0.537909  0.689291  0.718752  0.591262  0.408348  0.617375  0.731736  0.720096  0.733819  0.677241  0.426037  0.536834  0.617537  0.460464  0.670100  0.831662  0.609951  0.788135  0.702759  0.353796 
37  0.855954  0.573878  0.726136  0.731664  0.725499  0.695061  0.738962  0.693476  0.566972  0.657622  0.663411  0.904543  0.484368  0.817946  0.881513  0.642527  0.853886  0.734396  0.721132  0.725519  0.838900  0.820054  0.763933  0.740598  0.628238  0.797509  0.769959  0.738629  0.744616  0.760677  0.539382  0.686635  0.743790  0.576466  0.709998  0.673686  0.764247 0.0  0.688690  0.696565  0.813035  0.769968  0.644570  0.834063  0.769165  0.764259  0.542659  0.726637  0.803119  0.709950  0.666754  0.806321  0.842441  0.643380  0.696155  0.686954  0.815273  0.793258  0.804901  0.750268  0.803685  0.635562  0.667753  0.794746  0.771288  0.749167  0.799459  0.621679  0.712824  0.841772  0.784884  0.782520  0.656182  0.908442  0.753687  0.453608  0.739872  0.731312  0.820366  0.631587  0.718643  0.809975  0.708180  0.789942  0.526051  0.664485  0.479088  0.694239  0.741018  0.634802  0.650596  0.709483  0.760199  0.555611  0.617022  0.804018  0.609425  0.606373  0.743559 
38  0.728198  0.851114  0.795246  0.780719  0.805602  0.707517  0.808178  0.722167  0.614834  0.791925  0.736234  0.795333  0.587152  0.932156  0.852155  0.874530  0.989462  0.752004  0.916526  0.869560  0.777102  0.792594  0.843107  0.758319  0.638152  0.829591  0.797862  0.912455  0.824863  0.881926  0.776272  0.737477  0.809731  0.623388  0.835091  0.792757  0.885848  0.688690 0.0  0.977496  0.773976  0.787980  0.778346  0.723044  0.526639  0.457627  0.799747  0.839926  0.829416  0.779229  0.707501  0.954810  0.797824  0.742547  0.812896  0.778094  0.831886  0.839401  0.818324  0.827784  0.855865  0.709362  0.974065  0.878212  0.756121  0.790051  0.859464  0.708889  0.723845  0.912618  0.743820  0.870452  0.710596  0.914191  0.834276  0.733941  0.818574  0.775444  0.779151  0.856105  0.705568  0.897535  0.745072  0.917165  0.693617  0.805481  0.666519  0.831701  0.842551  0.719137  0.801934  0.748288  0.832536  0.804786  0.741952  0.753350  0.712852  0.778746  0.831713 
39  0.462765  0.701965  0.633348  0.728281  0.622621  0.749828  0.292776  0.773748  0.700974  0.784477  0.782221  0.764501  0.796378  0.707289  0.524783  0.690074  0.761057  0.694275  0.592202  0.535322  0.587614  0.601416  0.534480  0.602106  0.798469  0.618354  0.562199  0.609314  0.642003  0.405743  0.656082  0.709295  0.747207  0.729631  0.536018  0.612500  0.591076  0.696565  0.977496 0.0  0.791827  0.287935  0.737113  0.623069  0.765699  0.996413  0.762205  0.919634  0.606716  0.810410  0.662602  0.652149  0.347178  0.833692  0.806010  0.608960  0.402921  0.733242  0.661403  0.683529  0.583667  0.758756  0.656115  0.401056  0.487678  0.616774  0.555111  0.813046  0.783844  0.707192  0.877836  0.692569  0.705608  0.515608  0.536233  0.780845  0.676375  0.779040  0.420546  0.619905  0.722819  0.728668  0.756612  0.614152  0.771674  0.745129  0.802465  0.475303  0.557416  0.638296  0.628354  0.427229  0.768544  0.697505  0.771523  0.457748  0.833220  0.699615  0.550879 
