99
0 0.0  0.421171  0.858181  0.737081  0.585266  0.623156  0.567655  0.500835  0.580832  0.732173  0.715043  0.769913  0.509826  0.826810  0.540256  0.757187  0.802821  0.599054  0.620235  0.630507  0.790933  0.483207  0.770407  0.810198  0.660314  0.518791  0.717892  0.405842  0.332912  0.601913  0.447681  0.666259  0.816939  0.417850  0.693179  0.732882  0.586741  0.753306  0.889282  0.810046  0.640199  0.757187  0.571829  0.676662  0.630445  0.648497  0.409551  0.576530  0.317707  0.515476  0.659636  0.380890  0.681151  0.739620  0.375511  0.744300  0.490494  0.631742  0.757338  0.403698  0.318126  0.400954  0.854747  0.689987  0.538016  0.716452  0.637186  0.312399  0.328501  0.392772  0.484255  0.474241  0.477331  0.612261  0.693327  0.825965  0.523424  0.711749  0.540842  0.548647  0.742168  0.515148  0.683803  0.683030  0.400757  0.643289  0.311548  0.612310  0.412328  0.770728  0.778778  0.651805  0.516589  0.407112  0.726201  0.702721  0.533744  0.503707  0.532654 
1  0.421171 0.0  0.780498  0.612928  0.640643  0.513563  0.535628  0.516791  0.701724  0.811640  0.558714  0.598373  0.573882  0.682292  0.665819  0.798136  0.762586  0.709109  0.682122  0.553757  0.829861  0.584202  0.720799  0.678505  0.620975  0.623318  0.687967  0.255151  0.407616  0.711511  0.440404  0.626265  0.806519  0.165593  0.659676  0.714760  0.591238  0.703023  0.754554  0.804399  0.708376  0.664445  0.420972  0.659197  0.768191  0.627143  0.368150  0.567108  0.253819  0.551243  0.609131  0.440672  0.727745  0.755383  0.517398  0.760329  0.383013  0.587240  0.776241  0.089076  0.388122  0.275288  0.696380  0.588438  0.504973  0.626668  0.720514  0.388008  0.380196  0.268194  0.363566  0.253085  0.585199  0.520141  0.656754  0.630252  0.413715  0.535775  0.679447  0.684672  0.790169  0.474620  0.800888  0.716067  0.146735  0.661769  0.583164  0.575151  0.411275  0.640259  0.788697  0.753837  0.603369  0.358437  0.727189  0.761756  0.542464  0.338195  0.598733 
2  0.858181  0.780498 0.0  0.693013  0.708974  0.616464  0.715725  0.815039  0.841484  0.489580  0.655523  0.752017  0.921757  0.704978  0.820002  0.607529  0.728725  0.816814  0.820799  0.627139  0.606258  0.846857  0.795023  0.813507  0.658194  0.743549  0.842962  0.779888  0.790784  0.772918  0.730131  0.724572  0.497414  0.775145  0.885996  0.641061  0.682576  0.628062  0.619444  0.721038  0.796562  0.535722  0.740518  0.603113  0.881830  0.844769  0.764150  0.664200  0.804232  0.783934  0.603901  0.800622  0.873078  0.735382  0.718198  0.834472  0.725246  0.960512  0.720704  0.810538  0.790593  0.727657  0.645157  0.829924  0.751078  0.793613  0.840584  0.733161  0.857222  0.723405  0.631976  0.693448  0.885947  0.642514  0.675429  0.702638  0.638570  0.575140  0.709439  0.870108  0.909378  0.725564  0.414165  0.407850  0.726261  0.882694  0.878449  0.623834  0.754633  0.763169  0.708032  0.865910  0.782221  0.762245  0.264332  0.747813  0.823082  0.794408  0.710238 
3  0.737081  0.612928  0.693013 0.0  0.586584  0.409469  0.529756  0.505004  0.808177  0.648476  0.665464  0.564795  0.722139  0.628888  0.664280  0.682908  0.749954  0.579341  0.798113  0.524122  0.581942  0.602643  0.801697  0.753675  0.447225  0.578274  0.780198  0.584974  0.638299  0.646917  0.703368  0.833509  0.712010  0.687240  0.788305  0.514017  0.773471  0.686748  0.714226  0.759129  0.705930  0.541246  0.457846  0.595709  0.785163  0.745116  0.617205  0.460062  0.560139  0.606493  0.476508  0.829629  0.776304  0.718624  0.731764  0.806620  0.575091  0.772662  0.729129  0.647095  0.700767  0.615554  0.738801  0.700268  0.648747  0.661066  0.544572  0.682934  0.733667  0.474769  0.669056  0.627974  0.680603  0.562900  0.668928  0.716595  0.576716  0.287025  0.616943  0.756387  0.684413  0.633715  0.667770  0.637240  0.566280  0.733411  0.673942  0.397994  0.679362  0.457502  0.791276  0.722301  0.561251  0.603859  0.656315  0.759825  0.726073  0.613222  0.417021 
4  0.585266  0.640643  0.708974  0.586584 0.0  0.581884  0.460259  0.643210  0.718398  0.739566  0.286510  0.407533  0.768810  0.521712  0.770696  0.721533  0.651285  0.205113  0.744619  0.315577  0.670236  0.749248  0.567246  0.940383  0.606640  0.649838  0.703789  0.491591  0.643738  0.783289  0.726878  0.759555  0.599950  0.516186  0.936664  0.420355  0.720113  0.654175  0.596950  0.682917  0.806410  0.716176  0.696836  0.669920  0.729003  0.735560  0.587514  0.505030  0.588124  0.795116  0.583236  0.674688  0.895321  0.587656  0.573966  0.889996  0.648715  0.791007  0.677380  0.497460  0.612153  0.523480  0.736257  0.777036  0.505164  0.388411  0.793462  0.717002  0.766193  0.620379  0.622474  0.555022  0.680008  0.686918  0.459477  0.660723  0.563797  0.597260  0.682874  0.744324  0.823772  0.479098  0.664936  0.714790  0.624510  0.740736  0.704498  0.652507  0.566865  0.611342  0.636945  0.827437  0.777623  0.664539  0.656545  0.713409  0.723611  0.547423  0.529157 
5  0.623156  0.513563  0.616464  0.409469  0.581884 0.0  0.609295  0.586815  0.761331  0.717234  0.669927  0.478838  0.632112  0.617236  0.693320  0.849640  0.714634  0.506509  0.837577  0.468361  0.660227  0.684872  0.647636  0.809061  0.029252  0.593555  0.822255  0.487619  0.625832  0.802429  0.622425  0.764873  0.746185  0.556935  0.860146  0.446695  0.670467  0.620406  0.665469  0.718379  0.672605  0.609642  0.565261  0.510311  0.787691  0.767589  0.667372  0.530521  0.639931  0.664692  0.400924  0.701277  0.608620  0.674569  0.649151  0.768366  0.598993  0.649733  0.697625  0.551979  0.608906  0.562829  0.615973  0.778923  0.493100  0.453213  0.714334  0.719583  0.617629  0.627535  0.667122  0.461043  0.701014  0.453188  0.556025  0.721487  0.611423  0.480529  0.729775  0.754048  0.839920  0.634901  0.705158  0.537386  0.502264  0.768156  0.641912  0.524197  0.569223  0.255845  0.729479  0.874454  0.744444  0.569913  0.731812  0.764634  0.801753  0.650433  0.297765 
6  0.567655  0.535628  0.715725  0.529756  0.460259  0.609295 0.0  0.333119  0.661066  0.768177  0.628584  0.535826  0.746378  0.643015  0.660638  0.798514  0.721926  0.640236  0.785053  0.557495  0.529999  0.679135  0.577416  0.707191  0.469317  0.639834  0.877427  0.435512  0.523144  0.816627  0.662320  0.675712  0.643697  0.538553  0.854253  0.495835  0.653090  0.725490  0.734199  0.761827  0.652139  0.675729  0.483493  0.616695  0.769988  0.754388  0.560566  0.442980  0.530938  0.634036  0.596049  0.645995  0.712370  0.807839  0.667354  0.801910  0.547508  0.723084  0.617921  0.385465  0.609377  0.519053  0.792847  0.737100  0.533313  0.516343  0.820288  0.655432  0.574570  0.489645  0.451637  0.362799  0.602007  0.697539  0.656389  0.661940  0.527415  0.603386  0.686086  0.722321  0.656420  0.585390  0.639273  0.644063  0.476245  0.695382  0.535095  0.546610  0.416774  0.526832  0.752655  0.851920  0.710248  0.456845  0.793943  0.729112  0.704097  0.418539  0.421327 
7  0.500835  0.516791  0.815039  0.505004  0.643210  0.586815  0.333119 0.0  0.690568  0.588400  0.711978  0.686672  0.605536  0.604062  0.663654  0.658964  0.809620  0.565967  0.771053  0.567148  0.645292  0.664673  0.684557  0.730090  0.459369  0.662421  0.768124  0.493849  0.557269  0.677884  0.569236  0.868457  0.779084  0.443426  0.743124  0.638713  0.752525  0.635869  0.675440  0.671269  0.650999  0.607479  0.195063  0.627582  0.715139  0.733636  0.525870  0.389095  0.553910  0.664307  0.536567  0.580099  0.799128  0.809156  0.754078  0.783925  0.411685  0.681591  0.652624  0.461052  0.476439  0.528504  0.718994  0.644319  0.595596  0.604816  0.698096  0.565450  0.566814  0.584787  0.378328  0.468948  0.620553  0.564923  0.610433  0.719771  0.465091  0.526340  0.657346  0.721302  0.848761  0.525056  0.708668  0.551622  0.582270  0.753880  0.536429  0.507268  0.619404  0.508156  0.768146  0.804660  0.687204  0.386915  0.753262  0.715095  0.648750  0.461127  0.499955 
8  0.580832  0.701724  0.841484  0.808177  0.718398  0.761331  0.661066  0.690568 0.0  0.803267  0.760321  0.793982  0.504663  0.788620  0.458601  0.699916  0.819737  0.760188  0.452785  0.670575  0.786789  0.463122  0.848742  0.646934  0.631243  0.622155  0.640526  0.518946  0.705831  0.418485  0.572136  0.519575  0.784919  0.724220  0.562347  0.744447  0.457064  0.783996  0.880277  0.759111  0.199990  0.741716  0.713544  0.814437  0.467472  0.500937  0.618093  0.826505  0.625243  0.530035  0.714833  0.521589  0.643001  0.868217  0.434540  0.684138  0.817537  0.493997  0.749232  0.646039  0.555171  0.571199  0.877223  0.299541  0.771429  0.818682  0.560544  0.498922  0.552706  0.593883  0.533314  0.638199  0.689556  0.626442  0.796605  0.795218  0.633161  0.648276  0.536937  0.377126  0.419213  0.553537  0.728911  0.728902  0.659847  0.524134  0.607905  0.658398  0.618511  0.758533  0.867968  0.592627  0.490058  0.682346  0.895658  0.441356  0.582189  0.722693  0.702237 
9  0.732173  0.811640  0.489580  0.648476  0.739566  0.717234  0.768177  0.588400  0.803267 0.0  0.769852  0.710836  0.801853  0.690461  0.991354  0.621306  0.688596  0.668598  0.881877  0.781966  0.710009  0.865485  0.769018  0.799925  0.694051  0.954881  0.922474  0.854427  0.707826  0.837758  0.819728  0.798602  0.557815  0.777857  0.756722  0.758533  0.832771  0.629189  0.589384  0.572219  0.817322  0.685766  0.782601  0.646272  0.858278  0.765278  0.689270  0.842798  0.707694  0.948100  0.757784  0.751354  0.845416  0.552351  0.957076  0.944393  0.902399  0.824057  0.613137  0.817621  0.802657  0.812866  0.701941  0.781943  0.896627  0.827001  0.867836  0.795617  0.819393  0.705135  0.803711  0.876336  0.754579  0.708442  0.607556  0.733915  0.792615  0.741784  0.860966  0.825263  0.783255  0.738246  0.621066  0.657438  0.699677  0.800913  0.902332  0.832756  0.883783  0.675892  0.657502  0.971471  0.939244  0.793358  0.574629  0.876880  0.806526  0.801266  0.801730 
10  0.715043  0.558714  0.655523  0.665464  0.286510  0.669927  0.628584  0.711978  0.760321  0.769852 0.0  0.465262  0.724976  0.536437  0.753070  0.757356  0.592246  0.380840  0.687896  0.489698  0.627856  0.850877  0.329453  0.735913  0.505236  0.760496  0.695196  0.712305  0.559273  0.703238  0.649340  0.828893  0.688696  0.567142  0.823184  0.488844  0.708266  0.636739  0.730574  0.643276  0.742439  0.704746  0.584586  0.608854  0.782113  0.727641  0.663295  0.680899  0.654168  0.705896  0.666553  0.680561  0.809195  0.559863  0.713965  0.705445  0.729851  0.780104  0.583842  0.630194  0.644609  0.676368  0.776425  0.803267  0.592627  0.345981  0.677134  0.581548  0.707618  0.630807  0.654215  0.630058  0.653940  0.638313  0.562263  0.502053  0.594033  0.642641  0.762292  0.714473  0.721733  0.610651  0.664135  0.710249  0.556279  0.767819  0.703831  0.526800  0.477877  0.569484  0.682794  0.727974  0.782269  0.594503  0.738858  0.697339  0.716968  0.608785  0.562611 
11  0.769913  0.598373  0.752017  0.564795  0.407533  0.478838  0.535826  0.686672  0.793982  0.710836  0.465262 0.0  0.703698  0.476156  0.765689  0.728478  0.617265  0.318164  0.780493  0.466954  0.545217  0.686324  0.576037  0.694462  0.539672  0.793179  0.931118  0.613073  0.659211  0.708995  0.726393  0.853689  0.772785  0.638061  0.779421  0.376733  0.774284  0.554853  0.697412  0.621077  0.852150  0.665624  0.663854  0.564975  0.795076  0.762488  0.724328  0.570744  0.583346  0.769955  0.460416  0.712527  0.922235  0.748966  0.780505  0.920096  0.581728  0.739483  0.603206  0.746092  0.695883  0.737765  0.704060  0.793672  0.620009  0.470224  0.733041  0.590551  0.605047  0.637789  0.625279  0.758648  0.639350  0.667983  0.437583  0.480371  0.644421  0.609269  0.743389  0.700177  0.910629  0.735489  0.677258  0.612127  0.697257  0.782483  0.650321  0.679938  0.647405  0.589734  0.629324  0.780694  0.726114  0.563207  0.501781  0.783820  0.661505  0.685331  0.610342 
12  0.509826  0.573882  0.921757  0.722139  0.768810  0.632112  0.746378  0.605536  0.504663  0.801853  0.724976  0.703698 0.0  0.764863  0.424005  0.968002  0.814408  0.695483  0.384420  0.767056  0.800537  0.113036  0.815280  0.543529  0.740231  0.417275  0.638292  0.520075  0.646904  0.492033  0.625694  0.503137  0.829632  0.661099  0.611444  0.728248  0.559436  0.890035  0.740309  0.823832  0.557590  0.834417  0.644125  0.690759  0.572174  0.614612  0.582091  0.759836  0.574849  0.281319  0.833213  0.502024  0.659578  0.807835  0.429421  0.719515  0.652249  0.571137  0.833575  0.654745  0.572978  0.533966  0.827736  0.532004  0.694735  0.788654  0.526355  0.467325  0.505230  0.558717  0.645386  0.643752  0.566650  0.644010  0.892988  0.779109  0.690382  0.655936  0.312411  0.026414  0.471792  0.671898  0.801623  0.777060  0.628992  0.460546  0.492949  0.838624  0.631311  0.693098  0.823148  0.754738  0.367075  0.622630  0.813330  0.546409  0.441291  0.604598  0.735061 
13  0.826810  0.682292  0.704978  0.628888  0.521712  0.617236  0.643015  0.604062  0.788620  0.690461  0.536437  0.476156  0.764863 0.0  0.889121  0.694828  0.588170  0.568889  0.711781  0.493285  0.446358  0.725075  0.605707  0.776253  0.598662  0.807646  0.868263  0.769309  0.769973  0.805933  0.669022  0.787494  0.542824  0.762791  0.893754  0.581885  0.835396  0.449042  0.558959  0.615910  0.740356  0.668438  0.795146  0.453430  0.733541  0.844870  0.747590  0.631081  0.904678  0.828391  0.539872  0.668650  0.786097  0.532918  0.815542  0.858783  0.663784  0.795473  0.229113  0.769039  0.766063  0.713223  0.730749  0.811957  0.706470  0.415652  0.839899  0.817253  0.683843  0.687198  0.699721  0.724740  0.864278  0.604148  0.270009  0.473534  0.697754  0.602617  0.702232  0.832444  0.679042  0.626584  0.658580  0.584217  0.682213  0.795293  0.761570  0.579040  0.732170  0.553403  0.692487  0.939419  0.724047  0.712508  0.662885  0.758782  0.755502  0.751464  0.642778 
14  0.540256  0.665819  0.820002  0.664280  0.770696  0.693320  0.660638  0.663654  0.458601  0.991354  0.753070  0.765689  0.424005  0.889121 0.0  0.784383  0.816537  0.760197  0.705524  0.619477  0.773010  0.298535  0.681480  0.759590  0.797189  0.261054  0.632032  0.678957  0.583306  0.533708  0.525745  0.647563  0.775621  0.548416  0.740855  0.676204  0.534983  0.876912  0.852712  0.827507  0.572462  0.823833  0.619800  0.707214  0.640937  0.543675  0.549786  0.638282  0.479226  0.362707  0.687506  0.437225  0.630348  0.871798  0.067753  0.622080  0.516660  0.461277  0.772728  0.721455  0.602938  0.518189  0.792501  0.593807  0.741538  0.703249  0.637807  0.431994  0.482544  0.582616  0.423904  0.495146  0.503182  0.635778  0.676854  0.696808  0.515454  0.618844  0.199400  0.388361  0.409113  0.574122  0.772084  0.807729  0.500006  0.477280  0.542530  0.607810  0.606051  0.719383  0.776722  0.619100  0.330826  0.575418  0.889120  0.509818  0.472210  0.597163  0.683738 
15  0.757187  0.798136  0.607529  0.682908  0.721533  0.849640  0.798514  0.658964  0.699916  0.621306  0.757356  0.728478  0.968002  0.694828  0.784383 0.0  0.743861  0.764401  0.876123  0.764993  0.621890  0.728384  0.796310  0.871477  0.673890  0.884451  0.863973  0.713813  0.750415  0.986164  0.775387  0.755215  0.558885  0.867967  0.871025  0.752512  0.857232  0.688671  0.642592  0.703602  0.843518  0.662645  0.731397  0.761227  0.814770  0.810318  0.890068  0.728882  0.757995  0.733935  0.682349  0.858045  0.717999  0.696492  0.781083  0.767910  0.790387  0.888865  0.694995  0.814661  0.660265  0.778936  0.612238  0.667251  0.807919  0.664291  0.922315  0.857924  0.821392  0.810348  0.744459  0.728716  0.747770  0.861453  0.797014  0.752559  0.742293  0.764464  0.739440  0.880392  0.778285  0.831156  0.545829  0.670619  0.762353  0.904664  0.779309  0.714413  0.830985  0.793239  0.738042  0.905824  0.859741  0.823764  0.570977  0.850033  0.826380  0.787931  0.621472 
16  0.802821  0.762586  0.728725  0.749954  0.651285  0.714634  0.721926  0.809620  0.819737  0.688596  0.592246  0.617265  0.814408  0.588170  0.816537  0.743861 0.0  0.624128  0.985000  0.656955  0.542692  0.791794  0.673884  0.859713  0.664691  0.769319  0.923930  0.837112  0.815787  0.966414  0.742370  0.835682  0.717622  0.726694  0.764712  0.653610  0.809358  0.506694  0.518240  0.459422  0.851961  0.691589  0.712040  0.584495  0.928577  0.739695  0.710251  0.706960  0.773194  0.754873  0.701997  0.790816  0.890899  0.480219  0.735383  0.943864  0.795436  0.890226  0.524901  0.741568  0.790254  0.717429  0.696304  0.843324  0.738107  0.736262  0.799226  0.856953  0.724669  0.743205  0.808125  0.796626  0.680801  0.731104  0.524862  0.448056  0.857428  0.772328  0.773098  0.815077  0.972059  0.640692  0.648677  0.594678  0.737626  0.934521  0.894304  0.676614  0.732860  0.695227  0.420738  0.764121  0.804521  0.859352  0.728813  0.966670  0.797740  0.650723  0.713333 
17  0.599054  0.709109  0.816814  0.579341  0.205113  0.506509  0.640236  0.565967  0.760188  0.668598  0.380840  0.318164  0.695483  0.568889  0.760197  0.764401  0.624128 0.0  0.855443  0.245193  0.502688  0.726969  0.623563  0.966473  0.529375  0.761545  0.746150  0.640655  0.730562  0.767187  0.627044  0.787748  0.622485  0.624285  0.850900  0.455401  0.797830  0.682769  0.714323  0.679431  0.760332  0.675460  0.680265  0.497629  0.878417  0.760699  0.636195  0.633030  0.606822  0.663751  0.597407  0.779153  0.977177  0.609682  0.780305  0.910574  0.572687  0.771137  0.556524  0.598179  0.658493  0.652663  0.756857  0.762209  0.568492  0.265073  0.780371  0.614706  0.635867  0.652579  0.711390  0.616352  0.769312  0.612605  0.498703  0.521876  0.656171  0.622436  0.746683  0.805746  0.871846  0.531306  0.689229  0.707645  0.639910  0.742295  0.728434  0.517948  0.598902  0.513579  0.579202  0.836969  0.784791  0.623043  0.675738  0.769798  0.641948  0.559119  0.593426 
18  0.620235  0.682122  0.820799  0.798113  0.744619  0.837577  0.785053  0.771053  0.452785  0.881877  0.687896  0.780493  0.384420  0.711781  0.705524  0.876123  0.985000  0.855443 0.0  0.777174  0.821418  0.449437  0.745198  0.621298  0.824555  0.426239  0.588079  0.663515  0.512342  0.392694  0.649061  0.430252  0.785036  0.717254  0.377859  0.751504  0.496349  0.831528  0.848774  0.800843  0.468942  0.782668  0.642268  0.749884  0.489574  0.299446  0.625313  0.700161  0.721443  0.554237  0.791159  0.580662  0.554684  0.866898  0.488605  0.623809  0.697737  0.383940  0.781857  0.675784  0.600819  0.651242  0.840092  0.479256  0.841910  0.760732  0.503335  0.568654  0.616515  0.596451  0.737035  0.668510  0.541868  0.768805  0.788167  0.862373  0.678455  0.822745  0.427646  0.397758  0.490392  0.588778  0.871448  0.663827  0.650548  0.489014  0.597840  0.839644  0.660011  0.760746  0.835401  0.553909  0.481393  0.692109  0.792559  0.582413  0.633790  0.720075  0.626762 
19  0.630507  0.553757  0.627139  0.524122  0.315577  0.468361  0.557495  0.567148  0.670575  0.781966  0.489698  0.466954  0.767056  0.493285  0.619477  0.764993  0.656955  0.245193  0.777174 0.0  0.633496  0.738412  0.672353  0.767386  0.518882  0.620669  0.780712  0.544453  0.572968  0.683505  0.635003  0.770214  0.548730  0.613803  0.797107  0.347745  0.782212  0.692407  0.774486  0.722649  0.658181  0.727123  0.425832  0.561903  0.823200  0.906441  0.581207  0.653953  0.666834  0.929199  0.521768  0.704304  0.845807  0.660385  0.639902  0.869083  0.655745  0.809897  0.522208  0.499874  0.663583  0.584996  0.648150  0.784271  0.557622  0.429695  0.809595  0.674242  0.626886  0.608458  0.631262  0.686563  0.684834  0.599126  0.544526  0.542842  0.516973  0.547060  0.794524  0.730477  0.850314  0.603660  0.728853  0.656739  0.689881  0.705269  0.662696  0.659716  0.529369  0.460367  0.637064  0.775030  0.720414  0.544622  0.627589  0.773223  0.711080  0.601473  0.480724 
20  0.790933  0.829861  0.606258  0.581942  0.670236  0.660227  0.529999  0.645292  0.786789  0.710009  0.627856  0.545217  0.800537  0.446358  0.773010  0.621890  0.542692  0.502688  0.821418  0.633496 0.0  0.801348  0.650269  0.804126  0.607129  0.760373  0.853668  0.778397  0.674022  0.780172  0.808680  0.845987  0.534197  0.779773  0.829317  0.654932  0.736914  0.489440  0.511607  0.648937  0.843393  0.648855  0.666635  0.521491  1.000000  0.832399  0.837772  0.689701  0.718649  0.888275  0.479395  0.682125  0.876468  0.519903  0.766023  0.809259  0.660857  0.849772  0.311540  0.606829  0.766446  0.688287  0.672127  0.784020  0.758912  0.513275  0.851631  0.749057  0.747936  0.762574  0.670805  0.688211  0.793259  0.749472  0.447386  0.579101  0.705282  0.751271  0.744657  0.912060  0.824460  0.620713  0.663929  0.561903  0.745710  0.815358  0.737105  0.634712  0.702579  0.602550  0.565010  0.746077  0.634069  0.718985  0.550016  0.789272  0.804135  0.801924  0.733241 
21  0.483207  0.584202  0.846857  0.602643  0.749248  0.684872  0.679135  0.664673  0.463122  0.865485  0.850877  0.686324  0.113036  0.725075  0.298535  0.728384  0.791794  0.726969  0.449437  0.738412  0.801348 0.0  0.757569  0.640663  0.784630  0.327983  0.792620  0.638325  0.539570  0.533835  0.606843  0.524417  0.799157  0.435429  0.623103  0.730155  0.488271  0.835113  0.779753  0.825192  0.518570  0.793486  0.671075  0.812782  0.587543  0.469157  0.551599  0.751225  0.537624  0.393464  0.761264  0.474426  0.703319  0.794383  0.212558  0.682112  0.559543  0.354543  0.790710  0.732191  0.540882  0.597624  0.824967  0.564476  0.689080  0.792497  0.592176  0.556469  0.533176  0.510211  0.646750  0.673325  0.511975  0.671655  0.690106  0.850600  0.668712  0.565556  0.217404  0.165872  0.566229  0.702778  0.868363  0.861456  0.577958  0.282074  0.521328  0.774716  0.650554  0.638516  0.801989  0.782073  0.447796  0.594441  0.819036  0.525644  0.469251  0.669052  0.688217 
22  0.770407  0.720799  0.795023  0.801697  0.567246  0.647636  0.577416  0.684557  0.848742  0.769018  0.329453  0.576037  0.815280  0.605707  0.681480  0.796310  0.673884  0.623563  0.745198  0.672353  0.650269  0.757569 0.0  0.814394  0.785070  0.722920  0.830191  0.665397  0.745329  0.809658  0.758243  0.882985  0.800557  0.648645  0.772621  0.519637  0.768938  0.765669  0.760372  0.768681  0.792827  0.764502  0.690720  0.691983  0.807891  0.877180  0.710645  0.704603  0.695746  0.934519  0.658288  0.732542  0.912781  0.628972  0.728368  0.908529  0.681173  0.823383  0.629331  0.717277  0.774858  0.734894  0.772210  0.656725  0.683127  0.590070  0.742522  0.699163  0.721077  0.682855  0.778335  0.668176  0.713784  0.633467  0.612372  0.584425  0.679134  0.705262  0.739176  0.741455  0.885980  0.682676  0.812012  0.766692  0.717435  0.772830  0.671752  0.763933  0.734859  0.663976  0.633690  0.948533  0.720418  0.697211  0.741353  0.778230  0.798354  0.673459  0.601516 
23  0.810198  0.678505  0.813507  0.753675  0.940383  0.809061  0.707191  0.730090  0.646934  0.799925  0.735913  0.694462  0.543529  0.776253  0.759590  0.871477  0.859713  0.966473  0.621298  0.767386  0.804126  0.640663  0.814394 0.0  0.930722  0.770295  0.334457  0.838354  0.727511  0.674514  0.795155  0.488723  0.916637  0.672886  0.471475  0.729756  0.800102  0.876639  0.923342  0.851824  0.639297  0.838296  0.658307  0.728578  0.519397  0.607376  0.798040  0.776042  0.716174  0.781283  0.876421  0.731969  0.217089  0.906224  0.635094  0.349429  0.754084  0.593093  0.817278  0.767270  0.689422  0.709597  0.819731  0.613291  0.839402  0.903679  0.768607  0.748540  0.811908  0.698006  0.714796  0.770114  0.749392  0.690861  0.901238  0.856073  0.698088  0.771039  0.632332  0.688737  0.671889  0.803936  0.809123  0.895496  0.672142  0.597482  0.734737  0.856172  0.739944  0.735428  0.829668  0.021001  0.653004  0.673072  0.911187  0.564047  0.736079  0.746232  0.747750 
24  0.660314  0.620975  0.658194  0.447225  0.606640  0.029252  0.469317  0.459369  0.631243  0.694051  0.505236  0.539672  0.740231  0.598662  0.797189  0.673890  0.664691  0.529375  0.824555  0.518882  0.607129  0.784630  0.785070  0.930722 0.0  0.610276  0.824102  0.505896  0.650416  0.799664  0.641825  0.803764  0.620507  0.486002  0.794390  0.598422  0.813355  0.658355  0.774924  0.785281  0.699379  0.602932  0.352949  0.682788  0.825212  0.794809  0.680658  0.384393  0.535847  0.664274  0.535802  0.734218  0.800180  0.680761  0.689570  0.774637  0.614541  0.786638  0.696007  0.653448  0.650789  0.614959  0.609187  0.719783  0.742781  0.677127  0.710515  0.646354  0.604043  0.593446  0.646572  0.537058  0.758305  0.503168  0.563999  0.539645  0.539924  0.395577  0.782721  0.724726  0.699811  0.709108  0.736532  0.723617  0.736063  0.753135  0.574316  0.502539  0.653665  0.247578  0.715660  0.840597  0.596679  0.598129  0.671386  0.811533  0.734140  0.552523  0.370613 
25  0.518791  0.623318  0.743549  0.578274  0.649838  0.593555  0.639834  0.662421  0.622155  0.954881  0.760496  0.793179  0.417275  0.807646  0.261054  0.884451  0.769319  0.761545  0.426239  0.620669  0.760373  0.327983  0.722920  0.770295  0.610276 0.0  0.737485  0.540417  0.583904  0.495169  0.526912  0.613585  0.937260  0.537971  0.659634  0.671527  0.545600  0.874762  0.807792  0.875253  0.576801  0.766720  0.684934  0.795879  0.573342  0.512445  0.621578  0.808030  0.523628  0.390453  0.676941  0.409780  0.628968  0.776387  0.212829  0.708632  0.598707  0.548862  0.744641  0.677857  0.535148  0.593654  0.698272  0.611569  0.665866  0.721937  0.648030  0.450244  0.462945  0.595283  0.502978  0.566165  0.490374  0.757883  0.707341  0.853486  0.584477  0.628871  0.319540  0.340495  0.643502  0.612284  0.925928  0.655630  0.503230  0.492313  0.586598  0.735462  0.518862  0.661445  0.813035  0.737124  0.307541  0.548794  0.775630  0.593283  0.525643  0.535759  0.640827 
26  0.717892  0.687967  0.842962  0.780198  0.703789  0.822255  0.877427  0.768124  0.640526  0.922474  0.695196  0.931118  0.638292  0.868263  0.632032  0.863973  0.923930  0.746150  0.588079  0.780712  0.853668  0.792620  0.830191  0.334457  0.824102  0.737485 0.0  0.701681  0.863555  0.555138  0.672661  0.542725  0.845378  0.728843  0.489145  0.786911  0.631011  0.857204  0.818250  0.855961  0.544523  0.744967  0.789570  0.895935  0.402560  0.562184  0.736324  0.755858  0.640831  0.690964  0.804715  0.665153  0.364618  0.921797  0.793931  0.126039  0.845748  0.690227  0.817388  0.702384  0.735262  0.684600  0.995025  0.686952  0.882477  0.864633  0.595064  0.773534  0.827889  0.713640  0.851565  0.745674  0.715626  0.750571  0.795634  0.913553  0.781104  0.804896  0.700419  0.660739  0.642741  0.755462  0.926952  0.818812  0.656219  0.558216  0.694114  0.850364  0.640890  0.696625  0.858700  0.339682  0.849322  0.709447  0.834898  0.705405  0.704946  0.739397  0.757766 
27  0.405842  0.255151  0.779888  0.584974  0.491591  0.487619  0.435512  0.493849  0.518946  0.854427  0.712305  0.613073  0.520075  0.769309  0.678957  0.713813  0.837112  0.640655  0.663515  0.544453  0.778397  0.638325  0.665397  0.838354  0.505896  0.540417  0.701681 0.0  0.408665  0.687422  0.346632  0.692281  0.729206  0.426748  0.794571  0.583524  0.660030  0.716756  0.686297  0.744453  0.701868  0.743107  0.368147  0.675650  0.779425  0.707526  0.271204  0.556108  0.377152  0.540027  0.635928  0.454059  0.658090  0.742147  0.638599  0.709704  0.031348  0.621086  0.698434  0.414591  0.459719  0.477864  0.776220  0.597752  0.467809  0.769496  0.680902  0.521392  0.497565  0.146401  0.490241  0.327437  0.615582  0.528496  0.800436  0.739652  0.236578  0.658059  0.635249  0.656203  0.589890  0.465222  0.729587  0.623796  0.316396  0.721125  0.610924  0.582249  0.306900  0.570724  0.760524  0.690147  0.526275  0.347298  0.643204  0.804490  0.519674  0.473947  0.613863 
28  0.332912  0.407616  0.790784  0.638299  0.643738  0.625832  0.523144  0.557269  0.705831  0.707826  0.559273  0.659211  0.646904  0.769973  0.583306  0.750415  0.815787  0.730562  0.512342  0.572968  0.674022  0.539570  0.745329  0.727511  0.650416  0.583904  0.863555  0.408665 0.0  0.608196  0.495609  0.669248  0.828787  0.390213  0.698697  0.618221  0.794159  0.628219  0.818432  0.820762  0.657738  0.681247  0.502364  0.605315  0.668936  0.684361  0.515883  0.651881  0.386761  0.572599  0.625368  0.523877  0.717555  0.664741  0.538495  0.654667  0.514915  0.694144  0.847849  0.392680  0.095732  0.389952  0.758967  0.568426  0.441741  0.632918  0.749926  0.466641  0.449087  0.536864  0.317929  0.431138  0.478377  0.535327  0.711541  0.770743  0.330651  0.679080  0.648012  0.556146  0.578118  0.444454  0.750356  0.724637  0.427145  0.565819  0.226581  0.657467  0.437955  0.659102  0.722770  0.766712  0.633040  0.455615  0.845891  0.715673  0.674954  0.348812  0.640651 
29  0.601913  0.711511  0.772918  0.646917  0.783289  0.802429  0.816627  0.677884  0.418485  0.837758  0.703238  0.708995  0.492033  0.805933  0.533708  0.986164  0.966414  0.767187  0.392694  0.683505  0.780172  0.533835  0.809658  0.674514  0.799664  0.495169  0.555138  0.687422  0.608196 0.0  0.612766  0.411019  0.859416  0.692885  0.432001  0.833984  0.462069  0.795750  0.797073  0.885219  0.321579  0.858480  0.690887  0.857512  0.526784  0.491671  0.588518  0.733830  0.772368  0.581992  0.830422  0.589455  0.539792  0.723304  0.631081  0.532388  0.582677  0.564999  0.727005  0.741669  0.572374  0.606162  0.774417  0.188079  0.747197  0.863657  0.464950  0.675527  0.620703  0.716849  0.720854  0.755316  0.646190  0.748546  0.870842  0.774619  0.802847  0.734081  0.457584  0.497500  0.406588  0.653608  0.865782  0.766748  0.774626  0.408658  0.662431  0.745177  0.745307  0.830845  0.872992  0.598832  0.481641  0.802896  0.786572  0.341624  0.505579  0.764561  0.708460 
30  0.447681  0.440404  0.730131  0.703368  0.726878  0.622425  0.662320  0.569236  0.572136  0.819728  0.649340  0.726393  0.625694  0.669022  0.525745  0.775387  0.742370  0.627044  0.649061  0.635003  0.808680  0.606843  0.758243  0.795155  0.641825  0.526912  0.672661  0.346632  0.495609  0.612766 0.0  0.723525  0.790601  0.411086  0.674057  0.651463  0.541315  0.784782  0.821749  0.801284  0.672146  0.729930  0.475495  0.674333  0.657551  0.631601  0.111506  0.500560  0.397059  0.506339  0.765075  0.501598  0.692402  0.762356  0.489595  0.728223  0.400350  0.590359  0.804664  0.372904  0.499154  0.235554  0.730706  0.625944  0.481908  0.672378  0.622583  0.471166  0.250915  0.340065  0.552125  0.433783  0.599684  0.631098  0.806752  0.733522  0.344378  0.597365  0.477318  0.548267  0.550363  0.579347  0.776137  0.641316  0.412709  0.631775  0.410567  0.649924  0.537026  0.614205  0.827082  0.707998  0.471061  0.367197  0.702267  0.685760  0.464197  0.591267  0.638541 
31  0.666259  0.626265  0.724572  0.833509  0.759555  0.764873  0.675712  0.868457  0.519575  0.798602  0.828893  0.853689  0.503137  0.787494  0.647563  0.755215  0.835682  0.787748  0.430252  0.770214  0.845987  0.524417  0.882985  0.488723  0.803764  0.613585  0.542725  0.692281  0.669248  0.411019  0.723525 0.0  0.824026  0.753162  0.335761  0.790794  0.643621  0.832159  0.849235  0.828424  0.623805  0.914276  0.631938  0.746175  0.460708  0.418910  0.660422  0.843897  0.680324  0.514074  0.822871  0.623087  0.540831  0.873775  0.620458  0.577989  0.702820  0.615841  0.830606  0.721079  0.664817  0.710846  0.876170  0.448282  0.808846  0.794898  0.611848  0.730307  0.645432  0.711969  0.686286  0.685047  0.669020  0.783671  0.920667  0.816203  0.688707  0.841882  0.553035  0.536503  0.494855  0.679130  0.893878  0.757338  0.560864  0.516816  0.622795  0.804428  0.741436  0.856497  0.944152  0.416287  0.600325  0.758199  0.874114  0.528688  0.593862  0.774789  0.797303 
32  0.816939  0.806519  0.497414  0.712010  0.599950  0.746185  0.643697  0.779084  0.784919  0.557815  0.688696  0.772785  0.829632  0.542824  0.775621  0.558885  0.717622  0.622485  0.785036  0.548730  0.534197  0.799157  0.800557  0.916637  0.620507  0.937260  0.845378  0.729206  0.828787  0.859416  0.790601  0.824026 0.0  0.758786  0.792341  0.745378  0.922801  0.615257  0.553707  0.601523  0.739732  0.601406  0.898185  0.503453  0.927479  0.865453  0.800299  0.752939  0.822984  0.745537  0.642913  0.820189  0.873972  0.612061  0.836596  0.733729  0.748505  0.852369  0.572827  0.809631  0.764813  0.713459  0.571169  0.692922  0.720563  0.694495  0.902402  0.719942  0.705195  0.753688  0.718014  0.605598  0.749102  0.817969  0.655109  0.845203  0.674567  0.636444  0.959777  0.821276  0.775306  0.822491  0.451155  0.598721  0.732551  0.759338  0.792869  0.727687  0.835778  0.629165  0.586012  0.919456  0.794570  0.651446  0.479472  0.799681  0.838545  0.713710  0.651798 
33  0.417850  0.165593  0.775145  0.687240  0.516186  0.556935  0.538553  0.443426  0.724220  0.777857  0.567142  0.638061  0.661099  0.762791  0.548416  0.867967  0.726694  0.624285  0.717254  0.613803  0.779773  0.435429  0.648645  0.672886  0.486002  0.537971  0.728843  0.426748  0.390213  0.692885  0.411086  0.753162  0.758786 0.0  0.698786  0.620979  0.556229  0.730749  0.735605  0.695756  0.725237  0.698310  0.385804  0.753351  0.677874  0.646605  0.377178  0.589496  0.377906  0.546380  0.593849  0.533745  0.777650  0.669325  0.430828  0.826115  0.443144  0.646814  0.663781  0.161140  0.522847  0.318639  0.716250  0.585536  0.493819  0.637555  0.614200  0.516254  0.338176  0.376089  0.231888  0.541422  0.484997  0.441638  0.680660  0.620387  0.289711  0.637228  0.695520  0.594840  0.682621  0.403935  0.892406  0.678349  0.137758  0.592714  0.542412  0.690498  0.409174  0.709725  0.747462  0.729113  0.627243  0.297331  0.800047  0.672574  0.599298  0.311394  0.608309 
34  0.693179  0.659676  0.885996  0.788305  0.936664  0.860146  0.854253  0.743124  0.562347  0.756722  0.823184  0.779421  0.611444  0.893754  0.740855  0.871025  0.764712  0.850900  0.377859  0.797107  0.829317  0.623103  0.772621  0.471475  0.794390  0.659634  0.489145  0.794571  0.698697  0.432001  0.674057  0.335761  0.792341  0.698786 0.0  0.834403  0.593602  0.845237  0.914619  0.959875  0.477440  0.788796  0.641424  0.827492  0.111724  0.517939  0.734639  0.638254  0.762534  0.643875  0.869651  0.708037  0.334066  0.900305  0.633394  0.625799  0.639384  0.508625  0.840597  0.845887  0.802431  0.654277  0.816588  0.652084  0.677247  0.907974  0.459008  0.641281  0.724373  0.664368  0.704919  0.731429  0.645244  0.815693  0.713152  0.820518  0.640452  0.828336  0.620220  0.582123  0.566006  0.844463  0.894007  0.861691  0.796554  0.657842  0.588429  0.742548  0.642367  0.856673  0.852285  0.421298  0.673210  0.661212  0.816462  0.570630  0.633679  0.719462  0.887476 
35  0.732882  0.714760  0.641061  0.514017  0.420355  0.446695  0.495835  0.638713  0.744447  0.758533  0.488844  0.376733  0.728248  0.581885  0.676204  0.752512  0.653610  0.455401  0.751504  0.347745  0.654932  0.730155  0.519637  0.729756  0.598422  0.671527  0.786911  0.583524  0.618221  0.833984  0.651463  0.790794  0.745378  0.620979  0.834403 0.0  0.856263  0.552601  0.695755  0.739722  0.749322  0.736417  0.583490  0.662681  0.806969  0.588959  0.560356  0.667149  0.627430  0.680311  0.393403  0.635103  0.749232  0.714759  0.715588  0.791311  0.676675  0.719036  0.648723  0.594554  0.556845  0.626463  0.659462  0.847623  0.631506  0.470827  0.684774  0.699308  0.730760  0.690218  0.703496  0.698309  0.716309  0.483128  0.550456  0.562582  0.580372  0.453508  0.764760  0.813167  0.671544  0.576113  0.766394  0.610473  0.616636  0.835769  0.668596  0.589098  0.563490  0.350625  0.750657  0.905767  0.629338  0.640676  0.757965  0.768942  0.740479  0.641842  0.528313 
36  0.586741  0.591238  0.682576  0.773471  0.720113  0.670467  0.653090  0.752525  0.457064  0.832771  0.708266  0.774284  0.559436  0.835396  0.534983  0.857232  0.809358  0.797830  0.496349  0.782212  0.736914  0.488271  0.768938  0.800102  0.813355  0.545600  0.631011  0.660030  0.794159  0.462069  0.541315  0.643621  0.922801  0.556229  0.593602  0.856263 0.0  0.806929  0.898146  0.789128  0.000000  0.886357  0.653888  0.678476  0.580045  0.371690  0.662339  0.623513  0.681963  0.454670  0.775907  0.503466  0.651288  0.945984  0.521186  0.715240  0.710169  0.572777  0.896887  0.708118  0.607089  0.588974  0.806027  0.410595  0.675525  0.701140  0.444628  0.563943  0.666806  0.529851  0.587271  0.684946  0.554123  0.729823  0.757853  0.861615  0.688533  0.727690  0.542566  0.545765  0.282513  0.620322  0.785434  0.914706  0.566965  0.502770  0.696888  0.757154  0.676493  0.723690  0.760257  0.604855  0.442602  0.588398  0.803619  0.484445  0.537547  0.732868  0.748904 
37  0.753306  0.703023  0.628062  0.686748  0.654175  0.620406  0.725490  0.635869  0.783996  0.629189  0.636739  0.554853  0.890035  0.449042  0.876912  0.688671  0.506694  0.682769  0.831528  0.692407  0.489440  0.835113  0.765669  0.876639  0.658355  0.874762  0.857204  0.716756  0.628219  0.795750  0.784782  0.832159  0.615257  0.730749  0.845237  0.552601  0.806929 0.0  0.343395  0.531358  0.776667  0.798518  0.767718  0.504825  0.797337  0.795780  0.774713  0.823172  0.701478  0.820932  0.514856  0.770895  0.847769  0.501707  0.829794  0.941299  0.751696  0.807214  0.358597  0.750198  0.812371  0.807321  0.820272  0.706728  0.728025  0.783144  0.916026  0.800951  0.832624  0.865568  0.672907  0.800252  0.703033  0.758763  0.496102  0.542070  0.858536  0.729646  0.795910  0.687562  0.825516  0.757506  0.692108  0.528759  0.730750  0.742758  0.801640  0.743946  0.767896  0.710872  0.405412  0.774741  0.830901  0.676397  0.666341  0.874883  0.808876  0.711531  0.614990 
38  0.889282  0.754554  0.619444  0.714226  0.596950  0.665469  0.734199  0.675440  0.880277  0.589384  0.730574  0.697412  0.740309  0.558959  0.852712  0.642592  0.518240  0.714323  0.848774  0.774486  0.511607  0.779753  0.760372  0.923342  0.774924  0.807792  0.818250  0.686297  0.818432  0.797073  0.821749  0.849235  0.553707  0.735605  0.914619  0.695755  0.898146  0.343395 0.0  0.396325  0.909597  0.598000  0.652759  0.720057  0.759774  0.839381  0.741228  0.876625  0.735574  0.927416  0.652576  0.884143  0.956118  0.469676  0.850708  0.976244  0.773434  0.773525  0.593567  0.761299  0.779354  0.696644  0.685160  0.806145  0.730940  0.679075  0.801041  0.733560  0.728054  0.793867  0.713996  0.799580  0.740115  0.728242  0.551450  0.547960  0.832491  0.704935  0.811621  0.786422  0.881440  0.763678  0.651580  0.556800  0.770699  0.852138  0.846713  0.626764  0.828357  0.706932  0.378107  0.922223  0.933095  0.638099  0.605256  0.798545  0.891305  0.803286  0.720286 
39  0.810046  0.804399  0.721038  0.759129  0.682917  0.718379  0.761827  0.671269  0.759111  0.572219  0.643276  0.621077  0.823832  0.615910  0.827507  0.703602  0.459422  0.679431  0.800843  0.722649  0.648937  0.825192  0.768681  0.851824  0.785281  0.875253  0.855961  0.744453  0.820762  0.885219  0.801284  0.828424  0.601523  0.695756  0.959875  0.739722  0.789128  0.531358  0.396325 0.0  0.763224  0.565042  0.862837  0.744763  0.880870  0.869474  0.690215  0.804422  0.810640  0.856499  0.633787  0.890319  0.875322  0.435514  0.860939  0.782632  0.827126  0.906744  0.486537  0.809393  0.745784  0.709662  0.739958  0.932523  0.860012  0.756857  0.758499  0.821368  0.712812  0.740556  0.774713  0.741769  0.888699  0.798333  0.623723  0.618499  0.746414  0.686879  0.753585  0.765064  0.875998  0.691638  0.545490  0.666308  0.787514  0.875990  0.646076  0.696707  0.759784  0.728864  0.446669  0.809245  0.775075  0.752120  0.599274  0.818512  0.810917  0.752390  0.675965 
