99
0 0.0  0.545286  0.696830  0.657154  0.651702  0.843656  0.669139  0.931763  0.667936  0.728515  0.540088  0.809667  0.610935  0.665102  0.837829  0.591666  0.702806  0.660332  0.846292  0.768119  0.731475  0.753013  0.721035  0.712952  0.775773  0.745090  0.707985  0.600527  0.671685  0.814855  0.638886  0.724556  0.700119  0.706162  0.773471  0.752600  0.689448  0.768498  0.600876  0.648837  0.810395  0.485562  0.702882  0.718327  0.765590  0.699000  0.617990  0.771292  0.833299  0.642592  0.674269  0.768836  0.735135  0.645300  0.662492  0.785482  0.773605  0.554677  0.630539  0.382486  0.571598  0.874608  0.689010  0.683965  0.673888  0.682972  0.892040  0.719780  0.695566  0.643102  0.698801  0.758355  0.676156  0.698862  0.573342  0.748532  0.701840  0.703613  0.715033  0.774624  0.721529  0.792650  0.779073  0.654198  0.753148  0.775701  0.826884  0.734851  0.668153  0.694072  0.807234  0.659715  0.707794  0.582171  0.653346  0.794339  0.607066  0.730114  0.388876 
1  0.545286 0.0  0.649664  0.677188  0.603402  0.671591  0.677336  0.801699  0.651231  0.856459  0.521279  0.740739  0.585158  0.700461  0.842107  0.553499  0.879323  0.658429  0.808422  0.600858  0.665748  0.757785  0.629072  0.599283  0.644531  0.786958  0.706796  0.571184  0.713577  0.794902  0.669812  0.714073  0.610409  0.696627  0.623601  0.711258  0.743825  0.644664  0.644012  0.548934  0.806729  0.537652  0.734271  0.650890  0.797138  0.775500  0.566165  0.828356  0.743042  0.662774  0.655593  0.772769  0.749068  0.683804  0.529408  0.683117  0.730680  0.514337  0.508857  0.416934  0.768909  0.730842  0.665635  0.738967  0.747075  0.480450  0.774972  0.680194  0.649839  0.722217  0.659251  0.718567  0.647440  0.695600  0.686400  0.829621  0.627553  0.661484  0.633578  0.721192  0.625429  0.764642  0.745807  0.775908  0.637460  0.771142  0.639885  0.747777  0.702551  0.608552  0.766696  0.693947  0.813986  0.585611  0.743487  0.699216  0.550222  0.903622  0.579359 
2  0.696830  0.649664 0.0  0.777043  0.685170  0.655162  0.805482  0.788333  0.631261  0.727125  0.541962  0.789404  0.542133  0.486881  0.749542  0.530328  0.771146  0.851486  0.730995  0.672437  0.804458  0.799939  0.607554  0.720089  0.654537  0.632256  0.733002  0.633125  0.802604  0.759991  0.725321  0.527151  0.571104  0.620434  0.512532  0.731965  0.599004  0.671395  0.586430  0.412886  0.695225  0.502754  0.639391  0.586380  0.835735  0.764213  0.691901  0.681392  0.781186  0.641749  0.713033  0.726080  0.735183  0.779299  0.534985  0.598387  0.661642  0.457375  0.474291  0.698689  0.710221  0.798207  0.746156  0.724336  0.692894  0.519257  0.810987  0.665715  0.617848  0.743567  0.709577  0.755681  0.547774  0.582238  0.772812  0.759448  0.598104  0.821836  0.629688  0.667303  0.718225  0.810329  0.449337  0.717203  0.580349  0.653324  0.670996  0.569148  0.602267  0.635401  0.658597  0.567781  0.780387  0.740091  0.727236  0.743676  0.397051  0.841273  0.764013 
3  0.657154  0.677188  0.777043 0.0  0.730558  0.859168  0.619692  0.859834  0.739222  0.756088  0.756844  0.791514  0.782872  0.803905  0.826345  0.791468  0.812338  0.808455  0.810360  0.742311  0.977114  0.569170  0.783175  0.777995  0.703350  0.905600  0.640347  0.743863  0.668631  0.843053  0.616431  0.869767  0.736672  0.885178  0.813352  0.843992  0.780981  0.841389  0.766635  0.718070  0.806262  0.806922  0.768642  0.729575  0.614934  0.673458  0.791842  0.852595  0.896181  0.706231  0.730440  0.833035  0.671589  0.798452  0.782411  0.862114  0.799586  0.789683  0.732495  0.666401  0.591364  0.792176  0.689512  0.643740  0.679656  0.645584  0.790795  0.695587  0.714804  0.802668  0.918356  0.611272  0.685851  0.701907  0.734379  0.862802  0.772196  0.472312  0.853342  0.848371  0.657847  0.441973  0.733826  0.834374  0.735848  0.843863  0.758793  0.824909  0.708549  0.607986  0.746513  0.824589  0.808510  0.774094  0.584398  0.903150  0.747069  0.903009  0.822863 
4  0.651702  0.603402  0.685170  0.730558 0.0  0.673359  0.814243  0.722066  0.774396  0.689743  0.715464  0.857304  0.688767  0.846918  0.714049  0.727878  0.785837  0.306161  0.862577  0.772523  0.740719  0.855033  0.696867  0.610911  0.812114  0.854307  0.696843  0.493759  0.641617  0.828371  0.726842  0.784342  0.826024  0.738234  0.722289  0.787216  0.622699  0.732961  0.564325  0.680631  0.755642  0.709133  0.786996  0.752928  0.897221  0.438097  0.576183  0.824485  0.822066  0.739261  0.830474  0.850838  0.535310  0.499585  0.716299  0.787858  0.718025  0.751614  0.794091  0.636719  0.734338  0.930906  0.766741  0.627191  0.581797  0.744213  0.871586  0.783348  0.648566  0.502078  0.705366  0.617057  0.731492  0.618958  0.525731  0.843286  0.620429  0.756418  0.748131  0.716120  0.590547  0.741683  0.666563  0.798298  0.681756  0.822546  0.831508  0.791717  0.651423  0.666357  0.897276  0.710225  0.852616  0.661596  0.622267  0.836333  0.798737  0.903919  0.544303 
5  0.843656  0.671591  0.655162  0.859168  0.673359 0.0  0.770536  0.731194  0.451095  0.710438  0.707072  0.754871  0.610414  0.573484  0.789595  0.568220  0.664252  0.687760  0.681678  0.455526  0.742816  0.807685  0.732467  0.701068  0.503434  0.541177  0.677017  0.698937  0.845985  0.607497  0.818295  0.577416  0.577356  0.584850  0.507235  0.664201  0.752266  0.648541  0.592472  0.634069  0.678153  0.661599  0.518987  0.495001  0.743938  0.776978  0.841033  0.556499  0.763595  0.737242  0.509618  0.600788  0.782578  0.724377  0.577602  0.598754  0.573137  0.691647  0.759606  0.751338  0.797064  0.688044  0.878181  0.677646  0.885614  0.627572  0.731837  0.698096  0.653612  0.739639  0.695085  0.696617  0.556497  0.660300  0.653210  0.693470  0.841402  0.795991  0.550818  0.772783  0.664408  0.848929  0.554806  0.565631  0.550927  0.630540  0.656575  0.441543  0.396338  0.585734  0.549274  0.562973  0.628079  0.687005  0.776258  0.677733  0.700592  0.735008  0.721645 
6  0.669139  0.677336  0.805482  0.619692  0.814243  0.770536 0.0  0.855678  0.758080  0.823743  0.696324  0.749536  0.774174  0.733272  0.845718  0.726649  0.865599  0.869362  0.822193  0.774441  0.786585  0.745953  0.706883  0.801733  0.724433  0.805378  0.761681  0.657185  0.756700  0.896307  0.690065  0.697024  0.716536  0.806049  0.779016  0.969702  0.679439  0.703074  0.650756  0.710215  0.795739  0.611231  0.807011  0.773861  0.676582  0.839602  0.751316  0.708628  0.802230  0.768580  0.746529  0.803549  0.654461  0.735161  0.707021  0.788553  0.737977  0.617598  0.625368  0.712298  0.594414  0.876718  0.421874  0.768162  0.696987  0.517563  0.839888  0.746942  0.714486  0.733426  0.803519  0.680973  0.725265  0.663804  0.696274  0.740154  0.765353  0.679094  0.790093  0.809761  0.794675  0.652730  0.618844  0.665236  0.742249  0.754420  0.770370  0.779979  0.716412  0.849478  0.763252  0.661026  0.804043  0.796151  0.741656  0.811646  0.653836  0.786521  0.695907 
7  0.931763  0.801699  0.788333  0.859834  0.722066  0.731194  0.855678 0.0  0.663040  0.591248  0.808725  0.703953  0.711487  0.768959  0.666679  0.764413  0.604186  0.799391  0.472145  0.584572  0.854742  0.819932  0.694028  0.772483  0.771358  0.586147  0.682892  0.716687  0.861134  0.380680  0.861668  0.772411  0.624422  0.650331  0.802249  0.488257  0.766210  0.454484  0.727668  0.843687  0.602139  0.855852  0.648804  0.626384  0.887049  0.734750  0.714174  0.591281  0.664394  0.825051  0.676047  0.559856  0.828309  0.791166  0.766385  0.328883  0.627152  0.795797  0.689278  0.799944  0.653668  0.539300  0.792752  0.794283  0.768058  0.768251  0.533359  0.778120  0.773654  0.819376  0.761550  0.765008  0.734111  0.755143  0.863649  0.475899  0.724684  0.747843  0.603511  0.713170  0.792673  0.838260  0.685234  0.594253  0.673069  0.556035  0.668089  0.742022  0.737263  0.617642  0.537550  0.636465  0.585198  0.692342  0.829747  0.443759  0.632028  0.526547  0.770746 
8  0.667936  0.651231  0.631261  0.739222  0.774396  0.451095  0.758080  0.663040 0.0  0.655219  0.711681  0.689801  0.791100  0.575418  0.810261  0.591924  0.676581  0.753575  0.712258  0.351265  0.729701  0.920680  0.619319  0.795779  0.366587  0.510180  0.823193  0.740127  0.793893  0.677903  0.721219  0.620592  0.408360  0.365637  0.602920  0.723699  0.703454  0.598506  0.677986  0.684465  0.725743  0.693261  0.512337  0.639140  0.786870  0.743977  0.866953  0.596794  0.746018  0.727008  0.643731  0.644772  0.778302  0.720784  0.699988  0.505306  0.540000  0.754383  0.670376  0.718439  0.740254  0.643214  0.779207  0.728813  0.863549  0.680470  0.742469  0.696047  0.738423  0.839338  0.823911  0.886968  0.608279  0.659889  0.757523  0.692075  0.613103  0.787658  0.480712  0.735947  0.703801  0.798621  0.515015  0.522586  0.559546  0.586670  0.437408  0.575220  0.575453  0.396681  0.559425  0.417107  0.725660  0.718473  0.819014  0.611817  0.626956  0.636079  0.717820 
9  0.728515  0.856459  0.727125  0.756088  0.689743  0.710438  0.823743  0.591248  0.655219 0.0  0.840330  0.530863  0.736397  0.664080  0.611132  0.572176  0.584634  0.851045  0.593253  0.641613  0.745238  0.786531  0.758342  0.911939  0.639567  0.674020  0.779648  0.789689  0.758822  0.565757  0.822449  0.698980  0.707396  0.710279  0.691412  0.473904  0.825964  0.545543  0.671897  0.816945  0.578611  0.801208  0.655509  0.585593  0.870011  0.877915  0.856065  0.579610  0.687390  0.743154  0.770867  0.551500  0.827045  0.801725  0.756367  0.595820  0.647191  0.868265  0.786512  0.716159  0.797076  0.644904  0.781233  0.851272  0.826477  0.741092  0.605148  0.588012  0.792961  0.943051  0.768356  0.774271  0.750865  0.800634  0.828457  0.470977  0.629218  0.885915  0.701827  0.664420  0.738752  0.881031  0.736584  0.597648  0.719428  0.631938  0.631749  0.677798  0.635312  0.697084  0.642878  0.712322  0.716231  0.807978  0.888993  0.491101  0.771313  0.561724  0.847484 
10  0.540088  0.521279  0.541962  0.756844  0.715464  0.707072  0.696324  0.808725  0.711681  0.840330 0.0  0.782415  0.626533  0.659777  0.756350  0.592473  0.810871  0.704422  0.795981  0.714854  0.726357  0.772815  0.615334  0.752643  0.582218  0.552875  0.696401  0.735136  0.787523  0.813724  0.743116  0.748150  0.624854  0.642577  0.765450  0.692247  0.617588  0.641741  0.545076  0.588688  0.739250  0.525740  0.576265  0.547751  0.698195  0.702952  0.747848  0.683851  0.751289  0.637505  0.586396  0.828525  0.687668  0.755572  0.516663  0.638843  0.757602  0.521687  0.554013  0.654822  0.609717  0.759054  0.764374  0.714904  0.710671  0.376899  0.749969  0.736027  0.576623  0.698098  0.750595  0.758226  0.638638  0.707146  0.712121  0.739694  0.567926  0.706793  0.607364  0.794769  0.710264  0.704298  0.643884  0.717607  0.570300  0.746217  0.771909  0.698649  0.675415  0.680198  0.613946  0.661177  0.801272  0.693655  0.713599  0.729756  0.496134  0.721997  0.705843 
11  0.809667  0.740739  0.789404  0.791514  0.857304  0.754871  0.749536  0.703953  0.689801  0.530863  0.782415 0.0  0.734937  0.724280  0.703226  0.714123  0.558189  0.928729  0.495486  0.724884  0.841842  0.854646  0.706115  0.932601  0.724591  0.677342  0.874060  0.797754  0.768061  0.662299  0.890265  0.808913  0.827311  0.756080  0.767917  0.553541  0.747915  0.545414  0.807843  0.770739  0.266426  0.780366  0.733972  0.808546  0.866193  0.855815  0.775816  0.670970  0.544292  0.743534  0.782543  0.564450  0.918877  0.945908  0.945513  0.681904  0.757172  0.876055  0.800485  0.896811  0.820216  0.541712  0.858523  0.853314  0.859614  0.760539  0.539384  0.877838  0.804740  0.834203  0.809860  0.900687  0.790606  0.809738  0.921825  0.636935  0.944148  0.846047  0.717561  0.365077  0.855312  0.717964  0.673176  0.601972  0.605045  0.643477  0.698213  0.681689  0.786078  0.646944  0.774695  0.802270  0.671932  0.808274  0.787486  0.618183  0.807779  0.533499  0.769002 
12  0.610935  0.585158  0.542133  0.782872  0.688767  0.610414  0.774174  0.711487  0.791100  0.736397  0.626533  0.734937 0.0  0.562087  0.766719  0.681296  0.784038  0.649057  0.746559  0.764729  0.691308  0.832610  0.442323  0.588704  0.675778  0.791138  0.681775  0.648261  0.785796  0.760627  0.701100  0.665007  0.567719  0.527889  0.547067  0.777736  0.641205  0.704286  0.547776  0.446199  0.810601  0.605816  0.671641  0.572894  0.787887  0.740484  0.589824  0.679563  0.884000  0.487048  0.510030  0.897257  0.612648  0.679273  0.552177  0.733661  0.692475  0.521453  0.601747  0.657448  0.619601  0.759111  0.725995  0.654994  0.691786  0.677559  0.688705  0.552416  0.489298  0.727239  0.707650  0.782092  0.614740  0.586272  0.577588  0.780431  0.381604  0.796377  0.672774  0.813421  0.540744  0.780088  0.584530  0.747961  0.737450  0.730305  0.701631  0.668524  0.727661  0.713083  0.666653  0.635695  0.802062  0.362315  0.664129  0.837042  0.545550  0.818803  0.584357 
13  0.665102  0.700461  0.486881  0.803905  0.846918  0.573484  0.733272  0.768959  0.575418  0.664080  0.659777  0.724280  0.562087 0.0  0.665690  0.433830  0.706162  0.730267  0.668103  0.588320  0.697114  0.816242  0.568290  0.812481  0.579668  0.526351  0.709068  0.654376  0.808688  0.701596  0.658435  0.475243  0.326552  0.504388  0.581285  0.779224  0.648910  0.783864  0.666835  0.653734  0.716949  0.724277  0.549201  0.425883  0.807372  0.692387  0.747181  0.556827  0.661528  0.582026  0.491873  0.740854  0.751762  0.722859  0.580521  0.643882  0.540403  0.664908  0.601048  0.801488  0.800084  0.559014  0.739952  0.783706  0.727654  0.521354  0.669670  0.550789  0.585731  0.896555  0.741656  0.873743  0.508324  0.730638  0.870219  0.671431  0.651865  0.727974  0.525272  0.688503  0.693339  0.784477  0.242424  0.672344  0.250540  0.655793  0.650203  0.341225  0.504945  0.468900  0.604257  0.431557  0.711925  0.794516  0.789240  0.672300  0.587719  0.652454  0.684203 
14  0.837829  0.842107  0.749542  0.826345  0.714049  0.789595  0.845718  0.666679  0.810261  0.611132  0.756350  0.703226  0.766719  0.665690 0.0  0.771470  0.546006  0.721651  0.549748  0.647090  0.879141  0.894949  0.801918  0.758176  0.728983  0.678866  0.740456  0.782574  0.830691  0.661006  0.800155  0.762405  0.707065  0.695873  0.792158  0.529194  0.830662  0.635767  0.787965  0.750049  0.499787  0.826283  0.756076  0.694587  0.946166  0.816529  0.861057  0.587079  0.485341  0.879277  0.805033  0.568723  0.828372  0.809969  0.714107  0.593928  0.692153  0.847141  0.701943  0.789986  0.838854  0.648359  0.787998  0.815320  0.960650  0.748132  0.523477  0.808322  0.850272  0.794066  0.787826  0.855798  0.755946  0.799584  0.858529  0.691313  0.788299  0.861726  0.752932  0.602325  0.817611  0.834227  0.758635  0.620762  0.720375  0.788894  0.756610  0.732811  0.821274  0.736770  0.663344  0.817901  0.574215  0.855010  0.829391  0.622178  0.633743  0.575422  0.785569 
15  0.591666  0.553499  0.530328  0.791468  0.727878  0.568220  0.726649  0.764413  0.591924  0.572176  0.592473  0.714123  0.681296  0.433830  0.771470 0.0  0.677922  0.806470  0.751535  0.519969  0.666551  0.750383  0.599453  0.753773  0.398964  0.675563  0.712015  0.750644  0.762190  0.742021  0.746058  0.346895  0.543227  0.631510  0.497284  0.787371  0.582287  0.634390  0.676465  0.541117  0.703038  0.623621  0.285073  0.433755  0.895945  0.786750  0.660607  0.686205  0.762741  0.705322  0.414099  0.663044  0.823343  0.709726  0.597310  0.591439  0.727194  0.705674  0.602099  0.743536  0.783888  0.771416  0.759546  0.801174  0.824256  0.707227  0.801439  0.563051  0.694233  0.694036  0.722322  0.866464  0.391402  0.488631  0.629626  0.648183  0.619106  0.797559  0.535079  0.779177  0.632838  0.761862  0.439349  0.733730  0.356737  0.633387  0.666348  0.432196  0.540978  0.588044  0.614370  0.450386  0.678506  0.616219  0.849383  0.693219  0.548976  0.672763  0.793093 
16  0.702806  0.879323  0.771146  0.812338  0.785837  0.664252  0.865599  0.604186  0.676581  0.584634  0.810871  0.558189  0.784038  0.706162  0.546006  0.677922 0.0  0.883228  0.547669  0.722653  0.916107  0.870956  0.672370  0.902822  0.648359  0.774428  0.834465  0.896747  0.947187  0.630924  0.708229  0.703015  0.755374  0.776447  0.733350  0.620217  0.877504  0.704159  0.946493  0.808950  0.560969  0.838396  0.729606  0.730479  0.887306  0.870027  0.850828  0.542769  0.676948  0.769792  0.723477  0.567756  0.812144  0.833149  0.866524  0.667751  0.606687  0.841245  0.746269  0.768619  0.797475  0.541125  0.794635  0.794194  0.729317  0.704901  0.364069  0.783492  0.761145  0.837391  0.764478  0.902858  0.640312  0.830247  0.797151  0.574953  0.857074  0.837131  0.713142  0.562285  0.807903  0.780236  0.777988  0.661903  0.829367  0.731007  0.670515  0.685821  0.794488  0.705996  0.624992  0.779572  0.539540  0.763783  0.919127  0.602840  0.778909  0.504764  0.808667 
17  0.660332  0.658429  0.851486  0.808455  0.306161  0.687760  0.869362  0.799391  0.753575  0.851045  0.704422  0.928729  0.649057  0.730267  0.721651  0.806470  0.883228 0.0  0.777930  0.686641  0.709476  0.894388  0.835526  0.644672  0.870465  0.840390  0.632887  0.483761  0.733176  0.792717  0.627782  0.731145  0.716972  0.734820  0.740138  0.813573  0.499916  0.887471  0.657673  0.848917  0.764466  0.715317  0.761531  0.759906  0.807863  0.642969  0.543963  0.782003  0.787377  0.681776  0.734982  0.839505  0.494695  0.558354  0.634641  0.748637  0.755467  0.757076  0.794645  0.728022  0.688872  0.757493  0.695982  0.580397  0.626860  0.761856  0.912680  0.747803  0.689120  0.486394  0.617513  0.693994  0.789133  0.712093  0.599383  0.695258  0.557900  0.744602  0.752524  0.785621  0.534851  0.750801  0.667695  0.794147  0.794864  0.797565  0.889968  0.804796  0.684948  0.716908  0.764199  0.717587  0.779153  0.586391  0.594609  0.774115  0.829119  0.999158  0.686655 
18  0.846292  0.808422  0.730995  0.810360  0.862577  0.681678  0.822193  0.472145  0.712258  0.593253  0.795981  0.495486  0.746559  0.668103  0.549748  0.751535  0.547669  0.777930 0.0  0.618767  0.772044  0.843334  0.890702  0.850905  0.645549  0.533064  0.793371  0.862027  0.787631  0.379568  0.782423  0.612704  0.710963  0.808095  0.744295  0.345397  0.825188  0.552252  0.782849  0.771008  0.657744  0.705543  0.714002  0.687664  0.773980  0.903535  0.761568  0.519865  0.742622  0.826976  0.722272  0.437777  0.819198  0.770919  0.827750  0.546123  0.621446  0.799193  0.820361  0.795121  0.735035  0.461041  0.744753  0.811136  0.861490  0.780613  0.549650  0.679881  0.895578  0.862418  0.750150  0.788768  0.658274  0.716240  0.957698  0.594136  0.721975  0.749776  0.652197  0.495764  0.644475  0.754800  0.733630  0.565379  0.684408  0.510892  0.591087  0.648555  0.678387  0.674243  0.618354  0.650666  0.483993  0.835047  0.820719  0.376638  0.664963  0.395629  0.811263 
19  0.768119  0.600858  0.672437  0.742311  0.772523  0.455526  0.774441  0.584572  0.351265  0.641613  0.714854  0.724884  0.764729  0.588320  0.647090  0.519969  0.722653  0.686641  0.618767 0.0  0.746320  0.777150  0.639046  0.771546  0.448456  0.623302  0.734783  0.678703  0.810245  0.558707  0.672839  0.625724  0.558842  0.493375  0.613320  0.635052  0.762795  0.472423  0.720563  0.587104  0.729683  0.760210  0.497590  0.398023  0.735115  0.787165  0.762604  0.454976  0.780515  0.766597  0.647174  0.640805  0.743716  0.665640  0.757147  0.576124  0.499941  0.691365  0.646736  0.801726  0.850357  0.689997  0.705634  0.722933  0.828223  0.633320  0.645018  0.683740  0.862356  0.849057  0.664583  0.800008  0.582856  0.761867  0.804292  0.650829  0.675475  0.873253  0.388780  0.636722  0.838108  0.783602  0.582283  0.467302  0.535960  0.540541  0.496427  0.673473  0.630258  0.325017  0.627670  0.503260  0.809498  0.688923  0.808386  0.640581  0.639963  0.637543  0.682883 
20  0.731475  0.665748  0.804458  0.977114  0.740719  0.742816  0.786585  0.854742  0.729701  0.745238  0.726357  0.841842  0.691308  0.697114  0.879141  0.666551  0.916107  0.709476  0.772044  0.746320 0.0  0.884015  0.744792  0.701353  0.780431  0.754319  0.225307  0.779855  0.719558  0.856266  0.667621  0.774051  0.808680  0.696383  0.567994  0.801731  0.777235  0.804258  0.712228  0.747874  0.889624  0.827598  0.828372  0.721051  0.869076  0.685179  0.642902  0.718988  0.800949  0.618492  0.681287  0.782999  0.666079  0.608979  0.739538  0.743901  0.753814  0.780382  0.718057  0.739166  0.737681  0.803778  0.828971  0.670037  0.778364  0.776638  0.861111  0.662877  0.702898  0.688408  0.336354  0.828248  0.749600  0.697770  0.756862  0.772270  0.699889  0.911261  0.758727  0.879665  0.573255  0.783669  0.736130  0.804867  0.599596  0.832965  0.710934  0.699816  0.712006  0.789749  0.768839  0.666924  0.776059  0.516085  0.757847  0.749785  0.686756  0.705852  0.777326 
21  0.753013  0.757785  0.799939  0.569170  0.855033  0.807685  0.745953  0.819932  0.920680  0.786531  0.772815  0.854646  0.832610  0.816242  0.894949  0.750383  0.870956  0.894388  0.843334  0.777150  0.884015 0.0  0.808390  0.756066  0.805207  0.733929  0.829357  0.800195  0.755456  0.790959  0.723233  0.797381  0.866263  0.803250  0.799616  0.892862  0.729872  0.907177  0.708467  0.789716  0.755813  0.886956  0.876838  0.690782  0.517618  0.705833  0.680935  0.830168  0.850315  0.758155  0.852227  0.860804  0.600548  0.732115  0.845809  0.849320  0.905075  0.688632  0.808189  0.800152  0.722323  0.773128  0.653336  0.684200  0.659186  0.833300  0.881207  0.789268  0.763139  0.775053  0.760500  0.750366  0.862837  0.726824  0.695670  0.798129  0.670427  0.649543  0.833034  0.858205  0.914618  0.466376  0.796799  0.849069  0.716849  0.887976  0.855476  0.842785  0.904821  0.844565  0.937891  0.833075  0.815199  0.769855  0.690552  0.765549  0.721804  0.856480  0.853436 
22  0.721035  0.629072  0.607554  0.783175  0.696867  0.732467  0.706883  0.694028  0.619319  0.758342  0.615334  0.706115  0.442323  0.568290  0.801918  0.599453  0.672370  0.835526  0.890702  0.639046  0.744792  0.808390 0.0  0.584556  0.642288  0.765360  0.701212  0.604507  0.668447  0.806710  0.670938  0.632309  0.587174  0.698040  0.590033  0.788658  0.614910  0.724908  0.558508  0.495868  0.784827  0.557405  0.618966  0.587319  0.775954  0.664222  0.679914  0.696826  0.885417  0.602527  0.671299  0.736094  0.828293  0.714199  0.465811  0.770316  0.680672  0.661729  0.460866  0.552019  0.773040  0.793203  0.739587  0.793338  0.757583  0.641803  0.810028  0.554103  0.645976  0.615929  0.630822  0.833675  0.691588  0.471418  0.682303  0.782360  0.427477  0.791581  0.554616  0.689646  0.568039  0.855236  0.516841  0.741961  0.625750  0.732678  0.660635  0.609446  0.553818  0.667146  0.674574  0.612485  0.762709  0.462415  0.794543  0.753207  0.504355  0.760593  0.584955 
23  0.712952  0.599283  0.720089  0.777995  0.610911  0.701068  0.801733  0.772483  0.795779  0.911939  0.752643  0.932601  0.588704  0.812481  0.758176  0.753773  0.902822  0.644672  0.850905  0.771546  0.701353  0.756066  0.584556 0.0  0.597335  0.733925  0.685768  0.474179  0.601654  0.745424  0.644957  0.821095  0.769592  0.713166  0.683876  0.843524  0.374560  0.767908  0.563520  0.641962  0.840120  0.678053  0.739757  0.849333  0.861889  0.604629  0.490430  0.766310  0.856116  0.665527  0.690700  0.836017  0.670475  0.407011  0.665135  0.794418  0.637251  0.633813  0.682945  0.737664  0.823226  0.729477  0.637523  0.685414  0.693199  0.684791  0.881061  0.719538  0.636583  0.683106  0.638288  0.769969  0.623339  0.777138  0.398973  0.898901  0.614607  0.792706  0.832467  0.844382  0.545776  0.844408  0.816767  0.783618  0.661632  0.861167  0.836784  0.756981  0.784673  0.854199  0.602339  0.792327  0.794097  0.596778  0.526057  0.873880  0.804483  0.822988  0.685772 
24  0.775773  0.644531  0.654537  0.703350  0.812114  0.503434  0.724433  0.771358  0.366587  0.639567  0.582218  0.724591  0.675778  0.579668  0.728983  0.398964  0.648359  0.870465  0.645549  0.448456  0.780431  0.805207  0.642288  0.597335 0.0  0.682991  0.724473  0.730367  0.778355  0.556041  0.742784  0.548289  0.399713  0.336253  0.600996  0.660517  0.762954  0.597195  0.645804  0.558031  0.717603  0.541388  0.491158  0.458168  0.831745  0.817873  0.687274  0.444868  0.696128  0.648742  0.568495  0.641732  0.795928  0.717060  0.667967  0.643979  0.615522  0.675026  0.636465  0.765146  0.779467  0.652288  0.755561  0.806546  0.845161  0.565007  0.730521  0.685994  0.726115  0.718578  0.723334  0.800935  0.497090  0.752058  0.793641  0.628070  0.608358  0.834261  0.383511  0.703583  0.676302  0.751171  0.397455  0.537372  0.455303  0.628725  0.567697  0.438100  0.600220  0.438387  0.652922  0.371672  0.672226  0.676161  0.843118  0.655239  0.669448  0.720366  0.717593 
25  0.745090  0.786958  0.632256  0.905600  0.854307  0.541177  0.805378  0.586147  0.510180  0.674020  0.552875  0.677342  0.791138  0.526351  0.678866  0.675563  0.774428  0.840390  0.533064  0.623302  0.754319  0.733929  0.765360  0.733925  0.682991 0.0  0.768660  0.687316  0.809275  0.532704  0.862551  0.647478  0.701835  0.575571  0.732821  0.645691  0.759678  0.535853  0.824830  0.716225  0.579428  0.715373  0.612728  0.633054  0.927726  0.771270  0.780207  0.445086  0.643701  0.716992  0.622580  0.662221  0.884745  0.741175  0.685151  0.588571  0.484109  0.710090  0.776396  0.733689  0.830267  0.614757  0.708600  0.742611  0.759736  0.661708  0.604887  0.660404  0.815645  0.794464  0.784118  0.885032  0.638258  0.767430  0.788105  0.585460  0.679701  0.808407  0.574316  0.663523  0.729498  0.797229  0.565270  0.487441  0.612034  0.459805  0.511351  0.690825  0.593558  0.478731  0.458741  0.573709  0.692946  0.719674  0.759123  0.624544  0.703451  0.575290  0.877505 
26  0.707985  0.706796  0.733002  0.640347  0.696843  0.677017  0.761681  0.682892  0.823193  0.779648  0.696401  0.874060  0.681775  0.709068  0.740456  0.712015  0.834465  0.632887  0.793371  0.734783  0.225307  0.829357  0.701212  0.685768  0.724473  0.768660 0.0  0.675963  0.686278  0.844278  0.865930  0.656066  0.711898  0.633272  0.781810  0.935909  0.661983  0.810332  0.661049  0.741360  0.792487  0.663049  0.773813  0.732599  0.705008  0.768230  0.599689  0.742597  0.781874  0.654898  0.751595  0.791387  0.634676  0.647476  0.683418  0.877693  0.661246  0.752218  0.685433  0.684378  0.735042  0.894483  0.808294  0.683910  0.684992  0.685046  0.844577  0.681549  0.653810  0.692460  0.422431  0.804208  0.783277  0.811653  0.715415  0.747252  0.725953  0.876580  0.614536  0.837355  0.597548  0.862851  0.765282  0.767266  0.627963  0.676113  0.774350  0.656459  0.685431  0.756530  0.817264  0.637266  0.891883  0.690418  0.740471  0.771941  0.715308  0.867557  0.836461 
27  0.600527  0.571184  0.633125  0.743863  0.493759  0.698937  0.657185  0.716687  0.740127  0.789689  0.735136  0.797754  0.648261  0.654376  0.782574  0.750644  0.896747  0.483761  0.862027  0.678703  0.779855  0.800195  0.604507  0.474179  0.730367  0.687316  0.675963 0.0  0.588628  0.763048  0.669924  0.747848  0.733565  0.775639  0.738664  0.800112  0.355013  0.703992  0.723064  0.608446  0.775899  0.672168  0.622066  0.713863  0.745084  0.632087  0.553604  0.742507  0.892471  0.615839  0.763281  0.808432  0.654950  0.430209  0.708539  0.718461  0.744018  0.585423  0.674708  0.667588  0.774180  0.728841  0.743092  0.566242  0.638195  0.626994  0.971581  0.612179  0.548236  0.614635  0.687600  0.665322  0.816683  0.536174  0.641162  0.710137  0.491993  0.709053  0.768350  0.802841  0.461865  0.811653  0.731756  0.787531  0.754336  0.751055  0.700461  0.732536  0.676686  0.722258  0.852626  0.832749  0.768709  0.689661  0.741959  0.803187  0.732098  0.805990  0.593470 
28  0.671685  0.713577  0.802604  0.668631  0.641617  0.845985  0.756700  0.861134  0.793893  0.758822  0.787523  0.768061  0.785796  0.808688  0.830691  0.762190  0.947187  0.733176  0.787631  0.810245  0.719558  0.755456  0.668447  0.601654  0.778355  0.809275  0.686278  0.588628 0.0  0.901041  0.566802  0.655828  0.831499  0.744959  0.739231  0.827147  0.648206  0.890524  0.679760  0.719334  0.875917  0.702808  0.822233  0.749299  0.821404  0.427341  0.710234  0.855933  0.869355  0.672865  0.904482  0.949670  0.607987  0.620727  0.794613  0.772121  0.737394  0.661843  0.667715  0.627013  0.641131  0.842397  0.747848  0.478462  0.478844  0.664199  0.737637  0.787885  0.584691  0.525970  0.726868  0.607173  0.752540  0.726174  0.620032  0.841385  0.691581  0.679534  0.756533  0.937786  0.577147  0.685844  0.754949  0.949400  0.677208  0.810836  0.771311  0.846674  0.906075  0.913410  0.796134  0.670935  0.801391  0.735435  0.615040  0.875991  0.719458  0.878128  0.678228 
29  0.814855  0.794902  0.759991  0.843053  0.828371  0.607497  0.896307  0.380680  0.677903  0.565757  0.813724  0.662299  0.760627  0.701596  0.661006  0.742021  0.630924  0.792717  0.379568  0.558707  0.856266  0.790959  0.806710  0.745424  0.556041  0.532704  0.844278  0.763048  0.901041 0.0  0.763845  0.693458  0.578970  0.595734  0.775030  0.502241  0.804110  0.469800  0.731933  0.683506  0.627618  0.672759  0.717698  0.653614  0.721758  0.878456  0.829730  0.559874  0.524581  0.720572  0.559954  0.554418  0.828243  0.760433  0.658713  0.549736  0.539716  0.724693  0.806863  0.768666  0.768415  0.578450  0.839418  0.905562  0.850436  0.652477  0.551028  0.700864  0.636758  0.762754  0.829422  0.872432  0.595101  0.745592  0.761284  0.574578  0.725171  0.822710  0.739395  0.680352  0.867855  0.698813  0.784235  0.562505  0.653844  0.468719  0.551605  0.687253  0.627810  0.590927  0.513547  0.552995  0.637632  0.698070  0.726629  0.302863  0.804252  0.458315  0.867877 
30  0.638886  0.669812  0.725321  0.616431  0.726842  0.818295  0.690065  0.861668  0.721219  0.822449  0.743116  0.890265  0.701100  0.658435  0.800155  0.746058  0.708229  0.627782  0.782423  0.672839  0.667621  0.723233  0.670938  0.644957  0.742784  0.862551  0.865930  0.669924  0.566802  0.763845 0.0  0.661244  0.881837  0.720579  0.673726  0.766072  0.577751  0.804351  0.731412  0.776066  0.847151  0.731922  0.744161  0.833330  0.678602  0.678962  0.658871  0.852050  0.911525  0.655186  0.868693  0.817933  0.665383  0.590974  0.794062  0.861028  0.863058  0.656747  0.747705  0.620479  0.580339  0.818387  0.581945  0.622699  0.489169  0.689902  0.857400  0.842403  0.592465  0.674801  0.741619  0.505242  0.818614  0.770669  0.588981  0.807630  0.798875  0.681658  0.726619  0.848415  0.774606  0.629377  0.894545  0.799772  0.752920  0.884372  0.701022  0.791051  0.886767  0.811690  0.786538  0.773072  0.842078  0.757938  0.495268  0.934590  0.663823  0.858110  0.563788 
31  0.724556  0.714073  0.527151  0.869767  0.784342  0.577416  0.697024  0.772411  0.620592  0.698980  0.748150  0.808913  0.665007  0.475243  0.762405  0.346895  0.703015  0.731145  0.612704  0.625724  0.774051  0.797381  0.632309  0.821095  0.548289  0.647478  0.656066  0.747848  0.655828  0.693458  0.661244 0.0  0.512839  0.685002  0.467736  0.669069  0.610712  0.654643  0.604075  0.568850  0.759380  0.649480  0.630468  0.506052  0.778452  0.695579  0.703921  0.656384  0.917198  0.609519  0.164037  0.779926  0.768664  0.735582  0.625670  0.596781  0.685956  0.724884  0.684638  0.662842  0.724627  0.800851  0.741817  0.873562  0.754897  0.690710  0.783997  0.605193  0.559106  0.732859  0.666629  0.703036  0.329856  0.671105  0.722448  0.645107  0.608450  0.818416  0.597853  0.647096  0.682834  0.827634  0.559283  0.649253  0.580479  0.675863  0.685269  0.616536  0.385844  0.605465  0.581211  0.663587  0.730532  0.539559  0.820888  0.741365  0.625938  0.867898  0.790820 
32  0.700119  0.610409  0.571104  0.736672  0.826024  0.577356  0.716536  0.624422  0.408360  0.707396  0.624854  0.827311  0.567719  0.326552  0.707065  0.543227  0.755374  0.716972  0.710963  0.558842  0.808680  0.866263  0.587174  0.769592  0.399713  0.701835  0.711898  0.733565  0.831499  0.578970  0.881837  0.512839 0.0  0.462689  0.694628  0.679147  0.674024  0.642436  0.590117  0.512855  0.659844  0.705906  0.533824  0.425195  0.815972  0.841401  0.709469  0.541881  0.760497  0.664700  0.585200  0.716726  0.796870  0.795476  0.653209  0.601127  0.676973  0.737872  0.627522  0.675159  0.745422  0.781830  0.725757  0.723859  0.773250  0.610095  0.705082  0.533859  0.620136  0.724052  0.835874  0.779983  0.601233  0.747908  0.664526  0.663248  0.672274  0.756918  0.487965  0.709142  0.740791  0.805306  0.341651  0.638943  0.353497  0.634283  0.692623  0.473317  0.549872  0.563392  0.548614  0.573635  0.695080  0.650750  0.775625  0.680171  0.605360  0.681913  0.752900 
33  0.706162  0.696627  0.620434  0.885178  0.738234  0.584850  0.806049  0.650331  0.365637  0.710279  0.642577  0.756080  0.527889  0.504388  0.695873  0.631510  0.776447  0.734820  0.808095  0.493375  0.696383  0.803250  0.698040  0.713166  0.336253  0.575571  0.633272  0.775639  0.744959  0.595734  0.720579  0.685002  0.462689 0.0  0.673150  0.642825  0.668481  0.634289  0.703812  0.655820  0.782369  0.676806  0.570352  0.501532  0.736800  0.750037  0.680116  0.600034  0.774065  0.658759  0.577642  0.646103  0.750046  0.747652  0.699032  0.479017  0.501756  0.741025  0.634953  0.811776  0.731614  0.665762  0.774486  0.741214  0.760098  0.647479  0.722031  0.577733  0.603876  0.869961  0.685641  0.797732  0.560841  0.717564  0.832373  0.659348  0.700985  0.773383  0.202979  0.842010  0.722622  0.771079  0.457421  0.548988  0.486448  0.467321  0.625682  0.513517  0.559081  0.346373  0.738475  0.081002  0.548534  0.673004  0.816141  0.726624  0.596611  0.677673  0.743267 
34  0.773471  0.623601  0.512532  0.813352  0.722289  0.507235  0.779016  0.802249  0.602920  0.691412  0.765450  0.767917  0.547067  0.581285  0.792158  0.497284  0.733350  0.740138  0.744295  0.613320  0.567994  0.799616  0.590033  0.683876  0.600996  0.732821  0.781810  0.738664  0.739231  0.775030  0.673726  0.467736  0.694628  0.673150 0.0  0.682540  0.708639  0.636158  0.483070  0.654695  0.828990  0.736759  0.515333  0.543596  0.776872  0.774541  0.650327  0.764557  0.725547  0.502504  0.436991  0.736523  0.593028  0.719021  0.557205  0.651545  0.740302  0.612600  0.642548  0.704551  0.683180  0.723258  0.886437  0.791887  0.767066  0.759666  0.716543  0.498844  0.556600  0.749348  0.635102  0.859769  0.637374  0.536119  0.823383  0.671330  0.570382  0.819225  0.625889  0.766137  0.692695  0.737101  0.556918  0.665279  0.596460  0.686528  0.658384  0.578440  0.523093  0.581407  0.708769  0.702495  0.760924  0.557649  0.707880  0.803983  0.693714  0.767322  0.780483 
35  0.752600  0.711258  0.731965  0.843992  0.787216  0.664201  0.969702  0.488257  0.723699  0.473904  0.692247  0.553541  0.777736  0.779224  0.529194  0.787371  0.620217  0.813573  0.345397  0.635052  0.801731  0.892862  0.788658  0.843524  0.660517  0.645691  0.935909  0.800112  0.827147  0.502241  0.766072  0.669069  0.679147  0.642825  0.682540 0.0  0.823384  0.520498  0.825542  0.687972  0.585500  0.686785  0.793926  0.728030  0.919551  0.854095  0.787454  0.607391  0.626182  0.703129  0.700015  0.513122  0.833423  0.750150  0.816874  0.641828  0.557429  0.784101  0.759764  0.811065  0.735463  0.461275  0.841073  0.830911  0.842832  0.703794  0.468015  0.769760  0.784872  0.804726  0.811475  0.908782  0.626326  0.758362  0.783703  0.507196  0.751000  0.702203  0.597466  0.516910  0.796943  0.885218  0.763670  0.568580  0.654031  0.658706  0.750952  0.662117  0.819127  0.832200  0.470358  0.637136  0.451447  0.747113  0.926589  0.460618  0.773203  0.342541  0.755471 
36  0.689448  0.743825  0.599004  0.780981  0.622699  0.752266  0.679439  0.766210  0.703454  0.825964  0.617588  0.747915  0.641205  0.648910  0.830662  0.582287  0.877504  0.499916  0.825188  0.762795  0.777235  0.729872  0.614910  0.374560  0.762954  0.759678  0.661983  0.355013  0.648206  0.804110  0.577751  0.610712  0.674024  0.668481  0.708639  0.823384 0.0  0.732257  0.614293  0.653846  0.840861  0.623091  0.754698  0.691781  0.646391  0.554803  0.473923  0.783764  0.852775  0.610191  0.748216  0.832416  0.559546  0.449358  0.718695  0.933033  0.827664  0.553815  0.678007  0.690812  0.662623  0.696702  0.748621  0.568446  0.757127  0.707516  0.808201  0.749256  0.552895  0.598623  0.624298  0.705427  0.775344  0.680198  0.417364  0.759034  0.696706  0.618160  0.760329  0.774615  0.558480  0.749651  0.630176  0.949181  0.819413  0.722821  0.716502  0.784126  0.639677  0.746551  0.766838  0.765120  0.711849  0.587858  0.617887  0.808418  0.616957  0.834086  0.650697 
37  0.768498  0.644664  0.671395  0.841389  0.732961  0.648541  0.703074  0.454484  0.598506  0.545543  0.641741  0.545414  0.704286  0.783864  0.635767  0.634390  0.704159  0.887471  0.552252  0.472423  0.804258  0.907177  0.724908  0.767908  0.597195  0.535853  0.810332  0.703992  0.890524  0.469800  0.804351  0.654643  0.642436  0.634289  0.636158  0.520498  0.732257 0.0  0.740007  0.751166  0.554874  0.759207  0.616598  0.655221  0.783031  0.807888  0.713869  0.347737  0.762009  0.663458  0.674830  0.545887  0.832804  0.815370  0.672469  0.346225  0.445413  0.758739  0.742816  0.824019  0.845572  0.553156  0.803769  0.900781  0.780795  0.759669  0.554855  0.751195  0.721614  0.881936  0.656854  0.762895  0.663227  0.637625  0.815797  0.446800  0.773630  0.810121  0.625006  0.625346  0.766342  0.694599  0.715250  0.516080  0.615500  0.376446  0.371336  0.656588  0.663781  0.580988  0.438541  0.531545  0.646350  0.699799  0.839789  0.497065  0.575185  0.705348  0.762206 
38  0.600876  0.644012  0.586430  0.766635  0.564325  0.592472  0.650756  0.727668  0.677986  0.671897  0.545076  0.807843  0.547776  0.666835  0.787965  0.676465  0.946493  0.657673  0.782849  0.720563  0.712228  0.708467  0.558508  0.563520  0.645804  0.824830  0.661049  0.723064  0.679760  0.731933  0.731412  0.604075  0.590117  0.703812  0.483070  0.825542  0.614293  0.740007 0.0  0.504881  0.890394  0.437868  0.692553  0.678670  0.718269  0.854042  0.754754  0.685525  0.713663  0.599093  0.688101  0.690429  0.735373  0.781606  0.320554  0.687162  0.708190  0.577679  0.266856  0.642386  0.740043  0.756744  0.745324  0.640493  0.715593  0.592124  0.764989  0.646881  0.484369  0.645690  0.686267  0.713805  0.760768  0.711261  0.613888  0.765837  0.552316  0.566059  0.668416  0.799301  0.665179  0.767020  0.609201  0.781450  0.644542  0.689525  0.723138  0.680531  0.514543  0.718118  0.579521  0.661144  0.678662  0.512774  0.824959  0.729487  0.519330  0.807589  0.742820 
39  0.648837  0.548934  0.412886  0.718070  0.680631  0.634069  0.710215  0.843687  0.684465  0.816945  0.588688  0.770739  0.446199  0.653734  0.750049  0.541117  0.808950  0.848917  0.771008  0.587104  0.747874  0.789716  0.495868  0.641962  0.558031  0.716225  0.741360  0.608446  0.719334  0.683506  0.776066  0.568850  0.512855  0.655820  0.654695  0.687972  0.653846  0.751166  0.504881 0.0  0.797906  0.497131  0.608768  0.739288  0.838671  0.729687  0.714178  0.786861  0.806416  0.590209  0.646615  0.782531  0.889705  0.767029  0.475659  0.724080  0.732090  0.511312  0.566490  0.685119  0.689144  0.788178  0.717747  0.790946  0.639377  0.440023  0.806359  0.600556  0.618902  0.739721  0.768827  0.760636  0.583843  0.650791  0.678657  0.727471  0.495350  0.789203  0.592833  0.701626  0.586792  0.833512  0.540443  0.677235  0.541443  0.718439  0.665186  0.644058  0.714270  0.637125  0.732021  0.660528  0.762713  0.596360  0.688999  0.644736  0.447309  0.718502  0.730500 
