99
0 0.0  0.485211  0.768194  0.589772  0.791298  0.402258  0.487224  0.687297  0.557171  0.743282  0.712015  0.620617  0.826981  0.692328  0.611049  0.773828  0.496719  0.629051  0.649340  0.719645  0.543824  0.767338  0.605922  0.817064  0.572300  0.640883  0.673478  0.606061  0.818346  0.239768  0.396982  0.780587  0.296671  0.871584  0.803574  0.614725  0.853012  0.599196  0.735957  0.482728  0.299330  0.841454  0.737383  0.679462  0.557825  0.847224  0.404132  0.560283  0.535446  0.547833  0.611101  0.504620  0.585118  0.725498  0.724432  0.601447  0.546508  0.697559  0.534879  0.707228  0.562689  0.117438  0.530864  0.471116  0.155354  0.805437  0.619688  0.558923  0.774687  0.796624  0.616816  0.729417  0.772333  0.778383  0.763111  0.684842  0.609201  0.699511  0.608069  0.719659  0.679052  0.718480  0.383290  0.515497  0.550390  0.683873  0.856163  0.721870  0.468880  0.754605  0.885403  0.810805  0.650313  0.778395  0.459007  0.657308  0.521216  0.618218  0.651171 
1  0.485211 0.0  0.764384  0.584335  0.639007  0.537160  0.576345  0.672179  0.466070  0.642047  0.796595  0.567710  0.722203  0.614582  0.646749  0.870107  0.632060  0.703014  0.756161  0.701405  0.567023  0.805321  0.662592  0.739521  0.635215  0.770039  0.608204  0.617671  0.780030  0.402229  0.558025  0.830240  0.493922  0.814372  0.758248  0.680262  0.775376  0.611258  0.712175  0.499225  0.435162  0.625344  0.775298  0.743190  0.611765  0.795668  0.556099  0.356620  0.337965  0.556721  0.563258  0.623991  0.516530  0.737802  0.633692  0.626409  0.347429  0.662939  0.558461  0.775257  0.665275  0.425288  0.658540  0.434850  0.475756  0.760487  0.741239  0.731621  0.771349  0.782094  0.594997  0.810840  0.897973  0.700515  0.765165  0.807637  0.640825  0.600311  0.536720  0.676889  0.617755  0.627027  0.520443  0.580663  0.603287  0.930776  0.707166  0.778095  0.609880  0.724501  0.775036  0.758974  0.690741  0.932741  0.617486  0.696760  0.533362  0.667614  0.880180 
2  0.768194  0.764384 0.0  0.693318  0.578972  0.716784  0.758833  0.531540  0.758090  0.608528  0.656787  0.599198  0.580125  0.496278  0.663099  0.682334  0.841468  0.694188  0.670000  0.481692  0.758704  0.457405  0.756427  0.584182  0.833130  0.630024  0.699896  0.607396  0.656353  0.696578  0.664524  0.562146  0.728399  0.678847  0.669505  0.692316  0.658353  0.776993  0.553438  0.726047  0.836697  0.641263  0.641547  0.488097  0.676890  0.715761  0.703720  0.702373  0.731602  0.607013  0.678835  0.790094  0.676374  0.619261  0.498840  0.767073  0.715269  0.522086  0.774058  0.493082  0.678289  0.753836  0.652651  0.697841  0.742458  0.691791  0.599754  0.640880  0.572764  0.632536  0.637841  0.574538  0.528098  0.605676  0.510612  0.726090  0.689750  0.571658  0.655212  0.556164  0.636854  0.644003  0.825157  0.700637  0.686826  0.558250  0.553525  0.522267  0.738926  0.664623  0.693080  0.706300  0.646666  0.709203  0.706959  0.778028  0.727735  0.712184  0.470988 
3  0.589772  0.584335  0.693318 0.0  0.681669  0.596980  0.605090  0.475837  0.602845  0.629606  0.744080  0.488969  0.748324  0.625310  0.381978  0.702192  0.738241  0.556236  0.553036  0.591227  0.595208  0.698787  0.600121  0.644733  0.644687  0.433114  0.358098  0.361241  0.857032  0.620008  0.617031  0.669575  0.610188  0.830562  0.689012  0.531599  0.673339  0.728148  0.690368  0.601280  0.702620  0.785469  0.784559  0.614563  0.526341  0.769021  0.550619  0.694173  0.624176  0.395643  0.653055  0.453925  0.632739  0.764699  0.758100  0.756545  0.635972  0.645562  0.660351  0.610019  0.280851  0.587038  0.408485  0.580585  0.679898  0.760484  0.682747  0.390841  0.768855  0.717553  0.536168  0.777338  0.653828  0.557762  0.753465  0.798537  0.320442  0.443009  0.768751  0.718820  0.624388  0.659792  0.637256  0.565854  0.438161  0.778079  0.700763  0.661348  0.686980  0.772157  0.726968  0.694846  0.381588  0.907562  0.605155  0.767051  0.482006  0.385720  0.676404 
4  0.791298  0.639007  0.578972  0.681669 0.0  0.764029  0.718425  0.558713  0.684100  0.567302  0.653313  0.582344  0.647596  0.506091  0.606372  0.595670  0.767270  0.325113  0.678921  0.437636  0.705497  0.697396  0.762913  0.523234  0.859521  0.493754  0.673944  0.632962  0.779469  0.727218  0.636582  0.717645  0.613863  0.628844  0.799023  0.622858  0.734326  0.817635  0.689486  0.746597  0.691825  0.586456  0.792944  0.536962  0.660477  0.724671  0.768863  0.649209  0.794657  0.583081  0.727039  0.665241  0.796858  0.737333  0.502147  0.773111  0.558751  0.579757  0.815831  0.564772  0.667997  0.661397  0.675450  0.709750  0.722388  0.726952  0.621497  0.605971  0.767068  0.729289  0.499857  0.693382  0.729794  0.630206  0.673522  0.720659  0.569521  0.563335  0.812373  0.627825  0.460296  0.591530  0.611549  0.682593  0.643148  0.667739  0.634876  0.635458  0.750039  0.617092  0.665090  0.696621  0.634400  0.742703  0.700559  0.761622  0.702008  0.685548  0.595001 
5  0.402258  0.537160  0.716784  0.596980  0.764029 0.0  0.532701  0.633820  0.506285  0.875470  0.928611  0.612943  0.714409  0.658484  0.753661  0.756733  0.379746  0.709829  0.709096  0.819422  0.248847  0.730612  0.651262  0.776397  0.570930  0.704691  0.647505  0.629871  0.804868  0.613697  0.475007  0.854460  0.409771  0.745011  0.752979  0.621256  0.785023  0.510092  0.764785  0.504197  0.441400  0.725875  0.830359  0.708703  0.644547  0.794801  0.528102  0.481042  0.539401  0.563659  0.427312  0.618732  0.594214  0.875580  0.734436  0.573236  0.555455  0.639997  0.548254  0.817867  0.614979  0.448623  0.573211  0.534887  0.545947  0.785744  0.775377  0.627470  0.697140  0.751061  0.772443  0.805804  0.724362  0.749874  0.758681  0.636755  0.665376  0.654589  0.553336  0.779502  0.693963  0.777946  0.532618  0.587727  0.692461  0.676572  0.816172  0.915637  0.543790  0.740922  0.845826  0.691991  0.557593  0.839546  0.471645  0.588875  0.723551  0.618364  0.794518 
6  0.487224  0.576345  0.758833  0.605090  0.718425  0.532701 0.0  0.705095  0.493376  0.794769  0.708914  0.626190  0.639543  0.702702  0.743089  0.880121  0.595376  0.670204  0.754629  0.744565  0.459091  0.722225  0.581386  0.673220  0.578180  0.686843  0.611334  0.690646  0.796377  0.661910  0.586128  0.708297  0.577674  0.830271  0.786694  0.692255  0.782962  0.515020  0.798324  0.601819  0.533551  0.746621  0.750528  0.793160  0.672000  0.637863  0.481754  0.487153  0.493932  0.704400  0.417567  0.707231  0.462422  0.718022  0.666156  0.584656  0.527430  0.737304  0.230736  0.811247  0.624525  0.593736  0.698631  0.528359  0.664569  0.800163  0.674611  0.629787  0.818025  0.756523  0.605435  0.700508  0.740077  0.700630  0.654212  0.636980  0.664986  0.588670  0.481777  0.728777  0.698463  0.855280  0.458641  0.590752  0.682172  0.743623  0.777550  0.719351  0.463044  0.818113  0.717046  0.694788  0.579974  0.804820  0.420575  0.593539  0.611815  0.547442  0.809297 
7  0.687297  0.672179  0.531540  0.475837  0.558713  0.633820  0.705095 0.0  0.720425  0.624879  0.745556  0.549648  0.706506  0.660700  0.393190  0.704792  0.732977  0.531352  0.618777  0.669797  0.610487  0.728835  0.524622  0.627599  0.814948  0.375785  0.554361  0.387257  0.818079  0.637071  0.731844  0.747405  0.567420  0.785839  0.625722  0.400641  0.725010  0.720944  0.749919  0.491708  0.709811  0.622621  0.687006  0.598551  0.473254  0.720440  0.572717  0.600060  0.725320  0.582571  0.667534  0.329220  0.660463  0.740809  0.565622  0.786341  0.607559  0.592591  0.685032  0.754494  0.523852  0.671324  0.578170  0.668855  0.683478  0.834519  0.635716  0.477536  0.740233  0.557675  0.570479  0.712679  0.675691  0.675283  0.802531  0.620972  0.695464  0.678125  0.679293  0.610021  0.308554  0.788532  0.624773  0.591978  0.572310  0.742030  0.722734  0.667490  0.755932  0.753172  0.772083  0.832305  0.473014  0.748007  0.673738  0.732451  0.472903  0.480484  0.724035 
8  0.557171  0.466070  0.758090  0.602845  0.684100  0.506285  0.493376  0.720425 0.0  0.797675  0.780860  0.641171  0.758503  0.699605  0.674787  0.840256  0.561070  0.772088  0.607141  0.670947  0.559846  0.818811  0.545872  0.661295  0.609462  0.633906  0.547570  0.623990  0.693540  0.459811  0.477865  0.850781  0.534623  0.805932  0.812657  0.707727  0.702070  0.576488  0.846823  0.556168  0.526603  0.662094  0.740874  0.788455  0.552409  0.810390  0.524599  0.301097  0.181746  0.726754  0.527205  0.697650  0.523959  0.753834  0.708710  0.706394  0.485385  0.662261  0.459138  0.855275  0.649655  0.524385  0.704929  0.486939  0.439821  0.829612  0.750957  0.601698  0.828812  0.695420  0.674366  0.767427  0.862384  0.775085  0.865574  0.761566  0.672836  0.674422  0.521255  0.745162  0.633121  0.841864  0.551253  0.651623  0.539253  0.780568  0.723648  0.677788  0.733109  0.745796  0.746067  0.717252  0.583315  0.927851  0.536852  0.593497  0.676048  0.582358  0.723686 
9  0.743282  0.642047  0.608528  0.629606  0.567302  0.875470  0.794769  0.624879  0.797675 0.0  0.570107  0.706186  0.456005  0.560710  0.622134  0.710449  0.746363  0.656319  0.632558  0.527707  0.801461  0.590565  0.737984  0.468391  0.804628  0.646334  0.678310  0.741882  0.846494  0.895528  0.796434  0.547340  0.803901  0.594804  0.624685  0.683699  0.472999  0.697511  0.740726  0.715867  0.758198  0.514070  0.687177  0.489146  0.657206  0.703767  0.704838  0.790254  0.842400  0.765928  0.843526  0.730904  0.761068  0.628320  0.546492  0.817990  0.759032  0.654066  0.831545  0.526396  0.785048  0.832466  0.701273  0.755894  0.699893  0.792420  0.406810  0.697425  0.619820  0.784018  0.670095  0.646633  0.738809  0.619314  0.549146  0.575147  0.740213  0.687385  0.815091  0.591042  0.755328  0.565480  0.749832  0.676179  0.689889  0.628913  0.459334  0.447504  0.665219  0.261935  0.363072  0.713358  0.656161  0.761104  0.771333  0.766434  0.573885  0.668633  0.542815 
10  0.712015  0.796595  0.656787  0.744080  0.653313  0.928611  0.708914  0.745556  0.780860  0.570107 0.0  0.803536  0.610792  0.770969  0.795018  0.587326  0.775851  0.779552  0.653663  0.680422  0.748919  0.575757  0.738818  0.642038  0.816702  0.666769  0.668294  0.747241  0.689522  0.833774  0.743566  0.635053  0.759992  0.610079  0.664363  0.680781  0.352232  0.774036  0.518151  0.824974  0.796362  0.680052  0.450419  0.679273  0.780355  0.363360  0.863390  0.818634  0.814729  0.664437  0.815737  0.751104  0.778160  0.395540  0.637077  0.750000  0.846022  0.693152  0.691070  0.599848  0.713970  0.716820  0.647772  0.793536  0.680584  0.731699  0.631927  0.840834  0.430533  0.776982  0.751923  0.676982  0.608511  0.608353  0.314752  0.712608  0.655096  0.720915  0.822766  0.564190  0.686815  0.667762  0.792541  0.707468  0.693343  0.534131  0.521826  0.574588  0.770244  0.520721  0.507734  0.710518  0.709453  0.579785  0.903683  0.810296  0.660276  0.816093  0.435633 
11  0.620617  0.567710  0.599198  0.488969  0.582344  0.612943  0.626190  0.549648  0.641171  0.706186  0.803536 0.0  0.666367  0.611868  0.360968  0.770664  0.583461  0.557349  0.616290  0.624586  0.666430  0.710430  0.519099  0.704639  0.728662  0.455585  0.619428  0.508113  0.790116  0.624654  0.650072  0.728871  0.584023  0.714006  0.766310  0.382711  0.788268  0.730130  0.865573  0.561232  0.667943  0.629542  0.822682  0.756618  0.505571  0.881125  0.628360  0.643060  0.627284  0.488368  0.714354  0.399422  0.747996  0.774086  0.633261  0.792746  0.479150  0.657005  0.755211  0.825717  0.467324  0.639450  0.319754  0.548118  0.699931  0.711589  0.729168  0.470802  0.717046  0.865536  0.596880  0.697956  0.637615  0.600807  0.750130  0.635749  0.431272  0.578309  0.595059  0.633998  0.423319  0.808725  0.552939  0.510149  0.203673  0.783500  0.737078  0.752416  0.790040  0.686965  0.766251  0.799398  0.493200  0.660780  0.728365  0.785614  0.560443  0.391827  0.705219 
12  0.826981  0.722203  0.580125  0.748324  0.647596  0.714409  0.639543  0.706506  0.758503  0.456005  0.610792  0.666367 0.0  0.659726  0.605414  0.675214  0.828711  0.724252  0.627604  0.541805  0.840040  0.511285  0.671885  0.345906  0.757642  0.608454  0.685164  0.792733  0.737912  0.638340  0.784352  0.532870  0.756117  0.610970  0.731443  0.624759  0.563028  0.826226  0.615692  0.770060  0.719255  0.694873  0.692362  0.480504  0.683911  0.710754  0.756192  0.766547  0.792226  0.701060  0.844092  0.653847  0.794073  0.517097  0.539666  0.832205  0.744574  0.619014  0.821617  0.520589  0.737458  0.726699  0.651761  0.706359  0.680163  0.781060  0.477827  0.695590  0.524112  0.651085  0.743689  0.664603  0.730594  0.568221  0.578032  0.628887  0.678436  0.615600  0.800887  0.651086  0.760333  0.663685  0.826842  0.660865  0.759607  0.649489  0.468433  0.377435  0.830426  0.364067  0.478613  0.697754  0.777792  0.677970  0.680804  0.751394  0.751975  0.584127  0.507101 
13  0.692328  0.614582  0.496278  0.625310  0.506091  0.658484  0.702702  0.660700  0.699605  0.560710  0.770969  0.611868  0.659726 0.0  0.676873  0.730366  0.797027  0.559450  0.540466  0.400173  0.755818  0.669333  0.693210  0.574132  0.741285  0.445130  0.677188  0.546943  0.793947  0.777998  0.722761  0.554201  0.682607  0.702479  0.659823  0.620211  0.717041  0.786038  0.675358  0.680508  0.700287  0.631460  0.711114  0.479410  0.719282  0.721573  0.664318  0.700225  0.741316  0.689314  0.735741  0.414296  0.738991  0.748240  0.416238  0.806284  0.668051  0.367948  0.759686  0.665513  0.572472  0.600147  0.658919  0.790182  0.694157  0.808146  0.613895  0.649473  0.743773  0.783461  0.487124  0.654249  0.614069  0.483380  0.576229  0.526635  0.643689  0.527839  0.649618  0.529236  0.608928  0.657086  0.568344  0.578087  0.610088  0.536643  0.687174  0.690720  0.816434  0.531451  0.593180  0.716032  0.405229  0.734371  0.702469  0.664823  0.572051  0.611787  0.665864 
14  0.611049  0.646749  0.663099  0.381978  0.606372  0.753661  0.743089  0.393190  0.674787  0.622134  0.795018  0.360968  0.605414  0.676873 0.0  0.712000  0.606554  0.654968  0.702480  0.672352  0.627317  0.742494  0.556058  0.614323  0.672324  0.263383  0.547196  0.463996  0.802417  0.604566  0.630445  0.626883  0.596354  0.768982  0.761653  0.384328  0.741370  0.726096  0.658531  0.656999  0.656828  0.787030  0.727620  0.551464  0.457551  0.767398  0.584194  0.664353  0.631215  0.516893  0.592309  0.134927  0.648660  0.733201  0.553201  0.801775  0.623757  0.603477  0.644533  0.661437  0.409173  0.494680  0.503921  0.738230  0.580767  0.789141  0.748553  0.316192  0.719548  0.800188  0.428008  0.675532  0.707543  0.630834  0.806710  0.607993  0.475143  0.605030  0.643219  0.643222  0.526675  0.713737  0.578708  0.579637  0.466916  0.824931  0.684049  0.711184  0.724629  0.673277  0.710187  0.802988  0.138106  0.810957  0.656011  0.724487  0.443173  0.411724  0.742348 
15  0.773828  0.870107  0.682334  0.702192  0.595670  0.756733  0.880121  0.704792  0.840256  0.710449  0.587326  0.770664  0.675214  0.730366  0.712000 0.0  0.837840  0.686534  0.789031  0.762193  0.889768  0.581062  0.687149  0.758154  0.910067  0.710797  0.871564  0.766381  0.544543  0.713822  0.754154  0.553871  0.731449  0.514483  0.713839  0.739109  0.704815  0.824320  0.572198  0.734546  0.811035  0.657297  0.441560  0.623854  0.860089  0.566584  0.719666  0.652699  0.834694  0.814473  0.828244  0.828074  0.759581  0.568341  0.677917  0.758436  0.799555  0.779303  0.672293  0.640381  0.768404  0.782637  0.781208  0.709766  0.844591  0.643772  0.589272  0.622727  0.716547  0.577579  0.696081  0.461446  0.555331  0.719485  0.559174  0.795366  0.826337  0.680425  0.775969  0.724193  0.696697  0.677160  0.658145  0.774218  0.862066  0.620435  0.618544  0.630751  0.827779  0.703137  0.649524  0.515149  0.730948  0.521171  0.834901  0.725264  0.737429  0.716032  0.550959 
16  0.496719  0.632060  0.841468  0.738241  0.767270  0.379746  0.595376  0.732977  0.561070  0.746363  0.775851  0.583461  0.828711  0.797027  0.606554  0.837840 0.0  0.794622  0.754923  0.738175  0.447266  0.873301  0.564701  0.838309  0.631829  0.623184  0.734426  0.583688  0.770432  0.468081  0.450692  0.803078  0.480616  0.743790  0.932233  0.737960  0.895082  0.624468  0.707920  0.519663  0.451494  0.687255  0.889973  0.689785  0.603226  0.832687  0.471848  0.648329  0.677787  0.608439  0.533872  0.661905  0.565300  0.752177  0.836612  0.689451  0.712607  0.692411  0.609242  0.740400  0.714715  0.602301  0.697376  0.696646  0.512777  0.779418  0.751754  0.770813  0.792967  0.769766  0.695398  0.755363  0.758230  0.742331  0.740284  0.662996  0.621263  0.721369  0.633739  0.866328  0.633500  0.832374  0.534530  0.605650  0.616152  0.920794  0.737771  0.707690  0.461772  0.694496  0.748635  0.820742  0.658604  0.879301  0.578313  0.636161  0.759187  0.616331  0.706949 
17  0.629051  0.703014  0.694188  0.556236  0.325113  0.709829  0.670204  0.531352  0.772088  0.656319  0.779552  0.557349  0.724252  0.559450  0.654968  0.686534  0.794622 0.0  0.612597  0.528468  0.848443  0.682817  0.689179  0.597985  0.687969  0.546103  0.511884  0.637057  0.751721  0.663816  0.711312  0.807668  0.648476  0.741919  0.770297  0.510295  0.821213  0.686662  0.763346  0.691291  0.800999  0.545548  0.592275  0.538414  0.544560  0.754329  0.640553  0.716577  0.633335  0.525318  0.584267  0.516498  0.652729  0.674681  0.593965  0.846292  0.623867  0.590368  0.704295  0.627043  0.502317  0.691277  0.579278  0.654216  0.730891  0.750602  0.598995  0.619746  0.727117  0.714179  0.569389  0.713634  0.689437  0.637595  0.728893  0.648352  0.540331  0.642546  0.697839  0.494418  0.597371  0.626592  0.615905  0.630863  0.697361  0.752119  0.584821  0.735059  0.681166  0.692808  0.545822  0.730368  0.561497  0.759867  0.773204  0.783970  0.663294  0.570542  0.740302 
18  0.649340  0.756161  0.670000  0.553036  0.678921  0.709096  0.754629  0.618777  0.607141  0.632558  0.653663  0.616290  0.627604  0.540466  0.702480  0.789031  0.754923  0.612597 0.0  0.702311  0.721813  0.641036  0.756002  0.665054  0.754421  0.631199  0.585983  0.676163  0.773900  0.693502  0.723998  0.623386  0.703107  0.724290  0.753510  0.605416  0.718672  0.709805  0.707510  0.653997  0.684033  0.668664  0.650307  0.658865  0.701698  0.703814  0.719198  0.594090  0.647866  0.612699  0.752148  0.579028  0.604994  0.643331  0.609422  0.782300  0.570900  0.516934  0.864786  0.650782  0.581717  0.756478  0.535406  0.595055  0.736018  0.720761  0.650550  0.696091  0.664608  0.619263  0.605155  0.765935  0.524674  0.410623  0.649872  0.748307  0.613282  0.516768  0.675507  0.654046  0.682505  0.681637  0.724091  0.607809  0.676858  0.771512  0.666824  0.697425  0.676696  0.530951  0.796885  0.725170  0.561260  0.718470  0.759831  0.727016  0.669799  0.607149  0.681985 
19  0.719645  0.701405  0.481692  0.591227  0.437636  0.819422  0.744565  0.669797  0.670947  0.527707  0.680422  0.624586  0.541805  0.400173  0.672352  0.762193  0.738175  0.528468  0.702311 0.0  0.680958  0.535784  0.727399  0.524267  0.808520  0.661571  0.621477  0.656410  0.740079  0.824995  0.837572  0.620026  0.615607  0.722044  0.717746  0.665436  0.739366  0.680068  0.708681  0.649467  0.760034  0.593471  0.613035  0.491294  0.648185  0.706692  0.732896  0.657491  0.625825  0.567369  0.787600  0.574912  0.738852  0.645468  0.356900  0.763622  0.664092  0.359552  0.626439  0.699895  0.651750  0.723052  0.590964  0.661805  0.705581  0.800663  0.548010  0.601357  0.696851  0.648902  0.514928  0.791594  0.662099  0.575155  0.714427  0.684787  0.697795  0.590445  0.712100  0.710629  0.603450  0.726232  0.662813  0.647572  0.685390  0.616907  0.510311  0.686485  0.812710  0.560556  0.681421  0.672564  0.525490  0.804081  0.732325  0.801602  0.481287  0.626607  0.590557 
20  0.543824  0.567023  0.758704  0.595208  0.705497  0.248847  0.459091  0.610487  0.559846  0.801461  0.748919  0.666430  0.840040  0.755818  0.627317  0.889768  0.447266  0.848443  0.721813  0.680958 0.0  0.837992  0.657132  0.688197  0.529329  0.776335  0.725161  0.634518  0.811093  0.629559  0.452785  0.786764  0.580799  0.702012  0.829877  0.537702  0.826573  0.525827  0.892883  0.656405  0.404955  0.669658  0.699246  0.747155  0.667587  0.807518  0.529234  0.463633  0.476468  0.593069  0.461045  0.805684  0.615410  0.811515  0.741341  0.596818  0.589053  0.730362  0.556313  0.750777  0.675028  0.595174  0.667136  0.570421  0.594630  0.876120  0.702428  0.709110  0.760085  0.796559  0.615235  0.748325  0.790350  0.777250  0.779135  0.783205  0.717691  0.739748  0.471829  0.742673  0.744213  0.825907  0.538912  0.612573  0.710363  0.842860  0.760586  0.826647  0.403813  0.844275  0.916518  0.778377  0.718524  0.836150  0.462014  0.581879  0.576866  0.675455  0.760287 
21  0.767338  0.805321  0.457405  0.698787  0.697396  0.730612  0.722225  0.728835  0.818811  0.590565  0.575757  0.710430  0.511285  0.669333  0.742494  0.581062  0.873301  0.682817  0.641036  0.535784  0.837992 0.0  0.854344  0.558096  0.758783  0.653138  0.693596  0.686482  0.702523  0.806165  0.850058  0.422014  0.665047  0.672208  0.692443  0.797751  0.594340  0.822496  0.596744  0.750651  0.818519  0.790761  0.603933  0.569137  0.776342  0.634868  0.657480  0.914158  0.787160  0.778545  0.768078  0.624974  0.777721  0.667205  0.524384  0.852110  0.742035  0.649560  0.739902  0.617797  0.734432  0.834801  0.677968  0.696822  0.734855  0.731789  0.644224  0.774608  0.516482  0.649601  0.688678  0.581154  0.457049  0.655249  0.614501  0.722236  0.682900  0.725926  0.783297  0.540289  0.718659  0.707390  0.737342  0.708002  0.662010  0.583433  0.549139  0.513486  0.794577  0.638511  0.576581  0.501033  0.714895  0.747278  0.836186  0.840077  0.738635  0.655561  0.684695 
22  0.605922  0.662592  0.756427  0.600121  0.762913  0.651262  0.581386  0.524622  0.545872  0.737984  0.738818  0.519099  0.671885  0.693210  0.556058  0.687149  0.564701  0.689179  0.756002  0.727399  0.657132  0.854344 0.0  0.539307  0.731651  0.455843  0.417697  0.526732  0.739752  0.529363  0.601719  0.831080  0.582751  0.808563  0.693324  0.489812  0.858025  0.729377  0.806185  0.442704  0.585002  0.664289  0.699868  0.626350  0.319870  0.781913  0.431569  0.579389  0.530231  0.427663  0.576453  0.474258  0.688660  0.875405  0.766412  0.721649  0.456566  0.638367  0.593037  0.637662  0.483938  0.484026  0.382680  0.606123  0.532840  0.697364  0.626244  0.471594  0.808214  0.624424  0.732387  0.628704  0.649860  0.704351  0.754567  0.679206  0.577995  0.691560  0.729367  0.713940  0.518158  0.685007  0.419728  0.405214  0.486586  0.794313  0.620954  0.704297  0.562888  0.629101  0.822513  0.790537  0.595881  0.755634  0.651744  0.648932  0.392315  0.570690  0.633167 
23  0.817064  0.739521  0.584182  0.644733  0.523234  0.776397  0.673220  0.627599  0.661295  0.468391  0.642038  0.704639  0.345906  0.574132  0.614323  0.758154  0.838309  0.597985  0.665054  0.524267  0.688197  0.558096  0.539307 0.0  0.785804  0.735152  0.625302  0.600059  0.640124  0.750362  0.664806  0.558331  0.724637  0.598438  0.795025  0.671562  0.723268  0.839324  0.649540  0.626971  0.778826  0.618348  0.705105  0.286142  0.764254  0.713149  0.667361  0.734750  0.742324  0.650074  0.563787  0.712906  0.643509  0.666939  0.367123  0.785900  0.690279  0.509154  0.759801  0.591741  0.606343  0.716768  0.662121  0.643535  0.678216  0.731869  0.486100  0.629329  0.696779  0.688262  0.516970  0.651355  0.682651  0.575927  0.538221  0.575576  0.729626  0.674882  0.677953  0.563634  0.524270  0.587679  0.659037  0.731756  0.606913  0.637693  0.629191  0.594579  0.846275  0.535536  0.536246  0.604258  0.595733  0.804096  0.668857  0.774952  0.679096  0.679523  0.552944 
24  0.572300  0.635215  0.833130  0.644687  0.859521  0.570930  0.578180  0.814948  0.609462  0.804628  0.816702  0.728662  0.757642  0.741285  0.672324  0.910067  0.631829  0.687969  0.754421  0.808520  0.529329  0.758783  0.731651  0.785804 0.0  0.734354  0.686410  0.634717  0.798648  0.673593  0.569150  0.837937  0.674984  0.748396  0.874932  0.703213  0.768140  0.352892  0.809647  0.678382  0.774791  0.729165  0.781855  0.768136  0.654314  0.811396  0.693733  0.579774  0.618171  0.772913  0.537624  0.778356  0.693404  0.840859  0.793905  0.372384  0.643080  0.835136  0.614743  0.899661  0.770728  0.684383  0.716372  0.738414  0.688972  0.886342  0.713156  0.787173  0.808848  0.795088  0.827635  0.886190  0.884025  0.724342  0.759663  0.884210  0.711210  0.720472  0.513973  0.855948  0.761595  0.760147  0.628463  0.737046  0.661568  0.895852  0.673317  0.964125  0.492567  0.788290  0.752235  0.814315  0.704374  0.885901  0.486471  0.346501  0.719889  0.780732  0.725895 
25  0.640883  0.770039  0.630024  0.433114  0.493754  0.704691  0.686843  0.375785  0.633906  0.646334  0.666769  0.455585  0.608454  0.445130  0.263383  0.710797  0.623184  0.546103  0.631199  0.661571  0.776335  0.653138  0.455843  0.735152  0.734354 0.0  0.558665  0.546131  0.764651  0.633385  0.642717  0.798722  0.547424  0.760081  0.792875  0.320919  0.778695  0.679796  0.754637  0.610325  0.614218  0.661805  0.736292  0.656590  0.473358  0.819376  0.620059  0.828033  0.696732  0.518519  0.725429  0.188280  0.602334  0.673632  0.629700  0.763123  0.557036  0.678475  0.690565  0.770471  0.422171  0.683123  0.512288  0.714001  0.614957  0.875759  0.679537  0.408165  0.581283  0.712610  0.445185  0.655252  0.720370  0.664708  0.677044  0.729875  0.490700  0.589816  0.721116  0.672595  0.402434  0.707224  0.658085  0.552080  0.415528  0.717790  0.818991  0.687489  0.759625  0.736280  0.689556  0.721644  0.382014  0.725780  0.648414  0.767944  0.620836  0.428303  0.781889 
26  0.673478  0.608204  0.699896  0.358098  0.673944  0.647505  0.611334  0.554361  0.547570  0.678310  0.668294  0.619428  0.685164  0.677188  0.547196  0.871564  0.734426  0.511884  0.585983  0.621477  0.725161  0.693596  0.417697  0.625302  0.686410  0.558665 0.0  0.084801  0.704466  0.595345  0.531094  0.668832  0.565011  0.762919  0.784387  0.503617  0.767843  0.681141  0.692503  0.610262  0.699366  0.747430  0.705671  0.672777  0.432130  0.817779  0.569782  0.550284  0.698177  0.352236  0.718190  0.497436  0.658493  0.790823  0.682255  0.652191  0.571403  0.582200  0.588090  0.737655  0.263057  0.634238  0.541399  0.602092  0.567425  0.885731  0.866076  0.389625  0.758786  0.645598  0.538156  0.724705  0.641059  0.537191  0.751813  0.703613  0.459350  0.563676  0.676095  0.706013  0.516477  0.726143  0.519752  0.492174  0.513804  0.753152  0.763649  0.672227  0.746276  0.693009  0.690980  0.744685  0.463956  0.697746  0.639610  0.686320  0.000000  0.459689  0.766201 
27  0.606061  0.617671  0.607396  0.361241  0.632962  0.629871  0.690646  0.387257  0.623990  0.741882  0.747241  0.508113  0.792733  0.546943  0.463996  0.766381  0.583688  0.637057  0.676163  0.656410  0.634518  0.686482  0.526732  0.600059  0.634717  0.546131  0.084801 0.0  0.856428  0.507265  0.543836  0.747903  0.598368  0.727898  0.766822  0.493838  0.750621  0.664897  0.756679  0.628845  0.607724  0.745611  0.765649  0.624725  0.467968  0.799267  0.529193  0.627651  0.602956  0.350040  0.682004  0.456046  0.600737  0.699851  0.645994  0.722914  0.589911  0.591381  0.663491  0.722394  0.132282  0.633770  0.523320  0.559426  0.691681  0.756211  0.645087  0.463390  0.792727  0.739687  0.434615  0.772169  0.691546  0.589575  0.671366  0.779528  0.383032  0.579834  0.640930  0.648376  0.545469  0.821942  0.577640  0.536207  0.478820  0.813600  0.691639  0.816936  0.780672  0.676605  0.553130  0.723944  0.435099  0.907638  0.676736  0.760586  0.267428  0.394101  0.852976 
28  0.818346  0.780030  0.656353  0.857032  0.779469  0.804868  0.796377  0.818079  0.693540  0.846494  0.689522  0.790116  0.737912  0.793947  0.802417  0.544543  0.770432  0.751721  0.773900  0.740079  0.811093  0.702523  0.739752  0.640124  0.798648  0.764651  0.704466  0.856428 0.0  0.833699  0.786187  0.759293  0.815897  0.587589  0.467141  0.727979  0.710118  0.858448  0.592472  0.784593  0.792821  0.737328  0.557183  0.693235  0.684981  0.598140  0.786278  0.758917  0.700783  0.777162  0.786704  0.802302  0.873614  0.687202  0.705266  0.757405  0.861485  0.768538  0.856676  0.688760  0.762759  0.763478  0.742826  0.800665  0.847196  0.589164  0.729045  0.710803  0.707872  0.648152  0.719980  0.541812  0.642301  0.804517  0.665624  0.881369  0.817817  0.767444  0.856753  0.731116  0.816903  0.791101  0.710463  0.820892  0.755630  0.719166  0.778932  0.639384  0.736315  0.689064  0.685325  0.499272  0.771700  0.479566  0.755759  0.856175  0.778501  0.812488  0.699501 
29  0.239768  0.402229  0.696578  0.620008  0.727218  0.613697  0.661910  0.637071  0.459811  0.895528  0.833774  0.624654  0.638340  0.777998  0.604566  0.713822  0.468081  0.663816  0.693502  0.824995  0.629559  0.806165  0.529363  0.750362  0.673593  0.633385  0.595345  0.507265  0.833699 0.0  0.406662  0.783009  0.191007  0.798589  0.792433  0.581418  0.616270  0.618775  0.805485  0.353614  0.398515  0.765058  0.871126  0.704997  0.585313  0.818121  0.248789  0.533789  0.516240  0.570578  0.528208  0.529743  0.675707  0.689939  0.727728  0.587532  0.355372  0.677403  0.548533  0.726185  0.547483  0.357823  0.567998  0.409867  0.308202  0.803178  0.608809  0.561780  0.820274  0.679759  0.665928  0.784358  0.747954  0.689811  0.751233  0.724371  0.593020  0.695008  0.567157  0.701280  0.663000  0.669888  0.236263  0.460627  0.593495  0.747963  0.778617  0.675203  0.613995  0.729795  0.710621  0.836150  0.580270  0.853604  0.633570  0.673096  0.631180  0.579410  0.709658 
30  0.396982  0.558025  0.664524  0.617031  0.636582  0.475007  0.586128  0.731844  0.477865  0.796434  0.743566  0.650072  0.784352  0.722761  0.630445  0.754154  0.450692  0.711312  0.723998  0.837572  0.452785  0.850058  0.601719  0.664806  0.569150  0.642717  0.531094  0.543836  0.786187  0.406662 0.0  0.630324  0.366193  0.824600  0.815483  0.592321  0.779064  0.664721  0.743175  0.465517  0.392832  0.847618  0.796858  0.690392  0.461231  0.758162  0.422678  0.617303  0.567882  0.632611  0.728273  0.629566  0.521211  0.665531  0.719528  0.540878  0.442330  0.716637  0.604777  0.795330  0.709452  0.419257  0.587500  0.631039  0.386989  0.840834  0.807366  0.624862  0.789088  0.796916  0.624781  0.767090  0.728222  0.714559  0.782338  0.733686  0.655660  0.675080  0.560938  0.691677  0.684364  0.667804  0.418588  0.625798  0.575716  0.694569  0.809764  0.724832  0.564231  0.790506  0.819163  0.843461  0.562579  0.828886  0.571603  0.591622  0.561150  0.556257  0.703635 
31  0.780587  0.830240  0.562146  0.669575  0.717645  0.854460  0.708297  0.747405  0.850781  0.547340  0.635053  0.728871  0.532870  0.554201  0.626883  0.553871  0.803078  0.807668  0.623386  0.620026  0.786764  0.422014  0.831080  0.558331  0.837937  0.798722  0.668832  0.747903  0.759293  0.783009  0.630324 0.0  0.813030  0.736110  0.769673  0.732297  0.642846  0.858553  0.479490  0.752923  0.764996  0.682991  0.425385  0.536973  0.706701  0.492322  0.667620  0.707944  0.816956  0.841347  0.762363  0.648236  0.802797  0.490943  0.637365  0.942556  0.659271  0.544501  0.620889  0.545137  0.730087  0.812522  0.743339  0.757926  0.823243  0.645372  0.645068  0.658364  0.610075  0.645249  0.671977  0.657791  0.582330  0.712643  0.439951  0.561149  0.643130  0.660373  0.815698  0.608278  0.565027  0.738289  0.711700  0.645859  0.668005  0.678478  0.619752  0.508261  0.780323  0.598957  0.576821  0.568895  0.694820  0.665345  0.803506  0.876602  0.662507  0.764320  0.561385 
32  0.296671  0.493922  0.728399  0.610188  0.613863  0.409771  0.577674  0.567420  0.534623  0.803901  0.759992  0.584023  0.756117  0.682607  0.596354  0.731449  0.480616  0.648476  0.703107  0.615607  0.580799  0.665047  0.582751  0.724637  0.674984  0.547424  0.565011  0.598368  0.815897  0.191007  0.366193  0.813030 0.0  0.756916  0.813674  0.608113  0.745883  0.683970  0.834935  0.317126  0.363919  0.753519  0.681447  0.785316  0.608893  0.934005  0.302828  0.596747  0.507246  0.540487  0.689821  0.556152  0.632751  0.784381  0.726203  0.633190  0.354112  0.672949  0.652093  0.755585  0.516796  0.391792  0.569716  0.464030  0.401147  0.815001  0.796079  0.602661  0.679784  0.796557  0.686000  0.790329  0.705703  0.583311  0.828482  0.755914  0.618326  0.754321  0.591076  0.650160  0.673998  0.698262  0.446764  0.422593  0.510582  0.740756  0.863361  0.718504  0.616622  0.769429  0.659171  0.716257  0.681841  0.924673  0.568556  0.694690  0.584368  0.590232  0.879777 
33  0.871584  0.814372  0.678847  0.830562  0.628844  0.745011  0.830271  0.785839  0.805932  0.594804  0.610079  0.714006  0.610970  0.702479  0.768982  0.514483  0.743790  0.741919  0.724290  0.722044  0.702012  0.672208  0.808563  0.598438  0.748396  0.760081  0.762919  0.727898  0.587589  0.798589  0.824600  0.736110  0.756916 0.0  0.647155  0.782431  0.568970  0.748034  0.560730  0.860299  0.833689  0.766556  0.311471  0.702225  0.730921  0.441857  0.754956  0.794746  0.779953  0.689740  0.850220  0.741980  0.822694  0.487031  0.729707  0.805538  0.814852  0.724179  0.726024  0.527151  0.676884  0.754131  0.848989  0.795077  0.720090  0.714368  0.691474  0.753084  0.542989  0.530634  0.688191  0.627239  0.722660  0.615088  0.517658  0.658686  0.857016  0.704753  0.880793  0.612449  0.789937  0.739565  0.723305  0.706788  0.775635  0.654697  0.515728  0.634099  0.834130  0.661968  0.753143  0.505673  0.756231  0.519598  0.818356  0.893663  0.787291  0.721049  0.542825 
34  0.803574  0.758248  0.669505  0.689012  0.799023  0.752979  0.786694  0.625722  0.812657  0.624685  0.664363  0.766310  0.731443  0.659823  0.761653  0.713839  0.932233  0.770297  0.753510  0.717746  0.829877  0.692443  0.693324  0.795025  0.874932  0.792875  0.784387  0.766822  0.467141  0.792433  0.815483  0.769673  0.813674  0.647155 0.0  0.793588  0.745328  0.872293  0.663650  0.787583  0.830931  0.772749  0.649580  0.672881  0.689925  0.655318  0.773642  0.750067  0.922224  0.762609  0.892574  0.760909  0.783350  0.609398  0.721256  0.697768  0.707711  0.618423  0.796367  0.723392  0.767480  0.762520  0.868345  0.703338  0.752246  0.398783  0.746447  0.796423  0.785909  0.780319  0.763782  0.540714  0.677059  0.742168  0.771621  0.845099  0.772395  0.705158  0.811221  0.700142  0.765019  0.807163  0.810946  0.757474  0.831769  0.736554  0.704852  0.652025  0.752985  0.758317  0.670911  0.600513  0.769846  0.374991  0.732381  0.893915  0.794942  0.683412  0.738050 
35  0.614725  0.680262  0.692316  0.531599  0.622858  0.621256  0.692255  0.400641  0.707727  0.683699  0.680781  0.382711  0.624759  0.620211  0.384328  0.739109  0.737960  0.510295  0.605416  0.665436  0.537702  0.797751  0.489812  0.671562  0.703213  0.320919  0.503617  0.493838  0.727979  0.581418  0.592321  0.732297  0.608113  0.782431  0.793588 0.0  0.731362  0.718136  0.709306  0.659312  0.765423  0.666354  0.789483  0.721732  0.372973  0.688210  0.577272  0.660881  0.591071  0.568701  0.599172  0.312575  0.607360  0.802387  0.676774  0.707783  0.637171  0.661709  0.733789  0.631878  0.489289  0.572315  0.455913  0.730709  0.675591  0.884249  0.678320  0.391834  0.689965  0.794160  0.574460  0.768196  0.764361  0.536965  0.647508  0.661241  0.399501  0.472953  0.702920  0.604496  0.354533  0.659584  0.630659  0.610370  0.437044  0.741852  0.772459  0.595792  0.708419  0.714957  0.646375  0.691225  0.330057  0.875509  0.705404  0.699263  0.541873  0.412171  0.665962 
36  0.853012  0.775376  0.658353  0.673339  0.734326  0.785023  0.782962  0.725010  0.702070  0.472999  0.352232  0.788268  0.563028  0.717041  0.741370  0.704815  0.895082  0.821213  0.718672  0.739366  0.826573  0.594340  0.858025  0.723268  0.768140  0.778695  0.767843  0.750621  0.710118  0.616270  0.779064  0.642846  0.745883  0.568970  0.745328  0.731362 0.0  0.798380  0.710158  0.850362  0.845960  0.720162  0.530597  0.588094  0.704955  0.566199  0.852054  0.767870  0.838084  0.723657  0.755446  0.747517  0.783430  0.405126  0.670007  0.899438  0.763530  0.643950  0.822335  0.551110  0.772944  0.796040  0.777369  0.808205  0.710903  0.628449  0.571068  0.748695  0.439084  0.575790  0.670790  0.716729  0.666125  0.769204  0.520013  0.690922  0.793782  0.756513  0.735862  0.754196  0.871413  0.690851  0.748508  0.801328  0.727441  0.485578  0.550253  0.580589  0.842259  0.519548  0.541372  0.623461  0.720206  0.596971  0.886639  0.855245  0.691925  0.758281  0.480805 
37  0.599196  0.611258  0.776993  0.728148  0.817635  0.510092  0.515020  0.720944  0.576488  0.697511  0.774036  0.730130  0.826226  0.786038  0.726096  0.824320  0.624468  0.686662  0.709805  0.680068  0.525827  0.822496  0.729377  0.839324  0.352892  0.679796  0.681141  0.664897  0.858448  0.618775  0.664721  0.858553  0.683970  0.748034  0.872293  0.718136  0.798380 0.0  0.809257  0.561137  0.671997  0.838271  0.804422  0.778884  0.652291  0.848006  0.727676  0.607665  0.574314  0.682278  0.491382  0.703130  0.507982  0.885291  0.780209  0.351566  0.766666  0.788348  0.552125  0.790259  0.683817  0.664356  0.723616  0.731834  0.623023  0.791666  0.744233  0.704390  0.804131  0.770618  0.769019  0.829703  0.895473  0.940501  0.761010  0.840675  0.771230  0.718166  0.599059  0.712178  0.702318  0.791555  0.729780  0.761902  0.691858  0.860046  0.858225  0.810774  0.438462  0.790438  0.771632  0.797770  0.783842  0.836948  0.443520  0.475259  0.726932  0.711813  0.836828 
38  0.735957  0.712175  0.553438  0.690368  0.689486  0.764785  0.798324  0.749919  0.846823  0.740726  0.518151  0.865573  0.615692  0.675358  0.658531  0.572198  0.707920  0.763346  0.707510  0.708681  0.892883  0.596744  0.806185  0.649540  0.809647  0.754637  0.692503  0.756679  0.592472  0.805485  0.743175  0.479490  0.834935  0.560730  0.663650  0.709306  0.710158  0.809257 0.0  0.776763  0.780098  0.728504  0.581042  0.762540  0.727336  0.641342  0.852833  0.791585  0.749843  0.727703  0.781731  0.701861  0.660190  0.601743  0.734530  0.856698  0.799838  0.712750  0.721877  0.651955  0.823602  0.817963  0.837379  0.738258  0.771129  0.642390  0.702852  0.572094  0.709285  0.495754  0.716008  0.317955  0.602714  0.748370  0.509617  0.639715  0.629414  0.704111  0.823753  0.626475  0.702160  0.858750  0.696147  0.736150  0.715891  0.710030  0.652529  0.629296  0.754258  0.647918  0.704550  0.491361  0.787820  0.567488  0.862228  0.846863  0.735314  0.728067  0.571553 
39  0.482728  0.499225  0.726047  0.601280  0.746597  0.504197  0.601819  0.491708  0.556168  0.715867  0.824974  0.561232  0.770060  0.680508  0.656999  0.734546  0.519663  0.691291  0.653997  0.649467  0.656405  0.750651  0.442704  0.626971  0.678382  0.610325  0.610262  0.628845  0.784593  0.353614  0.465517  0.752923  0.317126  0.860299  0.787583  0.659312  0.850362  0.561137  0.776763 0.0  0.512404  0.741955  0.828383  0.766439  0.497842  0.791346  0.425420  0.579524  0.525580  0.555340  0.699232  0.702060  0.559044  0.868626  0.672957  0.823577  0.451544  0.679011  0.549594  0.719945  0.649791  0.433123  0.554813  0.547166  0.519845  0.785311  0.779093  0.570236  0.873827  0.778883  0.682777  0.781095  0.635164  0.718348  0.678112  0.733688  0.542802  0.597816  0.644346  0.666031  0.720316  0.720104  0.274550  0.323155  0.556673  0.800958  0.780257  0.765562  0.690165  0.710891  0.770061  0.792043  0.628401  0.908857  0.637422  0.617599  0.512300  0.586158  0.785730 
