99
0 0.0  0.494907  0.542359  0.701844  0.366657  0.440325  0.680971  0.661620  0.454613  0.768425  0.619911  0.580256  0.573067  0.651991  0.684684  0.568234  0.412574  0.661097  0.689475  0.485195  0.633646  0.427465  0.555284  0.486085  0.605991  0.693754  0.246830  0.517880  0.589278  0.610003  0.604788  0.687212  0.751517  0.535927  0.673529  0.657237  0.489197  0.631273  0.748611  0.388615  0.770272  0.584093  0.728113  0.706716  0.556994  0.256257  0.561138  0.669914  0.429404  0.684107  0.498549  0.618546  0.421183  0.656413  0.589006  0.386894  0.788449  0.666401  0.328224  0.677162  0.528781  0.525895  0.666185  0.390040  0.442234  0.541997  0.568210  0.663450  0.286369  0.333993  0.598183  0.702334  0.533779  0.714235  0.292811  0.430768  0.473834  0.572255  0.488581  0.417228  0.758044  0.602148  0.578120  0.730841  0.387595  0.747186  0.775051  0.528150  0.561509  0.586965  0.432013  0.682627  0.458957  0.641005  0.400170  0.736818  0.503204  0.609669  0.552204 
1  0.494907 0.0  0.534382  0.772490  0.515275  0.546632  0.581066  0.596351  0.527851  0.742716  0.697628  0.687148  0.475839  0.592207  0.747762  0.554622  0.564390  0.678529  0.789042  0.552141  0.652882  0.394463  0.450628  0.683365  0.431124  0.749790  0.664511  0.353859  0.268336  0.425542  0.481240  0.645491  0.598263  0.407866  0.564807  0.614954  0.331248  0.644604  0.776523  0.570243  0.790470  0.700611  0.672239  0.623105  0.662662  0.557290  0.556426  0.744157  0.329147  0.659243  0.470066  0.608080  0.503838  0.693231  0.448414  0.546276  0.665371  0.768699  0.404602  0.759027  0.410435  0.418413  0.618423  0.414601  0.322928  0.600837  0.514522  0.651364  0.561379  0.472760  0.601516  0.704564  0.441712  0.691561  0.504702  0.532492  0.700428  0.774616  0.605525  0.575140  0.641969  0.728068  0.495649  0.625371  0.560115  0.775762  0.729617  0.667556  0.583238  0.682930  0.621022  0.741179  0.545064  0.218793  0.432898  0.735024  0.611726  0.658872  0.661752 
2  0.542359  0.534382 0.0  0.779207  0.641218  0.602461  0.555300  0.417501  0.709940  0.696730  0.753625  0.656777  0.345768  0.493631  0.695566  0.586773  0.676720  0.805996  0.732005  0.696897  0.674782  0.584996  0.588101  0.660646  0.563196  0.814816  0.614257  0.661667  0.515499  0.477441  0.555878  0.488633  1.000000  0.474273  0.515345  0.683519  0.589163  0.461801  0.700798  0.598007  0.709633  0.615404  0.736239  0.720427  0.707975  0.632657  0.482620  0.825271  0.579027  0.722475  0.556028  0.776841  0.602076  0.653373  0.453517  0.586365  0.664787  0.768227  0.606567  0.738130  0.426372  0.536044  0.748126  0.600325  0.577722  0.692683  0.524218  0.768675  0.655737  0.681753  0.558914  0.661111  0.634376  0.807717  0.667117  0.555204  0.682160  0.812663  0.585438  0.658491  0.613156  0.707024  0.336226  0.411867  0.611414  0.698651  0.787893  0.622700  0.505778  0.714662  0.707637  0.723720  0.691226  0.579746  0.470016  0.756525  0.588867  0.730725  0.728905 
3  0.701844  0.772490  0.779207 0.0  0.770068  0.685276  0.785205  0.803648  0.647923  0.499170  0.453185  0.598040  0.739860  0.758919  0.443821  0.638915  0.659403  0.741298  0.568019  0.612525  0.613672  0.615997  0.714877  0.604572  0.639065  0.393760  0.592483  0.678303  0.774269  0.731410  0.691257  0.793630  0.612799  0.765684  0.726596  0.533503  0.630949  0.735718  0.566029  0.546032  0.422147  0.523290  0.581359  0.581768  0.652332  0.648230  0.803046  0.472545  0.730940  0.542845  0.737215  0.747425  0.595220  0.520237  0.695044  0.674917  0.350647  0.507308  0.622560  0.586353  0.712643  0.630879  0.636607  0.743238  0.684975  0.592234  0.635619  0.552223  0.666298  0.675951  0.738027  0.590841  0.724854  0.557515  0.718704  0.660344  0.654400  0.754060  0.711862  0.730083  0.805420  0.606498  0.806849  0.690355  0.535678  0.627675  0.593757  0.618750  0.791202  0.583234  0.650233  0.601531  0.648782  0.703515  0.660848  0.589528  0.567694  0.638105  0.550279 
4  0.366657  0.515275  0.641218  0.770068 0.0  0.497944  0.674167  0.689696  0.270950  0.742354  0.634282  0.671399  0.617658  0.669598  0.578507  0.449180  0.470190  0.669769  0.677658  0.498035  0.496945  0.519447  0.603190  0.514870  0.546562  0.653066  0.216733  0.531125  0.607261  0.577266  0.687145  0.663949  0.717490  0.642341  0.607749  0.653869  0.525764  0.654994  0.738403  0.314720  0.666874  0.616909  0.740603  0.658926  0.363938  0.387522  0.626700  0.676546  0.607200  0.623875  0.470711  0.574077  0.391032  0.574490  0.575848  0.316059  0.587117  0.694588  0.373326  0.640525  0.667031  0.631657  0.694999  0.413642  0.524865  0.565627  0.622031  0.711920  0.307096  0.447370  0.595361  0.576117  0.511480  0.684733  0.433230  0.380411  0.473234  0.713216  0.475723  0.501384  0.764662  0.657892  0.568458  0.670205  0.396787  0.654240  0.724845  0.615793  0.491315  0.552158  0.402415  0.635419  0.375211  0.570928  0.451449  0.739446  0.489318  0.534622  0.522598 
5  0.440325  0.546632  0.602461  0.685276  0.497944 0.0  0.705387  0.678237  0.308120  0.654729  0.602438  0.818189  0.634850  0.738328  0.599269  0.493245  0.217020  0.717151  0.694536  0.509666  0.582593  0.426435  0.613405  0.622571  0.536646  0.664730  0.276173  0.458330  0.488365  0.566353  0.556714  0.762301  0.651597  0.604858  0.638594  0.601367  0.394575  0.715064  0.753240  0.386736  0.740994  0.603933  0.693457  0.605674  0.458075  0.215353  0.721659  0.681526  0.501546  0.570904  0.459919  0.566726  0.420854  0.613472  0.674301  0.227497  0.675323  0.648169  0.507142  0.733406  0.589546  0.632860  0.775094  0.471580  0.580445  0.712701  0.637648  0.660937  0.408624  0.316416  0.743953  0.584175  0.584021  0.659601  0.441420  0.086349  0.540602  0.633635  0.348509  0.417204  0.674915  0.692935  0.546415  0.759058  0.021214  0.617070  0.758009  0.561358  0.646853  0.610862  0.108697  0.737993  0.433038  0.498314  0.505315  0.786835  0.520713  0.590331  0.445084 
6  0.680971  0.581066  0.555300  0.785205  0.674167  0.705387 0.0  0.241721  0.678503  0.860363  0.762092  0.742932  0.534087  0.465939  0.919614  0.674102  0.643566  0.698885  0.773228  0.720303  0.689926  0.649737  0.586934  0.697367  0.539636  0.726409  0.579155  0.698138  0.499443  0.640452  0.643467  0.511777  0.771870  0.523354  0.393413  0.739696  0.604882  0.512060  0.752833  0.635775  0.724820  0.728110  0.784982  0.741288  0.635381  0.710074  0.436002  0.732748  0.666212  0.802425  0.603662  0.753410  0.707928  0.699240  0.547761  0.476364  0.763927  0.735667  0.596080  0.665785  0.529238  0.585447  0.804208  0.656876  0.530575  0.659221  0.588095  0.831811  0.729376  0.645448  0.408315  0.667755  0.579693  0.678253  0.703338  0.703625  0.763402  0.831515  0.731521  0.666841  0.533894  0.820331  0.566757  0.516141  0.555331  0.787033  0.829464  0.617240  0.463770  0.718390  0.631088  0.733439  0.648654  0.708826  0.598807  0.730058  0.727986  0.690281  0.646964 
7  0.661620  0.596351  0.417501  0.803648  0.689696  0.678237  0.241721 0.0  0.730635  0.808155  0.702443  0.744036  0.557182  0.379903  0.758762  0.676580  0.608748  0.743819  0.675020  0.686872  0.809940  0.538252  0.609600  0.751761  0.569221  0.653603  0.714843  0.629385  0.600833  0.457099  0.545203  0.519484  0.742018  0.611831  0.446710  0.746223  0.550975  0.586439  0.703718  0.653471  0.835517  0.736792  0.779855  0.709656  0.634281  0.763511  0.362826  0.669137  0.526211  0.681470  0.619426  0.641928  0.584590  0.757128  0.662943  0.730545  0.778693  0.817169  0.637318  0.915465  0.548462  0.471429  0.728604  0.636395  0.535482  0.699544  0.502334  0.822797  0.621019  0.682177  0.381559  0.862529  0.631610  0.783458  0.621060  0.683935  0.783486  0.775831  0.680320  0.655987  0.593399  0.715090  0.612122  0.475688  0.588010  0.695363  0.706245  0.802492  0.362531  0.782341  0.751694  0.762919  0.637085  0.585549  0.639230  0.824010  0.676342  0.712879  0.692444 
8  0.454613  0.527851  0.709940  0.647923  0.270950  0.308120  0.678503  0.730635 0.0  0.671927  0.681054  0.674503  0.610906  0.672214  0.782441  0.468659  0.472515  0.756837  0.747265  0.540817  0.526252  0.523222  0.678512  0.581307  0.559664  0.676073  0.283006  0.506754  0.680626  0.627337  0.613689  0.637731  0.759891  0.605379  0.628611  0.635035  0.581989  0.652145  0.633777  0.223806  0.742274  0.560339  0.727696  0.687443  0.378545  0.465694  0.628332  0.759831  0.584488  0.525006  0.621450  0.525294  0.423880  0.536449  0.658954  0.493851  0.672187  0.663457  0.404130  0.752696  0.691628  0.497791  0.665660  0.391601  0.615463  0.500603  0.722108  0.657070  0.450976  0.409446  0.637785  0.587838  0.606358  0.629341  0.474820  0.418383  0.449484  0.638267  0.525092  0.482783  0.688544  0.766025  0.624802  0.632044  0.362750  0.685223  0.719672  0.522928  0.607956  0.671724  0.421226  0.649411  0.239925  0.572917  0.420769  0.714992  0.469763  0.531613  0.537725 
9  0.768425  0.742716  0.696730  0.499170  0.742354  0.654729  0.860363  0.808155  0.671927 0.0  0.566037  0.569642  0.724528  0.757435  0.359577  0.653554  0.651542  0.587244  0.567528  0.612811  0.595742  0.780399  0.808518  0.576661  0.723724  0.472664  0.664382  0.828996  0.729839  0.795614  0.611737  0.786777  0.435330  0.770553  0.859893  0.497813  0.692262  0.742120  0.365654  0.590896  0.414929  0.685114  0.655357  0.740510  0.654748  0.652659  0.792157  0.425930  0.680867  0.722705  0.688698  0.672154  0.655590  0.569992  0.761696  0.692025  0.634312  0.418284  0.697784  0.636088  0.726753  0.740825  0.688301  0.727671  0.781905  0.534823  0.689924  0.539709  0.729271  0.719146  0.747554  0.611977  0.685124  0.573381  0.664436  0.663958  0.649126  0.709875  0.739708  0.662641  0.804836  0.469511  0.623029  0.766475  0.743044  0.725358  0.500565  0.613728  0.723524  0.720144  0.711254  0.607091  0.632591  0.739092  0.651782  0.572865  0.703659  0.595761  0.716865 
10  0.619911  0.697628  0.753625  0.453185  0.634282  0.602438  0.762092  0.702443  0.681054  0.566037 0.0  0.609334  0.669311  0.759127  0.475040  0.551639  0.653926  0.642002  0.633792  0.603439  0.510883  0.678810  0.758012  0.521571  0.774111  0.534450  0.667381  0.676619  0.668934  0.725965  0.753297  0.805203  0.547548  0.771159  0.681001  0.573533  0.694894  0.672558  0.620486  0.506669  0.470829  0.556288  0.600936  0.654912  0.517467  0.696649  0.792329  0.572357  0.764651  0.562643  0.648665  0.607248  0.676313  0.553855  0.691514  0.662507  0.411539  0.631827  0.634697  0.663677  0.647779  0.668085  0.712917  0.669345  0.665425  0.505730  0.734023  0.497895  0.639998  0.608701  0.720692  0.541735  0.623936  0.570058  0.663516  0.528047  0.547924  0.581403  0.661380  0.535465  0.724869  0.618933  0.723577  0.751556  0.694642  0.613959  0.516440  0.556030  0.789274  0.494550  0.599276  0.544703  0.595087  0.660872  0.631286  0.585777  0.548365  0.446741  0.631060 
11  0.580256  0.687148  0.656777  0.598040  0.671399  0.818189  0.742932  0.744036  0.674503  0.569642  0.609334 0.0  0.772297  0.749804  0.430842  0.652519  0.737256  0.679524  0.675752  0.626548  0.648406  0.710387  0.716063  0.559730  0.669434  0.598111  0.610559  0.773832  0.778467  0.663878  0.664445  0.763612  0.547905  0.672162  0.693391  0.394397  0.648886  0.794932  0.485743  0.616867  0.574503  0.533990  0.674527  0.573326  0.616751  0.718080  0.821479  0.491181  0.727396  0.488054  0.669478  0.645703  0.675718  0.613864  0.727372  0.663811  0.457021  0.644560  0.664944  0.529494  0.739291  0.751330  0.681937  0.676752  0.727087  0.430341  0.771830  0.440702  0.686969  0.699901  0.808801  0.458180  0.712528  0.592412  0.602855  0.680258  0.576235  0.564081  0.587089  0.551022  0.750541  0.466405  0.718175  0.767269  0.534357  0.531925  0.573702  0.618032  0.801535  0.490502  0.590283  0.653583  0.593665  0.903068  0.687413  0.589540  0.596797  0.541673  0.712766 
12  0.573067  0.475839  0.345768  0.739860  0.617658  0.634850  0.534087  0.557182  0.610906  0.724528  0.669311  0.772297 0.0  0.420842  0.737038  0.576144  0.556385  0.678268  0.721044  0.653325  0.749556  0.565054  0.383431  0.629969  0.434113  0.769843  0.641590  0.489963  0.491570  0.417592  0.359811  0.489515  0.725990  0.424075  0.509495  0.707027  0.601140  0.560391  0.650601  0.656993  0.770717  0.720815  0.773984  0.654143  0.625737  0.653476  0.578596  0.716784  0.491196  0.703106  0.565008  0.722663  0.525460  0.606310  0.437331  0.592635  0.705898  0.787239  0.668153  0.729350  0.453908  0.296878  0.805453  0.595914  0.535811  0.715894  0.470435  0.708002  0.609858  0.599204  0.551069  0.656415  0.573131  0.728907  0.500363  0.614507  0.738162  0.607857  0.666642  0.626545  0.511127  0.684597  0.402573  0.595257  0.620264  0.658643  0.756232  0.736469  0.424444  0.709827  0.687754  0.682854  0.613430  0.468663  0.617572  0.724817  0.636777  0.714325  0.699292 
13  0.651991  0.592207  0.493631  0.758919  0.669598  0.738328  0.465939  0.379903  0.672214  0.757435  0.759127  0.749804  0.420842 0.0  0.707907  0.636168  0.703454  0.682220  0.837410  0.757767  0.659390  0.605505  0.522964  0.722715  0.606179  0.710481  0.587581  0.596087  0.573547  0.493916  0.599326  0.462084  0.762780  0.561140  0.540131  0.800141  0.635038  0.420663  0.727555  0.705457  0.661016  0.684852  0.774795  0.772566  0.634833  0.666173  0.474363  0.722008  0.624891  0.773910  0.604769  0.707444  0.636652  0.810273  0.541790  0.728935  0.709826  0.622631  0.687679  0.687557  0.529155  0.573882  0.680654  0.559802  0.643102  0.706615  0.548755  0.756296  0.721916  0.690373  0.677939  0.735653  0.593298  0.788637  0.658198  0.660249  0.729302  0.779352  0.623376  0.668981  0.506624  0.715837  0.405006  0.550765  0.612256  0.865729  0.757857  0.731264  0.564475  0.747632  0.723649  0.739070  0.636347  0.675310  0.682887  0.796168  0.705628  0.702862  0.740381 
14  0.684684  0.747762  0.695566  0.443821  0.578507  0.599269  0.919614  0.758762  0.782441  0.359577  0.475040  0.430842  0.737038  0.707907 0.0  0.613288  0.687780  0.604667  0.545478  0.700334  0.629735  0.683938  0.584163  0.587441  0.715597  0.428127  0.727371  0.703845  0.629710  0.805542  0.683584  0.898914  0.504147  0.869765  0.751717  0.542082  0.708387  0.821930  0.496288  0.657044  0.555057  0.534332  0.673475  0.568463  0.636865  0.722047  0.690543  0.487268  0.622439  0.721248  0.750634  0.586606  0.682707  0.541656  0.599042  0.625401  0.321765  0.505448  0.684162  0.605792  0.746488  0.756510  0.589907  0.738069  0.636394  0.631267  0.699283  0.548687  0.651417  0.637506  0.695100  0.629531  0.759272  0.559839  0.712475  0.676601  0.674009  0.633290  0.698686  0.636237  0.683367  0.523276  0.781887  0.700314  0.727741  0.540822  0.693171  0.543290  0.768693  0.658427  0.727732  0.545394  0.500028  0.780497  0.604518  0.588930  0.610726  0.551962  0.636451 
15  0.568234  0.554622  0.586773  0.638915  0.449180  0.493245  0.674102  0.676580  0.468659  0.653554  0.551639  0.652519  0.576144  0.636168  0.613288 0.0  0.324523  0.753075  0.767405  0.586082  0.554004  0.556379  0.626686  0.561603  0.610108  0.574229  0.477745  0.632887  0.550837  0.609414  0.616807  0.664106  0.600229  0.552925  0.683703  0.700209  0.466005  0.767570  0.652350  0.374811  0.737541  0.520397  0.830441  0.575541  0.555553  0.412782  0.550764  0.712988  0.526235  0.625274  0.347213  0.517127  0.539674  0.558558  0.635217  0.429311  0.569054  0.743730  0.566878  0.744710  0.652264  0.638563  0.801625  0.459976  0.516878  0.646880  0.671312  0.680343  0.506446  0.461460  0.652117  0.558180  0.661236  0.709850  0.525340  0.440752  0.571038  0.683792  0.308725  0.328217  0.683845  0.702130  0.657489  0.670174  0.426481  0.644451  0.720076  0.543455  0.564558  0.510855  0.354513  0.656996  0.310093  0.652220  0.532710  0.768976  0.482259  0.665588  0.392421 
16  0.412574  0.564390  0.676720  0.659403  0.470190  0.217020  0.643566  0.608748  0.472515  0.651542  0.653926  0.737256  0.556385  0.703454  0.687780  0.324523 0.0  0.708170  0.668677  0.577741  0.593894  0.548168  0.651011  0.513231  0.628415  0.597881  0.256799  0.547215  0.522057  0.620934  0.597725  0.721005  0.735546  0.604470  0.713655  0.702459  0.517838  0.648951  0.737481  0.271349  0.745393  0.661548  0.744895  0.643962  0.458114  0.402866  0.787636  0.706479  0.475620  0.602416  0.449609  0.491590  0.636502  0.525609  0.553901  0.229711  0.734582  0.734300  0.510122  0.697312  0.680065  0.579933  0.618020  0.428549  0.545487  0.616749  0.726255  0.629945  0.493579  0.471413  0.721003  0.575359  0.544136  0.766079  0.504066  0.249370  0.587517  0.594927  0.251356  0.412601  0.733416  0.714040  0.602822  0.646772  0.213799  0.569379  0.767352  0.562495  0.702312  0.583433  0.311396  0.635807  0.418590  0.518049  0.532606  0.672268  0.508686  0.642573  0.390448 
17  0.661097  0.678529  0.805996  0.741298  0.669769  0.717151  0.698885  0.743819  0.756837  0.587244  0.642002  0.679524  0.678268  0.682220  0.604667  0.753075  0.708170 0.0  0.511221  0.632030  0.625043  0.753576  0.789548  0.698487  0.705967  0.556798  0.748803  0.795667  0.735545  0.740894  0.692918  0.837472  0.576905  0.780181  0.767994  0.594017  0.702991  0.703957  0.598486  0.740028  0.508025  0.704770  0.477255  0.654995  0.727407  0.822287  0.700059  0.541725  0.699714  0.560963  0.769999  0.591954  0.805094  0.648584  0.782904  0.722411  0.631131  0.636772  0.714541  0.685772  0.764239  0.767670  0.433911  0.779289  0.896979  0.736349  0.777395  0.733689  0.758508  0.706378  0.821577  0.772205  0.693422  0.612897  0.713169  0.727355  0.636573  0.765330  0.665707  0.749850  0.721351  0.649311  0.788193  0.860226  0.694254  0.681867  0.568382  0.657362  0.779814  0.631258  0.719794  0.613803  0.713154  0.764550  0.687098  0.394986  0.768737  0.666407  0.746275 
18  0.689475  0.789042  0.732005  0.568019  0.677658  0.694536  0.773228  0.675020  0.747265  0.567528  0.633792  0.675752  0.721044  0.837410  0.545478  0.767405  0.668677  0.511221 0.0  0.714994  0.604703  0.785369  0.782113  0.602445  0.852275  0.626856  0.751250  0.705878  0.762971  0.764287  0.751221  0.792316  0.569478  0.723539  0.790071  0.628271  0.768155  0.763024  0.481195  0.673991  0.463210  0.619102  0.694925  0.774595  0.686268  0.632695  0.826434  0.460422  0.837663  0.626170  0.810895  0.650277  0.667923  0.706697  0.838506  0.686615  0.671651  0.545755  0.744143  0.756483  0.761518  0.845020  0.579446  0.806656  0.772424  0.694663  0.750509  0.574158  0.696746  0.630343  0.714642  0.644918  0.789122  0.560011  0.670589  0.744538  0.675828  0.759355  0.754473  0.653108  0.788946  0.600157  0.829051  0.765212  0.746068  0.603001  0.389970  0.652329  0.809964  0.650970  0.668812  0.570375  0.643025  0.710658  0.834325  0.645714  0.695120  0.650181  0.701559 
19  0.485195  0.552141  0.696897  0.612525  0.498035  0.509666  0.720303  0.686872  0.540817  0.612811  0.603439  0.626548  0.653325  0.757767  0.700334  0.586082  0.577741  0.632030  0.714994 0.0  0.621326  0.631530  0.515225  0.509575  0.588996  0.660236  0.519724  0.585492  0.727040  0.777393  0.609398  0.666240  0.592015  0.626400  0.757510  0.639342  0.550696  0.747143  0.619778  0.557230  0.646574  0.685359  0.712289  0.676445  0.517306  0.535442  0.601598  0.718998  0.596999  0.586875  0.580712  0.470603  0.637164  0.463023  0.615427  0.559981  0.634492  0.634779  0.503007  0.690519  0.680414  0.667805  0.705227  0.503246  0.517547  0.596415  0.628122  0.756534  0.519162  0.536084  0.603604  0.515957  0.532028  0.690157  0.561074  0.577767  0.421782  0.730679  0.455316  0.597650  0.753217  0.635693  0.598517  0.663119  0.521745  0.655188  0.670541  0.552898  0.646927  0.625018  0.585406  0.543165  0.552424  0.477710  0.467549  0.624489  0.554447  0.570697  0.651141 
20  0.633646  0.652882  0.674782  0.613672  0.496945  0.582593  0.689926  0.809940  0.526252  0.595742  0.510883  0.648406  0.749556  0.659390  0.629735  0.554004  0.593894  0.625043  0.604703  0.621326 0.0  0.634946  0.704556  0.566278  0.684099  0.636035  0.619117  0.611629  0.709298  0.673057  0.623731  0.673811  0.615268  0.733557  0.756676  0.577669  0.703143  0.729387  0.582693  0.511632  0.703389  0.399102  0.681204  0.614311  0.585182  0.617442  0.775649  0.575310  0.728895  0.594102  0.719764  0.582813  0.602788  0.555552  0.722010  0.645390  0.479750  0.670319  0.708311  0.572978  0.720086  0.677639  0.763856  0.744708  0.613562  0.362431  0.568407  0.559121  0.655395  0.557077  0.804227  0.427544  0.715817  0.711171  0.509349  0.572185  0.581675  0.587392  0.644473  0.525534  0.665641  0.579103  0.671642  0.795819  0.611585  0.679417  0.637073  0.306303  0.734366  0.551281  0.586208  0.638992  0.515073  0.634785  0.519287  0.649296  0.472425  0.539904  0.428166 
21  0.427465  0.394463  0.584996  0.615997  0.519447  0.426435  0.649737  0.538252  0.523222  0.780399  0.678810  0.710387  0.565054  0.605505  0.683938  0.556379  0.548168  0.753576  0.785369  0.631530  0.634946 0.0  0.618989  0.692409  0.493184  0.626809  0.487604  0.304822  0.495798  0.624136  0.608831  0.699442  0.778760  0.464288  0.727125  0.703985  0.523873  0.675833  0.738435  0.548280  0.771601  0.696802  0.762114  0.727120  0.624453  0.401465  0.597110  0.744228  0.355720  0.632123  0.575154  0.624318  0.396561  0.622916  0.461544  0.465727  0.660208  0.683255  0.470438  0.771077  0.481904  0.512595  0.723500  0.523919  0.471065  0.618680  0.580672  0.765817  0.454202  0.421078  0.501627  0.599734  0.381565  0.755372  0.375169  0.546626  0.547567  0.704245  0.525006  0.550631  0.628652  0.725550  0.583185  0.588227  0.543959  0.737585  0.786452  0.559713  0.566149  0.717651  0.483468  0.713598  0.605699  0.432449  0.366440  0.724926  0.645694  0.672902  0.761870 
22  0.555284  0.450628  0.588101  0.714877  0.603190  0.613405  0.586934  0.609600  0.678512  0.808518  0.758012  0.716063  0.383431  0.522964  0.584163  0.626686  0.651011  0.789548  0.782113  0.515225  0.704556  0.618989 0.0  0.751412  0.481319  0.714638  0.555058  0.480712  0.510051  0.360547  0.411311  0.609873  0.721397  0.435802  0.538815  0.622046  0.430560  0.633538  0.885788  0.634382  0.730882  0.666580  0.733830  0.686139  0.701171  0.554930  0.564979  0.739977  0.391964  0.643812  0.555990  0.691050  0.565257  0.684215  0.400525  0.622062  0.677433  0.770732  0.589462  0.660418  0.525970  0.451228  0.764316  0.529504  0.463586  0.738782  0.635192  0.748261  0.584221  0.573177  0.512851  0.722166  0.510901  0.749753  0.560141  0.575407  0.712894  0.641044  0.578872  0.684431  0.649805  0.735686  0.346387  0.608016  0.565217  0.720579  0.763181  0.658341  0.567193  0.624239  0.656005  0.810100  0.704501  0.467458  0.509429  0.771613  0.677763  0.630440  0.634905 
23  0.486085  0.683365  0.660646  0.604572  0.514870  0.622571  0.697367  0.751761  0.581307  0.576661  0.521571  0.559730  0.629969  0.722715  0.587441  0.561603  0.513231  0.698487  0.602445  0.509575  0.566278  0.692409  0.751412 0.0  0.679010  0.585875  0.658336  0.585400  0.649315  0.793544  0.655379  0.707591  0.581449  0.700933  0.767327  0.579919  0.675778  0.819097  0.695788  0.595114  0.737098  0.421276  0.705183  0.674441  0.562778  0.618248  0.652013  0.643352  0.732197  0.580830  0.662798  0.424686  0.569304  0.375372  0.675920  0.579644  0.486447  0.598914  0.533389  0.655033  0.648812  0.690288  0.723105  0.477928  0.612891  0.464797  0.722846  0.658444  0.583273  0.647353  0.607180  0.568312  0.717260  0.577240  0.726070  0.548407  0.529232  0.631181  0.503464  0.577474  0.764609  0.646324  0.632698  0.600146  0.571430  0.519316  0.677207  0.431960  0.642775  0.570512  0.582142  0.599358  0.538036  0.592232  0.644647  0.597095  0.511995  0.421589  0.583673 
24  0.605991  0.431124  0.563196  0.639065  0.546562  0.536646  0.539636  0.569221  0.559664  0.723724  0.774111  0.669434  0.434113  0.606179  0.715597  0.610108  0.628415  0.705967  0.852275  0.588996  0.684099  0.493184  0.481319  0.679010 0.0  0.826116  0.574088  0.615256  0.505361  0.490152  0.415988  0.630344  0.709815  0.515943  0.452137  0.652481  0.542097  0.538515  0.677488  0.705331  0.732001  0.693051  0.775802  0.771352  0.664029  0.576997  0.456376  0.779997  0.574505  0.657143  0.565519  0.736096  0.547187  0.684277  0.540562  0.618233  0.697729  0.821729  0.487438  0.827469  0.292165  0.468213  0.827594  0.516040  0.408406  0.651123  0.295577  0.852131  0.548794  0.554135  0.313809  0.720974  0.498574  0.720694  0.506925  0.655379  0.624507  0.758661  0.593222  0.605229  0.631418  0.733365  0.460311  0.589506  0.595821  0.700424  0.800270  0.636222  0.476311  0.702710  0.578814  0.708747  0.603291  0.443225  0.534064  0.736508  0.632480  0.626796  0.647458 
25  0.693754  0.749790  0.814816  0.393760  0.653066  0.664730  0.726409  0.653603  0.676073  0.472664  0.534450  0.598111  0.769843  0.710481  0.428127  0.574229  0.597881  0.556798  0.626856  0.660236  0.636035  0.626809  0.714638  0.585875  0.826116 0.0  0.680636  0.626389  0.637014  0.717508  0.820689  0.667513  0.530479  0.835639  0.765261  0.527026  0.706409  0.749779  0.555717  0.597959  0.426368  0.551908  0.582649  0.677317  0.652653  0.685969  0.673956  0.445662  0.773134  0.663660  0.654571  0.606274  0.605223  0.661716  0.839951  0.703932  0.505754  0.572646  0.711888  0.677793  0.755618  0.686792  0.666946  0.791575  0.683027  0.625679  0.725317  0.563051  0.667098  0.638397  0.705645  0.419204  0.779758  0.418285  0.651396  0.626419  0.637343  0.565989  0.625316  0.662322  0.693634  0.560690  0.759974  0.742169  0.742227  0.625060  0.636811  0.648596  0.756528  0.668514  0.607202  0.508505  0.710756  0.736742  0.738659  0.556637  0.697480  0.644205  0.557737 
26  0.246830  0.664511  0.614257  0.592483  0.216733  0.276173  0.579155  0.714843  0.283006  0.664382  0.667381  0.610559  0.641590  0.587581  0.727371  0.477745  0.256799  0.748803  0.751250  0.519724  0.619117  0.487604  0.555058  0.658336  0.574088  0.680636 0.0  0.515733  0.566420  0.583857  0.603746  0.669488  0.761248  0.609697  0.698152  0.740408  0.529986  0.725218  0.786109  0.251306  0.771790  0.539809  0.708999  0.605519  0.456880  0.381950  0.682266  0.635826  0.431202  0.552427  0.444258  0.615134  0.493982  0.500837  0.627011  0.356236  0.645255  0.678859  0.397531  0.680717  0.591163  0.600251  0.727041  0.343223  0.609208  0.566182  0.687772  0.617890  0.380264  0.429695  0.606371  0.665608  0.653913  0.672836  0.504619  0.304185  0.439419  0.625512  0.451355  0.443249  0.748573  0.840739  0.545210  0.645707  0.312697  0.651106  0.735931  0.593998  0.589812  0.676684  0.446513  0.600268  0.440899  0.565782  0.378315  0.710726  0.621019  0.619950  0.537694 
27  0.517880  0.353859  0.661667  0.678303  0.531125  0.458330  0.698138  0.629385  0.506754  0.828996  0.676619  0.773832  0.489963  0.596087  0.703845  0.632887  0.547215  0.795667  0.705878  0.585492  0.611629  0.304822  0.480712  0.585400  0.615256  0.626389  0.515733 0.0  0.431750  0.548868  0.481807  0.649058  0.737563  0.432913  0.618785  0.644699  0.248369  0.631356  0.661592  0.443215  0.744699  0.594061  0.710950  0.593448  0.603411  0.507041  0.599787  0.811013  0.320036  0.708536  0.377385  0.674074  0.355831  0.672974  0.383373  0.535492  0.713721  0.678543  0.505955  0.702887  0.521342  0.515624  0.819474  0.531413  0.512688  0.634446  0.507495  0.776160  0.525150  0.420576  0.571771  0.652120  0.413609  0.703090  0.508972  0.471369  0.621633  0.665841  0.511712  0.623287  0.685796  0.745449  0.535674  0.640562  0.537992  0.706997  0.790686  0.598530  0.627659  0.648146  0.499648  0.677076  0.534128  0.404452  0.257081  0.708449  0.558860  0.636035  0.552800 
28  0.589278  0.268336  0.515499  0.774269  0.607261  0.488365  0.499443  0.600833  0.680626  0.729839  0.668934  0.778467  0.491570  0.573547  0.629710  0.550837  0.522057  0.735545  0.762971  0.727040  0.709298  0.495798  0.510051  0.649315  0.505361  0.637014  0.566420  0.431750 0.0  0.403114  0.419817  0.676326  0.896385  0.287297  0.600969  0.646468  0.503378  0.564900  0.708676  0.683294  0.755721  0.698284  0.784481  0.765834  0.678637  0.615154  0.595335  0.739995  0.409161  0.711254  0.610133  0.611453  0.496033  0.680487  0.372000  0.570350  0.692866  0.773237  0.567708  0.755247  0.474518  0.386564  0.712879  0.496048  0.308479  0.798081  0.546098  0.779792  0.574930  0.535234  0.585348  0.660655  0.368286  0.826516  0.568220  0.599651  0.622497  0.788197  0.480824  0.672796  0.650078  0.764149  0.460827  0.602684  0.502680  0.736304  0.867407  0.612429  0.493963  0.675121  0.569666  0.684072  0.501209  0.249453  0.528267  0.767214  0.640763  0.619570  0.536777 
29  0.610003  0.425542  0.477441  0.731410  0.577266  0.566353  0.640452  0.457099  0.627337  0.795614  0.725965  0.663878  0.417592  0.493916  0.805542  0.609414  0.620934  0.740894  0.764287  0.777393  0.673057  0.624136  0.360547  0.793544  0.490152  0.717508  0.583857  0.548868  0.403114 0.0  0.411097  0.640369  0.706005  0.438734  0.578731  0.678990  0.577445  0.619348  0.670674  0.619462  0.778560  0.751016  0.743433  0.728263  0.651073  0.617370  0.662231  0.792251  0.396664  0.726065  0.584446  0.667581  0.587614  0.698574  0.419888  0.559159  0.780264  0.722858  0.602030  0.785862  0.554698  0.345363  0.831704  0.582435  0.591597  0.693695  0.585204  0.678218  0.627309  0.539622  0.521268  0.679396  0.535359  0.734088  0.655752  0.619068  0.662523  0.657344  0.562479  0.517501  0.670342  0.726706  0.309545  0.529059  0.688091  0.727628  0.781168  0.721767  0.483729  0.871620  0.659266  0.738899  0.627846  0.561513  0.571177  0.690954  0.599033  0.721316  0.621397 
30  0.604788  0.481240  0.555878  0.691257  0.687145  0.556714  0.643467  0.545203  0.613689  0.611737  0.753297  0.664445  0.359811  0.599326  0.683584  0.616807  0.597725  0.692918  0.751221  0.609398  0.623731  0.608831  0.411311  0.655379  0.415988  0.820689  0.603746  0.481807  0.419817  0.411097 0.0  0.591913  0.699907  0.277063  0.429455  0.598516  0.514675  0.563161  0.710821  0.642725  0.650524  0.687064  0.752642  0.837842  0.546419  0.619321  0.569687  0.813034  0.383489  0.629225  0.563558  0.591568  0.675435  0.542579  0.279407  0.614924  0.767365  0.729384  0.609111  0.691060  0.464890  0.108292  0.721548  0.543037  0.461195  0.762631  0.455497  0.731149  0.544110  0.649334  0.519113  0.713218  0.584430  0.752635  0.592054  0.620227  0.718948  0.695527  0.591077  0.640997  0.578905  0.715016  0.433556  0.590643  0.635454  0.711428  0.768450  0.870325  0.520332  0.723374  0.568629  0.709989  0.687048  0.508571  0.579140  0.804202  0.648338  0.736693  0.706350 
31  0.687212  0.645491  0.488633  0.793630  0.663949  0.762301  0.511777  0.519484  0.637731  0.786777  0.805203  0.763612  0.489515  0.462084  0.898914  0.664106  0.721005  0.837472  0.792316  0.666240  0.673811  0.699442  0.609873  0.707591  0.630344  0.667513  0.669488  0.649058  0.676326  0.640369  0.591913 0.0  0.812734  0.679330  0.410789  0.762161  0.625761  0.422672  0.907084  0.704428  0.755676  0.700275  0.890362  0.755656  0.735058  0.757660  0.559827  0.788784  0.638340  0.740435  0.698612  0.756644  0.674043  0.720169  0.744756  0.669264  0.746278  0.737075  0.781805  0.788255  0.600340  0.593368  0.819151  0.640560  0.627577  0.721621  0.596412  0.684767  0.666249  0.737023  0.528435  0.708833  0.582089  0.815177  0.669457  0.704418  0.774832  0.842965  0.692225  0.762216  0.243939  0.714298  0.524068  0.156879  0.768406  0.803626  0.772121  0.769655  0.565631  0.674520  0.658442  0.701943  0.755856  0.671763  0.628251  0.772478  0.751600  0.709858  0.749325 
32  0.751517  0.598263  1.000000  0.612799  0.717490  0.651597  0.771870  0.742018  0.759891  0.435330  0.547548  0.547905  0.725990  0.762780  0.504147  0.600229  0.735546  0.576905  0.569478  0.592015  0.615268  0.778760  0.721397  0.581449  0.709815  0.530479  0.761248  0.737563  0.896385  0.706005  0.699907  0.812734 0.0  0.815034  0.874932  0.570063  0.744876  0.837826  0.529862  0.628663  0.332474  0.543847  0.665927  0.585819  0.640139  0.696993  0.772777  0.361748  0.745975  0.634506  0.782572  0.554389  0.641837  0.600760  0.771676  0.657307  0.551413  0.417394  0.771129  0.687473  0.792162  0.807178  0.671175  0.576838  0.794262  0.661805  0.780842  0.442130  0.651875  0.719833  0.806187  0.604188  0.724174  0.520967  0.730555  0.723203  0.746929  0.636241  0.717434  0.566960  0.785293  0.571514  0.753353  0.780725  0.787841  0.750510  0.518434  0.630576  0.715065  0.558045  0.659803  0.553264  0.770353  0.848036  0.809782  0.595901  0.619447  0.632122  0.695408 
33  0.535927  0.407866  0.474273  0.765684  0.642341  0.604858  0.523354  0.611831  0.605379  0.770553  0.771159  0.672162  0.424075  0.561140  0.869765  0.552925  0.604470  0.780181  0.723539  0.626400  0.733557  0.464288  0.435802  0.700933  0.515943  0.835639  0.609697  0.432913  0.287297  0.438734  0.277063  0.679330  0.815034 0.0  0.611202  0.738441  0.453672  0.655258  0.722858  0.705093  0.796643  0.706850  0.701337  0.749050  0.643336  0.516745  0.470075  0.786837  0.400548  0.636570  0.471644  0.668595  0.490996  0.672304  0.185418  0.545042  0.700425  0.716142  0.553865  0.726816  0.452617  0.364658  0.768502  0.566216  0.410530  0.711331  0.543094  0.785991  0.554425  0.564817  0.620129  0.676259  0.414425  0.740002  0.534748  0.609399  0.638103  0.655138  0.517306  0.736394  0.630234  0.754013  0.454717  0.660369  0.591161  0.673537  0.693109  0.711570  0.495133  0.660053  0.595423  0.734841  0.542137  0.392357  0.472213  0.624021  0.639462  0.632381  0.603633 
34  0.673529  0.564807  0.515345  0.726596  0.607749  0.638594  0.393413  0.446710  0.628611  0.859893  0.681001  0.693391  0.509495  0.540131  0.751717  0.683703  0.713655  0.767994  0.790071  0.757510  0.756676  0.727125  0.538815  0.767327  0.452137  0.765261  0.698152  0.618785  0.600969  0.578731  0.429455  0.410789  0.874932  0.611202 0.0  0.726985  0.608790  0.467928  0.811256  0.725220  0.799210  0.695838  0.825997  0.676991  0.718976  0.581441  0.406152  0.894894  0.621915  0.785714  0.696389  0.744460  0.620159  0.652503  0.575250  0.566405  0.674063  0.780890  0.608750  0.731741  0.540929  0.589679  0.737403  0.660032  0.605158  0.693645  0.569333  0.784879  0.627662  0.644111  0.520516  0.822421  0.585650  0.733765  0.635523  0.678452  0.725303  0.747093  0.691969  0.625309  0.580133  0.771081  0.533475  0.474306  0.718934  0.734264  0.607461  0.798869  0.509257  0.712790  0.597216  0.707546  0.728195  0.639515  0.604051  0.717962  0.799983  0.653498  0.680229 
35  0.657237  0.614954  0.683519  0.533503  0.653869  0.601367  0.739696  0.746223  0.635035  0.497813  0.573533  0.394397  0.707027  0.800141  0.542082  0.700209  0.702459  0.594017  0.628271  0.639342  0.577669  0.703985  0.622046  0.579919  0.652481  0.527026  0.740408  0.644699  0.646468  0.678990  0.598516  0.762161  0.570063  0.738441  0.726985 0.0  0.728039  0.793866  0.503295  0.665668  0.422821  0.528198  0.669115  0.553406  0.566197  0.607842  0.789227  0.683760  0.700865  0.621742  0.701643  0.673968  0.701568  0.569243  0.776018  0.660446  0.482494  0.634252  0.706449  0.647278  0.620868  0.734752  0.725901  0.710271  0.702302  0.520073  0.616772  0.560561  0.698726  0.555770  0.765842  0.451386  0.702847  0.607233  0.741485  0.655257  0.571282  0.560654  0.615104  0.608265  0.696243  0.585112  0.704095  0.805960  0.546487  0.566524  0.601915  0.478277  0.770285  0.325148  0.630637  0.621623  0.557737  0.650255  0.666516  0.588240  0.568893  0.611867  0.559052 
36  0.489197  0.331248  0.589163  0.630949  0.525764  0.394575  0.604882  0.550975  0.581989  0.692262  0.694894  0.648886  0.601140  0.635038  0.708387  0.466005  0.517838  0.702991  0.768155  0.550696  0.703143  0.523873  0.430560  0.675778  0.542097  0.706409  0.529986  0.248369  0.503378  0.577445  0.514675  0.625761  0.744876  0.453672  0.608790  0.728039 0.0  0.683996  0.753048  0.550325  0.775184  0.574246  0.708479  0.732549  0.627668  0.428460  0.622555  0.685846  0.377294  0.590169  0.519809  0.663781  0.433129  0.520624  0.480855  0.455332  0.660827  0.753684  0.476495  0.711496  0.635082  0.515431  0.743335  0.610532  0.486797  0.646104  0.595272  0.663590  0.597372  0.500311  0.668062  0.710574  0.591449  0.776169  0.697550  0.548034  0.632806  0.633083  0.456270  0.568966  0.814137  0.792486  0.571401  0.697262  0.529882  0.752609  0.755436  0.574680  0.581514  0.706085  0.486249  0.740585  0.559487  0.567660  0.373897  0.682780  0.637473  0.563021  0.564353 
37  0.631273  0.644604  0.461801  0.735718  0.654994  0.715064  0.512060  0.586439  0.652145  0.742120  0.672558  0.794932  0.560391  0.420663  0.821930  0.767570  0.648951  0.703957  0.763024  0.747143  0.729387  0.675833  0.633538  0.819097  0.538515  0.749779  0.725218  0.631356  0.564900  0.619348  0.563161  0.422672  0.837826  0.655258  0.467928  0.793866  0.683996 0.0  0.720369  0.689774  0.775398  0.706305  0.835323  0.775427  0.649253  0.643243  0.576485  0.794189  0.665940  0.717644  0.612113  0.769596  0.687694  0.753232  0.544247  0.656295  0.729269  0.841524  0.611575  0.722828  0.547290  0.560599  0.760263  0.706206  0.660917  0.715976  0.617625  0.735650  0.594371  0.651021  0.594528  0.745663  0.565009  0.813081  0.710377  0.703140  0.903216  0.725453  0.732107  0.700104  0.318816  0.741270  0.486192  0.463512  0.700453  0.764191  0.769686  0.759040  0.666943  0.661570  0.734870  0.785847  0.735747  0.657919  0.713681  0.813882  0.654378  0.690270  0.767430 
38  0.748611  0.776523  0.700798  0.566029  0.738403  0.753240  0.752833  0.703718  0.633777  0.365654  0.620486  0.485743  0.650601  0.727555  0.496288  0.652350  0.737481  0.598486  0.481195  0.619778  0.582693  0.738435  0.885788  0.695788  0.677488  0.555717  0.786109  0.661592  0.708676  0.670674  0.710821  0.907084  0.529862  0.722858  0.811256  0.503295  0.753048  0.720369 0.0  0.634071  0.377848  0.657011  0.714781  0.679183  0.751398  0.637514  0.805508  0.472376  0.703913  0.744470  0.729634  0.655972  0.679575  0.629021  0.739926  0.562639  0.438905  0.529803  0.790264  0.568780  0.752082  0.798579  0.641784  0.733318  0.769385  0.617120  0.650841  0.407513  0.718981  0.610592  0.662274  0.650692  0.745807  0.651704  0.748866  0.732045  0.726342  0.680141  0.680861  0.720842  0.842636  0.245441  0.725889  0.785615  0.651452  0.616449  0.604748  0.725682  0.818410  0.681578  0.644090  0.596455  0.592740  0.882601  0.761548  0.670850  0.678434  0.743969  0.603779 
39  0.388615  0.570243  0.598007  0.546032  0.314720  0.386736  0.635775  0.653471  0.223806  0.590896  0.506669  0.616867  0.656993  0.705457  0.657044  0.374811  0.271349  0.740028  0.673991  0.557230  0.511632  0.548280  0.634382  0.595114  0.705331  0.597959  0.251306  0.443215  0.683294  0.619462  0.642725  0.704428  0.628663  0.705093  0.725220  0.665668  0.550325  0.689774  0.634071 0.0  0.754736  0.593312  0.801768  0.611481  0.277401  0.389174  0.699453  0.752316  0.578233  0.631096  0.338168  0.447728  0.412049  0.481329  0.574397  0.366468  0.642207  0.682946  0.449239  0.656588  0.541694  0.664474  0.626079  0.514254  0.655408  0.524822  0.585496  0.751986  0.420960  0.459874  0.632626  0.598732  0.606049  0.650963  0.368940  0.219878  0.468974  0.699466  0.380935  0.430207  0.696235  0.656080  0.643932  0.704182  0.264111  0.635057  0.733643  0.524625  0.694553  0.649881  0.336580  0.603797  0.319991  0.509111  0.510145  0.776947  0.595530  0.551052  0.486767 
