99
0 0.0  0.798793  0.915166  0.785014  0.692051  0.589219  0.602322  0.765716  0.731621  0.747649  0.666902  0.698248  0.749098  0.612068  0.783550  0.724967  0.769312  0.797888  0.725152  0.620680  0.767664  0.580072  0.737971  0.648728  0.705509  0.675999  0.700334  0.715210  0.911161  0.645291  0.579381  0.694815  0.704998  0.794101  0.723376  0.773721  0.671689  0.781655  0.796128  0.730859  0.697167  0.840322  0.484248  0.655774  0.796192  0.740640  0.741343  0.800613  0.576026  0.884349  0.404200  0.729087  0.656458  0.650738  0.594438  0.598384  0.764194  0.676221  0.586027  0.654037  0.808822  0.672198  0.704080  0.433828  0.682595  0.720666  0.655582  0.726320  0.729353  0.670970  0.694206  0.815278  0.667470  0.797845  0.592555  0.604894  0.723318  0.560928  0.658715  0.913069  0.834478  0.467584  0.668380  0.796381  0.788050  0.369717  0.847689  0.475005  0.673166  0.715858  0.800913  0.606145  0.668208  0.777192  0.729791  0.722290  0.767853  0.558236  0.647282 
1  0.798793 0.0  0.388372  0.792243  0.927777  0.695697  0.795658  0.677361  0.837189  0.919199  0.817539  0.841342  0.498118  0.826000  0.781890  0.745272  0.730079  0.697519  0.806086  0.817808  0.668354  0.770303  0.688972  0.736854  0.760831  0.697002  0.868793  0.704749  0.467794  0.751174  0.794201  0.824506  0.852867  0.514655  0.763804  0.699578  0.827408  0.931252  0.324051  0.838723  0.869609  0.525379  0.838639  0.807065  0.790303  0.732589  0.772321  0.609370  0.766910  0.620559  0.795585  0.688497  0.744241  0.756708  0.806136  0.816696  0.663845  0.813245  0.952093  0.853423  0.604044  0.769209  0.848983  0.836450  0.732681  0.699255  0.871095  0.794036  0.582970  0.783523  0.768977  0.886501  0.726777  0.559262  0.770801  0.746321  0.849206  0.895417  0.755196  0.739097  0.760462  0.893858  0.778149  0.792710  0.662837  0.894615  0.593396  0.756497  0.712609  0.792687  0.724314  0.874807  0.709401  0.743397  0.693205  0.711950  0.723399  0.786487  0.800869 
2  0.915166  0.388372 0.0  0.918483  0.774235  0.771192  0.831392  0.579866  0.780198  0.870749  0.725909  0.759245  0.651304  0.847017  0.828778  0.791019  0.727739  0.634658  0.725216  0.974185  0.671256  0.748333  0.750774  0.826368  0.672808  0.703103  0.757266  0.802366  0.505952  0.763914  0.750767  0.765785  0.871233  0.590946  0.694984  0.660048  0.865076  0.918129  0.280083  0.756114  0.736689  0.590647  0.856652  0.702650  0.852919  0.731967  0.720430  0.687482  0.779403  0.604372  0.866264  0.771905  0.823140  0.920687  0.860497  0.725719  0.680234  0.788347  0.813261  0.791166  0.614782  0.802220  0.755582  0.860831  0.591667  0.742451  0.882400  0.848508  0.534388  0.807552  0.819755  0.877079  0.769159  0.705771  0.910344  0.872953  0.877550  0.872188  0.869106  0.679639  0.612757  0.922671  0.748476  0.645715  0.761473  0.846173  0.568069  0.853010  0.652855  0.722648  0.722576  0.831975  0.755799  0.564454  0.823652  0.779370  0.822988  0.985729  0.842067 
3  0.785014  0.792243  0.918483 0.0  0.866827  0.762818  0.737652  0.743751  0.808257  0.476780  0.752006  0.730662  0.954544  0.752507  0.675899  0.946803  0.690636  0.876999  0.822932  0.668911  0.686677  0.767265  0.876809  0.783539  0.732834  0.901702  0.778722  0.600440  0.791318  0.735806  0.725328  0.787916  0.594409  0.844830  0.775352  0.878938  0.675936  0.457526  0.774063  0.681755  0.746405  0.937993  0.684699  0.871636  0.680766  0.846926  0.761073  0.831301  0.754411  0.797524  0.748374  0.954982  0.801835  0.707835  0.758485  0.760865  0.843304  0.788207  0.711406  0.651663  0.746271  0.712126  0.857104  0.638595  1.000000  0.808333  0.628804  0.680664  0.815009  0.833659  0.923315  0.587171  0.810114  0.736485  0.816253  0.878545  0.747191  0.756694  0.730691  0.898969  0.849750  0.768438  0.790761  0.813891  0.823320  0.736813  0.766614  0.743626  0.752287  0.855407  0.764572  0.763326  0.742355  0.921363  0.535541  0.800673  0.974195  0.732921  0.803409 
4  0.692051  0.927777  0.774235  0.866827 0.0  0.787479  0.532410  0.801538  0.870076  0.794028  0.716778  0.720197  0.801701  0.680068  0.714775  0.755132  0.789391  0.760676  0.692254  0.634914  0.752804  0.632317  0.679779  0.656620  0.825042  0.746199  0.627328  0.810086  0.771229  0.821568  0.618607  0.615935  0.746712  0.802968  0.634560  0.796433  0.711861  0.831437  0.792788  0.665677  0.637094  0.766869  0.653835  0.656130  0.765402  0.758995  0.707042  0.793361  0.746250  0.843219  0.706411  0.737414  0.745915  0.729614  0.568334  0.636563  0.902224  0.684055  0.738527  0.627186  0.853843  0.707918  0.708794  0.719038  0.813369  0.762718  0.774726  0.724067  0.681997  0.418896  0.847371  0.756450  0.723109  0.759115  0.585952  0.696390  0.129131  0.653190  0.615135  0.630349  0.768210  0.749600  0.706972  0.756118  0.671904  0.588750  0.826891  0.606912  0.686414  0.715891  0.759547  0.625900  0.658015  0.713857  0.811521  0.783715  0.695313  0.681848  0.706116 
5  0.589219  0.695697  0.771192  0.762818  0.787479 0.0  0.569932  0.661156  0.771446  0.821446  0.668334  0.548433  0.725507  0.628303  0.616277  0.470005  0.581100  0.609101  0.280244  0.763952  0.719163  0.664343  0.465306  0.607386  0.430797  0.569188  0.450140  0.860744  0.800611  0.792251  0.660496  0.481141  0.771869  0.826747  0.549564  0.595825  0.723313  0.751150  0.846612  0.524240  0.700096  0.746928  0.712017  0.430928  0.658436  0.434401  0.330174  0.614316  0.549667  0.706671  0.665914  0.381698  0.571250  0.794008  0.649627  0.520697  0.627515  0.430130  0.662010  0.583684  0.717337  0.686385  0.312501  0.804371  0.607487  0.573937  0.821375  0.788056  0.728208  0.732064  0.526258  0.705390  0.567872  0.699042  0.644376  0.490781  0.755862  0.659876  0.792331  0.569661  0.584424  0.805037  0.477625  0.626087  0.476285  0.818688  0.731012  0.587200  0.468922  0.688160  0.730636  0.814262  0.635067  0.687516  0.974983  0.443906  0.584068  0.869265  0.716249 
6  0.602322  0.795658  0.831392  0.737652  0.532410  0.569932 0.0  0.667977  0.760692  0.752078  0.553631  0.634045  0.736363  0.602764  0.709017  0.722426  0.657795  0.645289  0.645422  0.641115  0.851382  0.487034  0.627525  0.489049  0.632966  0.737132  0.595170  0.833747  0.780997  0.775956  0.433431  0.655552  0.669924  0.778742  0.615767  0.795012  0.720198  0.759527  0.842581  0.537854  0.511462  0.715814  0.679423  0.647194  0.652205  0.782831  0.629414  0.790673  0.657212  0.850835  0.682104  0.642305  0.676764  0.732798  0.528691  0.651586  0.782275  0.581453  0.766667  0.495509  0.847128  0.564224  0.805510  0.690562  0.768914  0.666929  0.747013  0.750454  0.820597  0.705021  0.808163  0.775286  0.652149  0.842320  0.508827  0.635852  0.627449  0.703195  0.627757  0.789183  0.729831  0.706929  0.546567  0.787039  0.604747  0.618412  0.899598  0.587994  0.630520  0.593292  0.699295  0.667072  0.737176  0.765396  0.709789  0.721090  0.552611  0.711155  0.729566 
7  0.765716  0.677361  0.579866  0.743751  0.801538  0.661156  0.667977 0.0  0.843939  0.738580  0.732305  0.596267  0.450622  0.743406  0.824872  0.750679  0.664091  0.514632  0.580732  0.799523  0.336941  0.857590  0.685274  0.787697  0.636302  0.602431  0.661761  0.770883  0.665623  0.782584  0.753874  0.809985  0.758124  0.632331  0.643784  0.391364  0.832201  0.850704  0.684303  0.724550  0.718239  0.554402  0.762416  0.673078  0.810442  0.627750  0.556135  0.475989  0.709201  0.539922  0.718974  0.690993  0.805803  0.804647  0.791004  0.736437  0.435722  0.788651  0.776442  0.710696  0.591503  0.683503  0.666692  0.823110  0.546558  0.539911  0.764598  0.803862  0.539114  0.873536  0.514592  0.934129  0.733681  0.555739  0.781285  0.649538  0.766602  0.755290  0.802320  0.533343  0.527687  0.805159  0.710403  0.637791  0.737465  0.930270  0.630521  0.710686  0.591019  0.699199  0.375673  0.795303  0.628490  0.538055  0.817270  0.606841  0.718566  0.758030  0.782188 
8  0.731621  0.837189  0.780198  0.808257  0.870076  0.771446  0.760692  0.843939 0.0  0.688782  0.585880  0.744191  0.825118  0.708827  0.590275  0.712067  0.764734  0.777461  0.590906  0.739675  0.789626  0.635096  0.658007  0.629062  0.719279  0.784084  0.689957  0.725207  0.697207  0.496333  0.699459  0.708523  0.656350  0.806858  0.707461  0.792198  0.642974  0.770954  0.818608  0.779731  0.626377  0.836846  0.657205  0.799163  0.623484  0.728625  0.782100  0.862801  0.791262  0.801473  0.652843  0.732970  0.661753  0.414562  0.729992  0.688928  0.823794  0.697412  0.721138  0.737704  0.827385  0.661197  0.753226  0.814604  0.760305  0.834334  0.491787  0.734856  0.843325  0.680777  0.706888  0.786171  0.812544  0.695818  0.711407  0.659723  0.840490  0.678656  0.752637  0.877665  0.753060  0.662857  0.689937  0.797965  0.771649  0.709728  0.841081  0.735358  0.832185  0.696775  0.832456  0.548223  0.604074  0.796699  0.679173  0.759069  0.740504  0.648567  0.578644 
9  0.747649  0.919199  0.870749  0.476780  0.794028  0.821446  0.752078  0.738580  0.688782 0.0  0.723082  0.783333  0.690281  0.751640  0.708596  0.767628  0.861901  0.789756  0.743920  0.806375  0.846376  0.862105  0.851606  0.826533  0.774943  0.728417  0.878900  0.543333  0.823081  0.709955  0.734874  0.803816  0.637402  0.833706  0.756228  0.801747  0.675845  0.267153  0.828841  0.777815  0.832791  0.860416  0.710229  0.828542  0.658833  0.790759  0.709505  0.784718  0.885274  0.844251  0.624863  0.878049  0.851269  0.668367  0.712010  0.795751  0.783460  0.777289  0.689987  0.708520  0.790952  0.759068  0.739628  0.677221  0.936247  0.786317  0.650027  0.672132  0.841116  0.810780  0.823698  0.634628  0.764546  0.861380  0.736197  0.768621  0.760657  0.759060  0.607776  0.804985  0.734685  0.702668  0.709449  0.756773  0.763283  0.664509  0.927348  0.752818  0.758880  0.648950  0.826390  0.706254  0.953314  0.704744  0.589739  0.794031  0.714126  0.732193  0.667046 
10  0.666902  0.817539  0.725909  0.752006  0.716778  0.668334  0.553631  0.732305  0.585880  0.723082 0.0  0.540827  0.716279  0.567791  0.657254  0.690428  0.584890  0.776286  0.755115  0.640433  0.786798  0.521191  0.652697  0.632274  0.648776  0.773534  0.557989  0.771718  0.829999  0.658596  0.640182  0.674371  0.726506  0.796331  0.580037  0.781340  0.731283  0.608607  0.795096  0.591263  0.375733  0.886961  0.590554  0.627379  0.582806  0.674796  0.593495  0.847953  0.547267  0.876066  0.657523  0.694373  0.630083  0.674466  0.581280  0.603674  0.734007  0.608777  0.699668  0.512047  0.759226  0.351743  0.583309  0.713728  0.747157  0.700918  0.789838  0.799794  0.737492  0.666587  0.728288  0.762192  0.624559  0.670871  0.648916  0.597578  0.740219  0.585636  0.713729  0.750989  0.690675  0.663872  0.484270  0.752912  0.739839  0.747479  0.820733  0.627859  0.601332  0.463305  0.677204  0.738839  0.651470  0.679912  0.788639  0.724627  0.663220  0.750968  0.655152 
11  0.698248  0.841342  0.759245  0.730662  0.720197  0.548433  0.634045  0.596267  0.744191  0.783333  0.540827 0.0  0.672174  0.691456  0.685439  0.397275  0.502261  0.490331  0.360727  0.820820  0.751966  0.694170  0.426489  0.603269  0.355653  0.511222  0.419698  0.834225  0.667749  0.828092  0.704013  0.444598  0.806966  0.743177  0.438643  0.620211  0.776043  0.804377  0.857458  0.503868  0.587312  0.742361  0.689732  0.274804  0.785187  0.450700  0.518504  0.740310  0.411603  0.731444  0.757797  0.415688  0.743636  0.807629  0.674104  0.377751  0.705940  0.412845  0.620852  0.582876  0.726017  0.630831  0.531437  0.779959  0.693109  0.693309  0.797651  0.787304  0.626344  0.782584  0.462035  0.911339  0.455931  0.662898  0.679355  0.444579  0.721277  0.764469  0.828062  0.681935  0.634498  0.725834  0.322940  0.550108  0.439759  0.754291  0.632691  0.656742  0.413969  0.538866  0.617965  0.731061  0.501099  0.632173  0.916410  0.511822  0.552988  0.728259  0.751216 
12  0.749098  0.498118  0.651304  0.954544  0.801701  0.725507  0.736363  0.450622  0.825118  0.690281  0.716279  0.672174 0.0  0.808591  0.699394  0.647446  0.704758  0.615829  0.614403  0.830503  0.410831  0.728514  0.597718  0.742508  0.672375  0.688356  0.691191  0.868060  0.617894  0.737060  0.874292  0.790084  0.777881  0.546599  0.709624  0.516362  0.781671  0.841874  0.616241  0.709604  0.844212  0.573075  0.825966  0.729735  0.835951  0.645765  0.680161  0.574087  0.809269  0.523207  0.756920  0.615666  0.800749  0.698731  0.816456  0.646154  0.332809  0.683620  0.821033  0.786910  0.510705  0.789466  0.740867  0.749699  0.496452  0.596495  0.749835  0.861595  0.477185  0.877477  0.704681  0.824992  0.722932  0.265353  0.694233  0.697567  0.853439  0.719380  0.853703  0.562186  0.510625  0.791834  0.647508  0.606548  0.722483  0.793027  0.586247  0.740966  0.668715  0.780645  0.453770  0.838166  0.543724  0.545104  0.860210  0.750875  0.730496  0.830993  0.847042 
13  0.612068  0.826000  0.847017  0.752507  0.680068  0.628303  0.602764  0.743406  0.708827  0.751640  0.567791  0.691456  0.808591 0.0  0.276826  0.649516  0.598230  0.695008  0.700591  0.701781  0.716447  0.628303  0.678511  0.609337  0.698387  0.674526  0.679135  0.677337  0.784186  0.707894  0.623390  0.648856  0.671819  0.779942  0.638649  0.866318  0.745412  0.755995  0.877589  0.755708  0.548417  0.856822  0.666439  0.640915  0.625883  0.662969  0.572655  0.721131  0.746004  0.735156  0.675269  0.747743  0.772845  0.619882  0.606693  0.565065  0.719144  0.622103  0.672732  0.581746  0.900474  0.376346  0.546571  0.657518  0.667170  0.647094  0.662091  0.751818  0.702120  0.676587  0.637928  0.792975  0.722991  0.737063  0.699779  0.541407  0.750305  0.663810  0.777355  0.662008  0.654055  0.797548  0.697780  0.772341  0.731547  0.703337  0.756093  0.662272  0.719123  0.605232  0.681701  0.602608  0.602894  0.723909  0.782972  0.712209  0.600155  0.730489  0.687371 
14  0.783550  0.781890  0.828778  0.675899  0.714775  0.616277  0.709017  0.824872  0.590275  0.708596  0.657254  0.685439  0.699394  0.276826 0.0  0.556206  0.770163  0.725473  0.697325  0.747205  0.743772  0.718863  0.625624  0.711480  0.671377  0.691316  0.593240  0.678321  0.730193  0.633550  0.573362  0.679663  0.763016  0.745148  0.637574  0.826328  0.762103  0.698565  0.786273  0.581433  0.553931  0.778924  0.730504  0.631870  0.698856  0.658285  0.635665  0.742545  0.563761  0.757819  0.693434  0.685789  0.662014  0.641508  0.679731  0.578605  0.748911  0.665713  0.712633  0.741009  0.751108  0.449271  0.621119  0.662897  0.733218  0.716036  0.687230  0.616789  0.673774  0.777090  0.736771  0.807223  0.625791  0.740233  0.581908  0.598931  0.757749  0.676363  0.709450  0.727740  0.646028  0.681260  0.633412  0.680713  0.663682  0.685301  0.831719  0.713789  0.646525  0.592273  0.648692  0.745994  0.615617  0.809109  0.713512  0.737859  0.590819  0.700039  0.737107 
15  0.724967  0.745272  0.791019  0.946803  0.755132  0.470005  0.722426  0.750679  0.712067  0.767628  0.690428  0.397275  0.647446  0.649516  0.556206 0.0  0.510860  0.704168  0.448059  0.741504  0.691326  0.687406  0.399499  0.628080  0.108962  0.559424  0.371884  0.795916  0.685996  0.858625  0.682903  0.255780  0.691027  0.754240  0.553232  0.787468  0.696066  0.826279  0.877599  0.393599  0.647248  0.678151  0.686339  0.397900  0.657933  0.454486  0.511754  0.648548  0.463258  0.639568  0.687502  0.684198  0.767494  0.716440  0.586037  0.398037  0.611573  0.525623  0.860962  0.681002  0.759898  0.557190  0.512155  0.710636  0.699242  0.657225  0.788514  0.754773  0.625591  0.778812  0.690240  0.865860  0.336415  0.756220  0.605376  0.258201  0.768013  0.599362  0.761778  0.662096  0.626476  0.732490  0.166139  0.603618  0.507231  0.739670  0.738098  0.705139  0.265527  0.538833  0.709130  0.643295  0.714274  0.630002  0.924324  0.549076  0.509038  0.722313  0.834090 
16  0.769312  0.730079  0.727739  0.690636  0.789391  0.581100  0.657795  0.664091  0.764734  0.861901  0.584890  0.502261  0.704758  0.598230  0.770163  0.510860 0.0  0.422245  0.552648  0.891930  0.685312  0.680730  0.585959  0.707117  0.639113  0.595168  0.553417  0.734455  0.754720  0.806157  0.694160  0.540850  0.848316  0.804260  0.536428  0.602058  0.806074  0.816894  0.733307  0.644465  0.830771  0.640977  0.802038  0.503125  0.767978  0.597152  0.585830  0.619761  0.641347  0.746602  0.838407  0.482775  0.793972  0.751705  0.706379  0.606741  0.616636  0.574452  0.787845  0.697688  0.816542  0.778650  0.551024  0.705865  0.570255  0.514541  0.777847  0.877787  0.627095  0.767745  0.476295  0.817443  0.540618  0.550553  0.832172  0.647857  0.719815  0.794487  0.806509  0.596489  0.687658  0.856375  0.709051  0.644657  0.553230  0.943264  0.622284  0.823526  0.583768  0.682286  0.675841  0.784667  0.061178  0.418779  0.895111  0.608546  0.611176  0.773629  0.747770 
17  0.797888  0.697519  0.634658  0.876999  0.760676  0.609101  0.645289  0.514632  0.777461  0.789756  0.776286  0.490331  0.615829  0.695008  0.725473  0.704168  0.422245 0.0  0.663570  0.759178  0.598554  0.810027  0.637983  0.829724  0.636283  0.521455  0.724625  0.790058  0.702315  0.807328  0.665037  0.717707  0.821926  0.696378  0.695765  0.451699  0.851751  0.873613  0.713100  0.704796  0.599723  0.688865  0.803743  0.667877  0.835673  0.563371  0.708090  0.470131  0.713304  0.609851  0.764856  0.540505  0.768484  0.746660  0.741557  0.730716  0.482314  0.639223  0.898644  0.731719  0.674676  0.772004  0.626347  0.721794  0.430042  0.394655  0.812168  0.806321  0.581212  0.836964  0.402275  0.800811  0.550638  0.620731  0.704208  0.641075  0.893717  0.640389  0.803007  0.628312  0.516473  0.708962  0.679376  0.563041  0.502404  0.784551  0.562221  0.755525  0.607653  0.694027  0.445642  0.829969  0.552382  0.458974  0.870661  0.663989  0.766148  0.841980  0.859503 
18  0.725152  0.806086  0.725216  0.822932  0.692254  0.280244  0.645422  0.580732  0.590906  0.743920  0.755115  0.360727  0.614403  0.700591  0.697325  0.448059  0.552648  0.663570 0.0  0.805747  0.694779  0.675328  0.481048  0.665725  0.440295  0.574123  0.390409  0.825606  0.808803  0.780021  0.599928  0.448953  0.846650  0.709048  0.484614  0.735857  0.873948  0.737578  0.771396  0.521065  0.650357  0.751592  0.721688  0.417207  0.621699  0.469652  0.516354  0.591183  0.580399  0.633895  0.799242  0.472488  0.699231  0.650369  0.785405  0.503503  0.691319  0.547147  0.727482  0.679014  0.701276  0.652117  0.361529  0.757485  0.665899  0.627155  0.809609  0.899501  0.739715  0.637450  0.547167  0.779437  0.519503  0.708401  0.630165  0.401002  0.666442  0.733915  0.673749  0.505450  0.589244  0.782214  0.461813  0.603640  0.391450  0.756385  0.821539  0.696939  0.442843  0.586096  0.626265  0.803473  0.512041  0.617973  0.871550  0.441400  0.613581  0.759241  0.758873 
19  0.620680  0.817808  0.974185  0.668911  0.634914  0.763952  0.641115  0.799523  0.739675  0.806375  0.640433  0.820820  0.830503  0.701781  0.747205  0.741504  0.891930  0.759178  0.805747 0.0  0.791190  0.650647  0.780394  0.706413  0.584028  0.837993  0.691305  0.638519  0.803761  0.687832  0.796893  0.748794  0.593098  0.832060  0.816760  0.827210  0.546191  0.676867  0.746142  0.725781  0.809689  0.788359  0.692013  0.824904  0.781105  0.834101  0.765120  0.870544  0.764013  0.859736  0.616290  0.785842  0.620400  0.666152  0.593170  0.787171  0.852112  0.731664  0.582376  0.752107  0.840707  0.682114  0.740816  0.552253  0.808990  0.736255  0.589791  0.543087  0.887829  0.686954  0.794976  0.715266  0.753113  0.779029  0.667846  0.727133  0.730068  0.652538  0.414117  0.692109  0.695285  0.665935  0.773307  0.723991  0.778714  0.595364  0.860457  0.751903  0.818148  0.824757  0.888596  0.563843  0.862810  0.865895  0.761499  0.773573  0.787960  0.448428  0.627765 
20  0.767664  0.668354  0.671256  0.686677  0.752804  0.719163  0.851382  0.336941  0.789626  0.846376  0.786798  0.751966  0.410831  0.716447  0.743772  0.691326  0.685312  0.598554  0.694779  0.791190 0.0  0.740294  0.623907  0.698956  0.666861  0.612986  0.736045  0.872648  0.465937  0.826085  0.827004  0.663674  0.840308  0.501011  0.676242  0.554110  0.807937  0.802531  0.682255  0.692122  0.834489  0.559842  0.783902  0.639020  0.756929  0.618989  0.672997  0.526977  0.697698  0.313094  0.813559  0.713436  0.796269  0.841371  0.727000  0.699023  0.449766  0.600818  0.875417  0.822005  0.398473  0.826134  0.751661  0.941789  0.611893  0.573877  0.761613  0.807646  0.536513  0.865804  0.649476  0.721767  0.602505  0.491794  0.863230  0.746521  0.900566  0.768781  0.803825  0.737735  0.524283  0.734090  0.597675  0.583289  0.710998  0.863329  0.615915  0.812438  0.723079  0.696337  0.549934  0.867172  0.638064  0.601819  0.842269  0.729012  0.816857  0.811306  0.843563 
21  0.580072  0.770303  0.748333  0.767265  0.632317  0.664343  0.487034  0.857590  0.635096  0.862105  0.521191  0.694170  0.728514  0.628303  0.718863  0.687406  0.680730  0.810027  0.675328  0.650647  0.740294 0.0  0.653671  0.571509  0.687641  0.782961  0.707234  0.859245  0.779863  0.707148  0.581508  0.784069  0.644418  0.881504  0.734612  0.730013  0.677562  0.737203  0.834287  0.687714  0.519938  0.793780  0.657445  0.820528  0.784549  0.655856  0.748257  0.815771  0.656524  0.850436  0.600330  0.748387  0.485231  0.650845  0.443634  0.689434  0.788476  0.729231  0.578558  0.358174  0.746822  0.643911  0.756190  0.655250  0.788368  0.843817  0.685140  0.671504  0.873553  0.722585  0.760948  0.739973  0.647030  0.848231  0.457973  0.663785  0.727917  0.513348  0.674057  0.783663  0.716412  0.608507  0.717647  0.762782  0.747285  0.483275  0.806445  0.472638  0.731042  0.676594  0.897172  0.701948  0.784608  0.722086  0.783721  0.753436  0.595448  0.618231  0.591026 
22  0.737971  0.688972  0.750774  0.876809  0.679779  0.465306  0.627525  0.685274  0.658007  0.851606  0.652697  0.426489  0.597718  0.678511  0.625624  0.399499  0.585959  0.637983  0.481048  0.780394  0.623907  0.653671 0.0  0.605061  0.452939  0.740365  0.427589  0.869801  0.716831  0.630846  0.706383  0.367433  0.765282  0.725745  0.466526  0.638268  0.790086  0.827371  0.789142  0.506822  0.703671  0.689075  0.655988  0.424643  0.686676  0.550307  0.444332  0.780682  0.450189  0.662432  0.765949  0.515676  0.735727  0.800828  0.625224  0.544538  0.766773  0.465950  0.802464  0.687505  0.650520  0.662977  0.511411  0.855758  0.682865  0.666319  0.754086  0.782900  0.608171  0.681226  0.525400  0.862458  0.518405  0.732391  0.550174  0.504455  0.671021  0.621699  0.639699  0.599963  0.670021  0.716116  0.422854  0.688264  0.537906  0.752177  0.801933  0.632982  0.461614  0.651039  0.791572  0.689224  0.659058  0.608643  0.784854  0.470994  0.525961  0.824971  0.799503 
23  0.648728  0.736854  0.826368  0.783539  0.656620  0.607386  0.489049  0.787697  0.629062  0.826533  0.632274  0.603269  0.742508  0.609337  0.711480  0.628080  0.707117  0.829724  0.665725  0.706413  0.698956  0.571509  0.605061 0.0  0.711153  0.737095  0.632314  0.742749  0.824311  0.693175  0.391314  0.658411  0.751676  0.917623  0.655612  0.836691  0.664067  0.734654  0.840691  0.562948  0.563721  0.839236  0.644934  0.639154  0.731348  0.702690  0.578701  0.741572  0.646747  0.851845  0.626234  0.783330  0.647252  0.698568  0.286353  0.553459  0.814031  0.797541  0.701551  0.342727  0.782324  0.672664  0.657430  0.640173  0.833945  0.736826  0.740992  0.731624  0.798058  0.658956  0.801830  0.635269  0.805009  0.857223  0.379820  0.680298  0.680802  0.447453  0.669430  0.644539  0.596659  0.553513  0.712792  0.767952  0.720765  0.665910  0.836696  0.518551  0.593260  0.591607  0.736201  0.701225  0.695460  0.689202  0.783845  0.597802  0.544239  0.676822  0.732652 
24  0.705509  0.760831  0.672808  0.732834  0.825042  0.430797  0.632966  0.636302  0.719279  0.774943  0.648776  0.355653  0.672375  0.698387  0.671377  0.108962  0.639113  0.636283  0.440295  0.584028  0.666861  0.687641  0.452939  0.711153 0.0  0.641182  0.520573  0.788506  0.720813  0.749057  0.624886  0.432316  0.786384  0.745968  0.470669  0.699159  0.766135  0.726682  0.755798  0.452142  0.593758  0.801056  0.663041  0.445766  0.722850  0.445423  0.348836  0.691320  0.493969  0.756262  0.637092  0.541830  0.720326  0.706108  0.629988  0.393049  0.669948  0.394917  0.636960  0.693757  0.775297  0.623518  0.563846  0.803966  0.588448  0.730608  0.667331  0.728207  0.714382  0.741546  0.581781  0.739163  0.315738  0.615141  0.555780  0.079493  0.648163  0.764259  0.895335  0.665275  0.585256  0.721526  0.300338  0.793776  0.597660  0.832862  0.735742  0.698179  0.363969  0.592500  0.719248  0.658631  0.630416  0.765620  0.686921  0.521846  0.460063  0.749321  0.732333 
25  0.675999  0.697002  0.703103  0.901702  0.746199  0.569188  0.737132  0.602431  0.784084  0.728417  0.773534  0.511222  0.688356  0.674526  0.691316  0.559424  0.595168  0.521455  0.574123  0.837993  0.612986  0.782961  0.740365  0.737095  0.641182 0.0  0.719200  0.815553  0.779005  0.804344  0.748824  0.605961  0.804279  0.653756  0.418597  0.557701  0.811273  0.784156  0.700502  0.559865  0.694166  0.636618  0.829580  0.596231  0.748777  0.427744  0.624517  0.571184  0.683549  0.593344  0.684612  0.557379  0.903686  0.714927  0.769984  0.683218  0.650201  0.579154  0.868170  0.706544  0.667835  0.731954  0.635958  0.694289  0.499860  0.470737  0.801573  0.799524  0.561290  0.689029  0.523308  0.812891  0.622728  0.613720  0.752140  0.614573  0.730810  0.687376  0.703017  0.424107  0.412416  0.758342  0.549441  0.462888  0.584359  0.794018  0.607816  0.861164  0.669107  0.618095  0.450628  0.723004  0.417157  0.478567  0.842381  0.648546  0.727201  0.800319  0.784433 
26  0.700334  0.868793  0.757266  0.778722  0.627328  0.450140  0.595170  0.661761  0.689957  0.878900  0.557989  0.419698  0.691191  0.679135  0.593240  0.371884  0.553417  0.724625  0.390409  0.691305  0.736045  0.707234  0.427589  0.632314  0.520573  0.719200 0.0  0.823054  0.675174  0.876402  0.577160  0.360457  0.697689  0.700810  0.572337  0.748530  0.710846  0.823171  0.876043  0.469478  0.647372  0.866349  0.663986  0.566873  0.719960  0.554163  0.573016  0.780928  0.362165  0.630249  0.691794  0.538698  0.707790  0.773195  0.628178  0.365195  0.765138  0.408059  0.825256  0.659771  0.588027  0.562053  0.563918  0.684618  0.755333  0.624775  0.852269  0.769438  0.774301  0.670932  0.489101  0.742175  0.424765  0.724376  0.765246  0.476897  0.704454  0.611815  0.799859  0.706880  0.653431  0.736296  0.359419  0.611010  0.524613  0.680051  0.689885  0.720764  0.334290  0.595703  0.660357  0.830156  0.666285  0.734259  0.763403  0.534300  0.557727  0.690468  0.716332 
27  0.715210  0.704749  0.802366  0.600440  0.810086  0.860744  0.833747  0.770883  0.725207  0.543333  0.771718  0.834225  0.868060  0.677337  0.678321  0.795916  0.734455  0.790058  0.825606  0.638519  0.872648  0.859245  0.869801  0.742749  0.788506  0.815553  0.823054 0.0  0.891357  0.585956  0.647786  0.787473  0.698999  0.831766  0.785434  0.898487  0.658323  0.393501  0.988202  0.730127  0.764898  0.771924  0.643506  0.758615  0.626710  0.824392  0.710921  0.820012  0.752839  0.910721  0.746077  0.838992  0.683046  0.674874  0.699342  0.834986  0.867115  0.775444  0.757239  0.712793  0.806318  0.732023  0.839370  0.673085  0.793289  0.801756  0.481751  0.717634  0.864508  0.672116  0.825263  0.707818  0.807359  0.886536  0.834827  0.842688  0.790043  0.660577  0.739975  0.872593  0.725732  0.709647  0.761248  0.807162  0.821460  0.728937  0.790964  0.672688  0.876574  0.821534  0.758400  0.620586  0.763926  0.804686  0.661322  0.849072  0.833287  0.683093  0.727519 
28  0.911161  0.467794  0.505952  0.791318  0.771229  0.800611  0.780997  0.665623  0.697207  0.823081  0.829999  0.667749  0.617894  0.784186  0.730193  0.685996  0.754720  0.702315  0.808803  0.803761  0.465937  0.779863  0.716831  0.824311  0.720813  0.779005  0.675174  0.891357 0.0  0.771660  0.844774  0.771456  0.850037  0.661535  0.674076  0.566868  0.752899  0.808005  0.593139  0.848258  0.796300  0.529468  0.871451  0.735353  0.754191  0.633764  0.750165  0.578604  0.791578  0.670886  0.836933  0.579366  0.814489  0.892613  0.725744  0.790269  0.623578  0.699880  0.842915  0.755883  0.527533  0.821934  0.801915  0.841231  0.574135  0.770035  0.860092  0.905933  0.470229  0.893356  0.704124  0.809064  0.694104  0.592755  0.787569  0.749087  0.791917  0.908797  0.768356  0.631414  0.609236  0.779316  0.672686  0.588496  0.788921  0.774961  0.468800  0.832701  0.701371  0.773893  0.570810  0.776886  0.670035  0.544661  0.922057  0.706100  0.648562  0.851922  0.810024 
29  0.645291  0.751174  0.763914  0.735806  0.821568  0.792251  0.775956  0.782584  0.496333  0.709955  0.658596  0.828092  0.737060  0.707894  0.633550  0.858625  0.806157  0.807328  0.780021  0.687832  0.826085  0.707148  0.630846  0.693175  0.749057  0.804344  0.876402  0.585956  0.771660 0.0  0.732097  0.790503  0.790520  0.760844  0.801733  0.739041  0.761990  0.677888  0.859273  0.782394  0.747833  0.756113  0.644960  0.718733  0.464094  0.832574  0.751922  0.770689  0.697621  0.802919  0.649534  0.775748  0.740928  0.652622  0.686312  0.750642  0.870790  0.813048  0.775075  0.903023  0.840023  0.652372  0.841414  0.696180  0.856280  0.675568  0.668144  0.748432  0.791670  0.811539  0.762271  0.793971  0.710459  0.712214  0.825322  0.704280  0.810771  0.716330  0.839105  0.775567  0.730836  0.656679  0.862777  0.867447  0.818138  0.908390  0.924745  0.746344  0.701730  0.605976  0.776510  0.675530  0.869673  0.659379  0.757091  0.744175  0.783228  0.718844  0.685740 
30  0.579381  0.794201  0.750767  0.725328  0.618607  0.660496  0.433431  0.753874  0.699459  0.734874  0.640182  0.704013  0.874292  0.623390  0.573362  0.682903  0.694160  0.665037  0.599928  0.796893  0.827004  0.581508  0.706383  0.391314  0.624886  0.748824  0.577160  0.647786  0.844774  0.732097 0.0  0.678091  0.729599  0.778026  0.707102  0.709269  0.635778  0.714737  0.881152  0.512585  0.558269  0.764930  0.583207  0.657864  0.798125  0.698020  0.682533  0.779688  0.668734  0.749578  0.553670  0.619693  0.568514  0.575151  0.539335  0.524590  0.788092  0.557435  0.695151  0.445247  0.757462  0.560478  0.620154  0.616104  0.920080  0.720265  0.643476  0.796328  0.688968  0.682834  0.721497  0.744599  0.630597  0.862365  0.397175  0.602082  0.737374  0.546695  0.654113  0.609538  0.727438  0.578583  0.716810  0.784991  0.731589  0.634357  0.667608  0.589509  0.705014  0.502047  0.693195  0.667110  0.708669  0.837890  0.844769  0.686177  0.668077  0.810349  0.633577 
31  0.694815  0.824506  0.765785  0.787916  0.615935  0.481141  0.655552  0.809985  0.708523  0.803816  0.674371  0.444598  0.790084  0.648856  0.679663  0.255780  0.540850  0.717707  0.448953  0.748794  0.663674  0.784069  0.367433  0.658411  0.432316  0.605961  0.360457  0.787473  0.771456  0.790503  0.678091 0.0  0.736009  0.806323  0.492295  0.634403  0.831241  0.832219  0.793577  0.449412  0.611387  0.683768  0.781333  0.450288  0.714882  0.501331  0.510639  0.785143  0.503964  0.733484  0.702112  0.484955  0.752152  0.800317  0.729939  0.477535  0.700597  0.479040  0.670430  0.616314  0.729572  0.802637  0.478887  0.744036  0.780351  0.564134  0.819057  0.712110  0.585529  0.646754  0.438855  0.847045  0.471868  0.688163  0.733351  0.269268  0.707412  0.655369  0.724608  0.647727  0.583761  0.659470  0.224885  0.650004  0.627066  0.642116  0.625458  0.713176  0.146494  0.592936  0.692135  0.702688  0.627485  0.707871  0.790728  0.537458  0.651436  0.791931  0.849723 
32  0.704998  0.852867  0.871233  0.594409  0.746712  0.771869  0.669924  0.758124  0.656350  0.637402  0.726506  0.806966  0.777881  0.671819  0.763016  0.691027  0.848316  0.821926  0.846650  0.593098  0.840308  0.644418  0.765282  0.751676  0.786384  0.804279  0.697689  0.698999  0.850037  0.790520  0.729599  0.736009 0.0  0.819486  0.767041  0.862420  0.615747  0.664402  0.930013  0.755217  0.640849  0.843609  0.634161  0.855771  0.648727  0.928316  0.813441  0.902619  0.670016  0.813420  0.669397  0.848467  0.613438  0.769211  0.848338  0.830355  0.853660  0.822838  0.674616  0.722730  0.779368  0.633935  0.723143  0.621865  0.822551  0.745884  0.550048  0.480019  0.840099  0.741773  0.786198  0.526076  0.781294  0.779278  0.652997  0.726573  0.750607  0.736450  0.597340  0.690855  0.827737  0.572528  0.690678  0.915396  0.802694  0.659346  0.806928  0.569173  0.767798  0.666333  0.827455  0.528097  0.789782  0.773487  0.715745  0.812800  0.841965  0.649632  0.535293 
33  0.794101  0.514655  0.590946  0.844830  0.802968  0.826747  0.778742  0.632331  0.806858  0.833706  0.796331  0.743177  0.546599  0.779942  0.745148  0.754240  0.804260  0.696378  0.709048  0.832060  0.501011  0.881504  0.725745  0.917623  0.745968  0.653756  0.700810  0.831766  0.661535  0.760844  0.778026  0.806323  0.819486 0.0  0.669110  0.672327  0.813379  0.856863  0.552902  0.746515  0.740127  0.472395  0.874173  0.740205  0.818638  0.707280  0.781062  0.584677  0.702495  0.584485  0.860391  0.800355  0.897607  0.849184  0.736474  0.831484  0.570669  0.749171  0.895228  0.773994  0.613435  0.828768  0.681037  0.883692  0.743994  0.786107  0.843905  0.900516  0.622126  0.869279  0.820389  0.815863  0.769064  0.494353  0.822151  0.713600  0.804471  0.725260  0.880613  0.724802  0.730098  0.861154  0.715663  0.586209  0.698833  0.722680  0.496231  0.825614  0.679920  0.736981  0.626695  0.713555  0.714861  0.663354  0.814504  0.767503  0.817512  0.813383  0.882231 
34  0.723376  0.763804  0.694984  0.775352  0.634560  0.549564  0.615767  0.643784  0.707461  0.756228  0.580037  0.438643  0.709624  0.638649  0.637574  0.553232  0.536428  0.695765  0.484614  0.816760  0.676242  0.734612  0.466526  0.655612  0.470669  0.418597  0.572337  0.785434  0.674076  0.801733  0.707102  0.492295  0.767041  0.669110 0.0  0.686703  0.816731  0.778522  0.793034  0.582989  0.635926  0.704870  0.696567  0.462159  0.734450  0.533670  0.487194  0.739859  0.705067  0.707498  0.739131  0.621648  0.816638  0.825718  0.772021  0.549238  0.641841  0.512114  0.816431  0.692326  0.763808  0.834268  0.614027  0.780469  0.684613  0.602740  0.698698  0.681947  0.684186  0.780046  0.516846  0.735475  0.613761  0.718605  0.642747  0.528598  0.655869  0.688418  0.781604  0.512153  0.647036  0.723438  0.661087  0.549435  0.686336  0.705759  0.700338  0.750878  0.455569  0.623361  0.597553  0.818792  0.469005  0.549514  0.700560  0.506107  0.592927  0.757959  0.788974 
35  0.773721  0.699578  0.660048  0.878938  0.796433  0.595825  0.795012  0.391364  0.792198  0.801747  0.781340  0.620211  0.516362  0.866318  0.826328  0.787468  0.602058  0.451699  0.735857  0.827210  0.554110  0.730013  0.638268  0.836691  0.699159  0.557701  0.748530  0.898487  0.566868  0.739041  0.709269  0.634403  0.862420  0.672327  0.686703 0.0  0.763905  0.900187  0.601042  0.563406  0.899520  0.568256  0.796821  0.574716  0.817723  0.659030  0.769539  0.273164  0.771445  0.714737  0.784976  0.665708  0.724758  0.769626  0.758659  0.668459  0.522538  0.670509  0.860461  0.827843  0.722951  0.757607  0.642728  0.768649  0.274746  0.635777  0.824423  0.921513  0.463593  0.831859  0.677114  0.933223  0.689551  0.416813  0.759049  0.718572  0.860764  0.783374  0.860231  0.562681  0.431531  0.749114  0.773292  0.496373  0.545549  0.747397  0.634544  0.822335  0.751403  0.637176  0.568049  0.812808  0.612222  0.327743  0.801797  0.633121  0.768591  0.857425  0.774411 
36  0.671689  0.827408  0.865076  0.675936  0.711861  0.723313  0.720198  0.832201  0.642974  0.675845  0.731283  0.776043  0.781671  0.745412  0.762103  0.696066  0.806074  0.851751  0.873948  0.546191  0.807937  0.677562  0.790086  0.664067  0.766135  0.811273  0.710846  0.658323  0.752899  0.761990  0.635778  0.831241  0.615747  0.813379  0.816731  0.763905 0.0  0.675026  0.846244  0.696127  0.676249  0.811183  0.611224  0.685723  0.624818  0.760030  0.807460  0.894582  0.715846  0.914849  0.703000  0.907522  0.607254  0.596805  0.744999  0.657937  0.865821  0.686215  0.449378  0.763732  0.821177  0.803930  0.864237  0.544425  0.767041  0.798165  0.607841  0.306497  0.755832  0.754987  0.822283  0.574651  0.861066  0.846185  0.654580  0.754352  0.814314  0.682167  0.575608  0.793773  0.768294  0.600790  0.682386  0.837559  0.760410  0.526704  0.798474  0.714417  0.763204  0.769115  0.893288  0.601988  0.775585  0.774195  0.577734  0.848147  0.709260  0.561492  0.445731 
37  0.781655  0.931252  0.918129  0.457526  0.831437  0.751150  0.759527  0.850704  0.770954  0.267153  0.608607  0.804377  0.841874  0.755995  0.698565  0.826279  0.816894  0.873613  0.737578  0.676867  0.802531  0.737203  0.827371  0.734654  0.726682  0.784156  0.823171  0.393501  0.808005  0.677888  0.714737  0.832219  0.664402  0.856863  0.778522  0.900187  0.675026 0.0  0.913591  0.806702  0.790307  0.763459  0.777243  0.666583  0.728176  0.802740  0.897796  0.810601  0.836350  0.876587  0.739641  0.807814  0.660272  0.635173  0.778715  0.684778  0.706253  0.715549  0.730100  0.815988  0.938683  0.731355  0.644871  0.649494  0.836629  0.829638  0.590374  0.694526  0.831966  0.827263  0.767315  0.610755  0.789019  0.777611  0.675017  0.735946  0.770673  0.707144  0.667809  0.903222  0.821360  0.768913  0.703176  0.772237  0.625925  0.655396  0.952625  0.767118  0.791110  0.830400  0.765426  0.662878  0.755528  0.825434  0.542256  0.770088  0.786431  0.657580  0.637120 
38  0.796128  0.324051  0.280083  0.774063  0.792788  0.846612  0.842581  0.684303  0.818608  0.828841  0.795096  0.857458  0.616241  0.877589  0.786273  0.877599  0.733307  0.713100  0.771396  0.746142  0.682255  0.834287  0.789142  0.840691  0.755798  0.700502  0.876043  0.988202  0.593139  0.859273  0.881152  0.793577  0.930013  0.552902  0.793034  0.601042  0.846244  0.913591 0.0  0.834357  0.846052  0.467674  0.841524  0.757326  0.825510  0.828808  0.680806  0.624358  0.700536  0.628256  0.843553  0.682027  0.874036  0.708567  0.772345  0.820933  0.602331  0.747966  0.770414  0.707995  0.598707  0.750006  0.757880  0.770770  0.613960  0.766370  0.956469  0.847965  0.481508  0.825207  0.715307  0.872433  0.764066  0.536916  0.934363  0.660713  0.830461  0.744415  0.869258  0.731111  0.674962  0.830800  0.732494  0.699646  0.789609  0.924356  0.524677  0.842887  0.784023  0.810900  0.570275  0.842126  0.728387  0.713146  0.831228  0.724832  0.786570  0.804189  0.755837 
39  0.730859  0.838723  0.756114  0.681755  0.665677  0.524240  0.537854  0.724550  0.779731  0.777815  0.591263  0.503868  0.709604  0.755708  0.581433  0.393599  0.644465  0.704796  0.521065  0.725781  0.692122  0.687714  0.506822  0.562948  0.452142  0.559865  0.469478  0.730127  0.848258  0.782394  0.512585  0.449412  0.755217  0.746515  0.582989  0.563406  0.696127  0.806702  0.834357 0.0  0.643456  0.674477  0.749589  0.483820  0.671584  0.590771  0.254512  0.676473  0.350483  0.757846  0.749618  0.513314  0.672827  0.789519  0.644370  0.323657  0.651758  0.383384  0.819086  0.714245  0.735755  0.584724  0.461321  0.729394  0.715886  0.614121  0.709594  0.725164  0.622001  0.781390  0.590497  0.873267  0.234325  0.597505  0.620820  0.457120  0.612434  0.639303  0.736779  0.714977  0.636916  0.739309  0.444451  0.631605  0.561466  0.737720  0.731487  0.692436  0.445849  0.512326  0.572985  0.758498  0.541004  0.651284  0.764782  0.488999  0.583156  0.825008  0.806625 
