99
0 0.0  0.777127  0.744044  0.690524  0.816247  0.769301  0.752829  0.725797  0.760353  0.717670  0.797985  0.744442  0.826902  0.559098  0.701285  0.742054  0.692408  0.717175  0.557429  0.720936  0.618274  0.721067  0.731931  0.601683  0.504267  0.419290  0.799032  0.694627  0.694503  0.791661  0.698459  0.733530  0.806549  0.699239  0.698791  0.539000  0.759325  0.764344  0.814643  0.833290  0.515320  0.713705  0.498616  0.113846  0.614548  0.699327  0.553498  0.883292  0.744961  0.846621  0.611384  0.814772  0.749862  0.667283  0.636616  0.839489  0.906164  0.604759  0.905439  0.721932  0.468790  0.668134  0.599000  0.514174  0.599899  0.872110  0.798798  0.781626  0.503093  0.756917  0.607385  0.553930  0.644026  0.801285  0.779750  0.791067  0.683876  0.304889  0.763911  0.890050  0.728588  0.695565  0.574007  0.405518  0.635769  0.509221  0.677892  0.658199  0.744443  0.724355  0.768701  0.441079  0.589883  0.821977  0.833010  0.866434  0.741723  0.617314  0.866250 
1  0.777127 0.0  0.747278  0.714217  0.480815  0.481261  0.335355  0.514625  0.629089  0.600769  0.724193  0.448543  0.166003  0.745596  0.650381  0.660010  0.554595  0.641582  0.744930  0.476386  0.750152  0.502098  0.661738  0.768047  0.677728  0.789200  0.464296  0.666617  0.483201  0.353390  0.634714  0.489844  0.402089  0.675029  0.459981  0.727446  0.448779  0.334838  0.334456  0.624179  0.729607  0.586304  0.728347  0.794618  0.705120  0.300873  0.654590  0.501882  0.518811  0.532169  0.678911  0.736866  0.555108  0.385664  0.638011  0.598472  0.660469  0.732281  0.679031  0.592714  0.797081  0.501649  0.659655  0.793177  0.712824  0.714229  0.687574  0.568186  0.820627  0.365774  0.544069  0.503056  0.722313  0.737495  0.590464  0.442718  0.701902  0.817690  0.730206  0.606979  0.333875  0.704364  0.678288  0.617544  0.404240  0.717464  0.768558  0.384145  0.315689  0.503162  0.337068  0.751859  0.738309  0.721209  0.536022  0.598069  0.419987  0.857039  0.586144 
2  0.744044  0.747278 0.0  0.611287  0.762954  0.838187  0.828260  0.811165  0.822651  0.728452  0.670452  0.865301  0.892593  0.687909  0.687422  0.846135  0.753722  0.836132  0.680055  0.839593  0.758224  0.753296  0.732639  0.720413  0.686654  0.682845  0.809754  0.758257  0.733783  0.851013  0.774998  0.672934  0.834386  0.793554  0.755267  0.753577  0.852322  0.830958  0.873470  0.804663  0.726894  0.859290  0.767464  0.629249  0.800313  0.768907  0.746196  0.761187  0.799093  0.813556  0.737638  0.783430  0.815461  0.826831  0.719684  0.786676  0.808059  0.686325  0.845224  0.802195  0.761100  0.738846  0.792644  0.780712  0.866526  0.869152  0.870534  0.850030  0.691873  0.824899  0.759659  0.818466  0.849779  0.775488  0.813619  0.722297  0.634155  0.772611  0.971272  0.762074  0.815061  0.903970  0.777408  0.741344  0.720302  0.751902  0.323569  0.760951  0.823611  0.731204  0.844085  0.599876  0.891680  0.808885  0.811138  0.765029  0.752873  0.744867  0.809460 
3  0.690524  0.714217  0.611287 0.0  0.798408  0.815099  0.757374  0.699991  0.725825  0.719547  0.243919  0.706098  0.635606  0.823821  0.677895  0.659042  0.548412  0.670700  0.670838  0.747607  0.704166  0.592427  0.647812  0.670375  0.633338  0.818965  0.725673  0.693902  0.766213  0.670359  0.761164  0.737463  0.742428  0.755054  0.693811  0.519594  0.784195  0.702161  0.645119  0.763693  0.773374  0.719428  0.697993  0.728200  0.755684  0.678994  0.601172  0.680646  0.722467  0.798338  0.763579  0.867464  0.705068  0.591459  0.517636  0.682350  0.660023  0.691812  0.785139  0.861656  0.610899  0.758153  0.740265  0.701110  0.707120  0.717420  0.774272  0.844212  0.676381  0.762277  0.629733  0.811344  0.704822  0.703975  0.747279  0.636588  0.586641  0.651418  0.780916  0.684350  0.734680  0.822070  0.621576  0.600413  0.682668  0.705545  0.682763  0.754323  0.605402  0.681033  0.756096  0.645235  0.726083  0.798300  0.745795  0.622831  0.642379  0.630101  0.798105 
4  0.816247  0.480815  0.762954  0.798408 0.0  0.511533  0.532786  0.561357  0.565612  0.613825  0.722372  0.545216  0.447073  0.746524  0.609284  0.541893  0.539447  0.615373  0.687338  0.666764  0.787613  0.646564  0.605899  0.746603  0.849074  0.785001  0.269375  0.721451  0.782681  0.573587  0.435471  0.441382  0.423096  0.759842  0.428650  0.667091  0.634743  0.587848  0.586292  0.671010  0.770034  0.490361  0.803153  0.691570  0.714816  0.489005  0.826447  0.278131  0.477357  0.423407  0.696769  0.626798  0.392126  0.523047  0.847196  0.517170  0.581253  0.856413  0.521110  0.550339  0.876287  0.653520  0.791893  0.796733  0.687440  0.724111  0.587884  0.333846  0.786279  0.454984  0.581826  0.703700  0.764717  0.518386  0.537286  0.613998  0.686642  0.890261  0.706418  0.641814  0.529217  0.730315  0.765733  0.822143  0.584023  0.753492  0.837052  0.508964  0.440181  0.769944  0.558595  0.722774  0.795752  0.681918  0.556852  0.655130  0.389217  0.757346  0.327629 
5  0.769301  0.481261  0.838187  0.815099  0.511533 0.0  0.414438  0.500544  0.654855  0.614552  0.749026  0.531052  0.297090  0.695568  0.620720  0.618864  0.640162  0.602521  0.587263  0.370366  0.716274  0.560446  0.700907  0.723922  0.740727  0.810244  0.638202  0.618924  0.605605  0.449505  0.638661  0.443410  0.369949  0.647671  0.444969  0.658131  0.148980  0.397502  0.373789  0.671151  0.819579  0.579894  0.760118  0.762784  0.741692  0.473421  0.761071  0.634675  0.662217  0.522517  0.666705  0.694858  0.610352  0.315194  0.694792  0.647452  0.580705  0.830388  0.635634  0.653003  0.705841  0.576724  0.668079  0.763760  0.616537  0.707148  0.735722  0.618904  0.738022  0.561484  0.530566  0.534664  0.528344  0.668477  0.734232  0.504609  0.754811  0.759156  0.646941  0.618133  0.274205  0.564774  0.704866  0.830879  0.413172  0.793163  0.863763  0.400451  0.353337  0.430308  0.286184  0.780243  0.721799  0.687012  0.445063  0.693252  0.524372  0.819131  0.615034 
6  0.752829  0.335355  0.828260  0.757374  0.532786  0.414438 0.0  0.293086  0.566050  0.560367  0.687265  0.462837  0.322417  0.655493  0.629882  0.663100  0.440947  0.645722  0.575983  0.435747  0.652858  0.586066  0.686222  0.766149  0.682887  0.751512  0.596630  0.592898  0.519963  0.199393  0.599782  0.545711  0.405250  0.615748  0.446906  0.685598  0.331443  0.213766  0.388312  0.724169  0.785548  0.554421  0.774702  0.680809  0.764128  0.370886  0.675521  0.536765  0.524061  0.575192  0.694826  0.790312  0.676040  0.171230  0.664656  0.648505  0.537454  0.755601  0.668906  0.739130  0.671223  0.563006  0.679121  0.791921  0.576682  0.768594  0.700711  0.565323  0.753285  0.566645  0.626326  0.630803  0.581127  0.696987  0.671526  0.418754  0.729512  0.756211  0.719169  0.642202  0.360298  0.688902  0.602308  0.693436  0.490447  0.750852  0.842447  0.343770  0.406416  0.547611  0.226854  0.680476  0.753945  0.702471  0.384947  0.630192  0.494714  0.841696  0.522210 
7  0.725797  0.514625  0.811165  0.699991  0.561357  0.500544  0.293086 0.0  0.657654  0.513866  0.665180  0.242303  0.285245  0.824417  0.517598  0.579429  0.419048  0.561309  0.609675  0.420835  0.642475  0.537142  0.546252  0.811936  0.629005  0.791384  0.588263  0.653629  0.529150  0.285274  0.522797  0.536654  0.406903  0.725307  0.301622  0.736314  0.440081  0.322831  0.111314  0.613372  0.731350  0.605021  0.640861  0.857710  0.593640  0.298132  0.659398  0.568971  0.628693  0.516846  0.721262  0.668545  0.556868  0.176291  0.701022  0.591586  0.658487  0.747130  0.593905  0.633281  0.853763  0.512294  0.720548  0.876189  0.694194  0.684708  0.583241  0.787406  0.817191  0.391123  0.586805  0.522906  0.540311  0.667108  0.663737  0.196348  0.789739  0.675894  0.774848  0.632132  0.342060  0.665263  0.629549  0.711852  0.598661  0.811676  0.793239  0.252702  0.450595  0.512086  0.467177  0.706159  0.652388  0.783936  0.374479  0.628058  0.557493  0.692695  0.619569 
8  0.760353  0.629089  0.822651  0.725825  0.565612  0.654855  0.566050  0.657654 0.0  0.781747  0.787199  0.627279  0.712061  0.892825  0.695833  0.681800  0.721990  0.736338  0.837697  0.667469  0.757831  0.769843  0.686745  0.767376  0.716298  0.910423  0.566827  0.678120  0.776081  0.632538  0.605070  0.678342  0.698070  0.832053  0.635793  0.732041  0.642933  0.701851  0.644854  0.498709  0.770019  0.547135  0.706936  0.792591  0.786995  0.557727  0.816003  0.477584  0.584752  0.623286  0.854285  0.513246  0.441837  0.626475  0.835313  0.418426  0.549224  0.895242  0.390523  0.384543  0.883965  0.708775  0.785368  0.843567  0.810313  0.464278  0.543749  0.579021  0.880778  0.596308  0.710567  0.755079  0.759736  0.385691  0.203326  0.724022  0.829545  0.689775  0.571449  0.610552  0.620295  0.811186  0.877828  0.850018  0.630380  0.659608  0.849030  0.694572  0.664782  0.717990  0.604069  0.795994  0.822848  0.531363  0.736059  0.463645  0.686804  0.841363  0.606020 
9  0.717670  0.600769  0.728452  0.719547  0.613825  0.614552  0.560367  0.513866  0.781747 0.0  0.587021  0.632274  0.642222  0.557337  0.459417  0.388307  0.460262  0.142229  0.525846  0.573523  0.604527  0.080775  0.430506  0.632666  0.548551  0.718775  0.631335  0.491431  0.386117  0.607962  0.706137  0.549973  0.610492  0.689880  0.640175  0.555800  0.638396  0.592347  0.559440  0.696404  0.661943  0.635429  0.530205  0.674931  0.649274  0.628346  0.559584  0.547779  0.664070  0.742923  0.725777  0.701702  0.695196  0.473513  0.481117  0.727664  0.761616  0.753566  0.698773  0.750620  0.609466  0.475430  0.742686  0.668198  0.595559  0.850980  0.727353  0.594842  0.614528  0.541331  0.268028  0.538951  0.414559  0.706780  0.881079  0.540992  0.734993  0.693369  0.783540  0.813592  0.651342  0.581458  0.657293  0.641742  0.652949  0.726485  0.806832  0.590489  0.597371  0.508734  0.623045  0.704058  0.576449  0.816370  0.534928  0.748715  0.603632  0.641010  0.646962 
10  0.797985  0.724193  0.670452  0.243919  0.722372  0.749026  0.687265  0.665180  0.787199  0.587021 0.0  0.693203  0.763838  0.722246  0.750337  0.610064  0.653281  0.734477  0.655187  0.798276  0.742882  0.638992  0.668716  0.492337  0.703540  0.749408  0.736022  0.750761  0.648435  0.706102  0.669981  0.673827  0.738402  0.739536  0.774808  0.675352  0.847886  0.804912  0.637937  0.777256  0.806604  0.817509  0.648837  0.617958  0.672601  0.749371  0.667334  0.746382  0.711398  0.703337  0.827491  0.848069  0.623940  0.701908  0.675225  0.856777  0.829253  0.724902  0.790866  0.734710  0.712558  0.664262  0.790569  0.678536  0.766913  0.905591  0.708074  0.752658  0.696444  0.728486  0.745156  0.754931  0.655298  0.773821  0.732986  0.702557  0.650919  0.677204  0.768585  0.682048  0.795840  0.800413  0.689431  0.777465  0.785662  0.699039  0.670239  0.740946  0.770522  0.749412  0.772053  0.678883  0.630233  0.892932  0.715002  0.753021  0.707843  0.662415  0.697697 
11  0.744442  0.448543  0.865301  0.706098  0.545216  0.531052  0.462837  0.242303  0.627279  0.632274  0.693203 0.0  0.361498  0.672584  0.532065  0.593069  0.631340  0.683564  0.762320  0.615848  0.678408  0.596232  0.764115  0.874939  0.676630  0.823180  0.480299  0.665127  0.472046  0.440382  0.637287  0.418303  0.420704  0.747148  0.308564  0.777564  0.481622  0.312602  0.359428  0.622209  0.797464  0.608478  0.673512  0.828073  0.735620  0.255879  0.686085  0.578373  0.640524  0.494668  0.673464  0.819014  0.566002  0.299216  0.745875  0.552272  0.558827  0.733308  0.673698  0.541435  0.684222  0.649592  0.768023  0.843946  0.629482  0.732376  0.624203  0.593050  0.741325  0.537247  0.648399  0.630240  0.631458  0.512531  0.637399  0.293539  0.821743  0.810267  0.660382  0.560442  0.370740  0.571867  0.715802  0.617453  0.647541  0.725762  0.827009  0.259004  0.503353  0.537795  0.463230  0.815026  0.762298  0.698167  0.299268  0.689864  0.585349  0.768381  0.569135 
12  0.826902  0.166003  0.892593  0.635606  0.447073  0.297090  0.322417  0.285245  0.712061  0.642222  0.763838  0.361498 0.0  0.772162  0.564337  0.666099  0.584486  0.578494  0.664372  0.527012  0.691457  0.578184  0.629569  0.634804  0.730135  0.743786  0.605238  0.635667  0.619707  0.413327  0.524931  0.361953  0.371898  0.772822  0.310158  0.552282  0.492462  0.030366  0.421091  0.526615  0.897545  0.580056  0.688744  0.773882  0.649754  0.135918  0.761093  0.574031  0.480943  0.611446  0.742740  0.724365  0.609479  0.378129  0.636562  0.745528  0.552781  0.651483  0.595124  0.661269  0.725924  0.587478  0.966202  0.770195  0.634801  0.714572  0.665352  0.560939  0.760843  0.463484  0.605571  0.562405  0.623519  0.572467  0.664346  0.468738  0.867100  0.665844  0.733503  0.611014  0.049199  0.703063  0.692948  0.879327  0.500805  0.713898  0.816855  0.255475  0.412220  0.451599  0.372572  0.724201  0.851093  0.717513  0.359442  0.652533  0.431004  0.788794  0.555616 
13  0.559098  0.745596  0.687909  0.823821  0.746524  0.695568  0.655493  0.824417  0.892825  0.557337  0.722246  0.672584  0.772162 0.0  0.651846  0.616585  0.681979  0.533256  0.571724  0.682557  0.350446  0.603935  0.693341  0.561366  0.331683  0.627915  0.695393  0.545665  0.542138  0.698048  0.725259  0.663081  0.644452  0.639612  0.689511  0.612092  0.646414  0.758271  0.721597  0.783644  0.635663  0.729741  0.415397  0.637043  0.350621  0.695532  0.642664  0.745780  0.753706  0.725981  0.610571  0.903832  0.833798  0.517600  0.628842  0.864361  0.795965  0.678036  0.765888  0.779281  0.733985  0.626905  0.594501  0.505276  0.505776  0.829501  0.851637  0.706534  0.707545  0.694786  0.661344  0.582225  0.655382  0.861834  0.714091  0.668691  0.680939  0.577865  0.807000  0.802715  0.707512  0.589168  0.623397  0.602846  0.595676  0.439288  0.781065  0.674732  0.745778  0.584113  0.740876  0.790588  0.480020  0.758072  0.739679  0.782876  0.650663  0.655969  0.660448 
14  0.701285  0.650381  0.687422  0.677895  0.609284  0.620720  0.629882  0.517598  0.695833  0.459417  0.750337  0.532065  0.564337  0.651846 0.0  0.416175  0.268664  0.415733  0.565267  0.550247  0.552621  0.318415  0.443695  0.738920  0.672424  0.821474  0.712581  0.597247  0.618294  0.610076  0.710227  0.518213  0.700909  0.595092  0.606483  0.577816  0.656472  0.613505  0.446681  0.680182  0.674321  0.720998  0.588421  0.677480  0.598756  0.515355  0.696850  0.607349  0.686639  0.753694  0.701379  0.753530  0.730095  0.489389  0.623123  0.675114  0.659407  0.805175  0.650274  0.670252  0.690402  0.425509  0.744562  0.663038  0.500393  0.739892  0.807439  0.626544  0.750921  0.587555  0.493344  0.484069  0.310998  0.708285  0.735995  0.565017  0.685974  0.838295  0.736336  0.719177  0.523135  0.573477  0.549455  0.641688  0.651714  0.704383  0.798259  0.632970  0.580807  0.434607  0.608041  0.903043  0.522907  0.729033  0.530967  0.699154  0.641364  0.824276  0.642190 
15  0.742054  0.660010  0.846135  0.659042  0.541893  0.618864  0.663100  0.579429  0.681800  0.388307  0.610064  0.593069  0.666099  0.616585  0.416175 0.0  0.399423  0.421251  0.541239  0.556566  0.589805  0.346527  0.370933  0.617067  0.634580  0.830193  0.516300  0.565326  0.719549  0.555463  0.709395  0.554655  0.664836  0.755780  0.587361  0.637671  0.721017  0.712842  0.648938  0.850284  0.630639  0.702909  0.691526  0.749149  0.559249  0.548962  0.603313  0.617925  0.786334  0.686198  0.700536  0.720816  0.695931  0.597837  0.650778  0.763874  0.679061  0.842659  0.712817  0.662200  0.744951  0.517961  0.674058  0.784603  0.527656  0.903467  0.750908  0.636241  0.690075  0.837586  0.490070  0.624387  0.392745  0.747383  0.745001  0.552050  0.727344  0.638464  0.739918  0.751289  0.657037  0.584181  0.578140  0.767860  0.671865  0.626648  0.696879  0.559219  0.574176  0.609268  0.637141  0.618871  0.613417  0.790296  0.601898  0.775517  0.663541  0.741613  0.642572 
16  0.692408  0.554595  0.753722  0.548412  0.539447  0.640162  0.440947  0.419048  0.721990  0.460262  0.653281  0.631340  0.584486  0.681979  0.268664  0.399423 0.0  0.570849  0.659239  0.645560  0.686154  0.503926  0.507795  0.694208  0.636194  0.687619  0.710112  0.675007  0.607597  0.535409  0.692416  0.494494  0.523720  0.696712  0.621209  0.706736  0.541120  0.512594  0.556592  0.682166  0.800493  0.667880  0.658217  0.661330  0.618041  0.523869  0.692023  0.667343  0.659640  0.660242  0.681229  0.758951  0.692352  0.454839  0.626523  0.664852  0.721659  0.775482  0.629250  0.700435  0.753227  0.642614  0.722513  0.772797  0.608449  0.900354  0.727833  0.649912  0.668312  0.801806  0.479845  0.509341  0.395588  0.787863  0.601909  0.484873  0.671950  0.656671  0.673767  0.741809  0.624752  0.655244  0.634792  0.783674  0.598273  0.610434  0.777738  0.505679  0.620022  0.554234  0.662636  0.750018  0.732920  0.726424  0.588941  0.603593  0.603831  0.776695  0.589449 
17  0.717175  0.641582  0.836132  0.670700  0.615373  0.602521  0.645722  0.561309  0.736338  0.142229  0.734477  0.683564  0.578494  0.533256  0.415733  0.421251  0.570849 0.0  0.525974  0.614850  0.630775  0.217306  0.542248  0.519124  0.651039  0.755676  0.760643  0.502105  0.463722  0.646673  0.863538  0.619696  0.617531  0.659242  0.587197  0.462677  0.671588  0.541103  0.539039  0.659104  0.813930  0.694855  0.636589  0.776911  0.551517  0.576548  0.593170  0.672999  0.709414  0.713629  0.631457  0.734051  0.735357  0.500034  0.559055  0.683691  0.727904  0.744997  0.695714  0.707616  0.754134  0.463098  0.592067  0.655459  0.486438  0.781197  0.705462  0.633111  0.714462  0.652385  0.175047  0.642738  0.512663  0.707212  0.693491  0.627400  0.669947  0.655068  0.877962  0.696983  0.620777  0.517374  0.581949  0.575821  0.578964  0.739145  0.780367  0.646018  0.589568  0.492302  0.514444  0.756130  0.623595  0.768676  0.413568  0.720247  0.714979  0.658702  0.684410 
18  0.557429  0.744930  0.680055  0.670838  0.687338  0.587263  0.575983  0.609675  0.837697  0.525846  0.655187  0.762320  0.664372  0.571724  0.565267  0.541239  0.659239  0.525974 0.0  0.738217  0.486051  0.475049  0.629463  0.646073  0.470515  0.705247  0.700175  0.400877  0.482233  0.662964  0.752237  0.705699  0.662483  0.677525  0.774147  0.519972  0.647290  0.718231  0.608016  0.734865  0.704074  0.773981  0.438281  0.660659  0.579977  0.650777  0.403635  0.800277  0.711927  0.664816  0.626635  0.758706  0.740828  0.783026  0.394714  0.776400  0.806262  0.714453  0.686668  0.734214  0.632131  0.515430  0.697292  0.539675  0.485113  0.890179  0.821133  0.782250  0.660815  0.682816  0.598333  0.635619  0.627664  0.650825  0.806356  0.674720  0.753834  0.596200  0.891257  0.851811  0.712855  0.507401  0.581478  0.496040  0.648256  0.661612  0.740013  0.634554  0.731173  0.639813  0.619379  0.717412  0.523465  0.879513  0.634933  0.779069  0.735153  0.671830  0.732859 
19  0.720936  0.476386  0.839593  0.747607  0.666764  0.370366  0.435747  0.420835  0.667469  0.573523  0.798276  0.615848  0.527012  0.682557  0.550247  0.556566  0.645560  0.614850  0.738217 0.0  0.618548  0.596967  0.665543  0.721683  0.646356  0.689000  0.581495  0.690902  0.498854  0.433822  0.711407  0.618549  0.431145  0.641259  0.490399  0.735717  0.255324  0.461486  0.470958  0.550687  0.678046  0.583627  0.794779  0.765493  0.567454  0.468302  0.690656  0.550485  0.629576  0.496092  0.628978  0.794705  0.701899  0.473481  0.645426  0.660659  0.629184  0.815395  0.710903  0.684500  0.711009  0.693670  0.679354  0.800407  0.616982  0.804908  0.678489  0.596265  0.794770  0.470503  0.625768  0.457354  0.646399  0.682665  0.673193  0.480764  0.850939  0.823193  0.699903  0.665699  0.475118  0.551093  0.648644  0.623715  0.285138  0.901873  0.724387  0.549050  0.499555  0.521217  0.396390  0.734951  0.630133  0.827471  0.454175  0.685829  0.561875  0.863004  0.622661 
20  0.618274  0.750152  0.758224  0.704166  0.787613  0.716274  0.652858  0.642475  0.757831  0.604527  0.742882  0.678408  0.691457  0.350446  0.552621  0.589805  0.686154  0.630775  0.486051  0.618548 0.0  0.591863  0.645497  0.650863  0.131221  0.621108  0.786528  0.546548  0.615190  0.717095  0.710476  0.649339  0.612233  0.613231  0.705769  0.639070  0.682286  0.763115  0.712115  0.810025  0.675906  0.746317  0.314324  0.629812  0.465526  0.646406  0.501798  0.775621  0.817708  0.688847  0.514955  0.839089  0.753138  0.662702  0.533532  0.790124  0.830944  0.712524  0.706948  0.751015  0.693066  0.586994  0.588441  0.469108  0.387669  0.788208  0.801168  0.735684  0.689321  0.793302  0.619569  0.555616  0.722754  0.687885  0.755566  0.783620  0.651896  0.558701  0.970118  0.743757  0.799930  0.588448  0.645468  0.508326  0.730801  0.584496  0.707224  0.629215  0.814839  0.734584  0.636384  0.648717  0.364800  0.869625  0.745229  0.721088  0.737503  0.578538  0.751156 
21  0.721067  0.502098  0.753296  0.592427  0.646564  0.560446  0.586066  0.537142  0.769843  0.080775  0.638992  0.596232  0.578184  0.603935  0.318415  0.346527  0.503926  0.217306  0.475049  0.596967  0.591863 0.0  0.440127  0.632660  0.714416  0.629279  0.741615  0.513857  0.403473  0.499561  0.650897  0.664846  0.656275  0.629806  0.625933  0.481487  0.695102  0.546052  0.601485  0.797184  0.667909  0.644242  0.618411  0.673476  0.630479  0.507521  0.718234  0.640246  0.622625  0.702149  0.644504  0.699184  0.613276  0.463866  0.528751  0.771632  0.764346  0.712424  0.713047  0.697476  0.664461  0.378473  0.706242  0.736283  0.481033  0.781269  0.641226  0.732775  0.694923  0.658378  0.117145  0.537067  0.472006  0.690851  0.847626  0.535899  0.875953  0.619311  0.800220  0.717479  0.686109  0.600669  0.513425  0.636135  0.672515  0.671492  0.705516  0.578656  0.684918  0.495326  0.523721  0.721024  0.574137  0.753165  0.552551  0.695996  0.551122  0.652855  0.737213 
22  0.731931  0.661738  0.732639  0.647812  0.605899  0.700907  0.686222  0.546252  0.686745  0.430506  0.668716  0.764115  0.629569  0.693341  0.443695  0.370933  0.507795  0.542248  0.629463  0.665543  0.645497  0.440127 0.0  0.588459  0.673043  0.708066  0.727044  0.575260  0.511247  0.583319  0.709737  0.710666  0.693985  0.724131  0.703165  0.340234  0.705726  0.550183  0.637387  0.859411  0.758683  0.761058  0.640269  0.573078  0.622333  0.703020  0.626035  0.695908  0.799233  0.667095  0.565994  0.838811  0.781395  0.584207  0.509068  0.749351  0.919621  0.885616  0.720740  0.747595  0.766125  0.529834  0.692886  0.699144  0.540870  0.813513  0.805889  0.655068  0.633348  0.764300  0.439649  0.611774  0.403741  0.787005  0.644547  0.603010  0.670623  0.771425  0.833044  0.724426  0.649756  0.607202  0.468013  0.645774  0.685015  0.788980  0.739444  0.657161  0.641779  0.515349  0.545049  0.633732  0.673397  0.891297  0.517680  0.719146  0.677333  0.696600  0.750207 
23  0.601683  0.768047  0.720413  0.670375  0.746603  0.723922  0.766149  0.811936  0.767376  0.632666  0.492337  0.874939  0.634804  0.561366  0.738920  0.617067  0.694208  0.519124  0.646073  0.721683  0.650863  0.632660  0.588459 0.0  0.540087  0.746092  0.688751  0.649072  0.589945  0.781656  0.803091  0.744440  0.744322  0.720403  0.725089  0.498144  0.816956  0.704661  0.776449  0.824443  0.554169  0.671626  0.505335  0.597448  0.620244  0.685006  0.479172  0.785843  0.657618  0.862379  0.754940  0.760444  0.932253  0.759453  0.533200  0.781086  0.717285  0.784152  0.750578  0.706964  0.597148  0.717878  0.833377  0.618333  0.727447  0.879603  0.808616  0.742122  0.745466  0.878340  0.600736  0.713372  0.684128  0.807930  0.734240  0.754830  0.547839  0.614144  0.760703  0.790686  0.854130  0.689040  0.481952  0.543078  0.833750  0.674724  0.621505  0.675065  0.764689  0.626245  0.711669  0.585677  0.594866  0.714678  0.819506  0.924178  0.775141  0.513544  0.846176 
24  0.504267  0.677728  0.686654  0.633338  0.849074  0.740727  0.682887  0.629005  0.716298  0.548551  0.703540  0.676630  0.730135  0.331683  0.672424  0.634580  0.636194  0.651039  0.470515  0.646356  0.131221  0.714416  0.673043  0.540087 0.0  0.624224  0.725380  0.489365  0.576429  0.653023  0.760396  0.693970  0.712645  0.616207  0.819243  0.526834  0.716343  0.639872  0.805526  0.611756  0.573932  0.844212  0.316868  0.696588  0.484849  0.772630  0.537797  0.745321  0.758224  0.705692  0.597619  0.798466  0.777450  0.716055  0.545886  0.775454  0.739426  0.601780  0.721201  0.779250  0.627954  0.552415  0.688635  0.498548  0.545097  0.677282  0.887367  0.727575  0.625879  0.749491  0.746648  0.548331  0.501552  0.800241  0.801137  0.740100  0.776316  0.599461  0.768418  0.880641  0.620634  0.649478  0.581817  0.548376  0.708802  0.584807  0.785436  0.642742  0.771563  0.567954  0.673159  0.690575  0.192036  0.854573  0.760045  0.750065  0.730905  0.469706  0.671973 
25  0.419290  0.789200  0.682845  0.818965  0.785001  0.810244  0.751512  0.791384  0.910423  0.718775  0.749408  0.823180  0.743786  0.627915  0.821474  0.830193  0.687619  0.755676  0.705247  0.689000  0.621108  0.629279  0.708066  0.746092  0.624224 0.0  0.799711  0.654088  0.721872  0.736190  0.808497  0.707852  0.765685  0.735947  0.902046  0.694097  0.739535  0.842432  0.685479  0.905355  0.331907  0.859060  0.570627  0.425575  0.694439  0.866061  0.561017  0.717513  0.780226  0.775340  0.714456  0.825391  0.739437  0.841260  0.693873  0.851519  0.862787  0.401190  0.807632  0.757676  0.403134  0.796367  0.800477  0.578955  0.609052  0.962652  0.773524  0.717638  0.539849  0.880702  0.737825  0.805545  0.762465  0.701048  0.850571  0.796162  0.793246  0.450187  0.971960  0.817246  0.831070  0.784210  0.711968  0.551323  0.685650  0.557067  0.772216  0.754431  0.805269  0.808596  0.704543  0.419234  0.742857  0.955216  0.753357  0.865553  0.719250  0.452512  0.802571 
26  0.799032  0.464296  0.809754  0.725673  0.269375  0.638202  0.596630  0.588263  0.566827  0.631335  0.736022  0.480299  0.605238  0.695393  0.712581  0.516300  0.710112  0.760643  0.700175  0.581495  0.786528  0.741615  0.727044  0.688751  0.725380  0.799711 0.0  0.600286  0.683282  0.560916  0.406592  0.492701  0.573621  0.827372  0.436735  0.817090  0.469864  0.533548  0.653227  0.430798  0.823056  0.275582  0.797582  0.843841  0.735943  0.546761  0.767952  0.000000  0.344487  0.428637  0.739210  0.600142  0.442231  0.649105  0.691416  0.548421  0.493263  0.743164  0.464341  0.407210  0.897990  0.592948  0.755370  0.785269  0.731804  0.622129  0.714262  0.440594  0.789564  0.470550  0.700151  0.621489  0.694862  0.544209  0.622460  0.477742  0.869194  0.746708  0.520966  0.429686  0.615485  0.701810  0.722774  0.813062  0.710528  0.701925  0.870787  0.628339  0.550633  0.639363  0.612417  0.894539  0.669345  0.617668  0.496807  0.482632  0.386247  0.814723  0.318181 
27  0.694627  0.666617  0.758257  0.693902  0.721451  0.618924  0.592898  0.653629  0.678120  0.491431  0.750761  0.665127  0.635667  0.545665  0.597247  0.565326  0.675007  0.502105  0.400877  0.690902  0.546548  0.513857  0.575260  0.649072  0.489365  0.654088  0.600286 0.0  0.227132  0.694401  0.755112  0.637164  0.714630  0.689721  0.742873  0.549303  0.573565  0.630094  0.663100  0.694101  0.704437  0.613297  0.489326  0.636590  0.608138  0.659181  0.680086  0.750380  0.756356  0.714934  0.678850  0.657368  0.813076  0.804376  0.593003  0.749820  0.735948  0.678969  0.667587  0.707519  0.750616  0.421954  0.648681  0.583028  0.368835  0.664118  0.788763  0.734981  0.735351  0.628980  0.446721  0.476835  0.694597  0.656582  0.794890  0.683395  0.765660  0.640038  0.801127  0.737056  0.594308  0.319741  0.722536  0.567196  0.479764  0.662259  0.766558  0.616522  0.726777  0.548077  0.624150  0.694753  0.418861  0.724934  0.599596  0.862723  0.638324  0.807687  0.764268 
28  0.694503  0.483201  0.733783  0.766213  0.782681  0.605605  0.519963  0.529150  0.776081  0.386117  0.648435  0.472046  0.619707  0.542138  0.618294  0.719549  0.607597  0.463722  0.482233  0.498854  0.615190  0.403473  0.511247  0.589945  0.576429  0.721872  0.683282  0.227132 0.0  0.587367  0.748208  0.661089  0.711589  0.646574  0.663280  0.616087  0.701981  0.643971  0.751731  0.783566  0.655694  0.625603  0.574789  0.635624  0.596721  0.610865  0.634314  0.637574  0.731092  0.594366  0.651080  0.809514  0.678085  0.800259  0.631446  0.769382  0.742738  0.708903  0.653323  0.631210  0.624168  0.380668  0.584900  0.525633  0.385938  0.822027  0.836919  0.701869  0.786380  0.650905  0.434290  0.545348  0.503378  0.660755  0.760214  0.625905  0.852997  0.694154  0.782894  0.763053  0.640189  0.485115  0.570843  0.612668  0.633369  0.639283  0.634394  0.615256  0.561064  0.553053  0.514982  0.710850  0.495759  0.765667  0.522431  0.739942  0.673344  0.701020  0.816158 
29  0.791661  0.353390  0.851013  0.670359  0.573587  0.449505  0.199393  0.285274  0.632538  0.607962  0.706102  0.440382  0.413327  0.698048  0.610076  0.555463  0.535409  0.646673  0.662964  0.433822  0.717095  0.499561  0.583319  0.781656  0.653023  0.736190  0.560916  0.694401  0.587367 0.0  0.511685  0.375757  0.395581  0.694586  0.492206  0.712085  0.429852  0.417724  0.347493  0.707436  0.799648  0.615856  0.816317  0.624879  0.582914  0.276736  0.582668  0.532287  0.517376  0.526442  0.693199  0.746796  0.666179  0.217234  0.749283  0.587389  0.693416  0.774125  0.582122  0.525586  0.841475  0.595153  0.673049  0.751682  0.685824  0.736425  0.773713  0.463690  0.659541  0.538256  0.582245  0.534652  0.514886  0.639690  0.685088  0.267477  0.861639  0.591905  0.737992  0.719159  0.299053  0.664752  0.781730  0.760762  0.532413  0.774607  0.757036  0.253235  0.545307  0.437850  0.344833  0.766364  0.750781  0.724316  0.319712  0.661381  0.540211  0.710122  0.524051 
30  0.698459  0.634714  0.774998  0.761164  0.435471  0.638661  0.599782  0.522797  0.605070  0.706137  0.669981  0.637287  0.524931  0.725259  0.710227  0.709395  0.692416  0.863538  0.752237  0.711407  0.710476  0.650897  0.709737  0.803091  0.760396  0.808497  0.406592  0.755112  0.748208  0.511685 0.0  0.544574  0.468570  0.623402  0.469057  0.796060  0.553375  0.625067  0.642232  0.552590  0.825745  0.431335  0.764406  0.800992  0.854887  0.528847  0.889685  0.446667  0.262516  0.355974  0.769267  0.601272  0.550310  0.640073  0.759438  0.519708  0.451579  0.784439  0.489775  0.419488  0.927126  0.652523  0.667440  0.814573  0.744861  0.612057  0.562542  0.132026  0.798604  0.520690  0.731359  0.553970  0.812932  0.476400  0.583158  0.536803  0.796218  0.764647  0.512615  0.402860  0.613143  0.724059  0.731360  0.743616  0.594175  0.875689  0.742962  0.684429  0.428246  0.660900  0.584592  0.901878  0.810567  0.692003  0.654389  0.461199  0.541645  0.903029  0.244399 
31  0.733530  0.489844  0.672934  0.737463  0.441382  0.443410  0.545711  0.536654  0.678342  0.549973  0.673827  0.418303  0.361953  0.663081  0.518213  0.554655  0.494494  0.619696  0.705699  0.618549  0.649339  0.664846  0.710666  0.744440  0.693970  0.707852  0.492701  0.637164  0.661089  0.375757  0.544574 0.0  0.392377  0.761579  0.169945  0.705962  0.540831  0.340867  0.539126  0.607818  0.794576  0.624796  0.773065  0.712630  0.697718  0.336181  0.741762  0.489353  0.511426  0.520267  0.693394  0.763952  0.559938  0.509616  0.854939  0.623106  0.709374  0.732784  0.575364  0.504654  0.789769  0.650555  0.621396  0.725614  0.726173  0.732481  0.712498  0.504976  0.721891  0.405827  0.694022  0.573233  0.640487  0.665965  0.678423  0.469901  0.765857  0.739518  0.628921  0.563694  0.449853  0.782482  0.798396  0.722201  0.664666  0.793858  0.818028  0.574013  0.563771  0.453596  0.367829  0.712137  0.739378  0.692395  0.412633  0.510935  0.361423  0.724742  0.527408 
32  0.806549  0.402089  0.834386  0.742428  0.423096  0.369949  0.405250  0.406903  0.698070  0.610492  0.738402  0.420704  0.371898  0.644452  0.700909  0.664836  0.523720  0.617531  0.662483  0.431145  0.612233  0.656275  0.693985  0.744322  0.712645  0.765685  0.573621  0.714630  0.711589  0.395581  0.468570  0.392377 0.0  0.857662  0.222088  0.708657  0.472055  0.395331  0.504096  0.668235  0.757700  0.572257  0.766061  0.695825  0.642707  0.338977  0.771080  0.366036  0.561785  0.383577  0.680457  0.700319  0.635798  0.479119  0.715780  0.641191  0.572849  0.742523  0.694188  0.598996  0.802868  0.605726  0.591393  0.726666  0.727004  0.671252  0.793343  0.566330  0.703830  0.407320  0.725213  0.656247  0.619593  0.679513  0.696252  0.434097  0.746609  0.868312  0.635057  0.557339  0.394660  0.615909  0.810679  0.719499  0.634277  0.695951  0.845736  0.385884  0.195176  0.548149  0.514220  0.781749  0.689225  0.683607  0.465705  0.601363  0.298941  0.724597  0.453076 
33  0.699239  0.675029  0.793554  0.755054  0.759842  0.647671  0.615748  0.725307  0.832053  0.689880  0.739536  0.747148  0.772822  0.639612  0.595092  0.755780  0.696712  0.659242  0.677525  0.641259  0.613231  0.629806  0.724131  0.720403  0.616207  0.735947  0.827372  0.689721  0.646574  0.694586  0.623402  0.761579  0.857662 0.0  0.728091  0.731424  0.740225  0.617710  0.692456  0.852451  0.660228  0.771418  0.683921  0.778796  0.568198  0.690958  0.628408  0.770703  0.852501  0.619748  0.216349  0.897132  0.718912  0.699758  0.627027  0.779616  0.721227  0.693642  0.672023  0.743986  0.738519  0.747075  0.057906  0.776091  0.566790  0.786435  0.667658  0.829260  0.747541  0.717658  0.712481  0.665033  0.628432  0.883319  0.738618  0.704520  0.720489  0.676162  0.830275  0.807879  0.645356  0.608493  0.727339  0.720326  0.615401  0.556677  0.811472  0.609153  0.654607  0.668648  0.670349  0.684279  0.559312  0.719982  0.654568  0.801114  0.839978  0.803946  0.786613 
34  0.698791  0.459981  0.755267  0.693811  0.428650  0.444969  0.446906  0.301622  0.635793  0.640175  0.774808  0.308564  0.310158  0.689511  0.606483  0.587361  0.621209  0.587197  0.774147  0.490399  0.705769  0.625933  0.703165  0.725089  0.819243  0.902046  0.436735  0.742873  0.663280  0.492206  0.469057  0.169945  0.222088  0.728091 0.0  0.611316  0.556558  0.298513  0.449656  0.661542  0.787974  0.523832  0.778821  0.848680  0.617921  0.147239  0.763296  0.528837  0.549559  0.477693  0.871492  0.629318  0.577777  0.452808  0.669647  0.516003  0.607201  0.850708  0.469722  0.659244  0.755097  0.602684  0.657270  0.711115  0.674450  0.815537  0.677536  0.606027  0.742943  0.503933  0.625406  0.562277  0.745025  0.651636  0.662047  0.459378  0.760882  0.813550  0.698648  0.523138  0.348558  0.780723  0.666194  0.781611  0.667156  0.803272  0.836701  0.418544  0.384303  0.562283  0.459746  0.802731  0.661918  0.786055  0.534708  0.680148  0.365476  0.876204  0.464898 
35  0.539000  0.727446  0.753577  0.519594  0.667091  0.658131  0.685598  0.736314  0.732041  0.555800  0.675352  0.777564  0.552282  0.612092  0.577816  0.637671  0.706736  0.462677  0.519972  0.735717  0.639070  0.481487  0.340234  0.498144  0.526834  0.694097  0.817090  0.549303  0.616087  0.712085  0.796060  0.705962  0.708657  0.731424  0.611316 0.0  0.683289  0.774411  0.832910  0.863967  0.700529  0.745151  0.504618  0.510874  0.637120  0.687286  0.531557  0.736240  0.726405  0.687088  0.652888  0.812066  0.715535  0.618265  0.418685  0.734458  0.772952  0.600081  0.802456  0.717927  0.643090  0.551075  0.652365  0.569273  0.540069  0.854556  0.745810  0.803796  0.737678  0.711188  0.467565  0.619137  0.481446  0.692050  0.699377  0.722696  0.764842  0.693653  0.846508  0.742387  0.676104  0.608606  0.424973  0.528025  0.745522  0.646098  0.657712  0.584890  0.665478  0.678189  0.586188  0.562378  0.595041  0.774329  0.591153  0.784800  0.787545  0.712177  0.702602 
36  0.759325  0.448779  0.852322  0.784195  0.634743  0.148980  0.331443  0.440081  0.642933  0.638396  0.847886  0.481622  0.492462  0.646414  0.656472  0.721017  0.541120  0.671588  0.647290  0.255324  0.682286  0.695102  0.705726  0.816956  0.716343  0.739535  0.469864  0.573565  0.701981  0.429852  0.553375  0.540831  0.472055  0.740225  0.556558  0.683289 0.0  0.408894  0.494119  0.693229  0.744249  0.780473  0.725481  0.776442  0.742381  0.322612  0.709113  0.654712  0.608655  0.519879  0.647818  0.693789  0.705667  0.407390  0.667246  0.617144  0.707465  0.853313  0.704700  0.717059  0.671367  0.594011  0.739647  0.839397  0.646186  0.752018  0.702876  0.601842  0.812628  0.517777  0.574551  0.464554  0.552508  0.683813  0.682352  0.493023  0.742173  0.694525  0.680631  0.594391  0.467594  0.506435  0.775625  0.752911  0.292741  0.736647  0.790517  0.545749  0.468207  0.489817  0.431041  0.840591  0.676860  0.747251  0.391959  0.661505  0.625369  0.865264  0.583739 
37  0.764344  0.334838  0.830958  0.702161  0.587848  0.397502  0.213766  0.322831  0.701851  0.592347  0.804912  0.312602  0.030366  0.758271  0.613505  0.712842  0.512594  0.541103  0.718231  0.461486  0.763115  0.546052  0.550183  0.704661  0.639872  0.842432  0.533548  0.630094  0.643971  0.417724  0.625067  0.340867  0.395331  0.617710  0.298513  0.774411  0.408894 0.0  0.240067  0.699134  0.791708  0.467888  0.709728  0.734190  0.792197  0.092643  0.690289  0.549501  0.480417  0.474580  0.723475  0.823415  0.605853  0.390362  0.674825  0.508916  0.692700  0.778139  0.697382  0.630458  0.694618  0.611009  0.779392  0.728638  0.679622  0.731404  0.762507  0.508404  0.706327  0.390045  0.616008  0.583363  0.526761  0.731883  0.554250  0.352551  0.763040  0.880276  0.690704  0.544257  0.267323  0.725309  0.767157  0.697852  0.545289  0.734474  0.873422  0.343064  0.426363  0.585347  0.400556  0.776527  0.814447  0.716042  0.420101  0.641616  0.437330  0.737483  0.556862 
38  0.814643  0.334456  0.873470  0.645119  0.586292  0.373789  0.388312  0.111314  0.644854  0.559440  0.637937  0.359428  0.421091  0.721597  0.446681  0.648938  0.556592  0.539039  0.608016  0.470958  0.712115  0.601485  0.637387  0.776449  0.805526  0.685479  0.653227  0.663100  0.751731  0.347493  0.642232  0.539126  0.504096  0.692456  0.449656  0.832910  0.494119  0.240067 0.0  0.684648  0.798487  0.499159  0.737949  0.680323  0.614478  0.359767  0.597089  0.439171  0.495416  0.510023  0.643429  0.660001  0.668155  0.325310  0.638749  0.646488  0.605103  0.734470  0.509659  0.660214  0.837515  0.653189  0.699995  0.693624  0.627775  0.638346  0.695677  0.569428  0.768337  0.600658  0.594819  0.548332  0.682213  0.673962  0.643408  0.182973  0.733481  0.851270  0.737675  0.640755  0.371722  0.632684  0.700310  0.767772  0.511321  0.648598  0.828815  0.230733  0.525551  0.621348  0.451437  0.774066  0.709674  0.692503  0.313449  0.794367  0.586268  0.815309  0.548841 
39  0.833290  0.624179  0.804663  0.763693  0.671010  0.671151  0.724169  0.613372  0.498709  0.696404  0.777256  0.622209  0.526615  0.783644  0.680182  0.850284  0.682166  0.659104  0.734865  0.550687  0.810025  0.797184  0.859411  0.824443  0.611756  0.905355  0.430798  0.694101  0.783566  0.707436  0.552590  0.607818  0.668235  0.852451  0.661542  0.863967  0.693229  0.699134  0.684648 0.0  0.782568  0.423134  0.820268  0.833560  0.663113  0.558814  0.861687  0.574424  0.483714  0.504484  0.739471  0.548342  0.494736  0.617374  0.802130  0.425048  0.448761  0.751996  0.557511  0.338220  0.806392  0.771933  0.702310  0.833558  0.764721  0.561364  0.521329  0.493274  0.767246  0.583703  0.642961  0.733964  0.748751  0.482261  0.321369  0.669174  0.751094  0.887044  0.556637  0.362493  0.538160  0.774880  0.761103  0.868881  0.769650  0.869323  0.918605  0.659152  0.651058  0.707547  0.675314  0.794567  0.838004  0.509730  0.678377  0.182731  0.527667  0.812648  0.569887 
