197
0 0.0  0.583406  0.548380  0.452229  0.253368  0.474673  0.267117  0.466418  0.567401  0.479594  0.691646  0.460514  0.561506  0.611095  0.606890  0.528342  0.407540  0.544242  0.333347  0.680422  0.516408  0.476110  0.502214  0.618270  0.662653  0.549322  0.497354  0.381315  0.636652  0.742611  0.504918  0.458074  0.767271  0.548324  0.467033  0.583776  0.382827  0.427300  0.493795  0.526951  0.589066  0.483767  0.577224  0.494254  0.480986  0.265250  0.490299  0.653290  0.476422  0.605909  0.519465  0.420051  0.485047  0.493653  0.388049  0.774973  0.521820  0.629324  0.439367  0.306068  0.586568  0.639567  0.563601  0.561100  0.461335  0.550762  0.535060  0.509447  0.404251  0.577446  0.592830  0.571510  0.439407  0.436085  0.657629  0.715309  0.455088  0.457694  0.558270  0.530089  0.605693  0.441948  0.546369  0.505731  0.518177  0.477111  0.477490  0.639950  0.635094  0.566785  0.530118  0.604702  0.504178  0.572355  0.657378  0.455437  0.380216  0.469076  0.540193  0.551632  0.708878  0.731494  0.759298  0.509521  0.512749  0.465702  0.485236  0.768903  0.570992  0.514208  0.455216  0.557826  0.478195  0.545687  0.540367  0.663249  0.677155  0.718893  0.534204  0.439311  0.605539  0.402177  0.746072  0.525085  0.553457  0.525249  0.489456  0.499093  0.634929  0.574942  0.502056  0.601672  0.613377  0.525592  0.570072  0.476851  0.491915  0.586178  0.427969  0.520745  0.420301  0.466187  0.412334  0.580745  0.336724  0.503641  0.643755  0.622330  0.643578  0.651055  0.672630  0.566788  0.476763  0.509619  0.623478  0.441846  0.715542  0.588168  0.559198  0.543024  0.543047  0.564056  0.486738  0.581683  0.486016  0.619445  0.527252  0.401513  0.756451  0.554264  0.642018  0.582610  0.796008  0.614840  0.663581  0.515948  0.696635  0.687823  0.509032  0.670492  0.546060  0.468154  0.668408  0.535192  0.685577  0.672527  0.543683  0.576682  0.557354  0.488887  0.685155  0.564519  0.495356  0.547567  0.592951  0.554966  0.672343 
1  0.583406 0.0  0.380966  0.467097  0.530078  0.549834  0.525421  0.400662  0.492120  0.676040  0.799634  0.396102  0.358028  0.505027  0.643984  0.421528  0.438597  0.355932  0.480902  0.667284  0.594134  0.503009  0.330190  0.467359  0.714007  0.569235  0.508481  0.425742  0.629220  0.564238  0.333059  0.512251  0.747661  0.494020  0.470525  0.497931  0.623623  0.497037  0.641602  0.531833  0.458412  0.559703  0.406317  0.494119  0.594804  0.570217  0.384317  0.485876  0.392585  0.502003  0.721423  0.602019  0.553740  0.423889  0.551866  0.634650  0.687512  0.571534  0.639767  0.307813  0.529732  0.524544  0.409790  0.484751  0.399480  0.440764  0.538169  0.198551  0.497131  0.711339  0.439834  0.386139  0.436470  0.570589  0.487118  0.420229  0.501032  0.400055  0.463109  0.534594  0.434438  0.419705  0.511701  0.675010  0.586158  0.445166  0.449455  0.794554  0.500606  0.421739  0.404117  0.394221  0.442740  0.444714  0.500987  0.499432  0.481735  0.560795  0.440025  0.389651  0.663354  0.773189  0.841245  0.597947  0.534871  0.464832  0.496652  0.779541  0.616198  0.659570  0.437517  0.507551  0.412344  0.434583  0.441782  0.787558  0.460450  0.747675  0.463840  0.452948  0.392046  0.441230  0.641862  0.551852  0.514622  0.509692  0.435900  0.625739  0.559677  0.550425  0.481150  0.439973  0.556480  0.668368  0.404139  0.518438  0.481109  0.540993  0.485213  0.468698  0.528866  0.670269  0.252927  0.440825  0.382047  0.707845  0.452455  0.369289  0.552726  0.472150  0.736550  0.473072  0.715454  0.507178  0.680308  0.455812  0.538756  0.522862  0.506557  0.456753  0.507121  0.333956  0.551920  0.387978  0.606584  0.467909  0.496452  0.459968  0.724481  0.576895  0.525702  0.584503  0.751234  0.457213  0.521441  0.344765  0.448277  0.665008  0.591800  0.515423  0.586460  0.373800  0.538860  0.531965  0.771130  0.396782  0.479674  0.571121  0.807509  0.497311  0.795934  0.498362  0.568561  0.425643  0.527324  0.697022  0.452275 
2  0.548380  0.380966 0.0  0.536471  0.504178  0.546691  0.587856  0.174909  0.240002  0.738555  0.800506  0.438654  0.317831  0.430526  0.628379  0.494262  0.476276  0.486714  0.547113  0.635417  0.598526  0.390770  0.410067  0.469702  0.655167  0.454234  0.422389  0.330596  0.616942  0.579488  0.482922  0.425111  0.642107  0.554711  0.446672  0.439774  0.476657  0.476642  0.645957  0.401993  0.428752  0.388920  0.324431  0.453193  0.520927  0.602387  0.395156  0.467517  0.459670  0.388535  0.625036  0.355660  0.555174  0.323920  0.554027  0.533983  0.651244  0.572108  0.409577  0.578301  0.496972  0.352702  0.384522  0.449540  0.527008  0.467964  0.269845  0.438120  0.481007  0.651512  0.360961  0.529183  0.497517  0.446052  0.484710  0.491535  0.513426  0.638689  0.369425  0.471261  0.458299  0.516960  0.428002  0.580358  0.439476  0.393166  0.397540  0.674826  0.386351  0.435760  0.518111  0.484634  0.494215  0.400457  0.403965  0.558295  0.474608  0.613066  0.442383  0.466297  0.676519  0.582561  0.759090  0.536685  0.514821  0.156826  0.605913  0.585781  0.472892  0.692130  0.571217  0.462243  0.202381  0.447060  0.381873  0.720321  0.498637  0.661954  0.254810  0.436380  0.461078  0.498610  0.610000  0.414505  0.467468  0.562443  0.462848  0.750682  0.463336  0.488006  0.486199  0.547767  0.428117  0.599396  0.503885  0.601926  0.332947  0.450130  0.611840  0.473526  0.253003  0.679756  0.398367  0.353234  0.451931  0.696389  0.476025  0.556938  0.379139  0.626371  0.661843  0.521241  0.460518  0.553771  0.684221  0.439088  0.433158  0.453396  0.453172  0.410421  0.455059  0.477642  0.440333  0.456976  0.573673  0.415993  0.407806  0.585128  0.692065  0.563834  0.543922  0.427487  0.850902  0.371693  0.471252  0.387097  0.457039  0.641462  0.414068  0.449978  0.611475  0.468156  0.473028  0.583591  0.728941  0.484242  0.342435  0.629474  0.751726  0.536003  0.715309  0.423451  0.601130  0.445964  0.296696  0.568874  0.438570 
3  0.452229  0.467097  0.536471 0.0  0.357051  0.391322  0.412507  0.571657  0.477726  0.757025  0.812900  0.598976  0.576397  0.516161  0.579693  0.534447  0.579781  0.470643  0.293671  0.540875  0.563612  0.418155  0.501846  0.600862  0.757025  0.678207  0.566455  0.595036  0.732994  0.610915  0.499676  0.543189  0.670533  0.560427  0.495487  0.472071  0.575861  0.396655  0.678576  0.523885  0.554187  0.413595  0.485812  0.466111  0.427917  0.317882  0.533329  0.685498  0.373285  0.483912  0.752753  0.312470  0.593779  0.512678  0.339549  0.625205  0.600514  0.582946  0.487611  0.441412  0.622635  0.546288  0.568480  0.565809  0.495842  0.549820  0.520962  0.509071  0.580388  0.649519  0.572649  0.559844  0.416206  0.503848  0.592203  0.484981  0.525023  0.454146  0.498178  0.495899  0.558088  0.471317  0.413823  0.571445  0.617181  0.546464  0.543426  0.639328  0.568931  0.398807  0.458588  0.501820  0.600132  0.457468  0.507126  0.567619  0.330508  0.494418  0.595764  0.575809  0.487132  0.695336  0.770759  0.533249  0.620250  0.714425  0.485971  0.711431  0.624590  0.638529  0.567270  0.474906  0.480145  0.551992  0.535766  0.797717  0.491842  0.846604  0.508805  0.472501  0.603120  0.554691  0.707601  0.570423  0.467104  0.583345  0.507102  0.582253  0.653741  0.501643  0.383266  0.497435  0.474284  0.557632  0.462332  0.595958  0.497391  0.541932  0.393217  0.438203  0.560097  0.585042  0.486491  0.544554  0.377932  0.583803  0.584363  0.650591  0.533075  0.562451  0.800054  0.463357  0.706913  0.475331  0.704103  0.525476  0.653715  0.477920  0.520500  0.661732  0.562535  0.459670  0.516922  0.496126  0.579296  0.521747  0.539396  0.448102  0.766736  0.483801  0.531116  0.491865  0.677844  0.612870  0.491877  0.446782  0.603066  0.756055  0.590078  0.587752  0.578349  0.548613  0.499690  0.499203  0.782769  0.505298  0.516092  0.654160  0.781039  0.445863  0.684848  0.516687  0.564022  0.571424  0.489527  0.619128  0.492713 
4  0.253368  0.530078  0.504178  0.357051 0.0  0.469137  0.406579  0.568995  0.503530  0.629975  0.723031  0.434984  0.434279  0.597367  0.628562  0.535624  0.432187  0.581155  0.380298  0.591473  0.570323  0.610613  0.516873  0.480057  0.671900  0.446310  0.489082  0.567034  0.545892  0.573859  0.588988  0.638291  0.719010  0.592154  0.420625  0.601354  0.542626  0.400010  0.549945  0.530945  0.733272  0.580210  0.627438  0.505642  0.544319  0.407998  0.398287  0.616409  0.395339  0.577758  0.566630  0.535998  0.493345  0.601309  0.244995  0.583574  0.668751  0.712904  0.507307  0.536227  0.569653  0.541160  0.509363  0.490107  0.532863  0.559074  0.578556  0.518264  0.423928  0.704125  0.551218  0.629049  0.463880  0.494754  0.598666  0.587752  0.513551  0.657129  0.564620  0.538241  0.567254  0.493809  0.546418  0.700033  0.651356  0.583244  0.508604  0.605875  0.564983  0.538118  0.542241  0.616641  0.487295  0.558891  0.567031  0.509711  0.421868  0.608960  0.626748  0.534789  0.648757  0.760634  0.732878  0.635975  0.591883  0.617274  0.354405  0.704769  0.553281  0.627030  0.487193  0.553860  0.581975  0.465239  0.642267  0.715505  0.666432  0.691131  0.610071  0.470197  0.541903  0.660550  0.790969  0.539034  0.523147  0.530601  0.596503  0.656699  0.659410  0.463016  0.597220  0.491080  0.629838  0.572107  0.578979  0.543924  0.406913  0.615026  0.274081  0.613026  0.570334  0.456644  0.619856  0.639119  0.384408  0.594486  0.680315  0.643689  0.431951  0.624546  0.731741  0.589098  0.481791  0.516238  0.642901  0.544606  0.610890  0.480716  0.622403  0.711138  0.699578  0.525374  0.619199  0.490812  0.606493  0.535517  0.481146  0.507710  0.716693  0.534245  0.613726  0.602016  0.743332  0.541110  0.699372  0.576039  0.748655  0.648021  0.543592  0.443177  0.559428  0.512008  0.606987  0.486461  0.696399  0.591361  0.530511  0.612085  0.685484  0.546754  0.780392  0.669920  0.494651  0.611654  0.529128  0.545627  0.390996 
5  0.474673  0.549834  0.546691  0.391322  0.469137 0.0  0.381165  0.553012  0.439938  0.542084  0.758949  0.485352  0.589536  0.658191  0.629371  0.561018  0.477076  0.527429  0.516306  0.625659  0.541457  0.452780  0.474005  0.587700  0.679085  0.651389  0.620753  0.491140  0.739853  0.573634  0.494923  0.562267  0.740484  0.488175  0.367043  0.535626  0.400482  0.507335  0.765684  0.572595  0.503181  0.558193  0.597848  0.431201  0.563617  0.320746  0.530353  0.618298  0.523058  0.536123  0.647112  0.571448  0.691533  0.640186  0.472140  0.502264  0.493042  0.470239  0.484109  0.524841  0.520426  0.604695  0.512117  0.601934  0.602420  0.525840  0.546160  0.562300  0.552289  0.610411  0.587180  0.547120  0.459625  0.472458  0.496912  0.547548  0.579004  0.510472  0.654950  0.552214  0.495942  0.567429  0.481460  0.494302  0.479424  0.520306  0.613150  0.737918  0.658998  0.488196  0.696985  0.527957  0.614351  0.649482  0.634213  0.531385  0.343019  0.483673  0.485957  0.550520  0.446230  0.734559  0.677537  0.632868  0.485585  0.533161  0.520597  0.660832  0.564248  0.597250  0.664646  0.450278  0.657379  0.599555  0.672158  0.706838  0.462730  0.610708  0.544631  0.639007  0.627184  0.669650  0.829019  0.527237  0.576266  0.529790  0.614757  0.529567  0.501793  0.571375  0.788493  0.492580  0.588775  0.696446  0.462544  0.562896  0.597486  0.524540  0.435843  0.546982  0.691669  0.545094  0.637407  0.598382  0.498304  0.605183  0.505317  0.610137  0.478841  0.659083  0.680850  0.704395  0.546011  0.684818  0.707923  0.579251  0.532724  0.573451  0.586474  0.560292  0.549134  0.513012  0.546340  0.471990  0.594391  0.518258  0.468834  0.464199  0.793043  0.471315  0.564473  0.527951  0.735454  0.482243  0.657776  0.515103  0.591890  0.630904  0.617860  0.547683  0.582168  0.571411  0.574143  0.556604  0.792194  0.615899  0.595380  0.543455  0.759689  0.604637  0.731858  0.555585  0.495224  0.577231  0.512478  0.514572  0.635358 
6  0.267117  0.525421  0.587856  0.412507  0.406579  0.381165 0.0  0.625345  0.539143  0.608633  0.599926  0.606922  0.523230  0.527823  0.629728  0.543914  0.430494  0.505749  0.308901  0.523682  0.610815  0.468779  0.481094  0.585743  0.695011  0.588221  0.470045  0.516461  0.653926  0.591791  0.602669  0.542134  0.665778  0.495905  0.456717  0.602001  0.478556  0.540996  0.465285  0.468077  0.545534  0.372007  0.570422  0.416703  0.558549  0.282299  0.429667  0.592161  0.443699  0.559926  0.623044  0.414376  0.658663  0.444159  0.342297  0.600155  0.667802  0.743787  0.498487  0.415614  0.522198  0.476727  0.596797  0.485136  0.482390  0.613525  0.652332  0.500572  0.582776  0.697973  0.608446  0.635052  0.335752  0.577749  0.598243  0.454633  0.527499  0.473793  0.596065  0.479821  0.651476  0.534084  0.416976  0.496711  0.618645  0.488739  0.506901  0.658457  0.611354  0.464205  0.593042  0.565458  0.454158  0.655949  0.533924  0.547990  0.472426  0.645543  0.510697  0.655701  0.629186  0.702941  0.544596  0.565803  0.541224  0.549661  0.621184  0.777980  0.520565  0.609449  0.577868  0.530883  0.472483  0.570818  0.515610  0.591552  0.506462  0.626776  0.604495  0.511339  0.407574  0.690433  0.741339  0.585721  0.506829  0.518197  0.631590  0.675038  0.607875  0.485568  0.560056  0.432244  0.501431  0.596156  0.494183  0.551035  0.580014  0.577582  0.290616  0.456561  0.451833  0.496605  0.572423  0.565135  0.557505  0.634390  0.584463  0.687597  0.582091  0.748440  0.688961  0.497525  0.679761  0.511394  0.654351  0.603656  0.534534  0.522771  0.501583  0.485906  0.507011  0.570581  0.580672  0.565374  0.602140  0.387001  0.505128  0.461960  0.736020  0.449651  0.753977  0.512151  0.736422  0.505261  0.615667  0.510022  0.561637  0.693513  0.539441  0.565599  0.449227  0.562007  0.637378  0.453705  0.595493  0.536072  0.520472  0.543758  0.636482  0.499898  0.633851  0.504478  0.451191  0.503049  0.520843  0.716652  0.533354 
7  0.466418  0.400662  0.174909  0.571657  0.568995  0.553012  0.625345 0.0  0.184942  0.643876  0.713533  0.486324  0.466561  0.522468  0.711619  0.296134  0.433640  0.353169  0.567771  0.580609  0.527098  0.348257  0.247025  0.281924  0.693166  0.462243  0.431470  0.310725  0.747558  0.480689  0.463096  0.385310  0.606025  0.476991  0.340552  0.533512  0.483677  0.411616  0.716137  0.369382  0.482142  0.452841  0.403336  0.536630  0.397648  0.648069  0.333907  0.517685  0.466278  0.321890  0.567655  0.522560  0.593351  0.449214  0.493762  0.569551  0.665686  0.381282  0.468626  0.448282  0.521906  0.591629  0.396747  0.387755  0.448541  0.435784  0.449223  0.450059  0.421956  0.654980  0.493202  0.433257  0.551769  0.459208  0.392322  0.343826  0.569717  0.544387  0.360619  0.423324  0.471319  0.448974  0.500268  0.494112  0.517236  0.434881  0.352885  0.619567  0.428489  0.462004  0.487266  0.475665  0.480556  0.490136  0.443082  0.496510  0.501999  0.720633  0.494376  0.436107  0.596850  0.569081  0.559345  0.596459  0.295816  0.345338  0.535782  0.712613  0.676630  0.680557  0.485326  0.467556  0.191652  0.427393  0.443826  0.716592  0.442334  0.731559  0.386869  0.347609  0.368475  0.542341  0.695260  0.325240  0.439547  0.551434  0.477993  0.606269  0.473377  0.508829  0.514470  0.627048  0.343520  0.602015  0.426422  0.446186  0.537069  0.352057  0.579052  0.466995  0.286979  0.684974  0.361261  0.425252  0.404303  0.672869  0.529064  0.579472  0.443361  0.823716  0.761225  0.407343  0.514024  0.551573  0.659088  0.364864  0.611987  0.494241  0.393369  0.373776  0.526720  0.455917  0.392577  0.443555  0.514128  0.331590  0.505814  0.437874  0.739397  0.598713  0.394302  0.425073  0.714198  0.292618  0.546751  0.310487  0.397124  0.610089  0.489490  0.464707  0.612410  0.282876  0.455110  0.567411  0.596607  0.242753  0.402785  0.569003  0.757435  0.581304  0.713704  0.417752  0.634450  0.449249  0.367874  0.630660  0.519231 
8  0.567401  0.492120  0.240002  0.477726  0.503530  0.439938  0.539143  0.184942 0.0  0.678275  0.710822  0.398917  0.347344  0.430964  0.575677  0.406505  0.507371  0.539525  0.672712  0.562172  0.562623  0.493203  0.311206  0.514301  0.701632  0.478259  0.377680  0.345788  0.622775  0.450492  0.436347  0.466251  0.703098  0.452657  0.394885  0.586155  0.499616  0.452457  0.587745  0.364784  0.449954  0.400900  0.259660  0.486460  0.373384  0.530839  0.445238  0.439693  0.395489  0.329903  0.519765  0.466644  0.592891  0.366420  0.442495  0.529581  0.599139  0.527752  0.507849  0.578051  0.473482  0.587488  0.517562  0.391720  0.413584  0.484522  0.430792  0.385160  0.493256  0.682885  0.403617  0.486387  0.516228  0.351946  0.438042  0.475790  0.354078  0.490391  0.588648  0.455775  0.485367  0.489744  0.432767  0.597883  0.549369  0.330494  0.422278  0.698330  0.351418  0.458728  0.460999  0.310253  0.428583  0.540757  0.401273  0.358605  0.463813  0.691465  0.480849  0.420214  0.639467  0.636631  0.677731  0.546077  0.353964  0.174050  0.525030  0.607115  0.557296  0.634161  0.493870  0.348545  0.214555  0.447666  0.526695  0.634742  0.523086  0.718430  0.356893  0.401827  0.391097  0.445809  0.581537  0.378796  0.414162  0.507763  0.401886  0.614617  0.538465  0.413097  0.458366  0.461375  0.447391  0.519512  0.460593  0.548074  0.440051  0.511556  0.570918  0.471012  0.288869  0.527451  0.548372  0.382830  0.463748  0.686503  0.538393  0.446009  0.487873  0.624426  0.742842  0.448317  0.478871  0.500005  0.626164  0.545692  0.536154  0.388572  0.461489  0.414715  0.521522  0.448474  0.469541  0.434041  0.724469  0.474798  0.414522  0.427767  0.554342  0.590163  0.594859  0.426628  0.804475  0.361280  0.650115  0.490758  0.514909  0.724635  0.500609  0.449920  0.695301  0.372578  0.557732  0.545025  0.657527  0.430773  0.386573  0.707085  0.727841  0.591296  0.669332  0.413500  0.657685  0.443372  0.342084  0.700262  0.352580 
9  0.479594  0.676040  0.738555  0.757025  0.629975  0.542084  0.608633  0.643876  0.678275 0.0  0.854465  0.598745  0.533406  0.609090  0.664890  0.644616  0.602877  0.696767  0.554999  0.575421  0.588287  0.745571  0.573264  0.613465  0.832996  0.664045  0.516612  0.557012  0.759397  0.533316  0.625881  0.675320  0.828608  0.621721  0.579509  0.592062  0.526623  0.569150  0.749534  0.650738  0.526962  0.536273  0.642233  0.567713  0.543717  0.561085  0.479612  0.622289  0.683029  0.661301  0.596292  0.563314  0.669741  0.699805  0.576077  0.225096  0.264851  0.616724  0.674494  0.612447  0.424351  0.668118  0.507885  0.643764  0.615764  0.729167  0.514593  0.643750  0.597034  0.448905  0.631553  0.518935  0.566407  0.518968  0.626119  0.591458  0.543598  0.711615  0.778757  0.629316  0.593323  0.645654  0.473642  0.692845  0.587511  0.620950  0.537748  0.859295  0.650305  0.579754  0.635042  0.583750  0.622205  0.576888  0.770173  0.528290  0.737362  0.348423  0.676811  0.609646  0.407755  0.784064  0.824872  0.503623  0.719112  0.652638  0.497097  0.836688  0.393816  0.448120  0.554785  0.468807  0.728427  0.667627  0.666603  0.837248  0.726119  0.903729  0.498328  0.731241  0.694954  0.692922  0.848692  0.666241  0.568498  0.557175  0.805157  0.232529  0.526809  0.591411  0.633680  0.498161  0.746476  0.592155  0.591690  0.407983  0.733020  0.624368  0.807002  0.707913  0.564460  0.697526  0.698804  0.686368  0.602204  0.304911  0.632597  0.563369  0.467483  0.834692  0.831402  0.610223  0.585496  0.668442  0.808025  0.710084  0.597329  0.707213  0.631996  0.658902  0.601691  0.648907  0.724112  0.685227  0.575201  0.680611  0.546664  0.638090  0.763301  0.609007  0.631581  0.491075  0.805141  0.750318  0.706864  0.657316  0.631730  0.711047  0.559002  0.497250  0.638366  0.683616  0.770447  0.564695  0.866865  0.733430  0.638221  0.696856  0.917413  0.562140  0.798034  0.690268  0.409458  0.670434  0.600899  0.301155  0.607810 
10  0.691646  0.799634  0.800506  0.812900  0.723031  0.758949  0.599926  0.713533  0.710822  0.854465 0.0  0.732710  0.758843  0.850428  0.667770  0.763891  0.695203  0.708593  0.742491  0.651650  0.754812  0.744284  0.643117  0.610149  0.563930  0.739061  0.753798  0.756167  0.512935  0.648733  0.722364  0.766832  0.558739  0.748009  0.674269  0.682544  0.684193  0.705855  0.816608  0.638126  0.853535  0.737739  0.723189  0.667424  0.752980  0.794017  0.733320  0.867821  0.590290  0.637809  0.792691  0.711769  0.728887  0.640656  0.788928  0.814113  0.898201  0.748704  0.673244  0.665400  0.797007  0.821456  0.751462  0.806933  0.798631  0.778183  0.710230  0.633070  0.666899  0.756334  0.826613  0.765810  0.657777  0.738876  0.891736  0.737062  0.830297  0.689883  0.820189  0.809865  0.714160  0.820475  0.798430  0.809602  0.760941  0.809730  0.668914  0.637322  0.753432  0.817720  0.775612  0.731613  0.867756  0.880696  0.710993  0.760376  0.659020  0.911709  0.740588  0.810948  0.856060  0.586629  0.307802  0.780574  0.605626  0.674622  0.806524  0.408250  0.672483  0.916865  0.823305  0.596425  0.802163  0.781336  0.763474  0.381426  0.782849  0.363169  0.687930  0.817306  0.771606  0.607208  0.730284  0.822458  0.660159  0.652734  0.755244  0.945709  0.777855  0.743163  0.825266  0.768670  0.788495  0.736619  0.760054  0.817706  0.708639  0.790761  0.672826  0.738797  0.773180  0.732038  0.760569  0.769272  0.750347  0.842472  0.772530  0.889220  0.742934  0.674833  0.610429  0.845673  0.857657  0.824859  0.740314  0.858122  0.796738  0.639349  0.844033  0.635043  0.851915  0.697644  0.755127  0.783351  0.777071  0.687322  0.744584  0.742367  0.497574  0.707061  0.732661  0.704915  0.378060  0.895277  0.759888  0.777714  0.870237  0.704768  0.857010  0.826291  0.704285  0.752165  0.861440  0.812718  0.320232  0.827328  0.704423  0.837905  0.692588  0.724119  0.236233  0.701365  0.678167  0.637488  0.613437  0.880621  0.787557 
11  0.460514  0.396102  0.438654  0.598976  0.434984  0.485352  0.606922  0.486324  0.398917  0.598745  0.732710 0.0  0.516765  0.328481  0.707312  0.373276  0.285277  0.386659  0.448258  0.545315  0.597655  0.431355  0.412463  0.506660  0.733946  0.461165  0.394727  0.305994  0.631888  0.593636  0.399320  0.505709  0.727376  0.498362  0.489453  0.420122  0.622099  0.529342  0.587715  0.477159  0.485621  0.489139  0.219091  0.400723  0.451964  0.391991  0.310620  0.547782  0.462112  0.342453  0.586229  0.548878  0.556757  0.384165  0.314536  0.586770  0.518338  0.587632  0.546023  0.506359  0.487453  0.583682  0.362771  0.379892  0.554081  0.509450  0.480548  0.549018  0.413454  0.591842  0.526234  0.591471  0.427881  0.350204  0.543890  0.475281  0.600990  0.550839  0.445078  0.394883  0.460641  0.395699  0.538200  0.646755  0.580565  0.398164  0.471174  0.576819  0.396169  0.440886  0.346168  0.390503  0.268116  0.489390  0.431727  0.356507  0.620919  0.573480  0.506544  0.416504  0.700954  0.690154  0.767329  0.520500  0.243413  0.390505  0.521010  0.790044  0.453297  0.505618  0.241620  0.502964  0.378487  0.362081  0.562071  0.877131  0.464473  0.851436  0.457616  0.321874  0.432057  0.510133  0.700225  0.444286  0.464472  0.651551  0.396451  0.655716  0.439825  0.541067  0.487891  0.424588  0.512462  0.496247  0.376688  0.554653  0.438850  0.471686  0.646336  0.558471  0.360355  0.529043  0.422589  0.468872  0.451087  0.632268  0.564691  0.537293  0.556119  0.672759  0.750786  0.465620  0.581950  0.476161  0.680664  0.340160  0.469019  0.402241  0.423899  0.426764  0.479929  0.325955  0.435727  0.452926  0.483306  0.378944  0.447745  0.466236  0.668896  0.506108  0.551936  0.615959  0.862810  0.430985  0.545520  0.360071  0.425419  0.768726  0.439297  0.447771  0.538425  0.345248  0.521485  0.481608  0.723672  0.495307  0.422223  0.720478  0.694948  0.558163  0.631273  0.460615  0.572113  0.355859  0.589453  0.585820  0.489469 
12  0.561506  0.358028  0.317831  0.576397  0.434279  0.589536  0.523230  0.466561  0.347344  0.533406  0.758843  0.516765 0.0  0.420180  0.583250  0.292134  0.465503  0.310682  0.616943  0.523165  0.631662  0.477700  0.422079  0.395631  0.863332  0.413533  0.270907  0.317762  0.759563  0.612019  0.412161  0.418146  0.798386  0.463971  0.467946  0.415436  0.445168  0.571842  0.646292  0.398470  0.347497  0.526465  0.323141  0.634872  0.504834  0.583465  0.416113  0.443831  0.559248  0.286667  0.594377  0.550541  0.528951  0.451223  0.620445  0.567544  0.578427  0.524784  0.568278  0.561222  0.561817  0.305341  0.345737  0.343773  0.336150  0.403262  0.364520  0.500874  0.451729  0.711873  0.405772  0.542570  0.497172  0.494338  0.575399  0.431067  0.455810  0.575564  0.330222  0.419224  0.481867  0.440197  0.517526  0.606600  0.614441  0.407439  0.478947  0.620283  0.345816  0.296247  0.247654  0.297768  0.271034  0.357504  0.398028  0.355442  0.570585  0.582584  0.405007  0.395148  0.563894  0.865114  0.757870  0.537271  0.432399  0.435498  0.535419  0.684268  0.421739  0.632600  0.388797  0.523223  0.366331  0.372134  0.421584  0.826544  0.484746  0.746503  0.555993  0.270393  0.502151  0.625044  0.755667  0.388590  0.342676  0.634777  0.295789  0.727279  0.398287  0.630983  0.369763  0.461429  0.378095  0.763456  0.294914  0.559321  0.390110  0.488838  0.526472  0.344304  0.324283  0.659796  0.224724  0.276936  0.457380  0.712339  0.551071  0.505868  0.569492  0.610748  0.787582  0.310908  0.518895  0.313695  0.586602  0.375430  0.528969  0.293911  0.364766  0.391097  0.210749  0.301111  0.284083  0.454755  0.388606  0.431020  0.470063  0.496191  0.815677  0.593834  0.513471  0.537966  0.850282  0.378393  0.500081  0.367764  0.444134  0.696487  0.559152  0.536705  0.593081  0.456179  0.409105  0.583847  0.828538  0.384305  0.414420  0.687417  0.723458  0.575810  0.736316  0.295588  0.606688  0.358195  0.490919  0.608713  0.390146 
13  0.611095  0.505027  0.430526  0.516161  0.597367  0.658191  0.527823  0.522468  0.430964  0.609090  0.850428  0.328481  0.420180 0.0  0.638992  0.333909  0.455219  0.374651  0.519099  0.695284  0.543535  0.558127  0.452400  0.471243  0.702147  0.436654  0.422035  0.507997  0.683638  0.524155  0.239570  0.388837  0.778178  0.447532  0.496203  0.513069  0.502621  0.576891  0.624220  0.295174  0.323334  0.511635  0.358868  0.631084  0.495158  0.550939  0.472903  0.382970  0.455488  0.400629  0.604870  0.551417  0.570922  0.335421  0.510000  0.698621  0.619305  0.678820  0.507742  0.534514  0.439671  0.270108  0.425313  0.223324  0.385033  0.455193  0.389754  0.375459  0.516432  0.692443  0.484618  0.489449  0.420335  0.506785  0.450076  0.456290  0.551890  0.561495  0.326730  0.595865  0.548403  0.259583  0.575074  0.673548  0.614108  0.453500  0.435399  0.655011  0.434181  0.356681  0.339251  0.504372  0.363949  0.387822  0.280101  0.451028  0.532216  0.515402  0.401716  0.317275  0.489119  0.724154  0.751787  0.551654  0.364143  0.419519  0.508481  0.678479  0.547963  0.656814  0.474986  0.443862  0.428214  0.308050  0.483792  0.698224  0.306304  0.743018  0.620908  0.387127  0.463821  0.589462  0.656684  0.428971  0.416178  0.518144  0.451377  0.533371  0.396716  0.459318  0.320691  0.459025  0.410454  0.661418  0.426607  0.517267  0.451293  0.440642  0.533461  0.409706  0.387267  0.582984  0.415252  0.419470  0.435536  0.498516  0.512720  0.621379  0.522987  0.604934  0.733902  0.237644  0.358754  0.324823  0.607817  0.359671  0.313694  0.273055  0.307110  0.491897  0.416584  0.355061  0.366980  0.434838  0.463513  0.419611  0.596571  0.630607  0.745033  0.512923  0.524706  0.543914  0.784060  0.380400  0.478471  0.376626  0.385426  0.602277  0.560193  0.349707  0.618269  0.373307  0.318668  0.454366  0.764532  0.512715  0.453429  0.587589  0.757520  0.570019  0.743649  0.360379  0.536714  0.408619  0.589300  0.578480  0.442305 
14  0.606890  0.643984  0.628379  0.579693  0.628562  0.629371  0.629728  0.711619  0.575677  0.664890  0.667770  0.707312  0.583250  0.638992 0.0  0.714289  0.717948  0.599168  0.658296  0.486431  0.656644  0.712427  0.650366  0.662220  0.825719  0.620825  0.670639  0.613293  0.744897  0.575351  0.604802  0.657955  0.708616  0.729305  0.637635  0.560344  0.617363  0.688355  0.452082  0.711242  0.615165  0.582135  0.647674  0.696546  0.687393  0.640396  0.615914  0.569734  0.644028  0.590918  0.575140  0.698599  0.576342  0.688093  0.563851  0.649813  0.722535  0.741961  0.635048  0.683285  0.685828  0.692835  0.598432  0.656579  0.694140  0.651925  0.674582  0.772041  0.629456  0.582264  0.746685  0.647023  0.438482  0.654676  0.658576  0.634033  0.674685  0.603411  0.674226  0.591283  0.620190  0.673134  0.667087  0.697093  0.564246  0.700769  0.601704  0.674304  0.599650  0.675043  0.562493  0.652187  0.645092  0.637075  0.613769  0.592197  0.609770  0.682219  0.593985  0.632284  0.729832  0.854686  0.715813  0.682377  0.736133  0.679494  0.619951  0.698114  0.545255  0.729057  0.679605  0.706618  0.758431  0.653652  0.622901  0.736444  0.768746  0.711497  0.583332  0.698082  0.591123  0.742418  0.732706  0.639459  0.679589  0.729452  0.701956  0.617061  0.722578  0.558907  0.718997  0.689158  0.597611  0.642935  0.655449  0.798126  0.593014  0.618315  0.686373  0.665248  0.622707  0.552703  0.706550  0.605211  0.621492  0.713854  0.592547  0.725996  0.678346  0.735783  0.791403  0.690230  0.639115  0.699189  0.729905  0.619196  0.680233  0.581950  0.752545  0.662311  0.664560  0.633645  0.704981  0.764448  0.658773  0.591070  0.577384  0.578253  0.759852  0.586191  0.723719  0.588379  0.664022  0.709905  0.539591  0.597318  0.520139  0.811345  0.644177  0.530705  0.365884  0.685605  0.685092  0.661140  0.664851  0.662861  0.649255  0.456347  0.839759  0.702813  0.765791  0.618551  0.654952  0.754690  0.737543  0.673381  0.811891 
15  0.528342  0.421528  0.494262  0.534447  0.535624  0.561018  0.543914  0.296134  0.406505  0.644616  0.763891  0.373276  0.292134  0.333909  0.714289 0.0  0.510996  0.381054  0.619504  0.617082  0.609646  0.500270  0.404086  0.455269  0.772243  0.367772  0.306334  0.444843  0.675756  0.721550  0.371511  0.442863  0.678491  0.503867  0.510020  0.555780  0.588484  0.543699  0.597289  0.483814  0.561266  0.579181  0.491733  0.395311  0.550047  0.614080  0.407208  0.405377  0.529136  0.465261  0.682703  0.474071  0.692354  0.467916  0.477921  0.591731  0.662994  0.704776  0.538324  0.541712  0.605519  0.334458  0.362932  0.409075  0.358732  0.382217  0.450016  0.484988  0.473369  0.705282  0.476446  0.554695  0.400357  0.475907  0.606653  0.388966  0.468693  0.457043  0.282567  0.425947  0.350862  0.322537  0.595464  0.657349  0.590139  0.407728  0.371317  0.635420  0.343466  0.327028  0.272749  0.381197  0.287741  0.414845  0.229809  0.438481  0.539028  0.524429  0.213653  0.412165  0.487135  0.876693  0.860128  0.457877  0.391828  0.417338  0.565073  0.848742  0.499470  0.660115  0.442866  0.515511  0.419287  0.429316  0.382803  0.649885  0.295356  0.792243  0.422373  0.449220  0.349920  0.561510  0.556106  0.412232  0.367687  0.494635  0.479647  0.581332  0.365037  0.755279  0.310794  0.494727  0.400445  0.643891  0.332959  0.621444  0.330091  0.614435  0.482423  0.295565  0.420130  0.583291  0.345237  0.388363  0.527413  0.653782  0.632088  0.536741  0.483679  0.715334  0.765564  0.439082  0.482450  0.262087  0.666858  0.424106  0.380372  0.258892  0.266378  0.415784  0.413238  0.417851  0.316925  0.317337  0.416636  0.335948  0.474494  0.505220  0.851373  0.601709  0.515380  0.530029  0.762444  0.427619  0.397787  0.304387  0.377686  0.654269  0.466248  0.515804  0.677755  0.418891  0.360945  0.488610  0.755416  0.375958  0.318570  0.651726  0.643755  0.595810  0.691859  0.321054  0.628710  0.355294  0.469623  0.576159  0.310758 
16  0.407540  0.438597  0.476276  0.579781  0.432187  0.477076  0.430494  0.433640  0.507371  0.602877  0.695203  0.285277  0.465503  0.455219  0.717948  0.510996 0.0  0.314385  0.350052  0.587458  0.674444  0.380052  0.362326  0.544025  0.586180  0.630374  0.466246  0.431490  0.651013  0.631256  0.527047  0.495644  0.779059  0.426720  0.504307  0.558470  0.504882  0.672221  0.520484  0.394162  0.502304  0.469146  0.505560  0.407440  0.467406  0.429296  0.410775  0.568799  0.407884  0.493610  0.478652  0.468410  0.522307  0.323272  0.441512  0.712038  0.617522  0.611940  0.543057  0.457067  0.305883  0.453264  0.482718  0.379315  0.484248  0.545405  0.449570  0.335830  0.299164  0.691628  0.362776  0.563073  0.434688  0.295250  0.536917  0.464686  0.478278  0.479179  0.410029  0.426936  0.494710  0.509715  0.417633  0.679777  0.627936  0.509245  0.484779  0.633588  0.518674  0.419761  0.490861  0.312505  0.462244  0.553710  0.435121  0.389193  0.564421  0.595894  0.412115  0.414737  0.647977  0.716413  0.723875  0.480413  0.481955  0.490268  0.401598  0.759536  0.380655  0.614041  0.470528  0.539898  0.496432  0.410239  0.613472  0.773352  0.499745  0.687468  0.377480  0.481545  0.455896  0.466107  0.676408  0.492504  0.499463  0.549801  0.395255  0.627024  0.533890  0.475402  0.466494  0.504263  0.382564  0.539888  0.387731  0.609030  0.522407  0.548776  0.539967  0.549443  0.556610  0.477585  0.471611  0.380842  0.465121  0.619080  0.604794  0.536680  0.380544  0.662245  0.813239  0.487738  0.438340  0.482219  0.646754  0.474110  0.514053  0.541669  0.542117  0.568634  0.570988  0.446278  0.366219  0.427051  0.523380  0.442838  0.499109  0.459618  0.794729  0.630375  0.701298  0.681405  0.728043  0.493794  0.556991  0.445422  0.518846  0.786686  0.449828  0.412458  0.438717  0.407658  0.473763  0.429004  0.695177  0.420679  0.414884  0.554211  0.574508  0.565835  0.708814  0.512046  0.533961  0.445066  0.416062  0.577479  0.558077 
17  0.544242  0.355932  0.486714  0.470643  0.581155  0.527429  0.505749  0.353169  0.539525  0.696767  0.708593  0.386659  0.310682  0.374651  0.599168  0.381054  0.314385 0.0  0.542470  0.605346  0.605827  0.464928  0.230244  0.462924  0.744857  0.289446  0.430907  0.364945  0.816872  0.585921  0.448662  0.518469  0.734719  0.565304  0.454436  0.327493  0.590064  0.630727  0.586641  0.321116  0.380272  0.544067  0.347326  0.465953  0.349153  0.573683  0.512711  0.393553  0.422599  0.329247  0.703292  0.563584  0.657660  0.298385  0.497255  0.626951  0.598714  0.486228  0.470397  0.469197  0.531488  0.516245  0.406400  0.318934  0.323628  0.472133  0.422235  0.383835  0.457348  0.745944  0.380944  0.519908  0.513872  0.546864  0.502432  0.404515  0.473664  0.461608  0.409280  0.466432  0.366378  0.388891  0.611597  0.676346  0.654075  0.325137  0.435750  0.625906  0.362577  0.359846  0.212016  0.376402  0.260030  0.518211  0.470252  0.355383  0.550612  0.559939  0.406408  0.448198  0.602872  0.703623  0.779952  0.546779  0.455947  0.367714  0.577345  0.797605  0.608789  0.770912  0.430301  0.515403  0.360762  0.396453  0.567111  0.770591  0.427519  0.834782  0.402985  0.240213  0.405144  0.550483  0.668828  0.460831  0.443226  0.471199  0.351319  0.646806  0.542751  0.375080  0.443037  0.456343  0.391803  0.703722  0.426417  0.560265  0.354502  0.534584  0.513020  0.424075  0.389840  0.589570  0.478582  0.362672  0.557153  0.640534  0.592790  0.448297  0.479647  0.647926  0.726214  0.408323  0.560072  0.409562  0.732561  0.457331  0.424759  0.216176  0.458804  0.444981  0.330636  0.293841  0.351982  0.378830  0.339084  0.461524  0.427695  0.565412  0.695277  0.732115  0.531747  0.523408  0.684214  0.341420  0.587524  0.403179  0.349122  0.752756  0.559938  0.445494  0.688738  0.398599  0.450918  0.518235  0.812645  0.401022  0.305898  0.622904  0.722484  0.566637  0.659041  0.306597  0.615970  0.370080  0.457087  0.729448  0.432783 
18  0.333347  0.480902  0.547113  0.293671  0.380298  0.516306  0.308901  0.567771  0.672712  0.554999  0.742491  0.448258  0.616943  0.519099  0.658296  0.619504  0.350052  0.542470 0.0  0.616560  0.606314  0.571630  0.499621  0.643738  0.708745  0.516940  0.634483  0.678238  0.673451  0.570552  0.493574  0.624903  0.713653  0.607941  0.286708  0.667409  0.487235  0.510088  0.615049  0.618566  0.492444  0.494109  0.470363  0.409824  0.545434  0.392855  0.566853  0.485804  0.458340  0.543950  0.615990  0.394854  0.547708  0.576231  0.394038  0.622852  0.534101  0.581447  0.449226  0.399686  0.582516  0.567248  0.477852  0.594754  0.674120  0.573230  0.587792  0.469838  0.353044  0.609379  0.528724  0.597131  0.426854  0.465427  0.667784  0.512151  0.633892  0.500075  0.608907  0.568285  0.640103  0.576712  0.459558  0.641519  0.648454  0.635592  0.471431  0.771639  0.604020  0.644627  0.616354  0.501565  0.579999  0.538163  0.484445  0.414657  0.354052  0.790534  0.635459  0.634771  0.716037  0.585219  0.712884  0.430128  0.500514  0.613921  0.473590  0.615492  0.496426  0.672148  0.477533  0.579290  0.566787  0.438110  0.565550  0.653745  0.667585  0.726682  0.543807  0.624588  0.555861  0.652612  0.717251  0.601750  0.529590  0.553517  0.501191  0.574285  0.555513  0.588410  0.686755  0.480096  0.583190  0.567932  0.597477  0.645085  0.486865  0.576834  0.297666  0.627379  0.616786  0.446875  0.560541  0.515610  0.480668  0.611271  0.630791  0.616295  0.541644  0.685812  0.717832  0.546211  0.603338  0.479511  0.606508  0.554976  0.746130  0.475479  0.569248  0.620245  0.734767  0.526771  0.645425  0.558590  0.541885  0.542196  0.614783  0.496461  0.764217  0.598943  0.655915  0.358292  0.735432  0.556957  0.544005  0.546540  0.669837  0.696077  0.639072  0.657006  0.543285  0.525306  0.546115  0.480206  0.751878  0.613468  0.480913  0.514067  0.601003  0.557595  0.792671  0.625414  0.597049  0.473640  0.488586  0.656888  0.510880 
19  0.680422  0.667284  0.635417  0.540875  0.591473  0.625659  0.523682  0.580609  0.562172  0.575421  0.651650  0.545315  0.523165  0.695284  0.486431  0.617082  0.587458  0.605346  0.616560 0.0  0.681557  0.556927  0.627836  0.624175  0.757482  0.744863  0.598484  0.666183  0.646188  0.582126  0.650908  0.572472  0.706705  0.583973  0.552940  0.605097  0.505731  0.651244  0.416443  0.645196  0.674091  0.647325  0.601967  0.654300  0.719744  0.593547  0.633756  0.606053  0.622425  0.613409  0.555328  0.594111  0.494325  0.699948  0.659450  0.703327  0.663825  0.731622  0.530126  0.561085  0.703549  0.650959  0.514090  0.621952  0.623296  0.526355  0.612428  0.666275  0.652131  0.750600  0.499129  0.714961  0.562546  0.546472  0.736054  0.498568  0.602883  0.603997  0.575107  0.588228  0.527215  0.534948  0.550657  0.655670  0.676862  0.569509  0.637533  0.640897  0.667100  0.553566  0.439014  0.562016  0.582242  0.532874  0.622319  0.620035  0.452157  0.654685  0.571185  0.656304  0.672952  0.773336  0.738888  0.716158  0.510026  0.613712  0.598692  0.619177  0.688896  0.817132  0.607887  0.494099  0.549768  0.574387  0.767194  0.671401  0.552490  0.639151  0.631230  0.568579  0.744992  0.547227  0.768500  0.761721  0.568301  0.602307  0.594826  0.734020  0.665537  0.716915  0.568040  0.578749  0.612298  0.385472  0.554634  0.747580  0.439638  0.680161  0.574439  0.550274  0.607334  0.362846  0.615054  0.544545  0.629206  0.709556  0.555480  0.645171  0.569845  0.734483  0.767443  0.585928  0.762379  0.571624  0.606817  0.540958  0.650082  0.563473  0.603872  0.714214  0.565540  0.701377  0.531280  0.645807  0.700612  0.606097  0.597519  0.567410  0.742387  0.644336  0.576958  0.638682  0.724699  0.481199  0.607862  0.595699  0.526038  0.808831  0.786771  0.633516  0.498593  0.735302  0.640374  0.691071  0.802917  0.688035  0.626850  0.346300  0.627663  0.720402  0.687866  0.714608  0.600604  0.497312  0.602924  0.758154  0.561479 
