197
0 0.0  0.519542  0.447586  0.430745  0.326233  0.327622  0.211507  0.511225  0.541916  0.561583  0.843882  0.423413  0.547912  0.522255  0.686193  0.644383  0.454862  0.506742  0.229605  0.721063  0.476797  0.501756  0.610903  0.557868  0.699686  0.698370  0.632245  0.566530  0.639690  0.520186  0.598381  0.590400  0.712113  0.550430  0.328663  0.593327  0.500186  0.515312  0.638782  0.535176  0.622358  0.566296  0.489866  0.405289  0.682655  0.310590  0.485882  0.637403  0.445442  0.535704  0.461137  0.410016  0.585711  0.552042  0.329957  0.591691  0.590434  0.658712  0.559025  0.391181  0.518813  0.521998  0.578546  0.550779  0.610061  0.632224  0.601789  0.472434  0.444055  0.565337  0.607823  0.619397  0.313434  0.496436  0.559014  0.657387  0.448993  0.574531  0.555753  0.604949  0.633410  0.555118  0.450459  0.581611  0.480629  0.457428  0.626443  0.753934  0.532663  0.448752  0.537626  0.509986  0.534492  0.632645  0.607160  0.449765  0.411560  0.667755  0.553359  0.534143  0.651741  0.690029  0.747155  0.495250  0.549588  0.588344  0.386992  0.670866  0.487507  0.561108  0.442670  0.520728  0.537009  0.441621  0.549793  0.721252  0.629132  0.747593  0.593427  0.492942  0.615286  0.509646  0.635187  0.421922  0.530252  0.471846  0.670571  0.565856  0.427775  0.460334  0.577088  0.619991  0.568256  0.530960  0.553867  0.535621  0.520233  0.504950  0.395075  0.553760  0.494074  0.545754  0.569533  0.611629  0.417060  0.604909  0.648847  0.680156  0.528246  0.676472  0.751045  0.593976  0.577762  0.467609  0.683155  0.493353  0.512147  0.510687  0.603687  0.483741  0.570571  0.552896  0.618547  0.572734  0.725434  0.526780  0.450913  0.343259  0.635719  0.654941  0.648992  0.472666  0.749434  0.554060  0.497593  0.591925  0.531718  0.743760  0.537040  0.514148  0.494662  0.457410  0.588146  0.393578  0.715025  0.512790  0.525542  0.713152  0.702006  0.464877  0.654080  0.704170  0.518344  0.548884  0.512501  0.583101  0.559379 
1  0.519542 0.0  0.476158  0.475149  0.591903  0.519934  0.534230  0.437671  0.420115  0.566263  0.775414  0.472526  0.441864  0.391750  0.651920  0.447858  0.504227  0.295936  0.596643  0.485853  0.553188  0.396465  0.487466  0.488892  0.789920  0.458905  0.560710  0.483335  0.605475  0.513679  0.384458  0.429591  0.663206  0.564167  0.421547  0.363004  0.573469  0.603319  0.724018  0.552741  0.602965  0.529438  0.535743  0.402002  0.550574  0.472904  0.399034  0.556199  0.432052  0.548432  0.688434  0.431321  0.647995  0.368051  0.615880  0.496414  0.640203  0.509043  0.533382  0.448324  0.495698  0.558405  0.590721  0.320966  0.429647  0.473238  0.493943  0.313072  0.376492  0.560705  0.417014  0.446000  0.482583  0.478868  0.427215  0.475716  0.491445  0.554518  0.571168  0.473197  0.590969  0.408625  0.585109  0.583224  0.576694  0.557842  0.458434  0.690451  0.470010  0.388781  0.477743  0.361786  0.476599  0.484717  0.482205  0.505964  0.539666  0.580091  0.475730  0.584476  0.492325  0.716584  0.781420  0.586857  0.423207  0.510882  0.555229  0.799807  0.556739  0.670772  0.497544  0.620721  0.456998  0.417327  0.520960  0.789925  0.451795  0.864187  0.527219  0.478491  0.364891  0.571351  0.737793  0.464185  0.462397  0.560226  0.512791  0.736386  0.570426  0.543635  0.377473  0.483668  0.444741  0.648086  0.393070  0.556233  0.359161  0.506514  0.499431  0.474306  0.398037  0.647486  0.438506  0.394002  0.471896  0.705606  0.381769  0.471321  0.426104  0.522647  0.765379  0.497200  0.589656  0.402296  0.601496  0.407030  0.518515  0.379819  0.411336  0.502321  0.353326  0.347008  0.487250  0.529095  0.467051  0.462588  0.484549  0.442834  0.804159  0.630021  0.607374  0.561011  0.766000  0.430401  0.628955  0.446081  0.465832  0.606173  0.518748  0.510483  0.718442  0.457591  0.473621  0.532720  0.784943  0.491982  0.454562  0.615138  0.694187  0.571954  0.656730  0.577108  0.454793  0.420578  0.368718  0.645030  0.435502 
2  0.447586  0.476158 0.0  0.508708  0.647594  0.701934  0.607349  0.153368  0.134803  0.601251  0.814563  0.456589  0.472427  0.416469  0.669177  0.422154  0.464463  0.436148  0.648627  0.637802  0.542209  0.439635  0.469915  0.424994  0.611111  0.521597  0.465221  0.364122  0.751156  0.605625  0.439650  0.519752  0.696662  0.484799  0.468749  0.599994  0.501289  0.596326  0.649054  0.269814  0.472849  0.495244  0.320886  0.406593  0.392314  0.450141  0.428218  0.486420  0.417138  0.407169  0.574198  0.472887  0.542306  0.270314  0.582085  0.610096  0.680994  0.550545  0.471652  0.450365  0.496869  0.330020  0.429742  0.472334  0.413890  0.538300  0.424610  0.457367  0.483395  0.654887  0.374080  0.442922  0.504805  0.395331  0.476202  0.453980  0.495455  0.551818  0.435438  0.510014  0.329028  0.431305  0.363128  0.554917  0.556294  0.461916  0.439032  0.542763  0.415126  0.350340  0.575610  0.390193  0.357501  0.659814  0.384271  0.390459  0.469219  0.625798  0.517617  0.481735  0.693323  0.550180  0.753234  0.570932  0.418775  0.266925  0.551545  0.674258  0.498111  0.623680  0.389121  0.446465  0.302982  0.503508  0.393534  0.829959  0.464763  0.716636  0.380218  0.446442  0.365239  0.472099  0.609175  0.584843  0.506775  0.452575  0.413198  0.771472  0.408168  0.435858  0.360945  0.485200  0.318841  0.604627  0.359365  0.509973  0.518861  0.495100  0.505940  0.449011  0.273829  0.652671  0.441832  0.394704  0.575176  0.643110  0.590624  0.540974  0.381276  0.658625  0.637136  0.440518  0.531420  0.499523  0.604395  0.582828  0.453386  0.544704  0.428055  0.363752  0.418149  0.356736  0.419687  0.411156  0.552921  0.497316  0.429333  0.489774  0.742350  0.607576  0.473539  0.496115  0.792452  0.488524  0.543419  0.468385  0.494036  0.667592  0.431922  0.419476  0.586746  0.388197  0.462901  0.519502  0.610352  0.474400  0.313157  0.609940  0.592559  0.597076  0.751724  0.463892  0.582871  0.381037  0.414853  0.578036  0.366266 
3  0.430745  0.475149  0.508708 0.0  0.393284  0.382750  0.332927  0.613167  0.444827  0.666725  0.810642  0.646860  0.473473  0.523879  0.666158  0.577592  0.492639  0.593360  0.445324  0.560818  0.510711  0.510731  0.480719  0.508447  0.748904  0.649309  0.510367  0.438807  0.587244  0.623690  0.610841  0.451651  0.679617  0.495347  0.509921  0.485071  0.566751  0.504812  0.631079  0.557034  0.615471  0.430800  0.565615  0.535015  0.572568  0.416652  0.572574  0.515072  0.421523  0.577854  0.651255  0.392375  0.628396  0.491512  0.387260  0.731217  0.704957  0.519103  0.570094  0.456268  0.591177  0.497615  0.512090  0.423784  0.394830  0.458175  0.556050  0.456994  0.498002  0.636747  0.503779  0.556620  0.468334  0.406217  0.659004  0.526085  0.453962  0.594900  0.556469  0.486636  0.699558  0.486192  0.472062  0.605112  0.485664  0.469321  0.524893  0.606076  0.626274  0.554990  0.480555  0.492062  0.427431  0.599044  0.466380  0.534178  0.308618  0.545941  0.480340  0.553934  0.536109  0.732386  0.638164  0.630426  0.540094  0.625296  0.520534  0.693780  0.672514  0.709924  0.545937  0.532089  0.512420  0.501706  0.619058  0.756408  0.455395  0.775213  0.611492  0.527162  0.472577  0.624639  0.704149  0.550427  0.563808  0.466395  0.518894  0.582575  0.604757  0.477469  0.423852  0.523889  0.567471  0.631225  0.397312  0.617801  0.426933  0.617895  0.349473  0.509744  0.576427  0.529097  0.619425  0.529526  0.465083  0.718060  0.737247  0.626730  0.578233  0.630335  0.754579  0.572702  0.658470  0.524254  0.647377  0.559214  0.665824  0.472438  0.505008  0.520822  0.423793  0.473291  0.516987  0.506281  0.581743  0.423525  0.567052  0.419107  0.739622  0.569681  0.629822  0.517075  0.916160  0.443166  0.568091  0.342593  0.623885  0.744437  0.662631  0.584281  0.661042  0.496842  0.538627  0.611212  0.797301  0.572436  0.442317  0.723034  0.653001  0.518046  0.691050  0.508811  0.501436  0.546184  0.516125  0.656105  0.624968 
4  0.326233  0.591903  0.647594  0.393284 0.0  0.282936  0.330666  0.556500  0.527405  0.702984  0.672026  0.357936  0.637782  0.582663  0.592567  0.532673  0.510350  0.649620  0.344285  0.618276  0.450731  0.526570  0.507036  0.568862  0.770381  0.617122  0.629691  0.435539  0.577073  0.478021  0.568065  0.504135  0.793186  0.475448  0.315815  0.605898  0.535344  0.642991  0.692877  0.483383  0.483841  0.522501  0.570281  0.393645  0.677659  0.363037  0.560984  0.685476  0.342954  0.628403  0.612940  0.442084  0.592633  0.548865  0.387039  0.611853  0.581172  0.669248  0.454242  0.347480  0.463120  0.534188  0.516800  0.643219  0.586075  0.560591  0.607366  0.381342  0.485837  0.680259  0.552030  0.633718  0.290278  0.391482  0.715559  0.610531  0.476926  0.602126  0.535309  0.536643  0.642753  0.596055  0.443114  0.590866  0.571517  0.634008  0.550714  0.743444  0.629007  0.474775  0.528123  0.536347  0.629743  0.641550  0.603497  0.451470  0.347344  0.612948  0.511595  0.498298  0.599786  0.753656  0.826133  0.416779  0.589193  0.586167  0.515443  0.812683  0.434619  0.689473  0.464774  0.654961  0.582283  0.597172  0.679232  0.722079  0.479819  0.780780  0.544110  0.546061  0.450235  0.493950  0.830269  0.597806  0.522540  0.543441  0.521513  0.610778  0.604263  0.484121  0.582972  0.563697  0.697574  0.567769  0.576901  0.514485  0.590366  0.678533  0.276974  0.504454  0.506545  0.534243  0.679288  0.654025  0.411569  0.534834  0.632156  0.541549  0.641750  0.815596  0.722614  0.545309  0.532218  0.597168  0.769428  0.546135  0.582472  0.646154  0.570391  0.707333  0.644749  0.481872  0.671282  0.539010  0.608130  0.653105  0.456267  0.537893  0.820262  0.496330  0.632718  0.440384  0.806505  0.486566  0.588304  0.570524  0.623731  0.630864  0.543655  0.536270  0.453456  0.520443  0.544684  0.478097  0.778747  0.630614  0.558670  0.687999  0.555002  0.470134  0.828414  0.580026  0.464050  0.572615  0.549659  0.650642  0.669530 
5  0.327622  0.519934  0.701934  0.382750  0.282936 0.0  0.459692  0.458157  0.538291  0.486044  0.885323  0.631099  0.549572  0.553198  0.571694  0.609672  0.531086  0.570487  0.407360  0.584379  0.488218  0.579950  0.458647  0.665981  0.716248  0.564636  0.533461  0.541983  0.667235  0.580767  0.518491  0.544895  0.733370  0.616047  0.548085  0.368287  0.397115  0.621998  0.539390  0.575701  0.573498  0.547995  0.551220  0.499470  0.574303  0.435174  0.443952  0.600875  0.409355  0.562965  0.645531  0.521379  0.547532  0.541996  0.434870  0.575551  0.598879  0.547477  0.412548  0.495274  0.589197  0.568004  0.577257  0.557176  0.519998  0.524452  0.478341  0.512361  0.500561  0.594492  0.503550  0.545326  0.526388  0.636493  0.584728  0.486903  0.506463  0.594317  0.576500  0.464923  0.516802  0.590197  0.395670  0.519121  0.599097  0.560131  0.605358  0.791118  0.498526  0.615542  0.632217  0.574466  0.539406  0.587200  0.593694  0.607550  0.388520  0.612972  0.547668  0.639611  0.481622  0.771677  0.805652  0.583493  0.493032  0.491910  0.531374  0.748115  0.609943  0.632845  0.539658  0.592242  0.601516  0.529750  0.728519  0.743364  0.623568  0.841573  0.527997  0.551057  0.503597  0.589449  0.730595  0.509830  0.588543  0.573694  0.540325  0.520252  0.628484  0.565861  0.630141  0.595730  0.612413  0.587049  0.571153  0.557972  0.650781  0.636738  0.391556  0.650948  0.604029  0.638656  0.664138  0.473371  0.413764  0.545726  0.505194  0.554280  0.602022  0.719576  0.725702  0.507667  0.630680  0.581656  0.793912  0.461048  0.550523  0.631525  0.551343  0.626053  0.679416  0.644693  0.571374  0.520207  0.548808  0.449820  0.422274  0.521209  0.651227  0.453707  0.507574  0.610910  0.795874  0.555983  0.493663  0.576729  0.654800  0.758142  0.465792  0.643932  0.578684  0.650765  0.608419  0.554949  0.840850  0.620650  0.527944  0.586386  0.849486  0.623831  0.808349  0.525520  0.411752  0.602055  0.552356  0.630465  0.507826 
6  0.211507  0.534230  0.607349  0.332927  0.330666  0.459692 0.0  0.658656  0.518880  0.605415  0.659127  0.570357  0.528007  0.446055  0.651998  0.449417  0.433070  0.449382  0.368903  0.601852  0.535368  0.443150  0.582268  0.580662  0.680423  0.571797  0.518788  0.590555  0.721682  0.556152  0.448907  0.476967  0.737874  0.575403  0.402761  0.611911  0.431810  0.550020  0.679878  0.556710  0.544249  0.584640  0.515871  0.577416  0.576836  0.378653  0.402533  0.505285  0.464767  0.538891  0.630565  0.441216  0.651789  0.503793  0.304948  0.705896  0.681269  0.647905  0.488160  0.393056  0.586123  0.634329  0.521208  0.516758  0.524125  0.483805  0.569611  0.495510  0.408348  0.750212  0.476561  0.613072  0.526419  0.480057  0.604715  0.523483  0.546850  0.510879  0.537060  0.591783  0.627371  0.591579  0.469588  0.609553  0.495610  0.621084  0.540070  0.685248  0.492900  0.526145  0.597584  0.432869  0.514334  0.750646  0.575907  0.490843  0.367608  0.665223  0.455960  0.633754  0.716986  0.681028  0.636905  0.545981  0.488334  0.550492  0.437105  0.762336  0.541083  0.703105  0.538670  0.488034  0.471943  0.515655  0.611478  0.654138  0.548456  0.698790  0.617972  0.629022  0.546572  0.469957  0.701131  0.513517  0.644226  0.587845  0.546298  0.589485  0.713794  0.436780  0.617938  0.451163  0.539579  0.429117  0.529152  0.652920  0.424367  0.697605  0.342405  0.603543  0.479528  0.555715  0.555478  0.538643  0.423995  0.647423  0.626001  0.657593  0.476041  0.705228  0.701545  0.493928  0.651306  0.661077  0.705715  0.601775  0.630996  0.575139  0.492451  0.558529  0.557285  0.594120  0.619586  0.684664  0.573941  0.631161  0.527655  0.538933  0.732823  0.594032  0.651689  0.516962  0.745888  0.617265  0.541963  0.582718  0.633479  0.677166  0.496422  0.539251  0.683449  0.425735  0.499213  0.530772  0.728294  0.500439  0.497968  0.662043  0.677775  0.653419  0.707224  0.370846  0.671866  0.568915  0.433783  0.602546  0.559290 
7  0.511225  0.437671  0.153368  0.613167  0.556500  0.458157  0.658656 0.0  0.193198  0.668531  0.758151  0.381464  0.226793  0.317262  0.668447  0.415289  0.374563  0.556987  0.622845  0.606902  0.574289  0.419554  0.385618  0.457706  0.587519  0.424290  0.439541  0.400129  0.687487  0.510249  0.480870  0.464375  0.649327  0.465686  0.421542  0.529190  0.352516  0.677104  0.720802  0.380069  0.529211  0.500151  0.426574  0.484684  0.390859  0.547950  0.535863  0.507207  0.417873  0.291314  0.593284  0.308989  0.552676  0.341143  0.588733  0.512642  0.629607  0.659889  0.413274  0.434712  0.470815  0.488048  0.438615  0.427345  0.524822  0.364107  0.422284  0.420672  0.373468  0.663084  0.503859  0.474169  0.476649  0.389252  0.409282  0.363598  0.583987  0.374741  0.463207  0.506223  0.410315  0.413655  0.467770  0.506534  0.579415  0.538854  0.419647  0.538088  0.357800  0.427042  0.583283  0.509294  0.373653  0.445305  0.389551  0.348187  0.515061  0.615657  0.328038  0.553542  0.607745  0.591302  0.750057  0.425207  0.338227  0.254405  0.587318  0.785183  0.573707  0.623246  0.427085  0.490910  0.205417  0.407160  0.564408  0.551496  0.365798  0.825504  0.223335  0.534168  0.538077  0.561656  0.620880  0.508257  0.386379  0.454239  0.324772  0.557740  0.434942  0.447609  0.395835  0.482448  0.465153  0.593696  0.492941  0.691480  0.534882  0.416422  0.536696  0.388330  0.290054  0.719639  0.444664  0.316001  0.425913  0.680007  0.540189  0.543414  0.481842  0.597894  0.712475  0.483000  0.424895  0.380172  0.725463  0.432927  0.470474  0.426097  0.428802  0.414394  0.506311  0.425402  0.425580  0.392485  0.533986  0.390960  0.518424  0.555190  0.712453  0.580360  0.487085  0.497861  0.679949  0.466336  0.560312  0.414020  0.462187  0.685713  0.475011  0.359902  0.554437  0.416526  0.515236  0.551404  0.606406  0.518665  0.392393  0.516397  0.646847  0.505055  0.679427  0.378761  0.667205  0.383577  0.424124  0.765262  0.475897 
8  0.541916  0.420115  0.134803  0.444827  0.527405  0.538291  0.518880  0.193198 0.0  0.538941  0.738117  0.340987  0.449261  0.371376  0.697245  0.530275  0.466127  0.423321  0.580669  0.703258  0.582604  0.461319  0.418287  0.316144  0.554096  0.484129  0.486942  0.271073  0.624124  0.551978  0.458551  0.439490  0.667589  0.511674  0.399772  0.528913  0.538937  0.400196  0.666544  0.316591  0.382652  0.446317  0.228710  0.414726  0.405570  0.497783  0.504436  0.583596  0.294527  0.248181  0.546795  0.518033  0.701770  0.262913  0.507521  0.540009  0.614694  0.426958  0.516522  0.446171  0.493749  0.412926  0.455173  0.390281  0.431022  0.401908  0.392087  0.301762  0.431900  0.631807  0.441031  0.478648  0.519581  0.352147  0.443843  0.519512  0.578800  0.433686  0.434646  0.542391  0.650097  0.359002  0.456639  0.576486  0.509156  0.298971  0.551912  0.775765  0.413835  0.356899  0.498718  0.306618  0.541614  0.550358  0.498948  0.576033  0.511480  0.691867  0.461944  0.589818  0.873283  0.684087  0.748351  0.552629  0.423428  0.196071  0.549764  0.712573  0.548721  0.529681  0.392217  0.360069  0.304369  0.476762  0.489404  0.705652  0.493905  0.667731  0.370972  0.380342  0.389976  0.524780  0.641158  0.517603  0.476585  0.414873  0.453436  0.717165  0.440087  0.486587  0.512020  0.446742  0.389970  0.676612  0.379748  0.644583  0.444336  0.445516  0.516833  0.381249  0.392021  0.611716  0.433461  0.359066  0.429247  0.748556  0.510877  0.522345  0.491519  0.548284  0.718727  0.367285  0.666925  0.354965  0.535936  0.510802  0.408329  0.430066  0.410645  0.359114  0.502699  0.351708  0.364406  0.486135  0.550808  0.466640  0.409263  0.571560  0.682308  0.483508  0.421940  0.531404  0.707883  0.389754  0.405987  0.504001  0.502560  0.700520  0.480614  0.385690  0.456569  0.381787  0.489582  0.482246  0.722852  0.450182  0.354159  0.428761  0.721427  0.523897  0.683011  0.524307  0.610032  0.556356  0.389808  0.656736  0.494160 
9  0.561583  0.566263  0.601251  0.666725  0.702984  0.486044  0.605415  0.668531  0.538941 0.0  0.855588  0.510948  0.604733  0.614803  0.679438  0.641319  0.526578  0.588845  0.609967  0.733018  0.402460  0.621268  0.455292  0.530632  0.794454  0.593276  0.619367  0.566663  0.761536  0.535028  0.706329  0.633912  0.843398  0.516432  0.630379  0.587105  0.614242  0.662376  0.774225  0.668559  0.518108  0.513455  0.561085  0.588086  0.489047  0.677388  0.574376  0.702326  0.512843  0.652033  0.723365  0.635733  0.581311  0.631257  0.556131  0.597244  0.270451  0.510270  0.691116  0.592524  0.487903  0.594910  0.509835  0.743144  0.682002  0.687485  0.685668  0.627603  0.529015  0.524699  0.681735  0.604830  0.557304  0.490829  0.669017  0.621817  0.595464  0.637124  0.636032  0.602951  0.610239  0.616511  0.584674  0.647144  0.526508  0.652151  0.637452  0.701620  0.592576  0.676513  0.693343  0.690888  0.703966  0.703343  0.714028  0.614298  0.646189  0.471006  0.603739  0.710627  0.385597  0.839027  0.873296  0.523165  0.544720  0.537835  0.505856  0.979703  0.487595  0.324079  0.535528  0.529080  0.591383  0.555851  0.737313  0.942958  0.744888  0.874540  0.474123  0.564596  0.601975  0.743443  0.802505  0.615332  0.641316  0.605018  0.728101  0.384635  0.527776  0.624373  0.678383  0.453755  0.670853  0.688060  0.742608  0.383666  0.578742  0.664806  0.651322  0.646798  0.739704  0.763352  0.662029  0.593626  0.526518  0.363493  0.585116  0.661475  0.635433  0.778287  0.848355  0.724042  0.424862  0.574093  0.836918  0.613041  0.643868  0.570699  0.595680  0.683676  0.535598  0.653005  0.720664  0.735518  0.606978  0.651332  0.473118  0.571848  0.777760  0.673055  0.703211  0.603105  0.776212  0.624798  0.556451  0.693033  0.623576  0.805144  0.511023  0.552287  0.729203  0.532112  0.585828  0.479637  0.813755  0.735057  0.612681  0.735908  0.828332  0.444299  0.812503  0.683902  0.486110  0.741104  0.649045  0.338056  0.746318 
10  0.843882  0.775414  0.814563  0.810642  0.672026  0.885323  0.659127  0.758151  0.738117  0.855588 0.0  0.863627  0.803666  0.750587  0.704196  0.813680  0.805454  0.673071  0.688074  0.806090  0.738135  0.662986  0.700244  0.831303  0.484956  0.869901  0.816970  0.786272  0.623568  0.815367  0.763694  0.891622  0.518134  0.717729  0.764758  0.703339  0.615932  0.729112  0.785386  0.622564  0.774107  0.741498  0.664103  0.745410  0.712853  0.723832  0.730760  0.889283  0.685728  0.641752  0.787961  0.625898  0.708066  0.610563  0.661101  0.770520  0.899603  0.787413  0.690770  0.706621  0.989424  0.789377  0.728499  0.763337  0.774994  0.708664  0.697181  0.779096  0.787118  0.908489  0.780711  0.612595  0.705051  0.724701  0.736017  0.721214  0.680000  0.723819  0.767904  0.888046  0.780880  0.689185  0.687561  0.777276  0.650198  0.687416  0.647490  0.659435  0.821070  0.755597  0.762502  0.753647  0.843483  0.973259  0.677377  0.719841  0.725803  0.748776  0.798250  0.811812  0.949257  0.513205  0.348141  0.773609  0.791129  0.714152  0.720668  0.491504  0.657524  0.844536  0.794416  0.634323  0.683817  0.867539  0.783971  0.309889  0.848782  0.386794  0.774790  0.734524  0.676353  0.657129  0.622927  0.740874  0.809705  0.707774  0.871325  0.959755  0.733817  0.482407  0.833030  0.682722  0.630018  0.776404  0.771030  0.904796  0.820528  0.762134  0.725488  0.721163  0.649890  0.794195  0.884368  0.713978  0.669182  0.845648  0.809895  0.940992  0.823974  0.698829  0.649030  0.882332  0.921668  0.720032  0.706416  0.695488  0.841719  0.720418  0.763618  0.729430  0.927631  0.628468  0.862708  0.814121  0.849494  0.742821  0.731776  0.666340  0.466227  0.674641  0.838938  0.606179  0.364424  0.845474  0.853900  0.639640  0.804646  0.704461  0.876011  0.864018  0.787705  0.752244  0.816700  0.700335  0.299897  0.832692  0.612083  0.572854  0.551448  0.735995  0.286604  0.813011  0.751890  0.752277  0.647004  0.876162  0.767670 
11  0.423413  0.472526  0.456589  0.646860  0.357936  0.631099  0.570357  0.381464  0.340987  0.510948  0.863627 0.0  0.296484  0.358502  0.602779  0.468024  0.319316  0.453409  0.515708  0.703682  0.631268  0.435020  0.324183  0.440984  0.651037  0.384647  0.352277  0.189291  0.729063  0.574249  0.416175  0.496214  0.849204  0.513069  0.463683  0.609790  0.639096  0.651706  0.628727  0.312730  0.486974  0.442795  0.267701  0.398257  0.519474  0.516035  0.335388  0.461960  0.528568  0.389434  0.515367  0.533735  0.628837  0.463873  0.348784  0.719279  0.511721  0.696198  0.462449  0.426744  0.430166  0.402631  0.480103  0.454726  0.346440  0.416440  0.365321  0.388602  0.325944  0.564888  0.560165  0.610989  0.410447  0.430113  0.595140  0.460944  0.651954  0.512344  0.314250  0.432913  0.461385  0.324016  0.665062  0.578880  0.623581  0.377604  0.317636  0.702519  0.360812  0.529786  0.471507  0.322446  0.449070  0.569207  0.342950  0.331417  0.524012  0.594254  0.415388  0.424698  0.609297  0.834192  0.729211  0.478728  0.341794  0.370086  0.498244  0.787103  0.434531  0.529152  0.296121  0.578704  0.341946  0.373515  0.446235  0.731872  0.529895  0.850663  0.481503  0.350399  0.288196  0.634294  0.748109  0.437193  0.501572  0.635342  0.448229  0.514699  0.402191  0.640851  0.418899  0.539409  0.443982  0.428948  0.327328  0.506383  0.495944  0.445233  0.634933  0.519412  0.441476  0.463043  0.428809  0.445030  0.456524  0.505693  0.523386  0.584021  0.380600  0.733227  0.761323  0.491497  0.402792  0.395565  0.650322  0.366969  0.530075  0.444573  0.515878  0.445821  0.455698  0.369559  0.478865  0.382925  0.543202  0.399608  0.495571  0.442049  0.757364  0.633318  0.591696  0.456863  0.904876  0.342181  0.409682  0.393426  0.418031  0.666898  0.408684  0.414387  0.551341  0.361706  0.505860  0.461444  0.760134  0.527102  0.483791  0.554834  0.594581  0.537321  0.746716  0.426967  0.630028  0.349368  0.419318  0.586356  0.542036 
12  0.547912  0.441864  0.472427  0.473473  0.637782  0.549572  0.528007  0.226793  0.449261  0.604733  0.803666  0.296484 0.0  0.471241  0.615446  0.391621  0.533976  0.357928  0.549323  0.638475  0.631216  0.450574  0.316477  0.329010  0.713887  0.409449  0.352088  0.427254  0.670925  0.614143  0.393838  0.335976  0.733923  0.411835  0.542265  0.519429  0.543801  0.481075  0.578295  0.314342  0.392240  0.612010  0.267936  0.405646  0.548834  0.547703  0.508078  0.418265  0.611573  0.425418  0.631091  0.496775  0.658868  0.475161  0.537442  0.573101  0.583389  0.518751  0.546836  0.607267  0.575408  0.367851  0.394115  0.469775  0.422691  0.369705  0.435700  0.383362  0.482390  0.732829  0.313183  0.402787  0.499676  0.474580  0.508324  0.423545  0.471386  0.567039  0.413083  0.411130  0.463884  0.258873  0.608628  0.590651  0.708736  0.431147  0.263251  0.743461  0.385681  0.346333  0.286643  0.386295  0.277921  0.301416  0.269244  0.367849  0.553501  0.491690  0.419518  0.405223  0.504301  0.822710  0.721644  0.542633  0.405784  0.507897  0.426045  0.690345  0.463606  0.545436  0.397974  0.478252  0.481420  0.399521  0.506156  0.703942  0.342092  0.677700  0.457616  0.225444  0.434618  0.570134  0.704388  0.399953  0.363574  0.509904  0.392447  0.617199  0.441694  0.537473  0.305983  0.418816  0.367547  0.653290  0.272492  0.583584  0.397552  0.518498  0.433541  0.343009  0.426313  0.736488  0.494121  0.283506  0.514722  0.694129  0.699769  0.434667  0.447424  0.655276  0.615663  0.410176  0.510463  0.309799  0.595440  0.387313  0.523401  0.355948  0.337093  0.439869  0.348648  0.345362  0.399647  0.377271  0.380666  0.309113  0.526453  0.557341  0.733761  0.631006  0.518091  0.566774  0.831704  0.477136  0.450715  0.419726  0.410393  0.708428  0.503918  0.415633  0.624968  0.395765  0.430968  0.509728  0.775477  0.308890  0.378546  0.679648  0.752805  0.466840  0.801539  0.403810  0.558810  0.336485  0.576389  0.602600  0.484708 
13  0.522255  0.391750  0.416469  0.523879  0.582663  0.553198  0.446055  0.317262  0.371376  0.614803  0.750587  0.358502  0.471241 0.0  0.681073  0.240021  0.394412  0.387911  0.560435  0.650107  0.577242  0.480472  0.347526  0.433474  0.649786  0.546712  0.375166  0.309155  0.697515  0.531937  0.346660  0.309688  0.648542  0.544102  0.534210  0.538663  0.654070  0.506210  0.693618  0.301860  0.384823  0.532195  0.469135  0.520768  0.564418  0.547821  0.408645  0.460715  0.525400  0.444151  0.590703  0.471963  0.554881  0.519449  0.466525  0.513224  0.709390  0.612204  0.607049  0.551366  0.541590  0.388581  0.328961  0.308839  0.362488  0.534982  0.411509  0.361050  0.579648  0.755898  0.365021  0.530308  0.346741  0.492351  0.512993  0.340195  0.568926  0.608336  0.396309  0.367143  0.433924  0.231319  0.616579  0.668361  0.617672  0.397435  0.527130  0.589941  0.295643  0.397029  0.321231  0.353637  0.387427  0.485363  0.292027  0.381511  0.621683  0.599723  0.492338  0.310030  0.576943  0.695682  0.793606  0.467347  0.425384  0.336380  0.569468  0.743415  0.695191  0.613756  0.435147  0.488814  0.549550  0.375407  0.522472  0.846378  0.401465  0.695547  0.548441  0.434639  0.453879  0.566038  0.707616  0.334290  0.451106  0.550647  0.427332  0.482232  0.485153  0.546001  0.484326  0.467728  0.341971  0.622554  0.325984  0.569092  0.446721  0.409958  0.534597  0.305102  0.335860  0.546400  0.396354  0.430557  0.486517  0.619334  0.579186  0.557471  0.446971  0.566263  0.629902  0.363002  0.442829  0.330361  0.702957  0.413412  0.524030  0.333460  0.370380  0.318651  0.553273  0.375341  0.405616  0.284394  0.304356  0.455639  0.615303  0.540022  0.618813  0.484031  0.494891  0.646487  0.750211  0.362744  0.456520  0.398546  0.462522  0.682972  0.370339  0.474100  0.572677  0.352832  0.440778  0.628802  0.704370  0.382779  0.426425  0.625237  0.766358  0.553829  0.765810  0.540941  0.738210  0.423444  0.482968  0.632263  0.494472 
14  0.686193  0.651920  0.669177  0.666158  0.592567  0.571694  0.651998  0.668447  0.697245  0.679438  0.704196  0.602779  0.615446  0.681073 0.0  0.614774  0.628146  0.663295  0.621198  0.467248  0.677371  0.701617  0.647427  0.704523  0.892368  0.678334  0.644542  0.715095  0.867360  0.616010  0.554020  0.631554  0.712354  0.682884  0.562626  0.663063  0.674137  0.723162  0.513758  0.558940  0.715810  0.742357  0.599841  0.819128  0.646202  0.528099  0.625005  0.560429  0.649222  0.697188  0.601558  0.656880  0.586877  0.544917  0.562929  0.702376  0.716787  0.612834  0.515863  0.662022  0.604132  0.629900  0.605949  0.652377  0.667516  0.778457  0.682212  0.616034  0.737838  0.532456  0.632944  0.657775  0.681507  0.616974  0.636028  0.662194  0.634730  0.605801  0.661693  0.736958  0.623919  0.627609  0.562591  0.664184  0.670171  0.595668  0.647676  0.798689  0.727789  0.524429  0.723734  0.693674  0.749216  0.679496  0.720854  0.683224  0.669740  0.643094  0.532284  0.685934  0.711034  0.840266  0.715126  0.723583  0.691637  0.531076  0.741439  0.646157  0.677695  0.658592  0.668196  0.634344  0.616796  0.652757  0.659987  0.669908  0.698097  0.706301  0.692520  0.579151  0.648037  0.613692  0.809042  0.697030  0.691448  0.673648  0.673634  0.681270  0.677272  0.597754  0.646917  0.631653  0.770409  0.445626  0.709365  0.681532  0.703459  0.763368  0.662253  0.693740  0.616066  0.492184  0.659547  0.694216  0.568622  0.599118  0.583081  0.701946  0.623422  0.834209  0.871438  0.791154  0.664974  0.659925  0.773875  0.783306  0.713281  0.670512  0.593404  0.671404  0.726482  0.734332  0.704299  0.693314  0.778263  0.619939  0.601847  0.637661  0.753214  0.572928  0.649108  0.605137  0.714344  0.668555  0.597806  0.666531  0.616780  0.756496  0.579952  0.747513  0.385237  0.517276  0.645640  0.663000  0.781528  0.687010  0.631353  0.619371  0.736465  0.637509  0.784953  0.589900  0.589373  0.746716  0.667117  0.688546  0.702160 
15  0.644383  0.447858  0.422154  0.577592  0.532673  0.609672  0.449417  0.415289  0.530275  0.641319  0.813680  0.468024  0.391621  0.240021  0.614774 0.0  0.524406  0.411986  0.506276  0.608859  0.625227  0.483520  0.446832  0.430019  0.702100  0.399367  0.388541  0.419914  0.685727  0.674252  0.526808  0.366167  0.794585  0.524169  0.444309  0.474583  0.626427  0.568389  0.677276  0.462318  0.521733  0.488400  0.574693  0.481144  0.548884  0.516623  0.395159  0.293498  0.626728  0.377792  0.618103  0.519255  0.719625  0.468205  0.565763  0.697351  0.694478  0.521703  0.506092  0.505516  0.514162  0.324227  0.301811  0.280703  0.270616  0.427285  0.474108  0.554244  0.528360  0.720551  0.279560  0.569480  0.512601  0.387357  0.602729  0.284700  0.502617  0.601463  0.372227  0.258093  0.385249  0.411582  0.508534  0.759062  0.644520  0.352094  0.414873  0.654304  0.420640  0.423194  0.359521  0.306011  0.345338  0.334256  0.409347  0.408979  0.624163  0.577219  0.444044  0.377365  0.566866  0.846135  0.753261  0.488341  0.340712  0.543161  0.596919  0.720091  0.611406  0.538241  0.441194  0.539973  0.416273  0.395378  0.348254  0.715454  0.431802  0.860483  0.443521  0.294307  0.507945  0.473622  0.717642  0.417835  0.405458  0.518569  0.339828  0.567348  0.408958  0.499953  0.300717  0.430353  0.463400  0.697631  0.284344  0.561886  0.330603  0.488411  0.518869  0.427783  0.368355  0.719379  0.360178  0.334913  0.491743  0.652957  0.601416  0.580421  0.520701  0.712490  0.742979  0.355765  0.502878  0.409843  0.631942  0.418429  0.402443  0.311076  0.367325  0.423528  0.501378  0.292090  0.361588  0.376847  0.414145  0.455387  0.453415  0.482009  0.714043  0.809780  0.350694  0.556075  0.785740  0.347662  0.278468  0.286391  0.327701  0.523299  0.531128  0.403122  0.499054  0.362295  0.304224  0.565003  0.697853  0.418195  0.364478  0.613017  0.598258  0.477430  0.806670  0.377254  0.658752  0.385318  0.511429  0.597890  0.350849 
16  0.454862  0.504227  0.464463  0.492639  0.510350  0.531086  0.433070  0.374563  0.466127  0.526578  0.805454  0.319316  0.533976  0.394412  0.628146  0.524406 0.0  0.431134  0.403841  0.587686  0.571798  0.329535  0.412586  0.477890  0.759004  0.390343  0.528014  0.376373  0.541125  0.624563  0.495046  0.506169  0.822621  0.559067  0.359853  0.639049  0.446598  0.516047  0.614049  0.334575  0.470032  0.526275  0.373667  0.406017  0.581927  0.503930  0.266992  0.396350  0.487200  0.530920  0.466598  0.534577  0.469466  0.424468  0.358500  0.649179  0.583868  0.560688  0.508417  0.475187  0.354900  0.377409  0.319863  0.360430  0.422058  0.583438  0.465433  0.408667  0.407018  0.530167  0.560978  0.574054  0.361014  0.395272  0.532377  0.457228  0.560083  0.567682  0.408640  0.522613  0.535074  0.450631  0.513536  0.626748  0.489839  0.400318  0.534954  0.671847  0.539122  0.443023  0.512003  0.446485  0.427726  0.428244  0.464536  0.435931  0.453135  0.629461  0.402944  0.460475  0.717629  0.736443  0.741377  0.478166  0.576667  0.449383  0.452112  0.800479  0.477002  0.601325  0.453708  0.514615  0.418346  0.443784  0.649533  0.719165  0.443946  0.808851  0.413944  0.410881  0.367323  0.460356  0.602667  0.332312  0.564277  0.430703  0.571905  0.608252  0.409222  0.469445  0.461129  0.620478  0.498989  0.503329  0.523481  0.528655  0.484752  0.751481  0.473378  0.537390  0.472939  0.528033  0.498860  0.462216  0.295461  0.620965  0.503600  0.496992  0.510813  0.713110  0.779688  0.535562  0.436860  0.341249  0.644501  0.480753  0.503942  0.483797  0.517345  0.483419  0.463748  0.498592  0.398154  0.403106  0.529788  0.525569  0.423870  0.418102  0.866696  0.548912  0.634389  0.495953  0.765433  0.543282  0.465999  0.434949  0.545038  0.573484  0.454521  0.381934  0.518524  0.402132  0.478496  0.398916  0.812548  0.417941  0.477395  0.728310  0.730913  0.592908  0.676889  0.515620  0.486723  0.475210  0.457833  0.541493  0.442908 
17  0.506742  0.295936  0.436148  0.593360  0.649620  0.570487  0.449382  0.556987  0.423321  0.588845  0.673071  0.453409  0.357928  0.387911  0.663295  0.411986  0.431134 0.0  0.400466  0.601520  0.515308  0.522741  0.290892  0.384944  0.697277  0.366566  0.395523  0.265388  0.689234  0.560809  0.479025  0.487557  0.654943  0.383239  0.411091  0.413012  0.508454  0.525872  0.700437  0.467814  0.341741  0.591244  0.236915  0.417530  0.504724  0.481366  0.431665  0.401672  0.545307  0.395001  0.690595  0.566846  0.587064  0.412538  0.542664  0.585045  0.499064  0.529582  0.622385  0.442451  0.446826  0.407147  0.442637  0.477701  0.357099  0.373585  0.418072  0.326572  0.472068  0.691626  0.538422  0.479547  0.498379  0.334125  0.602823  0.472043  0.383916  0.430755  0.378989  0.504089  0.483443  0.421849  0.489990  0.740585  0.492505  0.482273  0.443507  0.665494  0.332808  0.358843  0.232393  0.277547  0.352146  0.478766  0.409858  0.403465  0.419937  0.577583  0.280999  0.427901  0.589371  0.726793  0.655499  0.576994  0.419439  0.349185  0.444486  0.675416  0.548068  0.596473  0.482951  0.560840  0.421156  0.384142  0.472089  0.773156  0.447481  0.830514  0.410982  0.315339  0.343382  0.556475  0.847283  0.517669  0.398151  0.566850  0.277442  0.594209  0.486985  0.601200  0.237113  0.515703  0.465238  0.665460  0.332196  0.605516  0.238879  0.527400  0.582581  0.453866  0.444018  0.671070  0.347053  0.412501  0.403979  0.651360  0.557652  0.498823  0.546735  0.526728  0.794571  0.437531  0.452440  0.458117  0.630572  0.377561  0.363133  0.360434  0.398329  0.453946  0.289224  0.318444  0.301510  0.407419  0.319047  0.425302  0.503363  0.585513  0.826227  0.579968  0.544774  0.534261  0.686537  0.418255  0.453406  0.374796  0.358482  0.643109  0.573138  0.424108  0.657697  0.371389  0.378697  0.506937  0.663683  0.367300  0.409093  0.660012  0.821742  0.584534  0.668840  0.436090  0.608152  0.433595  0.462118  0.631769  0.339475 
18  0.229605  0.596643  0.648627  0.445324  0.344285  0.407360  0.368903  0.622845  0.580669  0.609967  0.688074  0.515708  0.549323  0.560435  0.621198  0.506276  0.403841  0.400466 0.0  0.523627  0.659247  0.575519  0.523668  0.536246  0.749145  0.635247  0.572625  0.480059  0.670342  0.649914  0.573012  0.551313  0.719814  0.484454  0.403732  0.658751  0.517597  0.489225  0.637079  0.549371  0.629794  0.582463  0.601706  0.487194  0.593539  0.211855  0.497655  0.688207  0.395606  0.506970  0.619504  0.500799  0.625816  0.587248  0.350533  0.747771  0.547565  0.641231  0.435496  0.446767  0.536156  0.534445  0.604098  0.576395  0.696742  0.411817  0.598787  0.456359  0.506296  0.603646  0.515932  0.603824  0.327017  0.377757  0.729352  0.588564  0.525509  0.460181  0.633938  0.578883  0.725367  0.559752  0.535474  0.692159  0.613663  0.601078  0.576609  0.665972  0.621253  0.523543  0.584586  0.497827  0.633475  0.626186  0.578096  0.517250  0.387092  0.700417  0.573731  0.619261  0.792060  0.770225  0.787689  0.454085  0.512232  0.649524  0.477026  0.752659  0.624965  0.629535  0.433144  0.379479  0.545411  0.573471  0.646043  0.674932  0.565304  0.736308  0.557500  0.546718  0.538031  0.625523  0.719454  0.469011  0.597045  0.630842  0.491491  0.520688  0.645613  0.531138  0.562883  0.599400  0.467507  0.466199  0.521125  0.532240  0.538545  0.657964  0.377409  0.527264  0.534106  0.526742  0.556523  0.613338  0.507421  0.501973  0.491429  0.595700  0.587714  0.667976  0.869119  0.534262  0.433821  0.614902  0.644093  0.571963  0.528980  0.592050  0.625641  0.531151  0.646571  0.503113  0.638476  0.595243  0.680719  0.555058  0.484066  0.357057  0.748373  0.560651  0.699283  0.394455  0.688931  0.560411  0.640329  0.554947  0.700685  0.664166  0.511531  0.550251  0.416614  0.598418  0.524909  0.419123  0.742357  0.606012  0.584152  0.610630  0.622373  0.648316  0.681379  0.540139  0.642380  0.588279  0.450066  0.640379  0.480232 
19  0.721063  0.485853  0.637802  0.560818  0.618276  0.584379  0.601852  0.606902  0.703258  0.733018  0.806090  0.703682  0.638475  0.650107  0.467248  0.608859  0.587686  0.601520  0.523627 0.0  0.659629  0.663892  0.613098  0.637662  0.679707  0.721527  0.655979  0.659147  0.658723  0.631859  0.583492  0.612451  0.811128  0.559660  0.563331  0.655863  0.628604  0.622768  0.413674  0.635539  0.645325  0.622855  0.580625  0.576125  0.685842  0.642837  0.718459  0.580517  0.653990  0.558562  0.514832  0.635750  0.493500  0.663001  0.552698  0.753498  0.725809  0.668362  0.583775  0.570898  0.605271  0.546983  0.686019  0.527527  0.624288  0.556095  0.649428  0.655859  0.667439  0.777262  0.587203  0.749660  0.646646  0.670429  0.820558  0.634004  0.463643  0.498069  0.602051  0.537170  0.576939  0.601128  0.570480  0.705018  0.652398  0.635881  0.553958  0.770362  0.614717  0.554756  0.592929  0.616082  0.560995  0.525209  0.710799  0.716166  0.517994  0.602254  0.685760  0.655456  0.668453  0.640565  0.654529  0.596110  0.636517  0.694551  0.538351  0.733079  0.587792  0.743155  0.626633  0.526855  0.577454  0.589594  0.683506  0.721311  0.592600  0.663626  0.664898  0.599630  0.679969  0.607230  0.789289  0.696899  0.601185  0.637116  0.528251  0.894070  0.576037  0.573994  0.596962  0.644557  0.553490  0.412962  0.502372  0.672982  0.591420  0.745554  0.507671  0.486312  0.585989  0.359474  0.637754  0.651086  0.610542  0.729818  0.727902  0.724580  0.597469  0.657895  0.785343  0.698449  0.623061  0.539147  0.660746  0.519102  0.656559  0.569464  0.653528  0.595835  0.598278  0.610455  0.505617  0.729132  0.517728  0.609596  0.622669  0.558277  0.726960  0.636128  0.696254  0.572845  0.704704  0.729226  0.655958  0.592779  0.635816  0.622629  0.768517  0.579993  0.513358  0.631374  0.549851  0.747904  0.742674  0.650635  0.597972  0.418513  0.776632  0.677679  0.723223  0.576269  0.651576  0.635959  0.621315  0.743838  0.619361 
