197
0 0.0  0.510500  0.559754  0.462953  0.332072  0.511934  0.381077  0.487733  0.414286  0.554717  0.641984  0.489162  0.447909  0.438111  0.566933  0.508355  0.505815  0.457566  0.306756  0.627164  0.512005  0.546196  0.487791  0.644962  0.704723  0.644554  0.511847  0.472755  0.681534  0.606400  0.521129  0.535693  0.589641  0.456148  0.429898  0.521737  0.441438  0.446326  0.613773  0.502782  0.504805  0.591379  0.439847  0.405418  0.626247  0.236272  0.446009  0.442761  0.311240  0.562770  0.502350  0.550780  0.450507  0.488792  0.362077  0.613424  0.523530  0.507684  0.454701  0.397024  0.471062  0.532533  0.652462  0.503619  0.610890  0.574241  0.452085  0.557402  0.433043  0.665716  0.551963  0.546396  0.412294  0.487225  0.656679  0.628879  0.570998  0.433093  0.544833  0.596204  0.607668  0.587283  0.446060  0.677679  0.627314  0.586726  0.456427  0.692086  0.456394  0.510972  0.483409  0.608959  0.520550  0.624872  0.597050  0.480195  0.414091  0.627371  0.564808  0.498707  0.665916  0.677607  0.784920  0.508786  0.503576  0.608218  0.504084  0.704095  0.466952  0.616968  0.338099  0.599845  0.552163  0.527682  0.545019  0.662203  0.569229  0.708472  0.411163  0.472087  0.558517  0.507492  0.650940  0.520834  0.512725  0.518835  0.579273  0.580713  0.415971  0.530903  0.447063  0.519063  0.601651  0.542071  0.477353  0.637484  0.530372  0.604933  0.516570  0.682554  0.530447  0.510882  0.546698  0.516949  0.366593  0.519713  0.617549  0.624030  0.565474  0.713876  0.719344  0.496176  0.482641  0.560741  0.791370  0.575769  0.683546  0.551609  0.543375  0.470975  0.530138  0.543717  0.514608  0.570424  0.546283  0.495763  0.416054  0.464563  0.642657  0.570971  0.626136  0.490021  0.790427  0.604287  0.629892  0.541327  0.491895  0.640529  0.410705  0.577191  0.535338  0.541155  0.591076  0.524880  0.667712  0.499065  0.587791  0.544419  0.707579  0.456390  0.736055  0.537799  0.500727  0.651769  0.419184  0.653484  0.576039 
1  0.510500 0.0  0.406310  0.564211  0.473885  0.506319  0.519051  0.422725  0.465418  0.597561  0.721130  0.515884  0.457320  0.457178  0.701804  0.572434  0.388486  0.555042  0.571235  0.536620  0.590710  0.447097  0.412815  0.501391  0.759294  0.491424  0.455892  0.439637  0.724314  0.591796  0.471390  0.329975  0.714511  0.604715  0.511388  0.396899  0.597473  0.581346  0.665005  0.471085  0.508916  0.518174  0.468960  0.361752  0.340514  0.643057  0.211885  0.473503  0.622154  0.442534  0.532095  0.402008  0.701012  0.293945  0.473693  0.671528  0.724656  0.477097  0.525489  0.521539  0.557269  0.536290  0.535080  0.444797  0.344423  0.501566  0.463296  0.347310  0.434327  0.596417  0.409132  0.633283  0.492661  0.391594  0.452276  0.545508  0.595346  0.571559  0.416968  0.424920  0.533425  0.404546  0.504126  0.638499  0.547740  0.535429  0.480696  0.657832  0.350538  0.420096  0.397659  0.405999  0.423588  0.596926  0.513247  0.440934  0.401154  0.597212  0.429783  0.531096  0.659920  0.734409  0.682859  0.593135  0.473894  0.484293  0.554289  0.756212  0.398310  0.587193  0.632158  0.515545  0.452406  0.458457  0.643584  0.808355  0.529310  0.775970  0.407158  0.368731  0.427723  0.490221  0.732662  0.443573  0.489796  0.485146  0.437586  0.646247  0.625882  0.543060  0.373170  0.533758  0.492797  0.599243  0.448010  0.675564  0.363296  0.534201  0.496473  0.392758  0.373415  0.585202  0.406178  0.605569  0.432307  0.672371  0.415584  0.316322  0.546838  0.565163  0.743081  0.459008  0.566078  0.452087  0.541613  0.523272  0.424723  0.456844  0.594210  0.532019  0.413183  0.368440  0.488212  0.491495  0.563204  0.418754  0.397729  0.578136  0.754941  0.627546  0.444197  0.551471  0.828717  0.473631  0.488598  0.434268  0.577936  0.647899  0.530143  0.446585  0.497363  0.524173  0.402412  0.546959  0.722163  0.440371  0.450342  0.584381  0.698025  0.518910  0.777476  0.443260  0.529255  0.553326  0.372990  0.631586  0.497794 
2  0.559754  0.406310 0.0  0.653327  0.607259  0.517313  0.574266  0.225139  0.321503  0.577102  0.645363  0.383320  0.395466  0.263529  0.672886  0.430474  0.414161  0.460981  0.524222  0.715263  0.445074  0.290953  0.434014  0.398001  0.607072  0.541268  0.442724  0.398797  0.641513  0.475689  0.412715  0.476882  0.633543  0.499070  0.426986  0.613343  0.530855  0.661000  0.674983  0.287241  0.469438  0.448565  0.229343  0.435226  0.424864  0.555272  0.391753  0.493759  0.401888  0.216414  0.652299  0.451631  0.536702  0.419578  0.465270  0.523930  0.684822  0.535734  0.465453  0.462901  0.478673  0.388081  0.418182  0.444933  0.295721  0.398396  0.359452  0.352954  0.357751  0.637170  0.494511  0.431966  0.449064  0.389235  0.495360  0.337329  0.466640  0.513222  0.479744  0.513341  0.435930  0.510031  0.512256  0.558920  0.647190  0.490447  0.599230  0.580062  0.371991  0.505342  0.449069  0.323468  0.413053  0.518442  0.392936  0.371481  0.531022  0.694839  0.477011  0.456656  0.681993  0.696807  0.646148  0.566201  0.424928  0.377964  0.610689  0.627854  0.429324  0.646157  0.358029  0.612164  0.276036  0.406378  0.368122  0.621674  0.413429  0.649503  0.296757  0.516354  0.374326  0.393817  0.671353  0.381728  0.469769  0.532689  0.374526  0.789200  0.410832  0.490269  0.366477  0.533963  0.438463  0.626148  0.460678  0.595500  0.469633  0.461672  0.558324  0.409819  0.128324  0.572664  0.484942  0.378640  0.553950  0.682427  0.569288  0.595713  0.355439  0.713375  0.669359  0.564359  0.531855  0.370743  0.725032  0.339231  0.492704  0.376904  0.444421  0.343282  0.479761  0.387901  0.389267  0.360052  0.545312  0.338907  0.495365  0.591336  0.748806  0.573904  0.467913  0.551489  0.792968  0.473463  0.418139  0.434932  0.461497  0.640895  0.425910  0.472237  0.732417  0.328573  0.442653  0.496536  0.618058  0.510123  0.412630  0.551373  0.788966  0.601818  0.676811  0.493376  0.512961  0.422997  0.397832  0.682567  0.486559 
3  0.462953  0.564211  0.653327 0.0  0.385738  0.344226  0.366370  0.545863  0.352344  0.579687  0.732201  0.479795  0.502735  0.535571  0.520901  0.543651  0.516725  0.470520  0.331415  0.587257  0.551607  0.488802  0.504524  0.599035  0.662252  0.566854  0.509929  0.520909  0.791365  0.516858  0.505506  0.513296  0.668557  0.489070  0.534312  0.515079  0.461017  0.554566  0.560991  0.649117  0.558451  0.590421  0.662262  0.499444  0.597617  0.288084  0.461189  0.533058  0.372369  0.459516  0.657103  0.384380  0.591561  0.474523  0.430348  0.603903  0.555398  0.720042  0.474224  0.396602  0.566272  0.506387  0.539392  0.493450  0.531393  0.547072  0.554676  0.476065  0.487545  0.693136  0.444896  0.685190  0.586431  0.653648  0.576752  0.420403  0.501736  0.452449  0.585328  0.619756  0.586032  0.629106  0.446399  0.660208  0.413236  0.610945  0.521838  0.632898  0.480429  0.475557  0.394997  0.477160  0.547877  0.634825  0.507971  0.537976  0.450527  0.546807  0.369534  0.501947  0.626001  0.641582  0.678137  0.415005  0.429629  0.572533  0.541420  0.586886  0.569101  0.532232  0.454734  0.562020  0.456867  0.524271  0.589777  0.693621  0.630689  0.685778  0.567731  0.421089  0.436356  0.443585  0.717333  0.527652  0.521392  0.437489  0.545436  0.616915  0.609966  0.556753  0.420394  0.480156  0.607001  0.650976  0.618303  0.672148  0.429455  0.580987  0.278361  0.560327  0.587837  0.551669  0.446933  0.598108  0.633512  0.615304  0.571334  0.633463  0.562422  0.576812  0.688652  0.610772  0.524708  0.607668  0.670828  0.507993  0.650045  0.477107  0.497083  0.500582  0.470558  0.519307  0.535206  0.464541  0.541629  0.526783  0.511045  0.419297  0.712536  0.514765  0.531671  0.461924  0.878136  0.468520  0.605022  0.412016  0.464232  0.628321  0.589051  0.496869  0.657028  0.529523  0.503242  0.545381  0.722876  0.446964  0.470470  0.590775  0.633603  0.668887  0.667230  0.559778  0.619764  0.507531  0.503786  0.610732  0.395057 
4  0.332072  0.473885  0.607259  0.385738 0.0  0.410763  0.329706  0.443793  0.496295  0.629335  0.750627  0.403066  0.528997  0.621312  0.611341  0.665037  0.429911  0.503655  0.208598  0.625860  0.531408  0.584262  0.527728  0.648626  0.545597  0.628864  0.494222  0.542355  0.619215  0.580727  0.574690  0.593273  0.792982  0.391117  0.416526  0.603261  0.526494  0.419436  0.612001  0.589439  0.581162  0.511478  0.628511  0.521873  0.578440  0.382627  0.454625  0.607845  0.484380  0.449224  0.499899  0.503175  0.514921  0.422345  0.299690  0.571421  0.571485  0.655983  0.487710  0.359198  0.451640  0.491882  0.448681  0.560188  0.577207  0.536801  0.545653  0.485822  0.464103  0.599438  0.555250  0.617489  0.340860  0.471974  0.522966  0.578962  0.412224  0.538026  0.558360  0.681851  0.572038  0.451970  0.563063  0.521405  0.529749  0.526850  0.570226  0.657357  0.593047  0.546577  0.547217  0.543217  0.497862  0.622376  0.529893  0.428988  0.430324  0.620187  0.507079  0.618292  0.732731  0.793895  0.791499  0.455158  0.531329  0.374569  0.566419  0.684693  0.523269  0.577529  0.459509  0.626018  0.522264  0.499833  0.488361  0.724006  0.622764  0.798849  0.554002  0.628576  0.553222  0.530809  0.763461  0.669836  0.453365  0.584394  0.558945  0.670470  0.505275  0.495824  0.560208  0.557052  0.532229  0.658739  0.466760  0.584238  0.531144  0.619865  0.427800  0.495342  0.573861  0.560284  0.448881  0.562836  0.548449  0.631616  0.550333  0.701742  0.525649  0.667509  0.652625  0.504471  0.474581  0.503881  0.574435  0.526978  0.576996  0.496123  0.489176  0.603409  0.622124  0.505933  0.600592  0.566100  0.623462  0.526126  0.528649  0.481452  0.695846  0.595489  0.690213  0.474081  0.769496  0.465035  0.675321  0.559767  0.730346  0.785405  0.578315  0.632127  0.561984  0.548502  0.586857  0.481371  0.661506  0.564778  0.542523  0.557963  0.658070  0.415033  0.662151  0.488561  0.502704  0.576062  0.486545  0.641367  0.481114 
5  0.511934  0.506319  0.517313  0.344226  0.410763 0.0  0.404790  0.542146  0.544468  0.691997  0.793880  0.471063  0.620406  0.523174  0.685627  0.576674  0.391108  0.607739  0.433335  0.542448  0.546332  0.529453  0.507130  0.528273  0.794123  0.565314  0.556723  0.574538  0.733917  0.522610  0.522087  0.638726  0.669636  0.645968  0.540310  0.577638  0.514134  0.473297  0.565888  0.659803  0.538139  0.554266  0.664281  0.673379  0.576567  0.239074  0.590273  0.528791  0.452074  0.502347  0.672452  0.544329  0.592842  0.581688  0.488642  0.589561  0.506425  0.443027  0.556044  0.428078  0.591210  0.603924  0.511596  0.486273  0.614003  0.572303  0.552902  0.560874  0.603373  0.631023  0.508637  0.561157  0.484131  0.521504  0.547924  0.595748  0.577046  0.578147  0.572303  0.598626  0.514185  0.582770  0.649366  0.550819  0.447183  0.595920  0.503858  0.739111  0.671151  0.601773  0.478651  0.495311  0.518281  0.589488  0.630837  0.511658  0.344531  0.493162  0.428341  0.531429  0.549189  0.659677  0.754013  0.515744  0.534944  0.520835  0.586645  0.676894  0.505771  0.589299  0.480603  0.391176  0.441459  0.535433  0.631887  0.646424  0.544151  0.696130  0.572996  0.660976  0.570728  0.432087  0.760276  0.650205  0.512308  0.530205  0.574866  0.549990  0.562440  0.585146  0.551133  0.551304  0.482678  0.640281  0.579731  0.451798  0.476772  0.628884  0.493030  0.535873  0.530541  0.676232  0.614446  0.564333  0.622155  0.478420  0.548128  0.465260  0.554253  0.665997  0.691026  0.560677  0.603532  0.506075  0.693763  0.650651  0.491242  0.452085  0.583819  0.589538  0.511205  0.572116  0.635748  0.567441  0.541249  0.631902  0.544200  0.504985  0.750702  0.561309  0.576364  0.521121  0.751124  0.564508  0.585347  0.599180  0.659107  0.625097  0.521404  0.375988  0.656533  0.595797  0.492854  0.532585  0.737309  0.531759  0.608193  0.604878  0.751103  0.545291  0.733457  0.544611  0.546306  0.639680  0.557396  0.591469  0.674171 
6  0.381077  0.519051  0.574266  0.366370  0.329706  0.404790 0.0  0.517916  0.590067  0.650764  0.682071  0.564557  0.406038  0.574286  0.424958  0.602924  0.498054  0.564098  0.411068  0.528567  0.425523  0.429203  0.490266  0.671168  0.697745  0.604243  0.498115  0.488319  0.602966  0.522983  0.534985  0.508847  0.767893  0.503620  0.445355  0.506141  0.598077  0.460251  0.728010  0.497784  0.698873  0.561877  0.558691  0.622198  0.491621  0.376688  0.447247  0.657141  0.417453  0.534526  0.629591  0.430414  0.577960  0.474505  0.411524  0.622023  0.678515  0.669141  0.416010  0.470764  0.468829  0.550895  0.526735  0.572360  0.455918  0.445395  0.564645  0.491050  0.549722  0.728947  0.525325  0.633593  0.447743  0.487285  0.502316  0.581986  0.467404  0.475317  0.487254  0.537118  0.567625  0.516751  0.527089  0.568115  0.443989  0.475054  0.528085  0.681703  0.522267  0.430272  0.548318  0.505992  0.596437  0.583444  0.606979  0.509356  0.356708  0.645882  0.579344  0.497445  0.619664  0.627627  0.689452  0.527117  0.411603  0.502783  0.656411  0.663289  0.574886  0.546927  0.426967  0.475092  0.486043  0.475429  0.556419  0.607924  0.562859  0.676578  0.589284  0.554036  0.606609  0.521408  0.746676  0.548059  0.537545  0.535583  0.457560  0.543231  0.530160  0.480854  0.502375  0.449144  0.515120  0.573046  0.455019  0.605742  0.536406  0.693106  0.431435  0.518291  0.483244  0.568883  0.535884  0.554596  0.502941  0.662679  0.579949  0.549794  0.481498  0.700184  0.655771  0.557188  0.634831  0.483625  0.711034  0.557303  0.583846  0.580809  0.559502  0.571159  0.587235  0.560202  0.551825  0.435151  0.632427  0.485433  0.411413  0.397118  0.706319  0.605487  0.548086  0.417985  0.770288  0.596478  0.534159  0.479627  0.584960  0.764997  0.704967  0.574341  0.585925  0.539053  0.553560  0.549109  0.571156  0.599558  0.494805  0.578046  0.633847  0.511985  0.661307  0.604860  0.618343  0.555454  0.459710  0.594187  0.450146 
7  0.487733  0.422725  0.225139  0.545863  0.443793  0.542146  0.517916 0.0  0.236207  0.539988  0.696516  0.495386  0.425302  0.423198  0.704478  0.437109  0.347288  0.312653  0.452925  0.650452  0.474854  0.420990  0.361637  0.367373  0.660742  0.471885  0.481928  0.414982  0.741064  0.519615  0.460026  0.476882  0.731713  0.472714  0.551902  0.492235  0.535249  0.463594  0.569873  0.307358  0.459818  0.476183  0.304596  0.483069  0.537257  0.516812  0.444511  0.552293  0.477646  0.255277  0.562117  0.531632  0.509489  0.449944  0.457473  0.617939  0.640816  0.488852  0.441842  0.435739  0.479437  0.435661  0.390786  0.286778  0.326068  0.506285  0.404080  0.331279  0.462830  0.737763  0.412094  0.458218  0.353273  0.324629  0.401443  0.506600  0.539517  0.528958  0.508579  0.464915  0.537774  0.472767  0.529639  0.543014  0.504077  0.411038  0.316367  0.691060  0.407544  0.376863  0.373797  0.412396  0.419085  0.369760  0.500281  0.483249  0.566873  0.751334  0.373325  0.480555  0.609305  0.679927  0.707700  0.501516  0.387278  0.303759  0.547136  0.657935  0.542408  0.537768  0.485045  0.354279  0.168975  0.348794  0.411575  0.707753  0.389806  0.635426  0.406468  0.547608  0.426317  0.468170  0.584984  0.412829  0.591585  0.492750  0.528858  0.610256  0.448549  0.459635  0.479870  0.435499  0.256024  0.515274  0.440732  0.580784  0.377986  0.373815  0.512027  0.418119  0.358143  0.619844  0.355097  0.417145  0.313213  0.678445  0.664051  0.529827  0.405220  0.618277  0.748754  0.406085  0.491815  0.476748  0.582175  0.392307  0.560732  0.485460  0.387995  0.415621  0.536063  0.513296  0.413335  0.515593  0.470321  0.371450  0.423242  0.465761  0.587434  0.585299  0.424990  0.441433  0.785749  0.371640  0.450097  0.376117  0.477485  0.621575  0.396636  0.371243  0.515181  0.203443  0.509611  0.508770  0.657090  0.386062  0.396392  0.578585  0.649494  0.649506  0.645446  0.475711  0.527334  0.473226  0.383277  0.652083  0.500110 
8  0.414286  0.465418  0.321503  0.352344  0.496295  0.544468  0.590067  0.236207 0.0  0.477064  0.649700  0.400574  0.501140  0.366381  0.813561  0.374007  0.406799  0.346474  0.498495  0.681566  0.501784  0.395608  0.295460  0.394372  0.724979  0.444192  0.416428  0.365432  0.741297  0.466858  0.421140  0.440638  0.636682  0.470503  0.362427  0.480765  0.472184  0.411335  0.594807  0.256510  0.518798  0.470283  0.362826  0.445799  0.341800  0.529344  0.336564  0.557972  0.460180  0.331562  0.503256  0.399430  0.533611  0.325073  0.497822  0.584658  0.479331  0.454039  0.488700  0.506911  0.537893  0.473210  0.399907  0.388911  0.341319  0.495594  0.419590  0.447525  0.358380  0.658742  0.465095  0.487046  0.461781  0.367297  0.526633  0.403707  0.489015  0.423337  0.433716  0.446740  0.438698  0.425808  0.458719  0.525377  0.532694  0.586985  0.454604  0.603422  0.433955  0.425931  0.502985  0.420531  0.401623  0.530159  0.493405  0.434493  0.668031  0.592509  0.468846  0.418363  0.714210  0.503208  0.688777  0.487158  0.326219  0.205870  0.484016  0.642857  0.498467  0.673238  0.330003  0.414141  0.241837  0.489542  0.382764  0.587566  0.460493  0.810798  0.319406  0.402263  0.210071  0.419315  0.695751  0.374948  0.381651  0.469426  0.451461  0.648019  0.409318  0.418021  0.489216  0.515926  0.440657  0.595873  0.423889  0.589329  0.500407  0.370334  0.556324  0.350734  0.195752  0.501881  0.380020  0.373308  0.451085  0.574877  0.508849  0.596630  0.388576  0.662377  0.640390  0.466870  0.522568  0.558708  0.751613  0.554773  0.496704  0.477486  0.468040  0.400802  0.517796  0.406394  0.457450  0.475358  0.602128  0.322310  0.525352  0.587766  0.618353  0.493533  0.540508  0.455150  0.739660  0.496765  0.555679  0.449343  0.472603  0.709404  0.390184  0.364764  0.587348  0.296757  0.474721  0.575558  0.693524  0.506153  0.351719  0.518859  0.681942  0.582352  0.778969  0.396109  0.596408  0.391159  0.399680  0.713798  0.382673 
9  0.554717  0.597561  0.577102  0.579687  0.629335  0.691997  0.650764  0.539988  0.477064 0.0  0.938359  0.563406  0.640046  0.596006  0.630400  0.625474  0.481162  0.683720  0.532097  0.680911  0.524397  0.615935  0.681389  0.473507  0.838678  0.634516  0.713606  0.572798  0.670034  0.537867  0.733178  0.682712  0.944132  0.520236  0.523850  0.586123  0.562332  0.521598  0.637540  0.656907  0.550784  0.466711  0.602152  0.612895  0.470907  0.591259  0.639814  0.543055  0.587223  0.652051  0.502668  0.567723  0.699098  0.590965  0.560583  0.419013  0.319264  0.541598  0.582492  0.596867  0.422362  0.766975  0.567268  0.612857  0.755537  0.604014  0.619725  0.490436  0.626897  0.425327  0.700530  0.655232  0.543786  0.422548  0.586404  0.713020  0.550054  0.577322  0.704254  0.774228  0.543775  0.572585  0.603978  0.587791  0.535194  0.563415  0.639725  0.819783  0.627420  0.643440  0.769915  0.603111  0.693826  0.534508  0.744612  0.628132  0.671037  0.361000  0.636408  0.684017  0.525521  0.736908  0.821374  0.436140  0.651197  0.606518  0.472530  0.921946  0.430631  0.220840  0.533681  0.506081  0.644435  0.684387  0.653870  0.797342  0.603630  0.825294  0.475816  0.621240  0.590221  0.653181  0.790484  0.704166  0.796592  0.499499  0.793842  0.320602  0.411300  0.587257  0.670980  0.406111  0.759184  0.687727  0.713019  0.299122  0.669802  0.616943  0.639446  0.731278  0.584945  0.622469  0.548950  0.624579  0.624222  0.391587  0.526299  0.682498  0.564007  0.881844  0.835861  0.615936  0.526459  0.650718  0.795650  0.702818  0.658542  0.699299  0.711666  0.698054  0.550515  0.587524  0.714723  0.731404  0.643180  0.619596  0.553581  0.570170  0.871132  0.463649  0.676006  0.662276  0.782983  0.758854  0.653660  0.676276  0.647832  0.764596  0.678082  0.562486  0.559985  0.650352  0.619815  0.519458  0.927623  0.681217  0.661097  0.759146  0.776300  0.490632  0.920017  0.723409  0.471861  0.666779  0.735143  0.368849  0.725459 
10  0.641984  0.721130  0.645363  0.732201  0.750627  0.793880  0.682071  0.696516  0.649700  0.938359 0.0  0.699330  0.824720  0.711155  0.723805  0.858835  0.748697  0.845000  0.808523  0.692821  0.647941  0.662171  0.721758  0.628833  0.527609  0.780660  0.837751  0.681740  0.656347  0.589045  0.788396  0.784257  0.427419  0.748823  0.573718  0.833920  0.779280  0.618677  0.832043  0.585175  0.816743  0.689520  0.780186  0.792332  0.652766  0.794693  0.774329  0.926935  0.655740  0.590711  0.755984  0.650677  0.824970  0.681861  0.739798  0.793294  0.721245  0.816149  0.648171  0.666881  0.842383  0.679988  0.675538  0.770360  0.640525  0.763769  0.606186  0.596869  0.759410  0.838651  0.701579  0.764769  0.677828  0.735694  0.803009  0.714579  0.680148  0.609593  0.875781  0.812062  0.735018  0.716048  0.606052  0.776674  0.692773  0.874408  0.824629  0.758281  0.677665  0.899093  0.839210  0.748621  0.887265  0.818538  0.772296  0.696972  0.631053  0.811951  0.788977  0.821639  0.813830  0.552972  0.223221  0.741883  0.738802  0.737119  0.687591  0.316440  0.752739  0.896707  0.735906  0.710759  0.595142  0.778274  0.680666  0.276370  0.750224  0.379827  0.705761  0.741981  0.764761  0.680372  0.609141  0.759156  0.809852  0.762464  0.710886  0.907467  0.739269  0.559819  0.802271  0.669088  0.676982  0.803654  0.748942  0.670255  0.735395  0.789545  0.731861  0.666465  0.664510  0.636559  0.849951  0.681598  0.677266  0.861064  0.798564  0.888315  0.737279  0.693939  0.698137  0.816208  0.859477  0.800539  0.704082  0.775604  0.746042  0.819973  0.727320  0.642067  0.886159  0.600890  0.831388  0.842854  0.901821  0.842065  0.801544  0.547669  0.565530  0.737839  0.730389  0.646799  0.341957  0.794159  0.745832  0.813522  0.800269  0.670821  0.848670  0.873941  0.709574  0.702691  0.715847  0.680044  0.352543  0.819860  0.659982  0.659231  0.571237  0.828920  0.198864  0.743883  0.786627  0.746370  0.672173  0.932098  0.817389 
11  0.489162  0.515884  0.383320  0.479795  0.403066  0.471063  0.564557  0.495386  0.400574  0.563406  0.699330 0.0  0.518899  0.309636  0.708993  0.470280  0.477435  0.403826  0.433234  0.655484  0.596653  0.421339  0.297617  0.545333  0.740833  0.518299  0.414921  0.334569  0.646623  0.622071  0.362301  0.459238  0.795813  0.437011  0.249108  0.556608  0.598003  0.582984  0.630752  0.335875  0.391232  0.430642  0.480388  0.440142  0.498629  0.353459  0.348328  0.463381  0.601223  0.369308  0.564178  0.555367  0.514168  0.412674  0.479674  0.665429  0.503429  0.465615  0.464199  0.526067  0.473947  0.398109  0.312827  0.522831  0.362864  0.360110  0.327343  0.284818  0.511492  0.625959  0.446835  0.611705  0.500347  0.353882  0.546804  0.492166  0.607113  0.451468  0.391188  0.447468  0.444535  0.291060  0.571903  0.662195  0.558692  0.400330  0.492034  0.668913  0.387418  0.418874  0.418580  0.335799  0.413391  0.553351  0.460165  0.371069  0.542995  0.714778  0.358144  0.471025  0.586913  0.716526  0.762687  0.462231  0.492837  0.444918  0.626122  0.704068  0.363999  0.575760  0.382440  0.519968  0.284667  0.442710  0.477982  0.809227  0.464220  0.803445  0.532699  0.334334  0.488780  0.691236  0.749490  0.273341  0.352531  0.553628  0.428511  0.676150  0.496552  0.486855  0.535583  0.471311  0.473339  0.437859  0.454154  0.521918  0.466444  0.495668  0.550074  0.453289  0.330876  0.590526  0.335470  0.417959  0.445374  0.531375  0.557106  0.581433  0.441039  0.652007  0.789632  0.445854  0.433076  0.395943  0.725553  0.314404  0.370156  0.387626  0.553434  0.489039  0.421353  0.330499  0.477943  0.386852  0.405639  0.384220  0.465381  0.398750  0.762616  0.594841  0.447661  0.635321  0.738950  0.371233  0.482081  0.443867  0.395140  0.699000  0.505148  0.295522  0.606118  0.376763  0.410195  0.414821  0.766175  0.449388  0.348372  0.555793  0.667303  0.461789  0.638765  0.423509  0.578090  0.446832  0.444593  0.537101  0.495376 
12  0.447909  0.457320  0.395466  0.502735  0.528997  0.620406  0.406038  0.425302  0.501140  0.640046  0.824720  0.518899 0.0  0.499203  0.669265  0.387553  0.489168  0.348518  0.579160  0.535618  0.647803  0.546974  0.358237  0.426588  0.700633  0.300720  0.434069  0.304397  0.689344  0.603176  0.380793  0.345564  0.856698  0.487187  0.353754  0.421765  0.551204  0.534972  0.691349  0.420561  0.509423  0.553168  0.393554  0.400208  0.606017  0.526287  0.343644  0.358218  0.520664  0.507324  0.573446  0.574531  0.790599  0.488204  0.502338  0.531550  0.578021  0.563496  0.615874  0.640439  0.522108  0.419904  0.312626  0.381299  0.249421  0.428844  0.298787  0.424015  0.515104  0.626897  0.345434  0.553458  0.590499  0.433330  0.609242  0.415563  0.485272  0.541428  0.456743  0.315072  0.410915  0.310507  0.481562  0.559255  0.592052  0.452520  0.403357  0.776186  0.395799  0.340845  0.352115  0.459611  0.281074  0.519159  0.427260  0.381928  0.593970  0.509118  0.383657  0.435988  0.558610  0.690201  0.815159  0.560918  0.377159  0.404199  0.485310  0.737364  0.439428  0.555788  0.320187  0.396637  0.327866  0.371461  0.503396  0.822217  0.348915  0.760741  0.439286  0.349215  0.370664  0.525643  0.691470  0.337515  0.295065  0.478718  0.479211  0.617876  0.429671  0.522358  0.410088  0.485049  0.464917  0.646155  0.219390  0.614962  0.337640  0.519222  0.501764  0.381584  0.304470  0.626515  0.289747  0.317230  0.394039  0.628428  0.499888  0.541781  0.485366  0.532852  0.738827  0.382501  0.502373  0.383090  0.730718  0.441153  0.370883  0.401396  0.400660  0.458135  0.304074  0.362842  0.425444  0.327048  0.389704  0.389662  0.478342  0.555947  0.786647  0.783233  0.440525  0.514751  0.737364  0.459442  0.384715  0.368509  0.474480  0.654158  0.525432  0.309002  0.495601  0.336436  0.335531  0.630862  0.771000  0.403706  0.378734  0.522713  0.727831  0.598496  0.730885  0.319297  0.607569  0.415769  0.538716  0.639306  0.358178 
13  0.438111  0.457178  0.263529  0.535571  0.621312  0.523174  0.574286  0.423198  0.366381  0.596006  0.711155  0.309636  0.499203 0.0  0.679209  0.282370  0.443697  0.478367  0.553006  0.683199  0.650179  0.456833  0.440133  0.416061  0.656485  0.544394  0.378013  0.410059  0.573641  0.576916  0.399961  0.427161  0.818323  0.458767  0.368513  0.571879  0.603388  0.602605  0.658413  0.406987  0.400649  0.583973  0.448021  0.429926  0.444915  0.552264  0.453920  0.528776  0.562160  0.344737  0.560849  0.635135  0.640001  0.511616  0.450708  0.606815  0.618155  0.511798  0.556267  0.473780  0.549148  0.326838  0.317190  0.364810  0.400481  0.367336  0.501391  0.410529  0.454411  0.662836  0.431601  0.529064  0.395765  0.444741  0.538730  0.456729  0.512240  0.621797  0.355163  0.239215  0.388209  0.295088  0.542164  0.577682  0.576437  0.426343  0.372794  0.588179  0.446682  0.393972  0.450866  0.410180  0.442714  0.505128  0.432485  0.385954  0.459375  0.602911  0.384713  0.472606  0.541624  0.681154  0.584240  0.543825  0.314014  0.432778  0.590226  0.818244  0.482243  0.603138  0.333737  0.478005  0.417981  0.292429  0.483123  0.784682  0.372536  0.782757  0.525315  0.384643  0.541162  0.500535  0.667981  0.377750  0.419057  0.505817  0.412858  0.505199  0.442796  0.560348  0.376055  0.423209  0.466222  0.596146  0.411828  0.590220  0.350324  0.496880  0.527919  0.379620  0.342083  0.560194  0.292891  0.469072  0.482694  0.584204  0.594131  0.643223  0.496597  0.653425  0.753240  0.329965  0.434702  0.350120  0.668402  0.348913  0.344068  0.361399  0.363310  0.377683  0.441105  0.501033  0.253073  0.396349  0.454727  0.440347  0.632480  0.596479  0.665668  0.584900  0.398439  0.457121  0.668802  0.323910  0.388809  0.322627  0.488364  0.649091  0.500920  0.421685  0.530352  0.387823  0.464389  0.616289  0.685357  0.367924  0.428236  0.545134  0.661106  0.590990  0.787899  0.447803  0.634030  0.266562  0.437231  0.538625  0.486243 
14  0.566933  0.701804  0.672886  0.520901  0.611341  0.685627  0.424958  0.704478  0.813561  0.630400  0.723805  0.708993  0.669265  0.679209 0.0  0.717215  0.616233  0.605373  0.661660  0.482407  0.579951  0.620331  0.726210  0.592266  0.773639  0.615280  0.690939  0.739117  0.690757  0.647331  0.648810  0.685901  0.685324  0.684810  0.615313  0.703626  0.575449  0.631170  0.496763  0.702539  0.677144  0.570130  0.721559  0.635867  0.692659  0.508092  0.672908  0.738147  0.586181  0.754222  0.491213  0.677739  0.478525  0.554987  0.599621  0.645335  0.654721  0.613418  0.578902  0.656017  0.672604  0.659932  0.606048  0.709017  0.481493  0.682680  0.743403  0.679545  0.661391  0.669122  0.680939  0.731103  0.675671  0.799594  0.699425  0.610856  0.631238  0.614184  0.627874  0.704977  0.688744  0.719841  0.602708  0.576306  0.589407  0.702225  0.668691  0.626055  0.604571  0.650352  0.698933  0.579044  0.644066  0.689699  0.599900  0.649158  0.628002  0.692958  0.710013  0.617190  0.745847  0.793202  0.738316  0.636709  0.724792  0.588183  0.651759  0.553511  0.669668  0.691351  0.797746  0.608233  0.590378  0.594273  0.676148  0.776900  0.661580  0.725184  0.735706  0.668099  0.627757  0.600726  0.779191  0.632968  0.742742  0.587077  0.562148  0.545193  0.678431  0.674505  0.643870  0.679712  0.692409  0.520622  0.588868  0.684004  0.697007  0.564969  0.642294  0.628836  0.551494  0.501657  0.703945  0.617500  0.624841  0.578574  0.735290  0.532297  0.612893  0.650316  0.788594  0.658787  0.641122  0.772632  0.700617  0.654940  0.611645  0.656943  0.675327  0.677674  0.660086  0.661647  0.697825  0.634900  0.646902  0.695685  0.678787  0.532355  0.803463  0.647094  0.746061  0.649694  0.633775  0.602365  0.728571  0.650539  0.605155  0.751508  0.532361  0.559710  0.436399  0.549113  0.674678  0.654235  0.765611  0.759334  0.692637  0.444833  0.597121  0.641820  0.781665  0.715990  0.687973  0.665558  0.625440  0.638215  0.592229 
15  0.508355  0.572434  0.430474  0.543651  0.665037  0.576674  0.602924  0.437109  0.374007  0.625474  0.858835  0.470280  0.387553  0.282370  0.717215 0.0  0.524393  0.325241  0.559082  0.654062  0.512569  0.488027  0.419193  0.535662  0.768437  0.363303  0.293395  0.480185  0.819812  0.559091  0.436066  0.358728  0.713070  0.563860  0.506532  0.457528  0.545848  0.500421  0.688069  0.388116  0.240963  0.508678  0.447738  0.523773  0.516008  0.570406  0.573139  0.433941  0.528480  0.426548  0.739689  0.571858  0.664176  0.401966  0.531829  0.670291  0.591228  0.573103  0.544053  0.676829  0.564187  0.407404  0.343468  0.309271  0.301427  0.273590  0.426839  0.477253  0.538457  0.599249  0.419312  0.538608  0.526220  0.481516  0.576199  0.323075  0.535378  0.515554  0.354541  0.349162  0.411906  0.217984  0.472563  0.605331  0.597504  0.423884  0.310051  0.810527  0.451882  0.330331  0.389525  0.389231  0.421256  0.237871  0.404476  0.478801  0.535322  0.675961  0.370695  0.285495  0.484131  0.750958  0.753558  0.475510  0.393934  0.453726  0.560465  0.741861  0.636569  0.624244  0.437689  0.582336  0.572517  0.279328  0.504778  0.690614  0.450617  0.800454  0.521915  0.334273  0.507979  0.524533  0.649248  0.477439  0.405839  0.614594  0.345769  0.668106  0.532525  0.580193  0.417488  0.486104  0.420710  0.626624  0.416514  0.495201  0.198774  0.469553  0.504322  0.248428  0.393748  0.650574  0.305671  0.379196  0.531939  0.680369  0.531895  0.518237  0.486186  0.724481  0.649546  0.420928  0.337664  0.344657  0.553087  0.469131  0.438687  0.203942  0.297484  0.428857  0.452951  0.417111  0.356440  0.366580  0.422062  0.439158  0.501559  0.539976  0.753117  0.552147  0.492917  0.613326  0.785462  0.411211  0.303284  0.416250  0.408252  0.570526  0.558181  0.507523  0.664019  0.466560  0.316883  0.563947  0.716765  0.477592  0.346948  0.601406  0.814507  0.585136  0.773628  0.367847  0.622045  0.393514  0.478486  0.630996  0.373419 
16  0.505815  0.388486  0.414161  0.516725  0.429911  0.391108  0.498054  0.347288  0.406799  0.481162  0.748697  0.477435  0.489168  0.443697  0.616233  0.524393 0.0  0.474111  0.375324  0.617972  0.627746  0.557168  0.494211  0.437885  0.638039  0.518552  0.552024  0.421928  0.643129  0.536723  0.587754  0.387195  0.728016  0.474909  0.454058  0.444399  0.488884  0.594968  0.501448  0.417275  0.399513  0.526470  0.479063  0.409355  0.628153  0.469742  0.372679  0.499860  0.399384  0.330468  0.418507  0.396035  0.495240  0.397131  0.522133  0.600029  0.630806  0.560529  0.513352  0.479879  0.338399  0.458689  0.342100  0.423962  0.424607  0.369492  0.524731  0.493875  0.391413  0.498956  0.439589  0.582311  0.368716  0.336084  0.466242  0.526605  0.517282  0.384207  0.352808  0.497331  0.474447  0.491935  0.482665  0.627191  0.563572  0.372267  0.486164  0.645060  0.416536  0.524147  0.521185  0.456448  0.460638  0.453222  0.490390  0.369132  0.392556  0.558652  0.551767  0.484227  0.557730  0.665263  0.704934  0.459518  0.509513  0.444858  0.446193  0.719001  0.431839  0.536699  0.409229  0.549083  0.438911  0.335004  0.581999  0.709811  0.545894  0.756546  0.484119  0.416894  0.376387  0.538741  0.782067  0.430988  0.596194  0.552743  0.466911  0.573638  0.442506  0.520000  0.578142  0.496704  0.485665  0.468598  0.415165  0.538373  0.451439  0.550396  0.467850  0.458397  0.478332  0.546922  0.448508  0.457451  0.422630  0.641353  0.508853  0.506492  0.406228  0.628232  0.788943  0.458701  0.383741  0.409673  0.741807  0.369055  0.495192  0.472294  0.451297  0.555252  0.528555  0.408789  0.412197  0.545793  0.650552  0.503193  0.517131  0.538957  0.712514  0.652990  0.513922  0.560878  0.827265  0.404144  0.489585  0.396361  0.591714  0.660357  0.428362  0.439159  0.544436  0.375634  0.454195  0.379362  0.881063  0.400685  0.468023  0.514672  0.713169  0.526173  0.705431  0.406444  0.498952  0.482390  0.426360  0.567216  0.406776 
17  0.457566  0.555042  0.460981  0.470520  0.503655  0.607739  0.564098  0.312653  0.346474  0.683720  0.845000  0.403826  0.348518  0.478367  0.605373  0.325241  0.474111 0.0  0.591204  0.501633  0.597278  0.447897  0.252795  0.462390  0.644831  0.390642  0.421331  0.348296  0.649726  0.603824  0.451955  0.276851  0.704168  0.500792  0.425432  0.471636  0.589205  0.568475  0.754896  0.370053  0.478867  0.495015  0.279852  0.463754  0.513273  0.561820  0.526467  0.471218  0.483104  0.369910  0.595911  0.475325  0.673270  0.356021  0.537966  0.507617  0.562531  0.471407  0.568870  0.504431  0.467022  0.340271  0.352521  0.399799  0.486193  0.354569  0.400000  0.440350  0.478753  0.665320  0.388894  0.541230  0.587844  0.416104  0.549154  0.338285  0.594922  0.505064  0.434765  0.420715  0.416406  0.299638  0.621964  0.575530  0.585949  0.342708  0.390121  0.746951  0.471933  0.331362  0.395311  0.258941  0.311879  0.507547  0.318195  0.324720  0.502591  0.556790  0.387934  0.442802  0.575703  0.674547  0.708488  0.563311  0.318015  0.414804  0.474088  0.772828  0.551169  0.531984  0.369349  0.490534  0.290068  0.378164  0.527067  0.800945  0.359632  0.739917  0.378577  0.296287  0.451066  0.487727  0.761806  0.444628  0.332015  0.397334  0.397480  0.620267  0.474800  0.553242  0.390571  0.540926  0.505968  0.611700  0.285428  0.547911  0.418338  0.406983  0.485909  0.377978  0.309933  0.565252  0.435033  0.204234  0.397159  0.579206  0.450234  0.502488  0.276966  0.563033  0.712214  0.320592  0.532588  0.380426  0.620598  0.430474  0.530458  0.358957  0.370222  0.491859  0.369701  0.352987  0.338321  0.341417  0.350691  0.325662  0.374943  0.456053  0.730215  0.591638  0.441640  0.573258  0.746150  0.443127  0.396843  0.441110  0.458281  0.764176  0.466624  0.381619  0.644813  0.434818  0.427084  0.575712  0.857130  0.394283  0.339688  0.624699  0.656337  0.554403  0.669437  0.457822  0.535101  0.439669  0.405917  0.610797  0.393623 
18  0.306756  0.571235  0.524222  0.331415  0.208598  0.433335  0.411068  0.452925  0.498495  0.532097  0.808523  0.433234  0.579160  0.553006  0.661660  0.559082  0.375324  0.591204 0.0  0.553129  0.687519  0.552129  0.520412  0.668508  0.726142  0.647419  0.517386  0.495053  0.644106  0.651026  0.486352  0.509475  0.585102  0.545678  0.317028  0.677163  0.458881  0.554047  0.594503  0.504671  0.503747  0.491638  0.623486  0.528487  0.525528  0.239917  0.491290  0.698875  0.396387  0.491993  0.458683  0.329437  0.587932  0.482446  0.299486  0.624878  0.672555  0.719198  0.582506  0.516004  0.633581  0.550107  0.556323  0.592522  0.539092  0.622298  0.503106  0.498925  0.484092  0.532724  0.665826  0.619162  0.304026  0.397855  0.508206  0.523414  0.487669  0.477457  0.642048  0.626284  0.613956  0.645459  0.505030  0.592281  0.518449  0.578896  0.481576  0.679524  0.700615  0.507646  0.655709  0.521790  0.617374  0.565093  0.572828  0.440641  0.356156  0.697390  0.657320  0.584757  0.669051  0.710803  0.737139  0.460845  0.514010  0.567117  0.516878  0.680463  0.457261  0.613323  0.502325  0.477753  0.597646  0.507628  0.516921  0.679786  0.553968  0.764376  0.513232  0.566944  0.514389  0.611641  0.641278  0.424920  0.535223  0.459372  0.534513  0.575030  0.465426  0.592270  0.535181  0.492863  0.552312  0.513091  0.558816  0.521958  0.483550  0.656486  0.458399  0.594883  0.595704  0.485933  0.510535  0.581797  0.366651  0.448396  0.581463  0.840855  0.549441  0.682787  0.759188  0.526529  0.663245  0.611868  0.662467  0.574415  0.663179  0.503931  0.546503  0.532754  0.652769  0.453284  0.508002  0.655171  0.600892  0.586097  0.534479  0.368350  0.727775  0.664411  0.578077  0.488497  0.610138  0.565681  0.637342  0.437584  0.572846  0.730978  0.550153  0.528790  0.459478  0.572919  0.548790  0.389046  0.756676  0.577236  0.614348  0.617355  0.643323  0.462038  0.555210  0.561837  0.576465  0.559981  0.488325  0.655385  0.579902 
19  0.627164  0.536620  0.715263  0.587257  0.625860  0.542448  0.528567  0.650452  0.681566  0.680911  0.692821  0.655484  0.535618  0.683199  0.482407  0.654062  0.617972  0.501633  0.553129 0.0  0.663783  0.628764  0.447938  0.649210  0.749911  0.621171  0.693591  0.582332  0.707466  0.506843  0.661208  0.530831  0.725764  0.701045  0.602842  0.631823  0.562281  0.577176  0.372505  0.710726  0.726086  0.611146  0.521131  0.545808  0.779162  0.603998  0.545716  0.664637  0.441866  0.695672  0.558096  0.654570  0.565888  0.587288  0.545207  0.798039  0.627966  0.702045  0.553443  0.545100  0.581769  0.596444  0.622931  0.671722  0.574011  0.601448  0.583020  0.605211  0.658916  0.674116  0.553516  0.628621  0.602903  0.576995  0.721606  0.559794  0.567997  0.653928  0.641181  0.665992  0.636365  0.515186  0.523322  0.655316  0.738101  0.689803  0.522645  0.622466  0.653883  0.439065  0.417110  0.592905  0.442826  0.643689  0.522437  0.637811  0.554843  0.614663  0.573890  0.588247  0.669285  0.703467  0.704684  0.520146  0.634022  0.685666  0.687053  0.656591  0.675101  0.736721  0.608814  0.598159  0.639343  0.503739  0.843200  0.714182  0.687350  0.734778  0.587322  0.652543  0.607618  0.652253  0.710181  0.649447  0.567255  0.587238  0.665307  0.692979  0.627078  0.639687  0.695196  0.521887  0.580762  0.426480  0.451526  0.596659  0.558298  0.709613  0.646853  0.585003  0.666032  0.549361  0.525962  0.543899  0.469081  0.761160  0.701111  0.590297  0.623451  0.626020  0.705523  0.523737  0.708775  0.596825  0.642484  0.595782  0.641155  0.588284  0.524418  0.676503  0.608612  0.680984  0.676298  0.660069  0.449056  0.590702  0.665088  0.576815  0.634171  0.677148  0.753571  0.471618  0.664395  0.607070  0.642391  0.586988  0.557224  0.662902  0.675716  0.657000  0.524043  0.571247  0.632783  0.682827  0.640139  0.600547  0.653135  0.414285  0.719161  0.639523  0.609183  0.616265  0.601031  0.471992  0.704554  0.669667  0.643747 
