197
0 0.0  0.480555  0.410058  0.375427  0.247758  0.410751  0.318641  0.483416  0.497060  0.572259  0.727615  0.463836  0.514724  0.465971  0.603084  0.461995  0.397331  0.510652  0.290231  0.495492  0.500257  0.479283  0.400764  0.522307  0.726369  0.505123  0.557963  0.462515  0.534544  0.547910  0.475775  0.608769  0.696483  0.475533  0.494887  0.574754  0.423151  0.536334  0.548877  0.501890  0.472248  0.556317  0.569964  0.390348  0.595299  0.309875  0.383794  0.659709  0.398979  0.450128  0.597571  0.368991  0.599573  0.379922  0.388948  0.489783  0.462939  0.585294  0.569461  0.460327  0.565727  0.565423  0.512452  0.576676  0.544178  0.655112  0.488311  0.484286  0.260521  0.600509  0.590071  0.639289  0.375218  0.574936  0.528159  0.530534  0.512166  0.506099  0.438940  0.520044  0.557611  0.659945  0.448034  0.580998  0.589194  0.581008  0.478942  0.631248  0.405030  0.573947  0.553732  0.507936  0.568170  0.639605  0.641943  0.350885  0.423548  0.555101  0.641901  0.427771  0.635638  0.677375  0.659866  0.418212  0.574809  0.444826  0.411994  0.730293  0.471024  0.564254  0.506668  0.545054  0.557557  0.518294  0.701284  0.621545  0.604564  0.666154  0.545993  0.412927  0.431547  0.502229  0.677732  0.424462  0.540387  0.578299  0.530463  0.620333  0.557688  0.551554  0.511657  0.500100  0.575834  0.464599  0.619300  0.457964  0.513325  0.536073  0.501813  0.602098  0.487278  0.527227  0.487215  0.530711  0.291020  0.533166  0.549021  0.574514  0.531202  0.699970  0.735467  0.515076  0.562746  0.406498  0.676694  0.552000  0.559086  0.601937  0.577303  0.548977  0.673651  0.464119  0.548283  0.541172  0.554528  0.470455  0.458550  0.431725  0.770066  0.541359  0.599604  0.390814  0.664727  0.527195  0.490068  0.591938  0.540358  0.526709  0.469830  0.622273  0.500413  0.505522  0.537462  0.493417  0.727201  0.585949  0.560723  0.561397  0.581194  0.576042  0.656527  0.494613  0.450183  0.558445  0.372719  0.576430  0.498033 
1  0.480555 0.0  0.413863  0.485144  0.459919  0.412370  0.463928  0.491619  0.394464  0.638752  0.824917  0.510289  0.403467  0.442860  0.650367  0.443801  0.452734  0.392728  0.536538  0.466498  0.568577  0.389861  0.376576  0.516138  0.673593  0.522838  0.450547  0.416410  0.676212  0.624871  0.526508  0.389247  0.823934  0.435710  0.506284  0.477891  0.588753  0.488052  0.661249  0.528312  0.628108  0.472003  0.399387  0.503031  0.481092  0.563877  0.387181  0.446013  0.530387  0.374197  0.590355  0.603789  0.641176  0.431684  0.484905  0.630107  0.510435  0.443090  0.522170  0.533365  0.594867  0.429794  0.428362  0.387102  0.489328  0.442867  0.483473  0.367928  0.350485  0.592656  0.480485  0.410432  0.480922  0.478373  0.454759  0.436382  0.539571  0.622803  0.476920  0.554346  0.457417  0.351715  0.416872  0.582026  0.520731  0.392358  0.441762  0.700407  0.504491  0.395880  0.429502  0.298411  0.416304  0.437079  0.399881  0.468024  0.467980  0.499145  0.415433  0.366279  0.618893  0.738024  0.667994  0.548296  0.480135  0.455649  0.530390  0.668561  0.603564  0.681470  0.486093  0.457448  0.346603  0.512501  0.443016  0.850741  0.434303  0.712346  0.422801  0.412533  0.467416  0.549796  0.696366  0.435417  0.429286  0.448882  0.509360  0.707116  0.485280  0.426824  0.484185  0.587895  0.508294  0.646694  0.339808  0.656431  0.392177  0.494869  0.387147  0.453155  0.462254  0.580773  0.425186  0.323080  0.287998  0.581441  0.384880  0.357004  0.440432  0.534010  0.689237  0.455769  0.577746  0.511239  0.623045  0.564846  0.463283  0.482074  0.435571  0.435166  0.499744  0.405532  0.410263  0.397636  0.481275  0.487840  0.488502  0.469817  0.775518  0.604108  0.556714  0.447405  0.700439  0.453879  0.509052  0.398265  0.612097  0.729473  0.473408  0.508148  0.596979  0.416746  0.532572  0.638863  0.657890  0.423574  0.476038  0.656873  0.766322  0.598133  0.733302  0.440674  0.625750  0.552391  0.330784  0.604338  0.424936 
2  0.410058  0.413863 0.0  0.473615  0.479692  0.403614  0.412082  0.194076  0.267650  0.597317  0.672606  0.462424  0.455313  0.384323  0.627564  0.398546  0.430541  0.376603  0.530133  0.569966  0.600541  0.307740  0.397124  0.440789  0.621227  0.426537  0.390134  0.414358  0.595260  0.456791  0.383147  0.429745  0.624710  0.525146  0.385752  0.546036  0.386780  0.503530  0.608691  0.304142  0.443191  0.328969  0.433942  0.520339  0.379850  0.590469  0.406188  0.559936  0.233501  0.285312  0.536896  0.373542  0.530826  0.358871  0.446099  0.577632  0.550741  0.433592  0.424741  0.415941  0.551965  0.392070  0.408542  0.308470  0.457950  0.440439  0.325610  0.442688  0.514151  0.539232  0.409192  0.398684  0.458154  0.324501  0.496786  0.454627  0.603773  0.559467  0.413532  0.530677  0.522723  0.417979  0.435971  0.492827  0.524410  0.475942  0.416889  0.582591  0.369736  0.434021  0.370608  0.375238  0.456047  0.521360  0.480639  0.442467  0.474609  0.611894  0.374443  0.460221  0.720348  0.488487  0.671532  0.542945  0.392630  0.197755  0.419894  0.694360  0.526437  0.721514  0.448127  0.499557  0.339207  0.360225  0.409036  0.755315  0.485916  0.632168  0.364644  0.299514  0.372204  0.460302  0.646237  0.430663  0.421599  0.533276  0.370512  0.662327  0.500859  0.452529  0.478315  0.499555  0.378941  0.602026  0.372075  0.505526  0.409948  0.435102  0.482920  0.411966  0.279617  0.629821  0.519628  0.329349  0.485973  0.686994  0.482905  0.458109  0.404965  0.654956  0.715638  0.432511  0.469428  0.408793  0.678153  0.459642  0.530780  0.440630  0.394727  0.399796  0.529295  0.346009  0.471008  0.371796  0.548834  0.313530  0.445651  0.517441  0.659193  0.460112  0.438732  0.612184  0.803457  0.438109  0.509007  0.461507  0.366952  0.671274  0.438047  0.351043  0.671389  0.332365  0.510817  0.581440  0.629832  0.478339  0.297893  0.608070  0.680215  0.550579  0.670849  0.371243  0.492781  0.431014  0.342179  0.601044  0.464748 
3  0.375427  0.485144  0.473615 0.0  0.342710  0.365707  0.283830  0.525406  0.549074  0.682502  0.703248  0.481044  0.490355  0.490097  0.555402  0.421406  0.469914  0.477541  0.400670  0.505709  0.540223  0.395201  0.496780  0.614281  0.615707  0.488947  0.442671  0.504868  0.732642  0.528249  0.454910  0.577873  0.638001  0.513481  0.447532  0.464535  0.472844  0.537974  0.643357  0.565343  0.598488  0.624887  0.463292  0.595107  0.486762  0.355797  0.439442  0.467655  0.392475  0.522660  0.611602  0.372010  0.606697  0.520401  0.390441  0.626534  0.706105  0.603693  0.556554  0.409397  0.537868  0.421530  0.434846  0.460917  0.478442  0.456772  0.443418  0.405888  0.563107  0.644288  0.471811  0.639875  0.408419  0.562116  0.574415  0.488296  0.530671  0.471135  0.563872  0.461066  0.603463  0.476968  0.563569  0.639861  0.526879  0.579967  0.512248  0.614979  0.594962  0.402793  0.481513  0.482383  0.616530  0.590813  0.482651  0.542822  0.389811  0.514465  0.490641  0.471810  0.586515  0.600212  0.780383  0.520171  0.530387  0.582500  0.511597  0.687985  0.691936  0.657802  0.381022  0.556807  0.555083  0.563869  0.558663  0.712134  0.466072  0.682800  0.595309  0.472094  0.533569  0.376237  0.581358  0.586725  0.533165  0.569603  0.502691  0.729495  0.654845  0.630411  0.489511  0.396118  0.549609  0.575979  0.503971  0.643302  0.448069  0.606911  0.330524  0.493463  0.561115  0.595585  0.353634  0.560423  0.461468  0.562934  0.626394  0.541799  0.498295  0.461024  0.764073  0.381806  0.586586  0.429668  0.639688  0.458531  0.595689  0.504207  0.473736  0.583306  0.491329  0.544703  0.473856  0.525949  0.538069  0.475160  0.517230  0.389593  0.627358  0.618769  0.576333  0.525503  0.752173  0.390519  0.524596  0.455808  0.472028  0.600601  0.548920  0.537644  0.552216  0.507414  0.496694  0.601632  0.768347  0.516161  0.510420  0.507962  0.646950  0.478223  0.734025  0.594152  0.572108  0.385674  0.503565  0.722452  0.545686 
4  0.247758  0.459919  0.479692  0.342710 0.0  0.439392  0.366008  0.569070  0.446337  0.630146  0.735069  0.414589  0.557356  0.506562  0.644709  0.549981  0.508325  0.482341  0.277335  0.710675  0.445652  0.439343  0.516774  0.564493  0.619907  0.627331  0.479404  0.541282  0.623986  0.509652  0.537795  0.430139  0.734306  0.393961  0.334217  0.555711  0.429679  0.484975  0.446766  0.595643  0.574123  0.639527  0.632466  0.529892  0.635239  0.395628  0.407833  0.615554  0.419140  0.535030  0.462479  0.477000  0.417648  0.449440  0.384602  0.630269  0.616822  0.669092  0.340904  0.483315  0.557362  0.499589  0.487865  0.558708  0.587585  0.468687  0.552954  0.426935  0.485623  0.521504  0.555142  0.690878  0.268019  0.503380  0.688417  0.531164  0.516137  0.469605  0.613621  0.522739  0.544417  0.533319  0.489949  0.571986  0.599829  0.509077  0.438576  0.655854  0.537342  0.453876  0.573154  0.483821  0.468039  0.631845  0.525577  0.427846  0.330022  0.589684  0.478536  0.600718  0.595194  0.603906  0.719121  0.457593  0.590166  0.467127  0.468463  0.753377  0.470596  0.599674  0.423953  0.488794  0.570015  0.423075  0.652497  0.717204  0.558849  0.745317  0.693169  0.507550  0.472696  0.492165  0.649966  0.496671  0.503013  0.534402  0.480771  0.651041  0.541604  0.422796  0.481160  0.558773  0.599998  0.389948  0.543399  0.559380  0.507220  0.581536  0.296452  0.545294  0.647770  0.428351  0.676787  0.633128  0.424206  0.630616  0.602894  0.599891  0.495854  0.612227  0.610510  0.688112  0.464666  0.509966  0.753486  0.523532  0.422799  0.552526  0.590145  0.567575  0.665045  0.524357  0.577500  0.491641  0.608031  0.599553  0.512149  0.382568  0.750604  0.522808  0.577947  0.586597  0.779596  0.609286  0.547636  0.528075  0.638080  0.657702  0.444838  0.531567  0.443149  0.509112  0.515216  0.449727  0.656998  0.607780  0.574678  0.596834  0.604507  0.514811  0.683747  0.607756  0.482151  0.515321  0.491638  0.581450  0.623254 
5  0.410751  0.412370  0.403614  0.365707  0.439392 0.0  0.331949  0.525949  0.471468  0.539409  0.683752  0.494649  0.533673  0.658122  0.664400  0.534288  0.562382  0.455730  0.345311  0.545455  0.672348  0.548109  0.561823  0.498447  0.773774  0.542248  0.464370  0.529250  0.674403  0.505173  0.472189  0.594831  0.680464  0.590696  0.425994  0.521034  0.435269  0.500566  0.614403  0.478506  0.557936  0.513518  0.523440  0.469108  0.592500  0.304011  0.595019  0.589006  0.318847  0.602121  0.635940  0.414558  0.650147  0.459654  0.368495  0.467260  0.444717  0.551348  0.400556  0.320596  0.540490  0.592766  0.527381  0.531184  0.510862  0.588420  0.539085  0.549775  0.584668  0.652981  0.649002  0.422984  0.445593  0.476500  0.546885  0.640532  0.487445  0.477410  0.561591  0.551160  0.447994  0.571227  0.443976  0.512379  0.541873  0.513510  0.468512  0.678242  0.590333  0.565444  0.501138  0.528046  0.537610  0.516058  0.630520  0.455188  0.406057  0.627350  0.561270  0.608417  0.527240  0.748828  0.654893  0.564923  0.606134  0.455173  0.556799  0.717131  0.516527  0.503310  0.512007  0.555049  0.561872  0.510400  0.511701  0.781330  0.562179  0.673049  0.478142  0.498951  0.492694  0.486992  0.710683  0.472935  0.631457  0.517309  0.563354  0.606189  0.530140  0.439412  0.606344  0.565566  0.433974  0.497463  0.577151  0.649014  0.580696  0.467290  0.467527  0.618340  0.452029  0.625490  0.533074  0.534948  0.515708  0.600272  0.505829  0.584091  0.512992  0.843527  0.700756  0.544067  0.506863  0.555320  0.762693  0.591518  0.546442  0.627386  0.540046  0.529399  0.581670  0.536032  0.586118  0.475453  0.498993  0.497993  0.383666  0.430510  0.735717  0.442649  0.616481  0.447419  0.709518  0.519581  0.557132  0.553749  0.574027  0.750382  0.470598  0.545140  0.677593  0.505062  0.544219  0.679230  0.743361  0.576118  0.663875  0.574642  0.693116  0.544018  0.680062  0.510822  0.584129  0.523924  0.558400  0.545639  0.481708 
6  0.318641  0.463928  0.412082  0.283830  0.366008  0.331949 0.0  0.440870  0.443636  0.565142  0.724267  0.482044  0.571693  0.560488  0.616334  0.540114  0.527447  0.450560  0.217605  0.537160  0.593220  0.486165  0.444365  0.572174  0.626512  0.624345  0.546051  0.530732  0.581088  0.471869  0.480111  0.474415  0.646436  0.421543  0.431800  0.581363  0.503916  0.400622  0.622843  0.536322  0.618866  0.457992  0.475616  0.533443  0.480956  0.190528  0.523435  0.589944  0.363789  0.467065  0.628211  0.349714  0.568814  0.569798  0.364300  0.579276  0.623502  0.631826  0.446793  0.424611  0.564928  0.535347  0.535798  0.440102  0.457828  0.446340  0.505537  0.457507  0.569021  0.631563  0.467932  0.572763  0.387608  0.529165  0.547768  0.488341  0.511890  0.469570  0.427870  0.583722  0.490491  0.502539  0.395563  0.435058  0.537040  0.486452  0.545976  0.669465  0.514345  0.415846  0.506141  0.465392  0.551317  0.593665  0.434505  0.417397  0.382174  0.584691  0.607267  0.463639  0.546812  0.583097  0.562587  0.604154  0.377233  0.485463  0.510449  0.704849  0.464424  0.650274  0.589125  0.418031  0.545788  0.500057  0.461212  0.577327  0.471292  0.713750  0.552447  0.564082  0.409208  0.530880  0.686496  0.482884  0.548781  0.454518  0.582795  0.601127  0.587729  0.648680  0.589779  0.474770  0.584874  0.552175  0.476933  0.527585  0.600927  0.574446  0.474260  0.551717  0.554989  0.618312  0.465099  0.473054  0.528172  0.588148  0.649713  0.586894  0.648676  0.628310  0.763278  0.480575  0.539276  0.424159  0.659694  0.580425  0.587505  0.479899  0.458922  0.438769  0.491723  0.357429  0.543297  0.601275  0.507274  0.523892  0.515925  0.408773  0.681102  0.513158  0.511297  0.505623  0.756317  0.645865  0.620270  0.667154  0.568419  0.658893  0.665018  0.550876  0.504488  0.532065  0.612488  0.518667  0.637787  0.594194  0.524981  0.627692  0.677889  0.543980  0.713877  0.546994  0.552793  0.518531  0.443168  0.664445  0.597361 
7  0.483416  0.491619  0.194076  0.525406  0.569070  0.525949  0.440870 0.0  0.285727  0.609307  0.716683  0.359012  0.447629  0.467091  0.740898  0.388851  0.419221  0.292893  0.565220  0.621396  0.541404  0.413109  0.448637  0.469926  0.589169  0.544582  0.402437  0.378636  0.775011  0.493302  0.383322  0.464454  0.680480  0.425078  0.369919  0.539205  0.446832  0.448227  0.632906  0.416706  0.473299  0.534194  0.338223  0.336321  0.494260  0.573679  0.345522  0.513802  0.397739  0.345380  0.493501  0.455322  0.518004  0.318438  0.441162  0.584493  0.561321  0.556306  0.474620  0.526315  0.526235  0.298390  0.486028  0.444525  0.502848  0.491211  0.353471  0.332622  0.416822  0.648182  0.466688  0.500292  0.447252  0.423072  0.569686  0.533338  0.489076  0.509096  0.480840  0.418030  0.598339  0.472801  0.521736  0.588371  0.571677  0.376800  0.378514  0.635421  0.331931  0.584861  0.463501  0.294757  0.415957  0.474617  0.479463  0.431362  0.499090  0.662935  0.413871  0.440413  0.695285  0.629602  0.673635  0.523579  0.303068  0.227962  0.501081  0.601173  0.564482  0.516363  0.434590  0.507381  0.214914  0.421619  0.432408  0.591534  0.418652  0.598400  0.385871  0.480817  0.363109  0.485160  0.648700  0.495106  0.366965  0.469491  0.477214  0.652098  0.410325  0.383800  0.375641  0.450087  0.367841  0.635011  0.481892  0.565214  0.384477  0.351616  0.465111  0.454587  0.272623  0.506560  0.435346  0.438787  0.448097  0.618506  0.524584  0.435215  0.520758  0.626659  0.700667  0.516765  0.411354  0.501846  0.631583  0.431712  0.474358  0.311189  0.404812  0.235236  0.468360  0.389602  0.521664  0.421262  0.592961  0.436785  0.430029  0.456821  0.601741  0.413093  0.449258  0.373871  0.721512  0.393688  0.492616  0.459069  0.479851  0.676251  0.434427  0.347256  0.531356  0.335724  0.377088  0.559181  0.731158  0.417881  0.434026  0.540622  0.699856  0.482800  0.763084  0.480131  0.624680  0.313492  0.336317  0.647558  0.482521 
8  0.497060  0.394464  0.267650  0.549074  0.446337  0.471468  0.443636  0.285727 0.0  0.682738  0.632381  0.384495  0.303033  0.476806  0.676482  0.357074  0.297310  0.443930  0.606065  0.596033  0.549529  0.354921  0.338916  0.453137  0.624782  0.382598  0.390238  0.449606  0.616450  0.692711  0.425150  0.440898  0.744058  0.386823  0.404873  0.441944  0.376918  0.355156  0.575880  0.254039  0.431872  0.503153  0.296924  0.456542  0.390587  0.592629  0.349044  0.644316  0.427379  0.370369  0.566726  0.364276  0.577936  0.356772  0.556519  0.551862  0.546285  0.425393  0.496334  0.468403  0.512260  0.487835  0.455218  0.414086  0.456490  0.386177  0.438025  0.400872  0.301920  0.647700  0.386213  0.521707  0.398641  0.446399  0.419692  0.399056  0.499809  0.386411  0.442812  0.390369  0.458232  0.390429  0.564338  0.626575  0.563629  0.409299  0.445576  0.687281  0.258460  0.432458  0.401258  0.470591  0.410440  0.453228  0.435730  0.351813  0.483525  0.609423  0.306907  0.466559  0.628289  0.570706  0.676237  0.497490  0.410745  0.320883  0.484153  0.606241  0.490886  0.632604  0.274554  0.466991  0.153494  0.433919  0.478000  0.602365  0.473199  0.681566  0.363915  0.314265  0.364868  0.500178  0.686757  0.384344  0.363564  0.352585  0.355591  0.483325  0.383141  0.468539  0.412458  0.531494  0.378964  0.649935  0.405391  0.488558  0.485717  0.413176  0.437203  0.463719  0.247676  0.548027  0.516216  0.414999  0.481358  0.552213  0.604983  0.480973  0.473568  0.629875  0.716282  0.475113  0.504110  0.617405  0.528139  0.270274  0.520721  0.540276  0.440986  0.452240  0.393167  0.426093  0.409191  0.379815  0.542215  0.516390  0.438192  0.504852  0.626686  0.536426  0.500827  0.411665  0.750122  0.464418  0.555073  0.410993  0.374250  0.793223  0.473308  0.370329  0.536161  0.252768  0.447015  0.475680  0.696106  0.363166  0.532229  0.507466  0.713753  0.604684  0.692355  0.475599  0.670028  0.512521  0.324452  0.644796  0.403840 
9  0.572259  0.638752  0.597317  0.682502  0.630146  0.539409  0.565142  0.609307  0.682738 0.0  0.885395  0.621299  0.552197  0.553507  0.664540  0.575138  0.594179  0.693619  0.560374  0.666270  0.464759  0.589362  0.678980  0.518044  0.798437  0.653507  0.578257  0.442847  0.664048  0.504682  0.670040  0.601161  0.738559  0.528529  0.593205  0.629632  0.620178  0.582616  0.621421  0.688183  0.467938  0.585214  0.625806  0.551016  0.550552  0.600416  0.491383  0.574686  0.494857  0.605220  0.556027  0.676399  0.608343  0.605522  0.590146  0.351483  0.332337  0.463356  0.623063  0.613494  0.490197  0.628450  0.548148  0.611180  0.748321  0.630197  0.687646  0.556291  0.592293  0.493931  0.653370  0.641278  0.563294  0.598964  0.659888  0.614685  0.575127  0.609402  0.644109  0.732024  0.622487  0.539193  0.577136  0.542167  0.502731  0.556257  0.604765  0.911684  0.665539  0.669304  0.677106  0.573048  0.695773  0.677292  0.616952  0.502431  0.661411  0.353619  0.688039  0.597369  0.390102  0.914229  0.764129  0.549511  0.562382  0.618423  0.481412  0.809402  0.359689  0.299009  0.641141  0.421488  0.661645  0.543410  0.697303  0.895327  0.666503  0.719447  0.506173  0.694664  0.533697  0.618880  0.789131  0.705780  0.652276  0.609267  0.731633  0.343389  0.561749  0.657091  0.655859  0.499040  0.697900  0.586777  0.616868  0.329579  0.638901  0.631101  0.639378  0.783830  0.697176  0.600107  0.662017  0.640243  0.584919  0.325651  0.486361  0.608578  0.442365  0.739617  0.742041  0.575814  0.542240  0.581247  0.808801  0.626236  0.529917  0.641496  0.690038  0.606882  0.524912  0.651265  0.571368  0.590343  0.584157  0.559087  0.422510  0.596600  0.956800  0.569389  0.614819  0.521803  0.725457  0.652577  0.612753  0.663630  0.566223  0.725741  0.585429  0.503599  0.661321  0.567296  0.524850  0.475145  0.874965  0.605575  0.658685  0.856862  0.810069  0.498801  0.852691  0.648548  0.544602  0.631078  0.541542  0.388213  0.717640 
10  0.727615  0.824917  0.672606  0.703248  0.735069  0.683752  0.724267  0.716683  0.632381  0.885395 0.0  0.671739  0.760053  0.628551  0.751566  0.703716  0.785874  0.732206  0.546580  0.757338  0.798772  0.686610  0.781539  0.634801  0.467470  0.790716  0.748417  0.662071  0.493255  0.672848  0.749426  0.752723  0.576217  0.669785  0.584984  0.833645  0.681104  0.639477  0.783338  0.648759  0.733299  0.751356  0.665346  0.601988  0.629641  0.724194  0.822831  0.823345  0.577267  0.608183  0.761671  0.567119  0.758855  0.617438  0.738435  0.782373  0.844700  0.789299  0.582400  0.665619  0.781749  0.677557  0.704413  0.684063  0.775856  0.703603  0.619333  0.691733  0.766738  0.761217  0.753094  0.732388  0.643430  0.690862  0.733723  0.681398  0.644180  0.556435  0.875331  0.658785  0.699434  0.733326  0.695269  0.661670  0.732692  0.685310  0.675574  0.570164  0.618656  0.788859  0.680773  0.801913  0.844618  0.815746  0.718053  0.844728  0.602110  0.784392  0.709741  0.755030  0.846302  0.495040  0.347263  0.694940  0.659475  0.603507  0.716207  0.424625  0.719046  0.812359  0.715900  0.695735  0.635358  0.672009  0.729714  0.291587  0.834109  0.272904  0.749530  0.679115  0.688466  0.662944  0.654899  0.691253  0.716160  0.647283  0.795043  0.850027  0.693447  0.558044  0.835283  0.676300  0.625345  0.701988  0.777403  0.841073  0.720560  0.684475  0.786637  0.731761  0.745250  0.725740  0.737175  0.715515  0.844462  0.823909  0.754069  1.000000  0.692298  0.604532  0.619575  0.693584  0.828046  0.868077  0.682222  0.728825  0.806207  0.745645  0.766399  0.711670  0.775453  0.696057  0.789323  0.770869  0.790961  0.772386  0.713142  0.793864  0.403118  0.648710  0.785668  0.523354  0.380305  0.711940  0.774990  0.860818  0.771616  0.661865  0.965826  0.868112  0.758523  0.728374  0.698651  0.802056  0.356073  0.803401  0.623889  0.658204  0.498432  0.910304  0.367082  0.793341  0.718505  0.708861  0.656454  0.903449  0.751236 
11  0.463836  0.510289  0.462424  0.481044  0.414589  0.494649  0.482044  0.359012  0.384495  0.621299  0.671739 0.0  0.332657  0.358833  0.602662  0.428758  0.403398  0.283776  0.562439  0.714822  0.659687  0.406732  0.366229  0.470084  0.666127  0.526266  0.383546  0.239127  0.626593  0.564954  0.456074  0.522939  0.712294  0.488887  0.476037  0.500340  0.507991  0.514115  0.537025  0.425542  0.367847  0.538060  0.384280  0.388994  0.451437  0.476259  0.278445  0.349595  0.492695  0.265001  0.471049  0.462475  0.524042  0.429160  0.380900  0.628378  0.576840  0.561384  0.549462  0.550811  0.448698  0.301558  0.390969  0.379699  0.424180  0.517975  0.457838  0.471094  0.365281  0.581543  0.401919  0.573240  0.387197  0.398961  0.518170  0.460612  0.551647  0.530357  0.317043  0.495056  0.458429  0.462266  0.593848  0.590673  0.536827  0.385249  0.339611  0.762533  0.382079  0.406324  0.397629  0.198862  0.485487  0.450609  0.434522  0.388904  0.595930  0.581777  0.349156  0.456446  0.627985  0.769419  0.802958  0.491037  0.461332  0.393978  0.480983  0.744634  0.515875  0.508417  0.334803  0.552411  0.371545  0.401024  0.405973  0.751656  0.376512  0.658382  0.499902  0.428440  0.315525  0.549308  0.725997  0.388465  0.432732  0.504814  0.399459  0.629548  0.407467  0.591791  0.378967  0.408331  0.396071  0.591624  0.333341  0.452278  0.418662  0.551352  0.517450  0.485333  0.218785  0.603462  0.431475  0.373238  0.421679  0.549798  0.627156  0.489607  0.470064  0.600484  0.723511  0.475966  0.398936  0.341729  0.657518  0.481670  0.522724  0.416931  0.440938  0.375250  0.408560  0.360757  0.391457  0.466918  0.431245  0.405930  0.490632  0.486607  0.691186  0.633579  0.472623  0.408830  0.743608  0.380502  0.434475  0.359234  0.320932  0.590067  0.477604  0.469177  0.551298  0.344930  0.495107  0.417981  0.710507  0.389002  0.472723  0.638715  0.601339  0.526487  0.732544  0.360060  0.548852  0.472681  0.418101  0.631004  0.466662 
12  0.514724  0.403467  0.455313  0.490355  0.557356  0.533673  0.571693  0.447629  0.303033  0.552197  0.760053  0.332657 0.0  0.381193  0.709489  0.389100  0.397649  0.352892  0.594454  0.584950  0.629175  0.544028  0.467749  0.394403  0.801873  0.331885  0.379430  0.440280  0.742395  0.548498  0.465685  0.418584  0.692275  0.531359  0.531335  0.493739  0.474549  0.471342  0.701957  0.386519  0.389749  0.490957  0.364316  0.467479  0.549754  0.569747  0.415267  0.451014  0.409482  0.289950  0.705134  0.592732  0.648993  0.444827  0.526799  0.448427  0.659956  0.445705  0.512905  0.509063  0.491064  0.364124  0.505394  0.329140  0.391285  0.352599  0.372764  0.410780  0.451182  0.778333  0.342158  0.522492  0.521318  0.407497  0.485738  0.358713  0.437929  0.691750  0.432451  0.430092  0.456153  0.410521  0.602102  0.627309  0.584247  0.438501  0.293477  0.598538  0.377132  0.398302  0.259149  0.331339  0.381586  0.273933  0.326081  0.327768  0.573616  0.572709  0.382904  0.338235  0.546228  0.686536  0.764482  0.503984  0.415888  0.395021  0.507810  0.732201  0.498374  0.606995  0.290189  0.440564  0.417233  0.302918  0.448741  0.716777  0.432523  0.746203  0.398051  0.236916  0.506301  0.576098  0.675129  0.383171  0.471811  0.480256  0.419349  0.649577  0.342282  0.643399  0.312499  0.467252  0.427620  0.623279  0.390636  0.452636  0.423856  0.496760  0.490280  0.307424  0.301634  0.680829  0.301515  0.352722  0.484189  0.601549  0.441672  0.565127  0.469725  0.679649  0.765814  0.308198  0.470854  0.390498  0.608496  0.403114  0.476595  0.246260  0.358069  0.296717  0.230454  0.234846  0.329010  0.355694  0.368030  0.352557  0.462080  0.451964  0.694700  0.665106  0.542821  0.603804  0.840102  0.261993  0.421728  0.298225  0.175474  0.582646  0.421443  0.449895  0.593492  0.479384  0.375033  0.511790  0.828122  0.351019  0.371707  0.577398  0.710658  0.492608  0.659924  0.443586  0.592276  0.427026  0.365503  0.560428  0.313204 
13  0.465971  0.442860  0.384323  0.490097  0.506562  0.658122  0.560488  0.467091  0.476806  0.553507  0.628551  0.358833  0.381193 0.0  0.707199  0.252566  0.417639  0.407694  0.427460  0.580292  0.600239  0.440463  0.411664  0.410916  0.664988  0.378160  0.401911  0.381835  0.709878  0.511519  0.313361  0.442741  0.717367  0.439851  0.351050  0.480490  0.575724  0.516505  0.610352  0.290457  0.301005  0.523755  0.406338  0.418082  0.375981  0.517996  0.475661  0.453763  0.366502  0.337315  0.524089  0.439636  0.544084  0.397937  0.482035  0.637451  0.562051  0.493962  0.410127  0.416505  0.462804  0.514195  0.326303  0.336451  0.387663  0.420642  0.414961  0.408090  0.512374  0.689164  0.375935  0.491910  0.434795  0.396243  0.610466  0.366649  0.453179  0.584256  0.311269  0.376786  0.532386  0.322835  0.554310  0.483311  0.594781  0.329296  0.275737  0.538277  0.457102  0.476504  0.286277  0.470540  0.402369  0.374766  0.249456  0.220274  0.493777  0.637676  0.460271  0.313077  0.541789  0.749605  0.671967  0.455279  0.382545  0.382126  0.562841  0.647479  0.545335  0.568316  0.364819  0.495304  0.494140  0.337509  0.542586  0.731583  0.290205  0.653869  0.408383  0.433073  0.406151  0.513329  0.676867  0.268006  0.341723  0.495798  0.520033  0.443821  0.408170  0.498905  0.337865  0.356823  0.422277  0.578427  0.381140  0.463525  0.408204  0.515749  0.609014  0.332532  0.354428  0.519678  0.345784  0.366615  0.502884  0.546512  0.438380  0.572726  0.500512  0.596874  0.668836  0.328535  0.395837  0.425015  0.606882  0.378645  0.370048  0.329252  0.260061  0.350651  0.429978  0.271721  0.317268  0.223087  0.288162  0.337162  0.598325  0.385531  0.646994  0.587763  0.485629  0.479764  0.783491  0.379553  0.358267  0.431771  0.410604  0.613102  0.455446  0.472696  0.567956  0.463429  0.375730  0.556557  0.695883  0.369078  0.264423  0.535774  0.705723  0.546044  0.697324  0.418014  0.641542  0.337710  0.481683  0.599395  0.333410 
14  0.603084  0.650367  0.627564  0.555402  0.644709  0.664400  0.616334  0.740898  0.676482  0.664540  0.751566  0.602662  0.709489  0.707199 0.0  0.619680  0.560014  0.605869  0.568730  0.583820  0.595464  0.593600  0.712464  0.648066  0.709006  0.723952  0.776309  0.592183  0.686388  0.532444  0.549221  0.599622  0.689534  0.652382  0.621502  0.690942  0.591083  0.610551  0.556793  0.589869  0.617561  0.737597  0.614240  0.684114  0.688050  0.603631  0.642773  0.691603  0.537868  0.583270  0.581858  0.564061  0.489038  0.583984  0.642497  0.737828  0.707927  0.549604  0.632322  0.505270  0.690718  0.761194  0.610687  0.689037  0.616645  0.620531  0.719820  0.634649  0.656711  0.647727  0.647606  0.616872  0.465453  0.535031  0.560702  0.616530  0.616826  0.622632  0.715404  0.678405  0.635929  0.690341  0.603225  0.593782  0.629592  0.670931  0.583306  0.719188  0.652847  0.600540  0.670305  0.649829  0.600881  0.704286  0.680725  0.638351  0.661393  0.704945  0.566616  0.488306  0.566247  0.690613  0.714205  0.724196  0.655580  0.487410  0.472256  0.750191  0.669615  0.672261  0.676921  0.653104  0.654019  0.664407  0.729005  0.672742  0.597587  0.620869  0.551465  0.611335  0.573824  0.492472  0.832267  0.668865  0.705253  0.612421  0.641548  0.563562  0.694328  0.633151  0.578869  0.699991  0.637690  0.490628  0.626387  0.599963  0.756546  0.602955  0.547882  0.677606  0.740138  0.514560  0.707792  0.628082  0.698091  0.610659  0.616702  0.615354  0.699939  0.651503  0.796142  0.671128  0.660371  0.635680  0.645349  0.708678  0.660743  0.693601  0.646121  0.712402  0.599244  0.688207  0.622409  0.651097  0.628041  0.693125  0.557278  0.705725  0.733234  0.639985  0.549790  0.718732  0.668505  0.631654  0.704505  0.607754  0.650915  0.651746  0.631921  0.739019  0.370875  0.595919  0.754009  0.581449  0.737775  0.641694  0.594676  0.417860  0.648450  0.620844  0.721868  0.607195  0.474385  0.678700  0.604142  0.699287  0.657089 
15  0.461995  0.443801  0.398546  0.421406  0.549981  0.534288  0.540114  0.388851  0.357074  0.575138  0.703716  0.428758  0.389100  0.252566  0.619680 0.0  0.377084  0.320071  0.443159  0.571633  0.642250  0.501054  0.324237  0.393997  0.868627  0.346319  0.319728  0.448480  0.757311  0.584451  0.411208  0.379131  0.764781  0.510787  0.469123  0.456607  0.577091  0.543641  0.630466  0.411651  0.367482  0.401702  0.368493  0.457036  0.540498  0.491965  0.416241  0.380139  0.518195  0.441580  0.564321  0.549912  0.656600  0.413211  0.606853  0.543626  0.475325  0.624985  0.490981  0.494967  0.512402  0.407286  0.373028  0.340281  0.271779  0.327139  0.397648  0.519990  0.492598  0.715031  0.402277  0.598623  0.557043  0.476960  0.536495  0.269232  0.414456  0.550192  0.375999  0.376844  0.432746  0.249772  0.589871  0.523070  0.615184  0.415176  0.346831  0.556997  0.408346  0.286299  0.247529  0.382416  0.275274  0.390221  0.368252  0.410116  0.463346  0.543642  0.331260  0.415296  0.477157  0.711343  0.755094  0.506377  0.483780  0.448225  0.549348  0.736640  0.552375  0.592909  0.326473  0.525170  0.347666  0.497729  0.377212  0.722486  0.257318  0.689307  0.494695  0.332511  0.412172  0.656474  0.700287  0.321683  0.439639  0.485253  0.445161  0.577103  0.352036  0.532658  0.413754  0.499082  0.352809  0.655801  0.315286  0.580611  0.369606  0.458733  0.561366  0.280177  0.331976  0.590927  0.332952  0.353288  0.532707  0.640940  0.531162  0.560509  0.483407  0.508822  0.758647  0.350847  0.415783  0.265459  0.620911  0.502725  0.350335  0.324704  0.299957  0.491953  0.389971  0.357898  0.391819  0.397275  0.328554  0.325383  0.581508  0.470663  0.695550  0.634654  0.442955  0.647265  0.694339  0.319253  0.265539  0.389698  0.404036  0.555653  0.540007  0.482941  0.693951  0.407891  0.313659  0.570767  0.789061  0.441980  0.387930  0.639257  0.698391  0.515869  0.774606  0.351166  0.558224  0.340101  0.506212  0.582627  0.310050 
16  0.397331  0.452734  0.430541  0.469914  0.508325  0.562382  0.527447  0.419221  0.297310  0.594179  0.785874  0.403398  0.397649  0.417639  0.560014  0.377084 0.0  0.470791  0.374011  0.614974  0.571668  0.338241  0.358692  0.436440  0.635504  0.521396  0.371584  0.456102  0.527612  0.538921  0.495287  0.384024  0.680801  0.390124  0.465574  0.580160  0.555707  0.574623  0.394356  0.413921  0.485091  0.535032  0.427044  0.338477  0.418357  0.359749  0.371768  0.548892  0.525502  0.410306  0.391217  0.477842  0.455082  0.456008  0.408108  0.544991  0.561127  0.499063  0.522673  0.479109  0.395767  0.470942  0.350141  0.386336  0.478521  0.358151  0.424097  0.421356  0.411359  0.478198  0.363863  0.496700  0.376190  0.379931  0.501020  0.424446  0.456005  0.609382  0.426080  0.428341  0.505720  0.485153  0.472898  0.613941  0.546544  0.420129  0.444759  0.613871  0.599704  0.410647  0.424479  0.408897  0.384062  0.513527  0.528515  0.396676  0.452589  0.651606  0.406632  0.469787  0.716571  0.613503  0.671888  0.460523  0.472596  0.400722  0.381181  0.793469  0.334549  0.548072  0.402137  0.479932  0.379481  0.336097  0.597817  0.732387  0.479863  0.709979  0.508408  0.456937  0.329042  0.526624  0.665095  0.431716  0.383981  0.471432  0.494420  0.584961  0.453093  0.509768  0.417341  0.413039  0.530093  0.498923  0.472635  0.391965  0.445674  0.502477  0.542657  0.414113  0.367488  0.487928  0.512230  0.477245  0.364463  0.563390  0.589419  0.437190  0.511307  0.698723  0.689047  0.451716  0.466634  0.593181  0.738289  0.420871  0.508001  0.368882  0.514742  0.436472  0.400768  0.456443  0.393671  0.414639  0.429471  0.387507  0.364254  0.442500  0.780595  0.593978  0.489568  0.545712  0.652990  0.440512  0.474185  0.373351  0.407623  0.585077  0.382423  0.406162  0.422814  0.441676  0.462019  0.425441  0.701770  0.484226  0.471414  0.672107  0.689083  0.632680  0.733809  0.495223  0.438289  0.355042  0.389838  0.514146  0.434313 
17  0.510652  0.392728  0.376603  0.477541  0.482341  0.455730  0.450560  0.292893  0.443930  0.693619  0.732206  0.283776  0.352892  0.407694  0.605869  0.320071  0.470791 0.0  0.689479  0.502663  0.608595  0.357621  0.359229  0.465136  0.624317  0.317734  0.338492  0.277852  0.669474  0.522992  0.347765  0.331178  0.823604  0.433411  0.524338  0.435713  0.499992  0.474381  0.628531  0.351500  0.459332  0.519569  0.286072  0.424162  0.525558  0.587776  0.484457  0.363901  0.470233  0.282172  0.517025  0.363211  0.574581  0.463601  0.593454  0.579412  0.575958  0.472545  0.430605  0.388558  0.410782  0.321811  0.413982  0.395926  0.469535  0.241264  0.387995  0.347892  0.417688  0.672012  0.377848  0.537152  0.579623  0.457044  0.491637  0.496768  0.484457  0.530975  0.347592  0.241786  0.485031  0.363146  0.485497  0.663196  0.474114  0.439026  0.397167  0.668234  0.490244  0.184007  0.324389  0.241961  0.421480  0.592496  0.376357  0.364022  0.384219  0.514362  0.370720  0.389115  0.633835  0.707072  0.907544  0.459708  0.330741  0.389544  0.460479  0.620704  0.617065  0.639035  0.422029  0.640492  0.385194  0.351807  0.321294  0.746032  0.317533  0.701912  0.326418  0.264544  0.324928  0.551184  0.738702  0.429825  0.369343  0.509285  0.361906  0.516115  0.410530  0.589813  0.391493  0.399221  0.344196  0.654052  0.306591  0.575951  0.343921  0.542138  0.494762  0.311609  0.286945  0.661573  0.403289  0.297271  0.393196  0.635697  0.467328  0.466757  0.487985  0.647326  0.685310  0.451788  0.540151  0.301101  0.586122  0.400471  0.374043  0.449964  0.580631  0.425780  0.307889  0.324252  0.384593  0.463510  0.457411  0.373870  0.430663  0.477764  0.746560  0.523027  0.510293  0.603230  0.806547  0.455615  0.465682  0.337829  0.423379  0.561078  0.482219  0.364506  0.668292  0.261800  0.341584  0.601828  0.731224  0.293017  0.457210  0.672310  0.679997  0.558861  0.644322  0.531976  0.470131  0.422328  0.450530  0.628191  0.442578 
18  0.290231  0.536538  0.530133  0.400670  0.277335  0.345311  0.217605  0.565220  0.606065  0.560374  0.546580  0.562439  0.594454  0.427460  0.568730  0.443159  0.374011  0.689479 0.0  0.599756  0.555404  0.425634  0.589800  0.541501  0.730568  0.656064  0.525032  0.534595  0.564886  0.588605  0.438019  0.472578  0.602703  0.531095  0.395570  0.654078  0.523147  0.526777  0.589302  0.490261  0.663022  0.478907  0.563791  0.430220  0.642879  0.193979  0.396467  0.738604  0.414745  0.473757  0.608586  0.402537  0.590775  0.566765  0.318751  0.643878  0.528227  0.566919  0.366985  0.400437  0.609102  0.560394  0.525267  0.668085  0.520264  0.513102  0.578198  0.476407  0.367410  0.599682  0.544417  0.620111  0.295259  0.482292  0.654242  0.536654  0.557855  0.557553  0.464417  0.587094  0.570301  0.481875  0.488523  0.568926  0.465847  0.576750  0.519730  0.729526  0.566745  0.549972  0.647214  0.531958  0.553401  0.654103  0.508371  0.445079  0.327933  0.685332  0.509359  0.504307  0.671494  0.645200  0.639532  0.439426  0.558867  0.428824  0.504846  0.671734  0.478520  0.628812  0.485710  0.611367  0.526550  0.507077  0.573235  0.625942  0.563501  0.809151  0.595882  0.568564  0.419802  0.521346  0.717584  0.437626  0.633001  0.539767  0.551575  0.566572  0.569733  0.513027  0.574832  0.603292  0.516469  0.501958  0.533233  0.505002  0.533625  0.669796  0.309707  0.433178  0.567540  0.452037  0.457876  0.533459  0.318002  0.553958  0.639031  0.674381  0.556112  0.722023  0.727668  0.448379  0.514764  0.558278  0.637909  0.567960  0.618017  0.543932  0.520525  0.476893  0.644254  0.533943  0.615572  0.531128  0.635765  0.410805  0.461972  0.327690  0.687693  0.594541  0.592039  0.473962  0.700329  0.587097  0.489117  0.565520  0.483960  0.673432  0.548048  0.522926  0.439886  0.449251  0.524382  0.437530  0.754947  0.597878  0.467935  0.593233  0.543132  0.487185  0.700062  0.593071  0.465670  0.558871  0.507676  0.597188  0.599831 
19  0.495492  0.466498  0.569966  0.505709  0.710675  0.545455  0.537160  0.621396  0.596033  0.666270  0.757338  0.714822  0.584950  0.580292  0.583820  0.571633  0.614974  0.502663  0.599756 0.0  0.637610  0.613395  0.507758  0.585299  0.691733  0.566412  0.547381  0.526133  0.666004  0.548973  0.637737  0.524763  0.651382  0.579022  0.494051  0.629908  0.527650  0.605285  0.344150  0.520213  0.640269  0.600323  0.602430  0.567711  0.712085  0.506679  0.507502  0.564616  0.597086  0.550314  0.477699  0.518443  0.527144  0.537276  0.614893  0.676850  0.632422  0.641485  0.604021  0.634253  0.662711  0.513882  0.589179  0.502347  0.585941  0.529699  0.542516  0.550788  0.559835  0.683385  0.531812  0.601721  0.625720  0.569468  0.598407  0.442902  0.506000  0.581358  0.558876  0.566562  0.524323  0.517046  0.477456  0.681476  0.632105  0.552309  0.669598  0.836778  0.571616  0.470099  0.396888  0.610782  0.514797  0.650591  0.575892  0.575216  0.502412  0.614908  0.451620  0.553933  0.664199  0.665648  0.663285  0.610877  0.541729  0.542446  0.621236  0.624494  0.706212  0.803843  0.498314  0.592411  0.660767  0.548209  0.682335  0.738043  0.599479  0.622759  0.648742  0.531554  0.612054  0.554998  0.719588  0.651495  0.602959  0.537387  0.497388  0.722484  0.590731  0.587845  0.469418  0.531119  0.706155  0.369572  0.554102  0.641903  0.537858  0.633518  0.517421  0.659968  0.620035  0.318696  0.589716  0.515354  0.608438  0.735761  0.643028  0.674442  0.687570  0.675136  0.803410  0.460341  0.692691  0.625458  0.595319  0.580916  0.609427  0.639124  0.671212  0.566108  0.568670  0.510264  0.593841  0.586935  0.594969  0.596664  0.612882  0.531546  0.754839  0.562310  0.699996  0.573481  0.698629  0.470634  0.564557  0.578589  0.661894  0.611667  0.759476  0.588685  0.444237  0.588968  0.612279  0.547107  0.701832  0.445848  0.642961  0.255064  0.652915  0.640488  0.571334  0.544522  0.598215  0.538708  0.543966  0.727258  0.662068 
