197
0 0.0  0.693118  0.440425  0.443858  0.328121  0.446666  0.332299  0.497212  0.564753  0.671074  0.761252  0.456682  0.537880  0.436085  0.599535  0.492739  0.370714  0.573732  0.270107  0.562817  0.550529  0.548700  0.489797  0.612275  0.806789  0.605231  0.606275  0.533560  0.723052  0.510023  0.601922  0.569265  0.753953  0.551432  0.373524  0.597076  0.453817  0.503812  0.602304  0.557745  0.517205  0.590409  0.505755  0.452248  0.602380  0.235042  0.415247  0.469023  0.437696  0.469159  0.708762  0.510175  0.611871  0.538378  0.283629  0.444630  0.561304  0.667742  0.503932  0.398798  0.415649  0.553218  0.570866  0.586749  0.640876  0.661054  0.592959  0.538931  0.512870  0.576907  0.533314  0.622871  0.410776  0.513763  0.593876  0.576315  0.551948  0.507971  0.546088  0.568567  0.658162  0.613738  0.438685  0.629363  0.423799  0.475311  0.547630  0.684023  0.526426  0.508580  0.464603  0.489354  0.620856  0.604955  0.643726  0.355952  0.439583  0.582256  0.476051  0.439581  0.504880  0.623122  0.566263  0.459638  0.556504  0.644984  0.446467  0.774025  0.408401  0.581876  0.408292  0.470455  0.433856  0.529639  0.621316  0.592313  0.595128  0.662916  0.623720  0.440985  0.456117  0.496040  0.782607  0.522704  0.502747  0.459446  0.420152  0.574480  0.603895  0.384526  0.615099  0.463765  0.575652  0.468476  0.444620  0.450126  0.578214  0.652265  0.385265  0.496871  0.396856  0.529498  0.508665  0.471900  0.366903  0.475491  0.584763  0.574675  0.596053  0.751092  0.838140  0.602150  0.569385  0.582783  0.724881  0.537317  0.595810  0.625181  0.582413  0.607178  0.529421  0.531527  0.546085  0.581274  0.553971  0.423760  0.579327  0.394869  0.733467  0.573866  0.561090  0.425755  0.774753  0.580254  0.554790  0.658281  0.622564  0.505415  0.511986  0.567395  0.499496  0.438894  0.668603  0.395971  0.675628  0.487205  0.510777  0.634090  0.716799  0.461864  0.802855  0.522549  0.400571  0.503931  0.448721  0.535839  0.642163 
1  0.693118 0.0  0.349069  0.462197  0.598660  0.478429  0.542394  0.466353  0.533391  0.505847  0.692566  0.517383  0.528567  0.587446  0.712270  0.511224  0.362657  0.483226  0.451920  0.552581  0.664755  0.480150  0.421560  0.458630  0.623166  0.535811  0.446891  0.399343  0.607325  0.547791  0.449915  0.455749  0.739533  0.529271  0.450501  0.502339  0.501583  0.546775  0.598031  0.508410  0.419998  0.489128  0.385050  0.499552  0.493143  0.499259  0.458005  0.495825  0.480489  0.434230  0.616841  0.480881  0.616332  0.464788  0.599275  0.693426  0.568441  0.451844  0.449400  0.499844  0.505897  0.536071  0.534779  0.499312  0.393953  0.344585  0.468171  0.394322  0.392570  0.553124  0.496465  0.464996  0.413522  0.593261  0.391636  0.420638  0.410659  0.476912  0.412989  0.463394  0.463875  0.401211  0.564513  0.572951  0.602933  0.365899  0.436511  0.698402  0.538250  0.425614  0.452359  0.448114  0.494597  0.552208  0.520237  0.582859  0.470571  0.580321  0.567394  0.597984  0.710922  0.706634  0.713671  0.490072  0.539887  0.380830  0.526787  0.751893  0.529292  0.664755  0.397437  0.585198  0.411067  0.435988  0.617025  0.717655  0.491795  0.836704  0.432116  0.407446  0.413072  0.575064  0.663626  0.440974  0.469851  0.483392  0.411473  0.625688  0.416644  0.611971  0.505203  0.508983  0.578230  0.582192  0.385965  0.665216  0.420361  0.459658  0.579985  0.436717  0.509173  0.514716  0.402192  0.474951  0.508044  0.676968  0.411738  0.474665  0.538927  0.586769  0.712278  0.451281  0.631164  0.412980  0.643326  0.518117  0.498087  0.456651  0.446573  0.528672  0.455712  0.464599  0.510744  0.589919  0.498717  0.430344  0.473114  0.542120  0.812629  0.542912  0.569788  0.526829  0.790220  0.462421  0.469459  0.419113  0.470791  0.664623  0.499572  0.386768  0.605909  0.429839  0.439179  0.487964  0.777488  0.459438  0.506961  0.622114  0.712030  0.604669  0.741272  0.583135  0.580712  0.515199  0.402345  0.640791  0.344194 
2  0.440425  0.349069 0.0  0.436253  0.556330  0.452631  0.505609  0.316512  0.275673  0.605163  0.628146  0.447000  0.385237  0.410873  0.597131  0.414610  0.423128  0.177233  0.496211  0.573007  0.563632  0.377172  0.396830  0.466454  0.581643  0.435894  0.446835  0.378876  0.638760  0.501063  0.476303  0.346582  0.706864  0.579088  0.410907  0.457731  0.535842  0.534295  0.771381  0.253746  0.534081  0.476438  0.331827  0.508820  0.388253  0.549443  0.456245  0.506776  0.411716  0.314881  0.538837  0.418506  0.626642  0.368396  0.543601  0.679934  0.554534  0.487002  0.530429  0.516130  0.601773  0.409379  0.353913  0.444093  0.490264  0.462600  0.294771  0.405043  0.431944  0.626264  0.524024  0.422793  0.499173  0.400085  0.581470  0.403145  0.484144  0.500888  0.465373  0.461337  0.525108  0.378770  0.491161  0.591723  0.588255  0.399659  0.380619  0.511685  0.524111  0.399331  0.478763  0.345853  0.510897  0.572271  0.458211  0.574408  0.569701  0.606308  0.424979  0.416758  0.585028  0.737120  0.570487  0.570858  0.375006  0.194255  0.483305  0.859286  0.463002  0.578398  0.447953  0.534693  0.241222  0.306346  0.378881  0.781649  0.514614  0.736198  0.376296  0.337147  0.390698  0.487905  0.556947  0.387772  0.379501  0.419358  0.539431  0.641750  0.326158  0.514002  0.434908  0.472399  0.527862  0.533874  0.421221  0.623767  0.439283  0.445104  0.537344  0.384025  0.175315  0.554470  0.443627  0.436820  0.327284  0.637885  0.546119  0.489081  0.540884  0.645561  0.696878  0.560425  0.547881  0.474379  0.624311  0.336920  0.441953  0.471632  0.405365  0.342416  0.373004  0.419298  0.490019  0.452685  0.467056  0.369078  0.372042  0.643547  0.537387  0.484534  0.402185  0.547581  0.705160  0.429575  0.391453  0.396571  0.549898  0.684036  0.339516  0.394574  0.554926  0.319640  0.609714  0.453767  0.729799  0.484003  0.372193  0.547328  0.718587  0.555131  0.670909  0.390861  0.572869  0.499727  0.385071  0.678118  0.424054 
3  0.443858  0.462197  0.436253 0.0  0.290735  0.403012  0.367729  0.552741  0.458289  0.575832  0.737247  0.610579  0.491734  0.521421  0.615065  0.591384  0.470974  0.560137  0.270327  0.502462  0.467212  0.627967  0.335609  0.606492  0.648693  0.662421  0.557504  0.485281  0.658248  0.478976  0.506892  0.517901  0.662885  0.555361  0.451588  0.489484  0.524171  0.460621  0.664577  0.620301  0.691688  0.522985  0.600359  0.596963  0.566905  0.333220  0.545501  0.534435  0.429454  0.505997  0.695694  0.401860  0.588486  0.498015  0.403153  0.685668  0.660328  0.583919  0.581247  0.385840  0.540338  0.498428  0.559396  0.470125  0.540323  0.421361  0.568426  0.495007  0.491808  0.638672  0.515740  0.612476  0.390480  0.409730  0.726332  0.596613  0.408714  0.530438  0.561973  0.535437  0.515917  0.399627  0.508077  0.575833  0.632166  0.491272  0.598139  0.663542  0.652707  0.596625  0.364330  0.432166  0.591840  0.535392  0.533804  0.543709  0.382071  0.509159  0.564501  0.514300  0.391124  0.728078  0.833878  0.573887  0.442455  0.512931  0.427830  0.816667  0.532678  0.619774  0.556989  0.429724  0.689237  0.479527  0.616055  0.675159  0.494223  0.772284  0.566000  0.356085  0.527016  0.485946  0.732723  0.538510  0.455323  0.459603  0.525219  0.619167  0.507241  0.479169  0.346249  0.523924  0.518018  0.654292  0.364274  0.568785  0.487109  0.600292  0.267749  0.444468  0.456941  0.635316  0.411925  0.518453  0.541852  0.589366  0.525183  0.528302  0.529621  0.625091  0.742710  0.482169  0.533152  0.568670  0.641060  0.469324  0.676139  0.454225  0.473590  0.609120  0.568721  0.495518  0.487252  0.526412  0.536742  0.467858  0.467747  0.518103  0.648901  0.608587  0.517176  0.658000  0.770778  0.417865  0.477504  0.545083  0.612689  0.577307  0.573231  0.506365  0.672363  0.561759  0.543458  0.622443  0.753609  0.583493  0.648282  0.545950  0.775484  0.540080  0.738825  0.581579  0.527015  0.457193  0.517362  0.658261  0.481422 
4  0.328121  0.598660  0.556330  0.290735 0.0  0.440933  0.399032  0.525952  0.521079  0.447757  0.729528  0.482888  0.560368  0.594837  0.640540  0.470124  0.346643  0.524024  0.268521  0.523120  0.450989  0.510157  0.407714  0.651659  0.556816  0.641161  0.595901  0.492724  0.508317  0.587822  0.628596  0.515868  0.640353  0.448299  0.238451  0.621299  0.590530  0.517775  0.520802  0.538699  0.606239  0.476197  0.584509  0.552952  0.609894  0.338653  0.531854  0.578970  0.442576  0.606530  0.486669  0.393434  0.627488  0.492746  0.387508  0.658052  0.648676  0.603403  0.463682  0.485570  0.526556  0.575989  0.555330  0.619598  0.495537  0.509283  0.572933  0.441690  0.487158  0.657682  0.498147  0.701913  0.296254  0.470141  0.594340  0.613203  0.524652  0.524833  0.557803  0.615371  0.563061  0.559856  0.530184  0.726570  0.539716  0.501740  0.516731  0.716100  0.661118  0.667461  0.473136  0.546211  0.597040  0.603808  0.587721  0.553184  0.368747  0.608915  0.465366  0.577605  0.673047  0.748813  0.714114  0.452529  0.665999  0.590393  0.440865  0.686808  0.401233  0.739644  0.526703  0.606552  0.555698  0.549191  0.589350  0.642028  0.574601  0.717277  0.549407  0.521620  0.505956  0.561243  0.709477  0.513350  0.553868  0.564080  0.500617  0.549466  0.555783  0.418424  0.668736  0.495269  0.612070  0.545379  0.544383  0.517615  0.498004  0.742286  0.233256  0.592363  0.525211  0.535604  0.623822  0.592641  0.496145  0.582247  0.487948  0.668112  0.449323  0.647730  0.678223  0.513384  0.586753  0.593910  0.723761  0.419927  0.656534  0.406145  0.590743  0.589708  0.576945  0.567745  0.512721  0.584483  0.646019  0.577963  0.567335  0.455324  0.731428  0.546728  0.470902  0.460408  0.770929  0.427319  0.562069  0.520122  0.577167  0.605706  0.510225  0.516057  0.547337  0.559310  0.518111  0.444843  0.762539  0.515877  0.542111  0.594921  0.639535  0.552252  0.644421  0.471177  0.456729  0.623097  0.554306  0.529673  0.522473 
5  0.446666  0.478429  0.452631  0.403012  0.440933 0.0  0.290604  0.482818  0.459410  0.534907  0.705025  0.537556  0.536731  0.602106  0.624518  0.440484  0.563047  0.599887  0.421058  0.615627  0.503427  0.593403  0.482659  0.688953  0.681521  0.536757  0.587881  0.633402  0.710529  0.502817  0.556746  0.585348  0.654497  0.576020  0.517873  0.472245  0.573606  0.399932  0.663064  0.449809  0.545962  0.512145  0.538935  0.522847  0.579255  0.271290  0.507587  0.493684  0.509263  0.407981  0.612630  0.481540  0.667903  0.661124  0.500530  0.494732  0.544174  0.582672  0.522707  0.431000  0.507148  0.569400  0.580885  0.612500  0.550128  0.612307  0.556801  0.534455  0.497448  0.627354  0.537408  0.535937  0.468466  0.447916  0.631354  0.568262  0.524609  0.519760  0.515585  0.435400  0.577143  0.573380  0.463664  0.459210  0.438110  0.546842  0.610953  0.853322  0.658769  0.524291  0.534585  0.589984  0.584967  0.670785  0.444921  0.553189  0.477118  0.468447  0.605146  0.615834  0.572583  0.718840  0.697227  0.603563  0.575693  0.572180  0.570588  0.737073  0.591898  0.633210  0.568754  0.611999  0.591002  0.526307  0.510448  0.736476  0.611093  0.691135  0.493858  0.425526  0.521356  0.441335  0.853777  0.524855  0.602193  0.528714  0.548216  0.469984  0.457627  0.560276  0.492741  0.598634  0.514991  0.633608  0.573948  0.493327  0.494106  0.482060  0.473977  0.637718  0.474963  0.549624  0.661499  0.610085  0.642531  0.598309  0.525053  0.541245  0.611275  0.653189  0.672968  0.509569  0.477054  0.588106  0.634451  0.647750  0.617885  0.498632  0.675853  0.594253  0.476367  0.568484  0.587045  0.494882  0.538306  0.554003  0.544944  0.483034  0.720270  0.602403  0.581087  0.500629  0.697509  0.483963  0.469696  0.552958  0.527057  0.724132  0.560345  0.586566  0.622010  0.493427  0.679556  0.530626  0.784842  0.560397  0.542766  0.673112  0.627334  0.501152  0.731427  0.723692  0.472704  0.562042  0.506905  0.581740  0.544351 
6  0.332299  0.542394  0.505609  0.367729  0.399032  0.290604 0.0  0.523353  0.550238  0.631080  0.616084  0.555466  0.531862  0.519155  0.845713  0.482486  0.500804  0.461448  0.397338  0.516941  0.516777  0.521528  0.423895  0.549101  0.593408  0.485322  0.487475  0.532588  0.594484  0.508784  0.598004  0.544578  0.661150  0.517885  0.321602  0.521498  0.464099  0.468281  0.586819  0.541090  0.652838  0.506303  0.379196  0.494031  0.638300  0.415691  0.465963  0.579402  0.384373  0.595333  0.556698  0.470886  0.688574  0.503581  0.322720  0.603052  0.691892  0.734752  0.353322  0.371469  0.514946  0.528451  0.538247  0.540326  0.583242  0.555240  0.583267  0.530345  0.472830  0.691137  0.510467  0.594556  0.493359  0.550409  0.569412  0.511037  0.481832  0.495298  0.463253  0.612614  0.639398  0.455092  0.541155  0.492835  0.549569  0.474466  0.578828  0.788011  0.566521  0.559831  0.530191  0.567503  0.584315  0.557693  0.516551  0.505955  0.268513  0.662634  0.494699  0.598278  0.598210  0.686577  0.699288  0.647521  0.479614  0.477773  0.543486  0.719002  0.509103  0.676382  0.559954  0.575511  0.486553  0.536813  0.473398  0.684944  0.536763  0.781773  0.643410  0.480554  0.454317  0.624270  0.683959  0.523318  0.452704  0.550889  0.475398  0.654887  0.616366  0.453854  0.571780  0.611241  0.556634  0.469842  0.550992  0.609775  0.556981  0.521249  0.320935  0.574339  0.539990  0.548105  0.433439  0.604409  0.451787  0.630639  0.614514  0.631150  0.510365  0.576344  0.798709  0.563696  0.672274  0.519721  0.602326  0.475276  0.620357  0.501140  0.543447  0.545398  0.601936  0.438879  0.576826  0.655906  0.509149  0.548474  0.590376  0.465575  0.814079  0.469710  0.562647  0.369353  0.682934  0.512005  0.590861  0.509807  0.607412  0.672682  0.490570  0.490143  0.633252  0.533737  0.444993  0.614566  0.684647  0.531658  0.484417  0.543441  0.589433  0.620126  0.556051  0.500846  0.437917  0.594084  0.532734  0.678102  0.571483 
7  0.497212  0.466353  0.316512  0.552741  0.525952  0.482818  0.523353 0.0  0.257799  0.583028  0.711908  0.434112  0.317457  0.482506  0.616077  0.342895  0.432001  0.330146  0.631500  0.670939  0.449200  0.413498  0.232765  0.421045  0.599267  0.356531  0.457561  0.400565  0.657441  0.603849  0.468612  0.410081  0.699087  0.487125  0.398327  0.543481  0.577257  0.411903  0.595759  0.348881  0.545464  0.445353  0.182693  0.456466  0.317652  0.507805  0.499402  0.473837  0.518375  0.297849  0.531006  0.431057  0.626207  0.365840  0.585526  0.559880  0.593257  0.410987  0.372752  0.484874  0.532665  0.353881  0.467770  0.343191  0.343456  0.425849  0.490224  0.293933  0.383082  0.613642  0.389479  0.466650  0.663360  0.406435  0.431414  0.350064  0.489776  0.418563  0.476810  0.455428  0.498438  0.488643  0.491750  0.562677  0.417795  0.477180  0.365088  0.577544  0.392571  0.519370  0.419436  0.428414  0.544107  0.514139  0.461303  0.420928  0.495645  0.676471  0.394451  0.438839  0.678517  0.598664  0.635930  0.496465  0.360854  0.195640  0.495446  0.707307  0.459010  0.704589  0.408548  0.519422  0.213031  0.395249  0.449763  0.575537  0.443250  0.672234  0.267695  0.541473  0.327788  0.452934  0.657753  0.476739  0.503304  0.493947  0.465680  0.728367  0.414808  0.605478  0.503830  0.504940  0.327711  0.599109  0.465552  0.529972  0.421884  0.458924  0.489179  0.422585  0.404269  0.550481  0.482096  0.301219  0.392139  0.833661  0.505898  0.591072  0.465354  0.757306  0.702504  0.473015  0.583478  0.478686  0.693500  0.389076  0.587375  0.548053  0.390656  0.426052  0.534219  0.445485  0.515701  0.388746  0.537862  0.507551  0.354538  0.482038  0.691555  0.573076  0.433847  0.360024  0.669543  0.503905  0.415279  0.396481  0.431096  0.639404  0.511622  0.428353  0.544742  0.243996  0.425388  0.535572  0.777904  0.438966  0.535558  0.616096  0.798188  0.592983  0.803678  0.425798  0.561940  0.446390  0.375413  0.731710  0.515778 
8  0.564753  0.533391  0.275673  0.458289  0.521079  0.459410  0.550238  0.257799 0.0  0.619199  0.660154  0.354589  0.390697  0.375401  0.630362  0.475746  0.367515  0.390845  0.593880  0.599235  0.498914  0.432940  0.399374  0.504023  0.653150  0.496375  0.424137  0.377788  0.673432  0.487377  0.456224  0.388093  0.646642  0.442098  0.496884  0.513351  0.428391  0.435871  0.633966  0.444231  0.531854  0.425112  0.264565  0.410470  0.456455  0.564912  0.435616  0.550429  0.526497  0.311864  0.549760  0.381754  0.641630  0.379378  0.541711  0.650714  0.650160  0.449686  0.498228  0.601212  0.496042  0.461183  0.399999  0.446495  0.381364  0.415427  0.475525  0.410427  0.531204  0.695313  0.461194  0.442981  0.434088  0.446310  0.440971  0.545811  0.564415  0.443126  0.430910  0.407431  0.535374  0.357161  0.438207  0.655757  0.537131  0.481356  0.427827  0.645421  0.379385  0.332436  0.465419  0.411164  0.486600  0.330990  0.317849  0.306930  0.573910  0.720917  0.488601  0.506194  0.708492  0.678256  0.687122  0.539685  0.402359  0.187004  0.445432  0.613522  0.458303  0.538096  0.504911  0.535250  0.234466  0.320110  0.508481  0.755634  0.455964  0.693291  0.258594  0.467858  0.428318  0.385610  0.645409  0.481818  0.409386  0.373304  0.369708  0.701508  0.469606  0.447455  0.472011  0.468359  0.358784  0.545499  0.371886  0.613112  0.473952  0.421948  0.570626  0.430215  0.258444  0.591278  0.425111  0.484502  0.456106  0.557718  0.468939  0.678674  0.594591  0.639291  0.703478  0.493504  0.606445  0.429293  0.611388  0.414514  0.458234  0.335804  0.443674  0.416595  0.536458  0.424246  0.498103  0.460354  0.462088  0.425702  0.422081  0.404919  0.551289  0.561424  0.483260  0.536708  0.664620  0.519298  0.612572  0.480981  0.500832  0.547302  0.392137  0.425417  0.576235  0.426388  0.404653  0.646080  0.654406  0.459956  0.252127  0.607755  0.647809  0.573848  0.702110  0.491996  0.623556  0.452075  0.316735  0.666462  0.303809 
9  0.671074  0.505847  0.605163  0.575832  0.447757  0.534907  0.631080  0.583028  0.619199 0.0  0.879901  0.472733  0.533209  0.483896  0.564028  0.645534  0.510307  0.656740  0.596872  0.691285  0.515260  0.554656  0.561983  0.606728  0.907094  0.485737  0.645252  0.597775  0.704424  0.602825  0.712272  0.629122  0.863856  0.545995  0.624109  0.452403  0.666002  0.567041  0.659533  0.598988  0.517820  0.497222  0.611671  0.629695  0.581049  0.598973  0.617358  0.646975  0.735143  0.667487  0.606347  0.630892  0.716671  0.552251  0.579845  0.408642  0.366487  0.552403  0.682524  0.575110  0.554095  0.782339  0.592456  0.732346  0.742077  0.670369  0.653617  0.654805  0.660668  0.583128  0.653542  0.754923  0.532025  0.637089  0.625859  0.642141  0.610538  0.656386  0.693772  0.650474  0.586244  0.741507  0.543450  0.640513  0.550313  0.624961  0.694843  0.744543  0.690982  0.653447  0.557335  0.613346  0.632870  0.685329  0.708827  0.592634  0.599239  0.395962  0.621781  0.714967  0.320213  0.904611  0.839174  0.487796  0.532016  0.657600  0.392192  0.831692  0.536712  0.312011  0.605743  0.461655  0.703171  0.620476  0.492828  0.848932  0.615512  0.924739  0.540410  0.522853  0.584825  0.665991  0.741850  0.564746  0.616805  0.512499  0.668914  0.369995  0.577440  0.639039  0.706940  0.465572  0.681283  0.728068  0.654894  0.364263  0.631036  0.675170  0.668912  0.527310  0.575763  0.584901  0.734868  0.641505  0.565373  0.338494  0.548830  0.488797  0.580327  0.797226  0.759951  0.689121  0.661798  0.713626  0.865851  0.639694  0.652895  0.519004  0.678658  0.697053  0.516081  0.608167  0.605371  0.620812  0.648641  0.623107  0.485808  0.483374  0.849546  0.543191  0.624277  0.553256  0.658707  0.716222  0.626983  0.655193  0.625352  0.866828  0.605916  0.613391  0.706281  0.659451  0.558586  0.419452  0.762416  0.670417  0.699936  0.712422  0.783196  0.553465  0.795533  0.700258  0.611079  0.667055  0.674538  0.384551  0.657461 
10  0.761252  0.692566  0.628146  0.737247  0.729528  0.705025  0.616084  0.711908  0.660154  0.879901 0.0  0.685748  0.794205  0.670431  0.787216  0.742026  0.798919  0.743503  0.715168  0.818846  0.670436  0.711539  0.818726  0.728409  0.530271  0.915055  0.784933  0.699362  0.614962  0.788970  0.781444  0.747939  0.466953  0.843439  0.588943  1.000000  0.692377  0.637926  0.706840  0.607767  0.865144  0.724865  0.678292  0.593398  0.735750  0.695160  0.768978  0.849078  0.565068  0.665616  0.853616  0.558637  0.799323  0.684800  0.777728  0.789278  0.931793  0.708087  0.604712  0.643225  0.722392  0.760971  0.592613  0.784360  0.666473  0.781892  0.705933  0.703673  0.737447  0.814219  0.735279  0.740083  0.690647  0.641325  0.765663  0.781094  0.683553  0.731958  0.800987  0.747939  0.782639  0.783276  0.634071  0.646347  0.661622  0.788088  0.724694  0.563153  0.627448  0.672029  0.800693  0.786649  0.840242  0.768363  0.766824  0.636775  0.724461  0.927346  0.787298  0.827967  0.891288  0.500536  0.255499  0.784800  0.751275  0.735595  0.772055  0.368031  0.854613  0.770886  0.701696  0.650158  0.731898  0.744327  0.780023  0.361545  0.862318  0.336981  0.708684  0.759797  0.767447  0.683739  0.680584  0.730242  0.694310  0.617379  0.746413  0.860276  0.831465  0.608152  0.824404  0.664789  0.619885  0.663430  0.831067  0.680965  0.910364  0.757831  0.746013  0.731029  0.716898  0.682379  0.721041  0.709859  0.610366  0.877220  0.788001  0.727551  0.778323  0.740987  0.634820  0.713071  0.750623  0.722819  0.712367  0.693787  0.867762  0.804851  0.746527  0.649222  0.802940  0.770961  0.825235  0.761746  0.849350  0.628430  0.738190  0.686823  0.484349  0.620958  0.778504  0.635101  0.433191  0.739239  0.716634  0.743079  0.770230  0.663833  0.850008  0.819182  0.711984  0.680923  0.700784  0.777979  0.383620  0.825054  0.725765  0.639769  0.641799  0.765023  0.307781  0.742627  0.791655  0.833943  0.658534  0.880160  0.840219 
11  0.456682  0.517383  0.447000  0.610579  0.482888  0.537556  0.555466  0.434112  0.354589  0.472733  0.685748 0.0  0.352607  0.444914  0.635462  0.543287  0.393092  0.322716  0.468548  0.624544  0.629043  0.410973  0.307092  0.445602  0.747213  0.433738  0.366413  0.348428  0.649597  0.593368  0.428499  0.397635  0.777498  0.540305  0.284616  0.585839  0.530671  0.564767  0.522306  0.379870  0.508097  0.491151  0.297549  0.483527  0.432979  0.393590  0.297359  0.497533  0.455765  0.315468  0.537024  0.533074  0.525896  0.433811  0.501505  0.667630  0.413465  0.669861  0.518053  0.524829  0.376638  0.421869  0.416034  0.406605  0.333263  0.494351  0.474107  0.383564  0.348998  0.574790  0.498156  0.426433  0.332180  0.423227  0.464328  0.558360  0.475615  0.524228  0.452424  0.462848  0.556729  0.400179  0.466679  0.615106  0.605033  0.358693  0.416360  0.595907  0.425900  0.416960  0.389424  0.269259  0.396021  0.483015  0.490107  0.370173  0.384435  0.708823  0.341640  0.453224  0.676613  0.727589  0.722031  0.527422  0.399040  0.378541  0.456199  0.706001  0.321751  0.577587  0.386473  0.505135  0.364942  0.410918  0.459301  0.803747  0.444168  0.662763  0.432031  0.337398  0.325931  0.571953  0.759221  0.353135  0.466198  0.511478  0.421910  0.430744  0.517590  0.644832  0.474699  0.473462  0.505263  0.575647  0.347920  0.510558  0.497819  0.472963  0.489239  0.554224  0.381256  0.490352  0.491932  0.467874  0.348898  0.692685  0.487361  0.562780  0.469403  0.679650  0.630794  0.443525  0.442172  0.566419  0.883391  0.376782  0.419455  0.336890  0.385073  0.411932  0.306816  0.384473  0.396687  0.570151  0.405059  0.342017  0.539263  0.415182  0.834000  0.597896  0.583974  0.558687  0.638151  0.566356  0.481063  0.385704  0.542704  0.624640  0.442355  0.459978  0.468137  0.442071  0.469877  0.404289  0.705118  0.391479  0.405216  0.615978  0.595697  0.569636  0.705526  0.488430  0.649493  0.215612  0.479339  0.637269  0.465297 
12  0.537880  0.528567  0.385237  0.491734  0.560368  0.536731  0.531862  0.317457  0.390697  0.533209  0.794205  0.352607 0.0  0.429257  0.641028  0.354373  0.354078  0.350989  0.531998  0.596134  0.545755  0.587941  0.333103  0.452967  0.681046  0.351203  0.370591  0.384553  0.801773  0.528037  0.559678  0.359199  0.857308  0.576196  0.536597  0.412333  0.628160  0.577093  0.606603  0.345756  0.355611  0.625983  0.385280  0.447322  0.475107  0.573175  0.397995  0.375004  0.571727  0.445661  0.803494  0.590843  0.642296  0.344650  0.605237  0.655708  0.530654  0.533539  0.532101  0.561771  0.448421  0.393790  0.378616  0.311986  0.360872  0.378095  0.351145  0.418490  0.498807  0.661918  0.425483  0.484205  0.467272  0.431887  0.519879  0.261157  0.534942  0.473428  0.511244  0.302714  0.342217  0.384532  0.592750  0.648017  0.553041  0.299056  0.402006  0.653970  0.329442  0.295457  0.342873  0.293896  0.381668  0.313456  0.468990  0.343401  0.539679  0.595421  0.416352  0.324308  0.603687  0.783243  0.798625  0.446987  0.288987  0.455317  0.500223  0.827610  0.515627  0.637599  0.254602  0.509904  0.462475  0.265313  0.461758  0.717452  0.394771  0.722551  0.457720  0.208239  0.455576  0.575566  0.676883  0.426923  0.391928  0.599244  0.313404  0.713900  0.442929  0.644588  0.405716  0.408339  0.440962  0.659619  0.246783  0.681619  0.397157  0.381279  0.652694  0.386931  0.508818  0.640238  0.316302  0.335466  0.390297  0.552279  0.503709  0.509743  0.404278  0.654392  0.622991  0.344106  0.501359  0.397720  0.644934  0.450786  0.485941  0.337019  0.327475  0.415789  0.409465  0.246502  0.367086  0.264470  0.462999  0.336590  0.552141  0.541453  0.593949  0.603307  0.416326  0.477564  0.802828  0.411052  0.497583  0.338964  0.359614  0.502269  0.497157  0.532870  0.638139  0.404444  0.402608  0.510338  0.712610  0.358335  0.374864  0.746191  0.674907  0.477090  0.730617  0.403905  0.586170  0.233876  0.422681  0.597598  0.437292 
13  0.436085  0.587446  0.410873  0.521421  0.594837  0.602106  0.519155  0.482506  0.375401  0.483896  0.670431  0.444914  0.429257 0.0  0.746906  0.228293  0.402252  0.381720  0.573298  0.535620  0.595389  0.291140  0.418580  0.474595  0.691169  0.512004  0.430061  0.400888  0.691566  0.524870  0.374779  0.463183  0.646340  0.582889  0.461585  0.543428  0.496744  0.442917  0.578984  0.487234  0.408543  0.557526  0.442955  0.429102  0.486725  0.521009  0.464121  0.441677  0.655858  0.371668  0.571110  0.400779  0.581743  0.424792  0.500291  0.665322  0.675805  0.646474  0.572972  0.454516  0.461390  0.351867  0.300136  0.376646  0.266060  0.351309  0.475436  0.460759  0.468052  0.605008  0.308531  0.519792  0.462321  0.483733  0.429472  0.329774  0.597871  0.487595  0.381979  0.439230  0.298588  0.383168  0.553259  0.626987  0.630327  0.396935  0.332105  0.652188  0.482751  0.315299  0.337274  0.491021  0.282457  0.362989  0.433752  0.434219  0.493338  0.603556  0.323782  0.309588  0.656218  0.717218  0.693803  0.517740  0.322111  0.537286  0.537886  0.685189  0.547044  0.643830  0.409148  0.535121  0.430575  0.353039  0.370994  0.635948  0.434867  0.682194  0.433526  0.422560  0.468737  0.686322  0.766420  0.380919  0.419082  0.419465  0.415747  0.522031  0.421112  0.548308  0.306638  0.388756  0.404836  0.508401  0.537944  0.588794  0.456247  0.522544  0.519507  0.355443  0.366772  0.586083  0.474925  0.441851  0.427748  0.555849  0.531869  0.529873  0.479873  0.647776  0.715749  0.332852  0.363341  0.270891  0.609317  0.449569  0.442572  0.412183  0.320487  0.372669  0.457391  0.366011  0.342036  0.433845  0.455821  0.403955  0.540264  0.578785  0.697295  0.595155  0.359875  0.567720  0.727754  0.415900  0.371730  0.383871  0.357963  0.513385  0.367411  0.434930  0.580669  0.429506  0.400091  0.604327  0.800806  0.415857  0.267609  0.665912  0.772091  0.560868  0.724564  0.436809  0.571586  0.381151  0.480098  0.553122  0.278158 
14  0.599535  0.712270  0.597131  0.615065  0.640540  0.624518  0.845713  0.616077  0.630362  0.564028  0.787216  0.635462  0.641028  0.746906 0.0  0.526352  0.651170  0.588841  0.580803  0.563448  0.628184  0.610100  0.631992  0.657987  0.743052  0.578677  0.666779  0.616289  0.724101  0.727956  0.717494  0.763127  0.740856  0.741423  0.500600  0.656588  0.612133  0.646785  0.578570  0.547903  0.637989  0.611097  0.677835  0.736723  0.522837  0.647788  0.684356  0.599390  0.652854  0.696207  0.570418  0.637843  0.541909  0.663564  0.642402  0.726368  0.645617  0.599449  0.712207  0.613532  0.579303  0.511527  0.591727  0.659855  0.692464  0.693054  0.721381  0.616529  0.655974  0.712757  0.592851  0.599036  0.500393  0.560046  0.683819  0.640056  0.648014  0.635365  0.707334  0.691463  0.669586  0.734488  0.619962  0.578372  0.463702  0.676352  0.717106  0.772633  0.616687  0.708869  0.822235  0.764898  0.636601  0.638451  0.558375  0.628703  0.635531  0.600864  0.575135  0.649851  0.548459  0.740870  0.666085  0.655024  0.665817  0.646999  0.576476  0.682378  0.633142  0.698003  0.772659  0.654226  0.609411  0.734860  0.687693  0.846219  0.650240  0.671804  0.571379  0.596166  0.714662  0.628589  0.795653  0.645771  0.723250  0.752391  0.733535  0.731134  0.662717  0.553468  0.782358  0.630254  0.651237  0.390055  0.692684  0.685048  0.789201  0.689205  0.667511  0.691878  0.667714  0.472702  0.601700  0.684499  0.720004  0.587427  0.681440  0.578792  0.621788  0.674447  0.768348  0.759455  0.781505  0.621540  0.736060  0.646301  0.636793  0.604361  0.686619  0.622225  0.606623  0.643902  0.663171  0.677728  0.603211  0.633692  0.624586  0.679032  0.604729  0.475815  0.712856  0.616627  0.713244  0.634069  0.690393  0.611993  0.594245  0.778656  0.596898  0.719587  0.364175  0.610840  0.661648  0.604880  0.735236  0.620289  0.611435  0.546186  0.670483  0.621136  0.627500  0.640693  0.653781  0.764039  0.697337  0.652567  0.599177 
15  0.492739  0.511224  0.414610  0.591384  0.470124  0.440484  0.482486  0.342895  0.475746  0.645534  0.742026  0.543287  0.354373  0.228293  0.526352 0.0  0.481208  0.478860  0.496559  0.540758  0.591288  0.465955  0.288941  0.362932  0.737285  0.348357  0.380762  0.349495  0.739972  0.603151  0.303227  0.384858  0.638837  0.488081  0.535038  0.550006  0.615400  0.469562  0.639401  0.528789  0.318665  0.548297  0.407218  0.544957  0.544738  0.535671  0.499851  0.343652  0.474861  0.336069  0.648124  0.519140  0.771225  0.477466  0.498500  0.679729  0.640972  0.685969  0.508028  0.497458  0.520869  0.235341  0.329122  0.358576  0.380148  0.282581  0.488878  0.387808  0.479847  0.749950  0.500474  0.620641  0.449098  0.457869  0.742802  0.341039  0.594077  0.527464  0.449650  0.402206  0.365370  0.296567  0.601386  0.703189  0.591143  0.391951  0.411612  0.623040  0.404550  0.362952  0.344897  0.357319  0.343634  0.320432  0.286783  0.389356  0.438914  0.505476  0.347082  0.235171  0.533582  0.705958  0.801899  0.555624  0.368470  0.433163  0.531382  0.733218  0.590921  0.609232  0.351534  0.530564  0.428951  0.347364  0.510425  0.839971  0.436690  0.787370  0.502126  0.372861  0.373581  0.579139  0.675510  0.328743  0.396038  0.400890  0.359863  0.595739  0.324346  0.554310  0.373621  0.512444  0.358747  0.588835  0.315082  0.592424  0.369234  0.537118  0.644592  0.443846  0.475133  0.613070  0.337242  0.365754  0.442111  0.544969  0.538527  0.495474  0.527043  0.643183  0.819810  0.392451  0.459208  0.346138  0.638218  0.313631  0.391131  0.389681  0.368755  0.430984  0.337314  0.430469  0.367006  0.331991  0.370233  0.326040  0.570261  0.453870  0.684344  0.630849  0.398578  0.527730  0.777846  0.217098  0.337375  0.484983  0.313464  0.593927  0.492070  0.467476  0.623397  0.375021  0.318781  0.565215  0.832313  0.441018  0.465915  0.630775  0.717928  0.558472  0.761601  0.353423  0.683648  0.387324  0.363458  0.570383  0.268019 
16  0.370714  0.362657  0.423128  0.470974  0.346643  0.563047  0.500804  0.432001  0.367515  0.510307  0.798919  0.393092  0.354078  0.402252  0.651170  0.481208 0.0  0.490226  0.426995  0.650585  0.523278  0.488611  0.446696  0.529532  0.671159  0.405529  0.428292  0.461235  0.682904  0.597837  0.500760  0.457279  0.752601  0.479954  0.362315  0.541005  0.510183  0.448775  0.521858  0.525872  0.482933  0.518717  0.441861  0.406481  0.550508  0.434040  0.475222  0.591667  0.432592  0.434060  0.478871  0.527952  0.483178  0.299190  0.457590  0.659724  0.503996  0.641808  0.489184  0.472466  0.336430  0.455591  0.399743  0.521750  0.463734  0.430654  0.362663  0.380884  0.306372  0.608066  0.426386  0.565142  0.348299  0.339552  0.709889  0.448996  0.479720  0.568357  0.549794  0.442136  0.466432  0.374122  0.446585  0.649963  0.560777  0.508444  0.420503  0.668513  0.433916  0.376897  0.493214  0.277506  0.412215  0.446910  0.506085  0.354002  0.462198  0.597248  0.500679  0.430720  0.574315  0.687528  0.761848  0.523175  0.480847  0.474252  0.520449  0.678073  0.469176  0.597516  0.408932  0.494820  0.505609  0.452594  0.572854  0.634785  0.370854  0.709929  0.353220  0.426167  0.353089  0.507173  0.762046  0.550941  0.541231  0.490870  0.498887  0.600763  0.453944  0.483793  0.524599  0.424545  0.533223  0.674876  0.490939  0.549517  0.555729  0.544676  0.543276  0.514621  0.382004  0.522579  0.557709  0.529737  0.233091  0.590110  0.544413  0.501017  0.341999  0.687055  0.745146  0.383892  0.503133  0.451958  0.626816  0.481243  0.453945  0.512406  0.424724  0.422876  0.417179  0.479220  0.468696  0.468215  0.509831  0.357436  0.531176  0.430748  0.721050  0.589475  0.493918  0.596425  0.767395  0.444003  0.444275  0.474605  0.439393  0.623654  0.396320  0.436466  0.486402  0.442919  0.404645  0.330999  0.698248  0.543801  0.553630  0.580906  0.664682  0.597339  0.717667  0.552637  0.498381  0.474981  0.434698  0.551618  0.522237 
17  0.573732  0.483226  0.177233  0.560137  0.524024  0.599887  0.461448  0.330146  0.390845  0.656740  0.743503  0.322716  0.350989  0.381720  0.588841  0.478860  0.490226 0.0  0.551331  0.528133  0.650615  0.509423  0.284889  0.468940  0.656663  0.495766  0.312733  0.324254  0.648098  0.497879  0.341120  0.443948  0.662999  0.584552  0.522652  0.366099  0.554307  0.538332  0.728033  0.365901  0.411969  0.444936  0.364797  0.418776  0.548727  0.563456  0.461147  0.560382  0.463312  0.353652  0.562265  0.469644  0.598986  0.361457  0.562783  0.668829  0.699895  0.591569  0.509708  0.574718  0.497835  0.356301  0.409795  0.388865  0.368284  0.360181  0.395274  0.332373  0.435963  0.591495  0.439267  0.460876  0.447132  0.462983  0.585796  0.364871  0.515638  0.544906  0.426163  0.411288  0.510521  0.459776  0.532665  0.629377  0.668151  0.405473  0.413347  0.550270  0.481280  0.369574  0.358844  0.242944  0.345136  0.402869  0.340630  0.437181  0.501957  0.531068  0.453861  0.532686  0.458014  0.702678  0.801332  0.572079  0.402037  0.375657  0.512682  0.772159  0.545241  0.606003  0.403305  0.520802  0.338951  0.323640  0.377268  0.778844  0.366673  0.694271  0.462836  0.193472  0.371769  0.442750  0.741961  0.412462  0.399050  0.484658  0.477430  0.610876  0.396866  0.538120  0.344043  0.562544  0.559243  0.607087  0.262286  0.550983  0.382251  0.499594  0.482620  0.409257  0.322383  0.684679  0.359966  0.314961  0.422343  0.651518  0.444703  0.516312  0.484283  0.671104  0.727900  0.414226  0.493948  0.382414  0.615639  0.347160  0.367104  0.474702  0.465213  0.439091  0.313330  0.379247  0.233722  0.378717  0.430154  0.377462  0.455301  0.519432  0.722424  0.538906  0.444352  0.485363  0.721024  0.444466  0.366073  0.412469  0.437503  0.649847  0.467080  0.443275  0.601974  0.362064  0.372142  0.550482  0.649389  0.533384  0.387103  0.704555  0.728397  0.645758  0.790948  0.402703  0.465515  0.473344  0.510499  0.608409  0.401784 
18  0.270107  0.451920  0.496211  0.270327  0.268521  0.421058  0.397338  0.631500  0.593880  0.596872  0.715168  0.468548  0.531998  0.573298  0.580803  0.496559  0.426995  0.551331 0.0  0.542491  0.567895  0.553251  0.586827  0.672076  0.737571  0.638118  0.558690  0.502098  0.670376  0.418745  0.560014  0.622141  0.695530  0.469800  0.322467  0.696943  0.466209  0.462462  0.593306  0.477916  0.546440  0.637811  0.626113  0.445291  0.561811  0.164000  0.478519  0.651488  0.448540  0.552665  0.480133  0.442829  0.549045  0.426612  0.354458  0.678441  0.533725  0.590181  0.549893  0.372303  0.687992  0.467606  0.503237  0.522779  0.567948  0.533728  0.624002  0.409845  0.374313  0.616864  0.498360  0.668207  0.385826  0.572161  0.569975  0.564494  0.607441  0.479848  0.532237  0.616883  0.660146  0.483009  0.519692  0.529111  0.459214  0.612000  0.602046  0.715061  0.571738  0.648411  0.662787  0.612974  0.601150  0.692877  0.526461  0.563166  0.372163  0.628895  0.584655  0.658119  0.682819  0.708425  0.680877  0.518193  0.577338  0.576414  0.526476  0.764576  0.522288  0.537360  0.429600  0.505251  0.519291  0.384586  0.669780  0.624845  0.471678  0.717806  0.594661  0.624164  0.583995  0.540076  0.717107  0.547976  0.567639  0.604355  0.517626  0.644872  0.616644  0.506950  0.575625  0.441312  0.519526  0.583755  0.640206  0.504865  0.536955  0.673515  0.376207  0.496393  0.559507  0.483432  0.570725  0.481469  0.365719  0.500452  0.633259  0.617389  0.452123  0.635003  0.855155  0.593807  0.563797  0.439467  0.642037  0.580589  0.647410  0.601727  0.575170  0.601088  0.683618  0.587419  0.455640  0.600821  0.647192  0.491453  0.579583  0.414039  0.666258  0.551874  0.733912  0.463829  0.771336  0.490168  0.714027  0.590200  0.616693  0.628573  0.586175  0.682077  0.423686  0.473922  0.521883  0.463946  0.782945  0.519541  0.587214  0.479107  0.577734  0.588262  0.674464  0.559836  0.613817  0.571338  0.519165  0.589258  0.504755 
19  0.562817  0.552581  0.573007  0.502462  0.523120  0.615627  0.516941  0.670939  0.599235  0.691285  0.818846  0.624544  0.596134  0.535620  0.563448  0.540758  0.650585  0.528133  0.542491 0.0  0.645766  0.558625  0.611682  0.686354  0.716550  0.662290  0.495036  0.542209  0.861732  0.672021  0.648096  0.597020  0.567227  0.544695  0.644997  0.635310  0.628907  0.596093  0.392679  0.538290  0.626531  0.471337  0.647318  0.573640  0.735068  0.564059  0.615127  0.533725  0.475563  0.561731  0.527364  0.545457  0.523753  0.625694  0.588717  0.717799  0.644033  0.720312  0.438594  0.573965  0.646189  0.633494  0.633655  0.559484  0.546963  0.644250  0.653301  0.659775  0.615529  0.667779  0.586813  0.631849  0.577018  0.636089  0.636783  0.620806  0.496503  0.532355  0.593916  0.586908  0.580842  0.627051  0.612644  0.677408  0.743489  0.515168  0.533181  0.668972  0.532619  0.641670  0.579599  0.523749  0.594279  0.600942  0.561465  0.669999  0.523309  0.604462  0.618137  0.612650  0.765111  0.667194  0.746975  0.601321  0.630722  0.529904  0.618708  0.648575  0.651417  0.642017  0.522668  0.522650  0.596816  0.573238  0.709768  0.692695  0.541729  0.774978  0.608262  0.358989  0.563243  0.594448  0.716626  0.562700  0.613364  0.478813  0.602153  0.792839  0.592535  0.613696  0.584374  0.557913  0.483340  0.436767  0.591493  0.683293  0.613338  0.584060  0.504709  0.497341  0.595034  0.483195  0.600878  0.465119  0.668326  0.720247  0.597207  0.673583  0.657011  0.604908  0.825304  0.602237  0.680350  0.514526  0.686818  0.585591  0.574400  0.547257  0.563732  0.601273  0.623269  0.543953  0.537956  0.583378  0.602320  0.620941  0.574365  0.402026  0.710002  0.656674  0.678668  0.442947  0.681433  0.594033  0.644541  0.460250  0.560490  0.671753  0.730944  0.749769  0.415063  0.598827  0.665403  0.584580  0.714817  0.608910  0.525153  0.372322  0.730257  0.736737  0.588810  0.645631  0.647813  0.658700  0.583623  0.723587  0.591871 
