197
0 0.0  0.582227  0.517943  0.457159  0.361813  0.257700  0.407596  0.561069  0.570906  0.607011  0.559409  0.542416  0.515903  0.537921  0.699941  0.582643  0.572533  0.573060  0.191482  0.500812  0.556492  0.586462  0.530050  0.422443  0.703039  0.583716  0.575105  0.446601  0.603592  0.537374  0.512304  0.525150  0.664459  0.634986  0.288418  0.679742  0.494020  0.460455  0.487189  0.582231  0.513497  0.495956  0.511601  0.333183  0.649423  0.362185  0.437310  0.574107  0.378550  0.554436  0.579221  0.467360  0.581639  0.531814  0.296198  0.601261  0.658749  0.735930  0.497126  0.426574  0.469355  0.467758  0.516993  0.541855  0.607879  0.536899  0.529044  0.482437  0.447037  0.656608  0.709015  0.613156  0.477337  0.380863  0.653866  0.585358  0.519761  0.558205  0.570685  0.550184  0.620674  0.579951  0.580559  0.512110  0.558227  0.665858  0.509469  0.696357  0.606637  0.497068  0.537488  0.608079  0.594347  0.575848  0.660345  0.544450  0.336320  0.619974  0.579009  0.483146  0.596235  0.742229  0.725338  0.463202  0.599864  0.419836  0.460178  0.750936  0.450695  0.633478  0.439527  0.490873  0.445590  0.459196  0.618181  0.663264  0.575112  0.747259  0.446296  0.543031  0.436609  0.447239  0.779004  0.446852  0.572693  0.494903  0.600007  0.442151  0.646501  0.417575  0.592380  0.617040  0.587637  0.437129  0.503040  0.561722  0.628523  0.623937  0.392533  0.541954  0.441703  0.664992  0.569418  0.543478  0.496164  0.655371  0.672225  0.613398  0.487745  0.770395  0.852887  0.582027  0.514642  0.562113  0.815721  0.585069  0.611854  0.627695  0.570154  0.610348  0.617411  0.564115  0.586070  0.611975  0.539362  0.526885  0.529695  0.435300  0.765826  0.590394  0.655456  0.494084  0.724931  0.564892  0.583504  0.563837  0.669563  0.678125  0.635927  0.730070  0.551328  0.567677  0.537139  0.373748  0.705347  0.505127  0.509903  0.649886  0.636244  0.444409  0.742899  0.641324  0.548641  0.662048  0.503089  0.578109  0.612560 
1  0.582227 0.0  0.431794  0.431397  0.556303  0.540237  0.528577  0.478067  0.516648  0.622295  0.695621  0.468789  0.455782  0.458125  0.691102  0.469070  0.443939  0.403609  0.601461  0.675795  0.633618  0.363924  0.427685  0.503098  0.685800  0.545384  0.451724  0.516302  0.738368  0.574050  0.530954  0.488344  0.680207  0.707032  0.521607  0.467272  0.533306  0.515011  0.774830  0.547962  0.550713  0.602098  0.383730  0.446440  0.554332  0.489785  0.389633  0.508318  0.336442  0.531363  0.703909  0.470535  0.676177  0.476555  0.534547  0.639917  0.582382  0.413086  0.515571  0.462548  0.526617  0.487240  0.571951  0.562230  0.515787  0.395046  0.413981  0.206355  0.389803  0.674409  0.534660  0.334819  0.597346  0.516533  0.462352  0.551459  0.467477  0.614809  0.380230  0.487409  0.553181  0.361809  0.471254  0.543778  0.545628  0.518431  0.513266  0.748173  0.578153  0.474114  0.321696  0.478698  0.532728  0.438756  0.503026  0.516740  0.443215  0.557758  0.504660  0.524413  0.646576  0.746334  0.603821  0.499816  0.516453  0.514414  0.536839  0.843373  0.562666  0.629040  0.572253  0.607970  0.456336  0.483775  0.475115  0.795479  0.413130  0.814195  0.383542  0.438054  0.315333  0.544474  0.707136  0.465716  0.477133  0.486563  0.530707  0.677866  0.557355  0.485771  0.458686  0.595829  0.472163  0.652910  0.453824  0.658870  0.367127  0.445735  0.575451  0.366950  0.507440  0.634527  0.318126  0.483339  0.430863  0.607811  0.385876  0.374854  0.445050  0.563321  0.787009  0.420310  0.638534  0.444477  0.673906  0.539977  0.563985  0.530256  0.486826  0.575882  0.516990  0.371045  0.455802  0.479202  0.497038  0.501589  0.484434  0.462140  0.742677  0.629861  0.635195  0.626339  0.765366  0.481015  0.579565  0.540363  0.509916  0.740800  0.529824  0.524224  0.719948  0.458404  0.332689  0.525346  0.707249  0.374779  0.457658  0.733858  0.703263  0.642090  0.761679  0.412703  0.531807  0.447857  0.518839  0.753735  0.384471 
2  0.517943  0.431794 0.0  0.675401  0.533475  0.556190  0.582002  0.207606  0.238790  0.690914  0.706514  0.384209  0.464937  0.406046  0.625041  0.427053  0.503800  0.441296  0.580514  0.594494  0.672292  0.440575  0.449854  0.510282  0.716464  0.535128  0.408570  0.469049  0.584074  0.544785  0.357110  0.417086  0.659070  0.515915  0.470119  0.624454  0.458914  0.490073  0.704672  0.438695  0.447617  0.483106  0.374873  0.466838  0.401152  0.689262  0.433747  0.550528  0.403871  0.301114  0.512928  0.470716  0.528516  0.465044  0.573360  0.637695  0.710265  0.468324  0.476343  0.600977  0.531420  0.284449  0.478653  0.470366  0.437469  0.449624  0.381710  0.408434  0.366770  0.721893  0.344327  0.504527  0.567098  0.306806  0.426810  0.411258  0.534362  0.482024  0.478939  0.533728  0.416934  0.526056  0.375534  0.541550  0.612844  0.358741  0.427895  0.585201  0.350954  0.430961  0.392832  0.372825  0.370383  0.518080  0.478095  0.437167  0.628597  0.658014  0.462199  0.516067  0.697085  0.670118  0.617754  0.573985  0.320477  0.277586  0.445891  0.745755  0.536956  0.636178  0.497455  0.615592  0.269574  0.462232  0.383243  0.695518  0.459430  0.706264  0.258833  0.296711  0.278500  0.465290  0.721313  0.451219  0.399859  0.466824  0.506094  0.757610  0.492956  0.440548  0.565636  0.405316  0.388651  0.598014  0.340845  0.696783  0.415604  0.346415  0.552032  0.380032  0.355334  0.603907  0.524695  0.393814  0.392173  0.629865  0.503081  0.495077  0.457836  0.661139  0.683058  0.489246  0.577266  0.328222  0.728767  0.473636  0.438342  0.395501  0.442541  0.421014  0.434895  0.413876  0.453911  0.568383  0.605185  0.312273  0.596842  0.510791  0.685692  0.583344  0.476751  0.524145  0.729206  0.567016  0.410723  0.458021  0.576199  0.673036  0.493828  0.419424  0.592069  0.299237  0.373501  0.464758  0.688990  0.534936  0.345766  0.614392  0.675114  0.480799  0.699117  0.395254  0.512713  0.434628  0.480524  0.617299  0.472596 
3  0.457159  0.431397  0.675401 0.0  0.351847  0.394006  0.260242  0.527555  0.551610  0.616343  0.703896  0.542023  0.462640  0.579902  0.688586  0.539443  0.423366  0.416973  0.443322  0.653929  0.552055  0.418853  0.602944  0.498876  0.796871  0.629093  0.490797  0.488447  0.628144  0.492541  0.401750  0.402580  0.664364  0.581391  0.535192  0.539600  0.524139  0.588109  0.645820  0.544677  0.608293  0.505104  0.535398  0.441789  0.564995  0.430088  0.454485  0.585355  0.452491  0.627150  0.718755  0.498218  0.736079  0.343141  0.357396  0.746893  0.648252  0.619160  0.509206  0.470067  0.634684  0.511591  0.522188  0.646834  0.480956  0.552031  0.541989  0.547948  0.664998  0.672487  0.538017  0.538852  0.404633  0.547352  0.624002  0.553419  0.545724  0.516851  0.573705  0.498693  0.479725  0.484050  0.491522  0.662450  0.660671  0.521109  0.515688  0.679962  0.576670  0.541765  0.463928  0.465882  0.635495  0.583750  0.545906  0.539898  0.305634  0.699201  0.573304  0.531594  0.547156  0.705213  0.678999  0.517032  0.548205  0.405614  0.610207  0.784753  0.565118  0.614613  0.610401  0.570522  0.427443  0.663881  0.645413  0.680230  0.360118  0.809384  0.548418  0.393526  0.545113  0.593648  0.720620  0.604288  0.636342  0.549024  0.575566  0.618955  0.550186  0.537303  0.615858  0.531161  0.681746  0.650005  0.569671  0.683661  0.599840  0.627326  0.348177  0.545724  0.709285  0.711527  0.490051  0.586977  0.545513  0.721731  0.569657  0.598960  0.469545  0.642443  0.692043  0.560289  0.669101  0.503741  0.733237  0.499834  0.712315  0.668436  0.478006  0.515857  0.585413  0.509937  0.545577  0.546505  0.435527  0.619894  0.675277  0.565641  0.725082  0.675579  0.549607  0.438291  0.740241  0.420584  0.522925  0.557802  0.536138  0.754082  0.629966  0.533349  0.712706  0.517461  0.489543  0.651009  0.738822  0.601629  0.527347  0.630892  0.679732  0.535555  0.737246  0.569502  0.469343  0.532009  0.585221  0.745944  0.573407 
4  0.361813  0.556303  0.533475  0.351847 0.0  0.438837  0.414824  0.479868  0.601411  0.696541  0.788048  0.472675  0.617940  0.517080  0.686941  0.597545  0.406393  0.554987  0.295880  0.492034  0.546603  0.550991  0.504169  0.516477  0.667470  0.612887  0.635419  0.391295  0.493174  0.518441  0.674353  0.596955  0.739500  0.445020  0.375133  0.481564  0.482344  0.464870  0.525704  0.556595  0.599526  0.680023  0.660390  0.437145  0.546728  0.288012  0.459725  0.659008  0.455057  0.507612  0.549387  0.477194  0.511144  0.480592  0.314264  0.611169  0.585353  0.628477  0.597223  0.458063  0.509102  0.592523  0.443337  0.547717  0.615406  0.477287  0.513288  0.503967  0.501270  0.576240  0.610441  0.636405  0.275206  0.550862  0.631676  0.521784  0.535644  0.362962  0.591929  0.505138  0.619074  0.482853  0.435569  0.671697  0.500101  0.474419  0.585485  0.824796  0.478682  0.537403  0.516177  0.505044  0.557922  0.598100  0.685442  0.369217  0.378758  0.660180  0.561995  0.629665  0.666781  0.706570  0.758452  0.512619  0.565259  0.530320  0.449288  0.654474  0.557842  0.729081  0.539847  0.592528  0.655687  0.504736  0.735071  0.643768  0.646952  0.797548  0.580674  0.507259  0.548518  0.471251  0.745613  0.526238  0.724723  0.525176  0.496575  0.619071  0.584841  0.412662  0.734837  0.422966  0.684483  0.526975  0.494838  0.522259  0.483328  0.666347  0.416693  0.561188  0.538355  0.672166  0.564101  0.632140  0.312531  0.564148  0.744816  0.671427  0.598131  0.725852  0.807073  0.558222  0.566618  0.576863  0.686454  0.529155  0.591401  0.619598  0.630875  0.584705  0.596710  0.504973  0.520935  0.615860  0.633332  0.528948  0.500085  0.340081  0.737321  0.680495  0.678982  0.519006  0.619725  0.558961  0.653492  0.511694  0.626005  0.640551  0.468542  0.664177  0.679898  0.443738  0.675808  0.546979  0.817756  0.592042  0.548579  0.608504  0.609414  0.554396  0.755058  0.610762  0.536206  0.499777  0.599286  0.658665  0.547490 
5  0.257700  0.540237  0.556190  0.394006  0.438837 0.0  0.405543  0.624799  0.468793  0.642084  0.799902  0.521580  0.608495  0.505495  0.611372  0.587433  0.559686  0.701145  0.358833  0.642014  0.622103  0.503468  0.551605  0.603738  0.693202  0.606161  0.584832  0.526212  0.806617  0.565963  0.504424  0.498039  0.833802  0.577111  0.500313  0.538523  0.496848  0.595819  0.629015  0.581804  0.502138  0.598148  0.490553  0.535181  0.530533  0.333242  0.662999  0.583520  0.396958  0.477573  0.657798  0.644365  0.620106  0.521376  0.417394  0.644886  0.549745  0.527512  0.594783  0.521210  0.614028  0.648245  0.546575  0.626902  0.455161  0.499038  0.564356  0.535932  0.588747  0.603464  0.553105  0.579336  0.323472  0.500178  0.649060  0.587562  0.551737  0.501492  0.569303  0.653719  0.636000  0.689273  0.543742  0.504904  0.626018  0.586042  0.535264  0.748592  0.562104  0.525371  0.569340  0.528394  0.632906  0.657979  0.677814  0.561335  0.444869  0.615062  0.672318  0.527852  0.538680  0.720138  0.763738  0.525261  0.592867  0.355266  0.552562  0.840404  0.643764  0.610023  0.478543  0.509441  0.525530  0.648852  0.701058  0.697028  0.436484  0.755657  0.484734  0.564002  0.559981  0.429947  0.652511  0.546167  0.537659  0.638834  0.572749  0.690849  0.652469  0.492867  0.491754  0.519753  0.558934  0.687767  0.575920  0.632785  0.603803  0.570257  0.497884  0.580568  0.603620  0.552481  0.645377  0.541550  0.544138  0.549077  0.431073  0.654765  0.501129  0.720519  0.886147  0.687064  0.466375  0.625218  0.739013  0.728679  0.510437  0.644007  0.589249  0.548950  0.615161  0.525284  0.582633  0.641656  0.537269  0.598642  0.504394  0.487358  0.776738  0.556355  0.473575  0.519102  0.740974  0.510679  0.517586  0.632136  0.512755  0.631346  0.594017  0.353656  0.666949  0.670643  0.480083  0.492380  0.758433  0.544698  0.556281  0.721898  0.721714  0.472479  0.750025  0.628033  0.568633  0.500918  0.563210  0.509095  0.564315 
6  0.407596  0.528577  0.582002  0.260242  0.414824  0.405543 0.0  0.538859  0.432773  0.662313  0.578301  0.478819  0.536282  0.496368  0.594317  0.605241  0.424204  0.549575  0.286295  0.595964  0.553624  0.460458  0.536019  0.583263  0.718749  0.682324  0.540316  0.474078  0.785986  0.595453  0.485307  0.534429  0.664433  0.579661  0.415320  0.660782  0.469491  0.424698  0.645277  0.508135  0.646449  0.493253  0.477622  0.550878  0.419359  0.396357  0.442762  0.559685  0.272559  0.435984  0.513226  0.432674  0.601169  0.555792  0.383318  0.703773  0.473475  0.683575  0.583762  0.401933  0.516068  0.586654  0.496302  0.565992  0.538687  0.393153  0.559391  0.506724  0.508579  0.518427  0.571171  0.570257  0.428696  0.574625  0.564609  0.597906  0.444978  0.551183  0.463173  0.461121  0.559300  0.499179  0.555092  0.585582  0.546352  0.503269  0.597177  0.702374  0.544185  0.550473  0.516628  0.647433  0.625483  0.690155  0.568610  0.634360  0.388790  0.638997  0.646548  0.580156  0.639805  0.786776  0.683281  0.597035  0.619931  0.513926  0.524152  0.735906  0.661716  0.679209  0.486676  0.501027  0.560354  0.630967  0.600798  0.771215  0.559341  0.759192  0.588608  0.532421  0.551473  0.557811  0.730920  0.521591  0.559707  0.431690  0.677032  0.622414  0.688057  0.358594  0.508543  0.548026  0.584784  0.490938  0.549423  0.541186  0.575487  0.555736  0.397222  0.494032  0.603977  0.533319  0.582534  0.486904  0.408800  0.675481  0.511158  0.635780  0.730829  0.792599  0.733811  0.488441  0.641337  0.636869  0.701209  0.475869  0.544841  0.505360  0.471117  0.723368  0.527496  0.577185  0.523417  0.478635  0.540711  0.535653  0.554238  0.409357  0.636583  0.579318  0.533092  0.594356  0.738426  0.548409  0.596735  0.442116  0.625372  0.540298  0.610956  0.547844  0.610648  0.451816  0.594482  0.556662  0.707399  0.588291  0.570784  0.612101  0.646590  0.433081  0.771109  0.548562  0.508265  0.587024  0.407276  0.624614  0.607383 
7  0.561069  0.478067  0.207606  0.527555  0.479868  0.624799  0.538859 0.0  0.299220  0.624953  0.760240  0.463316  0.409047  0.379826  0.647446  0.539064  0.439364  0.357258  0.663202  0.680902  0.513652  0.400251  0.396045  0.532979  0.669178  0.398207  0.399844  0.352429  0.676867  0.555492  0.526274  0.352431  0.688704  0.532474  0.523595  0.517371  0.505482  0.358797  0.535756  0.463039  0.564314  0.526070  0.248320  0.471172  0.448423  0.555456  0.411740  0.518793  0.489939  0.303072  0.532099  0.391650  0.604154  0.439877  0.482610  0.553568  0.694898  0.484347  0.585714  0.549457  0.446153  0.519482  0.401301  0.432931  0.415160  0.413539  0.461679  0.402172  0.489049  0.749835  0.466911  0.505004  0.358401  0.516599  0.567539  0.460102  0.573330  0.543633  0.414782  0.411416  0.489002  0.402424  0.498724  0.555705  0.596946  0.394526  0.396833  0.745743  0.333017  0.437598  0.463925  0.376916  0.404783  0.553684  0.441429  0.456688  0.544035  0.704034  0.446684  0.511628  0.749943  0.643422  0.687684  0.609015  0.325584  0.212416  0.584726  0.645759  0.524540  0.625282  0.507917  0.453068  0.257655  0.440104  0.581780  0.805351  0.586991  0.774592  0.346248  0.442973  0.391770  0.602373  0.658642  0.522731  0.552311  0.440856  0.453800  0.677699  0.514936  0.517815  0.454675  0.500564  0.380335  0.576299  0.423783  0.534135  0.373131  0.436907  0.570836  0.491188  0.386960  0.705090  0.400831  0.453594  0.538510  0.609383  0.485666  0.573059  0.391704  0.746933  0.719019  0.476329  0.565854  0.473086  0.805007  0.445510  0.460188  0.454927  0.427319  0.274676  0.549717  0.405240  0.453082  0.422903  0.524035  0.460840  0.510543  0.456299  0.657997  0.476848  0.405520  0.394684  0.838488  0.467239  0.486119  0.371844  0.496561  0.643462  0.448459  0.415721  0.622470  0.336108  0.456409  0.535128  0.573372  0.549836  0.414164  0.522472  0.612906  0.584035  0.656595  0.572631  0.612940  0.418152  0.393558  0.646229  0.389147 
8  0.570906  0.516648  0.238790  0.551610  0.601411  0.468793  0.432773  0.299220 0.0  0.624300  0.741260  0.384826  0.466044  0.499085  0.779841  0.366267  0.384696  0.398100  0.546971  0.594989  0.611002  0.381304  0.369546  0.474829  0.631541  0.511943  0.355511  0.424096  0.724428  0.599905  0.532493  0.444211  0.707554  0.596203  0.512375  0.494683  0.410799  0.425302  0.565316  0.347914  0.515511  0.561055  0.291412  0.578296  0.444407  0.530010  0.503309  0.497260  0.438460  0.346081  0.575247  0.558109  0.491381  0.279380  0.478021  0.615060  0.719312  0.452703  0.537625  0.477378  0.406805  0.452032  0.392664  0.375710  0.514038  0.468984  0.366240  0.407839  0.479689  0.592857  0.399488  0.510197  0.471159  0.306485  0.546115  0.392109  0.567706  0.480947  0.537791  0.583822  0.456546  0.499857  0.547250  0.592517  0.507539  0.494041  0.401837  0.596766  0.351684  0.502827  0.479531  0.397262  0.481127  0.504744  0.419344  0.511659  0.622322  0.692440  0.453041  0.396801  0.750544  0.709372  0.775697  0.536171  0.362174  0.205374  0.446849  0.668868  0.405477  0.610613  0.413530  0.433750  0.248998  0.407987  0.504921  0.638284  0.590126  0.792108  0.282057  0.435250  0.452939  0.540165  0.627846  0.455056  0.481115  0.499848  0.481109  0.731788  0.545514  0.434274  0.361614  0.667276  0.396840  0.623190  0.412704  0.585446  0.514832  0.458541  0.591231  0.527944  0.375117  0.615093  0.432218  0.390308  0.479608  0.640873  0.463925  0.532168  0.448196  0.652362  0.676200  0.457227  0.465040  0.537361  0.678385  0.468934  0.521281  0.325774  0.519120  0.484519  0.590634  0.437561  0.466002  0.334449  0.590822  0.538407  0.386326  0.538929  0.672999  0.582879  0.415263  0.527015  0.815375  0.427895  0.577154  0.480563  0.547103  0.561139  0.447299  0.486793  0.658967  0.327343  0.424559  0.598467  0.742332  0.426120  0.321733  0.457821  0.752966  0.477339  0.780845  0.524193  0.638892  0.505992  0.425823  0.748870  0.459057 
9  0.607011  0.622295  0.690914  0.616343  0.696541  0.642084  0.662313  0.624953  0.624300 0.0  0.978395  0.544293  0.681187  0.657257  0.685040  0.698772  0.617320  0.711276  0.646490  0.766213  0.535133  0.587693  0.573401  0.586376  0.829556  0.610271  0.682472  0.711215  0.801709  0.553796  0.770205  0.730459  0.900023  0.482002  0.470749  0.608634  0.553639  0.696057  0.644194  0.576831  0.554254  0.552600  0.627006  0.636388  0.537766  0.631307  0.588939  0.710266  0.651748  0.627525  0.667753  0.696033  0.750271  0.642757  0.681522  0.404668  0.315096  0.417518  0.576927  0.642088  0.460834  0.645323  0.630628  0.759251  0.723603  0.575157  0.534703  0.635558  0.649576  0.422334  0.663142  0.542432  0.523067  0.617775  0.561430  0.628298  0.607687  0.660124  0.653639  0.769760  0.582092  0.628136  0.539647  0.664318  0.497762  0.745703  0.808826  0.725190  0.686119  0.668368  0.652036  0.615408  0.619662  0.603492  0.735834  0.479727  0.635716  0.436564  0.776345  0.666107  0.307683  0.804062  0.934469  0.423600  0.695745  0.655443  0.435854  0.953251  0.531915  0.237164  0.602891  0.342388  0.523275  0.677011  0.610901  0.939252  0.618751  0.953642  0.445635  0.659902  0.643408  0.590846  0.865052  0.652355  0.711315  0.528454  0.685290  0.329525  0.526096  0.560741  0.690732  0.410653  0.621929  0.644074  0.702964  0.336405  0.669500  0.713541  0.766134  0.667905  0.559185  0.540912  0.595133  0.631469  0.578236  0.356477  0.463634  0.611918  0.606564  0.823395  0.823321  0.696803  0.553034  0.614759  0.783929  0.715202  0.783249  0.597725  0.720517  0.763534  0.626122  0.566141  0.718351  0.692613  0.730644  0.595926  0.563351  0.551860  0.950883  0.515427  0.587417  0.614293  0.837635  0.752598  0.656614  0.706398  0.651466  0.753576  0.554204  0.591860  0.718285  0.662807  0.737975  0.470710  0.884629  0.747068  0.634331  0.826736  0.773539  0.531560  0.899753  0.659949  0.597647  0.723561  0.620045  0.370103  0.720151 
10  0.559409  0.695621  0.706514  0.703896  0.788048  0.799902  0.578301  0.760240  0.741260  0.978395 0.0  0.843797  0.829066  0.813171  0.732181  0.802510  0.784361  0.753235  0.684085  0.679697  0.710421  0.590405  0.746904  0.803782  0.526978  0.795743  0.875719  0.680139  0.516474  0.785422  0.801740  0.789467  0.493251  0.655574  0.592859  0.833319  0.638298  0.724100  0.720958  0.711127  0.846765  0.618044  0.615290  0.769967  0.741382  0.691497  0.824397  0.831928  0.666758  0.718680  0.729728  0.661457  0.678246  0.693212  0.673204  0.874706  0.941017  0.788202  0.635862  0.703338  0.822667  0.848704  0.673725  0.979366  0.726766  0.766985  0.642743  0.642291  0.720198  0.851285  0.818052  0.969665  0.634830  0.647072  0.753769  0.735234  0.855589  0.691515  0.784981  0.800652  0.862826  0.776104  0.651055  0.794819  0.725758  0.785894  0.774780  0.635532  0.639845  0.703240  0.836772  0.788839  0.745925  0.704583  0.834224  0.742751  0.730432  0.895149  0.782633  0.756273  0.967834  0.537281  0.321728  0.775927  0.793106  0.658645  0.749022  0.287563  0.676474  0.913520  0.772829  0.648805  0.772687  0.831885  0.745825  0.272424  0.829222  0.361812  0.740183  0.771375  0.791802  0.662365  0.727947  0.836796  0.813007  0.767207  0.762481  0.987747  0.799421  0.585749  0.836581  0.744111  0.738125  0.778228  0.764440  0.762389  0.773875  0.817979  0.888691  0.802612  0.679157  0.700318  0.823031  0.733767  0.797919  0.858156  0.755575  0.854625  0.854882  0.717888  0.671223  0.870361  0.808356  0.847093  0.640061  0.716344  0.793098  0.839958  0.772391  0.734216  0.931556  0.837515  0.851951  0.828386  0.873199  0.682949  0.572475  0.656225  0.450965  0.687808  0.774451  0.546155  0.440578  0.802306  0.866807  0.874991  0.951838  0.690338  0.834438  0.744040  0.730434  0.569308  0.809708  0.733226  0.348632  0.876256  0.670501  0.848853  0.650211  0.707783  0.345246  0.812275  0.671366  0.740756  0.787680  0.960215  0.707783 
11  0.542416  0.468789  0.384209  0.542023  0.472675  0.521580  0.478819  0.463316  0.384826  0.544293  0.843797 0.0  0.402655  0.419543  0.796470  0.435826  0.483949  0.486050  0.572969  0.804346  0.634928  0.476262  0.305439  0.439370  0.703637  0.476909  0.387409  0.345718  0.582336  0.532558  0.409133  0.390580  0.729030  0.527919  0.405380  0.639889  0.541432  0.424166  0.547809  0.363496  0.394287  0.543815  0.375473  0.419048  0.426591  0.452164  0.275804  0.622165  0.592191  0.285441  0.572762  0.570101  0.611365  0.402722  0.408654  0.599572  0.555610  0.666698  0.552925  0.403714  0.494372  0.491056  0.427356  0.421075  0.469299  0.584541  0.462240  0.432767  0.465541  0.531090  0.531468  0.498546  0.407269  0.396017  0.601136  0.466707  0.561968  0.515789  0.445985  0.428880  0.502139  0.427167  0.581615  0.598734  0.622035  0.457737  0.432153  0.693582  0.366510  0.408830  0.483467  0.434802  0.442371  0.491017  0.345816  0.368856  0.525260  0.597910  0.324185  0.506876  0.602643  0.739584  0.804580  0.430357  0.403328  0.464468  0.490206  0.859109  0.466655  0.725754  0.376626  0.591726  0.399008  0.320080  0.493444  0.755694  0.425357  0.727852  0.359701  0.279055  0.357713  0.624049  0.758214  0.463960  0.563467  0.512502  0.390077  0.535457  0.339321  0.595662  0.570715  0.658330  0.442131  0.538715  0.357351  0.614322  0.466100  0.549610  0.539278  0.483195  0.353290  0.410697  0.427411  0.335084  0.468103  0.609727  0.534726  0.640229  0.397506  0.770433  0.731394  0.455590  0.583085  0.409029  0.721920  0.293475  0.532828  0.579428  0.381484  0.473597  0.474739  0.311717  0.473779  0.402596  0.448283  0.276772  0.487288  0.518224  0.667125  0.568756  0.473208  0.581717  0.721323  0.514704  0.503377  0.389209  0.461800  0.671419  0.426070  0.458362  0.628111  0.409924  0.466207  0.490590  0.814121  0.495015  0.441364  0.681241  0.741773  0.457740  0.681770  0.526904  0.623296  0.432106  0.463787  0.503471  0.673065 
12  0.515903  0.455782  0.464937  0.462640  0.617940  0.608495  0.536282  0.409047  0.466044  0.681187  0.829066  0.402655 0.0  0.398817  0.704895  0.330396  0.399540  0.409997  0.556566  0.605320  0.660077  0.459500  0.392189  0.448182  0.643446  0.403960  0.281028  0.283077  0.601056  0.755009  0.376742  0.437614  0.676014  0.580800  0.505434  0.460973  0.552375  0.675155  0.730785  0.281050  0.356504  0.546987  0.338392  0.480653  0.544439  0.493789  0.402208  0.497762  0.516081  0.382484  0.720265  0.637295  0.515369  0.456365  0.518370  0.618053  0.690579  0.625209  0.469832  0.544570  0.550388  0.431561  0.314960  0.357991  0.463284  0.441886  0.326253  0.399985  0.424733  0.652626  0.428820  0.630701  0.416517  0.485757  0.603261  0.430559  0.500120  0.531823  0.459856  0.347941  0.421986  0.397482  0.665448  0.651861  0.617754  0.477377  0.406718  0.662039  0.336680  0.352408  0.347784  0.300900  0.342694  0.464124  0.325834  0.288041  0.528946  0.504303  0.437807  0.384404  0.555519  0.752031  0.807719  0.535883  0.339516  0.290829  0.514673  0.760475  0.610771  0.724659  0.336876  0.508565  0.475655  0.284163  0.470139  0.707362  0.461348  0.753873  0.445027  0.321329  0.462329  0.642871  0.673584  0.382586  0.474191  0.467090  0.397270  0.643144  0.481206  0.593540  0.304786  0.522934  0.471771  0.538355  0.320825  0.546832  0.287620  0.589917  0.542772  0.460451  0.267603  0.576814  0.335211  0.286610  0.346346  0.660257  0.500522  0.502781  0.452194  0.660557  0.751357  0.373773  0.608501  0.389800  0.724169  0.440439  0.431069  0.432156  0.443595  0.371916  0.363682  0.254427  0.385760  0.418601  0.382726  0.341435  0.498514  0.585738  0.804579  0.621364  0.486843  0.582195  0.685243  0.348092  0.545386  0.404825  0.385944  0.718224  0.542478  0.393714  0.789700  0.388754  0.324746  0.588263  0.850771  0.395233  0.358711  0.614504  0.830068  0.588734  0.760409  0.419907  0.582377  0.322059  0.508943  0.635733  0.401370 
13  0.537921  0.458125  0.406046  0.579902  0.517080  0.505495  0.496368  0.379826  0.499085  0.657257  0.813171  0.419543  0.398817 0.0  0.802084  0.280170  0.541170  0.351618  0.518254  0.705760  0.601598  0.377387  0.332845  0.403058  0.796107  0.417198  0.394751  0.329086  0.693047  0.640719  0.360959  0.467612  0.639837  0.588960  0.373779  0.569305  0.567036  0.576408  0.676089  0.370482  0.441912  0.564613  0.478066  0.372767  0.447742  0.477965  0.400467  0.387949  0.448958  0.491349  0.656788  0.415903  0.560063  0.389167  0.469116  0.624865  0.625072  0.513626  0.456403  0.509770  0.714192  0.271970  0.368705  0.396634  0.386615  0.326701  0.478414  0.453206  0.493150  0.689036  0.392881  0.565056  0.495658  0.576829  0.567455  0.369550  0.542405  0.519231  0.382549  0.367901  0.378077  0.352847  0.681921  0.625675  0.586380  0.406525  0.404389  0.678267  0.324168  0.384397  0.402365  0.478770  0.330440  0.384411  0.282451  0.344921  0.560053  0.595284  0.371192  0.409615  0.510141  0.707238  0.805575  0.422810  0.379313  0.423696  0.536587  0.895926  0.552833  0.698968  0.384720  0.570733  0.527817  0.230289  0.424578  0.799626  0.352702  0.727802  0.409723  0.393969  0.484934  0.568800  0.761206  0.278507  0.294498  0.530523  0.257558  0.615912  0.456837  0.531867  0.487091  0.528349  0.406527  0.612380  0.319334  0.564798  0.305771  0.611536  0.529593  0.318545  0.360485  0.645989  0.404605  0.477964  0.394727  0.645364  0.599400  0.567910  0.460041  0.575529  0.677279  0.378064  0.452962  0.464215  0.664028  0.500549  0.417374  0.362144  0.416292  0.385635  0.388187  0.378583  0.350082  0.315406  0.405400  0.285375  0.554883  0.552832  0.678262  0.626334  0.500695  0.488309  0.781274  0.423554  0.313484  0.402515  0.508099  0.581754  0.444965  0.490239  0.639090  0.459517  0.342276  0.561096  0.753943  0.444187  0.377166  0.642888  0.753736  0.608589  0.675654  0.420242  0.622705  0.431482  0.533272  0.602464  0.424454 
14  0.699941  0.691102  0.625041  0.688586  0.686941  0.611372  0.594317  0.647446  0.779841  0.685040  0.732181  0.796470  0.704895  0.802084 0.0  0.743382  0.699075  0.679812  0.686032  0.405901  0.590094  0.730310  0.697043  0.706479  0.855567  0.766939  0.622670  0.697055  0.782306  0.544937  0.711671  0.679900  0.808932  0.770476  0.695879  0.597604  0.656734  0.563714  0.503556  0.705536  0.605379  0.555882  0.707484  0.643589  0.688521  0.780414  0.581610  0.612560  0.695196  0.690255  0.645693  0.707672  0.560275  0.709699  0.761361  0.669369  0.657207  0.673503  0.641842  0.646990  0.605271  0.675375  0.725576  0.684408  0.634695  0.699763  0.646537  0.594349  0.714837  0.562407  0.619243  0.640817  0.649054  0.700800  0.683155  0.599958  0.620080  0.634253  0.628767  0.658417  0.838031  0.583033  0.716643  0.583032  0.714314  0.627022  0.706103  0.753887  0.704374  0.738265  0.656870  0.692823  0.690108  0.654354  0.605259  0.729079  0.728440  0.634048  0.584269  0.693707  0.616258  0.811620  0.789661  0.572524  0.565328  0.773288  0.692110  0.889022  0.643465  0.593674  0.514052  0.789345  0.720574  0.599336  0.614154  0.845578  0.694307  0.682832  0.758731  0.667928  0.592849  0.594399  0.797823  0.662861  0.683258  0.694864  0.696882  0.636843  0.668019  0.662272  0.704268  0.633160  0.565287  0.507258  0.715722  0.612889  0.651042  0.587145  0.655186  0.639845  0.649327  0.464375  0.732240  0.661575  0.633690  0.633929  0.751041  0.752631  0.664692  0.681232  0.813552  0.713921  0.659676  0.565896  0.723194  0.768890  0.584534  0.614742  0.687309  0.708314  0.782477  0.636321  0.614228  0.625417  0.716179  0.635510  0.625572  0.687606  0.781461  0.519443  0.733513  0.587628  0.682651  0.734480  0.669064  0.763855  0.678185  0.804976  0.646199  0.629941  0.498451  0.627582  0.522752  0.596710  0.675768  0.757529  0.676603  0.540719  0.667779  0.608426  0.806359  0.632837  0.611821  0.633298  0.678994  0.630889  0.657043 
15  0.582643  0.469070  0.427053  0.539443  0.597545  0.587433  0.605241  0.539064  0.366267  0.698772  0.802510  0.435826  0.330396  0.280170  0.743382 0.0  0.361284  0.418094  0.540497  0.596266  0.517183  0.554568  0.404947  0.494619  0.801026  0.415401  0.441517  0.358079  0.719186  0.559405  0.356851  0.303513  0.841313  0.543432  0.554350  0.405581  0.592966  0.652108  0.795196  0.398966  0.473074  0.631215  0.448517  0.470041  0.535547  0.592533  0.352509  0.361809  0.555279  0.534388  0.642767  0.397284  0.764586  0.395357  0.594582  0.590003  0.663223  0.716866  0.561946  0.470695  0.616903  0.266912  0.393074  0.300472  0.237315  0.226938  0.452074  0.457510  0.500333  0.745013  0.320104  0.565465  0.475156  0.602892  0.540353  0.353778  0.561972  0.540127  0.357804  0.312864  0.472046  0.363869  0.534392  0.709108  0.573691  0.463820  0.390379  0.653737  0.375982  0.227167  0.283540  0.392654  0.371903  0.350999  0.376458  0.341170  0.476353  0.530539  0.457698  0.442492  0.595253  0.782976  0.911986  0.477402  0.444297  0.421389  0.569400  0.782422  0.563538  0.654619  0.409731  0.509295  0.482319  0.436908  0.541810  0.811598  0.371246  0.861801  0.498711  0.391262  0.520236  0.667349  0.650096  0.548857  0.387726  0.564940  0.387097  0.616958  0.370511  0.523942  0.373046  0.520689  0.381923  0.693853  0.365612  0.506935  0.326876  0.519041  0.452975  0.334768  0.429377  0.672778  0.382085  0.271512  0.510605  0.555721  0.494566  0.557561  0.512987  0.659678  0.718952  0.428732  0.516587  0.376901  0.658417  0.513216  0.424450  0.288972  0.434247  0.484686  0.455742  0.366947  0.342224  0.336963  0.409540  0.372652  0.552467  0.596676  0.674651  0.601530  0.470518  0.518716  0.755052  0.410186  0.452254  0.421907  0.381487  0.663529  0.531440  0.508152  0.607203  0.419830  0.304341  0.653718  0.765958  0.239962  0.403008  0.663766  0.769440  0.526099  0.718859  0.439224  0.699884  0.417047  0.483671  0.694916  0.414853 
16  0.572533  0.443939  0.503800  0.423366  0.406393  0.559686  0.424204  0.439364  0.384696  0.617320  0.784361  0.483949  0.399540  0.541170  0.699075  0.361284 0.0  0.396484  0.507078  0.637404  0.582115  0.483980  0.391627  0.504198  0.656878  0.512975  0.524930  0.417588  0.552108  0.567932  0.578301  0.509114  0.817168  0.466410  0.389860  0.550419  0.583499  0.545590  0.532915  0.431036  0.470101  0.496198  0.458383  0.532174  0.568054  0.499975  0.312723  0.563351  0.473333  0.432955  0.416951  0.516303  0.384747  0.329348  0.397232  0.764298  0.615933  0.602860  0.584804  0.496353  0.368839  0.380228  0.436632  0.416381  0.457779  0.479820  0.449933  0.461170  0.237507  0.559716  0.487709  0.497368  0.389239  0.339485  0.528315  0.371205  0.446785  0.524240  0.563736  0.475803  0.473664  0.504941  0.549502  0.554750  0.605957  0.497802  0.379500  0.787417  0.532999  0.473720  0.518908  0.469730  0.468614  0.428679  0.522825  0.415223  0.434181  0.646823  0.442916  0.608741  0.642280  0.792711  0.791982  0.547620  0.482986  0.465421  0.487441  0.730943  0.457422  0.619294  0.473627  0.676180  0.354582  0.487521  0.450389  0.697121  0.474716  0.737667  0.408134  0.516871  0.374988  0.558150  0.814834  0.367438  0.459238  0.529039  0.407620  0.585946  0.533880  0.499572  0.566761  0.452372  0.501950  0.537451  0.381160  0.529198  0.469175  0.636446  0.570178  0.395171  0.473419  0.563589  0.490951  0.542810  0.357321  0.631276  0.500478  0.403710  0.460702  0.726294  0.783179  0.491182  0.402542  0.497318  0.821977  0.517361  0.588924  0.475601  0.530171  0.648727  0.566744  0.452246  0.504463  0.433153  0.542936  0.386203  0.452821  0.518894  0.778448  0.673850  0.592510  0.526935  0.698697  0.561596  0.568653  0.463369  0.493366  0.707540  0.442182  0.580916  0.609570  0.436222  0.449295  0.452372  0.838253  0.567941  0.447766  0.718145  0.741711  0.447550  0.798189  0.397830  0.542840  0.470239  0.405116  0.576267  0.503183 
17  0.573060  0.403609  0.441296  0.416973  0.554987  0.701145  0.549575  0.357258  0.398100  0.711276  0.753235  0.486050  0.409997  0.351618  0.679812  0.418094  0.396484 0.0  0.608155  0.626347  0.558452  0.348325  0.312508  0.513223  0.629907  0.421928  0.397329  0.361901  0.633155  0.715436  0.372031  0.439870  0.870513  0.452012  0.473566  0.435537  0.468670  0.485496  0.779990  0.444933  0.354247  0.618594  0.355753  0.480123  0.446223  0.494787  0.276320  0.431662  0.555169  0.282450  0.704183  0.516248  0.590565  0.447249  0.509527  0.639733  0.640230  0.451763  0.514253  0.565858  0.451620  0.367053  0.400606  0.291838  0.456439  0.422627  0.436323  0.398178  0.466639  0.671497  0.405879  0.459756  0.514873  0.453259  0.591351  0.454797  0.475882  0.633292  0.369466  0.424258  0.531724  0.358309  0.475572  0.718367  0.601018  0.314584  0.515475  0.567923  0.389974  0.397306  0.233153  0.282772  0.437893  0.388512  0.323571  0.434587  0.458684  0.650395  0.387602  0.452789  0.671058  0.881678  0.790143  0.615337  0.450289  0.412162  0.580912  0.702154  0.519828  0.753614  0.323643  0.526831  0.298693  0.396787  0.485165  0.664159  0.362194  0.736909  0.430278  0.274659  0.453308  0.478490  0.701182  0.595552  0.433876  0.468257  0.454446  0.641500  0.487275  0.526450  0.408243  0.627852  0.600161  0.788419  0.386799  0.724436  0.353882  0.472829  0.488464  0.341586  0.295810  0.537001  0.292480  0.390992  0.532125  0.548575  0.478173  0.525105  0.526582  0.572062  0.719678  0.460829  0.474827  0.359888  0.610411  0.334173  0.540507  0.420595  0.254836  0.458890  0.325573  0.398678  0.326903  0.312336  0.422452  0.403003  0.490939  0.451309  0.780236  0.648371  0.516351  0.574382  0.745112  0.377267  0.532512  0.497266  0.440354  0.722358  0.438260  0.365212  0.613481  0.322334  0.446926  0.674149  0.600550  0.368347  0.367799  0.665874  0.725921  0.516680  0.744547  0.517435  0.612650  0.419694  0.452858  0.699228  0.388905 
18  0.191482  0.601461  0.580514  0.443322  0.295880  0.358833  0.286295  0.663202  0.546971  0.646490  0.684085  0.572969  0.556566  0.518254  0.686032  0.540497  0.507078  0.608155 0.0  0.598258  0.562554  0.576842  0.457323  0.618169  0.635782  0.620098  0.534265  0.483108  0.632261  0.553588  0.565563  0.554374  0.772117  0.549293  0.415845  0.743848  0.399266  0.614159  0.565934  0.625886  0.554319  0.611783  0.376327  0.353711  0.726886  0.330218  0.433089  0.761725  0.454827  0.621097  0.609711  0.480885  0.630756  0.532732  0.235709  0.723757  0.534014  0.681429  0.428245  0.470007  0.598772  0.601573  0.568872  0.461257  0.568886  0.526439  0.679816  0.488349  0.576713  0.664294  0.545896  0.658992  0.353854  0.394512  0.798148  0.645451  0.466252  0.471120  0.641689  0.634535  0.504213  0.641271  0.530675  0.630529  0.632895  0.578349  0.633294  0.826133  0.694336  0.523054  0.583025  0.607001  0.517059  0.611771  0.637104  0.451883  0.371451  0.656873  0.636925  0.557546  0.705488  0.692335  0.732074  0.482017  0.595191  0.596376  0.479024  0.746158  0.576741  0.589438  0.414922  0.444946  0.526653  0.576329  0.571216  0.639011  0.588357  0.830891  0.537486  0.567223  0.571927  0.586719  0.766957  0.541770  0.573046  0.589934  0.596851  0.636463  0.592418  0.510510  0.666732  0.641038  0.584085  0.546135  0.551831  0.515471  0.635844  0.710592  0.345283  0.597708  0.560547  0.499532  0.512732  0.583323  0.469084  0.510739  0.628954  0.695007  0.539247  0.725801  0.766015  0.594107  0.560067  0.542414  0.659833  0.526728  0.689602  0.452608  0.609294  0.564494  0.658117  0.529323  0.528531  0.557435  0.627166  0.535887  0.585185  0.261155  0.779235  0.621744  0.680863  0.541404  0.756505  0.581129  0.652769  0.584432  0.671938  0.739331  0.553539  0.590328  0.570485  0.666682  0.649557  0.564047  0.750902  0.522873  0.638765  0.664106  0.684004  0.623299  0.713956  0.664767  0.565611  0.589741  0.585322  0.662596  0.601792 
19  0.500812  0.675795  0.594494  0.653929  0.492034  0.642014  0.595964  0.680902  0.594989  0.766213  0.679697  0.804346  0.605320  0.705760  0.405901  0.596266  0.637404  0.626347  0.598258 0.0  0.615240  0.579654  0.606246  0.693183  0.758892  0.704319  0.561184  0.585570  0.723791  0.648616  0.636743  0.508189  0.833910  0.473482  0.633788  0.605562  0.606441  0.531589  0.359212  0.611726  0.705471  0.722228  0.642738  0.596858  0.640575  0.572503  0.626676  0.660543  0.567941  0.559577  0.552558  0.695362  0.609496  0.620271  0.712595  0.841522  0.774069  0.782877  0.558040  0.687302  0.635919  0.537727  0.620465  0.610400  0.580618  0.553179  0.629080  0.627108  0.638523  0.793352  0.607790  0.673105  0.658614  0.609963  0.743587  0.570832  0.689577  0.667413  0.671014  0.615672  0.645086  0.615347  0.664947  0.682030  0.712520  0.612261  0.754318  0.645439  0.766626  0.600675  0.595919  0.689799  0.614223  0.654588  0.633596  0.548418  0.579122  0.667253  0.554314  0.604721  0.641725  0.792613  0.730752  0.570004  0.683707  0.582721  0.548632  0.740425  0.630360  0.829220  0.619445  0.681408  0.623703  0.501805  0.735268  0.691907  0.554478  0.691940  0.725736  0.627047  0.503437  0.550411  0.792703  0.704333  0.731614  0.623576  0.577951  0.671237  0.617641  0.678473  0.727533  0.443643  0.691708  0.430984  0.481702  0.787981  0.604550  0.626393  0.584842  0.601363  0.624909  0.503521  0.630659  0.613825  0.627022  0.798666  0.619008  0.666738  0.590145  0.714617  0.810869  0.573613  0.712215  0.709241  0.615309  0.557063  0.606330  0.654189  0.533712  0.780418  0.476592  0.681300  0.654165  0.651632  0.654950  0.655448  0.562958  0.547838  0.760818  0.572548  0.763799  0.705179  0.636989  0.704020  0.761802  0.551686  0.684596  0.694229  0.721392  0.621357  0.530933  0.564464  0.740675  0.522851  0.789635  0.559863  0.627104  0.361231  0.712371  0.726729  0.751000  0.584658  0.563094  0.537985  0.524198  0.652499  0.655385 
