73
0 0.0  0.234894  0.361429  0.424212  0.451542  0.467261  0.422809  0.451102  0.324466  0.315251  0.433990  0.580938  0.578317  0.722028  0.779974  0.662292  0.344421  0.557713  0.426684  0.484035  0.467200  0.528377  0.400248  0.558773  0.515937  0.734614  0.636656  0.765084  0.493411  0.284213  0.288586  0.507078  0.263051  0.502765  0.707139  0.461153  0.821547  0.396055  0.302653  0.791305  0.385035  0.768194  0.532468  0.474734  0.595964  0.345871  0.396149  0.656006  0.399340  0.726264  0.445290  0.678467  0.524883  0.584788  0.481426  0.361174  0.379298  0.778997  0.600386  0.395551  0.502852  0.802539  0.578619  0.528826  0.396513  0.491236  0.531610  0.520493  0.500886  0.661942  0.425660  0.507742  0.622582 
1  0.234894 0.0  0.498449  0.351515  0.429692  0.410374  0.585417  0.440930  0.499122  0.355058  0.479152  0.534227  0.653182  0.734723  0.771864  0.721633  0.385647  0.628656  0.411233  0.571990  0.453518  0.431161  0.424015  0.549861  0.508324  0.581340  0.525464  0.746233  0.499221  0.367449  0.428126  0.566527  0.359230  0.487275  0.749697  0.447970  0.789257  0.534225  0.472799  0.790888  0.338452  0.592863  0.396201  0.484918  0.584469  0.509632  0.544757  0.696303  0.268499  0.723268  0.511388  0.644809  0.420079  0.694611  0.621089  0.302750  0.586812  0.844862  0.664014  0.403577  0.447772  0.728214  0.497304  0.555888  0.430071  0.520626  0.554513  0.515067  0.503072  0.704461  0.419727  0.492763  0.378156 
2  0.361429  0.498449 0.0  0.535607  0.425469  0.378726  0.501481  0.356879  0.489190  0.517100  0.428122  0.375419  0.476881  0.573091  0.712757  0.591123  0.475113  0.327911  0.513050  0.510630  0.681285  0.480410  0.466801  0.524661  0.348479  0.510337  0.418324  0.494389  0.547244  0.436392  0.443580  0.599695  0.407720  0.545829  0.609353  0.487399  0.853275  0.501958  0.338342  0.823733  0.497168  0.624896  0.484215  0.549445  0.491265  0.457344  0.424689  0.608500  0.462913  0.660675  0.475775  0.581333  0.373447  0.674991  0.470118  0.498964  0.496544  0.773899  0.650791  0.353496  0.444061  0.859010  0.584017  0.550861  0.336931  0.394419  0.534839  0.687623  0.427477  0.773288  0.359239  0.573528  0.411801 
3  0.424212  0.351515  0.535607 0.0  0.552108  0.418441  0.491046  0.407599  0.401246  0.311141  0.477754  0.452864  0.531562  0.654201  0.752577  0.728861  0.358281  0.550345  0.362426  0.594602  0.392680  0.537885  0.409483  0.568382  0.593456  0.571614  0.640048  0.698310  0.555128  0.398793  0.422536  0.472291  0.309161  0.476399  0.614949  0.472584  0.842484  0.475559  0.494324  0.712805  0.381804  0.665463  0.373894  0.548257  0.576564  0.411756  0.449808  0.606024  0.372101  0.791476  0.592002  0.706708  0.410846  0.508126  0.522351  0.391536  0.495845  0.826633  0.655270  0.390713  0.606948  0.732875  0.542257  0.602410  0.496108  0.436934  0.542750  0.508873  0.506029  0.608349  0.500259  0.528698  0.535820 
4  0.451542  0.429692  0.425469  0.552108 0.0  0.367923  0.506998  0.515746  0.564088  0.367718  0.417129  0.293600  0.486375  0.744025  0.756489  0.744938  0.400940  0.373942  0.398142  0.600154  0.474903  0.423299  0.375805  0.570982  0.371220  0.526202  0.550145  0.622961  0.661914  0.456840  0.299306  0.489484  0.435862  0.482420  0.776473  0.298355  0.899998  0.391197  0.366126  0.823141  0.483291  0.584907  0.513813  0.420552  0.394900  0.533477  0.307311  0.568735  0.380163  0.726762  0.412136  0.610388  0.340710  0.650824  0.588882  0.469365  0.589683  0.785129  0.586648  0.513498  0.345566  0.743254  0.641475  0.563975  0.384130  0.481035  0.475328  0.542896  0.284251  0.717759  0.328572  0.368085  0.493866 
5  0.467261  0.410374  0.378726  0.418441  0.367923 0.0  0.502029  0.274749  0.477813  0.344758  0.469118  0.465312  0.480433  0.605908  0.832968  0.606660  0.364204  0.480876  0.408194  0.609392  0.402718  0.380947  0.394803  0.630353  0.439799  0.594533  0.471876  0.573984  0.511048  0.404444  0.444921  0.592559  0.504742  0.398619  0.582996  0.407605  0.792524  0.461620  0.363747  0.847386  0.445763  0.571282  0.444070  0.541735  0.357803  0.425082  0.468277  0.676161  0.402850  0.610179  0.575634  0.699018  0.471105  0.684894  0.613718  0.426624  0.617758  0.746956  0.733742  0.489862  0.352697  0.742298  0.660326  0.615275  0.402444  0.438166  0.561759  0.538287  0.394132  0.697943  0.414732  0.467321  0.446159 
6  0.422809  0.585417  0.501481  0.491046  0.506998  0.502029 0.0  0.532264  0.398587  0.284038  0.581070  0.576746  0.499309  0.749813  0.681836  0.692235  0.470613  0.507375  0.576505  0.603500  0.484692  0.524736  0.483375  0.618645  0.437736  0.692364  0.642777  0.648751  0.494064  0.395289  0.387774  0.589976  0.429278  0.502286  0.811100  0.586959  0.847993  0.677127  0.461252  0.925039  0.510710  0.777592  0.596269  0.200271  0.525153  0.142285  0.483736  0.661980  0.370885  0.740657  0.557904  0.832341  0.442067  0.714287  0.594207  0.328635  0.498581  0.922844  0.791492  0.418731  0.559524  0.922335  0.591116  0.561982  0.614438  0.596698  0.639703  0.578957  0.570750  0.695529  0.435535  0.437243  0.455884 
7  0.451102  0.440930  0.356879  0.407599  0.515746  0.274749  0.532264 0.0  0.464063  0.490743  0.357834  0.528675  0.395781  0.812667  0.667388  0.704053  0.213480  0.612089  0.401163  0.524918  0.464845  0.380693  0.448052  0.570418  0.432754  0.576923  0.618217  0.661438  0.578059  0.418115  0.427910  0.603655  0.437082  0.389384  0.715051  0.409272  0.844067  0.467070  0.339570  0.699367  0.487451  0.519275  0.509218  0.458695  0.454771  0.510674  0.429430  0.713530  0.426181  0.790624  0.420966  0.661693  0.469672  0.615128  0.514358  0.391483  0.504954  0.814384  0.663478  0.518476  0.436513  0.755941  0.568666  0.488933  0.440628  0.407913  0.598778  0.638790  0.471853  0.695894  0.405180  0.602418  0.452089 
8  0.324466  0.499122  0.489190  0.401246  0.564088  0.477813  0.398587  0.464063 0.0  0.353833  0.530597  0.516913  0.426173  0.764738  0.845191  0.842272  0.453437  0.343984  0.522634  0.657255  0.638158  0.494857  0.441061  0.633613  0.553026  0.801786  0.660504  0.470867  0.533606  0.442350  0.558418  0.546178  0.363764  0.400778  0.774535  0.589618  0.980093  0.613070  0.518294  0.870756  0.632002  0.804199  0.556267  0.457376  0.463735  0.424474  0.480074  0.843582  0.456082  0.616048  0.541605  0.694218  0.564351  0.705521  0.445676  0.427920  0.401367  0.923736  0.690006  0.529674  0.511506  0.871059  0.408992  0.613568  0.554612  0.451161  0.709234  0.509464  0.588130  0.707766  0.469138  0.403913  0.526326 
9  0.315251  0.355058  0.517100  0.311141  0.367718  0.344758  0.284038  0.490743  0.353833 0.0  0.436333  0.499194  0.523276  0.715994  0.722564  0.857154  0.305742  0.568723  0.431897  0.552658  0.391921  0.439922  0.468068  0.652549  0.472380  0.611040  0.659328  0.580033  0.486458  0.236890  0.422209  0.640392  0.259467  0.499490  0.591032  0.584627  0.895995  0.550928  0.456070  0.775314  0.536547  0.757054  0.576184  0.323915  0.527015  0.376063  0.322364  0.593568  0.454632  0.790392  0.574568  0.641594  0.531026  0.604795  0.552467  0.383312  0.380611  0.843033  0.770360  0.370789  0.417232  0.894562  0.662041  0.608281  0.471205  0.551574  0.492278  0.492143  0.411489  0.555147  0.472977  0.547165  0.505346 
10  0.433990  0.479152  0.428122  0.477754  0.417129  0.469118  0.581070  0.357834  0.530597  0.436333 0.0  0.316942  0.407786  0.760983  0.762856  0.629975  0.545874  0.480521  0.362207  0.515275  0.503911  0.324488  0.415280  0.601842  0.459978  0.650224  0.497633  0.585119  0.557727  0.414532  0.485317  0.506035  0.392280  0.443192  0.628076  0.488442  0.846888  0.527961  0.283376  0.839191  0.443566  0.642970  0.684400  0.581944  0.456405  0.439932  0.306527  0.634163  0.452791  0.820633  0.546322  0.576915  0.398414  0.586288  0.500562  0.417990  0.664899  0.930376  0.806298  0.435430  0.325212  0.760404  0.674168  0.554215  0.334697  0.380158  0.543905  0.653807  0.323869  0.606699  0.230171  0.532295  0.379993 
11  0.580938  0.534227  0.375419  0.452864  0.293600  0.465312  0.576746  0.528675  0.516913  0.499194  0.316942 0.0  0.465685  0.605345  0.689138  0.780483  0.449918  0.430493  0.435609  0.508812  0.586355  0.327710  0.499113  0.498287  0.476315  0.629326  0.572613  0.495302  0.443885  0.387976  0.426742  0.535719  0.461527  0.605727  0.650809  0.304905  0.803763  0.297968  0.446524  0.755847  0.411305  0.624472  0.499511  0.591562  0.476540  0.579001  0.270998  0.631704  0.526675  0.772450  0.607511  0.575203  0.384165  0.742754  0.503464  0.399451  0.533123  0.863259  0.635637  0.561499  0.186620  0.810947  0.625293  0.543863  0.261078  0.321258  0.475250  0.490502  0.431162  0.605558  0.349911  0.542529  0.324844 
12  0.578317  0.653182  0.476881  0.531562  0.486375  0.480433  0.499309  0.395781  0.426173  0.523276  0.407786  0.465685 0.0  0.656643  0.817018  0.704367  0.512149  0.264549  0.507943  0.607874  0.681765  0.391453  0.486722  0.425497  0.459197  0.685276  0.671016  0.500160  0.442690  0.597913  0.504475  0.601095  0.574848  0.394374  0.748426  0.443780  0.835565  0.515234  0.380761  0.847366  0.619901  0.707518  0.570854  0.486805  0.304521  0.556228  0.468899  0.754628  0.602357  0.746269  0.352861  0.721114  0.423144  0.736864  0.492111  0.577227  0.693125  0.845330  0.733823  0.496383  0.321716  0.904251  0.529078  0.570296  0.413998  0.379556  0.643696  0.599484  0.493152  0.631317  0.491538  0.328034  0.413616 
13  0.722028  0.734723  0.573091  0.654201  0.744025  0.605908  0.749813  0.812667  0.764738  0.715994  0.760983  0.605345  0.656643 0.0  0.685663  0.669226  0.586337  0.685046  0.673366  0.663879  0.726518  0.621829  0.598665  0.632082  0.668548  0.650989  0.665563  0.741588  0.587387  0.629529  0.656476  0.558283  0.622779  0.796167  0.676048  0.582485  0.681718  0.650444  0.629892  0.704256  0.757766  0.702247  0.699178  0.749851  0.710076  0.732503  0.559677  0.597888  0.776194  0.736758  0.730593  0.604389  0.701124  0.704602  0.775323  0.727634  0.592298  0.553590  0.645820  0.666305  0.662204  0.537679  0.708186  0.614031  0.704133  0.749183  0.743787  0.708499  0.545852  0.681225  0.632838  0.737057  0.685041 
14  0.779974  0.771864  0.712757  0.752577  0.756489  0.832968  0.681836  0.667388  0.845191  0.722564  0.762856  0.689138  0.817018  0.685663 0.0  0.753755  0.758530  0.839668  0.721538  0.698805  0.664549  0.690804  0.809653  0.716166  0.800606  0.616488  0.803146  0.757781  0.779823  0.760712  0.769606  0.765194  0.762830  0.664154  0.519027  0.677384  0.670045  0.748096  0.799453  0.841870  0.824868  0.748249  0.818269  0.831335  0.790040  0.712853  0.749603  0.664142  0.734326  0.655200  0.682874  0.600152  0.779091  0.560411  0.771787  0.749927  0.827442  0.693628  0.785234  0.752666  0.816212  0.648145  0.786281  0.662915  0.727778  0.735820  0.706404  0.835031  0.653865  0.728074  0.673087  0.792171  0.730012 
15  0.662292  0.721633  0.591123  0.728861  0.744938  0.606660  0.692235  0.704053  0.842272  0.857154  0.629975  0.780483  0.704367  0.669226  0.753755 0.0  0.681020  0.660113  0.633036  0.660487  0.858706  0.678071  0.735732  0.688598  0.692897  0.489389  0.785411  0.713955  0.644176  0.729235  0.705632  0.778749  0.693751  0.700972  0.593404  0.618530  0.754511  0.728793  0.622863  0.793707  0.779570  0.657805  0.750768  0.679069  0.663182  0.655136  0.752240  0.573990  0.848542  0.391198  0.631703  0.554106  0.565450  0.712044  0.585457  0.689130  0.863605  0.770486  0.676858  0.661602  0.783811  0.815737  0.673283  0.601122  0.757769  0.623965  0.840168  0.869862  0.644863  0.623520  0.628318  0.690251  0.566650 
16  0.344421  0.385647  0.475113  0.358281  0.400940  0.364204  0.470613  0.213480  0.453437  0.305742  0.545874  0.449918  0.512149  0.586337  0.758530  0.681020 0.0  0.428853  0.523736  0.563163  0.560295  0.408057  0.428551  0.536892  0.603502  0.523988  0.514877  0.468782  0.629073  0.418352  0.448038  0.530084  0.516947  0.415838  0.731044  0.435888  0.857514  0.477835  0.457870  0.843098  0.441326  0.766647  0.523881  0.515012  0.516814  0.411429  0.423664  0.630340  0.351918  0.750379  0.418420  0.575280  0.402886  0.601158  0.467638  0.362528  0.485429  0.875775  0.635689  0.362520  0.488784  0.739723  0.569211  0.553464  0.435717  0.544889  0.554636  0.613067  0.483434  0.613834  0.544066  0.504153  0.440307 
17  0.557713  0.628656  0.327911  0.550345  0.373942  0.480876  0.507375  0.612089  0.343984  0.568723  0.480521  0.430493  0.264549  0.685046  0.839668  0.660113  0.428853 0.0  0.236802  0.597948  0.693364  0.530036  0.590739  0.454540  0.488246  0.745758  0.679947  0.531492  0.502735  0.582836  0.471889  0.534408  0.543693  0.412667  0.786179  0.431044  0.800720  0.491005  0.541741  0.756095  0.603825  0.778526  0.603843  0.612207  0.295474  0.598259  0.515095  0.779005  0.584475  0.537717  0.286288  0.747702  0.454973  0.857127  0.452544  0.611567  0.643140  0.905424  0.840760  0.585829  0.527501  0.795094  0.510828  0.661711  0.459568  0.444628  0.652885  0.774563  0.491290  0.687389  0.399467  0.267258  0.476696 
18  0.426684  0.411233  0.513050  0.362426  0.398142  0.408194  0.576505  0.401163  0.522634  0.431897  0.362207  0.435609  0.507943  0.673366  0.721538  0.633036  0.523736  0.236802 0.0  0.556008  0.638684  0.279695  0.408600  0.584762  0.526164  0.607861  0.711584  0.705540  0.531322  0.374570  0.361981  0.582181  0.449377  0.501389  0.708966  0.351854  0.734233  0.322333  0.410284  0.655038  0.600241  0.552973  0.570576  0.559649  0.339127  0.436305  0.314444  0.617087  0.421010  0.753815  0.425909  0.555338  0.296592  0.571249  0.492462  0.600283  0.450153  0.736792  0.574487  0.525350  0.345068  0.789647  0.700623  0.525004  0.332164  0.399955  0.396306  0.551125  0.397958  0.696170  0.418181  0.348255  0.421628 
19  0.484035  0.571990  0.510630  0.594602  0.600154  0.609392  0.603500  0.524918  0.657255  0.552658  0.515275  0.508812  0.607874  0.663879  0.698805  0.660487  0.563163  0.597948  0.556008 0.0  0.524172  0.510970  0.653205  0.596135  0.514562  0.636590  0.316933  0.581044  0.335536  0.553591  0.579688  0.289919  0.432583  0.657076  0.529969  0.552127  0.771249  0.659591  0.475717  0.788447  0.515498  0.620417  0.514718  0.528717  0.578705  0.669361  0.628450  0.552921  0.558647  0.864939  0.608750  0.597713  0.492928  0.764183  0.571185  0.454654  0.649871  0.744941  0.577623  0.562475  0.498581  0.992644  0.498735  0.418458  0.547819  0.533288  0.656912  0.618291  0.462557  0.612083  0.534575  0.622262  0.610675 
20  0.467200  0.453518  0.681285  0.392680  0.474903  0.402718  0.484692  0.464845  0.638158  0.391921  0.503911  0.586355  0.681765  0.726518  0.664549  0.858706  0.560295  0.693364  0.638684  0.524172 0.0  0.402974  0.614197  0.722297  0.609639  0.782743  0.704952  0.576102  0.655523  0.420971  0.513264  0.724497  0.498377  0.600380  0.866208  0.585586  0.794993  0.418448  0.580180  0.770170  0.617679  0.709475  0.580126  0.654281  0.581007  0.478562  0.468117  0.738623  0.620413  0.870797  0.645025  0.702437  0.653308  0.568691  0.627594  0.484666  0.637123  0.637208  0.855156  0.646502  0.617124  0.792021  0.712463  0.655221  0.573396  0.596446  0.415394  0.320365  0.489145  0.763334  0.557577  0.666139  0.631203 
21  0.528377  0.431161  0.480410  0.537885  0.423299  0.380947  0.524736  0.380693  0.494857  0.439922  0.324488  0.327710  0.391453  0.621829  0.690804  0.678071  0.408057  0.530036  0.279695  0.510970  0.402974 0.0  0.500128  0.586882  0.346608  0.602127  0.664171  0.468949  0.478939  0.430894  0.592039  0.462871  0.450189  0.498118  0.600848  0.356929  0.622803  0.441035  0.379362  0.878960  0.379582  0.628801  0.574697  0.553858  0.517643  0.548631  0.442710  0.533577  0.487545  0.815946  0.430890  0.599265  0.359504  0.684053  0.529970  0.405898  0.438693  0.794250  0.698954  0.368967  0.477468  0.810342  0.493305  0.516469  0.405412  0.363848  0.504094  0.556346  0.346568  0.674716  0.359240  0.431602  0.359321 
22  0.400248  0.424015  0.466801  0.409483  0.375805  0.394803  0.483375  0.448052  0.441061  0.468068  0.415280  0.499113  0.486722  0.598665  0.809653  0.735732  0.428551  0.590739  0.408600  0.653205  0.614197  0.500128 0.0  0.568058  0.493425  0.575216  0.599538  0.549967  0.539210  0.472571  0.357645  0.431300  0.368320  0.580665  0.630597  0.551831  0.871114  0.640576  0.484924  0.810108  0.459951  0.744893  0.436411  0.470479  0.629029  0.461912  0.462192  0.629105  0.392802  0.671627  0.519037  0.764138  0.430687  0.662747  0.588535  0.403836  0.586229  0.728501  0.760853  0.452171  0.514422  0.748181  0.450194  0.647593  0.417048  0.526715  0.589918  0.454802  0.514024  0.584783  0.425044  0.534743  0.494360 
23  0.558773  0.549861  0.524661  0.568382  0.570982  0.630353  0.618645  0.570418  0.633613  0.652549  0.601842  0.498287  0.425497  0.632082  0.716166  0.688598  0.536892  0.454540  0.584762  0.596135  0.722297  0.586882  0.568058 0.0  0.455843  0.688295  0.555469  0.208945  0.480623  0.545131  0.606593  0.530448  0.554029  0.545819  0.793975  0.630479  0.910068  0.678013  0.508315  0.901391  0.691457  0.758670  0.672108  0.567891  0.557952  0.537778  0.463307  0.599600  0.634183  0.643862  0.470122  0.746354  0.680112  0.759864  0.181263  0.532343  0.694888  0.730168  0.795381  0.688281  0.546309  0.850038  0.378531  0.562011  0.452101  0.541651  0.663380  0.679072  0.582466  0.597743  0.474178  0.450121  0.601271 
24  0.515937  0.508324  0.348479  0.593456  0.371220  0.439799  0.437736  0.432754  0.553026  0.472380  0.459978  0.476315  0.459197  0.668548  0.800606  0.692897  0.603502  0.488246  0.526164  0.514562  0.609639  0.346608  0.493425  0.455843 0.0  0.678301  0.551914  0.491478  0.517175  0.383937  0.540730  0.448611  0.520802  0.442132  0.860557  0.448334  0.822980  0.526039  0.372892  0.753392  0.377216  0.654639  0.606576  0.485977  0.457380  0.496527  0.340695  0.599644  0.597401  0.733740  0.479249  0.547667  0.392645  0.729077  0.495463  0.386751  0.624286  0.926679  0.786291  0.482525  0.476531  0.736991  0.525035  0.430206  0.474260  0.373049  0.497969  0.628934  0.423230  0.605442  0.525523  0.495679  0.447105 
25  0.734614  0.581340  0.510337  0.571614  0.526202  0.594533  0.692364  0.576923  0.801786  0.611040  0.650224  0.629326  0.685276  0.650989  0.616488  0.489389  0.523988  0.745758  0.607861  0.636590  0.782743  0.602127  0.575216  0.688295  0.678301 0.0  0.585873  0.648438  0.569564  0.736822  0.540137  0.780718  0.570401  0.776946  0.509360  0.570788  0.676505  0.625682  0.650663  0.819121  0.681149  0.629925  0.672155  0.604859  0.768367  0.538644  0.561944  0.434105  0.603037  0.527578  0.744852  0.551693  0.499433  0.623116  0.623206  0.538245  0.701574  0.747864  0.604273  0.640757  0.462681  0.652152  0.546605  0.615036  0.600268  0.714516  0.697353  0.790311  0.490957  0.392886  0.600435  0.687366  0.659542 
26  0.636656  0.525464  0.418324  0.640048  0.550145  0.471876  0.642777  0.618217  0.660504  0.659328  0.497633  0.572613  0.671016  0.665563  0.803146  0.785411  0.514877  0.679947  0.711584  0.316933  0.704952  0.664171  0.599538  0.555469  0.551914  0.585873 0.0  0.599149  0.403118  0.582458  0.584092  0.418580  0.603720  0.565462  0.687472  0.677967  0.802292  0.698254  0.608683  0.833227  0.566075  0.651591  0.598613  0.481632  0.649279  0.584427  0.573502  0.687287  0.553738  0.697287  0.565284  0.581679  0.598951  0.731072  0.508604  0.741567  0.765039  0.794457  0.693466  0.416834  0.647028  0.731798  0.467395  0.545535  0.644235  0.596767  0.794248  0.710369  0.658328  0.669881  0.493030  0.561682  0.538076 
27  0.765084  0.746233  0.494389  0.698310  0.622961  0.573984  0.648751  0.661438  0.470867  0.580033  0.585119  0.495302  0.500160  0.741588  0.757781  0.713955  0.468782  0.531492  0.705540  0.581044  0.576102  0.468949  0.549967  0.208945  0.491478  0.648438  0.599149 0.0  0.540658  0.636823  0.600803  0.544520  0.576465  0.549329  0.680436  0.596892  0.918964  0.615802  0.628424  0.889602  0.569906  0.618905  0.622035  0.571132  0.561692  0.638937  0.456765  0.700889  0.525511  0.645060  0.543501  0.657200  0.641582  0.721316  0.362135  0.711141  0.715304  0.742144  0.808084  0.565072  0.542433  0.861067  0.359443  0.525945  0.537423  0.640443  0.671434  0.748366  0.612181  0.798606  0.491849  0.450350  0.435507 
28  0.493411  0.499221  0.547244  0.555128  0.661914  0.511048  0.494064  0.578059  0.533606  0.486458  0.557727  0.443885  0.442690  0.587387  0.779823  0.644176  0.629073  0.502735  0.531322  0.335536  0.655523  0.478939  0.539210  0.480623  0.517175  0.569564  0.403118  0.540658 0.0  0.534799  0.501738  0.502643  0.518103  0.605596  0.586744  0.690781  0.767907  0.536303  0.613804  0.816708  0.520893  0.671420  0.571483  0.537382  0.478106  0.470596  0.606757  0.481362  0.551004  0.620840  0.562393  0.616183  0.494633  0.730918  0.426289  0.587265  0.641648  0.712822  0.480264  0.498290  0.393851  0.713516  0.507657  0.407624  0.530061  0.509511  0.757082  0.742862  0.556663  0.621116  0.472787  0.533587  0.512323 
29  0.284213  0.367449  0.436392  0.398793  0.456840  0.404444  0.395289  0.418115  0.442350  0.236890  0.414532  0.387976  0.597913  0.629529  0.760712  0.729235  0.418352  0.582836  0.374570  0.553591  0.420971  0.430894  0.472571  0.545131  0.383937  0.736822  0.582458  0.636823  0.534799 0.0  0.378496  0.493551  0.112848  0.463625  0.712179  0.557045  0.707318  0.595685  0.432007  0.830387  0.381873  0.577943  0.517616  0.424462  0.508035  0.370768  0.355142  0.704545  0.431576  0.736552  0.514443  0.779460  0.535115  0.628534  0.596819  0.310077  0.334788  0.763495  0.766724  0.414092  0.368258  0.822318  0.538478  0.561299  0.540210  0.467965  0.469116  0.503582  0.528414  0.683569  0.486032  0.473809  0.493805 
30  0.288586  0.428126  0.443580  0.422536  0.299306  0.444921  0.387774  0.427910  0.558418  0.422209  0.485317  0.426742  0.504475  0.656476  0.769606  0.705632  0.448038  0.471889  0.361981  0.579688  0.513264  0.592039  0.357645  0.606593  0.540730  0.540137  0.584092  0.600803  0.501738  0.378496 0.0  0.581744  0.338396  0.528633  0.540038  0.435922  0.833812  0.650900  0.478430  0.722916  0.506510  0.715060  0.532284  0.463796  0.592910  0.510684  0.550954  0.647363  0.474322  0.748980  0.519864  0.614020  0.541317  0.664928  0.693396  0.403915  0.583098  0.862876  0.731893  0.318116  0.428951  0.830077  0.553045  0.593194  0.449119  0.579648  0.596964  0.452424  0.424073  0.642743  0.310205  0.604040  0.472380 
31  0.507078  0.566527  0.599695  0.472291  0.489484  0.592559  0.589976  0.603655  0.546178  0.640392  0.506035  0.535719  0.601095  0.558283  0.765194  0.778749  0.530084  0.534408  0.582181  0.289919  0.724497  0.462871  0.431300  0.530448  0.448611  0.780718  0.418580  0.544520  0.502643  0.493551  0.581744 0.0  0.561055  0.476658  0.776675  0.509888  0.724060  0.609880  0.599563  0.789121  0.614674  0.718284  0.644069  0.658619  0.577426  0.609873  0.516204  0.686775  0.661496  0.668762  0.564416  0.660659  0.559181  0.649096  0.642675  0.571794  0.592190  0.714710  0.609513  0.578146  0.451969  0.772987  0.487168  0.317993  0.487281  0.542572  0.711270  0.749260  0.592952  0.599552  0.526018  0.519297  0.549007 
32  0.263051  0.359230  0.407720  0.309161  0.435862  0.504742  0.429278  0.437082  0.363764  0.259467  0.392280  0.461527  0.574848  0.622779  0.762830  0.693751  0.516947  0.543693  0.449377  0.432583  0.498377  0.450189  0.368320  0.554029  0.520802  0.570401  0.603720  0.576465  0.518103  0.112848  0.338396  0.561055 0.0  0.459980  0.685813  0.598739  0.732214  0.466569  0.500936  0.691844  0.592716  0.553517  0.439726  0.402319  0.574573  0.512358  0.474973  0.795204  0.388141  0.710707  0.536964  0.706613  0.417644  0.688302  0.546923  0.356782  0.345200  0.817177  0.681203  0.419357  0.452492  0.831726  0.627265  0.573169  0.505035  0.458056  0.572138  0.485868  0.421692  0.626997  0.413205  0.427791  0.528366 
33  0.502765  0.487275  0.545829  0.476399  0.482420  0.398619  0.502286  0.389384  0.400778  0.499490  0.443192  0.605727  0.394374  0.796167  0.664154  0.700972  0.415838  0.412667  0.501389  0.657076  0.600380  0.498118  0.580665  0.545819  0.442132  0.776946  0.565462  0.549329  0.605596  0.463625  0.528633  0.476658  0.459980 0.0  0.778355  0.446256  0.931564  0.589986  0.492803  0.898714  0.515121  0.798150  0.503204  0.422521  0.446357  0.435780  0.595513  0.614047  0.546982  0.652083  0.506303  0.669144  0.517570  0.705812  0.567596  0.474477  0.519428  0.895477  0.792482  0.563801  0.550812  0.919400  0.487901  0.568612  0.586428  0.502454  0.582496  0.502724  0.554306  0.846617  0.474603  0.496885  0.524255 
34  0.707139  0.749697  0.609353  0.614949  0.776473  0.582996  0.811100  0.715051  0.774535  0.591032  0.628076  0.650809  0.748426  0.676048  0.519027  0.593404  0.731044  0.786179  0.708966  0.529969  0.866208  0.600848  0.630597  0.793975  0.860557  0.509360  0.687472  0.680436  0.586744  0.712179  0.540038  0.776675  0.685813  0.778355 0.0  0.704637  0.766505  0.807054  0.627574  0.684424  0.654586  0.609986  0.690486  0.822537  0.672535  0.740501  0.689721  0.491007  0.777223  0.723784  0.711055  0.619289  0.793091  0.773518  0.836853  0.657379  0.797111  0.742369  0.648300  0.600306  0.713474  0.684929  0.707350  0.672590  0.762461  0.799984  0.637563  0.673348  0.689269  0.687440  0.687762  0.778560  0.738921 
35  0.461153  0.447970  0.487399  0.472584  0.298355  0.407605  0.586959  0.409272  0.589618  0.584627  0.488442  0.304905  0.443780  0.582485  0.677384  0.618530  0.435888  0.431044  0.351854  0.552127  0.585586  0.356929  0.551831  0.630479  0.448334  0.570788  0.677967  0.596892  0.690781  0.557045  0.435922  0.509888  0.598739  0.446256  0.704637 0.0  0.921719  0.336916  0.298299  0.686189  0.590904  0.710575  0.534105  0.587642  0.583200  0.486822  0.337281  0.537144  0.264346  0.746597  0.369243  0.611320  0.353459  0.561966  0.716987  0.394295  0.589196  0.755427  0.780592  0.504018  0.464189  0.693250  0.536285  0.451831  0.411331  0.220258  0.440905  0.660767  0.348841  0.618371  0.417013  0.476948  0.415783 
36  0.821547  0.789257  0.853275  0.842484  0.899998  0.792524  0.847993  0.844067  0.980093  0.895995  0.846888  0.803763  0.835565  0.681718  0.670045  0.754511  0.857514  0.800720  0.734233  0.771249  0.794993  0.622803  0.871114  0.910068  0.822980  0.676505  0.802292  0.918964  0.767907  0.707318  0.833812  0.724060  0.732214  0.931564  0.766505  0.921719 0.0  0.725499  0.781249  0.545853  0.815267  0.827796  0.772433  0.870654  0.869874  0.842784  0.807072  0.697385  0.899916  0.839522  0.928624  0.468686  0.961098  0.630591  0.873917  0.732040  0.718842  0.600151  0.809734  0.799898  0.880102  0.356615  0.927982  0.740680  0.859704  0.864788  0.873104  0.850616  0.835278  0.717169  0.799936  1.000000  0.794616 
37  0.396055  0.534225  0.501958  0.475559  0.391197  0.461620  0.677127  0.467070  0.613070  0.550928  0.527961  0.297968  0.515234  0.650444  0.748096  0.728793  0.477835  0.491005  0.322333  0.659591  0.418448  0.441035  0.640576  0.678013  0.526039  0.625682  0.698254  0.615802  0.536303  0.595685  0.650900  0.609880  0.466569  0.589986  0.807054  0.336916  0.725499 0.0  0.465732  0.695131  0.433520  0.767245  0.434668  0.650206  0.599670  0.531633  0.361043  0.634942  0.430606  0.737269  0.526364  0.661445  0.479823  0.535465  0.647072  0.561978  0.481158  0.763928  0.800985  0.509669  0.361417  0.654419  0.742956  0.625179  0.466598  0.309299  0.536183  0.500065  0.523041  0.616852  0.520533  0.575615  0.499899 
38  0.302653  0.472799  0.338342  0.494324  0.366126  0.363747  0.461252  0.339570  0.518294  0.456070  0.283376  0.446524  0.380761  0.629892  0.799453  0.622863  0.457870  0.541741  0.410284  0.475717  0.580180  0.379362  0.484924  0.508315  0.372892  0.650663  0.608683  0.628424  0.613804  0.432007  0.478430  0.599563  0.500936  0.492803  0.627574  0.298299  0.781249  0.465732 0.0  0.889383  0.583180  0.564550  0.517565  0.509685  0.530771  0.447755  0.341043  0.711837  0.372501  0.707059  0.470415  0.454283  0.413541  0.659993  0.603575  0.368408  0.581413  0.837325  0.723912  0.491589  0.498145  0.850997  0.628055  0.435880  0.373304  0.425033  0.461559  0.557568  0.317412  0.591328  0.446122  0.558513  0.429267 
39  0.791305  0.790888  0.823733  0.712805  0.823141  0.847386  0.925039  0.699367  0.870756  0.775314  0.839191  0.755847  0.847366  0.704256  0.841870  0.793707  0.843098  0.756095  0.655038  0.788447  0.770170  0.878960  0.810108  0.901391  0.753392  0.819121  0.833227  0.889602  0.816708  0.830387  0.722916  0.789121  0.691844  0.898714  0.684424  0.686189  0.545853  0.695131  0.889383 0.0  0.721803  0.810187  0.847708  0.928838  0.798826  0.887010  0.863376  0.697491  0.878665  0.809510  0.890052  0.758265  0.941542  0.757393  0.917167  0.848912  0.657222  0.717556  0.792392  0.765889  0.939038  0.690035  0.841745  0.733327  0.878542  0.783145  0.786064  0.776925  0.696126  0.713186  0.698705  0.873225  0.840812 
40  0.385035  0.338452  0.497168  0.381804  0.483291  0.445763  0.510710  0.487451  0.632002  0.536547  0.443566  0.411305  0.619901  0.757766  0.824868  0.779570  0.441326  0.603825  0.600241  0.515498  0.617679  0.379582  0.459951  0.691457  0.377216  0.681149  0.566075  0.569906  0.520893  0.381873  0.506510  0.614674  0.592716  0.515121  0.654586  0.590904  0.815267  0.433520  0.583180  0.721803 0.0  0.690320  0.362821  0.504821  0.540326  0.417797  0.440337  0.744341  0.327276  0.694435  0.475535  0.700948  0.518181  0.659847  0.588234  0.385299  0.569681  0.817240  0.768773  0.507662  0.516426  0.818456  0.645182  0.615558  0.485000  0.532000  0.577738  0.642958  0.460506  0.639163  0.500707  0.574290  0.525417 
41  0.768194  0.592863  0.624896  0.665463  0.584907  0.571282  0.777592  0.519275  0.804199  0.757054  0.642970  0.624472  0.707518  0.702247  0.748249  0.657805  0.766647  0.778526  0.552973  0.620417  0.709475  0.628801  0.744893  0.758670  0.654639  0.629925  0.651591  0.618905  0.671420  0.577943  0.715060  0.718284  0.553517  0.798150  0.609986  0.710575  0.827796  0.767245  0.564550  0.810187  0.690320 0.0  0.661375  0.778748  0.842789  0.638230  0.736272  0.703819  0.680760  0.788188  0.830790  0.678679  0.703001  0.688017  0.674469  0.567559  0.878514  0.749681  0.751734  0.630200  0.787419  0.768024  0.966239  0.721985  0.635741  0.667421  0.821549  0.808052  0.735987  0.677189  0.551007  0.859731  0.725811 
42  0.532468  0.396201  0.484215  0.373894  0.513813  0.444070  0.596269  0.509218  0.556267  0.576184  0.684400  0.499511  0.570854  0.699178  0.818269  0.750768  0.523881  0.603843  0.570576  0.514718  0.580126  0.574697  0.436411  0.672108  0.606576  0.672155  0.598613  0.622035  0.571483  0.517616  0.532284  0.644069  0.439726  0.503204  0.690486  0.534105  0.772433  0.434668  0.517565  0.847708  0.362821  0.661375 0.0  0.427755  0.637042  0.591938  0.483365  0.684647  0.429085  0.854011  0.661439  0.626796  0.485861  0.653814  0.677739  0.404298  0.579468  0.815376  0.713911  0.526325  0.433607  0.904846  0.599755  0.507348  0.544522  0.673491  0.606535  0.623684  0.419359  0.659423  0.409092  0.607817  0.533805 
43  0.474734  0.484918  0.549445  0.548257  0.420552  0.541735  0.200271  0.458695  0.457376  0.323915  0.581944  0.591562  0.486805  0.749851  0.831335  0.679069  0.515012  0.612207  0.559649  0.528717  0.654281  0.553858  0.470479  0.567891  0.485977  0.604859  0.481632  0.571132  0.537382  0.424462  0.463796  0.658619  0.402319  0.422521  0.822537  0.587642  0.870654  0.650206  0.509685  0.928838  0.504821  0.778748  0.427755 0.0  0.479922  0.355483  0.610435  0.578860  0.570068  0.829170  0.572817  0.736739  0.521359  0.817799  0.555929  0.230002  0.621537  0.849471  0.814895  0.560727  0.423934  0.984747  0.615443  0.591888  0.520441  0.389555  0.727737  0.560615  0.508037  0.706297  0.515178  0.435345  0.596084 
44  0.595964  0.584469  0.491265  0.576564  0.394900  0.357803  0.525153  0.454771  0.463735  0.527015  0.456405  0.476540  0.304521  0.710076  0.790040  0.663182  0.516814  0.295474  0.339127  0.578705  0.581007  0.517643  0.629029  0.557952  0.457380  0.768367  0.649279  0.561692  0.478106  0.508035  0.592910  0.577426  0.574573  0.446357  0.672535  0.583200  0.869874  0.599670  0.530771  0.798826  0.540326  0.842789  0.637042  0.479922 0.0  0.566883  0.504706  0.647882  0.510450  0.549025  0.485732  0.749920  0.525432  0.653063  0.457316  0.576161  0.663547  0.865819  0.722407  0.623757  0.386952  0.849065  0.419414  0.552300  0.477902  0.356124  0.515098  0.623221  0.499506  0.731760  0.568570  0.391836  0.373732 
45  0.345871  0.509632  0.457344  0.411756  0.533477  0.425082  0.142285  0.510674  0.424474  0.376063  0.439932  0.579001  0.556228  0.732503  0.712853  0.655136  0.411429  0.598259  0.436305  0.669361  0.478562  0.548631  0.461912  0.537778  0.496527  0.538644  0.584427  0.638937  0.470596  0.370768  0.510684  0.609873  0.512358  0.435780  0.740501  0.486822  0.842784  0.531633  0.447755  0.887010  0.417797  0.638230  0.591938  0.355483  0.566883 0.0  0.587305  0.747469  0.346824  0.724293  0.469089  0.673496  0.513223  0.638574  0.527129  0.348502  0.514376  0.867563  0.861279  0.541576  0.416921  0.905113  0.625073  0.664840  0.540617  0.435036  0.639253  0.556721  0.380511  0.760918  0.475180  0.599278  0.408747 
46  0.396149  0.544757  0.424689  0.449808  0.307311  0.468277  0.483736  0.429430  0.480074  0.322364  0.306527  0.270998  0.468899  0.559677  0.749603  0.752240  0.423664  0.515095  0.314444  0.628450  0.468117  0.442710  0.462192  0.463307  0.340695  0.561944  0.573502  0.456765  0.606757  0.355142  0.550954  0.516204  0.474973  0.595513  0.689721  0.337281  0.807072  0.361043  0.341043  0.863376  0.440337  0.736272  0.483365  0.610435  0.504706  0.587305 0.0  0.671277  0.391268  0.720624  0.402242  0.661402  0.203359  0.691650  0.712252  0.494380  0.499058  0.860553  0.665136  0.458947  0.360872  0.753618  0.589983  0.561563  0.325098  0.357200  0.572832  0.573549  0.431249  0.766275  0.412056  0.543056  0.441284 
47  0.656006  0.696303  0.608500  0.606024  0.568735  0.676161  0.661980  0.713530  0.843582  0.593568  0.634163  0.631704  0.754628  0.597888  0.664142  0.573990  0.630340  0.779005  0.617087  0.552921  0.738623  0.533577  0.629105  0.599600  0.599644  0.434105  0.687287  0.700889  0.481362  0.704545  0.647363  0.686775  0.795204  0.614047  0.491007  0.537144  0.697385  0.634942  0.711837  0.697491  0.744341  0.703819  0.684647  0.578860  0.647882  0.747469  0.671277 0.0  0.656949  0.540933  0.676369  0.633326  0.570304  0.559736  0.598372  0.581626  0.815069  0.657387  0.581250  0.587482  0.574019  0.648672  0.593957  0.700891  0.642648  0.691839  0.803634  0.794426  0.696521  0.572117  0.619557  0.756438  0.695654 
48  0.399340  0.268499  0.462913  0.372101  0.380163  0.402850  0.370885  0.426181  0.456082  0.454632  0.452791  0.526675  0.602357  0.776194  0.734326  0.848542  0.351918  0.584475  0.421010  0.558647  0.620413  0.487545  0.392802  0.634183  0.597401  0.603037  0.553738  0.525511  0.551004  0.431576  0.474322  0.661496  0.388141  0.546982  0.777223  0.264346  0.899916  0.430606  0.372501  0.878665  0.327276  0.680760  0.429085  0.570068  0.510450  0.346824  0.391268  0.656949 0.0  0.735250  0.549005  0.639250  0.461059  0.735316  0.625164  0.266952  0.554884  0.760017  0.769155  0.488589  0.542698  0.717454  0.617490  0.702038  0.469753  0.572124  0.578753  0.582252  0.447933  0.633205  0.353755  0.495639  0.593421 
49  0.726264  0.723268  0.660675  0.791476  0.726762  0.610179  0.740657  0.790624  0.616048  0.790392  0.820633  0.772450  0.746269  0.736758  0.655200  0.391198  0.750379  0.537717  0.753815  0.864939  0.870797  0.815946  0.671627  0.643862  0.733740  0.527578  0.697287  0.645060  0.620840  0.736552  0.748980  0.668762  0.710707  0.652083  0.723784  0.746597  0.839522  0.737269  0.707059  0.809510  0.694435  0.788188  0.854011  0.829170  0.549025  0.724293  0.720624  0.540933  0.735250 0.0  0.693408  0.625344  0.757177  0.781719  0.729370  0.693413  0.876261  0.932813  0.649748  0.570289  0.717895  0.816767  0.600913  0.619842  0.766679  0.801762  0.852429  0.807483  0.894943  0.534079  0.813453  0.632864  0.723551 
50  0.445290  0.511388  0.475775  0.592002  0.412136  0.575634  0.557904  0.420966  0.541605  0.574568  0.546322  0.607511  0.352861  0.730593  0.682874  0.631703  0.418420  0.286288  0.425909  0.608750  0.645025  0.430890  0.519037  0.470122  0.479249  0.744852  0.565284  0.543501  0.562393  0.514443  0.519864  0.564416  0.536964  0.506303  0.711055  0.369243  0.928624  0.526364  0.470415  0.890052  0.475535  0.830790  0.661439  0.572817  0.485732  0.469089  0.402242  0.676369  0.549005  0.693408 0.0  0.733044  0.505030  0.698957  0.575322  0.575250  0.632941  0.932321  0.694740  0.603357  0.394045  0.960697  0.345910  0.535721  0.461295  0.477929  0.483647  0.619814  0.535727  0.821790  0.482696  0.386547  0.335799 
51  0.678467  0.644809  0.581333  0.706708  0.610388  0.699018  0.832341  0.661693  0.694218  0.641594  0.576915  0.575203  0.721114  0.604389  0.600152  0.554106  0.575280  0.747702  0.555338  0.597713  0.702437  0.599265  0.764138  0.746354  0.547667  0.551693  0.581679  0.657200  0.616183  0.779460  0.614020  0.660659  0.706613  0.669144  0.619289  0.611320  0.468686  0.661445  0.454283  0.758265  0.700948  0.678679  0.626796  0.736739  0.749920  0.673496  0.661402  0.633326  0.639250  0.625344  0.733044 0.0  0.620544  0.808082  0.787044  0.699911  0.728371  0.527432  0.580024  0.518052  0.678356  0.611421  0.665147  0.638876  0.594602  0.692362  0.745605  0.766471  0.518885  0.737064  0.626206  0.672240  0.657546 
52  0.524883  0.420079  0.373447  0.410846  0.340710  0.471105  0.442067  0.469672  0.564351  0.531026  0.398414  0.384165  0.423144  0.701124  0.779091  0.565450  0.402886  0.454973  0.296592  0.492928  0.653308  0.359504  0.430687  0.680112  0.392645  0.499433  0.598951  0.641582  0.494633  0.535115  0.541317  0.559181  0.417644  0.517570  0.793091  0.353459  0.961098  0.479823  0.413541  0.941542  0.518181  0.703001  0.485861  0.521359  0.525432  0.513223  0.203359  0.570304  0.461059  0.757177  0.505030  0.620544 0.0  0.638527  0.614873  0.508480  0.641011  0.786375  0.565275  0.360811  0.396108  0.812849  0.694291  0.543395  0.320959  0.267918  0.563878  0.519169  0.476590  0.735902  0.490258  0.477440  0.464328 
53  0.584788  0.694611  0.674991  0.508126  0.650824  0.684894  0.714287  0.615128  0.705521  0.604795  0.586288  0.742754  0.736864  0.704602  0.560411  0.712044  0.601158  0.857127  0.571249  0.764183  0.568691  0.684053  0.662747  0.759864  0.729077  0.623116  0.731072  0.721316  0.730918  0.628534  0.664928  0.649096  0.688302  0.705812  0.773518  0.561966  0.630591  0.535465  0.659993  0.757393  0.659847  0.688017  0.653814  0.817799  0.653063  0.638574  0.691650  0.559736  0.735316  0.781719  0.698957  0.808082  0.638527 0.0  0.643800  0.593990  0.589012  0.553125  0.694679  0.614485  0.612047  0.725268  0.771801  0.800991  0.684031  0.639587  0.592674  0.559596  0.644230  0.665284  0.607790  0.830105  0.608639 
