73
0 0.0  0.504163  0.559814  0.523165  0.671401  0.470646  0.730873  0.551251  0.588047  0.687535  0.852461  0.522843  0.371475  0.824498  0.536981  0.331430  0.731422  0.788190  0.517174  0.500339  0.781805  0.498858  0.787001  0.599428  0.682857  0.415695  0.489165  0.689263  0.552388  0.590814  0.365971  0.599437  0.645896  0.456073  0.467993  0.610892  0.344888  0.483811  0.793744  0.457996  0.562078  0.907941  0.491192  0.492420  0.742199  0.398271  0.457581  0.580029  0.543251  0.611515  0.684837  0.527500  0.612209  0.302289  0.639835  0.472055  0.804573  0.642487  0.588712  0.394158  0.445832  0.434690  0.432424  0.550905  0.492335  0.390592  0.543647  0.672944  0.345577  0.494410  0.480473  0.498857  0.479524 
1  0.504163 0.0  0.438415  0.517295  0.621566  0.315806  0.777285  0.410922  0.570748  0.586722  0.707997  0.333115  0.433661  0.721460  0.488306  0.485312  0.731883  0.728885  0.486185  0.411822  0.646838  0.302964  0.879200  0.469748  0.557261  0.310744  0.612468  0.697157  0.524852  0.634723  0.382126  0.583179  0.604122  0.463254  0.329946  0.404390  0.459174  0.510092  0.717718  0.443255  0.518185  0.831468  0.318696  0.416376  0.635467  0.259553  0.498526  0.527330  0.382485  0.418434  0.615103  0.438777  0.458677  0.465177  0.702839  0.306125  0.695465  0.536333  0.476589  0.605202  0.498570  0.480204  0.404681  0.331434  0.590650  0.454979  0.542820  0.624116  0.432462  0.490513  0.366928  0.435970  0.466850 
2  0.559814  0.438415 0.0  0.518008  0.734837  0.383467  0.575823  0.597329  0.569689  0.777216  0.867805  0.332060  0.550561  0.705911  0.397456  0.375049  0.699123  0.887238  0.445098  0.304038  0.782678  0.286171  0.822509  0.528450  0.358681  0.448912  0.543619  0.711213  0.678242  0.647807  0.456475  0.489159  0.734080  0.590182  0.451199  0.299585  0.563805  0.511243  0.755638  0.559971  0.452740  0.812466  0.461488  0.621308  0.770550  0.321987  0.357702  0.417015  0.333450  0.613347  0.685353  0.340371  0.328456  0.512954  0.678415  0.437616  0.783568  0.694926  0.246815  0.504862  0.453289  0.488835  0.513575  0.380757  0.430353  0.586584  0.628765  0.314288  0.515493  0.553539  0.512725  0.596146  0.488354 
3  0.523165  0.517295  0.518008 0.0  0.658829  0.555440  0.669580  0.552662  0.587567  0.680629  0.794886  0.449869  0.508956  0.766650  0.414502  0.383021  0.850074  0.854186  0.178751  0.555766  0.717873  0.483800  0.872827  0.583427  0.527142  0.412045  0.299073  0.714746  0.662998  0.781733  0.409333  0.580921  0.584992  0.445363  0.459019  0.493345  0.474922  0.329156  0.669420  0.545364  0.353728  0.919951  0.550092  0.447737  0.622327  0.444483  0.509347  0.656404  0.539274  0.486013  0.602035  0.550230  0.470317  0.451874  0.729284  0.476144  0.752694  0.661780  0.649988  0.244441  0.466499  0.457132  0.358683  0.506408  0.534735  0.393403  0.347457  0.403818  0.288659  0.715183  0.447197  0.468827  0.437967 
4  0.671401  0.621566  0.734837  0.658829 0.0  0.512541  0.650223  0.545156  0.579615  0.704597  0.598769  0.595662  0.680789  0.605694  0.762792  0.746592  0.488582  0.698120  0.651879  0.654114  0.592204  0.694230  0.738791  0.808031  0.693541  0.586623  0.781376  0.652320  0.561570  0.587980  0.673048  0.649838  0.673041  0.542704  0.692159  0.699164  0.619046  0.666765  0.742018  0.666554  0.647658  0.639801  0.585165  0.519415  0.654627  0.639762  0.647726  0.613887  0.528193  0.638204  0.592763  0.570583  0.706838  0.633028  0.647303  0.705374  0.601491  0.636643  0.746722  0.666965  0.643621  0.579580  0.580724  0.709685  0.818337  0.620102  0.586519  0.619633  0.596509  0.546629  0.619045  0.562803  0.603069 
5  0.470646  0.315806  0.383467  0.555440  0.512541 0.0  0.580607  0.593820  0.458620  0.644835  0.656491  0.348511  0.367212  0.828868  0.521555  0.522318  0.642322  0.649624  0.493108  0.444450  0.668281  0.477965  0.678511  0.564778  0.513995  0.375567  0.467071  0.649935  0.634513  0.520795  0.424753  0.608641  0.457394  0.360121  0.416770  0.459843  0.333527  0.373056  0.583031  0.290091  0.476761  0.691410  0.386656  0.515876  0.606392  0.397796  0.495548  0.457506  0.373984  0.491661  0.483744  0.490406  0.504507  0.390058  0.523823  0.349497  0.685132  0.684799  0.555788  0.395111  0.366172  0.356589  0.404180  0.376704  0.506616  0.419873  0.482465  0.456203  0.374533  0.451815  0.362032  0.626559  0.374931 
6  0.730873  0.777285  0.575823  0.669580  0.650223  0.580607 0.0  0.619462  0.679995  0.587807  0.764680  0.537233  0.811836  0.774659  0.644832  0.669276  0.640262  0.793419  0.596341  0.635431  0.618607  0.533420  0.769564  0.554697  0.629758  0.602869  0.607155  0.705280  0.506574  0.580787  0.645614  0.544205  0.567061  0.577755  0.620234  0.544611  0.667311  0.635331  0.372963  0.734314  0.567651  0.774779  0.648541  0.563389  0.653142  0.662214  0.687739  0.555138  0.587341  0.478625  0.549635  0.605713  0.578813  0.717547  0.660579  0.628181  0.660178  0.582068  0.650568  0.564944  0.715554  0.633257  0.677700  0.661006  0.621535  0.690678  0.815225  0.584860  0.624455  0.570819  0.482596  0.770378  0.648377 
7  0.551251  0.410922  0.597329  0.552662  0.545156  0.593820  0.619462 0.0  0.673742  0.599539  0.784882  0.276541  0.378421  0.733655  0.326677  0.479415  0.706121  0.755534  0.464377  0.366597  0.715926  0.442250  0.749157  0.549619  0.500994  0.365153  0.536767  0.696781  0.622176  0.560251  0.268440  0.550621  0.633629  0.489995  0.424470  0.429887  0.521331  0.358565  0.625309  0.506313  0.487545  0.831591  0.331520  0.447821  0.611640  0.196576  0.363838  0.509706  0.399666  0.417926  0.534127  0.525529  0.489046  0.467045  0.644908  0.351632  0.666593  0.620334  0.483869  0.387489  0.389789  0.493000  0.296608  0.346102  0.543248  0.365448  0.554957  0.419742  0.494154  0.515600  0.236333  0.445719  0.288561 
8  0.588047  0.570748  0.569689  0.587567  0.579615  0.458620  0.679995  0.673742 0.0  0.616415  0.760244  0.576821  0.601671  0.590140  0.599020  0.596210  0.713200  0.757650  0.528399  0.663564  0.695461  0.554187  0.704426  0.374705  0.484873  0.586229  0.520615  0.621975  0.605709  0.575416  0.532503  0.493632  0.534106  0.479145  0.622922  0.577090  0.611875  0.509752  0.636172  0.491107  0.516296  0.778118  0.587102  0.375004  0.702097  0.641478  0.524773  0.360774  0.471426  0.407580  0.565970  0.449767  0.544010  0.625750  0.586457  0.588070  0.786303  0.584273  0.618725  0.623905  0.542193  0.603493  0.520666  0.695278  0.701572  0.451320  0.541420  0.598502  0.565533  0.295386  0.495389  0.710329  0.446441 
9  0.687535  0.586722  0.777216  0.680629  0.704597  0.644835  0.587807  0.599539  0.616415 0.0  0.769859  0.678714  0.632108  0.834151  0.714328  0.585575  0.638682  0.785031  0.713051  0.661547  0.698674  0.684412  0.784835  0.630938  0.810739  0.560562  0.719646  0.704592  0.523572  0.521895  0.582498  0.506834  0.590941  0.617284  0.651333  0.695113  0.648811  0.786314  0.566941  0.626726  0.706358  0.791522  0.727197  0.447735  0.648146  0.557268  0.663265  0.681642  0.680494  0.673277  0.347289  0.671703  0.711690  0.727234  0.640777  0.631583  0.663448  0.590085  0.737585  0.548201  0.584992  0.735841  0.636368  0.685387  0.670303  0.495882  0.692995  0.632509  0.599551  0.537656  0.639010  0.723204  0.630070 
10  0.852461  0.707997  0.867805  0.794886  0.598769  0.656491  0.764680  0.784882  0.760244  0.769859 0.0  0.627498  0.734253  0.427508  0.798996  0.648105  0.546850  0.485894  0.886966  0.813171  0.671667  0.876907  0.672111  0.791234  0.848370  0.663883  0.933040  0.818629  0.718534  0.716079  0.765689  0.703992  0.847590  0.743851  0.923761  0.896280  0.734413  0.947008  0.786061  0.717655  0.809143  0.580959  0.747342  0.739253  0.681989  0.714059  0.820651  0.893813  0.714026  0.686469  0.782016  0.900715  0.831347  0.694736  0.500395  0.797857  0.696794  0.796436  0.890462  0.849179  0.683871  0.689513  0.857250  0.749849  0.909464  0.724764  0.835278  0.800553  0.799636  0.740461  0.753461  0.514719  0.718042 
11  0.522843  0.333115  0.332060  0.449869  0.595662  0.348511  0.537233  0.276541  0.576821  0.678714  0.627498 0.0  0.456195  0.705145  0.312016  0.346603  0.694123  0.722929  0.464691  0.257405  0.722274  0.428929  0.732905  0.555549  0.346212  0.264581  0.515609  0.747304  0.697564  0.651004  0.284135  0.603213  0.487383  0.360171  0.424662  0.352104  0.392956  0.502737  0.689153  0.365731  0.428434  0.679192  0.294990  0.452210  0.658222  0.275752  0.347806  0.537080  0.252485  0.452548  0.648517  0.412870  0.338790  0.462365  0.500941  0.315384  0.874801  0.567114  0.390298  0.356396  0.425636  0.410213  0.276655  0.433166  0.593105  0.489941  0.539762  0.416280  0.420113  0.411049  0.386715  0.426790  0.247435 
12  0.371475  0.433661  0.550561  0.508956  0.680789  0.367212  0.811836  0.378421  0.601671  0.632108  0.734253  0.456195 0.0  0.687970  0.482913  0.344788  0.811900  0.753872  0.356063  0.441833  0.833048  0.624117  0.774513  0.481579  0.373541  0.381396  0.367537  0.536362  0.569481  0.697972  0.296623  0.632207  0.579689  0.334528  0.429493  0.538377  0.465084  0.364535  0.683640  0.377716  0.471726  0.784016  0.456453  0.509338  0.666519  0.405521  0.502249  0.585532  0.330912  0.630212  0.598644  0.503949  0.452537  0.448501  0.528383  0.438147  0.632477  0.622285  0.534723  0.342689  0.420512  0.363037  0.239327  0.497758  0.426197  0.542887  0.512999  0.560745  0.276309  0.516179  0.378775  0.457915  0.462378 
13  0.824498  0.721460  0.705911  0.766650  0.605694  0.828868  0.774659  0.733655  0.590140  0.834151  0.427508  0.705145  0.687970 0.0  0.742534  0.743168  0.443661  0.398498  0.763718  0.822663  0.650545  0.756317  0.760984  0.547147  0.756084  0.770635  0.737217  0.793229  0.712301  0.720705  0.768173  0.654873  0.739225  0.768041  0.687722  0.863976  0.733603  0.844554  0.690203  0.798068  0.866400  0.586686  0.790031  0.760736  0.681562  0.785697  0.751009  0.720393  0.727696  0.700241  0.689130  0.711892  0.772198  0.885865  0.627879  0.776870  0.444717  0.711557  0.810843  0.831515  0.696241  0.738441  0.809891  0.737269  0.791033  0.703959  0.703312  0.730120  0.750979  0.786696  0.783020  0.576704  0.790639 
14  0.536981  0.488306  0.397456  0.414502  0.762792  0.521555  0.644832  0.326677  0.599020  0.714328  0.798996  0.312016  0.482913  0.742534 0.0  0.584030  0.844978  0.809456  0.502961  0.241342  0.725519  0.328551  0.826187  0.449588  0.451239  0.395237  0.465121  0.743228  0.768185  0.672298  0.504702  0.599579  0.654989  0.530988  0.476108  0.424545  0.440478  0.571244  0.600360  0.676142  0.515160  0.787565  0.438449  0.475471  0.674727  0.334130  0.275311  0.516770  0.529398  0.573793  0.668504  0.380100  0.262517  0.636329  0.618678  0.395818  0.736923  0.794683  0.341495  0.508456  0.502172  0.514071  0.379158  0.502368  0.328794  0.467549  0.604169  0.484195  0.511407  0.511391  0.476256  0.535663  0.359559 
15  0.331430  0.485312  0.375049  0.383021  0.746592  0.522318  0.669276  0.479415  0.596210  0.585575  0.648105  0.346603  0.344788  0.743168  0.584030 0.0  0.674365  0.820459  0.403059  0.426818  0.762081  0.603581  0.725443  0.666630  0.468699  0.464817  0.327553  0.588297  0.655028  0.608616  0.421963  0.638358  0.531132  0.447849  0.449964  0.501331  0.362132  0.438743  0.666341  0.488089  0.531034  0.768316  0.412149  0.481277  0.729875  0.417566  0.472498  0.468127  0.496703  0.507440  0.578604  0.580782  0.449385  0.457679  0.663322  0.389320  0.668334  0.630254  0.536972  0.267515  0.444221  0.414890  0.434682  0.481349  0.501823  0.356120  0.498949  0.671765  0.336477  0.526481  0.385652  0.596655  0.452166 
16  0.731422  0.731883  0.699123  0.850074  0.488582  0.642322  0.640262  0.706121  0.713200  0.638682  0.546850  0.694123  0.811900  0.443661  0.844978  0.674365 0.0  0.611384  0.885124  0.831567  0.705054  0.807422  0.750561  0.644267  0.900555  0.707093  0.845427  0.818988  0.806586  0.653803  0.787842  0.850380  0.689666  0.741417  0.698526  0.756328  0.707366  0.981623  0.672054  0.748530  0.849679  0.462784  0.736186  0.682229  0.600633  0.704998  0.860285  0.748390  0.874739  0.798409  0.616172  0.800224  0.816430  0.875290  0.406584  0.759460  0.471445  0.625997  0.810773  0.811082  0.813842  0.687763  0.767794  0.723171  0.822338  0.727593  0.877919  0.813629  0.814888  0.658361  0.776929  0.627463  0.749412 
17  0.788190  0.728885  0.887238  0.854186  0.698120  0.649624  0.793419  0.755534  0.757650  0.785031  0.485894  0.722929  0.753872  0.398498  0.809456  0.820459  0.611384 0.0  1.000000  0.778928  0.598748  0.941757  0.617773  0.690274  0.833630  0.762511  0.789618  0.721404  0.665966  0.827296  0.768004  0.741457  0.768792  0.664896  0.645426  0.793492  0.869297  0.927904  0.833199  0.929010  0.760849  0.520854  0.743782  0.664836  0.799682  0.851291  0.778116  0.711481  0.768125  0.679083  0.869429  0.796695  0.851026  0.880226  0.563131  0.821232  0.509250  0.736972  0.858189  0.777517  0.816715  0.774830  0.832035  0.745644  0.790221  0.649809  0.623623  0.822130  0.780058  0.730624  0.780931  0.841995  0.774546 
18  0.517174  0.486185  0.445098  0.178751  0.651879  0.493108  0.596341  0.464377  0.528399  0.713051  0.886966  0.464691  0.356063  0.763718  0.502961  0.403059  0.885124  1.000000 0.0  0.554496  0.777549  0.542003  0.767012  0.503304  0.522280  0.597972  0.320114  0.706403  0.611137  0.625801  0.444031  0.443141  0.675411  0.476673  0.422219  0.415513  0.469322  0.345005  0.831360  0.415637  0.493398  0.737744  0.521341  0.493591  0.622780  0.502014  0.441670  0.603908  0.494367  0.583749  0.662550  0.483431  0.497327  0.475193  0.585166  0.536058  0.631379  0.728936  0.470037  0.347269  0.472203  0.490043  0.411320  0.445324  0.438900  0.456653  0.536069  0.514328  0.464761  0.623551  0.471729  0.647459  0.485301 
19  0.500339  0.411822  0.304038  0.555766  0.654114  0.444450  0.635431  0.366597  0.663564  0.661547  0.813171  0.257405  0.441833  0.822663  0.241342  0.426818  0.831567  0.778928  0.554496 0.0  0.718947  0.365917  0.822310  0.604034  0.391589  0.317511  0.485828  0.711641  0.605086  0.706067  0.484618  0.497872  0.593518  0.413711  0.490148  0.401929  0.432717  0.469325  0.601670  0.549594  0.561495  0.671594  0.369920  0.548373  0.706202  0.375140  0.395855  0.523083  0.465482  0.449023  0.698902  0.325555  0.426664  0.499481  0.784544  0.465851  0.633027  0.683401  0.320092  0.432816  0.323891  0.547707  0.493394  0.378256  0.431616  0.382210  0.587625  0.443710  0.526053  0.648493  0.409532  0.445645  0.342074 
20  0.781805  0.646838  0.782678  0.717873  0.592204  0.668281  0.618607  0.715926  0.695461  0.698674  0.671667  0.722274  0.833048  0.650545  0.725519  0.762081  0.705054  0.598748  0.777549  0.718947 0.0  0.673143  0.695228  0.717783  0.644757  0.846957  0.794789  0.718547  0.604851  0.721116  0.767834  0.544009  0.704402  0.791460  0.819761  0.693316  0.785729  0.650742  0.669600  0.878400  0.739259  0.759496  0.776629  0.666274  0.617011  0.648829  0.625829  0.726419  0.698426  0.697504  0.568140  0.724519  0.643242  0.873224  0.686665  0.660611  0.718848  0.590596  0.727656  0.799193  0.713472  0.701914  0.719494  0.668828  0.910481  0.653758  0.811850  0.750852  0.720685  0.620524  0.615193  0.606938  0.682604 
21  0.498858  0.302964  0.286171  0.483800  0.694230  0.477965  0.533420  0.442250  0.554187  0.684412  0.876907  0.428929  0.624117  0.756317  0.328551  0.603581  0.807422  0.941757  0.542003  0.365917  0.673143 0.0  0.817159  0.470210  0.428674  0.398140  0.669188  0.831335  0.777023  0.709187  0.365181  0.690413  0.730021  0.478536  0.513441  0.344907  0.559707  0.456049  0.566286  0.629262  0.445149  0.707671  0.518137  0.597458  0.669134  0.443014  0.375035  0.465220  0.395449  0.483764  0.614358  0.224949  0.356962  0.533748  0.558865  0.478957  0.771621  0.669709  0.353107  0.460098  0.502071  0.584838  0.485978  0.460447  0.374456  0.556221  0.655328  0.321447  0.566940  0.554479  0.426420  0.688045  0.474486 
22  0.787001  0.879200  0.822509  0.872827  0.738791  0.678511  0.769564  0.749157  0.704426  0.784835  0.672111  0.732905  0.774513  0.760984  0.826187  0.725443  0.750561  0.617773  0.767012  0.822310  0.695228  0.817159 0.0  0.915945  0.770053  0.847631  0.799132  0.706288  0.723007  0.650703  0.637819  0.742266  0.797965  0.827775  0.684754  0.715938  0.786576  0.893933  0.779136  0.763263  0.906603  0.602404  0.817246  0.684479  0.812653  0.723183  0.753729  0.828408  0.730964  0.763678  0.579977  0.814784  0.714622  0.861070  0.705066  0.784759  0.777914  0.668140  0.808073  0.815324  0.691152  0.849325  0.814815  0.812528  0.809411  0.798340  0.637751  0.803052  0.728671  0.734963  0.663054  0.720983  0.714264 
23  0.599428  0.469748  0.528450  0.583427  0.808031  0.564778  0.554697  0.549619  0.374705  0.630938  0.791234  0.555549  0.481579  0.547147  0.449588  0.666630  0.644267  0.690274  0.503304  0.604034  0.717783  0.470210  0.915945 0.0  0.407217  0.639628  0.586688  0.802604  0.684426  0.719064  0.579127  0.583432  0.538485  0.470350  0.557678  0.438965  0.516970  0.420833  0.527680  0.559987  0.517637  0.747602  0.490510  0.349893  0.531664  0.388655  0.397704  0.370428  0.522655  0.497466  0.711158  0.584048  0.380776  0.568982  0.628328  0.525181  0.707234  0.631816  0.425896  0.617803  0.644470  0.551450  0.576110  0.437859  0.478109  0.550687  0.795258  0.381335  0.492569  0.447758  0.496839  0.563465  0.539919 
24  0.682857  0.557261  0.358681  0.527142  0.693541  0.513995  0.629758  0.500994  0.484873  0.810739  0.848370  0.346212  0.373541  0.756084  0.451239  0.468699  0.900555  0.833630  0.522280  0.391589  0.644757  0.428674  0.770053  0.407217 0.0  0.446720  0.621842  0.626971  0.638924  0.720372  0.410769  0.428325  0.555937  0.491726  0.409387  0.376595  0.559803  0.434516  0.698861  0.522216  0.448149  0.733378  0.453665  0.542307  0.684991  0.428671  0.328117  0.448085  0.430933  0.583416  0.704900  0.376526  0.380384  0.600422  0.612889  0.613532  0.684607  0.632141  0.314635  0.484381  0.459230  0.564839  0.468936  0.412235  0.461956  0.454879  0.545488  0.497735  0.586196  0.639931  0.428661  0.518567  0.417747 
25  0.415695  0.310744  0.448912  0.412045  0.586623  0.375567  0.602869  0.365153  0.586229  0.560562  0.663883  0.264581  0.381396  0.770635  0.395237  0.464817  0.707093  0.762511  0.597972  0.317511  0.846957  0.398140  0.847631  0.639628  0.446720 0.0  0.512165  0.659412  0.648418  0.578160  0.385252  0.577789  0.483714  0.378034  0.291417  0.438457  0.469420  0.519821  0.636015  0.452835  0.445359  0.799572  0.271705  0.400363  0.760290  0.433951  0.336292  0.521409  0.287210  0.598349  0.535999  0.317879  0.335329  0.534230  0.691182  0.333457  0.749869  0.651033  0.391068  0.474355  0.450630  0.423153  0.435227  0.161471  0.482196  0.372029  0.640653  0.362404  0.417991  0.483402  0.488900  0.500473  0.371798 
26  0.489165  0.612468  0.543619  0.299073  0.781376  0.467071  0.607155  0.536767  0.520615  0.719646  0.933040  0.515609  0.367537  0.737217  0.465121  0.327553  0.845427  0.789618  0.320114  0.485828  0.794789  0.669188  0.799132  0.586688  0.621842  0.512165 0.0  0.635940  0.628084  0.563745  0.521119  0.695977  0.718466  0.498736  0.464591  0.518785  0.499218  0.223846  0.714565  0.451248  0.275550  0.759941  0.557972  0.555563  0.688404  0.610279  0.545218  0.501328  0.494037  0.533019  0.659682  0.457175  0.508863  0.584837  0.727664  0.623838  0.771490  0.749909  0.509757  0.394399  0.509682  0.508879  0.474917  0.580245  0.402750  0.556902  0.580145  0.580276  0.378035  0.573434  0.529091  0.596361  0.548585 
27  0.689263  0.697157  0.711213  0.714746  0.652320  0.649935  0.705280  0.696781  0.621975  0.704592  0.818629  0.747304  0.536362  0.793229  0.743228  0.588297  0.818988  0.721404  0.706403  0.711641  0.718547  0.831335  0.706288  0.802604  0.626971  0.659412  0.635940 0.0  0.612954  0.584317  0.592627  0.514381  0.607081  0.752484  0.676350  0.732849  0.714150  0.714643  0.597718  0.626824  0.687250  0.816100  0.637702  0.538977  0.572906  0.631612  0.730348  0.738316  0.566472  0.686894  0.528381  0.723224  0.832226  0.636483  0.586549  0.714825  0.693351  0.603944  0.733600  0.617472  0.685464  0.633460  0.571804  0.721594  0.736173  0.635732  0.780159  0.746531  0.609140  0.679678  0.523556  0.808081  0.619568 
28  0.552388  0.524852  0.678242  0.662998  0.561570  0.634513  0.506574  0.622176  0.605709  0.523572  0.718534  0.697564  0.569481  0.712301  0.768185  0.655028  0.806586  0.665966  0.611137  0.605086  0.604851  0.777023  0.723007  0.684426  0.638924  0.648418  0.628084  0.612954 0.0  0.336653  0.642987  0.504562  0.620587  0.573224  0.593867  0.779168  0.618125  0.759886  0.571467  0.683834  0.665008  0.517003  0.565521  0.533717  0.593746  0.684653  0.687620  0.642662  0.591550  0.591032  0.509527  0.627124  0.714830  0.722010  0.537028  0.554341  0.663850  0.485054  0.534182  0.569604  0.588346  0.505500  0.564239  0.642390  0.681092  0.597641  0.771469  0.621346  0.637571  0.649253  0.628788  0.713808  0.587805 
29  0.590814  0.634723  0.647807  0.781733  0.587980  0.520795  0.580787  0.560251  0.575416  0.521895  0.716079  0.651004  0.697972  0.720705  0.672298  0.608616  0.653803  0.827296  0.625801  0.706067  0.721116  0.709187  0.650703  0.719064  0.720372  0.578160  0.563745  0.584317  0.336653 0.0  0.634680  0.544521  0.548100  0.597493  0.679106  0.661730  0.731544  0.698270  0.488237  0.645366  0.674177  0.719562  0.481812  0.479028  0.609131  0.602063  0.599581  0.620250  0.618112  0.630768  0.604767  0.676619  0.599018  0.644534  0.471549  0.467176  0.522850  0.414332  0.680030  0.450285  0.670270  0.620171  0.635561  0.711883  0.703699  0.664272  0.722755  0.618255  0.547540  0.557852  0.551524  0.729890  0.602904 
30  0.365971  0.382126  0.456475  0.409333  0.673048  0.424753  0.645614  0.268440  0.532503  0.582498  0.765689  0.284135  0.296623  0.768173  0.504702  0.421963  0.787842  0.768004  0.444031  0.484618  0.767834  0.365181  0.637819  0.579127  0.410769  0.385252  0.521119  0.592627  0.642987  0.634680 0.0  0.487691  0.515710  0.507554  0.440945  0.394623  0.470784  0.459012  0.693300  0.464493  0.598607  0.733368  0.317750  0.597756  0.693709  0.289101  0.479919  0.587724  0.461513  0.487032  0.636012  0.393759  0.449290  0.432066  0.508859  0.326079  0.644180  0.658540  0.429333  0.332575  0.262360  0.516629  0.429470  0.346327  0.426654  0.474232  0.505284  0.476080  0.351156  0.493306  0.285766  0.531044  0.355065 
31  0.599437  0.583179  0.489159  0.580921  0.649838  0.608641  0.544205  0.550621  0.493632  0.506834  0.703992  0.603213  0.632207  0.654873  0.599579  0.638358  0.850380  0.741457  0.443141  0.497872  0.544009  0.690413  0.742266  0.583432  0.428325  0.577789  0.695977  0.514381  0.504562  0.544521  0.487691 0.0  0.583459  0.459182  0.614579  0.535341  0.551190  0.561493  0.555502  0.587490  0.438863  0.634984  0.576344  0.563002  0.574276  0.506089  0.597005  0.680182  0.609879  0.538276  0.482004  0.566092  0.502729  0.567132  0.538184  0.575025  0.625567  0.470365  0.601037  0.683804  0.655590  0.554413  0.487362  0.619850  0.624001  0.564910  0.806492  0.502443  0.572023  0.488260  0.676438  0.753791  0.538784 
32  0.645896  0.604122  0.734080  0.584992  0.673041  0.457394  0.567061  0.633629  0.534106  0.590941  0.847590  0.487383  0.579689  0.739225  0.654989  0.531132  0.689666  0.768792  0.675411  0.593518  0.704402  0.730021  0.797965  0.538485  0.555937  0.483714  0.718466  0.607081  0.620587  0.548100  0.515710  0.583459 0.0  0.448357  0.497191  0.655188  0.699682  0.638181  0.645067  0.575086  0.582800  0.699960  0.596118  0.511440  0.713126  0.524842  0.589242  0.564852  0.592375  0.423263  0.517807  0.657521  0.681887  0.617218  0.619815  0.564525  0.766067  0.641639  0.659820  0.516450  0.571654  0.560672  0.645803  0.627115  0.672600  0.531470  0.636435  0.589815  0.543821  0.406488  0.445069  0.644554  0.553809 
33  0.456073  0.463254  0.590182  0.445363  0.542704  0.360121  0.577755  0.489995  0.479145  0.617284  0.743851  0.360171  0.334528  0.768041  0.530988  0.447849  0.741417  0.664896  0.476673  0.413711  0.791460  0.478536  0.827775  0.470350  0.491726  0.378034  0.498736  0.752484  0.573224  0.597493  0.507554  0.459182  0.448357 0.0  0.286816  0.562945  0.371372  0.526404  0.531469  0.448442  0.475060  0.588113  0.264050  0.420952  0.622554  0.400769  0.418145  0.467938  0.432967  0.502576  0.670906  0.537399  0.443895  0.418215  0.507910  0.382359  0.701920  0.554036  0.410146  0.467194  0.474399  0.254585  0.373222  0.445452  0.518727  0.287262  0.507805  0.364281  0.423193  0.522812  0.478894  0.381219  0.424149 
34  0.467993  0.329946  0.451199  0.459019  0.692159  0.416770  0.620234  0.424470  0.622922  0.651333  0.923761  0.424662  0.429493  0.687722  0.476108  0.449964  0.698526  0.645426  0.422219  0.490148  0.819761  0.513441  0.684754  0.557678  0.409387  0.291417  0.464591  0.676350  0.593867  0.679106  0.440945  0.614579  0.497191  0.286816 0.0  0.479944  0.366628  0.454286  0.703463  0.414180  0.523595  0.705304  0.384534  0.478240  0.636224  0.302762  0.425972  0.589971  0.550718  0.636586  0.564854  0.420846  0.490347  0.370594  0.690995  0.456631  0.625839  0.640292  0.508897  0.443742  0.307361  0.290969  0.423172  0.445715  0.460119  0.402073  0.529343  0.527552  0.283115  0.520344  0.489080  0.558588  0.329561 
35  0.610892  0.404390  0.299585  0.493345  0.699164  0.459843  0.544611  0.429887  0.577090  0.695113  0.896280  0.352104  0.538377  0.863976  0.424545  0.501331  0.756328  0.793492  0.415513  0.401929  0.693316  0.344907  0.715938  0.438965  0.376595  0.438457  0.518785  0.732849  0.779168  0.661730  0.394623  0.535341  0.655188  0.562945  0.479944 0.0  0.496242  0.462319  0.737435  0.633924  0.384719  0.878636  0.500297  0.392691  0.672821  0.405078  0.329008  0.624295  0.459191  0.466939  0.643398  0.346775  0.240813  0.643620  0.667345  0.515990  0.768853  0.690379  0.303131  0.560358  0.472050  0.497975  0.506286  0.467313  0.427331  0.523082  0.636764  0.516676  0.398229  0.483963  0.468588  0.512055  0.375340 
36  0.344888  0.459174  0.563805  0.474922  0.619046  0.333527  0.667311  0.521331  0.611875  0.648811  0.734413  0.392956  0.465084  0.733603  0.440478  0.362132  0.707366  0.869297  0.469322  0.432717  0.785729  0.559707  0.786576  0.516970  0.559803  0.469420  0.499218  0.714150  0.618125  0.731544  0.470784  0.551190  0.699682  0.371372  0.366628  0.496242 0.0  0.433004  0.620367  0.304564  0.474381  0.597949  0.421499  0.469293  0.634150  0.299713  0.463265  0.586049  0.437921  0.576998  0.649177  0.464919  0.422773  0.344867  0.547675  0.449276  0.716838  0.612726  0.519226  0.240449  0.371082  0.274702  0.426058  0.392614  0.513486  0.374388  0.525950  0.639774  0.473445  0.421486  0.407593  0.580014  0.384308 
37  0.483811  0.510092  0.511243  0.329156  0.666765  0.373056  0.635331  0.358565  0.509752  0.786314  0.947008  0.502737  0.364535  0.844554  0.571244  0.438743  0.981623  0.927904  0.345005  0.469325  0.650742  0.456049  0.893933  0.420833  0.434516  0.519821  0.223846  0.714643  0.759886  0.698270  0.459012  0.561493  0.638181  0.526404  0.454286  0.462319  0.433004 0.0  0.722014  0.479003  0.364137  0.901001  0.415816  0.443823  0.677057  0.454688  0.507415  0.462447  0.443459  0.626667  0.638246  0.450446  0.521300  0.495247  0.709720  0.570090  0.717038  0.764748  0.542097  0.400662  0.461513  0.526747  0.274484  0.396145  0.413683  0.479268  0.462018  0.493040  0.347178  0.651405  0.464677  0.566043  0.574575 
38  0.793744  0.717718  0.755638  0.669420  0.742018  0.583031  0.372963  0.625309  0.636172  0.566941  0.786061  0.689153  0.683640  0.690203  0.600360  0.666341  0.672054  0.833199  0.831360  0.601670  0.669600  0.566286  0.779136  0.527680  0.698861  0.636015  0.714565  0.597718  0.571467  0.488237  0.693300  0.555502  0.645067  0.531469  0.703463  0.737435  0.620367  0.722014 0.0  0.763839  0.597034  0.727744  0.629322  0.404343  0.576714  0.549974  0.669207  0.547545  0.665408  0.612475  0.428302  0.736238  0.740122  0.606993  0.482395  0.669356  0.734116  0.492932  0.740590  0.714411  0.670748  0.573251  0.737374  0.630303  0.737874  0.614450  0.715945  0.689581  0.627872  0.538925  0.596314  0.698943  0.719366 
39  0.457996  0.443255  0.559971  0.545364  0.666554  0.290091  0.734314  0.506313  0.491107  0.626726  0.717655  0.365731  0.377716  0.798068  0.676142  0.488089  0.748530  0.929010  0.415637  0.549594  0.878400  0.629262  0.763263  0.559987  0.522216  0.452835  0.451248  0.626824  0.683834  0.645366  0.464493  0.587490  0.575086  0.448442  0.414180  0.633924  0.304564  0.479003  0.763839 0.0  0.491191  0.632911  0.505587  0.431796  0.716266  0.413786  0.548426  0.616549  0.574957  0.447771  0.614525  0.515008  0.573234  0.266944  0.621201  0.489594  0.758269  0.783279  0.495015  0.358256  0.526943  0.439018  0.414865  0.367570  0.437160  0.464813  0.609543  0.560000  0.432627  0.558280  0.357131  0.594508  0.408277 
40  0.562078  0.518185  0.452740  0.353728  0.647658  0.476761  0.567651  0.487545  0.516296  0.706358  0.809143  0.428434  0.471726  0.866400  0.515160  0.531034  0.849679  0.760849  0.493398  0.561495  0.739259  0.445149  0.906603  0.517637  0.448149  0.445359  0.275550  0.687250  0.665008  0.674177  0.598607  0.438863  0.582800  0.475060  0.523595  0.384719  0.474381  0.364137  0.597034  0.491191 0.0  0.889770  0.506771  0.549622  0.634690  0.523780  0.497721  0.517722  0.494938  0.664553  0.716647  0.435703  0.546899  0.388740  0.607160  0.539163  0.735941  0.684209  0.593330  0.379868  0.485507  0.436094  0.453683  0.551504  0.494433  0.582112  0.550756  0.502629  0.330645  0.593092  0.449230  0.499983  0.596375 
41  0.907941  0.831468  0.812466  0.919951  0.639801  0.691410  0.774779  0.831591  0.778118  0.791522  0.580959  0.679192  0.784016  0.586686  0.787565  0.768316  0.462784  0.520854  0.737744  0.671594  0.759496  0.707671  0.602404  0.747602  0.733378  0.799572  0.759941  0.816100  0.517003  0.719562  0.733368  0.634984  0.699960  0.588113  0.705304  0.878636  0.597949  0.901001  0.727744  0.632911  0.889770 0.0  0.716630  0.623971  0.801150  0.659834  0.771450  0.826272  0.872916  0.706984  0.675135  0.904613  0.775601  0.781519  0.584956  0.778337  0.490284  0.676928  0.849449  0.736714  0.754097  0.770569  0.697537  0.741274  0.744665  0.667219  0.559609  0.762062  0.803696  0.725449  0.662075  0.753670  0.721959 
42  0.491192  0.318696  0.461488  0.550092  0.585165  0.386656  0.648541  0.331520  0.587102  0.727197  0.747342  0.294990  0.456453  0.790031  0.438449  0.412149  0.736186  0.743782  0.521341  0.369920  0.776629  0.518137  0.817246  0.490510  0.453665  0.271705  0.557972  0.637702  0.565521  0.481812  0.317750  0.576344  0.596118  0.264050  0.384534  0.500297  0.421499  0.415816  0.629322  0.505587  0.506771  0.716630 0.0  0.336685  0.612687  0.333221  0.486621  0.570961  0.327107  0.526749  0.487351  0.525953  0.470100  0.529309  0.545310  0.291490  0.630163  0.650426  0.471011  0.379515  0.429063  0.415589  0.498600  0.323459  0.427820  0.428102  0.378866  0.552582  0.402506  0.623475  0.177735  0.561909  0.262631 
43  0.492420  0.416376  0.621308  0.447737  0.519415  0.515876  0.563389  0.447821  0.375004  0.447735  0.739253  0.452210  0.509338  0.760736  0.475471  0.481277  0.682229  0.664836  0.493591  0.548373  0.666274  0.597458  0.684479  0.349893  0.542307  0.400363  0.555563  0.538977  0.533717  0.479028  0.597756  0.563002  0.511440  0.420952  0.478240  0.392691  0.469293  0.443823  0.404343  0.431796  0.549622  0.623971  0.336685 0.0  0.547927  0.409330  0.492550  0.529608  0.412795  0.518333  0.625894  0.463121  0.521892  0.475037  0.459493  0.458245  0.707388  0.470595  0.451327  0.316299  0.402214  0.348191  0.488017  0.494406  0.592650  0.397882  0.608910  0.572632  0.390705  0.325064  0.537244  0.725441  0.415136 
44  0.742199  0.635467  0.770550  0.622327  0.654627  0.606392  0.653142  0.611640  0.702097  0.648146  0.681989  0.658222  0.666519  0.681562  0.674727  0.729875  0.600633  0.799682  0.622780  0.706202  0.617011  0.669134  0.812653  0.531664  0.684991  0.760290  0.688404  0.572906  0.593746  0.609131  0.693709  0.574276  0.713126  0.622554  0.636224  0.672821  0.634150  0.677057  0.576714  0.716266  0.634690  0.801150  0.612687  0.547927 0.0  0.657465  0.583628  0.598508  0.636343  0.613978  0.617997  0.609530  0.697725  0.701402  0.533937  0.636509  0.668372  0.643456  0.638999  0.671041  0.695992  0.683191  0.860054  0.583191  0.696045  0.600441  0.904495  0.729199  0.684136  0.638798  0.667011  0.868027  0.581917 
45  0.398271  0.259553  0.321987  0.444483  0.639762  0.397796  0.662214  0.196576  0.641478  0.557268  0.714059  0.275752  0.405521  0.785697  0.334130  0.417566  0.704998  0.851291  0.502014  0.375140  0.648829  0.443014  0.723183  0.388655  0.428671  0.433951  0.610279  0.631612  0.684653  0.602063  0.289101  0.506089  0.524842  0.400769  0.302762  0.405078  0.299713  0.454688  0.549974  0.413786  0.523780  0.659834  0.333221  0.409330  0.657465 0.0  0.376398  0.626058  0.276483  0.509974  0.606139  0.383171  0.290851  0.599821  0.604531  0.325289  0.770366  0.635915  0.439787  0.358273  0.443075  0.427545  0.435976  0.277692  0.464390  0.352598  0.584972  0.406184  0.420876  0.393540  0.353092  0.378828  0.202403 
46  0.457581  0.498526  0.357702  0.509347  0.647726  0.495548  0.687739  0.363838  0.524773  0.663265  0.820651  0.347806  0.502249  0.751009  0.275311  0.472498  0.860285  0.778116  0.441670  0.395855  0.625829  0.375035  0.753729  0.397704  0.328117  0.336292  0.545218  0.730348  0.687620  0.599581  0.479919  0.597005  0.589242  0.418145  0.425972  0.329008  0.463265  0.507415  0.669207  0.548426  0.497721  0.771450  0.486621  0.492550  0.583628  0.376398 0.0  0.480085  0.409051  0.500423  0.644132  0.338996  0.261886  0.531681  0.686974  0.424802  0.672247  0.630927  0.199670  0.495407  0.406255  0.500238  0.465715  0.380223  0.539823  0.363802  0.505452  0.396734  0.457253  0.483207  0.474248  0.499408  0.439171 
47  0.580029  0.527330  0.417015  0.656404  0.613887  0.457506  0.555138  0.509706  0.360774  0.681642  0.893813  0.537080  0.585532  0.720393  0.516770  0.468127  0.748390  0.711481  0.603908  0.523083  0.726419  0.465220  0.828408  0.370428  0.448085  0.521409  0.501328  0.738316  0.642662  0.620250  0.587724  0.680182  0.564852  0.467938  0.589971  0.624295  0.586049  0.462447  0.547545  0.616549  0.517722  0.826272  0.570961  0.529608  0.598508  0.626058  0.480085 0.0  0.596896  0.557287  0.685386  0.447525  0.531593  0.597007  0.685087  0.478742  0.732382  0.646107  0.488886  0.585104  0.426965  0.528928  0.631454  0.571787  0.452416  0.512854  0.734499  0.259163  0.628351  0.537967  0.515776  0.611229  0.473410 
48  0.543251  0.382485  0.333450  0.539274  0.528193  0.373984  0.587341  0.399666  0.471426  0.680494  0.714026  0.252485  0.330912  0.727696  0.529398  0.496703  0.874739  0.768125  0.494367  0.465482  0.698426  0.395449  0.730964  0.522655  0.430933  0.287210  0.494037  0.566472  0.591550  0.618112  0.461513  0.609879  0.592375  0.432967  0.550718  0.459191  0.437921  0.443459  0.665408  0.574957  0.494938  0.872916  0.327107  0.412795  0.636343  0.276483  0.409051  0.596896 0.0  0.655385  0.630451  0.447751  0.463570  0.595463  0.634586  0.398985  0.761788  0.632569  0.386040  0.351379  0.429022  0.486050  0.530713  0.337276  0.558837  0.448457  0.504713  0.466602  0.486254  0.403546  0.297036  0.422896  0.394788 
49  0.611515  0.418434  0.613347  0.486013  0.638204  0.491661  0.478625  0.417926  0.407580  0.673277  0.686469  0.452548  0.630212  0.700241  0.573793  0.507440  0.798409  0.679083  0.583749  0.449023  0.697504  0.483764  0.763678  0.497466  0.583416  0.598349  0.533019  0.686894  0.591032  0.630768  0.487032  0.538276  0.423263  0.502576  0.636586  0.466939  0.576998  0.626667  0.612475  0.447771  0.664553  0.706984  0.526749  0.518333  0.613978  0.509974  0.500423  0.557287  0.655385 0.0  0.567912  0.587061  0.553349  0.572618  0.580603  0.517772  0.616977  0.580355  0.435947  0.543216  0.447791  0.593539  0.488838  0.486736  0.534696  0.614697  0.653620  0.580365  0.578395  0.478728  0.551488  0.576265  0.567240 
50  0.684837  0.615103  0.685353  0.602035  0.592763  0.483744  0.549635  0.534127  0.565970  0.347289  0.782016  0.648517  0.598644  0.689130  0.668504  0.578604  0.616172  0.869429  0.662550  0.698902  0.568140  0.614358  0.579977  0.711158  0.704900  0.535999  0.659682  0.528381  0.509527  0.604767  0.636012  0.482004  0.517807  0.670906  0.564854  0.643398  0.649177  0.638246  0.428302  0.614525  0.716647  0.675135  0.487351  0.625894  0.617997  0.606139  0.644132  0.685386  0.630451  0.567912 0.0  0.678452  0.699583  0.744849  0.460459  0.663375  0.763565  0.451182  0.598646  0.532329  0.616792  0.517051  0.549701  0.545868  0.593544  0.587236  0.695324  0.578321  0.456228  0.577267  0.627680  0.709714  0.521563 
51  0.527500  0.438777  0.340371  0.550230  0.570583  0.490406  0.605713  0.525529  0.449767  0.671703  0.900715  0.412870  0.503949  0.711892  0.380100  0.580782  0.800224  0.796695  0.483431  0.325555  0.724519  0.224949  0.814784  0.584048  0.376526  0.317879  0.457175  0.723224  0.627124  0.676619  0.393759  0.566092  0.657521  0.537399  0.420846  0.346775  0.464919  0.450446  0.736238  0.515008  0.435703  0.904613  0.525953  0.463121  0.609530  0.383171  0.338996  0.447525  0.447751  0.587061  0.678452 0.0  0.188731  0.607786  0.654761  0.399655  0.782923  0.768447  0.373866  0.565986  0.463783  0.561876  0.610257  0.474824  0.452012  0.549588  0.612196  0.425978  0.537762  0.506726  0.533318  0.529859  0.491073 
52  0.612209  0.458677  0.328456  0.470317  0.706838  0.504507  0.578813  0.489046  0.544010  0.711690  0.831347  0.338790  0.452537  0.772198  0.262517  0.449385  0.816430  0.851026  0.497327  0.426664  0.643242  0.356962  0.714622  0.380776  0.380384  0.335329  0.508863  0.832226  0.714830  0.599018  0.449290  0.502729  0.681887  0.443895  0.490347  0.240813  0.422773  0.521300  0.740122  0.573234  0.546899  0.775601  0.470100  0.521892  0.697725  0.290851  0.261886  0.531593  0.463570  0.553349  0.699583  0.188731 0.0  0.543428  0.712729  0.556679  0.780731  0.802418  0.222791  0.561502  0.481038  0.444325  0.490935  0.432087  0.455559  0.449162  0.702993  0.426349  0.523031  0.544029  0.480286  0.524160  0.496503 
53  0.302289  0.465177  0.512954  0.451874  0.633028  0.390058  0.717547  0.467045  0.625750  0.727234  0.694736  0.462365  0.448501  0.885865  0.636329  0.457679  0.875290  0.880226  0.475193  0.499481  0.873224  0.533748  0.861070  0.568982  0.600422  0.534230  0.584837  0.636483  0.722010  0.644534  0.432066  0.567132  0.617218  0.418215  0.370594  0.643620  0.344867  0.495247  0.606993  0.266944  0.388740  0.781519  0.529309  0.475037  0.701402  0.599821  0.531681  0.597007  0.595463  0.572618  0.744849  0.607786  0.543428 0.0  0.616736  0.578744  0.754574  0.665895  0.615490  0.461025  0.378898  0.407324  0.413033  0.414042  0.569494  0.459712  0.446227  0.615520  0.420258  0.485141  0.514532  0.515207  0.488097 
