73
0 0.0  0.480164  0.349248  0.662310  0.654302  0.494931  0.540376  0.340539  0.785486  0.550313  0.499650  0.505170  0.622919  0.665599  0.463879  0.538826  0.594569  0.587926  0.566086  0.487569  0.490832  0.478252  0.658036  0.615151  0.496287  0.591599  0.728969  0.713153  0.578637  0.488556  0.589739  0.497895  0.493033  0.623111  0.681535  0.390357  0.547323  0.720424  0.458369  0.629168  0.689681  0.437459  0.564854  0.642304  0.416756  0.658850  0.558921  0.558360  0.631879  0.380892  0.510983  0.514358  0.569491  0.666671  0.358996  0.734329  0.560391  0.440791  0.647473  0.607992  0.490400  0.767765  0.502059  0.582378  0.485568  0.635577  0.662697  0.566896  0.623710  0.328660  0.497285  0.497315  0.671763 
1  0.480164 0.0  0.351510  0.851352  0.590510  0.247466  0.801996  0.456715  0.572561  0.532383  0.321058  0.344906  0.503383  0.420925  0.396007  0.321343  0.398023  0.535635  0.474632  0.351008  0.403275  0.424832  0.469942  0.385097  0.458666  0.584389  0.594085  0.567449  0.410355  0.295520  0.458473  0.416284  0.435044  0.478764  0.656925  0.206050  0.326095  0.509978  0.392894  0.432381  0.707963  0.302507  0.336687  0.449003  0.272943  0.513194  0.424096  0.368400  0.330433  0.423202  0.311773  0.501668  0.361361  0.474562  0.381075  0.587204  0.527156  0.413523  0.566804  0.525951  0.466648  0.675852  0.391370  0.471012  0.457496  0.407181  0.462519  0.547356  0.543554  0.416144  0.506571  0.383595  0.594335 
2  0.349248  0.351510 0.0  0.784765  0.470045  0.285443  0.714731  0.426060  0.658479  0.281097  0.412361  0.360632  0.363001  0.443846  0.373681  0.332502  0.408672  0.494962  0.399100  0.346626  0.307686  0.441751  0.462595  0.399484  0.426553  0.513951  0.551351  0.693621  0.550927  0.308065  0.409332  0.397780  0.366724  0.365171  0.593483  0.228696  0.296057  0.590520  0.332922  0.444239  0.751171  0.378894  0.384052  0.558425  0.370313  0.448883  0.421952  0.422368  0.406943  0.507206  0.388947  0.463546  0.364243  0.520606  0.489736  0.557504  0.565274  0.365176  0.483870  0.514110  0.366851  0.629178  0.276514  0.441814  0.353044  0.354993  0.378123  0.512232  0.464687  0.380881  0.453217  0.323585  0.719528 
3  0.662310  0.851352  0.784765 0.0  0.794331  0.843371  0.378119  0.697413  0.685733  0.756622  0.722371  0.726028  0.811433  0.780737  0.744395  0.720654  0.633821  0.874814  0.789256  0.769528  0.739616  0.783148  0.824264  0.706026  0.665509  0.775519  0.938730  0.734250  0.980221  0.654951  0.848583  0.823270  0.770417  0.732117  0.646228  0.718246  0.739939  0.667728  0.651892  0.800942  0.648612  0.792520  0.812096  0.648663  0.768576  0.779296  0.780941  0.786090  0.806498  0.678631  0.861539  0.806882  0.684590  0.896731  0.686304  0.656290  0.559596  0.667100  0.809035  0.798192  0.703762  0.657119  0.714476  0.866536  0.710469  0.758904  0.745248  0.723353  1.000000  0.690545  0.771940  0.828852  0.690405 
4  0.654302  0.590510  0.470045  0.794331 0.0  0.508966  0.665249  0.640746  0.640785  0.615372  0.485901  0.519076  0.624583  0.596802  0.520703  0.540452  0.450337  0.437540  0.485907  0.499231  0.583432  0.530887  0.609762  0.474902  0.512155  0.568809  0.432552  0.702576  0.584745  0.456110  0.371132  0.592616  0.658354  0.440052  0.488520  0.509082  0.609350  0.727160  0.552724  0.623793  0.755491  0.609739  0.582219  0.500918  0.495916  0.580509  0.551010  0.565896  0.512784  0.652565  0.440925  0.605883  0.457923  0.488330  0.571228  0.599899  0.603645  0.475922  0.587535  0.500670  0.497236  0.657835  0.531702  0.574229  0.492986  0.631737  0.562405  0.693541  0.602355  0.375596  0.579036  0.514164  0.563902 
5  0.494931  0.247466  0.285443  0.843371  0.508966 0.0  0.724530  0.435135  0.616103  0.482164  0.266456  0.385457  0.419941  0.523432  0.332762  0.339131  0.450059  0.547525  0.496250  0.377544  0.302465  0.586299  0.452872  0.606649  0.420724  0.540011  0.577913  0.629720  0.496858  0.254663  0.481333  0.400986  0.405923  0.427298  0.646455  0.293233  0.370135  0.605895  0.416629  0.468314  0.674840  0.210232  0.476449  0.537720  0.437775  0.470491  0.448982  0.410717  0.383766  0.433749  0.289680  0.512936  0.401344  0.458704  0.328116  0.545781  0.540569  0.407460  0.455243  0.569499  0.385086  0.539756  0.331875  0.443202  0.274436  0.456933  0.508191  0.406875  0.478303  0.235178  0.355177  0.282752  0.595502 
6  0.540376  0.801996  0.714731  0.378119  0.665249  0.724530 0.0  0.707966  0.668690  0.731059  0.691965  0.799841  0.868962  0.855050  0.689067  0.742198  0.862074  0.757774  0.798016  0.692828  0.740949  0.829806  0.745825  0.728769  0.711084  0.812992  0.662779  0.799439  0.835258  0.721853  0.821939  0.702994  0.740622  0.681623  0.659200  0.802392  0.720266  0.623117  0.823211  0.846446  0.490171  0.728689  0.885798  0.756814  0.617290  0.875251  0.719552  0.792148  0.785456  0.613609  0.782477  0.799757  0.814232  0.741590  0.754178  0.677480  0.661956  0.709037  0.814192  0.870645  0.745985  0.741843  0.656611  0.679072  0.727541  0.713773  0.959296  0.700226  0.836475  0.755486  0.676373  0.688681  0.791209 
7  0.340539  0.456715  0.426060  0.697413  0.640746  0.435135  0.707966 0.0  0.781010  0.516014  0.478387  0.552544  0.644723  0.539763  0.531367  0.444904  0.436717  0.442249  0.341589  0.436473  0.510967  0.362871  0.297385  0.449024  0.497046  0.567064  0.563235  0.781492  0.520884  0.442833  0.372912  0.367796  0.394915  0.485031  0.628008  0.555189  0.522150  0.712194  0.443265  0.451477  0.695374  0.414474  0.519568  0.611141  0.466581  0.567339  0.486227  0.536307  0.305217  0.440609  0.414005  0.505661  0.422839  0.589685  0.453124  0.753589  0.784209  0.562897  0.500237  0.584431  0.561645  0.710549  0.343479  0.515600  0.518035  0.643088  0.518284  0.491602  0.540265  0.579102  0.519091  0.452995  0.743016 
8  0.785486  0.572561  0.658479  0.685733  0.640785  0.616103  0.668690  0.781010 0.0  0.629523  0.665827  0.608006  0.656878  0.719335  0.440126  0.472247  0.571432  0.584561  0.725798  0.591823  0.603914  0.760962  0.541639  0.640141  0.604251  0.660388  0.565615  0.483823  0.579843  0.547420  0.639300  0.744368  0.721392  0.682992  0.682292  0.518696  0.631666  0.401328  0.585752  0.603937  0.672794  0.588819  0.588214  0.507081  0.540507  0.656087  0.572045  0.529104  0.707799  0.716473  0.590623  0.709602  0.651456  0.519691  0.632313  0.544259  0.542510  0.594626  0.747510  0.569233  0.608405  0.651394  0.553059  0.625890  0.525883  0.580174  0.677222  0.656707  0.677676  0.567634  0.553537  0.544499  0.663864 
9  0.550313  0.532383  0.281097  0.756622  0.615372  0.482164  0.731059  0.516014  0.629523 0.0  0.423226  0.479881  0.411838  0.505788  0.418066  0.511105  0.534128  0.497286  0.514140  0.491821  0.393480  0.564720  0.572634  0.387630  0.381895  0.412016  0.655373  0.606028  0.359837  0.427150  0.522448  0.431991  0.531712  0.403712  0.638842  0.462073  0.422377  0.614642  0.439516  0.340949  0.696251  0.391156  0.401518  0.446333  0.396540  0.415027  0.326422  0.414321  0.538948  0.444798  0.347782  0.487605  0.416630  0.557716  0.398754  0.689250  0.513926  0.483251  0.443244  0.547836  0.331829  0.674822  0.398341  0.475446  0.476485  0.402673  0.442453  0.423296  0.441082  0.379704  0.437310  0.398450  0.742165 
10  0.499650  0.321058  0.412361  0.722371  0.485901  0.266456  0.691965  0.478387  0.665827  0.423226 0.0  0.322450  0.453390  0.405646  0.320512  0.428191  0.452017  0.428690  0.464504  0.316280  0.223240  0.422644  0.416430  0.401786  0.414841  0.551870  0.564209  0.587529  0.459126  0.407119  0.563595  0.307263  0.491074  0.476651  0.607061  0.365879  0.357784  0.588450  0.337421  0.371787  0.616601  0.293692  0.390498  0.480218  0.329535  0.418317  0.404733  0.471794  0.432163  0.499118  0.406103  0.422271  0.374723  0.558350  0.458783  0.610822  0.491753  0.362293  0.584554  0.538525  0.428288  0.627541  0.407466  0.402091  0.397346  0.506666  0.618546  0.472076  0.476901  0.228106  0.374383  0.465972  0.663183 
11  0.505170  0.344906  0.360632  0.726028  0.519076  0.385457  0.799841  0.552544  0.608006  0.479881  0.322450 0.0  0.468364  0.495474  0.389488  0.350990  0.424630  0.487923  0.391511  0.488389  0.151494  0.500012  0.406064  0.479586  0.353263  0.474327  0.582598  0.685460  0.403081  0.266195  0.371444  0.370119  0.547626  0.393763  0.707537  0.319711  0.434564  0.506273  0.351707  0.542703  0.731453  0.351393  0.363223  0.553257  0.484169  0.486182  0.319442  0.485557  0.488962  0.494211  0.391002  0.476420  0.300608  0.526897  0.563487  0.593287  0.629475  0.445357  0.457882  0.608858  0.263721  0.657622  0.335208  0.466417  0.324128  0.390363  0.550530  0.510148  0.473272  0.369259  0.446792  0.294346  0.598985 
12  0.622919  0.503383  0.363001  0.811433  0.624583  0.419941  0.868962  0.644723  0.656878  0.411838  0.453390  0.468364 0.0  0.523031  0.360330  0.446915  0.652773  0.553198  0.569692  0.501113  0.381484  0.430737  0.566066  0.453901  0.444717  0.518464  0.668546  0.744555  0.473876  0.520955  0.567105  0.628052  0.396995  0.280094  0.661741  0.469343  0.334264  0.649276  0.435546  0.421872  0.778264  0.486339  0.356908  0.584574  0.585440  0.512869  0.382545  0.389777  0.495521  0.449663  0.480349  0.411070  0.548186  0.638965  0.485764  0.664310  0.639040  0.428941  0.557667  0.508761  0.455338  0.640042  0.495033  0.434580  0.389634  0.286514  0.389033  0.457107  0.411701  0.369054  0.389338  0.357576  0.727363 
13  0.665599  0.420925  0.443846  0.780737  0.596802  0.523432  0.855050  0.539763  0.719335  0.505788  0.405646  0.495474  0.523031 0.0  0.570296  0.523810  0.544017  0.552503  0.394766  0.401742  0.456177  0.532046  0.584862  0.320523  0.443575  0.432804  0.606759  0.792818  0.368445  0.514355  0.427252  0.469695  0.458728  0.463829  0.697284  0.584495  0.594003  0.666015  0.498785  0.478390  0.866599  0.607381  0.336460  0.562673  0.467789  0.342523  0.436379  0.498305  0.456341  0.624985  0.536806  0.549888  0.437745  0.489769  0.570661  0.644138  0.689887  0.514235  0.417451  0.495699  0.399558  0.733525  0.491248  0.385337  0.462904  0.447202  0.349594  0.577441  0.359266  0.455527  0.387834  0.512855  0.668384 
14  0.463879  0.396007  0.373681  0.744395  0.520703  0.332762  0.689067  0.531367  0.440126  0.418066  0.320512  0.389488  0.360330  0.570296 0.0  0.308307  0.533577  0.470882  0.430736  0.416855  0.460959  0.423996  0.476739  0.418151  0.382992  0.497938  0.485548  0.657335  0.462794  0.364860  0.395483  0.399156  0.426357  0.502673  0.534759  0.438508  0.369121  0.550115  0.346563  0.518243  0.822231  0.415074  0.562438  0.626468  0.356196  0.471531  0.462974  0.466978  0.389933  0.512135  0.406985  0.504186  0.319262  0.580211  0.335065  0.680256  0.664979  0.300294  0.475917  0.484395  0.395281  0.605212  0.296866  0.486593  0.415509  0.480161  0.451422  0.434203  0.618641  0.352005  0.390743  0.357103  0.527830 
15  0.538826  0.321343  0.332502  0.720654  0.540452  0.339131  0.742198  0.444904  0.472247  0.511105  0.428191  0.350990  0.446915  0.523810  0.308307 0.0  0.531850  0.486972  0.361618  0.438896  0.351786  0.475100  0.383294  0.464445  0.467585  0.450749  0.474495  0.659596  0.542594  0.393698  0.468516  0.372548  0.420562  0.475895  0.547525  0.319814  0.354039  0.675173  0.276996  0.479945  0.782487  0.380023  0.357495  0.534448  0.275136  0.521695  0.439380  0.420465  0.473099  0.401719  0.318349  0.370316  0.268396  0.543617  0.325343  0.549938  0.662874  0.342338  0.543347  0.530842  0.522300  0.679209  0.309837  0.475765  0.364830  0.315858  0.505262  0.430482  0.525228  0.471514  0.474185  0.451903  0.637177 
16  0.594569  0.398023  0.408672  0.633821  0.450337  0.450059  0.862074  0.436717  0.571432  0.534128  0.452017  0.424630  0.652773  0.544017  0.533577  0.531850 0.0  0.357508  0.328502  0.506083  0.428413  0.269834  0.322567  0.509739  0.494927  0.422497  0.558378  0.614353  0.600238  0.427976  0.390083  0.278264  0.245221  0.553917  0.716924  0.457216  0.382264  0.689664  0.365898  0.564994  0.805549  0.473284  0.532076  0.456718  0.440684  0.456033  0.563802  0.509854  0.251411  0.603697  0.375106  0.292046  0.350636  0.478699  0.483353  0.708541  0.756019  0.390693  0.425051  0.456370  0.426561  0.669605  0.508556  0.440734  0.484599  0.562408  0.576549  0.534556  0.513811  0.444737  0.506136  0.500875  0.707796 
17  0.587926  0.535635  0.494962  0.874814  0.437540  0.547525  0.757774  0.442249  0.584561  0.497286  0.428690  0.487923  0.553198  0.552503  0.470882  0.486972  0.357508 0.0  0.581216  0.567020  0.493147  0.362344  0.402840  0.622071  0.477833  0.534518  0.452237  0.709570  0.436588  0.491874  0.472989  0.309476  0.463312  0.465672  0.763280  0.467919  0.497145  0.631384  0.385941  0.611907  0.897845  0.568673  0.555996  0.566961  0.407265  0.622170  0.586277  0.456196  0.511356  0.568906  0.474831  0.418876  0.542125  0.412680  0.565585  0.698478  0.708132  0.536128  0.434253  0.368774  0.517606  0.688166  0.576875  0.490801  0.501446  0.548152  0.505259  0.599156  0.486096  0.535529  0.502240  0.511312  0.760667 
18  0.566086  0.474632  0.399100  0.789256  0.485907  0.496250  0.798016  0.341589  0.725798  0.514140  0.464504  0.391511  0.569692  0.394766  0.430736  0.361618  0.328502  0.581216 0.0  0.456138  0.468964  0.396318  0.296204  0.503401  0.451349  0.511302  0.583407  0.742629  0.450179  0.434764  0.448477  0.407692  0.457600  0.536964  0.687907  0.384565  0.501813  0.699376  0.341983  0.445684  0.793137  0.423256  0.464230  0.534478  0.400893  0.503520  0.604514  0.611137  0.312888  0.560985  0.347275  0.378320  0.396569  0.533479  0.504305  0.675091  0.623546  0.573291  0.410443  0.500842  0.541162  0.696734  0.393111  0.382058  0.385522  0.618620  0.388658  0.494101  0.389765  0.394013  0.537035  0.414350  0.755811 
19  0.487569  0.351008  0.346626  0.769528  0.499231  0.377544  0.692828  0.436473  0.591823  0.491821  0.316280  0.488389  0.501113  0.401742  0.416855  0.438896  0.506083  0.567020  0.456138 0.0  0.392582  0.413401  0.496271  0.546753  0.440042  0.545526  0.459623  0.660351  0.516852  0.325548  0.292261  0.410858  0.400496  0.462301  0.684255  0.275544  0.374092  0.579929  0.362082  0.460854  0.691641  0.421685  0.449987  0.491387  0.341462  0.551312  0.412030  0.438823  0.422426  0.470277  0.282048  0.468275  0.421559  0.543248  0.372514  0.627957  0.587643  0.397442  0.475844  0.459765  0.373802  0.672068  0.429673  0.384538  0.532168  0.415365  0.550737  0.519605  0.475113  0.333369  0.493640  0.469642  0.639665 
20  0.490832  0.403275  0.307686  0.739616  0.583432  0.302465  0.740949  0.510967  0.603914  0.393480  0.223240  0.151494  0.381484  0.456177  0.460959  0.351786  0.428413  0.493147  0.468964  0.392582 0.0  0.459428  0.423273  0.439657  0.297687  0.420567  0.524193  0.653788  0.538548  0.356456  0.430850  0.406449  0.515618  0.407672  0.649569  0.354845  0.412739  0.549658  0.375452  0.558443  0.885180  0.270391  0.399943  0.458188  0.451862  0.476512  0.387969  0.491584  0.502652  0.466970  0.237659  0.415223  0.360364  0.559898  0.514843  0.756331  0.693291  0.378871  0.507277  0.579431  0.387381  0.569287  0.385170  0.453337  0.471030  0.500366  0.386200  0.562000  0.488167  0.314929  0.561319  0.420494  0.557206 
21  0.478252  0.424832  0.441751  0.783148  0.530887  0.586299  0.829806  0.362871  0.760962  0.564720  0.422644  0.500012  0.430737  0.532046  0.423996  0.475100  0.269834  0.362344  0.396318  0.413401  0.459428 0.0  0.261982  0.528480  0.374598  0.433037  0.518360  0.645801  0.500875  0.411354  0.409186  0.280692  0.269616  0.447099  0.599064  0.441210  0.541579  0.626717  0.394932  0.675641  0.823551  0.441866  0.495545  0.564293  0.532658  0.392796  0.565758  0.505216  0.314579  0.553822  0.361701  0.347964  0.466596  0.513923  0.413736  0.751581  0.590188  0.349996  0.497224  0.569751  0.470655  0.697880  0.374683  0.356311  0.469232  0.574842  0.451807  0.581403  0.447149  0.435265  0.556513  0.428136  0.606510 
22  0.658036  0.469942  0.462595  0.824264  0.609762  0.452872  0.745825  0.297385  0.541639  0.572634  0.416430  0.406064  0.566066  0.584862  0.476739  0.383294  0.322567  0.402840  0.296204  0.496271  0.423273  0.261982 0.0  0.495055  0.474917  0.447627  0.487128  0.626856  0.493958  0.433106  0.346659  0.360987  0.359012  0.536570  0.638203  0.396101  0.477783  0.620328  0.373295  0.611392  0.846058  0.474061  0.524680  0.590513  0.414243  0.421567  0.519638  0.544515  0.327921  0.634278  0.439223  0.381776  0.405443  0.446151  0.490390  0.683402  0.701541  0.540312  0.463278  0.453585  0.529108  0.767560  0.578096  0.482465  0.527971  0.493309  0.447336  0.578477  0.422520  0.501420  0.505414  0.431408  0.609873 
23  0.615151  0.385097  0.399484  0.706026  0.474902  0.606649  0.728769  0.449024  0.640141  0.387630  0.401786  0.479586  0.453901  0.320523  0.418151  0.464445  0.509739  0.622071  0.503401  0.546753  0.439657  0.528480  0.495055 0.0  0.366387  0.524816  0.543752  0.714027  0.460237  0.411634  0.418260  0.557654  0.536444  0.384450  0.633962  0.398765  0.435068  0.689719  0.500877  0.499683  0.830119  0.391043  0.296675  0.514574  0.468943  0.378255  0.359280  0.358015  0.493949  0.538266  0.342367  0.630636  0.441009  0.445399  0.442615  0.667886  0.546956  0.407870  0.446555  0.627590  0.471795  0.546631  0.491204  0.401930  0.520426  0.388153  0.505206  0.310947  0.479028  0.516602  0.394099  0.486141  0.654274 
24  0.496287  0.458666  0.426553  0.665509  0.512155  0.420724  0.711084  0.497046  0.604251  0.381895  0.414841  0.353263  0.444717  0.443575  0.382992  0.467585  0.494927  0.477833  0.451349  0.440042  0.297687  0.374598  0.474917  0.366387 0.0  0.440089  0.649041  0.672467  0.486456  0.397605  0.453887  0.578571  0.526429  0.357134  0.663671  0.464644  0.427714  0.563806  0.353409  0.426715  0.680293  0.415379  0.396880  0.583341  0.343786  0.387495  0.468425  0.473319  0.572762  0.439161  0.442447  0.489481  0.413840  0.480184  0.361599  0.549789  0.533528  0.450443  0.470277  0.494009  0.538601  0.577875  0.388227  0.506470  0.392136  0.304064  0.462948  0.499260  0.567278  0.445831  0.448755  0.274045  0.587437 
25  0.591599  0.584389  0.513951  0.775519  0.568809  0.540011  0.812992  0.567064  0.660388  0.412016  0.551870  0.474327  0.518464  0.432804  0.497938  0.450749  0.422497  0.534518  0.511302  0.545526  0.420567  0.433037  0.447627  0.524816  0.440089 0.0  0.582817  0.713683  0.323965  0.509832  0.477188  0.482284  0.454936  0.529984  0.671705  0.499658  0.452889  0.729854  0.479053  0.524180  0.866966  0.543395  0.349880  0.556617  0.511807  0.270831  0.315796  0.533100  0.492462  0.507265  0.534848  0.476789  0.486731  0.557203  0.506448  0.702872  0.627719  0.477897  0.370336  0.606419  0.477008  0.726409  0.429558  0.422933  0.648338  0.483104  0.346519  0.466213  0.490034  0.573723  0.387501  0.574084  0.651269 
26  0.728969  0.594085  0.551351  0.938730  0.432552  0.577913  0.662779  0.563235  0.565615  0.655373  0.564209  0.582598  0.668546  0.606759  0.485548  0.474495  0.558378  0.452237  0.583407  0.459623  0.524193  0.518360  0.487128  0.543752  0.649041  0.582817 0.0  0.717091  0.538199  0.533675  0.528649  0.564876  0.508063  0.455379  0.662960  0.527218  0.558810  0.684335  0.530786  0.629390  0.810605  0.453056  0.631298  0.325269  0.545767  0.592114  0.597994  0.525250  0.477646  0.641623  0.546143  0.464496  0.482013  0.518268  0.640194  0.656258  0.629042  0.484768  0.599867  0.634315  0.527109  0.591443  0.624915  0.589425  0.622341  0.639688  0.610658  0.646585  0.667958  0.387346  0.620454  0.578482  0.571713 
27  0.713153  0.567449  0.693621  0.734250  0.702576  0.629720  0.799439  0.781492  0.483823  0.606028  0.587529  0.685460  0.744555  0.792818  0.657335  0.659596  0.614353  0.709570  0.742629  0.660351  0.653788  0.645801  0.626856  0.714027  0.672467  0.713683  0.717091 0.0  0.605438  0.588277  0.645246  0.745616  0.617654  0.622342  0.679547  0.686301  0.661365  0.428030  0.651152  0.691281  0.806323  0.655356  0.614505  0.712671  0.716607  0.610992  0.753016  0.671496  0.639252  0.897347  0.700039  0.655694  0.630773  0.715662  0.804056  0.604664  0.639147  0.719818  0.672560  0.642782  0.738576  0.530002  0.719763  0.659975  0.644617  0.757442  0.513975  0.696038  0.602427  0.777436  0.613160  0.590530  0.525891 
28  0.578637  0.410355  0.550927  0.980221  0.584745  0.496858  0.835258  0.520884  0.579843  0.359837  0.459126  0.403081  0.473876  0.368445  0.462794  0.542594  0.600238  0.436588  0.450179  0.516852  0.538548  0.500875  0.493958  0.460237  0.486456  0.323965  0.538199  0.605438 0.0  0.415947  0.423917  0.439778  0.538561  0.502763  0.758635  0.399944  0.565874  0.627519  0.472646  0.595010  0.834298  0.505273  0.284578  0.513685  0.508564  0.319978  0.413637  0.383403  0.495019  0.593851  0.512862  0.542068  0.593236  0.547133  0.518385  0.733868  0.650981  0.463709  0.293828  0.489909  0.348877  0.688131  0.463982  0.352132  0.430695  0.409495  0.369326  0.398432  0.493227  0.495645  0.276319  0.477037  0.804128 
29  0.488556  0.295520  0.308065  0.654951  0.456110  0.254663  0.721853  0.442833  0.547420  0.427150  0.407119  0.266195  0.520955  0.514355  0.364860  0.393698  0.427976  0.491874  0.434764  0.325548  0.356456  0.411354  0.433106  0.411634  0.397605  0.509832  0.533675  0.588277  0.415947 0.0  0.341880  0.375913  0.524024  0.413753  0.555313  0.235284  0.433327  0.477460  0.409978  0.530433  0.726623  0.258327  0.487643  0.582609  0.319830  0.555954  0.449393  0.434512  0.383440  0.477392  0.382618  0.482919  0.305241  0.523495  0.404861  0.610370  0.631960  0.445223  0.526972  0.514619  0.348501  0.494757  0.324031  0.477195  0.419300  0.511552  0.488084  0.548632  0.428659  0.354329  0.455852  0.401132  0.645362 
30  0.589739  0.458473  0.409332  0.848583  0.371132  0.481333  0.821939  0.372912  0.639300  0.522448  0.563595  0.371444  0.567105  0.427252  0.395483  0.468516  0.390083  0.472989  0.448477  0.292261  0.430850  0.409186  0.346659  0.418260  0.453887  0.477188  0.528649  0.645246  0.423917  0.341880 0.0  0.573520  0.440451  0.533127  0.734309  0.414148  0.474018  0.637286  0.533435  0.481928  0.787094  0.489489  0.613406  0.554438  0.278841  0.497415  0.465671  0.547632  0.554027  0.563847  0.458167  0.316927  0.473708  0.597110  0.498406  0.682749  0.715783  0.391158  0.353137  0.464950  0.560118  0.520803  0.388542  0.484103  0.319935  0.560890  0.431680  0.528219  0.505046  0.477221  0.495698  0.448494  0.657878 
31  0.497895  0.416284  0.397780  0.823270  0.592616  0.400986  0.702994  0.367796  0.744368  0.431991  0.307263  0.370119  0.628052  0.469695  0.399156  0.372548  0.278264  0.309476  0.407692  0.410858  0.406449  0.280692  0.360987  0.557654  0.578571  0.482284  0.564876  0.745616  0.439778  0.375913  0.573520 0.0  0.362401  0.450829  0.619766  0.455106  0.344536  0.628411  0.406909  0.509153  0.888725  0.520244  0.478753  0.554307  0.421366  0.442637  0.577771  0.486947  0.309838  0.571145  0.408367  0.477011  0.461697  0.500889  0.484563  0.728449  0.727216  0.448234  0.468100  0.403124  0.459853  0.695785  0.521579  0.431759  0.405548  0.596628  0.567152  0.560332  0.545713  0.513141  0.592269  0.482796  0.713739 
32  0.493033  0.435044  0.366724  0.770417  0.658354  0.405923  0.740622  0.394915  0.721392  0.531712  0.491074  0.547626  0.396995  0.458728  0.426357  0.420562  0.245221  0.463312  0.457600  0.400496  0.515618  0.269616  0.359012  0.536444  0.526429  0.454936  0.508063  0.617654  0.538561  0.524024  0.440451  0.362401 0.0  0.549567  0.735532  0.367462  0.504354  0.608117  0.423786  0.618734  0.864389  0.496895  0.551932  0.508175  0.464906  0.489638  0.521948  0.497715  0.340789  0.582287  0.372625  0.251513  0.457641  0.466101  0.492417  0.750215  0.708814  0.464403  0.590740  0.391474  0.400338  0.609613  0.367904  0.480608  0.441978  0.507398  0.412953  0.624019  0.358921  0.509561  0.518641  0.462472  0.670182 
33  0.623111  0.478764  0.365171  0.732117  0.440052  0.427298  0.681623  0.485031  0.682992  0.403712  0.476651  0.393763  0.280094  0.463829  0.502673  0.475895  0.553917  0.465672  0.536964  0.462301  0.407672  0.447099  0.536570  0.384450  0.357134  0.529984  0.455379  0.622342  0.502763  0.413753  0.533127  0.450829  0.549567 0.0  0.602491  0.567357  0.410090  0.625236  0.461283  0.413769  0.836076  0.367598  0.473478  0.614115  0.515596  0.422088  0.406308  0.421244  0.424456  0.589298  0.500552  0.522793  0.441073  0.531050  0.431409  0.651272  0.606146  0.405571  0.408996  0.670386  0.489386  0.592170  0.491345  0.411136  0.320608  0.341915  0.436805  0.455125  0.494397  0.492918  0.429549  0.394922  0.712442 
34  0.681535  0.656925  0.593483  0.646228  0.488520  0.646455  0.659200  0.628008  0.682292  0.638842  0.607061  0.707537  0.661741  0.697284  0.534759  0.547525  0.716924  0.763280  0.687907  0.684255  0.649569  0.599064  0.638203  0.633962  0.663671  0.671705  0.662960  0.679547  0.758635  0.555313  0.734309  0.619766  0.735532  0.602491 0.0  0.565672  0.553311  0.534672  0.598242  0.600503  0.621713  0.675232  0.687294  0.573005  0.639569  0.714735  0.623237  0.601168  0.696977  0.579823  0.610597  0.663036  0.648406  0.630258  0.560873  0.608466  0.635295  0.660444  0.747703  0.586749  0.581918  0.701231  0.545482  0.672221  0.619235  0.694728  0.688417  0.682112  0.635305  0.617855  0.638648  0.655988  0.632247 
35  0.390357  0.206050  0.228696  0.718246  0.509082  0.293233  0.802392  0.555189  0.518696  0.462073  0.365879  0.319711  0.469343  0.584495  0.438508  0.319814  0.457216  0.467919  0.384565  0.275544  0.354845  0.441210  0.396101  0.398765  0.464644  0.499658  0.527218  0.686301  0.399944  0.235284  0.414148  0.455106  0.367462  0.567357  0.565672 0.0  0.364077  0.665135  0.322168  0.499656  0.689909  0.334697  0.437741  0.465293  0.317305  0.573057  0.361778  0.476349  0.505693  0.395688  0.395881  0.433500  0.334073  0.469316  0.397108  0.525321  0.681218  0.348929  0.459248  0.583666  0.384302  0.623664  0.270032  0.494306  0.402438  0.427603  0.453773  0.441576  0.469271  0.366290  0.494985  0.337770  0.550673 
36  0.547323  0.326095  0.296057  0.739939  0.609350  0.370135  0.720266  0.522150  0.631666  0.422377  0.357784  0.434564  0.334264  0.594003  0.369121  0.354039  0.382264  0.497145  0.501813  0.374092  0.412739  0.541579  0.477783  0.435068  0.427714  0.452889  0.558810  0.661365  0.565874  0.433327  0.474018  0.344536  0.504354  0.410090  0.553311  0.364077 0.0  0.488805  0.512053  0.412778  0.783582  0.398978  0.477348  0.555319  0.454339  0.480801  0.500505  0.453418  0.426473  0.382601  0.376678  0.519281  0.313084  0.480265  0.547649  0.571547  0.515811  0.348853  0.524698  0.447981  0.399389  0.552488  0.443806  0.474003  0.380439  0.440317  0.464388  0.427233  0.493545  0.495508  0.351233  0.370588  0.576247 
37  0.720424  0.509978  0.590520  0.667728  0.727160  0.605895  0.623117  0.712194  0.401328  0.614642  0.588450  0.506273  0.649276  0.666015  0.550115  0.675173  0.689664  0.631384  0.699376  0.579929  0.549658  0.626717  0.620328  0.689719  0.563806  0.729854  0.684335  0.428030  0.627519  0.477460  0.637286  0.628411  0.608117  0.625236  0.534672  0.665135  0.488805 0.0  0.646157  0.498172  0.583234  0.632662  0.637578  0.532558  0.611157  0.589119  0.516761  0.651783  0.589806  0.708810  0.585992  0.693040  0.590545  0.668101  0.618977  0.533682  0.525541  0.689059  0.604272  0.587639  0.711497  0.325134  0.510223  0.590603  0.516423  0.550301  0.622245  0.657598  0.597283  0.541503  0.606873  0.618238  0.469425 
38  0.458369  0.392894  0.332922  0.651892  0.552724  0.416629  0.823211  0.443265  0.585752  0.439516  0.337421  0.351707  0.435546  0.498785  0.346563  0.276996  0.365898  0.385941  0.341983  0.362082  0.375452  0.394932  0.373295  0.500877  0.353409  0.479053  0.530786  0.651152  0.472646  0.409978  0.533435  0.406909  0.423786  0.461283  0.598242  0.322168  0.512053  0.646157 0.0  0.339652  0.721372  0.410340  0.389449  0.638920  0.342770  0.574297  0.475950  0.570249  0.346129  0.582015  0.349616  0.435661  0.311700  0.417118  0.322839  0.643931  0.713184  0.318160  0.465051  0.556342  0.328037  0.528034  0.113058  0.556732  0.229051  0.536176  0.518107  0.441009  0.536952  0.267135  0.359173  0.419549  0.650935 
39  0.629168  0.432381  0.444239  0.800942  0.623793  0.468314  0.846446  0.451477  0.603937  0.340949  0.371787  0.542703  0.421872  0.478390  0.518243  0.479945  0.564994  0.611907  0.445684  0.460854  0.558443  0.675641  0.611392  0.499683  0.426715  0.524180  0.629390  0.691281  0.595010  0.530433  0.481928  0.509153  0.618734  0.413769  0.600503  0.499656  0.412778  0.498172  0.339652 0.0  0.708597  0.402777  0.434871  0.594570  0.549062  0.467226  0.392002  0.380027  0.602025  0.646147  0.396805  0.514221  0.518029  0.538163  0.545143  0.676860  0.672277  0.444002  0.469673  0.638944  0.490587  0.653998  0.419280  0.544159  0.524528  0.390595  0.501611  0.476091  0.429076  0.444882  0.395697  0.443798  0.680028 
40  0.689681  0.707963  0.751171  0.648612  0.755491  0.674840  0.490171  0.695374  0.672794  0.696251  0.616601  0.731453  0.778264  0.866599  0.822231  0.782487  0.805549  0.897845  0.793137  0.691641  0.885180  0.823551  0.846058  0.830119  0.680293  0.866966  0.810605  0.806323  0.834298  0.726623  0.787094  0.888725  0.864389  0.836076  0.621713  0.689909  0.783582  0.583234  0.721372  0.708597 0.0  0.797273  0.757467  0.730885  0.676849  0.833154  0.837657  0.832419  0.864198  0.804229  0.703994  0.753544  0.734347  0.842280  0.641523  0.770835  0.571005  0.780653  0.833879  0.806404  0.751989  0.779044  0.815728  0.788932  0.738423  0.738955  0.904594  0.636948  0.838168  0.815007  0.730629  0.744949  0.776039 
41  0.437459  0.302507  0.378894  0.792520  0.609739  0.210232  0.728689  0.414474  0.588819  0.391156  0.293692  0.351393  0.486339  0.607381  0.415074  0.380023  0.473284  0.568673  0.423256  0.421685  0.270391  0.441866  0.474061  0.391043  0.415379  0.543395  0.453056  0.655356  0.505273  0.258327  0.489489  0.520244  0.496895  0.367598  0.675232  0.334697  0.398978  0.632662  0.410340  0.402777  0.797273 0.0  0.435575  0.548781  0.475116  0.446287  0.383583  0.382988  0.410994  0.430832  0.270350  0.390743  0.360829  0.457742  0.400673  0.622847  0.615218  0.481638  0.397376  0.521464  0.345840  0.577358  0.380658  0.304290  0.353291  0.352450  0.420174  0.475812  0.494966  0.412608  0.407269  0.378183  0.679061 
42  0.564854  0.336687  0.384052  0.812096  0.582219  0.476449  0.885798  0.519568  0.588214  0.401518  0.390498  0.363223  0.356908  0.336460  0.562438  0.357495  0.532076  0.555996  0.464230  0.449987  0.399943  0.495545  0.524680  0.296675  0.396880  0.349880  0.631298  0.614505  0.284578  0.487643  0.613406  0.478753  0.551932  0.473478  0.687294  0.437741  0.477348  0.637578  0.389449  0.434871  0.757467  0.435575 0.0  0.448329  0.468248  0.354808  0.293600  0.298575  0.505829  0.496687  0.342536  0.519887  0.505687  0.629257  0.518925  0.688777  0.476998  0.435340  0.477466  0.622558  0.390004  0.651407  0.438081  0.443918  0.430449  0.365091  0.455537  0.353786  0.541237  0.468017  0.224363  0.428043  0.680694 
43  0.642304  0.449003  0.558425  0.648663  0.500918  0.537720  0.756814  0.611141  0.507081  0.446333  0.480218  0.553257  0.584574  0.562673  0.626468  0.534448  0.456718  0.566961  0.534478  0.491387  0.458188  0.564293  0.590513  0.514574  0.583341  0.556617  0.325269  0.712671  0.513685  0.582609  0.554438  0.554307  0.508175  0.614115  0.573005  0.465293  0.555319  0.532558  0.638920  0.594570  0.730885  0.548781  0.448329 0.0  0.528709  0.513968  0.543126  0.590269  0.489186  0.676131  0.619490  0.467803  0.585556  0.468049  0.546543  0.575953  0.601538  0.505048  0.673135  0.559387  0.692115  0.712030  0.482574  0.642968  0.617803  0.537168  0.569365  0.575981  0.553600  0.524188  0.484318  0.434753  0.565919 
44  0.416756  0.272943  0.370313  0.768576  0.495916  0.437775  0.617290  0.466581  0.540507  0.396540  0.329535  0.484169  0.585440  0.467789  0.356196  0.275136  0.440684  0.407265  0.400893  0.341462  0.451862  0.532658  0.414243  0.468943  0.343786  0.511807  0.545767  0.716607  0.508564  0.319830  0.278841  0.421366  0.464906  0.515596  0.639569  0.317305  0.454339  0.611157  0.342770  0.549062  0.676849  0.475116  0.468248  0.528709 0.0  0.489525  0.547586  0.355504  0.361505  0.439167  0.393906  0.501461  0.463210  0.469919  0.375879  0.525340  0.671409  0.339758  0.524320  0.464084  0.430493  0.521378  0.258713  0.501514  0.293670  0.467520  0.415231  0.502960  0.615180  0.384407  0.408960  0.321908  0.690514 
45  0.658850  0.513194  0.448883  0.779296  0.580509  0.470491  0.875251  0.567339  0.656087  0.415027  0.418317  0.486182  0.512869  0.342523  0.471531  0.521695  0.456033  0.622170  0.503520  0.551312  0.476512  0.392796  0.421567  0.378255  0.387495  0.270831  0.592114  0.610992  0.319978  0.555954  0.497415  0.442637  0.489638  0.422088  0.714735  0.573057  0.480801  0.589119  0.574297  0.467226  0.833154  0.446287  0.354808  0.513968  0.489525 0.0  0.331639  0.375152  0.433773  0.582497  0.411874  0.502460  0.504518  0.578155  0.511433  0.665352  0.636582  0.534063  0.388652  0.557937  0.276041  0.650923  0.584144  0.446678  0.507414  0.402026  0.344783  0.434510  0.471819  0.464739  0.326125  0.399270  0.721952 
46  0.558921  0.424096  0.421952  0.780941  0.551010  0.448982  0.719552  0.486227  0.572045  0.326422  0.404733  0.319442  0.382545  0.436379  0.462974  0.439380  0.563802  0.586277  0.604514  0.412030  0.387969  0.565758  0.519638  0.359280  0.468425  0.315796  0.597994  0.753016  0.413637  0.449393  0.465671  0.577771  0.521948  0.406308  0.623237  0.361778  0.500505  0.516761  0.475950  0.392002  0.837657  0.383583  0.293600  0.543126  0.547586  0.331639 0.0  0.395542  0.508359  0.533063  0.361044  0.644839  0.487022  0.623960  0.557021  0.552972  0.541063  0.489142  0.388819  0.553750  0.361937  0.637117  0.445070  0.560938  0.488505  0.384370  0.437775  0.421020  0.422008  0.486987  0.323271  0.450048  0.593840 
47  0.558360  0.368400  0.422368  0.786090  0.565896  0.410717  0.792148  0.536307  0.529104  0.414321  0.471794  0.485557  0.389777  0.498305  0.466978  0.420465  0.509854  0.456196  0.611137  0.438823  0.491584  0.505216  0.544515  0.358015  0.473319  0.533100  0.525250  0.671496  0.383403  0.434512  0.547632  0.486947  0.497715  0.421244  0.601168  0.476349  0.453418  0.651783  0.570249  0.380027  0.832419  0.382988  0.298575  0.590269  0.355504  0.375152  0.395542 0.0  0.581824  0.609988  0.499052  0.473629  0.463120  0.545322  0.477810  0.608059  0.534588  0.497607  0.476701  0.570269  0.466373  0.690417  0.424623  0.495127  0.403556  0.366954  0.444411  0.297627  0.468319  0.473496  0.276167  0.365559  0.687166 
48  0.631879  0.330433  0.406943  0.806498  0.512784  0.383766  0.785456  0.305217  0.707799  0.538948  0.432163  0.488962  0.495521  0.456341  0.389933  0.473099  0.251411  0.511356  0.312888  0.422426  0.502652  0.314579  0.327921  0.493949  0.572762  0.492462  0.477646  0.639252  0.495019  0.383440  0.554027  0.309838  0.340789  0.424456  0.696977  0.505693  0.426473  0.589806  0.346129  0.602025  0.864198  0.410994  0.505829  0.489186  0.361505  0.433773  0.508359  0.581824 0.0  0.520068  0.380100  0.395292  0.379503  0.406714  0.381551  0.635165  0.628996  0.366466  0.367424  0.435810  0.464070  0.625911  0.516510  0.455884  0.470177  0.517150  0.470214  0.592395  0.519651  0.468167  0.515477  0.542063  0.695532 
49  0.380892  0.423202  0.507206  0.678631  0.652565  0.433749  0.613609  0.440609  0.716473  0.444798  0.499118  0.494211  0.449663  0.624985  0.512135  0.401719  0.603697  0.568906  0.560985  0.470277  0.466970  0.553822  0.634278  0.538266  0.439161  0.507265  0.641623  0.897347  0.593851  0.477392  0.563847  0.571145  0.582287  0.589298  0.579823  0.395688  0.382601  0.708810  0.582015  0.646147  0.804229  0.430832  0.496687  0.676131  0.439167  0.582497  0.533063  0.609988  0.520068 0.0  0.468595  0.591665  0.534684  0.623138  0.407520  0.690208  0.804960  0.490188  0.563039  0.727383  0.486673  0.804468  0.441431  0.481849  0.508369  0.485456  0.683505  0.503211  0.672366  0.409589  0.607148  0.536382  0.709825 
50  0.510983  0.311773  0.388947  0.861539  0.440925  0.289680  0.782477  0.414005  0.590623  0.347782  0.406103  0.391002  0.480349  0.536806  0.406985  0.318349  0.375106  0.474831  0.347275  0.282048  0.237659  0.361701  0.439223  0.342367  0.442447  0.534848  0.546143  0.700039  0.512862  0.382618  0.458167  0.408367  0.372625  0.500552  0.610597  0.395881  0.376678  0.585992  0.349616  0.396805  0.703994  0.270350  0.342536  0.619490  0.393906  0.411874  0.361044  0.499052  0.380100  0.468595 0.0  0.437765  0.360374  0.498229  0.478660  0.667060  0.488789  0.340452  0.428261  0.540697  0.527114  0.511314  0.394882  0.463752  0.366832  0.467849  0.441605  0.474797  0.532428  0.278520  0.416231  0.451572  0.576193 
51  0.514358  0.501668  0.463546  0.806882  0.605883  0.512936  0.799757  0.505661  0.709602  0.487605  0.422271  0.476420  0.411070  0.549888  0.504186  0.370316  0.292046  0.418876  0.378320  0.468275  0.415223  0.347964  0.381776  0.630636  0.489481  0.476789  0.464496  0.655694  0.542068  0.482919  0.316927  0.477011  0.251513  0.522793  0.663036  0.433500  0.519281  0.693040  0.435661  0.514221  0.753544  0.390743  0.519887  0.467803  0.501461  0.502460  0.644839  0.473629  0.395292  0.591665  0.437765 0.0  0.405633  0.367083  0.569257  0.806872  0.750522  0.404151  0.467624  0.499398  0.479032  0.706570  0.513069  0.491513  0.496029  0.555868  0.453062  0.637369  0.461519  0.495697  0.532845  0.527989  0.601191 
52  0.569491  0.361361  0.364243  0.684590  0.457923  0.401344  0.814232  0.422839  0.651456  0.416630  0.374723  0.300608  0.548186  0.437745  0.319262  0.268396  0.350636  0.542125  0.396569  0.421559  0.360364  0.466596  0.405443  0.441009  0.413840  0.486731  0.482013  0.630773  0.593236  0.305241  0.473708  0.461697  0.457641  0.441073  0.648406  0.334073  0.313084  0.590545  0.311700  0.518029  0.734347  0.360829  0.505687  0.585556  0.463210  0.504518  0.487022  0.463120  0.379503  0.534684  0.360374  0.405633 0.0  0.506942  0.384644  0.685482  0.636669  0.346515  0.488243  0.413352  0.419807  0.646026  0.371518  0.504484  0.252024  0.497224  0.543431  0.484761  0.529886  0.459324  0.508623  0.425352  0.602432 
53  0.666671  0.474562  0.520606  0.896731  0.488330  0.458704  0.741590  0.589685  0.519691  0.557716  0.558350  0.526897  0.638965  0.489769  0.580211  0.543617  0.478699  0.412680  0.533479  0.543248  0.559898  0.513923  0.446151  0.445399  0.480184  0.557203  0.518268  0.715662  0.547133  0.523495  0.597110  0.500889  0.466101  0.531050  0.630258  0.469316  0.480265  0.668101  0.417118  0.538163  0.842280  0.457742  0.629257  0.468049  0.469919  0.578155  0.623960  0.545322  0.406714  0.623138  0.498229  0.367083  0.506942 0.0  0.475599  0.635814  0.764954  0.528052  0.633084  0.253505  0.676252  0.643867  0.431103  0.542433  0.535297  0.567734  0.522173  0.699244  0.442881  0.585176  0.574025  0.470283  0.764436 
