73
0 0.0  0.550023  0.583768  0.375156  0.611449  0.484611  0.637660  0.503192  0.572913  0.506357  0.678613  0.447120  0.526680  0.389603  0.796213  0.746023  0.604933  0.743273  0.504998  0.550026  0.585447  0.890306  0.612884  0.492795  0.672262  0.701782  0.661175  0.634694  0.575818  0.609366  0.561732  0.679633  0.615241  0.811491  0.653888  0.688986  0.571174  0.773520  0.510463  0.598929  0.587782  0.773640  0.448929  0.547847  0.520427  0.605823  0.749528  0.696871  0.568986  0.696061  0.568031  0.600857  0.924742  0.550831  0.628159  0.656401  0.452614  0.485711  0.690225  0.482968  0.534616  0.761701  0.513796  0.533562  0.498450  0.618071  0.647270  0.340520  0.568191  0.611143  0.625409  0.506725  0.515989 
1  0.550023 0.0  0.392992  0.518927  0.565061  0.549144  0.322686  0.615943  0.447060  0.552621  0.613728  0.526364  0.477584  0.574959  0.754102  0.675020  0.542789  0.654764  0.566301  0.606078  0.201826  0.761470  0.548890  0.363722  0.370967  0.862339  0.670948  0.633780  0.583321  0.485671  0.436314  0.360978  0.374339  0.574653  0.683427  0.405714  0.480206  0.689302  0.396900  0.469981  0.494235  0.551746  0.312574  0.411701  0.472651  0.387991  0.544000  0.585020  0.609420  0.715654  0.411787  0.481384  0.631759  0.466235  0.463354  0.309656  0.236424  0.544651  0.495816  0.303365  0.431619  0.603256  0.433524  0.449869  0.410355  0.556901  0.561704  0.540569  0.563266  0.545187  0.393226  0.503820  0.529868 
2  0.583768  0.392992 0.0  0.563546  0.681572  0.377077  0.286154  0.527105  0.425969  0.552067  0.562647  0.620437  0.461691  0.449806  0.856917  0.678214  0.487596  0.741630  0.523547  0.558426  0.445295  0.914761  0.492375  0.399998  0.519469  0.756759  0.775112  0.788824  0.554834  0.561340  0.468216  0.359874  0.450891  0.654336  0.794242  0.513301  0.464738  0.758667  0.499623  0.543737  0.640844  0.566363  0.515395  0.449508  0.517939  0.582127  0.588466  0.530057  0.526807  0.720133  0.525649  0.510930  0.824337  0.457443  0.499086  0.592578  0.318962  0.565741  0.627371  0.596980  0.449751  0.597535  0.395604  0.340613  0.356121  0.564962  0.662125  0.449294  0.506724  0.498966  0.363998  0.554423  0.540569 
3  0.375156  0.518927  0.563546 0.0  0.689598  0.542246  0.591270  0.566552  0.646026  0.561313  0.748692  0.613737  0.479321  0.354655  0.776025  0.704767  0.584896  0.674413  0.554159  0.789033  0.518615  0.871641  0.625692  0.600953  0.787628  0.727362  0.645129  0.698821  0.493037  0.448479  0.498674  0.644220  0.576776  0.772286  0.724613  0.551389  0.609968  0.764002  0.649303  0.525914  0.663458  0.588671  0.469518  0.433006  0.642797  0.521423  0.811463  0.584519  0.614332  0.631837  0.623109  0.612604  0.949400  0.478010  0.540301  0.584098  0.582752  0.549206  0.652486  0.578714  0.492976  0.685674  0.450934  0.594221  0.614393  0.626041  0.565980  0.544890  0.549978  0.619705  0.575815  0.581477  0.542134 
4  0.611449  0.565061  0.681572  0.689598 0.0  0.765048  0.660655  0.710713  0.695096  0.633155  0.744607  0.620390  0.671475  0.673753  0.752173  0.612876  0.604807  0.643067  0.730269  0.600188  0.707754  0.815411  0.784652  0.666010  0.746989  0.612527  0.615091  0.703633  0.745076  0.601678  0.680250  0.601834  0.713221  0.792895  0.907016  0.585896  0.718866  0.574947  0.654919  0.569876  0.579634  0.696275  0.724067  0.798376  0.728622  0.511965  0.846386  0.600035  0.698199  0.694116  0.619238  0.696440  0.740196  0.705686  0.655871  0.600005  0.748132  0.762337  0.793460  0.628795  0.674554  0.615272  0.718593  0.709730  0.611138  0.731580  0.772986  0.661531  0.713682  0.729884  0.701137  0.719681  0.648702 
5  0.484611  0.549144  0.377077  0.542246  0.765048 0.0  0.555042  0.474536  0.520107  0.617064  0.478170  0.640166  0.507151  0.546260  0.765447  0.692499  0.615253  0.733521  0.518198  0.549525  0.450562  0.840302  0.563748  0.578641  0.521269  0.636242  0.667369  0.701541  0.622074  0.485878  0.423939  0.492866  0.554170  0.697754  0.631117  0.480447  0.570536  0.674942  0.547755  0.496395  0.503410  0.765231  0.367264  0.248603  0.610119  0.541486  0.661323  0.568293  0.442673  0.855829  0.566574  0.409898  0.951526  0.510755  0.602009  0.546039  0.442995  0.584365  0.645476  0.512982  0.465694  0.572503  0.427768  0.530023  0.510315  0.648476  0.500522  0.200253  0.461395  0.480400  0.605692  0.554725  0.473787 
6  0.637660  0.322686  0.286154  0.591270  0.660655  0.555042 0.0  0.459271  0.569376  0.472872  0.632942  0.561734  0.574746  0.693652  0.738325  0.701377  0.360577  0.702792  0.525344  0.444326  0.243022  0.714379  0.442072  0.361664  0.481078  0.604261  0.689966  0.617698  0.525490  0.517302  0.320914  0.585255  0.347102  0.602476  0.601513  0.461124  0.468147  0.637456  0.461809  0.410737  0.469623  0.667243  0.389934  0.527901  0.597576  0.442400  0.516038  0.449470  0.572934  0.693351  0.454966  0.367254  0.944938  0.422965  0.512737  0.479210  0.427374  0.554308  0.549684  0.346134  0.459043  0.626569  0.536357  0.259057  0.366376  0.538785  0.555811  0.566785  0.571635  0.420254  0.477515  0.512518  0.411351 
7  0.503192  0.615943  0.527105  0.566552  0.710713  0.474536  0.459271 0.0  0.475448  0.482659  0.705254  0.523910  0.464630  0.506054  0.655518  0.823126  0.619276  0.739335  0.559872  0.674108  0.568744  0.907419  0.531015  0.477205  0.659899  0.736330  0.706393  0.836973  0.342877  0.512699  0.611061  0.591466  0.512043  0.490755  0.532568  0.539134  0.448921  0.659545  0.481269  0.535175  0.636299  0.639764  0.520300  0.555873  0.371148  0.569183  0.686293  0.439678  0.413117  0.714992  0.501532  0.330628  0.906210  0.450894  0.531213  0.417867  0.500157  0.570237  0.673711  0.533276  0.493680  0.690520  0.504359  0.669825  0.419041  0.398197  0.729389  0.453927  0.304165  0.517564  0.428467  0.395786  0.592645 
8  0.572913  0.447060  0.425969  0.646026  0.695096  0.520107  0.569376  0.475448 0.0  0.686131  0.484728  0.644952  0.522860  0.586926  0.716801  0.721563  0.478536  0.606589  0.535550  0.565271  0.541911  0.894401  0.481386  0.487752  0.397555  0.765731  0.887062  0.485659  0.521776  0.411915  0.538453  0.459043  0.504845  0.670718  0.713951  0.411545  0.666384  0.760991  0.530674  0.481013  0.659069  0.514166  0.432301  0.465694  0.581904  0.572120  0.592344  0.563409  0.586973  0.734029  0.639925  0.376008  0.837014  0.496422  0.648706  0.656665  0.505726  0.637643  0.519279  0.499578  0.624481  0.764954  0.523341  0.459762  0.377982  0.617097  0.634320  0.416209  0.558627  0.515982  0.609711  0.636911  0.499879 
9  0.506357  0.552621  0.552067  0.561313  0.633155  0.617064  0.472872  0.482659  0.686131 0.0  0.669333  0.390673  0.752818  0.608457  0.807230  0.547646  0.643446  0.675537  0.454831  0.593791  0.486459  0.765932  0.537527  0.571300  0.629589  0.574250  0.471543  0.752839  0.582074  0.560826  0.644643  0.593685  0.599244  0.669157  0.680683  0.624698  0.674402  0.620787  0.538589  0.556465  0.550041  0.526212  0.581073  0.647612  0.580802  0.454464  0.578631  0.669685  0.637560  0.558504  0.623222  0.544754  0.738941  0.546257  0.557855  0.462342  0.545088  0.503227  0.617893  0.477765  0.555033  0.534259  0.751207  0.499234  0.581482  0.500053  0.341547  0.625678  0.534915  0.594074  0.619947  0.531448  0.666524 
10  0.678613  0.613728  0.562647  0.748692  0.744607  0.478170  0.632942  0.705254  0.484728  0.669333 0.0  0.777588  0.516222  0.802687  0.737777  0.988325  0.544371  0.787317  0.682160  0.744217  0.423139  0.725876  0.641794  0.517413  0.531945  0.854521  0.885018  0.559268  0.461303  0.678680  0.476334  0.534332  0.517592  0.636297  0.494430  0.518807  0.594953  0.765769  0.502587  0.659264  0.632319  0.522258  0.530130  0.636244  0.609392  0.623735  0.379503  0.625657  0.707562  0.621079  0.487268  0.591318  0.801743  0.452082  0.567560  0.747100  0.462486  0.757348  0.388503  0.539893  0.616918  0.806608  0.636949  0.450917  0.583843  0.567445  0.675864  0.640606  0.639336  0.445088  0.592388  0.450084  0.530966 
11  0.447120  0.526364  0.620437  0.613737  0.620390  0.640166  0.561734  0.523910  0.644952  0.390673  0.777588 0.0  0.574036  0.509961  0.715006  0.578132  0.715663  0.549005  0.549907  0.570487  0.529798  0.897915  0.508814  0.568452  0.684133  0.616546  0.627865  0.672753  0.625285  0.492386  0.668479  0.559205  0.630463  0.736029  0.712299  0.485733  0.637351  0.686848  0.663430  0.521796  0.604480  0.794372  0.567866  0.543770  0.572973  0.543374  0.706369  0.626689  0.549266  0.699811  0.491119  0.671408  0.892754  0.455708  0.625466  0.573991  0.592620  0.411746  0.804228  0.517741  0.643495  0.517882  0.665650  0.666868  0.641688  0.532341  0.352963  0.511653  0.565484  0.615338  0.462582  0.653803  0.629434 
12  0.526680  0.477584  0.461691  0.479321  0.671475  0.507151  0.574746  0.464630  0.522860  0.752818  0.516222  0.574036 0.0  0.542853  0.816200  0.749275  0.570371  0.716521  0.518696  0.569531  0.457471  0.922787  0.485106  0.501422  0.711330  0.642846  0.707937  0.770574  0.431552  0.408419  0.590464  0.523182  0.529752  0.481812  0.587128  0.476458  0.588326  0.708486  0.558697  0.498052  0.640576  0.707681  0.541262  0.533505  0.449631  0.558177  0.654537  0.511760  0.630097  0.802437  0.397861  0.485514  0.952990  0.544549  0.504193  0.563446  0.418226  0.533265  0.610601  0.586069  0.569632  0.667568  0.462696  0.521642  0.481416  0.572063  0.657477  0.380366  0.483599  0.491030  0.507029  0.570568  0.383926 
13  0.389603  0.574959  0.449806  0.354655  0.673753  0.546260  0.693652  0.506054  0.586926  0.608457  0.802687  0.509961  0.542853 0.0  0.667903  0.708361  0.596822  0.727475  0.507940  0.562625  0.568870  0.808669  0.564313  0.562427  0.683582  0.714214  0.669079  0.799766  0.568417  0.623948  0.600957  0.635665  0.586019  0.574052  0.830738  0.489664  0.581576  0.823058  0.706778  0.532047  0.640257  0.601570  0.592712  0.628071  0.513341  0.400933  0.619218  0.552085  0.621646  0.593930  0.644295  0.494099  0.902129  0.621021  0.618489  0.541614  0.576474  0.385263  0.696741  0.550592  0.513878  0.800301  0.564677  0.545586  0.535134  0.546698  0.645756  0.544064  0.524778  0.543362  0.581685  0.676535  0.498317 
14  0.796213  0.754102  0.856917  0.776025  0.752173  0.765447  0.738325  0.655518  0.716801  0.807230  0.737777  0.715006  0.816200  0.667903 0.0  0.726234  0.707067  0.698794  0.712638  0.623572  0.750578  0.676563  0.696091  0.731639  0.794168  0.682539  0.742541  0.580657  0.817287  0.816262  0.738043  0.706124  0.681628  0.814498  0.803751  0.836161  0.835653  0.771554  0.819785  0.730482  0.621638  0.835173  0.827345  0.809866  0.808598  0.685540  0.879967  0.881833  0.795146  0.671019  0.771715  0.861364  0.778883  0.690869  0.770781  0.714368  0.853344  0.655304  0.932556  0.785790  0.884801  0.700209  0.753181  0.694209  0.827703  0.747700  0.639529  0.884106  0.816074  0.790073  0.820941  0.786113  0.814852 
15  0.746023  0.675020  0.678214  0.704767  0.612876  0.692499  0.701377  0.823126  0.721563  0.547646  0.988325  0.578132  0.749275  0.708361  0.726234 0.0  0.790945  0.568935  0.669678  0.582712  0.791505  0.760099  0.746414  0.746376  0.764852  0.681859  0.676253  0.674172  0.760095  0.647099  0.685152  0.778971  0.800810  0.780319  0.911877  0.782875  0.663270  0.560915  0.814317  0.789288  0.637399  0.832256  0.771357  0.733348  0.740417  0.539907  0.868272  0.755304  0.657899  0.823425  0.679015  0.807854  0.778480  0.723900  0.760504  0.698564  0.637714  0.652575  0.814717  0.596345  0.745725  0.569545  0.773424  0.728156  0.736059  0.698448  0.708802  0.693413  0.708576  0.530147  0.734144  0.629941  0.683673 
16  0.604933  0.542789  0.487596  0.584896  0.604807  0.615253  0.360577  0.619276  0.478536  0.643446  0.544371  0.715663  0.570371  0.596822  0.707067  0.790945 0.0  0.843148  0.627325  0.734093  0.522649  0.708956  0.555759  0.421014  0.425374  0.695290  0.846425  0.502183  0.565204  0.701644  0.524203  0.534467  0.440558  0.517080  0.500990  0.420125  0.606237  0.790141  0.481161  0.452960  0.698468  0.588990  0.514463  0.564097  0.563796  0.488545  0.586368  0.523590  0.556309  0.577720  0.448996  0.596510  0.783829  0.541933  0.522913  0.471733  0.542585  0.655203  0.450752  0.487652  0.443100  0.789721  0.618352  0.416906  0.530218  0.593926  0.645917  0.613552  0.619155  0.573879  0.569494  0.570751  0.499500 
17  0.743273  0.654764  0.741630  0.674413  0.643067  0.733521  0.702792  0.739335  0.606589  0.675537  0.787317  0.549005  0.716521  0.727475  0.698794  0.568935  0.843148 0.0  0.640731  0.682907  0.544314  0.822624  0.883696  0.725266  0.769736  0.725921  0.504687  0.644842  0.681838  0.785121  0.682988  0.665659  0.763953  0.829574  0.839638  0.696444  0.686753  0.594172  0.694967  0.592509  0.567846  0.779851  0.738373  0.703594  0.781369  0.530629  0.840593  0.740183  0.862135  0.663271  0.677861  0.666558  0.831440  0.758698  0.733372  0.671076  0.762422  0.608929  0.778965  0.739753  0.752568  0.536664  0.742467  0.685366  0.688647  0.722479  0.710518  0.730193  0.788096  0.649774  0.662494  0.791564  0.645579 
18  0.504998  0.566301  0.523547  0.554159  0.730269  0.518198  0.525344  0.559872  0.535550  0.454831  0.682160  0.549907  0.518696  0.507940  0.712638  0.669678  0.627325  0.640731 0.0  0.629956  0.443171  0.894766  0.630770  0.523072  0.725706  0.672319  0.673011  0.700298  0.584055  0.547622  0.493386  0.625881  0.611037  0.790371  0.679188  0.574058  0.478285  0.673522  0.612236  0.512170  0.585019  0.711499  0.508712  0.500171  0.629532  0.426062  0.682985  0.482442  0.644615  0.784334  0.656146  0.460479  0.770360  0.557605  0.436209  0.516695  0.599551  0.452192  0.656589  0.584219  0.599069  0.584811  0.545682  0.569132  0.477123  0.702881  0.505068  0.611874  0.555005  0.558078  0.582274  0.537780  0.514074 
19  0.550026  0.606078  0.558426  0.789033  0.600188  0.549525  0.444326  0.674108  0.565271  0.593791  0.744217  0.570487  0.569531  0.562625  0.623572  0.582712  0.734093  0.682907  0.629956 0.0  0.635410  0.871766  0.545816  0.576047  0.731408  0.512897  0.576689  0.762317  0.707951  0.712718  0.652232  0.666389  0.619786  0.744505  0.807682  0.658709  0.600148  0.564796  0.623621  0.646399  0.512548  0.696151  0.628179  0.541885  0.511347  0.630688  0.842938  0.551629  0.612350  0.784864  0.738996  0.570188  0.762817  0.595523  0.622950  0.661281  0.557356  0.623693  0.692779  0.662236  0.636714  0.608966  0.547098  0.656884  0.601112  0.780564  0.571439  0.679857  0.473520  0.607819  0.683540  0.625022  0.546022 
20  0.585447  0.201826  0.445295  0.518615  0.707754  0.450562  0.243022  0.568744  0.541911  0.486459  0.423139  0.529798  0.457471  0.568870  0.750578  0.791505  0.522649  0.544314  0.443171  0.635410 0.0  0.773716  0.454967  0.407215  0.437124  0.687575  0.683724  0.635566  0.461784  0.394328  0.427340  0.338299  0.359413  0.673228  0.593954  0.409846  0.445407  0.604313  0.379783  0.401938  0.590681  0.654051  0.515733  0.418115  0.572282  0.413388  0.582002  0.402377  0.568402  0.726849  0.423670  0.515541  0.744344  0.375225  0.368879  0.525890  0.308083  0.536486  0.353449  0.391768  0.457664  0.544696  0.404398  0.324014  0.450840  0.544564  0.530889  0.517697  0.518246  0.553246  0.314271  0.481258  0.513459 
21  0.890306  0.761470  0.914761  0.871641  0.815411  0.840302  0.714379  0.907419  0.894401  0.765932  0.725876  0.897915  0.922787  0.808669  0.676563  0.760099  0.708956  0.822624  0.894766  0.871766  0.773716 0.0  0.849336  0.973626  0.642461  0.878015  0.955130  0.818892  0.796794  0.934993  0.962821  0.789660  0.723078  0.741893  0.826169  0.792997  0.771041  0.879138  0.749802  0.835111  0.640275  0.614153  0.905429  1.000000  0.860382  0.825023  0.818886  0.746327  0.939941  0.679029  0.806819  0.974642  0.672669  0.737211  0.806633  0.854909  0.903857  0.842691  0.789194  0.610552  0.843588  0.776543  0.809349  0.851376  0.839511  0.822874  0.900018  0.789425  0.866190  0.921717  0.853862  0.814199  0.851343 
22  0.612884  0.548890  0.492375  0.625692  0.784652  0.563748  0.442072  0.531015  0.481386  0.537527  0.641794  0.508814  0.485106  0.564313  0.696091  0.746414  0.555759  0.883696  0.630770  0.545816  0.454967  0.849336 0.0  0.544363  0.611214  0.704195  0.712249  0.860398  0.470042  0.586765  0.503112  0.578026  0.524842  0.408043  0.516665  0.640131  0.404974  0.772956  0.610712  0.401325  0.752772  0.681622  0.578800  0.540135  0.260907  0.580260  0.534683  0.478105  0.322539  0.834916  0.527266  0.472687  0.935274  0.544773  0.412232  0.465973  0.632895  0.581087  0.560551  0.491912  0.441453  0.752225  0.500357  0.610955  0.504115  0.411602  0.507668  0.610628  0.432075  0.489644  0.411638  0.371090  0.650534 
23  0.492795  0.363722  0.399998  0.600953  0.666010  0.578641  0.361664  0.477205  0.487752  0.571300  0.517413  0.568452  0.501422  0.562427  0.731639  0.746376  0.421014  0.725266  0.523072  0.576047  0.407215  0.973626  0.544363 0.0  0.508031  0.649892  0.616377  0.692954  0.479919  0.451452  0.488184  0.458792  0.442197  0.484746  0.609821  0.546765  0.415820  0.685619  0.387106  0.473747  0.554188  0.756200  0.588276  0.443374  0.482269  0.473981  0.583859  0.526092  0.548370  0.641915  0.529909  0.436219  0.814520  0.475754  0.404855  0.528273  0.365232  0.501618  0.524893  0.355003  0.434380  0.639903  0.509128  0.430741  0.497680  0.588296  0.587201  0.584099  0.466076  0.509811  0.418931  0.371049  0.386473 
24  0.672262  0.370967  0.519469  0.787628  0.746989  0.521269  0.481078  0.659899  0.397555  0.629589  0.531945  0.684133  0.711330  0.683582  0.794168  0.764852  0.425374  0.769736  0.725706  0.731408  0.437124  0.642461  0.611214  0.508031 0.0  0.837228  0.782968  0.647173  0.593388  0.608559  0.508334  0.423347  0.385587  0.472386  0.710587  0.569810  0.533776  0.796710  0.468432  0.509746  0.751856  0.342675  0.529840  0.591283  0.751298  0.768887  0.661524  0.626922  0.632963  0.625241  0.532042  0.599022  0.608647  0.666927  0.739269  0.506174  0.607215  0.737758  0.429092  0.484712  0.576775  0.785484  0.530152  0.579260  0.537662  0.747107  0.717849  0.690763  0.725766  0.629333  0.583893  0.641782  0.613259 
25  0.701782  0.862339  0.756759  0.727362  0.612527  0.636242  0.604261  0.736330  0.765731  0.574250  0.854521  0.616546  0.642846  0.714214  0.682539  0.681859  0.695290  0.725921  0.672319  0.512897  0.687575  0.878015  0.704195  0.649892  0.837228 0.0  0.673415  0.678437  0.740879  0.644082  0.812541  0.647443  0.854210  0.906273  0.873467  0.754015  0.739084  0.666998  0.756028  0.744615  0.486105  0.859088  0.612816  0.701911  0.600040  0.533675  0.875515  0.802222  0.675423  0.699429  0.709941  0.808760  0.891406  0.736639  0.707308  0.796002  0.749966  0.598682  0.873070  0.789389  0.866329  0.725789  0.592964  0.765562  0.675329  0.756947  0.792432  0.685683  0.714381  0.741699  0.713984  0.839021  0.614198 
26  0.661175  0.670948  0.775112  0.645129  0.615091  0.667369  0.689966  0.706393  0.887062  0.471543  0.885018  0.627865  0.707937  0.669079  0.742541  0.676253  0.846425  0.504687  0.673011  0.576689  0.683724  0.955130  0.712249  0.616377  0.782968  0.673415 0.0  0.774769  0.729184  0.738704  0.692620  0.738030  0.702116  0.814508  0.793977  0.652922  0.727799  0.619426  0.600619  0.679549  0.632166  0.698040  0.685778  0.601567  0.696745  0.535728  0.730525  0.799559  0.640813  0.765158  0.696395  0.738400  0.726859  0.633650  0.848311  0.654207  0.657792  0.606253  0.793182  0.742290  0.802981  0.757458  0.670175  0.596860  0.718054  0.791496  0.528373  0.685725  0.695445  0.699418  0.658935  0.609848  0.576464 
27  0.634694  0.633780  0.788824  0.698821  0.703633  0.701541  0.617698  0.836973  0.485659  0.752839  0.559268  0.672753  0.770574  0.799766  0.580657  0.674172  0.502183  0.644842  0.700298  0.762317  0.635566  0.818892  0.860398  0.692954  0.647173  0.678437  0.774769 0.0  0.530740  0.795267  0.770431  0.728003  0.644627  0.711703  0.567119  0.623089  0.632335  0.713188  0.684183  0.610500  0.660349  0.578817  0.809607  0.794077  0.696980  0.704744  0.573917  0.734731  0.709865  0.628366  0.674106  0.778187  0.625990  0.657088  0.579075  0.574655  0.680864  0.743408  0.577009  0.648974  0.737822  0.621953  0.716949  0.602394  0.705380  0.646313  0.728348  0.844799  0.714634  0.672497  0.766759  0.598054  0.712890 
28  0.575818  0.583321  0.554834  0.493037  0.745076  0.622074  0.525490  0.342877  0.521776  0.582074  0.461303  0.625285  0.431552  0.568417  0.817287  0.760095  0.565204  0.681838  0.584055  0.707951  0.461784  0.796794  0.470042  0.479919  0.593388  0.740879  0.729184  0.530740 0.0  0.536970  0.445435  0.479410  0.264218  0.502743  0.545222  0.481463  0.426345  0.723819  0.379495  0.473367  0.508074  0.516278  0.658751  0.698944  0.422223  0.480418  0.408368  0.491894  0.326907  0.598269  0.387528  0.578086  0.815923  0.399924  0.362259  0.250307  0.567091  0.456923  0.585056  0.465888  0.407732  0.641746  0.521405  0.377798  0.399540  0.429152  0.665645  0.470902  0.390495  0.402391  0.351540  0.338457  0.619347 
29  0.609366  0.485671  0.561340  0.448479  0.601678  0.485878  0.517302  0.512699  0.411915  0.560826  0.678680  0.492386  0.408419  0.623948  0.816262  0.647099  0.701644  0.785121  0.547622  0.712718  0.394328  0.934993  0.586765  0.451452  0.608559  0.644082  0.738704  0.795267  0.536970 0.0  0.433197  0.546917  0.603404  0.770072  0.775241  0.405472  0.521489  0.708083  0.490112  0.489111  0.585680  0.628079  0.455708  0.344188  0.587249  0.547029  0.658918  0.582932  0.512584  0.800011  0.417274  0.321234  0.859180  0.572728  0.547467  0.513721  0.346772  0.525664  0.673851  0.449760  0.574266  0.837196  0.374850  0.573217  0.478799  0.591293  0.503396  0.360916  0.436561  0.568218  0.552070  0.625556  0.424586 
30  0.561732  0.436314  0.468216  0.498674  0.680250  0.423939  0.320914  0.611061  0.538453  0.644643  0.476334  0.668479  0.590464  0.600957  0.738043  0.685152  0.524203  0.682988  0.493386  0.652232  0.427340  0.962821  0.503112  0.488184  0.508334  0.812541  0.692620  0.770431  0.445435  0.433197 0.0  0.508298  0.426590  0.500798  0.576152  0.373256  0.432567  0.716005  0.321483  0.308785  0.505033  0.659825  0.525594  0.454212  0.666962  0.558188  0.496525  0.420299  0.540553  0.802273  0.463630  0.418956  0.849852  0.599622  0.490837  0.388946  0.372931  0.540440  0.466307  0.419383  0.506121  0.623537  0.419673  0.367818  0.301605  0.526240  0.650418  0.637298  0.474391  0.472513  0.563483  0.540056  0.508921 
31  0.679633  0.360978  0.359874  0.644220  0.601834  0.492866  0.585255  0.591466  0.459043  0.593685  0.534332  0.559205  0.523182  0.635665  0.706124  0.778971  0.534467  0.665659  0.625881  0.666389  0.338299  0.789660  0.578026  0.458792  0.423347  0.647443  0.738030  0.728003  0.479410  0.546917  0.508298 0.0  0.373280  0.623256  0.598636  0.419337  0.676634  0.593673  0.439164  0.476458  0.708087  0.601767  0.558193  0.558775  0.525041  0.407186  0.566778  0.550857  0.566658  0.744742  0.381611  0.458956  0.837051  0.426672  0.553017  0.549929  0.338319  0.558224  0.393391  0.202311  0.407925  0.664663  0.639628  0.286354  0.555258  0.403068  0.551224  0.553075  0.455551  0.536820  0.381459  0.473674  0.515424 
32  0.615241  0.374339  0.450891  0.576776  0.713221  0.554170  0.347102  0.512043  0.504845  0.599244  0.517592  0.630463  0.529752  0.586019  0.681628  0.800810  0.440558  0.763953  0.611037  0.619786  0.359413  0.723078  0.524842  0.442197  0.385587  0.854210  0.702116  0.644627  0.264218  0.603404  0.426590  0.373280 0.0  0.623902  0.650802  0.419701  0.614088  0.627735  0.656288  0.542417  0.464590  0.647210  0.469350  0.513189  0.535071  0.339723  0.588672  0.496845  0.601659  0.683697  0.425191  0.459587  0.837326  0.502208  0.503808  0.418022  0.384805  0.583481  0.421574  0.421600  0.466570  0.608171  0.535690  0.308617  0.442642  0.522713  0.641808  0.575690  0.654916  0.609283  0.468911  0.506672  0.464702 
33  0.811491  0.574653  0.654336  0.772286  0.792895  0.697754  0.602476  0.490755  0.670718  0.669157  0.636297  0.736029  0.481812  0.574052  0.814498  0.780319  0.517080  0.829574  0.790371  0.744505  0.673228  0.741893  0.408043  0.484746  0.472386  0.906273  0.814508  0.711703  0.502743  0.770072  0.500798  0.623256  0.623902 0.0  0.482500  0.582456  0.545489  0.758302  0.557742  0.584158  0.684769  0.561557  0.722304  0.685416  0.536428  0.720763  0.421857  0.454148  0.265993  0.691482  0.395920  0.634421  0.768198  0.423701  0.494428  0.498685  0.635938  0.780496  0.627772  0.602084  0.620247  0.669819  0.685138  0.518815  0.599800  0.660494  0.755674  0.721027  0.636643  0.507861  0.571448  0.517876  0.484365 
34  0.653888  0.683427  0.794242  0.724613  0.907016  0.631117  0.601513  0.532568  0.713951  0.680683  0.494430  0.712299  0.587128  0.830738  0.803751  0.911877  0.500990  0.839638  0.679188  0.807682  0.593954  0.826169  0.516665  0.609821  0.710587  0.873467  0.793977  0.567119  0.545222  0.775241  0.576152  0.598636  0.650802  0.482500 0.0  0.624469  0.458800  0.835402  0.633177  0.624156  0.755210  0.709678  0.787414  0.733809  0.559806  0.672133  0.376505  0.475272  0.636731  0.506153  0.672463  0.614201  0.774839  0.508091  0.618300  0.477304  0.739861  0.830238  0.491986  0.508437  0.603951  0.765368  0.680139  0.586081  0.471260  0.600002  0.886525  0.684007  0.651067  0.363196  0.629896  0.477697  0.544935 
35  0.688986  0.405714  0.513301  0.551389  0.585896  0.480447  0.461124  0.539134  0.411545  0.624698  0.518807  0.485733  0.476458  0.489664  0.836161  0.782875  0.420125  0.696444  0.574058  0.658709  0.409846  0.792997  0.640131  0.546765  0.569810  0.754015  0.652922  0.623089  0.481463  0.405472  0.373256  0.419337  0.419701  0.582456  0.624469 0.0  0.535169  0.697533  0.484348  0.335137  0.579440  0.563481  0.435685  0.518257  0.632189  0.523463  0.565152  0.511426  0.335054  0.826897  0.502970  0.437748  0.951548  0.364789  0.482631  0.527311  0.435150  0.554161  0.467919  0.460403  0.589617  0.672409  0.417958  0.365128  0.396177  0.464793  0.633699  0.491675  0.432193  0.553571  0.490560  0.466852  0.365781 
36  0.571174  0.480206  0.464738  0.609968  0.718866  0.570536  0.468147  0.448921  0.666384  0.674402  0.594953  0.637351  0.588326  0.581576  0.835653  0.663270  0.606237  0.686753  0.478285  0.600148  0.445407  0.771041  0.404974  0.415820  0.533776  0.739084  0.727799  0.632335  0.426345  0.521489  0.432567  0.676634  0.614088  0.545489  0.458800  0.535169 0.0  0.695370  0.475164  0.437143  0.650530  0.520218  0.582766  0.632549  0.629817  0.537352  0.514985  0.520572  0.445863  0.643900  0.394536  0.578423  0.892422  0.489107  0.482130  0.542255  0.547666  0.630109  0.562291  0.440780  0.381790  0.522341  0.499072  0.498784  0.446535  0.433168  0.598510  0.552619  0.473451  0.417078  0.381086  0.447218  0.574066 
37  0.773520  0.689302  0.758667  0.764002  0.574947  0.674942  0.637456  0.659545  0.760991  0.620787  0.765769  0.686848  0.708486  0.823058  0.771554  0.560915  0.790141  0.594172  0.673522  0.564796  0.604313  0.879138  0.772956  0.685619  0.796710  0.666998  0.619426  0.713188  0.723819  0.708083  0.716005  0.593673  0.627735  0.758302  0.835402  0.697533  0.695370 0.0  0.559234  0.668250  0.516266  0.764456  0.660613  0.741822  0.844313  0.546248  0.834044  0.627310  0.729491  0.689074  0.666181  0.895148  0.710886  0.702540  0.544144  0.714018  0.540591  0.689919  0.763566  0.608360  0.600380  0.367030  0.697794  0.536990  0.617332  0.745679  0.777510  0.880222  0.622186  0.656964  0.708440  0.682450  0.705010 
38  0.510463  0.396900  0.499623  0.649303  0.654919  0.547755  0.461809  0.481269  0.530674  0.538589  0.502587  0.663430  0.558697  0.706778  0.819785  0.814317  0.481161  0.694967  0.612236  0.623621  0.379783  0.749802  0.610712  0.387106  0.468432  0.756028  0.600619  0.684183  0.379495  0.490112  0.321483  0.439164  0.656288  0.557742  0.633177  0.484348  0.475164  0.559234 0.0  0.428668  0.503341  0.564702  0.548441  0.550040  0.485451  0.481024  0.546159  0.495925  0.436595  0.739535  0.372321  0.551216  0.738823  0.381578  0.550130  0.417992  0.486508  0.608191  0.577509  0.360182  0.386806  0.552427  0.593110  0.351119  0.458380  0.550122  0.497485  0.395801  0.499255  0.422943  0.315941  0.438241  0.545212 
39  0.598929  0.469981  0.543737  0.525914  0.569876  0.496395  0.410737  0.535175  0.481013  0.556465  0.659264  0.521796  0.498052  0.532047  0.730482  0.789288  0.452960  0.592509  0.512170  0.646399  0.401938  0.835111  0.401325  0.473747  0.509746  0.744615  0.679549  0.610500  0.473367  0.489111  0.308785  0.476458  0.542417  0.584158  0.624156  0.335137  0.437143  0.668250  0.428668 0.0  0.517830  0.473636  0.538830  0.500482  0.566378  0.396122  0.663047  0.449954  0.524659  0.636207  0.395571  0.488481  0.779097  0.397802  0.379642  0.506329  0.407628  0.524722  0.500734  0.411966  0.427496  0.599491  0.420698  0.403875  0.462691  0.580578  0.645750  0.582735  0.399890  0.460002  0.372103  0.455424  0.487096 
40  0.587782  0.494235  0.640844  0.663458  0.579634  0.503410  0.469623  0.636299  0.659069  0.550041  0.632319  0.604480  0.640576  0.640257  0.621638  0.637399  0.698468  0.567846  0.585019  0.512548  0.590681  0.640275  0.752772  0.554188  0.751856  0.486105  0.632166  0.660349  0.508074  0.585680  0.505033  0.708087  0.464590  0.684769  0.755210  0.579440  0.650530  0.516266  0.503341  0.517830 0.0  0.698263  0.507962  0.596791  0.669658  0.579186  0.797270  0.625536  0.570544  0.665655  0.577214  0.608582  0.646652  0.537129  0.661773  0.569142  0.686648  0.713240  0.626791  0.603807  0.576466  0.550038  0.689190  0.482084  0.480178  0.727531  0.542045  0.631984  0.622134  0.566215  0.573584  0.644134  0.529219 
41  0.773640  0.551746  0.566363  0.588671  0.696275  0.765231  0.667243  0.639764  0.514166  0.526212  0.522258  0.794372  0.707681  0.601570  0.835173  0.832256  0.588990  0.779851  0.711499  0.696151  0.654051  0.614153  0.681622  0.756200  0.342675  0.859088  0.698040  0.578817  0.516278  0.628079  0.659825  0.601767  0.647210  0.561557  0.709678  0.563481  0.520218  0.764456  0.564702  0.473636  0.698263 0.0  0.726384  0.616859  0.639916  0.683339  0.530118  0.726899  0.702867  0.575002  0.693713  0.733752  0.625062  0.518980  0.504540  0.589082  0.513742  0.753805  0.735735  0.690349  0.567737  0.852327  0.648958  0.678976  0.581211  0.703883  0.643031  0.754659  0.637688  0.644471  0.604330  0.574591  0.643837 
42  0.448929  0.312574  0.515395  0.469518  0.724067  0.367264  0.389934  0.520300  0.432301  0.581073  0.530130  0.567866  0.541262  0.592712  0.827345  0.771357  0.514463  0.738373  0.508712  0.628179  0.515733  0.905429  0.578800  0.588276  0.529840  0.612816  0.685778  0.809607  0.658751  0.455708  0.525594  0.558193  0.469350  0.722304  0.787414  0.435685  0.582766  0.660613  0.548441  0.538830  0.507962  0.726384 0.0  0.442853  0.578304  0.679809  0.660099  0.553386  0.515490  0.752097  0.537657  0.429295  0.897813  0.479202  0.594877  0.593757  0.538870  0.519832  0.541581  0.544957  0.519344  0.751643  0.266528  0.432836  0.542398  0.619330  0.549227  0.473631  0.530161  0.526282  0.484922  0.487345  0.385073 
43  0.547847  0.411701  0.449508  0.433006  0.798376  0.248603  0.527901  0.555873  0.465694  0.647612  0.636244  0.543770  0.533505  0.628071  0.809866  0.733348  0.564097  0.703594  0.500171  0.541885  0.418115  1.000000  0.540135  0.443374  0.591283  0.701911  0.601567  0.794077  0.698944  0.344188  0.454212  0.558775  0.513189  0.685416  0.733809  0.518257  0.632549  0.741822  0.550040  0.500482  0.596791  0.616859  0.442853 0.0  0.558893  0.549523  0.660903  0.602648  0.565711  0.668374  0.695111  0.505366  0.998534  0.575907  0.644566  0.490555  0.564343  0.474509  0.588293  0.477119  0.589718  0.683483  0.408983  0.576642  0.511389  0.413577  0.687479  0.427324  0.536749  0.578061  0.577292  0.475968  0.505001 
44  0.520427  0.472651  0.517939  0.642797  0.728622  0.610119  0.597576  0.371148  0.581904  0.580802  0.609392  0.572973  0.449631  0.513341  0.808598  0.740417  0.563796  0.781369  0.629532  0.511347  0.572282  0.860382  0.260907  0.482269  0.751298  0.600040  0.696745  0.696980  0.422223  0.587249  0.666962  0.525041  0.535071  0.536428  0.559806  0.632189  0.629817  0.844313  0.485451  0.566378  0.669658  0.639916  0.578304  0.558893 0.0  0.624435  0.583185  0.332973  0.347491  0.769752  0.468416  0.593604  0.753520  0.550520  0.367102  0.473244  0.366586  0.499096  0.602510  0.541744  0.477500  0.574108  0.539064  0.608794  0.620959  0.514236  0.557352  0.650271  0.331509  0.502390  0.476849  0.481351  0.502637 
45  0.605823  0.387991  0.582127  0.521423  0.511965  0.541486  0.442400  0.569183  0.572120  0.454464  0.623735  0.543374  0.558177  0.400933  0.685540  0.539907  0.488545  0.530629  0.426062  0.630688  0.413388  0.825023  0.580260  0.473981  0.768887  0.533675  0.535728  0.704744  0.480418  0.547029  0.558188  0.407186  0.339723  0.720763  0.672133  0.523463  0.537352  0.546248  0.481024  0.396122  0.579186  0.683339  0.679809  0.549523  0.624435 0.0  0.626206  0.465891  0.655811  0.680940  0.541363  0.551880  0.648279  0.597171  0.472763  0.574964  0.587250  0.391589  0.599955  0.533842  0.372255  0.680618  0.614127  0.497226  0.471318  0.477575  0.441394  0.514770  0.571563  0.558259  0.478581  0.471869  0.495550 
46  0.749528  0.544000  0.588466  0.811463  0.846386  0.661323  0.516038  0.686293  0.592344  0.578631  0.379503  0.706369  0.654537  0.619218  0.879967  0.868272  0.586368  0.840593  0.682985  0.842938  0.582002  0.818886  0.534683  0.583859  0.661524  0.875515  0.730525  0.573917  0.408368  0.658918  0.496525  0.566778  0.588672  0.421857  0.376505  0.565152  0.514985  0.834044  0.546159  0.663047  0.797270  0.530118  0.660099  0.660903  0.583185  0.626206 0.0  0.388188  0.591261  0.599574  0.581298  0.680173  0.876582  0.602890  0.495028  0.486631  0.681943  0.817315  0.524516  0.557052  0.462935  0.828473  0.615266  0.617334  0.604931  0.641177  0.747887  0.670477  0.541237  0.429354  0.540506  0.362986  0.727333 
47  0.696871  0.585020  0.530057  0.584519  0.600035  0.568293  0.449470  0.439678  0.563409  0.669685  0.625657  0.626689  0.511760  0.552085  0.881833  0.755304  0.523590  0.740183  0.482442  0.551629  0.402377  0.746327  0.478105  0.526092  0.626922  0.802222  0.799559  0.734731  0.491894  0.582932  0.420299  0.550857  0.496845  0.454148  0.475272  0.511426  0.520572  0.627310  0.495925  0.449954  0.625536  0.726899  0.553386  0.602648  0.332973  0.465891  0.388188 0.0  0.432986  0.702328  0.314110  0.582697  0.869311  0.383361  0.305341  0.495819  0.444090  0.567823  0.693284  0.592870  0.344931  0.573867  0.543809  0.488413  0.469595  0.408371  0.757210  0.608626  0.429177  0.380175  0.457774  0.365256  0.515139 
48  0.568986  0.609420  0.526807  0.614332  0.698199  0.442673  0.572934  0.413117  0.586973  0.637560  0.707562  0.549266  0.630097  0.621646  0.795146  0.657899  0.556309  0.862135  0.644615  0.612350  0.568402  0.939941  0.322539  0.548370  0.632963  0.675423  0.640813  0.709865  0.326907  0.512584  0.540553  0.566658  0.601659  0.265993  0.636731  0.335054  0.445863  0.729491  0.436595  0.524659  0.570544  0.702867  0.515490  0.565711  0.347491  0.655811  0.591261  0.432986 0.0  0.812157  0.514697  0.497865  0.888738  0.480142  0.529004  0.479305  0.570224  0.690671  0.804145  0.432360  0.386156  0.631564  0.629978  0.522423  0.618871  0.537888  0.574076  0.613727  0.562981  0.412724  0.515601  0.280888  0.593519 
49  0.696061  0.715654  0.720133  0.631837  0.694116  0.855829  0.693351  0.714992  0.734029  0.558504  0.621079  0.699811  0.802437  0.593930  0.671019  0.823425  0.577720  0.663271  0.784334  0.784864  0.726849  0.679029  0.834916  0.641915  0.625241  0.699429  0.765158  0.628366  0.598269  0.800011  0.802273  0.744742  0.683697  0.691482  0.506153  0.826897  0.643900  0.689074  0.739535  0.636207  0.665655  0.575002  0.752097  0.668374  0.769752  0.680940  0.599574  0.702328  0.812157 0.0  0.669766  0.723259  0.534415  0.627101  0.652971  0.692810  0.601025  0.732134  0.508341  0.674898  0.741813  0.685387  0.711309  0.629844  0.691971  0.666094  0.611623  0.704948  0.597143  0.678208  0.722288  0.705291  0.659065 
50  0.568031  0.411787  0.525649  0.623109  0.619238  0.566574  0.454966  0.501532  0.639925  0.623222  0.487268  0.491119  0.397861  0.644295  0.771715  0.679015  0.448996  0.677861  0.656146  0.738996  0.423670  0.806819  0.527266  0.529909  0.532042  0.709941  0.696395  0.674106  0.387528  0.417274  0.463630  0.381611  0.425191  0.395920  0.672463  0.502970  0.394536  0.666181  0.372321  0.395571  0.577214  0.693713  0.537657  0.695111  0.468416  0.541363  0.581298  0.314110  0.514697  0.669766 0.0  0.531297  0.905200  0.215612  0.393638  0.489159  0.481094  0.537941  0.643159  0.409089  0.521647  0.705783  0.463578  0.614716  0.466522  0.474600  0.615681  0.386616  0.400648  0.436646  0.356930  0.378251  0.518330 
51  0.600857  0.481384  0.510930  0.612604  0.696440  0.409898  0.367254  0.330628  0.376008  0.544754  0.591318  0.671408  0.485514  0.494099  0.861364  0.807854  0.596510  0.666558  0.460479  0.570188  0.515541  0.974642  0.472687  0.436219  0.599022  0.808760  0.738400  0.778187  0.578086  0.321234  0.418956  0.458956  0.459587  0.634421  0.614201  0.437748  0.578423  0.895148  0.551216  0.488481  0.608582  0.733752  0.429295  0.505366  0.593604  0.551880  0.680173  0.582697  0.497865  0.723259  0.531297 0.0  0.823286  0.574840  0.611287  0.530315  0.613829  0.619154  0.655345  0.560429  0.633937  0.693055  0.438041  0.438141  0.415348  0.548094  0.637353  0.391611  0.417959  0.671443  0.462323  0.619700  0.411854 
52  0.924742  0.631759  0.824337  0.949400  0.740196  0.951526  0.944938  0.906210  0.837014  0.738941  0.801743  0.892754  0.952990  0.902129  0.778883  0.778480  0.783829  0.831440  0.770360  0.762817  0.744344  0.672669  0.935274  0.814520  0.608647  0.891406  0.726859  0.625990  0.815923  0.859180  0.849852  0.837051  0.837326  0.768198  0.774839  0.951548  0.892422  0.710886  0.738823  0.779097  0.646652  0.625062  0.897813  0.998534  0.753520  0.648279  0.876582  0.869311  0.888738  0.534415  0.905200  0.823286 0.0  0.875349  0.817242  0.808438  0.831270  0.907947  0.745850  0.750713  0.800958  0.683747  0.890568  0.791725  0.792866  0.808214  0.894884  0.805222  0.920740  0.849928  0.838166  0.838580  0.840351 
53  0.550831  0.466235  0.457443  0.478010  0.705686  0.510755  0.422965  0.450894  0.496422  0.546257  0.452082  0.455708  0.544549  0.621021  0.690869  0.723900  0.541933  0.758698  0.557605  0.595523  0.375225  0.737211  0.544773  0.475754  0.666927  0.736639  0.633650  0.657088  0.399924  0.572728  0.599622  0.426672  0.502208  0.423701  0.508091  0.364789  0.489107  0.702540  0.381578  0.397802  0.537129  0.518980  0.479202  0.575907  0.550520  0.597171  0.602890  0.383361  0.480142  0.627101  0.215612  0.574840  0.875349 0.0  0.603244  0.413042  0.372765  0.616411  0.519672  0.355958  0.443793  0.572630  0.569540  0.462466  0.414043  0.480449  0.619990  0.554211  0.449103  0.485615  0.215978  0.311627  0.616094 
