73
0 0.0  0.666323  0.658678  0.668222  0.751528  0.785027  0.782105  0.701868  0.890363  0.718247  0.754595  0.700647  0.706951  0.758604  0.782002  0.775520  0.746001  0.624268  0.711019  0.761555  0.717919  0.774776  0.774186  0.856491  0.846619  0.753996  0.737388  0.830504  0.786994  0.757154  0.663451  0.760122  0.649380  0.796370  0.788869  0.634483  0.696611  0.806969  0.691032  0.681428  0.677268  0.760834  0.697438  0.736085  0.772759  0.658010  0.784642  0.815673  0.576390  0.756453  0.540355  0.641612  0.812793  0.627878  0.791619  0.734681  0.449300  0.686598  0.729946  0.809625  0.734921  0.716685  0.669641  0.818765  0.668276  0.683904  0.735948  0.620182  0.823184  0.748667  0.748586  0.712044  0.659650 
1  0.666323 0.0  0.580190  0.452187  0.473375  0.348333  0.619534  0.479932  0.498406  0.717046  0.520045  0.422360  0.496068  0.497419  0.659240  0.449902  0.307868  0.707972  0.490687  0.341513  0.477968  0.401538  0.762690  0.637749  0.165032  0.466602  0.590931  0.445975  0.377473  0.492002  0.750934  0.506450  0.651083  0.731312  0.506609  0.592472  0.675486  0.420721  0.358094  0.473745  0.483139  0.400252  0.733736  0.755603  0.532837  0.423518  0.517444  0.459226  0.463602  0.451566  0.632142  0.460104  0.596830  0.624268  0.386831  0.570447  0.590676  0.541411  0.417358  0.536359  0.695230  0.349127  0.553588  0.485528  0.320043  0.533464  0.352643  0.503050  0.530867  0.415081  0.502613  0.443314  0.553855 
2  0.658678  0.580190 0.0  0.517646  0.576354  0.441414  0.558103  0.465096  0.478067  0.678427  0.508092  0.586158  0.664503  0.529623  0.569133  0.279630  0.536872  0.712881  0.376516  0.544782  0.729712  0.474498  0.729037  0.770352  0.461715  0.443987  0.674187  0.501948  0.489132  0.537044  0.835011  0.531103  0.728340  0.779998  0.398395  0.620877  0.665978  0.534011  0.634701  0.470597  0.384671  0.424894  0.739860  0.615913  0.584084  0.472899  0.387029  0.439167  0.559685  0.419865  0.665372  0.661529  0.553578  0.738504  0.418438  0.558276  0.676487  0.630461  0.390848  0.670407  0.881792  0.547412  0.537675  0.473987  0.400783  0.593583  0.448347  0.479146  0.475444  0.551782  0.484294  0.463338  0.487400 
3  0.668222  0.452187  0.517646 0.0  0.416037  0.504013  0.419830  0.418627  0.448945  0.633931  0.444553  0.448288  0.595880  0.599578  0.505549  0.475622  0.360938  0.569293  0.462316  0.405256  0.697067  0.522201  0.754373  0.675707  0.441659  0.475378  0.724006  0.451771  0.473437  0.553204  0.824886  0.446359  0.572903  0.785579  0.507685  0.679902  0.457647  0.422512  0.510158  0.478205  0.356199  0.409423  0.872904  0.672462  0.431013  0.347365  0.433622  0.404757  0.487899  0.488223  0.473022  0.614045  0.423221  0.668845  0.529785  0.449761  0.709838  0.662956  0.463314  0.520369  0.914120  0.444780  0.619770  0.436444  0.510942  0.543938  0.419922  0.264584  0.476244  0.433609  0.440195  0.508752  0.433104 
4  0.751528  0.473375  0.576354  0.416037 0.0  0.547235  0.526867  0.550076  0.439698  0.575814  0.435128  0.389515  0.534832  0.481268  0.591665  0.593877  0.567931  0.797683  0.471285  0.457770  0.695381  0.456308  0.812932  0.806449  0.524075  0.623428  0.722472  0.414276  0.448247  0.708821  0.793394  0.604612  0.753107  0.636216  0.496210  0.473536  0.478040  0.454017  0.504014  0.559692  0.458335  0.481685  0.831816  0.608024  0.417117  0.611600  0.575920  0.455527  0.501235  0.424834  0.522510  0.481558  0.413026  0.674319  0.571988  0.551318  0.683220  0.720886  0.443404  0.607575  0.889128  0.425917  0.609467  0.402120  0.379032  0.589726  0.568549  0.336947  0.633678  0.540309  0.386009  0.433404  0.533951 
5  0.785027  0.348333  0.441414  0.504013  0.547235 0.0  0.439620  0.473096  0.448471  0.649045  0.583956  0.427958  0.550043  0.668834  0.638528  0.322637  0.435675  0.670463  0.359344  0.585440  0.714596  0.415304  0.960362  0.662700  0.501647  0.345135  0.575286  0.432412  0.280111  0.392831  0.826518  0.363387  0.673070  0.745488  0.394875  0.652131  0.556372  0.407271  0.448000  0.416036  0.585924  0.301604  0.758547  0.698893  0.645181  0.391365  0.420508  0.364917  0.554539  0.552036  0.577355  0.541878  0.610407  0.679578  0.293751  0.596767  0.707254  0.577279  0.387725  0.504827  0.869086  0.387945  0.459066  0.637214  0.373126  0.467824  0.464181  0.490259  0.430578  0.437760  0.586554  0.348950  0.465537 
6  0.782105  0.619534  0.558103  0.419830  0.526867  0.439620 0.0  0.483296  0.555566  0.655802  0.586360  0.374123  0.666857  0.684830  0.460339  0.395226  0.416431  0.702422  0.504711  0.442782  0.728332  0.473313  0.807715  0.686425  0.454476  0.494091  0.758763  0.520817  0.426729  0.359882  0.844647  0.553145  0.709172  0.681256  0.500127  0.672214  0.642468  0.414386  0.389968  0.389847  0.510708  0.373261  0.899194  0.753584  0.605736  0.486392  0.435640  0.545027  0.615103  0.565904  0.637483  0.561144  0.565611  0.606508  0.538546  0.602047  0.686980  0.625897  0.487884  0.646847  0.806740  0.471936  0.636564  0.636114  0.408106  0.624372  0.357166  0.439923  0.535934  0.514128  0.513007  0.510808  0.482171 
7  0.701868  0.479932  0.465096  0.418627  0.550076  0.473096  0.483296 0.0  0.555913  0.631508  0.513618  0.347154  0.658962  0.560918  0.665924  0.545708  0.472990  0.638043  0.478292  0.311854  0.649746  0.392490  0.814984  0.690448  0.479299  0.562943  0.577586  0.405712  0.363390  0.569564  0.774656  0.415066  0.624895  0.719793  0.430401  0.601730  0.488213  0.430894  0.344606  0.492453  0.324605  0.377381  0.849432  0.807331  0.357100  0.418343  0.555327  0.362730  0.507628  0.325772  0.535275  0.491607  0.568094  0.616144  0.470504  0.607551  0.582774  0.611578  0.442103  0.406282  0.803025  0.284881  0.590558  0.566239  0.456584  0.432038  0.578866  0.459375  0.498457  0.431126  0.457444  0.374591  0.520109 
8  0.890363  0.498406  0.478067  0.448945  0.439698  0.448471  0.555566  0.555913 0.0  0.678589  0.487540  0.391915  0.619283  0.548836  0.569455  0.427783  0.549766  0.656007  0.459034  0.548656  0.664720  0.464434  0.840995  0.667043  0.598630  0.497018  0.808374  0.470755  0.353270  0.594876  0.755930  0.451682  0.752594  0.764776  0.433545  0.569193  0.646719  0.490233  0.537524  0.562898  0.524707  0.523738  0.960311  0.718995  0.374674  0.569439  0.428716  0.485854  0.488423  0.523972  0.666459  0.334413  0.398371  0.713217  0.400447  0.444245  0.798115  0.639756  0.463524  0.666505  0.875107  0.501961  0.503349  0.462573  0.442564  0.649194  0.526444  0.312443  0.609360  0.452078  0.525285  0.611219  0.509974 
9  0.718247  0.717046  0.678427  0.633931  0.575814  0.649045  0.655802  0.631508  0.678589 0.0  0.539027  0.740626  0.665220  0.535114  0.774726  0.604524  0.661481  0.634287  0.635692  0.637113  0.728197  0.629382  0.620835  0.704452  0.632605  0.691013  0.536711  0.579801  0.742541  0.733634  0.858817  0.685327  0.639483  0.696635  0.611581  0.558524  0.812957  0.588488  0.571726  0.719277  0.537383  0.668289  0.854155  0.584847  0.702357  0.703055  0.664300  0.705431  0.510270  0.545878  0.585683  0.552198  0.706048  0.647750  0.668901  0.548473  0.581424  0.614137  0.664537  0.854975  0.743253  0.607749  0.744007  0.616564  0.598988  0.584983  0.750049  0.662552  0.736707  0.622710  0.641881  0.584064  0.614623 
10  0.754595  0.520045  0.508092  0.444553  0.435128  0.583956  0.586360  0.513618  0.487540  0.539027 0.0  0.592143  0.567697  0.535222  0.425094  0.602678  0.431860  0.705619  0.521571  0.623361  0.739089  0.644470  0.785555  0.726612  0.565188  0.600773  0.650717  0.448277  0.456375  0.626687  0.795613  0.565353  0.673958  0.682445  0.455485  0.559240  0.600981  0.688113  0.503630  0.566901  0.540114  0.507440  0.878102  0.713419  0.424314  0.586851  0.578272  0.474862  0.450712  0.541429  0.507902  0.506667  0.513306  0.690336  0.463959  0.296014  0.844326  0.636688  0.624339  0.616659  0.863679  0.458256  0.700765  0.532426  0.631846  0.585399  0.555089  0.438891  0.741854  0.569191  0.617032  0.494330  0.603177 
11  0.700647  0.422360  0.586158  0.448288  0.389515  0.427958  0.374123  0.347154  0.391915  0.740626  0.592143 0.0  0.631473  0.563609  0.704430  0.490917  0.399353  0.452496  0.447355  0.375149  0.635594  0.446481  0.891656  0.717271  0.356123  0.446276  0.646554  0.419990  0.453946  0.442497  0.802991  0.295058  0.611388  0.732761  0.280729  0.596188  0.519549  0.372070  0.447934  0.491077  0.401981  0.348348  0.806983  0.686105  0.379417  0.427370  0.487946  0.342548  0.490020  0.479069  0.551186  0.587259  0.453762  0.645216  0.425441  0.667794  0.684534  0.572361  0.342722  0.481766  0.819006  0.374762  0.569636  0.434649  0.441652  0.474182  0.399243  0.285656  0.435363  0.420666  0.440720  0.394834  0.324163 
12  0.706951  0.496068  0.664503  0.595880  0.534832  0.550043  0.666857  0.658962  0.619283  0.665220  0.567697  0.631473 0.0  0.474365  0.519575  0.588893  0.569241  0.588584  0.625698  0.484336  0.641107  0.574189  0.688771  0.714470  0.601643  0.670771  0.560584  0.452341  0.625812  0.590532  0.780304  0.617901  0.742714  0.777376  0.617178  0.531594  0.737577  0.755972  0.547393  0.545519  0.596063  0.618411  0.818752  0.716184  0.519001  0.493127  0.570014  0.508522  0.473065  0.534441  0.601942  0.429287  0.552594  0.661511  0.591610  0.547484  0.696743  0.614934  0.637893  0.676877  0.727971  0.696192  0.828887  0.447121  0.468667  0.271815  0.546609  0.590172  0.723292  0.550949  0.497808  0.637658  0.588819 
13  0.758604  0.497419  0.529623  0.599578  0.481268  0.668834  0.684830  0.560918  0.548836  0.535114  0.535222  0.563609  0.474365 0.0  0.480269  0.509584  0.538505  0.637694  0.596731  0.514898  0.682103  0.565399  0.752953  0.724374  0.525321  0.656320  0.558286  0.573470  0.474648  0.605638  0.791183  0.554240  0.663689  0.661424  0.619002  0.518674  0.650363  0.413139  0.538624  0.607495  0.469198  0.636186  0.736097  0.488073  0.549095  0.539168  0.498839  0.485036  0.525621  0.444502  0.645212  0.396811  0.388310  0.736982  0.603733  0.518222  0.584385  0.535538  0.491738  0.631418  0.820509  0.516359  0.659746  0.487635  0.499987  0.246269  0.581720  0.572382  0.539264  0.458912  0.638031  0.496433  0.600526 
14  0.782002  0.659240  0.569133  0.505549  0.591665  0.638528  0.460339  0.665924  0.569455  0.774726  0.425094  0.704430  0.519575  0.480269 0.0  0.730936  0.595683  0.686253  0.682327  0.644775  0.725187  0.663560  0.718553  0.611569  0.641825  0.654350  0.622089  0.645712  0.641414  0.766603  0.854611  0.645694  0.766036  0.643752  0.616290  0.304737  0.741082  0.685863  0.628392  0.701689  0.566270  0.748417  0.948982  0.544529  0.501316  0.584802  0.660187  0.663593  0.421786  0.660647  0.562245  0.325832  0.626609  0.837165  0.573449  0.463938  0.796724  0.600772  0.613267  0.779356  0.903927  0.601219  0.771865  0.610016  0.608939  0.547891  0.727058  0.582875  0.709047  0.633826  0.602693  0.591425  0.521410 
15  0.775520  0.449902  0.279630  0.475622  0.593877  0.322637  0.395226  0.545708  0.427783  0.604524  0.602678  0.490917  0.588893  0.509584  0.730936 0.0  0.459962  0.725556  0.376760  0.440973  0.762192  0.308331  0.754089  0.717246  0.475018  0.356899  0.607241  0.524597  0.398632  0.435662  0.782261  0.433173  0.640471  0.694315  0.352617  0.690628  0.653481  0.483703  0.547834  0.350015  0.552075  0.536713  0.798798  0.781646  0.612575  0.428014  0.360246  0.421617  0.549666  0.431493  0.626860  0.585929  0.526652  0.660817  0.286477  0.533213  0.541302  0.564777  0.453820  0.546872  0.806482  0.450813  0.543842  0.541578  0.507087  0.508107  0.413458  0.577749  0.297537  0.371124  0.532850  0.471137  0.569557 
16  0.746001  0.307868  0.536872  0.360938  0.567931  0.435675  0.416431  0.472990  0.549766  0.661481  0.431860  0.399353  0.569241  0.538505  0.595683  0.459962 0.0  0.714178  0.443528  0.492335  0.576101  0.421738  0.692817  0.760841  0.431069  0.468346  0.694960  0.497779  0.377279  0.404101  0.735263  0.373462  0.561418  0.736063  0.353539  0.522400  0.545338  0.495332  0.336824  0.493119  0.448950  0.458531  0.852817  0.690760  0.451416  0.472003  0.424556  0.415899  0.441365  0.392771  0.613430  0.435979  0.386045  0.679583  0.340870  0.506338  0.692175  0.674760  0.436637  0.524481  0.796012  0.392747  0.518904  0.545484  0.418653  0.472166  0.385207  0.395493  0.357434  0.426829  0.481633  0.283758  0.407435 
17  0.624268  0.707972  0.712881  0.569293  0.797683  0.670463  0.702422  0.638043  0.656007  0.634287  0.705619  0.452496  0.588584  0.637694  0.686253  0.725556  0.714178 0.0  0.637542  0.611412  0.527221  0.545122  0.730459  0.644266  0.676933  0.717463  0.585192  0.743677  0.528276  0.646313  0.706169  0.555458  0.583818  0.602453  0.676494  0.687378  0.765847  0.724333  0.477774  0.525487  0.618898  0.607156  0.734133  0.677708  0.751010  0.547550  0.651207  0.600606  0.569631  0.683276  0.616304  0.674951  0.679549  0.519856  0.575571  0.675089  0.628836  0.460538  0.708104  0.656286  0.688693  0.672973  0.676077  0.723125  0.638253  0.617162  0.621136  0.721205  0.620568  0.655515  0.705351  0.560509  0.712244 
18  0.711019  0.490687  0.376516  0.462316  0.471285  0.359344  0.504711  0.478292  0.459034  0.635692  0.521571  0.447355  0.625698  0.596731  0.682327  0.376760  0.443528  0.637542 0.0  0.469114  0.697275  0.437226  0.693846  0.669843  0.390735  0.312728  0.631889  0.505477  0.539178  0.468660  0.886031  0.485705  0.622675  0.707660  0.409990  0.642404  0.573056  0.425327  0.578790  0.415348  0.545646  0.423797  0.836543  0.696955  0.554487  0.632002  0.382768  0.469413  0.484128  0.459535  0.579912  0.611303  0.494097  0.660432  0.421626  0.546100  0.619683  0.615203  0.544309  0.609407  0.768638  0.542908  0.583068  0.477514  0.443910  0.537310  0.488487  0.561827  0.418704  0.499553  0.402434  0.457694  0.538456 
19  0.761555  0.341513  0.544782  0.405256  0.457770  0.585440  0.442782  0.311854  0.548656  0.637113  0.623361  0.375149  0.484336  0.514898  0.644775  0.440973  0.492335  0.611412  0.469114 0.0  0.623144  0.507302  0.781823  0.618657  0.526221  0.411279  0.633140  0.395917  0.366078  0.452431  0.790873  0.344670  0.627902  0.631259  0.417662  0.653236  0.483491  0.472996  0.330767  0.455579  0.364142  0.460127  0.752762  0.835627  0.442465  0.286000  0.447125  0.355964  0.502728  0.429569  0.529591  0.613647  0.471576  0.573891  0.378326  0.442888  0.716917  0.552340  0.377944  0.448436  0.807530  0.373671  0.550810  0.371163  0.391129  0.546634  0.450914  0.342222  0.499641  0.495442  0.327587  0.425926  0.409277 
20  0.717919  0.477968  0.729712  0.697067  0.695381  0.714596  0.728332  0.649746  0.664720  0.728197  0.739089  0.635594  0.641107  0.682103  0.725187  0.762192  0.576101  0.527221  0.697275  0.623144 0.0  0.676518  0.550850  0.670421  0.662496  0.757416  0.627083  0.686496  0.698985  0.650971  0.638591  0.615122  0.564615  0.713832  0.565652  0.695651  0.586209  0.612121  0.711410  0.608397  0.708295  0.723480  0.662073  0.713714  0.694947  0.687748  0.804386  0.585796  0.595140  0.684807  0.750598  0.646449  0.870788  0.669850  0.574365  0.604195  0.652794  0.685308  0.776794  0.567561  0.544141  0.655796  0.501506  0.748755  0.595961  0.702750  0.635411  0.715399  0.530678  0.637716  0.780117  0.622520  0.705129 
21  0.774776  0.401538  0.474498  0.522201  0.456308  0.415304  0.473313  0.392490  0.464434  0.629382  0.644470  0.446481  0.574189  0.565399  0.663560  0.308331  0.421738  0.545122  0.437226  0.507302  0.676518 0.0  0.900547  0.683189  0.363919  0.425024  0.725808  0.325604  0.419432  0.320825  0.762212  0.396820  0.628881  0.668498  0.341658  0.721448  0.653235  0.330543  0.401128  0.434744  0.575759  0.344423  0.765036  0.651326  0.529909  0.441207  0.406137  0.387059  0.559467  0.439025  0.583616  0.516271  0.567092  0.571735  0.371144  0.616754  0.780188  0.601390  0.556586  0.645031  0.763527  0.514354  0.492089  0.533655  0.406715  0.522348  0.381613  0.462119  0.387065  0.552742  0.643008  0.475158  0.396718 
22  0.774186  0.762690  0.729037  0.754373  0.812932  0.960362  0.807715  0.814984  0.840995  0.620835  0.785555  0.891656  0.688771  0.752953  0.718553  0.754089  0.692817  0.730459  0.693846  0.781823  0.550850  0.900547 0.0  0.894533  0.793588  0.830137  0.696671  0.814832  0.829201  0.796686  0.688073  0.713282  0.663359  0.717828  0.776902  0.767248  0.655464  0.876041  0.751347  0.697085  0.751560  0.824139  0.612997  0.792813  0.836014  0.818108  0.759315  0.827644  0.851161  0.743089  0.767808  0.716645  0.747944  0.745349  0.859817  0.838990  0.670109  0.761490  0.807917  0.738898  0.350152  0.745335  0.662656  0.693324  0.814543  0.674875  0.784678  0.772635  0.640756  0.733797  0.804349  0.749197  0.687043 
23  0.856491  0.637749  0.770352  0.675707  0.806449  0.662700  0.686425  0.690448  0.667043  0.704452  0.726612  0.717271  0.714470  0.724374  0.611569  0.717246  0.760841  0.644266  0.669843  0.618657  0.670421  0.683189  0.894533 0.0  0.651177  0.594522  0.630656  0.763092  0.656758  0.620570  0.816747  0.635924  0.573131  0.532029  0.568172  0.685051  0.832536  0.709683  0.616092  0.688570  0.690941  0.606291  0.785239  0.663518  0.804736  0.717523  0.644504  0.624263  0.674578  0.672156  0.663222  0.618918  0.759864  0.663799  0.678487  0.746002  0.643618  0.685638  0.621598  0.761016  0.829768  0.736486  0.780421  0.810298  0.610692  0.602127  0.781411  0.704896  0.724295  0.691897  0.739158  0.645322  0.604936 
24  0.846619  0.165032  0.461715  0.441659  0.524075  0.501647  0.454476  0.479299  0.598630  0.632605  0.565188  0.356123  0.601643  0.525321  0.641825  0.475018  0.431069  0.676933  0.390735  0.526221  0.662496  0.363919  0.793588  0.651177 0.0  0.399786  0.707141  0.449423  0.272708  0.506838  0.739217  0.479302  0.660920  0.544047  0.432015  0.734400  0.587638  0.336971  0.417311  0.404943  0.497926  0.481299  0.791669  0.593983  0.502054  0.402099  0.463768  0.314880  0.456473  0.417974  0.537323  0.541338  0.458602  0.613477  0.324139  0.554112  0.676066  0.556893  0.462839  0.504716  0.796490  0.391181  0.501620  0.380031  0.398788  0.595311  0.490164  0.527126  0.434436  0.385304  0.537466  0.446459  0.424578 
25  0.753996  0.466602  0.443987  0.475378  0.623428  0.345135  0.494091  0.562943  0.497018  0.691013  0.600773  0.446276  0.670771  0.656320  0.654350  0.356899  0.468346  0.717463  0.312728  0.411279  0.757416  0.425024  0.830137  0.594522  0.399786 0.0  0.564285  0.476352  0.466048  0.376984  0.812273  0.367266  0.525252  0.692206  0.430215  0.709381  0.620102  0.394116  0.532561  0.425176  0.445706  0.273329  0.838205  0.726127  0.507832  0.458261  0.525425  0.481082  0.431347  0.484365  0.695926  0.560719  0.743433  0.623201  0.391953  0.635126  0.693199  0.688793  0.439090  0.598111  0.801981  0.513781  0.494495  0.545443  0.360644  0.581229  0.590438  0.541372  0.400624  0.434375  0.538686  0.432822  0.564498 
26  0.737388  0.590931  0.674187  0.724006  0.722472  0.575286  0.758763  0.577586  0.808374  0.536711  0.650717  0.646554  0.560584  0.558286  0.622089  0.607241  0.694960  0.585192  0.631889  0.633140  0.627083  0.725808  0.696671  0.630656  0.707141  0.564285 0.0  0.750322  0.724332  0.678931  0.800387  0.687535  0.652236  0.648984  0.551191  0.611259  0.822113  0.683775  0.559488  0.681082  0.697109  0.622267  0.763995  0.617605  0.664370  0.628283  0.687427  0.647154  0.546965  0.638335  0.608415  0.599330  0.747517  0.630817  0.625323  0.682212  0.525101  0.561415  0.660379  0.669836  0.813742  0.578970  0.895127  0.762253  0.625793  0.604544  0.684596  0.755778  0.712557  0.655853  0.782034  0.583242  0.642594 
27  0.830504  0.445975  0.501948  0.451771  0.414276  0.432412  0.520817  0.405712  0.470755  0.579801  0.448277  0.419990  0.452341  0.573470  0.645712  0.524597  0.497779  0.743677  0.505477  0.395917  0.686496  0.325604  0.814832  0.763092  0.449423  0.476352  0.750322 0.0  0.489226  0.499670  0.793145  0.360794  0.579891  0.717754  0.460564  0.556997  0.408992  0.558139  0.414568  0.591339  0.454807  0.598319  0.724711  0.693694  0.357328  0.325300  0.437142  0.259651  0.514504  0.376212  0.517956  0.416639  0.340825  0.667742  0.407265  0.522741  0.662968  0.572393  0.437946  0.565589  0.756870  0.373906  0.597047  0.245476  0.401924  0.518113  0.606380  0.407259  0.454868  0.502855  0.351396  0.369712  0.367333 
28  0.786994  0.377473  0.489132  0.473437  0.448247  0.280111  0.426729  0.363390  0.353270  0.742541  0.456375  0.453946  0.625812  0.474648  0.641414  0.398632  0.377279  0.528276  0.539178  0.366078  0.698985  0.419432  0.829201  0.656758  0.272708  0.466048  0.724332  0.489226 0.0  0.423038  0.725578  0.442983  0.595571  0.765612  0.343314  0.628709  0.479323  0.508261  0.122467  0.520884  0.346425  0.413861  0.761218  0.721389  0.468504  0.281731  0.469049  0.280693  0.542102  0.389052  0.625941  0.590873  0.437912  0.555192  0.473035  0.614374  0.641581  0.613873  0.305416  0.420333  0.761409  0.329251  0.661135  0.477725  0.397558  0.439557  0.452629  0.572329  0.503463  0.357812  0.430813  0.315335  0.257383 
29  0.757154  0.492002  0.537044  0.553204  0.708821  0.392831  0.359882  0.569564  0.594876  0.733634  0.626687  0.442497  0.590532  0.605638  0.766603  0.435662  0.404101  0.646313  0.468660  0.452431  0.650971  0.320825  0.796686  0.620570  0.506838  0.376984  0.678931  0.499670  0.423038 0.0  0.844440  0.387558  0.554870  0.756648  0.566650  0.760087  0.599109  0.399727  0.517256  0.367768  0.555700  0.294356  0.846519  0.823560  0.552721  0.479385  0.558143  0.474010  0.472788  0.434078  0.630513  0.572919  0.540030  0.713505  0.369097  0.616527  0.700228  0.502612  0.545959  0.592045  0.835707  0.492863  0.454474  0.570059  0.483810  0.572819  0.373768  0.509753  0.409600  0.533161  0.640213  0.500339  0.480492 
30  0.663451  0.750934  0.835011  0.824886  0.793394  0.826518  0.844647  0.774656  0.755930  0.858817  0.795613  0.802991  0.780304  0.791183  0.854611  0.782261  0.735263  0.706169  0.886031  0.790873  0.638591  0.762212  0.688073  0.816747  0.739217  0.812273  0.800387  0.793145  0.725578  0.844440 0.0  0.736378  0.616700  0.708688  0.822717  0.840820  0.727639  0.801019  0.731534  0.715708  0.764973  0.743444  0.590699  0.805191  0.876777  0.744831  0.891772  0.802667  0.820406  0.765743  0.794711  0.989775  0.830082  0.644308  0.723035  0.753108  0.710862  0.681945  0.799493  0.621111  0.780619  0.796191  0.730469  0.819963  0.702614  0.703227  0.815160  0.896458  0.785518  0.702703  0.852294  0.838121  0.695492 
31  0.760122  0.506450  0.531103  0.446359  0.604612  0.363387  0.553145  0.415066  0.451682  0.685327  0.565353  0.295058  0.617901  0.554240  0.645694  0.433173  0.373462  0.555458  0.485705  0.344670  0.615122  0.396820  0.713282  0.635924  0.479302  0.367266  0.687535  0.360794  0.442983  0.387558  0.736378 0.0  0.592385  0.724576  0.310139  0.712235  0.492838  0.476903  0.354943  0.559280  0.521180  0.448226  0.698883  0.618212  0.545621  0.400467  0.515716  0.417117  0.579129  0.486521  0.591765  0.553275  0.487309  0.602017  0.387525  0.513129  0.623787  0.631697  0.278946  0.558124  0.784143  0.288914  0.584515  0.484733  0.317235  0.441917  0.373522  0.422319  0.539238  0.459403  0.511392  0.346372  0.280717 
32  0.649380  0.651083  0.728340  0.572903  0.753107  0.673070  0.709172  0.624895  0.752594  0.639483  0.673958  0.611388  0.742714  0.663689  0.766036  0.640471  0.561418  0.583818  0.622675  0.627902  0.564615  0.628881  0.663359  0.573131  0.660920  0.525252  0.652236  0.579891  0.595571  0.554870  0.616700  0.592385 0.0  0.674738  0.503797  0.620541  0.758584  0.575771  0.540852  0.642960  0.593398  0.648413  0.690483  0.768910  0.690251  0.566775  0.604754  0.559227  0.552669  0.543742  0.563289  0.703285  0.667824  0.647864  0.589831  0.692756  0.502810  0.572637  0.626045  0.644633  0.557244  0.529500  0.799309  0.728244  0.658227  0.575050  0.644118  0.795603  0.729601  0.544104  0.680742  0.710245  0.685900 
33  0.796370  0.731312  0.779998  0.785579  0.636216  0.745488  0.681256  0.719793  0.764776  0.696635  0.682445  0.732761  0.777376  0.661424  0.643752  0.694315  0.736063  0.602453  0.707660  0.631259  0.713832  0.668498  0.717828  0.532029  0.544047  0.692206  0.648984  0.717754  0.765612  0.756648  0.708688  0.724576  0.674738 0.0  0.715231  0.756621  0.708304  0.685402  0.669579  0.800136  0.755453  0.747337  0.739570  0.295762  0.677528  0.671459  0.783450  0.644892  0.648745  0.613417  0.506034  0.614948  0.656506  0.614123  0.686575  0.710300  0.615275  0.551517  0.731573  0.889823  0.832265  0.695791  0.871020  0.755196  0.613612  0.631907  0.715990  0.669793  0.813717  0.669260  0.601580  0.647283  0.729731 
34  0.788869  0.506609  0.398395  0.507685  0.496210  0.394875  0.500127  0.430401  0.433545  0.611581  0.455485  0.280729  0.617178  0.619002  0.616290  0.352617  0.353539  0.676494  0.409990  0.417662  0.565652  0.341658  0.776902  0.568172  0.432015  0.430215  0.551191  0.460564  0.343314  0.566650  0.822717  0.310139  0.503797  0.715231 0.0  0.686010  0.572636  0.510735  0.162951  0.522693  0.470503  0.417296  0.705546  0.700352  0.471453  0.380442  0.546700  0.361746  0.477573  0.398948  0.636745  0.565361  0.420379  0.629601  0.489045  0.684575  0.579491  0.562172  0.241438  0.526137  0.779707  0.262089  0.746056  0.495783  0.332645  0.525613  0.435026  0.450776  0.531677  0.386222  0.525059  0.347024  0.302736 
35  0.634483  0.592472  0.620877  0.679902  0.473536  0.652131  0.672214  0.601730  0.569193  0.558524  0.559240  0.596188  0.531594  0.518674  0.304737  0.690628  0.522400  0.687378  0.642404  0.653236  0.695651  0.721448  0.767248  0.685051  0.734400  0.709381  0.611259  0.556997  0.628709  0.760087  0.840820  0.712235  0.620541  0.756621  0.686010 0.0  0.702651  0.685219  0.576135  0.702231  0.476737  0.642703  0.980241  0.611618  0.560156  0.597028  0.594593  0.535753  0.422918  0.696270  0.543123  0.416064  0.563799  0.717504  0.747985  0.458926  0.608334  0.742820  0.581832  0.825686  0.934041  0.610118  0.769881  0.596463  0.564699  0.577281  0.695007  0.581690  0.715796  0.655979  0.607051  0.523633  0.614551 
36  0.696611  0.675486  0.665978  0.457647  0.478040  0.556372  0.642468  0.488213  0.646719  0.812957  0.600981  0.519549  0.737577  0.650363  0.741082  0.653481  0.545338  0.765847  0.573056  0.483491  0.586209  0.653235  0.655464  0.832536  0.587638  0.620102  0.822113  0.408992  0.479323  0.599109  0.727639  0.492838  0.758584  0.708304  0.572636  0.702651 0.0  0.584557  0.461499  0.580982  0.477152  0.557323  0.826707  0.829346  0.499392  0.467194  0.641770  0.533510  0.469319  0.524465  0.854360  0.688609  0.604884  0.745921  0.581906  0.696949  0.695627  0.716619  0.443803  0.452685  0.743218  0.493368  0.358587  0.556522  0.560926  0.581648  0.561080  0.576033  0.500109  0.528976  0.648877  0.598664  0.416087 
37  0.806969  0.420721  0.534011  0.422512  0.454017  0.407271  0.414386  0.430894  0.490233  0.588488  0.688113  0.372070  0.755972  0.413139  0.685863  0.483703  0.495332  0.724333  0.425327  0.472996  0.612121  0.330543  0.876041  0.709683  0.336971  0.394116  0.683775  0.558139  0.508261  0.399727  0.801019  0.476903  0.575771  0.685402  0.510735  0.685219  0.584557 0.0  0.589705  0.332991  0.608837  0.434964  0.688998  0.738951  0.588449  0.541161  0.456570  0.459685  0.513775  0.470878  0.566042  0.510881  0.617255  0.665380  0.367340  0.545938  0.644773  0.521485  0.426027  0.579544  0.909785  0.295806  0.502061  0.552035  0.424630  0.566686  0.370032  0.606693  0.422378  0.425008  0.674260  0.455476  0.373902 
38  0.691032  0.358094  0.634701  0.510158  0.504014  0.448000  0.389968  0.344606  0.537524  0.571726  0.503630  0.447934  0.547393  0.538624  0.628392  0.547834  0.336824  0.477774  0.578790  0.330767  0.711410  0.401128  0.751347  0.616092  0.417311  0.532561  0.559488  0.414568  0.122467  0.517256  0.731534  0.354943  0.540852  0.669579  0.162951  0.576135  0.461499  0.589705 0.0  0.355277  0.404745  0.380682  0.702687  0.821252  0.483865  0.452819  0.492999  0.381362  0.462812  0.416276  0.506164  0.592113  0.422493  0.601464  0.468583  0.534278  0.604643  0.535009  0.299180  0.525101  0.738539  0.325508  0.678406  0.480811  0.358550  0.473844  0.457694  0.408264  0.580935  0.454700  0.529212  0.396626  0.338167 
39  0.681428  0.473745  0.470597  0.478205  0.559692  0.416036  0.389847  0.492453  0.562898  0.719277  0.566901  0.491077  0.545519  0.607495  0.701689  0.350015  0.493119  0.525487  0.415348  0.455579  0.608397  0.434744  0.697085  0.688570  0.404943  0.425176  0.681082  0.591339  0.520884  0.367768  0.715708  0.559280  0.642960  0.800136  0.522693  0.702231  0.580982  0.332991  0.355277 0.0  0.451418  0.510752  0.785017  0.753660  0.532705  0.479901  0.508935  0.533527  0.550696  0.484777  0.645218  0.612275  0.512492  0.527051  0.343586  0.470612  0.555896  0.639657  0.482573  0.689822  0.700638  0.529462  0.663296  0.585717  0.480157  0.431086  0.391796  0.551375  0.450474  0.404726  0.562640  0.444405  0.405762 
40  0.677268  0.483139  0.384671  0.356199  0.458335  0.585924  0.510708  0.324605  0.524707  0.537383  0.540114  0.401981  0.596063  0.469198  0.566270  0.552075  0.448950  0.618898  0.545646  0.364142  0.708295  0.575759  0.751560  0.690941  0.497926  0.445706  0.697109  0.454807  0.346425  0.555700  0.764973  0.521180  0.593398  0.755453  0.470503  0.476737  0.477152  0.608837  0.404745  0.451418 0.0  0.528831  0.830735  0.760886  0.542137  0.282781  0.605675  0.407694  0.524964  0.515430  0.591441  0.562157  0.463327  0.741931  0.491307  0.414941  0.702740  0.678763  0.282719  0.405412  0.799195  0.268296  0.578779  0.483355  0.498763  0.490002  0.349742  0.399580  0.680645  0.443687  0.468800  0.435801  0.521913 
41  0.760834  0.400252  0.424894  0.409423  0.481685  0.301604  0.373261  0.377381  0.523738  0.668289  0.507440  0.348348  0.618411  0.636186  0.748417  0.536713  0.458531  0.607156  0.423797  0.460127  0.723480  0.344423  0.824139  0.606291  0.481299  0.273329  0.622267  0.598319  0.413861  0.294356  0.743444  0.448226  0.648413  0.747337  0.417296  0.642703  0.557323  0.434964  0.380682  0.510752  0.528831 0.0  0.722855  0.777288  0.509483  0.471678  0.439019  0.507564  0.510267  0.430119  0.617767  0.522175  0.546912  0.609307  0.291203  0.579095  0.548024  0.565148  0.370495  0.586360  0.747224  0.403470  0.547826  0.584066  0.270561  0.479651  0.353021  0.498007  0.431219  0.345249  0.490511  0.343137  0.520600 
42  0.697438  0.733736  0.739860  0.872904  0.831816  0.758547  0.899194  0.849432  0.960311  0.854155  0.878102  0.806983  0.818752  0.736097  0.948982  0.798798  0.852817  0.734133  0.836543  0.752762  0.662073  0.765036  0.612997  0.785239  0.791669  0.838205  0.763995  0.724711  0.761218  0.846519  0.590699  0.698883  0.690483  0.739570  0.705546  0.980241  0.826707  0.688998  0.702687  0.785017  0.830735  0.722855 0.0  0.706311  0.915597  0.790334  0.786833  0.722029  0.770081  0.771248  0.701905  0.759428  0.924097  0.753687  0.740584  0.721877  0.718967  0.635517  0.812346  0.590994  0.633643  0.760846  0.717535  0.861219  0.950300  0.658461  0.711862  0.849121  0.652043  0.795966  0.855553  0.888335  0.799768 
43  0.736085  0.755603  0.615913  0.672462  0.608024  0.698893  0.753584  0.807331  0.718995  0.584847  0.713419  0.686105  0.716184  0.488073  0.544529  0.781646  0.690760  0.677708  0.696955  0.835627  0.713714  0.651326  0.792813  0.663518  0.593983  0.726127  0.617605  0.693694  0.721389  0.823560  0.805191  0.618212  0.768910  0.295762  0.700352  0.611618  0.829346  0.738951  0.821252  0.753660  0.760886  0.777288  0.706311 0.0  0.730661  0.682817  0.812050  0.673462  0.625628  0.729729  0.564134  0.522110  0.601767  0.692012  0.649115  0.551375  0.700944  0.506653  0.744973  0.807600  0.739840  0.655345  0.810738  0.781774  0.697738  0.776926  0.727908  0.646676  0.797856  0.777695  0.659701  0.799289  0.712960 
44  0.772759  0.532837  0.584084  0.431013  0.417117  0.645181  0.605736  0.357100  0.374674  0.702357  0.424314  0.379417  0.519001  0.549095  0.501316  0.612575  0.451416  0.751010  0.554487  0.442465  0.694947  0.529909  0.836014  0.804736  0.502054  0.507832  0.664370  0.357328  0.468504  0.552721  0.876777  0.545621  0.690251  0.677528  0.471453  0.560156  0.499392  0.588449  0.483865  0.532705  0.542137  0.509483  0.915597  0.730661 0.0  0.365007  0.582667  0.355193  0.473393  0.412679  0.704016  0.513725  0.329884  0.722266  0.571316  0.451425  0.669988  0.633341  0.433721  0.528455  0.875446  0.452437  0.639704  0.295157  0.601512  0.612665  0.623771  0.272146  0.678466  0.471434  0.214626  0.500983  0.515594 
45  0.658010  0.423518  0.472899  0.347365  0.611600  0.391365  0.486392  0.418343  0.569439  0.703055  0.586851  0.427370  0.493127  0.539168  0.584802  0.428014  0.472003  0.547550  0.632002  0.286000  0.687748  0.441207  0.818108  0.717523  0.402099  0.458261  0.628283  0.325300  0.281731  0.479385  0.744831  0.400467  0.566775  0.671459  0.380442  0.597028  0.467194  0.541161  0.452819  0.479901  0.282781  0.471678  0.790334  0.682817  0.365007 0.0  0.429217  0.362809  0.420548  0.308277  0.564918  0.522471  0.463753  0.622365  0.387087  0.480746  0.704626  0.611916  0.564857  0.460249  0.891225  0.225171  0.543559  0.492460  0.463396  0.476697  0.420162  0.403329  0.566585  0.405253  0.548087  0.386933  0.425317 
46  0.784642  0.517444  0.387029  0.433622  0.575920  0.420508  0.435640  0.555327  0.428716  0.664300  0.578272  0.487946  0.570014  0.498839  0.660187  0.360246  0.424556  0.651207  0.382768  0.447125  0.804386  0.406137  0.759315  0.644504  0.463768  0.525425  0.687427  0.437142  0.469049  0.558143  0.891772  0.515716  0.604754  0.783450  0.546700  0.594593  0.641770  0.456570  0.492999  0.508935  0.605675  0.439019  0.786833  0.812050  0.582667  0.429217 0.0  0.494800  0.613139  0.518819  0.500900  0.599091  0.450777  0.727540  0.331847  0.611568  0.693031  0.684604  0.423573  0.705286  0.816468  0.507938  0.538473  0.541942  0.520100  0.600804  0.518836  0.481568  0.518443  0.580664  0.407308  0.548346  0.429683 
47  0.815673  0.459226  0.439167  0.404757  0.455527  0.364917  0.545027  0.362730  0.485854  0.705431  0.474862  0.342548  0.508522  0.485036  0.663593  0.421617  0.415899  0.600606  0.469413  0.355964  0.585796  0.387059  0.827644  0.624263  0.314880  0.481082  0.647154  0.259651  0.280693  0.474010  0.802667  0.417117  0.559227  0.644892  0.361746  0.535753  0.533510  0.459685  0.381362  0.533527  0.407694  0.507564  0.722029  0.673462  0.355193  0.362809  0.494800 0.0  0.468034  0.360735  0.682489  0.468954  0.373127  0.606042  0.496463  0.543288  0.689786  0.589480  0.333301  0.516492  0.834527  0.323898  0.564957  0.374618  0.301779  0.519651  0.403058  0.392645  0.457675  0.323887  0.415289  0.389645  0.309736 
48  0.576390  0.463602  0.559685  0.487899  0.501235  0.554539  0.615103  0.507628  0.488423  0.510270  0.450712  0.490020  0.473065  0.525621  0.421786  0.549666  0.441365  0.569631  0.484128  0.502728  0.595140  0.559467  0.851161  0.674578  0.456473  0.431347  0.546965  0.514504  0.542102  0.472788  0.820406  0.579129  0.552669  0.648745  0.477573  0.422918  0.469319  0.513775  0.462812  0.550696  0.524964  0.510267  0.770081  0.625628  0.473393  0.420548  0.613139  0.468034 0.0  0.647132  0.500725  0.290513  0.410969  0.623832  0.513602  0.447449  0.523649  0.591936  0.459289  0.523241  0.757494  0.412655  0.628431  0.451908  0.549664  0.421488  0.519781  0.496417  0.556138  0.498119  0.576435  0.565440  0.508361 
49  0.756453  0.451566  0.419865  0.488223  0.424834  0.552036  0.565904  0.325772  0.523972  0.545878  0.541429  0.479069  0.534441  0.444502  0.660647  0.431493  0.392771  0.683276  0.459535  0.429569  0.684807  0.439025  0.743089  0.672156  0.417974  0.484365  0.638335  0.376212  0.389052  0.434078  0.765743  0.486521  0.543742  0.613417  0.398948  0.696270  0.524465  0.470878  0.416276  0.484777  0.515430  0.430119  0.771248  0.729729  0.412679  0.308277  0.518819  0.360735  0.647132 0.0  0.585074  0.511424  0.526664  0.620032  0.429527  0.529701  0.631721  0.667545  0.367418  0.549589  0.722379  0.353291  0.513199  0.383462  0.383528  0.467718  0.363086  0.467718  0.517421  0.275453  0.440899  0.289455  0.359355 
50  0.540355  0.632142  0.665372  0.473022  0.522510  0.577355  0.637483  0.535275  0.666459  0.585683  0.507902  0.551186  0.601942  0.645212  0.562245  0.626860  0.613430  0.616304  0.579912  0.529591  0.750598  0.583616  0.767808  0.663222  0.537323  0.695926  0.608415  0.517956  0.625941  0.630513  0.794711  0.591765  0.563289  0.506034  0.636745  0.543123  0.854360  0.566042  0.506164  0.645218  0.591441  0.617767  0.701905  0.564134  0.704016  0.564918  0.500900  0.682489  0.500725  0.585074 0.0  0.517009  0.598554  0.704361  0.623072  0.518361  0.522268  0.574705  0.666463  0.699683  0.648575  0.590003  0.718628  0.530789  0.569402  0.544235  0.587357  0.566221  0.587366  0.421312  0.661425  0.573118  0.534336 
51  0.641612  0.460104  0.661529  0.614045  0.481558  0.541878  0.561144  0.491607  0.334413  0.552198  0.506667  0.587259  0.429287  0.396811  0.325832  0.585929  0.435979  0.674951  0.611303  0.613647  0.646449  0.516271  0.716645  0.618918  0.541338  0.560719  0.599330  0.416639  0.590873  0.572919  0.989775  0.553275  0.703285  0.614948  0.565361  0.416064  0.688609  0.510881  0.592113  0.612275  0.562157  0.522175  0.759428  0.522110  0.513725  0.522471  0.599091  0.468954  0.290513  0.511424  0.517009 0.0  0.555280  0.653467  0.587000  0.586711  0.505300  0.698112  0.525693  0.680711  0.917508  0.670743  0.711410  0.395248  0.499003  0.411991  0.505144  0.466214  0.531635  0.626268  0.393108  0.541439  0.508100 
52  0.812793  0.596830  0.553578  0.423221  0.413026  0.610407  0.565611  0.568094  0.398371  0.706048  0.513306  0.453762  0.552594  0.388310  0.626609  0.526652  0.386045  0.679549  0.494097  0.471576  0.870788  0.567092  0.747944  0.759864  0.458602  0.743433  0.747517  0.340825  0.437912  0.540030  0.830082  0.487309  0.667824  0.656506  0.420379  0.563799  0.604884  0.617255  0.422493  0.512492  0.463327  0.546912  0.924097  0.601767  0.329884  0.463753  0.450777  0.373127  0.410969  0.526664  0.598554  0.555280 0.0  0.744606  0.586230  0.481673  0.709114  0.565599  0.527285  0.526454  0.947272  0.330641  0.604990  0.335702  0.531964  0.587481  0.477907  0.366169  0.504544  0.486744  0.344918  0.361425  0.488302 
53  0.627878  0.624268  0.738504  0.668845  0.674319  0.679578  0.606508  0.616144  0.713217  0.647750  0.690336  0.645216  0.661511  0.736982  0.837165  0.660817  0.679583  0.519856  0.660432  0.573891  0.669850  0.571735  0.745349  0.663799  0.613477  0.623201  0.630817  0.667742  0.555192  0.713505  0.644308  0.602017  0.647864  0.614123  0.629601  0.717504  0.745921  0.665380  0.601464  0.527051  0.741931  0.609307  0.753687  0.692012  0.722266  0.622365  0.727540  0.606042  0.623832  0.620032  0.704361  0.653467  0.744606 0.0  0.668121  0.709919  0.414020  0.694089  0.798962  0.803510  0.832733  0.707357  0.682093  0.760773  0.697551  0.515351  0.809214  0.741108  0.769120  0.715808  0.732094  0.727576  0.695656 
