73
0 0.0  0.717091  0.589208  0.487033  0.401945  0.398429  0.505384  0.669642  0.754801  0.437807  0.431717  0.421236  0.523640  0.530411  0.510571  0.722521  0.424951  0.944268  0.389415  0.407727  0.393991  0.530258  0.550309  0.748300  0.616624  0.513915  0.438869  0.553641  0.419498  0.430414  0.623238  0.610409  0.420340  0.863397  0.603204  0.426200  0.349676  0.368375  0.657630  0.527821  0.536547  0.462375  0.477538  0.532437  0.550989  0.476562  0.342165  0.386744  0.546991  0.773090  0.471023  0.299123  0.696669  0.467432  0.803233  0.587283  0.861945  0.476055  0.551177  0.567844  0.618028  0.592182  0.551347  0.814210  0.854936  0.373208  0.684257  0.675574  0.522667  0.422684  0.764614  0.503735  0.411795 
1  0.717091 0.0  0.741834  0.716188  0.692067  0.602645  0.853241  0.743529  0.801337  0.726808  0.576627  0.640739  0.729337  0.687006  0.707700  0.680414  0.577468  0.839337  0.674970  0.682149  0.660648  0.723835  0.751758  0.629826  0.645964  0.801420  0.684374  0.718855  0.742085  0.780904  0.771701  0.742793  0.740084  0.738645  0.605448  0.678821  0.585453  0.758969  0.761201  0.876198  0.811209  0.651104  0.738188  0.657326  0.796392  0.700115  0.684559  0.625295  0.606357  0.711641  0.709416  0.612823  0.723517  0.723584  0.883750  0.691112  0.829342  0.676595  0.636488  0.568849  0.785989  0.734551  0.662731  0.654006  0.738821  0.742829  0.735055  0.579256  0.625707  0.656335  0.712191  0.739358  0.611197 
2  0.589208  0.741834 0.0  0.579917  0.516507  0.452537  0.716176  0.700582  0.815230  0.542570  0.556733  0.569942  0.447273  0.651369  0.466971  0.555749  0.549759  0.706051  0.465412  0.557441  0.434910  0.421861  0.563065  0.786382  0.667283  0.589975  0.680779  0.500971  0.506355  0.591482  0.397226  0.340873  0.544396  0.835767  0.632938  0.573864  0.565271  0.463620  0.805322  0.509050  0.458667  0.433500  0.585581  0.472734  0.483871  0.455284  0.526472  0.510233  0.381515  0.687459  0.466385  0.432769  0.625897  0.540287  0.850959  0.397289  0.896036  0.440119  0.617977  0.720623  0.615820  0.458590  0.450864  0.780020  0.829868  0.567375  0.821287  0.551813  0.557303  0.447522  0.733146  0.457676  0.468829 
3  0.487033  0.716188  0.579917 0.0  0.571665  0.536687  0.595672  0.692421  0.862797  0.575048  0.409803  0.326001  0.588860  0.574086  0.474336  0.675720  0.339595  0.810561  0.389216  0.481685  0.433286  0.448700  0.584535  0.594049  0.609383  0.508990  0.526699  0.625739  0.501332  0.461896  0.445201  0.428395  0.561635  0.747886  0.604840  0.427460  0.374778  0.460087  0.817314  0.379852  0.579528  0.482421  0.304580  0.286138  0.423567  0.379148  0.541717  0.442295  0.462365  0.630836  0.563326  0.384161  0.525080  0.464756  0.755267  0.503699  0.718630  0.442358  0.379548  0.757433  0.554626  0.529030  0.423899  0.787897  0.824226  0.574662  0.728012  0.702092  0.369025  0.234327  0.760914  0.425404  0.297113 
4  0.401945  0.692067  0.516507  0.571665 0.0  0.312175  0.555709  0.550628  0.821665  0.489078  0.441398  0.448432  0.646498  0.476296  0.560463  0.598302  0.232891  0.754512  0.476035  0.368046  0.362204  0.525557  0.632302  0.694174  0.648308  0.575989  0.399464  0.522310  0.560971  0.406222  0.532697  0.580133  0.621640  0.785860  0.638710  0.389063  0.303197  0.521277  0.711828  0.550898  0.550193  0.452984  0.364584  0.556200  0.468026  0.441966  0.460026  0.389968  0.434700  0.632513  0.335679  0.425244  0.721556  0.530345  0.842728  0.553894  0.752224  0.403376  0.500270  0.716814  0.573819  0.592801  0.568622  0.758612  0.557611  0.461464  0.800644  0.596828  0.574917  0.447547  0.758202  0.595070  0.424019 
5  0.398429  0.602645  0.452537  0.536687  0.312175 0.0  0.396305  0.601716  0.790158  0.486179  0.459480  0.352662  0.550223  0.621202  0.413481  0.680633  0.323199  0.723312  0.341966  0.589794  0.457703  0.504138  0.616062  0.590149  0.652350  0.602270  0.487799  0.496694  0.489160  0.280867  0.582724  0.573091  0.515053  0.754932  0.464350  0.266491  0.512373  0.361425  0.743023  0.470460  0.499585  0.275030  0.488165  0.382722  0.593063  0.389963  0.457827  0.471658  0.322944  0.749723  0.616805  0.403353  0.539662  0.423077  0.840590  0.609577  0.772238  0.379063  0.430138  0.638594  0.504293  0.547714  0.434437  0.788593  0.691930  0.505636  0.662245  0.650119  0.379129  0.453943  0.701805  0.489180  0.433481 
6  0.505384  0.853241  0.716176  0.595672  0.555709  0.396305 0.0  0.542390  0.662499  0.498573  0.532819  0.512646  0.838343  0.605705  0.681393  0.823926  0.397977  0.776477  0.428331  0.560763  0.472332  0.672146  0.659602  0.843091  0.812741  0.290458  0.554409  0.723726  0.522568  0.578143  0.635511  0.710630  0.598930  0.682087  0.636340  0.478697  0.529378  0.504005  0.609248  0.273938  0.592608  0.491943  0.521186  0.539881  0.670394  0.564394  0.400998  0.457226  0.548103  0.853981  0.454355  0.586154  0.660174  0.558587  0.799792  0.569260  0.656650  0.582227  0.534319  0.831149  0.727068  0.594487  0.490691  0.703128  0.896333  0.557835  0.795610  0.646115  0.485372  0.630008  0.575855  0.620573  0.497667 
7  0.669642  0.743529  0.700582  0.692421  0.550628  0.601716  0.542390 0.0  0.794011  0.647734  0.603223  0.544491  0.698997  0.706469  0.749750  0.675057  0.608083  0.613004  0.655419  0.641089  0.642189  0.820273  0.633491  0.673685  0.633054  0.546963  0.618001  0.691350  0.780822  0.617998  0.665490  0.684242  0.715320  0.543660  0.523257  0.642128  0.708338  0.755847  0.641159  0.460880  0.626783  0.574011  0.683462  0.583692  0.681688  0.610154  0.653860  0.713605  0.622862  0.687541  0.784172  0.528399  0.615444  0.653681  0.606094  0.797303  0.520677  0.492147  0.621654  0.590415  0.766880  0.759495  0.546465  0.584518  0.688451  0.814235  0.535438  0.670695  0.615664  0.686749  0.451952  0.694482  0.588601 
8  0.754801  0.801337  0.815230  0.862797  0.821665  0.790158  0.662499  0.794011 0.0  0.840329  0.763379  0.705372  0.816733  0.821942  0.771559  0.834905  0.776267  0.772647  0.792431  0.721584  0.853577  0.828668  0.821756  0.696051  0.628536  0.726033  0.769139  0.865286  0.886603  0.748728  0.806345  0.839459  0.828183  0.730551  0.707403  0.756205  0.921942  0.858933  0.733687  0.739409  0.844008  0.696289  0.751821  0.858298  0.805577  0.767104  0.786909  0.831963  0.755150  0.724582  0.811102  0.705127  0.663050  0.794518  0.578112  0.879811  0.754714  0.730858  0.746789  0.772289  0.887371  0.827913  0.798896  0.669987  0.579485  0.857086  0.619688  0.958458  0.802242  0.742373  0.676590  0.890182  0.892003 
9  0.437807  0.726808  0.542570  0.575048  0.489078  0.486179  0.498573  0.647734  0.840329 0.0  0.489536  0.432382  0.597913  0.535698  0.465130  0.552062  0.401416  0.671892  0.485055  0.416440  0.460692  0.533739  0.569608  0.720306  0.798195  0.599196  0.438175  0.618970  0.363321  0.433854  0.550711  0.530099  0.552676  0.856267  0.666488  0.444611  0.454029  0.217699  0.790409  0.622322  0.587697  0.515927  0.424453  0.495623  0.587812  0.558646  0.411321  0.384836  0.519566  0.805466  0.433042  0.561357  0.657412  0.448352  0.954370  0.536866  0.940343  0.441103  0.419620  0.856681  0.533314  0.431120  0.464335  0.808259  0.776870  0.341187  0.716671  0.568738  0.466840  0.568651  0.793514  0.447308  0.374032 
10  0.431717  0.576627  0.556733  0.409803  0.441398  0.459480  0.532819  0.603223  0.763379  0.489536 0.0  0.344163  0.596873  0.465393  0.420023  0.558370  0.506041  0.743675  0.422742  0.452582  0.424546  0.463516  0.672248  0.707688  0.631147  0.456061  0.562657  0.427989  0.508672  0.315324  0.427108  0.535586  0.485662  0.792342  0.659866  0.375661  0.521947  0.481796  0.705689  0.498455  0.388873  0.309337  0.409545  0.314676  0.266932  0.430004  0.315609  0.463303  0.348796  0.693294  0.462966  0.354928  0.483350  0.394341  0.885766  0.632016  0.776213  0.570388  0.345929  0.669343  0.542989  0.645238  0.255973  0.837221  0.731759  0.502416  0.827948  0.669471  0.470791  0.386252  0.744107  0.568526  0.297347 
11  0.421236  0.640739  0.569942  0.326001  0.448432  0.352662  0.512646  0.544491  0.705372  0.432382  0.344163 0.0  0.442078  0.451902  0.382696  0.527570  0.389424  0.790344  0.373595  0.463792  0.385570  0.358161  0.636372  0.611742  0.522759  0.491998  0.453976  0.447612  0.514366  0.467182  0.399539  0.370998  0.461861  0.803987  0.607877  0.394418  0.434975  0.537400  0.602593  0.358253  0.348835  0.483948  0.368466  0.242414  0.266797  0.377158  0.439395  0.459838  0.325828  0.637458  0.421290  0.478158  0.451104  0.427251  0.753595  0.460038  0.846481  0.363679  0.384935  0.633602  0.507556  0.528429  0.257209  0.657193  0.759288  0.458421  0.662313  0.688902  0.208787  0.471554  0.834210  0.344415  0.393838 
12  0.523640  0.729337  0.447273  0.588860  0.646498  0.550223  0.838343  0.698997  0.816733  0.597913  0.596873  0.442078 0.0  0.306386  0.614688  0.449924  0.618199  0.787666  0.585154  0.644367  0.527480  0.538565  0.499039  0.571635  0.611313  0.685774  0.492316  0.180186  0.570300  0.673121  0.590750  0.663062  0.406075  0.797269  0.610413  0.582419  0.519052  0.559757  0.665295  0.712226  0.530946  0.576924  0.632021  0.547725  0.609718  0.612034  0.631942  0.609038  0.595853  0.633955  0.695667  0.561720  0.742185  0.558591  0.844971  0.703670  0.740723  0.540644  0.499534  0.641602  0.468054  0.416610  0.498925  0.736749  0.801531  0.618256  0.750245  0.561415  0.521242  0.573840  0.739899  0.522595  0.625092 
13  0.530411  0.687006  0.651369  0.574086  0.476296  0.621202  0.605705  0.706469  0.821942  0.535698  0.465393  0.451902  0.306386 0.0  0.549088  0.403127  0.490596  0.806728  0.495463  0.419976  0.623723  0.681003  0.426770  0.644621  0.547378  0.595765  0.697206  0.269207  0.586419  0.473918  0.497982  0.714051  0.464756  0.711148  0.511868  0.588294  0.515143  0.589418  0.628247  0.593268  0.578520  0.547378  0.465096  0.475942  0.320710  0.379214  0.509177  0.525895  0.510405  0.622604  0.558014  0.486879  0.565186  0.477799  0.689635  0.628126  0.726064  0.489771  0.426641  0.617726  0.609498  0.476528  0.543447  0.665297  0.757693  0.613586  0.751685  0.483358  0.506129  0.511487  0.686736  0.662127  0.478765 
14  0.510571  0.707700  0.466971  0.474336  0.560463  0.413481  0.681393  0.749750  0.771559  0.465130  0.420023  0.382696  0.614688  0.549088 0.0  0.539875  0.508528  0.786415  0.426512  0.668666  0.513066  0.273277  0.544165  0.716660  0.743974  0.548538  0.491702  0.472209  0.586536  0.572556  0.280729  0.434099  0.499366  0.773236  0.583637  0.540207  0.540567  0.502525  0.751869  0.681021  0.320976  0.591901  0.390143  0.403576  0.405989  0.480263  0.593472  0.533299  0.350287  0.604899  0.512394  0.517150  0.553600  0.564812  0.958532  0.475121  0.926070  0.421449  0.438550  0.695592  0.574871  0.547924  0.519064  0.875132  0.912373  0.561247  0.805892  0.605714  0.400002  0.368891  0.828499  0.321896  0.404879 
15  0.722521  0.680414  0.555749  0.675720  0.598302  0.680633  0.823926  0.675057  0.834905  0.552062  0.558370  0.527570  0.449924  0.403127  0.539875 0.0  0.626983  0.681577  0.540515  0.664105  0.588147  0.670387  0.571705  0.754712  0.646660  0.672935  0.680137  0.390391  0.510150  0.551945  0.590346  0.589481  0.476337  0.819252  0.733424  0.634456  0.633269  0.594173  0.749301  0.699150  0.557816  0.580152  0.656495  0.685447  0.700843  0.582417  0.688809  0.652019  0.534341  0.675399  0.655254  0.510544  0.694917  0.681298  0.846827  0.601673  0.855596  0.599670  0.664567  0.730170  0.632811  0.461430  0.642209  0.694615  0.794346  0.598529  0.800453  0.526586  0.568418  0.489033  0.729219  0.592343  0.654681 
16  0.424951  0.577468  0.549759  0.339595  0.232891  0.323199  0.397977  0.608083  0.776267  0.401416  0.506041  0.389424  0.618199  0.490596  0.508528  0.626983 0.0  0.793617  0.264008  0.424628  0.347000  0.493501  0.660384  0.679189  0.680483  0.666854  0.336202  0.527707  0.282288  0.275130  0.498251  0.464250  0.520230  0.781935  0.528145  0.365853  0.480586  0.405737  0.663528  0.443034  0.564393  0.367133  0.400112  0.402332  0.449041  0.414052  0.355764  0.294777  0.512373  0.756710  0.410652  0.348036  0.574150  0.408803  0.903544  0.503763  0.723696  0.434530  0.492965  0.555506  0.561633  0.630199  0.420526  0.667443  0.753233  0.391042  0.772620  0.725751  0.333740  0.577418  0.825892  0.499462  0.360917 
17  0.944268  0.839337  0.706051  0.810561  0.754512  0.723312  0.776477  0.613004  0.772647  0.671892  0.743675  0.790344  0.787666  0.806728  0.786415  0.681577  0.793617 0.0  0.751078  0.758084  0.855645  0.712703  0.792047  0.788694  0.747352  0.667129  0.796071  0.761103  0.748309  0.870531  0.845084  0.870613  0.879085  0.482396  0.787382  0.803502  0.816815  0.753765  0.757725  0.650009  0.796457  0.753335  0.868130  0.728427  0.771589  0.855004  0.723193  0.744816  0.766604  0.813727  0.845967  0.747499  0.881099  0.776267  0.455381  0.824705  0.380708  0.900531  0.654405  0.773836  0.871839  0.786815  0.779546  0.575502  0.668373  0.930836  0.686517  0.609249  0.815100  0.723931  0.435350  0.854724  0.754732 
18  0.389415  0.674970  0.465412  0.389216  0.476035  0.341966  0.428331  0.655419  0.792431  0.485055  0.422742  0.373595  0.585154  0.495463  0.426512  0.540515  0.264008  0.751078 0.0  0.460818  0.412652  0.543581  0.632628  0.725300  0.661062  0.539153  0.510944  0.566051  0.570989  0.567218  0.562822  0.517536  0.404056  0.795798  0.702232  0.529058  0.400566  0.474333  0.661900  0.513475  0.504450  0.415574  0.266285  0.455204  0.386236  0.429326  0.444200  0.441710  0.471787  0.695093  0.454762  0.348250  0.570264  0.227330  0.792377  0.580352  0.927160  0.376020  0.474850  0.629928  0.607084  0.571241  0.389095  0.801157  0.833282  0.416772  0.838545  0.765286  0.361962  0.459741  0.730231  0.496782  0.460536 
19  0.407727  0.682149  0.557441  0.481685  0.368046  0.589794  0.560763  0.641089  0.721584  0.416440  0.452582  0.463792  0.644367  0.419976  0.668666  0.664105  0.424628  0.758084  0.460818 0.0  0.312716  0.577388  0.631734  0.707794  0.602213  0.589829  0.511673  0.586055  0.518860  0.456506  0.431497  0.497956  0.520940  0.752103  0.647458  0.386325  0.325810  0.453849  0.646627  0.471485  0.467993  0.403537  0.413496  0.492347  0.562970  0.484633  0.387732  0.386930  0.553212  0.699138  0.561232  0.322070  0.678825  0.417308  0.706944  0.596115  0.766121  0.465433  0.446401  0.690048  0.506336  0.463195  0.451709  0.828045  0.750780  0.396450  0.817639  0.551682  0.417378  0.467665  0.714104  0.525613  0.480751 
20  0.393991  0.660648  0.434910  0.433286  0.362204  0.457703  0.472332  0.642189  0.853577  0.460692  0.424546  0.385570  0.527480  0.623723  0.513066  0.588147  0.347000  0.855645  0.412652  0.312716 0.0  0.496617  0.693661  0.735344  0.610273  0.535805  0.341633  0.618323  0.383497  0.417349  0.546791  0.432183  0.451370  0.809977  0.493794  0.484534  0.407197  0.450442  0.638800  0.516352  0.506208  0.432355  0.417384  0.400695  0.394053  0.338330  0.326551  0.275367  0.416854  0.676846  0.292589  0.373737  0.578656  0.360831  0.760949  0.552606  0.823794  0.410355  0.468365  0.655419  0.571747  0.599759  0.407645  0.820802  0.772296  0.306272  0.752511  0.653794  0.387560  0.438446  0.790817  0.474123  0.612169 
21  0.530258  0.723835  0.421861  0.448700  0.525557  0.504138  0.672146  0.820273  0.828668  0.533739  0.463516  0.358161  0.538565  0.681003  0.273277  0.670387  0.493501  0.712703  0.543581  0.577388  0.496617 0.0  0.541390  0.789124  0.715027  0.575831  0.566960  0.521242  0.531299  0.602379  0.332107  0.426593  0.470024  1.000000  0.742679  0.602047  0.544444  0.430688  0.777543  0.591688  0.278511  0.551205  0.353284  0.459254  0.348690  0.451850  0.554775  0.598204  0.405985  0.670840  0.512835  0.449685  0.596470  0.393089  0.954613  0.482999  0.843125  0.529041  0.480502  0.770271  0.667531  0.508538  0.442142  0.746177  0.830507  0.532111  0.869741  0.576584  0.459141  0.425006  0.809929  0.231748  0.347123 
22  0.550309  0.751758  0.563065  0.584535  0.632302  0.616062  0.659602  0.633491  0.821756  0.569608  0.672248  0.636372  0.499039  0.426770  0.544165  0.571705  0.660384  0.792047  0.632628  0.631734  0.693661  0.541390 0.0  0.625887  0.678045  0.838855  0.701345  0.419767  0.606271  0.751160  0.472955  0.642879  0.411527  0.737305  0.654977  0.727690  0.596461  0.609714  0.675657  0.720966  0.550085  0.681524  0.609041  0.786665  0.605251  0.689079  0.681252  0.694915  0.660037  0.656899  0.687421  0.662945  0.775850  0.560764  0.804701  0.491619  0.804812  0.695802  0.645423  0.705761  0.494749  0.320972  0.737390  0.707917  0.798726  0.695278  0.835938  0.633884  0.703898  0.630084  0.817245  0.739666  0.654389 
23  0.748300  0.629826  0.786382  0.594049  0.694174  0.590149  0.843091  0.673685  0.696051  0.720306  0.707688  0.611742  0.571635  0.644621  0.716660  0.754712  0.679189  0.788694  0.725300  0.707794  0.735344  0.789124  0.625887 0.0  0.469672  0.673994  0.664321  0.741376  0.706141  0.595445  0.760965  0.707863  0.701916  0.787740  0.588941  0.514129  0.674659  0.589092  0.664639  0.723499  0.708097  0.693325  0.631986  0.584304  0.712783  0.719633  0.635588  0.659626  0.592640  0.551021  0.675247  0.638905  0.680264  0.706454  0.772108  0.613925  0.713726  0.607346  0.713437  0.535640  0.570058  0.690343  0.754211  0.760025  0.605698  0.722674  0.780271  0.492199  0.611291  0.683282  0.664363  0.689947  0.653970 
24  0.616624  0.645964  0.667283  0.609383  0.648308  0.652350  0.812741  0.633054  0.628536  0.798195  0.631147  0.522759  0.611313  0.547378  0.743974  0.646660  0.680483  0.747352  0.661062  0.602213  0.610273  0.715027  0.678045  0.469672 0.0  0.783981  0.572505  0.717577  0.665532  0.635217  0.740670  0.635372  0.605975  0.736068  0.457114  0.618960  0.708250  0.780304  0.534634  0.752646  0.680495  0.621890  0.671592  0.580241  0.625992  0.525269  0.550091  0.645231  0.697640  0.486871  0.651684  0.634009  0.726893  0.601763  0.697107  0.632635  0.647464  0.540437  0.537482  0.576452  0.662677  0.629672  0.699337  0.634373  0.667457  0.596108  0.629571  0.586317  0.595727  0.507380  0.649646  0.795444  0.760722 
25  0.513915  0.801420  0.589975  0.508990  0.575989  0.602270  0.290458  0.546963  0.726033  0.599196  0.456061  0.491998  0.685774  0.595765  0.548538  0.672935  0.666854  0.667129  0.539153  0.589829  0.535805  0.575831  0.838855  0.673994  0.783981 0.0  0.721121  0.730497  0.776141  0.557458  0.608663  0.534593  0.555732  0.697436  0.750081  0.585521  0.610964  0.613884  0.731419  0.337195  0.590025  0.575435  0.469076  0.576942  0.466418  0.540696  0.586949  0.573323  0.328808  0.713674  0.628375  0.434724  0.411895  0.545067  0.850513  0.627654  0.698576  0.471292  0.452629  0.794008  0.774807  0.786581  0.261369  0.829827  0.744791  0.654307  0.774010  0.737219  0.519199  0.503837  0.644589  0.622840  0.443382 
26  0.438869  0.684374  0.680779  0.526699  0.399464  0.487799  0.554409  0.618001  0.769139  0.438175  0.562657  0.453976  0.492316  0.697206  0.491702  0.680137  0.336202  0.796071  0.510944  0.511673  0.341633  0.566960  0.701345  0.664321  0.572505  0.721121 0.0  0.578899  0.486104  0.473136  0.542343  0.586508  0.479249  0.747642  0.648815  0.573821  0.326504  0.453335  0.642801  0.585628  0.649345  0.576646  0.364424  0.623288  0.440487  0.491479  0.444801  0.458149  0.455908  0.777839  0.513996  0.375920  0.582586  0.541718  0.800518  0.687455  0.881058  0.594854  0.546057  0.537218  0.645465  0.539234  0.440143  0.784171  0.813996  0.473928  0.853665  0.590262  0.579820  0.532136  0.819441  0.640644  0.565238 
27  0.553641  0.718855  0.500971  0.625739  0.522310  0.496694  0.723726  0.691350  0.865286  0.618970  0.427989  0.447612  0.180186  0.269207  0.472209  0.390391  0.527707  0.761103  0.566051  0.586055  0.618323  0.521242  0.419767  0.741376  0.717577  0.730497  0.578899 0.0  0.554528  0.538179  0.657867  0.539001  0.369870  0.776147  0.595839  0.458461  0.578095  0.547040  0.656060  0.629679  0.459255  0.491472  0.441521  0.548438  0.476662  0.476223  0.555476  0.449278  0.636804  0.677282  0.474259  0.485682  0.519804  0.652032  0.732717  0.515033  0.784521  0.528168  0.631633  0.496112  0.518673  0.623276  0.489487  0.756388  0.809349  0.539256  0.819546  0.487847  0.515696  0.553078  0.845195  0.596514  0.530325 
28  0.419498  0.742085  0.506355  0.501332  0.560971  0.489160  0.522568  0.780822  0.886603  0.363321  0.508672  0.514366  0.570300  0.586419  0.586536  0.510150  0.282288  0.748309  0.570989  0.518860  0.383497  0.531299  0.606271  0.706141  0.665532  0.776141  0.486104  0.554528 0.0  0.489101  0.535897  0.472154  0.623694  0.801951  0.624955  0.354813  0.418694  0.415753  0.727652  0.477846  0.593287  0.507176  0.415851  0.505258  0.567700  0.538779  0.484775  0.418050  0.565436  0.701043  0.303468  0.402157  0.618217  0.418364  0.896937  0.443506  0.796412  0.496597  0.488994  0.799408  0.516121  0.460303  0.450381  0.774481  0.860066  0.285991  0.898431  0.579140  0.565184  0.464884  0.906076  0.497417  0.553063 
29  0.430414  0.780904  0.591482  0.461896  0.406222  0.280867  0.578143  0.617998  0.748728  0.433854  0.315324  0.467182  0.673121  0.473918  0.572556  0.551945  0.275130  0.870531  0.567218  0.456506  0.417349  0.602379  0.751160  0.595445  0.635217  0.557458  0.473136  0.538179  0.489101 0.0  0.562641  0.567073  0.511199  0.831870  0.564166  0.309704  0.382286  0.452733  0.732432  0.594148  0.617535  0.372134  0.414884  0.503445  0.463710  0.486882  0.528863  0.443456  0.551042  0.630470  0.508868  0.423686  0.522051  0.393707  0.700169  0.626419  0.772919  0.363588  0.490791  0.762682  0.627537  0.469866  0.420586  0.775459  0.793647  0.502898  0.799663  0.524852  0.420434  0.525931  0.777565  0.622027  0.446845 
30  0.623238  0.771701  0.397226  0.445201  0.532697  0.582724  0.635511  0.665490  0.806345  0.550711  0.427108  0.399539  0.590750  0.497982  0.280729  0.590346  0.498251  0.845084  0.562822  0.431497  0.546791  0.332107  0.472955  0.760965  0.740670  0.608663  0.542343  0.657867  0.535897  0.562641 0.0  0.263272  0.485421  0.925245  0.629745  0.586541  0.604496  0.404322  0.753812  0.596352  0.296488  0.519422  0.670454  0.541996  0.468061  0.437506  0.616738  0.553314  0.470422  0.671654  0.514098  0.513916  0.603389  0.532395  0.904272  0.379811  0.804857  0.454164  0.499440  0.825656  0.416087  0.509423  0.588751  0.788218  0.780590  0.549533  0.897552  0.623633  0.411510  0.325224  0.843770  0.274638  0.502380 
31  0.610409  0.742793  0.340873  0.428395  0.580133  0.573091  0.710630  0.684242  0.839459  0.530099  0.535586  0.370998  0.663062  0.714051  0.434099  0.589481  0.464250  0.870613  0.517536  0.497956  0.432183  0.426593  0.642879  0.707863  0.635372  0.534593  0.586508  0.539001  0.472154  0.567073  0.263272 0.0  0.510351  0.906939  0.607830  0.445806  0.618586  0.467402  0.802635  0.468942  0.300872  0.443290  0.650083  0.495755  0.328418  0.523315  0.582356  0.439628  0.483871  0.649312  0.494420  0.428491  0.474555  0.463096  0.896778  0.498498  0.877243  0.414464  0.482113  0.807295  0.443774  0.522018  0.445237  0.845247  0.872949  0.677781  0.858393  0.676730  0.506492  0.482734  0.942429  0.337933  0.490336 
32  0.420340  0.740084  0.544396  0.561635  0.621640  0.515053  0.598930  0.715320  0.828183  0.552676  0.485662  0.461861  0.406075  0.464756  0.499366  0.476337  0.520230  0.879085  0.404056  0.520940  0.451370  0.470024  0.411527  0.701916  0.605975  0.555732  0.479249  0.369870  0.623694  0.511199  0.485421  0.510351 0.0  0.751996  0.628964  0.480558  0.499064  0.623138  0.609625  0.570579  0.533763  0.423399  0.455942  0.457851  0.444398  0.438487  0.475869  0.413483  0.449410  0.571083  0.452975  0.515405  0.573779  0.550947  0.790435  0.449833  0.662071  0.507825  0.446018  0.468673  0.488755  0.527712  0.583019  0.740541  0.624028  0.529455  0.680185  0.553184  0.536123  0.287965  0.788182  0.520317  0.463452 
33  0.863397  0.738645  0.835767  0.747886  0.785860  0.754932  0.682087  0.543660  0.730551  0.856267  0.792342  0.803987  0.797269  0.711148  0.773236  0.819252  0.781935  0.482396  0.795798  0.752103  0.809977  1.000000  0.737305  0.787740  0.736068  0.697436  0.747642  0.776147  0.801951  0.831870  0.925245  0.906939  0.751996 0.0  0.701488  0.796637  0.959809  0.899147  0.708963  0.627954  0.816402  0.769362  0.755673  0.801157  0.704056  0.817069  0.845859  0.889118  0.694614  0.770761  0.806291  0.779899  0.752366  0.735621  0.570055  0.890366  0.504519  0.753557  0.782614  0.898310  0.831730  0.735125  0.731571  0.539045  0.560161  0.914880  0.570199  0.713031  0.747395  0.705012  0.487082  0.814355  0.742669 
34  0.603204  0.605448  0.632938  0.604840  0.638710  0.464350  0.636340  0.523257  0.707403  0.666488  0.659866  0.607877  0.610413  0.511868  0.583637  0.733424  0.528145  0.787382  0.702232  0.647458  0.493794  0.742679  0.654977  0.588941  0.457114  0.750081  0.648815  0.595839  0.624955  0.564166  0.629745  0.607830  0.628964  0.701488 0.0  0.650770  0.688685  0.608412  0.631210  0.804076  0.678809  0.534751  0.656867  0.557981  0.653692  0.686862  0.613749  0.589740  0.587933  0.614994  0.708052  0.558383  0.714993  0.557384  0.629344  0.588448  0.662019  0.659470  0.672229  0.482731  0.661008  0.621427  0.589263  0.614341  0.671850  0.714798  0.740506  0.529747  0.701052  0.553558  0.675598  0.669295  0.509085 
35  0.426200  0.678821  0.573864  0.427460  0.389063  0.266491  0.478697  0.642128  0.756205  0.444611  0.375661  0.394418  0.582419  0.588294  0.540207  0.634456  0.365853  0.803502  0.529058  0.386325  0.484534  0.602047  0.727690  0.514129  0.618960  0.585521  0.573821  0.458461  0.354813  0.309704  0.586541  0.445806  0.480558  0.796637  0.650770 0.0  0.450468  0.427316  0.612044  0.555744  0.487444  0.429905  0.581567  0.513766  0.390731  0.451409  0.535584  0.418901  0.464873  0.741391  0.483573  0.380145  0.508768  0.370107  0.781437  0.633067  0.807772  0.532515  0.606095  0.630584  0.536477  0.519411  0.364804  0.650269  0.855044  0.531874  0.827089  0.476025  0.492896  0.534509  0.767651  0.614576  0.351605 
36  0.349676  0.585453  0.565271  0.374778  0.303197  0.512373  0.529378  0.708338  0.921942  0.454029  0.521947  0.434975  0.519052  0.515143  0.540567  0.633269  0.480586  0.816815  0.400566  0.325810  0.407197  0.544444  0.596461  0.674659  0.708250  0.610964  0.326504  0.578095  0.418694  0.382286  0.604496  0.618586  0.499064  0.959809  0.688685  0.450468 0.0  0.461318  0.600798  0.478694  0.632408  0.458190  0.410769  0.482877  0.532289  0.587432  0.404263  0.436742  0.504293  0.610365  0.580067  0.407401  0.578546  0.538354  0.768586  0.599094  0.766619  0.381156  0.555183  0.668987  0.681588  0.684474  0.545882  0.791165  0.758708  0.498828  0.800157  0.613425  0.524753  0.447432  0.805247  0.593779  0.604911 
37  0.368375  0.758969  0.463620  0.460087  0.521277  0.361425  0.504005  0.755847  0.858933  0.217699  0.481796  0.537400  0.559757  0.589418  0.502525  0.594173  0.405737  0.753765  0.474333  0.453849  0.450442  0.430688  0.609714  0.589092  0.780304  0.613884  0.453335  0.547040  0.415753  0.452733  0.404322  0.467402  0.623138  0.899147  0.608412  0.427316  0.461318 0.0  0.757334  0.510774  0.420700  0.580928  0.414489  0.377455  0.540878  0.537125  0.303517  0.355227  0.463184  0.594875  0.517713  0.601107  0.642759  0.495298  0.799657  0.595651  0.867979  0.404783  0.600956  0.671501  0.517955  0.542908  0.538621  0.670121  0.751110  0.381669  0.740553  0.431255  0.492070  0.513111  0.882604  0.372237  0.476941 
38  0.657630  0.761201  0.805322  0.817314  0.711828  0.743023  0.609248  0.641159  0.733687  0.790409  0.705689  0.602593  0.665295  0.628247  0.751869  0.749301  0.663528  0.757725  0.661900  0.646627  0.638800  0.777543  0.675657  0.664639  0.534634  0.731419  0.642801  0.656060  0.727652  0.732432  0.753812  0.802635  0.609625  0.708963  0.631210  0.612044  0.600798  0.757334 0.0  0.850132  0.716646  0.640710  0.693678  0.732479  0.561164  0.695820  0.660582  0.696826  0.651979  0.613678  0.681582  0.722445  0.728468  0.562578  0.707692  0.650762  0.822360  0.569770  0.651305  0.599663  0.656434  0.724987  0.570866  0.694847  0.690342  0.726219  0.717773  0.553289  0.768087  0.714319  0.683573  0.730153  0.661257 
39  0.527821  0.876198  0.509050  0.379852  0.550898  0.470460  0.273938  0.460880  0.739409  0.622322  0.498455  0.358253  0.712226  0.593268  0.681021  0.699150  0.443034  0.650009  0.513475  0.471485  0.516352  0.591688  0.720966  0.723499  0.752646  0.337195  0.585628  0.629679  0.477846  0.594148  0.596352  0.468942  0.570579  0.627954  0.804076  0.555744  0.478694  0.510774  0.850132 0.0  0.578683  0.477684  0.541975  0.452017  0.447273  0.450825  0.431705  0.543474  0.517703  0.873005  0.534887  0.622213  0.424008  0.420891  0.722859  0.615326  0.809099  0.591031  0.469828  0.776543  0.669480  0.700757  0.393045  0.762104  0.925702  0.546544  0.698626  0.689681  0.637231  0.481610  0.628764  0.597662  0.445090 
40  0.536547  0.811209  0.458667  0.579528  0.550193  0.499585  0.592608  0.626783  0.844008  0.587697  0.388873  0.348835  0.530946  0.578520  0.320976  0.557816  0.564393  0.796457  0.504450  0.467993  0.506208  0.278511  0.550085  0.708097  0.680495  0.590025  0.649345  0.459255  0.593287  0.617535  0.296488  0.300872  0.533763  0.816402  0.678809  0.487444  0.632408  0.420700  0.716646  0.578683 0.0  0.471052  0.555959  0.567881  0.366918  0.445684  0.592959  0.556416  0.566585  0.763458  0.357572  0.428795  0.540853  0.499182  0.872693  0.514713  0.988200  0.498779  0.471924  0.711188  0.495982  0.559553  0.513134  0.741816  0.822937  0.519383  0.905891  0.628420  0.507277  0.437528  0.800149  0.339998  0.446180 
41  0.462375  0.651104  0.433500  0.482421  0.452984  0.275030  0.491943  0.574011  0.696289  0.515927  0.309337  0.483948  0.576924  0.547378  0.591901  0.580152  0.367133  0.753335  0.415574  0.403537  0.432355  0.551205  0.681524  0.693325  0.621890  0.575435  0.576646  0.491472  0.507176  0.372134  0.519422  0.443290  0.423399  0.769362  0.534751  0.429905  0.458190  0.580928  0.640710  0.477684  0.471052 0.0  0.318337  0.450697  0.283792  0.459501  0.481355  0.473713  0.391036  0.697102  0.510339  0.430297  0.561281  0.364019  0.865593  0.576051  0.720754  0.166283  0.434167  0.686341  0.550672  0.557976  0.350860  0.836807  0.831354  0.549208  0.801727  0.534890  0.427420  0.414245  0.764390  0.481669  0.442002 
42  0.477538  0.738188  0.585581  0.304580  0.364584  0.488165  0.521186  0.683462  0.751821  0.424453  0.409545  0.368466  0.632021  0.465096  0.390143  0.656495  0.400112  0.868130  0.266285  0.413496  0.417384  0.353284  0.609041  0.631986  0.671592  0.469076  0.364424  0.441521  0.415851  0.414884  0.670454  0.650083  0.455942  0.755673  0.656867  0.581567  0.410769  0.414489  0.693678  0.541975  0.555959  0.318337 0.0  0.434205  0.371134  0.435515  0.536187  0.507278  0.419140  0.561842  0.583381  0.385470  0.525863  0.266080  0.843316  0.527419  0.847786  0.379576  0.347224  0.734720  0.666270  0.535989  0.339430  0.766571  0.896819  0.418040  0.866891  0.567719  0.514537  0.421152  0.853590  0.488914  0.393263 
43  0.532437  0.657326  0.472734  0.286138  0.556200  0.382722  0.539881  0.583692  0.858298  0.495623  0.314676  0.242414  0.547725  0.475942  0.403576  0.685447  0.402332  0.728427  0.455204  0.492347  0.400695  0.459254  0.786665  0.584304  0.580241  0.576942  0.623288  0.548438  0.505258  0.503445  0.541996  0.495755  0.457851  0.801157  0.557981  0.513766  0.482877  0.377455  0.732479  0.452017  0.567881  0.450697  0.434205 0.0  0.362181  0.238936  0.548188  0.444607  0.271001  0.669522  0.517906  0.509011  0.585322  0.368183  0.769860  0.569458  0.824209  0.440072  0.441861  0.654682  0.514538  0.654186  0.343477  0.677442  0.785255  0.526895  0.749757  0.493232  0.358290  0.333588  0.820678  0.525110  0.352354 
44  0.550989  0.796392  0.483871  0.423567  0.468026  0.593063  0.670394  0.681688  0.805577  0.587812  0.266932  0.266797  0.609718  0.320710  0.405989  0.700843  0.449041  0.771589  0.386236  0.562970  0.394053  0.348690  0.605251  0.712783  0.625992  0.466418  0.440487  0.476662  0.567700  0.463710  0.468061  0.328418  0.444398  0.704056  0.653692  0.390731  0.532289  0.540878  0.561164  0.447273  0.366918  0.283792  0.371134  0.362181 0.0  0.377366  0.485119  0.441664  0.163983  0.712870  0.561630  0.320303  0.492343  0.401161  0.869252  0.551712  0.667027  0.681006  0.364958  0.588736  0.628798  0.406543  0.356975  0.810362  0.790288  0.434213  0.742785  0.591356  0.208895  0.358678  0.837937  0.432462  0.288864 
45  0.476562  0.700115  0.455284  0.379148  0.441966  0.389963  0.564394  0.610154  0.767104  0.558646  0.430004  0.377158  0.612034  0.379214  0.480263  0.582417  0.414052  0.855004  0.429326  0.484633  0.338330  0.451850  0.689079  0.719633  0.525269  0.540696  0.491479  0.476223  0.538779  0.486882  0.437506  0.523315  0.438487  0.817069  0.686862  0.451409  0.587432  0.537125  0.695820  0.450825  0.445684  0.459501  0.435515  0.238936  0.377366 0.0  0.463044  0.465723  0.367934  0.654622  0.479524  0.463902  0.477689  0.420437  0.740928  0.580206  0.780229  0.549344  0.306648  0.705412  0.605717  0.653394  0.350641  0.844198  0.722821  0.655501  0.717264  0.641599  0.276299  0.371005  0.855762  0.410832  0.427726 
46  0.342165  0.684559  0.526472  0.541717  0.460026  0.457827  0.400998  0.653860  0.786909  0.411321  0.315609  0.439395  0.631942  0.509177  0.593472  0.688809  0.355764  0.723193  0.444200  0.387732  0.326551  0.554775  0.681252  0.635588  0.550091  0.586949  0.444801  0.555476  0.484775  0.528863  0.616738  0.582356  0.475869  0.845859  0.613749  0.535584  0.404263  0.303517  0.660582  0.431705  0.592959  0.481355  0.536187  0.548188  0.485119  0.463044 0.0  0.303215  0.319317  0.650983  0.330125  0.440563  0.630130  0.322939  0.816362  0.656615  0.841164  0.453804  0.444253  0.713116  0.604960  0.509855  0.472060  0.821029  0.698986  0.458015  0.739361  0.581967  0.517861  0.424032  0.806991  0.497251  0.378420 
47  0.386744  0.625295  0.510233  0.442295  0.389968  0.471658  0.457226  0.713605  0.831963  0.384836  0.463303  0.459838  0.609038  0.525895  0.533299  0.652019  0.294777  0.744816  0.441710  0.386930  0.275367  0.598204  0.694915  0.659626  0.645231  0.573323  0.458149  0.449278  0.418050  0.443456  0.553314  0.439628  0.413483  0.889118  0.589740  0.418901  0.436742  0.355227  0.696826  0.543474  0.556416  0.473713  0.507278  0.444607  0.441664  0.465723  0.303215 0.0  0.402188  0.747673  0.492805  0.385992  0.505038  0.398624  0.823502  0.577025  0.855947  0.411194  0.486080  0.679072  0.643103  0.516564  0.486656  0.723742  0.812969  0.442276  0.753810  0.713225  0.400085  0.454347  0.954524  0.608245  0.387344 
48  0.546991  0.606357  0.381515  0.462365  0.434700  0.322944  0.548103  0.622862  0.755150  0.519566  0.348796  0.325828  0.595853  0.510405  0.350287  0.534341  0.512373  0.766604  0.471787  0.553212  0.416854  0.405985  0.660037  0.592640  0.697640  0.328808  0.455908  0.636804  0.565436  0.551042  0.470422  0.483871  0.449410  0.694614  0.587933  0.464873  0.504293  0.463184  0.651979  0.517703  0.566585  0.391036  0.419140  0.271001  0.163983  0.367934  0.319317  0.402188 0.0  0.649916  0.497990  0.298779  0.445447  0.507945  0.764761  0.653665  0.791945  0.410740  0.471335  0.614597  0.541007  0.523833  0.368633  0.732923  0.691427  0.492833  0.846337  0.607602  0.368190  0.394513  0.928422  0.512810  0.395286 
49  0.773090  0.711641  0.687459  0.630836  0.632513  0.749723  0.853981  0.687541  0.724582  0.805466  0.693294  0.637458  0.633955  0.622604  0.604899  0.675399  0.756710  0.813727  0.695093  0.699138  0.676846  0.670840  0.656899  0.551021  0.486871  0.713674  0.777839  0.677282  0.701043  0.630470  0.671654  0.649312  0.571083  0.770761  0.614994  0.741391  0.610365  0.594875  0.613678  0.873005  0.763458  0.697102  0.561842  0.669522  0.712870  0.654622  0.650983  0.747673  0.649916 0.0  0.639308  0.748585  0.744487  0.749549  0.850399  0.702059  0.767719  0.604879  0.833302  0.679145  0.685338  0.675430  0.755892  0.739835  0.830625  0.595009  0.782491  0.593754  0.599608  0.582939  0.770337  0.649122  0.671341 
50  0.471023  0.709416  0.466385  0.563326  0.335679  0.616805  0.454355  0.784172  0.811102  0.433042  0.462966  0.421290  0.695667  0.558014  0.512394  0.655254  0.410652  0.845967  0.454762  0.561232  0.292589  0.512835  0.687421  0.675247  0.651684  0.628375  0.513996  0.474259  0.303468  0.508868  0.514098  0.494420  0.452975  0.806291  0.708052  0.483573  0.580067  0.517713  0.681582  0.534887  0.357572  0.510339  0.583381  0.517906  0.561630  0.479524  0.330125  0.492805  0.497990  0.639308 0.0  0.422728  0.642021  0.284329  0.796926  0.520774  0.892089  0.436173  0.548530  0.738056  0.654428  0.704642  0.545287  0.726745  0.856623  0.289124  0.883478  0.648033  0.537039  0.618745  0.776960  0.466003  0.598587 
51  0.299123  0.612823  0.432769  0.384161  0.425244  0.403353  0.586154  0.528399  0.705127  0.561357  0.354928  0.478158  0.561720  0.486879  0.517150  0.510544  0.348036  0.747499  0.348250  0.322070  0.373737  0.449685  0.662945  0.638905  0.634009  0.434724  0.375920  0.485682  0.402157  0.423686  0.513916  0.428491  0.515405  0.779899  0.558383  0.380145  0.407401  0.601107  0.722445  0.622213  0.428795  0.430297  0.385470  0.509011  0.320303  0.463902  0.440563  0.385992  0.298779  0.748585  0.422728 0.0  0.546491  0.426909  0.725279  0.575719  0.751997  0.344278  0.407098  0.650961  0.525252  0.529279  0.474005  0.679363  0.836817  0.578798  0.804418  0.635424  0.379979  0.485669  0.658473  0.573434  0.384416 
52  0.696669  0.723517  0.625897  0.525080  0.721556  0.539662  0.660174  0.615444  0.663050  0.657412  0.483350  0.451104  0.742185  0.565186  0.553600  0.694917  0.574150  0.881099  0.570264  0.678825  0.578656  0.596470  0.775850  0.680264  0.726893  0.411895  0.582586  0.519804  0.618217  0.522051  0.603389  0.474555  0.573779  0.752366  0.714993  0.508768  0.578546  0.642759  0.728468  0.424008  0.540853  0.561281  0.525863  0.585322  0.492343  0.477689  0.630130  0.505038  0.445447  0.744487  0.642021  0.546491 0.0  0.687939  0.610212  0.763287  0.742924  0.659241  0.532665  0.805035  0.749547  0.750090  0.350013  0.800205  0.637918  0.623270  0.668805  0.718615  0.574178  0.602221  0.656613  0.472443  0.421455 
53  0.467432  0.723584  0.540287  0.464756  0.530345  0.423077  0.558587  0.653681  0.794518  0.448352  0.394341  0.427251  0.558591  0.477799  0.564812  0.681298  0.408803  0.776267  0.227330  0.417308  0.360831  0.393089  0.560764  0.706454  0.601763  0.545067  0.541718  0.652032  0.418364  0.393707  0.532395  0.463096  0.550947  0.735621  0.557384  0.370107  0.538354  0.495298  0.562578  0.420891  0.499182  0.364019  0.266080  0.368183  0.401161  0.420437  0.322939  0.398624  0.507945  0.749549  0.284329  0.426909  0.687939 0.0  0.762014  0.590136  0.786410  0.357958  0.416392  0.673141  0.505306  0.650075  0.485655  0.872313  0.647674  0.486920  0.767330  0.624090  0.452430  0.485639  0.820139  0.558198  0.372796 
