73
0 0.0  0.741342  0.382906  0.341854  0.585901  0.475762  0.611344  0.436785  0.398206  0.561305  0.733401  0.499233  0.522857  0.417465  0.632411  0.355268  0.420338  0.438477  0.540998  0.459127  0.316141  0.470454  0.558868  0.543732  0.600217  0.375260  0.563139  0.382847  0.447203  0.452740  0.642455  0.440395  0.464613  0.542125  0.800094  0.436824  0.456036  0.470968  0.538896  0.703905  0.624747  0.373046  0.534262  0.631254  0.592602  0.437997  0.542235  0.585692  0.561390  0.692550  0.519549  0.544379  0.480240  0.489238  0.657469  0.630559  0.354168  0.808950  0.611020  0.407070  0.443018  0.466739  0.557019  0.454252  0.332561  0.677094  0.344604  0.477994  0.526425  0.744946  0.521736  0.574704  0.453721 
1  0.741342 0.0  0.858216  0.941471  0.783758  1.000000  0.632065  0.644835  0.621690  0.867531  0.567195  0.693799  0.808684  0.691756  0.462565  0.781326  0.712760  0.808210  0.844685  0.900523  0.752826  0.695762  0.859619  0.857059  0.681960  0.710307  0.754984  0.871866  0.707620  0.721403  0.762635  0.644053  0.744736  0.845094  0.494594  0.868209  0.834760  0.995523  0.731899  0.416759  0.762039  0.817285  0.843348  0.844285  0.839175  0.813846  0.836199  0.703138  0.736788  0.872681  0.752826  0.864385  0.746856  0.727630  0.853902  0.814254  0.691161  0.501379  0.743749  0.686868  0.841432  0.880457  0.668089  0.889152  0.734255  0.689070  0.793085  0.781092  0.802777  0.694039  0.708445  0.848012  0.751926 
2  0.382906  0.858216 0.0  0.460332  0.368136  0.540771  0.753741  0.503072  0.377537  0.540562  0.692570  0.651263  0.420107  0.449752  0.739907  0.375748  0.506443  0.432544  0.419574  0.510063  0.541539  0.417660  0.426749  0.399891  0.612764  0.267815  0.593770  0.430018  0.386339  0.342308  0.670880  0.493684  0.495445  0.635328  0.817121  0.408104  0.415718  0.605782  0.510132  0.900274  0.762527  0.475427  0.663530  0.456329  0.590793  0.531399  0.392804  0.656931  0.557147  0.667305  0.490134  0.417150  0.410717  0.455278  0.641586  0.727043  0.399094  0.788123  0.535530  0.372715  0.521402  0.571652  0.659717  0.391647  0.442775  0.718591  0.586776  0.476705  0.435891  0.725965  0.575937  0.491265  0.505151 
3  0.341854  0.941471  0.460332 0.0  0.450001  0.559785  0.573603  0.598549  0.394951  0.482908  0.740844  0.741093  0.408117  0.244002  0.645502  0.197833  0.440959  0.364408  0.356617  0.509614  0.366119  0.681039  0.488680  0.464510  0.653906  0.509197  0.415323  0.374528  0.388410  0.383855  0.638929  0.405408  0.493184  0.511033  0.783792  0.367526  0.422973  0.534207  0.442029  0.843681  0.601870  0.334593  0.556277  0.565840  0.469598  0.606554  0.432791  0.527757  0.469785  0.627251  0.371456  0.459247  0.536096  0.596344  0.581181  0.759520  0.359133  0.691968  0.493896  0.359855  0.406940  0.555814  0.603821  0.521056  0.300582  0.632502  0.561954  0.452397  0.499606  0.725940  0.499812  0.553075  0.497059 
4  0.585901  0.783758  0.368136  0.450001 0.0  0.558594  0.681627  0.485227  0.339227  0.558686  0.841436  0.717566  0.353504  0.500645  0.654290  0.471569  0.472011  0.374315  0.258283  0.565771  0.469502  0.508559  0.542762  0.399153  0.745105  0.434074  0.600723  0.497829  0.465898  0.354330  0.721509  0.426420  0.460582  0.662664  0.785887  0.469909  0.488968  0.453654  0.361499  0.715701  0.674755  0.411359  0.574323  0.446510  0.699567  0.557236  0.360791  0.653555  0.600765  0.702940  0.385428  0.439095  0.248768  0.595993  0.739929  0.644917  0.386911  0.834506  0.527875  0.448367  0.549133  0.462731  0.575178  0.354304  0.406997  0.679412  0.585531  0.495034  0.448019  0.769366  0.541563  0.433236  0.510485 
5  0.475762  1.000000  0.540771  0.559785  0.558594 0.0  0.698315  0.509846  0.491460  0.390159  0.945949  0.705334  0.649255  0.452063  0.598644  0.520078  0.431011  0.458406  0.528678  0.346679  0.411451  0.589052  0.504457  0.522274  0.710663  0.502585  0.614883  0.583495  0.456725  0.561417  0.674170  0.561417  0.646701  0.550359  0.873353  0.464923  0.530281  0.433018  0.545213  0.798194  0.519169  0.478812  0.523929  0.530072  0.473024  0.585890  0.509806  0.661794  0.396748  0.705555  0.474099  0.583178  0.508832  0.573947  0.609016  0.636854  0.433951  0.902228  0.582474  0.514655  0.271714  0.318251  0.671864  0.463109  0.487892  0.720474  0.365428  0.549412  0.329211  0.795661  0.594434  0.666280  0.622655 
6  0.611344  0.632065  0.753741  0.573603  0.681627  0.698315 0.0  0.503975  0.583250  0.698149  0.645810  0.608393  0.564717  0.650820  0.625551  0.662493  0.622116  0.650365  0.636141  0.766843  0.732781  0.617786  0.701607  0.643979  0.637733  0.615504  0.662678  0.630433  0.582752  0.570261  0.580291  0.587735  0.697178  0.665142  0.770946  0.578800  0.651192  0.684018  0.729093  0.514563  0.655424  0.731650  0.617993  0.737595  0.499797  0.669588  0.617939  0.549508  0.665629  0.612431  0.543453  0.791973  0.636392  0.572684  0.667344  0.682075  0.718233  0.644990  0.673138  0.654978  0.777899  0.722809  0.541992  0.799783  0.690481  0.592580  0.652891  0.752412  0.738061  0.580622  0.564707  0.628657  0.683729 
7  0.436785  0.644835  0.503072  0.598549  0.485227  0.509846  0.503975 0.0  0.457477  0.608459  0.891954  0.769664  0.587373  0.540219  0.444182  0.507944  0.480229  0.585425  0.475914  0.582317  0.559169  0.396652  0.680617  0.543923  0.879031  0.453841  0.636959  0.489464  0.597413  0.634418  0.794148  0.601310  0.643406  0.515630  0.904938  0.498733  0.513434  0.463513  0.523365  0.607102  0.719768  0.435306  0.742205  0.547387  0.698100  0.710825  0.470953  0.775666  0.653364  0.732992  0.497880  0.579078  0.512217  0.471479  0.739392  0.804312  0.466541  0.805354  0.384080  0.534218  0.527659  0.525521  0.772912  0.674558  0.421844  0.744973  0.600921  0.451941  0.564184  0.794494  0.436282  0.493559  0.595208 
8  0.398206  0.621690  0.377537  0.394951  0.339227  0.491460  0.583250  0.457477 0.0  0.527190  0.733286  0.673500  0.382033  0.366730  0.599181  0.419912  0.467390  0.370464  0.523809  0.357368  0.429202  0.478840  0.398729  0.417019  0.655719  0.464986  0.472717  0.417354  0.315036  0.246925  0.565070  0.536471  0.519328  0.613337  0.829888  0.275127  0.403332  0.408883  0.435078  0.735760  0.645957  0.441729  0.583313  0.376974  0.645210  0.486785  0.328953  0.552930  0.495041  0.598651  0.495345  0.290156  0.417613  0.304606  0.592850  0.712311  0.481751  0.826242  0.471834  0.407517  0.647823  0.509462  0.612514  0.326718  0.464361  0.686763  0.476755  0.437105  0.512508  0.768704  0.659499  0.370031  0.630249 
9  0.561305  0.867531  0.540562  0.482908  0.558686  0.390159  0.698149  0.608459  0.527190 0.0  0.890735  0.711217  0.542197  0.448361  0.647169  0.541192  0.486650  0.564708  0.563929  0.358879  0.389712  0.645220  0.587432  0.582445  0.799782  0.370298  0.551020  0.401328  0.453775  0.518713  0.647031  0.463736  0.594397  0.401125  0.853749  0.481975  0.505193  0.325385  0.595382  0.817712  0.573360  0.472609  0.541549  0.558531  0.556403  0.471618  0.463589  0.743674  0.455373  0.728123  0.361937  0.480665  0.483792  0.538600  0.648110  0.510084  0.432795  0.721773  0.519865  0.505300  0.363109  0.424860  0.799910  0.548799  0.476065  0.601645  0.385172  0.458733  0.451547  0.706018  0.509791  0.737282  0.740352 
10  0.733401  0.567195  0.692570  0.740844  0.841436  0.945949  0.645810  0.891954  0.733286  0.890735 0.0  0.808078  0.755143  0.731718  0.579390  0.734556  0.728662  0.744543  0.772248  0.749054  0.841503  0.594593  0.816191  0.757069  0.794607  0.800432  0.683065  0.616281  0.735805  0.674748  0.647899  0.782806  0.795046  0.904952  0.274330  0.774076  0.751240  0.866228  0.823810  0.592659  0.771739  0.756664  0.865049  0.911843  0.687672  0.717584  0.765920  0.740993  0.800970  0.644924  0.833005  0.824257  0.782436  0.713612  0.876803  0.750283  0.636494  0.493991  0.706097  0.851245  0.822973  0.821356  0.581597  0.804196  0.851035  0.723778  0.814475  0.801010  0.858556  0.668300  0.623243  0.652976  0.532444 
11  0.499233  0.693799  0.651263  0.741093  0.717566  0.705334  0.608393  0.769664  0.673500  0.711217  0.808078 0.0  0.630756  0.663257  0.652309  0.789965  0.717809  0.723427  0.688265  0.584867  0.659892  0.831201  0.825962  0.627319  0.503743  0.657634  0.618968  0.635983  0.620112  0.648794  0.613166  0.633372  0.751718  0.674837  0.725008  0.641122  0.733299  0.642695  0.717759  0.730792  0.649645  0.745909  0.557078  0.660117  0.670131  0.598695  0.565520  0.545702  0.692050  0.561037  0.655327  0.868983  0.603865  0.764456  0.574823  0.732312  0.678900  0.717965  0.715830  0.666740  0.581258  0.710972  0.502372  0.655892  0.711410  0.607745  0.645595  0.635158  0.620907  0.696553  0.824407  0.718991  0.537395 
12  0.522857  0.808684  0.420107  0.408117  0.353504  0.649255  0.564717  0.587373  0.382033  0.542197  0.755143  0.630756 0.0  0.423668  0.725902  0.505799  0.468990  0.374993  0.328653  0.555628  0.392270  0.582679  0.455433  0.384634  0.729054  0.478001  0.611724  0.545522  0.394759  0.429497  0.660088  0.441811  0.473455  0.554061  0.786153  0.412094  0.481358  0.475777  0.439154  0.824146  0.742864  0.501699  0.629697  0.482902  0.514728  0.479985  0.385416  0.566459  0.617043  0.720542  0.479715  0.472561  0.437853  0.483653  0.664869  0.797133  0.463939  0.885702  0.574299  0.254865  0.617803  0.586055  0.660882  0.583250  0.446267  0.737504  0.503887  0.521684  0.481388  0.670751  0.624907  0.530398  0.621019 
13  0.417465  0.691756  0.449752  0.244002  0.500645  0.452063  0.650820  0.540219  0.366730  0.448361  0.731718  0.663257  0.423668 0.0  0.578033  0.409364  0.440476  0.541280  0.463905  0.506383  0.469816  0.598019  0.481893  0.463759  0.687962  0.555813  0.469376  0.468212  0.330078  0.371001  0.575266  0.370357  0.426637  0.492034  0.744509  0.441241  0.368627  0.480114  0.393718  0.671867  0.556663  0.451206  0.691738  0.533039  0.511033  0.539174  0.378510  0.658548  0.498885  0.736530  0.432816  0.482172  0.495952  0.391652  0.696437  0.740313  0.442541  0.755973  0.598789  0.429187  0.547085  0.458469  0.608491  0.456286  0.452732  0.632571  0.464292  0.360433  0.399106  0.781989  0.488886  0.510857  0.640514 
14  0.632411  0.462565  0.739907  0.645502  0.654290  0.598644  0.625551  0.444182  0.599181  0.647169  0.579390  0.652309  0.725902  0.578033 0.0  0.713163  0.714519  0.675782  0.541079  0.668713  0.635131  0.443273  0.663781  0.688984  0.729984  0.531947  0.679977  0.627182  0.597710  0.649208  0.658604  0.715024  0.720111  0.762361  0.546499  0.579652  0.535769  0.646187  0.812536  0.480500  0.760370  0.609971  0.743197  0.647852  0.619853  0.715243  0.776560  0.619424  0.616766  0.659571  0.681032  0.767343  0.630776  0.638532  0.723181  0.816763  0.669017  0.543455  0.535651  0.657499  0.602604  0.698173  0.549836  0.795322  0.779625  0.631916  0.626154  0.600159  0.715913  0.569117  0.548313  0.568108  0.629554 
15  0.355268  0.781326  0.375748  0.197833  0.471569  0.520078  0.662493  0.507944  0.419912  0.541192  0.734556  0.789965  0.505799  0.409364  0.713163 0.0  0.411188  0.544084  0.387710  0.406955  0.456791  0.477254  0.657114  0.530620  0.623342  0.395255  0.482791  0.403133  0.298817  0.479565  0.699252  0.436269  0.399400  0.432384  0.670910  0.378232  0.467726  0.433641  0.428297  0.656404  0.574764  0.417168  0.628341  0.502644  0.428647  0.632586  0.450665  0.574993  0.506916  0.619649  0.365671  0.399839  0.459813  0.491352  0.659983  0.637230  0.397972  0.787666  0.650026  0.448161  0.393244  0.557486  0.618687  0.466481  0.526989  0.637107  0.524087  0.358450  0.449840  0.674873  0.605878  0.490942  0.507522 
16  0.420338  0.712760  0.506443  0.440959  0.472011  0.431011  0.622116  0.480229  0.467390  0.486650  0.728662  0.717809  0.468990  0.440476  0.714519  0.411188 0.0  0.558186  0.340687  0.473714  0.340930  0.599056  0.462871  0.430003  0.606087  0.187301  0.546275  0.454483  0.480712  0.422109  0.747562  0.489654  0.467618  0.627629  0.667105  0.429307  0.279229  0.445313  0.464415  0.757427  0.502095  0.375531  0.504643  0.554345  0.597737  0.454253  0.487739  0.630032  0.555465  0.665470  0.307598  0.525824  0.402154  0.451007  0.701563  0.680397  0.429366  0.755961  0.544935  0.501062  0.383968  0.482451  0.639982  0.431181  0.401826  0.674554  0.547098  0.443472  0.438449  0.671095  0.428584  0.596634  0.569895 
17  0.438477  0.808210  0.432544  0.364408  0.374315  0.458406  0.650365  0.585425  0.370464  0.564708  0.744543  0.723427  0.374993  0.541280  0.675782  0.544084  0.558186 0.0  0.475598  0.546778  0.427315  0.586653  0.476059  0.457064  0.590332  0.514417  0.484619  0.532198  0.411718  0.479206  0.667200  0.520512  0.382424  0.720193  0.903153  0.500318  0.469692  0.516719  0.310717  0.829365  0.601268  0.496440  0.594196  0.571207  0.563878  0.666910  0.395894  0.691967  0.651631  0.628030  0.511505  0.529293  0.456583  0.583971  0.739963  0.675185  0.502045  0.757182  0.607836  0.328972  0.597025  0.620320  0.692767  0.456705  0.616334  0.735076  0.697441  0.577445  0.495214  0.688915  0.585653  0.608532  0.637211 
18  0.540998  0.844685  0.419574  0.356617  0.258283  0.528678  0.636141  0.475914  0.523809  0.563929  0.772248  0.688265  0.328653  0.463905  0.541079  0.387710  0.340687  0.475598 0.0  0.484196  0.387860  0.464410  0.407522  0.377238  0.595842  0.384475  0.473413  0.413100  0.429744  0.422432  0.565138  0.542725  0.498216  0.429580  0.728905  0.362548  0.413462  0.573546  0.483489  0.683924  0.766374  0.287856  0.564083  0.404115  0.456594  0.623124  0.384450  0.615868  0.586829  0.667250  0.399526  0.524690  0.205107  0.466887  0.597030  0.570032  0.374673  0.751584  0.588435  0.349634  0.545936  0.564279  0.617857  0.471651  0.357875  0.645650  0.591306  0.486974  0.510587  0.797945  0.583332  0.520395  0.595135 
19  0.459127  0.900523  0.510063  0.509614  0.565771  0.346679  0.766843  0.582317  0.357368  0.358879  0.749054  0.584867  0.555628  0.506383  0.668713  0.406955  0.473714  0.546778  0.484196 0.0  0.438847  0.690266  0.554835  0.529832  0.736635  0.399474  0.634377  0.426273  0.404880  0.564283  0.733390  0.426538  0.668066  0.509763  0.914133  0.481068  0.545040  0.337373  0.478372  0.812186  0.579606  0.401336  0.517236  0.404874  0.586028  0.462718  0.500781  0.764414  0.504278  0.595161  0.442853  0.626171  0.591010  0.500331  0.614640  0.724045  0.535494  0.865181  0.541233  0.506080  0.313160  0.438407  0.644471  0.520959  0.449531  0.625949  0.613772  0.460810  0.538226  0.719884  0.491736  0.696584  0.676983 
20  0.316141  0.752826  0.541539  0.366119  0.469502  0.411451  0.732781  0.559169  0.429202  0.389712  0.841503  0.659892  0.392270  0.469816  0.635131  0.456791  0.340930  0.427315  0.387860  0.438847 0.0  0.476692  0.567007  0.482499  0.685824  0.428256  0.558293  0.396722  0.363033  0.490228  0.587377  0.479269  0.379512  0.438225  0.701087  0.404437  0.446645  0.404451  0.549602  0.683958  0.571404  0.459469  0.549375  0.497342  0.519426  0.472488  0.412833  0.641873  0.416869  0.663412  0.303177  0.515881  0.531528  0.430523  0.651740  0.788031  0.376422  0.763281  0.483506  0.448154  0.366632  0.431089  0.595634  0.447854  0.364061  0.616738  0.500009  0.376586  0.491672  0.784137  0.376429  0.621624  0.598889 
21  0.470454  0.695762  0.417660  0.681039  0.508559  0.589052  0.617786  0.396652  0.478840  0.645220  0.594593  0.831201  0.582679  0.598019  0.443273  0.477254  0.599056  0.586653  0.464410  0.690266  0.476692 0.0  0.458426  0.481471  0.826649  0.526293  0.657988  0.589239  0.447478  0.431383  0.778172  0.618885  0.456620  0.651357  0.801804  0.415672  0.562493  0.656998  0.531849  0.606128  0.718475  0.607410  0.771607  0.566608  0.630653  0.772188  0.489586  0.699061  0.608171  0.762180  0.530227  0.547091  0.543340  0.450646  0.780747  0.746280  0.566671  0.898502  0.419461  0.410031  0.670826  0.688041  0.810848  0.558104  0.620790  0.741431  0.659392  0.525413  0.510186  0.652714  0.526279  0.462784  0.726763 
22  0.558868  0.859619  0.426749  0.488680  0.542762  0.504457  0.701607  0.680617  0.398729  0.587432  0.816191  0.825962  0.455433  0.481893  0.663781  0.657114  0.462871  0.476059  0.407522  0.554835  0.567007  0.458426 0.0  0.397397  0.699310  0.429266  0.484098  0.499870  0.301489  0.291226  0.623947  0.602733  0.484653  0.535091  0.880005  0.338071  0.443159  0.527497  0.538354  0.806896  0.734085  0.486580  0.588052  0.343326  0.598056  0.606901  0.406359  0.835129  0.567509  0.725842  0.496682  0.346445  0.511141  0.391066  0.655322  0.644623  0.479868  0.920841  0.683082  0.392483  0.551613  0.484522  0.618668  0.327588  0.556938  0.557396  0.491722  0.403632  0.464662  0.649562  0.587293  0.461405  0.603059 
23  0.543732  0.857059  0.399891  0.464510  0.399153  0.522274  0.643979  0.543923  0.417019  0.582445  0.757069  0.627319  0.384634  0.463759  0.688984  0.530620  0.430003  0.457064  0.377238  0.529832  0.482499  0.481471  0.397397 0.0  0.735797  0.497385  0.534202  0.441769  0.294912  0.274705  0.721081  0.529518  0.506558  0.542284  0.678735  0.349828  0.523623  0.533419  0.540070  0.932145  0.636069  0.483328  0.561733  0.276693  0.625664  0.487949  0.477372  0.765883  0.590201  0.700338  0.491000  0.289305  0.330607  0.514580  0.663456  0.796655  0.543141  0.859868  0.801200  0.479546  0.517518  0.541877  0.622557  0.320379  0.468302  0.644994  0.540790  0.414462  0.452075  0.772164  0.603968  0.442873  0.710621 
24  0.600217  0.681960  0.612764  0.653906  0.745105  0.710663  0.637733  0.879031  0.655719  0.799782  0.794607  0.503743  0.729054  0.687962  0.729984  0.623342  0.606087  0.590332  0.595842  0.736635  0.685824  0.826649  0.699310  0.735797 0.0  0.687250  0.777657  0.646740  0.794026  0.598900  0.734326  0.609576  0.688329  0.791049  0.741845  0.619180  0.703422  0.742984  0.651732  0.795012  0.768697  0.573566  0.667881  0.718697  0.709902  0.728709  0.604353  0.605772  0.826497  0.636622  0.619825  0.750189  0.595419  0.648345  0.648664  0.663335  0.621312  0.797798  0.663952  0.585313  0.822160  0.764089  0.654567  0.752943  0.543540  0.642234  0.763786  0.587924  0.723776  0.720408  0.668261  0.697517  0.726062 
25  0.375260  0.710307  0.267815  0.509197  0.434074  0.502585  0.615504  0.453841  0.464986  0.370298  0.800432  0.657634  0.478001  0.555813  0.531947  0.395255  0.187301  0.514417  0.384475  0.399474  0.428256  0.526293  0.429266  0.497385  0.687250 0.0  0.618709  0.391805  0.456181  0.441730  0.592090  0.533228  0.482100  0.539980  0.794959  0.484713  0.110033  0.450206  0.409236  0.806720  0.712168  0.349119  0.630418  0.401888  0.585246  0.551385  0.504644  0.610036  0.538053  0.651578  0.393562  0.592632  0.395148  0.329066  0.638642  0.739845  0.385860  0.821830  0.567452  0.444277  0.503938  0.489527  0.555818  0.393842  0.425489  0.673531  0.542556  0.386890  0.447680  0.666652  0.523009  0.536844  0.585011 
26  0.563139  0.754984  0.593770  0.415323  0.600723  0.614883  0.662678  0.636959  0.472717  0.551020  0.683065  0.618968  0.611724  0.469376  0.679977  0.482791  0.546275  0.484619  0.473413  0.634377  0.558293  0.657988  0.484098  0.534202  0.777657  0.618709 0.0  0.449529  0.515628  0.466037  0.543536  0.479066  0.590154  0.555905  0.705351  0.595323  0.409726  0.487652  0.502949  0.694812  0.336190  0.509757  0.460468  0.499868  0.481219  0.464437  0.556323  0.577705  0.422558  0.578206  0.492890  0.578931  0.490298  0.576091  0.650731  0.682853  0.579912  0.788054  0.586626  0.514583  0.451477  0.506959  0.696735  0.550995  0.578402  0.688401  0.488496  0.531753  0.527505  0.695569  0.643010  0.602973  0.518763 
27  0.382847  0.871866  0.430018  0.374528  0.497829  0.583495  0.630433  0.489464  0.417354  0.401328  0.616281  0.635983  0.545522  0.468212  0.627182  0.403133  0.454483  0.532198  0.413100  0.426273  0.396722  0.589239  0.499870  0.441769  0.646740  0.391805  0.449529 0.0  0.433667  0.509565  0.691242  0.589995  0.580715  0.604238  0.630944  0.382580  0.391800  0.403539  0.439901  0.941466  0.649483  0.216292  0.566412  0.398038  0.531839  0.558502  0.388617  0.521150  0.660371  0.642193  0.252834  0.568667  0.413269  0.499542  0.748190  0.721803  0.260165  0.622992  0.413049  0.521441  0.498828  0.512971  0.670794  0.489401  0.263115  0.626964  0.490970  0.491530  0.415647  0.686353  0.482206  0.490180  0.594589 
28  0.447203  0.707620  0.386339  0.388410  0.465898  0.456725  0.582752  0.597413  0.315036  0.453775  0.735805  0.620112  0.394759  0.330078  0.597710  0.298817  0.480712  0.411718  0.429744  0.404880  0.363033  0.447478  0.301489  0.294912  0.794026  0.456181  0.515628  0.433667 0.0  0.204043  0.675784  0.474265  0.382173  0.506611  0.671571  0.335377  0.447589  0.551308  0.412785  0.782149  0.655950  0.458806  0.556028  0.580472  0.455946  0.659448  0.368142  0.568280  0.569939  0.679170  0.421055  0.344803  0.441319  0.442140  0.629666  0.606634  0.412859  0.727779  0.574473  0.406494  0.609009  0.401016  0.493897  0.434719  0.454883  0.579509  0.554538  0.424892  0.467015  0.641100  0.528274  0.477001  0.622897 
29  0.452740  0.721403  0.342308  0.383855  0.354330  0.561417  0.570261  0.634418  0.246925  0.518713  0.674748  0.648794  0.429497  0.371001  0.649208  0.479565  0.422109  0.479206  0.422432  0.564283  0.490228  0.431383  0.291226  0.274705  0.598900  0.441730  0.466037  0.509565  0.204043 0.0  0.616585  0.530912  0.375774  0.702626  0.751017  0.300215  0.492633  0.571006  0.481484  0.706549  0.644734  0.413272  0.397963  0.452037  0.451293  0.565530  0.318326  0.654009  0.509956  0.708571  0.396202  0.451964  0.437062  0.556633  0.721211  0.655430  0.403514  0.774196  0.470581  0.471663  0.451211  0.487009  0.519885  0.363932  0.486517  0.635611  0.564074  0.408164  0.474738  0.735896  0.480942  0.430798  0.600206 
30  0.642455  0.762635  0.670880  0.638929  0.721509  0.674170  0.580291  0.794148  0.565070  0.647031  0.647899  0.613166  0.660088  0.575266  0.658604  0.699252  0.747562  0.667200  0.565138  0.733390  0.587377  0.778172  0.623947  0.721081  0.734326  0.592090  0.543536  0.691242  0.675784  0.616585 0.0  0.570620  0.712604  0.492439  0.698308  0.621438  0.646143  0.754315  0.575946  0.728608  0.720685  0.637630  0.562612  0.715781  0.765294  0.641375  0.691575  0.541295  0.791266  0.609507  0.682776  0.632425  0.569513  0.709826  0.738018  0.626159  0.638198  0.803229  0.782000  0.752980  0.722488  0.822131  0.482286  0.765283  0.607469  0.528325  0.777461  0.604351  0.667186  0.613543  0.719927  0.755488  0.549716 
31  0.440395  0.644053  0.493684  0.405408  0.426420  0.561417  0.587735  0.601310  0.536471  0.463736  0.782806  0.633372  0.441811  0.370357  0.715024  0.436269  0.489654  0.520512  0.542725  0.426538  0.479269  0.618885  0.602733  0.529518  0.609576  0.533228  0.479066  0.589995  0.474265  0.530912  0.570620 0.0  0.533422  0.553777  0.782086  0.516511  0.520377  0.529876  0.531793  0.750298  0.442795  0.528776  0.443805  0.465986  0.477041  0.462273  0.555825  0.588095  0.442438  0.584993  0.552912  0.469018  0.515850  0.594528  0.603669  0.586318  0.509424  0.738296  0.627705  0.428451  0.594012  0.497218  0.621449  0.483687  0.351610  0.525556  0.452577  0.470794  0.525273  0.622516  0.580660  0.607104  0.594312 
32  0.464613  0.744736  0.495445  0.493184  0.460582  0.646701  0.697178  0.643406  0.519328  0.594397  0.795046  0.751718  0.473455  0.426637  0.720111  0.399400  0.467618  0.382424  0.498216  0.668066  0.379512  0.456620  0.484653  0.506558  0.688329  0.482100  0.590154  0.580715  0.382173  0.375774  0.712604  0.533422 0.0  0.672849  0.786129  0.398339  0.477277  0.626069  0.391733  0.735994  0.627648  0.499443  0.661424  0.476844  0.588273  0.535600  0.488011  0.614641  0.511339  0.761949  0.371628  0.435926  0.474841  0.472724  0.738727  0.674900  0.523660  0.831025  0.614958  0.416210  0.645511  0.530287  0.690215  0.515985  0.383460  0.745239  0.558199  0.351173  0.462364  0.772249  0.604822  0.568027  0.548715 
33  0.542125  0.845094  0.635328  0.511033  0.662664  0.550359  0.665142  0.515630  0.613337  0.401125  0.904952  0.674837  0.554061  0.492034  0.762361  0.432384  0.627629  0.720193  0.429580  0.509763  0.438225  0.651357  0.535091  0.542284  0.791049  0.539980  0.555905  0.604238  0.506611  0.702626  0.492439  0.553777  0.672849 0.0  0.792114  0.598293  0.559143  0.431078  0.512009  0.820555  0.512825  0.587780  0.470760  0.651817  0.713403  0.568401  0.485035  0.612768  0.272282  0.701840  0.551042  0.658949  0.572692  0.669928  0.714398  0.613558  0.530436  0.822118  0.613873  0.574071  0.453162  0.418946  0.691233  0.547454  0.523793  0.563824  0.288765  0.609275  0.504319  0.877066  0.645316  0.667060  0.678672 
34  0.800094  0.494594  0.817121  0.783792  0.785887  0.873353  0.770946  0.904938  0.829888  0.853749  0.274330  0.725008  0.786153  0.744509  0.546499  0.670910  0.667105  0.903153  0.728905  0.914133  0.701087  0.801804  0.880005  0.678735  0.741845  0.794959  0.705351  0.630944  0.671571  0.751017  0.698308  0.782086  0.786129  0.792114 0.0  0.653875  0.767226  0.922080  0.779285  0.579941  0.853136  0.708820  0.786647  0.881431  0.758381  0.830303  0.778285  0.730003  0.856290  0.740653  0.807018  0.855808  0.768995  0.728458  0.754793  0.935406  0.798713  0.451873  0.720521  0.731215  0.784808  0.935276  0.573417  0.712493  0.736192  0.696839  0.878010  0.745708  0.832217  0.663328  0.570019  0.680020  0.791554 
35  0.436824  0.868209  0.408104  0.367526  0.469909  0.464923  0.578800  0.498733  0.275127  0.481975  0.774076  0.641122  0.412094  0.441241  0.579652  0.378232  0.429307  0.500318  0.362548  0.481068  0.404437  0.415672  0.338071  0.349828  0.619180  0.484713  0.595323  0.382580  0.335377  0.300215  0.621438  0.516511  0.398339  0.598293  0.653875 0.0  0.477371  0.537426  0.428684  0.815002  0.530041  0.401259  0.526445  0.406523  0.609988  0.578638  0.418788  0.628029  0.588016  0.749512  0.508650  0.465596  0.337399  0.367499  0.774434  0.699434  0.391622  0.759296  0.534806  0.342380  0.512297  0.566662  0.559537  0.561089  0.467005  0.614297  0.441487  0.400285  0.451134  0.572099  0.583038  0.403853  0.591763 
36  0.456036  0.834760  0.415718  0.422973  0.488968  0.530281  0.651192  0.513434  0.403332  0.505193  0.751240  0.733299  0.481358  0.368627  0.535769  0.467726  0.279229  0.469692  0.413462  0.545040  0.446645  0.562493  0.443159  0.523623  0.703422  0.110033  0.409726  0.391800  0.447589  0.492633  0.646143  0.520377  0.477277  0.559143  0.767226  0.477371 0.0  0.440338  0.440426  0.835310  0.700788  0.430470  0.469420  0.526087  0.654013  0.589389  0.559692  0.673673  0.504229  0.638681  0.322794  0.549408  0.504470  0.506582  0.659767  0.663591  0.381523  0.737169  0.415784  0.385507  0.338208  0.502239  0.679985  0.455882  0.352394  0.633374  0.423526  0.414939  0.280959  0.636338  0.482140  0.534314  0.593541 
37  0.470968  0.995523  0.605782  0.534207  0.453654  0.433018  0.684018  0.463513  0.408883  0.325385  0.866228  0.642695  0.475777  0.480114  0.646187  0.433641  0.445313  0.516719  0.573546  0.337373  0.404451  0.656998  0.527497  0.533419  0.742984  0.450206  0.487652  0.403539  0.551308  0.571006  0.754315  0.529876  0.626069  0.431078  0.922080  0.537426  0.440338 0.0  0.519928  0.895125  0.695508  0.370731  0.562569  0.398993  0.581729  0.529957  0.478030  0.625541  0.417045  0.747868  0.466873  0.368910  0.516952  0.504028  0.633351  0.571269  0.463949  0.921575  0.492429  0.489346  0.348406  0.412960  0.740772  0.457132  0.437017  0.566138  0.340986  0.625299  0.469851  0.675813  0.532634  0.722215  0.738676 
38  0.538896  0.731899  0.510132  0.442029  0.361499  0.545213  0.729093  0.523365  0.435078  0.595382  0.823810  0.717759  0.439154  0.393718  0.812536  0.428297  0.464415  0.310717  0.483489  0.478372  0.549602  0.531849  0.538354  0.540070  0.651732  0.409236  0.502949  0.439901  0.412785  0.481484  0.575946  0.531793  0.391733  0.512009  0.779285  0.428684  0.440426  0.519928 0.0  0.778369  0.640652  0.378028  0.601994  0.419617  0.515614  0.628692  0.452598  0.714979  0.575745  0.738776  0.462464  0.464728  0.414289  0.454366  0.902494  0.665935  0.453378  0.811411  0.544809  0.504322  0.611152  0.549133  0.697402  0.491433  0.424046  0.663031  0.480123  0.360133  0.419607  0.714077  0.534531  0.519373  0.568428 
39  0.703905  0.416759  0.900274  0.843681  0.715701  0.798194  0.514563  0.607102  0.735760  0.817712  0.592659  0.730792  0.824146  0.671867  0.480500  0.656404  0.757427  0.829365  0.683924  0.812186  0.683958  0.606128  0.806896  0.932145  0.795012  0.806720  0.694812  0.941466  0.782149  0.706549  0.728608  0.750298  0.735994  0.820555  0.579941  0.815002  0.835310  0.895125  0.778369 0.0  0.888786  0.692843  0.798869  0.825091  0.763823  0.922426  0.761599  0.652879  0.879297  0.803161  0.590155  0.768681  0.706166  0.670998  0.819854  0.826120  0.771954  0.602639  0.788375  0.792530  0.840827  0.897686  0.502570  0.731221  0.740387  0.744842  0.765367  0.794798  0.845740  0.724569  0.807796  0.728737  0.754705 
40  0.624747  0.762039  0.762527  0.601870  0.674755  0.519169  0.655424  0.719768  0.645957  0.573360  0.771739  0.649645  0.742864  0.556663  0.760370  0.574764  0.502095  0.601268  0.766374  0.579606  0.571404  0.718475  0.734085  0.636069  0.768697  0.712168  0.336190  0.649483  0.655950  0.644734  0.720685  0.442795  0.627648  0.512825  0.853136  0.530041  0.700788  0.695508  0.640652  0.888786 0.0  0.623381  0.430095  0.545384  0.371745  0.533164  0.735425  0.621270  0.485065  0.665817  0.661758  0.669107  0.602251  0.722537  0.662014  0.617420  0.537897  0.796312  0.714830  0.628930  0.523832  0.656112  0.729889  0.669544  0.508169  0.670514  0.591457  0.674365  0.572712  0.655850  0.749443  0.697614  0.562530 
41  0.373046  0.817285  0.475427  0.334593  0.411359  0.478812  0.731650  0.435306  0.441729  0.472609  0.756664  0.745909  0.501699  0.451206  0.609971  0.417168  0.375531  0.496440  0.287856  0.401336  0.459469  0.607410  0.486580  0.483328  0.573566  0.349119  0.509757  0.216292  0.458806  0.413272  0.637630  0.528776  0.499443  0.587780  0.708820  0.401259  0.430470  0.370731  0.378028  0.692843  0.623381 0.0  0.518959  0.547555  0.521494  0.550876  0.414808  0.582890  0.556843  0.565862  0.088335  0.570162  0.548130  0.560808  0.721696  0.711963  0.296003  0.814640  0.491803  0.498203  0.400569  0.421188  0.610137  0.470897  0.321238  0.583297  0.499977  0.427443  0.417170  0.735111  0.278761  0.735781  0.574543 
42  0.534262  0.843348  0.663530  0.556277  0.574323  0.523929  0.617993  0.742205  0.583313  0.541549  0.865049  0.557078  0.629697  0.691738  0.743197  0.628341  0.504643  0.594196  0.564083  0.517236  0.549375  0.771607  0.588052  0.561733  0.667881  0.630418  0.460468  0.566412  0.556028  0.397963  0.562612  0.443805  0.661424  0.470760  0.786647  0.526445  0.469420  0.562569  0.601994  0.798869  0.430095  0.518959 0.0  0.517221  0.396648  0.312036  0.546302  0.614701  0.467259  0.515809  0.570417  0.516663  0.609772  0.564021  0.746022  0.654141  0.538082  0.895331  0.691115  0.607943  0.455840  0.537709  0.589364  0.547000  0.522822  0.523004  0.641238  0.623920  0.641728  0.687342  0.657664  0.659562  0.603316 
43  0.631254  0.844285  0.456329  0.565840  0.446510  0.530072  0.737595  0.547387  0.376974  0.558531  0.911843  0.660117  0.482902  0.533039  0.647852  0.502644  0.554345  0.571207  0.404115  0.404874  0.497342  0.566608  0.343326  0.276693  0.718697  0.401888  0.499868  0.398038  0.580472  0.452037  0.715781  0.465986  0.476844  0.651817  0.881431  0.406523  0.526087  0.398993  0.419617  0.825091  0.545384  0.547555  0.517221 0.0  0.570414  0.424826  0.244142  0.601204  0.595967  0.783459  0.496737  0.277621  0.438794  0.455879  0.685467  0.736166  0.498004  0.787533  0.667234  0.455578  0.590583  0.513862  0.649725  0.239163  0.492019  0.682912  0.457496  0.453291  0.453878  0.697117  0.776143  0.463872  0.715981 
44  0.592602  0.839175  0.590793  0.469598  0.699567  0.473024  0.499797  0.698100  0.645210  0.556403  0.687672  0.670131  0.514728  0.511033  0.619853  0.428647  0.597737  0.563878  0.456594  0.586028  0.519426  0.630653  0.598056  0.625664  0.709902  0.585246  0.481219  0.531839  0.455946  0.451293  0.765294  0.477041  0.588273  0.713403  0.758381  0.609988  0.654013  0.581729  0.515614  0.763823  0.371745  0.521494  0.396648  0.570414 0.0  0.568797  0.547419  0.685943  0.581532  0.540123  0.583410  0.622342  0.406485  0.648427  0.681373  0.620808  0.500185  0.737157  0.614026  0.565582  0.576521  0.658993  0.592987  0.641685  0.565100  0.572221  0.539389  0.678007  0.585007  0.745532  0.702269  0.704071  0.597859 
45  0.437997  0.813846  0.531399  0.606554  0.557236  0.585890  0.669588  0.710825  0.486785  0.471618  0.717584  0.598695  0.479985  0.539174  0.715243  0.632586  0.454253  0.666910  0.623124  0.462718  0.472488  0.772188  0.606901  0.487949  0.728709  0.551385  0.464437  0.558502  0.659448  0.565530  0.641375  0.462273  0.535600  0.568401  0.830303  0.578638  0.589389  0.529957  0.628692  0.922426  0.533164  0.550876  0.312036  0.424826  0.568797 0.0  0.504661  0.709570  0.504327  0.597041  0.589711  0.584708  0.699459  0.697366  0.671824  0.606211  0.531138  0.785971  0.673022  0.704261  0.581234  0.626899  0.614674  0.499962  0.540739  0.504051  0.384590  0.556540  0.653519  0.733462  0.736298  0.649401  0.654484 
46  0.542235  0.836199  0.392804  0.432791  0.360791  0.509806  0.617939  0.470953  0.328953  0.463589  0.765920  0.565520  0.385416  0.378510  0.776560  0.450665  0.487739  0.395894  0.384450  0.500781  0.412833  0.489586  0.406359  0.477372  0.604353  0.504644  0.556323  0.388617  0.368142  0.318326  0.691575  0.555825  0.488011  0.485035  0.778285  0.418788  0.559692  0.478030  0.452598  0.761599  0.735425  0.414808  0.546302  0.244142  0.547419  0.504661 0.0  0.652398  0.625652  0.704044  0.376920  0.461745  0.321524  0.476980  0.709777  0.715295  0.422058  0.829787  0.488141  0.453706  0.505375  0.494620  0.616667  0.318111  0.349451  0.523296  0.682979  0.466244  0.422067  0.783742  0.516397  0.345614  0.450179 
47  0.585692  0.703138  0.656931  0.527757  0.653555  0.661794  0.549508  0.775666  0.552930  0.743674  0.740993  0.545702  0.566459  0.658548  0.619424  0.574993  0.630032  0.691967  0.615868  0.764414  0.641873  0.699061  0.835129  0.765883  0.605772  0.610036  0.577705  0.521150  0.568280  0.654009  0.541295  0.588095  0.614641  0.612768  0.730003  0.628029  0.673673  0.625541  0.714979  0.652879  0.621270  0.582890  0.614701  0.601204  0.685943  0.709570  0.652398 0.0  0.694814  0.610576  0.623403  0.664251  0.725376  0.704912  0.567308  0.501085  0.617790  0.751682  0.708590  0.677261  0.733604  0.699188  0.694979  0.639556  0.670553  0.633350  0.664898  0.670998  0.633494  0.626942  0.857391  0.720715  0.555986 
48  0.561390  0.736788  0.557147  0.469785  0.600765  0.396748  0.665629  0.653364  0.495041  0.455373  0.800970  0.692050  0.617043  0.498885  0.616766  0.506916  0.555465  0.651631  0.586829  0.504278  0.416869  0.608171  0.567509  0.590201  0.826497  0.538053  0.422558  0.660371  0.569939  0.509956  0.791266  0.442438  0.511339  0.272282  0.856290  0.588016  0.504229  0.417045  0.575745  0.879297  0.485065  0.556843  0.467259  0.595967  0.581532  0.504327  0.625652  0.694814 0.0  0.691954  0.388986  0.651269  0.537607  0.579397  0.611545  0.626199  0.488329  0.828424  0.546242  0.612880  0.377076  0.510288  0.716009  0.500815  0.568202  0.659968  0.362283  0.601791  0.559663  0.662475  0.567228  0.558368  0.560189 
49  0.692550  0.872681  0.667305  0.627251  0.702940  0.705555  0.612431  0.732992  0.598651  0.728123  0.644924  0.561037  0.720542  0.736530  0.659571  0.619649  0.665470  0.628030  0.667250  0.595161  0.663412  0.762180  0.725842  0.700338  0.636622  0.651578  0.578206  0.642193  0.679170  0.708571  0.609507  0.584993  0.761949  0.701840  0.740653  0.749512  0.638681  0.747868  0.738776  0.803161  0.665817  0.565862  0.515809  0.783459  0.540123  0.597041  0.704044  0.610576  0.691954 0.0  0.644336  0.806319  0.762812  0.788714  0.673588  0.675365  0.679094  0.666238  0.894762  0.668929  0.810465  0.740458  0.544199  0.713167  0.727505  0.490729  0.729814  0.762265  0.686736  0.745447  0.722081  0.740452  0.621392 
50  0.519549  0.752826  0.490134  0.371456  0.385428  0.474099  0.543453  0.497880  0.495345  0.361937  0.833005  0.655327  0.479715  0.432816  0.681032  0.365671  0.307598  0.511505  0.399526  0.442853  0.303177  0.530227  0.496682  0.491000  0.619825  0.393562  0.492890  0.252834  0.421055  0.396202  0.682776  0.552912  0.371628  0.551042  0.807018  0.508650  0.322794  0.466873  0.462464  0.590155  0.661758  0.088335  0.570417  0.496737  0.583410  0.589711  0.376920  0.623403  0.388986  0.644336 0.0  0.587196  0.358658  0.424949  0.729010  0.696856  0.331087  0.718899  0.390779  0.510022  0.473087  0.568557  0.593377  0.459433  0.239286  0.700198  0.558336  0.416979  0.498076  0.671889  0.351933  0.594969  0.617613 
51  0.544379  0.864385  0.417150  0.459247  0.439095  0.583178  0.791973  0.579078  0.290156  0.480665  0.824257  0.868983  0.472561  0.482172  0.767343  0.399839  0.525824  0.529293  0.524690  0.626171  0.515881  0.547091  0.346445  0.289305  0.750189  0.592632  0.578931  0.568667  0.344803  0.451964  0.632425  0.469018  0.435926  0.658949  0.855808  0.465596  0.549408  0.368910  0.464728  0.768681  0.669107  0.570162  0.516663  0.277621  0.622342  0.584708  0.461745  0.664251  0.651269  0.806319  0.587196 0.0  0.468046  0.422217  0.653451  0.711458  0.471297  0.836976  0.761184  0.417294  0.509118  0.630121  0.668973  0.347335  0.454216  0.752497  0.545027  0.520059  0.469347  0.840130  0.662240  0.545497  0.595823 
52  0.480240  0.746856  0.410717  0.536096  0.248768  0.508832  0.636392  0.512217  0.417613  0.483792  0.782436  0.603865  0.437853  0.495952  0.630776  0.459813  0.402154  0.456583  0.205107  0.591010  0.531528  0.543340  0.511141  0.330607  0.595419  0.395148  0.490298  0.413269  0.441319  0.437062  0.569513  0.515850  0.474841  0.572692  0.768995  0.337399  0.504470  0.516952  0.414289  0.706166  0.602251  0.548130  0.609772  0.438794  0.406485  0.699459  0.321524  0.725376  0.537607  0.762812  0.358658  0.468046 0.0  0.311624  0.703235  0.666225  0.474120  0.797036  0.523900  0.369476  0.489720  0.472978  0.587061  0.503617  0.360938  0.641506  0.558708  0.439519  0.370213  0.712865  0.615257  0.468013  0.567599 
53  0.489238  0.727630  0.455278  0.596344  0.595993  0.573947  0.572684  0.471479  0.304606  0.538600  0.713612  0.764456  0.483653  0.391652  0.638532  0.491352  0.451007  0.583971  0.466887  0.500331  0.430523  0.450646  0.391066  0.514580  0.648345  0.329066  0.576091  0.499542  0.442140  0.556633  0.709826  0.594528  0.472724  0.669928  0.728458  0.367499  0.506582  0.504028  0.454366  0.670998  0.722537  0.560808  0.564021  0.455879  0.648427  0.697366  0.476980  0.704912  0.579397  0.788714  0.424949  0.422217  0.311624 0.0  0.684542  0.912051  0.396071  0.736539  0.457344  0.376757  0.624061  0.579236  0.636203  0.576433  0.531787  0.707982  0.540502  0.518391  0.539461  0.679704  0.571163  0.360727  0.761827 
