73
0 0.0  0.491088  0.720663  0.484443  0.483860  0.375779  0.734999  0.507048  0.384971  0.508757  0.346234  0.666514  0.539256  0.456173  0.662165  0.269433  0.387753  0.334932  0.618308  0.380171  0.529746  0.346490  0.437157  0.434276  0.388233  0.316805  0.841648  0.659592  0.532794  0.425183  0.552255  0.429392  0.656164  0.570404  0.389405  0.394495  0.418715  0.406824  0.598565  0.325214  0.702281  0.570009  0.489607  0.562178  0.425667  0.615642  0.851456  0.823421  0.696907  0.335860  0.679347  0.631077  0.297402  0.686073  0.814490  0.867844  0.499383  0.528252  0.523597  0.401923  0.555586  0.636608  0.674843  0.435668  0.452950  0.477886  0.535962  0.429089  0.528198  0.415264  0.525605  0.378252  0.436286 
1  0.491088 0.0  0.532927  0.413774  0.473142  0.393637  0.708065  0.472031  0.360916  0.459170  0.348991  0.643277  0.471534  0.473410  0.697103  0.482536  0.327838  0.479645  0.712739  0.445250  0.334518  0.481592  0.413257  0.577273  0.385857  0.442612  0.869375  0.676901  0.363461  0.579222  0.516821  0.479380  0.589057  0.388821  0.513058  0.436879  0.404362  0.527576  0.565423  0.497016  0.679172  0.761102  0.516877  0.423004  0.402095  0.746919  0.912243  0.801873  0.627636  0.589439  0.711118  0.616272  0.474143  0.711431  0.777931  0.913780  0.658165  0.614796  0.410784  0.524607  0.689273  0.548238  0.868818  0.533165  0.470878  0.506410  0.569460  0.495819  0.423563  0.345099  0.746906  0.432790  0.522607 
2  0.720663  0.532927 0.0  0.655995  0.489977  0.705998  0.746819  0.528840  0.690396  0.688211  0.516617  0.682406  0.518700  0.705435  0.727078  0.605956  0.600623  0.688491  0.689083  0.723239  0.610002  0.694469  0.539589  0.759013  0.639251  0.599354  0.917702  0.663707  0.437407  0.509603  0.641447  0.532870  0.464113  0.531538  0.754636  0.540832  0.583513  0.698265  0.671929  0.653629  0.731294  0.799395  0.514390  0.613999  0.796437  0.774286  0.890519  0.829389  0.651630  0.670589  0.696894  0.644897  0.723547  0.630132  0.815472  0.868408  0.709220  0.827966  0.624613  0.580697  0.516684  0.760614  0.845763  0.686349  0.613319  0.494125  0.594680  0.653436  0.530400  0.486008  0.326974  0.634342  0.707566 
3  0.484443  0.413774  0.655995 0.0  0.466183  0.347683  0.563226  0.441439  0.404447  0.337851  0.662356  0.655415  0.582146  0.437579  0.720084  0.442193  0.457566  0.460484  0.814515  0.450085  0.529791  0.553261  0.350146  0.598278  0.484322  0.451272  0.758010  0.668209  0.521686  0.216224  0.524666  0.462671  0.569554  0.432864  0.441275  0.660894  0.390755  0.551875  0.441353  0.527358  0.652563  0.388504  0.688611  0.516224  0.435328  0.526572  0.750812  0.732663  0.722433  0.360947  0.716267  0.568093  0.512565  0.577132  0.714640  0.767970  0.672745  0.407108  0.461061  0.392820  0.576928  0.599000  0.792188  0.472107  0.507769  0.434135  0.316234  0.443246  0.495596  0.270853  0.599285  0.605795  0.456499 
4  0.483860  0.473142  0.489977  0.466183 0.0  0.310402  0.630476  0.533640  0.495774  0.486993  0.559401  0.660744  0.480651  0.323583  0.570353  0.476288  0.438964  0.504827  0.589947  0.465942  0.590594  0.362572  0.398554  0.624919  0.574041  0.537660  0.622720  0.749342  0.582170  0.417374  0.473724  0.496031  0.437675  0.389748  0.548004  0.522777  0.443226  0.585094  0.482820  0.455850  0.651864  0.451313  0.545785  0.408076  0.497923  0.687203  0.749060  0.691763  0.692847  0.373957  0.636149  0.495618  0.320293  0.608249  0.760572  0.719068  0.515201  0.444063  0.360268  0.418513  0.662358  0.610735  0.796615  0.343551  0.290228  0.338401  0.331449  0.575657  0.395750  0.493817  0.633869  0.386688  0.401442 
5  0.375779  0.393637  0.705998  0.347683  0.310402 0.0  0.568302  0.510096  0.400209  0.532153  0.525438  0.662211  0.508973  0.517969  0.598793  0.275214  0.278051  0.509046  0.749940  0.475477  0.355889  0.407435  0.314098  0.588339  0.555919  0.371697  0.722923  0.613734  0.495385  0.393964  0.495525  0.557372  0.549257  0.471512  0.519176  0.472378  0.360818  0.488466  0.572450  0.478073  0.606260  0.395923  0.691452  0.461956  0.486891  0.663144  0.821445  0.761013  0.671156  0.408280  0.649832  0.666664  0.568097  0.545317  0.891855  0.863373  0.626226  0.487816  0.446628  0.317056  0.547804  0.492210  0.800840  0.479792  0.468425  0.539250  0.410761  0.529668  0.519387  0.334556  0.609928  0.383626  0.391246 
6  0.734999  0.708065  0.746819  0.563226  0.630476  0.568302 0.0  0.720120  0.652894  0.655766  0.738173  0.572809  0.690614  0.649096  0.603127  0.567605  0.620150  0.733999  0.647548  0.715058  0.736654  0.537986  0.581184  0.721923  0.797150  0.687714  0.643011  0.757749  0.744836  0.625976  0.713842  0.718659  0.696190  0.698973  0.625814  0.799190  0.658406  0.696713  0.853296  0.619115  0.696710  0.776709  0.686869  0.749208  0.633450  0.504532  0.592700  0.800328  0.626436  0.524130  0.497476  0.661003  0.591464  0.554324  0.675176  0.538667  0.647481  0.717461  0.606191  0.706981  0.710403  0.562502  0.492355  0.621397  0.722954  0.594260  0.603223  0.617012  0.726714  0.616666  0.644444  0.660510  0.591428 
7  0.507048  0.472031  0.528840  0.441439  0.533640  0.510096  0.720120 0.0  0.456625  0.520805  0.582050  0.693860  0.333183  0.637148  0.696698  0.603190  0.517451  0.443340  0.794749  0.618783  0.452622  0.507176  0.443803  0.758089  0.628025  0.572148  0.834352  0.673755  0.354756  0.352238  0.455202  0.407521  0.596681  0.397029  0.548612  0.454974  0.432989  0.558767  0.384475  0.631875  0.770543  0.542493  0.432198  0.418272  0.512763  0.754129  0.899746  0.885400  0.763284  0.502898  0.774557  0.619439  0.554452  0.874413  0.719568  0.891534  0.690508  0.594003  0.445110  0.467767  0.548091  0.620243  0.929323  0.484590  0.527951  0.527769  0.460871  0.579463  0.339806  0.333351  0.820101  0.535227  0.496716 
8  0.384971  0.360916  0.690396  0.404447  0.495774  0.400209  0.652894  0.456625 0.0  0.455519  0.453458  0.550227  0.610874  0.479304  0.606409  0.305242  0.178854  0.502137  0.732034  0.356574  0.505923  0.255342  0.452006  0.558888  0.574423  0.330549  0.709057  0.767265  0.551525  0.548078  0.474783  0.498249  0.584457  0.523125  0.603814  0.516688  0.446988  0.529416  0.573084  0.360993  0.721452  0.487291  0.562439  0.335160  0.400853  0.743918  0.762247  0.806327  0.776408  0.484563  0.657743  0.591759  0.366572  0.667685  0.866359  0.874166  0.605204  0.618576  0.502946  0.563399  0.616212  0.546472  0.881003  0.422524  0.406269  0.531881  0.405558  0.494678  0.474834  0.465079  0.611944  0.459023  0.372251 
9  0.508757  0.459170  0.688211  0.337851  0.486993  0.532153  0.655766  0.520805  0.455519 0.0  0.521177  0.681396  0.611456  0.394730  0.641726  0.492639  0.380041  0.426620  0.701576  0.392767  0.584233  0.404363  0.386208  0.505018  0.489513  0.402226  0.773315  0.701492  0.552052  0.322137  0.587434  0.446604  0.529200  0.504673  0.529993  0.439411  0.531673  0.469255  0.555755  0.396817  0.684635  0.618789  0.580971  0.563421  0.488313  0.738484  0.708184  0.817791  0.640526  0.429876  0.740276  0.558561  0.420624  0.573375  0.735802  0.825638  0.604952  0.622734  0.323152  0.395499  0.604394  0.660200  0.805171  0.382646  0.562780  0.499487  0.537013  0.317381  0.571458  0.493503  0.565732  0.296029  0.429542 
10  0.346234  0.348991  0.516617  0.662356  0.559401  0.525438  0.738173  0.582050  0.453458  0.521177 0.0  0.708092  0.513880  0.524263  0.696878  0.334531  0.497190  0.310872  0.635620  0.490996  0.492528  0.510228  0.478626  0.458419  0.473753  0.281459  0.878655  0.749583  0.540188  0.518454  0.570733  0.465302  0.641783  0.442906  0.486000  0.334102  0.637047  0.328235  0.592080  0.482175  0.752190  0.644852  0.582489  0.616282  0.464104  0.630389  0.892784  0.895737  0.678069  0.631009  0.749555  0.688342  0.295065  0.684063  0.765255  0.904430  0.700571  0.670991  0.430451  0.541643  0.554000  0.648411  0.891048  0.422311  0.693969  0.530543  0.505288  0.550052  0.502770  0.506879  0.658855  0.376444  0.512726 
11  0.666514  0.643277  0.682406  0.655415  0.660744  0.662211  0.572809  0.693860  0.550227  0.681396  0.708092 0.0  0.692180  0.758426  0.629156  0.722912  0.697241  0.818702  0.664797  0.659651  0.742749  0.703945  0.639159  0.754675  0.749790  0.770473  0.547025  0.692527  0.686362  0.645190  0.647720  0.781765  0.715975  0.810146  0.672451  0.760147  0.663193  0.675452  0.783882  0.668462  0.793516  0.647320  0.685706  0.702505  0.648585  0.456944  0.656152  0.708932  0.566133  0.634907  0.703226  0.624095  0.681253  0.605397  0.616430  0.573768  0.708830  0.710786  0.645076  0.738182  0.820556  0.721122  0.697796  0.672374  0.690379  0.613785  0.600329  0.697440  0.699374  0.739839  0.547691  0.691383  0.661074 
12  0.539256  0.471534  0.518700  0.582146  0.480651  0.508973  0.690614  0.333183  0.610874  0.611456  0.513880  0.692180 0.0  0.566909  0.563478  0.607638  0.593177  0.586233  0.659838  0.556982  0.410802  0.564151  0.550488  0.667863  0.568903  0.719472  0.899048  0.648321  0.480242  0.469756  0.385895  0.252943  0.456022  0.291562  0.606895  0.546066  0.492177  0.411311  0.367833  0.386604  0.769829  0.614345  0.539713  0.432607  0.574774  0.884065  0.893376  0.861339  0.769736  0.442086  0.758773  0.631307  0.573034  0.680629  0.872991  0.872515  0.637587  0.550040  0.490635  0.386997  0.622468  0.672076  0.884482  0.498918  0.521303  0.449322  0.532894  0.589460  0.295656  0.418928  0.661594  0.502039  0.521723 
13  0.456173  0.473410  0.705435  0.437579  0.323583  0.517969  0.649096  0.637148  0.479304  0.394730  0.524263  0.758426  0.566909 0.0  0.594730  0.526253  0.567038  0.462672  0.642644  0.581303  0.453315  0.252709  0.386135  0.534267  0.527341  0.389157  0.854442  0.591931  0.451028  0.529067  0.463068  0.521892  0.612913  0.548600  0.495321  0.541228  0.459949  0.490708  0.663414  0.437834  0.636973  0.693921  0.614421  0.518680  0.483768  0.647912  0.819531  0.804509  0.713764  0.546763  0.628317  0.556548  0.411627  0.589883  0.838009  0.762497  0.643227  0.569011  0.465104  0.375853  0.615038  0.599805  0.770230  0.448454  0.476621  0.515160  0.462937  0.508017  0.569224  0.485805  0.641902  0.339920  0.413445 
14  0.662165  0.697103  0.727078  0.720084  0.570353  0.598793  0.603127  0.696698  0.606409  0.641726  0.696878  0.629156  0.563478  0.594730 0.0  0.761716  0.748134  0.655888  0.581943  0.624170  0.803254  0.643736  0.676621  0.791550  0.769397  0.674302  0.723325  0.671284  0.734304  0.593231  0.696845  0.727844  0.643050  0.649230  0.603152  0.706408  0.592729  0.661929  0.739509  0.612705  0.686740  0.677157  0.545446  0.705121  0.767787  0.638157  0.784704  0.850411  0.626115  0.531212  0.518866  0.761705  0.652916  0.425070  0.682834  0.838327  0.313023  0.793168  0.602367  0.703628  0.607868  0.537098  0.775041  0.610005  0.654182  0.578408  0.699987  0.722897  0.700145  0.554365  0.556877  0.714217  0.631299 
15  0.269433  0.482536  0.605956  0.442193  0.476288  0.275214  0.567605  0.603190  0.305242  0.492639  0.334531  0.722912  0.607638  0.526253  0.761716 0.0  0.408902  0.417811  0.784979  0.363140  0.438803  0.452019  0.468237  0.438614  0.337358  0.325532  0.877587  0.721561  0.476133  0.480056  0.527762  0.559806  0.617163  0.639316  0.400888  0.330155  0.452851  0.387928  0.469462  0.279070  0.678893  0.586365  0.504981  0.549554  0.343975  0.686990  0.713403  0.784421  0.633370  0.468383  0.756439  0.680336  0.310625  0.673395  0.978541  0.785341  0.595194  0.540779  0.392084  0.497810  0.685276  0.576731  0.815413  0.390386  0.444935  0.564754  0.481234  0.461705  0.553604  0.434393  0.549687  0.350652  0.361773 
16  0.387753  0.327838  0.600623  0.457566  0.438964  0.278051  0.620150  0.517451  0.178854  0.380041  0.497190  0.697241  0.593177  0.567038  0.748134  0.408902 0.0  0.395355  0.747862  0.345998  0.561035  0.244829  0.314629  0.540301  0.516221  0.430822  0.849137  0.718448  0.618274  0.352578  0.442376  0.421054  0.553167  0.597521  0.522346  0.479410  0.579660  0.446082  0.620988  0.436420  0.648750  0.530730  0.618911  0.546816  0.422510  0.647553  0.776485  0.765691  0.668473  0.413566  0.650162  0.531792  0.320104  0.687882  0.872691  0.882685  0.576533  0.607677  0.504635  0.415501  0.623308  0.620689  0.857595  0.466957  0.505715  0.499222  0.295887  0.437055  0.556571  0.391358  0.482769  0.453330  0.402174 
17  0.334932  0.479645  0.688491  0.460484  0.504827  0.509046  0.733999  0.443340  0.502137  0.426620  0.310872  0.818702  0.586233  0.462672  0.655888  0.417811  0.395355 0.0  0.662552  0.591433  0.614913  0.454341  0.544693  0.387383  0.395175  0.365577  0.820112  0.678301  0.650376  0.628773  0.471518  0.504520  0.606494  0.425937  0.522562  0.356133  0.563836  0.348706  0.643547  0.419519  0.759000  0.712335  0.567372  0.515915  0.455220  0.771891  0.910947  0.896286  0.607417  0.602128  0.761051  0.646121  0.294633  0.620380  0.831403  0.823167  0.650227  0.634194  0.568656  0.494222  0.529583  0.647031  0.767010  0.482007  0.616814  0.529407  0.490297  0.577460  0.573946  0.497306  0.612210  0.435668  0.551887 
18  0.618308  0.712739  0.689083  0.814515  0.589947  0.749940  0.647548  0.794749  0.732034  0.701576  0.635620  0.664797  0.659838  0.642644  0.581943  0.784979  0.747862  0.662552 0.0  0.654283  0.502602  0.846859  0.768493  0.830093  0.697095  0.647213  0.774477  0.790425  0.442499  0.678050  0.606686  0.729988  0.633082  0.659426  0.710031  0.745578  0.638786  0.688445  0.677826  0.614729  0.784394  0.783967  0.564196  0.693195  0.688059  0.691726  0.605428  0.828289  0.603902  0.736420  0.647278  0.701119  0.664575  0.692868  0.709690  0.833010  0.673842  0.703151  0.540346  0.672574  0.593147  0.665520  0.764202  0.706523  0.598996  0.701778  0.650197  0.783952  0.730914  0.594838  0.600239  0.636873  0.674186 
19  0.380171  0.445250  0.723239  0.450085  0.465942  0.475477  0.715058  0.618783  0.356574  0.392767  0.490996  0.659651  0.556982  0.581303  0.624170  0.363140  0.345998  0.591433  0.654283 0.0  0.498625  0.404219  0.529802  0.562532  0.460664  0.368599  0.867755  0.524167  0.525610  0.388596  0.656462  0.577895  0.560173  0.683908  0.375486  0.454519  0.499306  0.503173  0.589432  0.429359  0.636999  0.681108  0.669400  0.545020  0.386992  0.712849  0.852418  0.749308  0.663041  0.323063  0.742346  0.524951  0.427513  0.555414  0.790891  0.821099  0.594231  0.565322  0.458859  0.375787  0.651127  0.611035  0.804447  0.499006  0.517464  0.464269  0.455348  0.373103  0.532056  0.526429  0.520305  0.409416  0.356323 
20  0.529746  0.334518  0.610002  0.529791  0.590594  0.355889  0.736654  0.452622  0.505923  0.584233  0.492528  0.742749  0.410802  0.453315  0.803254  0.438803  0.561035  0.614913  0.502602  0.498625 0.0  0.539757  0.506211  0.603654  0.538954  0.429113  0.841735  0.737217  0.633653  0.560006  0.571541  0.354011  0.520831  0.418395  0.606771  0.532407  0.550180  0.432592  0.696103  0.493180  0.674517  0.722909  0.589623  0.507384  0.437551  0.778509  0.901542  0.830524  0.810473  0.585718  0.756393  0.706170  0.595183  0.723317  0.882381  0.974960  0.571621  0.539490  0.599088  0.378427  0.542532  0.575285  0.911036  0.520638  0.533778  0.539408  0.357662  0.501332  0.429290  0.453055  0.705389  0.514211  0.562518 
21  0.346490  0.481592  0.694469  0.553261  0.362572  0.407435  0.537986  0.507176  0.255342  0.404363  0.510228  0.703945  0.564151  0.252709  0.643736  0.452019  0.244829  0.454341  0.846859  0.404219  0.539757 0.0  0.492988  0.483308  0.467688  0.432326  0.685249  0.622672  0.689309  0.546401  0.350740  0.541206  0.614652  0.519644  0.409434  0.469800  0.315700  0.392155  0.529479  0.433699  0.710908  0.677035  0.643545  0.484007  0.389921  0.643924  0.666794  0.815137  0.588271  0.326007  0.555374  0.607472  0.357072  0.691803  0.842257  0.842529  0.640090  0.598207  0.420933  0.483139  0.597807  0.634132  0.780847  0.481388  0.459279  0.370348  0.470049  0.552047  0.530154  0.382945  0.568309  0.482632  0.511090 
22  0.437157  0.413257  0.539589  0.350146  0.398554  0.314098  0.581184  0.443803  0.452006  0.386208  0.478626  0.639159  0.550488  0.386135  0.676621  0.468237  0.314629  0.544693  0.768493  0.529802  0.506211  0.492988 0.0  0.494167  0.601765  0.385379  0.820115  0.689060  0.509710  0.360799  0.410331  0.606354  0.510323  0.432564  0.474284  0.476479  0.346802  0.475493  0.338213  0.551647  0.748211  0.520651  0.602157  0.324309  0.558457  0.722908  0.837361  0.797656  0.578180  0.312558  0.653136  0.544426  0.424031  0.638569  0.778083  0.765361  0.592884  0.344194  0.485790  0.362740  0.530213  0.536678  0.785732  0.449483  0.290101  0.397165  0.371671  0.465381  0.468374  0.205129  0.618997  0.452812  0.489167 
23  0.434276  0.577273  0.759013  0.598278  0.624919  0.588339  0.721923  0.758089  0.558888  0.505018  0.458419  0.754675  0.667863  0.534267  0.791550  0.438614  0.540301  0.387383  0.830093  0.562532  0.603654  0.483308  0.494167 0.0  0.464100  0.330784  0.743336  0.574872  0.711577  0.583412  0.617163  0.733844  0.776492  0.637073  0.469697  0.470995  0.579086  0.454669  0.656409  0.531757  0.756140  0.323207  0.727326  0.635194  0.452951  0.646004  0.642681  0.637287  0.743916  0.564401  0.889471  0.540249  0.349799  0.873236  0.832822  0.675118  0.728243  0.498573  0.559015  0.668324  0.847743  0.837187  0.557848  0.461685  0.526799  0.555025  0.593131  0.593462  0.708526  0.645747  0.724559  0.569653  0.615808 
24  0.388233  0.385857  0.639251  0.484322  0.574041  0.555919  0.797150  0.628025  0.574423  0.489513  0.473753  0.749790  0.568903  0.527341  0.769397  0.337358  0.516221  0.395175  0.697095  0.460664  0.538954  0.467688  0.601765  0.464100 0.0  0.435460  0.819231  0.746403  0.551576  0.591352  0.508575  0.530399  0.550202  0.599843  0.510000  0.270902  0.533175  0.311524  0.643882  0.359161  0.831474  0.642934  0.562293  0.459129  0.465990  0.866778  0.887733  0.913203  0.707771  0.516384  0.637412  0.567368  0.303053  0.694624  0.870798  0.892791  0.603070  0.700903  0.469090  0.644173  0.507712  0.820744  0.899608  0.529502  0.587171  0.522520  0.659936  0.483689  0.563224  0.531023  0.688579  0.498290  0.587257 
25  0.316805  0.442612  0.599354  0.451272  0.537660  0.371697  0.687714  0.572148  0.330549  0.402226  0.281459  0.770473  0.719472  0.389157  0.674302  0.325532  0.430822  0.365577  0.647213  0.368599  0.429113  0.432326  0.385379  0.330784  0.435460 0.0  0.766426  0.599541  0.591044  0.487442  0.554705  0.459437  0.492972  0.547427  0.479573  0.380814  0.493558  0.349014  0.595056  0.345162  0.605630  0.427165  0.547528  0.544092  0.418171  0.698321  0.844210  0.883906  0.602872  0.448133  0.693123  0.640581  0.357944  0.679203  0.906162  0.718503  0.461571  0.511770  0.347772  0.508062  0.619619  0.593043  0.871666  0.383878  0.393445  0.493033  0.478174  0.455599  0.573719  0.386283  0.563009  0.386867  0.378238 
26  0.841648  0.869375  0.917702  0.758010  0.622720  0.722923  0.643011  0.834352  0.709057  0.773315  0.878655  0.547025  0.899048  0.854442  0.723325  0.877587  0.849137  0.820112  0.774477  0.867755  0.841735  0.685249  0.820115  0.743336  0.819231  0.766426 0.0  0.511077  0.829817  0.809763  0.831023  0.888091  0.824302  0.966244  0.711387  0.879307  0.844447  0.815301  0.766992  0.697270  0.718545  0.857671  0.743172  0.868539  0.750379  0.777671  0.532855  0.656751  0.878063  0.847567  0.729738  0.787803  0.851620  0.840877  0.382974  0.130107  0.801258  0.626304  0.747064  0.709725  0.842966  0.736628  0.658654  0.853195  0.747544  0.714668  0.741408  0.848120  0.941190  0.715870  0.708419  0.822514  0.703161 
27  0.659592  0.676901  0.663707  0.668209  0.749342  0.613734  0.757749  0.673755  0.767265  0.701492  0.749583  0.692527  0.648321  0.591931  0.671284  0.721561  0.718448  0.678301  0.790425  0.524167  0.737217  0.622672  0.689060  0.574872  0.746403  0.599541  0.511077 0.0  0.725131  0.508678  0.657576  0.842137  0.705787  0.845684  0.735102  0.753796  0.622974  0.707402  0.672686  0.527798  0.688986  0.570559  0.715635  0.767192  0.764174  0.733607  0.752572  0.739684  0.626984  0.580115  0.694289  0.733553  0.676889  0.652062  0.553272  0.463718  0.663882  0.397967  0.603332  0.606865  0.857442  0.514418  0.657113  0.639213  0.649241  0.711407  0.606920  0.712236  0.841114  0.576950  0.566644  0.668822  0.604462 
28  0.532794  0.363461  0.437407  0.521686  0.582170  0.495385  0.744836  0.354756  0.551525  0.552052  0.540188  0.686362  0.480242  0.451028  0.734304  0.476133  0.618274  0.650376  0.442499  0.525610  0.633653  0.689309  0.509710  0.711577  0.551576  0.591044  0.829817  0.725131 0.0  0.495038  0.466554  0.412550  0.430565  0.447696  0.564670  0.509981  0.555613  0.580198  0.539077  0.589912  0.822759  0.727326  0.395191  0.471010  0.454766  0.698087  0.882585  0.893280  0.659531  0.605509  0.644526  0.736121  0.553388  0.622404  0.797572  0.879629  0.635988  0.714290  0.550907  0.605506  0.437915  0.548548  0.844476  0.523026  0.627811  0.515805  0.536032  0.560583  0.459679  0.631750  0.464105  0.692921  0.584483 
29  0.425183  0.579222  0.509603  0.216224  0.417374  0.393964  0.625976  0.352238  0.548078  0.322137  0.518454  0.645190  0.469756  0.529067  0.593231  0.480056  0.352578  0.628773  0.678050  0.388596  0.560006  0.546401  0.360799  0.583412  0.591352  0.487442  0.809763  0.508678  0.495038 0.0  0.366219  0.606966  0.621228  0.411589  0.487579  0.550736  0.441616  0.491444  0.626798  0.512970  0.605492  0.402351  0.601946  0.475765  0.547092  0.664575  0.801853  0.711013  0.615317  0.469715  0.517122  0.547286  0.371609  0.692734  0.796283  0.782494  0.545909  0.433707  0.385116  0.426928  0.732966  0.661436  0.712374  0.477247  0.320292  0.492932  0.429698  0.395815  0.500346  0.431545  0.492443  0.338930  0.461215 
30  0.552255  0.516821  0.641447  0.524666  0.473724  0.495525  0.713842  0.455202  0.474783  0.587434  0.570733  0.647720  0.385895  0.463068  0.696845  0.527762  0.442376  0.471518  0.606686  0.656462  0.571541  0.350740  0.410331  0.617163  0.508575  0.554705  0.831023  0.657576  0.466554  0.366219 0.0  0.388046  0.469242  0.352603  0.561408  0.556148  0.430182  0.472801  0.451620  0.559474  0.728911  0.694976  0.469462  0.428338  0.528832  0.763223  0.900215  0.872362  0.674667  0.574695  0.644961  0.671800  0.428112  0.701063  0.856351  0.940209  0.643632  0.559145  0.493968  0.367735  0.491467  0.584746  0.927047  0.560688  0.382574  0.375068  0.527804  0.494703  0.340831  0.497192  0.605982  0.558657  0.566706 
31  0.429392  0.479380  0.532870  0.462671  0.496031  0.557372  0.718659  0.407521  0.498249  0.446604  0.465302  0.781765  0.252943  0.521892  0.727844  0.559806  0.421054  0.504520  0.729988  0.577895  0.354011  0.541206  0.606354  0.733844  0.530399  0.459437  0.888091  0.842137  0.412550  0.606966  0.388046 0.0  0.579422  0.326273  0.453854  0.452155  0.438422  0.412466  0.475892  0.530042  0.668469  0.581528  0.411398  0.409643  0.651810  0.835853  0.862515  0.848865  0.740251  0.469862  0.762856  0.684401  0.638976  0.799176  0.789614  0.887428  0.878066  0.655846  0.503986  0.326029  0.607224  0.718898  0.788186  0.530387  0.503693  0.509929  0.473681  0.501818  0.261024  0.446232  0.645430  0.694813  0.618177 
32  0.656164  0.589057  0.464113  0.569554  0.437675  0.549257  0.696190  0.596681  0.584457  0.529200  0.641783  0.715975  0.456022  0.612913  0.643050  0.617163  0.553167  0.606494  0.633082  0.560173  0.520831  0.614652  0.510323  0.776492  0.550202  0.492972  0.824302  0.705787  0.430565  0.621228  0.469242  0.579422 0.0  0.469141  0.670843  0.486540  0.515135  0.509090  0.507884  0.602320  0.746911  0.659908  0.359858  0.482189  0.590967  0.835577  0.993169  0.895097  0.647643  0.598525  0.674601  0.691491  0.674549  0.711560  0.843073  0.922187  0.816363  0.564628  0.554976  0.596530  0.540503  0.724417  0.859199  0.757323  0.522875  0.495113  0.466937  0.619420  0.409356  0.585556  0.569261  0.626677  0.638754 
33  0.570404  0.388821  0.531538  0.432864  0.389748  0.471512  0.698973  0.397029  0.523125  0.504673  0.442906  0.810146  0.291562  0.548600  0.649230  0.639316  0.597521  0.425937  0.659426  0.683908  0.418395  0.519644  0.432564  0.637073  0.599843  0.547427  0.966244  0.845684  0.447696  0.411589  0.352603  0.326273  0.469141 0.0  0.684389  0.356890  0.504883  0.607238  0.461289  0.476236  0.821949  0.699094  0.563529  0.427322  0.457077  0.764787  0.913417  0.822195  0.774542  0.467044  0.692645  0.737170  0.552350  0.584570  0.931656  0.860587  0.586127  0.510907  0.463876  0.329820  0.607892  0.659544  0.879864  0.542588  0.481534  0.530281  0.507505  0.523626  0.410244  0.427574  0.644224  0.565886  0.513742 
34  0.389405  0.513058  0.754636  0.441275  0.548004  0.519176  0.625814  0.548612  0.603814  0.529993  0.486000  0.672451  0.606895  0.495321  0.603152  0.400888  0.522346  0.522562  0.710031  0.375486  0.606771  0.409434  0.474284  0.469697  0.510000  0.479573  0.711387  0.735102  0.564670  0.487579  0.561408  0.453854  0.670843  0.684389 0.0  0.529888  0.422050  0.350187  0.573348  0.363418  0.669565  0.471655  0.688777  0.631750  0.265476  0.658214  0.799136  0.897625  0.691237  0.480100  0.778270  0.730817  0.511687  0.598808  0.884924  0.937029  0.605784  0.565568  0.488214  0.433968  0.644480  0.578371  0.807558  0.416954  0.540990  0.506891  0.435788  0.228677  0.670428  0.505175  0.632180  0.405484  0.446649 
35  0.394495  0.436879  0.540832  0.660894  0.522777  0.472378  0.799190  0.454974  0.516688  0.439411  0.334102  0.760147  0.546066  0.541228  0.706408  0.330155  0.479410  0.356133  0.745578  0.454519  0.532407  0.469800  0.476479  0.470995  0.270902  0.380814  0.879307  0.753796  0.509981  0.550736  0.556148  0.452155  0.486540  0.356890  0.529888 0.0  0.628315  0.387718  0.601566  0.513009  0.794892  0.761801  0.517333  0.554993  0.519039  0.784833  0.783688  0.892801  0.781037  0.579267  0.738008  0.633430  0.365587  0.626152  0.853836  0.796293  0.696845  0.668875  0.400073  0.471722  0.685576  0.684181  0.794313  0.498392  0.536643  0.583190  0.612140  0.473436  0.461854  0.499796  0.793013  0.456049  0.577559 
36  0.418715  0.404362  0.583513  0.390755  0.443226  0.360818  0.658406  0.432989  0.446988  0.531673  0.637047  0.663193  0.492177  0.459949  0.592729  0.452851  0.579660  0.563836  0.638786  0.499306  0.550180  0.315700  0.346802  0.579086  0.533175  0.493558  0.844447  0.622974  0.555613  0.441616  0.430182  0.438422  0.515135  0.504883  0.422050  0.628315 0.0  0.551612  0.502482  0.552652  0.773558  0.519284  0.579628  0.162304  0.440476  0.685454  0.784473  0.798803  0.617626  0.564051  0.706366  0.474235  0.459097  0.587381  0.729357  0.784122  0.646816  0.472203  0.402204  0.374061  0.673563  0.659319  0.829925  0.502363  0.347990  0.346511  0.386728  0.630359  0.448114  0.378627  0.667602  0.375106  0.360013 
37  0.406824  0.527576  0.698265  0.551875  0.585094  0.488466  0.696713  0.558767  0.529416  0.469255  0.328235  0.675452  0.411311  0.490708  0.661929  0.387928  0.446082  0.348706  0.688445  0.503173  0.432592  0.392155  0.475493  0.454669  0.311524  0.349014  0.815301  0.707402  0.580198  0.491444  0.472801  0.412466  0.509090  0.607238  0.350187  0.387718  0.551612 0.0  0.630904  0.482028  0.777215  0.697701  0.611823  0.462130  0.407528  0.676883  0.880845  0.814756  0.642514  0.587439  0.790328  0.667287  0.431527  0.583480  0.872634  0.770276  0.634361  0.635506  0.600711  0.630142  0.664279  0.657171  0.822745  0.335061  0.504434  0.556040  0.422171  0.460045  0.539139  0.637685  0.666482  0.603829  0.456416 
38  0.598565  0.565423  0.671929  0.441353  0.482820  0.572450  0.853296  0.384475  0.573084  0.555755  0.592080  0.783882  0.367833  0.663414  0.739509  0.469462  0.620988  0.643547  0.677826  0.589432  0.696103  0.529479  0.338213  0.656409  0.643882  0.595056  0.766992  0.672686  0.539077  0.626798  0.451620  0.475892  0.507884  0.461289  0.573348  0.601566  0.502482  0.630904 0.0  0.568201  0.730497  0.533713  0.556694  0.387432  0.590796  0.789810  0.861086  0.743003  0.624859  0.471975  0.727251  0.502532  0.636742  0.690649  0.864741  0.823550  0.635732  0.463449  0.579716  0.547416  0.637664  0.666156  0.766208  0.570707  0.491663  0.423482  0.497026  0.683508  0.419398  0.630994  0.771053  0.623092  0.670688 
39  0.325214  0.497016  0.653629  0.527358  0.455850  0.478073  0.619115  0.631875  0.360993  0.396817  0.482175  0.668462  0.386604  0.437834  0.612705  0.279070  0.436420  0.419519  0.614729  0.429359  0.493180  0.433699  0.551647  0.531757  0.359161  0.345162  0.697270  0.527798  0.589912  0.512970  0.559474  0.530042  0.602320  0.476236  0.363418  0.513009  0.552652  0.482028  0.568201 0.0  0.590025  0.615037  0.466711  0.510352  0.395290  0.629046  0.824394  0.889612  0.632158  0.550053  0.746846  0.619182  0.423300  0.657200  0.820857  0.839128  0.696556  0.543579  0.392301  0.503183  0.749597  0.712721  0.688727  0.450868  0.560844  0.477889  0.548270  0.528930  0.613506  0.469865  0.643816  0.425346  0.378141 
40  0.702281  0.679172  0.731294  0.652563  0.651864  0.606260  0.696710  0.770543  0.721452  0.684635  0.752190  0.793516  0.769829  0.636973  0.686740  0.678893  0.648750  0.759000  0.784394  0.636999  0.674517  0.710908  0.748211  0.756140  0.831474  0.605630  0.718545  0.688986  0.822759  0.605492  0.728911  0.668469  0.746911  0.821949  0.669565  0.794892  0.773558  0.777215  0.730497  0.590025 0.0  0.748747  0.667005  0.709155  0.654406  0.681683  0.699921  0.892827  0.697138  0.625128  0.692078  0.859361  0.839604  0.820823  0.870170  0.672080  0.576060  0.698206  0.655172  0.713427  0.797938  0.704331  0.801328  0.655091  0.702984  0.692510  0.673598  0.645929  0.751597  0.621448  0.722594  0.690708  0.673742 
41  0.570009  0.761102  0.799395  0.388504  0.451313  0.395923  0.776709  0.542493  0.487291  0.618789  0.644852  0.647320  0.614345  0.693921  0.677157  0.586365  0.530730  0.712335  0.783967  0.681108  0.722909  0.677035  0.520651  0.323207  0.642934  0.427165  0.857671  0.570559  0.727326  0.402351  0.694976  0.581528  0.659908  0.699094  0.471655  0.761801  0.519284  0.697701  0.533713  0.615037  0.748747 0.0  0.756440  0.419014  0.660139  0.784307  0.708001  0.677029  0.775862  0.495389  0.745819  0.532926  0.609609  0.833071  0.771478  0.869227  0.892936  0.327121  0.485625  0.508605  0.718552  0.686380  0.586188  0.698004  0.557874  0.386943  0.609279  0.709747  0.535026  0.375351  0.602189  0.583631  0.531201 
42  0.489607  0.516877  0.514390  0.688611  0.545785  0.691452  0.686869  0.432198  0.562439  0.580971  0.582489  0.685706  0.539713  0.614421  0.545446  0.504981  0.618911  0.567372  0.564196  0.669400  0.589623  0.643545  0.602157  0.727326  0.562293  0.547528  0.743172  0.715635  0.395191  0.601946  0.469462  0.411398  0.359858  0.563529  0.688777  0.517333  0.579628  0.611823  0.556694  0.466711  0.667005  0.756440 0.0  0.449317  0.554032  0.741781  0.824700  0.792047  0.604158  0.686886  0.710734  0.670883  0.642126  0.762596  0.843301  0.817762  0.775610  0.783593  0.571945  0.545375  0.593365  0.677181  0.879327  0.720518  0.600541  0.588998  0.634784  0.593939  0.579326  0.462425  0.472321  0.587393  0.557043 
43  0.562178  0.423004  0.613999  0.516224  0.408076  0.461956  0.749208  0.418272  0.335160  0.563421  0.616282  0.702505  0.432607  0.518680  0.705121  0.549554  0.546816  0.515915  0.693195  0.545020  0.507384  0.484007  0.324309  0.635194  0.459129  0.544092  0.868539  0.767192  0.471010  0.475765  0.428338  0.409643  0.482189  0.427322  0.631750  0.554993  0.162304  0.462130  0.387432  0.510352  0.709155  0.419014  0.449317 0.0  0.646270  0.715530  0.678910  0.735301  0.773503  0.409216  0.678817  0.577919  0.581422  0.630413  0.864052  0.961559  0.642252  0.450950  0.418312  0.448998  0.607766  0.779908  0.903446  0.562334  0.380528  0.243442  0.433204  0.578320  0.472526  0.483987  0.588862  0.606240  0.570568 
44  0.425667  0.402095  0.796437  0.435328  0.497923  0.486891  0.633450  0.512763  0.400853  0.488313  0.464104  0.648585  0.574774  0.483768  0.767787  0.343975  0.422510  0.455220  0.688059  0.386992  0.437551  0.389921  0.558457  0.452951  0.465990  0.418171  0.750379  0.764174  0.454766  0.547092  0.528832  0.651810  0.590967  0.457077  0.265476  0.519039  0.440476  0.407528  0.590796  0.395290  0.654406  0.660139  0.554032  0.646270 0.0  0.526925  0.736474  0.853705  0.631981  0.560895  0.548500  0.566767  0.357241  0.615191  0.698923  0.826326  0.717560  0.648684  0.422616  0.514785  0.589522  0.782841  0.667378  0.427898  0.436736  0.359799  0.533900  0.429795  0.555985  0.401830  0.600073  0.400882  0.572802 
45  0.615642  0.746919  0.774286  0.526572  0.687203  0.663144  0.504532  0.754129  0.743918  0.738484  0.630389  0.456944  0.884065  0.647912  0.638157  0.686990  0.647553  0.771891  0.691726  0.712849  0.778509  0.643924  0.722908  0.646004  0.866778  0.698321  0.777671  0.733607  0.698087  0.664575  0.763223  0.835853  0.835577  0.764787  0.658214  0.784833  0.685454  0.676883  0.789810  0.629046  0.681683  0.784307  0.741781  0.715530  0.526925 0.0  0.767417  0.762017  0.635519  0.657950  0.479646  0.839554  0.668980  0.513319  0.772466  0.762203  0.626740  0.829378  0.697852  0.629691  0.659392  0.497318  0.724893  0.765289  0.754876  0.607858  0.703960  0.723449  0.754807  0.666154  0.679446  0.650654  0.668256 
46  0.851456  0.912243  0.890519  0.750812  0.749060  0.821445  0.592700  0.899746  0.762247  0.708184  0.892784  0.656152  0.893376  0.819531  0.784704  0.713403  0.776485  0.910947  0.605428  0.852418  0.901542  0.666794  0.837361  0.642681  0.887733  0.844210  0.532855  0.752572  0.882585  0.801853  0.900215  0.862515  0.993169  0.913417  0.799136  0.783688  0.784473  0.880845  0.861086  0.824394  0.699921  0.708001  0.824700  0.678910  0.736474  0.767417 0.0  0.549849  0.757320  0.714269  0.742459  0.563403  0.858438  0.676832  0.453793  0.585071  0.696673  1.000000  0.730260  0.737109  0.887385  0.719504  0.417551  0.780848  0.875024  0.831183  0.875641  0.809783  0.907063  0.835304  0.919473  0.844472  0.799355 
47  0.823421  0.801873  0.829389  0.732663  0.691763  0.761013  0.800328  0.885400  0.806327  0.817791  0.895737  0.708932  0.861339  0.804509  0.850411  0.784421  0.765691  0.896286  0.828289  0.749308  0.830524  0.815137  0.797656  0.637287  0.913203  0.883906  0.656751  0.739684  0.893280  0.711013  0.872362  0.848865  0.895097  0.822195  0.897625  0.892801  0.798803  0.814756  0.743003  0.889612  0.892827  0.677029  0.792047  0.735301  0.853705  0.762017  0.549849 0.0  0.759985  0.792931  0.688452  0.702116  0.845931  0.802783  0.784377  0.655954  0.802701  0.763974  0.687029  0.742263  0.855487  0.740569  0.659176  0.840833  0.728319  0.810508  0.803871  0.798500  0.853539  0.758820  0.774262  0.808515  0.686575 
48  0.696907  0.627636  0.651630  0.722433  0.692847  0.671156  0.626436  0.763284  0.776408  0.640526  0.678069  0.566133  0.769736  0.713764  0.626115  0.633370  0.668473  0.607417  0.603902  0.663041  0.810473  0.588271  0.578180  0.743916  0.707771  0.602872  0.878063  0.626984  0.659531  0.615317  0.674667  0.740251  0.647643  0.774542  0.691237  0.781037  0.617626  0.642514  0.624859  0.632158  0.697138  0.775862  0.604158  0.773503  0.631981  0.635519  0.757320  0.759985 0.0  0.812578  0.669265  0.783597  0.684759  0.618255  0.891782  0.723678  0.522684  0.782335  0.559165  0.583345  0.623472  0.380979  0.845526  0.759565  0.653064  0.744504  0.670166  0.720828  0.822640  0.604289  0.700526  0.785610  0.623603 
49  0.335860  0.589439  0.670589  0.360947  0.373957  0.408280  0.524130  0.502898  0.484563  0.429876  0.631009  0.634907  0.442086  0.546763  0.531212  0.468383  0.413566  0.602128  0.736420  0.323063  0.585718  0.326007  0.312558  0.564401  0.516384  0.448133  0.847567  0.580115  0.605509  0.469715  0.574695  0.469862  0.598525  0.467044  0.480100  0.579267  0.564051  0.587439  0.471975  0.550053  0.625128  0.495389  0.686886  0.409216  0.560895  0.657950  0.714269  0.792931  0.812578 0.0  0.669726  0.693545  0.500141  0.646633  0.802380  0.767721  0.504358  0.513572  0.415768  0.437681  0.689757  0.579023  0.744445  0.404665  0.331489  0.337679  0.353040  0.566642  0.456058  0.433131  0.542006  0.482506  0.423672 
50  0.679347  0.711118  0.696894  0.716267  0.636149  0.649832  0.497476  0.774557  0.657743  0.740276  0.749555  0.703226  0.758773  0.628317  0.518866  0.756439  0.650162  0.761051  0.647278  0.742346  0.756393  0.555374  0.653136  0.889471  0.637412  0.693123  0.729738  0.694289  0.644526  0.517122  0.644961  0.762856  0.674601  0.692645  0.778270  0.738008  0.706366  0.790328  0.727251  0.746846  0.692078  0.745819  0.710734  0.678817  0.548500  0.479646  0.742459  0.688452  0.669265  0.669726 0.0  0.723790  0.639500  0.541718  0.840003  0.812496  0.595688  0.735748  0.631442  0.665542  0.791127  0.632791  0.832653  0.599450  0.599342  0.662108  0.624108  0.651774  0.825223  0.674738  0.739244  0.636869  0.653179 
51  0.631077  0.616272  0.644897  0.568093  0.495618  0.666664  0.661003  0.619439  0.591759  0.558561  0.688342  0.624095  0.631307  0.556548  0.761705  0.680336  0.531792  0.646121  0.701119  0.524951  0.706170  0.607472  0.544426  0.540249  0.567368  0.640581  0.787803  0.733553  0.736121  0.547286  0.671800  0.684401  0.691491  0.737170  0.730817  0.633430  0.474235  0.667287  0.502532  0.619182  0.859361  0.532926  0.670883  0.577919  0.566767  0.839554  0.563403  0.702116  0.783597  0.693545  0.723790 0.0  0.616333  0.687827  0.837846  0.750787  0.762375  0.600695  0.478441  0.557049  0.721880  0.807011  0.684479  0.458152  0.672088  0.615058  0.620722  0.597538  0.647953  0.668498  0.744722  0.572743  0.581422 
52  0.297402  0.474143  0.723547  0.512565  0.320293  0.568097  0.591464  0.554452  0.366572  0.420624  0.295065  0.681253  0.573034  0.411627  0.652916  0.310625  0.320104  0.294633  0.664575  0.427513  0.595183  0.357072  0.424031  0.349799  0.303053  0.357944  0.851620  0.676889  0.553388  0.371609  0.428112  0.638976  0.674549  0.552350  0.511687  0.365587  0.459097  0.431527  0.636742  0.423300  0.839604  0.609609  0.642126  0.581422  0.357241  0.668980  0.858438  0.845931  0.684759  0.500141  0.639500  0.616333 0.0  0.647695  0.810860  0.795889  0.610552  0.575292  0.408094  0.527633  0.556245  0.578062  0.906142  0.324164  0.449481  0.472945  0.468969  0.533532  0.527120  0.435490  0.646487  0.443344  0.387692 
53  0.686073  0.711431  0.630132  0.577132  0.608249  0.545317  0.554324  0.874413  0.667685  0.573375  0.684063  0.605397  0.680629  0.589883  0.425070  0.673395  0.687882  0.620380  0.692868  0.555414  0.723317  0.691803  0.638569  0.873236  0.694624  0.679203  0.840877  0.652062  0.622404  0.692734  0.701063  0.799176  0.711560  0.584570  0.598808  0.626152  0.587381  0.583480  0.690649  0.657200  0.820823  0.833071  0.762596  0.630413  0.615191  0.513319  0.676832  0.802783  0.618255  0.646633  0.541718  0.687827  0.647695 0.0  0.851819  0.749873  0.350862  0.777437  0.626076  0.688081  0.757945  0.581140  0.820600  0.633452  0.600744  0.575188  0.758258  0.547539  0.602211  0.513018  0.583454  0.675576  0.737341 
