73
0 0.0  0.641528  0.543821  0.551483  0.436979  0.509483  0.568801  0.507611  0.577476  0.481598  0.531450  0.633559  0.512045  0.560089  0.641247  0.609216  0.527585  0.455492  0.737252  0.537257  0.546315  0.673660  0.618676  0.485585  0.529904  0.670425  0.536030  0.582543  0.574898  0.573372  0.585579  0.535274  0.404928  0.523483  0.556321  0.500370  0.459272  0.530563  0.513103  0.730557  0.480911  0.695973  0.500717  0.514540  0.612232  0.523130  0.519339  0.444351  0.589832  0.528234  0.685577  0.474995  0.549166  0.576379  0.674934  0.712772  0.525966  0.503917  0.482314  0.649605  0.586355  0.528719  0.666806  0.571806  0.550534  0.542890  0.398951  0.627911  0.648811  0.496723  0.527784  0.659460  0.597175 
1  0.641528 0.0  0.537610  0.682104  0.765473  0.807023  0.828623  0.478497  0.783388  0.649089  0.736620  0.371153  0.636854  0.646804  0.509551  0.597899  0.691947  0.789581  0.658807  0.524510  0.584431  0.638176  0.737794  0.781339  0.685126  0.671160  0.590497  0.619072  0.653957  0.638783  0.759282  0.671621  0.619205  0.665241  0.598100  0.758165  0.640665  0.553486  0.631603  0.665940  0.692810  0.686237  0.702959  0.673491  0.554230  0.651695  0.648494  0.748848  0.544097  0.734306  0.593655  0.629657  0.654462  0.574744  0.673886  0.720100  0.620261  0.727116  0.592428  0.798564  0.564879  0.542862  0.787867  0.743970  0.645175  0.493888  0.647466  0.857357  0.938600  0.691726  0.590654  0.672838  0.617587 
2  0.543821  0.537610 0.0  0.556005  0.676514  0.488875  0.559935  0.582452  0.459665  0.513294  0.422037  0.534305  0.553848  0.430361  0.702277  0.763574  0.635575  0.355107  0.770523  0.784114  0.561837  0.742317  0.505591  0.617710  0.466949  0.824057  0.470827  0.417805  0.302346  0.496969  0.498459  0.512144  0.592242  0.497169  0.404697  0.518893  0.364329  0.465257  0.578060  0.875981  0.366573  0.486940  0.488696  0.557260  0.484468  0.631085  0.510668  0.769351  0.506191  0.393602  0.724956  0.520712  0.594351  0.601034  0.582908  0.545482  0.365174  0.573199  0.478464  0.590073  0.424705  0.534406  0.515504  0.751465  0.416365  0.482295  0.561102  0.503649  0.564209  0.438530  0.381260  0.586308  0.473009 
3  0.551483  0.682104  0.556005 0.0  0.522868  0.460918  0.619999  0.422439  0.594392  0.573307  0.550482  0.689031  0.364590  0.506585  0.719947  0.727199  0.562661  0.600809  0.879604  0.672454  0.599298  0.563999  0.490592  0.654874  0.427686  0.729967  0.320276  0.503049  0.424868  0.396148  0.417259  0.389980  0.362855  0.480401  0.331264  0.406031  0.525060  0.585132  0.448764  0.826826  0.465151  0.658972  0.470990  0.430369  0.497149  0.595861  0.435810  0.650908  0.392592  0.542893  0.643103  0.456523  0.668060  0.353988  0.521846  0.652531  0.514370  0.402428  0.656016  0.664228  0.420075  0.464800  0.564133  0.749126  0.268239  0.587767  0.560033  0.577571  0.662197  0.416969  0.582163  0.450437  0.466102 
4  0.436979  0.765473  0.676514  0.522868 0.0  0.599787  0.634298  0.620252  0.494469  0.591694  0.525049  0.760015  0.389988  0.517156  0.826639  0.738432  0.400436  0.572289  0.894944  0.776290  0.687747  0.596459  0.537729  0.697842  0.388004  0.755420  0.501330  0.594518  0.583666  0.524405  0.319537  0.439442  0.534552  0.339419  0.519651  0.541821  0.522813  0.522623  0.356999  0.845520  0.467689  0.607930  0.551660  0.441475  0.499218  0.508763  0.443477  0.633126  0.498967  0.487669  0.854340  0.572537  0.555302  0.306470  0.672634  0.491129  0.637067  0.221567  0.670719  0.610548  0.506204  0.415638  0.407476  0.683382  0.576279  0.662413  0.492576  0.505144  0.699875  0.444863  0.594442  0.306196  0.540770 
5  0.509483  0.807023  0.488875  0.460918  0.599787 0.0  0.586793  0.472805  0.434875  0.435904  0.320863  0.691581  0.506142  0.581479  0.696137  0.793313  0.538021  0.582512  0.872521  0.841773  0.619512  0.571218  0.325849  0.760463  0.480467  0.935439  0.516518  0.482633  0.552356  0.624689  0.610761  0.596486  0.591245  0.598947  0.576702  0.539606  0.622676  0.563766  0.605381  0.915578  0.516179  0.519423  0.552686  0.565920  0.600556  0.639412  0.630453  0.670929  0.616816  0.611900  0.880892  0.510846  0.585902  0.544827  0.649478  0.534502  0.580301  0.517277  0.626174  0.630570  0.535253  0.630130  0.577070  0.803434  0.630357  0.654672  0.594640  0.582471  0.616957  0.521196  0.424093  0.617336  0.391538 
6  0.568801  0.828623  0.559935  0.619999  0.634298  0.586793 0.0  0.608162  0.563393  0.376763  0.587513  0.922283  0.634721  0.614801  0.828930  0.837705  0.687359  0.563347  0.928308  0.769916  0.510953  0.745323  0.503668  0.830540  0.692097  0.843054  0.678070  0.540788  0.562059  0.565625  0.634865  0.723030  0.568481  0.758495  0.614640  0.743558  0.649872  0.542439  0.668882  0.887791  0.620880  0.421844  0.467118  0.647958  0.662611  0.813695  0.677942  0.785418  0.574160  0.571178  0.773017  0.604574  0.790120  0.642067  0.712434  0.530271  0.388958  0.683902  0.619378  0.312101  0.602549  0.523755  0.607143  0.842765  0.664141  0.690904  0.670512  0.646202  0.534685  0.586218  0.490634  0.667692  0.619960 
7  0.507611  0.478497  0.582452  0.422439  0.620252  0.472805  0.608162 0.0  0.357502  0.429921  0.504563  0.679562  0.578010  0.474550  0.632555  0.848570  0.581264  0.485084  0.899689  0.708229  0.592844  0.635463  0.542163  0.673067  0.472160  0.828231  0.647832  0.472175  0.391972  0.479177  0.540239  0.554853  0.495307  0.560818  0.505266  0.539569  0.456192  0.542433  0.672330  0.802579  0.475298  0.525004  0.607459  0.498397  0.572151  0.631176  0.535784  0.565270  0.542800  0.442729  0.648236  0.537075  0.653546  0.519969  0.663933  0.386355  0.334946  0.651586  0.544439  0.535810  0.321358  0.536677  0.577189  0.706368  0.538656  0.556102  0.663597  0.442036  0.564314  0.312963  0.284115  0.452344  0.521779 
8  0.577476  0.783388  0.459665  0.594392  0.494469  0.434875  0.563393  0.357502 0.0  0.363708  0.605352  0.591373  0.608021  0.495146  0.619937  0.632584  0.520740  0.461290  0.821465  0.726679  0.493415  0.558869  0.593396  0.734154  0.536015  0.748583  0.376508  0.370579  0.367751  0.486180  0.546374  0.552741  0.429391  0.540323  0.381585  0.545629  0.390644  0.442429  0.518723  0.783798  0.463566  0.438149  0.525756  0.475150  0.441339  0.572272  0.578623  0.598041  0.408615  0.532953  0.747878  0.501061  0.602045  0.468396  0.452925  0.502081  0.444294  0.549176  0.507550  0.613246  0.410490  0.401103  0.498342  0.780803  0.341617  0.529912  0.652194  0.466101  0.574638  0.320975  0.244448  0.569843  0.564548 
9  0.481598  0.649089  0.513294  0.573307  0.591694  0.435904  0.376763  0.429921  0.363708 0.0  0.411062  0.700700  0.545034  0.469172  0.737022  0.656006  0.634820  0.378705  0.903891  0.725394  0.558672  0.602072  0.259620  0.634639  0.299736  0.720113  0.425598  0.390874  0.500627  0.563950  0.480377  0.516197  0.560856  0.540493  0.368758  0.607608  0.348713  0.360470  0.574539  0.792557  0.455302  0.394730  0.510678  0.553949  0.447724  0.494719  0.422723  0.527417  0.509330  0.595987  0.714588  0.425718  0.671991  0.521367  0.594723  0.303359  0.444826  0.595411  0.647244  0.572715  0.406450  0.471879  0.540554  0.673717  0.392827  0.568029  0.601531  0.502350  0.626866  0.455423  0.217232  0.612728  0.327122 
10  0.531450  0.736620  0.422037  0.550482  0.525049  0.320863  0.587513  0.504563  0.605352  0.411062 0.0  0.780269  0.479486  0.473138  0.681963  0.724353  0.576608  0.523286  0.997641  0.829086  0.533578  0.602920  0.364825  0.675204  0.654929  0.800275  0.515602  0.577575  0.403073  0.460432  0.532600  0.544980  0.363087  0.556325  0.478660  0.494453  0.577335  0.486308  0.464298  0.887822  0.543678  0.326648  0.643962  0.644176  0.411141  0.614028  0.526440  0.691319  0.547984  0.597233  0.701393  0.579408  0.596445  0.390474  0.617609  0.368395  0.567741  0.404467  0.631795  0.537169  0.514718  0.528066  0.502223  0.730163  0.447884  0.626303  0.620855  0.512122  0.747461  0.335998  0.501247  0.399578  0.422489 
11  0.633559  0.371153  0.534305  0.689031  0.760015  0.691581  0.922283  0.679562  0.591373  0.700700  0.780269 0.0  0.797924  0.644861  0.510419  0.489661  0.714817  0.760295  0.848482  0.661230  0.757910  0.484945  0.723670  0.637079  0.564512  0.846484  0.638783  0.568961  0.748115  0.695370  0.719517  0.842894  0.590642  0.738357  0.603021  0.649374  0.634320  0.730658  0.790639  0.805797  0.684870  0.662636  0.623029  0.735365  0.705963  0.606222  0.605523  0.637292  0.705448  0.677849  0.579785  0.635315  0.624394  0.691870  0.842954  0.776839  0.598553  0.706768  0.600585  0.761438  0.709268  0.710074  0.764852  0.592278  0.686519  0.497687  0.666665  0.623470  0.778752  0.688895  0.757940  0.697318  0.683950 
12  0.512045  0.636854  0.553848  0.364590  0.389988  0.506142  0.634721  0.578010  0.608021  0.545034  0.479486  0.797924 0.0  0.425179  0.655970  0.684077  0.506779  0.528857  0.932174  0.671215  0.624814  0.631201  0.528947  0.555890  0.602346  0.657213  0.506507  0.583210  0.587777  0.443790  0.478577  0.465774  0.507519  0.533769  0.469307  0.468048  0.444623  0.465836  0.213482  0.824457  0.564401  0.562171  0.507992  0.480924  0.560075  0.538505  0.259302  0.649610  0.426762  0.380773  0.921066  0.416399  0.522125  0.294428  0.595340  0.508241  0.549377  0.518433  0.598330  0.672025  0.438094  0.514657  0.362722  0.753651  0.475975  0.649184  0.418354  0.527477  0.686023  0.571588  0.562764  0.499307  0.502565 
13  0.560089  0.646804  0.430361  0.506585  0.517156  0.581479  0.614801  0.474550  0.495146  0.469172  0.473138  0.644861  0.425179 0.0  0.711452  0.800542  0.474306  0.477614  0.785079  0.692178  0.442998  0.665142  0.688431  0.676659  0.467337  0.796900  0.412060  0.428033  0.489946  0.434650  0.683337  0.451242  0.402992  0.547506  0.525086  0.445796  0.411507  0.448467  0.558648  0.773360  0.498680  0.390425  0.539483  0.435481  0.441182  0.578832  0.430675  0.596002  0.420177  0.535793  0.862149  0.328074  0.593386  0.567550  0.537604  0.446241  0.388528  0.449456  0.520222  0.622430  0.411761  0.530541  0.546855  0.873114  0.445878  0.538560  0.455625  0.470595  0.694378  0.395799  0.528996  0.565696  0.438943 
14  0.641247  0.509551  0.702277  0.719947  0.826639  0.696137  0.828930  0.632555  0.619937  0.737022  0.681963  0.510419  0.655970  0.711452 0.0  0.620307  0.811231  0.712277  0.817333  0.753305  0.687647  0.607369  0.648510  0.722868  0.663858  0.662158  0.685563  0.640330  0.640318  0.678485  0.790108  0.690542  0.740805  0.862374  0.678648  0.660959  0.620992  0.714889  0.773740  0.833225  0.703254  0.602478  0.835140  0.674237  0.698316  0.714152  0.663921  0.715345  0.740002  0.638582  0.526457  0.657219  0.665748  0.762622  0.797609  0.639233  0.679739  0.838352  0.737338  0.822548  0.529933  0.693835  0.737134  0.682489  0.635629  0.446741  0.580278  0.595389  0.739065  0.775574  0.561969  0.775821  0.681653 
15  0.609216  0.597899  0.763574  0.727199  0.738432  0.793313  0.837705  0.848570  0.632584  0.656006  0.724353  0.489661  0.684077  0.800542  0.620307 0.0  0.743973  0.715450  0.918396  0.632762  0.881127  0.636049  0.821500  0.746329  0.700381  0.802086  0.822919  0.840740  0.760384  0.673487  0.610111  0.703010  0.706884  0.791394  0.624531  0.622690  0.707177  0.718852  0.697491  0.799055  0.755263  0.792222  0.781419  0.773039  0.713653  0.685900  0.754212  0.666742  0.833474  0.846586  0.697895  0.739069  0.652473  0.705612  0.820476  0.794581  0.767607  0.826489  0.704380  0.866504  0.678469  0.802805  0.843363  0.701290  0.812210  0.475488  0.558035  0.737944  0.774665  0.793689  0.651728  0.707780  0.744315 
16  0.527585  0.691947  0.635575  0.562661  0.400436  0.538021  0.687359  0.581264  0.520740  0.634820  0.576608  0.714817  0.506779  0.474306  0.811231  0.743973 0.0  0.603625  0.903666  0.839533  0.684825  0.553925  0.602951  0.611368  0.458592  0.714116  0.562651  0.460941  0.630104  0.527480  0.354991  0.445416  0.561608  0.429756  0.448600  0.474287  0.503893  0.461507  0.373497  0.905274  0.578342  0.593382  0.548814  0.566341  0.676665  0.570234  0.534091  0.590015  0.572415  0.440858  0.714139  0.548709  0.580346  0.399493  0.506074  0.577366  0.576916  0.339319  0.573914  0.618921  0.401350  0.542265  0.334708  0.835295  0.484301  0.622228  0.483851  0.610392  0.598590  0.572668  0.680699  0.336350  0.565753 
17  0.455492  0.789581  0.355107  0.600809  0.572289  0.582512  0.563347  0.485084  0.461290  0.378705  0.523286  0.760295  0.528857  0.477614  0.712277  0.715450  0.603625 0.0  0.966316  0.700471  0.477889  0.600132  0.600098  0.664852  0.533146  0.930393  0.472636  0.391158  0.448346  0.479265  0.569087  0.593929  0.488980  0.534253  0.572879  0.559303  0.546217  0.444978  0.628294  0.805847  0.551848  0.424763  0.562855  0.632935  0.319083  0.606192  0.529345  0.614201  0.491207  0.471866  0.576051  0.457626  0.559572  0.506382  0.662226  0.510410  0.460570  0.621492  0.602950  0.599701  0.521377  0.397945  0.528673  0.671024  0.464561  0.711012  0.627808  0.425031  0.731993  0.491370  0.433766  0.629293  0.383221 
18  0.737252  0.658807  0.770523  0.879604  0.894944  0.872521  0.928308  0.899689  0.821465  0.903891  0.997641  0.848482  0.932174  0.785079  0.817333  0.918396  0.903666  0.966316 0.0  0.830249  0.777253  0.704561  0.859118  0.900753  0.759263  0.483913  0.776877  0.984610  0.860247  0.855035  0.814322  0.855786  0.833558  0.941552  0.893966  0.848797  0.723883  0.886784  0.956957  0.395594  0.815742  0.901314  0.716134  0.873589  0.843292  0.898296  0.798777  0.831935  0.842068  0.797295  0.769635  0.900824  0.907202  0.774975  0.716600  0.823271  0.846793  0.891434  0.725720  0.755782  0.675551  0.887330  0.899865  0.876814  0.727144  0.640781  0.915929  0.907965  0.821589  0.833132  0.796912  0.986458  0.938869 
19  0.537257  0.524510  0.784114  0.672454  0.776290  0.841773  0.769916  0.708229  0.726679  0.725394  0.829086  0.661230  0.671215  0.692178  0.753305  0.632762  0.839533  0.700471  0.830249 0.0  0.691033  0.572940  0.789461  0.715378  0.624188  0.739298  0.672798  0.653756  0.700410  0.771882  0.732792  0.747243  0.740075  0.773344  0.759989  0.656556  0.655502  0.684811  0.804218  0.914321  0.738723  0.652653  0.776017  0.720809  0.783454  0.834721  0.730488  0.510107  0.792121  0.623250  0.686364  0.673071  0.652412  0.797981  0.791618  0.816075  0.748812  0.781924  0.493738  0.878222  0.683257  0.706015  0.761858  0.636290  0.698538  0.449161  0.618563  0.803568  0.859912  0.671160  0.753570  0.788346  0.734484 
20  0.546315  0.584431  0.561837  0.599298  0.687747  0.619512  0.510953  0.592844  0.493415  0.558672  0.533578  0.757910  0.624814  0.442998  0.687647  0.881127  0.684825  0.477889  0.777253  0.691033 0.0  0.737593  0.546917  0.709566  0.537143  0.861970  0.527546  0.446004  0.470797  0.508219  0.633141  0.507354  0.593781  0.677719  0.471305  0.754629  0.592988  0.487774  0.532951  0.827882  0.655886  0.361925  0.746916  0.586813  0.521024  0.713013  0.543940  0.730807  0.614306  0.528847  0.787558  0.425289  0.702591  0.525740  0.557995  0.495603  0.541092  0.644045  0.626404  0.380694  0.542034  0.545995  0.641728  0.679117  0.457618  0.627779  0.624039  0.414044  0.513238  0.492038  0.533795  0.643284  0.526605 
21  0.673660  0.638176  0.742317  0.563999  0.596459  0.571218  0.745323  0.635463  0.558869  0.602072  0.602920  0.484945  0.631201  0.665142  0.607369  0.636049  0.553925  0.600132  0.704561  0.572940  0.737593 0.0  0.672938  0.425596  0.750459  0.507952  0.651242  0.722501  0.653422  0.655006  0.624424  0.653665  0.508882  0.665121  0.568306  0.658092  0.511163  0.555840  0.685242  0.825439  0.750701  0.637925  0.768110  0.677190  0.612544  0.627037  0.612506  0.482306  0.560535  0.628144  0.575524  0.593487  0.633596  0.567904  0.851482  0.522481  0.668563  0.644528  0.590744  0.680067  0.664730  0.587011  0.629237  0.458046  0.551577  0.622426  0.632263  0.654739  0.830968  0.645589  0.677740  0.629885  0.583953 
22  0.618676  0.737794  0.505591  0.490592  0.537729  0.325849  0.503668  0.542163  0.593396  0.259620  0.364825  0.723670  0.528947  0.688431  0.648510  0.821500  0.602951  0.600098  0.859118  0.789461  0.546917  0.672938 0.0  0.558018  0.672704  0.746638  0.477792  0.462066  0.515799  0.616848  0.624598  0.377368  0.628460  0.593896  0.473295  0.548025  0.545326  0.426827  0.610483  0.904745  0.546089  0.585361  0.659803  0.575854  0.475169  0.598871  0.650161  0.660585  0.492007  0.498090  0.700459  0.558805  0.623641  0.574483  0.649641  0.382167  0.642347  0.527197  0.687537  0.550190  0.541422  0.423305  0.569015  0.624198  0.607281  0.642545  0.570161  0.563494  0.631622  0.529664  0.344636  0.484858  0.288868 
23  0.485585  0.781339  0.617710  0.654874  0.697842  0.760463  0.830540  0.673067  0.734154  0.634639  0.675204  0.637079  0.555890  0.676659  0.722868  0.746329  0.611368  0.664852  0.900753  0.715378  0.709566  0.425596  0.558018 0.0  0.694116  0.764971  0.646889  0.723055  0.613423  0.506456  0.675311  0.623416  0.768727  0.671501  0.690442  0.592436  0.551179  0.640221  0.573295  0.799286  0.696741  0.619562  0.576554  0.596380  0.588444  0.621468  0.646823  0.435606  0.565653  0.587259  0.736758  0.577857  0.423673  0.536804  0.846653  0.602900  0.722078  0.636534  0.450651  0.854263  0.569813  0.540144  0.550878  0.713832  0.672688  0.736573  0.669195  0.770414  0.802944  0.639404  0.595655  0.664445  0.530081 
24  0.529904  0.685126  0.466949  0.427686  0.388004  0.480467  0.692097  0.472160  0.536015  0.299736  0.654929  0.564512  0.602346  0.467337  0.663858  0.700381  0.458592  0.533146  0.759263  0.624188  0.537143  0.750459  0.672704  0.694116 0.0  0.819553  0.443896  0.444964  0.551318  0.379967  0.469005  0.505975  0.424618  0.557870  0.364755  0.512823  0.372781  0.436616  0.555731  0.845032  0.305325  0.386379  0.461502  0.419873  0.595519  0.524362  0.445420  0.686515  0.283117  0.374287  0.616171  0.384019  0.553935  0.508914  0.418751  0.545026  0.507246  0.515821  0.552457  0.597438  0.319608  0.399564  0.528275  0.764772  0.533000  0.593971  0.523128  0.562513  0.494939  0.365587  0.415606  0.417255  0.633022 
25  0.670425  0.671160  0.824057  0.729967  0.755420  0.935439  0.843054  0.828231  0.748583  0.720113  0.800275  0.846484  0.657213  0.796900  0.662158  0.802086  0.714116  0.930393  0.483913  0.739298  0.861970  0.507952  0.746638  0.764971  0.819553 0.0  0.835792  0.875936  0.795515  0.842485  0.859086  0.677497  0.834482  0.800382  0.724013  0.759512  0.714084  0.792277  0.820513  0.434575  0.806657  0.754438  0.771834  0.898209  0.889217  0.845065  0.773071  0.789717  0.748055  0.695213  0.723190  0.845234  0.744698  0.840088  0.769335  0.889582  0.765627  0.890734  0.703055  0.857685  0.769569  0.836204  0.802705  0.686762  0.854799  0.575982  0.643960  0.786942  0.829657  0.770919  0.737813  0.750871  0.823232 
26  0.536030  0.590497  0.470827  0.320276  0.501330  0.516518  0.678070  0.647832  0.376508  0.425598  0.515602  0.638783  0.506507  0.412060  0.685563  0.822919  0.562651  0.472636  0.776877  0.672798  0.527546  0.651242  0.477792  0.646889  0.443896  0.835792 0.0  0.487390  0.596662  0.421282  0.487911  0.458200  0.319134  0.524854  0.311935  0.534812  0.498041  0.492025  0.478086  0.841702  0.499599  0.545863  0.290451  0.392765  0.381807  0.688603  0.388533  0.641397  0.474213  0.417117  0.584272  0.300871  0.588226  0.444398  0.535885  0.503611  0.593240  0.443447  0.502768  0.708068  0.395914  0.423169  0.474164  0.700456  0.287008  0.573664  0.528036  0.613038  0.544843  0.388864  0.423984  0.539145  0.441852 
27  0.582543  0.619072  0.417805  0.503049  0.594518  0.482633  0.540788  0.472175  0.370579  0.390874  0.577575  0.568961  0.583210  0.428033  0.640330  0.840740  0.460941  0.391158  0.984610  0.653756  0.446004  0.722501  0.462066  0.723055  0.444964  0.875936  0.487390 0.0  0.493354  0.479339  0.510243  0.535615  0.394321  0.518819  0.434821  0.601007  0.513937  0.557222  0.626819  0.778668  0.435040  0.409140  0.616414  0.546304  0.324260  0.568756  0.693540  0.608958  0.517249  0.561685  0.600016  0.580876  0.599777  0.596402  0.608813  0.320643  0.447590  0.684975  0.575231  0.553504  0.455706  0.424605  0.654922  0.745977  0.508751  0.589673  0.634332  0.307393  0.691966  0.526374  0.347582  0.510582  0.402055 
28  0.574898  0.653957  0.302346  0.424868  0.583666  0.552356  0.562059  0.391972  0.367751  0.500627  0.403073  0.748115  0.587777  0.489946  0.640318  0.760384  0.630104  0.448346  0.860247  0.700410  0.470797  0.653422  0.515799  0.613423  0.551318  0.795515  0.596662  0.493354 0.0  0.421393  0.670425  0.561889  0.492788  0.536407  0.520351  0.614750  0.433173  0.503385  0.546422  0.868937  0.427923  0.526013  0.534547  0.521043  0.526837  0.563884  0.460589  0.645226  0.574500  0.518973  0.688760  0.531051  0.625647  0.534121  0.636057  0.589250  0.456325  0.551258  0.536651  0.536165  0.429999  0.530788  0.551934  0.750775  0.510367  0.588840  0.584501  0.642484  0.692641  0.365948  0.428422  0.495717  0.470825 
29  0.573372  0.638783  0.496969  0.396148  0.524405  0.624689  0.565625  0.479177  0.486180  0.563950  0.460432  0.695370  0.443790  0.434650  0.678485  0.673487  0.527480  0.479265  0.855035  0.771882  0.508219  0.655006  0.616848  0.506456  0.379967  0.842485  0.421282  0.479339  0.421393 0.0  0.469873  0.467867  0.335493  0.510859  0.338705  0.603603  0.513722  0.432026  0.481378  0.803084  0.436283  0.474374  0.415091  0.305230  0.566528  0.569311  0.436654  0.592660  0.377461  0.471521  0.678935  0.409665  0.656494  0.459972  0.546615  0.570977  0.531741  0.437039  0.654050  0.495940  0.347618  0.434848  0.361245  0.626699  0.452544  0.578510  0.473158  0.512879  0.561925  0.421603  0.413450  0.387957  0.610220 
30  0.585579  0.759282  0.498459  0.417259  0.319537  0.610761  0.634865  0.540239  0.546374  0.480377  0.532600  0.719517  0.478577  0.683337  0.790108  0.610111  0.354991  0.569087  0.814322  0.732792  0.633141  0.624424  0.624598  0.675311  0.469005  0.859086  0.487911  0.510243  0.670425  0.469873 0.0  0.528025  0.480246  0.310324  0.508960  0.366260  0.542249  0.488586  0.406651  0.861624  0.554849  0.529995  0.436400  0.566047  0.569122  0.523625  0.439526  0.511637  0.452029  0.561550  0.707845  0.442914  0.577348  0.362819  0.631826  0.539657  0.479527  0.374141  0.632311  0.718359  0.536577  0.405920  0.263059  0.640798  0.467965  0.581167  0.529299  0.719549  0.654258  0.615595  0.541458  0.335260  0.477075 
31  0.535274  0.671621  0.512144  0.389980  0.439442  0.596486  0.723030  0.554853  0.552741  0.516197  0.544980  0.842894  0.465774  0.451242  0.690542  0.703010  0.445416  0.593929  0.855786  0.747243  0.507354  0.653665  0.377368  0.623416  0.505975  0.677497  0.458200  0.535615  0.561889  0.467867  0.528025 0.0  0.538794  0.404646  0.506786  0.501444  0.409406  0.611852  0.405105  0.870563  0.502326  0.614191  0.531604  0.358536  0.530988  0.532494  0.473017  0.588571  0.381521  0.610956  0.620788  0.172767  0.588219  0.289887  0.672924  0.544372  0.584923  0.398415  0.522182  0.789130  0.370328  0.548418  0.423788  0.735712  0.454536  0.552756  0.509393  0.605817  0.658541  0.471395  0.592456  0.514076  0.531579 
32  0.404928  0.619205  0.592242  0.362855  0.534552  0.591245  0.568481  0.495307  0.429391  0.560856  0.363087  0.590642  0.507519  0.402992  0.740805  0.706884  0.561608  0.488980  0.833558  0.740075  0.593781  0.508882  0.628460  0.768727  0.424618  0.834482  0.319134  0.394321  0.492788  0.335493  0.480246  0.538794 0.0  0.583891  0.307796  0.492785  0.466524  0.471465  0.540523  0.796170  0.477127  0.492739  0.507345  0.580767  0.579430  0.609607  0.595129  0.521519  0.555887  0.385201  0.687381  0.471674  0.559854  0.479645  0.519536  0.518423  0.442635  0.410164  0.535108  0.593617  0.401333  0.296682  0.491781  0.799883  0.311947  0.433886  0.545074  0.538106  0.594891  0.565353  0.444648  0.431703  0.463956 
33  0.523483  0.665241  0.497169  0.480401  0.339419  0.598947  0.758495  0.560818  0.540323  0.540493  0.556325  0.738357  0.533769  0.547506  0.862374  0.791394  0.429756  0.534253  0.941552  0.773344  0.677719  0.665121  0.593896  0.671501  0.557870  0.800382  0.524854  0.518819  0.536407  0.510859  0.310324  0.404646  0.583891 0.0  0.499176  0.501367  0.388771  0.503295  0.396529  0.852251  0.536756  0.511220  0.665463  0.481321  0.667521  0.513119  0.532696  0.571561  0.459935  0.412361  0.855607  0.525398  0.454588  0.525187  0.657807  0.616393  0.636689  0.481962  0.785348  0.659281  0.508932  0.630665  0.357472  0.830203  0.575026  0.628133  0.501932  0.571532  0.772854  0.545227  0.517542  0.495197  0.581450 
34  0.556321  0.598100  0.404697  0.331264  0.519651  0.576702  0.614640  0.505266  0.381585  0.368758  0.478660  0.603021  0.469307  0.525086  0.678648  0.624531  0.448600  0.572879  0.893966  0.759989  0.471305  0.568306  0.473295  0.690442  0.364755  0.724013  0.311935  0.434821  0.520351  0.338705  0.508960  0.506786  0.307796  0.499176 0.0  0.626366  0.467775  0.549441  0.592076  0.840864  0.427987  0.443989  0.363732  0.466922  0.552645  0.570593  0.422424  0.621225  0.459132  0.459873  0.693266  0.414522  0.599048  0.502219  0.558820  0.490751  0.424729  0.431314  0.479093  0.566217  0.387104  0.426167  0.507722  0.745380  0.371402  0.556819  0.551025  0.540313  0.526777  0.470312  0.462232  0.535122  0.604650 
35  0.500370  0.758165  0.518893  0.406031  0.541821  0.539606  0.743558  0.539569  0.545629  0.607608  0.494453  0.649374  0.468048  0.445796  0.660959  0.622690  0.474287  0.559303  0.848797  0.656556  0.754629  0.658092  0.548025  0.592436  0.512823  0.759512  0.534812  0.601007  0.614750  0.603603  0.366260  0.501444  0.492785  0.501367  0.626366 0.0  0.522403  0.549544  0.594201  0.902113  0.454931  0.543462  0.603610  0.487061  0.640192  0.391777  0.676844  0.509317  0.580541  0.534728  0.765573  0.554713  0.444092  0.450668  0.740078  0.651196  0.647331  0.470099  0.572165  0.624343  0.490628  0.583211  0.461278  0.693130  0.600037  0.664952  0.361293  0.588631  0.751471  0.562536  0.627215  0.512482  0.539798 
36  0.459272  0.640665  0.364329  0.525060  0.522813  0.622676  0.649872  0.456192  0.390644  0.348713  0.577335  0.634320  0.444623  0.411507  0.620992  0.707177  0.503893  0.546217  0.723883  0.655502  0.592988  0.511163  0.545326  0.551179  0.372781  0.714084  0.498041  0.513937  0.433173  0.513722  0.542249  0.409406  0.466524  0.388771  0.467775  0.522403 0.0  0.575474  0.423884  0.831043  0.395039  0.529264  0.521095  0.300933  0.415674  0.599342  0.302735  0.721261  0.367099  0.441200  0.652603  0.442612  0.574991  0.492447  0.506627  0.481056  0.506720  0.532263  0.494529  0.581337  0.370285  0.421123  0.541111  0.691844  0.390882  0.622047  0.565276  0.508060  0.669721  0.447588  0.445086  0.556958  0.602120 
37  0.530563  0.553486  0.465257  0.585132  0.522623  0.563766  0.542439  0.542433  0.442429  0.360470  0.486308  0.730658  0.465836  0.448467  0.714889  0.718852  0.461507  0.444978  0.886784  0.684811  0.487774  0.555840  0.426827  0.640221  0.436616  0.792277  0.492025  0.557222  0.503385  0.432026  0.488586  0.611852  0.471465  0.503295  0.549441  0.549544  0.575474 0.0  0.508784  0.848277  0.573940  0.478544  0.581797  0.522908  0.505996  0.552454  0.474825  0.670533  0.408935  0.522324  0.699544  0.471480  0.567781  0.481619  0.564364  0.525562  0.499517  0.587870  0.597253  0.501314  0.528658  0.571353  0.440956  0.749231  0.537616  0.737917  0.588763  0.578084  0.570108  0.470871  0.499500  0.577228  0.529854 
38  0.513103  0.631603  0.578060  0.448764  0.356999  0.605381  0.668882  0.672330  0.518723  0.574539  0.464298  0.790639  0.213482  0.558648  0.773740  0.697491  0.373497  0.628294  0.956957  0.804218  0.532951  0.685242  0.610483  0.573295  0.555731  0.820513  0.478086  0.626819  0.546422  0.481378  0.406651  0.405105  0.540523  0.396529  0.592076  0.594201  0.423884  0.508784 0.0  0.849149  0.545436  0.602775  0.649870  0.522102  0.467964  0.525027  0.526414  0.593892  0.479422  0.447464  0.780688  0.492488  0.573416  0.415624  0.561781  0.632037  0.624475  0.318361  0.544297  0.648977  0.375065  0.475892  0.419351  0.708413  0.532884  0.630093  0.605715  0.660803  0.512999  0.507072  0.398188  0.370226  0.544125 
39  0.730557  0.665940  0.875981  0.826826  0.845520  0.915578  0.887791  0.802579  0.783798  0.792557  0.887822  0.805797  0.824457  0.773360  0.833225  0.799055  0.905274  0.805847  0.395594  0.914321  0.827882  0.825439  0.904745  0.799286  0.845032  0.434575  0.841702  0.778668  0.868937  0.803084  0.861624  0.870563  0.796170  0.852251  0.840864  0.902113  0.831043  0.848277  0.849149 0.0  0.816426  0.881815  0.716499  0.777228  0.936198  1.000000  0.761039  0.738204  0.740989  0.808474  0.871367  0.819992  0.902745  0.731775  0.643832  0.807267  0.783043  0.953628  0.832039  0.618718  0.815887  0.879232  0.790675  0.871149  0.853050  0.545702  0.740841  0.850453  0.862399  0.860706  0.843182  0.990787  0.818436 
40  0.480911  0.692810  0.366573  0.465151  0.467689  0.516179  0.620880  0.475298  0.463566  0.455302  0.543678  0.684870  0.564401  0.498680  0.703254  0.755263  0.578342  0.551848  0.815742  0.738723  0.655886  0.750701  0.546089  0.696741  0.305325  0.806657  0.499599  0.435040  0.427923  0.436283  0.554849  0.502326  0.477127  0.536756  0.427987  0.454931  0.395039  0.573940  0.545436  0.816426 0.0  0.559941  0.620024  0.413328  0.601168  0.699041  0.373783  0.658685  0.301925  0.339072  0.672198  0.483328  0.602495  0.449324  0.451857  0.460796  0.431458  0.569654  0.503499  0.473901  0.276304  0.395353  0.552039  0.717108  0.305983  0.455810  0.525770  0.590619  0.459799  0.371306  0.404416  0.581586  0.503222 
41  0.695973  0.686237  0.486940  0.658972  0.607930  0.519423  0.421844  0.525004  0.438149  0.394730  0.326648  0.662636  0.562171  0.390425  0.602478  0.792222  0.593382  0.424763  0.901314  0.652653  0.361925  0.637925  0.585361  0.619562  0.386379  0.754438  0.545863  0.409140  0.526013  0.474374  0.529995  0.614191  0.492739  0.511220  0.443989  0.543462  0.529264  0.478544  0.602775  0.881815  0.559941 0.0  0.546781  0.451730  0.578814  0.720968  0.507069  0.695376  0.563356  0.418656  0.754991  0.491146  0.458538  0.532657  0.504189  0.387469  0.450283  0.714448  0.618832  0.347687  0.449488  0.388111  0.584270  0.688772  0.413507  0.568417  0.600766  0.595225  0.693321  0.471116  0.353034  0.540168  0.456529 
42  0.500717  0.702959  0.488696  0.470990  0.551660  0.552686  0.467118  0.607459  0.525756  0.510678  0.643962  0.623029  0.507992  0.539483  0.835140  0.781419  0.548814  0.562855  0.716134  0.776017  0.746916  0.768110  0.659803  0.576554  0.461502  0.771834  0.290451  0.616414  0.534547  0.415091  0.436400  0.531604  0.507345  0.665463  0.363732  0.603610  0.521095  0.581797  0.649870  0.716499  0.620024  0.546781 0.0  0.507965  0.766940  0.587552  0.494921  0.676372  0.561242  0.400688  0.707115  0.423595  0.724342  0.432725  0.480228  0.470665  0.491959  0.660079  0.610630  0.535816  0.321813  0.435464  0.620160  0.776223  0.457434  0.678608  0.653080  0.482279  0.492084  0.504478  0.507141  0.596661  0.645409 
43  0.514540  0.673491  0.557260  0.430369  0.441475  0.565920  0.647958  0.498397  0.475150  0.553949  0.644176  0.735365  0.480924  0.435481  0.674237  0.773039  0.566341  0.632935  0.873589  0.720809  0.586813  0.677190  0.575854  0.596380  0.419873  0.898209  0.392765  0.546304  0.521043  0.305230  0.566047  0.358536  0.580767  0.481321  0.466922  0.487061  0.300933  0.522908  0.522102  0.777228  0.413328  0.451730  0.507965 0.0  0.471093  0.455268  0.446085  0.721485  0.435528  0.530001  0.661181  0.425981  0.595341  0.390136  0.531323  0.500885  0.446235  0.548430  0.469913  0.586339  0.550852  0.303874  0.439464  0.611728  0.448174  0.470221  0.561797  0.603200  0.571388  0.546137  0.597049  0.547943  0.577186 
44  0.612232  0.554230  0.484468  0.497149  0.499218  0.600556  0.662611  0.572151  0.441339  0.447724  0.411141  0.705963  0.560075  0.441182  0.698316  0.713653  0.676665  0.319083  0.843292  0.783454  0.521024  0.612544  0.475169  0.588444  0.595519  0.889217  0.381807  0.324260  0.526837  0.566528  0.569122  0.530988  0.579430  0.667521  0.552645  0.640192  0.415674  0.505996  0.467964  0.936198  0.601168  0.578814  0.766940  0.471093 0.0  0.829089  0.524095  0.699543  0.554729  0.571709  0.674910  0.527699  0.611029  0.569928  0.561805  0.465860  0.528819  0.706687  0.622876  0.530340  0.414138  0.530801  0.635340  0.732306  0.505393  0.570068  0.595732  0.377470  0.537066  0.524199  0.508895  0.492243  0.422954 
45  0.523130  0.651695  0.631085  0.595861  0.508763  0.639412  0.813695  0.631176  0.572272  0.494719  0.614028  0.606222  0.538505  0.578832  0.714152  0.685900  0.570234  0.606192  0.898296  0.834721  0.713013  0.627037  0.598871  0.621468  0.524362  0.845065  0.688603  0.568756  0.563884  0.569311  0.523625  0.532494  0.609607  0.513119  0.570593  0.391777  0.599342  0.552454  0.525027  1.000000  0.699041  0.720968  0.587552  0.455268  0.829089 0.0  0.599321  0.672550  0.641556  0.623030  0.836709  0.466556  0.532660  0.549123  0.744389  0.536623  0.682723  0.594574  0.590654  0.665718  0.593249  0.555491  0.423865  0.695415  0.675790  0.545954  0.363724  0.785540  0.646993  0.628049  0.729603  0.505894  0.596332 
46  0.519339  0.648494  0.510668  0.435810  0.443477  0.630453  0.677942  0.535784  0.578623  0.422723  0.526440  0.605523  0.259302  0.430675  0.663921  0.754212  0.534091  0.529345  0.798777  0.730488  0.543940  0.612506  0.650161  0.646823  0.445420  0.773071  0.388533  0.693540  0.460589  0.436654  0.439526  0.473017  0.595129  0.532696  0.422424  0.676844  0.302735  0.474825  0.526414  0.761039  0.373783  0.507069  0.494921  0.446085  0.524095  0.599321 0.0  0.689941  0.582109  0.414657  0.547751  0.391069  0.767644  0.340350  0.513570  0.366060  0.553246  0.450554  0.633570  0.526859  0.470322  0.391107  0.433888  0.718783  0.488908  0.482554  0.691930  0.460495  0.517652  0.452743  0.567815  0.411902  0.534885 
47  0.444351  0.748848  0.769351  0.650908  0.633126  0.670929  0.785418  0.565270  0.598041  0.527417  0.691319  0.637292  0.649610  0.596002  0.715345  0.666742  0.590015  0.614201  0.831935  0.510107  0.730807  0.482306  0.660585  0.435606  0.686515  0.789717  0.641397  0.608958  0.645226  0.592660  0.511637  0.588571  0.521519  0.571561  0.621225  0.509317  0.721261  0.670533  0.593892  0.738204  0.658685  0.695376  0.676372  0.721485  0.699543  0.672550  0.689941 0.0  0.570343  0.556785  0.743623  0.570747  0.559250  0.578310  0.731734  0.560461  0.562898  0.575497  0.396950  0.724498  0.579598  0.614733  0.587153  0.667568  0.582351  0.491009  0.577301  0.646366  0.801654  0.674471  0.609850  0.579668  0.717572 
48  0.589832  0.544097  0.506191  0.392592  0.498967  0.616816  0.574160  0.542800  0.408615  0.509330  0.547984  0.705448  0.426762  0.420177  0.740002  0.833474  0.572415  0.491207  0.842068  0.792121  0.614306  0.560535  0.492007  0.565653  0.283117  0.748055  0.474213  0.517249  0.574500  0.377461  0.452029  0.381521  0.555887  0.459935  0.459132  0.580541  0.367099  0.408935  0.479422  0.740989  0.301925  0.563356  0.561242  0.435528  0.554729  0.641556  0.582109  0.570343 0.0  0.369851  0.753221  0.496879  0.624501  0.490707  0.405271  0.538777  0.582628  0.427532  0.657148  0.453095  0.352364  0.354382  0.585847  0.746956  0.524977  0.562133  0.656756  0.466613  0.465733  0.494065  0.403673  0.465814  0.515906 
49  0.528234  0.734306  0.393602  0.542893  0.487669  0.611900  0.571178  0.442729  0.532953  0.595987  0.597233  0.677849  0.380773  0.535793  0.638582  0.846586  0.440858  0.471866  0.797295  0.623250  0.528847  0.628144  0.498090  0.587259  0.374287  0.695213  0.417117  0.561685  0.518973  0.471521  0.561550  0.610956  0.385201  0.412361  0.459873  0.534728  0.441200  0.522324  0.447464  0.808474  0.339072  0.418656  0.400688  0.530001  0.571709  0.623030  0.414657  0.556785  0.369851 0.0  0.735406  0.387611  0.683130  0.415279  0.415226  0.550359  0.463216  0.496325  0.565143  0.578787  0.406027  0.388003  0.433489  0.812603  0.423246  0.466388  0.627602  0.537787  0.560080  0.375069  0.537715  0.447211  0.481467 
50  0.685577  0.593655  0.724956  0.643103  0.854340  0.880892  0.773017  0.648236  0.747878  0.714588  0.701393  0.579785  0.921066  0.862149  0.526457  0.697895  0.714139  0.576051  0.769635  0.686364  0.787558  0.575524  0.700459  0.736758  0.616171  0.723190  0.584272  0.600016  0.688760  0.678935  0.707845  0.620788  0.687381  0.855607  0.693266  0.765573  0.652603  0.699544  0.780688  0.871367  0.672198  0.754991  0.707115  0.661181  0.674910  0.836709  0.547751  0.743623  0.753221  0.735406 0.0  0.640024  0.674520  0.696908  0.892832  0.615623  0.692362  0.868158  0.710687  0.800318  0.674069  0.665126  0.756550  0.597452  0.850206  0.567054  0.733157  0.743863  0.760379  0.769346  0.646654  0.741921  0.794404 
51  0.474995  0.629657  0.520712  0.456523  0.572537  0.510846  0.604574  0.537075  0.501061  0.425718  0.579408  0.635315  0.416399  0.328074  0.657219  0.739069  0.548709  0.457626  0.900824  0.673071  0.425289  0.593487  0.558805  0.577857  0.384019  0.845234  0.300871  0.580876  0.531051  0.409665  0.442914  0.172767  0.471674  0.525398  0.414522  0.554713  0.442612  0.471480  0.492488  0.819992  0.483328  0.491146  0.423595  0.425981  0.527699  0.466556  0.391069  0.570747  0.496879  0.387611  0.640024 0.0  0.483854  0.374235  0.525839  0.483202  0.436122  0.530134  0.472301  0.547914  0.375332  0.423826  0.475727  0.737771  0.386094  0.541792  0.604166  0.538113  0.623285  0.449278  0.429586  0.528236  0.487738 
52  0.549166  0.654462  0.594351  0.668060  0.555302  0.585902  0.790120  0.653546  0.602045  0.671991  0.596445  0.624394  0.522125  0.593386  0.665748  0.652473  0.580346  0.559572  0.907202  0.652412  0.702591  0.633596  0.623641  0.423673  0.553935  0.744698  0.588226  0.599777  0.625647  0.656494  0.577348  0.588219  0.559854  0.454588  0.599048  0.444092  0.574991  0.567781  0.573416  0.902745  0.602495  0.458538  0.724342  0.595341  0.611029  0.532660  0.767644  0.559250  0.624501  0.683130  0.674520  0.483854 0.0  0.702425  0.646885  0.532661  0.584286  0.619828  0.380388  0.591681  0.480820  0.419125  0.565820  0.561666  0.636158  0.660589  0.406162  0.507615  0.657624  0.550420  0.602374  0.514578  0.607605 
53  0.576379  0.574744  0.601034  0.353988  0.306470  0.544827  0.642067  0.519969  0.468396  0.521367  0.390474  0.691870  0.294428  0.567550  0.762622  0.705612  0.399493  0.506382  0.774975  0.797981  0.525740  0.567904  0.574483  0.536804  0.508914  0.840088  0.444398  0.596402  0.534121  0.459972  0.362819  0.289887  0.479645  0.525187  0.502219  0.450668  0.492447  0.481619  0.415624  0.731775  0.449324  0.532657  0.432725  0.390136  0.569928  0.549123  0.340350  0.578310  0.490707  0.415279  0.696908  0.374235  0.702425 0.0  0.539172  0.389485  0.468190  0.284589  0.641736  0.610974  0.349140  0.451839  0.213596  0.741069  0.464610  0.559892  0.571605  0.588834  0.665953  0.472898  0.547096  0.364867  0.486378 
