73
0 0.0  0.615820  0.430675  0.343803  0.449344  0.597958  0.794440  0.489996  0.468770  0.719445  0.317892  0.289025  0.530719  0.554238  0.501769  0.407225  0.302672  0.632580  0.523905  0.383290  0.386350  0.534432  0.736002  0.376883  0.586405  0.416329  0.590338  0.772155  0.615681  0.768921  0.585703  0.608323  0.668140  0.465485  0.245478  0.854336  0.420857  0.360660  0.625914  0.374262  0.452146  0.312293  0.544911  0.595031  0.458543  0.518253  0.487744  0.714307  0.334639  0.540906  0.639463  0.660988  0.639101  0.534347  0.804742  0.830820  0.660501  0.648681  0.651995  0.495621  0.781888  0.379428  0.472041  0.234644  0.187965  0.280978  0.555340  0.537391  0.620803  0.429131  0.493065  0.465467  0.557272 
1  0.615820 0.0  0.649688  0.675671  0.626269  0.608238  0.599485  0.782549  0.646881  0.638378  0.558620  0.693894  0.558777  0.480789  0.509505  0.731153  0.625486  0.614452  0.583061  0.536333  0.622256  0.685429  0.706314  0.677590  0.622184  0.593771  0.671939  0.665683  0.640980  0.488542  0.616928  0.628784  0.688342  0.613599  0.630431  0.718256  0.569428  0.638528  0.717060  0.686428  0.610777  0.641287  0.659757  0.606888  0.688933  0.462713  0.602687  0.296463  0.505700  0.633493  0.634565  0.596974  0.757198  0.732457  0.795505  0.580489  0.634257  0.656106  0.657841  0.568543  0.738021  0.645229  0.609177  0.661350  0.646669  0.555503  0.674278  0.674672  0.714229  0.450353  0.622759  0.631493  0.739827 
2  0.430675  0.649688 0.0  0.547925  0.491753  0.596923  0.770169  0.484113  0.548723  0.517274  0.507830  0.524617  0.507645  0.434239  0.366662  0.474150  0.484405  0.422050  0.624315  0.451813  0.252426  0.396159  0.783117  0.445367  0.426203  0.405204  0.529491  0.630394  0.627011  0.657237  0.258716  0.547942  0.622619  0.349407  0.372656  0.775450  0.394417  0.515434  0.439372  0.256410  0.439155  0.353020  0.523365  0.596607  0.418033  0.572370  0.410798  0.590632  0.474592  0.655833  0.627842  0.670162  0.628452  0.471437  0.793625  0.755486  0.612119  0.415971  0.585529  0.431377  0.758031  0.371770  0.295964  0.417329  0.383591  0.398400  0.355757  0.400940  0.525704  0.431384  0.244930  0.449044  0.426923 
3  0.343803  0.675671  0.547925 0.0  0.481625  0.538055  0.860629  0.478192  0.501404  0.505257  0.438682  0.450370  0.633424  0.508219  0.625459  0.414231  0.281246  0.577779  0.556192  0.265361  0.599846  0.473026  0.762703  0.257822  0.554292  0.442918  0.534203  0.696333  0.873391  0.706116  0.488967  0.388126  0.699648  0.557186  0.285377  0.837867  0.438870  0.388744  0.469563  0.630675  0.543386  0.526582  0.472436  0.519355  0.542379  0.589061  0.534152  0.662928  0.490650  0.732109  0.623084  0.655842  0.568959  0.613329  1.000000  0.796794  0.554055  0.548515  0.694311  0.646039  0.851581  0.527140  0.598146  0.540604  0.369515  0.448099  0.513479  0.585896  0.522505  0.438217  0.628849  0.471284  0.483851 
4  0.449344  0.626269  0.491753  0.481625 0.0  0.581597  0.618003  0.586463  0.468649  0.593714  0.570211  0.560068  0.282451  0.498162  0.532119  0.554131  0.495972  0.496787  0.606185  0.514580  0.418264  0.490435  0.672354  0.526355  0.506622  0.478988  0.358470  0.414060  0.646100  0.582299  0.460798  0.515629  0.459453  0.432713  0.551793  0.715456  0.440215  0.453670  0.485426  0.497910  0.533745  0.411123  0.448404  0.600910  0.513908  0.521077  0.486870  0.629368  0.484948  0.564288  0.640348  0.438129  0.446859  0.658807  0.740539  0.643786  0.575161  0.469552  0.593302  0.482603  0.791406  0.529838  0.484109  0.391243  0.404548  0.489183  0.502560  0.436841  0.658083  0.466047  0.455863  0.429259  0.610622 
5  0.597958  0.608238  0.596923  0.538055  0.581597 0.0  0.633722  0.631221  0.635225  0.556537  0.517664  0.570021  0.330877  0.565730  0.671937  0.672663  0.410353  0.484317  0.605025  0.599784  0.579016  0.515423  0.763261  0.639078  0.577266  0.603444  0.488940  0.533047  0.702874  0.615466  0.564996  0.554739  0.625983  0.636677  0.640920  0.835990  0.509170  0.633720  0.559519  0.657149  0.709297  0.559041  0.620145  0.622211  0.698895  0.455541  0.617581  0.714580  0.641173  0.672539  0.672572  0.581501  0.432300  0.603911  0.838518  0.686406  0.481501  0.689532  0.654139  0.641986  0.736934  0.651926  0.529297  0.605570  0.622759  0.547055  0.595699  0.532775  0.637248  0.625219  0.434047  0.590358  0.634664 
6  0.794440  0.599485  0.770169  0.860629  0.618003  0.633722 0.0  0.577733  0.655742  0.609024  0.783758  0.785955  0.634641  0.751241  0.712993  0.634775  0.742189  0.698484  0.612329  0.678919  0.773372  0.741513  0.666889  0.701920  0.730767  0.680164  0.551550  0.644269  0.559163  0.651126  0.580570  0.749210  0.657099  0.713977  0.862259  0.827991  0.705339  0.773998  0.647518  0.595480  0.775666  0.757768  0.714890  0.701461  0.654566  0.572187  0.722160  0.565528  0.728741  0.573633  0.558048  0.751278  0.566779  0.689162  0.769017  0.808765  0.678650  0.685119  0.641069  0.722479  0.793610  0.736296  0.680812  0.829700  0.727369  0.813944  0.744572  0.681786  0.650183  0.713850  0.752298  0.673294  0.636139 
7  0.489996  0.782549  0.484113  0.478192  0.586463  0.631221  0.577733 0.0  0.534183  0.373620  0.623634  0.447851  0.574359  0.650824  0.469048  0.492354  0.389506  0.518178  0.513178  0.558531  0.363923  0.391538  0.695238  0.456073  0.307471  0.649048  0.491676  0.564791  0.808699  0.692050  0.631745  0.481607  0.698543  0.539390  0.572389  0.884049  0.568903  0.514790  0.231893  0.420080  0.563298  0.565608  0.379319  0.480543  0.436425  0.634203  0.566547  0.679454  0.557309  0.670369  0.687146  0.556463  0.564822  0.357514  0.868863  0.725709  0.414097  0.618487  0.796623  0.521811  0.823410  0.577233  0.560392  0.520923  0.511947  0.506058  0.451668  0.533380  0.317962  0.581657  0.466962  0.404459  0.371810 
8  0.468770  0.646881  0.548723  0.501404  0.468649  0.635225  0.655742  0.534183 0.0  0.614884  0.298829  0.533807  0.564318  0.461139  0.446976  0.531183  0.417925  0.517630  0.438809  0.444266  0.457118  0.530957  0.863013  0.451815  0.476581  0.358725  0.530780  0.655981  0.585403  0.571679  0.453620  0.455403  0.606213  0.346915  0.351470  0.760931  0.380423  0.460178  0.608198  0.393789  0.454899  0.356719  0.451397  0.470044  0.509514  0.463941  0.567657  0.545067  0.443106  0.639533  0.610022  0.666757  0.613498  0.593869  0.783919  0.666749  0.511109  0.586948  0.603499  0.474530  0.741449  0.424936  0.433669  0.344196  0.503366  0.590313  0.286629  0.517873  0.519308  0.439247  0.456205  0.547824  0.621428 
9  0.719445  0.638378  0.517274  0.505257  0.593714  0.556537  0.609024  0.373620  0.614884 0.0  0.627601  0.618519  0.625036  0.611398  0.551918  0.654750  0.533936  0.242975  0.311812  0.574795  0.601519  0.402088  0.760389  0.655844  0.475649  0.429257  0.517892  0.533109  0.741634  0.638343  0.579914  0.496841  0.613434  0.616198  0.589515  0.903892  0.648033  0.536133  0.535253  0.562285  0.678899  0.517138  0.645670  0.501457  0.471592  0.450266  0.534136  0.723626  0.594425  0.729626  0.611439  0.482567  0.545173  0.604956  0.853503  0.743083  0.491786  0.609814  0.726444  0.615093  0.824889  0.561772  0.645947  0.466859  0.562962  0.689393  0.466410  0.590192  0.480146  0.538199  0.546063  0.625463  0.572456 
10  0.317892  0.558620  0.507830  0.438682  0.570211  0.517664  0.783758  0.623634  0.298829  0.627601 0.0  0.512808  0.534591  0.355298  0.448425  0.338024  0.329192  0.590442  0.611877  0.421732  0.455467  0.507474  0.802564  0.363605  0.540195  0.301982  0.467340  0.708266  0.611581  0.717136  0.455804  0.476741  0.737179  0.446548  0.474036  0.738472  0.336198  0.421615  0.590844  0.430652  0.436114  0.284108  0.479463  0.510638  0.594699  0.522328  0.554807  0.552670  0.398195  0.645316  0.568811  0.565023  0.583661  0.487637  0.793524  0.806718  0.401098  0.627701  0.650444  0.541477  0.754840  0.485550  0.404524  0.329086  0.414327  0.488336  0.469305  0.408634  0.508295  0.364978  0.395869  0.417778  0.643031 
11  0.289025  0.693894  0.524617  0.450370  0.560068  0.570021  0.785955  0.447851  0.533807  0.618519  0.512808 0.0  0.510218  0.533236  0.549171  0.350745  0.371246  0.555927  0.481257  0.393648  0.423541  0.443275  0.779680  0.332817  0.447295  0.538058  0.599587  0.617605  0.859200  0.806833  0.518828  0.439775  0.650746  0.500852  0.324322  0.803852  0.473341  0.500567  0.359721  0.578297  0.512201  0.401811  0.427409  0.474047  0.596084  0.596697  0.575638  0.701993  0.539643  0.820575  0.725163  0.593620  0.539026  0.602267  0.964521  0.648164  0.448648  0.594698  0.802392  0.561310  0.805997  0.638321  0.422822  0.564448  0.330864  0.506999  0.637249  0.602157  0.554474  0.538038  0.492874  0.656330  0.445873 
12  0.530719  0.558777  0.507645  0.633424  0.282451  0.330877  0.634641  0.574359  0.564318  0.625036  0.534591  0.510218 0.0  0.538008  0.432926  0.574036  0.631209  0.630197  0.658154  0.598406  0.490828  0.503300  0.751992  0.522154  0.527276  0.455455  0.495361  0.510309  0.666214  0.631446  0.521034  0.588032  0.672164  0.461943  0.497223  0.802376  0.536400  0.533143  0.588624  0.511956  0.509876  0.501908  0.621495  0.591918  0.505922  0.530254  0.620318  0.612486  0.480311  0.562175  0.461925  0.617684  0.571944  0.682020  0.778964  0.690563  0.619895  0.563882  0.650135  0.520752  0.773473  0.583431  0.526642  0.494146  0.584286  0.455773  0.567174  0.555212  0.582011  0.502161  0.575592  0.458694  0.652940 
13  0.554238  0.480789  0.434239  0.508219  0.498162  0.565730  0.751241  0.650824  0.461139  0.611398  0.355298  0.533236  0.538008 0.0  0.468903  0.565952  0.475626  0.664827  0.588957  0.401875  0.549354  0.653788  0.712817  0.437743  0.591411  0.465809  0.593494  0.676117  0.643826  0.775957  0.551038  0.588079  0.716665  0.412541  0.483919  0.807382  0.519611  0.470024  0.653732  0.594397  0.583910  0.447260  0.584426  0.481935  0.509401  0.571830  0.518043  0.624431  0.515581  0.570890  0.610248  0.741360  0.626681  0.593880  0.775516  0.921698  0.655014  0.645425  0.677005  0.380540  0.768578  0.432786  0.569452  0.559768  0.381195  0.376796  0.572904  0.521053  0.520484  0.532458  0.500326  0.568670  0.536679 
14  0.501769  0.509505  0.366662  0.625459  0.532119  0.671937  0.712993  0.469048  0.446976  0.551918  0.448425  0.549171  0.432926  0.468903 0.0  0.598808  0.451275  0.541228  0.483257  0.479524  0.249662  0.345993  0.698793  0.518744  0.446725  0.406818  0.516516  0.710677  0.616895  0.676731  0.434137  0.496152  0.620093  0.430171  0.486550  0.855089  0.292490  0.442228  0.378605  0.388079  0.528830  0.424961  0.491752  0.346496  0.409736  0.425246  0.307656  0.619482  0.488180  0.689451  0.585155  0.577093  0.559290  0.458345  0.856517  0.833141  0.500734  0.443471  0.600185  0.403748  0.718394  0.407361  0.366105  0.429109  0.447033  0.432415  0.235251  0.310813  0.426562  0.378973  0.312139  0.412107  0.491017 
15  0.407225  0.731153  0.474150  0.414231  0.554131  0.672663  0.634775  0.492354  0.531183  0.654750  0.338024  0.350745  0.574036  0.565952  0.598808 0.0  0.474925  0.622669  0.537343  0.348609  0.442415  0.424960  0.848225  0.384382  0.562338  0.487701  0.518168  0.550161  0.727569  0.654959  0.544460  0.628540  0.812234  0.459575  0.547987  0.889624  0.398622  0.442711  0.748187  0.551798  0.433446  0.391180  0.569125  0.457107  0.525254  0.510085  0.679763  0.687333  0.594998  0.787354  0.727659  0.679803  0.540751  0.475680  0.757143  0.797897  0.531337  0.676116  0.630967  0.582317  0.858916  0.448271  0.597936  0.459372  0.501291  0.486955  0.536188  0.625713  0.554494  0.469849  0.576521  0.469125  0.464930 
16  0.302672  0.625486  0.484405  0.281246  0.495972  0.410353  0.742189  0.389506  0.417925  0.533936  0.329192  0.371246  0.631209  0.475626  0.451275  0.474925 0.0  0.502415  0.602281  0.224796  0.496235  0.468636  0.820061  0.519252  0.552205  0.518967  0.437929  0.676468  0.758857  0.816659  0.391479  0.467094  0.762629  0.503227  0.308291  0.779601  0.451886  0.487517  0.554491  0.453929  0.450777  0.350462  0.566807  0.537526  0.398338  0.611687  0.512796  0.704804  0.433905  0.702448  0.687422  0.627766  0.600397  0.576214  0.786763  0.738098  0.496483  0.577718  0.656564  0.545377  0.793330  0.477745  0.491098  0.402889  0.360312  0.336881  0.454136  0.553337  0.543960  0.384104  0.428021  0.477909  0.478813 
17  0.632580  0.614452  0.422050  0.577779  0.496787  0.484317  0.698484  0.518178  0.517630  0.242975  0.590442  0.555927  0.630197  0.664827  0.541228  0.622669  0.502415 0.0  0.454672  0.646435  0.572839  0.441201  0.817052  0.525660  0.457925  0.547245  0.368277  0.553875  0.716563  0.748860  0.588258  0.415966  0.699032  0.531687  0.636663  0.760853  0.596082  0.631420  0.626453  0.580165  0.727928  0.617014  0.531689  0.500200  0.553681  0.611376  0.764129  0.609490  0.513872  0.667771  0.803143  0.591058  0.436745  0.630468  0.833042  0.701209  0.578899  0.747474  0.728778  0.541812  0.839859  0.509612  0.602966  0.600058  0.530443  0.552039  0.529456  0.641191  0.427803  0.607671  0.482068  0.487561  0.347864 
18  0.523905  0.583061  0.624315  0.556192  0.606185  0.605025  0.612329  0.513178  0.438809  0.311812  0.611877  0.481257  0.658154  0.588957  0.483257  0.537343  0.602281  0.454672 0.0  0.539507  0.534462  0.498192  0.713319  0.581914  0.516245  0.597674  0.541894  0.481607  0.677780  0.692490  0.511899  0.343680  0.610590  0.613686  0.636593  0.819004  0.558836  0.620955  0.538905  0.440372  0.612305  0.527592  0.513426  0.507207  0.479584  0.664453  0.614017  0.719113  0.662606  0.724390  0.722425  0.623171  0.581738  0.606068  0.893198  0.702545  0.467349  0.667487  0.708331  0.582024  0.789018  0.545677  0.665223  0.612412  0.651128  0.668972  0.593161  0.555989  0.488958  0.573676  0.476473  0.450942  0.396456 
19  0.383290  0.536333  0.451813  0.265361  0.514580  0.599784  0.678919  0.558531  0.444266  0.574795  0.421732  0.393648  0.598406  0.401875  0.479524  0.348609  0.224796  0.646435  0.539507 0.0  0.524892  0.575512  0.810313  0.411560  0.544491  0.576373  0.462082  0.669835  0.773841  0.834762  0.474782  0.564042  0.650057  0.587936  0.368705  0.872010  0.448305  0.384813  0.596174  0.537525  0.477855  0.346703  0.517577  0.430489  0.555095  0.610168  0.625644  0.688338  0.485578  0.850934  0.792251  0.658495  0.528515  0.561627  0.922817  0.722779  0.599070  0.632259  0.712759  0.495725  0.890840  0.343256  0.532899  0.483630  0.440934  0.505382  0.509082  0.566690  0.492766  0.416230  0.454856  0.469507  0.484588 
20  0.386350  0.622256  0.252426  0.599846  0.418264  0.579016  0.773372  0.363923  0.457118  0.601519  0.455467  0.423541  0.490828  0.549354  0.249662  0.442415  0.496235  0.572839  0.534462  0.524892 0.0  0.458053  0.903989  0.486832  0.527439  0.459924  0.498212  0.633880  0.612532  0.627841  0.206447  0.448379  0.678439  0.533295  0.450140  0.777106  0.484284  0.456467  0.556608  0.367464  0.475238  0.450854  0.501894  0.415376  0.435873  0.514325  0.406087  0.740466  0.393512  0.552078  0.629090  0.644402  0.565110  0.558018  0.727559  0.875164  0.469795  0.395345  0.689668  0.450417  0.795577  0.353883  0.267203  0.435857  0.431180  0.395595  0.478792  0.373106  0.432335  0.479663  0.404327  0.364782  0.466264 
21  0.534432  0.685429  0.396159  0.473026  0.490435  0.515423  0.741513  0.391538  0.530957  0.402088  0.507474  0.443275  0.503300  0.653788  0.345993  0.424960  0.468636  0.441201  0.498192  0.575512  0.458053 0.0  0.688890  0.481018  0.428122  0.523179  0.539140  0.563637  0.773846  0.762541  0.504962  0.376299  0.553128  0.637927  0.498314  0.898430  0.589848  0.657012  0.280181  0.532289  0.537494  0.666512  0.455950  0.366489  0.474964  0.626472  0.534224  0.654180  0.615685  0.680050  0.630469  0.608870  0.573218  0.502035  0.755896  0.687664  0.490787  0.629276  0.687626  0.476160  0.805131  0.547410  0.564927  0.557172  0.584053  0.554017  0.426969  0.394977  0.206816  0.568019  0.532383  0.504833  0.317336 
22  0.736002  0.706314  0.783117  0.762703  0.672354  0.763261  0.666889  0.695238  0.863013  0.760389  0.802564  0.779680  0.751992  0.712817  0.698793  0.848225  0.820061  0.817052  0.713319  0.810313  0.903989  0.688890 0.0  0.808264  0.690335  0.656726  0.615970  0.794206  0.681841  0.776299  0.676227  0.753948  0.660982  0.777457  0.728476  0.690508  0.743503  0.804414  0.750477  0.720490  0.853638  0.757976  0.878064  0.715050  0.758375  0.611654  0.758262  0.631698  0.759594  0.436742  0.804380  0.723739  0.818633  0.790705  0.665906  0.809831  0.680797  0.746179  0.698895  0.880174  0.795110  0.724003  0.821264  0.914556  0.789829  0.751930  0.629265  0.740297  0.841624  0.814127  0.766083  0.625490  0.756551 
23  0.376883  0.677590  0.445367  0.257822  0.526355  0.639078  0.701920  0.456073  0.451815  0.655844  0.363605  0.332817  0.522154  0.437743  0.518744  0.384382  0.519252  0.525660  0.581914  0.411560  0.486832  0.481018  0.808264 0.0  0.534101  0.507344  0.543484  0.751192  0.710698  0.636143  0.497932  0.591534  0.685096  0.481878  0.349832  0.870067  0.553265  0.162413  0.468137  0.405221  0.527062  0.336154  0.540406  0.457404  0.450472  0.479455  0.420667  0.650259  0.293831  0.698797  0.635500  0.591258  0.547447  0.469517  0.738684  0.839371  0.448229  0.590704  0.599616  0.484584  0.751105  0.427985  0.476833  0.462950  0.336942  0.503147  0.509739  0.442159  0.407744  0.484421  0.470711  0.406749  0.435272 
24  0.586405  0.622184  0.426203  0.554292  0.506622  0.577266  0.730767  0.307471  0.476581  0.475649  0.540195  0.447295  0.527276  0.591411  0.446725  0.562338  0.552205  0.457925  0.516245  0.544491  0.527439  0.428122  0.690335  0.534101 0.0  0.446568  0.464523  0.636619  0.746730  0.803388  0.487672  0.410117  0.664792  0.480947  0.548704  0.823445  0.565851  0.677425  0.267348  0.463990  0.563400  0.601984  0.461745  0.357016  0.470655  0.655386  0.423747  0.712385  0.551465  0.764398  0.627127  0.595334  0.519693  0.304040  0.902058  0.752649  0.574297  0.536680  0.774390  0.453817  0.893807  0.565058  0.435582  0.506201  0.528073  0.566460  0.506451  0.503487  0.507306  0.496066  0.503463  0.508129  0.375822 
25  0.416329  0.593771  0.405204  0.442918  0.478988  0.603444  0.680164  0.649048  0.358725  0.429257  0.301982  0.538058  0.455455  0.465809  0.406818  0.487701  0.518967  0.547245  0.597674  0.576373  0.459924  0.523179  0.656726  0.507344  0.446568 0.0  0.379352  0.567653  0.708880  0.649326  0.668694  0.532248  0.649057  0.335565  0.480905  0.735825  0.308293  0.452566  0.542994  0.375000  0.503148  0.397037  0.590441  0.387044  0.409347  0.562531  0.458194  0.732127  0.286604  0.631100  0.690492  0.592031  0.580215  0.638751  0.681138  0.702631  0.530742  0.584791  0.643506  0.415990  0.695460  0.438151  0.491756  0.400683  0.393714  0.379079  0.454331  0.434248  0.538042  0.404916  0.409204  0.460279  0.502425 
26  0.590338  0.671939  0.529491  0.534203  0.358470  0.488940  0.551550  0.491676  0.530780  0.517892  0.467340  0.599587  0.495361  0.593494  0.516516  0.518168  0.437929  0.368277  0.541894  0.462082  0.498212  0.539140  0.615970  0.543484  0.464523  0.379352 0.0  0.526356  0.555243  0.603278  0.550285  0.658808  0.554965  0.567818  0.635377  0.891345  0.472414  0.590571  0.485567  0.434872  0.661181  0.506406  0.530636  0.471274  0.540403  0.578558  0.544886  0.605451  0.592490  0.611747  0.585338  0.548809  0.484042  0.614804  0.864268  0.714831  0.561211  0.553649  0.680656  0.461002  0.819658  0.407970  0.542964  0.520565  0.534122  0.468975  0.443021  0.440999  0.555177  0.481846  0.395562  0.427134  0.558137 
27  0.772155  0.665683  0.630394  0.696333  0.414060  0.533047  0.644269  0.564791  0.655981  0.533109  0.708266  0.617605  0.510309  0.676117  0.710677  0.550161  0.676468  0.553875  0.481607  0.669835  0.633880  0.563637  0.794206  0.751192  0.636619  0.567653  0.526356 0.0  0.739795  0.680882  0.588450  0.613308  0.566095  0.582319  0.590702  0.864983  0.711042  0.683921  0.613049  0.698277  0.684878  0.713608  0.494933  0.692134  0.626978  0.638315  0.632107  0.745409  0.673401  0.816407  0.565503  0.357986  0.357091  0.597112  0.798401  0.698584  0.533894  0.779554  0.706356  0.630630  0.836361  0.508381  0.782086  0.630227  0.715463  0.649545  0.647018  0.616796  0.504676  0.722104  0.554181  0.555470  0.586159 
28  0.615681  0.640980  0.627011  0.873391  0.646100  0.702874  0.559163  0.808699  0.585403  0.741634  0.611581  0.859200  0.666214  0.643826  0.616895  0.727569  0.758857  0.716563  0.677780  0.773841  0.612532  0.773846  0.681841  0.710698  0.746730  0.708880  0.555243  0.739795 0.0  0.672381  0.698655  0.624920  0.592998  0.669490  0.656658  0.699032  0.701204  0.634118  0.693307  0.668059  0.776003  0.674020  0.835834  0.719306  0.669135  0.738994  0.578186  0.846199  0.643593  0.714119  0.550677  0.789190  0.698877  0.711391  0.884540  0.794427  0.718251  0.709164  0.830506  0.651555  0.763255  0.679996  0.711707  0.783803  0.681154  0.694147  0.688288  0.679566  0.723444  0.596328  0.714481  0.605356  0.739203 
29  0.768921  0.488542  0.657237  0.706116  0.582299  0.615466  0.651126  0.692050  0.571679  0.638343  0.717136  0.806833  0.631446  0.775957  0.676731  0.654959  0.816659  0.748860  0.692490  0.834762  0.627841  0.762541  0.776299  0.636143  0.803388  0.649326  0.603278  0.680882  0.672381 0.0  0.749541  0.740170  0.487253  0.680083  0.726089  0.809989  0.772057  0.757021  0.810160  0.732017  0.729516  0.609082  0.825035  0.738872  0.704965  0.483829  0.725659  0.642228  0.677671  0.639910  0.562682  0.730330  0.572776  0.854414  0.744566  0.657002  0.867982  0.736614  0.651962  0.678341  0.677405  0.630081  0.596198  0.740475  0.740963  0.697889  0.662265  0.740816  0.791484  0.737397  0.790543  0.685728  0.738115 
30  0.585703  0.616928  0.258716  0.488967  0.460798  0.564996  0.580570  0.631745  0.453620  0.579914  0.455804  0.518828  0.521034  0.551038  0.434137  0.544460  0.391479  0.588258  0.511899  0.474782  0.206447  0.504962  0.676227  0.497932  0.487672  0.668694  0.550285  0.588450  0.698655  0.749541 0.0  0.490152  0.724475  0.452247  0.371857  0.805594  0.556531  0.477662  0.468631  0.334508  0.536981  0.466558  0.549502  0.498748  0.361693  0.474969  0.432711  0.679077  0.388174  0.690985  0.660753  0.655368  0.475621  0.494261  0.771444  0.741102  0.653950  0.457835  0.607543  0.378365  0.767170  0.448322  0.355888  0.400162  0.456527  0.484577  0.341132  0.487149  0.540499  0.453246  0.492015  0.387245  0.468920 
31  0.608323  0.628784  0.547942  0.388126  0.515629  0.554739  0.749210  0.481607  0.455403  0.496841  0.476741  0.439775  0.588032  0.588079  0.496152  0.628540  0.467094  0.415966  0.343680  0.564042  0.448379  0.376299  0.753948  0.591534  0.410117  0.532248  0.658808  0.613308  0.624920  0.740170  0.490152 0.0  0.717335  0.529299  0.619722  0.851502  0.480810  0.546963  0.403939  0.633432  0.645927  0.495336  0.521180  0.568573  0.374703  0.473311  0.563460  0.765928  0.553714  0.801198  0.730877  0.518144  0.554464  0.531739  0.874975  0.809499  0.382558  0.661314  0.746394  0.318520  0.863873  0.570011  0.498337  0.551080  0.475807  0.495253  0.555881  0.493383  0.515780  0.638495  0.619935  0.442978  0.438664 
32  0.668140  0.688342  0.622619  0.699648  0.459453  0.625983  0.657099  0.698543  0.606213  0.613434  0.737179  0.650746  0.672164  0.716665  0.620093  0.812234  0.762629  0.699032  0.610590  0.650057  0.678439  0.553128  0.660982  0.685096  0.664792  0.649057  0.554965  0.566095  0.592998  0.487253  0.724475  0.717335 0.0  0.647002  0.629111  0.788897  0.637723  0.627137  0.589804  0.686490  0.784039  0.590498  0.676291  0.571900  0.644186  0.513326  0.649863  0.580748  0.749691  0.758383  0.592197  0.546049  0.530659  0.637840  0.687897  0.633150  0.671358  0.877119  0.583083  0.614951  0.793449  0.612673  0.643729  0.632661  0.687177  0.658238  0.624246  0.559511  0.643993  0.711299  0.625998  0.614694  0.656532 
33  0.465485  0.613599  0.349407  0.557186  0.432713  0.636677  0.713977  0.539390  0.346915  0.616198  0.446548  0.500852  0.461943  0.412541  0.430171  0.459575  0.503227  0.531687  0.613686  0.587936  0.533295  0.637927  0.777457  0.481878  0.480947  0.335565  0.567818  0.582319  0.669490  0.680083  0.452247  0.529299  0.647002 0.0  0.519579  0.888641  0.486359  0.449266  0.578036  0.447322  0.460594  0.406505  0.492391  0.576994  0.474098  0.449029  0.522416  0.640135  0.437541  0.754708  0.565560  0.705007  0.573601  0.493111  0.772347  0.738933  0.546704  0.624928  0.565951  0.378027  0.622815  0.315991  0.405586  0.368020  0.442815  0.288919  0.479319  0.458903  0.530679  0.383064  0.425406  0.438797  0.626096 
34  0.245478  0.630431  0.372656  0.285377  0.551793  0.640920  0.862259  0.572389  0.351470  0.589515  0.474036  0.324322  0.497223  0.483919  0.486550  0.547987  0.308291  0.636663  0.636593  0.368705  0.450140  0.498314  0.728476  0.349832  0.548704  0.480905  0.635377  0.590702  0.656658  0.726089  0.371857  0.619722  0.629111  0.519579 0.0  0.919093  0.403338  0.442211  0.532039  0.450161  0.298052  0.353600  0.473369  0.548244  0.386823  0.620257  0.425101  0.617327  0.474838  0.540706  0.772629  0.721278  0.580168  0.623731  0.853259  0.719391  0.433023  0.566029  0.644326  0.494034  0.816582  0.490248  0.518358  0.340003  0.287494  0.347577  0.403479  0.419702  0.472478  0.382927  0.450416  0.371548  0.510050 
35  0.854336  0.718256  0.775450  0.837867  0.715456  0.835990  0.827991  0.884049  0.760931  0.903892  0.738472  0.803852  0.802376  0.807382  0.855089  0.889624  0.779601  0.760853  0.819004  0.872010  0.777106  0.898430  0.690508  0.870067  0.823445  0.735825  0.891345  0.864983  0.699032  0.809989  0.805594  0.851502  0.788897  0.888641  0.919093 0.0  0.854723  0.756871  0.819885  0.749440  0.634432  0.766426  0.953323  0.821661  0.851997  0.653943  0.757688  0.758919  0.782124  0.778240  0.718127  0.857251  0.807957  0.659916  0.616627  0.666416  0.943088  0.828364  0.657051  0.750753  0.576207  0.752516  0.831451  0.821991  0.838846  0.821089  0.854816  0.836484  0.843159  0.735415  0.838553  0.691296  0.812346 
36  0.420857  0.569428  0.394417  0.438870  0.440215  0.509170  0.705339  0.568903  0.380423  0.648033  0.336198  0.473341  0.536400  0.519611  0.292490  0.398622  0.451886  0.596082  0.558836  0.448305  0.484284  0.589848  0.743503  0.553265  0.565851  0.308293  0.472414  0.711042  0.701204  0.772057  0.556531  0.480810  0.637723  0.486359  0.403338  0.854723 0.0  0.332664  0.570636  0.414153  0.526844  0.416416  0.607428  0.504896  0.475763  0.617354  0.562830  0.577998  0.321656  0.667331  0.608810  0.755210  0.536384  0.591423  0.770288  0.677477  0.530097  0.544778  0.667324  0.281153  0.764639  0.379099  0.298717  0.302858  0.426385  0.400129  0.421927  0.479437  0.606996  0.397966  0.478542  0.605086  0.550706 
37  0.360660  0.638528  0.515434  0.388744  0.453670  0.633720  0.773998  0.514790  0.460178  0.536133  0.421615  0.500567  0.533143  0.470024  0.442228  0.442711  0.487517  0.631420  0.620955  0.384813  0.456467  0.657012  0.804414  0.162413  0.677425  0.452566  0.590571  0.683921  0.634118  0.757021  0.477662  0.546963  0.627137  0.449266  0.442211  0.756871  0.332664 0.0  0.546876  0.455088  0.486818  0.377660  0.353122  0.544920  0.413296  0.572861  0.552784  0.581631  0.345448  0.781053  0.604355  0.549556  0.551558  0.530462  0.858587  0.726404  0.585905  0.524141  0.708269  0.579795  0.892587  0.352647  0.474776  0.402948  0.461408  0.483277  0.442170  0.432841  0.515410  0.511564  0.565529  0.511307  0.576077 
38  0.625914  0.717060  0.439372  0.469563  0.485426  0.559519  0.647518  0.231893  0.608198  0.535253  0.590844  0.359721  0.588624  0.653732  0.378605  0.748187  0.554491  0.626453  0.538905  0.596174  0.556608  0.280181  0.750477  0.468137  0.267348  0.542994  0.485567  0.613049  0.693307  0.810160  0.468631  0.403939  0.589804  0.578036  0.532039  0.819885  0.570636  0.546876 0.0  0.432905  0.691642  0.519023  0.327266  0.448591  0.428316  0.538245  0.468116  0.752366  0.616685  0.745390  0.740191  0.584027  0.531303  0.267671  0.907972  0.674431  0.402544  0.620068  0.634107  0.462100  0.891541  0.524701  0.475095  0.509913  0.489833  0.484325  0.470511  0.462413  0.291645  0.694203  0.448908  0.443269  0.443138 
39  0.374262  0.686428  0.256410  0.630675  0.497910  0.657149  0.595480  0.420080  0.393789  0.562285  0.430652  0.578297  0.511956  0.594397  0.388079  0.551798  0.453929  0.580165  0.440372  0.537525  0.367464  0.532289  0.720490  0.405221  0.463990  0.375000  0.434872  0.698277  0.668059  0.732017  0.334508  0.633432  0.686490  0.447322  0.450161  0.749440  0.414153  0.455088  0.432905 0.0  0.473898  0.390291  0.567206  0.390961  0.445378  0.509474  0.368072  0.506498  0.456509  0.652801  0.564456  0.540719  0.483306  0.511598  0.694171  0.641015  0.519712  0.526252  0.588997  0.315623  0.640461  0.415423  0.417906  0.417658  0.514093  0.430139  0.449279  0.422425  0.610839  0.480011  0.373774  0.352569  0.576914 
40  0.452146  0.610777  0.439155  0.543386  0.533745  0.709297  0.775666  0.563298  0.454899  0.678899  0.436114  0.512201  0.509876  0.583910  0.528830  0.433446  0.450777  0.727928  0.612305  0.477855  0.475238  0.537494  0.853638  0.527062  0.563400  0.503148  0.661181  0.684878  0.776003  0.729516  0.536981  0.645927  0.784039  0.460594  0.298052  0.634432  0.526844  0.486818  0.691642  0.473898 0.0  0.441650  0.546247  0.496120  0.577863  0.623046  0.585712  0.649628  0.389008  0.698644  0.611901  0.666982  0.565234  0.505955  0.786323  0.758537  0.565999  0.490697  0.598313  0.569310  0.798364  0.489652  0.446411  0.488489  0.500172  0.457914  0.424251  0.515925  0.525808  0.461903  0.497729  0.503103  0.586641 
41  0.312293  0.641287  0.353020  0.526582  0.411123  0.559041  0.757768  0.565608  0.356719  0.517138  0.284108  0.401811  0.501908  0.447260  0.424961  0.391180  0.350462  0.617014  0.527592  0.346703  0.450854  0.666512  0.757976  0.336154  0.601984  0.397037  0.506406  0.713608  0.674020  0.609082  0.466558  0.495336  0.590498  0.406505  0.353600  0.766426  0.416416  0.377660  0.519023  0.390291  0.441650 0.0  0.417596  0.587645  0.475288  0.518042  0.417144  0.640125  0.416605  0.662250  0.651699  0.661607  0.652289  0.537339  0.841967  0.725934  0.393935  0.602334  0.714801  0.482124  0.802385  0.343909  0.360637  0.401879  0.282205  0.407701  0.439166  0.435111  0.576822  0.403404  0.439324  0.466426  0.588186 
42  0.544911  0.659757  0.523365  0.472436  0.448404  0.620145  0.714890  0.379319  0.451397  0.645670  0.479463  0.427409  0.621495  0.584426  0.491752  0.569125  0.566807  0.531689  0.513426  0.517577  0.501894  0.455950  0.878064  0.540406  0.461745  0.590441  0.530636  0.494933  0.835834  0.825035  0.549502  0.521180  0.676291  0.492391  0.473369  0.953323  0.607428  0.353122  0.327266  0.567206  0.546247  0.417596 0.0  0.532692  0.478206  0.499498  0.535419  0.722820  0.516518  0.682461  0.748724  0.574092  0.507614  0.562772  0.804816  0.810697  0.420898  0.575722  0.725091  0.522712  0.874413  0.479134  0.433168  0.488571  0.391560  0.456464  0.603651  0.464236  0.401891  0.582195  0.515871  0.534296  0.432215 
43  0.595031  0.606888  0.596607  0.519355  0.600910  0.622211  0.701461  0.480543  0.470044  0.501457  0.510638  0.474047  0.591918  0.481935  0.346496  0.457107  0.537526  0.500200  0.507207  0.430489  0.415376  0.366489  0.715050  0.457404  0.357016  0.387044  0.471274  0.692134  0.719306  0.738872  0.498748  0.568573  0.571900  0.576994  0.548244  0.821661  0.504896  0.544920  0.448591  0.390961  0.496120  0.587645  0.532692 0.0  0.338730  0.515250  0.472846  0.670701  0.493291  0.691527  0.632198  0.607946  0.486376  0.431862  0.819007  0.849901  0.407611  0.574798  0.685751  0.576948  0.772194  0.514261  0.344473  0.592404  0.461032  0.514404  0.515468  0.282135  0.210201  0.501685  0.556611  0.375668  0.489040 
44  0.458543  0.688933  0.418033  0.542379  0.513908  0.698895  0.654566  0.436425  0.509514  0.471592  0.594699  0.596084  0.505922  0.509401  0.409736  0.525254  0.398338  0.553681  0.479584  0.555095  0.435873  0.474964  0.758375  0.450472  0.470655  0.409347  0.540403  0.626978  0.669135  0.704965  0.361693  0.374703  0.644186  0.474098  0.386823  0.851997  0.475763  0.413296  0.428316  0.445378  0.577863  0.475288  0.478206  0.338730 0.0  0.520072  0.261859  0.641665  0.452320  0.733455  0.677788  0.562162  0.518272  0.556373  0.854679  0.821629  0.431731  0.527298  0.655521  0.484530  0.957994  0.495294  0.380538  0.443008  0.403344  0.497218  0.500211  0.537883  0.409531  0.675023  0.478805  0.333498  0.496196 
45  0.518253  0.462713  0.572370  0.589061  0.521077  0.455541  0.572187  0.634203  0.463941  0.450266  0.522328  0.596697  0.530254  0.571830  0.425246  0.510085  0.611687  0.611376  0.664453  0.610168  0.514325  0.626472  0.611654  0.479455  0.655386  0.562531  0.578558  0.638315  0.738994  0.483829  0.474969  0.473311  0.513326  0.449029  0.620257  0.653943  0.617354  0.572861  0.538245  0.509474  0.623046  0.518042  0.499498  0.515250  0.520072 0.0  0.667110  0.575697  0.461283  0.490382  0.519516  0.529202  0.646539  0.744257  0.582357  0.641989  0.523563  0.583894  0.572389  0.549327  0.877294  0.627719  0.633321  0.663401  0.435323  0.519727  0.643456  0.601398  0.710072  0.650637  0.443720  0.583500  0.596944 
46  0.487744  0.602687  0.410798  0.534152  0.486870  0.617581  0.722160  0.566547  0.567657  0.534136  0.554807  0.575638  0.620318  0.518043  0.307656  0.679763  0.512796  0.764129  0.614017  0.625644  0.406087  0.534224  0.758262  0.420667  0.423747  0.458194  0.544886  0.632107  0.578186  0.725659  0.432711  0.563460  0.649863  0.522416  0.425101  0.757688  0.562830  0.552784  0.468116  0.368072  0.585712  0.417144  0.535419  0.472846  0.261859  0.667110 0.0  0.653038  0.541044  0.644261  0.698019  0.705912  0.532261  0.504981  0.756779  0.806894  0.464788  0.470750  0.628439  0.527144  0.760017  0.393907  0.347211  0.443584  0.505311  0.476870  0.397703  0.425400  0.529255  0.463190  0.495128  0.300341  0.478754 
47  0.714307  0.296463  0.590632  0.662928  0.629368  0.714580  0.565528  0.679454  0.545067  0.723626  0.552670  0.701993  0.612486  0.624431  0.619482  0.687333  0.704804  0.609490  0.719113  0.688338  0.740466  0.654180  0.631698  0.650259  0.712385  0.732127  0.605451  0.745409  0.846199  0.642228  0.679077  0.765928  0.580748  0.640135  0.617327  0.758919  0.577998  0.581631  0.752366  0.506498  0.649628  0.640125  0.722820  0.670701  0.641665  0.575697  0.653038 0.0  0.630583  0.672733  0.605277  0.780289  0.632394  0.810317  0.799268  0.772782  0.724315  0.871594  0.658390  0.430105  0.688104  0.557312  0.647420  0.640670  0.662201  0.654259  0.650132  0.654647  0.709375  0.581927  0.640165  0.651098  0.787787 
48  0.334639  0.505700  0.474592  0.490650  0.484948  0.641173  0.728741  0.557309  0.443106  0.594425  0.398195  0.539643  0.480311  0.515581  0.488180  0.594998  0.433905  0.513872  0.662606  0.485578  0.393512  0.615685  0.759594  0.293831  0.551465  0.286604  0.592490  0.673401  0.643593  0.677671  0.388174  0.553714  0.749691  0.437541  0.474838  0.782124  0.321656  0.345448  0.616685  0.456509  0.389008  0.416605  0.516518  0.493291  0.452320  0.461283  0.541044  0.630583 0.0  0.708596  0.621326  0.699813  0.594136  0.656437  0.740451  0.782852  0.477579  0.525924  0.671425  0.476760  0.743948  0.465903  0.345341  0.384880  0.507604  0.451152  0.558311  0.406386  0.567440  0.431434  0.357549  0.487733  0.440540 
49  0.540906  0.633493  0.655833  0.732109  0.564288  0.672539  0.573633  0.670369  0.639533  0.729626  0.645316  0.820575  0.562175  0.570890  0.689451  0.787354  0.702448  0.667771  0.724390  0.850934  0.552078  0.680050  0.436742  0.698797  0.764398  0.631100  0.611747  0.816407  0.714119  0.639910  0.690985  0.801198  0.758383  0.754708  0.540706  0.778240  0.667331  0.781053  0.745390  0.652801  0.698644  0.662250  0.682461  0.691527  0.733455  0.490382  0.644261  0.672733  0.708596 0.0  0.588752  0.809982  0.692219  0.754091  0.627734  0.695491  0.902637  0.734433  0.544417  0.614881  0.868417  0.605964  0.766536  0.589958  0.687625  0.699275  0.655998  0.675273  0.766116  0.613138  0.740746  0.646191  0.672800 
50  0.639463  0.634565  0.627842  0.623084  0.640348  0.672572  0.558048  0.687146  0.610022  0.611439  0.568811  0.725163  0.461925  0.610248  0.585155  0.727659  0.687422  0.803143  0.722425  0.792251  0.629090  0.630469  0.804380  0.635500  0.627127  0.690492  0.585338  0.565503  0.550677  0.562682  0.660753  0.730877  0.592197  0.565560  0.772629  0.718127  0.608810  0.604355  0.740191  0.564456  0.611901  0.651699  0.748724  0.632198  0.677788  0.519516  0.698019  0.605277  0.621326  0.588752 0.0  0.647776  0.657656  0.794592  0.619204  0.651832  0.648916  0.784495  0.599664  0.663026  0.759315  0.683670  0.563736  0.780696  0.624519  0.648485  0.502059  0.549471  0.786286  0.592713  0.677302  0.661118  0.653596 
51  0.660988  0.596974  0.670162  0.655842  0.438129  0.581501  0.751278  0.556463  0.666757  0.482567  0.565023  0.593620  0.617684  0.741360  0.577093  0.679803  0.627766  0.591058  0.623171  0.658495  0.644402  0.608870  0.723739  0.591258  0.595334  0.592031  0.548809  0.357986  0.789190  0.730330  0.655368  0.518144  0.546049  0.705007  0.721278  0.857251  0.755210  0.549556  0.584027  0.540719  0.666982  0.661607  0.574092  0.607946  0.562162  0.529202  0.705912  0.780289  0.699813  0.809982  0.647776 0.0  0.418368  0.662211  0.787378  0.720627  0.558978  0.736201  0.724394  0.551505  0.921115  0.727755  0.698331  0.676059  0.599449  0.659301  0.767514  0.577860  0.570282  0.721746  0.569329  0.680606  0.603418 
52  0.639101  0.757198  0.628452  0.568959  0.446859  0.432300  0.566779  0.564822  0.613498  0.545173  0.583661  0.539026  0.571944  0.626681  0.559290  0.540751  0.600397  0.436745  0.581738  0.528515  0.565110  0.573218  0.818633  0.547447  0.519693  0.580215  0.484042  0.357091  0.698877  0.572776  0.475621  0.554464  0.530659  0.573601  0.580168  0.807957  0.536384  0.551558  0.531303  0.483306  0.565234  0.652289  0.507614  0.486376  0.518272  0.646539  0.532261  0.632394  0.594136  0.692219  0.657656  0.418368 0.0  0.604027  0.851211  0.713212  0.501838  0.627829  0.590483  0.523566  0.924079  0.631904  0.624305  0.600441  0.608215  0.561998  0.529984  0.511204  0.455664  0.562993  0.517308  0.642047  0.504784 
53  0.534347  0.732457  0.471437  0.613329  0.658807  0.603911  0.689162  0.357514  0.593869  0.604956  0.487637  0.602267  0.682020  0.593880  0.458345  0.475680  0.576214  0.630468  0.606068  0.561627  0.558018  0.502035  0.790705  0.469517  0.304040  0.638751  0.614804  0.597112  0.711391  0.854414  0.494261  0.531739  0.637840  0.493111  0.623731  0.659916  0.591423  0.530462  0.267671  0.511598  0.505955  0.537339  0.562772  0.431862  0.556373  0.744257  0.504981  0.810317  0.656437  0.754091  0.794592  0.662211  0.604027 0.0  0.722090  0.879231  0.412566  0.529918  0.684042  0.541830  0.872743  0.519444  0.559043  0.492592  0.494538  0.547267  0.490475  0.388356  0.378012  0.434991  0.546595  0.509361  0.464894 
