73
0 0.0  0.615652  0.496209  0.448391  0.679530  0.389589  0.405904  0.665546  0.595453  0.424533  0.759312  0.613245  0.647648  0.401157  0.590464  0.564446  0.424557  0.603441  0.748290  0.582990  0.434876  0.757224  0.393077  0.533626  0.443716  0.523710  0.589212  0.619763  0.570981  0.554428  0.607279  0.592522  0.474382  0.710264  0.472476  0.488835  0.735274  0.697779  0.463804  0.557069  0.527332  0.427195  0.366543  0.361566  0.618002  0.441980  0.673117  0.370473  0.840894  0.418211  0.616902  0.603891  0.499718  0.426443  0.418045  0.756815  0.473389  0.410927  0.686746  0.499103  0.567741  0.777468  0.790367  0.792955  0.781123  0.881689  0.710060  0.380864  0.586750  0.674384  0.428775  0.454008  0.510622 
1  0.615652 0.0  0.720280  0.487117  0.640946  0.555016  0.611805  0.453448  0.461892  0.802803  0.609101  0.535452  0.405455  0.678617  0.577757  0.530604  0.599515  0.706609  0.760890  0.579814  0.642596  0.816854  0.656554  0.485229  0.700295  0.492476  0.468422  0.447830  0.617887  0.733737  0.711902  0.576339  0.645382  0.793407  0.661775  0.522216  0.987254  0.832909  0.524351  0.536082  0.553775  0.473616  0.682260  0.590042  0.566922  0.673054  0.883989  0.718986  0.893161  0.764942  0.854114  0.422838  0.585029  0.550480  0.735330  0.604624  0.604824  0.818944  0.386488  0.578258  0.506502  0.734694  0.699368  0.675489  0.763630  0.679356  0.581815  0.634889  0.626166  0.679157  0.712027  0.750531  0.748572 
2  0.496209  0.720280 0.0  0.551407  0.500250  0.496315  0.429913  0.594148  0.576964  0.432026  0.650566  0.729465  0.619664  0.488963  0.632727  0.681934  0.574940  0.561348  0.739885  0.569909  0.537226  0.781326  0.502722  0.571767  0.350028  0.597631  0.653229  0.495752  0.597458  0.437873  0.443098  0.518330  0.571180  0.844846  0.423999  0.673020  0.618220  0.594706  0.645202  0.544170  0.642741  0.545228  0.417865  0.660278  0.671213  0.581985  0.693570  0.604380  0.776295  0.464233  0.539550  0.587045  0.632290  0.477969  0.551342  0.754031  0.640000  0.621838  0.644140  0.493911  0.489335  0.658074  0.667884  0.779956  0.665402  0.751964  0.651040  0.481137  0.485531  0.627957  0.534539  0.561537  0.426505 
3  0.448391  0.487117  0.551407 0.0  0.635710  0.563559  0.514238  0.629772  0.311962  0.558241  0.762447  0.645547  0.373407  0.564069  0.486640  0.666538  0.563916  0.554199  0.716108  0.444689  0.505647  0.846331  0.479313  0.372007  0.514005  0.251546  0.508441  0.600194  0.524849  0.557584  0.530191  0.508495  0.434698  0.718594  0.513302  0.568495  0.871466  0.790701  0.480176  0.600510  0.640437  0.348527  0.498946  0.546878  0.555657  0.611357  0.779292  0.484633  0.913911  0.448245  0.603483  0.514198  0.482657  0.455218  0.525618  0.641516  0.513208  0.637431  0.694010  0.515054  0.435812  0.665856  0.727972  0.823188  0.772782  0.904554  0.476761  0.562376  0.517959  0.594775  0.446182  0.684931  0.604816 
4  0.679530  0.640946  0.500250  0.635710 0.0  0.695186  0.571564  0.751379  0.575292  0.600766  0.722888  0.609227  0.701316  0.472208  0.605380  0.580512  0.740444  0.702453  0.527200  0.657290  0.523010  0.504390  0.713739  0.556464  0.626068  0.535595  0.516421  0.586406  0.502001  0.623612  0.656390  0.580031  0.679672  0.555589  0.725010  0.704080  0.627726  0.591804  0.450504  0.657281  0.638152  0.511101  0.536483  0.719554  0.682441  0.568849  0.584401  0.654520  0.690650  0.645570  0.531036  0.552900  0.622657  0.530170  0.633865  0.685003  0.612521  0.475994  0.810707  0.572241  0.638507  0.583778  0.656370  0.625699  0.622709  0.832253  0.535765  0.654848  0.651671  0.599962  0.612116  0.704384  0.700369 
5  0.389589  0.555016  0.496315  0.563559  0.695186 0.0  0.476189  0.650105  0.494241  0.295024  0.824351  0.571402  0.708068  0.497901  0.519204  0.651551  0.579116  0.596714  0.610009  0.589254  0.432697  0.824840  0.281511  0.588135  0.529430  0.596539  0.500112  0.514402  0.492431  0.554083  0.498207  0.488737  0.539882  0.729896  0.255129  0.460166  0.646863  0.793862  0.533883  0.504592  0.499824  0.599937  0.389838  0.454905  0.525645  0.365061  0.774405  0.447889  0.754119  0.409381  0.572430  0.553887  0.585317  0.466383  0.403641  0.860011  0.628332  0.611544  0.684595  0.417296  0.696602  0.696492  0.707412  0.927653  0.734716  0.841336  0.499271  0.281871  0.422954  0.660137  0.536816  0.475178  0.520919 
6  0.405904  0.611805  0.429913  0.514238  0.571564  0.476189 0.0  0.606424  0.554842  0.386648  0.616663  0.506518  0.477823  0.288281  0.551359  0.574813  0.371092  0.571589  0.482829  0.442891  0.333259  0.632054  0.458208  0.473607  0.671988  0.521429  0.404233  0.460467  0.325781  0.554486  0.630005  0.420272  0.508023  0.631892  0.371191  0.314217  0.743645  0.695178  0.450738  0.490862  0.374974  0.452251  0.507367  0.406095  0.535108  0.447709  0.674161  0.418622  0.726715  0.452533  0.746331  0.473386  0.429281  0.450586  0.578786  0.699334  0.411155  0.611504  0.756187  0.489144  0.602857  0.544134  0.623176  0.832389  0.772608  0.906735  0.386315  0.466867  0.586280  0.461165  0.453532  0.393690  0.595194 
7  0.665546  0.453448  0.594148  0.629772  0.751379  0.650105  0.606424 0.0  0.489687  0.705846  0.443070  0.638511  0.524503  0.568309  0.609511  0.586409  0.610441  0.747064  0.691600  0.649746  0.540686  0.862356  0.639703  0.607514  0.770511  0.567740  0.510418  0.585450  0.693825  0.664284  0.756808  0.561719  0.627668  0.871310  0.739195  0.506906  0.856777  0.760656  0.509017  0.741865  0.563666  0.456408  0.714096  0.748723  0.617021  0.568065  0.844539  0.560954  0.724383  0.667268  0.710824  0.468991  0.471393  0.676983  0.704267  0.781613  0.627967  0.703510  0.647806  0.507299  0.447068  0.801000  0.700081  0.849958  0.609064  0.854296  0.621327  0.705843  0.701236  0.628884  0.602612  0.707838  0.677350 
8  0.595453  0.461892  0.576964  0.311962  0.575292  0.494241  0.554842  0.489687 0.0  0.479638  0.661601  0.418170  0.358092  0.456009  0.403222  0.428052  0.424077  0.616917  0.604775  0.471031  0.516378  0.722780  0.508539  0.576626  0.535274  0.394577  0.422374  0.485097  0.550667  0.525334  0.621212  0.529565  0.409789  0.680699  0.501100  0.462639  0.826632  0.734681  0.332523  0.503153  0.522215  0.451915  0.530889  0.539970  0.423376  0.500412  0.663796  0.584079  0.872429  0.385606  0.642434  0.447880  0.389170  0.416675  0.506038  0.643796  0.441114  0.667827  0.582632  0.398651  0.427758  0.643320  0.663146  0.833916  0.711692  0.726037  0.469755  0.512144  0.548563  0.549202  0.495796  0.552133  0.681453 
9  0.424533  0.802803  0.432026  0.558241  0.600766  0.295024  0.386648  0.705846  0.479638 0.0  0.764624  0.614668  0.531658  0.517207  0.599504  0.756196  0.382007  0.584533  0.744837  0.605512  0.580695  0.728841  0.302537  0.605885  0.503598  0.534799  0.571359  0.593734  0.472533  0.406774  0.544380  0.467611  0.454789  0.707113  0.355078  0.483932  0.734535  0.739079  0.506276  0.453807  0.587958  0.496090  0.410816  0.436613  0.576560  0.332769  0.680819  0.243605  0.834525  0.523031  0.493932  0.596835  0.601571  0.537366  0.318522  0.697035  0.574092  0.499215  0.727466  0.503797  0.610539  0.708058  0.701564  0.901383  0.722516  0.832810  0.623934  0.320264  0.507689  0.641334  0.453204  0.649436  0.385251 
10  0.759312  0.609101  0.650566  0.762447  0.722888  0.824351  0.616663  0.443070  0.661601  0.764624 0.0  0.650995  0.599326  0.699756  0.727549  0.715423  0.714340  0.659222  0.702304  0.641194  0.727022  0.762218  0.702503  0.654467  0.907716  0.792962  0.712608  0.755603  0.614722  0.801404  0.737161  0.623312  0.670524  0.709232  0.674304  0.640909  0.831786  0.838499  0.667614  0.593797  0.581511  0.805540  0.836747  0.601098  0.718473  0.769687  0.718201  0.751032  0.564495  0.728475  0.762978  0.579580  0.697856  0.559031  0.834428  0.690085  0.487414  0.693560  0.615732  0.585439  0.602787  0.669681  0.616741  0.571789  0.482964  0.768984  0.625723  0.804235  0.718770  0.617348  0.671612  0.654925  0.768209 
11  0.613245  0.535452  0.729465  0.645547  0.609227  0.571402  0.506518  0.638511  0.418170  0.614668  0.650995 0.0  0.404443  0.543843  0.413431  0.474858  0.501969  0.607568  0.647944  0.549928  0.459303  0.718725  0.628308  0.605900  0.644159  0.518801  0.538682  0.501898  0.480602  0.477497  0.563424  0.513752  0.363311  0.782561  0.464385  0.507173  0.806021  0.604097  0.416599  0.463237  0.597035  0.474107  0.549393  0.654314  0.448629  0.577399  0.737244  0.599366  0.838087  0.526496  0.685683  0.426687  0.421015  0.580368  0.527868  0.641816  0.610616  0.694124  0.560480  0.475444  0.401427  0.585849  0.824425  0.782229  0.744515  0.717074  0.361923  0.470926  0.509016  0.604591  0.635741  0.658797  0.635410 
12  0.647648  0.405455  0.619664  0.373407  0.701316  0.708068  0.477823  0.524503  0.358092  0.531658  0.599326  0.404443 0.0  0.468440  0.369427  0.474094  0.576969  0.597866  0.572047  0.376558  0.543201  0.688977  0.477634  0.472281  0.560165  0.378047  0.311725  0.318172  0.408479  0.681107  0.624598  0.411961  0.461912  0.735450  0.383079  0.346636  0.755999  0.724162  0.417033  0.419842  0.635636  0.314003  0.591332  0.595157  0.380709  0.455124  0.612961  0.545339  0.792655  0.414322  0.681488  0.329110  0.442011  0.354579  0.519083  0.675351  0.414479  0.571570  0.599360  0.585276  0.299233  0.675623  0.762182  0.817028  0.736454  0.658962  0.369419  0.591400  0.528013  0.478461  0.590351  0.615274  0.573283 
13  0.401157  0.678617  0.488963  0.564069  0.472208  0.497901  0.288281  0.568309  0.456009  0.517207  0.699756  0.543843  0.468440 0.0  0.434029  0.611216  0.484826  0.660733  0.540055  0.202707  0.403125  0.612512  0.427172  0.458890  0.506679  0.549773  0.465623  0.365694  0.100461  0.688441  0.693453  0.468469  0.415971  0.714432  0.536319  0.341418  0.867699  0.627893  0.465070  0.530624  0.631869  0.504449  0.409065  0.440518  0.602443  0.510603  0.792327  0.463347  0.753415  0.396568  0.644205  0.426943  0.440099  0.207505  0.463087  0.669499  0.276438  0.598592  0.638522  0.365849  0.414489  0.579591  0.532251  0.799634  0.724536  0.873983  0.477589  0.516116  0.398477  0.473412  0.615002  0.699859  0.494135 
14  0.590464  0.577757  0.632727  0.486640  0.605380  0.519204  0.551359  0.609511  0.403222  0.599504  0.727549  0.413431  0.369427  0.434029 0.0  0.394262  0.552422  0.605173  0.722538  0.476461  0.444288  0.642457  0.555559  0.504128  0.596162  0.442504  0.317386  0.465355  0.515494  0.657592  0.707807  0.265020  0.342968  0.656221  0.646030  0.391887  0.821812  0.687076  0.471474  0.416862  0.492853  0.584840  0.546525  0.615845  0.470750  0.605598  0.766861  0.575270  0.823960  0.562668  0.710073  0.272122  0.403952  0.538345  0.612689  0.607582  0.407767  0.531896  0.489567  0.438249  0.393463  0.757467  0.651948  0.973799  0.709323  0.738128  0.347270  0.508683  0.476691  0.641290  0.478203  0.616496  0.673071 
15  0.564446  0.530604  0.681934  0.666538  0.580512  0.651551  0.574813  0.586409  0.428052  0.756196  0.715423  0.474858  0.474094  0.611216  0.394262 0.0  0.476892  0.615694  0.658260  0.599080  0.428713  0.793035  0.705874  0.410577  0.673529  0.497420  0.386117  0.351952  0.539941  0.575898  0.579276  0.400790  0.481859  0.699641  0.634833  0.543381  0.663714  0.808720  0.461944  0.477176  0.735522  0.492994  0.588082  0.611390  0.393857  0.579179  0.713533  0.570891  0.795515  0.581800  0.682169  0.409304  0.481765  0.544070  0.607693  0.745378  0.601295  0.651761  0.738535  0.533378  0.509730  0.588286  0.573682  0.842770  0.727653  1.000000  0.386063  0.671371  0.551161  0.559518  0.529128  0.741012  0.619658 
16  0.424557  0.599515  0.574940  0.563916  0.740444  0.579116  0.371092  0.610441  0.424077  0.382007  0.714340  0.501969  0.576969  0.484826  0.552422  0.476892 0.0  0.692582  0.574370  0.276464  0.357569  0.597874  0.469147  0.431010  0.543592  0.496577  0.573077  0.478420  0.374530  0.664877  0.521101  0.498785  0.457753  0.727604  0.549151  0.235439  0.783002  0.728447  0.420083  0.536901  0.303905  0.635054  0.484280  0.410077  0.463018  0.553293  0.683658  0.463512  0.761515  0.514720  0.692429  0.459371  0.484318  0.356423  0.586044  0.782005  0.392641  0.603296  0.719739  0.487088  0.388398  0.676530  0.689187  0.789783  0.717536  0.790275  0.567295  0.569296  0.523640  0.529463  0.464975  0.585745  0.540136 
17  0.603441  0.706609  0.561348  0.554199  0.702453  0.596714  0.571589  0.747064  0.616917  0.584533  0.659222  0.607568  0.597866  0.660733  0.605173  0.615694  0.692582 0.0  0.606844  0.636207  0.553869  0.577273  0.520075  0.556145  0.472304  0.674472  0.676111  0.581185  0.549284  0.433874  0.624777  0.609359  0.540659  0.643545  0.597931  0.584970  0.707306  0.719932  0.639744  0.660898  0.628661  0.707647  0.549614  0.589498  0.687714  0.557354  0.649547  0.525176  0.795240  0.579092  0.358903  0.656348  0.530978  0.654313  0.544358  0.585091  0.602056  0.319474  0.765766  0.558751  0.586800  0.641489  0.571274  0.876321  0.696512  0.830431  0.616267  0.565839  0.617895  0.647701  0.579821  0.368970  0.526042 
18  0.748290  0.760890  0.739885  0.716108  0.527200  0.610009  0.482829  0.691600  0.604775  0.744837  0.702304  0.647944  0.572047  0.540055  0.722538  0.658260  0.574370  0.606844 0.0  0.587166  0.558398  0.617360  0.759519  0.637987  0.642831  0.575847  0.552583  0.653313  0.508395  0.709443  0.798978  0.682845  0.669502  0.698272  0.718105  0.626789  0.470964  0.644559  0.561338  0.726625  0.603085  0.683813  0.806209  0.783242  0.558374  0.630778  0.535276  0.728375  0.729884  0.723480  0.725940  0.680785  0.658453  0.644692  0.605922  0.627225  0.665131  0.591050  0.721889  0.621136  0.590944  0.651095  0.440789  0.709373  0.635761  0.694079  0.641947  0.550767  0.766483  0.629348  0.492172  0.786668  0.746629 
19  0.582990  0.579814  0.569909  0.444689  0.657290  0.589254  0.442891  0.649746  0.471031  0.605512  0.641194  0.549928  0.376558  0.202707  0.476461  0.599080  0.276464  0.636207  0.587166 0.0  0.364336  0.682564  0.571748  0.453171  0.542519  0.556050  0.435121  0.480145  0.209294  0.510433  0.646452  0.403883  0.499414  0.611804  0.537827  0.463123  0.780401  0.705886  0.433728  0.425120  0.444919  0.480603  0.630348  0.597689  0.468397  0.503347  0.727750  0.520379  0.895689  0.440863  0.627804  0.328843  0.394587  0.191088  0.550805  0.840526  0.344193  0.562973  0.583299  0.294929  0.440081  0.651714  0.578224  0.804919  0.590000  0.853538  0.491070  0.578762  0.582734  0.454257  0.454098  0.712596  0.610257 
20  0.434876  0.642596  0.537226  0.505647  0.523010  0.432697  0.333259  0.540686  0.516378  0.580695  0.727022  0.459303  0.543201  0.403125  0.444288  0.428713  0.357569  0.553869  0.558398  0.364336 0.0  0.668572  0.474331  0.390156  0.425202  0.436991  0.524236  0.443904  0.260877  0.531060  0.518684  0.458860  0.395783  0.637133  0.427056  0.343339  0.795076  0.665549  0.570992  0.381042  0.330376  0.473262  0.438681  0.516653  0.562920  0.418156  0.632500  0.524945  0.805563  0.454523  0.598636  0.408131  0.478614  0.296858  0.516557  0.588158  0.415005  0.628043  0.597216  0.491929  0.479797  0.524512  0.615236  0.705988  0.734168  0.790101  0.532112  0.436143  0.551159  0.553394  0.360951  0.587090  0.583761 
21  0.757224  0.816854  0.781326  0.846331  0.504390  0.824840  0.632054  0.862356  0.722780  0.728841  0.762218  0.718725  0.688977  0.612512  0.642457  0.793035  0.597874  0.577273  0.617360  0.682564  0.668572 0.0  0.841692  0.590680  0.766230  0.824187  0.804598  0.697993  0.605193  0.671259  0.830003  0.612237  0.742254  0.567196  0.716579  0.695660  0.670827  0.633321  0.700627  0.756190  0.729169  0.644674  0.820926  0.781731  0.566805  0.722644  0.576868  0.760815  0.709061  0.751824  0.775173  0.651171  0.715423  0.592947  0.795647  0.643620  0.585198  0.705776  0.717079  0.592341  0.675730  0.475753  0.690533  0.826801  0.643449  0.735672  0.648273  0.878881  0.753729  0.387101  0.639613  0.557269  0.779245 
22  0.393077  0.656554  0.502722  0.479313  0.713739  0.281511  0.458208  0.639703  0.508539  0.302537  0.702503  0.628308  0.477634  0.427172  0.555559  0.705874  0.469147  0.520075  0.759519  0.571748  0.474331  0.841692 0.0  0.462265  0.562487  0.667037  0.600346  0.631655  0.626250  0.506773  0.465652  0.467922  0.601931  0.724002  0.406900  0.520566  0.759572  0.784136  0.595806  0.567164  0.546529  0.599294  0.411852  0.465209  0.653587  0.399468  0.883721  0.424336  0.764969  0.295336  0.650010  0.646215  0.556567  0.403038  0.385666  0.793626  0.668172  0.609384  0.606591  0.502702  0.590888  0.650741  0.776411  0.896780  0.830294  0.843544  0.572021  0.352596  0.558351  0.537713  0.504218  0.580909  0.610496 
23  0.533626  0.485229  0.571767  0.372007  0.556464  0.588135  0.473607  0.607514  0.576626  0.605885  0.654467  0.605900  0.472281  0.458890  0.504128  0.410577  0.431010  0.556145  0.637987  0.453171  0.390156  0.590680  0.462265 0.0  0.553846  0.561728  0.415653  0.488057  0.430913  0.556684  0.589308  0.274309  0.290268  0.697856  0.714926  0.476186  0.672882  0.728950  0.438921  0.445457  0.436048  0.506138  0.492651  0.609987  0.552310  0.497863  0.590488  0.476675  0.710242  0.446837  0.595496  0.420964  0.442111  0.531809  0.474124  0.599709  0.439558  0.523281  0.490581  0.502019  0.479343  0.563747  0.675641  0.651691  0.637660  0.806153  0.381232  0.530085  0.578756  0.571765  0.497266  0.680669  0.553305 
24  0.443716  0.700295  0.350028  0.514005  0.626068  0.529430  0.671988  0.770511  0.535274  0.503598  0.907716  0.644159  0.560165  0.506679  0.596162  0.673529  0.543592  0.472304  0.642831  0.542519  0.425202  0.766230  0.562487  0.553846 0.0  0.545725  0.610478  0.620436  0.536210  0.514461  0.443285  0.551711  0.713573  0.728622  0.436305  0.570307  0.658858  0.868108  0.639826  0.602599  0.621590  0.574524  0.544518  0.576994  0.543360  0.551752  0.655223  0.442806  0.891753  0.575145  0.512811  0.561701  0.581423  0.602111  0.425611  0.712503  0.610703  0.461138  0.680855  0.665505  0.576171  0.634415  0.712709  0.818851  0.703473  0.845541  0.743886  0.588185  0.496411  0.669814  0.503709  0.569102  0.300216 
25  0.523710  0.492476  0.597631  0.251546  0.535595  0.596539  0.521429  0.567740  0.394577  0.534799  0.792962  0.518801  0.378047  0.549773  0.442504  0.497420  0.496577  0.674472  0.575847  0.556050  0.436991  0.824187  0.667037  0.561728  0.545725 0.0  0.515219  0.517881  0.533922  0.570994  0.604044  0.416855  0.578008  0.697433  0.587579  0.567697  0.763336  0.675573  0.333050  0.414777  0.528296  0.338657  0.553138  0.582111  0.464084  0.561529  0.762090  0.541055  0.851549  0.537253  0.620406  0.412183  0.526175  0.559991  0.548050  0.878634  0.663936  0.677442  0.638608  0.520381  0.384538  0.702103  0.675387  0.907129  0.706418  0.915847  0.443958  0.452033  0.380219  0.593227  0.580178  0.540070  0.638716 
26  0.589212  0.468422  0.653229  0.508441  0.516421  0.500112  0.404233  0.510418  0.422374  0.571359  0.712608  0.538682  0.311725  0.465623  0.317386  0.386117  0.573077  0.676111  0.552583  0.435121  0.524236  0.804598  0.600346  0.415653  0.610478  0.515219 0.0  0.469907  0.331810  0.541781  0.527441  0.470225  0.243036  0.672597  0.535341  0.554579  0.637003  0.673603  0.409912  0.362241  0.565301  0.412250  0.619637  0.650475  0.414099  0.586364  0.822943  0.414636  0.756981  0.411920  0.689252  0.523234  0.313178  0.315729  0.583888  0.760603  0.558742  0.699489  0.565140  0.574593  0.455206  0.634939  0.569277  0.830111  0.740680  0.755820  0.424734  0.554677  0.516085  0.492192  0.437791  0.594221  0.679461 
27  0.619763  0.447830  0.495752  0.600194  0.586406  0.514402  0.460467  0.585450  0.485097  0.593734  0.755603  0.501898  0.318172  0.365694  0.465355  0.351952  0.478420  0.581185  0.653313  0.480145  0.443904  0.697993  0.631655  0.488057  0.620436  0.517881  0.469907 0.0  0.444610  0.532649  0.631089  0.454694  0.493277  0.742780  0.646234  0.437296  0.692448  0.618882  0.497445  0.486836  0.507139  0.601281  0.629247  0.656512  0.412057  0.597118  0.752996  0.546272  0.878689  0.464460  0.721964  0.435372  0.482346  0.497894  0.539070  0.679680  0.460908  0.646151  0.601114  0.485418  0.429154  0.745330  0.773574  0.758904  0.667285  0.828637  0.249616  0.562571  0.502260  0.567182  0.450034  0.659129  0.695043 
28  0.570981  0.617887  0.597458  0.524849  0.502001  0.492431  0.325781  0.693825  0.550667  0.472533  0.614722  0.480602  0.408479  0.100461  0.515494  0.539941  0.374530  0.549284  0.508395  0.209294  0.260877  0.605193  0.626250  0.430913  0.536210  0.533922  0.331810  0.444610 0.0  0.631697  0.607170  0.451295  0.418651  0.702213  0.486138  0.356223  0.719959  0.746449  0.489443  0.510983  0.486000  0.508761  0.498815  0.523933  0.489013  0.484960  0.651662  0.438595  0.927172  0.289922  0.572909  0.428597  0.463941  0.352697  0.494398  0.589796  0.256690  0.613082  0.617719  0.259630  0.435957  0.558755  0.643709  0.743538  0.700295  0.838440  0.435535  0.532648  0.443994  0.544813  0.405343  0.583154  0.579943 
29  0.554428  0.733737  0.437873  0.557584  0.623612  0.554083  0.554486  0.664284  0.525334  0.406774  0.801404  0.477497  0.681107  0.688441  0.657592  0.575898  0.664877  0.433874  0.709443  0.510433  0.531060  0.671259  0.506773  0.556684  0.514461  0.570994  0.541781  0.532649  0.631697 0.0  0.432390  0.594177  0.726280  0.608153  0.497379  0.498940  0.590724  0.555586  0.594259  0.439179  0.727748  0.618804  0.486976  0.629273  0.542472  0.435027  0.557642  0.512436  0.882111  0.477623  0.398406  0.455297  0.611388  0.512724  0.483745  0.797738  0.649256  0.346498  0.626646  0.569612  0.504523  0.571229  0.555095  0.804884  0.763098  0.838161  0.657568  0.426475  0.515589  0.564749  0.594979  0.489596  0.488431 
30  0.607279  0.711902  0.443098  0.530191  0.656390  0.498207  0.630005  0.756808  0.621212  0.544380  0.737161  0.563424  0.624598  0.693453  0.707807  0.579276  0.521101  0.624777  0.798978  0.646452  0.518684  0.830003  0.465652  0.589308  0.443285  0.604044  0.527441  0.631089  0.607170  0.432390 0.0  0.528783  0.650230  0.733545  0.497168  0.631885  0.680083  0.750052  0.660608  0.631541  0.703198  0.655211  0.531974  0.801972  0.624116  0.510987  0.627048  0.462807  0.913669  0.582373  0.563524  0.535349  0.560035  0.493884  0.486925  0.763085  0.609280  0.524649  0.727120  0.540874  0.490030  0.727510  0.673354  0.869481  0.641455  0.766078  0.696634  0.504339  0.487575  0.516670  0.564901  0.455246  0.526335 
31  0.592522  0.576339  0.518330  0.508495  0.580031  0.488737  0.420272  0.561719  0.529565  0.467611  0.623312  0.513752  0.411961  0.468469  0.265020  0.400790  0.498785  0.609359  0.682845  0.403883  0.458860  0.612237  0.467922  0.274309  0.551711  0.416855  0.470225  0.454694  0.451295  0.594177  0.528783 0.0  0.305868  0.655089  0.615203  0.510303  0.736698  0.684334  0.517333  0.459235  0.472292  0.422943  0.513240  0.586564  0.342033  0.434197  0.530217  0.500794  0.820578  0.500734  0.627979  0.470422  0.499342  0.533692  0.513113  0.684973  0.517184  0.602988  0.479109  0.405033  0.360368  0.606952  0.550446  0.636636  0.669277  0.763898  0.352734  0.492636  0.516597  0.531296  0.530101  0.516343  0.459019 
32  0.474382  0.645382  0.571180  0.434698  0.679672  0.539882  0.508023  0.627668  0.409789  0.454789  0.670524  0.363311  0.461912  0.415971  0.342968  0.481859  0.457753  0.540659  0.669502  0.499414  0.395783  0.742254  0.601931  0.290268  0.713573  0.578008  0.243036  0.493277  0.418651  0.726280  0.650230  0.305868 0.0  0.668828  0.570765  0.396226  0.763856  0.719875  0.356943  0.415720  0.571074  0.568620  0.457631  0.650973  0.351354  0.650499  0.785083  0.547729  0.766461  0.369427  0.708326  0.363763  0.434575  0.443352  0.444955  0.744541  0.587792  0.562542  0.558462  0.496868  0.357926  0.551380  0.699471  0.752967  0.727703  0.787045  0.406390  0.558718  0.565541  0.478607  0.502090  0.556029  0.569477 
33  0.710264  0.793407  0.844846  0.718594  0.555589  0.729896  0.631892  0.871310  0.680699  0.707113  0.709232  0.782561  0.735450  0.714432  0.656221  0.699641  0.727604  0.643545  0.698272  0.611804  0.637133  0.567196  0.724002  0.697856  0.728622  0.697433  0.672597  0.742780  0.702213  0.608153  0.733545  0.655089  0.668828 0.0  0.758491  0.692975  0.722173  0.662624  0.610484  0.616536  0.797624  0.748784  0.768223  0.785844  0.645871  0.822796  0.591496  0.839333  0.779062  0.612869  0.840965  0.727087  0.707077  0.546137  0.778840  0.687220  0.738986  0.727009  0.688889  0.536350  0.657642  0.552835  0.554414  0.754732  0.616977  0.752987  0.575941  0.778165  0.775863  0.539118  0.732378  0.777351  0.604681 
34  0.472476  0.661775  0.423999  0.513302  0.725010  0.255129  0.371191  0.739195  0.501100  0.355078  0.674304  0.464385  0.383079  0.536319  0.646030  0.634833  0.549151  0.597931  0.718105  0.537827  0.427056  0.716579  0.406900  0.714926  0.436305  0.587579  0.535341  0.646234  0.486138  0.497379  0.497168  0.615203  0.570765  0.758491 0.0  0.599487  0.683567  0.763034  0.523973  0.609057  0.445021  0.516796  0.263141  0.516961  0.621440  0.280237  0.762291  0.409527  0.871937  0.450668  0.498795  0.557623  0.576947  0.505177  0.412299  0.767967  0.429099  0.637053  0.685313  0.530159  0.528142  0.749780  0.719978  0.785624  0.915652  0.732286  0.490893  0.285024  0.357902  0.599602  0.439891  0.615395  0.480511 
35  0.488835  0.522216  0.673020  0.568495  0.704080  0.460166  0.314217  0.506906  0.462639  0.483932  0.640909  0.507173  0.346636  0.341418  0.391887  0.543381  0.235439  0.584970  0.626789  0.463123  0.343339  0.695660  0.520566  0.476186  0.570307  0.567697  0.554579  0.437296  0.356223  0.498940  0.631885  0.510303  0.396226  0.692975  0.599487 0.0  0.682011  0.636579  0.475215  0.485597  0.311530  0.539950  0.504581  0.543109  0.450900  0.526536  0.522044  0.513760  0.753103  0.407038  0.677692  0.616666  0.384895  0.357929  0.487180  0.658471  0.428018  0.554041  0.630600  0.311906  0.551977  0.545059  0.618477  0.873483  0.642481  0.828835  0.501763  0.467345  0.484805  0.467169  0.459878  0.551727  0.504640 
36  0.735274  0.987254  0.618220  0.871466  0.627726  0.646863  0.743645  0.856777  0.826632  0.734535  0.831786  0.806021  0.755999  0.867699  0.821812  0.663714  0.783002  0.707306  0.470964  0.780401  0.795076  0.670827  0.759572  0.672882  0.658858  0.763336  0.637003  0.692448  0.719959  0.590724  0.680083  0.736698  0.763856  0.722173  0.683567  0.682011 0.0  0.788424  0.721991  0.758930  0.853696  0.831436  0.712669  0.835301  0.763501  0.689576  0.701054  0.526025  0.800316  0.821967  0.651771  0.754063  0.816821  0.697943  0.551098  0.635784  0.873503  0.761891  0.754602  0.734657  0.787741  0.551324  0.594847  0.825891  0.765276  0.960397  0.755992  0.658771  0.633351  0.629093  0.740697  0.707759  0.666095 
37  0.697779  0.832909  0.594706  0.790701  0.591804  0.793862  0.695178  0.760656  0.734681  0.739079  0.838499  0.604097  0.724162  0.627893  0.687076  0.808720  0.728447  0.719932  0.644559  0.705886  0.665549  0.633321  0.784136  0.728950  0.868108  0.675573  0.673603  0.618882  0.746449  0.555586  0.750052  0.684334  0.719875  0.662624  0.763034  0.636579  0.788424 0.0  0.748676  0.658463  0.752526  0.771586  0.676357  0.763840  0.646834  0.845642  0.282560  0.842729  0.722354  0.704212  0.696147  0.684061  0.726025  0.698418  0.824382  0.574825  0.710497  0.763142  0.752363  0.662800  0.721512  0.545971  0.657266  0.841757  0.602581  0.782012  0.687681  0.821891  0.816475  0.458991  0.664943  0.611154  0.688688 
38  0.463804  0.524351  0.645202  0.480176  0.450504  0.533883  0.450738  0.509017  0.332523  0.506276  0.667614  0.416599  0.417033  0.465070  0.471474  0.461944  0.420083  0.639744  0.561338  0.433728  0.570992  0.700627  0.595806  0.438921  0.639826  0.333050  0.409912  0.497445  0.489443  0.594259  0.660608  0.517333  0.356943  0.610484  0.523973  0.475215  0.721991  0.748676 0.0  0.433304  0.514630  0.430680  0.591163  0.665018  0.428825  0.585890  0.701857  0.527233  0.820941  0.523908  0.590137  0.299462  0.302657  0.446011  0.454502  0.663813  0.546066  0.675844  0.649028  0.414623  0.351889  0.577868  0.614616  0.822678  0.671054  0.776580  0.478234  0.460860  0.366957  0.461162  0.426164  0.547593  0.546552 
39  0.557069  0.536082  0.544170  0.600510  0.657281  0.504592  0.490862  0.741865  0.503153  0.453807  0.593797  0.463237  0.419842  0.530624  0.416862  0.477176  0.536901  0.660898  0.726625  0.425120  0.381042  0.756190  0.567164  0.445457  0.602599  0.414777  0.362241  0.486836  0.510983  0.439179  0.631541  0.459235  0.415720  0.616536  0.609057  0.485597  0.758930  0.658463  0.433304 0.0  0.458349  0.340024  0.572992  0.555333  0.416707  0.530619  0.616731  0.551314  0.858364  0.598534  0.653359  0.366486  0.496605  0.455246  0.604705  0.651065  0.475707  0.624531  0.509163  0.456197  0.360130  0.725203  0.671417  0.834720  0.731579  0.772815  0.434675  0.544513  0.519189  0.637940  0.458755  0.546594  0.622094 
40  0.527332  0.553775  0.642741  0.640437  0.638152  0.499824  0.374974  0.563666  0.522215  0.587958  0.581511  0.597035  0.635636  0.631869  0.492853  0.735522  0.303905  0.628661  0.603085  0.444919  0.330376  0.729169  0.546529  0.436048  0.621590  0.528296  0.565301  0.507139  0.486000  0.727748  0.703198  0.472292  0.571074  0.797624  0.445021  0.311530  0.853696  0.752526  0.514630  0.458349 0.0  0.580477  0.535144  0.487171  0.600037  0.684239  0.770142  0.583408  0.704336  0.507072  0.705959  0.499994  0.564124  0.576232  0.587822  0.809276  0.485989  0.472773  0.530900  0.392833  0.469833  0.627224  0.630090  0.837516  0.663959  0.677700  0.606915  0.558881  0.601840  0.759825  0.478503  0.610805  0.564427 
41  0.427195  0.473616  0.545228  0.348527  0.511101  0.599937  0.452251  0.456408  0.451915  0.496090  0.805540  0.474107  0.314003  0.504449  0.584840  0.492994  0.635054  0.707647  0.683813  0.480603  0.473262  0.644674  0.599294  0.506138  0.574524  0.338657  0.412250  0.601281  0.508761  0.618804  0.655211  0.422943  0.568620  0.748784  0.516796  0.539950  0.831436  0.771586  0.430680  0.340024  0.580477 0.0  0.494040  0.530431  0.512964  0.593451  0.803670  0.521719  0.869845  0.405043  0.733941  0.355852  0.479677  0.596731  0.522702  0.762749  0.479235  0.538513  0.680749  0.611613  0.446048  0.668862  0.751124  0.868136  0.785048  0.905811  0.502984  0.560382  0.307812  0.619663  0.543680  0.548560  0.727227 
42  0.366543  0.682260  0.417865  0.498946  0.536483  0.389838  0.507367  0.714096  0.530889  0.410816  0.836747  0.549393  0.591332  0.409065  0.546525  0.588082  0.484280  0.549614  0.806209  0.630348  0.438681  0.820926  0.411852  0.492651  0.544518  0.553138  0.619637  0.629247  0.498815  0.486976  0.531974  0.513240  0.457631  0.768223  0.263141  0.504581  0.712669  0.676357  0.591163  0.572992  0.535144  0.494040 0.0  0.471499  0.631120  0.415548  0.859787  0.287230  0.884101  0.418583  0.600394  0.588385  0.501836  0.497403  0.555961  0.775482  0.427625  0.563402  0.696314  0.455449  0.554007  0.707177  0.642610  0.971099  0.788206  0.946385  0.506867  0.210845  0.509868  0.613120  0.355032  0.571103  0.492101 
43  0.361566  0.590042  0.660278  0.546878  0.719554  0.454905  0.406095  0.748723  0.539970  0.436613  0.601098  0.654314  0.595157  0.440518  0.615845  0.611390  0.410077  0.589498  0.783242  0.597689  0.516653  0.781731  0.465209  0.609987  0.576994  0.582111  0.650475  0.656512  0.523933  0.629273  0.801972  0.586564  0.650973  0.785844  0.516961  0.543109  0.835301  0.763840  0.665018  0.555333  0.487171  0.530431  0.471499 0.0  0.701290  0.437081  0.739315  0.276080  0.788295  0.470772  0.698070  0.605710  0.626677  0.499301  0.478045  0.810711  0.558455  0.666603  0.564390  0.624904  0.646120  0.698925  0.681134  0.692845  0.677700  0.790110  0.574504  0.385747  0.591881  0.692746  0.427968  0.611414  0.590864 
44  0.618002  0.566922  0.671213  0.555657  0.682441  0.525645  0.535108  0.617021  0.423376  0.576560  0.718473  0.448629  0.380709  0.602443  0.470750  0.393857  0.463018  0.687714  0.558374  0.468397  0.562920  0.566805  0.653587  0.552310  0.543360  0.464084  0.414099  0.412057  0.489013  0.542472  0.624116  0.342033  0.351354  0.645871  0.621440  0.450900  0.763501  0.646834  0.428825  0.416707  0.600037  0.512964  0.631120  0.701290 0.0  0.592937  0.701598  0.629842  0.840747  0.506250  0.625469  0.431719  0.500252  0.479146  0.452642  0.692652  0.464172  0.548916  0.579642  0.567872  0.463874  0.706148  0.650409  0.729589  0.810604  0.752880  0.372834  0.561580  0.532550  0.603653  0.542762  0.578282  0.739911 
45  0.441980  0.673054  0.581985  0.611357  0.568849  0.365061  0.447709  0.568065  0.500412  0.332769  0.769687  0.577399  0.455124  0.510603  0.605598  0.579179  0.553293  0.557354  0.630778  0.503347  0.418156  0.722644  0.399468  0.497863  0.551752  0.561529  0.586364  0.597118  0.484960  0.435027  0.510987  0.434197  0.650499  0.822796  0.280237  0.526536  0.689576  0.845642  0.585890  0.530619  0.684239  0.593451  0.415548  0.437081  0.592937 0.0  0.603666  0.390228  0.957036  0.436053  0.544360  0.489995  0.660653  0.435097  0.398116  0.845972  0.562070  0.518573  0.712027  0.483204  0.551456  0.678062  0.750934  0.831651  0.819172  0.915708  0.630820  0.317174  0.376893  0.701834  0.526731  0.573495  0.523175 
46  0.673117  0.883989  0.693570  0.779292  0.584401  0.774405  0.674161  0.844539  0.663796  0.680819  0.718201  0.737244  0.612961  0.792327  0.766861  0.713533  0.683658  0.649547  0.535276  0.727750  0.632500  0.576868  0.883721  0.590488  0.655223  0.762090  0.822943  0.752996  0.651662  0.557642  0.627048  0.530217  0.785083  0.591496  0.762291  0.522044  0.701054  0.282560  0.701857  0.616731  0.770142  0.803670  0.859787  0.739315  0.701598  0.603666 0.0  0.818161  0.797012  0.804792  0.645549  0.649130  0.751388  0.639670  0.796265  0.562510  0.720811  0.596756  0.771495  0.612424  0.736656  0.658099  0.642554  0.708234  0.559593  0.860889  0.652508  0.840187  0.712416  0.523463  0.618949  0.500120  0.776347 
47  0.370473  0.718986  0.604380  0.484633  0.654520  0.447889  0.418622  0.560954  0.584079  0.243605  0.751032  0.599366  0.545339  0.463347  0.575270  0.570891  0.463512  0.525176  0.728375  0.520379  0.524945  0.760815  0.424336  0.476675  0.442806  0.541055  0.414636  0.546272  0.438595  0.512436  0.462807  0.500794  0.547729  0.839333  0.409527  0.513760  0.526025  0.842729  0.527233  0.551314  0.583408  0.521719  0.287230  0.276080  0.629842  0.390228  0.818161 0.0  0.788898  0.365730  0.455885  0.518328  0.532138  0.437834  0.382578  0.809776  0.378857  0.475086  0.689013  0.500130  0.610160  0.664105  0.791985  0.771817  0.733574  0.922090  0.664220  0.371001  0.435531  0.522779  0.484960  0.645651  0.507907 
48  0.840894  0.893161  0.776295  0.913911  0.690650  0.754119  0.726715  0.724383  0.872429  0.834525  0.564495  0.838087  0.792655  0.753415  0.823960  0.795515  0.761515  0.795240  0.729884  0.895689  0.805563  0.709061  0.764969  0.710242  0.891753  0.851549  0.756981  0.878689  0.927172  0.882111  0.913669  0.820578  0.766461  0.779062  0.871937  0.753103  0.800316  0.722354  0.820941  0.858364  0.704336  0.869845  0.884101  0.788295  0.840747  0.957036  0.797012  0.788898 0.0  0.890567  0.923631  0.735566  0.857618  0.814480  0.817054  0.791031  0.789474  0.923517  0.661015  0.865008  0.833732  0.658969  0.660292  0.660391  0.671456  0.720534  0.875882  0.927843  0.994200  0.658495  0.813812  0.797630  0.796510 
49  0.418211  0.764942  0.464233  0.448245  0.645570  0.409381  0.452533  0.667268  0.385606  0.523031  0.728475  0.526496  0.414322  0.396568  0.562668  0.581800  0.514720  0.579092  0.723480  0.440863  0.454523  0.751824  0.295336  0.446837  0.575145  0.537253  0.411920  0.464460  0.289922  0.477623  0.582373  0.500734  0.369427  0.612869  0.450668  0.407038  0.821967  0.704212  0.523908  0.598534  0.507072  0.405043  0.418583  0.470772  0.506250  0.436053  0.804792  0.365730  0.890567 0.0  0.614688  0.462424  0.452462  0.464352  0.372064  0.772203  0.513495  0.613526  0.548987  0.313064  0.504257  0.606005  0.732151  0.823161  0.634933  0.774920  0.493549  0.400989  0.448681  0.593802  0.402531  0.477766  0.451815 
50  0.616902  0.854114  0.539550  0.603483  0.531036  0.572430  0.746331  0.710824  0.642434  0.493932  0.762978  0.685683  0.681488  0.644205  0.710073  0.682169  0.692429  0.358903  0.725940  0.627804  0.598636  0.775173  0.650010  0.595496  0.512811  0.620406  0.689252  0.721964  0.572909  0.398406  0.563524  0.627979  0.708326  0.840965  0.498795  0.677692  0.651771  0.696147  0.590137  0.653359  0.705959  0.733941  0.600394  0.698070  0.625469  0.544360  0.645549  0.455885  0.923631  0.614688 0.0  0.573463  0.719096  0.589629  0.490116  0.721556  0.644930  0.542351  0.782963  0.591108  0.612906  0.631410  0.677433  0.772968  0.660907  0.893413  0.794293  0.603697  0.566663  0.756102  0.700690  0.545687  0.568472 
51  0.603891  0.422838  0.587045  0.514198  0.552900  0.553887  0.473386  0.468991  0.447880  0.596835  0.579580  0.426687  0.329110  0.426943  0.272122  0.409304  0.459371  0.656348  0.680785  0.328843  0.408131  0.651171  0.646215  0.420964  0.561701  0.412183  0.523234  0.435372  0.428597  0.455297  0.535349  0.470422  0.363763  0.727087  0.557623  0.616666  0.754063  0.684061  0.299462  0.366486  0.499994  0.355852  0.588385  0.605710  0.431719  0.489995  0.649130  0.518328  0.735566  0.462424  0.573463 0.0  0.420836  0.465635  0.477238  0.605250  0.456312  0.548651  0.542950  0.474521  0.396729  0.616668  0.618554  0.827243  0.751320  0.762784  0.378607  0.547863  0.469600  0.480746  0.412394  0.669175  0.498310 
52  0.499718  0.585029  0.632290  0.482657  0.622657  0.585317  0.429281  0.471393  0.389170  0.601571  0.697856  0.421015  0.442011  0.440099  0.403952  0.481765  0.484318  0.530978  0.658453  0.394587  0.478614  0.715423  0.556567  0.442111  0.581423  0.526175  0.313178  0.482346  0.463941  0.611388  0.560035  0.499342  0.434575  0.707077  0.576947  0.384895  0.816821  0.726025  0.302657  0.496605  0.564124  0.479677  0.501836  0.626677  0.500252  0.660653  0.751388  0.532138  0.857618  0.452462  0.719096  0.420836 0.0  0.401529  0.412226  0.696399  0.363393  0.661449  0.595125  0.373968  0.407100  0.653235  0.602076  0.825730  0.760065  0.712302  0.471611  0.481595  0.489800  0.514971  0.483033  0.633188  0.581959 
53  0.426443  0.550480  0.477969  0.455218  0.530170  0.466383  0.450586  0.676983  0.416675  0.537366  0.559031  0.580368  0.354579  0.207505  0.538345  0.544070  0.356423  0.654313  0.644692  0.191088  0.296858  0.592947  0.403038  0.531809  0.602111  0.559991  0.315729  0.497894  0.352697  0.512724  0.493884  0.533692  0.443352  0.546137  0.505177  0.357929  0.697943  0.698418  0.446011  0.455246  0.576232  0.596731  0.497403  0.499301  0.479146  0.435097  0.639670  0.437834  0.814480  0.464352  0.589629  0.465635  0.401529 0.0  0.595200  0.601037  0.266030  0.614545  0.602213  0.408713  0.503270  0.578965  0.748709  0.798002  0.676058  0.851224  0.438789  0.497332  0.440929  0.610076  0.305943  0.449001  0.560867 
