73
0 0.0  0.487515  0.356039  0.739958  0.420203  0.509457  0.420698  0.934298  0.542549  0.552018  0.562514  0.353915  0.732712  0.606592  0.576854  0.414753  0.520518  0.734407  0.541311  0.726975  0.540979  0.666087  0.377973  0.582049  0.625736  0.473154  0.622603  0.902947  0.507604  0.872124  0.506618  0.411063  0.757860  0.308073  0.373154  0.454020  0.430154  0.433368  0.952438  0.631843  0.532980  0.618343  0.359729  0.611466  0.387895  0.463497  0.463179  0.552708  0.542735  0.615172  0.240964  0.416245  0.891292  0.525324  0.512706  0.720968  0.492343  0.450538  0.662772  0.405841  0.529799  0.439266  0.785373  0.449280  0.697475  0.561126  0.501479  0.677032  0.411028  0.619346  0.547728  0.402440  0.476817 
1  0.487515 0.0  0.437140  0.767891  0.516813  0.455562  0.463536  0.762227  0.454518  0.517701  0.655807  0.487039  0.616464  0.717339  0.462088  0.422335  0.443688  0.665966  0.590456  0.583125  0.448966  0.561313  0.394155  0.515191  0.592286  0.415246  0.645481  0.736113  0.563578  0.793091  0.334325  0.437937  0.661112  0.503014  0.467803  0.629090  0.329796  0.461688  0.812011  0.602923  0.426120  0.597025  0.448379  0.612249  0.598173  0.517045  0.632887  0.615352  0.622021  0.580237  0.538930  0.396317  0.709494  0.362524  0.441353  0.681641  0.656679  0.391830  0.605667  0.590991  0.392183  0.413371  0.671139  0.456436  0.703450  0.510455  0.297405  0.586551  0.385090  0.629613  0.617619  0.432017  0.382211 
2  0.356039  0.437140 0.0  0.804050  0.454780  0.370148  0.595157  0.801252  0.532073  0.328821  0.651881  0.538793  0.754096  0.656820  0.581620  0.687506  0.387195  0.752740  0.521866  0.526004  0.394513  0.497002  0.354969  0.428368  0.529779  0.399195  0.746441  0.840095  0.435066  0.779377  0.484489  0.592023  0.734578  0.525448  0.494572  0.627720  0.480025  0.436419  0.786733  0.480059  0.370042  0.741228  0.461019  0.517558  0.492086  0.396426  0.561320  0.621514  0.609786  0.617442  0.472746  0.405532  0.862416  0.500544  0.433422  0.729276  0.508058  0.446721  0.518698  0.543379  0.435751  0.451886  0.564453  0.476453  0.649942  0.431277  0.424452  0.598274  0.554449  0.629500  0.504915  0.503825  0.437551 
3  0.739958  0.767891  0.804050 0.0  0.864303  0.847591  0.799450  0.581363  1.000000  0.832743  0.819118  0.784370  0.783363  0.880202  0.546972  0.992960  0.916295  0.761539  0.853227  0.732427  0.921966  0.711571  0.723491  0.894617  0.839306  0.928406  0.876857  0.564397  0.998462  0.807730  0.843950  0.791340  0.742241  0.704167  0.869582  0.746539  0.723253  0.787775  0.391276  0.772236  0.799288  0.638416  0.664350  0.833882  0.847248  0.802904  0.925456  0.691516  0.573610  0.804562  0.738830  0.765029  0.653541  0.642386  0.758543  0.580606  0.766860  0.833555  0.885417  0.757453  0.814384  0.755371  0.824052  0.786095  0.659236  0.949822  0.835934  0.931003  0.786140  0.740211  0.793323  0.791351  0.764850 
4  0.420203  0.516813  0.454780  0.864303 0.0  0.627850  0.414837  0.730843  0.480471  0.475593  0.600068  0.277268  0.692335  0.636697  0.515787  0.398878  0.535196  0.769083  0.521684  0.620560  0.452797  0.531437  0.303859  0.548461  0.635019  0.498896  0.674921  0.852136  0.430979  0.644454  0.518586  0.311095  0.660462  0.267044  0.353259  0.448153  0.493144  0.330429  0.823768  0.663185  0.432209  0.713981  0.441836  0.642706  0.331157  0.283039  0.425164  0.509907  0.476940  0.525412  0.507780  0.515147  0.824039  0.483116  0.343619  0.714560  0.505668  0.397123  0.597909  0.463141  0.328180  0.377622  0.540826  0.500326  0.712850  0.498091  0.492277  0.593538  0.415826  0.606468  0.500982  0.375196  0.388573 
5  0.509457  0.455562  0.370148  0.847591  0.627850 0.0  0.431250  0.922822  0.408630  0.285360  0.652391  0.571165  0.735715  0.668481  0.547994  0.555753  0.424784  0.739349  0.526895  0.594825  0.366298  0.646997  0.450274  0.386022  0.487643  0.572336  0.728589  0.931679  0.461497  0.705155  0.463057  0.545633  0.794709  0.516367  0.574718  0.592130  0.520936  0.571298  0.793282  0.674955  0.547477  0.838319  0.579668  0.434909  0.425278  0.479217  0.484774  0.731462  0.550402  0.420087  0.532854  0.470242  0.908929  0.474744  0.548070  0.755021  0.660765  0.521483  0.516220  0.543242  0.538462  0.557527  0.665669  0.569068  0.739527  0.342218  0.477521  0.544196  0.571832  0.669806  0.492603  0.511274  0.558138 
6  0.420698  0.463536  0.595157  0.799450  0.414837  0.431250 0.0  0.820224  0.588769  0.582096  0.611026  0.365910  0.571955  0.645674  0.568079  0.350813  0.545148  0.678755  0.712033  0.553554  0.629127  0.631658  0.439144  0.565680  0.626091  0.441569  0.715236  0.779971  0.579232  0.725145  0.505596  0.471525  0.691709  0.447680  0.343125  0.568268  0.359772  0.501686  0.908602  0.632936  0.452307  0.611671  0.373549  0.666963  0.516739  0.414569  0.320330  0.695667  0.538672  0.551644  0.468816  0.563752  0.815112  0.490731  0.494994  0.866047  0.600586  0.406583  0.664038  0.322512  0.368507  0.432630  0.662137  0.497050  0.618584  0.605269  0.545694  0.695897  0.385512  0.602187  0.627393  0.521594  0.364343 
7  0.934298  0.762227  0.801252  0.581363  0.730843  0.922822  0.820224 0.0  0.924747  0.852146  0.777608  0.854718  0.778744  0.676547  0.752152  0.887934  0.876547  0.734612  0.651225  0.778187  0.856970  0.798353  0.717498  0.861677  0.870225  0.804062  0.778230  0.661647  0.864139  0.797191  0.933082  0.934258  0.838744  0.790234  0.892141  0.590557  0.803706  0.801734  0.613328  0.849866  0.785363  0.647191  0.660281  0.967751  0.846747  0.903792  0.840788  0.762343  0.780670  0.861940  0.701382  0.739949  0.355144  0.701888  0.762501  0.443637  0.711272  0.904523  0.764191  0.878507  0.804534  0.862906  0.911459  0.820106  0.657878  0.821232  0.747468  0.784804  0.780998  0.706764  0.964086  0.730835  0.796962 
8  0.542549  0.454518  0.532073  1.000000  0.480471  0.408630  0.588769  0.924747 0.0  0.380406  0.700494  0.551989  0.765414  0.616450  0.629135  0.633714  0.375403  0.672451  0.642593  0.601454  0.427516  0.576353  0.479919  0.392611  0.473161  0.511537  0.734329  0.939502  0.541083  0.638583  0.403645  0.510189  0.704540  0.561555  0.513518  0.606464  0.504293  0.359062  0.785721  0.595174  0.553350  0.721228  0.456479  0.486780  0.484088  0.458300  0.461135  0.760752  0.681795  0.571150  0.482186  0.493269  0.983815  0.495695  0.538159  0.840548  0.592345  0.486092  0.537551  0.546794  0.544809  0.590919  0.647597  0.544134  0.668446  0.251958  0.443005  0.573249  0.604863  0.636256  0.403550  0.498458  0.473367 
9  0.552018  0.517701  0.328821  0.832743  0.475593  0.285360  0.582096  0.852146  0.380406 0.0  0.692585  0.532616  0.683934  0.607592  0.604985  0.620019  0.267624  0.673476  0.607845  0.605057  0.357855  0.634137  0.552664  0.388455  0.505530  0.471229  0.814200  0.777672  0.510774  0.663716  0.482347  0.520169  0.745939  0.363707  0.584720  0.659531  0.532382  0.503467  0.839704  0.634193  0.532187  0.751583  0.513371  0.488855  0.435493  0.550420  0.701727  0.743363  0.542648  0.547939  0.475111  0.435881  0.924007  0.569386  0.427036  0.747310  0.667089  0.517751  0.483111  0.522330  0.578734  0.530302  0.592818  0.395506  0.806150  0.431976  0.459497  0.587564  0.513225  0.622399  0.597000  0.453012  0.468615 
10  0.562514  0.655807  0.651881  0.819118  0.600068  0.652391  0.611026  0.777608  0.700494  0.692585 0.0  0.664251  0.722191  0.640914  0.519366  0.710357  0.684034  0.707822  0.717005  0.492055  0.704128  0.714188  0.552934  0.646162  0.650317  0.457115  0.658062  0.788389  0.588783  0.702393  0.715886  0.530183  0.613876  0.645836  0.520391  0.695074  0.493626  0.555549  0.793020  0.537262  0.609100  0.489605  0.462194  0.713072  0.592190  0.594459  0.534425  0.708493  0.774703  0.517411  0.602284  0.612028  0.830994  0.509072  0.530478  0.734779  0.584664  0.517328  0.548830  0.634277  0.620852  0.648029  0.390821  0.550247  0.562510  0.619977  0.664734  0.485962  0.549789  0.583252  0.625317  0.533283  0.663740 
11  0.353915  0.487039  0.538793  0.784370  0.277268  0.571165  0.365910  0.854718  0.551989  0.532616  0.664251 0.0  0.760428  0.605068  0.588729  0.456503  0.443803  0.661660  0.578259  0.641496  0.598617  0.625047  0.493002  0.590122  0.624201  0.458656  0.648208  0.757018  0.486829  0.760798  0.621420  0.371691  0.738824  0.314610  0.347486  0.452287  0.409341  0.434896  0.757395  0.590547  0.531842  0.723413  0.476735  0.556417  0.281632  0.371092  0.426286  0.439188  0.452870  0.555908  0.324385  0.489479  0.794284  0.432128  0.385546  0.764932  0.420044  0.390991  0.477410  0.430038  0.413412  0.348290  0.808431  0.416456  0.688471  0.619352  0.535986  0.550175  0.363907  0.727016  0.567064  0.533975  0.525769 
12  0.732712  0.616464  0.754096  0.783363  0.692335  0.735715  0.571955  0.778744  0.765414  0.683934  0.722191  0.760428 0.0  0.661381  0.502716  0.684320  0.625699  0.776945  0.827748  0.503014  0.745608  0.777140  0.759064  0.712939  0.776422  0.681205  0.643550  0.802123  0.763215  0.614281  0.654902  0.720781  0.667389  0.744202  0.649300  0.632449  0.653226  0.740322  0.867813  0.725864  0.667941  0.660892  0.725256  0.708122  0.754086  0.794575  0.684522  0.672769  0.753833  0.619107  0.659698  0.630270  0.776304  0.621347  0.747929  0.804326  0.716031  0.767483  0.584245  0.618938  0.657615  0.638618  0.657230  0.637044  0.651901  0.756165  0.568765  0.593111  0.642076  0.343781  0.823037  0.552205  0.728331 
13  0.606592  0.717339  0.656820  0.880202  0.636697  0.668481  0.645674  0.676547  0.616450  0.607592  0.640914  0.605068  0.661381 0.0  0.641393  0.654817  0.642762  0.649860  0.799578  0.541483  0.746553  0.750502  0.644868  0.736149  0.705470  0.661715  0.407928  0.747503  0.666412  0.649389  0.558925  0.761090  0.408312  0.705627  0.744386  0.871073  0.689845  0.733278  0.805361  0.624807  0.733621  0.580554  0.704299  0.666467  0.673655  0.702517  0.631674  0.688424  0.864499  0.546184  0.744430  0.713033  0.888186  0.653168  0.819337  0.698942  0.823214  0.661379  0.599732  0.653436  0.652339  0.613506  0.533695  0.770683  0.665838  0.677378  0.753897  0.577703  0.663155  0.623905  0.825661  0.773431  0.687565 
14  0.576854  0.462088  0.581620  0.546972  0.515787  0.547994  0.568079  0.752152  0.629135  0.604985  0.519366  0.588729  0.502716  0.641393 0.0  0.477236  0.600116  0.662479  0.651177  0.525436  0.652437  0.719283  0.497279  0.663709  0.545040  0.569960  0.484992  0.702482  0.515985  0.628147  0.565678  0.604275  0.544992  0.557322  0.652168  0.679054  0.585775  0.570913  0.747065  0.584002  0.563484  0.495777  0.538907  0.588951  0.663773  0.514019  0.573315  0.784955  0.593168  0.523818  0.502226  0.596753  0.753702  0.440051  0.563098  0.642510  0.571354  0.494900  0.652734  0.554850  0.573762  0.597852  0.558546  0.512828  0.472478  0.588875  0.377154  0.584415  0.462853  0.427241  0.677298  0.517021  0.507755 
15  0.414753  0.422335  0.687506  0.992960  0.398878  0.555753  0.350813  0.887934  0.633714  0.620019  0.710357  0.456503  0.684320  0.654817  0.477236 0.0  0.548680  0.792594  0.606880  0.823099  0.522416  0.625249  0.534197  0.576449  0.648552  0.509324  0.762729  0.864784  0.519212  0.742601  0.609328  0.430241  0.663337  0.465661  0.317918  0.544480  0.396675  0.382465  0.849944  0.626386  0.424493  0.622131  0.436719  0.574071  0.482422  0.417587  0.348177  0.542255  0.674379  0.608046  0.461022  0.458116  0.890806  0.445526  0.472211  0.757390  0.427853  0.463543  0.639444  0.368113  0.433483  0.439691  0.698387  0.520705  0.722968  0.460354  0.433133  0.631495  0.387177  0.572157  0.601322  0.436626  0.459663 
16  0.520518  0.443688  0.387195  0.916295  0.535196  0.424784  0.545148  0.876547  0.375403  0.267624  0.684034  0.443803  0.625699  0.642762  0.600116  0.548680 0.0  0.693056  0.620275  0.678991  0.306762  0.557630  0.480310  0.497913  0.515071  0.396920  0.775840  0.831445  0.495994  0.720839  0.420013  0.596800  0.811554  0.514977  0.519080  0.615416  0.620272  0.399521  0.835836  0.546523  0.510358  0.725798  0.519102  0.494304  0.610929  0.553809  0.611027  0.638830  0.592572  0.487237  0.502440  0.453104  0.948386  0.517031  0.519599  0.822658  0.516971  0.516671  0.525838  0.541799  0.557943  0.461085  0.634847  0.470026  0.676682  0.342321  0.422759  0.500923  0.525465  0.713015  0.548540  0.403621  0.525153 
17  0.734407  0.665966  0.752740  0.761539  0.769083  0.739349  0.678755  0.734612  0.672451  0.673476  0.707822  0.661660  0.776945  0.649860  0.662479  0.792594  0.693056 0.0  0.652698  0.596714  0.820611  0.836249  0.716844  0.852910  0.705599  0.728911  0.858618  0.755720  0.758649  0.714624  0.810145  0.804760  0.808981  0.863825  0.832337  0.772959  0.735364  0.808599  0.805329  0.814220  0.728485  0.693550  0.736797  0.778127  0.807147  0.704771  0.809614  0.830960  0.797981  0.590101  0.823491  0.754518  0.742156  0.716883  0.809316  0.798473  0.828883  0.814379  0.713891  0.844198  0.710951  0.716687  0.710441  0.798215  0.723215  0.818852  0.815578  0.700741  0.804622  0.759694  0.792015  0.785316  0.792110 
18  0.541311  0.590456  0.521866  0.853227  0.521684  0.526895  0.712033  0.651225  0.642593  0.607845  0.717005  0.578259  0.827748  0.799578  0.651177  0.606880  0.620275  0.652698 0.0  0.751995  0.556339  0.407290  0.563807  0.575969  0.758929  0.490533  0.840948  0.794533  0.691006  0.824129  0.633249  0.654432  0.771723  0.582930  0.598940  0.466045  0.606713  0.565587  0.889942  0.710347  0.591678  0.660143  0.472995  0.616635  0.606981  0.536770  0.730967  0.628110  0.663919  0.575328  0.529934  0.535309  0.704179  0.495574  0.598284  0.786635  0.589412  0.525020  0.691034  0.628849  0.580363  0.682701  0.661289  0.537335  0.575385  0.591694  0.526238  0.709201  0.619378  0.722588  0.627561  0.560412  0.512597 
19  0.726975  0.583125  0.526004  0.732427  0.620560  0.594825  0.553554  0.778187  0.601454  0.605057  0.492055  0.641496  0.503014  0.541483  0.525436  0.823099  0.678991  0.596714  0.751995 0.0  0.513180  0.817608  0.618539  0.562469  0.564583  0.703924  0.612155  0.749027  0.552855  0.486411  0.636749  0.533201  0.645858  0.559543  0.659477  0.804653  0.496756  0.614864  0.638956  0.460882  0.622326  0.633147  0.721557  0.603089  0.516560  0.581465  0.584687  0.823298  0.736209  0.555682  0.577219  0.652128  0.733270  0.613736  0.589445  0.591545  0.666425  0.658912  0.627177  0.573083  0.655258  0.658495  0.553730  0.503419  0.649674  0.568810  0.612259  0.622447  0.745575  0.526437  0.470033  0.637860  0.563849 
20  0.540979  0.448966  0.394513  0.921966  0.452797  0.366298  0.629127  0.856970  0.427516  0.357855  0.704128  0.598617  0.745608  0.746553  0.652437  0.522416  0.306762  0.820611  0.556339  0.513180 0.0  0.594296  0.466986  0.463491  0.534251  0.573613  0.671690  0.877447  0.566835  0.789296  0.421966  0.667283  0.821569  0.592086  0.665280  0.653918  0.554309  0.479517  0.761162  0.738831  0.542359  0.821916  0.546649  0.550310  0.706147  0.507790  0.549335  0.605547  0.676721  0.557191  0.628689  0.461023  0.878017  0.618173  0.536764  0.900897  0.654573  0.468939  0.478083  0.602732  0.527856  0.546298  0.520185  0.475940  0.730286  0.442008  0.531078  0.592040  0.498282  0.717976  0.570281  0.349452  0.472107 
21  0.666087  0.561313  0.497002  0.711571  0.531437  0.646997  0.631658  0.798353  0.576353  0.634137  0.714188  0.625047  0.777140  0.750502  0.719283  0.625249  0.557630  0.836249  0.407290  0.817608  0.594296 0.0  0.474448  0.568043  0.625514  0.436021  0.680148  0.583158  0.603179  0.844745  0.751168  0.726477  0.858657  0.532669  0.692400  0.596636  0.560526  0.501496  0.685871  0.685429  0.467979  0.727184  0.599765  0.712758  0.543752  0.618649  0.574459  0.482309  0.465511  0.569403  0.567361  0.615461  0.834807  0.633346  0.485389  0.818185  0.563302  0.486759  0.681711  0.653761  0.542260  0.623281  0.790463  0.576536  0.666270  0.713299  0.626507  0.733981  0.589521  0.797516  0.605923  0.465788  0.518590 
22  0.377973  0.394155  0.354969  0.723491  0.303859  0.450274  0.439144  0.717498  0.479919  0.552664  0.552934  0.493002  0.759064  0.644868  0.497279  0.534197  0.480310  0.716844  0.563807  0.618539  0.466986  0.474448 0.0  0.560337  0.598553  0.425949  0.602344  0.788714  0.445338  0.736404  0.517333  0.601105  0.679112  0.430250  0.521131  0.524035  0.477779  0.475971  0.794705  0.659206  0.397137  0.650289  0.545085  0.548858  0.420762  0.440496  0.424027  0.612437  0.578880  0.523645  0.457614  0.326453  0.865397  0.390103  0.499311  0.707956  0.424494  0.340990  0.531004  0.411877  0.379766  0.444306  0.735382  0.345636  0.704459  0.427316  0.419218  0.594936  0.453509  0.598642  0.564414  0.495204  0.353162 
23  0.582049  0.515191  0.428368  0.894617  0.548461  0.386022  0.565680  0.861677  0.392611  0.388455  0.646162  0.590122  0.712939  0.736149  0.663709  0.576449  0.497913  0.852910  0.575969  0.562469  0.463491  0.568043  0.560337 0.0  0.490001  0.526494  0.621891  0.810154  0.496949  0.671785  0.348250  0.667733  0.909832  0.603612  0.534730  0.711993  0.419801  0.475175  0.875020  0.554309  0.526059  0.693876  0.585864  0.388509  0.530248  0.459832  0.631204  0.567363  0.535754  0.501427  0.452736  0.571329  0.854465  0.526601  0.588018  0.764172  0.589716  0.478293  0.584508  0.586967  0.549843  0.490618  0.586502  0.461455  0.797315  0.273777  0.329835  0.530765  0.431250  0.663951  0.570725  0.463557  0.486875 
24  0.625736  0.592286  0.529779  0.839306  0.635019  0.487643  0.626091  0.870225  0.473161  0.505530  0.650317  0.624201  0.776422  0.705470  0.545040  0.648552  0.515071  0.705599  0.758929  0.564583  0.534251  0.625514  0.598553  0.490001 0.0  0.648670  0.683042  0.849936  0.551499  0.598593  0.476792  0.576606  0.778659  0.629113  0.585835  0.696599  0.699395  0.512870  0.790359  0.718179  0.610186  0.735604  0.565290  0.417138  0.482488  0.522898  0.649295  0.683287  0.624219  0.546734  0.646205  0.613646  0.868461  0.528650  0.481575  0.856118  0.704484  0.614911  0.341733  0.647213  0.665298  0.678387  0.410590  0.506856  0.694992  0.561050  0.594785  0.482550  0.557463  0.752548  0.436795  0.546780  0.556180 
25  0.473154  0.415246  0.399195  0.928406  0.498896  0.572336  0.441569  0.804062  0.511537  0.471229  0.457115  0.458656  0.681205  0.661715  0.569960  0.509324  0.396920  0.728911  0.490533  0.703924  0.573613  0.436021  0.425949  0.526494  0.648670 0.0  0.678448  0.863677  0.530346  0.682352  0.500509  0.503426  0.681835  0.360736  0.347771  0.500813  0.534762  0.504807  0.726312  0.734215  0.538579  0.658119  0.390946  0.592008  0.459024  0.312893  0.505408  0.510455  0.513224  0.536351  0.442021  0.328135  0.812943  0.500811  0.559127  0.788860  0.392439  0.365660  0.537068  0.553901  0.556293  0.487298  0.780689  0.331365  0.557629  0.449917  0.363214  0.578924  0.458611  0.601809  0.370278  0.320261  0.281398 
26  0.622603  0.645481  0.746441  0.876857  0.674921  0.728589  0.715236  0.778230  0.734329  0.814200  0.658062  0.648208  0.643550  0.407928  0.484992  0.762729  0.775840  0.858618  0.840948  0.612155  0.671690  0.680148  0.602344  0.621891  0.683042  0.678448 0.0  0.765260  0.686502  0.579186  0.722700  0.798163  0.350758  0.633035  0.744891  0.704780  0.746143  0.710109  0.748622  0.650754  0.676825  0.666589  0.580256  0.672351  0.734241  0.590386  0.759766  0.900920  0.819591  0.589996  0.741203  0.644835  0.756192  0.525585  0.642561  0.723896  0.683080  0.624838  0.742913  0.698444  0.613870  0.666105  0.587005  0.647908  0.596886  0.709878  0.555866  0.664786  0.823909  0.533558  0.717399  0.726658  0.757878 
27  0.902947  0.736113  0.840095  0.564397  0.852136  0.931679  0.779971  0.661647  0.939502  0.777672  0.788389  0.757018  0.802123  0.747503  0.702482  0.864784  0.831445  0.755720  0.794533  0.749027  0.877447  0.583158  0.788714  0.810154  0.849936  0.863677  0.765260 0.0  0.832176  0.735760  0.885772  0.848332  0.696173  0.830015  0.753531  0.823963  0.856431  0.793621  0.486561  0.885928  0.723558  0.607341  0.722613  0.897827  0.934131  0.749002  0.719592  0.758368  0.605943  0.754146  0.849317  0.803407  0.473492  0.692070  0.827767  0.478453  0.830749  0.820519  0.843798  0.759550  0.785659  0.840908  0.807594  0.754578  0.608324  0.925297  0.726269  0.808316  0.754185  0.637259  0.794148  0.782402  0.813771 
28  0.507604  0.563578  0.435066  0.998462  0.430979  0.461497  0.579232  0.864139  0.541083  0.510774  0.588783  0.486829  0.763215  0.666412  0.515985  0.519212  0.495994  0.758649  0.691006  0.552855  0.566835  0.603179  0.445338  0.496949  0.551499  0.530346  0.686502  0.832176 0.0  0.677157  0.517838  0.515718  0.728662  0.493272  0.497028  0.573377  0.527499  0.378499  0.918198  0.605873  0.457067  0.672328  0.412566  0.636620  0.442019  0.462124  0.396009  0.632151  0.626688  0.515567  0.418889  0.437329  0.886335  0.470039  0.633929  0.763473  0.486937  0.465148  0.586625  0.478590  0.492788  0.489592  0.578750  0.444678  0.685465  0.509851  0.431333  0.716279  0.417819  0.544079  0.558731  0.462483  0.436728 
29  0.872124  0.793091  0.779377  0.807730  0.644454  0.705155  0.725145  0.797191  0.638583  0.663716  0.702393  0.760798  0.614281  0.649389  0.628147  0.742601  0.720839  0.714624  0.824129  0.486411  0.789296  0.844745  0.736404  0.671785  0.598593  0.682352  0.579186  0.735760  0.677157 0.0  0.699316  0.672410  0.644857  0.595529  0.785229  0.884540  0.571574  0.763977  0.792177  0.646616  0.744449  0.674124  0.784022  0.703959  0.728294  0.662370  0.745700  0.708097  0.853369  0.594170  0.715121  0.717143  0.752341  0.608070  0.678035  0.795608  0.782619  0.749508  0.616312  0.818654  0.804263  0.659914  0.624862  0.796111  0.659990  0.719482  0.829957  0.626834  0.704889  0.660756  0.574712  0.690459  0.716889 
30  0.506618  0.334325  0.484489  0.843950  0.518586  0.463057  0.505596  0.933082  0.403645  0.482347  0.715886  0.621420  0.654902  0.558925  0.565678  0.609328  0.420013  0.810145  0.633249  0.636749  0.421966  0.751168  0.517333  0.348250  0.476792  0.500509  0.722700  0.885772  0.517838  0.699316 0.0  0.504179  0.697643  0.426990  0.554455  0.683841  0.654934  0.437448  0.767799  0.616976  0.614528  0.712384  0.487627  0.510195  0.525208  0.554220  0.606648  0.666517  0.600539  0.551829  0.541504  0.510486  0.975162  0.556688  0.454453  0.763763  0.700421  0.513518  0.492921  0.662066  0.552193  0.572506  0.559321  0.497297  0.779532  0.502568  0.595668  0.584682  0.550956  0.816791  0.406186  0.552791  0.545448 
31  0.411063  0.437937  0.592023  0.791340  0.311095  0.545633  0.471525  0.934258  0.510189  0.520169  0.530183  0.371691  0.720781  0.761090  0.604275  0.430241  0.596800  0.804760  0.654432  0.533201  0.667283  0.726477  0.601105  0.667733  0.576606  0.503426  0.798163  0.848332  0.515718  0.672410  0.504179 0.0  0.692693  0.489340  0.448353  0.578157  0.381988  0.546401  0.819821  0.624992  0.426552  0.635849  0.309288  0.469445  0.398056  0.558004  0.404195  0.663398  0.634510  0.509615  0.475755  0.478906  0.913106  0.581657  0.459221  0.904613  0.573548  0.617777  0.709670  0.359733  0.379557  0.439961  0.622625  0.510275  0.654963  0.585706  0.604561  0.607620  0.522509  0.642694  0.607016  0.411076  0.497982 
32  0.757860  0.661112  0.734578  0.742241  0.660462  0.794709  0.691709  0.838744  0.704540  0.745939  0.613876  0.738824  0.667389  0.408312  0.544992  0.663337  0.811554  0.808981  0.771723  0.645858  0.821569  0.858657  0.679112  0.909832  0.778659  0.681835  0.350758  0.696173  0.728662  0.644857  0.697643  0.692693 0.0  0.601749  0.624680  0.715966  0.790007  0.668842  0.679319  0.776930  0.816728  0.617832  0.677705  0.679056  0.763832  0.661066  0.723433  0.780242  0.830636  0.571063  0.726688  0.683724  0.767323  0.464086  0.598840  0.762809  0.787128  0.657798  0.696476  0.709220  0.669009  0.700741  0.695651  0.701145  0.649693  0.747625  0.663124  0.641501  0.736749  0.617057  0.697727  0.655098  0.703982 
33  0.308073  0.503014  0.525448  0.704167  0.267044  0.516367  0.447680  0.790234  0.561555  0.363707  0.645836  0.314610  0.744202  0.705627  0.557322  0.465661  0.514977  0.863825  0.582930  0.559543  0.592086  0.532669  0.430250  0.603612  0.629113  0.360736  0.633035  0.830015  0.493272  0.595529  0.426990  0.489340  0.601749 0.0  0.315928  0.452146  0.483105  0.360670  0.822329  0.568275  0.575946  0.550879  0.351970  0.610990  0.275131  0.521673  0.469386  0.532174  0.493763  0.562653  0.411196  0.519467  0.782127  0.481998  0.485470  0.787396  0.408236  0.304722  0.759719  0.437786  0.378348  0.408574  0.568386  0.399019  0.693600  0.567033  0.570895  0.571840  0.454586  0.695390  0.531117  0.517531  0.397690 
34  0.373154  0.467803  0.494572  0.869582  0.353259  0.574718  0.343125  0.892141  0.513518  0.584720  0.520391  0.347486  0.649300  0.744386  0.652168  0.317918  0.519080  0.832337  0.598940  0.659477  0.665280  0.692400  0.521131  0.534730  0.585835  0.347771  0.744891  0.753531  0.497028  0.785229  0.554455  0.448353  0.624680  0.315928 0.0  0.462746  0.489078  0.518713  0.846552  0.650799  0.538259  0.719325  0.465167  0.543030  0.552105  0.528861  0.561228  0.494885  0.565322  0.496038  0.424815  0.456939  0.954239  0.510853  0.497044  0.790514  0.396508  0.482284  0.663462  0.284613  0.401995  0.477228  0.595893  0.455924  0.737840  0.535902  0.504278  0.625837  0.298492  0.518197  0.553671  0.501476  0.504161 
35  0.454020  0.629090  0.627720  0.746539  0.448153  0.592130  0.568268  0.590557  0.606464  0.659531  0.695074  0.452287  0.632449  0.871073  0.679054  0.544480  0.615416  0.772959  0.466045  0.804653  0.653918  0.596636  0.524035  0.711993  0.696599  0.500813  0.704780  0.823963  0.573377  0.884540  0.683841  0.578157  0.715966  0.452146  0.462746 0.0  0.498133  0.479689  0.809576  0.773708  0.531610  0.642304  0.546573  0.690055  0.534475  0.565194  0.553880  0.532570  0.421765  0.615457  0.607971  0.461102  0.772198  0.654766  0.517923  0.919077  0.486821  0.574182  0.600366  0.560587  0.454327  0.528068  0.794648  0.483355  0.744374  0.712767  0.485527  0.797866  0.522978  0.594857  0.605705  0.601075  0.567179 
36  0.430154  0.329796  0.480025  0.723253  0.493144  0.520936  0.359772  0.803706  0.504293  0.532382  0.493626  0.409341  0.653226  0.689845  0.585775  0.396675  0.620272  0.735364  0.606713  0.496756  0.554309  0.560526  0.477779  0.419801  0.699395  0.534762  0.746143  0.856431  0.527499  0.571574  0.654934  0.381988  0.790007  0.483105  0.489078  0.498133 0.0  0.530552  0.894503  0.682342  0.490468  0.626877  0.392239  0.513889  0.603066  0.435370  0.589725  0.541349  0.505493  0.357043  0.491318  0.484505  0.807410  0.526375  0.310064  0.840618  0.518468  0.420754  0.661001  0.404982  0.447557  0.378162  0.645236  0.537171  0.689119  0.536067  0.471957  0.604273  0.330679  0.689701  0.507344  0.517938  0.471997 
37  0.433368  0.461688  0.436419  0.787775  0.330429  0.571298  0.501686  0.801734  0.359062  0.503467  0.555549  0.434896  0.740322  0.733278  0.570913  0.382465  0.399521  0.808599  0.565587  0.614864  0.479517  0.501496  0.475971  0.475175  0.512870  0.504807  0.710109  0.793621  0.378499  0.763977  0.437448  0.546401  0.668842  0.360670  0.518713  0.479689  0.530552 0.0  0.878434  0.595378  0.396068  0.520479  0.481934  0.594745  0.599030  0.461326  0.462366  0.545300  0.560235  0.482110  0.492376  0.447663  0.769279  0.484694  0.505418  0.729152  0.507675  0.305670  0.507323  0.357089  0.479235  0.581356  0.659725  0.456599  0.585184  0.601622  0.403878  0.534779  0.630020  0.652105  0.456452  0.414981  0.351095 
38  0.952438  0.812011  0.786733  0.391276  0.823768  0.793282  0.908602  0.613328  0.785721  0.839704  0.793020  0.757395  0.867813  0.805361  0.747065  0.849944  0.835836  0.805329  0.889942  0.638956  0.761162  0.685871  0.794705  0.875020  0.790359  0.726312  0.748622  0.486561  0.918198  0.792177  0.767799  0.819821  0.679319  0.822329  0.846552  0.809576  0.894503  0.878434 0.0  0.824388  0.853729  0.565736  0.741525  0.788493  0.776744  0.886200  0.840655  0.733334  0.663488  0.745690  0.733144  0.778905  0.573493  0.778188  0.751852  0.490478  0.765098  0.777535  0.827747  0.892669  0.880915  0.938229  0.808031  0.817248  0.662899  0.918334  0.846622  0.767866  0.725281  0.751595  0.799772  0.889680  0.906338 
39  0.631843  0.602923  0.480059  0.772236  0.663185  0.674955  0.632936  0.849866  0.595174  0.634193  0.537262  0.590547  0.725864  0.624807  0.584002  0.626386  0.546523  0.814220  0.710347  0.460882  0.738831  0.685429  0.659206  0.554309  0.718179  0.734215  0.650754  0.885928  0.605873  0.646616  0.616976  0.624992  0.776930  0.568275  0.650799  0.773708  0.682342  0.595378  0.824388 0.0  0.590486  0.602146  0.726729  0.596256  0.581484  0.577381  0.698367  0.663457  0.796650  0.332015  0.591361  0.679847  0.822631  0.409795  0.528347  0.759090  0.706117  0.591863  0.682885  0.655497  0.549387  0.719592  0.546488  0.669479  0.745444  0.664022  0.508887  0.403278  0.684619  0.700692  0.550465  0.664758  0.634143 
40  0.532980  0.426120  0.370042  0.799288  0.432209  0.547477  0.452307  0.785363  0.553350  0.532187  0.609100  0.531842  0.667941  0.733621  0.563484  0.424493  0.510358  0.728485  0.591678  0.622326  0.542359  0.467979  0.397137  0.526059  0.610186  0.538579  0.676825  0.723558  0.457067  0.744449  0.614528  0.426552  0.816728  0.575946  0.538259  0.531610  0.490468  0.396068  0.853729  0.590486 0.0  0.786495  0.429844  0.686755  0.531295  0.310894  0.549614  0.593724  0.606654  0.471250  0.341449  0.431465  0.840750  0.407171  0.456264  0.742615  0.527562  0.438080  0.475273  0.467336  0.444510  0.395507  0.664981  0.447017  0.762111  0.463689  0.456065  0.500210  0.519142  0.565093  0.610097  0.378450  0.397053 
41  0.618343  0.597025  0.741228  0.638416  0.713981  0.838319  0.611671  0.647191  0.721228  0.751583  0.489605  0.723413  0.660892  0.580554  0.495777  0.622131  0.725798  0.693550  0.660143  0.633147  0.821916  0.727184  0.650289  0.693876  0.735604  0.658119  0.666589  0.607341  0.672328  0.674124  0.712384  0.635849  0.617832  0.550879  0.719325  0.642304  0.626877  0.520479  0.565736  0.602146  0.786495 0.0  0.670307  0.730262  0.661911  0.585011  0.687748  0.685298  0.780591  0.773010  0.553945  0.648006  0.536654  0.556632  0.644881  0.620498  0.766580  0.648742  0.687515  0.707322  0.667546  0.655897  0.681672  0.738183  0.664281  0.760175  0.688649  0.650481  0.622619  0.557287  0.699582  0.697131  0.661171 
42  0.359729  0.448379  0.461019  0.664350  0.441836  0.579668  0.373549  0.660281  0.456479  0.513371  0.462194  0.476735  0.725256  0.704299  0.538907  0.436719  0.519102  0.736797  0.472995  0.721557  0.546649  0.599765  0.545085  0.585864  0.565290  0.390946  0.580256  0.722613  0.412566  0.784022  0.487627  0.309288  0.677705  0.351970  0.465167  0.546573  0.392239  0.481934  0.741525  0.726729  0.429844  0.670307 0.0  0.563247  0.517206  0.417108  0.437739  0.643691  0.599371  0.537051  0.441085  0.490911  0.749503  0.491098  0.384779  0.711337  0.488743  0.418752  0.535894  0.355064  0.462421  0.426725  0.600724  0.548271  0.633563  0.495493  0.374164  0.484959  0.519740  0.670008  0.516459  0.421477  0.403960 
43  0.611466  0.612249  0.517558  0.833882  0.642706  0.434909  0.666963  0.967751  0.486780  0.488855  0.713072  0.556417  0.708122  0.666467  0.588951  0.574071  0.494304  0.778127  0.616635  0.603089  0.550310  0.712758  0.548858  0.388509  0.417138  0.592008  0.672351  0.897827  0.636620  0.703959  0.510195  0.469445  0.679056  0.610990  0.543030  0.690055  0.513889  0.594745  0.788493  0.596256  0.686755  0.730262  0.563247 0.0  0.572813  0.486063  0.612622  0.713828  0.591135  0.613818  0.557016  0.584712  0.895033  0.520079  0.570922  0.656530  0.530090  0.625749  0.287532  0.577651  0.674669  0.546251  0.412036  0.558857  0.758230  0.356622  0.714931  0.481436  0.511804  0.617164  0.362302  0.659643  0.491865 
44  0.387895  0.598173  0.492086  0.847248  0.331157  0.425278  0.516739  0.846747  0.484088  0.435493  0.592190  0.281632  0.754086  0.673655  0.663773  0.482422  0.610929  0.807147  0.606981  0.516560  0.706147  0.543752  0.420762  0.530248  0.482488  0.459024  0.734241  0.934131  0.442019  0.728294  0.525208  0.398056  0.763832  0.275131  0.552105  0.534475  0.603066  0.599030  0.776744  0.581484  0.531295  0.661911  0.517206  0.572813 0.0  0.504717  0.524707  0.502768  0.531013  0.570341  0.448322  0.447288  0.918409  0.527845  0.534752  0.792169  0.474282  0.560246  0.574476  0.500550  0.500959  0.553570  0.788393  0.571092  0.672807  0.556167  0.586459  0.599721  0.443027  0.760268  0.556992  0.618995  0.633548 
45  0.463497  0.517045  0.396426  0.802904  0.283039  0.479217  0.414569  0.903792  0.458300  0.550420  0.594459  0.371092  0.794575  0.702517  0.514019  0.417587  0.553809  0.704771  0.536770  0.581465  0.507790  0.618649  0.440496  0.459832  0.522898  0.312893  0.590386  0.749002  0.462124  0.662370  0.554220  0.558004  0.661066  0.521673  0.528861  0.565194  0.435370  0.461326  0.886200  0.577381  0.310894  0.585011  0.417108  0.486063  0.504717 0.0  0.455379  0.462495  0.577858  0.529597  0.596574  0.463332  0.876121  0.509122  0.368919  0.806988  0.500167  0.495207  0.505351  0.401899  0.490962  0.510294  0.637038  0.461612  0.600261  0.491497  0.357471  0.624400  0.547229  0.631170  0.503080  0.541207  0.510597 
46  0.463179  0.632887  0.561320  0.925456  0.425164  0.484774  0.320330  0.840788  0.461135  0.701727  0.534425  0.426286  0.684522  0.631674  0.573315  0.348177  0.611027  0.809614  0.730967  0.584687  0.549335  0.574459  0.424027  0.631204  0.649295  0.505408  0.759766  0.719592  0.396009  0.745700  0.606648  0.404195  0.723433  0.469386  0.561228  0.553880  0.589725  0.462366  0.840655  0.698367  0.549614  0.687748  0.437739  0.612622  0.524707  0.455379 0.0  0.572363  0.665100  0.488649  0.508870  0.622446  0.781689  0.585544  0.494744  0.833157  0.562131  0.500911  0.663079  0.393303  0.445729  0.498370  0.608450  0.539260  0.696465  0.641459  0.503510  0.658191  0.548697  0.746856  0.536447  0.559468  0.500720 
47  0.552708  0.615352  0.621514  0.691516  0.509907  0.731462  0.695667  0.762343  0.760752  0.743363  0.708493  0.439188  0.672769  0.688424  0.784955  0.542255  0.638830  0.830960  0.628110  0.823298  0.605547  0.482309  0.612437  0.567363  0.683287  0.510455  0.900920  0.758368  0.632151  0.708097  0.666517  0.663398  0.780242  0.532174  0.494885  0.532570  0.541349  0.545300  0.733334  0.663457  0.593724  0.685298  0.643691  0.713828  0.502768  0.462495  0.572363 0.0  0.312698  0.730442  0.491536  0.593201  0.905540  0.634111  0.605590  0.882083  0.415962  0.536883  0.712246  0.461538  0.404469  0.477115  0.750776  0.721967  0.706426  0.666692  0.627399  0.652611  0.473152  0.792342  0.712547  0.581510  0.580411 
48  0.542735  0.622021  0.609786  0.573610  0.476940  0.550402  0.538672  0.780670  0.681795  0.542648  0.774703  0.452870  0.753833  0.864499  0.593168  0.674379  0.592572  0.797981  0.663919  0.736209  0.676721  0.465511  0.578880  0.535754  0.624219  0.513224  0.819591  0.605943  0.626688  0.853369  0.600539  0.634510  0.830636  0.493763  0.565322  0.421765  0.505493  0.560235  0.663488  0.796650  0.606654  0.780591  0.599371  0.591135  0.531013  0.577858  0.665100  0.312698 0.0  0.665666  0.670103  0.498432  0.778106  0.609880  0.499480  0.744159  0.271100  0.614013  0.747677  0.491138  0.427887  0.546571  0.817806  0.515257  0.675356  0.686446  0.547575  0.641243  0.566945  0.902320  0.659463  0.594498  0.463343 
49  0.615172  0.580237  0.617442  0.804562  0.525412  0.420087  0.551644  0.861940  0.571150  0.547939  0.517411  0.555908  0.619107  0.546184  0.523818  0.608046  0.487237  0.590101  0.575328  0.555682  0.557191  0.569403  0.523645  0.501427  0.546734  0.536351  0.589996  0.754146  0.515567  0.594170  0.551829  0.509615  0.571063  0.562653  0.496038  0.615457  0.357043  0.482110  0.745690  0.332015  0.471250  0.773010  0.537051  0.613818  0.570341  0.529597  0.488649  0.730442  0.665666 0.0  0.596732  0.484925  0.661606  0.363283  0.556743  0.629315  0.611779  0.500726  0.568684  0.523830  0.621884  0.555081  0.480867  0.404205  0.683281  0.499990  0.503390  0.441070  0.556994  0.695626  0.483163  0.586000  0.654744 
50  0.240964  0.538930  0.472746  0.738830  0.507780  0.532854  0.468816  0.701382  0.482186  0.475111  0.602284  0.324385  0.659698  0.744430  0.502226  0.461022  0.502440  0.823491  0.529934  0.577219  0.628689  0.567361  0.457614  0.452736  0.646205  0.442021  0.741203  0.849317  0.418889  0.715121  0.541504  0.475755  0.726688  0.411196  0.424815  0.607971  0.491318  0.492376  0.733144  0.591361  0.341449  0.553945  0.441085  0.557016  0.448322  0.596574  0.508870  0.491536  0.670103  0.596732 0.0  0.454722  0.702079  0.525690  0.459828  0.764799  0.324012  0.409353  0.541280  0.444555  0.454599  0.391312  0.799293  0.518691  0.684794  0.500770  0.497580  0.565992  0.432192  0.700142  0.532084  0.519391  0.378533 
51  0.416245  0.396317  0.405532  0.765029  0.515147  0.470242  0.563752  0.739949  0.493269  0.435881  0.612028  0.489479  0.630270  0.713033  0.596753  0.458116  0.453104  0.754518  0.535309  0.652128  0.461023  0.615461  0.326453  0.571329  0.613646  0.328135  0.644835  0.803407  0.437329  0.717143  0.510486  0.478906  0.683724  0.519467  0.456939  0.461102  0.484505  0.447663  0.778905  0.679847  0.431465  0.648006  0.490911  0.584712  0.447288  0.463332  0.622446  0.593201  0.498432  0.484925  0.454722 0.0  0.754122  0.538006  0.572130  0.857795  0.462758  0.265735  0.556559  0.465733  0.560890  0.490594  0.587071  0.308066  0.580427  0.600093  0.436998  0.558999  0.485490  0.641841  0.642282  0.319231  0.420654 
52  0.891292  0.709494  0.862416  0.653541  0.824039  0.908929  0.815112  0.355144  0.983815  0.924007  0.830994  0.794284  0.776304  0.888186  0.753702  0.890806  0.948386  0.742156  0.704179  0.733270  0.878017  0.834807  0.865397  0.854465  0.868461  0.812943  0.756192  0.473492  0.886335  0.752341  0.975162  0.913106  0.767323  0.782127  0.954239  0.772198  0.807410  0.769279  0.573493  0.822631  0.840750  0.536654  0.749503  0.895033  0.918409  0.876121  0.781689  0.905540  0.778106  0.661606  0.702079  0.754122 0.0  0.626290  0.828368  0.514517  0.561760  0.849251  0.843853  0.875154  0.822340  0.825116  0.859686  0.882578  0.733238  0.809805  0.889807  0.826683  0.854925  0.613937  0.914029  0.860463  0.897387 
53  0.525324  0.362524  0.500544  0.642386  0.483116  0.474744  0.490731  0.701888  0.495695  0.569386  0.509072  0.432128  0.621347  0.653168  0.440051  0.445526  0.517031  0.716883  0.495574  0.613736  0.618173  0.633346  0.390103  0.526601  0.528650  0.500811  0.525585  0.692070  0.470039  0.608070  0.556688  0.581657  0.464086  0.481998  0.510853  0.654766  0.526375  0.484694  0.778188  0.409795  0.407171  0.556632  0.491098  0.520079  0.527845  0.509122  0.585544  0.634111  0.609880  0.363283  0.525690  0.538006  0.626290 0.0  0.527047  0.739701  0.625297  0.471877  0.602954  0.472251  0.457963  0.418146  0.458690  0.494744  0.611772  0.594027  0.474212  0.465234  0.554044  0.456035  0.531272  0.379612  0.465872 
