73
0 0.0  0.646239  0.554685  0.548060  0.820876  0.321433  0.468134  0.620494  0.572876  0.591857  0.467644  0.601281  0.507243  0.497840  0.460633  0.563108  0.572983  0.564382  0.559630  0.384739  0.448336  0.377049  0.769285  0.555762  0.228937  0.656998  0.348407  0.491439  0.258369  0.393120  0.486481  0.397753  0.605876  0.619369  0.867927  0.515325  0.558780  0.441554  0.371291  0.680078  0.501731  0.477184  0.752395  0.671710  0.742320  0.380054  0.840523  0.597314  0.509560  0.665972  0.699845  0.590327  0.415394  0.506383  0.747997  0.397235  0.511167  0.526430  0.450586  0.636420  0.422841  0.776349  0.465585  0.405635  0.576865  0.421654  0.371053  0.471484  0.518058  0.621542  0.607013  0.671367  0.296568 
1  0.646239 0.0  0.808222  0.592576  0.684155  0.692123  0.614930  0.733768  0.577648  0.515758  0.693395  0.714984  0.622621  0.740427  0.659913  0.668697  0.682520  0.572054  0.597511  0.728247  0.537010  0.653188  0.624160  0.609814  0.573810  0.723319  0.592206  0.639516  0.757663  0.812613  0.760879  0.700235  0.730287  0.668754  0.647370  0.709548  0.391873  0.687570  0.563123  0.780151  0.746630  0.707152  0.640395  0.654522  0.683972  0.634983  0.745080  0.502160  0.673550  0.670701  0.725507  0.775603  0.654072  0.662891  0.555257  0.688504  0.696489  0.737414  0.615667  0.655344  0.696295  0.517259  0.722143  0.762021  0.617191  0.591431  0.579929  0.758455  0.748768  0.642237  0.711265  0.591977  0.704107 
2  0.554685  0.808222 0.0  0.596842  0.761796  0.458340  0.634830  0.326775  0.710017  0.754991  0.569022  0.601698  0.551431  0.592193  0.558244  0.712976  0.561116  0.800572  0.699265  0.622516  0.632285  0.483796  0.647368  0.688412  0.536679  0.819697  0.513515  0.646272  0.543214  0.486887  0.506545  0.588953  0.686302  0.581005  0.697203  0.482722  0.615923  0.504321  0.584998  0.791352  0.657572  0.469771  0.662195  0.735608  0.800066  0.421727  0.580607  0.658119  0.752377  0.682123  0.720464  0.670485  0.557675  0.544211  0.823111  0.474314  0.480551  0.541761  0.511786  0.679131  0.576978  0.764130  0.650405  0.404501  0.620564  0.618238  0.510589  0.639344  0.615808  0.523093  0.713773  0.821675  0.501616 
3  0.548060  0.592576  0.596842 0.0  0.680562  0.455020  0.559860  0.547801  0.664696  0.728506  0.508592  0.606129  0.530149  0.507646  0.624997  0.619130  0.566541  0.627476  0.593606  0.621078  0.586609  0.455968  0.697742  0.238661  0.609324  0.532632  0.474904  0.545260  0.663208  0.509784  0.456473  0.573162  0.581096  0.509002  0.792402  0.646053  0.570505  0.610246  0.528497  0.365695  0.633388  0.508847  0.637751  0.655394  0.811047  0.555947  0.838370  0.480315  0.593109  0.640508  0.577866  0.701980  0.463392  0.484228  0.653224  0.501316  0.553373  0.515384  0.467442  0.563245  0.504075  0.558570  0.671225  0.597038  0.530267  0.607051  0.528146  0.682745  0.463879  0.569711  0.719205  0.635702  0.484257 
4  0.820876  0.684155  0.761796  0.680562 0.0  0.795310  0.837766  0.761317  0.665064  0.749526  0.884924  0.732498  0.798630  0.804192  0.747191  0.816581  0.876558  0.835577  0.959660  0.943175  0.794358  0.746484  0.782989  0.723311  0.885703  0.856561  0.841289  0.871454  0.820116  0.835751  0.718609  0.924404  0.783696  0.712772  0.586185  0.736546  0.776939  0.986495  0.813545  0.736055  0.865012  0.814257  0.658490  0.753549  0.355104  0.807812  0.543873  0.709561  0.878996  0.852244  0.849964  0.786528  0.898641  0.792886  0.732703  0.824917  0.845521  0.763202  0.761312  0.778172  0.712500  0.789755  0.779462  0.664429  0.726738  0.889101  0.931789  0.745844  0.869974  0.786201  0.873815  0.834102  0.707335 
5  0.321433  0.692123  0.458340  0.455020  0.795310 0.0  0.520307  0.632299  0.600627  0.608481  0.474226  0.559672  0.233539  0.529506  0.475036  0.586172  0.418986  0.501612  0.525848  0.578253  0.410220  0.491558  0.789434  0.357330  0.437744  0.599743  0.445010  0.461632  0.532688  0.410235  0.358904  0.522274  0.444285  0.503190  0.704438  0.587015  0.590799  0.391313  0.510089  0.618443  0.555164  0.259614  0.652020  0.576266  0.783414  0.308192  0.761690  0.490048  0.532595  0.618897  0.662020  0.675791  0.408564  0.436567  0.767364  0.466596  0.502730  0.438936  0.301281  0.628694  0.447206  0.806564  0.344708  0.388467  0.339537  0.475792  0.440671  0.505755  0.526968  0.491331  0.529003  0.594872  0.446324 
6  0.468134  0.614930  0.634830  0.559860  0.837766  0.520307 0.0  0.533754  0.722916  0.615861  0.567434  0.512023  0.429632  0.527832  0.401615  0.459704  0.508111  0.759678  0.601479  0.561288  0.418984  0.351668  0.813029  0.426726  0.467763  0.613240  0.422926  0.472877  0.496793  0.532250  0.460934  0.550932  0.447136  0.341077  0.752883  0.576930  0.544622  0.511724  0.236025  0.646309  0.549748  0.547643  0.682545  0.663114  0.792446  0.423669  0.794793  0.597979  0.441752  0.568615  0.692425  0.471487  0.494960  0.368853  0.701364  0.308183  0.476813  0.464064  0.444302  0.598833  0.443044  0.703891  0.472917  0.493465  0.361549  0.482649  0.471929  0.667968  0.410807  0.429421  0.463687  0.623467  0.398317 
7  0.620494  0.733768  0.326775  0.547801  0.761317  0.632299  0.533754 0.0  0.788830  0.878841  0.552684  0.322852  0.532394  0.655427  0.535877  0.538918  0.607292  0.692912  0.635159  0.639517  0.527208  0.536075  0.740659  0.660646  0.569144  0.670271  0.554892  0.587290  0.614823  0.483643  0.503488  0.692391  0.506897  0.527377  0.688855  0.434664  0.798074  0.587541  0.458783  0.738807  0.674943  0.520716  0.580193  0.611248  0.811740  0.625967  0.705033  0.703830  0.549982  0.750035  0.805317  0.673174  0.461689  0.438988  0.710801  0.651169  0.501455  0.479833  0.626054  0.677139  0.578092  0.783369  0.567640  0.454211  0.538855  0.657214  0.554548  0.501162  0.502967  0.416468  0.625397  0.903449  0.458355 
8  0.572876  0.577648  0.710017  0.664696  0.665064  0.600627  0.722916  0.788830 0.0  0.617297  0.721448  0.809299  0.643920  0.779420  0.655790  0.679479  0.738960  0.669806  0.771282  0.756929  0.603257  0.728478  0.846642  0.599638  0.761568  0.670209  0.634923  0.671158  0.613381  0.588936  0.766894  0.809986  0.703945  0.634434  0.631849  0.681232  0.500998  0.739737  0.658863  0.687457  0.756384  0.666190  0.673527  0.556510  0.598061  0.682282  0.686956  0.602303  0.703647  0.779184  0.731047  0.723367  0.629561  0.659636  0.793447  0.687514  0.733380  0.695076  0.746054  0.715057  0.680306  0.647290  0.593946  0.702258  0.722844  0.709400  0.635506  0.879070  0.740609  0.702405  0.633217  0.410328  0.636160 
9  0.591857  0.515758  0.754991  0.728506  0.749526  0.608481  0.615861  0.878841  0.617297 0.0  0.639077  0.706390  0.750779  0.745632  0.600677  0.703548  0.699639  0.766213  0.839688  0.820237  0.623956  0.643322  0.728079  0.676459  0.652673  0.680597  0.780173  0.608340  0.727187  0.717587  0.627054  0.808266  0.752077  0.583333  0.724295  0.709997  0.507813  0.656418  0.581839  0.692665  0.648988  0.650087  0.645827  0.500554  0.762648  0.700714  0.832761  0.660146  0.719127  0.718994  0.783535  0.888079  0.573393  0.496752  0.738483  0.589774  0.738727  0.614216  0.595262  0.704579  0.675326  0.720434  0.646959  0.642812  0.590878  0.672858  0.729334  0.798199  0.517249  0.700293  0.824252  0.660214  0.572600 
10  0.467644  0.693395  0.569022  0.508592  0.884924  0.474226  0.567434  0.552684  0.721448  0.639077 0.0  0.567775  0.334798  0.673860  0.518776  0.621078  0.532376  0.693732  0.600756  0.448960  0.469768  0.443080  0.851855  0.561584  0.390297  0.459455  0.376475  0.534039  0.446687  0.411584  0.414663  0.435994  0.504317  0.501436  0.845904  0.544819  0.733249  0.463762  0.427072  0.614593  0.454567  0.405252  0.694575  0.630452  0.678369  0.356801  0.805099  0.650110  0.645414  0.522460  0.670780  0.607610  0.566322  0.536939  0.664369  0.465044  0.353680  0.586705  0.383671  0.545954  0.263919  0.787219  0.318426  0.456015  0.412308  0.381645  0.372629  0.478527  0.473470  0.547069  0.582253  0.746672  0.414177 
11  0.601281  0.714984  0.601698  0.606129  0.732498  0.559672  0.512023  0.322852  0.809299  0.706390  0.567775 0.0  0.512834  0.590438  0.545896  0.290340  0.433103  0.773800  0.532598  0.570062  0.628487  0.449286  0.700933  0.658215  0.608270  0.557337  0.513943  0.511868  0.551943  0.554715  0.484282  0.594482  0.408245  0.627926  0.801407  0.535841  0.651000  0.644409  0.464880  0.576676  0.521680  0.546122  0.746214  0.754606  0.726273  0.562024  0.773310  0.693014  0.478820  0.564220  0.743671  0.470136  0.492887  0.495308  0.756920  0.580878  0.543717  0.498112  0.656411  0.625523  0.547178  0.794600  0.630159  0.533067  0.475736  0.709889  0.580244  0.628852  0.547164  0.542720  0.305453  0.762217  0.668746 
12  0.507243  0.622621  0.551431  0.530149  0.798630  0.233539  0.429632  0.532394  0.643920  0.750779  0.334798  0.512834 0.0  0.518344  0.439736  0.586751  0.467845  0.602885  0.482217  0.500667  0.325464  0.445032  0.722338  0.495746  0.563080  0.667693  0.539238  0.469148  0.470262  0.492209  0.443060  0.535023  0.535400  0.423721  0.786771  0.557244  0.572552  0.447738  0.502182  0.591809  0.593412  0.470618  0.684629  0.535644  0.780277  0.467732  0.777269  0.575132  0.464750  0.534972  0.727015  0.452207  0.402519  0.420311  0.736431  0.416559  0.397846  0.449250  0.474199  0.569542  0.377953  0.597965  0.497683  0.476813  0.294970  0.416437  0.458256  0.555380  0.442562  0.559475  0.486944  0.688304  0.424792 
13  0.497840  0.740427  0.592193  0.507646  0.804192  0.529506  0.527832  0.655427  0.779420  0.745632  0.673860  0.590438  0.518344 0.0  0.651040  0.467438  0.510332  0.595372  0.449326  0.614286  0.543495  0.668030  0.979823  0.451451  0.575133  0.465533  0.640819  0.607262  0.511227  0.559673  0.536242  0.445363  0.511906  0.618813  0.831999  0.757051  0.619732  0.704084  0.642967  0.560887  0.428313  0.592321  0.695197  0.564187  0.878981  0.661036  0.789470  0.541360  0.420862  0.411446  0.522086  0.524805  0.657297  0.504816  0.740260  0.666883  0.509961  0.571366  0.519402  0.452983  0.597712  0.675359  0.582397  0.695769  0.610006  0.641984  0.532780  0.701378  0.609688  0.698959  0.623594  0.664448  0.631661 
14  0.460633  0.659913  0.558244  0.624997  0.747191  0.475036  0.401615  0.535877  0.655790  0.600677  0.518776  0.545896  0.439736  0.651040 0.0  0.478052  0.587220  0.588162  0.505369  0.554416  0.448227  0.495892  0.754196  0.638975  0.463762  0.456538  0.388921  0.349604  0.527303  0.386092  0.495769  0.493511  0.436411  0.447583  0.836005  0.407158  0.625345  0.546465  0.460304  0.582958  0.546402  0.461789  0.725250  0.624575  0.697934  0.493229  0.777562  0.675108  0.464652  0.680647  0.619883  0.523830  0.352724  0.325500  0.766912  0.347444  0.438792  0.336189  0.504829  0.414146  0.559071  0.704208  0.381491  0.579824  0.494058  0.464991  0.549706  0.559381  0.380754  0.331421  0.397967  0.633065  0.483583 
15  0.563108  0.668697  0.712976  0.619130  0.816581  0.586172  0.459704  0.538918  0.679479  0.703548  0.621078  0.290340  0.586751  0.467438  0.478052 0.0  0.384586  0.798791  0.451118  0.621301  0.621171  0.406749  0.914735  0.561722  0.584344  0.384168  0.579771  0.490614  0.507183  0.508400  0.536305  0.469232  0.223475  0.471214  0.935226  0.647908  0.756336  0.482116  0.444597  0.538020  0.520223  0.582922  0.629926  0.625249  0.982899  0.580471  0.721837  0.578603  0.388802  0.332361  0.580108  0.374867  0.499292  0.443513  0.587064  0.579433  0.507834  0.398348  0.521619  0.429511  0.520241  0.764009  0.437584  0.651460  0.556790  0.694063  0.555268  0.815550  0.511443  0.465025  0.346318  0.768128  0.564611 
16  0.572983  0.682520  0.561116  0.566541  0.876558  0.418986  0.508111  0.607292  0.738960  0.699639  0.532376  0.433103  0.467845  0.510332  0.587220  0.384586 0.0  0.758816  0.439553  0.448172  0.539134  0.480695  0.845084  0.493925  0.445731  0.531876  0.578467  0.529900  0.533466  0.346785  0.525856  0.561978  0.287030  0.461888  0.884322  0.614047  0.750491  0.640687  0.403349  0.551412  0.416907  0.476823  0.653456  0.698567  0.895977  0.628070  0.759947  0.616210  0.408755  0.456200  0.552874  0.318494  0.496926  0.552576  0.698733  0.584949  0.546573  0.286452  0.497330  0.434438  0.491609  0.733523  0.607683  0.587530  0.415280  0.497782  0.549344  0.669804  0.428273  0.552450  0.314377  0.786652  0.461072 
17  0.564382  0.572054  0.800572  0.627476  0.835577  0.501612  0.759678  0.692912  0.669806  0.766213  0.693732  0.773800  0.602885  0.595372  0.588162  0.798791  0.758816 0.0  0.839352  0.756098  0.656730  0.715032  0.769947  0.653673  0.732301  0.736484  0.807856  0.725248  0.789066  0.606441  0.592328  0.723435  0.789319  0.609565  0.705839  0.815570  0.580553  0.671349  0.652215  0.565191  0.782178  0.676216  0.633718  0.485957  0.667905  0.762135  0.868055  0.684168  0.687913  0.675886  0.702542  0.667910  0.611544  0.770119  0.692211  0.700913  0.612260  0.733022  0.705473  0.643376  0.729068  0.599908  0.810835  0.747751  0.644545  0.813196  0.723859  0.730906  0.603741  0.757812  0.839208  0.691116  0.700318 
18  0.559630  0.597511  0.699265  0.593606  0.959660  0.525848  0.601479  0.635159  0.771282  0.839688  0.600756  0.532598  0.482217  0.449326  0.505369  0.451118  0.439553  0.839352 0.0  0.596340  0.502641  0.541855  0.828042  0.509826  0.522182  0.528079  0.429372  0.567380  0.536403  0.502785  0.415910  0.567880  0.420484  0.515512  0.843006  0.622662  0.738901  0.480457  0.553077  0.659775  0.490626  0.597290  0.792727  0.655621  0.881176  0.655211  0.779034  0.671306  0.309906  0.481333  0.555738  0.444660  0.624294  0.416881  0.583211  0.591326  0.569356  0.382284  0.594567  0.543778  0.535017  0.742841  0.541000  0.660920  0.446591  0.582382  0.545492  0.745830  0.534961  0.560813  0.460518  0.772269  0.582584 
19  0.384739  0.728247  0.622516  0.621078  0.943175  0.578253  0.561288  0.639517  0.756929  0.820237  0.448960  0.570062  0.500667  0.614286  0.554416  0.621301  0.448172  0.756098  0.596340 0.0  0.503930  0.541404  0.899106  0.657979  0.398563  0.606041  0.507418  0.436793  0.242855  0.413438  0.508528  0.458730  0.527984  0.554826  0.856022  0.538355  0.622393  0.287008  0.552749  0.502616  0.554699  0.435154  0.795093  0.533805  0.893748  0.444878  0.766435  0.562269  0.514331  0.572759  0.740612  0.601164  0.463342  0.541144  0.724900  0.506980  0.484536  0.551598  0.513840  0.597242  0.457824  0.695467  0.474921  0.491783  0.511349  0.498656  0.389257  0.395804  0.432613  0.643068  0.508466  0.728646  0.395953 
20  0.448336  0.537010  0.632285  0.586609  0.794358  0.410220  0.418984  0.527208  0.603257  0.623956  0.469768  0.628487  0.325464  0.543495  0.448227  0.621171  0.539134  0.656730  0.502641  0.503930 0.0  0.486410  0.714635  0.565331  0.314764  0.518060  0.387461  0.520520  0.518734  0.473499  0.552649  0.529060  0.505633  0.352903  0.782254  0.573663  0.622525  0.481394  0.405782  0.539283  0.547506  0.308117  0.700550  0.576699  0.779270  0.404539  0.729839  0.484253  0.551135  0.514026  0.639274  0.432716  0.409938  0.427535  0.798081  0.373249  0.446671  0.509038  0.373212  0.522886  0.403746  0.766553  0.521024  0.460894  0.421778  0.362823  0.563285  0.574676  0.454879  0.434765  0.581141  0.587407  0.400715 
21  0.377049  0.653188  0.483796  0.455968  0.746484  0.491558  0.351668  0.536075  0.728478  0.643322  0.443080  0.449286  0.445032  0.668030  0.495892  0.406749  0.480695  0.715032  0.541855  0.541404  0.486410 0.0  0.790120  0.559530  0.463798  0.638725  0.562660  0.479652  0.549765  0.496896  0.334301  0.567841  0.500771  0.243713  0.808848  0.511852  0.509668  0.686230  0.339442  0.669549  0.523753  0.518487  0.642184  0.610013  0.801925  0.442981  0.843644  0.608767  0.488054  0.566017  0.746260  0.440010  0.376366  0.405142  0.714628  0.556360  0.538760  0.488697  0.473456  0.524472  0.462911  0.661994  0.372812  0.538271  0.499781  0.532611  0.502580  0.525403  0.316465  0.412524  0.451467  0.610629  0.390256 
22  0.769285  0.624160  0.647368  0.697742  0.782989  0.789434  0.813029  0.740659  0.846642  0.728079  0.851855  0.700933  0.722338  0.979823  0.754196  0.914735  0.845084  0.769947  0.828042  0.899106  0.714635  0.790120 0.0  0.728993  0.770505  0.821137  0.668398  0.810308  0.821118  0.829071  0.713490  0.841232  0.873062  0.808326  0.569461  0.722287  0.634122  0.807160  0.809836  0.790049  0.849493  0.833308  0.600529  0.782026  0.670598  0.776772  0.435704  0.879433  0.872996  0.837844  1.000000  0.826028  0.856583  0.782380  0.865942  0.848807  0.811753  0.846282  0.819181  0.893682  0.807659  0.805950  0.738289  0.836759  0.804653  0.775799  0.655315  0.747731  0.794252  0.798412  0.834064  0.776461  0.772507 
23  0.555762  0.609814  0.688412  0.238661  0.723311  0.357330  0.426726  0.660646  0.599638  0.676459  0.561584  0.658215  0.495746  0.451451  0.638975  0.561722  0.493925  0.653673  0.509826  0.657979  0.565331  0.559530  0.728993 0.0  0.643517  0.537818  0.586385  0.686798  0.503297  0.625518  0.554820  0.501968  0.561964  0.553571  0.698560  0.769742  0.626791  0.619425  0.514083  0.374155  0.599065  0.534659  0.713655  0.561702  0.671023  0.554182  0.737151  0.467247  0.605997  0.577200  0.546094  0.521761  0.468018  0.570512  0.676552  0.563925  0.560930  0.485375  0.594712  0.474348  0.603390  0.633121  0.476578  0.578381  0.535490  0.679867  0.482496  0.729260  0.608774  0.692872  0.635149  0.635455  0.580153 
24  0.228937  0.573810  0.536679  0.609324  0.885703  0.437744  0.467763  0.569144  0.761568  0.652673  0.390297  0.608270  0.563080  0.575133  0.463762  0.584344  0.445731  0.732301  0.522182  0.398563  0.314764  0.463798  0.770505  0.643517 0.0  0.536818  0.323908  0.327543  0.440457  0.389187  0.495012  0.426175  0.539986  0.398631  0.714003  0.590200  0.527157  0.356251  0.451452  0.602181  0.607614  0.450795  0.711773  0.522361  0.801060  0.403594  0.920995  0.639849  0.403952  0.575721  0.647105  0.537249  0.430090  0.561588  0.775527  0.402032  0.361979  0.484094  0.418543  0.500132  0.350889  0.722225  0.410734  0.332053  0.307546  0.476184  0.449328  0.378884  0.369261  0.553064  0.508770  0.603952  0.371379 
25  0.656998  0.723319  0.819697  0.532632  0.856561  0.599743  0.613240  0.670271  0.670209  0.680597  0.459455  0.557337  0.667693  0.465533  0.456538  0.384168  0.531876  0.736484  0.528079  0.606041  0.518060  0.638725  0.821137  0.537818  0.536818 0.0  0.589516  0.560699  0.539568  0.600299  0.582943  0.490734  0.621127  0.611709  0.858905  0.775986  0.675422  0.557298  0.612583  0.546234  0.381407  0.571910  0.797800  0.535744  0.815084  0.657120  0.793956  0.703724  0.522690  0.307850  0.548427  0.491964  0.627201  0.522210  0.660980  0.599472  0.709374  0.588028  0.580740  0.393589  0.580483  0.767527  0.633391  0.654131  0.614555  0.607265  0.564005  0.810210  0.467168  0.691443  0.539917  0.787217  0.497099 
26  0.348407  0.592206  0.513515  0.474904  0.841289  0.445010  0.422926  0.554892  0.634923  0.780173  0.376475  0.513943  0.539238  0.640819  0.388921  0.579771  0.578467  0.807856  0.429372  0.507418  0.387461  0.562660  0.668398  0.586385  0.323908  0.589516 0.0  0.440338  0.407449  0.439684  0.503285  0.507471  0.590387  0.452914  0.799718  0.552012  0.617308  0.329766  0.339482  0.653009  0.525118  0.387834  0.675766  0.740889  0.868158  0.296529  0.822240  0.600840  0.533254  0.532365  0.525529  0.603015  0.425484  0.516269  0.755829  0.482332  0.308514  0.514492  0.425111  0.558376  0.328871  0.648446  0.468370  0.389417  0.574945  0.409825  0.383979  0.481892  0.453345  0.514949  0.602797  0.701141  0.444871 
27  0.491439  0.639516  0.646272  0.545260  0.871454  0.461632  0.472877  0.587290  0.671158  0.608340  0.534039  0.511868  0.469148  0.607262  0.349604  0.490614  0.529900  0.725248  0.567380  0.436793  0.520520  0.479652  0.810308  0.686798  0.327543  0.560699  0.440338 0.0  0.469450  0.421051  0.296791  0.457633  0.546567  0.379252  0.771769  0.456634  0.603422  0.647808  0.474876  0.575709  0.465082  0.475679  0.684158  0.738461  0.765528  0.413138  0.816391  0.612860  0.434591  0.749984  0.711783  0.451202  0.290134  0.393280  0.731596  0.469109  0.520837  0.390646  0.534479  0.681264  0.454523  0.731778  0.516818  0.546803  0.374520  0.597841  0.446725  0.533470  0.291800  0.566661  0.535193  0.763387  0.399956 
28  0.258369  0.757663  0.543214  0.663208  0.820116  0.532688  0.496793  0.614823  0.613381  0.727187  0.446687  0.551943  0.470262  0.511227  0.527303  0.507183  0.533466  0.789066  0.536403  0.242855  0.518734  0.549765  0.821118  0.503297  0.440457  0.539568  0.407449  0.469450 0.0  0.410227  0.516850  0.407625  0.567350  0.542904  0.809884  0.650438  0.796772  0.285131  0.551081  0.556852  0.452896  0.563522  0.717459  0.584868  0.754893  0.424637  0.790746  0.671956  0.569703  0.560741  0.725051  0.516170  0.525909  0.548714  0.786256  0.457361  0.446053  0.445779  0.467467  0.604804  0.389943  0.807884  0.406107  0.391741  0.471507  0.497533  0.528699  0.402816  0.500373  0.600881  0.527911  0.700218  0.455695 
29  0.393120  0.812613  0.486887  0.509784  0.835751  0.410235  0.532250  0.483643  0.588936  0.717587  0.411584  0.554715  0.492209  0.559673  0.386092  0.508400  0.346785  0.606441  0.502785  0.413438  0.473499  0.496896  0.829071  0.625518  0.389187  0.600299  0.439684  0.421051  0.410227 0.0  0.515899  0.429073  0.406979  0.433707  0.851721  0.594090  0.595070  0.460436  0.378942  0.645850  0.508760  0.481922  0.609441  0.541322  0.740790  0.297535  0.772536  0.582904  0.550909  0.589658  0.588399  0.513627  0.264114  0.528647  0.804954  0.333920  0.468916  0.494941  0.315692  0.677836  0.420100  0.698817  0.342782  0.524665  0.477031  0.447935  0.441199  0.448301  0.457929  0.528277  0.468291  0.695018  0.424719 
30  0.486481  0.760879  0.506545  0.456473  0.718609  0.358904  0.460934  0.503488  0.766894  0.627054  0.414663  0.484282  0.443060  0.536242  0.495769  0.536305  0.525856  0.592328  0.415910  0.508528  0.552649  0.334301  0.713490  0.554820  0.495012  0.582943  0.503285  0.296791  0.516850  0.515899 0.0  0.454012  0.497226  0.179521  0.785155  0.488423  0.582737  0.559352  0.178010  0.549794  0.509977  0.537464  0.737873  0.627024  0.625060  0.390055  0.767303  0.506078  0.371026  0.498626  0.576186  0.388122  0.382859  0.404333  0.631374  0.395113  0.399047  0.433869  0.436606  0.648327  0.487262  0.708370  0.468505  0.506915  0.417841  0.417341  0.429196  0.635787  0.326444  0.273464  0.478321  0.599795  0.409134 
31  0.397753  0.700235  0.588953  0.573162  0.924404  0.522274  0.550932  0.692391  0.809986  0.808266  0.435994  0.594482  0.535023  0.445363  0.493511  0.469232  0.561978  0.723435  0.567880  0.458730  0.529060  0.567841  0.841232  0.501968  0.426175  0.490734  0.507471  0.457633  0.407625  0.429073  0.454012 0.0  0.426522  0.671129  0.934934  0.821375  0.682538  0.408932  0.355746  0.474544  0.550835  0.598452  0.781794  0.650437  0.884338  0.466993  0.849147  0.738456  0.554169  0.527993  0.528248  0.566606  0.517372  0.518884  0.740058  0.514362  0.428953  0.580428  0.519113  0.440018  0.502527  0.690342  0.531819  0.532076  0.569849  0.561998  0.415451  0.351527  0.590222  0.743260  0.417184  0.837048  0.354775 
32  0.605876  0.730287  0.686302  0.581096  0.783696  0.444285  0.447136  0.506897  0.703945  0.752077  0.504317  0.408245  0.535400  0.511906  0.436411  0.223475  0.287030  0.789319  0.420484  0.527984  0.505633  0.500771  0.873062  0.561964  0.539986  0.621127  0.590387  0.546567  0.567350  0.406979  0.497226  0.426522 0.0  0.510372  0.784311  0.582620  0.663045  0.526468  0.417622  0.641022  0.493143  0.461901  0.690221  0.522717  0.876173  0.533283  0.826689  0.676942  0.334132  0.519600  0.535782  0.356087  0.486161  0.427446  0.619116  0.519413  0.484348  0.336640  0.616425  0.510032  0.526175  0.690953  0.583166  0.555554  0.457127  0.474013  0.519426  0.509684  0.452216  0.626958  0.357961  0.714650  0.567985 
33  0.619369  0.668754  0.581005  0.509002  0.712772  0.503190  0.341077  0.527377  0.634434  0.583333  0.501436  0.627926  0.423721  0.618813  0.447583  0.471214  0.461888  0.609565  0.515512  0.554826  0.352903  0.243713  0.808326  0.553571  0.398631  0.611709  0.452914  0.379252  0.542904  0.433707  0.179521  0.671129  0.510372 0.0  0.770405  0.572715  0.650981  0.514888  0.346948  0.547457  0.424323  0.533595  0.695628  0.630339  0.824496  0.376586  0.826243  0.582740  0.439410  0.603541  0.543376  0.455608  0.410180  0.404112  0.709885  0.461761  0.518685  0.451274  0.450268  0.510800  0.557982  0.636211  0.579853  0.480607  0.363365  0.416677  0.495046  0.590735  0.365090  0.241551  0.489826  0.571568  0.549289 
34  0.867927  0.647370  0.697203  0.792402  0.586185  0.704438  0.752883  0.688855  0.631849  0.724295  0.845904  0.801407  0.786771  0.831999  0.836005  0.935226  0.884322  0.705839  0.843006  0.856022  0.782254  0.808848  0.569461  0.698560  0.714003  0.858905  0.799718  0.771769  0.809884  0.851721  0.785155  0.934934  0.784311  0.770405 0.0  0.644796  0.613935  0.829795  0.781158  0.844753  0.816699  0.701318  0.573425  0.773255  0.545419  0.899871  0.551849  0.730044  0.935526  0.887624  0.889424  0.824794  0.761839  0.753894  0.836771  0.810657  0.891361  0.747700  0.722354  0.838766  0.834874  0.745600  0.779343  0.668348  0.781661  0.797365  0.773873  0.865307  0.748991  0.753902  0.898513  0.842173  0.827898 
35  0.515325  0.709548  0.482722  0.646053  0.736546  0.587015  0.576930  0.434664  0.681232  0.709997  0.544819  0.535841  0.557244  0.757051  0.407158  0.647908  0.614047  0.815570  0.622662  0.538355  0.573663  0.511852  0.722287  0.769742  0.590200  0.775986  0.552012  0.456634  0.650438  0.594090  0.488423  0.821375  0.582620  0.572715  0.644796 0.0  0.702337  0.649257  0.438405  0.714957  0.755808  0.547103  0.612152  0.829551  0.772472  0.647754  0.737117  0.670780  0.549749  0.722001  0.767394  0.588690  0.482185  0.413309  0.818449  0.493378  0.583203  0.507188  0.518520  0.724841  0.599956  0.747970  0.433422  0.510287  0.507861  0.556085  0.529746  0.485480  0.506690  0.442317  0.549963  0.782176  0.623453 
36  0.558780  0.391873  0.615923  0.570505  0.776939  0.590799  0.544622  0.798074  0.500998  0.507813  0.733249  0.651000  0.572552  0.619732  0.625345  0.756336  0.750491  0.580553  0.738901  0.622393  0.622525  0.509668  0.634122  0.626791  0.527157  0.675422  0.617308  0.603422  0.796772  0.595070  0.582737  0.682538  0.663045  0.650981  0.613935  0.702337 0.0  0.734359  0.510991  0.550331  0.662330  0.593141  0.773451  0.600346  0.628137  0.590396  0.784420  0.597535  0.618236  0.582172  0.682941  0.748842  0.593430  0.590874  0.570183  0.539709  0.652678  0.668204  0.614934  0.594111  0.693570  0.537802  0.607539  0.557225  0.655378  0.650577  0.532397  0.708062  0.652564  0.566624  0.695700  0.540415  0.496551 
37  0.441554  0.687570  0.504321  0.610246  0.986495  0.391313  0.511724  0.587541  0.739737  0.656418  0.463762  0.644409  0.447738  0.704084  0.546465  0.482116  0.640687  0.671349  0.480457  0.287008  0.481394  0.686230  0.807160  0.619425  0.356251  0.557298  0.329766  0.647808  0.285131  0.460436  0.559352  0.408932  0.526468  0.514888  0.829795  0.649257  0.734359 0.0  0.674506  0.461370  0.560906  0.430757  0.739417  0.564572  0.939886  0.458906  0.768925  0.597213  0.493458  0.672168  0.686426  0.419912  0.612198  0.459963  0.675392  0.520247  0.487022  0.563533  0.500370  0.538970  0.514239  0.683043  0.538127  0.397939  0.450781  0.480265  0.390598  0.377022  0.582001  0.634495  0.558795  0.699455  0.488030 
38  0.371291  0.563123  0.584998  0.528497  0.813545  0.510089  0.236025  0.458783  0.658863  0.581839  0.427072  0.464880  0.502182  0.642967  0.460304  0.444597  0.403349  0.652215  0.553077  0.552749  0.405782  0.339442  0.809836  0.514083  0.451452  0.612583  0.339482  0.474876  0.551081  0.378942  0.178010  0.355746  0.417622  0.346948  0.781158  0.438405  0.510991  0.674506 0.0  0.575200  0.498864  0.542942  0.867448  0.639160  0.696542  0.460682  0.838599  0.607219  0.374784  0.492822  0.614800  0.403067  0.392560  0.402586  0.814738  0.437451  0.389770  0.416171  0.385829  0.560906  0.531163  0.635259  0.576053  0.484444  0.452653  0.504797  0.450026  0.666079  0.362564  0.452439  0.382728  0.709425  0.411588 
39  0.680078  0.780151  0.791352  0.365695  0.736055  0.618443  0.646309  0.738807  0.687457  0.692665  0.614593  0.576676  0.591809  0.560887  0.582958  0.538020  0.551412  0.565191  0.659775  0.502616  0.539283  0.669549  0.790049  0.374155  0.602181  0.546234  0.653009  0.575709  0.556852  0.645850  0.549794  0.474544  0.641022  0.547457  0.844753  0.714957  0.550331  0.461370  0.575200 0.0  0.537519  0.647940  0.695772  0.641130  0.798667  0.659284  0.884493  0.552455  0.572137  0.563347  0.526181  0.561981  0.607380  0.595601  0.688090  0.642285  0.604313  0.516848  0.528225  0.561386  0.687806  0.736361  0.677236  0.826911  0.605735  0.599562  0.634151  0.690548  0.550482  0.666511  0.663712  0.731206  0.621356 
40  0.501731  0.746630  0.657572  0.633388  0.865012  0.555164  0.549748  0.674943  0.756384  0.648988  0.454567  0.521680  0.593412  0.428313  0.546402  0.520223  0.416907  0.782178  0.490626  0.554699  0.547506  0.523753  0.849493  0.599065  0.607614  0.381407  0.525118  0.465082  0.452896  0.508760  0.509977  0.550835  0.493143  0.424323  0.816699  0.755808  0.662330  0.560906  0.498864  0.537519 0.0  0.502772  0.636381  0.578705  0.863056  0.631421  0.717142  0.658376  0.423083  0.335623  0.464707  0.474860  0.618966  0.565352  0.708679  0.469298  0.520621  0.486972  0.524042  0.462369  0.479455  0.718803  0.552786  0.610682  0.574280  0.635540  0.522554  0.748863  0.616766  0.574307  0.446811  0.644926  0.583244 
41  0.477184  0.707152  0.469771  0.508847  0.814257  0.259614  0.547643  0.520716  0.666190  0.650087  0.405252  0.546122  0.470618  0.592321  0.461789  0.582922  0.476823  0.676216  0.597290  0.435154  0.308117  0.518487  0.833308  0.534659  0.450795  0.571910  0.387834  0.475679  0.563522  0.481922  0.537464  0.598452  0.461901  0.533595  0.701318  0.547103  0.593141  0.430757  0.542942  0.647940  0.502772 0.0  0.636219  0.487347  0.801895  0.463317  0.832739  0.628060  0.493183  0.479327  0.746319  0.518348  0.546962  0.394600  0.785920  0.444026  0.408651  0.448345  0.383150  0.507643  0.344667  0.696404  0.287475  0.576277  0.456567  0.404164  0.449656  0.481749  0.432177  0.494677  0.548220  0.678764  0.337117 
42  0.752395  0.640395  0.662195  0.637751  0.658490  0.652020  0.682545  0.580193  0.673527  0.645827  0.694575  0.746214  0.684629  0.695197  0.725250  0.629926  0.653456  0.633718  0.792727  0.795093  0.700550  0.642184  0.600529  0.713655  0.711773  0.797800  0.675766  0.684158  0.717459  0.609441  0.737873  0.781794  0.690221  0.695628  0.573425  0.612152  0.773451  0.739417  0.867448  0.695772  0.636381  0.636219 0.0  0.515562  0.619931  0.812680  0.671543  0.610287  0.762085  0.758511  0.796859  0.752853  0.646879  0.730822  0.743627  0.751226  0.712326  0.706099  0.620223  0.625116  0.714177  0.668676  0.601323  0.751692  0.603378  0.657972  0.687203  0.589739  0.736583  0.752288  0.724544  0.565974  0.628875 
43  0.671710  0.654522  0.735608  0.655394  0.753549  0.576266  0.663114  0.611248  0.556510  0.500554  0.630452  0.754606  0.535644  0.564187  0.624575  0.625249  0.698567  0.485957  0.655621  0.533805  0.576699  0.610013  0.782026  0.561702  0.522361  0.535744  0.740889  0.738461  0.584868  0.541322  0.627024  0.650437  0.522717  0.630339  0.773255  0.829551  0.600346  0.564572  0.639160  0.641130  0.578705  0.487347  0.515562 0.0  0.687649  0.659681  0.732050  0.627421  0.572891  0.496561  0.604368  0.504423  0.648310  0.638917  0.454436  0.489374  0.647790  0.597280  0.640238  0.488788  0.609875  0.600214  0.571369  0.693750  0.512096  0.671761  0.607148  0.772954  0.509087  0.637342  0.586023  0.547097  0.632187 
44  0.742320  0.683972  0.800066  0.811047  0.355104  0.783414  0.792446  0.811740  0.598061  0.762648  0.678369  0.726273  0.780277  0.878981  0.697934  0.982899  0.895977  0.667905  0.881176  0.893748  0.779270  0.801925  0.670598  0.671023  0.801060  0.815084  0.868158  0.765528  0.754893  0.740790  0.625060  0.884338  0.876173  0.824496  0.545419  0.772472  0.628137  0.939886  0.696542  0.798667  0.863056  0.801895  0.619931  0.687649 0.0  0.802843  0.670549  0.735986  0.747065  0.786919  0.813967  0.820927  0.907645  0.660471  0.898633  0.751117  0.865642  0.862740  0.736976  0.846745  0.951032  0.835167  0.836110  0.695122  0.742146  0.785635  0.783021  0.825708  0.786681  0.801463  0.839790  0.738903  0.786604 
45  0.380054  0.634983  0.421727  0.555947  0.807812  0.308192  0.423669  0.625967  0.682282  0.700714  0.356801  0.562024  0.467732  0.661036  0.493229  0.580471  0.628070  0.762135  0.655211  0.444878  0.404539  0.442981  0.776772  0.554182  0.403594  0.657120  0.296529  0.413138  0.424637  0.297535  0.390055  0.466993  0.533283  0.376586  0.899871  0.647754  0.590396  0.458906  0.460682  0.659284  0.631421  0.463317  0.812680  0.659681  0.802843 0.0  0.882450  0.637747  0.599832  0.637934  0.637948  0.506025  0.423144  0.414749  0.827567  0.374052  0.487648  0.404050  0.414497  0.599972  0.341690  0.746922  0.469445  0.519094  0.460901  0.382159  0.295073  0.543272  0.414922  0.557377  0.429392  0.719060  0.322682 
46  0.840523  0.745080  0.580607  0.838370  0.543873  0.761690  0.794793  0.705033  0.686956  0.832761  0.805099  0.773310  0.777269  0.789470  0.777562  0.721837  0.759947  0.868055  0.779034  0.766435  0.729839  0.843644  0.435704  0.737151  0.920995  0.793956  0.822240  0.816391  0.790746  0.772536  0.767303  0.849147  0.826689  0.826243  0.551849  0.737117  0.784420  0.768925  0.838599  0.884493  0.717142  0.832739  0.671543  0.732050  0.670549  0.882450 0.0  0.652520  0.730632  0.756780  0.793956  0.866286  0.816236  0.767142  0.763224  0.887243  0.865747  0.712632  0.813235  0.715186  0.806638  0.709658  0.633378  0.807808  0.770015  0.865519  0.946269  0.684083  0.651881  0.667093  0.822969  0.716862  0.746399 
47  0.597314  0.502160  0.658119  0.480315  0.709561  0.490048  0.597979  0.703830  0.602303  0.660146  0.650110  0.693014  0.575132  0.541360  0.675108  0.578603  0.616210  0.684168  0.671306  0.562269  0.484253  0.608767  0.879433  0.467247  0.639849  0.703724  0.600840  0.612860  0.671956  0.582904  0.506078  0.738456  0.676942  0.582740  0.730044  0.670780  0.597535  0.597213  0.607219  0.552455  0.658376  0.628060  0.610287  0.627421  0.735986  0.637747  0.652520 0.0  0.645622  0.712998  0.386604  0.697844  0.618218  0.556859  0.786181  0.610929  0.633228  0.612495  0.560091  0.438303  0.619722  0.627779  0.617923  0.696046  0.564478  0.596982  0.652282  0.743953  0.584307  0.599286  0.686926  0.614308  0.575722 
48  0.509560  0.673550  0.752377  0.593109  0.878996  0.532595  0.441752  0.549982  0.703647  0.719127  0.645414  0.478820  0.464750  0.420862  0.464652  0.388802  0.408755  0.687913  0.309906  0.514331  0.551135  0.488054  0.872996  0.605997  0.403952  0.522690  0.533254  0.434591  0.569703  0.550909  0.371026  0.554169  0.334132  0.439410  0.935526  0.549749  0.618236  0.493458  0.374784  0.572137  0.423083  0.493183  0.762085  0.572891  0.747065  0.599832  0.730632  0.645622 0.0  0.365877  0.508517  0.279745  0.400891  0.525676  0.680000  0.420109  0.580392  0.300033  0.562148  0.526748  0.530512  0.754411  0.584515  0.606560  0.464598  0.614102  0.550974  0.770654  0.443633  0.463084  0.192979  0.716800  0.525989 
49  0.665972  0.670701  0.682123  0.640508  0.852244  0.618897  0.568615  0.750035  0.779184  0.718994  0.522460  0.564220  0.534972  0.411446  0.680647  0.332361  0.456200  0.675886  0.481333  0.572759  0.514026  0.566017  0.837844  0.577200  0.575721  0.307850  0.532365  0.749984  0.560741  0.589658  0.498626  0.527993  0.519600  0.603541  0.887624  0.722001  0.582172  0.672168  0.492822  0.563347  0.335623  0.479327  0.758511  0.496561  0.786919  0.637934  0.756780  0.712998  0.365877 0.0  0.618435  0.579101  0.502501  0.488583  0.607533  0.407024  0.547822  0.567089  0.487590  0.571573  0.618854  0.719631  0.638502  0.686143  0.651266  0.566968  0.657678  0.697960  0.560612  0.605440  0.587367  0.713140  0.522955 
50  0.699845  0.725507  0.720464  0.577866  0.849964  0.662020  0.692425  0.805317  0.731047  0.783535  0.670780  0.743671  0.727015  0.522086  0.619883  0.580108  0.552874  0.702542  0.555738  0.740612  0.639274  0.746260  1.000000  0.546094  0.647105  0.548427  0.525529  0.711783  0.725051  0.588399  0.576186  0.528248  0.535782  0.543376  0.889424  0.767394  0.682941  0.686426  0.614800  0.526181  0.464707  0.746319  0.796859  0.604368  0.813967  0.637948  0.793956  0.386604  0.508517  0.618435 0.0  0.493408  0.672935  0.638126  0.680707  0.611289  0.792566  0.611074  0.741296  0.403768  0.760138  0.680171  0.732397  0.753513  0.562967  0.721125  0.639022  0.826443  0.646091  0.788678  0.556483  0.739468  0.628015 
51  0.590327  0.775603  0.670485  0.701980  0.786528  0.675791  0.471487  0.673174  0.723367  0.888079  0.607610  0.470136  0.452207  0.524805  0.523830  0.374867  0.318494  0.667910  0.444660  0.601164  0.432716  0.440010  0.826028  0.521761  0.537249  0.491964  0.603015  0.451202  0.516170  0.513627  0.388122  0.566606  0.356087  0.455608  0.824794  0.588690  0.748842  0.419912  0.403067  0.561981  0.474860  0.518348  0.752853  0.504423  0.820927  0.506025  0.866286  0.697844  0.279745  0.579101  0.493408 0.0  0.516157  0.359658  0.616991  0.478059  0.571516  0.337840  0.491961  0.490082  0.529005  0.579168  0.532772  0.568195  0.471080  0.476707  0.602508  0.768490  0.514246  0.589717  0.292549  0.744335  0.538632 
52  0.415394  0.654072  0.557675  0.463392  0.898641  0.408564  0.494960  0.461689  0.629561  0.573393  0.566322  0.492887  0.402519  0.657297  0.352724  0.499292  0.496926  0.611544  0.624294  0.463342  0.409938  0.376366  0.856583  0.468018  0.430090  0.627201  0.425484  0.290134  0.525909  0.264114  0.382859  0.517372  0.486161  0.410180  0.761839  0.482185  0.593430  0.612198  0.392560  0.607380  0.618966  0.546962  0.646879  0.648310  0.907645  0.423144  0.816236  0.618218  0.400891  0.502501  0.672935  0.516157 0.0  0.363711  0.760988  0.416187  0.557913  0.442266  0.477139  0.587808  0.529137  0.709912  0.544968  0.468388  0.419295  0.461956  0.556287  0.574680  0.301994  0.513472  0.485181  0.689012  0.372166 
53  0.506383  0.662891  0.544211  0.484228  0.792886  0.436567  0.368853  0.438988  0.659636  0.496752  0.536939  0.495308  0.420311  0.504816  0.325500  0.443513  0.552576  0.770119  0.416881  0.541144  0.427535  0.405142  0.782380  0.570512  0.561588  0.522210  0.516269  0.393280  0.548714  0.528647  0.404333  0.518884  0.427446  0.404112  0.753894  0.413309  0.590874  0.459963  0.402586  0.595601  0.565352  0.394600  0.730822  0.638917  0.660471  0.414749  0.767142  0.556859  0.525676  0.488583  0.638126  0.359658  0.363711 0.0  0.735687  0.411024  0.429226  0.325271  0.390223  0.526571  0.439571  0.763807  0.430835  0.624334  0.326061  0.512389  0.437805  0.563792  0.274992  0.360232  0.421383  0.632083  0.389556 
