73
0 0.0  0.681845  0.652067  0.568663  0.676611  0.658025  0.693604  0.538973  0.503502  0.582020  0.624625  0.651479  0.610848  0.650441  0.793987  0.530477  0.619941  0.511897  0.715852  0.624352  0.700939  0.674921  0.419140  0.783731  0.613838  0.761099  0.745987  0.796518  0.780953  0.721613  0.670644  0.806180  0.738815  0.811423  0.591736  0.680561  0.680557  0.799947  0.688721  0.711442  0.650997  0.624678  0.615010  0.718304  0.784236  0.631080  0.677313  0.564688  0.737896  0.727983  0.649955  0.623744  0.789791  0.726268  0.678650  0.678174  0.652630  0.652302  0.602139  0.698070  0.823747  0.729607  0.445891  0.593159  0.589338  0.597823  0.814268  0.631120  0.711206  0.654214  0.563140  0.782821  0.745777 
1  0.681845 0.0  0.440249  0.520284  0.440207  0.500033  0.885004  0.701969  0.560749  0.726053  0.656955  0.685377  0.781372  0.497838  0.624154  0.405512  0.465551  0.657200  0.595174  0.461509  0.417265  0.476526  0.773265  0.369890  0.564142  0.626715  0.261733  0.518482  0.510114  0.855414  0.822398  0.546549  0.895316  0.498051  0.418096  0.431438  0.459940  0.635487  0.373873  0.592667  0.456976  0.649876  0.591945  0.568808  0.807855  0.373214  0.545221  0.565279  0.696513  0.439090  0.411548  0.464356  0.599044  0.281659  0.406122  0.406974  0.640115  0.375425  0.390873  0.523730  0.885514  0.484588  0.607765  0.559342  0.658344  0.484934  0.606012  0.506943  0.943628  0.400221  0.554455  0.350867  0.648782 
2  0.652067  0.440249 0.0  0.518377  0.623480  0.474652  0.780184  0.647900  0.636084  0.674625  0.663929  0.511772  0.670378  0.579465  0.533647  0.414999  0.413952  0.550015  0.595586  0.333806  0.510379  0.425610  0.823001  0.466933  0.657189  0.453290  0.332765  0.616206  0.591640  0.805183  0.851513  0.603413  0.883594  0.492175  0.363942  0.310776  0.386977  0.656193  0.364149  0.547893  0.456046  0.733535  0.581809  0.567540  0.758599  0.570928  0.461143  0.537242  0.700690  0.396151  0.606936  0.420360  0.498290  0.410031  0.414103  0.370505  0.614636  0.491896  0.468131  0.456127  0.819479  0.599638  0.577629  0.531306  0.582157  0.522724  0.774725  0.416888  0.841633  0.501500  0.561112  0.426627  0.533859 
3  0.568663  0.520284  0.518377 0.0  0.558480  0.413583  0.730104  0.621225  0.507748  0.579171  0.629174  0.365370  0.631826  0.371685  0.550460  0.435290  0.405274  0.536354  0.311931  0.395335  0.401512  0.465256  0.677347  0.522881  0.568243  0.473960  0.469045  0.493775  0.394103  0.795976  0.691235  0.451283  0.784992  0.673324  0.383981  0.360283  0.386701  0.566454  0.511613  0.483865  0.382079  0.690483  0.600747  0.519889  0.722442  0.456484  0.422653  0.482394  0.554031  0.440995  0.460897  0.366342  0.408412  0.547993  0.536247  0.503285  0.642846  0.495946  0.464669  0.388257  0.769830  0.271374  0.678495  0.475831  0.569302  0.432414  0.561555  0.547895  0.718046  0.501053  0.581770  0.402566  0.297216 
4  0.676611  0.440207  0.623480  0.558480 0.0  0.431655  0.625985  0.779140  0.471061  0.680259  0.758699  0.562808  0.451901  0.628758  0.517241  0.591875  0.654529  0.616670  0.568453  0.320048  0.522143  0.481004  0.808071  0.527855  0.661292  0.487568  0.388743  0.411983  0.522318  0.631863  0.699542  0.581302  0.795891  0.381713  0.467985  0.349553  0.406673  0.595634  0.558844  0.503123  0.524715  0.613851  0.594460  0.462901  0.660564  0.569413  0.403797  0.535153  0.494797  0.464714  0.440795  0.347153  0.452552  0.501813  0.578309  0.508438  0.634592  0.429460  0.526204  0.579039  0.739686  0.524583  0.564839  0.504354  0.806824  0.733724  0.462649  0.440329  0.706803  0.671454  0.798882  0.570607  0.598206 
5  0.658025  0.500033  0.474652  0.413583  0.431655 0.0  0.748319  0.569694  0.540716  0.512265  0.698680  0.382887  0.595134  0.391355  0.480646  0.407374  0.324854  0.619429  0.387775  0.478447  0.269540  0.519661  0.625761  0.532045  0.555637  0.397664  0.534147  0.459579  0.523257  0.681011  0.809291  0.383076  0.746095  0.523312  0.480795  0.494380  0.434521  0.598594  0.596387  0.443356  0.463185  0.563622  0.580620  0.300970  0.721980  0.286500  0.369114  0.439168  0.514784  0.507116  0.504973  0.492867  0.433089  0.526612  0.455562  0.563147  0.770576  0.391032  0.215093  0.448386  0.751922  0.418938  0.635923  0.389532  0.669923  0.564997  0.438270  0.475352  0.825009  0.552574  0.573179  0.417895  0.481152 
6  0.693604  0.885004  0.780184  0.730104  0.625985  0.748319 0.0  0.672401  0.614702  0.507661  0.821482  0.769725  0.463120  0.732926  0.636809  0.799481  0.842223  0.677218  0.798643  0.723507  0.803668  0.714431  0.840945  0.711553  0.728915  0.819143  0.839698  0.697026  0.629366  0.535029  0.446691  0.896441  0.524696  0.744937  0.730487  0.725562  0.855178  0.686824  0.848210  0.765842  0.664697  0.652679  0.637772  0.786865  0.455427  0.723593  0.795067  0.713916  0.903671  0.746446  0.880312  0.799705  0.824711  0.802489  0.880006  0.825323  0.801376  0.724027  0.767710  0.840860  0.544002  0.756842  0.744458  0.773593  0.730694  0.807048  0.653892  0.768547  0.546868  0.755571  0.708109  0.721984  0.733708 
7  0.538973  0.701969  0.647900  0.621225  0.779140  0.569694  0.672401 0.0  0.533034  0.634573  0.806329  0.709386  0.551512  0.565403  0.803332  0.658524  0.711391  0.469956  0.676364  0.722642  0.608155  0.576196  0.735299  0.632294  0.505291  0.637369  0.708173  0.759527  0.760283  0.743880  0.758947  0.659537  0.745165  0.762862  0.685861  0.581216  0.598365  0.714049  0.647120  0.537267  0.611994  0.585174  0.560439  0.659054  0.725432  0.624547  0.606625  0.435961  0.825995  0.662667  0.638826  0.708543  0.712868  0.684314  0.714383  0.616073  0.636057  0.715951  0.538428  0.702811  0.825348  0.655311  0.564084  0.716186  0.675569  0.691947  0.712502  0.578048  0.769001  0.748181  0.672037  0.688744  0.654786 
8  0.503502  0.560749  0.636084  0.507748  0.471061  0.540716  0.614702  0.533034 0.0  0.453458  0.489609  0.499075  0.527975  0.471552  0.685425  0.479329  0.655719  0.463127  0.544864  0.372401  0.467779  0.608684  0.554519  0.578552  0.461342  0.625862  0.540174  0.645501  0.620848  0.635671  0.607993  0.459127  0.599483  0.590206  0.465448  0.491044  0.488353  0.617282  0.604745  0.485833  0.556548  0.567568  0.587235  0.422178  0.605094  0.488679  0.427432  0.469821  0.647926  0.531509  0.517178  0.551306  0.620419  0.606813  0.670008  0.570002  0.515964  0.533420  0.604608  0.447143  0.564734  0.511290  0.547387  0.612824  0.535822  0.446629  0.680231  0.576842  0.839554  0.599052  0.680495  0.486138  0.537768 
9  0.582020  0.726053  0.674625  0.579171  0.680259  0.512265  0.507661  0.634573  0.453458 0.0  0.778270  0.516231  0.683600  0.562865  0.657204  0.708002  0.679812  0.575580  0.503825  0.614131  0.644760  0.643352  0.773045  0.533398  0.548125  0.636594  0.635507  0.647375  0.745733  0.648788  0.519181  0.635422  0.538664  0.784767  0.621852  0.572027  0.515738  0.649026  0.578735  0.530766  0.676245  0.630545  0.652074  0.756741  0.621973  0.674968  0.650564  0.525691  0.613010  0.636733  0.612815  0.549154  0.700443  0.604114  0.653394  0.689874  0.718007  0.679423  0.532441  0.622962  0.593801  0.586180  0.583312  0.667120  0.714820  0.705179  0.710687  0.544716  0.728217  0.661892  0.717684  0.612049  0.631551 
10  0.624625  0.656955  0.663929  0.629174  0.758699  0.698680  0.821482  0.806329  0.489609  0.778270 0.0  0.717597  0.660832  0.802980  0.833338  0.781688  0.717529  0.605895  0.671801  0.546587  0.668124  0.757489  0.649520  0.618894  0.664385  0.638354  0.529274  0.805507  0.802284  0.814531  0.724425  0.774245  0.893546  0.823509  0.766532  0.733800  0.762563  0.898533  0.564391  0.807718  0.707211  0.678507  0.723077  0.742623  0.749181  0.720303  0.766606  0.627495  0.847038  0.774046  0.687144  0.671074  0.857675  0.774029  0.703162  0.709488  0.338811  0.800997  0.675113  0.769040  0.668477  0.720952  0.431424  0.725886  0.594130  0.547968  0.940364  0.650326  0.933376  0.607402  0.671437  0.792391  0.743344 
11  0.651479  0.685377  0.511772  0.365370  0.562808  0.382887  0.769725  0.709386  0.499075  0.516231  0.717597 0.0  0.517908  0.480481  0.451902  0.506687  0.321592  0.602441  0.319338  0.460026  0.361862  0.470184  0.689999  0.547363  0.625622  0.206481  0.579006  0.441059  0.496280  0.820555  0.709416  0.330510  0.644714  0.525941  0.500274  0.491273  0.446380  0.562919  0.478313  0.438866  0.491682  0.657249  0.608672  0.380605  0.701742  0.426082  0.373044  0.387936  0.515087  0.411119  0.485541  0.367327  0.278497  0.493440  0.531635  0.512911  0.843332  0.437419  0.407360  0.368781  0.677394  0.321348  0.634125  0.465626  0.575501  0.650782  0.472872  0.526715  0.761166  0.615616  0.620577  0.527864  0.412529 
12  0.610848  0.781372  0.670378  0.631826  0.451901  0.595134  0.463120  0.551512  0.527975  0.683600  0.660832  0.517908 0.0  0.665550  0.426505  0.760087  0.668877  0.673783  0.565010  0.633142  0.664877  0.558995  0.768559  0.753196  0.721811  0.531883  0.689937  0.678426  0.524066  0.464180  0.611583  0.652131  0.509904  0.527682  0.603091  0.687059  0.532901  0.631888  0.773155  0.549551  0.529675  0.691925  0.786046  0.635828  0.762464  0.823548  0.505790  0.720806  0.612387  0.566456  0.659406  0.651566  0.707973  0.674222  0.726469  0.688468  0.774544  0.561903  0.516461  0.645618  0.529152  0.558661  0.642586  0.677648  0.716222  0.674240  0.513131  0.574783  0.823014  0.593666  0.755136  0.733282  0.648106 
13  0.650441  0.497838  0.579465  0.371685  0.628758  0.391355  0.732926  0.565403  0.471552  0.562865  0.802980  0.480481  0.665550 0.0  0.429459  0.625602  0.430804  0.653555  0.430368  0.405892  0.263845  0.520245  0.603812  0.563135  0.634902  0.418387  0.589140  0.363270  0.569670  0.751914  0.766915  0.500134  0.942110  0.631696  0.506110  0.320690  0.374566  0.520297  0.588188  0.507230  0.432450  0.686847  0.460644  0.339679  0.754226  0.361746  0.405364  0.523301  0.396945  0.488116  0.487461  0.414889  0.407326  0.596635  0.409262  0.648819  0.673591  0.457073  0.165572  0.423994  0.740612  0.495495  0.563374  0.432709  0.735090  0.579209  0.429918  0.405492  0.787140  0.506263  0.642939  0.452324  0.407040 
14  0.793987  0.624154  0.533647  0.550460  0.517241  0.480646  0.636809  0.803332  0.685425  0.657204  0.833338  0.451902  0.426505  0.429459 0.0  0.639908  0.541101  0.745559  0.498293  0.481181  0.496116  0.431233  0.744170  0.663935  0.644966  0.603262  0.535777  0.330386  0.401668  0.679822  0.679208  0.569807  0.821077  0.324510  0.562036  0.444820  0.531721  0.449638  0.547834  0.517190  0.545482  0.705833  0.643606  0.366631  0.769383  0.520917  0.466320  0.672647  0.429173  0.694979  0.636066  0.599456  0.507200  0.759587  0.551004  0.635245  0.886082  0.430122  0.469857  0.470950  0.632838  0.644916  0.777930  0.543352  0.705929  0.550697  0.285754  0.588080  0.823456  0.482085  0.662768  0.537185  0.449283 
15  0.530477  0.405512  0.414999  0.435290  0.591875  0.407374  0.799481  0.658524  0.479329  0.708002  0.781688  0.506687  0.760087  0.625602  0.639908 0.0  0.489983  0.659344  0.510102  0.374966  0.621085  0.306436  0.730537  0.411015  0.687773  0.565201  0.345212  0.669122  0.534801  0.778214  0.880473  0.681446  0.858247  0.543447  0.447911  0.302794  0.388177  0.639951  0.467691  0.500627  0.505974  0.707673  0.490352  0.492187  0.890757  0.547988  0.426428  0.435206  0.648729  0.472045  0.471518  0.473419  0.485191  0.405101  0.380821  0.312463  0.722306  0.479443  0.440402  0.567247  0.774927  0.481442  0.800575  0.593761  0.613123  0.423323  0.655987  0.460874  0.908691  0.403077  0.544798  0.399232  0.506157 
16  0.619941  0.465551  0.413952  0.405274  0.654529  0.324854  0.842223  0.711391  0.655719  0.679812  0.717529  0.321592  0.668877  0.430804  0.541101  0.489983 0.0  0.665120  0.471404  0.513830  0.344447  0.464502  0.674811  0.602849  0.525418  0.446857  0.483580  0.519488  0.583646  0.959185  0.877484  0.454886  0.753707  0.699942  0.507265  0.494513  0.539382  0.637305  0.528374  0.480032  0.474624  0.697214  0.517418  0.466028  0.842944  0.269533  0.527510  0.425397  0.405996  0.491007  0.509502  0.462398  0.447431  0.503965  0.397033  0.433185  0.652993  0.424869  0.283167  0.430572  0.866792  0.528784  0.640651  0.544675  0.620548  0.605856  0.546211  0.583617  0.802868  0.626084  0.600249  0.421534  0.450105 
17  0.511897  0.657200  0.550015  0.536354  0.616670  0.619429  0.677218  0.469956  0.463127  0.575580  0.605895  0.602441  0.673783  0.653555  0.745559  0.659344  0.665120 0.0  0.448250  0.558902  0.636187  0.531564  0.575295  0.467872  0.527944  0.594286  0.531463  0.644100  0.663722  0.800382  0.645836  0.651034  0.639727  0.736944  0.624436  0.665202  0.591380  0.735240  0.615010  0.614619  0.647526  0.579296  0.634424  0.467595  0.689267  0.577501  0.674327  0.544739  0.820199  0.633337  0.449945  0.557773  0.542641  0.525766  0.621552  0.519804  0.517265  0.638308  0.600041  0.669638  0.814082  0.521271  0.496770  0.589158  0.624869  0.535993  0.739850  0.547092  0.836085  0.499521  0.605452  0.455198  0.505167 
18  0.715852  0.595174  0.595586  0.311931  0.568453  0.387775  0.798643  0.676364  0.544864  0.503825  0.671801  0.319338  0.565010  0.430368  0.498293  0.510102  0.471404  0.448250 0.0  0.511187  0.359109  0.467822  0.627422  0.415854  0.539073  0.471951  0.649430  0.357445  0.520934  0.731987  0.816158  0.506816  0.779457  0.534116  0.381295  0.364711  0.394287  0.432761  0.497721  0.479691  0.409267  0.686284  0.602726  0.500696  0.808389  0.421366  0.404818  0.390159  0.513554  0.398319  0.348723  0.438096  0.398566  0.517717  0.486762  0.498483  0.588246  0.398759  0.364684  0.452218  0.718240  0.222355  0.573219  0.487955  0.569121  0.623534  0.483587  0.424464  0.703943  0.478157  0.654590  0.532317  0.409443 
19  0.624352  0.461509  0.333806  0.395335  0.320048  0.478447  0.723507  0.722642  0.372401  0.614131  0.546587  0.460026  0.633142  0.405892  0.481181  0.374966  0.513830  0.558902  0.511187 0.0  0.422240  0.364276  0.755482  0.524209  0.604658  0.499288  0.343172  0.548600  0.479190  0.898263  0.834496  0.510775  0.807645  0.520371  0.332934  0.280024  0.514832  0.648518  0.297435  0.469910  0.401229  0.665516  0.515192  0.592342  0.813866  0.391988  0.366634  0.479426  0.654529  0.275460  0.371207  0.252011  0.493992  0.421663  0.477381  0.295051  0.642801  0.455621  0.445687  0.643636  0.818267  0.476409  0.627005  0.579348  0.690576  0.519252  0.618082  0.480406  0.751875  0.472243  0.559242  0.508638  0.447749 
20  0.700939  0.417265  0.510379  0.401512  0.522143  0.269540  0.803668  0.608155  0.467779  0.644760  0.668124  0.361862  0.664877  0.263845  0.496116  0.621085  0.344447  0.636187  0.359109  0.422240 0.0  0.434561  0.612061  0.508535  0.506989  0.325581  0.452388  0.453843  0.433010  0.701095  0.754995  0.316894  0.747973  0.546136  0.386132  0.536225  0.377346  0.536465  0.521919  0.396144  0.508124  0.554152  0.656519  0.377314  0.736103  0.391410  0.421242  0.568773  0.411664  0.346041  0.388158  0.418784  0.275574  0.488775  0.388363  0.414114  0.668884  0.447796  0.216364  0.362597  0.740369  0.493745  0.490088  0.389016  0.628499  0.471945  0.503534  0.606775  0.866972  0.456478  0.690946  0.421411  0.305548 
21  0.674921  0.476526  0.425610  0.465256  0.481004  0.519661  0.714431  0.576196  0.608684  0.643352  0.757489  0.470184  0.558995  0.520245  0.431233  0.306436  0.464502  0.531564  0.467822  0.364276  0.434561 0.0  0.643974  0.527421  0.557728  0.506107  0.378836  0.549889  0.557975  0.695823  0.755466  0.461348  0.767378  0.514301  0.323545  0.378499  0.334980  0.561935  0.517689  0.422194  0.404271  0.699864  0.433632  0.533283  0.867828  0.431386  0.309208  0.433479  0.507126  0.347057  0.305032  0.449005  0.493493  0.540830  0.575786  0.446157  0.725271  0.406850  0.464885  0.469662  0.726871  0.488428  0.560726  0.524810  0.629445  0.589685  0.527274  0.373135  0.757057  0.502207  0.685951  0.515250  0.553952 
22  0.419140  0.773265  0.823001  0.677347  0.808071  0.625761  0.840945  0.735299  0.554519  0.773045  0.649520  0.689999  0.768559  0.603812  0.744170  0.730537  0.674811  0.575295  0.627422  0.755482  0.612061  0.643974 0.0  0.625379  0.602093  0.564470  0.757479  0.884540  0.769128  0.642392  0.830775  0.610256  0.735693  0.759936  0.669601  0.669426  0.605915  0.847323  0.747209  0.671904  0.696151  0.508793  0.753169  0.667108  0.742641  0.715934  0.630147  0.632317  0.790717  0.596492  0.664864  0.593280  0.687770  0.666173  0.872767  0.682213  0.651557  0.657783  0.625373  0.752996  0.863271  0.635659  0.627997  0.624883  0.627764  0.723130  0.723652  0.674603  0.783831  0.748761  0.657476  0.780396  0.715221 
23  0.783731  0.369890  0.466933  0.522881  0.527855  0.532045  0.711553  0.632294  0.578552  0.533398  0.618894  0.547363  0.753196  0.563135  0.663935  0.411015  0.602849  0.467872  0.415854  0.524209  0.508535  0.527421  0.625379 0.0  0.535953  0.491973  0.348166  0.687138  0.667046  0.769373  0.764987  0.607511  0.701732  0.655824  0.428753  0.507905  0.517871  0.649205  0.502198  0.468946  0.483723  0.755084  0.540847  0.629513  0.847265  0.533856  0.585441  0.465299  0.662632  0.586928  0.465874  0.655306  0.524094  0.440921  0.428281  0.470069  0.637594  0.542429  0.538427  0.531729  0.808186  0.467119  0.595260  0.517501  0.377079  0.378331  0.637288  0.599262  0.776837  0.431226  0.503928  0.579031  0.577897 
24  0.613838  0.564142  0.657189  0.568243  0.661292  0.555637  0.728915  0.505291  0.461342  0.548125  0.664385  0.625622  0.721811  0.634902  0.644966  0.687773  0.525418  0.527944  0.539073  0.604658  0.506989  0.557728  0.602093  0.535953 0.0  0.565680  0.528362  0.668367  0.718174  0.731507  0.750044  0.678770  0.789464  0.630339  0.513678  0.571537  0.479988  0.602511  0.746122  0.524489  0.504047  0.561457  0.522605  0.573708  0.741354  0.629819  0.588461  0.391313  0.629712  0.586389  0.480610  0.500836  0.482237  0.623707  0.705903  0.522241  0.663443  0.482703  0.602261  0.690575  0.786468  0.484890  0.584169  0.522867  0.408108  0.488283  0.695362  0.401428  0.739648  0.652776  0.400901  0.619514  0.561848 
25  0.761099  0.626715  0.453290  0.473960  0.487568  0.397664  0.819143  0.637369  0.625862  0.636594  0.638354  0.206481  0.531883  0.418387  0.603262  0.565201  0.446857  0.594286  0.471951  0.499288  0.325581  0.506107  0.564470  0.491973  0.565680 0.0  0.521762  0.398309  0.436353  0.713766  0.749341  0.306844  0.730486  0.536798  0.509638  0.472056  0.509157  0.653025  0.516182  0.333904  0.394594  0.608504  0.559533  0.382041  0.661411  0.382794  0.444565  0.524495  0.477102  0.437865  0.462656  0.381243  0.527503  0.453706  0.525573  0.538969  0.745044  0.547683  0.544881  0.332654  0.796912  0.477491  0.560430  0.386849  0.609117  0.529242  0.644687  0.512441  0.796752  0.513282  0.681226  0.479722  0.386076 
26  0.745987  0.261733  0.332765  0.469045  0.388743  0.534147  0.839698  0.708173  0.540174  0.635507  0.529274  0.579006  0.689937  0.589140  0.535777  0.345212  0.483580  0.531463  0.649430  0.343172  0.452388  0.378836  0.757479  0.348166  0.528362  0.521762 0.0  0.533085  0.625396  0.705037  0.817938  0.581701  0.790782  0.537153  0.453898  0.511404  0.359934  0.613393  0.434564  0.506516  0.451016  0.617128  0.481476  0.506708  0.964714  0.468818  0.463048  0.564084  0.535381  0.488310  0.536488  0.443416  0.500447  0.346866  0.404048  0.434764  0.733322  0.483836  0.490658  0.432304  0.880278  0.479308  0.612293  0.515344  0.537078  0.533383  0.648505  0.428976  0.762623  0.516461  0.587084  0.420223  0.510641 
27  0.796518  0.518482  0.616206  0.493775  0.411983  0.459579  0.697026  0.759527  0.645501  0.647375  0.805507  0.441059  0.678426  0.363270  0.330386  0.669122  0.519488  0.644100  0.357445  0.548600  0.453843  0.549889  0.884540  0.687138  0.668367  0.398309  0.533085 0.0  0.536397  0.721866  0.651027  0.490325  0.696373  0.528835  0.472423  0.486305  0.414525  0.499399  0.649483  0.331145  0.451420  0.724616  0.715201  0.401960  0.704122  0.476774  0.496703  0.646291  0.531220  0.416507  0.511984  0.542932  0.412857  0.607532  0.555558  0.597069  0.663040  0.451803  0.397800  0.427307  0.688944  0.427286  0.547693  0.478613  0.643191  0.673580  0.388139  0.491926  0.684521  0.611087  0.704987  0.446364  0.452880 
28  0.780953  0.510114  0.591640  0.394103  0.522318  0.523257  0.629366  0.760283  0.620848  0.745733  0.802284  0.496280  0.524066  0.569670  0.401668  0.534801  0.583646  0.663722  0.520934  0.479190  0.433010  0.557975  0.769128  0.667046  0.718174  0.436353  0.625396  0.536397 0.0  0.588776  0.734590  0.539150  0.743572  0.333921  0.457837  0.617181  0.453331  0.544027  0.545838  0.553877  0.377673  0.733358  0.677423  0.542533  0.810189  0.528308  0.426307  0.693788  0.560674  0.448497  0.412272  0.392678  0.550358  0.603688  0.631539  0.480464  0.836446  0.397936  0.513567  0.568154  0.728141  0.489120  0.732711  0.589167  0.815196  0.729179  0.435940  0.463086  0.730268  0.635022  0.823934  0.588186  0.578764 
29  0.721613  0.855414  0.805183  0.795976  0.631863  0.681011  0.535029  0.743880  0.635671  0.648788  0.814531  0.820555  0.464180  0.751914  0.679822  0.778214  0.959185  0.800382  0.731987  0.898263  0.701095  0.695823  0.642392  0.769373  0.731507  0.713766  0.705037  0.721866  0.588776 0.0  0.701175  0.806053  0.721484  0.599999  0.828115  0.724063  0.725287  0.735649  0.895951  0.746087  0.651810  0.669793  0.892822  0.832761  0.560315  0.855853  0.746631  0.774197  0.764969  0.764939  0.701455  0.845531  0.819856  0.870325  0.826949  0.784245  0.737977  0.743489  0.690639  0.765870  0.292150  0.764536  0.709232  0.749747  0.779921  0.794949  0.543595  0.809529  0.705405  0.833955  0.796534  0.883885  0.737583 
30  0.670644  0.822398  0.851513  0.691235  0.699542  0.809291  0.446691  0.758947  0.607993  0.519181  0.724425  0.709416  0.611583  0.766915  0.679208  0.880473  0.877484  0.645836  0.816158  0.834496  0.754995  0.755466  0.830775  0.764987  0.750044  0.749341  0.817938  0.651027  0.734590  0.701175 0.0  0.768819  0.358184  0.727318  0.735789  0.706214  0.717041  0.501433  0.872939  0.828116  0.733065  0.765196  0.777023  0.704658  0.372254  0.805923  0.817613  0.697173  0.684630  0.826812  0.764523  0.789393  0.671407  0.927333  0.815266  0.820153  0.768829  0.726027  0.745122  0.764449  0.604546  0.640135  0.764043  0.769528  0.777882  0.875680  0.703078  0.708273  0.683068  0.794909  0.872338  0.881361  0.759095 
31  0.806180  0.546549  0.603413  0.451283  0.581302  0.383076  0.896441  0.659537  0.459127  0.635422  0.774245  0.330510  0.652131  0.500134  0.569807  0.681446  0.454886  0.651034  0.506816  0.510775  0.316894  0.461348  0.610256  0.607511  0.678770  0.306844  0.581701  0.490325  0.539150  0.806053  0.768819 0.0  0.769176  0.455597  0.388804  0.486058  0.404914  0.575156  0.617072  0.525355  0.501101  0.636477  0.612053  0.473735  0.806357  0.458586  0.511261  0.515182  0.501262  0.574990  0.514520  0.631565  0.403419  0.607383  0.537164  0.519128  0.601257  0.518456  0.385115  0.455330  0.755471  0.318168  0.608906  0.341511  0.721664  0.650127  0.618021  0.493348  0.736676  0.596185  0.678455  0.465573  0.349070 
32  0.738815  0.895316  0.883594  0.784992  0.795891  0.746095  0.524696  0.745165  0.599483  0.538664  0.893546  0.644714  0.509904  0.942110  0.821077  0.858247  0.753707  0.639727  0.779457  0.807645  0.747973  0.767378  0.735693  0.701732  0.789464  0.730486  0.790782  0.696373  0.743572  0.721484  0.358184  0.769176 0.0  0.784787  0.742186  0.683440  0.737462  0.648544  0.826550  0.711447  0.699906  0.679846  0.720646  0.716829  0.335812  0.754300  0.684102  0.571609  0.688916  0.706232  0.790808  0.695843  0.795624  0.827748  0.790557  0.713443  0.727224  0.659365  0.766254  0.763883  0.687546  0.751789  0.627950  0.776440  0.754719  0.879266  0.649896  0.707982  0.628427  0.903761  0.861472  0.769859  0.836554 
33  0.811423  0.498051  0.492175  0.673324  0.381713  0.523312  0.744937  0.762862  0.590206  0.784767  0.823509  0.525941  0.527682  0.631696  0.324510  0.543447  0.699942  0.736944  0.534116  0.520371  0.546136  0.514301  0.759936  0.655824  0.630339  0.536798  0.537153  0.528835  0.333921  0.599999  0.727318  0.455597  0.784787 0.0  0.539327  0.520541  0.498814  0.570770  0.637781  0.454686  0.435975  0.749366  0.688469  0.587375  0.708395  0.634489  0.431043  0.593468  0.594159  0.504687  0.468880  0.467914  0.602752  0.560934  0.603576  0.517387  0.909537  0.466935  0.662564  0.495044  0.622134  0.566939  0.618484  0.654781  0.770073  0.611355  0.452773  0.432843  0.696053  0.658099  0.707673  0.536231  0.555608 
34  0.591736  0.418096  0.363942  0.383981  0.467985  0.480795  0.730487  0.685861  0.465448  0.621852  0.766532  0.500274  0.603091  0.506110  0.562036  0.447911  0.507265  0.624436  0.381295  0.332934  0.386132  0.323545  0.669601  0.428753  0.513678  0.509638  0.453898  0.472423  0.457837  0.828115  0.735789  0.388804  0.742186  0.539327 0.0  0.339607  0.290713  0.676609  0.549167  0.512671  0.392131  0.662029  0.622476  0.553155  0.823131  0.326823  0.375821  0.443659  0.587498  0.477905  0.296318  0.500465  0.388643  0.344856  0.554712  0.422538  0.657835  0.362483  0.421997  0.512270  0.817423  0.504341  0.602629  0.529856  0.610881  0.446612  0.499945  0.401619  0.760506  0.507607  0.688167  0.396846  0.423071 
35  0.680561  0.431438  0.310776  0.360283  0.349553  0.494380  0.725562  0.581216  0.491044  0.572027  0.733800  0.491273  0.687059  0.320690  0.444820  0.302794  0.494513  0.665202  0.364711  0.280024  0.536225  0.378499  0.669426  0.507905  0.571537  0.472056  0.511404  0.486305  0.617181  0.724063  0.706214  0.486058  0.683440  0.520541  0.339607 0.0  0.380991  0.565678  0.493154  0.360103  0.412435  0.661946  0.547735  0.523067  0.708750  0.440645  0.364449  0.541158  0.607622  0.437465  0.305055  0.257387  0.266369  0.367033  0.463440  0.448555  0.641136  0.439711  0.449735  0.520707  0.685646  0.458555  0.516875  0.445863  0.763429  0.511559  0.551831  0.282117  0.757787  0.549046  0.601596  0.459773  0.342667 
36  0.680557  0.459940  0.386977  0.386701  0.406673  0.434521  0.855178  0.598365  0.488353  0.515738  0.762563  0.446380  0.532901  0.374566  0.531721  0.388177  0.539382  0.591380  0.394287  0.514832  0.377346  0.334980  0.605915  0.517871  0.479988  0.509157  0.359934  0.414525  0.453331  0.725287  0.717041  0.404914  0.737462  0.498814  0.290713  0.380991 0.0  0.617159  0.360264  0.409788  0.390187  0.588207  0.493051  0.397170  0.790318  0.463304  0.361827  0.559320  0.604873  0.351257  0.389727  0.382927  0.522435  0.344283  0.502230  0.369725  0.570871  0.418440  0.478538  0.425450  0.695886  0.334792  0.722122  0.424789  0.635473  0.551131  0.645204  0.355627  0.688222  0.475527  0.692919  0.439952  0.379635 
37  0.799947  0.635487  0.656193  0.566454  0.595634  0.598594  0.686824  0.714049  0.617282  0.649026  0.898533  0.562919  0.631888  0.520297  0.449638  0.639951  0.637305  0.735240  0.432761  0.648518  0.536465  0.561935  0.847323  0.649205  0.602511  0.653025  0.613393  0.499399  0.544027  0.735649  0.501433  0.575156  0.648544  0.570770  0.676609  0.565678  0.617159 0.0  0.565815  0.570412  0.699160  0.740317  0.612891  0.614285  0.633888  0.554199  0.485474  0.636615  0.371748  0.620712  0.627627  0.524995  0.484313  0.711150  0.699852  0.650603  0.844523  0.413485  0.573648  0.419955  0.654627  0.449733  0.642837  0.545351  0.728807  0.747042  0.552439  0.614120  0.628859  0.622856  0.672506  0.642190  0.538106 
38  0.688721  0.373873  0.364149  0.511613  0.558844  0.596387  0.848210  0.647120  0.604745  0.578735  0.564391  0.478313  0.773155  0.588188  0.547834  0.467691  0.528374  0.615010  0.497721  0.297435  0.521919  0.517689  0.747209  0.502198  0.746122  0.516182  0.434564  0.649483  0.545838  0.895951  0.872939  0.617072  0.826550  0.637781  0.549167  0.493154  0.360264  0.565815 0.0  0.514293  0.327161  0.778615  0.639692  0.526182  0.869577  0.468570  0.593376  0.508526  0.608120  0.471168  0.501575  0.531379  0.521390  0.408127  0.438752  0.480148  0.684418  0.494022  0.521525  0.570734  0.843135  0.513612  0.560371  0.617646  0.576924  0.420974  0.663965  0.434663  0.790770  0.429098  0.488034  0.544174  0.490274 
39  0.711442  0.592667  0.547893  0.483865  0.503123  0.443356  0.765842  0.537267  0.485833  0.530766  0.807718  0.438866  0.549551  0.507230  0.517190  0.500627  0.480032  0.614619  0.479691  0.469910  0.396144  0.422194  0.671904  0.468946  0.524489  0.333904  0.506516  0.331145  0.553877  0.746087  0.828116  0.525355  0.711447  0.454686  0.512671  0.360103  0.409788  0.570412  0.514293 0.0  0.492389  0.574226  0.565522  0.506786  0.787799  0.462928  0.286531  0.462681  0.433167  0.341483  0.263499  0.357645  0.372604  0.491361  0.440373  0.527578  0.589886  0.319644  0.469093  0.414552  0.832395  0.453394  0.627454  0.427970  0.635761  0.608212  0.545896  0.186642  0.705173  0.496134  0.658652  0.447722  0.436177 
40  0.650997  0.456976  0.456046  0.382079  0.524715  0.463185  0.664697  0.611994  0.556548  0.676245  0.707211  0.491682  0.529675  0.432450  0.545482  0.505974  0.474624  0.647526  0.409267  0.401229  0.508124  0.404271  0.696151  0.483723  0.504047  0.394594  0.451016  0.451420  0.377673  0.651810  0.733065  0.501101  0.699906  0.435975  0.392131  0.412435  0.390187  0.699160  0.327161  0.492389 0.0  0.598251  0.579419  0.419309  0.708551  0.440774  0.368369  0.487945  0.519647  0.327850  0.318790  0.356969  0.410231  0.480565  0.431759  0.315354  0.582481  0.437024  0.396519  0.354978  0.700001  0.407702  0.496133  0.453964  0.561075  0.655609  0.457255  0.505304  0.664451  0.433671  0.545396  0.475868  0.287350 
41  0.624678  0.649876  0.733535  0.690483  0.613851  0.563622  0.652679  0.585174  0.567568  0.630545  0.678507  0.657249  0.691925  0.686847  0.705833  0.707673  0.697214  0.579296  0.686284  0.665516  0.554152  0.699864  0.508793  0.755084  0.561457  0.608504  0.617128  0.724616  0.733358  0.669793  0.765196  0.636477  0.679846  0.749366  0.662029  0.661946  0.588207  0.740317  0.778615  0.574226  0.598251 0.0  0.643675  0.552727  0.710453  0.821511  0.671294  0.637593  0.782192  0.664635  0.509956  0.620278  0.580147  0.569507  0.821602  0.662262  0.612942  0.668950  0.673890  0.640530  0.734777  0.612493  0.546592  0.631141  0.765519  0.775992  0.581153  0.712654  0.725375  0.754784  0.726301  0.720167  0.622722 
42  0.615010  0.591945  0.581809  0.600747  0.594460  0.580620  0.637772  0.560439  0.587235  0.652074  0.723077  0.608672  0.786046  0.460644  0.643606  0.490352  0.517418  0.634424  0.602726  0.515192  0.656519  0.433632  0.753169  0.540847  0.522605  0.559533  0.481476  0.715201  0.677423  0.892822  0.777023  0.612053  0.720646  0.688469  0.622476  0.547735  0.493051  0.612891  0.639692  0.565522  0.579419  0.643675 0.0  0.587101  0.811611  0.558794  0.496212  0.491777  0.646739  0.583881  0.594500  0.469223  0.539598  0.532379  0.518489  0.501222  0.565748  0.599086  0.580057  0.588085  0.769901  0.522355  0.641172  0.518309  0.522070  0.551228  0.580988  0.479926  0.748470  0.418178  0.519635  0.635170  0.490857 
43  0.718304  0.568808  0.567540  0.519889  0.462901  0.300970  0.786865  0.659054  0.422178  0.756741  0.742623  0.380605  0.635828  0.339679  0.366631  0.492187  0.466028  0.467595  0.500696  0.592342  0.377314  0.533283  0.667108  0.629513  0.573708  0.382041  0.506708  0.401960  0.542533  0.832761  0.704658  0.473735  0.716829  0.587375  0.553155  0.523067  0.397170  0.614285  0.526182  0.506786  0.419309  0.552727  0.587101 0.0  0.852432  0.408604  0.382432  0.586329  0.495163  0.456750  0.479762  0.432271  0.401046  0.511323  0.377207  0.441118  0.662845  0.509134  0.458222  0.449908  0.761927  0.597652  0.587603  0.369658  0.650808  0.556166  0.529159  0.406493  0.700657  0.565539  0.608361  0.399331  0.508082 
44  0.784236  0.807855  0.758599  0.722442  0.660564  0.721980  0.455427  0.725432  0.605094  0.621973  0.749181  0.701742  0.762464  0.754226  0.769383  0.890757  0.842944  0.689267  0.808389  0.813866  0.736103  0.867828  0.742641  0.847265  0.741354  0.661411  0.964714  0.704122  0.810189  0.560315  0.372254  0.806357  0.335812  0.708395  0.823131  0.708750  0.790318  0.633888  0.869577  0.787799  0.708551  0.710453  0.811611  0.852432 0.0  0.807624  0.692964  0.706568  0.539148  0.730436  0.688421  0.738709  0.671379  0.807335  0.840713  0.690888  0.790596  0.793567  0.709277  0.794046  0.652884  0.684934  0.649360  0.800972  0.877048  0.804137  0.733139  0.716417  0.597370  0.923464  0.860233  0.885439  0.781895 
45  0.631080  0.373214  0.570928  0.456484  0.569413  0.286500  0.723593  0.624547  0.488679  0.674968  0.720303  0.426082  0.823548  0.361746  0.520917  0.547988  0.269533  0.577501  0.421366  0.391988  0.391410  0.431386  0.715934  0.533856  0.629819  0.382794  0.468818  0.476774  0.528308  0.855853  0.805923  0.458586  0.754300  0.634489  0.326823  0.440645  0.463304  0.554199  0.468570  0.462928  0.440774  0.821511  0.558794  0.408604  0.807624 0.0  0.415724  0.474862  0.413800  0.405134  0.506355  0.444602  0.517805  0.439564  0.433590  0.497487  0.692224  0.498276  0.270416  0.470878  0.842294  0.476290  0.691678  0.461524  0.540544  0.473738  0.469745  0.399330  0.791680  0.473749  0.704330  0.427139  0.453069 
46  0.677313  0.545221  0.461143  0.422653  0.403797  0.369114  0.795067  0.606625  0.427432  0.650564  0.766606  0.373044  0.505790  0.405364  0.466320  0.426428  0.527510  0.674327  0.404818  0.366634  0.421242  0.309208  0.630147  0.585441  0.588461  0.444565  0.463048  0.496703  0.426307  0.746631  0.817613  0.511261  0.684102  0.431043  0.375821  0.364449  0.361827  0.485474  0.593376  0.286531  0.368369  0.671294  0.496212  0.382432  0.692964  0.415724 0.0  0.565958  0.455513  0.282598  0.218425  0.448296  0.441160  0.401899  0.540138  0.410744  0.636311  0.229246  0.443263  0.491037  0.771550  0.373244  0.534901  0.418136  0.624435  0.531284  0.608129  0.304267  0.767353  0.555023  0.629956  0.467610  0.496697 
47  0.564688  0.565279  0.537242  0.482394  0.535153  0.439168  0.713916  0.435961  0.469821  0.525691  0.627495  0.387936  0.720806  0.523301  0.672647  0.435206  0.425397  0.544739  0.390159  0.479426  0.568773  0.433479  0.632317  0.465299  0.391313  0.524495  0.564084  0.646291  0.693788  0.774197  0.697173  0.515182  0.571609  0.593468  0.443659  0.541158  0.559320  0.636615  0.508526  0.462681  0.487945  0.637593  0.491777  0.586329  0.706568  0.474862  0.565958 0.0  0.618796  0.475558  0.504135  0.540980  0.565912  0.508619  0.461284  0.581883  0.485105  0.433700  0.522296  0.431319  0.743785  0.449776  0.648590  0.559647  0.403087  0.450936  0.581845  0.563088  0.871682  0.437418  0.499965  0.507727  0.587549 
48  0.737896  0.696513  0.700690  0.554031  0.494797  0.514784  0.903671  0.825995  0.647926  0.613010  0.847038  0.515087  0.612387  0.396945  0.429173  0.648729  0.405996  0.820199  0.513554  0.654529  0.411664  0.507126  0.790717  0.662632  0.629712  0.477102  0.535381  0.531220  0.560674  0.764969  0.684630  0.501262  0.688916  0.594159  0.587498  0.607622  0.604873  0.371748  0.608120  0.433167  0.519647  0.782192  0.646739  0.495163  0.539148  0.413800  0.455513  0.618796 0.0  0.548151  0.478543  0.551952  0.522166  0.643321  0.537353  0.574765  0.772314  0.487035  0.432257  0.480321  0.800087  0.501738  0.699603  0.460827  0.780681  0.698897  0.415478  0.625340  0.696295  0.662172  0.794252  0.493296  0.489105 
49  0.727983  0.439090  0.396151  0.440995  0.464714  0.507116  0.746446  0.662667  0.531509  0.636733  0.774046  0.411119  0.566456  0.488116  0.694979  0.472045  0.491007  0.633337  0.398319  0.275460  0.346041  0.347057  0.596492  0.586928  0.586389  0.437865  0.488310  0.416507  0.448497  0.764939  0.826812  0.574990  0.706232  0.504687  0.477905  0.437465  0.351257  0.620712  0.471168  0.341483  0.327850  0.664635  0.583881  0.456750  0.730436  0.405134  0.282598  0.475558  0.548151 0.0  0.390124  0.377871  0.474062  0.484257  0.444322  0.488914  0.632979  0.278795  0.443787  0.395276  0.690152  0.489740  0.586657  0.428825  0.628727  0.560181  0.536232  0.475834  0.769781  0.651105  0.584488  0.576207  0.416077 
50  0.649955  0.411548  0.606936  0.460897  0.440795  0.504973  0.880312  0.638826  0.517178  0.612815  0.687144  0.485541  0.659406  0.487461  0.636066  0.471518  0.509502  0.449945  0.348723  0.371207  0.388158  0.305032  0.664864  0.465874  0.480610  0.462656  0.536488  0.511984  0.412272  0.701455  0.764523  0.514520  0.790808  0.468880  0.296318  0.305055  0.389727  0.627627  0.501575  0.263499  0.318790  0.509956  0.594500  0.479762  0.688421  0.506355  0.218425  0.504135  0.478543  0.390124 0.0  0.366044  0.516265  0.467001  0.502641  0.405333  0.815472  0.362886  0.480744  0.484622  0.742219  0.381230  0.657015  0.523998  0.631694  0.581218  0.500224  0.294053  0.858370  0.619979  0.645938  0.400199  0.343229 
51  0.623744  0.464356  0.420360  0.366342  0.347153  0.492867  0.799705  0.708543  0.551306  0.549154  0.671074  0.367327  0.651566  0.414889  0.599456  0.473419  0.462398  0.557773  0.438096  0.252011  0.418784  0.449005  0.593280  0.655306  0.500836  0.381243  0.443416  0.542932  0.392678  0.845531  0.789393  0.631565  0.695843  0.467914  0.500465  0.257387  0.382927  0.524995  0.531379  0.357645  0.356969  0.620278  0.469223  0.432271  0.738709  0.444602  0.448296  0.540980  0.551952  0.377871  0.366044 0.0  0.442510  0.443958  0.589424  0.390577  0.633317  0.453227  0.439244  0.393267  0.817860  0.457595  0.606141  0.446600  0.727717  0.604367  0.528111  0.436415  0.715042  0.596825  0.635861  0.399501  0.441461 
52  0.789791  0.599044  0.498290  0.408412  0.452552  0.433089  0.824711  0.712868  0.620419  0.700443  0.857675  0.278497  0.707973  0.407326  0.507200  0.485191  0.447431  0.542641  0.398566  0.493992  0.275574  0.493493  0.687770  0.524094  0.482237  0.527503  0.500447  0.412857  0.550358  0.819856  0.671407  0.403419  0.795624  0.602752  0.388643  0.266369  0.522435  0.484313  0.521390  0.372604  0.410231  0.580147  0.539598  0.401046  0.671379  0.517805  0.441160  0.565912  0.522166  0.474062  0.516265  0.442510 0.0  0.427248  0.523152  0.472269  0.688660  0.509488  0.372315  0.450797  0.560537  0.408735  0.610773  0.449693  0.559013  0.519035  0.531629  0.472189  0.804294  0.586080  0.635884  0.492191  0.355274 
53  0.726268  0.281659  0.410031  0.547993  0.501813  0.526612  0.802489  0.684314  0.606813  0.604114  0.774029  0.493440  0.674222  0.596635  0.759587  0.405101  0.503965  0.525766  0.517717  0.421663  0.488775  0.540830  0.666173  0.440921  0.623707  0.453706  0.346866  0.607532  0.603688  0.870325  0.927333  0.607383  0.827748  0.560934  0.344856  0.367033  0.344283  0.711150  0.408127  0.491361  0.480565  0.569507  0.532379  0.511323  0.807335  0.439564  0.401899  0.508619  0.643321  0.484257  0.467001  0.443958  0.427248 0.0  0.330383  0.367468  0.658895  0.444388  0.384996  0.486415  0.774332  0.555647  0.714321  0.459949  0.632834  0.455525  0.543029  0.428916  0.840079  0.481084  0.687809  0.387145  0.519900 
