73
0 0.0  0.414625  0.486763  0.792061  0.753941  0.728910  0.599680  0.563229  0.451875  0.535090  0.591314  0.561735  0.625747  0.481130  0.819101  0.699748  0.556985  0.588725  0.725753  0.711404  0.485118  0.702867  0.541847  0.474375  0.584036  0.648246  0.695703  0.588605  0.495977  0.495491  0.519887  0.532400  0.548038  0.571046  0.385590  0.623675  0.522228  0.659579  0.545792  0.475408  0.698330  0.573450  0.418001  0.654022  0.538189  0.631456  0.771951  0.585834  0.713633  0.700486  0.545498  0.728656  0.562560  0.623883  0.677255  0.656994  0.794099  0.429210  0.615773  0.587160  0.541185  0.813675  0.408627  0.552776  0.819378  0.636697  0.772555  0.784619  0.750100  0.350057  0.749701  0.600934  0.456714 
1  0.414625 0.0  0.500806  0.836231  0.582026  0.572100  0.358091  0.427981  0.217773  0.462007  0.470464  0.502947  0.525682  0.150805  0.647231  0.647644  0.480737  0.495029  0.591011  0.570673  0.359104  0.516270  0.558527  0.453941  0.480669  0.491421  0.568495  0.431174  0.491792  0.389997  0.285407  0.526584  0.392015  0.459102  0.207450  0.369878  0.567054  0.467794  0.436751  0.406991  0.446831  0.422286  0.265818  0.513819  0.418592  0.572405  0.580420  0.473424  0.596067  0.484652  0.692486  0.512586  0.560016  0.421987  0.532418  0.407382  0.805488  0.289332  0.508050  0.694408  0.569771  0.608242  0.230061  0.264601  0.552031  0.492474  0.484428  0.657943  0.628971  0.487483  0.625994  0.479621  0.506218 
2  0.486763  0.500806 0.0  0.769040  0.585217  0.622963  0.429543  0.412290  0.388122  0.390535  0.442369  0.579680  0.562999  0.500957  0.634732  0.437303  0.577180  0.502654  0.657383  0.664934  0.448672  0.547250  0.512891  0.337564  0.545493  0.431974  0.539437  0.184965  0.522654  0.458582  0.519957  0.546758  0.491357  0.418479  0.436216  0.448558  0.524013  0.366229  0.576454  0.544093  0.544313  0.576766  0.583964  0.520810  0.387036  0.633134  0.787411  0.476298  0.545400  0.687191  0.603358  0.666926  0.442652  0.333189  0.442927  0.379201  0.841041  0.445617  0.503433  0.750621  0.500629  0.799252  0.419186  0.441996  0.616254  0.622020  0.646924  0.682250  0.600797  0.462970  0.615644  0.415243  0.402222 
3  0.792061  0.836231  0.769040 0.0  0.739339  0.851764  0.812486  0.742793  0.717028  0.821290  0.773110  0.950920  0.753666  0.683952  0.755327  0.827003  0.795092  0.950735  0.687093  0.793872  0.763880  0.933959  0.743454  0.808485  0.790782  0.785460  0.898508  0.820412  0.828913  0.850456  0.686013  0.731737  0.676436  0.743396  0.768152  0.673274  0.711303  0.831666  0.769532  0.749712  0.781007  0.828650  0.643292  0.773302  0.693280  0.772739  0.669111  0.770840  0.783742  0.734974  0.462390  0.827194  0.647363  0.810030  0.646093  0.772562  0.450559  0.753657  0.886477  0.407946  0.765882  0.834683  0.847306  0.837899  0.692266  1.000000  0.748160  0.718756  0.776268  0.629963  0.654212  0.831715  0.628575 
4  0.753941  0.582026  0.585217  0.739339 0.0  0.680440  0.656882  0.662925  0.718241  0.572808  0.575976  0.648974  0.660300  0.673559  0.711758  0.701204  0.760970  0.673196  0.569312  0.572888  0.633386  0.717360  0.819274  0.616577  0.605471  0.566294  0.663775  0.554621  0.817932  0.660420  0.599529  0.745954  0.800025  0.621559  0.631375  0.512168  0.660411  0.651197  0.772138  0.616175  0.670680  0.752316  0.723709  0.622340  0.693380  0.668815  0.479150  0.775998  0.593075  0.604538  0.573115  0.570274  0.693498  0.684855  0.422954  0.630950  0.773163  0.524290  0.715418  0.841703  0.615469  0.649632  0.705801  0.518809  0.554277  0.671854  0.602775  0.662106  0.570614  0.754518  0.580457  0.609946  0.691067 
5  0.728910  0.572100  0.622963  0.851764  0.680440 0.0  0.664660  0.575796  0.565408  0.665387  0.631886  0.428572  0.438033  0.638390  0.334771  0.518009  0.493682  0.696199  0.600223  0.340967  0.605920  0.555804  0.597387  0.611027  0.576160  0.641736  0.545325  0.714049  0.611850  0.734579  0.630394  0.740172  0.669224  0.709346  0.651625  0.582842  0.609965  0.678707  0.515016  0.612295  0.423358  0.573142  0.632762  0.466603  0.650036  0.564925  0.816294  0.610348  0.554962  0.449427  0.735706  0.620241  0.740453  0.635512  0.670049  0.697957  0.744909  0.659132  0.552449  0.808872  0.495667  0.627704  0.536345  0.607774  0.562790  0.626120  0.740890  0.533119  0.558017  0.765766  0.649022  0.488455  0.565651 
6  0.599680  0.358091  0.429543  0.812486  0.656882  0.664660 0.0  0.288228  0.420303  0.384494  0.409543  0.528363  0.537367  0.446667  0.634528  0.357341  0.597224  0.470136  0.605576  0.520910  0.546876  0.659126  0.645760  0.397238  0.430823  0.384186  0.364955  0.284281  0.501573  0.358099  0.602503  0.487702  0.459342  0.531395  0.437402  0.432197  0.589062  0.467034  0.566201  0.479732  0.559110  0.498354  0.473028  0.454440  0.363683  0.563328  0.772556  0.383031  0.674905  0.478337  0.659800  0.508214  0.426336  0.311674  0.549996  0.191191  0.802724  0.489093  0.368188  0.800425  0.554539  0.800096  0.533305  0.383644  0.529670  0.474161  0.742528  0.669549  0.622252  0.641371  0.638753  0.452483  0.423816 
7  0.563229  0.427981  0.412290  0.742793  0.662925  0.575796  0.288228 0.0  0.575879  0.451688  0.428617  0.519547  0.525835  0.459303  0.675061  0.323447  0.641206  0.393506  0.693362  0.604905  0.452886  0.549479  0.658572  0.370868  0.456884  0.443523  0.522950  0.491881  0.532524  0.436937  0.416533  0.491795  0.442298  0.442836  0.468232  0.569727  0.503821  0.359804  0.527109  0.390323  0.585680  0.538029  0.402273  0.606358  0.393411  0.568600  0.773145  0.517291  0.588103  0.624922  0.650535  0.532203  0.410492  0.409399  0.512989  0.384801  0.760295  0.389490  0.391511  0.696304  0.497672  0.716648  0.438856  0.412491  0.560450  0.529991  0.711869  0.622010  0.633052  0.529566  0.606483  0.512929  0.482020 
8  0.451875  0.217773  0.388122  0.717028  0.718241  0.565408  0.420303  0.575879 0.0  0.319874  0.503234  0.475036  0.531393  0.381299  0.621852  0.595113  0.508951  0.524594  0.631211  0.563406  0.476605  0.354402  0.383091  0.470540  0.605510  0.502385  0.438407  0.457351  0.494414  0.480076  0.341672  0.517597  0.493860  0.448790  0.240520  0.574500  0.424110  0.419484  0.411939  0.355839  0.589447  0.433657  0.242684  0.526704  0.553421  0.566103  0.670813  0.501758  0.657212  0.561150  0.562834  0.517172  0.463823  0.539288  0.631835  0.422957  0.839900  0.444227  0.427713  0.768159  0.421791  0.731313  0.298236  0.326124  0.542171  0.397716  0.713448  0.707048  0.553595  0.518105  0.624036  0.381787  0.373803 
9  0.535090  0.462007  0.390535  0.821290  0.572808  0.665387  0.384494  0.451688  0.319874 0.0  0.376737  0.443961  0.576198  0.412398  0.649019  0.445665  0.609751  0.551030  0.483167  0.634307  0.556670  0.570746  0.514463  0.391520  0.415639  0.498371  0.494649  0.336965  0.593237  0.312456  0.414995  0.565355  0.460911  0.507625  0.430427  0.502191  0.510521  0.386821  0.600571  0.386282  0.511489  0.608827  0.485863  0.530782  0.470945  0.522767  0.663362  0.494820  0.609884  0.468423  0.664757  0.576799  0.445492  0.400412  0.496655  0.321623  0.783373  0.489074  0.412072  0.678422  0.506028  0.705034  0.435977  0.430886  0.654148  0.499146  0.690112  0.721339  0.553189  0.567420  0.647485  0.515048  0.436619 
10  0.591314  0.470464  0.442369  0.773110  0.575976  0.631886  0.409543  0.428617  0.503234  0.376737 0.0  0.552132  0.520808  0.445330  0.607379  0.505032  0.499548  0.480565  0.738577  0.676060  0.455229  0.553736  0.605530  0.388916  0.396021  0.513938  0.538631  0.475777  0.553599  0.410220  0.597732  0.590057  0.446323  0.427193  0.546700  0.435740  0.497672  0.334068  0.603376  0.396401  0.633752  0.501673  0.497729  0.561905  0.302414  0.567707  0.657514  0.405905  0.663084  0.607316  0.601204  0.647529  0.488803  0.495920  0.591234  0.417951  0.786749  0.385728  0.522890  0.721578  0.494056  0.778500  0.439413  0.545535  0.625248  0.558549  0.697866  0.658212  0.602048  0.512536  0.587937  0.518503  0.615165 
11  0.561735  0.502947  0.579680  0.950920  0.648974  0.428572  0.528363  0.519547  0.475036  0.443961  0.552132 0.0  0.485286  0.477836  0.566647  0.450931  0.363836  0.495348  0.559454  0.553740  0.547123  0.313996  0.358720  0.434422  0.452553  0.493988  0.386141  0.486653  0.368620  0.525912  0.519965  0.612453  0.473779  0.532807  0.464916  0.459212  0.553138  0.437923  0.497984  0.459912  0.552153  0.362615  0.594471  0.560699  0.639927  0.479341  0.823956  0.557522  0.780520  0.518274  0.655471  0.535285  0.624201  0.569786  0.660049  0.453958  0.833668  0.587589  0.532356  0.961894  0.378443  0.593668  0.490770  0.383365  0.708175  0.326501  0.629973  0.687093  0.601747  0.504013  0.662596  0.447139  0.522015 
12  0.625747  0.525682  0.562999  0.753666  0.660300  0.438033  0.537367  0.525835  0.531393  0.576198  0.520808  0.485286 0.0  0.515167  0.382916  0.530558  0.452645  0.608654  0.540279  0.452522  0.470811  0.472444  0.528905  0.569335  0.403905  0.544931  0.451413  0.573019  0.535631  0.510750  0.533826  0.558974  0.574606  0.613718  0.632905  0.310865  0.455271  0.574016  0.484152  0.540041  0.459344  0.402998  0.627771  0.496396  0.650212  0.492094  0.728579  0.605337  0.613348  0.477007  0.723524  0.342374  0.626871  0.604367  0.599152  0.563766  0.722006  0.583848  0.466943  0.644594  0.546703  0.494882  0.566414  0.450670  0.689908  0.391234  0.568068  0.600095  0.483664  0.685730  0.552128  0.549678  0.528660 
13  0.481130  0.150805  0.500957  0.683952  0.673559  0.638390  0.446667  0.459303  0.381299  0.412398  0.445330  0.477836  0.515167 0.0  0.585773  0.499408  0.602471  0.495882  0.650617  0.560168  0.408604  0.534451  0.447861  0.395497  0.609202  0.527373  0.554176  0.421130  0.464885  0.431044  0.377220  0.585999  0.358381  0.466365  0.248256  0.492474  0.556182  0.442367  0.483221  0.352033  0.456679  0.486558  0.298558  0.485516  0.426057  0.539752  0.797311  0.597773  0.635580  0.678922  0.676847  0.631976  0.485479  0.362693  0.484851  0.525608  0.824945  0.254602  0.545822  0.728481  0.473671  0.645296  0.260498  0.294136  0.512855  0.401797  0.519590  0.720332  0.526747  0.577493  0.533942  0.370212  0.496196 
14  0.819101  0.647231  0.634732  0.755327  0.711758  0.334771  0.634528  0.675061  0.621852  0.649019  0.607379  0.566647  0.382916  0.585773 0.0  0.702363  0.549187  0.615465  0.476323  0.337776  0.596513  0.554598  0.546868  0.605709  0.579849  0.688833  0.468531  0.770941  0.663053  0.703747  0.679464  0.776304  0.667987  0.649574  0.693905  0.526105  0.605129  0.589337  0.715241  0.700995  0.563720  0.541803  0.536676  0.427695  0.769348  0.541240  0.691545  0.666840  0.632969  0.560414  0.605415  0.571401  0.686316  0.634140  0.566170  0.713386  0.735988  0.684036  0.635243  0.861887  0.616381  0.652330  0.590516  0.551687  0.694173  0.505701  0.743472  0.627792  0.550656  0.709186  0.682172  0.597108  0.532109 
15  0.699748  0.647644  0.437303  0.827003  0.701204  0.518009  0.357341  0.323447  0.595113  0.445665  0.505032  0.450931  0.530558  0.499408  0.702363 0.0  0.539469  0.413130  0.586690  0.527494  0.480442  0.479824  0.521129  0.527041  0.220458  0.548194  0.467111  0.451251  0.349708  0.307640  0.568128  0.588536  0.568423  0.477703  0.572208  0.515633  0.533634  0.330927  0.550819  0.485017  0.533257  0.424425  0.526124  0.516045  0.415826  0.523563  0.684926  0.243557  0.715783  0.632078  0.641910  0.554776  0.416038  0.328327  0.622238  0.431596  0.803703  0.424475  0.338815  0.844524  0.477512  0.613768  0.472342  0.581438  0.667534  0.448908  0.768658  0.734536  0.668233  0.530880  0.760043  0.545918  0.424788 
16  0.556985  0.480737  0.577180  0.795092  0.760970  0.493682  0.597224  0.641206  0.508951  0.609751  0.499548  0.363836  0.452645  0.602471  0.549187  0.539469 0.0  0.594941  0.504543  0.557390  0.533310  0.428540  0.414241  0.543492  0.563407  0.636571  0.401398  0.535384  0.433257  0.538365  0.538663  0.607397  0.437950  0.630972  0.404425  0.469805  0.633695  0.465498  0.281680  0.474596  0.587923  0.466268  0.415191  0.592042  0.471283  0.483999  0.707173  0.567717  0.711817  0.536442  0.711469  0.424832  0.611468  0.521404  0.469286  0.559654  0.787961  0.354347  0.536472  0.839874  0.374327  0.733512  0.494878  0.413254  0.665397  0.351913  0.769947  0.665892  0.644167  0.591130  0.672614  0.412980  0.227755 
17  0.588725  0.495029  0.502654  0.950735  0.673196  0.696199  0.470136  0.393506  0.524594  0.551030  0.480565  0.495348  0.608654  0.495882  0.615465  0.413130  0.594941 0.0  0.651133  0.666967  0.552136  0.455460  0.507073  0.519105  0.375004  0.528508  0.383099  0.512890  0.480829  0.384245  0.499160  0.575659  0.605264  0.442428  0.557872  0.558441  0.461175  0.309580  0.598071  0.566068  0.500533  0.541014  0.511749  0.610710  0.441442  0.542576  0.716323  0.246540  0.744872  0.533311  0.777882  0.594590  0.525284  0.539899  0.640761  0.556921  0.859742  0.482637  0.275951  0.811924  0.457320  0.652634  0.575316  0.498988  0.675906  0.595459  0.654862  0.677531  0.589584  0.702106  0.726877  0.369762  0.576970 
18  0.725753  0.591011  0.657383  0.687093  0.569312  0.600223  0.605576  0.693362  0.631211  0.483167  0.738577  0.559454  0.540279  0.650617  0.476323  0.586690  0.504543  0.651133 0.0  0.570744  0.560604  0.638002  0.577310  0.544653  0.445919  0.513983  0.649705  0.637728  0.561062  0.535438  0.604346  0.727847  0.735571  0.548610  0.525482  0.691794  0.529945  0.568493  0.526918  0.586553  0.524689  0.531826  0.539371  0.551822  0.559990  0.623107  0.726467  0.420744  0.509247  0.505082  0.668408  0.439336  0.699520  0.595492  0.461115  0.645012  0.574482  0.468423  0.520822  0.704571  0.622088  0.534701  0.561670  0.778734  0.585796  0.519343  0.595854  0.608605  0.477473  0.662698  0.573667  0.619781  0.460793 
19  0.711404  0.570673  0.664934  0.793872  0.572888  0.340967  0.520910  0.604905  0.563406  0.634307  0.676060  0.553740  0.452522  0.560168  0.337776  0.527494  0.557390  0.666967  0.570744 0.0  0.593673  0.649333  0.668594  0.477174  0.664716  0.613709  0.678636  0.582966  0.573349  0.734896  0.573036  0.671298  0.582250  0.673789  0.549035  0.274193  0.351491  0.604082  0.663190  0.578474  0.582901  0.644618  0.492284  0.383644  0.551912  0.636468  0.679562  0.618315  0.476970  0.654798  0.632656  0.471553  0.568434  0.641590  0.487447  0.575157  0.721528  0.593630  0.603245  0.674052  0.504807  0.706862  0.562982  0.532092  0.573146  0.593509  0.698344  0.567030  0.567484  0.675831  0.670666  0.545349  0.593183 
20  0.485118  0.359104  0.448672  0.763880  0.633386  0.605920  0.546876  0.452886  0.476605  0.556670  0.455229  0.547123  0.470811  0.408604  0.596513  0.480442  0.533310  0.552136  0.560604  0.593673 0.0  0.491590  0.546926  0.412822  0.463120  0.538073  0.485190  0.395578  0.431677  0.420725  0.352350  0.513431  0.430975  0.527527  0.529602  0.443804  0.444582  0.538683  0.378749  0.427162  0.555754  0.388893  0.396872  0.504002  0.504055  0.604087  0.720026  0.480288  0.594061  0.568031  0.706527  0.541330  0.472637  0.441021  0.442168  0.380158  0.755840  0.388571  0.541977  0.779826  0.478058  0.658965  0.436233  0.406897  0.543020  0.500578  0.658937  0.621722  0.582544  0.531753  0.603526  0.556351  0.416444 
21  0.702867  0.516270  0.547250  0.933959  0.717360  0.555804  0.659126  0.549479  0.354402  0.570746  0.553736  0.313996  0.472444  0.534451  0.554598  0.479824  0.428540  0.455460  0.638002  0.649333  0.491590 0.0  0.402918  0.486629  0.583494  0.611561  0.505321  0.553399  0.419398  0.446192  0.535477  0.571667  0.404197  0.612122  0.501355  0.572554  0.619528  0.504280  0.463307  0.549578  0.458420  0.381605  0.493301  0.576165  0.533965  0.465819  0.837083  0.568003  0.636458  0.456720  0.728502  0.541857  0.600686  0.577070  0.480997  0.493226  0.769966  0.580336  0.392871  0.848041  0.479137  0.604259  0.425069  0.333056  0.722886  0.421379  0.738629  0.675208  0.518503  0.508610  0.626345  0.409208  0.453883 
22  0.541847  0.558527  0.512891  0.743454  0.819274  0.597387  0.645760  0.658572  0.383091  0.514463  0.605530  0.358720  0.528905  0.447861  0.546868  0.521129  0.414241  0.507073  0.577310  0.668594  0.546926  0.402918 0.0  0.634568  0.417981  0.523109  0.460833  0.512412  0.334967  0.536993  0.611757  0.650275  0.330599  0.616277  0.558907  0.496823  0.617806  0.407548  0.253802  0.479390  0.544078  0.446248  0.448392  0.538868  0.589873  0.526601  0.818093  0.543736  0.641637  0.558463  0.787665  0.654769  0.518817  0.670307  0.533738  0.380648  0.732624  0.326985  0.495368  0.914220  0.396912  0.609050  0.500829  0.407534  0.658462  0.361375  0.768214  0.612636  0.504121  0.575600  0.710406  0.412255  0.303802 
23  0.474375  0.453941  0.337564  0.808485  0.616577  0.611027  0.397238  0.370868  0.470540  0.391520  0.388916  0.434422  0.569335  0.395497  0.605709  0.527041  0.543492  0.519105  0.544653  0.477174  0.412822  0.486629  0.634568 0.0  0.508125  0.422694  0.505719  0.505783  0.481324  0.417612  0.444994  0.408290  0.440642  0.471703  0.534655  0.484568  0.601814  0.528811  0.522253  0.478095  0.444765  0.521990  0.442792  0.599493  0.363097  0.601762  0.709876  0.396432  0.647314  0.577275  0.653219  0.524934  0.443287  0.286282  0.477118  0.408368  0.728855  0.483013  0.409591  0.675451  0.570445  0.704460  0.496874  0.308879  0.609409  0.651497  0.769136  0.471825  0.490276  0.524079  0.506205  0.506027  0.481590 
24  0.584036  0.480669  0.545493  0.790782  0.605471  0.576160  0.430823  0.456884  0.605510  0.415639  0.396021  0.452553  0.403905  0.609202  0.579849  0.220458  0.563407  0.375004  0.445919  0.664716  0.463120  0.583494  0.417981  0.508125 0.0  0.528543  0.427697  0.450293  0.454102  0.347176  0.599824  0.528877  0.549991  0.429776  0.415894  0.629258  0.577503  0.327841  0.500937  0.433039  0.627556  0.435063  0.381578  0.553167  0.602058  0.548047  0.799268  0.334702  0.636027  0.571501  0.656224  0.675021  0.466463  0.534084  0.703859  0.480333  0.829666  0.574971  0.346013  0.976488  0.500086  0.646223  0.508772  0.514488  0.757330  0.615097  0.681965  0.654344  0.550380  0.673362  0.853831  0.485222  0.417756 
25  0.648246  0.491421  0.431974  0.785460  0.566294  0.641736  0.384186  0.443523  0.502385  0.498371  0.513938  0.493988  0.544931  0.527373  0.688833  0.548194  0.636571  0.528508  0.513983  0.613709  0.538073  0.611561  0.523109  0.422694  0.528543 0.0  0.487826  0.409233  0.590357  0.441244  0.532825  0.593006  0.544513  0.385870  0.427659  0.486456  0.599910  0.523428  0.659325  0.408498  0.635360  0.751287  0.542362  0.589618  0.494345  0.697232  0.744611  0.430551  0.668303  0.567573  0.726572  0.587821  0.413451  0.488848  0.531322  0.374016  0.737230  0.545143  0.458799  0.769842  0.489689  0.746204  0.418321  0.381854  0.567175  0.625790  0.756917  0.648686  0.690214  0.637085  0.791135  0.504712  0.494860 
26  0.695703  0.568495  0.539437  0.898508  0.663775  0.545325  0.364955  0.522950  0.438407  0.494649  0.538631  0.386141  0.451413  0.554176  0.468531  0.467111  0.401398  0.383099  0.649705  0.678636  0.485190  0.505321  0.460833  0.505719  0.427697  0.487826 0.0  0.423713  0.555524  0.261759  0.607238  0.561403  0.557861  0.545081  0.640466  0.500598  0.607858  0.220380  0.554292  0.452736  0.580553  0.564793  0.582008  0.528969  0.475737  0.628297  0.799867  0.454704  0.733285  0.492105  0.733494  0.614202  0.499792  0.408633  0.624045  0.492025  0.750821  0.460900  0.307178  0.852016  0.548450  0.585465  0.498187  0.422838  0.659011  0.477768  0.734038  0.711582  0.631928  0.446046  0.649796  0.492139  0.567575 
27  0.588605  0.431174  0.184965  0.820412  0.554621  0.714049  0.284281  0.491881  0.457351  0.336965  0.475777  0.486653  0.573019  0.421130  0.770941  0.451251  0.535384  0.512890  0.637728  0.582966  0.395578  0.553399  0.512412  0.505783  0.450293  0.409233  0.423713 0.0  0.478495  0.448738  0.452594  0.697692  0.503651  0.528796  0.367713  0.485829  0.499812  0.460858  0.457320  0.486983  0.540876  0.463462  0.416306  0.487538  0.499280  0.519119  0.761346  0.513446  0.682632  0.529395  0.497103  0.656881  0.476399  0.474070  0.507230  0.397425  0.763513  0.467666  0.529077  0.722781  0.406025  0.688944  0.425788  0.407035  0.671221  0.507793  0.680788  0.636640  0.653956  0.509823  0.638556  0.576933  0.495870 
28  0.495977  0.491792  0.522654  0.828913  0.817932  0.611850  0.501573  0.532524  0.494414  0.593237  0.553599  0.368620  0.535631  0.464885  0.663053  0.349708  0.433257  0.480829  0.561062  0.573349  0.431677  0.419398  0.334967  0.481324  0.454102  0.590357  0.555524  0.478495 0.0  0.580723  0.389843  0.627292  0.497923  0.517799  0.499691  0.444955  0.584682  0.603282  0.354590  0.343282  0.565704  0.383146  0.491529  0.553658  0.620092  0.587438  0.757916  0.413617  0.732080  0.557723  0.646945  0.607061  0.641459  0.589975  0.587531  0.453673  0.853891  0.483696  0.604068  0.772709  0.353152  0.714610  0.442782  0.548785  0.686116  0.370886  0.725040  0.663426  0.455401  0.527095  0.696969  0.415824  0.386822 
29  0.495491  0.389997  0.458582  0.850456  0.660420  0.734579  0.358099  0.436937  0.480076  0.312456  0.410220  0.525912  0.510750  0.431044  0.703747  0.307640  0.538365  0.384245  0.535438  0.734896  0.420725  0.446192  0.536993  0.417612  0.347176  0.441244  0.261759  0.448738  0.580723 0.0  0.473303  0.526235  0.343268  0.471959  0.383482  0.430815  0.470090  0.272488  0.454789  0.478934  0.692622  0.504998  0.418007  0.561109  0.477644  0.558228  0.744893  0.471728  0.580273  0.629061  0.713094  0.627326  0.414330  0.314199  0.623974  0.455196  0.766356  0.557629  0.326951  0.871612  0.521141  0.717702  0.478842  0.382822  0.601197  0.685244  0.714409  0.704322  0.581235  0.671143  0.575964  0.448504  0.554545 
30  0.519887  0.285407  0.519957  0.686013  0.599529  0.630394  0.602503  0.416533  0.341672  0.414995  0.597732  0.519965  0.533826  0.377220  0.679464  0.568128  0.538663  0.499160  0.604346  0.573036  0.352350  0.535477  0.611757  0.444994  0.599824  0.532825  0.607238  0.452594  0.389843  0.473303 0.0  0.429792  0.228450  0.519685  0.438334  0.527786  0.503153  0.477659  0.455821  0.213713  0.512087  0.544703  0.274866  0.447921  0.496334  0.630405  0.633929  0.620423  0.667017  0.616665  0.614629  0.680737  0.538146  0.395654  0.398406  0.383188  0.769760  0.446040  0.362261  0.763979  0.456709  0.598979  0.389032  0.446983  0.603666  0.418417  0.609288  0.661630  0.561483  0.438738  0.614795  0.361982  0.368878 
31  0.532400  0.526584  0.546758  0.731737  0.745954  0.740172  0.487702  0.491795  0.517597  0.565355  0.590057  0.612453  0.558974  0.585999  0.776304  0.588536  0.607397  0.575659  0.727847  0.671298  0.513431  0.571667  0.650275  0.408290  0.528877  0.593006  0.561403  0.697692  0.627292  0.526235  0.429792 0.0  0.636210  0.547091  0.597718  0.668500  0.690959  0.456403  0.672559  0.582113  0.577312  0.755956  0.531365  0.626923  0.505429  0.730633  0.744866  0.539909  0.792023  0.649432  0.533679  0.733121  0.454783  0.420869  0.639499  0.600658  0.670951  0.513965  0.560762  0.771357  0.590828  0.812456  0.575643  0.559794  0.644778  0.740827  0.806288  0.852883  0.777163  0.436627  0.834073  0.771384  0.604133 
32  0.548038  0.392015  0.491357  0.676436  0.800025  0.669224  0.459342  0.442298  0.493860  0.460911  0.446323  0.473779  0.574606  0.358381  0.667987  0.568423  0.437950  0.605264  0.735571  0.582250  0.430975  0.404197  0.330599  0.440642  0.549991  0.544513  0.557861  0.503651  0.497923  0.343268  0.228450  0.636210 0.0  0.547371  0.391368  0.432400  0.492562  0.526885  0.440235  0.409542  0.589600  0.518684  0.435115  0.564333  0.514711  0.510152  0.832665  0.587787  0.587039  0.538838  0.596279  0.642245  0.536740  0.493172  0.481727  0.504212  0.891204  0.466755  0.489804  0.888726  0.547551  0.664723  0.364136  0.337211  0.574670  0.366880  0.680298  0.645032  0.566325  0.506456  0.562317  0.286630  0.373320 
33  0.571046  0.459102  0.418479  0.743396  0.621559  0.709346  0.531395  0.442836  0.448790  0.507625  0.427193  0.532807  0.613718  0.466365  0.649574  0.477703  0.630972  0.442428  0.548610  0.673789  0.527527  0.612122  0.616277  0.471703  0.429776  0.385870  0.545081  0.528796  0.517799  0.471959  0.519685  0.547091  0.547371 0.0  0.507547  0.438230  0.510102  0.454282  0.578629  0.525592  0.551682  0.656835  0.524079  0.679176  0.435814  0.565833  0.715690  0.548961  0.693438  0.697666  0.595271  0.578299  0.369501  0.390584  0.623952  0.486032  0.706011  0.534680  0.459058  0.855252  0.420880  0.748941  0.458842  0.458818  0.567692  0.539589  0.636315  0.763116  0.582073  0.648107  0.696897  0.464675  0.516293 
34  0.385590  0.207450  0.436216  0.768152  0.631375  0.651625  0.437402  0.468232  0.240520  0.430427  0.546700  0.464916  0.632905  0.248256  0.693905  0.572208  0.404425  0.557872  0.525482  0.549035  0.529602  0.501355  0.558907  0.534655  0.415894  0.427659  0.640466  0.367713  0.499691  0.383482  0.438334  0.597718  0.391368  0.507547 0.0  0.389189  0.451063  0.489186  0.488011  0.451367  0.504693  0.513954  0.303575  0.472052  0.441290  0.681280  0.754079  0.514144  0.660494  0.506684  0.677184  0.679042  0.459192  0.469807  0.527480  0.445545  0.831375  0.335181  0.574610  0.787965  0.419280  0.602706  0.273286  0.194238  0.629144  0.451656  0.661780  0.635701  0.588240  0.475083  0.604447  0.365987  0.388768 
35  0.623675  0.369878  0.448558  0.673274  0.512168  0.582842  0.432197  0.569727  0.574500  0.502191  0.435740  0.459212  0.310865  0.492474  0.526105  0.515633  0.469805  0.558441  0.691794  0.274193  0.443804  0.572554  0.496823  0.484568  0.629258  0.486456  0.500598  0.485829  0.444955  0.430815  0.527786  0.668500  0.432400  0.438230  0.389189 0.0  0.342351  0.554579  0.482001  0.499732  0.425385  0.499942  0.436771  0.400013  0.519447  0.453709  0.700199  0.637589  0.558967  0.465034  0.557209  0.479138  0.515350  0.392680  0.544476  0.515929  0.743892  0.583202  0.649644  0.705610  0.481160  0.761593  0.473011  0.475155  0.530041  0.638672  0.575216  0.498306  0.477793  0.589568  0.444113  0.472396  0.492074 
36  0.522228  0.567054  0.524013  0.711303  0.660411  0.609965  0.589062  0.503821  0.424110  0.510521  0.497672  0.553138  0.455271  0.556182  0.605129  0.533634  0.633695  0.461175  0.529945  0.351491  0.444582  0.619528  0.617806  0.601814  0.577503  0.599910  0.607858  0.499812  0.584682  0.470090  0.503153  0.690959  0.492562  0.510102  0.451063  0.342351 0.0  0.609731  0.612479  0.554869  0.313025  0.636295  0.503566  0.502050  0.559826  0.605325  0.742188  0.654797  0.585592  0.605952  0.624450  0.517690  0.493919  0.455899  0.552840  0.470468  0.784684  0.547742  0.574925  0.717402  0.477291  0.497180  0.499458  0.510665  0.498521  0.654080  0.614414  0.669291  0.383653  0.562139  0.590368  0.482364  0.548749 
37  0.659579  0.467794  0.366229  0.831666  0.651197  0.678707  0.467034  0.359804  0.419484  0.386821  0.334068  0.437923  0.574016  0.442367  0.589337  0.330927  0.465498  0.309580  0.568493  0.604082  0.538683  0.504280  0.407548  0.528811  0.327841  0.523428  0.220380  0.460858  0.603282  0.272488  0.477659  0.456403  0.526885  0.454282  0.489186  0.554579  0.609731 0.0  0.530570  0.514508  0.660529  0.539596  0.474990  0.619434  0.390679  0.548451  0.633781  0.434897  0.690768  0.511874  0.747640  0.468571  0.506738  0.284045  0.667692  0.409003  0.759537  0.416063  0.427766  0.839375  0.575986  0.679131  0.423145  0.298596  0.531268  0.495769  0.737273  0.616257  0.425076  0.715817  0.745459  0.454906  0.474292 
38  0.545792  0.436751  0.576454  0.769532  0.772138  0.515016  0.566201  0.527109  0.411939  0.600571  0.603376  0.497984  0.484152  0.483221  0.715241  0.550819  0.281680  0.598071  0.526918  0.663190  0.378749  0.463307  0.253802  0.522253  0.500937  0.659325  0.554292  0.457320  0.354590  0.454789  0.455821  0.672559  0.440235  0.578629  0.488011  0.482001  0.612479  0.530570 0.0  0.486997  0.470411  0.484600  0.495299  0.475329  0.613865  0.502229  0.740360  0.592158  0.564958  0.565786  0.708620  0.576096  0.605531  0.559130  0.559332  0.552248  0.719283  0.521659  0.558953  0.893415  0.489172  0.661514  0.426712  0.410839  0.652516  0.273174  0.732484  0.707562  0.645042  0.649886  0.697996  0.439785  0.357776 
39  0.475408  0.406991  0.544093  0.749712  0.616175  0.612295  0.479732  0.390323  0.355839  0.386282  0.396401  0.459912  0.540041  0.352033  0.700995  0.485017  0.474596  0.566068  0.586553  0.578474  0.427162  0.549578  0.479390  0.478095  0.433039  0.408498  0.452736  0.486983  0.343282  0.478934  0.213713  0.582113  0.409542  0.525592  0.451367  0.499732  0.554869  0.514508  0.486997 0.0  0.441887  0.483758  0.444506  0.484373  0.541255  0.612861  0.742110  0.652430  0.579560  0.642609  0.599555  0.655657  0.568821  0.411728  0.427814  0.455535  0.887072  0.364141  0.533469  0.899347  0.374503  0.651420  0.437578  0.322856  0.586274  0.480800  0.742287  0.609319  0.567404  0.538218  0.619271  0.331028  0.453277 
40  0.698330  0.446831  0.544313  0.781007  0.670680  0.423358  0.559110  0.585680  0.589447  0.511489  0.633752  0.552153  0.459344  0.456679  0.563720  0.533257  0.587923  0.500533  0.524689  0.582901  0.555754  0.458420  0.544078  0.444765  0.627556  0.635360  0.580553  0.540876  0.565704  0.692622  0.512087  0.577312  0.589600  0.551682  0.504693  0.425385  0.313025  0.660529  0.470411  0.441887 0.0  0.519194  0.482574  0.479493  0.616650  0.401377  0.648883  0.609556  0.580016  0.512837  0.722036  0.370054  0.680049  0.585772  0.486256  0.544624  0.766117  0.614025  0.558903  0.750860  0.529866  0.604152  0.562514  0.612615  0.580730  0.434089  0.719317  0.534420  0.302167  0.642752  0.577652  0.452213  0.505509 
41  0.573450  0.422286  0.576766  0.828650  0.752316  0.573142  0.498354  0.538029  0.433657  0.608827  0.501673  0.362615  0.402998  0.486558  0.541803  0.424425  0.466268  0.541014  0.531826  0.644618  0.388893  0.381605  0.446248  0.521990  0.435063  0.751287  0.564793  0.463462  0.383146  0.504998  0.544703  0.755956  0.518684  0.656835  0.513954  0.499942  0.636295  0.539596  0.484600  0.483758  0.519194 0.0  0.433913  0.620099  0.500088  0.509506  0.808601  0.408264  0.707272  0.391474  0.724356  0.463359  0.584929  0.547991  0.637248  0.593187  0.656572  0.407445  0.522159  0.706600  0.253964  0.570796  0.459931  0.455917  0.474918  0.457848  0.708584  0.518796  0.589893  0.563386  0.759967  0.390809  0.404337 
42  0.418001  0.265818  0.583964  0.643292  0.723709  0.632762  0.473028  0.402273  0.242684  0.485863  0.497729  0.594471  0.627771  0.298558  0.536676  0.526124  0.415191  0.511749  0.539371  0.492284  0.396872  0.493301  0.448392  0.442792  0.381578  0.542362  0.582008  0.416306  0.491529  0.418007  0.274866  0.531365  0.435115  0.524079  0.303575  0.436771  0.503566  0.474990  0.495299  0.444506  0.482574  0.433913 0.0  0.552583  0.420165  0.652538  0.768853  0.560308  0.618563  0.488119  0.547328  0.637152  0.518791  0.360026  0.564473  0.503291  0.791994  0.319178  0.445010  0.815223  0.399138  0.760694  0.436711  0.446405  0.649406  0.459249  0.677362  0.667072  0.677039  0.450949  0.614339  0.377987  0.428541 
43  0.654022  0.513819  0.520810  0.773302  0.622340  0.466603  0.454440  0.606358  0.526704  0.530782  0.561905  0.560699  0.496396  0.485516  0.427695  0.516045  0.592042  0.610710  0.551822  0.383644  0.504002  0.576165  0.538868  0.599493  0.553167  0.589618  0.528969  0.487538  0.553658  0.561109  0.447921  0.626923  0.564333  0.679176  0.472052  0.400013  0.502050  0.619434  0.475329  0.484373  0.479493  0.620099  0.552583 0.0  0.616394  0.476042  0.726404  0.525225  0.767304  0.425135  0.643259  0.472537  0.646519  0.648478  0.583480  0.494595  0.704691  0.576394  0.511090  0.781234  0.496194  0.585602  0.488664  0.543521  0.615507  0.378788  0.668927  0.617750  0.624682  0.615823  0.626403  0.595733  0.513370 
44  0.538189  0.418592  0.387036  0.693280  0.693380  0.650036  0.363683  0.393411  0.553421  0.470945  0.302414  0.639927  0.650212  0.426057  0.769348  0.415826  0.471283  0.441442  0.559990  0.551912  0.504055  0.533965  0.589873  0.363097  0.602058  0.494345  0.475737  0.499280  0.620092  0.477644  0.496334  0.505429  0.514711  0.435814  0.441290  0.519447  0.559826  0.390679  0.613865  0.541255  0.616650  0.500088  0.420165  0.616394 0.0  0.585096  0.820461  0.392956  0.582419  0.574691  0.696835  0.584284  0.423450  0.314342  0.415482  0.367279  0.713872  0.438119  0.533264  0.820353  0.561608  0.730055  0.473943  0.401280  0.652301  0.512364  0.623476  0.747216  0.659789  0.521690  0.640155  0.589793  0.600113 
45  0.631456  0.572405  0.633134  0.772739  0.668815  0.564925  0.563328  0.568600  0.566103  0.522767  0.567707  0.479341  0.492094  0.539752  0.541240  0.523563  0.483999  0.542576  0.623107  0.636468  0.604087  0.465819  0.526601  0.601762  0.548047  0.697232  0.628297  0.519119  0.587438  0.558228  0.630405  0.730633  0.510152  0.565833  0.681280  0.453709  0.605325  0.548451  0.502229  0.612861  0.401377  0.509506  0.652538  0.476042  0.585096 0.0  0.766961  0.498876  0.622677  0.422786  0.697847  0.644229  0.612490  0.540372  0.504975  0.649575  0.754953  0.670637  0.544013  0.887270  0.471423  0.654407  0.577650  0.604790  0.657861  0.445317  0.812447  0.537248  0.620380  0.631709  0.658401  0.571274  0.519517 
46  0.771951  0.580420  0.787411  0.669111  0.479150  0.816294  0.772556  0.773145  0.670813  0.663362  0.657514  0.823956  0.728579  0.797311  0.691545  0.684926  0.707173  0.716323  0.726467  0.679562  0.720026  0.837083  0.818093  0.709876  0.799268  0.744611  0.799867  0.761346  0.757916  0.744893  0.633929  0.744866  0.832665  0.715690  0.754079  0.700199  0.742188  0.633781  0.740360  0.742110  0.648883  0.808601  0.768853  0.726404  0.820461  0.766961 0.0  0.781796  0.725330  0.752107  0.531090  0.697538  0.807578  0.708470  0.582594  0.725279  0.763719  0.728538  0.771721  0.774349  0.677799  0.752800  0.755069  0.770790  0.650028  0.713470  0.612616  0.688731  0.747616  0.794555  0.762942  0.778597  0.798062 
47  0.585834  0.473424  0.476298  0.770840  0.775998  0.610348  0.383031  0.517291  0.501758  0.494820  0.405905  0.557522  0.605337  0.597773  0.666840  0.243557  0.567717  0.246540  0.420744  0.618315  0.480288  0.568003  0.543736  0.396432  0.334702  0.430551  0.454704  0.513446  0.413617  0.471728  0.620423  0.539909  0.587787  0.548961  0.514144  0.637589  0.654797  0.434897  0.592158  0.652430  0.609556  0.408264  0.560308  0.525225  0.392956  0.498876  0.781796 0.0  0.728649  0.657863  0.650855  0.592403  0.468527  0.314031  0.531142  0.490275  0.654604  0.496035  0.388161  0.844257  0.555445  0.797538  0.554733  0.484437  0.677000  0.513470  0.767760  0.649731  0.586458  0.633391  0.694255  0.436124  0.593839 
48  0.713633  0.596067  0.545400  0.783742  0.593075  0.554962  0.674905  0.588103  0.657212  0.609884  0.663084  0.780520  0.613348  0.635580  0.632969  0.715783  0.711817  0.744872  0.509247  0.476970  0.594061  0.636458  0.641637  0.647314  0.636027  0.668303  0.733285  0.682632  0.732080  0.580273  0.667017  0.792023  0.587039  0.693438  0.660494  0.558967  0.585592  0.690768  0.564958  0.579560  0.580016  0.707272  0.618563  0.767304  0.582419  0.622677  0.725330  0.728649 0.0  0.682962  0.620725  0.607802  0.709295  0.597537  0.443723  0.635575  0.736266  0.565197  0.693276  0.766235  0.592212  0.578661  0.639212  0.652388  0.344222  0.637402  0.598422  0.645670  0.663657  0.746341  0.576411  0.723796  0.706646 
49  0.700486  0.484652  0.687191  0.734974  0.604538  0.449427  0.478337  0.624922  0.561150  0.468423  0.607316  0.518274  0.477007  0.678922  0.560414  0.632078  0.536442  0.533311  0.505082  0.654798  0.568031  0.456720  0.558463  0.577275  0.571501  0.567573  0.492105  0.529395  0.557723  0.629061  0.616665  0.649432  0.538838  0.697666  0.506684  0.465034  0.605952  0.511874  0.565786  0.642609  0.512837  0.391474  0.488119  0.425135  0.574691  0.422786  0.752107  0.657863  0.682962 0.0  0.693785  0.468793  0.603489  0.634400  0.675128  0.668189  0.745916  0.593604  0.588760  0.768069  0.527562  0.650999  0.602893  0.577400  0.649668  0.390976  0.726874  0.666258  0.524192  0.691633  0.691844  0.562511  0.575073 
50  0.545498  0.692486  0.603358  0.462390  0.573115  0.735706  0.659800  0.650535  0.562834  0.664757  0.601204  0.655471  0.723524  0.676847  0.605415  0.641910  0.711469  0.777882  0.668408  0.632656  0.706527  0.728502  0.787665  0.653219  0.656224  0.726572  0.733494  0.497103  0.646945  0.713094  0.614629  0.533679  0.596279  0.595271  0.677184  0.557209  0.624450  0.747640  0.708620  0.599555  0.722036  0.724356  0.547328  0.643259  0.696835  0.697847  0.531090  0.650855  0.620725  0.693785 0.0  0.566073  0.558644  0.599782  0.702216  0.623509  0.621633  0.664200  0.629376  0.652580  0.658780  0.709278  0.569339  0.695868  0.661928  0.779942  0.512768  0.672622  0.660973  0.456459  0.661787  0.718007  0.729917 
51  0.728656  0.512586  0.666926  0.827194  0.570274  0.620241  0.508214  0.532203  0.517172  0.576799  0.647529  0.535285  0.342374  0.631976  0.571401  0.554776  0.424832  0.594590  0.439336  0.471553  0.541330  0.541857  0.654769  0.524934  0.675021  0.587821  0.614202  0.656881  0.607061  0.627326  0.680737  0.733121  0.642245  0.578299  0.679042  0.479138  0.517690  0.468571  0.576096  0.655657  0.370054  0.463359  0.637152  0.472537  0.584284  0.644229  0.697538  0.592403  0.607802  0.468793  0.566073 0.0  0.611150  0.631121  0.598180  0.563236  0.679374  0.597839  0.572170  0.776640  0.494961  0.690791  0.607414  0.526179  0.551958  0.525349  0.626835  0.598320  0.380215  0.701371  0.621395  0.644496  0.576488 
52  0.562560  0.560016  0.442652  0.647363  0.693498  0.740453  0.426336  0.410492  0.463823  0.445492  0.488803  0.624201  0.626871  0.485479  0.686316  0.416038  0.611468  0.525284  0.699520  0.568434  0.472637  0.600686  0.518817  0.443287  0.466463  0.413451  0.499792  0.476399  0.641459  0.414330  0.538146  0.454783  0.536740  0.369501  0.459192  0.515350  0.493919  0.506738  0.605531  0.568821  0.680049  0.584929  0.518791  0.646519  0.423450  0.612490  0.807578  0.468527  0.709295  0.603489  0.558644  0.611150 0.0  0.348254  0.619528  0.503843  0.786156  0.509480  0.534111  0.750541  0.451290  0.751920  0.530099  0.455838  0.674988  0.499470  0.816449  0.652988  0.624530  0.448651  0.612364  0.546830  0.592871 
53  0.623883  0.421987  0.333189  0.810030  0.684855  0.635512  0.311674  0.409399  0.539288  0.400412  0.495920  0.569786  0.604367  0.362693  0.634140  0.328327  0.521404  0.539899  0.595492  0.641590  0.441021  0.577070  0.670307  0.286282  0.534084  0.488848  0.408633  0.474070  0.589975  0.314199  0.395654  0.420869  0.493172  0.390584  0.469807  0.392680  0.455899  0.284045  0.559130  0.411728  0.585772  0.547991  0.360026  0.648478  0.314342  0.540372  0.708470  0.314031  0.597537  0.634400  0.599782  0.631121  0.348254 0.0  0.419479  0.312060  0.744645  0.403178  0.310564  0.750108  0.487967  0.647121  0.419682  0.455290  0.624313  0.562877  0.654986  0.612980  0.673797  0.521000  0.714135  0.428407  0.408679 
