31
0 0.0  0.447169  0.321841  0.668387  0.786959  0.389168  0.250683  0.357590  0.091835  0.352112  0.201158  0.839194  0.862522  0.257079  0.311583  0.443523  0.318174  0.846553  0.261102  0.957243  0.288660  0.366919  0.872919  0.330073  0.763105  0.937643  0.971393  0.336906  0.265651  0.739009  0.429759 
1  0.447169 0.0  0.557826  0.278156  0.742701  0.265149  0.161785  0.467260  0.440918  0.368360  0.310043  0.568010  0.792876  0.321749  0.344960  0.082014  0.352724  0.459444  0.144395  0.748510  0.337120  0.313959  0.808137  0.453564  0.686773  0.453777  0.679421  0.078086  0.344974  0.633951  0.531945 
2  0.321841  0.557826 0.0  0.562829  0.634611  0.485741  0.273637  0.191736  0.458162  0.177993  0.249287  0.941873  0.754766  0.208799  0.335760  0.407908  0.197229  0.770530  0.364750  0.691784  0.052110  0.273235  0.683807  0.184693  0.806300  0.745107  0.697514  0.360043  0.086855  0.712170  0.244443 
3  0.668387  0.278156  0.562829 0.0  0.550514  0.311958  0.302264  0.481782  0.536609  0.676029  0.386504  0.340599  0.691777  0.381077  0.449193  0.452627  0.529357  0.461809  0.262483  0.673918  0.502027  0.540725  0.710584  0.544282  0.552156  0.422847  0.709308  0.362201  0.538221  0.426208  0.632166 
4  0.786959  0.742701  0.634611  0.550514 0.0  0.858794  0.841798  0.701065  0.760421  0.826035  0.613872  0.699371  0.213318  0.718595  0.608193  0.665135  0.764182  0.390470  0.881566  0.069998  0.849700  0.585925  0.135567  0.732827  0.208056  0.267200  0.537528  0.749078  0.760677  0.198024  0.752589 
5  0.389168  0.265149  0.485741  0.311958  0.858794 0.0  0.083273  0.421716  0.522360  0.318677  0.252206  0.525959  0.688455  0.486150  0.368417  0.055701  0.413683  0.563813  0.065828  0.814525  0.369491  0.364939  0.718916  0.361648  0.652642  0.522080  0.725697  0.128650  0.499858  0.746105  0.470823 
6  0.250683  0.161785  0.273637  0.302264  0.841798  0.083273 0.0  0.348107  0.281404  0.430839  0.354533  0.488498  0.721596  0.334721  0.157434  0.117778  0.327452  0.521726  0.239674  0.788656  0.362688  0.315158  0.751665  0.304362  0.740346  0.511037  0.806053  0.186292  0.348942  0.654837  0.370405 
7  0.357590  0.467260  0.191736  0.481782  0.701065  0.421716  0.348107 0.0  0.451643  0.177825  0.144798  0.864063  0.722571  0.257823  0.306840  0.410019  0.322570  0.699016  0.421658  0.813931  0.105399  0.358149  0.673671  0.158319  0.791335  0.677750  0.794078  0.416270  0.291788  0.698269  0.234083 
8  0.091835  0.440918  0.458162  0.536609  0.760421  0.522360  0.281404  0.451643 0.0  0.297993  0.301600  0.780246  0.730037  0.482537  0.362809  0.439208  0.556642  0.620786  0.324169  0.655065  0.340705  0.294872  0.702005  0.372521  0.777718  0.817482  0.672553  0.470341  0.572290  0.588049  0.602291 
9  0.352112  0.368360  0.177993  0.676029  0.826035  0.318677  0.430839  0.177825  0.297993 0.0  0.330234  0.820215  0.829857  0.142313  0.271552  0.329841  0.170320  0.761291  0.407649  0.789995  0.067249  0.407412  0.906178  0.125197  0.728063  0.915001  0.768254  0.408426  0.090870  0.633700  0.166648 
10  0.201158  0.310043  0.249287  0.386504  0.613872  0.252206  0.354533  0.144798  0.301600  0.330234 0.0  0.674209  0.701464  0.345500  0.337334  0.251397  0.347929  0.792497  0.278786  0.715277  0.258135  0.291028  0.661202  0.333318  0.673273  0.695279  0.806669  0.257198  0.471132  0.634622  0.238707 
11  0.839194  0.568010  0.941873  0.340599  0.699371  0.525959  0.488498  0.864063  0.780246  0.820215  0.674209 0.0  0.722601  1.000000  0.839563  0.406061  0.844918  0.532381  0.608050  0.751211  0.710884  0.690523  0.882365  0.896285  0.739695  0.409287  0.328924  0.522063  0.944127  0.675615  0.747170 
12  0.862522  0.792876  0.754766  0.691777  0.213318  0.688455  0.721596  0.722571  0.730037  0.829857  0.701464  0.722601 0.0  0.862106  0.592991  0.963688  0.626364  0.467505  0.765605  0.109100  0.834374  0.552467  0.151031  0.791484  0.009288  0.480043  0.638879  0.804862  0.720285  0.217626  0.757303 
13  0.257079  0.321749  0.208799  0.381077  0.718595  0.486150  0.334721  0.257823  0.482537  0.142313  0.345500  1.000000  0.862106 0.0  0.284541  0.386904  0.156387  0.698871  0.441880  0.703897  0.078151  0.323679  0.806436  0.238201  0.779020  0.801609  0.792650  0.447632  0.218100  0.752027  0.193870 
14  0.311583  0.344960  0.335760  0.449193  0.608193  0.368417  0.157434  0.306840  0.362809  0.271552  0.337334  0.839563  0.592991  0.284541 0.0  0.182713  0.311532  0.560362  0.214654  0.574580  0.221904  0.184463  0.568616  0.293436  0.662927  0.689377  0.665307  0.313233  0.401095  0.588469  0.233852 
15  0.443523  0.082014  0.407908  0.452627  0.665135  0.055701  0.117778  0.410019  0.439208  0.329841  0.251397  0.406061  0.963688  0.386904  0.182713 0.0  0.365576  0.587534  0.158925  0.822680  0.301859  0.385903  0.829951  0.380177  0.797438  0.550533  0.905666  0.196368  0.338269  0.763340  0.394015 
16  0.318174  0.352724  0.197229  0.529357  0.764182  0.413683  0.327452  0.322570  0.556642  0.170320  0.347929  0.844918  0.626364  0.156387  0.311532  0.365576 0.0  0.758785  0.342026  0.835938  0.107512  0.310618  0.740434  0.329599  0.647627  0.732448  0.724298  0.416302  0.293660  0.722793  0.202359 
17  0.846553  0.459444  0.770530  0.461809  0.390470  0.563813  0.521726  0.699016  0.620786  0.761291  0.792497  0.532381  0.467505  0.698871  0.560362  0.587534  0.758785 0.0  0.515918  0.568829  0.706121  0.773564  0.507054  0.770905  0.409200  0.180771  0.847324  0.500875  0.724691  0.278596  0.730252 
18  0.261102  0.144395  0.364750  0.262483  0.881566  0.065828  0.239674  0.421658  0.324169  0.407649  0.278786  0.608050  0.765605  0.441880  0.214654  0.158925  0.342026  0.515918 0.0  0.755732  0.296510  0.389681  0.686332  0.415421  0.599535  0.535652  0.783537  0.119063  0.262562  0.725411  0.384719 
19  0.957243  0.748510  0.691784  0.673918  0.069998  0.814525  0.788656  0.813931  0.655065  0.789995  0.715277  0.751211  0.109100  0.703897  0.574580  0.822680  0.835938  0.568829  0.755732 0.0  0.866981  0.574316  0.195436  0.848599  0.009821  0.562138  0.619803  0.877558  0.737508  0.231707  0.705545 
20  0.288660  0.337120  0.052110  0.502027  0.849700  0.369491  0.362688  0.105399  0.340705  0.067249  0.258135  0.710884  0.834374  0.078151  0.221904  0.301859  0.107512  0.706121  0.296510  0.866981 0.0  0.446430  0.821857  0.067698  0.863581  0.827601  0.713058  0.363300  0.011347  0.648846  0.025677 
21  0.366919  0.313959  0.273235  0.540725  0.585925  0.364939  0.315158  0.358149  0.294872  0.407412  0.291028  0.690523  0.552467  0.323679  0.184463  0.385903  0.310618  0.773564  0.389681  0.574316  0.446430 0.0  0.498731  0.278975  0.646757  0.813771  0.495883  0.348344  0.312490  0.664536  0.285878 
22  0.872919  0.808137  0.683807  0.710584  0.135567  0.718916  0.751665  0.673671  0.702005  0.906178  0.661202  0.882365  0.151031  0.806436  0.568616  0.829951  0.740434  0.507054  0.686332  0.195436  0.821857  0.498731 0.0  0.725346  0.184706  0.470752  0.598160  0.891072  0.714605  0.340404  0.773124 
23  0.330073  0.453564  0.184693  0.544282  0.732827  0.361648  0.304362  0.158319  0.372521  0.125197  0.333318  0.896285  0.791484  0.238201  0.293436  0.380177  0.329599  0.770905  0.415421  0.848599  0.067698  0.278975  0.725346 0.0  0.800140  0.817522  0.774806  0.454305  0.233601  0.528819  0.188342 
24  0.763105  0.686773  0.806300  0.552156  0.208056  0.652642  0.740346  0.791335  0.777718  0.728063  0.673273  0.739695  0.009288  0.779020  0.662927  0.797438  0.647627  0.409200  0.599535  0.009821  0.863581  0.646757  0.184706  0.800140 0.0  0.319384  0.487874  0.816018  0.648845  0.208841  0.760575 
25  0.937643  0.453777  0.745107  0.422847  0.267200  0.522080  0.511037  0.677750  0.817482  0.915001  0.695279  0.409287  0.480043  0.801609  0.689377  0.550533  0.732448  0.180771  0.535652  0.562138  0.827601  0.813771  0.470752  0.817522  0.319384 0.0  0.871708  0.488674  0.638166  0.237824  0.599245 
26  0.971393  0.679421  0.697514  0.709308  0.537528  0.725697  0.806053  0.794078  0.672553  0.768254  0.806669  0.328924  0.638879  0.792650  0.665307  0.905666  0.724298  0.847324  0.783537  0.619803  0.713058  0.495883  0.598160  0.774806  0.487874  0.871708 0.0  0.855060  0.695587  0.653500  0.806651 
27  0.336906  0.078086  0.360043  0.362201  0.749078  0.128650  0.186292  0.416270  0.470341  0.408426  0.257198  0.522063  0.804862  0.447632  0.313233  0.196368  0.416302  0.500875  0.119063  0.877558  0.363300  0.348344  0.891072  0.454305  0.816018  0.488674  0.855060 0.0  0.395937  0.649121  0.412581 
28  0.265651  0.344974  0.086855  0.538221  0.760677  0.499858  0.348942  0.291788  0.572290  0.090870  0.471132  0.944127  0.720285  0.218100  0.401095  0.338269  0.293660  0.724691  0.262562  0.737508  0.011347  0.312490  0.714605  0.233601  0.648845  0.638166  0.695587  0.395937 0.0  0.723962  0.194398 
29  0.739009  0.633951  0.712170  0.426208  0.198024  0.746105  0.654837  0.698269  0.588049  0.633700  0.634622  0.675615  0.217626  0.752027  0.588469  0.763340  0.722793  0.278596  0.725411  0.231707  0.648846  0.664536  0.340404  0.528819  0.208841  0.237824  0.653500  0.649121  0.723962 0.0  0.666247 
30  0.429759  0.531945  0.244443  0.632166  0.752589  0.470823  0.370405  0.234083  0.602291  0.166648  0.238707  0.747170  0.757303  0.193870  0.233852  0.394015  0.202359  0.730252  0.384719  0.705545  0.025677  0.285878  0.773124  0.188342  0.760575  0.599245  0.806651  0.412581  0.194398  0.666247 0.0 
