31
0 0.0  0.745072  0.445210  0.658258  0.630625  0.402288  0.708566  0.412723  0.568668  0.242802  0.459402  0.747805  0.631281  0.391473  0.745755  0.454866  0.750204  0.827328  0.666245  0.357918  0.837795  0.468236  0.313500  0.508079  0.360200  0.592449  0.353572  0.755764  0.605971  0.263870  0.484213 
1  0.745072 0.0  0.365064  0.429825  0.220705  0.358466  0.183372  0.542273  0.399160  0.637782  0.712684  0.396407  0.790722  0.782356  0.135934  0.317483  0.036349  0.448614  0.042738  0.596716  0.302847  0.304325  0.790417  0.460327  0.447301  0.342285  0.764055  0.421330  0.405514  0.597550  0.331065 
2  0.445210  0.365064 0.0  0.000000  0.467201  0.193701  0.476725  0.918102  0.176224  0.714966  0.757928  0.333874  0.416935  0.696477  0.398699  0.178164  0.427146  0.729399  0.279808  0.394941  0.392707  0.159358  0.476146  0.216149  0.149005  0.203876  0.692363  0.219043  0.083139  0.842012  0.035086 
3  0.658258  0.429825  0.000000 0.0  0.283862  0.045329  0.307237  0.673910  0.129527  0.649546  0.811670  0.350939  0.492443  0.904977  0.388418  0.121289  0.372234  0.847582  0.318964  0.354991  0.502946  0.079424  0.510380  0.062465  0.000000  0.047351  0.818250  0.460828  0.218668  0.740683  0.117615 
4  0.630625  0.220705  0.467201  0.283862 0.0  0.428918  0.170340  0.521825  0.356731  0.764468  0.675967  0.335689  0.750074  0.706232  0.208265  0.357695  0.278957  0.481606  0.089818  0.599251  0.337292  0.333386  0.663554  0.360473  0.537980  0.418915  0.687120  0.267293  0.308132  0.526158  0.281700 
5  0.402288  0.358466  0.193701  0.045329  0.428918 0.0  0.405993  0.761766  0.056469  0.817914  0.748284  0.306542  0.509622  0.679617  0.477486  0.132551  0.475895  0.742259  0.345651  0.326315  0.398653  0.220388  0.483215  0.181554  0.200470  0.204629  0.704532  0.263609  0.081130  0.818019  0.023057 
6  0.708566  0.183372  0.476725  0.307237  0.170340  0.405993 0.0  0.600768  0.390957  0.663247  0.678656  0.311611  0.686226  0.729743  0.198732  0.471754  0.253256  0.450955  0.140101  0.581842  0.367693  0.484628  0.720116  0.445046  0.545369  0.458961  0.673359  0.314909  0.331895  0.544312  0.339299 
7  0.412723  0.542273  0.918102  0.673910  0.521825  0.761766  0.600768 0.0  0.803554  0.205642  0.364533  0.698333  0.720337  0.212167  0.522318  0.923173  0.577667  0.475514  0.542367  0.510939  0.680902  0.849128  0.378679  0.839816  0.864112  0.857337  0.441772  0.698732  0.734583  0.200224  0.693540 
8  0.568668  0.399160  0.176224  0.129527  0.356731  0.056469  0.390957  0.803554 0.0  0.582881  0.751022  0.425263  0.526870  0.729071  0.366353  0.146462  0.292481  0.791567  0.331887  0.270104  0.429055  0.125649  0.511357  0.093560  0.150987  0.096685  0.771567  0.263065  0.126090  0.794169  0.112949 
9  0.242802  0.637782  0.714966  0.649546  0.764468  0.817914  0.663247  0.205642  0.582881 0.0  0.220187  0.728736  0.623461  0.248986  0.715555  0.579630  0.619565  0.697339  0.687554  0.419634  0.484889  0.604360  0.266219  0.659071  0.661774  0.666605  0.280549  0.709328  0.625163  0.198340  0.622108 
10  0.459402  0.712684  0.757928  0.811670  0.675967  0.748284  0.678656  0.364533  0.751022  0.220187 0.0  0.491567  0.762363  0.135331  0.693294  0.699653  0.678857  0.762327  0.721022  0.597703  0.552619  0.735489  0.390698  0.721517  0.821548  0.661330  0.191821  0.901370  0.867704  0.364310  0.724703 
11  0.747805  0.396407  0.333874  0.350939  0.335689  0.306542  0.311611  0.698333  0.425263  0.728736  0.491567 0.0  0.621931  0.450137  0.398007  0.281368  0.165512  0.840376  0.503658  0.558529  0.018337  0.256274  0.781994  0.323880  0.268078  0.400688  0.532644  0.276538  0.233648  0.746709  0.452958 
12  0.631281  0.790722  0.416935  0.492443  0.750074  0.509622  0.686226  0.720337  0.526870  0.623461  0.762363  0.621931 0.0  0.863896  0.787267  0.406683  0.682017  0.335567  0.760292  0.353575  1.000000  0.425642  0.605668  0.507624  0.537524  0.554176  0.881848  0.947383  0.648135  0.679507  0.437020 
13  0.391473  0.782356  0.696477  0.904977  0.706232  0.679617  0.729743  0.212167  0.729071  0.248986  0.135331  0.450137  0.863896 0.0  0.698864  0.675717  0.624716  0.713029  0.732289  0.537137  0.593015  0.792014  0.470050  0.723045  0.661086  0.629578  0.188427  0.828186  0.781924  0.303810  0.686413 
14  0.745755  0.135934  0.398699  0.388418  0.208265  0.477486  0.198732  0.522318  0.366353  0.715555  0.693294  0.398007  0.787267  0.698864 0.0  0.540225  0.151686  0.435341  0.106391  0.585619  0.441194  0.470046  0.772286  0.509587  0.512982  0.367165  0.681324  0.349542  0.300537  0.623064  0.294354 
15  0.454866  0.317483  0.178164  0.121289  0.357695  0.132551  0.471754  0.923173  0.146462  0.579630  0.699653  0.281368  0.406683  0.675717  0.540225 0.0  0.365664  0.777884  0.315655  0.309343  0.269727  0.125053  0.472925  0.241608  0.153130  0.182009  0.684055  0.367817  0.112644  0.839354  0.118650 
16  0.750204  0.036349  0.427146  0.372234  0.278957  0.475895  0.253256  0.577667  0.292481  0.619565  0.678857  0.165512  0.682017  0.624716  0.151686  0.365664 0.0  0.437727  0.001618  0.652855  0.282238  0.430844  0.739791  0.420420  0.415255  0.347353  0.807148  0.265393  0.304258  0.617172  0.336083 
17  0.827328  0.448614  0.729399  0.847582  0.481606  0.742259  0.450955  0.475514  0.791567  0.697339  0.762327  0.840376  0.335567  0.713029  0.435341  0.777884  0.437727 0.0  0.567737  0.546441  0.690423  0.773299  0.706716  0.694174  0.751377  0.801273  0.694883  0.638791  0.674140  0.462490  0.825170 
18  0.666245  0.042738  0.279808  0.318964  0.089818  0.345651  0.140101  0.542367  0.331887  0.687554  0.721022  0.503658  0.760292  0.732289  0.106391  0.315655  0.001618  0.567737 0.0  0.596584  0.366916  0.417553  0.725962  0.354602  0.318466  0.341515  0.697999  0.314039  0.287452  0.485108  0.499401 
19  0.357918  0.596716  0.394941  0.354991  0.599251  0.326315  0.581842  0.510939  0.270104  0.419634  0.597703  0.558529  0.353575  0.537137  0.585619  0.309343  0.652855  0.546441  0.596584 0.0  0.525386  0.284233  0.320115  0.309375  0.275547  0.351381  0.599284  0.538510  0.361338  0.491994  0.265254 
20  0.837795  0.302847  0.392707  0.502946  0.337292  0.398653  0.367693  0.680902  0.429055  0.484889  0.552619  0.018337  1.000000  0.593015  0.441194  0.269727  0.282238  0.690423  0.366916  0.525386 0.0  0.307092  0.784855  0.321942  0.344324  0.301980  0.524039  0.491851  0.430629  0.735805  0.425412 
21  0.468236  0.304325  0.159358  0.079424  0.333386  0.220388  0.484628  0.849128  0.125649  0.604360  0.735489  0.256274  0.425642  0.792014  0.470046  0.125053  0.430844  0.773299  0.417553  0.284233  0.307092 0.0  0.383650  0.175957  0.269084  0.151616  0.619771  0.298807  0.134640  0.861840  0.063223 
22  0.313500  0.790417  0.476146  0.510380  0.663554  0.483215  0.720116  0.378679  0.511357  0.266219  0.390698  0.781994  0.605668  0.470050  0.772286  0.472925  0.739791  0.706716  0.725962  0.320115  0.784855  0.383650 0.0  0.497830  0.428078  0.430539  0.382609  0.765317  0.601819  0.281170  0.422983 
23  0.508079  0.460327  0.216149  0.062465  0.360473  0.181554  0.445046  0.839816  0.093560  0.659071  0.721517  0.323880  0.507624  0.723045  0.509587  0.241608  0.420420  0.694174  0.354602  0.309375  0.321942  0.175957  0.497830 0.0  0.096941  0.306330  0.598979  0.345330  0.026426  0.878292  0.111526 
24  0.360200  0.447301  0.149005  0.000000  0.537980  0.200470  0.545369  0.864112  0.150987  0.661774  0.821548  0.268078  0.537524  0.661086  0.512982  0.153130  0.415255  0.751377  0.318466  0.275547  0.344324  0.269084  0.428078  0.096941 0.0  0.250757  0.785344  0.395266  0.038726  0.879299  0.142452 
25  0.592449  0.342285  0.203876  0.047351  0.418915  0.204629  0.458961  0.857337  0.096685  0.666605  0.661330  0.400688  0.554176  0.629578  0.367165  0.182009  0.347353  0.801273  0.341515  0.351381  0.301980  0.151616  0.430539  0.306330  0.250757 0.0  0.724857  0.392228  0.127863  0.701452  0.084399 
26  0.353572  0.764055  0.692363  0.818250  0.687120  0.704532  0.673359  0.441772  0.771567  0.280549  0.191821  0.532644  0.881848  0.188427  0.681324  0.684055  0.807148  0.694883  0.697999  0.599284  0.524039  0.619771  0.382609  0.598979  0.785344  0.724857 0.0  0.871990  0.843079  0.387051  0.736752 
27  0.755764  0.421330  0.219043  0.460828  0.267293  0.263609  0.314909  0.698732  0.263065  0.709328  0.901370  0.276538  0.947383  0.828186  0.349542  0.367817  0.265393  0.638791  0.314039  0.538510  0.491851  0.298807  0.765317  0.345330  0.395266  0.392228  0.871990 0.0  0.435521  0.664621  0.206329 
28  0.605971  0.405514  0.083139  0.218668  0.308132  0.081130  0.331895  0.734583  0.126090  0.625163  0.867704  0.233648  0.648135  0.781924  0.300537  0.112644  0.304258  0.674140  0.287452  0.361338  0.430629  0.134640  0.601819  0.026426  0.038726  0.127863  0.843079  0.435521 0.0  0.756086  0.033031 
29  0.263870  0.597550  0.842012  0.740683  0.526158  0.818019  0.544312  0.200224  0.794169  0.198340  0.364310  0.746709  0.679507  0.303810  0.623064  0.839354  0.617172  0.462490  0.485108  0.491994  0.735805  0.861840  0.281170  0.878292  0.879299  0.701452  0.387051  0.664621  0.756086 0.0  0.767752 
30  0.484213  0.331065  0.035086  0.117615  0.281700  0.023057  0.339299  0.693540  0.112949  0.622108  0.724703  0.452958  0.437020  0.686413  0.294354  0.118650  0.336083  0.825170  0.499401  0.265254  0.425412  0.063223  0.422983  0.111526  0.142452  0.084399  0.736752  0.206329  0.033031  0.767752 0.0 
