31
0 0.0  0.342693  0.765231  0.362265  0.314477  0.545384  0.551559  0.795716  0.581867  0.577267  0.640459  0.720150  0.824821  0.372384  0.230804  0.429174  0.483713  0.660930  0.560150  0.389388  0.586402  0.699112  0.319264  0.265127  0.711867  0.658816  0.445082  0.487283  0.717480  0.530286  0.288849 
1  0.342693 0.0  0.715883  0.668335  0.328035  0.617680  0.756213  0.669240  0.693868  0.776313  0.801084  0.700700  0.742714  0.092886  0.326361  0.886308  0.743964  0.725734  0.473819  0.233613  0.764074  0.561355  0.296304  0.043738  0.784970  0.678111  0.783749  0.839326  0.673731  0.765256  0.259300 
2  0.765231  0.715883 0.0  0.321278  0.625213  0.248885  0.237086  0.000000  0.083480  0.318548  0.354783  0.141653  0.044712  0.847408  0.661340  0.256732  0.703839  0.240032  0.304548  0.708328  0.319621  0.244426  0.549123  0.847028  0.138491  0.284157  0.259570  0.441803  0.143556  0.228961  0.732421 
3  0.362265  0.668335  0.321278 0.0  0.651060  0.248095  0.084095  0.335329  0.431387  0.094319  0.115354  0.304919  0.261060  0.718321  0.308614  0.141716  0.449806  0.042408  0.597958  0.664798  0.140237  0.331656  0.738083  0.682791  0.354668  0.351105  0.041763  0.102274  0.254561  0.083330  0.413780 
4  0.314477  0.328035  0.625213  0.651060 0.0  0.634030  0.655640  0.479791  0.484226  0.690364  0.732264  0.495617  0.371688  0.341069  0.241057  0.680254  0.664487  0.650676  0.356399  0.253977  0.685542  0.590148  0.261043  0.489471  0.633210  0.644020  0.657341  0.737543  0.540644  0.702411  0.316988 
5  0.545384  0.617680  0.248885  0.248095  0.634030 0.0  0.234243  0.233756  0.232541  0.253648  0.245934  0.270616  0.269214  0.636910  0.753291  0.291743  0.599903  0.306799  0.469609  0.638193  0.235184  0.237394  0.615947  0.587055  0.313012  0.216317  0.200994  0.140849  0.233405  0.204339  0.678967 
6  0.551559  0.756213  0.237086  0.084095  0.655640  0.234243 0.0  0.514571  0.337188  0.203995  0.072236  0.234668  0.478734  0.641628  0.620973  0.042235  0.532515  0.093417  0.448832  0.596480  0.130366  0.351890  0.664808  0.864202  0.356844  0.294783  0.074358  0.059628  0.474779  0.144223  0.562993 
7  0.795716  0.669240  0.000000  0.335329  0.479791  0.233756  0.514571 0.0  0.043939  0.424607  0.388834  0.040027  0.149138  0.649569  0.898968  0.282622  0.610927  0.451690  0.414227  0.772275  0.410834  0.336744  0.497749  0.671328  0.021626  0.320986  0.268750  0.223760  0.222199  0.528856  0.956182 
8  0.581867  0.693868  0.083480  0.431387  0.484226  0.232541  0.337188  0.043939 0.0  0.284335  0.330520  0.092857  0.172255  0.783824  0.692770  0.264934  0.719128  0.485160  0.330182  0.684939  0.329043  0.130829  0.445780  0.811188  0.046096  0.308701  0.392525  0.312578  0.093104  0.260618  0.572695 
9  0.577267  0.776313  0.318548  0.094319  0.690364  0.253648  0.203995  0.424607  0.284335 0.0  0.170096  0.314010  0.439334  0.633769  0.517203  0.014085  0.379881  0.132866  0.580040  0.713872  0.214930  0.429636  0.713899  0.657246  0.281931  0.277783  0.007255  0.065769  0.422153  0.287344  0.694200 
10  0.640459  0.801084  0.354783  0.115354  0.732264  0.245934  0.072236  0.388834  0.330520  0.170096 0.0  0.293200  0.396694  0.837947  0.542908  0.031051  0.544305  0.110927  0.593807  0.838873  0.087461  0.230038  0.613645  0.779726  0.332210  0.345715  0.286546  0.262389  0.500286  0.127072  0.484458 
11  0.720150  0.700700  0.141653  0.304919  0.495617  0.270616  0.234668  0.040027  0.092857  0.314010  0.293200 0.0  0.078955  0.934819  0.761726  0.363726  0.648602  0.387970  0.254939  0.769200  0.277885  0.149794  0.531844  0.898501  0.188244  0.250872  0.150149  0.294694  0.018905  0.400136  0.687667 
12  0.824821  0.742714  0.044712  0.261060  0.371688  0.269214  0.478734  0.149138  0.172255  0.439334  0.396694  0.078955 0.0  0.682365  0.798880  0.318306  0.684333  0.372656  0.230621  0.601029  0.508878  0.315430  0.400163  0.733604  0.033025  0.346820  0.268004  0.327981  0.104439  0.489335  0.878618 
13  0.372384  0.092886  0.847408  0.718321  0.341069  0.636910  0.641628  0.649569  0.783824  0.633769  0.837947  0.934819  0.682365 0.0  0.324127  0.612868  0.546882  0.680894  0.496460  0.119177  0.764997  0.619666  0.471303  0.260436  0.773970  0.457426  0.673770  0.671255  0.687356  0.673688  0.264782 
14  0.230804  0.326361  0.661340  0.308614  0.241057  0.753291  0.620973  0.898968  0.692770  0.517203  0.542908  0.761726  0.798880  0.324127 0.0  0.502386  0.485440  0.573484  0.563733  0.341838  0.617803  0.655639  0.339058  0.296733  0.686723  0.716174  0.485908  0.484737  0.806900  0.620828  0.165032 
15  0.429174  0.886308  0.256732  0.141716  0.680254  0.291743  0.042235  0.282622  0.264934  0.014085  0.031051  0.363726  0.318306  0.612868  0.502386 0.0  0.618839  0.141747  0.543326  0.896561  0.016590  0.195027  0.768398  0.677387  0.246588  0.402266  0.158910  0.157757  0.277225  0.000000  0.514940 
16  0.483713  0.743964  0.703839  0.449806  0.664487  0.599903  0.532515  0.610927  0.719128  0.379881  0.544305  0.648602  0.684333  0.546882  0.485440  0.618839 0.0  0.461430  0.586850  0.884883  0.390136  0.542248  0.729606  0.613715  0.768570  1.000000  0.532011  0.520398  0.784869  0.413761  0.446973 
17  0.660930  0.725734  0.240032  0.042408  0.650676  0.306799  0.093417  0.451690  0.485160  0.132866  0.110927  0.387970  0.372656  0.680894  0.573484  0.141747  0.461430 0.0  0.526615  0.707993  0.202027  0.357403  0.704545  0.720482  0.295529  0.375317  0.120680  0.083994  0.434703  0.146888  0.499434 
18  0.560150  0.473819  0.304548  0.597958  0.356399  0.469609  0.448832  0.414227  0.330182  0.580040  0.593807  0.254939  0.230621  0.496460  0.563733  0.543326  0.586850  0.526615 0.0  0.543644  0.515139  0.432241  0.245391  0.548311  0.308906  0.694291  0.586244  0.546081  0.293087  0.549701  0.659914 
19  0.389388  0.233613  0.708328  0.664798  0.253977  0.638193  0.596480  0.772275  0.684939  0.713872  0.838873  0.769200  0.601029  0.119177  0.341838  0.896561  0.884883  0.707993  0.543644 0.0  0.733589  0.558862  0.309896  0.046318  0.604379  0.516484  0.767706  0.924901  0.680911  0.690584  0.278380 
20  0.586402  0.764074  0.319621  0.140237  0.685542  0.235184  0.130366  0.410834  0.329043  0.214930  0.087461  0.277885  0.508878  0.764997  0.617803  0.016590  0.390136  0.202027  0.515139  0.733589 0.0  0.322037  0.752118  0.638471  0.322409  0.322841  0.005603  0.068864  0.400368  0.272337  0.736139 
21  0.699112  0.561355  0.244426  0.331656  0.590148  0.237394  0.351890  0.336744  0.130829  0.429636  0.230038  0.149794  0.315430  0.619666  0.655639  0.195027  0.542248  0.357403  0.432241  0.558862  0.322037 0.0  0.590814  0.612523  0.218494  0.200474  0.069872  0.172300  0.339762  0.359321  0.638171 
22  0.319264  0.296304  0.549123  0.738083  0.261043  0.615947  0.664808  0.497749  0.445780  0.713899  0.613645  0.531844  0.400163  0.471303  0.339058  0.768398  0.729606  0.704545  0.245391  0.309896  0.752118  0.590814 0.0  0.515910  0.671469  0.753340  0.561495  0.694564  0.463870  0.660312  0.257945 
23  0.265127  0.043738  0.847028  0.682791  0.489471  0.587055  0.864202  0.671328  0.811188  0.657246  0.779726  0.898501  0.733604  0.260436  0.296733  0.677387  0.613715  0.720482  0.548311  0.046318  0.638471  0.612523  0.515910 0.0  0.775379  0.473092  0.641205  0.653634  0.644079  0.665536  0.295277 
24  0.711867  0.784970  0.138491  0.354668  0.633210  0.313012  0.356844  0.021626  0.046096  0.281931  0.332210  0.188244  0.033025  0.773970  0.686723  0.246588  0.768570  0.295529  0.308906  0.604379  0.322409  0.218494  0.671469  0.775379 0.0  0.421480  0.258161  0.439518  0.015119  0.298343  0.735985 
25  0.658816  0.678111  0.284157  0.351105  0.644020  0.216317  0.294783  0.320986  0.308701  0.277783  0.345715  0.250872  0.346820  0.457426  0.716174  0.402266  1.000000  0.375317  0.694291  0.516484  0.322841  0.200474  0.753340  0.473092  0.421480 0.0  0.467855  0.407532  0.391985  0.455276  0.693112 
26  0.445082  0.783749  0.259570  0.041763  0.657341  0.200994  0.074358  0.268750  0.392525  0.007255  0.286546  0.150149  0.268004  0.673770  0.485908  0.158910  0.532011  0.120680  0.586244  0.767706  0.005603  0.069872  0.561495  0.641205  0.258161  0.467855 0.0  0.249624  0.330688  0.101074  0.402699 
27  0.487283  0.839326  0.441803  0.102274  0.737543  0.140849  0.059628  0.223760  0.312578  0.065769  0.262389  0.294694  0.327981  0.671255  0.484737  0.157757  0.520398  0.083994  0.546081  0.924901  0.068864  0.172300  0.694564  0.653634  0.439518  0.407532  0.249624 0.0  0.395849  0.065483  0.307873 
28  0.717480  0.673731  0.143556  0.254561  0.540644  0.233405  0.474779  0.222199  0.093104  0.422153  0.500286  0.018905  0.104439  0.687356  0.806900  0.277225  0.784869  0.434703  0.293087  0.680911  0.400368  0.339762  0.463870  0.644079  0.015119  0.391985  0.330688  0.395849 0.0  0.462000  0.787056 
29  0.530286  0.765256  0.228961  0.083330  0.702411  0.204339  0.144223  0.528856  0.260618  0.287344  0.127072  0.400136  0.489335  0.673688  0.620828  0.000000  0.413761  0.146888  0.549701  0.690584  0.272337  0.359321  0.660312  0.665536  0.298343  0.455276  0.101074  0.065483  0.462000 0.0  0.621837 
30  0.288849  0.259300  0.732421  0.413780  0.316988  0.678967  0.562993  0.956182  0.572695  0.694200  0.484458  0.687667  0.878618  0.264782  0.165032  0.514940  0.446973  0.499434  0.659914  0.278380  0.736139  0.638171  0.257945  0.295277  0.735985  0.693112  0.402699  0.307873  0.787056  0.621837 0.0 
