31
0 0.0  0.956764  0.262117  0.408964  0.834847  0.541712  0.420224  0.338655  0.257111  0.160025  0.087312  0.273973  0.228067  0.858008  0.502610  0.613430  0.449851  0.359434  0.016768  0.334145  0.382213  0.799731  0.417328  0.832187  0.126971  0.095363  0.455516  0.758624  0.283900  0.383314  0.321361 
1  0.956764 0.0  0.818686  0.685023  0.015217  0.410764  0.781638  0.732009  0.918386  0.712759  0.680730  0.741449  0.866621  0.412833  0.339629  0.587782  0.713041  0.831278  0.782053  0.958797  0.797991  0.071913  0.418813  0.519797  0.761985  0.723793  0.256102  0.843694  0.910441  0.759043  0.758480 
2  0.262117  0.818686 0.0  0.203726  0.823010  0.847986  0.031103  0.152448  0.181083  0.406002  0.533674  0.263361  0.413752  0.619547  0.902540  0.286090  0.380482  0.164564  0.411346  0.306818  0.199710  0.741416  0.443158  0.782842  0.492135  0.712048  0.837103  0.615301  0.364213  0.424857  0.312781 
3  0.408964  0.685023  0.203726 0.0  0.778338  0.898008  0.082097  0.232185  0.285786  0.532014  0.553328  0.193196  0.366699  0.504241  0.934023  0.304814  0.337277  0.233478  0.520351  0.403040  0.119271  0.801209  0.318006  0.753008  0.533879  0.413172  0.962436  0.641506  0.303599  0.545785  0.335095 
4  0.834847  0.015217  0.823010  0.778338 0.0  0.229495  1.000000  0.784836  0.876480  0.730344  0.771070  0.869361  0.893440  0.517624  0.380407  0.690423  0.413632  0.730004  0.687052  0.705583  0.838950  0.061535  0.754581  0.517239  0.810607  0.840309  0.292752  0.727357  0.748124  0.803677  0.906637 
5  0.541712  0.410764  0.847986  0.898008  0.229495 0.0  0.684857  0.966371  0.818990  0.600557  0.631456  0.875778  0.497468  0.375689  0.166634  0.563877  0.737509  0.881451  0.556290  0.450278  0.730644  0.336213  0.773553  0.853595  0.687311  0.677614  0.228035  0.971932  0.535133  0.918435  0.748861 
6  0.420224  0.781638  0.031103  0.082097  1.000000  0.684857 0.0  0.000000  0.100292  0.343852  0.434306  0.087018  0.390364  0.661903  0.831259  0.396399  0.384700  0.160712  0.351397  0.373803  0.126334  0.887267  0.482856  0.837826  0.307405  0.262013  0.713558  0.418046  0.347576  0.316278  0.478932 
7  0.338655  0.732009  0.152448  0.232185  0.784836  0.966371  0.000000 0.0  0.195832  0.459541  0.500672  0.299122  0.423332  0.487027  0.833265  0.253269  0.267718  0.190927  0.404138  0.275508  0.144996  0.718120  0.380998  0.758598  0.421304  0.543304  0.857201  0.652883  0.442745  0.316960  0.395402 
8  0.257111  0.918386  0.181083  0.285786  0.876480  0.818990  0.100292  0.195832 0.0  0.530376  0.374988  0.173152  0.456586  0.511127  0.849019  0.302035  0.420247  0.246921  0.418736  0.468931  0.098171  0.854674  0.340450  0.716168  0.477053  0.477282  0.925502  0.542682  0.314731  0.429740  0.332878 
9  0.160025  0.712759  0.406002  0.532014  0.730344  0.600557  0.343852  0.459541  0.530376 0.0  0.209562  0.573292  0.189558  0.736050  0.561619  0.570361  0.372817  0.401255  0.151955  0.075591  0.420965  0.826566  0.404432  0.820647  0.181056  0.153694  0.721993  0.927499  0.000000  0.540453  0.499388 
10  0.087312  0.680730  0.533674  0.553328  0.771070  0.631456  0.434306  0.500672  0.374988  0.209562 0.0  0.459986  0.128939  0.660901  0.570691  0.592252  0.268719  0.473775  0.169437  0.000000  0.379011  0.839930  0.336156  0.704759  0.180848  0.171183  0.600612  0.925387  0.156590  0.481584  0.332888 
11  0.273973  0.741449  0.263361  0.193196  0.869361  0.875778  0.087018  0.299122  0.173152  0.573292  0.459986 0.0  0.351634  0.577265  0.894245  0.237099  0.389095  0.290434  0.558112  0.392167  0.080323  0.726904  0.325211  0.697898  0.450455  0.407717  0.874933  0.584997  0.384187  0.470691  0.364616 
12  0.228067  0.866621  0.413752  0.366699  0.893440  0.497468  0.390364  0.423332  0.456586  0.189558  0.128939  0.351634 0.0  0.825147  0.516023  0.584630  0.379564  0.430568  0.190542  0.183066  0.324254  0.786559  0.440754  0.780372  0.168570  0.161155  0.547999  0.903003  0.099657  0.429460  0.400403 
13  0.858008  0.412833  0.619547  0.504241  0.517624  0.375689  0.661903  0.487027  0.511127  0.736050  0.660901  0.577265  0.825147 0.0  0.371773  0.412735  0.728620  0.579536  0.831980  0.790553  0.659258  0.473341  0.878528  0.941095  0.772718  0.763266  0.337186  0.559888  0.773257  0.754393  0.773276 
14  0.502610  0.339629  0.902540  0.934023  0.380407  0.166634  0.831259  0.833265  0.849019  0.561619  0.570691  0.894245  0.516023  0.371773 0.0  0.594280  0.756073  0.816542  0.673424  0.421116  0.820435  0.348202  0.621454  0.837211  0.696126  0.648149  0.156356  0.874883  0.484561  0.830967  0.702680 
15  0.613430  0.587782  0.286090  0.304814  0.690423  0.563877  0.396399  0.253269  0.302035  0.570361  0.592252  0.237099  0.584630  0.412735  0.594280 0.0  0.570051  0.138791  0.531347  0.594829  0.308586  0.779934  0.681816  0.698243  0.604995  0.442425  0.493020  0.321041  0.546668  0.654295  0.743183 
16  0.449851  0.713041  0.380482  0.337277  0.413632  0.737509  0.384700  0.267718  0.420247  0.372817  0.268719  0.389095  0.379564  0.728620  0.756073  0.570051 0.0  0.295988  0.332641  0.455320  0.475797  0.506401  0.000000  0.584539  0.332794  0.454466  0.693797  0.751046  0.472697  0.275712  0.298205 
17  0.359434  0.831278  0.164564  0.233478  0.730004  0.881451  0.160712  0.190927  0.246921  0.401255  0.473775  0.290434  0.430568  0.579536  0.816542  0.138791  0.295988 0.0  0.423730  0.317606  0.105453  0.741172  0.350050  0.687827  0.474876  0.485362  0.930927  0.611093  0.309945  0.386390  0.427324 
18  0.016768  0.782053  0.411346  0.520351  0.687052  0.556290  0.351397  0.404138  0.418736  0.151955  0.169437  0.558112  0.190542  0.831980  0.673424  0.531347  0.332641  0.423730 0.0  0.075305  0.508220  0.708819  0.447404  0.809228  0.172746  0.191353  0.647791  0.889927  0.013996  0.578384  0.342109 
19  0.334145  0.958797  0.306818  0.403040  0.705583  0.450278  0.373803  0.275508  0.468931  0.075591  0.000000  0.392167  0.183066  0.790553  0.421116  0.594829  0.455320  0.317606  0.075305 0.0  0.448233  0.902514  0.259860  0.673319  0.107362  0.170926  0.462448  0.707992  0.105651  0.414856  0.479339 
20  0.382213  0.797991  0.199710  0.119271  0.838950  0.730644  0.126334  0.144996  0.098171  0.420965  0.379011  0.080323  0.324254  0.659258  0.820435  0.308586  0.475797  0.105453  0.508220  0.448233 0.0  0.861664  0.366703  0.791345  0.441426  0.411170  0.814323  0.601322  0.357786  0.338918  0.366563 
21  0.799731  0.071913  0.741416  0.801209  0.061535  0.336213  0.887267  0.718120  0.854674  0.826566  0.839930  0.726904  0.786559  0.473341  0.348202  0.779934  0.506401  0.741172  0.708819  0.902514  0.861664 0.0  0.657924  0.624929  0.847153  0.657209  0.357769  0.773099  0.801417  0.758514  0.853852 
22  0.417328  0.418813  0.443158  0.318006  0.754581  0.773553  0.482856  0.380998  0.340450  0.404432  0.336156  0.325211  0.440754  0.878528  0.621454  0.681816  0.000000  0.350050  0.447404  0.259860  0.366703  0.657924 0.0  0.541119  0.374768  0.374354  0.703616  0.795101  0.275904  0.352257  0.404614 
23  0.832187  0.519797  0.782842  0.753008  0.517239  0.853595  0.837826  0.758598  0.716168  0.820647  0.704759  0.697898  0.780372  0.941095  0.837211  0.698243  0.584539  0.687827  0.809228  0.673319  0.791345  0.624929  0.541119 0.0  0.675507  0.688786  0.719430  0.412568  0.797673  0.795062  0.936587 
24  0.126971  0.761985  0.492135  0.533879  0.810607  0.687311  0.307405  0.421304  0.477053  0.181056  0.180848  0.450455  0.168570  0.772718  0.696126  0.604995  0.332794  0.474876  0.172746  0.107362  0.441426  0.847153  0.374768  0.675507 0.0  0.172289  0.688212  0.815685  0.003083  0.426524  0.391783 
25  0.095363  0.723793  0.712048  0.413172  0.840309  0.677614  0.262013  0.543304  0.477282  0.153694  0.171183  0.407717  0.161155  0.763266  0.648149  0.442425  0.454466  0.485362  0.191353  0.170926  0.411170  0.657209  0.374354  0.688786  0.172289 0.0  0.559831  0.845124  0.077068  0.522974  0.428647 
26  0.455516  0.256102  0.837103  0.962436  0.292752  0.228035  0.713558  0.857201  0.925502  0.721993  0.600612  0.874933  0.547999  0.337186  0.156356  0.493020  0.693797  0.930927  0.647791  0.462448  0.814323  0.357769  0.703616  0.719430  0.688212  0.559831 0.0  0.846561  0.531899  0.846797  0.781105 
27  0.758624  0.843694  0.615301  0.641506  0.727357  0.971932  0.418046  0.652883  0.542682  0.927499  0.925387  0.584997  0.903003  0.559888  0.874883  0.321041  0.751046  0.611093  0.889927  0.707992  0.601322  0.773099  0.795101  0.412568  0.815685  0.845124  0.846561 0.0  0.797001  0.840601  0.677346 
28  0.283900  0.910441  0.364213  0.303599  0.748124  0.535133  0.347576  0.442745  0.314731  0.000000  0.156590  0.384187  0.099657  0.773257  0.484561  0.546668  0.472697  0.309945  0.013996  0.105651  0.357786  0.801417  0.275904  0.797673  0.003083  0.077068  0.531899  0.797001 0.0  0.324989  0.398584 
29  0.383314  0.759043  0.424857  0.545785  0.803677  0.918435  0.316278  0.316960  0.429740  0.540453  0.481584  0.470691  0.429460  0.754393  0.830967  0.654295  0.275712  0.386390  0.578384  0.414856  0.338918  0.758514  0.352257  0.795062  0.426524  0.522974  0.846797  0.840601  0.324989 0.0  0.044089 
30  0.321361  0.758480  0.312781  0.335095  0.906637  0.748861  0.478932  0.395402  0.332878  0.499388  0.332888  0.364616  0.400403  0.773276  0.702680  0.743183  0.298205  0.427324  0.342109  0.479339  0.366563  0.853852  0.404614  0.936587  0.391783  0.428647  0.781105  0.677346  0.398584  0.044089 0.0 
