31
0 0.0  0.138508  0.279732  0.003172  0.785910  0.037277  0.269121  0.600084  0.363044  0.218439  0.637791  0.798838  0.114811  0.022382  0.466570  0.268175  0.514602  0.454452  0.285966  0.493353  0.307420  0.476408  0.365419  0.121331  0.194635  0.817621  0.294266  0.781886  0.386826  0.791919  0.492898 
1  0.138508 0.0  0.422248  0.169693  0.860494  0.194028  0.105094  0.787326  0.312026  0.106742  0.441218  0.858075  0.075580  0.245674  0.369442  0.245456  0.597419  0.554328  0.152769  0.325643  0.350808  0.614507  0.337130  0.054132  0.421245  0.739830  0.261805  0.877158  0.311999  0.896414  0.379710 
2  0.279732  0.422248 0.0  0.506143  0.751635  0.433028  0.373869  0.683234  0.369237  0.310858  0.763514  0.585347  0.428342  0.417629  0.346238  0.292995  0.846941  0.913089  0.309133  0.274495  0.431974  0.794809  0.616620  0.299146  0.719215  0.520146  0.323208  0.506189  0.347846  0.639034  0.325998 
3  0.003172  0.169693  0.506143 0.0  0.751992  0.237429  0.105583  0.586392  0.365173  0.214134  0.467584  0.844089  0.050389  0.158079  0.263623  0.296180  0.654760  0.662720  0.045858  0.255048  0.386037  0.580530  0.358260  0.054234  0.422804  0.701042  0.329940  0.818346  0.311507  0.898553  0.348004 
4  0.785910  0.860494  0.751635  0.751992 0.0  0.736431  0.828736  0.317879  0.412531  0.878313  0.895984  0.390914  0.825586  0.778964  0.618137  0.675393  0.765281  0.322184  0.983090  0.629930  0.516230  0.301935  0.544844  0.735074  0.535083  0.407966  0.527510  0.321283  0.436573  0.407339  0.652229 
5  0.037277  0.194028  0.433028  0.237429  0.736431 0.0  0.091986  0.806659  0.427907  0.093254  0.466977  0.899302  0.067914  0.246794  0.332137  0.357938  0.541532  0.635847  0.042462  0.268396  0.391582  0.628413  0.308147  0.194230  0.487491  0.682955  0.179844  0.833341  0.333197  0.844589  0.449930 
6  0.269121  0.105094  0.373869  0.105583  0.828736  0.091986 0.0  0.790770  0.280891  0.162355  0.608463  0.807046  0.052634  0.085970  0.565566  0.286966  0.511434  0.549777  0.077008  0.481078  0.305927  0.533408  0.228570  0.037486  0.207360  0.702458  0.280258  0.649947  0.335872  0.739106  0.459668 
7  0.600084  0.787326  0.683234  0.586392  0.317879  0.806659  0.790770 0.0  0.666816  0.665427  0.657016  0.280369  0.803468  0.794125  0.704884  0.705898  0.622744  0.237897  0.701178  0.601304  0.634151  0.284715  0.471180  0.680188  0.372730  0.267221  0.735985  0.352803  0.707011  0.257803  0.618172 
8  0.363044  0.312026  0.369237  0.365173  0.412531  0.427907  0.280891  0.666816 0.0  0.280858  0.811941  0.708702  0.292532  0.246880  0.101528  0.313841  0.612971  0.738871  0.346559  0.105676  0.223504  0.740781  0.599905  0.345382  0.455055  0.854587  0.131947  0.958754  0.061224  0.740176  0.139659 
9  0.218439  0.106742  0.310858  0.214134  0.878313  0.093254  0.162355  0.665427  0.280858 0.0  0.508708  0.676581  0.205214  0.095641  0.532795  0.340653  0.517036  0.513875  0.122587  0.491038  0.276709  0.414019  0.328051  0.000000  0.214316  0.868915  0.322254  0.788003  0.344851  0.898950  0.509993 
10  0.637791  0.441218  0.763514  0.467584  0.895984  0.466977  0.608463  0.657016  0.811941  0.508708 0.0  0.745418  0.630595  0.503341  0.856901  0.738318  0.085078  0.501177  0.672192  0.853508  0.703380  0.510167  0.356094  0.513324  0.248669  0.816366  0.803104  0.702582  0.663414  0.709152  0.876586 
11  0.798838  0.858075  0.585347  0.844089  0.390914  0.899302  0.807046  0.280369  0.708702  0.676581  0.745418 0.0  0.694349  0.898331  0.749985  0.666585  0.852128  0.468419  0.759302  0.805425  0.727187  0.474382  0.579522  0.747014  0.649590  0.144547  0.702010  0.087724  0.715208  0.236640  0.811561 
12  0.114811  0.075580  0.428342  0.050389  0.825586  0.067914  0.052634  0.803468  0.292532  0.205214  0.630595  0.694349 0.0  0.006251  0.466390  0.334721  0.536262  0.519062  0.098736  0.414820  0.441984  0.418955  0.364983  0.243479  0.179817  0.699409  0.532189  0.753607  0.536227  0.835815  0.310645 
13  0.022382  0.245674  0.417629  0.158079  0.778964  0.246794  0.085970  0.794125  0.246880  0.095641  0.503341  0.898331  0.006251 0.0  0.344540  0.300959  0.683307  0.575780  0.171298  0.479236  0.364307  0.527428  0.415201  0.017531  0.371091  0.788207  0.400308  0.753737  0.386357  0.943108  0.295799 
14  0.466570  0.369442  0.346238  0.263623  0.618137  0.332137  0.565566  0.704884  0.101528  0.532795  0.856901  0.749985  0.466390  0.344540 0.0  0.149756  0.711116  0.771561  0.554961  0.094851  0.114209  0.784129  0.669554  0.317940  0.537604  0.708567  0.103225  0.707232  0.010940  0.815320  0.228301 
15  0.268175  0.245456  0.292995  0.296180  0.675393  0.357938  0.286966  0.705898  0.313841  0.340653  0.738318  0.666585  0.334721  0.300959  0.149756 0.0  0.689530  0.649347  0.345625  0.334806  0.226637  0.684149  0.430595  0.352811  0.432371  0.756785  0.214468  0.698250  0.290627  0.710376  0.287362 
16  0.514602  0.597419  0.846941  0.654760  0.765281  0.541532  0.511434  0.622744  0.612971  0.517036  0.085078  0.852128  0.536262  0.683307  0.711116  0.689530 0.0  0.608896  0.516647  0.818224  0.753501  0.684517  0.366029  0.468939  0.450274  0.727230  0.870145  0.836674  0.686639  0.842043  0.771651 
17  0.454452  0.554328  0.913089  0.662720  0.322184  0.635847  0.549777  0.237897  0.738871  0.513875  0.501177  0.468419  0.519062  0.575780  0.771561  0.649347  0.608896 0.0  0.469008  0.733385  0.665812  0.092372  0.373283  0.498153  0.395792  0.388417  0.712484  0.346328  0.806058  0.390413  0.831213 
18  0.285966  0.152769  0.309133  0.045858  0.983090  0.042462  0.077008  0.701178  0.346559  0.122587  0.672192  0.759302  0.098736  0.171298  0.554961  0.345625  0.516647  0.469008 0.0  0.573649  0.282532  0.519925  0.280291  0.100858  0.352552  0.779389  0.403244  0.805511  0.312716  0.645579  0.432364 
19  0.493353  0.325643  0.274495  0.255048  0.629930  0.268396  0.481078  0.601304  0.105676  0.491038  0.853508  0.805425  0.414820  0.479236  0.094851  0.334806  0.818224  0.733385  0.573649 0.0  0.040371  0.649129  0.538818  0.259629  0.494036  0.657349  0.000000  0.825585  0.000000  0.751909  0.202555 
20  0.307420  0.350808  0.431974  0.386037  0.516230  0.391582  0.305927  0.634151  0.223504  0.276709  0.703380  0.727187  0.441984  0.364307  0.114209  0.226637  0.753501  0.665812  0.282532  0.040371 0.0  0.796325  0.582755  0.348470  0.558268  0.937104  0.279085  0.916922  0.079223  0.841391  0.091742 
21  0.476408  0.614507  0.794809  0.580530  0.301935  0.628413  0.533408  0.284715  0.740781  0.414019  0.510167  0.474382  0.418955  0.527428  0.784129  0.684149  0.684517  0.092372  0.519925  0.649129  0.796325 0.0  0.401193  0.508269  0.459002  0.327186  0.773513  0.380036  0.696774  0.428897  0.758581 
22  0.365419  0.337130  0.616620  0.358260  0.544844  0.308147  0.228570  0.471180  0.599905  0.328051  0.356094  0.579522  0.364983  0.415201  0.669554  0.430595  0.366029  0.373283  0.280291  0.538818  0.582755  0.401193 0.0  0.362931  0.348957  0.621400  0.775997  0.604728  0.690126  0.575992  0.592926 
23  0.121331  0.054132  0.299146  0.054234  0.735074  0.194230  0.037486  0.680188  0.345382  0.000000  0.513324  0.747014  0.243479  0.017531  0.317940  0.352811  0.468939  0.498153  0.100858  0.259629  0.348470  0.508269  0.362931 0.0  0.233713  0.691107  0.323241  0.808531  0.515751  0.592897  0.343040 
24  0.194635  0.421245  0.719215  0.422804  0.535083  0.487491  0.207360  0.372730  0.455055  0.214316  0.248669  0.649590  0.179817  0.371091  0.537604  0.432371  0.450274  0.395792  0.352552  0.494036  0.558268  0.459002  0.348957  0.233713 0.0  0.716380  0.499707  0.587091  0.539565  0.655564  0.606651 
25  0.817621  0.739830  0.520146  0.701042  0.407966  0.682955  0.702458  0.267221  0.854587  0.868915  0.816366  0.144547  0.699409  0.788207  0.708567  0.756785  0.727230  0.388417  0.779389  0.657349  0.937104  0.327186  0.621400  0.691107  0.716380 0.0  0.791952  0.245728  0.759846  0.105380  0.721256 
26  0.294266  0.261805  0.323208  0.329940  0.527510  0.179844  0.280258  0.735985  0.131947  0.322254  0.803104  0.702010  0.532189  0.400308  0.103225  0.214468  0.870145  0.712484  0.403244  0.000000  0.279085  0.773513  0.775997  0.323241  0.499707  0.791952 0.0  1.000000  0.125731  0.716687  0.043015 
27  0.781886  0.877158  0.506189  0.818346  0.321283  0.833341  0.649947  0.352803  0.958754  0.788003  0.702582  0.087724  0.753607  0.753737  0.707232  0.698250  0.836674  0.346328  0.805511  0.825585  0.916922  0.380036  0.604728  0.808531  0.587091  0.245728  1.000000 0.0  0.625870  0.076307  0.668852 
28  0.386826  0.311999  0.347846  0.311507  0.436573  0.333197  0.335872  0.707011  0.061224  0.344851  0.663414  0.715208  0.536227  0.386357  0.010940  0.290627  0.686639  0.806058  0.312716  0.000000  0.079223  0.696774  0.690126  0.515751  0.539565  0.759846  0.125731  0.625870 0.0  0.789699  0.042040 
29  0.791919  0.896414  0.639034  0.898553  0.407339  0.844589  0.739106  0.257803  0.740176  0.898950  0.709152  0.236640  0.835815  0.943108  0.815320  0.710376  0.842043  0.390413  0.645579  0.751909  0.841391  0.428897  0.575992  0.592897  0.655564  0.105380  0.716687  0.076307  0.789699 0.0  0.692481 
30  0.492898  0.379710  0.325998  0.348004  0.652229  0.449930  0.459668  0.618172  0.139659  0.509993  0.876586  0.811561  0.310645  0.295799  0.228301  0.287362  0.771651  0.831213  0.432364  0.202555  0.091742  0.758581  0.592926  0.343040  0.606651  0.721256  0.043015  0.668852  0.042040  0.692481 0.0 
