31
0 0.0  0.438749  0.461753  0.836458  0.754045  0.394341  0.885241  0.708191  0.255933  0.926043  0.427981  0.000000  0.442213  0.227793  0.379289  0.230001  0.196310  0.345039  0.119900  0.844601  0.416180  0.280224  0.415230  0.000000  0.434926  0.186007  0.289010  0.573552  0.147492  0.093307  0.155460 
1  0.438749 0.0  0.170480  0.746588  0.696879  0.140217  0.681249  0.766531  0.603809  0.676402  0.137405  0.318494  0.229328  0.533867  0.139418  0.183049  0.062603  0.367761  0.297766  0.607116  0.023207  0.474764  0.224355  0.183507  0.240239  0.426224  0.358534  0.911340  0.506060  0.473825  0.469909 
2  0.461753  0.170480 0.0  0.982255  0.965809  0.097893  0.470693  0.812730  0.440927  0.450689  0.256640  0.391752  0.100849  0.438430  0.184360  0.305021  0.030380  0.286478  0.399425  0.478680  0.099600  0.405907  0.000000  0.404965  0.081475  0.537889  0.259926  0.780089  0.392215  0.366123  0.375710 
3  0.836458  0.746588  0.982255 0.0  0.132531  0.872230  0.299836  0.599836  0.618800  0.437684  0.838944  0.789931  0.602512  0.729336  0.856704  0.726819  0.727386  0.558756  0.744074  0.260692  0.971705  0.686211  0.790660  0.819656  0.658075  0.726242  0.734289  0.758410  0.841731  0.858681  0.715444 
4  0.754045  0.696879  0.965809  0.132531 0.0  0.790618  0.276383  0.563696  0.532823  0.381423  0.844690  0.721769  0.777524  0.735371  0.878884  0.789504  0.865073  0.378108  0.749703  0.271569  0.950035  0.858874  0.787954  0.827074  0.821358  0.684616  0.609117  0.764015  0.808491  0.786767  0.746190 
5  0.394341  0.140217  0.097893  0.872230  0.790618 0.0  0.538784  0.722313  0.628652  0.586403  0.135058  0.442426  0.060909  0.391783  0.109532  0.343250  0.026369  0.504912  0.381354  0.615247  0.003158  0.369279  0.130812  0.529679  0.214029  0.356511  0.270351  0.876044  0.380444  0.445198  0.440931 
6  0.885241  0.681249  0.470693  0.299836  0.276383  0.538784 0.0  0.710559  0.470172  0.099290  0.476280  0.845430  0.655465  0.864177  0.476866  0.759016  0.530711  0.692990  0.750630  0.131298  0.483419  0.848769  0.615693  0.784189  0.657474  1.000000  0.580490  0.969653  0.927976  0.918631  0.886008 
7  0.708191  0.766531  0.812730  0.599836  0.563696  0.722313  0.710559 0.0  0.709948  0.739095  0.801703  0.904712  0.798428  0.725169  0.715249  0.660422  0.810693  0.698374  0.816429  0.815096  0.837339  0.828350  0.775131  0.840855  0.701860  0.650755  0.640588  0.275710  0.726000  0.794487  0.768408 
8  0.255933  0.603809  0.440927  0.618800  0.532823  0.628652  0.470172  0.709948 0.0  0.564924  0.504457  0.406643  0.587613  0.385828  0.506406  0.539684  0.461605  0.770949  0.244733  0.463509  0.534830  0.231505  0.526390  0.535598  0.562377  0.195227  0.450817  0.226431  0.335907  0.339022  0.317933 
9  0.926043  0.676402  0.450689  0.437684  0.381423  0.586403  0.099290  0.739095  0.564924 0.0  0.410489  0.793676  0.743715  0.862556  0.471783  0.604967  0.551456  0.771329  0.844574  0.116556  0.420552  0.927444  0.701164  0.704146  0.579768  0.949181  0.739602  0.873576  0.912795  0.827897  0.885948 
10  0.427981  0.137405  0.256640  0.838944  0.844690  0.135058  0.476280  0.801703  0.504457  0.410489 0.0  0.261711  0.091954  0.369248  0.266981  0.188739  0.094088  0.353676  0.355005  0.468682  0.195012  0.407602  0.114140  0.300497  0.057532  0.364961  0.314523  0.834059  0.396010  0.445762  0.283329 
11  0.000000  0.318494  0.391752  0.789931  0.721769  0.442426  0.845430  0.904712  0.406643  0.793676  0.261711 0.0  0.379502  0.049723  0.443176  0.186610  0.297884  0.443955  0.125337  0.757966  0.231254  0.071603  0.275197  0.240347  0.273879  0.034776  0.307365  0.550187  0.043011  0.120672  0.023130 
12  0.442213  0.229328  0.100849  0.602512  0.777524  0.060909  0.655465  0.798428  0.587613  0.743715  0.091954  0.379502 0.0  0.422784  0.101693  0.210247  0.113433  0.396211  0.316905  0.635704  0.058446  0.480982  0.356306  0.401525  0.173554  0.511569  0.296431  0.730121  0.585946  0.407295  0.426995 
13  0.227793  0.533867  0.438430  0.729336  0.735371  0.391783  0.864177  0.725169  0.385828  0.862556  0.369248  0.049723  0.422784 0.0  0.406672  0.358090  0.296190  0.429726  0.034750  0.924873  0.377726  0.256963  0.508622  0.059203  0.477061  0.217045  0.248144  0.681369  0.094319  0.191625  0.157102 
14  0.379289  0.139418  0.184360  0.856704  0.878884  0.109532  0.476866  0.715249  0.506406  0.471783  0.266981  0.443176  0.101693  0.406672 0.0  0.232058  0.232222  0.350974  0.327005  0.534389  0.058025  0.423822  0.108186  0.330489  0.071871  0.406672  0.260164  0.766246  0.308800  0.503853  0.351262 
15  0.230001  0.183049  0.305021  0.726819  0.789504  0.343250  0.759016  0.660422  0.539684  0.604967  0.188739  0.186610  0.210247  0.358090  0.232058 0.0  0.262548  0.328405  0.276273  0.634532  0.233740  0.169730  0.253205  0.277728  0.239102  0.255758  0.341359  0.602019  0.174530  0.323551  0.238083 
16  0.196310  0.062603  0.030380  0.727386  0.865073  0.026369  0.530711  0.810693  0.461605  0.551456  0.094088  0.297884  0.113433  0.296190  0.232222  0.262548 0.0  0.296441  0.413629  0.578992  0.144316  0.358251  0.034282  0.410264  0.064444  0.236548  0.282056  0.718293  0.285387  0.410735  0.303668 
17  0.345039  0.367761  0.286478  0.558756  0.378108  0.504912  0.692990  0.698374  0.770949  0.771329  0.353676  0.443955  0.396211  0.429726  0.350974  0.328405  0.296441 0.0  0.322856  0.774909  0.331139  0.343987  0.313087  0.541902  0.234450  0.279807  0.292794  0.798100  0.401414  0.391256  0.330350 
18  0.119900  0.297766  0.399425  0.744074  0.749703  0.381354  0.750630  0.816429  0.244733  0.844574  0.355005  0.125337  0.316905  0.034750  0.327005  0.276273  0.413629  0.322856 0.0  0.750043  0.302784  0.112896  0.446604  0.124749  0.339380  0.104317  0.376850  0.389488  0.211638  0.155844  0.078323 
19  0.844601  0.607116  0.478680  0.260692  0.271569  0.615247  0.131298  0.815096  0.463509  0.116556  0.468682  0.757966  0.635704  0.924873  0.534389  0.634532  0.578992  0.774909  0.750043 0.0  0.454231  0.762397  0.698782  0.772872  0.658849  0.833766  0.640017  0.937063  0.960856  0.825988  0.778627 
20  0.416180  0.023207  0.099600  0.971705  0.950035  0.003158  0.483419  0.837339  0.534830  0.420552  0.195012  0.231254  0.058446  0.377726  0.058025  0.233740  0.144316  0.331139  0.302784  0.454231 0.0  0.321480  0.045341  0.255010  0.142566  0.387008  0.181332  0.808649  0.299109  0.460258  0.359473 
21  0.280224  0.474764  0.405907  0.686211  0.858874  0.369279  0.848769  0.828350  0.231505  0.927444  0.407602  0.071603  0.480982  0.256963  0.423822  0.169730  0.358251  0.343987  0.112896  0.762397  0.321480 0.0  0.432791  0.000000  0.390248  0.208766  0.295795  0.644085  0.252959  0.131021  0.232176 
22  0.415230  0.224355  0.000000  0.790660  0.787954  0.130812  0.615693  0.775131  0.526390  0.701164  0.114140  0.275197  0.356306  0.508622  0.108186  0.253205  0.034282  0.313087  0.446604  0.698782  0.045341  0.432791 0.0  0.310848  0.089258  0.553662  0.305568  0.968853  0.504941  0.394013  0.544680 
23  0.000000  0.183507  0.404965  0.819656  0.827074  0.529679  0.784189  0.840855  0.535598  0.704146  0.300497  0.240347  0.401525  0.059203  0.330489  0.277728  0.410264  0.541902  0.124749  0.772872  0.255010  0.000000  0.310848 0.0  0.374476  0.054327  0.244162  0.458127  0.067893  0.142344  0.000000 
24  0.434926  0.240239  0.081475  0.658075  0.821358  0.214029  0.657474  0.701860  0.562377  0.579768  0.057532  0.273879  0.173554  0.477061  0.071871  0.239102  0.064444  0.234450  0.339380  0.658849  0.142566  0.390248  0.089258  0.374476 0.0  0.522848  0.348028  0.931046  0.377329  0.410620  0.457037 
25  0.186007  0.426224  0.537889  0.726242  0.684616  0.356511  1.000000  0.650755  0.195227  0.949181  0.364961  0.034776  0.511569  0.217045  0.406672  0.255758  0.236548  0.279807  0.104317  0.833766  0.387008  0.208766  0.553662  0.054327  0.522848 0.0  0.303162  0.643572  0.215419  0.191638  0.240729 
26  0.289010  0.358534  0.259926  0.734289  0.609117  0.270351  0.580490  0.640588  0.450817  0.739602  0.314523  0.307365  0.296431  0.248144  0.260164  0.341359  0.282056  0.292794  0.376850  0.640017  0.181332  0.295795  0.305568  0.244162  0.348028  0.303162 0.0  0.731951  0.332286  0.282283  0.281246 
27  0.573552  0.911340  0.780089  0.758410  0.764015  0.876044  0.969653  0.275710  0.226431  0.873576  0.834059  0.550187  0.730121  0.681369  0.766246  0.602019  0.718293  0.798100  0.389488  0.937063  0.808649  0.644085  0.968853  0.458127  0.931046  0.643572  0.731951 0.0  0.683550  0.624487  0.558930 
28  0.147492  0.506060  0.392215  0.841731  0.808491  0.380444  0.927976  0.726000  0.335907  0.912795  0.396010  0.043011  0.585946  0.094319  0.308800  0.174530  0.285387  0.401414  0.211638  0.960856  0.299109  0.252959  0.504941  0.067893  0.377329  0.215419  0.332286  0.683550 0.0  0.171186  0.274839 
29  0.093307  0.473825  0.366123  0.858681  0.786767  0.445198  0.918631  0.794487  0.339022  0.827897  0.445762  0.120672  0.407295  0.191625  0.503853  0.323551  0.410735  0.391256  0.155844  0.825988  0.460258  0.131021  0.394013  0.142344  0.410620  0.191638  0.282283  0.624487  0.171186 0.0  0.095339 
30  0.155460  0.469909  0.375710  0.715444  0.746190  0.440931  0.886008  0.768408  0.317933  0.885948  0.283329  0.023130  0.426995  0.157102  0.351262  0.238083  0.303668  0.330350  0.078323  0.778627  0.359473  0.232176  0.544680  0.000000  0.457037  0.240729  0.281246  0.558930  0.274839  0.095339 0.0 
