31
0 0.0  0.085822  0.363985  0.708035  0.375827  0.356462  0.176628  0.076409  0.338982  0.817134  0.441071  0.509207  0.426317  0.675146  0.321502  0.216484  0.333867  0.669543  0.000000  0.323746  0.478738  0.695947  0.340083  0.087884  0.525037  0.765172  0.214630  0.247163  0.226100  0.514094  0.644014 
1  0.085822 0.0  0.483342  0.766346  0.344378  0.271892  0.209346  0.186933  0.315424  0.814088  0.577307  0.682011  0.340345  0.697116  0.579552  0.333219  0.626402  0.894744  0.215016  0.203970  0.520499  0.736071  0.679968  0.125959  0.621292  0.826779  0.094404  0.498376  0.423356  0.358421  0.818055 
2  0.363985  0.483342 0.0  0.482819  0.134797  0.153641  0.386563  0.418873  0.175840  0.576977  0.278802  0.854861  0.168441  0.597151  0.130135  0.307438  0.087625  0.589931  0.414432  0.355847  0.165451  0.864403  0.849071  0.442911  0.832683  0.688725  0.378100  0.030635  0.103682  0.213113  0.739448 
3  0.708035  0.766346  0.482819 0.0  0.503780  0.593077  0.803201  0.710703  0.579025  0.195676  0.382395  0.283093  0.601505  0.707940  0.479599  0.792786  0.437472  0.284412  0.732402  0.864806  0.462560  0.524139  0.337562  0.713102  0.298849  0.893799  0.734569  0.525905  0.643968  0.482834  0.184308 
4  0.375827  0.344378  0.134797  0.503780 0.0  0.139075  0.373539  0.328987  0.221317  0.602171  0.324582  0.767309  0.067446  0.588525  0.028097  0.209685  0.002737  0.654963  0.298174  0.383883  0.026342  0.911327  0.728235  0.294168  0.737451  0.849607  0.328579  0.137916  0.117334  0.158335  0.702276 
5  0.356462  0.271892  0.153641  0.593077  0.139075 0.0  0.446470  0.338615  0.211190  0.649066  0.430428  0.708626  0.089761  0.595028  0.004424  0.329759  0.239570  0.647898  0.312963  0.396987  0.101964  0.773770  0.790192  0.328074  0.810855  0.792960  0.359020  0.193709  0.000000  0.129700  0.693659 
6  0.176628  0.209346  0.386563  0.803201  0.373539  0.446470 0.0  0.209520  0.252958  0.790401  0.558624  0.596930  0.295625  0.765939  0.420744  0.183401  0.508922  0.671234  0.236420  0.300201  0.375754  0.724232  0.559647  0.163598  0.546774  0.767509  0.033840  0.517818  0.457071  0.410395  0.775154 
7  0.076409  0.186933  0.418873  0.710703  0.328987  0.338615  0.209520 0.0  0.292653  0.774435  0.499695  0.541169  0.290069  0.739432  0.522856  0.216331  0.434138  0.721829  0.235302  0.416575  0.524863  0.804632  0.596746  0.097398  0.569243  0.666955  0.022654  0.445601  0.517735  0.408165  0.672021 
8  0.338982  0.315424  0.175840  0.579025  0.221317  0.211190  0.252958  0.292653 0.0  0.555282  0.425311  0.759369  0.123713  0.645937  0.000000  0.323611  0.054050  0.686275  0.204073  0.441567  0.033820  0.885781  0.774282  0.341668  0.776662  0.845014  0.378338  0.141168  0.000000  0.000000  0.723761 
9  0.817134  0.814088  0.576977  0.195676  0.602171  0.649066  0.790401  0.774435  0.555282 0.0  0.303684  0.309867  0.629540  0.671911  0.461661  0.669960  0.390735  0.152638  0.732095  0.842982  0.368798  0.495881  0.303874  0.749628  0.344313  1.000000  0.749742  0.471757  0.495621  0.457435  0.241241 
10  0.441071  0.577307  0.278802  0.382395  0.324582  0.430428  0.558624  0.499695  0.425311  0.303684 0.0  0.421249  0.256252  0.447245  0.241712  0.481025  0.299557  0.311642  0.487468  0.642661  0.231097  0.709005  0.536996  0.571402  0.606862  0.765217  0.539755  0.303437  0.272562  0.248178  0.509574 
11  0.509207  0.682011  0.854861  0.283093  0.767309  0.708626  0.596930  0.541169  0.759369  0.309867  0.421249 0.0  0.731648  0.878684  0.840859  0.763109  0.863045  0.254351  0.636122  0.767693  0.978485  0.436594  0.127948  0.422974  0.202696  0.657624  0.522552  0.847729  0.799193  0.840498  0.341757 
12  0.426317  0.340345  0.168441  0.601505  0.067446  0.089761  0.295625  0.290069  0.123713  0.629540  0.256252  0.731648 0.0  0.507330  0.131669  0.275911  0.140377  0.529574  0.356810  0.383382  0.104732  0.783190  0.877796  0.354637  0.928164  0.763938  0.513199  0.171520  0.043637  0.000000  0.682702 
13  0.675146  0.697116  0.597151  0.707940  0.588525  0.595028  0.765939  0.739432  0.645937  0.671911  0.447245  0.878684  0.507330 0.0  0.493955  0.676947  0.436617  0.695133  0.849156  0.858894  0.479033  0.943730  0.847566  0.600734  0.723056  0.599318  0.780713  0.538615  0.362099  0.466142  0.676881 
14  0.321502  0.579552  0.130135  0.479599  0.028097  0.004424  0.420744  0.522856  0.000000  0.461661  0.241712  0.840859  0.131669  0.493955 0.0  0.157035  0.182404  0.428360  0.475602  0.271310  0.244763  0.834048  0.791502  0.328785  0.928491  0.793403  0.417276  0.195965  0.215990  0.194873  0.700475 
15  0.216484  0.333219  0.307438  0.792786  0.209685  0.329759  0.183401  0.216331  0.323611  0.669960  0.481025  0.763109  0.275911  0.676947  0.157035 0.0  0.187965  0.656798  0.231866  0.288656  0.252190  0.695574  0.575591  0.198338  0.722405  0.756123  0.357198  0.248219  0.195049  0.162522  0.663456 
16  0.333867  0.626402  0.087625  0.437472  0.002737  0.239570  0.508922  0.434138  0.054050  0.390735  0.299557  0.863045  0.140377  0.436617  0.182404  0.187965 0.0  0.591487  0.450688  0.376582  0.175300  0.830893  0.843038  0.365874  0.947513  0.671616  0.339193  0.053394  0.179384  0.258183  0.720099 
17  0.669543  0.894744  0.589931  0.284412  0.654963  0.647898  0.671234  0.721829  0.686275  0.152638  0.311642  0.254351  0.529574  0.695133  0.428360  0.656798  0.591487 0.0  0.641506  0.907265  0.530081  0.540478  0.366540  0.652366  0.383647  0.827518  0.726042  0.501709  0.478524  0.577340  0.315993 
18  0.000000  0.215016  0.414432  0.732402  0.298174  0.312963  0.236420  0.235302  0.204073  0.732095  0.487468  0.636122  0.356810  0.849156  0.475602  0.231866  0.450688  0.641506 0.0  0.369014  0.517311  0.691673  0.671007  0.154257  0.641689  0.833705  0.071096  0.357726  0.402684  0.570055  0.617602 
19  0.323746  0.203970  0.355847  0.864806  0.383883  0.396987  0.300201  0.416575  0.441567  0.842982  0.642661  0.767693  0.383382  0.858894  0.271310  0.288656  0.376582  0.907265  0.369014 0.0  0.381876  0.837810  0.703225  0.322963  0.805582  0.861838  0.435451  0.300541  0.350739  0.323593  0.787947 
20  0.478738  0.520499  0.165451  0.462560  0.026342  0.101964  0.375754  0.524863  0.033820  0.368798  0.231097  0.978485  0.104732  0.479033  0.244763  0.252190  0.175300  0.530081  0.517311  0.381876 0.0  0.708535  0.863203  0.389663  0.882273  0.754487  0.422943  0.278486  0.206734  0.150784  0.555949 
21  0.695947  0.736071  0.864403  0.524139  0.911327  0.773770  0.724232  0.804632  0.885781  0.495881  0.709005  0.436594  0.783190  0.943730  0.834048  0.695574  0.830893  0.540478  0.691673  0.837810  0.708535 0.0  0.350287  0.773878  0.240300  0.579294  0.865505  0.725031  0.758702  0.734030  0.359262 
22  0.340083  0.679968  0.849071  0.337562  0.728235  0.790192  0.559647  0.596746  0.774282  0.303874  0.536996  0.127948  0.877796  0.847566  0.791502  0.575591  0.843038  0.366540  0.671007  0.703225  0.863203  0.350287 0.0  0.485232  0.177551  0.813031  0.473200  0.761115  0.776488  0.918495  0.301661 
23  0.087884  0.125959  0.442911  0.713102  0.294168  0.328074  0.163598  0.097398  0.341668  0.749628  0.571402  0.422974  0.354637  0.600734  0.328785  0.198338  0.365874  0.652366  0.154257  0.322963  0.389663  0.773878  0.485232 0.0  0.341744  0.726008  0.049976  0.288626  0.328862  0.395631  0.656586 
24  0.525037  0.621292  0.832683  0.298849  0.737451  0.810855  0.546774  0.569243  0.776662  0.344313  0.606862  0.202696  0.928164  0.723056  0.928491  0.722405  0.947513  0.383647  0.641689  0.805582  0.882273  0.240300  0.177551  0.341744 0.0  0.755760  0.574555  0.940443  0.900849  0.972297  0.281873 
25  0.765172  0.826779  0.688725  0.893799  0.849607  0.792960  0.767509  0.666955  0.845014  1.000000  0.765217  0.657624  0.763938  0.599318  0.793403  0.756123  0.671616  0.827518  0.833705  0.861838  0.754487  0.579294  0.813031  0.726008  0.755760 0.0  0.736750  0.785223  0.809755  0.817312  0.630816 
26  0.214630  0.094404  0.378100  0.734569  0.328579  0.359020  0.033840  0.022654  0.378338  0.749742  0.539755  0.522552  0.513199  0.780713  0.417276  0.357198  0.339193  0.726042  0.071096  0.435451  0.422943  0.865505  0.473200  0.049976  0.574555  0.736750 0.0  0.395878  0.309813  0.400794  0.702526 
27  0.247163  0.498376  0.030635  0.525905  0.137916  0.193709  0.517818  0.445601  0.141168  0.471757  0.303437  0.847729  0.171520  0.538615  0.195965  0.248219  0.053394  0.501709  0.357726  0.300541  0.278486  0.725031  0.761115  0.288626  0.940443  0.785223  0.395878 0.0  0.127969  0.338448  0.710047 
28  0.226100  0.423356  0.103682  0.643968  0.117334  0.000000  0.457071  0.517735  0.000000  0.495621  0.272562  0.799193  0.043637  0.362099  0.215990  0.195049  0.179384  0.478524  0.402684  0.350739  0.206734  0.758702  0.776488  0.328862  0.900849  0.809755  0.309813  0.127969 0.0  0.192502  0.699505 
29  0.514094  0.358421  0.213113  0.482834  0.158335  0.129700  0.410395  0.408165  0.000000  0.457435  0.248178  0.840498  0.000000  0.466142  0.194873  0.162522  0.258183  0.577340  0.570055  0.323593  0.150784  0.734030  0.918495  0.395631  0.972297  0.817312  0.400794  0.338448  0.192502 0.0  0.698213 
30  0.644014  0.818055  0.739448  0.184308  0.702276  0.693659  0.775154  0.672021  0.723761  0.241241  0.509574  0.341757  0.682702  0.676881  0.700475  0.663456  0.720099  0.315993  0.617602  0.787947  0.555949  0.359262  0.301661  0.656586  0.281873  0.630816  0.702526  0.710047  0.699505  0.698213 0.0 
