31
0 0.0  0.444060  0.000000  0.228315  0.065082  0.358714  0.478962  0.037693  0.397811  0.151405  0.292120  0.460525  0.282457  0.393686  0.487699  0.405508  1.000000  0.589410  0.187366  0.602083  0.757189  0.451487  0.323417  0.250748  0.003924  0.127929  0.310569  0.482702  0.769208  0.144274  0.458269 
1  0.444060 0.0  0.118965  0.246439  0.194754  0.338812  0.234361  0.174797  0.376216  0.240889  0.324521  0.250157  0.245697  0.293887  0.578651  0.349428  0.786327  0.657768  0.293619  0.534378  0.638864  0.555904  0.187634  0.347810  0.250773  0.375648  0.197393  0.584774  0.702856  0.257862  0.363839 
2  0.000000  0.118965 0.0  0.257531  0.000000  0.289697  0.348257  0.098074  0.320754  0.145058  0.273052  0.343114  0.537835  0.456080  0.525841  0.303856  0.712444  0.745180  0.114327  0.891013  0.880413  0.490011  0.447283  0.110095  0.000000  0.099055  0.495445  0.516933  0.714870  0.000000  0.422600 
3  0.228315  0.246439  0.257531 0.0  0.299304  0.343482  0.177974  0.288502  0.271715  0.189159  0.310292  0.181143  0.263469  0.235842  0.686445  0.202227  0.707186  0.558988  0.203662  0.627317  0.617529  0.682253  0.208145  0.256013  0.267611  0.364050  0.310798  0.642046  0.619955  0.295107  0.244330 
4  0.065082  0.194754  0.000000  0.299304 0.0  0.359370  0.345442  0.233448  0.370929  0.100338  0.218629  0.263217  0.322350  0.352833  0.555752  0.292084  0.800513  0.703114  0.094136  0.653931  0.711030  0.498643  0.275271  0.103796  0.138097  0.052128  0.269412  0.543768  0.721202  0.000000  0.307986 
5  0.358714  0.338812  0.289697  0.343482  0.359370 0.0  0.664445  0.366043  0.552744  0.423682  0.505299  0.529066  0.501805  0.471982  0.305469  0.504600  0.534981  0.406252  0.347826  0.688405  0.644021  0.381222  0.463478  0.329889  0.359625  0.318250  0.604077  0.232955  0.644491  0.402179  0.684988 
6  0.478962  0.234361  0.348257  0.177974  0.345442  0.664445 0.0  0.324252  0.578564  0.320332  0.203657  0.178603  0.167484  0.043274  0.735967  0.139859  0.573141  0.680946  0.413594  0.698994  0.717201  0.660127  0.083241  0.341149  0.391161  0.481498  0.310334  0.701954  0.572884  0.481016  0.339021 
7  0.037693  0.174797  0.098074  0.288502  0.233448  0.366043  0.324252 0.0  0.434053  0.131470  0.231899  0.348297  0.308756  0.412395  0.603015  0.328123  0.788171  0.634949  0.045607  0.689436  0.664452  0.556825  0.405906  0.167116  0.000000  0.078091  0.274728  0.632684  0.725370  0.000000  0.320010 
8  0.397811  0.376216  0.320754  0.271715  0.370929  0.552744  0.578564  0.434053 0.0  0.320234  0.371391  0.411809  0.189568  0.302192  0.649080  0.477732  0.751633  0.592851  0.480736  0.872267  0.706014  0.689124  0.411626  0.404666  0.413381  0.411889  0.201969  0.683592  0.813583  0.544145  0.504397 
9  0.151405  0.240889  0.145058  0.189159  0.100338  0.423682  0.320332  0.131470  0.320234 0.0  0.297901  0.378040  0.251086  0.412689  0.608231  0.313411  0.696368  0.648925  0.012187  0.743696  0.723781  0.631348  0.393797  0.108264  0.029315  0.044016  0.355423  0.525720  0.841103  0.028311  0.265542 
10  0.292120  0.324521  0.273052  0.310292  0.218629  0.505299  0.203657  0.231899  0.371391  0.297901 0.0  0.372056  0.312978  0.285408  0.703202  0.331287  0.551550  0.703921  0.228391  0.576867  0.623266  0.654694  0.267549  0.313436  0.330997  0.306637  0.306668  0.653471  0.646990  0.227913  0.234343 
11  0.460525  0.250157  0.343114  0.181143  0.263217  0.529066  0.178603  0.348297  0.411809  0.378040  0.372056 0.0  0.023126  0.021963  0.708142  0.134474  0.599296  0.683710  0.446119  0.694970  0.824298  0.762480  0.058103  0.416938  0.330685  0.427339  0.341883  0.782519  0.630215  0.541258  0.171134 
12  0.282457  0.245697  0.537835  0.263469  0.322350  0.501805  0.167484  0.308756  0.189568  0.251086  0.312978  0.023126 0.0  0.241422  0.651589  0.034986  0.484193  0.755761  0.307479  0.757764  0.810374  0.675005  0.189263  0.232421  0.342777  0.301411  0.516839  0.746444  0.511530  0.367671  0.131266 
13  0.393686  0.293887  0.456080  0.235842  0.352833  0.471982  0.043274  0.412395  0.302192  0.412689  0.285408  0.021963  0.241422 0.0  0.769805  0.061177  0.474454  0.585971  0.313939  0.938556  0.908838  0.803491  0.221810  0.295128  0.425959  0.462523  0.480370  0.754724  0.461997  0.366059  0.076475 
14  0.487699  0.578651  0.525841  0.686445  0.555752  0.305469  0.735967  0.603015  0.649080  0.608231  0.703202  0.708142  0.651589  0.769805 0.0  0.623088  0.732476  0.772265  0.405473  0.726019  0.785151  0.558509  0.763513  0.405099  0.474352  0.352843  0.695824  0.605453  0.620035  0.498000  0.757519 
15  0.405508  0.349428  0.303856  0.202227  0.292084  0.504600  0.139859  0.328123  0.477732  0.313411  0.331287  0.134474  0.034986  0.061177  0.623088 0.0  0.594077  0.551056  0.420851  0.783095  0.672853  0.696835  0.034519  0.385323  0.349720  0.561187  0.364174  0.721779  0.610346  0.404007  0.303520 
16  1.000000  0.786327  0.712444  0.707186  0.800513  0.534981  0.573141  0.788171  0.751633  0.696368  0.551550  0.599296  0.484193  0.474454  0.732476  0.594077 0.0  0.160513  0.776466  0.368227  0.442007  0.275290  0.425130  0.847696  0.642066  0.818296  0.802064  0.301511  0.287568  0.786039  0.704609 
17  0.589410  0.657768  0.745180  0.558988  0.703114  0.406252  0.680946  0.634949  0.592851  0.648925  0.703921  0.683710  0.755761  0.585971  0.772265  0.551056  0.160513 0.0  0.704662  0.255200  0.230602  0.309692  0.637034  0.686379  0.663819  0.629721  0.700696  0.180363  0.252036  0.740866  0.748168 
18  0.187366  0.293619  0.114327  0.203662  0.094136  0.347826  0.413594  0.045607  0.480736  0.012187  0.228391  0.446119  0.307479  0.313939  0.405473  0.420851  0.776466  0.704662 0.0  0.683450  0.731104  0.462962  0.287527  0.206800  0.011352  0.230248  0.440902  0.402756  0.861806  0.151764  0.441158 
19  0.602083  0.534378  0.891013  0.627317  0.653931  0.688405  0.698994  0.689436  0.872267  0.743696  0.576867  0.694970  0.757764  0.938556  0.726019  0.783095  0.368227  0.255200  0.683450 0.0  0.218292  0.216640  0.791757  0.697622  0.810659  0.601263  0.610552  0.358827  0.383958  0.810096  0.630559 
20  0.757189  0.638864  0.880413  0.617529  0.711030  0.644021  0.717201  0.664452  0.706014  0.723781  0.623266  0.824298  0.810374  0.908838  0.785151  0.672853  0.442007  0.230602  0.731104  0.218292 0.0  0.360664  0.799067  0.690419  0.688461  0.663556  0.611942  0.343724  0.395541  0.599925  0.680993 
21  0.451487  0.555904  0.490011  0.682253  0.498643  0.381222  0.660127  0.556825  0.689124  0.631348  0.654694  0.762480  0.675005  0.803491  0.558509  0.696835  0.275290  0.309692  0.462962  0.216640  0.360664 0.0  0.664250  0.403373  0.445796  0.404281  0.682602  0.119794  0.295258  0.466011  0.781305 
22  0.323417  0.187634  0.447283  0.208145  0.275271  0.463478  0.083241  0.405906  0.411626  0.393797  0.267549  0.058103  0.189263  0.221810  0.763513  0.034519  0.425130  0.637034  0.287527  0.791757  0.799067  0.664250 0.0  0.303994  0.371818  0.337239  0.466998  0.750148  0.305835  0.345577  0.133182 
23  0.250748  0.347810  0.110095  0.256013  0.103796  0.329889  0.341149  0.167116  0.404666  0.108264  0.313436  0.416938  0.232421  0.295128  0.405099  0.385323  0.847696  0.686379  0.206800  0.697622  0.690419  0.403373  0.303994 0.0  0.109512  0.205704  0.447254  0.464131  0.922724  0.224758  0.466858 
24  0.003924  0.250773  0.000000  0.267611  0.138097  0.359625  0.391161  0.000000  0.413381  0.029315  0.330997  0.330685  0.342777  0.425959  0.474352  0.349720  0.642066  0.663819  0.011352  0.810659  0.688461  0.445796  0.371818  0.109512 0.0  0.089069  0.329460  0.432211  0.746195  0.090510  0.358905 
25  0.127929  0.375648  0.099055  0.364050  0.052128  0.318250  0.481498  0.078091  0.411889  0.044016  0.306637  0.427339  0.301411  0.462523  0.352843  0.561187  0.818296  0.629721  0.230248  0.601263  0.663556  0.404281  0.337239  0.205704  0.089069 0.0  0.333170  0.391306  0.858756  0.224075  0.436304 
26  0.310569  0.197393  0.495445  0.310798  0.269412  0.604077  0.310334  0.274728  0.201969  0.355423  0.306668  0.341883  0.516839  0.480370  0.695824  0.364174  0.802064  0.700696  0.440902  0.610552  0.611942  0.682602  0.466998  0.447254  0.329460  0.333170 0.0  0.702854  0.743700  0.259470  0.327257 
27  0.482702  0.584774  0.516933  0.642046  0.543768  0.232955  0.701954  0.632684  0.683592  0.525720  0.653471  0.782519  0.746444  0.754724  0.605453  0.721779  0.301511  0.180363  0.402756  0.358827  0.343724  0.119794  0.750148  0.464131  0.432211  0.391306  0.702854 0.0  0.240377  0.457495  0.695233 
28  0.769208  0.702856  0.714870  0.619955  0.721202  0.644491  0.572884  0.725370  0.813583  0.841103  0.646990  0.630215  0.511530  0.461997  0.620035  0.610346  0.287568  0.252036  0.861806  0.383958  0.395541  0.295258  0.305835  0.922724  0.746195  0.858756  0.743700  0.240377 0.0  0.785594  0.555235 
29  0.144274  0.257862  0.000000  0.295107  0.000000  0.402179  0.481016  0.000000  0.544145  0.028311  0.227913  0.541258  0.367671  0.366059  0.498000  0.404007  0.786039  0.740866  0.151764  0.810096  0.599925  0.466011  0.345577  0.224758  0.090510  0.224075  0.259470  0.457495  0.785594 0.0  0.457433 
30  0.458269  0.363839  0.422600  0.244330  0.307986  0.684988  0.339021  0.320010  0.504397  0.265542  0.234343  0.171134  0.131266  0.076475  0.757519  0.303520  0.704609  0.748168  0.441158  0.630559  0.680993  0.781305  0.133182  0.466858  0.358905  0.436304  0.327257  0.695233  0.555235  0.457433 0.0 
