31
0 0.0  0.279728  0.278204  0.664885  0.921760  0.586681  0.516080  0.585025  0.360201  0.359532  0.546884  0.573477  0.811075  0.279951  0.377082  0.284412  0.564169  0.460431  0.477806  0.373983  0.396678  0.265964  0.593475  0.382837  0.695173  0.720390  0.246144  0.930586  0.279359  0.415388  0.017528 
1  0.279728 0.0  0.369909  0.642998  0.463135  0.760672  0.270619  0.832787  0.085152  0.338649  0.755956  0.667335  0.808913  0.282699  0.061581  0.578244  0.916290  0.541498  0.008092  0.373575  0.026237  0.341393  0.623041  0.413935  0.591770  0.696269  0.217515  0.712611  0.150320  0.358932  0.375099 
2  0.278204  0.369909 0.0  0.713650  0.711523  0.786429  0.016067  0.673857  0.400789  0.467560  0.793100  0.431580  0.444527  0.305125  0.361215  0.050506  0.759633  0.034675  0.398472  0.207995  0.447319  0.280230  0.232170  0.037150  0.939449  0.621587  0.164639  0.489399  0.516625  0.121894  0.365214 
3  0.664885  0.642998  0.713650 0.0  0.789525  0.212728  0.684784  0.308940  0.711531  0.734222  0.299250  0.549020  0.284956  0.674628  0.738982  0.721797  0.297048  0.758956  0.617378  0.672257  0.661989  0.713091  0.508256  0.793399  0.203962  0.335821  0.745985  0.221052  0.682028  0.666847  0.828511 
4  0.921760  0.463135  0.711523  0.789525 0.0  0.817559  0.768347  0.779466  0.555590  0.733760  0.733318  0.677089  0.759641  0.582576  0.641287  0.796772  0.825633  0.789690  0.485405  0.753451  0.443643  0.733938  0.676446  0.875903  0.470255  0.706274  0.599098  0.786571  0.564518  0.771866  0.955870 
5  0.586681  0.760672  0.786429  0.212728  0.817559 0.0  0.990584  0.168128  0.754301  0.761589  0.250377  0.607069  0.486512  0.591026  0.850171  0.716642  0.097316  0.802006  0.712572  0.797214  0.660296  0.698465  0.557646  0.878787  0.349217  0.345577  0.627438  0.371879  0.720117  0.913314  0.571550 
6  0.516080  0.270619  0.016067  0.684784  0.768347  0.990584 0.0  0.884429  0.242401  0.449827  0.960281  0.424941  0.677411  0.137178  0.315094  0.000000  0.728031  0.110836  0.324319  0.144823  0.336229  0.081035  0.367750  0.101367  0.803883  0.716950  0.187688  0.534927  0.321127  0.182942  0.322430 
7  0.585025  0.832787  0.673857  0.308940  0.779466  0.168128  0.884429 0.0  0.678209  0.883291  0.201334  0.596612  0.503975  0.677766  0.835683  0.626392  0.069519  0.784061  0.748025  0.777615  0.734600  0.703024  0.721145  0.916944  0.307444  0.354284  0.600774  0.380220  0.818323  0.939827  0.541640 
8  0.360201  0.085152  0.400789  0.711531  0.555590  0.754301  0.242401  0.678209 0.0  0.312867  0.717952  0.526156  0.755197  0.229108  0.251467  0.347431  0.871985  0.392423  0.083005  0.390037  0.004566  0.287397  0.481741  0.329913  0.546270  0.745730  0.316743  0.816606  0.000000  0.309103  0.476672 
9  0.359532  0.338649  0.467560  0.734222  0.733760  0.761589  0.449827  0.883291  0.312867 0.0  0.829931  0.569666  0.720043  0.321416  0.330709  0.314122  0.843323  0.367262  0.404548  0.552267  0.460762  0.489372  0.586307  0.384932  0.930361  0.672539  0.258977  0.720737  0.507938  0.372978  0.319603 
10  0.546884  0.755956  0.793100  0.299250  0.733318  0.250377  0.960281  0.201334  0.717952  0.829931 0.0  0.617453  0.425099  0.610049  0.658897  0.738146  0.031239  0.834245  0.678845  0.813041  0.786412  0.813033  0.809122  0.901541  0.354837  0.363234  0.536779  0.426265  0.817926  1.000000  0.518819 
11  0.573477  0.667335  0.431580  0.549020  0.677089  0.607069  0.424941  0.596612  0.526156  0.569666  0.617453 0.0  0.413656  0.467607  0.602672  0.331161  0.616464  0.311120  0.614497  0.361197  0.672341  0.282126  0.402049  0.357024  0.555652  0.457235  0.448992  0.237115  0.690507  0.302079  0.448756 
12  0.811075  0.808913  0.444527  0.284956  0.759641  0.486512  0.677411  0.503975  0.755197  0.720043  0.425099  0.413656 0.0  0.695582  0.752111  0.487187  0.350098  0.480743  0.743515  0.555421  0.764590  0.484762  0.407095  0.595246  0.321855  0.331383  0.755162  0.111402  0.878327  0.607080  0.683587 
13  0.279951  0.282699  0.305125  0.674628  0.582576  0.591026  0.137178  0.677766  0.229108  0.321416  0.610049  0.467607  0.695582 0.0  0.016273  0.210759  0.714219  0.221892  0.394140  0.304805  0.432445  0.296602  0.430499  0.334012  0.864567  0.666342  0.213568  0.630010  0.353291  0.260821  0.163568 
14  0.377082  0.061581  0.361215  0.738982  0.641287  0.850171  0.315094  0.835683  0.251467  0.330709  0.658897  0.602672  0.752111  0.016273 0.0  0.378810  0.948948  0.313303  0.088355  0.396053  0.158845  0.309542  0.645980  0.354283  0.474671  0.779979  0.275675  0.867845  0.033653  0.318329  0.573230 
15  0.284412  0.578244  0.050506  0.721797  0.796772  0.716642  0.000000  0.626392  0.347431  0.314122  0.738146  0.331161  0.487187  0.210759  0.378810 0.0  0.817862  0.167426  0.322806  0.122564  0.365330  0.176722  0.411599  0.159993  0.837389  0.607290  0.407538  0.499477  0.281593  0.124127  0.302750 
16  0.564169  0.916290  0.759633  0.297048  0.825633  0.097316  0.728031  0.069519  0.871985  0.843323  0.031239  0.616464  0.350098  0.714219  0.948948  0.817862 0.0  0.815131  0.721500  0.687747  0.553721  0.754641  0.599745  0.830995  0.416573  0.282404  0.600201  0.370597  0.732337  0.807273  0.660809 
17  0.460431  0.541498  0.034675  0.758956  0.789690  0.802006  0.110836  0.784061  0.392423  0.367262  0.834245  0.311120  0.480743  0.221892  0.313303  0.167426  0.815131 0.0  0.291901  0.130447  0.467453  0.067686  0.262702  0.142964  0.828630  0.703568  0.324288  0.450664  0.155943  0.021288  0.397728 
18  0.477806  0.008092  0.398472  0.617378  0.485405  0.712572  0.324319  0.748025  0.083005  0.404548  0.678845  0.614497  0.743515  0.394140  0.088355  0.322806  0.721500  0.291901 0.0  0.465207  0.202965  0.369679  0.584185  0.398821  0.624436  0.665569  0.259241  0.880447  0.184513  0.463498  0.275927 
19  0.373983  0.373575  0.207995  0.672257  0.753451  0.797214  0.144823  0.777615  0.390037  0.552267  0.813041  0.361197  0.555421  0.304805  0.396053  0.122564  0.687747  0.130447  0.465207 0.0  0.494895  0.180655  0.331634  0.184308  0.957150  0.701578  0.314094  0.600205  0.500694  0.116194  0.329587 
20  0.396678  0.026237  0.447319  0.661989  0.443643  0.660296  0.336229  0.734600  0.004566  0.460762  0.786412  0.672341  0.764590  0.432445  0.158845  0.365330  0.553721  0.467453  0.202965  0.494895 0.0  0.442274  0.542556  0.451024  0.518247  0.668383  0.364286  0.748729  0.147040  0.358188  0.280437 
21  0.265964  0.341393  0.280230  0.713091  0.733938  0.698465  0.081035  0.703024  0.287397  0.489372  0.813033  0.282126  0.484762  0.296602  0.309542  0.176722  0.754641  0.067686  0.369679  0.180655  0.442274 0.0  0.229372  0.072756  0.848114  0.655219  0.237733  0.352390  0.451750  0.150264  0.341198 
22  0.593475  0.623041  0.232170  0.508256  0.676446  0.557646  0.367750  0.721145  0.481741  0.586307  0.809122  0.402049  0.407095  0.430499  0.645980  0.411599  0.599745  0.262702  0.584185  0.331634  0.542556  0.229372 0.0  0.425610  0.538538  0.478364  0.458613  0.323666  0.602650  0.562532  0.543135 
23  0.382837  0.413935  0.037150  0.793399  0.875903  0.878787  0.101367  0.916944  0.329913  0.384932  0.901541  0.357024  0.595246  0.334012  0.354283  0.159993  0.830995  0.142964  0.398821  0.184308  0.451024  0.072756  0.425610 0.0  0.820465  0.726921  0.400469  0.533192  0.408224  0.174605  0.473650 
24  0.695173  0.591770  0.939449  0.203962  0.470255  0.349217  0.803883  0.307444  0.546270  0.930361  0.354837  0.555652  0.321855  0.864567  0.474671  0.837389  0.416573  0.828630  0.624436  0.957150  0.518247  0.848114  0.538538  0.820465 0.0  0.249645  0.683168  0.405484  0.760281  0.742354  0.876730 
25  0.720390  0.696269  0.621587  0.335821  0.706274  0.345577  0.716950  0.354284  0.745730  0.672539  0.363234  0.457235  0.331383  0.666342  0.779979  0.607290  0.282404  0.703568  0.665569  0.701578  0.668383  0.655219  0.478364  0.726921  0.249645 0.0  0.643189  0.273524  0.760700  0.718468  0.634486 
26  0.246144  0.217515  0.164639  0.745985  0.599098  0.627438  0.187688  0.600774  0.316743  0.258977  0.536779  0.448992  0.755162  0.213568  0.275675  0.407538  0.600201  0.324288  0.259241  0.314094  0.364286  0.237733  0.458613  0.400469  0.683168  0.643189 0.0  0.741227  0.283049  0.258222  0.289614 
27  0.930586  0.712611  0.489399  0.221052  0.786571  0.371879  0.534927  0.380220  0.816606  0.720737  0.426265  0.237115  0.111402  0.630010  0.867845  0.499477  0.370597  0.450664  0.880447  0.600205  0.748729  0.352390  0.323666  0.533192  0.405484  0.273524  0.741227 0.0  0.687117  0.697951  0.805628 
28  0.279359  0.150320  0.516625  0.682028  0.564518  0.720117  0.321127  0.818323  0.000000  0.507938  0.817926  0.690507  0.878327  0.353291  0.033653  0.281593  0.732337  0.155943  0.184513  0.500694  0.147040  0.451750  0.602650  0.408224  0.760281  0.760700  0.283049  0.687117 0.0  0.318951  0.331901 
29  0.415388  0.358932  0.121894  0.666847  0.771866  0.913314  0.182942  0.939827  0.309103  0.372978  1.000000  0.302079  0.607080  0.260821  0.318329  0.124127  0.807273  0.021288  0.463498  0.116194  0.358188  0.150264  0.562532  0.174605  0.742354  0.718468  0.258222  0.697951  0.318951 0.0  0.323245 
30  0.017528  0.375099  0.365214  0.828511  0.955870  0.571550  0.322430  0.541640  0.476672  0.319603  0.518819  0.448756  0.683587  0.163568  0.573230  0.302750  0.660809  0.397728  0.275927  0.329587  0.280437  0.341198  0.543135  0.473650  0.876730  0.634486  0.289614  0.805628  0.331901  0.323245 0.0 
