31
0 0.0  0.719501  0.701137  0.411472  0.371743  0.342859  0.423619  0.391673  0.306036  0.356885  0.001352  0.831994  0.771019  0.223116  0.501610  0.048818  0.162272  0.042261  0.414345  0.651572  0.706683  0.747224  0.466350  0.036408  0.332587  0.090276  0.322237  0.050352  0.116103  0.480836  0.738353 
1  0.719501 0.0  0.200964  0.698852  0.623787  0.585841  0.226562  0.556227  0.479462  0.566593  0.840219  0.494145  0.137163  0.808777  0.407834  0.941109  0.749864  0.904270  0.263195  0.326413  0.229252  0.744416  0.462810  0.881927  0.559439  0.904353  0.580127  0.989316  0.990900  0.903298  0.348305 
2  0.701137  0.200964 0.0  0.600958  0.716755  0.712552  0.214878  0.748723  0.463035  0.659553  0.696733  0.622892  0.322696  0.795854  0.141714  0.695602  0.635575  0.604643  0.357880  0.206055  0.322684  0.655262  0.738735  0.782807  0.660332  0.635213  0.364573  0.754961  0.717828  0.673674  0.312626 
3  0.411472  0.698852  0.600958 0.0  0.316464  0.076846  0.735184  0.222028  0.589460  0.247038  0.461756  0.407481  0.736985  0.273764  0.680476  0.523324  0.343970  0.442964  0.773627  0.797490  0.698766  0.912601  0.030073  0.452329  0.017414  0.596193  0.558150  0.438800  0.475695  0.758211  0.806467 
4  0.371743  0.623787  0.716755  0.316464 0.0  0.332333  0.876467  0.398793  0.659861  0.466388  0.362493  0.733802  0.808771  0.179607  0.887692  0.421025  0.161724  0.507331  0.836143  0.589478  0.686435  0.556221  0.313111  0.243436  0.389158  0.346350  0.518764  0.223013  0.366030  0.891330  0.461089 
5  0.342859  0.585841  0.712552  0.076846  0.332333 0.0  0.736367  0.058831  0.566807  0.059296  0.330829  0.597508  0.453454  0.105860  0.772895  0.292135  0.541419  0.365398  0.847083  0.885747  0.703745  0.717681  0.119678  0.329772  0.208991  0.320233  0.538910  0.334180  0.318329  0.896872  0.787547 
6  0.423619  0.226562  0.214878  0.735184  0.876467  0.736367 0.0  0.784347  0.423201  0.742387  0.539109  0.858663  0.413394  0.564855  0.287110  0.504631  0.557480  0.489906  0.232763  0.510316  0.212141  0.890411  0.817305  0.396382  0.728702  0.550567  0.425646  0.571999  0.437867  0.600797  0.362094 
7  0.391673  0.556227  0.748723  0.222028  0.398793  0.058831  0.784347 0.0  0.467275  0.204341  0.486171  0.518327  0.622928  0.378749  0.756063  0.523146  0.422924  0.535329  0.834605  0.823502  0.818573  0.813929  0.016483  0.606425  0.181163  0.546531  0.504802  0.414946  0.428260  0.763224  0.738165 
8  0.306036  0.479462  0.463035  0.589460  0.659861  0.566807  0.423201  0.467275 0.0  0.549403  0.248143  0.718825  0.579911  0.410950  0.300571  0.373587  0.389932  0.200396  0.376605  0.657444  0.577438  0.742495  0.586591  0.310438  0.532790  0.219765  0.369324  0.231298  0.285245  0.382127  0.525222 
9  0.356885  0.566593  0.659553  0.247038  0.466388  0.059296  0.742387  0.204341  0.549403 0.0  0.515898  0.547165  0.565261  0.299642  0.799943  0.517650  0.352360  0.447769  0.694142  0.687220  0.615893  0.781361  0.139984  0.522257  0.105807  0.447388  0.668439  0.494927  0.451921  0.819733  0.733793 
10  0.001352  0.840219  0.696733  0.461756  0.362493  0.330829  0.539109  0.486171  0.248143  0.515898 0.0  0.840422  0.979062  0.329376  0.497958  0.293933  0.000000  0.266599  0.550149  0.855362  0.678263  0.784495  0.460547  0.200149  0.393493  0.185706  0.370600  0.140594  0.178444  0.546279  0.818577 
11  0.831994  0.494145  0.622892  0.407481  0.733802  0.597508  0.858663  0.518327  0.718825  0.547165  0.840422 0.0  0.466005  0.635329  0.827938  0.746270  0.883151  0.792783  0.728927  0.730624  0.627060  0.506862  0.644193  0.868644  0.625858  0.774580  0.628318  0.761854  0.719148  0.449369  0.918021 
12  0.771019  0.137163  0.322696  0.736985  0.808771  0.453454  0.413394  0.622928  0.579911  0.565261  0.979062  0.466005 0.0  0.756275  0.378149  0.981505  0.746797  0.887158  0.441191  0.459035  0.275517  0.695826  0.538125  0.917572  0.452038  0.963152  0.625429  1.000000  0.784844  0.780054  0.373364 
13  0.223116  0.808777  0.795854  0.273764  0.179607  0.105860  0.564855  0.378749  0.410950  0.299642  0.329376  0.635329  0.756275 0.0  0.610193  0.287382  0.256425  0.353415  0.619180  0.676825  0.799354  0.618196  0.132293  0.235555  0.281380  0.323318  0.526163  0.385242  0.305721  0.673980  0.621827 
14  0.501610  0.407834  0.141714  0.680476  0.887692  0.772895  0.287110  0.756063  0.300571  0.799943  0.497958  0.827938  0.378149  0.610193 0.0  0.576120  0.430294  0.497190  0.153522  0.457091  0.223919  0.968861  0.846486  0.496797  0.729621  0.665326  0.304683  0.554451  0.486171  0.553429  0.408924 
15  0.048818  0.941109  0.695602  0.523324  0.421025  0.292135  0.504631  0.523146  0.373587  0.517650  0.293933  0.746270  0.981505  0.287382  0.576120 0.0  0.000000  0.230794  0.495236  0.714548  0.660847  0.702629  0.444119  0.246856  0.253448  0.170945  0.244656  0.043472  0.260331  0.416642  0.726430 
16  0.162272  0.749864  0.635575  0.343970  0.161724  0.541419  0.557480  0.422924  0.389932  0.352360  0.000000  0.883151  0.746797  0.256425  0.430294  0.000000 0.0  0.051329  0.517824  0.841027  0.623454  0.756179  0.436655  0.117705  0.437193  0.140092  0.382610  0.043770  0.000000  0.421545  0.991171 
17  0.042261  0.904270  0.604643  0.442964  0.507331  0.365398  0.489906  0.535329  0.200396  0.447769  0.266599  0.792783  0.887158  0.353415  0.497190  0.230794  0.051329 0.0  0.488133  0.755133  0.751249  0.765017  0.352608  0.237898  0.335033  0.169080  0.411360  0.147571  0.191452  0.538504  0.784775 
18  0.414345  0.263195  0.357880  0.773627  0.836143  0.847083  0.232763  0.834605  0.376605  0.694142  0.550149  0.728927  0.441191  0.619180  0.153522  0.495236  0.517824  0.488133 0.0  0.467869  0.284007  0.872444  0.765952  0.493011  0.795212  0.332267  0.452037  0.449679  0.381930  0.619654  0.318650 
19  0.651572  0.326413  0.206055  0.797490  0.589478  0.885747  0.510316  0.823502  0.657444  0.687220  0.855362  0.730624  0.459035  0.676825  0.457091  0.714548  0.841027  0.755133  0.467869 0.0  0.349513  0.573017  0.800951  0.799034  0.799259  0.665747  0.517882  0.799070  0.827108  0.987199  0.100583 
20  0.706683  0.229252  0.322684  0.698766  0.686435  0.703745  0.212141  0.818573  0.577438  0.615893  0.678263  0.627060  0.275517  0.799354  0.223919  0.660847  0.623454  0.751249  0.284007  0.349513 0.0  0.651519  0.724053  0.729106  0.636504  0.585443  0.452262  0.652424  0.660290  0.776150  0.311363 
21  0.747224  0.744416  0.655262  0.912601  0.556221  0.717681  0.890411  0.813929  0.742495  0.781361  0.784495  0.506862  0.695826  0.618196  0.968861  0.702629  0.756179  0.765017  0.872444  0.573017  0.651519 0.0  0.722461  0.658712  0.805207  0.737405  0.663894  0.766607  0.842969  0.505246  0.655088 
22  0.466350  0.462810  0.738735  0.030073  0.313111  0.119678  0.817305  0.016483  0.586591  0.139984  0.460547  0.644193  0.538125  0.132293  0.846486  0.444119  0.436655  0.352608  0.765952  0.800951  0.724053  0.722461 0.0  0.388282  0.016663  0.262408  0.668141  0.347920  0.323162  0.837374  0.762064 
23  0.036408  0.881927  0.782807  0.452329  0.243436  0.329772  0.396382  0.606425  0.310438  0.522257  0.200149  0.868644  0.917572  0.235555  0.496797  0.246856  0.117705  0.237898  0.493011  0.799034  0.729106  0.658712  0.388282 0.0  0.350401  0.099490  0.331854  0.234241  0.302241  0.430056  0.787469 
24  0.332587  0.559439  0.660332  0.017414  0.389158  0.208991  0.728702  0.181163  0.532790  0.105807  0.393493  0.625858  0.452038  0.281380  0.729621  0.253448  0.437193  0.335033  0.795212  0.799259  0.636504  0.805207  0.016663  0.350401 0.0  0.370288  0.622111  0.383741  0.241370  0.734025  0.882649 
25  0.090276  0.904353  0.635213  0.596193  0.346350  0.320233  0.550567  0.546531  0.219765  0.447388  0.185706  0.774580  0.963152  0.323318  0.665326  0.170945  0.140092  0.169080  0.332267  0.665747  0.585443  0.737405  0.262408  0.099490  0.370288 0.0  0.446521  0.208310  0.260718  0.536801  0.777988 
26  0.322237  0.580127  0.364573  0.558150  0.518764  0.538910  0.425646  0.504802  0.369324  0.668439  0.370600  0.628318  0.625429  0.526163  0.304683  0.244656  0.382610  0.411360  0.452037  0.517882  0.452262  0.663894  0.668141  0.331854  0.622111  0.446521 0.0  0.452833  0.298280  0.286789  0.713512 
27  0.050352  0.989316  0.754961  0.438800  0.223013  0.334180  0.571999  0.414946  0.231298  0.494927  0.140594  0.761854  1.000000  0.385242  0.554451  0.043472  0.043770  0.147571  0.449679  0.799070  0.652424  0.766607  0.347920  0.234241  0.383741  0.208310  0.452833 0.0  0.314021  0.627854  0.747509 
28  0.116103  0.990900  0.717828  0.475695  0.366030  0.318329  0.437867  0.428260  0.285245  0.451921  0.178444  0.719148  0.784844  0.305721  0.486171  0.260331  0.000000  0.191452  0.381930  0.827108  0.660290  0.842969  0.323162  0.302241  0.241370  0.260718  0.298280  0.314021 0.0  0.527257  0.715165 
29  0.480836  0.903298  0.673674  0.758211  0.891330  0.896872  0.600797  0.763224  0.382127  0.819733  0.546279  0.449369  0.780054  0.673980  0.553429  0.416642  0.421545  0.538504  0.619654  0.987199  0.776150  0.505246  0.837374  0.430056  0.734025  0.536801  0.286789  0.627854  0.527257 0.0  0.761886 
30  0.738353  0.348305  0.312626  0.806467  0.461089  0.787547  0.362094  0.738165  0.525222  0.733793  0.818577  0.918021  0.373364  0.621827  0.408924  0.726430  0.991171  0.784775  0.318650  0.100583  0.311363  0.655088  0.762064  0.787469  0.882649  0.777988  0.713512  0.747509  0.715165  0.761886 0.0 
