31
0 0.0  0.792758  1.000000  0.077270  0.907126  0.611194  0.781006  0.705107  0.811906  0.676750  0.797496  0.724062  0.550371  0.758614  0.634276  0.758338  0.713876  0.779543  0.741433  0.669075  0.724646  0.566305  0.721320  0.648242  0.206821  0.630962  0.081150  0.819259  0.196407  0.122041  0.690633 
1  0.792758 0.0  0.077042  0.740124  0.323562  0.306487  0.144549  0.401690  0.161128  0.426791  0.166126  0.066750  0.471078  0.269306  0.286486  0.063396  0.188094  0.756470  0.359171  0.353092  0.368723  0.668474  0.376863  0.363221  0.554045  0.472726  0.736181  0.131641  0.485452  0.708333  0.485287 
2  1.000000  0.077042 0.0  0.664279  0.499361  0.195725  0.046336  0.234797  0.180521  0.265643  0.165161  0.095116  0.241463  0.306909  0.239927  0.048765  0.150942  0.611562  0.259892  0.391835  0.388633  0.504031  0.377728  0.215609  0.777246  0.345298  0.776181  0.170649  0.412519  0.852693  0.240899 
3  0.077270  0.740124  0.664279 0.0  0.623275  0.685912  0.669085  0.791192  0.702098  0.713202  0.753226  0.688866  0.753018  0.708897  0.596415  0.739104  0.632817  0.786120  0.581986  0.695374  0.851981  0.535786  0.716296  0.873273  0.235866  0.703558  0.178664  0.688040  0.310125  0.200717  0.681731 
4  0.907126  0.323562  0.499361  0.623275 0.0  0.243777  0.347282  0.052291  0.466696  0.025558  0.328801  0.389509  0.094664  0.066975  0.325981  0.231262  0.237766  0.423470  0.145007  0.122797  0.052023  0.346107  0.150498  0.334827  0.737025  0.086488  0.731087  0.448643  0.618042  0.747449  0.271336 
5  0.611194  0.306487  0.195725  0.685912  0.243777 0.0  0.303747  0.188502  0.265538  0.313608  0.215385  0.267596  0.176580  0.330671  0.224908  0.304067  0.287059  0.667205  0.279984  0.217091  0.329002  0.465124  0.198666  0.276723  0.656616  0.302175  0.654087  0.239662  0.570909  0.685233  0.245315 
6  0.781006  0.144549  0.046336  0.669085  0.347282  0.303747 0.0  0.445130  0.123507  0.462817  0.026227  0.180822  0.321383  0.441083  0.269942  0.229165  0.176332  0.686319  0.432738  0.453079  0.351951  0.555288  0.267639  0.370999  0.542535  0.583975  0.801011  0.098730  0.528835  0.805873  0.354441 
7  0.705107  0.401690  0.234797  0.791192  0.052291  0.188502  0.445130 0.0  0.366402  0.210595  0.393244  0.462567  0.176833  0.208758  0.200891  0.372017  0.519079  0.516081  0.195651  0.243714  0.080341  0.292757  0.230348  0.303068  0.584429  0.083246  0.705737  0.334640  0.879433  0.755582  0.433492 
8  0.811906  0.161128  0.180521  0.702098  0.466696  0.265538  0.123507  0.366402 0.0  0.300539  0.183571  0.076540  0.325419  0.185543  0.266801  0.023863  0.070587  0.707078  0.324069  0.319954  0.324445  0.513590  0.327141  0.295106  0.659017  0.332080  0.746957  0.178115  0.437540  0.788777  0.372058 
9  0.676750  0.426791  0.265643  0.713202  0.025558  0.313608  0.462817  0.210595  0.300539 0.0  0.333745  0.398972  0.242522  0.106802  0.218718  0.542825  0.383379  0.428640  0.277331  0.222532  0.114355  0.306073  0.080298  0.301415  0.514797  0.125070  0.778560  0.338413  0.747451  0.860042  0.412924 
10  0.797496  0.166126  0.165161  0.753226  0.328801  0.215385  0.026227  0.393244  0.183571  0.333745 0.0  0.051909  0.339390  0.250715  0.284001  0.106274  0.205626  0.798663  0.216826  0.278429  0.259879  0.615986  0.273503  0.257400  0.688907  0.359352  0.615724  0.115509  0.419185  0.740622  0.271895 
11  0.724062  0.066750  0.095116  0.688866  0.389509  0.267596  0.180822  0.462567  0.076540  0.398972  0.051909 0.0  0.389891  0.443154  0.212951  0.219372  0.235346  0.765710  0.496628  0.433802  0.326615  0.566094  0.412151  0.289966  0.599744  0.393297  0.695520  0.093808  0.531255  0.754807  0.486519 
12  0.550371  0.471078  0.241463  0.753018  0.094664  0.176580  0.321383  0.176833  0.325419  0.242522  0.339390  0.389891 0.0  0.203534  0.296222  0.414925  0.408928  0.446845  0.130783  0.250390  0.000000  0.339877  0.168486  0.254449  0.701916  0.184464  0.556076  0.257359  0.714546  0.660335  0.474769 
13  0.758614  0.269306  0.306909  0.708897  0.066975  0.330671  0.441083  0.208758  0.185543  0.106802  0.250715  0.443154  0.203534 0.0  0.212208  0.352330  0.396508  0.490255  0.163622  0.221543  0.000000  0.351658  0.111865  0.334207  0.568532  0.250616  0.606828  0.300589  0.805390  0.709611  0.444664 
14  0.634276  0.286486  0.239927  0.596415  0.325981  0.224908  0.269942  0.200891  0.266801  0.218718  0.284001  0.212951  0.296222  0.212208 0.0  0.240805  0.232163  0.696038  0.318205  0.219785  0.297618  0.540119  0.206858  0.287492  0.591955  0.283912  0.645419  0.342798  0.526736  0.622339  0.248723 
15  0.758338  0.063396  0.048765  0.739104  0.231262  0.304067  0.229165  0.372017  0.023863  0.542825  0.106274  0.219372  0.414925  0.352330  0.240805 0.0  0.134535  0.632548  0.478349  0.431230  0.213058  0.573156  0.371302  0.287534  0.617467  0.411296  0.661046  0.102841  0.537297  0.578603  0.475524 
16  0.713876  0.188094  0.150942  0.632817  0.237766  0.287059  0.176332  0.519079  0.070587  0.383379  0.205626  0.235346  0.408928  0.396508  0.232163  0.134535 0.0  0.697486  0.462187  0.405189  0.395622  0.471148  0.385283  0.377777  0.610296  0.411005  0.682280  0.056298  0.564267  0.753672  0.412548 
17  0.779543  0.756470  0.611562  0.786120  0.423470  0.667205  0.686319  0.516081  0.707078  0.428640  0.798663  0.765710  0.446845  0.490255  0.696038  0.632548  0.697486 0.0  0.420087  0.382142  0.570327  0.249769  0.473549  0.861002  0.668251  0.494782  0.761630  0.733968  0.746815  0.663708  0.727016 
18  0.741433  0.359171  0.259892  0.581986  0.145007  0.279984  0.432738  0.195651  0.324069  0.277331  0.216826  0.496628  0.130783  0.163622  0.318205  0.478349  0.462187  0.420087 0.0  0.204376  0.016035  0.250588  0.087771  0.314350  0.634042  0.169954  0.676073  0.356059  0.803455  0.629901  0.347420 
19  0.669075  0.353092  0.391835  0.695374  0.122797  0.217091  0.453079  0.243714  0.319954  0.222532  0.278429  0.433802  0.250390  0.221543  0.219785  0.431230  0.405189  0.382142  0.204376 0.0  0.072493  0.292982  0.163960  0.249085  0.650061  0.114404  0.718054  0.336443  0.794659  0.725424  0.463129 
20  0.724646  0.368723  0.388633  0.851981  0.052023  0.329002  0.351951  0.080341  0.324445  0.114355  0.259879  0.326615  0.000000  0.000000  0.297618  0.213058  0.395622  0.570327  0.016035  0.072493 0.0  0.302835  0.164873  0.353807  0.556349  0.028975  0.815233  0.386174  0.643424  0.684850  0.318559 
21  0.566305  0.668474  0.504031  0.535786  0.346107  0.465124  0.555288  0.292757  0.513590  0.306073  0.615986  0.566094  0.339877  0.351658  0.540119  0.573156  0.471148  0.249769  0.250588  0.292982  0.302835 0.0  0.260244  0.539338  0.404518  0.321323  0.446250  0.547254  0.561863  0.522458  0.411508 
22  0.721320  0.376863  0.377728  0.716296  0.150498  0.198666  0.267639  0.230348  0.327141  0.080298  0.273503  0.412151  0.168486  0.111865  0.206858  0.371302  0.385283  0.473549  0.087771  0.163960  0.164873  0.260244 0.0  0.435789  0.501439  0.142373  0.730411  0.284458  0.764940  0.813577  0.225440 
23  0.648242  0.363221  0.215609  0.873273  0.334827  0.276723  0.370999  0.303068  0.295106  0.301415  0.257400  0.289966  0.254449  0.334207  0.287492  0.287534  0.377777  0.861002  0.314350  0.249085  0.353807  0.539338  0.435789 0.0  0.589985  0.399760  0.713366  0.304345  0.704589  0.650253  0.101586 
24  0.206821  0.554045  0.777246  0.235866  0.737025  0.656616  0.542535  0.584429  0.659017  0.514797  0.688907  0.599744  0.701916  0.568532  0.591955  0.617467  0.610296  0.668251  0.634042  0.650061  0.556349  0.404518  0.501439  0.589985 0.0  0.642305  0.286739  0.764785  0.259200  0.293248  0.661598 
25  0.630962  0.472726  0.345298  0.703558  0.086488  0.302175  0.583975  0.083246  0.332080  0.125070  0.359352  0.393297  0.184464  0.250616  0.283912  0.411296  0.411005  0.494782  0.169954  0.114404  0.028975  0.321323  0.142373  0.399760  0.642305 0.0  0.641789  0.376733  0.805898  0.698558  0.504934 
26  0.081150  0.736181  0.776181  0.178664  0.731087  0.654087  0.801011  0.705737  0.746957  0.778560  0.615724  0.695520  0.556076  0.606828  0.645419  0.661046  0.682280  0.761630  0.676073  0.718054  0.815233  0.446250  0.730411  0.713366  0.286739  0.641789 0.0  0.610382  0.226326  0.074882  0.747918 
27  0.819259  0.131641  0.170649  0.688040  0.448643  0.239662  0.098730  0.334640  0.178115  0.338413  0.115509  0.093808  0.257359  0.300589  0.342798  0.102841  0.056298  0.733968  0.356059  0.336443  0.386174  0.547254  0.284458  0.304345  0.764785  0.376733  0.610382 0.0  0.469578  0.850009  0.375068 
28  0.196407  0.485452  0.412519  0.310125  0.618042  0.570909  0.528835  0.879433  0.437540  0.747451  0.419185  0.531255  0.714546  0.805390  0.526736  0.537297  0.564267  0.746815  0.803455  0.794659  0.643424  0.561863  0.764940  0.704589  0.259200  0.805898  0.226326  0.469578 0.0  0.351066  0.824848 
29  0.122041  0.708333  0.852693  0.200717  0.747449  0.685233  0.805873  0.755582  0.788777  0.860042  0.740622  0.754807  0.660335  0.709611  0.622339  0.578603  0.753672  0.663708  0.629901  0.725424  0.684850  0.522458  0.813577  0.650253  0.293248  0.698558  0.074882  0.850009  0.351066 0.0  0.805552 
30  0.690633  0.485287  0.240899  0.681731  0.271336  0.245315  0.354441  0.433492  0.372058  0.412924  0.271895  0.486519  0.474769  0.444664  0.248723  0.475524  0.412548  0.727016  0.347420  0.463129  0.318559  0.411508  0.225440  0.101586  0.661598  0.504934  0.747918  0.375068  0.824848  0.805552 0.0 
