31
0 0.0  0.964913  0.677099  0.748076  0.871711  0.678909  0.537976  0.686739  0.801617  0.746479  0.694548  0.832559  0.693927  0.641982  0.808932  0.655667  0.597879  0.602023  0.386082  0.712369  0.668979  0.870910  0.845392  0.774733  0.839708  0.723630  0.832575  0.777084  0.600320  0.875810  0.731146 
1  0.964913 0.0  0.752190  0.791894  0.742089  0.891253  0.736177  0.798689  0.873658  0.700852  0.895284  0.825811  0.803437  0.817832  0.807586  0.855522  0.839293  0.901738  0.753350  0.812738  0.807777  0.915340  0.863752  0.912041  0.846709  0.724363  0.563191  0.777012  0.823240  0.805501  0.900393 
2  0.677099  0.752190 0.0  0.707177  0.716234  0.731123  0.830316  0.472187  0.491085  0.710836  0.456429  0.670321  0.725345  0.722126  0.686797  0.692230  0.638484  0.695340  0.608578  0.808645  0.665719  0.730561  0.716636  0.854007  0.712513  0.805447  0.813597  0.549228  0.760905  0.795516  0.781212 
3  0.748076  0.791894  0.707177 0.0  0.799652  0.829325  0.817594  0.782267  0.926652  0.771644  0.741521  0.817399  0.841733  0.829626  0.773607  0.855423  0.846983  0.862861  0.824824  0.780258  0.807210  0.757430  0.440632  0.767678  0.753229  0.347028  0.819383  0.799995  0.847251  0.414944  0.820424 
4  0.871711  0.742089  0.716234  0.799652 0.0  0.910408  0.883724  0.783928  0.797220  0.848219  0.796289  0.458264  0.435710  0.889306  0.359213  0.757475  0.895621  0.807920  0.894005  0.977718  0.785949  1.000000  0.785901  0.206229  0.376560  0.964661  0.813548  0.863723  0.945732  0.778671  0.820393 
5  0.678909  0.891253  0.731123  0.829325  0.910408 0.0  0.507664  0.804764  0.762549  0.771308  0.764902  0.745153  0.701847  0.484017  0.846768  0.407154  0.426839  0.649049  0.642395  0.561529  0.505163  0.539144  0.867510  0.983668  0.790621  0.778870  0.828764  0.808544  0.438622  0.803022  0.557299 
6  0.537976  0.736177  0.830316  0.817594  0.883724  0.507664 0.0  0.726295  0.933585  0.673284  0.883210  0.785603  0.780332  0.452279  0.984620  0.445521  0.272349  0.740366  0.645739  0.378400  0.541546  0.552769  0.874767  0.826533  0.827728  0.708363  0.770759  0.802339  0.397239  0.896073  0.579965 
7  0.686739  0.798689  0.472187  0.782267  0.783928  0.804764  0.726295 0.0  0.605366  0.689947  0.517666  0.896005  0.894937  0.875619  0.759103  0.869301  0.944149  0.744588  0.821220  0.826521  0.784413  0.795832  0.823936  0.766382  0.802509  0.846189  0.718134  0.564192  0.684259  0.820824  0.873658 
8  0.801617  0.873658  0.491085  0.926652  0.797220  0.762549  0.933585  0.605366 0.0  0.713829  0.588744  0.770448  0.872518  0.755538  0.773861  0.823072  0.729663  0.730681  0.828510  0.841421  0.782137  0.786678  0.693286  0.798140  0.684157  0.804642  0.739591  0.389210  0.762555  0.769785  0.847678 
9  0.746479  0.700852  0.710836  0.771644  0.848219  0.771308  0.673284  0.689947  0.713829 0.0  0.807506  0.747211  0.747387  0.853720  0.772652  0.822989  0.726686  0.703557  0.697102  0.711955  0.708693  0.766379  0.847842  0.715601  0.692434  0.672367  0.790850  0.728018  0.754785  0.764637  0.743245 
10  0.694548  0.895284  0.456429  0.741521  0.796289  0.764902  0.883210  0.517666  0.588744  0.807506 0.0  0.741152  0.828928  0.785233  0.787884  0.923636  0.806663  0.880359  0.638899  0.752957  0.837190  0.860944  0.792903  0.850763  0.859211  0.765927  0.656055  0.580223  0.792706  0.795543  0.853135 
11  0.832559  0.825811  0.670321  0.817399  0.458264  0.745153  0.785603  0.896005  0.770448  0.747211  0.741152 0.0  0.385793  0.891655  0.470256  0.862074  0.859856  0.855644  0.947528  0.852310  0.834065  0.806861  0.800238  0.438757  0.504969  0.956592  0.883556  0.823884  0.876925  0.840275  0.879036 
12  0.693927  0.803437  0.725345  0.841733  0.435710  0.701847  0.780332  0.894937  0.872518  0.747387  0.828928  0.385793 0.0  0.799464  0.420542  0.789826  0.789845  0.879508  0.663140  0.897214  0.805097  0.813978  0.815969  0.449924  0.471527  0.759732  0.745984  0.732436  0.800913  0.877870  0.796130 
13  0.641982  0.817832  0.722126  0.829626  0.889306  0.484017  0.452279  0.875619  0.755538  0.853720  0.785233  0.891655  0.799464 0.0  0.848293  0.462476  0.480937  0.657526  0.709692  0.488895  0.450506  0.488614  0.670104  0.893512  0.760048  0.873277  0.786732  0.888439  0.487208  0.826576  0.461909 
14  0.808932  0.807586  0.686797  0.773607  0.359213  0.846768  0.984620  0.759103  0.773861  0.772652  0.787884  0.470256  0.420542  0.848293 0.0  0.781072  0.841583  0.658170  0.681757  0.844358  0.821237  0.873131  0.797434  0.427573  0.468075  0.809156  0.851373  0.773375  0.871178  0.711173  0.913021 
15  0.655667  0.855522  0.692230  0.855423  0.757475  0.407154  0.445521  0.869301  0.823072  0.822989  0.923636  0.862074  0.789826  0.462476  0.781072 0.0  0.500426  0.710163  0.718143  0.554312  0.419578  0.499091  0.798893  0.834635  0.838698  0.804276  0.690458  0.863847  0.571972  0.808710  0.493344 
16  0.597879  0.839293  0.638484  0.846983  0.895621  0.426839  0.272349  0.944149  0.729663  0.726686  0.806663  0.859856  0.789845  0.480937  0.841583  0.500426 0.0  0.636001  0.637310  0.479164  0.489228  0.421435  0.802576  0.888741  0.783772  0.859461  0.852033  0.806077  0.360249  0.792286  0.495292 
17  0.602023  0.901738  0.695340  0.862861  0.807920  0.649049  0.740366  0.744588  0.730681  0.703557  0.880359  0.855644  0.879508  0.657526  0.658170  0.710163  0.636001 0.0  0.582613  0.554864  0.695845  0.722002  0.787464  0.749715  0.754827  0.843630  0.807703  0.775081  0.633043  0.765763  0.624729 
18  0.386082  0.753350  0.608578  0.824824  0.894005  0.642395  0.645739  0.821220  0.828510  0.697102  0.638899  0.947528  0.663140  0.709692  0.681757  0.718143  0.637310  0.582613 0.0  0.683256  0.574226  0.688689  0.771286  0.879277  0.777182  0.845815  0.794873  0.839847  0.653656  0.829808  0.739062 
19  0.712369  0.812738  0.808645  0.780258  0.977718  0.561529  0.378400  0.826521  0.841421  0.711955  0.752957  0.852310  0.897214  0.488895  0.844358  0.554312  0.479164  0.554864  0.683256 0.0  0.463463  0.468245  0.816867  0.883753  0.797253  0.823686  0.801556  0.817926  0.409803  0.845719  0.394156 
20  0.668979  0.807777  0.665719  0.807210  0.785949  0.505163  0.541546  0.784413  0.782137  0.708693  0.837190  0.834065  0.805097  0.450506  0.821237  0.419578  0.489228  0.695845  0.574226  0.463463 0.0  0.424763  0.882084  0.883685  0.847827  0.744070  0.858419  0.802647  0.454638  0.820695  0.417157 
21  0.870910  0.915340  0.730561  0.757430  1.000000  0.539144  0.552769  0.795832  0.786678  0.766379  0.860944  0.806861  0.813978  0.488614  0.873131  0.499091  0.421435  0.722002  0.688689  0.468245  0.424763 0.0  0.862209  0.854041  0.949084  0.889047  0.826460  0.837522  0.473733  0.853948  0.435879 
22  0.845392  0.863752  0.716636  0.440632  0.785901  0.867510  0.874767  0.823936  0.693286  0.847842  0.792903  0.800238  0.815969  0.670104  0.797434  0.798893  0.802576  0.787464  0.771286  0.816867  0.882084  0.862209 0.0  0.938509  0.747493  0.365055  0.700366  0.785578  0.861157  0.363642  0.735587 
23  0.774733  0.912041  0.854007  0.767678  0.206229  0.983668  0.826533  0.766382  0.798140  0.715601  0.850763  0.438757  0.449924  0.893512  0.427573  0.834635  0.888741  0.749715  0.879277  0.883753  0.883685  0.854041  0.938509 0.0  0.491823  0.866836  0.892807  0.713638  0.872875  0.815553  0.870150 
24  0.839708  0.846709  0.712513  0.753229  0.376560  0.790621  0.827728  0.802509  0.684157  0.692434  0.859211  0.504969  0.471527  0.760048  0.468075  0.838698  0.783772  0.754827  0.777182  0.797253  0.847827  0.949084  0.747493  0.491823 0.0  0.775872  0.844024  0.872463  0.808317  0.695272  0.842376 
25  0.723630  0.724363  0.805447  0.347028  0.964661  0.778870  0.708363  0.846189  0.804642  0.672367  0.765927  0.956592  0.759732  0.873277  0.809156  0.804276  0.859461  0.843630  0.845815  0.823686  0.744070  0.889047  0.365055  0.866836  0.775872 0.0  0.856146  0.898228  0.770145  0.408907  0.812956 
26  0.832575  0.563191  0.813597  0.819383  0.813548  0.828764  0.770759  0.718134  0.739591  0.790850  0.656055  0.883556  0.745984  0.786732  0.851373  0.690458  0.852033  0.807703  0.794873  0.801556  0.858419  0.826460  0.700366  0.892807  0.844024  0.856146 0.0  0.563704  0.869191  0.779098  0.812899 
27  0.777084  0.777012  0.549228  0.799995  0.863723  0.808544  0.802339  0.564192  0.389210  0.728018  0.580223  0.823884  0.732436  0.888439  0.773375  0.863847  0.806077  0.775081  0.839847  0.817926  0.802647  0.837522  0.785578  0.713638  0.872463  0.898228  0.563704 0.0  0.847320  0.810674  0.817948 
28  0.600320  0.823240  0.760905  0.847251  0.945732  0.438622  0.397239  0.684259  0.762555  0.754785  0.792706  0.876925  0.800913  0.487208  0.871178  0.571972  0.360249  0.633043  0.653656  0.409803  0.454638  0.473733  0.861157  0.872875  0.808317  0.770145  0.869191  0.847320 0.0  0.885984  0.386007 
29  0.875810  0.805501  0.795516  0.414944  0.778671  0.803022  0.896073  0.820824  0.769785  0.764637  0.795543  0.840275  0.877870  0.826576  0.711173  0.808710  0.792286  0.765763  0.829808  0.845719  0.820695  0.853948  0.363642  0.815553  0.695272  0.408907  0.779098  0.810674  0.885984 0.0  0.853503 
30  0.731146  0.900393  0.781212  0.820424  0.820393  0.557299  0.579965  0.873658  0.847678  0.743245  0.853135  0.879036  0.796130  0.461909  0.913021  0.493344  0.495292  0.624729  0.739062  0.394156  0.417157  0.435879  0.735587  0.870150  0.842376  0.812956  0.812899  0.817948  0.386007  0.853503 0.0 
