31
0 0.0  0.774221  0.766057  0.789561  0.782261  0.793446  0.467387  0.723324  0.688549  0.884308  0.771392  0.741868  0.852660  0.728477  0.819631  0.465924  0.849794  0.817685  0.875778  0.682319  0.839537  0.843850  0.817401  0.767510  0.833316  0.806263  0.858155  0.810717  0.676304  0.821287  0.381898 
1  0.774221 0.0  0.817134  0.824610  0.829811  0.753752  0.777030  0.799435  0.450576  0.753981  0.525492  0.765196  0.492291  0.858308  0.634228  0.866248  0.601056  0.695120  0.621620  0.926491  0.977870  0.719036  0.622335  0.694271  0.747860  0.611822  0.635419  0.629842  0.667404  0.897796  0.821462 
2  0.766057  0.817134 0.0  0.750554  0.794266  0.865696  0.801655  0.897932  0.898350  0.827774  0.840389  0.857167  0.838706  0.763852  0.879599  0.909142  0.776172  0.917382  0.957977  0.376476  0.395949  0.920447  0.792825  0.896735  0.910021  0.750919  0.940313  0.819177  0.978957  0.395523  0.753638 
3  0.789561  0.824610  0.750554 0.0  0.740939  0.725241  0.699665  0.902300  0.836670  0.525583  0.739769  0.975043  0.751227  0.804706  0.723757  0.855842  0.723030  0.802461  0.803444  0.777175  0.831757  0.750852  0.779745  0.500475  0.716182  0.752689  0.709374  0.768985  0.776349  0.894387  0.807831 
4  0.782261  0.829811  0.794266  0.740939 0.0  0.719959  0.747027  0.757961  0.756861  0.769151  0.663792  0.751483  0.797730  0.294905  0.864444  0.684265  0.802631  0.769068  0.711643  0.766846  0.802518  0.819159  0.782576  0.704004  0.750580  0.726142  0.818031  0.820329  0.737109  0.777194  0.808915 
5  0.793446  0.753752  0.865696  0.725241  0.719959 0.0  0.903538  0.884326  0.806351  0.716669  0.827186  0.855930  0.867345  0.798918  0.807852  0.801639  0.805678  0.816748  0.869325  0.839633  0.781942  0.754023  0.906852  0.854396  0.937664  0.764568  0.899544  0.865686  0.683288  0.925183  0.817545 
6  0.467387  0.777030  0.801655  0.699665  0.747027  0.903538 0.0  0.737954  0.859356  0.813701  0.931310  0.860115  0.787527  0.693952  0.836506  0.355589  0.745179  0.834747  0.895919  0.826471  0.808425  0.747980  0.912972  0.796910  0.892400  0.950227  0.793815  0.740945  0.753490  0.846629  0.410318 
7  0.723324  0.799435  0.897932  0.902300  0.757961  0.884326  0.737954 0.0  0.785421  0.826674  0.715915  0.749353  0.744935  0.696162  0.895894  0.750745  0.790361  0.755761  0.876653  0.866036  0.694863  0.719592  0.778477  0.732552  0.725357  0.734460  0.828451  0.754703  0.736001  0.838818  0.811460 
8  0.688549  0.450576  0.898350  0.836670  0.756861  0.806351  0.859356  0.785421 0.0  0.795867  0.461718  0.701012  0.574436  0.712351  0.773809  0.791254  0.582113  0.707837  0.635430  0.966339  0.881800  0.645791  0.591124  0.769901  0.617356  0.580027  0.629195  0.595921  0.634451  0.819576  0.731493 
9  0.884308  0.753981  0.827774  0.525583  0.769151  0.716669  0.813701  0.826674  0.795867 0.0  0.808581  0.830980  0.851834  0.798974  0.897623  0.855077  0.775333  0.909621  0.777912  0.826590  0.795502  0.813363  0.875698  0.541970  0.798173  0.693992  0.818227  0.932950  0.835831  0.838114  0.891354 
10  0.771392  0.525492  0.840389  0.739769  0.663792  0.827186  0.931310  0.715915  0.461718  0.808581 0.0  0.660245  0.365438  0.745247  0.594602  0.806475  0.585786  0.675276  0.760194  0.803293  0.788496  0.486957  0.631488  0.752167  0.609351  0.721068  0.666736  0.629446  0.632380  0.783243  0.743540 
11  0.741868  0.765196  0.857167  0.975043  0.751483  0.855930  0.860115  0.749353  0.701012  0.830980  0.660245 0.0  0.739221  0.810416  0.350716  0.728571  0.419998  0.410240  0.582410  0.850181  0.835190  0.452878  0.459592  0.922946  0.536203  0.449131  0.425790  0.463024  0.502479  0.866515  0.870972 
12  0.852660  0.492291  0.838706  0.751227  0.797730  0.867345  0.787527  0.744935  0.574436  0.851834  0.365438  0.739221 0.0  0.800717  0.620524  0.853091  0.664137  0.618402  0.761737  0.747119  0.884870  0.579605  0.534665  0.801703  0.709363  0.657247  0.766853  0.648848  0.666145  0.790114  0.810848 
13  0.728477  0.858308  0.763852  0.804706  0.294905  0.798918  0.693952  0.696162  0.712351  0.798974  0.745247  0.810416  0.800717 0.0  0.707279  0.840271  0.662217  0.775162  0.716091  0.768734  0.753088  0.816493  0.733224  0.901497  0.717798  0.682612  0.790983  0.755308  0.690237  0.750394  0.746676 
14  0.819631  0.634228  0.879599  0.723757  0.864444  0.807852  0.836506  0.895894  0.773809  0.897623  0.594602  0.350716  0.620524  0.707279 0.0  0.735974  0.424452  0.356230  0.505978  0.754891  0.950522  0.415000  0.416688  0.832272  0.569163  0.357413  0.522668  0.496214  0.552515  0.852668  0.777559 
15  0.465924  0.866248  0.909142  0.855842  0.684265  0.801639  0.355589  0.750745  0.791254  0.855077  0.806475  0.728571  0.853091  0.840271  0.735974 0.0  0.805082  0.813491  0.739020  0.843267  0.798237  0.855770  0.884041  0.765553  0.786071  0.827298  0.818174  0.806411  0.817015  0.801038  0.462640 
16  0.849794  0.601056  0.776172  0.723030  0.802631  0.805678  0.745179  0.790361  0.582113  0.775333  0.585786  0.419998  0.664137  0.662217  0.424452  0.805082 0.0  0.471553  0.515965  0.881949  0.841885  0.410972  0.406440  0.818937  0.338945  0.499601  0.455859  0.499036  0.562049  0.871212  0.906615 
17  0.817685  0.695120  0.917382  0.802461  0.769068  0.816748  0.834747  0.755761  0.707837  0.909621  0.675276  0.410240  0.618402  0.775162  0.356230  0.813491  0.471553 0.0  0.522087  0.845132  0.827070  0.601635  0.351775  0.834281  0.494861  0.390453  0.424116  0.502886  0.477445  0.865732  0.714545 
18  0.875778  0.621620  0.957977  0.803444  0.711643  0.869325  0.895919  0.876653  0.635430  0.777912  0.760194  0.582410  0.761737  0.716091  0.505978  0.739020  0.515965  0.522087 0.0  0.881461  0.709823  0.504232  0.471073  0.918278  0.450445  0.594356  0.549091  0.427301  0.308224  0.775136  0.837087 
19  0.682319  0.926491  0.376476  0.777175  0.766846  0.839633  0.826471  0.866036  0.966339  0.826590  0.803293  0.850181  0.747119  0.768734  0.754891  0.843267  0.881949  0.845132  0.881461 0.0  0.359975  0.841234  0.917998  0.883512  0.886576  0.914112  0.822097  0.876040  0.933903  0.309037  0.766288 
20  0.839537  0.977870  0.395949  0.831757  0.802518  0.781942  0.808425  0.694863  0.881800  0.795502  0.788496  0.835190  0.884870  0.753088  0.950522  0.798237  0.841885  0.827070  0.709823  0.359975 0.0  1.000000  0.841912  0.809247  0.788049  0.915679  0.849987  0.815707  0.944785  0.499494  0.771466 
21  0.843850  0.719036  0.920447  0.750852  0.819159  0.754023  0.747980  0.719592  0.645791  0.813363  0.486957  0.452878  0.579605  0.816493  0.415000  0.855770  0.410972  0.601635  0.504232  0.841234  1.000000 0.0  0.441278  0.791574  0.281477  0.624513  0.533975  0.516804  0.506667  0.836048  0.906576 
22  0.817401  0.622335  0.792825  0.779745  0.782576  0.906852  0.912972  0.778477  0.591124  0.875698  0.631488  0.459592  0.534665  0.733224  0.416688  0.884041  0.406440  0.351775  0.471073  0.917998  0.841912  0.441278 0.0  0.827555  0.396915  0.508941  0.423951  0.417186  0.445815  0.832335  0.731287 
23  0.767510  0.694271  0.896735  0.500475  0.704004  0.854396  0.796910  0.732552  0.769901  0.541970  0.752167  0.922946  0.801703  0.901497  0.832272  0.765553  0.818937  0.834281  0.918278  0.883512  0.809247  0.791574  0.827555 0.0  0.805664  0.784874  0.801105  0.798109  0.817232  0.776937  0.700663 
24  0.833316  0.747860  0.910021  0.716182  0.750580  0.937664  0.892400  0.725357  0.617356  0.798173  0.609351  0.536203  0.709363  0.717798  0.569163  0.786071  0.338945  0.494861  0.450445  0.886576  0.788049  0.281477  0.396915  0.805664 0.0  0.391799  0.456328  0.487115  0.413186  0.886899  0.736402 
25  0.806263  0.611822  0.750919  0.752689  0.726142  0.764568  0.950227  0.734460  0.580027  0.693992  0.721068  0.449131  0.657247  0.682612  0.357413  0.827298  0.499601  0.390453  0.594356  0.914112  0.915679  0.624513  0.508941  0.784874  0.391799 0.0  0.466399  0.623849  0.406652  0.890089  0.811796 
26  0.858155  0.635419  0.940313  0.709374  0.818031  0.899544  0.793815  0.828451  0.629195  0.818227  0.666736  0.425790  0.766853  0.790983  0.522668  0.818174  0.455859  0.424116  0.549091  0.822097  0.849987  0.533975  0.423951  0.801105  0.456328  0.466399 0.0  0.609759  0.490420  0.942067  0.783581 
27  0.810717  0.629842  0.819177  0.768985  0.820329  0.865686  0.740945  0.754703  0.595921  0.932950  0.629446  0.463024  0.648848  0.755308  0.496214  0.806411  0.499036  0.502886  0.427301  0.876040  0.815707  0.516804  0.417186  0.798109  0.487115  0.623849  0.609759 0.0  0.399639  0.888155  0.752107 
28  0.676304  0.667404  0.978957  0.776349  0.737109  0.683288  0.753490  0.736001  0.634451  0.835831  0.632380  0.502479  0.666145  0.690237  0.552515  0.817015  0.562049  0.477445  0.308224  0.933903  0.944785  0.506667  0.445815  0.817232  0.413186  0.406652  0.490420  0.399639 0.0  0.812011  0.898363 
29  0.821287  0.897796  0.395523  0.894387  0.777194  0.925183  0.846629  0.838818  0.819576  0.838114  0.783243  0.866515  0.790114  0.750394  0.852668  0.801038  0.871212  0.865732  0.775136  0.309037  0.499494  0.836048  0.832335  0.776937  0.886899  0.890089  0.942067  0.888155  0.812011 0.0  0.863389 
30  0.381898  0.821462  0.753638  0.807831  0.808915  0.817545  0.410318  0.811460  0.731493  0.891354  0.743540  0.870972  0.810848  0.746676  0.777559  0.462640  0.906615  0.714545  0.837087  0.766288  0.771466  0.906576  0.731287  0.700663  0.736402  0.811796  0.783581  0.752107  0.898363  0.863389 0.0 
