31
0 0.0  0.935030  0.578286  0.815276  0.643025  0.286322  0.962666  0.741396  0.395503  0.631528  0.393925  0.490763  0.852909  0.544860  0.884598  0.798331  0.941582  0.810829  0.767026  0.910207  0.689581  0.760531  0.421688  0.526977  0.277948  0.504297  0.882421  0.424581  0.451302  0.887240  0.481584 
1  0.935030 0.0  0.842901  0.870541  0.874410  0.849001  0.348782  0.769039  0.914023  0.907841  0.794468  0.961968  0.864650  0.852686  0.936818  0.959180  0.880199  0.799632  0.792025  0.789724  0.884447  0.832878  0.927229  0.795441  0.857274  0.960141  0.789984  0.925630  0.886991  0.908098  0.900838 
2  0.578286  0.842901 0.0  0.888106  0.352066  0.587915  0.786147  0.813199  0.681297  0.428039  0.631485  0.581138  0.804685  0.659962  0.782611  0.631601  0.882828  0.747651  0.762090  0.899311  0.561973  0.770989  0.769377  0.556413  0.676056  0.698654  0.812668  0.573873  0.643920  0.920887  0.640392 
3  0.815276  0.870541  0.888106 0.0  0.882018  0.703444  0.940658  0.767529  0.763435  0.972887  0.894037  0.857474  0.866046  0.797678  0.903339  0.835158  0.935063  0.803302  0.893455  0.277055  0.853065  0.848230  0.883402  0.836406  0.863853  0.854060  0.808396  0.784054  0.810250  0.787713  0.873924 
4  0.643025  0.874410  0.352066  0.882018 0.0  0.762698  0.801387  0.785865  0.653484  0.308311  0.723013  0.695987  0.927381  0.641789  0.854051  0.746424  0.937415  0.782407  0.759468  0.718741  0.598202  0.850951  0.611202  0.631461  0.589097  0.717771  0.848560  0.629606  0.661747  0.804710  0.586862 
5  0.286322  0.849001  0.587915  0.703444  0.762698 0.0  0.874625  0.840064  0.334931  0.691713  0.393043  0.544060  0.789909  0.499777  0.793996  0.849057  0.806613  0.875081  0.800274  0.772256  0.613438  0.799900  0.312087  0.475753  0.252448  0.537508  0.784692  0.455544  0.644481  0.930985  0.479160 
6  0.962666  0.348782  0.786147  0.940658  0.801387  0.874625 0.0  0.786614  0.863974  0.880115  0.862633  0.825828  0.875827  0.921722  0.840576  0.788168  0.847340  0.913513  0.745322  0.796289  0.872953  0.719767  0.840262  0.877882  0.936337  0.872633  0.792527  0.940114  0.890145  0.863823  0.892444 
7  0.741396  0.769039  0.813199  0.767529  0.785865  0.840064  0.786614 0.0  0.701839  0.852442  0.892026  0.820833  0.776135  0.773559  0.818335  0.767521  0.801942  0.824661  0.829912  0.772306  0.742322  0.530210  0.735029  0.755083  0.680846  0.747520  0.480975  0.765993  0.747758  0.700980  0.753538 
8  0.395503  0.914023  0.681297  0.763435  0.653484  0.334931  0.863974  0.701839 0.0  0.720248  0.548074  0.509630  0.985771  0.577853  0.870231  0.873129  0.921982  0.820790  0.758074  0.821332  0.578437  0.866868  0.319158  0.419668  0.371158  0.497933  0.760520  0.503485  0.411091  0.937034  0.467273 
9  0.631528  0.907841  0.428039  0.972887  0.308311  0.691713  0.880115  0.852442  0.720248 0.0  0.603379  0.651585  0.831375  0.688577  0.764248  0.665288  0.947760  0.801011  0.793886  0.836889  0.492562  0.825574  0.689947  0.601766  0.708305  0.650555  0.860712  0.751484  0.608604  0.926612  0.576269 
10  0.393925  0.794468  0.631485  0.894037  0.723013  0.393043  0.862633  0.892026  0.548074  0.603379 0.0  0.439560  0.927159  0.379652  0.788053  0.815007  0.774952  0.738583  0.706432  0.799761  0.585602  0.885154  0.381990  0.419378  0.407193  0.448647  0.735115  0.419212  0.474405  0.809061  0.300875 
11  0.490763  0.961968  0.581138  0.857474  0.695987  0.544060  0.825828  0.820833  0.509630  0.651585  0.439560 0.0  0.894037  0.514523  0.885704  0.837570  0.859823  0.892891  0.798229  0.846971  0.659484  0.744146  0.530615  0.360929  0.529825  0.545846  0.769192  0.429988  0.539963  0.807195  0.471250 
12  0.852909  0.864650  0.804685  0.866046  0.927381  0.789909  0.875827  0.776135  0.985771  0.831375  0.927159  0.894037 0.0  0.874369  0.526050  0.506296  0.395764  0.796088  0.755725  0.860895  0.844771  0.839941  0.793022  0.848109  0.843319  0.829070  0.817638  0.967653  0.896049  0.399818  0.830823 
13  0.544860  0.852686  0.659962  0.797678  0.641789  0.499777  0.921722  0.773559  0.577853  0.688577  0.379652  0.514523  0.874369 0.0  0.800345  0.713038  0.824467  0.812333  0.772477  0.793250  0.684347  0.791873  0.550513  0.500044  0.536478  0.636007  0.874275  0.587656  0.347349  0.932906  0.565308 
14  0.884598  0.936818  0.782611  0.903339  0.854051  0.793996  0.840576  0.818335  0.870231  0.764248  0.788053  0.885704  0.526050  0.800345 0.0  0.494166  0.508943  0.818036  0.773464  0.817922  1.000000  0.826070  0.870855  0.772430  0.813752  0.819593  0.883293  0.855354  0.887997  0.515048  0.773011 
15  0.798331  0.959180  0.631601  0.835158  0.746424  0.849057  0.788168  0.767521  0.873129  0.665288  0.815007  0.837570  0.506296  0.713038  0.494166 0.0  0.414278  0.825306  0.857138  0.771905  0.845046  0.929985  0.929181  0.842672  0.741364  0.900984  0.826951  0.811258  0.763990  0.361624  0.753617 
16  0.941582  0.880199  0.882828  0.935063  0.937415  0.806613  0.847340  0.801942  0.921982  0.947760  0.774952  0.859823  0.395764  0.824467  0.508943  0.414278 0.0  0.759269  0.736891  0.765037  0.843667  0.778924  0.713666  0.802687  0.847724  0.771890  0.857494  0.898942  0.857912  0.380354  0.865548 
17  0.810829  0.799632  0.747651  0.803302  0.782407  0.875081  0.913513  0.824661  0.820790  0.801011  0.738583  0.892891  0.796088  0.812333  0.818036  0.825306  0.759269 0.0  0.800138  0.733818  0.797463  0.724826  0.815704  0.795151  0.767803  0.765781  0.775715  0.815266  0.786481  0.859296  0.879925 
18  0.767026  0.792025  0.762090  0.893455  0.759468  0.800274  0.745322  0.829912  0.758074  0.793886  0.706432  0.798229  0.755725  0.772477  0.773464  0.857138  0.736891  0.800138 0.0  0.685786  0.714509  0.780785  0.705697  0.819180  0.820258  0.701161  0.844796  0.807735  0.736626  0.784209  0.837643 
19  0.910207  0.789724  0.899311  0.277055  0.718741  0.772256  0.796289  0.772306  0.821332  0.836889  0.799761  0.846971  0.860895  0.793250  0.817922  0.771905  0.765037  0.733818  0.685786 0.0  0.897836  0.809435  0.800200  0.920989  0.846786  0.787212  0.690217  0.938881  0.786986  0.891567  0.819576 
20  0.689581  0.884447  0.561973  0.853065  0.598202  0.613438  0.872953  0.742322  0.578437  0.492562  0.585602  0.659484  0.844771  0.684347  1.000000  0.845046  0.843667  0.797463  0.714509  0.897836 0.0  0.745403  0.556275  0.508012  0.678145  0.604841  0.735181  0.655594  0.612783  0.844229  0.693654 
21  0.760531  0.832878  0.770989  0.848230  0.850951  0.799900  0.719767  0.530210  0.866868  0.825574  0.885154  0.744146  0.839941  0.791873  0.826070  0.929985  0.778924  0.724826  0.780785  0.809435  0.745403 0.0  0.766934  0.827199  0.708876  0.797904  0.344935  0.745132  0.779220  0.720513  0.790817 
22  0.421688  0.927229  0.769377  0.883402  0.611202  0.312087  0.840262  0.735029  0.319158  0.689947  0.381990  0.530615  0.793022  0.550513  0.870855  0.929181  0.713666  0.815704  0.705697  0.800200  0.556275  0.766934 0.0  0.555035  0.445492  0.621634  0.912387  0.567306  0.465733  0.820572  0.527845 
23  0.526977  0.795441  0.556413  0.836406  0.631461  0.475753  0.877882  0.755083  0.419668  0.601766  0.419378  0.360929  0.848109  0.500044  0.772430  0.842672  0.802687  0.795151  0.819180  0.920989  0.508012  0.827199  0.555035 0.0  0.399246  0.413081  0.860477  0.381575  0.441434  0.884557  0.349210 
24  0.277948  0.857274  0.676056  0.863853  0.589097  0.252448  0.936337  0.680846  0.371158  0.708305  0.407193  0.529825  0.843319  0.536478  0.813752  0.741364  0.847724  0.767803  0.820258  0.846786  0.678145  0.708876  0.445492  0.399246 0.0  0.507355  0.750421  0.416146  0.420120  0.853859  0.417164 
25  0.504297  0.960141  0.698654  0.854060  0.717771  0.537508  0.872633  0.747520  0.497933  0.650555  0.448647  0.545846  0.829070  0.636007  0.819593  0.900984  0.771890  0.765781  0.701161  0.787212  0.604841  0.797904  0.621634  0.413081  0.507355 0.0  0.767644  0.364167  0.490664  0.758062  0.464427 
26  0.882421  0.789984  0.812668  0.808396  0.848560  0.784692  0.792527  0.480975  0.760520  0.860712  0.735115  0.769192  0.817638  0.874275  0.883293  0.826951  0.857494  0.775715  0.844796  0.690217  0.735181  0.344935  0.912387  0.860477  0.750421  0.767644 0.0  0.825669  0.811426  0.795151  0.873095 
27  0.424581  0.925630  0.573873  0.784054  0.629606  0.455544  0.940114  0.765993  0.503485  0.751484  0.419212  0.429988  0.967653  0.587656  0.855354  0.811258  0.898942  0.815266  0.807735  0.938881  0.655594  0.745132  0.567306  0.381575  0.416146  0.364167  0.825669 0.0  0.529029  0.811091  0.480176 
28  0.451302  0.886991  0.643920  0.810250  0.661747  0.644481  0.890145  0.747758  0.411091  0.608604  0.474405  0.539963  0.896049  0.347349  0.887997  0.763990  0.857912  0.786481  0.736626  0.786986  0.612783  0.779220  0.465733  0.441434  0.420120  0.490664  0.811426  0.529029 0.0  0.772581  0.606603 
29  0.887240  0.908098  0.920887  0.787713  0.804710  0.930985  0.863823  0.700980  0.937034  0.926612  0.809061  0.807195  0.399818  0.932906  0.515048  0.361624  0.380354  0.859296  0.784209  0.891567  0.844229  0.720513  0.820572  0.884557  0.853859  0.758062  0.795151  0.811091  0.772581 0.0  0.931781 
30  0.481584  0.900838  0.640392  0.873924  0.586862  0.479160  0.892444  0.753538  0.467273  0.576269  0.300875  0.471250  0.830823  0.565308  0.773011  0.753617  0.865548  0.879925  0.837643  0.819576  0.693654  0.790817  0.527845  0.349210  0.417164  0.464427  0.873095  0.480176  0.606603  0.931781 0.0 
