31
0 0.0  0.872528  0.801714  0.874891  0.810404  0.382315  0.489860  0.861728  0.498507  0.952665  0.866750  0.865692  0.906642  0.844069  0.873804  0.675921  0.668772  0.331367  0.706366  0.538168  0.665157  0.538776  0.875749  0.781913  0.801404  0.423257  0.758755  0.788998  0.863907  0.561071  0.782007 
1  0.872528 0.0  0.799971  0.889411  0.745230  0.730764  0.782059  0.844017  0.878852  0.811640  0.749631  0.936349  0.818091  0.340388  0.721970  0.821980  0.682152  0.716981  0.844254  0.896079  0.826394  0.942883  0.908918  0.821674  0.922582  0.874597  0.762976  0.896544  0.346071  0.846148  0.785948 
2  0.801714  0.799971 0.0  0.351645  0.775160  0.866276  0.777376  0.712813  0.841792  0.773470  0.339112  0.885873  0.787254  0.781588  0.806270  0.755983  0.646329  0.764731  0.813454  0.937494  0.754796  0.839367  0.798416  0.736093  0.529650  0.811237  0.802895  0.739955  0.725605  0.911610  0.756175 
3  0.874891  0.889411  0.351645 0.0  0.780507  0.804869  0.759039  0.693977  0.814705  0.773266  0.396614  0.932767  0.764954  0.825445  0.709851  0.800886  0.611544  0.749009  0.769113  0.771370  0.834142  0.878064  0.890712  0.759699  0.394946  0.837505  0.834864  0.809536  0.792537  0.880788  0.757018 
4  0.810404  0.745230  0.775160  0.780507 0.0  0.815673  0.738644  0.763870  0.702429  0.839736  0.858256  0.522327  0.456954  0.764047  0.728139  0.810020  0.732909  0.908427  0.815872  0.819052  0.638295  0.824467  0.506662  0.781833  0.794452  0.790991  0.450313  0.815697  0.870591  0.687802  0.787434 
5  0.382315  0.730764  0.866276  0.804869  0.815673 0.0  0.479786  0.791700  0.504235  0.898019  0.741510  0.826222  0.919171  0.786468  0.815875  0.592368  0.562590  0.448616  0.618723  0.483702  0.635749  0.408838  0.830143  0.818984  0.832088  0.549792  0.844908  0.600774  0.833139  0.481056  0.787374 
6  0.489860  0.782059  0.777376  0.759039  0.738644  0.479786 0.0  0.782608  0.404079  0.890229  0.883863  0.834932  0.803320  0.821535  0.820006  0.583886  0.732173  0.372885  0.524810  0.433683  0.568091  0.403434  0.699433  0.893167  0.759929  0.374429  0.883329  0.551052  0.866683  0.499925  0.791972 
7  0.861728  0.844017  0.712813  0.693977  0.763870  0.791700  0.782608 0.0  0.832636  0.881551  0.831623  0.790812  0.797873  0.678970  0.801915  0.792904  0.709701  0.749378  0.684641  0.706532  0.875197  0.823650  0.756783  0.280570  0.819510  0.794465  0.720532  0.779165  0.674995  0.794576  0.763193 
8  0.498507  0.878852  0.841792  0.814705  0.702429  0.504235  0.404079  0.832636 0.0  0.890485  0.797587  0.715496  0.885134  0.888297  0.746073  0.693611  0.578803  0.415985  0.719546  0.218088  0.621594  0.516896  0.746829  0.737081  0.919218  0.365608  0.815270  0.618561  0.990404  0.408965  0.794520 
9  0.952665  0.811640  0.773470  0.773266  0.839736  0.898019  0.890229  0.881551  0.890485 0.0  0.839264  0.879860  0.799799  0.816693  0.753208  0.766163  0.685765  0.919396  0.973337  0.908272  0.918656  0.883664  0.833056  0.649720  0.883015  0.849759  0.811982  0.865726  0.953586  0.910352  0.541206 
10  0.866750  0.749631  0.339112  0.396614  0.858256  0.741510  0.883863  0.831623  0.797587  0.839264 0.0  0.697244  0.763009  0.777055  0.897646  0.780279  0.736269  0.951058  0.778378  0.842556  0.774726  0.915049  0.824896  0.735520  0.328972  0.891109  0.729091  0.882423  0.778126  0.808621  0.827207 
11  0.865692  0.936349  0.885873  0.932767  0.522327  0.826222  0.834932  0.790812  0.715496  0.879860  0.697244 0.0  0.659694  0.845085  0.747603  0.761506  0.748843  0.759450  0.792604  0.825456  0.736279  0.695572  0.516490  0.790059  0.797195  0.834421  0.446982  0.813819  0.837100  0.648672  0.794700 
12  0.906642  0.818091  0.787254  0.764954  0.456954  0.919171  0.803320  0.797873  0.885134  0.799799  0.763009  0.659694 0.0  0.795532  0.803327  0.805033  0.702608  0.762824  0.762396  0.759781  0.709406  0.807674  0.517852  0.709687  0.811414  0.830053  0.553323  0.881196  0.823943  0.907735  0.723734 
13  0.844069  0.340388  0.781588  0.825445  0.764047  0.786468  0.821535  0.678970  0.888297  0.816693  0.777055  0.845085  0.795532 0.0  0.666021  0.751774  0.617786  0.839305  0.802333  0.834187  0.795833  0.851552  0.834524  0.670584  0.792364  0.897882  0.734165  0.769106  0.366613  0.895610  0.779473 
14  0.873804  0.721970  0.806270  0.709851  0.728139  0.815875  0.820006  0.801915  0.746073  0.753208  0.897646  0.747603  0.803327  0.666021 0.0  0.675092  0.678142  0.682334  0.814114  0.796490  0.749710  0.741591  0.705051  0.794367  0.746111  0.837923  0.730138  0.740043  0.776164  0.698076  0.845600 
15  0.675921  0.821980  0.755983  0.800886  0.810020  0.592368  0.583886  0.792904  0.693611  0.766163  0.780279  0.761506  0.805033  0.751774  0.675092 0.0  0.567082  0.522683  0.386730  0.631001  0.544916  0.686243  0.743292  0.869689  0.820697  0.608227  0.717095  0.278157  0.875810  0.711255  0.884485 
16  0.668772  0.682152  0.646329  0.611544  0.732909  0.562590  0.732173  0.709701  0.578803  0.685765  0.736269  0.748843  0.702608  0.617786  0.678142  0.567082 0.0  0.614731  0.648983  0.644614  0.666803  0.691979  0.782218  0.776525  0.530811  0.594384  0.600187  0.735634  0.731232  0.576097  0.616850 
17  0.331367  0.716981  0.764731  0.749009  0.908427  0.448616  0.372885  0.749378  0.415985  0.919396  0.951058  0.759450  0.762824  0.839305  0.682334  0.522683  0.614731 0.0  0.630559  0.501583  0.594938  0.437744  0.757297  0.819450  0.743856  0.372426  0.825335  0.661317  0.781914  0.478977  0.818250 
18  0.706366  0.844254  0.813454  0.769113  0.815872  0.618723  0.524810  0.684641  0.719546  0.973337  0.778378  0.792604  0.762396  0.802333  0.814114  0.386730  0.648983  0.630559 0.0  0.675338  0.559821  0.644546  0.787309  0.706793  0.834113  0.660412  0.780610  0.383380  0.900237  0.654365  0.768252 
19  0.538168  0.896079  0.937494  0.771370  0.819052  0.483702  0.433683  0.706532  0.218088  0.908272  0.842556  0.825456  0.759781  0.834187  0.796490  0.631001  0.644614  0.501583  0.675338 0.0  0.660976  0.397616  0.848475  0.827734  0.883080  0.326993  0.820520  0.761401  0.909227  0.280520  0.761768 
20  0.665157  0.826394  0.754796  0.834142  0.638295  0.635749  0.568091  0.875197  0.621594  0.918656  0.774726  0.736279  0.709406  0.795833  0.749710  0.544916  0.666803  0.594938  0.559821  0.660976 0.0  0.749468  0.822297  0.806335  0.841039  0.657006  0.854137  0.491438  0.981229  0.612174  0.804915 
21  0.538776  0.942883  0.839367  0.878064  0.824467  0.408838  0.403434  0.823650  0.516896  0.883664  0.915049  0.695572  0.807674  0.851552  0.741591  0.686243  0.691979  0.437744  0.644546  0.397616  0.749468 0.0  0.890260  0.756525  0.762397  0.451387  0.779829  0.687766  0.923512  0.567909  0.888629 
22  0.875749  0.908918  0.798416  0.890712  0.506662  0.830143  0.699433  0.756783  0.746829  0.833056  0.824896  0.516490  0.517852  0.834524  0.705051  0.743292  0.782218  0.757297  0.787309  0.848475  0.822297  0.890260 0.0  0.827798  0.837659  0.860573  0.520494  0.762301  0.826974  0.767171  0.558123 
23  0.781913  0.821674  0.736093  0.759699  0.781833  0.818984  0.893167  0.280570  0.737081  0.649720  0.735520  0.790059  0.709687  0.670584  0.794367  0.869689  0.776525  0.819450  0.706793  0.827734  0.806335  0.756525  0.827798 0.0  0.896225  0.787036  0.743655  0.756319  0.776338  0.688999  0.752365 
24  0.801404  0.922582  0.529650  0.394946  0.794452  0.832088  0.759929  0.819510  0.919218  0.883015  0.328972  0.797195  0.811414  0.792364  0.746111  0.820697  0.530811  0.743856  0.834113  0.883080  0.841039  0.762397  0.837659  0.896225 0.0  0.835603  1.000000  0.809391  0.893589  0.834424  0.894135 
25  0.423257  0.874597  0.811237  0.837505  0.790991  0.549792  0.374429  0.794465  0.365608  0.849759  0.891109  0.834421  0.830053  0.897882  0.837923  0.608227  0.594384  0.372426  0.660412  0.326993  0.657006  0.451387  0.860573  0.787036  0.835603 0.0  0.791779  0.664284  0.797166  0.327677  0.774441 
26  0.758755  0.762976  0.802895  0.834864  0.450313  0.844908  0.883329  0.720532  0.815270  0.811982  0.729091  0.446982  0.553323  0.734165  0.730138  0.717095  0.600187  0.825335  0.780610  0.820520  0.854137  0.779829  0.520494  0.743655  1.000000  0.791779 0.0  0.758582  0.920419  0.782611  0.925174 
27  0.788998  0.896544  0.739955  0.809536  0.815697  0.600774  0.551052  0.779165  0.618561  0.865726  0.882423  0.813819  0.881196  0.769106  0.740043  0.278157  0.735634  0.661317  0.383380  0.761401  0.491438  0.687766  0.762301  0.756319  0.809391  0.664284  0.758582 0.0  0.873159  0.669468  0.784617 
28  0.863907  0.346071  0.725605  0.792537  0.870591  0.833139  0.866683  0.674995  0.990404  0.953586  0.778126  0.837100  0.823943  0.366613  0.776164  0.875810  0.731232  0.781914  0.900237  0.909227  0.981229  0.923512  0.826974  0.776338  0.893589  0.797166  0.920419  0.873159 0.0  0.742524  0.885840 
29  0.561071  0.846148  0.911610  0.880788  0.687802  0.481056  0.499925  0.794576  0.408965  0.910352  0.808621  0.648672  0.907735  0.895610  0.698076  0.711255  0.576097  0.478977  0.654365  0.280520  0.612174  0.567909  0.767171  0.688999  0.834424  0.327677  0.782611  0.669468  0.742524 0.0  0.873567 
30  0.782007  0.785948  0.756175  0.757018  0.787434  0.787374  0.791972  0.763193  0.794520  0.541206  0.827207  0.794700  0.723734  0.779473  0.845600  0.884485  0.616850  0.818250  0.768252  0.761768  0.804915  0.888629  0.558123  0.752365  0.894135  0.774441  0.925174  0.784617  0.885840  0.873567 0.0 
