31
0 0.0  0.778329  0.879542  0.831014  0.805406  0.926218  0.667955  0.685714  0.962333  0.845395  0.621688  0.547648  0.613425  0.866900  0.856526  0.618633  0.846759  0.850256  0.797866  0.613968  0.496622  0.809827  0.611321  0.644380  0.824775  0.723206  0.653777  0.784664  0.690348  0.794409  0.677195 
1  0.778329 0.0  0.745001  0.650643  0.791794  0.734494  0.816764  0.700254  0.810392  0.664128  0.794479  0.862983  0.714342  0.811525  0.835997  0.771868  0.708683  0.728019  0.859167  0.775189  0.655660  0.765095  0.751281  0.818923  0.764351  0.658596  0.745558  0.773747  0.777704  0.754674  0.654608 
2  0.879542  0.745001 0.0  0.846732  0.774902  0.875639  0.853002  0.828770  0.415296  0.747529  0.968370  0.851288  0.906852  0.990138  0.788074  0.920645  0.843480  0.853175  0.845525  0.890149  0.930357  0.858521  0.719042  0.929983  0.616386  0.896954  0.940999  0.895873  0.869932  0.861334  0.884798 
3  0.831014  0.650643  0.846732 0.0  0.798184  0.735111  0.865047  0.798061  0.759733  0.894076  0.858449  0.846618  0.879385  0.360301  0.288884  0.852736  0.812143  0.918399  0.797355  0.726993  0.938448  0.445880  0.814237  0.887620  0.717202  0.899387  0.963625  0.758476  0.851726  0.362939  0.790851 
4  0.805406  0.791794  0.774902  0.798184 0.0  0.801425  0.824732  0.897993  0.747503  0.703335  0.716207  0.787986  0.701575  0.643875  0.708957  0.696274  0.628894  0.458349  0.271771  0.856159  0.787122  0.781323  0.736171  0.753901  0.771354  0.555970  0.806086  0.559528  0.884323  0.724613  0.742288 
5  0.926218  0.734494  0.875639  0.735111  0.801425 0.0  0.807556  0.773849  0.754082  0.314434  0.756236  0.836474  0.799755  0.843244  0.858349  0.777151  0.723891  0.904658  0.685681  0.838909  0.901570  0.858186  0.763828  0.709817  0.841456  0.764095  0.761868  0.754955  0.825260  0.863109  0.885823 
6  0.667955  0.816764  0.853002  0.865047  0.824732  0.807556 0.0  0.488458  0.762731  0.736592  0.464829  0.421372  0.503075  0.802958  0.829163  0.463182  0.861788  0.877938  0.814730  0.505146  0.670470  0.859821  0.436204  0.469603  0.681760  0.892259  0.412976  0.722592  0.394252  0.853568  0.318152 
7  0.685714  0.700254  0.828770  0.798061  0.897993  0.773849  0.488458 0.0  0.941142  0.782490  0.516920  0.441922  0.504137  0.804607  0.855997  0.292777  0.822356  0.824671  0.775960  0.511554  0.671364  0.800488  0.477050  0.338277  0.880111  0.762059  0.603085  0.778193  0.420325  0.801161  0.536760 
8  0.962333  0.810392  0.415296  0.759733  0.747503  0.754082  0.762731  0.941142 0.0  0.736929  0.905008  0.728675  0.875089  0.789539  0.926163  0.845441  0.841236  0.814778  0.763531  0.844279  0.805752  0.837467  0.897021  0.883179  0.569492  0.871886  0.848741  0.708560  0.781745  0.801276  0.866720 
9  0.845395  0.664128  0.747529  0.894076  0.703335  0.314434  0.736592  0.782490  0.736929 0.0  0.751395  0.796087  0.840104  0.894044  0.742853  0.856448  0.750383  0.812616  0.822162  0.870791  0.813291  0.784959  0.833055  0.795114  0.819117  0.929103  0.765892  0.774541  0.940381  0.772221  0.768210 
10  0.621688  0.794479  0.968370  0.858449  0.716207  0.756236  0.464829  0.516920  0.905008  0.751395 0.0  0.377651  0.462552  0.909255  0.877014  0.493781  0.801921  0.808354  0.784016  0.531298  0.662263  0.787301  0.441157  0.420631  0.791776  0.849697  0.409925  0.905808  0.324986  0.917406  0.374965 
11  0.547648  0.862983  0.851288  0.846618  0.787986  0.836474  0.421372  0.441922  0.728675  0.796087  0.377651 0.0  0.515184  0.824939  0.867667  0.468646  0.802768  0.916931  0.728732  0.419195  0.573363  0.785388  0.470312  0.466406  0.732177  0.777217  0.361754  0.785926  0.407204  0.867474  0.394406 
12  0.613425  0.714342  0.906852  0.879385  0.701575  0.799755  0.503075  0.504137  0.875089  0.840104  0.462552  0.515184 0.0  0.879675  0.873659  0.504121  0.874936  0.708268  0.813078  0.450129  0.661494  0.812160  0.259810  0.501881  0.824938  0.809801  0.470209  0.787092  0.474462  0.922576  0.541978 
13  0.866900  0.811525  0.990138  0.360301  0.643875  0.843244  0.802958  0.804607  0.789539  0.894044  0.909255  0.824939  0.879675 0.0  0.449335  0.879392  0.871495  0.755523  0.715449  0.804375  0.824027  0.582769  0.920001  0.814068  0.772349  0.840069  0.872672  0.710502  0.926198  0.352156  0.919770 
14  0.856526  0.835997  0.788074  0.288884  0.708957  0.858349  0.829163  0.855997  0.926163  0.742853  0.877014  0.867667  0.873659  0.449335 0.0  0.860218  0.727348  0.854128  0.731770  0.821106  0.876805  0.465217  0.901403  0.877155  0.861609  0.740587  0.893856  0.803782  0.881273  0.281041  0.848126 
15  0.618633  0.771868  0.920645  0.852736  0.696274  0.777151  0.463182  0.292777  0.845441  0.856448  0.493781  0.468646  0.504121  0.879392  0.860218 0.0  0.838510  0.780103  0.848794  0.489960  0.591395  0.847618  0.582516  0.298862  0.906008  0.873857  0.470001  0.889553  0.541472  0.936122  0.443647 
16  0.846759  0.708683  0.843480  0.812143  0.628894  0.723891  0.861788  0.822356  0.841236  0.750383  0.801921  0.802768  0.874936  0.871495  0.727348  0.838510 0.0  0.580302  0.593307  0.836684  0.760606  0.795478  0.845286  0.820059  0.723818  0.638157  0.857612  0.607855  0.815109  0.831649  0.823900 
17  0.850256  0.728019  0.853175  0.918399  0.458349  0.904658  0.877938  0.824671  0.814778  0.812616  0.808354  0.916931  0.708268  0.755523  0.854128  0.780103  0.580302 0.0  0.579404  0.865421  0.671517  0.760561  0.896251  0.771235  0.802155  0.335648  0.821654  0.509062  0.845793  0.723250  0.829593 
18  0.797866  0.859167  0.845525  0.797355  0.271771  0.685681  0.814730  0.775960  0.763531  0.822162  0.784016  0.728732  0.813078  0.715449  0.731770  0.848794  0.593307  0.579404 0.0  0.779868  0.794078  0.763109  0.826775  0.694381  0.781441  0.573618  0.833686  0.531275  0.764623  0.665797  0.768771 
19  0.613968  0.775189  0.890149  0.726993  0.856159  0.838909  0.505146  0.511554  0.844279  0.870791  0.531298  0.419195  0.450129  0.804375  0.821106  0.489960  0.836684  0.865421  0.779868 0.0  0.729574  0.810492  0.347505  0.492546  0.794590  0.809593  0.443257  0.863535  0.443489  0.840137  0.474362 
20  0.496622  0.655660  0.930357  0.938448  0.787122  0.901570  0.670470  0.671364  0.805752  0.813291  0.662263  0.573363  0.661494  0.824027  0.876805  0.591395  0.760606  0.671517  0.794078  0.729574 0.0  0.665385  0.615770  0.591159  0.717253  0.793028  0.814326  0.797576  0.706875  1.000000  0.722653 
21  0.809827  0.765095  0.858521  0.445880  0.781323  0.858186  0.859821  0.800488  0.837467  0.784959  0.787301  0.785388  0.812160  0.582769  0.465217  0.847618  0.795478  0.760561  0.763109  0.810492  0.665385 0.0  0.842845  0.815174  0.860996  0.912363  0.907911  0.862116  0.944281  0.564720  0.952126 
22  0.611321  0.751281  0.719042  0.814237  0.736171  0.763828  0.436204  0.477050  0.897021  0.833055  0.441157  0.470312  0.259810  0.920001  0.901403  0.582516  0.845286  0.896251  0.826775  0.347505  0.615770  0.842845 0.0  0.420304  0.953792  0.837925  0.537658  0.807866  0.551943  0.900284  0.496846 
23  0.644380  0.818923  0.929983  0.887620  0.753901  0.709817  0.469603  0.338277  0.883179  0.795114  0.420631  0.466406  0.501881  0.814068  0.877155  0.298862  0.820059  0.771235  0.694381  0.492546  0.591159  0.815174  0.420304 0.0  0.805970  0.820338  0.556978  0.940698  0.565953  0.819605  0.581922 
24  0.824775  0.764351  0.616386  0.717202  0.771354  0.841456  0.681760  0.880111  0.569492  0.819117  0.791776  0.732177  0.824938  0.772349  0.861609  0.906008  0.723818  0.802155  0.781441  0.794590  0.717253  0.860996  0.953792  0.805970 0.0  0.764736  0.815954  0.858431  0.854614  0.869354  0.865916 
25  0.723206  0.658596  0.896954  0.899387  0.555970  0.764095  0.892259  0.762059  0.871886  0.929103  0.849697  0.777217  0.809801  0.840069  0.740587  0.873857  0.638157  0.335648  0.573618  0.809593  0.793028  0.912363  0.837925  0.820338  0.764736 0.0  0.914235  0.354242  0.881870  0.772861  0.831405 
26  0.653777  0.745558  0.940999  0.963625  0.806086  0.761868  0.412976  0.603085  0.848741  0.765892  0.409925  0.361754  0.470209  0.872672  0.893856  0.470001  0.857612  0.821654  0.833686  0.443257  0.814326  0.907911  0.537658  0.556978  0.815954  0.914235 0.0  0.790051  0.544236  0.896822  0.309708 
27  0.784664  0.773747  0.895873  0.758476  0.559528  0.754955  0.722592  0.778193  0.708560  0.774541  0.905808  0.785926  0.787092  0.710502  0.803782  0.889553  0.607855  0.509062  0.531275  0.863535  0.797576  0.862116  0.807866  0.940698  0.858431  0.354242  0.790051 0.0  0.817960  0.783045  0.930875 
28  0.690348  0.777704  0.869932  0.851726  0.884323  0.825260  0.394252  0.420325  0.781745  0.940381  0.324986  0.407204  0.474462  0.926198  0.881273  0.541472  0.815109  0.845793  0.764623  0.443489  0.706875  0.944281  0.551943  0.565953  0.854614  0.881870  0.544236  0.817960 0.0  0.915797  0.455535 
29  0.794409  0.754674  0.861334  0.362939  0.724613  0.863109  0.853568  0.801161  0.801276  0.772221  0.917406  0.867474  0.922576  0.352156  0.281041  0.936122  0.831649  0.723250  0.665797  0.840137  1.000000  0.564720  0.900284  0.819605  0.869354  0.772861  0.896822  0.783045  0.915797 0.0  0.907898 
30  0.677195  0.654608  0.884798  0.790851  0.742288  0.885823  0.318152  0.536760  0.866720  0.768210  0.374965  0.394406  0.541978  0.919770  0.848126  0.443647  0.823900  0.829593  0.768771  0.474362  0.722653  0.952126  0.496846  0.581922  0.865916  0.831405  0.309708  0.930875  0.455535  0.907898 0.0 
