31
0 0.0  0.651887  0.401541  0.711970  0.612879  0.629853  0.920567  0.923364  0.602210  0.386594  0.769069  0.624141  0.723466  0.780510  0.717005  0.872688  0.560577  0.770731  0.889254  0.711137  0.903116  0.622132  0.812788  0.617797  0.893109  0.959299  0.587689  0.768361  0.857571  0.729537  0.992126 
1  0.651887 0.0  0.784710  0.672157  0.805977  0.744561  0.761786  0.848718  0.816881  0.891025  0.806184  0.798260  0.867994  0.725688  0.570227  0.987912  0.759554  0.314756  0.909943  0.693741  0.520763  0.787545  0.773719  0.863937  0.784783  0.817268  0.793025  0.482446  0.819000  0.756111  0.827152 
2  0.401541  0.784710 0.0  0.689288  0.654341  0.703667  0.806886  0.848111  0.695941  0.428805  0.736090  0.668219  0.618979  0.840033  0.687693  0.977264  0.533134  0.652400  0.886237  0.805129  0.849564  0.719431  0.883261  0.727639  0.759517  0.913795  0.611913  0.840133  0.897390  0.785278  0.801719 
3  0.711970  0.672157  0.689288 0.0  0.928732  0.851987  0.727376  0.801620  0.778590  0.781683  0.813946  0.795981  0.805593  0.800888  0.605585  0.871534  0.864868  0.647975  0.828909  0.708397  0.432892  0.823423  0.839748  0.898822  0.814474  0.830442  0.782987  0.540408  0.826144  0.778296  0.852125 
4  0.612879  0.805977  0.654341  0.928732 0.0  0.455522  0.785480  0.821135  0.394647  0.636247  0.679990  0.468721  0.468940  0.787942  0.673643  0.919499  0.439792  0.915867  0.792137  0.770039  0.844488  0.480835  0.748133  0.518936  0.820139  0.916399  0.444842  0.844072  1.000000  0.805560  0.755461 
5  0.629853  0.744561  0.703667  0.851987  0.455522 0.0  0.840737  0.841568  0.483997  0.591128  0.701679  0.410785  0.475925  0.709485  0.683671  0.939576  0.611244  0.837876  0.868855  0.751984  0.915139  0.618760  0.781931  0.513027  0.937160  0.863518  0.488593  0.748077  0.704786  0.960874  0.874778 
6  0.920567  0.761786  0.806886  0.727376  0.785480  0.840737 0.0  0.645170  0.734251  0.804757  0.882380  0.825492  0.763236  0.841000  0.612228  0.801157  0.728982  0.863317  0.623099  0.799332  0.636693  0.785617  0.796991  0.750640  0.752899  0.809480  0.841647  0.824750  0.838992  0.901465  0.827526 
7  0.923364  0.848718  0.848111  0.801620  0.821135  0.841568  0.645170 0.0  0.852022  0.910808  0.771533  0.881134  0.851494  0.791977  0.642074  0.844939  0.819467  0.826641  0.348398  0.692437  0.774540  0.924985  0.834778  0.857642  0.795877  0.738327  0.844806  0.703074  0.862819  0.785195  0.897924 
8  0.602210  0.816881  0.695941  0.778590  0.394647  0.483997  0.734251  0.852022 0.0  0.575820  0.829520  0.554625  0.505334  0.740994  0.681024  0.861367  0.512983  0.768673  0.853137  0.767301  0.805316  0.535606  0.792023  0.509508  0.787370  0.887089  0.483066  0.711560  0.907391  0.816511  0.932122 
9  0.386594  0.891025  0.428805  0.781683  0.636247  0.591128  0.804757  0.910808  0.575820 0.0  0.828349  0.642038  0.684963  0.728731  0.677287  0.815171  0.611893  0.757746  0.944390  0.794975  0.729136  0.694622  0.754119  0.614659  0.839966  0.989446  0.703661  0.778044  0.840943  0.823082  0.879578 
10  0.769069  0.806184  0.736090  0.813946  0.679990  0.701679  0.882380  0.771533  0.829520  0.828349 0.0  0.694490  0.779394  0.810391  0.685085  0.689296  0.793331  0.754039  0.745293  0.766216  0.808872  0.839949  0.801192  0.816850  0.832857  0.751996  0.807803  0.746255  0.864252  0.740125  0.749006 
11  0.624141  0.798260  0.668219  0.795981  0.468721  0.410785  0.825492  0.881134  0.554625  0.642038  0.694490 0.0  0.554723  0.885570  0.563713  0.762450  0.427837  0.701778  0.742032  0.750906  0.797937  0.414186  0.813978  0.607890  0.843388  0.861117  0.282927  0.879293  0.864877  0.847370  0.836763 
12  0.723466  0.867994  0.618979  0.805593  0.468940  0.475925  0.763236  0.851494  0.505334  0.684963  0.779394  0.554723 0.0  0.786561  0.641281  0.849372  0.495731  0.756916  0.825149  0.751875  0.839028  0.393172  0.864780  0.285916  0.849416  0.861210  0.537008  0.774825  0.808956  0.787359  0.842115 
13  0.780510  0.725688  0.840033  0.800888  0.787942  0.709485  0.841000  0.791977  0.740994  0.728731  0.810391  0.885570  0.786561 0.0  0.724744  0.843211  0.942388  0.892607  0.886017  0.849263  0.808254  0.759771  0.809657  0.924973  0.404230  0.860430  0.889893  0.768881  0.840745  0.488651  0.827819 
14  0.717005  0.570227  0.687693  0.605585  0.673643  0.683671  0.612228  0.642074  0.681024  0.677287  0.685085  0.563713  0.641281  0.724744 0.0  0.783120  0.612635  0.643749  0.581023  0.768545  0.623333  0.573542  0.628067  0.557369  0.701984  0.666219  0.608208  0.678181  0.691493  0.673808  0.652125 
15  0.872688  0.987912  0.977264  0.871534  0.919499  0.939576  0.801157  0.844939  0.861367  0.815171  0.689296  0.762450  0.849372  0.843211  0.783120 0.0  0.808662  0.765245  0.750756  0.714116  0.818790  0.930767  0.485539  0.853536  0.794064  0.474682  0.787250  0.780071  0.216817  0.794004  0.399924 
16  0.560577  0.759554  0.533134  0.864868  0.439792  0.611244  0.728982  0.819467  0.512983  0.611893  0.793331  0.427837  0.495731  0.942388  0.612635  0.808662 0.0  0.875620  0.768460  0.761657  0.798254  0.555191  0.955580  0.481969  0.862485  0.843132  0.411678  0.780941  0.839431  0.876081  0.946587 
17  0.770731  0.314756  0.652400  0.647975  0.915867  0.837876  0.863317  0.826641  0.768673  0.757746  0.754039  0.701778  0.756916  0.892607  0.643749  0.765245  0.875620 0.0  0.770465  0.802170  0.646959  0.757546  0.784931  0.847095  0.748514  0.848860  0.799847  0.542317  0.813012  0.840063  0.890207 
18  0.889254  0.909943  0.886237  0.828909  0.792137  0.868855  0.623099  0.348398  0.853137  0.944390  0.745293  0.742032  0.825149  0.886017  0.581023  0.750756  0.768460  0.770465 0.0  0.707413  0.803327  0.932204  0.843940  0.827765  0.863394  0.839626  0.831727  0.728046  0.789258  0.828034  0.944614 
19  0.711137  0.693741  0.805129  0.708397  0.770039  0.751984  0.799332  0.692437  0.767301  0.794975  0.766216  0.750906  0.751875  0.849263  0.768545  0.714116  0.761657  0.802170  0.707413 0.0  0.855613  0.725259  0.674418  0.815087  0.796802  0.660386  0.864617  0.820280  0.709854  0.744720  0.744146 
20  0.903116  0.520763  0.849564  0.432892  0.844488  0.915139  0.636693  0.774540  0.805316  0.729136  0.808872  0.797937  0.839028  0.808254  0.623333  0.818790  0.798254  0.646959  0.803327  0.855613 0.0  0.819883  0.783947  0.819807  0.759632  0.806335  0.713085  0.432269  0.757245  0.705026  0.832440 
21  0.622132  0.787545  0.719431  0.823423  0.480835  0.618760  0.785617  0.924985  0.535606  0.694622  0.839949  0.414186  0.393172  0.759771  0.573542  0.930767  0.555191  0.757546  0.932204  0.725259  0.819883 0.0  0.747452  0.375065  0.756319  0.837817  0.480977  0.894598  0.846706  0.816131  0.701814 
22  0.812788  0.773719  0.883261  0.839748  0.748133  0.781931  0.796991  0.834778  0.792023  0.754119  0.801192  0.813978  0.864780  0.809657  0.628067  0.485539  0.955580  0.784931  0.843940  0.674418  0.783947  0.747452 0.0  0.792518  0.840626  0.454527  0.816329  0.817176  0.383488  0.849249  0.523244 
23  0.617797  0.863937  0.727639  0.898822  0.518936  0.513027  0.750640  0.857642  0.509508  0.614659  0.816850  0.607890  0.285916  0.924973  0.557369  0.853536  0.481969  0.847095  0.827765  0.815087  0.819807  0.375065  0.792518 0.0  0.876257  0.917026  0.488465  0.723515  0.908197  0.762011  0.861332 
24  0.893109  0.784783  0.759517  0.814474  0.820139  0.937160  0.752899  0.795877  0.787370  0.839966  0.832857  0.843388  0.849416  0.404230  0.701984  0.794064  0.862485  0.748514  0.863394  0.796802  0.759632  0.756319  0.840626  0.876257 0.0  0.802708  0.909519  0.843357  0.790703  0.490011  0.791635 
25  0.959299  0.817268  0.913795  0.830442  0.916399  0.863518  0.809480  0.738327  0.887089  0.989446  0.751996  0.861117  0.861210  0.860430  0.666219  0.474682  0.843132  0.848860  0.839626  0.660386  0.806335  0.837817  0.454527  0.917026  0.802708 0.0  0.833965  0.836446  0.290266  0.802806  0.399446 
26  0.587689  0.793025  0.611913  0.782987  0.444842  0.488593  0.841647  0.844806  0.483066  0.703661  0.807803  0.282927  0.537008  0.889893  0.608208  0.787250  0.411678  0.799847  0.831727  0.864617  0.713085  0.480977  0.816329  0.488465  0.909519  0.833965 0.0  0.784373  0.888670  0.840808  0.839342 
27  0.768361  0.482446  0.840133  0.540408  0.844072  0.748077  0.824750  0.703074  0.711560  0.778044  0.746255  0.879293  0.774825  0.768881  0.678181  0.780071  0.780941  0.542317  0.728046  0.820280  0.432269  0.894598  0.817176  0.723515  0.843357  0.836446  0.784373 0.0  0.770897  0.793588  0.676977 
28  0.857571  0.819000  0.897390  0.826144  1.000000  0.704786  0.838992  0.862819  0.907391  0.840943  0.864252  0.864877  0.808956  0.840745  0.691493  0.216817  0.839431  0.813012  0.789258  0.709854  0.757245  0.846706  0.383488  0.908197  0.790703  0.290266  0.888670  0.770897 0.0  0.832827  0.402670 
29  0.729537  0.756111  0.785278  0.778296  0.805560  0.960874  0.901465  0.785195  0.816511  0.823082  0.740125  0.847370  0.787359  0.488651  0.673808  0.794004  0.876081  0.840063  0.828034  0.744720  0.705026  0.816131  0.849249  0.762011  0.490011  0.802806  0.840808  0.793588  0.832827 0.0  0.746399 
30  0.992126  0.827152  0.801719  0.852125  0.755461  0.874778  0.827526  0.897924  0.932122  0.879578  0.749006  0.836763  0.842115  0.827819  0.652125  0.399924  0.946587  0.890207  0.944614  0.744146  0.832440  0.701814  0.523244  0.861332  0.791635  0.399446  0.839342  0.676977  0.402670  0.746399 0.0 
