61
0 0.0  0.277198  0.719537  0.721504  0.732674  0.522326  0.270641  0.218362  0.199970  0.292925  0.250536  0.369501  0.143638  0.215606  0.345234  0.527250  0.636155  0.451220  0.336842  0.110972  0.626303  0.557931  0.292278  0.607724  0.329006  0.324989  0.569166  0.078068  0.645467  0.544400  0.630129  0.292691  0.223987  0.542177  0.458548  0.236739  0.301874  0.604802  0.340576  0.444599  0.163095  0.273789  0.191504  0.378560  0.197304  0.532805  0.138881  0.535303  0.531817  0.248627  0.102473  0.176719  0.267882  0.456456  0.482370  0.251154  0.537700  0.560105  0.268454  0.332661  0.191837 
1  0.277198 0.0  0.410816  0.514236  0.425605  0.416297  0.391605  0.277969  0.415238  0.449169  0.313295  0.336338  0.467722  0.426681  0.427107  0.383132  0.390351  0.472493  0.308088  0.249897  0.394248  0.328814  0.078068  0.382435  0.278670  0.355573  0.448172  0.161148  0.410436  0.390518  0.408111  0.348736  0.078068  0.420447  0.337886  0.251152  0.390566  0.307534  0.279791  0.288348  0.264633  0.336888  0.188540  0.318055  0.272528  0.364891  0.274191  0.300916  0.523607  0.362971  0.257767  0.289632  0.418189  0.259410  0.348148  0.233375  0.343871  0.203714  0.547076  0.415563  0.193768 
2  0.719537  0.410816 0.0  0.172660  0.117956  0.374523  0.965396  0.640560  0.843189  0.820975  0.717506  0.754698  0.750704  0.749444  0.856571  0.423097  0.217477  0.770475  0.873677  0.764878  0.205619  0.231292  0.480662  0.237149  0.687403  0.652153  0.189778  0.719835  0.201306  0.193578  0.138237  0.671821  0.548980  0.139415  0.366931  0.623554  0.917064  0.235819  0.453481  0.285647  0.589314  0.722493  0.482328  0.239754  0.687535  0.242809  0.763004  0.300114  0.253867  0.839725  0.872418  0.821307  0.707588  0.282665  0.298191  0.634834  0.392676  0.166860  0.742644  0.809512  0.449002 
3  0.721504  0.514236  0.172660 0.0  0.159356  0.219803  0.780603  0.670561  0.679074  0.816673  0.659132  0.795414  0.788493  0.757357  0.867657  0.272752  0.219579  0.870726  0.908231  0.756889  0.206463  0.259241  0.600634  0.270171  0.700069  0.648280  0.234006  0.725784  0.100241  0.229539  0.118051  0.734228  0.411647  0.191625  0.248124  0.603589  0.937400  0.329999  0.378160  0.282927  0.625936  0.775288  0.685004  0.299097  0.701181  0.184201  0.760338  0.206285  0.311336  0.832585  0.753543  0.769812  0.638454  0.361332  0.256716  0.560035  0.278413  0.303416  0.717135  0.794956  0.612942 
4  0.732674  0.425605  0.117956  0.159356 0.0  0.142559  0.808259  0.599486  0.747745  0.900267  0.776667  0.707032  0.782326  0.829092  0.809343  0.147657  0.168064  0.783330  0.868129  0.698792  0.096492  0.171211  0.577312  0.107031  0.587166  0.551379  0.180538  0.556516  0.107615  0.202398  0.115830  0.717573  0.347699  0.099886  0.187756  0.519429  0.808224  0.204027  0.236575  0.195613  0.598371  0.796076  0.522901  0.188305  0.717876  0.234416  0.633966  0.146499  0.194579  0.753818  0.745284  0.683402  0.657793  0.321689  0.129570  0.532118  0.159517  0.224138  0.716930  0.774690  0.467885 
5  0.522326  0.416297  0.374523  0.219803  0.142559 0.0  0.722718  0.557636  0.754615  0.583974  0.443198  0.597864  0.572157  0.660063  0.692941  0.235927  0.213667  0.673747  0.720153  0.592126  0.115926  0.176116  0.399638  0.136309  0.452781  0.521544  0.261818  0.449391  0.149410  0.272352  0.264055  0.580539  0.369905  0.271376  0.078068  0.592346  0.728022  0.252277  0.353664  0.156772  0.559768  0.744103  0.368455  0.203923  0.507656  0.169516  0.503484  0.180001  0.297478  0.685087  0.448513  0.636126  0.468417  0.085027  0.078068  0.429090  0.194334  0.188027  0.670018  0.665748  0.289271 
6  0.270641  0.391605  0.965396  0.780603  0.808259  0.722718 0.0  0.225482  0.158888  0.078068  0.196244  0.145815  0.179968  0.121047  0.213539  0.604014  0.822881  0.232436  0.219575  0.159751  0.693806  0.597952  0.432532  0.754977  0.384830  0.350532  0.688914  0.300220  0.826519  0.723685  0.716834  0.291878  0.470870  0.821180  0.686956  0.144361  0.268595  0.641803  0.593845  0.635174  0.270954  0.198853  0.405419  0.660839  0.298140  0.672556  0.178275  0.600898  0.863004  0.106550  0.132350  0.230261  0.307880  0.665211  0.802221  0.339739  0.766766  0.622298  0.111028  0.201570  0.474346 
7  0.218362  0.277969  0.640560  0.670561  0.599486  0.557636  0.225482 0.0  0.256652  0.249859  0.125012  0.219112  0.212907  0.227870  0.387784  0.394718  0.486575  0.374963  0.357162  0.187081  0.400898  0.434662  0.229852  0.499701  0.343595  0.159683  0.616682  0.130606  0.493843  0.531898  0.699009  0.415821  0.187986  0.573043  0.525485  0.255830  0.336546  0.513947  0.251125  0.429647  0.191465  0.243176  0.240132  0.398764  0.157249  0.501046  0.133251  0.384010  0.705078  0.301991  0.180636  0.203651  0.306565  0.388076  0.442233  0.151120  0.497922  0.461044  0.230380  0.382790  0.254744 
8  0.199970  0.415238  0.843189  0.679074  0.747745  0.754615  0.158888  0.256652 0.0  0.255017  0.193832  0.167925  0.078068  0.078068  0.162231  0.620179  0.674276  0.253803  0.154628  0.205994  0.538940  0.659475  0.482306  0.856932  0.297659  0.309932  0.851732  0.278730  0.883660  0.734590  0.753950  0.174635  0.441783  0.804051  0.685223  0.198723  0.150109  0.525658  0.469561  0.660690  0.211447  0.162190  0.304904  0.714487  0.286735  0.745316  0.166812  0.625838  0.852077  0.156245  0.226600  0.281734  0.260702  0.659123  0.697568  0.271958  0.650906  0.674232  0.116470  0.098695  0.439051 
9  0.292925  0.449169  0.820975  0.816673  0.900267  0.583974  0.078068  0.249859  0.255017 0.0  0.195320  0.146471  0.078068  0.248028  0.234683  0.749204  0.680149  0.304263  0.298005  0.184603  0.682156  0.613277  0.237942  0.721923  0.192631  0.239800  0.718218  0.193887  0.798765  0.869135  0.809353  0.333352  0.322597  0.799024  0.675052  0.188268  0.275567  0.663096  0.523583  0.655179  0.341387  0.117713  0.406453  0.704679  0.242714  0.708153  0.255265  0.558358  0.881565  0.096939  0.146124  0.128374  0.250474  0.544913  0.683068  0.223860  0.728933  0.557188  0.127600  0.164467  0.365517 
10  0.250536  0.313295  0.717506  0.659132  0.776667  0.443198  0.196244  0.125012  0.193832  0.195320 0.0  0.138253  0.164308  0.180564  0.190722  0.644386  0.571809  0.275829  0.167470  0.104530  0.549792  0.613393  0.332888  0.593528  0.127060  0.286293  0.672271  0.169132  0.682833  0.519307  0.659432  0.112481  0.341968  0.749984  0.596883  0.078068  0.283512  0.413838  0.433544  0.436588  0.183925  0.124856  0.236563  0.467358  0.124957  0.593059  0.212367  0.558220  0.737259  0.340396  0.078915  0.257841  0.264944  0.402469  0.490855  0.298097  0.611711  0.503484  0.191219  0.097520  0.225723 
11  0.369501  0.336338  0.754698  0.795414  0.707032  0.597864  0.145815  0.219112  0.167925  0.146471  0.138253 0.0  0.092051  0.278121  0.088240  0.690812  0.653659  0.209155  0.254717  0.143063  0.585244  0.561957  0.354180  0.614902  0.166640  0.184571  0.679731  0.167578  0.737337  0.749779  0.690953  0.130043  0.216535  0.652755  0.587661  0.128974  0.263364  0.526825  0.451464  0.474163  0.227882  0.212509  0.241182  0.549652  0.233765  0.631922  0.257923  0.608618  0.829848  0.281314  0.107934  0.174061  0.179827  0.514253  0.531996  0.305895  0.548950  0.624932  0.175357  0.183392  0.414309 
12  0.143638  0.467722  0.750704  0.788493  0.782326  0.572157  0.179968  0.212907  0.078068  0.078068  0.164308  0.092051 0.0  0.165616  0.117748  0.768854  0.795404  0.209055  0.078068  0.302895  0.577600  0.677422  0.396835  0.745586  0.283583  0.285155  0.705743  0.309034  0.800067  0.781015  0.693643  0.209993  0.362299  0.707351  0.683190  0.113346  0.254461  0.571976  0.518242  0.561519  0.322626  0.189154  0.263051  0.578588  0.262834  0.705849  0.210529  0.612465  0.813282  0.119500  0.259949  0.217681  0.205348  0.600880  0.543212  0.319439  0.708869  0.659835  0.078068  0.078068  0.409794 
13  0.215606  0.426681  0.749444  0.757357  0.829092  0.660063  0.121047  0.227870  0.078068  0.248028  0.180564  0.278121  0.165616 0.0  0.122323  0.705406  0.795444  0.350441  0.078068  0.159285  0.620152  0.516637  0.435555  0.629796  0.171413  0.163297  0.771166  0.330195  0.861286  0.654947  0.606012  0.155966  0.269442  0.808433  0.539895  0.247991  0.270598  0.525295  0.465869  0.587634  0.288104  0.167346  0.284076  0.628536  0.147956  0.641552  0.091265  0.621827  0.816610  0.091662  0.158420  0.112821  0.158361  0.571387  0.662775  0.274223  0.578170  0.625892  0.078068  0.115679  0.431480 
14  0.345234  0.427107  0.856571  0.867657  0.809343  0.692941  0.213539  0.387784  0.162231  0.234683  0.190722  0.088240  0.117748  0.122323 0.0  0.827472  0.849093  0.173639  0.206568  0.220977  0.683095  0.575191  0.482929  0.686153  0.275649  0.274106  0.723140  0.231689  0.743482  0.714026  0.711663  0.235860  0.438184  0.699076  0.627105  0.234985  0.342083  0.635184  0.561668  0.615139  0.323558  0.254700  0.330131  0.642547  0.309659  0.653787  0.261974  0.673782  0.882297  0.186492  0.225301  0.330276  0.193945  0.628760  0.606927  0.312109  0.595501  0.551194  0.078068  0.157142  0.400098 
15  0.527250  0.383132  0.423097  0.272752  0.147657  0.235927  0.604014  0.394718  0.620179  0.749204  0.644386  0.690812  0.768854  0.705406  0.827472 0.0  0.141466  0.831779  0.685282  0.558402  0.135548  0.328155  0.425168  0.157769  0.577480  0.543475  0.220664  0.495269  0.199969  0.124608  0.194872  0.493056  0.483053  0.180076  0.161916  0.604858  0.699834  0.112064  0.246474  0.270473  0.508594  0.655759  0.485157  0.176373  0.572284  0.078068  0.534095  0.297211  0.219680  0.620559  0.622613  0.613532  0.683932  0.177685  0.118834  0.550047  0.086437  0.203959  0.661898  0.673533  0.361502 
16  0.636155  0.390351  0.217477  0.219579  0.168064  0.213667  0.822881  0.486575  0.674276  0.680149  0.571809  0.653659  0.795404  0.795444  0.849093  0.141466 0.0  0.831792  0.757436  0.694754  0.174092  0.221559  0.368298  0.078068  0.542844  0.534387  0.078068  0.571879  0.220845  0.192791  0.216387  0.648696  0.482872  0.207479  0.124629  0.446171  0.782937  0.187803  0.310464  0.151127  0.530261  0.622490  0.601598  0.226405  0.666578  0.113769  0.624013  0.200621  0.270727  0.753569  0.641877  0.683564  0.612713  0.279093  0.209602  0.470257  0.218686  0.206873  0.792373  0.617478  0.339929 
17  0.451220  0.472493  0.770475  0.870726  0.783330  0.673747  0.232436  0.374963  0.253803  0.304263  0.275829  0.209155  0.209055  0.350441  0.173639  0.831779  0.831792 0.0  0.168012  0.302998  0.556544  0.744873  0.591156  0.765718  0.260490  0.468896  0.841444  0.378158  0.781946  0.853853  0.931322  0.201217  0.553469  0.815927  0.701970  0.374138  0.296581  0.663051  0.634403  0.740692  0.354953  0.319713  0.326793  0.716592  0.429207  0.846026  0.330299  0.735567  1.000000  0.400000  0.196846  0.360625  0.204371  0.640651  0.739643  0.260860  0.755960  0.591735  0.277411  0.278022  0.510406 
18  0.336842  0.308088  0.873677  0.908231  0.868129  0.720153  0.219575  0.357162  0.154628  0.298005  0.167470  0.254717  0.078068  0.078068  0.206568  0.685282  0.757436  0.168012 0.0  0.318496  0.653974  0.611334  0.436736  0.789173  0.340574  0.282702  0.859483  0.362916  0.820116  0.959393  0.689138  0.095153  0.371790  0.782163  0.708017  0.223766  0.246710  0.571208  0.539713  0.501286  0.367487  0.218857  0.277391  0.637043  0.252263  0.712193  0.289612  0.687489  0.843826  0.247091  0.218039  0.367194  0.287000  0.649892  0.765671  0.340109  0.642154  0.667767  0.078068  0.197889  0.466067 
19  0.110972  0.249897  0.764878  0.756889  0.698792  0.592126  0.159751  0.187081  0.205994  0.184603  0.104530  0.143063  0.302895  0.159285  0.220977  0.558402  0.694754  0.302998  0.318496 0.0  0.573270  0.517936  0.319920  0.610664  0.292657  0.254501  0.612002  0.205085  0.703362  0.716200  0.661299  0.372234  0.302293  0.767525  0.525504  0.181227  0.259596  0.447968  0.387360  0.475890  0.140911  0.145458  0.355408  0.638389  0.166306  0.541359  0.086657  0.540911  0.779953  0.292662  0.157341  0.119532  0.182332  0.489713  0.506790  0.292867  0.439205  0.537017  0.186109  0.193003  0.301537 
20  0.626303  0.394248  0.205619  0.206463  0.096492  0.115926  0.693806  0.400898  0.538940  0.682156  0.549792  0.585244  0.577600  0.620152  0.683095  0.135548  0.174092  0.556544  0.653974  0.573270 0.0  0.097962  0.357922  0.078068  0.483000  0.437520  0.298144  0.510184  0.347921  0.198690  0.198401  0.490682  0.286213  0.299442  0.208834  0.476575  0.688106  0.279723  0.306592  0.078068  0.409808  0.595008  0.482573  0.100326  0.622959  0.198582  0.576022  0.176755  0.345212  0.653263  0.583350  0.624273  0.570550  0.078068  0.086048  0.362575  0.205466  0.156049  0.646453  0.690750  0.406210 
21  0.557931  0.328814  0.231292  0.259241  0.171211  0.176116  0.597952  0.434662  0.659475  0.613277  0.613393  0.561957  0.677422  0.516637  0.575191  0.328155  0.221559  0.744873  0.611334  0.517936  0.097962 0.0  0.309672  0.104680  0.382211  0.453895  0.217031  0.538340  0.199640  0.164826  0.119433  0.581132  0.308570  0.227479  0.078068  0.534559  0.684540  0.078068  0.243404  0.136781  0.483547  0.483101  0.384991  0.125295  0.461337  0.138763  0.543808  0.127641  0.353754  0.685015  0.421683  0.541631  0.505699  0.097633  0.116456  0.404695  0.128614  0.151401  0.638768  0.527902  0.251265 
22  0.292278  0.078068  0.480662  0.600634  0.577312  0.399638  0.432532  0.229852  0.482306  0.237942  0.332888  0.354180  0.396835  0.435555  0.482929  0.425168  0.368298  0.591156  0.436736  0.319920  0.357922  0.309672 0.0  0.335826  0.413615  0.244962  0.427747  0.201048  0.449708  0.295018  0.393529  0.504802  0.130227  0.419505  0.349051  0.232594  0.454139  0.353416  0.153286  0.287015  0.377367  0.347206  0.379742  0.285232  0.281639  0.411157  0.364904  0.320153  0.498072  0.372858  0.273331  0.350319  0.337622  0.201910  0.325770  0.306860  0.208680  0.275203  0.424357  0.497868  0.115336 
23  0.607724  0.382435  0.237149  0.270171  0.107031  0.136309  0.754977  0.499701  0.856932  0.721923  0.593528  0.614902  0.745586  0.629796  0.686153  0.157769  0.078068  0.765718  0.789173  0.610664  0.078068  0.104680  0.335826 0.0  0.567205  0.522689  0.325433  0.465904  0.236897  0.142150  0.227064  0.763410  0.446838  0.122337  0.207408  0.478327  0.853269  0.201282  0.341036  0.143780  0.482781  0.485176  0.500725  0.121188  0.517708  0.106412  0.628470  0.179582  0.344923  0.719905  0.677981  0.702191  0.518330  0.223354  0.186183  0.441642  0.223399  0.187414  0.682961  0.688658  0.392580 
24  0.329006  0.278670  0.687403  0.700069  0.587166  0.452781  0.384830  0.343595  0.297659  0.192631  0.127060  0.166640  0.283583  0.171413  0.275649  0.577480  0.542844  0.260490  0.340574  0.292657  0.483000  0.382211  0.413615  0.567205 0.0  0.085110  0.717988  0.202306  0.561193  0.611591  0.599103  0.166061  0.288351  0.582899  0.505377  0.078068  0.359580  0.474786  0.458365  0.479228  0.285284  0.179305  0.156864  0.452782  0.233119  0.567946  0.224351  0.472229  0.729722  0.384388  0.137637  0.384244  0.078068  0.470119  0.446391  0.085957  0.517038  0.512550  0.315770  0.220564  0.203861 
25  0.324989  0.355573  0.652153  0.648280  0.551379  0.521544  0.350532  0.159683  0.309932  0.239800  0.286293  0.184571  0.285155  0.163297  0.274106  0.543475  0.534387  0.468896  0.282702  0.254501  0.437520  0.453895  0.244962  0.522689  0.085110 0.0  0.621802  0.159054  0.671387  0.610638  0.576374  0.110510  0.214227  0.723788  0.400409  0.078109  0.456386  0.494249  0.441206  0.441334  0.216614  0.186288  0.078068  0.384353  0.338189  0.549095  0.078068  0.505502  0.691275  0.331861  0.160470  0.248212  0.102172  0.428121  0.395885  0.189893  0.500418  0.440647  0.338044  0.301271  0.245042 
26  0.569166  0.448172  0.189778  0.234006  0.180538  0.261818  0.688914  0.616682  0.851732  0.718218  0.672271  0.679731  0.705743  0.771166  0.723140  0.220664  0.078068  0.841444  0.859483  0.612002  0.298144  0.217031  0.427747  0.325433  0.717988  0.621802 0.0  0.621887  0.301137  0.078068  0.231426  0.732663  0.541095  0.087266  0.295026  0.583250  0.777293  0.286197  0.271703  0.235220  0.645084  0.741607  0.585839  0.261156  0.600899  0.150253  0.724969  0.267614  0.271920  0.785604  0.586008  0.757290  0.689707  0.361713  0.153801  0.570738  0.194290  0.252840  0.750635  0.757717  0.373159 
27  0.078068  0.161148  0.719835  0.725784  0.556516  0.449391  0.300220  0.130606  0.278730  0.193887  0.169132  0.167578  0.309034  0.330195  0.231689  0.495269  0.571879  0.378158  0.362916  0.205085  0.510184  0.538340  0.201048  0.465904  0.202306  0.159054  0.621887 0.0  0.568728  0.481165  0.646111  0.348518  0.293223  0.589381  0.456050  0.214858  0.317794  0.452820  0.345130  0.358969  0.167883  0.202003  0.181041  0.517565  0.087236  0.517852  0.142302  0.533698  0.676201  0.264351  0.096201  0.093239  0.290597  0.389167  0.448770  0.157657  0.518961  0.513246  0.373110  0.230736  0.213733 
28  0.645467  0.410436  0.201306  0.100241  0.107615  0.149410  0.826519  0.493843  0.883660  0.798765  0.682833  0.737337  0.800067  0.861286  0.743482  0.199969  0.220845  0.781946  0.820116  0.703362  0.347921  0.199640  0.449708  0.236897  0.561193  0.671387  0.301137  0.568728 0.0  0.218769  0.078068  0.716103  0.445356  0.087033  0.091966  0.556007  0.786293  0.306174  0.334094  0.337235  0.739865  0.763531  0.602667  0.401314  0.681145  0.130957  0.742013  0.204554  0.360719  0.752431  0.729324  0.632910  0.655004  0.135627  0.205165  0.526535  0.308314  0.282292  0.841921  0.686423  0.495465 
29  0.544400  0.390518  0.193578  0.229539  0.202398  0.272352  0.723685  0.531898  0.734590  0.869135  0.519307  0.749779  0.781015  0.654947  0.714026  0.124608  0.192791  0.853853  0.959393  0.716200  0.198690  0.164826  0.295018  0.142150  0.611591  0.610638  0.078068  0.481165  0.218769 0.0  0.366682  0.772975  0.395524  0.161272  0.131889  0.769323  0.835706  0.356929  0.312205  0.286581  0.559070  0.726849  0.485406  0.196496  0.672627  0.200210  0.492081  0.281662  0.219361  0.732689  0.690621  0.782875  0.635742  0.293604  0.233404  0.569988  0.152243  0.216212  0.782568  0.726248  0.369004 
30  0.630129  0.408111  0.138237  0.118051  0.115830  0.264055  0.716834  0.699009  0.753950  0.809353  0.659432  0.690953  0.693643  0.606012  0.711663  0.194872  0.216387  0.931322  0.689138  0.661299  0.198401  0.119433  0.393529  0.227064  0.599103  0.576374  0.231426  0.646111  0.078068  0.366682 0.0  0.721328  0.375397  0.200737  0.210597  0.504382  0.958705  0.244228  0.331241  0.238584  0.635044  0.742799  0.585717  0.231410  0.556918  0.150024  0.697371  0.217542  0.279545  0.813474  0.713956  0.723832  0.626917  0.198477  0.203085  0.498173  0.316546  0.212775  0.747904  0.711257  0.361305 
31  0.292691  0.348736  0.671821  0.734228  0.717573  0.580539  0.291878  0.415821  0.174635  0.333352  0.112481  0.130043  0.209993  0.155966  0.235860  0.493056  0.648696  0.201217  0.095153  0.372234  0.490682  0.581132  0.504802  0.763410  0.166061  0.110510  0.732663  0.348518  0.716103  0.772975  0.721328 0.0  0.313969  0.741710  0.649674  0.315338  0.409119  0.407501  0.475651  0.549652  0.233511  0.187586  0.356959  0.535549  0.282505  0.640048  0.230832  0.600159  0.795261  0.223672  0.337665  0.243716  0.114629  0.575503  0.415146  0.285309  0.614978  0.689809  0.192589  0.189398  0.380103 
32  0.223987  0.078068  0.548980  0.411647  0.347699  0.369905  0.470870  0.187986  0.441783  0.322597  0.341968  0.216535  0.362299  0.269442  0.438184  0.483053  0.482872  0.553469  0.371790  0.302293  0.286213  0.308570  0.130227  0.446838  0.288351  0.214227  0.541095  0.293223  0.445356  0.395524  0.375397  0.313969 0.0  0.484539  0.312710  0.342452  0.366150  0.286136  0.257209  0.215174  0.196512  0.402227  0.207158  0.289385  0.334402  0.389699  0.236604  0.382591  0.509610  0.548614  0.317603  0.395995  0.352836  0.260909  0.359508  0.160109  0.370068  0.295296  0.352921  0.357344  0.078068 
33  0.542177  0.420447  0.139415  0.191625  0.099886  0.271376  0.821180  0.573043  0.804051  0.799024  0.749984  0.652755  0.707351  0.808433  0.699076  0.180076  0.207479  0.815927  0.782163  0.767525  0.299442  0.227479  0.419505  0.122337  0.582899  0.723788  0.087266  0.589381  0.087033  0.161272  0.200737  0.741710  0.484539 0.0  0.189147  0.677374  0.884290  0.329536  0.347377  0.234762  0.618954  0.715932  0.652432  0.201373  0.633505  0.261872  0.713862  0.304106  0.277965  0.838479  0.683735  0.829281  0.767392  0.363447  0.190305  0.543557  0.237433  0.260964  0.795071  0.821109  0.477300 
34  0.458548  0.337886  0.366931  0.248124  0.187756  0.078068  0.686956  0.525485  0.685223  0.675052  0.596883  0.587661  0.683190  0.539895  0.627105  0.161916  0.124629  0.701970  0.708017  0.525504  0.208834  0.078068  0.349051  0.207408  0.505377  0.400409  0.295026  0.456050  0.091966  0.131889  0.210597  0.649674  0.312710  0.189147 0.0  0.478345  0.640543  0.086596  0.194419  0.121242  0.477702  0.649432  0.485996  0.078068  0.553803  0.145963  0.511179  0.226290  0.277189  0.761075  0.633007  0.534244  0.538033  0.107512  0.101110  0.442738  0.123896  0.125394  0.569680  0.703653  0.411406 
35  0.236739  0.251152  0.623554  0.603589  0.519429  0.592346  0.144361  0.255830  0.198723  0.188268  0.078068  0.128974  0.113346  0.247991  0.234985  0.604858  0.446171  0.374138  0.223766  0.181227  0.476575  0.534559  0.232594  0.478327  0.078068  0.078109  0.583250  0.214858  0.556007  0.769323  0.504382  0.315338  0.342452  0.677374  0.478345 0.0  0.352939  0.484160  0.435396  0.447114  0.173377  0.078068  0.222216  0.483391  0.170066  0.572573  0.176496  0.578694  0.747443  0.252735  0.144890  0.371463  0.166009  0.434915  0.497788  0.206467  0.632291  0.452076  0.101135  0.303159  0.241527 
36  0.301874  0.390566  0.917064  0.937400  0.808224  0.728022  0.268595  0.336546  0.150109  0.275567  0.283512  0.263364  0.254461  0.270598  0.342083  0.699834  0.782937  0.296581  0.246710  0.259596  0.688106  0.684540  0.454139  0.853269  0.359580  0.456386  0.777293  0.317794  0.786293  0.835706  0.958705  0.409119  0.366150  0.884290  0.640543  0.352939 0.0  0.635942  0.561047  0.543955  0.276364  0.188641  0.408963  0.584280  0.287319  0.748700  0.249736  0.710380  0.891701  0.091979  0.364526  0.160533  0.435133  0.646807  0.598066  0.346635  0.712590  0.611273  0.266288  0.296498  0.528392 
37  0.604802  0.307534  0.235819  0.329999  0.204027  0.252277  0.641803  0.513947  0.525658  0.663096  0.413838  0.526825  0.571976  0.525295  0.635184  0.112064  0.187803  0.663051  0.571208  0.447968  0.279723  0.078068  0.353416  0.201282  0.474786  0.494249  0.286197  0.452820  0.306174  0.356929  0.244228  0.407501  0.286136  0.329536  0.086596  0.484160  0.635942 0.0  0.259989  0.159987  0.452518  0.489093  0.390919  0.161222  0.463293  0.078068  0.536554  0.093422  0.342177  0.682688  0.417623  0.564345  0.428849  0.153626  0.086888  0.421825  0.184768  0.092271  0.596244  0.738944  0.346614 
38  0.340576  0.279791  0.453481  0.378160  0.236575  0.353664  0.593845  0.251125  0.469561  0.523583  0.433544  0.451464  0.518242  0.465869  0.561668  0.246474  0.310464  0.634403  0.539713  0.387360  0.306592  0.243404  0.153286  0.341036  0.458365  0.441206  0.271703  0.345130  0.334094  0.312205  0.331241  0.475651  0.257209  0.347377  0.194419  0.435396  0.561047  0.259989 0.0  0.167205  0.261261  0.464353  0.427972  0.238347  0.335086  0.217921  0.380912  0.260653  0.463888  0.611740  0.484182  0.493382  0.501615  0.243020  0.287264  0.377274  0.195255  0.190337  0.582923  0.538216  0.150960 
39  0.444599  0.288348  0.285647  0.282927  0.195613  0.156772  0.635174  0.429647  0.660690  0.655179  0.436588  0.474163  0.561519  0.587634  0.615139  0.270473  0.151127  0.740692  0.501286  0.475890  0.078068  0.136781  0.287015  0.143780  0.479228  0.441334  0.235220  0.358969  0.337235  0.286581  0.238584  0.549652  0.215174  0.234762  0.121242  0.447114  0.543955  0.159987  0.167205 0.0  0.471898  0.663734  0.351420  0.148596  0.566847  0.241602  0.482127  0.156902  0.451032  0.545740  0.463078  0.456918  0.665810  0.078068  0.105199  0.416214  0.101415  0.112767  0.587807  0.625780  0.296220 
40  0.163095  0.264633  0.589314  0.625936  0.598371  0.559768  0.270954  0.191465  0.211447  0.341387  0.183925  0.227882  0.322626  0.288104  0.323558  0.508594  0.530261  0.354953  0.367487  0.140911  0.409808  0.483547  0.377367  0.482781  0.285284  0.216614  0.645084  0.167883  0.739865  0.559070  0.635044  0.233511  0.196512  0.618954  0.477702  0.173377  0.276364  0.452518  0.261261  0.471898 0.0  0.193263  0.213780  0.400830  0.137017  0.366727  0.124132  0.450487  0.746317  0.247676  0.223890  0.193991  0.229071  0.419891  0.233133  0.087123  0.495443  0.460321  0.276262  0.118875  0.166097 
41  0.273789  0.336888  0.722493  0.775288  0.796076  0.744103  0.198853  0.243176  0.162190  0.117713  0.124856  0.212509  0.189154  0.167346  0.254700  0.655759  0.622490  0.319713  0.218857  0.145458  0.595008  0.483101  0.347206  0.485176  0.179305  0.186288  0.741607  0.202003  0.763531  0.726849  0.742799  0.187586  0.402227  0.715932  0.649432  0.078068  0.188641  0.489093  0.464353  0.663734  0.193263 0.0  0.287732  0.612975  0.156341  0.611734  0.082357  0.495222  0.909221  0.215272  0.078068  0.245576  0.281886  0.633767  0.570012  0.155086  0.707982  0.560593  0.226821  0.269217  0.285368 
42  0.191504  0.188540  0.482328  0.685004  0.522901  0.368455  0.405419  0.240132  0.304904  0.406453  0.236563  0.241182  0.263051  0.284076  0.330131  0.485157  0.601598  0.326793  0.277391  0.355408  0.482573  0.384991  0.379742  0.500725  0.156864  0.078068  0.585839  0.181041  0.602667  0.485406  0.585717  0.356959  0.207158  0.652432  0.485996  0.222216  0.408963  0.390919  0.427972  0.351420  0.213780  0.287732 0.0  0.283156  0.284811  0.374761  0.253881  0.379501  0.641719  0.401193  0.166203  0.340945  0.192848  0.340778  0.412059  0.192593  0.287881  0.432797  0.394074  0.222052  0.260889 
43  0.378560  0.318055  0.239754  0.299097  0.188305  0.203923  0.660839  0.398764  0.714487  0.704679  0.467358  0.549652  0.578588  0.628536  0.642547  0.176373  0.226405  0.716592  0.637043  0.638389  0.100326  0.125295  0.285232  0.121188  0.452782  0.384353  0.261156  0.517565  0.401314  0.196496  0.231410  0.535549  0.289385  0.201373  0.078068  0.483391  0.584280  0.161222  0.238347  0.148596  0.400830  0.612975  0.283156 0.0  0.392712  0.197769  0.471813  0.078068  0.315020  0.727478  0.502104  0.573489  0.536618  0.148716  0.078068  0.350496  0.122946  0.078068  0.645679  0.499885  0.327802 
44  0.197304  0.272528  0.687535  0.701181  0.717876  0.507656  0.298140  0.157249  0.286735  0.242714  0.124957  0.233765  0.262834  0.147956  0.309659  0.572284  0.666578  0.429207  0.252263  0.166306  0.622959  0.461337  0.281639  0.517708  0.233119  0.338189  0.600899  0.087236  0.681145  0.672627  0.556918  0.282505  0.334402  0.633505  0.553803  0.170066  0.287319  0.463293  0.335086  0.566847  0.137017  0.156341  0.284811  0.392712 0.0  0.570495  0.112856  0.527629  0.745183  0.222905  0.172173  0.244021  0.206830  0.412207  0.352482  0.193754  0.492215  0.456674  0.311426  0.266504  0.347141 
45  0.532805  0.364891  0.242809  0.184201  0.234416  0.169516  0.672556  0.501046  0.745316  0.708153  0.593059  0.631922  0.705849  0.641552  0.653787  0.078068  0.113769  0.846026  0.712193  0.541359  0.198582  0.138763  0.411157  0.106412  0.567946  0.549095  0.150253  0.517852  0.130957  0.200210  0.150024  0.640048  0.389699  0.261872  0.145963  0.572573  0.748700  0.078068  0.217921  0.241602  0.366727  0.611734  0.374761  0.197769  0.570495 0.0  0.531027  0.131279  0.244558  0.683835  0.618661  0.588880  0.573568  0.078068  0.078068  0.487808  0.195494  0.143258  0.671012  0.661686  0.333998 
46  0.138881  0.274191  0.763004  0.760338  0.633966  0.503484  0.178275  0.133251  0.166812  0.255265  0.212367  0.257923  0.210529  0.091265  0.261974  0.534095  0.624013  0.330299  0.289612  0.086657  0.576022  0.543808  0.364904  0.628470  0.224351  0.078068  0.724969  0.142302  0.742013  0.492081  0.697371  0.230832  0.236604  0.713862  0.511179  0.176496  0.249736  0.536554  0.380912  0.482127  0.124132  0.082357  0.253881  0.471813  0.112856  0.531027 0.0  0.498010  0.753621  0.231747  0.173962  0.154291  0.207060  0.456299  0.474489  0.183637  0.468039  0.380205  0.181026  0.185924  0.342173 
47  0.535303  0.300916  0.300114  0.206285  0.146499  0.180001  0.600898  0.384010  0.625838  0.558358  0.558220  0.608618  0.612465  0.621827  0.673782  0.297211  0.200621  0.735567  0.687489  0.540911  0.176755  0.127641  0.320153  0.179582  0.472229  0.505502  0.267614  0.533698  0.204554  0.281662  0.217542  0.600159  0.382591  0.304106  0.226290  0.578694  0.710380  0.093422  0.260653  0.156902  0.450487  0.495222  0.379501  0.078068  0.527629  0.131279  0.498010 0.0  0.350604  0.677206  0.543608  0.479194  0.452908  0.107401  0.078068  0.342869  0.138531  0.104806  0.668546  0.652260  0.375655 
48  0.531817  0.523607  0.253867  0.311336  0.194579  0.297478  0.863004  0.705078  0.852077  0.881565  0.737259  0.829848  0.813282  0.816610  0.882297  0.219680  0.270727  1.000000  0.843826  0.779953  0.345212  0.353754  0.498072  0.344923  0.729722  0.691275  0.271920  0.676201  0.360719  0.219361  0.279545  0.795261  0.509610  0.277965  0.277189  0.747443  0.891701  0.342177  0.463888  0.451032  0.746317  0.909221  0.641719  0.315020  0.745183  0.244558  0.753621  0.350604 0.0  0.851619  0.879290  0.849391  0.741077  0.445277  0.391195  0.491350  0.369550  0.379252  0.800396  0.974360  0.569290 
49  0.248627  0.362971  0.839725  0.832585  0.753818  0.685087  0.106550  0.301991  0.156245  0.096939  0.340396  0.281314  0.119500  0.091662  0.186492  0.620559  0.753569  0.400000  0.247091  0.292662  0.653263  0.685015  0.372858  0.719905  0.384388  0.331861  0.785604  0.264351  0.752431  0.732689  0.813474  0.223672  0.548614  0.838479  0.761075  0.252735  0.091979  0.682688  0.611740  0.545740  0.247676  0.215272  0.401193  0.727478  0.222905  0.683835  0.231747  0.677206  0.851619 0.0  0.267262  0.178407  0.246035  0.481547  0.636689  0.418026  0.695672  0.691373  0.183649  0.225888  0.377169 
50  0.102473  0.257767  0.872418  0.753543  0.745284  0.448513  0.132350  0.180636  0.226600  0.146124  0.078915  0.107934  0.259949  0.158420  0.225301  0.622613  0.641877  0.196846  0.218039  0.157341  0.583350  0.421683  0.273331  0.677981  0.137637  0.160470  0.586008  0.096201  0.729324  0.690621  0.713956  0.337665  0.317603  0.683735  0.633007  0.144890  0.364526  0.417623  0.484182  0.463078  0.223890  0.078068  0.166203  0.502104  0.172173  0.618661  0.173962  0.543608  0.879290  0.267262 0.0  0.118799  0.087240  0.550609  0.646607  0.139560  0.612468  0.596482  0.217000  0.188431  0.319978 
51  0.176719  0.289632  0.821307  0.769812  0.683402  0.636126  0.230261  0.203651  0.281734  0.128374  0.257841  0.174061  0.217681  0.112821  0.330276  0.613532  0.683564  0.360625  0.367194  0.119532  0.624273  0.541631  0.350319  0.702191  0.384244  0.248212  0.757290  0.093239  0.632910  0.782875  0.723832  0.243716  0.395995  0.829281  0.534244  0.371463  0.160533  0.564345  0.493382  0.456918  0.193991  0.245576  0.340945  0.573489  0.244021  0.588880  0.154291  0.479194  0.849391  0.178407  0.118799 0.0  0.260663  0.478597  0.611945  0.306792  0.597587  0.622485  0.122455  0.203957  0.359546 
52  0.267882  0.418189  0.707588  0.638454  0.657793  0.468417  0.307880  0.306565  0.260702  0.250474  0.264944  0.179827  0.205348  0.158361  0.193945  0.683932  0.612713  0.204371  0.287000  0.182332  0.570550  0.505699  0.337622  0.518330  0.078068  0.102172  0.689707  0.290597  0.655004  0.635742  0.626917  0.114629  0.352836  0.767392  0.538033  0.166009  0.435133  0.428849  0.501615  0.665810  0.229071  0.281886  0.192848  0.536618  0.206830  0.573568  0.207060  0.452908  0.741077  0.246035  0.087240  0.260663 0.0  0.565795  0.471991  0.083841  0.588763  0.551580  0.119962  0.300052  0.353697 
53  0.456456  0.259410  0.282665  0.361332  0.321689  0.085027  0.665211  0.388076  0.659123  0.544913  0.402469  0.514253  0.600880  0.571387  0.628760  0.177685  0.279093  0.640651  0.649892  0.489713  0.078068  0.097633  0.201910  0.223354  0.470119  0.428121  0.361713  0.389167  0.135627  0.293604  0.198477  0.575503  0.260909  0.363447  0.107512  0.434915  0.646807  0.153626  0.243020  0.078068  0.419891  0.633767  0.340778  0.148716  0.412207  0.078068  0.456299  0.107401  0.445277  0.481547  0.550609  0.478597  0.565795 0.0  0.078068  0.363288  0.241418  0.078068  0.554854  0.577016  0.324076 
54  0.482370  0.348148  0.298191  0.256716  0.129570  0.078068  0.802221  0.442233  0.697568  0.683068  0.490855  0.531996  0.543212  0.662775  0.606927  0.118834  0.209602  0.739643  0.765671  0.506790  0.086048  0.116456  0.325770  0.186183  0.446391  0.395885  0.153801  0.448770  0.205165  0.233404  0.203085  0.415146  0.359508  0.190305  0.101110  0.497788  0.598066  0.086888  0.287264  0.105199  0.233133  0.570012  0.412059  0.078068  0.352482  0.078068  0.474489  0.078068  0.391195  0.636689  0.646607  0.611945  0.471991  0.078068 0.0  0.328035  0.261617  0.089086  0.574913  0.626643  0.236413 
55  0.251154  0.233375  0.634834  0.560035  0.532118  0.429090  0.339739  0.151120  0.271958  0.223860  0.298097  0.305895  0.319439  0.274223  0.312109  0.550047  0.470257  0.260860  0.340109  0.292867  0.362575  0.404695  0.306860  0.441642  0.085957  0.189893  0.570738  0.157657  0.526535  0.569988  0.498173  0.285309  0.160109  0.543557  0.442738  0.206467  0.346635  0.421825  0.377274  0.416214  0.087123  0.155086  0.192593  0.350496  0.193754  0.487808  0.183637  0.342869  0.491350  0.418026  0.139560  0.306792  0.083841  0.363288  0.328035 0.0  0.433360  0.443384  0.376898  0.336329  0.171418 
56  0.537700  0.343871  0.392676  0.278413  0.159517  0.194334  0.766766  0.497922  0.650906  0.728933  0.611711  0.548950  0.708869  0.578170  0.595501  0.086437  0.218686  0.755960  0.642154  0.439205  0.205466  0.128614  0.208680  0.223399  0.517038  0.500418  0.194290  0.518961  0.308314  0.152243  0.316546  0.614978  0.370068  0.237433  0.123896  0.632291  0.712590  0.184768  0.195255  0.101415  0.495443  0.707982  0.287881  0.122946  0.492215  0.195494  0.468039  0.138531  0.369550  0.695672  0.612468  0.597587  0.588763  0.241418  0.261617  0.433360 0.0  0.078068  0.602505  0.736672  0.444864 
57  0.560105  0.203714  0.166860  0.303416  0.224138  0.188027  0.622298  0.461044  0.674232  0.557188  0.503484  0.624932  0.659835  0.625892  0.551194  0.203959  0.206873  0.591735  0.667767  0.537017  0.156049  0.151401  0.275203  0.187414  0.512550  0.440647  0.252840  0.513246  0.282292  0.216212  0.212775  0.689809  0.295296  0.260964  0.125394  0.452076  0.611273  0.092271  0.190337  0.112767  0.460321  0.560593  0.432797  0.078068  0.456674  0.143258  0.380205  0.104806  0.379252  0.691373  0.596482  0.622485  0.551580  0.078068  0.089086  0.443384  0.078068 0.0  0.595461  0.726464  0.470763 
58  0.268454  0.547076  0.742644  0.717135  0.716930  0.670018  0.111028  0.230380  0.116470  0.127600  0.191219  0.175357  0.078068  0.078068  0.078068  0.661898  0.792373  0.277411  0.078068  0.186109  0.646453  0.638768  0.424357  0.682961  0.315770  0.338044  0.750635  0.373110  0.841921  0.782568  0.747904  0.192589  0.352921  0.795071  0.569680  0.101135  0.266288  0.596244  0.582923  0.587807  0.276262  0.226821  0.394074  0.645679  0.311426  0.671012  0.181026  0.668546  0.800396  0.183649  0.217000  0.122455  0.119962  0.554854  0.574913  0.376898  0.602505  0.595461 0.0  0.207780  0.493371 
59  0.332661  0.415563  0.809512  0.794956  0.774690  0.665748  0.201570  0.382790  0.098695  0.164467  0.097520  0.183392  0.078068  0.115679  0.157142  0.673533  0.617478  0.278022  0.197889  0.193003  0.690750  0.527902  0.497868  0.688658  0.220564  0.301271  0.757717  0.230736  0.686423  0.726248  0.711257  0.189398  0.357344  0.821109  0.703653  0.303159  0.296498  0.738944  0.538216  0.625780  0.118875  0.269217  0.222052  0.499885  0.266504  0.661686  0.185924  0.652260  0.974360  0.225888  0.188431  0.203957  0.300052  0.577016  0.626643  0.336329  0.736672  0.726464  0.207780 0.0  0.421652 
60  0.191837  0.193768  0.449002  0.612942  0.467885  0.289271  0.474346  0.254744  0.439051  0.365517  0.225723  0.414309  0.409794  0.431480  0.400098  0.361502  0.339929  0.510406  0.466067  0.301537  0.406210  0.251265  0.115336  0.392580  0.203861  0.245042  0.373159  0.213733  0.495465  0.369004  0.361305  0.380103  0.078068  0.477300  0.411406  0.241527  0.528392  0.346614  0.150960  0.296220  0.166097  0.285368  0.260889  0.327802  0.347141  0.333998  0.342173  0.375655  0.569290  0.377169  0.319978  0.359546  0.353697  0.324076  0.236413  0.171418  0.444864  0.470763  0.493371  0.421652 0.0 
