61
0 0.0  0.229570  0.634993  0.650818  0.620087  0.445776  0.248851  0.103352  0.325051  0.216430  0.161344  0.163103  0.297709  0.207867  0.297460  0.563784  0.543168  0.318812  0.241495  0.116095  0.571341  0.473058  0.219127  0.525489  0.196424  0.235153  0.593225  0.153284  0.609925  0.567886  0.641298  0.281354  0.283080  0.662186  0.635547  0.203687  0.181503  0.511105  0.388515  0.481922  0.069794  0.187751  0.314870  0.462799  0.069794  0.537796  0.189670  0.409114  0.697622  0.347249  0.199724  0.111811  0.259159  0.482927  0.520019  0.069794  0.526277  0.462317  0.193995  0.244544  0.215009 
1  0.229570 0.0  0.602262  0.489338  0.515325  0.485850  0.381760  0.276721  0.436798  0.310670  0.405568  0.337531  0.426615  0.365976  0.421291  0.359696  0.362384  0.419298  0.424999  0.284593  0.411561  0.300192  0.069794  0.396469  0.471455  0.329344  0.476700  0.261160  0.447090  0.464339  0.424201  0.418226  0.069794  0.441066  0.331303  0.272469  0.474905  0.279842  0.227169  0.363580  0.187946  0.249549  0.170498  0.312020  0.305775  0.398179  0.298557  0.413073  0.610529  0.492278  0.406322  0.256186  0.333384  0.410696  0.316724  0.196761  0.437232  0.315182  0.358529  0.465680  0.100704 
2  0.634993  0.602262 0.0  0.089777  0.112659  0.238078  0.751753  0.605798  0.790901  0.814545  0.745263  0.696249  0.802061  0.842081  0.783906  0.269403  0.244320  0.889990  0.757162  0.756014  0.231359  0.330075  0.585508  0.161388  0.680129  0.561856  0.205009  0.664276  0.141021  0.262456  0.241696  0.713498  0.469475  0.178397  0.238027  0.677206  0.877256  0.202652  0.385043  0.286051  0.637637  0.812218  0.524332  0.176515  0.734599  0.215383  0.719901  0.286142  0.176937  0.988267  0.679882  0.616025  0.680630  0.412569  0.208545  0.547651  0.303025  0.227286  0.849874  0.839714  0.530189 
3  0.650818  0.489338  0.089777 0.0  0.272581  0.215475  0.852447  0.585427  0.831273  0.794012  0.674336  0.616274  0.875323  0.781092  0.787394  0.250075  0.180601  0.792972  0.891501  0.684336  0.133596  0.314139  0.364301  0.128927  0.557900  0.597447  0.234793  0.732060  0.135090  0.244738  0.116358  0.733751  0.428721  0.230118  0.157946  0.655588  0.906170  0.272524  0.385889  0.319212  0.581045  0.721486  0.464723  0.269588  0.728618  0.162953  0.728699  0.250138  0.230666  0.890098  0.728848  0.769795  0.738639  0.246514  0.385632  0.497620  0.338660  0.147715  0.811760  0.711951  0.522591 
4  0.620087  0.515325  0.112659  0.272581 0.0  0.225394  0.746557  0.543591  0.836242  0.752995  0.707609  0.759710  0.730734  0.844440  0.658224  0.130754  0.163605  0.888036  0.829322  0.660022  0.127883  0.111907  0.465403  0.128710  0.533060  0.621287  0.253052  0.593782  0.124455  0.069794  0.133765  0.720009  0.488183  0.086488  0.138512  0.559296  0.823673  0.213230  0.355789  0.206347  0.597430  0.731926  0.434020  0.198219  0.595320  0.161137  0.602337  0.219801  0.268638  0.765357  0.709779  0.742589  0.626615  0.257555  0.071756  0.483140  0.220114  0.174874  0.793692  0.855882  0.429764 
5  0.445776  0.485850  0.238078  0.215475  0.225394 0.0  0.649590  0.493528  0.738361  0.587727  0.474493  0.566712  0.598438  0.640424  0.647146  0.201829  0.118990  0.618387  0.715541  0.507371  0.075164  0.069794  0.475032  0.105359  0.421660  0.466565  0.249273  0.527334  0.201571  0.137232  0.213603  0.565200  0.323281  0.187082  0.208366  0.355647  0.765898  0.180347  0.296337  0.149722  0.463393  0.577583  0.350360  0.157083  0.532678  0.116164  0.598613  0.069794  0.409272  0.820327  0.520786  0.667118  0.606518  0.107009  0.069794  0.452057  0.338133  0.069794  0.673636  0.612140  0.322185 
6  0.248851  0.381760  0.751753  0.852447  0.746557  0.649590 0.0  0.203423  0.069794  0.168391  0.149536  0.187060  0.147422  0.069794  0.109308  0.559075  0.778214  0.221310  0.129810  0.237661  0.560459  0.634724  0.305096  0.808971  0.364329  0.237459  0.757113  0.307793  0.835030  0.856499  0.700975  0.244298  0.341488  0.769510  0.661300  0.234140  0.177687  0.635308  0.585768  0.599675  0.244783  0.210391  0.322938  0.573353  0.254950  0.685874  0.104929  0.659117  0.843576  0.156103  0.116848  0.082147  0.218835  0.607636  0.615969  0.371252  0.640176  0.637105  0.069794  0.100815  0.392809 
7  0.103352  0.276721  0.605798  0.585427  0.543591  0.493528  0.203423 0.0  0.348710  0.196849  0.171277  0.243767  0.238210  0.144664  0.418236  0.503881  0.449728  0.444804  0.180026  0.069794  0.303244  0.381768  0.167155  0.476680  0.282199  0.202634  0.616281  0.106131  0.723662  0.457405  0.537587  0.303352  0.146303  0.487913  0.453601  0.164241  0.409008  0.382499  0.338245  0.476788  0.143059  0.200604  0.178843  0.559036  0.139182  0.501181  0.102991  0.394181  0.598966  0.289507  0.076506  0.219397  0.163042  0.432940  0.391839  0.225171  0.550401  0.427066  0.279696  0.218767  0.155254 
8  0.325051  0.436798  0.790901  0.831273  0.836242  0.738361  0.069794  0.348710 0.0  0.262113  0.202986  0.268452  0.082214  0.146294  0.201434  0.850005  0.685380  0.126171  0.081471  0.242016  0.667066  0.589969  0.443710  0.745449  0.294562  0.399716  0.731977  0.318119  0.851212  0.775895  0.718010  0.222539  0.431207  0.843972  0.659676  0.124814  0.183752  0.683119  0.574713  0.701989  0.268965  0.185178  0.364131  0.534844  0.271664  0.713694  0.244051  0.674061  0.770554  0.237607  0.197753  0.278289  0.309754  0.581962  0.617165  0.206169  0.673540  0.645882  0.069794  0.071824  0.465159 
9  0.216430  0.310670  0.814545  0.794012  0.752995  0.587727  0.168391  0.196849  0.262113 0.0  0.186201  0.180972  0.205016  0.069794  0.240657  0.644716  0.611393  0.266129  0.265011  0.125345  0.551644  0.604143  0.420405  0.697254  0.281629  0.234960  0.877836  0.244681  0.709433  0.774257  0.805638  0.352543  0.355381  0.817926  0.689971  0.133251  0.155300  0.588926  0.567038  0.622720  0.332908  0.087528  0.456490  0.522294  0.161666  0.701146  0.168517  0.617682  0.880180  0.162473  0.235258  0.166977  0.310221  0.554184  0.635739  0.231176  0.530900  0.581092  0.198870  0.086160  0.477419 
10  0.161344  0.405568  0.745263  0.674336  0.707609  0.474493  0.149536  0.171277  0.202986  0.186201 0.0  0.171970  0.225754  0.069794  0.195311  0.616543  0.659918  0.312834  0.165363  0.129967  0.594978  0.498825  0.412639  0.613366  0.159792  0.086403  0.652167  0.219651  0.595067  0.656301  0.663733  0.222688  0.308879  0.707754  0.538959  0.082163  0.251055  0.441863  0.445889  0.474217  0.197917  0.069794  0.292607  0.538246  0.213135  0.515372  0.115591  0.563007  0.869581  0.222632  0.069794  0.147902  0.227772  0.508417  0.485911  0.252921  0.501256  0.517731  0.231243  0.140395  0.332829 
11  0.163103  0.337531  0.696249  0.616274  0.759710  0.566712  0.187060  0.243767  0.268452  0.180972  0.171970 0.0  0.206903  0.163268  0.080642  0.693207  0.658915  0.276997  0.240473  0.171780  0.516200  0.476350  0.355065  0.700567  0.170794  0.199874  0.772811  0.243206  0.684718  0.782150  0.625547  0.121680  0.305929  0.683499  0.692067  0.172211  0.265946  0.562828  0.489497  0.580310  0.238561  0.170239  0.296666  0.506728  0.251276  0.626855  0.131910  0.557375  0.868990  0.363590  0.069794  0.275382  0.185017  0.472743  0.498027  0.274046  0.718921  0.494368  0.235142  0.225490  0.310011 
12  0.297709  0.426615  0.802061  0.875323  0.730734  0.598438  0.147422  0.238210  0.082214  0.205016  0.225754  0.206903 0.0  0.229262  0.261217  0.716874  0.645860  0.116331  0.204574  0.141120  0.650856  0.614211  0.454630  0.784278  0.145480  0.136376  0.812278  0.309816  0.952469  0.729957  0.738258  0.232467  0.379213  0.784396  0.695046  0.184146  0.311632  0.478304  0.580133  0.614440  0.278752  0.142797  0.333063  0.612089  0.225666  0.630296  0.080535  0.552704  0.883582  0.254897  0.133290  0.290092  0.197554  0.551642  0.589011  0.306528  0.622490  0.613240  0.132758  0.075870  0.465535 
13  0.207867  0.365976  0.842081  0.781092  0.844440  0.640424  0.069794  0.144664  0.146294  0.069794  0.069794  0.163268  0.229262 0.0  0.144571  0.689178  0.671854  0.338464  0.123439  0.188685  0.592648  0.569049  0.384243  0.694102  0.208824  0.224046  0.829346  0.151797  0.659999  0.731479  0.670060  0.187730  0.424185  0.777479  0.739071  0.333249  0.190958  0.681088  0.525475  0.574453  0.298691  0.107036  0.332778  0.631704  0.176100  0.650161  0.141441  0.565884  0.807251  0.111019  0.290373  0.164620  0.217881  0.575336  0.651518  0.210116  0.585653  0.642565  0.105566  0.069794  0.455951 
14  0.297460  0.421291  0.783906  0.787394  0.658224  0.647146  0.109308  0.418236  0.201434  0.240657  0.195311  0.080642  0.261217  0.144571 0.0  0.627071  0.671781  0.208575  0.069794  0.262489  0.673361  0.494436  0.374640  0.793616  0.158169  0.178134  0.675147  0.356233  0.659717  0.733359  0.642498  0.195242  0.502162  0.710258  0.581602  0.250201  0.317629  0.542679  0.547716  0.574148  0.257367  0.226368  0.305345  0.737081  0.136072  0.738971  0.327075  0.668923  0.897907  0.249934  0.112857  0.254512  0.203987  0.536288  0.573671  0.292464  0.675909  0.641073  0.212827  0.104061  0.402005 
15  0.563784  0.359696  0.269403  0.250075  0.130754  0.201829  0.559075  0.503881  0.850005  0.644716  0.616543  0.693207  0.716874  0.689178  0.627071 0.0  0.075592  0.784197  0.796126  0.473622  0.131469  0.224829  0.356703  0.129320  0.510024  0.552760  0.118502  0.489494  0.207553  0.132938  0.259860  0.621481  0.395936  0.270368  0.155446  0.517419  0.751577  0.141171  0.330484  0.184738  0.457048  0.655982  0.476094  0.237369  0.460759  0.158971  0.626972  0.256167  0.189098  0.626373  0.651806  0.681844  0.651197  0.353243  0.201327  0.515137  0.204986  0.218628  0.682216  0.698980  0.415827 
16  0.543168  0.362384  0.244320  0.180601  0.163605  0.118990  0.778214  0.449728  0.685380  0.611393  0.659918  0.658915  0.645860  0.671854  0.671781  0.075592 0.0  0.644942  0.738808  0.594686  0.078219  0.143512  0.383956  0.069794  0.542421  0.549054  0.069794  0.571405  0.090958  0.163318  0.164523  0.639093  0.462931  0.198201  0.082283  0.648273  0.613003  0.226473  0.352592  0.127664  0.500975  0.698737  0.508382  0.165761  0.577654  0.085516  0.567338  0.157685  0.159884  0.731482  0.704503  0.685411  0.638538  0.266189  0.183925  0.467824  0.114956  0.160266  0.577212  0.832115  0.372432 
17  0.318812  0.419298  0.889990  0.792972  0.888036  0.618387  0.221310  0.444804  0.126171  0.266129  0.312834  0.276997  0.116331  0.338464  0.208575  0.784197  0.644942 0.0  0.166157  0.275482  0.612305  0.628113  0.600771  0.620428  0.288088  0.290836  0.840839  0.399442  0.936051  0.789765  0.726501  0.195517  0.493298  0.817476  0.704488  0.365234  0.372892  0.606116  0.595484  0.582280  0.335914  0.329326  0.416912  0.634263  0.301081  0.754292  0.319276  0.534954  0.960004  0.302207  0.234970  0.386503  0.224972  0.615296  0.559669  0.362558  0.830322  0.528102  0.183719  0.184751  0.548187 
18  0.241495  0.424999  0.757162  0.891501  0.829322  0.715541  0.129810  0.180026  0.081471  0.265011  0.165363  0.240473  0.204574  0.123439  0.069794  0.796126  0.738808  0.166157 0.0  0.318502  0.687156  0.676226  0.352641  0.793894  0.319291  0.256072  0.827635  0.233221  0.780078  0.805073  0.799875  0.155477  0.385109  0.769483  0.733138  0.337796  0.198325  0.730444  0.516218  0.590860  0.350310  0.232604  0.314175  0.643696  0.197119  0.757534  0.147576  0.480148  0.998781  0.223511  0.111067  0.317176  0.234601  0.647366  0.586171  0.477710  0.677280  0.643566  0.106920  0.145193  0.535388 
19  0.116095  0.284593  0.756014  0.684336  0.660022  0.507371  0.237661  0.069794  0.242016  0.125345  0.129967  0.171780  0.141120  0.188685  0.262489  0.473622  0.594686  0.275482  0.318502 0.0  0.632542  0.611104  0.273123  0.542935  0.272432  0.265066  0.810703  0.232190  0.700977  0.698314  0.598109  0.160044  0.356831  0.691390  0.512836  0.200748  0.196181  0.471711  0.463268  0.482748  0.215233  0.188809  0.289463  0.588239  0.100205  0.626094  0.115268  0.599857  0.801066  0.124856  0.163912  0.099787  0.192390  0.451375  0.462189  0.176099  0.490308  0.529780  0.100072  0.297177  0.260514 
20  0.571341  0.411561  0.231359  0.133596  0.127883  0.075164  0.560459  0.303244  0.667066  0.551644  0.594978  0.516200  0.650856  0.592648  0.673361  0.131469  0.078219  0.612305  0.687156  0.632542 0.0  0.069794  0.345387  0.158154  0.494389  0.433964  0.196629  0.534983  0.216166  0.167193  0.117218  0.553296  0.306726  0.166820  0.074854  0.597070  0.695904  0.209049  0.334313  0.209848  0.593458  0.512518  0.467056  0.103335  0.565891  0.157703  0.569177  0.071404  0.225461  0.762588  0.606176  0.483742  0.502329  0.259177  0.111848  0.389580  0.282334  0.152470  0.626512  0.669969  0.334002 
21  0.473058  0.300192  0.330075  0.314139  0.111907  0.069794  0.634724  0.381768  0.589969  0.604143  0.498825  0.476350  0.614211  0.569049  0.494436  0.224829  0.143512  0.628113  0.676226  0.611104  0.069794 0.0  0.296796  0.205205  0.501362  0.435369  0.261673  0.452016  0.240089  0.144735  0.187121  0.506163  0.282586  0.333186  0.073693  0.507472  0.767244  0.069794  0.363496  0.151652  0.465154  0.469869  0.342277  0.202882  0.548598  0.149393  0.599040  0.069794  0.421376  0.678484  0.516630  0.628425  0.510939  0.114765  0.153818  0.341329  0.167628  0.069794  0.707600  0.611101  0.226327 
22  0.219127  0.069794  0.585508  0.364301  0.465403  0.475032  0.305096  0.167155  0.443710  0.420405  0.412639  0.355065  0.454630  0.384243  0.374640  0.356703  0.383956  0.600771  0.352641  0.273123  0.345387  0.296796 0.0  0.435972  0.334327  0.229617  0.526990  0.203358  0.467355  0.346862  0.434233  0.365966  0.212387  0.513151  0.385571  0.385086  0.514818  0.259397  0.114207  0.273169  0.295138  0.326331  0.315455  0.307888  0.262901  0.301627  0.154825  0.289084  0.428452  0.516505  0.390145  0.396900  0.413526  0.311696  0.347825  0.255581  0.261179  0.256876  0.455562  0.369135  0.069794 
23  0.525489  0.396469  0.161388  0.128927  0.128710  0.105359  0.808971  0.476680  0.745449  0.697254  0.613366  0.700567  0.784278  0.694102  0.793616  0.129320  0.069794  0.620428  0.793894  0.542935  0.158154  0.205205  0.435972 0.0  0.593343  0.450888  0.235152  0.553051  0.159400  0.115449  0.227587  0.616460  0.420005  0.125744  0.202548  0.557713  0.839800  0.148745  0.252481  0.192999  0.598014  0.681910  0.442469  0.152909  0.554255  0.220024  0.648034  0.206783  0.289490  0.734309  0.638973  0.667885  0.663258  0.115615  0.132316  0.483504  0.159515  0.119799  0.763053  0.642319  0.392580 
24  0.196424  0.471455  0.680129  0.557900  0.533060  0.421660  0.364329  0.282199  0.294562  0.281629  0.159792  0.170794  0.145480  0.208824  0.158169  0.510024  0.542421  0.288088  0.319291  0.272432  0.494389  0.501362  0.334327  0.593343 0.0  0.084397  0.601311  0.104229  0.626948  0.661434  0.538437  0.179334  0.226468  0.770474  0.515053  0.174973  0.306957  0.384028  0.378919  0.401713  0.103820  0.281613  0.069794  0.386770  0.224364  0.541719  0.208062  0.395551  0.776453  0.482737  0.069794  0.231815  0.114481  0.513123  0.516624  0.188140  0.478202  0.466026  0.336665  0.232708  0.234937 
25  0.235153  0.329344  0.561856  0.597447  0.621287  0.466565  0.237459  0.202634  0.399716  0.234960  0.086403  0.199874  0.136376  0.224046  0.178134  0.552760  0.549054  0.290836  0.256072  0.265066  0.433964  0.435369  0.229617  0.450888  0.084397 0.0  0.593706  0.279233  0.551923  0.570085  0.553958  0.094134  0.279019  0.684810  0.531754  0.069794  0.338295  0.439163  0.400681  0.503295  0.175885  0.245485  0.076873  0.378049  0.204979  0.474344  0.277980  0.520733  0.638468  0.268918  0.113304  0.243504  0.069794  0.426906  0.593444  0.138966  0.348416  0.437317  0.241807  0.267858  0.238679 
26  0.593225  0.476700  0.205009  0.234793  0.253052  0.249273  0.757113  0.616281  0.731977  0.877836  0.652167  0.772811  0.812278  0.829346  0.675147  0.118502  0.069794  0.840839  0.827635  0.810703  0.196629  0.261673  0.526990  0.235152  0.601311  0.593706 0.0  0.605582  0.157758  0.111756  0.303352  0.786728  0.472108  0.108514  0.164618  0.657934  0.833475  0.175617  0.306114  0.129232  0.575530  0.724420  0.509880  0.293271  0.693965  0.223477  0.743418  0.172737  0.114839  0.730380  0.669911  0.658803  0.719392  0.240413  0.210936  0.663333  0.192900  0.191727  0.830004  0.894523  0.535070 
27  0.153284  0.261160  0.664276  0.732060  0.593782  0.527334  0.307793  0.106131  0.318119  0.244681  0.219651  0.243206  0.309816  0.151797  0.356233  0.489494  0.571405  0.399442  0.233221  0.232190  0.534983  0.452016  0.203358  0.553051  0.104229  0.279233  0.605582 0.0  0.709641  0.609955  0.697382  0.282488  0.211374  0.621257  0.515264  0.153325  0.233718  0.528122  0.335970  0.502563  0.069794  0.114228  0.189674  0.429955  0.132512  0.466155  0.130808  0.538895  0.795163  0.167950  0.166003  0.244996  0.230551  0.409261  0.417631  0.109453  0.463930  0.484302  0.243561  0.298268  0.171386 
28  0.609925  0.447090  0.141021  0.135090  0.124455  0.201571  0.835030  0.723662  0.851212  0.709433  0.595067  0.684718  0.952469  0.659999  0.659717  0.207553  0.090958  0.936051  0.780078  0.700977  0.216166  0.240089  0.467355  0.159400  0.626948  0.551923  0.157758  0.709641 0.0  0.139809  0.103473  0.729062  0.485241  0.152930  0.237350  0.688100  0.958553  0.187341  0.439564  0.195866  0.523992  0.724058  0.575189  0.224880  0.594843  0.178938  0.663437  0.144988  0.326736  0.731699  0.670109  0.726794  0.579982  0.424862  0.203863  0.508614  0.192811  0.265242  0.853719  0.735591  0.522223 
29  0.567886  0.464339  0.262456  0.244738  0.069794  0.137232  0.856499  0.457405  0.775895  0.774257  0.656301  0.782150  0.729957  0.731479  0.733359  0.132938  0.163318  0.789765  0.805073  0.698314  0.167193  0.144735  0.346862  0.115449  0.661434  0.570085  0.111756  0.609955  0.139809 0.0  0.212340  0.760778  0.388910  0.193230  0.236934  0.675845  0.760118  0.315008  0.296901  0.167129  0.515958  0.679038  0.474806  0.188791  0.628265  0.171745  0.552902  0.395880  0.170855  0.757291  0.553054  0.742693  0.786176  0.257890  0.089786  0.533070  0.127585  0.355984  0.701710  0.807781  0.340618 
30  0.641298  0.424201  0.241696  0.116358  0.133765  0.213603  0.700975  0.537587  0.718010  0.805638  0.663733  0.625547  0.738258  0.670060  0.642498  0.259860  0.164523  0.726501  0.799875  0.598109  0.117218  0.187121  0.434233  0.227587  0.538437  0.553958  0.303352  0.697382  0.103473  0.212340 0.0  0.655968  0.418472  0.283660  0.069794  0.577411  0.754695  0.344777  0.279080  0.162953  0.560867  0.678345  0.476233  0.234295  0.622133  0.147372  0.587694  0.190635  0.195300  0.853698  0.690797  0.812152  0.719795  0.254615  0.233199  0.546184  0.231853  0.122492  0.732181  0.707622  0.411080 
31  0.281354  0.418226  0.713498  0.733751  0.720009  0.565200  0.244298  0.303352  0.222539  0.352543  0.222688  0.121680  0.232467  0.187730  0.195242  0.621481  0.639093  0.195517  0.155477  0.160044  0.553296  0.506163  0.365966  0.616460  0.179334  0.094134  0.786728  0.282488  0.729062  0.760778  0.655968 0.0  0.380251  0.686223  0.611907  0.197486  0.322815  0.589910  0.484795  0.583270  0.196959  0.120637  0.335140  0.527678  0.351561  0.568634  0.326988  0.521043  0.936850  0.313188  0.226225  0.294849  0.092477  0.478305  0.573802  0.325562  0.608900  0.557315  0.262351  0.177014  0.412749 
32  0.283080  0.069794  0.469475  0.428721  0.488183  0.323281  0.341488  0.146303  0.431207  0.355381  0.308879  0.305929  0.379213  0.424185  0.502162  0.395936  0.462931  0.493298  0.385109  0.356831  0.306726  0.282586  0.212387  0.420005  0.226468  0.279019  0.472108  0.211374  0.485241  0.388910  0.418472  0.380251 0.0  0.444044  0.332968  0.324623  0.526754  0.297710  0.148420  0.289711  0.159838  0.361962  0.193499  0.174201  0.261102  0.356248  0.339393  0.318028  0.579730  0.356000  0.255707  0.262797  0.386129  0.216589  0.284097  0.157399  0.500708  0.306980  0.324618  0.482593  0.168052 
33  0.662186  0.441066  0.178397  0.230118  0.086488  0.187082  0.769510  0.487913  0.843972  0.817926  0.707754  0.683499  0.784396  0.777479  0.710258  0.270368  0.198201  0.817476  0.769483  0.691390  0.166820  0.333186  0.513151  0.125744  0.770474  0.684810  0.108514  0.621257  0.152930  0.193230  0.283660  0.686223  0.444044 0.0  0.170559  0.614635  0.778300  0.303195  0.459219  0.176055  0.640597  0.719911  0.536341  0.298679  0.493908  0.289249  0.669993  0.122044  0.330275  0.888730  0.763509  0.694113  0.663685  0.230961  0.147090  0.542621  0.191802  0.191080  0.792084  0.829998  0.405133 
34  0.635547  0.331303  0.238027  0.157946  0.138512  0.208366  0.661300  0.453601  0.659676  0.689971  0.538959  0.692067  0.695046  0.739071  0.581602  0.155446  0.082283  0.704488  0.733138  0.512836  0.074854  0.073693  0.385571  0.202548  0.515053  0.531754  0.164618  0.515264  0.237350  0.236934  0.069794  0.611907  0.332968  0.170559 0.0  0.476757  0.724210  0.199850  0.205885  0.085269  0.449160  0.637580  0.338010  0.122660  0.592694  0.069794  0.526951  0.069794  0.378331  0.690335  0.584742  0.563079  0.499467  0.172524  0.146681  0.501722  0.171221  0.069794  0.543702  0.607657  0.346595 
35  0.203687  0.272469  0.677206  0.655588  0.559296  0.355647  0.234140  0.164241  0.124814  0.133251  0.082163  0.172211  0.184146  0.333249  0.250201  0.517419  0.648273  0.365234  0.337796  0.200748  0.597070  0.507472  0.385086  0.557713  0.174973  0.069794  0.657934  0.153325  0.688100  0.675845  0.577411  0.197486  0.324623  0.614635  0.476757 0.0  0.312723  0.515305  0.369023  0.460542  0.158400  0.110243  0.287239  0.505185  0.073925  0.527799  0.088892  0.502565  0.736567  0.349096  0.149498  0.206842  0.236504  0.413593  0.517566  0.108628  0.570693  0.456280  0.142199  0.143222  0.277095 
36  0.181503  0.474905  0.877256  0.906170  0.823673  0.765898  0.177687  0.409008  0.183752  0.155300  0.251055  0.265946  0.311632  0.190958  0.317629  0.751577  0.613003  0.372892  0.198325  0.196181  0.695904  0.767244  0.514818  0.839800  0.306957  0.338295  0.833475  0.233718  0.958553  0.760118  0.754695  0.322815  0.526754  0.778300  0.724210  0.312723 0.0  0.697870  0.631986  0.656868  0.367872  0.195818  0.435907  0.712448  0.387664  0.726701  0.264852  0.664697  1.000000  0.193055  0.385225  0.181751  0.251014  0.778427  0.634336  0.295724  0.596890  0.767767  0.280032  0.194819  0.518296 
37  0.511105  0.279842  0.202652  0.272524  0.213230  0.180347  0.635308  0.382499  0.683119  0.588926  0.441863  0.562828  0.478304  0.681088  0.542679  0.141171  0.226473  0.606116  0.730444  0.471711  0.209049  0.069794  0.259397  0.148745  0.384028  0.439163  0.175617  0.528122  0.187341  0.315008  0.344777  0.589910  0.297710  0.303195  0.199850  0.515305  0.697870 0.0  0.222581  0.069794  0.374364  0.456822  0.354608  0.151057  0.517284  0.131501  0.481598  0.080967  0.394640  0.620904  0.476238  0.514692  0.540860  0.098952  0.107620  0.354221  0.128348  0.155964  0.613475  0.595022  0.280205 
38  0.388515  0.227169  0.385043  0.385889  0.355789  0.296337  0.585768  0.338245  0.574713  0.567038  0.445889  0.489497  0.580133  0.525475  0.547716  0.330484  0.352592  0.595484  0.516218  0.463268  0.334313  0.363496  0.114207  0.252481  0.378919  0.400681  0.306114  0.335970  0.439564  0.296901  0.279080  0.484795  0.148420  0.459219  0.205885  0.369023  0.631986  0.222581 0.0  0.069794  0.323569  0.458053  0.440160  0.321497  0.441841  0.222723  0.388754  0.262360  0.340575  0.478674  0.427867  0.422186  0.551628  0.237477  0.159859  0.377153  0.167597  0.285567  0.548371  0.593082  0.198268 
39  0.481922  0.363580  0.286051  0.319212  0.206347  0.149722  0.599675  0.476788  0.701989  0.622720  0.474217  0.580310  0.614440  0.574453  0.574148  0.184738  0.127664  0.582280  0.590860  0.482748  0.209848  0.151652  0.273169  0.192999  0.401713  0.503295  0.129232  0.502563  0.195866  0.167129  0.162953  0.583270  0.289711  0.176055  0.085269  0.460542  0.656868  0.069794  0.069794 0.0  0.318210  0.503085  0.384401  0.230192  0.308285  0.114666  0.474085  0.130480  0.450427  0.652226  0.493467  0.450690  0.498811  0.069794  0.078021  0.421206  0.069794  0.174637  0.678857  0.665783  0.293251 
40  0.069794  0.187946  0.637637  0.581045  0.597430  0.463393  0.244783  0.143059  0.268965  0.332908  0.197917  0.238561  0.278752  0.298691  0.257367  0.457048  0.500975  0.335914  0.350310  0.215233  0.593458  0.465154  0.295138  0.598014  0.103820  0.175885  0.575530  0.069794  0.523992  0.515958  0.560867  0.196959  0.159838  0.640597  0.449160  0.158400  0.367872  0.374364  0.323569  0.318210 0.0  0.212358  0.191266  0.505581  0.173458  0.422250  0.202907  0.454298  0.696305  0.328504  0.122835  0.206194  0.141548  0.413156  0.540093  0.069794  0.448427  0.456334  0.300339  0.288248  0.187068 
41  0.187751  0.249549  0.812218  0.721486  0.731926  0.577583  0.210391  0.200604  0.185178  0.087528  0.069794  0.170239  0.142797  0.107036  0.226368  0.655982  0.698737  0.329326  0.232604  0.188809  0.512518  0.469869  0.326331  0.681910  0.281613  0.245485  0.724420  0.114228  0.724058  0.679038  0.678345  0.120637  0.361962  0.719911  0.637580  0.110243  0.195818  0.456822  0.458053  0.503085  0.212358 0.0  0.386728  0.579911  0.120529  0.753676  0.069794  0.582153  0.746936  0.115248  0.111965  0.107179  0.203531  0.551049  0.565793  0.260488  0.643816  0.513415  0.139791  0.107720  0.349452 
42  0.314870  0.170498  0.524332  0.464723  0.434020  0.350360  0.322938  0.178843  0.364131  0.456490  0.292607  0.296666  0.333063  0.332778  0.305345  0.476094  0.508382  0.416912  0.314175  0.289463  0.467056  0.342277  0.315455  0.442469  0.069794  0.076873  0.509880  0.189674  0.575189  0.474806  0.476233  0.335140  0.193499  0.536341  0.338010  0.287239  0.435907  0.354608  0.440160  0.384401  0.191266  0.386728 0.0  0.453466  0.196531  0.509765  0.244107  0.315771  0.680511  0.382081  0.243886  0.275195  0.211002  0.283397  0.389498  0.110454  0.418517  0.484321  0.321164  0.252225  0.234804 
43  0.462799  0.312020  0.176515  0.269588  0.198219  0.157083  0.573353  0.559036  0.534844  0.522294  0.538246  0.506728  0.612089  0.631704  0.737081  0.237369  0.165761  0.634263  0.643696  0.588239  0.103335  0.202882  0.307888  0.152909  0.386770  0.378049  0.293271  0.429955  0.224880  0.188791  0.234295  0.527678  0.174201  0.298679  0.122660  0.505185  0.712448  0.151057  0.321497  0.230192  0.505581  0.579911  0.453466 0.0  0.485154  0.069794  0.499730  0.146411  0.338010  0.696282  0.501320  0.648130  0.414165  0.147611  0.127745  0.356732  0.262716  0.069794  0.665784  0.670262  0.324085 
44  0.069794  0.305775  0.734599  0.728618  0.595320  0.532678  0.254950  0.139182  0.271664  0.161666  0.213135  0.251276  0.225666  0.176100  0.136072  0.460759  0.577654  0.301081  0.197119  0.100205  0.565891  0.548598  0.262901  0.554255  0.224364  0.204979  0.693965  0.132512  0.594843  0.628265  0.622133  0.351561  0.261102  0.493908  0.592694  0.073925  0.387664  0.517284  0.441841  0.308285  0.173458  0.120529  0.196531  0.485154 0.0  0.534174  0.069794  0.302744  0.668082  0.226620  0.176823  0.186666  0.217691  0.310741  0.481406  0.169365  0.534667  0.593962  0.223019  0.176280  0.218878 
45  0.537796  0.398179  0.215383  0.162953  0.161137  0.116164  0.685874  0.501181  0.713694  0.701146  0.515372  0.626855  0.630296  0.650161  0.738971  0.158971  0.085516  0.754292  0.757534  0.626094  0.157703  0.149393  0.301627  0.220024  0.541719  0.474344  0.223477  0.466155  0.178938  0.171745  0.147372  0.568634  0.356248  0.289249  0.069794  0.527799  0.726701  0.131501  0.222723  0.114666  0.422250  0.753676  0.509765  0.069794  0.534174 0.0  0.511249  0.208426  0.338314  0.838146  0.634413  0.619072  0.577197  0.127847  0.160467  0.494382  0.069794  0.076988  0.532565  0.621259  0.395410 
46  0.189670  0.298557  0.719901  0.728699  0.602337  0.598613  0.104929  0.102991  0.244051  0.168517  0.115591  0.131910  0.080535  0.141441  0.327075  0.626972  0.567338  0.319276  0.147576  0.115268  0.569177  0.599040  0.154825  0.648034  0.208062  0.277980  0.743418  0.130808  0.663437  0.552902  0.587694  0.326988  0.339393  0.669993  0.526951  0.088892  0.264852  0.481598  0.388754  0.474085  0.202907  0.069794  0.244107  0.499730  0.069794  0.511249 0.0  0.511315  0.766675  0.201741  0.118503  0.189320  0.265748  0.470885  0.527443  0.243355  0.433701  0.501892  0.186139  0.201297  0.254106 
47  0.409114  0.413073  0.286142  0.250138  0.219801  0.069794  0.659117  0.394181  0.674061  0.617682  0.563007  0.557375  0.552704  0.565884  0.668923  0.256167  0.157685  0.534954  0.480148  0.599857  0.071404  0.069794  0.289084  0.206783  0.395551  0.520733  0.172737  0.538895  0.144988  0.395880  0.190635  0.521043  0.318028  0.122044  0.069794  0.502565  0.664697  0.080967  0.262360  0.130480  0.454298  0.582153  0.315771  0.146411  0.302744  0.208426  0.511315 0.0  0.318123  0.691913  0.563577  0.624150  0.524883  0.143569  0.069794  0.440814  0.262032  0.117370  0.697888  0.574561  0.441542 
48  0.697622  0.610529  0.176937  0.230666  0.268638  0.409272  0.843576  0.598966  0.770554  0.880180  0.869581  0.868990  0.883582  0.807251  0.897907  0.189098  0.159884  0.960004  0.998781  0.801066  0.225461  0.421376  0.428452  0.289490  0.776453  0.638468  0.114839  0.795163  0.326736  0.170855  0.195300  0.936850  0.579730  0.330275  0.378331  0.736567  1.000000  0.394640  0.340575  0.450427  0.696305  0.746936  0.680511  0.338010  0.668082  0.338314  0.766675  0.318123 0.0  0.921808  0.700783  0.787490  0.787757  0.398271  0.294249  0.735706  0.287120  0.431607  0.824754  0.809607  0.600183 
49  0.347249  0.492278  0.988267  0.890098  0.765357  0.820327  0.156103  0.289507  0.237607  0.162473  0.222632  0.363590  0.254897  0.111019  0.249934  0.626373  0.731482  0.302207  0.223511  0.124856  0.762588  0.678484  0.516505  0.734309  0.482737  0.268918  0.730380  0.167950  0.731699  0.757291  0.853698  0.313188  0.356000  0.888730  0.690335  0.349096  0.193055  0.620904  0.478674  0.652226  0.328504  0.115248  0.382081  0.696282  0.226620  0.838146  0.201741  0.691913  0.921808 0.0  0.301671  0.130619  0.392054  0.633619  0.673206  0.367576  0.686425  0.619614  0.252390  0.237573  0.388717 
50  0.199724  0.406322  0.679882  0.728848  0.709779  0.520786  0.116848  0.076506  0.197753  0.235258  0.069794  0.069794  0.133290  0.290373  0.112857  0.651806  0.704503  0.234970  0.111067  0.163912  0.606176  0.516630  0.390145  0.638973  0.069794  0.113304  0.669911  0.166003  0.670109  0.553054  0.690797  0.226225  0.255707  0.763509  0.584742  0.149498  0.385225  0.476238  0.427867  0.493467  0.122835  0.111965  0.243886  0.501320  0.176823  0.634413  0.118503  0.563577  0.700783  0.301671 0.0  0.162024  0.166180  0.528306  0.436438  0.089132  0.548193  0.546155  0.215333  0.151344  0.315125 
51  0.111811  0.256186  0.616025  0.769795  0.742589  0.667118  0.082147  0.219397  0.278289  0.166977  0.147902  0.275382  0.290092  0.164620  0.254512  0.681844  0.685411  0.386503  0.317176  0.099787  0.483742  0.628425  0.396900  0.667885  0.231815  0.243504  0.658803  0.244996  0.726794  0.742693  0.812152  0.294849  0.262797  0.694113  0.563079  0.206842  0.181751  0.514692  0.422186  0.450690  0.206194  0.107179  0.275195  0.648130  0.186666  0.619072  0.189320  0.624150  0.787490  0.130619  0.162024 0.0  0.333877  0.543602  0.528437  0.199852  0.577947  0.548183  0.160438  0.273687  0.271047 
52  0.259159  0.333384  0.680630  0.738639  0.626615  0.606518  0.218835  0.163042  0.309754  0.310221  0.227772  0.185017  0.197554  0.217881  0.203987  0.651197  0.638538  0.224972  0.234601  0.192390  0.502329  0.510939  0.413526  0.663258  0.114481  0.069794  0.719392  0.230551  0.579982  0.786176  0.719795  0.092477  0.386129  0.663685  0.499467  0.236504  0.251014  0.540860  0.551628  0.498811  0.141548  0.203531  0.211002  0.414165  0.217691  0.577197  0.265748  0.524883  0.787757  0.392054  0.166180  0.333877 0.0  0.596905  0.565547  0.235644  0.616711  0.513712  0.158249  0.280893  0.294440 
53  0.482927  0.410696  0.412569  0.246514  0.257555  0.107009  0.607636  0.432940  0.581962  0.554184  0.508417  0.472743  0.551642  0.575336  0.536288  0.353243  0.266189  0.615296  0.647366  0.451375  0.259177  0.114765  0.311696  0.115615  0.513123  0.426906  0.240413  0.409261  0.424862  0.257890  0.254615  0.478305  0.216589  0.230961  0.172524  0.413593  0.778427  0.098952  0.237477  0.069794  0.413156  0.551049  0.283397  0.147611  0.310741  0.127847  0.470885  0.143569  0.398271  0.633619  0.528306  0.543602  0.596905 0.0  0.080174  0.424364  0.304272  0.075514  0.547515  0.623613  0.332580 
54  0.520019  0.316724  0.208545  0.385632  0.071756  0.069794  0.615969  0.391839  0.617165  0.635739  0.485911  0.498027  0.589011  0.651518  0.573671  0.201327  0.183925  0.559669  0.586171  0.462189  0.111848  0.153818  0.347825  0.132316  0.516624  0.593444  0.210936  0.417631  0.203863  0.089786  0.233199  0.573802  0.284097  0.147090  0.146681  0.517566  0.634336  0.107620  0.159859  0.078021  0.540093  0.565793  0.389498  0.127745  0.481406  0.160467  0.527443  0.069794  0.294249  0.673206  0.436438  0.528437  0.565547  0.080174 0.0  0.396458  0.069794  0.073097  0.538533  0.554164  0.283846 
55  0.069794  0.196761  0.547651  0.497620  0.483140  0.452057  0.371252  0.225171  0.206169  0.231176  0.252921  0.274046  0.306528  0.210116  0.292464  0.515137  0.467824  0.362558  0.477710  0.176099  0.389580  0.341329  0.255581  0.483504  0.188140  0.138966  0.663333  0.109453  0.508614  0.533070  0.546184  0.325562  0.157399  0.542621  0.501722  0.108628  0.295724  0.354221  0.377153  0.421206  0.069794  0.260488  0.110454  0.356732  0.169365  0.494382  0.243355  0.440814  0.735706  0.367576  0.089132  0.199852  0.235644  0.424364  0.396458 0.0  0.439206  0.439866  0.240435  0.283466  0.178767 
56  0.526277  0.437232  0.303025  0.338660  0.220114  0.338133  0.640176  0.550401  0.673540  0.530900  0.501256  0.718921  0.622490  0.585653  0.675909  0.204986  0.114956  0.830322  0.677280  0.490308  0.282334  0.167628  0.261179  0.159515  0.478202  0.348416  0.192900  0.463930  0.192811  0.127585  0.231853  0.608900  0.500708  0.191802  0.171221  0.570693  0.596890  0.128348  0.167597  0.069794  0.448427  0.643816  0.418517  0.262716  0.534667  0.069794  0.433701  0.262032  0.287120  0.686425  0.548193  0.577947  0.616711  0.304272  0.069794  0.439206 0.0  0.301050  0.764134  0.631832  0.391128 
57  0.462317  0.315182  0.227286  0.147715  0.174874  0.069794  0.637105  0.427066  0.645882  0.581092  0.517731  0.494368  0.613240  0.642565  0.641073  0.218628  0.160266  0.528102  0.643566  0.529780  0.152470  0.069794  0.256876  0.119799  0.466026  0.437317  0.191727  0.484302  0.265242  0.355984  0.122492  0.557315  0.306980  0.191080  0.069794  0.456280  0.767767  0.155964  0.285567  0.174637  0.456334  0.513415  0.484321  0.069794  0.593962  0.076988  0.501892  0.117370  0.431607  0.619614  0.546155  0.548183  0.513712  0.075514  0.073097  0.439866  0.301050 0.0  0.587042  0.654263  0.372855 
58  0.193995  0.358529  0.849874  0.811760  0.793692  0.673636  0.069794  0.279696  0.069794  0.198870  0.231243  0.235142  0.132758  0.105566  0.212827  0.682216  0.577212  0.183719  0.106920  0.100072  0.626512  0.707600  0.455562  0.763053  0.336665  0.241807  0.830004  0.243561  0.853719  0.701710  0.732181  0.262351  0.324618  0.792084  0.543702  0.142199  0.280032  0.613475  0.548371  0.678857  0.300339  0.139791  0.321164  0.665784  0.223019  0.532565  0.186139  0.697888  0.824754  0.252390  0.215333  0.160438  0.158249  0.547515  0.538533  0.240435  0.764134  0.587042 0.0  0.102257  0.342184 
59  0.244544  0.465680  0.839714  0.711951  0.855882  0.612140  0.100815  0.218767  0.071824  0.086160  0.140395  0.225490  0.075870  0.069794  0.104061  0.698980  0.832115  0.184751  0.145193  0.297177  0.669969  0.611101  0.369135  0.642319  0.232708  0.267858  0.894523  0.298268  0.735591  0.807781  0.707622  0.177014  0.482593  0.829998  0.607657  0.143222  0.194819  0.595022  0.593082  0.665783  0.288248  0.107720  0.252225  0.670262  0.176280  0.621259  0.201297  0.574561  0.809607  0.237573  0.151344  0.273687  0.280893  0.623613  0.554164  0.283466  0.631832  0.654263  0.102257 0.0  0.493476 
60  0.215009  0.100704  0.530189  0.522591  0.429764  0.322185  0.392809  0.155254  0.465159  0.477419  0.332829  0.310011  0.465535  0.455951  0.402005  0.415827  0.372432  0.548187  0.535388  0.260514  0.334002  0.226327  0.069794  0.392580  0.234937  0.238679  0.535070  0.171386  0.522223  0.340618  0.411080  0.412749  0.168052  0.405133  0.346595  0.277095  0.518296  0.280205  0.198268  0.293251  0.187068  0.349452  0.234804  0.324085  0.218878  0.395410  0.254106  0.441542  0.600183  0.388717  0.315125  0.271047  0.294440  0.332580  0.283846  0.178767  0.391128  0.372855  0.342184  0.493476 0.0 
