61
0 0.0  0.284678  0.708371  0.671776  0.646539  0.554363  0.347739  0.237162  0.271188  0.286927  0.208514  0.183909  0.251787  0.240492  0.222846  0.475886  0.607322  0.455932  0.287201  0.199764  0.503710  0.392993  0.294665  0.576508  0.313543  0.211270  0.647818  0.083459  0.632058  0.573471  0.616734  0.320783  0.348333  0.574624  0.588209  0.246684  0.344754  0.520526  0.375412  0.471846  0.083459  0.181148  0.276616  0.458796  0.138357  0.458033  0.105475  0.508865  0.710469  0.265639  0.151495  0.161932  0.192544  0.411514  0.494861  0.276863  0.605821  0.456586  0.209482  0.230589  0.286708 
1  0.284678 0.0  0.469015  0.577620  0.500908  0.342747  0.481350  0.174658  0.388940  0.391465  0.331030  0.329242  0.387898  0.371781  0.426906  0.476191  0.393251  0.466833  0.405207  0.256865  0.386883  0.358499  0.112812  0.416179  0.270063  0.162319  0.271405  0.225248  0.443288  0.469906  0.396242  0.399801  0.146075  0.492781  0.357926  0.368143  0.469881  0.241786  0.185151  0.268488  0.260610  0.343371  0.220905  0.285299  0.330428  0.274735  0.372242  0.426548  0.499680  0.370476  0.355371  0.354658  0.461191  0.161419  0.274167  0.155379  0.424122  0.180829  0.504814  0.438344  0.175161 
2  0.708371  0.469015 0.0  0.174513  0.196426  0.337701  0.780337  0.611067  0.838234  0.887419  0.681374  0.743705  0.768378  0.709168  0.751919  0.367122  0.197062  0.947470  0.835446  0.738597  0.308514  0.300962  0.464912  0.218224  0.656600  0.687180  0.280633  0.696786  0.102871  0.289932  0.178360  0.709597  0.547364  0.164556  0.298380  0.610275  0.887349  0.266640  0.387208  0.278848  0.610491  0.733771  0.461342  0.229610  0.749458  0.301975  0.747285  0.267146  0.349529  0.851729  0.698823  0.649360  0.751646  0.340363  0.283370  0.618705  0.323460  0.290697  0.872425  0.862053  0.532490 
3  0.671776  0.577620  0.174513 0.0  0.083459  0.354808  0.868299  0.639973  0.779140  0.820731  0.695929  0.781597  0.806816  0.748083  0.789055  0.282984  0.238447  0.854384  0.882258  0.712957  0.221631  0.307406  0.444777  0.298002  0.698570  0.642377  0.211011  0.651430  0.121716  0.271252  0.108741  0.706294  0.455937  0.214286  0.306072  0.643389  0.982054  0.296147  0.427780  0.291923  0.569392  0.707802  0.503952  0.352676  0.701261  0.193969  0.582998  0.168368  0.349984  0.878529  0.702831  0.756286  0.735633  0.287698  0.197791  0.605068  0.301673  0.266237  0.817292  0.844855  0.550187 
4  0.646539  0.500908  0.196426  0.083459 0.0  0.258687  0.747350  0.577290  0.754448  0.724648  0.745012  0.615251  0.727002  0.726665  0.785277  0.093131  0.149581  0.799549  0.694707  0.657178  0.219673  0.270111  0.491558  0.198652  0.590600  0.612483  0.203611  0.548923  0.099559  0.126359  0.152366  0.710888  0.517319  0.181558  0.116053  0.628378  0.833908  0.250317  0.343575  0.196169  0.557929  0.805813  0.463987  0.229406  0.611766  0.083459  0.696555  0.220218  0.293738  0.810247  0.680822  0.795528  0.611339  0.279202  0.236151  0.524357  0.231211  0.293668  0.685642  0.709101  0.474899 
5  0.554363  0.342747  0.337701  0.354808  0.258687 0.0  0.584339  0.440182  0.701963  0.733937  0.480178  0.508265  0.679508  0.567731  0.590304  0.192893  0.320289  0.791012  0.644554  0.602166  0.114985  0.106046  0.447331  0.186985  0.520573  0.456165  0.280480  0.517775  0.249768  0.246584  0.174866  0.570426  0.418402  0.333752  0.083459  0.513678  0.656097  0.115857  0.369608  0.124360  0.471450  0.519149  0.371339  0.083459  0.424600  0.101575  0.592896  0.083459  0.371743  0.692565  0.561624  0.629560  0.504602  0.213422  0.145617  0.442146  0.181588  0.237926  0.587643  0.676424  0.405452 
6  0.347739  0.481350  0.780337  0.868299  0.747350  0.584339 0.0  0.275720  0.083459  0.096398  0.146426  0.258561  0.145858  0.118471  0.107406  0.644284  0.821733  0.282784  0.138233  0.128050  0.570050  0.568221  0.415979  0.719190  0.232520  0.261960  0.813547  0.243649  0.786108  0.751728  0.813110  0.290742  0.417935  0.747864  0.745088  0.231531  0.171720  0.709104  0.552576  0.642137  0.285396  0.083459  0.330254  0.573972  0.284720  0.728424  0.289242  0.557419  0.838124  0.158501  0.164041  0.188351  0.157860  0.629360  0.723007  0.297583  0.630488  0.597011  0.120059  0.083459  0.301968 
7  0.237162  0.174658  0.611067  0.639973  0.577290  0.440182  0.275720 0.0  0.342460  0.280437  0.236124  0.159759  0.326728  0.351829  0.287951  0.452890  0.497809  0.309086  0.360989  0.170308  0.417660  0.488367  0.173849  0.609279  0.143856  0.216394  0.578078  0.083459  0.536883  0.560248  0.524510  0.355999  0.300235  0.544114  0.482238  0.184363  0.241417  0.485404  0.369836  0.381069  0.212025  0.144013  0.259587  0.391005  0.160912  0.502203  0.220494  0.327051  0.670401  0.266611  0.147034  0.246038  0.271494  0.428626  0.473084  0.201637  0.444939  0.455324  0.406294  0.289801  0.193568 
8  0.271188  0.388940  0.838234  0.779140  0.754448  0.701963  0.083459  0.342460 0.0  0.270084  0.267741  0.174096  0.102079  0.256010  0.180009  0.716789  0.766221  0.235931  0.183184  0.213971  0.679655  0.697625  0.456136  0.794948  0.240966  0.201955  0.727274  0.292631  0.862981  0.727236  0.664262  0.271668  0.469382  0.825707  0.708759  0.283640  0.266772  0.597482  0.575256  0.576736  0.269538  0.087808  0.335813  0.612128  0.337260  0.773924  0.235874  0.612391  0.782428  0.087790  0.183913  0.250254  0.266373  0.582859  0.616500  0.307224  0.708111  0.581528  0.137710  0.117579  0.295667 
9  0.286927  0.391465  0.887419  0.820731  0.724648  0.733937  0.096398  0.280437  0.270084 0.0  0.209462  0.222358  0.213643  0.110507  0.343891  0.660500  0.589392  0.290229  0.301821  0.118739  0.565946  0.595530  0.407214  0.658126  0.258210  0.320172  0.824061  0.310859  0.799650  0.722058  0.755254  0.325050  0.392638  0.727788  0.707497  0.168039  0.149192  0.611034  0.509791  0.620523  0.204944  0.131486  0.340614  0.619180  0.278084  0.747750  0.165153  0.719369  0.905590  0.153248  0.173309  0.148391  0.307784  0.705052  0.548428  0.275932  0.620866  0.483000  0.197104  0.102767  0.330159 
10  0.208514  0.331030  0.681374  0.695929  0.745012  0.480178  0.146426  0.236124  0.267741  0.209462 0.0  0.215082  0.225860  0.252312  0.160234  0.569784  0.627640  0.321656  0.224277  0.154539  0.542478  0.480356  0.295440  0.526091  0.256615  0.098138  0.785341  0.143579  0.670960  0.538663  0.649121  0.214679  0.160737  0.673604  0.514988  0.117616  0.291482  0.456341  0.396688  0.405474  0.190233  0.190262  0.190688  0.551626  0.150051  0.551473  0.109768  0.486068  0.718593  0.215583  0.099317  0.183046  0.153910  0.569890  0.517474  0.274528  0.440674  0.430672  0.135445  0.187983  0.301745 
11  0.183909  0.329242  0.743705  0.781597  0.615251  0.508265  0.258561  0.159759  0.174096  0.222358  0.215082 0.0  0.251880  0.135146  0.181478  0.653342  0.667888  0.246047  0.117984  0.207074  0.571492  0.540936  0.429069  0.624204  0.154009  0.150602  0.710340  0.234328  0.616483  0.629986  0.628142  0.130377  0.257256  0.767566  0.578422  0.198416  0.289566  0.553500  0.505828  0.503449  0.262193  0.206606  0.279550  0.486312  0.233628  0.641565  0.133436  0.432543  0.776474  0.217670  0.150762  0.198017  0.182256  0.530461  0.594493  0.242590  0.607076  0.559641  0.165466  0.262787  0.326934 
12  0.251787  0.387898  0.768378  0.806816  0.727002  0.679508  0.145858  0.326728  0.102079  0.213643  0.225860  0.251880 0.0  0.083459  0.083459  0.762658  0.695206  0.189897  0.083459  0.083459  0.560206  0.599021  0.508286  0.696290  0.241888  0.160882  0.747984  0.248893  0.812211  0.691492  0.726825  0.144353  0.307610  0.825716  0.679422  0.158196  0.222784  0.607850  0.401775  0.517907  0.209865  0.198768  0.331616  0.695059  0.191005  0.676359  0.247848  0.467250  0.812031  0.222806  0.222253  0.147058  0.233255  0.616532  0.625053  0.231276  0.680130  0.723617  0.083459  0.144973  0.311161 
13  0.240492  0.371781  0.709168  0.748083  0.726665  0.567731  0.118471  0.351829  0.256010  0.110507  0.252312  0.135146  0.083459 0.0  0.148728  0.731260  0.665674  0.322843  0.172559  0.171459  0.661621  0.524504  0.449039  0.594697  0.213936  0.319557  0.700604  0.290356  0.859223  0.676195  0.729403  0.233038  0.302248  0.742270  0.646718  0.216393  0.083459  0.535434  0.485663  0.608758  0.211848  0.209672  0.355003  0.463363  0.240642  0.571749  0.163380  0.539967  0.871380  0.083459  0.106557  0.167884  0.142646  0.480172  0.587590  0.236273  0.649613  0.668504  0.141445  0.094854  0.399621 
14  0.222846  0.426906  0.751919  0.789055  0.785277  0.590304  0.107406  0.287951  0.180009  0.343891  0.160234  0.181478  0.083459  0.148728 0.0  0.699419  0.708395  0.202854  0.180023  0.244996  0.618098  0.591487  0.458320  0.631422  0.216570  0.270259  0.766749  0.377266  0.851141  0.917798  0.669836  0.098092  0.423051  0.735686  0.667220  0.292938  0.152642  0.673105  0.550881  0.625271  0.234607  0.206555  0.273291  0.675018  0.175970  0.643498  0.263978  0.577586  0.825781  0.308229  0.355539  0.189418  0.185286  0.544187  0.526031  0.328990  0.645513  0.603494  0.083459  0.133535  0.336567 
15  0.475886  0.476191  0.367122  0.282984  0.093131  0.192893  0.644284  0.452890  0.716789  0.660500  0.569784  0.653342  0.762658  0.731260  0.699419 0.0  0.216829  0.732748  0.706504  0.546967  0.213965  0.180804  0.460988  0.171035  0.612621  0.602830  0.127344  0.558346  0.094847  0.099766  0.260923  0.736918  0.406060  0.286249  0.191113  0.614045  0.787529  0.283619  0.270918  0.192347  0.522198  0.699190  0.397261  0.183568  0.544505  0.083459  0.627637  0.153570  0.251863  0.706330  0.692826  0.661836  0.504094  0.246269  0.145351  0.646053  0.098348  0.159346  0.749004  0.681818  0.281353 
16  0.607322  0.393251  0.197062  0.238447  0.149581  0.320289  0.821733  0.497809  0.766221  0.589392  0.627640  0.667888  0.695206  0.665674  0.708395  0.216829 0.0  0.601012  0.762090  0.590930  0.132699  0.188640  0.464747  0.215605  0.579491  0.589812  0.211935  0.465994  0.222482  0.261989  0.156919  0.586378  0.473616  0.123946  0.095374  0.459736  0.784363  0.184788  0.446008  0.307436  0.547993  0.652080  0.508862  0.187413  0.639788  0.083459  0.695515  0.190822  0.282264  0.811090  0.621730  0.615607  0.588738  0.252702  0.167991  0.564991  0.141145  0.220926  0.675840  0.671134  0.370194 
17  0.455932  0.466833  0.947470  0.854384  0.799549  0.791012  0.282784  0.309086  0.235931  0.290229  0.321656  0.246047  0.189897  0.322843  0.202854  0.732748  0.601012 0.0  0.201039  0.392421  0.658202  0.675556  0.522934  0.709314  0.286358  0.358137  0.809202  0.421605  0.782041  0.841582  0.786019  0.206764  0.462829  0.761111  0.732000  0.338781  0.416764  0.673437  0.686232  0.660888  0.273477  0.373788  0.409819  0.586389  0.284685  0.827885  0.324552  0.641887  0.971183  0.299867  0.301470  0.411884  0.245482  0.662922  0.651192  0.326386  0.700779  0.622730  0.209381  0.238126  0.600101 
18  0.287201  0.405207  0.835446  0.882258  0.694707  0.644554  0.138233  0.360989  0.183184  0.301821  0.224277  0.117984  0.083459  0.172559  0.180023  0.706504  0.762090  0.201039 0.0  0.230733  0.677052  0.660684  0.388254  0.803784  0.299161  0.262192  0.830949  0.416359  0.740495  0.677506  0.818112  0.212626  0.509688  0.852449  0.645067  0.216538  0.215558  0.569498  0.659865  0.693485  0.292437  0.233865  0.351995  0.707384  0.246973  0.646339  0.238366  0.604650  0.950782  0.238592  0.103779  0.444975  0.349674  0.550279  0.625340  0.377029  0.650724  0.607756  0.083459  0.160780  0.446084 
19  0.199764  0.256865  0.738597  0.712957  0.657178  0.602166  0.128050  0.170308  0.213971  0.118739  0.154539  0.207074  0.083459  0.171459  0.244996  0.546967  0.590930  0.392421  0.230733 0.0  0.586786  0.464275  0.380805  0.568470  0.229716  0.189005  0.714248  0.176171  0.718606  0.585698  0.645570  0.203140  0.399703  0.710190  0.558278  0.117173  0.294453  0.553264  0.452927  0.363426  0.137947  0.130118  0.333648  0.576664  0.118798  0.612269  0.083459  0.484100  0.793688  0.225702  0.104882  0.121640  0.369078  0.450925  0.548788  0.344658  0.540124  0.517819  0.287014  0.169640  0.208361 
20  0.503710  0.386883  0.308514  0.221631  0.219673  0.114985  0.570050  0.417660  0.679655  0.565946  0.542478  0.571492  0.560206  0.661621  0.618098  0.213965  0.132699  0.658202  0.677052  0.586786 0.0  0.113416  0.344515  0.195701  0.443996  0.599903  0.243547  0.423439  0.125804  0.214397  0.211697  0.577945  0.338661  0.229690  0.137226  0.484308  0.725667  0.115174  0.349060  0.171808  0.410165  0.661289  0.501347  0.134383  0.469962  0.164878  0.678817  0.121636  0.404206  0.795342  0.544309  0.610209  0.512020  0.220001  0.154795  0.359936  0.091158  0.170929  0.652694  0.666781  0.381568 
21  0.392993  0.358499  0.300962  0.307406  0.270111  0.106046  0.568221  0.488367  0.697625  0.595530  0.480356  0.540936  0.599021  0.524504  0.591487  0.180804  0.188640  0.675556  0.660684  0.464275  0.113416 0.0  0.390948  0.159569  0.433301  0.448748  0.284799  0.508329  0.225960  0.140536  0.127231  0.629151  0.281135  0.307144  0.083459  0.478703  0.712473  0.083459  0.257329  0.165813  0.456511  0.548841  0.380081  0.103412  0.437528  0.200158  0.577495  0.181090  0.397915  0.622975  0.472304  0.511130  0.488305  0.099571  0.143317  0.370561  0.215978  0.127892  0.560354  0.638744  0.353400 
22  0.294665  0.112812  0.464912  0.444777  0.491558  0.447331  0.415979  0.173849  0.456136  0.407214  0.295440  0.429069  0.508286  0.449039  0.458320  0.460988  0.464747  0.522934  0.388254  0.380805  0.344515  0.390948 0.0  0.433168  0.390455  0.339323  0.345042  0.220987  0.348349  0.479199  0.401733  0.451766  0.175038  0.455410  0.268991  0.333334  0.455608  0.339448  0.198888  0.264124  0.240626  0.425878  0.223782  0.356677  0.185524  0.453694  0.302286  0.288349  0.498963  0.387502  0.390008  0.358672  0.371772  0.272176  0.175177  0.226509  0.294394  0.245780  0.421853  0.382283  0.090198 
23  0.576508  0.416179  0.218224  0.298002  0.198652  0.186985  0.719190  0.609279  0.794948  0.658126  0.526091  0.624204  0.696290  0.594697  0.631422  0.171035  0.215605  0.709314  0.803784  0.568470  0.195701  0.159569  0.433168 0.0  0.582389  0.431806  0.233607  0.658520  0.176421  0.149462  0.159748  0.628437  0.427401  0.266122  0.151662  0.574231  0.826898  0.210946  0.338032  0.155675  0.495123  0.692154  0.464280  0.169970  0.476306  0.178904  0.644075  0.155131  0.376435  0.828380  0.558387  0.705975  0.608801  0.245147  0.128628  0.520808  0.243566  0.192079  0.766675  0.681543  0.288422 
24  0.313543  0.270063  0.656600  0.698570  0.590600  0.520573  0.232520  0.143856  0.240966  0.258210  0.256615  0.154009  0.241888  0.213936  0.216570  0.612621  0.579491  0.286358  0.299161  0.229716  0.443996  0.433301  0.390455  0.582389 0.0  0.083459  0.607600  0.252025  0.658712  0.727487  0.621184  0.193359  0.282380  0.679190  0.427301  0.228843  0.447752  0.481837  0.369488  0.505204  0.119502  0.083459  0.145602  0.584066  0.219889  0.590214  0.224871  0.347347  0.732047  0.192938  0.137787  0.245852  0.100660  0.358965  0.438504  0.330110  0.549233  0.457347  0.290730  0.237693  0.329623 
25  0.211270  0.162319  0.687180  0.642377  0.612483  0.456165  0.261960  0.216394  0.201955  0.320172  0.098138  0.150602  0.160882  0.319557  0.270259  0.602830  0.589812  0.358137  0.262192  0.189005  0.599903  0.448748  0.339323  0.431806  0.083459 0.0  0.699830  0.277337  0.584772  0.584511  0.618353  0.210334  0.221812  0.705134  0.502014  0.083459  0.410264  0.427143  0.486135  0.388455  0.156681  0.216373  0.185420  0.485831  0.136083  0.511682  0.131052  0.474417  0.749910  0.347010  0.176502  0.327371  0.114056  0.427527  0.441483  0.083459  0.601154  0.356055  0.324835  0.262879  0.372310 
26  0.647818  0.271405  0.280633  0.211011  0.203611  0.280480  0.813547  0.578078  0.727274  0.824061  0.785341  0.710340  0.747984  0.700604  0.766749  0.127344  0.211935  0.809202  0.830949  0.714248  0.243547  0.284799  0.345042  0.233607  0.607600  0.699830 0.0  0.539459  0.167514  0.083459  0.275665  0.725709  0.501019  0.142875  0.276443  0.617056  0.854116  0.264477  0.343138  0.271073  0.621219  0.640412  0.584936  0.299518  0.583872  0.206182  0.675018  0.321018  0.180598  0.727038  0.556292  0.700073  0.766546  0.324771  0.296931  0.598697  0.227337  0.337185  0.717511  0.873595  0.452437 
27  0.083459  0.225248  0.696786  0.651430  0.548923  0.517775  0.243649  0.083459  0.292631  0.310859  0.143579  0.234328  0.248893  0.290356  0.377266  0.558346  0.465994  0.421605  0.416359  0.176171  0.423439  0.508329  0.220987  0.658520  0.252025  0.277337  0.539459 0.0  0.615440  0.632024  0.523389  0.210587  0.226624  0.512372  0.526245  0.259222  0.293853  0.436911  0.310881  0.381739  0.121185  0.303179  0.243600  0.376582  0.244494  0.479523  0.147414  0.560568  0.706061  0.225332  0.084945  0.138823  0.276327  0.419907  0.495422  0.144122  0.497598  0.473342  0.289936  0.211103  0.229926 
28  0.632058  0.443288  0.102871  0.121716  0.099559  0.249768  0.786108  0.536883  0.862981  0.799650  0.670960  0.616483  0.812211  0.859223  0.851141  0.094847  0.222482  0.782041  0.740495  0.718606  0.125804  0.225960  0.348349  0.176421  0.658712  0.584772  0.167514  0.615440 0.0  0.216273  0.090086  0.736062  0.521872  0.083459  0.205775  0.632356  0.929043  0.215980  0.431892  0.278992  0.659222  0.561476  0.546628  0.189492  0.658490  0.164084  0.769620  0.170871  0.344593  0.808417  0.625985  0.767703  0.679002  0.337159  0.245803  0.556380  0.272773  0.225749  0.711087  0.711560  0.479919 
29  0.573471  0.469906  0.289932  0.271252  0.126359  0.246584  0.751728  0.560248  0.727236  0.722058  0.538663  0.629986  0.691492  0.676195  0.917798  0.099766  0.261989  0.841582  0.677506  0.585698  0.214397  0.140536  0.479199  0.149462  0.727487  0.584511  0.083459  0.632024  0.216273 0.0  0.228084  0.651321  0.460452  0.186759  0.238139  0.712612  0.837697  0.336460  0.339633  0.238751  0.623430  0.638681  0.534121  0.294827  0.582123  0.174159  0.587886  0.274187  0.144140  0.714069  0.767234  0.754129  0.632441  0.288931  0.312590  0.532821  0.228965  0.369500  0.817043  0.806669  0.481892 
30  0.616734  0.396242  0.178360  0.108741  0.152366  0.174866  0.813110  0.524510  0.664262  0.755254  0.649121  0.628142  0.726825  0.729403  0.669836  0.260923  0.156919  0.786019  0.818112  0.645570  0.211697  0.127231  0.401733  0.159748  0.621184  0.618353  0.275665  0.523389  0.090086  0.228084 0.0  0.635580  0.489702  0.083459  0.217721  0.641793  0.860204  0.220817  0.364680  0.324187  0.614638  0.693239  0.417002  0.274102  0.566404  0.119879  0.540425  0.217874  0.294878  0.767258  0.648632  0.733888  0.681648  0.201877  0.177804  0.510768  0.263922  0.204712  0.877563  0.818934  0.495032 
31  0.320783  0.399801  0.709597  0.706294  0.710888  0.570426  0.290742  0.355999  0.271668  0.325050  0.214679  0.130377  0.144353  0.233038  0.098092  0.736918  0.586378  0.206764  0.212626  0.203140  0.577945  0.629151  0.451766  0.628437  0.193359  0.210334  0.725709  0.210587  0.736062  0.651321  0.635580 0.0  0.291215  0.773620  0.596353  0.189925  0.271960  0.584570  0.424443  0.666296  0.139497  0.240342  0.345577  0.492601  0.222486  0.675090  0.206427  0.673825  0.798180  0.304560  0.233306  0.290171  0.083459  0.514360  0.579036  0.279607  0.558181  0.511708  0.198386  0.225089  0.399059 
32  0.348333  0.146075  0.547364  0.455937  0.517319  0.418402  0.417935  0.300235  0.469382  0.392638  0.160737  0.257256  0.307610  0.302248  0.423051  0.406060  0.473616  0.462829  0.509688  0.399703  0.338661  0.281135  0.175038  0.427401  0.282380  0.221812  0.501019  0.226624  0.521872  0.460452  0.489702  0.291215 0.0  0.494090  0.283519  0.240305  0.454966  0.341309  0.358847  0.243480  0.179401  0.395552  0.216065  0.327294  0.219578  0.398137  0.305088  0.223519  0.591831  0.469805  0.339117  0.377320  0.311570  0.259346  0.280465  0.083459  0.251977  0.292399  0.455364  0.305206  0.184348 
33  0.574624  0.492781  0.164556  0.214286  0.181558  0.333752  0.747864  0.544114  0.825707  0.727788  0.673604  0.767566  0.825716  0.742270  0.735686  0.286249  0.123946  0.761111  0.852449  0.710190  0.229690  0.307144  0.455410  0.266122  0.679190  0.705134  0.142875  0.512372  0.083459  0.186759  0.083459  0.773620  0.494090 0.0  0.136706  0.578922  0.915385  0.237804  0.363066  0.269258  0.616659  0.723126  0.553233  0.244065  0.551573  0.178306  0.659546  0.374046  0.208536  0.810895  0.647254  0.687477  0.627504  0.282514  0.243384  0.534257  0.115060  0.242197  0.814239  0.810354  0.519551 
34  0.588209  0.357926  0.298380  0.306072  0.116053  0.083459  0.745088  0.482238  0.708759  0.707497  0.514988  0.578422  0.679422  0.646718  0.667220  0.191113  0.095374  0.732000  0.645067  0.558278  0.137226  0.083459  0.268991  0.151662  0.427301  0.502014  0.276443  0.526245  0.205775  0.238139  0.217721  0.596353  0.283519  0.136706 0.0  0.548827  0.718392  0.194136  0.226757  0.091389  0.474041  0.563981  0.426413  0.133210  0.592920  0.098934  0.579536  0.181370  0.226502  0.706945  0.640722  0.618317  0.611242  0.167700  0.137899  0.431496  0.250356  0.207913  0.639734  0.623617  0.379440 
35  0.246684  0.368143  0.610275  0.643389  0.628378  0.513678  0.231531  0.184363  0.283640  0.168039  0.117616  0.198416  0.158196  0.216393  0.292938  0.614045  0.459736  0.338781  0.216538  0.117173  0.484308  0.478703  0.333334  0.574231  0.228843  0.083459  0.617056  0.259222  0.632356  0.712612  0.641793  0.189925  0.240305  0.578922  0.548827 0.0  0.312654  0.428729  0.416092  0.455663  0.192907  0.278144  0.238192  0.495255  0.118515  0.535929  0.201726  0.449871  0.741463  0.270064  0.107644  0.178846  0.143487  0.480765  0.467257  0.169479  0.468335  0.446449  0.306881  0.173072  0.403000 
36  0.344754  0.469881  0.887349  0.982054  0.833908  0.656097  0.171720  0.241417  0.266772  0.149192  0.291482  0.289566  0.222784  0.083459  0.152642  0.787529  0.784363  0.416764  0.215558  0.294453  0.725667  0.712473  0.455608  0.826898  0.447752  0.410264  0.854116  0.293853  0.929043  0.837697  0.860204  0.271960  0.454966  0.915385  0.718392  0.312654 0.0  0.689142  0.551885  0.697915  0.341964  0.348720  0.511604  0.683965  0.272515  0.788188  0.163127  0.698602  1.000000  0.102561  0.260797  0.229298  0.269278  0.567657  0.704291  0.431800  0.748763  0.691311  0.162521  0.310904  0.469666 
37  0.520526  0.241786  0.266640  0.296147  0.250317  0.115857  0.709104  0.485404  0.597482  0.611034  0.456341  0.553500  0.607850  0.535434  0.673105  0.283619  0.184788  0.673437  0.569498  0.553264  0.115174  0.083459  0.339448  0.210946  0.481837  0.427143  0.264477  0.436911  0.215980  0.336460  0.220817  0.584570  0.341309  0.237804  0.194136  0.428729  0.689142 0.0  0.220755  0.094817  0.329621  0.571798  0.377539  0.241212  0.477757  0.138019  0.499158  0.083459  0.434213  0.623276  0.552059  0.605177  0.487922  0.158910  0.150900  0.287344  0.175312  0.083459  0.654144  0.636249  0.279028 
38  0.375412  0.185151  0.387208  0.427780  0.343575  0.369608  0.552576  0.369836  0.575256  0.509791  0.396688  0.505828  0.401775  0.485663  0.550881  0.270918  0.446008  0.686232  0.659865  0.452927  0.349060  0.257329  0.198888  0.338032  0.369488  0.486135  0.343138  0.310881  0.431892  0.339633  0.364680  0.424443  0.358847  0.363066  0.226757  0.416092  0.551885  0.220755 0.0  0.206639  0.323605  0.437411  0.289684  0.171750  0.429501  0.213624  0.422567  0.230803  0.470233  0.584685  0.409424  0.340714  0.435421  0.147761  0.286013  0.364326  0.110253  0.201217  0.435659  0.617450  0.222335 
39  0.471846  0.268488  0.278848  0.291923  0.196169  0.124360  0.642137  0.381069  0.576736  0.620523  0.405474  0.503449  0.517907  0.608758  0.625271  0.192347  0.307436  0.660888  0.693485  0.363426  0.171808  0.165813  0.264124  0.155675  0.505204  0.388455  0.271073  0.381739  0.278992  0.238751  0.324187  0.666296  0.243480  0.269258  0.091389  0.455663  0.697915  0.094817  0.206639 0.0  0.359067  0.646978  0.402689  0.083459  0.504910  0.247326  0.530175  0.198810  0.322846  0.562456  0.463090  0.670348  0.541008  0.083459  0.156003  0.427993  0.112777  0.105995  0.618331  0.573554  0.299160 
40  0.083459  0.260610  0.610491  0.569392  0.557929  0.471450  0.285396  0.212025  0.269538  0.204944  0.190233  0.262193  0.209865  0.211848  0.234607  0.522198  0.547993  0.273477  0.292437  0.137947  0.410165  0.456511  0.240626  0.495123  0.119502  0.156681  0.621219  0.121185  0.659222  0.623430  0.614638  0.139497  0.179401  0.616659  0.474041  0.192907  0.341964  0.329621  0.323605  0.359067 0.0  0.114113  0.189851  0.413205  0.106299  0.511555  0.232323  0.456607  0.637669  0.358724  0.165939  0.137714  0.213165  0.502771  0.479292  0.203210  0.525375  0.461231  0.211874  0.162489  0.242294 
41  0.181148  0.343371  0.733771  0.707802  0.805813  0.519149  0.083459  0.144013  0.087808  0.131486  0.190262  0.206606  0.198768  0.209672  0.206555  0.699190  0.652080  0.373788  0.233865  0.130118  0.661289  0.548841  0.425878  0.692154  0.083459  0.216373  0.640412  0.303179  0.561476  0.638681  0.693239  0.240342  0.395552  0.723126  0.563981  0.278144  0.348720  0.571798  0.437411  0.646978  0.114113 0.0  0.170018  0.511255  0.161590  0.631435  0.103538  0.568939  0.781093  0.196759  0.083459  0.220158  0.140750  0.501886  0.542935  0.286115  0.506442  0.459899  0.281425  0.089581  0.302178 
42  0.276616  0.220905  0.461342  0.503952  0.463987  0.371339  0.330254  0.259587  0.335813  0.340614  0.190688  0.279550  0.331616  0.355003  0.273291  0.397261  0.508862  0.409819  0.351995  0.333648  0.501347  0.380081  0.223782  0.464280  0.145602  0.185420  0.584936  0.243600  0.546628  0.534121  0.417002  0.345577  0.216065  0.553233  0.426413  0.238192  0.511604  0.377539  0.289684  0.402689  0.189851  0.170018 0.0  0.435243  0.350956  0.451893  0.151471  0.441378  0.600746  0.437848  0.212236  0.301246  0.153794  0.384312  0.335894  0.083459  0.402399  0.419041  0.319970  0.345434  0.251918 
43  0.458796  0.285299  0.229610  0.352676  0.229406  0.083459  0.573972  0.391005  0.612128  0.619180  0.551626  0.486312  0.695059  0.463363  0.675018  0.183568  0.187413  0.586389  0.707384  0.576664  0.134383  0.103412  0.356677  0.169970  0.584066  0.485831  0.299518  0.376582  0.189492  0.294827  0.274102  0.492601  0.327294  0.244065  0.133210  0.495255  0.683965  0.241212  0.171750  0.083459  0.413205  0.511255  0.435243 0.0  0.551342  0.083459  0.495275  0.083459  0.365585  0.662620  0.533376  0.548345  0.574171  0.221933  0.083459  0.384286  0.169400  0.099015  0.657641  0.625785  0.366442 
44  0.138357  0.330428  0.749458  0.701261  0.611766  0.424600  0.284720  0.160912  0.337260  0.278084  0.150051  0.233628  0.191005  0.240642  0.175970  0.544505  0.639788  0.284685  0.246973  0.118798  0.469962  0.437528  0.185524  0.476306  0.219889  0.136083  0.583872  0.244494  0.658490  0.582123  0.566404  0.222486  0.219578  0.551573  0.592920  0.118515  0.272515  0.477757  0.429501  0.504910  0.106299  0.161590  0.350956  0.551342 0.0  0.536541  0.174762  0.443270  0.715842  0.309500  0.083459  0.131735  0.226527  0.416401  0.525544  0.203224  0.407276  0.463084  0.253968  0.274125  0.332838 
45  0.458033  0.274735  0.301975  0.193969  0.083459  0.101575  0.728424  0.502203  0.773924  0.747750  0.551473  0.641565  0.676359  0.571749  0.643498  0.083459  0.083459  0.827885  0.646339  0.612269  0.164878  0.200158  0.453694  0.178904  0.590214  0.511682  0.206182  0.479523  0.164084  0.174159  0.119879  0.675090  0.398137  0.178306  0.098934  0.535929  0.788188  0.138019  0.213624  0.247326  0.511555  0.631435  0.451893  0.083459  0.536541 0.0  0.620887  0.221398  0.321825  0.798420  0.516224  0.599269  0.683975  0.112790  0.215819  0.466739  0.105959  0.172941  0.754566  0.603293  0.339361 
46  0.105475  0.372242  0.747285  0.582998  0.696555  0.592896  0.289242  0.220494  0.235874  0.165153  0.109768  0.133436  0.247848  0.163380  0.263978  0.627637  0.695515  0.324552  0.238366  0.083459  0.678817  0.577495  0.302286  0.644075  0.224871  0.131052  0.675018  0.147414  0.769620  0.587886  0.540425  0.206427  0.305088  0.659546  0.579536  0.201726  0.163127  0.499158  0.422567  0.530175  0.232323  0.103538  0.151471  0.495275  0.174762  0.620887 0.0  0.511424  0.771655  0.254951  0.134186  0.211022  0.298847  0.493658  0.451720  0.217271  0.513533  0.498623  0.224620  0.142636  0.175766 
47  0.508865  0.426548  0.267146  0.168368  0.220218  0.083459  0.557419  0.327051  0.612391  0.719369  0.486068  0.432543  0.467250  0.539967  0.577586  0.153570  0.190822  0.641887  0.604650  0.484100  0.121636  0.181090  0.288349  0.155131  0.347347  0.474417  0.321018  0.560568  0.170871  0.274187  0.217874  0.673825  0.223519  0.374046  0.181370  0.449871  0.698602  0.083459  0.230803  0.198810  0.456607  0.568939  0.441378  0.083459  0.443270  0.221398  0.511424 0.0  0.402223  0.703650  0.549005  0.557310  0.562381  0.083459  0.083459  0.405587  0.264316  0.083459  0.757267  0.648032  0.296894 
48  0.710469  0.499680  0.349529  0.349984  0.293738  0.371743  0.838124  0.670401  0.782428  0.905590  0.718593  0.776474  0.812031  0.871380  0.825781  0.251863  0.282264  0.971183  0.950782  0.793688  0.404206  0.397915  0.498963  0.376435  0.732047  0.749910  0.180598  0.706061  0.344593  0.144140  0.294878  0.798180  0.591831  0.208536  0.226502  0.741463  1.000000  0.434213  0.470233  0.322846  0.637669  0.781093  0.600746  0.365585  0.715842  0.321825  0.771655  0.402223 0.0  0.920199  0.796790  0.858936  0.729486  0.511180  0.398672  0.702154  0.241170  0.379434  0.817366  0.901969  0.626830 
49  0.265639  0.370476  0.851729  0.878529  0.810247  0.692565  0.158501  0.266611  0.087790  0.153248  0.215583  0.217670  0.222806  0.083459  0.308229  0.706330  0.811090  0.299867  0.238592  0.225702  0.795342  0.622975  0.387502  0.828380  0.192938  0.347010  0.727038  0.225332  0.808417  0.714069  0.767258  0.304560  0.469805  0.810895  0.706945  0.270064  0.102561  0.623276  0.584685  0.562456  0.358724  0.196759  0.437848  0.662620  0.309500  0.798420  0.254951  0.703650  0.920199 0.0  0.211639  0.280581  0.316330  0.599030  0.679290  0.260005  0.767132  0.662293  0.129428  0.234639  0.397316 
50  0.151495  0.355371  0.698823  0.702831  0.680822  0.561624  0.164041  0.147034  0.183913  0.173309  0.099317  0.150762  0.222253  0.106557  0.355539  0.692826  0.621730  0.301470  0.103779  0.104882  0.544309  0.472304  0.390008  0.558387  0.137787  0.176502  0.556292  0.084945  0.625985  0.767234  0.648632  0.233306  0.339117  0.647254  0.640722  0.107644  0.260797  0.552059  0.409424  0.463090  0.165939  0.083459  0.212236  0.533376  0.083459  0.516224  0.134186  0.549005  0.796790  0.211639 0.0  0.235004  0.149387  0.450413  0.582770  0.206859  0.502740  0.419367  0.225364  0.226431  0.285298 
51  0.161932  0.354658  0.649360  0.756286  0.795528  0.629560  0.188351  0.246038  0.250254  0.148391  0.183046  0.198017  0.147058  0.167884  0.189418  0.661836  0.615607  0.411884  0.444975  0.121640  0.610209  0.511130  0.358672  0.705975  0.245852  0.327371  0.700073  0.138823  0.767703  0.754129  0.733888  0.290171  0.377320  0.687477  0.618317  0.178846  0.229298  0.605177  0.340714  0.670348  0.137714  0.220158  0.301246  0.548345  0.131735  0.599269  0.211022  0.557310  0.858936  0.280581  0.235004 0.0  0.284817  0.587809  0.565653  0.242712  0.596407  0.622353  0.177234  0.207453  0.379197 
52  0.192544  0.461191  0.751646  0.735633  0.611339  0.504602  0.157860  0.271494  0.266373  0.307784  0.153910  0.182256  0.233255  0.142646  0.185286  0.504094  0.588738  0.245482  0.349674  0.369078  0.512020  0.488305  0.371772  0.608801  0.100660  0.114056  0.766546  0.276327  0.679002  0.632441  0.681648  0.083459  0.311570  0.627504  0.611242  0.143487  0.269278  0.487922  0.435421  0.541008  0.213165  0.140750  0.153794  0.574171  0.226527  0.683975  0.298847  0.562381  0.729486  0.316330  0.149387  0.284817 0.0  0.529082  0.513626  0.222593  0.599068  0.448320  0.273538  0.177011  0.435276 
53  0.411514  0.161419  0.340363  0.287698  0.279202  0.213422  0.629360  0.428626  0.582859  0.705052  0.569890  0.530461  0.616532  0.480172  0.544187  0.246269  0.252702  0.662922  0.550279  0.450925  0.220001  0.099571  0.272176  0.245147  0.358965  0.427527  0.324771  0.419907  0.337159  0.288931  0.201877  0.514360  0.259346  0.282514  0.167700  0.480765  0.567657  0.158910  0.147761  0.083459  0.502771  0.501886  0.384312  0.221933  0.416401  0.112790  0.493658  0.083459  0.511180  0.599030  0.450413  0.587809  0.529082 0.0  0.083459  0.431910  0.190047  0.187606  0.625589  0.673340  0.306443 
54  0.494861  0.274167  0.283370  0.197791  0.236151  0.145617  0.723007  0.473084  0.616500  0.548428  0.517474  0.594493  0.625053  0.587590  0.526031  0.145351  0.167991  0.651192  0.625340  0.548788  0.154795  0.143317  0.175177  0.128628  0.438504  0.441483  0.296931  0.495422  0.245803  0.312590  0.177804  0.579036  0.280465  0.243384  0.137899  0.467257  0.704291  0.150900  0.286013  0.156003  0.479292  0.542935  0.335894  0.083459  0.525544  0.215819  0.451720  0.083459  0.398672  0.679290  0.582770  0.565653  0.513626  0.083459 0.0  0.463258  0.280156  0.102007  0.656337  0.551034  0.371016 
55  0.276863  0.155379  0.618705  0.605068  0.524357  0.442146  0.297583  0.201637  0.307224  0.275932  0.274528  0.242590  0.231276  0.236273  0.328990  0.646053  0.564991  0.326386  0.377029  0.344658  0.359936  0.370561  0.226509  0.520808  0.330110  0.083459  0.598697  0.144122  0.556380  0.532821  0.510768  0.279607  0.083459  0.534257  0.431496  0.169479  0.431800  0.287344  0.364326  0.427993  0.203210  0.286115  0.083459  0.384286  0.203224  0.466739  0.217271  0.405587  0.702154  0.260005  0.206859  0.242712  0.222593  0.431910  0.463258 0.0  0.440636  0.369017  0.294230  0.304902  0.227561 
56  0.605821  0.424122  0.323460  0.301673  0.231211  0.181588  0.630488  0.444939  0.708111  0.620866  0.440674  0.607076  0.680130  0.649613  0.645513  0.098348  0.141145  0.700779  0.650724  0.540124  0.091158  0.215978  0.294394  0.243566  0.549233  0.601154  0.227337  0.497598  0.272773  0.228965  0.263922  0.558181  0.251977  0.115060  0.250356  0.468335  0.748763  0.175312  0.110253  0.112777  0.525375  0.506442  0.402399  0.169400  0.407276  0.105959  0.513533  0.264316  0.241170  0.767132  0.502740  0.596407  0.599068  0.190047  0.280156  0.440636 0.0  0.346990  0.654627  0.698199  0.300229 
57  0.456586  0.180829  0.290697  0.266237  0.293668  0.237926  0.597011  0.455324  0.581528  0.483000  0.430672  0.559641  0.723617  0.668504  0.603494  0.159346  0.220926  0.622730  0.607756  0.517819  0.170929  0.127892  0.245780  0.192079  0.457347  0.356055  0.337185  0.473342  0.225749  0.369500  0.204712  0.511708  0.292399  0.242197  0.207913  0.446449  0.691311  0.083459  0.201217  0.105995  0.461231  0.459899  0.419041  0.099015  0.463084  0.172941  0.498623  0.083459  0.379434  0.662293  0.419367  0.622353  0.448320  0.187606  0.102007  0.369017  0.346990 0.0  0.611536  0.549580  0.347073 
58  0.209482  0.504814  0.872425  0.817292  0.685642  0.587643  0.120059  0.406294  0.137710  0.197104  0.135445  0.165466  0.083459  0.141445  0.083459  0.749004  0.675840  0.209381  0.083459  0.287014  0.652694  0.560354  0.421853  0.766675  0.290730  0.324835  0.717511  0.289936  0.711087  0.817043  0.877563  0.198386  0.455364  0.814239  0.639734  0.306881  0.162521  0.654144  0.435659  0.618331  0.211874  0.281425  0.319970  0.657641  0.253968  0.754566  0.224620  0.757267  0.817366  0.129428  0.225364  0.177234  0.273538  0.625589  0.656337  0.294230  0.654627  0.611536 0.0  0.131960  0.440309 
59  0.230589  0.438344  0.862053  0.844855  0.709101  0.676424  0.083459  0.289801  0.117579  0.102767  0.187983  0.262787  0.144973  0.094854  0.133535  0.681818  0.671134  0.238126  0.160780  0.169640  0.666781  0.638744  0.382283  0.681543  0.237693  0.262879  0.873595  0.211103  0.711560  0.806669  0.818934  0.225089  0.305206  0.810354  0.623617  0.173072  0.310904  0.636249  0.617450  0.573554  0.162489  0.089581  0.345434  0.625785  0.274125  0.603293  0.142636  0.648032  0.901969  0.234639  0.226431  0.207453  0.177011  0.673340  0.551034  0.304902  0.698199  0.549580  0.131960 0.0  0.414712 
60  0.286708  0.175161  0.532490  0.550187  0.474899  0.405452  0.301968  0.193568  0.295667  0.330159  0.301745  0.326934  0.311161  0.399621  0.336567  0.281353  0.370194  0.600101  0.446084  0.208361  0.381568  0.353400  0.090198  0.288422  0.329623  0.372310  0.452437  0.229926  0.479919  0.481892  0.495032  0.399059  0.184348  0.519551  0.379440  0.403000  0.469666  0.279028  0.222335  0.299160  0.242294  0.302178  0.251918  0.366442  0.332838  0.339361  0.175766  0.296894  0.626830  0.397316  0.285298  0.379197  0.435276  0.306443  0.371016  0.227561  0.300229  0.347073  0.440309  0.414712 0.0 
