61
0 0.0  0.254420  0.813646  0.735170  0.650184  0.582606  0.227488  0.122815  0.256757  0.225289  0.158520  0.245933  0.251865  0.234068  0.332626  0.544461  0.509829  0.419809  0.277467  0.144244  0.477082  0.463832  0.286097  0.620469  0.250738  0.252355  0.635129  0.094101  0.697715  0.591198  0.589393  0.317815  0.264838  0.746736  0.485364  0.200368  0.321424  0.517058  0.326250  0.441130  0.149539  0.166570  0.256180  0.507575  0.118353  0.501172  0.139346  0.515218  0.750110  0.257196  0.208049  0.174343  0.254436  0.488075  0.451638  0.213083  0.438324  0.498729  0.267096  0.264961  0.251255 
1  0.254420 0.0  0.515288  0.419488  0.437679  0.354289  0.464019  0.250703  0.403910  0.407488  0.297801  0.328944  0.387778  0.336328  0.439047  0.409589  0.409869  0.495731  0.474282  0.347870  0.366816  0.294644  0.109434  0.340837  0.298873  0.301654  0.510684  0.268648  0.497531  0.427884  0.427792  0.343681  0.130535  0.476255  0.369452  0.266106  0.500831  0.289410  0.186419  0.325881  0.233716  0.363681  0.273468  0.345724  0.275893  0.363536  0.324986  0.288316  0.553303  0.485051  0.327630  0.368568  0.384405  0.324423  0.321355  0.189334  0.325252  0.317247  0.441284  0.411932  0.101952 
2  0.813646  0.515288 0.0  0.120500  0.152046  0.230867  0.905172  0.649190  0.765829  0.929028  0.688967  0.782135  0.856807  0.761043  0.885236  0.306983  0.237345  0.829020  0.912342  0.675899  0.232672  0.282159  0.559276  0.204471  0.635082  0.643070  0.254540  0.665756  0.176869  0.275192  0.163614  0.661161  0.520296  0.183193  0.251927  0.658914  0.986073  0.286991  0.434631  0.316379  0.546234  0.843663  0.476588  0.294104  0.646700  0.217631  0.677940  0.267904  0.330974  0.823623  0.661161  0.774076  0.556457  0.306605  0.265044  0.641555  0.261810  0.312203  0.942727  0.804797  0.511739 
3  0.735170  0.419488  0.120500 0.0  0.141006  0.280739  0.776367  0.710391  0.811984  0.834218  0.667911  0.721756  0.727588  0.765963  0.758685  0.253101  0.202153  0.799011  0.776950  0.651918  0.239361  0.271482  0.497276  0.196497  0.668156  0.637166  0.236229  0.709308  0.124984  0.210147  0.138025  0.703355  0.499517  0.137217  0.211296  0.698295  0.869407  0.274269  0.373240  0.321615  0.684768  0.835481  0.645129  0.281374  0.668679  0.217556  0.780904  0.268796  0.284839  0.770704  0.725634  0.734721  0.731017  0.310451  0.281406  0.553531  0.269979  0.308795  0.746167  0.746813  0.521675 
4  0.650184  0.437679  0.152046  0.141006 0.0  0.207683  0.831203  0.629111  0.812326  0.697703  0.677625  0.673045  0.724447  0.919742  0.730270  0.211086  0.143687  0.762254  0.731595  0.727629  0.181359  0.223898  0.450354  0.131365  0.607144  0.600396  0.211673  0.664142  0.111185  0.190461  0.106026  0.662562  0.409892  0.136487  0.169097  0.575098  0.761707  0.220355  0.391142  0.256209  0.500001  0.697710  0.569731  0.216463  0.684608  0.159568  0.584380  0.214117  0.282448  0.799896  0.656306  0.675520  0.667716  0.282646  0.218910  0.551199  0.249657  0.251096  0.648822  0.645908  0.438200 
5  0.582606  0.354289  0.230867  0.280739  0.207683 0.0  0.592822  0.536041  0.558768  0.609235  0.593917  0.598368  0.532891  0.562550  0.553937  0.229612  0.186286  0.666413  0.748087  0.566072  0.098685  0.118513  0.331031  0.135058  0.514479  0.511967  0.292726  0.630427  0.214733  0.259113  0.179250  0.666807  0.354603  0.244883  0.128016  0.526962  0.661849  0.129684  0.280157  0.165675  0.523328  0.516026  0.431984  0.125169  0.555043  0.168944  0.631517  0.102038  0.412897  0.612566  0.476129  0.580331  0.624117  0.131227  0.119104  0.422276  0.211088  0.119093  0.604031  0.717458  0.369573 
6  0.227488  0.464019  0.905172  0.776367  0.831203  0.592822 0.0  0.287607  0.108800  0.160374  0.216835  0.205900  0.123403  0.113963  0.180565  0.823512  0.775836  0.299411  0.143347  0.213233  0.681035  0.781025  0.482174  0.805571  0.241316  0.230790  0.937301  0.257970  0.929428  0.831675  0.680768  0.211303  0.431050  0.818929  0.629250  0.231997  0.163219  0.600979  0.668143  0.627831  0.271304  0.164040  0.335974  0.687625  0.266449  0.641042  0.204868  0.655074  0.898453  0.163483  0.210914  0.193327  0.260641  0.660607  0.637582  0.339893  0.694670  0.757942  0.134935  0.122293  0.469588 
7  0.122815  0.250703  0.649190  0.710391  0.629111  0.536041  0.287607 0.0  0.297998  0.252550  0.187369  0.213159  0.289654  0.243054  0.328166  0.477123  0.547216  0.382004  0.286550  0.189631  0.462939  0.404598  0.262116  0.469856  0.239200  0.212939  0.569868  0.109167  0.575550  0.612364  0.624993  0.288648  0.229369  0.721895  0.432766  0.174658  0.328264  0.368819  0.335455  0.467437  0.117275  0.199973  0.238072  0.478712  0.124684  0.465572  0.168214  0.520973  0.616414  0.310652  0.203777  0.201716  0.276354  0.516187  0.525534  0.165484  0.453562  0.428884  0.273717  0.321533  0.233980 
8  0.256757  0.403910  0.765829  0.811984  0.812326  0.558768  0.108800  0.297998 0.0  0.179347  0.206932  0.173896  0.122945  0.135128  0.148159  0.721026  0.695501  0.247315  0.119407  0.221349  0.646254  0.640148  0.502974  0.754560  0.283389  0.282118  0.826868  0.279493  0.833883  0.801915  0.766801  0.213036  0.382901  0.928105  0.735422  0.217149  0.187960  0.689988  0.520802  0.531164  0.291731  0.186759  0.330091  0.653320  0.252011  0.697631  0.213175  0.676799  0.886094  0.184189  0.216559  0.243886  0.234732  0.630892  0.603582  0.352292  0.643042  0.580282  0.109861  0.101211  0.456484 
9  0.225289  0.407488  0.929028  0.834218  0.697703  0.609235  0.160374  0.252550  0.179347 0.0  0.222934  0.258496  0.183892  0.146939  0.255825  0.780654  0.639636  0.348463  0.221123  0.168929  0.638480  0.677287  0.404764  0.594077  0.280040  0.281014  0.703480  0.215128  0.928046  0.782506  0.731681  0.271601  0.365901  0.931187  0.574230  0.244680  0.174232  0.593054  0.491235  0.494008  0.244819  0.156677  0.333696  0.607214  0.219043  0.777294  0.189411  0.735315  0.869141  0.126599  0.198759  0.149247  0.282740  0.601900  0.615051  0.330265  0.603097  0.536110  0.197047  0.179540  0.354553 
10  0.158520  0.297801  0.688967  0.667911  0.677625  0.593917  0.216835  0.187369  0.206932  0.222934 0.0  0.158137  0.174559  0.174334  0.210520  0.644885  0.589515  0.319021  0.226595  0.150372  0.473557  0.459345  0.298868  0.672466  0.177447  0.158123  0.603669  0.184589  0.689572  0.632033  0.650321  0.215153  0.287849  0.722887  0.585536  0.114207  0.277499  0.492611  0.452085  0.499989  0.161368  0.130494  0.269949  0.544123  0.143573  0.609455  0.124427  0.518720  0.739425  0.250458  0.099332  0.183882  0.174191  0.514996  0.569146  0.197100  0.554689  0.508609  0.190160  0.184579  0.276673 
11  0.245933  0.328944  0.782135  0.721756  0.673045  0.598368  0.205900  0.213159  0.173896  0.258496  0.158137 0.0  0.145849  0.183978  0.167227  0.646105  0.701777  0.246149  0.190419  0.221102  0.493290  0.545518  0.417914  0.690250  0.162803  0.176717  0.705924  0.262438  0.709596  0.649478  0.767322  0.130269  0.341019  0.717261  0.547537  0.136458  0.297058  0.565106  0.546615  0.456192  0.224277  0.182326  0.211073  0.590434  0.206696  0.592340  0.206866  0.610574  0.804535  0.285053  0.139290  0.255465  0.128841  0.480310  0.539612  0.251429  0.676215  0.515100  0.166667  0.159921  0.353605 
12  0.251865  0.387778  0.856807  0.727588  0.724447  0.532891  0.123403  0.289654  0.122945  0.183892  0.174559  0.145849 0.0  0.129494  0.138951  0.697727  0.698193  0.229334  0.138843  0.218193  0.646713  0.560375  0.384439  0.698637  0.248039  0.209099  0.767660  0.277517  0.818550  0.857500  0.737258  0.184732  0.405904  0.727778  0.676690  0.206631  0.250244  0.600145  0.628026  0.525131  0.267274  0.163810  0.301977  0.506679  0.237189  0.723545  0.194355  0.582800  0.685802  0.208056  0.167832  0.219377  0.198690  0.590153  0.660871  0.295596  0.636368  0.568394  0.105299  0.100236  0.337631 
13  0.234068  0.336328  0.761043  0.765963  0.919742  0.562550  0.113963  0.243054  0.135128  0.146939  0.174334  0.183978  0.129494 0.0  0.175999  0.643418  0.667957  0.294251  0.153184  0.167069  0.615684  0.644462  0.373570  0.653563  0.236635  0.234140  0.870366  0.191675  0.714852  0.709351  0.720531  0.238938  0.412254  0.816056  0.648032  0.211033  0.189115  0.595351  0.517605  0.595853  0.252835  0.131324  0.318818  0.688458  0.202116  0.651042  0.171175  0.613877  0.958721  0.167645  0.166748  0.178790  0.232978  0.560761  0.619546  0.309386  0.589171  0.648029  0.133645  0.130953  0.385274 
14  0.332626  0.439047  0.885236  0.758685  0.730270  0.553937  0.180565  0.328166  0.148159  0.255825  0.210520  0.167227  0.138951  0.175999 0.0  0.793997  0.763797  0.190622  0.126166  0.277802  0.591291  0.565574  0.427677  0.702853  0.210400  0.245995  0.901675  0.312649  0.921705  0.693412  0.835761  0.160805  0.393930  0.755747  0.668619  0.223563  0.276996  0.599270  0.560279  0.695393  0.290721  0.215321  0.303631  0.601521  0.283655  0.669321  0.247211  0.650597  0.898180  0.255693  0.192482  0.279672  0.202509  0.633567  0.564286  0.376515  0.639454  0.656805  0.123082  0.133241  0.402071 
15  0.544461  0.409589  0.306983  0.253101  0.211086  0.229612  0.823512  0.477123  0.721026  0.780654  0.644885  0.646105  0.697727  0.643418  0.793997 0.0  0.125193  0.798090  0.676067  0.634103  0.192649  0.221030  0.358239  0.166116  0.553944  0.574484  0.148313  0.528664  0.200701  0.129629  0.214182  0.611598  0.367116  0.214131  0.158303  0.593123  0.742167  0.206354  0.254863  0.189536  0.537536  0.683832  0.480166  0.208807  0.551978  0.145073  0.561331  0.204973  0.240827  0.620633  0.563236  0.663704  0.603594  0.246862  0.195704  0.528271  0.128843  0.233820  0.783085  0.686861  0.339914 
16  0.509829  0.409869  0.237345  0.202153  0.143687  0.186286  0.775836  0.547216  0.695501  0.639636  0.589515  0.701777  0.698193  0.667957  0.763797  0.125193 0.0  0.751497  0.801371  0.678828  0.185086  0.189493  0.328032  0.141045  0.587508  0.662717  0.164355  0.552796  0.166427  0.138552  0.174374  0.555244  0.400167  0.164383  0.163520  0.635334  0.853036  0.193900  0.324420  0.189581  0.518531  0.695548  0.515848  0.233837  0.651098  0.114529  0.613461  0.189907  0.285040  0.740169  0.668917  0.655299  0.672743  0.224994  0.189167  0.480018  0.182133  0.211473  0.736711  0.865373  0.482813 
17  0.419809  0.495731  0.829020  0.799011  0.762254  0.666413  0.299411  0.382004  0.247315  0.348463  0.319021  0.246149  0.229334  0.294251  0.190622  0.798090  0.751497 0.0  0.206959  0.338230  0.753248  0.795145  0.577413  0.691346  0.295610  0.331610  0.868260  0.407812  0.902078  0.842447  0.851687  0.204794  0.407371  0.764218  0.716697  0.349133  0.413242  0.745066  0.634816  0.754007  0.371124  0.345982  0.331765  0.703189  0.331865  0.754755  0.355465  0.700924  0.926896  0.386788  0.304590  0.410679  0.232635  0.668906  0.771565  0.384091  0.697355  0.608049  0.236442  0.237824  0.489995 
18  0.277467  0.474282  0.912342  0.776950  0.731595  0.748087  0.143347  0.286550  0.119407  0.221123  0.226595  0.190419  0.138843  0.153184  0.126166  0.676067  0.801371  0.206959 0.0  0.237345  0.695646  0.678822  0.497217  0.783760  0.259747  0.236038  0.789452  0.326799  0.804466  0.714700  0.748517  0.188896  0.473965  0.925330  0.596147  0.264237  0.225376  0.696490  0.603689  0.640064  0.308407  0.226020  0.358777  0.588844  0.260278  0.833142  0.267553  0.659321  0.988690  0.217720  0.227840  0.259566  0.218716  0.560714  0.700400  0.290922  0.692829  0.702367  0.110219  0.117334  0.442397 
19  0.144244  0.347870  0.675899  0.651918  0.727629  0.566072  0.213233  0.189631  0.221349  0.168929  0.150372  0.221102  0.218193  0.167069  0.277802  0.634103  0.678828  0.338230  0.237345 0.0  0.518803  0.362408  0.385600  0.542101  0.268152  0.230647  0.671933  0.149053  0.750138  0.656327  0.670812  0.245929  0.384152  0.725225  0.631162  0.192329  0.237653  0.530131  0.484908  0.552925  0.183585  0.124596  0.322589  0.521445  0.130520  0.649881  0.124300  0.484129  0.842883  0.193222  0.174379  0.123549  0.261506  0.412623  0.574400  0.212440  0.534032  0.529834  0.207865  0.230023  0.293732 
20  0.477082  0.366816  0.232672  0.239361  0.181359  0.098685  0.681035  0.462939  0.646254  0.638480  0.473557  0.493290  0.646713  0.615684  0.591291  0.192649  0.185086  0.753248  0.695646  0.518803 0.0  0.125068  0.361980  0.132948  0.467341  0.530534  0.269156  0.471636  0.208417  0.236013  0.181022  0.591513  0.336965  0.230271  0.122452  0.539008  0.798630  0.129138  0.242381  0.158623  0.565473  0.514743  0.477088  0.115184  0.538277  0.141484  0.626299  0.106956  0.391441  0.628447  0.579640  0.620929  0.537894  0.156696  0.116122  0.400963  0.226853  0.123158  0.601406  0.646257  0.341753 
21  0.463832  0.294644  0.282159  0.271482  0.223898  0.118513  0.781025  0.404598  0.640148  0.677287  0.459345  0.545518  0.560375  0.644462  0.565574  0.221030  0.189493  0.795145  0.678822  0.362408  0.125068 0.0  0.281799  0.183454  0.441889  0.406508  0.276377  0.494617  0.216180  0.207313  0.220709  0.648615  0.289426  0.289691  0.139766  0.445345  0.789563  0.089531  0.229100  0.134579  0.427761  0.619712  0.445150  0.093151  0.461971  0.177723  0.550086  0.095087  0.362436  0.769070  0.391642  0.624516  0.572588  0.110696  0.101310  0.423187  0.178506  0.087232  0.607983  0.551043  0.330597 
22  0.286097  0.109434  0.559276  0.497276  0.450354  0.331031  0.482174  0.262116  0.502974  0.404764  0.298868  0.417914  0.384439  0.373570  0.427677  0.358239  0.328032  0.577413  0.497217  0.385600  0.361980  0.281799 0.0  0.365028  0.321069  0.315218  0.478398  0.278457  0.408496  0.389653  0.456314  0.420816  0.150720  0.524847  0.355634  0.331407  0.477891  0.320501  0.162278  0.245811  0.257704  0.428157  0.253534  0.323998  0.285843  0.360814  0.331549  0.357246  0.566297  0.509072  0.315695  0.376686  0.298973  0.272662  0.292244  0.214927  0.306737  0.293804  0.451880  0.466031  0.122327 
23  0.620469  0.340837  0.204471  0.196497  0.131365  0.135058  0.805571  0.469856  0.754560  0.594077  0.672466  0.690250  0.698637  0.653563  0.702853  0.166116  0.141045  0.691346  0.783760  0.542101  0.132948  0.183454  0.365028 0.0  0.636251  0.570963  0.207357  0.518730  0.162368  0.194526  0.122482  0.638383  0.376413  0.195104  0.139857  0.573135  0.834685  0.181052  0.278399  0.222455  0.557180  0.579980  0.509288  0.160768  0.544977  0.126560  0.470317  0.154986  0.349736  0.814786  0.603617  0.698240  0.673569  0.217303  0.177466  0.458062  0.204256  0.180721  0.721975  0.691757  0.375927 
24  0.250738  0.298873  0.635082  0.668156  0.607144  0.514479  0.241316  0.239200  0.283389  0.280040  0.177447  0.162803  0.248039  0.236635  0.210400  0.553944  0.587508  0.295610  0.259747  0.268152  0.467341  0.441889  0.321069  0.636251 0.0  0.100723  0.566387  0.235912  0.640528  0.599946  0.607887  0.179538  0.297131  0.650970  0.486961  0.128129  0.383127  0.508352  0.377318  0.430880  0.194216  0.201595  0.154365  0.481168  0.213239  0.573882  0.199647  0.521772  0.757834  0.283804  0.168057  0.301045  0.138096  0.435118  0.481099  0.166863  0.568086  0.461319  0.218157  0.237824  0.302898 
25  0.252355  0.301654  0.643070  0.637166  0.600396  0.511967  0.230790  0.212939  0.282118  0.281014  0.158123  0.176717  0.209099  0.234140  0.245995  0.574484  0.662717  0.331610  0.236038  0.230647  0.530534  0.406508  0.315218  0.570963  0.100723 0.0  0.604343  0.238243  0.546789  0.653488  0.662000  0.183534  0.295678  0.677425  0.519615  0.127141  0.354097  0.438624  0.395839  0.451434  0.176592  0.206970  0.172901  0.488412  0.193294  0.533890  0.171680  0.412306  0.812897  0.348681  0.144876  0.288626  0.143900  0.430429  0.514754  0.172092  0.552123  0.396047  0.230867  0.262524  0.265987 
26  0.635129  0.510684  0.254540  0.236229  0.211673  0.292726  0.937301  0.569868  0.826868  0.703480  0.603669  0.705924  0.767660  0.870366  0.901675  0.148313  0.164355  0.868260  0.789452  0.671933  0.269156  0.276377  0.478398  0.207357  0.566387  0.604343 0.0  0.673488  0.179592  0.105458  0.208262  0.792376  0.458439  0.175413  0.230944  0.555229  0.869308  0.256665  0.372968  0.244687  0.645936  0.756468  0.670993  0.254210  0.617071  0.199654  0.635214  0.289151  0.188937  0.782422  0.729266  0.698350  0.719416  0.296332  0.225078  0.585985  0.213025  0.256030  0.886458  0.727250  0.471806 
27  0.094101  0.268648  0.665756  0.709308  0.664142  0.630427  0.257970  0.109167  0.279493  0.215128  0.184589  0.262438  0.277517  0.191675  0.312649  0.528664  0.552796  0.407812  0.326799  0.149053  0.471636  0.494617  0.278457  0.518730  0.235912  0.238243  0.673488 0.0  0.669308  0.617487  0.599085  0.289606  0.234951  0.727067  0.429601  0.185917  0.322873  0.380119  0.393346  0.481769  0.137810  0.200758  0.262609  0.544419  0.113165  0.486689  0.142971  0.561406  0.634379  0.262246  0.197509  0.179301  0.277170  0.419645  0.529470  0.189993  0.590508  0.513083  0.273716  0.269341  0.205949 
28  0.697715  0.497531  0.176869  0.124984  0.111185  0.214733  0.929428  0.575550  0.833883  0.928046  0.689572  0.709596  0.818550  0.714852  0.921705  0.200701  0.166427  0.902078  0.804466  0.750138  0.208417  0.216180  0.408496  0.162368  0.640528  0.546789  0.179592  0.669308 0.0  0.184421  0.119503  0.779646  0.492633  0.104240  0.203582  0.678280  0.938432  0.261745  0.342747  0.256294  0.522950  0.740197  0.569168  0.230911  0.700807  0.155026  0.652787  0.205618  0.225936  0.846326  0.624149  0.665152  0.648080  0.275953  0.247704  0.545917  0.272079  0.239422  0.863689  0.769994  0.467564 
29  0.591198  0.427884  0.275192  0.210147  0.190461  0.259113  0.831675  0.612364  0.801915  0.782506  0.632033  0.649478  0.857500  0.709351  0.693412  0.129629  0.138552  0.842447  0.714700  0.656327  0.236013  0.207313  0.389653  0.194526  0.599946  0.653488  0.105458  0.617487  0.184421 0.0  0.202762  0.699863  0.444192  0.153806  0.215842  0.727032  0.833996  0.248271  0.303180  0.239755  0.638583  0.598778  0.661706  0.216781  0.561890  0.160122  0.621244  0.251151  0.213828  0.836326  0.743607  0.671884  0.713997  0.291319  0.265467  0.508577  0.194010  0.271420  0.701865  0.584765  0.443593 
30  0.589393  0.427792  0.163614  0.138025  0.106026  0.179250  0.680768  0.624993  0.766801  0.731681  0.650321  0.767322  0.737258  0.720531  0.835761  0.214182  0.174374  0.851687  0.748517  0.670812  0.181022  0.220709  0.456314  0.122482  0.607887  0.662000  0.208262  0.599085  0.119503  0.202762 0.0  0.685202  0.441651  0.150768  0.182769  0.604423  0.942815  0.226156  0.356495  0.235614  0.562226  0.670899  0.556881  0.204287  0.643463  0.165236  0.575591  0.216248  0.274003  0.800220  0.688874  0.656196  0.767447  0.238809  0.206089  0.536733  0.253098  0.210055  0.676410  0.726588  0.515292 
31  0.317815  0.343681  0.661161  0.703355  0.662562  0.666807  0.211303  0.288648  0.213036  0.271601  0.215153  0.130269  0.184732  0.238938  0.160805  0.611598  0.555244  0.204794  0.188896  0.245929  0.591513  0.648615  0.420816  0.638383  0.179538  0.183534  0.792376  0.289606  0.779646  0.699863  0.685202 0.0  0.364338  0.697655  0.597512  0.196400  0.340682  0.537497  0.485802  0.594721  0.245441  0.205301  0.220728  0.535898  0.261331  0.625030  0.194302  0.599221  0.809854  0.299987  0.184546  0.308610  0.120843  0.512707  0.647000  0.271971  0.551810  0.547287  0.190851  0.191192  0.399656 
32  0.264838  0.130535  0.520296  0.499517  0.409892  0.354603  0.431050  0.229369  0.382901  0.365901  0.287849  0.341019  0.405904  0.412254  0.393930  0.367116  0.400167  0.407371  0.473965  0.384152  0.336965  0.289426  0.150720  0.376413  0.297131  0.295678  0.458439  0.234951  0.492633  0.444192  0.441651  0.364338 0.0  0.500441  0.319441  0.237474  0.537343  0.294294  0.220674  0.271996  0.203900  0.421924  0.218946  0.328540  0.262918  0.366331  0.311816  0.328278  0.545838  0.501311  0.333173  0.333483  0.306806  0.276230  0.344436  0.185025  0.355276  0.307295  0.427956  0.407278  0.128814 
33  0.746736  0.476255  0.183193  0.137217  0.136487  0.244883  0.818929  0.721895  0.928105  0.931187  0.722887  0.717261  0.727778  0.816056  0.755747  0.214131  0.164383  0.764218  0.925330  0.725225  0.230271  0.289691  0.524847  0.195104  0.650970  0.677425  0.175413  0.727067  0.104240  0.153806  0.150768  0.697655  0.500441 0.0  0.247456  0.694334  0.926896  0.268778  0.399577  0.325298  0.706509  0.720535  0.530846  0.280331  0.544435  0.195224  0.727600  0.255410  0.224782  0.750944  0.616750  0.721093  0.666957  0.297148  0.226369  0.567743  0.240326  0.259858  0.846520  0.870411  0.503173 
34  0.485364  0.369452  0.251927  0.211296  0.169097  0.128016  0.629250  0.432766  0.735422  0.574230  0.585536  0.547537  0.676690  0.648032  0.668619  0.158303  0.163520  0.716697  0.596147  0.631162  0.122452  0.139766  0.355634  0.139857  0.486961  0.519615  0.230944  0.429601  0.203582  0.215842  0.182769  0.597512  0.319441  0.247456 0.0  0.504292  0.722397  0.131049  0.251914  0.153756  0.479031  0.610270  0.366710  0.123057  0.437042  0.123102  0.546846  0.136152  0.320957  0.751826  0.611743  0.572843  0.524955  0.160703  0.120063  0.455032  0.162419  0.137208  0.731114  0.660601  0.319052 
35  0.200368  0.266106  0.658914  0.698295  0.575098  0.526962  0.231997  0.174658  0.217149  0.244680  0.114207  0.136458  0.206631  0.211033  0.223563  0.593123  0.635334  0.349133  0.264237  0.192329  0.539008  0.445345  0.331407  0.573135  0.128129  0.127141  0.555229  0.185917  0.678280  0.727032  0.604423  0.196400  0.237474  0.694334  0.504292 0.0  0.337380  0.403283  0.455177  0.479892  0.143844  0.190129  0.193423  0.480448  0.167665  0.524317  0.154509  0.528912  0.694318  0.315124  0.119326  0.233873  0.163965  0.408308  0.478799  0.159316  0.548400  0.457199  0.235528  0.241286  0.307875 
36  0.321424  0.500831  0.986073  0.869407  0.761707  0.661849  0.163219  0.328264  0.187960  0.174232  0.277499  0.297058  0.250244  0.189115  0.276996  0.742167  0.853036  0.413242  0.225376  0.237653  0.798630  0.789563  0.477891  0.834685  0.383127  0.354097  0.869308  0.322873  0.938432  0.833996  0.942815  0.340682  0.537343  0.926896  0.722397  0.337380 0.0  0.795698  0.615139  0.654968  0.373711  0.245955  0.381525  0.789251  0.252062  0.869926  0.279455  0.679250  0.946602  0.120035  0.299864  0.210602  0.374142  0.736519  0.632077  0.414039  0.709803  0.731146  0.218200  0.208476  0.460650 
37  0.517058  0.289410  0.286991  0.274269  0.220355  0.129684  0.600979  0.368819  0.689988  0.593054  0.492611  0.565106  0.600145  0.595351  0.599270  0.206354  0.193900  0.745066  0.696490  0.530131  0.129138  0.089531  0.320501  0.181052  0.508352  0.438624  0.256665  0.380119  0.261745  0.248271  0.226156  0.537497  0.294294  0.268778  0.131049  0.403283  0.795698 0.0  0.232183  0.125039  0.435104  0.596065  0.349598  0.088157  0.460372  0.153492  0.534359  0.108522  0.376045  0.703203  0.496659  0.544876  0.570945  0.115213  0.096330  0.407792  0.208221  0.094621  0.646231  0.575226  0.273155 
38  0.326250  0.186419  0.434631  0.373240  0.391142  0.280157  0.668143  0.335455  0.520802  0.491235  0.452085  0.546615  0.628026  0.517605  0.560279  0.254863  0.324420  0.634816  0.603689  0.484908  0.242381  0.229100  0.162278  0.278399  0.377318  0.395839  0.372968  0.393346  0.342747  0.303180  0.356495  0.485802  0.220674  0.399577  0.251914  0.455177  0.615139  0.232183 0.0  0.200163  0.299386  0.514010  0.387160  0.233825  0.411858  0.270399  0.465662  0.265393  0.410785  0.573025  0.408302  0.446590  0.448909  0.199917  0.237082  0.292460  0.225386  0.208080  0.552715  0.549997  0.215629 
39  0.441130  0.325881  0.316379  0.321615  0.256209  0.165675  0.627831  0.467437  0.531164  0.494008  0.499989  0.456192  0.525131  0.595853  0.695393  0.189536  0.189581  0.754007  0.640064  0.552925  0.158623  0.134579  0.245811  0.222455  0.430880  0.451434  0.244687  0.481769  0.256294  0.239755  0.235614  0.594721  0.271996  0.325298  0.153756  0.479892  0.654968  0.125039  0.200163 0.0  0.498434  0.537223  0.361319  0.116489  0.522936  0.170012  0.547631  0.147355  0.367199  0.609568  0.466758  0.472284  0.464617  0.152284  0.129059  0.401432  0.157675  0.137504  0.584300  0.562111  0.333115 
40  0.149539  0.233716  0.546234  0.684768  0.500001  0.523328  0.271304  0.117275  0.291731  0.244819  0.161368  0.224277  0.267274  0.252835  0.290721  0.537536  0.518531  0.371124  0.308407  0.183585  0.565473  0.427761  0.257704  0.557180  0.194216  0.176592  0.645936  0.137810  0.522950  0.638583  0.562226  0.245441  0.203900  0.706509  0.479031  0.143844  0.373711  0.435104  0.299386  0.498434 0.0  0.208305  0.223259  0.417865  0.127695  0.486085  0.141106  0.415580  0.660394  0.317558  0.182774  0.215806  0.227711  0.424576  0.485422  0.138422  0.423110  0.414298  0.267737  0.258046  0.227691 
41  0.166570  0.363681  0.843663  0.835481  0.697710  0.516026  0.164040  0.199973  0.186759  0.156677  0.130494  0.182326  0.163810  0.131324  0.215321  0.683832  0.695548  0.345982  0.226020  0.124596  0.514743  0.619712  0.428157  0.579980  0.201595  0.206970  0.756468  0.200758  0.740197  0.598778  0.670899  0.205301  0.421924  0.720535  0.610270  0.190129  0.245955  0.596065  0.514010  0.537223  0.208305 0.0  0.293037  0.555835  0.158905  0.600085  0.123874  0.507217  0.796858  0.196826  0.144989  0.149737  0.212044  0.594530  0.528901  0.269314  0.487738  0.444488  0.179240  0.171457  0.299647 
42  0.256180  0.273468  0.476588  0.645129  0.569731  0.431984  0.335974  0.238072  0.330091  0.333696  0.269949  0.211073  0.301977  0.318818  0.303631  0.480166  0.515848  0.331765  0.358777  0.322589  0.477088  0.445150  0.253534  0.509288  0.154365  0.172901  0.670993  0.262609  0.569168  0.661706  0.556881  0.220728  0.218946  0.530846  0.366710  0.193423  0.381525  0.349598  0.387160  0.361319  0.223259  0.293037 0.0  0.409661  0.276664  0.472578  0.245320  0.415889  0.665145  0.399135  0.220430  0.347184  0.206569  0.408218  0.434739  0.158751  0.411002  0.391708  0.323671  0.333175  0.274314 
43  0.507575  0.345724  0.294104  0.281374  0.216463  0.125169  0.687625  0.478712  0.653320  0.607214  0.544123  0.590434  0.506679  0.688458  0.601521  0.208807  0.233837  0.703189  0.588844  0.521445  0.115184  0.093151  0.323998  0.160768  0.481168  0.488412  0.254210  0.544419  0.230911  0.216781  0.204287  0.535898  0.328540  0.280331  0.123057  0.480448  0.789251  0.088157  0.233825  0.116489  0.417865  0.555835  0.409661 0.0  0.514392  0.156044  0.520955  0.104876  0.363443  0.679575  0.562100  0.592901  0.563892  0.125541  0.090611  0.356084  0.215908  0.098080  0.743219  0.544023  0.316176 
44  0.118353  0.275893  0.646700  0.668679  0.684608  0.555043  0.266449  0.124684  0.252011  0.219043  0.143573  0.206696  0.237189  0.202116  0.283655  0.551978  0.651098  0.331865  0.260278  0.130520  0.538277  0.461971  0.285843  0.544977  0.213239  0.193294  0.617071  0.113165  0.700807  0.561890  0.643463  0.261331  0.262918  0.544435  0.437042  0.167665  0.252062  0.460372  0.411858  0.522936  0.127695  0.158905  0.276664  0.514392 0.0  0.568942  0.118083  0.501475  0.674362  0.259809  0.160149  0.177110  0.234317  0.495218  0.516899  0.194955  0.471768  0.436213  0.282388  0.249949  0.255094 
45  0.501172  0.363536  0.217631  0.217556  0.159568  0.168944  0.641042  0.465572  0.697631  0.777294  0.609455  0.592340  0.723545  0.651042  0.669321  0.145073  0.114529  0.754755  0.833142  0.649881  0.141484  0.177723  0.360814  0.126560  0.573882  0.533890  0.199654  0.486689  0.155026  0.160122  0.165236  0.625030  0.366331  0.195224  0.123102  0.524317  0.869926  0.153492  0.270399  0.170012  0.486085  0.600085  0.472578  0.156044  0.568942 0.0  0.571862  0.174168  0.268487  0.854782  0.494793  0.635427  0.645999  0.200035  0.152061  0.462229  0.153604  0.166695  0.798522  0.734362  0.388445 
46  0.139346  0.324986  0.677940  0.780904  0.584380  0.631517  0.204868  0.168214  0.213175  0.189411  0.124427  0.206866  0.194355  0.171175  0.247211  0.561331  0.613461  0.355465  0.267553  0.124300  0.626299  0.550086  0.331549  0.470317  0.199647  0.171680  0.635214  0.142971  0.652787  0.621244  0.575591  0.194302  0.311816  0.727600  0.546846  0.154509  0.279455  0.534359  0.465662  0.547631  0.141106  0.123874  0.245320  0.520955  0.118083  0.571862 0.0  0.546740  0.831906  0.225116  0.140352  0.161008  0.233473  0.518023  0.558248  0.204899  0.576866  0.522334  0.227020  0.217049  0.316822 
47  0.515218  0.288316  0.267904  0.268796  0.214117  0.102038  0.655074  0.520973  0.676799  0.735315  0.518720  0.610574  0.582800  0.613877  0.650597  0.204973  0.189907  0.700924  0.659321  0.484129  0.106956  0.095087  0.357246  0.154986  0.521772  0.412306  0.289151  0.561406  0.205618  0.251151  0.216248  0.599221  0.328278  0.255410  0.136152  0.528912  0.679250  0.108522  0.265393  0.147355  0.415580  0.507217  0.415889  0.104876  0.501475  0.174168  0.546740 0.0  0.429364  0.757613  0.530674  0.542739  0.488955  0.123062  0.109963  0.412971  0.199806  0.101328  0.599609  0.716052  0.336924 
48  0.750110  0.553303  0.330974  0.284839  0.282448  0.412897  0.898453  0.616414  0.886094  0.869141  0.739425  0.804535  0.685802  0.958721  0.898180  0.240827  0.285040  0.926896  0.988690  0.842883  0.391441  0.362436  0.566297  0.349736  0.757834  0.812897  0.188937  0.634379  0.225936  0.213828  0.274003  0.809854  0.545838  0.224782  0.320957  0.694318  0.946602  0.376045  0.410785  0.367199  0.660394  0.796858  0.665145  0.363443  0.674362  0.268487  0.831906  0.429364 0.0  1.000000  0.832638  0.787060  0.774547  0.407443  0.389174  0.650020  0.276802  0.298001  0.867371  0.948813  0.610032 
49  0.257196  0.485051  0.823623  0.770704  0.799896  0.612566  0.163483  0.310652  0.184189  0.126599  0.250458  0.285053  0.208056  0.167645  0.255693  0.620633  0.740169  0.386788  0.217720  0.193222  0.628447  0.769070  0.509072  0.814786  0.283804  0.348681  0.782422  0.262246  0.846326  0.836326  0.800220  0.299987  0.501311  0.750944  0.751826  0.315124  0.120035  0.703203  0.573025  0.609568  0.317558  0.196826  0.399135  0.679575  0.259809  0.854782  0.225116  0.757613  1.000000 0.0  0.239159  0.203442  0.306410  0.687947  0.711979  0.351723  0.650632  0.668836  0.203122  0.207149  0.433770 
50  0.208049  0.327630  0.661161  0.725634  0.656306  0.476129  0.210914  0.203777  0.216559  0.198759  0.099332  0.139290  0.167832  0.166748  0.192482  0.563236  0.668917  0.304590  0.227840  0.174379  0.579640  0.391642  0.315695  0.603617  0.168057  0.144876  0.729266  0.197509  0.624149  0.743607  0.688874  0.184546  0.333173  0.616750  0.611743  0.119326  0.299864  0.496659  0.408302  0.466758  0.182774  0.144989  0.220430  0.562100  0.160149  0.494793  0.140352  0.530674  0.832638  0.239159 0.0  0.215272  0.162094  0.470892  0.504260  0.206462  0.660485  0.459613  0.185573  0.188580  0.283478 
51  0.174343  0.368568  0.774076  0.734721  0.675520  0.580331  0.193327  0.201716  0.243886  0.149247  0.183882  0.255465  0.219377  0.178790  0.279672  0.663704  0.655299  0.410679  0.259566  0.123549  0.620929  0.624516  0.376686  0.698240  0.301045  0.288626  0.698350  0.179301  0.665152  0.671884  0.656196  0.308610  0.333483  0.721093  0.572843  0.233873  0.210602  0.544876  0.446590  0.472284  0.215806  0.149737  0.347184  0.592901  0.177110  0.635427  0.161008  0.542739  0.787060  0.203442  0.215272 0.0  0.282804  0.490184  0.548155  0.262256  0.586759  0.602250  0.240771  0.248674  0.291574 
52  0.254436  0.384405  0.556457  0.731017  0.667716  0.624117  0.260641  0.276354  0.234732  0.282740  0.174191  0.128841  0.198690  0.232978  0.202509  0.603594  0.672743  0.232635  0.218716  0.261506  0.537894  0.572588  0.298973  0.673569  0.138096  0.143900  0.719416  0.277170  0.648080  0.713997  0.767447  0.120843  0.306806  0.666957  0.524955  0.163965  0.374142  0.570945  0.448909  0.464617  0.227711  0.212044  0.206569  0.563892  0.234317  0.645999  0.233473  0.488955  0.774547  0.306410  0.162094  0.282804 0.0  0.514675  0.503380  0.233046  0.520502  0.507567  0.221744  0.181849  0.323650 
53  0.488075  0.324423  0.306605  0.310451  0.282646  0.131227  0.660607  0.516187  0.630892  0.601900  0.514996  0.480310  0.590153  0.560761  0.633567  0.246862  0.224994  0.668906  0.560714  0.412623  0.156696  0.110696  0.272662  0.217303  0.435118  0.430429  0.296332  0.419645  0.275953  0.291319  0.238809  0.512707  0.276230  0.297148  0.160703  0.408308  0.736519  0.115213  0.199917  0.152284  0.424576  0.594530  0.408218  0.125541  0.495218  0.200035  0.518023  0.123062  0.407443  0.687947  0.470892  0.490184  0.514675 0.0  0.122378  0.385615  0.239743  0.111126  0.625908  0.599500  0.300226 
54  0.451638  0.321355  0.265044  0.281406  0.218910  0.119104  0.637582  0.525534  0.603582  0.615051  0.569146  0.539612  0.660871  0.619546  0.564286  0.195704  0.189167  0.771565  0.700400  0.574400  0.116122  0.101310  0.292244  0.177466  0.481099  0.514754  0.225078  0.529470  0.247704  0.265467  0.206089  0.647000  0.344436  0.226369  0.120063  0.478799  0.632077  0.096330  0.237082  0.129059  0.485422  0.528901  0.434739  0.090611  0.516899  0.152061  0.558248  0.109963  0.389174  0.711979  0.504260  0.548155  0.503380  0.122378 0.0  0.496444  0.180937  0.107058  0.575053  0.602212  0.336788 
55  0.213083  0.189334  0.641555  0.553531  0.551199  0.422276  0.339893  0.165484  0.352292  0.330265  0.197100  0.251429  0.295596  0.309386  0.376515  0.528271  0.480018  0.384091  0.290922  0.212440  0.400963  0.423187  0.214927  0.458062  0.166863  0.172092  0.585985  0.189993  0.545917  0.508577  0.536733  0.271971  0.185025  0.567743  0.455032  0.159316  0.414039  0.407792  0.292460  0.401432  0.138422  0.269314  0.158751  0.356084  0.194955  0.462229  0.204899  0.412971  0.650020  0.351723  0.206462  0.262256  0.233046  0.385615  0.496444 0.0  0.493469  0.352355  0.350818  0.317434  0.182203 
56  0.438324  0.325252  0.261810  0.269979  0.249657  0.211088  0.694670  0.453562  0.643042  0.603097  0.554689  0.676215  0.636368  0.589171  0.639454  0.128843  0.182133  0.697355  0.692829  0.534032  0.226853  0.178506  0.306737  0.204256  0.568086  0.552123  0.213025  0.590508  0.272079  0.194010  0.253098  0.551810  0.355276  0.240326  0.162419  0.548400  0.709803  0.208221  0.225386  0.157675  0.423110  0.487738  0.411002  0.215908  0.471768  0.153604  0.576866  0.199806  0.276802  0.650632  0.660485  0.586759  0.520502  0.239743  0.180937  0.493469 0.0  0.204483  0.742785  0.722529  0.335361 
57  0.498729  0.317247  0.312203  0.308795  0.251096  0.119093  0.757942  0.428884  0.580282  0.536110  0.508609  0.515100  0.568394  0.648029  0.656805  0.233820  0.211473  0.608049  0.702367  0.529834  0.123158  0.087232  0.293804  0.180721  0.461319  0.396047  0.256030  0.513083  0.239422  0.271420  0.210055  0.547287  0.307295  0.259858  0.137208  0.457199  0.731146  0.094621  0.208080  0.137504  0.414298  0.444488  0.391708  0.098080  0.436213  0.166695  0.522334  0.101328  0.298001  0.668836  0.459613  0.602250  0.507567  0.111126  0.107058  0.352355  0.204483 0.0  0.554038  0.684842  0.327164 
58  0.267096  0.441284  0.942727  0.746167  0.648822  0.604031  0.134935  0.273717  0.109861  0.197047  0.190160  0.166667  0.105299  0.133645  0.123082  0.783085  0.736711  0.236442  0.110219  0.207865  0.601406  0.607983  0.451880  0.721975  0.218157  0.230867  0.886458  0.273716  0.863689  0.701865  0.676410  0.190851  0.427956  0.846520  0.731114  0.235528  0.218200  0.646231  0.552715  0.584300  0.267737  0.179240  0.323671  0.743219  0.282388  0.798522  0.227020  0.599609  0.867371  0.203122  0.185573  0.240771  0.221744  0.625908  0.575053  0.350818  0.742785  0.554038 0.0  0.090628  0.458680 
59  0.264961  0.411932  0.804797  0.746813  0.645908  0.717458  0.122293  0.321533  0.101211  0.179540  0.184579  0.159921  0.100236  0.130953  0.133241  0.686861  0.865373  0.237824  0.117334  0.230023  0.646257  0.551043  0.466031  0.691757  0.237824  0.262524  0.727250  0.269341  0.769994  0.584765  0.726588  0.191192  0.407278  0.870411  0.660601  0.241286  0.208476  0.575226  0.549997  0.562111  0.258046  0.171457  0.333175  0.544023  0.249949  0.734362  0.217049  0.716052  0.948813  0.207149  0.188580  0.248674  0.181849  0.599500  0.602212  0.317434  0.722529  0.684842  0.090628 0.0  0.391315 
60  0.251255  0.101952  0.511739  0.521675  0.438200  0.369573  0.469588  0.233980  0.456484  0.354553  0.276673  0.353605  0.337631  0.385274  0.402071  0.339914  0.482813  0.489995  0.442397  0.293732  0.341753  0.330597  0.122327  0.375927  0.302898  0.265987  0.471806  0.205949  0.467564  0.443593  0.515292  0.399656  0.128814  0.503173  0.319052  0.307875  0.460650  0.273155  0.215629  0.333115  0.227691  0.299647  0.274314  0.316176  0.255094  0.388445  0.316822  0.336924  0.610032  0.433770  0.283478  0.291574  0.323650  0.300226  0.336788  0.182203  0.335361  0.327164  0.458680  0.391315 0.0 
