61
0 0.0  0.259771  0.684384  0.690176  0.553127  0.478944  0.247398  0.121156  0.283180  0.203084  0.170013  0.241138  0.270481  0.226120  0.305243  0.517329  0.532708  0.387402  0.287976  0.123955  0.512255  0.556205  0.263069  0.558539  0.238561  0.240429  0.613537  0.094930  0.612967  0.570332  0.649444  0.273107  0.259588  0.717079  0.506419  0.189547  0.272686  0.404699  0.334625  0.467396  0.135125  0.179017  0.271790  0.380075  0.114780  0.545216  0.141570  0.487322  0.662402  0.237206  0.211277  0.161607  0.267572  0.432138  0.488571  0.197113  0.474442  0.437869  0.265681  0.253457  0.246076 
1  0.259771 0.0  0.470823  0.496118  0.419530  0.388063  0.475747  0.206042  0.412856  0.349334  0.334435  0.356822  0.414299  0.358656  0.411838  0.328414  0.388535  0.542644  0.472420  0.315768  0.375932  0.300015  0.107482  0.371862  0.258367  0.277603  0.417766  0.252700  0.403446  0.432307  0.475066  0.374866  0.117929  0.450911  0.305998  0.269386  0.527680  0.310867  0.182454  0.286687  0.218465  0.322355  0.266427  0.315327  0.268097  0.339235  0.284815  0.330945  0.597279  0.438809  0.324433  0.343449  0.375281  0.246252  0.329533  0.194222  0.350250  0.267466  0.391842  0.369727  0.104346 
2  0.684384  0.470823 0.0  0.113636  0.150197  0.242203  0.848219  0.701005  0.723173  0.875457  0.705048  0.750146  0.767207  0.793038  0.785065  0.277016  0.248912  0.780626  0.879220  0.806706  0.226438  0.310552  0.534832  0.217702  0.689333  0.653950  0.270677  0.616327  0.143477  0.271965  0.149345  0.664909  0.464865  0.157074  0.272038  0.582870  0.933904  0.245915  0.384746  0.270226  0.586795  0.730483  0.578457  0.304692  0.670739  0.232770  0.650846  0.233497  0.289838  0.821248  0.748516  0.776316  0.613278  0.300613  0.269822  0.679409  0.261885  0.305961  0.700798  0.817937  0.547411 
3  0.690176  0.496118  0.113636 0.0  0.137601  0.235159  0.786379  0.565695  0.914108  0.720687  0.671074  0.665434  0.644853  0.898454  0.834892  0.252543  0.186449  0.785041  0.955767  0.804845  0.264843  0.251509  0.521736  0.179611  0.659562  0.669121  0.192872  0.557788  0.120593  0.219783  0.137831  0.713742  0.450727  0.136745  0.226209  0.642034  0.714535  0.241302  0.475464  0.307934  0.617154  0.833365  0.584699  0.257629  0.665429  0.195831  0.737334  0.262274  0.296961  0.949000  0.551434  0.749985  0.653818  0.301625  0.251388  0.538420  0.307233  0.306908  0.572932  0.919972  0.495918 
4  0.553127  0.419530  0.150197  0.137601 0.0  0.192455  0.772492  0.601002  0.663448  0.686366  0.603734  0.670975  0.819105  0.823423  0.817530  0.204322  0.146828  0.780233  0.776855  0.546327  0.170728  0.229877  0.444435  0.132049  0.596215  0.535852  0.183816  0.545243  0.112156  0.191733  0.103955  0.533022  0.494955  0.132086  0.190931  0.635353  0.818245  0.257141  0.332146  0.262685  0.513893  0.606427  0.501089  0.222139  0.591221  0.161902  0.668956  0.180931  0.283790  0.737377  0.679762  0.687475  0.656030  0.256494  0.201840  0.573448  0.215211  0.194423  0.831075  0.841163  0.407945 
5  0.478944  0.388063  0.242203  0.235159  0.192455 0.0  0.658954  0.489542  0.676176  0.672983  0.560075  0.504584  0.596541  0.690771  0.590320  0.190240  0.174682  0.639898  0.659524  0.615245  0.097224  0.127910  0.349970  0.139527  0.481511  0.445255  0.250956  0.458943  0.257831  0.255291  0.188111  0.438103  0.348163  0.261095  0.130492  0.548969  0.763943  0.125243  0.278534  0.159518  0.517997  0.509921  0.327458  0.119987  0.482896  0.169626  0.506346  0.106066  0.401770  0.681262  0.541327  0.568123  0.520987  0.138705  0.123097  0.406443  0.223810  0.116516  0.579907  0.672955  0.384207 
6  0.247398  0.475747  0.848219  0.786379  0.772492  0.658954 0.0  0.281008  0.110212  0.161305  0.186796  0.194182  0.132196  0.118454  0.166469  0.618004  0.782211  0.272664  0.131597  0.194929  0.710300  0.726354  0.495416  0.693086  0.281008  0.284121  0.718506  0.250369  0.731156  0.711875  0.726390  0.194909  0.415437  1.000000  0.640672  0.232283  0.177468  0.653430  0.472665  0.608864  0.266548  0.155987  0.325089  0.597614  0.222753  0.633973  0.208674  0.672953  0.829526  0.158172  0.193833  0.200879  0.263041  0.570184  0.567724  0.296281  0.647942  0.668080  0.118378  0.121285  0.412376 
7  0.121156  0.206042  0.701005  0.565695  0.601002  0.489542  0.281008 0.0  0.289320  0.266291  0.193436  0.255488  0.242707  0.245648  0.328973  0.421762  0.552092  0.376908  0.339256  0.188293  0.429105  0.424032  0.233374  0.508145  0.220335  0.210182  0.610382  0.104478  0.537945  0.507999  0.636999  0.293779  0.231280  0.603074  0.448161  0.177615  0.318471  0.407413  0.294920  0.371809  0.120468  0.192372  0.239715  0.414583  0.122582  0.504176  0.159039  0.472585  0.649566  0.286817  0.182259  0.206802  0.263604  0.408698  0.428949  0.152140  0.445652  0.429797  0.293090  0.293969  0.218874 
8  0.283180  0.412856  0.723173  0.914108  0.663448  0.676176  0.110212  0.289320 0.0  0.185055  0.207341  0.183795  0.115953  0.134533  0.150982  0.694600  0.782957  0.227839  0.110915  0.207829  0.708212  0.599604  0.485475  0.680308  0.269613  0.252751  0.659330  0.283451  0.770333  0.792573  0.730837  0.219500  0.407829  0.901915  0.581185  0.236897  0.196415  0.643117  0.485770  0.554541  0.273605  0.184412  0.317786  0.669771  0.239031  0.670897  0.215247  0.667082  0.807165  0.175548  0.199664  0.217399  0.230191  0.468513  0.707192  0.331375  0.601790  0.578182  0.104886  0.102510  0.415677 
9  0.203084  0.349334  0.875457  0.720687  0.686366  0.672983  0.161305  0.266291  0.185055 0.0  0.220559  0.246093  0.171016  0.139648  0.213278  0.735152  0.664367  0.342845  0.232893  0.154684  0.617637  0.586436  0.428039  0.711525  0.268396  0.257102  0.818767  0.227071  0.771844  0.700031  0.726969  0.257284  0.309972  0.781289  0.603857  0.243297  0.152460  0.612340  0.531188  0.615925  0.266103  0.159852  0.292781  0.626249  0.200368  0.689661  0.188838  0.671021  0.848381  0.128768  0.206967  0.133632  0.275131  0.598220  0.611262  0.323082  0.583680  0.563966  0.199547  0.188716  0.404091 
10  0.170013  0.334435  0.705048  0.671074  0.603734  0.560075  0.186796  0.193436  0.207341  0.220559 0.0  0.159530  0.174224  0.153513  0.195123  0.539533  0.708336  0.317272  0.212695  0.161543  0.547702  0.437848  0.285530  0.573647  0.167334  0.153001  0.579833  0.167169  0.698994  0.606554  0.644799  0.201612  0.315414  0.690258  0.481393  0.121394  0.271973  0.505458  0.349421  0.538275  0.153056  0.128539  0.207102  0.474269  0.153943  0.609017  0.125278  0.493808  0.699604  0.211707  0.098512  0.205825  0.175819  0.462229  0.436933  0.204212  0.477332  0.398170  0.211580  0.191674  0.286975 
11  0.241138  0.356822  0.750146  0.665434  0.670975  0.504584  0.194182  0.255488  0.183795  0.246093  0.159530 0.0  0.156981  0.157987  0.152904  0.661655  0.616245  0.242395  0.165877  0.206107  0.552831  0.496296  0.359115  0.562861  0.144648  0.161707  0.716485  0.230989  0.730764  0.609040  0.654787  0.129462  0.307611  0.569954  0.512019  0.157230  0.283778  0.489139  0.441801  0.493793  0.227592  0.170660  0.253110  0.673996  0.219372  0.640447  0.186076  0.519492  0.899840  0.262119  0.127096  0.268844  0.130567  0.473272  0.520234  0.247370  0.481006  0.542962  0.162978  0.167036  0.350425 
12  0.270481  0.414299  0.767207  0.644853  0.819105  0.596541  0.132196  0.242707  0.115953  0.171016  0.174224  0.156981 0.0  0.125818  0.132096  0.647835  0.683067  0.248331  0.129567  0.184793  0.570075  0.596558  0.447223  0.679042  0.218119  0.208326  0.772448  0.252734  0.717007  0.698880  0.709756  0.191473  0.376044  0.879920  0.576745  0.213752  0.234742  0.631513  0.447773  0.538857  0.243959  0.164037  0.311104  0.595544  0.237512  0.576656  0.193468  0.543074  0.862067  0.198861  0.161935  0.219902  0.177769  0.500564  0.626910  0.305091  0.556974  0.573271  0.106229  0.097032  0.441234 
13  0.226120  0.358656  0.793038  0.898454  0.823423  0.690771  0.118454  0.245648  0.134533  0.139648  0.153513  0.157987  0.125818 0.0  0.187031  0.697883  0.740761  0.269892  0.151267  0.176477  0.624471  0.564911  0.385371  0.712265  0.228329  0.254945  0.795367  0.262641  0.742802  0.741621  0.653797  0.212968  0.399585  0.693915  0.615556  0.210121  0.208919  0.609436  0.614458  0.572343  0.203569  0.137463  0.336675  0.538526  0.215418  0.627342  0.168359  0.623787  0.833361  0.171575  0.165911  0.191925  0.211970  0.539347  0.622846  0.282365  0.739936  0.607133  0.140246  0.119248  0.375345 
14  0.305243  0.411838  0.785065  0.834892  0.817530  0.590320  0.166469  0.328973  0.150982  0.213278  0.195123  0.152904  0.132096  0.187031 0.0  0.705171  0.640289  0.180892  0.129984  0.252917  0.642723  0.579584  0.426875  0.625548  0.203917  0.244878  0.774245  0.282157  0.804097  0.789053  0.827745  0.152539  0.432367  0.789710  0.691432  0.212517  0.269675  0.575309  0.589481  0.551074  0.284687  0.223296  0.337864  0.692036  0.248177  0.759080  0.260312  0.616049  0.929899  0.230216  0.194626  0.272912  0.183478  0.462113  0.552717  0.294867  0.668841  0.513876  0.127433  0.127285  0.393845 
15  0.517329  0.328414  0.277016  0.252543  0.204322  0.190240  0.618004  0.421762  0.694600  0.735152  0.539533  0.661655  0.647835  0.697883  0.705171 0.0  0.136416  0.738235  0.804646  0.632777  0.167582  0.234856  0.374337  0.186569  0.510593  0.550490  0.151537  0.568470  0.215957  0.138484  0.215789  0.681535  0.339871  0.203830  0.166051  0.661050  0.765122  0.210728  0.237925  0.181097  0.477236  0.636767  0.425275  0.202511  0.532920  0.136987  0.594633  0.191419  0.238001  0.706806  0.611358  0.724618  0.518751  0.199665  0.184928  0.456418  0.121642  0.210469  0.614467  0.761128  0.415544 
16  0.532708  0.388535  0.248912  0.186449  0.146828  0.174682  0.782211  0.552092  0.782957  0.664367  0.708336  0.616245  0.683067  0.740761  0.640289  0.136416 0.0  0.676499  0.847655  0.658921  0.168884  0.186912  0.409090  0.128937  0.617727  0.493939  0.150103  0.479245  0.154825  0.143177  0.165608  0.661430  0.378270  0.155857  0.148771  0.484327  0.696624  0.184566  0.313155  0.213038  0.436776  0.589783  0.498348  0.189309  0.430037  0.111030  0.650257  0.195441  0.241255  0.761158  0.585493  0.574965  0.645203  0.253639  0.167947  0.502844  0.166103  0.202485  0.691309  0.758073  0.380912 
17  0.387402  0.542644  0.780626  0.785041  0.780233  0.639898  0.272664  0.376908  0.227839  0.342845  0.317272  0.242395  0.248331  0.269892  0.180892  0.738235  0.676499 0.0  0.204357  0.325321  0.654569  0.639191  0.519669  0.709481  0.279142  0.283113  0.905805  0.420387  0.936994  0.790583  0.827071  0.207325  0.442037  0.773709  0.650885  0.314335  0.335859  0.623191  0.624805  0.667666  0.353128  0.281828  0.387248  0.768394  0.378795  0.757578  0.339178  0.602269  0.998222  0.332935  0.278902  0.349817  0.238586  0.650878  0.567976  0.411047  0.686941  0.626523  0.222309  0.228651  0.479060 
18  0.287976  0.472420  0.879220  0.955767  0.776855  0.659524  0.131597  0.339256  0.110915  0.232893  0.212695  0.165877  0.129567  0.151267  0.129984  0.804646  0.847655  0.204357 0.0  0.258930  0.748889  0.659844  0.455264  0.609339  0.245951  0.274968  0.803956  0.297133  0.717121  0.736421  0.628754  0.190075  0.438963  0.762212  0.623722  0.263960  0.211793  0.629507  0.549311  0.683778  0.308666  0.210140  0.322180  0.579555  0.249560  0.754736  0.239711  0.763648  0.820913  0.184136  0.216917  0.255946  0.211200  0.606197  0.584274  0.268014  0.700141  0.584292  0.107374  0.112676  0.401727 
19  0.123955  0.315768  0.806706  0.804845  0.546327  0.615245  0.194929  0.188293  0.207829  0.154684  0.161543  0.206107  0.184793  0.176477  0.252917  0.632777  0.658921  0.325321  0.258930 0.0  0.571916  0.500811  0.371617  0.518258  0.242451  0.235847  0.691844  0.158442  0.701879  0.589649  0.699467  0.220955  0.316634  0.725046  0.533669  0.168619  0.247766  0.529171  0.451580  0.530265  0.168431  0.120716  0.277592  0.588786  0.144653  0.579018  0.122120  0.571353  0.711109  0.195894  0.165078  0.124934  0.256320  0.540635  0.559120  0.249374  0.534088  0.403232  0.209414  0.212234  0.329644 
20  0.512255  0.375932  0.226438  0.264843  0.170728  0.097224  0.710300  0.429105  0.708212  0.617637  0.547702  0.552831  0.570075  0.624471  0.642723  0.167582  0.168884  0.654569  0.748889  0.571916 0.0  0.121830  0.287379  0.139084  0.457810  0.540604  0.250243  0.509381  0.207167  0.213315  0.170427  0.557487  0.271551  0.211824  0.117816  0.523872  0.643510  0.125338  0.295025  0.148134  0.440994  0.531082  0.398980  0.118005  0.492012  0.148429  0.638057  0.110229  0.387554  0.702351  0.581193  0.557939  0.593058  0.151244  0.116943  0.398894  0.199396  0.117892  0.591901  0.616344  0.360786 
21  0.556205  0.300015  0.310552  0.251509  0.229877  0.127910  0.726354  0.424032  0.599604  0.586436  0.437848  0.496296  0.596558  0.564911  0.579584  0.234856  0.186912  0.639191  0.659844  0.500811  0.121830 0.0  0.321041  0.173785  0.430134  0.420602  0.270077  0.525761  0.203018  0.272369  0.214416  0.573343  0.326401  0.241680  0.136446  0.494508  0.698370  0.092106  0.231107  0.135908  0.441661  0.576802  0.416377  0.091480  0.473410  0.166501  0.556213  0.097942  0.421876  0.596570  0.505149  0.655891  0.545148  0.118714  0.099398  0.365498  0.203802  0.088512  0.537092  0.594332  0.292347 
22  0.263069  0.107482  0.534832  0.521736  0.444435  0.349970  0.495416  0.233374  0.485475  0.428039  0.285530  0.359115  0.447223  0.385371  0.426875  0.374337  0.409090  0.519669  0.455264  0.371617  0.287379  0.321041 0.0  0.407634  0.329651  0.334137  0.422643  0.271819  0.399106  0.435450  0.445977  0.387227  0.153575  0.531077  0.346921  0.316714  0.500174  0.282934  0.168410  0.263137  0.266842  0.352077  0.306517  0.252164  0.297400  0.398512  0.325862  0.285106  0.507307  0.413973  0.342623  0.274968  0.349442  0.295361  0.299404  0.203899  0.315252  0.318295  0.454265  0.490568  0.116669 
23  0.558539  0.371862  0.217702  0.179611  0.132049  0.139527  0.693086  0.508145  0.680308  0.711525  0.573647  0.562861  0.679042  0.712265  0.625548  0.186569  0.128937  0.709481  0.609339  0.518258  0.139084  0.173785  0.407634 0.0  0.538880  0.640694  0.211892  0.568163  0.176149  0.201200  0.134664  0.643841  0.381994  0.188312  0.137790  0.505450  0.832796  0.166981  0.253464  0.202640  0.544042  0.618744  0.482216  0.162847  0.578224  0.123240  0.549139  0.151420  0.271362  0.671078  0.708067  0.570327  0.529348  0.202077  0.157758  0.540398  0.207298  0.169774  0.658122  0.659563  0.356822 
24  0.238561  0.258367  0.689333  0.659562  0.596215  0.481511  0.281008  0.220335  0.269613  0.268396  0.167334  0.144648  0.218119  0.228329  0.203917  0.510593  0.617727  0.279142  0.245951  0.242451  0.457810  0.430134  0.329651  0.538880 0.0  0.105229  0.722809  0.217996  0.646896  0.650623  0.610650  0.176448  0.237281  0.746621  0.475303  0.134940  0.369456  0.498746  0.397021  0.453037  0.177210  0.223751  0.151101  0.490043  0.212357  0.515167  0.189239  0.464274  0.585807  0.273207  0.156937  0.248777  0.144031  0.402506  0.503262  0.165349  0.478074  0.424049  0.246479  0.224146  0.270732 
25  0.240429  0.277603  0.653950  0.669121  0.535852  0.445255  0.284121  0.210182  0.252751  0.257102  0.153001  0.161707  0.208326  0.254945  0.244878  0.550490  0.493939  0.283113  0.274968  0.235847  0.540604  0.420602  0.334137  0.640694  0.105229 0.0  0.615062  0.225033  0.646997  0.470401  0.584630  0.185971  0.257801  0.642382  0.542377  0.124932  0.368082  0.463350  0.407832  0.494276  0.170392  0.206275  0.159674  0.452877  0.183980  0.572377  0.189957  0.493393  0.721204  0.323460  0.158715  0.283160  0.153687  0.398919  0.489702  0.162001  0.491132  0.452348  0.241670  0.214929  0.265605 
26  0.613537  0.417766  0.270677  0.192872  0.183816  0.250956  0.718506  0.610382  0.659330  0.818767  0.579833  0.716485  0.772448  0.795367  0.774245  0.151537  0.150103  0.905805  0.803956  0.691844  0.250243  0.270077  0.422643  0.211892  0.722809  0.615062 0.0  0.551159  0.169715  0.105408  0.193732  0.779802  0.460514  0.159325  0.225033  0.490490  0.833746  0.243548  0.303838  0.268753  0.658677  0.696667  0.581895  0.270409  0.584735  0.191234  0.552727  0.264675  0.175964  0.784726  0.669820  0.741713  0.712845  0.273191  0.250389  0.523363  0.200479  0.279555  0.809983  0.810261  0.344645 
27  0.094930  0.252700  0.616327  0.557788  0.545243  0.458943  0.250369  0.104478  0.283451  0.227071  0.167169  0.230989  0.252734  0.262641  0.282157  0.568470  0.479245  0.420387  0.297133  0.158442  0.509381  0.525761  0.271819  0.568163  0.217996  0.225033  0.551159 0.0  0.694815  0.518730  0.584120  0.306865  0.232675  0.638613  0.470620  0.183242  0.302975  0.429416  0.349741  0.430098  0.132707  0.178974  0.268973  0.460638  0.114467  0.537424  0.158194  0.441138  0.665843  0.277097  0.187668  0.174937  0.248016  0.403598  0.464615  0.202208  0.497312  0.480222  0.284936  0.309050  0.215586 
28  0.612967  0.403446  0.143477  0.120593  0.112156  0.257831  0.731156  0.537945  0.770333  0.771844  0.698994  0.730764  0.717007  0.742802  0.804097  0.215957  0.154825  0.936994  0.717121  0.701879  0.207167  0.203018  0.399106  0.176149  0.646896  0.646997  0.169715  0.694815 0.0  0.159908  0.124906  0.676910  0.463555  0.108304  0.202067  0.566173  0.729816  0.260588  0.349663  0.259121  0.654975  0.656916  0.547578  0.246958  0.629623  0.189543  0.530925  0.227838  0.253327  0.796821  0.528227  0.758485  0.584260  0.291760  0.240126  0.558514  0.234751  0.233037  0.837734  0.747323  0.517671 
29  0.570332  0.432307  0.271965  0.219783  0.191733  0.255291  0.711875  0.507999  0.792573  0.700031  0.606554  0.609040  0.698880  0.741621  0.789053  0.138484  0.143177  0.790583  0.736421  0.589649  0.213315  0.272369  0.435450  0.201200  0.650623  0.470401  0.105408  0.518730  0.159908 0.0  0.186963  0.752013  0.425752  0.160397  0.201424  0.552188  0.674022  0.257399  0.287293  0.214482  0.532757  0.657251  0.525486  0.241831  0.582543  0.163763  0.740737  0.245533  0.199724  0.721496  0.583480  0.604464  0.635642  0.275442  0.254774  0.548364  0.175548  0.249613  0.819362  0.739480  0.477371 
30  0.649444  0.475066  0.149345  0.137831  0.103955  0.188111  0.726390  0.636999  0.730837  0.726969  0.644799  0.654787  0.709756  0.653797  0.827745  0.215789  0.165608  0.827071  0.628754  0.699467  0.170427  0.214416  0.445977  0.134664  0.610650  0.584630  0.193732  0.584120  0.124906  0.186963 0.0  0.595060  0.385983  0.153947  0.190009  0.548466  0.850146  0.227807  0.340547  0.260778  0.482694  0.634014  0.503142  0.223501  0.642051  0.170109  0.666793  0.185355  0.298477  0.748467  0.562893  0.718313  0.632075  0.189567  0.203099  0.466128  0.242360  0.230712  0.638649  0.702648  0.538772 
31  0.273107  0.374866  0.664909  0.713742  0.533022  0.438103  0.194909  0.293779  0.219500  0.257284  0.201612  0.129462  0.191473  0.212968  0.152539  0.681535  0.661430  0.207325  0.190075  0.220955  0.557487  0.573343  0.387227  0.643841  0.176448  0.185971  0.779802  0.306865  0.676910  0.752013  0.595060 0.0  0.331229  0.733602  0.594721  0.170547  0.301167  0.482502  0.507057  0.481242  0.241373  0.224578  0.233707  0.552325  0.279479  0.617382  0.238277  0.528893  0.775210  0.283805  0.176171  0.303265  0.119384  0.489618  0.563158  0.220109  0.683572  0.531153  0.169260  0.198013  0.390357 
32  0.259588  0.117929  0.464865  0.450727  0.494955  0.348163  0.415437  0.231280  0.407829  0.309972  0.315414  0.307611  0.376044  0.399585  0.432367  0.339871  0.378270  0.442037  0.438963  0.316634  0.271551  0.326401  0.153575  0.381994  0.237281  0.257801  0.460514  0.232675  0.463555  0.425752  0.385983  0.331229 0.0  0.478875  0.331209  0.292533  0.440460  0.265886  0.191840  0.287660  0.218024  0.305772  0.216189  0.311175  0.280782  0.409075  0.236346  0.300499  0.645710  0.408635  0.268882  0.321763  0.328927  0.301411  0.333268  0.189897  0.320133  0.283426  0.378059  0.400325  0.122026 
33  0.717079  0.450911  0.157074  0.136745  0.132086  0.261095  1.000000  0.603074  0.901915  0.781289  0.690258  0.569954  0.879920  0.693915  0.789710  0.203830  0.155857  0.773709  0.762212  0.725046  0.211824  0.241680  0.531077  0.188312  0.746621  0.642382  0.159325  0.638613  0.108304  0.160397  0.153947  0.733602  0.478875 0.0  0.209981  0.694882  0.898078  0.268651  0.431725  0.251060  0.526930  0.716260  0.514576  0.257060  0.716609  0.185700  0.619382  0.243862  0.222471  0.730971  0.668780  0.826840  0.601431  0.295812  0.233330  0.579475  0.252048  0.251343  0.673160  0.665693  0.380939 
34  0.506419  0.305998  0.272038  0.226209  0.190931  0.130492  0.640672  0.448161  0.581185  0.603857  0.481393  0.512019  0.576745  0.615556  0.691432  0.166051  0.148771  0.650885  0.623722  0.533669  0.117816  0.136446  0.346921  0.137790  0.475303  0.542377  0.225033  0.470620  0.202067  0.201424  0.190009  0.594721  0.331209  0.209981 0.0  0.502539  0.738693  0.130987  0.267412  0.146441  0.511256  0.565806  0.456444  0.126530  0.587472  0.110242  0.522681  0.128080  0.264521  0.683461  0.473915  0.626529  0.537920  0.171963  0.116701  0.411550  0.169547  0.138856  0.682503  0.716721  0.367130 
35  0.189547  0.269386  0.582870  0.642034  0.635353  0.548969  0.232283  0.177615  0.236897  0.243297  0.121394  0.157230  0.213752  0.210121  0.212517  0.661050  0.484327  0.314335  0.263960  0.168619  0.523872  0.494508  0.316714  0.505450  0.134940  0.124932  0.490490  0.183242  0.566173  0.552188  0.548466  0.170547  0.292533  0.694882  0.502539 0.0  0.337236  0.517389  0.380406  0.465476  0.138459  0.163086  0.194343  0.418689  0.160704  0.550860  0.159621  0.492382  0.751536  0.291949  0.120998  0.219748  0.158488  0.402181  0.450276  0.163683  0.499078  0.394603  0.207289  0.217284  0.256854 
36  0.272686  0.527680  0.933904  0.714535  0.818245  0.763943  0.177468  0.318471  0.196415  0.152460  0.271973  0.283778  0.234742  0.208919  0.269675  0.765122  0.696624  0.335859  0.211793  0.247766  0.643510  0.698370  0.500174  0.832796  0.369456  0.368082  0.833746  0.302975  0.729816  0.674022  0.850146  0.301167  0.440460  0.898078  0.738693  0.337236 0.0  0.658607  0.563100  0.652205  0.331152  0.226443  0.436519  0.585821  0.311327  0.776147  0.264780  0.553363  0.805085  0.110459  0.268495  0.209140  0.296534  0.628777  0.806236  0.407755  0.594081  0.662926  0.201141  0.211234  0.386831 
37  0.404699  0.310867  0.245915  0.241302  0.257141  0.125243  0.653430  0.407413  0.643117  0.612340  0.505458  0.489139  0.631513  0.609436  0.575309  0.210728  0.184566  0.623191  0.629507  0.529171  0.125338  0.092106  0.282934  0.166981  0.498746  0.463350  0.243548  0.429416  0.260588  0.257399  0.227807  0.482502  0.265886  0.268651  0.130987  0.517389  0.658607 0.0  0.221349  0.120334  0.387518  0.538836  0.327197  0.089308  0.513215  0.147373  0.559836  0.109152  0.391970  0.682854  0.513987  0.596945  0.465989  0.114218  0.096716  0.412327  0.191886  0.095861  0.595417  0.581155  0.331605 
38  0.334625  0.182454  0.384746  0.475464  0.332146  0.278534  0.472665  0.294920  0.485770  0.531188  0.349421  0.441801  0.447773  0.614458  0.589481  0.237925  0.313155  0.624805  0.549311  0.451580  0.295025  0.231107  0.168410  0.253464  0.397021  0.407832  0.303838  0.349741  0.349663  0.287293  0.340547  0.507057  0.191840  0.431725  0.267412  0.380406  0.563100  0.221349 0.0  0.168529  0.334682  0.449634  0.327888  0.230205  0.373545  0.278746  0.343814  0.254719  0.452533  0.501969  0.428334  0.439374  0.491789  0.228348  0.233943  0.316387  0.197682  0.235638  0.553293  0.468657  0.186093 
39  0.467396  0.286687  0.270226  0.307934  0.262685  0.159518  0.608864  0.371809  0.554541  0.615925  0.538275  0.493793  0.538857  0.572343  0.551074  0.181097  0.213038  0.667666  0.683778  0.530265  0.148134  0.135908  0.263137  0.202640  0.453037  0.494276  0.268753  0.430098  0.259121  0.214482  0.260778  0.481242  0.287660  0.251060  0.146441  0.465476  0.652205  0.120334  0.168529 0.0  0.449138  0.491273  0.350676  0.128821  0.430787  0.171001  0.454397  0.144982  0.345416  0.638284  0.568579  0.485635  0.468299  0.141189  0.133648  0.325395  0.160700  0.136195  0.512834  0.674026  0.272192 
40  0.135125  0.218465  0.586795  0.617154  0.513893  0.517997  0.266548  0.120468  0.273605  0.266103  0.153056  0.227592  0.243959  0.203569  0.284687  0.477236  0.436776  0.353128  0.308666  0.168431  0.440994  0.441661  0.266842  0.544042  0.177210  0.170392  0.658677  0.132707  0.654975  0.532757  0.482694  0.241373  0.218024  0.526930  0.511256  0.138459  0.331152  0.387518  0.334682  0.449138 0.0  0.192215  0.216957  0.424733  0.135309  0.430242  0.157537  0.468035  0.645076  0.278078  0.191380  0.225096  0.216765  0.433062  0.396158  0.141943  0.468789  0.434452  0.258083  0.259681  0.217667 
41  0.179017  0.322355  0.730483  0.833365  0.606427  0.509921  0.155987  0.192372  0.184412  0.159852  0.128539  0.170660  0.164037  0.137463  0.223296  0.636767  0.589783  0.281828  0.210140  0.120716  0.531082  0.576802  0.352077  0.618744  0.223751  0.206275  0.696667  0.178974  0.656916  0.657251  0.634014  0.224578  0.305772  0.716260  0.565806  0.163086  0.226443  0.538836  0.449634  0.491273  0.192215 0.0  0.290024  0.518054  0.152534  0.536576  0.128477  0.534920  0.789520  0.202214  0.142997  0.152081  0.229946  0.488687  0.571022  0.233177  0.576037  0.562271  0.174083  0.184279  0.291295 
42  0.271790  0.266427  0.578457  0.584699  0.501089  0.327458  0.325089  0.239715  0.317786  0.292781  0.207102  0.253110  0.311104  0.336675  0.337864  0.425275  0.498348  0.387248  0.322180  0.277592  0.398980  0.416377  0.306517  0.482216  0.151101  0.159674  0.581895  0.268973  0.547578  0.525486  0.503142  0.233707  0.216189  0.514576  0.456444  0.194343  0.436519  0.327197  0.327888  0.350676  0.216957  0.290024 0.0  0.406405  0.242923  0.427209  0.243157  0.421726  0.672943  0.397509  0.260713  0.323816  0.183281  0.326180  0.370390  0.166125  0.502321  0.322497  0.363020  0.303207  0.216994 
43  0.380075  0.315327  0.304692  0.257629  0.222139  0.119987  0.597614  0.414583  0.669771  0.626249  0.474269  0.673996  0.595544  0.538526  0.692036  0.202511  0.189309  0.768394  0.579555  0.588786  0.118005  0.091480  0.252164  0.162847  0.490043  0.452877  0.270409  0.460638  0.246958  0.241831  0.223501  0.552325  0.311175  0.257060  0.126530  0.418689  0.585821  0.089308  0.230205  0.128821  0.424733  0.518054  0.406405 0.0  0.434939  0.151031  0.358920  0.107701  0.381666  0.558407  0.526292  0.445574  0.536558  0.118876  0.092707  0.386505  0.165663  0.094927  0.574396  0.534040  0.315901 
44  0.114780  0.268097  0.670739  0.665429  0.591221  0.482896  0.222753  0.122582  0.239031  0.200368  0.153943  0.219372  0.237512  0.215418  0.248177  0.532920  0.430037  0.378795  0.249560  0.144653  0.492012  0.473410  0.297400  0.578224  0.212357  0.183980  0.584735  0.114467  0.629623  0.582543  0.642051  0.279479  0.280782  0.716609  0.587472  0.160704  0.311327  0.513215  0.373545  0.430787  0.135309  0.152534  0.242923  0.434939 0.0  0.470913  0.118079  0.539093  0.752725  0.266368  0.172250  0.160822  0.230203  0.491428  0.484010  0.172658  0.588087  0.434608  0.253274  0.241185  0.262950 
45  0.545216  0.339235  0.232770  0.195831  0.161902  0.169626  0.633973  0.504176  0.670897  0.689661  0.609017  0.640447  0.576656  0.627342  0.759080  0.136987  0.111030  0.757578  0.754736  0.579018  0.148429  0.166501  0.398512  0.123240  0.515167  0.572377  0.191234  0.537424  0.189543  0.163763  0.170109  0.617382  0.409075  0.185700  0.110242  0.550860  0.776147  0.147373  0.278746  0.171001  0.430242  0.536576  0.427209  0.151031  0.470913 0.0  0.556401  0.163371  0.300728  0.619847  0.600274  0.575490  0.606506  0.184228  0.150452  0.456412  0.167948  0.161509  0.652879  0.686093  0.371888 
46  0.141570  0.284815  0.650846  0.737334  0.668956  0.506346  0.208674  0.159039  0.215247  0.188838  0.125278  0.186076  0.193468  0.168359  0.260312  0.594633  0.650257  0.339178  0.239711  0.122120  0.638057  0.556213  0.325862  0.549139  0.189239  0.189957  0.552727  0.158194  0.530925  0.740737  0.666793  0.238277  0.236346  0.619382  0.522681  0.159621  0.264780  0.559836  0.343814  0.454397  0.157537  0.128477  0.243157  0.358920  0.118079  0.556401 0.0  0.459294  0.695908  0.223870  0.128487  0.153779  0.200044  0.503878  0.465531  0.204402  0.543301  0.518122  0.200790  0.216037  0.258415 
47  0.487322  0.330945  0.233497  0.262274  0.180931  0.106066  0.672953  0.472585  0.667082  0.671021  0.493808  0.519492  0.543074  0.623787  0.616049  0.191419  0.195441  0.602269  0.763648  0.571353  0.110229  0.097942  0.285106  0.151420  0.464274  0.493393  0.264675  0.441138  0.227838  0.245533  0.185355  0.528893  0.300499  0.243862  0.128080  0.492382  0.553363  0.109152  0.254719  0.144982  0.468035  0.534920  0.421726  0.107701  0.539093  0.163371  0.459294 0.0  0.378056  0.721547  0.446070  0.582589  0.452253  0.120022  0.108748  0.373199  0.183384  0.100054  0.618582  0.601051  0.326942 
48  0.662402  0.597279  0.289838  0.296961  0.283790  0.401770  0.829526  0.649566  0.807165  0.848381  0.699604  0.899840  0.862067  0.833361  0.929899  0.238001  0.241255  0.998222  0.820913  0.711109  0.387554  0.421876  0.507307  0.271362  0.585807  0.721204  0.175964  0.665843  0.253327  0.199724  0.298477  0.775210  0.645710  0.222471  0.264521  0.751536  0.805085  0.391970  0.452533  0.345416  0.645076  0.789520  0.672943  0.381666  0.752725  0.300728  0.695908  0.378056 0.0  0.931274  0.746149  0.852011  0.869905  0.426782  0.345747  0.646589  0.279816  0.367810  0.819517  0.907190  0.489212 
49  0.237206  0.438809  0.821248  0.949000  0.737377  0.681262  0.158172  0.286817  0.175548  0.128768  0.211707  0.262119  0.198861  0.171575  0.230216  0.706806  0.761158  0.332935  0.184136  0.195894  0.702351  0.596570  0.413973  0.671078  0.273207  0.323460  0.784726  0.277097  0.796821  0.721496  0.748467  0.283805  0.408635  0.730971  0.683461  0.291949  0.110459  0.682854  0.501969  0.638284  0.278078  0.202214  0.397509  0.558407  0.266368  0.619847  0.223870  0.721547  0.931274 0.0  0.245311  0.189170  0.301726  0.503522  0.746941  0.354207  0.776024  0.617156  0.184561  0.196783  0.449667 
50  0.211277  0.324433  0.748516  0.551434  0.679762  0.541327  0.193833  0.182259  0.199664  0.206967  0.098512  0.127096  0.161935  0.165911  0.194626  0.611358  0.585493  0.278902  0.216917  0.165078  0.581193  0.505149  0.342623  0.708067  0.156937  0.158715  0.669820  0.187668  0.528227  0.583480  0.562893  0.176171  0.268882  0.668780  0.473915  0.120998  0.268495  0.513987  0.428334  0.568579  0.191380  0.142997  0.260713  0.526292  0.172250  0.600274  0.128487  0.446070  0.746149  0.245311 0.0  0.192968  0.164019  0.428741  0.534842  0.199003  0.566201  0.445626  0.175894  0.200710  0.263426 
51  0.161607  0.343449  0.776316  0.749985  0.687475  0.568123  0.200879  0.206802  0.217399  0.133632  0.205825  0.268844  0.219902  0.191925  0.272912  0.724618  0.574965  0.349817  0.255946  0.124934  0.557939  0.655891  0.274968  0.570327  0.248777  0.283160  0.741713  0.174937  0.758485  0.604464  0.718313  0.303265  0.321763  0.826840  0.626529  0.219748  0.209140  0.596945  0.439374  0.485635  0.225096  0.152081  0.323816  0.445574  0.160822  0.575490  0.153779  0.582589  0.852011  0.189170  0.192968 0.0  0.283311  0.519909  0.582380  0.291887  0.579088  0.486212  0.237592  0.226238  0.308580 
52  0.267572  0.375281  0.613278  0.653818  0.656030  0.520987  0.263041  0.263604  0.230191  0.275131  0.175819  0.130567  0.177769  0.211970  0.183478  0.518751  0.645203  0.238586  0.211200  0.256320  0.593058  0.545148  0.349442  0.529348  0.144031  0.153687  0.712845  0.248016  0.584260  0.635642  0.632075  0.119384  0.328927  0.601431  0.537920  0.158488  0.296534  0.465989  0.491789  0.468299  0.216765  0.229946  0.183281  0.536558  0.230203  0.606506  0.200044  0.452253  0.869905  0.301726  0.164019  0.283311 0.0  0.543597  0.540279  0.225946  0.632113  0.486255  0.213564  0.209738  0.314006 
53  0.432138  0.246252  0.300613  0.301625  0.256494  0.138705  0.570184  0.408698  0.468513  0.598220  0.462229  0.473272  0.500564  0.539347  0.462113  0.199665  0.253639  0.650878  0.606197  0.540635  0.151244  0.118714  0.295361  0.202077  0.402506  0.398919  0.273191  0.403598  0.291760  0.275442  0.189567  0.489618  0.301411  0.295812  0.171963  0.402181  0.628777  0.114218  0.228348  0.141189  0.433062  0.488687  0.326180  0.118876  0.491428  0.184228  0.503878  0.120022  0.426782  0.503522  0.428741  0.519909  0.543597 0.0  0.131027  0.362271  0.233216  0.112415  0.519351  0.515778  0.269180 
54  0.488571  0.329533  0.269822  0.251388  0.201840  0.123097  0.567724  0.428949  0.707192  0.611262  0.436933  0.520234  0.626910  0.622846  0.552717  0.184928  0.167947  0.567976  0.584274  0.559120  0.116943  0.099398  0.299404  0.157758  0.503262  0.489702  0.250389  0.464615  0.240126  0.254774  0.203099  0.563158  0.333268  0.233330  0.116701  0.450276  0.806236  0.096716  0.233943  0.133648  0.396158  0.571022  0.370390  0.092707  0.484010  0.150452  0.465531  0.108748  0.345747  0.746941  0.534842  0.582380  0.540279  0.131027 0.0  0.464391  0.181897  0.104569  0.656465  0.682521  0.340109 
55  0.197113  0.194222  0.679409  0.538420  0.573448  0.406443  0.296281  0.152140  0.331375  0.323082  0.204212  0.247370  0.305091  0.282365  0.294867  0.456418  0.502844  0.411047  0.268014  0.249374  0.398894  0.365498  0.203899  0.540398  0.165349  0.162001  0.523363  0.202208  0.558514  0.548364  0.466128  0.220109  0.189897  0.579475  0.411550  0.163683  0.407755  0.412327  0.316387  0.325395  0.141943  0.233177  0.166125  0.386505  0.172658  0.456412  0.204402  0.373199  0.646589  0.354207  0.199003  0.291887  0.225946  0.362271  0.464391 0.0  0.363265  0.398539  0.298218  0.264686  0.190400 
56  0.474442  0.350250  0.261885  0.307233  0.215211  0.223810  0.647942  0.445652  0.601790  0.583680  0.477332  0.481006  0.556974  0.739936  0.668841  0.121642  0.166103  0.686941  0.700141  0.534088  0.199396  0.203802  0.315252  0.207298  0.478074  0.491132  0.200479  0.497312  0.234751  0.175548  0.242360  0.683572  0.320133  0.252048  0.169547  0.499078  0.594081  0.191886  0.197682  0.160700  0.468789  0.576037  0.502321  0.165663  0.588087  0.167948  0.543301  0.183384  0.279816  0.776024  0.566201  0.579088  0.632113  0.233216  0.181897  0.363265 0.0  0.204905  0.590147  0.596600  0.328715 
57  0.437869  0.267466  0.305961  0.306908  0.194423  0.116516  0.668080  0.429797  0.578182  0.563966  0.398170  0.542962  0.573271  0.607133  0.513876  0.210469  0.202485  0.626523  0.584292  0.403232  0.117892  0.088512  0.318295  0.169774  0.424049  0.452348  0.279555  0.480222  0.233037  0.249613  0.230712  0.531153  0.283426  0.251343  0.138856  0.394603  0.662926  0.095861  0.235638  0.136195  0.434452  0.562271  0.322497  0.094927  0.434608  0.161509  0.518122  0.100054  0.367810  0.617156  0.445626  0.486212  0.486255  0.112415  0.104569  0.398539  0.204905 0.0  0.562895  0.547249  0.319406 
58  0.265681  0.391842  0.700798  0.572932  0.831075  0.579907  0.118378  0.293090  0.104886  0.199547  0.211580  0.162978  0.106229  0.140246  0.127433  0.614467  0.691309  0.222309  0.107374  0.209414  0.591901  0.537092  0.454265  0.658122  0.246479  0.241670  0.809983  0.284936  0.837734  0.819362  0.638649  0.169260  0.378059  0.673160  0.682503  0.207289  0.201141  0.595417  0.553293  0.512834  0.258083  0.174083  0.363020  0.574396  0.253274  0.652879  0.200790  0.618582  0.819517  0.184561  0.175894  0.237592  0.213564  0.519351  0.656465  0.298218  0.590147  0.562895 0.0  0.090257  0.429508 
59  0.253457  0.369727  0.817937  0.919972  0.841163  0.672955  0.121285  0.293969  0.102510  0.188716  0.191674  0.167036  0.097032  0.119248  0.127285  0.761128  0.758073  0.228651  0.112676  0.212234  0.616344  0.594332  0.490568  0.659563  0.224146  0.214929  0.810261  0.309050  0.747323  0.739480  0.702648  0.198013  0.400325  0.665693  0.716721  0.217284  0.211234  0.581155  0.468657  0.674026  0.259681  0.184279  0.303207  0.534040  0.241185  0.686093  0.216037  0.601051  0.907190  0.196783  0.200710  0.226238  0.209738  0.515778  0.682521  0.264686  0.596600  0.547249  0.090257 0.0  0.371746 
60  0.246076  0.104346  0.547411  0.495918  0.407945  0.384207  0.412376  0.218874  0.415677  0.404091  0.286975  0.350425  0.441234  0.375345  0.393845  0.415544  0.380912  0.479060  0.401727  0.329644  0.360786  0.292347  0.116669  0.356822  0.270732  0.265605  0.344645  0.215586  0.517671  0.477371  0.538772  0.390357  0.122026  0.380939  0.367130  0.256854  0.386831  0.331605  0.186093  0.272192  0.217667  0.291295  0.216994  0.315901  0.262950  0.371888  0.258415  0.326942  0.489212  0.449667  0.263426  0.308580  0.314006  0.269180  0.340109  0.190400  0.328715  0.319406  0.429508  0.371746 0.0 
