61
0 0.0  0.253920  0.705410  0.772334  0.639961  0.564380  0.233891  0.121414  0.260367  0.210356  0.190165  0.267353  0.253084  0.215502  0.277738  0.614817  0.575096  0.455148  0.317805  0.137907  0.468345  0.427874  0.294002  0.573850  0.217800  0.217757  0.566205  0.096719  0.610792  0.612660  0.671297  0.264755  0.263660  0.616422  0.545615  0.207824  0.339184  0.445459  0.359124  0.437934  0.139530  0.175915  0.264483  0.467964  0.112148  0.583358  0.148077  0.530443  0.666900  0.256289  0.184238  0.163411  0.303186  0.346118  0.475861  0.199578  0.523090  0.434274  0.298997  0.260202  0.227469 
1  0.253920 0.0  0.523621  0.526404  0.434854  0.309608  0.440969  0.247644  0.416790  0.385812  0.281949  0.354564  0.382750  0.391504  0.418589  0.326879  0.406251  0.503788  0.388781  0.329611  0.386031  0.272645  0.108610  0.406943  0.316717  0.313930  0.492990  0.265342  0.462201  0.436247  0.463089  0.411793  0.130625  0.455737  0.318620  0.309610  0.513741  0.308760  0.184248  0.308501  0.251584  0.352385  0.259141  0.270413  0.283034  0.351176  0.302460  0.287442  0.588064  0.440241  0.310992  0.326595  0.361141  0.287087  0.337311  0.191458  0.312337  0.316998  0.405200  0.473255  0.097239 
2  0.705410  0.523621 0.0  0.113476  0.163869  0.222311  0.862742  0.684848  0.755677  0.668162  0.676489  0.843800  0.762953  0.819143  0.916905  0.289200  0.230392  0.805496  0.778947  0.728753  0.256328  0.286127  0.528171  0.171454  0.611176  0.641864  0.253865  0.651407  0.146068  0.225836  0.158807  0.666343  0.577606  0.196043  0.259987  0.672462  0.933059  0.287902  0.413237  0.317050  0.610859  0.746836  0.566537  0.275968  0.689742  0.234113  0.830159  0.255420  0.334672  0.840728  0.744121  0.836479  0.697370  0.345664  0.307645  0.532267  0.320827  0.278845  0.775050  0.848266  0.534098 
3  0.772334  0.526404  0.113476 0.0  0.128576  0.249989  0.675770  0.660342  0.861235  0.744934  0.717819  0.672930  0.833486  0.731344  0.776041  0.247702  0.178011  0.827696  0.877334  0.710163  0.239204  0.268512  0.478337  0.197220  0.588701  0.637225  0.210684  0.656794  0.123540  0.238241  0.142414  0.674293  0.452731  0.139225  0.249052  0.685157  0.792776  0.265885  0.354460  0.305990  0.675550  0.700648  0.588984  0.307412  0.750884  0.217395  0.784738  0.247916  0.271863  0.793946  0.742734  0.894681  0.691529  0.267299  0.263495  0.576618  0.299493  0.280079  0.870983  0.848373  0.489051 
4  0.639961  0.434854  0.163869  0.128576 0.0  0.195144  0.752789  0.568792  0.857992  0.712013  0.611509  0.755246  0.740213  0.702940  0.706999  0.187301  0.145280  0.690601  0.796979  0.654316  0.178642  0.223031  0.404934  0.131522  0.615160  0.627820  0.184272  0.669089  0.107427  0.182538  0.101158  0.740351  0.490782  0.133881  0.163638  0.680377  0.787402  0.221241  0.385119  0.242671  0.583186  0.766242  0.596919  0.213502  0.642943  0.159234  0.639103  0.231352  0.271411  0.705032  0.719763  0.721667  0.642344  0.229827  0.225217  0.608600  0.237458  0.214725  0.711571  0.835366  0.413825 
5  0.564380  0.309608  0.222311  0.249989  0.195144 0.0  0.687002  0.470017  0.650349  0.617023  0.541973  0.513453  0.560028  0.596598  0.610251  0.195339  0.183833  0.612300  0.675934  0.595552  0.095916  0.118169  0.384055  0.141713  0.542119  0.500133  0.232354  0.627865  0.241575  0.240019  0.195397  0.496559  0.312233  0.233106  0.125395  0.510786  0.787649  0.131769  0.241488  0.165147  0.520150  0.577309  0.371630  0.117632  0.470600  0.141752  0.465128  0.099343  0.360679  0.623188  0.617081  0.513208  0.525947  0.143144  0.125618  0.451242  0.180703  0.117839  0.605355  0.649037  0.374943 
6  0.233891  0.440969  0.862742  0.675770  0.752789  0.687002 0.0  0.284426  0.108205  0.149249  0.200714  0.189400  0.119010  0.114008  0.173729  0.826060  0.764476  0.274900  0.148359  0.190224  0.787176  0.534576  0.497726  0.668155  0.271972  0.243876  0.836288  0.260779  0.873265  0.755745  0.734059  0.237841  0.451497  0.774691  0.636618  0.242018  0.177626  0.620829  0.519619  0.649852  0.266604  0.146693  0.392181  0.574087  0.214977  0.722917  0.204574  0.693324  0.820202  0.154571  0.194125  0.192376  0.233217  0.695844  0.643481  0.304397  0.696217  0.662683  0.127178  0.116403  0.474005 
7  0.121414  0.247644  0.684848  0.660342  0.568792  0.470017  0.284426 0.0  0.296220  0.270721  0.197350  0.246236  0.285013  0.275945  0.316510  0.487840  0.459442  0.437283  0.302738  0.180943  0.427584  0.425148  0.268021  0.550941  0.205877  0.204738  0.575146  0.103284  0.586451  0.509837  0.598639  0.281122  0.219120  0.527140  0.447936  0.171495  0.303461  0.446966  0.334472  0.454949  0.120250  0.193760  0.229035  0.448708  0.121788  0.532062  0.153940  0.525354  0.622166  0.273758  0.194406  0.210678  0.267154  0.401109  0.483315  0.138389  0.492526  0.424738  0.305808  0.272273  0.184994 
8  0.260367  0.416790  0.755677  0.861235  0.857992  0.650349  0.108205  0.296220 0.0  0.177490  0.211749  0.182262  0.111630  0.130334  0.137994  0.768248  0.695706  0.238337  0.114961  0.220803  0.719675  0.703054  0.442134  0.686682  0.250367  0.280529  0.905394  0.282012  0.803821  0.844087  0.790942  0.211204  0.400950  0.789980  0.563792  0.238999  0.187887  0.649073  0.574970  0.800260  0.295692  0.166676  0.304238  0.694997  0.257687  0.821126  0.232085  0.755334  0.744341  0.188477  0.189016  0.226233  0.228133  0.571763  0.639062  0.288964  0.690274  0.551105  0.104869  0.101762  0.390528 
9  0.210356  0.385812  0.668162  0.744934  0.712013  0.617023  0.149249  0.270721  0.177490 0.0  0.199969  0.216434  0.161225  0.149189  0.215304  0.710623  0.657786  0.347325  0.211170  0.149942  0.657467  0.712794  0.386548  0.607542  0.296246  0.256722  0.692978  0.226325  0.651442  0.774623  0.617229  0.254741  0.362372  0.813885  0.650974  0.235017  0.157704  0.594617  0.458087  0.595901  0.256453  0.157266  0.392627  0.651671  0.203795  0.612999  0.184498  0.601473  1.000000  0.126449  0.222643  0.128522  0.275764  0.632385  0.531484  0.319446  0.522026  0.674446  0.222640  0.192167  0.408630 
10  0.190165  0.281949  0.676489  0.717819  0.611509  0.541973  0.200714  0.197350  0.211749  0.199969 0.0  0.157039  0.182216  0.153039  0.216791  0.545076  0.621831  0.318313  0.202293  0.146133  0.545804  0.492959  0.293226  0.578270  0.153757  0.152236  0.589965  0.171709  0.642036  0.678721  0.540426  0.176619  0.327785  0.690966  0.577760  0.110040  0.246679  0.470062  0.436470  0.393801  0.148042  0.130553  0.248457  0.494864  0.151039  0.537842  0.123118  0.520819  0.766825  0.261903  0.097103  0.194014  0.165098  0.470195  0.518911  0.196954  0.559486  0.535704  0.199196  0.195435  0.319684 
11  0.267353  0.354564  0.843800  0.672930  0.755246  0.513453  0.189400  0.246236  0.182262  0.216434  0.157039 0.0  0.146714  0.176416  0.167357  0.599728  0.697432  0.241680  0.205901  0.223656  0.578478  0.523661  0.383051  0.698171  0.148643  0.164194  0.718846  0.263530  0.776463  0.602193  0.615060  0.125264  0.321059  0.687869  0.568512  0.160934  0.314629  0.526893  0.495346  0.572685  0.196193  0.179434  0.220798  0.503785  0.238802  0.589673  0.178621  0.527102  0.743928  0.256010  0.131274  0.228154  0.121595  0.532401  0.541314  0.249378  0.504026  0.533932  0.158996  0.174836  0.352072 
12  0.253084  0.382750  0.762953  0.833486  0.740213  0.560028  0.119010  0.285013  0.111630  0.161225  0.182216  0.146714 0.0  0.120439  0.136021  0.668705  0.704091  0.228239  0.132279  0.191287  0.596800  0.653874  0.470190  0.651683  0.230059  0.227943  0.819908  0.256819  0.705744  0.677409  0.722055  0.189946  0.342026  0.794666  0.740111  0.201012  0.224674  0.726820  0.529660  0.662349  0.258272  0.158980  0.283964  0.651815  0.226193  0.551799  0.178620  0.626655  0.862225  0.205537  0.161597  0.219510  0.180120  0.486527  0.591596  0.301602  0.674203  0.620346  0.105912  0.096283  0.386832 
13  0.215502  0.391504  0.819143  0.731344  0.702940  0.596598  0.114008  0.275945  0.130334  0.149189  0.153039  0.176416  0.120439 0.0  0.168500  0.738315  0.705942  0.314537  0.152007  0.168444  0.589463  0.608793  0.397093  0.692587  0.243665  0.238649  0.669994  0.230812  0.760531  0.684492  0.632608  0.232491  0.399840  0.823070  0.624797  0.183723  0.190967  0.654831  0.474717  0.503674  0.232222  0.123327  0.280569  0.549866  0.208988  0.593848  0.175977  0.709147  0.822582  0.166551  0.173072  0.165015  0.217984  0.597281  0.569154  0.274061  0.623923  0.576471  0.138749  0.124914  0.369134 
14  0.277738  0.418589  0.916905  0.776041  0.706999  0.610251  0.173729  0.316510  0.137994  0.215304  0.216791  0.167357  0.136021  0.168500 0.0  0.665029  0.714755  0.176293  0.124402  0.268169  0.719564  0.620137  0.458609  0.575906  0.224660  0.249873  0.850011  0.296021  0.716220  0.687445  0.762230  0.159485  0.412566  0.794862  0.604362  0.217611  0.277734  0.626602  0.571085  0.608976  0.278359  0.194360  0.310696  0.641264  0.254908  0.674819  0.249109  0.686396  0.928246  0.242390  0.201198  0.300009  0.169209  0.526341  0.633565  0.293919  0.629752  0.582895  0.118321  0.125511  0.411497 
15  0.614817  0.326879  0.289200  0.247702  0.187301  0.195339  0.826060  0.487840  0.768248  0.710623  0.545076  0.599728  0.668705  0.738315  0.665029 0.0  0.127327  0.768597  0.690671  0.628823  0.189220  0.221277  0.367126  0.185146  0.476524  0.600153  0.146107  0.530862  0.188818  0.121926  0.220054  0.702776  0.401442  0.178245  0.151966  0.526595  0.839302  0.192964  0.247115  0.178517  0.602979  0.698712  0.505679  0.183452  0.554903  0.133393  0.602341  0.208772  0.271251  0.712615  0.596897  0.693129  0.542928  0.271194  0.186086  0.459787  0.134389  0.213937  0.753763  0.726884  0.369569 
16  0.575096  0.406251  0.230392  0.178011  0.145280  0.183833  0.764476  0.459442  0.695706  0.657786  0.621831  0.697432  0.704091  0.705942  0.714755  0.127327 0.0  0.683638  0.710782  0.604407  0.168919  0.203392  0.356136  0.137379  0.517703  0.623680  0.162604  0.572408  0.159665  0.139222  0.155181  0.636306  0.385990  0.152184  0.140003  0.613394  0.754589  0.188723  0.332275  0.193104  0.544379  0.611489  0.524696  0.197099  0.494914  0.106868  0.567952  0.191335  0.311621  0.765536  0.544471  0.652501  0.605325  0.219880  0.177148  0.502864  0.166943  0.203488  0.860057  0.639594  0.404016 
17  0.455148  0.503788  0.805496  0.827696  0.690601  0.612300  0.274900  0.437283  0.238337  0.347325  0.318313  0.241680  0.228239  0.314537  0.176293  0.768597  0.683638 0.0  0.196570  0.340233  0.725680  0.598660  0.508691  0.779747  0.279395  0.279158  0.887930  0.447507  0.832024  0.794511  0.906059  0.205539  0.398273  0.764622  0.678668  0.296880  0.335719  0.715584  0.648613  0.730731  0.367698  0.305498  0.329636  0.649650  0.388406  0.628266  0.287235  0.705022  0.898026  0.340804  0.298556  0.388272  0.255451  0.636734  0.591793  0.445090  0.684292  0.656123  0.222412  0.245244  0.473758 
18  0.317805  0.388781  0.778947  0.877334  0.796979  0.675934  0.148359  0.302738  0.114961  0.211170  0.202293  0.205901  0.132279  0.152007  0.124402  0.690671  0.710782  0.196570 0.0  0.216279  0.651109  0.622027  0.482913  0.644555  0.295870  0.275130  0.883182  0.296502  0.807787  0.842708  0.650058  0.187594  0.480242  0.785343  0.657814  0.248006  0.224165  0.685981  0.621149  0.639014  0.319153  0.219207  0.370813  0.575042  0.311242  0.697681  0.255749  0.581269  0.760642  0.197727  0.216318  0.243053  0.207184  0.720713  0.599578  0.363951  0.661610  0.695391  0.109248  0.110917  0.491197 
19  0.137907  0.329611  0.728753  0.710163  0.654316  0.595552  0.190224  0.180943  0.220803  0.149942  0.146133  0.223656  0.191287  0.168444  0.268169  0.628823  0.604407  0.340233  0.216279 0.0  0.723738  0.559249  0.341581  0.569339  0.257471  0.218883  0.711278  0.149825  0.714763  0.798666  0.644857  0.285800  0.318161  0.824300  0.555993  0.168405  0.242941  0.527861  0.394229  0.483565  0.175516  0.116908  0.262851  0.462015  0.129655  0.552822  0.117060  0.519899  0.796343  0.192786  0.173664  0.118660  0.232118  0.440343  0.488050  0.247601  0.585784  0.613929  0.209127  0.210813  0.296366 
20  0.468345  0.386031  0.256328  0.239204  0.178642  0.095916  0.787176  0.427584  0.719675  0.657467  0.545804  0.578478  0.596800  0.589463  0.719564  0.189220  0.168919  0.725680  0.651109  0.723738 0.0  0.114853  0.287257  0.128788  0.444333  0.441026  0.260613  0.474612  0.221494  0.205927  0.169562  0.566944  0.359341  0.230585  0.120729  0.541326  0.693057  0.129771  0.272613  0.157852  0.476311  0.542913  0.396914  0.112756  0.558239  0.140562  0.515911  0.109139  0.339569  0.739199  0.599646  0.542231  0.565686  0.144231  0.107419  0.485275  0.210108  0.125664  0.589068  0.699497  0.341778 
21  0.427874  0.272645  0.286127  0.268512  0.223031  0.118169  0.534576  0.425148  0.703054  0.712794  0.492959  0.523661  0.653874  0.608793  0.620137  0.221277  0.203392  0.598660  0.622027  0.559249  0.114853 0.0  0.287721  0.167285  0.526087  0.495175  0.274460  0.499247  0.265074  0.256956  0.194297  0.591085  0.326622  0.270852  0.140524  0.513869  0.676051  0.088579  0.250853  0.127144  0.479019  0.524891  0.396746  0.091374  0.498814  0.163819  0.533822  0.097599  0.320265  0.660369  0.425124  0.602645  0.520444  0.109365  0.095402  0.382516  0.190555  0.084200  0.558563  0.660156  0.316861 
22  0.294002  0.108610  0.528171  0.478337  0.404934  0.384055  0.497726  0.268021  0.442134  0.386548  0.293226  0.383051  0.470190  0.397093  0.458609  0.367126  0.356136  0.508691  0.482913  0.341581  0.287257  0.287721 0.0  0.379405  0.318335  0.307487  0.432570  0.276726  0.416013  0.366954  0.426514  0.459835  0.155455  0.449219  0.303345  0.285802  0.489743  0.280025  0.166822  0.264709  0.238653  0.355734  0.269392  0.299694  0.275416  0.382493  0.365973  0.288115  0.512604  0.424213  0.319624  0.354844  0.375970  0.269772  0.316059  0.240206  0.294596  0.273698  0.453290  0.461253  0.120046 
23  0.573850  0.406943  0.171454  0.197220  0.131522  0.141713  0.668155  0.550941  0.686682  0.607542  0.578270  0.698171  0.651683  0.692587  0.575906  0.185146  0.137379  0.779747  0.644555  0.569339  0.128788  0.167285  0.379405 0.0  0.527660  0.604139  0.209308  0.556023  0.170402  0.215014  0.126320  0.567862  0.379005  0.188248  0.132508  0.623553  0.855103  0.180683  0.286462  0.210016  0.620479  0.720672  0.479451  0.164894  0.493220  0.124241  0.595698  0.151993  0.328291  0.686059  0.622314  0.600728  0.636511  0.216250  0.171287  0.601279  0.198938  0.177586  0.690278  0.695799  0.429104 
24  0.217800  0.316717  0.611176  0.588701  0.615160  0.542119  0.271972  0.205877  0.250367  0.296246  0.153757  0.148643  0.230059  0.243665  0.224660  0.476524  0.517703  0.279395  0.295870  0.257471  0.444333  0.526087  0.318335  0.527660 0.0  0.096190  0.648498  0.224139  0.685031  0.593895  0.602389  0.171973  0.287581  0.560478  0.528787  0.136072  0.312996  0.483507  0.379552  0.404473  0.201634  0.223022  0.153364  0.477561  0.224906  0.575067  0.201952  0.499425  0.902590  0.324773  0.156792  0.242308  0.137267  0.435416  0.414313  0.167256  0.610305  0.415572  0.232940  0.247582  0.298663 
25  0.217757  0.313930  0.641864  0.637225  0.627820  0.500133  0.243876  0.204738  0.280529  0.256722  0.152236  0.164194  0.227943  0.238649  0.249873  0.600153  0.623680  0.279158  0.275130  0.218883  0.441026  0.495175  0.307487  0.604139  0.096190 0.0  0.624520  0.218626  0.586413  0.672166  0.663968  0.209991  0.286764  0.626774  0.428423  0.118286  0.358516  0.450673  0.375758  0.432051  0.161124  0.220232  0.152104  0.455901  0.223686  0.493945  0.193391  0.375345  0.715067  0.382806  0.149019  0.214601  0.142293  0.460586  0.544191  0.168556  0.473913  0.470528  0.222042  0.242136  0.285863 
26  0.566205  0.492990  0.253865  0.210684  0.184272  0.232354  0.836288  0.575146  0.905394  0.692978  0.589965  0.718846  0.819908  0.669994  0.850011  0.146107  0.162604  0.887930  0.883182  0.711278  0.260613  0.274460  0.432570  0.209308  0.648498  0.624520 0.0  0.706997  0.179864  0.104561  0.222019  0.694823  0.426499  0.176280  0.221151  0.631732  0.825151  0.275308  0.334050  0.224677  0.562573  0.686838  0.550442  0.246467  0.706805  0.188174  0.637490  0.267025  0.188827  0.653942  0.710103  0.740913  0.696093  0.308338  0.239101  0.475223  0.187889  0.260268  0.742724  0.687421  0.480113 
27  0.096719  0.265342  0.651407  0.656794  0.669089  0.627865  0.260779  0.103284  0.282012  0.226325  0.171709  0.263530  0.256819  0.230812  0.296021  0.530862  0.572408  0.447507  0.296502  0.149825  0.474612  0.499247  0.276726  0.556023  0.224139  0.218626  0.706997 0.0  0.640123  0.614698  0.551322  0.299888  0.231002  0.624073  0.459947  0.182277  0.314023  0.541697  0.385004  0.431768  0.125617  0.175513  0.260466  0.485111  0.116139  0.492343  0.148342  0.532108  0.781473  0.285405  0.178072  0.188886  0.272148  0.420533  0.469003  0.185775  0.486121  0.403104  0.297898  0.274662  0.242912 
28  0.610792  0.462201  0.146068  0.123540  0.107427  0.241575  0.873265  0.586451  0.803821  0.651442  0.642036  0.776463  0.705744  0.760531  0.716220  0.188818  0.159665  0.832024  0.807787  0.714763  0.221494  0.265074  0.416013  0.170402  0.685031  0.586413  0.179864  0.640123 0.0  0.191310  0.129052  0.892780  0.480938  0.104428  0.218969  0.571152  0.690762  0.251760  0.397406  0.246758  0.533218  0.656892  0.520860  0.284314  0.488164  0.162809  0.785157  0.226060  0.253696  0.895924  0.554428  0.546754  0.634746  0.281516  0.221038  0.577504  0.225068  0.261682  0.833889  0.710889  0.488431 
29  0.612660  0.436247  0.225836  0.238241  0.182538  0.240019  0.755745  0.509837  0.844087  0.774623  0.678721  0.602193  0.677409  0.684492  0.687445  0.121926  0.139222  0.794511  0.842708  0.798666  0.205927  0.256956  0.366954  0.215014  0.593895  0.672166  0.104561  0.614698  0.191310 0.0  0.198358  0.742205  0.465458  0.172653  0.225354  0.569083  0.818747  0.256675  0.334874  0.274761  0.604719  0.593520  0.498544  0.262881  0.477757  0.154269  0.673830  0.234134  0.183079  0.795073  0.569525  0.711677  0.751153  0.269237  0.235012  0.533629  0.150898  0.265715  0.807342  0.778325  0.433311 
30  0.671297  0.463089  0.158807  0.142414  0.101158  0.195397  0.734059  0.598639  0.790942  0.617229  0.540426  0.615060  0.722055  0.632608  0.762230  0.220054  0.155181  0.906059  0.650058  0.644857  0.169562  0.194297  0.426514  0.126320  0.602389  0.663968  0.222019  0.551322  0.129052  0.198358 0.0  0.609747  0.468179  0.145268  0.172988  0.634775  0.834381  0.236875  0.373762  0.262051  0.603884  0.637800  0.535995  0.222150  0.708866  0.161818  0.679936  0.206840  0.312148  0.708501  0.543183  0.589499  0.676612  0.246507  0.213089  0.529977  0.229095  0.214673  0.750107  0.832254  0.460340 
31  0.264755  0.411793  0.666343  0.674293  0.740351  0.496559  0.237841  0.281122  0.211204  0.254741  0.176619  0.125264  0.189946  0.232491  0.159485  0.702776  0.636306  0.205539  0.187594  0.285800  0.566944  0.591085  0.459835  0.567862  0.171973  0.209991  0.694823  0.299888  0.892780  0.742205  0.609747 0.0  0.363128  0.800340  0.504168  0.190741  0.328165  0.474346  0.506301  0.494529  0.269797  0.229494  0.228632  0.487295  0.291791  0.533789  0.206998  0.602572  0.726400  0.295298  0.176646  0.255862  0.122061  0.460122  0.544190  0.248444  0.606749  0.572685  0.183052  0.189614  0.381152 
32  0.263660  0.130625  0.577606  0.452731  0.490782  0.312233  0.451497  0.219120  0.400950  0.362372  0.327785  0.321059  0.342026  0.399840  0.412566  0.401442  0.385990  0.398273  0.480242  0.318161  0.359341  0.326622  0.155455  0.379005  0.287581  0.286764  0.426499  0.231002  0.480938  0.465458  0.468179  0.363128 0.0  0.484042  0.373352  0.274609  0.449013  0.294794  0.210410  0.279709  0.233252  0.338204  0.226336  0.319147  0.271416  0.378858  0.307052  0.289160  0.435116  0.403319  0.309380  0.342906  0.324657  0.269263  0.296538  0.165022  0.298516  0.314709  0.432655  0.362688  0.132066 
33  0.616422  0.455737  0.196043  0.139225  0.133881  0.233106  0.774691  0.527140  0.789980  0.813885  0.690966  0.687869  0.794666  0.823070  0.794862  0.178245  0.152184  0.764622  0.785343  0.824300  0.230585  0.270852  0.449219  0.188248  0.560478  0.626774  0.176280  0.624073  0.104428  0.172653  0.145268  0.800340  0.484042 0.0  0.189910  0.596051  0.832156  0.264875  0.340419  0.267430  0.614136  0.688602  0.552563  0.281434  0.714821  0.211981  0.719780  0.265585  0.230118  0.900439  0.600195  0.754797  0.583641  0.306205  0.243447  0.420009  0.230529  0.279165  0.769708  0.792954  0.440579 
34  0.545615  0.318620  0.259987  0.249052  0.163638  0.125395  0.636618  0.447936  0.563792  0.650974  0.577760  0.568512  0.740111  0.624797  0.604362  0.151966  0.140003  0.678668  0.657814  0.555993  0.120729  0.140524  0.303345  0.132508  0.528787  0.428423  0.221151  0.459947  0.218969  0.225354  0.172988  0.504168  0.373352  0.189910 0.0  0.523652  0.769765  0.133612  0.269734  0.138004  0.455365  0.598272  0.456775  0.125605  0.490705  0.113859  0.523804  0.123876  0.353752  0.633498  0.613945  0.597208  0.570687  0.154130  0.118126  0.403823  0.151713  0.135128  0.727912  0.667853  0.326134 
35  0.207824  0.309610  0.672462  0.685157  0.680377  0.510786  0.242018  0.171495  0.238999  0.235017  0.110040  0.160934  0.201012  0.183723  0.217611  0.526595  0.613394  0.296880  0.248006  0.168405  0.541326  0.513869  0.285802  0.623553  0.136072  0.118286  0.631732  0.182277  0.571152  0.569083  0.634775  0.190741  0.274609  0.596051  0.523652 0.0  0.330622  0.484614  0.388530  0.456965  0.153772  0.166837  0.194010  0.451719  0.156941  0.515331  0.158166  0.453431  0.764659  0.302095  0.113775  0.210900  0.165315  0.393085  0.482418  0.170859  0.476614  0.536176  0.215537  0.201586  0.280134 
36  0.339184  0.513741  0.933059  0.792776  0.787402  0.787649  0.177626  0.303461  0.187887  0.157704  0.246679  0.314629  0.224674  0.190967  0.277734  0.839302  0.754589  0.335719  0.224165  0.242941  0.693057  0.676051  0.489743  0.855103  0.312996  0.358516  0.825151  0.314023  0.690762  0.818747  0.834381  0.328165  0.449013  0.832156  0.769765  0.330622 0.0  0.643870  0.516532  0.688870  0.355838  0.224276  0.405295  0.627950  0.319505  0.709988  0.260287  0.602282  0.901496  0.112830  0.265211  0.211445  0.320284  0.654421  0.690733  0.386004  0.879969  0.698572  0.194315  0.205791  0.474281 
37  0.445459  0.308760  0.287902  0.265885  0.221241  0.131769  0.620829  0.446966  0.649073  0.594617  0.470062  0.526893  0.726820  0.654831  0.626602  0.192964  0.188723  0.715584  0.685981  0.527861  0.129771  0.088579  0.280025  0.180683  0.483507  0.450673  0.275308  0.541697  0.251760  0.256675  0.236875  0.474346  0.294794  0.264875  0.133612  0.484614  0.643870 0.0  0.225216  0.117554  0.391736  0.540580  0.436938  0.085676  0.429714  0.160231  0.550281  0.102167  0.375792  0.594296  0.474690  0.485937  0.558649  0.109846  0.095443  0.389505  0.187577  0.093737  0.537422  0.637193  0.316556 
38  0.359124  0.184248  0.413237  0.354460  0.385119  0.241488  0.519619  0.334472  0.574970  0.458087  0.436470  0.495346  0.529660  0.474717  0.571085  0.247115  0.332275  0.648613  0.621149  0.394229  0.272613  0.250853  0.166822  0.286462  0.379552  0.375758  0.334050  0.385004  0.397406  0.334874  0.373762  0.506301  0.210410  0.340419  0.269734  0.388530  0.516532  0.225216 0.0  0.182680  0.340937  0.428110  0.352910  0.238636  0.389567  0.257682  0.400010  0.253717  0.472157  0.556322  0.458841  0.429008  0.480943  0.235702  0.265877  0.287713  0.222122  0.224152  0.597756  0.497717  0.198665 
39  0.437934  0.308501  0.317050  0.305990  0.242671  0.165147  0.649852  0.454949  0.800260  0.595901  0.393801  0.572685  0.662349  0.503674  0.608976  0.178517  0.193104  0.730731  0.639014  0.483565  0.157852  0.127144  0.264709  0.210016  0.404473  0.432051  0.224677  0.431768  0.246758  0.274761  0.262051  0.494529  0.279709  0.267430  0.138004  0.456965  0.688870  0.117554  0.182680 0.0  0.399149  0.529135  0.428440  0.126589  0.406137  0.158746  0.391154  0.152575  0.394321  0.542411  0.495466  0.486691  0.450376  0.140292  0.128225  0.397674  0.160065  0.129134  0.600041  0.543831  0.307799 
40  0.139530  0.251584  0.610859  0.675550  0.583186  0.520150  0.266604  0.120250  0.295692  0.256453  0.148042  0.196193  0.258272  0.232222  0.278359  0.602979  0.544379  0.367698  0.319153  0.175516  0.476311  0.479019  0.238653  0.620479  0.201634  0.161124  0.562573  0.125617  0.533218  0.604719  0.603884  0.269797  0.233252  0.614136  0.455365  0.153772  0.355838  0.391736  0.340937  0.399149 0.0  0.190076  0.196214  0.477903  0.119000  0.490801  0.152717  0.458645  0.676071  0.299436  0.177940  0.218723  0.236642  0.397343  0.404011  0.136080  0.448385  0.397947  0.276486  0.234309  0.223375 
41  0.175915  0.352385  0.746836  0.700648  0.766242  0.577309  0.146693  0.193760  0.166676  0.157266  0.130553  0.179434  0.158980  0.123327  0.194360  0.698712  0.611489  0.305498  0.219207  0.116908  0.542913  0.524891  0.355734  0.720672  0.223022  0.220232  0.686838  0.175513  0.656892  0.593520  0.637800  0.229494  0.338204  0.688602  0.598272  0.166837  0.224276  0.540580  0.428110  0.529135  0.190076 0.0  0.291570  0.550026  0.160535  0.569958  0.132720  0.540793  0.697200  0.184852  0.142469  0.144578  0.211214  0.573912  0.469536  0.240041  0.591877  0.514166  0.165686  0.169848  0.350253 
42  0.264483  0.259141  0.566537  0.588984  0.596919  0.371630  0.392181  0.229035  0.304238  0.392627  0.248457  0.220798  0.283964  0.280569  0.310696  0.505679  0.524696  0.329636  0.370813  0.262851  0.396914  0.396746  0.269392  0.479451  0.153364  0.152104  0.550442  0.260466  0.520860  0.498544  0.535995  0.228632  0.226336  0.552563  0.456775  0.194010  0.405295  0.436938  0.352910  0.428440  0.196214  0.291570 0.0  0.364295  0.240450  0.422072  0.215135  0.376776  0.562011  0.373138  0.218637  0.307311  0.212774  0.340805  0.430479  0.155019  0.451677  0.335095  0.305493  0.321951  0.239490 
43  0.467964  0.270413  0.275968  0.307412  0.213502  0.117632  0.574087  0.448708  0.694997  0.651671  0.494864  0.503785  0.651815  0.549866  0.641264  0.183452  0.197099  0.649650  0.575042  0.462015  0.112756  0.091374  0.299694  0.164894  0.477561  0.455901  0.246467  0.485111  0.284314  0.262881  0.222150  0.487295  0.319147  0.281434  0.125605  0.451719  0.627950  0.085676  0.238636  0.126589  0.477903  0.550026  0.364295 0.0  0.550547  0.152877  0.561875  0.101099  0.406697  0.732399  0.472466  0.530608  0.521208  0.118838  0.087858  0.424587  0.216979  0.093173  0.643451  0.547491  0.279897 
44  0.112148  0.283034  0.689742  0.750884  0.642943  0.470600  0.214977  0.121788  0.257687  0.203795  0.151039  0.238802  0.226193  0.208988  0.254908  0.554903  0.494914  0.388406  0.311242  0.129655  0.558239  0.498814  0.275416  0.493220  0.224906  0.223686  0.706805  0.116139  0.488164  0.477757  0.708866  0.291791  0.271416  0.714821  0.490705  0.156941  0.319505  0.429714  0.389567  0.406137  0.119000  0.160535  0.240450  0.550547 0.0  0.530455  0.111729  0.516381  0.741437  0.231529  0.155302  0.164065  0.212591  0.432999  0.461379  0.193793  0.543491  0.470382  0.292743  0.242448  0.264806 
45  0.583358  0.351176  0.234113  0.217395  0.159234  0.141752  0.722917  0.532062  0.821126  0.612999  0.537842  0.589673  0.551799  0.593848  0.674819  0.133393  0.106868  0.628266  0.697681  0.552822  0.140562  0.163819  0.382493  0.124241  0.575067  0.493945  0.188174  0.492343  0.162809  0.154269  0.161818  0.533789  0.378858  0.211981  0.113859  0.515331  0.709988  0.160231  0.257682  0.158746  0.490801  0.569958  0.422072  0.152877  0.530455 0.0  0.646985  0.156937  0.283373  0.769834  0.467184  0.680123  0.560835  0.193772  0.140894  0.457565  0.168793  0.178479  0.701634  0.704534  0.355394 
46  0.148077  0.302460  0.830159  0.784738  0.639103  0.465128  0.204574  0.153940  0.232085  0.184498  0.123118  0.178621  0.178620  0.175977  0.249109  0.602341  0.567952  0.287235  0.255749  0.117060  0.515911  0.533822  0.365973  0.595698  0.201952  0.193391  0.637490  0.148342  0.785157  0.673830  0.679936  0.206998  0.307052  0.719780  0.523804  0.158166  0.260287  0.550281  0.400010  0.391154  0.152717  0.132720  0.215135  0.561875  0.111729  0.646985 0.0  0.522771  0.853213  0.231833  0.136353  0.147124  0.224268  0.480586  0.487638  0.224912  0.586735  0.491004  0.226090  0.208000  0.273601 
47  0.530443  0.287442  0.255420  0.247916  0.231352  0.099343  0.693324  0.525354  0.755334  0.601473  0.520819  0.527102  0.626655  0.709147  0.686396  0.208772  0.191335  0.705022  0.581269  0.519899  0.109139  0.097599  0.288115  0.151993  0.499425  0.375345  0.267025  0.532108  0.226060  0.234134  0.206840  0.602572  0.289160  0.265585  0.123876  0.453431  0.602282  0.102167  0.253717  0.152575  0.458645  0.540793  0.376776  0.101099  0.516381  0.156937  0.522771 0.0  0.404420  0.680177  0.548253  0.553177  0.550533  0.119589  0.103076  0.394222  0.220388  0.097114  0.640948  0.647596  0.292241 
48  0.666900  0.588064  0.334672  0.271863  0.271411  0.360679  0.820202  0.622166  0.744341  1.000000  0.766825  0.743928  0.862225  0.822582  0.928246  0.271251  0.311621  0.898026  0.760642  0.796343  0.339569  0.320265  0.512604  0.328291  0.902590  0.715067  0.188827  0.781473  0.253696  0.183079  0.312148  0.726400  0.435116  0.230118  0.353752  0.764659  0.901496  0.375792  0.472157  0.394321  0.676071  0.697200  0.562011  0.406697  0.741437  0.283373  0.853213  0.404420 0.0  0.893498  0.621138  0.794248  0.677936  0.435349  0.387476  0.745633  0.315557  0.370972  0.928416  0.823953  0.530269 
49  0.256289  0.440241  0.840728  0.793946  0.705032  0.623188  0.154571  0.273758  0.188477  0.126449  0.261903  0.256010  0.205537  0.166551  0.242390  0.712615  0.765536  0.340804  0.197727  0.192786  0.739199  0.660369  0.424213  0.686059  0.324773  0.382806  0.653942  0.285405  0.895924  0.795073  0.708501  0.295298  0.403319  0.900439  0.633498  0.302095  0.112830  0.594296  0.556322  0.542411  0.299436  0.184852  0.373138  0.732399  0.231529  0.769834  0.231833  0.680177  0.893498 0.0  0.243322  0.190573  0.292278  0.570700  0.501936  0.353127  0.533524  0.581445  0.215103  0.211408  0.457023 
50  0.184238  0.310992  0.744121  0.742734  0.719763  0.617081  0.194125  0.194406  0.189016  0.222643  0.097103  0.131274  0.161597  0.173072  0.201198  0.596897  0.544471  0.298556  0.216318  0.173664  0.599646  0.425124  0.319624  0.622314  0.156792  0.149019  0.710103  0.178072  0.554428  0.569525  0.543183  0.176646  0.309380  0.600195  0.613945  0.113775  0.265211  0.474690  0.458841  0.495466  0.177940  0.142469  0.218637  0.472466  0.155302  0.467184  0.136353  0.548253  0.621138  0.243322 0.0  0.174989  0.166101  0.511704  0.481823  0.209659  0.562506  0.518088  0.185068  0.181088  0.280865 
51  0.163411  0.326595  0.836479  0.894681  0.721667  0.513208  0.192376  0.210678  0.226233  0.128522  0.194014  0.228154  0.219510  0.165015  0.300009  0.693129  0.652501  0.388272  0.243053  0.118660  0.542231  0.602645  0.354844  0.600728  0.242308  0.214601  0.740913  0.188886  0.546754  0.711677  0.589499  0.255862  0.342906  0.754797  0.597208  0.210900  0.211445  0.485937  0.429008  0.486691  0.218723  0.144578  0.307311  0.530608  0.164065  0.680123  0.147124  0.553177  0.794248  0.190573  0.174989 0.0  0.265418  0.583911  0.585589  0.294951  0.526212  0.543146  0.224325  0.250478  0.325473 
52  0.303186  0.361141  0.697370  0.691529  0.642344  0.525947  0.233217  0.267154  0.228133  0.275764  0.165098  0.121595  0.180120  0.217984  0.169209  0.542928  0.605325  0.255451  0.207184  0.232118  0.565686  0.520444  0.375970  0.636511  0.137267  0.142293  0.696093  0.272148  0.634746  0.751153  0.676612  0.122061  0.324657  0.583641  0.570687  0.165315  0.320284  0.558649  0.480943  0.450376  0.236642  0.211214  0.212774  0.521208  0.212591  0.560835  0.224268  0.550533  0.677936  0.292278  0.166101  0.265418 0.0  0.428368  0.554811  0.205949  0.579403  0.441683  0.211660  0.214334  0.335090 
53  0.346118  0.287087  0.345664  0.267299  0.229827  0.143144  0.695844  0.401109  0.571763  0.632385  0.470195  0.532401  0.486527  0.597281  0.526341  0.271194  0.219880  0.636734  0.720713  0.440343  0.144231  0.109365  0.269772  0.216250  0.435416  0.460586  0.308338  0.420533  0.281516  0.269237  0.246507  0.460122  0.269263  0.306205  0.154130  0.393085  0.654421  0.109846  0.235702  0.140292  0.397343  0.573912  0.340805  0.118838  0.432999  0.193772  0.480586  0.119589  0.435349  0.570700  0.511704  0.583911  0.428368 0.0  0.134228  0.388858  0.212134  0.104749  0.652870  0.544301  0.337409 
54  0.475861  0.337311  0.307645  0.263495  0.225217  0.125618  0.643481  0.483315  0.639062  0.531484  0.518911  0.541314  0.591596  0.569154  0.633565  0.186086  0.177148  0.591793  0.599578  0.488050  0.107419  0.095402  0.316059  0.171287  0.414313  0.544191  0.239101  0.469003  0.221038  0.235012  0.213089  0.544190  0.296538  0.243447  0.118126  0.482418  0.690733  0.095443  0.265877  0.128225  0.404011  0.469536  0.430479  0.087858  0.461379  0.140894  0.487638  0.103076  0.387476  0.501936  0.481823  0.585589  0.554811  0.134228 0.0  0.377250  0.190798  0.105375  0.679464  0.555639  0.359925 
55  0.199578  0.191458  0.532267  0.576618  0.608600  0.451242  0.304397  0.138389  0.288964  0.319446  0.196954  0.249378  0.301602  0.274061  0.293919  0.459787  0.502864  0.445090  0.363951  0.247601  0.485275  0.382516  0.240206  0.601279  0.167256  0.168556  0.475223  0.185775  0.577504  0.533629  0.529977  0.248444  0.165022  0.420009  0.403823  0.170859  0.386004  0.389505  0.287713  0.397674  0.136080  0.240041  0.155019  0.424587  0.193793  0.457565  0.224912  0.394222  0.745633  0.353127  0.209659  0.294951  0.205949  0.388858  0.377250 0.0  0.437861  0.394478  0.317858  0.268425  0.186919 
56  0.523090  0.312337  0.320827  0.299493  0.237458  0.180703  0.696217  0.492526  0.690274  0.522026  0.559486  0.504026  0.674203  0.623923  0.629752  0.134389  0.166943  0.684292  0.661610  0.585784  0.210108  0.190555  0.294596  0.198938  0.610305  0.473913  0.187889  0.486121  0.225068  0.150898  0.229095  0.606749  0.298516  0.230529  0.151713  0.476614  0.879969  0.187577  0.222122  0.160065  0.448385  0.591877  0.451677  0.216979  0.543491  0.168793  0.586735  0.220388  0.315557  0.533524  0.562506  0.526212  0.579403  0.212134  0.190798  0.437861 0.0  0.184649  0.587719  0.634630  0.345314 
57  0.434274  0.316998  0.278845  0.280079  0.214725  0.117839  0.662683  0.424738  0.551105  0.674446  0.535704  0.533932  0.620346  0.576471  0.582895  0.213937  0.203488  0.656123  0.695391  0.613929  0.125664  0.084200  0.273698  0.177586  0.415572  0.470528  0.260268  0.403104  0.261682  0.265715  0.214673  0.572685  0.314709  0.279165  0.135128  0.536176  0.698572  0.093737  0.224152  0.129134  0.397947  0.514166  0.335095  0.093173  0.470382  0.178479  0.491004  0.097114  0.370972  0.581445  0.518088  0.543146  0.441683  0.104749  0.105375  0.394478  0.184649 0.0  0.527426  0.672052  0.326315 
58  0.298997  0.405200  0.775050  0.870983  0.711571  0.605355  0.127178  0.305808  0.104869  0.222640  0.199196  0.158996  0.105912  0.138749  0.118321  0.753763  0.860057  0.222412  0.109248  0.209127  0.589068  0.558563  0.453290  0.690278  0.232940  0.222042  0.742724  0.297898  0.833889  0.807342  0.750107  0.183052  0.432655  0.769708  0.727912  0.215537  0.194315  0.537422  0.597756  0.600041  0.276486  0.165686  0.305493  0.643451  0.292743  0.701634  0.226090  0.640948  0.928416  0.215103  0.185068  0.224325  0.211660  0.652870  0.679464  0.317858  0.587719  0.527426 0.0  0.087145  0.441135 
59  0.260202  0.473255  0.848266  0.848373  0.835366  0.649037  0.116403  0.272273  0.101762  0.192167  0.195435  0.174836  0.096283  0.124914  0.125511  0.726884  0.639594  0.245244  0.110917  0.210813  0.699497  0.660156  0.461253  0.695799  0.247582  0.242136  0.687421  0.274662  0.710889  0.778325  0.832254  0.189614  0.362688  0.792954  0.667853  0.201586  0.205791  0.637193  0.497717  0.543831  0.234309  0.169848  0.321951  0.547491  0.242448  0.704534  0.208000  0.647596  0.823953  0.211408  0.181088  0.250478  0.214334  0.544301  0.555639  0.268425  0.634630  0.672052  0.087145 0.0  0.465301 
60  0.227469  0.097239  0.534098  0.489051  0.413825  0.374943  0.474005  0.184994  0.390528  0.408630  0.319684  0.352072  0.386832  0.369134  0.411497  0.369569  0.404016  0.473758  0.491197  0.296366  0.341778  0.316861  0.120046  0.429104  0.298663  0.285863  0.480113  0.242912  0.488431  0.433311  0.460340  0.381152  0.132066  0.440579  0.326134  0.280134  0.474281  0.316556  0.198665  0.307799  0.223375  0.350253  0.239490  0.279897  0.264806  0.355394  0.273601  0.292241  0.530269  0.457023  0.280865  0.325473  0.335090  0.337409  0.359925  0.186919  0.345314  0.326315  0.441135  0.465301 0.0 
