61
0 0.0  0.289271  0.667614  0.594821  0.597645  0.535943  0.293136  0.118221  0.259656  0.211048  0.182869  0.195888  0.245778  0.241926  0.303809  0.574384  0.531551  0.360970  0.296193  0.139313  0.474148  0.459186  0.263860  0.562496  0.257357  0.225547  0.662793  0.095892  0.580098  0.696772  0.639557  0.260291  0.257940  0.615625  0.483236  0.199633  0.330878  0.480689  0.331865  0.529410  0.145343  0.177446  0.263862  0.567450  0.110921  0.450715  0.139270  0.636853  0.670792  0.262950  0.217508  0.162239  0.264728  0.431168  0.412103  0.191390  0.490663  0.420967  0.246782  0.288806  0.243610 
1  0.289271 0.0  0.493402  0.437593  0.453518  0.347185  0.430498  0.222648  0.362651  0.371552  0.341847  0.355261  0.411480  0.387351  0.444567  0.383822  0.389089  0.532031  0.424461  0.335457  0.392976  0.300967  0.103094  0.341159  0.302394  0.303959  0.414109  0.265785  0.445679  0.357041  0.425695  0.393428  0.120357  0.433437  0.348138  0.299842  0.506062  0.317930  0.193581  0.301249  0.221811  0.335432  0.256533  0.254007  0.275113  0.359117  0.309121  0.336773  0.440112  0.511893  0.294015  0.324167  0.376515  0.247141  0.320765  0.219076  0.285702  0.327033  0.483488  0.428771  0.102319 
2  0.667614  0.493402 0.0  0.113151  0.149624  0.259067  0.809630  0.588607  0.835042  0.834073  0.756135  0.669300  0.783301  0.810037  0.864811  0.293297  0.205095  0.929203  0.875549  0.831802  0.234423  0.251711  0.529699  0.195461  0.665376  0.609393  0.241947  0.654917  0.150705  0.274141  0.156141  0.808405  0.509871  0.154189  0.246850  0.657132  0.844169  0.264458  0.440715  0.296866  0.583866  0.768816  0.638119  0.250327  0.709959  0.203746  0.626164  0.281240  0.303459  0.909167  0.658934  0.806041  0.664554  0.313176  0.314538  0.526776  0.316351  0.300020  0.786013  0.746055  0.505582 
3  0.594821  0.437593  0.113151 0.0  0.144972  0.247475  0.794216  0.541266  0.873053  0.721485  0.732022  0.731727  0.690035  0.797947  0.707060  0.274757  0.204324  0.787374  0.850851  0.755272  0.233191  0.299647  0.495153  0.187641  0.701839  0.660504  0.224205  0.675327  0.112840  0.209612  0.141223  0.671784  0.440387  0.124333  0.243610  0.588243  0.942498  0.270569  0.395253  0.299852  0.665144  0.671557  0.628836  0.273719  0.632126  0.199620  0.615483  0.263851  0.269362  0.835495  0.700321  0.521590  0.738692  0.288138  0.244843  0.641175  0.283156  0.292636  0.763933  0.794891  0.505966 
4  0.597645  0.453518  0.149624  0.144972 0.0  0.185105  0.658855  0.584923  0.747830  0.959718  0.603418  0.751147  0.782642  0.761203  0.695153  0.178132  0.145781  0.766996  0.904932  0.641917  0.193332  0.232572  0.401859  0.130833  0.556956  0.494173  0.192171  0.612114  0.112745  0.179117  0.103602  0.556712  0.424519  0.134182  0.179104  0.617913  0.794181  0.212819  0.317897  0.249153  0.672493  0.722111  0.507162  0.210031  0.668056  0.172933  0.646052  0.225511  0.258674  0.759720  0.670121  0.690516  0.550627  0.238963  0.223020  0.531642  0.250701  0.223428  0.961375  0.709516  0.425629 
5  0.535943  0.347185  0.259067  0.247475  0.185105 0.0  0.578697  0.474763  0.684753  0.565447  0.477873  0.496767  0.708691  0.651827  0.641656  0.209161  0.174234  0.626150  0.573756  0.647706  0.097113  0.128395  0.317072  0.135116  0.456376  0.474997  0.268173  0.392839  0.203612  0.239408  0.182707  0.571593  0.360623  0.250945  0.135077  0.501975  0.735440  0.125420  0.235396  0.158543  0.473031  0.561788  0.357741  0.123341  0.504398  0.162039  0.574405  0.097468  0.336810  0.701573  0.585382  0.672505  0.520372  0.147279  0.118671  0.434066  0.199484  0.116257  0.640865  0.736859  0.381701 
6  0.293136  0.430498  0.809630  0.794216  0.658855  0.578697 0.0  0.276020  0.104835  0.163880  0.202696  0.182801  0.123167  0.115526  0.158864  0.708017  0.786941  0.278896  0.129418  0.194658  0.743197  0.717607  0.443783  0.843857  0.280120  0.252402  0.773077  0.250168  0.964118  0.786356  0.713557  0.212599  0.399502  0.806918  0.721788  0.229872  0.173232  0.634339  0.574723  0.630681  0.226758  0.160409  0.324860  0.641386  0.227441  0.646308  0.220216  0.525411  0.842966  0.154352  0.197354  0.193030  0.253706  0.583523  0.655040  0.290851  0.562721  0.606952  0.127047  0.126380  0.409232 
7  0.118221  0.222648  0.588607  0.541266  0.584923  0.474763  0.276020 0.0  0.292008  0.230674  0.178208  0.221666  0.278694  0.240143  0.285704  0.528972  0.523755  0.357637  0.289838  0.175603  0.448507  0.449086  0.238096  0.470435  0.235361  0.208850  0.579276  0.104891  0.607407  0.529267  0.528257  0.297174  0.220995  0.655283  0.507373  0.185397  0.308778  0.432096  0.322756  0.436410  0.115638  0.195831  0.253326  0.419647  0.122652  0.473049  0.153716  0.445793  0.694480  0.290975  0.181226  0.195546  0.243497  0.387749  0.408355  0.168852  0.463167  0.395694  0.241707  0.289021  0.203700 
8  0.259656  0.362651  0.835042  0.873053  0.747830  0.684753  0.104835  0.292008 0.0  0.184895  0.178247  0.185679  0.123480  0.129564  0.155066  0.662992  0.805969  0.209597  0.109178  0.216154  0.717766  0.589315  0.432402  0.626631  0.263376  0.268929  0.747183  0.296939  0.895258  0.828247  0.723953  0.210788  0.403341  0.648284  0.693626  0.245257  0.194581  0.620201  0.551015  0.697247  0.316295  0.165141  0.351625  0.652150  0.240023  0.707606  0.203932  0.679265  0.912667  0.164952  0.204364  0.227473  0.220100  0.595869  0.722584  0.319176  0.639361  0.688268  0.104830  0.100239  0.449313 
9  0.211048  0.371552  0.834073  0.721485  0.959718  0.565447  0.163880  0.230674  0.184895 0.0  0.201901  0.220862  0.173199  0.142636  0.259645  0.686272  0.740206  0.365790  0.212953  0.163084  0.652847  0.621191  0.403002  0.645308  0.259746  0.299333  0.694661  0.215210  0.719550  0.796405  0.686961  0.282877  0.360069  0.750654  0.598922  0.215920  0.169462  0.595131  0.491898  0.553384  0.272218  0.152312  0.344968  0.674697  0.192780  0.752483  0.193349  0.705520  0.754054  0.130260  0.197399  0.139215  0.244579  0.574193  0.572873  0.355895  0.574393  0.598014  0.193126  0.174746  0.341151 
10  0.182869  0.341847  0.756135  0.732022  0.603418  0.477873  0.202696  0.178208  0.178247  0.201901 0.0  0.160278  0.174552  0.159173  0.227349  0.615275  0.630637  0.265335  0.232783  0.151799  0.473899  0.501265  0.260035  0.461427  0.168595  0.153878  0.719639  0.177713  0.617254  0.624199  0.616078  0.193318  0.273942  0.648482  0.611946  0.115508  0.290019  0.496084  0.402438  0.469983  0.154277  0.130165  0.223631  0.512322  0.146536  0.587358  0.118024  0.530767  0.770438  0.232410  0.094351  0.191454  0.182359  0.414923  0.565708  0.203400  0.544395  0.466686  0.182550  0.193460  0.258754 
11  0.195888  0.355261  0.669300  0.731727  0.751147  0.496767  0.182801  0.221666  0.185679  0.220862  0.160278 0.0  0.159218  0.177784  0.168196  0.688524  0.685633  0.230772  0.177354  0.199588  0.528710  0.532120  0.391846  0.627120  0.170369  0.165699  0.702649  0.234221  0.653606  0.695213  0.624492  0.129245  0.312167  0.681475  0.575266  0.144165  0.292093  0.516618  0.511280  0.501498  0.219555  0.163965  0.262381  0.563174  0.249370  0.605668  0.180738  0.519423  0.901930  0.276955  0.129081  0.251320  0.124922  0.475487  0.555206  0.261541  0.598584  0.592769  0.157880  0.166577  0.334126 
12  0.245778  0.411480  0.783301  0.690035  0.782642  0.708691  0.123167  0.278694  0.123480  0.173199  0.174552  0.159218 0.0  0.126859  0.135063  0.676312  0.720145  0.226023  0.129753  0.204735  0.581268  0.671967  0.381314  0.723807  0.232640  0.222521  0.790945  0.270416  0.725510  0.726940  0.740069  0.149028  0.392454  0.715835  0.634862  0.193228  0.219890  0.617347  0.502787  0.515411  0.268876  0.158188  0.301689  0.615180  0.215536  0.640075  0.197669  0.545582  0.834126  0.186670  0.163481  0.212705  0.182803  0.553414  0.589609  0.272871  0.680111  0.553576  0.103834  0.099063  0.377832 
13  0.241926  0.387351  0.810037  0.797947  0.761203  0.651827  0.115526  0.240143  0.129564  0.142636  0.159173  0.177784  0.126859 0.0  0.183165  0.612754  0.663667  0.273771  0.153759  0.164275  0.627455  0.619814  0.400633  0.791294  0.228015  0.216528  0.838988  0.209129  0.647718  0.618301  0.674826  0.205165  0.360231  0.759454  0.691956  0.212575  0.189709  0.573726  0.503371  0.598851  0.239734  0.126883  0.305525  0.478819  0.220008  0.556626  0.159293  0.624356  0.873219  0.157542  0.164683  0.171054  0.200283  0.638213  0.526764  0.282564  0.672305  0.559360  0.142524  0.131318  0.331900 
14  0.303809  0.444567  0.864811  0.707060  0.695153  0.641656  0.158864  0.285704  0.155066  0.259645  0.227349  0.168196  0.135063  0.183165 0.0  0.792993  0.638377  0.184888  0.122920  0.260319  0.732352  0.610714  0.494072  0.649847  0.205415  0.270918  0.650885  0.318000  0.772166  0.790487  0.714459  0.163546  0.421119  0.750626  0.612829  0.237020  0.261707  0.642796  0.554024  0.528594  0.258818  0.214978  0.315106  0.594225  0.252898  0.554556  0.255217  0.693066  0.703460  0.234165  0.181402  0.258946  0.188460  0.563505  0.586443  0.305782  0.671621  0.710547  0.129253  0.127525  0.395369 
15  0.574384  0.383822  0.293297  0.274757  0.178132  0.209161  0.708017  0.528972  0.662992  0.686272  0.615275  0.688524  0.676312  0.612754  0.792993 0.0  0.127506  0.739100  0.764394  0.581901  0.210932  0.228533  0.409759  0.178572  0.587405  0.528746  0.161723  0.498474  0.201230  0.133190  0.213315  0.737706  0.378422  0.180294  0.153147  0.530238  0.789729  0.198209  0.267594  0.181206  0.527826  0.584448  0.465031  0.213894  0.542205  0.135890  0.588996  0.187457  0.268403  0.768324  0.681005  0.651320  0.616558  0.239544  0.173646  0.470803  0.129734  0.201989  0.626640  0.766056  0.352783 
16  0.531551  0.389089  0.205095  0.204324  0.145781  0.174234  0.786941  0.523755  0.805969  0.740206  0.630637  0.685633  0.720145  0.663667  0.638377  0.127506 0.0  0.762033  0.765716  0.538241  0.172995  0.203829  0.370661  0.132389  0.586441  0.610673  0.162209  0.575108  0.157592  0.147348  0.150221  0.633556  0.437846  0.168521  0.143492  0.605762  0.794148  0.193033  0.305482  0.197647  0.544424  0.604623  0.511294  0.198309  0.677935  0.108090  0.532801  0.201004  0.276361  0.860109  0.605153  0.684223  0.566471  0.209816  0.185099  0.509499  0.169046  0.205490  0.789944  0.723771  0.417793 
17  0.360970  0.532031  0.929203  0.787374  0.766996  0.626150  0.278896  0.357637  0.209597  0.365790  0.265335  0.230772  0.226023  0.273771  0.184888  0.739100  0.762033 0.0  0.205361  0.338916  0.705995  0.658577  0.610702  0.637659  0.298176  0.310638  0.901111  0.375712  0.834958  0.853152  0.810963  0.184387  0.438229  0.824675  0.645284  0.280863  0.362204  0.692474  0.571218  0.767338  0.352122  0.316462  0.368690  0.634349  0.363966  0.779564  0.363211  0.568888  0.816314  0.333221  0.307095  0.316502  0.210779  0.539205  0.742322  0.368226  0.770647  0.557421  0.210752  0.241136  0.435167 
18  0.296193  0.424461  0.875549  0.850851  0.904932  0.573756  0.129418  0.289838  0.109178  0.212953  0.232783  0.177354  0.129753  0.153759  0.122920  0.764394  0.765716  0.205361 0.0  0.235280  0.692521  0.563219  0.499268  0.597538  0.256478  0.259996  0.730296  0.328022  0.765622  0.780953  0.722419  0.203193  0.415376  0.838665  0.716082  0.259536  0.228752  0.576602  0.569835  0.575307  0.341793  0.184806  0.310794  0.664052  0.262599  0.603356  0.248827  0.693063  0.882165  0.216726  0.214122  0.242145  0.220321  0.610661  0.592635  0.370195  0.579657  0.657635  0.109086  0.111511  0.448775 
19  0.139313  0.335457  0.831802  0.755272  0.641917  0.647706  0.194658  0.175603  0.216154  0.163084  0.151799  0.199588  0.204735  0.164275  0.260319  0.581901  0.538241  0.338916  0.235280 0.0  0.513317  0.498169  0.355641  0.604153  0.239266  0.210328  0.602110  0.141513  0.769686  0.705429  0.698631  0.242918  0.297300  0.707576  0.501610  0.180293  0.257055  0.474659  0.418881  0.484116  0.193681  0.119013  0.248854  0.500749  0.130438  0.574430  0.119229  0.594018  0.787718  0.221556  0.168373  0.116440  0.232731  0.510813  0.525307  0.246565  0.532432  0.426478  0.225953  0.245810  0.320803 
20  0.474148  0.392976  0.234423  0.233191  0.193332  0.097113  0.743197  0.448507  0.717766  0.652847  0.473899  0.528710  0.581268  0.627455  0.732352  0.210932  0.172995  0.705995  0.692521  0.513317 0.0  0.117275  0.338834  0.133623  0.466589  0.433311  0.227821  0.538584  0.199967  0.203185  0.184368  0.561810  0.308868  0.245619  0.113969  0.566320  0.742151  0.128060  0.218061  0.147816  0.474610  0.631829  0.421634  0.117565  0.527420  0.135575  0.499434  0.108323  0.358827  0.629193  0.457673  0.596755  0.598537  0.133547  0.113982  0.426465  0.201625  0.122333  0.726835  0.617269  0.386698 
21  0.459186  0.300967  0.251711  0.299647  0.232572  0.128395  0.717607  0.449086  0.589315  0.621191  0.501265  0.532120  0.671967  0.619814  0.610714  0.228533  0.203829  0.658577  0.563219  0.498169  0.117275 0.0  0.265826  0.156912  0.358586  0.383385  0.274453  0.460333  0.245654  0.244931  0.199539  0.466301  0.315960  0.267949  0.140011  0.492352  0.629158  0.089897  0.235796  0.124443  0.460122  0.583686  0.378080  0.089749  0.504680  0.157852  0.526291  0.096358  0.293503  0.588978  0.445467  0.581675  0.552524  0.112402  0.097389  0.407910  0.215505  0.085882  0.531601  0.640807  0.336220 
22  0.263860  0.103094  0.529699  0.495153  0.401859  0.317072  0.443783  0.238096  0.432402  0.403002  0.260035  0.391846  0.381314  0.400633  0.494072  0.409759  0.370661  0.610702  0.499268  0.355641  0.338834  0.265826 0.0  0.428385  0.362298  0.309689  0.450394  0.261222  0.495518  0.409018  0.404015  0.471204  0.153166  0.464782  0.345007  0.311898  0.472996  0.282043  0.180217  0.257026  0.256182  0.338330  0.297758  0.263529  0.297914  0.324948  0.294814  0.312193  0.530642  0.497155  0.355628  0.362512  0.394518  0.263456  0.288244  0.242880  0.323488  0.297537  0.426695  0.393378  0.122689 
23  0.562496  0.341159  0.195461  0.187641  0.130833  0.135116  0.843857  0.470435  0.626631  0.645308  0.461427  0.627120  0.723807  0.791294  0.649847  0.178572  0.132389  0.637659  0.597538  0.604153  0.133623  0.156912  0.428385 0.0  0.496907  0.465382  0.211072  0.503655  0.158809  0.199143  0.123065  0.625944  0.397603  0.176314  0.121813  0.502946  0.777968  0.177781  0.295341  0.190131  0.498419  0.652586  0.428280  0.167572  0.532973  0.122454  0.636219  0.168461  0.279669  0.681400  0.616976  0.639688  0.563680  0.198167  0.169294  0.466249  0.209723  0.173643  0.676173  0.600509  0.412962 
24  0.257357  0.302394  0.665376  0.701839  0.556956  0.456376  0.280120  0.235361  0.263376  0.259746  0.168595  0.170369  0.232640  0.228015  0.205415  0.587405  0.586441  0.298176  0.256478  0.239266  0.466589  0.358586  0.362298  0.496907 0.0  0.103310  0.630504  0.219235  0.654289  0.637349  0.578956  0.165097  0.245647  0.537424  0.552243  0.141369  0.351995  0.475174  0.419170  0.469687  0.185257  0.229640  0.159335  0.448417  0.235887  0.596328  0.185506  0.456760  0.726129  0.341085  0.137518  0.265846  0.146741  0.447774  0.343534  0.161121  0.507986  0.364046  0.226003  0.244953  0.282169 
25  0.225547  0.303959  0.609393  0.660504  0.494173  0.474997  0.252402  0.208850  0.268929  0.299333  0.153878  0.165699  0.222521  0.216528  0.270918  0.528746  0.610673  0.310638  0.259996  0.210328  0.433311  0.383385  0.309689  0.465382  0.103310 0.0  0.630335  0.224368  0.560159  0.672668  0.517372  0.174373  0.264127  0.623435  0.508800  0.118926  0.333189  0.375768  0.416149  0.422207  0.174405  0.204979  0.160223  0.412848  0.184054  0.512852  0.175242  0.502047  0.630301  0.339581  0.156212  0.256973  0.153145  0.477571  0.503341  0.155519  0.548439  0.422677  0.254191  0.248172  0.276322 
26  0.662793  0.414109  0.241947  0.224205  0.192171  0.268173  0.773077  0.579276  0.747183  0.694661  0.719639  0.702649  0.790945  0.838988  0.650885  0.161723  0.162209  0.901111  0.730296  0.602110  0.227821  0.274453  0.450394  0.211072  0.630504  0.630335 0.0  0.669522  0.179851  0.099821  0.206642  0.794904  0.492794  0.159650  0.225315  0.604007  0.735881  0.260305  0.332237  0.275700  0.406821  0.747158  0.524450  0.244365  0.720252  0.192568  0.641208  0.305515  0.193434  0.821901  0.652202  0.613275  0.753548  0.320363  0.254860  0.518089  0.214463  0.256923  0.848732  0.899211  0.379772 
27  0.095892  0.265785  0.654917  0.675327  0.612114  0.392839  0.250168  0.104891  0.296939  0.215210  0.177713  0.234221  0.270416  0.209129  0.318000  0.498474  0.575108  0.375712  0.328022  0.141513  0.538584  0.460333  0.261222  0.503655  0.219235  0.224368  0.669522 0.0  0.698853  0.640843  0.554133  0.293887  0.241318  0.669232  0.504131  0.176524  0.309112  0.468514  0.360036  0.387989  0.126801  0.195302  0.257970  0.446717  0.115835  0.466333  0.155941  0.465766  0.688736  0.279886  0.194972  0.186778  0.231675  0.410233  0.503867  0.188195  0.358746  0.495713  0.272440  0.284027  0.202026 
28  0.580098  0.445679  0.150705  0.112840  0.112745  0.203612  0.964118  0.607407  0.895258  0.719550  0.617254  0.653606  0.725510  0.647718  0.772166  0.201230  0.157592  0.834958  0.765622  0.769686  0.199967  0.245654  0.495518  0.158809  0.654289  0.560159  0.179851  0.698853 0.0  0.173530  0.127482  0.638882  0.473205  0.106324  0.201796  0.577288  0.794999  0.248473  0.396445  0.307159  0.636031  0.619086  0.624798  0.270469  0.562203  0.180424  0.760803  0.246918  0.246517  0.900939  0.717299  0.824219  0.752023  0.235638  0.226907  0.563600  0.235532  0.263747  0.801770  0.851639  0.520148 
29  0.696772  0.357041  0.274141  0.209612  0.179117  0.239408  0.786356  0.529267  0.828247  0.796405  0.624199  0.695213  0.726940  0.618301  0.790487  0.133190  0.147348  0.853152  0.780953  0.705429  0.203185  0.244931  0.409018  0.199143  0.637349  0.672668  0.099821  0.640843  0.173530 0.0  0.187611  0.626516  0.415737  0.161484  0.199722  0.566532  0.794851  0.248931  0.380465  0.232513  0.525208  0.794592  0.474320  0.253285  0.609971  0.176048  0.646313  0.258481  0.198585  0.768154  0.577175  0.582942  0.808153  0.250774  0.248121  0.472909  0.171439  0.266135  0.692568  0.668932  0.479853 
30  0.639557  0.425695  0.156141  0.141223  0.103602  0.182707  0.713557  0.528257  0.723953  0.686961  0.616078  0.624492  0.740069  0.674826  0.714459  0.213315  0.150221  0.810963  0.722419  0.698631  0.184368  0.199539  0.404015  0.123065  0.578956  0.517372  0.206642  0.554133  0.127482  0.187611 0.0  0.758400  0.485739  0.146491  0.193617  0.580063  0.694954  0.211037  0.334441  0.273060  0.602900  0.654474  0.498376  0.201879  0.631072  0.170142  0.600384  0.193556  0.274637  0.777192  0.676954  0.638329  0.639989  0.229320  0.201988  0.477870  0.254232  0.252603  0.726643  0.751116  0.393782 
31  0.260291  0.393428  0.808405  0.671784  0.556712  0.571593  0.212599  0.297174  0.210788  0.282877  0.193318  0.129245  0.149028  0.205165  0.163546  0.737706  0.633556  0.184387  0.203193  0.242918  0.561810  0.466301  0.471204  0.625944  0.165097  0.174373  0.794904  0.293887  0.638882  0.626516  0.758400 0.0  0.394634  0.783234  0.565182  0.199478  0.287280  0.547854  0.455787  0.541842  0.277627  0.229358  0.221003  0.569069  0.260190  0.620200  0.242403  0.505145  0.802670  0.272492  0.174122  0.278157  0.113804  0.516380  0.570821  0.264666  0.569719  0.590878  0.169260  0.177158  0.401568 
32  0.257940  0.120357  0.509871  0.440387  0.424519  0.360623  0.399502  0.220995  0.403341  0.360069  0.273942  0.312167  0.392454  0.360231  0.421119  0.378422  0.437846  0.438229  0.415376  0.297300  0.308868  0.315960  0.153166  0.397603  0.245647  0.264127  0.492794  0.241318  0.473205  0.415737  0.485739  0.394634 0.0  0.457928  0.333156  0.239113  0.443969  0.271925  0.196914  0.292495  0.206168  0.318181  0.222561  0.275481  0.250887  0.368659  0.289412  0.328835  0.629536  0.388918  0.257411  0.340252  0.347202  0.325588  0.296580  0.164639  0.318160  0.302154  0.377311  0.386603  0.120252 
33  0.615625  0.433437  0.154189  0.124333  0.134182  0.250945  0.806918  0.655283  0.648284  0.750654  0.648482  0.681475  0.715835  0.759454  0.750626  0.180294  0.168521  0.824675  0.838665  0.707576  0.245619  0.267949  0.464782  0.176314  0.537424  0.623435  0.159650  0.669232  0.106324  0.161484  0.146491  0.783234  0.457928 0.0  0.208834  0.658776  0.722759  0.290017  0.312912  0.278325  0.607608  0.766227  0.555316  0.233318  0.678439  0.185713  0.803289  0.234738  0.219796  0.836875  0.671606  0.695683  0.704324  0.306481  0.262589  0.616110  0.256430  0.249710  0.755521  0.672544  0.442922 
34  0.483236  0.348138  0.246850  0.243610  0.179104  0.135077  0.721788  0.507373  0.693626  0.598922  0.611946  0.575266  0.634862  0.691956  0.612829  0.153147  0.143492  0.645284  0.716082  0.501610  0.113969  0.140011  0.345007  0.121813  0.552243  0.508800  0.225315  0.504131  0.201796  0.199722  0.193617  0.565182  0.333156  0.208834 0.0  0.446215  0.704437  0.122489  0.229358  0.139726  0.440808  0.533534  0.483432  0.126110  0.598847  0.110948  0.597848  0.137077  0.311023  0.572386  0.579267  0.538229  0.563761  0.168086  0.116948  0.379144  0.158447  0.131001  0.770469  0.575636  0.407314 
35  0.199633  0.299842  0.657132  0.588243  0.617913  0.501975  0.229872  0.185397  0.245257  0.215920  0.115508  0.144165  0.193228  0.212575  0.237020  0.530238  0.605762  0.280863  0.259536  0.180293  0.566320  0.492352  0.311898  0.502946  0.141369  0.118926  0.604007  0.176524  0.577288  0.566532  0.580063  0.199478  0.239113  0.658776  0.446215 0.0  0.302717  0.504845  0.402684  0.419121  0.135698  0.192589  0.187521  0.404754  0.152279  0.540876  0.147517  0.500581  0.689637  0.250004  0.118381  0.210500  0.163483  0.459180  0.512450  0.179328  0.534514  0.483807  0.215106  0.219001  0.279440 
36  0.330878  0.506062  0.844169  0.942498  0.794181  0.735440  0.173232  0.308778  0.194581  0.169462  0.290019  0.292093  0.219890  0.189709  0.261707  0.789729  0.794148  0.362204  0.228752  0.257055  0.742151  0.629158  0.472996  0.777968  0.351995  0.333189  0.735881  0.309112  0.794999  0.794851  0.694954  0.287280  0.443969  0.722759  0.704437  0.302717 0.0  0.751911  0.638355  0.652617  0.298705  0.206464  0.438352  0.583319  0.293066  0.872097  0.279488  0.659595  0.892946  0.111114  0.274609  0.217588  0.325077  0.764011  0.695436  0.391950  0.703927  0.705496  0.230856  0.247177  0.456939 
37  0.480689  0.317930  0.264458  0.270569  0.212819  0.125420  0.634339  0.432096  0.620201  0.595131  0.496084  0.516618  0.617347  0.573726  0.642796  0.198209  0.193033  0.692474  0.576602  0.474659  0.128060  0.089897  0.282043  0.177781  0.475174  0.375768  0.260305  0.468514  0.248473  0.248931  0.211037  0.547854  0.271925  0.290017  0.122489  0.504845  0.751911 0.0  0.214287  0.121647  0.456801  0.499548  0.410301  0.088082  0.477054  0.164002  0.502038  0.103935  0.406192  0.675148  0.472897  0.585934  0.491441  0.104128  0.094390  0.403242  0.186315  0.093335  0.578184  0.571742  0.334838 
38  0.331865  0.193581  0.440715  0.395253  0.317897  0.235396  0.574723  0.322756  0.551015  0.491898  0.402438  0.511280  0.502787  0.503371  0.554024  0.267594  0.305482  0.571218  0.569835  0.418881  0.218061  0.235796  0.180217  0.295341  0.419170  0.416149  0.332237  0.360036  0.396445  0.380465  0.334441  0.455787  0.196914  0.312912  0.229358  0.402684  0.638355  0.214287 0.0  0.201981  0.312680  0.483081  0.328931  0.219372  0.395632  0.277228  0.425268  0.248378  0.365810  0.629581  0.379625  0.485907  0.440273  0.236249  0.231972  0.333293  0.194797  0.226945  0.529240  0.517541  0.193501 
39  0.529410  0.301249  0.296866  0.299852  0.249153  0.158543  0.630681  0.436410  0.697247  0.553384  0.469983  0.501498  0.515411  0.598851  0.528594  0.181206  0.197647  0.767338  0.575307  0.484116  0.147816  0.124443  0.257026  0.190131  0.469687  0.422207  0.275700  0.387989  0.307159  0.232513  0.273060  0.541842  0.292495  0.278325  0.139726  0.419121  0.652617  0.121647  0.201981 0.0  0.353135  0.559595  0.372542  0.120073  0.516231  0.165857  0.513191  0.144047  0.407244  0.635443  0.431143  0.559648  0.484968  0.144713  0.128964  0.378883  0.147429  0.127877  0.605642  0.610779  0.300881 
40  0.145343  0.221811  0.583866  0.665144  0.672493  0.473031  0.226758  0.115638  0.316295  0.272218  0.154277  0.219555  0.268876  0.239734  0.258818  0.527826  0.544424  0.352122  0.341793  0.193681  0.474610  0.460122  0.256182  0.498419  0.185257  0.174405  0.406821  0.126801  0.636031  0.525208  0.602900  0.277627  0.206168  0.607608  0.440808  0.135698  0.298705  0.456801  0.312680  0.353135 0.0  0.196925  0.210344  0.404386  0.123326  0.542888  0.154151  0.434704  0.754066  0.276361  0.166892  0.222632  0.231590  0.435657  0.450234  0.140526  0.477405  0.396590  0.264588  0.255653  0.242224 
41  0.177446  0.335432  0.768816  0.671557  0.722111  0.561788  0.160409  0.195831  0.165141  0.152312  0.130165  0.163965  0.158188  0.126883  0.214978  0.584448  0.604623  0.316462  0.184806  0.119013  0.631829  0.583686  0.338330  0.652586  0.229640  0.204979  0.747158  0.195302  0.619086  0.794592  0.654474  0.229358  0.318181  0.766227  0.533534  0.192589  0.206464  0.499548  0.483081  0.559595  0.196925 0.0  0.272787  0.462602  0.165652  0.649655  0.117246  0.633768  0.857642  0.180901  0.136509  0.162770  0.229741  0.492022  0.563596  0.260227  0.708027  0.499277  0.176601  0.171984  0.302476 
42  0.263862  0.256533  0.638119  0.628836  0.507162  0.357741  0.324860  0.253326  0.351625  0.344968  0.223631  0.262381  0.301689  0.305525  0.315106  0.465031  0.511294  0.368690  0.310794  0.248854  0.421634  0.378080  0.297758  0.428280  0.159335  0.160223  0.524450  0.257970  0.624798  0.474320  0.498376  0.221003  0.222561  0.555316  0.483432  0.187521  0.438352  0.410301  0.328931  0.372542  0.210344  0.272787 0.0  0.365220  0.242741  0.505495  0.248988  0.405514  0.682897  0.408980  0.238535  0.310873  0.205038  0.400603  0.366475  0.152506  0.420266  0.344047  0.311564  0.284134  0.269136 
43  0.567450  0.254007  0.250327  0.273719  0.210031  0.123341  0.641386  0.419647  0.652150  0.674697  0.512322  0.563174  0.615180  0.478819  0.594225  0.213894  0.198309  0.634349  0.664052  0.500749  0.117565  0.089749  0.263529  0.167572  0.448417  0.412848  0.244365  0.446717  0.270469  0.253285  0.201879  0.569069  0.275481  0.233318  0.126110  0.404754  0.583319  0.088082  0.219372  0.120073  0.404386  0.462602  0.365220 0.0  0.445030  0.149686  0.549626  0.103093  0.354000  0.597574  0.491799  0.516662  0.442862  0.117525  0.089976  0.430487  0.185505  0.096041  0.688242  0.549850  0.311500 
44  0.110921  0.275113  0.709959  0.632126  0.668056  0.504398  0.227441  0.122652  0.240023  0.192780  0.146536  0.249370  0.215536  0.220008  0.252898  0.542205  0.677935  0.363966  0.262599  0.130438  0.527420  0.504680  0.297914  0.532973  0.235887  0.184054  0.720252  0.115835  0.562203  0.609971  0.631072  0.260190  0.250887  0.678439  0.598847  0.152279  0.293066  0.477054  0.395632  0.516231  0.123326  0.165652  0.242741  0.445030 0.0  0.492574  0.112103  0.432470  0.753322  0.250703  0.174840  0.161935  0.228764  0.471644  0.523544  0.211970  0.519184  0.546653  0.253084  0.236367  0.240598 
45  0.450715  0.359117  0.203746  0.199620  0.172933  0.162039  0.646308  0.473049  0.707606  0.752483  0.587358  0.605668  0.640075  0.556626  0.554556  0.135890  0.108090  0.779564  0.603356  0.574430  0.135575  0.157852  0.324948  0.122454  0.596328  0.512852  0.192568  0.466333  0.180424  0.176048  0.170142  0.620200  0.368659  0.185713  0.110948  0.540876  0.872097  0.164002  0.277228  0.165857  0.542888  0.649655  0.505495  0.149686  0.492574 0.0  0.665710  0.156828  0.341625  0.690395  0.560546  0.662833  0.574195  0.197530  0.142774  0.432896  0.155648  0.163455  0.755825  0.769689  0.429378 
46  0.139270  0.309121  0.626164  0.615483  0.646052  0.574405  0.220216  0.153716  0.203932  0.193349  0.118024  0.180738  0.197669  0.159293  0.255217  0.588996  0.532801  0.363211  0.248827  0.119229  0.499434  0.526291  0.294814  0.636219  0.185506  0.175242  0.641208  0.155941  0.760803  0.646313  0.600384  0.242403  0.289412  0.803289  0.597848  0.147517  0.279488  0.502038  0.425268  0.513191  0.154151  0.117246  0.248988  0.549626  0.112103  0.665710 0.0  0.475317  0.849885  0.237229  0.133819  0.161277  0.239923  0.476762  0.505271  0.188427  0.573214  0.451757  0.176977  0.213717  0.279761 
47  0.636853  0.336773  0.281240  0.263851  0.225511  0.097468  0.525411  0.445793  0.679265  0.705520  0.530767  0.519423  0.545582  0.624356  0.693066  0.187457  0.201004  0.568888  0.693063  0.594018  0.108323  0.096358  0.312193  0.168461  0.456760  0.502047  0.305515  0.465766  0.246918  0.258481  0.193556  0.505145  0.328835  0.234738  0.137077  0.500581  0.659595  0.103935  0.248378  0.144047  0.434704  0.633768  0.405514  0.103093  0.432470  0.156828  0.475317 0.0  0.400574  0.644924  0.502670  0.598279  0.487339  0.117174  0.108125  0.370759  0.203922  0.099095  0.565868  0.691022  0.367027 
48  0.670792  0.440112  0.303459  0.269362  0.258674  0.336810  0.842966  0.694480  0.912667  0.754054  0.770438  0.901930  0.834126  0.873219  0.703460  0.268403  0.276361  0.816314  0.882165  0.787718  0.358827  0.293503  0.530642  0.279669  0.726129  0.630301  0.193434  0.688736  0.246517  0.198585  0.274637  0.802670  0.629536  0.219796  0.311023  0.689637  0.892946  0.406192  0.365810  0.407244  0.754066  0.857642  0.682897  0.354000  0.753322  0.341625  0.849885  0.400574 0.0  1.000000  0.762209  0.762483  0.737820  0.376309  0.320967  0.607347  0.334493  0.390875  0.945079  0.809106  0.515187 
49  0.262950  0.511893  0.909167  0.835495  0.759720  0.701573  0.154352  0.290975  0.164952  0.130260  0.232410  0.276955  0.186670  0.157542  0.234165  0.768324  0.860109  0.333221  0.216726  0.221556  0.629193  0.588978  0.497155  0.681400  0.341085  0.339581  0.821901  0.279886  0.900939  0.768154  0.777192  0.272492  0.388918  0.836875  0.572386  0.250004  0.111114  0.675148  0.629581  0.635443  0.276361  0.180901  0.408980  0.597574  0.250703  0.690395  0.237229  0.644924  1.000000 0.0  0.250947  0.188169  0.308651  0.575415  0.623855  0.370382  0.700797  0.621012  0.202779  0.205034  0.423464 
50  0.217508  0.294015  0.658934  0.700321  0.670121  0.585382  0.197354  0.181226  0.204364  0.197399  0.094351  0.129081  0.163481  0.164683  0.181402  0.681005  0.605153  0.307095  0.214122  0.168373  0.457673  0.445467  0.355628  0.616976  0.137518  0.156212  0.652202  0.194972  0.717299  0.577175  0.676954  0.174122  0.257411  0.671606  0.579267  0.118381  0.274609  0.472897  0.379625  0.431143  0.166892  0.136509  0.238535  0.491799  0.174840  0.560546  0.133819  0.502670  0.762209  0.250947 0.0  0.184205  0.172192  0.476780  0.582652  0.193849  0.543303  0.567190  0.198822  0.180981  0.308273 
51  0.162239  0.324167  0.806041  0.521590  0.690516  0.672505  0.193030  0.195546  0.227473  0.139215  0.191454  0.251320  0.212705  0.171054  0.258946  0.651320  0.684223  0.316502  0.242145  0.116440  0.596755  0.581675  0.362512  0.639688  0.265846  0.256973  0.613275  0.186778  0.824219  0.582942  0.638329  0.278157  0.340252  0.695683  0.538229  0.210500  0.217588  0.585934  0.485907  0.559648  0.222632  0.162770  0.310873  0.516662  0.161935  0.662833  0.161277  0.598279  0.762483  0.188169  0.184205 0.0  0.252247  0.514323  0.557770  0.259322  0.554003  0.585003  0.222075  0.226111  0.323458 
52  0.264728  0.376515  0.664554  0.738692  0.550627  0.520372  0.253706  0.243497  0.220100  0.244579  0.182359  0.124922  0.182803  0.200283  0.188460  0.616558  0.566471  0.210779  0.220321  0.232731  0.598537  0.552524  0.394518  0.563680  0.146741  0.153145  0.753548  0.231675  0.752023  0.808153  0.639989  0.113804  0.347202  0.704324  0.563761  0.163483  0.325077  0.491441  0.440273  0.484968  0.231590  0.229741  0.205038  0.442862  0.228764  0.574195  0.239923  0.487339  0.737820  0.308651  0.172192  0.252247 0.0  0.455741  0.464753  0.235005  0.651407  0.484247  0.209825  0.197616  0.343263 
53  0.431168  0.247141  0.313176  0.288138  0.238963  0.147279  0.583523  0.387749  0.595869  0.574193  0.414923  0.475487  0.553414  0.638213  0.563505  0.239544  0.209816  0.539205  0.610661  0.510813  0.133547  0.112402  0.263456  0.198167  0.447774  0.477571  0.320363  0.410233  0.235638  0.250774  0.229320  0.516380  0.325588  0.306481  0.168086  0.459180  0.764011  0.104128  0.236249  0.144713  0.435657  0.492022  0.400603  0.117525  0.471644  0.197530  0.476762  0.117174  0.376309  0.575415  0.476780  0.514323  0.455741 0.0  0.125295  0.382117  0.213358  0.102756  0.621292  0.573989  0.292507 
54  0.412103  0.320765  0.314538  0.244843  0.223020  0.118671  0.655040  0.408355  0.722584  0.572873  0.565708  0.555206  0.589609  0.526764  0.586443  0.173646  0.185099  0.742322  0.592635  0.525307  0.113982  0.097389  0.288244  0.169294  0.343534  0.503341  0.254860  0.503867  0.226907  0.248121  0.201988  0.570821  0.296580  0.262589  0.116948  0.512450  0.695436  0.094390  0.231972  0.128964  0.450234  0.563596  0.366475  0.089976  0.523544  0.142774  0.505271  0.108125  0.320967  0.623855  0.582652  0.557770  0.464753  0.125295 0.0  0.403197  0.175332  0.107433  0.588727  0.549442  0.300446 
55  0.191390  0.219076  0.526776  0.641175  0.531642  0.434066  0.290851  0.168852  0.319176  0.355895  0.203400  0.261541  0.272871  0.282564  0.305782  0.470803  0.509499  0.368226  0.370195  0.246565  0.426465  0.407910  0.242880  0.466249  0.161121  0.155519  0.518089  0.188195  0.563600  0.472909  0.477870  0.264666  0.164639  0.616110  0.379144  0.179328  0.391950  0.403242  0.333293  0.378883  0.140526  0.260227  0.152506  0.430487  0.211970  0.432896  0.188427  0.370759  0.607347  0.370382  0.193849  0.259322  0.235005  0.382117  0.403197 0.0  0.429285  0.426883  0.350313  0.267948  0.191153 
56  0.490663  0.285702  0.316351  0.283156  0.250701  0.199484  0.562721  0.463167  0.639361  0.574393  0.544395  0.598584  0.680111  0.672305  0.671621  0.129734  0.169046  0.770647  0.579657  0.532432  0.201625  0.215505  0.323488  0.209723  0.507986  0.548439  0.214463  0.358746  0.235532  0.171439  0.254232  0.569719  0.318160  0.256430  0.158447  0.534514  0.703927  0.186315  0.194797  0.147429  0.477405  0.708027  0.420266  0.185505  0.519184  0.155648  0.573214  0.203922  0.334493  0.700797  0.543303  0.554003  0.651407  0.213358  0.175332  0.429285 0.0  0.203521  0.650133  0.598329  0.339687 
57  0.420967  0.327033  0.300020  0.292636  0.223428  0.116257  0.606952  0.395694  0.688268  0.598014  0.466686  0.592769  0.553576  0.559360  0.710547  0.201989  0.205490  0.557421  0.657635  0.426478  0.122333  0.085882  0.297537  0.173643  0.364046  0.422677  0.256923  0.495713  0.263747  0.266135  0.252603  0.590878  0.302154  0.249710  0.131001  0.483807  0.705496  0.093335  0.226945  0.127877  0.396590  0.499277  0.344047  0.096041  0.546653  0.163455  0.451757  0.099095  0.390875  0.621012  0.567190  0.585003  0.484247  0.102756  0.107433  0.426883  0.203521 0.0  0.506830  0.579669  0.338749 
58  0.246782  0.483488  0.786013  0.763933  0.961375  0.640865  0.127047  0.241707  0.104830  0.193126  0.182550  0.157880  0.103834  0.142524  0.129253  0.626640  0.789944  0.210752  0.109086  0.225953  0.726835  0.531601  0.426695  0.676173  0.226003  0.254191  0.848732  0.272440  0.801770  0.692568  0.726643  0.169260  0.377311  0.755521  0.770469  0.215106  0.230856  0.578184  0.529240  0.605642  0.264588  0.176601  0.311564  0.688242  0.253084  0.755825  0.176977  0.565868  0.945079  0.202779  0.198822  0.222075  0.209825  0.621292  0.588727  0.350313  0.650133  0.506830 0.0  0.088913  0.421347 
59  0.288806  0.428771  0.746055  0.794891  0.709516  0.736859  0.126380  0.289021  0.100239  0.174746  0.193460  0.166577  0.099063  0.131318  0.127525  0.766056  0.723771  0.241136  0.111511  0.245810  0.617269  0.640807  0.393378  0.600509  0.244953  0.248172  0.899211  0.284027  0.851639  0.668932  0.751116  0.177158  0.386603  0.672544  0.575636  0.219001  0.247177  0.571742  0.517541  0.610779  0.255653  0.171984  0.284134  0.549850  0.236367  0.769689  0.213717  0.691022  0.809106  0.205034  0.180981  0.226111  0.197616  0.573989  0.549442  0.267948  0.598329  0.579669  0.088913 0.0  0.351870 
60  0.243610  0.102319  0.505582  0.505966  0.425629  0.381701  0.409232  0.203700  0.449313  0.341151  0.258754  0.334126  0.377832  0.331900  0.395369  0.352783  0.417793  0.435167  0.448775  0.320803  0.386698  0.336220  0.122689  0.412962  0.282169  0.276322  0.379772  0.202026  0.520148  0.479853  0.393782  0.401568  0.120252  0.442922  0.407314  0.279440  0.456939  0.334838  0.193501  0.300881  0.242224  0.302476  0.269136  0.311500  0.240598  0.429378  0.279761  0.367027  0.515187  0.423464  0.308273  0.323458  0.343263  0.292507  0.300446  0.191153  0.339687  0.338749  0.421347  0.351870 0.0 
