61
0 0.0  0.259420  0.742365  0.815787  0.624267  0.522706  0.258510  0.189877  0.271297  0.146206  0.241072  0.256158  0.316515  0.227483  0.240556  0.678728  0.455479  0.407990  0.301289  0.207945  0.596637  0.519876  0.313119  0.588639  0.197436  0.190669  0.607637  0.093311  0.702173  0.614796  0.652116  0.374906  0.286311  0.741827  0.569566  0.244771  0.369293  0.534506  0.472660  0.485363  0.190930  0.274874  0.335021  0.507181  0.199492  0.599939  0.149383  0.519829  0.837885  0.355597  0.184858  0.220236  0.276794  0.426690  0.450405  0.245096  0.502701  0.550783  0.241708  0.340410  0.308121 
1  0.259420 0.0  0.624091  0.516423  0.528129  0.294054  0.441679  0.195406  0.480001  0.471471  0.344754  0.332460  0.482391  0.417110  0.430293  0.346500  0.397699  0.502018  0.510936  0.288135  0.422531  0.310642  0.093311  0.427909  0.405747  0.336057  0.469520  0.148395  0.626020  0.456892  0.489556  0.379192  0.182708  0.507926  0.317160  0.257367  0.457982  0.342648  0.181158  0.242405  0.249563  0.224773  0.339172  0.316317  0.287703  0.344726  0.328044  0.274694  0.547303  0.415389  0.357629  0.366338  0.462478  0.265418  0.344663  0.258264  0.357208  0.391634  0.471843  0.390602  0.093311 
2  0.742365  0.624091 0.0  0.093311  0.143025  0.320376  0.939281  0.746806  0.799649  0.845813  0.742715  0.787219  0.873619  0.847048  0.759464  0.309924  0.177710  0.895939  0.880150  0.771945  0.281684  0.366957  0.561541  0.162524  0.739760  0.651877  0.285786  0.649922  0.093311  0.160185  0.192302  0.791006  0.594193  0.205014  0.206228  0.799166  0.905091  0.389781  0.490406  0.466234  0.560692  0.806017  0.614197  0.297218  0.684044  0.303759  0.807587  0.282844  0.311738  0.834770  0.764203  0.829346  0.793571  0.276862  0.246949  0.710025  0.312704  0.309506  0.829282  0.839243  0.538345 
3  0.815787  0.516423  0.093311 0.0  0.112537  0.287859  0.743185  0.658711  0.772047  0.843835  0.752463  0.918620  0.927236  0.752869  0.798403  0.229194  0.237646  0.920597  0.854945  0.780035  0.303132  0.367879  0.470393  0.307377  0.607398  0.673870  0.201992  0.735193  0.163454  0.217925  0.124131  0.843800  0.611656  0.141073  0.295614  0.738835  0.966543  0.251304  0.442638  0.328031  0.642558  0.710346  0.568149  0.241277  0.562764  0.150229  0.763091  0.240381  0.148066  0.889958  0.797296  0.833942  0.702352  0.329234  0.201876  0.561376  0.348913  0.322728  0.870804  0.786974  0.557028 
4  0.624267  0.528129  0.143025  0.112537 0.0  0.318148  0.755998  0.651784  0.861297  0.735859  0.718310  0.771805  0.783903  0.717156  0.780209  0.215966  0.199244  0.853554  0.846254  0.685049  0.164779  0.319812  0.505701  0.161190  0.712805  0.571045  0.213394  0.631964  0.160702  0.094487  0.102888  0.681197  0.383367  0.119822  0.231682  0.693006  0.843230  0.182721  0.501652  0.204527  0.596222  0.655176  0.632172  0.108061  0.474831  0.211187  0.647824  0.213789  0.245132  0.814463  0.697103  0.699156  0.714574  0.232186  0.218981  0.624332  0.230497  0.278144  0.754065  0.785169  0.460605 
5  0.522706  0.294054  0.320376  0.287859  0.318148 0.0  0.505886  0.538473  0.736785  0.698406  0.572565  0.604245  0.674158  0.669369  0.589810  0.296733  0.264488  0.634500  0.683900  0.631131  0.093311  0.093311  0.299564  0.195757  0.630252  0.364625  0.296417  0.432249  0.273878  0.233387  0.194833  0.548350  0.309988  0.144904  0.129216  0.483582  0.781353  0.140921  0.334258  0.189244  0.517838  0.570288  0.414790  0.183469  0.573765  0.168564  0.596323  0.152585  0.368060  0.770603  0.575656  0.686440  0.511437  0.131613  0.163282  0.377604  0.272585  0.093311  0.620386  0.592688  0.397292 
6  0.258510  0.441679  0.939281  0.743185  0.755998  0.505886 0.0  0.287715  0.132632  0.125584  0.164070  0.237859  0.093311  0.093311  0.159159  0.712395  0.687181  0.175352  0.150699  0.197675  0.589261  0.752411  0.466170  0.817446  0.302779  0.238249  0.733989  0.284014  0.726822  0.653256  0.741813  0.304936  0.439988  0.859553  0.639048  0.301762  0.106657  0.566588  0.464673  0.541066  0.327293  0.235589  0.398870  0.662617  0.292129  0.795642  0.147018  0.661384  0.959450  0.264948  0.159898  0.297582  0.261611  0.639358  0.612699  0.287255  0.636220  0.542927  0.153215  0.261274  0.497509 
7  0.189877  0.195406  0.746806  0.658711  0.651784  0.538473  0.287715 0.0  0.296045  0.129468  0.299804  0.201476  0.352630  0.232688  0.318444  0.555028  0.550023  0.433783  0.386218  0.248946  0.449173  0.435221  0.218526  0.646392  0.210523  0.194038  0.564695  0.113247  0.646930  0.660457  0.516021  0.254448  0.238534  0.631048  0.437107  0.120237  0.304775  0.412139  0.391320  0.463938  0.163603  0.121616  0.286848  0.352961  0.129789  0.456950  0.093311  0.501740  0.689336  0.346493  0.300399  0.182896  0.243425  0.398793  0.445852  0.106626  0.392848  0.417569  0.256324  0.378566  0.237148 
8  0.271297  0.480001  0.799649  0.772047  0.861297  0.736785  0.132632  0.296045 0.0  0.215529  0.219128  0.206401  0.096451  0.233484  0.208147  0.729450  0.692339  0.244560  0.233865  0.275353  0.675554  0.523512  0.423544  0.743537  0.309389  0.241081  0.868985  0.378271  0.896709  0.896626  0.825588  0.238809  0.446278  0.871263  0.711058  0.356018  0.296807  0.680933  0.598760  0.518386  0.184980  0.199668  0.496414  0.668598  0.318407  0.801750  0.129762  0.645677  0.945306  0.206737  0.224382  0.286855  0.259908  0.591954  0.773704  0.342431  0.743192  0.613057  0.122832  0.179341  0.482892 
9  0.146206  0.471471  0.845813  0.843835  0.735859  0.698406  0.125584  0.129468  0.215529 0.0  0.217300  0.176493  0.305090  0.093311  0.137632  0.791855  0.706273  0.246505  0.249562  0.156262  0.717647  0.611442  0.403543  0.693189  0.309764  0.256420  0.694436  0.212146  0.810678  0.751978  0.807349  0.262687  0.382472  0.846669  0.762273  0.336387  0.118426  0.669655  0.524850  0.554378  0.239650  0.239042  0.338255  0.648434  0.285929  0.602855  0.174926  0.556509  0.859453  0.093311  0.186337  0.176171  0.346682  0.656740  0.605073  0.385946  0.687188  0.686724  0.124771  0.116556  0.321994 
10  0.241072  0.344754  0.742715  0.752463  0.718310  0.572565  0.164070  0.299804  0.219128  0.217300 0.0  0.215414  0.238374  0.194299  0.208363  0.521557  0.573493  0.312033  0.205087  0.190291  0.550525  0.495891  0.419233  0.605473  0.190986  0.093311  0.762208  0.179077  0.641952  0.635460  0.637587  0.234250  0.264123  0.628069  0.473911  0.168603  0.258738  0.577258  0.405551  0.525007  0.147290  0.199945  0.296326  0.474516  0.157125  0.575509  0.115200  0.488452  0.771552  0.211525  0.093311  0.228238  0.167581  0.428860  0.472936  0.257601  0.541980  0.472526  0.275648  0.184209  0.318078 
11  0.256158  0.332460  0.787219  0.918620  0.771805  0.604245  0.237859  0.201476  0.206401  0.176493  0.215414 0.0  0.220895  0.161935  0.217611  0.702103  0.661525  0.255984  0.154275  0.192700  0.464495  0.595758  0.457716  0.662385  0.159391  0.244040  0.825049  0.296077  0.650492  0.661803  0.716805  0.162306  0.364226  0.707246  0.567256  0.256782  0.239078  0.601979  0.519240  0.489079  0.224129  0.093311  0.255463  0.538680  0.179502  0.576316  0.361889  0.536316  0.866925  0.316128  0.093311  0.252718  0.093311  0.469837  0.616539  0.234779  0.615289  0.594594  0.120275  0.147442  0.383582 
12  0.316515  0.482391  0.873619  0.927236  0.783903  0.674158  0.093311  0.352630  0.096451  0.305090  0.238374  0.220895 0.0  0.219786  0.205714  0.765412  0.820188  0.241159  0.105317  0.174633  0.593009  0.523830  0.430023  0.766331  0.334046  0.316748  0.710806  0.326544  0.773527  0.688345  0.814727  0.190095  0.465916  0.775548  0.650882  0.273107  0.260676  0.479991  0.584889  0.579238  0.226083  0.180571  0.319181  0.595563  0.247600  0.651794  0.236158  0.579177  0.950109  0.176818  0.093311  0.220636  0.291110  0.568586  0.625958  0.185154  0.711844  0.602598  0.093311  0.131368  0.431420 
13  0.227483  0.417110  0.847048  0.752869  0.717156  0.669369  0.093311  0.232688  0.233484  0.093311  0.194299  0.161935  0.219786 0.0  0.226356  0.785342  0.715776  0.254012  0.223847  0.201649  0.597672  0.518006  0.543852  0.598867  0.287363  0.307879  0.803197  0.252531  0.797884  0.607922  0.835870  0.236958  0.430314  0.821666  0.690535  0.189483  0.149939  0.611388  0.465027  0.647657  0.284884  0.176955  0.268795  0.644319  0.235304  0.759361  0.140580  0.653710  0.869320  0.211133  0.141297  0.101906  0.221567  0.582410  0.723476  0.273057  0.709151  0.685131  0.093311  0.237527  0.376358 
14  0.240556  0.430293  0.759464  0.798403  0.780209  0.589810  0.159159  0.318444  0.208147  0.137632  0.208363  0.217611  0.205714  0.226356 0.0  0.736805  0.663444  0.230642  0.196471  0.215663  0.570044  0.601600  0.395776  0.805290  0.246851  0.230994  0.781198  0.374064  0.785927  0.686455  0.765435  0.148030  0.429440  0.820123  0.644887  0.193623  0.238811  0.621529  0.548628  0.648805  0.427969  0.234767  0.294681  0.650640  0.346365  0.675421  0.238760  0.623118  0.975556  0.349639  0.197445  0.321339  0.217605  0.725272  0.660854  0.311979  0.662231  0.601375  0.122715  0.193269  0.422295 
15  0.678728  0.346500  0.309924  0.229194  0.215966  0.296733  0.712395  0.555028  0.729450  0.791855  0.521557  0.702103  0.765412  0.785342  0.736805 0.0  0.193015  0.815928  0.831760  0.646074  0.233261  0.270777  0.330485  0.208735  0.649954  0.549808  0.183126  0.710003  0.288343  0.132087  0.333488  0.579207  0.320632  0.203871  0.146565  0.555027  0.647181  0.214765  0.251242  0.176341  0.590330  0.627502  0.487912  0.273111  0.679247  0.097711  0.619277  0.204062  0.213986  0.651798  0.591307  0.689191  0.583162  0.276786  0.228196  0.454252  0.123907  0.148929  0.673246  0.708984  0.407493 
16  0.455479  0.397699  0.177710  0.237646  0.199244  0.264488  0.687181  0.550023  0.692339  0.706273  0.573493  0.661525  0.820188  0.715776  0.663444  0.193015 0.0  0.693838  0.713043  0.646326  0.180125  0.110708  0.448463  0.140063  0.642468  0.656521  0.202278  0.614984  0.178372  0.210959  0.185378  0.761721  0.389373  0.223646  0.093311  0.612355  0.771368  0.240752  0.257041  0.222412  0.643375  0.667483  0.455400  0.225339  0.564444  0.093311  0.635068  0.228315  0.297081  0.731556  0.579893  0.621928  0.584042  0.179045  0.187857  0.547624  0.136356  0.126261  0.669711  0.719857  0.472195 
17  0.407990  0.502018  0.895939  0.920597  0.853554  0.634500  0.175352  0.433783  0.244560  0.246505  0.312033  0.255984  0.241159  0.254012  0.230642  0.815928  0.693838 0.0  0.352120  0.244558  0.781228  0.562947  0.448003  0.707908  0.297330  0.283366  0.851254  0.403695  0.918536  0.839339  0.791452  0.129234  0.419108  0.821432  0.592650  0.274619  0.347582  0.694226  0.642019  0.621193  0.466253  0.244431  0.436550  0.749032  0.353130  0.665633  0.395855  0.692085  0.990555  0.316070  0.326446  0.468398  0.201422  0.689932  0.610165  0.468111  0.726257  0.654604  0.252769  0.093311  0.610784 
18  0.301289  0.510936  0.880150  0.854945  0.846254  0.683900  0.150699  0.386218  0.233865  0.249562  0.205087  0.154275  0.105317  0.223847  0.196471  0.831760  0.713043  0.352120 0.0  0.180618  0.695726  0.594785  0.412777  0.748616  0.367738  0.243021  0.903628  0.347102  0.825124  0.849127  0.718459  0.297805  0.445260  0.785327  0.684621  0.209315  0.301069  0.666157  0.652156  0.661830  0.278860  0.126738  0.325289  0.618152  0.273753  0.693495  0.296988  0.644746  0.919423  0.325567  0.175630  0.326079  0.225221  0.631288  0.610032  0.324540  0.792440  0.796718  0.196324  0.220047  0.359119 
19  0.207945  0.288135  0.771945  0.780035  0.685049  0.631131  0.197675  0.248946  0.275353  0.156262  0.190291  0.192700  0.174633  0.201649  0.215663  0.646074  0.646326  0.244558  0.180618 0.0  0.585658  0.538356  0.382015  0.733257  0.288454  0.271117  0.599750  0.143100  0.688593  0.704259  0.725452  0.188740  0.339158  0.719471  0.616104  0.096358  0.243068  0.512536  0.564627  0.608131  0.206166  0.153826  0.378695  0.589638  0.114376  0.683447  0.220227  0.602750  0.810609  0.193856  0.271491  0.113156  0.197191  0.509052  0.498065  0.230236  0.500007  0.614468  0.179474  0.216065  0.281882 
20  0.596637  0.422531  0.281684  0.303132  0.164779  0.093311  0.589261  0.449173  0.675554  0.717647  0.550525  0.464495  0.593009  0.597672  0.570044  0.233261  0.180125  0.781228  0.695726  0.585658 0.0  0.112489  0.356416  0.093311  0.522259  0.549259  0.340582  0.434293  0.135726  0.229405  0.170561  0.501941  0.448781  0.284700  0.093311  0.530836  0.737538  0.093311  0.265103  0.136501  0.469390  0.615148  0.474480  0.148784  0.585512  0.168327  0.583118  0.153663  0.475153  0.821564  0.618805  0.533757  0.640393  0.138252  0.118158  0.367673  0.200957  0.138020  0.765644  0.702827  0.342683 
21  0.519876  0.310642  0.366957  0.367879  0.319812  0.093311  0.752411  0.435221  0.523512  0.611442  0.495891  0.595758  0.523830  0.518006  0.601600  0.270777  0.110708  0.562947  0.594785  0.538356  0.112489 0.0  0.303836  0.240434  0.555874  0.512799  0.308077  0.508906  0.175210  0.210851  0.167031  0.549164  0.411789  0.248886  0.115127  0.462488  0.740069  0.093311  0.166999  0.137498  0.488665  0.589631  0.331516  0.119935  0.468444  0.096867  0.512477  0.170077  0.431095  0.604627  0.544327  0.539576  0.478112  0.173556  0.200439  0.453277  0.209137  0.098798  0.694603  0.613744  0.301178 
22  0.313119  0.093311  0.561541  0.470393  0.505701  0.299564  0.466170  0.218526  0.423544  0.403543  0.419233  0.457716  0.430023  0.543852  0.395776  0.330485  0.448463  0.448003  0.412777  0.382015  0.356416  0.303836 0.0  0.371370  0.369203  0.307630  0.371402  0.220995  0.361114  0.501213  0.516295  0.337668  0.122678  0.508336  0.340678  0.306434  0.466344  0.469466  0.199158  0.322156  0.194522  0.440138  0.289182  0.289675  0.331303  0.361841  0.417888  0.257757  0.620366  0.504179  0.274947  0.493455  0.452773  0.369740  0.336828  0.295508  0.343716  0.294243  0.328288  0.516628  0.170738 
23  0.588639  0.427909  0.162524  0.307377  0.161190  0.195757  0.817446  0.646392  0.743537  0.693189  0.605473  0.662385  0.766331  0.598867  0.805290  0.208735  0.140063  0.707908  0.748616  0.733257  0.093311  0.240434  0.371370 0.0  0.571090  0.460978  0.280630  0.635140  0.207614  0.297062  0.146718  0.634444  0.332141  0.303687  0.249773  0.631260  0.705770  0.153878  0.377216  0.275488  0.513072  0.655724  0.473205  0.297107  0.588818  0.108034  0.708315  0.171213  0.296040  0.729706  0.597486  0.684975  0.552127  0.159827  0.182572  0.523768  0.240315  0.252372  0.764800  0.714560  0.440576 
24  0.197436  0.405747  0.739760  0.607398  0.712805  0.630252  0.302779  0.210523  0.309389  0.309764  0.190986  0.159391  0.334046  0.287363  0.246851  0.649954  0.642468  0.297330  0.367738  0.288454  0.522259  0.555874  0.369203  0.571090 0.0  0.115100  0.635355  0.271994  0.608272  0.704961  0.611501  0.297399  0.260823  0.543670  0.439150  0.121090  0.384308  0.480997  0.421630  0.606361  0.301644  0.136282  0.271748  0.527846  0.246622  0.602888  0.225656  0.447193  0.748422  0.408936  0.242399  0.243340  0.118589  0.473797  0.498134  0.219159  0.521372  0.526530  0.202344  0.295212  0.308862 
25  0.190669  0.336057  0.651877  0.673870  0.571045  0.364625  0.238249  0.194038  0.241081  0.256420  0.093311  0.244040  0.316748  0.307879  0.230994  0.549808  0.656521  0.283366  0.243021  0.271117  0.549259  0.512799  0.307630  0.460978  0.115100 0.0  0.479782  0.214763  0.602343  0.603633  0.594933  0.093311  0.223289  0.649308  0.584448  0.192070  0.382717  0.491665  0.401388  0.368960  0.102247  0.161785  0.161836  0.469103  0.262850  0.464590  0.232670  0.546491  0.820299  0.300330  0.138284  0.266846  0.131626  0.371099  0.509464  0.182974  0.588009  0.350364  0.293183  0.244429  0.264476 
26  0.607637  0.469520  0.285786  0.201992  0.213394  0.296417  0.733989  0.564695  0.868985  0.694436  0.762208  0.825049  0.710806  0.803197  0.781198  0.183126  0.202278  0.851254  0.903628  0.599750  0.340582  0.308077  0.371402  0.280630  0.635355  0.479782 0.0  0.537493  0.194896  0.093311  0.216459  0.838070  0.483644  0.152566  0.234121  0.554951  0.820657  0.184440  0.330993  0.282695  0.707837  0.743056  0.592367  0.299208  0.617127  0.204238  0.701787  0.326449  0.213065  0.936112  0.645571  0.702628  0.655258  0.397469  0.194896  0.643043  0.148185  0.263674  0.827423  0.808701  0.417295 
27  0.093311  0.148395  0.649922  0.735193  0.631964  0.432249  0.284014  0.113247  0.378271  0.212146  0.179077  0.296077  0.326544  0.252531  0.374064  0.710003  0.614984  0.403695  0.347102  0.143100  0.434293  0.508906  0.220995  0.635140  0.271994  0.214763  0.537493 0.0  0.705813  0.506061  0.784759  0.323434  0.122428  0.655226  0.411719  0.184757  0.295614  0.459172  0.359282  0.435531  0.112931  0.212387  0.250461  0.456515  0.131842  0.588984  0.184465  0.494515  0.761019  0.153800  0.163570  0.212835  0.318786  0.394105  0.487421  0.278619  0.531762  0.548504  0.287868  0.306197  0.281463 
28  0.702173  0.626020  0.093311  0.163454  0.160702  0.273878  0.726822  0.646930  0.896709  0.810678  0.641952  0.650492  0.773527  0.797884  0.785927  0.288343  0.178372  0.918536  0.825124  0.688593  0.135726  0.175210  0.361114  0.207614  0.608272  0.602343  0.194896  0.705813 0.0  0.215328  0.166288  0.610693  0.458660  0.093311  0.232644  0.584139  0.969478  0.199764  0.322175  0.305453  0.494631  0.630807  0.647872  0.271358  0.705498  0.160891  0.564782  0.335488  0.272557  0.826828  0.672255  0.771452  0.700289  0.296807  0.234798  0.573515  0.388499  0.153596  0.828740  0.866198  0.465422 
29  0.614796  0.456892  0.160185  0.217925  0.094487  0.233387  0.653256  0.660457  0.896626  0.751978  0.635460  0.661803  0.688345  0.607922  0.686455  0.132087  0.210959  0.839339  0.849127  0.704259  0.229405  0.210851  0.501213  0.297062  0.704961  0.603633  0.093311  0.506061  0.215328 0.0  0.155293  0.773704  0.486910  0.093311  0.160051  0.724577  0.810915  0.257905  0.341840  0.223620  0.587378  0.534373  0.626244  0.226708  0.627367  0.223916  0.617570  0.233836  0.093311  0.708924  0.716298  0.693735  0.766256  0.207261  0.282358  0.505451  0.286623  0.273453  0.792294  0.737232  0.432670 
30  0.652116  0.489556  0.192302  0.124131  0.102888  0.194833  0.741813  0.516021  0.825588  0.807349  0.637587  0.716805  0.814727  0.835870  0.765435  0.333488  0.185378  0.791452  0.718459  0.725452  0.170561  0.167031  0.516295  0.146718  0.611501  0.594933  0.216459  0.784759  0.166288  0.155293 0.0  0.710986  0.399267  0.120222  0.287296  0.551786  0.777746  0.291702  0.340235  0.216486  0.381270  0.736856  0.608355  0.260635  0.651620  0.190577  0.707389  0.204646  0.407037  0.807678  0.772226  0.770357  0.594418  0.193478  0.267697  0.593297  0.229416  0.209817  0.889643  0.707852  0.501923 
31  0.374906  0.379192  0.791006  0.843800  0.681197  0.548350  0.304936  0.254448  0.238809  0.262687  0.234250  0.162306  0.190095  0.236958  0.148030  0.579207  0.761721  0.129234  0.297805  0.188740  0.501941  0.549164  0.337668  0.634444  0.297399  0.093311  0.838070  0.323434  0.610693  0.773704  0.710986 0.0  0.255876  0.620650  0.605047  0.269958  0.475565  0.441239  0.425740  0.669909  0.425387  0.267569  0.327818  0.447470  0.286952  0.596435  0.228851  0.554023  0.818998  0.274083  0.318078  0.335759  0.203835  0.557311  0.588204  0.267168  0.644057  0.567754  0.245465  0.322699  0.386829 
32  0.286311  0.182708  0.594193  0.611656  0.383367  0.309988  0.439988  0.238534  0.446278  0.382472  0.264123  0.364226  0.465916  0.430314  0.429440  0.320632  0.389373  0.419108  0.445260  0.339158  0.448781  0.411789  0.122678  0.332141  0.260823  0.223289  0.483644  0.122428  0.458660  0.486910  0.399267  0.255876 0.0  0.458232  0.518826  0.269456  0.530852  0.334951  0.232308  0.242253  0.165151  0.363426  0.279088  0.372228  0.298920  0.372022  0.278649  0.309118  0.619376  0.401814  0.349699  0.403856  0.381069  0.266040  0.332573  0.258817  0.413616  0.320267  0.405815  0.331231  0.158327 
33  0.741827  0.507926  0.205014  0.141073  0.119822  0.144904  0.859553  0.631048  0.871263  0.846669  0.628069  0.707246  0.775548  0.821666  0.820123  0.203871  0.223646  0.821432  0.785327  0.719471  0.284700  0.248886  0.508336  0.303687  0.543670  0.649308  0.152566  0.655226  0.093311  0.093311  0.120222  0.620650  0.458232 0.0  0.230594  0.700537  0.935128  0.224686  0.365333  0.238530  0.646033  0.744898  0.675176  0.308491  0.725554  0.239805  0.759671  0.240861  0.264387  0.829448  0.678780  0.850326  0.784517  0.356600  0.298247  0.489708  0.207789  0.339932  0.916812  0.784506  0.500007 
34  0.569566  0.317160  0.206228  0.295614  0.231682  0.129216  0.639048  0.437107  0.711058  0.762273  0.473911  0.567256  0.650882  0.690535  0.644887  0.146565  0.093311  0.592650  0.684621  0.616104  0.093311  0.115127  0.340678  0.249773  0.439150  0.584448  0.234121  0.411719  0.232644  0.160051  0.287296  0.605047  0.518826  0.230594 0.0  0.530822  0.749544  0.162792  0.296036  0.232511  0.643206  0.671386  0.454789  0.108735  0.485742  0.093311  0.469920  0.093311  0.347895  0.646347  0.593017  0.668651  0.502826  0.197821  0.093311  0.410683  0.200062  0.149854  0.780978  0.684918  0.390264 
35  0.244771  0.257367  0.799166  0.738835  0.693006  0.483582  0.301762  0.120237  0.356018  0.336387  0.168603  0.256782  0.273107  0.189483  0.193623  0.555027  0.612355  0.274619  0.209315  0.096358  0.530836  0.462488  0.306434  0.631260  0.121090  0.192070  0.554951  0.184757  0.584139  0.724577  0.551786  0.269958  0.269456  0.700537  0.530822 0.0  0.287754  0.514614  0.479788  0.502114  0.126593  0.334159  0.103543  0.460646  0.149209  0.577308  0.275141  0.445559  0.744345  0.325145  0.201719  0.184015  0.162098  0.447549  0.504709  0.136065  0.552947  0.482075  0.218588  0.243239  0.344053 
36  0.369293  0.457982  0.905091  0.966543  0.843230  0.781353  0.106657  0.304775  0.296807  0.118426  0.258738  0.239078  0.260676  0.149939  0.238811  0.647181  0.771368  0.347582  0.301069  0.243068  0.737538  0.740069  0.466344  0.705770  0.384308  0.382717  0.820657  0.295614  0.969478  0.810915  0.777746  0.475565  0.530852  0.935128  0.749544  0.287754 0.0  0.832248  0.529293  0.635971  0.302121  0.251163  0.390371  0.598259  0.269883  0.849788  0.276035  0.581395  0.923529  0.093311  0.246784  0.093311  0.324715  0.667912  0.858908  0.416288  0.770449  0.594823  0.236496  0.178517  0.538053 
37  0.534506  0.342648  0.389781  0.251304  0.182721  0.140921  0.566588  0.412139  0.680933  0.669655  0.577258  0.601979  0.479991  0.611388  0.621529  0.214765  0.240752  0.694226  0.666157  0.512536  0.093311  0.093311  0.469466  0.153878  0.480997  0.491665  0.184440  0.459172  0.199764  0.257905  0.291702  0.441239  0.334951  0.224686  0.162792  0.514614  0.832248 0.0  0.293929  0.093311  0.404297  0.535743  0.356758  0.116957  0.534893  0.173884  0.426926  0.180437  0.386641  0.679369  0.544913  0.626418  0.544223  0.129969  0.093311  0.450672  0.230239  0.093311  0.577900  0.596724  0.234154 
38  0.472660  0.181158  0.490406  0.442638  0.501652  0.334258  0.464673  0.391320  0.598760  0.524850  0.405551  0.519240  0.584889  0.465027  0.548628  0.251242  0.257041  0.642019  0.652156  0.564627  0.265103  0.166999  0.199158  0.377216  0.421630  0.401388  0.330993  0.359282  0.322175  0.341840  0.340235  0.425740  0.232308  0.365333  0.296036  0.479788  0.529293  0.293929 0.0  0.187928  0.411432  0.470510  0.296912  0.265910  0.411605  0.181625  0.444060  0.320417  0.474177  0.588791  0.470669  0.470785  0.501063  0.323525  0.294409  0.346182  0.281792  0.247993  0.559256  0.515048  0.273453 
39  0.485363  0.242405  0.466234  0.328031  0.204527  0.189244  0.541066  0.463938  0.518386  0.554378  0.525007  0.489079  0.579238  0.647657  0.648805  0.176341  0.222412  0.621193  0.661830  0.608131  0.136501  0.137498  0.322156  0.275488  0.606361  0.368960  0.282695  0.435531  0.305453  0.223620  0.216486  0.669909  0.242253  0.238530  0.232511  0.502114  0.635971  0.093311  0.187928 0.0  0.411562  0.531845  0.308174  0.106780  0.421413  0.195654  0.537975  0.131768  0.433706  0.683323  0.448133  0.557571  0.546162  0.093311  0.231899  0.464150  0.208437  0.126410  0.600727  0.678153  0.322254 
40  0.190930  0.249563  0.560692  0.642558  0.596222  0.517838  0.327293  0.163603  0.184980  0.239650  0.147290  0.224129  0.226083  0.284884  0.427969  0.590330  0.643375  0.466253  0.278860  0.206166  0.469390  0.488665  0.194522  0.513072  0.301644  0.102247  0.707837  0.112931  0.494631  0.587378  0.381270  0.425387  0.165151  0.646033  0.643206  0.126593  0.302121  0.404297  0.411432  0.411562 0.0  0.193371  0.227581  0.473558  0.094365  0.526381  0.103848  0.514184  0.733653  0.306556  0.171264  0.283356  0.312644  0.404066  0.455679  0.199819  0.481253  0.316769  0.270395  0.276938  0.217899 
41  0.274874  0.224773  0.806017  0.710346  0.655176  0.570288  0.235589  0.121616  0.199668  0.239042  0.199945  0.093311  0.180571  0.176955  0.234767  0.627502  0.667483  0.244431  0.126738  0.153826  0.615148  0.589631  0.440138  0.655724  0.136282  0.161785  0.743056  0.212387  0.630807  0.534373  0.736856  0.267569  0.363426  0.744898  0.671386  0.334159  0.251163  0.535743  0.470510  0.531845  0.193371 0.0  0.258029  0.451175  0.191442  0.597627  0.182039  0.597817  0.822189  0.093311  0.093311  0.093311  0.261743  0.501155  0.702402  0.116817  0.532661  0.581277  0.203422  0.213715  0.298911 
42  0.335021  0.339172  0.614197  0.568149  0.632172  0.414790  0.398870  0.286848  0.496414  0.338255  0.296326  0.255463  0.319181  0.268795  0.294681  0.487912  0.455400  0.436550  0.325289  0.378695  0.474480  0.331516  0.289182  0.473205  0.271748  0.161836  0.592367  0.250461  0.647872  0.626244  0.608355  0.327818  0.279088  0.675176  0.454789  0.103543  0.390371  0.356758  0.296912  0.308174  0.227581  0.258029 0.0  0.321744  0.325178  0.528263  0.173123  0.477221  0.534475  0.418492  0.212720  0.393322  0.185939  0.242101  0.523170  0.111442  0.631017  0.446136  0.355758  0.279283  0.385082 
43  0.507181  0.316317  0.297218  0.241277  0.108061  0.183469  0.662617  0.352961  0.668598  0.648434  0.474516  0.538680  0.595563  0.644319  0.650640  0.273111  0.225339  0.749032  0.618152  0.589638  0.148784  0.119935  0.289675  0.297107  0.527846  0.469103  0.299208  0.456515  0.271358  0.226708  0.260635  0.447470  0.372228  0.308491  0.108735  0.460646  0.598259  0.116957  0.265910  0.106780  0.473558  0.451175  0.321744 0.0  0.483204  0.152689  0.466638  0.093311  0.399262  0.666112  0.551724  0.637595  0.492207  0.202477  0.093311  0.439149  0.206853  0.093311  0.573005  0.628083  0.340834 
44  0.199492  0.287703  0.684044  0.562764  0.474831  0.573765  0.292129  0.129789  0.318407  0.285929  0.157125  0.179502  0.247600  0.235304  0.346365  0.679247  0.564444  0.353130  0.273753  0.114376  0.585512  0.468444  0.331303  0.588818  0.246622  0.262850  0.617127  0.131842  0.705498  0.627367  0.651620  0.286952  0.298920  0.725554  0.485742  0.149209  0.269883  0.534893  0.411605  0.421413  0.094365  0.191442  0.325178  0.483204 0.0  0.539023  0.212008  0.467608  0.708485  0.260139  0.130845  0.122378  0.172032  0.518797  0.402252  0.095091  0.587898  0.512293  0.351038  0.203486  0.277902 
45  0.599939  0.344726  0.303759  0.150229  0.211187  0.168564  0.795642  0.456950  0.801750  0.602855  0.575509  0.576316  0.651794  0.759361  0.675421  0.097711  0.093311  0.665633  0.693495  0.683447  0.168327  0.096867  0.361841  0.108034  0.602888  0.464590  0.204238  0.588984  0.160891  0.223916  0.190577  0.596435  0.372022  0.239805  0.093311  0.577308  0.849788  0.173884  0.181625  0.195654  0.526381  0.597627  0.528263  0.152689  0.539023 0.0  0.605336  0.099305  0.274634  0.708448  0.660357  0.735145  0.540705  0.255652  0.183563  0.531060  0.128578  0.255938  0.634133  0.696862  0.319344 
46  0.149383  0.328044  0.807587  0.763091  0.647824  0.596323  0.147018  0.093311  0.129762  0.174926  0.115200  0.361889  0.236158  0.140580  0.238760  0.619277  0.635068  0.395855  0.296988  0.220227  0.583118  0.512477  0.417888  0.708315  0.225656  0.232670  0.701787  0.184465  0.564782  0.617570  0.707389  0.228851  0.278649  0.759671  0.469920  0.275141  0.276035  0.426926  0.444060  0.537975  0.103848  0.182039  0.173123  0.466638  0.212008  0.605336 0.0  0.536133  0.762906  0.310298  0.176966  0.136626  0.181647  0.680817  0.586743  0.261916  0.571730  0.473005  0.211428  0.224140  0.367611 
47  0.519829  0.274694  0.282844  0.240381  0.213789  0.152585  0.661384  0.501740  0.645677  0.556509  0.488452  0.536316  0.579177  0.653710  0.623118  0.204062  0.228315  0.692085  0.644746  0.602750  0.153663  0.170077  0.257757  0.171213  0.447193  0.546491  0.326449  0.494515  0.335488  0.233836  0.204646  0.554023  0.309118  0.240861  0.093311  0.445559  0.581395  0.180437  0.320417  0.131768  0.514184  0.597817  0.477221  0.093311  0.467608  0.099305  0.536133 0.0  0.305703  0.625305  0.610413  0.608802  0.511854  0.169971  0.182657  0.404386  0.274057  0.093311  0.574608  0.569386  0.356701 
48  0.837885  0.547303  0.311738  0.148066  0.245132  0.368060  0.959450  0.689336  0.945306  0.859453  0.771552  0.866925  0.950109  0.869320  0.975556  0.213986  0.297081  0.990555  0.919423  0.810609  0.475153  0.431095  0.620366  0.296040  0.748422  0.820299  0.213065  0.761019  0.272557  0.093311  0.407037  0.818998  0.619376  0.264387  0.347895  0.744345  0.923529  0.386641  0.474177  0.433706  0.733653  0.822189  0.534475  0.399262  0.708485  0.274634  0.762906  0.305703 0.0  1.000000  0.806545  0.850573  0.807087  0.281761  0.398689  0.567892  0.202934  0.390544  0.842023  0.983846  0.574920 
49  0.355597  0.415389  0.834770  0.889958  0.814463  0.770603  0.264948  0.346493  0.206737  0.093311  0.211525  0.316128  0.176818  0.211133  0.349639  0.651798  0.731556  0.316070  0.325567  0.193856  0.821564  0.604627  0.504179  0.729706  0.408936  0.300330  0.936112  0.153800  0.826828  0.708924  0.807678  0.274083  0.401814  0.829448  0.646347  0.325145  0.093311  0.679369  0.588791  0.683323  0.306556  0.093311  0.418492  0.666112  0.260139  0.708448  0.310298  0.625305  1.000000 0.0  0.288122  0.166519  0.344192  0.579375  0.591183  0.304527  0.671555  0.650181  0.263995  0.329104  0.416871 
50  0.184858  0.357629  0.764203  0.797296  0.697103  0.575656  0.159898  0.300399  0.224382  0.186337  0.093311  0.093311  0.093311  0.141297  0.197445  0.591307  0.579893  0.326446  0.175630  0.271491  0.618805  0.544327  0.274947  0.597486  0.242399  0.138284  0.645571  0.163570  0.672255  0.716298  0.772226  0.318078  0.349699  0.678780  0.593017  0.201719  0.246784  0.544913  0.470669  0.448133  0.171264  0.093311  0.212720  0.551724  0.130845  0.660357  0.176966  0.610413  0.806545  0.288122 0.0  0.146633  0.183432  0.450826  0.453959  0.354574  0.611937  0.542296  0.206386  0.213528  0.321775 
51  0.220236  0.366338  0.829346  0.833942  0.699156  0.686440  0.297582  0.182896  0.286855  0.176171  0.228238  0.252718  0.220636  0.101906  0.321339  0.689191  0.621928  0.468398  0.326079  0.113156  0.533757  0.539576  0.493455  0.684975  0.243340  0.266846  0.702628  0.212835  0.771452  0.693735  0.770357  0.335759  0.403856  0.850326  0.668651  0.184015  0.093311  0.626418  0.470785  0.557571  0.283356  0.093311  0.393322  0.637595  0.122378  0.735145  0.136626  0.608802  0.850573  0.166519  0.146633 0.0  0.345410  0.559539  0.553983  0.256578  0.604616  0.503547  0.171154  0.298134  0.284166 
52  0.276794  0.462478  0.793571  0.702352  0.714574  0.511437  0.261611  0.243425  0.259908  0.346682  0.167581  0.093311  0.291110  0.221567  0.217605  0.583162  0.584042  0.201422  0.225221  0.197191  0.640393  0.478112  0.452773  0.552127  0.118589  0.131626  0.655258  0.318786  0.700289  0.766256  0.594418  0.203835  0.381069  0.784517  0.502826  0.162098  0.324715  0.544223  0.501063  0.546162  0.312644  0.261743  0.185939  0.492207  0.172032  0.540705  0.181647  0.511854  0.807087  0.344192  0.183432  0.345410 0.0  0.570452  0.631356  0.271001  0.454515  0.493469  0.233447  0.292593  0.356114 
53  0.426690  0.265418  0.276862  0.329234  0.232186  0.131613  0.639358  0.398793  0.591954  0.656740  0.428860  0.469837  0.568586  0.582410  0.725272  0.276786  0.179045  0.689932  0.631288  0.509052  0.138252  0.173556  0.369740  0.159827  0.473797  0.371099  0.397469  0.394105  0.296807  0.207261  0.193478  0.557311  0.266040  0.356600  0.197821  0.447549  0.667912  0.129969  0.323525  0.093311  0.404066  0.501155  0.242101  0.202477  0.518797  0.255652  0.680817  0.169971  0.281761  0.579375  0.450826  0.559539  0.570452 0.0  0.157831  0.357524  0.331447  0.270220  0.591674  0.601304  0.316108 
54  0.450405  0.344663  0.246949  0.201876  0.218981  0.163282  0.612699  0.445852  0.773704  0.605073  0.472936  0.616539  0.625958  0.723476  0.660854  0.228196  0.187857  0.610165  0.610032  0.498065  0.118158  0.200439  0.336828  0.182572  0.498134  0.509464  0.194896  0.487421  0.234798  0.282358  0.267697  0.588204  0.332573  0.298247  0.093311  0.504709  0.858908  0.093311  0.294409  0.231899  0.455679  0.702402  0.523170  0.093311  0.402252  0.183563  0.586743  0.182657  0.398689  0.591183  0.453959  0.553983  0.631356  0.157831 0.0  0.459495  0.173133  0.093311  0.594593  0.642106  0.348250 
55  0.245096  0.258264  0.710025  0.561376  0.624332  0.377604  0.287255  0.106626  0.342431  0.385946  0.257601  0.234779  0.185154  0.273057  0.311979  0.454252  0.547624  0.468111  0.324540  0.230236  0.367673  0.453277  0.295508  0.523768  0.219159  0.182974  0.643043  0.278619  0.573515  0.505451  0.593297  0.267168  0.258817  0.489708  0.410683  0.136065  0.416288  0.450672  0.346182  0.464150  0.199819  0.116817  0.111442  0.439149  0.095091  0.531060  0.261916  0.404386  0.567892  0.304527  0.354574  0.256578  0.271001  0.357524  0.459495 0.0  0.425656  0.389370  0.284408  0.297137  0.287089 
56  0.502701  0.357208  0.312704  0.348913  0.230497  0.272585  0.636220  0.392848  0.743192  0.687188  0.541980  0.615289  0.711844  0.709151  0.662231  0.123907  0.136356  0.726257  0.792440  0.500007  0.200957  0.209137  0.343716  0.240315  0.521372  0.588009  0.148185  0.531762  0.388499  0.286623  0.229416  0.644057  0.413616  0.207789  0.200062  0.552947  0.770449  0.230239  0.281792  0.208437  0.481253  0.532661  0.631017  0.206853  0.587898  0.128578  0.571730  0.274057  0.202934  0.671555  0.611937  0.604616  0.454515  0.331447  0.173133  0.425656 0.0  0.197237  0.622773  0.671162  0.422410 
57  0.550783  0.391634  0.309506  0.322728  0.278144  0.093311  0.542927  0.417569  0.613057  0.686724  0.472526  0.594594  0.602598  0.685131  0.601375  0.148929  0.126261  0.654604  0.796718  0.614468  0.138020  0.098798  0.294243  0.252372  0.526530  0.350364  0.263674  0.548504  0.153596  0.273453  0.209817  0.567754  0.320267  0.339932  0.149854  0.482075  0.594823  0.093311  0.247993  0.126410  0.316769  0.581277  0.446136  0.093311  0.512293  0.255938  0.473005  0.093311  0.390544  0.650181  0.542296  0.503547  0.493469  0.270220  0.093311  0.389370  0.197237 0.0  0.474621  0.510719  0.347047 
58  0.241708  0.471843  0.829282  0.870804  0.754065  0.620386  0.153215  0.256324  0.122832  0.124771  0.275648  0.120275  0.093311  0.093311  0.122715  0.673246  0.669711  0.252769  0.196324  0.179474  0.765644  0.694603  0.328288  0.764800  0.202344  0.293183  0.827423  0.287868  0.828740  0.792294  0.889643  0.245465  0.405815  0.916812  0.780978  0.218588  0.236496  0.577900  0.559256  0.600727  0.270395  0.203422  0.355758  0.573005  0.351038  0.634133  0.211428  0.574608  0.842023  0.263995  0.206386  0.171154  0.233447  0.591674  0.594593  0.284408  0.622773  0.474621 0.0  0.096626  0.381055 
59  0.340410  0.390602  0.839243  0.786974  0.785169  0.592688  0.261274  0.378566  0.179341  0.116556  0.184209  0.147442  0.131368  0.237527  0.193269  0.708984  0.719857  0.093311  0.220047  0.216065  0.702827  0.613744  0.516628  0.714560  0.295212  0.244429  0.808701  0.306197  0.866198  0.737232  0.707852  0.322699  0.331231  0.784506  0.684918  0.243239  0.178517  0.596724  0.515048  0.678153  0.276938  0.213715  0.279283  0.628083  0.203486  0.696862  0.224140  0.569386  0.983846  0.329104  0.213528  0.298134  0.292593  0.601304  0.642106  0.297137  0.671162  0.510719  0.096626 0.0  0.415117 
60  0.308121  0.093311  0.538345  0.557028  0.460605  0.397292  0.497509  0.237148  0.482892  0.321994  0.318078  0.383582  0.431420  0.376358  0.422295  0.407493  0.472195  0.610784  0.359119  0.281882  0.342683  0.301178  0.170738  0.440576  0.308862  0.264476  0.417295  0.281463  0.465422  0.432670  0.501923  0.386829  0.158327  0.500007  0.390264  0.344053  0.538053  0.234154  0.273453  0.322254  0.217899  0.298911  0.385082  0.340834  0.277902  0.319344  0.367611  0.356701  0.574920  0.416871  0.321775  0.284166  0.356114  0.316108  0.348250  0.287089  0.422410  0.347047  0.381055  0.415117 0.0 
