61
0 0.0  0.252200  0.699304  0.691294  0.647453  0.616467  0.271320  0.129469  0.250289  0.261318  0.103114  0.304136  0.299992  0.208732  0.314948  0.509236  0.538059  0.373629  0.375833  0.121641  0.581779  0.405926  0.383729  0.582389  0.222843  0.235879  0.664041  0.085693  0.741883  0.615477  0.683431  0.341055  0.323270  0.585210  0.572438  0.210187  0.241135  0.428410  0.362811  0.471665  0.192524  0.177512  0.247334  0.471828  0.165100  0.529046  0.143876  0.614423  0.771947  0.350673  0.216313  0.201935  0.306554  0.491695  0.420254  0.264280  0.487260  0.546735  0.234203  0.274925  0.355834 
1  0.252200 0.0  0.480598  0.515412  0.429123  0.404134  0.338192  0.121543  0.402870  0.422529  0.301761  0.439993  0.410465  0.474217  0.440878  0.348645  0.438099  0.531270  0.423621  0.390358  0.342571  0.307805  0.183833  0.379435  0.341411  0.384531  0.460566  0.328752  0.461392  0.391590  0.362878  0.323681  0.175709  0.498326  0.349888  0.280388  0.565482  0.405891  0.308106  0.209011  0.340541  0.453068  0.266185  0.404108  0.273744  0.358232  0.367057  0.291279  0.510220  0.544564  0.385808  0.400515  0.294911  0.219968  0.292254  0.332538  0.475191  0.345768  0.313902  0.481646  0.085693 
2  0.699304  0.480598 0.0  0.130750  0.279382  0.280577  0.868178  0.618166  0.755308  0.837827  0.749233  0.744377  0.894417  0.859361  0.849705  0.321975  0.232019  0.899025  0.959305  0.849636  0.255469  0.417072  0.578973  0.190887  0.623684  0.693675  0.339165  0.681014  0.131542  0.303968  0.272899  0.776990  0.543267  0.252063  0.142664  0.731898  0.987022  0.328841  0.487738  0.378905  0.717889  0.728709  0.582315  0.387753  0.791297  0.291461  0.693556  0.404337  0.335180  0.832547  0.805590  0.779747  0.731239  0.382978  0.380169  0.573248  0.324159  0.279792  0.911745  0.848801  0.631241 
3  0.691294  0.515412  0.130750 0.0  0.206765  0.287095  0.810491  0.731751  0.777301  0.772339  0.814146  0.704311  0.729104  0.887944  0.875903  0.317571  0.112998  0.920730  0.949009  0.738971  0.230709  0.220973  0.461229  0.122121  0.594565  0.688167  0.185545  0.687101  0.162023  0.128240  0.201805  0.717994  0.549703  0.154572  0.377252  0.703039  0.930420  0.343731  0.357126  0.309563  0.764942  0.900707  0.568956  0.292490  0.759784  0.219202  0.770254  0.300300  0.256862  0.815847  0.768493  0.713816  0.698426  0.311837  0.313724  0.528471  0.275149  0.210157  0.717920  0.860429  0.624796 
4  0.647453  0.429123  0.279382  0.206765 0.0  0.137916  0.835800  0.621033  0.801294  0.770687  0.682949  0.784206  0.753187  0.774637  0.716748  0.185633  0.085693  0.855533  0.871441  0.681821  0.157101  0.157860  0.440392  0.151276  0.579583  0.650917  0.343188  0.554277  0.129544  0.137578  0.087316  0.603823  0.512086  0.141354  0.220192  0.572866  0.949489  0.192245  0.343353  0.274995  0.663426  0.718840  0.589983  0.225957  0.597277  0.171608  0.649200  0.148319  0.261294  0.783536  0.580248  0.757767  0.725136  0.257309  0.273221  0.472193  0.264924  0.234604  0.757339  0.760132  0.455306 
5  0.616467  0.404134  0.280577  0.287095  0.137916 0.0  0.667517  0.445994  0.727037  0.707599  0.446040  0.538841  0.620865  0.671355  0.738657  0.257109  0.167545  0.742296  0.729714  0.413922  0.085693  0.136186  0.390614  0.159924  0.457728  0.561440  0.264251  0.578548  0.372665  0.249559  0.239485  0.586879  0.378493  0.225268  0.148448  0.522923  0.799213  0.085693  0.274437  0.174044  0.565403  0.603059  0.340518  0.141945  0.549547  0.141854  0.574752  0.197237  0.392962  0.577172  0.596535  0.708685  0.503464  0.246989  0.085693  0.419687  0.213985  0.202015  0.653888  0.717665  0.344439 
6  0.271320  0.338192  0.868178  0.810491  0.835800  0.667517 0.0  0.266090  0.109225  0.171632  0.305921  0.239457  0.095145  0.122138  0.195731  0.758126  0.733250  0.335308  0.192481  0.124913  0.657824  0.665775  0.396402  0.695613  0.325336  0.205196  0.948400  0.377072  0.848417  0.876208  0.860426  0.237361  0.265065  0.909833  0.616762  0.234863  0.198438  0.622190  0.532869  0.574910  0.278498  0.174884  0.348682  0.614396  0.375247  0.562816  0.241485  0.672226  0.935653  0.096022  0.261090  0.185429  0.245807  0.728364  0.696253  0.367644  0.615275  0.650964  0.179483  0.125606  0.501482 
7  0.129469  0.121543  0.618166  0.731751  0.621033  0.445994  0.266090 0.0  0.320571  0.292181  0.085693  0.154819  0.269762  0.220601  0.396807  0.595186  0.608725  0.453189  0.333097  0.217588  0.578175  0.535971  0.295724  0.458750  0.195474  0.270627  0.576279  0.088427  0.685118  0.573600  0.637270  0.359206  0.225331  0.607118  0.497636  0.201011  0.299716  0.454745  0.341502  0.492883  0.111420  0.288350  0.368118  0.474135  0.239380  0.520632  0.127716  0.535962  0.772159  0.309643  0.186486  0.170571  0.272017  0.466639  0.490546  0.169893  0.508000  0.507100  0.194750  0.327407  0.245775 
8  0.250289  0.402870  0.755308  0.777301  0.801294  0.727037  0.109225  0.320571 0.0  0.210367  0.342136  0.257137  0.133609  0.204666  0.189043  0.756727  0.774326  0.189868  0.209848  0.311049  0.664313  0.606310  0.414160  0.672079  0.350239  0.243102  0.937795  0.387564  0.764854  0.852628  0.869476  0.127420  0.577543  0.884141  0.660833  0.261147  0.177090  0.634518  0.503386  0.657266  0.323786  0.179017  0.288103  0.645463  0.327606  0.740992  0.157321  0.648473  0.954107  0.220704  0.145094  0.235986  0.107299  0.577179  0.651220  0.415786  0.642749  0.626025  0.085693  0.120147  0.475411 
9  0.261318  0.422529  0.837827  0.772339  0.770687  0.707599  0.171632  0.292181  0.210367 0.0  0.260046  0.235263  0.241324  0.192749  0.250113  0.768058  0.732292  0.426437  0.134088  0.163220  0.602902  0.607469  0.420622  0.734454  0.344514  0.251943  0.837091  0.213137  0.854858  0.714788  0.703588  0.212971  0.450043  0.723269  0.600890  0.342986  0.165794  0.680519  0.560254  0.656161  0.329150  0.165414  0.374937  0.642262  0.174938  0.708736  0.152237  0.635517  0.965096  0.204548  0.265987  0.139736  0.303900  0.583899  0.644332  0.297950  0.579873  0.674261  0.085693  0.255868  0.398664 
10  0.103114  0.301761  0.749233  0.814146  0.682949  0.446040  0.305921  0.085693  0.342136  0.260046 0.0  0.116222  0.108686  0.209370  0.283886  0.616818  0.614532  0.319589  0.260209  0.252191  0.517360  0.517242  0.375585  0.576090  0.181319  0.289005  0.725011  0.173036  0.722137  0.632326  0.613409  0.299617  0.366286  0.690876  0.492201  0.176981  0.320754  0.453717  0.478924  0.472226  0.114925  0.126675  0.114453  0.507083  0.114220  0.589894  0.085693  0.581495  0.815571  0.295918  0.085693  0.130492  0.142218  0.536633  0.420525  0.085693  0.528614  0.504895  0.085693  0.346930  0.316288 
11  0.304136  0.439993  0.744377  0.704311  0.784206  0.538841  0.239457  0.154819  0.257137  0.235263  0.116222 0.0  0.151284  0.250353  0.214251  0.618019  0.800114  0.287520  0.276654  0.238364  0.679345  0.545258  0.390917  0.671418  0.198162  0.085693  0.818257  0.200089  0.665437  0.806658  0.603670  0.245012  0.305657  0.729603  0.717507  0.187145  0.317763  0.655028  0.419151  0.529867  0.215921  0.087799  0.224844  0.612568  0.275312  0.732070  0.186331  0.582816  0.796608  0.221125  0.166201  0.285571  0.163080  0.568104  0.688796  0.292302  0.707664  0.501535  0.238967  0.133547  0.312005 
12  0.299992  0.410465  0.894417  0.729104  0.753187  0.620865  0.095145  0.269762  0.133609  0.241324  0.108686  0.151284 0.0  0.085693  0.213491  0.664626  0.858484  0.247142  0.145232  0.211835  0.707276  0.618881  0.495874  0.827681  0.157075  0.249616  0.779073  0.217188  0.771684  0.742048  0.795996  0.246881  0.477820  0.751776  0.668520  0.201152  0.255793  0.680224  0.480967  0.670163  0.300157  0.261518  0.279015  0.734435  0.261606  0.760199  0.209758  0.562662  0.877051  0.334401  0.171889  0.112307  0.204989  0.578659  0.596388  0.228252  0.673814  0.668753  0.242980  0.085693  0.493082 
13  0.208732  0.474217  0.859361  0.887944  0.774637  0.671355  0.122138  0.220601  0.204666  0.192749  0.209370  0.250353  0.085693 0.0  0.312350  0.731175  0.716402  0.342253  0.138357  0.214004  0.761913  0.639560  0.421242  0.687520  0.187001  0.221484  0.720610  0.300680  0.730615  0.663220  0.913000  0.349080  0.341262  0.941073  0.678471  0.234310  0.117557  0.644072  0.487684  0.554913  0.236050  0.214347  0.329015  0.607081  0.219469  0.703525  0.121466  0.684047  0.908519  0.180044  0.179444  0.172695  0.191795  0.699529  0.721284  0.253718  0.687678  0.617454  0.204125  0.085693  0.372167 
14  0.314948  0.440878  0.849705  0.875903  0.716748  0.738657  0.195731  0.396807  0.189043  0.250113  0.283886  0.214251  0.213491  0.312350 0.0  0.677657  0.771321  0.264454  0.121977  0.303517  0.624466  0.550440  0.530183  0.788094  0.356746  0.355146  0.887773  0.343311  0.841480  0.847590  0.699423  0.265524  0.339773  0.802055  0.693149  0.266164  0.349257  0.562885  0.561943  0.604627  0.350449  0.186580  0.328116  0.671375  0.346261  0.766338  0.162064  0.624212  0.964507  0.152526  0.380433  0.244077  0.197158  0.672193  0.533879  0.353085  0.797501  0.626513  0.184527  0.152509  0.495976 
15  0.509236  0.348645  0.321975  0.317571  0.185633  0.257109  0.758126  0.595186  0.756727  0.768058  0.616818  0.618019  0.664626  0.731175  0.677657 0.0  0.132896  0.783037  0.868025  0.606314  0.194717  0.178218  0.343413  0.154419  0.679175  0.582463  0.168471  0.658519  0.204649  0.207058  0.188584  0.736185  0.423162  0.278707  0.097747  0.612776  0.765878  0.210355  0.246343  0.198929  0.496534  0.769792  0.604721  0.184626  0.625975  0.161014  0.570131  0.215844  0.274405  0.719457  0.678072  0.518212  0.623601  0.201984  0.217580  0.683000  0.178581  0.263389  0.685685  0.671377  0.498989 
16  0.538059  0.438099  0.232019  0.112998  0.085693  0.167545  0.733250  0.608725  0.774326  0.732292  0.614532  0.800114  0.858484  0.716402  0.771321  0.132896 0.0  0.795040  0.699693  0.656209  0.202479  0.178422  0.382361  0.166479  0.665052  0.654666  0.106715  0.450432  0.182335  0.085693  0.217887  0.714556  0.401172  0.172161  0.134517  0.689895  0.905105  0.189031  0.382220  0.268026  0.516167  0.625531  0.530062  0.240451  0.635211  0.085693  0.524286  0.265359  0.268324  0.883668  0.773645  0.630161  0.692388  0.229133  0.262017  0.515727  0.101074  0.116164  0.807005  0.784891  0.524420 
17  0.373629  0.531270  0.899025  0.920730  0.855533  0.742296  0.335308  0.453189  0.189868  0.426437  0.319589  0.287520  0.247142  0.342253  0.264454  0.783037  0.795040 0.0  0.287355  0.401243  0.719788  0.658579  0.487988  0.766670  0.243863  0.330458  0.919346  0.470830  0.765983  1.000000  0.712578  0.172614  0.573156  0.924180  0.804283  0.418070  0.290795  0.535159  0.612752  0.741975  0.358032  0.363573  0.332112  0.668700  0.445087  0.867124  0.312388  0.767105  0.984482  0.389013  0.333066  0.327512  0.324892  0.704970  0.705099  0.417758  0.818099  0.695143  0.354858  0.272837  0.471099 
18  0.375833  0.423621  0.959305  0.949009  0.871441  0.729714  0.192481  0.333097  0.209848  0.134088  0.260209  0.276654  0.145232  0.138357  0.121977  0.868025  0.699693  0.287355 0.0  0.229201  0.819653  0.663284  0.499535  0.836120  0.254064  0.243761  0.942453  0.255277  0.827302  0.748233  0.721642  0.274060  0.415971  0.932644  0.678262  0.245990  0.270130  0.663304  0.718302  0.628483  0.342206  0.220926  0.295330  0.629960  0.269188  0.794226  0.241003  0.631820  0.937542  0.285349  0.254899  0.207413  0.265909  0.584064  0.645660  0.246382  0.651044  0.622959  0.106374  0.273969  0.455688 
19  0.121641  0.390358  0.849636  0.738971  0.681821  0.413922  0.124913  0.217588  0.311049  0.163220  0.252191  0.238364  0.211835  0.214004  0.303517  0.606314  0.656209  0.401243  0.229201 0.0  0.533340  0.512723  0.323308  0.738705  0.244498  0.161601  0.658017  0.231289  0.752905  0.756179  0.679632  0.323536  0.312097  0.736615  0.543909  0.174685  0.318332  0.548817  0.392705  0.431422  0.145699  0.199587  0.293423  0.523860  0.173069  0.669097  0.141786  0.497575  0.742884  0.204411  0.139605  0.103180  0.227740  0.510554  0.503023  0.178687  0.685974  0.575180  0.271093  0.289148  0.258401 
20  0.581779  0.342571  0.255469  0.230709  0.157101  0.085693  0.657824  0.578175  0.664313  0.602902  0.517360  0.679345  0.707276  0.761913  0.624466  0.194717  0.202479  0.719788  0.819653  0.533340 0.0  0.085693  0.336970  0.135452  0.510057  0.544507  0.243577  0.605489  0.188115  0.242388  0.204345  0.591997  0.315963  0.292861  0.085693  0.591216  0.756419  0.142246  0.334294  0.205176  0.526326  0.647463  0.538294  0.220465  0.528149  0.226278  0.590607  0.085693  0.367017  0.751672  0.589268  0.571888  0.676893  0.145940  0.087299  0.391029  0.235261  0.085693  0.719458  0.736745  0.309854 
21  0.405926  0.307805  0.417072  0.220973  0.157860  0.136186  0.665775  0.535971  0.606310  0.607469  0.517242  0.545258  0.618881  0.639560  0.550440  0.178218  0.178422  0.658579  0.663284  0.512723  0.085693 0.0  0.275803  0.136372  0.383485  0.554811  0.258317  0.407822  0.292723  0.305545  0.257861  0.638198  0.254423  0.291319  0.100605  0.536400  0.736120  0.085693  0.194948  0.117240  0.564049  0.548515  0.486184  0.184677  0.541175  0.211914  0.475696  0.181587  0.330799  0.694077  0.573095  0.552154  0.569855  0.112513  0.096723  0.419896  0.135040  0.118827  0.640586  0.679425  0.324193 
22  0.383729  0.183833  0.578973  0.461229  0.440392  0.390614  0.396402  0.295724  0.414160  0.420622  0.375585  0.390917  0.495874  0.421242  0.530183  0.343413  0.382361  0.487988  0.499535  0.323308  0.336970  0.275803 0.0  0.488020  0.402025  0.326978  0.484057  0.384727  0.532998  0.395979  0.394721  0.490231  0.126940  0.541456  0.386002  0.359604  0.707978  0.221598  0.191698  0.326338  0.275418  0.405810  0.253922  0.300788  0.304480  0.395271  0.330816  0.406992  0.551437  0.375026  0.337925  0.255010  0.441971  0.304574  0.402512  0.240279  0.319065  0.366953  0.446666  0.454101  0.194458 
23  0.582389  0.379435  0.190887  0.122121  0.151276  0.159924  0.695613  0.458750  0.672079  0.734454  0.576090  0.671418  0.827681  0.687520  0.788094  0.154419  0.166479  0.766670  0.836120  0.738705  0.135452  0.136372  0.488020 0.0  0.620407  0.665275  0.209700  0.625540  0.213745  0.243146  0.244220  0.605588  0.448094  0.259670  0.085693  0.608405  0.881836  0.160100  0.269166  0.178110  0.536173  0.616750  0.466081  0.187202  0.546583  0.092579  0.559305  0.250689  0.324850  0.769128  0.616352  0.683147  0.623890  0.161642  0.217301  0.630790  0.144726  0.129613  0.657143  0.653035  0.547088 
24  0.222843  0.341411  0.623684  0.594565  0.579583  0.457728  0.325336  0.195474  0.350239  0.344514  0.181319  0.198162  0.157075  0.187001  0.356746  0.679175  0.665052  0.243863  0.254064  0.244498  0.510057  0.383485  0.402025  0.620407 0.0  0.125494  0.607243  0.283140  0.639009  0.603076  0.714784  0.221128  0.224993  0.677565  0.640605  0.147454  0.276608  0.598654  0.471784  0.428933  0.134328  0.174636  0.210131  0.451195  0.114753  0.553661  0.310787  0.530379  0.745009  0.302747  0.184674  0.262498  0.105049  0.386490  0.410548  0.149325  0.440870  0.388828  0.139933  0.186194  0.307496 
25  0.235879  0.384531  0.693675  0.688167  0.650917  0.561440  0.205196  0.270627  0.243102  0.251943  0.289005  0.085693  0.249616  0.221484  0.355146  0.582463  0.654666  0.330458  0.243761  0.161601  0.544507  0.554811  0.326978  0.665275  0.125494 0.0  0.545576  0.263493  0.627898  0.680224  0.673065  0.285169  0.269403  0.670219  0.513019  0.187245  0.396670  0.514849  0.420065  0.579744  0.144443  0.193024  0.199366  0.455551  0.174612  0.500667  0.228659  0.495512  0.677447  0.253641  0.110418  0.267579  0.085693  0.518784  0.468375  0.249859  0.559384  0.406259  0.283102  0.182721  0.340782 
26  0.664041  0.460566  0.339165  0.185545  0.343188  0.264251  0.948400  0.576279  0.937795  0.837091  0.725011  0.818257  0.779073  0.720610  0.887773  0.168471  0.106715  0.919346  0.942453  0.658017  0.243577  0.258317  0.484057  0.209700  0.607243  0.545576 0.0  0.653762  0.094199  0.241347  0.244906  0.775716  0.526073  0.181957  0.157746  0.698547  0.901664  0.280980  0.411607  0.319981  0.605273  0.699448  0.568609  0.370655  0.666001  0.274329  0.797283  0.351550  0.268937  0.828974  0.768396  0.642011  0.841243  0.371453  0.305597  0.658074  0.162412  0.373095  0.814847  0.764211  0.576125 
27  0.085693  0.328752  0.681014  0.687101  0.554277  0.578548  0.377072  0.088427  0.387564  0.213137  0.173036  0.200089  0.217188  0.300680  0.343311  0.658519  0.450432  0.470830  0.255277  0.231289  0.605489  0.407822  0.384727  0.625540  0.283140  0.263493  0.653762 0.0  0.632657  0.526132  0.627353  0.299336  0.251138  0.665991  0.540312  0.196173  0.304269  0.487383  0.423852  0.459591  0.085693  0.199676  0.190492  0.542229  0.196307  0.557372  0.299012  0.507685  0.838267  0.378375  0.208833  0.259714  0.221924  0.452711  0.541856  0.167520  0.441769  0.472249  0.251087  0.289200  0.302001 
28  0.741883  0.461392  0.131542  0.162023  0.129544  0.372665  0.848417  0.685118  0.764854  0.854858  0.722137  0.665437  0.771684  0.730615  0.841480  0.204649  0.182335  0.765983  0.827302  0.752905  0.188115  0.292723  0.532998  0.213745  0.639009  0.627898  0.094199  0.632657 0.0  0.161538  0.102101  0.706478  0.473179  0.085693  0.212981  0.696689  0.986497  0.217882  0.397889  0.219935  0.570812  0.761522  0.556540  0.247451  0.556422  0.135267  0.797302  0.284994  0.265957  0.913571  0.673172  0.832915  0.738817  0.303357  0.155328  0.663915  0.234602  0.099562  0.753030  0.863691  0.571326 
29  0.615477  0.391590  0.303968  0.128240  0.137578  0.249559  0.876208  0.573600  0.852628  0.714788  0.632326  0.806658  0.742048  0.663220  0.847590  0.207058  0.085693  1.000000  0.748233  0.756179  0.242388  0.305545  0.395979  0.243146  0.603076  0.680224  0.241347  0.526132  0.161538 0.0  0.116709  0.685875  0.396390  0.309351  0.220415  0.590832  0.838359  0.206604  0.469719  0.313840  0.563948  0.696917  0.599360  0.237651  0.579670  0.085693  0.690785  0.252141  0.174800  0.954348  0.691640  0.637440  0.755478  0.275974  0.215264  0.638568  0.168380  0.299621  0.801036  0.839779  0.469356 
30  0.683431  0.362878  0.272899  0.201805  0.087316  0.239485  0.860426  0.637270  0.869476  0.703588  0.613409  0.603670  0.795996  0.913000  0.699423  0.188584  0.217887  0.712578  0.721642  0.679632  0.204345  0.257861  0.394721  0.244220  0.714784  0.673065  0.244906  0.627353  0.102101  0.116709 0.0  0.732767  0.443487  0.225480  0.094959  0.588472  0.926702  0.260322  0.293991  0.276772  0.670290  0.761283  0.531853  0.188779  0.609227  0.188974  0.769261  0.155422  0.347887  0.733794  0.725053  0.835590  0.555239  0.282445  0.130485  0.479373  0.230589  0.392808  0.737912  0.778122  0.555039 
31  0.341055  0.323681  0.776990  0.717994  0.603823  0.586879  0.237361  0.359206  0.127420  0.212971  0.299617  0.245012  0.246881  0.349080  0.265524  0.736185  0.714556  0.172614  0.274060  0.323536  0.591997  0.638198  0.490231  0.605588  0.221128  0.285169  0.775716  0.299336  0.706478  0.685875  0.732767 0.0  0.431248  0.785025  0.658295  0.168283  0.321042  0.513338  0.600547  0.515621  0.188686  0.206362  0.275255  0.465596  0.416355  0.703686  0.257412  0.519710  0.953691  0.329526  0.210310  0.298099  0.086150  0.602272  0.590590  0.204959  0.736720  0.429460  0.091738  0.174869  0.433974 
32  0.323270  0.175709  0.543267  0.549703  0.512086  0.378493  0.265065  0.225331  0.577543  0.450043  0.366286  0.305657  0.477820  0.341262  0.339773  0.423162  0.401172  0.573156  0.415971  0.312097  0.315963  0.254423  0.126940  0.448094  0.224993  0.269403  0.526073  0.251138  0.473179  0.396390  0.443487  0.431248 0.0  0.564775  0.337841  0.306154  0.484655  0.299478  0.349107  0.328056  0.216175  0.381640  0.224690  0.336565  0.238537  0.375527  0.379420  0.289896  0.614316  0.581313  0.357665  0.493793  0.354358  0.311007  0.296101  0.290413  0.360510  0.373099  0.390893  0.524282  0.195769 
33  0.585210  0.498326  0.252063  0.154572  0.141354  0.225268  0.909833  0.607118  0.884141  0.723269  0.690876  0.729603  0.751776  0.941073  0.802055  0.278707  0.172161  0.924180  0.932644  0.736615  0.292861  0.291319  0.541456  0.259670  0.677565  0.670219  0.181957  0.665991  0.085693  0.309351  0.225480  0.785025  0.564775 0.0  0.204254  0.589799  0.958265  0.276253  0.399260  0.232979  0.678837  0.744421  0.695130  0.296484  0.553360  0.274451  0.707946  0.200179  0.188740  0.915945  0.647270  0.825743  0.707004  0.307452  0.300001  0.614858  0.292694  0.334844  0.791318  0.857097  0.567729 
34  0.572438  0.349888  0.142664  0.377252  0.220192  0.148448  0.616762  0.497636  0.660833  0.600890  0.492201  0.717507  0.668520  0.678471  0.693149  0.097747  0.134517  0.804283  0.678262  0.543909  0.085693  0.100605  0.386002  0.085693  0.640605  0.513019  0.157746  0.540312  0.212981  0.220415  0.094959  0.658295  0.337841  0.204254 0.0  0.474783  0.753252  0.085693  0.236543  0.206789  0.465183  0.579078  0.468179  0.190701  0.555205  0.140029  0.590210  0.260583  0.331338  0.796556  0.578381  0.660118  0.678616  0.130574  0.122092  0.448644  0.205108  0.097554  0.714713  0.856501  0.451245 
35  0.210187  0.280388  0.731898  0.703039  0.572866  0.522923  0.234863  0.201011  0.261147  0.342986  0.176981  0.187145  0.201152  0.234310  0.266164  0.612776  0.689895  0.418070  0.245990  0.174685  0.591216  0.536400  0.359604  0.608405  0.147454  0.187245  0.698547  0.196173  0.696689  0.590832  0.588472  0.168283  0.306154  0.589799  0.474783 0.0  0.304998  0.510160  0.350862  0.390556  0.201448  0.134451  0.166769  0.469506  0.204324  0.536515  0.170602  0.588965  0.764299  0.273314  0.148811  0.205901  0.137575  0.429278  0.541655  0.163234  0.553068  0.495561  0.283390  0.197508  0.176614 
36  0.241135  0.565482  0.987022  0.930420  0.949489  0.799213  0.198438  0.299716  0.177090  0.165794  0.320754  0.317763  0.255793  0.117557  0.349257  0.765878  0.905105  0.290795  0.270130  0.318332  0.756419  0.736120  0.707978  0.881836  0.276608  0.396670  0.901664  0.304269  0.986497  0.838359  0.926702  0.321042  0.484655  0.958265  0.753252  0.304998 0.0  0.740126  0.636790  0.666471  0.479196  0.317166  0.546488  0.875487  0.314061  0.933227  0.322210  0.623615  0.882791  0.085693  0.344894  0.282727  0.357411  0.548753  0.723478  0.299152  0.825455  0.660261  0.109433  0.199710  0.517089 
37  0.428410  0.405891  0.328841  0.343731  0.192245  0.085693  0.622190  0.454745  0.634518  0.680519  0.453717  0.655028  0.680224  0.644072  0.562885  0.210355  0.189031  0.535159  0.663304  0.548817  0.142246  0.085693  0.221598  0.160100  0.598654  0.514849  0.280980  0.487383  0.217882  0.206604  0.260322  0.513338  0.299478  0.276253  0.085693  0.510160  0.740126 0.0  0.299582  0.085693  0.394457  0.551330  0.337923  0.130560  0.446233  0.180372  0.601252  0.181880  0.416153  0.628882  0.474879  0.616243  0.555194  0.085693  0.085693  0.294371  0.326715  0.152478  0.609886  0.765570  0.327859 
38  0.362811  0.308106  0.487738  0.357126  0.343353  0.274437  0.532869  0.341502  0.503386  0.560254  0.478924  0.419151  0.480967  0.487684  0.561943  0.246343  0.382220  0.612752  0.718302  0.392705  0.334294  0.194948  0.191698  0.269166  0.471784  0.420065  0.411607  0.423852  0.397889  0.469719  0.293991  0.600547  0.349107  0.399260  0.236543  0.350862  0.636790  0.299582 0.0  0.305629  0.447245  0.432858  0.375884  0.259853  0.369937  0.312177  0.420377  0.289525  0.392198  0.577119  0.479653  0.517052  0.469077  0.247858  0.302814  0.265260  0.271738  0.348716  0.626650  0.592019  0.243676 
39  0.471665  0.209011  0.378905  0.309563  0.274995  0.174044  0.574910  0.492883  0.657266  0.656161  0.472226  0.529867  0.670163  0.554913  0.604627  0.198929  0.268026  0.741975  0.628483  0.431422  0.205176  0.117240  0.326338  0.178110  0.428933  0.579744  0.319981  0.459591  0.219935  0.313840  0.276772  0.515621  0.328056  0.232979  0.206789  0.390556  0.666471  0.085693  0.305629 0.0  0.488993  0.519810  0.394869  0.085693  0.339898  0.194756  0.558704  0.085693  0.311864  0.614032  0.520621  0.513151  0.565501  0.095070  0.121348  0.438919  0.155711  0.141961  0.697512  0.581205  0.315598 
40  0.192524  0.340541  0.717889  0.764942  0.663426  0.565403  0.278498  0.111420  0.323786  0.329150  0.114925  0.215921  0.300157  0.236050  0.350449  0.496534  0.516167  0.358032  0.342206  0.145699  0.526326  0.564049  0.275418  0.536173  0.134328  0.144443  0.605273  0.085693  0.570812  0.563948  0.670290  0.188686  0.216175  0.678837  0.465183  0.201448  0.479196  0.394457  0.447245  0.488993 0.0  0.266511  0.191415  0.413018  0.128049  0.626897  0.085693  0.391504  0.696312  0.339211  0.210602  0.194867  0.172848  0.420157  0.494936  0.252988  0.520636  0.411512  0.175724  0.293180  0.232553 
41  0.177512  0.453068  0.728709  0.900707  0.718840  0.603059  0.174884  0.288350  0.179017  0.165414  0.126675  0.087799  0.261518  0.214347  0.186580  0.769792  0.625531  0.363573  0.220926  0.199587  0.647463  0.548515  0.405810  0.616750  0.174636  0.193024  0.699448  0.199676  0.761522  0.696917  0.761283  0.206362  0.381640  0.744421  0.579078  0.134451  0.317166  0.551330  0.432858  0.519810  0.266511 0.0  0.223219  0.580785  0.191073  0.617089  0.088766  0.538197  0.971159  0.219581  0.175573  0.139924  0.292626  0.489772  0.635281  0.236493  0.741267  0.539218  0.271755  0.305988  0.335790 
42  0.247334  0.266185  0.582315  0.568956  0.589983  0.340518  0.348682  0.368118  0.288103  0.374937  0.114453  0.224844  0.279015  0.329015  0.328116  0.604721  0.530062  0.332112  0.295330  0.293423  0.538294  0.486184  0.253922  0.466081  0.210131  0.199366  0.568609  0.190492  0.556540  0.599360  0.531853  0.275255  0.224690  0.695130  0.468179  0.166769  0.546488  0.337923  0.375884  0.394869  0.191415  0.223219 0.0  0.452745  0.232287  0.542900  0.281518  0.415627  0.747373  0.304415  0.279394  0.262822  0.175714  0.314124  0.474418  0.298590  0.513936  0.370907  0.270981  0.322985  0.190542 
43  0.471828  0.404108  0.387753  0.292490  0.225957  0.141945  0.614396  0.474135  0.645463  0.642262  0.507083  0.612568  0.734435  0.607081  0.671375  0.184626  0.240451  0.668700  0.629960  0.523860  0.220465  0.184677  0.300788  0.187202  0.451195  0.455551  0.370655  0.542229  0.247451  0.237651  0.188779  0.465596  0.336565  0.296484  0.190701  0.469506  0.875487  0.130560  0.259853  0.085693  0.413018  0.580785  0.452745 0.0  0.647711  0.183398  0.593341  0.087549  0.479673  0.712481  0.467796  0.676061  0.575077  0.155128  0.134736  0.396857  0.174088  0.152069  0.686524  0.573073  0.287381 
44  0.165100  0.273744  0.791297  0.759784  0.597277  0.549547  0.375247  0.239380  0.327606  0.174938  0.114220  0.275312  0.261606  0.219469  0.346261  0.625975  0.635211  0.445087  0.269188  0.173069  0.528149  0.541175  0.304480  0.546583  0.114753  0.174612  0.666001  0.196307  0.556422  0.579670  0.609227  0.416355  0.238537  0.553360  0.555205  0.204324  0.314061  0.446233  0.369937  0.339898  0.128049  0.191073  0.232287  0.647711 0.0  0.660382  0.201463  0.580684  0.732402  0.239255  0.193275  0.162579  0.279608  0.395456  0.447266  0.239145  0.517234  0.599835  0.208015  0.163031  0.252880 
45  0.529046  0.358232  0.291461  0.219202  0.171608  0.141854  0.562816  0.520632  0.740992  0.708736  0.589894  0.732070  0.760199  0.703525  0.766338  0.161014  0.085693  0.867124  0.794226  0.669097  0.226278  0.211914  0.395271  0.092579  0.553661  0.500667  0.274329  0.557372  0.135267  0.085693  0.188974  0.703686  0.375527  0.274451  0.140029  0.536515  0.933227  0.180372  0.312177  0.194756  0.626897  0.617089  0.542900  0.183398  0.660382 0.0  0.691271  0.205847  0.302779  0.652744  0.660102  0.661010  0.622735  0.286513  0.150588  0.576773  0.155742  0.129848  0.753285  0.720895  0.432034 
46  0.143876  0.367057  0.693556  0.770254  0.649200  0.574752  0.241485  0.127716  0.157321  0.152237  0.085693  0.186331  0.209758  0.121466  0.162064  0.570131  0.524286  0.312388  0.241003  0.141786  0.590607  0.475696  0.330816  0.559305  0.310787  0.228659  0.797283  0.299012  0.797302  0.690785  0.769261  0.257412  0.379420  0.707946  0.590210  0.170602  0.322210  0.601252  0.420377  0.558704  0.085693  0.088766  0.281518  0.593341  0.201463  0.691271 0.0  0.737281  0.886776  0.149097  0.107005  0.155380  0.150812  0.466764  0.469105  0.179626  0.539142  0.447317  0.273626  0.180494  0.260629 
47  0.614423  0.291279  0.404337  0.300300  0.148319  0.197237  0.672226  0.535962  0.648473  0.635517  0.581495  0.582816  0.562662  0.684047  0.624212  0.215844  0.265359  0.767105  0.631820  0.497575  0.085693  0.181587  0.406992  0.250689  0.530379  0.495512  0.351550  0.507685  0.284994  0.252141  0.155422  0.519710  0.289896  0.200179  0.260583  0.588965  0.623615  0.181880  0.289525  0.085693  0.391504  0.538197  0.415627  0.087549  0.580684  0.205847  0.737281 0.0  0.434531  0.652021  0.641062  0.559744  0.576953  0.085693  0.104315  0.294792  0.179517  0.085693  0.650308  0.707396  0.290915 
48  0.771947  0.510220  0.335180  0.256862  0.261294  0.392962  0.935653  0.772159  0.954107  0.965096  0.815571  0.796608  0.877051  0.908519  0.964507  0.274405  0.268324  0.984482  0.937542  0.742884  0.367017  0.330799  0.551437  0.324850  0.745009  0.677447  0.268937  0.838267  0.265957  0.174800  0.347887  0.953691  0.614316  0.188740  0.331338  0.764299  0.882791  0.416153  0.392198  0.311864  0.696312  0.971159  0.747373  0.479673  0.732402  0.302779  0.886776  0.434531 0.0  0.869765  0.758142  0.815959  0.874941  0.427762  0.327295  0.582236  0.341676  0.416437  0.954182  0.796380  0.530680 
49  0.350673  0.544564  0.832547  0.815847  0.783536  0.577172  0.096022  0.309643  0.220704  0.204548  0.295918  0.221125  0.334401  0.180044  0.152526  0.719457  0.883668  0.389013  0.285349  0.204411  0.751672  0.694077  0.375026  0.769128  0.302747  0.253641  0.828974  0.378375  0.913571  0.954348  0.733794  0.329526  0.581313  0.915945  0.796556  0.273314  0.085693  0.628882  0.577119  0.614032  0.339211  0.219581  0.304415  0.712481  0.239255  0.652744  0.149097  0.652021  0.869765 0.0  0.378731  0.269443  0.225750  0.671303  0.715622  0.340875  0.660481  0.654162  0.194658  0.269327  0.389491 
50  0.216313  0.385808  0.805590  0.768493  0.580248  0.596535  0.261090  0.186486  0.145094  0.265987  0.085693  0.166201  0.171889  0.179444  0.380433  0.678072  0.773645  0.333066  0.254899  0.139605  0.589268  0.573095  0.337925  0.616352  0.184674  0.110418  0.768396  0.208833  0.673172  0.691640  0.725053  0.210310  0.357665  0.647270  0.578381  0.148811  0.344894  0.474879  0.479653  0.520621  0.210602  0.175573  0.279394  0.467796  0.193275  0.660102  0.107005  0.641062  0.758142  0.378731 0.0  0.248522  0.202708  0.482835  0.598751  0.151972  0.633667  0.564473  0.215249  0.216112  0.310621 
51  0.201935  0.400515  0.779747  0.713816  0.757767  0.708685  0.185429  0.170571  0.235986  0.139736  0.130492  0.285571  0.112307  0.172695  0.244077  0.518212  0.630161  0.327512  0.207413  0.103180  0.571888  0.552154  0.255010  0.683147  0.262498  0.267579  0.642011  0.259714  0.832915  0.637440  0.835590  0.298099  0.493793  0.825743  0.660118  0.205901  0.282727  0.616243  0.517052  0.513151  0.194867  0.139924  0.262822  0.676061  0.162579  0.661010  0.155380  0.559744  0.815959  0.269443  0.248522 0.0  0.267521  0.560623  0.602135  0.335155  0.526611  0.623018  0.250472  0.284920  0.272895 
52  0.306554  0.294911  0.731239  0.698426  0.725136  0.503464  0.245807  0.272017  0.107299  0.303900  0.142218  0.163080  0.204989  0.191795  0.197158  0.623601  0.692388  0.324892  0.265909  0.227740  0.676893  0.569855  0.441971  0.623890  0.105049  0.085693  0.841243  0.221924  0.738817  0.755478  0.555239  0.086150  0.354358  0.707004  0.678616  0.137575  0.357411  0.555194  0.469077  0.565501  0.172848  0.292626  0.175714  0.575077  0.279608  0.622735  0.150812  0.576953  0.874941  0.225750  0.202708  0.267521 0.0  0.548909  0.485215  0.235033  0.466233  0.512646  0.183047  0.211115  0.294828 
53  0.491695  0.219968  0.382978  0.311837  0.257309  0.246989  0.728364  0.466639  0.577179  0.583899  0.536633  0.568104  0.578659  0.699529  0.672193  0.201984  0.229133  0.704970  0.584064  0.510554  0.145940  0.112513  0.304574  0.161642  0.386490  0.518784  0.371453  0.452711  0.303357  0.275974  0.282445  0.602272  0.311007  0.307452  0.130574  0.429278  0.548753  0.085693  0.247858  0.095070  0.420157  0.489772  0.314124  0.155128  0.395456  0.286513  0.466764  0.085693  0.427762  0.671303  0.482835  0.560623  0.548909 0.0  0.155466  0.290074  0.181228  0.126206  0.629166  0.509191  0.233969 
54  0.420254  0.292254  0.380169  0.313724  0.273221  0.085693  0.696253  0.490546  0.651220  0.644332  0.420525  0.688796  0.596388  0.721284  0.533879  0.217580  0.262017  0.705099  0.645660  0.503023  0.087299  0.096723  0.402512  0.217301  0.410548  0.468375  0.305597  0.541856  0.155328  0.215264  0.130485  0.590590  0.296101  0.300001  0.122092  0.541655  0.723478  0.085693  0.302814  0.121348  0.494936  0.635281  0.474418  0.134736  0.447266  0.150588  0.469105  0.104315  0.327295  0.715622  0.598751  0.602135  0.485215  0.155466 0.0  0.423718  0.211229  0.086544  0.668810  0.725267  0.278804 
55  0.264280  0.332538  0.573248  0.528471  0.472193  0.419687  0.367644  0.169893  0.415786  0.297950  0.085693  0.292302  0.228252  0.253718  0.353085  0.683000  0.515727  0.417758  0.246382  0.178687  0.391029  0.419896  0.240279  0.630790  0.149325  0.249859  0.658074  0.167520  0.663915  0.638568  0.479373  0.204959  0.290413  0.614858  0.448644  0.163234  0.299152  0.294371  0.265260  0.438919  0.252988  0.236493  0.298590  0.396857  0.239145  0.576773  0.179626  0.294792  0.582236  0.340875  0.151972  0.335155  0.235033  0.290074  0.423718 0.0  0.411183  0.386422  0.349135  0.269886  0.178054 
56  0.487260  0.475191  0.324159  0.275149  0.264924  0.213985  0.615275  0.508000  0.642749  0.579873  0.528614  0.707664  0.673814  0.687678  0.797501  0.178581  0.101074  0.818099  0.651044  0.685974  0.235261  0.135040  0.319065  0.144726  0.440870  0.559384  0.162412  0.441769  0.234602  0.168380  0.230589  0.736720  0.360510  0.292694  0.205108  0.553068  0.825455  0.326715  0.271738  0.155711  0.520636  0.741267  0.513936  0.174088  0.517234  0.155742  0.539142  0.179517  0.341676  0.660481  0.633667  0.526611  0.466233  0.181228  0.211229  0.411183 0.0  0.128186  0.710848  0.792394  0.384949 
57  0.546735  0.345768  0.279792  0.210157  0.234604  0.202015  0.650964  0.507100  0.626025  0.674261  0.504895  0.501535  0.668753  0.617454  0.626513  0.263389  0.116164  0.695143  0.622959  0.575180  0.085693  0.118827  0.366953  0.129613  0.388828  0.406259  0.373095  0.472249  0.099562  0.299621  0.392808  0.429460  0.373099  0.334844  0.097554  0.495561  0.660261  0.152478  0.348716  0.141961  0.411512  0.539218  0.370907  0.152069  0.599835  0.129848  0.447317  0.085693  0.416437  0.654162  0.564473  0.623018  0.512646  0.126206  0.086544  0.386422  0.128186 0.0  0.646548  0.759178  0.346483 
58  0.234203  0.313902  0.911745  0.717920  0.757339  0.653888  0.179483  0.194750  0.085693  0.085693  0.085693  0.238967  0.242980  0.204125  0.184527  0.685685  0.807005  0.354858  0.106374  0.271093  0.719458  0.640586  0.446666  0.657143  0.139933  0.283102  0.814847  0.251087  0.753030  0.801036  0.737912  0.091738  0.390893  0.791318  0.714713  0.283390  0.109433  0.609886  0.626650  0.697512  0.175724  0.271755  0.270981  0.686524  0.208015  0.753285  0.273626  0.650308  0.954182  0.194658  0.215249  0.250472  0.183047  0.629166  0.668810  0.349135  0.710848  0.646548 0.0  0.085693  0.447341 
59  0.274925  0.481646  0.848801  0.860429  0.760132  0.717665  0.125606  0.327407  0.120147  0.255868  0.346930  0.133547  0.085693  0.085693  0.152509  0.671377  0.784891  0.272837  0.273969  0.289148  0.736745  0.679425  0.454101  0.653035  0.186194  0.182721  0.764211  0.289200  0.863691  0.839779  0.778122  0.174869  0.524282  0.857097  0.856501  0.197508  0.199710  0.765570  0.592019  0.581205  0.293180  0.305988  0.322985  0.573073  0.163031  0.720895  0.180494  0.707396  0.796380  0.269327  0.216112  0.284920  0.211115  0.509191  0.725267  0.269886  0.792394  0.759178  0.085693 0.0  0.355815 
60  0.355834  0.085693  0.631241  0.624796  0.455306  0.344439  0.501482  0.245775  0.475411  0.398664  0.316288  0.312005  0.493082  0.372167  0.495976  0.498989  0.524420  0.471099  0.455688  0.258401  0.309854  0.324193  0.194458  0.547088  0.307496  0.340782  0.576125  0.302001  0.571326  0.469356  0.555039  0.433974  0.195769  0.567729  0.451245  0.176614  0.517089  0.327859  0.243676  0.315598  0.232553  0.335790  0.190542  0.287381  0.252880  0.432034  0.260629  0.290915  0.530680  0.389491  0.310621  0.272895  0.294828  0.233969  0.278804  0.178054  0.384949  0.346483  0.447341  0.355815 0.0 
