61
0 0.0  0.248565  0.694747  0.735756  0.599902  0.594289  0.213650  0.087895  0.286227  0.281392  0.095224  0.241201  0.162763  0.195599  0.315543  0.530550  0.533477  0.429354  0.240647  0.215925  0.485796  0.420006  0.288861  0.478641  0.143639  0.272220  0.582209  0.087895  0.626759  0.534955  0.575399  0.268084  0.292204  0.524780  0.514370  0.179161  0.435830  0.484414  0.399266  0.365355  0.151220  0.184611  0.327079  0.422878  0.087895  0.533292  0.090614  0.401327  0.743593  0.181905  0.134583  0.087895  0.206864  0.465540  0.430024  0.208458  0.413215  0.455512  0.205854  0.334996  0.249125 
1  0.248565 0.0  0.543832  0.496293  0.347939  0.409498  0.444093  0.197681  0.493425  0.395160  0.274794  0.291976  0.484568  0.403247  0.466544  0.324174  0.437091  0.500499  0.481385  0.278081  0.208204  0.190082  0.134385  0.326930  0.314079  0.347494  0.379961  0.277365  0.510883  0.383465  0.363731  0.369549  0.151305  0.451172  0.347388  0.157370  0.550411  0.243522  0.264557  0.267532  0.331139  0.344701  0.203625  0.385231  0.297871  0.405623  0.389190  0.307853  0.444288  0.458819  0.345568  0.297851  0.263857  0.180330  0.345646  0.159080  0.294733  0.242945  0.498653  0.364014  0.098976 
2  0.694747  0.543832 0.0  0.189159  0.137532  0.144318  0.822906  0.671625  0.795510  0.811666  0.695661  0.698107  0.766816  0.697213  0.679316  0.279306  0.336617  0.667966  0.826642  0.727120  0.306523  0.283278  0.490438  0.268355  0.616452  0.637075  0.271983  0.710780  0.087895  0.156528  0.148553  0.727865  0.462882  0.181295  0.151701  0.628384  0.778344  0.344071  0.337424  0.303657  0.582754  0.777992  0.622763  0.326342  0.645357  0.225509  0.722845  0.321746  0.342779  0.811600  0.655993  0.696137  0.566355  0.320176  0.304710  0.491519  0.360092  0.285648  0.798709  0.810348  0.519525 
3  0.735756  0.496293  0.189159 0.0  0.130529  0.307835  0.766495  0.654783  0.741604  0.748352  0.708906  0.661711  0.711942  0.776051  0.733773  0.206414  0.191753  0.881020  0.808363  0.782318  0.267217  0.216475  0.418032  0.129300  0.671228  0.533795  0.120352  0.618336  0.137328  0.219874  0.134801  0.772438  0.459304  0.165088  0.165379  0.578154  0.851305  0.239346  0.395768  0.278166  0.586659  0.815241  0.500977  0.351449  0.746188  0.203730  0.721028  0.274628  0.312458  0.909619  0.688787  0.660361  0.677157  0.313876  0.183917  0.543087  0.343566  0.276057  0.742075  0.811387  0.636346 
4  0.599902  0.347939  0.137532  0.130529 0.0  0.246406  0.794164  0.590139  0.706065  0.765808  0.567625  0.629876  0.753259  0.718529  0.680986  0.087895  0.162641  0.718941  0.716233  0.676749  0.193126  0.128408  0.370724  0.139743  0.582563  0.595072  0.183615  0.551801  0.102010  0.127909  0.087895  0.603718  0.496974  0.269617  0.283915  0.550370  0.797040  0.215454  0.250871  0.370933  0.612596  0.699020  0.449526  0.349455  0.535541  0.182303  0.588124  0.150469  0.343652  0.779234  0.679282  0.651159  0.644540  0.160064  0.211840  0.485898  0.251902  0.225297  0.591628  0.818048  0.518763 
5  0.594289  0.409498  0.144318  0.307835  0.246406 0.0  0.503769  0.418548  0.629579  0.574976  0.459682  0.459772  0.592438  0.643542  0.655594  0.262590  0.108802  0.623384  0.650914  0.655354  0.087895  0.104024  0.416182  0.170127  0.449577  0.491989  0.356671  0.563151  0.123894  0.229556  0.172757  0.516161  0.379350  0.179695  0.087895  0.530157  0.697614  0.087895  0.365353  0.126307  0.431936  0.517229  0.465080  0.087895  0.527843  0.149264  0.431173  0.123010  0.398671  0.578630  0.498848  0.592051  0.487343  0.157003  0.087895  0.465410  0.290062  0.098309  0.608193  0.545637  0.328897 
6  0.213650  0.444093  0.822906  0.766495  0.794164  0.503769 0.0  0.352844  0.102721  0.225956  0.087895  0.109577  0.088171  0.138018  0.174547  0.664572  0.617259  0.234988  0.087895  0.224207  0.675854  0.684020  0.397072  0.775987  0.262189  0.232770  0.691845  0.345602  0.802052  0.708612  0.703740  0.210411  0.320853  0.858392  0.703283  0.314436  0.150377  0.583950  0.475662  0.565965  0.221503  0.114037  0.403791  0.589135  0.207560  0.652513  0.229569  0.681352  0.886504  0.186725  0.288897  0.263123  0.276067  0.509103  0.596689  0.255776  0.678091  0.541050  0.260676  0.165527  0.438268 
7  0.087895  0.197681  0.671625  0.654783  0.590139  0.418548  0.352844 0.0  0.288747  0.193048  0.117465  0.275363  0.250802  0.177494  0.286866  0.457743  0.539699  0.323958  0.290321  0.203827  0.552681  0.398656  0.269418  0.390459  0.270602  0.250987  0.541643  0.133151  0.597556  0.562007  0.538477  0.267671  0.207448  0.610939  0.468461  0.203449  0.331470  0.448311  0.245063  0.445015  0.087895  0.339481  0.196569  0.511596  0.187181  0.558138  0.227639  0.381223  0.689615  0.237451  0.244370  0.204443  0.299493  0.359260  0.476749  0.130057  0.394293  0.416183  0.367269  0.249428  0.204921 
8  0.286227  0.493425  0.795510  0.741604  0.706065  0.629579  0.102721  0.288747 0.0  0.221538  0.215032  0.182319  0.143040  0.087895  0.122322  0.675324  0.706881  0.276475  0.208707  0.250573  0.632717  0.605036  0.432529  0.767851  0.238446  0.258255  0.622709  0.281423  0.725684  0.739231  0.737183  0.267137  0.368929  0.762728  0.667176  0.240760  0.157526  0.633351  0.529189  0.636241  0.311106  0.190682  0.252636  0.549213  0.273485  0.764566  0.268094  0.672666  0.906872  0.178076  0.205990  0.307212  0.173091  0.607467  0.593528  0.314702  0.653653  0.660519  0.134456  0.169723  0.423807 
9  0.281392  0.395160  0.811666  0.748352  0.765808  0.574976  0.225956  0.193048  0.221538 0.0  0.153865  0.267726  0.253834  0.171684  0.206042  0.633445  0.703258  0.391680  0.228928  0.087895  0.647452  0.588233  0.414077  0.760011  0.235837  0.240479  0.714248  0.310111  0.711261  0.640447  0.809638  0.346074  0.352997  0.795316  0.638216  0.246185  0.158751  0.551098  0.437873  0.571546  0.138311  0.099015  0.390870  0.574558  0.184669  0.749538  0.245587  0.668589  1.000000  0.171138  0.236541  0.189968  0.339862  0.536941  0.522738  0.329675  0.646912  0.627199  0.232272  0.145037  0.403888 
10  0.095224  0.274794  0.695661  0.708906  0.567625  0.459682  0.087895  0.117465  0.215032  0.153865 0.0  0.157818  0.272956  0.140175  0.220601  0.589821  0.654743  0.316167  0.301433  0.201119  0.501167  0.415956  0.417404  0.594296  0.100282  0.114186  0.678711  0.193353  0.557947  0.607178  0.617651  0.237312  0.295030  0.670843  0.496187  0.141611  0.285126  0.571227  0.318904  0.403010  0.170069  0.087895  0.260192  0.515704  0.158030  0.578687  0.087895  0.488872  0.754033  0.209207  0.170404  0.172819  0.155730  0.433872  0.450086  0.236633  0.596806  0.379066  0.263252  0.175247  0.227001 
11  0.241201  0.291976  0.698107  0.661711  0.629876  0.459772  0.109577  0.275363  0.182319  0.267726  0.157818 0.0  0.159547  0.162759  0.114339  0.616964  0.662004  0.293658  0.218670  0.215303  0.583582  0.457948  0.453632  0.514875  0.177891  0.207939  0.650980  0.087895  0.688873  0.703218  0.727911  0.162613  0.281684  0.744368  0.544097  0.189300  0.280579  0.465947  0.372876  0.463055  0.282422  0.255618  0.228532  0.554265  0.165209  0.626956  0.221095  0.597633  0.833538  0.306762  0.087895  0.340696  0.159881  0.556863  0.492539  0.345679  0.646053  0.533837  0.293085  0.270740  0.346270 
12  0.162763  0.484568  0.766816  0.711942  0.753259  0.592438  0.088171  0.250802  0.143040  0.253834  0.272956  0.159547 0.0  0.101013  0.149838  0.596295  0.602130  0.306899  0.116726  0.187112  0.600521  0.518871  0.394019  0.652536  0.217270  0.259051  0.821292  0.252047  0.660211  0.713731  0.701298  0.201318  0.422134  0.794964  0.619094  0.239929  0.338911  0.652130  0.563473  0.588425  0.246863  0.151703  0.224333  0.536414  0.218300  0.581463  0.194375  0.570623  0.821235  0.242764  0.209461  0.239844  0.151612  0.556907  0.570610  0.291764  0.571072  0.523865  0.151266  0.087895  0.376973 
13  0.195599  0.403247  0.697213  0.776051  0.718529  0.643542  0.138018  0.177494  0.087895  0.171684  0.140175  0.162759  0.101013 0.0  0.202567  0.553246  0.575176  0.251791  0.087895  0.158773  0.508779  0.579243  0.328655  0.689721  0.193776  0.310685  0.726073  0.224378  0.704492  0.715206  0.650698  0.119967  0.386291  0.798410  0.636362  0.210532  0.275904  0.594924  0.436604  0.622968  0.346754  0.243945  0.230429  0.592775  0.272410  0.569543  0.087895  0.543855  0.786607  0.108538  0.129140  0.151829  0.214241  0.494049  0.559785  0.280679  0.584388  0.629006  0.097924  0.172948  0.243589 
14  0.315543  0.466544  0.679316  0.733773  0.680986  0.655594  0.174547  0.286866  0.122322  0.206042  0.220601  0.114339  0.149838  0.202567 0.0  0.605096  0.762963  0.244512  0.087895  0.212030  0.657090  0.582224  0.469866  0.668671  0.257384  0.244047  0.735296  0.247165  0.719490  0.725453  0.727869  0.126456  0.405474  0.792916  0.657647  0.183530  0.228775  0.578350  0.465892  0.542672  0.329006  0.283326  0.330455  0.684380  0.197767  0.743071  0.119105  0.684551  0.903611  0.240326  0.266258  0.398218  0.224886  0.585403  0.567026  0.237936  0.682832  0.558499  0.087895  0.125139  0.540962 
15  0.530550  0.324174  0.279306  0.206414  0.087895  0.262590  0.664572  0.457743  0.675324  0.633445  0.589821  0.616964  0.596295  0.553246  0.605096 0.0  0.156668  0.691920  0.756309  0.661957  0.254664  0.179871  0.324206  0.190184  0.539461  0.568450  0.212350  0.382595  0.179681  0.228358  0.117599  0.662113  0.466096  0.229978  0.097321  0.542678  0.671478  0.233544  0.246207  0.252732  0.495840  0.580255  0.416372  0.151698  0.567042  0.188325  0.586472  0.245818  0.210876  0.679538  0.615851  0.590254  0.570880  0.181127  0.151313  0.401169  0.180531  0.255899  0.618923  0.662717  0.351365 
16  0.533477  0.437091  0.336617  0.191753  0.162641  0.108802  0.617259  0.539699  0.706881  0.703258  0.654743  0.662004  0.602130  0.575176  0.762963  0.156668 0.0  0.741589  0.677372  0.672500  0.128989  0.219832  0.354691  0.122554  0.520239  0.471277  0.087895  0.522035  0.167182  0.205615  0.087895  0.580709  0.373913  0.127097  0.277737  0.569564  0.767237  0.252336  0.252280  0.204457  0.616893  0.621643  0.485882  0.228672  0.623320  0.087895  0.610314  0.159752  0.135141  0.724924  0.610847  0.688931  0.566968  0.254850  0.138475  0.440352  0.150954  0.133586  0.710588  0.646299  0.411030 
17  0.429354  0.500499  0.667966  0.881020  0.718941  0.623384  0.234988  0.323958  0.276475  0.391680  0.316167  0.293658  0.306899  0.251791  0.244512  0.691920  0.741589 0.0  0.271587  0.418834  0.696804  0.694626  0.567934  0.792567  0.238330  0.340429  0.789421  0.337049  0.778489  0.836880  0.712197  0.094876  0.462305  0.773897  0.779713  0.328963  0.296093  0.655155  0.605517  0.684936  0.377736  0.273425  0.399762  0.625215  0.327284  0.686584  0.255320  0.602518  0.913400  0.203525  0.193519  0.328190  0.275070  0.638873  0.608727  0.372525  0.682755  0.605777  0.263411  0.263312  0.512597 
18  0.240647  0.481385  0.826642  0.808363  0.716233  0.650914  0.087895  0.290321  0.208707  0.228928  0.301433  0.218670  0.116726  0.087895  0.087895  0.756309  0.677372  0.271587 0.0  0.222339  0.579628  0.598181  0.439941  0.669172  0.191068  0.237869  0.905311  0.406528  0.715990  0.789520  0.732469  0.087895  0.447278  0.922573  0.705989  0.261776  0.205494  0.588201  0.532128  0.560049  0.372280  0.273656  0.309261  0.654903  0.189151  0.678471  0.192107  0.633234  0.838227  0.167281  0.210579  0.194398  0.137208  0.571927  0.652016  0.364276  0.755706  0.589886  0.140921  0.182924  0.341964 
19  0.215925  0.278081  0.727120  0.782318  0.676749  0.655354  0.224207  0.203827  0.250573  0.087895  0.201119  0.215303  0.187112  0.158773  0.212030  0.661957  0.672500  0.418834  0.222339 0.0  0.464540  0.432680  0.279437  0.542083  0.233861  0.197580  0.633218  0.179584  0.620169  0.635032  0.716204  0.235198  0.261060  0.716530  0.594035  0.224099  0.223528  0.556538  0.383821  0.435238  0.138468  0.087895  0.204517  0.483602  0.087895  0.551762  0.124380  0.540925  0.682797  0.236981  0.104089  0.142748  0.276919  0.534895  0.448161  0.271519  0.532186  0.528749  0.236367  0.143940  0.227489 
20  0.485796  0.208204  0.306523  0.267217  0.193126  0.087895  0.675854  0.552681  0.632717  0.647452  0.501167  0.583582  0.600521  0.508779  0.657090  0.254664  0.128989  0.696804  0.579628  0.464540 0.0  0.218263  0.410570  0.105604  0.397591  0.440984  0.224999  0.556598  0.257901  0.226677  0.172682  0.537866  0.345523  0.227439  0.104399  0.443811  0.705042  0.183733  0.246144  0.158033  0.442172  0.511845  0.440473  0.146942  0.549706  0.174966  0.455690  0.087895  0.366291  0.702925  0.627376  0.700193  0.555664  0.089897  0.087895  0.453109  0.243584  0.109213  0.542163  0.630142  0.393298 
21  0.420006  0.190082  0.283278  0.216475  0.128408  0.104024  0.684020  0.398656  0.605036  0.588233  0.415956  0.457948  0.518871  0.579243  0.582224  0.179871  0.219832  0.694626  0.598181  0.432680  0.218263 0.0  0.257809  0.150691  0.337503  0.422895  0.236935  0.354196  0.289690  0.153908  0.103885  0.465509  0.282635  0.340294  0.304029  0.546469  0.749519  0.191560  0.201133  0.187008  0.422960  0.468686  0.416577  0.165028  0.424770  0.283683  0.522507  0.108723  0.368651  0.570603  0.528351  0.593419  0.488356  0.144392  0.155151  0.427518  0.208347  0.087895  0.586033  0.554091  0.317398 
22  0.288861  0.134385  0.490438  0.418032  0.370724  0.416182  0.397072  0.269418  0.432529  0.414077  0.417404  0.453632  0.394019  0.328655  0.469866  0.324206  0.354691  0.567934  0.439941  0.279437  0.410570  0.257809 0.0  0.345847  0.316538  0.272411  0.445904  0.245778  0.479407  0.414707  0.425850  0.397049  0.147779  0.469893  0.364956  0.357172  0.413249  0.306828  0.183261  0.222343  0.190381  0.286740  0.259548  0.362872  0.249287  0.381177  0.334087  0.387194  0.531517  0.456333  0.281917  0.392448  0.324202  0.138904  0.272253  0.323675  0.389492  0.294360  0.500043  0.447982  0.087895 
23  0.478641  0.326930  0.268355  0.129300  0.139743  0.170127  0.775987  0.390459  0.767851  0.760011  0.594296  0.514875  0.652536  0.689721  0.668671  0.190184  0.122554  0.792567  0.669172  0.542083  0.105604  0.150691  0.345847 0.0  0.500615  0.435143  0.179074  0.532725  0.116674  0.137607  0.131405  0.634644  0.438419  0.225805  0.087895  0.566065  0.748474  0.185073  0.330616  0.244135  0.561736  0.598339  0.432767  0.087895  0.579378  0.143504  0.564513  0.162054  0.200139  0.823970  0.625008  0.712775  0.569346  0.247745  0.114606  0.349692  0.131847  0.229650  0.728713  0.702453  0.382216 
24  0.143639  0.314079  0.616452  0.671228  0.582563  0.449577  0.262189  0.270602  0.238446  0.235837  0.100282  0.177891  0.217270  0.193776  0.257384  0.539461  0.520239  0.238330  0.191068  0.233861  0.397591  0.337503  0.316538  0.500615 0.0  0.108181  0.535903  0.264487  0.632979  0.629556  0.542096  0.209953  0.200436  0.601544  0.566022  0.155239  0.314023  0.520574  0.350296  0.497501  0.285860  0.222510  0.087895  0.462428  0.246932  0.524626  0.173550  0.533734  0.733884  0.359364  0.144489  0.254114  0.089122  0.372969  0.261121  0.171565  0.476261  0.361506  0.259184  0.318714  0.349268 
25  0.272220  0.347494  0.637075  0.533795  0.595072  0.491989  0.232770  0.250987  0.258255  0.240479  0.114186  0.207939  0.259051  0.310685  0.244047  0.568450  0.471277  0.340429  0.237869  0.197580  0.440984  0.422895  0.272411  0.435143  0.108181 0.0  0.666333  0.273349  0.574065  0.618315  0.528564  0.234335  0.294391  0.700937  0.525967  0.087895  0.379985  0.484383  0.399690  0.440522  0.246632  0.132079  0.152611  0.475372  0.160336  0.492098  0.225944  0.502486  0.676393  0.282486  0.087895  0.231571  0.115295  0.397793  0.427803  0.193480  0.555604  0.419040  0.189682  0.185072  0.319698 
26  0.582209  0.379961  0.271983  0.120352  0.183615  0.356671  0.691845  0.541643  0.622709  0.714248  0.678711  0.650980  0.821292  0.726073  0.735296  0.212350  0.087895  0.789421  0.905311  0.633218  0.224999  0.236935  0.445904  0.179074  0.535903  0.666333 0.0  0.599508  0.193570  0.184114  0.136403  0.709224  0.415939  0.195072  0.155367  0.572754  0.849071  0.189887  0.326698  0.336439  0.589038  0.682563  0.571635  0.336019  0.603356  0.204653  0.649327  0.236622  0.210531  0.800898  0.701060  0.697826  0.650625  0.309224  0.276664  0.523276  0.087895  0.315351  0.808657  0.637374  0.371157 
27  0.087895  0.277365  0.710780  0.618336  0.551801  0.563151  0.345602  0.133151  0.281423  0.310111  0.193353  0.087895  0.252047  0.224378  0.247165  0.382595  0.522035  0.337049  0.406528  0.179584  0.556598  0.354196  0.245778  0.532725  0.264487  0.273349  0.599508 0.0  0.629721  0.625972  0.546101  0.242456  0.237053  0.618016  0.532783  0.185472  0.316451  0.447172  0.369448  0.419713  0.087895  0.156857  0.214746  0.412665  0.087895  0.463190  0.091535  0.427109  0.681933  0.185632  0.159627  0.257168  0.270221  0.336422  0.311103  0.244664  0.411512  0.466978  0.238267  0.272214  0.293472 
28  0.626759  0.510883  0.087895  0.137328  0.102010  0.123894  0.802052  0.597556  0.725684  0.711261  0.557947  0.688873  0.660211  0.704492  0.719490  0.179681  0.167182  0.778489  0.715990  0.620169  0.257901  0.289690  0.479407  0.116674  0.632979  0.574065  0.193570  0.629721 0.0  0.231940  0.087895  0.696872  0.462248  0.121064  0.087895  0.636257  0.886133  0.290275  0.265414  0.326305  0.632883  0.724008  0.570050  0.204957  0.639895  0.202439  0.731094  0.187193  0.251810  0.759077  0.618579  0.700939  0.631193  0.235334  0.234510  0.512453  0.237043  0.261824  0.775423  0.682036  0.530746 
29  0.534955  0.383465  0.156528  0.219874  0.127909  0.229556  0.708612  0.562007  0.739231  0.640447  0.607178  0.703218  0.713731  0.715206  0.725453  0.228358  0.205615  0.836880  0.789520  0.635032  0.226677  0.153908  0.414707  0.137607  0.629556  0.618315  0.184114  0.625972  0.231940 0.0  0.124113  0.650413  0.441758  0.087895  0.181377  0.694024  0.724241  0.180019  0.307828  0.284717  0.651547  0.633222  0.585354  0.275544  0.619253  0.122494  0.520496  0.287990  0.173171  0.686869  0.658407  0.608882  0.630273  0.273393  0.303636  0.484929  0.160274  0.162405  0.672852  0.713145  0.465935 
30  0.575399  0.363731  0.148553  0.134801  0.087895  0.172757  0.703740  0.538477  0.737183  0.809638  0.617651  0.727911  0.701298  0.650698  0.727869  0.117599  0.087895  0.712197  0.732469  0.716204  0.172682  0.103885  0.425850  0.131405  0.542096  0.528564  0.136403  0.546101  0.087895  0.124113 0.0  0.643965  0.310273  0.173376  0.174198  0.542223  0.752060  0.224178  0.348701  0.205494  0.458558  0.638913  0.547123  0.182055  0.614677  0.147332  0.608634  0.274642  0.232609  0.638402  0.664774  0.561065  0.483298  0.239612  0.093707  0.525421  0.174708  0.205258  0.702915  0.695606  0.521866 
31  0.268084  0.369549  0.727865  0.772438  0.603718  0.516161  0.210411  0.267671  0.267137  0.346074  0.237312  0.162613  0.201318  0.119967  0.126456  0.662113  0.580709  0.094876  0.087895  0.235198  0.537866  0.465509  0.397049  0.634644  0.209953  0.234335  0.709224  0.242456  0.696872  0.650413  0.643965 0.0  0.484534  0.611346  0.479118  0.202667  0.331390  0.526226  0.475588  0.496631  0.321617  0.195562  0.206818  0.606825  0.272216  0.609708  0.237627  0.575659  0.761157  0.306980  0.217704  0.294915  0.241702  0.429935  0.482364  0.204431  0.519132  0.504207  0.265303  0.294856  0.397491 
32  0.292204  0.151305  0.462882  0.459304  0.496974  0.379350  0.320853  0.207448  0.368929  0.352997  0.295030  0.281684  0.422134  0.386291  0.405474  0.466096  0.373913  0.462305  0.447278  0.261060  0.345523  0.282635  0.147779  0.438419  0.200436  0.294391  0.415939  0.237053  0.462248  0.441758  0.310273  0.484534 0.0  0.583342  0.391116  0.352761  0.499487  0.316990  0.157175  0.206217  0.281182  0.356819  0.158314  0.295971  0.188313  0.338607  0.315411  0.276546  0.472663  0.347724  0.328976  0.363146  0.403518  0.257253  0.365968  0.087895  0.392458  0.365158  0.317942  0.371508  0.148454 
33  0.524780  0.451172  0.181295  0.165088  0.269617  0.179695  0.858392  0.610939  0.762728  0.795316  0.670843  0.744368  0.794964  0.798410  0.792916  0.229978  0.127097  0.773897  0.922573  0.716530  0.227439  0.340294  0.469893  0.225805  0.601544  0.700937  0.195072  0.618016  0.121064  0.087895  0.173376  0.611346  0.583342 0.0  0.287970  0.681401  0.964577  0.268069  0.410801  0.251246  0.666421  0.687198  0.530265  0.248757  0.638209  0.227474  0.743006  0.228665  0.160192  0.736104  0.748371  0.670542  0.684500  0.237184  0.240490  0.610255  0.298131  0.185908  0.749334  0.755292  0.568693 
34  0.514370  0.347388  0.151701  0.165379  0.283915  0.087895  0.703283  0.468461  0.667176  0.638216  0.496187  0.544097  0.619094  0.636362  0.657647  0.097321  0.277737  0.779713  0.705989  0.594035  0.104399  0.304029  0.364956  0.087895  0.566022  0.525967  0.155367  0.532783  0.087895  0.181377  0.174198  0.479118  0.391116  0.287970 0.0  0.517801  0.672264  0.217826  0.256731  0.167163  0.496658  0.561607  0.320351  0.087895  0.436274  0.093552  0.526187  0.143871  0.261761  0.670328  0.534221  0.410572  0.551415  0.189851  0.098046  0.376033  0.166005  0.204689  0.691239  0.740754  0.226425 
35  0.179161  0.157370  0.628384  0.578154  0.550370  0.530157  0.314436  0.203449  0.240760  0.246185  0.141611  0.189300  0.239929  0.210532  0.183530  0.542678  0.569564  0.328963  0.261776  0.224099  0.443811  0.546469  0.357172  0.566065  0.155239  0.087895  0.572754  0.185472  0.636257  0.694024  0.542223  0.202667  0.352761  0.681401  0.517801 0.0  0.255117  0.524772  0.399360  0.477497  0.168513  0.134115  0.270410  0.418975  0.136552  0.546983  0.114979  0.436147  0.757131  0.236684  0.149119  0.312215  0.127787  0.441269  0.495396  0.087895  0.487007  0.475558  0.209044  0.161466  0.448244 
36  0.435830  0.550411  0.778344  0.851305  0.797040  0.697614  0.150377  0.331470  0.157526  0.158751  0.285126  0.280579  0.338911  0.275904  0.228775  0.671478  0.767237  0.296093  0.205494  0.223528  0.705042  0.749519  0.413249  0.748474  0.314023  0.379985  0.849071  0.316451  0.886133  0.724241  0.752060  0.331390  0.499487  0.964577  0.672264  0.255117 0.0  0.678891  0.463041  0.701294  0.338572  0.220038  0.417168  0.712601  0.252661  0.768069  0.255308  0.729580  0.824987  0.087895  0.357844  0.137869  0.298722  0.627250  0.725325  0.331609  0.635306  0.705138  0.309432  0.220027  0.424698 
37  0.484414  0.243522  0.344071  0.239346  0.215454  0.087895  0.583950  0.448311  0.633351  0.551098  0.571227  0.465947  0.652130  0.594924  0.578350  0.233544  0.252336  0.655155  0.588201  0.556538  0.183733  0.191560  0.306828  0.185073  0.520574  0.484383  0.189887  0.447172  0.290275  0.180019  0.224178  0.526226  0.316990  0.268069  0.217826  0.524772  0.678891 0.0  0.224091  0.139001  0.384906  0.440483  0.340849  0.161327  0.497444  0.189692  0.535171  0.131472  0.352982  0.627195  0.415969  0.549959  0.543147  0.087895  0.087895  0.374386  0.168939  0.146983  0.667915  0.654828  0.299395 
38  0.399266  0.264557  0.337424  0.395768  0.250871  0.365353  0.475662  0.245063  0.529189  0.437873  0.318904  0.372876  0.563473  0.436604  0.465892  0.246207  0.252280  0.605517  0.532128  0.383821  0.246144  0.201133  0.183261  0.330616  0.350296  0.399690  0.326698  0.369448  0.265414  0.307828  0.348701  0.475588  0.157175  0.410801  0.256731  0.399360  0.463041  0.224091 0.0  0.278464  0.425965  0.314067  0.376194  0.329052  0.418716  0.275856  0.338671  0.168667  0.379498  0.627669  0.515556  0.396074  0.468506  0.214802  0.260460  0.327872  0.200226  0.244836  0.555921  0.493895  0.178831 
39  0.365355  0.267532  0.303657  0.278166  0.370933  0.126307  0.565965  0.445015  0.636241  0.571546  0.403010  0.463055  0.588425  0.622968  0.542672  0.252732  0.204457  0.684936  0.560049  0.435238  0.158033  0.187008  0.222343  0.244135  0.497501  0.440522  0.336439  0.419713  0.326305  0.284717  0.205494  0.496631  0.206217  0.251246  0.167163  0.477497  0.701294  0.139001  0.278464 0.0  0.450135  0.491654  0.446770  0.120576  0.467291  0.234783  0.470271  0.110419  0.455222  0.655487  0.529311  0.573477  0.497200  0.145233  0.110797  0.381555  0.153013  0.090477  0.501657  0.620838  0.227411 
40  0.151220  0.331139  0.582754  0.586659  0.612596  0.431936  0.221503  0.087895  0.311106  0.138311  0.170069  0.282422  0.246863  0.346754  0.329006  0.495840  0.616893  0.377736  0.372280  0.138468  0.442172  0.422960  0.190381  0.561736  0.285860  0.246632  0.589038  0.087895  0.632883  0.651547  0.458558  0.321617  0.281182  0.666421  0.496658  0.168513  0.338572  0.384906  0.425965  0.450135 0.0  0.168958  0.291916  0.421344  0.182413  0.574669  0.192996  0.435022  0.710980  0.361098  0.246680  0.200265  0.232512  0.406336  0.543018  0.163209  0.522269  0.396577  0.318343  0.240916  0.196445 
41  0.184611  0.344701  0.777992  0.815241  0.699020  0.517229  0.114037  0.339481  0.190682  0.099015  0.087895  0.255618  0.151703  0.243945  0.283326  0.580255  0.621643  0.273425  0.273656  0.087895  0.511845  0.468686  0.286740  0.598339  0.222510  0.132079  0.682563  0.156857  0.724008  0.633222  0.638913  0.195562  0.356819  0.687198  0.561607  0.134115  0.220038  0.440483  0.314067  0.491654  0.168958 0.0  0.384819  0.584390  0.144196  0.643924  0.087895  0.526796  0.846849  0.193339  0.112998  0.208939  0.165906  0.542885  0.576239  0.198615  0.601600  0.627390  0.183028  0.151860  0.262731 
42  0.327079  0.203625  0.622763  0.500977  0.449526  0.465080  0.403791  0.196569  0.252636  0.390870  0.260192  0.228532  0.224333  0.230429  0.330455  0.416372  0.485882  0.399762  0.309261  0.204517  0.440473  0.416577  0.259548  0.432767  0.087895  0.152611  0.571635  0.214746  0.570050  0.585354  0.547123  0.206818  0.158314  0.530265  0.320351  0.270410  0.417168  0.340849  0.376194  0.446770  0.291916  0.384819 0.0  0.366085  0.229477  0.604444  0.269101  0.382277  0.555750  0.350302  0.255839  0.425242  0.128408  0.361381  0.399825  0.189971  0.419240  0.312245  0.333020  0.300082  0.173196 
43  0.422878  0.385231  0.326342  0.351449  0.349455  0.087895  0.589135  0.511596  0.549213  0.574558  0.515704  0.554265  0.536414  0.592775  0.684380  0.151698  0.228672  0.625215  0.654903  0.483602  0.146942  0.165028  0.362872  0.087895  0.462428  0.475372  0.336019  0.412665  0.204957  0.275544  0.182055  0.606825  0.295971  0.248757  0.087895  0.418975  0.712601  0.161327  0.329052  0.120576  0.421344  0.584390  0.366085 0.0  0.527519  0.191619  0.394006  0.087895  0.368781  0.652920  0.467269  0.483553  0.523291  0.087895  0.124244  0.397046  0.125721  0.116966  0.660616  0.635123  0.374977 
44  0.087895  0.297871  0.645357  0.746188  0.535541  0.527843  0.207560  0.187181  0.273485  0.184669  0.158030  0.165209  0.218300  0.272410  0.197767  0.567042  0.623320  0.327284  0.189151  0.087895  0.549706  0.424770  0.249287  0.579378  0.246932  0.160336  0.603356  0.087895  0.639895  0.619253  0.614677  0.272216  0.188313  0.638209  0.436274  0.136552  0.252661  0.497444  0.418716  0.467291  0.182413  0.144196  0.229477  0.527519 0.0  0.501100  0.191729  0.488234  0.679449  0.218413  0.124786  0.225150  0.272556  0.472898  0.526473  0.230339  0.573548  0.512484  0.172106  0.164153  0.329311 
45  0.533292  0.405623  0.225509  0.203730  0.182303  0.149264  0.652513  0.558138  0.764566  0.749538  0.578687  0.626956  0.581463  0.569543  0.743071  0.188325  0.087895  0.686584  0.678471  0.551762  0.174966  0.283683  0.381177  0.143504  0.524626  0.492098  0.204653  0.463190  0.202439  0.122494  0.147332  0.609708  0.338607  0.227474  0.093552  0.546983  0.768069  0.189692  0.275856  0.234783  0.574669  0.643924  0.604444  0.191619  0.501100 0.0  0.505789  0.272391  0.299044  0.695536  0.535340  0.695916  0.609591  0.184658  0.162839  0.446990  0.134455  0.102740  0.714208  0.677849  0.316706 
46  0.090614  0.389190  0.722845  0.721028  0.588124  0.431173  0.229569  0.227639  0.268094  0.245587  0.087895  0.221095  0.194375  0.087895  0.119105  0.586472  0.610314  0.255320  0.192107  0.124380  0.455690  0.522507  0.334087  0.564513  0.173550  0.225944  0.649327  0.091535  0.731094  0.520496  0.608634  0.237627  0.315411  0.743006  0.526187  0.114979  0.255308  0.535171  0.338671  0.470271  0.192996  0.087895  0.269101  0.394006  0.191729  0.505789 0.0  0.613396  0.835920  0.263055  0.105426  0.088853  0.318629  0.367495  0.555897  0.214803  0.550629  0.615347  0.192220  0.198189  0.306990 
47  0.401327  0.307853  0.321746  0.274628  0.150469  0.123010  0.681352  0.381223  0.672666  0.668589  0.488872  0.597633  0.570623  0.543855  0.684551  0.245818  0.159752  0.602518  0.633234  0.540925  0.087895  0.108723  0.387194  0.162054  0.533734  0.502486  0.236622  0.427109  0.187193  0.287990  0.274642  0.575659  0.276546  0.228665  0.143871  0.436147  0.729580  0.131472  0.168667  0.110419  0.435022  0.526796  0.382277  0.087895  0.488234  0.272391  0.613396 0.0  0.297671  0.638641  0.428104  0.561516  0.529701  0.090411  0.132430  0.432922  0.210494  0.094681  0.565083  0.585247  0.326425 
48  0.743593  0.444288  0.342779  0.312458  0.343652  0.398671  0.886504  0.689615  0.906872  1.000000  0.754033  0.833538  0.821235  0.786607  0.903611  0.210876  0.135141  0.913400  0.838227  0.682797  0.366291  0.368651  0.531517  0.200139  0.733884  0.676393  0.210531  0.681933  0.251810  0.173171  0.232609  0.761157  0.472663  0.160192  0.261761  0.757131  0.824987  0.352982  0.379498  0.455222  0.710980  0.846849  0.555750  0.368781  0.679449  0.299044  0.835920  0.297671 0.0  0.858462  0.671299  0.761204  0.820788  0.381769  0.292306  0.679365  0.271384  0.323995  0.863064  0.751629  0.538617 
49  0.181905  0.458819  0.811600  0.909619  0.779234  0.578630  0.186725  0.237451  0.178076  0.171138  0.209207  0.306762  0.242764  0.108538  0.240326  0.679538  0.724924  0.203525  0.167281  0.236981  0.702925  0.570603  0.456333  0.823970  0.359364  0.282486  0.800898  0.185632  0.759077  0.686869  0.638402  0.306980  0.347724  0.736104  0.670328  0.236684  0.087895  0.627195  0.627669  0.655487  0.361098  0.193339  0.350302  0.652920  0.218413  0.695536  0.263055  0.638641  0.858462 0.0  0.243061  0.180165  0.257161  0.583030  0.615639  0.333155  0.700783  0.571708  0.108066  0.201245  0.384249 
50  0.134583  0.345568  0.655993  0.688787  0.679282  0.498848  0.288897  0.244370  0.205990  0.236541  0.170404  0.087895  0.209461  0.129140  0.266258  0.615851  0.610847  0.193519  0.210579  0.104089  0.627376  0.528351  0.281917  0.625008  0.144489  0.087895  0.701060  0.159627  0.618579  0.658407  0.664774  0.217704  0.328976  0.748371  0.534221  0.149119  0.357844  0.415969  0.515556  0.529311  0.246680  0.112998  0.255839  0.467269  0.124786  0.535340  0.105426  0.428104  0.671299  0.243061 0.0  0.200200  0.133114  0.406922  0.528537  0.297188  0.515151  0.470562  0.257454  0.151992  0.302691 
51  0.087895  0.297851  0.696137  0.660361  0.651159  0.592051  0.263123  0.204443  0.307212  0.189968  0.172819  0.340696  0.239844  0.151829  0.398218  0.590254  0.688931  0.328190  0.194398  0.142748  0.700193  0.593419  0.392448  0.712775  0.254114  0.231571  0.697826  0.257168  0.700939  0.608882  0.561065  0.294915  0.363146  0.670542  0.410572  0.312215  0.137869  0.549959  0.396074  0.573477  0.200265  0.208939  0.425242  0.483553  0.225150  0.695916  0.088853  0.561516  0.761204  0.180165  0.200200 0.0  0.318555  0.416063  0.600234  0.336771  0.497335  0.587158  0.304717  0.186970  0.304443 
52  0.206864  0.263857  0.566355  0.677157  0.644540  0.487343  0.276067  0.299493  0.173091  0.339862  0.155730  0.159881  0.151612  0.214241  0.224886  0.570880  0.566968  0.275070  0.137208  0.276919  0.555664  0.488356  0.324202  0.569346  0.089122  0.115295  0.650625  0.270221  0.631193  0.630273  0.483298  0.241702  0.403518  0.684500  0.551415  0.127787  0.298722  0.543147  0.468506  0.497200  0.232512  0.165906  0.128408  0.523291  0.272556  0.609591  0.318629  0.529701  0.820788  0.257161  0.133114  0.318555 0.0  0.581125  0.512202  0.190684  0.572095  0.541888  0.246076  0.200748  0.316596 
53  0.465540  0.180330  0.320176  0.313876  0.160064  0.157003  0.509103  0.359260  0.607467  0.536941  0.433872  0.556863  0.556907  0.494049  0.585403  0.181127  0.254850  0.638873  0.571927  0.534895  0.089897  0.144392  0.138904  0.247745  0.372969  0.397793  0.309224  0.336422  0.235334  0.273393  0.239612  0.429935  0.257253  0.237184  0.189851  0.441269  0.627250  0.087895  0.214802  0.145233  0.406336  0.542885  0.361381  0.087895  0.472898  0.184658  0.367495  0.090411  0.381769  0.583030  0.406922  0.416063  0.581125 0.0  0.215063  0.293070  0.202417  0.087895  0.578667  0.501574  0.345834 
54  0.430024  0.345646  0.304710  0.183917  0.211840  0.087895  0.596689  0.476749  0.593528  0.522738  0.450086  0.492539  0.570610  0.559785  0.567026  0.151313  0.138475  0.608727  0.652016  0.448161  0.087895  0.155151  0.272253  0.114606  0.261121  0.427803  0.276664  0.311103  0.234510  0.303636  0.093707  0.482364  0.365968  0.240490  0.098046  0.495396  0.725325  0.087895  0.260460  0.110797  0.543018  0.576239  0.399825  0.124244  0.526473  0.162839  0.555897  0.132430  0.292306  0.615639  0.528537  0.600234  0.512202  0.215063 0.0  0.399967  0.190771  0.118213  0.690567  0.579921  0.333816 
55  0.208458  0.159080  0.491519  0.543087  0.485898  0.465410  0.255776  0.130057  0.314702  0.329675  0.236633  0.345679  0.291764  0.280679  0.237936  0.401169  0.440352  0.372525  0.364276  0.271519  0.453109  0.427518  0.323675  0.349692  0.171565  0.193480  0.523276  0.244664  0.512453  0.484929  0.525421  0.204431  0.087895  0.610255  0.376033  0.087895  0.331609  0.374386  0.327872  0.381555  0.163209  0.198615  0.189971  0.397046  0.230339  0.446990  0.214803  0.432922  0.679365  0.333155  0.297188  0.336771  0.190684  0.293070  0.399967 0.0  0.347941  0.405434  0.307184  0.277914  0.200369 
56  0.413215  0.294733  0.360092  0.343566  0.251902  0.290062  0.678091  0.394293  0.653653  0.646912  0.596806  0.646053  0.571072  0.584388  0.682832  0.180531  0.150954  0.682755  0.755706  0.532186  0.243584  0.208347  0.389492  0.131847  0.476261  0.555604  0.087895  0.411512  0.237043  0.160274  0.174708  0.519132  0.392458  0.298131  0.166005  0.487007  0.635306  0.168939  0.200226  0.153013  0.522269  0.601600  0.419240  0.125721  0.573548  0.134455  0.550629  0.210494  0.271384  0.700783  0.515151  0.497335  0.572095  0.202417  0.190771  0.347941 0.0  0.237658  0.659081  0.621637  0.316848 
57  0.455512  0.242945  0.285648  0.276057  0.225297  0.098309  0.541050  0.416183  0.660519  0.627199  0.379066  0.533837  0.523865  0.629006  0.558499  0.255899  0.133586  0.605777  0.589886  0.528749  0.109213  0.087895  0.294360  0.229650  0.361506  0.419040  0.315351  0.466978  0.261824  0.162405  0.205258  0.504207  0.365158  0.185908  0.204689  0.475558  0.705138  0.146983  0.244836  0.090477  0.396577  0.627390  0.312245  0.116966  0.512484  0.102740  0.615347  0.094681  0.323995  0.571708  0.470562  0.587158  0.541888  0.087895  0.118213  0.405434  0.237658 0.0  0.589791  0.609512  0.244408 
58  0.205854  0.498653  0.798709  0.742075  0.591628  0.608193  0.260676  0.367269  0.134456  0.232272  0.263252  0.293085  0.151266  0.097924  0.087895  0.618923  0.710588  0.263411  0.140921  0.236367  0.542163  0.586033  0.500043  0.728713  0.259184  0.189682  0.808657  0.238267  0.775423  0.672852  0.702915  0.265303  0.317942  0.749334  0.691239  0.209044  0.309432  0.667915  0.555921  0.501657  0.318343  0.183028  0.333020  0.660616  0.172106  0.714208  0.192220  0.565083  0.863064  0.108066  0.257454  0.304717  0.246076  0.578667  0.690567  0.307184  0.659081  0.589791 0.0  0.087895  0.539012 
59  0.334996  0.364014  0.810348  0.811387  0.818048  0.545637  0.165527  0.249428  0.169723  0.145037  0.175247  0.270740  0.087895  0.172948  0.125139  0.662717  0.646299  0.263312  0.182924  0.143940  0.630142  0.554091  0.447982  0.702453  0.318714  0.185072  0.637374  0.272214  0.682036  0.713145  0.695606  0.294856  0.371508  0.755292  0.740754  0.161466  0.220027  0.654828  0.493895  0.620838  0.240916  0.151860  0.300082  0.635123  0.164153  0.677849  0.198189  0.585247  0.751629  0.201245  0.151992  0.186970  0.200748  0.501574  0.579921  0.277914  0.621637  0.609512  0.087895 0.0  0.343963 
60  0.249125  0.098976  0.519525  0.636346  0.518763  0.328897  0.438268  0.204921  0.423807  0.403888  0.227001  0.346270  0.376973  0.243589  0.540962  0.351365  0.411030  0.512597  0.341964  0.227489  0.393298  0.317398  0.087895  0.382216  0.349268  0.319698  0.371157  0.293472  0.530746  0.465935  0.521866  0.397491  0.148454  0.568693  0.226425  0.448244  0.424698  0.299395  0.178831  0.227411  0.196445  0.262731  0.173196  0.374977  0.329311  0.316706  0.306990  0.326425  0.538617  0.384249  0.302691  0.304443  0.316596  0.345834  0.333816  0.200369  0.316848  0.244408  0.539012  0.343963 0.0 
