61
0 0.0  0.382642  0.657140  0.726855  0.530018  0.568213  0.277311  0.078956  0.298967  0.277583  0.144890  0.178990  0.340335  0.189560  0.263931  0.575285  0.588365  0.460837  0.287810  0.181836  0.480075  0.532410  0.257710  0.609370  0.250349  0.176837  0.645814  0.117599  0.660896  0.670610  0.549925  0.330503  0.311263  0.586157  0.550088  0.207073  0.184169  0.532263  0.402649  0.389606  0.164455  0.137295  0.340983  0.486288  0.110288  0.596219  0.078956  0.527924  0.714028  0.218962  0.186290  0.078956  0.190857  0.512627  0.504149  0.166474  0.469793  0.492085  0.242575  0.193701  0.254870 
1  0.382642 0.0  0.606246  0.385634  0.392361  0.370565  0.492986  0.290465  0.448913  0.421957  0.240580  0.388133  0.370982  0.440132  0.409969  0.330976  0.395530  0.649951  0.526715  0.231407  0.471402  0.271325  0.093408  0.279049  0.415813  0.284141  0.373410  0.299496  0.447156  0.368511  0.468236  0.463631  0.173513  0.482630  0.413626  0.299920  0.498397  0.269641  0.136160  0.280693  0.222893  0.331132  0.270018  0.331931  0.187996  0.462422  0.277066  0.387338  0.438088  0.447585  0.410698  0.359363  0.344224  0.321032  0.296581  0.237984  0.282081  0.257021  0.440101  0.377909  0.107184 
2  0.657140  0.606246 0.0  0.079033  0.171686  0.294935  0.790601  0.596084  0.835245  0.869328  0.748616  0.723737  0.814785  0.819020  0.881938  0.293011  0.203871  0.852863  0.848543  0.725223  0.280352  0.312704  0.580791  0.243739  0.639332  0.638816  0.311394  0.631664  0.128232  0.291019  0.078956  0.713367  0.518478  0.165645  0.168286  0.754134  0.902863  0.307948  0.391239  0.307447  0.550585  0.771884  0.563119  0.269648  0.792382  0.292181  0.714745  0.377970  0.207780  0.867024  0.736128  0.735139  0.778543  0.316972  0.272257  0.608799  0.267524  0.320895  0.899752  0.892701  0.505848 
3  0.726855  0.385634  0.079033 0.0  0.094163  0.196317  0.762652  0.685896  0.847745  0.810158  0.738287  0.742245  0.734345  0.742197  0.761481  0.243935  0.359037  0.744681  0.838990  0.738872  0.227693  0.248436  0.551669  0.145703  0.706947  0.616915  0.251792  0.601099  0.078956  0.189326  0.195331  0.766030  0.515481  0.119999  0.299255  0.698869  0.909997  0.232686  0.389413  0.259570  0.600181  0.701543  0.553099  0.298777  0.727724  0.084103  0.610922  0.326656  0.239740  0.830173  0.598853  0.802544  0.755406  0.245202  0.297712  0.627114  0.307751  0.204665  0.770755  0.706386  0.684675 
4  0.530018  0.392361  0.171686  0.094163 0.0  0.147439  0.795758  0.574496  0.874814  0.783416  0.754155  0.658756  0.690229  0.745197  0.809992  0.193076  0.250819  0.723824  0.842448  0.718626  0.139887  0.228299  0.431023  0.146657  0.542049  0.648495  0.190931  0.676544  0.139115  0.081321  0.078956  0.659662  0.441482  0.135501  0.200390  0.597322  0.786921  0.148884  0.316434  0.196809  0.596900  0.670990  0.597200  0.229280  0.555790  0.168150  0.736723  0.185283  0.317489  0.743389  0.675566  0.684563  0.672265  0.227577  0.163782  0.484416  0.214318  0.242071  0.661711  0.779908  0.340066 
5  0.568213  0.370565  0.294935  0.196317  0.147439 0.0  0.662972  0.528671  0.677052  0.786117  0.503784  0.639617  0.664642  0.599513  0.654854  0.269812  0.223950  0.788368  0.702019  0.512210  0.125674  0.115185  0.300998  0.078956  0.527856  0.491213  0.228819  0.558776  0.239320  0.253658  0.127428  0.572049  0.275356  0.220737  0.078956  0.596904  0.658188  0.179917  0.172203  0.078956  0.429900  0.615147  0.356326  0.171445  0.612373  0.078956  0.524634  0.150605  0.354489  0.716796  0.381014  0.591232  0.498910  0.092794  0.102324  0.446521  0.258259  0.171987  0.616343  0.755298  0.373107 
6  0.277311  0.492986  0.790601  0.762652  0.795758  0.662972 0.0  0.229415  0.187835  0.123956  0.229040  0.303466  0.172085  0.126569  0.191471  0.846621  0.774096  0.248786  0.121458  0.130474  0.700249  0.667910  0.388782  0.604099  0.180804  0.333181  0.818565  0.312182  0.807167  0.737298  0.764505  0.200603  0.364500  0.804200  0.548565  0.210454  0.129073  0.602241  0.598332  0.611361  0.187400  0.098422  0.279733  0.621726  0.260581  0.783360  0.126903  0.646321  0.851135  0.189430  0.236374  0.229813  0.346805  0.556993  0.620062  0.358419  0.635982  0.600599  0.154601  0.142632  0.367606 
7  0.078956  0.290465  0.596084  0.685896  0.574496  0.528671  0.229415 0.0  0.270816  0.224696  0.291023  0.228381  0.304764  0.295928  0.186949  0.455575  0.579725  0.396525  0.404920  0.246963  0.457286  0.449608  0.214715  0.539532  0.191189  0.119108  0.477327  0.091663  0.542935  0.582919  0.587137  0.227764  0.242516  0.570268  0.410075  0.163548  0.256510  0.401351  0.289800  0.425869  0.102515  0.151782  0.299469  0.427147  0.095247  0.494751  0.240777  0.424281  0.782287  0.222639  0.384784  0.124392  0.199546  0.395565  0.378486  0.122198  0.442115  0.495337  0.372708  0.303761  0.236794 
8  0.298967  0.448913  0.835245  0.847745  0.874814  0.677052  0.187835  0.270816 0.0  0.167961  0.143037  0.218081  0.107772  0.141416  0.180774  0.734834  0.661538  0.237615  0.078956  0.267156  0.692824  0.648678  0.471721  0.753418  0.218600  0.244657  0.857697  0.227227  0.686057  0.806370  0.843710  0.263341  0.426759  0.816746  0.716139  0.234274  0.201841  0.473082  0.508742  0.613215  0.261197  0.267155  0.354089  0.662362  0.312113  0.823446  0.280247  0.627964  0.854798  0.218792  0.158390  0.254036  0.198709  0.556044  0.637080  0.369990  0.663256  0.623994  0.135248  0.078956  0.446400 
9  0.277583  0.421957  0.869328  0.810158  0.783416  0.786117  0.123956  0.224696  0.167961 0.0  0.338672  0.200394  0.252079  0.213040  0.259978  0.699155  0.852247  0.344161  0.203022  0.282752  0.657890  0.560285  0.477412  0.759902  0.323165  0.234953  0.656061  0.175535  0.704913  0.611784  0.632857  0.408583  0.378487  0.868694  0.670217  0.232367  0.190540  0.555641  0.513869  0.532920  0.261844  0.151871  0.354028  0.541745  0.218390  0.668599  0.117807  0.501317  0.718646  0.078956  0.249283  0.148314  0.307652  0.594064  0.611221  0.305687  0.570950  0.696209  0.105943  0.155090  0.514300 
10  0.144890  0.240580  0.748616  0.738287  0.754155  0.503784  0.229040  0.291023  0.143037  0.338672 0.0  0.196549  0.128857  0.187677  0.194847  0.633375  0.631391  0.297719  0.078956  0.199335  0.500740  0.539634  0.383514  0.548590  0.087074  0.078956  0.612423  0.231803  0.695951  0.682277  0.558645  0.225362  0.255532  0.760063  0.584462  0.116346  0.258755  0.443745  0.498831  0.497427  0.128430  0.078956  0.206711  0.613143  0.150960  0.508587  0.144560  0.532673  0.826416  0.229816  0.078956  0.113918  0.159598  0.509923  0.470219  0.235799  0.673510  0.437512  0.225116  0.181323  0.314775 
11  0.178990  0.388133  0.723737  0.742245  0.658756  0.639617  0.303466  0.228381  0.218081  0.200394  0.196549 0.0  0.157870  0.146476  0.163808  0.597168  0.578175  0.179988  0.170434  0.161477  0.711192  0.535413  0.427029  0.611425  0.189818  0.120338  0.763460  0.304487  0.700800  0.795617  0.621193  0.121391  0.217355  0.679112  0.549369  0.078956  0.188235  0.550945  0.413205  0.494948  0.225488  0.078956  0.217121  0.626991  0.080064  0.644150  0.209020  0.477728  0.739849  0.241909  0.159383  0.267637  0.082864  0.511476  0.546759  0.113091  0.583686  0.577101  0.307044  0.197655  0.363187 
12  0.340335  0.370982  0.814785  0.734345  0.690229  0.664642  0.172085  0.304764  0.107772  0.252079  0.128857  0.157870 0.0  0.169990  0.093051  0.654859  0.775115  0.287883  0.175586  0.258524  0.704343  0.533163  0.397970  0.619924  0.233161  0.178813  0.787183  0.173037  0.810737  0.645809  0.702062  0.152284  0.313868  0.853647  0.677307  0.193891  0.135931  0.589267  0.431533  0.529476  0.213403  0.078956  0.304884  0.569477  0.078956  0.607539  0.212074  0.636346  0.870053  0.303155  0.273591  0.243347  0.128235  0.578349  0.573709  0.277516  0.565428  0.512716  0.099729  0.125896  0.451701 
13  0.189560  0.440132  0.819020  0.742197  0.745197  0.599513  0.126569  0.295928  0.141416  0.213040  0.187677  0.146476  0.169990 0.0  0.235545  0.783025  0.726991  0.320551  0.109484  0.103019  0.663766  0.561425  0.401797  0.700363  0.329214  0.259588  0.816014  0.294679  0.825213  0.756489  0.648947  0.157675  0.351262  0.707076  0.589855  0.276913  0.205585  0.623883  0.480579  0.572889  0.163258  0.078956  0.258573  0.587500  0.192396  0.705184  0.191791  0.530043  0.938753  0.128200  0.130633  0.191052  0.146466  0.705377  0.552733  0.239977  0.664525  0.585097  0.184526  0.177120  0.297820 
14  0.263931  0.409969  0.881938  0.761481  0.809992  0.654854  0.191471  0.186949  0.180774  0.259978  0.194847  0.163808  0.093051  0.235545 0.0  0.782629  0.771946  0.210863  0.078956  0.311123  0.654588  0.660710  0.463553  0.663101  0.328120  0.193677  0.798984  0.344822  0.637343  0.825642  0.784847  0.207254  0.334239  0.847074  0.638757  0.264689  0.302276  0.567303  0.554864  0.593022  0.358463  0.309932  0.294572  0.638868  0.358339  0.593159  0.205571  0.666399  0.950855  0.343423  0.151631  0.275330  0.166607  0.615736  0.543418  0.257992  0.643112  0.565892  0.135570  0.173957  0.456715 
15  0.575285  0.330976  0.293011  0.243935  0.193076  0.269812  0.846621  0.455575  0.734834  0.699155  0.633375  0.597168  0.654859  0.783025  0.782629 0.0  0.132446  0.884392  0.694595  0.595156  0.233309  0.163286  0.346321  0.153452  0.636615  0.572684  0.115227  0.622795  0.269832  0.090752  0.226022  0.714810  0.403506  0.187412  0.143769  0.617700  0.784966  0.172932  0.318073  0.278963  0.474659  0.683437  0.500149  0.160782  0.554299  0.206478  0.595245  0.247295  0.224006  0.672323  0.634212  0.598181  0.631350  0.334313  0.174764  0.473293  0.209352  0.289480  0.673093  0.681410  0.373894 
16  0.588365  0.395530  0.203871  0.359037  0.250819  0.223950  0.774096  0.579725  0.661538  0.852247  0.631391  0.578175  0.775115  0.726991  0.771946  0.132446 0.0  0.748495  0.765594  0.601370  0.234761  0.290241  0.379010  0.110875  0.565621  0.588426  0.139888  0.656039  0.085420  0.083501  0.078956  0.659756  0.458365  0.195328  0.130416  0.474879  0.767106  0.187544  0.222232  0.200749  0.567208  0.638451  0.564457  0.141124  0.591381  0.187107  0.671231  0.078956  0.343061  0.686282  0.625612  0.602712  0.758180  0.208344  0.280533  0.677871  0.193915  0.192873  0.687959  0.801742  0.412360 
17  0.460837  0.649951  0.852863  0.744681  0.723824  0.788368  0.248786  0.396525  0.237615  0.344161  0.297719  0.179988  0.287883  0.320551  0.210863  0.884392  0.748495 0.0  0.259278  0.407557  0.687941  0.714379  0.337238  0.787409  0.207859  0.262289  0.730894  0.370282  0.777197  1.000000  0.815867  0.109647  0.491333  0.912805  0.777691  0.347924  0.313426  0.644577  0.632850  0.671237  0.270166  0.328073  0.407166  0.650200  0.401036  0.756291  0.318060  0.748059  0.876496  0.361308  0.344168  0.359054  0.285778  0.617385  0.643418  0.438913  0.772766  0.684646  0.202373  0.401438  0.587651 
18  0.287810  0.526715  0.848543  0.838990  0.842448  0.702019  0.121458  0.404920  0.078956  0.203022  0.078956  0.170434  0.175586  0.109484  0.078956  0.694595  0.765594  0.259278 0.0  0.167266  0.715872  0.741551  0.424239  0.910415  0.353508  0.264130  0.750407  0.375120  0.779409  0.706232  0.729755  0.117069  0.470211  0.765858  0.677245  0.227380  0.231187  0.661429  0.532691  0.679092  0.262977  0.262950  0.393833  0.712086  0.210121  0.722725  0.221160  0.690279  0.824912  0.207946  0.147166  0.144608  0.311529  0.760018  0.714592  0.255393  0.671104  0.602540  0.089066  0.078956  0.375144 
19  0.181836  0.231407  0.725223  0.738872  0.718626  0.512210  0.130474  0.246963  0.267156  0.282752  0.199335  0.161477  0.258524  0.103019  0.311123  0.595156  0.601370  0.407557  0.167266 0.0  0.640591  0.641992  0.383175  0.657080  0.213379  0.186390  0.629548  0.103631  0.704644  0.676905  0.657108  0.193258  0.291597  0.707137  0.572025  0.183226  0.238646  0.458542  0.568858  0.519520  0.216412  0.148963  0.361183  0.493309  0.163100  0.732309  0.128389  0.548940  0.689811  0.197449  0.114006  0.109961  0.315975  0.568943  0.538354  0.273079  0.463693  0.490774  0.280546  0.279507  0.377111 
20  0.480075  0.471402  0.280352  0.227693  0.139887  0.125674  0.700249  0.457286  0.692824  0.657890  0.500740  0.711192  0.704343  0.663766  0.654588  0.233309  0.234761  0.687941  0.715872  0.640591 0.0  0.078956  0.354789  0.140146  0.507216  0.504526  0.269807  0.503373  0.169574  0.292058  0.123201  0.640745  0.398914  0.205576  0.128885  0.699853  0.709343  0.130595  0.245343  0.152336  0.537159  0.562833  0.407152  0.182364  0.538997  0.143561  0.635816  0.100521  0.218562  0.754895  0.538011  0.524609  0.533209  0.131271  0.211295  0.462289  0.164329  0.157408  0.611809  0.644843  0.356609 
21  0.532410  0.271325  0.312704  0.248436  0.228299  0.115185  0.667910  0.449608  0.648678  0.560285  0.539634  0.535413  0.533163  0.561425  0.660710  0.163286  0.290241  0.714379  0.741551  0.641992  0.078956 0.0  0.317990  0.101939  0.534480  0.507094  0.250181  0.481711  0.146922  0.421562  0.159402  0.559931  0.238423  0.294073  0.149697  0.433212  0.747412  0.144767  0.299627  0.156179  0.415179  0.533033  0.308951  0.084044  0.382869  0.180527  0.506132  0.142891  0.258296  0.586291  0.468729  0.557850  0.491321  0.126852  0.094688  0.411540  0.250263  0.096555  0.595363  0.571598  0.319392 
22  0.257710  0.093408  0.580791  0.551669  0.431023  0.300998  0.388782  0.214715  0.471721  0.477412  0.383514  0.427029  0.397970  0.401797  0.463553  0.346321  0.379010  0.337238  0.424239  0.383175  0.354789  0.317990 0.0  0.367388  0.253208  0.215297  0.455247  0.158374  0.302574  0.451486  0.377218  0.488583  0.078956  0.512263  0.262832  0.283193  0.588811  0.176812  0.114456  0.239844  0.269697  0.369886  0.291286  0.268800  0.359446  0.338612  0.257663  0.345773  0.481809  0.405382  0.349815  0.404589  0.422108  0.251605  0.303859  0.304644  0.339540  0.401924  0.489697  0.422593  0.095363 
23  0.609370  0.279049  0.243739  0.145703  0.146657  0.078956  0.604099  0.539532  0.753418  0.759902  0.548590  0.611425  0.619924  0.700363  0.663101  0.153452  0.110875  0.787409  0.910415  0.657080  0.140146  0.101939  0.367388 0.0  0.600446  0.465052  0.238573  0.574134  0.092908  0.205681  0.096794  0.526203  0.403508  0.132000  0.154522  0.573053  0.800908  0.084322  0.289749  0.114809  0.487361  0.551122  0.397151  0.180382  0.596735  0.266456  0.681861  0.194168  0.329458  0.753616  0.648807  0.655874  0.480080  0.234303  0.107763  0.435991  0.235570  0.116223  0.672548  0.691008  0.453039 
24  0.250349  0.415813  0.639332  0.706947  0.542049  0.527856  0.180804  0.191189  0.218600  0.323165  0.087074  0.189818  0.233161  0.329214  0.328120  0.636615  0.565621  0.207859  0.353508  0.213379  0.507216  0.534480  0.253208  0.600446 0.0  0.084152  0.549324  0.209426  0.728219  0.607761  0.618974  0.198558  0.177714  0.627809  0.494234  0.125483  0.236707  0.366651  0.369682  0.407190  0.102977  0.251760  0.097493  0.530905  0.277873  0.551672  0.199060  0.569967  0.725774  0.365548  0.204931  0.284660  0.178757  0.393430  0.431905  0.251328  0.458559  0.506189  0.078956  0.232096  0.167834 
25  0.176837  0.284141  0.638816  0.616915  0.648495  0.491213  0.333181  0.119108  0.244657  0.234953  0.078956  0.120338  0.178813  0.259588  0.193677  0.572684  0.588426  0.262289  0.264130  0.186390  0.504526  0.507094  0.215297  0.465052  0.084152 0.0  0.588359  0.249779  0.618412  0.594383  0.475800  0.215944  0.293306  0.680595  0.453114  0.128622  0.361751  0.372041  0.380278  0.470096  0.138281  0.149521  0.108160  0.405913  0.180171  0.534811  0.215211  0.512115  0.756166  0.203491  0.161738  0.299978  0.092698  0.370428  0.436447  0.113690  0.434350  0.378712  0.307170  0.160015  0.280607 
26  0.645814  0.373410  0.311394  0.251792  0.190931  0.228819  0.818565  0.477327  0.857697  0.656061  0.612423  0.763460  0.787183  0.816014  0.798984  0.115227  0.139888  0.730894  0.750407  0.629548  0.269807  0.250181  0.455247  0.238573  0.549324  0.588359 0.0  0.568339  0.251682  0.138413  0.252209  0.771976  0.546752  0.105334  0.221532  0.538689  0.798213  0.296838  0.248336  0.186263  0.656220  0.783530  0.620676  0.257714  0.581671  0.132274  0.626560  0.301530  0.109450  0.785101  0.683728  0.836840  0.749175  0.425515  0.257853  0.630305  0.247002  0.204129  0.767087  0.737928  0.454764 
27  0.117599  0.299496  0.631664  0.601099  0.676544  0.558776  0.312182  0.091663  0.227227  0.175535  0.231803  0.304487  0.173037  0.294679  0.344822  0.622795  0.656039  0.370282  0.375120  0.103631  0.503373  0.481711  0.158374  0.574134  0.209426  0.249779  0.568339 0.0  0.652016  0.577201  0.513821  0.420435  0.204599  0.613403  0.387667  0.180948  0.340455  0.479032  0.336113  0.468903  0.165463  0.208432  0.259475  0.463414  0.156952  0.521414  0.132180  0.510634  0.633883  0.305267  0.174812  0.249746  0.349995  0.485632  0.551681  0.143652  0.447157  0.429225  0.252413  0.279010  0.179793 
28  0.660896  0.447156  0.128232  0.078956  0.139115  0.239320  0.807167  0.542935  0.686057  0.704913  0.695951  0.700800  0.810737  0.825213  0.637343  0.269832  0.085420  0.777197  0.779409  0.704644  0.169574  0.146922  0.302574  0.092908  0.728219  0.618412  0.251682  0.652016 0.0  0.242176  0.080751  0.644408  0.503513  0.199493  0.201360  0.648861  0.908529  0.166454  0.389147  0.287293  0.579880  0.709757  0.581980  0.332688  0.656634  0.163416  0.753921  0.190005  0.334803  0.932014  0.676134  0.746151  0.673203  0.316645  0.295651  0.540602  0.179188  0.327804  0.790164  0.681648  0.501572 
29  0.670610  0.368511  0.291019  0.189326  0.081321  0.253658  0.737298  0.582919  0.806370  0.611784  0.682277  0.795617  0.645809  0.756489  0.825642  0.090752  0.083501  1.000000  0.706232  0.676905  0.292058  0.421562  0.451486  0.205681  0.607761  0.594383  0.138413  0.577201  0.242176 0.0  0.211521  0.763184  0.546396  0.160889  0.212169  0.671194  0.830831  0.237951  0.231321  0.179754  0.537614  0.634466  0.633240  0.230808  0.703655  0.111510  0.719579  0.130198  0.227437  0.814208  0.708455  0.724473  0.580045  0.308871  0.342864  0.605537  0.129844  0.300650  0.820466  0.740827  0.498945 
30  0.549925  0.468236  0.078956  0.195331  0.078956  0.127428  0.764505  0.587137  0.843710  0.632857  0.558645  0.621193  0.702062  0.648947  0.784847  0.226022  0.078956  0.815867  0.729755  0.657108  0.123201  0.159402  0.377218  0.096794  0.618974  0.475800  0.252209  0.513821  0.080751  0.211521 0.0  0.629516  0.378846  0.226024  0.240356  0.639601  0.833678  0.112255  0.355215  0.267132  0.579554  0.756460  0.506592  0.086865  0.723630  0.096791  0.658325  0.158831  0.357991  0.779913  0.631671  0.650082  0.552011  0.164057  0.265576  0.514980  0.214856  0.273347  0.864616  0.687276  0.389801 
31  0.330503  0.463631  0.713367  0.766030  0.659662  0.572049  0.200603  0.227764  0.263341  0.408583  0.225362  0.121391  0.152284  0.157675  0.207254  0.714810  0.659756  0.109647  0.117069  0.193258  0.640745  0.559931  0.488583  0.526203  0.198558  0.215944  0.771976  0.420435  0.644408  0.763184  0.629516 0.0  0.408827  0.809400  0.595282  0.254104  0.433322  0.516867  0.466688  0.471322  0.275443  0.241505  0.156443  0.603163  0.221392  0.599802  0.179800  0.536946  0.826718  0.296948  0.105762  0.217432  0.284568  0.498528  0.495746  0.302046  0.639402  0.603364  0.226151  0.199554  0.498859 
32  0.311263  0.173513  0.518478  0.515481  0.441482  0.275356  0.364500  0.242516  0.426759  0.378487  0.255532  0.217355  0.313868  0.351262  0.334239  0.403506  0.458365  0.491333  0.470211  0.291597  0.398914  0.238423  0.078956  0.403508  0.177714  0.293306  0.546752  0.204599  0.503513  0.546396  0.378846  0.408827 0.0  0.436793  0.339473  0.310786  0.443158  0.231587  0.266728  0.258783  0.204476  0.194516  0.290436  0.267547  0.265906  0.369743  0.268691  0.337407  0.525829  0.448930  0.332811  0.390073  0.305920  0.241521  0.292836  0.230256  0.279368  0.281059  0.468601  0.377666  0.109148 
33  0.586157  0.482630  0.165645  0.119999  0.135501  0.220737  0.804200  0.570268  0.816746  0.868694  0.760063  0.679112  0.853647  0.707076  0.847074  0.187412  0.195328  0.912805  0.765858  0.707137  0.205576  0.294073  0.512263  0.132000  0.627809  0.680595  0.105334  0.613403  0.199493  0.160889  0.226024  0.809400  0.436793 0.0  0.240953  0.665193  0.888500  0.326528  0.414172  0.254297  0.607175  0.643583  0.495414  0.317393  0.607806  0.254343  0.693101  0.264729  0.194057  0.794745  0.676259  0.757755  0.643702  0.255519  0.338791  0.614802  0.271965  0.336890  0.595194  0.892515  0.476613 
34  0.550088  0.413626  0.168286  0.299255  0.200390  0.078956  0.548565  0.410075  0.716139  0.670217  0.584462  0.549369  0.677307  0.589855  0.638757  0.143769  0.130416  0.777691  0.677245  0.572025  0.128885  0.149697  0.262832  0.154522  0.494234  0.453114  0.221532  0.387667  0.201360  0.212169  0.240356  0.595282  0.339473  0.240953 0.0  0.606268  0.682821  0.178998  0.232139  0.120225  0.538412  0.578165  0.440336  0.167095  0.562340  0.078956  0.519410  0.169267  0.400523  0.723001  0.527652  0.563092  0.558368  0.078956  0.078956  0.373404  0.174295  0.121951  0.688198  0.591273  0.315755 
35  0.207073  0.299920  0.754134  0.698869  0.597322  0.596904  0.210454  0.163548  0.234274  0.232367  0.116346  0.078956  0.193891  0.276913  0.264689  0.617700  0.474879  0.347924  0.227380  0.183226  0.699853  0.433212  0.283193  0.573053  0.125483  0.128622  0.538689  0.180948  0.648861  0.671194  0.639601  0.254104  0.310786  0.665193  0.606268 0.0  0.290155  0.496113  0.421921  0.503074  0.121398  0.200396  0.113778  0.436686  0.078956  0.564490  0.141367  0.471304  0.689657  0.261277  0.078956  0.213276  0.154626  0.422709  0.490363  0.236045  0.497450  0.450672  0.224772  0.246485  0.325043 
36  0.184169  0.498397  0.902863  0.909997  0.786921  0.658188  0.129073  0.256510  0.201841  0.190540  0.258755  0.188235  0.135931  0.205585  0.302276  0.784966  0.767106  0.313426  0.231187  0.238646  0.709343  0.747412  0.588811  0.800908  0.236707  0.361751  0.798213  0.340455  0.908529  0.830831  0.833678  0.433322  0.443158  0.888500  0.682821  0.290155 0.0  0.668093  0.619389  0.581090  0.220906  0.336547  0.447262  0.717746  0.348567  0.752969  0.261462  0.696532  0.802244  0.169392  0.232623  0.139349  0.310454  0.709205  0.724044  0.315182  0.561599  0.643888  0.239109  0.292923  0.413262 
37  0.532263  0.269641  0.307948  0.232686  0.148884  0.179917  0.602241  0.401351  0.473082  0.555641  0.443745  0.550945  0.589267  0.623883  0.567303  0.172932  0.187544  0.644577  0.661429  0.458542  0.130595  0.144767  0.176812  0.084322  0.366651  0.372041  0.296838  0.479032  0.166454  0.237951  0.112255  0.516867  0.231587  0.326528  0.178998  0.496113  0.668093 0.0  0.320150  0.089561  0.525990  0.485970  0.341538  0.139851  0.495816  0.220224  0.474448  0.108861  0.356912  0.582240  0.496745  0.604876  0.623753  0.259032  0.078956  0.396008  0.170095  0.078956  0.774302  0.624981  0.337945 
38  0.402649  0.136160  0.391239  0.389413  0.316434  0.172203  0.598332  0.289800  0.508742  0.513869  0.498831  0.413205  0.431533  0.480579  0.554864  0.318073  0.222232  0.632850  0.532691  0.568858  0.245343  0.299627  0.114456  0.289749  0.369682  0.380278  0.248336  0.336113  0.389147  0.231321  0.355215  0.466688  0.266728  0.414172  0.232139  0.421921  0.619389  0.320150 0.0  0.312906  0.437352  0.415545  0.320857  0.156727  0.387665  0.227199  0.344094  0.199457  0.451401  0.544156  0.419303  0.422719  0.570829  0.176906  0.142312  0.317931  0.310230  0.280459  0.632194  0.565653  0.146572 
39  0.389606  0.280693  0.307447  0.259570  0.196809  0.078956  0.611361  0.425869  0.613215  0.532920  0.497427  0.494948  0.529476  0.572889  0.593022  0.278963  0.200749  0.671237  0.679092  0.519520  0.152336  0.156179  0.239844  0.114809  0.407190  0.470096  0.186263  0.468903  0.287293  0.179754  0.267132  0.471322  0.258783  0.254297  0.120225  0.503074  0.581090  0.089561  0.312906 0.0  0.432785  0.499685  0.313292  0.079350  0.433302  0.118897  0.581721  0.200285  0.412949  0.611345  0.490249  0.620518  0.471013  0.162235  0.144825  0.293522  0.154384  0.078956  0.555718  0.510646  0.197854 
40  0.164455  0.222893  0.550585  0.600181  0.596900  0.429900  0.187400  0.102515  0.261197  0.261844  0.128430  0.225488  0.213403  0.163258  0.358463  0.474659  0.567208  0.270166  0.262977  0.216412  0.537159  0.415179  0.269697  0.487361  0.102977  0.138281  0.656220  0.165463  0.579880  0.537614  0.579554  0.275443  0.204476  0.607175  0.538412  0.121398  0.220906  0.525990  0.437352  0.432785 0.0  0.128570  0.183701  0.481100  0.209769  0.528865  0.078956  0.463415  0.699894  0.360174  0.183838  0.126419  0.368855  0.373795  0.465623  0.109445  0.488545  0.497754  0.267133  0.333508  0.222177 
41  0.137295  0.331132  0.771884  0.701543  0.670990  0.615147  0.098422  0.151782  0.267155  0.151871  0.078956  0.078956  0.078956  0.078956  0.309932  0.683437  0.638451  0.328073  0.262950  0.148963  0.562833  0.533033  0.369886  0.551122  0.251760  0.149521  0.783530  0.208432  0.709757  0.634466  0.756460  0.241505  0.194516  0.643583  0.578165  0.200396  0.336547  0.485970  0.415545  0.499685  0.128570 0.0  0.185737  0.595072  0.173687  0.656060  0.078956  0.580479  0.794393  0.206374  0.078956  0.216334  0.275864  0.585729  0.548543  0.289388  0.626352  0.546094  0.219502  0.197705  0.335094 
42  0.340983  0.270018  0.563119  0.553099  0.597200  0.356326  0.279733  0.299469  0.354089  0.354028  0.206711  0.217121  0.304884  0.258573  0.294572  0.500149  0.564457  0.407166  0.393833  0.361183  0.407152  0.308951  0.291286  0.397151  0.097493  0.108160  0.620676  0.259475  0.581980  0.633240  0.506592  0.156443  0.290436  0.495414  0.440336  0.113778  0.447262  0.341538  0.320857  0.313292  0.183701  0.185737 0.0  0.423889  0.231502  0.488529  0.212066  0.428269  0.689197  0.401086  0.231034  0.324587  0.230821  0.336360  0.378458  0.118045  0.330674  0.334324  0.354293  0.383509  0.264923 
43  0.486288  0.331931  0.269648  0.298777  0.229280  0.171445  0.621726  0.427147  0.662362  0.541745  0.613143  0.626991  0.569477  0.587500  0.638868  0.160782  0.141124  0.650200  0.712086  0.493309  0.182364  0.084044  0.268800  0.180382  0.530905  0.405913  0.257714  0.463414  0.332688  0.230808  0.086865  0.603163  0.267547  0.317393  0.167095  0.436686  0.717746  0.139851  0.156727  0.079350  0.481100  0.595072  0.423889 0.0  0.544234  0.121841  0.526995  0.169043  0.381289  0.759632  0.558795  0.662704  0.401143  0.166427  0.078956  0.368202  0.084678  0.115430  0.633886  0.508488  0.376651 
44  0.110288  0.187996  0.792382  0.727724  0.555790  0.612373  0.260581  0.095247  0.312113  0.218390  0.150960  0.080064  0.078956  0.192396  0.358339  0.554299  0.591381  0.401036  0.210121  0.163100  0.538997  0.382869  0.359446  0.596735  0.277873  0.180171  0.581671  0.156952  0.656634  0.703655  0.723630  0.221392  0.265906  0.607806  0.562340  0.078956  0.348567  0.495816  0.387665  0.433302  0.209769  0.173687  0.231502  0.544234 0.0  0.462716  0.132826  0.540988  0.779437  0.217859  0.173150  0.097071  0.174733  0.424293  0.441525  0.117213  0.494327  0.384640  0.243116  0.278456  0.152178 
45  0.596219  0.462422  0.292181  0.084103  0.168150  0.078956  0.783360  0.494751  0.823446  0.668599  0.508587  0.644150  0.607539  0.705184  0.593159  0.206478  0.187107  0.756291  0.722725  0.732309  0.143561  0.180527  0.338612  0.266456  0.551672  0.534811  0.132274  0.521414  0.163416  0.111510  0.096791  0.599802  0.369743  0.254343  0.078956  0.564490  0.752969  0.220224  0.227199  0.118897  0.528865  0.656060  0.488529  0.121841  0.462716 0.0  0.636626  0.151779  0.233363  0.831833  0.588650  0.648512  0.548009  0.231594  0.078956  0.420908  0.204020  0.199779  0.762659  0.717610  0.272184 
46  0.078956  0.277066  0.714745  0.610922  0.736723  0.524634  0.126903  0.240777  0.280247  0.117807  0.144560  0.209020  0.212074  0.191791  0.205571  0.595245  0.671231  0.318060  0.221160  0.128389  0.635816  0.506132  0.257663  0.681861  0.199060  0.215211  0.626560  0.132180  0.753921  0.719579  0.658325  0.179800  0.268691  0.693101  0.519410  0.141367  0.261462  0.474448  0.344094  0.581721  0.078956  0.078956  0.212066  0.526995  0.132826  0.636626 0.0  0.480703  0.718280  0.133871  0.119759  0.138714  0.141182  0.493849  0.456921  0.182094  0.577446  0.564145  0.177970  0.249374  0.221662 
47  0.527924  0.387338  0.377970  0.326656  0.185283  0.150605  0.646321  0.424281  0.627964  0.501317  0.532673  0.477728  0.636346  0.530043  0.666399  0.247295  0.078956  0.748059  0.690279  0.548940  0.100521  0.142891  0.345773  0.194168  0.569967  0.512115  0.301530  0.510634  0.190005  0.130198  0.158831  0.536946  0.337407  0.264729  0.169267  0.471304  0.696532  0.108861  0.199457  0.200285  0.463415  0.580479  0.428269  0.169043  0.540988  0.151779  0.480703 0.0  0.303196  0.624131  0.573091  0.555619  0.580565  0.093161  0.089106  0.432881  0.262545  0.078956  0.667548  0.667831  0.307581 
48  0.714028  0.438088  0.207780  0.239740  0.317489  0.354489  0.851135  0.782287  0.854798  0.718646  0.826416  0.739849  0.870053  0.938753  0.950855  0.224006  0.343061  0.876496  0.824912  0.689811  0.218562  0.258296  0.481809  0.329458  0.725774  0.756166  0.109450  0.633883  0.334803  0.227437  0.357991  0.826718  0.525829  0.194057  0.400523  0.689657  0.802244  0.356912  0.451401  0.412949  0.699894  0.794393  0.689197  0.381289  0.779437  0.233363  0.718280  0.303196 0.0  0.991247  0.694045  0.738068  0.808551  0.394792  0.262696  0.689751  0.268876  0.292591  0.833758  0.980656  0.573602 
49  0.218962  0.447585  0.867024  0.830173  0.743389  0.716796  0.189430  0.222639  0.218792  0.078956  0.229816  0.241909  0.303155  0.128200  0.343423  0.672323  0.686282  0.361308  0.207946  0.197449  0.754895  0.586291  0.405382  0.753616  0.365548  0.203491  0.785101  0.305267  0.932014  0.814208  0.779913  0.296948  0.448930  0.794745  0.723001  0.261277  0.169392  0.582240  0.544156  0.611345  0.360174  0.206374  0.401086  0.759632  0.217859  0.831833  0.133871  0.624131  0.991247 0.0  0.274034  0.209962  0.319779  0.583846  0.688250  0.424137  0.693515  0.670727  0.286309  0.285607  0.513536 
50  0.186290  0.410698  0.736128  0.598853  0.675566  0.381014  0.236374  0.384784  0.158390  0.249283  0.078956  0.159383  0.273591  0.130633  0.151631  0.634212  0.625612  0.344168  0.147166  0.114006  0.538011  0.468729  0.349815  0.648807  0.204931  0.161738  0.683728  0.174812  0.676134  0.708455  0.631671  0.105762  0.332811  0.676259  0.527652  0.078956  0.232623  0.496745  0.419303  0.490249  0.183838  0.078956  0.231034  0.558795  0.173150  0.588650  0.119759  0.573091  0.694045  0.274034 0.0  0.140442  0.156961  0.492548  0.551885  0.206592  0.565755  0.508467  0.237301  0.096287  0.301187 
51  0.078956  0.359363  0.735139  0.802544  0.684563  0.591232  0.229813  0.124392  0.254036  0.148314  0.113918  0.267637  0.243347  0.191052  0.275330  0.598181  0.602712  0.359054  0.144608  0.109961  0.524609  0.557850  0.404589  0.655874  0.284660  0.299978  0.836840  0.249746  0.746151  0.724473  0.650082  0.217432  0.390073  0.757755  0.563092  0.213276  0.139349  0.604876  0.422719  0.620518  0.126419  0.216334  0.324587  0.662704  0.097071  0.648512  0.138714  0.555619  0.738068  0.209962  0.140442 0.0  0.338688  0.536298  0.667812  0.241426  0.674273  0.545642  0.275758  0.199918  0.285588 
52  0.190857  0.344224  0.778543  0.755406  0.672265  0.498910  0.346805  0.199546  0.198709  0.307652  0.159598  0.082864  0.128235  0.146466  0.166607  0.631350  0.758180  0.285778  0.311529  0.315975  0.533209  0.491321  0.422108  0.480080  0.178757  0.092698  0.749175  0.349995  0.673203  0.580045  0.552011  0.284568  0.305920  0.643702  0.558368  0.154626  0.310454  0.623753  0.570829  0.471013  0.368855  0.275864  0.230821  0.401143  0.174733  0.548009  0.141182  0.580565  0.808551  0.319779  0.156961  0.338688 0.0  0.497490  0.566234  0.207192  0.560061  0.447829  0.198330  0.149883  0.417710 
53  0.512627  0.321032  0.316972  0.245202  0.227577  0.092794  0.556993  0.395565  0.556044  0.594064  0.509923  0.511476  0.578349  0.705377  0.615736  0.334313  0.208344  0.617385  0.760018  0.568943  0.131271  0.126852  0.251605  0.234303  0.393430  0.370428  0.425515  0.485632  0.316645  0.308871  0.164057  0.498528  0.241521  0.255519  0.078956  0.422709  0.709205  0.259032  0.176906  0.162235  0.373795  0.585729  0.336360  0.166427  0.424293  0.231594  0.493849  0.093161  0.394792  0.583846  0.492548  0.536298  0.497490 0.0  0.173498  0.386843  0.170677  0.078956  0.642459  0.639093  0.294456 
54  0.504149  0.296581  0.272257  0.297712  0.163782  0.102324  0.620062  0.378486  0.637080  0.611221  0.470219  0.546759  0.573709  0.552733  0.543418  0.174764  0.280533  0.643418  0.714592  0.538354  0.211295  0.094688  0.303859  0.107763  0.431905  0.436447  0.257853  0.551681  0.295651  0.342864  0.265576  0.495746  0.292836  0.338791  0.078956  0.490363  0.724044  0.078956  0.142312  0.144825  0.465623  0.548543  0.378458  0.078956  0.441525  0.078956  0.456921  0.089106  0.262696  0.688250  0.551885  0.667812  0.566234  0.173498 0.0  0.487089  0.331957  0.141118  0.593898  0.565673  0.310675 
55  0.166474  0.237984  0.608799  0.627114  0.484416  0.446521  0.358419  0.122198  0.369990  0.305687  0.235799  0.113091  0.277516  0.239977  0.257992  0.473293  0.677871  0.438913  0.255393  0.273079  0.462289  0.411540  0.304644  0.435991  0.251328  0.113690  0.630305  0.143652  0.540602  0.605537  0.514980  0.302046  0.230256  0.614802  0.373404  0.236045  0.315182  0.396008  0.317931  0.293522  0.109445  0.289388  0.118045  0.368202  0.117213  0.420908  0.182094  0.432881  0.689751  0.424137  0.206592  0.241426  0.207192  0.386843  0.487089 0.0  0.374961  0.295711  0.219892  0.356046  0.183892 
56  0.469793  0.282081  0.267524  0.307751  0.214318  0.258259  0.635982  0.442115  0.663256  0.570950  0.673510  0.583686  0.565428  0.664525  0.643112  0.209352  0.193915  0.772766  0.671104  0.463693  0.164329  0.250263  0.339540  0.235570  0.458559  0.434350  0.247002  0.447157  0.179188  0.129844  0.214856  0.639402  0.279368  0.271965  0.174295  0.497450  0.561599  0.170095  0.310230  0.154384  0.488545  0.626352  0.330674  0.084678  0.494327  0.204020  0.577446  0.262545  0.268876  0.693515  0.565755  0.674273  0.560061  0.170677  0.331957  0.374961 0.0  0.215706  0.650872  0.726766  0.366915 
57  0.492085  0.257021  0.320895  0.204665  0.242071  0.171987  0.600599  0.495337  0.623994  0.696209  0.437512  0.577101  0.512716  0.585097  0.565892  0.289480  0.192873  0.684646  0.602540  0.490774  0.157408  0.096555  0.401924  0.116223  0.506189  0.378712  0.204129  0.429225  0.327804  0.300650  0.273347  0.603364  0.281059  0.336890  0.121951  0.450672  0.643888  0.078956  0.280459  0.078956  0.497754  0.546094  0.334324  0.115430  0.384640  0.199779  0.564145  0.078956  0.292591  0.670727  0.508467  0.545642  0.447829  0.078956  0.141118  0.295711  0.215706 0.0  0.648952  0.540325  0.189584 
58  0.242575  0.440101  0.899752  0.770755  0.661711  0.616343  0.154601  0.372708  0.135248  0.105943  0.225116  0.307044  0.099729  0.184526  0.135570  0.673093  0.687959  0.202373  0.089066  0.280546  0.611809  0.595363  0.489697  0.672548  0.078956  0.307170  0.767087  0.252413  0.790164  0.820466  0.864616  0.226151  0.468601  0.595194  0.688198  0.224772  0.239109  0.774302  0.632194  0.555718  0.267133  0.219502  0.354293  0.633886  0.243116  0.762659  0.177970  0.667548  0.833758  0.286309  0.237301  0.275758  0.198330  0.642459  0.593898  0.219892  0.650872  0.648952 0.0  0.078956  0.373077 
59  0.193701  0.377909  0.892701  0.706386  0.779908  0.755298  0.142632  0.303761  0.078956  0.155090  0.181323  0.197655  0.125896  0.177120  0.173957  0.681410  0.801742  0.401438  0.078956  0.279507  0.644843  0.571598  0.422593  0.691008  0.232096  0.160015  0.737928  0.279010  0.681648  0.740827  0.687276  0.199554  0.377666  0.892515  0.591273  0.246485  0.292923  0.624981  0.565653  0.510646  0.333508  0.197705  0.383509  0.508488  0.278456  0.717610  0.249374  0.667831  0.980656  0.285607  0.096287  0.199918  0.149883  0.639093  0.565673  0.356046  0.726766  0.540325  0.078956 0.0  0.418337 
60  0.254870  0.107184  0.505848  0.684675  0.340066  0.373107  0.367606  0.236794  0.446400  0.514300  0.314775  0.363187  0.451701  0.297820  0.456715  0.373894  0.412360  0.587651  0.375144  0.377111  0.356609  0.319392  0.095363  0.453039  0.167834  0.280607  0.454764  0.179793  0.501572  0.498945  0.389801  0.498859  0.109148  0.476613  0.315755  0.325043  0.413262  0.337945  0.146572  0.197854  0.222177  0.335094  0.264923  0.376651  0.152178  0.272184  0.221662  0.307581  0.573602  0.513536  0.301187  0.285588  0.417710  0.294456  0.310675  0.183892  0.366915  0.189584  0.373077  0.418337 0.0 
