61
0 0.0  0.232287  0.692484  0.602079  0.496758  0.507766  0.220728  0.117899  0.258998  0.191431  0.162090  0.250432  0.224535  0.232454  0.282471  0.534164  0.531737  0.395702  0.294588  0.152255  0.475906  0.456170  0.226242  0.595209  0.220107  0.210284  0.539087  0.099696  0.602598  0.583167  0.549040  0.307046  0.245872  0.609589  0.476892  0.193680  0.283347  0.455188  0.358456  0.379942  0.148355  0.177239  0.218784  0.489139  0.112907  0.490829  0.146774  0.501005  0.759624  0.235642  0.198501  0.154770  0.236788  0.436433  0.483694  0.184903  0.453608  0.441849  0.271498  0.244928  0.233359 
1  0.232287 0.0  0.464642  0.434436  0.417371  0.326662  0.421539  0.224303  0.422124  0.378144  0.266475  0.318647  0.426909  0.365612  0.399478  0.371847  0.422160  0.458509  0.480692  0.314025  0.335345  0.301015  0.112125  0.383429  0.268060  0.283795  0.442720  0.238713  0.422269  0.421353  0.419917  0.333922  0.130123  0.464435  0.340322  0.267527  0.483398  0.258170  0.166874  0.248551  0.241165  0.335375  0.229980  0.260318  0.281203  0.348112  0.289160  0.346345  0.484232  0.456265  0.308392  0.333927  0.339667  0.272738  0.272632  0.200576  0.313391  0.294784  0.408246  0.386915  0.102708 
2  0.692484  0.464642 0.0  0.115063  0.162784  0.250322  0.778217  0.537751  0.694976  0.965274  0.658978  0.542486  0.743398  0.792484  0.692597  0.254736  0.201136  0.733777  0.811516  0.587327  0.251256  0.276708  0.465432  0.211853  0.567054  0.545739  0.238572  0.625198  0.142689  0.240188  0.142638  0.699308  0.497431  0.162846  0.250756  0.639688  0.992905  0.259594  0.396620  0.307479  0.614144  0.787801  0.571954  0.230195  0.578663  0.214943  0.720822  0.247405  0.305891  0.744338  0.655882  0.828482  0.680041  0.281626  0.279856  0.553008  0.286164  0.253320  0.727803  0.840526  0.520238 
3  0.602079  0.434436  0.115063 0.0  0.132124  0.237165  0.808300  0.496621  0.805515  0.698338  0.681180  0.576176  0.569992  0.713506  0.798999  0.249881  0.205992  0.860218  0.740450  0.719923  0.247126  0.248338  0.466039  0.177612  0.630484  0.602192  0.218073  0.587271  0.118499  0.199159  0.146340  0.655409  0.473062  0.136721  0.226108  0.655661  0.775757  0.282202  0.372747  0.327310  0.798442  0.604590  0.466817  0.248445  0.675901  0.201373  0.553348  0.260137  0.260517  0.764706  0.507042  0.722502  0.538099  0.240985  0.261750  0.602261  0.248432  0.263483  0.781738  0.814607  0.432465 
4  0.496758  0.417371  0.162784  0.132124 0.0  0.196792  0.808983  0.509683  0.809885  0.700085  0.602128  0.611465  0.737217  0.656382  0.667621  0.179881  0.143952  0.788741  0.801637  0.543910  0.182965  0.201612  0.418562  0.137400  0.540836  0.531996  0.176034  0.523909  0.111647  0.192205  0.105635  0.654801  0.368622  0.127779  0.174848  0.525393  0.865619  0.231341  0.346078  0.225991  0.614180  0.683819  0.501499  0.222327  0.517554  0.164124  0.604240  0.200689  0.256615  0.777861  0.672526  0.688756  0.655825  0.228246  0.230199  0.577237  0.234204  0.221379  0.735622  0.680965  0.396691 
5  0.507766  0.326662  0.250322  0.237165  0.196792 0.0  0.619611  0.420953  0.629491  0.574792  0.576884  0.577950  0.542013  0.661411  0.638502  0.194351  0.182008  0.652825  0.605773  0.524694  0.098133  0.115099  0.352500  0.143021  0.387792  0.474712  0.230571  0.510213  0.196533  0.227708  0.182947  0.553618  0.335823  0.243551  0.135011  0.486338  0.616886  0.129116  0.251683  0.157762  0.459508  0.556927  0.357982  0.123802  0.535848  0.152783  0.533789  0.104853  0.369132  0.678823  0.491598  0.627534  0.526203  0.143382  0.117883  0.426892  0.198720  0.115160  0.551097  0.624453  0.367203 
6  0.220728  0.421539  0.778217  0.808300  0.808983  0.619611 0.0  0.295483  0.114284  0.147956  0.205901  0.198897  0.121600  0.116302  0.161178  0.622687  0.602550  0.250916  0.132712  0.194166  0.608768  0.621488  0.445057  0.669179  0.276510  0.227846  0.616486  0.224048  0.640973  0.670752  0.657736  0.216331  0.341253  0.661171  0.583371  0.220553  0.166744  0.570069  0.495254  0.537130  0.263782  0.170831  0.339558  0.588368  0.234110  0.714395  0.200315  0.621506  0.730970  0.167647  0.202385  0.203163  0.219343  0.497928  0.641950  0.324393  0.546970  0.596466  0.122468  0.125302  0.340114 
7  0.117899  0.224303  0.537751  0.496621  0.509683  0.420953  0.295483 0.0  0.305447  0.259791  0.188905  0.228976  0.257548  0.222392  0.305394  0.504860  0.543756  0.330519  0.316269  0.182013  0.460021  0.461175  0.226281  0.542266  0.219366  0.187931  0.571934  0.104776  0.585077  0.529087  0.580483  0.288001  0.188269  0.650830  0.523253  0.191381  0.282578  0.373424  0.302379  0.429536  0.116236  0.209615  0.222125  0.354204  0.123236  0.418733  0.148944  0.471457  0.588220  0.298280  0.204687  0.200626  0.266568  0.412161  0.412532  0.152467  0.469274  0.426708  0.292614  0.298053  0.199193 
8  0.258998  0.422124  0.694976  0.805515  0.809885  0.629491  0.114284  0.305447 0.0  0.177037  0.181446  0.180222  0.111515  0.124140  0.148593  0.755514  0.680883  0.256468  0.115103  0.228026  0.596801  0.654997  0.438781  0.579656  0.219720  0.278480  0.773002  0.235399  0.667645  0.782379  0.728769  0.218004  0.416285  0.727672  0.630362  0.227854  0.212738  0.579415  0.460713  0.627400  0.293169  0.178470  0.338885  0.611559  0.245558  0.720762  0.247161  0.532360  0.787814  0.160371  0.179995  0.208965  0.199719  0.569770  0.654535  0.319963  0.607870  0.602574  0.108959  0.104326  0.378458 
9  0.191431  0.378144  0.965274  0.698338  0.700085  0.574792  0.147956  0.259791  0.177037 0.0  0.203900  0.219132  0.177244  0.136273  0.224614  0.680762  0.637804  0.300045  0.223472  0.153359  0.591149  0.511444  0.373376  0.558785  0.255081  0.289380  0.646679  0.199685  0.639554  0.641013  0.750001  0.259810  0.367920  0.737979  0.609182  0.230725  0.162381  0.527208  0.502671  0.585686  0.221265  0.147503  0.366943  0.535981  0.219026  0.643783  0.183729  0.617148  0.779773  0.122338  0.204700  0.142092  0.253823  0.519214  0.599244  0.299715  0.675859  0.544983  0.190405  0.180868  0.356477 
10  0.162090  0.266475  0.658978  0.681180  0.602128  0.576884  0.205901  0.188905  0.181446  0.203900 0.0  0.146211  0.187893  0.160237  0.198832  0.608642  0.625158  0.313073  0.225495  0.162693  0.525774  0.474080  0.313552  0.565436  0.174401  0.158222  0.645373  0.160581  0.659062  0.653129  0.545198  0.171873  0.271319  0.603690  0.525853  0.131787  0.260948  0.517810  0.402663  0.402356  0.157750  0.125284  0.209677  0.521003  0.147923  0.503883  0.125444  0.544776  0.642320  0.240028  0.099571  0.190965  0.190637  0.481124  0.496877  0.200610  0.466181  0.429023  0.188931  0.172325  0.281655 
11  0.250432  0.318647  0.542486  0.576176  0.611465  0.577950  0.198897  0.228976  0.180222  0.219132  0.146211 0.0  0.159008  0.182415  0.160002  0.584589  0.645322  0.263308  0.175480  0.199602  0.534920  0.479173  0.292594  0.585455  0.150745  0.156563  0.657935  0.210817  0.644350  0.604886  0.640453  0.126601  0.299624  0.628044  0.607214  0.156943  0.267357  0.475242  0.453823  0.528742  0.224716  0.171244  0.228102  0.526454  0.201722  0.559565  0.183740  0.513744  0.655986  0.207952  0.125298  0.241962  0.127021  0.472456  0.552099  0.217599  0.653304  0.486998  0.153063  0.159987  0.281181 
12  0.224535  0.426909  0.743398  0.569992  0.737217  0.542013  0.121600  0.257548  0.111515  0.177244  0.187893  0.159008 0.0  0.125699  0.130992  0.580029  0.644067  0.243896  0.133711  0.207225  0.583418  0.532644  0.402681  0.567992  0.233296  0.218333  0.627253  0.234234  0.699991  0.501005  0.760852  0.154610  0.346356  0.668131  0.613389  0.180825  0.223410  0.579539  0.521611  0.536199  0.260165  0.156536  0.303080  0.549889  0.199157  0.686059  0.191348  0.551458  0.752083  0.187369  0.165239  0.216183  0.202011  0.533112  0.520214  0.268861  0.524664  0.604207  0.107418  0.100912  0.370971 
13  0.232454  0.365612  0.792484  0.713506  0.656382  0.661411  0.116302  0.222392  0.124140  0.136273  0.160237  0.182415  0.125699 0.0  0.172528  0.554018  0.551856  0.269372  0.154053  0.156586  0.531856  0.600936  0.304770  0.684871  0.231666  0.230524  0.719017  0.231139  0.673901  0.731179  0.615789  0.188163  0.370188  0.754417  0.574385  0.211883  0.208812  0.611731  0.566887  0.597686  0.247864  0.122023  0.293816  0.443359  0.188593  0.575436  0.165777  0.623028  0.803622  0.169437  0.156804  0.173896  0.213076  0.544093  0.537140  0.267847  0.686880  0.610260  0.143357  0.136679  0.336978 
14  0.282471  0.399478  0.692597  0.798999  0.667621  0.638502  0.161178  0.305394  0.148593  0.224614  0.198832  0.160002  0.130992  0.172528 0.0  0.557300  0.719482  0.189770  0.121755  0.256758  0.630305  0.558651  0.532251  0.620372  0.242473  0.219770  0.607127  0.324481  0.757192  0.706949  0.707426  0.160703  0.352813  0.718542  0.653311  0.217197  0.260159  0.555439  0.480541  0.628489  0.280152  0.206302  0.276871  0.566541  0.262627  0.768965  0.238175  0.596271  0.814665  0.218864  0.200888  0.263751  0.171510  0.531913  0.524255  0.277623  0.609551  0.549836  0.126867  0.138706  0.424484 
15  0.534164  0.371847  0.254736  0.249881  0.179881  0.194351  0.622687  0.504860  0.755514  0.680762  0.608642  0.584589  0.580029  0.554018  0.557300 0.0  0.127002  0.713951  0.755087  0.673267  0.192257  0.193792  0.359163  0.167746  0.506125  0.510018  0.163284  0.475207  0.232577  0.135557  0.195498  0.655732  0.356936  0.186699  0.164863  0.463867  0.624447  0.213410  0.272904  0.186877  0.569808  0.567938  0.426898  0.206433  0.462184  0.142258  0.552916  0.201746  0.234697  0.621259  0.561197  0.537616  0.626507  0.257213  0.179274  0.447060  0.144834  0.188780  0.856328  0.652388  0.343428 
16  0.531737  0.422160  0.201136  0.205992  0.143952  0.182008  0.602550  0.543756  0.680883  0.637804  0.625158  0.645322  0.644067  0.551856  0.719482  0.127002 0.0  0.721724  0.694355  0.629057  0.156134  0.179985  0.368187  0.136590  0.549224  0.554779  0.154677  0.491517  0.164945  0.136180  0.150434  0.565245  0.347023  0.159216  0.147091  0.522414  0.850179  0.199911  0.283470  0.187822  0.494875  0.644865  0.469767  0.177691  0.477127  0.112357  0.548392  0.196320  0.253873  0.774137  0.623818  0.571643  0.730734  0.237357  0.160144  0.470394  0.181924  0.192684  0.681202  0.659383  0.429711 
17  0.395702  0.458509  0.733777  0.860218  0.788741  0.652825  0.250916  0.330519  0.256468  0.300045  0.313073  0.263308  0.243896  0.269372  0.189770  0.713951  0.721724 0.0  0.220830  0.362155  0.718470  0.572965  0.557209  0.627312  0.290101  0.272049  0.736744  0.323741  0.844717  0.842417  0.666255  0.184786  0.488532  0.820999  0.631276  0.294191  0.385709  0.538605  0.589709  0.571127  0.331862  0.290236  0.339274  0.595205  0.304822  0.743497  0.321749  0.538302  0.982209  0.311697  0.275220  0.292052  0.245674  0.663931  0.673139  0.375955  0.675880  0.614985  0.215405  0.218318  0.458762 
18  0.294588  0.480692  0.811516  0.740450  0.801637  0.605773  0.132712  0.316269  0.115103  0.223472  0.225495  0.175480  0.133711  0.154053  0.121755  0.755087  0.694355  0.220830 0.0  0.253277  0.596825  0.696114  0.399074  0.743367  0.280062  0.253665  0.689913  0.266507  0.744336  0.860277  0.859722  0.190879  0.427449  0.823871  0.672974  0.224745  0.209713  0.570840  0.521863  0.661641  0.286785  0.184325  0.345626  0.593862  0.280924  0.683978  0.220357  0.579584  0.844029  0.214823  0.217963  0.242648  0.227431  0.496630  0.678448  0.293402  0.572777  0.527675  0.109567  0.110474  0.404445 
19  0.152255  0.314025  0.587327  0.719923  0.543910  0.524694  0.194166  0.182013  0.228026  0.153359  0.162693  0.199602  0.207225  0.156586  0.256758  0.673267  0.629057  0.362155  0.253277 0.0  0.501440  0.484740  0.330531  0.619586  0.236727  0.210686  0.679334  0.156594  0.673970  0.589246  0.609733  0.251366  0.317288  0.740109  0.492360  0.186015  0.213762  0.469443  0.431565  0.494649  0.174592  0.123979  0.276321  0.575941  0.132502  0.541434  0.121840  0.451515  0.647465  0.222431  0.167881  0.121625  0.219641  0.476524  0.550061  0.218020  0.506274  0.505904  0.198647  0.201998  0.325595 
20  0.475906  0.335345  0.251256  0.247126  0.182965  0.098133  0.608768  0.460021  0.596801  0.591149  0.525774  0.534920  0.583418  0.531856  0.630305  0.192257  0.156134  0.718470  0.596825  0.501440 0.0  0.118745  0.305102  0.136567  0.492677  0.485907  0.264081  0.446811  0.202990  0.211446  0.156938  0.466152  0.334166  0.217181  0.119568  0.503763  0.755227  0.119168  0.234221  0.148772  0.461249  0.644151  0.363175  0.116263  0.569209  0.133021  0.533612  0.104118  0.319459  0.680438  0.577901  0.485865  0.512593  0.146733  0.127775  0.435451  0.196246  0.120502  0.484925  0.600675  0.354671 
21  0.456170  0.301015  0.276708  0.248338  0.201612  0.115099  0.621488  0.461175  0.654997  0.511444  0.474080  0.479173  0.532644  0.600936  0.558651  0.193792  0.179985  0.572965  0.696114  0.484740  0.118745 0.0  0.255427  0.167002  0.422477  0.448054  0.279258  0.432828  0.225079  0.271408  0.180650  0.469643  0.288518  0.247378  0.130683  0.466907  0.676802  0.094004  0.216620  0.134028  0.455621  0.473146  0.380152  0.094859  0.400561  0.173717  0.466849  0.100996  0.360076  0.656791  0.395993  0.560615  0.444373  0.116549  0.102312  0.381321  0.180671  0.089260  0.586733  0.629488  0.318486 
22  0.226242  0.112125  0.465432  0.466039  0.418562  0.352500  0.445057  0.226281  0.438781  0.373376  0.313552  0.292594  0.402681  0.304770  0.532251  0.359163  0.368187  0.557209  0.399074  0.330531  0.305102  0.255427 0.0  0.363326  0.295929  0.322479  0.418346  0.285463  0.433403  0.357029  0.443172  0.400687  0.146013  0.423856  0.287611  0.290428  0.471415  0.294249  0.179217  0.254733  0.235645  0.312179  0.293785  0.314034  0.256316  0.327326  0.308783  0.306308  0.516662  0.421381  0.328970  0.361833  0.319531  0.280217  0.258933  0.226141  0.254977  0.276772  0.427861  0.442573  0.122459 
23  0.595209  0.383429  0.211853  0.177612  0.137400  0.143021  0.669179  0.542266  0.579656  0.558785  0.565436  0.585455  0.567992  0.684871  0.620372  0.167746  0.136590  0.627312  0.743367  0.619586  0.136567  0.167002  0.363326 0.0  0.513271  0.525905  0.220915  0.518014  0.159308  0.205720  0.132978  0.589765  0.374672  0.167277  0.135593  0.582124  0.779114  0.166630  0.311116  0.188228  0.486535  0.588208  0.513365  0.160057  0.531520  0.126770  0.479722  0.174914  0.275870  0.614489  0.551125  0.606350  0.646040  0.208646  0.159182  0.499186  0.201539  0.175967  0.669321  0.730698  0.410632 
24  0.220107  0.268060  0.567054  0.630484  0.540836  0.387792  0.276510  0.219366  0.219720  0.255081  0.174401  0.150745  0.233296  0.231666  0.242473  0.506125  0.549224  0.290101  0.280062  0.236727  0.492677  0.422477  0.295929  0.513271 0.0  0.105202  0.594171  0.218180  0.527015  0.513748  0.588437  0.180948  0.236575  0.684248  0.443214  0.131743  0.364310  0.412810  0.387973  0.464372  0.191149  0.205511  0.146967  0.409658  0.201351  0.551058  0.175903  0.381143  0.699179  0.297187  0.174716  0.283872  0.139902  0.458096  0.457420  0.166130  0.423738  0.429015  0.228507  0.239884  0.291586 
25  0.210284  0.283795  0.545739  0.602192  0.531996  0.474712  0.227846  0.187931  0.278480  0.289380  0.158222  0.156563  0.218333  0.230524  0.219770  0.510018  0.554779  0.272049  0.253665  0.210686  0.485907  0.448054  0.322479  0.525905  0.105202 0.0  0.695959  0.194654  0.636574  0.487582  0.524311  0.179792  0.259803  0.664092  0.411462  0.126396  0.325114  0.421165  0.406974  0.470900  0.177895  0.195358  0.149222  0.433806  0.183741  0.456999  0.205412  0.462805  0.750566  0.334818  0.146305  0.245319  0.151204  0.453855  0.416532  0.161463  0.446866  0.381759  0.240989  0.232184  0.243798 
26  0.539087  0.442720  0.238572  0.218073  0.176034  0.230571  0.616486  0.571934  0.773002  0.646679  0.645373  0.657935  0.627253  0.719017  0.607127  0.163284  0.154677  0.736744  0.689913  0.679334  0.264081  0.279258  0.418346  0.220915  0.594171  0.695959 0.0  0.625748  0.183656  0.109688  0.197723  0.704501  0.438456  0.177080  0.198190  0.615310  0.786447  0.272952  0.320359  0.242658  0.571899  0.624207  0.561548  0.218606  0.627575  0.186549  0.535024  0.270738  0.176176  0.789343  0.663995  0.635732  0.705438  0.310534  0.273383  0.504354  0.200583  0.260354  0.743007  0.680037  0.404789 
27  0.099696  0.238713  0.625198  0.587271  0.523909  0.510213  0.224048  0.104776  0.235399  0.199685  0.160581  0.210817  0.234234  0.231139  0.324481  0.475207  0.491517  0.323741  0.266507  0.156594  0.446811  0.432828  0.285463  0.518014  0.218180  0.194654  0.625748 0.0  0.582075  0.537213  0.496750  0.241596  0.256098  0.563882  0.519919  0.170163  0.314707  0.440678  0.339664  0.430331  0.125149  0.160234  0.236428  0.446583  0.116402  0.480968  0.146000  0.499646  0.608328  0.238941  0.196354  0.164864  0.256280  0.374041  0.471876  0.199511  0.449353  0.446043  0.234925  0.277325  0.212388 
28  0.602598  0.422269  0.142689  0.118499  0.111647  0.196533  0.640973  0.585077  0.667645  0.639554  0.659062  0.644350  0.699991  0.673901  0.757192  0.232577  0.164945  0.844717  0.744336  0.673970  0.202990  0.225079  0.433403  0.159308  0.527015  0.636574  0.183656  0.582075 0.0  0.171000  0.129332  0.655540  0.433293  0.110364  0.176884  0.600831  0.709037  0.228613  0.339436  0.248720  0.578294  0.601059  0.521848  0.217676  0.627045  0.186829  0.625440  0.213304  0.243398  0.756900  0.617168  0.674236  0.700356  0.260933  0.214839  0.507876  0.263569  0.211311  0.737126  0.765749  0.575644 
29  0.583167  0.421353  0.240188  0.199159  0.192205  0.227708  0.670752  0.529087  0.782379  0.641013  0.653129  0.604886  0.501005  0.731179  0.706949  0.135557  0.136180  0.842417  0.860277  0.589246  0.211446  0.271408  0.357029  0.205720  0.513748  0.487582  0.109688  0.537213  0.171000 0.0  0.221108  0.658837  0.419157  0.162292  0.196515  0.622620  0.779567  0.236533  0.295782  0.255313  0.533060  0.528572  0.473740  0.237932  0.524309  0.173899  0.587886  0.229104  0.209426  0.631648  0.638652  0.661264  0.641713  0.276449  0.220003  0.452206  0.172708  0.249910  0.740944  0.761337  0.411260 
30  0.549040  0.419917  0.142638  0.146340  0.105635  0.182947  0.657736  0.580483  0.728769  0.750001  0.545198  0.640453  0.760852  0.615789  0.707426  0.195498  0.150434  0.666255  0.859722  0.609733  0.156938  0.180650  0.443172  0.132978  0.588437  0.524311  0.197723  0.496750  0.129332  0.221108 0.0  0.623655  0.445652  0.148410  0.192039  0.578307  0.783687  0.206911  0.378928  0.227160  0.510581  0.594168  0.535453  0.212185  0.522187  0.175409  0.605770  0.194516  0.330401  0.803040  0.598128  0.501944  0.621979  0.234478  0.188260  0.508019  0.229799  0.215608  0.624962  0.677675  0.442148 
31  0.307046  0.333922  0.699308  0.655409  0.654801  0.553618  0.216331  0.288001  0.218004  0.259810  0.171873  0.126601  0.154610  0.188163  0.160703  0.655732  0.565245  0.184786  0.190879  0.251366  0.466152  0.469643  0.400687  0.589765  0.180948  0.179792  0.704501  0.241596  0.655540  0.658837  0.623655 0.0  0.343027  0.698108  0.579300  0.187984  0.322012  0.533672  0.438635  0.504690  0.265002  0.214989  0.223182  0.566763  0.233072  0.532204  0.231095  0.518252  0.719220  0.280678  0.185027  0.288382  0.117726  0.563072  0.559390  0.235000  0.531631  0.442489  0.167862  0.176909  0.365003 
32  0.245872  0.130123  0.497431  0.473062  0.368622  0.335823  0.341253  0.188269  0.416285  0.367920  0.271319  0.299624  0.346356  0.370188  0.352813  0.356936  0.347023  0.488532  0.427449  0.317288  0.334166  0.288518  0.146013  0.374672  0.236575  0.259803  0.438456  0.256098  0.433293  0.419157  0.445652  0.343027 0.0  0.447451  0.326167  0.267324  0.371963  0.261701  0.183328  0.266796  0.217186  0.327284  0.223623  0.275354  0.250905  0.347421  0.258080  0.259363  0.518983  0.395970  0.285652  0.339458  0.290571  0.248648  0.290380  0.179062  0.359230  0.279282  0.429334  0.425959  0.128887 
33  0.609589  0.464435  0.162846  0.136721  0.127779  0.243551  0.661171  0.650830  0.727672  0.737979  0.603690  0.628044  0.668131  0.754417  0.718542  0.186699  0.159216  0.820999  0.823871  0.740109  0.217181  0.247378  0.423856  0.167277  0.684248  0.664092  0.177080  0.563882  0.110364  0.162292  0.148410  0.698108  0.447451 0.0  0.205610  0.649530  1.000000  0.264081  0.347885  0.267156  0.551491  0.798385  0.547276  0.244808  0.677914  0.177918  0.693231  0.252074  0.226686  0.810283  0.579803  0.625570  0.619724  0.253475  0.248639  0.523697  0.259859  0.294734  0.781065  0.739657  0.470815 
34  0.476892  0.340322  0.250756  0.226108  0.174848  0.135011  0.583371  0.523253  0.630362  0.609182  0.525853  0.607214  0.613389  0.574385  0.653311  0.164863  0.147091  0.631276  0.672974  0.492360  0.119568  0.130683  0.287611  0.135593  0.443214  0.411462  0.198190  0.519919  0.176884  0.196515  0.192039  0.579300  0.326167  0.205610 0.0  0.513904  0.614016  0.134894  0.246102  0.131404  0.482380  0.645646  0.427646  0.128421  0.499571  0.115966  0.488238  0.132924  0.290709  0.687351  0.583150  0.524645  0.527135  0.168124  0.118757  0.390151  0.165372  0.134680  0.550711  0.631795  0.335641 
35  0.193680  0.267527  0.639688  0.655661  0.525393  0.486338  0.220553  0.191381  0.227854  0.230725  0.131787  0.156943  0.180825  0.211883  0.217197  0.463867  0.522414  0.294191  0.224745  0.186015  0.503763  0.466907  0.290428  0.582124  0.131743  0.126396  0.615310  0.170163  0.600831  0.622620  0.578307  0.187984  0.267324  0.649530  0.513904 0.0  0.277435  0.436886  0.350848  0.431196  0.140828  0.169154  0.190922  0.496840  0.170106  0.505249  0.134973  0.411746  0.749502  0.263347  0.118945  0.202096  0.162858  0.411035  0.487907  0.169073  0.495312  0.457961  0.219466  0.213883  0.264220 
36  0.283347  0.483398  0.992905  0.775757  0.865619  0.616886  0.166744  0.282578  0.212738  0.162381  0.260948  0.267357  0.223410  0.208812  0.260159  0.624447  0.850179  0.385709  0.209713  0.213762  0.755227  0.676802  0.471415  0.779114  0.364310  0.325114  0.786447  0.314707  0.709037  0.779567  0.783687  0.322012  0.371963  1.000000  0.614016  0.277435 0.0  0.657387  0.591674  0.695707  0.332518  0.229069  0.418755  0.538622  0.245100  0.793849  0.266917  0.613869  0.827486  0.114448  0.276314  0.220323  0.351161  0.640271  0.647823  0.350535  0.742657  0.622315  0.198373  0.197325  0.466361 
37  0.455188  0.258170  0.259594  0.282202  0.231341  0.129116  0.570069  0.373424  0.579415  0.527208  0.517810  0.475242  0.579539  0.611731  0.555439  0.213410  0.199911  0.538605  0.570840  0.469443  0.119168  0.094004  0.294249  0.166630  0.412810  0.421165  0.272952  0.440678  0.228613  0.236533  0.206911  0.533672  0.261701  0.264081  0.134894  0.436886  0.657387 0.0  0.224668  0.129593  0.377465  0.597941  0.380211  0.090671  0.468006  0.165446  0.450588  0.108102  0.367211  0.605579  0.459726  0.540981  0.403622  0.112413  0.098361  0.342222  0.173683  0.096956  0.541508  0.492828  0.303841 
38  0.358456  0.166874  0.396620  0.372747  0.346078  0.251683  0.495254  0.302379  0.460713  0.502671  0.402663  0.453823  0.521611  0.566887  0.480541  0.272904  0.283470  0.589709  0.521863  0.431565  0.234221  0.216620  0.179217  0.311116  0.387973  0.406974  0.320359  0.339664  0.339436  0.295782  0.378928  0.438635  0.183328  0.347885  0.246102  0.350848  0.591674  0.224668 0.0  0.184610  0.313319  0.319603  0.333450  0.212244  0.380401  0.271916  0.369143  0.243342  0.424347  0.502154  0.381570  0.379575  0.422027  0.204733  0.232598  0.279395  0.200232  0.219174  0.531282  0.504712  0.207769 
39  0.379942  0.248551  0.307479  0.327310  0.225991  0.157762  0.537130  0.429536  0.627400  0.585686  0.402356  0.528742  0.536199  0.597686  0.628489  0.186877  0.187822  0.571127  0.661641  0.494649  0.148772  0.134028  0.254733  0.188228  0.464372  0.470900  0.242658  0.430331  0.248720  0.255313  0.227160  0.504690  0.266796  0.267156  0.131404  0.431196  0.695707  0.129593  0.184610 0.0  0.421437  0.462460  0.364903  0.123716  0.389177  0.161096  0.522909  0.142067  0.312742  0.620167  0.430789  0.492257  0.428830  0.129303  0.121883  0.353129  0.146336  0.138525  0.608494  0.575830  0.263967 
40  0.148355  0.241165  0.614144  0.798442  0.614180  0.459508  0.263782  0.116236  0.293169  0.221265  0.157750  0.224716  0.260165  0.247864  0.280152  0.569808  0.494875  0.331862  0.286785  0.174592  0.461249  0.455621  0.235645  0.486535  0.191149  0.177895  0.571899  0.125149  0.578294  0.533060  0.510581  0.265002  0.217186  0.551491  0.482380  0.140828  0.332518  0.377465  0.313319  0.421437 0.0  0.175624  0.205707  0.418353  0.130733  0.560666  0.147102  0.449060  0.607184  0.289062  0.162863  0.208881  0.250361  0.364408  0.420012  0.144406  0.408379  0.414759  0.311239  0.276922  0.209742 
41  0.177239  0.335375  0.787801  0.604590  0.683819  0.556927  0.170831  0.209615  0.178470  0.147503  0.125284  0.171244  0.156536  0.122023  0.206302  0.567938  0.644865  0.290236  0.184325  0.123979  0.644151  0.473146  0.312179  0.588208  0.205511  0.195358  0.624207  0.160234  0.601059  0.528572  0.594168  0.214989  0.327284  0.798385  0.645646  0.169154  0.229069  0.597941  0.319603  0.462460  0.175624 0.0  0.289359  0.594689  0.165246  0.564363  0.118411  0.517243  0.774228  0.181162  0.142919  0.137410  0.192762  0.511968  0.585749  0.222727  0.519600  0.532565  0.166967  0.160233  0.320593 
42  0.218784  0.229980  0.571954  0.466817  0.501499  0.357982  0.339558  0.222125  0.338885  0.366943  0.209677  0.228102  0.303080  0.293816  0.276871  0.426898  0.469767  0.339274  0.345626  0.276321  0.363175  0.380152  0.293785  0.513365  0.146967  0.149222  0.561548  0.236428  0.521848  0.473740  0.535453  0.223182  0.223623  0.547276  0.427646  0.190922  0.418755  0.380211  0.333450  0.364903  0.205707  0.289359 0.0  0.438879  0.249589  0.419505  0.238864  0.397213  0.601123  0.348503  0.222960  0.319776  0.198027  0.374962  0.363630  0.151237  0.467449  0.351098  0.322838  0.292743  0.224738 
43  0.489139  0.260318  0.230195  0.248445  0.222327  0.123802  0.588368  0.354204  0.611559  0.535981  0.521003  0.526454  0.549889  0.443359  0.566541  0.206433  0.177691  0.595205  0.593862  0.575941  0.116263  0.094859  0.314034  0.160057  0.409658  0.433806  0.218606  0.446583  0.217676  0.237932  0.212185  0.566763  0.275354  0.244808  0.128421  0.496840  0.538622  0.090671  0.212244  0.123716  0.418353  0.594689  0.438879 0.0  0.419441  0.153469  0.439918  0.105317  0.315274  0.593105  0.431055  0.527693  0.452253  0.118624  0.093438  0.403636  0.177501  0.098398  0.549137  0.563894  0.288270 
44  0.112907  0.281203  0.578663  0.675901  0.517554  0.535848  0.234110  0.123236  0.245558  0.219026  0.147923  0.201722  0.199157  0.188593  0.262627  0.462184  0.477127  0.304822  0.280924  0.132502  0.569209  0.400561  0.256316  0.531520  0.201351  0.183741  0.627575  0.116402  0.627045  0.524309  0.522187  0.233072  0.250905  0.677914  0.499571  0.170106  0.245100  0.468006  0.380401  0.389177  0.130733  0.165246  0.249589  0.419441 0.0  0.481940  0.120114  0.471213  0.536882  0.220504  0.167129  0.156117  0.234011  0.409663  0.483639  0.170685  0.507590  0.470198  0.269390  0.236931  0.244382 
45  0.490829  0.348112  0.214943  0.201373  0.164124  0.152783  0.714395  0.418733  0.720762  0.643783  0.503883  0.559565  0.686059  0.575436  0.768965  0.142258  0.112357  0.743497  0.683978  0.541434  0.133021  0.173717  0.327326  0.126770  0.551058  0.456999  0.186549  0.480968  0.186829  0.173899  0.175409  0.532204  0.347421  0.177918  0.115966  0.505249  0.793849  0.165446  0.271916  0.161096  0.560666  0.564363  0.419505  0.153469  0.481940 0.0  0.455433  0.158744  0.269532  0.640460  0.555460  0.573645  0.469698  0.184882  0.151463  0.478488  0.156850  0.171312  0.713958  0.625922  0.354890 
46  0.146774  0.289160  0.720822  0.553348  0.604240  0.533789  0.200315  0.148944  0.247161  0.183729  0.125444  0.183740  0.191348  0.165777  0.238175  0.552916  0.548392  0.321749  0.220357  0.121840  0.533612  0.466849  0.308783  0.479722  0.175903  0.205412  0.535024  0.146000  0.625440  0.587886  0.605770  0.231095  0.258080  0.693231  0.488238  0.134973  0.266917  0.450588  0.369143  0.522909  0.147102  0.118411  0.238864  0.439918  0.120114  0.455433 0.0  0.508358  0.713594  0.244011  0.137586  0.155390  0.206218  0.499003  0.483155  0.194375  0.502851  0.502268  0.207657  0.206732  0.261422 
47  0.501005  0.346345  0.247405  0.260137  0.200689  0.104853  0.621506  0.471457  0.532360  0.617148  0.544776  0.513744  0.551458  0.623028  0.596271  0.201746  0.196320  0.538302  0.579584  0.451515  0.104118  0.100996  0.306308  0.174914  0.381143  0.462805  0.270738  0.499646  0.213304  0.229104  0.194516  0.518252  0.259363  0.252074  0.132924  0.411746  0.613869  0.108102  0.243342  0.142067  0.449060  0.517243  0.397213  0.105317  0.471213  0.158744  0.508358 0.0  0.416595  0.650715  0.539013  0.534252  0.449184  0.118110  0.110425  0.345076  0.199698  0.101011  0.563570  0.604594  0.304867 
48  0.759624  0.484232  0.305891  0.260517  0.256615  0.369132  0.730970  0.588220  0.787814  0.779773  0.642320  0.655986  0.752083  0.803622  0.814665  0.234697  0.253873  0.982209  0.844029  0.647465  0.319459  0.360076  0.516662  0.275870  0.699179  0.750566  0.176176  0.608328  0.243398  0.209426  0.330401  0.719220  0.518983  0.226686  0.290709  0.749502  0.827486  0.367211  0.424347  0.312742  0.607184  0.774228  0.601123  0.315274  0.536882  0.269532  0.713594  0.416595 0.0  0.759427  0.711751  0.702844  0.827600  0.422930  0.323456  0.590380  0.321592  0.332132  0.738391  0.760828  0.520009 
49  0.235642  0.456265  0.744338  0.764706  0.777861  0.678823  0.167647  0.298280  0.160371  0.122338  0.240028  0.207952  0.187369  0.169437  0.218864  0.621259  0.774137  0.311697  0.214823  0.222431  0.680438  0.656791  0.421381  0.614489  0.297187  0.334818  0.789343  0.238941  0.756900  0.631648  0.803040  0.280678  0.395970  0.810283  0.687351  0.263347  0.114448  0.605579  0.502154  0.620167  0.289062  0.181162  0.348503  0.593105  0.220504  0.640460  0.244011  0.650715  0.759427 0.0  0.239862  0.176007  0.303356  0.553484  0.660866  0.364304  0.671823  0.574257  0.214591  0.204991  0.375554 
50  0.198501  0.308392  0.655882  0.507042  0.672526  0.491598  0.202385  0.204687  0.179995  0.204700  0.099571  0.125298  0.165239  0.156804  0.200888  0.561197  0.623818  0.275220  0.217963  0.167881  0.577901  0.395993  0.328970  0.551125  0.174716  0.146305  0.663995  0.196354  0.617168  0.638652  0.598128  0.185027  0.285652  0.579803  0.583150  0.118945  0.276314  0.459726  0.381570  0.430789  0.162863  0.142919  0.222960  0.431055  0.167129  0.555460  0.137586  0.539013  0.711751  0.239862 0.0  0.208856  0.164805  0.557772  0.534708  0.188772  0.489255  0.512522  0.195111  0.175130  0.292074 
51  0.154770  0.333927  0.828482  0.722502  0.688756  0.627534  0.203163  0.200626  0.208965  0.142092  0.190965  0.241962  0.216183  0.173896  0.263751  0.537616  0.571643  0.292052  0.242648  0.121625  0.485865  0.560615  0.361833  0.606350  0.283872  0.245319  0.635732  0.164864  0.674236  0.661264  0.501944  0.288382  0.339458  0.625570  0.524645  0.202096  0.220323  0.540981  0.379575  0.492257  0.208881  0.137410  0.319776  0.527693  0.156117  0.573645  0.155390  0.534252  0.702844  0.176007  0.208856 0.0  0.277982  0.543630  0.567243  0.262353  0.578954  0.536012  0.186348  0.210485  0.295624 
52  0.236788  0.339667  0.680041  0.538099  0.655825  0.526203  0.219343  0.266568  0.199719  0.253823  0.190637  0.127021  0.202011  0.213076  0.171510  0.626507  0.730734  0.245674  0.227431  0.219641  0.512593  0.444373  0.319531  0.646040  0.139902  0.151204  0.705438  0.256280  0.700356  0.641713  0.621979  0.117726  0.290571  0.619724  0.527135  0.162858  0.351161  0.403622  0.422027  0.428830  0.250361  0.192762  0.198027  0.452253  0.234011  0.469698  0.206218  0.449184  0.827600  0.303356  0.164805  0.277982 0.0  0.475392  0.563485  0.202705  0.625568  0.384079  0.189748  0.195405  0.334586 
53  0.436433  0.272738  0.281626  0.240985  0.228246  0.143382  0.497928  0.412161  0.569770  0.519214  0.481124  0.472456  0.533112  0.544093  0.531913  0.257213  0.237357  0.663931  0.496630  0.476524  0.146733  0.116549  0.280217  0.208646  0.458096  0.453855  0.310534  0.374041  0.260933  0.276449  0.234478  0.563072  0.248648  0.253475  0.168124  0.411035  0.640271  0.112413  0.204733  0.129303  0.364408  0.511968  0.374962  0.118624  0.409663  0.184882  0.499003  0.118110  0.422930  0.553484  0.557772  0.543630  0.475392 0.0  0.131236  0.320938  0.228364  0.107927  0.567614  0.612844  0.312485 
54  0.483694  0.272632  0.279856  0.261750  0.230199  0.117883  0.641950  0.412532  0.654535  0.599244  0.496877  0.552099  0.520214  0.537140  0.524255  0.179274  0.160144  0.673139  0.678448  0.550061  0.127775  0.102312  0.258933  0.159182  0.457420  0.416532  0.273383  0.471876  0.214839  0.220003  0.188260  0.559390  0.290380  0.248639  0.118757  0.487907  0.647823  0.098361  0.232598  0.121883  0.420012  0.585749  0.363630  0.093438  0.483639  0.151463  0.483155  0.110425  0.323456  0.660866  0.534708  0.567243  0.563485  0.131236 0.0  0.355262  0.189170  0.105275  0.624588  0.667955  0.348141 
55  0.184903  0.200576  0.553008  0.602261  0.577237  0.426892  0.324393  0.152467  0.319963  0.299715  0.200610  0.217599  0.268861  0.267847  0.277623  0.447060  0.470394  0.375955  0.293402  0.218020  0.435451  0.381321  0.226141  0.499186  0.166130  0.161463  0.504354  0.199511  0.507876  0.452206  0.508019  0.235000  0.179062  0.523697  0.390151  0.169073  0.350535  0.342222  0.279395  0.353129  0.144406  0.222727  0.151237  0.403636  0.170685  0.478488  0.194375  0.345076  0.590380  0.364304  0.188772  0.262353  0.202705  0.320938  0.355262 0.0  0.373815  0.394919  0.276094  0.282190  0.188796 
56  0.453608  0.313391  0.286164  0.248432  0.234204  0.198720  0.546970  0.469274  0.607870  0.675859  0.466181  0.653304  0.524664  0.686880  0.609551  0.144834  0.181924  0.675880  0.572777  0.506274  0.196246  0.180671  0.254977  0.201539  0.423738  0.446866  0.200583  0.449353  0.263569  0.172708  0.229799  0.531631  0.359230  0.259859  0.165372  0.495312  0.742657  0.173683  0.200232  0.146336  0.408379  0.519600  0.467449  0.177501  0.507590  0.156850  0.502851  0.199698  0.321592  0.671823  0.489255  0.578954  0.625568  0.228364  0.189170  0.373815 0.0  0.207163  0.674790  0.594659  0.325021 
57  0.441849  0.294784  0.253320  0.263483  0.221379  0.115160  0.596466  0.426708  0.602574  0.544983  0.429023  0.486998  0.604207  0.610260  0.549836  0.188780  0.192684  0.614985  0.527675  0.505904  0.120502  0.089260  0.276772  0.175967  0.429015  0.381759  0.260354  0.446043  0.211311  0.249910  0.215608  0.442489  0.279282  0.294734  0.134680  0.457961  0.622315  0.096956  0.219174  0.138525  0.414759  0.532565  0.351098  0.098398  0.470198  0.171312  0.502268  0.101011  0.332132  0.574257  0.512522  0.536012  0.384079  0.107927  0.105275  0.394919  0.207163 0.0  0.596361  0.655512  0.300247 
58  0.271498  0.408246  0.727803  0.781738  0.735622  0.551097  0.122468  0.292614  0.108959  0.190405  0.188931  0.153063  0.107418  0.143357  0.126867  0.856328  0.681202  0.215405  0.109567  0.198647  0.484925  0.586733  0.427861  0.669321  0.228507  0.240989  0.743007  0.234925  0.737126  0.740944  0.624962  0.167862  0.429334  0.781065  0.550711  0.219466  0.198373  0.541508  0.531282  0.608494  0.311239  0.166967  0.322838  0.549137  0.269390  0.713958  0.207657  0.563570  0.738391  0.214591  0.195111  0.186348  0.189748  0.567614  0.624588  0.276094  0.674790  0.596361 0.0  0.091658  0.315133 
59  0.244928  0.386915  0.840526  0.814607  0.680965  0.624453  0.125302  0.298053  0.104326  0.180868  0.172325  0.159987  0.100912  0.136679  0.138706  0.652388  0.659383  0.218318  0.110474  0.201998  0.600675  0.629488  0.442573  0.730698  0.239884  0.232184  0.680037  0.277325  0.765749  0.761337  0.677675  0.176909  0.425959  0.739657  0.631795  0.213883  0.197325  0.492828  0.504712  0.575830  0.276922  0.160233  0.292743  0.563894  0.236931  0.625922  0.206732  0.604594  0.760828  0.204991  0.175130  0.210485  0.195405  0.612844  0.667955  0.282190  0.594659  0.655512  0.091658 0.0  0.447880 
60  0.233359  0.102708  0.520238  0.432465  0.396691  0.367203  0.340114  0.199193  0.378458  0.356477  0.281655  0.281181  0.370971  0.336978  0.424484  0.343428  0.429711  0.458762  0.404445  0.325595  0.354671  0.318486  0.122459  0.410632  0.291586  0.243798  0.404789  0.212388  0.575644  0.411260  0.442148  0.365003  0.128887  0.470815  0.335641  0.264220  0.466361  0.303841  0.207769  0.263967  0.209742  0.320593  0.224738  0.288270  0.244382  0.354890  0.261422  0.304867  0.520009  0.375554  0.292074  0.295624  0.334586  0.312485  0.348141  0.188796  0.325021  0.300247  0.315133  0.447880 0.0 
