61
0 0.0  0.175968  0.705970  0.642395  0.670679  0.476815  0.240517  0.146753  0.207221  0.154447  0.103180  0.217410  0.323666  0.267257  0.320640  0.555752  0.567902  0.352800  0.257622  0.150983  0.414676  0.556169  0.305008  0.592141  0.359464  0.159956  0.635422  0.200684  0.738208  0.588513  0.633049  0.143625  0.210223  0.666535  0.488471  0.160471  0.318930  0.562158  0.349241  0.534245  0.094658  0.177082  0.171920  0.457463  0.087467  0.639798  0.080794  0.524413  0.662592  0.159411  0.186446  0.137390  0.305178  0.461852  0.398303  0.261806  0.531058  0.434922  0.314070  0.311095  0.281244 
1  0.175968 0.0  0.520120  0.472422  0.415357  0.273966  0.379900  0.266381  0.425930  0.439282  0.388443  0.375691  0.487323  0.409338  0.405884  0.256204  0.396684  0.447436  0.449576  0.375365  0.387854  0.372079  0.127527  0.306016  0.393169  0.250456  0.429679  0.181597  0.527898  0.386019  0.424461  0.394413  0.203347  0.489698  0.257253  0.285410  0.404385  0.377312  0.118116  0.170263  0.216278  0.305662  0.199392  0.323307  0.212101  0.375523  0.372761  0.297071  0.498096  0.309239  0.301873  0.401248  0.385456  0.122692  0.311817  0.232523  0.364271  0.351346  0.428699  0.300655  0.085885 
2  0.705970  0.520120 0.0  0.131303  0.112117  0.196572  0.836668  0.646705  0.929199  0.853169  0.718795  0.716968  0.806386  0.877440  0.805375  0.243480  0.228499  0.814389  0.757122  0.783298  0.279876  0.359301  0.474770  0.262617  0.697242  0.458931  0.239684  0.747455  0.184978  0.169321  0.142535  0.816951  0.458617  0.183126  0.128227  0.651760  0.923772  0.327826  0.440627  0.263631  0.735124  0.731947  0.453634  0.234989  0.709411  0.218205  0.613085  0.345861  0.364610  0.898270  0.674766  0.752115  0.646677  0.321320  0.332430  0.605222  0.318937  0.370259  0.774188  0.819496  0.574554 
3  0.642395  0.472422  0.131303 0.0  0.204173  0.300589  0.860927  0.637429  0.764959  0.814646  0.582048  0.643537  0.765585  0.832006  0.657740  0.247958  0.249812  0.726667  0.877400  0.680678  0.240381  0.154493  0.393865  0.214636  0.654450  0.621671  0.162639  0.464746  0.111766  0.217151  0.141223  0.664544  0.538493  0.080794  0.261113  0.600651  0.862576  0.188320  0.364382  0.259302  0.640466  0.654365  0.542373  0.324631  0.688939  0.177000  0.801907  0.345862  0.223975  0.753988  0.651168  0.765090  0.679883  0.277957  0.312462  0.681223  0.359947  0.263231  0.736190  0.854794  0.429105 
4  0.670679  0.415357  0.112117  0.204173 0.0  0.263151  0.798016  0.458160  0.761697  0.757088  0.519267  0.652785  0.780405  0.780128  0.788390  0.184446  0.156475  0.738118  0.805178  0.680179  0.139131  0.314229  0.352509  0.080794  0.709844  0.670702  0.267923  0.561877  0.114123  0.205921  0.080794  0.661645  0.476243  0.081307  0.133177  0.608299  0.787370  0.246179  0.407157  0.293696  0.548140  0.716844  0.543571  0.221895  0.537980  0.080794  0.633050  0.177388  0.286467  0.803988  0.668984  0.682961  0.678308  0.238730  0.225290  0.498571  0.229592  0.210243  0.655473  0.690705  0.446539 
5  0.476815  0.273966  0.196572  0.300589  0.263151 0.0  0.648326  0.433367  0.678977  0.544329  0.548796  0.411306  0.662719  0.744079  0.634604  0.142567  0.174805  0.725244  0.663732  0.501641  0.080794  0.080794  0.377493  0.220198  0.546372  0.453705  0.313665  0.418335  0.220316  0.346812  0.095232  0.639699  0.398908  0.241020  0.091945  0.561272  0.701064  0.135635  0.255977  0.140273  0.444718  0.634869  0.336014  0.080794  0.515369  0.180709  0.482194  0.080794  0.389559  0.705246  0.490955  0.659520  0.525283  0.080794  0.158152  0.409479  0.190331  0.161820  0.576816  0.678620  0.423673 
6  0.240517  0.379900  0.836668  0.860927  0.798016  0.648326 0.0  0.238196  0.080794  0.223562  0.129295  0.196552  0.080794  0.080794  0.209519  0.718493  0.654925  0.252690  0.098266  0.139676  0.723938  0.619858  0.391368  0.669195  0.210101  0.204796  0.789398  0.338852  0.810483  0.721869  0.741664  0.151787  0.278857  0.796269  0.608924  0.170970  0.200598  0.619408  0.556605  0.601473  0.286877  0.138621  0.313805  0.652941  0.281791  0.649328  0.153991  0.554856  0.821732  0.126142  0.094753  0.206345  0.198681  0.655894  0.649711  0.345551  0.670988  0.555530  0.084177  0.080794  0.445327 
7  0.146753  0.266381  0.646705  0.637429  0.458160  0.433367  0.238196 0.0  0.298178  0.232166  0.192805  0.318338  0.176414  0.228666  0.275226  0.447379  0.619470  0.433158  0.413296  0.190944  0.498163  0.521035  0.179262  0.422718  0.191382  0.145092  0.602842  0.104495  0.627439  0.604950  0.672959  0.205358  0.188327  0.613020  0.403076  0.192675  0.304990  0.461198  0.411103  0.394234  0.080794  0.196644  0.249359  0.471839  0.085274  0.554558  0.183395  0.481228  0.809812  0.398664  0.267449  0.232831  0.268875  0.370041  0.438353  0.080794  0.462721  0.472511  0.275540  0.236266  0.267943 
8  0.207221  0.425930  0.929199  0.764959  0.761697  0.678977  0.080794  0.298178 0.0  0.157368  0.170276  0.243818  0.080794  0.182352  0.160826  0.608665  0.761619  0.263651  0.139775  0.181512  0.649407  0.703737  0.456439  0.654646  0.108280  0.341875  0.818089  0.248697  0.758478  0.769227  0.783522  0.192097  0.377491  0.880721  0.616282  0.298653  0.172296  0.667740  0.530898  0.514045  0.293520  0.232388  0.239610  0.651020  0.203939  0.733316  0.272704  0.571368  0.897093  0.097199  0.080794  0.257843  0.153980  0.661351  0.729089  0.301786  0.665783  0.624145  0.142931  0.098405  0.456360 
9  0.154447  0.439282  0.853169  0.814646  0.757088  0.544329  0.223562  0.232166  0.157368 0.0  0.229651  0.270498  0.174725  0.104069  0.242096  0.582398  0.659186  0.412659  0.208335  0.154450  0.641372  0.658808  0.401979  0.686347  0.282791  0.220268  0.681622  0.203570  0.729940  0.785518  0.694961  0.258546  0.332573  0.760905  0.638740  0.244449  0.163851  0.575059  0.334039  0.538549  0.156503  0.212210  0.267293  0.626685  0.259286  0.680934  0.245105  0.678873  0.858456  0.115617  0.175426  0.147687  0.225318  0.691995  0.601516  0.305837  0.596062  0.535139  0.199559  0.187382  0.400568 
10  0.103180  0.388443  0.718795  0.582048  0.519267  0.548796  0.129295  0.192805  0.170276  0.229651 0.0  0.121519  0.147604  0.150186  0.158149  0.570218  0.478285  0.323786  0.235972  0.124397  0.570567  0.524217  0.254831  0.664141  0.199423  0.080794  0.623358  0.173958  0.662289  0.768540  0.619097  0.189456  0.330137  0.626360  0.437771  0.141494  0.269465  0.523651  0.500993  0.560399  0.135750  0.080794  0.136965  0.432717  0.080794  0.668124  0.080794  0.544301  0.739861  0.279148  0.132701  0.142840  0.224239  0.497114  0.634795  0.170548  0.489350  0.596807  0.174298  0.089201  0.270923 
11  0.217410  0.375691  0.716968  0.643537  0.652785  0.411306  0.196552  0.318338  0.243818  0.270498  0.121519 0.0  0.145469  0.116005  0.090958  0.538240  0.617813  0.189733  0.090678  0.159661  0.565397  0.552675  0.360358  0.567086  0.080794  0.180200  0.697442  0.300535  0.784756  0.663611  0.742255  0.143402  0.296047  0.646773  0.639438  0.105966  0.308981  0.474610  0.387913  0.401476  0.174897  0.111631  0.122392  0.513729  0.307636  0.594429  0.107628  0.543190  0.849475  0.343703  0.110055  0.189658  0.098728  0.473747  0.530136  0.321923  0.617644  0.526260  0.294260  0.195399  0.407104 
12  0.323666  0.487323  0.806386  0.765585  0.780405  0.662719  0.080794  0.176414  0.080794  0.174725  0.147604  0.145469 0.0  0.137212  0.155152  0.648565  0.642927  0.231451  0.098981  0.223166  0.576213  0.651320  0.373242  0.660895  0.109606  0.131692  0.680282  0.217317  0.795772  0.718182  0.697401  0.199601  0.411897  0.757495  0.575695  0.229635  0.160997  0.528840  0.496366  0.579609  0.188549  0.133686  0.396813  0.601324  0.169039  0.636040  0.167602  0.698881  1.000000  0.255244  0.221596  0.225319  0.222176  0.611437  0.612632  0.180775  0.598396  0.559775  0.080794  0.201309  0.252876 
13  0.267257  0.409338  0.877440  0.832006  0.780128  0.744079  0.080794  0.228666  0.182352  0.104069  0.150186  0.116005  0.137212 0.0  0.080794  0.682877  0.635850  0.254431  0.151127  0.166250  0.721729  0.691238  0.472238  0.627031  0.218011  0.137610  0.651328  0.266854  0.800781  0.805127  0.805034  0.261879  0.289171  0.821172  0.635815  0.174374  0.278645  0.518765  0.495659  0.592494  0.186451  0.120370  0.243756  0.649367  0.195887  0.733072  0.216101  0.619033  0.757494  0.140362  0.107200  0.114401  0.310358  0.483153  0.652217  0.161015  0.546064  0.523765  0.080794  0.155017  0.376892 
14  0.320640  0.405884  0.805375  0.657740  0.788390  0.634604  0.209519  0.275226  0.160826  0.242096  0.158149  0.090958  0.155152  0.080794 0.0  0.635754  0.669368  0.290508  0.080794  0.241446  0.542384  0.611015  0.343431  0.678230  0.285967  0.169790  0.851826  0.257623  0.839965  0.764575  0.731981  0.083731  0.432019  0.701259  0.780394  0.231657  0.298423  0.610419  0.541001  0.681628  0.406830  0.165771  0.239343  0.615583  0.162638  0.663455  0.278022  0.647618  0.776526  0.326989  0.183466  0.306996  0.181263  0.531328  0.654481  0.282194  0.695410  0.585398  0.080794  0.109265  0.361967 
15  0.555752  0.256204  0.243480  0.247958  0.184446  0.142567  0.718493  0.447379  0.608665  0.582398  0.570218  0.538240  0.648565  0.682877  0.635754 0.0  0.215371  0.727834  0.738923  0.589758  0.264844  0.153689  0.329937  0.195343  0.586759  0.571214  0.142079  0.556384  0.188024  0.080794  0.189517  0.660849  0.370702  0.148603  0.185182  0.585822  0.733627  0.203408  0.284743  0.249754  0.548554  0.529548  0.534947  0.244585  0.425475  0.098240  0.593763  0.257959  0.181153  0.724613  0.550484  0.576989  0.663257  0.219758  0.292689  0.458941  0.157147  0.138305  0.742849  0.683474  0.399503 
16  0.567902  0.396684  0.228499  0.249812  0.156475  0.174805  0.654925  0.619470  0.761619  0.659186  0.478285  0.617813  0.642927  0.635850  0.669368  0.215371 0.0  0.750637  0.652280  0.476216  0.219161  0.216155  0.333073  0.099342  0.528880  0.523537  0.205631  0.620158  0.174220  0.289153  0.238930  0.586311  0.459048  0.153012  0.162570  0.570933  0.751479  0.166154  0.231464  0.178098  0.569900  0.683912  0.545929  0.114301  0.528114  0.186608  0.591302  0.144086  0.280884  0.733306  0.567569  0.579822  0.616268  0.200917  0.183049  0.455821  0.219421  0.166443  0.615363  0.718287  0.492634 
17  0.352800  0.447436  0.814389  0.726667  0.738118  0.725244  0.252690  0.433158  0.263651  0.412659  0.323786  0.189733  0.231451  0.254431  0.290508  0.727834  0.750637 0.0  0.152418  0.336589  0.691888  0.635458  0.566709  0.735250  0.189000  0.367657  0.842172  0.348946  0.717384  0.834010  0.804714  0.223423  0.478801  0.934479  0.651820  0.378994  0.309298  0.617884  0.654105  0.597462  0.303256  0.313499  0.292381  0.567162  0.333131  0.714870  0.272315  0.728447  0.964889  0.329651  0.235964  0.314194  0.243369  0.522698  0.695421  0.435942  0.667270  0.665129  0.117601  0.248264  0.451169 
18  0.257622  0.449576  0.757122  0.877400  0.805178  0.663732  0.098266  0.413296  0.139775  0.208335  0.235972  0.090678  0.098981  0.151127  0.080794  0.738923  0.652280  0.152418 0.0  0.351829  0.650534  0.544844  0.397510  0.681564  0.271746  0.285312  0.704714  0.277266  0.827113  0.860661  0.724743  0.114632  0.324012  0.710937  0.686406  0.217905  0.189623  0.645304  0.588422  0.570231  0.294859  0.193612  0.370238  0.683281  0.222267  0.798466  0.348025  0.674273  0.863487  0.182474  0.088964  0.228982  0.118745  0.494715  0.667076  0.269134  0.703159  0.668258  0.120258  0.128092  0.363425 
19  0.150983  0.375365  0.783298  0.680678  0.680179  0.501641  0.139676  0.190944  0.181512  0.154450  0.124397  0.159661  0.223166  0.166250  0.241446  0.589758  0.476216  0.336589  0.351829 0.0  0.593751  0.575746  0.409451  0.699567  0.257282  0.182997  0.666194  0.150115  0.704619  0.596221  0.667412  0.236205  0.286491  0.779514  0.553610  0.227822  0.227812  0.557110  0.411645  0.549979  0.178304  0.080794  0.309482  0.599293  0.123226  0.673934  0.125989  0.590570  0.839580  0.147620  0.082558  0.147297  0.263431  0.590716  0.623055  0.257077  0.590207  0.501541  0.221222  0.080794  0.236351 
20  0.414676  0.387854  0.279876  0.240381  0.139131  0.080794  0.723938  0.498163  0.649407  0.641372  0.570567  0.565397  0.576213  0.721729  0.542384  0.264844  0.219161  0.691888  0.650534  0.593751 0.0  0.082052  0.423700  0.119669  0.493617  0.463118  0.264339  0.510694  0.140941  0.171520  0.134641  0.572405  0.309197  0.208145  0.080794  0.597827  0.716894  0.271749  0.324902  0.194951  0.441420  0.563620  0.358136  0.110623  0.450625  0.084037  0.562727  0.126768  0.295120  0.624693  0.468566  0.552794  0.542611  0.125082  0.087311  0.401148  0.124346  0.080794  0.673365  0.570998  0.291137 
21  0.556169  0.372079  0.359301  0.154493  0.314229  0.080794  0.619858  0.521035  0.703737  0.658808  0.524217  0.552675  0.651320  0.691238  0.611015  0.153689  0.216155  0.635458  0.544844  0.575746  0.082052 0.0  0.259674  0.129440  0.460146  0.408987  0.210591  0.480902  0.288226  0.262662  0.144912  0.507759  0.284151  0.247534  0.080794  0.491574  0.616804  0.153264  0.264999  0.082419  0.541030  0.525710  0.340212  0.111296  0.611192  0.289087  0.540285  0.080794  0.386812  0.681694  0.515640  0.539637  0.572409  0.135479  0.170723  0.360854  0.139212  0.181788  0.671770  0.625753  0.348696 
22  0.305008  0.127527  0.474770  0.393865  0.352509  0.377493  0.391368  0.179262  0.456439  0.401979  0.254831  0.360358  0.373242  0.472238  0.343431  0.329937  0.333073  0.566709  0.397510  0.409451  0.423700  0.259674 0.0  0.324490  0.349482  0.333460  0.409004  0.248500  0.470479  0.415903  0.416751  0.427473  0.193093  0.460620  0.332982  0.289289  0.350134  0.308709  0.215814  0.273965  0.286006  0.286908  0.300675  0.299307  0.335733  0.349741  0.296336  0.362489  0.403951  0.491622  0.353423  0.383831  0.288612  0.341171  0.340128  0.325947  0.310603  0.239752  0.467799  0.504439  0.151227 
23  0.592141  0.306016  0.262617  0.214636  0.080794  0.220198  0.669195  0.422718  0.654646  0.686347  0.664141  0.567086  0.660895  0.627031  0.678230  0.195343  0.099342  0.735250  0.681564  0.699567  0.119669  0.129440  0.324490 0.0  0.510289  0.491783  0.193912  0.517593  0.188770  0.161468  0.196817  0.712871  0.426952  0.146397  0.194649  0.576249  0.820766  0.176105  0.235763  0.132192  0.529379  0.656476  0.484875  0.142052  0.635298  0.141531  0.571532  0.176450  0.394184  0.743005  0.513763  0.802120  0.506542  0.219395  0.100322  0.457918  0.203807  0.080794  0.624093  0.629918  0.333567 
24  0.359464  0.393169  0.697242  0.654450  0.709844  0.546372  0.210101  0.191382  0.108280  0.282791  0.199423  0.080794  0.109606  0.218011  0.285967  0.586759  0.528880  0.189000  0.271746  0.257282  0.493617  0.460146  0.349482  0.510289 0.0  0.145663  0.544409  0.309987  0.655369  0.699307  0.521794  0.282874  0.246892  0.643091  0.460738  0.174940  0.325883  0.475281  0.350176  0.481214  0.215258  0.248801  0.140407  0.384196  0.228539  0.497398  0.194189  0.361569  0.710025  0.337663  0.154800  0.235719  0.245777  0.462316  0.442206  0.170697  0.456151  0.475220  0.301386  0.184208  0.308659 
25  0.159956  0.250456  0.458931  0.621671  0.670702  0.453705  0.204796  0.145092  0.341875  0.220268  0.080794  0.180200  0.131692  0.137610  0.169790  0.571214  0.523537  0.367657  0.285312  0.182997  0.463118  0.408987  0.333460  0.491783  0.145663 0.0  0.604388  0.234736  0.625231  0.581675  0.646738  0.181915  0.225848  0.769069  0.489749  0.128521  0.321280  0.395269  0.375302  0.409305  0.200907  0.206931  0.127173  0.560964  0.214610  0.521386  0.175378  0.437433  0.719274  0.380624  0.137287  0.192602  0.118750  0.528361  0.442817  0.263337  0.478869  0.509231  0.196769  0.448271  0.255398 
26  0.635422  0.429679  0.239684  0.162639  0.267923  0.313665  0.789398  0.602842  0.818089  0.681622  0.623358  0.697442  0.680282  0.651328  0.851826  0.142079  0.205631  0.842172  0.704714  0.666194  0.264339  0.210591  0.409004  0.193912  0.544409  0.604388 0.0  0.555954  0.232030  0.136409  0.164371  0.752921  0.445381  0.257873  0.282307  0.605822  0.808318  0.283869  0.404246  0.405406  0.512083  0.604242  0.674916  0.217769  0.688871  0.285411  0.726422  0.298943  0.297220  0.691113  0.676332  0.700968  0.710937  0.266473  0.247888  0.532763  0.189653  0.349024  0.881133  0.779637  0.402773 
27  0.200684  0.181597  0.747455  0.464746  0.561877  0.418335  0.338852  0.104495  0.248697  0.203570  0.173958  0.300535  0.217317  0.266854  0.257623  0.556384  0.620158  0.348946  0.277266  0.150115  0.510694  0.480902  0.248500  0.517593  0.309987  0.234736  0.555954 0.0  0.600383  0.564287  0.681019  0.318733  0.239133  0.529358  0.553779  0.170985  0.252200  0.575689  0.317524  0.445975  0.110597  0.170264  0.318284  0.532030  0.080794  0.557344  0.080794  0.395217  0.694836  0.345714  0.080794  0.205518  0.222909  0.471935  0.603235  0.233658  0.410504  0.315095  0.342263  0.305031  0.136304 
28  0.738208  0.527898  0.184978  0.111766  0.114123  0.220316  0.810483  0.627439  0.758478  0.729940  0.662289  0.784756  0.795772  0.800781  0.839965  0.188024  0.174220  0.717384  0.827113  0.704619  0.140941  0.288226  0.470479  0.188770  0.655369  0.625231  0.232030  0.600383 0.0  0.133855  0.101600  0.633227  0.390940  0.083963  0.138992  0.544725  0.941267  0.219247  0.371538  0.262818  0.626452  0.652129  0.576550  0.230109  0.662103  0.080794  0.691174  0.258752  0.271816  0.750354  0.763918  0.642555  0.673548  0.267460  0.220307  0.513559  0.195229  0.218715  0.734410  0.774624  0.494368 
29  0.588513  0.386019  0.169321  0.217151  0.205921  0.346812  0.721869  0.604950  0.769227  0.785518  0.768540  0.663611  0.718182  0.805127  0.764575  0.080794  0.289153  0.834010  0.860661  0.596221  0.171520  0.262662  0.415903  0.161468  0.699307  0.581675  0.136409  0.564287  0.133855 0.0  0.171977  0.672331  0.408914  0.215201  0.151794  0.556140  0.756598  0.212901  0.217179  0.277237  0.638838  0.649683  0.416186  0.274820  0.607352  0.183687  0.731970  0.269878  0.163971  0.732152  0.584228  0.592240  0.680629  0.287302  0.182124  0.382692  0.147168  0.194330  0.793643  0.740009  0.361471 
30  0.633049  0.424461  0.142535  0.141223  0.080794  0.095232  0.741664  0.672959  0.783522  0.694961  0.619097  0.742255  0.697401  0.805034  0.731981  0.189517  0.238930  0.804714  0.724743  0.667412  0.134641  0.144912  0.416751  0.196817  0.521794  0.646738  0.164371  0.681019  0.101600  0.171977 0.0  0.703607  0.372546  0.273334  0.180571  0.472705  0.855931  0.224109  0.318595  0.211176  0.509425  0.642035  0.502156  0.185554  0.537016  0.080794  0.581302  0.134885  0.286701  0.836716  0.650284  0.718712  0.597046  0.280986  0.227013  0.485883  0.242886  0.233658  0.764094  0.748345  0.469978 
31  0.143625  0.394413  0.816951  0.664544  0.661645  0.639699  0.151787  0.205358  0.192097  0.258546  0.189456  0.143402  0.199601  0.261879  0.083731  0.660849  0.586311  0.223423  0.114632  0.236205  0.572405  0.507759  0.427473  0.712871  0.282874  0.181915  0.752921  0.318733  0.633227  0.672331  0.703607 0.0  0.383845  0.768571  0.580217  0.199840  0.386137  0.611136  0.512939  0.513656  0.364054  0.318822  0.175299  0.496058  0.264936  0.630014  0.138529  0.637665  0.885592  0.278324  0.146329  0.306066  0.125210  0.458482  0.518444  0.203957  0.664857  0.591107  0.172343  0.230294  0.324009 
32  0.210223  0.203347  0.458617  0.538493  0.476243  0.398908  0.278857  0.188327  0.377491  0.332573  0.330137  0.296047  0.411897  0.289171  0.432019  0.370702  0.459048  0.478801  0.324012  0.286491  0.309197  0.284151  0.193093  0.426952  0.246892  0.225848  0.445381  0.239133  0.390940  0.408914  0.372546  0.383845 0.0  0.465109  0.323075  0.269457  0.456172  0.350509  0.202587  0.249669  0.157681  0.275578  0.192034  0.327481  0.315401  0.287488  0.298662  0.315487  0.633659  0.474409  0.247963  0.307752  0.263296  0.283887  0.258909  0.146437  0.249799  0.285969  0.283794  0.358270  0.105552 
33  0.666535  0.489698  0.183126  0.080794  0.081307  0.241020  0.796269  0.613020  0.880721  0.760905  0.626360  0.646773  0.757495  0.821172  0.701259  0.148603  0.153012  0.934479  0.710937  0.779514  0.208145  0.247534  0.460620  0.146397  0.643091  0.769069  0.257873  0.529358  0.083963  0.215201  0.273334  0.768571  0.465109 0.0  0.254642  0.620311  0.885829  0.281317  0.315592  0.293995  0.626237  0.680680  0.492065  0.308721  0.728266  0.183197  0.735639  0.232928  0.176799  0.845730  0.571752  0.753157  0.787894  0.196045  0.282388  0.541567  0.219874  0.255278  0.733916  0.841274  0.488932 
34  0.488471  0.257253  0.128227  0.261113  0.133177  0.091945  0.608924  0.403076  0.616282  0.638740  0.437771  0.639438  0.575695  0.635815  0.780394  0.185182  0.162570  0.651820  0.686406  0.553610  0.080794  0.080794  0.332982  0.194649  0.460738  0.489749  0.282307  0.553779  0.138992  0.151794  0.180571  0.580217  0.323075  0.254642 0.0  0.532095  0.633153  0.122070  0.245744  0.125415  0.404015  0.585822  0.341663  0.080794  0.563899  0.148561  0.491008  0.159966  0.380705  0.666262  0.516874  0.625482  0.479679  0.182463  0.217657  0.497124  0.175668  0.080794  0.630608  0.640748  0.419705 
35  0.160471  0.285410  0.651760  0.600651  0.608299  0.561272  0.170970  0.192675  0.298653  0.244449  0.141494  0.105966  0.229635  0.174374  0.231657  0.585822  0.570933  0.378994  0.217905  0.227822  0.597827  0.491574  0.289289  0.576249  0.174940  0.128521  0.605822  0.170985  0.544725  0.556140  0.472705  0.199840  0.269457  0.620311  0.532095 0.0  0.271396  0.410927  0.437845  0.413931  0.181039  0.136341  0.223387  0.408316  0.224862  0.462936  0.085870  0.428126  0.763801  0.165622  0.119439  0.262026  0.221579  0.388224  0.485899  0.130733  0.608247  0.411990  0.130761  0.170387  0.292339 
36  0.318930  0.404385  0.923772  0.862576  0.787370  0.701064  0.200598  0.304990  0.172296  0.163851  0.269465  0.308981  0.160997  0.278645  0.298423  0.733627  0.751479  0.309298  0.189623  0.227812  0.716894  0.616804  0.350134  0.820766  0.325883  0.321280  0.808318  0.252200  0.941267  0.756598  0.855931  0.386137  0.456172  0.885829  0.633153  0.271396 0.0  0.684692  0.547522  0.696945  0.287956  0.158946  0.374229  0.635517  0.305453  0.775306  0.266467  0.678130  0.896909  0.213127  0.223045  0.180017  0.205895  0.625561  0.674177  0.479011  0.748423  0.648871  0.273855  0.212419  0.506451 
37  0.562158  0.377312  0.327826  0.188320  0.246179  0.135635  0.619408  0.461198  0.667740  0.575059  0.523651  0.474610  0.528840  0.518765  0.610419  0.203408  0.166154  0.617884  0.645304  0.557110  0.271749  0.153264  0.308709  0.176105  0.475281  0.395269  0.283869  0.575689  0.219247  0.212901  0.224109  0.611136  0.350509  0.281317  0.122070  0.410927  0.684692 0.0  0.240408  0.122903  0.436454  0.549276  0.251582  0.089296  0.542974  0.260804  0.451445  0.097458  0.396371  0.627554  0.424225  0.557345  0.461628  0.080794  0.080794  0.355744  0.098194  0.080794  0.577136  0.492156  0.386589 
38  0.349241  0.118116  0.440627  0.364382  0.407157  0.255977  0.556605  0.411103  0.530898  0.334039  0.500993  0.387913  0.496366  0.495659  0.541001  0.284743  0.231464  0.654105  0.588422  0.411645  0.324902  0.264999  0.215814  0.235763  0.350176  0.375302  0.404246  0.317524  0.371538  0.217179  0.318595  0.512939  0.202587  0.315592  0.245744  0.437845  0.547522  0.240408 0.0  0.252255  0.272218  0.424006  0.389469  0.184422  0.428945  0.264672  0.362405  0.153929  0.382639  0.526901  0.381604  0.410806  0.475616  0.239159  0.260348  0.295547  0.265402  0.222919  0.550792  0.456448  0.259581 
39  0.534245  0.170263  0.263631  0.259302  0.293696  0.140273  0.601473  0.394234  0.514045  0.538549  0.560399  0.401476  0.579609  0.592494  0.681628  0.249754  0.178098  0.597462  0.570231  0.549979  0.194951  0.082419  0.273965  0.132192  0.481214  0.409305  0.405406  0.445975  0.262818  0.277237  0.211176  0.513656  0.249669  0.293995  0.125415  0.413931  0.696945  0.122903  0.252255 0.0  0.335816  0.464469  0.374644  0.168465  0.553691  0.214291  0.454955  0.147545  0.420385  0.498384  0.491967  0.550109  0.465553  0.286402  0.187107  0.347330  0.195346  0.105156  0.567361  0.592520  0.397861 
40  0.094658  0.216278  0.735124  0.640466  0.548140  0.444718  0.286877  0.080794  0.293520  0.156503  0.135750  0.174897  0.188549  0.186451  0.406830  0.548554  0.569900  0.303256  0.294859  0.178304  0.441420  0.541030  0.286006  0.529379  0.215258  0.200907  0.512083  0.110597  0.626452  0.638838  0.509425  0.364054  0.157681  0.626237  0.404015  0.181039  0.287956  0.436454  0.272218  0.335816 0.0  0.157210  0.143547  0.365350  0.104951  0.579444  0.197842  0.423345  0.747282  0.286693  0.190497  0.178496  0.131462  0.507680  0.480274  0.124824  0.459969  0.392404  0.229620  0.316595  0.216225 
41  0.177082  0.305662  0.731947  0.654365  0.716844  0.634869  0.138621  0.196644  0.232388  0.212210  0.080794  0.111631  0.133686  0.120370  0.165771  0.529548  0.683912  0.313499  0.193612  0.080794  0.563620  0.525710  0.286908  0.656476  0.248801  0.206931  0.604242  0.170264  0.652129  0.649683  0.642035  0.318822  0.275578  0.680680  0.585822  0.136341  0.158946  0.549276  0.424006  0.464469  0.157210 0.0  0.277539  0.467573  0.166457  0.673265  0.080794  0.565382  0.810882  0.166344  0.210190  0.159677  0.142972  0.497171  0.551351  0.297952  0.589063  0.418940  0.264168  0.241248  0.454356 
42  0.171920  0.199392  0.453634  0.542373  0.543571  0.336014  0.313805  0.249359  0.239610  0.267293  0.136965  0.122392  0.396813  0.243756  0.239343  0.534947  0.545929  0.292381  0.370238  0.309482  0.358136  0.340212  0.300675  0.484875  0.140407  0.127173  0.674916  0.318284  0.576550  0.416186  0.502156  0.175299  0.192034  0.492065  0.341663  0.223387  0.374229  0.251582  0.389469  0.374644  0.143547  0.277539 0.0  0.470571  0.328693  0.502637  0.267408  0.309887  0.667484  0.274447  0.326874  0.290854  0.152866  0.417502  0.389574  0.163575  0.556220  0.328582  0.303262  0.290867  0.302983 
43  0.457463  0.323307  0.234989  0.324631  0.221895  0.080794  0.652941  0.471839  0.651020  0.626685  0.432717  0.513729  0.601324  0.649367  0.615583  0.244585  0.114301  0.567162  0.683281  0.599293  0.110623  0.111296  0.299307  0.142052  0.384196  0.560964  0.217769  0.532030  0.230109  0.274820  0.185554  0.496058  0.327481  0.308721  0.080794  0.408316  0.635517  0.089296  0.184422  0.168465  0.365350  0.467573  0.470571 0.0  0.489059  0.182956  0.516206  0.080794  0.454085  0.679933  0.604626  0.483755  0.484385  0.080794  0.080794  0.401916  0.184240  0.143976  0.623015  0.693459  0.370683 
44  0.087467  0.212101  0.709411  0.688939  0.537980  0.515369  0.281791  0.085274  0.203939  0.259286  0.080794  0.307636  0.169039  0.195887  0.162638  0.425475  0.528114  0.333131  0.222267  0.123226  0.450625  0.611192  0.335733  0.635298  0.228539  0.214610  0.688871  0.080794  0.662103  0.607352  0.537016  0.264936  0.315401  0.728266  0.563899  0.224862  0.305453  0.542974  0.428945  0.553691  0.104951  0.166457  0.328693  0.489059 0.0  0.567982  0.107555  0.392673  0.707929  0.311913  0.212762  0.137649  0.151470  0.531853  0.503157  0.212293  0.519098  0.500485  0.084787  0.290548  0.252051 
45  0.639798  0.375523  0.218205  0.177000  0.080794  0.180709  0.649328  0.554558  0.733316  0.680934  0.668124  0.594429  0.636040  0.733072  0.663455  0.098240  0.186608  0.714870  0.798466  0.673934  0.084037  0.289087  0.349741  0.141531  0.497398  0.521386  0.285411  0.557344  0.080794  0.183687  0.080794  0.630014  0.287488  0.183197  0.148561  0.462936  0.775306  0.260804  0.264672  0.214291  0.579444  0.673265  0.502637  0.182956  0.567982 0.0  0.548227  0.210898  0.347559  0.779087  0.551068  0.631865  0.627416  0.146811  0.080794  0.389851  0.080794  0.217110  0.696562  0.574297  0.360128 
46  0.080794  0.372761  0.613085  0.801907  0.633050  0.482194  0.153991  0.183395  0.272704  0.245105  0.080794  0.107628  0.167602  0.216101  0.278022  0.593763  0.591302  0.272315  0.348025  0.125989  0.562727  0.540285  0.296336  0.571532  0.194189  0.175378  0.726422  0.080794  0.691174  0.731970  0.581302  0.138529  0.298662  0.735639  0.491008  0.085870  0.266467  0.451445  0.362405  0.454955  0.197842  0.080794  0.267408  0.516206  0.107555  0.548227 0.0  0.463641  0.664453  0.152508  0.142527  0.165515  0.197233  0.474794  0.420553  0.196975  0.607564  0.559141  0.268721  0.190837  0.194999 
47  0.524413  0.297071  0.345861  0.345862  0.177388  0.080794  0.554856  0.481228  0.571368  0.678873  0.544301  0.543190  0.698881  0.619033  0.647618  0.257959  0.144086  0.728447  0.674273  0.590570  0.126768  0.080794  0.362489  0.176450  0.361569  0.437433  0.298943  0.395217  0.258752  0.269878  0.134885  0.637665  0.315487  0.232928  0.159966  0.428126  0.678130  0.097458  0.153929  0.147545  0.423345  0.565382  0.309887  0.080794  0.392673  0.210898  0.463641 0.0  0.356960  0.723774  0.500047  0.626976  0.468560  0.113697  0.080794  0.491035  0.268402  0.080794  0.692970  0.587861  0.369889 
48  0.662592  0.498096  0.364610  0.223975  0.286467  0.389559  0.821732  0.809812  0.897093  0.858456  0.739861  0.849475  1.000000  0.757494  0.776526  0.181153  0.280884  0.964889  0.863487  0.839580  0.295120  0.386812  0.403951  0.394184  0.710025  0.719274  0.297220  0.694836  0.271816  0.163971  0.286701  0.885592  0.633659  0.176799  0.380705  0.763801  0.896909  0.396371  0.382639  0.420385  0.747282  0.810882  0.667484  0.454085  0.707929  0.347559  0.664453  0.356960 0.0  0.978581  0.742119  0.798924  0.817705  0.299161  0.328399  0.626380  0.244137  0.365438  0.859727  0.947583  0.625818 
49  0.159411  0.309239  0.898270  0.753988  0.803988  0.705246  0.126142  0.398664  0.097199  0.115617  0.279148  0.343703  0.255244  0.140362  0.326989  0.724613  0.733306  0.329651  0.182474  0.147620  0.624693  0.681694  0.491622  0.743005  0.337663  0.380624  0.691113  0.345714  0.750354  0.732152  0.836716  0.278324  0.474409  0.845730  0.666262  0.165622  0.213127  0.627554  0.526901  0.498384  0.286693  0.166344  0.274447  0.679933  0.311913  0.779087  0.152508  0.723774  0.978581 0.0  0.256137  0.125442  0.309877  0.576912  0.554055  0.356049  0.782324  0.656728  0.290143  0.150265  0.472136 
50  0.186446  0.301873  0.674766  0.651168  0.668984  0.490955  0.094753  0.267449  0.080794  0.175426  0.132701  0.110055  0.221596  0.107200  0.183466  0.550484  0.567569  0.235964  0.088964  0.082558  0.468566  0.515640  0.353423  0.513763  0.154800  0.137287  0.676332  0.080794  0.763918  0.584228  0.650284  0.146329  0.247963  0.571752  0.516874  0.119439  0.223045  0.424225  0.381604  0.491967  0.190497  0.210190  0.326874  0.604626  0.212762  0.551068  0.142527  0.500047  0.742119  0.256137 0.0  0.247521  0.159483  0.538235  0.481129  0.232665  0.527783  0.532256  0.184577  0.080794  0.346767 
51  0.137390  0.401248  0.752115  0.765090  0.682961  0.659520  0.206345  0.232831  0.257843  0.147687  0.142840  0.189658  0.225319  0.114401  0.306996  0.576989  0.579822  0.314194  0.228982  0.147297  0.552794  0.539637  0.383831  0.802120  0.235719  0.192602  0.700968  0.205518  0.642555  0.592240  0.718712  0.306066  0.307752  0.753157  0.625482  0.262026  0.180017  0.557345  0.410806  0.550109  0.178496  0.159677  0.290854  0.483755  0.137649  0.631865  0.165515  0.626976  0.798924  0.125442  0.247521 0.0  0.280001  0.542351  0.662260  0.183772  0.555422  0.602351  0.214405  0.269928  0.382172 
52  0.305178  0.385456  0.646677  0.679883  0.678308  0.525283  0.198681  0.268875  0.153980  0.225318  0.224239  0.098728  0.222176  0.310358  0.181263  0.663257  0.616268  0.243369  0.118745  0.263431  0.542611  0.572409  0.288612  0.506542  0.245777  0.118750  0.710937  0.222909  0.673548  0.680629  0.597046  0.125210  0.263296  0.787894  0.479679  0.221579  0.205895  0.461628  0.475616  0.465553  0.131462  0.142972  0.152866  0.484385  0.151470  0.627416  0.197233  0.468560  0.817705  0.309877  0.159483  0.280001 0.0  0.463851  0.510778  0.283776  0.648746  0.489984  0.216314  0.261011  0.377998 
53  0.461852  0.122692  0.321320  0.277957  0.238730  0.080794  0.655894  0.370041  0.661351  0.691995  0.497114  0.473747  0.611437  0.483153  0.531328  0.219758  0.200917  0.522698  0.494715  0.590716  0.125082  0.135479  0.341171  0.219395  0.462316  0.528361  0.266473  0.471935  0.267460  0.287302  0.280986  0.458482  0.283887  0.196045  0.182463  0.388224  0.625561  0.080794  0.239159  0.286402  0.507680  0.497171  0.417502  0.080794  0.531853  0.146811  0.474794  0.113697  0.299161  0.576912  0.538235  0.542351  0.463851 0.0  0.180475  0.357673  0.235456  0.080794  0.599948  0.542214  0.348216 
54  0.398303  0.311817  0.332430  0.312462  0.225290  0.158152  0.649711  0.438353  0.729089  0.601516  0.634795  0.530136  0.612632  0.652217  0.654481  0.292689  0.183049  0.695421  0.667076  0.623055  0.087311  0.170723  0.340128  0.100322  0.442206  0.442817  0.247888  0.603235  0.220307  0.182124  0.227013  0.518444  0.258909  0.282388  0.217657  0.485899  0.674177  0.080794  0.260348  0.187107  0.480274  0.551351  0.389574  0.080794  0.503157  0.080794  0.420553  0.080794  0.328399  0.554055  0.481129  0.662260  0.510778  0.180475 0.0  0.325673  0.138428  0.080794  0.629480  0.647422  0.349158 
55  0.261806  0.232523  0.605222  0.681223  0.498571  0.409479  0.345551  0.080794  0.301786  0.305837  0.170548  0.321923  0.180775  0.161015  0.282194  0.458941  0.455821  0.435942  0.269134  0.257077  0.401148  0.360854  0.325947  0.457918  0.170697  0.263337  0.532763  0.233658  0.513559  0.382692  0.485883  0.203957  0.146437  0.541567  0.497124  0.130733  0.479011  0.355744  0.295547  0.347330  0.124824  0.297952  0.163575  0.401916  0.212293  0.389851  0.196975  0.491035  0.626380  0.356049  0.232665  0.183772  0.283776  0.357673  0.325673 0.0  0.362778  0.475774  0.341661  0.279317  0.180084 
56  0.531058  0.364271  0.318937  0.359947  0.229592  0.190331  0.670988  0.462721  0.665783  0.596062  0.489350  0.617644  0.598396  0.546064  0.695410  0.157147  0.219421  0.667270  0.703159  0.590207  0.124346  0.139212  0.310603  0.203807  0.456151  0.478869  0.189653  0.410504  0.195229  0.147168  0.242886  0.664857  0.249799  0.219874  0.175668  0.608247  0.748423  0.098194  0.265402  0.195346  0.459969  0.589063  0.556220  0.184240  0.519098  0.080794  0.607564  0.268402  0.244137  0.782324  0.527783  0.555422  0.648746  0.235456  0.138428  0.362778 0.0  0.211957  0.656884  0.604344  0.382401 
57  0.434922  0.351346  0.370259  0.263231  0.210243  0.161820  0.555530  0.472511  0.624145  0.535139  0.596807  0.526260  0.559775  0.523765  0.585398  0.138305  0.166443  0.665129  0.668258  0.501541  0.080794  0.181788  0.239752  0.080794  0.475220  0.509231  0.349024  0.315095  0.218715  0.194330  0.233658  0.591107  0.285969  0.255278  0.080794  0.411990  0.648871  0.080794  0.222919  0.105156  0.392404  0.418940  0.328582  0.143976  0.500485  0.217110  0.559141  0.080794  0.365438  0.656728  0.532256  0.602351  0.489984  0.080794  0.080794  0.475774  0.211957 0.0  0.563298  0.645546  0.286785 
58  0.314070  0.428699  0.774188  0.736190  0.655473  0.576816  0.084177  0.275540  0.142931  0.199559  0.174298  0.294260  0.080794  0.080794  0.080794  0.742849  0.615363  0.117601  0.120258  0.221222  0.673365  0.671770  0.467799  0.624093  0.301386  0.196769  0.881133  0.342263  0.734410  0.793643  0.764094  0.172343  0.283794  0.733916  0.630608  0.130761  0.273855  0.577136  0.550792  0.567361  0.229620  0.264168  0.303262  0.623015  0.084787  0.696562  0.268721  0.692970  0.859727  0.290143  0.184577  0.214405  0.216314  0.599948  0.629480  0.341661  0.656884  0.563298 0.0  0.080794  0.483175 
59  0.311095  0.300655  0.819496  0.854794  0.690705  0.678620  0.080794  0.236266  0.098405  0.187382  0.089201  0.195399  0.201309  0.155017  0.109265  0.683474  0.718287  0.248264  0.128092  0.080794  0.570998  0.625753  0.504439  0.629918  0.184208  0.448271  0.779637  0.305031  0.774624  0.740009  0.748345  0.230294  0.358270  0.841274  0.640748  0.170387  0.212419  0.492156  0.456448  0.592520  0.316595  0.241248  0.290867  0.693459  0.290548  0.574297  0.190837  0.587861  0.947583  0.150265  0.080794  0.269928  0.261011  0.542214  0.647422  0.279317  0.604344  0.645546  0.080794 0.0  0.437443 
60  0.281244  0.085885  0.574554  0.429105  0.446539  0.423673  0.445327  0.267943  0.456360  0.400568  0.270923  0.407104  0.252876  0.376892  0.361967  0.399503  0.492634  0.451169  0.363425  0.236351  0.291137  0.348696  0.151227  0.333567  0.308659  0.255398  0.402773  0.136304  0.494368  0.361471  0.469978  0.324009  0.105552  0.488932  0.419705  0.292339  0.506451  0.386589  0.259581  0.397861  0.216225  0.454356  0.302983  0.370683  0.252051  0.360128  0.194999  0.369889  0.625818  0.472136  0.346767  0.382172  0.377998  0.348216  0.349158  0.180084  0.382401  0.286785  0.483175  0.437443 0.0 
