61
0 0.0  0.276510  0.637462  0.694767  0.546267  0.416093  0.218832  0.082340  0.308908  0.215904  0.165283  0.240478  0.277751  0.293208  0.237331  0.539933  0.566015  0.434369  0.280931  0.128883  0.497914  0.395747  0.278291  0.635471  0.247897  0.159868  0.566780  0.077579  0.771319  0.545555  0.499741  0.265412  0.185930  0.694876  0.472051  0.137347  0.273538  0.498191  0.402328  0.490450  0.164378  0.149496  0.215807  0.470135  0.092780  0.474684  0.238799  0.461676  0.754770  0.256293  0.160656  0.152154  0.333090  0.444964  0.494424  0.215552  0.485371  0.482842  0.176352  0.280594  0.251321 
1  0.276510 0.0  0.590918  0.544976  0.406689  0.222773  0.454989  0.253188  0.428747  0.387117  0.358677  0.349213  0.402038  0.332247  0.538094  0.345217  0.433597  0.524415  0.431179  0.381322  0.260718  0.314400  0.128649  0.461174  0.267746  0.192536  0.300186  0.226355  0.379252  0.394830  0.336903  0.309167  0.216492  0.344012  0.272244  0.257069  0.496253  0.275521  0.179493  0.240549  0.156494  0.303620  0.277242  0.175300  0.288714  0.418695  0.212158  0.274354  0.519922  0.402102  0.363840  0.313812  0.466668  0.247982  0.285534  0.238850  0.259416  0.374168  0.336211  0.378615  0.077579 
2  0.637462  0.590918 0.0  0.077579  0.144225  0.218644  0.770286  0.576904  0.719109  0.811495  0.620891  0.731116  0.777534  0.766914  0.786947  0.238415  0.171322  0.766183  0.723797  0.721870  0.231832  0.183744  0.528995  0.197767  0.676847  0.599649  0.253272  0.708258  0.219018  0.249079  0.136712  0.743354  0.503944  0.264560  0.346699  0.718115  1.000000  0.341803  0.324660  0.258886  0.619989  0.719905  0.496995  0.335848  0.721416  0.171761  0.704963  0.266048  0.275329  0.836607  0.609094  0.671797  0.657720  0.264957  0.402429  0.566806  0.320334  0.277191  0.849770  0.705862  0.456757 
3  0.694767  0.544976  0.077579 0.0  0.153807  0.254310  0.822077  0.592232  0.870948  0.765219  0.662306  0.682919  0.745724  0.726761  0.842828  0.274389  0.165515  0.841970  0.794794  0.620725  0.077579  0.267875  0.454282  0.184325  0.598389  0.693998  0.282549  0.575481  0.170609  0.205218  0.081547  0.687374  0.491066  0.078690  0.163138  0.645198  0.766995  0.303558  0.422582  0.301355  0.580412  0.799595  0.543085  0.278861  0.655143  0.133609  0.652961  0.215653  0.232759  0.727495  0.746615  0.774995  0.758222  0.294501  0.274335  0.577959  0.287959  0.288520  0.848371  0.776300  0.599280 
4  0.546267  0.406689  0.144225  0.153807 0.0  0.223479  0.737702  0.582582  0.795738  0.684282  0.605992  0.671986  0.797217  0.775377  0.693947  0.189313  0.142482  0.792389  0.738711  0.596733  0.189628  0.261456  0.448445  0.166839  0.698554  0.662628  0.112817  0.565619  0.077579  0.257845  0.192060  0.631703  0.452814  0.170435  0.209056  0.609257  0.764496  0.185655  0.458000  0.229577  0.625432  0.681673  0.565098  0.270893  0.610576  0.236319  0.608208  0.259879  0.231890  0.805145  0.617055  0.614315  0.585193  0.273097  0.300480  0.523974  0.203045  0.189768  0.663120  0.803163  0.430244 
5  0.416093  0.222773  0.218644  0.254310  0.223479 0.0  0.689183  0.390187  0.607123  0.610247  0.552254  0.511004  0.630647  0.575974  0.649419  0.330374  0.174119  0.636724  0.650051  0.509101  0.092343  0.157064  0.304024  0.143154  0.594628  0.370064  0.311124  0.517730  0.153745  0.243426  0.104037  0.671812  0.253475  0.225175  0.214910  0.434627  0.774867  0.104730  0.301075  0.084210  0.333383  0.518351  0.496226  0.077579  0.532835  0.138543  0.556630  0.116968  0.360575  0.697811  0.570101  0.660106  0.469668  0.168404  0.116976  0.313036  0.212166  0.087404  0.646943  0.550342  0.343475 
6  0.218832  0.454989  0.770286  0.822077  0.737702  0.689183 0.0  0.275543  0.077579  0.240122  0.269293  0.089661  0.098890  0.077579  0.185199  0.699366  0.674438  0.244420  0.077579  0.257425  0.639535  0.617613  0.545722  0.731017  0.294442  0.256229  0.814434  0.284527  0.671139  0.810063  0.723674  0.253292  0.368550  0.703384  0.663096  0.183317  0.077579  0.620900  0.457303  0.519077  0.293560  0.189835  0.319035  0.633625  0.207736  0.587444  0.141337  0.694181  0.884505  0.098927  0.191461  0.092160  0.288020  0.607376  0.666647  0.297746  0.648496  0.576482  0.121008  0.120458  0.373288 
7  0.082340  0.253188  0.576904  0.592232  0.582582  0.390187  0.275543 0.0  0.265309  0.231186  0.131443  0.311133  0.287062  0.203395  0.354518  0.448119  0.559084  0.410258  0.257632  0.164880  0.421544  0.406439  0.171066  0.540883  0.225873  0.157450  0.607451  0.097398  0.522787  0.471364  0.534152  0.258290  0.237814  0.528662  0.423022  0.156533  0.361835  0.350306  0.386305  0.325864  0.077579  0.242276  0.178417  0.461581  0.179467  0.469508  0.077579  0.396373  0.753440  0.380042  0.285532  0.188792  0.324871  0.411921  0.497220  0.146808  0.455624  0.572381  0.289480  0.254989  0.160679 
8  0.308908  0.428747  0.719109  0.870948  0.795738  0.607123  0.077579  0.265309 0.0  0.222520  0.132891  0.077579  0.077579  0.145400  0.162639  0.667259  0.827741  0.199161  0.216738  0.164427  0.627342  0.606772  0.361988  0.621740  0.246323  0.257273  0.692836  0.294677  0.704070  0.660806  0.765533  0.203638  0.337933  0.790572  0.699899  0.274522  0.216521  0.654685  0.465660  0.646867  0.300377  0.164046  0.363884  0.648031  0.311630  0.731143  0.186966  0.671136  0.873390  0.215891  0.239324  0.096823  0.153894  0.582878  0.650167  0.317231  0.699907  0.655098  0.077579  0.077579  0.398405 
9  0.215904  0.387117  0.811495  0.765219  0.684282  0.610247  0.240122  0.231186  0.222520 0.0  0.103424  0.241075  0.235771  0.226955  0.265348  0.702681  0.784545  0.366093  0.092726  0.241106  0.700568  0.585678  0.396922  0.671332  0.229917  0.258786  0.723576  0.108599  0.793139  0.622288  0.624870  0.356348  0.389329  0.790235  0.596530  0.160854  0.106394  0.546990  0.550286  0.493009  0.267952  0.177529  0.396906  0.589952  0.081238  0.623425  0.195223  0.551940  0.842753  0.171339  0.242506  0.139903  0.248929  0.556215  0.577908  0.292905  0.577847  0.595538  0.163880  0.077579  0.293445 
10  0.165283  0.358677  0.620891  0.662306  0.605992  0.552254  0.269293  0.131443  0.132891  0.103424 0.0  0.077579  0.126872  0.152005  0.263381  0.424760  0.519130  0.230714  0.248060  0.182350  0.518985  0.465257  0.268361  0.535097  0.103867  0.077579  0.657167  0.199610  0.758423  0.580986  0.623109  0.208489  0.260290  0.640576  0.490673  0.077579  0.129690  0.401625  0.326793  0.577091  0.133124  0.167184  0.202123  0.505675  0.135219  0.473725  0.144347  0.520557  0.759400  0.169383  0.161038  0.226433  0.124100  0.499903  0.540689  0.242042  0.525499  0.484854  0.160210  0.246135  0.297564 
11  0.240478  0.349213  0.731116  0.682919  0.671986  0.511004  0.089661  0.311133  0.077579  0.241075  0.077579 0.0  0.155662  0.177202  0.152141  0.685413  0.570734  0.361061  0.198458  0.202144  0.585796  0.520209  0.382994  0.656457  0.135798  0.268419  0.685969  0.138950  0.721106  0.617399  0.627823  0.077579  0.294057  0.715441  0.514653  0.171437  0.296422  0.550872  0.471598  0.434780  0.237149  0.309522  0.263874  0.545425  0.240377  0.542498  0.210139  0.539572  0.920756  0.201361  0.154785  0.213015  0.201678  0.400519  0.542679  0.275974  0.647425  0.531906  0.117954  0.147594  0.387985 
12  0.277751  0.402038  0.777534  0.745724  0.797217  0.630647  0.098890  0.287062  0.077579  0.235771  0.126872  0.155662 0.0  0.173361  0.106949  0.677287  0.663378  0.239029  0.161607  0.186801  0.654557  0.627266  0.326622  0.662513  0.262641  0.243378  0.762795  0.267624  0.760737  0.709394  0.737568  0.222636  0.343937  0.732850  0.613183  0.120175  0.295618  0.615762  0.426449  0.565221  0.200167  0.118939  0.272618  0.531112  0.218305  0.569543  0.196607  0.700811  0.905972  0.147554  0.125306  0.145040  0.180031  0.503458  0.606091  0.120756  0.675025  0.602530  0.077579  0.151755  0.366249 
13  0.293208  0.332247  0.766914  0.726761  0.775377  0.575974  0.077579  0.203395  0.145400  0.226955  0.152005  0.177202  0.173361 0.0  0.221204  0.602060  0.600237  0.191263  0.133689  0.244131  0.701945  0.549573  0.327167  0.592760  0.304986  0.301290  0.641727  0.234330  0.748979  0.693619  0.778268  0.141511  0.339924  0.749609  0.694400  0.224064  0.153153  0.528333  0.478999  0.618540  0.187338  0.100409  0.412253  0.740269  0.238949  0.701363  0.114840  0.590523  0.808238  0.245250  0.186852  0.183229  0.145573  0.535079  0.482177  0.262582  0.647336  0.526183  0.096914  0.104948  0.265184 
14  0.237331  0.538094  0.786947  0.842828  0.693947  0.649419  0.185199  0.354518  0.162639  0.265348  0.263381  0.152141  0.106949  0.221204 0.0  0.684449  0.702568  0.182698  0.129906  0.267846  0.521808  0.575416  0.463356  0.612787  0.289428  0.246517  0.828674  0.333142  0.877923  0.811298  0.660845  0.125779  0.474547  0.774614  0.630087  0.202364  0.225065  0.540783  0.528719  0.555431  0.327566  0.227522  0.288605  0.675691  0.316564  0.648346  0.383831  0.547389  0.793435  0.288665  0.198230  0.169618  0.158269  0.480321  0.638785  0.302080  0.687969  0.541492  0.150368  0.226788  0.397022 
15  0.539933  0.345217  0.238415  0.274389  0.189313  0.330374  0.699366  0.448119  0.667259  0.702681  0.424760  0.685413  0.677287  0.602060  0.684449 0.0  0.087983  0.741580  0.755561  0.561221  0.187455  0.190557  0.385790  0.141773  0.589664  0.466674  0.208194  0.496394  0.245222  0.143642  0.209289  0.659369  0.424920  0.135356  0.143186  0.526242  0.640456  0.165259  0.264358  0.207426  0.530411  0.531090  0.488125  0.118093  0.536710  0.233197  0.556379  0.217115  0.233275  0.736279  0.692864  0.598907  0.633947  0.306034  0.107415  0.458806  0.077579  0.250449  0.728079  0.661895  0.399770 
16  0.566015  0.433597  0.171322  0.165515  0.142482  0.174119  0.674438  0.559084  0.827741  0.784545  0.519130  0.570734  0.663378  0.600237  0.702568  0.087983 0.0  0.736617  0.683017  0.638928  0.115460  0.122449  0.394606  0.086057  0.398472  0.613343  0.097838  0.496082  0.077579  0.140322  0.168997  0.562091  0.262557  0.208909  0.175328  0.574341  0.772317  0.220442  0.191087  0.116255  0.410060  0.514841  0.512532  0.239675  0.609361  0.121168  0.587293  0.237518  0.250010  0.805405  0.547019  0.700098  0.558656  0.170004  0.212781  0.404016  0.130737  0.181878  0.771607  0.695300  0.409369 
17  0.434369  0.524415  0.766183  0.841970  0.792389  0.636724  0.244420  0.410258  0.199161  0.366093  0.230714  0.361061  0.239029  0.191263  0.182698  0.741580  0.736617 0.0  0.150726  0.331531  0.611287  0.684981  0.493195  0.745415  0.235238  0.370823  0.708532  0.397072  0.910810  0.773088  0.758196  0.145633  0.444438  0.901863  0.804680  0.293836  0.276813  0.694630  0.646676  0.586770  0.264281  0.283549  0.383226  0.654792  0.391522  0.725141  0.327447  0.606960  0.901847  0.316752  0.338907  0.455776  0.273639  0.589712  0.616849  0.346184  0.811487  0.655346  0.134914  0.260682  0.409476 
18  0.280931  0.431179  0.723797  0.794794  0.738711  0.650051  0.077579  0.257632  0.216738  0.092726  0.248060  0.198458  0.161607  0.133689  0.129906  0.755561  0.683017  0.150726 0.0  0.185106  0.623332  0.570333  0.401563  0.698736  0.373001  0.279653  0.822975  0.350110  0.860401  0.720102  0.712782  0.290797  0.378020  0.840517  0.691016  0.222108  0.256124  0.639024  0.509241  0.561386  0.248416  0.221664  0.349891  0.631895  0.222691  0.746553  0.241161  0.697714  0.743068  0.161595  0.289102  0.220885  0.249177  0.545758  0.620150  0.296609  0.606276  0.541325  0.117259  0.129064  0.426570 
19  0.128883  0.381322  0.721870  0.620725  0.596733  0.509101  0.257425  0.164880  0.164427  0.241106  0.182350  0.202144  0.186801  0.244131  0.267846  0.561221  0.638928  0.331531  0.185106 0.0  0.576962  0.549920  0.281942  0.543456  0.294431  0.281293  0.681681  0.139686  0.649571  0.669721  0.668208  0.336713  0.283318  0.576197  0.647989  0.077579  0.164089  0.410964  0.446007  0.518103  0.249064  0.178638  0.265692  0.515600  0.227181  0.653146  0.077579  0.589055  0.790503  0.174455  0.186015  0.098211  0.324240  0.413610  0.464748  0.234024  0.700218  0.482212  0.266346  0.258476  0.252681 
20  0.497914  0.260718  0.231832  0.077579  0.189628  0.092343  0.639535  0.421544  0.627342  0.700568  0.518985  0.585796  0.654557  0.701945  0.521808  0.187455  0.115460  0.611287  0.623332  0.576962 0.0  0.077579  0.360519  0.180386  0.456763  0.486805  0.231976  0.451693  0.136189  0.231517  0.137781  0.619819  0.375509  0.173762  0.077579  0.415497  0.707540  0.215665  0.381485  0.077579  0.505144  0.569652  0.376019  0.157258  0.539658  0.077579  0.440151  0.162382  0.408125  0.644926  0.524921  0.584643  0.473030  0.077579  0.130460  0.356341  0.184374  0.205296  0.584188  0.581211  0.351665 
21  0.395747  0.314400  0.183744  0.267875  0.261456  0.157064  0.617613  0.406439  0.606772  0.585678  0.465257  0.520209  0.627266  0.549573  0.575416  0.190557  0.122449  0.684981  0.570333  0.549920  0.077579 0.0  0.301220  0.124994  0.413159  0.434015  0.219885  0.506272  0.289523  0.199211  0.234535  0.478916  0.282393  0.253032  0.142549  0.523629  0.702140  0.091609  0.247513  0.202308  0.420928  0.447426  0.368282  0.145587  0.415213  0.133168  0.542706  0.088196  0.440888  0.618243  0.580158  0.573355  0.461160  0.077579  0.077579  0.334201  0.169781  0.101792  0.644528  0.627422  0.328865 
22  0.278291  0.128649  0.528995  0.454282  0.448445  0.304024  0.545722  0.171066  0.361988  0.396922  0.268361  0.382994  0.326622  0.327167  0.463356  0.385790  0.394606  0.493195  0.401563  0.281942  0.360519  0.301220 0.0  0.411575  0.199069  0.317579  0.412419  0.311185  0.569744  0.288179  0.403546  0.357585  0.189266  0.593029  0.300218  0.435697  0.367326  0.345518  0.227812  0.267424  0.293578  0.324612  0.209710  0.296402  0.239658  0.337060  0.323959  0.397166  0.481077  0.431913  0.398607  0.385004  0.304489  0.307158  0.347775  0.178311  0.268629  0.382214  0.437849  0.428265  0.155569 
23  0.635471  0.461174  0.197767  0.184325  0.166839  0.143154  0.731017  0.540883  0.621740  0.671332  0.535097  0.656457  0.662513  0.592760  0.612787  0.141773  0.086057  0.745415  0.698736  0.543456  0.180386  0.124994  0.411575 0.0  0.665783  0.547222  0.213982  0.603795  0.197520  0.155113  0.125540  0.592251  0.378500  0.161619  0.131744  0.542484  0.778817  0.155494  0.371081  0.221842  0.484277  0.594591  0.482066  0.350919  0.584002  0.197206  0.529264  0.170627  0.329798  0.711521  0.552309  0.655541  0.521379  0.189581  0.192113  0.523429  0.091600  0.181441  0.724486  0.624110  0.414035 
24  0.247897  0.267746  0.676847  0.598389  0.698554  0.594628  0.294442  0.225873  0.246323  0.229917  0.103867  0.135798  0.262641  0.304986  0.289428  0.589664  0.398472  0.235238  0.373001  0.294431  0.456763  0.413159  0.199069  0.665783 0.0  0.077579  0.558594  0.248064  0.616792  0.631647  0.565264  0.095582  0.221073  0.622836  0.540791  0.077579  0.413771  0.418586  0.403641  0.415933  0.165239  0.192733  0.125425  0.514756  0.279284  0.510580  0.233868  0.472268  0.767425  0.277046  0.195743  0.245498  0.174104  0.405978  0.584640  0.120528  0.601390  0.528919  0.233493  0.273917  0.314971 
25  0.159868  0.192536  0.599649  0.693998  0.662628  0.370064  0.256229  0.157450  0.257273  0.258786  0.077579  0.268419  0.243378  0.301290  0.246517  0.466674  0.613343  0.370823  0.279653  0.281293  0.486805  0.434015  0.317579  0.547222  0.077579 0.0  0.620069  0.166013  0.582530  0.641178  0.555687  0.196833  0.212515  0.592935  0.536356  0.209518  0.453735  0.411805  0.312394  0.404518  0.112260  0.221091  0.130076  0.353183  0.190473  0.504190  0.120786  0.436730  0.775536  0.250830  0.154960  0.171408  0.140903  0.438165  0.523937  0.256430  0.549891  0.385418  0.290307  0.225790  0.194325 
26  0.566780  0.300186  0.253272  0.282549  0.112817  0.311124  0.814434  0.607451  0.692836  0.723576  0.657167  0.685969  0.762795  0.641727  0.828674  0.208194  0.097838  0.708532  0.822975  0.681681  0.231976  0.219885  0.412419  0.213982  0.558594  0.620069 0.0  0.554557  0.170720  0.077579  0.275659  0.728262  0.454788  0.255765  0.217703  0.648652  0.796899  0.270915  0.253275  0.284059  0.581864  0.750323  0.455889  0.224787  0.644019  0.242774  0.733072  0.162086  0.232496  0.696164  0.656854  0.588047  0.696950  0.340646  0.234815  0.565473  0.233430  0.391495  0.752823  0.840509  0.423887 
27  0.077579  0.226355  0.708258  0.575481  0.565619  0.517730  0.284527  0.097398  0.294677  0.108599  0.199610  0.138950  0.267624  0.234330  0.333142  0.496394  0.496082  0.397072  0.350110  0.139686  0.451693  0.506272  0.311185  0.603795  0.248064  0.166013  0.554557 0.0  0.662015  0.601522  0.627991  0.255807  0.367786  0.648704  0.402225  0.141070  0.305609  0.471017  0.312516  0.304518  0.224810  0.098924  0.315156  0.407393  0.112108  0.469692  0.186841  0.458342  0.675970  0.302555  0.102055  0.192500  0.247383  0.318708  0.424548  0.218485  0.484921  0.541100  0.241799  0.174157  0.281886 
28  0.771319  0.379252  0.219018  0.170609  0.077579  0.153745  0.671139  0.522787  0.704070  0.793139  0.758423  0.721106  0.760737  0.748979  0.877923  0.245222  0.077579  0.910810  0.860401  0.649571  0.136189  0.289523  0.569744  0.197520  0.616792  0.582530  0.170720  0.662015 0.0  0.137033  0.143942  0.641154  0.452482  0.185185  0.346628  0.599600  0.878467  0.379851  0.403168  0.251266  0.611028  0.647683  0.409368  0.233176  0.691085  0.146302  0.636189  0.297299  0.149531  0.820034  0.649888  0.688266  0.665400  0.284930  0.229239  0.520070  0.214508  0.170791  0.739798  0.727622  0.414198 
29  0.545555  0.394830  0.249079  0.205218  0.257845  0.243426  0.810063  0.471364  0.660806  0.622288  0.580986  0.617399  0.709394  0.693619  0.811298  0.143642  0.140322  0.773088  0.720102  0.669721  0.231517  0.199211  0.288179  0.155113  0.631647  0.641178  0.077579  0.601522  0.137033 0.0  0.232568  0.735094  0.472763  0.160864  0.145477  0.618232  0.762016  0.291797  0.297328  0.219976  0.521003  0.675701  0.540712  0.399982  0.518092  0.097919  0.571683  0.170862  0.220871  0.702665  0.623568  0.593411  0.652347  0.278547  0.236640  0.562382  0.110734  0.241821  0.756009  0.712565  0.441740 
30  0.499741  0.336903  0.136712  0.081547  0.192060  0.104037  0.723674  0.534152  0.765533  0.624870  0.623109  0.627823  0.737568  0.778268  0.660845  0.209289  0.168997  0.758196  0.712782  0.668208  0.137781  0.234535  0.403546  0.125540  0.565264  0.555687  0.275659  0.627991  0.143942  0.232568 0.0  0.590512  0.445477  0.221812  0.219228  0.580244  0.743321  0.161664  0.294280  0.121733  0.454372  0.658025  0.516147  0.271573  0.673109  0.232903  0.692926  0.238569  0.209335  0.722137  0.610099  0.702678  0.657528  0.278857  0.266338  0.552558  0.212099  0.298998  0.772775  0.722453  0.543338 
31  0.265412  0.309167  0.743354  0.687374  0.631703  0.671812  0.253292  0.258290  0.203638  0.356348  0.208489  0.077579  0.222636  0.141511  0.125779  0.659369  0.562091  0.145633  0.290797  0.336713  0.619819  0.478916  0.357585  0.592251  0.095582  0.196833  0.728262  0.255807  0.641154  0.735094  0.590512 0.0  0.290784  0.786386  0.611779  0.204139  0.335675  0.471014  0.489779  0.551495  0.301939  0.338846  0.296891  0.515897  0.159290  0.546414  0.115331  0.542757  0.767811  0.256338  0.243355  0.305812  0.154618  0.432134  0.493372  0.240704  0.571468  0.526772  0.204287  0.113443  0.385651 
32  0.185930  0.216492  0.503944  0.491066  0.452814  0.253475  0.368550  0.237814  0.337933  0.389329  0.260290  0.294057  0.343937  0.339924  0.474547  0.424920  0.262557  0.444438  0.378020  0.283318  0.375509  0.282393  0.189266  0.378500  0.221073  0.212515  0.454788  0.367786  0.452482  0.472763  0.445477  0.290784 0.0  0.499217  0.375714  0.263190  0.539123  0.347438  0.197035  0.205629  0.164314  0.307745  0.229031  0.349183  0.201985  0.398496  0.242515  0.247747  0.539432  0.511887  0.202241  0.272317  0.310962  0.211184  0.314631  0.223528  0.369553  0.345346  0.480178  0.483660  0.077579 
33  0.694876  0.344012  0.264560  0.078690  0.170435  0.225175  0.703384  0.528662  0.790572  0.790235  0.640576  0.715441  0.732850  0.749609  0.774614  0.135356  0.208909  0.901863  0.840517  0.576197  0.173762  0.253032  0.593029  0.161619  0.622836  0.592935  0.255765  0.648704  0.185185  0.160864  0.221812  0.786386  0.499217 0.0  0.193417  0.676311  0.846739  0.248268  0.313963  0.335071  0.573404  0.601755  0.561762  0.181474  0.608741  0.189746  0.742900  0.189716  0.272601  0.904743  0.668577  0.734383  0.538232  0.342655  0.234387  0.601443  0.135925  0.296415  0.779268  0.768958  0.471958 
34  0.472051  0.272244  0.346699  0.163138  0.209056  0.214910  0.663096  0.423022  0.699899  0.596530  0.490673  0.514653  0.613183  0.694400  0.630087  0.143186  0.175328  0.804680  0.691016  0.647989  0.077579  0.142549  0.300218  0.131744  0.540791  0.536356  0.217703  0.402225  0.346628  0.145477  0.219228  0.611779  0.375714  0.193417 0.0  0.536275  0.749582  0.106074  0.291585  0.108112  0.375694  0.515499  0.282672  0.222834  0.515835  0.077579  0.529808  0.077579  0.246679  0.766271  0.570044  0.592767  0.655610  0.205897  0.077579  0.440141  0.208318  0.168677  0.624238  0.643700  0.435409 
35  0.137347  0.257069  0.718115  0.645198  0.609257  0.434627  0.183317  0.156533  0.274522  0.160854  0.077579  0.171437  0.120175  0.224064  0.202364  0.526242  0.574341  0.293836  0.222108  0.077579  0.415497  0.523629  0.435697  0.542484  0.077579  0.209518  0.648652  0.141070  0.599600  0.618232  0.580244  0.204139  0.263190  0.676311  0.536275 0.0  0.312746  0.456040  0.406166  0.466183  0.207396  0.116567  0.206299  0.418345  0.077579  0.515027  0.077579  0.532309  0.737553  0.285154  0.086636  0.230830  0.177919  0.468259  0.479728  0.128106  0.513564  0.357139  0.188804  0.152217  0.127577 
36  0.273538  0.496253  1.000000  0.766995  0.764496  0.774867  0.077579  0.361835  0.216521  0.106394  0.129690  0.296422  0.295618  0.153153  0.225065  0.640456  0.772317  0.276813  0.256124  0.164089  0.707540  0.702140  0.367326  0.778817  0.413771  0.453735  0.796899  0.305609  0.878467  0.762016  0.743321  0.335675  0.539123  0.846739  0.749582  0.312746 0.0  0.710638  0.447531  0.609239  0.265518  0.207249  0.381673  0.636280  0.373295  0.677565  0.361027  0.637449  0.806164  0.191166  0.268642  0.257164  0.357674  0.611580  0.615879  0.423381  0.741663  0.682489  0.181265  0.186922  0.465442 
37  0.498191  0.275521  0.341803  0.303558  0.185655  0.104730  0.620900  0.350306  0.654685  0.546990  0.401625  0.550872  0.615762  0.528333  0.540783  0.165259  0.220442  0.694630  0.639024  0.410964  0.215665  0.091609  0.345518  0.155494  0.418586  0.411805  0.270915  0.471017  0.379851  0.291797  0.161664  0.471014  0.347438  0.248268  0.106074  0.456040  0.710638 0.0  0.187486  0.186909  0.432979  0.569438  0.375089  0.077579  0.531844  0.237669  0.493799  0.079560  0.380327  0.564789  0.431730  0.530143  0.414513  0.105299  0.092520  0.388324  0.138472  0.088207  0.537428  0.573576  0.300269 
38  0.402328  0.179493  0.324660  0.422582  0.458000  0.301075  0.457303  0.386305  0.465660  0.550286  0.326793  0.471598  0.426449  0.478999  0.528719  0.264358  0.191087  0.646676  0.509241  0.446007  0.381485  0.247513  0.227812  0.371081  0.403641  0.312394  0.253275  0.312516  0.403168  0.297328  0.294280  0.489779  0.197035  0.313963  0.291585  0.406166  0.447531  0.187486 0.0  0.194907  0.248571  0.417415  0.296705  0.329962  0.250718  0.286054  0.473278  0.221883  0.372445  0.567049  0.356345  0.421150  0.369051  0.173026  0.141489  0.235414  0.222902  0.286060  0.499328  0.518549  0.151599 
39  0.490450  0.240549  0.258886  0.301355  0.229577  0.084210  0.519077  0.325864  0.646867  0.493009  0.577091  0.434780  0.565221  0.618540  0.555431  0.207426  0.116255  0.586770  0.561386  0.518103  0.077579  0.202308  0.267424  0.221842  0.415933  0.404518  0.284059  0.304518  0.251266  0.219976  0.121733  0.551495  0.205629  0.335071  0.108112  0.466183  0.609239  0.186909  0.194907 0.0  0.413488  0.484239  0.433780  0.108737  0.391290  0.112074  0.476202  0.103268  0.480562  0.623073  0.522010  0.478227  0.494912  0.150941  0.174733  0.286717  0.219640  0.159962  0.546395  0.503731  0.264328 
40  0.164378  0.156494  0.619989  0.580412  0.625432  0.333383  0.293560  0.077579  0.300377  0.267952  0.133124  0.237149  0.200167  0.187338  0.327566  0.530411  0.410060  0.264281  0.248416  0.249064  0.505144  0.420928  0.293578  0.484277  0.165239  0.112260  0.581864  0.224810  0.611028  0.521003  0.454372  0.301939  0.164314  0.573404  0.375694  0.207396  0.265518  0.432979  0.248571  0.413488 0.0  0.105313  0.234971  0.446362  0.128635  0.514023  0.099414  0.452892  0.627246  0.317055  0.175093  0.141568  0.163027  0.447835  0.425214  0.112222  0.506535  0.408277  0.308625  0.264069  0.177481 
41  0.149496  0.303620  0.719905  0.799595  0.681673  0.518351  0.189835  0.242276  0.164046  0.177529  0.167184  0.309522  0.118939  0.100409  0.227522  0.531090  0.514841  0.283549  0.221664  0.178638  0.569652  0.447426  0.324612  0.594591  0.192733  0.221091  0.750323  0.098924  0.647683  0.675701  0.658025  0.338846  0.307745  0.601755  0.515499  0.116567  0.207249  0.569438  0.417415  0.484239  0.105313 0.0  0.295814  0.481062  0.267425  0.587982  0.077579  0.575131  0.644548  0.268620  0.158008  0.148378  0.223403  0.505850  0.573279  0.226205  0.617229  0.582409  0.215733  0.122513  0.336036 
42  0.215807  0.277242  0.496995  0.543085  0.565098  0.496226  0.319035  0.178417  0.363884  0.396906  0.202123  0.263874  0.272618  0.412253  0.288605  0.488125  0.512532  0.383226  0.349891  0.265692  0.376019  0.368282  0.209710  0.482066  0.125425  0.130076  0.455889  0.315156  0.409368  0.540712  0.516147  0.296891  0.229031  0.561762  0.282672  0.206299  0.381673  0.375089  0.296705  0.433780  0.234971  0.295814 0.0  0.317963  0.190493  0.379350  0.223422  0.373079  0.736351  0.347099  0.234715  0.325285  0.110633  0.366166  0.333389  0.164101  0.441188  0.332202  0.359804  0.370351  0.345579 
43  0.470135  0.175300  0.335848  0.278861  0.270893  0.077579  0.633625  0.461581  0.648031  0.589952  0.505675  0.545425  0.531112  0.740269  0.675691  0.118093  0.239675  0.654792  0.631895  0.515600  0.157258  0.145587  0.296402  0.350919  0.514756  0.353183  0.224787  0.407393  0.233176  0.399982  0.271573  0.515897  0.349183  0.181474  0.222834  0.418345  0.636280  0.077579  0.329962  0.108737  0.446362  0.481062  0.317963 0.0  0.410792  0.096459  0.541607  0.135264  0.362270  0.619339  0.488202  0.523353  0.385813  0.202102  0.079738  0.421977  0.189272  0.077579  0.659654  0.485958  0.418983 
44  0.092780  0.288714  0.721416  0.655143  0.610576  0.532835  0.207736  0.179467  0.311630  0.081238  0.135219  0.240377  0.218305  0.238949  0.316564  0.536710  0.609361  0.391522  0.222691  0.227181  0.539658  0.415213  0.239658  0.584002  0.279284  0.190473  0.644019  0.112108  0.691085  0.518092  0.673109  0.159290  0.201985  0.608741  0.515835  0.077579  0.373295  0.531844  0.250718  0.391290  0.128635  0.267425  0.190493  0.410792 0.0  0.611484  0.097729  0.436030  0.698310  0.309293  0.104188  0.236445  0.294430  0.475639  0.405812  0.302221  0.463241  0.494932  0.326745  0.178530  0.247417 
45  0.474684  0.418695  0.171761  0.133609  0.236319  0.138543  0.587444  0.469508  0.731143  0.623425  0.473725  0.542498  0.569543  0.701363  0.648346  0.233197  0.121168  0.725141  0.746553  0.653146  0.077579  0.133168  0.337060  0.197206  0.510580  0.504190  0.242774  0.469692  0.146302  0.097919  0.232903  0.546414  0.398496  0.189746  0.077579  0.515027  0.677565  0.237669  0.286054  0.112074  0.514023  0.587982  0.379350  0.096459  0.611484 0.0  0.505565  0.208213  0.300217  0.793465  0.546687  0.681488  0.633977  0.225440  0.130494  0.571171  0.157037  0.141460  0.648818  0.783549  0.381863 
46  0.238799  0.212158  0.704963  0.652961  0.608208  0.556630  0.141337  0.077579  0.186966  0.195223  0.144347  0.210139  0.196607  0.114840  0.383831  0.556379  0.587293  0.327447  0.241161  0.077579  0.440151  0.542706  0.323959  0.529264  0.233868  0.120786  0.733072  0.186841  0.636189  0.571683  0.692926  0.115331  0.242515  0.742900  0.529808  0.077579  0.361027  0.493799  0.473278  0.476202  0.099414  0.077579  0.223422  0.541607  0.097729  0.505565 0.0  0.540233  0.700107  0.158827  0.113651  0.181759  0.216926  0.441133  0.414382  0.199641  0.620863  0.538035  0.184136  0.260269  0.212729 
47  0.461676  0.274354  0.266048  0.215653  0.259879  0.116968  0.694181  0.396373  0.671136  0.551940  0.520557  0.539572  0.700811  0.590523  0.547389  0.217115  0.237518  0.606960  0.697714  0.589055  0.162382  0.088196  0.397166  0.170627  0.472268  0.436730  0.162086  0.458342  0.297299  0.170862  0.238569  0.542757  0.247747  0.189716  0.077579  0.532309  0.637449  0.079560  0.221883  0.103268  0.452892  0.575131  0.373079  0.135264  0.436030  0.208213  0.540233 0.0  0.297555  0.685101  0.529644  0.501260  0.395257  0.077723  0.116796  0.368683  0.097479  0.103410  0.540036  0.627606  0.259083 
48  0.754770  0.519922  0.275329  0.232759  0.231890  0.360575  0.884505  0.753440  0.873390  0.842753  0.759400  0.920756  0.905972  0.808238  0.793435  0.233275  0.250010  0.901847  0.743068  0.790503  0.408125  0.440888  0.481077  0.329798  0.767425  0.775536  0.232496  0.675970  0.149531  0.220871  0.209335  0.767811  0.539432  0.272601  0.246679  0.737553  0.806164  0.380327  0.372445  0.480562  0.627246  0.644548  0.736351  0.362270  0.698310  0.300217  0.700107  0.297555 0.0  0.917024  0.799795  0.725944  0.746910  0.395818  0.289845  0.673800  0.274803  0.301704  0.966702  0.797284  0.549637 
49  0.256293  0.402102  0.836607  0.727495  0.805145  0.697811  0.098927  0.380042  0.215891  0.171339  0.169383  0.201361  0.147554  0.245250  0.288665  0.736279  0.805405  0.316752  0.161595  0.174455  0.644926  0.618243  0.431913  0.711521  0.277046  0.250830  0.696164  0.302555  0.820034  0.702665  0.722137  0.256338  0.511887  0.904743  0.766271  0.285154  0.191166  0.564789  0.567049  0.623073  0.317055  0.268620  0.347099  0.619339  0.309293  0.793465  0.158827  0.685101  0.917024 0.0  0.242175  0.170085  0.299590  0.570394  0.606594  0.462644  0.690362  0.643860  0.265255  0.227446  0.444906 
50  0.160656  0.363840  0.609094  0.746615  0.617055  0.570101  0.191461  0.285532  0.239324  0.242506  0.161038  0.154785  0.125306  0.186852  0.198230  0.692864  0.547019  0.338907  0.289102  0.186015  0.524921  0.580158  0.398607  0.552309  0.195743  0.154960  0.656854  0.102055  0.649888  0.623568  0.610099  0.243355  0.202241  0.668577  0.570044  0.086636  0.268642  0.431730  0.356345  0.522010  0.175093  0.158008  0.234715  0.488202  0.104188  0.546687  0.113651  0.529644  0.799795  0.242175 0.0  0.290028  0.077579  0.471856  0.425928  0.288673  0.601949  0.480380  0.248523  0.211469  0.259494 
51  0.152154  0.313812  0.671797  0.774995  0.614315  0.660106  0.092160  0.188792  0.096823  0.139903  0.226433  0.213015  0.145040  0.183229  0.169618  0.598907  0.700098  0.455776  0.220885  0.098211  0.584643  0.573355  0.385004  0.655541  0.245498  0.171408  0.588047  0.192500  0.688266  0.593411  0.702678  0.305812  0.272317  0.734383  0.592767  0.230830  0.257164  0.530143  0.421150  0.478227  0.141568  0.148378  0.325285  0.523353  0.236445  0.681488  0.181759  0.501260  0.725944  0.170085  0.290028 0.0  0.232823  0.576250  0.608850  0.339461  0.605559  0.593865  0.224687  0.277352  0.359208 
52  0.333090  0.466668  0.657720  0.758222  0.585193  0.469668  0.288020  0.324871  0.153894  0.248929  0.124100  0.201678  0.180031  0.145573  0.158269  0.633947  0.558656  0.273639  0.249177  0.324240  0.473030  0.461160  0.304489  0.521379  0.174104  0.140903  0.696950  0.247383  0.665400  0.652347  0.657528  0.154618  0.310962  0.538232  0.655610  0.177919  0.357674  0.414513  0.369051  0.494912  0.163027  0.223403  0.110633  0.385813  0.294430  0.633977  0.216926  0.395257  0.746910  0.299590  0.077579  0.232823 0.0  0.421633  0.586027  0.250503  0.549559  0.367743  0.265438  0.229814  0.263709 
53  0.444964  0.247982  0.264957  0.294501  0.273097  0.168404  0.607376  0.411921  0.582878  0.556215  0.499903  0.400519  0.503458  0.535079  0.480321  0.306034  0.170004  0.589712  0.545758  0.413610  0.077579  0.077579  0.307158  0.189581  0.405978  0.438165  0.340646  0.318708  0.284930  0.278547  0.278857  0.432134  0.211184  0.342655  0.205897  0.468259  0.611580  0.105299  0.173026  0.150941  0.447835  0.505850  0.366166  0.202102  0.475639  0.225440  0.441133  0.077723  0.395818  0.570394  0.471856  0.576250  0.421633 0.0  0.097555  0.312910  0.186391  0.126501  0.612946  0.568314  0.300444 
54  0.494424  0.285534  0.402429  0.274335  0.300480  0.116976  0.666647  0.497220  0.650167  0.577908  0.540689  0.542679  0.606091  0.482177  0.638785  0.107415  0.212781  0.616849  0.620150  0.464748  0.130460  0.077579  0.347775  0.192113  0.584640  0.523937  0.234815  0.424548  0.229239  0.236640  0.266338  0.493372  0.314631  0.234387  0.077579  0.479728  0.615879  0.092520  0.141489  0.174733  0.425214  0.573279  0.333389  0.079738  0.405812  0.130494  0.414382  0.116796  0.289845  0.606594  0.425928  0.608850  0.586027  0.097555 0.0  0.348425  0.179173  0.084667  0.639813  0.631602  0.352798 
55  0.215552  0.238850  0.566806  0.577959  0.523974  0.313036  0.297746  0.146808  0.317231  0.292905  0.242042  0.275974  0.120756  0.262582  0.302080  0.458806  0.404016  0.346184  0.296609  0.234024  0.356341  0.334201  0.178311  0.523429  0.120528  0.256430  0.565473  0.218485  0.520070  0.562382  0.552558  0.240704  0.223528  0.601443  0.440141  0.128106  0.423381  0.388324  0.235414  0.286717  0.112222  0.226205  0.164101  0.421977  0.302221  0.571171  0.199641  0.368683  0.673800  0.462644  0.288673  0.339461  0.250503  0.312910  0.348425 0.0  0.409502  0.445911  0.311706  0.342814  0.253732 
56  0.485371  0.259416  0.320334  0.287959  0.203045  0.212166  0.648496  0.455624  0.699907  0.577847  0.525499  0.647425  0.675025  0.647336  0.687969  0.077579  0.130737  0.811487  0.606276  0.700218  0.184374  0.169781  0.268629  0.091600  0.601390  0.549891  0.233430  0.484921  0.214508  0.110734  0.212099  0.571468  0.369553  0.135925  0.208318  0.513564  0.741663  0.138472  0.222902  0.219640  0.506535  0.617229  0.441188  0.189272  0.463241  0.157037  0.620863  0.097479  0.274803  0.690362  0.601949  0.605559  0.549559  0.186391  0.179173  0.409502 0.0  0.208623  0.577638  0.732957  0.316087 
57  0.482842  0.374168  0.277191  0.288520  0.189768  0.087404  0.576482  0.572381  0.655098  0.595538  0.484854  0.531906  0.602530  0.526183  0.541492  0.250449  0.181878  0.655346  0.541325  0.482212  0.205296  0.101792  0.382214  0.181441  0.528919  0.385418  0.391495  0.541100  0.170791  0.241821  0.298998  0.526772  0.345346  0.296415  0.168677  0.357139  0.682489  0.088207  0.286060  0.159962  0.408277  0.582409  0.332202  0.077579  0.494932  0.141460  0.538035  0.103410  0.301704  0.643860  0.480380  0.593865  0.367743  0.126501  0.084667  0.445911  0.208623 0.0  0.631043  0.515452  0.290630 
58  0.176352  0.336211  0.849770  0.848371  0.663120  0.646943  0.121008  0.289480  0.077579  0.163880  0.160210  0.117954  0.077579  0.096914  0.150368  0.728079  0.771607  0.134914  0.117259  0.266346  0.584188  0.644528  0.437849  0.724486  0.233493  0.290307  0.752823  0.241799  0.739798  0.756009  0.772775  0.204287  0.480178  0.779268  0.624238  0.188804  0.181265  0.537428  0.499328  0.546395  0.308625  0.215733  0.359804  0.659654  0.326745  0.648818  0.184136  0.540036  0.966702  0.265255  0.248523  0.224687  0.265438  0.612946  0.639813  0.311706  0.577638  0.631043 0.0  0.077579  0.397640 
59  0.280594  0.378615  0.705862  0.776300  0.803163  0.550342  0.120458  0.254989  0.077579  0.077579  0.246135  0.147594  0.151755  0.104948  0.226788  0.661895  0.695300  0.260682  0.129064  0.258476  0.581211  0.627422  0.428265  0.624110  0.273917  0.225790  0.840509  0.174157  0.727622  0.712565  0.722453  0.113443  0.483660  0.768958  0.643700  0.152217  0.186922  0.573576  0.518549  0.503731  0.264069  0.122513  0.370351  0.485958  0.178530  0.783549  0.260269  0.627606  0.797284  0.227446  0.211469  0.277352  0.229814  0.568314  0.631602  0.342814  0.732957  0.515452  0.077579 0.0  0.331549 
60  0.251321  0.077579  0.456757  0.599280  0.430244  0.343475  0.373288  0.160679  0.398405  0.293445  0.297564  0.387985  0.366249  0.265184  0.397022  0.399770  0.409369  0.409476  0.426570  0.252681  0.351665  0.328865  0.155569  0.414035  0.314971  0.194325  0.423887  0.281886  0.414198  0.441740  0.543338  0.385651  0.077579  0.471958  0.435409  0.127577  0.465442  0.300269  0.151599  0.264328  0.177481  0.336036  0.345579  0.418983  0.247417  0.381863  0.212729  0.259083  0.549637  0.444906  0.259494  0.359208  0.263709  0.300444  0.352798  0.253732  0.316087  0.290630  0.397640  0.331549 0.0 
