61
0 0.0  0.243949  0.628069  0.689683  0.554365  0.566532  0.219668  0.086536  0.299653  0.197287  0.119945  0.217849  0.223311  0.141660  0.252452  0.524073  0.524834  0.361980  0.312841  0.155675  0.573867  0.383859  0.229347  0.544838  0.259788  0.245025  0.614907  0.091655  0.660280  0.657761  0.708077  0.336121  0.410689  0.651377  0.465211  0.193516  0.301372  0.497150  0.509109  0.489307  0.219715  0.126352  0.250219  0.659337  0.124101  0.518699  0.086536  0.474439  0.666414  0.268406  0.171576  0.307764  0.323058  0.410661  0.378482  0.109767  0.507436  0.418904  0.278414  0.317758  0.277631 
1  0.243949 0.0  0.452722  0.458142  0.450165  0.392804  0.371739  0.143791  0.397586  0.333144  0.303174  0.336248  0.442514  0.247824  0.395526  0.318014  0.383406  0.454744  0.509923  0.266241  0.376755  0.281080  0.086536  0.442059  0.256673  0.283849  0.479556  0.256437  0.499773  0.420327  0.372119  0.333862  0.173299  0.529407  0.302684  0.278950  0.357217  0.381012  0.151012  0.235353  0.303331  0.491837  0.197857  0.224240  0.250995  0.423267  0.320755  0.333670  0.531515  0.363211  0.193884  0.307909  0.305186  0.298227  0.337092  0.223819  0.303060  0.293155  0.363948  0.433891  0.086536 
2  0.628069  0.452722 0.0  0.125126  0.236835  0.292623  0.729871  0.638190  0.893236  0.785716  0.654045  0.780459  0.752677  0.784475  0.890245  0.353888  0.290299  0.786359  0.878178  0.718537  0.219161  0.242193  0.474799  0.243975  0.603087  0.552340  0.156736  0.714594  0.162284  0.328579  0.166805  0.703995  0.547775  0.121099  0.272306  0.639786  0.823421  0.377787  0.403940  0.256056  0.688672  0.774091  0.542484  0.215184  0.609242  0.157557  0.692344  0.165770  0.348435  0.879087  0.755973  0.725544  0.648350  0.352064  0.245676  0.659240  0.395066  0.285278  0.840471  0.818535  0.442858 
3  0.689683  0.458142  0.125126 0.0  0.145571  0.178954  0.842282  0.525361  0.728831  0.781910  0.788678  0.706098  0.805739  0.727691  0.828079  0.258754  0.186262  0.799230  0.924559  0.700443  0.195267  0.380673  0.554790  0.300583  0.560466  0.658221  0.216088  0.663745  0.086536  0.231982  0.130032  0.756353  0.482334  0.104764  0.225207  0.734870  0.883696  0.253549  0.322668  0.241595  0.658952  0.733049  0.597991  0.390609  0.680915  0.178072  0.689645  0.329594  0.361057  0.786373  0.727619  0.773884  0.613362  0.264512  0.260024  0.504389  0.255623  0.321095  0.735654  0.742351  0.516746 
4  0.554365  0.450165  0.236835  0.145571 0.0  0.167882  0.717002  0.635063  0.743960  0.775299  0.600856  0.523940  0.744389  0.762857  0.678744  0.163994  0.248326  0.776029  0.799415  0.663639  0.196777  0.260359  0.430491  0.193494  0.534020  0.527218  0.120705  0.628760  0.090262  0.147624  0.086536  0.666460  0.376288  0.086536  0.181646  0.605827  0.804623  0.176957  0.328015  0.293550  0.586427  0.726081  0.515701  0.212246  0.568974  0.206668  0.722991  0.230644  0.354293  0.798897  0.559764  0.638766  0.652552  0.186623  0.222830  0.463255  0.228162  0.086536  0.755146  0.827372  0.440278 
5  0.566532  0.392804  0.292623  0.178954  0.167882 0.0  0.701841  0.502799  0.644785  0.551356  0.531282  0.529728  0.632024  0.580922  0.647228  0.179913  0.195220  0.640423  0.608904  0.438194  0.165910  0.086536  0.371364  0.086536  0.438371  0.465343  0.316670  0.511703  0.216840  0.307065  0.177414  0.529046  0.322365  0.299446  0.218230  0.397092  0.760787  0.166576  0.250713  0.129479  0.371237  0.573808  0.344413  0.095951  0.467089  0.185670  0.534605  0.186516  0.369920  0.655471  0.550366  0.526860  0.500013  0.128617  0.086536  0.514209  0.191685  0.156517  0.570647  0.684686  0.419102 
6  0.219668  0.371739  0.729871  0.842282  0.717002  0.701841 0.0  0.297068  0.086536  0.195410  0.259777  0.211105  0.153106  0.260346  0.178041  0.723482  0.868860  0.234024  0.121652  0.223887  0.674532  0.708333  0.466624  0.637480  0.182492  0.145956  0.794547  0.268921  0.738002  0.715923  0.641906  0.226833  0.383513  0.844416  0.622042  0.176201  0.199032  0.660368  0.526342  0.709091  0.201938  0.156560  0.406502  0.613172  0.266234  0.737578  0.210688  0.499139  0.771932  0.162191  0.180633  0.176679  0.248908  0.519743  0.628512  0.224112  0.697031  0.588801  0.182807  0.146903  0.488803 
7  0.086536  0.143791  0.638190  0.525361  0.635063  0.502799  0.297068 0.0  0.384328  0.230172  0.212064  0.333745  0.198134  0.304022  0.383463  0.504740  0.515841  0.538249  0.332912  0.225713  0.464829  0.412628  0.257622  0.443281  0.182641  0.096981  0.609700  0.120682  0.591932  0.503766  0.570000  0.256937  0.229663  0.580179  0.460829  0.258403  0.407677  0.402250  0.274989  0.468462  0.104913  0.252643  0.148472  0.420976  0.086536  0.424653  0.124667  0.424356  0.683888  0.341031  0.161561  0.086536  0.285788  0.377710  0.443699  0.200270  0.424697  0.454881  0.307832  0.294221  0.120360 
8  0.299653  0.397586  0.893236  0.728831  0.743960  0.644785  0.086536  0.384328 0.0  0.226277  0.167194  0.183787  0.086536  0.086536  0.157560  0.760982  0.768909  0.205606  0.086536  0.235489  0.643945  0.484956  0.417500  0.671535  0.283848  0.278471  0.653511  0.225188  0.690519  0.832082  0.755019  0.192550  0.376007  0.797042  0.635423  0.175611  0.261727  0.505550  0.640831  0.663099  0.263227  0.144448  0.378108  0.749280  0.263805  0.684808  0.240094  0.637594  0.810640  0.113865  0.158329  0.178947  0.219066  0.681322  0.594110  0.347110  0.718922  0.612615  0.267927  0.089400  0.316487 
9  0.197287  0.333144  0.785716  0.781910  0.775299  0.551356  0.195410  0.230172  0.226277 0.0  0.140173  0.231301  0.236615  0.205047  0.387320  0.631677  0.635379  0.297885  0.162268  0.127242  0.638287  0.696722  0.485886  0.667565  0.238817  0.310481  0.719607  0.387324  0.800187  0.714408  0.724622  0.312053  0.430625  0.668803  0.622987  0.363040  0.235590  0.572298  0.453034  0.569011  0.239640  0.189600  0.408568  0.551062  0.234983  0.744355  0.086536  0.669889  0.860831  0.183403  0.207015  0.097553  0.287572  0.632800  0.603389  0.279419  0.648090  0.592551  0.347218  0.236923  0.333879 
10  0.119945  0.303174  0.654045  0.788678  0.600856  0.531282  0.259777  0.212064  0.167194  0.140173 0.0  0.174014  0.231314  0.146068  0.293296  0.545743  0.581797  0.255158  0.258318  0.130819  0.555196  0.440090  0.388284  0.528994  0.108049  0.120947  0.603879  0.189161  0.763660  0.668519  0.494500  0.178462  0.321600  0.645033  0.492833  0.141726  0.272526  0.474580  0.503752  0.523037  0.183683  0.086536  0.223172  0.550635  0.133013  0.635420  0.086536  0.496646  0.823916  0.315685  0.213373  0.225074  0.235472  0.416654  0.596441  0.150232  0.582863  0.564008  0.318554  0.180642  0.277248 
11  0.217849  0.336248  0.780459  0.706098  0.523940  0.529728  0.211105  0.333745  0.183787  0.231301  0.174014 0.0  0.136619  0.213544  0.138642  0.630851  0.643978  0.316018  0.148112  0.228432  0.470476  0.512685  0.372194  0.592553  0.211771  0.171234  0.669923  0.313908  0.749613  0.554469  0.719687  0.166977  0.270424  0.663173  0.635748  0.129663  0.375495  0.550651  0.444845  0.539349  0.209369  0.132649  0.257860  0.490257  0.236415  0.617540  0.177731  0.552915  0.806944  0.335514  0.205708  0.134616  0.200589  0.481163  0.589999  0.169552  0.567879  0.574167  0.198524  0.086536  0.387208 
12  0.223311  0.442514  0.752677  0.805739  0.744389  0.632024  0.153106  0.198134  0.086536  0.236615  0.231314  0.136619 0.0  0.152725  0.111483  0.641782  0.675018  0.270289  0.096429  0.274484  0.577707  0.580571  0.385388  0.673538  0.255587  0.098859  0.630889  0.207214  0.800006  0.629228  0.708502  0.151581  0.378578  0.733422  0.637808  0.131918  0.138539  0.606417  0.539683  0.631634  0.276957  0.187712  0.394419  0.576804  0.230786  0.716290  0.125328  0.431332  0.870549  0.236122  0.262443  0.196834  0.292465  0.541984  0.712352  0.259395  0.648253  0.614337  0.104394  0.086536  0.367115 
13  0.141660  0.247824  0.784475  0.727691  0.762857  0.580922  0.260346  0.304022  0.086536  0.205047  0.146068  0.213544  0.152725 0.0  0.199484  0.677477  0.767950  0.284218  0.086536  0.086536  0.635777  0.649897  0.441993  0.658359  0.254143  0.184940  0.703083  0.144475  0.719268  0.751788  0.697702  0.118781  0.293979  0.728087  0.589343  0.211788  0.264839  0.520778  0.533343  0.564406  0.295399  0.086536  0.282233  0.639303  0.249067  0.685569  0.086536  0.601525  0.809653  0.188519  0.180964  0.185782  0.207186  0.490563  0.628522  0.323888  0.548743  0.660654  0.213784  0.101449  0.283190 
14  0.252452  0.395526  0.890245  0.828079  0.678744  0.647228  0.178041  0.383463  0.157560  0.387320  0.293296  0.138642  0.111483  0.199484 0.0  0.733957  0.755266  0.192235  0.166569  0.233893  0.621841  0.531653  0.350063  0.826140  0.269595  0.308563  0.832578  0.344044  0.829836  0.700586  0.713589  0.183876  0.400661  0.719213  0.685675  0.144520  0.315069  0.588757  0.555495  0.607103  0.313007  0.173797  0.377495  0.503370  0.279807  0.697589  0.205489  0.564081  1.000000  0.231542  0.267300  0.118489  0.127882  0.509904  0.634040  0.269741  0.571949  0.603660  0.162860  0.164702  0.469824 
15  0.524073  0.318014  0.353888  0.258754  0.163994  0.179913  0.723482  0.504740  0.760982  0.631677  0.545743  0.630851  0.641782  0.677477  0.733957 0.0  0.109814  0.805163  0.672191  0.456071  0.224667  0.237047  0.350652  0.187512  0.650073  0.453957  0.124961  0.573805  0.305154  0.168589  0.227628  0.602646  0.309134  0.312691  0.130236  0.563085  0.724286  0.255901  0.241162  0.223374  0.495753  0.712236  0.498655  0.238111  0.611831  0.220603  0.519470  0.220502  0.298592  0.680465  0.597302  0.534446  0.600728  0.260446  0.186333  0.517620  0.086536  0.234151  0.620394  0.626532  0.413170 
16  0.524834  0.383406  0.290299  0.186262  0.248326  0.195220  0.868860  0.515841  0.768909  0.635379  0.581797  0.643978  0.675018  0.767950  0.755266  0.109814 0.0  0.740624  0.755572  0.571824  0.192450  0.226237  0.442209  0.086536  0.591677  0.606016  0.201265  0.532569  0.219095  0.218094  0.202167  0.680325  0.428858  0.197658  0.143364  0.506827  0.724332  0.120832  0.338519  0.213289  0.497130  0.599626  0.545671  0.216878  0.661748  0.185626  0.511841  0.197966  0.240911  0.749031  0.613793  0.655028  0.578148  0.163940  0.115932  0.501798  0.178315  0.247235  0.788437  0.637566  0.366888 
17  0.361980  0.454744  0.786359  0.799230  0.776029  0.640423  0.234024  0.538249  0.205606  0.297885  0.255158  0.316018  0.270289  0.284218  0.192235  0.805163  0.740624 0.0  0.198291  0.343832  0.675184  0.618821  0.485453  0.637537  0.377942  0.301810  0.785530  0.413523  0.771810  0.834358  0.756676  0.178568  0.437151  0.722706  0.723448  0.230271  0.346196  0.554529  0.669114  0.691038  0.302225  0.314836  0.286246  0.711156  0.495063  0.661794  0.330500  0.684723  0.990740  0.417427  0.249181  0.315042  0.322832  0.651248  0.675361  0.328608  0.611907  0.572518  0.210568  0.298195  0.507620 
18  0.312841  0.509923  0.878178  0.924559  0.799415  0.608904  0.121652  0.332912  0.086536  0.162268  0.258318  0.148112  0.096429  0.086536  0.166569  0.672191  0.755572  0.198291 0.0  0.217888  0.663170  0.618399  0.476625  0.826647  0.257801  0.193536  0.887794  0.187192  0.842132  0.873745  0.758279  0.208075  0.437135  0.857579  0.684939  0.288254  0.225010  0.558586  0.512558  0.673736  0.246400  0.242843  0.373888  0.589000  0.227548  0.665268  0.214842  0.521800  0.980685  0.273882  0.235560  0.296331  0.246395  0.561875  0.572181  0.286981  0.656558  0.670265  0.086536  0.092467  0.399882 
19  0.155675  0.266241  0.718537  0.700443  0.663639  0.438194  0.223887  0.225713  0.235489  0.127242  0.130819  0.228432  0.274484  0.086536  0.233893  0.456071  0.571824  0.343832  0.217888 0.0  0.500484  0.473879  0.362866  0.606210  0.262518  0.183369  0.726152  0.111550  0.717970  0.718056  0.668559  0.246885  0.318730  0.686323  0.506691  0.181449  0.262740  0.571432  0.328106  0.494932  0.136231  0.117549  0.303146  0.504148  0.086536  0.565209  0.090437  0.612128  0.716911  0.191426  0.146281  0.139204  0.236409  0.477861  0.487825  0.248559  0.584722  0.518477  0.175848  0.247673  0.260937 
20  0.573867  0.376755  0.219161  0.195267  0.196777  0.165910  0.674532  0.464829  0.643945  0.638287  0.555196  0.470476  0.577707  0.635777  0.621841  0.224667  0.192450  0.675184  0.663170  0.500484 0.0  0.168680  0.401649  0.158258  0.582010  0.560513  0.250817  0.456131  0.195224  0.215561  0.200584  0.465203  0.279984  0.229775  0.151116  0.644433  0.636796  0.089184  0.268654  0.211850  0.617152  0.664478  0.366424  0.097174  0.490360  0.210795  0.522867  0.086536  0.274560  0.625980  0.480977  0.599602  0.396273  0.212114  0.087043  0.490994  0.206886  0.152652  0.673372  0.704164  0.439733 
21  0.383859  0.281080  0.242193  0.380673  0.260359  0.086536  0.708333  0.412628  0.484956  0.696722  0.440090  0.512685  0.580571  0.649897  0.531653  0.237047  0.226237  0.618821  0.618399  0.473879  0.168680 0.0  0.248931  0.173094  0.499593  0.355408  0.359273  0.482294  0.293640  0.359368  0.255339  0.478059  0.377032  0.236839  0.119193  0.543391  0.702089  0.153259  0.272848  0.176545  0.441128  0.551072  0.322287  0.086536  0.514007  0.149318  0.535939  0.100562  0.310198  0.602110  0.428326  0.615444  0.528324  0.184834  0.086536  0.324139  0.232049  0.086536  0.614829  0.556543  0.362484 
22  0.229347  0.086536  0.474799  0.554790  0.430491  0.371364  0.466624  0.257622  0.417500  0.485886  0.388284  0.372194  0.385388  0.441993  0.350063  0.350652  0.442209  0.485453  0.476625  0.362866  0.401649  0.248931 0.0  0.258259  0.372317  0.251266  0.399636  0.207258  0.424947  0.479513  0.303309  0.370469  0.236576  0.443461  0.324004  0.258397  0.487602  0.316306  0.154518  0.233199  0.313267  0.427434  0.335957  0.338780  0.250656  0.292263  0.385595  0.282372  0.496711  0.441722  0.421387  0.384647  0.321279  0.300498  0.269785  0.236077  0.359478  0.280122  0.372469  0.490488  0.120352 
23  0.544838  0.442059  0.243975  0.300583  0.193494  0.086536  0.637480  0.443281  0.671535  0.667565  0.528994  0.592553  0.673538  0.658359  0.826140  0.187512  0.086536  0.637537  0.826647  0.606210  0.158258  0.173094  0.258259 0.0  0.464871  0.542886  0.235220  0.616479  0.135525  0.191034  0.166981  0.614104  0.451019  0.180518  0.150111  0.491229  0.766557  0.191269  0.376505  0.235334  0.549875  0.662073  0.491888  0.118022  0.577905  0.169125  0.510436  0.105558  0.265979  0.675522  0.702800  0.589597  0.564823  0.151417  0.158113  0.484181  0.182994  0.117941  0.549242  0.633693  0.360448 
24  0.259788  0.256673  0.603087  0.560466  0.534020  0.438371  0.182492  0.182641  0.283848  0.238817  0.108049  0.211771  0.255587  0.254143  0.269595  0.650073  0.591677  0.377942  0.257801  0.262518  0.582010  0.499593  0.372317  0.464871 0.0  0.138031  0.559012  0.128753  0.617975  0.625924  0.557010  0.129173  0.240082  0.619252  0.442706  0.122023  0.310216  0.432587  0.323440  0.401430  0.240822  0.304227  0.181612  0.450570  0.144015  0.523613  0.213870  0.487184  0.673595  0.338501  0.156840  0.205732  0.116279  0.383897  0.485716  0.186057  0.584149  0.349990  0.269426  0.201937  0.270841 
25  0.245025  0.283849  0.552340  0.658221  0.527218  0.465343  0.145956  0.096981  0.278471  0.310481  0.120947  0.171234  0.098859  0.184940  0.308563  0.453957  0.606016  0.301810  0.193536  0.183369  0.560513  0.355408  0.251266  0.542886  0.138031 0.0  0.556097  0.240656  0.508886  0.484784  0.674728  0.198008  0.203464  0.528344  0.555705  0.133269  0.253263  0.424142  0.389630  0.437978  0.102957  0.166751  0.098503  0.392698  0.185235  0.426726  0.161801  0.406644  0.686381  0.335725  0.107964  0.313721  0.248682  0.442461  0.462727  0.171822  0.553501  0.419378  0.262149  0.294819  0.230340 
26  0.614907  0.479556  0.156736  0.216088  0.120705  0.316670  0.794547  0.609700  0.653511  0.719607  0.603879  0.669923  0.630889  0.703083  0.832578  0.124961  0.201265  0.785530  0.887794  0.726152  0.250817  0.359273  0.399636  0.235220  0.559012  0.556097 0.0  0.562330  0.218706  0.135451  0.248950  0.668302  0.402299  0.241536  0.287261  0.568773  0.838359  0.312763  0.355048  0.195720  0.598266  0.703482  0.624951  0.296437  0.592983  0.276181  0.740886  0.252933  0.139832  0.856103  0.643382  0.658483  0.692181  0.351305  0.225441  0.518717  0.255971  0.314868  0.794992  0.765405  0.411985 
27  0.091655  0.256437  0.714594  0.663745  0.628760  0.511703  0.268921  0.120682  0.225188  0.387324  0.189161  0.313908  0.207214  0.144475  0.344044  0.573805  0.532569  0.413523  0.187192  0.111550  0.456131  0.482294  0.207258  0.616479  0.128753  0.240656  0.562330 0.0  0.647955  0.495296  0.567334  0.180460  0.269767  0.634724  0.548906  0.146425  0.315988  0.543882  0.361525  0.425068  0.129866  0.167520  0.185117  0.540281  0.086536  0.444364  0.118404  0.463337  0.657537  0.257919  0.176814  0.137317  0.314159  0.316042  0.387902  0.149320  0.404584  0.396689  0.323772  0.285423  0.161501 
28  0.660280  0.499773  0.162284  0.086536  0.090262  0.216840  0.738002  0.591932  0.690519  0.800187  0.763660  0.749613  0.800006  0.719268  0.829836  0.305154  0.219095  0.771810  0.842132  0.717970  0.195224  0.293640  0.424947  0.135525  0.617975  0.508886  0.218706  0.647955 0.0  0.209580  0.109721  0.666505  0.431623  0.132884  0.302148  0.655324  0.905775  0.255260  0.423900  0.290439  0.577963  0.679884  0.593070  0.208855  0.584720  0.086536  0.668482  0.184599  0.181291  0.741009  0.625577  0.692767  0.566977  0.299323  0.198822  0.473258  0.299924  0.246080  0.636625  0.829090  0.374160 
29  0.657761  0.420327  0.328579  0.231982  0.147624  0.307065  0.715923  0.503766  0.832082  0.714408  0.668519  0.554469  0.629228  0.751788  0.700586  0.168589  0.218094  0.834358  0.873745  0.718056  0.215561  0.359368  0.479513  0.191034  0.625924  0.484784  0.135451  0.495296  0.209580 0.0  0.129587  0.714775  0.410467  0.170962  0.254467  0.637872  0.664379  0.277051  0.392163  0.246059  0.614926  0.675095  0.599697  0.319023  0.538429  0.086536  0.580683  0.196801  0.198631  0.752145  0.723451  0.625381  0.679449  0.219096  0.326426  0.454105  0.178199  0.268846  0.746482  0.681147  0.448154 
30  0.708077  0.372119  0.166805  0.130032  0.086536  0.177414  0.641906  0.570000  0.755019  0.724622  0.494500  0.719687  0.708502  0.697702  0.713589  0.227628  0.202167  0.756676  0.758279  0.668559  0.200584  0.255339  0.303309  0.166981  0.557010  0.674728  0.248950  0.567334  0.109721  0.129587 0.0  0.718214  0.499003  0.175205  0.248248  0.581312  0.753866  0.203399  0.318589  0.148908  0.494505  0.656159  0.566787  0.168568  0.558817  0.139973  0.565628  0.109456  0.356551  0.712128  0.620310  0.656351  0.626169  0.238762  0.221375  0.489543  0.188601  0.193545  0.750127  0.709546  0.384104 
31  0.336121  0.333862  0.703995  0.756353  0.666460  0.529046  0.226833  0.256937  0.192550  0.312053  0.178462  0.166977  0.151581  0.118781  0.183876  0.602646  0.680325  0.178568  0.208075  0.246885  0.465203  0.478059  0.370469  0.614104  0.129173  0.198008  0.668302  0.180460  0.666505  0.714775  0.718214 0.0  0.354219  0.753543  0.655065  0.209258  0.254881  0.564260  0.479814  0.506339  0.295687  0.295718  0.238881  0.559297  0.320306  0.672979  0.201306  0.528450  0.800237  0.289095  0.250060  0.387915  0.165171  0.537905  0.617921  0.190595  0.559854  0.542158  0.176558  0.199151  0.343718 
32  0.410689  0.173299  0.547775  0.482334  0.376288  0.322365  0.383513  0.229663  0.376007  0.430625  0.321600  0.270424  0.378578  0.293979  0.400661  0.309134  0.428858  0.437151  0.437135  0.318730  0.279984  0.377032  0.236576  0.451019  0.240082  0.203464  0.402299  0.269767  0.431623  0.410467  0.499003  0.354219 0.0  0.502656  0.344151  0.227137  0.533139  0.229654  0.178159  0.304027  0.346924  0.380334  0.154529  0.225509  0.236132  0.428846  0.275997  0.346134  0.597225  0.499806  0.264464  0.288095  0.321634  0.302363  0.303530  0.146204  0.361065  0.216521  0.394953  0.389353  0.152159 
33  0.651377  0.529407  0.121099  0.104764  0.086536  0.299446  0.844416  0.580179  0.797042  0.668803  0.645033  0.663173  0.733422  0.728087  0.719213  0.312691  0.197658  0.722706  0.857579  0.686323  0.229775  0.236839  0.443461  0.180518  0.619252  0.528344  0.241536  0.634724  0.132884  0.170962  0.175205  0.753543  0.502656 0.0  0.192976  0.626146  0.868791  0.285476  0.416922  0.322002  0.555224  0.753040  0.584939  0.247157  0.632629  0.199985  0.757871  0.267485  0.308118  0.895911  0.666333  0.731837  0.685543  0.262750  0.247232  0.529661  0.236526  0.274595  0.791978  0.918747  0.552716 
34  0.465211  0.302684  0.272306  0.225207  0.181646  0.218230  0.622042  0.460829  0.635423  0.622987  0.492833  0.635748  0.637808  0.589343  0.685675  0.130236  0.143364  0.723448  0.684939  0.506691  0.151116  0.119193  0.324004  0.150111  0.442706  0.555705  0.287261  0.548906  0.302148  0.254467  0.248248  0.655065  0.344151  0.192976 0.0  0.509634  0.647186  0.165964  0.263045  0.134544  0.517151  0.701598  0.415020  0.175186  0.532646  0.086536  0.501467  0.163527  0.351317  0.615075  0.582923  0.562455  0.577863  0.086536  0.086536  0.402987  0.125031  0.086536  0.790329  0.718677  0.363214 
35  0.193516  0.278950  0.639786  0.734870  0.605827  0.397092  0.176201  0.258403  0.175611  0.363040  0.141726  0.129663  0.131918  0.211788  0.144520  0.563085  0.506827  0.230271  0.288254  0.181449  0.644433  0.543391  0.258397  0.491229  0.122023  0.133269  0.568773  0.146425  0.655324  0.637872  0.581312  0.209258  0.227137  0.626146  0.509634 0.0  0.248112  0.400201  0.517779  0.479387  0.216358  0.184122  0.280569  0.386060  0.236881  0.444222  0.152535  0.492920  0.874467  0.165906  0.105110  0.266296  0.241927  0.408479  0.384469  0.098261  0.496293  0.478386  0.220149  0.221926  0.272329 
36  0.301372  0.357217  0.823421  0.883696  0.804623  0.760787  0.199032  0.407677  0.261727  0.235590  0.272526  0.375495  0.138539  0.264839  0.315069  0.724286  0.724332  0.346196  0.225010  0.262740  0.636796  0.702089  0.487602  0.766557  0.310216  0.253263  0.838359  0.315988  0.905775  0.664379  0.753866  0.254881  0.533139  0.868791  0.647186  0.248112 0.0  0.582211  0.670154  0.595398  0.331543  0.234145  0.451125  0.780811  0.322886  0.812437  0.212901  0.696745  0.749858  0.181588  0.340764  0.275293  0.290708  0.690386  0.648974  0.413794  0.743022  0.568183  0.215690  0.296412  0.486332 
37  0.497150  0.381012  0.377787  0.253549  0.176957  0.166576  0.660368  0.402250  0.505550  0.572298  0.474580  0.550651  0.606417  0.520778  0.588757  0.255901  0.120832  0.554529  0.558586  0.571432  0.089184  0.153259  0.316306  0.191269  0.432587  0.424142  0.312763  0.543882  0.255260  0.277051  0.203399  0.564260  0.229654  0.285476  0.165964  0.400201  0.582211 0.0  0.328688  0.219774  0.496419  0.585839  0.392459  0.115894  0.564214  0.140107  0.500682  0.144765  0.385395  0.642512  0.536571  0.622177  0.396117  0.088680  0.209944  0.372731  0.141935  0.086536  0.639381  0.598182  0.317167 
38  0.509109  0.151012  0.403940  0.322668  0.328015  0.250713  0.526342  0.274989  0.640831  0.453034  0.503752  0.444845  0.539683  0.533343  0.555495  0.241162  0.338519  0.669114  0.512558  0.328106  0.268654  0.272848  0.154518  0.376505  0.323440  0.389630  0.355048  0.361525  0.423900  0.392163  0.318589  0.479814  0.178159  0.416922  0.263045  0.517779  0.670154  0.328688 0.0  0.118436  0.320521  0.408277  0.311063  0.241468  0.481541  0.282617  0.463779  0.333706  0.459658  0.602559  0.327594  0.472118  0.480773  0.205854  0.300176  0.318622  0.298667  0.190497  0.501049  0.565039  0.297637 
39  0.489307  0.235353  0.256056  0.241595  0.293550  0.129479  0.709091  0.468462  0.663099  0.569011  0.523037  0.539349  0.631634  0.564406  0.607103  0.223374  0.213289  0.691038  0.673736  0.494932  0.211850  0.176545  0.233199  0.235334  0.401430  0.437978  0.195720  0.425068  0.290439  0.246059  0.148908  0.506339  0.304027  0.322002  0.134544  0.479387  0.595398  0.219774  0.118436 0.0  0.406108  0.558174  0.396914  0.182116  0.419081  0.174795  0.520046  0.144312  0.395730  0.665471  0.459455  0.453636  0.286989  0.129318  0.086536  0.383874  0.210847  0.086536  0.563155  0.531738  0.266080 
40  0.219715  0.303331  0.688672  0.658952  0.586427  0.371237  0.201938  0.104913  0.263227  0.239640  0.183683  0.209369  0.276957  0.295399  0.313007  0.495753  0.497130  0.302225  0.246400  0.136231  0.617152  0.441128  0.313267  0.549875  0.240822  0.102957  0.598266  0.129866  0.577963  0.614926  0.494505  0.295687  0.346924  0.555224  0.517151  0.216358  0.331543  0.496419  0.320521  0.406108 0.0  0.253644  0.236759  0.419640  0.126465  0.481064  0.260172  0.394031  0.709190  0.281036  0.234196  0.142053  0.223526  0.355119  0.375759  0.125701  0.495477  0.518021  0.333881  0.237521  0.156657 
41  0.126352  0.491837  0.774091  0.733049  0.726081  0.573808  0.156560  0.252643  0.144448  0.189600  0.086536  0.132649  0.187712  0.086536  0.173797  0.712236  0.599626  0.314836  0.242843  0.117549  0.664478  0.551072  0.427434  0.662073  0.304227  0.166751  0.703482  0.167520  0.679884  0.675095  0.656159  0.295718  0.380334  0.753040  0.701598  0.184122  0.234145  0.585839  0.408277  0.558174  0.253644 0.0  0.230466  0.596737  0.102186  0.661226  0.086536  0.552328  0.777490  0.163247  0.168215  0.176955  0.175818  0.484235  0.533320  0.257474  0.658575  0.529230  0.140504  0.220991  0.361259 
42  0.250219  0.197857  0.542484  0.597991  0.515701  0.344413  0.406502  0.148472  0.378108  0.408568  0.223172  0.257860  0.394419  0.282233  0.377495  0.498655  0.545671  0.286246  0.373888  0.303146  0.366424  0.322287  0.335957  0.491888  0.181612  0.098503  0.624951  0.185117  0.593070  0.599697  0.566787  0.238881  0.154529  0.584939  0.415020  0.280569  0.451125  0.392459  0.311063  0.396914  0.236759  0.230466 0.0  0.347919  0.223662  0.477462  0.318339  0.409472  0.671157  0.435683  0.351675  0.327395  0.149084  0.269492  0.364818  0.170270  0.410744  0.270624  0.272365  0.340825  0.260971 
43  0.659337  0.224240  0.215184  0.390609  0.212246  0.095951  0.613172  0.420976  0.749280  0.551062  0.550635  0.490257  0.576804  0.639303  0.503370  0.238111  0.216878  0.711156  0.589000  0.504148  0.097174  0.086536  0.338780  0.118022  0.450570  0.392698  0.296437  0.540281  0.208855  0.319023  0.168568  0.559297  0.225509  0.247157  0.175186  0.386060  0.780811  0.115894  0.241468  0.182116  0.419640  0.596737  0.347919 0.0  0.476441  0.153142  0.502515  0.167271  0.278968  0.669028  0.499066  0.513414  0.400834  0.144251  0.094797  0.349435  0.236494  0.086536  0.599689  0.597206  0.264142 
44  0.124101  0.250995  0.609242  0.680915  0.568974  0.467089  0.266234  0.086536  0.263805  0.234983  0.133013  0.236415  0.230786  0.249067  0.279807  0.611831  0.661748  0.495063  0.227548  0.086536  0.490360  0.514007  0.250656  0.577905  0.144015  0.185235  0.592983  0.086536  0.584720  0.538429  0.558817  0.320306  0.236132  0.632629  0.532646  0.236881  0.322886  0.564214  0.481541  0.419081  0.126465  0.102186  0.223662  0.476441 0.0  0.467692  0.123335  0.506566  0.711887  0.223963  0.239066  0.086536  0.143946  0.523341  0.439416  0.133244  0.554725  0.567164  0.346393  0.177994  0.289913 
45  0.518699  0.423267  0.157557  0.178072  0.206668  0.185670  0.737578  0.424653  0.684808  0.744355  0.635420  0.617540  0.716290  0.685569  0.697589  0.220603  0.185626  0.661794  0.665268  0.565209  0.210795  0.149318  0.292263  0.169125  0.523613  0.426726  0.276181  0.444364  0.086536  0.086536  0.139973  0.672979  0.428846  0.199985  0.086536  0.444222  0.812437  0.140107  0.282617  0.174795  0.481064  0.661226  0.477462  0.153142  0.467692 0.0  0.687913  0.129429  0.300690  0.812312  0.582417  0.555540  0.543579  0.305986  0.140355  0.526606  0.191465  0.154789  0.650155  0.632445  0.367041 
46  0.086536  0.320755  0.692344  0.689645  0.722991  0.534605  0.210688  0.124667  0.240094  0.086536  0.086536  0.177731  0.125328  0.086536  0.205489  0.519470  0.511841  0.330500  0.214842  0.090437  0.522867  0.535939  0.385595  0.510436  0.213870  0.161801  0.740886  0.118404  0.668482  0.580683  0.565628  0.201306  0.275997  0.757871  0.501467  0.152535  0.212901  0.500682  0.463779  0.520046  0.260172  0.086536  0.318339  0.502515  0.123335  0.687913 0.0  0.563613  0.717980  0.210849  0.086536  0.094647  0.199693  0.453779  0.538108  0.243735  0.528213  0.498442  0.186987  0.219188  0.300863 
47  0.474439  0.333670  0.165770  0.329594  0.230644  0.186516  0.499139  0.424356  0.637594  0.669889  0.496646  0.552915  0.431332  0.601525  0.564081  0.220502  0.197966  0.684723  0.521800  0.612128  0.086536  0.100562  0.282372  0.105558  0.487184  0.406644  0.252933  0.463337  0.184599  0.196801  0.109456  0.528450  0.346134  0.267485  0.163527  0.492920  0.696745  0.144765  0.333706  0.144312  0.394031  0.552328  0.409472  0.167271  0.506566  0.129429  0.563613 0.0  0.273258  0.645617  0.606380  0.534709  0.522635  0.099721  0.238235  0.375190  0.250121  0.124820  0.511488  0.598397  0.329250 
48  0.666414  0.531515  0.348435  0.361057  0.354293  0.369920  0.771932  0.683888  0.810640  0.860831  0.823916  0.806944  0.870549  0.809653  1.000000  0.298592  0.240911  0.990740  0.980685  0.716911  0.274560  0.310198  0.496711  0.265979  0.673595  0.686381  0.139832  0.657537  0.181291  0.198631  0.356551  0.800237  0.597225  0.308118  0.351317  0.874467  0.749858  0.385395  0.459658  0.395730  0.709190  0.777490  0.671157  0.278968  0.711887  0.300690  0.717980  0.273258 0.0  0.926627  0.794157  0.813313  0.791191  0.412065  0.278768  0.627124  0.373236  0.432408  0.892785  0.808542  0.612380 
49  0.268406  0.363211  0.879087  0.786373  0.798897  0.655471  0.162191  0.341031  0.113865  0.183403  0.315685  0.335514  0.236122  0.188519  0.231542  0.680465  0.749031  0.417427  0.273882  0.191426  0.625980  0.602110  0.441722  0.675522  0.338501  0.335725  0.856103  0.257919  0.741009  0.752145  0.712128  0.289095  0.499806  0.895911  0.615075  0.165906  0.181588  0.642512  0.602559  0.665471  0.281036  0.163247  0.435683  0.669028  0.223963  0.812312  0.210849  0.645617  0.926627 0.0  0.235957  0.207833  0.366092  0.648466  0.656894  0.248960  0.610395  0.646569  0.224394  0.235027  0.471908 
50  0.171576  0.193884  0.755973  0.727619  0.559764  0.550366  0.180633  0.161561  0.158329  0.207015  0.213373  0.205708  0.262443  0.180964  0.267300  0.597302  0.613793  0.249181  0.235560  0.146281  0.480977  0.428326  0.421387  0.702800  0.156840  0.107964  0.643382  0.176814  0.625577  0.723451  0.620310  0.250060  0.264464  0.666333  0.582923  0.105110  0.340764  0.536571  0.327594  0.459455  0.234196  0.168215  0.351675  0.499066  0.239066  0.582417  0.086536  0.606380  0.794157  0.235957 0.0  0.262359  0.275075  0.572354  0.535824  0.220946  0.489743  0.443504  0.243660  0.166822  0.243195 
51  0.307764  0.307909  0.725544  0.773884  0.638766  0.526860  0.176679  0.086536  0.178947  0.097553  0.225074  0.134616  0.196834  0.185782  0.118489  0.534446  0.655028  0.315042  0.296331  0.139204  0.599602  0.615444  0.384647  0.589597  0.205732  0.313721  0.658483  0.137317  0.692767  0.625381  0.656351  0.387915  0.288095  0.731837  0.562455  0.266296  0.275293  0.622177  0.472118  0.453636  0.142053  0.176955  0.327395  0.513414  0.086536  0.555540  0.094647  0.534709  0.813313  0.207833  0.262359 0.0  0.344388  0.463398  0.581979  0.333141  0.570328  0.708088  0.232122  0.189056  0.260571 
52  0.323058  0.305186  0.648350  0.613362  0.652552  0.500013  0.248908  0.285788  0.219066  0.287572  0.235472  0.200589  0.292465  0.207186  0.127882  0.600728  0.578148  0.322832  0.246395  0.236409  0.396273  0.528324  0.321279  0.564823  0.116279  0.248682  0.692181  0.314159  0.566977  0.679449  0.626169  0.165171  0.321634  0.685543  0.577863  0.241927  0.290708  0.396117  0.480773  0.286989  0.223526  0.175818  0.149084  0.400834  0.143946  0.543579  0.199693  0.522635  0.791191  0.366092  0.275075  0.344388 0.0  0.386583  0.529873  0.251340  0.528913  0.527123  0.220544  0.086536  0.358578 
53  0.410661  0.298227  0.352064  0.264512  0.186623  0.128617  0.519743  0.377710  0.681322  0.632800  0.416654  0.481163  0.541984  0.490563  0.509904  0.260446  0.163940  0.651248  0.561875  0.477861  0.212114  0.184834  0.300498  0.151417  0.383897  0.442461  0.351305  0.316042  0.299323  0.219096  0.238762  0.537905  0.302363  0.262750  0.086536  0.408479  0.690386  0.088680  0.205854  0.129318  0.355119  0.484235  0.269492  0.144251  0.523341  0.305986  0.453779  0.099721  0.412065  0.648466  0.572354  0.463398  0.386583 0.0  0.101434  0.407085  0.189685  0.094309  0.606424  0.629906  0.247186 
54  0.378482  0.337092  0.245676  0.260024  0.222830  0.086536  0.628512  0.443699  0.594110  0.603389  0.596441  0.589999  0.712352  0.628522  0.634040  0.186333  0.115932  0.675361  0.572181  0.487825  0.087043  0.086536  0.269785  0.158113  0.485716  0.462727  0.225441  0.387902  0.198822  0.326426  0.221375  0.617921  0.303530  0.247232  0.086536  0.384469  0.648974  0.209944  0.300176  0.086536  0.375759  0.533320  0.364818  0.094797  0.439416  0.140355  0.538108  0.238235  0.278768  0.656894  0.535824  0.581979  0.529873  0.101434 0.0  0.379242  0.186827  0.086536  0.586365  0.553623  0.251189 
55  0.109767  0.223819  0.659240  0.504389  0.463255  0.514209  0.224112  0.200270  0.347110  0.279419  0.150232  0.169552  0.259395  0.323888  0.269741  0.517620  0.501798  0.328608  0.286981  0.248559  0.490994  0.324139  0.236077  0.484181  0.186057  0.171822  0.518717  0.149320  0.473258  0.454105  0.489543  0.190595  0.146204  0.529661  0.402987  0.098261  0.413794  0.372731  0.318622  0.383874  0.125701  0.257474  0.170270  0.349435  0.133244  0.526606  0.243735  0.375190  0.627124  0.248960  0.220946  0.333141  0.251340  0.407085  0.379242 0.0  0.420702  0.334002  0.281964  0.223111  0.262884 
56  0.507436  0.303060  0.395066  0.255623  0.228162  0.191685  0.697031  0.424697  0.718922  0.648090  0.582863  0.567879  0.648253  0.548743  0.571949  0.086536  0.178315  0.611907  0.656558  0.584722  0.206886  0.232049  0.359478  0.182994  0.584149  0.553501  0.255971  0.404584  0.299924  0.178199  0.188601  0.559854  0.361065  0.236526  0.125031  0.496293  0.743022  0.141935  0.298667  0.210847  0.495477  0.658575  0.410744  0.236494  0.554725  0.191465  0.528213  0.250121  0.373236  0.610395  0.489743  0.570328  0.528913  0.189685  0.186827  0.420702 0.0  0.269873  0.610674  0.565404  0.340107 
57  0.418904  0.293155  0.285278  0.321095  0.086536  0.156517  0.588801  0.454881  0.612615  0.592551  0.564008  0.574167  0.614337  0.660654  0.603660  0.234151  0.247235  0.572518  0.670265  0.518477  0.152652  0.086536  0.280122  0.117941  0.349990  0.419378  0.314868  0.396689  0.246080  0.268846  0.193545  0.542158  0.216521  0.274595  0.086536  0.478386  0.568183  0.086536  0.190497  0.086536  0.518021  0.529230  0.270624  0.086536  0.567164  0.154789  0.498442  0.124820  0.432408  0.646569  0.443504  0.708088  0.527123  0.094309  0.086536  0.334002  0.269873 0.0  0.596191  0.598061  0.284203 
58  0.278414  0.363948  0.840471  0.735654  0.755146  0.570647  0.182807  0.307832  0.267927  0.347218  0.318554  0.198524  0.104394  0.213784  0.162860  0.620394  0.788437  0.210568  0.086536  0.175848  0.673372  0.614829  0.372469  0.549242  0.269426  0.262149  0.794992  0.323772  0.636625  0.746482  0.750127  0.176558  0.394953  0.791978  0.790329  0.220149  0.215690  0.639381  0.501049  0.563155  0.333881  0.140504  0.272365  0.599689  0.346393  0.650155  0.186987  0.511488  0.892785  0.224394  0.243660  0.232122  0.220544  0.606424  0.586365  0.281964  0.610674  0.596191 0.0  0.086536  0.378742 
59  0.317758  0.433891  0.818535  0.742351  0.827372  0.684686  0.146903  0.294221  0.089400  0.236923  0.180642  0.086536  0.086536  0.101449  0.164702  0.626532  0.637566  0.298195  0.092467  0.247673  0.704164  0.556543  0.490488  0.633693  0.201937  0.294819  0.765405  0.285423  0.829090  0.681147  0.709546  0.199151  0.389353  0.918747  0.718677  0.221926  0.296412  0.598182  0.565039  0.531738  0.237521  0.220991  0.340825  0.597206  0.177994  0.632445  0.219188  0.598397  0.808542  0.235027  0.166822  0.189056  0.086536  0.629906  0.553623  0.223111  0.565404  0.598061  0.086536 0.0  0.406118 
60  0.277631  0.086536  0.442858  0.516746  0.440278  0.419102  0.488803  0.120360  0.316487  0.333879  0.277248  0.387208  0.367115  0.283190  0.469824  0.413170  0.366888  0.507620  0.399882  0.260937  0.439733  0.362484  0.120352  0.360448  0.270841  0.230340  0.411985  0.161501  0.374160  0.448154  0.384104  0.343718  0.152159  0.552716  0.363214  0.272329  0.486332  0.317167  0.297637  0.266080  0.156657  0.361259  0.260971  0.264142  0.289913  0.367041  0.300863  0.329250  0.612380  0.471908  0.243195  0.260571  0.358578  0.247186  0.251189  0.262884  0.340107  0.284203  0.378742  0.406118 0.0 
