61
0 0.0  0.259776  0.641667  0.584772  0.663124  0.537524  0.256959  0.112241  0.249471  0.213948  0.170548  0.237612  0.242935  0.211696  0.287958  0.477331  0.600140  0.371508  0.293741  0.149467  0.491730  0.473075  0.242203  0.577840  0.228754  0.243443  0.598515  0.092727  0.759031  0.513086  0.645741  0.305519  0.252483  0.605400  0.590974  0.174334  0.286443  0.495937  0.347583  0.445354  0.140345  0.189049  0.298843  0.474542  0.113001  0.509883  0.134643  0.495353  0.649775  0.257773  0.192307  0.157773  0.253163  0.403783  0.458929  0.197145  0.520968  0.431581  0.260669  0.208150  0.221267 
1  0.259776 0.0  0.484109  0.462077  0.450444  0.368687  0.414905  0.234243  0.457716  0.338991  0.332726  0.357169  0.419993  0.379960  0.414688  0.379002  0.368302  0.506729  0.409345  0.310226  0.348158  0.335810  0.101424  0.374052  0.289415  0.263191  0.405297  0.266976  0.392457  0.391902  0.460928  0.406707  0.132245  0.514992  0.364412  0.254067  0.525201  0.296476  0.192307  0.305826  0.219133  0.374447  0.276061  0.295205  0.280249  0.354119  0.294311  0.322560  0.523910  0.406904  0.339782  0.375042  0.375118  0.283185  0.324796  0.210905  0.287509  0.307733  0.438043  0.461028  0.097615 
2  0.641667  0.484109 0.0  0.115060  0.164767  0.241036  0.848265  0.626653  0.833266  0.877143  0.664711  0.723004  0.805474  0.852756  0.772529  0.281257  0.226033  0.919171  0.714668  0.729567  0.235064  0.238317  0.546784  0.178067  0.702382  0.543665  0.256956  0.715142  0.156377  0.278872  0.149723  0.700717  0.536140  0.182531  0.239589  0.661573  0.916678  0.264246  0.381721  0.311280  0.508776  0.760221  0.500347  0.264679  0.683042  0.230285  0.629343  0.262627  0.295827  0.759841  0.602900  0.825690  0.677456  0.293524  0.300094  0.585298  0.323487  0.285427  0.957988  0.790913  0.530411 
3  0.584772  0.462077  0.115060 0.0  0.133721  0.230862  0.770199  0.579824  0.921066  0.812278  0.667136  0.775024  0.787520  0.757538  0.742705  0.237599  0.213048  0.715874  0.692367  0.623881  0.238259  0.289038  0.468384  0.190585  0.603675  0.650347  0.242502  0.693814  0.119765  0.173417  0.133730  0.758260  0.377626  0.134534  0.225945  0.619618  0.768775  0.297587  0.399396  0.300760  0.710927  0.692655  0.602072  0.239652  0.608161  0.219230  0.561627  0.248986  0.237604  0.828425  0.653448  0.759655  0.666017  0.250178  0.269652  0.548830  0.274389  0.262615  0.896270  0.773411  0.455808 
4  0.663124  0.450444  0.164767  0.133721 0.0  0.203161  0.682627  0.592537  0.725122  0.726627  0.612733  0.617042  0.674436  0.723760  0.721188  0.187567  0.146105  0.757036  0.753378  0.655546  0.193218  0.224671  0.399360  0.130452  0.598386  0.581556  0.207224  0.706075  0.103511  0.176533  0.100348  0.611554  0.489866  0.131091  0.173050  0.643708  0.753661  0.200997  0.343606  0.259884  0.596623  0.775776  0.539952  0.200045  0.625945  0.148425  0.628738  0.225433  0.270385  0.799369  0.580895  0.737485  0.570231  0.262507  0.201890  0.392321  0.225821  0.231572  0.811116  0.690752  0.390933 
5  0.537524  0.368687  0.241036  0.230862  0.203161 0.0  0.562257  0.509996  0.736968  0.632149  0.533538  0.536939  0.570982  0.641956  0.575332  0.192045  0.193265  0.732257  0.528195  0.514487  0.091114  0.121583  0.309409  0.133025  0.571227  0.517190  0.277073  0.483207  0.230832  0.222070  0.177981  0.540872  0.267722  0.241942  0.125598  0.502373  0.829965  0.126199  0.250915  0.162864  0.512081  0.649084  0.427021  0.123424  0.497666  0.159270  0.541387  0.101943  0.335300  0.718572  0.560421  0.642047  0.465083  0.140256  0.112751  0.396773  0.209954  0.111152  0.653185  0.631123  0.369795 
6  0.256959  0.414905  0.848265  0.770199  0.682627  0.562257 0.0  0.268544  0.105144  0.159213  0.186382  0.191109  0.122088  0.113580  0.170498  0.640578  0.728944  0.251008  0.138639  0.180182  0.506368  0.635986  0.470769  0.748613  0.245267  0.249448  0.781996  0.246723  0.720508  0.853923  0.748746  0.231843  0.416789  0.695540  0.570339  0.232174  0.156402  0.616451  0.557196  0.602586  0.274703  0.155754  0.315876  0.483303  0.216447  0.595089  0.189174  0.597555  0.832129  0.153968  0.210247  0.182638  0.255744  0.606419  0.620721  0.299664  0.636706  0.564171  0.123143  0.123386  0.357755 
7  0.112241  0.234243  0.626653  0.579824  0.592537  0.509996  0.268544 0.0  0.315047  0.251343  0.191303  0.225613  0.236724  0.230881  0.343224  0.510686  0.638905  0.364238  0.366160  0.174419  0.411602  0.434059  0.227291  0.530870  0.217396  0.174656  0.471537  0.106221  0.579659  0.489437  0.626896  0.302138  0.207577  0.592788  0.487531  0.173695  0.359480  0.392892  0.359486  0.416056  0.121317  0.202608  0.246996  0.401886  0.129717  0.477004  0.163842  0.482062  0.745132  0.276701  0.195915  0.207767  0.225059  0.390446  0.493830  0.166207  0.453847  0.456692  0.257965  0.310725  0.215166 
8  0.249471  0.457716  0.833266  0.921066  0.725122  0.736968  0.105144  0.315047 0.0  0.179952  0.213556  0.174904  0.114658  0.126549  0.148615  0.598935  0.699550  0.253354  0.108433  0.219458  0.561446  0.647217  0.441708  0.644309  0.219521  0.242585  0.785442  0.278688  0.732901  0.643734  0.817050  0.212922  0.394858  0.804151  0.681812  0.210520  0.177026  0.722534  0.515559  0.614058  0.232817  0.192729  0.321148  0.562967  0.238282  0.627671  0.200015  0.633506  0.906802  0.174304  0.194462  0.214879  0.224582  0.650897  0.758388  0.310616  0.672960  0.666078  0.104706  0.103101  0.441072 
9  0.213948  0.338991  0.877143  0.812278  0.726627  0.632149  0.159213  0.251343  0.179952 0.0  0.196316  0.226006  0.184524  0.136270  0.227080  0.684360  0.741913  0.312358  0.199397  0.141146  0.606667  0.547830  0.354292  0.759509  0.294498  0.261043  0.738129  0.241697  0.923235  0.771744  0.535894  0.278721  0.379998  0.790124  0.657081  0.218856  0.160740  0.557926  0.515034  0.600529  0.264124  0.139649  0.291054  0.596489  0.200613  0.681112  0.165179  0.625394  0.851474  0.129513  0.208626  0.131623  0.317877  0.596162  0.484278  0.274120  0.700696  0.649052  0.186676  0.199960  0.364002 
10  0.170548  0.332726  0.664711  0.667136  0.612733  0.533538  0.186382  0.191303  0.213556  0.196316 0.0  0.143149  0.165938  0.172853  0.247321  0.571470  0.690485  0.327276  0.206819  0.155419  0.574500  0.540036  0.298070  0.570557  0.172710  0.157406  0.749894  0.166050  0.719600  0.719193  0.671338  0.191495  0.263130  0.736461  0.655484  0.115818  0.311939  0.472070  0.435497  0.513558  0.156277  0.133136  0.220422  0.486097  0.145191  0.568771  0.120008  0.540474  0.770158  0.257841  0.096996  0.177667  0.155717  0.456855  0.526666  0.192276  0.536965  0.498125  0.201266  0.210324  0.263893 
11  0.237612  0.357169  0.723004  0.775024  0.617042  0.536939  0.191109  0.225613  0.174904  0.226006  0.143149 0.0  0.154047  0.184198  0.150416  0.728010  0.604228  0.228066  0.197640  0.193164  0.564154  0.535898  0.380387  0.670305  0.156770  0.153588  0.642131  0.229095  0.828928  0.650364  0.583476  0.128427  0.274570  0.831899  0.571630  0.152369  0.263270  0.557424  0.455639  0.507758  0.221202  0.174503  0.206878  0.584130  0.198716  0.730186  0.188882  0.492703  0.843822  0.284359  0.119907  0.217123  0.114031  0.446330  0.592502  0.246761  0.574962  0.570240  0.161662  0.150218  0.352594 
12  0.242935  0.419993  0.805474  0.787520  0.674436  0.570982  0.122088  0.236724  0.114658  0.184524  0.165938  0.154047 0.0  0.119083  0.133723  0.628796  0.648332  0.228469  0.129888  0.179805  0.701455  0.659667  0.415293  0.699557  0.206509  0.214979  0.709390  0.271492  0.782643  0.732487  0.754583  0.177980  0.360949  0.619692  0.547319  0.214199  0.255849  0.538612  0.484562  0.543078  0.248564  0.151185  0.281262  0.585838  0.233900  0.646120  0.191292  0.603783  0.929728  0.182641  0.156763  0.217090  0.184370  0.606551  0.541090  0.279338  0.495693  0.578715  0.100940  0.099761  0.411383 
13  0.211696  0.379960  0.852756  0.757538  0.723760  0.641956  0.113580  0.230881  0.126549  0.136270  0.172853  0.184198  0.119083 0.0  0.181659  0.722286  0.625414  0.241733  0.168053  0.138284  0.602503  0.503651  0.452678  0.607454  0.218637  0.219043  0.786134  0.219851  0.782701  0.670936  0.671668  0.211369  0.320455  0.747476  0.451252  0.211305  0.179962  0.590908  0.482487  0.540524  0.225842  0.129447  0.292650  0.557718  0.200216  0.747359  0.171452  0.643834  0.779148  0.178933  0.165918  0.176785  0.200757  0.572785  0.614678  0.274417  0.611958  0.616951  0.131151  0.132562  0.406766 
14  0.287958  0.414688  0.772529  0.742705  0.721188  0.575332  0.170498  0.343224  0.148615  0.227080  0.247321  0.150416  0.133723  0.181659 0.0  0.657840  0.667302  0.178576  0.126337  0.254928  0.631104  0.572774  0.532650  0.653514  0.206308  0.249106  0.666237  0.287786  0.767188  0.836793  0.587869  0.153036  0.394375  0.727882  0.568627  0.237460  0.261245  0.630475  0.606954  0.548988  0.300990  0.218188  0.284813  0.521294  0.255430  0.667160  0.220325  0.573043  0.778108  0.247466  0.210086  0.285344  0.167852  0.629305  0.596180  0.337830  0.588888  0.585468  0.122346  0.129006  0.365048 
15  0.477331  0.379002  0.281257  0.237599  0.187567  0.192045  0.640578  0.510686  0.598935  0.684360  0.571470  0.728010  0.628796  0.722286  0.657840 0.0  0.130662  0.901980  0.694168  0.762925  0.172594  0.177070  0.306573  0.175633  0.539736  0.621507  0.147146  0.599908  0.201715  0.133438  0.213968  0.750778  0.341946  0.208472  0.161439  0.550187  0.725682  0.204212  0.257744  0.191352  0.539966  0.570848  0.500469  0.202811  0.583027  0.138142  0.538341  0.196454  0.275734  0.689125  0.570772  0.696782  0.655984  0.211217  0.190438  0.529674  0.131602  0.232147  0.577267  0.571140  0.326474 
16  0.600140  0.368302  0.226033  0.213048  0.146105  0.193265  0.728944  0.638905  0.699550  0.741913  0.690485  0.604228  0.648332  0.625414  0.667302  0.130662 0.0  0.700323  0.732619  0.700954  0.168745  0.194609  0.388384  0.129359  0.451169  0.608300  0.145442  0.620726  0.149556  0.131750  0.154771  0.571073  0.459359  0.160258  0.150502  0.586116  0.709602  0.196600  0.304836  0.210420  0.600440  0.644400  0.439026  0.179459  0.616415  0.108497  0.510512  0.183358  0.259488  0.672183  0.628745  0.650047  0.626543  0.237787  0.186435  0.437327  0.162187  0.181516  0.658927  0.567820  0.392902 
17  0.371508  0.506729  0.919171  0.715874  0.757036  0.732257  0.251008  0.364238  0.253354  0.312358  0.327276  0.228066  0.228469  0.241733  0.178576  0.901980  0.700323 0.0  0.214104  0.392949  0.672429  0.647841  0.493218  0.762237  0.293615  0.267457  0.894957  0.401321  0.873263  0.672778  0.843295  0.194236  0.472582  0.783796  0.736772  0.292719  0.352575  0.538974  0.634820  0.643444  0.363131  0.311275  0.371401  0.688244  0.364007  0.733947  0.318084  0.640931  0.994994  0.334817  0.265376  0.402298  0.232818  0.667786  0.632804  0.429448  0.731604  0.612597  0.225730  0.234471  0.416013 
18  0.293741  0.409345  0.714668  0.692367  0.753378  0.528195  0.138639  0.366160  0.108433  0.199397  0.206819  0.197640  0.129888  0.168053  0.126337  0.694168  0.732619  0.214104 0.0  0.250143  0.742055  0.514353  0.461310  0.669720  0.286056  0.267998  0.759453  0.264353  0.712871  0.767236  0.646767  0.198344  0.337468  0.783605  0.699413  0.235046  0.226124  0.655169  0.599500  0.649913  0.292129  0.178949  0.326528  0.453721  0.268673  0.787880  0.264683  0.664439  0.913425  0.208697  0.195856  0.241422  0.241988  0.532481  0.634502  0.314162  0.720988  0.660449  0.103281  0.106646  0.420803 
19  0.149467  0.310226  0.729567  0.623881  0.655546  0.514487  0.180182  0.174419  0.219458  0.141146  0.155419  0.193164  0.179805  0.138284  0.254928  0.762925  0.700954  0.392949  0.250143 0.0  0.503736  0.598429  0.358435  0.615467  0.229407  0.217410  0.753398  0.149567  0.534851  0.678035  0.651262  0.245608  0.315628  0.703339  0.547679  0.173177  0.222903  0.554752  0.419063  0.500388  0.188937  0.127825  0.286361  0.557562  0.130150  0.615545  0.116659  0.515650  0.813094  0.191446  0.183611  0.118275  0.261546  0.571753  0.505043  0.270375  0.504101  0.545438  0.234487  0.216290  0.283795 
20  0.491730  0.348158  0.235064  0.238259  0.193218  0.091114  0.506368  0.411602  0.561446  0.606667  0.574500  0.564154  0.701455  0.602503  0.631104  0.172594  0.168745  0.672429  0.742055  0.503736 0.0  0.123989  0.343882  0.124180  0.509298  0.475423  0.236637  0.464598  0.209566  0.225428  0.171224  0.543200  0.358203  0.252766  0.112631  0.545260  0.683147  0.126144  0.261839  0.160852  0.548818  0.594376  0.412111  0.115454  0.469044  0.140827  0.525341  0.104359  0.363576  0.752433  0.501807  0.605428  0.485728  0.142252  0.107466  0.435230  0.201689  0.118889  0.768812  0.616083  0.300161 
21  0.473075  0.335810  0.238317  0.289038  0.224671  0.121583  0.635986  0.434059  0.647217  0.547830  0.540036  0.535898  0.659667  0.503651  0.572774  0.177070  0.194609  0.647841  0.514353  0.598429  0.123989 0.0  0.273785  0.183571  0.471240  0.443324  0.254246  0.485954  0.267498  0.257215  0.209730  0.507441  0.290406  0.249538  0.132920  0.547737  0.653986  0.090216  0.227493  0.125083  0.400269  0.518885  0.302290  0.091873  0.536258  0.161351  0.466908  0.094596  0.355347  0.562076  0.536859  0.582891  0.554195  0.109178  0.094078  0.393487  0.196994  0.085524  0.565336  0.616598  0.301158 
22  0.242203  0.101424  0.546784  0.468384  0.399360  0.309409  0.470769  0.227291  0.441708  0.354292  0.298070  0.380387  0.415293  0.452678  0.532650  0.306573  0.388384  0.493218  0.461310  0.358435  0.343882  0.273785 0.0  0.361568  0.295234  0.341042  0.433736  0.248721  0.390951  0.383643  0.430369  0.362086  0.146232  0.466300  0.294076  0.289309  0.439525  0.290063  0.174961  0.236391  0.254821  0.384148  0.294544  0.285216  0.263434  0.375012  0.324409  0.321695  0.478603  0.493163  0.372541  0.318349  0.404658  0.264099  0.297129  0.209531  0.331558  0.265447  0.439916  0.393377  0.117683 
23  0.577840  0.374052  0.178067  0.190585  0.130452  0.133025  0.748613  0.530870  0.644309  0.759509  0.570557  0.670305  0.699557  0.607454  0.653514  0.175633  0.129359  0.762237  0.669720  0.615467  0.124180  0.183571  0.361568 0.0  0.627956  0.583997  0.208795  0.595314  0.144326  0.194631  0.119252  0.718620  0.393632  0.182791  0.131656  0.591709  0.669967  0.177816  0.296730  0.195664  0.587974  0.669782  0.415157  0.169060  0.575986  0.124369  0.639922  0.162589  0.276569  0.791930  0.538472  0.653872  0.533241  0.206701  0.159399  0.497498  0.193425  0.168646  0.615743  0.692615  0.469673 
24  0.228754  0.289415  0.702382  0.603675  0.598386  0.571227  0.245267  0.217396  0.219521  0.294498  0.172710  0.156770  0.206509  0.218637  0.206308  0.539736  0.451169  0.293615  0.286056  0.229407  0.509298  0.471240  0.295234  0.627956 0.0  0.102485  0.599155  0.253910  0.729584  0.593431  0.609843  0.167933  0.254744  0.507647  0.445298  0.140813  0.381053  0.498990  0.334482  0.431622  0.191740  0.197435  0.159528  0.492157  0.194229  0.568235  0.190167  0.454160  0.624724  0.345146  0.144684  0.282309  0.136095  0.433692  0.499869  0.170035  0.534232  0.436016  0.256264  0.218390  0.288331 
25  0.243443  0.263191  0.543665  0.650347  0.581556  0.517190  0.249448  0.174656  0.242585  0.261043  0.157406  0.153588  0.214979  0.219043  0.249106  0.621507  0.608300  0.267457  0.267998  0.217410  0.475423  0.443324  0.341042  0.583997  0.102485 0.0  0.547608  0.209435  0.657507  0.631760  0.601609  0.175677  0.270818  0.662188  0.458820  0.118453  0.348539  0.370790  0.357362  0.465567  0.158308  0.219298  0.179470  0.463660  0.196959  0.456180  0.184284  0.485437  0.709187  0.349820  0.143664  0.269945  0.147527  0.398811  0.435683  0.158550  0.483573  0.461227  0.239146  0.226221  0.236064 
26  0.598515  0.405297  0.256956  0.242502  0.207224  0.277073  0.781996  0.471537  0.785442  0.738129  0.749894  0.642131  0.709390  0.786134  0.666237  0.147146  0.145442  0.894957  0.759453  0.753398  0.236637  0.254246  0.433736  0.208795  0.599155  0.547608 0.0  0.645621  0.188825  0.102206  0.196942  0.716774  0.499249  0.172250  0.190693  0.608496  0.671735  0.288901  0.378678  0.244713  0.644279  0.734601  0.604096  0.262957  0.667096  0.198374  0.748403  0.269815  0.176216  0.813638  0.560825  0.710047  0.653310  0.345255  0.244651  0.577776  0.215981  0.275191  0.802623  0.760057  0.463103 
27  0.092727  0.266976  0.715142  0.693814  0.706075  0.483207  0.246723  0.106221  0.278688  0.241697  0.166050  0.229095  0.271492  0.219851  0.287786  0.599908  0.620726  0.401321  0.264353  0.149567  0.464598  0.485954  0.248721  0.595314  0.253910  0.209435  0.645621 0.0  0.655044  0.515115  0.631786  0.303900  0.247271  0.572516  0.560617  0.183508  0.312626  0.498789  0.348266  0.422706  0.134690  0.175784  0.254045  0.501666  0.109829  0.421575  0.140757  0.471039  0.631763  0.292958  0.196123  0.163332  0.251502  0.450546  0.471466  0.175487  0.461855  0.436268  0.273578  0.241846  0.243301 
28  0.759031  0.392457  0.156377  0.119765  0.103511  0.230832  0.720508  0.579659  0.732901  0.923235  0.719600  0.828928  0.782643  0.782701  0.767188  0.201715  0.149556  0.873263  0.712871  0.534851  0.209566  0.267498  0.390951  0.144326  0.729584  0.657507  0.188825  0.655044 0.0  0.181094  0.126069  0.678201  0.432349  0.104517  0.209300  0.605254  0.858362  0.244859  0.431475  0.248368  0.659020  0.668500  0.553699  0.251174  0.537958  0.196034  0.788518  0.243590  0.244593  0.690311  0.691216  0.678273  0.678121  0.236466  0.250736  0.479768  0.234921  0.241253  0.737215  0.829012  0.452659 
29  0.513086  0.391902  0.278872  0.173417  0.176533  0.222070  0.853923  0.489437  0.643734  0.771744  0.719193  0.650364  0.732487  0.670936  0.836793  0.133438  0.131750  0.672778  0.767236  0.678035  0.225428  0.257215  0.383643  0.194631  0.593431  0.631760  0.102206  0.515115  0.181094 0.0  0.189653  0.705701  0.429941  0.174557  0.198094  0.625122  0.838646  0.283693  0.287040  0.263659  0.590091  0.696459  0.563575  0.236664  0.571967  0.162262  0.670620  0.262712  0.210273  0.839181  0.683512  0.729798  0.660253  0.284443  0.255563  0.523243  0.172106  0.221605  0.764101  0.822776  0.416458 
30  0.645741  0.460928  0.149723  0.133730  0.100348  0.177981  0.748746  0.626896  0.817050  0.535894  0.671338  0.583476  0.754583  0.671668  0.587869  0.213968  0.154771  0.843295  0.646767  0.651262  0.171224  0.209730  0.430369  0.119252  0.609843  0.601609  0.196942  0.631786  0.126069  0.189653 0.0  0.702210  0.448638  0.143723  0.176477  0.546668  0.904126  0.211525  0.323525  0.254844  0.561624  0.654261  0.493795  0.217955  0.608436  0.149066  0.610818  0.188441  0.284156  0.766430  0.569069  0.812055  0.666213  0.235893  0.194605  0.489783  0.230724  0.202487  0.687091  0.747808  0.496650 
31  0.305519  0.406707  0.700717  0.758260  0.611554  0.540872  0.231843  0.302138  0.212922  0.278721  0.191495  0.128427  0.177980  0.211369  0.153036  0.750778  0.571073  0.194236  0.198344  0.245608  0.543200  0.507441  0.362086  0.718620  0.167933  0.175677  0.716774  0.303900  0.678201  0.705701  0.702210 0.0  0.350500  0.720739  0.651658  0.178124  0.329617  0.529270  0.479871  0.485668  0.225936  0.201884  0.263075  0.478794  0.245100  0.679058  0.191755  0.542929  0.854628  0.319287  0.179100  0.280573  0.109200  0.535170  0.516337  0.258662  0.674765  0.525614  0.185203  0.185532  0.340947 
32  0.252483  0.132245  0.536140  0.377626  0.489866  0.267722  0.416789  0.207577  0.394858  0.379998  0.263130  0.274570  0.360949  0.320455  0.394375  0.341946  0.459359  0.472582  0.337468  0.315628  0.358203  0.290406  0.146232  0.393632  0.254744  0.270818  0.499249  0.247271  0.432349  0.429941  0.448638  0.350500 0.0  0.487992  0.333248  0.267129  0.439061  0.317341  0.214892  0.270290  0.222817  0.321637  0.234095  0.295824  0.278033  0.390345  0.296238  0.315150  0.505291  0.462285  0.296356  0.329169  0.320013  0.308119  0.336556  0.199018  0.367407  0.288193  0.419516  0.390717  0.124035 
33  0.605400  0.514992  0.182531  0.134534  0.131091  0.241942  0.695540  0.592788  0.804151  0.790124  0.736461  0.831899  0.619692  0.747476  0.727882  0.208472  0.160258  0.783796  0.783605  0.703339  0.252766  0.249538  0.466300  0.182791  0.507647  0.662188  0.172250  0.572516  0.104517  0.174557  0.143723  0.720739  0.487992 0.0  0.215765  0.718313  0.834962  0.261200  0.371853  0.286347  0.620558  0.652067  0.552614  0.271934  0.660619  0.177070  0.636606  0.236119  0.213260  0.703187  0.785257  0.674939  0.833821  0.292616  0.265523  0.589485  0.250049  0.263519  0.685480  0.813235  0.520279 
34  0.590974  0.364412  0.239589  0.225945  0.173050  0.125598  0.570339  0.487531  0.681812  0.657081  0.655484  0.571630  0.547319  0.451252  0.568627  0.161439  0.150502  0.736772  0.699413  0.547679  0.112631  0.132920  0.294076  0.131656  0.445298  0.458820  0.190693  0.560617  0.209300  0.198094  0.176477  0.651658  0.333248  0.215765 0.0  0.472236  0.728265  0.130574  0.236302  0.147914  0.474038  0.556774  0.441896  0.127921  0.503564  0.113157  0.555916  0.133226  0.325003  0.703515  0.517464  0.657504  0.567902  0.169978  0.117235  0.408560  0.161041  0.134704  0.674258  0.621995  0.361599 
35  0.174334  0.254067  0.661573  0.619618  0.643708  0.502373  0.232174  0.173695  0.210520  0.218856  0.115818  0.152369  0.214199  0.211305  0.237460  0.550187  0.586116  0.292719  0.235046  0.173177  0.545260  0.547737  0.289309  0.591709  0.140813  0.118453  0.608496  0.183508  0.605254  0.625122  0.546668  0.178124  0.267129  0.718313  0.472236 0.0  0.282475  0.539701  0.419619  0.448908  0.141025  0.160267  0.195886  0.425037  0.153595  0.617330  0.148630  0.490853  0.871445  0.254907  0.122418  0.224922  0.175120  0.421899  0.443208  0.159134  0.449989  0.416113  0.221868  0.213342  0.263961 
36  0.286443  0.525201  0.916678  0.768775  0.753661  0.829965  0.156402  0.359480  0.177026  0.160740  0.311939  0.263270  0.255849  0.179962  0.261245  0.725682  0.709602  0.352575  0.226124  0.222903  0.683147  0.653986  0.439525  0.669967  0.381053  0.348539  0.671735  0.312626  0.858362  0.838646  0.904126  0.329617  0.439061  0.834962  0.728265  0.282475 0.0  0.727911  0.541764  0.641159  0.318312  0.232315  0.358057  0.768806  0.269380  0.799106  0.253997  0.595989  0.921646  0.113526  0.264000  0.204256  0.367911  0.549368  0.690866  0.365068  0.570679  0.669374  0.208128  0.197450  0.496662 
37  0.495937  0.296476  0.264246  0.297587  0.200997  0.126199  0.616451  0.392892  0.722534  0.557926  0.472070  0.557424  0.538612  0.590908  0.630475  0.204212  0.196600  0.538974  0.655169  0.554752  0.126144  0.090216  0.290063  0.177816  0.498990  0.370790  0.288901  0.498789  0.244859  0.283693  0.211525  0.529270  0.317341  0.261200  0.130574  0.539701  0.727911 0.0  0.229573  0.115800  0.458178  0.562364  0.375242  0.085985  0.498947  0.155830  0.504251  0.106353  0.400235  0.732380  0.495390  0.563662  0.567650  0.115959  0.094662  0.347988  0.191278  0.092449  0.623449  0.742573  0.306497 
38  0.347583  0.192307  0.381721  0.399396  0.343606  0.250915  0.557196  0.359486  0.515559  0.515034  0.435497  0.455639  0.484562  0.482487  0.606954  0.257744  0.304836  0.634820  0.599500  0.419063  0.261839  0.227493  0.174961  0.296730  0.334482  0.357362  0.378678  0.348266  0.431475  0.287040  0.323525  0.479871  0.214892  0.371853  0.236302  0.419619  0.541764  0.229573 0.0  0.192529  0.325135  0.437073  0.366982  0.220892  0.314493  0.256782  0.399079  0.235056  0.422945  0.561410  0.420394  0.416293  0.464421  0.229929  0.205198  0.280314  0.203254  0.252067  0.567107  0.467643  0.202938 
39  0.445354  0.305826  0.311280  0.300760  0.259884  0.162864  0.602586  0.416056  0.614058  0.600529  0.513558  0.507758  0.543078  0.540524  0.548988  0.191352  0.210420  0.643444  0.649913  0.500388  0.160852  0.125083  0.236391  0.195664  0.431622  0.465567  0.244713  0.422706  0.248368  0.263659  0.254844  0.485668  0.270290  0.286347  0.147914  0.448908  0.641159  0.115800  0.192529 0.0  0.378314  0.454249  0.421529  0.119513  0.473140  0.173840  0.470101  0.150075  0.376723  0.677586  0.457576  0.583958  0.508773  0.140110  0.115461  0.413775  0.163408  0.130168  0.662918  0.592580  0.289251 
40  0.140345  0.219133  0.508776  0.710927  0.596623  0.512081  0.274703  0.121317  0.232817  0.264124  0.156277  0.221202  0.248564  0.225842  0.300990  0.539966  0.600440  0.363131  0.292129  0.188937  0.548818  0.400269  0.254821  0.587974  0.191740  0.158308  0.644279  0.134690  0.659020  0.590091  0.561624  0.225936  0.222817  0.620558  0.474038  0.141025  0.318312  0.458178  0.325135  0.378314 0.0  0.191564  0.219770  0.429066  0.118742  0.494210  0.142329  0.438621  0.728854  0.301295  0.153347  0.219295  0.240799  0.456439  0.434688  0.142327  0.389430  0.450764  0.283074  0.274477  0.195894 
41  0.189049  0.374447  0.760221  0.692655  0.775776  0.649084  0.155754  0.202608  0.192729  0.139649  0.133136  0.174503  0.151185  0.129447  0.218188  0.570848  0.644400  0.311275  0.178949  0.127825  0.594376  0.518885  0.384148  0.669782  0.197435  0.219298  0.734601  0.175784  0.668500  0.696459  0.654261  0.201884  0.321637  0.652067  0.556774  0.160267  0.232315  0.562364  0.437073  0.454249  0.191564 0.0  0.251979  0.541448  0.137663  0.614199  0.121544  0.668153  0.838313  0.197218  0.142774  0.146868  0.233688  0.503156  0.576314  0.246162  0.525717  0.473376  0.172269  0.178169  0.339736 
42  0.298843  0.276061  0.500347  0.602072  0.539952  0.427021  0.315876  0.246996  0.321148  0.291054  0.220422  0.206878  0.281262  0.292650  0.284813  0.500469  0.439026  0.371401  0.326528  0.286361  0.412111  0.302290  0.294544  0.415157  0.159528  0.179470  0.604096  0.254045  0.553699  0.563575  0.493795  0.263075  0.234095  0.552614  0.441896  0.195886  0.358057  0.375242  0.366982  0.421529  0.219770  0.251979 0.0  0.379065  0.264341  0.502922  0.282340  0.409969  0.642863  0.390494  0.235922  0.319804  0.207937  0.296567  0.400094  0.165593  0.473718  0.379478  0.290782  0.261007  0.235808 
43  0.474542  0.295205  0.264679  0.239652  0.200045  0.123424  0.483303  0.401886  0.562967  0.596489  0.486097  0.584130  0.585838  0.557718  0.521294  0.202811  0.179459  0.688244  0.453721  0.557562  0.115454  0.091873  0.285216  0.169060  0.492157  0.463660  0.262957  0.501666  0.251174  0.236664  0.217955  0.478794  0.295824  0.271934  0.127921  0.425037  0.768806  0.085985  0.220892  0.119513  0.429066  0.541448  0.379065 0.0  0.558588  0.144441  0.499437  0.098778  0.369924  0.656568  0.491391  0.543381  0.532241  0.116119  0.089232  0.403575  0.198445  0.096608  0.712542  0.636587  0.339860 
44  0.113001  0.280249  0.683042  0.608161  0.625945  0.497666  0.216447  0.129717  0.238282  0.200613  0.145191  0.198716  0.233900  0.200216  0.255430  0.583027  0.616415  0.364007  0.268673  0.130150  0.469044  0.536258  0.263434  0.575986  0.194229  0.196959  0.667096  0.109829  0.537958  0.571967  0.608436  0.245100  0.278033  0.660619  0.503564  0.153595  0.269380  0.498947  0.314493  0.473140  0.118742  0.137663  0.264341  0.558588 0.0  0.541636  0.113049  0.463269  0.663278  0.247100  0.168498  0.168818  0.201816  0.475539  0.378532  0.188074  0.474402  0.478720  0.247106  0.273926  0.231512 
45  0.509883  0.354119  0.230285  0.219230  0.148425  0.159270  0.595089  0.477004  0.627671  0.681112  0.568771  0.730186  0.646120  0.747359  0.667160  0.138142  0.108497  0.733947  0.787880  0.615545  0.140827  0.161351  0.375012  0.124369  0.568235  0.456180  0.198374  0.421575  0.196034  0.162262  0.149066  0.679058  0.390345  0.177070  0.113157  0.617330  0.799106  0.155830  0.256782  0.173840  0.494210  0.614199  0.502922  0.144441  0.541636 0.0  0.650396  0.156615  0.320719  0.700076  0.627848  0.662383  0.596927  0.187915  0.147060  0.453567  0.163740  0.185261  0.624906  0.604570  0.396498 
46  0.134643  0.294311  0.629343  0.561627  0.628738  0.541387  0.189174  0.163842  0.200015  0.165179  0.120008  0.188882  0.191292  0.171452  0.220325  0.538341  0.510512  0.318084  0.264683  0.116659  0.525341  0.466908  0.324409  0.639922  0.190167  0.184284  0.748403  0.140757  0.788518  0.670620  0.610818  0.191755  0.296238  0.636606  0.555916  0.148630  0.253997  0.504251  0.399079  0.470101  0.142329  0.121544  0.282340  0.499437  0.113049  0.650396 0.0  0.488218  0.777127  0.226731  0.142753  0.146982  0.232257  0.537856  0.529811  0.206046  0.477191  0.427650  0.220624  0.223182  0.267532 
47  0.495353  0.322560  0.262627  0.248986  0.225433  0.101943  0.597555  0.482062  0.633506  0.625394  0.540474  0.492703  0.603783  0.643834  0.573043  0.196454  0.183358  0.640931  0.664439  0.515650  0.104359  0.094596  0.321695  0.162589  0.454160  0.485437  0.269815  0.471039  0.243590  0.262712  0.188441  0.542929  0.315150  0.236119  0.133226  0.490853  0.595989  0.106353  0.235056  0.150075  0.438621  0.668153  0.409969  0.098778  0.463269  0.156615  0.488218 0.0  0.356696  0.595868  0.521466  0.560122  0.512206  0.118297  0.103617  0.418668  0.209496  0.096744  0.713259  0.506993  0.265761 
48  0.649775  0.523910  0.295827  0.237604  0.270385  0.335300  0.832129  0.745132  0.906802  0.851474  0.770158  0.843822  0.929728  0.779148  0.778108  0.275734  0.259488  0.994994  0.913425  0.813094  0.363576  0.355347  0.478603  0.276569  0.624724  0.709187  0.176216  0.631763  0.244593  0.210273  0.284156  0.854628  0.505291  0.213260  0.325003  0.871445  0.921646  0.400235  0.422945  0.376723  0.728854  0.838313  0.642863  0.369924  0.663278  0.320719  0.777127  0.356696 0.0  0.895406  0.741094  0.738454  0.714387  0.392545  0.420113  0.544639  0.287147  0.420131  0.888140  1.000000  0.436654 
49  0.257773  0.406904  0.759841  0.828425  0.799369  0.718572  0.153968  0.276701  0.174304  0.129513  0.257841  0.284359  0.182641  0.178933  0.247466  0.689125  0.672183  0.334817  0.208697  0.191446  0.752433  0.562076  0.493163  0.791930  0.345146  0.349820  0.813638  0.292958  0.690311  0.839181  0.766430  0.319287  0.462285  0.703187  0.703515  0.254907  0.113526  0.732380  0.561410  0.677586  0.301295  0.197218  0.390494  0.656568  0.247100  0.700076  0.226731  0.595868  0.895406 0.0  0.263528  0.183589  0.296149  0.706930  0.722842  0.375519  0.523615  0.617281  0.208144  0.191357  0.524490 
50  0.192307  0.339782  0.602900  0.653448  0.580895  0.560421  0.210247  0.195915  0.194462  0.208626  0.096996  0.119907  0.156763  0.165918  0.210086  0.570772  0.628745  0.265376  0.195856  0.183611  0.501807  0.536859  0.372541  0.538472  0.144684  0.143664  0.560825  0.196123  0.691216  0.683512  0.569069  0.179100  0.296356  0.785257  0.517464  0.122418  0.264000  0.495390  0.420394  0.457576  0.153347  0.142774  0.235922  0.491391  0.168498  0.627848  0.142753  0.521466  0.741094  0.263528 0.0  0.195256  0.162230  0.496826  0.541296  0.188859  0.563204  0.495135  0.148143  0.191410  0.291188 
51  0.157773  0.375042  0.825690  0.759655  0.737485  0.642047  0.182638  0.207767  0.214879  0.131623  0.177667  0.217123  0.217090  0.176785  0.285344  0.696782  0.650047  0.402298  0.241422  0.118275  0.605428  0.582891  0.318349  0.653872  0.282309  0.269945  0.710047  0.163332  0.678273  0.729798  0.812055  0.280573  0.329169  0.674939  0.657504  0.224922  0.204256  0.563662  0.416293  0.583958  0.219295  0.146868  0.319804  0.543381  0.168818  0.662383  0.146982  0.560122  0.738454  0.183589  0.195256 0.0  0.265241  0.539564  0.550731  0.310928  0.626822  0.545903  0.216826  0.220683  0.343200 
52  0.253163  0.375118  0.677456  0.666017  0.570231  0.465083  0.255744  0.225059  0.224582  0.317877  0.155717  0.114031  0.184370  0.200757  0.167852  0.655984  0.626543  0.232818  0.241988  0.261546  0.485728  0.554195  0.404658  0.533241  0.136095  0.147527  0.653310  0.251502  0.678121  0.660253  0.666213  0.109200  0.320013  0.833821  0.567902  0.175120  0.367911  0.567650  0.464421  0.508773  0.240799  0.233688  0.207937  0.532241  0.201816  0.596927  0.232257  0.512206  0.714387  0.296149  0.162230  0.265241 0.0  0.393574  0.448719  0.232686  0.557027  0.547909  0.197720  0.196588  0.327655 
53  0.403783  0.283185  0.293524  0.250178  0.262507  0.140256  0.606419  0.390446  0.650897  0.596162  0.456855  0.446330  0.606551  0.572785  0.629305  0.211217  0.237787  0.667786  0.532481  0.571753  0.142252  0.109178  0.264099  0.206701  0.433692  0.398811  0.345255  0.450546  0.236466  0.284443  0.235893  0.535170  0.308119  0.292616  0.169978  0.421899  0.549368  0.115959  0.229929  0.140110  0.456439  0.503156  0.296567  0.116119  0.475539  0.187915  0.537856  0.118297  0.392545  0.706930  0.496826  0.539564  0.393574 0.0  0.122016  0.353121  0.218471  0.105568  0.596662  0.594244  0.304506 
54  0.458929  0.324796  0.300094  0.269652  0.201890  0.112751  0.620721  0.493830  0.758388  0.484278  0.526666  0.592502  0.541090  0.614678  0.596180  0.190438  0.186435  0.632804  0.634502  0.505043  0.107466  0.094078  0.297129  0.159399  0.499869  0.435683  0.244651  0.471466  0.250736  0.255563  0.194605  0.516337  0.336556  0.265523  0.117235  0.443208  0.690866  0.094662  0.205198  0.115461  0.434688  0.576314  0.400094  0.089232  0.378532  0.147060  0.529811  0.103617  0.420113  0.722842  0.541296  0.550731  0.448719  0.122016 0.0  0.378696  0.177233  0.099067  0.693853  0.636249  0.356257 
55  0.197145  0.210905  0.585298  0.548830  0.392321  0.396773  0.299664  0.166207  0.310616  0.274120  0.192276  0.246761  0.279338  0.274417  0.337830  0.529674  0.437327  0.429448  0.314162  0.270375  0.435230  0.393487  0.209531  0.497498  0.170035  0.158550  0.577776  0.175487  0.479768  0.523243  0.489783  0.258662  0.199018  0.589485  0.408560  0.159134  0.365068  0.347988  0.280314  0.413775  0.142327  0.246162  0.165593  0.403575  0.188074  0.453567  0.206046  0.418668  0.544639  0.375519  0.188859  0.310928  0.232686  0.353121  0.378696 0.0  0.380687  0.424884  0.319945  0.299284  0.187327 
56  0.520968  0.287509  0.323487  0.274389  0.225821  0.209954  0.636706  0.453847  0.672960  0.700696  0.536965  0.574962  0.495693  0.611958  0.588888  0.131602  0.162187  0.731604  0.720988  0.504101  0.201689  0.196994  0.331558  0.193425  0.534232  0.483573  0.215981  0.461855  0.234921  0.172106  0.230724  0.674765  0.367407  0.250049  0.161041  0.449989  0.570679  0.191278  0.203254  0.163408  0.389430  0.525717  0.473718  0.198445  0.474402  0.163740  0.477191  0.209496  0.287147  0.523615  0.563204  0.626822  0.557027  0.218471  0.177233  0.380687 0.0  0.201460  0.658060  0.681233  0.346422 
57  0.431581  0.307733  0.285427  0.262615  0.231572  0.111152  0.564171  0.456692  0.666078  0.649052  0.498125  0.570240  0.578715  0.616951  0.585468  0.232147  0.181516  0.612597  0.660449  0.545438  0.118889  0.085524  0.265447  0.168646  0.436016  0.461227  0.275191  0.436268  0.241253  0.221605  0.202487  0.525614  0.288193  0.263519  0.134704  0.416113  0.669374  0.092449  0.252067  0.130168  0.450764  0.473376  0.379478  0.096608  0.478720  0.185261  0.427650  0.096744  0.420131  0.617281  0.495135  0.545903  0.547909  0.105568  0.099067  0.424884  0.201460 0.0  0.562828  0.580516  0.279826 
58  0.260669  0.438043  0.957988  0.896270  0.811116  0.653185  0.123143  0.257965  0.104706  0.186676  0.201266  0.161662  0.100940  0.131151  0.122346  0.577267  0.658927  0.225730  0.103281  0.234487  0.768812  0.565336  0.439916  0.615743  0.256264  0.239146  0.802623  0.273578  0.737215  0.764101  0.687091  0.185203  0.419516  0.685480  0.674258  0.221868  0.208128  0.623449  0.567107  0.662918  0.283074  0.172269  0.290782  0.712542  0.247106  0.624906  0.220624  0.713259  0.888140  0.208144  0.148143  0.216826  0.197720  0.596662  0.693853  0.319945  0.658060  0.562828 0.0  0.087918  0.367137 
59  0.208150  0.461028  0.790913  0.773411  0.690752  0.631123  0.123386  0.310725  0.103101  0.199960  0.210324  0.150218  0.099761  0.132562  0.129006  0.571140  0.567820  0.234471  0.106646  0.216290  0.616083  0.616598  0.393377  0.692615  0.218390  0.226221  0.760057  0.241846  0.829012  0.822776  0.747808  0.185532  0.390717  0.813235  0.621995  0.213342  0.197450  0.742573  0.467643  0.592580  0.274477  0.178169  0.261007  0.636587  0.273926  0.604570  0.223182  0.506993  1.000000  0.191357  0.191410  0.220683  0.196588  0.594244  0.636249  0.299284  0.681233  0.580516  0.087918 0.0  0.346698 
60  0.221267  0.097615  0.530411  0.455808  0.390933  0.369795  0.357755  0.215166  0.441072  0.364002  0.263893  0.352594  0.411383  0.406766  0.365048  0.326474  0.392902  0.416013  0.420803  0.283795  0.300161  0.301158  0.117683  0.469673  0.288331  0.236064  0.463103  0.243301  0.452659  0.416458  0.496650  0.340947  0.124035  0.520279  0.361599  0.263961  0.496662  0.306497  0.202938  0.289251  0.195894  0.339736  0.235808  0.339860  0.231512  0.396498  0.267532  0.265761  0.436654  0.524490  0.291188  0.343200  0.327655  0.304506  0.356257  0.187327  0.346422  0.279826  0.367137  0.346698 0.0 
