61
0 0.0  0.188916  0.744172  0.788056  0.507257  0.471369  0.260667  0.122880  0.241905  0.284146  0.178869  0.271462  0.271968  0.171441  0.289575  0.501048  0.490137  0.349074  0.276300  0.080732  0.546677  0.511158  0.309991  0.541030  0.238255  0.178548  0.580789  0.080732  0.768494  0.635223  0.585603  0.305236  0.219216  0.679102  0.504009  0.277468  0.328587  0.527258  0.360019  0.476947  0.150965  0.163060  0.362434  0.457398  0.083450  0.506825  0.145134  0.555134  0.600260  0.322859  0.225297  0.202074  0.277978  0.478493  0.437851  0.101431  0.534139  0.450524  0.320498  0.268641  0.212322 
1  0.188916 0.0  0.432971  0.508111  0.442383  0.307910  0.532568  0.167192  0.388392  0.364185  0.333725  0.316881  0.411881  0.295875  0.522699  0.308158  0.299086  0.530796  0.432863  0.360303  0.309677  0.245741  0.080732  0.445653  0.217125  0.296643  0.504396  0.323002  0.508942  0.390448  0.523599  0.377605  0.080732  0.532556  0.259946  0.375150  0.521124  0.214128  0.167338  0.218678  0.206616  0.236346  0.338438  0.383502  0.138779  0.496123  0.249729  0.321972  0.503310  0.384108  0.409833  0.383200  0.360384  0.323213  0.339504  0.184186  0.393082  0.286186  0.472949  0.460274  0.103389 
2  0.744172  0.432971 0.0  0.136682  0.132169  0.227663  0.928357  0.675821  0.807762  0.876015  0.724905  0.747461  0.853034  0.688754  0.805182  0.271563  0.204012  0.832149  0.891523  0.705790  0.346761  0.114977  0.479121  0.144284  0.553909  0.609377  0.311450  0.505432  0.118386  0.181118  0.218838  0.761010  0.477675  0.276464  0.263431  0.622406  1.000000  0.237325  0.404873  0.353928  0.618431  0.766300  0.554557  0.340798  0.756022  0.194570  0.720468  0.247008  0.263624  0.863779  0.566981  0.861800  0.656673  0.376252  0.326067  0.545605  0.399463  0.263915  0.880846  0.763655  0.490629 
3  0.788056  0.508111  0.136682 0.0  0.176521  0.080732  0.852162  0.563276  0.846011  0.771830  0.731674  0.774251  0.731773  0.782484  0.805838  0.195425  0.303039  0.778959  0.824224  0.665428  0.251748  0.301728  0.472672  0.115110  0.670344  0.654253  0.257830  0.682885  0.147618  0.175672  0.096718  0.732529  0.553926  0.095194  0.256954  0.631814  0.895440  0.266197  0.373073  0.430536  0.622129  0.688493  0.617299  0.270945  0.681840  0.187098  0.673663  0.214505  0.356833  0.824017  0.761696  0.766473  0.695055  0.284142  0.210700  0.584866  0.250494  0.315297  0.783063  0.816594  0.483696 
4  0.507257  0.442383  0.132169  0.176521 0.0  0.239155  0.813937  0.598634  0.794421  0.798265  0.572654  0.692148  0.777473  0.685197  0.741670  0.160927  0.114187  0.777159  0.806611  0.719288  0.145403  0.242413  0.367316  0.124567  0.575170  0.624021  0.107989  0.695642  0.119850  0.214225  0.118168  0.782138  0.417174  0.128595  0.175158  0.666255  0.840237  0.305480  0.371229  0.231245  0.513175  0.704584  0.537788  0.136881  0.616149  0.118169  0.638697  0.201324  0.331656  0.887534  0.689775  0.733426  0.528600  0.193467  0.210841  0.451954  0.226407  0.198317  0.814648  0.738309  0.558866 
5  0.471369  0.307910  0.227663  0.080732  0.239155 0.0  0.623639  0.477859  0.668357  0.678605  0.404342  0.547356  0.613281  0.710897  0.692247  0.262975  0.251199  0.654320  0.761728  0.582829  0.115262  0.196598  0.333646  0.080732  0.554121  0.461621  0.338143  0.496691  0.252587  0.293171  0.080732  0.596791  0.264673  0.263061  0.080732  0.498483  0.640376  0.191510  0.263577  0.081136  0.562554  0.655098  0.390079  0.124524  0.556538  0.123207  0.389222  0.080732  0.304256  0.629259  0.611253  0.521984  0.502097  0.196955  0.139853  0.487036  0.140210  0.080732  0.623176  0.683710  0.442786 
6  0.260667  0.532568  0.928357  0.852162  0.813937  0.623639 0.0  0.323772  0.184412  0.242553  0.106304  0.205667  0.133876  0.140869  0.172810  0.658789  0.805395  0.257701  0.159223  0.082697  0.698230  0.600431  0.460577  0.724618  0.253765  0.262703  0.814072  0.287305  0.823601  0.693765  0.728637  0.215955  0.398890  0.871760  0.661152  0.321148  0.167575  0.637126  0.475352  0.640956  0.360220  0.088454  0.325992  0.671980  0.256580  0.730350  0.226821  0.703783  0.918014  0.080732  0.177952  0.285442  0.338270  0.538557  0.665054  0.319355  0.672018  0.590243  0.155548  0.153917  0.330539 
7  0.122880  0.167192  0.675821  0.563276  0.598634  0.477859  0.323772 0.0  0.317725  0.271859  0.243205  0.322338  0.329758  0.312743  0.236908  0.572714  0.479792  0.343119  0.336901  0.170887  0.506347  0.353653  0.317685  0.503460  0.200564  0.156035  0.580426  0.080732  0.542894  0.543747  0.589759  0.354574  0.247542  0.688910  0.477130  0.169848  0.430797  0.456850  0.259897  0.450858  0.164678  0.208655  0.294190  0.500520  0.143271  0.438628  0.086997  0.487845  0.773933  0.361456  0.253609  0.092101  0.276573  0.478209  0.464084  0.185573  0.427937  0.454397  0.237793  0.287485  0.171409 
8  0.241905  0.388392  0.807762  0.846011  0.794421  0.668357  0.184412  0.317725 0.0  0.235886  0.428486  0.099504  0.080732  0.080732  0.113761  0.639910  0.703051  0.080732  0.187846  0.224174  0.645639  0.615588  0.384140  0.733983  0.363565  0.190146  0.797018  0.348354  0.799584  0.819809  0.663794  0.198010  0.476894  0.795363  0.694245  0.173758  0.213680  0.604181  0.567891  0.562100  0.299137  0.237795  0.366888  0.642129  0.292939  0.777827  0.346221  0.587068  0.813092  0.111166  0.148262  0.321078  0.275053  0.616846  0.598053  0.339225  0.727141  0.650008  0.134272  0.144511  0.372778 
9  0.284146  0.364185  0.876015  0.771830  0.798265  0.678605  0.242553  0.271859  0.235886 0.0  0.219263  0.224122  0.194111  0.161584  0.321825  0.582146  0.678558  0.329727  0.259567  0.228262  0.679850  0.668370  0.353466  0.699486  0.243529  0.301474  0.752787  0.131217  0.749899  0.809507  0.677462  0.387032  0.392071  0.823234  0.638231  0.222405  0.191992  0.673770  0.402795  0.630741  0.182322  0.081850  0.256278  0.581970  0.080732  0.619031  0.121152  0.618684  0.763713  0.111846  0.230739  0.080732  0.414563  0.574385  0.585596  0.351153  0.738952  0.608911  0.257840  0.176109  0.484779 
10  0.178869  0.333725  0.724905  0.731674  0.572654  0.404342  0.106304  0.243205  0.428486  0.219263 0.0  0.254456  0.170926  0.206849  0.148800  0.695020  0.572423  0.262674  0.258393  0.192289  0.504126  0.472773  0.281600  0.638634  0.141620  0.252298  0.612855  0.167279  0.657216  0.561796  0.591124  0.196699  0.327018  0.713818  0.483677  0.179681  0.264125  0.504010  0.367045  0.494436  0.080732  0.133059  0.214911  0.464722  0.181855  0.535548  0.080732  0.526587  0.740112  0.295682  0.080732  0.261680  0.113205  0.509344  0.432993  0.085984  0.446111  0.573904  0.135951  0.123276  0.316985 
11  0.271462  0.316881  0.747461  0.774251  0.692148  0.547356  0.205667  0.322338  0.099504  0.224122  0.254456 0.0  0.138625  0.144971  0.150268  0.683409  0.578408  0.257603  0.205021  0.160116  0.468126  0.513530  0.327683  0.597361  0.142568  0.247313  0.717659  0.237396  0.695629  0.698197  0.734594  0.080732  0.281868  0.664208  0.527741  0.121252  0.330571  0.483494  0.479403  0.563179  0.191414  0.202597  0.272296  0.560826  0.266574  0.601000  0.231584  0.502072  0.843642  0.171675  0.122179  0.195481  0.136191  0.471288  0.598021  0.150403  0.530039  0.493240  0.136939  0.222182  0.345236 
12  0.271968  0.411881  0.853034  0.731773  0.777473  0.613281  0.133876  0.329758  0.080732  0.194111  0.170926  0.138625 0.0  0.155219  0.122561  0.752161  0.653647  0.238691  0.080732  0.195965  0.613808  0.665553  0.491253  0.691582  0.244008  0.262337  0.680398  0.241539  0.748619  0.690112  0.630738  0.160489  0.360574  0.706097  0.584718  0.171507  0.199772  0.625923  0.530429  0.626272  0.281522  0.159308  0.268394  0.503130  0.184021  0.660682  0.161073  0.605838  0.802657  0.184309  0.149028  0.248382  0.253289  0.554713  0.631622  0.329228  0.583790  0.497559  0.080732  0.080732  0.407336 
13  0.171441  0.295875  0.688754  0.782484  0.685197  0.710897  0.140869  0.312743  0.080732  0.161584  0.206849  0.144971  0.155219 0.0  0.164548  0.704053  0.739671  0.301473  0.177182  0.136819  0.633260  0.594645  0.425478  0.724505  0.241110  0.313807  0.829354  0.253633  0.705714  0.764225  0.598253  0.093068  0.356860  0.828253  0.680643  0.369406  0.146933  0.445877  0.509736  0.583913  0.272179  0.149216  0.189024  0.661368  0.267882  0.745530  0.208701  0.637536  0.810390  0.175975  0.153900  0.249810  0.183711  0.535662  0.593772  0.317319  0.553490  0.581009  0.093247  0.246507  0.452165 
14  0.289575  0.522699  0.805182  0.805838  0.741670  0.692247  0.172810  0.236908  0.113761  0.321825  0.148800  0.150268  0.122561  0.164548 0.0  0.654531  0.703951  0.173517  0.183230  0.205534  0.539215  0.673513  0.381390  0.663825  0.340412  0.211009  0.776754  0.260947  0.810239  0.760593  0.631710  0.102097  0.297876  0.716101  0.757026  0.216498  0.291244  0.564607  0.520582  0.559480  0.239441  0.209824  0.342339  0.531542  0.366214  0.739940  0.268164  0.659647  0.923056  0.311208  0.181275  0.353582  0.353151  0.629980  0.519738  0.190844  0.592452  0.696279  0.213402  0.125630  0.384676 
15  0.501048  0.308158  0.271563  0.195425  0.160927  0.262975  0.658789  0.572714  0.639910  0.582146  0.695020  0.683409  0.752161  0.704053  0.654531 0.0  0.140822  0.641967  0.852556  0.569306  0.157040  0.118727  0.347789  0.247596  0.593848  0.593493  0.228224  0.475524  0.270456  0.080834  0.209975  0.602030  0.431329  0.207254  0.179386  0.534168  0.703736  0.223935  0.231210  0.180809  0.550716  0.633377  0.568001  0.235841  0.626367  0.157525  0.603889  0.224979  0.279586  0.695823  0.655362  0.620121  0.715566  0.147954  0.175784  0.452509  0.128988  0.211594  0.722212  0.674483  0.438289 
16  0.490137  0.299086  0.204012  0.303039  0.114187  0.251199  0.805395  0.479792  0.703051  0.678558  0.572423  0.578408  0.653647  0.739671  0.703951  0.140822 0.0  0.755281  0.817055  0.622783  0.153847  0.136059  0.285898  0.208208  0.500777  0.487705  0.260324  0.680769  0.167510  0.090262  0.080732  0.661178  0.386066  0.199667  0.172131  0.550133  0.742211  0.207760  0.319995  0.207870  0.642880  0.651635  0.577085  0.211972  0.586935  0.101423  0.595143  0.281611  0.210648  0.703026  0.522630  0.624551  0.554478  0.197783  0.197543  0.478630  0.117743  0.314597  0.708034  0.596876  0.461902 
17  0.349074  0.530796  0.832149  0.778959  0.777159  0.654320  0.257701  0.343119  0.080732  0.329727  0.262674  0.257603  0.238691  0.301473  0.173517  0.641967  0.755281 0.0  0.202695  0.426674  0.809479  0.662354  0.497030  0.783859  0.342026  0.332181  0.917501  0.417174  0.738422  0.856873  0.840043  0.134189  0.536091  0.860145  0.687121  0.286675  0.270040  0.622861  0.612917  0.565885  0.384600  0.297803  0.382504  0.607950  0.373775  0.772031  0.376433  0.636832  0.942547  0.447924  0.321492  0.364668  0.323394  0.651997  0.712627  0.367522  0.686438  0.584338  0.169440  0.162253  0.477744 
18  0.276300  0.432863  0.891523  0.824224  0.806611  0.761728  0.159223  0.336901  0.187846  0.259567  0.258393  0.205021  0.080732  0.177182  0.183230  0.852556  0.817055  0.202695 0.0  0.325389  0.552697  0.542178  0.578100  0.724573  0.186098  0.295407  0.700896  0.386723  0.805308  0.796488  0.786368  0.236865  0.406573  0.796111  0.643066  0.221870  0.152199  0.629894  0.556804  0.543914  0.345513  0.240548  0.268049  0.636261  0.217066  0.733430  0.245949  0.653359  0.851791  0.221323  0.215190  0.272012  0.211887  0.700050  0.619278  0.344151  0.695061  0.651368  0.097993  0.166626  0.449802 
19  0.080732  0.360303  0.705790  0.665428  0.719288  0.582829  0.082697  0.170887  0.224174  0.228262  0.192289  0.160116  0.195965  0.136819  0.205534  0.569306  0.622783  0.426674  0.325389 0.0  0.612703  0.628777  0.301711  0.638148  0.182294  0.274073  0.696189  0.093336  0.742744  0.622220  0.659462  0.261080  0.367610  0.701753  0.465862  0.156106  0.278799  0.480980  0.415276  0.557274  0.169549  0.080732  0.287113  0.527864  0.147563  0.684113  0.080732  0.591756  0.790716  0.171526  0.183279  0.114920  0.303553  0.519400  0.587194  0.133694  0.500591  0.533504  0.154978  0.180132  0.265336 
20  0.546677  0.309677  0.346761  0.251748  0.145403  0.115262  0.698230  0.506347  0.645639  0.679850  0.504126  0.468126  0.613808  0.633260  0.539215  0.157040  0.153847  0.809479  0.552697  0.612703 0.0  0.142536  0.387640  0.231820  0.514293  0.465099  0.146606  0.515568  0.183124  0.290041  0.185775  0.621659  0.392033  0.253723  0.080732  0.564621  0.641011  0.107774  0.239811  0.130585  0.488767  0.563737  0.422856  0.106219  0.483480  0.110601  0.487478  0.080732  0.387742  0.631743  0.552979  0.571785  0.570635  0.123251  0.272297  0.412258  0.195295  0.080732  0.694326  0.608894  0.393908 
21  0.511158  0.245741  0.114977  0.301728  0.242413  0.196598  0.600431  0.353653  0.615588  0.668370  0.472773  0.513530  0.665553  0.594645  0.673513  0.118727  0.136059  0.662354  0.542178  0.628777  0.142536 0.0  0.378781  0.136720  0.508200  0.514810  0.172957  0.447953  0.236239  0.160736  0.182769  0.522104  0.288335  0.339752  0.158978  0.389401  0.689279  0.080732  0.251947  0.182367  0.450324  0.509735  0.467841  0.080732  0.472011  0.143318  0.590160  0.206279  0.489319  0.644011  0.490586  0.568885  0.432871  0.092743  0.090432  0.402590  0.130409  0.080732  0.675195  0.546044  0.465516 
22  0.309991  0.080732  0.479121  0.472672  0.367316  0.333646  0.460577  0.317685  0.384140  0.353466  0.281600  0.327683  0.491253  0.425478  0.381390  0.347789  0.285898  0.497030  0.578100  0.301711  0.387640  0.378781 0.0  0.500495  0.325033  0.316110  0.412309  0.217980  0.428111  0.326203  0.512648  0.454857  0.162761  0.486281  0.325967  0.346534  0.529314  0.317250  0.158057  0.344374  0.199779  0.315796  0.355680  0.295694  0.303700  0.369758  0.215889  0.321537  0.555523  0.548680  0.399995  0.322518  0.279197  0.300868  0.293522  0.220390  0.356968  0.318554  0.449323  0.511042  0.080732 
23  0.541030  0.445653  0.144284  0.115110  0.124567  0.080732  0.724618  0.503460  0.733983  0.699486  0.638634  0.597361  0.691582  0.724505  0.663825  0.247596  0.208208  0.783859  0.724573  0.638148  0.231820  0.136720  0.500495 0.0  0.501516  0.577289  0.151670  0.493229  0.080732  0.209257  0.129839  0.648607  0.324319  0.111226  0.081687  0.546102  0.786232  0.197683  0.272896  0.214942  0.617232  0.573217  0.432497  0.191190  0.532139  0.222606  0.642807  0.221391  0.367876  0.743565  0.536079  0.604263  0.526926  0.190516  0.235756  0.473186  0.221285  0.213703  0.658382  0.732952  0.449632 
24  0.238255  0.217125  0.553909  0.670344  0.575170  0.554121  0.253765  0.200564  0.363565  0.243529  0.141620  0.142568  0.244008  0.241110  0.340412  0.593848  0.500777  0.342026  0.186098  0.182294  0.514293  0.508200  0.325033  0.501516 0.0  0.080732  0.698836  0.311698  0.692860  0.563343  0.588768  0.150430  0.230436  0.590795  0.468312  0.099304  0.311148  0.501694  0.400307  0.442340  0.225626  0.251161  0.196742  0.453411  0.249390  0.551654  0.241520  0.549857  0.783135  0.303688  0.301678  0.361257  0.080732  0.478527  0.521596  0.225367  0.538288  0.523280  0.391095  0.201546  0.220723 
25  0.178548  0.296643  0.609377  0.654253  0.624021  0.461621  0.262703  0.156035  0.190146  0.301474  0.252298  0.247313  0.262337  0.313807  0.211009  0.593493  0.487705  0.332181  0.295407  0.274073  0.465099  0.514810  0.316110  0.577289  0.080732 0.0  0.581083  0.208436  0.548996  0.691794  0.624913  0.142823  0.266152  0.720901  0.407726  0.103149  0.388397  0.479374  0.428780  0.432766  0.272716  0.192572  0.291802  0.414445  0.230350  0.536885  0.163731  0.431722  0.655245  0.303779  0.101418  0.338660  0.203994  0.446457  0.464256  0.167784  0.500018  0.496473  0.157022  0.265548  0.271797 
26  0.580789  0.504396  0.311450  0.257830  0.107989  0.338143  0.814072  0.580426  0.797018  0.752787  0.612855  0.717659  0.680398  0.829354  0.776754  0.228224  0.260324  0.917501  0.700896  0.696189  0.146606  0.172957  0.412309  0.151670  0.698836  0.581083 0.0  0.596772  0.122508  0.141703  0.138283  0.630820  0.486351  0.241715  0.225943  0.661357  0.898503  0.278745  0.332969  0.336185  0.613284  0.636342  0.554891  0.171547  0.644004  0.133103  0.686561  0.289220  0.176412  0.874827  0.673166  0.727338  0.597924  0.307273  0.311807  0.469873  0.191599  0.200333  0.892971  0.787991  0.431392 
27  0.080732  0.323002  0.505432  0.682885  0.695642  0.496691  0.287305  0.080732  0.348354  0.131217  0.167279  0.237396  0.241539  0.253633  0.260947  0.475524  0.680769  0.417174  0.386723  0.093336  0.515568  0.447953  0.217980  0.493229  0.311698  0.208436  0.596772 0.0  0.698236  0.561057  0.619555  0.344749  0.287950  0.761447  0.397707  0.188140  0.269247  0.478963  0.409822  0.433157  0.197229  0.194174  0.367843  0.462028  0.107905  0.552429  0.131056  0.375694  0.719848  0.325937  0.236022  0.158671  0.227829  0.403455  0.491994  0.172495  0.417882  0.506800  0.346987  0.344118  0.293690 
28  0.768494  0.508942  0.118386  0.147618  0.119850  0.252587  0.823601  0.542894  0.799584  0.749899  0.657216  0.695629  0.748619  0.705714  0.810239  0.270456  0.167510  0.738422  0.805308  0.742744  0.183124  0.236239  0.428111  0.080732  0.692860  0.548996  0.122508  0.698236 0.0  0.223658  0.171083  0.683824  0.495605  0.080732  0.148749  0.735642  0.953243  0.296558  0.327991  0.310796  0.650288  0.763118  0.643197  0.247980  0.568082  0.080732  0.658592  0.166244  0.221877  0.878167  0.585706  0.761136  0.629677  0.324366  0.212216  0.599194  0.215040  0.327371  0.729796  0.818629  0.521656 
29  0.635223  0.390448  0.181118  0.175672  0.214225  0.293171  0.693765  0.543747  0.819809  0.809507  0.561796  0.698197  0.690112  0.764225  0.760593  0.080834  0.090262  0.856873  0.796488  0.622220  0.290041  0.160736  0.326203  0.209257  0.563343  0.691794  0.141703  0.561057  0.223658 0.0  0.204702  0.668949  0.448545  0.157560  0.285325  0.662470  0.790476  0.346538  0.359549  0.220501  0.660436  0.592873  0.552591  0.230449  0.537608  0.296257  0.656282  0.215660  0.094389  0.720190  0.651089  0.743886  0.687883  0.259176  0.166216  0.514761  0.108480  0.272533  0.652148  0.681309  0.485079 
30  0.585603  0.523599  0.218838  0.096718  0.118168  0.080732  0.728637  0.589759  0.663794  0.677462  0.591124  0.734594  0.630738  0.598253  0.631710  0.209975  0.080732  0.840043  0.786368  0.659462  0.185775  0.182769  0.512648  0.129839  0.588768  0.624913  0.138283  0.619555  0.171083  0.204702 0.0  0.578180  0.399044  0.170500  0.120938  0.635523  0.844288  0.080732  0.393629  0.306445  0.606988  0.742775  0.545345  0.218267  0.559113  0.140024  0.615655  0.242258  0.196217  0.820883  0.716937  0.550807  0.692003  0.312154  0.163595  0.420879  0.314843  0.265644  0.744094  0.689007  0.449606 
31  0.305236  0.377605  0.761010  0.732529  0.782138  0.596791  0.215955  0.354574  0.198010  0.387032  0.196699  0.080732  0.160489  0.093068  0.102097  0.602030  0.661178  0.134189  0.236865  0.261080  0.621659  0.522104  0.454857  0.648607  0.150430  0.142823  0.630820  0.344749  0.683824  0.668949  0.578180 0.0  0.443767  0.749201  0.554817  0.229939  0.477160  0.556060  0.441168  0.586441  0.156988  0.233987  0.242084  0.504079  0.278783  0.599475  0.201165  0.508844  0.824894  0.241239  0.172673  0.336626  0.104400  0.422152  0.550938  0.268483  0.662518  0.576148  0.131747  0.179871  0.537430 
32  0.219216  0.080732  0.477675  0.553926  0.417174  0.264673  0.398890  0.247542  0.476894  0.392071  0.327018  0.281868  0.360574  0.356860  0.297876  0.431329  0.386066  0.536091  0.406573  0.367610  0.392033  0.288335  0.162761  0.324319  0.230436  0.266152  0.486351  0.287950  0.495605  0.448545  0.399044  0.443767 0.0  0.440916  0.356395  0.296217  0.455905  0.243120  0.227717  0.349254  0.233206  0.330184  0.171814  0.375748  0.218513  0.294574  0.272244  0.373910  0.543680  0.462753  0.280190  0.313768  0.288888  0.213014  0.345783  0.174610  0.350737  0.276961  0.449901  0.481468  0.198967 
33  0.679102  0.532556  0.276464  0.095194  0.128595  0.263061  0.871760  0.688910  0.795363  0.823234  0.713818  0.664208  0.706097  0.828253  0.716101  0.207254  0.199667  0.860145  0.796111  0.701753  0.253723  0.339752  0.486281  0.111226  0.590795  0.720901  0.241715  0.761447  0.080732  0.157560  0.170500  0.749201  0.440916 0.0  0.190393  0.717413  0.885523  0.311018  0.343575  0.234592  0.660037  0.743359  0.588885  0.307815  0.695441  0.218973  0.740370  0.231542  0.253027  0.849817  0.687714  0.823999  0.656309  0.295769  0.335649  0.626126  0.218374  0.285147  0.777724  0.698398  0.515430 
34  0.504009  0.259946  0.263431  0.256954  0.175158  0.080732  0.661152  0.477130  0.694245  0.638231  0.483677  0.527741  0.584718  0.680643  0.757026  0.179386  0.172131  0.687121  0.643066  0.465862  0.080732  0.158978  0.325967  0.081687  0.468312  0.407726  0.225943  0.397707  0.148749  0.285325  0.120938  0.554817  0.356395  0.190393 0.0  0.567813  0.688905  0.080732  0.188236  0.151852  0.482235  0.573604  0.397903  0.117133  0.562927  0.097632  0.582422  0.213492  0.305965  0.701496  0.561766  0.731294  0.531631  0.080732  0.123637  0.480696  0.205105  0.080732  0.689944  0.657959  0.285494 
35  0.277468  0.375150  0.622406  0.631814  0.666255  0.498483  0.321148  0.169848  0.173758  0.222405  0.179681  0.121252  0.171507  0.369406  0.216498  0.534168  0.550133  0.286675  0.221870  0.156106  0.564621  0.389401  0.346534  0.546102  0.099304  0.103149  0.661357  0.188140  0.735642  0.662470  0.635523  0.229939  0.296217  0.717413  0.567813 0.0  0.392457  0.524129  0.375963  0.424696  0.128869  0.260968  0.234426  0.555656  0.123128  0.432152  0.080732  0.497439  0.711873  0.309262  0.080732  0.199656  0.195845  0.431990  0.400829  0.209798  0.486904  0.499218  0.251214  0.294447  0.190123 
36  0.328587  0.521124  1.000000  0.895440  0.840237  0.640376  0.167575  0.430797  0.213680  0.191992  0.264125  0.330571  0.199772  0.146933  0.291244  0.703736  0.742211  0.270040  0.152199  0.278799  0.641011  0.689279  0.529314  0.786232  0.311148  0.388397  0.898503  0.269247  0.953243  0.790476  0.844288  0.477160  0.455905  0.885523  0.688905  0.392457 0.0  0.673624  0.667426  0.637507  0.400937  0.214001  0.388058  0.688555  0.252515  0.769302  0.266537  0.615102  0.888200  0.080732  0.258791  0.080732  0.392585  0.697559  0.675409  0.483712  0.713878  0.690494  0.251085  0.154799  0.452036 
37  0.527258  0.214128  0.237325  0.266197  0.305480  0.191510  0.637126  0.456850  0.604181  0.673770  0.504010  0.483494  0.625923  0.445877  0.564607  0.223935  0.207760  0.622861  0.629894  0.480980  0.107774  0.080732  0.317250  0.197683  0.501694  0.479374  0.278745  0.478963  0.296558  0.346538  0.080732  0.556060  0.243120  0.311018  0.080732  0.524129  0.673624 0.0  0.225564  0.081078  0.445660  0.538384  0.276777  0.080732  0.559327  0.181833  0.502859  0.093315  0.362038  0.636841  0.442937  0.496321  0.522516  0.080875  0.086567  0.349499  0.213326  0.080732  0.657399  0.597368  0.360631 
38  0.360019  0.167338  0.404873  0.373073  0.371229  0.263577  0.475352  0.259897  0.567891  0.402795  0.367045  0.479403  0.530429  0.509736  0.520582  0.231210  0.319995  0.612917  0.556804  0.415276  0.239811  0.251947  0.158057  0.272896  0.400307  0.428780  0.332969  0.409822  0.327991  0.359549  0.393629  0.441168  0.227717  0.343575  0.188236  0.375963  0.667426  0.225564 0.0  0.269469  0.282251  0.371533  0.280261  0.311706  0.323604  0.313576  0.401866  0.347977  0.344782  0.452699  0.451753  0.401399  0.537254  0.198138  0.256487  0.278874  0.146729  0.279926  0.582980  0.546036  0.143006 
39  0.476947  0.218678  0.353928  0.430536  0.231245  0.081136  0.640956  0.450858  0.562100  0.630741  0.494436  0.563179  0.626272  0.583913  0.559480  0.180809  0.207870  0.565885  0.543914  0.557274  0.130585  0.182367  0.344374  0.214942  0.442340  0.432766  0.336185  0.433157  0.310796  0.220501  0.306445  0.586441  0.349254  0.234592  0.151852  0.424696  0.637507  0.081078  0.269469 0.0  0.448202  0.569431  0.356834  0.121243  0.482178  0.192178  0.403563  0.080732  0.355240  0.726178  0.460251  0.528536  0.594193  0.089652  0.132796  0.414568  0.242201  0.185005  0.574809  0.578488  0.226134 
40  0.150965  0.206616  0.618431  0.622129  0.513175  0.562554  0.360220  0.164678  0.299137  0.182322  0.080732  0.191414  0.281522  0.272179  0.239441  0.550716  0.642880  0.384600  0.345513  0.169549  0.488767  0.450324  0.199779  0.617232  0.225626  0.272716  0.613284  0.197229  0.650288  0.660436  0.606988  0.156988  0.233206  0.660037  0.482235  0.128869  0.400937  0.445660  0.282251  0.448202 0.0  0.280355  0.184256  0.390684  0.210083  0.534793  0.217973  0.486743  0.564566  0.331024  0.187808  0.319008  0.163498  0.269474  0.473285  0.150168  0.460713  0.434166  0.325459  0.218140  0.168792 
41  0.163060  0.236346  0.766300  0.688493  0.704584  0.655098  0.088454  0.208655  0.237795  0.081850  0.133059  0.202597  0.159308  0.149216  0.209824  0.633377  0.651635  0.297803  0.240548  0.080732  0.563737  0.509735  0.315796  0.573217  0.251161  0.192572  0.636342  0.194174  0.763118  0.592873  0.742775  0.233987  0.330184  0.743359  0.573604  0.260968  0.214001  0.538384  0.371533  0.569431  0.280355 0.0  0.335301  0.366426  0.108967  0.558495  0.080732  0.515110  0.755703  0.215681  0.138349  0.132694  0.210065  0.573321  0.523765  0.238879  0.536243  0.617987  0.221143  0.144230  0.447270 
42  0.362434  0.338438  0.554557  0.617299  0.537788  0.390079  0.325992  0.294190  0.366888  0.256278  0.214911  0.272296  0.268394  0.189024  0.342339  0.568001  0.577085  0.382504  0.268049  0.287113  0.422856  0.467841  0.355680  0.432497  0.196742  0.291802  0.554891  0.367843  0.643197  0.552591  0.545345  0.242084  0.171814  0.588885  0.397903  0.234426  0.388058  0.276777  0.280261  0.356834  0.184256  0.335301 0.0  0.332926  0.261410  0.524465  0.255506  0.417250  0.744063  0.319380  0.155895  0.422327  0.271945  0.379932  0.403352  0.258158  0.482211  0.245987  0.314835  0.394339  0.234460 
43  0.457398  0.383502  0.340798  0.270945  0.136881  0.124524  0.671980  0.500520  0.642129  0.581970  0.464722  0.560826  0.503130  0.661368  0.531542  0.235841  0.211972  0.607950  0.636261  0.527864  0.106219  0.080732  0.295694  0.191190  0.453411  0.414445  0.171547  0.462028  0.247980  0.230449  0.218267  0.504079  0.375748  0.307815  0.117133  0.555656  0.688555  0.080732  0.311706  0.121243  0.390684  0.366426  0.332926 0.0  0.503368  0.217518  0.498684  0.080732  0.361355  0.720526  0.634354  0.504727  0.531108  0.156502  0.121621  0.325090  0.313810  0.080732  0.722305  0.644567  0.346861 
44  0.083450  0.138779  0.756022  0.681840  0.616149  0.556538  0.256580  0.143271  0.292939  0.080732  0.181855  0.266574  0.184021  0.267882  0.366214  0.626367  0.586935  0.373775  0.217066  0.147563  0.483480  0.472011  0.303700  0.532139  0.249390  0.230350  0.644004  0.107905  0.568082  0.537608  0.559113  0.278783  0.218513  0.695441  0.562927  0.123128  0.252515  0.559327  0.323604  0.482178  0.210083  0.108967  0.261410  0.503368 0.0  0.554593  0.131854  0.437861  0.786008  0.241246  0.223381  0.116288  0.177924  0.508389  0.447355  0.301570  0.501765  0.451460  0.173644  0.179714  0.188056 
45  0.506825  0.496123  0.194570  0.187098  0.118169  0.123207  0.730350  0.438628  0.777827  0.619031  0.535548  0.601000  0.660682  0.745530  0.739940  0.157525  0.101423  0.772031  0.733430  0.684113  0.110601  0.143318  0.369758  0.222606  0.551654  0.536885  0.133103  0.552429  0.080732  0.296257  0.140024  0.599475  0.294574  0.218973  0.097632  0.432152  0.769302  0.181833  0.313576  0.192178  0.534793  0.558495  0.524465  0.217518  0.554593 0.0  0.606462  0.216003  0.336378  0.751090  0.571806  0.695871  0.506031  0.244312  0.174533  0.464809  0.201904  0.141568  0.623777  0.787364  0.475812 
46  0.145134  0.249729  0.720468  0.673663  0.638697  0.389222  0.226821  0.086997  0.346221  0.121152  0.080732  0.231584  0.161073  0.208701  0.268164  0.603889  0.595143  0.376433  0.245949  0.080732  0.487478  0.590160  0.215889  0.642807  0.241520  0.163731  0.686561  0.131056  0.658592  0.656282  0.615655  0.201165  0.272244  0.740370  0.582422  0.080732  0.266537  0.502859  0.401866  0.403563  0.217973  0.080732  0.255506  0.498684  0.131854  0.606462 0.0  0.525413  0.822150  0.175513  0.103927  0.132012  0.263999  0.524262  0.513977  0.257891  0.526462  0.500494  0.165977  0.189108  0.266036 
47  0.555134  0.321972  0.247008  0.214505  0.201324  0.080732  0.703783  0.487845  0.587068  0.618684  0.526587  0.502072  0.605838  0.637536  0.659647  0.224979  0.281611  0.636832  0.653359  0.591756  0.080732  0.206279  0.321537  0.221391  0.549857  0.431722  0.289220  0.375694  0.166244  0.215660  0.242258  0.508844  0.373910  0.231542  0.213492  0.497439  0.615102  0.093315  0.347977  0.080732  0.486743  0.515110  0.417250  0.080732  0.437861  0.216003  0.525413 0.0  0.450648  0.722228  0.537668  0.653478  0.497498  0.147524  0.080882  0.430278  0.316934  0.080732  0.649996  0.586606  0.248630 
48  0.600260  0.503310  0.263624  0.356833  0.331656  0.304256  0.918014  0.773933  0.813092  0.763713  0.740112  0.843642  0.802657  0.810390  0.923056  0.279586  0.210648  0.942547  0.851791  0.790716  0.387742  0.489319  0.555523  0.367876  0.783135  0.655245  0.176412  0.719848  0.221877  0.094389  0.196217  0.824894  0.543680  0.253027  0.305965  0.711873  0.888200  0.362038  0.344782  0.355240  0.564566  0.755703  0.744063  0.361355  0.786008  0.336378  0.822150  0.450648 0.0  0.870652  0.755488  0.874677  0.887139  0.454421  0.318641  0.565878  0.350376  0.346013  0.923892  0.896000  0.556850 
49  0.322859  0.384108  0.863779  0.824017  0.887534  0.629259  0.080732  0.361456  0.111166  0.111846  0.295682  0.171675  0.184309  0.175975  0.311208  0.695823  0.703026  0.447924  0.221323  0.171526  0.631743  0.644011  0.548680  0.743565  0.303688  0.303779  0.874827  0.325937  0.878167  0.720190  0.820883  0.241239  0.462753  0.849817  0.701496  0.309262  0.080732  0.636841  0.452699  0.726178  0.331024  0.215681  0.319380  0.720526  0.241246  0.751090  0.175513  0.722228  0.870652 0.0  0.196530  0.128689  0.237756  0.595785  0.541203  0.380995  0.774928  0.582397  0.125115  0.187029  0.369467 
50  0.225297  0.409833  0.566981  0.761696  0.689775  0.611253  0.177952  0.253609  0.148262  0.230739  0.080732  0.122179  0.149028  0.153900  0.181275  0.655362  0.522630  0.321492  0.215190  0.183279  0.552979  0.490586  0.399995  0.536079  0.301678  0.101418  0.673166  0.236022  0.585706  0.651089  0.716937  0.172673  0.280190  0.687714  0.561766  0.080732  0.258791  0.442937  0.451753  0.460251  0.187808  0.138349  0.155895  0.634354  0.223381  0.571806  0.103927  0.537668  0.755488  0.196530 0.0  0.209367  0.116034  0.443623  0.564469  0.233547  0.535614  0.608495  0.224048  0.277578  0.304490 
51  0.202074  0.383200  0.861800  0.766473  0.733426  0.521984  0.285442  0.092101  0.321078  0.080732  0.261680  0.195481  0.248382  0.249810  0.353582  0.620121  0.624551  0.364668  0.272012  0.114920  0.571785  0.568885  0.322518  0.604263  0.361257  0.338660  0.727338  0.158671  0.761136  0.743886  0.550807  0.336626  0.313768  0.823999  0.731294  0.199656  0.080732  0.496321  0.401399  0.528536  0.319008  0.132694  0.422327  0.504727  0.116288  0.695871  0.132012  0.653478  0.874677  0.128689  0.209367 0.0  0.309344  0.604380  0.557417  0.285299  0.575028  0.573201  0.359710  0.209522  0.378441 
52  0.277978  0.360384  0.656673  0.695055  0.528600  0.502097  0.338270  0.276573  0.275053  0.414563  0.113205  0.136191  0.253289  0.183711  0.353151  0.715566  0.554478  0.323394  0.211887  0.303553  0.570635  0.432871  0.279197  0.526926  0.080732  0.203994  0.597924  0.227829  0.629677  0.687883  0.692003  0.104400  0.288888  0.656309  0.531631  0.195845  0.392585  0.522516  0.537254  0.594193  0.163498  0.210065  0.271945  0.531108  0.177924  0.506031  0.263999  0.497498  0.887139  0.237756  0.116034  0.309344 0.0  0.467878  0.531773  0.173009  0.516549  0.504378  0.210254  0.083566  0.394850 
53  0.478493  0.323213  0.376252  0.284142  0.193467  0.196955  0.538557  0.478209  0.616846  0.574385  0.509344  0.471288  0.554713  0.535662  0.629980  0.147954  0.197783  0.651997  0.700050  0.519400  0.123251  0.092743  0.300868  0.190516  0.478527  0.446457  0.307273  0.403455  0.324366  0.259176  0.312154  0.422152  0.213014  0.295769  0.080732  0.431990  0.697559  0.080875  0.198138  0.089652  0.269474  0.573321  0.379932  0.156502  0.508389  0.244312  0.524262  0.147524  0.454421  0.595785  0.443623  0.604380  0.467878 0.0  0.110043  0.401975  0.094307  0.080732  0.692874  0.588700  0.241179 
54  0.437851  0.339504  0.326067  0.210700  0.210841  0.139853  0.665054  0.464084  0.598053  0.585596  0.432993  0.598021  0.631622  0.593772  0.519738  0.175784  0.197543  0.712627  0.619278  0.587194  0.272297  0.090432  0.293522  0.235756  0.521596  0.464256  0.311807  0.491994  0.212216  0.166216  0.163595  0.550938  0.345783  0.335649  0.123637  0.400829  0.675409  0.086567  0.256487  0.132796  0.473285  0.523765  0.403352  0.121621  0.447355  0.174533  0.513977  0.080882  0.318641  0.541203  0.564469  0.557417  0.531773  0.110043 0.0  0.411902  0.195877  0.080732  0.591516  0.604947  0.360615 
55  0.101431  0.184186  0.545605  0.584866  0.451954  0.487036  0.319355  0.185573  0.339225  0.351153  0.085984  0.150403  0.329228  0.317319  0.190844  0.452509  0.478630  0.367522  0.344151  0.133694  0.412258  0.402590  0.220390  0.473186  0.225367  0.167784  0.469873  0.172495  0.599194  0.514761  0.420879  0.268483  0.174610  0.626126  0.480696  0.209798  0.483712  0.349499  0.278874  0.414568  0.150168  0.238879  0.258158  0.325090  0.301570  0.464809  0.257891  0.430278  0.565878  0.380995  0.233547  0.285299  0.173009  0.401975  0.411902 0.0  0.452136  0.458659  0.249072  0.335681  0.216622 
56  0.534139  0.393082  0.399463  0.250494  0.226407  0.140210  0.672018  0.427937  0.727141  0.738952  0.446111  0.530039  0.583790  0.553490  0.592452  0.128988  0.117743  0.686438  0.695061  0.500591  0.195295  0.130409  0.356968  0.221285  0.538288  0.500018  0.191599  0.417882  0.215040  0.108480  0.314843  0.662518  0.350737  0.218374  0.205105  0.486904  0.713878  0.213326  0.146729  0.242201  0.460713  0.536243  0.482211  0.313810  0.501765  0.201904  0.526462  0.316934  0.350376  0.774928  0.535614  0.575028  0.516549  0.094307  0.195877  0.452136 0.0  0.200058  0.733657  0.585831  0.329800 
57  0.450524  0.286186  0.263915  0.315297  0.198317  0.080732  0.590243  0.454397  0.650008  0.608911  0.573904  0.493240  0.497559  0.581009  0.696279  0.211594  0.314597  0.584338  0.651368  0.533504  0.080732  0.080732  0.318554  0.213703  0.523280  0.496473  0.200333  0.506800  0.327371  0.272533  0.265644  0.576148  0.276961  0.285147  0.080732  0.499218  0.690494  0.080732  0.279926  0.185005  0.434166  0.617987  0.245987  0.080732  0.451460  0.141568  0.500494  0.080732  0.346013  0.582397  0.608495  0.573201  0.504378  0.080732  0.080732  0.458659  0.200058 0.0  0.623612  0.746925  0.326319 
58  0.320498  0.472949  0.880846  0.783063  0.814648  0.623176  0.155548  0.237793  0.134272  0.257840  0.135951  0.136939  0.080732  0.093247  0.213402  0.722212  0.708034  0.169440  0.097993  0.154978  0.694326  0.675195  0.449323  0.658382  0.391095  0.157022  0.892971  0.346987  0.729796  0.652148  0.744094  0.131747  0.449901  0.777724  0.689944  0.251214  0.251085  0.657399  0.582980  0.574809  0.325459  0.221143  0.314835  0.722305  0.173644  0.623777  0.165977  0.649996  0.923892  0.125115  0.224048  0.359710  0.210254  0.692874  0.591516  0.249072  0.733657  0.623612 0.0  0.081979  0.408070 
59  0.268641  0.460274  0.763655  0.816594  0.738309  0.683710  0.153917  0.287485  0.144511  0.176109  0.123276  0.222182  0.080732  0.246507  0.125630  0.674483  0.596876  0.162253  0.166626  0.180132  0.608894  0.546044  0.511042  0.732952  0.201546  0.265548  0.787991  0.344118  0.818629  0.681309  0.689007  0.179871  0.481468  0.698398  0.657959  0.294447  0.154799  0.597368  0.546036  0.578488  0.218140  0.144230  0.394339  0.644567  0.179714  0.787364  0.189108  0.586606  0.896000  0.187029  0.277578  0.209522  0.083566  0.588700  0.604947  0.335681  0.585831  0.746925  0.081979 0.0  0.433909 
60  0.212322  0.103389  0.490629  0.483696  0.558866  0.442786  0.330539  0.171409  0.372778  0.484779  0.316985  0.345236  0.407336  0.452165  0.384676  0.438289  0.461902  0.477744  0.449802  0.265336  0.393908  0.465516  0.080732  0.449632  0.220723  0.271797  0.431392  0.293690  0.521656  0.485079  0.449606  0.537430  0.198967  0.515430  0.285494  0.190123  0.452036  0.360631  0.143006  0.226134  0.168792  0.447270  0.234460  0.346861  0.188056  0.475812  0.266036  0.248630  0.556850  0.369467  0.304490  0.378441  0.394850  0.241179  0.360615  0.216622  0.329800  0.326319  0.408070  0.433909 0.0 
