61
0 0.0  0.318830  0.666110  0.682671  0.565818  0.493398  0.169488  0.145476  0.271944  0.110740  0.148892  0.283591  0.265956  0.202639  0.351434  0.584459  0.555015  0.358081  0.277544  0.169840  0.479985  0.574217  0.236947  0.619472  0.274896  0.242745  0.753252  0.085205  0.658503  0.572657  0.632242  0.293699  0.307451  0.716046  0.554939  0.158770  0.261177  0.562504  0.362212  0.371001  0.117167  0.216285  0.364182  0.412939  0.085205  0.500125  0.094018  0.457844  0.646632  0.334445  0.134841  0.156249  0.318937  0.431758  0.482638  0.183815  0.476891  0.496722  0.284617  0.203626  0.187537 
1  0.318830 0.0  0.534157  0.500091  0.397219  0.283546  0.427968  0.219529  0.408525  0.378979  0.248430  0.380577  0.342531  0.477120  0.454108  0.352742  0.416045  0.608691  0.452878  0.263999  0.279726  0.271289  0.199400  0.362073  0.247026  0.232375  0.471927  0.293304  0.377796  0.289630  0.373054  0.419191  0.085205  0.400964  0.381160  0.264250  0.492797  0.328113  0.125695  0.290457  0.321938  0.197137  0.180078  0.420174  0.325729  0.325846  0.326660  0.254187  0.545519  0.477511  0.329613  0.356290  0.368789  0.356365  0.296952  0.267441  0.291083  0.382293  0.355215  0.352546  0.186214 
2  0.666110  0.534157 0.0  0.143637  0.200051  0.250003  0.783679  0.697701  0.834257  0.736008  0.826839  0.734661  0.801357  0.778346  0.655444  0.375586  0.186590  0.817385  0.773181  0.724275  0.204716  0.341752  0.544741  0.299203  0.658510  0.506802  0.254958  0.669457  0.110242  0.256730  0.202888  0.720215  0.460802  0.155907  0.240789  0.667417  0.871734  0.251981  0.456727  0.249958  0.637923  0.795843  0.478712  0.318430  0.751636  0.207463  0.719728  0.318269  0.405401  0.943659  0.708326  0.687670  0.728233  0.262705  0.309304  0.709385  0.339511  0.383163  0.824845  0.830704  0.507717 
3  0.682671  0.500091  0.143637 0.0  0.188090  0.182465  0.784897  0.609075  0.768885  0.764045  0.588087  0.741352  0.767891  0.792103  0.678102  0.337911  0.139761  0.815653  0.891501  0.767563  0.268355  0.319477  0.470672  0.213285  0.726645  0.674164  0.281918  0.771504  0.114144  0.162391  0.127624  0.725165  0.483564  0.088205  0.160351  0.690006  0.848190  0.339194  0.412287  0.405478  0.615348  0.810477  0.526529  0.261322  0.641479  0.187618  0.734275  0.331850  0.267794  0.866099  0.646227  0.730397  0.712637  0.369123  0.304233  0.638849  0.229313  0.356325  0.822684  0.798680  0.474654 
4  0.565818  0.397219  0.200051  0.188090 0.0  0.301657  0.812614  0.579886  0.733355  0.670184  0.644847  0.738697  0.765899  0.745994  0.813736  0.237075  0.180084  0.801910  0.752381  0.680350  0.193054  0.230539  0.423734  0.197343  0.697246  0.596253  0.234842  0.590181  0.177967  0.124976  0.085205  0.704599  0.453358  0.126859  0.157813  0.581580  0.833093  0.323040  0.528687  0.197618  0.557203  0.787083  0.591647  0.160923  0.551362  0.248685  0.663567  0.196606  0.301039  0.756532  0.691211  0.724379  0.647201  0.219738  0.237555  0.507390  0.192797  0.218160  0.850326  0.783496  0.452231 
5  0.493398  0.283546  0.250003  0.182465  0.301657 0.0  0.751829  0.519654  0.672696  0.673601  0.499661  0.565555  0.649759  0.596734  0.685656  0.237201  0.255778  0.721336  0.759388  0.620040  0.085205  0.085205  0.428904  0.123897  0.553925  0.502423  0.229655  0.502400  0.274780  0.240302  0.288379  0.674870  0.352033  0.325789  0.114934  0.505331  0.723515  0.155721  0.322519  0.142830  0.396740  0.544277  0.443931  0.120377  0.598254  0.205081  0.639785  0.085205  0.463917  0.685125  0.602748  0.591243  0.528670  0.125456  0.085205  0.461836  0.279107  0.144102  0.661642  0.701686  0.408521 
6  0.169488  0.427968  0.783679  0.784897  0.812614  0.751829 0.0  0.372842  0.113233  0.172002  0.100751  0.253251  0.201457  0.085205  0.119570  0.738037  0.680639  0.272042  0.085205  0.135441  0.754646  0.614337  0.417747  0.788942  0.295717  0.229051  0.877203  0.380250  0.762565  0.651929  0.744134  0.187430  0.402019  0.738381  0.664262  0.214683  0.191422  0.600403  0.573790  0.532907  0.287872  0.104034  0.373631  0.653492  0.371807  0.828978  0.316950  0.642571  0.842766  0.085205  0.194447  0.198347  0.163810  0.655203  0.565228  0.256606  0.734883  0.657913  0.202232  0.133303  0.468026 
7  0.145476  0.219529  0.697701  0.609075  0.579886  0.519654  0.372842 0.0  0.213873  0.200399  0.157602  0.247112  0.300290  0.285231  0.342483  0.535896  0.557170  0.470140  0.206102  0.323970  0.482761  0.402758  0.249774  0.482433  0.243429  0.233356  0.542149  0.085205  0.555602  0.720409  0.589486  0.276056  0.217882  0.525227  0.498822  0.170433  0.316934  0.475034  0.330742  0.346258  0.188183  0.231620  0.246510  0.507093  0.085205  0.518916  0.123099  0.426743  0.720040  0.265277  0.179753  0.308794  0.251512  0.448294  0.402445  0.139118  0.397286  0.359826  0.338364  0.258989  0.134333 
8  0.271944  0.408525  0.834257  0.768885  0.733355  0.672696  0.113233  0.213873 0.0  0.085205  0.164436  0.118154  0.141718  0.127083  0.101606  0.703074  0.750575  0.225641  0.085205  0.285042  0.667988  0.624142  0.432539  0.675913  0.291828  0.232497  0.882444  0.185780  0.874354  0.745982  0.799407  0.330763  0.449165  0.762191  0.712888  0.292353  0.263003  0.595428  0.485828  0.657671  0.283146  0.184249  0.337444  0.640064  0.308762  0.550003  0.256834  0.542073  0.850428  0.132154  0.142067  0.270546  0.255016  0.566100  0.632166  0.320521  0.747079  0.633742  0.085205  0.085205  0.386112 
9  0.110740  0.378979  0.736008  0.764045  0.670184  0.673601  0.172002  0.200399  0.085205 0.0  0.290885  0.206031  0.206351  0.103222  0.339249  0.644870  0.730066  0.360717  0.217390  0.104887  0.598192  0.567711  0.364785  0.735513  0.192054  0.259850  0.817765  0.265712  0.769039  0.882254  0.719894  0.234211  0.302466  0.812176  0.700815  0.326506  0.178364  0.628691  0.478363  0.609520  0.164586  0.205833  0.362641  0.639775  0.303791  0.545219  0.147867  0.605061  0.900704  0.212133  0.186137  0.135006  0.330051  0.594976  0.671297  0.322235  0.657607  0.541395  0.157467  0.262768  0.448418 
10  0.148892  0.248430  0.826839  0.588087  0.644847  0.499661  0.100751  0.157602  0.164436  0.290885 0.0  0.137850  0.185508  0.162481  0.159186  0.603389  0.644906  0.313866  0.224285  0.166765  0.596304  0.498620  0.360296  0.617159  0.207472  0.161952  0.658584  0.222599  0.684135  0.730243  0.691383  0.189394  0.253195  0.760558  0.613880  0.101410  0.188889  0.476419  0.401044  0.490615  0.135047  0.152638  0.257609  0.461656  0.197179  0.668748  0.216887  0.578547  0.766350  0.372180  0.085205  0.128222  0.125487  0.487832  0.405144  0.273296  0.590839  0.524672  0.275281  0.310366  0.281523 
11  0.283591  0.380577  0.734661  0.741352  0.738697  0.565555  0.253251  0.247112  0.118154  0.206031  0.137850 0.0  0.133990  0.132155  0.089497  0.675821  0.685326  0.228951  0.280062  0.139119  0.632941  0.469165  0.357414  0.563357  0.184188  0.328049  0.653347  0.310896  0.701206  0.721147  0.716561  0.131044  0.385520  0.707205  0.602832  0.091675  0.215665  0.580958  0.462742  0.577511  0.262690  0.094420  0.289158  0.582998  0.099991  0.690476  0.147992  0.531730  0.782053  0.314617  0.085205  0.167697  0.148714  0.472422  0.572498  0.250193  0.702898  0.541196  0.129019  0.113258  0.356732 
12  0.265956  0.342531  0.801357  0.767891  0.765899  0.649759  0.201457  0.300290  0.141718  0.206351  0.185508  0.133990 0.0  0.170275  0.216042  0.685237  0.762557  0.197714  0.213489  0.167953  0.661856  0.593370  0.477658  0.668399  0.182650  0.232545  0.870262  0.296408  0.802589  0.703945  0.748358  0.106233  0.435700  0.823919  0.682528  0.232851  0.280889  0.546274  0.516757  0.537297  0.253044  0.240003  0.240318  0.605982  0.274520  0.686574  0.182721  0.558368  0.861000  0.181385  0.085205  0.355260  0.241477  0.615702  0.513704  0.224090  0.724047  0.712897  0.085205  0.085205  0.321818 
13  0.202639  0.477120  0.778346  0.792103  0.745994  0.596734  0.085205  0.285231  0.127083  0.103222  0.162481  0.132155  0.170275 0.0  0.120926  0.661944  0.568944  0.341736  0.206646  0.227721  0.685034  0.584330  0.498349  0.644251  0.208848  0.179040  0.714026  0.250697  0.733940  0.664257  0.713643  0.168518  0.300626  0.723793  0.721423  0.203076  0.145514  0.588177  0.474034  0.641550  0.089602  0.085205  0.218352  0.522874  0.085205  0.539526  0.203545  0.630180  0.809060  0.203279  0.214969  0.204992  0.218579  0.485582  0.644302  0.364236  0.621477  0.667906  0.114504  0.196999  0.386630 
14  0.351434  0.454108  0.655444  0.678102  0.813736  0.685656  0.119570  0.342483  0.101606  0.339249  0.159186  0.089497  0.216042  0.120926 0.0  0.763155  0.688770  0.165420  0.145887  0.272644  0.625561  0.650759  0.378847  0.746768  0.230438  0.136832  0.745727  0.298999  0.765263  0.677896  0.774972  0.128357  0.334938  0.747900  0.709756  0.295707  0.320254  0.542227  0.500400  0.636707  0.220427  0.286078  0.304372  0.607506  0.344608  0.632086  0.321332  0.696966  0.786870  0.247199  0.160861  0.262831  0.143815  0.490856  0.624036  0.306566  0.598999  0.713000  0.153780  0.184517  0.422917 
15  0.584459  0.352742  0.375586  0.337911  0.237075  0.237201  0.738037  0.535896  0.703074  0.644870  0.603389  0.675821  0.685237  0.661944  0.763155 0.0  0.085205  0.796684  0.720240  0.622267  0.145575  0.246148  0.324279  0.193391  0.571891  0.587189  0.165224  0.498346  0.321142  0.159726  0.254945  0.609720  0.441915  0.173654  0.240232  0.525869  0.725679  0.272150  0.317506  0.216732  0.457145  0.642912  0.486248  0.250172  0.572291  0.190058  0.518587  0.174310  0.313851  0.676571  0.674617  0.757496  0.572825  0.224736  0.223595  0.395617  0.154255  0.258506  0.674939  0.734892  0.250792 
16  0.555015  0.416045  0.186590  0.139761  0.180084  0.255778  0.680639  0.557170  0.750575  0.730066  0.644906  0.685326  0.762557  0.568944  0.688770  0.085205 0.0  0.736545  0.710349  0.711021  0.135104  0.203176  0.385194  0.248194  0.545667  0.516550  0.206234  0.680599  0.170651  0.103590  0.092216  0.866261  0.440826  0.173729  0.131198  0.668039  0.799855  0.255419  0.335774  0.175509  0.553140  0.699401  0.580367  0.155377  0.518902  0.136648  0.643887  0.133166  0.288761  0.869615  0.674490  0.656415  0.579814  0.144448  0.300022  0.485870  0.214859  0.302051  0.818965  0.778838  0.418347 
17  0.358081  0.608691  0.817385  0.815653  0.801910  0.721336  0.272042  0.470140  0.225641  0.360717  0.313866  0.228951  0.197714  0.341736  0.165420  0.796684  0.736545 0.0  0.219255  0.323740  0.754550  0.761229  0.554369  0.839037  0.449374  0.244169  0.861285  0.440681  0.862377  0.760738  0.800548  0.220073  0.337883  0.884002  0.670232  0.215232  0.419810  0.650170  0.557880  0.636136  0.442968  0.290980  0.481970  0.659179  0.382778  0.782959  0.268965  0.731089  0.942238  0.344735  0.275466  0.393539  0.289355  0.599410  0.726439  0.445456  0.687058  0.615189  0.193538  0.249132  0.469106 
18  0.277544  0.452878  0.773181  0.891501  0.752381  0.759388  0.085205  0.206102  0.085205  0.217390  0.224285  0.280062  0.213489  0.206646  0.145887  0.720240  0.710349  0.219255 0.0  0.416490  0.738348  0.691019  0.411918  0.770334  0.317876  0.193519  0.806979  0.405220  0.849369  0.839374  0.763634  0.132136  0.469390  0.747960  0.706936  0.274668  0.234412  0.730792  0.552081  0.661800  0.404857  0.259003  0.375179  0.614111  0.149755  0.645005  0.250114  0.604196  0.923677  0.214125  0.337411  0.294093  0.239068  0.666262  0.691166  0.377799  0.679629  0.629883  0.167337  0.176680  0.530904 
19  0.169840  0.263999  0.724275  0.767563  0.680350  0.620040  0.135441  0.323970  0.285042  0.104887  0.166765  0.139119  0.167953  0.227721  0.272644  0.622267  0.711021  0.323740  0.416490 0.0  0.573259  0.465298  0.422830  0.634415  0.224223  0.207082  0.766563  0.155086  0.667674  0.564011  0.714773  0.339869  0.186351  0.589368  0.533975  0.241740  0.241244  0.597257  0.451324  0.496451  0.126723  0.122900  0.299684  0.524530  0.136776  0.539231  0.204144  0.548019  0.753126  0.127474  0.171615  0.206060  0.252487  0.421299  0.549919  0.341841  0.599336  0.541977  0.292024  0.275874  0.408066 
20  0.479985  0.279726  0.204716  0.268355  0.193054  0.085205  0.754646  0.482761  0.667988  0.598192  0.596304  0.632941  0.661856  0.685034  0.625561  0.145575  0.135104  0.754550  0.738348  0.573259 0.0  0.227706  0.301659  0.148288  0.535733  0.502994  0.364393  0.548336  0.305566  0.279609  0.121640  0.493071  0.317418  0.269212  0.164378  0.453017  0.752531  0.175741  0.304796  0.157791  0.615345  0.649757  0.353734  0.170907  0.567133  0.108281  0.558255  0.158849  0.273261  0.711918  0.660303  0.597524  0.561647  0.176160  0.133962  0.410216  0.270543  0.119186  0.684255  0.686515  0.332593 
21  0.574217  0.271289  0.341752  0.319477  0.230539  0.085205  0.614337  0.402758  0.624142  0.567711  0.498620  0.469165  0.593370  0.584330  0.650759  0.246148  0.203176  0.761229  0.691019  0.465298  0.227706 0.0  0.370672  0.161623  0.374159  0.478806  0.283063  0.412884  0.253300  0.275779  0.278308  0.524723  0.300299  0.150959  0.180214  0.505852  0.741666  0.085205  0.200790  0.095640  0.437622  0.560570  0.381349  0.085205  0.473435  0.180118  0.558741  0.100263  0.432100  0.644606  0.526424  0.518511  0.561125  0.109879  0.085205  0.351308  0.299628  0.117973  0.731355  0.635245  0.424796 
22  0.236947  0.199400  0.544741  0.470672  0.423734  0.428904  0.417747  0.249774  0.432539  0.364785  0.360296  0.357414  0.477658  0.498349  0.378847  0.324279  0.385194  0.554369  0.411918  0.422830  0.301659  0.370672 0.0  0.348452  0.358083  0.301504  0.531575  0.251429  0.459635  0.457153  0.496563  0.399794  0.173156  0.444836  0.262810  0.311438  0.500221  0.298931  0.231332  0.243703  0.325354  0.322949  0.223656  0.352775  0.268610  0.422470  0.216523  0.223965  0.477066  0.370345  0.300956  0.371770  0.349405  0.323263  0.330717  0.223754  0.334225  0.318864  0.502008  0.433905  0.085205 
23  0.619472  0.362073  0.299203  0.213285  0.197343  0.123897  0.788942  0.482433  0.675913  0.735513  0.617159  0.563357  0.668399  0.644251  0.746768  0.193391  0.248194  0.839037  0.770334  0.634415  0.148288  0.161623  0.348452 0.0  0.589720  0.534696  0.151655  0.658137  0.130610  0.155516  0.130051  0.595524  0.478885  0.193549  0.085205  0.501440  0.752006  0.191181  0.339149  0.085205  0.492204  0.517578  0.490602  0.194892  0.527813  0.220190  0.591715  0.255642  0.295035  0.760238  0.601924  0.701652  0.677608  0.236055  0.207186  0.439738  0.207675  0.180529  0.686772  0.711017  0.408273 
24  0.274896  0.247026  0.658510  0.726645  0.697246  0.553925  0.295717  0.243429  0.291828  0.192054  0.207472  0.184188  0.182650  0.208848  0.230438  0.571891  0.545667  0.449374  0.317876  0.224223  0.535733  0.374159  0.358083  0.589720 0.0  0.175502  0.510508  0.226496  0.647045  0.578315  0.587942  0.107192  0.225797  0.727115  0.471870  0.114786  0.375942  0.324023  0.475392  0.490682  0.205765  0.161025  0.159074  0.530433  0.188337  0.603437  0.175352  0.328384  0.787185  0.364869  0.185681  0.285113  0.085205  0.349439  0.386769  0.085205  0.598759  0.424500  0.180072  0.265941  0.238279 
25  0.242745  0.232375  0.506802  0.674164  0.596253  0.502423  0.229051  0.233356  0.232497  0.259850  0.161952  0.328049  0.232545  0.179040  0.136832  0.587189  0.516550  0.244169  0.193519  0.207082  0.502994  0.478806  0.301504  0.534696  0.175502 0.0  0.635784  0.207201  0.762037  0.665667  0.571268  0.264749  0.326023  0.745766  0.499240  0.139953  0.339715  0.402897  0.407142  0.344201  0.253252  0.238624  0.227470  0.556836  0.085205  0.435064  0.085205  0.474751  0.757910  0.233084  0.155361  0.459527  0.150054  0.369247  0.483707  0.189668  0.538576  0.479251  0.211660  0.189197  0.275871 
26  0.753252  0.471927  0.254958  0.281918  0.234842  0.229655  0.877203  0.542149  0.882444  0.817765  0.658584  0.653347  0.870262  0.714026  0.745727  0.165224  0.206234  0.861285  0.806979  0.766563  0.364393  0.283063  0.531575  0.151655  0.510508  0.635784 0.0  0.678088  0.262409  0.124947  0.235888  0.777612  0.467123  0.235133  0.231808  0.695655  0.851962  0.129642  0.391376  0.276311  0.616659  0.755367  0.531476  0.310316  0.645907  0.224631  0.660652  0.327505  0.205725  0.839611  0.688981  0.697184  0.704346  0.335588  0.300024  0.562566  0.291659  0.300486  0.778780  0.825284  0.535741 
27  0.085205  0.293304  0.669457  0.771504  0.590181  0.502400  0.380250  0.085205  0.185780  0.265712  0.222599  0.310896  0.296408  0.250697  0.298999  0.498346  0.680599  0.440681  0.405220  0.155086  0.548336  0.412884  0.251429  0.658137  0.226496  0.207201  0.678088 0.0  0.643518  0.556777  0.566004  0.403941  0.251054  0.568097  0.477153  0.147423  0.257304  0.463674  0.298460  0.487017  0.238922  0.145745  0.215977  0.523196  0.085205  0.539838  0.172281  0.450965  0.739561  0.288884  0.207636  0.152979  0.245231  0.389166  0.474642  0.219051  0.414594  0.439217  0.357564  0.253175  0.229777 
28  0.658503  0.377796  0.110242  0.114144  0.177967  0.274780  0.762565  0.555602  0.874354  0.769039  0.684135  0.701206  0.802589  0.733940  0.765263  0.321142  0.170651  0.862377  0.849369  0.667674  0.305566  0.253300  0.459635  0.130610  0.647045  0.762037  0.262409  0.643518 0.0  0.277383  0.144563  0.703045  0.452610  0.085205  0.239844  0.595770  0.890155  0.295011  0.447208  0.342541  0.645865  0.765735  0.610159  0.231065  0.643114  0.133543  0.596944  0.284643  0.244756  0.830452  0.611884  0.656508  0.656030  0.458603  0.198718  0.674443  0.258299  0.303283  0.828052  0.839767  0.492437 
29  0.572657  0.289630  0.256730  0.162391  0.124976  0.240302  0.651929  0.720409  0.745982  0.882254  0.730243  0.721147  0.703945  0.664257  0.677896  0.159726  0.103590  0.760738  0.839374  0.564011  0.279609  0.275779  0.457153  0.155516  0.578315  0.665667  0.124947  0.556777  0.277383 0.0  0.168903  0.644057  0.424144  0.187436  0.220811  0.615138  0.762967  0.211868  0.281732  0.192561  0.514909  0.719126  0.564941  0.349490  0.506944  0.121339  0.613757  0.264587  0.196680  0.670937  0.719055  0.769513  0.606262  0.293428  0.288019  0.460634  0.119901  0.230496  0.719278  0.846519  0.450388 
30  0.632242  0.373054  0.202888  0.127624  0.085205  0.288379  0.744134  0.589486  0.799407  0.719894  0.691383  0.716561  0.748358  0.713643  0.774972  0.254945  0.092216  0.800548  0.763634  0.714773  0.121640  0.278308  0.496563  0.130051  0.587942  0.571268  0.235888  0.566004  0.144563  0.168903 0.0  0.746802  0.442592  0.297102  0.190774  0.631208  0.833086  0.251350  0.310534  0.238095  0.612230  0.605645  0.571542  0.172932  0.625630  0.196874  0.634822  0.181593  0.266378  0.656435  0.654578  0.719826  0.592062  0.214435  0.195446  0.588571  0.305437  0.260155  0.801089  0.712066  0.453190 
31  0.293699  0.419191  0.720215  0.725165  0.704599  0.674870  0.187430  0.276056  0.330763  0.234211  0.189394  0.131044  0.106233  0.168518  0.128357  0.609720  0.866261  0.220073  0.132136  0.339869  0.493071  0.524723  0.399794  0.595524  0.107192  0.264749  0.777612  0.403941  0.703045  0.644057  0.746802 0.0  0.332734  0.733811  0.511327  0.224841  0.394190  0.496198  0.455397  0.609501  0.218671  0.284232  0.258547  0.485008  0.295196  0.621632  0.283974  0.489282  0.780413  0.325497  0.236557  0.312640  0.114654  0.576183  0.683171  0.351156  0.607648  0.545204  0.219261  0.241045  0.476040 
32  0.307451  0.085205  0.460802  0.483564  0.453358  0.352033  0.402019  0.217882  0.449165  0.302466  0.253195  0.385520  0.435700  0.300626  0.334938  0.441915  0.440826  0.337883  0.469390  0.186351  0.317418  0.300299  0.173156  0.478885  0.225797  0.326023  0.467123  0.251054  0.452610  0.424144  0.442592  0.332734 0.0  0.500021  0.417552  0.330477  0.523001  0.352786  0.275860  0.390582  0.150428  0.393364  0.251147  0.307927  0.268745  0.375374  0.379374  0.215038  0.518807  0.479567  0.203982  0.419575  0.331059  0.286927  0.418802  0.180997  0.287874  0.256152  0.435787  0.374685  0.187177 
33  0.716046  0.400964  0.155907  0.088205  0.126859  0.325789  0.738381  0.525227  0.762191  0.812176  0.760558  0.707205  0.823919  0.723793  0.747900  0.173654  0.173729  0.884002  0.747960  0.589368  0.269212  0.150959  0.444836  0.193549  0.727115  0.745766  0.235133  0.568097  0.085205  0.187436  0.297102  0.733811  0.500021 0.0  0.269640  0.716250  0.764004  0.247465  0.327436  0.262097  0.675587  0.735192  0.586155  0.225255  0.627998  0.298082  0.583135  0.337621  0.208771  0.840404  0.770933  0.659239  0.703104  0.233106  0.227715  0.472647  0.242868  0.360811  0.726266  0.864627  0.433135 
34  0.554939  0.381160  0.240789  0.160351  0.157813  0.114934  0.664262  0.498822  0.712888  0.700815  0.613880  0.602832  0.682528  0.721423  0.709756  0.240232  0.131198  0.670232  0.706936  0.533975  0.164378  0.180214  0.262810  0.085205  0.471870  0.499240  0.231808  0.477153  0.239844  0.220811  0.190774  0.511327  0.417552  0.269640 0.0  0.596702  0.750648  0.159505  0.276620  0.168655  0.592699  0.575713  0.416380  0.167624  0.448775  0.085205  0.557617  0.090845  0.326889  0.667967  0.598973  0.606666  0.548476  0.178949  0.134960  0.385630  0.217317  0.132418  0.662290  0.642017  0.350973 
35  0.158770  0.264250  0.667417  0.690006  0.581580  0.505331  0.214683  0.170433  0.292353  0.326506  0.101410  0.091675  0.232851  0.203076  0.295707  0.525869  0.668039  0.215232  0.274668  0.241740  0.453017  0.505852  0.311438  0.501440  0.114786  0.139953  0.695655  0.147423  0.595770  0.615138  0.631208  0.224841  0.330477  0.716250  0.596702 0.0  0.278345  0.419358  0.332991  0.484678  0.210925  0.282509  0.177884  0.515770  0.236758  0.518565  0.085205  0.407138  0.702100  0.319380  0.085205  0.286475  0.178544  0.453097  0.433324  0.244453  0.541607  0.460741  0.315656  0.328404  0.270966 
36  0.261177  0.492797  0.871734  0.848190  0.833093  0.723515  0.191422  0.316934  0.263003  0.178364  0.188889  0.215665  0.280889  0.145514  0.320254  0.725679  0.799855  0.419810  0.234412  0.241244  0.752531  0.741666  0.500221  0.752006  0.375942  0.339715  0.851962  0.257304  0.890155  0.762967  0.833086  0.394190  0.523001  0.764004  0.750648  0.278345 0.0  0.673605  0.591617  0.716856  0.352156  0.237902  0.519609  0.782093  0.296009  0.598688  0.337088  0.641161  1.000000  0.167042  0.286928  0.321806  0.362324  0.676362  0.640432  0.332117  0.698506  0.634466  0.180738  0.311410  0.453995 
37  0.562504  0.328113  0.251981  0.339194  0.323040  0.155721  0.600403  0.475034  0.595428  0.628691  0.476419  0.580958  0.546274  0.588177  0.542227  0.272150  0.255419  0.650170  0.730792  0.597257  0.175741  0.085205  0.298931  0.191181  0.324023  0.402897  0.129642  0.463674  0.295011  0.211868  0.251350  0.496198  0.352786  0.247465  0.159505  0.419358  0.673605 0.0  0.312268  0.213812  0.394321  0.658528  0.409856  0.085205  0.488734  0.147349  0.459666  0.153473  0.341670  0.612372  0.467489  0.613598  0.474349  0.157918  0.172116  0.454422  0.109526  0.085205  0.615232  0.647351  0.305535 
38  0.362212  0.125695  0.456727  0.412287  0.528687  0.322519  0.573790  0.330742  0.485828  0.478363  0.401044  0.462742  0.516757  0.474034  0.500400  0.317506  0.335774  0.557880  0.552081  0.451324  0.304796  0.200790  0.231332  0.339149  0.475392  0.407142  0.391376  0.298460  0.447208  0.281732  0.310534  0.455397  0.275860  0.327436  0.276620  0.332991  0.591617  0.312268 0.0  0.169952  0.457368  0.379882  0.312380  0.302169  0.288962  0.194265  0.374508  0.264275  0.417682  0.403039  0.464494  0.420862  0.587322  0.202972  0.255290  0.258619  0.220361  0.231555  0.598693  0.577787  0.115797 
39  0.371001  0.290457  0.249958  0.405478  0.197618  0.142830  0.532907  0.346258  0.657671  0.609520  0.490615  0.577511  0.537297  0.641550  0.636707  0.216732  0.175509  0.636136  0.661800  0.496451  0.157791  0.095640  0.243703  0.085205  0.490682  0.344201  0.276311  0.487017  0.342541  0.192561  0.238095  0.609501  0.390582  0.262097  0.168655  0.484678  0.716856  0.213812  0.169952 0.0  0.409981  0.460538  0.378028  0.137163  0.462741  0.203564  0.474932  0.148175  0.431691  0.628687  0.467440  0.575911  0.452659  0.095629  0.144351  0.401582  0.085205  0.143974  0.648207  0.599764  0.287567 
40  0.117167  0.321938  0.637923  0.615348  0.557203  0.396740  0.287872  0.188183  0.283146  0.164586  0.135047  0.262690  0.253044  0.089602  0.220427  0.457145  0.553140  0.442968  0.404857  0.126723  0.615345  0.437622  0.325354  0.492204  0.205765  0.253252  0.616659  0.238922  0.645865  0.514909  0.612230  0.218671  0.150428  0.675587  0.592699  0.210925  0.352156  0.394321  0.457368  0.409981 0.0  0.227193  0.281082  0.470378  0.106095  0.557082  0.171421  0.542607  0.658940  0.284296  0.284820  0.336951  0.285598  0.397551  0.451141  0.159683  0.439814  0.494054  0.331505  0.200770  0.290258 
41  0.216285  0.197137  0.795843  0.810477  0.787083  0.544277  0.104034  0.231620  0.184249  0.205833  0.152638  0.094420  0.240003  0.085205  0.286078  0.642912  0.699401  0.290980  0.259003  0.122900  0.649757  0.560570  0.322949  0.517578  0.161025  0.238624  0.755367  0.145745  0.765735  0.719126  0.605645  0.284232  0.393364  0.735192  0.575713  0.282509  0.237902  0.658528  0.379882  0.460538  0.227193 0.0  0.273501  0.528803  0.180595  0.600398  0.085205  0.537337  0.793562  0.104276  0.085205  0.149779  0.269587  0.533987  0.614781  0.276754  0.590444  0.626690  0.201030  0.302762  0.306055 
42  0.364182  0.180078  0.478712  0.526529  0.591647  0.443931  0.373631  0.246510  0.337444  0.362641  0.257609  0.289158  0.240318  0.218352  0.304372  0.486248  0.580367  0.481970  0.375179  0.299684  0.353734  0.381349  0.223656  0.490602  0.159074  0.227470  0.531476  0.215977  0.610159  0.564941  0.571542  0.258547  0.251147  0.586155  0.416380  0.177884  0.519609  0.409856  0.312380  0.378028  0.281082  0.273501 0.0  0.426656  0.287209  0.392023  0.333482  0.388744  0.675852  0.437756  0.152853  0.360389  0.248953  0.456243  0.339694  0.108256  0.380592  0.305385  0.264668  0.284888  0.295292 
43  0.412939  0.420174  0.318430  0.261322  0.160923  0.120377  0.653492  0.507093  0.640064  0.639775  0.461656  0.582998  0.605982  0.522874  0.607506  0.250172  0.155377  0.659179  0.614111  0.524530  0.170907  0.085205  0.352775  0.194892  0.530433  0.556836  0.310316  0.523196  0.231065  0.349490  0.172932  0.485008  0.307927  0.225255  0.167624  0.515770  0.782093  0.085205  0.302169  0.137163  0.470378  0.528803  0.426656 0.0  0.458665  0.145497  0.580212  0.134828  0.348574  0.628707  0.593626  0.533410  0.580288  0.113143  0.085205  0.358413  0.171393  0.085205  0.499774  0.468763  0.305139 
44  0.085205  0.325729  0.751636  0.641479  0.551362  0.598254  0.371807  0.085205  0.308762  0.303791  0.197179  0.099991  0.274520  0.085205  0.344608  0.572291  0.518902  0.382778  0.149755  0.136776  0.567133  0.473435  0.268610  0.527813  0.188337  0.085205  0.645907  0.085205  0.643114  0.506944  0.625630  0.295196  0.268745  0.627998  0.448775  0.236758  0.296009  0.488734  0.288962  0.462741  0.106095  0.180595  0.287209  0.458665 0.0  0.472650  0.153116  0.517539  0.786830  0.206477  0.238380  0.232107  0.280325  0.534524  0.490158  0.325295  0.586501  0.477348  0.207724  0.191683  0.166661 
45  0.500125  0.325846  0.207463  0.187618  0.248685  0.205081  0.828978  0.518916  0.550003  0.545219  0.668748  0.690476  0.686574  0.539526  0.632086  0.190058  0.136648  0.782959  0.645005  0.539231  0.108281  0.180118  0.422470  0.220190  0.603437  0.435064  0.224631  0.539838  0.133543  0.121339  0.196874  0.621632  0.375374  0.298082  0.085205  0.518565  0.598688  0.147349  0.194265  0.203564  0.557082  0.600398  0.392023  0.145497  0.472650 0.0  0.649133  0.191122  0.344854  0.717066  0.518335  0.721694  0.590137  0.085205  0.178920  0.468187  0.103361  0.173626  0.614109  0.649820  0.344889 
46  0.094018  0.326660  0.719728  0.734275  0.663567  0.639785  0.316950  0.123099  0.256834  0.147867  0.216887  0.147992  0.182721  0.203545  0.321332  0.518587  0.643887  0.268965  0.250114  0.204144  0.558255  0.558741  0.216523  0.591715  0.175352  0.085205  0.660652  0.172281  0.596944  0.613757  0.634822  0.283974  0.379374  0.583135  0.557617  0.085205  0.337088  0.459666  0.374508  0.474932  0.171421  0.085205  0.333482  0.580212  0.153116  0.649133 0.0  0.448958  0.813890  0.288650  0.102696  0.085205  0.277613  0.482042  0.496496  0.224582  0.573396  0.541775  0.192819  0.193976  0.269275 
47  0.457844  0.254187  0.318269  0.331850  0.196606  0.085205  0.642571  0.426743  0.542073  0.605061  0.578547  0.531730  0.558368  0.630180  0.696966  0.174310  0.133166  0.731089  0.604196  0.548019  0.158849  0.100263  0.223965  0.255642  0.328384  0.474751  0.327505  0.450965  0.284643  0.264587  0.181593  0.489282  0.215038  0.337621  0.090845  0.407138  0.641161  0.153473  0.264275  0.148175  0.542607  0.537337  0.388744  0.134828  0.517539  0.191122  0.448958 0.0  0.380105  0.703331  0.605791  0.593510  0.526136  0.096562  0.106678  0.466169  0.298249  0.090832  0.596439  0.569330  0.282545 
48  0.646632  0.545519  0.405401  0.267794  0.301039  0.463917  0.842766  0.720040  0.850428  0.900704  0.766350  0.782053  0.861000  0.809060  0.786870  0.313851  0.288761  0.942238  0.923677  0.753126  0.273261  0.432100  0.477066  0.295035  0.787185  0.757910  0.205725  0.739561  0.244756  0.196680  0.266378  0.780413  0.518807  0.208771  0.326889  0.702100  1.000000  0.341670  0.417682  0.431691  0.658940  0.793562  0.675852  0.348574  0.786830  0.344854  0.813890  0.380105 0.0  0.895870  0.834552  0.821442  0.728427  0.388363  0.379129  0.734500  0.358260  0.388838  0.911140  0.814817  0.559182 
49  0.334445  0.477511  0.943659  0.866099  0.756532  0.685125  0.085205  0.265277  0.132154  0.212133  0.372180  0.314617  0.181385  0.203279  0.247199  0.676571  0.869615  0.344735  0.214125  0.127474  0.711918  0.644606  0.370345  0.760238  0.364869  0.233084  0.839611  0.288884  0.830452  0.670937  0.656435  0.325497  0.479567  0.840404  0.667967  0.319380  0.167042  0.612372  0.403039  0.628687  0.284296  0.104276  0.437756  0.628707  0.206477  0.717066  0.288650  0.703331  0.895870 0.0  0.280346  0.166168  0.414917  0.670973  0.790933  0.270657  0.724037  0.549089  0.199464  0.182421  0.352930 
50  0.134841  0.329613  0.708326  0.646227  0.691211  0.602748  0.194447  0.179753  0.142067  0.186137  0.085205  0.085205  0.085205  0.214969  0.160861  0.674617  0.674490  0.275466  0.337411  0.171615  0.660303  0.526424  0.300956  0.601924  0.185681  0.155361  0.688981  0.207636  0.611884  0.719055  0.654578  0.236557  0.203982  0.770933  0.598973  0.085205  0.286928  0.467489  0.464494  0.467440  0.284820  0.085205  0.152853  0.593626  0.238380  0.518335  0.102696  0.605791  0.834552  0.280346 0.0  0.135172  0.167886  0.487587  0.637471  0.131974  0.540947  0.575857  0.134539  0.244358  0.288395 
51  0.156249  0.356290  0.687670  0.730397  0.724379  0.591243  0.198347  0.308794  0.270546  0.135006  0.128222  0.167697  0.355260  0.204992  0.262831  0.757496  0.656415  0.393539  0.294093  0.206060  0.597524  0.518511  0.371770  0.701652  0.285113  0.459527  0.697184  0.152979  0.656508  0.769513  0.719826  0.312640  0.419575  0.659239  0.606666  0.286475  0.321806  0.613598  0.420862  0.575911  0.336951  0.149779  0.360389  0.533410  0.232107  0.721694  0.085205  0.593510  0.821442  0.166168  0.135172 0.0  0.295718  0.582050  0.572278  0.237322  0.495650  0.610282  0.213505  0.266466  0.229738 
52  0.318937  0.368789  0.728233  0.712637  0.647201  0.528670  0.163810  0.251512  0.255016  0.330051  0.125487  0.148714  0.241477  0.218579  0.143815  0.572825  0.579814  0.289355  0.239068  0.252487  0.561647  0.561125  0.349405  0.677608  0.085205  0.150054  0.704346  0.245231  0.656030  0.606262  0.592062  0.114654  0.331059  0.703104  0.548476  0.178544  0.362324  0.474349  0.587322  0.452659  0.285598  0.269587  0.248953  0.580288  0.280325  0.590137  0.277613  0.526136  0.728427  0.414917  0.167886  0.295718 0.0  0.501169  0.496382  0.172494  0.481011  0.531492  0.183454  0.192951  0.341469 
53  0.431758  0.356365  0.262705  0.369123  0.219738  0.125456  0.655203  0.448294  0.566100  0.594976  0.487832  0.472422  0.615702  0.485582  0.490856  0.224736  0.144448  0.599410  0.666262  0.421299  0.176160  0.109879  0.323263  0.236055  0.349439  0.369247  0.335588  0.389166  0.458603  0.293428  0.214435  0.576183  0.286927  0.233106  0.178949  0.453097  0.676362  0.157918  0.202972  0.095629  0.397551  0.533987  0.456243  0.113143  0.534524  0.085205  0.482042  0.096562  0.388363  0.670973  0.487587  0.582050  0.501169 0.0  0.147402  0.362069  0.319198  0.085205  0.600498  0.590217  0.278242 
54  0.482638  0.296952  0.309304  0.304233  0.237555  0.085205  0.565228  0.402445  0.632166  0.671297  0.405144  0.572498  0.513704  0.644302  0.624036  0.223595  0.300022  0.726439  0.691166  0.549919  0.133962  0.085205  0.330717  0.207186  0.386769  0.483707  0.300024  0.474642  0.198718  0.288019  0.195446  0.683171  0.418802  0.227715  0.134960  0.433324  0.640432  0.172116  0.255290  0.144351  0.451141  0.614781  0.339694  0.085205  0.490158  0.178920  0.496496  0.106678  0.379129  0.790933  0.637471  0.572278  0.496382  0.147402 0.0  0.438797  0.198723  0.168682  0.649735  0.542095  0.283776 
55  0.183815  0.267441  0.709385  0.638849  0.507390  0.461836  0.256606  0.139118  0.320521  0.322235  0.273296  0.250193  0.224090  0.364236  0.306566  0.395617  0.485870  0.445456  0.377799  0.341841  0.410216  0.351308  0.223754  0.439738  0.085205  0.189668  0.562566  0.219051  0.674443  0.460634  0.588571  0.351156  0.180997  0.472647  0.385630  0.244453  0.332117  0.454422  0.258619  0.401582  0.159683  0.276754  0.108256  0.358413  0.325295  0.468187  0.224582  0.466169  0.734500  0.270657  0.131974  0.237322  0.172494  0.362069  0.438797 0.0  0.361473  0.257646  0.390721  0.349371  0.300724 
56  0.476891  0.291083  0.339511  0.229313  0.192797  0.279107  0.734883  0.397286  0.747079  0.657607  0.590839  0.702898  0.724047  0.621477  0.598999  0.154255  0.214859  0.687058  0.679629  0.599336  0.270543  0.299628  0.334225  0.207675  0.598759  0.538576  0.291659  0.414594  0.258299  0.119901  0.305437  0.607648  0.287874  0.242868  0.217317  0.541607  0.698506  0.109526  0.220361  0.085205  0.439814  0.590444  0.380592  0.171393  0.586501  0.103361  0.573396  0.298249  0.358260  0.724037  0.540947  0.495650  0.481011  0.319198  0.198723  0.361473 0.0  0.152953  0.567419  0.720584  0.348256 
57  0.496722  0.382293  0.383163  0.356325  0.218160  0.144102  0.657913  0.359826  0.633742  0.541395  0.524672  0.541196  0.712897  0.667906  0.713000  0.258506  0.302051  0.615189  0.629883  0.541977  0.119186  0.117973  0.318864  0.180529  0.424500  0.479251  0.300486  0.439217  0.303283  0.230496  0.260155  0.545204  0.256152  0.360811  0.132418  0.460741  0.634466  0.085205  0.231555  0.143974  0.494054  0.626690  0.305385  0.085205  0.477348  0.173626  0.541775  0.090832  0.388838  0.549089  0.575857  0.610282  0.531492  0.085205  0.168682  0.257646  0.152953 0.0  0.579305  0.694383  0.260719 
58  0.284617  0.355215  0.824845  0.822684  0.850326  0.661642  0.202232  0.338364  0.085205  0.157467  0.275281  0.129019  0.085205  0.114504  0.153780  0.674939  0.818965  0.193538  0.167337  0.292024  0.684255  0.731355  0.502008  0.686772  0.180072  0.211660  0.778780  0.357564  0.828052  0.719278  0.801089  0.219261  0.435787  0.726266  0.662290  0.315656  0.180738  0.615232  0.598693  0.648207  0.331505  0.201030  0.264668  0.499774  0.207724  0.614109  0.192819  0.596439  0.911140  0.199464  0.134539  0.213505  0.183454  0.600498  0.649735  0.390721  0.567419  0.579305 0.0  0.139442  0.456354 
59  0.203626  0.352546  0.830704  0.798680  0.783496  0.701686  0.133303  0.258989  0.085205  0.262768  0.310366  0.113258  0.085205  0.196999  0.184517  0.734892  0.778838  0.249132  0.176680  0.275874  0.686515  0.635245  0.433905  0.711017  0.265941  0.189197  0.825284  0.253175  0.839767  0.846519  0.712066  0.241045  0.374685  0.864627  0.642017  0.328404  0.311410  0.647351  0.577787  0.599764  0.200770  0.302762  0.284888  0.468763  0.191683  0.649820  0.193976  0.569330  0.814817  0.182421  0.244358  0.266466  0.192951  0.590217  0.542095  0.349371  0.720584  0.694383  0.139442 0.0  0.404205 
60  0.187537  0.186214  0.507717  0.474654  0.452231  0.408521  0.468026  0.134333  0.386112  0.448418  0.281523  0.356732  0.321818  0.386630  0.422917  0.250792  0.418347  0.469106  0.530904  0.408066  0.332593  0.424796  0.085205  0.408273  0.238279  0.275871  0.535741  0.229777  0.492437  0.450388  0.453190  0.476040  0.187177  0.433135  0.350973  0.270966  0.453995  0.305535  0.115797  0.287567  0.290258  0.306055  0.295292  0.305139  0.166661  0.344889  0.269275  0.282545  0.559182  0.352930  0.288395  0.229738  0.341469  0.278242  0.283776  0.300724  0.348256  0.260719  0.456354  0.404205 0.0 
