61
0 0.0  0.234870  0.627062  0.557348  0.543494  0.500360  0.228964  0.119393  0.232232  0.210259  0.177341  0.235988  0.231436  0.197522  0.310470  0.467139  0.534576  0.342271  0.274965  0.142759  0.498202  0.439694  0.265515  0.491629  0.216083  0.218038  0.525975  0.095641  0.606316  0.501501  0.532899  0.243420  0.233784  0.523032  0.443559  0.178428  0.282766  0.370203  0.299325  0.426772  0.139150  0.171763  0.256497  0.404970  0.107805  0.502546  0.132261  0.437071  0.611506  0.250100  0.190923  0.164993  0.244338  0.410562  0.453300  0.177796  0.506066  0.529069  0.225331  0.243842  0.237690 
1  0.234870 0.0  0.479553  0.417793  0.329182  0.342539  0.344544  0.187710  0.381985  0.342369  0.308288  0.339084  0.369936  0.349459  0.420676  0.321289  0.401512  0.457896  0.452493  0.306799  0.266382  0.273925  0.108626  0.376338  0.294151  0.276397  0.378550  0.241441  0.439611  0.399344  0.363442  0.340454  0.132986  0.435706  0.305524  0.270612  0.437300  0.256969  0.185753  0.252038  0.225647  0.275839  0.244989  0.310741  0.238659  0.328124  0.250297  0.300270  0.422677  0.520401  0.323848  0.315173  0.317141  0.257273  0.293029  0.189934  0.303215  0.308456  0.367974  0.465102  0.103258 
2  0.627062  0.479553 0.0  0.111328  0.140153  0.236511  0.768191  0.578570  0.649707  0.794230  0.605076  0.629670  0.665881  0.635933  0.776210  0.282373  0.193327  0.703852  0.703004  0.611738  0.252506  0.253257  0.429812  0.205748  0.535491  0.628251  0.244784  0.589218  0.154519  0.248330  0.148188  0.566477  0.385880  0.162798  0.231861  0.631220  0.747561  0.235042  0.446255  0.268915  0.664373  0.667238  0.524125  0.282487  0.659053  0.222059  0.649203  0.258185  0.269641  0.796381  0.547150  0.827428  0.536058  0.271867  0.241210  0.493278  0.250357  0.273712  0.675718  0.633068  0.457675 
3  0.557348  0.417793  0.111328 0.0  0.132225  0.238112  0.728415  0.581443  0.831144  0.669329  0.690645  0.717217  0.717961  0.684528  0.660142  0.244891  0.212013  0.798020  0.804408  0.679971  0.227256  0.268020  0.407751  0.165792  0.635271  0.694859  0.199992  0.657349  0.120445  0.199487  0.135401  0.591474  0.423176  0.129201  0.231604  0.532810  0.872636  0.286584  0.373211  0.296140  0.528760  0.651610  0.552333  0.267058  0.707143  0.195977  0.603602  0.250581  0.261780  0.684827  0.690305  0.726448  0.579264  0.249726  0.248345  0.524511  0.264912  0.267165  0.727594  0.817890  0.489685 
4  0.543494  0.329182  0.140153  0.132225 0.0  0.181529  0.628977  0.509337  0.781364  0.639314  0.626166  0.687672  0.646444  0.590743  0.723768  0.173059  0.139811  0.792208  0.704221  0.645199  0.180734  0.197489  0.347610  0.142769  0.523033  0.616759  0.180673  0.585866  0.107785  0.176566  0.102092  0.668335  0.395462  0.131981  0.154384  0.526158  0.789739  0.220778  0.330346  0.242329  0.532279  0.577048  0.447983  0.235688  0.573641  0.147661  0.636528  0.197062  0.269304  0.696801  0.521991  0.724245  0.550651  0.257075  0.184327  0.425829  0.201965  0.213058  0.587622  0.618790  0.417079 
5  0.500360  0.342539  0.236511  0.238112  0.181529 0.0  0.583443  0.412953  0.565299  0.523379  0.547891  0.441682  0.631528  0.567493  0.667992  0.205369  0.174972  0.697171  0.594352  0.438958  0.094529  0.115041  0.319245  0.130663  0.428415  0.499917  0.271375  0.485067  0.199001  0.247056  0.182614  0.524518  0.311127  0.214859  0.128813  0.468386  0.614472  0.116209  0.239161  0.146864  0.383679  0.615149  0.337276  0.125816  0.501412  0.133330  0.504103  0.100556  0.349400  0.539634  0.530705  0.592696  0.523946  0.138098  0.110724  0.395737  0.189860  0.118577  0.519772  0.659041  0.326759 
6  0.228964  0.344544  0.768191  0.728415  0.628977  0.583443 0.0  0.252026  0.106006  0.151968  0.167080  0.175847  0.121989  0.118354  0.156421  0.570536  0.512281  0.257948  0.132222  0.172199  0.659115  0.522569  0.403274  0.720628  0.251520  0.210815  0.627984  0.253866  0.746027  0.647798  0.689484  0.199096  0.392685  0.601607  0.690336  0.219399  0.167881  0.641261  0.462731  0.521926  0.258496  0.149475  0.316307  0.626072  0.209599  0.575393  0.183004  0.626621  0.826897  0.157250  0.185914  0.187513  0.235401  0.548133  0.614774  0.279793  0.638450  0.489392  0.116298  0.114731  0.385001 
7  0.119393  0.187710  0.578570  0.581443  0.509337  0.412953  0.252026 0.0  0.297617  0.246606  0.172145  0.236666  0.283133  0.240307  0.274486  0.452978  0.530434  0.386576  0.325583  0.174364  0.464973  0.369385  0.231113  0.466711  0.204236  0.191940  0.482913  0.106556  0.541884  0.547599  0.596862  0.274923  0.187508  0.489133  0.384856  0.173380  0.304339  0.417104  0.319815  0.432012  0.116743  0.189251  0.251833  0.389212  0.130728  0.546530  0.161259  0.457409  0.683663  0.264420  0.177172  0.185952  0.232925  0.368618  0.423971  0.157166  0.434162  0.297813  0.302218  0.262726  0.215603 
8  0.232232  0.381985  0.649707  0.831144  0.781364  0.565299  0.106006  0.297617 0.0  0.190352  0.199057  0.169202  0.116836  0.130663  0.141812  0.634407  0.713202  0.221392  0.112880  0.214135  0.654027  0.571687  0.446881  0.708280  0.220688  0.274288  0.800882  0.267174  0.627966  0.706086  0.658016  0.198345  0.363578  0.836510  0.544546  0.255005  0.190186  0.565474  0.524236  0.460720  0.270516  0.164823  0.341811  0.605056  0.241016  0.780774  0.231308  0.612135  0.783571  0.172488  0.195397  0.227519  0.184422  0.536364  0.637408  0.281081  0.578632  0.558541  0.104210  0.102082  0.430476 
9  0.210259  0.342369  0.794230  0.669329  0.639314  0.523379  0.151968  0.246606  0.190352 0.0  0.190407  0.221472  0.170371  0.139309  0.234349  0.597644  0.699398  0.322805  0.180463  0.146160  0.575623  0.540597  0.303666  0.573531  0.277895  0.221317  0.712607  0.207728  0.742898  0.733248  0.680544  0.245410  0.370525  0.691722  0.546802  0.208815  0.151297  0.596477  0.440079  0.490528  0.244713  0.136679  0.344114  0.543270  0.199835  0.635001  0.167655  0.545607  1.000000  0.131645  0.203945  0.130571  0.295369  0.574024  0.626873  0.273508  0.576832  0.467278  0.188267  0.170216  0.395283 
10  0.177341  0.308288  0.605076  0.690645  0.626166  0.547891  0.167080  0.172145  0.199057  0.190407 0.0  0.137940  0.175436  0.170358  0.200515  0.457714  0.560077  0.279724  0.222822  0.158171  0.517883  0.476686  0.311071  0.557004  0.165574  0.133754  0.673070  0.158322  0.671858  0.641667  0.594339  0.167303  0.277815  0.659182  0.489431  0.111131  0.280100  0.388873  0.382137  0.474290  0.142894  0.127540  0.203781  0.521301  0.135361  0.624997  0.120945  0.470730  0.616954  0.240222  0.099134  0.185539  0.166421  0.402583  0.436163  0.181600  0.473372  0.458504  0.195701  0.196536  0.257422 
11  0.235988  0.339084  0.629670  0.717217  0.687672  0.441682  0.175847  0.236666  0.169202  0.221472  0.137940 0.0  0.142169  0.166888  0.152441  0.515908  0.565090  0.220655  0.176116  0.191969  0.554828  0.476152  0.370492  0.667271  0.153403  0.152178  0.691829  0.231861  0.634306  0.614463  0.610285  0.130979  0.349684  0.666729  0.495995  0.142610  0.293215  0.445482  0.429308  0.412647  0.212502  0.155646  0.232852  0.537054  0.184060  0.559677  0.180864  0.431880  0.744768  0.241137  0.127048  0.204104  0.126603  0.489173  0.494668  0.213619  0.477542  0.504932  0.136574  0.162264  0.265288 
12  0.231436  0.369936  0.665881  0.717961  0.646444  0.631528  0.121989  0.283133  0.116836  0.170371  0.175436  0.142169 0.0  0.120068  0.127103  0.588873  0.628003  0.210108  0.129971  0.171650  0.556941  0.494150  0.355459  0.621279  0.178000  0.196587  0.638087  0.226447  0.659997  0.592044  0.665770  0.150443  0.382156  0.701135  0.676991  0.197864  0.192910  0.538149  0.493900  0.563591  0.250550  0.156761  0.290632  0.514073  0.204984  0.639560  0.177661  0.527490  0.733446  0.180394  0.147281  0.213629  0.189161  0.566607  0.621766  0.267896  0.566707  0.601385  0.103188  0.100013  0.376016 
13  0.197522  0.349459  0.635933  0.684528  0.590743  0.567493  0.118354  0.240307  0.130663  0.139309  0.170358  0.166888  0.120068 0.0  0.179162  0.658527  0.720007  0.240904  0.163398  0.164244  0.624908  0.534930  0.393665  0.672463  0.232503  0.218112  0.590364  0.222217  0.674873  0.595186  0.785443  0.212856  0.368033  0.701415  0.591853  0.175624  0.173254  0.624238  0.474223  0.576131  0.194770  0.124932  0.320636  0.560334  0.183509  0.626604  0.155416  0.492927  0.673810  0.164756  0.160902  0.172128  0.232606  0.528850  0.537214  0.256014  0.606488  0.530493  0.135730  0.129031  0.315642 
14  0.310470  0.420676  0.776210  0.660142  0.723768  0.667992  0.156421  0.274486  0.141812  0.234349  0.200515  0.152441  0.127103  0.179162 0.0  0.664816  0.732303  0.174802  0.124733  0.225431  0.616538  0.594222  0.380732  0.641905  0.214693  0.193587  0.650818  0.286029  0.721529  0.657702  0.681759  0.140347  0.393887  0.763737  0.548019  0.205321  0.250772  0.512648  0.528959  0.462516  0.285051  0.205887  0.274194  0.619480  0.276627  0.669422  0.205306  0.593635  0.803076  0.207752  0.195032  0.220694  0.175337  0.568838  0.631982  0.304967  0.653114  0.535627  0.127977  0.130221  0.384231 
15  0.467139  0.321289  0.282373  0.244891  0.173059  0.205369  0.570536  0.452978  0.634407  0.597644  0.457714  0.515908  0.588873  0.658527  0.664816 0.0  0.129186  0.699541  0.709145  0.467500  0.185985  0.199329  0.303473  0.161587  0.518430  0.485779  0.144386  0.412949  0.211625  0.132489  0.198946  0.587039  0.348624  0.177363  0.149425  0.495149  0.748638  0.209059  0.258485  0.192987  0.438190  0.541736  0.452980  0.194604  0.503943  0.131865  0.511594  0.212801  0.237783  0.720888  0.576844  0.579699  0.548637  0.222311  0.200904  0.464017  0.126658  0.190605  0.681773  0.648218  0.316675 
16  0.534576  0.401512  0.193327  0.212013  0.139811  0.174972  0.512281  0.530434  0.713202  0.699398  0.560077  0.565090  0.628003  0.720007  0.732303  0.129186 0.0  0.753746  0.687158  0.512508  0.163075  0.166683  0.336509  0.131263  0.517901  0.440055  0.148399  0.475964  0.169098  0.135388  0.144038  0.616339  0.355444  0.164323  0.150895  0.589092  0.601806  0.186535  0.305614  0.179063  0.508421  0.604967  0.476650  0.176024  0.592825  0.112427  0.537163  0.192710  0.242523  0.698467  0.669999  0.594722  0.470792  0.221717  0.168248  0.479710  0.153236  0.218213  0.659965  0.635986  0.350875 
17  0.342271  0.457896  0.703852  0.798020  0.792208  0.697171  0.257948  0.386576  0.221392  0.322805  0.279724  0.220655  0.210108  0.240904  0.174802  0.699541  0.753746 0.0  0.213925  0.313272  0.573603  0.595423  0.489741  0.706666  0.275356  0.295082  0.711557  0.358774  0.787504  0.741713  0.706440  0.172750  0.394390  0.802899  0.576505  0.284654  0.313977  0.584002  0.565158  0.572755  0.372616  0.297323  0.343375  0.649962  0.352152  0.725365  0.332208  0.658912  0.942645  0.342859  0.261123  0.318557  0.201786  0.585982  0.534312  0.345146  0.630473  0.606908  0.202342  0.200707  0.472368 
18  0.274965  0.452493  0.703004  0.804408  0.704221  0.594352  0.132222  0.325583  0.112880  0.180463  0.222822  0.176116  0.129971  0.163398  0.124733  0.709145  0.687158  0.213925 0.0  0.242924  0.599937  0.579880  0.460103  0.634979  0.241792  0.251831  0.702165  0.278965  0.690374  0.660593  0.638936  0.175680  0.347718  0.766489  0.571376  0.238567  0.184923  0.620812  0.481560  0.610870  0.279935  0.209594  0.264394  0.581528  0.259642  0.616151  0.214080  0.654997  0.952482  0.198280  0.175823  0.224358  0.203754  0.592270  0.576565  0.292054  0.593184  0.624269  0.107980  0.109047  0.441002 
19  0.142759  0.306799  0.611738  0.679971  0.645199  0.438958  0.172199  0.174364  0.214135  0.146160  0.158171  0.191969  0.171650  0.164244  0.225431  0.467500  0.512508  0.313272  0.242924 0.0  0.566072  0.440834  0.331204  0.509086  0.227072  0.229294  0.609687  0.160039  0.612563  0.657820  0.628644  0.243713  0.287543  0.534334  0.537482  0.187815  0.232597  0.431030  0.371422  0.422495  0.170732  0.125886  0.245910  0.527026  0.116335  0.467078  0.120106  0.494150  0.611313  0.187033  0.152598  0.109668  0.208806  0.484204  0.511964  0.232022  0.581153  0.489743  0.209553  0.208282  0.269265 
20  0.498202  0.266382  0.252506  0.227256  0.180734  0.094529  0.659115  0.464973  0.654027  0.575623  0.517883  0.554828  0.556941  0.624908  0.616538  0.185985  0.163075  0.573603  0.599937  0.566072 0.0  0.117204  0.266299  0.121675  0.500244  0.384881  0.238086  0.439293  0.181341  0.204939  0.155683  0.615039  0.332770  0.217704  0.120980  0.419131  0.663327  0.122561  0.281088  0.141299  0.401811  0.588285  0.354633  0.117623  0.460204  0.124702  0.462950  0.111316  0.305148  0.666708  0.444339  0.532959  0.512955  0.151192  0.113122  0.460662  0.184465  0.121911  0.648598  0.598374  0.330036 
21  0.439694  0.273925  0.253257  0.268020  0.197489  0.115041  0.522569  0.369385  0.571687  0.540597  0.476686  0.476152  0.494150  0.534930  0.594222  0.199329  0.166683  0.595423  0.579880  0.440834  0.117204 0.0  0.269736  0.168905  0.419966  0.416603  0.229925  0.470390  0.224868  0.234125  0.214213  0.455060  0.278178  0.237690  0.128797  0.393429  0.598909  0.090409  0.208490  0.126345  0.431480  0.486489  0.353855  0.093030  0.430259  0.151405  0.423918  0.098338  0.333782  0.641867  0.400621  0.415762  0.442634  0.106946  0.098508  0.354432  0.191627  0.087317  0.538597  0.569546  0.327944 
22  0.265515  0.108626  0.429812  0.407751  0.347610  0.319245  0.403274  0.231113  0.446881  0.303666  0.311071  0.370492  0.355459  0.393665  0.380732  0.303473  0.336509  0.489741  0.460103  0.331204  0.266299  0.269736 0.0  0.368318  0.305715  0.291608  0.368281  0.209097  0.417153  0.435186  0.402623  0.450734  0.139042  0.413161  0.315859  0.287424  0.452788  0.276481  0.164337  0.266805  0.230235  0.316292  0.275892  0.281368  0.257218  0.302670  0.303181  0.311059  0.509695  0.399672  0.266761  0.295600  0.356388  0.267415  0.282098  0.236731  0.281998  0.270073  0.392618  0.416587  0.117597 
23  0.491629  0.376338  0.205748  0.165792  0.142769  0.130663  0.720628  0.466711  0.708280  0.573531  0.557004  0.667271  0.621279  0.672463  0.641905  0.161587  0.131263  0.706666  0.634979  0.509086  0.121675  0.168905  0.368318 0.0  0.490698  0.397595  0.182404  0.502517  0.151528  0.172445  0.115659  0.611709  0.330104  0.179641  0.128610  0.513506  0.691960  0.172927  0.284657  0.180246  0.540746  0.599460  0.475845  0.151526  0.527849  0.129883  0.547131  0.148330  0.284098  0.697950  0.634019  0.554821  0.541294  0.185227  0.164649  0.417574  0.179427  0.172048  0.586994  0.566825  0.367422 
24  0.216083  0.294151  0.535491  0.635271  0.523033  0.428415  0.251520  0.204236  0.220688  0.277895  0.165574  0.153403  0.178000  0.232503  0.214693  0.518430  0.517901  0.275356  0.241792  0.227072  0.500244  0.419966  0.305715  0.490698 0.0  0.104210  0.571264  0.221167  0.638517  0.455520  0.526306  0.157043  0.237667  0.524913  0.500436  0.130881  0.331038  0.429216  0.357767  0.424485  0.178646  0.191826  0.147164  0.455175  0.201013  0.422802  0.190167  0.413906  0.690782  0.320944  0.150337  0.270735  0.137296  0.350262  0.464138  0.163060  0.451766  0.398780  0.236250  0.213391  0.270424 
25  0.218038  0.276397  0.628251  0.694859  0.616759  0.499917  0.210815  0.191940  0.274288  0.221317  0.133754  0.152178  0.196587  0.218112  0.193587  0.485779  0.440055  0.295082  0.251831  0.229294  0.384881  0.416603  0.291608  0.397595  0.104210 0.0  0.524621  0.203168  0.552041  0.498743  0.458202  0.166022  0.255605  0.561973  0.445945  0.112473  0.321448  0.384452  0.352164  0.392590  0.170781  0.173439  0.146570  0.448085  0.188091  0.484086  0.176302  0.390650  0.705127  0.293377  0.153566  0.287185  0.149199  0.377999  0.431853  0.159715  0.424989  0.346049  0.200117  0.220793  0.211944 
26  0.525975  0.378550  0.244784  0.199992  0.180673  0.271375  0.627984  0.482913  0.800882  0.712607  0.673070  0.691829  0.638087  0.590364  0.650818  0.144386  0.148399  0.711557  0.702165  0.609687  0.238086  0.229925  0.368281  0.182404  0.571264  0.524621 0.0  0.530772  0.185980  0.100702  0.211065  0.648539  0.481166  0.162123  0.208196  0.542041  0.708400  0.273264  0.330550  0.246227  0.503667  0.669583  0.503998  0.264585  0.630147  0.177415  0.491451  0.246157  0.172153  0.743665  0.740256  0.662827  0.648971  0.259473  0.251724  0.536047  0.189262  0.236569  0.725231  0.706415  0.430578 
27  0.095641  0.241441  0.589218  0.657349  0.585866  0.485067  0.253866  0.106556  0.267174  0.207728  0.158322  0.231861  0.226447  0.222217  0.286029  0.412949  0.475964  0.358774  0.278965  0.160039  0.439293  0.470390  0.209097  0.502517  0.221167  0.203168  0.530772 0.0  0.622526  0.544567  0.510469  0.279822  0.230875  0.725490  0.387830  0.174139  0.277783  0.403537  0.291213  0.359524  0.127227  0.168708  0.237874  0.418117  0.109755  0.520409  0.137494  0.443640  0.640372  0.271968  0.165956  0.157671  0.256037  0.386322  0.420624  0.173968  0.457065  0.473575  0.261294  0.253087  0.223603 
28  0.606316  0.439611  0.154519  0.120445  0.107785  0.199001  0.746027  0.541884  0.627966  0.742898  0.671858  0.634306  0.659997  0.674873  0.721529  0.211625  0.169098  0.787504  0.690374  0.612563  0.181341  0.224868  0.417153  0.151528  0.638517  0.552041  0.185980  0.622526 0.0  0.168428  0.124806  0.586840  0.421644  0.103996  0.196273  0.524436  0.861954  0.243923  0.346299  0.262469  0.513192  0.574440  0.484018  0.262547  0.591687  0.179411  0.697638  0.249825  0.240662  0.782808  0.591017  0.674149  0.714597  0.278843  0.188379  0.547661  0.265295  0.232063  0.651953  0.580164  0.355422 
29  0.501501  0.399344  0.248330  0.199487  0.176566  0.247056  0.647798  0.547599  0.706086  0.733248  0.641667  0.614463  0.592044  0.595186  0.657702  0.132489  0.135388  0.741713  0.660593  0.657820  0.204939  0.234125  0.435186  0.172445  0.455520  0.498743  0.100702  0.544567  0.168428 0.0  0.194009  0.627164  0.415270  0.150583  0.205032  0.617792  0.734341  0.245623  0.284332  0.219660  0.518266  0.587962  0.490691  0.251173  0.607804  0.157300  0.593018  0.241620  0.194097  0.710593  0.549039  0.570929  0.707341  0.253804  0.227886  0.536216  0.173435  0.252785  0.721296  0.688920  0.322974 
30  0.532899  0.363442  0.148188  0.135401  0.102092  0.182614  0.689484  0.596862  0.658016  0.680544  0.594339  0.610285  0.665770  0.785443  0.681759  0.198946  0.144038  0.706440  0.638936  0.628644  0.155683  0.214213  0.402623  0.115659  0.526306  0.458202  0.211065  0.510469  0.124806  0.194009 0.0  0.566127  0.430728  0.150566  0.164610  0.519803  0.762451  0.197451  0.305482  0.205939  0.499194  0.646820  0.472090  0.199074  0.579173  0.161254  0.653838  0.193461  0.266613  0.753957  0.564912  0.570527  0.592806  0.240961  0.188607  0.497391  0.229589  0.189574  0.673869  0.615684  0.416698 
31  0.243420  0.340454  0.566477  0.591474  0.668335  0.524518  0.199096  0.274923  0.198345  0.245410  0.167303  0.130979  0.150443  0.212856  0.140347  0.587039  0.616339  0.172750  0.175680  0.243713  0.615039  0.455060  0.450734  0.611709  0.157043  0.166022  0.648539  0.279822  0.586840  0.627164  0.566127 0.0  0.360290  0.591462  0.621201  0.174126  0.334680  0.469717  0.500180  0.510729  0.258405  0.201835  0.225597  0.536222  0.240042  0.617145  0.235785  0.581956  0.732065  0.259556  0.167716  0.262080  0.114928  0.486976  0.476876  0.258117  0.665829  0.447938  0.181714  0.184921  0.321296 
32  0.233784  0.132986  0.385880  0.423176  0.395462  0.311127  0.392685  0.187508  0.363578  0.370525  0.277815  0.349684  0.382156  0.368033  0.393887  0.348624  0.355444  0.394390  0.347718  0.287543  0.332770  0.278178  0.139042  0.330104  0.237667  0.255605  0.481166  0.230875  0.421644  0.415270  0.430728  0.360290 0.0  0.458250  0.304628  0.262267  0.436597  0.279407  0.198328  0.277851  0.162781  0.307588  0.202471  0.287484  0.230185  0.328999  0.238004  0.269491  0.576979  0.385334  0.269151  0.309915  0.305788  0.279367  0.271727  0.171569  0.324323  0.270625  0.409032  0.328185  0.130208 
33  0.523032  0.435706  0.162798  0.129201  0.131981  0.214859  0.601607  0.489133  0.836510  0.691722  0.659182  0.666729  0.701135  0.701415  0.763737  0.177363  0.164323  0.802899  0.766489  0.534334  0.217704  0.237690  0.413161  0.179641  0.524913  0.561973  0.162123  0.725490  0.103996  0.150583  0.150566  0.591462  0.458250 0.0  0.211640  0.560294  0.850186  0.254616  0.294881  0.282652  0.631449  0.679991  0.520784  0.219812  0.659794  0.190651  0.573929  0.233781  0.224074  0.733838  0.615459  0.753790  0.688309  0.261814  0.253787  0.511856  0.211498  0.243183  0.699765  0.698609  0.467858 
34  0.443559  0.305524  0.231861  0.231604  0.154384  0.128813  0.690336  0.384856  0.544546  0.546802  0.489431  0.495995  0.676991  0.591853  0.548019  0.149425  0.150895  0.576505  0.571376  0.537482  0.120980  0.128797  0.315859  0.128610  0.500436  0.445945  0.208196  0.387830  0.196273  0.205032  0.164610  0.621201  0.304628  0.211640 0.0  0.485633  0.645177  0.128036  0.210071  0.142535  0.446287  0.578786  0.358312  0.124878  0.496924  0.110289  0.467311  0.129238  0.303203  0.726676  0.508295  0.589062  0.513963  0.159084  0.115134  0.426604  0.155640  0.131839  0.730185  0.564966  0.342422 
35  0.178428  0.270612  0.631220  0.532810  0.526158  0.468386  0.219399  0.173380  0.255005  0.208815  0.111131  0.142610  0.197864  0.175624  0.205321  0.495149  0.589092  0.284654  0.238567  0.187815  0.419131  0.393429  0.287424  0.513506  0.130881  0.112473  0.542041  0.174139  0.524436  0.617792  0.519803  0.174126  0.262267  0.560294  0.485633 0.0  0.280894  0.401914  0.350265  0.399651  0.137708  0.161786  0.169438  0.397240  0.167076  0.493124  0.143007  0.439442  0.832639  0.254555  0.112940  0.229271  0.160828  0.391169  0.411250  0.152824  0.527601  0.430743  0.201368  0.231307  0.287500 
36  0.282766  0.437300  0.747561  0.872636  0.789739  0.614472  0.167881  0.304339  0.190186  0.151297  0.280100  0.293215  0.192910  0.173254  0.250772  0.748638  0.601806  0.313977  0.184923  0.232597  0.663327  0.598909  0.452788  0.691960  0.331038  0.321448  0.708400  0.277783  0.861954  0.734341  0.762451  0.334680  0.436597  0.850186  0.645177  0.280894 0.0  0.656189  0.569844  0.608328  0.301244  0.208329  0.363175  0.606873  0.276384  0.633253  0.234321  0.641128  0.927076  0.111220  0.261650  0.189161  0.289256  0.662481  0.591141  0.315403  0.683517  0.668661  0.207290  0.187051  0.371947 
37  0.370203  0.256969  0.235042  0.286584  0.220778  0.116209  0.641261  0.417104  0.565474  0.596477  0.388873  0.445482  0.538149  0.624238  0.512648  0.209059  0.186535  0.584002  0.620812  0.431030  0.122561  0.090409  0.276481  0.172927  0.429216  0.384452  0.273264  0.403537  0.243923  0.245623  0.197451  0.469717  0.279407  0.254616  0.128036  0.401914  0.656189 0.0  0.207306  0.115423  0.422760  0.510457  0.364188  0.088872  0.440164  0.170973  0.467870  0.105987  0.371722  0.615327  0.401606  0.528038  0.495632  0.112409  0.095743  0.361100  0.171599  0.094764  0.549005  0.501529  0.319606 
38  0.299325  0.185753  0.446255  0.373211  0.330346  0.239161  0.462731  0.319815  0.524236  0.440079  0.382137  0.429308  0.493900  0.474223  0.528959  0.258485  0.305614  0.565158  0.481560  0.371422  0.281088  0.208490  0.164337  0.284657  0.357767  0.352164  0.330550  0.291213  0.346299  0.284332  0.305482  0.500180  0.198328  0.294881  0.210071  0.350265  0.569844  0.207306 0.0  0.173355  0.341253  0.393668  0.329458  0.195691  0.328407  0.239943  0.300482  0.218208  0.441142  0.487125  0.416064  0.386774  0.414304  0.200696  0.207076  0.302912  0.204501  0.208422  0.474748  0.492640  0.177754 
39  0.426772  0.252038  0.268915  0.296140  0.242329  0.146864  0.521926  0.432012  0.460720  0.490528  0.474290  0.412647  0.563591  0.576131  0.462516  0.192987  0.179063  0.572755  0.610870  0.422495  0.141299  0.126345  0.266805  0.180246  0.424485  0.392590  0.246227  0.359524  0.262469  0.219660  0.205939  0.510729  0.277851  0.282652  0.142535  0.399651  0.608328  0.115423  0.173355 0.0  0.370945  0.441694  0.349487  0.117238  0.397927  0.162099  0.434106  0.132922  0.330033  0.529971  0.500348  0.500441  0.443775  0.127206  0.122837  0.372864  0.155004  0.131437  0.526402  0.539506  0.257585 
40  0.139150  0.225647  0.664373  0.528760  0.532279  0.383679  0.258496  0.116743  0.270516  0.244713  0.142894  0.212502  0.250550  0.194770  0.285051  0.438190  0.508421  0.372616  0.279935  0.170732  0.401811  0.431480  0.230235  0.540746  0.178646  0.170781  0.503667  0.127227  0.513192  0.518266  0.499194  0.258405  0.162781  0.631449  0.446287  0.137708  0.301244  0.422760  0.341253  0.370945 0.0  0.176300  0.191603  0.456151  0.121761  0.438643  0.144134  0.476335  0.620997  0.308953  0.164300  0.184514  0.225780  0.328506  0.442215  0.139804  0.421015  0.413702  0.231489  0.248787  0.197534 
41  0.171763  0.275839  0.667238  0.651610  0.577048  0.615149  0.149475  0.189251  0.164823  0.136679  0.127540  0.155646  0.156761  0.124932  0.205887  0.541736  0.604967  0.297323  0.209594  0.125886  0.588285  0.486489  0.316292  0.599460  0.191826  0.173439  0.669583  0.168708  0.574440  0.587962  0.646820  0.201835  0.307588  0.679991  0.578786  0.161786  0.208329  0.510457  0.393668  0.441694  0.176300 0.0  0.234834  0.540090  0.157788  0.497493  0.119142  0.511897  0.723851  0.185504  0.129316  0.131100  0.206870  0.495132  0.487177  0.213211  0.560257  0.470262  0.179661  0.165262  0.310034 
42  0.256497  0.244989  0.524125  0.552333  0.447983  0.337276  0.316307  0.251833  0.341811  0.344114  0.203781  0.232852  0.290632  0.320636  0.274194  0.452980  0.476650  0.343375  0.264394  0.245910  0.354633  0.353855  0.275892  0.475845  0.147164  0.146570  0.503998  0.237874  0.484018  0.490691  0.472090  0.225597  0.202471  0.520784  0.358312  0.169438  0.363175  0.364188  0.329458  0.349487  0.191603  0.234834 0.0  0.366984  0.207126  0.468286  0.232823  0.329970  0.607543  0.346651  0.210032  0.289433  0.185935  0.364848  0.390480  0.157205  0.415689  0.338812  0.280324  0.291700  0.227790 
43  0.404970  0.310741  0.282487  0.267058  0.235688  0.125816  0.626072  0.389212  0.605056  0.543270  0.521301  0.537054  0.514073  0.560334  0.619480  0.194604  0.176024  0.649962  0.581528  0.527026  0.117623  0.093030  0.281368  0.151526  0.455175  0.448085  0.264585  0.418117  0.262547  0.251173  0.199074  0.536222  0.287484  0.219812  0.124878  0.397240  0.606873  0.088872  0.195691  0.117238  0.456151  0.540090  0.366984 0.0  0.426997  0.164252  0.490180  0.103204  0.320567  0.644115  0.502788  0.497933  0.423809  0.118105  0.090379  0.341841  0.157952  0.096859  0.584620  0.575129  0.307373 
44  0.107805  0.238659  0.659053  0.707143  0.573641  0.501412  0.209599  0.130728  0.241016  0.199835  0.135361  0.184060  0.204984  0.183509  0.276627  0.503943  0.592825  0.352152  0.259642  0.116335  0.460204  0.430259  0.257218  0.527849  0.201013  0.188091  0.630147  0.109755  0.591687  0.607804  0.579173  0.240042  0.230185  0.659794  0.496924  0.167076  0.276384  0.440164  0.328407  0.397927  0.121761  0.157788  0.207126  0.426997 0.0  0.564725  0.109664  0.426168  0.638927  0.230258  0.152633  0.151140  0.207374  0.416158  0.432016  0.183230  0.473699  0.419242  0.221507  0.221429  0.264702 
45  0.502546  0.328124  0.222059  0.195977  0.147661  0.133330  0.575393  0.546530  0.780774  0.635001  0.624997  0.559677  0.639560  0.626604  0.669422  0.131865  0.112427  0.725365  0.616151  0.467078  0.124702  0.151405  0.302670  0.129883  0.422802  0.484086  0.177415  0.520409  0.179411  0.157300  0.161254  0.617145  0.328999  0.190651  0.110289  0.493124  0.633253  0.170973  0.239943  0.162099  0.438643  0.497493  0.468286  0.164252  0.564725 0.0  0.518839  0.151335  0.273651  0.581093  0.550391  0.520656  0.554088  0.187266  0.134624  0.465341  0.162032  0.162661  0.637298  0.631375  0.351375 
46  0.132261  0.250297  0.649203  0.603602  0.636528  0.504103  0.183004  0.161259  0.231308  0.167655  0.120945  0.180864  0.177661  0.155416  0.205306  0.511594  0.537163  0.332208  0.214080  0.120106  0.462950  0.423918  0.303181  0.547131  0.190167  0.176302  0.491451  0.137494  0.697638  0.593018  0.653838  0.235785  0.238004  0.573929  0.467311  0.143007  0.234321  0.467870  0.300482  0.434106  0.144134  0.119142  0.232823  0.490180  0.109664  0.518839 0.0  0.455826  0.721143  0.224894  0.136357  0.137737  0.221380  0.417497  0.445340  0.187873  0.469263  0.494621  0.191411  0.195749  0.246624 
47  0.437071  0.300270  0.258185  0.250581  0.197062  0.100556  0.626621  0.457409  0.612135  0.545607  0.470730  0.431880  0.527490  0.492927  0.593635  0.212801  0.192710  0.658912  0.654997  0.494150  0.111316  0.098338  0.311059  0.148330  0.413906  0.390650  0.246157  0.443640  0.249825  0.241620  0.193461  0.581956  0.269491  0.233781  0.129238  0.439442  0.641128  0.105987  0.218208  0.132922  0.476335  0.511897  0.329970  0.103204  0.426168  0.151335  0.455826 0.0  0.330147  0.590197  0.506582  0.579266  0.402704  0.124448  0.106751  0.322590  0.198054  0.096400  0.528031  0.682357  0.342526 
48  0.611506  0.422677  0.269641  0.261780  0.269304  0.349400  0.826897  0.683663  0.783571  1.000000  0.616954  0.744768  0.733446  0.673810  0.803076  0.237783  0.242523  0.942645  0.952482  0.611313  0.305148  0.333782  0.509695  0.284098  0.690782  0.705127  0.172153  0.640372  0.240662  0.194097  0.266613  0.732065  0.576979  0.224074  0.303203  0.832639  0.927076  0.371722  0.441142  0.330033  0.620997  0.723851  0.607543  0.320567  0.638927  0.273651  0.721143  0.330147 0.0  0.710404  0.725390  0.758354  0.732683  0.399182  0.312360  0.560989  0.271199  0.331677  0.797743  0.733386  0.497052 
49  0.250100  0.520401  0.796381  0.684827  0.696801  0.539634  0.157250  0.264420  0.172488  0.131645  0.240222  0.241137  0.180394  0.164756  0.207752  0.720888  0.698467  0.342859  0.198280  0.187033  0.666708  0.641867  0.399672  0.697950  0.320944  0.293377  0.743665  0.271968  0.782808  0.710593  0.753957  0.259556  0.385334  0.733838  0.726676  0.254555  0.111220  0.615327  0.487125  0.529971  0.308953  0.185504  0.346651  0.644115  0.230258  0.581093  0.224894  0.590197  0.710404 0.0  0.229310  0.169109  0.279436  0.563920  0.640435  0.347370  0.674979  0.536834  0.201116  0.183271  0.385936 
50  0.190923  0.323848  0.547150  0.690305  0.521991  0.530705  0.185914  0.177172  0.195397  0.203945  0.099134  0.127048  0.147281  0.160902  0.195032  0.576844  0.669999  0.261123  0.175823  0.152598  0.444339  0.400621  0.266761  0.634019  0.150337  0.153566  0.740256  0.165956  0.591017  0.549039  0.564912  0.167716  0.269151  0.615459  0.508295  0.112940  0.261650  0.401606  0.416064  0.500348  0.164300  0.129316  0.210032  0.502788  0.152633  0.550391  0.136357  0.506582  0.725390  0.229310 0.0  0.199467  0.156586  0.429152  0.526210  0.204582  0.513310  0.505458  0.171751  0.172812  0.245292 
51  0.164993  0.315173  0.827428  0.726448  0.724245  0.592696  0.187513  0.185952  0.227519  0.130571  0.185539  0.204104  0.213629  0.172128  0.220694  0.579699  0.594722  0.318557  0.224358  0.109668  0.532959  0.415762  0.295600  0.554821  0.270735  0.287185  0.662827  0.157671  0.674149  0.570929  0.570527  0.262080  0.309915  0.753790  0.589062  0.229271  0.189161  0.528038  0.386774  0.500441  0.184514  0.131100  0.289433  0.497933  0.151140  0.520656  0.137737  0.579266  0.758354  0.169109  0.199467 0.0  0.289954  0.449466  0.514063  0.250163  0.582994  0.444698  0.210187  0.220645  0.314398 
52  0.244338  0.317141  0.536058  0.579264  0.550651  0.523946  0.235401  0.232925  0.184422  0.295369  0.166421  0.126603  0.189161  0.232606  0.175337  0.548637  0.470792  0.201786  0.203754  0.208806  0.512955  0.442634  0.356388  0.541294  0.137296  0.149199  0.648971  0.256037  0.714597  0.707341  0.592806  0.114928  0.305788  0.688309  0.513963  0.160828  0.289256  0.495632  0.414304  0.443775  0.225780  0.206870  0.185935  0.423809  0.207374  0.554088  0.221380  0.402704  0.732683  0.279436  0.156586  0.289954 0.0  0.500051  0.487814  0.217325  0.497382  0.401242  0.184720  0.195411  0.289702 
53  0.410562  0.257273  0.271867  0.249726  0.257075  0.138098  0.548133  0.368618  0.536364  0.574024  0.402583  0.489173  0.566607  0.528850  0.568838  0.222311  0.221717  0.585982  0.592270  0.484204  0.151192  0.106946  0.267415  0.185227  0.350262  0.377999  0.259473  0.386322  0.278843  0.253804  0.240961  0.486976  0.279367  0.261814  0.159084  0.391169  0.662481  0.112409  0.200696  0.127206  0.328506  0.495132  0.364848  0.118105  0.416158  0.187266  0.417497  0.124448  0.399182  0.563920  0.429152  0.449466  0.500051 0.0  0.121593  0.342991  0.212299  0.100755  0.456334  0.502872  0.289533 
54  0.453300  0.293029  0.241210  0.248345  0.184327  0.110724  0.614774  0.423971  0.637408  0.626873  0.436163  0.494668  0.621766  0.537214  0.631982  0.200904  0.168248  0.534312  0.576565  0.511964  0.113122  0.098508  0.282098  0.164649  0.464138  0.431853  0.251724  0.420624  0.188379  0.227886  0.188607  0.476876  0.271727  0.253787  0.115134  0.411250  0.591141  0.095743  0.207076  0.122837  0.442215  0.487177  0.390480  0.090379  0.432016  0.134624  0.445340  0.106751  0.312360  0.640435  0.526210  0.514063  0.487814  0.121593 0.0  0.393085  0.185464  0.103447  0.608177  0.492152  0.275095 
55  0.177796  0.189934  0.493278  0.524511  0.425829  0.395737  0.279793  0.157166  0.281081  0.273508  0.181600  0.213619  0.267896  0.256014  0.304967  0.464017  0.479710  0.345146  0.292054  0.232022  0.460662  0.354432  0.236731  0.417574  0.163060  0.159715  0.536047  0.173968  0.547661  0.536216  0.497391  0.258117  0.171569  0.511856  0.426604  0.152824  0.315403  0.361100  0.302912  0.372864  0.139804  0.213211  0.157205  0.341841  0.183230  0.465341  0.187873  0.322590  0.560989  0.347370  0.204582  0.250163  0.217325  0.342991  0.393085 0.0  0.377731  0.357062  0.287711  0.293376  0.206276 
56  0.506066  0.303215  0.250357  0.264912  0.201965  0.189860  0.638450  0.434162  0.578632  0.576832  0.473372  0.477542  0.566707  0.606488  0.653114  0.126658  0.153236  0.630473  0.593184  0.581153  0.184465  0.191627  0.281998  0.179427  0.451766  0.424989  0.189262  0.457065  0.265295  0.173435  0.229589  0.665829  0.324323  0.211498  0.155640  0.527601  0.683517  0.171599  0.204501  0.155004  0.421015  0.560257  0.415689  0.157952  0.473699  0.162032  0.469263  0.198054  0.271199  0.674979  0.513310  0.582994  0.497382  0.212299  0.185464  0.377731 0.0  0.187342  0.698351  0.570627  0.323183 
57  0.529069  0.308456  0.273712  0.267165  0.213058  0.118577  0.489392  0.297813  0.558541  0.467278  0.458504  0.504932  0.601385  0.530493  0.535627  0.190605  0.218213  0.606908  0.624269  0.489743  0.121911  0.087317  0.270073  0.172048  0.398780  0.346049  0.236569  0.473575  0.232063  0.252785  0.189574  0.447938  0.270625  0.243183  0.131839  0.430743  0.668661  0.094764  0.208422  0.131437  0.413702  0.470262  0.338812  0.096859  0.419242  0.162661  0.494621  0.096400  0.331677  0.536834  0.505458  0.444698  0.401242  0.100755  0.103447  0.357062  0.187342 0.0  0.608586  0.509781  0.300754 
58  0.225331  0.367974  0.675718  0.727594  0.587622  0.519772  0.116298  0.302218  0.104210  0.188267  0.195701  0.136574  0.103188  0.135730  0.127977  0.681773  0.659965  0.202342  0.107980  0.209553  0.648598  0.538597  0.392618  0.586994  0.236250  0.200117  0.725231  0.261294  0.651953  0.721296  0.673869  0.181714  0.409032  0.699765  0.730185  0.201368  0.207290  0.549005  0.474748  0.526402  0.231489  0.179661  0.280324  0.584620  0.221507  0.637298  0.191411  0.528031  0.797743  0.201116  0.171751  0.210187  0.184720  0.456334  0.608177  0.287711  0.698351  0.608586 0.0  0.090014  0.399567 
59  0.243842  0.465102  0.633068  0.817890  0.618790  0.659041  0.114731  0.262726  0.102082  0.170216  0.196536  0.162264  0.100013  0.129031  0.130221  0.648218  0.635986  0.200707  0.109047  0.208282  0.598374  0.569546  0.416587  0.566825  0.213391  0.220793  0.706415  0.253087  0.580164  0.688920  0.615684  0.184921  0.328185  0.698609  0.564966  0.231307  0.187051  0.501529  0.492640  0.539506  0.248787  0.165262  0.291700  0.575129  0.221429  0.631375  0.195749  0.682357  0.733386  0.183271  0.172812  0.220645  0.195411  0.502872  0.492152  0.293376  0.570627  0.509781  0.090014 0.0  0.395100 
60  0.237690  0.103258  0.457675  0.489685  0.417079  0.326759  0.385001  0.215603  0.430476  0.395283  0.257422  0.265288  0.376016  0.315642  0.384231  0.316675  0.350875  0.472368  0.441002  0.269265  0.330036  0.327944  0.117597  0.367422  0.270424  0.211944  0.430578  0.223603  0.355422  0.322974  0.416698  0.321296  0.130208  0.467858  0.342422  0.287500  0.371947  0.319606  0.177754  0.257585  0.197534  0.310034  0.227790  0.307373  0.264702  0.351375  0.246624  0.342526  0.497052  0.385936  0.245292  0.314398  0.289702  0.289533  0.275095  0.206276  0.323183  0.300754  0.399567  0.395100 0.0 
