61
0 0.0  0.233787  0.663934  0.585182  0.653549  0.462615  0.242808  0.130900  0.247576  0.237422  0.186806  0.225617  0.257030  0.212957  0.288637  0.521216  0.573203  0.397683  0.300967  0.143345  0.531015  0.451416  0.258528  0.556033  0.207506  0.220157  0.620370  0.101972  0.685171  0.548067  0.631914  0.304630  0.250236  0.618910  0.468150  0.196619  0.283647  0.439817  0.357757  0.373177  0.141026  0.173401  0.248113  0.427940  0.119888  0.510122  0.154813  0.440494  0.819112  0.278995  0.201909  0.164521  0.304971  0.421871  0.521770  0.220344  0.492553  0.450280  0.229589  0.288547  0.224427 
1  0.233787 0.0  0.474258  0.406803  0.455632  0.378832  0.399322  0.224932  0.427612  0.365132  0.297405  0.377987  0.431291  0.409531  0.377793  0.326590  0.354306  0.499778  0.400771  0.336843  0.340996  0.303151  0.113922  0.396242  0.274302  0.277895  0.400555  0.253588  0.439862  0.359050  0.445904  0.359776  0.134674  0.445857  0.316159  0.271947  0.473345  0.317234  0.193626  0.269758  0.227997  0.335014  0.266902  0.309914  0.294300  0.350418  0.274673  0.329419  0.479850  0.481465  0.278053  0.351779  0.342371  0.285775  0.289173  0.204929  0.336536  0.292784  0.425975  0.372662  0.106034 
2  0.663934  0.474258 0.0  0.115016  0.168098  0.240188  0.818036  0.640286  0.839893  0.832195  0.723445  0.640913  0.700452  0.817167  0.725136  0.260427  0.217611  0.725325  0.692735  0.740715  0.244194  0.249889  0.514871  0.192165  0.576770  0.640025  0.284633  0.660622  0.159130  0.237019  0.148179  0.586442  0.486160  0.171516  0.234246  0.593205  0.843926  0.281779  0.385202  0.324575  0.725391  0.894509  0.557462  0.249973  0.681191  0.249925  0.662289  0.265683  0.269681  0.947630  0.601503  0.670056  0.653571  0.270877  0.284947  0.610275  0.286690  0.294829  0.801066  0.755862  0.483853 
3  0.585182  0.406803  0.115016 0.0  0.141074  0.237700  0.700322  0.556460  0.759193  0.654782  0.592115  0.652877  0.762510  0.816586  0.814281  0.227295  0.194289  0.854443  0.783248  0.841375  0.218086  0.287108  0.422035  0.169441  0.586275  0.649577  0.219576  0.628286  0.126283  0.217120  0.142158  0.753309  0.487915  0.146936  0.251925  0.612033  0.746316  0.256249  0.391193  0.274057  0.626770  0.658395  0.566336  0.271302  0.709771  0.224156  0.612819  0.262663  0.277214  0.805668  0.662631  0.648072  0.681189  0.279780  0.272349  0.571649  0.263602  0.296743  0.871924  0.773660  0.490986 
4  0.653549  0.455632  0.168098  0.141074 0.0  0.210575  0.681422  0.522553  0.777944  0.690230  0.724686  0.560356  0.629942  0.801648  0.605566  0.177128  0.142262  0.759997  0.732953  0.774871  0.177902  0.225505  0.369959  0.142995  0.529718  0.572943  0.187341  0.624423  0.109421  0.189663  0.109811  0.663464  0.432317  0.131837  0.186910  0.618561  0.791882  0.231014  0.331972  0.241037  0.564081  0.588959  0.503237  0.205937  0.556991  0.173704  0.680588  0.207152  0.263867  0.869995  0.585912  0.730367  0.609057  0.253575  0.225803  0.466528  0.217372  0.205048  0.523759  0.813741  0.469101 
5  0.462615  0.378832  0.240188  0.237700  0.210575 0.0  0.581259  0.492185  0.633593  0.647445  0.485174  0.613788  0.556853  0.658041  0.494703  0.205406  0.176924  0.630739  0.681718  0.545760  0.102667  0.125484  0.319246  0.136958  0.504507  0.523847  0.267962  0.562742  0.208301  0.240323  0.190397  0.605167  0.330628  0.262811  0.129940  0.528355  0.647941  0.128487  0.268371  0.157028  0.506966  0.634890  0.350438  0.126391  0.472933  0.144830  0.502807  0.111070  0.333103  0.618897  0.515928  0.592083  0.467325  0.147713  0.119044  0.405302  0.191074  0.126326  0.576450  0.673856  0.325799 
6  0.242808  0.399322  0.818036  0.700322  0.681422  0.581259 0.0  0.288290  0.113564  0.159414  0.197367  0.185749  0.130706  0.119783  0.189371  0.615476  0.644205  0.225051  0.134361  0.201355  0.647285  0.653220  0.414219  0.790420  0.283708  0.312241  0.720757  0.222210  0.685031  0.757699  0.649962  0.204694  0.380959  0.781081  0.714819  0.251581  0.171092  0.627540  0.499681  0.684098  0.288332  0.179598  0.301277  0.545441  0.253561  0.620182  0.202250  0.615022  0.857286  0.174241  0.200305  0.194241  0.256927  0.537829  0.637191  0.279089  0.724782  0.537440  0.133426  0.127170  0.343150 
7  0.130900  0.224932  0.640286  0.556460  0.522553  0.492185  0.288290 0.0  0.302400  0.271759  0.178708  0.236877  0.269418  0.221715  0.325987  0.516728  0.524106  0.348602  0.295431  0.162084  0.417710  0.398712  0.226481  0.522220  0.229800  0.205607  0.567046  0.107272  0.575914  0.507230  0.542210  0.267320  0.206296  0.613681  0.435129  0.172149  0.350965  0.393832  0.302940  0.318834  0.112553  0.190990  0.259994  0.471536  0.131455  0.474855  0.166036  0.368914  0.654357  0.270943  0.211416  0.202048  0.256962  0.381462  0.480641  0.159679  0.466083  0.434017  0.289174  0.296118  0.203367 
8  0.247576  0.427612  0.839893  0.759193  0.777944  0.633593  0.113564  0.302400 0.0  0.177094  0.229237  0.192460  0.125800  0.136583  0.143014  0.700156  0.742653  0.240720  0.114958  0.215492  0.633164  0.655872  0.463467  0.808325  0.235561  0.231519  0.766687  0.308256  0.677141  0.725245  0.734514  0.206427  0.403106  0.821101  0.527327  0.241331  0.172784  0.705901  0.509450  0.611085  0.298481  0.175639  0.356697  0.641666  0.277485  0.618867  0.209081  0.579941  0.867513  0.189330  0.207151  0.216249  0.201942  0.542277  0.578798  0.342681  0.722554  0.673171  0.109700  0.107135  0.400289 
9  0.237422  0.365132  0.832195  0.654782  0.690230  0.647445  0.159414  0.271759  0.177094 0.0  0.196472  0.238990  0.199282  0.140927  0.233225  0.597992  0.672591  0.321048  0.197650  0.163163  0.569879  0.584540  0.420126  0.680498  0.244499  0.252719  0.684463  0.222179  0.812983  0.660524  0.624598  0.255885  0.326941  0.781937  0.708457  0.239377  0.150652  0.579909  0.435290  0.604415  0.273109  0.157852  0.335032  0.491789  0.194179  0.509694  0.192241  0.570355  0.738617  0.124949  0.228653  0.141361  0.290295  0.522935  0.559239  0.258787  0.530974  0.550472  0.184817  0.178894  0.342430 
10  0.186806  0.297405  0.723445  0.592115  0.724686  0.485174  0.197367  0.178708  0.229237  0.196472 0.0  0.155437  0.180159  0.176528  0.212769  0.549565  0.625365  0.268572  0.223422  0.161360  0.497849  0.511126  0.286995  0.534318  0.178445  0.160503  0.632369  0.175595  0.614527  0.616727  0.695834  0.195339  0.273782  0.663912  0.518378  0.115390  0.241440  0.494156  0.407416  0.489493  0.158040  0.140500  0.231022  0.491939  0.146955  0.527678  0.123808  0.570396  0.673996  0.244760  0.102858  0.182605  0.171248  0.423143  0.499920  0.199347  0.464378  0.496279  0.187937  0.208481  0.299103 
11  0.225617  0.377987  0.640913  0.652877  0.560356  0.613788  0.185749  0.236877  0.192460  0.238990  0.155437 0.0  0.150640  0.171303  0.153016  0.550740  0.689074  0.233162  0.205598  0.197268  0.539739  0.604957  0.434447  0.563569  0.160671  0.157858  0.661964  0.224336  0.686621  0.556567  0.633131  0.131864  0.328792  0.821813  0.560337  0.148919  0.290937  0.550178  0.430033  0.514697  0.228108  0.167187  0.257049  0.518749  0.196818  0.575329  0.191945  0.534187  0.725527  0.278352  0.132744  0.217524  0.126505  0.517102  0.599401  0.225043  0.514172  0.506804  0.171273  0.158537  0.323338 
12  0.257030  0.431291  0.700452  0.762510  0.629942  0.556853  0.130706  0.269418  0.125800  0.199282  0.180159  0.150640 0.0  0.127073  0.143334  0.714323  0.691369  0.212672  0.135075  0.201689  0.534828  0.537547  0.396009  0.646747  0.225634  0.230605  0.804245  0.274083  0.710202  0.731398  0.575713  0.169655  0.389360  0.716755  0.641714  0.203951  0.233450  0.586537  0.552910  0.710834  0.237277  0.166765  0.293726  0.517359  0.231004  0.706825  0.190053  0.601586  0.784934  0.215385  0.166455  0.205792  0.183776  0.603164  0.579595  0.306612  0.585031  0.596412  0.108724  0.104338  0.425716 
13  0.212957  0.409531  0.817167  0.816586  0.801648  0.658041  0.119783  0.221715  0.136583  0.140927  0.176528  0.171303  0.127073 0.0  0.185858  0.604321  0.548330  0.263370  0.160210  0.168128  0.612841  0.484904  0.396030  0.738896  0.224928  0.237716  0.723889  0.241168  0.703863  0.639372  0.642300  0.207800  0.341094  0.740319  0.633174  0.204983  0.199377  0.520387  0.563993  0.536998  0.210605  0.133967  0.273590  0.621939  0.224930  0.542972  0.167501  0.649916  0.839062  0.170490  0.168210  0.163084  0.221486  0.524213  0.551122  0.268773  0.461814  0.576886  0.143703  0.137250  0.327676 
14  0.288637  0.377793  0.725136  0.814281  0.605566  0.494703  0.189371  0.325987  0.143014  0.233225  0.212769  0.153016  0.143334  0.185858 0.0  0.644925  0.568677  0.189894  0.127347  0.239107  0.623572  0.665426  0.429135  0.766087  0.236737  0.238555  0.668357  0.280122  0.854416  0.715718  0.616518  0.164052  0.421621  0.751272  0.664205  0.218723  0.238188  0.622726  0.536505  0.677832  0.259288  0.205205  0.324557  0.542397  0.262003  0.682952  0.209359  0.618918  0.811875  0.240624  0.199519  0.271003  0.182432  0.537637  0.547410  0.273705  0.642965  0.574551  0.125662  0.137031  0.327614 
15  0.521216  0.326590  0.260427  0.227295  0.177128  0.205406  0.615476  0.516728  0.700156  0.597992  0.549565  0.550740  0.714323  0.604321  0.644925 0.0  0.131944  0.698218  0.737481  0.547806  0.205601  0.200142  0.321027  0.172978  0.562549  0.533108  0.154911  0.602415  0.203673  0.135725  0.225392  0.603366  0.372055  0.193203  0.165741  0.487467  0.689086  0.203668  0.236197  0.191878  0.490677  0.536793  0.468729  0.186364  0.478220  0.144497  0.548475  0.193852  0.267912  0.661093  0.512970  0.582003  0.634287  0.234390  0.198362  0.445299  0.141895  0.199996  0.666924  0.645887  0.320490 
16  0.573203  0.354306  0.217611  0.194289  0.142262  0.176924  0.644205  0.524106  0.742653  0.672591  0.625365  0.689074  0.691369  0.548330  0.568677  0.131944 0.0  0.710866  0.652942  0.557043  0.172566  0.199675  0.346376  0.134223  0.528058  0.495048  0.159706  0.536678  0.173614  0.146775  0.165769  0.653622  0.387312  0.155904  0.157782  0.681430  0.771526  0.185866  0.309717  0.204263  0.536447  0.604104  0.484979  0.200015  0.595514  0.114686  0.574315  0.196930  0.260945  0.756902  0.651603  0.716238  0.545611  0.229183  0.175701  0.468058  0.166360  0.198094  0.717335  0.682260  0.393352 
17  0.397683  0.499778  0.725325  0.854443  0.759997  0.630739  0.225051  0.348602  0.240720  0.321048  0.268572  0.233162  0.212672  0.263370  0.189894  0.698218  0.710866 0.0  0.223046  0.358557  0.659633  0.622508  0.466690  0.683922  0.295983  0.285936  0.794203  0.380473  0.923281  0.642306  0.708654  0.192875  0.466296  0.877715  0.675914  0.286047  0.430130  0.586091  0.521121  0.570084  0.354889  0.327885  0.386272  0.623154  0.304087  0.772520  0.310350  0.683889  0.902665  0.303602  0.275306  0.356132  0.203255  0.593796  0.699978  0.354238  0.811466  0.540154  0.206514  0.239269  0.478779 
18  0.300967  0.400771  0.692735  0.783248  0.732953  0.681718  0.134361  0.295431  0.114958  0.197650  0.223422  0.205598  0.135075  0.160210  0.127347  0.737481  0.652942  0.223046 0.0  0.230286  0.663043  0.571628  0.469881  0.683715  0.294714  0.255567  0.834890  0.270163  0.818847  0.776370  0.676591  0.187715  0.359824  0.774364  0.569278  0.228049  0.242730  0.604991  0.609268  0.590523  0.285947  0.205231  0.331217  0.578405  0.239614  0.609718  0.205297  0.680530  0.809770  0.212474  0.207325  0.259462  0.214247  0.557197  0.675026  0.323220  0.634993  0.541482  0.118160  0.114817  0.412309 
19  0.143345  0.336843  0.740715  0.841375  0.774871  0.545760  0.201355  0.162084  0.215492  0.163163  0.161360  0.197268  0.201689  0.168128  0.239107  0.547806  0.557043  0.358557  0.230286 0.0  0.526125  0.598378  0.307174  0.614813  0.258416  0.228943  0.670793  0.149782  0.617695  0.620539  0.578127  0.265352  0.282665  0.770737  0.506742  0.179469  0.259144  0.505180  0.432455  0.471666  0.177423  0.129880  0.279629  0.541296  0.132609  0.608156  0.121743  0.474388  0.700543  0.222777  0.176430  0.121835  0.240905  0.493639  0.503899  0.211461  0.558249  0.431067  0.202136  0.219348  0.278075 
20  0.531015  0.340996  0.244194  0.218086  0.177902  0.102667  0.647285  0.417710  0.633164  0.569879  0.497849  0.539739  0.534828  0.612841  0.623572  0.205601  0.172566  0.659633  0.663043  0.526125 0.0  0.128888  0.323549  0.129221  0.449680  0.462995  0.236210  0.469031  0.202903  0.237626  0.177685  0.479545  0.306557  0.213517  0.125289  0.504184  0.708561  0.125972  0.243260  0.157669  0.478749  0.552459  0.461301  0.127670  0.472801  0.133091  0.562735  0.116741  0.324325  0.724868  0.512087  0.538781  0.456714  0.156347  0.120518  0.451184  0.187944  0.129652  0.641247  0.662636  0.371944 
21  0.451416  0.303151  0.249889  0.287108  0.225505  0.125484  0.653220  0.398712  0.655872  0.584540  0.511126  0.604957  0.537547  0.484904  0.665426  0.200142  0.199675  0.622508  0.571628  0.598378  0.128888 0.0  0.299006  0.170860  0.386160  0.480531  0.288036  0.399398  0.247402  0.261999  0.227528  0.553705  0.280710  0.228773  0.140783  0.414905  0.645723  0.096536  0.200637  0.144588  0.432821  0.417773  0.352874  0.097677  0.456978  0.158930  0.465560  0.102114  0.410250  0.552509  0.488665  0.480626  0.415891  0.113169  0.101610  0.384444  0.208553  0.093483  0.621288  0.627918  0.309237 
22  0.258528  0.113922  0.514871  0.422035  0.369959  0.319246  0.414219  0.226481  0.463467  0.420126  0.286995  0.434447  0.396009  0.396030  0.429135  0.321027  0.346376  0.466690  0.469881  0.307174  0.323549  0.299006 0.0  0.403932  0.299145  0.305387  0.455686  0.273478  0.431515  0.346497  0.416593  0.363489  0.149417  0.509195  0.351133  0.315420  0.455998  0.300335  0.170886  0.246637  0.244874  0.362760  0.293649  0.320565  0.236792  0.391728  0.345102  0.313611  0.533836  0.495303  0.287295  0.337463  0.348391  0.281621  0.287158  0.230721  0.296232  0.267027  0.393006  0.386225  0.117543 
23  0.556033  0.396242  0.192165  0.169441  0.142995  0.136958  0.790420  0.522220  0.808325  0.680498  0.534318  0.563569  0.646747  0.738896  0.766087  0.172978  0.134223  0.683922  0.683715  0.614813  0.129221  0.170860  0.403932 0.0  0.496762  0.536907  0.205537  0.512770  0.171295  0.188784  0.133885  0.566068  0.362084  0.154891  0.129156  0.497250  0.745004  0.174357  0.280147  0.206075  0.578842  0.599497  0.437870  0.174526  0.546749  0.127615  0.525811  0.155510  0.306328  0.754144  0.648531  0.643505  0.666865  0.199941  0.156093  0.478462  0.225012  0.173971  0.672050  0.674844  0.369285 
24  0.207506  0.274302  0.576770  0.586275  0.529718  0.504507  0.283708  0.229800  0.235561  0.244499  0.178445  0.160671  0.225634  0.224928  0.236737  0.562549  0.528058  0.295983  0.294714  0.258416  0.449680  0.386160  0.299145  0.496762 0.0  0.107607  0.559668  0.226521  0.602164  0.554518  0.526529  0.156227  0.258041  0.592204  0.523145  0.141098  0.320216  0.467196  0.340804  0.388616  0.198754  0.223867  0.158987  0.420175  0.203204  0.516329  0.198098  0.498572  0.783700  0.340694  0.154098  0.305208  0.141172  0.433483  0.413496  0.182059  0.503287  0.478547  0.214264  0.247886  0.277215 
25  0.220157  0.277895  0.640025  0.649577  0.572943  0.523847  0.312241  0.205607  0.231519  0.252719  0.160503  0.157858  0.230605  0.237716  0.238555  0.533108  0.495048  0.285936  0.255567  0.228943  0.462995  0.480531  0.305387  0.536907  0.107607 0.0  0.592795  0.208512  0.612854  0.565361  0.498000  0.176365  0.264065  0.547725  0.444351  0.121882  0.321722  0.468071  0.403927  0.490001  0.177618  0.200159  0.169275  0.437722  0.177278  0.454240  0.189413  0.469928  0.747865  0.282485  0.154629  0.256249  0.147705  0.392760  0.497190  0.171638  0.522719  0.443098  0.233192  0.224459  0.311788 
26  0.620370  0.400555  0.284633  0.219576  0.187341  0.267962  0.720757  0.567046  0.766687  0.684463  0.632369  0.661964  0.804245  0.723889  0.668357  0.154911  0.159706  0.794203  0.834890  0.670793  0.236210  0.288036  0.455686  0.205537  0.559668  0.592795 0.0  0.577288  0.182954  0.109071  0.212231  0.725417  0.449126  0.171917  0.214638  0.698533  0.775961  0.223950  0.332009  0.269651  0.562221  0.705232  0.542132  0.238911  0.676783  0.192412  0.621665  0.251259  0.188197  0.681683  0.585493  0.604710  0.705398  0.288808  0.239235  0.499061  0.199142  0.280647  0.701681  0.647755  0.549084 
27  0.101972  0.253588  0.660622  0.628286  0.624423  0.562742  0.222210  0.107272  0.308256  0.222179  0.175595  0.224336  0.274083  0.241168  0.280122  0.602415  0.536678  0.380473  0.270163  0.149782  0.469031  0.399398  0.273478  0.512770  0.226521  0.208512  0.577288 0.0  0.650699  0.458487  0.584285  0.315902  0.237866  0.659154  0.462020  0.175987  0.333132  0.458236  0.285844  0.434077  0.132169  0.172939  0.273902  0.457697  0.115741  0.502414  0.150039  0.460077  0.610037  0.264709  0.189826  0.182820  0.248053  0.434632  0.451198  0.200599  0.452977  0.483536  0.262333  0.234935  0.212845 
28  0.685171  0.439862  0.159130  0.126283  0.109421  0.208301  0.685031  0.575914  0.677141  0.812983  0.614527  0.686621  0.710202  0.703863  0.854416  0.203673  0.173614  0.923281  0.818847  0.617695  0.202903  0.247402  0.431515  0.171295  0.602164  0.612854  0.182954  0.650699 0.0  0.166758  0.133880  0.545288  0.470816  0.117663  0.195410  0.546103  0.867857  0.268392  0.358853  0.276833  0.636694  0.782159  0.509738  0.250972  0.566655  0.152190  0.636172  0.224024  0.246832  0.809447  0.585497  0.753063  0.582349  0.284452  0.212791  0.561791  0.239111  0.254252  0.749713  0.701887  0.481557 
29  0.548067  0.359050  0.237019  0.217120  0.189663  0.240323  0.757699  0.507230  0.725245  0.660524  0.616727  0.556567  0.731398  0.639372  0.715718  0.135725  0.146775  0.642306  0.776370  0.620539  0.237626  0.261999  0.346497  0.188784  0.554518  0.565361  0.109071  0.458487  0.166758 0.0  0.197521  0.710838  0.425228  0.169407  0.189107  0.501008  0.730769  0.248170  0.324427  0.242057  0.550185  0.600630  0.569168  0.244515  0.564612  0.186398  0.611926  0.247734  0.216975  0.858552  0.633105  0.641158  0.680794  0.276429  0.240142  0.552869  0.197081  0.243724  0.751229  0.773981  0.433935 
30  0.631914  0.445904  0.148179  0.142158  0.109811  0.190397  0.649962  0.542210  0.734514  0.624598  0.695834  0.633131  0.575713  0.642300  0.616518  0.225392  0.165769  0.708654  0.676591  0.578127  0.177685  0.227528  0.416593  0.133885  0.526529  0.498000  0.212231  0.584285  0.133880  0.197521 0.0  0.671445  0.385109  0.161362  0.183307  0.672230  0.867675  0.210361  0.353175  0.224694  0.508964  0.554459  0.490403  0.229150  0.530845  0.159512  0.652519  0.191553  0.248834  0.696284  0.541158  0.754174  0.531136  0.224552  0.207899  0.468245  0.255394  0.238333  0.626236  0.616217  0.492734 
31  0.304630  0.359776  0.586442  0.753309  0.663464  0.605167  0.204694  0.267320  0.206427  0.255885  0.195339  0.131864  0.169655  0.207800  0.164052  0.603366  0.653622  0.192875  0.187715  0.265352  0.479545  0.553705  0.363489  0.566068  0.156227  0.176365  0.725417  0.315902  0.545288  0.710838  0.671445 0.0  0.325182  0.551004  0.550170  0.198358  0.314118  0.468347  0.449198  0.560447  0.245228  0.207143  0.250731  0.474146  0.245485  0.633707  0.243844  0.542152  0.769290  0.291674  0.178583  0.274213  0.125348  0.513025  0.519708  0.271132  0.602079  0.501121  0.172176  0.188016  0.339760 
32  0.250236  0.134674  0.486160  0.487915  0.432317  0.330628  0.380959  0.206296  0.403106  0.326941  0.273782  0.328792  0.389360  0.341094  0.421621  0.372055  0.387312  0.466296  0.359824  0.282665  0.306557  0.280710  0.149417  0.362084  0.258041  0.264065  0.449126  0.237866  0.470816  0.425228  0.385109  0.325182 0.0  0.430628  0.326998  0.267826  0.460411  0.293555  0.208798  0.297989  0.231494  0.288420  0.214127  0.301944  0.228160  0.312936  0.271244  0.349563  0.503507  0.410276  0.288940  0.295514  0.302117  0.248350  0.313362  0.190830  0.351858  0.305316  0.423165  0.359839  0.133486 
33  0.618910  0.445857  0.171516  0.146936  0.131837  0.262811  0.781081  0.613681  0.821101  0.781937  0.663912  0.821813  0.716755  0.740319  0.751272  0.193203  0.155904  0.877715  0.774364  0.770737  0.213517  0.228773  0.509195  0.154891  0.592204  0.547725  0.171917  0.659154  0.117663  0.169407  0.161362  0.551004  0.430628 0.0  0.212670  0.684857  0.902355  0.292163  0.356632  0.262004  0.601345  0.716902  0.540458  0.272265  0.631466  0.194390  0.585454  0.259665  0.231291  0.786458  0.627361  0.605376  0.671645  0.304464  0.227730  0.626132  0.226161  0.299187  0.740236  0.784132  0.480124 
34  0.468150  0.316159  0.234246  0.251925  0.186910  0.129940  0.714819  0.435129  0.527327  0.708457  0.518378  0.560337  0.641714  0.633174  0.664205  0.165741  0.157782  0.675914  0.569278  0.506742  0.125289  0.140783  0.351133  0.129156  0.523145  0.444351  0.214638  0.462020  0.195410  0.189107  0.183307  0.550170  0.326998  0.212670 0.0  0.512109  0.729607  0.141891  0.236366  0.145715  0.454361  0.523342  0.431771  0.127530  0.493711  0.115650  0.555321  0.133292  0.272858  0.725661  0.501908  0.522039  0.604480  0.165632  0.121096  0.436028  0.164186  0.140260  0.684402  0.734059  0.351731 
35  0.196619  0.271947  0.593205  0.612033  0.618561  0.528355  0.251581  0.172149  0.241331  0.239377  0.115390  0.148919  0.203951  0.204983  0.218723  0.487467  0.681430  0.286047  0.228049  0.179469  0.504184  0.414905  0.315420  0.497250  0.141098  0.121882  0.698533  0.175987  0.546103  0.501008  0.672230  0.198358  0.267826  0.684857  0.512109 0.0  0.313106  0.446633  0.436406  0.451608  0.150878  0.175314  0.185409  0.448993  0.158390  0.514168  0.140820  0.450956  0.616493  0.284595  0.121155  0.215839  0.169153  0.374213  0.417629  0.164600  0.486668  0.447275  0.241869  0.202638  0.269668 
36  0.283647  0.473345  0.843926  0.746316  0.791882  0.647941  0.171092  0.350965  0.172784  0.150652  0.241440  0.290937  0.233450  0.199377  0.238188  0.689086  0.771526  0.430130  0.242730  0.259144  0.708561  0.645723  0.455998  0.745004  0.320216  0.321722  0.775961  0.333132  0.867857  0.730769  0.867675  0.314118  0.460411  0.902355  0.729607  0.313106 0.0  0.605256  0.469812  0.577108  0.309598  0.241140  0.415212  0.508517  0.276128  0.610078  0.265418  0.783985  1.000000  0.116510  0.229307  0.206277  0.328460  0.755580  0.684733  0.362034  0.696038  0.638463  0.215599  0.203316  0.415105 
37  0.439817  0.317234  0.281779  0.256249  0.231014  0.128487  0.627540  0.393832  0.705901  0.579909  0.494156  0.550178  0.586537  0.520387  0.622726  0.203668  0.185866  0.586091  0.604991  0.505180  0.125972  0.096536  0.300335  0.174357  0.467196  0.468071  0.223950  0.458236  0.268392  0.248170  0.210361  0.468347  0.293555  0.292163  0.141891  0.446633  0.605256 0.0  0.202032  0.130868  0.410797  0.521408  0.351984  0.094187  0.449425  0.169824  0.444213  0.110689  0.365451  0.469004  0.498994  0.524462  0.478612  0.119423  0.103739  0.452109  0.187105  0.099043  0.664180  0.571150  0.312067 
38  0.357757  0.193626  0.385202  0.391193  0.331972  0.268371  0.499681  0.302940  0.509450  0.435290  0.407416  0.430033  0.552910  0.563993  0.536505  0.236197  0.309717  0.521121  0.609268  0.432455  0.243260  0.200637  0.170886  0.280147  0.340804  0.403927  0.332009  0.285844  0.358853  0.324427  0.353175  0.449198  0.208798  0.356632  0.236366  0.436406  0.469812  0.202032 0.0  0.182864  0.329397  0.427891  0.295140  0.233649  0.359638  0.271386  0.462217  0.239939  0.429903  0.503639  0.352433  0.442111  0.510016  0.231662  0.238237  0.284515  0.225501  0.240796  0.537313  0.543754  0.192018 
39  0.373177  0.269758  0.324575  0.274057  0.241037  0.157028  0.684098  0.318834  0.611085  0.604415  0.489493  0.514697  0.710834  0.536998  0.677832  0.191878  0.204263  0.570084  0.590523  0.471666  0.157669  0.144588  0.246637  0.206075  0.388616  0.490001  0.269651  0.434077  0.276833  0.242057  0.224694  0.560447  0.297989  0.262004  0.145715  0.451608  0.577108  0.130868  0.182864 0.0  0.365669  0.492194  0.393209  0.128606  0.450408  0.153093  0.463455  0.144777  0.336645  0.507242  0.434024  0.439560  0.450263  0.143611  0.117656  0.437900  0.158851  0.138625  0.524200  0.654103  0.278398 
40  0.141026  0.227997  0.725391  0.626770  0.564081  0.506966  0.288332  0.112553  0.298481  0.273109  0.158040  0.228108  0.237277  0.210605  0.259288  0.490677  0.536447  0.354889  0.285947  0.177423  0.478749  0.432821  0.244874  0.578842  0.198754  0.177618  0.562221  0.132169  0.636694  0.550185  0.508964  0.245228  0.231494  0.601345  0.454361  0.150878  0.309598  0.410797  0.329397  0.365669 0.0  0.185147  0.208800  0.391736  0.130589  0.458478  0.145026  0.487891  0.634571  0.275055  0.177529  0.228361  0.195847  0.469720  0.411155  0.146586  0.390144  0.379798  0.267716  0.285626  0.211353 
41  0.173401  0.335014  0.894509  0.658395  0.588959  0.634890  0.179598  0.190990  0.175639  0.157852  0.140500  0.167187  0.166765  0.133967  0.205205  0.536793  0.604104  0.327885  0.205231  0.129880  0.552459  0.417773  0.362760  0.599497  0.223867  0.200159  0.705232  0.172939  0.782159  0.600630  0.554459  0.207143  0.288420  0.716902  0.523342  0.175314  0.241140  0.521408  0.427891  0.492194  0.185147 0.0  0.268300  0.547919  0.156448  0.532897  0.127181  0.547705  0.691577  0.199417  0.142204  0.154571  0.218839  0.560231  0.487670  0.243751  0.544059  0.503760  0.168677  0.171638  0.330116 
42  0.248113  0.266902  0.557462  0.566336  0.503237  0.350438  0.301277  0.259994  0.356697  0.335032  0.231022  0.257049  0.293726  0.273590  0.324557  0.468729  0.484979  0.386272  0.331217  0.279629  0.461301  0.352874  0.293649  0.437870  0.158987  0.169275  0.542132  0.273902  0.509738  0.569168  0.490403  0.250731  0.214127  0.540458  0.431771  0.185409  0.415212  0.351984  0.295140  0.393209  0.208800  0.268300 0.0  0.363171  0.198420  0.446597  0.247492  0.366916  0.602101  0.353921  0.221470  0.349382  0.199938  0.316223  0.373097  0.146481  0.364378  0.364744  0.366349  0.275305  0.250209 
43  0.427940  0.309914  0.249973  0.271302  0.205937  0.126391  0.545441  0.471536  0.641666  0.491789  0.491939  0.518749  0.517359  0.621939  0.542397  0.186364  0.200015  0.623154  0.578405  0.541296  0.127670  0.097677  0.320565  0.174526  0.420175  0.437722  0.238911  0.457697  0.250972  0.244515  0.229150  0.474146  0.301944  0.272265  0.127530  0.448993  0.508517  0.094187  0.233649  0.128606  0.391736  0.547919  0.363171 0.0  0.433046  0.158544  0.502487  0.109393  0.357281  0.597694  0.555499  0.586175  0.517317  0.122518  0.096025  0.384384  0.185046  0.103951  0.539840  0.590930  0.326588 
44  0.119888  0.294300  0.681191  0.709771  0.556991  0.472933  0.253561  0.131455  0.277485  0.194179  0.146955  0.196818  0.231004  0.224930  0.262003  0.478220  0.595514  0.304087  0.239614  0.132609  0.472801  0.456978  0.236792  0.546749  0.203204  0.177278  0.676783  0.115741  0.566655  0.564612  0.530845  0.245485  0.228160  0.631466  0.493711  0.158390  0.276128  0.449425  0.359638  0.450408  0.130589  0.156448  0.198420  0.433046 0.0  0.533704  0.118099  0.482101  0.580111  0.230269  0.167922  0.166652  0.262255  0.433109  0.559426  0.178494  0.488540  0.444338  0.261116  0.256781  0.228706 
45  0.510122  0.350418  0.249925  0.224156  0.173704  0.144830  0.620182  0.474855  0.618867  0.509694  0.527678  0.575329  0.706825  0.542972  0.682952  0.144497  0.114686  0.772520  0.609718  0.608156  0.133091  0.158930  0.391728  0.127615  0.516329  0.454240  0.192412  0.502414  0.152190  0.186398  0.159512  0.633707  0.312936  0.194390  0.115650  0.514168  0.610078  0.169824  0.271386  0.153093  0.458478  0.532897  0.446597  0.158544  0.533704 0.0  0.548970  0.153923  0.282094  0.810300  0.521706  0.626578  0.562176  0.189719  0.160600  0.398777  0.158349  0.172730  0.590913  0.677271  0.377430 
46  0.154813  0.274673  0.662289  0.612819  0.680588  0.502807  0.202250  0.166036  0.209081  0.192241  0.123808  0.191945  0.190053  0.167501  0.209359  0.548475  0.574315  0.310350  0.205297  0.121743  0.562735  0.465560  0.345102  0.525811  0.198098  0.189413  0.621665  0.150039  0.636172  0.611926  0.652519  0.243844  0.271244  0.585454  0.555321  0.140820  0.265418  0.444213  0.462217  0.463455  0.145026  0.127181  0.247492  0.502487  0.118099  0.548970 0.0  0.489087  0.681459  0.227990  0.140538  0.153676  0.208619  0.498344  0.570342  0.203748  0.579215  0.488998  0.214280  0.218784  0.278110 
47  0.440494  0.329419  0.265683  0.262663  0.207152  0.111070  0.615022  0.368914  0.579941  0.570355  0.570396  0.534187  0.601586  0.649916  0.618918  0.193852  0.196930  0.683889  0.680530  0.474388  0.116741  0.102114  0.313611  0.155510  0.498572  0.469928  0.251259  0.460077  0.224024  0.247734  0.191553  0.542152  0.349563  0.259665  0.133292  0.450956  0.783985  0.110689  0.239939  0.144777  0.487891  0.547705  0.366916  0.109393  0.482101  0.153923  0.489087 0.0  0.363592  0.579219  0.450826  0.558980  0.488411  0.129817  0.113144  0.374081  0.208921  0.101429  0.606077  0.619108  0.318493 
48  0.819112  0.479850  0.269681  0.277214  0.263867  0.333103  0.857286  0.654357  0.867513  0.738617  0.673996  0.725527  0.784934  0.839062  0.811875  0.267912  0.260945  0.902665  0.809770  0.700543  0.324325  0.410250  0.533836  0.306328  0.783700  0.747865  0.188197  0.610037  0.246832  0.216975  0.248834  0.769290  0.503507  0.231291  0.272858  0.616493  1.000000  0.365451  0.429903  0.336645  0.634571  0.691577  0.602101  0.357281  0.580111  0.282094  0.681459  0.363592 0.0  0.816025  0.753604  0.866032  0.768879  0.345537  0.352945  0.547722  0.282640  0.363805  0.837531  0.699809  0.577753 
49  0.278995  0.481465  0.947630  0.805668  0.869995  0.618897  0.174241  0.270943  0.189330  0.124949  0.244760  0.278352  0.215385  0.170490  0.240624  0.661093  0.756902  0.303602  0.212474  0.222777  0.724868  0.552509  0.495303  0.754144  0.340694  0.282485  0.681683  0.264709  0.809447  0.858552  0.696284  0.291674  0.410276  0.786458  0.725661  0.284595  0.116510  0.469004  0.503639  0.507242  0.275055  0.199417  0.353921  0.597694  0.230269  0.810300  0.227990  0.579219  0.816025 0.0  0.230031  0.174440  0.312975  0.442657  0.623754  0.357614  0.646730  0.550172  0.192632  0.203104  0.416264 
50  0.201909  0.278053  0.601503  0.662631  0.585912  0.515928  0.200305  0.211416  0.207151  0.228653  0.102858  0.132744  0.166455  0.168210  0.199519  0.512970  0.651603  0.275306  0.207325  0.176430  0.512087  0.488665  0.287295  0.648531  0.154098  0.154629  0.585493  0.189826  0.585497  0.633105  0.541158  0.178583  0.288940  0.627361  0.501908  0.121155  0.229307  0.498994  0.352433  0.434024  0.177529  0.142204  0.221470  0.555499  0.167922  0.521706  0.140538  0.450826  0.753604  0.230031 0.0  0.194226  0.160013  0.398431  0.475414  0.211556  0.460314  0.503696  0.187553  0.195998  0.273320 
51  0.164521  0.351779  0.670056  0.648072  0.730367  0.592083  0.194241  0.202048  0.216249  0.141361  0.182605  0.217524  0.205792  0.163084  0.271003  0.582003  0.716238  0.356132  0.259462  0.121835  0.538781  0.480626  0.337463  0.643505  0.305208  0.256249  0.604710  0.182820  0.753063  0.641158  0.754174  0.274213  0.295514  0.605376  0.522039  0.215839  0.206277  0.524462  0.442111  0.439560  0.228361  0.154571  0.349382  0.586175  0.166652  0.626578  0.153676  0.558980  0.866032  0.174440  0.194226 0.0  0.274358  0.448257  0.556015  0.249854  0.532098  0.528034  0.231753  0.206491  0.312396 
52  0.304971  0.342371  0.653571  0.681189  0.609057  0.467325  0.256927  0.256962  0.201942  0.290295  0.171248  0.126505  0.183776  0.221486  0.182432  0.634287  0.545611  0.203255  0.214247  0.240905  0.456714  0.415891  0.348391  0.666865  0.141172  0.147705  0.705398  0.248053  0.582349  0.680794  0.531136  0.125348  0.302117  0.671645  0.604480  0.169153  0.328460  0.478612  0.510016  0.450263  0.195847  0.218839  0.199938  0.517317  0.262255  0.562176  0.208619  0.488411  0.768879  0.312975  0.160013  0.274358 0.0  0.489879  0.535328  0.222232  0.528886  0.534934  0.206740  0.197572  0.331484 
53  0.421871  0.285775  0.270877  0.279780  0.253575  0.147713  0.537829  0.381462  0.542277  0.522935  0.423143  0.517102  0.603164  0.524213  0.537637  0.234390  0.229183  0.593796  0.557197  0.493639  0.156347  0.113169  0.281621  0.199941  0.433483  0.392760  0.288808  0.434632  0.284452  0.276429  0.224552  0.513025  0.248350  0.304464  0.165632  0.374213  0.755580  0.119423  0.231662  0.143611  0.469720  0.560231  0.316223  0.122518  0.433109  0.189719  0.498344  0.129817  0.345537  0.442657  0.398431  0.448257  0.489879 0.0  0.128661  0.339716  0.214446  0.112215  0.549189  0.604713  0.304653 
54  0.521770  0.289173  0.284947  0.272349  0.225803  0.119044  0.637191  0.480641  0.578798  0.559239  0.499920  0.599401  0.579595  0.551122  0.547410  0.198362  0.175701  0.699978  0.675026  0.503899  0.120518  0.101610  0.287158  0.156093  0.413496  0.497190  0.239235  0.451198  0.212791  0.240142  0.207899  0.519708  0.313362  0.227730  0.121096  0.417629  0.684733  0.103739  0.238237  0.117656  0.411155  0.487670  0.373097  0.096025  0.559426  0.160600  0.570342  0.113144  0.352945  0.623754  0.475414  0.556015  0.535328  0.128661 0.0  0.431632  0.186429  0.108005  0.584933  0.593473  0.334011 
55  0.220344  0.204929  0.610275  0.571649  0.466528  0.405302  0.279089  0.159679  0.342681  0.258787  0.199347  0.225043  0.306612  0.268773  0.273705  0.445299  0.468058  0.354238  0.323220  0.211461  0.451184  0.384444  0.230721  0.478462  0.182059  0.171638  0.499061  0.200599  0.561791  0.552869  0.468245  0.271132  0.190830  0.626132  0.436028  0.164600  0.362034  0.452109  0.284515  0.437900  0.146586  0.243751  0.146481  0.384384  0.178494  0.398777  0.203748  0.374081  0.547722  0.357614  0.211556  0.249854  0.222232  0.339716  0.431632 0.0  0.458539  0.406985  0.299464  0.312376  0.205811 
56  0.492553  0.336536  0.286690  0.263602  0.217372  0.191074  0.724782  0.466083  0.722554  0.530974  0.464378  0.514172  0.585031  0.461814  0.642965  0.141895  0.166360  0.811466  0.634993  0.558249  0.187944  0.208553  0.296232  0.225012  0.503287  0.522719  0.199142  0.452977  0.239111  0.197081  0.255394  0.602079  0.351858  0.226161  0.164186  0.486668  0.696038  0.187105  0.225501  0.158851  0.390144  0.544059  0.364378  0.185046  0.488540  0.158349  0.579215  0.208921  0.282640  0.646730  0.460314  0.532098  0.528886  0.214446  0.186429  0.458539 0.0  0.212020  0.704443  0.624595  0.262371 
57  0.450280  0.292784  0.294829  0.296743  0.205048  0.126326  0.537440  0.434017  0.673171  0.550472  0.496279  0.506804  0.596412  0.576886  0.574551  0.199996  0.198094  0.540154  0.541482  0.431067  0.129652  0.093483  0.267027  0.173971  0.478547  0.443098  0.280647  0.483536  0.254252  0.243724  0.238333  0.501121  0.305316  0.299187  0.140260  0.447275  0.638463  0.099043  0.240796  0.138625  0.379798  0.503760  0.364744  0.103951  0.444338  0.172730  0.488998  0.101429  0.363805  0.550172  0.503696  0.528034  0.534934  0.112215  0.108005  0.406985  0.212020 0.0  0.501199  0.645245  0.352336 
58  0.229589  0.425975  0.801066  0.871924  0.523759  0.576450  0.133426  0.289174  0.109700  0.184817  0.187937  0.171273  0.108724  0.143703  0.125662  0.666924  0.717335  0.206514  0.118160  0.202136  0.641247  0.621288  0.393006  0.672050  0.214264  0.233192  0.701681  0.262333  0.749713  0.751229  0.626236  0.172176  0.423165  0.740236  0.684402  0.241869  0.215599  0.664180  0.537313  0.524200  0.267716  0.168677  0.366349  0.539840  0.261116  0.590913  0.214280  0.606077  0.837531  0.192632  0.187553  0.231753  0.206740  0.549189  0.584933  0.299464  0.704443  0.501199 0.0  0.095265  0.427225 
59  0.288547  0.372662  0.755862  0.773660  0.813741  0.673856  0.127170  0.296118  0.107135  0.178894  0.208481  0.158537  0.104338  0.137250  0.137031  0.645887  0.682260  0.239269  0.114817  0.219348  0.662636  0.627918  0.386225  0.674844  0.247886  0.224459  0.647755  0.234935  0.701887  0.773981  0.616217  0.188016  0.359839  0.784132  0.734059  0.202638  0.203316  0.571150  0.543754  0.654103  0.285626  0.171638  0.275305  0.590930  0.256781  0.677271  0.218784  0.619108  0.699809  0.203104  0.195998  0.206491  0.197572  0.604713  0.593473  0.312376  0.624595  0.645245  0.095265 0.0  0.408199 
60  0.224427  0.106034  0.483853  0.490986  0.469101  0.325799  0.343150  0.203367  0.400289  0.342430  0.299103  0.323338  0.425716  0.327676  0.327614  0.320490  0.393352  0.478779  0.412309  0.278075  0.371944  0.309237  0.117543  0.369285  0.277215  0.311788  0.549084  0.212845  0.481557  0.433935  0.492734  0.339760  0.133486  0.480124  0.351731  0.269668  0.415105  0.312067  0.192018  0.278398  0.211353  0.330116  0.250209  0.326588  0.228706  0.377430  0.278110  0.318493  0.577753  0.416264  0.273320  0.312396  0.331484  0.304653  0.334011  0.205811  0.262371  0.352336  0.427225  0.408199 0.0 
