61
0 0.0  0.241037  0.525264  0.577267  0.585046  0.505027  0.224653  0.117459  0.261249  0.196063  0.157824  0.245030  0.227436  0.211290  0.285527  0.528041  0.423570  0.330476  0.263235  0.132087  0.512621  0.433999  0.249329  0.460230  0.218893  0.209866  0.646673  0.093584  0.662313  0.654753  0.580017  0.282725  0.241686  0.638195  0.490296  0.168142  0.273061  0.418480  0.329593  0.414436  0.133240  0.157577  0.252253  0.357752  0.108488  0.457617  0.138895  0.411546  0.691510  0.237645  0.175807  0.147283  0.219487  0.458907  0.502837  0.173417  0.464768  0.446028  0.237000  0.273976  0.219804 
1  0.241037 0.0  0.466350  0.432995  0.390043  0.304766  0.409517  0.214132  0.345388  0.375725  0.258735  0.327487  0.337458  0.323260  0.458332  0.326153  0.355888  0.527964  0.377999  0.328512  0.355325  0.286936  0.103811  0.377269  0.288508  0.279175  0.367680  0.215756  0.474012  0.371367  0.409181  0.364630  0.120374  0.444591  0.288220  0.266635  0.455483  0.311279  0.157108  0.262389  0.229244  0.334339  0.256723  0.271665  0.261929  0.369377  0.304168  0.298576  0.515252  0.420798  0.323859  0.301612  0.372311  0.254560  0.283420  0.215050  0.297206  0.268212  0.348810  0.424236  0.097286 
2  0.525264  0.466350 0.0  0.105078  0.144746  0.231570  0.862684  0.647602  0.665892  0.711024  0.796211  0.707047  0.725617  0.751264  0.771541  0.253709  0.219061  0.715706  0.707008  0.662813  0.245700  0.279866  0.440879  0.196325  0.588197  0.543274  0.256266  0.616476  0.149039  0.231308  0.144340  0.708886  0.486677  0.155794  0.244799  0.673310  0.813569  0.257319  0.401600  0.281698  0.536444  0.648214  0.523811  0.260876  0.660171  0.227457  0.730614  0.273535  0.281182  0.869516  0.694731  0.565882  0.665650  0.310085  0.239164  0.519061  0.292908  0.250542  0.721195  0.720860  0.499330 
3  0.577267  0.432995  0.105078 0.0  0.131579  0.219639  0.737633  0.568404  0.876276  0.771706  0.637900  0.732665  0.656664  0.700300  0.676744  0.208683  0.187200  0.844998  0.683824  0.685244  0.213221  0.261046  0.462159  0.194381  0.540058  0.550087  0.194536  0.602575  0.115704  0.215406  0.141204  0.550496  0.446268  0.127888  0.227932  0.519280  0.834460  0.231416  0.305743  0.280502  0.632385  0.720706  0.500811  0.250880  0.599191  0.212272  0.537631  0.273801  0.269832  0.801903  0.704665  0.659875  0.628313  0.271866  0.214771  0.510784  0.239014  0.232653  0.779411  0.710126  0.461937 
4  0.585046  0.390043  0.144746  0.131579 0.0  0.167043  0.676231  0.502122  0.685164  0.674437  0.463677  0.623267  0.665412  0.738678  0.704013  0.196280  0.147529  0.711681  0.753920  0.671977  0.175022  0.219246  0.412475  0.123081  0.619214  0.575958  0.181079  0.540367  0.104679  0.167706  0.100039  0.533033  0.351466  0.122178  0.169339  0.547104  0.737700  0.229673  0.339329  0.241544  0.490644  0.636385  0.422833  0.211312  0.509773  0.153760  0.621511  0.184897  0.266593  0.734458  0.562991  0.735744  0.688395  0.235207  0.211210  0.506034  0.241539  0.217831  0.688322  0.737398  0.386921 
5  0.505027  0.304766  0.231570  0.219639  0.167043 0.0  0.609672  0.479745  0.673714  0.634901  0.483199  0.462572  0.606203  0.595816  0.621014  0.201492  0.176688  0.668469  0.544174  0.529710  0.089187  0.110523  0.307225  0.134270  0.453501  0.407402  0.249324  0.490601  0.223640  0.258297  0.168636  0.420053  0.301150  0.237018  0.122299  0.510842  0.641605  0.119723  0.263899  0.140752  0.483826  0.486073  0.383717  0.115209  0.441737  0.156886  0.470945  0.097354  0.271452  0.629185  0.543467  0.640784  0.532783  0.138043  0.115574  0.396765  0.197710  0.111947  0.611424  0.707553  0.365140 
6  0.224653  0.409517  0.862684  0.737633  0.676231  0.609672 0.0  0.227961  0.099436  0.144613  0.192097  0.155221  0.120810  0.103585  0.145223  0.866448  0.648193  0.260102  0.137121  0.169759  0.671276  0.594905  0.405774  0.629573  0.239164  0.239618  0.679647  0.271920  0.710734  0.702560  0.670188  0.215758  0.389534  0.807138  0.657143  0.209420  0.169118  0.637467  0.469846  0.555851  0.268859  0.140199  0.297048  0.612727  0.218782  0.644629  0.174163  0.655839  0.795508  0.154210  0.166452  0.174375  0.222963  0.620593  0.601032  0.305068  0.548554  0.502549  0.113937  0.110868  0.382276 
7  0.117459  0.214132  0.647602  0.568404  0.502122  0.479745  0.227961 0.0  0.239459  0.219524  0.166289  0.228792  0.260004  0.256756  0.331830  0.494720  0.458585  0.358956  0.349908  0.174541  0.449980  0.372870  0.233027  0.449697  0.222868  0.193685  0.505558  0.097024  0.625212  0.486451  0.541929  0.272206  0.205889  0.588034  0.387964  0.172174  0.326470  0.401761  0.274864  0.397364  0.103926  0.176870  0.237007  0.442251  0.117136  0.528637  0.156657  0.374816  0.617871  0.253311  0.191795  0.173991  0.247047  0.386926  0.371816  0.159019  0.431558  0.381335  0.280090  0.248187  0.195272 
8  0.261249  0.345388  0.665892  0.876276  0.685164  0.673714  0.099436  0.239459 0.0  0.149165  0.224560  0.179264  0.111323  0.116878  0.136997  0.779215  0.629780  0.263603  0.109544  0.201839  0.525164  0.625436  0.421977  0.700853  0.239114  0.238601  0.741087  0.246446  0.518709  0.748350  0.770639  0.205854  0.403360  0.647654  0.703817  0.221045  0.171901  0.644006  0.535790  0.519812  0.252491  0.171959  0.307259  0.591316  0.228387  0.633748  0.215869  0.707772  0.865743  0.166604  0.206575  0.189958  0.214560  0.491536  0.554797  0.281554  0.668714  0.586364  0.098998  0.096332  0.375988 
9  0.196063  0.375725  0.711024  0.771706  0.674437  0.634901  0.144613  0.219524  0.149165 0.0  0.214369  0.219603  0.177564  0.139151  0.235752  0.546747  0.756849  0.270725  0.209171  0.156209  0.683580  0.551315  0.387896  0.612548  0.279566  0.281478  0.770331  0.198167  0.785568  0.661369  0.613397  0.244989  0.349114  0.618808  0.580568  0.186628  0.150112  0.589131  0.492235  0.509342  0.218757  0.137524  0.337832  0.600429  0.169027  0.522694  0.179073  0.614049  0.745331  0.117885  0.193780  0.121826  0.268882  0.565891  0.523861  0.261693  0.556641  0.596419  0.206406  0.178316  0.327838 
10  0.157824  0.258735  0.796211  0.637900  0.463677  0.483199  0.192097  0.166289  0.224560  0.214369 0.0  0.140682  0.163597  0.153342  0.197065  0.578352  0.618035  0.249799  0.226972  0.139832  0.523360  0.461056  0.330636  0.565394  0.165821  0.144792  0.642979  0.153871  0.706863  0.517701  0.609717  0.177416  0.245946  0.624441  0.485082  0.117262  0.242085  0.519726  0.421233  0.514772  0.146735  0.118501  0.212711  0.500314  0.137470  0.485774  0.115613  0.474799  0.663034  0.219240  0.093581  0.172624  0.181122  0.377164  0.473066  0.181016  0.453547  0.489519  0.187820  0.182816  0.264566 
11  0.245030  0.327487  0.707047  0.732665  0.623267  0.462572  0.155221  0.228792  0.179264  0.219603  0.140682 0.0  0.139772  0.162598  0.147286  0.515545  0.606115  0.215633  0.165741  0.201977  0.529143  0.536229  0.347144  0.438165  0.155186  0.145175  0.675822  0.194029  0.672222  0.736184  0.632384  0.121322  0.306980  0.745927  0.600895  0.156199  0.255053  0.483531  0.415426  0.532241  0.221303  0.171470  0.216232  0.564994  0.175710  0.559488  0.179167  0.468483  0.580634  0.246227  0.119023  0.195665  0.126644  0.494903  0.457102  0.185965  0.523304  0.562377  0.153616  0.146446  0.339400 
12  0.227436  0.337458  0.725617  0.656664  0.665412  0.606203  0.120810  0.260004  0.111323  0.177564  0.163597  0.139772 0.0  0.115654  0.123850  0.586363  0.666621  0.236459  0.123853  0.196193  0.525386  0.589246  0.405470  0.630775  0.197601  0.210180  0.606379  0.254816  0.663743  0.693150  0.759496  0.164519  0.359780  0.714034  0.635266  0.198783  0.212796  0.501834  0.391156  0.529949  0.215218  0.148314  0.310733  0.504067  0.225987  0.707243  0.180529  0.649895  0.919614  0.186866  0.152833  0.189920  0.181251  0.552070  0.585200  0.262976  0.608680  0.502072  0.098302  0.094869  0.328029 
13  0.211290  0.323260  0.751264  0.700300  0.738678  0.595816  0.103585  0.256756  0.116878  0.139151  0.153342  0.162598  0.115654 0.0  0.176477  0.677859  0.765645  0.285203  0.151689  0.164422  0.555687  0.585009  0.378519  0.636644  0.215574  0.204681  0.676090  0.188777  0.742880  0.706220  0.685070  0.216835  0.383527  0.769868  0.653823  0.191180  0.176624  0.522880  0.539071  0.543720  0.233891  0.109665  0.272286  0.572844  0.196920  0.654582  0.166179  0.639460  0.846887  0.147865  0.156940  0.163708  0.224451  0.541847  0.552020  0.232427  0.569788  0.574140  0.139040  0.127416  0.392404 
14  0.285527  0.458332  0.771541  0.676744  0.704013  0.621014  0.145223  0.331830  0.136997  0.235752  0.197065  0.147286  0.123850  0.176477 0.0  0.627359  0.650804  0.165373  0.123225  0.242542  0.659944  0.578027  0.467253  0.638722  0.222302  0.227617  0.712969  0.254897  0.763094  0.713465  0.847565  0.140905  0.368780  0.801192  0.505237  0.216181  0.244561  0.588458  0.521216  0.657489  0.291016  0.195693  0.252691  0.526531  0.276023  0.690546  0.212820  0.662358  0.988467  0.261392  0.212149  0.257634  0.172158  0.485719  0.554749  0.258350  0.652847  0.509896  0.113274  0.129765  0.337027 
15  0.528041  0.326153  0.253709  0.208683  0.196280  0.201492  0.866448  0.494720  0.779215  0.546747  0.578352  0.515545  0.586363  0.677859  0.627359 0.0  0.117448  0.690116  0.678531  0.593499  0.177592  0.180745  0.301572  0.176450  0.631633  0.503427  0.147088  0.525975  0.208392  0.122237  0.201561  0.597690  0.363624  0.194955  0.160198  0.523832  0.545488  0.183310  0.269006  0.163112  0.551706  0.612487  0.416952  0.192106  0.499433  0.129404  0.590934  0.200931  0.236997  0.720446  0.546925  0.507921  0.583992  0.197248  0.184751  0.437723  0.128459  0.184210  0.586095  0.628228  0.426019 
16  0.423570  0.355888  0.219061  0.187200  0.147529  0.176688  0.648193  0.458585  0.629780  0.756849  0.618035  0.606115  0.666621  0.765645  0.650804  0.117448 0.0  0.639681  0.758675  0.560708  0.174729  0.176427  0.361619  0.127225  0.501145  0.599215  0.148760  0.485383  0.146551  0.122214  0.158040  0.664140  0.340586  0.158130  0.142601  0.555713  0.631803  0.196537  0.268501  0.187660  0.387749  0.595316  0.460881  0.169975  0.495456  0.108527  0.482632  0.166676  0.241239  0.765924  0.643679  0.584613  0.642998  0.224415  0.178732  0.422600  0.153474  0.199149  0.711656  0.644277  0.411147 
17  0.330476  0.527964  0.715706  0.844998  0.711681  0.668469  0.260102  0.358956  0.263603  0.270725  0.249799  0.215633  0.236459  0.285203  0.165373  0.690116  0.639681 0.0  0.192644  0.328118  0.644865  0.611328  0.502515  0.714435  0.267154  0.245773  0.888188  0.362870  0.752815  0.832693  0.715744  0.192186  0.443353  0.762066  0.688479  0.290760  0.334217  0.602522  0.484183  0.638393  0.340668  0.253985  0.311779  0.640976  0.355723  0.705356  0.297620  0.604158  0.959236  0.305679  0.261685  0.364983  0.229190  0.528004  0.615615  0.350730  0.655450  0.622797  0.193351  0.239013  0.460439 
18  0.263235  0.377999  0.707008  0.683824  0.753920  0.544174  0.137121  0.349908  0.109544  0.209171  0.226972  0.165741  0.123853  0.151689  0.123225  0.678531  0.758675  0.192644 0.0  0.234899  0.713194  0.649586  0.479846  0.602701  0.266127  0.247571  0.804486  0.279956  0.707348  0.627051  0.658061  0.192572  0.410228  0.745776  0.565251  0.240835  0.195731  0.545824  0.415711  0.641260  0.328497  0.190238  0.339108  0.541713  0.249701  0.618861  0.239825  0.639639  0.825346  0.185873  0.191468  0.224912  0.207186  0.552740  0.622646  0.337766  0.653637  0.681968  0.105050  0.105008  0.415188 
19  0.132087  0.328512  0.662813  0.685244  0.671977  0.529710  0.169759  0.174541  0.201839  0.156209  0.139832  0.201977  0.196193  0.164422  0.242542  0.593499  0.560708  0.328118  0.234899 0.0  0.583495  0.578072  0.307980  0.662245  0.214799  0.208951  0.625021  0.150070  0.530127  0.680032  0.572890  0.238516  0.296207  0.599166  0.519126  0.160941  0.222899  0.483748  0.419841  0.483504  0.172401  0.116750  0.275014  0.521221  0.121706  0.550990  0.111523  0.573245  0.735778  0.191836  0.165659  0.105085  0.250108  0.490074  0.546382  0.227089  0.533507  0.553553  0.191489  0.191146  0.299077 
20  0.512621  0.355325  0.245700  0.213221  0.175022  0.089187  0.671276  0.449980  0.525164  0.683580  0.523360  0.529143  0.525386  0.555687  0.659944  0.177592  0.174729  0.644865  0.713194  0.583495 0.0  0.113012  0.280488  0.120155  0.420286  0.419053  0.228784  0.454038  0.222934  0.231052  0.152586  0.605417  0.322458  0.234601  0.103715  0.480117  0.670025  0.116500  0.235752  0.151506  0.407024  0.486191  0.360957  0.110616  0.469723  0.134226  0.433804  0.103339  0.293154  0.661970  0.458564  0.605835  0.528901  0.140844  0.108866  0.397777  0.191467  0.119027  0.657256  0.632850  0.356687 
21  0.433999  0.286936  0.279866  0.261046  0.219246  0.110523  0.594905  0.372870  0.625436  0.551315  0.461056  0.536229  0.589246  0.585009  0.578027  0.180745  0.176427  0.611328  0.649586  0.578072  0.113012 0.0  0.259900  0.160661  0.414695  0.380982  0.252322  0.456746  0.211808  0.221084  0.199530  0.494814  0.279116  0.225852  0.129037  0.450574  0.663808  0.086391  0.217613  0.116918  0.415808  0.518777  0.388270  0.086942  0.385617  0.156077  0.449463  0.093476  0.410889  0.583645  0.440650  0.551071  0.399428  0.110005  0.091453  0.368172  0.195398  0.081637  0.594969  0.595916  0.301278 
22  0.249329  0.103811  0.440879  0.462159  0.412475  0.307225  0.405774  0.233027  0.421977  0.387896  0.330636  0.347144  0.405470  0.378519  0.467253  0.301572  0.361619  0.502515  0.479846  0.307980  0.280488  0.259900 0.0  0.321028  0.289700  0.307812  0.405712  0.244695  0.420426  0.404242  0.422095  0.425132  0.141125  0.387728  0.326800  0.307028  0.460960  0.283161  0.151709  0.238269  0.245971  0.352415  0.258389  0.293292  0.247116  0.300602  0.308573  0.304816  0.425103  0.458301  0.366932  0.302202  0.357959  0.251366  0.283083  0.226666  0.278584  0.289854  0.359736  0.370381  0.112109 
23  0.460230  0.377269  0.196325  0.194381  0.123081  0.134270  0.629573  0.449697  0.700853  0.612548  0.565394  0.438165  0.630775  0.636644  0.638722  0.176450  0.127225  0.714435  0.602701  0.662245  0.120155  0.160661  0.321028 0.0  0.542015  0.501327  0.199550  0.473470  0.143514  0.189177  0.114729  0.545471  0.342621  0.171585  0.122717  0.460037  0.783048  0.155937  0.233657  0.179863  0.534995  0.640459  0.424811  0.160136  0.560576  0.116921  0.536648  0.158958  0.303637  0.822520  0.555082  0.659710  0.532628  0.180746  0.156347  0.484595  0.197808  0.153625  0.604415  0.698694  0.420887 
24  0.218893  0.288508  0.588197  0.540058  0.619214  0.453501  0.239164  0.222868  0.239114  0.279566  0.165821  0.155186  0.197601  0.215574  0.222302  0.631633  0.501145  0.267154  0.266127  0.214799  0.420286  0.414695  0.289700  0.542015 0.0  0.094428  0.587652  0.201308  0.588238  0.531079  0.479679  0.153292  0.262549  0.668949  0.487168  0.127955  0.353717  0.423844  0.378197  0.460291  0.180909  0.200026  0.158862  0.403809  0.201916  0.493288  0.220488  0.369689  0.726508  0.298023  0.152975  0.293914  0.124821  0.455088  0.422753  0.165463  0.522226  0.439503  0.215565  0.237374  0.268287 
25  0.209866  0.279175  0.543274  0.550087  0.575958  0.407402  0.239618  0.193685  0.238601  0.281478  0.144792  0.145175  0.210180  0.204681  0.227617  0.503427  0.599215  0.245773  0.247571  0.208951  0.419053  0.380982  0.307812  0.501327  0.094428 0.0  0.475263  0.193589  0.494628  0.524103  0.538015  0.178073  0.233827  0.551357  0.448567  0.110818  0.330730  0.386316  0.315273  0.437381  0.160623  0.177724  0.159628  0.437632  0.186822  0.620474  0.183266  0.441293  0.625873  0.292378  0.152749  0.261868  0.132168  0.396358  0.468632  0.158556  0.441700  0.424433  0.218596  0.252075  0.250353 
26  0.646673  0.367680  0.256266  0.194536  0.181079  0.249324  0.679647  0.505558  0.741087  0.770331  0.642979  0.675822  0.606379  0.676090  0.712969  0.147088  0.148760  0.888188  0.804486  0.625021  0.228784  0.252322  0.405712  0.199550  0.587652  0.475263 0.0  0.599273  0.183017  0.099275  0.197362  0.730434  0.415765  0.159342  0.197623  0.588849  0.787207  0.285305  0.303913  0.243010  0.571098  0.626884  0.605020  0.240040  0.538030  0.174405  0.563758  0.256225  0.169237  0.827225  0.597585  0.603807  0.601926  0.267732  0.259164  0.580221  0.195539  0.293622  0.673341  0.685859  0.351230 
27  0.093584  0.215756  0.616476  0.602575  0.540367  0.490601  0.271920  0.097024  0.246446  0.198167  0.153871  0.194029  0.254816  0.188777  0.254897  0.525975  0.485383  0.362870  0.279956  0.150070  0.454038  0.456746  0.244695  0.473470  0.201308  0.193589  0.599273 0.0  0.613754  0.582551  0.597279  0.261747  0.204882  0.645208  0.425656  0.161553  0.300628  0.409666  0.336941  0.386960  0.119572  0.180854  0.242186  0.407313  0.109249  0.500739  0.145252  0.422450  0.660172  0.252664  0.179532  0.156185  0.249666  0.441822  0.452126  0.198573  0.483640  0.440391  0.300107  0.250662  0.215754 
28  0.662313  0.474012  0.149039  0.115704  0.104679  0.223640  0.710734  0.625212  0.518709  0.785568  0.706863  0.672222  0.663743  0.742880  0.763094  0.208392  0.146551  0.752815  0.707348  0.530127  0.222934  0.211808  0.420426  0.143514  0.588238  0.494628  0.183017  0.613754 0.0  0.168600  0.114767  0.706861  0.417835  0.101569  0.208318  0.587584  0.653159  0.237505  0.332579  0.265547  0.531922  0.697288  0.480806  0.233963  0.618057  0.175176  0.679538  0.198114  0.248999  0.817415  0.622718  0.653770  0.600316  0.298507  0.228173  0.492644  0.203363  0.243294  0.777574  0.706362  0.450344 
29  0.654753  0.371367  0.231308  0.215406  0.167706  0.258297  0.702560  0.486451  0.748350  0.661369  0.517701  0.736184  0.693150  0.706220  0.713465  0.122237  0.122214  0.832693  0.627051  0.680032  0.231052  0.221084  0.404242  0.189177  0.531079  0.524103  0.099275  0.582551  0.168600 0.0  0.199322  0.612012  0.428675  0.157241  0.189385  0.527094  0.720328  0.262132  0.294147  0.221928  0.526707  0.629798  0.533387  0.206665  0.547020  0.149693  0.585406  0.235783  0.202000  0.751035  0.649222  0.624913  0.696815  0.253838  0.242377  0.472044  0.180211  0.237607  0.655497  0.656356  0.380336 
30  0.580017  0.409181  0.144340  0.141204  0.100039  0.168636  0.670188  0.541929  0.770639  0.613397  0.609717  0.632384  0.759496  0.685070  0.847565  0.201561  0.158040  0.715744  0.658061  0.572890  0.152586  0.199530  0.422095  0.114729  0.479679  0.538015  0.197362  0.597279  0.114767  0.199322 0.0  0.633060  0.410127  0.139642  0.169193  0.591687  0.795612  0.206703  0.321820  0.263470  0.583652  0.669439  0.521272  0.222080  0.526986  0.152520  0.606867  0.197495  0.293811  0.620462  0.574163  0.735474  0.531491  0.233192  0.192535  0.540852  0.228154  0.206654  0.602196  0.682236  0.462044 
31  0.282725  0.364630  0.708886  0.550496  0.533033  0.420053  0.215758  0.272206  0.205854  0.244989  0.177416  0.121322  0.164519  0.216835  0.140905  0.597690  0.664140  0.192186  0.192572  0.238516  0.605417  0.494814  0.425132  0.545471  0.153292  0.178073  0.730434  0.261747  0.706861  0.612012  0.633060 0.0  0.337920  0.668280  0.549453  0.184958  0.300293  0.427672  0.436442  0.431463  0.229859  0.190618  0.251761  0.483304  0.213512  0.676618  0.228443  0.519176  0.686698  0.288887  0.170405  0.267323  0.112390  0.526464  0.486410  0.249547  0.652894  0.466442  0.173851  0.166995  0.349251 
32  0.241686  0.120374  0.486677  0.446268  0.351466  0.301150  0.389534  0.205889  0.403360  0.349114  0.245946  0.306980  0.359780  0.383527  0.368780  0.363624  0.340586  0.443353  0.410228  0.296207  0.322458  0.279116  0.141125  0.342621  0.262549  0.233827  0.415765  0.204882  0.417835  0.428675  0.410127  0.337920 0.0  0.469107  0.319650  0.264118  0.424466  0.259433  0.226287  0.264262  0.220846  0.303017  0.201779  0.263872  0.255841  0.386171  0.268004  0.289351  0.594148  0.396736  0.288107  0.324263  0.318770  0.251829  0.276046  0.168001  0.291587  0.266105  0.349023  0.350589  0.121454 
33  0.638195  0.444591  0.155794  0.127888  0.122178  0.237018  0.807138  0.588034  0.647654  0.618808  0.624441  0.745927  0.714034  0.769868  0.801192  0.194955  0.158130  0.762066  0.745776  0.599166  0.234601  0.225852  0.387728  0.171585  0.668949  0.551357  0.159342  0.645208  0.101569  0.157241  0.139642  0.668280  0.469107 0.0  0.191535  0.709881  0.700410  0.238889  0.337346  0.269407  0.520965  0.683035  0.434799  0.255890  0.511383  0.163321  0.738861  0.251212  0.192625  0.760524  0.658468  0.732067  0.640361  0.259773  0.240812  0.509963  0.199261  0.237327  0.738549  0.723340  0.367116 
34  0.490296  0.288220  0.244799  0.227932  0.169339  0.122299  0.657143  0.387964  0.703817  0.580568  0.485082  0.600895  0.635266  0.653823  0.505237  0.160198  0.142601  0.688479  0.565251  0.519126  0.103715  0.129037  0.326800  0.122717  0.487168  0.448567  0.197623  0.425656  0.208318  0.189385  0.169193  0.549453  0.319650  0.191535 0.0  0.495660  0.683331  0.124287  0.211644  0.136723  0.473416  0.548830  0.408968  0.112122  0.540364  0.108278  0.513026  0.116230  0.338730  0.701482  0.423007  0.607681  0.503236  0.144440  0.103228  0.352117  0.142217  0.125582  0.614350  0.583319  0.267856 
35  0.168142  0.266635  0.673310  0.519280  0.547104  0.510842  0.209420  0.172174  0.221045  0.186628  0.117262  0.156199  0.198783  0.191180  0.216181  0.523832  0.555713  0.290760  0.240835  0.160941  0.480117  0.450574  0.307028  0.460037  0.127955  0.110818  0.588849  0.161553  0.587584  0.527094  0.591687  0.184958  0.264118  0.709881  0.495660 0.0  0.300857  0.418695  0.438683  0.429814  0.130316  0.160015  0.181173  0.388208  0.147786  0.504030  0.146810  0.401511  0.670041  0.247081  0.114430  0.215582  0.171264  0.433099  0.464483  0.155212  0.507358  0.379505  0.202200  0.220486  0.272756 
36  0.273061  0.455483  0.813569  0.834460  0.737700  0.641605  0.169118  0.326470  0.171901  0.150112  0.242085  0.255053  0.212796  0.176624  0.244561  0.545488  0.631803  0.334217  0.195731  0.222899  0.670025  0.663808  0.460960  0.783048  0.353717  0.330730  0.787207  0.300628  0.653159  0.720328  0.795612  0.300293  0.424466  0.700410  0.683331  0.300857 0.0  0.556365  0.513875  0.602556  0.333467  0.236936  0.381715  0.676684  0.251421  0.658796  0.257328  0.667929  0.779454  0.103520  0.242398  0.197463  0.294857  0.571926  0.667291  0.348904  0.623759  0.756691  0.209065  0.200752  0.428155 
37  0.418480  0.311279  0.257319  0.231416  0.229673  0.119723  0.637467  0.401761  0.644006  0.589131  0.519726  0.483531  0.501834  0.522880  0.588458  0.183310  0.196537  0.602522  0.545824  0.483748  0.116500  0.086391  0.283161  0.155937  0.423844  0.386316  0.285305  0.409666  0.237505  0.262132  0.206703  0.427672  0.259433  0.238889  0.124287  0.418695  0.556365 0.0  0.194754  0.111397  0.383069  0.471844  0.358883  0.082854  0.455249  0.157236  0.494105  0.098477  0.378472  0.611057  0.487288  0.502833  0.513859  0.106289  0.089991  0.332864  0.199300  0.089273  0.628174  0.532741  0.267758 
38  0.329593  0.157108  0.401600  0.305743  0.339329  0.263899  0.469846  0.274864  0.535790  0.492235  0.421233  0.415426  0.391156  0.539071  0.521216  0.269006  0.268501  0.484183  0.415711  0.419841  0.235752  0.217613  0.151709  0.233657  0.378197  0.315273  0.303913  0.336941  0.332579  0.294147  0.321820  0.436442  0.226287  0.337346  0.211644  0.438683  0.513875  0.194754 0.0  0.171949  0.325091  0.334181  0.355841  0.208282  0.297357  0.285142  0.389941  0.258961  0.459515  0.552037  0.398167  0.414433  0.360337  0.229181  0.215532  0.308452  0.195201  0.222007  0.556663  0.508640  0.217350 
39  0.414436  0.262389  0.281698  0.280502  0.241544  0.140752  0.555851  0.397364  0.519812  0.509342  0.514772  0.532241  0.529949  0.543720  0.657489  0.163112  0.187660  0.638393  0.641260  0.483504  0.151506  0.116918  0.238269  0.179863  0.460291  0.437381  0.243010  0.386960  0.265547  0.221928  0.263470  0.431463  0.264262  0.269407  0.136723  0.429814  0.602556  0.111397  0.171949 0.0  0.341610  0.531716  0.364933  0.116392  0.458518  0.147754  0.497751  0.131772  0.357649  0.590694  0.514270  0.498296  0.441376  0.121091  0.117225  0.352319  0.146816  0.124599  0.580878  0.428342  0.273179 
40  0.133240  0.229244  0.536444  0.632385  0.490644  0.483826  0.268859  0.103926  0.252491  0.218757  0.146735  0.221303  0.215218  0.233891  0.291016  0.551706  0.387749  0.340668  0.328497  0.172401  0.407024  0.415808  0.245971  0.534995  0.180909  0.160623  0.571098  0.119572  0.531922  0.526707  0.583652  0.229859  0.220846  0.520965  0.473416  0.130316  0.333467  0.383069  0.325091  0.341610 0.0  0.182578  0.204067  0.456136  0.124142  0.473207  0.138294  0.423538  0.610748  0.268352  0.151518  0.179723  0.219935  0.383808  0.358238  0.125008  0.399161  0.406848  0.249062  0.255833  0.201423 
41  0.157577  0.334339  0.648214  0.720706  0.636385  0.486073  0.140199  0.176870  0.171959  0.137524  0.118501  0.171470  0.148314  0.109665  0.195693  0.612487  0.595316  0.253985  0.190238  0.116750  0.486191  0.518777  0.352415  0.640459  0.200026  0.177724  0.626884  0.180854  0.697288  0.629798  0.669439  0.190618  0.303017  0.683035  0.548830  0.160015  0.236936  0.471844  0.334181  0.531716  0.182578 0.0  0.273625  0.525855  0.135571  0.529273  0.120463  0.503144  0.727582  0.186468  0.130210  0.147759  0.213658  0.468976  0.621621  0.236054  0.573513  0.482923  0.160249  0.159414  0.294432 
42  0.252253  0.256723  0.523811  0.500811  0.422833  0.383717  0.297048  0.237007  0.307259  0.337832  0.212711  0.216232  0.310733  0.272286  0.252691  0.416952  0.460881  0.311779  0.339108  0.275014  0.360957  0.388270  0.258389  0.424811  0.158862  0.159628  0.605020  0.242186  0.480806  0.533387  0.521272  0.251761  0.201779  0.434799  0.408968  0.181173  0.381715  0.358883  0.355841  0.364933  0.204067  0.273625 0.0  0.350629  0.232541  0.423926  0.237682  0.382243  0.613674  0.373648  0.208219  0.343582  0.183552  0.336130  0.356833  0.161420  0.412882  0.362669  0.357854  0.287726  0.201783 
43  0.357752  0.271665  0.260876  0.250880  0.211312  0.115209  0.612727  0.442251  0.591316  0.600429  0.500314  0.564994  0.504067  0.572844  0.526531  0.192106  0.169975  0.640976  0.541713  0.521221  0.110616  0.086942  0.293292  0.160136  0.403809  0.437632  0.240040  0.407313  0.233963  0.206665  0.222080  0.483304  0.263872  0.255890  0.112122  0.388208  0.676684  0.082854  0.208282  0.116392  0.456136  0.525855  0.350629 0.0  0.434847  0.149629  0.444208  0.097582  0.322940  0.611580  0.563961  0.451004  0.423933  0.112066  0.085342  0.333296  0.185194  0.087885  0.515951  0.570325  0.275705 
44  0.108488  0.261929  0.660171  0.599191  0.509773  0.441737  0.218782  0.117136  0.228387  0.169027  0.137470  0.175710  0.225987  0.196920  0.276023  0.499433  0.495456  0.355723  0.249701  0.121706  0.469723  0.385617  0.247116  0.560576  0.201916  0.186822  0.538030  0.109249  0.618057  0.547020  0.526986  0.213512  0.255841  0.511383  0.540364  0.147786  0.251421  0.455249  0.297357  0.458518  0.124142  0.135571  0.232541  0.434847 0.0  0.534800  0.111977  0.437896  0.679156  0.251413  0.147901  0.157750  0.233895  0.438554  0.430397  0.195196  0.477157  0.390552  0.220500  0.260459  0.226175 
45  0.457617  0.369377  0.227457  0.212272  0.153760  0.156886  0.644629  0.528637  0.633748  0.522694  0.485774  0.559488  0.707243  0.654582  0.690546  0.129404  0.108527  0.705356  0.618861  0.550990  0.134226  0.156077  0.300602  0.116921  0.493288  0.620474  0.174405  0.500739  0.175176  0.149693  0.152520  0.676618  0.386171  0.163321  0.108278  0.504030  0.658796  0.157236  0.285142  0.147754  0.473207  0.529273  0.423926  0.149629  0.534800 0.0  0.466187  0.143338  0.309726  0.782209  0.561739  0.561341  0.549649  0.193539  0.136406  0.426585  0.140680  0.157265  0.695987  0.490362  0.373183 
46  0.138895  0.304168  0.730614  0.537631  0.621511  0.470945  0.174163  0.156657  0.215869  0.179073  0.115613  0.179167  0.180529  0.166179  0.212820  0.590934  0.482632  0.297620  0.239825  0.111523  0.433804  0.449463  0.308573  0.536648  0.220488  0.183266  0.563758  0.145252  0.679538  0.585406  0.606867  0.228443  0.268004  0.738861  0.513026  0.146810  0.257328  0.494105  0.389941  0.497751  0.138294  0.120463  0.237682  0.444208  0.111977  0.466187 0.0  0.431781  0.749287  0.219041  0.142473  0.150219  0.222526  0.466300  0.432001  0.209035  0.542784  0.515498  0.226092  0.182594  0.268772 
47  0.411546  0.298576  0.273535  0.273801  0.184897  0.097354  0.655839  0.374816  0.707772  0.614049  0.474799  0.468483  0.649895  0.639460  0.662358  0.200931  0.166676  0.604158  0.639639  0.573245  0.103339  0.093476  0.304816  0.158958  0.369689  0.441293  0.256225  0.422450  0.198114  0.235783  0.197495  0.519176  0.289351  0.251212  0.116230  0.401511  0.667929  0.098477  0.258961  0.131772  0.423538  0.503144  0.382243  0.097582  0.437896  0.143338  0.431781 0.0  0.364182  0.591689  0.553332  0.550071  0.497671  0.112203  0.098703  0.339074  0.193765  0.093430  0.596594  0.672385  0.344855 
48  0.691510  0.515252  0.281182  0.269832  0.266593  0.271452  0.795508  0.617871  0.865743  0.745331  0.663034  0.580634  0.919614  0.846887  0.988467  0.236997  0.241239  0.959236  0.825346  0.735778  0.293154  0.410889  0.425103  0.303637  0.726508  0.625873  0.169237  0.660172  0.248999  0.202000  0.293811  0.686698  0.594148  0.192625  0.338730  0.670041  0.779454  0.378472  0.459515  0.357649  0.610748  0.727582  0.613674  0.322940  0.679156  0.309726  0.749287  0.364182 0.0  0.763699  0.723644  0.703354  0.721172  0.438845  0.375190  0.561071  0.254576  0.337954  1.000000  0.767630  0.456764 
49  0.237645  0.420798  0.869516  0.801903  0.734458  0.629185  0.154210  0.253311  0.166604  0.117885  0.219240  0.246227  0.186866  0.147865  0.261392  0.720446  0.765924  0.305679  0.185873  0.191836  0.661970  0.583645  0.458301  0.822520  0.298023  0.292378  0.827225  0.252664  0.817415  0.751035  0.620462  0.288887  0.396736  0.760524  0.701482  0.247081  0.103520  0.611057  0.552037  0.590694  0.268352  0.186468  0.373648  0.611580  0.251413  0.782209  0.219041  0.591689  0.763699 0.0  0.238099  0.180802  0.289272  0.585395  0.622547  0.346132  0.666204  0.623078  0.187561  0.195691  0.375867 
50  0.175807  0.323859  0.694731  0.704665  0.562991  0.543467  0.166452  0.191795  0.206575  0.193780  0.093581  0.119023  0.152833  0.156940  0.212149  0.546925  0.643679  0.261685  0.191468  0.165659  0.458564  0.440650  0.366932  0.555082  0.152975  0.152749  0.597585  0.179532  0.622718  0.649222  0.574163  0.170405  0.288107  0.658468  0.423007  0.114430  0.242398  0.487288  0.398167  0.514270  0.151518  0.130210  0.208219  0.563961  0.147901  0.561739  0.142473  0.553332  0.723644  0.238099 0.0  0.166890  0.153264  0.384893  0.466637  0.189527  0.521027  0.500975  0.180166  0.173530  0.281903 
51  0.147283  0.301612  0.565882  0.659875  0.735744  0.640784  0.174375  0.173991  0.189958  0.121826  0.172624  0.195665  0.189920  0.163708  0.257634  0.507921  0.584613  0.364983  0.224912  0.105085  0.605835  0.551071  0.302202  0.659710  0.293914  0.261868  0.603807  0.156185  0.653770  0.624913  0.735474  0.267323  0.324263  0.732067  0.607681  0.215582  0.197463  0.502833  0.414433  0.498296  0.179723  0.147759  0.343582  0.451004  0.157750  0.561341  0.150219  0.550071  0.703354  0.180802  0.166890 0.0  0.241452  0.506383  0.477268  0.237819  0.472499  0.439987  0.200656  0.224402  0.339149 
52  0.219487  0.372311  0.665650  0.628313  0.688395  0.532783  0.222963  0.247047  0.214560  0.268882  0.181122  0.126644  0.181251  0.224451  0.172158  0.583992  0.642998  0.229190  0.207186  0.250108  0.528901  0.399428  0.357959  0.532628  0.124821  0.132168  0.601926  0.249666  0.600316  0.696815  0.531491  0.112390  0.318770  0.640361  0.503236  0.171264  0.294857  0.513859  0.360337  0.441376  0.219935  0.213658  0.183552  0.423933  0.233895  0.549649  0.222526  0.497671  0.721172  0.289272  0.153264  0.241452 0.0  0.453427  0.521117  0.212507  0.571175  0.466446  0.199886  0.182269  0.317543 
53  0.458907  0.254560  0.310085  0.271866  0.235207  0.138043  0.620593  0.386926  0.491536  0.565891  0.377164  0.494903  0.552070  0.541847  0.485719  0.197248  0.224415  0.528004  0.552740  0.490074  0.140844  0.110005  0.251366  0.180746  0.455088  0.396358  0.267732  0.441822  0.298507  0.253838  0.233192  0.526464  0.251829  0.259773  0.144440  0.433099  0.571926  0.106289  0.229181  0.121091  0.383808  0.468976  0.336130  0.112066  0.438554  0.193539  0.466300  0.112203  0.438845  0.585395  0.384893  0.506383  0.453427 0.0  0.122892  0.302700  0.216718  0.104664  0.524118  0.582681  0.304058 
54  0.502837  0.283420  0.239164  0.214771  0.211210  0.115574  0.601032  0.371816  0.554797  0.523861  0.473066  0.457102  0.585200  0.552020  0.554749  0.184751  0.178732  0.615615  0.622646  0.546382  0.108866  0.091453  0.283083  0.156347  0.422753  0.468632  0.259164  0.452126  0.228173  0.242377  0.192535  0.486410  0.276046  0.240812  0.103228  0.464483  0.667291  0.089991  0.215532  0.117225  0.358238  0.621621  0.356833  0.085342  0.430397  0.136406  0.432001  0.098703  0.375190  0.622547  0.466637  0.477268  0.521117  0.122892 0.0  0.367021  0.173429  0.096188  0.579583  0.508631  0.276587 
55  0.173417  0.215050  0.519061  0.510784  0.506034  0.396765  0.305068  0.159019  0.281554  0.261693  0.181016  0.185965  0.262976  0.232427  0.258350  0.437723  0.422600  0.350730  0.337766  0.227089  0.397777  0.368172  0.226666  0.484595  0.165463  0.158556  0.580221  0.198573  0.492644  0.472044  0.540852  0.249547  0.168001  0.509963  0.352117  0.155212  0.348904  0.332864  0.308452  0.352319  0.125008  0.236054  0.161420  0.333296  0.195196  0.426585  0.209035  0.339074  0.561071  0.346132  0.189527  0.237819  0.212507  0.302700  0.367021 0.0  0.333145  0.381394  0.317192  0.295341  0.197949 
56  0.464768  0.297206  0.292908  0.239014  0.241539  0.197710  0.548554  0.431558  0.668714  0.556641  0.453547  0.523304  0.608680  0.569788  0.652847  0.128459  0.153474  0.655450  0.653637  0.533507  0.191467  0.195398  0.278584  0.197808  0.522226  0.441700  0.195539  0.483640  0.203363  0.180211  0.228154  0.652894  0.291587  0.199261  0.142217  0.507358  0.623759  0.199300  0.195201  0.146816  0.399161  0.573513  0.412882  0.185194  0.477157  0.140680  0.542784  0.193765  0.254576  0.666204  0.521027  0.472499  0.571175  0.216718  0.173429  0.333145 0.0  0.192645  0.589097  0.613122  0.311737 
57  0.446028  0.268212  0.250542  0.232653  0.217831  0.111947  0.502549  0.381335  0.586364  0.596419  0.489519  0.562377  0.502072  0.574140  0.509896  0.184210  0.199149  0.622797  0.681968  0.553553  0.119027  0.081637  0.289854  0.153625  0.439503  0.424433  0.293622  0.440391  0.243294  0.237607  0.206654  0.466442  0.266105  0.237327  0.125582  0.379505  0.756691  0.089273  0.222007  0.124599  0.406848  0.482923  0.362669  0.087885  0.390552  0.157265  0.515498  0.093430  0.337954  0.623078  0.500975  0.439987  0.466446  0.104664  0.096188  0.381394  0.192645 0.0  0.607267  0.707877  0.268542 
58  0.237000  0.348810  0.721195  0.779411  0.688322  0.611424  0.113937  0.280090  0.098998  0.206406  0.187820  0.153616  0.098302  0.139040  0.113274  0.586095  0.711656  0.193351  0.105050  0.191489  0.657256  0.594969  0.359736  0.604415  0.215565  0.218596  0.673341  0.300107  0.777574  0.655497  0.602196  0.173851  0.349023  0.738549  0.614350  0.202200  0.209065  0.628174  0.556663  0.580878  0.249062  0.160249  0.357854  0.515951  0.220500  0.695987  0.226092  0.596594  1.000000  0.187561  0.180166  0.200656  0.199886  0.524118  0.579583  0.317192  0.589097  0.607267 0.0  0.085420  0.408107 
59  0.273976  0.424236  0.720860  0.710126  0.737398  0.707553  0.110868  0.248187  0.096332  0.178316  0.182816  0.146446  0.094869  0.127416  0.129765  0.628228  0.644277  0.239013  0.105008  0.191146  0.632850  0.595916  0.370381  0.698694  0.237374  0.252075  0.685859  0.250662  0.706362  0.656356  0.682236  0.166995  0.350589  0.723340  0.583319  0.220486  0.200752  0.532741  0.508640  0.428342  0.255833  0.159414  0.287726  0.570325  0.260459  0.490362  0.182594  0.672385  0.767630  0.195691  0.173530  0.224402  0.182269  0.582681  0.508631  0.295341  0.613122  0.707877  0.085420 0.0  0.360427 
60  0.219804  0.097286  0.499330  0.461937  0.386921  0.365140  0.382276  0.195272  0.375988  0.327838  0.264566  0.339400  0.328029  0.392404  0.337027  0.426019  0.411147  0.460439  0.415188  0.299077  0.356687  0.301278  0.112109  0.420887  0.268287  0.250353  0.351230  0.215754  0.450344  0.380336  0.462044  0.349251  0.121454  0.367116  0.267856  0.272756  0.428155  0.267758  0.217350  0.273179  0.201423  0.294432  0.201783  0.275705  0.226175  0.373183  0.268772  0.344855  0.456764  0.375867  0.281903  0.339149  0.317543  0.304058  0.276587  0.197949  0.311737  0.268542  0.408107  0.360427 0.0 
