61
0 0.0  0.285443  0.706618  0.621993  0.565545  0.415838  0.248479  0.117544  0.276453  0.231023  0.172964  0.257722  0.272864  0.225640  0.302615  0.598190  0.641573  0.424548  0.330232  0.146161  0.572097  0.536966  0.275208  0.579163  0.222484  0.221681  0.691729  0.093554  0.701297  0.549315  0.560589  0.319690  0.302366  0.700306  0.510119  0.183630  0.294714  0.515683  0.387297  0.499616  0.146542  0.185539  0.229144  0.498930  0.115481  0.550460  0.149023  0.561790  0.833240  0.280849  0.192933  0.163739  0.267819  0.515613  0.503821  0.197663  0.457798  0.504994  0.344317  0.253269  0.250022 
1  0.285443 0.0  0.585058  0.516393  0.448296  0.348778  0.425607  0.240907  0.446558  0.448363  0.346371  0.338187  0.409437  0.431440  0.493664  0.370126  0.402132  0.573912  0.476831  0.307202  0.399489  0.351283  0.102861  0.379719  0.314737  0.289980  0.459195  0.280945  0.512898  0.439180  0.443250  0.431043  0.129376  0.451393  0.356855  0.309536  0.526036  0.271573  0.182234  0.273907  0.246569  0.415591  0.280458  0.340525  0.292457  0.371598  0.308297  0.339932  0.548538  0.499568  0.361420  0.347934  0.376758  0.321817  0.285655  0.207705  0.328386  0.314941  0.506008  0.430126  0.100284 
2  0.706618  0.585058 0.0  0.111516  0.164271  0.284853  0.954252  0.602739  0.901636  0.819789  0.643184  0.669085  0.888017  0.828846  0.969721  0.293627  0.246306  0.856178  0.780206  0.621017  0.265113  0.270907  0.508253  0.200296  0.768915  0.730502  0.265536  0.686461  0.160747  0.273165  0.159130  0.630722  0.560566  0.171877  0.285109  0.780402  0.938254  0.268718  0.395243  0.324272  0.638481  0.833610  0.644447  0.269453  0.798140  0.247865  0.704028  0.292036  0.308179  0.906551  0.844386  0.677358  0.837775  0.307405  0.283828  0.603105  0.308547  0.275239  0.991862  0.978582  0.590870 
3  0.621993  0.516393  0.111516 0.0  0.135031  0.246799  0.900815  0.722036  0.796755  0.747283  0.719750  0.640167  0.778667  0.731570  0.783315  0.234190  0.206059  0.998403  0.850450  0.675528  0.227930  0.305971  0.495106  0.201025  0.576143  0.649200  0.232930  0.824926  0.123793  0.247692  0.140939  0.816030  0.519887  0.139633  0.260261  0.755924  0.864910  0.297035  0.396023  0.281927  0.658537  0.734188  0.577790  0.286503  0.707408  0.226169  0.593623  0.285276  0.305209  0.890122  0.690136  0.839525  0.770277  0.349677  0.299564  0.661012  0.275218  0.310465  0.813533  0.929417  0.565372 
4  0.565545  0.448296  0.164271  0.135031 0.0  0.201735  0.747884  0.566354  0.755837  0.673420  0.620115  0.720176  0.784215  0.698388  0.699700  0.175852  0.132366  0.816390  0.876398  0.673907  0.186427  0.235217  0.398835  0.137613  0.543440  0.552912  0.191791  0.679608  0.111806  0.178884  0.101221  0.778119  0.382419  0.121832  0.180144  0.715339  0.895500  0.211417  0.358757  0.255920  0.618518  0.712712  0.484111  0.256778  0.721035  0.162596  0.764630  0.229079  0.217094  0.819286  0.677148  0.761629  0.645355  0.268264  0.210133  0.515794  0.253539  0.229171  0.885601  0.815764  0.474051 
5  0.415838  0.348778  0.284853  0.246799  0.201735 0.0  0.641762  0.441831  0.808743  0.694291  0.588473  0.580604  0.610419  0.600620  0.668606  0.240700  0.190700  0.747789  0.590506  0.680519  0.091079  0.118764  0.294682  0.156560  0.503494  0.473989  0.243996  0.452423  0.221407  0.228313  0.170629  0.642948  0.334379  0.250537  0.133227  0.511729  0.847015  0.122476  0.268489  0.179358  0.494859  0.554548  0.395545  0.121247  0.566190  0.155896  0.594552  0.100387  0.342373  0.712649  0.577297  0.629334  0.521389  0.148946  0.116270  0.397110  0.199794  0.113458  0.656066  0.623490  0.339832 
6  0.248479  0.425607  0.954252  0.900815  0.747884  0.641762 0.0  0.305807  0.104138  0.157351  0.211854  0.197381  0.128397  0.113223  0.197018  0.705631  0.820101  0.314208  0.145165  0.198843  0.620201  0.665909  0.429162  0.745959  0.263727  0.250534  0.744584  0.269615  0.965987  0.726754  0.873228  0.226923  0.427093  0.822702  0.655749  0.252741  0.169928  0.649189  0.432099  0.556731  0.279407  0.160261  0.365065  0.596211  0.267506  0.777424  0.204432  0.709233  0.863205  0.172564  0.174271  0.197298  0.259413  0.629080  0.646320  0.348428  0.640007  0.640403  0.120331  0.129504  0.461634 
7  0.117544  0.240907  0.602739  0.722036  0.566354  0.441831  0.305807 0.0  0.301491  0.247779  0.161052  0.242448  0.255833  0.239282  0.302853  0.491422  0.581118  0.407104  0.289650  0.175675  0.553946  0.411722  0.257557  0.624112  0.225409  0.216684  0.627049  0.103416  0.604884  0.562363  0.578148  0.270447  0.224091  0.630725  0.485389  0.184501  0.330581  0.377844  0.355811  0.423183  0.111149  0.200126  0.251933  0.459079  0.127775  0.601271  0.157423  0.493985  0.726933  0.275393  0.199227  0.195955  0.283768  0.390707  0.478687  0.164229  0.503529  0.481660  0.307812  0.341866  0.231831 
8  0.276453  0.446558  0.901636  0.796755  0.755837  0.808743  0.104138  0.301491 0.0  0.179337  0.216422  0.183721  0.113660  0.130849  0.148874  0.828651  0.760493  0.233618  0.112308  0.200807  0.752655  0.716144  0.444060  0.825452  0.251820  0.271976  0.806920  0.278680  0.734317  0.732817  0.877731  0.234611  0.440317  0.950996  0.665167  0.247770  0.181371  0.657668  0.548842  0.734045  0.274940  0.196002  0.282656  0.673573  0.264100  0.689565  0.215241  0.680452  0.862333  0.193283  0.198144  0.242769  0.225285  0.642737  0.654561  0.333444  0.676021  0.574581  0.105686  0.101047  0.426955 
9  0.231023  0.448363  0.819789  0.747283  0.673420  0.694291  0.157351  0.247779  0.179337 0.0  0.222369  0.229582  0.193464  0.144117  0.217981  0.746267  0.669721  0.289828  0.223491  0.164416  0.716554  0.676811  0.490849  0.837616  0.305405  0.258857  0.697289  0.260261  0.734987  0.636977  0.847959  0.261764  0.401367  0.911107  0.700376  0.212199  0.164922  0.643757  0.478817  0.602283  0.277536  0.156152  0.359496  0.564433  0.223569  0.623988  0.177606  0.524819  0.815736  0.136378  0.214247  0.138023  0.269856  0.519987  0.764953  0.319349  0.642045  0.622012  0.212443  0.186791  0.357474 
10  0.172964  0.346371  0.643184  0.719750  0.620115  0.588473  0.211854  0.161052  0.216422  0.222369 0.0  0.152672  0.181463  0.150928  0.241633  0.735942  0.700064  0.315463  0.198968  0.166587  0.636202  0.569068  0.346116  0.681464  0.179956  0.161298  0.521877  0.164356  0.671667  0.807471  0.680292  0.225286  0.310673  0.739148  0.610713  0.112798  0.286068  0.530642  0.418322  0.506592  0.143327  0.140877  0.215716  0.540766  0.151113  0.565995  0.127387  0.529429  0.721883  0.286777  0.092006  0.176786  0.199088  0.559093  0.520310  0.210613  0.509144  0.507085  0.215674  0.190815  0.314039 
11  0.257722  0.338187  0.669085  0.640167  0.720176  0.580604  0.197381  0.242448  0.183721  0.229582  0.152672 0.0  0.152150  0.181919  0.157867  0.682785  0.686712  0.257234  0.178232  0.212110  0.675985  0.544179  0.402221  0.777065  0.163549  0.147268  0.612613  0.249929  0.817942  0.871219  0.682446  0.137601  0.327966  0.743482  0.633610  0.159361  0.249610  0.499419  0.583537  0.614763  0.253153  0.175640  0.212327  0.533404  0.199705  0.647673  0.185208  0.667733  0.781103  0.254546  0.123928  0.219671  0.126839  0.547318  0.528250  0.230014  0.523177  0.516536  0.153341  0.159260  0.365238 
12  0.272864  0.409437  0.888017  0.778667  0.784215  0.610419  0.128397  0.255833  0.113660  0.193464  0.181463  0.152150 0.0  0.111240  0.132369  0.633203  0.772673  0.253526  0.140085  0.208515  0.674487  0.618037  0.403904  0.740750  0.232291  0.231512  0.877921  0.265744  0.622681  0.821830  0.762499  0.175428  0.424234  0.852766  0.709006  0.222525  0.250812  0.523487  0.541354  0.596111  0.275417  0.160428  0.305546  0.620894  0.252535  0.679075  0.205777  0.632777  0.873534  0.211980  0.173368  0.207545  0.193974  0.650743  0.629860  0.320642  0.627360  0.684624  0.101224  0.097920  0.358503 
13  0.225640  0.431440  0.828846  0.731570  0.698388  0.600620  0.113223  0.239282  0.130849  0.144117  0.150928  0.181919  0.111240 0.0  0.179856  0.702046  0.567798  0.301774  0.151432  0.185044  0.668293  0.568494  0.378360  0.643434  0.234724  0.248503  0.761768  0.224367  0.735909  0.709466  0.870731  0.234663  0.417554  0.736349  0.582208  0.191452  0.204332  0.599886  0.532268  0.600443  0.253640  0.132864  0.302614  0.721304  0.203845  0.669932  0.176236  0.579842  0.876695  0.174407  0.156511  0.174800  0.234697  0.544221  0.586777  0.288606  0.659215  0.634604  0.126025  0.138454  0.413879 
14  0.302615  0.493664  0.969721  0.783315  0.699700  0.668606  0.197018  0.302853  0.148874  0.217981  0.241633  0.157867  0.132369  0.179856 0.0  0.857875  0.698745  0.161272  0.120912  0.294507  0.835962  0.617950  0.497040  0.772597  0.228346  0.259195  0.898872  0.362802  0.701770  0.661319  0.755563  0.147712  0.407065  0.862497  0.639609  0.236836  0.276949  0.659607  0.527836  0.653578  0.303487  0.210834  0.278271  0.667481  0.310025  0.708608  0.220461  0.587446  0.833256  0.235043  0.187417  0.303464  0.173872  0.647577  0.570263  0.332561  0.745683  0.780171  0.124395  0.132276  0.455810 
15  0.598190  0.370126  0.293627  0.234190  0.175852  0.240700  0.705631  0.491422  0.828651  0.746267  0.735942  0.682785  0.633203  0.702046  0.857875 0.0  0.134412  0.782486  0.658504  0.636457  0.201222  0.230740  0.353406  0.186357  0.590514  0.556177  0.158296  0.593756  0.218341  0.132279  0.208553  0.781245  0.361651  0.211638  0.162826  0.578676  0.710131  0.205842  0.290671  0.201484  0.521583  0.558802  0.524193  0.200580  0.537973  0.130927  0.707293  0.198686  0.281006  0.764230  0.630183  0.679425  0.645658  0.232441  0.204839  0.477349  0.133469  0.237789  0.747422  0.734491  0.400719 
16  0.641573  0.402132  0.246306  0.206059  0.132366  0.190700  0.820101  0.581118  0.760493  0.669721  0.700064  0.686712  0.772673  0.567798  0.698745  0.134412 0.0  0.845219  0.754953  0.553062  0.181164  0.207648  0.406061  0.123902  0.503443  0.604650  0.182746  0.599199  0.161356  0.149140  0.170573  0.610669  0.444351  0.173287  0.149416  0.642210  0.771834  0.209019  0.286529  0.186452  0.628783  0.636651  0.572885  0.185377  0.647604  0.114594  0.594541  0.189245  0.223007  0.761348  0.677543  0.743639  0.568938  0.242488  0.210440  0.506527  0.181133  0.201082  0.797376  0.719888  0.422546 
17  0.424548  0.573912  0.856178  0.998403  0.816390  0.747789  0.314208  0.407104  0.233618  0.289828  0.315463  0.257234  0.253526  0.301774  0.161272  0.782486  0.845219 0.0  0.219004  0.377560  0.554835  0.762988  0.526466  0.757536  0.272666  0.345494  0.711844  0.436593  0.778868  0.835878  0.844754  0.189427  0.441877  0.939045  0.735928  0.343507  0.342484  0.681858  0.646253  0.718435  0.396583  0.313848  0.349980  0.735049  0.353451  0.739424  0.303033  0.719342  0.907915  0.362480  0.303244  0.376951  0.224728  0.651961  0.663344  0.377655  0.753115  0.606433  0.230057  0.216197  0.476556 
18  0.330232  0.476831  0.780206  0.850450  0.876398  0.590506  0.145165  0.289650  0.112308  0.223491  0.198968  0.178232  0.140085  0.151432  0.120912  0.658504  0.754953  0.219004 0.0  0.234999  0.705944  0.658331  0.564211  0.834002  0.297097  0.310835  0.886736  0.343012  0.807735  0.806787  0.827823  0.211619  0.492001  0.769350  0.658320  0.266555  0.225175  0.651680  0.563704  0.757933  0.270090  0.196771  0.322705  0.582970  0.308149  0.805822  0.210937  0.663559  0.952645  0.206394  0.252586  0.269797  0.220985  0.630582  0.743526  0.356395  0.811078  0.659448  0.103483  0.112071  0.481951 
19  0.146161  0.307202  0.621017  0.675528  0.673907  0.680519  0.198843  0.175675  0.200807  0.164416  0.166587  0.212110  0.208515  0.185044  0.294507  0.636457  0.553062  0.377560  0.234999 0.0  0.480958  0.602437  0.295092  0.684777  0.253632  0.196157  0.834251  0.152249  0.745597  0.731549  0.752757  0.275987  0.300414  0.789561  0.643373  0.172362  0.234360  0.509203  0.523106  0.507072  0.176723  0.133385  0.317325  0.543247  0.131314  0.679197  0.116545  0.567443  0.793047  0.214321  0.164306  0.116611  0.242818  0.546374  0.527289  0.286742  0.620159  0.540157  0.229232  0.212421  0.302739 
20  0.572097  0.399489  0.265113  0.227930  0.186427  0.091079  0.620201  0.553946  0.752655  0.716554  0.636202  0.675985  0.674487  0.668293  0.835962  0.201222  0.181164  0.554835  0.705944  0.480958 0.0  0.124832  0.321422  0.133693  0.535656  0.575992  0.263722  0.593978  0.215698  0.247837  0.192007  0.716892  0.324824  0.228582  0.109532  0.582196  0.890486  0.120333  0.256620  0.151547  0.573548  0.680274  0.436439  0.115272  0.498384  0.141105  0.580168  0.109234  0.359273  0.742654  0.606280  0.609345  0.607566  0.158237  0.112768  0.424350  0.201164  0.124191  0.716166  0.662812  0.402172 
21  0.536966  0.351283  0.270907  0.305971  0.235217  0.118764  0.665909  0.411722  0.716144  0.676811  0.569068  0.544179  0.618037  0.568494  0.617950  0.230740  0.207648  0.762988  0.658331  0.602437  0.124832 0.0  0.344832  0.172477  0.469476  0.469495  0.250629  0.507453  0.262065  0.285148  0.204684  0.526492  0.353017  0.282004  0.132041  0.530055  0.722930  0.087544  0.246104  0.135202  0.530081  0.603609  0.424948  0.089206  0.459718  0.168113  0.512048  0.093999  0.387368  0.655646  0.510674  0.659312  0.460469  0.115629  0.096884  0.385709  0.194111  0.083706  0.630278  0.615538  0.335519 
22  0.275208  0.102861  0.508253  0.495106  0.398835  0.294682  0.429162  0.257557  0.444060  0.490849  0.346116  0.402221  0.403904  0.378360  0.497040  0.353406  0.406061  0.526466  0.564211  0.295092  0.321422  0.344832 0.0  0.406787  0.326141  0.359157  0.496343  0.262546  0.485961  0.474521  0.379151  0.454341  0.150697  0.512580  0.308044  0.322412  0.568047  0.322981  0.160406  0.280393  0.244582  0.317933  0.297754  0.291010  0.312119  0.414070  0.347237  0.319768  0.493134  0.430963  0.345756  0.401608  0.412397  0.315540  0.275091  0.252325  0.316198  0.290684  0.519128  0.394197  0.127484 
23  0.579163  0.379719  0.200296  0.201025  0.137613  0.156560  0.745959  0.624112  0.825452  0.837616  0.681464  0.777065  0.740750  0.643434  0.772597  0.186357  0.123902  0.757536  0.834002  0.684777  0.133693  0.172477  0.406787 0.0  0.509123  0.650998  0.193349  0.470177  0.166407  0.209429  0.121808  0.572464  0.374082  0.179595  0.134411  0.556778  0.779508  0.167483  0.329972  0.208223  0.510574  0.673986  0.481999  0.160359  0.604940  0.119760  0.677917  0.171494  0.327077  0.703173  0.548921  0.740119  0.658485  0.206513  0.158680  0.507626  0.231305  0.167809  0.841688  0.687393  0.376607 
24  0.222484  0.314737  0.768915  0.576143  0.543440  0.503494  0.263727  0.225409  0.251820  0.305405  0.179956  0.163549  0.232291  0.234724  0.228346  0.590514  0.503443  0.272666  0.297097  0.253632  0.535656  0.469476  0.326141  0.509123 0.0  0.102259  0.717188  0.246473  0.728283  0.720155  0.546615  0.182221  0.270316  0.587369  0.570807  0.142424  0.363470  0.450836  0.399391  0.506950  0.201019  0.226656  0.172990  0.499505  0.214379  0.570498  0.216736  0.489439  0.726162  0.308099  0.154692  0.322524  0.131529  0.418242  0.502187  0.187378  0.546176  0.392921  0.244921  0.245279  0.331107 
25  0.221681  0.289980  0.730502  0.649200  0.552912  0.473989  0.250534  0.216684  0.271976  0.258857  0.161298  0.147268  0.231512  0.248503  0.259195  0.556177  0.604650  0.345494  0.310835  0.196157  0.575992  0.469495  0.359157  0.650998  0.102259 0.0  0.645072  0.211906  0.598175  0.621671  0.710064  0.184008  0.289697  0.667279  0.489398  0.110635  0.365281  0.433972  0.400648  0.519616  0.171302  0.209543  0.169016  0.500521  0.205944  0.552297  0.195847  0.508483  0.877469  0.326803  0.163276  0.264834  0.146931  0.465553  0.486606  0.156531  0.567488  0.446798  0.247833  0.214028  0.280551 
26  0.691729  0.459195  0.265536  0.232930  0.191791  0.243996  0.744584  0.627049  0.806920  0.697289  0.521877  0.612613  0.877921  0.761768  0.898872  0.158296  0.182746  0.711844  0.886736  0.834251  0.263722  0.250629  0.496343  0.193349  0.717188  0.645072 0.0  0.529034  0.202912  0.098948  0.196431  0.680023  0.401300  0.180033  0.241127  0.580070  0.828068  0.254692  0.323785  0.260372  0.569997  0.826327  0.612395  0.307171  0.619737  0.203305  0.852956  0.284841  0.184870  0.832998  0.720078  0.721163  0.716242  0.264067  0.260872  0.611851  0.202055  0.311822  0.813792  0.849006  0.434733 
27  0.093554  0.280945  0.686461  0.824926  0.679608  0.452423  0.269615  0.103416  0.278680  0.260261  0.164356  0.249929  0.265744  0.224367  0.362802  0.593756  0.599199  0.436593  0.343012  0.152249  0.593978  0.507453  0.262546  0.470177  0.246473  0.211906  0.529034 0.0  0.622732  0.667708  0.583609  0.275776  0.246007  0.605242  0.556497  0.172257  0.331424  0.588394  0.343836  0.560888  0.131034  0.203013  0.268267  0.457267  0.108135  0.517280  0.150312  0.549400  0.721726  0.231284  0.190813  0.170991  0.295168  0.438964  0.524056  0.205898  0.476881  0.513413  0.281650  0.323030  0.227082 
28  0.701297  0.512898  0.160747  0.123793  0.111806  0.221407  0.965987  0.604884  0.734317  0.734987  0.671667  0.817942  0.622681  0.735909  0.701770  0.218341  0.161356  0.778868  0.807735  0.745597  0.215698  0.262065  0.485961  0.166407  0.728283  0.598175  0.202912  0.622732 0.0  0.177968  0.125985  0.712183  0.502726  0.101373  0.220269  0.733800  1.000000  0.270007  0.358674  0.276501  0.751698  0.937568  0.562095  0.258735  0.640112  0.177461  0.754886  0.226088  0.287876  0.789733  0.725679  0.630951  0.704136  0.308083  0.220040  0.619424  0.262166  0.293798  0.640673  0.744881  0.560102 
29  0.549315  0.439180  0.273165  0.247692  0.178884  0.228313  0.726754  0.562363  0.732817  0.636977  0.807471  0.871219  0.821830  0.709466  0.661319  0.132279  0.149140  0.835878  0.806787  0.731549  0.247837  0.285148  0.474521  0.209429  0.720155  0.621671  0.098948  0.667708  0.177968 0.0  0.227982  0.748154  0.455033  0.180162  0.197503  0.685952  0.901677  0.231789  0.313428  0.244595  0.605159  0.747880  0.549740  0.264027  0.704304  0.182691  0.711232  0.263185  0.220495  0.746706  0.542130  0.889108  0.571577  0.312130  0.225366  0.557248  0.200738  0.280041  0.787785  0.838543  0.444527 
30  0.560589  0.443250  0.159130  0.140939  0.101221  0.170629  0.873228  0.578148  0.877731  0.847959  0.680292  0.682446  0.762499  0.870731  0.755563  0.208553  0.170573  0.844754  0.827823  0.752757  0.192007  0.204684  0.379151  0.121808  0.546615  0.710064  0.196431  0.583609  0.125985  0.227982 0.0  0.831098  0.481793  0.147215  0.185296  0.665155  0.946609  0.228556  0.382486  0.267110  0.633880  0.802044  0.604835  0.190722  0.652961  0.168039  0.736410  0.180931  0.303700  0.761146  0.710542  0.752573  0.698172  0.270906  0.188818  0.519269  0.267535  0.230807  0.731097  0.774184  0.424088 
31  0.319690  0.431043  0.630722  0.816030  0.778119  0.642948  0.226923  0.270447  0.234611  0.261764  0.225286  0.137601  0.175428  0.234663  0.147712  0.781245  0.610669  0.189427  0.211619  0.275987  0.716892  0.526492  0.454341  0.572464  0.182221  0.184008  0.680023  0.275776  0.712183  0.748154  0.831098 0.0  0.439481  0.750167  0.590649  0.183782  0.329294  0.605699  0.494599  0.599303  0.240482  0.229567  0.235355  0.481596  0.295723  0.706918  0.214791  0.532446  0.917080  0.305185  0.176130  0.271708  0.119862  0.596804  0.550191  0.264214  0.638833  0.677113  0.197190  0.199740  0.396859 
32  0.302366  0.129376  0.560566  0.519887  0.382419  0.334379  0.427093  0.224091  0.440317  0.401367  0.310673  0.327966  0.424234  0.417554  0.407065  0.361651  0.444351  0.441877  0.492001  0.300414  0.324824  0.353017  0.150697  0.374082  0.270316  0.289697  0.401300  0.246007  0.502726  0.455033  0.481793  0.439481 0.0  0.500837  0.383958  0.265193  0.451899  0.273942  0.229743  0.324421  0.193905  0.365189  0.213786  0.333636  0.250285  0.374501  0.322281  0.345121  0.513632  0.398649  0.306999  0.344343  0.356940  0.267700  0.288657  0.172738  0.361419  0.318665  0.431802  0.392017  0.129223 
33  0.700306  0.451393  0.171877  0.139633  0.121832  0.250537  0.822702  0.630725  0.950996  0.911107  0.739148  0.743482  0.852766  0.736349  0.862497  0.211638  0.173287  0.939045  0.769350  0.789561  0.228582  0.282004  0.512580  0.179595  0.587369  0.667279  0.180033  0.605242  0.101373  0.180162  0.147215  0.750167  0.500837 0.0  0.237698  0.674202  0.804002  0.291375  0.374192  0.270379  0.698531  0.782350  0.476145  0.258372  0.725777  0.191821  0.812371  0.231931  0.248404  0.958043  0.636140  0.776236  0.681311  0.274766  0.254546  0.684307  0.260236  0.289578  0.763331  0.752103  0.462205 
34  0.510119  0.356855  0.285109  0.260261  0.180144  0.133227  0.655749  0.485389  0.665167  0.700376  0.610713  0.633610  0.709006  0.582208  0.639609  0.162826  0.149416  0.735928  0.658320  0.643373  0.109532  0.132041  0.308044  0.134411  0.570807  0.489398  0.241127  0.556497  0.220269  0.197503  0.185296  0.590649  0.383958  0.237698 0.0  0.528507  0.718398  0.123345  0.264010  0.159262  0.482594  0.491022  0.512114  0.121918  0.470439  0.118547  0.586525  0.137661  0.300920  0.786056  0.520564  0.656007  0.630349  0.167382  0.116860  0.474093  0.181856  0.125476  0.636952  0.650663  0.418845 
35  0.183630  0.309536  0.780402  0.755924  0.715339  0.511729  0.252741  0.184501  0.247770  0.212199  0.112798  0.159361  0.222525  0.191452  0.236836  0.578676  0.642210  0.343507  0.266555  0.172362  0.582196  0.530055  0.322412  0.556778  0.142424  0.110635  0.580070  0.172257  0.733800  0.685952  0.665155  0.183782  0.265193  0.674202  0.528507 0.0  0.299553  0.586874  0.399131  0.536542  0.160378  0.168021  0.192547  0.522491  0.148866  0.591947  0.156651  0.509477  0.849455  0.267275  0.107917  0.215731  0.177547  0.461837  0.524014  0.166745  0.521373  0.485488  0.234106  0.231979  0.250497 
36  0.294714  0.526036  0.938254  0.864910  0.895500  0.847015  0.169928  0.330581  0.181371  0.164922  0.286068  0.249610  0.250812  0.204332  0.276949  0.710131  0.771834  0.342484  0.225175  0.234360  0.890486  0.722930  0.568047  0.779508  0.363470  0.365281  0.828068  0.331424  1.000000  0.901677  0.946609  0.329294  0.451899  0.804002  0.718398  0.299553 0.0  0.673551  0.623399  0.681294  0.332777  0.203292  0.391313  0.727425  0.283576  0.686344  0.290158  0.835096  0.987027  0.107776  0.255108  0.212280  0.341534  0.678783  0.692930  0.350126  0.705833  0.655462  0.231935  0.214119  0.543384 
37  0.515683  0.271573  0.268718  0.297035  0.211417  0.122476  0.649189  0.377844  0.657668  0.643757  0.530642  0.499419  0.523487  0.599886  0.659607  0.205842  0.209019  0.681858  0.651680  0.509203  0.120333  0.087544  0.322981  0.167483  0.450836  0.433972  0.254692  0.588394  0.270007  0.231789  0.228556  0.605699  0.273942  0.291375  0.123345  0.586874  0.673551 0.0  0.241118  0.120790  0.503725  0.601961  0.338296  0.085646  0.508551  0.157139  0.464197  0.106933  0.442340  0.700026  0.493206  0.667832  0.514764  0.112033  0.092304  0.354593  0.203330  0.093171  0.723602  0.584707  0.321629 
38  0.387297  0.182234  0.395243  0.396023  0.358757  0.268489  0.432099  0.355811  0.548842  0.478817  0.418322  0.583537  0.541354  0.532268  0.527836  0.290671  0.286529  0.646253  0.563704  0.523106  0.256620  0.246104  0.160406  0.329972  0.399391  0.400648  0.323785  0.343836  0.358674  0.313428  0.382486  0.494599  0.229743  0.374192  0.264010  0.399131  0.623399  0.241118 0.0  0.195866  0.325149  0.449476  0.343180  0.251406  0.425489  0.262064  0.443022  0.242636  0.398305  0.550448  0.450949  0.469429  0.437254  0.237929  0.260379  0.326281  0.222780  0.253351  0.464595  0.555638  0.210700 
39  0.499616  0.273907  0.324272  0.281927  0.255920  0.179358  0.556731  0.423183  0.734045  0.602283  0.506592  0.614763  0.596111  0.600443  0.653578  0.201484  0.186452  0.718435  0.757933  0.507072  0.151547  0.135202  0.280393  0.208223  0.506950  0.519616  0.260372  0.560888  0.276501  0.244595  0.267110  0.599303  0.324421  0.270379  0.159262  0.536542  0.681294  0.120790  0.195866 0.0  0.461474  0.544202  0.418937  0.122592  0.496564  0.176113  0.583533  0.145515  0.408448  0.633389  0.587360  0.576298  0.506879  0.144665  0.127127  0.341036  0.177342  0.136974  0.646740  0.612533  0.306740 
40  0.146542  0.246569  0.638481  0.658537  0.618518  0.494859  0.279407  0.111149  0.274940  0.277536  0.143327  0.253153  0.275417  0.253640  0.303487  0.521583  0.628783  0.396583  0.270090  0.176723  0.573548  0.530081  0.244582  0.510574  0.201019  0.171302  0.569997  0.131034  0.751698  0.605159  0.633880  0.240482  0.193905  0.698531  0.482594  0.160378  0.332777  0.503725  0.325149  0.461474 0.0  0.183985  0.225774  0.444523  0.128028  0.434278  0.152249  0.443338  0.750512  0.318514  0.171917  0.216833  0.236497  0.395426  0.477604  0.138218  0.524208  0.435665  0.235487  0.253960  0.240426 
41  0.185539  0.415591  0.833610  0.734188  0.712712  0.554548  0.160261  0.200126  0.196002  0.156152  0.140877  0.175640  0.160428  0.132864  0.210834  0.558802  0.636651  0.313848  0.196771  0.133385  0.680274  0.603609  0.317933  0.673986  0.226656  0.209543  0.826327  0.203013  0.937568  0.747880  0.802044  0.229567  0.365189  0.782350  0.491022  0.168021  0.203292  0.601961  0.449476  0.544202  0.183985 0.0  0.286423  0.565133  0.140560  0.703099  0.126599  0.560805  0.872296  0.198486  0.134124  0.141448  0.217236  0.556845  0.544347  0.238124  0.602022  0.649633  0.179479  0.173250  0.346130 
42  0.229144  0.280458  0.644447  0.577790  0.484111  0.395545  0.365065  0.251933  0.282656  0.359496  0.215716  0.212327  0.305546  0.302614  0.278271  0.524193  0.572885  0.349980  0.322705  0.317325  0.436439  0.424948  0.297754  0.481999  0.172990  0.169016  0.612395  0.268267  0.562095  0.549740  0.604835  0.235355  0.213786  0.476145  0.512114  0.192547  0.391313  0.338296  0.343180  0.418937  0.225774  0.286423 0.0  0.357636  0.248790  0.522016  0.284089  0.457956  0.703616  0.414589  0.231251  0.307980  0.217866  0.355353  0.382717  0.135794  0.465097  0.446661  0.305299  0.326278  0.231856 
43  0.498930  0.340525  0.269453  0.286503  0.256778  0.121247  0.596211  0.459079  0.673573  0.564433  0.540766  0.533404  0.620894  0.721304  0.667481  0.200580  0.185377  0.735049  0.582970  0.543247  0.115272  0.089206  0.291010  0.160359  0.499505  0.500521  0.307171  0.457267  0.258735  0.264027  0.190722  0.481596  0.333636  0.258372  0.121918  0.522491  0.727425  0.085646  0.251406  0.122592  0.444523  0.565133  0.357636 0.0  0.496983  0.161874  0.662401  0.103130  0.348618  0.686204  0.596634  0.604768  0.540269  0.127678  0.087549  0.447855  0.199778  0.096635  0.682205  0.677247  0.359490 
44  0.115481  0.292457  0.798140  0.707408  0.721035  0.566190  0.267506  0.127775  0.264100  0.223569  0.151113  0.199705  0.252535  0.203845  0.310025  0.537973  0.647604  0.353451  0.308149  0.131314  0.498384  0.459718  0.312119  0.604940  0.214379  0.205944  0.619737  0.108135  0.640112  0.704304  0.652961  0.295723  0.250285  0.725777  0.470439  0.148866  0.283576  0.508551  0.425489  0.496564  0.128028  0.140560  0.248790  0.496983 0.0  0.574146  0.116197  0.558913  0.798354  0.244347  0.162572  0.175702  0.238979  0.497266  0.537865  0.183067  0.598543  0.483154  0.258520  0.243261  0.249165 
45  0.550460  0.371598  0.247865  0.226169  0.162596  0.155896  0.777424  0.601271  0.689565  0.623988  0.565995  0.647673  0.679075  0.669932  0.708608  0.130927  0.114594  0.739424  0.805822  0.679197  0.141105  0.168113  0.414070  0.119760  0.570498  0.552297  0.203305  0.517280  0.177461  0.182691  0.168039  0.706918  0.374501  0.191821  0.118547  0.591947  0.686344  0.157139  0.262064  0.176113  0.434278  0.703099  0.522016  0.161874  0.574146 0.0  0.580842  0.168581  0.323831  0.774026  0.628337  0.597083  0.578956  0.168163  0.149218  0.520274  0.164208  0.177635  0.782822  0.665328  0.404728 
46  0.149023  0.308297  0.704028  0.593623  0.764630  0.594552  0.204432  0.157423  0.215241  0.177606  0.127387  0.185208  0.205777  0.176236  0.220461  0.707293  0.594541  0.303033  0.210937  0.116545  0.580168  0.512048  0.347237  0.677917  0.216736  0.195847  0.852956  0.150312  0.754886  0.711232  0.736410  0.214791  0.322281  0.812371  0.586525  0.156651  0.290158  0.464197  0.443022  0.583533  0.152249  0.126599  0.284089  0.662401  0.116197  0.580842 0.0  0.482349  0.686142  0.266039  0.133833  0.156935  0.231310  0.409961  0.625136  0.186691  0.450580  0.542280  0.217371  0.221651  0.293097 
47  0.561790  0.339932  0.292036  0.285276  0.229079  0.100387  0.709233  0.493985  0.680452  0.524819  0.529429  0.667733  0.632777  0.579842  0.587446  0.198686  0.189245  0.719342  0.663559  0.567443  0.109234  0.093999  0.319768  0.171494  0.489439  0.508483  0.284841  0.549400  0.226088  0.263185  0.180931  0.532446  0.345121  0.231931  0.137661  0.509477  0.835096  0.106933  0.242636  0.145515  0.443338  0.560805  0.457956  0.103130  0.558913  0.168581  0.482349 0.0  0.396423  0.640772  0.605786  0.597184  0.657619  0.122707  0.100872  0.470350  0.189902  0.092450  0.594330  0.576013  0.346245 
48  0.833240  0.548538  0.308179  0.305209  0.217094  0.342373  0.863205  0.726933  0.862333  0.815736  0.721883  0.781103  0.873534  0.876695  0.833256  0.281006  0.223007  0.907915  0.952645  0.793047  0.359273  0.387368  0.493134  0.327077  0.726162  0.877469  0.184870  0.721726  0.287876  0.220495  0.303700  0.917080  0.513632  0.248404  0.300920  0.849455  0.987027  0.442340  0.398305  0.408448  0.750512  0.872296  0.703616  0.348618  0.798354  0.323831  0.686142  0.396423 0.0  0.883626  0.758623  0.794847  0.788829  0.455043  0.394741  0.624665  0.298922  0.386984  0.943771  0.989942  0.567402 
49  0.280849  0.499568  0.906551  0.890122  0.819286  0.712649  0.172564  0.275393  0.193283  0.136378  0.286777  0.254546  0.211980  0.174407  0.235043  0.764230  0.761348  0.362480  0.206394  0.214321  0.742654  0.655646  0.430963  0.703173  0.308099  0.326803  0.832998  0.231284  0.789733  0.746706  0.761146  0.305185  0.398649  0.958043  0.786056  0.267275  0.107776  0.700026  0.550448  0.633389  0.318514  0.198486  0.414589  0.686204  0.244347  0.774026  0.266039  0.640772  0.883626 0.0  0.257629  0.165942  0.319142  0.669090  0.697393  0.340819  0.696057  0.635189  0.201375  0.192946  0.466882 
50  0.192933  0.361420  0.844386  0.690136  0.677148  0.577297  0.174271  0.199227  0.198144  0.214247  0.092006  0.123928  0.173368  0.156511  0.187417  0.630183  0.677543  0.303244  0.252586  0.164306  0.606280  0.510674  0.345756  0.548921  0.154692  0.163276  0.720078  0.190813  0.725679  0.542130  0.710542  0.176130  0.306999  0.636140  0.520564  0.107917  0.255108  0.493206  0.450949  0.587360  0.171917  0.134124  0.231251  0.596634  0.162572  0.628337  0.133833  0.605786  0.758623  0.257629 0.0  0.217639  0.172871  0.500782  0.548851  0.205731  0.530604  0.444624  0.200961  0.187951  0.314721 
51  0.163739  0.347934  0.677358  0.839525  0.761629  0.629334  0.197298  0.195955  0.242769  0.138023  0.176786  0.219671  0.207545  0.174800  0.303464  0.679425  0.743639  0.376951  0.269797  0.116611  0.609345  0.659312  0.401608  0.740119  0.322524  0.264834  0.721163  0.170991  0.630951  0.889108  0.752573  0.271708  0.344343  0.776236  0.656007  0.215731  0.212280  0.667832  0.469429  0.576298  0.216833  0.141448  0.307980  0.604768  0.175702  0.597083  0.156935  0.597184  0.794847  0.165942  0.217639 0.0  0.298183  0.520336  0.581871  0.296383  0.656342  0.687540  0.225686  0.221626  0.325645 
52  0.267819  0.376758  0.837775  0.770277  0.645355  0.521389  0.259413  0.283768  0.225285  0.269856  0.199088  0.126839  0.193974  0.234697  0.173872  0.645658  0.568938  0.224728  0.220985  0.242818  0.607566  0.460469  0.412397  0.658485  0.131529  0.146931  0.716242  0.295168  0.704136  0.571577  0.698172  0.119862  0.356940  0.681311  0.630349  0.177547  0.341534  0.514764  0.437254  0.506879  0.236497  0.217236  0.217866  0.540269  0.238979  0.578956  0.231310  0.657619  0.788829  0.319142  0.172871  0.298183 0.0  0.478904  0.573487  0.232113  0.671028  0.468157  0.216624  0.209221  0.345397 
53  0.515613  0.321817  0.307405  0.349677  0.268264  0.148946  0.629080  0.390707  0.642737  0.519987  0.559093  0.547318  0.650743  0.544221  0.647577  0.232441  0.242488  0.651961  0.630582  0.546374  0.158237  0.115629  0.315540  0.206513  0.418242  0.465553  0.264067  0.438964  0.308083  0.312130  0.270906  0.596804  0.267700  0.274766  0.167382  0.461837  0.678783  0.112033  0.237929  0.144665  0.395426  0.556845  0.355353  0.127678  0.497266  0.168163  0.409961  0.122707  0.455043  0.669090  0.500782  0.520336  0.478904 0.0  0.124739  0.337194  0.232321  0.107981  0.610005  0.615348  0.309737 
54  0.503821  0.285655  0.283828  0.299564  0.210133  0.116270  0.646320  0.478687  0.654561  0.764953  0.520310  0.528250  0.629860  0.586777  0.570263  0.204839  0.210440  0.663344  0.743526  0.527289  0.112768  0.096884  0.275091  0.158680  0.502187  0.486606  0.260872  0.524056  0.220040  0.225366  0.188818  0.550191  0.288657  0.254546  0.116860  0.524014  0.692930  0.092304  0.260379  0.127127  0.477604  0.544347  0.382717  0.087549  0.537865  0.149218  0.625136  0.100872  0.394741  0.697393  0.548851  0.581871  0.573487  0.124739 0.0  0.404566  0.178472  0.103203  0.605338  0.622422  0.313353 
55  0.197663  0.207705  0.603105  0.661012  0.515794  0.397110  0.348428  0.164229  0.333444  0.319349  0.210613  0.230014  0.320642  0.288606  0.332561  0.477349  0.506527  0.377655  0.356395  0.286742  0.424350  0.385709  0.252325  0.507626  0.187378  0.156531  0.611851  0.205898  0.619424  0.557248  0.519269  0.264214  0.172738  0.684307  0.474093  0.166745  0.350126  0.354593  0.326281  0.341036  0.138218  0.238124  0.135794  0.447855  0.183067  0.520274  0.186691  0.470350  0.624665  0.340819  0.205731  0.296383  0.232113  0.337194  0.404566 0.0  0.487996  0.422472  0.322447  0.327067  0.204732 
56  0.457798  0.328386  0.308547  0.275218  0.253539  0.199794  0.640007  0.503529  0.676021  0.642045  0.509144  0.523177  0.627360  0.659215  0.745683  0.133469  0.181133  0.753115  0.811078  0.620159  0.201164  0.194111  0.316198  0.231305  0.546176  0.567488  0.202055  0.476881  0.262166  0.200738  0.267535  0.638833  0.361419  0.260236  0.181856  0.521373  0.705833  0.203330  0.222780  0.177342  0.524208  0.602022  0.465097  0.199778  0.598543  0.164208  0.450580  0.189902  0.298922  0.696057  0.530604  0.656342  0.671028  0.232321  0.178472  0.487996 0.0  0.215069  0.645297  0.596960  0.324186 
57  0.504994  0.314941  0.275239  0.310465  0.229171  0.113458  0.640403  0.481660  0.574581  0.622012  0.507085  0.516536  0.684624  0.634604  0.780171  0.237789  0.201082  0.606433  0.659448  0.540157  0.124191  0.083706  0.290684  0.167809  0.392921  0.446798  0.311822  0.513413  0.293798  0.280041  0.230807  0.677113  0.318665  0.289578  0.125476  0.485488  0.655462  0.093171  0.253351  0.136974  0.435665  0.649633  0.446661  0.096635  0.483154  0.177635  0.542280  0.092450  0.386984  0.635189  0.444624  0.687540  0.468157  0.107981  0.103203  0.422472  0.215069 0.0  0.633340  0.656996  0.329770 
58  0.344317  0.506008  0.991862  0.813533  0.885601  0.656066  0.120331  0.307812  0.105686  0.212443  0.215674  0.153341  0.101224  0.126025  0.124395  0.747422  0.797376  0.230057  0.103483  0.229232  0.716166  0.630278  0.519128  0.841688  0.244921  0.247833  0.813792  0.281650  0.640673  0.787785  0.731097  0.197190  0.431802  0.763331  0.636952  0.234106  0.231935  0.723602  0.464595  0.646740  0.235487  0.179479  0.305299  0.682205  0.258520  0.782822  0.217371  0.594330  0.943771  0.201375  0.200961  0.225686  0.216624  0.610005  0.605338  0.322447  0.645297  0.633340 0.0  0.085783  0.429952 
59  0.253269  0.430126  0.978582  0.929417  0.815764  0.623490  0.129504  0.341866  0.101047  0.186791  0.190815  0.159260  0.097920  0.138454  0.132276  0.734491  0.719888  0.216197  0.112071  0.212421  0.662812  0.615538  0.394197  0.687393  0.245279  0.214028  0.849006  0.323030  0.744881  0.838543  0.774184  0.199740  0.392017  0.752103  0.650663  0.231979  0.214119  0.584707  0.555638  0.612533  0.253960  0.173250  0.326278  0.677247  0.243261  0.665328  0.221651  0.576013  0.989942  0.192946  0.187951  0.221626  0.209221  0.615348  0.622422  0.327067  0.596960  0.656996  0.085783 0.0  0.366650 
60  0.250022  0.100284  0.590870  0.565372  0.474051  0.339832  0.461634  0.231831  0.426955  0.357474  0.314039  0.365238  0.358503  0.413879  0.455810  0.400719  0.422546  0.476556  0.481951  0.302739  0.402172  0.335519  0.127484  0.376607  0.331107  0.280551  0.434733  0.227082  0.560102  0.444527  0.424088  0.396859  0.129223  0.462205  0.418845  0.250497  0.543384  0.321629  0.210700  0.306740  0.240426  0.346130  0.231856  0.359490  0.249165  0.404728  0.293097  0.346245  0.567402  0.466882  0.314721  0.325645  0.345397  0.309737  0.313353  0.204732  0.324186  0.329770  0.429952  0.366650 0.0 
