62
0 0.0  0.824786  0.795842  0.852821  0.748761  0.825831  0.723510  0.780217  0.515431  0.691052  0.782966  0.849625  0.472695  0.788207  0.806691  0.597426  0.278628  0.650074  0.783833  0.838435  0.866904  0.741816  0.815595  0.770599  0.697340  0.706939  0.550254  0.894872  0.581184  0.663161  0.828429  0.808612  0.630285  0.756244  0.759127  0.858209  0.780380  0.786828  0.693626  0.773401  0.782247  0.847832  0.793962  0.765523  0.446840  0.410742  0.936062  0.769933  0.787072  0.379228  0.793429  0.414087  0.830993  0.412436  0.783321  0.739921  0.964545  0.878849  0.855813  0.746295  0.797103  0.775992 
1  0.824786 0.0  0.593854  0.330669  0.708492  0.293849  0.211932  0.241395  0.860501  0.791513  0.725807  0.813238  0.735435  0.822854  0.585273  0.679584  0.864987  0.681898  0.817537  0.885724  1.000000  0.880985  0.749710  0.824068  0.322151  0.851729  0.694235  0.724737  0.642272  0.910616  0.796808  0.970509  0.807554  0.883896  0.672089  0.733978  0.782921  0.882162  0.835509  0.822181  0.840462  0.861527  0.524440  0.804932  0.712496  0.746525  0.874213  0.794347  0.923124  0.866650  0.841861  0.682098  0.546055  0.691706  0.774222  0.786564  0.604117  0.634784  0.907256  0.884030  0.819566  0.760335 
2  0.795842  0.593854 0.0  0.667574  0.777802  0.625268  0.607314  0.519323  0.702482  0.811948  0.760844  0.860716  0.542700  0.763268  0.422168  0.715882  0.767081  0.518796  0.776501  0.851997  0.789194  0.738691  0.807440  0.934339  0.629586  0.760940  0.618496  0.730142  0.792660  0.894549  0.831230  0.875829  0.894135  0.959661  0.688766  0.773717  0.786501  0.815216  0.781923  0.744871  0.835537  0.866763  0.649927  0.837283  0.842032  0.818272  0.733867  0.860370  0.914668  0.838449  0.873989  0.852345  0.357499  0.744624  0.796100  0.848648  0.358628  0.357885  0.732242  0.810650  0.713784  0.862557 
3  0.852821  0.330669  0.667574 0.0  0.886063  0.292897  0.345191  0.408615  0.808809  0.814461  0.802483  0.762811  0.763527  0.840913  0.575441  0.746559  0.782458  0.820405  0.741635  0.825572  0.872138  0.742347  0.842847  0.805403  0.321210  0.809446  0.690723  0.748228  0.716133  0.897720  0.843080  0.795493  0.724962  0.739607  0.847836  0.772300  0.821756  0.815561  0.847402  0.883257  0.853440  0.779377  0.405174  0.799228  0.776491  0.797060  0.844371  0.765131  0.761596  0.749713  0.713189  0.879058  0.546058  0.767810  0.993259  0.783798  0.647229  0.591704  0.739270  0.837396  0.877341  0.857889 
4  0.748761  0.708492  0.777802  0.886063 0.0  0.790872  0.892670  0.753915  0.812627  0.692612  0.763737  0.770672  0.741151  0.599520  0.877741  0.651941  0.834064  0.686869  0.868035  0.873850  0.291021  0.458973  0.414414  0.560496  0.885242  0.484824  0.709831  0.762673  0.727104  0.408548  0.561626  0.695044  0.431288  0.561278  0.472006  0.703107  0.525898  0.644322  0.464154  0.510828  0.463704  0.250329  0.955764  0.435396  0.757699  0.728883  0.627063  0.429372  0.610235  0.778993  0.464157  0.837367  0.827958  0.777330  0.448263  0.495697  0.939989  0.752257  0.807753  0.530125  0.735362  0.876382 
5  0.825831  0.293849  0.625268  0.292897  0.790872 0.0  0.278509  0.172271  0.663981  0.824403  0.746616  0.791745  0.745120  0.758956  0.675719  0.646065  0.731237  0.783205  0.724498  0.869766  0.755410  0.871767  0.781563  0.739166  0.395342  0.707812  0.808714  0.816181  0.639582  0.815837  0.699894  0.804823  0.853993  0.781891  0.681955  0.867342  0.877882  0.827565  0.836840  0.859717  0.749506  0.857539  0.425395  0.805309  0.771263  0.852179  0.807616  0.835842  0.944521  0.830924  0.896447  0.803963  0.590712  0.759000  0.802176  0.793682  0.673875  0.662179  0.816102  0.810673  0.788775  0.954837 
6  0.723510  0.211932  0.607314  0.345191  0.892670  0.278509 0.0  0.340139  0.650741  0.755220  0.820760  0.912490  0.796550  0.820213  0.598088  0.532485  0.849904  0.802098  0.816754  0.807011  0.839727  0.843806  0.850260  0.853607  0.338552  0.926285  0.743923  0.704050  0.709667  0.692442  0.835908  0.799020  0.647293  0.864084  0.833003  0.857069  0.925851  0.755892  0.838152  0.857988  0.791563  0.821209  0.538737  0.897268  0.823596  0.834897  0.801900  0.784351  0.779981  0.755497  0.722160  0.880034  0.694677  0.821744  0.846112  0.846114  0.604572  0.727238  0.834745  0.736605  0.868856  0.830710 
7  0.780217  0.241395  0.519323  0.408615  0.753915  0.172271  0.340139 0.0  0.655347  0.851063  0.748525  0.868488  0.775596  0.848715  0.651038  0.539474  0.845777  0.610848  0.746094  0.746329  0.788226  0.790184  0.847488  0.838650  0.419582  0.782874  0.720338  0.699399  0.576359  0.798215  0.830302  0.860144  0.837118  0.725457  0.734280  0.877065  0.843171  0.829172  0.919045  0.854002  0.797685  0.722413  0.519256  0.775245  0.749098  0.888344  0.891882  0.871994  0.720948  0.727933  0.809829  0.851403  0.625062  0.833243  0.811206  0.769374  0.611760  0.586763  0.863421  0.837035  0.749539  0.961782 
8  0.515431  0.860501  0.702482  0.808809  0.812627  0.663981  0.650741  0.655347 0.0  0.657236  0.790003  0.692899  0.438974  0.774131  0.725536  0.732359  0.522877  0.677120  0.616433  0.607533  0.660471  0.758864  0.728679  0.721080  0.753840  0.782006  0.488324  0.805842  0.520616  0.705759  0.693841  0.780356  0.825380  0.775409  0.700266  0.730064  0.675357  0.744762  0.681149  0.741233  0.799581  0.679032  0.668540  0.733857  0.522229  0.452759  0.766223  0.775829  0.675725  0.424741  0.762376  0.430779  0.775541  0.581496  0.836242  0.722226  0.731954  0.732487  0.665607  0.752816  0.561011  0.572567 
9  0.691052  0.791513  0.811948  0.814461  0.692612  0.824403  0.755220  0.851063  0.657236 0.0  0.745785  0.749447  0.812984  0.541145  0.866762  0.519287  0.559662  0.763770  0.759148  0.958808  0.683819  0.599066  0.617525  0.643934  0.874151  0.573161  0.770052  0.797562  0.762512  0.477600  0.648125  0.446648  0.477815  0.643471  0.441496  0.493392  0.602409  0.509482  0.727490  0.635198  0.635737  0.693581  0.778522  0.459281  0.547623  0.657752  0.474610  0.604625  0.523352  0.533450  0.560523  0.718223  0.820799  0.652185  0.663840  0.654298  0.753478  0.812372  0.866252  0.603312  0.759834  0.813143 
10  0.782966  0.725807  0.760844  0.802483  0.763737  0.746616  0.820760  0.748525  0.790003  0.745785 0.0  0.420919  0.751324  0.756181  0.779020  0.544648  0.898116  0.766400  0.820846  0.851274  0.863659  0.681106  0.775428  0.797450  0.818652  0.709307  0.687564  0.460010  0.782516  0.790575  0.750042  0.786960  0.779609  0.788797  0.736349  0.766578  0.815791  0.803668  0.747812  0.853575  0.733598  0.848324  0.807713  0.729940  0.706664  0.834725  0.760466  0.777418  0.711603  0.716322  0.860781  0.848055  0.836278  0.771246  0.818878  0.762910  0.779669  0.677278  0.636236  0.891736  0.778506  0.795918 
11  0.849625  0.813238  0.860716  0.762811  0.770672  0.791745  0.912490  0.868488  0.692899  0.749447  0.420919 0.0  0.695915  0.851689  0.896060  0.649924  0.772826  0.731004  0.856449  0.824514  0.811349  0.897364  0.862115  0.917664  0.854015  0.776883  0.705492  0.409205  0.824627  0.876099  0.806463  0.753977  0.841004  0.743231  0.831395  0.793220  0.735420  0.765035  0.776412  0.778999  0.736734  0.725764  0.823110  0.693513  0.822257  0.849615  0.921193  0.893039  0.830470  0.759230  0.800400  0.825983  0.694120  0.834643  0.916588  0.823663  0.788065  0.791137  0.574882  0.856599  0.754632  0.819506 
12  0.472695  0.735435  0.542700  0.763527  0.741151  0.745120  0.796550  0.775596  0.438974  0.812984  0.751324  0.695915 0.0  0.740757  0.472937  0.652207  0.508255  0.607257  0.671728  0.773146  0.784359  0.796703  0.708311  0.803747  0.847918  0.735784  0.389249  0.713934  0.509739  0.802260  0.610138  0.733018  0.748262  0.703490  0.708327  0.763091  0.756893  0.772643  0.646959  0.793008  0.775359  0.783768  0.760354  0.779771  0.482702  0.449852  0.845568  0.803346  0.763630  0.493771  0.721199  0.539020  0.597410  0.461057  0.720650  0.723329  0.618441  0.547892  0.716871  0.811723  0.755066  0.790674 
13  0.788207  0.822854  0.763268  0.840913  0.599520  0.758956  0.820213  0.848715  0.774131  0.541145  0.756181  0.851689  0.740757 0.0  0.802776  0.623856  0.809393  0.619077  0.836421  0.818488  0.591041  0.450829  0.552317  0.609894  0.867602  0.503546  0.752696  0.808004  0.702037  0.643249  0.686886  0.352623  0.613014  0.664065  0.412703  0.338801  0.551820  0.350620  0.441996  0.478274  0.617670  0.600844  0.893502  0.359188  0.860763  0.784696  0.518608  0.652864  0.480663  0.866285  0.660975  0.645883  0.820789  0.804802  0.711832  0.563643  0.757438  0.859022  0.684928  0.464891  0.867220  0.812182 
14  0.806691  0.585273  0.422168  0.575441  0.877741  0.675719  0.598088  0.651038  0.725536  0.866762  0.779020  0.896060  0.472937  0.802776 0.0  0.624416  0.710480  0.579756  0.736255  0.725985  0.808055  0.886177  0.771452  0.817760  0.636290  0.707879  0.543947  0.738742  0.767506  0.771266  0.838408  0.820350  0.821609  0.840021  0.686177  0.769269  0.822160  0.845078  0.886296  0.886867  0.873074  0.827711  0.633191  0.837942  0.804588  0.766392  0.792339  0.767335  0.729835  0.795444  0.896631  0.803157  0.319841  0.758952  0.885265  0.862167  0.347743  0.354964  0.700507  0.766255  0.840655  0.804959 
15  0.597426  0.679584  0.715882  0.746559  0.651941  0.646065  0.532485  0.539474  0.732359  0.519287  0.544648  0.649924  0.652207  0.623856  0.624416 0.0  0.653709  0.604035  0.640457  0.598237  0.619615  0.567674  0.683220  0.550446  0.644653  0.637370  0.693367  0.565988  0.690891  0.692236  0.691712  0.561604  0.622995  0.616067  0.599006  0.560576  0.547937  0.704906  0.509967  0.641135  0.634500  0.733499  0.724404  0.629432  0.620233  0.734103  0.618525  0.718983  0.610212  0.628092  0.631848  0.627045  0.708653  0.697352  0.687952  0.610265  0.655017  0.587589  0.597292  0.493191  0.677173  0.556959 
16  0.278628  0.864987  0.767081  0.782458  0.834064  0.731237  0.849904  0.845777  0.522877  0.559662  0.898116  0.772826  0.508255  0.809393  0.710480  0.653709 0.0  0.707693  0.822290  0.798054  0.661524  0.791281  0.745707  0.872548  0.818073  0.820237  0.448889  0.759212  0.543991  0.702515  0.871290  0.795983  0.716074  0.827084  0.720963  0.778617  0.821361  0.765341  0.677822  0.733623  0.822991  0.845996  0.772640  0.801269  0.413666  0.493853  0.821187  0.742734  0.772505  0.446830  0.745580  0.458182  0.645617  0.474558  0.861079  0.916039  0.772625  0.872277  0.871998  0.863839  0.796485  0.765750 
17  0.650074  0.681898  0.518796  0.820405  0.686869  0.783205  0.802098  0.610848  0.677120  0.763770  0.766400  0.731004  0.607257  0.619077  0.579756  0.604035  0.707693 0.0  0.434297  0.460768  0.711961  0.786734  0.691059  0.713153  0.591768  0.741372  0.541606  0.707075  0.726829  0.672055  0.685209  0.765052  0.820748  0.765660  0.779463  0.812263  0.798780  0.667020  0.791097  0.710148  0.769851  0.697885  0.681708  0.657057  0.782902  0.709614  0.810390  0.720667  0.740166  0.691594  0.711511  0.687724  0.476917  0.760975  0.831640  0.782116  0.490111  0.607622  0.756086  0.690450  0.442204  0.464467 
18  0.783833  0.817537  0.776501  0.741635  0.868035  0.724498  0.816754  0.746094  0.616433  0.759148  0.820846  0.856449  0.671728  0.836421  0.736255  0.640457  0.822290  0.434297 0.0  0.305711  0.793192  0.797484  0.875078  0.825468  0.855989  0.825260  0.696297  0.679157  0.848970  0.913142  0.855710  0.731626  0.876891  0.820304  0.699061  0.888164  0.730694  0.760091  0.923694  0.871316  0.836196  0.914227  0.909144  0.785741  0.774198  0.831308  0.857973  0.787238  0.866947  0.801245  0.842184  0.684591  0.883899  0.811279  0.776236  0.915575  0.834199  0.837440  0.767600  0.905038  0.298108  0.258800 
19  0.838435  0.885724  0.851997  0.825572  0.873850  0.869766  0.807011  0.746329  0.607533  0.958808  0.851274  0.824514  0.773146  0.818488  0.725985  0.598237  0.798054  0.460768  0.305711 0.0  0.823131  0.772586  0.836582  0.861744  0.746612  0.887199  0.744519  0.842037  0.812211  0.792338  0.960501  0.792921  0.817425  0.852350  0.750784  0.708316  0.790556  0.822060  0.825895  0.814978  0.865346  0.861734  0.819590  0.713328  0.839400  0.763972  0.805629  0.789721  0.709061  0.778761  0.851617  0.768640  0.764922  0.836836  0.921659  0.892394  0.895669  0.761196  0.856284  0.864924  0.321641  0.336119 
20  0.866904  1.000000  0.789194  0.872138  0.291021  0.755410  0.839727  0.788226  0.660471  0.683819  0.863659  0.811349  0.784359  0.591041  0.808055  0.619615  0.661524  0.711961  0.793192  0.823131 0.0  0.521972  0.330434  0.566862  0.704703  0.559696  0.704757  0.729584  0.760930  0.342735  0.439884  0.617885  0.575160  0.629973  0.349809  0.663654  0.518184  0.687550  0.566237  0.547864  0.532727  0.325411  0.808018  0.469531  0.901209  0.628636  0.489913  0.426148  0.597572  0.799951  0.427951  0.737199  0.904597  0.797289  0.406389  0.501979  0.781930  0.746448  0.806103  0.572692  0.801261  0.717162 
21  0.741816  0.880985  0.738691  0.742347  0.458973  0.871767  0.843806  0.790184  0.758864  0.599066  0.681106  0.897364  0.796703  0.450829  0.886177  0.567674  0.791281  0.786734  0.797484  0.772586  0.521972 0.0  0.465484  0.424796  0.888649  0.339231  0.830095  0.836862  0.884059  0.484992  0.532351  0.488041  0.492899  0.391327  0.572959  0.482613  0.303922  0.546411  0.386633  0.405842  0.368690  0.593272  0.808652  0.663310  0.808931  0.786542  0.550394  0.486799  0.313669  0.847908  0.517387  0.777834  0.866448  0.714609  0.510557  0.399199  0.839366  0.810377  0.873105  0.415804  0.826278  0.780630 
22  0.815595  0.749710  0.807440  0.842847  0.414414  0.781563  0.850260  0.847488  0.728679  0.617525  0.775428  0.862115  0.708311  0.552317  0.771452  0.683220  0.745707  0.691059  0.875078  0.836582  0.330434  0.465484 0.0  0.537703  0.768616  0.505590  0.719077  0.891962  0.818827  0.572885  0.514620  0.585665  0.400913  0.447814  0.542407  0.661202  0.486115  0.610843  0.541019  0.518396  0.595910  0.394645  0.804060  0.372720  0.883895  0.752146  0.498091  0.414435  0.548510  0.751101  0.365917  0.828485  0.781464  0.830528  0.324031  0.503201  0.796907  0.822804  0.816134  0.501086  0.867083  0.764794 
23  0.770599  0.824068  0.934339  0.805403  0.560496  0.739166  0.853607  0.838650  0.721080  0.643934  0.797450  0.917664  0.803747  0.609894  0.817760  0.550446  0.872548  0.713153  0.825468  0.861744  0.566862  0.424796  0.537703 0.0  0.871332  0.319597  0.655384  0.801071  0.855148  0.493765  0.565192  0.628314  0.528570  0.252971  0.408902  0.500845  0.410707  0.427300  0.434501  0.366617  0.439465  0.520322  0.814849  0.705893  0.844852  0.827246  0.596350  0.567489  0.358437  0.821696  0.651844  0.835070  0.826276  0.732251  0.557901  0.389926  0.851080  0.866046  0.739166  0.427871  0.865143  0.793808 
24  0.697340  0.322151  0.629586  0.321210  0.885242  0.395342  0.338552  0.419582  0.753840  0.874151  0.818652  0.854015  0.847918  0.867602  0.636290  0.644653  0.818073  0.591768  0.855989  0.746612  0.704703  0.888649  0.768616  0.871332 0.0  0.787415  0.802116  0.802189  0.656071  0.748193  0.871573  0.838511  0.895639  0.852012  0.722099  0.857258  0.724455  0.779473  0.786870  0.877854  0.738059  0.829049  0.539930  0.837110  0.791604  0.757434  0.862512  0.786113  0.860413  0.766647  0.817437  0.880167  0.668234  0.789755  0.954925  0.845655  0.706059  0.615070  0.831664  0.811398  0.882950  0.878824 
25  0.706939  0.851729  0.760940  0.809446  0.484824  0.707812  0.926285  0.782874  0.782006  0.573161  0.709307  0.776883  0.735784  0.503546  0.707879  0.637370  0.820237  0.741372  0.825260  0.887199  0.559696  0.339231  0.505590  0.319597  0.787415 0.0  0.727684  0.776736  0.837960  0.542113  0.597130  0.419514  0.458852  0.459637  0.399953  0.498354  0.279473  0.519109  0.325140  0.351885  0.393327  0.515262  0.846774  0.601895  0.798769  0.764207  0.735132  0.590880  0.311419  0.822914  0.539618  0.793086  0.912516  0.796308  0.571370  0.336225  0.788591  0.723471  0.796095  0.315054  0.856338  0.821770 
26  0.550254  0.694235  0.618496  0.690723  0.709831  0.808714  0.743923  0.720338  0.488324  0.770052  0.687564  0.705492  0.389249  0.752696  0.543947  0.693367  0.448889  0.541606  0.696297  0.744519  0.704757  0.830095  0.719077  0.655384  0.802116  0.727684 0.0  0.746439  0.406142  0.674200  0.713255  0.696308  0.733315  0.740238  0.815528  0.774088  0.742823  0.695327  0.769119  0.753872  0.764731  0.812162  0.661201  0.699223  0.508570  0.450618  0.737912  0.800814  0.763610  0.459623  0.801631  0.467081  0.534178  0.359415  0.615399  0.814157  0.611025  0.648536  0.707716  0.717137  0.734511  0.757697 
27  0.894872  0.724737  0.730142  0.748228  0.762673  0.816181  0.704050  0.699399  0.805842  0.797562  0.460010  0.409205  0.713934  0.808004  0.738742  0.565988  0.759212  0.707075  0.679157  0.842037  0.729584  0.836862  0.891962  0.801071  0.802189  0.776736  0.746439 0.0  0.806999  0.849485  0.874099  0.854723  0.830616  0.750613  0.692434  0.760009  0.880581  0.854997  0.828381  0.848248  0.778303  0.765307  0.840754  0.768582  0.771152  0.750217  0.729889  0.744321  0.886520  0.784925  0.837194  0.740896  0.771253  0.805327  0.741331  0.918254  0.797620  0.808440  0.558202  0.748358  0.803683  0.793876 
28  0.581184  0.642272  0.792660  0.716133  0.727104  0.639582  0.709667  0.576359  0.520616  0.762512  0.782516  0.824627  0.509739  0.702037  0.767506  0.690891  0.543991  0.726829  0.848970  0.812211  0.760930  0.884059  0.818827  0.855148  0.656071  0.837960  0.406142  0.806999 0.0  0.768744  0.877030  0.836758  0.750984  0.729636  0.820302  0.917432  0.738914  0.684391  0.870327  0.806087  0.744913  0.845257  0.680178  0.748182  0.479030  0.576632  0.824696  0.749205  0.761279  0.502514  0.715106  0.539186  0.737481  0.607766  0.831766  0.880531  0.791285  0.803464  0.717424  0.798509  0.877587  0.783771 
29  0.663161  0.910616  0.894549  0.897720  0.408548  0.815837  0.692442  0.798215  0.705759  0.477600  0.790575  0.876099  0.802260  0.643249  0.771266  0.692236  0.702515  0.672055  0.913142  0.792338  0.342735  0.484992  0.572885  0.493765  0.748193  0.542113  0.674200  0.849485  0.768744 0.0  0.472067  0.636737  0.369858  0.498803  0.512565  0.416504  0.450535  0.518183  0.493491  0.602747  0.493559  0.461904  0.821423  0.609496  0.789675  0.634881  0.624074  0.411488  0.652398  0.685757  0.573955  0.658847  0.801676  0.668910  0.508636  0.532918  0.833688  0.831373  0.750793  0.514831  0.812047  0.811615 
30  0.828429  0.796808  0.831230  0.843080  0.561626  0.699894  0.835908  0.830302  0.693841  0.648125  0.750042  0.806463  0.610138  0.686886  0.838408  0.691712  0.871290  0.685209  0.855710  0.960501  0.439884  0.532351  0.514620  0.565192  0.871573  0.597130  0.713255  0.874099  0.877030  0.472067 0.0  0.594471  0.541559  0.579462  0.428872  0.695995  0.432289  0.633275  0.558849  0.454105  0.436717  0.341063  0.967906  0.377001  0.690796  0.812165  0.436709  0.460009  0.625988  0.719498  0.372187  0.791709  0.730558  0.722454  0.357409  0.566644  0.804721  0.826806  0.776346  0.439299  0.843233  0.870225 
31  0.808612  0.970509  0.875829  0.795493  0.695044  0.804823  0.799020  0.860144  0.780356  0.446648  0.786960  0.753977  0.733018  0.352623  0.820350  0.561604  0.795983  0.765052  0.731626  0.792921  0.617885  0.488041  0.585665  0.628314  0.838511  0.419514  0.696308  0.854723  0.836758  0.636737  0.594471 0.0  0.696888  0.475268  0.566198  0.330032  0.537681  0.345722  0.498728  0.357486  0.445223  0.630522  0.956379  0.514535  0.745612  0.773077  0.498212  0.619993  0.546908  0.839701  0.577731  0.742983  0.857667  0.698343  0.639703  0.537302  0.810060  0.796573  0.882647  0.561004  0.804139  0.903691 
32  0.630285  0.807554  0.894135  0.724962  0.431288  0.853993  0.647293  0.837118  0.825380  0.477815  0.779609  0.841004  0.748262  0.613014  0.821609  0.622995  0.716074  0.820748  0.876891  0.817425  0.575160  0.492899  0.400913  0.528570  0.895639  0.458852  0.733315  0.830616  0.750984  0.369858  0.541559  0.696888 0.0  0.593686  0.544866  0.622566  0.440428  0.656034  0.547634  0.510654  0.499945  0.491064  0.905331  0.695609  0.643039  0.608079  0.560717  0.453030  0.552340  0.740000  0.471821  0.558806  0.882322  0.683857  0.493579  0.631081  0.744679  0.896609  0.758841  0.499257  0.858301  0.903341 
33  0.756244  0.883896  0.959661  0.739607  0.561278  0.781891  0.864084  0.725457  0.775409  0.643471  0.788797  0.743231  0.703490  0.664065  0.840021  0.616067  0.827084  0.765660  0.820304  0.852350  0.629973  0.391327  0.447814  0.252971  0.852012  0.459637  0.740238  0.750613  0.729636  0.498803  0.579462  0.475268  0.593686 0.0  0.472760  0.551146  0.386676  0.453880  0.378165  0.389625  0.386273  0.515911  0.696103  0.597157  0.801870  0.828309  0.596759  0.589698  0.356290  0.804991  0.517621  0.863396  0.871547  0.756155  0.519249  0.344228  0.759012  0.833769  0.748391  0.351843  0.821200  0.767113 
34  0.759127  0.672089  0.688766  0.847836  0.472006  0.681955  0.833003  0.734280  0.700266  0.441496  0.736349  0.831395  0.708327  0.412703  0.686177  0.599006  0.720963  0.779463  0.699061  0.750784  0.349809  0.572959  0.542407  0.408902  0.722099  0.399953  0.815528  0.692434  0.820302  0.512565  0.428872  0.566198  0.544866  0.472760 0.0  0.493553  0.515185  0.543864  0.556616  0.535500  0.365149  0.481254  0.739156  0.481942  0.719370  0.798194  0.520955  0.478006  0.438172  0.828504  0.380358  0.730286  0.694168  0.722023  0.411180  0.430918  0.693088  0.655403  0.756683  0.597325  0.768621  0.778287 
35  0.858209  0.733978  0.773717  0.772300  0.703107  0.867342  0.857069  0.877065  0.730064  0.493392  0.766578  0.793220  0.763091  0.338801  0.769269  0.560576  0.778617  0.812263  0.888164  0.708316  0.663654  0.482613  0.661202  0.500845  0.857258  0.498354  0.774088  0.760009  0.917432  0.416504  0.695995  0.330032  0.622566  0.551146  0.493553 0.0  0.470787  0.305002  0.451446  0.506249  0.490069  0.598137  0.883220  0.535202  0.800815  0.823767  0.487176  0.545845  0.470562  0.786103  0.648070  0.812939  0.877032  0.746862  0.703948  0.486777  0.799324  0.838499  0.827034  0.466462  0.916854  0.849080 
36  0.780380  0.782921  0.786501  0.821756  0.525898  0.877882  0.925851  0.843171  0.675357  0.602409  0.815791  0.735420  0.756893  0.551820  0.822160  0.547937  0.821361  0.798780  0.730694  0.790556  0.518184  0.303922  0.486115  0.410707  0.724455  0.279473  0.742823  0.880581  0.738914  0.450535  0.432289  0.537681  0.440428  0.386676  0.515185  0.470787 0.0  0.449493  0.408980  0.336655  0.487948  0.505469  0.776434  0.607045  0.785052  0.834494  0.588323  0.525955  0.344610  0.875532  0.474542  0.809025  0.793212  0.845632  0.412293  0.314947  0.804350  0.804930  0.726147  0.277498  0.844649  0.766433 
37  0.786828  0.882162  0.815216  0.815561  0.644322  0.827565  0.755892  0.829172  0.744762  0.509482  0.803668  0.765035  0.772643  0.350620  0.845078  0.704906  0.765341  0.667020  0.760091  0.822060  0.687550  0.546411  0.610843  0.427300  0.779473  0.519109  0.695327  0.854997  0.684391  0.518183  0.633275  0.345722  0.656034  0.453880  0.543864  0.305002  0.449493 0.0  0.389997  0.472397  0.517547  0.587135  0.942370  0.505929  0.843116  0.878928  0.382315  0.583784  0.509438  0.830884  0.610200  0.878081  0.803068  0.718512  0.587954  0.483122  0.983916  0.834385  0.812062  0.523219  0.800870  0.778203 
38  0.693626  0.835509  0.781923  0.847402  0.464154  0.836840  0.838152  0.919045  0.681149  0.727490  0.747812  0.776412  0.646959  0.441996  0.886296  0.509967  0.677822  0.791097  0.923694  0.825895  0.566237  0.386633  0.541019  0.434501  0.786870  0.325140  0.769119  0.828381  0.870327  0.493491  0.558849  0.498728  0.547634  0.378165  0.556616  0.451446  0.408980  0.389997 0.0  0.286867  0.423049  0.634834  0.852033  0.600743  0.830183  0.772686  0.754221  0.595203  0.346190  0.820460  0.528557  0.852504  0.911604  0.903288  0.624096  0.335212  0.889296  0.817950  0.814895  0.385284  0.827870  0.761310 
39  0.773401  0.822181  0.744871  0.883257  0.510828  0.859717  0.857988  0.854002  0.741233  0.635198  0.853575  0.778999  0.793008  0.478274  0.886867  0.641135  0.733623  0.710148  0.871316  0.814978  0.547864  0.405842  0.518396  0.366617  0.877854  0.351885  0.753872  0.848248  0.806087  0.602747  0.454105  0.357486  0.510654  0.389625  0.535500  0.506249  0.336655  0.472397  0.286867 0.0  0.324311  0.535754  0.769560  0.637448  0.774549  0.736513  0.699793  0.558478  0.345493  0.822778  0.538430  0.817660  0.813140  0.815342  0.519119  0.300630  0.820998  0.868164  0.755989  0.271696  0.703765  0.818369 
40  0.782247  0.840462  0.835537  0.853440  0.463704  0.749506  0.791563  0.797685  0.799581  0.635737  0.733598  0.736734  0.775359  0.617670  0.873074  0.634500  0.822991  0.769851  0.836196  0.865346  0.532727  0.368690  0.595910  0.439465  0.738059  0.393327  0.764731  0.778303  0.744913  0.493559  0.436717  0.445223  0.499945  0.386273  0.365149  0.490069  0.487948  0.517547  0.423049  0.324311 0.0  0.521032  0.861023  0.713610  0.804758  0.718728  0.669600  0.456974  0.443646  0.749341  0.511408  0.720452  0.869577  0.768952  0.564060  0.518856  0.785460  0.741293  0.796714  0.347965  0.932362  0.823117 
41  0.847832  0.861527  0.866763  0.779377  0.250329  0.857539  0.821209  0.722413  0.679032  0.693581  0.848324  0.725764  0.783768  0.600844  0.827711  0.733499  0.845996  0.697885  0.914227  0.861734  0.325411  0.593272  0.394645  0.520322  0.829049  0.515262  0.812162  0.765307  0.845257  0.461904  0.341063  0.630522  0.491064  0.515911  0.481254  0.598137  0.505469  0.587135  0.634834  0.535754  0.521032 0.0  0.795382  0.481184  0.828675  0.833200  0.513508  0.394912  0.582805  0.849952  0.381270  0.830030  0.838213  0.784154  0.426038  0.596444  0.901063  0.833019  0.722718  0.574927  0.826909  0.868992 
42  0.793962  0.524440  0.649927  0.405174  0.955764  0.425395  0.538737  0.519256  0.668540  0.778522  0.807713  0.823110  0.760354  0.893502  0.633191  0.724404  0.772640  0.681708  0.909144  0.819590  0.808018  0.808652  0.804060  0.814849  0.539930  0.846774  0.661201  0.840754  0.680178  0.821423  0.967906  0.956379  0.905331  0.696103  0.739156  0.883220  0.776434  0.942370  0.852033  0.769560  0.861023  0.795382 0.0  0.835059  0.798569  0.761610  0.891698  0.786466  0.840587  0.750178  0.837158  0.702062  0.596369  0.866780  0.847530  0.862199  0.625793  0.615154  0.811055  0.802214  0.826047  0.791172 
43  0.765523  0.804932  0.837283  0.799228  0.435396  0.805309  0.897268  0.775245  0.733857  0.459281  0.729940  0.693513  0.779771  0.359188  0.837942  0.629432  0.801269  0.657057  0.785741  0.713328  0.469531  0.663310  0.372720  0.705893  0.837110  0.601895  0.699223  0.768582  0.748182  0.609496  0.377001  0.514535  0.695609  0.597157  0.481942  0.535202  0.607045  0.505929  0.600743  0.637448  0.713610  0.481184  0.835059 0.0  0.749777  0.735654  0.417532  0.568496  0.643421  0.892729  0.470335  0.779800  0.820972  0.934329  0.561798  0.687113  0.743459  0.754955  0.762729  0.595712  0.784218  0.794803 
44  0.446840  0.712496  0.842032  0.776491  0.757699  0.771263  0.823596  0.749098  0.522229  0.547623  0.706664  0.822257  0.482702  0.860763  0.804588  0.620233  0.413666  0.782902  0.774198  0.839400  0.901209  0.808931  0.883895  0.844852  0.791604  0.798769  0.508570  0.771152  0.479030  0.789675  0.690796  0.745612  0.643039  0.801870  0.719370  0.800815  0.785052  0.843116  0.830183  0.774549  0.804758  0.828675  0.798569  0.749777 0.0  0.370999  0.721704  0.838774  0.841848  0.374482  0.797492  0.470869  0.718304  0.451257  0.786596  0.815342  0.799410  0.698594  0.790769  0.792976  0.767784  0.779647 
45  0.410742  0.746525  0.818272  0.797060  0.728883  0.852179  0.834897  0.888344  0.452759  0.657752  0.834725  0.849615  0.449852  0.784696  0.766392  0.734103  0.493853  0.709614  0.831308  0.763972  0.628636  0.786542  0.752146  0.827246  0.757434  0.764207  0.450618  0.750217  0.576632  0.634881  0.812165  0.773077  0.608079  0.828309  0.798194  0.823767  0.834494  0.878928  0.772686  0.736513  0.718728  0.833200  0.761610  0.735654  0.370999 0.0  0.905443  0.895497  0.736123  0.386715  0.804373  0.440193  0.837912  0.491017  0.753023  0.743225  0.878666  0.865391  0.779048  0.801888  0.787120  0.816148 
46  0.936062  0.874213  0.733867  0.844371  0.627063  0.807616  0.801900  0.891882  0.766223  0.474610  0.760466  0.921193  0.845568  0.518608  0.792339  0.618525  0.821187  0.810390  0.857973  0.805629  0.489913  0.550394  0.498091  0.596350  0.862512  0.735132  0.737912  0.729889  0.824696  0.624074  0.436709  0.498212  0.560717  0.596759  0.520955  0.487176  0.588323  0.382315  0.754221  0.699793  0.669600  0.513508  0.891698  0.417532  0.721704  0.905443 0.0  0.472063  0.629869  0.771697  0.417227  0.749433  0.921867  0.732205  0.452385  0.663519  0.739377  0.719191  0.778787  0.614173  0.810329  0.757141 
47  0.769933  0.794347  0.860370  0.765131  0.429372  0.835842  0.784351  0.871994  0.775829  0.604625  0.777418  0.893039  0.803346  0.652864  0.767335  0.718983  0.742734  0.720667  0.787238  0.789721  0.426148  0.486799  0.414435  0.567489  0.786113  0.590880  0.800814  0.744321  0.749205  0.411488  0.460009  0.619993  0.453030  0.589698  0.478006  0.545845  0.525955  0.583784  0.595203  0.558478  0.456974  0.394912  0.786466  0.568496  0.838774  0.895497  0.472063 0.0  0.563271  0.686013  0.405232  0.824313  0.845316  0.831862  0.352270  0.470568  0.762290  0.782389  0.869728  0.609614  0.772593  0.879759 
48  0.787072  0.923124  0.914668  0.761596  0.610235  0.944521  0.779981  0.720948  0.675725  0.523352  0.711603  0.830470  0.763630  0.480663  0.729835  0.610212  0.772505  0.740166  0.866947  0.709061  0.597572  0.313669  0.548510  0.358437  0.860413  0.311419  0.763610  0.886520  0.761279  0.652398  0.625988  0.546908  0.552340  0.356290  0.438172  0.470562  0.344610  0.509438  0.346190  0.345493  0.443646  0.582805  0.840587  0.643421  0.841848  0.736123  0.629869  0.563271 0.0  0.785555  0.522196  0.703723  0.831255  0.745514  0.673776  0.346492  0.873586  0.864302  0.889058  0.368944  0.821727  0.850006 
49  0.379228  0.866650  0.838449  0.749713  0.778993  0.830924  0.755497  0.727933  0.424741  0.533450  0.716322  0.759230  0.493771  0.866285  0.795444  0.628092  0.446830  0.691594  0.801245  0.778761  0.799951  0.847908  0.751101  0.821696  0.766647  0.822914  0.459623  0.784925  0.502514  0.685757  0.719498  0.839701  0.740000  0.804991  0.828504  0.786103  0.875532  0.830884  0.820460  0.822778  0.749341  0.849952  0.750178  0.892729  0.374482  0.386715  0.771697  0.686013  0.785555 0.0  0.795423  0.389857  0.773462  0.490270  0.797189  0.804942  0.803125  0.732318  0.748720  0.810915  0.788599  0.796318 
50  0.793429  0.841861  0.873989  0.713189  0.464157  0.896447  0.722160  0.809829  0.762376  0.560523  0.860781  0.800400  0.721199  0.660975  0.896631  0.631848  0.745580  0.711511  0.842184  0.851617  0.427951  0.517387  0.365917  0.651844  0.817437  0.539618  0.801631  0.837194  0.715106  0.573955  0.372187  0.577731  0.471821  0.517621  0.380358  0.648070  0.474542  0.610200  0.528557  0.538430  0.511408  0.381270  0.837158  0.470335  0.797492  0.804373  0.417227  0.405232  0.522196  0.795423 0.0  0.742125  0.885158  0.801699  0.468799  0.568997  0.761510  0.955817  0.752717  0.545678  0.853273  0.879659 
51  0.414087  0.682098  0.852345  0.879058  0.837367  0.803963  0.880034  0.851403  0.430779  0.718223  0.848055  0.825983  0.539020  0.645883  0.803157  0.627045  0.458182  0.687724  0.684591  0.768640  0.737199  0.777834  0.828485  0.835070  0.880167  0.793086  0.467081  0.740896  0.539186  0.658847  0.791709  0.742983  0.558806  0.863396  0.730286  0.812939  0.809025  0.878081  0.852504  0.817660  0.720452  0.830030  0.702062  0.779800  0.470869  0.440193  0.749433  0.824313  0.703723  0.389857  0.742125 0.0  0.879135  0.409065  0.749608  0.708855  0.947279  0.732370  0.885921  0.761841  0.781284  0.800166 
52  0.830993  0.546055  0.357499  0.546058  0.827958  0.590712  0.694677  0.625062  0.775541  0.820799  0.836278  0.694120  0.597410  0.820789  0.319841  0.708653  0.645617  0.476917  0.883899  0.764922  0.904597  0.866448  0.781464  0.826276  0.668234  0.912516  0.534178  0.771253  0.737481  0.801676  0.730558  0.857667  0.882322  0.871547  0.694168  0.877032  0.793212  0.803068  0.911604  0.813140  0.869577  0.838213  0.596369  0.820972  0.718304  0.837912  0.921867  0.845316  0.831255  0.773462  0.885158  0.879135 0.0  0.806550  0.745502  0.765004  0.418286  0.303225  0.790766  0.853178  0.841392  0.720525 
53  0.412436  0.691706  0.744624  0.767810  0.777330  0.759000  0.821744  0.833243  0.581496  0.652185  0.771246  0.834643  0.461057  0.804802  0.758952  0.697352  0.474558  0.760975  0.811279  0.836836  0.797289  0.714609  0.830528  0.732251  0.789755  0.796308  0.359415  0.805327  0.607766  0.668910  0.722454  0.698343  0.683857  0.756155  0.722023  0.746862  0.845632  0.718512  0.903288  0.815342  0.768952  0.784154  0.866780  0.934329  0.451257  0.491017  0.732205  0.831862  0.745514  0.490270  0.801699  0.409065  0.806550 0.0  0.825198  0.689621  0.871993  0.775192  0.655314  0.755416  0.805471  0.794810 
54  0.783321  0.774222  0.796100  0.993259  0.448263  0.802176  0.846112  0.811206  0.836242  0.663840  0.818878  0.916588  0.720650  0.711832  0.885265  0.687952  0.861079  0.831640  0.776236  0.921659  0.406389  0.510557  0.324031  0.557901  0.954925  0.571370  0.615399  0.741331  0.831766  0.508636  0.357409  0.639703  0.493579  0.519249  0.411180  0.703948  0.412293  0.587954  0.624096  0.519119  0.564060  0.426038  0.847530  0.561798  0.786596  0.753023  0.452385  0.352270  0.673776  0.797189  0.468799  0.749608  0.745502  0.825198 0.0  0.670014  0.848410  0.752873  0.721330  0.440674  0.876490  0.802602 
55  0.739921  0.786564  0.848648  0.783798  0.495697  0.793682  0.846114  0.769374  0.722226  0.654298  0.762910  0.823663  0.723329  0.563643  0.862167  0.610265  0.916039  0.782116  0.915575  0.892394  0.501979  0.399199  0.503201  0.389926  0.845655  0.336225  0.814157  0.918254  0.880531  0.532918  0.566644  0.537302  0.631081  0.344228  0.430918  0.486777  0.314947  0.483122  0.335212  0.300630  0.518856  0.596444  0.862199  0.687113  0.815342  0.743225  0.663519  0.470568  0.346492  0.804942  0.568997  0.708855  0.765004  0.689621  0.670014 0.0  0.806417  0.804931  0.839095  0.433730  0.844713  0.860286 
56  0.964545  0.604117  0.358628  0.647229  0.939989  0.673875  0.604572  0.611760  0.731954  0.753478  0.779669  0.788065  0.618441  0.757438  0.347743  0.655017  0.772625  0.490111  0.834199  0.895669  0.781930  0.839366  0.796907  0.851080  0.706059  0.788591  0.611025  0.797620  0.791285  0.833688  0.804721  0.810060  0.744679  0.759012  0.693088  0.799324  0.804350  0.983916  0.889296  0.820998  0.785460  0.901063  0.625793  0.743459  0.799410  0.878666  0.739377  0.762290  0.873586  0.803125  0.761510  0.947279  0.418286  0.871993  0.848410  0.806417 0.0  0.397313  0.771906  0.795110  0.755930  0.793167 
57  0.878849  0.634784  0.357885  0.591704  0.752257  0.662179  0.727238  0.586763  0.732487  0.812372  0.677278  0.791137  0.547892  0.859022  0.354964  0.587589  0.872277  0.607622  0.837440  0.761196  0.746448  0.810377  0.822804  0.866046  0.615070  0.723471  0.648536  0.808440  0.803464  0.831373  0.826806  0.796573  0.896609  0.833769  0.655403  0.838499  0.804930  0.834385  0.817950  0.868164  0.741293  0.833019  0.615154  0.754955  0.698594  0.865391  0.719191  0.782389  0.864302  0.732318  0.955817  0.732370  0.303225  0.775192  0.752873  0.804931  0.397313 0.0  0.749856  0.679201  0.832584  0.803464 
58  0.855813  0.907256  0.732242  0.739270  0.807753  0.816102  0.834745  0.863421  0.665607  0.866252  0.636236  0.574882  0.716871  0.684928  0.700507  0.597292  0.871998  0.756086  0.767600  0.856284  0.806103  0.873105  0.816134  0.739166  0.831664  0.796095  0.707716  0.558202  0.717424  0.750793  0.776346  0.882647  0.758841  0.748391  0.756683  0.827034  0.726147  0.812062  0.814895  0.755989  0.796714  0.722718  0.811055  0.762729  0.790769  0.779048  0.778787  0.869728  0.889058  0.748720  0.752717  0.885921  0.790766  0.655314  0.721330  0.839095  0.771906  0.749856 0.0  0.760673  0.871684  0.805977 
59  0.746295  0.884030  0.810650  0.837396  0.530125  0.810673  0.736605  0.837035  0.752816  0.603312  0.891736  0.856599  0.811723  0.464891  0.766255  0.493191  0.863839  0.690450  0.905038  0.864924  0.572692  0.415804  0.501086  0.427871  0.811398  0.315054  0.717137  0.748358  0.798509  0.514831  0.439299  0.561004  0.499257  0.351843  0.597325  0.466462  0.277498  0.523219  0.385284  0.271696  0.347965  0.574927  0.802214  0.595712  0.792976  0.801888  0.614173  0.609614  0.368944  0.810915  0.545678  0.761841  0.853178  0.755416  0.440674  0.433730  0.795110  0.679201  0.760673 0.0  0.739581  0.808443 
60  0.797103  0.819566  0.713784  0.877341  0.735362  0.788775  0.868856  0.749539  0.561011  0.759834  0.778506  0.754632  0.755066  0.867220  0.840655  0.677173  0.796485  0.442204  0.298108  0.321641  0.801261  0.826278  0.867083  0.865143  0.882950  0.856338  0.734511  0.803683  0.877587  0.812047  0.843233  0.804139  0.858301  0.821200  0.768621  0.916854  0.844649  0.800870  0.827870  0.703765  0.932362  0.826909  0.826047  0.784218  0.767784  0.787120  0.810329  0.772593  0.821727  0.788599  0.853273  0.781284  0.841392  0.805471  0.876490  0.844713  0.755930  0.832584  0.871684  0.739581 0.0  0.311888 
61  0.775992  0.760335  0.862557  0.857889  0.876382  0.954837  0.830710  0.961782  0.572567  0.813143  0.795918  0.819506  0.790674  0.812182  0.804959  0.556959  0.765750  0.464467  0.258800  0.336119  0.717162  0.780630  0.764794  0.793808  0.878824  0.821770  0.757697  0.793876  0.783771  0.811615  0.870225  0.903691  0.903341  0.767113  0.778287  0.849080  0.766433  0.778203  0.761310  0.818369  0.823117  0.868992  0.791172  0.794803  0.779647  0.816148  0.757141  0.879759  0.850006  0.796318  0.879659  0.800166  0.720525  0.794810  0.802602  0.860286  0.793167  0.803464  0.805977  0.808443  0.311888 0.0 
