62
0 0.0  0.898842  0.817796  0.801833  0.724710  0.882227  0.775080  0.772548  0.456834  0.727855  0.757767  0.866544  0.460255  0.740347  0.732676  0.705203  0.288271  0.781928  0.882890  0.779625  0.833611  0.852600  0.837493  0.718449  0.767370  0.797065  0.624143  0.797156  0.556890  0.553280  0.892282  0.855273  0.612682  0.683340  0.719012  0.768325  0.825736  0.802941  0.773887  0.836698  0.870108  0.786454  0.841609  0.808076  0.492649  0.518240  0.965880  0.751940  0.922720  0.411801  0.783474  0.398739  0.799442  0.457111  0.871369  0.857767  0.832061  0.832412  0.825308  0.836315  0.796960  0.890041 
1  0.898842 0.0  0.574563  0.315801  0.855201  0.203930  0.370553  0.211781  0.736220  0.796236  0.779335  0.847740  0.785177  0.822138  0.643676  0.656643  0.873175  0.705627  0.874588  0.872344  0.923372  0.983037  0.795793  0.784363  0.401085  0.932356  0.846085  0.789239  0.658599  0.701874  0.776512  0.829100  0.839307  0.761532  0.779035  0.928924  0.878341  0.871552  0.768692  0.793745  0.798384  0.839913  0.540679  0.875309  0.826455  0.952273  0.894124  0.795344  0.898448  0.806745  0.818220  0.832546  0.588513  0.826138  0.967454  0.888139  0.655309  0.653748  0.931204  0.840024  0.815663  0.781411 
2  0.817796  0.574563 0.0  0.483636  0.901618  0.681312  0.583374  0.570825  0.751570  0.946307  0.691583  0.881542  0.460942  0.913371  0.539882  0.741866  0.788570  0.629872  0.875135  0.867502  0.868172  0.960642  0.852596  0.910884  0.575329  0.933325  0.584715  0.812373  0.783611  0.885018  0.888745  0.840790  0.813666  0.991444  0.742863  0.872516  0.752842  0.903855  0.860569  0.886217  0.828511  0.904757  0.608845  0.843896  0.776097  0.869034  0.795649  0.857099  0.797147  0.830403  0.902356  0.774263  0.371486  0.883356  0.932294  0.752365  0.400765  0.437737  0.841338  0.742492  0.820887  0.912484 
3  0.801833  0.315801  0.483636 0.0  0.759168  0.332778  0.383815  0.274295  0.827396  0.823302  0.746328  0.909448  0.740029  0.791046  0.739482  0.602154  0.855349  0.769826  0.779640  0.852436  0.870143  0.841458  0.874811  0.908456  0.396733  0.778619  0.766724  0.780020  0.615471  0.793880  0.805214  0.811120  0.789566  0.830555  0.683442  0.835793  0.889286  0.848659  0.866688  0.861876  0.807760  0.849911  0.494047  0.736523  0.809940  0.708990  0.888369  0.782346  0.891084  0.876878  0.827062  0.774890  0.552658  0.796864  0.883945  0.793949  0.582630  0.600366  0.737190  0.893156  0.849347  0.861722 
4  0.724710  0.855201  0.901618  0.759168 0.0  0.918020  0.904811  0.907691  0.758423  0.760321  0.794983  0.775829  0.799794  0.610305  0.898818  0.680727  0.761974  0.788463  0.864334  0.879686  0.340143  0.435679  0.323037  0.685807  0.825570  0.476012  0.762545  0.806212  0.962615  0.459056  0.485840  0.669430  0.613822  0.570020  0.539445  0.706473  0.568896  0.556726  0.699958  0.542885  0.499314  0.301603  0.818191  0.561224  0.760641  0.730324  0.438220  0.493262  0.680546  0.842526  0.410064  0.903336  0.909505  0.804548  0.522259  0.541029  0.819319  0.802224  0.796247  0.487417  0.812400  0.809574 
5  0.882227  0.203930  0.681312  0.332778  0.918020 0.0  0.309643  0.341803  0.734701  0.844929  0.742691  0.814933  0.650067  0.857629  0.671786  0.731596  0.898893  0.840922  0.771061  0.850024  0.947100  0.852907  0.862779  0.915812  0.429251  0.714943  0.744844  0.889160  0.602709  0.835054  0.806150  0.894917  0.854835  0.809266  0.666529  0.835732  0.815917  0.909413  0.854029  0.766230  0.922751  0.808262  0.467294  0.781895  0.752076  0.725089  0.835445  0.863891  0.816776  0.861869  0.822220  0.871789  0.604362  0.806750  0.945446  0.920871  0.681427  0.645762  0.782453  0.911857  0.905485  0.837161 
6  0.775080  0.370553  0.583374  0.383815  0.904811  0.309643 0.0  0.439388  0.719850  0.834870  0.864438  0.825711  0.854496  0.873847  0.621757  0.641564  0.772116  0.823774  0.881180  0.899257  0.787294  0.860472  0.822104  0.785406  0.467089  0.801486  0.847739  0.860423  0.670367  0.953887  0.785457  0.895823  0.769162  0.761486  0.701844  0.909130  0.874326  0.802760  0.923806  0.844535  0.891365  0.850545  0.584639  0.859107  0.790201  0.744438  0.843850  0.787001  0.856146  0.812157  0.854848  0.810784  0.729092  0.916164  0.863860  0.818857  0.692214  0.659226  0.806967  0.819418  0.823569  0.905908 
7  0.772548  0.211781  0.570825  0.274295  0.907691  0.341803  0.439388 0.0  0.752792  0.877936  0.903657  0.944084  0.745840  0.815667  0.568369  0.520416  0.786440  0.809944  0.908037  0.865694  0.915648  0.726023  0.832777  0.793955  0.371279  0.837150  0.864790  0.658524  0.787036  0.871125  0.823279  0.803636  0.788193  0.845710  0.812731  0.812238  0.881097  0.925561  0.818398  0.826659  0.877006  0.714671  0.461070  0.801312  0.846718  0.771320  0.833434  0.781463  0.930337  0.757923  0.857287  0.787160  0.640560  0.853823  0.854604  0.777725  0.573497  0.538343  0.858814  0.843181  0.799284  0.959938 
8  0.456834  0.736220  0.751570  0.827396  0.758423  0.734701  0.719850  0.752792 0.0  0.879896  0.709125  0.868895  0.448128  0.755608  0.709344  0.583419  0.410034  0.782075  0.595607  0.556541  0.805418  0.768892  0.789012  0.821131  0.675878  0.714353  0.427441  0.687103  0.491227  0.780880  0.869970  0.734644  0.765573  0.746366  0.902261  0.786812  0.752124  0.789687  0.839075  0.763750  0.858321  0.858439  0.763429  0.812806  0.577208  0.502017  0.744131  0.663846  0.695933  0.420793  0.787879  0.411969  0.795455  0.538821  0.788749  0.784246  0.758377  0.814668  0.748256  0.709391  0.624300  0.580095 
9  0.727855  0.796236  0.946307  0.823302  0.760321  0.844929  0.834870  0.877936  0.879896 0.0  0.817845  0.832585  0.725302  0.495070  0.820550  0.628791  0.574538  0.741766  0.934093  0.882541  0.695258  0.674183  0.693772  0.651692  0.919775  0.615767  0.800259  0.839555  0.756939  0.505139  0.610855  0.469012  0.340587  0.678389  0.373936  0.571124  0.644901  0.575500  0.731221  0.662203  0.720231  0.642754  0.876398  0.559790  0.699942  0.720797  0.612580  0.685919  0.687407  0.650172  0.684473  0.609314  0.856084  0.711491  0.680359  0.784345  0.862386  0.844623  0.749699  0.601977  0.837634  0.795912 
10  0.757767  0.779335  0.691583  0.746328  0.794983  0.742691  0.864438  0.903657  0.709125  0.817845 0.0  0.350295  0.803620  0.702585  0.834592  0.727857  0.949560  0.782043  0.749552  0.859366  0.808966  0.839253  0.812178  0.854735  0.745735  0.817710  0.753235  0.491411  0.853019  0.808315  0.839679  0.835126  0.641888  0.883286  0.845357  0.701684  0.860131  0.729909  0.762672  0.805840  0.783301  0.748693  0.854582  0.802357  0.837252  0.784043  0.802786  0.839794  0.717368  0.802957  0.836824  0.783901  0.873502  0.730624  0.865942  0.822921  0.854087  0.785194  0.603079  0.908400  0.873508  0.926749 
11  0.866544  0.847740  0.881542  0.909448  0.775829  0.814933  0.825711  0.944084  0.868895  0.832585  0.350295 0.0  0.823613  0.825972  0.799866  0.598143  0.766275  0.855337  0.813588  0.775956  0.849723  0.830151  0.815627  0.805721  0.872405  0.901366  0.796216  0.390965  0.691259  0.913608  0.856843  0.883846  0.719326  0.866393  0.749025  0.734719  0.850876  0.790672  0.876192  0.765878  0.809096  0.857482  0.810290  0.958354  0.830220  0.832776  0.775925  0.774363  0.922397  0.805612  0.806198  0.791190  0.834273  0.714275  0.959265  0.815170  0.933470  0.841448  0.594668  0.825511  0.890827  0.943416 
12  0.460255  0.785177  0.460942  0.740029  0.799794  0.650067  0.854496  0.745840  0.448128  0.725302  0.803620  0.823613 0.0  0.813424  0.593898  0.588814  0.548136  0.540189  0.715660  0.800355  0.686922  0.804091  0.709171  0.883951  0.730344  0.752430  0.305756  0.803451  0.310737  0.624433  0.920039  0.721999  0.692982  0.764977  0.874013  0.670895  0.753463  0.772680  0.687438  0.810874  0.791025  0.738641  0.826215  0.684911  0.540887  0.539647  0.765641  0.802862  0.806329  0.533184  0.809710  0.465722  0.582530  0.506775  0.802906  0.675568  0.617787  0.630633  0.835610  0.802444  0.759356  0.674344 
13  0.740347  0.822138  0.913371  0.791046  0.610305  0.857629  0.873847  0.815667  0.755608  0.495070  0.702585  0.825972  0.813424 0.0  0.850689  0.651663  0.895244  0.728161  0.837677  0.883897  0.516911  0.494769  0.681698  0.561406  0.878890  0.519421  0.766512  0.876650  0.829494  0.642037  0.773613  0.299741  0.728463  0.588911  0.504007  0.416686  0.584538  0.374621  0.501227  0.447851  0.567593  0.541174  0.740261  0.526042  0.867985  0.862866  0.548873  0.675946  0.446854  0.739295  0.665822  0.807172  0.864116  0.933617  0.648071  0.567596  0.876718  0.807699  0.755534  0.484589  0.874617  0.845556 
14  0.732676  0.643676  0.539882  0.739482  0.898818  0.671786  0.621757  0.568369  0.709344  0.820550  0.834592  0.799866  0.593898  0.850689 0.0  0.766242  0.769796  0.549573  0.834007  0.906466  0.959483  0.910334  0.872473  0.914069  0.651405  0.741930  0.601427  0.757296  0.898483  0.787563  0.844869  0.824619  0.917344  0.830998  0.814971  0.856170  0.807886  0.934516  0.909390  0.814620  0.810100  0.870750  0.686013  0.806417  0.878164  0.844311  0.825436  0.746029  0.968550  0.687769  0.956498  0.813048  0.274713  0.882742  0.920740  0.801016  0.366327  0.398196  0.919754  0.863743  0.836493  0.944220 
15  0.705203  0.656643  0.741866  0.602154  0.680727  0.731596  0.641564  0.520416  0.583419  0.628791  0.727857  0.598143  0.588814  0.651663  0.766242 0.0  0.805538  0.584393  0.681447  0.576741  0.594590  0.571071  0.552696  0.798943  0.624745  0.655666  0.497262  0.639585  0.705755  0.661568  0.698505  0.729072  0.644579  0.663127  0.602385  0.636434  0.678409  0.682054  0.741417  0.633045  0.690602  0.705203  0.702338  0.763249  0.697210  0.690761  0.698216  0.616440  0.665857  0.668445  0.704761  0.632215  0.619169  0.653318  0.641254  0.663525  0.714730  0.644170  0.641082  0.660324  0.738523  0.668216 
16  0.288271  0.873175  0.788570  0.855349  0.761974  0.898893  0.772116  0.786440  0.410034  0.574538  0.949560  0.766275  0.548136  0.895244  0.769796  0.805538 0.0  0.835246  0.859745  0.775426  0.892119  0.782689  0.810512  0.795061  0.859913  0.851631  0.479713  0.801062  0.705701  0.735115  0.830312  0.811976  0.622650  0.829656  0.746910  0.854877  0.844429  0.848883  0.862688  0.800430  0.847314  0.822291  0.949314  0.885467  0.399752  0.391160  0.725019  0.840007  0.891567  0.348404  0.897869  0.520744  0.791384  0.479958  0.727931  0.930465  0.794782  0.798600  0.856303  0.786347  0.834965  0.769040 
17  0.781928  0.705627  0.629872  0.769826  0.788463  0.840922  0.823774  0.809944  0.782075  0.741766  0.782043  0.855337  0.540189  0.728161  0.549573  0.584393  0.835246 0.0  0.491553  0.536932  0.765071  0.702459  0.693698  0.755495  0.743942  0.752219  0.678582  0.714399  0.765711  0.714217  0.701525  0.823947  0.765610  0.784830  0.764961  0.711060  0.749350  0.862414  0.764160  0.712218  0.730017  0.806824  0.840358  0.736291  0.790207  0.710538  0.715829  0.695952  0.681560  0.760795  0.825734  0.850650  0.575125  0.685528  0.722762  0.796281  0.640798  0.541091  0.879311  0.848893  0.465495  0.540711 
18  0.882890  0.874588  0.875135  0.779640  0.864334  0.771061  0.881180  0.908037  0.595607  0.934093  0.749552  0.813588  0.715660  0.837677  0.834007  0.681447  0.859745  0.491553 0.0  0.325352  0.963622  0.782673  0.839565  0.949013  0.898804  0.767924  0.778363  0.924103  0.910798  0.845766  0.847614  0.851745  0.897017  0.849101  0.716649  0.896176  0.815862  0.929855  0.859341  0.869458  0.793108  0.848227  0.974692  0.853859  0.870743  0.869741  0.802478  0.828246  0.805020  0.784905  0.909896  0.847554  0.910166  0.715257  0.899627  0.815624  0.824004  0.900917  0.871951  0.785511  0.253793  0.299141 
19  0.779625  0.872344  0.867502  0.852436  0.879686  0.850024  0.899257  0.865694  0.556541  0.882541  0.859366  0.775956  0.800355  0.883897  0.906466  0.576741  0.775426  0.536932  0.325352 0.0  0.809418  0.893800  0.808368  0.829001  0.888218  0.757973  0.901507  0.830686  0.809536  0.794306  0.880486  0.923961  0.749321  0.835048  0.750610  0.932198  0.809135  0.774939  0.887577  0.946997  0.875193  0.915402  0.847577  0.815834  0.787723  0.673895  0.838158  0.866689  0.823431  0.909335  0.893903  0.888858  0.893231  0.842066  0.816093  0.828727  0.836892  0.835184  0.818808  0.869525  0.312005  0.212390 
20  0.833611  0.923372  0.868172  0.870143  0.340143  0.947100  0.787294  0.915648  0.805418  0.695258  0.808966  0.849723  0.686922  0.516911  0.959483  0.594590  0.892119  0.765071  0.963622  0.809418 0.0  0.512751  0.478629  0.566170  0.834945  0.528611  0.718328  0.786460  0.811973  0.439988  0.487310  0.753879  0.653338  0.646587  0.471219  0.671502  0.614341  0.665065  0.520168  0.575216  0.531859  0.325725  0.841116  0.589658  0.858218  0.833343  0.532773  0.525504  0.557813  0.759918  0.461309  0.773258  0.815874  0.996273  0.424417  0.477740  0.881643  0.917628  0.823910  0.578981  0.934725  0.809459 
21  0.852600  0.983037  0.960642  0.841458  0.435679  0.852907  0.860472  0.726023  0.768892  0.674183  0.839253  0.830151  0.804091  0.494769  0.910334  0.571071  0.782689  0.702459  0.782673  0.893800  0.512751 0.0  0.493526  0.476300  0.813939  0.366877  0.799574  0.914784  0.793222  0.574777  0.565885  0.450114  0.502811  0.418737  0.472057  0.504703  0.347428  0.467807  0.414347  0.427810  0.324631  0.554539  0.747912  0.685689  0.870499  0.837316  0.556262  0.595357  0.460099  0.862012  0.607221  0.812716  0.900419  0.818542  0.627974  0.310894  0.855759  0.853258  0.818708  0.344821  0.771461  0.760955 
22  0.837493  0.795793  0.852596  0.874811  0.323037  0.862779  0.822104  0.832777  0.789012  0.693772  0.812178  0.815627  0.709171  0.681698  0.872473  0.552696  0.810512  0.693698  0.839565  0.808368  0.478629  0.493526 0.0  0.602273  0.799832  0.429824  0.694001  0.880547  0.828715  0.558663  0.380290  0.662918  0.537705  0.486085  0.545417  0.667073  0.545619  0.630428  0.555465  0.540294  0.545451  0.336609  0.829211  0.462027  0.762633  0.875973  0.623848  0.453366  0.590982  0.785309  0.403845  0.825071  0.822677  0.880479  0.321937  0.512303  0.824904  0.898443  0.770359  0.607551  0.768279  0.785734 
23  0.718449  0.784363  0.910884  0.908456  0.685807  0.915812  0.785406  0.793955  0.821131  0.651692  0.854735  0.805721  0.883951  0.561406  0.914069  0.798943  0.795061  0.755495  0.949013  0.829001  0.566170  0.476300  0.602273 0.0  0.740645  0.458850  0.736752  0.765016  0.892770  0.613383  0.509620  0.550317  0.502011  0.323938  0.507906  0.420527  0.415875  0.453594  0.385809  0.387360  0.444653  0.585118  0.831627  0.699511  0.809293  0.805141  0.630989  0.521983  0.370609  0.921806  0.432087  0.811602  0.793510  0.731538  0.561389  0.532851  0.850822  0.950407  0.797571  0.376106  0.871895  0.812892 
24  0.767370  0.401085  0.575329  0.396733  0.825570  0.429251  0.467089  0.371279  0.675878  0.919775  0.745735  0.872405  0.730344  0.878890  0.651405  0.624745  0.859913  0.743942  0.898804  0.888218  0.834945  0.813939  0.799832  0.740645 0.0  0.827043  0.842114  0.870182  0.689726  0.827053  0.831481  0.848583  0.845632  0.827879  0.779445  0.843705  0.860165  0.911957  0.791956  0.853930  0.857926  0.814603  0.493238  0.775962  0.837320  0.710550  0.789553  0.797415  0.794624  0.827287  0.817579  0.848300  0.679727  0.865750  0.857623  0.926183  0.607929  0.598243  0.888534  0.858077  0.856978  0.818697 
25  0.797065  0.932356  0.933325  0.778619  0.476012  0.714943  0.801486  0.837150  0.714353  0.615767  0.817710  0.901366  0.752430  0.519421  0.741930  0.655666  0.851631  0.752219  0.767924  0.757973  0.528611  0.366877  0.429824  0.458850  0.827043 0.0  0.743495  0.676656  0.765279  0.408066  0.566260  0.463688  0.470195  0.288992  0.563370  0.456936  0.374913  0.539019  0.396690  0.300827  0.422804  0.536371  0.748489  0.566379  0.814560  0.792516  0.618342  0.453688  0.377224  0.789991  0.460989  0.822739  0.981919  0.938971  0.555692  0.374879  0.888483  0.866447  0.775973  0.254453  0.924667  0.853759 
26  0.624143  0.846085  0.584715  0.766724  0.762545  0.744844  0.847739  0.864790  0.427441  0.800259  0.753235  0.796216  0.305756  0.766512  0.601427  0.497262  0.479713  0.678582  0.778363  0.901507  0.718328  0.799574  0.694001  0.736752  0.842114  0.743495 0.0  0.740241  0.501548  0.782538  0.761251  0.689103  0.874227  0.773344  0.777931  0.686190  0.797344  0.752364  0.835994  0.867047  0.688240  0.760642  0.715376  0.904710  0.612920  0.521629  0.731913  0.776778  0.780293  0.547051  0.805716  0.368485  0.535862  0.583662  0.814671  0.801377  0.540212  0.600227  0.866181  0.809651  0.707494  0.803410 
27  0.797156  0.789239  0.812373  0.780020  0.806212  0.889160  0.860423  0.658524  0.687103  0.839555  0.491411  0.390965  0.803451  0.876650  0.757296  0.639585  0.801062  0.714399  0.924103  0.830686  0.786460  0.914784  0.880547  0.765016  0.870182  0.676656  0.740241 0.0  0.826829  0.859649  0.925125  0.779351  0.856394  0.888673  0.720474  0.793525  0.828005  0.764393  0.874908  0.768781  0.743139  0.818989  0.886601  0.871586  0.704218  0.738285  0.771793  0.902047  0.841813  0.842249  0.788248  0.800013  0.799728  0.816948  0.808460  0.844958  0.818668  0.854087  0.620120  0.889085  0.844264  0.893264 
28  0.556890  0.658599  0.783611  0.615471  0.962615  0.602709  0.670367  0.787036  0.491227  0.756939  0.853019  0.691259  0.310737  0.829494  0.898483  0.705755  0.705701  0.765711  0.910798  0.809536  0.811973  0.793222  0.828715  0.892770  0.689726  0.765279  0.501548  0.826829 0.0  0.833228  0.771516  0.752398  0.822173  0.835702  0.745190  0.912516  0.794987  0.824414  0.827840  0.794700  0.856556  0.775968  0.658136  0.625719  0.577326  0.534232  0.882905  0.746880  0.958265  0.649344  0.873777  0.597599  0.781493  0.475487  0.789750  0.758215  0.841657  0.815929  0.822337  0.887252  0.840301  0.850706 
29  0.553280  0.701874  0.885018  0.793880  0.459056  0.835054  0.953887  0.871125  0.780880  0.505139  0.808315  0.913608  0.624433  0.642037  0.787563  0.661568  0.735115  0.714217  0.845766  0.794306  0.439988  0.574777  0.558663  0.613383  0.827053  0.408066  0.782538  0.859649  0.833228 0.0  0.515268  0.626493  0.387749  0.433239  0.504217  0.646927  0.476168  0.582113  0.492255  0.465478  0.509812  0.456431  0.891833  0.648319  0.613692  0.627280  0.637543  0.536467  0.513445  0.787863  0.484549  0.578220  0.900149  0.718304  0.594377  0.515030  0.912833  0.853534  0.956214  0.469950  0.801657  0.925477 
30  0.892282  0.776512  0.888745  0.805214  0.485840  0.806150  0.785457  0.823279  0.869970  0.610855  0.839679  0.856843  0.920039  0.773613  0.844869  0.698505  0.830312  0.701525  0.847614  0.880486  0.487310  0.565885  0.380290  0.509620  0.831481  0.566260  0.761251  0.925125  0.771516  0.515268 0.0  0.714743  0.514452  0.657212  0.472970  0.537524  0.485959  0.591842  0.663767  0.487227  0.522294  0.454740  0.808216  0.536551  0.950133  0.853808  0.505860  0.425226  0.598818  0.891394  0.380973  0.798228  0.893716  0.813871  0.418633  0.462694  0.833751  0.737230  0.708660  0.639164  0.817594  0.900274 
31  0.855273  0.829100  0.840790  0.811120  0.669430  0.894917  0.895823  0.803636  0.734644  0.469012  0.835126  0.883846  0.721999  0.299741  0.824619  0.729072  0.811976  0.823947  0.851745  0.923961  0.753879  0.450114  0.662918  0.550317  0.848583  0.463688  0.689103  0.779351  0.752398  0.626493  0.714743 0.0  0.673820  0.597065  0.443330  0.442328  0.560483  0.375563  0.561462  0.447964  0.425409  0.707421  0.849142  0.512514  0.845877  0.954783  0.443618  0.703764  0.552077  0.799974  0.759100  0.813567  0.844183  0.822920  0.716920  0.401242  0.770290  0.837990  0.821232  0.456166  0.939714  0.862359 
32  0.612682  0.839307  0.813666  0.789566  0.613822  0.854835  0.769162  0.788193  0.765573  0.340587  0.641888  0.719326  0.692982  0.728463  0.917344  0.644579  0.622650  0.765610  0.897017  0.749321  0.653338  0.502811  0.537705  0.502011  0.845632  0.470195  0.874227  0.856394  0.822173  0.387749  0.514452  0.673820 0.0  0.553691  0.512821  0.629040  0.519363  0.730106  0.636672  0.479224  0.581193  0.583547  0.817002  0.624278  0.701517  0.663465  0.626905  0.526237  0.565345  0.663565  0.536654  0.664435  0.733760  0.755681  0.496055  0.533992  0.830073  0.766161  0.796337  0.538330  0.878474  0.713657 
33  0.683340  0.761532  0.991444  0.830555  0.570020  0.809266  0.761486  0.845710  0.746366  0.678389  0.883286  0.866393  0.764977  0.588911  0.830998  0.663127  0.829656  0.784830  0.849101  0.835048  0.646587  0.418737  0.486085  0.323938  0.827879  0.288992  0.773344  0.888673  0.835702  0.433239  0.657212  0.597065  0.553691 0.0  0.617509  0.606553  0.366175  0.435924  0.333675  0.409297  0.563721  0.622845  0.869224  0.739261  0.916795  0.828440  0.604093  0.601957  0.329041  0.754019  0.534240  0.800693  0.909847  0.789784  0.548173  0.450789  0.970763  0.862641  0.785397  0.430958  0.929542  0.932978 
34  0.719012  0.779035  0.742863  0.683442  0.539445  0.666529  0.701844  0.812731  0.902261  0.373936  0.845357  0.749025  0.874013  0.504007  0.814971  0.602385  0.746910  0.764961  0.716649  0.750610  0.471219  0.472057  0.545417  0.507906  0.779445  0.563370  0.777931  0.720474  0.745190  0.504217  0.472970  0.443330  0.512821  0.617509 0.0  0.590074  0.496652  0.569083  0.607417  0.560497  0.490630  0.575822  0.703236  0.527721  0.734782  0.661648  0.474479  0.479342  0.507438  0.836047  0.648933  0.832794  0.743501  0.806961  0.604895  0.629639  0.782590  0.777888  0.753221  0.496761  0.764038  0.862819 
35  0.768325  0.928924  0.872516  0.835793  0.706473  0.835732  0.909130  0.812238  0.786812  0.571124  0.701684  0.734719  0.670895  0.416686  0.856170  0.636434  0.854877  0.711060  0.896176  0.932198  0.671502  0.504703  0.667073  0.420527  0.843705  0.456936  0.686190  0.793525  0.912516  0.646927  0.537524  0.442328  0.629040  0.606553  0.590074 0.0  0.453662  0.397045  0.565644  0.429086  0.564618  0.487991  0.892043  0.642382  0.785793  0.887452  0.482903  0.587923  0.570877  0.878128  0.487139  0.853307  0.765784  0.779254  0.595508  0.459801  0.897963  0.824652  0.784066  0.457255  0.878418  0.749385 
36  0.825736  0.878341  0.752842  0.889286  0.568896  0.815917  0.874326  0.881097  0.752124  0.644901  0.860131  0.850876  0.753463  0.584538  0.807886  0.678409  0.844429  0.749350  0.815862  0.809135  0.614341  0.347428  0.545619  0.415875  0.860165  0.374913  0.797344  0.828005  0.794987  0.476168  0.485959  0.560483  0.519363  0.366175  0.496652  0.453662 0.0  0.595107  0.367176  0.337442  0.454344  0.525949  0.763720  0.653638  0.793155  0.856441  0.557113  0.552642  0.234725  0.847874  0.618609  0.774287  0.785590  0.822197  0.540685  0.382974  0.869083  0.808412  0.795107  0.265979  0.789905  0.717450 
37  0.802941  0.871552  0.903855  0.848659  0.556726  0.909413  0.802760  0.925561  0.789687  0.575500  0.729909  0.790672  0.772680  0.374621  0.934516  0.682054  0.848883  0.862414  0.929855  0.774939  0.665065  0.467807  0.630428  0.453594  0.911957  0.539019  0.752364  0.764393  0.824414  0.582113  0.591842  0.375563  0.730106  0.435924  0.569083  0.397045  0.595107 0.0  0.526542  0.517035  0.485784  0.540201  0.700335  0.616014  0.805567  0.780844  0.524852  0.713992  0.450069  0.766908  0.642200  0.791556  0.759143  0.790324  0.705487  0.550646  0.840901  0.820655  0.838278  0.533399  0.792063  0.799948 
38  0.773887  0.768692  0.860569  0.866688  0.699958  0.854029  0.923806  0.818398  0.839075  0.731221  0.762672  0.876192  0.687438  0.501227  0.909390  0.741417  0.862688  0.764160  0.859341  0.887577  0.520168  0.414347  0.555465  0.385809  0.791956  0.396690  0.835994  0.874908  0.827840  0.492255  0.663767  0.561462  0.636672  0.333675  0.607417  0.565644  0.367176  0.526542 0.0  0.448466  0.489280  0.574981  0.967506  0.688965  0.797481  0.771200  0.605009  0.579540  0.301904  0.847358  0.501357  0.814673  0.875110  0.882765  0.605606  0.434636  0.869345  0.850668  0.840233  0.440133  0.919097  0.826570 
39  0.836698  0.793745  0.886217  0.861876  0.542885  0.766230  0.844535  0.826659  0.763750  0.662203  0.805840  0.765878  0.810874  0.447851  0.814620  0.633045  0.800430  0.712218  0.869458  0.946997  0.575216  0.427810  0.540294  0.387360  0.853930  0.300827  0.867047  0.768781  0.794700  0.465478  0.487227  0.447964  0.479224  0.409297  0.560497  0.429086  0.337442  0.517035  0.448466 0.0  0.308998  0.540571  0.856594  0.659136  0.820941  0.806065  0.675988  0.352125  0.372102  0.885809  0.664829  0.777490  0.944526  0.807833  0.536165  0.376579  0.878026  0.775662  0.852340  0.434381  0.817665  0.884865 
40  0.870108  0.798384  0.828511  0.807760  0.499314  0.922751  0.891365  0.877006  0.858321  0.720231  0.783301  0.809096  0.791025  0.567593  0.810100  0.690602  0.847314  0.730017  0.793108  0.875193  0.531859  0.324631  0.545451  0.444653  0.857926  0.422804  0.688240  0.743139  0.856556  0.509812  0.522294  0.425409  0.581193  0.563721  0.490630  0.564618  0.454344  0.485784  0.489280  0.308998 0.0  0.623706  0.923178  0.706448  0.845605  0.847018  0.597378  0.445202  0.473896  0.807917  0.581288  0.883268  0.808556  0.844315  0.497059  0.432990  0.879270  0.857325  0.849513  0.377211  0.993223  0.929780 
41  0.786454  0.839913  0.904757  0.849911  0.301603  0.808262  0.850545  0.714671  0.858439  0.642754  0.748693  0.857482  0.738641  0.541174  0.870750  0.705203  0.822291  0.806824  0.848227  0.915402  0.325725  0.554539  0.336609  0.585118  0.814603  0.536371  0.760642  0.818989  0.775968  0.456431  0.454740  0.707421  0.583547  0.622845  0.575822  0.487991  0.525949  0.540201  0.574981  0.540571  0.623706 0.0  1.000000  0.460109  0.879495  0.804452  0.502662  0.320754  0.621746  0.872661  0.484317  0.792421  0.920933  0.729984  0.446405  0.449127  0.838652  0.862767  0.752343  0.573449  0.898002  0.919199 
42  0.841609  0.540679  0.608845  0.494047  0.818191  0.467294  0.584639  0.461070  0.763429  0.876398  0.854582  0.810290  0.826215  0.740261  0.686013  0.702338  0.949314  0.840358  0.974692  0.847577  0.841116  0.747912  0.829211  0.831627  0.493238  0.748489  0.715376  0.886601  0.658136  0.891833  0.808216  0.849142  0.817002  0.869224  0.703236  0.892043  0.763720  0.700335  0.967506  0.856594  0.923178  1.000000 0.0  0.916952  0.911503  0.761660  0.872387  0.832781  0.826911  0.790576  0.994082  0.850881  0.753806  0.856732  0.760992  0.894504  0.692966  0.786132  0.874817  0.845760  0.984453  0.975323 
43  0.808076  0.875309  0.843896  0.736523  0.561224  0.781895  0.859107  0.801312  0.812806  0.559790  0.802357  0.958354  0.684911  0.526042  0.806417  0.763249  0.885467  0.736291  0.853859  0.815834  0.589658  0.685689  0.462027  0.699511  0.775962  0.566379  0.904710  0.871586  0.625719  0.648319  0.536551  0.512514  0.624278  0.739261  0.527721  0.642382  0.653638  0.616014  0.688965  0.659136  0.706448  0.460109  0.916952 0.0  0.793828  0.866566  0.424496  0.529375  0.625047  0.800711  0.402498  0.813905  0.963923  0.882666  0.547843  0.724159  0.801241  0.887428  0.893816  0.651331  0.837480  0.797167 
44  0.492649  0.826455  0.776097  0.809940  0.760641  0.752076  0.790201  0.846718  0.577208  0.699942  0.837252  0.830220  0.540887  0.867985  0.878164  0.697210  0.399752  0.790207  0.870743  0.787723  0.858218  0.870499  0.762633  0.809293  0.837320  0.814560  0.612920  0.704218  0.577326  0.613692  0.950133  0.845877  0.701517  0.916795  0.734782  0.785793  0.793155  0.805567  0.797481  0.820941  0.845605  0.879495  0.911503  0.793828 0.0  0.333672  0.863190  0.758742  0.726130  0.372086  0.831602  0.424160  0.816797  0.499310  0.810966  0.742160  0.898368  0.903174  0.785445  0.858372  0.862381  0.828315 
45  0.518240  0.952273  0.869034  0.708990  0.730324  0.725089  0.744438  0.771320  0.502017  0.720797  0.784043  0.832776  0.539647  0.862866  0.844311  0.690761  0.391160  0.710538  0.869741  0.673895  0.833343  0.837316  0.875973  0.805141  0.710550  0.792516  0.521629  0.738285  0.534232  0.627280  0.853808  0.954783  0.663465  0.828440  0.661648  0.887452  0.856441  0.780844  0.771200  0.806065  0.847018  0.804452  0.761660  0.866566  0.333672 0.0  0.897424  0.921922  0.824762  0.460202  0.817841  0.460576  0.820297  0.352452  0.825418  0.814534  0.838926  0.836904  0.739016  0.902295  0.799903  0.800504 
46  0.965880  0.894124  0.795649  0.888369  0.438220  0.835445  0.843850  0.833434  0.744131  0.612580  0.802786  0.775925  0.765641  0.548873  0.825436  0.698216  0.725019  0.715829  0.802478  0.838158  0.532773  0.556262  0.623848  0.630989  0.789553  0.618342  0.731913  0.771793  0.882905  0.637543  0.505860  0.443618  0.626905  0.604093  0.474479  0.482903  0.557113  0.524852  0.605009  0.675988  0.597378  0.502662  0.872387  0.424496  0.863190  0.897424 0.0  0.492377  0.694041  0.668279  0.653224  0.811600  0.898737  0.874482  0.529876  0.572379  0.840806  0.888364  0.902315  0.628821  0.823310  0.793012 
47  0.751940  0.795344  0.857099  0.782346  0.493262  0.863891  0.787001  0.781463  0.663846  0.685919  0.839794  0.774363  0.802862  0.675946  0.746029  0.616440  0.840007  0.695952  0.828246  0.866689  0.525504  0.595357  0.453366  0.521983  0.797415  0.453688  0.776778  0.902047  0.746880  0.536467  0.425226  0.703764  0.526237  0.601957  0.479342  0.587923  0.552642  0.713992  0.579540  0.352125  0.445202  0.320754  0.832781  0.529375  0.758742  0.921922  0.492377 0.0  0.528065  0.832660  0.410293  0.928927  0.891954  0.831416  0.362276  0.584876  0.829560  0.833140  0.738562  0.554932  0.876850  0.913190 
48  0.922720  0.898448  0.797147  0.891084  0.680546  0.816776  0.856146  0.930337  0.695933  0.687407  0.717368  0.922397  0.806329  0.446854  0.968550  0.665857  0.891567  0.681560  0.805020  0.823431  0.557813  0.460099  0.590982  0.370609  0.794624  0.377224  0.780293  0.841813  0.958265  0.513445  0.598818  0.552077  0.565345  0.329041  0.507438  0.570877  0.234725  0.450069  0.301904  0.372102  0.473896  0.621746  0.826911  0.625047  0.726130  0.824762  0.694041  0.528065 0.0  0.834637  0.588090  0.887940  0.837724  0.798460  0.553749  0.468583  0.796008  0.859606  0.860820  0.444199  0.922730  0.925612 
49  0.411801  0.806745  0.830403  0.876878  0.842526  0.861869  0.812157  0.757923  0.420793  0.650172  0.802957  0.805612  0.533184  0.739295  0.687769  0.668445  0.348404  0.760795  0.784905  0.909335  0.759918  0.862012  0.785309  0.921806  0.827287  0.789991  0.547051  0.842249  0.649344  0.787863  0.891394  0.799974  0.663565  0.754019  0.836047  0.878128  0.847874  0.766908  0.847358  0.885809  0.807917  0.872661  0.790576  0.800711  0.372086  0.460202  0.668279  0.832660  0.834637 0.0  0.825023  0.480045  0.811338  0.367036  0.781912  0.811229  0.803163  0.734756  0.814271  0.788021  0.848208  0.747067 
50  0.783474  0.818220  0.902356  0.827062  0.410064  0.822220  0.854848  0.857287  0.787879  0.684473  0.836824  0.806198  0.809710  0.665822  0.956498  0.704761  0.897869  0.825734  0.909896  0.893903  0.461309  0.607221  0.403845  0.432087  0.817579  0.460989  0.805716  0.788248  0.873777  0.484549  0.380973  0.759100  0.536654  0.534240  0.648933  0.487139  0.618609  0.642200  0.501357  0.664829  0.581288  0.484317  0.994082  0.402498  0.831602  0.817841  0.653224  0.410293  0.588090  0.825023 0.0  0.788874  0.847291  0.845711  0.349341  0.581952  0.892065  0.796542  0.881375  0.555691  0.797897  0.884697 
51  0.398739  0.832546  0.774263  0.774890  0.903336  0.871789  0.810784  0.787160  0.411969  0.609314  0.783901  0.791190  0.465722  0.807172  0.813048  0.632215  0.520744  0.850650  0.847554  0.888858  0.773258  0.812716  0.825071  0.811602  0.848300  0.822739  0.368485  0.800013  0.597599  0.578220  0.798228  0.813567  0.664435  0.800693  0.832794  0.853307  0.774287  0.791556  0.814673  0.777490  0.883268  0.792421  0.850881  0.813905  0.424160  0.460576  0.811600  0.928927  0.887940  0.480045  0.788874 0.0  0.784184  0.415443  0.829369  0.810462  0.818923  0.835901  0.895642  0.844280  0.727474  0.722851 
52  0.799442  0.588513  0.371486  0.552658  0.909505  0.604362  0.729092  0.640560  0.795455  0.856084  0.873502  0.834273  0.582530  0.864116  0.274713  0.619169  0.791384  0.575125  0.910166  0.893231  0.815874  0.900419  0.822677  0.793510  0.679727  0.981919  0.535862  0.799728  0.781493  0.900149  0.893716  0.844183  0.733760  0.909847  0.743501  0.765784  0.785590  0.759143  0.875110  0.944526  0.808556  0.920933  0.753806  0.963923  0.816797  0.820297  0.898737  0.891954  0.837724  0.811338  0.847291  0.784184 0.0  0.789720  0.939749  0.805953  0.423471  0.457917  0.770559  0.928730  0.906075  0.998307 
53  0.457111  0.826138  0.883356  0.796864  0.804548  0.806750  0.916164  0.853823  0.538821  0.711491  0.730624  0.714275  0.506775  0.933617  0.882742  0.653318  0.479958  0.685528  0.715257  0.842066  0.996273  0.818542  0.880479  0.731538  0.865750  0.938971  0.583662  0.816948  0.475487  0.718304  0.813871  0.822920  0.755681  0.789784  0.806961  0.779254  0.822197  0.790324  0.882765  0.807833  0.844315  0.729984  0.856732  0.882666  0.499310  0.352452  0.874482  0.831416  0.798460  0.367036  0.845711  0.415443  0.789720 0.0  0.875612  0.862811  0.747033  0.944641  0.783265  0.863477  0.812226  0.881994 
54  0.871369  0.967454  0.932294  0.883945  0.522259  0.945446  0.863860  0.854604  0.788749  0.680359  0.865942  0.959265  0.802906  0.648071  0.920740  0.641254  0.727931  0.722762  0.899627  0.816093  0.424417  0.627974  0.321937  0.561389  0.857623  0.555692  0.814671  0.808460  0.789750  0.594377  0.418633  0.716920  0.496055  0.548173  0.604895  0.595508  0.540685  0.705487  0.605606  0.536165  0.497059  0.446405  0.760992  0.547843  0.810966  0.825418  0.529876  0.362276  0.553749  0.781912  0.349341  0.829369  0.939749  0.875612 0.0  0.625345  0.938228  0.893583  0.826560  0.454086  0.904861  0.902981 
55  0.857767  0.888139  0.752365  0.793949  0.541029  0.920871  0.818857  0.777725  0.784246  0.784345  0.822921  0.815170  0.675568  0.567596  0.801016  0.663525  0.930465  0.796281  0.815624  0.828727  0.477740  0.310894  0.512303  0.532851  0.926183  0.374879  0.801377  0.844958  0.758215  0.515030  0.462694  0.401242  0.533992  0.450789  0.629639  0.459801  0.382974  0.550646  0.434636  0.376579  0.432990  0.449127  0.894504  0.724159  0.742160  0.814534  0.572379  0.584876  0.468583  0.811229  0.581952  0.810462  0.805953  0.862811  0.625345 0.0  0.839776  0.797537  0.877181  0.491960  0.921590  0.821662 
56  0.832061  0.655309  0.400765  0.582630  0.819319  0.681427  0.692214  0.573497  0.758377  0.862386  0.854087  0.933470  0.617787  0.876718  0.366327  0.714730  0.794782  0.640798  0.824004  0.836892  0.881643  0.855759  0.824904  0.850822  0.607929  0.888483  0.540212  0.818668  0.841657  0.912833  0.833751  0.770290  0.830073  0.970763  0.782590  0.897963  0.869083  0.840901  0.869345  0.878026  0.879270  0.838652  0.692966  0.801241  0.898368  0.838926  0.840806  0.829560  0.796008  0.803163  0.892065  0.818923  0.423471  0.747033  0.938228  0.839776 0.0  0.304469  0.823134  0.859514  0.786608  0.898521 
57  0.832412  0.653748  0.437737  0.600366  0.802224  0.645762  0.659226  0.538343  0.814668  0.844623  0.785194  0.841448  0.630633  0.807699  0.398196  0.644170  0.798600  0.541091  0.900917  0.835184  0.917628  0.853258  0.898443  0.950407  0.598243  0.866447  0.600227  0.854087  0.815929  0.853534  0.737230  0.837990  0.766161  0.862641  0.777888  0.824652  0.808412  0.820655  0.850668  0.775662  0.857325  0.862767  0.786132  0.887428  0.903174  0.836904  0.888364  0.833140  0.859606  0.734756  0.796542  0.835901  0.457917  0.944641  0.893583  0.797537  0.304469 0.0  0.656099  0.893719  0.863157  0.792737 
58  0.825308  0.931204  0.841338  0.737190  0.796247  0.782453  0.806967  0.858814  0.748256  0.749699  0.603079  0.594668  0.835610  0.755534  0.919754  0.641082  0.856303  0.879311  0.871951  0.818808  0.823910  0.818708  0.770359  0.797571  0.888534  0.775973  0.866181  0.620120  0.822337  0.956214  0.708660  0.821232  0.796337  0.785397  0.753221  0.784066  0.795107  0.838278  0.840233  0.852340  0.849513  0.752343  0.874817  0.893816  0.785445  0.739016  0.902315  0.738562  0.860820  0.814271  0.881375  0.895642  0.770559  0.783265  0.826560  0.877181  0.823134  0.656099 0.0  0.834468  0.710562  0.826245 
59  0.836315  0.840024  0.742492  0.893156  0.487417  0.911857  0.819418  0.843181  0.709391  0.601977  0.908400  0.825511  0.802444  0.484589  0.863743  0.660324  0.786347  0.848893  0.785511  0.869525  0.578981  0.344821  0.607551  0.376106  0.858077  0.254453  0.809651  0.889085  0.887252  0.469950  0.639164  0.456166  0.538330  0.430958  0.496761  0.457255  0.265979  0.533399  0.440133  0.434381  0.377211  0.573449  0.845760  0.651331  0.858372  0.902295  0.628821  0.554932  0.444199  0.788021  0.555691  0.844280  0.928730  0.863477  0.454086  0.491960  0.859514  0.893719  0.834468 0.0  0.788783  0.868946 
60  0.796960  0.815663  0.820887  0.849347  0.812400  0.905485  0.823569  0.799284  0.624300  0.837634  0.873508  0.890827  0.759356  0.874617  0.836493  0.738523  0.834965  0.465495  0.253793  0.312005  0.934725  0.771461  0.768279  0.871895  0.856978  0.924667  0.707494  0.844264  0.840301  0.801657  0.817594  0.939714  0.878474  0.929542  0.764038  0.878418  0.789905  0.792063  0.919097  0.817665  0.993223  0.898002  0.984453  0.837480  0.862381  0.799903  0.823310  0.876850  0.922730  0.848208  0.797897  0.727474  0.906075  0.812226  0.904861  0.921590  0.786608  0.863157  0.710562  0.788783 0.0  0.415889 
61  0.890041  0.781411  0.912484  0.861722  0.809574  0.837161  0.905908  0.959938  0.580095  0.795912  0.926749  0.943416  0.674344  0.845556  0.944220  0.668216  0.769040  0.540711  0.299141  0.212390  0.809459  0.760955  0.785734  0.812892  0.818697  0.853759  0.803410  0.893264  0.850706  0.925477  0.900274  0.862359  0.713657  0.932978  0.862819  0.749385  0.717450  0.799948  0.826570  0.884865  0.929780  0.919199  0.975323  0.797167  0.828315  0.800504  0.793012  0.913190  0.925612  0.747067  0.884697  0.722851  0.998307  0.881994  0.902981  0.821662  0.898521  0.792737  0.826245  0.868946  0.415889 0.0 
