62
0 0.0  0.711419  0.818203  0.839659  0.715975  0.794972  0.677076  0.806616  0.493042  0.592333  0.811846  0.774150  0.503582  0.817460  0.769875  0.607454  0.335170  0.705623  0.762906  0.748134  0.787368  0.812432  0.758605  0.757907  0.764871  0.753003  0.530240  0.844941  0.565090  0.574563  0.814277  0.807006  0.663117  0.782259  0.732801  0.745281  0.840646  0.745778  0.865928  0.751108  0.735190  0.779687  0.806332  0.806599  0.411859  0.504297  0.756611  0.724168  0.794143  0.440885  0.799566  0.331009  0.786131  0.357545  0.781446  0.862542  0.822349  0.773763  0.789339  0.816436  0.731023  0.761300 
1  0.711419 0.0  0.570095  0.380426  0.742432  0.385547  0.305129  0.298998  0.692459  0.769928  0.863151  0.846704  0.662101  0.770593  0.604291  0.642901  0.760006  0.665080  0.853692  0.776482  0.754901  0.871615  0.847804  0.781046  0.317898  0.780302  0.739402  0.775959  0.635427  0.834083  0.815802  0.809366  0.793418  0.861346  0.733254  0.813479  0.848563  0.879840  0.814309  0.708049  0.905767  0.827847  0.475002  0.832405  0.771724  0.742449  0.816619  0.816514  0.870983  0.754391  0.780264  0.925838  0.717911  0.775807  0.813107  0.729389  0.543428  0.503241  0.870752  0.814547  0.817732  0.734691 
2  0.818203  0.570095 0.0  0.666172  0.865168  0.546950  0.570089  0.530520  0.744532  0.844977  0.724103  0.841335  0.530646  0.903684  0.405481  0.614621  0.864726  0.560442  0.771938  0.772932  0.848243  0.761545  0.774231  0.785056  0.559631  0.871597  0.492033  0.754842  0.809950  0.809112  0.876733  0.902639  0.890184  0.891745  0.798186  0.933463  0.798086  0.959142  0.843080  0.741622  0.848145  0.845290  0.634393  0.798723  0.813416  0.809020  0.807469  0.764734  0.774025  0.761690  0.798378  0.753801  0.327833  0.725425  0.839568  0.818762  0.344325  0.356475  0.799033  0.785852  0.824408  0.823065 
3  0.839659  0.380426  0.666172 0.0  0.778178  0.266028  0.195941  0.253044  0.641533  0.803773  0.766960  0.875670  0.683653  0.797633  0.715335  0.560328  0.754535  0.694362  0.799659  0.757957  0.721763  0.863778  0.844222  0.820322  0.403190  0.889184  0.742699  0.851386  0.633786  0.789204  0.781628  0.823133  0.781623  0.855164  0.740333  0.785646  0.879521  0.743576  0.772776  0.836520  0.807111  0.852234  0.461608  0.774714  0.763983  0.827055  0.890093  0.798940  0.867979  0.832109  0.840901  0.806246  0.735830  0.794789  0.844822  0.786209  0.590195  0.666570  0.810670  0.797079  0.830982  0.720517 
4  0.715975  0.742432  0.865168  0.778178 0.0  0.822125  0.835327  0.715136  0.767557  0.690946  0.706507  0.833345  0.763507  0.702023  0.898350  0.541907  0.849991  0.676455  0.868581  0.790218  0.375873  0.533404  0.378290  0.461921  0.797849  0.502081  0.706198  0.837036  0.823715  0.535241  0.383109  0.699592  0.647145  0.509565  0.437591  0.612231  0.502831  0.598240  0.604197  0.471689  0.456940  0.228971  0.905207  0.499646  0.846667  0.791081  0.508216  0.521115  0.487617  0.694085  0.463721  0.810223  0.774992  0.784463  0.437893  0.515957  0.833625  0.758376  0.666422  0.505225  0.847086  0.835266 
5  0.794972  0.385547  0.546950  0.266028  0.822125 0.0  0.372696  0.308573  0.690977  0.710657  0.848677  0.715122  0.756156  0.870397  0.669357  0.665083  0.789200  0.649463  0.790001  0.793316  0.836863  0.776336  0.788077  0.858884  0.379965  0.847077  0.765586  0.800824  0.605268  0.737002  0.828243  0.775788  0.767636  0.837469  0.758294  0.761882  0.794114  0.684920  0.835458  0.831651  0.818424  0.819233  0.496485  0.775961  0.797145  0.842413  0.816128  0.774272  0.718328  0.752819  0.789392  0.867762  0.586202  0.816858  0.835017  0.870338  0.708365  0.595497  0.796626  0.728143  0.724082  0.808004 
6  0.677076  0.305129  0.570089  0.195941  0.835327  0.372696 0.0  0.266881  0.713042  0.811326  0.760342  0.825099  0.670037  0.708758  0.560231  0.583988  0.741033  0.772127  0.753593  0.868426  0.780829  0.828753  0.777931  0.794758  0.503324  0.877564  0.740592  0.887531  0.527891  0.772781  0.791273  0.786046  0.805957  0.778962  0.656008  0.832704  0.908875  0.804410  0.835747  0.819804  0.845038  0.781825  0.510747  0.878195  0.709480  0.768013  0.835721  0.795697  0.717458  0.826593  0.834641  0.760871  0.575855  0.678041  0.817727  0.779338  0.586735  0.649529  0.771667  0.828209  0.795672  0.810310 
7  0.806616  0.298998  0.530520  0.253044  0.715136  0.308573  0.266881 0.0  0.709911  0.834758  0.754291  0.866730  0.721795  0.694386  0.580340  0.707152  0.714195  0.643329  0.825317  0.791069  0.773258  0.708287  0.816967  0.783090  0.368567  0.798142  0.634746  0.791582  0.699129  0.786793  0.889474  0.785453  0.744045  0.737390  0.831871  0.869400  0.843061  0.843381  0.773612  0.755399  0.885429  0.879372  0.581858  0.940581  0.742818  0.814090  0.888228  0.748606  0.839848  0.755601  0.873865  0.700863  0.625609  0.743263  0.793728  0.768226  0.560441  0.507976  0.750526  0.734874  0.741124  0.831848 
8  0.493042  0.692459  0.744532  0.641533  0.767557  0.690977  0.713042  0.709911 0.0  0.750963  0.741229  0.621051  0.422128  0.715058  0.728904  0.657036  0.396194  0.770560  0.612796  0.591588  0.755264  0.798055  0.639224  0.713563  0.725079  0.763501  0.460590  0.720071  0.460548  0.591296  0.664382  0.794265  0.773416  0.728230  0.842304  0.817592  0.764492  0.710707  0.753682  0.780618  0.715241  0.798039  0.705247  0.802156  0.479511  0.529217  0.687521  0.688942  0.762636  0.558751  0.719187  0.461023  0.681531  0.454849  0.755466  0.806206  0.652907  0.752927  0.838657  0.710192  0.611883  0.555410 
9  0.592333  0.769928  0.844977  0.803773  0.690946  0.710657  0.811326  0.834758  0.750963 0.0  0.773898  0.839049  0.752970  0.533511  0.789457  0.639871  0.705021  0.721248  0.861842  0.798925  0.632862  0.590359  0.566961  0.527193  0.785752  0.546180  0.643574  0.826298  0.856007  0.427169  0.535157  0.476181  0.438244  0.685170  0.424087  0.498512  0.678154  0.496511  0.620180  0.576481  0.567373  0.603537  0.927307  0.509201  0.606939  0.657684  0.523054  0.660321  0.646765  0.579504  0.570134  0.542334  0.743822  0.622572  0.625680  0.706828  0.903840  0.701856  0.742929  0.568852  0.926911  0.820632 
10  0.811846  0.863151  0.724103  0.766960  0.706507  0.848677  0.760342  0.754291  0.741229  0.773898 0.0  0.439047  0.829015  0.776481  0.795535  0.562163  0.776765  0.661775  0.725746  0.810891  0.754422  0.731103  0.774181  0.752364  0.758739  0.863381  0.842041  0.406152  0.701649  0.732153  0.702993  0.719454  0.684086  0.735078  0.797577  0.707772  0.808691  0.807554  0.705084  0.826287  0.798861  0.754026  0.817460  0.767118  0.712921  0.811586  0.833797  0.779622  0.835545  0.752647  0.760537  0.848462  0.782427  0.760136  0.745563  0.720309  0.768203  0.873326  0.534924  0.718556  0.728215  0.737957 
11  0.774150  0.846704  0.841335  0.875670  0.833345  0.715122  0.825099  0.866730  0.621051  0.839049  0.439047 0.0  0.709610  0.849295  0.813326  0.675875  0.711064  0.682211  0.841135  0.832214  0.748571  0.842074  0.781621  0.664993  0.791346  0.898160  0.692857  0.378685  0.790447  0.835956  0.819901  0.775692  0.853554  0.835604  0.744030  0.752341  0.750672  0.676857  0.695116  0.843793  0.938006  0.762368  0.858546  0.713597  0.845565  0.777819  0.804622  0.742969  0.786394  0.735790  0.760769  0.796497  0.791332  0.815448  0.746359  0.823221  0.858885  0.828006  0.607520  0.758673  0.753764  0.751840 
12  0.503582  0.662101  0.530646  0.683653  0.763507  0.756156  0.670037  0.721795  0.422128  0.752970  0.829015  0.709610 0.0  0.678891  0.596361  0.651592  0.540611  0.573699  0.789199  0.706832  0.691676  0.761122  0.583441  0.803442  0.730894  0.668544  0.360060  0.693441  0.444738  0.729425  0.707764  0.782306  0.701581  0.806848  0.716268  0.727197  0.778565  0.666103  0.692696  0.766456  0.650050  0.732633  0.743706  0.799028  0.430854  0.485787  0.692006  0.681190  0.744855  0.443604  0.663140  0.502237  0.484521  0.417918  0.779107  0.717655  0.546953  0.553575  0.799813  0.715915  0.701369  0.804255 
13  0.817460  0.770593  0.903684  0.797633  0.702023  0.870397  0.708758  0.694386  0.715058  0.533511  0.776481  0.849295  0.678891 0.0  0.852258  0.650597  0.937407  0.785712  0.769397  0.845503  0.633538  0.537835  0.581002  0.472059  0.801130  0.421390  0.822169  0.834953  0.831485  0.580305  0.651486  0.418828  0.578600  0.483462  0.448647  0.364164  0.470815  0.312519  0.485421  0.456074  0.502631  0.738488  0.799616  0.593799  0.720227  0.835399  0.492609  0.662171  0.458296  0.809915  0.537670  0.791388  0.793862  0.722778  0.710093  0.517218  0.869405  0.821986  0.769965  0.471196  0.826390  0.702262 
14  0.769875  0.604291  0.405481  0.715335  0.898350  0.669357  0.560231  0.580340  0.728904  0.789457  0.795535  0.813326  0.596361  0.852258 0.0  0.576576  0.832229  0.489557  0.882772  0.794694  0.961940  0.714114  0.775229  0.820455  0.659020  0.712891  0.601514  0.736061  0.779558  0.819034  0.762368  0.774924  0.816795  0.775079  0.840148  0.801742  0.902459  0.837413  0.843399  0.785598  0.872056  0.711906  0.719502  0.808583  0.722153  0.786345  0.759888  0.785528  0.770972  0.718287  0.822682  0.834893  0.298033  0.696797  0.864989  0.812615  0.367780  0.429550  0.773412  0.729107  0.828412  0.858086 
15  0.607454  0.642901  0.614621  0.560328  0.541907  0.665083  0.583988  0.707152  0.657036  0.639871  0.562163  0.675875  0.651592  0.650597  0.576576 0.0  0.661641  0.718821  0.554732  0.586032  0.580185  0.606578  0.680810  0.552150  0.525752  0.630673  0.616466  0.603722  0.644531  0.629947  0.597226  0.720079  0.672133  0.624071  0.587034  0.687812  0.705004  0.635262  0.646003  0.653359  0.654654  0.624803  0.621212  0.615554  0.576534  0.597357  0.589573  0.606545  0.555331  0.548808  0.648237  0.676252  0.646974  0.558222  0.631062  0.601165  0.647901  0.561569  0.531554  0.579312  0.662270  0.710265 
16  0.335170  0.760006  0.864726  0.754535  0.849991  0.789200  0.741033  0.714195  0.396194  0.705021  0.776765  0.711064  0.540611  0.937407  0.832229  0.661641 0.0  0.750557  0.793115  0.724857  0.773142  0.787920  0.825194  0.692615  0.842516  0.739233  0.445601  0.797466  0.583963  0.505177  0.715043  0.791897  0.632546  0.680054  0.733768  0.746040  0.806525  0.820052  0.721391  0.839018  0.804212  0.756935  0.870294  0.772196  0.508436  0.455770  0.752286  0.716927  0.795009  0.274408  0.741438  0.417048  0.687070  0.384422  0.829107  0.737340  0.755649  0.744152  0.865616  0.836735  0.877891  0.806041 
17  0.705623  0.665080  0.560442  0.694362  0.676455  0.649463  0.772127  0.643329  0.770560  0.721248  0.661775  0.682211  0.573699  0.785712  0.489557  0.718821  0.750557 0.0  0.549439  0.550951  0.778468  0.725556  0.709717  0.749531  0.861590  0.770917  0.706752  0.699395  0.645894  0.734964  0.751299  0.815901  0.892193  0.668405  0.705057  0.699529  0.826276  0.761834  0.724153  0.705033  0.721872  0.752029  0.756544  0.777366  0.817131  0.756262  0.718644  0.774224  0.741162  0.788624  0.668809  0.796865  0.597240  0.788271  0.830291  0.595857  0.627427  0.644459  0.688872  0.772771  0.439792  0.376373 
18  0.762906  0.853692  0.771938  0.799659  0.868581  0.790001  0.753593  0.825317  0.612796  0.861842  0.725746  0.841135  0.789199  0.769397  0.882772  0.554732  0.793115  0.549439 0.0  0.376901  0.792636  0.890454  0.737756  0.812730  0.779840  0.740587  0.744134  0.827852  0.733437  0.841888  0.757857  0.865642  0.883053  0.909866  0.742605  0.853913  0.781185  0.808029  0.850040  0.785601  0.846673  0.821862  0.861132  0.835694  0.710911  0.834317  0.781650  0.870102  0.993388  0.766133  0.819122  0.668752  0.773905  0.863898  0.846847  0.885729  0.764808  0.775103  0.714028  0.724249  0.329152  0.286243 
19  0.748134  0.776482  0.772932  0.757957  0.790218  0.793316  0.868426  0.791069  0.591588  0.798925  0.810891  0.832214  0.706832  0.845503  0.794694  0.586032  0.724857  0.550951  0.376901 0.0  0.957893  0.789216  0.752774  0.873676  0.854927  0.822215  0.724123  0.810214  0.854258  0.893845  0.830145  0.829364  0.790215  0.809018  0.648274  0.748190  0.753039  0.817681  0.808296  0.782067  0.871115  0.798289  0.840555  0.818339  0.797293  0.737888  0.831574  0.700480  0.773915  0.824769  0.746309  0.779608  0.789057  0.748529  0.889102  0.768204  0.774115  0.772181  0.801970  0.862096  0.355939  0.342302 
20  0.787368  0.754901  0.848243  0.721763  0.375873  0.836863  0.780829  0.773258  0.755264  0.632862  0.754422  0.748571  0.691676  0.633538  0.961940  0.580185  0.773142  0.778468  0.792636  0.957893 0.0  0.479308  0.323010  0.496082  0.759914  0.544764  0.750830  0.774341  0.784729  0.429133  0.410741  0.707556  0.557930  0.597653  0.503252  0.665277  0.565234  0.572495  0.545302  0.545890  0.629722  0.365324  0.800896  0.489471  0.768445  0.824807  0.446920  0.384157  0.585683  0.710702  0.369008  0.791710  0.840624  0.780206  0.416130  0.523310  0.851762  0.832086  0.784720  0.482204  0.875812  0.929585 
21  0.812432  0.871615  0.761545  0.863778  0.533404  0.776336  0.828753  0.708287  0.798055  0.590359  0.731103  0.842074  0.761122  0.537835  0.714114  0.606578  0.787920  0.725556  0.890454  0.789216  0.479308 0.0  0.626755  0.347007  0.892502  0.416792  0.664579  0.817911  0.639604  0.566208  0.579731  0.442080  0.490143  0.485255  0.444379  0.392862  0.340277  0.522105  0.355991  0.369394  0.273637  0.466866  0.766314  0.576303  0.770672  0.686915  0.640969  0.423856  0.368007  0.819962  0.463597  0.822241  0.911421  0.786083  0.402719  0.330963  0.759554  0.750894  0.706441  0.416941  0.905518  0.796344 
22  0.758605  0.847804  0.774231  0.844222  0.378290  0.788077  0.777931  0.816967  0.639224  0.566961  0.774181  0.781621  0.583441  0.581002  0.775229  0.680810  0.825194  0.709717  0.737756  0.752774  0.323010  0.626755 0.0  0.532061  0.813247  0.479120  0.778681  0.788372  0.816112  0.538492  0.341760  0.667187  0.523596  0.483546  0.535154  0.567316  0.531100  0.622340  0.478175  0.535773  0.533333  0.279252  0.813748  0.500910  0.694528  0.701735  0.403822  0.225671  0.446787  0.855643  0.339742  0.736840  0.795934  0.813454  0.349903  0.429854  0.858362  0.777531  0.841649  0.497474  0.862279  0.863801 
23  0.757907  0.781046  0.785056  0.820322  0.461921  0.858884  0.794758  0.783090  0.713563  0.527193  0.752364  0.664993  0.803442  0.472059  0.820455  0.552150  0.692615  0.749531  0.812730  0.873676  0.496082  0.347007  0.532061 0.0  0.749893  0.357488  0.739137  0.781248  0.689203  0.479602  0.532622  0.435684  0.627712  0.415718  0.462864  0.435070  0.473682  0.369210  0.332004  0.329418  0.328912  0.570062  0.860995  0.628920  0.816597  0.792948  0.642818  0.494464  0.366273  0.752048  0.516700  0.746594  0.843187  0.707594  0.634416  0.385024  0.660648  0.716975  0.736955  0.343900  0.851581  0.924071 
24  0.764871  0.317898  0.559631  0.403190  0.797849  0.379965  0.503324  0.368567  0.725079  0.785752  0.758739  0.791346  0.730894  0.801130  0.659020  0.525752  0.842516  0.861590  0.779840  0.854927  0.759914  0.892502  0.813247  0.749893 0.0  0.832507  0.700893  0.806922  0.594547  0.773657  0.772681  0.831511  0.793684  0.807894  0.682412  0.873635  0.823022  0.754107  0.782731  0.782080  0.805279  0.854885  0.510323  0.784297  0.708031  0.830737  0.831016  0.756716  0.774091  0.905700  0.878558  0.777649  0.520339  0.721162  0.828163  0.825967  0.555999  0.625926  0.764102  0.827742  0.825312  0.829695 
25  0.753003  0.780302  0.871597  0.889184  0.502081  0.847077  0.877564  0.798142  0.763501  0.546180  0.863381  0.898160  0.668544  0.421390  0.712891  0.630673  0.739233  0.770917  0.740587  0.822215  0.544764  0.416792  0.479120  0.357488  0.832507 0.0  0.701914  0.871718  0.729155  0.503049  0.452145  0.505843  0.537534  0.322123  0.536454  0.540078  0.189176  0.502299  0.404143  0.267048  0.381226  0.420161  0.770142  0.600645  0.823666  0.728852  0.641368  0.475215  0.363667  0.808968  0.532257  0.714262  0.747343  0.668989  0.549609  0.324487  0.775594  0.764518  0.840851  0.429417  0.877257  0.849902 
26  0.530240  0.739402  0.492033  0.742699  0.706198  0.765586  0.740592  0.634746  0.460590  0.643574  0.842041  0.692857  0.360060  0.822169  0.601514  0.616466  0.445601  0.706752  0.744134  0.724123  0.750830  0.664579  0.778681  0.739137  0.700893  0.701914 0.0  0.698540  0.557092  0.695975  0.721632  0.699091  0.725907  0.684898  0.751424  0.734155  0.716512  0.783473  0.702103  0.780321  0.757691  0.740125  0.736303  0.759822  0.450285  0.548480  0.759024  0.697329  0.787081  0.522480  0.773558  0.512790  0.600212  0.436305  0.635050  0.769229  0.576092  0.550876  0.719500  0.754939  0.577990  0.729208 
27  0.844941  0.775959  0.754842  0.851386  0.837036  0.800824  0.887531  0.791582  0.720071  0.826298  0.406152  0.378685  0.693441  0.834953  0.736061  0.603722  0.797466  0.699395  0.827852  0.810214  0.774341  0.817911  0.788372  0.781248  0.806922  0.871718  0.698540 0.0  0.825294  0.767882  0.755182  0.814426  0.775627  0.726009  0.762973  0.798200  0.750522  0.688966  0.860272  0.747671  0.733905  0.766344  0.734740  0.709184  0.792050  0.787760  0.748186  0.771308  0.810998  0.745968  0.718734  0.791516  0.750938  0.772990  0.828124  0.757143  0.705052  0.804047  0.575921  0.826112  0.793555  0.759794 
28  0.565090  0.635427  0.809950  0.633786  0.823715  0.605268  0.527891  0.699129  0.460548  0.856007  0.701649  0.790447  0.444738  0.831485  0.779558  0.644531  0.583963  0.645894  0.733437  0.854258  0.784729  0.639604  0.816112  0.689203  0.594547  0.729155  0.557092  0.825294 0.0  0.690741  0.778873  0.757585  0.745720  0.818061  0.689565  0.812249  0.811764  0.687506  0.820910  0.750874  0.874652  0.896819  0.686539  0.787857  0.521897  0.585503  0.764556  0.799626  0.743510  0.612756  0.754620  0.478387  0.668021  0.563900  0.787837  0.697566  0.743782  0.818834  0.836482  0.840439  0.767993  0.830818 
29  0.574563  0.834083  0.809112  0.789204  0.535241  0.737002  0.772781  0.786793  0.591296  0.427169  0.732153  0.835956  0.729425  0.580305  0.819034  0.629947  0.505177  0.734964  0.841888  0.893845  0.429133  0.566208  0.538492  0.479602  0.773657  0.503049  0.695975  0.767882  0.690741 0.0  0.439110  0.621053  0.472089  0.595564  0.446334  0.568462  0.512785  0.631467  0.464999  0.443472  0.462247  0.500557  0.842151  0.630717  0.622937  0.634742  0.661329  0.371915  0.531809  0.668703  0.603899  0.652263  0.868740  0.735236  0.501395  0.471164  0.892409  0.778274  0.797328  0.541651  0.837606  0.721264 
30  0.814277  0.815802  0.876733  0.781628  0.383109  0.828243  0.791273  0.889474  0.664382  0.535157  0.702993  0.819901  0.707764  0.651486  0.762368  0.597226  0.715043  0.751299  0.757857  0.830145  0.410741  0.579731  0.341760  0.532622  0.772681  0.452145  0.721632  0.755182  0.778873  0.439110 0.0  0.636099  0.423027  0.594292  0.478511  0.595182  0.449067  0.679760  0.634262  0.512853  0.541737  0.484984  0.728863  0.534813  0.759444  0.703317  0.544257  0.411709  0.572031  0.666024  0.389145  0.772853  0.870077  0.770287  0.289465  0.490974  0.686082  0.831780  0.744483  0.600118  0.807779  0.749949 
31  0.807006  0.809366  0.902639  0.823133  0.699592  0.775788  0.786046  0.785453  0.794265  0.476181  0.719454  0.775692  0.782306  0.418828  0.774924  0.720079  0.791897  0.815901  0.865642  0.829364  0.707556  0.442080  0.667187  0.435684  0.831511  0.505843  0.699091  0.814426  0.757585  0.621053  0.636099 0.0  0.752250  0.538092  0.508570  0.216920  0.466592  0.320125  0.577175  0.524341  0.463188  0.692172  0.879002  0.577856  0.814329  0.735732  0.432146  0.695719  0.546448  0.729257  0.630935  0.802864  0.838301  0.809085  0.698030  0.460867  0.819339  0.785532  0.807837  0.611740  0.911538  0.824767 
32  0.663117  0.793418  0.890184  0.781623  0.647145  0.767636  0.805957  0.744045  0.773416  0.438244  0.684086  0.853554  0.701581  0.578600  0.816795  0.672133  0.632546  0.892193  0.883053  0.790215  0.557930  0.490143  0.523596  0.627712  0.793684  0.537534  0.725907  0.775627  0.745720  0.472089  0.423027  0.752250 0.0  0.520288  0.521627  0.562982  0.486828  0.589030  0.508931  0.441138  0.488107  0.507842  0.786445  0.655889  0.612237  0.686850  0.584306  0.467182  0.518269  0.667600  0.523937  0.593187  0.861812  0.719487  0.539255  0.549215  0.758728  0.951582  0.700497  0.429643  0.786299  0.880859 
33  0.782259  0.861346  0.891745  0.855164  0.509565  0.837469  0.778962  0.737390  0.728230  0.685170  0.735078  0.835604  0.806848  0.483462  0.775079  0.624071  0.680054  0.668405  0.909866  0.809018  0.597653  0.485255  0.483546  0.415718  0.807894  0.322123  0.684898  0.726009  0.818061  0.595564  0.594292  0.538092  0.520288 0.0  0.444935  0.411974  0.341910  0.514191  0.376643  0.252277  0.409067  0.567324  0.852763  0.547421  0.754053  0.819382  0.735752  0.534944  0.352380  0.729510  0.508054  0.817249  0.908841  0.783160  0.464135  0.462332  1.000000  0.858417  0.785654  0.345939  0.818131  0.782168 
34  0.732801  0.733254  0.798186  0.740333  0.437591  0.758294  0.656008  0.831871  0.842304  0.424087  0.797577  0.744030  0.716268  0.448647  0.840148  0.587034  0.733768  0.705057  0.742605  0.648274  0.503252  0.444379  0.535154  0.462864  0.682412  0.536454  0.751424  0.762973  0.689565  0.446334  0.478511  0.508570  0.521627  0.444935 0.0  0.561410  0.417702  0.450905  0.532692  0.447605  0.471590  0.579911  0.724392  0.425536  0.699495  0.780772  0.465990  0.460367  0.471001  0.735051  0.428579  0.829510  0.638024  0.727254  0.486169  0.461406  0.763805  0.724250  0.664136  0.496797  0.773923  0.752994 
35  0.745281  0.813479  0.933463  0.785646  0.612231  0.761882  0.832704  0.869400  0.817592  0.498512  0.707772  0.752341  0.727197  0.364164  0.801742  0.687812  0.746040  0.699529  0.853913  0.748190  0.665277  0.392862  0.567316  0.435070  0.873635  0.540078  0.734155  0.798200  0.812249  0.568462  0.595182  0.216920  0.562982  0.411974  0.561410 0.0  0.510873  0.340734  0.432128  0.424542  0.436669  0.568209  0.780651  0.490302  0.824186  0.872227  0.494179  0.602638  0.420736  0.735277  0.599064  0.791949  0.890979  0.831259  0.626424  0.564203  0.887374  0.819197  0.793799  0.409973  0.746164  0.804789 
36  0.840646  0.848563  0.798086  0.879521  0.502831  0.794114  0.908875  0.843061  0.764492  0.678154  0.808691  0.750672  0.778565  0.470815  0.902459  0.705004  0.806525  0.826276  0.781185  0.753039  0.565234  0.340277  0.531100  0.473682  0.823022  0.189176  0.716512  0.750522  0.811764  0.512785  0.449067  0.466592  0.486828  0.341910  0.417702  0.510873 0.0  0.455055  0.335508  0.317715  0.316289  0.496393  0.723248  0.691339  0.788259  0.701377  0.653586  0.508173  0.459286  0.740746  0.486184  0.813558  0.724938  0.767154  0.564135  0.406019  0.771774  0.719025  0.712804  0.243046  0.841457  0.829399 
37  0.745778  0.879840  0.959142  0.743576  0.598240  0.684920  0.804410  0.843381  0.710707  0.496511  0.807554  0.676857  0.666103  0.312519  0.837413  0.635262  0.820052  0.761834  0.808029  0.817681  0.572495  0.522105  0.622340  0.369210  0.754107  0.502299  0.783473  0.688966  0.687506  0.631467  0.679760  0.320125  0.589030  0.514191  0.450905  0.340734  0.455055 0.0  0.458403  0.506654  0.533246  0.667043  0.795490  0.487669  0.725944  0.911577  0.372108  0.642151  0.503713  0.759238  0.566642  0.853925  0.924929  0.850396  0.633955  0.427906  0.894758  0.889435  0.818698  0.504846  0.785609  0.787699 
38  0.865928  0.814309  0.843080  0.772776  0.604197  0.835458  0.835747  0.773612  0.753682  0.620180  0.705084  0.695116  0.692696  0.485421  0.843399  0.646003  0.721391  0.724153  0.850040  0.808296  0.545302  0.355991  0.478175  0.332004  0.782731  0.404143  0.702103  0.860272  0.820910  0.464999  0.634262  0.577175  0.508931  0.376643  0.532692  0.432128  0.335508  0.458403 0.0  0.417575  0.360751  0.533111  0.897701  0.652747  0.786139  0.833707  0.593115  0.532512  0.286473  0.781397  0.467252  0.771730  0.892648  0.809029  0.566578  0.330630  0.881168  0.805250  0.733061  0.413060  0.895765  0.850109 
39  0.751108  0.708049  0.741622  0.836520  0.471689  0.831651  0.819804  0.755399  0.780618  0.576481  0.826287  0.843793  0.766456  0.456074  0.785598  0.653359  0.839018  0.705033  0.785601  0.782067  0.545890  0.369394  0.535773  0.329418  0.782080  0.267048  0.780321  0.747671  0.750874  0.443472  0.512853  0.524341  0.441138  0.252277  0.447605  0.424542  0.317715  0.506654  0.417575 0.0  0.364105  0.503063  0.763050  0.566566  0.681882  0.864107  0.579821  0.482040  0.424811  0.737528  0.552027  0.883355  0.909005  0.757215  0.467451  0.336762  0.839246  0.811083  0.677350  0.349123  0.816268  0.746144 
40  0.735190  0.905767  0.848145  0.807111  0.456940  0.818424  0.845038  0.885429  0.715241  0.567373  0.798861  0.938006  0.650050  0.502631  0.872056  0.654654  0.804212  0.721872  0.846673  0.871115  0.629722  0.273637  0.533333  0.328912  0.805279  0.381226  0.757691  0.733905  0.874652  0.462247  0.541737  0.463188  0.488107  0.409067  0.471590  0.436669  0.316289  0.533246  0.360751  0.364105 0.0  0.575562  0.974718  0.680393  0.718200  0.848037  0.607740  0.509112  0.459460  0.744069  0.540127  0.738239  0.926388  0.752776  0.433571  0.410927  0.877456  0.828031  0.877590  0.393680  0.893426  0.861667 
41  0.779687  0.827847  0.845290  0.852234  0.228971  0.819233  0.781825  0.879372  0.798039  0.603537  0.754026  0.762368  0.732633  0.738488  0.711906  0.624803  0.756935  0.752029  0.821862  0.798289  0.365324  0.466866  0.279252  0.570062  0.854885  0.420161  0.740125  0.766344  0.896819  0.500557  0.484984  0.692172  0.507842  0.567324  0.579911  0.568209  0.496393  0.667043  0.533111  0.503063  0.575562 0.0  0.799018  0.540830  0.869219  0.674342  0.460535  0.377097  0.525391  0.716758  0.442524  0.722352  0.830075  0.748196  0.440069  0.428058  0.784000  0.771132  0.807612  0.557518  0.829344  0.836560 
42  0.806332  0.475002  0.634393  0.461608  0.905207  0.496485  0.510747  0.581858  0.705247  0.927307  0.817460  0.858546  0.743706  0.799616  0.719502  0.621212  0.870294  0.756544  0.861132  0.840555  0.800896  0.766314  0.813748  0.860995  0.510323  0.770142  0.736303  0.734740  0.686539  0.842151  0.728863  0.879002  0.786445  0.852763  0.724392  0.780651  0.723248  0.795490  0.897701  0.763050  0.974718  0.799018 0.0  0.761678  0.890898  0.766811  0.836218  0.803530  0.803343  0.827494  0.850025  0.896469  0.616372  0.725097  0.814747  0.852222  0.644775  0.642139  0.800810  0.818850  0.873344  0.730766 
43  0.806599  0.832405  0.798723  0.774714  0.499646  0.775961  0.878195  0.940581  0.802156  0.509201  0.767118  0.713597  0.799028  0.593799  0.808583  0.615554  0.772196  0.777366  0.835694  0.818339  0.489471  0.576303  0.500910  0.628920  0.784297  0.600645  0.759822  0.709184  0.787857  0.630717  0.534813  0.577856  0.655889  0.547421  0.425536  0.490302  0.691339  0.487669  0.652747  0.566566  0.680393  0.540830  0.761678 0.0  0.811237  0.772971  0.357996  0.493987  0.723297  0.822462  0.628521  0.770584  0.935151  0.776805  0.542165  0.612472  0.736845  0.774449  0.813616  0.595856  0.846160  0.954597 
44  0.411859  0.771724  0.813416  0.763983  0.846667  0.797145  0.709480  0.742818  0.479511  0.606939  0.712921  0.845565  0.430854  0.720227  0.722153  0.576534  0.508436  0.817131  0.710911  0.797293  0.768445  0.770672  0.694528  0.816597  0.708031  0.823666  0.450285  0.792050  0.521897  0.622937  0.759444  0.814329  0.612237  0.754053  0.699495  0.824186  0.788259  0.725944  0.786139  0.681882  0.718200  0.869219  0.890898  0.811237 0.0  0.391959  0.755354  0.853677  0.678125  0.424759  0.749306  0.482297  0.790769  0.315905  0.782911  0.790915  0.869809  0.792141  0.866135  0.776866  0.832634  0.813840 
45  0.504297  0.742449  0.809020  0.827055  0.791081  0.842413  0.768013  0.814090  0.529217  0.657684  0.811586  0.777819  0.485787  0.835399  0.786345  0.597357  0.455770  0.756262  0.834317  0.737888  0.824807  0.686915  0.701735  0.792948  0.830737  0.728852  0.548480  0.787760  0.585503  0.634742  0.703317  0.735732  0.686850  0.819382  0.780772  0.872227  0.701377  0.911577  0.833707  0.864107  0.848037  0.674342  0.766811  0.772971  0.391959 0.0  0.833247  0.872143  0.841697  0.469413  0.853778  0.318068  0.819251  0.488204  0.705926  0.794920  0.785027  0.707973  0.800938  0.767724  0.728276  0.708734 
46  0.756611  0.816619  0.807469  0.890093  0.508216  0.816128  0.835721  0.888228  0.687521  0.523054  0.833797  0.804622  0.692006  0.492609  0.759888  0.589573  0.752286  0.718644  0.781650  0.831574  0.446920  0.640969  0.403822  0.642818  0.831016  0.641368  0.759024  0.748186  0.764556  0.661329  0.544257  0.432146  0.584306  0.735752  0.465990  0.494179  0.653586  0.372108  0.593115  0.579821  0.607740  0.460535  0.836218  0.357996  0.755354  0.833247 0.0  0.498901  0.664550  0.832217  0.525659  0.728179  0.791199  0.765778  0.507170  0.632802  0.835958  0.770855  0.689357  0.605491  0.752772  0.721149 
47  0.724168  0.816514  0.764734  0.798940  0.521115  0.774272  0.795697  0.748606  0.688942  0.660321  0.779622  0.742969  0.681190  0.662171  0.785528  0.606545  0.716927  0.774224  0.870102  0.700480  0.384157  0.423856  0.225671  0.494464  0.756716  0.475215  0.697329  0.771308  0.799626  0.371915  0.411709  0.695719  0.467182  0.534944  0.460367  0.602638  0.508173  0.642151  0.532512  0.482040  0.509112  0.377097  0.803530  0.493987  0.853677  0.872143  0.498901 0.0  0.532375  0.808521  0.306702  0.883948  0.849641  0.734959  0.324683  0.508345  0.843380  0.847782  0.765009  0.575466  0.750113  0.779745 
48  0.794143  0.870983  0.774025  0.867979  0.487617  0.718328  0.717458  0.839848  0.762636  0.646765  0.835545  0.786394  0.744855  0.458296  0.770972  0.555331  0.795009  0.741162  0.993388  0.773915  0.585683  0.368007  0.446787  0.366273  0.774091  0.363667  0.787081  0.810998  0.743510  0.531809  0.572031  0.546448  0.518269  0.352380  0.471001  0.420736  0.459286  0.503713  0.286473  0.424811  0.459460  0.525391  0.803343  0.723297  0.678125  0.841697  0.664550  0.532375 0.0  0.767517  0.563062  0.734689  0.921939  0.823651  0.560031  0.345751  0.793349  0.846526  0.834023  0.454004  0.888351  0.798333 
49  0.440885  0.754391  0.761690  0.832109  0.694085  0.752819  0.826593  0.755601  0.558751  0.579504  0.752647  0.735790  0.443604  0.809915  0.718287  0.548808  0.274408  0.788624  0.766133  0.824769  0.710702  0.819962  0.855643  0.752048  0.905700  0.808968  0.522480  0.745968  0.612756  0.668703  0.666024  0.729257  0.667600  0.729510  0.735051  0.735277  0.740746  0.759238  0.781397  0.737528  0.744069  0.716758  0.827494  0.822462  0.424759  0.469413  0.832217  0.808521  0.767517 0.0  0.719883  0.366697  0.860216  0.468657  0.856333  0.693289  0.874443  0.874941  0.797477  0.774878  0.752284  0.717804 
50  0.799566  0.780264  0.798378  0.840901  0.463721  0.789392  0.834641  0.873865  0.719187  0.570134  0.760537  0.760769  0.663140  0.537670  0.822682  0.648237  0.741438  0.668809  0.819122  0.746309  0.369008  0.463597  0.339742  0.516700  0.878558  0.532257  0.773558  0.718734  0.754620  0.603899  0.389145  0.630935  0.523937  0.508054  0.428579  0.599064  0.486184  0.566642  0.467252  0.552027  0.540127  0.442524  0.850025  0.628521  0.749306  0.853778  0.525659  0.306702  0.563062  0.719883 0.0  0.815363  0.892818  0.748776  0.473556  0.533065  0.794514  0.898276  0.822099  0.475869  0.725199  0.826276 
51  0.331009  0.925838  0.753801  0.806246  0.810223  0.867762  0.760871  0.700863  0.461023  0.542334  0.848462  0.796497  0.502237  0.791388  0.834893  0.676252  0.417048  0.796865  0.668752  0.779608  0.791710  0.822241  0.736840  0.746594  0.777649  0.714262  0.512790  0.791516  0.478387  0.652263  0.772853  0.802864  0.593187  0.817249  0.829510  0.791949  0.813558  0.853925  0.771730  0.883355  0.738239  0.722352  0.896469  0.770584  0.482297  0.318068  0.728179  0.883948  0.734689  0.366697  0.815363 0.0  0.771018  0.416438  0.796000  0.833624  0.872791  0.864580  0.752766  0.699215  0.822393  0.848349 
52  0.786131  0.717911  0.327833  0.735830  0.774992  0.586202  0.575855  0.625609  0.681531  0.743822  0.782427  0.791332  0.484521  0.793862  0.298033  0.646974  0.687070  0.597240  0.773905  0.789057  0.840624  0.911421  0.795934  0.843187  0.520339  0.747343  0.600212  0.750938  0.668021  0.868740  0.870077  0.838301  0.861812  0.908841  0.638024  0.890979  0.724938  0.924929  0.892648  0.909005  0.926388  0.830075  0.616372  0.935151  0.790769  0.819251  0.791199  0.849641  0.921939  0.860216  0.892818  0.771018 0.0  0.814102  0.847579  0.964506  0.326383  0.360014  0.770465  0.743415  0.728934  0.880528 
53  0.357545  0.775807  0.725425  0.794789  0.784463  0.816858  0.678041  0.743263  0.454849  0.622572  0.760136  0.815448  0.417918  0.722778  0.696797  0.558222  0.384422  0.788271  0.863898  0.748529  0.780206  0.786083  0.813454  0.707594  0.721162  0.668989  0.436305  0.772990  0.563900  0.735236  0.770287  0.809085  0.719487  0.783160  0.727254  0.831259  0.767154  0.850396  0.809029  0.757215  0.752776  0.748196  0.725097  0.776805  0.315905  0.488204  0.765778  0.734959  0.823651  0.468657  0.748776  0.416438  0.814102 0.0  0.899992  0.736544  0.787544  0.741390  0.728428  0.803256  0.769544  0.751400 
54  0.781446  0.813107  0.839568  0.844822  0.437893  0.835017  0.817727  0.793728  0.755466  0.625680  0.745563  0.746359  0.779107  0.710093  0.864989  0.631062  0.829107  0.830291  0.846847  0.889102  0.416130  0.402719  0.349903  0.634416  0.828163  0.549609  0.635050  0.828124  0.787837  0.501395  0.289465  0.698030  0.539255  0.464135  0.486169  0.626424  0.564135  0.633955  0.566578  0.467451  0.433571  0.440069  0.814747  0.542165  0.782911  0.705926  0.507170  0.324683  0.560031  0.856333  0.473556  0.796000  0.847579  0.899992 0.0  0.557038  0.741319  0.847584  0.809153  0.509201  0.926825  0.845095 
55  0.862542  0.729389  0.818762  0.786209  0.515957  0.870338  0.779338  0.768226  0.806206  0.706828  0.720309  0.823221  0.717655  0.517218  0.812615  0.601165  0.737340  0.595857  0.885729  0.768204  0.523310  0.330963  0.429854  0.385024  0.825967  0.324487  0.769229  0.757143  0.697566  0.471164  0.490974  0.460867  0.549215  0.462332  0.461406  0.564203  0.406019  0.427906  0.330630  0.336762  0.410927  0.428058  0.852222  0.612472  0.790915  0.794920  0.632802  0.508345  0.345751  0.693289  0.533065  0.833624  0.964506  0.736544  0.557038 0.0  0.840937  0.808980  0.727949  0.420627  0.939754  0.887362 
56  0.822349  0.543428  0.344325  0.590195  0.833625  0.708365  0.586735  0.560441  0.652907  0.903840  0.768203  0.858885  0.546953  0.869405  0.367780  0.647901  0.755649  0.627427  0.764808  0.774115  0.851762  0.759554  0.858362  0.660648  0.555999  0.775594  0.576092  0.705052  0.743782  0.892409  0.686082  0.819339  0.758728  1.000000  0.763805  0.887374  0.771774  0.894758  0.881168  0.839246  0.877456  0.784000  0.644775  0.736845  0.869809  0.785027  0.835958  0.843380  0.793349  0.874443  0.794514  0.872791  0.326383  0.787544  0.741319  0.840937 0.0  0.224189  0.795685  0.923046  0.764393  0.892038 
57  0.773763  0.503241  0.356475  0.666570  0.758376  0.595497  0.649529  0.507976  0.752927  0.701856  0.873326  0.828006  0.553575  0.821986  0.429550  0.561569  0.744152  0.644459  0.775103  0.772181  0.832086  0.750894  0.777531  0.716975  0.625926  0.764518  0.550876  0.804047  0.818834  0.778274  0.831780  0.785532  0.951582  0.858417  0.724250  0.819197  0.719025  0.889435  0.805250  0.811083  0.828031  0.771132  0.642139  0.774449  0.792141  0.707973  0.770855  0.847782  0.846526  0.874941  0.898276  0.864580  0.360014  0.741390  0.847584  0.808980  0.224189 0.0  0.661228  0.888752  0.893373  0.824699 
58  0.789339  0.870752  0.799033  0.810670  0.666422  0.796626  0.771667  0.750526  0.838657  0.742929  0.534924  0.607520  0.799813  0.769965  0.773412  0.531554  0.865616  0.688872  0.714028  0.801970  0.784720  0.706441  0.841649  0.736955  0.764102  0.840851  0.719500  0.575921  0.836482  0.797328  0.744483  0.807837  0.700497  0.785654  0.664136  0.793799  0.712804  0.818698  0.733061  0.677350  0.877590  0.807612  0.800810  0.813616  0.866135  0.800938  0.689357  0.765009  0.834023  0.797477  0.822099  0.752766  0.770465  0.728428  0.809153  0.727949  0.795685  0.661228 0.0  0.825947  0.827704  0.809514 
59  0.816436  0.814547  0.785852  0.797079  0.505225  0.728143  0.828209  0.734874  0.710192  0.568852  0.718556  0.758673  0.715915  0.471196  0.729107  0.579312  0.836735  0.772771  0.724249  0.862096  0.482204  0.416941  0.497474  0.343900  0.827742  0.429417  0.754939  0.826112  0.840439  0.541651  0.600118  0.611740  0.429643  0.345939  0.496797  0.409973  0.243046  0.504846  0.413060  0.349123  0.393680  0.557518  0.818850  0.595856  0.776866  0.767724  0.605491  0.575466  0.454004  0.774878  0.475869  0.699215  0.743415  0.803256  0.509201  0.420627  0.923046  0.888752  0.825947 0.0  0.780214  0.830090 
60  0.731023  0.817732  0.824408  0.830982  0.847086  0.724082  0.795672  0.741124  0.611883  0.926911  0.728215  0.753764  0.701369  0.826390  0.828412  0.662270  0.877891  0.439792  0.329152  0.355939  0.875812  0.905518  0.862279  0.851581  0.825312  0.877257  0.577990  0.793555  0.767993  0.837606  0.807779  0.911538  0.786299  0.818131  0.773923  0.746164  0.841457  0.785609  0.895765  0.816268  0.893426  0.829344  0.873344  0.846160  0.832634  0.728276  0.752772  0.750113  0.888351  0.752284  0.725199  0.822393  0.728934  0.769544  0.926825  0.939754  0.764393  0.893373  0.827704  0.780214 0.0  0.352687 
61  0.761300  0.734691  0.823065  0.720517  0.835266  0.808004  0.810310  0.831848  0.555410  0.820632  0.737957  0.751840  0.804255  0.702262  0.858086  0.710265  0.806041  0.376373  0.286243  0.342302  0.929585  0.796344  0.863801  0.924071  0.829695  0.849902  0.729208  0.759794  0.830818  0.721264  0.749949  0.824767  0.880859  0.782168  0.752994  0.804789  0.829399  0.787699  0.850109  0.746144  0.861667  0.836560  0.730766  0.954597  0.813840  0.708734  0.721149  0.779745  0.798333  0.717804  0.826276  0.848349  0.880528  0.751400  0.845095  0.887362  0.892038  0.824699  0.809514  0.830090  0.352687 0.0 
