62
0 0.0  0.845989  0.867752  0.875353  0.827356  0.802516  0.903075  0.817990  0.510584  0.627511  0.897790  0.895716  0.486593  0.757515  0.892431  0.774863  0.394496  0.770831  0.779412  0.800854  0.790472  0.740662  0.825086  0.893585  0.800315  0.766410  0.530153  0.822607  0.504555  0.686904  0.760639  0.850736  0.550725  0.777751  0.744651  0.819214  0.805353  0.758580  0.766633  0.790029  0.837723  0.687762  0.812947  0.774048  0.383956  0.473390  0.940380  0.680077  0.835333  0.386798  0.908980  0.342649  0.935544  0.578403  0.824636  0.854377  0.696600  0.775803  0.848474  1.000000  0.797430  0.851164 
1  0.845989 0.0  0.638521  0.254955  0.861348  0.340401  0.380313  0.314368  0.750172  0.879030  0.860544  0.735840  0.734366  0.826924  0.612700  0.696195  0.731815  0.793935  0.818246  0.853417  0.863054  0.823350  0.737659  0.691443  0.302367  0.795777  0.831045  0.755789  0.575214  0.789163  0.780305  0.808313  0.859778  0.850160  0.755726  0.803648  0.890871  0.917679  0.826443  0.848645  0.820287  0.747774  0.449029  0.783825  0.762874  0.843368  0.805220  0.857645  0.857128  0.763521  0.877419  0.838844  0.642000  0.849080  0.837608  0.856606  0.717646  0.634345  0.700939  0.851337  0.791143  0.786050 
2  0.867752  0.638521 0.0  0.575660  0.831711  0.634714  0.682112  0.718963  0.723882  0.856717  0.770794  0.807981  0.588346  0.795649  0.366006  0.675400  0.744106  0.575169  0.897917  0.964972  0.887219  0.782255  0.805965  0.879447  0.611165  0.867911  0.630612  0.864070  0.709317  0.757289  0.786668  0.962335  0.887595  0.860252  0.706265  0.744797  0.808657  0.800882  0.898509  0.822788  0.962046  0.813211  0.638685  0.777732  0.865131  0.888110  0.831029  0.871671  0.849759  0.893192  0.794482  0.809044  0.386699  0.833341  0.955888  0.960754  0.342840  0.400285  0.828323  0.812902  0.900213  0.783446 
3  0.875353  0.254955  0.575660 0.0  0.889243  0.337834  0.331094  0.335586  0.730487  0.820783  0.808241  0.756526  0.813511  0.811525  0.660447  0.628079  0.784477  0.612575  0.833179  0.785752  0.882422  0.850273  0.835008  0.827942  0.439005  0.932470  0.807438  0.795124  0.595151  0.848165  0.873682  0.802767  0.820978  0.782553  0.729815  0.830358  0.831260  0.863734  0.785203  0.761969  0.838535  0.895412  0.471413  0.775881  0.840245  0.929952  0.810185  0.935085  0.885915  0.772276  0.816105  0.826882  0.571793  0.698670  0.831993  0.844982  0.527856  0.637260  0.919813  0.879286  0.785247  0.727642 
4  0.827356  0.861348  0.831711  0.889243 0.0  0.851352  0.815876  0.707295  0.848787  0.600035  0.841992  0.768947  0.801937  0.675977  0.801026  0.717029  0.748957  0.782988  0.853816  0.762695  0.392038  0.611736  0.443108  0.521661  0.801998  0.560514  0.663935  0.813338  0.836883  0.468618  0.438355  0.627399  0.556446  0.550304  0.535382  0.626567  0.547418  0.610343  0.564072  0.557933  0.582294  0.307495  0.921303  0.516802  0.875877  0.796502  0.427665  0.410650  0.596943  0.698862  0.352702  0.872865  0.865501  0.764475  0.320456  0.497603  0.722254  0.824373  0.727951  0.489855  0.891307  0.805530 
5  0.802516  0.340401  0.634714  0.337834  0.851352 0.0  0.240628  0.356037  0.753700  0.783456  0.818761  0.878582  0.867057  0.828566  0.698226  0.705823  0.782499  0.691320  0.756677  0.901215  0.855803  0.766741  0.805180  0.865712  0.359260  0.824896  0.651768  0.821157  0.625893  0.755888  0.815201  0.847432  0.822665  0.858362  0.760390  0.779520  0.875824  0.982132  0.790983  0.788564  0.792067  0.812754  0.629670  0.804108  0.719042  0.863132  0.938297  0.890790  0.771508  0.816350  0.892540  0.790343  0.581733  0.772451  0.714583  0.807330  0.597594  0.602234  0.879347  0.884437  0.796345  0.783678 
6  0.903075  0.380313  0.682112  0.331094  0.815876  0.240628 0.0  0.375323  0.706308  0.800846  0.753916  0.918041  0.747728  0.744923  0.725958  0.701736  0.865153  0.781992  0.855574  0.731504  0.825633  0.739928  0.815443  0.880228  0.331966  0.913900  0.748001  0.872832  0.683016  0.811948  0.727059  0.808473  0.922498  0.765563  0.702330  0.739610  0.858921  0.786670  0.947274  0.841377  0.802868  0.816456  0.557089  0.775381  0.793557  0.883711  0.756372  0.955980  0.787789  0.829396  0.887334  0.801014  0.642840  0.796230  0.814434  0.799738  0.605069  0.700862  0.826449  0.816209  0.933779  0.873109 
7  0.817990  0.314368  0.718963  0.335586  0.707295  0.356037  0.375323 0.0  0.690450  0.849526  0.748760  0.845712  0.834465  0.841239  0.495719  0.593489  0.851241  0.713485  0.970280  0.827790  0.806252  0.780330  0.790379  0.870590  0.418599  0.865784  0.819498  0.760635  0.607002  0.914349  0.828119  0.883864  0.824045  0.816083  0.737677  0.850061  0.899311  0.827027  0.922141  0.909843  0.814246  0.791090  0.518457  0.846973  0.755780  0.852696  0.701235  0.899503  0.897868  0.870725  0.836518  0.863844  0.610279  0.734479  0.882497  0.802892  0.688967  0.622543  0.866173  0.779783  0.834983  0.876019 
8  0.510584  0.750172  0.723882  0.730487  0.848787  0.753700  0.706308  0.690450 0.0  0.823768  0.726412  0.738514  0.523972  0.815427  0.703686  0.733335  0.501813  0.736107  0.654751  0.551622  0.834147  0.681782  0.743665  0.777259  0.761134  0.809035  0.537399  0.759680  0.483362  0.779287  0.878932  0.724424  0.800209  0.709193  0.673664  0.649338  0.804860  0.764423  0.669908  0.647636  0.813012  0.776008  0.798724  0.739260  0.509953  0.483374  0.651096  0.735374  0.782182  0.578666  0.806449  0.405975  0.823181  0.526494  0.674909  0.825721  0.718170  0.714391  0.623047  0.788975  0.598066  0.590478 
9  0.627511  0.879030  0.856717  0.820783  0.600035  0.783456  0.800846  0.849526  0.823768 0.0  0.865256  0.888222  0.780994  0.510240  0.794562  0.660562  0.691317  0.761781  0.869253  0.988670  0.631574  0.640707  0.614526  0.648509  0.855393  0.544640  0.772219  0.787331  0.810807  0.329310  0.628166  0.447438  0.470968  0.675503  0.463915  0.554314  0.665297  0.526549  0.655987  0.590076  0.615101  0.603978  0.874637  0.389377  0.616206  0.742019  0.513162  0.750785  0.640646  0.563862  0.687986  0.690002  0.838070  0.592399  0.577774  0.645650  0.776006  0.780384  0.878035  0.624055  0.769333  0.787549 
10  0.897790  0.860544  0.770794  0.808241  0.841992  0.818761  0.753916  0.748760  0.726412  0.865256 0.0  0.507674  0.741330  0.691319  0.737456  0.670899  0.824014  0.709047  0.823349  0.893034  0.808519  0.785092  0.727640  0.659552  0.758298  0.823282  0.701084  0.405180  0.869202  0.722083  0.729995  0.786779  0.807505  0.756121  0.913434  0.783525  0.831302  0.794213  0.730231  0.682008  0.884876  0.776143  0.826153  0.722208  0.686953  0.857870  0.861034  0.986231  0.833174  0.783523  0.905494  0.891556  0.804080  0.820787  0.724322  0.809129  0.874566  0.859697  0.609886  0.743299  0.813009  0.856932 
11  0.895716  0.735840  0.807981  0.756526  0.768947  0.878582  0.918041  0.845712  0.738514  0.888222  0.507674 0.0  0.763764  0.793538  0.858412  0.662469  0.707268  0.797575  0.887268  0.802045  0.767714  0.929380  0.755237  0.749904  0.766215  0.741707  0.666684  0.431186  0.740309  0.816771  0.880451  0.828556  0.867368  0.929252  0.822988  0.911921  0.903210  0.943015  0.795949  0.902078  0.825671  0.918639  0.778800  0.862593  0.816213  0.853104  0.847298  0.873480  0.838069  0.825731  0.842182  0.813366  0.802763  0.882803  0.824941  0.939222  0.826168  0.927303  0.517328  0.937591  0.872385  0.784833 
12  0.486593  0.734366  0.588346  0.813511  0.801937  0.867057  0.747728  0.834465  0.523972  0.780994  0.741330  0.763764 0.0  0.702403  0.629890  0.664260  0.461000  0.639817  0.639380  0.773046  0.710489  0.774352  0.702316  0.664841  0.801892  0.763805  0.248758  0.716124  0.430665  0.748165  0.698857  0.652294  0.756720  0.769974  0.844281  0.753895  0.820993  0.814031  0.741017  0.686396  0.728411  0.754045  0.772496  0.715837  0.443468  0.464102  0.686759  0.786720  0.746189  0.443491  0.783765  0.485726  0.564430  0.594636  0.721270  0.798004  0.574309  0.710014  0.744159  0.650238  0.823657  0.677220 
13  0.757515  0.826924  0.795649  0.811525  0.675977  0.828566  0.744923  0.841239  0.815427  0.510240  0.691319  0.793538  0.702403 0.0  0.871726  0.688095  0.830624  0.769146  0.889620  0.696485  0.649607  0.394978  0.636910  0.455112  0.840172  0.507515  0.909803  0.775639  0.749900  0.579748  0.580269  0.398104  0.580479  0.591591  0.425535  0.364181  0.511005  0.582885  0.541236  0.516489  0.534678  0.632751  0.813395  0.565042  0.849381  0.727427  0.516439  0.634788  0.566445  0.799277  0.614582  0.749250  0.832416  0.914649  0.612131  0.562203  0.738227  0.869599  0.817349  0.549936  0.765819  0.889336 
14  0.892431  0.612700  0.366006  0.660447  0.801026  0.698226  0.725958  0.495719  0.703686  0.794562  0.737456  0.858412  0.629890  0.871726 0.0  0.656324  0.773001  0.587380  0.797063  0.937956  0.773633  0.804488  0.803799  0.694924  0.644686  0.798556  0.577635  0.809545  0.769181  0.902061  0.836013  0.750912  0.810117  0.922151  0.639034  0.819809  0.863408  0.773024  0.933167  0.843311  0.737981  0.818349  0.767976  0.915422  0.735112  0.779175  0.805951  0.879911  0.882154  0.848376  0.800264  0.807662  0.447188  0.912298  0.829409  0.901706  0.415490  0.300991  0.923957  0.797120  0.790191  0.904938 
15  0.774863  0.696195  0.675400  0.628079  0.717029  0.705823  0.701736  0.593489  0.733335  0.660562  0.670899  0.662469  0.664260  0.688095  0.656324 0.0  0.584276  0.674329  0.609318  0.742105  0.673217  0.646939  0.647376  0.713133  0.632563  0.670662  0.682615  0.694334  0.668109  0.659790  0.670919  0.541572  0.717769  0.635413  0.556874  0.610731  0.610873  0.717151  0.784744  0.676038  0.671104  0.715178  0.709167  0.653861  0.754074  0.635267  0.567791  0.656285  0.600783  0.666747  0.736005  0.636432  0.724127  0.688726  0.640370  0.736627  0.664475  0.661738  0.663004  0.689324  0.646765  0.730650 
16  0.394496  0.731815  0.744106  0.784477  0.748957  0.782499  0.865153  0.851241  0.501813  0.691317  0.824014  0.707268  0.461000  0.830624  0.773001  0.584276 0.0  0.793523  0.826305  0.706373  0.814523  0.717681  0.782761  0.797641  0.854983  0.634410  0.561250  0.745435  0.523346  0.543306  0.882348  0.844839  0.661722  0.776812  0.691013  0.923167  0.885384  0.894672  0.806671  0.820134  0.735288  0.792773  0.844916  0.788589  0.449311  0.528854  0.839024  0.787708  0.786501  0.461572  0.798154  0.429749  0.798000  0.469571  0.842455  0.806407  0.788613  0.758292  0.832277  0.848896  0.709692  0.779523 
17  0.770831  0.793935  0.575169  0.612575  0.782988  0.691320  0.781992  0.713485  0.736107  0.761781  0.709047  0.797575  0.639817  0.769146  0.587380  0.674329  0.793523 0.0  0.582147  0.385548  0.660420  0.632521  0.777304  0.710309  0.822105  0.744344  0.672983  0.674481  0.810503  0.826489  0.731730  0.797389  0.784787  0.725005  0.835093  0.890795  0.743788  0.631934  0.871479  0.635304  0.788314  0.769904  0.707915  0.677093  0.653839  0.723086  0.817809  0.741768  0.783641  0.731690  0.766551  0.701232  0.544042  0.674573  0.821588  0.663222  0.670389  0.534419  0.708003  0.603535  0.512316  0.453900 
18  0.779412  0.818246  0.897917  0.833179  0.853816  0.756677  0.855574  0.970280  0.654751  0.869253  0.823349  0.887268  0.639380  0.889620  0.797063  0.609318  0.826305  0.582147 0.0  0.335814  0.902957  0.934665  0.753373  0.832648  0.871464  0.838966  0.774261  0.749010  0.906573  0.838458  0.891612  0.839004  0.757365  0.797914  0.803961  0.893126  0.946510  0.814370  0.763660  0.827600  0.853415  0.890600  0.859022  0.795917  0.785267  0.810864  0.850193  0.834294  0.721728  0.840547  0.784750  0.775454  0.829919  0.882950  0.805865  0.753433  0.864472  0.771075  0.860749  0.881283  0.297966  0.310945 
19  0.800854  0.853417  0.964972  0.785752  0.762695  0.901215  0.731504  0.827790  0.551622  0.988670  0.893034  0.802045  0.773046  0.696485  0.937956  0.742105  0.706373  0.385548  0.335814 0.0  0.954412  0.795033  0.809219  0.944229  0.896739  0.745178  0.711130  0.908051  0.849322  0.778426  0.843547  0.976763  0.908077  0.919623  0.679830  0.785624  0.739287  0.847243  0.954112  0.918805  0.962523  0.791705  0.899806  0.851914  0.721349  0.895663  0.784282  0.690120  0.863007  0.837323  0.865859  0.810247  0.889525  0.703620  0.933975  0.885672  0.701372  0.851170  0.782495  0.816244  0.279351  0.358473 
20  0.790472  0.863054  0.887219  0.882422  0.392038  0.855803  0.825633  0.806252  0.834147  0.631574  0.808519  0.767714  0.710489  0.649607  0.773633  0.673217  0.814523  0.660420  0.902957  0.954412 0.0  0.447763  0.370597  0.512081  0.845657  0.526754  0.814551  0.786064  0.754209  0.458631  0.458974  0.624021  0.557099  0.573055  0.352685  0.616721  0.565231  0.567233  0.644062  0.573829  0.573789  0.310492  0.786944  0.497646  0.845827  0.777857  0.486142  0.524170  0.512429  0.828505  0.518259  0.667582  0.805263  0.803276  0.488868  0.605054  0.899200  0.810288  0.866598  0.568732  0.871640  0.845648 
21  0.740662  0.823350  0.782255  0.850273  0.611736  0.766741  0.739928  0.780330  0.681782  0.640707  0.785092  0.929380  0.774352  0.394978  0.804488  0.646939  0.717681  0.632521  0.934665  0.795033  0.447763 0.0  0.540104  0.412885  0.765982  0.355642  0.834852  0.842821  0.796758  0.536426  0.536779  0.540142  0.477693  0.422857  0.559173  0.431163  0.378547  0.572203  0.400985  0.451181  0.448779  0.522566  0.881228  0.576337  0.775733  0.879046  0.629765  0.524832  0.450547  0.765355  0.556118  0.785088  0.837955  0.721184  0.522328  0.371109  0.741922  0.906135  0.769493  0.424870  0.895713  0.832647 
22  0.825086  0.737659  0.805965  0.835008  0.443108  0.805180  0.815443  0.790379  0.743665  0.614526  0.727640  0.755237  0.702316  0.636910  0.803799  0.647376  0.782761  0.777304  0.753373  0.809219  0.370597  0.540104 0.0  0.612055  0.802377  0.522126  0.579991  0.883962  0.785549  0.414743  0.386251  0.564821  0.552744  0.499532  0.587569  0.579694  0.470751  0.633215  0.553266  0.581837  0.587634  0.364647  0.777599  0.520898  0.869609  0.791971  0.378687  0.450052  0.450964  0.857948  0.397026  0.879419  0.818536  0.772056  0.304262  0.388962  0.854864  0.853006  0.776865  0.529507  0.891000  0.832076 
23  0.893585  0.691443  0.879447  0.827942  0.521661  0.865712  0.880228  0.870590  0.777259  0.648509  0.659552  0.749904  0.664841  0.455112  0.694924  0.713133  0.797641  0.710309  0.832648  0.944229  0.512081  0.412885  0.612055 0.0  0.872282  0.424795  0.845850  0.793971  0.871746  0.583172  0.498923  0.480503  0.672023  0.434283  0.532353  0.481092  0.402296  0.516699  0.390674  0.366783  0.428505  0.607115  0.921645  0.566245  0.760470  0.754957  0.675612  0.470294  0.385668  0.841281  0.530134  0.741455  0.825694  0.904714  0.498394  0.371577  0.900837  0.765266  0.871057  0.261417  0.952253  0.881482 
24  0.800315  0.302367  0.611165  0.439005  0.801998  0.359260  0.331966  0.418599  0.761134  0.855393  0.758298  0.766215  0.801892  0.840172  0.644686  0.632563  0.854983  0.822105  0.871464  0.896739  0.845657  0.765982  0.802377  0.872282 0.0  0.861453  0.746882  0.829311  0.607948  0.746925  0.753932  0.795555  0.795813  0.871968  0.808818  0.825801  0.748324  0.835988  0.788217  0.748816  0.790915  0.937208  0.439216  0.842407  0.819824  0.800385  0.817898  0.831560  0.839504  0.719349  0.851614  0.727412  0.569740  0.688974  0.845933  0.831412  0.599022  0.704887  0.782348  0.832917  0.845890  0.925634 
25  0.766410  0.795777  0.867911  0.932470  0.560514  0.824896  0.913900  0.865784  0.809035  0.544640  0.823282  0.741707  0.763805  0.507515  0.798556  0.670662  0.634410  0.744344  0.838966  0.745178  0.526754  0.355642  0.522126  0.424795  0.861453 0.0  0.692545  0.735996  0.738605  0.534659  0.456745  0.406019  0.504707  0.472515  0.489669  0.471398  0.329091  0.524557  0.371899  0.424906  0.400798  0.482700  0.776077  0.560832  0.854946  0.752029  0.646645  0.549638  0.419668  0.753914  0.485464  0.720951  0.745145  0.893731  0.566259  0.435948  0.861223  0.769074  0.743176  0.342459  0.836531  0.889522 
26  0.530153  0.831045  0.630612  0.807438  0.663935  0.651768  0.748001  0.819498  0.537399  0.772219  0.701084  0.666684  0.248758  0.909803  0.577635  0.682615  0.561250  0.672983  0.774261  0.711130  0.814551  0.834852  0.579991  0.845850  0.746882  0.692545 0.0  0.672983  0.431465  0.793034  0.723076  0.713418  0.695910  0.703093  0.804277  0.702419  0.734472  0.830114  0.782434  0.731218  0.828863  0.791844  0.759569  0.713632  0.596553  0.560146  0.783482  0.749702  0.706171  0.476644  0.832480  0.502047  0.550176  0.441832  0.730881  0.687395  0.544056  0.497460  0.757389  0.813555  0.677940  0.815298 
27  0.822607  0.755789  0.864070  0.795124  0.813338  0.821157  0.872832  0.760635  0.759680  0.787331  0.405180  0.431186  0.716124  0.775639  0.809545  0.694334  0.745435  0.674481  0.749010  0.908051  0.786064  0.842821  0.883962  0.793971  0.829311  0.735996  0.672983 0.0  0.907577  0.894310  0.784702  0.784838  0.780313  0.767318  0.791518  0.903609  0.783759  0.834727  0.840269  0.823722  0.895573  0.631502  0.786945  0.756178  0.757472  0.801794  0.760827  0.800077  0.823043  0.784895  0.773267  0.800493  0.739415  0.778293  0.737811  0.697474  0.796232  0.805694  0.671674  0.749088  0.724871  0.693877 
28  0.504555  0.575214  0.709317  0.595151  0.836883  0.625893  0.683016  0.607002  0.483362  0.810807  0.869202  0.740309  0.430665  0.749900  0.769181  0.668109  0.523346  0.810503  0.906573  0.849322  0.754209  0.796758  0.785549  0.871746  0.607948  0.738605  0.431465  0.907577 0.0  0.831753  0.842015  0.782143  0.782261  0.792617  0.786687  0.897225  0.791065  0.837972  0.759040  0.773499  0.793824  0.753174  0.586054  0.810264  0.456820  0.599827  0.716504  0.692728  0.807363  0.572005  0.714022  0.546860  0.654371  0.539715  0.880784  0.808704  0.878496  0.740461  0.720938  0.828226  0.761393  0.811319 
29  0.686904  0.789163  0.757289  0.848165  0.468618  0.755888  0.811948  0.914349  0.779287  0.329310  0.722083  0.816771  0.748165  0.579748  0.902061  0.659790  0.543306  0.826489  0.838458  0.778426  0.458631  0.536426  0.414743  0.583172  0.746925  0.534659  0.793034  0.894310  0.831753 0.0  0.556794  0.703303  0.339626  0.728713  0.561506  0.661590  0.567645  0.703851  0.523054  0.507584  0.483839  0.449674  0.776541  0.639402  0.670133  0.637018  0.539578  0.466876  0.473380  0.587165  0.473340  0.557628  0.782030  0.564347  0.624228  0.554870  0.860419  0.771836  0.768218  0.407252  0.830187  0.786090 
30  0.760639  0.780305  0.786668  0.873682  0.438355  0.815201  0.727059  0.828119  0.878932  0.628166  0.729995  0.880451  0.698857  0.580269  0.836013  0.670919  0.882348  0.731730  0.891612  0.843547  0.458974  0.536779  0.386251  0.498923  0.753932  0.456745  0.723076  0.784702  0.842015  0.556794 0.0  0.672377  0.447465  0.484778  0.477618  0.567842  0.518656  0.645637  0.681932  0.546732  0.515560  0.415053  0.890671  0.503784  0.854021  0.885164  0.490186  0.451185  0.610455  0.814271  0.491988  0.761183  0.877382  0.815563  0.349314  0.501760  0.892000  0.836520  0.842982  0.600881  0.897099  0.829326 
31  0.850736  0.808313  0.962335  0.802767  0.627399  0.847432  0.808473  0.883864  0.724424  0.447438  0.786779  0.828556  0.652294  0.398104  0.750912  0.541572  0.844839  0.797389  0.839004  0.976763  0.624021  0.540142  0.564821  0.480503  0.795555  0.406019  0.713418  0.784838  0.782143  0.703303  0.672377 0.0  0.672279  0.569100  0.588928  0.389639  0.385943  0.405810  0.634387  0.542840  0.483260  0.693616  0.881677  0.531354  0.851943  0.791340  0.517744  0.723662  0.490484  0.844150  0.652658  0.792805  0.813968  0.741404  0.602897  0.528288  0.771087  0.878793  0.902942  0.555015  0.896818  0.890005 
32  0.550725  0.859778  0.887595  0.820978  0.556446  0.822665  0.922498  0.824045  0.800209  0.470968  0.807505  0.867368  0.756720  0.580479  0.810117  0.717769  0.661722  0.784787  0.757365  0.908077  0.557099  0.477693  0.552744  0.672023  0.795813  0.504707  0.695910  0.780313  0.782261  0.339626  0.447465  0.672279 0.0  0.599331  0.473947  0.582938  0.449058  0.668447  0.597995  0.579695  0.568234  0.639896  0.856060  0.605775  0.656138  0.650046  0.483587  0.480327  0.556398  0.486871  0.567061  0.657277  0.786252  0.439952  0.506064  0.605728  0.785139  0.876709  0.707102  0.495231  0.819372  0.916195 
33  0.777751  0.850160  0.860252  0.782553  0.550304  0.858362  0.765563  0.816083  0.709193  0.675503  0.756121  0.929252  0.769974  0.591591  0.922151  0.635413  0.776812  0.725005  0.797914  0.919623  0.573055  0.422857  0.499532  0.434283  0.871968  0.472515  0.703093  0.767318  0.792617  0.728713  0.484778  0.569100  0.599331 0.0  0.452066  0.421588  0.406370  0.545140  0.314957  0.427884  0.340673  0.573066  0.807507  0.636896  0.687194  0.872937  0.620848  0.555040  0.309415  0.830142  0.555521  0.668380  0.944212  0.835729  0.592322  0.331291  0.820277  0.878849  0.807856  0.407259  0.852795  0.785547 
34  0.744651  0.755726  0.706265  0.729815  0.535382  0.760390  0.702330  0.737677  0.673664  0.463915  0.913434  0.822988  0.844281  0.425535  0.639034  0.556874  0.691013  0.835093  0.803961  0.679830  0.352685  0.559173  0.587569  0.532353  0.808818  0.489669  0.804277  0.791518  0.786687  0.561506  0.477618  0.588928  0.473947  0.452066 0.0  0.462030  0.450576  0.524931  0.513195  0.426915  0.433070  0.509116  0.720661  0.442564  0.697463  0.867739  0.507703  0.501607  0.486195  0.704852  0.447330  0.741065  0.746249  0.756450  0.476427  0.636927  0.662556  0.714104  0.813938  0.492127  0.653012  0.863394 
35  0.819214  0.803648  0.744797  0.830358  0.626567  0.779520  0.739610  0.850061  0.649338  0.554314  0.783525  0.911921  0.753895  0.364181  0.819809  0.610731  0.923167  0.890795  0.893126  0.785624  0.616721  0.431163  0.579694  0.481092  0.825801  0.471398  0.702419  0.903609  0.897225  0.661590  0.567842  0.389639  0.582938  0.421588  0.462030 0.0  0.561379  0.292271  0.495163  0.530824  0.417777  0.605462  0.851954  0.446421  0.841567  0.807523  0.462680  0.606377  0.470465  0.851956  0.597278  0.845216  0.906062  0.793607  0.681660  0.431255  0.775360  0.827108  0.883912  0.579559  0.753404  0.753630 
36  0.805353  0.890871  0.808657  0.831260  0.547418  0.875824  0.858921  0.899311  0.804860  0.665297  0.831302  0.903210  0.820993  0.511005  0.863408  0.610873  0.885384  0.743788  0.946510  0.739287  0.565231  0.378547  0.470751  0.402296  0.748324  0.329091  0.734472  0.783759  0.791065  0.567645  0.518656  0.385943  0.449058  0.406370  0.450576  0.561379 0.0  0.442972  0.230804  0.347778  0.318327  0.495470  0.762645  0.600713  0.858923  0.927384  0.587619  0.535110  0.455563  0.786062  0.541714  0.766808  0.868733  0.821946  0.505675  0.324926  0.813837  0.916951  0.772206  0.254545  0.809516  0.745821 
37  0.758580  0.917679  0.800882  0.863734  0.610343  0.982132  0.786670  0.827027  0.764423  0.526549  0.794213  0.943015  0.814031  0.582885  0.773024  0.717151  0.894672  0.631934  0.814370  0.847243  0.567233  0.572203  0.633215  0.516699  0.835988  0.524557  0.830114  0.834727  0.837972  0.703851  0.645637  0.405810  0.668447  0.545140  0.524931  0.292271  0.442972 0.0  0.496506  0.492746  0.400394  0.582496  0.805310  0.455826  0.785676  0.831285  0.431759  0.662727  0.540808  0.845857  0.621645  0.779306  0.809217  0.741121  0.621372  0.548753  0.848101  0.879315  0.933619  0.490201  0.897794  0.953568 
38  0.766633  0.826443  0.898509  0.785203  0.564072  0.790983  0.947274  0.922141  0.669908  0.655987  0.730231  0.795949  0.741017  0.541236  0.933167  0.784744  0.806671  0.871479  0.763660  0.954112  0.644062  0.400985  0.553266  0.390674  0.788217  0.371899  0.782434  0.840269  0.759040  0.523054  0.681932  0.634387  0.597995  0.314957  0.513195  0.495163  0.230804  0.496506 0.0  0.404508  0.388086  0.582622  0.873787  0.739016  0.685555  0.797178  0.621845  0.548269  0.252176  0.857030  0.515028  0.830515  0.812152  0.777850  0.684942  0.450598  0.799812  0.911711  0.731830  0.412633  0.842983  0.846341 
39  0.790029  0.848645  0.822788  0.761969  0.557933  0.788564  0.841377  0.909843  0.647636  0.590076  0.682008  0.902078  0.686396  0.516489  0.843311  0.676038  0.820134  0.635304  0.827600  0.918805  0.573829  0.451181  0.581837  0.366783  0.748816  0.424906  0.731218  0.823722  0.773499  0.507584  0.546732  0.542840  0.579695  0.427884  0.426915  0.530824  0.347778  0.492746  0.404508 0.0  0.404479  0.429433  0.842862  0.578600  0.848738  0.862495  0.678653  0.480084  0.438003  0.895867  0.516663  0.808637  0.778954  0.745208  0.491245  0.399432  0.730385  0.811064  0.752910  0.338678  0.840361  0.892651 
40  0.837723  0.820287  0.962046  0.838535  0.582294  0.792067  0.802868  0.814246  0.813012  0.615101  0.884876  0.825671  0.728411  0.534678  0.737981  0.671104  0.735288  0.788314  0.853415  0.962523  0.573789  0.448779  0.587634  0.428505  0.790915  0.400798  0.828863  0.895573  0.793824  0.483839  0.515560  0.483260  0.568234  0.340673  0.433070  0.417777  0.318327  0.400394  0.388086  0.404479 0.0  0.569655  0.877125  0.610300  0.825479  0.903254  0.600277  0.573079  0.409002  0.791519  0.611421  0.757581  0.809304  0.780327  0.487465  0.447683  0.808801  0.771989  0.831674  0.301765  0.947931  0.935837 
41  0.687762  0.747774  0.813211  0.895412  0.307495  0.812754  0.816456  0.791090  0.776008  0.603978  0.776143  0.918639  0.754045  0.632751  0.818349  0.715178  0.792773  0.769904  0.890600  0.791705  0.310492  0.522566  0.364647  0.607115  0.937208  0.482700  0.791844  0.631502  0.753174  0.449674  0.415053  0.693616  0.639896  0.573066  0.509116  0.605462  0.495470  0.582496  0.582622  0.429433  0.569655 0.0  0.850342  0.686780  0.845429  0.911627  0.426015  0.383685  0.672123  0.749396  0.434734  0.834036  0.733901  0.647679  0.360936  0.533032  0.797704  0.915248  0.789535  0.467448  0.732408  0.751904 
42  0.812947  0.449029  0.638685  0.471413  0.921303  0.629670  0.557089  0.518457  0.798724  0.874637  0.826153  0.778800  0.772496  0.813395  0.767976  0.709167  0.844916  0.707915  0.859022  0.899806  0.786944  0.881228  0.777599  0.921645  0.439216  0.776077  0.759569  0.786945  0.586054  0.776541  0.890671  0.881677  0.856060  0.807507  0.720661  0.851954  0.762645  0.805310  0.873787  0.842862  0.877125  0.850342 0.0  0.720567  0.821994  0.760094  0.955375  0.827263  0.721112  0.846250  0.870108  0.872522  0.728229  0.904543  0.897849  0.824532  0.739129  0.681510  0.803627  0.819259  0.868317  0.820060 
43  0.774048  0.783825  0.777732  0.775881  0.516802  0.804108  0.775381  0.846973  0.739260  0.389377  0.722208  0.862593  0.715837  0.565042  0.915422  0.653861  0.788589  0.677093  0.795917  0.851914  0.497646  0.576337  0.520898  0.566245  0.842407  0.560832  0.713632  0.756178  0.810264  0.639402  0.503784  0.531354  0.605775  0.636896  0.442564  0.446421  0.600713  0.455826  0.739016  0.578600  0.610300  0.686780  0.720567 0.0  0.852768  0.849348  0.444902  0.522187  0.637478  0.750514  0.589967  0.746409  0.818956  0.749642  0.523642  0.679431  0.783945  0.892917  0.688229  0.643590  0.857657  0.864486 
44  0.383956  0.762874  0.865131  0.840245  0.875877  0.719042  0.793557  0.755780  0.509953  0.616206  0.686953  0.816213  0.443468  0.849381  0.735112  0.754074  0.449311  0.653839  0.785267  0.721349  0.845827  0.775733  0.869609  0.760470  0.819824  0.854946  0.596553  0.757472  0.456820  0.670133  0.854021  0.851943  0.656138  0.687194  0.697463  0.841567  0.858923  0.785676  0.685555  0.848738  0.825479  0.845429  0.821994  0.852768 0.0  0.370430  0.812874  0.717479  0.708549  0.413228  0.740950  0.510968  0.769977  0.349252  0.797906  0.794437  0.728025  0.718938  0.881896  0.827803  0.842538  0.850449 
45  0.473390  0.843368  0.888110  0.929952  0.796502  0.863132  0.883711  0.852696  0.483374  0.742019  0.857870  0.853104  0.464102  0.727427  0.779175  0.635267  0.528854  0.723086  0.810864  0.895663  0.777857  0.879046  0.791971  0.754957  0.800385  0.752029  0.560146  0.801794  0.599827  0.637018  0.885164  0.791340  0.650046  0.872937  0.867739  0.807523  0.927384  0.831285  0.797178  0.862495  0.903254  0.911627  0.760094  0.849348  0.370430 0.0  0.813378  0.775987  0.733372  0.427489  0.763554  0.407268  0.842864  0.518978  0.806069  0.855190  0.875664  0.797925  0.742708  0.787733  0.966484  0.737956 
46  0.940380  0.805220  0.831029  0.810185  0.427665  0.938297  0.756372  0.701235  0.651096  0.513162  0.861034  0.847298  0.686759  0.516439  0.805951  0.567791  0.839024  0.817809  0.850193  0.784282  0.486142  0.629765  0.378687  0.675612  0.817898  0.646645  0.783482  0.760827  0.716504  0.539578  0.490186  0.517744  0.483587  0.620848  0.507703  0.462680  0.587619  0.431759  0.621845  0.678653  0.600277  0.426015  0.955375  0.444902  0.812874  0.813378 0.0  0.483896  0.605724  0.908246  0.557814  0.804638  0.901941  0.801078  0.469113  0.675018  0.827748  0.758383  0.740829  0.667496  0.776564  0.841651 
47  0.680077  0.857645  0.871671  0.935085  0.410650  0.890790  0.955980  0.899503  0.735374  0.750785  0.986231  0.873480  0.786720  0.634788  0.879911  0.656285  0.787708  0.741768  0.834294  0.690120  0.524170  0.524832  0.450052  0.470294  0.831560  0.549638  0.749702  0.800077  0.692728  0.466876  0.451185  0.723662  0.480327  0.555040  0.501607  0.606377  0.535110  0.662727  0.548269  0.480084  0.573079  0.383685  0.827263  0.522187  0.717479  0.775987  0.483896 0.0  0.620064  0.772211  0.397515  0.781700  0.914314  0.825017  0.326535  0.605826  0.867851  0.854620  0.750569  0.516141  0.792083  0.830650 
48  0.835333  0.857128  0.849759  0.885915  0.596943  0.771508  0.787789  0.897868  0.782182  0.640646  0.833174  0.838069  0.746189  0.566445  0.882154  0.600783  0.786501  0.783641  0.721728  0.863007  0.512429  0.450547  0.450964  0.385668  0.839504  0.419668  0.706171  0.823043  0.807363  0.473380  0.610455  0.490484  0.556398  0.309415  0.486195  0.470465  0.455563  0.540808  0.252176  0.438003  0.409002  0.672123  0.721112  0.637478  0.708549  0.733372  0.605724  0.620064 0.0  0.749834  0.507310  0.781661  0.867333  0.864035  0.588108  0.417870  0.813574  0.799054  0.761941  0.310962  0.822687  0.940007 
49  0.386798  0.763521  0.893192  0.772276  0.698862  0.816350  0.829396  0.870725  0.578666  0.563862  0.783523  0.825731  0.443491  0.799277  0.848376  0.666747  0.461572  0.731690  0.840547  0.837323  0.828505  0.765355  0.857948  0.841281  0.719349  0.753914  0.476644  0.784895  0.572005  0.587165  0.814271  0.844150  0.486871  0.830142  0.704852  0.851956  0.786062  0.845857  0.857030  0.895867  0.791519  0.749396  0.846250  0.750514  0.413228  0.427489  0.908246  0.772211  0.749834 0.0  0.820799  0.425036  0.766531  0.311715  0.867698  0.853355  0.719053  0.830274  0.800487  0.779631  0.886589  0.879368 
50  0.908980  0.877419  0.794482  0.816105  0.352702  0.892540  0.887334  0.836518  0.806449  0.687986  0.905494  0.842182  0.783765  0.614582  0.800264  0.736005  0.798154  0.766551  0.784750  0.865859  0.518259  0.556118  0.397026  0.530134  0.851614  0.485464  0.832480  0.773267  0.714022  0.473340  0.491988  0.652658  0.567061  0.555521  0.447330  0.597278  0.541714  0.621645  0.515028  0.516663  0.611421  0.434734  0.870108  0.589967  0.740950  0.763554  0.557814  0.397515  0.507310  0.820799 0.0  0.785927  0.851355  0.793610  0.468175  0.615693  0.876315  0.859185  0.822518  0.461640  0.836511  0.916014 
51  0.342649  0.838844  0.809044  0.826882  0.872865  0.790343  0.801014  0.863844  0.405975  0.690002  0.891556  0.813366  0.485726  0.749250  0.807662  0.636432  0.429749  0.701232  0.775454  0.810247  0.667582  0.785088  0.879419  0.741455  0.727412  0.720951  0.502047  0.800493  0.546860  0.557628  0.761183  0.792805  0.657277  0.668380  0.741065  0.845216  0.766808  0.779306  0.830515  0.808637  0.757581  0.834036  0.872522  0.746409  0.510968  0.407268  0.804638  0.781700  0.781661  0.425036  0.785927 0.0  0.861899  0.428761  0.790364  0.858151  0.797458  0.814107  0.875075  0.829890  0.840012  0.821456 
52  0.935544  0.642000  0.386699  0.571793  0.865501  0.581733  0.642840  0.610279  0.823181  0.838070  0.804080  0.802763  0.564430  0.832416  0.447188  0.724127  0.798000  0.544042  0.829919  0.889525  0.805263  0.837955  0.818536  0.825694  0.569740  0.745145  0.550176  0.739415  0.654371  0.782030  0.877382  0.813968  0.786252  0.944212  0.746249  0.906062  0.868733  0.809217  0.812152  0.778954  0.809304  0.733901  0.728229  0.818956  0.769977  0.842864  0.901941  0.914314  0.867333  0.766531  0.851355  0.861899 0.0  0.813665  0.828728  0.912352  0.435187  0.323194  0.807753  0.868464  0.908971  0.871317 
53  0.578403  0.849080  0.833341  0.698670  0.764475  0.772451  0.796230  0.734479  0.526494  0.592399  0.820787  0.882803  0.594636  0.914649  0.912298  0.688726  0.469571  0.674573  0.882950  0.703620  0.803276  0.721184  0.772056  0.904714  0.688974  0.893731  0.441832  0.778293  0.539715  0.564347  0.815563  0.741404  0.439952  0.835729  0.756450  0.793607  0.821946  0.741121  0.777850  0.745208  0.780327  0.647679  0.904543  0.749642  0.349252  0.518978  0.801078  0.825017  0.864035  0.311715  0.793610  0.428761  0.813665 0.0  0.771216  0.800458  0.833509  0.712115  0.860378  0.851448  0.822404  0.786992 
54  0.824636  0.837608  0.955888  0.831993  0.320456  0.714583  0.814434  0.882497  0.674909  0.577774  0.724322  0.824941  0.721270  0.612131  0.829409  0.640370  0.842455  0.821588  0.805865  0.933975  0.488868  0.522328  0.304262  0.498394  0.845933  0.566259  0.730881  0.737811  0.880784  0.624228  0.349314  0.602897  0.506064  0.592322  0.476427  0.681660  0.505675  0.621372  0.684942  0.491245  0.487465  0.360936  0.897849  0.523642  0.797906  0.806069  0.469113  0.326535  0.588108  0.867698  0.468175  0.790364  0.828728  0.771216 0.0  0.473428  0.848005  0.870188  0.946466  0.554827  0.842271  0.847040 
55  0.854377  0.856606  0.960754  0.844982  0.497603  0.807330  0.799738  0.802892  0.825721  0.645650  0.809129  0.939222  0.798004  0.562203  0.901706  0.736627  0.806407  0.663222  0.753433  0.885672  0.605054  0.371109  0.388962  0.371577  0.831412  0.435948  0.687395  0.697474  0.808704  0.554870  0.501760  0.528288  0.605728  0.331291  0.636927  0.431255  0.324926  0.548753  0.450598  0.399432  0.447683  0.533032  0.824532  0.679431  0.794437  0.855190  0.675018  0.605826  0.417870  0.853355  0.615693  0.858151  0.912352  0.800458  0.473428 0.0  0.868828  0.798241  0.788528  0.433283  0.870638  0.898716 
56  0.696600  0.717646  0.342840  0.527856  0.722254  0.597594  0.605069  0.688967  0.718170  0.776006  0.874566  0.826168  0.574309  0.738227  0.415490  0.664475  0.788613  0.670389  0.864472  0.701372  0.899200  0.741922  0.854864  0.900837  0.599022  0.861223  0.544056  0.796232  0.878496  0.860419  0.892000  0.771087  0.785139  0.820277  0.662556  0.775360  0.813837  0.848101  0.799812  0.730385  0.808801  0.797704  0.739129  0.783945  0.728025  0.875664  0.827748  0.867851  0.813574  0.719053  0.876315  0.797458  0.435187  0.833509  0.848005  0.868828 0.0  0.288879  0.765947  0.803283  0.848580  0.813630 
57  0.775803  0.634345  0.400285  0.637260  0.824373  0.602234  0.700862  0.622543  0.714391  0.780384  0.859697  0.927303  0.710014  0.869599  0.300991  0.661738  0.758292  0.534419  0.771075  0.851170  0.810288  0.906135  0.853006  0.765266  0.704887  0.769074  0.497460  0.805694  0.740461  0.771836  0.836520  0.878793  0.876709  0.878849  0.714104  0.827108  0.916951  0.879315  0.911711  0.811064  0.771989  0.915248  0.681510  0.892917  0.718938  0.797925  0.758383  0.854620  0.799054  0.830274  0.859185  0.814107  0.323194  0.712115  0.870188  0.798241  0.288879 0.0  0.783365  0.973183  0.843039  0.875159 
58  0.848474  0.700939  0.828323  0.919813  0.727951  0.879347  0.826449  0.866173  0.623047  0.878035  0.609886  0.517328  0.744159  0.817349  0.923957  0.663004  0.832277  0.708003  0.860749  0.782495  0.866598  0.769493  0.776865  0.871057  0.782348  0.743176  0.757389  0.671674  0.720938  0.768218  0.842982  0.902942  0.707102  0.807856  0.813938  0.883912  0.772206  0.933619  0.731830  0.752910  0.831674  0.789535  0.803627  0.688229  0.881896  0.742708  0.740829  0.750569  0.761941  0.800487  0.822518  0.875075  0.807753  0.860378  0.946466  0.788528  0.765947  0.783365 0.0  0.773328  0.786871  0.777997 
59  1.000000  0.851337  0.812902  0.879286  0.489855  0.884437  0.816209  0.779783  0.788975  0.624055  0.743299  0.937591  0.650238  0.549936  0.797120  0.689324  0.848896  0.603535  0.881283  0.816244  0.568732  0.424870  0.529507  0.261417  0.832917  0.342459  0.813555  0.749088  0.828226  0.407252  0.600881  0.555015  0.495231  0.407259  0.492127  0.579559  0.254545  0.490201  0.412633  0.338678  0.301765  0.467448  0.819259  0.643590  0.827803  0.787733  0.667496  0.516141  0.310962  0.779631  0.461640  0.829890  0.868464  0.851448  0.554827  0.433283  0.803283  0.973183  0.773328 0.0  0.860096  0.880481 
60  0.797430  0.791143  0.900213  0.785247  0.891307  0.796345  0.933779  0.834983  0.598066  0.769333  0.813009  0.872385  0.823657  0.765819  0.790191  0.646765  0.709692  0.512316  0.297966  0.279351  0.871640  0.895713  0.891000  0.952253  0.845890  0.836531  0.677940  0.724871  0.761393  0.830187  0.897099  0.896818  0.819372  0.852795  0.653012  0.753404  0.809516  0.897794  0.842983  0.840361  0.947931  0.732408  0.868317  0.857657  0.842538  0.966484  0.776564  0.792083  0.822687  0.886589  0.836511  0.840012  0.908971  0.822404  0.842271  0.870638  0.848580  0.843039  0.786871  0.860096 0.0  0.314331 
61  0.851164  0.786050  0.783446  0.727642  0.805530  0.783678  0.873109  0.876019  0.590478  0.787549  0.856932  0.784833  0.677220  0.889336  0.904938  0.730650  0.779523  0.453900  0.310945  0.358473  0.845648  0.832647  0.832076  0.881482  0.925634  0.889522  0.815298  0.693877  0.811319  0.786090  0.829326  0.890005  0.916195  0.785547  0.863394  0.753630  0.745821  0.953568  0.846341  0.892651  0.935837  0.751904  0.820060  0.864486  0.850449  0.737956  0.841651  0.830650  0.940007  0.879368  0.916014  0.821456  0.871317  0.786992  0.847040  0.898716  0.813630  0.875159  0.777997  0.880481  0.314331 0.0 
