62
0 0.0  0.849210  0.807850  0.852670  0.814358  0.828631  0.886593  0.805012  0.614935  0.702025  0.825353  0.805845  0.526563  0.726831  0.834009  0.617769  0.347342  0.622528  0.783774  0.801266  0.787645  0.825219  0.651318  0.796568  0.900893  0.822579  0.518432  0.757680  0.584594  0.641852  0.830988  0.761974  0.650343  0.850570  0.661494  0.794697  0.838812  0.772968  0.805264  0.748261  0.848245  0.761148  0.807206  0.833094  0.375650  0.369841  0.774015  0.685570  0.807828  0.461424  0.796304  0.473702  0.828225  0.456362  0.807534  0.832341  0.761414  0.708754  0.740984  0.861544  0.791566  0.805662 
1  0.849210 0.0  0.663421  0.265152  0.855743  0.218155  0.253271  0.140573  0.843972  0.829042  0.798620  0.724688  0.745327  0.779005  0.639966  0.555530  0.802123  0.744673  0.853165  0.859407  0.856998  0.803968  0.879529  0.840456  0.404818  0.808970  0.752292  0.892502  0.628191  0.883176  0.858316  0.847844  0.887419  0.914969  0.802870  0.782546  0.828930  0.715777  0.836161  0.803616  0.702725  0.803729  0.473941  0.772053  0.784143  0.896262  0.836045  0.694097  0.796514  0.741186  0.893539  0.916754  0.584007  0.816514  0.808681  0.765324  0.657768  0.567898  0.733712  0.731831  0.941995  0.841067 
2  0.807850  0.663421 0.0  0.756109  0.813132  0.614473  0.589138  0.570479  0.823633  0.771823  0.773714  0.804740  0.574405  0.844650  0.227458  0.589000  0.817673  0.612161  0.752255  0.844434  0.876991  0.678194  0.767526  0.851389  0.708454  0.879451  0.566938  0.806090  0.727109  0.904527  0.906926  0.814567  0.887262  0.881844  0.869726  0.784947  0.862232  0.825259  0.812383  0.720969  0.858636  0.704088  0.657987  0.831294  0.701013  0.805610  0.821635  0.788113  0.836545  0.800719  0.808228  0.775898  0.459815  0.892174  0.891978  0.731800  0.411717  0.439995  0.773837  0.835081  0.783368  0.850241 
3  0.852670  0.265152  0.756109 0.0  0.787545  0.407408  0.350119  0.276700  0.845696  0.875326  0.869181  0.749925  0.660138  0.873360  0.609934  0.575340  0.781855  0.736078  0.826965  0.907444  0.839935  0.762412  0.735148  0.917231  0.363516  0.767803  0.729438  0.760292  0.655756  0.862743  0.853419  0.899689  0.819686  0.888608  0.771880  0.822947  0.879314  0.829251  0.778372  0.837935  0.880389  0.880941  0.483838  0.761222  0.775044  0.842067  0.839104  0.899626  0.802461  0.830219  0.801480  0.763581  0.521924  0.815593  0.743252  0.841576  0.635893  0.610159  0.835503  0.764484  0.804981  0.885319 
4  0.814358  0.855743  0.813132  0.787545 0.0  0.782724  0.814712  0.786406  0.717631  0.661135  0.806881  0.771562  0.707851  0.700040  0.858651  0.613788  0.817852  0.739056  0.766860  0.807345  0.411753  0.517430  0.444230  0.515717  0.776320  0.557020  0.827793  0.815393  0.726149  0.338707  0.358310  0.541670  0.522345  0.575887  0.458777  0.532118  0.468743  0.560041  0.448383  0.598401  0.591749  0.262116  0.948538  0.507712  0.834140  0.823519  0.526819  0.421119  0.529875  0.913685  0.443392  0.747008  0.854810  0.861226  0.412961  0.641756  0.878485  0.747754  0.817555  0.429115  0.844808  0.787188 
5  0.828631  0.218155  0.614473  0.407408  0.782724 0.0  0.353198  0.271521  0.760810  0.783890  0.835095  0.789960  0.763660  0.917798  0.554617  0.513889  0.776072  0.722656  0.819284  0.819796  0.840204  0.790376  0.811096  0.766657  0.360056  0.800162  0.720389  0.728829  0.583643  0.802327  0.838389  0.832008  0.794667  0.664282  0.752487  0.864414  0.800812  0.753418  0.864638  0.823558  0.784884  0.799944  0.432935  0.816364  0.759048  0.783956  0.846425  0.776779  0.773553  0.821599  0.892245  0.738166  0.611812  0.803634  0.744362  0.851962  0.620492  0.512426  0.749747  0.811492  0.842425  0.836973 
6  0.886593  0.253271  0.589138  0.350119  0.814712  0.353198 0.0  0.325587  0.803493  0.718259  0.712754  0.839150  0.708850  0.871381  0.653049  0.663116  0.886392  0.754758  0.850557  0.776482  0.751874  0.791875  0.839778  0.823894  0.442644  0.859226  0.655008  0.812194  0.662315  0.839515  0.743004  0.850814  0.815590  0.861734  0.802410  0.844178  0.790108  0.704704  0.826278  0.810899  0.855011  0.693365  0.511189  0.900001  0.787516  0.769474  0.860338  0.820983  0.794459  0.764395  0.793491  0.856313  0.571961  0.810671  0.750839  0.802429  0.599073  0.600783  0.789940  0.812874  0.697671  0.826193 
7  0.805012  0.140573  0.570479  0.276700  0.786406  0.271521  0.325587 0.0  0.803125  0.869052  0.818530  0.862986  0.632724  0.886207  0.739872  0.717645  0.841379  0.704729  0.660357  0.816108  0.859083  0.847283  0.833730  0.710072  0.319290  0.846071  0.824427  0.827921  0.584206  0.871329  0.807719  0.797776  0.837317  0.803967  0.763557  0.753068  0.804463  0.856861  0.793657  0.716276  0.806178  0.810957  0.491061  0.761349  0.813270  0.763242  0.877820  0.838776  0.836771  0.851401  0.830259  0.883576  0.631435  0.782423  0.863930  0.717488  0.572769  0.727419  0.737402  0.882882  0.745625  0.797371 
8  0.614935  0.843972  0.823633  0.845696  0.717631  0.760810  0.803493  0.803125 0.0  0.760665  0.801751  0.740684  0.434820  0.808837  0.712391  0.656402  0.505997  0.783894  0.565543  0.442409  0.813745  0.722680  0.707417  0.638702  0.788536  0.685609  0.395214  0.767051  0.429909  0.752182  0.720611  0.845958  0.791751  0.795873  0.834290  0.673921  0.801819  0.650242  0.753697  0.847955  0.684844  0.766763  0.826063  0.787274  0.478424  0.400650  0.751793  0.728740  0.809064  0.375817  0.728031  0.563502  0.804342  0.509565  0.751741  0.755455  0.788797  0.827156  0.732123  0.720366  0.583899  0.500041 
9  0.702025  0.829042  0.771823  0.875326  0.661135  0.783890  0.718259  0.869052  0.760665 0.0  0.875112  0.836951  0.766721  0.546658  0.763682  0.636597  0.715694  0.745914  0.863412  0.878578  0.616689  0.496054  0.615685  0.613449  0.890348  0.612411  0.794190  0.731314  0.730363  0.507874  0.630831  0.354088  0.562087  0.532669  0.448587  0.533024  0.686312  0.478298  0.662221  0.695228  0.639596  0.636011  0.810055  0.404549  0.625400  0.701102  0.537541  0.604815  0.689960  0.618657  0.622111  0.583307  0.802738  0.726911  0.572170  0.723482  0.880804  0.797386  0.774964  0.632587  0.854788  0.867344 
10  0.825353  0.798620  0.773714  0.869181  0.806881  0.835095  0.712754  0.818530  0.801751  0.875112 0.0  0.308371  0.655756  0.810381  0.840568  0.661410  0.802258  0.814571  0.825734  0.751112  0.884448  0.687892  0.766346  0.787076  0.802813  0.798889  0.656056  0.429658  0.800488  0.819697  0.761718  0.812059  0.716031  0.887377  0.792879  0.773489  0.872324  0.745822  0.844453  0.838367  0.769774  0.770273  0.723595  0.901766  0.800509  0.770702  0.803402  0.748794  0.745315  0.813322  0.717333  0.744963  0.806233  0.786155  0.809600  0.847396  0.814283  0.710989  0.618111  0.895601  0.860301  0.871133 
11  0.805845  0.724688  0.804740  0.749925  0.771562  0.789960  0.839150  0.862986  0.740684  0.836951  0.308371 0.0  0.756664  0.724547  0.842771  0.667298  0.754317  0.827862  0.765983  0.825437  0.846644  0.811141  0.819926  0.759500  0.836355  0.849605  0.788009  0.410492  0.786702  0.820087  0.814232  0.758668  0.826820  0.769480  0.841621  0.847670  0.814651  0.865877  0.816474  0.816652  0.801012  0.862140  0.809543  0.864381  0.782941  0.865783  0.834524  0.907633  0.741045  0.772721  0.841425  0.751341  0.730933  0.778166  0.841594  0.886969  0.753368  0.878234  0.605063  0.836559  0.795222  0.863313 
12  0.526563  0.745327  0.574405  0.660138  0.707851  0.763660  0.708850  0.632724  0.434820  0.766721  0.655756  0.756664 0.0  0.770986  0.620853  0.589720  0.508411  0.435694  0.815056  0.756553  0.785327  0.819902  0.680225  0.736091  0.575153  0.760214  0.271456  0.851815  0.377749  0.786162  0.732074  0.698790  0.805729  0.747176  0.789093  0.739500  0.791233  0.750811  0.805217  0.706543  0.810255  0.728189  0.739578  0.710515  0.446545  0.544548  0.689567  0.774009  0.711600  0.443303  0.701094  0.515157  0.551536  0.525171  0.695694  0.661346  0.557372  0.464815  0.785497  0.670790  0.654469  0.699192 
13  0.726831  0.779005  0.844650  0.873360  0.700040  0.917798  0.871381  0.886207  0.808837  0.546658  0.810381  0.724547  0.770986 0.0  0.755905  0.694165  0.849123  0.735555  0.741805  0.787079  0.670731  0.538076  0.638441  0.431021  0.754054  0.477669  0.743261  0.804341  0.774723  0.667265  0.589811  0.256811  0.596879  0.461448  0.428844  0.349703  0.571855  0.413732  0.474359  0.503659  0.528413  0.652275  0.806940  0.486101  0.822157  0.786343  0.611817  0.571965  0.499651  0.736292  0.578228  0.783113  0.852605  0.700169  0.710909  0.625847  0.751965  0.760711  0.715277  0.520227  0.854426  0.799291 
14  0.834009  0.639966  0.227458  0.609934  0.858651  0.554617  0.653049  0.739872  0.712391  0.763682  0.840568  0.842771  0.620853  0.755905 0.0  0.595674  0.898656  0.557799  0.771662  0.736453  0.939571  0.821851  0.799295  0.906531  0.574159  0.874038  0.589116  0.843597  0.794312  0.904787  0.931766  0.800347  0.822270  0.827243  0.695278  0.801808  0.772913  0.813907  0.805187  0.820214  0.857462  0.881833  0.642298  0.887732  0.766288  0.766229  0.738556  0.773543  0.832174  0.824877  0.758852  0.707655  0.386927  0.688200  0.853262  0.882109  0.359925  0.391370  0.735736  0.772849  0.912324  0.767467 
15  0.617769  0.555530  0.589000  0.575340  0.613788  0.513889  0.663116  0.717645  0.656402  0.636597  0.661410  0.667298  0.589720  0.694165  0.595674 0.0  0.675511  0.690510  0.651606  0.622951  0.650119  0.625146  0.683254  0.607294  0.694972  0.606589  0.658832  0.607499  0.548834  0.616032  0.624445  0.637105  0.663065  0.590091  0.625901  0.653953  0.632483  0.630854  0.654464  0.570046  0.698834  0.697031  0.693743  0.630674  0.626475  0.589360  0.709371  0.702309  0.501854  0.713716  0.682188  0.701200  0.635131  0.699015  0.574975  0.618289  0.668323  0.584543  0.616776  0.681763  0.650271  0.601058 
16  0.347342  0.802123  0.817673  0.781855  0.817852  0.776072  0.886392  0.841379  0.505997  0.715694  0.802258  0.754317  0.508411  0.849123  0.898656  0.675511 0.0  0.733168  0.746634  0.846854  0.664054  0.738101  0.719144  0.805632  0.652667  0.863953  0.552579  0.743264  0.510228  0.721822  0.826992  0.838862  0.588831  0.745273  0.749052  0.688197  0.746958  0.711032  0.783005  0.899550  0.828681  0.841219  0.835897  0.805003  0.372389  0.384343  0.713485  0.792083  0.751738  0.326274  0.748415  0.358512  0.788984  0.326002  0.801756  0.791336  0.770432  0.711432  0.670534  0.826391  0.852658  0.900278 
17  0.622528  0.744673  0.612161  0.736078  0.739056  0.722656  0.754758  0.704729  0.783894  0.745914  0.814571  0.827862  0.435694  0.735555  0.557799  0.690510  0.733168 0.0  0.358000  0.588272  0.788009  0.834442  0.702580  0.688068  0.672288  0.685731  0.527389  0.728024  0.710469  0.776733  0.720699  0.655330  0.675996  0.799727  0.720245  0.687188  0.710248  0.782884  0.778580  0.711122  0.678520  0.728763  0.777002  0.795009  0.774522  0.772105  0.751353  0.708674  0.803476  0.626210  0.721678  0.743882  0.527725  0.743886  0.655841  0.782538  0.424738  0.610296  0.783844  0.714941  0.424072  0.453461 
18  0.783774  0.853165  0.752255  0.826965  0.766860  0.819284  0.850557  0.660357  0.565543  0.863412  0.825734  0.765983  0.815056  0.741805  0.771662  0.651606  0.746634  0.358000 0.0  0.306868  0.878569  0.899640  0.889031  0.918424  0.637906  0.867421  0.717873  0.803394  0.813100  0.768664  0.879273  0.819756  0.761193  0.765685  0.774818  0.854970  0.747416  0.782130  0.790524  0.811003  0.760180  0.814276  0.800776  0.893072  0.828028  0.789252  0.835660  0.811225  0.851835  0.790997  0.853790  0.742747  0.815562  0.775359  0.789244  0.884617  0.903267  0.778340  0.805217  0.793538  0.264592  0.321516 
19  0.801266  0.859407  0.844434  0.907444  0.807345  0.819796  0.776482  0.816108  0.442409  0.878578  0.751112  0.825437  0.756553  0.787079  0.736453  0.622951  0.846854  0.588272  0.306868 0.0  0.904800  0.772654  0.769955  0.832543  0.767105  0.825086  0.786331  0.839549  0.707076  0.732756  0.929943  0.752653  0.853627  0.803233  0.735786  0.815461  0.876758  0.772481  0.907455  0.781464  0.833401  0.843991  0.788959  0.822291  0.757172  0.738831  0.824506  0.910440  0.810811  0.782042  0.818969  0.764279  0.841358  0.794593  0.768885  0.893686  0.707535  0.848008  0.752881  0.842633  0.329647  0.279529 
20  0.787645  0.856998  0.876991  0.839935  0.411753  0.840204  0.751874  0.859083  0.813745  0.616689  0.884448  0.846644  0.785327  0.670731  0.939571  0.650119  0.664054  0.788009  0.878569  0.904800 0.0  0.449286  0.338320  0.578148  0.770866  0.506699  0.820135  0.773874  0.787010  0.395988  0.491374  0.672121  0.514207  0.584379  0.564124  0.613551  0.480988  0.636762  0.606162  0.573330  0.503463  0.433669  0.850110  0.599806  0.702313  0.787313  0.397025  0.479802  0.537950  0.753700  0.383219  0.875707  0.852291  0.786154  0.404841  0.679698  0.796716  0.810126  0.777267  0.525320  0.837809  0.724756 
21  0.825219  0.803968  0.678194  0.762412  0.517430  0.790376  0.791875  0.847283  0.722680  0.496054  0.687892  0.811141  0.819902  0.538076  0.821851  0.625146  0.738101  0.834442  0.899640  0.772654  0.449286 0.0  0.464317  0.297253  0.753170  0.413643  0.614915  0.753655  0.804498  0.465971  0.417569  0.467187  0.436640  0.447421  0.481777  0.524842  0.408785  0.432178  0.360063  0.408587  0.393223  0.521600  0.808156  0.660121  0.756619  0.823653  0.515745  0.496641  0.291326  0.715005  0.607550  0.686971  0.801780  0.812675  0.486770  0.351091  0.823317  0.763331  0.884746  0.397934  0.854089  0.895148 
22  0.651318  0.879529  0.767526  0.735148  0.444230  0.811096  0.839778  0.833730  0.707417  0.615685  0.766346  0.819926  0.680225  0.638441  0.799295  0.683254  0.719144  0.702580  0.889031  0.769955  0.338320  0.464317 0.0  0.450246  0.732374  0.533414  0.683134  0.779471  0.798083  0.474543  0.395219  0.662586  0.527703  0.474123  0.414698  0.579361  0.752320  0.582126  0.502276  0.532479  0.431192  0.404095  0.758329  0.438991  0.860835  0.765364  0.456112  0.323703  0.426519  0.809066  0.433481  0.742009  0.778198  0.851243  0.355756  0.485799  0.787434  0.755371  0.848820  0.493611  0.881939  0.776135 
23  0.796568  0.840456  0.851389  0.917231  0.515717  0.766657  0.823894  0.710072  0.638702  0.613449  0.787076  0.759500  0.736091  0.431021  0.906531  0.607294  0.805632  0.688068  0.918424  0.832543  0.578148  0.297253  0.450246 0.0  0.758386  0.294925  0.648108  0.996976  0.775213  0.394711  0.502450  0.480811  0.671180  0.434963  0.450857  0.457549  0.355768  0.407012  0.400194  0.381454  0.348146  0.554510  0.832615  0.685694  0.800817  0.753969  0.622393  0.613419  0.327942  0.770594  0.576996  0.836917  0.821770  0.747691  0.388407  0.382062  0.823530  0.822761  0.802043  0.363684  0.897984  0.764061 
24  0.900893  0.404818  0.708454  0.363516  0.776320  0.360056  0.442644  0.319290  0.788536  0.890348  0.802813  0.836355  0.575153  0.754054  0.574159  0.694972  0.652667  0.672288  0.637906  0.767105  0.770866  0.753170  0.732374  0.758386 0.0  0.820939  0.671179  0.762197  0.659285  0.866241  0.777556  0.737389  0.817129  0.846111  0.720166  0.829347  0.871231  0.863373  0.825786  0.806788  0.806316  0.806977  0.476588  0.778512  0.861096  0.825003  0.794852  0.782902  0.885223  0.863968  0.816595  0.865697  0.709305  0.739218  0.806850  0.749281  0.616786  0.864601  0.822507  0.832022  0.834673  0.782670 
25  0.822579  0.808970  0.879451  0.767803  0.557020  0.800162  0.859226  0.846071  0.685609  0.612411  0.798889  0.849605  0.760214  0.477669  0.874038  0.606589  0.863953  0.685731  0.867421  0.825086  0.506699  0.413643  0.533414  0.294925  0.820939 0.0  0.725112  0.725349  0.784536  0.531323  0.471297  0.414938  0.521516  0.388475  0.461042  0.466809  0.375834  0.517809  0.353705  0.332893  0.509678  0.411700  0.809713  0.642310  0.782316  0.804936  0.582362  0.611453  0.315714  0.953515  0.501933  0.865139  0.813699  0.844957  0.536967  0.472872  1.000000  0.803538  0.787015  0.309107  0.886456  0.890785 
26  0.518432  0.752292  0.566938  0.729438  0.827793  0.720389  0.655008  0.824427  0.395214  0.794190  0.656056  0.788009  0.271456  0.743261  0.589116  0.658832  0.552579  0.527389  0.717873  0.786331  0.820135  0.614915  0.683134  0.648108  0.671179  0.725112 0.0  0.733067  0.406034  0.741287  0.620900  0.714192  0.786809  0.716201  0.788492  0.695446  0.677823  0.799338  0.720014  0.762402  0.789920  0.656311  0.746468  0.796386  0.554103  0.423951  0.735516  0.840230  0.777753  0.515056  0.575779  0.551969  0.522823  0.402434  0.755871  0.656764  0.521504  0.518677  0.909158  0.665523  0.705565  0.737400 
27  0.757680  0.892502  0.806090  0.760292  0.815393  0.728829  0.812194  0.827921  0.767051  0.731314  0.429658  0.410492  0.851815  0.804341  0.843597  0.607499  0.743264  0.728024  0.803394  0.839549  0.773874  0.753655  0.779471  0.996976  0.762197  0.725349  0.733067 0.0  0.855495  0.946995  0.726924  0.906392  0.791239  0.807329  0.734128  0.704703  0.736874  0.740852  0.833705  0.800085  0.811179  0.789136  0.875947  0.683169  0.824081  0.739851  0.801430  0.681478  0.800178  0.782216  0.762533  0.798372  0.838564  0.748868  0.866930  0.757180  0.794219  0.793557  0.520751  0.780909  0.748231  0.760658 
28  0.584594  0.628191  0.727109  0.655756  0.726149  0.583643  0.662315  0.584206  0.429909  0.730363  0.800488  0.786702  0.377749  0.774723  0.794312  0.548834  0.510228  0.710469  0.813100  0.707076  0.787010  0.804498  0.798083  0.775213  0.659285  0.784536  0.406034  0.855495 0.0  0.894358  0.798598  0.856400  0.840989  0.775694  0.719816  0.841430  0.778069  0.815340  0.779353  0.781579  0.789517  0.733763  0.720755  0.775752  0.607180  0.538289  0.721465  0.781628  0.796000  0.521953  0.784984  0.601919  0.730997  0.522685  0.867975  0.791962  0.876868  0.892375  0.879481  0.778761  0.840259  0.636390 
29  0.641852  0.883176  0.904527  0.862743  0.338707  0.802327  0.839515  0.871329  0.752182  0.507874  0.819697  0.820087  0.786162  0.667265  0.904787  0.616032  0.721822  0.776733  0.768664  0.732756  0.395988  0.465971  0.474543  0.394711  0.866241  0.531323  0.741287  0.946995  0.894358 0.0  0.660272  0.602135  0.406606  0.529088  0.445705  0.614959  0.506211  0.578261  0.409838  0.471412  0.523292  0.425117  0.804558  0.668105  0.624859  0.739954  0.561629  0.383194  0.538065  0.559339  0.527535  0.540193  0.811207  0.500805  0.568991  0.422393  0.921281  0.772321  0.766086  0.453334  0.818029  0.913866 
30  0.830988  0.858316  0.906926  0.853419  0.358310  0.838389  0.743004  0.807719  0.720611  0.630831  0.761718  0.814232  0.732074  0.589811  0.931766  0.624445  0.826992  0.720699  0.879273  0.929943  0.491374  0.417569  0.395219  0.502450  0.777556  0.471297  0.620900  0.726924  0.798598  0.660272 0.0  0.600111  0.455220  0.592351  0.515400  0.545125  0.529909  0.581940  0.523533  0.471426  0.618286  0.372246  0.881983  0.479206  0.750848  0.787883  0.503114  0.345911  0.542250  0.799812  0.500902  0.835032  0.822367  0.815181  0.406091  0.526895  0.866084  0.864945  0.747657  0.515801  0.834226  0.761054 
31  0.761974  0.847844  0.814567  0.899689  0.541670  0.832008  0.850814  0.797776  0.845958  0.354088  0.812059  0.758668  0.698790  0.256811  0.800347  0.637105  0.838862  0.655330  0.819756  0.752653  0.672121  0.467187  0.662586  0.480811  0.737389  0.414938  0.714192  0.906392  0.856400  0.602135  0.600111 0.0  0.564842  0.462737  0.509233  0.417053  0.417499  0.382674  0.551199  0.538229  0.538534  0.680803  0.897052  0.435420  0.765852  0.865576  0.545661  0.753893  0.486559  0.826204  0.568881  0.773458  0.844284  0.792736  0.677431  0.591683  0.891679  0.970444  0.807762  0.508923  0.844855  0.843437 
32  0.650343  0.887419  0.887262  0.819686  0.522345  0.794667  0.815590  0.837317  0.791751  0.562087  0.716031  0.826820  0.805729  0.596879  0.822270  0.663065  0.588831  0.675996  0.761193  0.853627  0.514207  0.436640  0.527703  0.671180  0.817129  0.521516  0.786809  0.791239  0.840989  0.406606  0.455220  0.564842 0.0  0.572748  0.572094  0.588598  0.485968  0.594922  0.563635  0.561593  0.528885  0.546449  0.932568  0.708669  0.626047  0.572979  0.649514  0.495394  0.579828  0.755963  0.629341  0.688954  0.877997  0.584803  0.567162  0.619411  0.786013  0.904147  0.802617  0.538596  0.803958  0.872465 
33  0.850570  0.914969  0.881844  0.888608  0.575887  0.664282  0.861734  0.803967  0.795873  0.532669  0.887377  0.769480  0.747176  0.461448  0.827243  0.590091  0.745273  0.799727  0.765685  0.803233  0.584379  0.447421  0.474123  0.434963  0.846111  0.388475  0.716201  0.807329  0.775694  0.529088  0.592351  0.462737  0.572748 0.0  0.505991  0.440683  0.297127  0.504617  0.413463  0.279841  0.391809  0.589123  0.842328  0.663225  0.752316  0.854164  0.528520  0.552331  0.371753  0.772455  0.383615  0.812800  0.792125  0.885761  0.513556  0.401065  0.798016  0.757761  0.873206  0.287949  0.843610  0.890944 
34  0.661494  0.802870  0.869726  0.771880  0.458777  0.752487  0.802410  0.763557  0.834290  0.448587  0.792879  0.841621  0.789093  0.428844  0.695278  0.625901  0.749052  0.720245  0.774818  0.735786  0.564124  0.481777  0.414698  0.450857  0.720166  0.461042  0.788492  0.734128  0.719816  0.445705  0.515400  0.509233  0.572094  0.505991 0.0  0.493892  0.479075  0.542652  0.472383  0.470093  0.539389  0.485085  0.804740  0.580891  0.735794  0.681450  0.384210  0.570044  0.486984  0.750156  0.494806  0.760277  0.772164  0.747916  0.453015  0.482726  0.727560  0.752088  0.770852  0.577248  0.707531  0.775304 
35  0.794697  0.782546  0.784947  0.822947  0.532118  0.864414  0.844178  0.753068  0.673921  0.533024  0.773489  0.847670  0.739500  0.349703  0.801808  0.653953  0.688197  0.687188  0.854970  0.815461  0.613551  0.524842  0.579361  0.457549  0.829347  0.466809  0.695446  0.704703  0.841430  0.614959  0.545125  0.417053  0.588598  0.440683  0.493892 0.0  0.452092  0.355961  0.554845  0.562316  0.473753  0.572911  0.837380  0.576301  0.798158  0.726743  0.374966  0.569698  0.470727  0.868323  0.584729  0.731654  0.803948  0.840542  0.630363  0.478856  0.838353  0.839021  0.812660  0.418664  0.838740  0.789748 
36  0.838812  0.828930  0.862232  0.879314  0.468743  0.800812  0.790108  0.804463  0.801819  0.686312  0.872324  0.814651  0.791233  0.571855  0.772913  0.632483  0.746958  0.710248  0.747416  0.876758  0.480988  0.408785  0.752320  0.355768  0.871231  0.375834  0.677823  0.736874  0.778069  0.506211  0.529909  0.417499  0.485968  0.297127  0.479075  0.452092 0.0  0.447732  0.330179  0.341366  0.458906  0.493724  0.774598  0.610447  0.787159  0.787914  0.694774  0.503795  0.391317  0.897629  0.684833  0.779533  0.730192  0.750732  0.371736  0.397839  0.812920  0.861305  0.765370  0.382544  0.891045  0.767312 
37  0.772968  0.715777  0.825259  0.829251  0.560041  0.753418  0.704704  0.856861  0.650242  0.478298  0.745822  0.865877  0.750811  0.413732  0.813907  0.630854  0.711032  0.782884  0.782130  0.772481  0.636762  0.432178  0.582126  0.407012  0.863373  0.517809  0.799338  0.740852  0.815340  0.578261  0.581940  0.382674  0.594922  0.504617  0.542652  0.355961  0.447732 0.0  0.351359  0.405228  0.571347  0.566163  0.770576  0.525209  0.903933  0.748899  0.479620  0.716223  0.528569  0.816666  0.558535  0.736796  0.846449  0.850366  0.544161  0.537780  0.887849  0.788015  0.669796  0.377210  0.774342  0.877148 
38  0.805264  0.836161  0.812383  0.778372  0.448383  0.864638  0.826278  0.793657  0.753697  0.662221  0.844453  0.816474  0.805217  0.474359  0.805187  0.654464  0.783005  0.778580  0.790524  0.907455  0.606162  0.360063  0.502276  0.400194  0.825786  0.353705  0.720014  0.833705  0.779353  0.409838  0.523533  0.551199  0.563635  0.413463  0.472383  0.554845  0.330179  0.351359 0.0  0.329811  0.362014  0.585222  0.948734  0.647262  0.816436  0.841316  0.620593  0.587061  0.418333  0.726042  0.529991  0.834385  0.845586  0.864132  0.556579  0.450295  0.888208  0.811578  0.793084  0.421920  0.895714  0.801326 
39  0.748261  0.803616  0.720969  0.837935  0.598401  0.823558  0.810899  0.716276  0.847955  0.695228  0.838367  0.816652  0.706543  0.503659  0.820214  0.570046  0.899550  0.711122  0.811003  0.781464  0.573330  0.408587  0.532479  0.381454  0.806788  0.332893  0.762402  0.800085  0.781579  0.471412  0.471426  0.538229  0.561593  0.279841  0.470093  0.562316  0.341366  0.405228  0.329811 0.0  0.349553  0.643236  0.808074  0.681792  0.841252  0.835511  0.584317  0.437984  0.347709  0.794254  0.650638  0.807056  0.906982  0.815087  0.509995  0.335001  0.803301  0.835359  0.761937  0.239297  0.841483  0.833994 
40  0.848245  0.702725  0.858636  0.880389  0.591749  0.784884  0.855011  0.806178  0.684844  0.639596  0.769774  0.801012  0.810255  0.528413  0.857462  0.698834  0.828681  0.678520  0.760180  0.833401  0.503463  0.393223  0.431192  0.348146  0.806316  0.509678  0.789920  0.811179  0.789517  0.523292  0.618286  0.538534  0.528885  0.391809  0.539389  0.473753  0.458906  0.571347  0.362014  0.349553 0.0  0.706023  0.808007  0.586304  0.822284  0.866214  0.566275  0.492020  0.368096  0.743498  0.459342  0.833513  0.701698  0.908140  0.526262  0.429746  0.843048  0.789427  0.700036  0.372536  0.809847  0.806749 
41  0.761148  0.803729  0.704088  0.880941  0.262116  0.799944  0.693365  0.810957  0.766763  0.636011  0.770273  0.862140  0.728189  0.652275  0.881833  0.697031  0.841219  0.728763  0.814276  0.843991  0.433669  0.521600  0.404095  0.554510  0.806977  0.411700  0.656311  0.789136  0.733763  0.425117  0.372246  0.680803  0.546449  0.589123  0.485085  0.572911  0.493724  0.566163  0.585222  0.643236  0.706023 0.0  0.822880  0.490856  0.896545  0.808275  0.444240  0.526531  0.553591  0.791625  0.365493  0.818791  0.887261  0.744715  0.431240  0.438666  0.830188  0.856157  0.766864  0.573547  0.818423  0.812917 
42  0.807206  0.473941  0.657987  0.483838  0.948538  0.432935  0.511189  0.491061  0.826063  0.810055  0.723595  0.809543  0.739578  0.806940  0.642298  0.693743  0.835897  0.777002  0.800776  0.788959  0.850110  0.808156  0.758329  0.832615  0.476588  0.809713  0.746468  0.875947  0.720755  0.804558  0.881983  0.897052  0.932568  0.842328  0.804740  0.837380  0.774598  0.770576  0.948734  0.808074  0.808007  0.822880 0.0  0.783078  0.885986  0.820371  0.773635  0.791800  0.845382  0.828509  0.721383  0.781562  0.770531  0.749835  0.870261  0.902252  0.605006  0.706386  0.776568  0.814190  0.848221  0.898275 
43  0.833094  0.772053  0.831294  0.761222  0.507712  0.816364  0.900001  0.761349  0.787274  0.404549  0.901766  0.864381  0.710515  0.486101  0.887732  0.630674  0.805003  0.795009  0.893072  0.822291  0.599806  0.660121  0.438991  0.685694  0.778512  0.642310  0.796386  0.683169  0.775752  0.668105  0.479206  0.435420  0.708669  0.663225  0.580891  0.576301  0.610447  0.525209  0.647262  0.681792  0.586304  0.490856  0.783078 0.0  0.763755  0.709393  0.354210  0.387512  0.638524  0.900118  0.425178  0.802855  0.819213  0.665485  0.548078  0.641521  0.799059  0.937219  0.718621  0.677280  0.827031  0.861258 
44  0.375650  0.784143  0.701013  0.775044  0.834140  0.759048  0.787516  0.813270  0.478424  0.625400  0.800509  0.782941  0.446545  0.822157  0.766288  0.626475  0.372389  0.774522  0.828028  0.757172  0.702313  0.756619  0.860835  0.800817  0.861096  0.782316  0.554103  0.824081  0.607180  0.624859  0.750848  0.765852  0.626047  0.752316  0.735794  0.798158  0.787159  0.903933  0.816436  0.841252  0.822284  0.896545  0.885986  0.763755 0.0  0.279038  0.727207  0.789457  0.780707  0.453374  0.688706  0.395949  0.813835  0.393215  0.684905  0.714417  0.761249  0.913735  0.754787  0.811299  0.818286  0.819923 
45  0.369841  0.896262  0.805610  0.842067  0.823519  0.783956  0.769474  0.763242  0.400650  0.701102  0.770702  0.865783  0.544548  0.786343  0.766229  0.589360  0.384343  0.772105  0.789252  0.738831  0.787313  0.823653  0.765364  0.753969  0.825003  0.804936  0.423951  0.739851  0.538289  0.739954  0.787883  0.865576  0.572979  0.854164  0.681450  0.726743  0.787914  0.748899  0.841316  0.835511  0.866214  0.808275  0.820371  0.709393  0.279038 0.0  0.797412  0.760757  0.829131  0.397124  0.728270  0.567754  0.742143  0.380277  0.718430  0.777192  0.670046  0.753950  0.663210  0.779616  0.796988  0.731015 
46  0.774015  0.836045  0.821635  0.839104  0.526819  0.846425  0.860338  0.877820  0.751793  0.537541  0.803402  0.834524  0.689567  0.611817  0.738556  0.709371  0.713485  0.751353  0.835660  0.824506  0.397025  0.515745  0.456112  0.622393  0.794852  0.582362  0.735516  0.801430  0.721465  0.561629  0.503114  0.545661  0.649514  0.528520  0.384210  0.374966  0.694774  0.479620  0.620593  0.584317  0.566275  0.444240  0.773635  0.354210  0.727207  0.797412 0.0  0.467006  0.541456  0.749070  0.449521  0.880237  0.818011  0.802908  0.507119  0.646239  0.843762  0.827750  0.801879  0.577922  0.919833  0.809503 
47  0.685570  0.694097  0.788113  0.899626  0.421119  0.776779  0.820983  0.838776  0.728740  0.604815  0.748794  0.907633  0.774009  0.571965  0.773543  0.702309  0.792083  0.708674  0.811225  0.910440  0.479802  0.496641  0.323703  0.613419  0.782902  0.611453  0.840230  0.681478  0.781628  0.383194  0.345911  0.753893  0.495394  0.552331  0.570044  0.569698  0.503795  0.716223  0.587061  0.437984  0.492020  0.526531  0.791800  0.387512  0.789457  0.760757  0.467006 0.0  0.571604  0.783044  0.431849  0.863855  0.847287  0.733644  0.274559  0.513783  0.751839  0.910512  0.786014  0.521998  0.831951  0.792290 
48  0.807828  0.796514  0.836545  0.802461  0.529875  0.773553  0.794459  0.836771  0.809064  0.689960  0.745315  0.741045  0.711600  0.499651  0.832174  0.501854  0.751738  0.803476  0.851835  0.810811  0.537950  0.291326  0.426519  0.327942  0.885223  0.315714  0.777753  0.800178  0.796000  0.538065  0.542250  0.486559  0.579828  0.371753  0.486984  0.470727  0.391317  0.528569  0.418333  0.347709  0.368096  0.553591  0.845382  0.638524  0.780707  0.829131  0.541456  0.571604 0.0  0.748201  0.433652  0.822129  0.754344  0.734059  0.495028  0.464267  0.886007  0.840979  0.696623  0.382711  0.897264  0.851736 
49  0.461424  0.741186  0.800719  0.830219  0.913685  0.821599  0.764395  0.851401  0.375817  0.618657  0.813322  0.772721  0.443303  0.736292  0.824877  0.713716  0.326274  0.626210  0.790997  0.782042  0.753700  0.715005  0.809066  0.770594  0.863968  0.953515  0.515056  0.782216  0.521953  0.559339  0.799812  0.826204  0.755963  0.772455  0.750156  0.868323  0.897629  0.816666  0.726042  0.794254  0.743498  0.791625  0.828509  0.900118  0.453374  0.397124  0.749070  0.783044  0.748201 0.0  0.610272  0.371518  0.753611  0.504054  0.738527  0.777143  0.778090  0.775311  0.896225  0.731663  0.812547  0.756011 
50  0.796304  0.893539  0.808228  0.801480  0.443392  0.892245  0.793491  0.830259  0.728031  0.622111  0.717333  0.841425  0.701094  0.578228  0.758852  0.682188  0.748415  0.721678  0.853790  0.818969  0.383219  0.607550  0.433481  0.576996  0.816595  0.501933  0.575779  0.762533  0.784984  0.527535  0.500902  0.568881  0.629341  0.383615  0.494806  0.584729  0.684833  0.558535  0.529991  0.650638  0.459342  0.365493  0.721383  0.425178  0.688706  0.728270  0.449521  0.431849  0.433652  0.610272 0.0  0.803467  0.859602  0.826246  0.341023  0.500112  0.840387  0.842596  0.831193  0.527345  0.747950  0.844270 
51  0.473702  0.916754  0.775898  0.763581  0.747008  0.738166  0.856313  0.883576  0.563502  0.583307  0.744963  0.751341  0.515157  0.783113  0.707655  0.701200  0.358512  0.743882  0.742747  0.764279  0.875707  0.686971  0.742009  0.836917  0.865697  0.865139  0.551969  0.798372  0.601919  0.540193  0.835032  0.773458  0.688954  0.812800  0.760277  0.731654  0.779533  0.736796  0.834385  0.807056  0.833513  0.818791  0.781562  0.802855  0.395949  0.567754  0.880237  0.863855  0.822129  0.371518  0.803467 0.0  0.840884  0.463880  0.775691  0.857840  0.786728  0.767246  0.853181  0.842302  0.811014  0.783948 
52  0.828225  0.584007  0.459815  0.521924  0.854810  0.611812  0.571961  0.631435  0.804342  0.802738  0.806233  0.730933  0.551536  0.852605  0.386927  0.635131  0.788984  0.527725  0.815562  0.841358  0.852291  0.801780  0.778198  0.821770  0.709305  0.813699  0.522823  0.838564  0.730997  0.811207  0.822367  0.844284  0.877997  0.792125  0.772164  0.803948  0.730192  0.846449  0.845586  0.906982  0.701698  0.887261  0.770531  0.819213  0.813835  0.742143  0.818011  0.847287  0.754344  0.753611  0.859602  0.840884 0.0  0.887568  0.869244  0.844062  0.326119  0.421742  0.876256  0.918890  0.875306  0.856129 
53  0.456362  0.816514  0.892174  0.815593  0.861226  0.803634  0.810671  0.782423  0.509565  0.726911  0.786155  0.778166  0.525171  0.700169  0.688200  0.699015  0.326002  0.743886  0.775359  0.794593  0.786154  0.812675  0.851243  0.747691  0.739218  0.844957  0.402434  0.748868  0.522685  0.500805  0.815181  0.792736  0.584803  0.885761  0.747916  0.840542  0.750732  0.850366  0.864132  0.815087  0.908140  0.744715  0.749835  0.665485  0.393215  0.380277  0.802908  0.733644  0.734059  0.504054  0.826246  0.463880  0.887568 0.0  0.815082  0.831500  0.737105  0.857114  0.711256  0.807773  0.801125  0.655944 
54  0.807534  0.808681  0.891978  0.743252  0.412961  0.744362  0.750839  0.863930  0.751741  0.572170  0.809600  0.841594  0.695694  0.710909  0.853262  0.574975  0.801756  0.655841  0.789244  0.768885  0.404841  0.486770  0.355756  0.388407  0.806850  0.536967  0.755871  0.866930  0.867975  0.568991  0.406091  0.677431  0.567162  0.513556  0.453015  0.630363  0.371736  0.544161  0.556579  0.509995  0.526262  0.431240  0.870261  0.548078  0.684905  0.718430  0.507119  0.274559  0.495028  0.738527  0.341023  0.775691  0.869244  0.815082 0.0  0.545356  0.801887  0.796305  0.758837  0.517831  0.837017  0.883017 
55  0.832341  0.765324  0.731800  0.841576  0.641756  0.851962  0.802429  0.717488  0.755455  0.723482  0.847396  0.886969  0.661346  0.625847  0.882109  0.618289  0.791336  0.782538  0.884617  0.893686  0.679698  0.351091  0.485799  0.382062  0.749281  0.472872  0.656764  0.757180  0.791962  0.422393  0.526895  0.591683  0.619411  0.401065  0.482726  0.478856  0.397839  0.537780  0.450295  0.335001  0.429746  0.438666  0.902252  0.641521  0.714417  0.777192  0.646239  0.513783  0.464267  0.777143  0.500112  0.857840  0.844062  0.831500  0.545356 0.0  0.848346  0.859042  0.666657  0.256518  0.896888  0.890180 
56  0.761414  0.657768  0.411717  0.635893  0.878485  0.620492  0.599073  0.572769  0.788797  0.880804  0.814283  0.753368  0.557372  0.751965  0.359925  0.668323  0.770432  0.424738  0.903267  0.707535  0.796716  0.823317  0.787434  0.823530  0.616786  1.000000  0.521504  0.794219  0.876868  0.921281  0.866084  0.891679  0.786013  0.798016  0.727560  0.838353  0.812920  0.887849  0.888208  0.803301  0.843048  0.830188  0.605006  0.799059  0.761249  0.670046  0.843762  0.751839  0.886007  0.778090  0.840387  0.786728  0.326119  0.737105  0.801887  0.848346 0.0  0.333025  0.736957  0.869956  0.832342  0.803921 
57  0.708754  0.567898  0.439995  0.610159  0.747754  0.512426  0.600783  0.727419  0.827156  0.797386  0.710989  0.878234  0.464815  0.760711  0.391370  0.584543  0.711432  0.610296  0.778340  0.848008  0.810126  0.763331  0.755371  0.822761  0.864601  0.803538  0.518677  0.793557  0.892375  0.772321  0.864945  0.970444  0.904147  0.757761  0.752088  0.839021  0.861305  0.788015  0.811578  0.835359  0.789427  0.856157  0.706386  0.937219  0.913735  0.753950  0.827750  0.910512  0.840979  0.775311  0.842596  0.767246  0.421742  0.857114  0.796305  0.859042  0.333025 0.0  0.848149  0.823076  0.829401  0.874770 
58  0.740984  0.733712  0.773837  0.835503  0.817555  0.749747  0.789940  0.737402  0.732123  0.774964  0.618111  0.605063  0.785497  0.715277  0.735736  0.616776  0.670534  0.783844  0.805217  0.752881  0.777267  0.884746  0.848820  0.802043  0.822507  0.787015  0.909158  0.520751  0.879481  0.766086  0.747657  0.807762  0.802617  0.873206  0.770852  0.812660  0.765370  0.669796  0.793084  0.761937  0.700036  0.766864  0.776568  0.718621  0.754787  0.663210  0.801879  0.786014  0.696623  0.896225  0.831193  0.853181  0.876256  0.711256  0.758837  0.666657  0.736957  0.848149 0.0  0.881522  0.748038  0.795541 
59  0.861544  0.731831  0.835081  0.764484  0.429115  0.811492  0.812874  0.882882  0.720366  0.632587  0.895601  0.836559  0.670790  0.520227  0.772849  0.681763  0.826391  0.714941  0.793538  0.842633  0.525320  0.397934  0.493611  0.363684  0.832022  0.309107  0.665523  0.780909  0.778761  0.453334  0.515801  0.508923  0.538596  0.287949  0.577248  0.418664  0.382544  0.377210  0.421920  0.239297  0.372536  0.573547  0.814190  0.677280  0.811299  0.779616  0.577922  0.521998  0.382711  0.731663  0.527345  0.842302  0.918890  0.807773  0.517831  0.256518  0.869956  0.823076  0.881522 0.0  0.703565  0.762692 
60  0.791566  0.941995  0.783368  0.804981  0.844808  0.842425  0.697671  0.745625  0.583899  0.854788  0.860301  0.795222  0.654469  0.854426  0.912324  0.650271  0.852658  0.424072  0.264592  0.329647  0.837809  0.854089  0.881939  0.897984  0.834673  0.886456  0.705565  0.748231  0.840259  0.818029  0.834226  0.844855  0.803958  0.843610  0.707531  0.838740  0.891045  0.774342  0.895714  0.841483  0.809847  0.818423  0.848221  0.827031  0.818286  0.796988  0.919833  0.831951  0.897264  0.812547  0.747950  0.811014  0.875306  0.801125  0.837017  0.896888  0.832342  0.829401  0.748038  0.703565 0.0  0.294776 
61  0.805662  0.841067  0.850241  0.885319  0.787188  0.836973  0.826193  0.797371  0.500041  0.867344  0.871133  0.863313  0.699192  0.799291  0.767467  0.601058  0.900278  0.453461  0.321516  0.279529  0.724756  0.895148  0.776135  0.764061  0.782670  0.890785  0.737400  0.760658  0.636390  0.913866  0.761054  0.843437  0.872465  0.890944  0.775304  0.789748  0.767312  0.877148  0.801326  0.833994  0.806749  0.812917  0.898275  0.861258  0.819923  0.731015  0.809503  0.792290  0.851736  0.756011  0.844270  0.783948  0.856129  0.655944  0.883017  0.890180  0.803921  0.874770  0.795541  0.762692  0.294776 0.0 
