62
0 0.0  0.820503  0.777665  0.771511  0.777823  0.843905  0.858248  0.766698  0.530795  0.545166  0.772697  0.778604  0.477540  0.750633  0.743252  0.634051  0.353575  0.763506  0.761638  0.779193  0.768948  0.730857  0.775779  0.804661  0.798576  0.703385  0.453665  0.838641  0.558104  0.592289  0.766816  0.818326  0.669761  0.777193  0.644897  0.895726  0.865351  0.764457  0.691333  0.767811  0.789188  0.832246  0.712191  0.809510  0.452944  0.351503  0.816290  0.823267  0.741862  0.372769  0.790366  0.462261  0.739138  0.371313  0.710456  0.788334  0.863977  0.769366  0.774301  0.743197  0.760309  0.804549 
1  0.820503 0.0  0.708430  0.309814  0.734037  0.402376  0.376104  0.291802  0.698026  0.825199  0.798264  0.809905  0.595466  0.878062  0.606050  0.693252  0.808138  0.744656  0.754490  0.790444  0.862771  0.826726  0.859221  0.968783  0.400482  0.843909  0.704254  0.805490  0.628534  0.820118  0.753634  0.692969  0.826083  0.912449  0.694575  0.901957  0.829421  0.859151  0.768033  0.842638  0.850541  0.818908  0.476496  0.883745  0.796435  0.786389  0.832634  0.836254  0.759513  0.729671  0.782386  0.832000  0.580300  0.814188  0.812847  0.822566  0.697354  0.672199  0.793255  0.868099  0.769667  0.879538 
2  0.777665  0.708430 0.0  0.616953  0.720659  0.456907  0.619369  0.670045  0.687734  0.931329  0.865339  0.867975  0.641753  0.704826  0.384866  0.579992  0.791495  0.500488  0.858891  0.821668  0.849112  0.892975  0.695099  0.888629  0.630742  0.831281  0.481210  0.836002  0.752957  0.762792  0.830619  0.813928  0.876517  0.886956  0.705460  0.825422  0.824873  0.900657  0.787720  0.767698  0.693273  0.877843  0.690965  0.852151  0.796193  0.783343  0.663648  0.761196  0.778309  0.865499  0.836497  0.836171  0.416632  0.801131  0.836018  0.781666  0.365444  0.393980  0.723579  0.847650  0.852589  0.831184 
3  0.771511  0.309814  0.616953 0.0  0.838544  0.295471  0.226686  0.281788  0.799530  0.807271  0.685480  0.830075  0.810962  0.875510  0.628338  0.640988  0.790080  0.654925  0.783365  0.744230  0.756351  0.851615  0.687819  0.853320  0.463129  0.832871  0.775288  0.851565  0.660418  0.826060  0.816899  0.763792  0.858921  0.832209  0.802282  0.788677  0.810042  0.800377  0.677135  0.751677  0.785288  0.789478  0.501695  0.843080  0.858404  0.784198  0.777922  0.829647  0.789353  0.872144  0.826600  0.699262  0.655108  0.860078  0.779544  0.734892  0.613035  0.643412  0.761119  0.856081  0.733156  0.832328 
4  0.777823  0.734037  0.720659  0.838544 0.0  0.817034  0.863423  0.788606  0.735631  0.735061  0.763955  0.772264  0.761729  0.542389  0.875141  0.647193  0.763726  0.681632  0.807487  0.763591  0.379294  0.510353  0.395773  0.512275  0.853314  0.532898  0.676658  0.815286  0.746815  0.485505  0.516617  0.681661  0.499231  0.489104  0.491470  0.575173  0.496715  0.467469  0.573860  0.537799  0.535163  0.287238  0.830737  0.544112  0.770375  0.770194  0.431690  0.446460  0.598176  0.792268  0.377915  0.752842  0.870705  0.824933  0.456395  0.554509  0.756332  0.764747  0.790533  0.510540  0.872887  0.938948 
5  0.843905  0.402376  0.456907  0.295471  0.817034 0.0  0.356433  0.317617  0.779971  0.810672  0.817199  0.742858  0.810508  0.857604  0.494993  0.607197  0.784814  0.693377  0.835496  0.770585  0.813290  0.818890  0.889138  0.806775  0.403803  0.875947  0.677083  0.799156  0.642163  0.915977  0.816500  0.869787  0.826583  0.685621  0.806225  0.781739  0.840686  0.751376  0.826333  0.713919  0.856154  0.794972  0.429797  0.729446  0.767772  0.707511  0.843710  0.729664  0.898323  0.704721  0.797288  0.806066  0.653771  0.724322  0.877114  0.775191  0.660257  0.541290  0.826548  0.789943  0.760467  0.909064 
6  0.858248  0.376104  0.619369  0.226686  0.863423  0.356433 0.0  0.314869  0.803780  0.769491  0.769328  0.814906  0.710243  0.756369  0.616366  0.581677  0.736323  0.706290  0.892934  0.681835  0.824120  0.763126  1.000000  0.917438  0.301355  0.749385  0.787833  0.782386  0.631971  0.830392  0.766333  0.785241  0.797170  0.787222  0.812860  0.745841  0.797145  0.765595  0.764360  0.879979  0.876071  0.818978  0.473052  0.870113  0.791087  0.739358  0.706588  0.771713  0.775158  0.790432  0.805666  0.817936  0.700044  0.682159  0.782623  0.792892  0.706139  0.646772  0.774425  0.761198  0.879871  0.776130 
7  0.766698  0.291802  0.670045  0.281788  0.788606  0.317617  0.314869 0.0  0.697376  0.756007  0.799313  0.942636  0.657718  0.799242  0.667821  0.562175  0.755727  0.770095  0.829884  0.795322  0.822376  0.850657  0.869152  0.820449  0.379850  0.813362  0.782808  0.690739  0.621215  0.775774  0.856072  0.772532  0.817008  0.829612  0.769835  0.817949  0.820203  0.877427  0.826032  0.912240  0.769170  0.762084  0.511298  0.858885  0.799511  0.816909  0.861487  0.820396  0.793599  0.780566  0.828995  0.821194  0.541065  0.847838  0.815594  0.878658  0.566424  0.631938  0.824083  0.854833  0.744954  0.718507 
8  0.530795  0.698026  0.687734  0.799530  0.735631  0.779971  0.803780  0.697376 0.0  0.710451  0.791921  0.767105  0.660279  0.640407  0.711849  0.598759  0.486373  0.789093  0.629419  0.558953  0.729812  0.764665  0.760107  0.725723  0.827699  0.754306  0.444653  0.738400  0.425507  0.774094  0.700427  0.827140  0.744574  0.744184  0.790505  0.762945  0.832575  0.748548  0.743049  0.689973  0.697450  0.718869  0.732706  0.746259  0.392756  0.423767  0.838144  0.715991  0.795153  0.499425  0.752730  0.438546  0.684524  0.528337  0.685399  0.758656  0.754523  0.864071  0.650000  0.745560  0.580802  0.642884 
9  0.545166  0.825199  0.931329  0.807271  0.735061  0.810672  0.769491  0.756007  0.710451 0.0  0.904959  0.855695  0.864015  0.514127  0.856361  0.670725  0.670029  0.679844  0.823132  0.880310  0.614907  0.679814  0.611425  0.677506  0.731644  0.569686  0.720399  0.786801  0.754928  0.464943  0.647789  0.476398  0.391152  0.768828  0.409046  0.577751  0.671690  0.473074  0.629728  0.582851  0.604156  0.570776  0.743679  0.479230  0.689581  0.616566  0.513882  0.631333  0.599520  0.750775  0.679986  0.637061  0.746402  0.628659  0.663981  0.620332  0.795144  0.868870  0.786727  0.632195  0.783817  0.767734 
10  0.772697  0.798264  0.865339  0.685480  0.763955  0.817199  0.769328  0.799313  0.791921  0.904959 0.0  0.384772  0.746900  0.898760  0.797322  0.618666  0.891783  0.728087  0.827725  0.883040  0.811246  0.825249  0.789573  0.792455  0.879625  0.865693  0.767761  0.396973  0.800652  0.808419  0.754187  0.803962  0.769930  0.773973  0.782356  0.748774  0.818753  0.737710  0.733773  0.767341  0.716827  0.727175  0.827041  0.836626  0.840773  0.771942  0.793129  0.756371  0.850413  0.776986  0.820449  0.811919  0.819416  0.798765  0.836929  0.836392  0.779582  0.750180  0.521306  0.944257  0.738557  0.859866 
11  0.778604  0.809905  0.867975  0.830075  0.772264  0.742858  0.814906  0.942636  0.767105  0.855695  0.384772 0.0  0.747747  0.830761  0.736145  0.560294  0.774280  0.831420  0.825764  0.965378  0.742517  0.871317  0.784464  0.787931  0.738622  0.834263  0.718828  0.380606  0.805624  0.878981  0.748348  0.809623  0.822702  0.829883  0.838726  0.866723  0.815150  0.882022  0.846993  0.769037  0.872024  0.753989  0.754281  0.811980  0.825897  0.797593  0.813465  0.813678  0.761091  0.744017  0.884494  0.739426  0.816371  0.806363  0.962436  0.839814  0.866994  0.827175  0.646188  0.908540  0.891144  0.855115 
12  0.477540  0.595466  0.641753  0.810962  0.761729  0.810508  0.710243  0.657718  0.660279  0.864015  0.746900  0.747747 0.0  0.684367  0.614382  0.550441  0.459011  0.534578  0.651970  0.662724  0.803612  0.771534  0.677021  0.673191  0.685997  0.701042  0.410735  0.699851  0.511037  0.720056  0.715974  0.793882  0.665268  0.828999  0.712358  0.786100  0.732324  0.760776  0.745876  0.783894  0.714269  0.700956  0.830425  0.672222  0.409121  0.500059  0.726446  0.777597  0.709488  0.499444  0.702466  0.454128  0.470938  0.475495  0.678152  0.709892  0.639739  0.647140  0.730832  0.737478  0.813670  0.649403 
13  0.750633  0.878062  0.704826  0.875510  0.542389  0.857604  0.756369  0.799242  0.640407  0.514127  0.898760  0.830761  0.684367 0.0  0.805178  0.738513  0.773902  0.769484  0.771304  0.862183  0.684192  0.402009  0.586934  0.521750  0.776666  0.428191  0.781029  0.689680  0.760986  0.673154  0.621155  0.315492  0.707824  0.493379  0.457605  0.428425  0.541133  0.399873  0.544584  0.494904  0.396708  0.730911  0.870717  0.472262  0.787835  0.836602  0.549003  0.622531  0.478716  0.816423  0.631912  0.793394  0.941713  0.789005  0.661863  0.506034  0.692842  0.897121  0.833637  0.415196  0.911418  0.918162 
14  0.743252  0.606050  0.384866  0.628338  0.875141  0.494993  0.616366  0.667821  0.711849  0.856361  0.797322  0.736145  0.614382  0.805178 0.0  0.607323  0.779151  0.553285  0.749506  0.800929  0.801977  0.763965  0.786221  0.800619  0.671434  0.782918  0.618512  0.772809  0.788092  0.746898  0.868944  0.884576  0.653674  0.816101  0.704266  0.783676  0.774877  0.841606  0.743312  0.774651  0.804003  0.858035  0.610632  0.950332  0.801084  0.823128  0.779847  0.935339  0.978166  0.834872  0.815213  0.787449  0.344514  0.858142  0.857474  0.997844  0.349858  0.433402  0.822072  0.756627  0.833155  0.745140 
15  0.634051  0.693252  0.579992  0.640988  0.647193  0.607197  0.581677  0.562175  0.598759  0.670725  0.618666  0.560294  0.550441  0.738513  0.607323 0.0  0.786028  0.670438  0.613580  0.635008  0.611368  0.731450  0.608448  0.684566  0.696931  0.700334  0.595051  0.541654  0.605618  0.574676  0.661561  0.604713  0.671011  0.673154  0.596435  0.643477  0.747583  0.636992  0.614438  0.683056  0.658099  0.652296  0.616075  0.641544  0.611524  0.613252  0.668777  0.643010  0.475726  0.740834  0.619568  0.552991  0.635224  0.625043  0.565703  0.588228  0.647576  0.561599  0.501477  0.642188  0.609744  0.581856 
16  0.353575  0.808138  0.791495  0.790080  0.763726  0.784814  0.736323  0.755727  0.486373  0.670029  0.891783  0.774280  0.459011  0.773902  0.779151  0.786028 0.0  0.826755  0.782681  0.794235  0.744274  0.769361  0.788395  0.743229  0.869579  0.677648  0.506236  0.890843  0.601747  0.688947  0.796975  0.755938  0.723525  0.798158  0.669466  0.784408  0.751893  0.805445  0.805873  0.789750  0.762726  0.692831  0.774369  0.855305  0.438241  0.384352  0.831254  0.772498  0.872206  0.437036  0.677182  0.449253  0.802916  0.457984  0.776901  0.724081  0.844448  0.819210  0.700811  0.715665  0.725173  0.835926 
17  0.763506  0.744656  0.500488  0.654925  0.681632  0.693377  0.706290  0.770095  0.789093  0.679844  0.728087  0.831420  0.534578  0.769484  0.553285  0.670438  0.826755 0.0  0.378081  0.561030  0.812613  0.747316  0.607457  0.714420  0.656437  0.758469  0.616751  0.754643  0.711753  0.758314  0.693174  0.672720  0.712795  0.764069  0.738389  0.752048  0.685665  0.664070  0.767011  0.769123  0.664251  0.745116  0.749587  0.736756  0.781367  0.620623  0.717837  0.788838  0.686415  0.774606  0.771460  0.702599  0.511153  0.710196  0.749319  0.753958  0.593145  0.582512  0.780743  0.736689  0.628320  0.555552 
18  0.761638  0.754490  0.858891  0.783365  0.807487  0.835496  0.892934  0.829884  0.629419  0.823132  0.827725  0.825764  0.651970  0.771304  0.749506  0.613580  0.782681  0.378081 0.0  0.247031  0.761910  0.788850  0.891922  0.872730  0.832034  0.798141  0.789407  0.673378  0.666435  0.786358  0.841213  0.808322  0.772282  0.847264  0.714718  0.813488  0.890069  0.845557  0.800626  0.796393  0.834921  0.804290  0.773859  0.854258  0.812630  0.801408  0.737659  0.752680  0.806984  0.770002  0.755873  0.785704  0.817519  0.752974  0.847419  0.750184  0.850873  0.748379  0.885262  0.762118  0.310374  0.475293 
19  0.779193  0.790444  0.821668  0.744230  0.763591  0.770585  0.681835  0.795322  0.558953  0.880310  0.883040  0.965378  0.662724  0.862183  0.800929  0.635008  0.794235  0.561030  0.247031 0.0  0.840416  0.763759  0.853497  0.807581  0.759708  0.739932  0.772585  0.772746  0.845551  0.770643  0.791211  0.836620  0.842046  0.739539  0.696389  0.876292  0.875835  0.829292  0.793180  0.796576  0.827256  0.759077  0.779429  0.855488  0.662427  0.812847  0.721761  0.822012  0.835095  0.744912  0.786604  0.738299  0.818255  0.855512  0.775066  0.822112  0.790929  0.847045  0.781782  0.779660  0.266401  0.378794 
20  0.768948  0.862771  0.849112  0.756351  0.379294  0.813290  0.824120  0.822376  0.729812  0.614907  0.811246  0.742517  0.803612  0.684192  0.801977  0.611368  0.744274  0.812613  0.761910  0.840416 0.0  0.477674  0.419290  0.534251  0.821119  0.459724  0.678068  0.782887  0.854143  0.513458  0.401117  0.662823  0.566579  0.527774  0.505404  0.679567  0.554557  0.542525  0.555827  0.450103  0.557314  0.370275  0.848078  0.527866  0.847599  0.881467  0.485507  0.424080  0.554187  0.811422  0.412867  0.917694  0.805759  0.766754  0.470178  0.588399  0.824295  0.701577  0.762503  0.541691  0.795304  0.845788 
21  0.730857  0.826726  0.892975  0.851615  0.510353  0.818890  0.763126  0.850657  0.764665  0.679814  0.825249  0.871317  0.771534  0.402009  0.763965  0.731450  0.769361  0.747316  0.788850  0.763759  0.477674 0.0  0.470433  0.334083  0.846840  0.347085  0.661523  0.696986  0.827267  0.558353  0.541608  0.494954  0.527234  0.283508  0.501519  0.418051  0.335915  0.447384  0.346459  0.361531  0.421661  0.532874  0.821665  0.572436  0.851355  0.816476  0.612937  0.479149  0.420414  0.805231  0.541544  0.781473  0.809353  0.737509  0.386751  0.420193  0.867887  0.803930  0.703470  0.431419  0.903053  0.804250 
22  0.775779  0.859221  0.695099  0.687819  0.395773  0.889138  1.000000  0.869152  0.760107  0.611425  0.789573  0.784464  0.677021  0.586934  0.786221  0.608448  0.788395  0.607457  0.891922  0.853497  0.419290  0.470433 0.0  0.502016  0.780520  0.418704  0.652163  0.778109  0.821782  0.435785  0.475917  0.500322  0.427561  0.473951  0.428427  0.706690  0.485037  0.571162  0.551690  0.507981  0.473227  0.406638  0.788576  0.512667  0.858036  0.850098  0.465353  0.423040  0.525618  0.811155  0.353039  0.852357  0.813794  0.721587  0.366158  0.483141  0.735268  0.724641  0.790913  0.399668  0.846076  0.792119 
23  0.804661  0.968783  0.888629  0.853320  0.512275  0.806775  0.917438  0.820449  0.725723  0.677506  0.792455  0.787931  0.673191  0.521750  0.800619  0.684566  0.743229  0.714420  0.872730  0.807581  0.534251  0.334083  0.502016 0.0  0.813317  0.389164  0.810466  0.927638  0.785032  0.543884  0.552253  0.497014  0.540170  0.359436  0.431926  0.604779  0.394743  0.485338  0.370434  0.355100  0.386972  0.576887  0.831773  0.609580  0.809848  0.864953  0.637418  0.570308  0.311387  0.741184  0.505224  0.738665  0.828659  0.794961  0.639526  0.413005  0.776649  0.700300  0.764275  0.384440  0.843541  0.854004 
24  0.798576  0.400482  0.630742  0.463129  0.853314  0.403803  0.301355  0.379850  0.827699  0.731644  0.879625  0.738622  0.685997  0.776666  0.671434  0.696931  0.869579  0.656437  0.832034  0.759708  0.821119  0.846840  0.780520  0.813317 0.0  0.829013  0.728814  0.808159  0.671342  0.831748  0.757050  0.765952  0.751246  0.763515  0.758728  0.817392  0.757754  0.923118  0.798908  0.753341  0.865788  0.779959  0.437770  0.736483  0.793004  0.763450  0.877272  0.832670  0.771510  0.819630  0.838189  0.779153  0.675612  0.741175  0.766005  0.765262  0.494350  0.684541  0.839502  0.700583  0.742880  0.777599 
25  0.703385  0.843909  0.831281  0.832871  0.532898  0.875947  0.749385  0.813362  0.754306  0.569686  0.865693  0.834263  0.701042  0.428191  0.782918  0.700334  0.677648  0.758469  0.798141  0.739932  0.459724  0.347085  0.418704  0.389164  0.829013 0.0  0.675900  0.796535  0.850641  0.538697  0.500710  0.507336  0.422149  0.434368  0.509996  0.510206  0.261829  0.422293  0.434053  0.392706  0.423972  0.511116  0.817578  0.614860  0.732971  0.805274  0.677920  0.504842  0.291128  0.794482  0.450323  0.787772  0.874339  0.769445  0.533772  0.422144  0.765623  0.832769  0.769384  0.367350  0.707661  0.703485 
26  0.453665  0.704254  0.481210  0.775288  0.676658  0.677083  0.787833  0.782808  0.444653  0.720399  0.767761  0.718828  0.410735  0.781029  0.618512  0.595051  0.506236  0.616751  0.789407  0.772585  0.678068  0.661523  0.652163  0.810466  0.728814  0.675900 0.0  0.702574  0.432675  0.686731  0.726662  0.784489  0.701650  0.725311  0.704685  0.771344  0.670923  0.795673  0.712268  0.760374  0.677122  0.829253  0.772331  0.747141  0.478787  0.543302  0.721009  0.656483  0.713261  0.579555  0.699615  0.450929  0.579007  0.477869  0.724038  0.698240  0.518156  0.521002  0.728659  0.814699  0.771799  0.705605 
27  0.838641  0.805490  0.836002  0.851565  0.815286  0.799156  0.782386  0.690739  0.738400  0.786801  0.396973  0.380606  0.699851  0.689680  0.772809  0.541654  0.890843  0.754643  0.673378  0.772746  0.782887  0.696986  0.778109  0.927638  0.808159  0.796535  0.702574 0.0  0.689540  0.752308  0.924685  0.810739  0.777515  0.765338  0.779963  0.840445  0.834163  0.707741  0.750010  0.785228  0.805528  0.890465  0.733274  0.818761  0.830782  0.785527  0.688626  0.781143  0.713273  0.757908  0.766401  0.734389  0.789699  0.638829  0.811053  0.788527  0.799522  0.751943  0.607737  0.741977  0.796880  0.806659 
28  0.558104  0.628534  0.752957  0.660418  0.746815  0.642163  0.631971  0.621215  0.425507  0.754928  0.800652  0.805624  0.511037  0.760986  0.788092  0.605618  0.601747  0.711753  0.666435  0.845551  0.854143  0.827267  0.821782  0.785032  0.671342  0.850641  0.432675  0.689540 0.0  0.815393  0.852099  0.783250  0.790408  0.780957  0.685809  0.742179  0.755139  0.743420  0.762671  0.891654  0.680071  0.785008  0.675877  0.913679  0.505530  0.491638  0.780299  0.818130  0.812312  0.620408  0.658436  0.601564  0.903528  0.502476  0.763825  0.870404  0.715284  0.852425  0.828472  0.799434  0.698270  0.839571 
29  0.592289  0.820118  0.762792  0.826060  0.485505  0.915977  0.830392  0.775774  0.774094  0.464943  0.808419  0.878981  0.720056  0.673154  0.746898  0.574676  0.688947  0.758314  0.786358  0.770643  0.513458  0.558353  0.435785  0.543884  0.831748  0.538697  0.686731  0.752308  0.815393 0.0  0.489200  0.508582  0.348522  0.492851  0.528534  0.592360  0.597325  0.586155  0.517485  0.537088  0.452976  0.425319  0.897489  0.594905  0.555358  0.678119  0.561353  0.490911  0.529639  0.617433  0.536090  0.614312  0.744418  0.741965  0.499490  0.591421  0.805538  0.776446  0.767078  0.503550  0.795013  0.835643 
30  0.766816  0.753634  0.830619  0.816899  0.516617  0.816500  0.766333  0.856072  0.700427  0.647789  0.754187  0.748348  0.715974  0.621155  0.868944  0.661561  0.796975  0.693174  0.841213  0.791211  0.401117  0.541608  0.475917  0.552253  0.757050  0.500710  0.726662  0.924685  0.852099  0.489200 0.0  0.583363  0.383473  0.503125  0.535314  0.549563  0.613817  0.631938  0.497552  0.598116  0.487301  0.431367  0.856228  0.418661  0.871036  0.686940  0.431804  0.383869  0.533814  0.763679  0.425046  0.734021  0.793077  0.795773  0.397119  0.534758  0.842876  0.777039  0.816212  0.534404  0.840673  0.862408 
31  0.818326  0.692969  0.813928  0.763792  0.681661  0.869787  0.785241  0.772532  0.827140  0.476398  0.803962  0.809623  0.793882  0.315492  0.884576  0.604713  0.755938  0.672720  0.808322  0.836620  0.662823  0.494954  0.500322  0.497014  0.765952  0.507336  0.784489  0.810739  0.783250  0.508582  0.583363 0.0  0.626554  0.453049  0.557484  0.366367  0.613614  0.370513  0.501300  0.564744  0.493377  0.617392  0.809126  0.502566  0.680967  0.790369  0.487189  0.683261  0.523477  0.812616  0.775120  0.772909  0.801875  0.718720  0.664167  0.465675  0.861829  0.708633  0.712578  0.459418  0.809310  0.882388 
32  0.669761  0.826083  0.876517  0.858921  0.499231  0.826583  0.797170  0.817008  0.744574  0.391152  0.769930  0.822702  0.665268  0.707824  0.653674  0.671011  0.723525  0.712795  0.772282  0.842046  0.566579  0.527234  0.427561  0.540170  0.751246  0.422149  0.701650  0.777515  0.790408  0.348522  0.383473  0.626554 0.0  0.639773  0.545912  0.638011  0.635997  0.614083  0.555255  0.438975  0.426086  0.593985  0.940487  0.728290  0.686248  0.579677  0.596762  0.437578  0.440031  0.656621  0.580386  0.736276  0.943247  0.587378  0.478739  0.504113  0.826513  0.850290  0.818465  0.442946  0.773986  0.863369 
33  0.777193  0.912449  0.886956  0.832209  0.489104  0.685621  0.787222  0.829612  0.744184  0.768828  0.773973  0.829883  0.828999  0.493379  0.816101  0.673154  0.798158  0.764069  0.847264  0.739539  0.527774  0.283508  0.473951  0.359436  0.763515  0.434368  0.725311  0.765338  0.780957  0.492851  0.503125  0.453049  0.639773 0.0  0.449364  0.443971  0.520684  0.474827  0.369810  0.478600  0.437549  0.549108  0.821384  0.597888  0.745170  0.698013  0.472478  0.519712  0.340382  0.773390  0.486001  0.828743  0.812174  0.749187  0.547583  0.476317  0.734649  0.894697  0.791303  0.392377  0.857296  0.860657 
34  0.644897  0.694575  0.705460  0.802282  0.491470  0.806225  0.812860  0.769835  0.790505  0.409046  0.782356  0.838726  0.712358  0.457605  0.704266  0.596435  0.669466  0.738389  0.714718  0.696389  0.505404  0.501519  0.428427  0.431926  0.758728  0.509996  0.704685  0.779963  0.685809  0.528534  0.535314  0.557484  0.545912  0.449364 0.0  0.488345  0.456218  0.510112  0.496644  0.453650  0.519441  0.446174  0.721441  0.440778  0.785217  0.739717  0.447089  0.525756  0.449315  0.803291  0.564157  0.697783  0.738130  0.803901  0.486355  0.438502  0.750083  0.703516  0.678075  0.456187  0.718864  0.714968 
35  0.895726  0.901957  0.825422  0.788677  0.575173  0.781739  0.745841  0.817949  0.762945  0.577751  0.748774  0.866723  0.786100  0.428425  0.783676  0.643477  0.784408  0.752048  0.813488  0.876292  0.679567  0.418051  0.706690  0.604779  0.817392  0.510206  0.771344  0.840445  0.742179  0.592360  0.549563  0.366367  0.638011  0.443971  0.488345 0.0  0.451629  0.138444  0.458397  0.442578  0.425312  0.680415  0.831595  0.476857  0.777920  0.756664  0.459506  0.665396  0.475904  0.841943  0.528550  0.739030  0.749252  0.824842  0.663002  0.456694  0.826825  0.786080  0.782081  0.507460  0.842283  0.861134 
36  0.865351  0.829421  0.824873  0.810042  0.496715  0.840686  0.797145  0.820203  0.832575  0.671690  0.818753  0.815150  0.732324  0.541133  0.774877  0.747583  0.751893  0.685665  0.890069  0.875835  0.554557  0.335915  0.485037  0.394743  0.757754  0.261829  0.670923  0.834163  0.755139  0.597325  0.613817  0.613614  0.635997  0.520684  0.456218  0.451629 0.0  0.407134  0.328451  0.269331  0.294135  0.497975  0.778954  0.612113  0.783114  0.743055  0.598025  0.443648  0.363097  0.842619  0.488004  0.739895  0.831765  0.840050  0.590006  0.372701  0.814535  0.821939  0.787949  0.336307  0.724128  0.841310 
37  0.764457  0.859151  0.900657  0.800377  0.467469  0.751376  0.765595  0.877427  0.748548  0.473074  0.737710  0.882022  0.760776  0.399873  0.841606  0.636992  0.805445  0.664070  0.845557  0.829292  0.542525  0.447384  0.571162  0.485338  0.923118  0.422293  0.795673  0.707741  0.743420  0.586155  0.631938  0.370513  0.614083  0.474827  0.510112  0.138444  0.407134 0.0  0.469605  0.483907  0.472857  0.681857  0.784833  0.542974  0.783541  0.743407  0.473524  0.594952  0.497296  0.691104  0.685115  0.785858  0.697813  0.812818  0.705315  0.442945  0.732763  0.876629  0.734334  0.359622  0.755551  0.816492 
38  0.691333  0.768033  0.787720  0.677135  0.573860  0.826333  0.764360  0.826032  0.743049  0.629728  0.733773  0.846993  0.745876  0.544584  0.743312  0.614438  0.805873  0.767011  0.800626  0.793180  0.555827  0.346459  0.551690  0.370434  0.798908  0.434053  0.712268  0.750010  0.762671  0.517485  0.497552  0.501300  0.555255  0.369810  0.496644  0.458397  0.328451  0.469605 0.0  0.346089  0.494004  0.586929  0.815070  0.757933  0.767502  0.769290  0.533924  0.479423  0.392318  0.789667  0.553404  0.698129  0.888043  0.753347  0.670381  0.426593  0.846041  0.769004  0.801423  0.324069  0.909013  0.778379 
39  0.767811  0.842638  0.767698  0.751677  0.537799  0.713919  0.879979  0.912240  0.689973  0.582851  0.767341  0.769037  0.783894  0.494904  0.774651  0.683056  0.789750  0.769123  0.796393  0.796576  0.450103  0.361531  0.507981  0.355100  0.753341  0.392706  0.760374  0.785228  0.891654  0.537088  0.598116  0.564744  0.438975  0.478600  0.453650  0.442578  0.269331  0.483907  0.346089 0.0  0.402946  0.483393  0.917676  0.581007  0.783042  0.743127  0.623932  0.536063  0.484022  0.752633  0.496010  0.708190  0.734286  0.746501  0.517945  0.355357  0.859763  0.796659  0.851081  0.258414  0.823914  0.701510 
40  0.789188  0.850541  0.693273  0.785288  0.535163  0.856154  0.876071  0.769170  0.697450  0.604156  0.716827  0.872024  0.714269  0.396708  0.804003  0.658099  0.762726  0.664251  0.834921  0.827256  0.557314  0.421661  0.473227  0.386972  0.865788  0.423972  0.677122  0.805528  0.680071  0.452976  0.487301  0.493377  0.426086  0.437549  0.519441  0.425312  0.294135  0.472857  0.494004  0.402946 0.0  0.654025  0.796108  0.676750  0.798528  0.733000  0.617465  0.423858  0.415742  0.826053  0.493295  0.766438  0.815298  0.902762  0.416220  0.331964  0.744348  0.812672  0.725897  0.427317  0.860587  0.883782 
41  0.832246  0.818908  0.877843  0.789478  0.287238  0.794972  0.818978  0.762084  0.718869  0.570776  0.727175  0.753989  0.700956  0.730911  0.858035  0.652296  0.692831  0.745116  0.804290  0.759077  0.370275  0.532874  0.406638  0.576887  0.779959  0.511116  0.829253  0.890465  0.785008  0.425319  0.431367  0.617392  0.593985  0.549108  0.446174  0.680415  0.497975  0.681857  0.586929  0.483393  0.654025 0.0  0.789157  0.568232  0.745421  0.843463  0.488871  0.373935  0.581545  0.832864  0.423761  0.872968  0.767007  0.860940  0.412391  0.449477  0.821400  0.827275  0.773108  0.534418  0.855179  0.709408 
42  0.712191  0.476496  0.690965  0.501695  0.830737  0.429797  0.473052  0.511298  0.732706  0.743679  0.827041  0.754281  0.830425  0.870717  0.610632  0.616075  0.774369  0.749587  0.773859  0.779429  0.848078  0.821665  0.788576  0.831773  0.437770  0.817578  0.772331  0.733274  0.675877  0.897489  0.856228  0.809126  0.940487  0.821384  0.721441  0.831595  0.778954  0.784833  0.815070  0.917676  0.796108  0.789157 0.0  0.856930  0.730084  0.700359  0.763521  0.758951  0.818522  0.741010  0.876491  0.796800  0.696023  0.879055  0.963271  0.760868  0.673116  0.563072  0.718284  0.839595  0.822970  0.843217 
43  0.809510  0.883745  0.852151  0.843080  0.544112  0.729446  0.870113  0.858885  0.746259  0.479230  0.836626  0.811980  0.672222  0.472262  0.950332  0.641544  0.855305  0.736756  0.854258  0.855488  0.527866  0.572436  0.512667  0.609580  0.736483  0.614860  0.747141  0.818761  0.913679  0.594905  0.418661  0.502566  0.728290  0.597888  0.440778  0.476857  0.612113  0.542974  0.757933  0.581007  0.676750  0.568232  0.856930 0.0  0.834918  0.800238  0.363953  0.386351  0.705691  0.749577  0.487557  0.849029  0.773092  0.791419  0.504375  0.559378  0.900369  0.775753  0.697279  0.652732  0.818907  0.764785 
44  0.452944  0.796435  0.796193  0.858404  0.770375  0.767772  0.791087  0.799511  0.392756  0.689581  0.840773  0.825897  0.409121  0.787835  0.801084  0.611524  0.438241  0.781367  0.812630  0.662427  0.847599  0.851355  0.858036  0.809848  0.793004  0.732971  0.478787  0.830782  0.505530  0.555358  0.871036  0.680967  0.686248  0.745170  0.785217  0.777920  0.783114  0.783541  0.767502  0.783042  0.798528  0.745421  0.730084  0.834918 0.0  0.256888  0.688487  0.707699  0.766307  0.461569  0.744278  0.465538  0.723828  0.414736  0.676511  0.676018  0.860724  0.747180  0.914670  0.686261  0.819397  0.761345 
45  0.351503  0.786389  0.783343  0.784198  0.770194  0.707511  0.739358  0.816909  0.423767  0.616566  0.771942  0.797593  0.500059  0.836602  0.823128  0.613252  0.384352  0.620623  0.801408  0.812847  0.881467  0.816476  0.850098  0.864953  0.763450  0.805274  0.543302  0.785527  0.491638  0.678119  0.686940  0.790369  0.579677  0.698013  0.739717  0.756664  0.743055  0.743407  0.769290  0.743127  0.733000  0.843463  0.700359  0.800238  0.256888 0.0  0.769353  0.703343  0.729555  0.365977  0.857478  0.332001  0.749872  0.355787  0.719849  0.712983  0.760205  0.714518  0.728989  0.847995  0.770778  0.720171 
46  0.816290  0.832634  0.663648  0.777922  0.431690  0.843710  0.706588  0.861487  0.838144  0.513882  0.793129  0.813465  0.726446  0.549003  0.779847  0.668777  0.831254  0.717837  0.737659  0.721761  0.485507  0.612937  0.465353  0.637418  0.877272  0.677920  0.721009  0.688626  0.780299  0.561353  0.431804  0.487189  0.596762  0.472478  0.447089  0.459506  0.598025  0.473524  0.533924  0.623932  0.617465  0.488871  0.763521  0.363953  0.688487  0.769353 0.0  0.553596  0.624743  0.888420  0.539765  0.764744  0.876504  0.888815  0.501738  0.589295  0.895186  0.773240  0.785394  0.617372  0.893512  0.906845 
47  0.823267  0.836254  0.761196  0.829647  0.446460  0.729664  0.771713  0.820396  0.715991  0.631333  0.756371  0.813678  0.777597  0.622531  0.935339  0.643010  0.772498  0.788838  0.752680  0.822012  0.424080  0.479149  0.423040  0.570308  0.832670  0.504842  0.656483  0.781143  0.818130  0.490911  0.383869  0.683261  0.437578  0.519712  0.525756  0.665396  0.443648  0.594952  0.479423  0.536063  0.423858  0.373935  0.758951  0.386351  0.707699  0.703343  0.553596 0.0  0.659285  0.763340  0.463881  0.683481  0.863083  0.726428  0.220112  0.453321  0.805497  0.767081  0.766263  0.538241  0.743878  0.873467 
48  0.741862  0.759513  0.778309  0.789353  0.598176  0.898323  0.775158  0.793599  0.795153  0.599520  0.850413  0.761091  0.709488  0.478716  0.978166  0.475726  0.872206  0.686415  0.806984  0.835095  0.554187  0.420414  0.525618  0.311387  0.771510  0.291128  0.713261  0.713273  0.812312  0.529639  0.533814  0.523477  0.440031  0.340382  0.449315  0.475904  0.363097  0.497296  0.392318  0.484022  0.415742  0.581545  0.818522  0.705691  0.766307  0.729555  0.624743  0.659285 0.0  0.729314  0.490830  0.869286  0.874948  0.830679  0.533354  0.494615  0.766895  0.906268  0.811653  0.441240  0.884330  0.879401 
49  0.372769  0.729671  0.865499  0.872144  0.792268  0.704721  0.790432  0.780566  0.499425  0.750775  0.776986  0.744017  0.499444  0.816423  0.834872  0.740834  0.437036  0.774606  0.770002  0.744912  0.811422  0.805231  0.811155  0.741184  0.819630  0.794482  0.579555  0.757908  0.620408  0.617433  0.763679  0.812616  0.656621  0.773390  0.803291  0.841943  0.842619  0.691104  0.789667  0.752633  0.826053  0.832864  0.741010  0.749577  0.461569  0.365977  0.888420  0.763340  0.729314 0.0  0.765924  0.366014  0.783111  0.491304  0.785701  0.670848  0.790236  0.823092  0.889210  0.794635  0.762640  0.719299 
50  0.790366  0.782386  0.836497  0.826600  0.377915  0.797288  0.805666  0.828995  0.752730  0.679986  0.820449  0.884494  0.702466  0.631912  0.815213  0.619568  0.677182  0.771460  0.755873  0.786604  0.412867  0.541544  0.353039  0.505224  0.838189  0.450323  0.699615  0.766401  0.658436  0.536090  0.425046  0.775120  0.580386  0.486001  0.564157  0.528550  0.488004  0.685115  0.553404  0.496010  0.493295  0.423761  0.876491  0.487557  0.744278  0.857478  0.539765  0.463881  0.490830  0.765924 0.0  0.709630  0.861757  0.739989  0.482067  0.593149  0.817972  0.776573  0.763670  0.374820  0.758841  0.843106 
51  0.462261  0.832000  0.836171  0.699262  0.752842  0.806066  0.817936  0.821194  0.438546  0.637061  0.811919  0.739426  0.454128  0.793394  0.787449  0.552991  0.449253  0.702599  0.785704  0.738299  0.917694  0.781473  0.852357  0.738665  0.779153  0.787772  0.450929  0.734389  0.601564  0.614312  0.734021  0.772909  0.736276  0.828743  0.697783  0.739030  0.739895  0.785858  0.698129  0.708190  0.766438  0.872968  0.796800  0.849029  0.465538  0.332001  0.764744  0.683481  0.869286  0.366014  0.709630 0.0  0.824536  0.430340  0.781329  0.708315  0.750090  0.823232  0.813920  0.731569  0.781787  0.808903 
52  0.739138  0.580300  0.416632  0.655108  0.870705  0.653771  0.700044  0.541065  0.684524  0.746402  0.819416  0.816371  0.470938  0.941713  0.344514  0.635224  0.802916  0.511153  0.817519  0.818255  0.805759  0.809353  0.813794  0.828659  0.675612  0.874339  0.579007  0.789699  0.903528  0.744418  0.793077  0.801875  0.943247  0.812174  0.738130  0.749252  0.831765  0.697813  0.888043  0.734286  0.815298  0.767007  0.696023  0.773092  0.723828  0.749872  0.876504  0.863083  0.874948  0.783111  0.861757  0.824536 0.0  0.808811  0.803775  0.906702  0.352643  0.338783  0.895595  0.827179  0.827555  0.893474 
53  0.371313  0.814188  0.801131  0.860078  0.824933  0.724322  0.682159  0.847838  0.528337  0.628659  0.798765  0.806363  0.475495  0.789005  0.858142  0.625043  0.457984  0.710196  0.752974  0.855512  0.766754  0.737509  0.721587  0.794961  0.741175  0.769445  0.477869  0.638829  0.502476  0.741965  0.795773  0.718720  0.587378  0.749187  0.803901  0.824842  0.840050  0.812818  0.753347  0.746501  0.902762  0.860940  0.879055  0.791419  0.414736  0.355787  0.888815  0.726428  0.830679  0.491304  0.739989  0.430340  0.808811 0.0  0.675838  0.752295  0.813605  0.791006  0.714788  0.786891  0.811212  0.862577 
54  0.710456  0.812847  0.836018  0.779544  0.456395  0.877114  0.782623  0.815594  0.685399  0.663981  0.836929  0.962436  0.678152  0.661863  0.857474  0.565703  0.776901  0.749319  0.847419  0.775066  0.470178  0.386751  0.366158  0.639526  0.766005  0.533772  0.724038  0.811053  0.763825  0.499490  0.397119  0.664167  0.478739  0.547583  0.486355  0.663002  0.590006  0.705315  0.670381  0.517945  0.416220  0.412391  0.963271  0.504375  0.676511  0.719849  0.501738  0.220112  0.533354  0.785701  0.482067  0.781329  0.803775  0.675838 0.0  0.591794  0.932788  0.800760  0.733418  0.544886  0.844882  0.839679 
55  0.788334  0.822566  0.781666  0.734892  0.554509  0.775191  0.792892  0.878658  0.758656  0.620332  0.836392  0.839814  0.709892  0.506034  0.997844  0.588228  0.724081  0.753958  0.750184  0.822112  0.588399  0.420193  0.483141  0.413005  0.765262  0.422144  0.698240  0.788527  0.870404  0.591421  0.534758  0.465675  0.504113  0.476317  0.438502  0.456694  0.372701  0.442945  0.426593  0.355357  0.331964  0.449477  0.760868  0.559378  0.676018  0.712983  0.589295  0.453321  0.494615  0.670848  0.593149  0.708315  0.906702  0.752295  0.591794 0.0  0.852159  0.835368  0.856318  0.396405  0.897243  0.794101 
56  0.863977  0.697354  0.365444  0.613035  0.756332  0.660257  0.706139  0.566424  0.754523  0.795144  0.779582  0.866994  0.639739  0.692842  0.349858  0.647576  0.844448  0.593145  0.850873  0.790929  0.824295  0.867887  0.735268  0.776649  0.494350  0.765623  0.518156  0.799522  0.715284  0.805538  0.842876  0.861829  0.826513  0.734649  0.750083  0.826825  0.814535  0.732763  0.846041  0.859763  0.744348  0.821400  0.673116  0.900369  0.860724  0.760205  0.895186  0.805497  0.766895  0.790236  0.817972  0.750090  0.352643  0.813605  0.932788  0.852159 0.0  0.350563  0.681118  0.772011  0.883304  0.921385 
57  0.769366  0.672199  0.393980  0.643412  0.764747  0.541290  0.646772  0.631938  0.864071  0.868870  0.750180  0.827175  0.647140  0.897121  0.433402  0.561599  0.819210  0.582512  0.748379  0.847045  0.701577  0.803930  0.724641  0.700300  0.684541  0.832769  0.521002  0.751943  0.852425  0.776446  0.777039  0.708633  0.850290  0.894697  0.703516  0.786080  0.821939  0.876629  0.769004  0.796659  0.812672  0.827275  0.563072  0.775753  0.747180  0.714518  0.773240  0.767081  0.906268  0.823092  0.776573  0.823232  0.338783  0.791006  0.800760  0.835368  0.350563 0.0  0.756504  0.656344  0.795991  0.748615 
58  0.774301  0.793255  0.723579  0.761119  0.790533  0.826548  0.774425  0.824083  0.650000  0.786727  0.521306  0.646188  0.730832  0.833637  0.822072  0.501477  0.700811  0.780743  0.885262  0.781782  0.762503  0.703470  0.790913  0.764275  0.839502  0.769384  0.728659  0.607737  0.828472  0.767078  0.816212  0.712578  0.818465  0.791303  0.678075  0.782081  0.787949  0.734334  0.801423  0.851081  0.725897  0.773108  0.718284  0.697279  0.914670  0.728989  0.785394  0.766263  0.811653  0.889210  0.763670  0.813920  0.895595  0.714788  0.733418  0.856318  0.681118  0.756504 0.0  0.741659  0.706920  0.756956 
59  0.743197  0.868099  0.847650  0.856081  0.510540  0.789943  0.761198  0.854833  0.745560  0.632195  0.944257  0.908540  0.737478  0.415196  0.756627  0.642188  0.715665  0.736689  0.762118  0.779660  0.541691  0.431419  0.399668  0.384440  0.700583  0.367350  0.814699  0.741977  0.799434  0.503550  0.534404  0.459418  0.442946  0.392377  0.456187  0.507460  0.336307  0.359622  0.324069  0.258414  0.427317  0.534418  0.839595  0.652732  0.686261  0.847995  0.617372  0.538241  0.441240  0.794635  0.374820  0.731569  0.827179  0.786891  0.544886  0.396405  0.772011  0.656344  0.741659 0.0  0.754273  0.910619 
60  0.760309  0.769667  0.852589  0.733156  0.872887  0.760467  0.879871  0.744954  0.580802  0.783817  0.738557  0.891144  0.813670  0.911418  0.833155  0.609744  0.725173  0.628320  0.310374  0.266401  0.795304  0.903053  0.846076  0.843541  0.742880  0.707661  0.771799  0.796880  0.698270  0.795013  0.840673  0.809310  0.773986  0.857296  0.718864  0.842283  0.724128  0.755551  0.909013  0.823914  0.860587  0.855179  0.822970  0.818907  0.819397  0.770778  0.893512  0.743878  0.884330  0.762640  0.758841  0.781787  0.827555  0.811212  0.844882  0.897243  0.883304  0.795991  0.706920  0.754273 0.0  0.288530 
61  0.804549  0.879538  0.831184  0.832328  0.938948  0.909064  0.776130  0.718507  0.642884  0.767734  0.859866  0.855115  0.649403  0.918162  0.745140  0.581856  0.835926  0.555552  0.475293  0.378794  0.845788  0.804250  0.792119  0.854004  0.777599  0.703485  0.705605  0.806659  0.839571  0.835643  0.862408  0.882388  0.863369  0.860657  0.714968  0.861134  0.841310  0.816492  0.778379  0.701510  0.883782  0.709408  0.843217  0.764785  0.761345  0.720171  0.906845  0.873467  0.879401  0.719299  0.843106  0.808903  0.893474  0.862577  0.839679  0.794101  0.921385  0.748615  0.756956  0.910619  0.288530 0.0 
