62
0 0.0  0.665403  0.745637  0.703590  0.782136  0.717535  0.749279  0.719384  0.544154  0.474289  0.687877  0.804817  0.525849  0.659337  0.762176  0.579520  0.255963  0.671160  0.716391  0.709751  0.661828  0.840700  0.687708  0.750785  0.629766  0.852599  0.539547  0.763478  0.690174  0.751333  0.779861  0.757045  0.582282  0.664820  0.661782  0.583298  0.744437  0.762004  0.683978  0.694008  0.708225  0.586130  0.699012  0.687702  0.307889  0.421970  0.749320  0.664580  0.804541  0.446892  0.667988  0.441124  0.856232  0.379935  0.724481  0.785660  0.820332  0.707630  0.673403  0.722453  0.741622  0.565752 
1  0.665403 0.0  0.713552  0.497214  0.692477  0.417007  0.383929  0.414891  0.694715  0.712512  0.712534  0.757835  0.718447  0.754354  0.606744  0.512304  0.753686  0.695415  0.791493  0.772330  0.745849  0.796535  0.868946  0.678531  0.421680  0.797061  0.734927  0.714723  0.750858  0.795431  0.987096  0.786753  0.791267  0.719535  0.625080  0.723475  0.722381  0.699888  0.721316  0.669634  0.681601  0.683547  0.514418  0.737815  0.758515  0.769984  0.861035  0.740180  0.796457  0.879177  0.832903  0.878914  0.663813  0.856501  0.772005  0.789571  0.701336  0.722327  0.745812  0.724081  0.856892  0.822846 
2  0.745637  0.713552 0.0  0.710053  0.781390  0.658860  0.700965  0.684177  0.750192  0.912716  0.791062  0.827040  0.668146  0.831034  0.282462  0.688774  0.784164  0.621389  0.835584  0.777697  0.789628  0.793261  0.709644  1.000000  0.710145  0.877716  0.629911  0.877481  0.637138  0.738141  0.940417  0.934813  0.858916  0.968198  0.802982  0.819059  0.860878  0.872236  0.814041  0.804695  0.777037  0.900044  0.690014  0.915627  0.741059  0.961325  0.673284  0.896946  0.850325  0.712524  0.743414  0.668633  0.350641  0.751192  0.806655  0.811090  0.375453  0.350185  0.910496  0.921584  0.657376  0.772701 
3  0.703590  0.497214  0.710053 0.0  0.701901  0.260023  0.366701  0.385207  0.804635  0.613011  0.636078  0.678863  0.585712  0.747083  0.624409  0.654100  0.547932  0.664091  0.815133  0.804474  0.699759  0.776246  0.723829  0.808213  0.444696  0.814707  0.630897  0.633606  0.653087  0.691265  0.828106  0.733269  0.705545  0.767593  0.637149  0.804803  0.775129  0.696558  0.668276  0.608891  0.746991  0.579221  0.486685  0.735188  0.719515  0.676520  0.805182  0.672037  0.719895  0.835543  0.696266  0.850274  0.621060  0.582243  0.751595  0.662881  0.726349  0.658229  0.701526  0.805247  0.775915  0.814534 
4  0.782136  0.692477  0.781390  0.701901 0.0  0.660397  0.808432  0.697726  0.697019  0.705351  0.680183  0.706494  0.580079  0.415635  0.943343  0.534761  0.806935  0.685762  0.829498  0.748060  0.312829  0.678878  0.423322  0.456720  0.718040  0.363460  0.658700  0.711852  0.735529  0.326996  0.425565  0.620409  0.449518  0.494844  0.364726  0.423718  0.402943  0.549725  0.400942  0.461757  0.447753  0.251619  0.713843  0.354987  0.697790  0.759305  0.406051  0.340433  0.545012  0.813805  0.425196  0.767699  0.748245  0.741841  0.355955  0.465062  0.813180  0.715370  0.746968  0.494461  0.729719  0.836498 
5  0.717535  0.417007  0.658860  0.260023  0.660397 0.0  0.278458  0.346733  0.790371  0.628420  0.709466  0.781619  0.677226  0.805246  0.663395  0.562573  0.513358  0.716743  0.772119  0.824143  0.745846  0.923715  0.945522  0.815958  0.447824  0.604967  0.746481  0.602616  0.676885  0.770901  0.717724  0.689688  0.822212  0.714375  0.780547  0.745491  0.715106  0.702149  0.721944  0.699424  0.755341  0.654630  0.455755  0.778891  0.737164  0.701298  0.834774  0.738660  0.971624  0.859519  0.874546  0.866090  0.680885  0.603892  0.717565  0.603530  0.634958  0.710578  0.657413  0.853300  0.836584  0.767432 
6  0.749279  0.383929  0.700965  0.366701  0.808432  0.278458 0.0  0.267207  0.772781  0.657946  0.669690  0.683319  0.762846  0.766936  0.731146  0.624811  0.715742  0.781435  0.882368  0.824230  0.705348  0.825691  0.794629  0.676260  0.442322  0.781717  0.683355  0.658701  0.703991  0.729549  0.703136  0.801065  0.667534  0.690523  0.788211  0.595054  0.747157  0.757581  0.785184  0.714851  0.759957  0.651090  0.491018  0.761476  0.716149  0.647653  0.719756  0.624212  0.854993  0.787649  0.766205  0.691633  0.752082  0.681004  0.692936  0.747315  0.695317  0.666445  0.656736  0.676761  0.798439  0.755522 
7  0.719384  0.414891  0.684177  0.385207  0.697726  0.346733  0.267207 0.0  0.806415  0.814961  0.745235  0.718240  0.700039  0.731609  0.662376  0.687108  0.658386  0.772189  0.826422  0.849096  0.764983  0.858651  0.963466  0.741446  0.367960  0.742555  0.781970  0.786210  0.739802  0.686987  0.799950  0.817922  0.767418  0.717654  0.753489  0.862656  0.753753  0.672756  0.746008  0.731246  0.783778  0.728949  0.537214  0.704639  0.660832  0.750441  0.882382  0.730155  0.825765  0.754576  0.766952  0.868279  0.629038  0.663169  0.661870  0.693568  0.624036  0.604965  0.813685  0.601069  0.911143  0.858537 
8  0.544154  0.694715  0.750192  0.804635  0.697019  0.790371  0.772781  0.806415 0.0  0.778191  0.828256  0.734468  0.584873  0.753875  0.548548  0.745341  0.674163  0.782857  0.643321  0.599697  0.822430  0.789479  0.796138  0.813529  0.754744  0.808065  0.669463  0.745365  0.495698  0.751309  0.627774  0.624863  0.820299  0.773519  0.802950  0.840425  0.739978  0.731138  0.829105  0.786551  0.746633  0.685835  0.699595  0.888837  0.551809  0.704549  0.732541  0.722645  0.571575  0.487830  0.775853  0.554634  0.713022  0.479406  0.754108  0.786465  0.702522  0.700561  0.793888  0.780591  0.651989  0.611342 
9  0.474289  0.712512  0.912716  0.613011  0.705351  0.628420  0.657946  0.814961  0.778191 0.0  0.755519  0.672361  0.721071  0.457813  0.900363  0.575903  0.653843  0.791082  0.823162  0.758244  0.539335  0.584597  0.631127  0.616411  0.558552  0.453148  0.682179  0.754389  0.818432  0.415679  0.700622  0.436983  0.481861  0.599655  0.439154  0.444819  0.593991  0.453342  0.581821  0.558385  0.601861  0.540363  0.724856  0.450996  0.686892  0.673850  0.535647  0.597063  0.606462  0.690376  0.648792  0.654649  0.935784  0.565269  0.697930  0.462623  0.797565  0.922521  0.532009  0.523037  0.701268  0.945217 
10  0.687877  0.712534  0.791062  0.636078  0.680183  0.709466  0.669690  0.745235  0.828256  0.755519 0.0  0.397485  0.690304  0.641721  0.738903  0.594309  0.640172  0.640602  0.853210  0.804093  0.560854  0.746716  0.788707  0.738753  0.647236  0.676092  0.547885  0.439426  0.722598  0.700383  0.856633  0.728655  0.728867  0.676079  0.631787  0.694255  0.717732  0.575466  0.640681  0.680750  0.692230  0.529161  0.817992  0.681197  0.695753  0.710228  0.759010  0.593376  0.763505  0.800255  0.793589  0.788414  0.770640  0.763488  0.745664  0.765663  0.797777  0.775973  0.526737  0.713437  0.784185  0.796822 
11  0.804817  0.757835  0.827040  0.678863  0.706494  0.781619  0.683319  0.718240  0.734468  0.672361  0.397485 0.0  0.645462  0.720505  0.829700  0.582971  0.686003  0.653656  0.733923  0.815890  0.765120  0.856726  0.792001  0.661466  0.670259  0.876054  0.642243  0.354764  0.840534  0.735613  0.749331  0.857210  0.770641  0.670893  0.677468  0.704616  0.709005  0.716154  0.728507  0.773457  0.820413  0.591370  0.666505  0.785858  0.761091  0.639175  0.638123  0.701777  0.977461  0.704853  0.829373  0.821142  0.776965  0.763638  0.700533  0.631266  0.853598  0.815040  0.440208  0.718152  0.736639  0.794366 
12  0.525849  0.718447  0.668146  0.585712  0.580079  0.677226  0.762846  0.700039  0.584873  0.721071  0.690304  0.645462 0.0  0.572754  0.614575  0.709466  0.520018  0.560306  0.805530  0.700293  0.606386  0.779680  0.811780  0.568253  0.665815  0.712573  0.289918  0.572533  0.694244  0.593649  0.760673  0.701875  0.650523  0.741610  0.694902  0.721210  0.684260  0.578610  0.603353  0.681663  0.599814  0.758887  0.768800  0.622819  0.528364  0.431727  0.824625  0.750138  0.782466  0.568816  0.679933  0.702341  0.737262  0.558548  0.686080  0.737282  0.597487  0.632371  0.757100  0.685540  0.720024  0.602010 
13  0.659337  0.754354  0.831034  0.747083  0.415635  0.805246  0.766936  0.731609  0.753875  0.457813  0.641721  0.720505  0.572754 0.0  0.852680  0.658647  0.740649  0.638966  0.842974  0.798813  0.525310  0.680436  0.745813  0.396942  0.742174  0.442924  0.639291  0.794476  0.739850  0.584240  0.685518  0.301974  0.509522  0.441445  0.372478  0.284060  0.446485  0.365109  0.315122  0.470520  0.565132  0.534751  0.658763  0.373393  0.672533  0.705483  0.497184  0.593292  0.520042  0.844161  0.504019  0.712444  0.805592  0.755436  0.592413  0.572403  0.808848  0.840672  0.744368  0.429721  0.816765  0.751214 
14  0.762176  0.606744  0.282462  0.624409  0.943343  0.663395  0.731146  0.662376  0.548548  0.900363  0.738903  0.829700  0.614575  0.852680 0.0  0.794915  0.717673  0.648372  0.690225  0.709575  0.970940  0.687809  0.672461  0.908504  0.787338  0.808073  0.713127  0.753681  0.706674  0.810907  0.871531  0.911200  0.816478  0.945462  0.785880  0.928612  0.853295  0.807041  0.858020  0.855791  0.737594  0.809934  0.693511  0.891862  0.745603  0.789221  0.718466  0.776819  0.781585  0.715675  0.816435  0.732688  0.293682  0.747227  0.849513  0.895852  0.420673  0.263404  0.853830  0.887495  0.731941  0.753781 
15  0.579520  0.512304  0.688774  0.654100  0.534761  0.562573  0.624811  0.687108  0.745341  0.575903  0.594309  0.582971  0.709466  0.658647  0.794915 0.0  0.526941  0.561714  0.638673  0.778951  0.605032  0.892656  0.745080  0.571717  0.557634  0.575702  0.636473  0.657315  0.772860  0.558037  0.713872  0.679160  0.667680  0.648381  0.676160  0.543955  0.595669  0.633314  0.704321  0.482904  0.553523  0.555361  0.552635  0.636870  0.601869  0.624692  0.753897  0.602535  0.717605  0.737308  0.684408  0.746342  0.759597  0.528755  0.699723  0.615759  0.743302  0.642070  0.601033  0.634075  0.667667  0.709879 
16  0.255963  0.753686  0.784164  0.547932  0.806935  0.513358  0.715742  0.658386  0.674163  0.653843  0.640172  0.686003  0.520018  0.740649  0.717673  0.526941 0.0  0.523092  0.694912  0.638805  0.686984  0.669410  0.855337  0.712047  0.620844  0.746173  0.540142  0.792721  0.549119  0.582850  0.790468  0.758723  0.599943  0.775894  0.668431  0.740365  0.771391  0.740670  0.705031  0.637935  0.733908  0.644508  0.595326  0.825226  0.469500  0.443736  0.796970  0.653112  0.783905  0.448191  0.782861  0.457590  0.697342  0.398249  0.822740  0.592682  0.722694  0.821984  0.629433  0.656034  0.634827  0.876500 
17  0.671160  0.695415  0.621389  0.664091  0.685762  0.716743  0.781435  0.772189  0.782857  0.791082  0.640602  0.653656  0.560306  0.638966  0.648372  0.561714  0.523092 0.0  0.600745  0.526434  0.541486  0.862921  0.816651  0.653884  0.670011  0.624615  0.520664  0.680728  0.773279  0.661752  0.762166  0.547676  0.656219  0.582591  0.553724  0.697936  0.650840  0.614975  0.647743  0.662339  0.602033  0.667652  0.681782  0.616103  0.657833  0.613209  0.723106  0.750317  0.681639  0.763652  0.607874  0.748254  0.643885  0.656367  0.734777  0.660114  0.659461  0.611512  0.701169  0.636388  0.560039  0.458089 
18  0.716391  0.791493  0.835584  0.815133  0.829498  0.772119  0.882368  0.826422  0.643321  0.823162  0.853210  0.733923  0.805530  0.842974  0.690225  0.638673  0.694912  0.600745 0.0  0.477608  0.800127  0.709147  0.628204  0.845633  0.803805  0.864588  0.791060  0.845544  0.705853  0.864665  0.861467  0.825301  0.816882  0.885799  0.680066  0.798085  0.928764  0.771858  0.796597  0.724350  0.792129  0.792255  0.762693  0.868745  0.818526  0.769444  0.743075  0.863273  0.851820  0.612239  0.700015  0.624559  0.672488  0.888876  0.829194  0.798903  0.630034  0.677178  0.843704  0.973329  0.286343  0.253520 
19  0.709751  0.772330  0.777697  0.804474  0.748060  0.824143  0.824230  0.849096  0.599697  0.758244  0.804093  0.815890  0.700293  0.798813  0.709575  0.778951  0.638805  0.526434  0.477608 0.0  0.754851  0.901598  0.847070  0.724879  0.879837  0.797229  0.709479  0.920837  0.782537  0.677877  0.716352  0.811296  0.733197  0.743360  0.744601  0.819227  0.643532  0.731971  0.824056  0.769115  0.683249  0.912808  0.883051  0.710203  0.802776  0.765262  0.852273  0.820239  0.616371  0.679896  0.649692  0.818956  0.727110  0.757508  0.796074  0.833562  0.950380  0.743295  0.854919  0.864005  0.501354  0.306478 
20  0.661828  0.745849  0.789628  0.699759  0.312829  0.745846  0.705348  0.764983  0.822430  0.539335  0.560854  0.765120  0.606386  0.525310  0.970940  0.605032  0.686984  0.541486  0.800127  0.754851 0.0  0.559491  0.593200  0.544400  0.665397  0.356082  0.556292  0.712813  0.745522  0.436757  0.598219  0.428368  0.505016  0.459567  0.427755  0.567890  0.492661  0.445885  0.450403  0.582310  0.422138  0.473048  0.764295  0.397057  0.725610  0.733183  0.649384  0.496295  0.581688  0.723255  0.403057  0.726283  0.871584  0.665507  0.481182  0.421802  0.779406  0.856117  0.686706  0.404109  0.767976  0.801328 
21  0.840700  0.796535  0.793261  0.776246  0.678878  0.923715  0.825691  0.858651  0.789479  0.584597  0.746716  0.856726  0.779680  0.680436  0.687809  0.892656  0.669410  0.862921  0.709147  0.901598  0.559491 0.0  0.421740  0.500304  0.793892  0.486279  0.724135  0.688396  0.639544  0.667207  0.573253  0.501774  0.566938  0.559702  0.679952  0.505196  0.543621  0.604382  0.414944  0.314738  0.524385  0.644437  0.735680  0.612280  0.871520  0.795149  0.524077  0.522899  0.538397  0.690102  0.466806  0.717437  0.711286  0.729024  0.511578  0.437525  0.687089  0.681129  0.715458  0.408837  0.642851  0.730184 
22  0.687708  0.868946  0.709644  0.723829  0.423322  0.945522  0.794629  0.963466  0.796138  0.631127  0.788707  0.792001  0.811780  0.745813  0.672461  0.745080  0.855337  0.816651  0.628204  0.847070  0.593200  0.421740 0.0  0.607941  0.818407  0.583610  0.834267  0.850102  0.709929  0.602877  0.457918  0.630464  0.552386  0.739339  0.670361  0.702808  0.580113  0.666839  0.628235  0.601279  0.713968  0.471262  0.893705  0.615280  0.783137  0.640346  0.380848  0.416197  0.608846  0.567689  0.409867  0.638555  0.817223  0.807176  0.523913  0.451551  0.735974  0.773596  0.875282  0.606193  0.864019  0.722630 
23  0.750785  0.678531  1.000000  0.808213  0.456720  0.815958  0.676260  0.741446  0.813529  0.616411  0.738753  0.661466  0.568253  0.396942  0.908504  0.571717  0.712047  0.653884  0.845633  0.724879  0.544400  0.500304  0.607941 0.0  0.660616  0.418742  0.667509  0.702092  0.720787  0.372592  0.598529  0.288473  0.319268  0.323467  0.483042  0.404121  0.192905  0.358182  0.214678  0.358547  0.398292  0.516544  0.742612  0.431075  0.691903  0.709810  0.760459  0.440532  0.336196  0.783837  0.427361  0.884102  0.845870  0.772764  0.427291  0.357705  0.850253  0.869431  0.676651  0.150170  0.723255  0.783664 
24  0.629766  0.421680  0.710145  0.444696  0.718040  0.447824  0.442322  0.367960  0.754744  0.558552  0.647236  0.670259  0.665815  0.742174  0.787338  0.557634  0.620844  0.670011  0.803805  0.879837  0.665397  0.793892  0.818407  0.660616 0.0  0.818384  0.710685  0.754423  0.547315  0.889820  0.823262  0.793088  0.782797  0.871520  0.681454  0.736043  0.691184  0.876446  0.752548  0.775295  0.822521  0.626295  0.353059  0.761773  0.584085  0.691035  0.900066  0.617688  0.995662  0.842456  0.845060  0.661494  0.710720  0.747798  0.720534  0.624977  0.760979  0.623439  0.594674  0.704917  0.924979  0.854753 
25  0.852599  0.797061  0.877716  0.814707  0.363460  0.604967  0.781717  0.742555  0.808065  0.453148  0.676092  0.876054  0.712573  0.442924  0.808073  0.575702  0.746173  0.624615  0.864588  0.797229  0.356082  0.486279  0.583610  0.418742  0.818384 0.0  0.625406  0.727898  0.789546  0.444009  0.535657  0.414212  0.394361  0.384596  0.323864  0.334147  0.265259  0.392693  0.366121  0.260934  0.218527  0.596324  0.762212  0.630408  0.663098  0.698763  0.736150  0.591364  0.488375  0.757945  0.493336  0.879411  0.867537  0.721598  0.450488  0.407510  0.847884  0.784978  0.669275  0.363030  0.778564  0.691738 
26  0.539547  0.734927  0.629911  0.630897  0.658700  0.746481  0.683355  0.781970  0.669463  0.682179  0.547885  0.642243  0.289918  0.639291  0.713127  0.636473  0.540142  0.520664  0.791060  0.709479  0.556292  0.724135  0.834267  0.667509  0.710685  0.625406 0.0  0.716068  0.548960  0.559164  0.859489  0.573199  0.591130  0.597604  0.522262  0.673131  0.580499  0.648294  0.606855  0.604032  0.564961  0.743262  0.622340  0.658581  0.419750  0.422970  0.729353  0.645492  0.617702  0.459507  0.733933  0.597110  0.631488  0.568209  0.696305  0.764302  0.783037  0.726214  0.723734  0.625857  0.648942  0.765065 
27  0.763478  0.714723  0.877481  0.633606  0.711852  0.602616  0.658701  0.786210  0.745365  0.754389  0.439426  0.354764  0.572533  0.794476  0.753681  0.657315  0.792721  0.680728  0.845544  0.920837  0.712813  0.688396  0.850102  0.702092  0.754423  0.727898  0.716068 0.0  0.834687  0.800623  0.697590  0.721471  0.743186  0.691873  0.710095  0.709065  0.633805  0.704095  0.844425  0.698886  0.698265  0.648303  0.627135  0.743551  0.748935  0.678538  0.661383  0.769691  0.749641  0.904314  0.858894  0.805756  0.720643  0.650511  0.768563  0.711033  0.843698  0.929432  0.418111  0.851539  0.800922  0.840456 
28  0.690174  0.750858  0.637138  0.653087  0.735529  0.676885  0.703991  0.739802  0.495698  0.818432  0.722598  0.840534  0.694244  0.739850  0.706674  0.772860  0.549119  0.773279  0.705853  0.782537  0.745522  0.639544  0.709929  0.720787  0.547315  0.789546  0.548960  0.834687 0.0  0.792831  0.828505  0.812510  0.775815  0.759604  0.642662  0.787479  0.612916  0.794562  0.751489  0.793360  0.656659  0.793534  0.740613  0.711642  0.613347  0.783209  0.641724  0.749637  0.680057  0.526694  0.722714  0.569069  0.756910  0.720264  0.871561  0.921528  0.683807  0.649761  0.781593  0.683258  0.609546  0.683482 
29  0.751333  0.795431  0.738141  0.691265  0.326996  0.770901  0.729549  0.686987  0.751309  0.415679  0.700383  0.735613  0.593649  0.584240  0.810907  0.558037  0.582850  0.661752  0.864665  0.677877  0.436757  0.667207  0.602877  0.372592  0.889820  0.444009  0.559164  0.800623  0.792831 0.0  0.626402  0.474367  0.408170  0.416631  0.459478  0.512374  0.408458  0.440233  0.312152  0.380833  0.418847  0.505745  0.799682  0.525218  0.567201  0.527384  0.658947  0.550597  0.381915  0.668082  0.467709  0.696296  0.794822  0.599120  0.406814  0.377453  0.951514  0.837664  0.673403  0.555124  0.819547  0.667967 
30  0.779861  0.987096  0.940417  0.828106  0.425565  0.717724  0.703136  0.799950  0.627774  0.700622  0.856633  0.749331  0.760673  0.685518  0.871531  0.713872  0.790468  0.762166  0.861467  0.716352  0.598219  0.573253  0.457918  0.598529  0.823262  0.535657  0.859489  0.697590  0.828505  0.626402 0.0  0.774746  0.699582  0.688237  0.549022  0.626949  0.542432  0.637533  0.561508  0.528764  0.525477  0.455303  0.763720  0.685884  0.813877  0.840702  0.514678  0.454344  0.495676  0.847581  0.420887  0.940306  0.832826  0.616263  0.442673  0.562399  0.765574  0.825704  0.672505  0.532273  0.815501  0.753036 
31  0.757045  0.786753  0.934813  0.733269  0.620409  0.689688  0.801065  0.817922  0.624863  0.436983  0.728655  0.857210  0.701875  0.301974  0.911200  0.679160  0.758723  0.547676  0.825301  0.811296  0.428368  0.501774  0.630464  0.288473  0.793088  0.414212  0.573199  0.721471  0.812510  0.474367  0.774746 0.0  0.512510  0.375899  0.583246  0.330636  0.436552  0.303437  0.419228  0.342326  0.561176  0.603724  0.720651  0.519064  0.709463  0.721058  0.676791  0.689846  0.525745  0.793800  0.577439  0.885625  0.948474  0.799048  0.374357  0.539545  0.823622  0.849324  0.773456  0.380148  0.857446  0.827722 
32  0.582282  0.791267  0.858916  0.705545  0.449518  0.822212  0.667534  0.767418  0.820299  0.481861  0.728867  0.770641  0.650523  0.509522  0.816478  0.667680  0.599943  0.656219  0.816882  0.733197  0.505016  0.566938  0.552386  0.319268  0.782797  0.394361  0.591130  0.743186  0.775815  0.408170  0.699582  0.512510 0.0  0.521536  0.396590  0.492802  0.521608  0.473776  0.475775  0.578629  0.541913  0.570444  0.810337  0.568556  0.512115  0.601174  0.663788  0.441274  0.614073  0.696082  0.491065  0.748957  0.806380  0.692619  0.418406  0.569389  0.831856  0.849909  0.690952  0.440189  0.793675  0.687757 
33  0.664820  0.719535  0.968198  0.767593  0.494844  0.714375  0.690523  0.717654  0.773519  0.599655  0.676079  0.670893  0.741610  0.441445  0.945462  0.648381  0.775894  0.582591  0.885799  0.743360  0.459567  0.559702  0.739339  0.323467  0.871520  0.384596  0.597604  0.691873  0.759604  0.416631  0.688237  0.375899  0.521536 0.0  0.529169  0.472814  0.311584  0.363014  0.304924  0.357300  0.398519  0.569830  0.773956  0.527913  0.694844  0.732454  0.693255  0.488024  0.405904  0.864808  0.520281  0.811308  0.850486  0.694913  0.569901  0.447919  0.867728  0.890731  0.825831  0.383744  0.765013  0.873660 
34  0.661782  0.625080  0.802982  0.637149  0.364726  0.780547  0.788211  0.753489  0.802950  0.439154  0.631787  0.677468  0.694902  0.372478  0.785880  0.676160  0.668431  0.553724  0.680066  0.744601  0.427755  0.679952  0.670361  0.483042  0.681454  0.323864  0.522262  0.710095  0.642662  0.459478  0.549022  0.583246  0.396590  0.529169 0.0  0.282393  0.333434  0.368696  0.389369  0.590112  0.417929  0.561445  0.702113  0.424429  0.635483  0.741207  0.604199  0.645231  0.557154  0.748408  0.530730  0.721712  0.811436  0.839026  0.546688  0.441259  0.830849  0.832905  0.713765  0.414532  0.734903  0.742770 
35  0.583298  0.723475  0.819059  0.804803  0.423718  0.745491  0.595054  0.862656  0.840425  0.444819  0.694255  0.704616  0.721210  0.284060  0.928612  0.543955  0.740365  0.697936  0.798085  0.819227  0.567890  0.505196  0.702808  0.404121  0.736043  0.334147  0.673131  0.709065  0.787479  0.512374  0.626949  0.330636  0.492802  0.472814  0.282393 0.0  0.347604  0.244290  0.430439  0.419468  0.489850  0.487110  0.734435  0.503074  0.730336  0.719666  0.512414  0.623489  0.528714  0.766611  0.538300  0.946778  0.926929  0.615419  0.532977  0.479225  0.921431  0.811444  0.661366  0.315478  0.675017  0.785710 
36  0.744437  0.722381  0.860878  0.775129  0.402943  0.715106  0.747157  0.753753  0.739978  0.593991  0.717732  0.709005  0.684260  0.446485  0.853295  0.595669  0.771391  0.650840  0.928764  0.643532  0.492661  0.543621  0.580113  0.192905  0.691184  0.265259  0.580499  0.633805  0.612916  0.408458  0.542432  0.436552  0.521608  0.311584  0.333434  0.347604 0.0  0.311450  0.298878  0.219738  0.343239  0.556581  0.760640  0.535370  0.734542  0.753407  0.707269  0.503567  0.334209  0.778759  0.536988  0.771404  0.786350  0.711320  0.571045  0.423008  0.758153  0.692922  0.788092  0.200822  0.761706  0.831537 
37  0.762004  0.699888  0.872236  0.696558  0.549725  0.702149  0.757581  0.672756  0.731138  0.453342  0.575466  0.716154  0.578610  0.365109  0.807041  0.633314  0.740670  0.614975  0.771858  0.731971  0.445885  0.604382  0.666839  0.358182  0.876446  0.392693  0.648294  0.704095  0.794562  0.440233  0.637533  0.303437  0.473776  0.363014  0.368696  0.244290  0.311450 0.0  0.312116  0.561417  0.392339  0.629044  0.810640  0.482322  0.817478  0.690488  0.513835  0.518389  0.495634  0.823228  0.609387  0.890753  0.787726  0.739619  0.486913  0.445170  0.779856  0.827014  0.675718  0.369002  0.698335  0.732514 
38  0.683978  0.721316  0.814041  0.668276  0.400942  0.721944  0.785184  0.746008  0.829105  0.581821  0.640681  0.728507  0.603353  0.315122  0.858020  0.704321  0.705031  0.647743  0.796597  0.824056  0.450403  0.414944  0.628235  0.214678  0.752548  0.366121  0.606855  0.844425  0.751489  0.312152  0.561508  0.419228  0.475775  0.304924  0.389369  0.430439  0.298878  0.312116 0.0  0.303816  0.306916  0.537290  0.829103  0.607704  0.703868  0.762108  0.603402  0.474846  0.385094  0.750296  0.492008  0.826691  0.795090  0.713776  0.439052  0.412105  0.812698  0.807563  0.707262  0.344451  0.904204  0.836786 
39  0.694008  0.669634  0.804695  0.608891  0.461757  0.699424  0.714851  0.731246  0.786551  0.558385  0.680750  0.773457  0.681663  0.470520  0.855791  0.482904  0.637935  0.662339  0.724350  0.769115  0.582310  0.314738  0.601279  0.358547  0.775295  0.260934  0.604032  0.698886  0.793360  0.380833  0.528764  0.342326  0.578629  0.357300  0.590112  0.419468  0.219738  0.561417  0.303816 0.0  0.322187  0.457351  0.793639  0.418911  0.755810  0.716324  0.591338  0.467082  0.437709  0.798890  0.550110  0.695941  0.778892  0.656183  0.558107  0.356746  0.849320  0.854339  0.647470  0.288564  0.763795  0.774473 
40  0.708225  0.681601  0.777037  0.746991  0.447753  0.755341  0.759957  0.783778  0.746633  0.601861  0.692230  0.820413  0.599814  0.565132  0.737594  0.553523  0.733908  0.602033  0.792129  0.683249  0.422138  0.524385  0.713968  0.398292  0.822521  0.218527  0.564961  0.698265  0.656659  0.418847  0.525477  0.561176  0.541913  0.398519  0.417929  0.489850  0.343239  0.392339  0.306916  0.322187 0.0  0.543453  0.839790  0.547796  0.770116  0.686742  0.647152  0.501334  0.412787  0.785934  0.504291  0.911033  0.817849  0.675688  0.480546  0.518519  0.778477  0.758493  0.804352  0.365699  0.699324  0.767452 
41  0.586130  0.683547  0.900044  0.579221  0.251619  0.654630  0.651090  0.728949  0.685835  0.540363  0.529161  0.591370  0.758887  0.534751  0.809934  0.555361  0.644508  0.667652  0.792255  0.912808  0.473048  0.644437  0.471262  0.516544  0.626295  0.596324  0.743262  0.648303  0.793534  0.505745  0.455303  0.603724  0.570444  0.569830  0.561445  0.487110  0.556581  0.629044  0.537290  0.457351  0.543453 0.0  0.673276  0.583089  0.669057  0.648816  0.455893  0.375953  0.727527  0.845779  0.433359  0.790193  0.793939  0.663782  0.461544  0.333049  0.807302  0.909540  0.507105  0.585156  0.828033  0.821894 
42  0.699012  0.514418  0.690014  0.486685  0.713843  0.455755  0.491018  0.537214  0.699595  0.724856  0.817992  0.666505  0.768800  0.658763  0.693511  0.552635  0.595326  0.681782  0.762693  0.883051  0.764295  0.735680  0.893705  0.742612  0.353059  0.762212  0.622340  0.627135  0.740613  0.799682  0.763720  0.720651  0.810337  0.773956  0.702113  0.734435  0.760640  0.810640  0.829103  0.793639  0.839790  0.673276 0.0  0.782934  0.751841  0.649237  0.773583  0.760898  0.876797  0.743025  0.818159  0.785269  0.699538  0.766791  0.826560  0.699497  0.617100  0.659870  0.712760  0.749210  0.834266  0.795241 
43  0.687702  0.737815  0.915627  0.735188  0.354987  0.778891  0.761476  0.704639  0.888837  0.450996  0.681197  0.785858  0.622819  0.373393  0.891862  0.636870  0.825226  0.616103  0.868745  0.710203  0.397057  0.612280  0.615280  0.431075  0.761773  0.630408  0.658581  0.743551  0.711642  0.525218  0.685884  0.519064  0.568556  0.527913  0.424429  0.503074  0.535370  0.482322  0.607704  0.418911  0.547796  0.583089  0.782934 0.0  0.780782  0.672106  0.517938  0.321430  0.723166  0.812849  0.477112  0.864807  0.777623  0.785607  0.490024  0.619486  0.828531  0.716723  0.655979  0.447153  0.751844  0.785674 
44  0.307889  0.758515  0.741059  0.719515  0.697790  0.737164  0.716149  0.660832  0.551809  0.686892  0.695753  0.761091  0.528364  0.672533  0.745603  0.601869  0.469500  0.657833  0.818526  0.802776  0.725610  0.871520  0.783137  0.691903  0.584085  0.663098  0.419750  0.748935  0.613347  0.567201  0.813877  0.709463  0.512115  0.694844  0.635483  0.730336  0.734542  0.817478  0.703868  0.755810  0.770116  0.669057  0.751841  0.780782 0.0  0.357415  0.811791  0.800458  0.768426  0.485448  0.841022  0.383408  0.687860  0.410015  0.866664  0.650425  0.615760  0.740917  0.714188  0.709001  0.761663  0.794278 
45  0.421970  0.769984  0.961325  0.676520  0.759305  0.701298  0.647653  0.750441  0.704549  0.673850  0.710228  0.639175  0.431727  0.705483  0.789221  0.624692  0.443736  0.613209  0.769444  0.765262  0.733183  0.795149  0.640346  0.709810  0.691035  0.698763  0.422970  0.678538  0.783209  0.527384  0.840702  0.721058  0.601174  0.732454  0.741207  0.719666  0.753407  0.690488  0.762108  0.716324  0.686742  0.648816  0.649237  0.672106  0.357415 0.0  0.761582  0.615595  0.811532  0.549351  0.740766  0.553370  0.739893  0.337384  0.728669  0.706345  0.709833  0.747003  0.586713  0.725920  0.724424  0.757915 
46  0.749320  0.861035  0.673284  0.805182  0.406051  0.834774  0.719756  0.882382  0.732541  0.535647  0.759010  0.638123  0.824625  0.497184  0.718466  0.753897  0.796970  0.723106  0.743075  0.852273  0.649384  0.524077  0.380848  0.760459  0.900066  0.736150  0.729353  0.661383  0.641724  0.658947  0.514678  0.676791  0.663788  0.693255  0.604199  0.512414  0.707269  0.513835  0.603402  0.591338  0.647152  0.455893  0.773583  0.517938  0.811791  0.761582 0.0  0.426625  0.648067  0.624876  0.540920  0.663999  0.703933  0.746899  0.511022  0.528168  0.827478  0.784005  0.816746  0.754090  0.748580  0.753460 
47  0.664580  0.740180  0.896946  0.672037  0.340433  0.738660  0.624212  0.730155  0.722645  0.597063  0.593376  0.701777  0.750138  0.593292  0.776819  0.602535  0.653112  0.750317  0.863273  0.820239  0.496295  0.522899  0.416197  0.440532  0.617688  0.591364  0.645492  0.769691  0.749637  0.550597  0.454344  0.689846  0.441274  0.488024  0.645231  0.623489  0.503567  0.518389  0.474846  0.467082  0.501334  0.375953  0.760898  0.321430  0.800458  0.615595  0.426625 0.0  0.481026  0.816652  0.554170  0.820994  0.768222  0.652191  0.292888  0.410644  0.808538  0.859897  0.619081  0.450485  0.798950  0.826708 
48  0.804541  0.796457  0.850325  0.719895  0.545012  0.971624  0.854993  0.825765  0.571575  0.606462  0.763505  0.977461  0.782466  0.520042  0.781585  0.717605  0.783905  0.681639  0.851820  0.616371  0.581688  0.538397  0.608846  0.336196  0.995662  0.488375  0.617702  0.749641  0.680057  0.381915  0.495676  0.525745  0.614073  0.405904  0.557154  0.528714  0.334209  0.495634  0.385094  0.437709  0.412787  0.727527  0.876797  0.723166  0.768426  0.811532  0.648067  0.481026 0.0  0.769034  0.466371  0.874153  0.875428  0.792979  0.533357  0.584060  0.811255  0.706215  0.882688  0.351729  0.808264  0.722539 
49  0.446892  0.879177  0.712524  0.835543  0.813805  0.859519  0.787649  0.754576  0.487830  0.690376  0.800255  0.704853  0.568816  0.844161  0.715675  0.737308  0.448191  0.763652  0.612239  0.679896  0.723255  0.690102  0.567689  0.783837  0.842456  0.757945  0.459507  0.904314  0.526694  0.668082  0.847581  0.793800  0.696082  0.864808  0.748408  0.766611  0.778759  0.823228  0.750296  0.798890  0.785934  0.845779  0.743025  0.812849  0.485448  0.549351  0.624876  0.816652  0.769034 0.0  0.775443  0.357641  0.582826  0.592865  0.756197  0.771310  0.731873  0.634406  0.764790  0.742186  0.632944  0.600976 
50  0.667988  0.832903  0.743414  0.696266  0.425196  0.874546  0.766205  0.766952  0.775853  0.648792  0.793589  0.829373  0.679933  0.504019  0.816435  0.684408  0.782861  0.607874  0.700015  0.649692  0.403057  0.466806  0.409867  0.427361  0.845060  0.493336  0.733933  0.858894  0.722714  0.467709  0.420887  0.577439  0.491065  0.520281  0.530730  0.538300  0.536988  0.609387  0.492008  0.550110  0.504291  0.433359  0.818159  0.477112  0.841022  0.740766  0.540920  0.554170  0.466371  0.775443 0.0  0.772599  0.694595  0.782811  0.290385  0.565690  0.800961  0.817554  0.758096  0.536066  0.579814  0.744759 
51  0.441124  0.878914  0.668633  0.850274  0.767699  0.866090  0.691633  0.868279  0.554634  0.654649  0.788414  0.821142  0.702341  0.712444  0.732688  0.746342  0.457590  0.748254  0.624559  0.818956  0.726283  0.717437  0.638555  0.884102  0.661494  0.879411  0.597110  0.805756  0.569069  0.696296  0.940306  0.885625  0.748957  0.811308  0.721712  0.946778  0.771404  0.890753  0.826691  0.695941  0.911033  0.790193  0.785269  0.864807  0.383408  0.553370  0.663999  0.820994  0.874153  0.357641  0.772599 0.0  0.518656  0.517449  0.752803  0.696755  0.722782  0.734982  0.804321  0.835007  0.587495  0.674663 
52  0.856232  0.663813  0.350641  0.621060  0.748245  0.680885  0.752082  0.629038  0.713022  0.935784  0.770640  0.776965  0.737262  0.805592  0.293682  0.759597  0.697342  0.643885  0.672488  0.727110  0.871584  0.711286  0.817223  0.845870  0.710720  0.867537  0.631488  0.720643  0.756910  0.794822  0.832826  0.948474  0.806380  0.850486  0.811436  0.926929  0.786350  0.787726  0.795090  0.778892  0.817849  0.793939  0.699538  0.777623  0.687860  0.739893  0.703933  0.768222  0.875428  0.582826  0.694595  0.518656 0.0  0.720775  0.808549  0.819864  0.428035  0.279633  0.869743  0.910425  0.645288  0.741591 
53  0.379935  0.856501  0.751192  0.582243  0.741841  0.603892  0.681004  0.663169  0.479406  0.565269  0.763488  0.763638  0.558548  0.755436  0.747227  0.528755  0.398249  0.656367  0.888876  0.757508  0.665507  0.729024  0.807176  0.772764  0.747798  0.721598  0.568209  0.650511  0.720264  0.599120  0.616263  0.799048  0.692619  0.694913  0.839026  0.615419  0.711320  0.739619  0.713776  0.656183  0.675688  0.663782  0.766791  0.785607  0.410015  0.337384  0.746899  0.652191  0.792979  0.592865  0.782811  0.517449  0.720775 0.0  0.690031  0.712791  0.866704  0.747817  0.669884  0.809714  0.837662  0.836871 
54  0.724481  0.772005  0.806655  0.751595  0.355955  0.717565  0.692936  0.661870  0.754108  0.697930  0.745664  0.700533  0.686080  0.592413  0.849513  0.699723  0.822740  0.734777  0.829194  0.796074  0.481182  0.511578  0.523913  0.427291  0.720534  0.450488  0.696305  0.768563  0.871561  0.406814  0.442673  0.374357  0.418406  0.569901  0.546688  0.532977  0.571045  0.486913  0.439052  0.558107  0.480546  0.461544  0.826560  0.490024  0.866664  0.728669  0.511022  0.292888  0.533357  0.756197  0.290385  0.752803  0.808549  0.690031 0.0  0.668845  0.802879  0.726013  0.704577  0.443917  0.648837  0.887842 
55  0.785660  0.789571  0.811090  0.662881  0.465062  0.603530  0.747315  0.693568  0.786465  0.462623  0.765663  0.631266  0.737282  0.572403  0.895852  0.615759  0.592682  0.660114  0.798903  0.833562  0.421802  0.437525  0.451551  0.357705  0.624977  0.407510  0.764302  0.711033  0.921528  0.377453  0.562399  0.539545  0.569389  0.447919  0.441259  0.479225  0.423008  0.445170  0.412105  0.356746  0.518519  0.333049  0.699497  0.619486  0.650425  0.706345  0.528168  0.410644  0.584060  0.771310  0.565690  0.696755  0.819864  0.712791  0.668845 0.0  0.837181  0.890940  0.784055  0.488422  0.792852  0.875364 
56  0.820332  0.701336  0.375453  0.726349  0.813180  0.634958  0.695317  0.624036  0.702522  0.797565  0.797777  0.853598  0.597487  0.808848  0.420673  0.743302  0.722694  0.659461  0.630034  0.950380  0.779406  0.687089  0.735974  0.850253  0.760979  0.847884  0.783037  0.843698  0.683807  0.951514  0.765574  0.823622  0.831856  0.867728  0.830849  0.921431  0.758153  0.779856  0.812698  0.849320  0.778477  0.807302  0.617100  0.828531  0.615760  0.709833  0.827478  0.808538  0.811255  0.731873  0.800961  0.722782  0.428035  0.866704  0.802879  0.837181 0.0  0.250587  0.830472  0.841796  0.742486  0.761561 
57  0.707630  0.722327  0.350185  0.658229  0.715370  0.710578  0.666445  0.604965  0.700561  0.922521  0.775973  0.815040  0.632371  0.840672  0.263404  0.642070  0.821984  0.611512  0.677178  0.743295  0.856117  0.681129  0.773596  0.869431  0.623439  0.784978  0.726214  0.929432  0.649761  0.837664  0.825704  0.849324  0.849909  0.890731  0.832905  0.811444  0.692922  0.827014  0.807563  0.854339  0.758493  0.909540  0.659870  0.716723  0.740917  0.747003  0.784005  0.859897  0.706215  0.634406  0.817554  0.734982  0.279633  0.747817  0.726013  0.890940  0.250587 0.0  0.782854  0.810710  0.694071  0.696626 
58  0.673403  0.745812  0.910496  0.701526  0.746968  0.657413  0.656736  0.813685  0.793888  0.532009  0.526737  0.440208  0.757100  0.744368  0.853830  0.601033  0.629433  0.701169  0.843704  0.854919  0.686706  0.715458  0.875282  0.676651  0.594674  0.669275  0.723734  0.418111  0.781593  0.673403  0.672505  0.773456  0.690952  0.825831  0.713765  0.661366  0.788092  0.675718  0.707262  0.647470  0.804352  0.507105  0.712760  0.655979  0.714188  0.586713  0.816746  0.619081  0.882688  0.764790  0.758096  0.804321  0.869743  0.669884  0.704577  0.784055  0.830472  0.782854 0.0  0.646539  0.857563  0.853309 
59  0.722453  0.724081  0.921584  0.805247  0.494461  0.853300  0.676761  0.601069  0.780591  0.523037  0.713437  0.718152  0.685540  0.429721  0.887495  0.634075  0.656034  0.636388  0.973329  0.864005  0.404109  0.408837  0.606193  0.150170  0.704917  0.363030  0.625857  0.851539  0.683258  0.555124  0.532273  0.380148  0.440189  0.383744  0.414532  0.315478  0.200822  0.369002  0.344451  0.288564  0.365699  0.585156  0.749210  0.447153  0.709001  0.725920  0.754090  0.450485  0.351729  0.742186  0.536066  0.835007  0.910425  0.809714  0.443917  0.488422  0.841796  0.810710  0.646539 0.0  0.729721  0.720128 
60  0.741622  0.856892  0.657376  0.775915  0.729719  0.836584  0.798439  0.911143  0.651989  0.701268  0.784185  0.736639  0.720024  0.816765  0.731941  0.667667  0.634827  0.560039  0.286343  0.501354  0.767976  0.642851  0.864019  0.723255  0.924979  0.778564  0.648942  0.800922  0.609546  0.819547  0.815501  0.857446  0.793675  0.765013  0.734903  0.675017  0.761706  0.698335  0.904204  0.763795  0.699324  0.828033  0.834266  0.751844  0.761663  0.724424  0.748580  0.798950  0.808264  0.632944  0.579814  0.587495  0.645288  0.837662  0.648837  0.792852  0.742486  0.694071  0.857563  0.729721 0.0  0.405676 
61  0.565752  0.822846  0.772701  0.814534  0.836498  0.767432  0.755522  0.858537  0.611342  0.945217  0.796822  0.794366  0.602010  0.751214  0.753781  0.709879  0.876500  0.458089  0.253520  0.306478  0.801328  0.730184  0.722630  0.783664  0.854753  0.691738  0.765065  0.840456  0.683482  0.667967  0.753036  0.827722  0.687757  0.873660  0.742770  0.785710  0.831537  0.732514  0.836786  0.774473  0.767452  0.821894  0.795241  0.785674  0.794278  0.757915  0.753460  0.826708  0.722539  0.600976  0.744759  0.674663  0.741591  0.836871  0.887842  0.875364  0.761561  0.696626  0.853309  0.720128  0.405676 0.0 
