62
0 0.0  0.627568  0.709775  0.692158  0.727391  0.620598  0.681727  0.578882  0.660878  0.501954  0.636997  0.682856  0.449602  0.634909  0.693509  0.601130  0.280043  0.546543  0.702330  0.676527  0.523899  0.724603  0.766299  0.683363  0.734790  0.692144  0.483610  0.764241  0.604842  0.534414  0.729492  0.732222  0.526843  0.764759  0.627502  0.684124  0.628758  0.661624  0.655489  0.588647  0.740517  0.642779  0.655508  0.677208  0.344442  0.462145  0.786169  0.748212  0.753307  0.590237  0.815044  0.527414  0.742380  0.481415  0.639927  0.753426  0.768893  0.841218  0.688456  0.722245  0.740997  0.623635 
1  0.627568 0.0  0.670554  0.443885  0.721507  0.384565  0.333701  0.296583  0.688832  0.630178  0.672467  0.769143  0.693618  0.661967  0.719651  0.438480  0.718903  0.568913  0.721033  0.796529  0.734551  0.930349  0.839945  0.615459  0.392804  0.792815  0.666093  0.633615  0.654812  0.632689  0.748977  0.686402  0.684165  0.774319  0.753610  0.664296  0.718981  0.723868  0.761471  0.657990  0.781432  0.671956  0.486769  0.862564  0.592045  0.608731  0.833964  0.662150  0.747883  0.690734  0.735549  0.919916  0.619011  0.792722  0.742061  0.719135  0.707360  0.576773  0.733295  0.714084  0.715597  0.962309 
2  0.709775  0.670554 0.0  0.707106  0.875289  0.695369  0.560434  0.636064  0.696195  0.846384  0.739467  0.773066  0.639309  0.773475  0.298140  0.775434  0.791693  0.632452  0.539038  0.788440  0.858329  0.619058  0.712901  1.000000  0.669715  0.787731  0.659605  0.871192  0.683668  0.816150  0.866079  0.818624  0.839249  0.821221  0.728413  0.833072  0.835703  0.779922  0.854853  0.726312  0.768528  0.843269  0.760796  0.835933  0.764831  0.805889  0.790144  0.851987  0.870372  0.582501  0.760811  0.490164  0.348057  0.736946  0.611341  0.814871  0.268093  0.359623  0.713057  0.766743  0.698219  0.625855 
3  0.692158  0.443885  0.707106 0.0  0.729041  0.244948  0.358778  0.317449  0.736706  0.502218  0.611450  0.705672  0.615043  0.724835  0.685302  0.497074  0.682410  0.659432  0.778294  0.813924  0.777376  0.760093  0.740398  0.742148  0.370160  0.706901  0.565954  0.586708  0.661751  0.747799  0.908507  0.631589  0.628506  0.719988  0.712625  0.769776  0.687111  0.772953  0.721555  0.709132  0.856930  0.700177  0.407328  0.761368  0.526367  0.637088  0.751038  0.639695  0.805533  0.757910  0.763779  0.761899  0.619907  0.598977  0.715444  0.687026  0.652395  0.769513  0.710290  0.765610  0.798087  0.802530 
4  0.727391  0.721507  0.875289  0.729041 0.0  0.704131  0.703026  0.763571  0.721955  0.533178  0.555661  0.762233  0.612901  0.487865  0.865921  0.578164  0.721678  0.599053  0.859042  0.795199  0.278851  0.605607  0.591853  0.482484  0.687758  0.423029  0.554002  0.728581  0.628620  0.386576  0.469902  0.543577  0.583037  0.355914  0.318970  0.557084  0.422226  0.433140  0.460562  0.443011  0.409415  0.464751  0.747582  0.461897  0.653043  0.634627  0.553258  0.476269  0.560345  0.714091  0.340419  0.874833  0.861625  0.772897  0.448907  0.488373  0.753230  0.900611  0.819839  0.327616  0.759978  0.761472 
5  0.620598  0.384565  0.695369  0.244948  0.704131 0.0  0.453314  0.383540  0.851000  0.589378  0.699953  0.586681  0.639228  0.579875  0.720409  0.566908  0.600228  0.666367  0.807384  0.795836  0.685432  0.723596  0.804758  0.680751  0.319028  0.768965  0.718813  0.654187  0.681229  0.789735  0.663242  0.760253  0.755964  0.633347  0.662663  0.689161  0.798480  0.714984  0.669705  0.638170  0.741056  0.606441  0.386349  0.725617  0.712510  0.577236  0.810415  0.654647  0.860813  0.689267  0.897300  0.685726  0.774893  0.766662  0.710443  0.664253  0.696386  0.617331  0.664555  0.679394  0.765245  0.822359 
6  0.681727  0.333701  0.560434  0.358778  0.703026  0.453314 0.0  0.351990  0.722079  0.626309  0.644175  0.673018  0.656691  0.723011  0.612848  0.589806  0.592812  0.682778  0.878970  0.874275  0.692092  0.736342  0.858522  0.638620  0.324459  0.810419  0.649098  0.613672  0.648449  0.735193  0.727689  0.773987  0.752776  0.675365  0.755562  0.632902  0.703614  0.766349  0.744086  0.750428  0.785108  0.704847  0.422705  0.692806  0.648665  0.648399  0.760422  0.694853  0.859960  0.774258  0.713784  0.749609  0.736291  0.659012  0.811552  0.627843  0.546569  0.626436  0.626019  0.669679  0.868743  0.791749 
7  0.578882  0.296583  0.636064  0.317449  0.763571  0.383540  0.351990 0.0  0.637236  0.797507  0.569430  0.663003  0.784139  0.844661  0.660551  0.675211  0.609149  0.688686  0.776522  0.895399  0.725398  0.737035  0.804285  0.689965  0.272881  0.701530  0.667597  0.761951  0.784338  0.744884  0.772339  0.698274  0.666194  0.653174  0.727123  0.709387  0.675762  0.735959  0.765114  0.661276  0.696687  0.579283  0.421190  0.772752  0.635700  0.729315  0.744130  0.680064  0.765475  0.743477  0.744066  0.804007  0.728318  0.713721  0.887391  0.707835  0.680440  0.629878  0.677929  0.728344  0.894603  0.944708 
8  0.660878  0.688832  0.696195  0.736706  0.721955  0.851000  0.722079  0.637236 0.0  0.734176  0.725660  0.779065  0.528674  0.654012  0.630154  0.628320  0.549859  0.808769  0.557428  0.589803  0.691102  0.863594  0.727126  0.820955  0.611450  0.688296  0.698382  0.795339  0.643359  0.735518  0.586273  0.723501  0.779515  0.729859  0.824111  0.762740  0.837234  0.662205  0.870637  0.746220  0.723334  0.655167  0.709387  0.735352  0.495080  0.599373  0.738288  0.707808  0.499678  0.568230  0.689126  0.644403  0.658960  0.602198  0.726277  0.771357  0.723275  0.626174  0.748083  0.699447  0.719899  0.624542 
9  0.501954  0.630178  0.846384  0.502218  0.533178  0.589378  0.626309  0.797507  0.734176 0.0  0.664507  0.647894  0.701844  0.537178  0.826087  0.609303  0.593494  0.620672  0.755967  0.724869  0.535666  0.631573  0.511982  0.643241  0.672695  0.503435  0.574239  0.629385  0.739371  0.333331  0.594408  0.437897  0.378800  0.493150  0.386563  0.455836  0.563157  0.502194  0.571289  0.618617  0.568973  0.526449  0.669265  0.492973  0.627425  0.664712  0.474637  0.494038  0.601489  0.731300  0.655329  0.643322  0.741825  0.581118  0.619824  0.604868  0.756739  0.807491  0.661332  0.375043  0.911154  0.800044 
10  0.636997  0.672467  0.739467  0.611450  0.555661  0.699953  0.644175  0.569430  0.725660  0.664507 0.0  0.361919  0.603941  0.537196  0.835443  0.524243  0.743562  0.661535  0.792044  0.761226  0.652599  0.806403  0.735094  0.628521  0.693495  0.614937  0.739227  0.455219  0.773697  0.677333  0.812141  0.756487  0.805979  0.624686  0.571044  0.751963  0.682730  0.702074  0.681762  0.635763  0.681682  0.607139  0.711330  0.629913  0.708469  0.675754  0.713405  0.694063  0.759384  0.748282  0.700412  0.742185  0.811775  0.708610  0.743066  0.670623  0.781318  0.823707  0.508969  0.736192  0.801745  0.633646 
11  0.682856  0.769143  0.773066  0.705672  0.762233  0.586681  0.673018  0.663003  0.779065  0.647894  0.361919 0.0  0.644225  0.713489  0.721003  0.553385  0.730732  0.678687  0.895440  0.878596  0.691918  0.742917  0.776196  0.698901  0.662010  0.746650  0.780406  0.412232  0.720092  0.709056  0.737950  0.684055  0.666548  0.851006  0.676051  0.704713  0.634160  0.728713  0.715864  0.647850  0.717932  0.661904  0.595476  0.679988  0.799229  0.739428  0.796709  0.656500  0.911361  0.742935  0.873311  0.820552  0.840216  0.671090  0.774204  0.699984  0.843654  0.990750  0.522838  0.734313  0.852776  0.806584 
12  0.449602  0.693618  0.639309  0.615043  0.612901  0.639228  0.656691  0.784139  0.528674  0.701844  0.603941  0.644225 0.0  0.648749  0.640022  0.656349  0.444574  0.533256  0.714265  0.660538  0.621970  0.695260  0.740673  0.590951  0.674228  0.522034  0.348721  0.680329  0.549725  0.519743  0.713764  0.614748  0.606210  0.587045  0.612400  0.666630  0.557492  0.664876  0.562307  0.656095  0.561871  0.719836  0.734680  0.546337  0.550828  0.464093  0.758629  0.749223  0.642285  0.565200  0.695507  0.581203  0.661613  0.581291  0.640611  0.678753  0.726206  0.576504  0.663285  0.592425  0.732705  0.766586 
13  0.634909  0.661967  0.773475  0.724835  0.487865  0.579875  0.723011  0.844661  0.654012  0.537178  0.537196  0.713489  0.648749 0.0  0.926943  0.605200  0.697578  0.670296  0.835732  0.748245  0.458811  0.608976  0.643627  0.404373  0.627364  0.449563  0.517881  0.667695  0.715416  0.502678  0.614952  0.395122  0.525533  0.324251  0.493364  0.272667  0.424834  0.437917  0.379532  0.416278  0.537169  0.517783  0.681815  0.410313  0.662764  0.709032  0.662871  0.510198  0.502253  0.726061  0.485110  0.832806  0.862903  0.797754  0.375136  0.462630  0.798183  0.798981  0.805880  0.354965  0.597381  0.702383 
14  0.693509  0.719651  0.298140  0.685302  0.865921  0.720409  0.612848  0.660551  0.630154  0.826087  0.835443  0.721003  0.640022  0.926943 0.0  0.592788  0.803698  0.563258  0.701246  0.812484  0.831652  0.660314  0.667026  0.758343  0.705510  0.881837  0.706671  0.763000  0.735436  0.738516  0.894477  0.881699  0.821804  0.803847  0.798553  0.867088  0.773359  0.753545  0.854031  0.749938  0.880113  0.960535  0.784392  0.796489  0.665657  0.841579  0.772328  0.797156  0.784518  0.653330  0.812456  0.585486  0.266844  0.726270  0.910462  0.742489  0.419343  0.427261  0.791644  0.866725  0.604861  0.645435 
15  0.601130  0.438480  0.775434  0.497074  0.578164  0.566908  0.589806  0.675211  0.628320  0.609303  0.524243  0.553385  0.656349  0.605200  0.592788 0.0  0.670285  0.590965  0.754440  0.705263  0.711904  0.732358  0.800284  0.700057  0.460369  0.546533  0.640144  0.526339  0.720404  0.474946  0.566005  0.616544  0.539002  0.548290  0.609397  0.669952  0.542399  0.574191  0.611963  0.676363  0.485149  0.542695  0.620082  0.567147  0.679093  0.568148  0.631250  0.633653  0.714153  0.654798  0.612525  0.630184  0.761936  0.482210  0.693118  0.474447  0.769921  0.666659  0.626901  0.554288  0.737892  0.788364 
16  0.280043  0.718903  0.791693  0.682410  0.721678  0.600228  0.592812  0.609149  0.549859  0.593494  0.743562  0.730732  0.444574  0.697578  0.803698  0.670285 0.0  0.570508  0.806658  0.641607  0.722946  0.668238  0.735251  0.688784  0.572624  0.754703  0.477081  0.612298  0.683048  0.652767  0.715389  0.625733  0.605613  0.614963  0.615476  0.715318  0.753609  0.657536  0.605453  0.624613  0.633055  0.654963  0.607205  0.744341  0.464766  0.386972  0.791158  0.574731  0.777691  0.580776  0.835685  0.445512  0.737962  0.392139  0.735240  0.618749  0.746768  0.881451  0.621973  0.831607  0.761179  0.649956 
17  0.546543  0.568913  0.632452  0.659432  0.599053  0.666367  0.682778  0.688686  0.808769  0.620672  0.661535  0.678687  0.533256  0.670296  0.563258  0.590965  0.570508 0.0  0.442866  0.404960  0.539092  0.726242  0.737055  0.566345  0.591910  0.649259  0.542090  0.737768  0.681323  0.555284  0.805319  0.558755  0.583902  0.590678  0.484913  0.657958  0.585159  0.573967  0.605379  0.634188  0.533652  0.660458  0.616094  0.560411  0.680426  0.556840  0.810900  0.581608  0.610862  0.671518  0.543256  0.666169  0.561421  0.669524  0.697675  0.626087  0.563873  0.610275  0.706815  0.582928  0.609132  0.448295 
18  0.702330  0.721033  0.539038  0.778294  0.859042  0.807384  0.878970  0.776522  0.557428  0.755967  0.792044  0.895440  0.714265  0.835732  0.701246  0.754440  0.806658  0.442866 0.0  0.364857  0.814694  0.713607  0.684630  0.753557  0.809343  0.704032  0.697383  0.828225  0.630108  0.832744  0.738814  0.877186  0.809579  0.754792  0.680284  0.742047  0.828162  0.753456  0.813042  0.723468  0.759399  0.730486  0.882343  0.688977  0.651742  0.852894  0.683055  0.787075  0.831112  0.690547  0.694806  0.559788  0.650104  0.722381  0.784246  0.756452  0.595558  0.695916  0.715830  0.776044  0.321676  0.281895 
19  0.676527  0.796529  0.788440  0.813924  0.795199  0.795836  0.874275  0.895399  0.589803  0.724869  0.761226  0.878596  0.660538  0.748245  0.812484  0.705263  0.641607  0.404960  0.364857 0.0  0.809194  0.677766  0.748016  0.811376  0.825360  0.619157  0.641775  0.805734  0.728872  0.626650  0.765572  0.806011  0.708495  0.735998  0.705703  0.718273  0.773596  0.695571  0.782242  0.907296  0.747327  0.778283  0.795413  0.725351  0.751655  0.746999  0.714479  0.886035  0.583476  0.611789  0.745857  0.729623  0.767204  0.799188  0.844397  0.946404  0.776213  0.779471  0.779453  0.670197  0.379862  0.464058 
20  0.523899  0.734551  0.858329  0.777376  0.278851  0.685432  0.692092  0.725398  0.691102  0.535666  0.652599  0.691918  0.621970  0.458811  0.831652  0.711904  0.722946  0.539092  0.814694  0.809194 0.0  0.484586  0.517617  0.504102  0.760187  0.455735  0.671439  0.766736  0.772718  0.434942  0.610592  0.483105  0.440417  0.371685  0.414112  0.473944  0.357216  0.512566  0.465471  0.484368  0.553825  0.442622  0.714383  0.340079  0.688640  0.774635  0.473513  0.459818  0.554318  0.883283  0.435980  0.795179  0.755598  0.729281  0.500108  0.452541  0.869094  0.765476  0.669324  0.346518  0.751769  0.695456 
21  0.724603  0.930349  0.619058  0.760093  0.605607  0.723596  0.736342  0.737035  0.863594  0.631573  0.806403  0.742917  0.695260  0.608976  0.660314  0.732358  0.668238  0.726242  0.713607  0.677766  0.484586 0.0  0.416144  0.538056  0.768117  0.430164  0.682701  0.783237  0.710019  0.508512  0.479682  0.563389  0.616450  0.464720  0.602309  0.559134  0.436124  0.553118  0.500453  0.339795  0.403559  0.593056  0.749582  0.696455  0.779085  0.677839  0.561838  0.505681  0.502544  0.696651  0.637330  0.647338  0.722104  0.822914  0.471653  0.416242  0.723943  0.720529  0.668896  0.498968  0.642874  0.651935 
22  0.766299  0.839945  0.712901  0.740398  0.591853  0.804758  0.858522  0.804285  0.727126  0.511982  0.735094  0.776196  0.740673  0.643627  0.667026  0.800284  0.735251  0.737055  0.684630  0.748016  0.517617  0.416144 0.0  0.583929  0.749902  0.649251  0.807175  0.775211  0.727500  0.629147  0.518408  0.644967  0.614972  0.670460  0.693200  0.648034  0.627002  0.660388  0.631698  0.586210  0.613983  0.438358  0.687179  0.569523  0.752778  0.686535  0.456058  0.398785  0.583705  0.696852  0.516417  0.741914  0.712454  0.630103  0.459380  0.502400  0.704238  0.610639  0.769912  0.554234  0.716125  0.730721 
23  0.683363  0.615459  1.000000  0.742148  0.482484  0.680751  0.638620  0.689965  0.820955  0.643241  0.628521  0.698901  0.590951  0.404373  0.758343  0.700057  0.688784  0.566345  0.753557  0.811376  0.504102  0.538056  0.583929 0.0  0.732343  0.298604  0.609577  0.592676  0.707915  0.398770  0.678548  0.321640  0.341456  0.324085  0.419338  0.332114  0.373355  0.424923  0.274523  0.266180  0.296078  0.470477  0.729104  0.464053  0.733696  0.693019  0.699299  0.549307  0.318422  0.828365  0.458201  0.682589  0.766345  0.700696  0.417633  0.387085  0.831031  0.836958  0.691166  0.322978  0.746570  0.861233 
24  0.734790  0.392804  0.669715  0.370160  0.687758  0.319028  0.324459  0.272881  0.611450  0.672695  0.693495  0.662010  0.674228  0.627364  0.705510  0.460369  0.572624  0.591910  0.809343  0.825360  0.760187  0.768117  0.749902  0.732343 0.0  0.802545  0.716184  0.602734  0.677794  0.772731  0.668810  0.710221  0.732029  0.644843  0.716297  0.744399  0.669531  0.725523  0.841256  0.741857  0.722026  0.638221  0.412012  0.819851  0.622515  0.609882  0.720956  0.634996  0.819141  0.791012  0.912565  0.738504  0.672456  0.582359  0.798565  0.650108  0.716492  0.639456  0.664442  0.709487  0.870790  0.789359 
25  0.692144  0.792815  0.787731  0.706901  0.423029  0.768965  0.810419  0.701530  0.688296  0.503435  0.614937  0.746650  0.522034  0.449563  0.881837  0.546533  0.754703  0.649259  0.704032  0.619157  0.455735  0.430164  0.649251  0.298604  0.802545 0.0  0.555354  0.816544  0.716550  0.342185  0.610077  0.242880  0.400848  0.293726  0.336683  0.414706  0.256565  0.340759  0.355764  0.194946  0.235027  0.421732  0.746446  0.528429  0.717804  0.742127  0.652902  0.468676  0.440430  0.712628  0.558142  0.780930  0.733850  0.714291  0.497142  0.398996  0.865126  0.790254  0.716528  0.303595  0.730123  0.731988 
26  0.483610  0.666093  0.659605  0.565954  0.554002  0.718813  0.649098  0.667597  0.698382  0.574239  0.739227  0.780406  0.348721  0.517881  0.706671  0.640144  0.477081  0.542090  0.697383  0.641775  0.671439  0.682701  0.807175  0.609577  0.716184  0.555354 0.0  0.690091  0.580495  0.619442  0.820757  0.657874  0.569087  0.538967  0.745919  0.506977  0.587255  0.635059  0.521429  0.581629  0.563721  0.570873  0.634158  0.566420  0.473360  0.451304  0.774641  0.638755  0.652893  0.598429  0.553154  0.506546  0.627486  0.558360  0.615652  0.637547  0.750476  0.683905  0.609408  0.689399  0.827404  0.687458 
27  0.764241  0.633615  0.871192  0.586708  0.728581  0.654187  0.613672  0.761951  0.795339  0.629385  0.455219  0.412232  0.680329  0.667695  0.763000  0.526339  0.612298  0.737768  0.828225  0.805734  0.766736  0.783237  0.775211  0.592676  0.602734  0.816544  0.690091 0.0  0.720379  0.687781  0.647462  0.781628  0.769593  0.719848  0.635508  0.839535  0.807067  0.585175  0.706601  0.617798  0.705303  0.624277  0.640603  0.639063  0.825227  0.575511  0.680920  0.555231  0.707374  0.822436  0.756897  0.759118  0.792599  0.612151  0.717106  0.633348  0.873398  0.862116  0.575867  0.729973  0.854107  0.872733 
28  0.604842  0.654812  0.683668  0.661751  0.628620  0.681229  0.648449  0.784338  0.643359  0.739371  0.773697  0.720092  0.549725  0.715416  0.735436  0.720404  0.683048  0.681323  0.630108  0.728872  0.772718  0.710019  0.727500  0.707915  0.677794  0.716550  0.580495  0.720379 0.0  0.715358  0.757718  0.711426  0.691638  0.769110  0.719179  0.829393  0.711349  0.659162  0.679647  0.718251  0.707972  0.788654  0.699823  0.827412  0.562451  0.604105  0.678756  0.815772  0.731450  0.504706  0.746611  0.510595  0.654188  0.585430  0.692256  0.704091  0.620108  0.675132  0.918538  0.763578  0.568634  0.666689 
29  0.534414  0.632689  0.816150  0.747799  0.386576  0.789735  0.735193  0.744884  0.735518  0.333331  0.677333  0.709056  0.519743  0.502678  0.738516  0.474946  0.652767  0.555284  0.832744  0.626650  0.434942  0.508512  0.629147  0.398770  0.772731  0.342185  0.619442  0.687781  0.715358 0.0  0.556568  0.512220  0.364813  0.455308  0.380389  0.352734  0.309510  0.403071  0.433940  0.352489  0.418665  0.570873  0.660408  0.563259  0.532099  0.593785  0.623846  0.533992  0.478990  0.651110  0.412312  0.695959  0.766118  0.637488  0.435069  0.540217  0.768016  0.800393  0.691737  0.322265  0.779154  0.702046 
30  0.729492  0.748977  0.866079  0.908507  0.469902  0.663242  0.727689  0.772339  0.586273  0.594408  0.812141  0.737950  0.713764  0.614952  0.894477  0.566005  0.715389  0.805319  0.738814  0.765572  0.610592  0.479682  0.518408  0.678548  0.668810  0.610077  0.820757  0.647462  0.757718  0.556568 0.0  0.612080  0.548175  0.650574  0.513929  0.652050  0.602645  0.574266  0.649124  0.531981  0.418790  0.448569  0.751443  0.500448  0.839780  0.729219  0.323130  0.405054  0.406733  0.781565  0.455864  0.685939  0.835791  0.687409  0.451560  0.579507  0.807089  0.861089  0.674651  0.523556  0.810444  0.794552 
31  0.732222  0.686402  0.818624  0.631589  0.543577  0.760253  0.773987  0.698274  0.723501  0.437897  0.756487  0.684055  0.614748  0.395122  0.881699  0.616544  0.625733  0.558755  0.877186  0.806011  0.483105  0.563389  0.644967  0.321640  0.710221  0.242880  0.657874  0.781628  0.711426  0.512220  0.612080 0.0  0.438013  0.377438  0.346068  0.290593  0.361464  0.285441  0.423492  0.342580  0.508457  0.563558  0.673690  0.393413  0.567125  0.758074  0.506542  0.648610  0.561258  0.671883  0.510818  0.860530  0.766404  0.644230  0.643466  0.533644  0.738958  0.833184  0.642704  0.372736  0.673148  0.851636 
32  0.526843  0.684165  0.839249  0.628506  0.583037  0.755964  0.752776  0.666194  0.779515  0.378800  0.805979  0.666548  0.606210  0.525533  0.821804  0.539002  0.605613  0.583902  0.809579  0.708495  0.440417  0.616450  0.614972  0.341456  0.732029  0.400848  0.569087  0.769593  0.691638  0.364813  0.548175  0.438013 0.0  0.451705  0.296937  0.450197  0.360685  0.654585  0.497332  0.447541  0.461650  0.575619  0.740182  0.539663  0.577226  0.623655  0.609602  0.556694  0.534724  0.709133  0.518097  0.661424  0.772092  0.559943  0.475320  0.555972  0.704415  0.682537  0.620388  0.431222  0.782865  0.641424 
33  0.764759  0.774319  0.821221  0.719988  0.355914  0.633347  0.675365  0.653174  0.729859  0.493150  0.624686  0.851006  0.587045  0.324251  0.803847  0.548290  0.614963  0.590678  0.754792  0.735998  0.371685  0.464720  0.670460  0.324085  0.644843  0.293726  0.538967  0.719848  0.769110  0.455308  0.650574  0.377438  0.451705 0.0  0.386359  0.328661  0.355348  0.420446  0.212708  0.357657  0.284540  0.503482  0.822272  0.623255  0.741634  0.790328  0.669629  0.403278  0.316103  0.788360  0.413003  0.850432  0.785236  0.769460  0.431626  0.452824  0.976208  0.690825  0.747478  0.334835  0.813480  0.838958 
34  0.627502  0.753610  0.728413  0.712625  0.318970  0.662663  0.755562  0.727123  0.824111  0.386563  0.571044  0.676051  0.612400  0.493364  0.798553  0.609397  0.615476  0.484913  0.680284  0.705703  0.414112  0.602309  0.693200  0.419338  0.716297  0.336683  0.745919  0.635508  0.719179  0.380389  0.513929  0.346068  0.296937  0.386359 0.0  0.352376  0.396548  0.298551  0.418817  0.480323  0.437945  0.442761  0.776702  0.438008  0.613873  0.655175  0.594185  0.516844  0.549797  0.754781  0.489874  0.850512  0.790437  0.669145  0.445515  0.463882  0.724087  0.729364  0.746069  0.440987  0.608093  0.673859 
35  0.684124  0.664296  0.833072  0.769776  0.557084  0.689161  0.632902  0.709387  0.762740  0.455836  0.751963  0.704713  0.666630  0.272667  0.867088  0.669952  0.715318  0.657958  0.742047  0.718273  0.473944  0.559134  0.648034  0.332114  0.744399  0.414706  0.506977  0.839535  0.829393  0.352734  0.652050  0.290593  0.450197  0.328661  0.352376 0.0  0.401568  0.234594  0.356489  0.404795  0.416724  0.528263  0.621268  0.432859  0.720536  0.585911  0.560390  0.567330  0.386586  0.766230  0.495463  0.766438  0.727774  0.651321  0.661522  0.466987  0.672302  0.871246  0.751971  0.478236  0.785485  0.645193 
36  0.628758  0.718981  0.835703  0.687111  0.422226  0.798480  0.703614  0.675762  0.837234  0.563157  0.682730  0.634160  0.557492  0.424834  0.773359  0.542399  0.753609  0.585159  0.828162  0.773596  0.357216  0.436124  0.627002  0.373355  0.669531  0.256565  0.587255  0.807067  0.711349  0.309510  0.602645  0.361464  0.360685  0.355348  0.396548  0.401568 0.0  0.388464  0.224964  0.322612  0.302388  0.463943  0.719900  0.467279  0.747450  0.667932  0.761200  0.532010  0.464290  0.646689  0.481921  0.819988  0.881873  0.846034  0.494510  0.360320  0.746214  0.773249  0.665978  0.226302  0.766364  0.672088 
37  0.661624  0.723868  0.779922  0.772953  0.433140  0.714984  0.766349  0.735959  0.662205  0.502194  0.702074  0.728713  0.664876  0.437917  0.753545  0.574191  0.657536  0.573967  0.753456  0.695571  0.512566  0.553118  0.660388  0.424923  0.725523  0.340759  0.635059  0.585175  0.659162  0.403071  0.574266  0.285441  0.654585  0.420446  0.298551  0.234594  0.388464 0.0  0.432406  0.491514  0.361643  0.582414  0.763166  0.508127  0.705444  0.758412  0.587230  0.498076  0.481277  0.759035  0.522499  0.840205  0.814769  0.753044  0.525090  0.545531  0.935462  0.831688  0.682944  0.362079  0.713909  0.735326 
38  0.655489  0.761471  0.854853  0.721555  0.460562  0.669705  0.744086  0.765114  0.870637  0.571289  0.681762  0.715864  0.562307  0.379532  0.854031  0.611963  0.605453  0.605379  0.813042  0.782242  0.465471  0.500453  0.631698  0.274523  0.841256  0.355764  0.521429  0.706601  0.679647  0.433940  0.649124  0.423492  0.497332  0.212708  0.418817  0.356489  0.224964  0.432406 0.0  0.300982  0.315855  0.491663  0.701824  0.440462  0.713028  0.706762  0.726875  0.668012  0.361627  0.715594  0.454752  0.673469  0.846172  0.654073  0.534811  0.378850  0.862997  0.851378  0.684411  0.310003  0.723676  0.823093 
39  0.588647  0.657990  0.726312  0.709132  0.443011  0.638170  0.750428  0.661276  0.746220  0.618617  0.635763  0.647850  0.656095  0.416278  0.749938  0.676363  0.624613  0.634188  0.723468  0.907296  0.484368  0.339795  0.586210  0.266180  0.741857  0.194946  0.581629  0.617798  0.718251  0.352489  0.531981  0.342580  0.447541  0.357657  0.480323  0.404795  0.322612  0.491514  0.300982 0.0  0.393966  0.444483  0.717364  0.507658  0.661466  0.675517  0.594634  0.406319  0.455558  0.782288  0.556348  0.754771  0.797066  0.726284  0.515144  0.372405  0.620724  0.722545  0.620298  0.380136  0.898072  0.837207 
40  0.740517  0.781432  0.768528  0.856930  0.409415  0.741056  0.785108  0.696687  0.723334  0.568973  0.681682  0.717932  0.561871  0.537169  0.880113  0.485149  0.633055  0.533652  0.759399  0.747327  0.553825  0.403559  0.613983  0.296078  0.722026  0.235027  0.563721  0.705303  0.707972  0.418665  0.418790  0.508457  0.461650  0.284540  0.437945  0.416724  0.302388  0.361643  0.315855  0.393966 0.0  0.508382  0.683458  0.537892  0.609968  0.677647  0.629629  0.460987  0.501105  0.745151  0.472853  0.818372  0.818953  0.679464  0.512974  0.403189  0.830728  0.809552  0.700070  0.328202  0.608120  0.735005 
41  0.642779  0.671956  0.843269  0.700177  0.464751  0.606441  0.704847  0.579283  0.655167  0.526449  0.607139  0.661904  0.719836  0.517783  0.960535  0.542695  0.654963  0.660458  0.730486  0.778283  0.442622  0.593056  0.438358  0.470477  0.638221  0.421732  0.570873  0.624277  0.788654  0.570873  0.448569  0.563558  0.575619  0.503482  0.442761  0.528263  0.463943  0.582414  0.491663  0.444483  0.508382 0.0  0.574843  0.548578  0.711832  0.652480  0.429623  0.365494  0.564768  0.812957  0.516906  0.722744  0.851478  0.545093  0.426666  0.433015  0.789904  0.772502  0.589617  0.472945  0.813635  0.832369 
42  0.655508  0.486769  0.760796  0.407328  0.747582  0.386349  0.422705  0.421190  0.709387  0.669265  0.711330  0.595476  0.734680  0.681815  0.784392  0.620082  0.607205  0.616094  0.882343  0.795413  0.714383  0.749582  0.687179  0.729104  0.412012  0.746446  0.634158  0.640603  0.699823  0.660408  0.751443  0.673690  0.740182  0.822272  0.776702  0.621268  0.719900  0.763166  0.701824  0.717364  0.683458  0.574843 0.0  0.717715  0.693369  0.547207  0.786047  0.557707  0.799502  0.802982  0.803149  0.788026  0.747139  0.678333  0.803672  0.626295  0.656620  0.757643  0.774375  0.725623  0.843739  0.824144 
43  0.677208  0.862564  0.835933  0.761368  0.461897  0.725617  0.692806  0.772752  0.735352  0.492973  0.629913  0.679988  0.546337  0.410313  0.796489  0.567147  0.744341  0.560411  0.688977  0.725351  0.340079  0.696455  0.569523  0.464053  0.819851  0.528429  0.566420  0.639063  0.827412  0.563259  0.500448  0.393413  0.539663  0.623255  0.438008  0.432859  0.467279  0.508127  0.440462  0.507658  0.537892  0.548578  0.717715 0.0  0.608319  0.694297  0.413632  0.468324  0.650138  0.778680  0.371384  0.728867  0.838412  0.705889  0.513268  0.544280  0.843480  0.862961  0.826530  0.445690  0.754569  0.732260 
44  0.344442  0.592045  0.764831  0.526367  0.653043  0.712510  0.648665  0.635700  0.495080  0.627425  0.708469  0.799229  0.550828  0.662764  0.665657  0.679093  0.464766  0.680426  0.651742  0.751655  0.688640  0.779085  0.752778  0.733696  0.622515  0.717804  0.473360  0.825227  0.562451  0.532099  0.839780  0.567125  0.577226  0.741634  0.613873  0.720536  0.747450  0.705444  0.713028  0.661466  0.609968  0.711832  0.693369  0.608319 0.0  0.457488  0.895324  0.651921  0.688514  0.495004  0.855116  0.509625  0.808529  0.491473  0.706212  0.673694  0.729200  0.783940  0.672953  0.626504  0.846087  0.632438 
45  0.462145  0.608731  0.805889  0.637088  0.634627  0.577236  0.648399  0.729315  0.599373  0.664712  0.675754  0.739428  0.464093  0.709032  0.841579  0.568148  0.386972  0.556840  0.852894  0.746999  0.774635  0.677839  0.686535  0.693019  0.609882  0.742127  0.451304  0.575511  0.604105  0.593785  0.729219  0.758074  0.623655  0.790328  0.655175  0.585911  0.667932  0.758412  0.706762  0.675517  0.677647  0.652480  0.547207  0.694297  0.457488 0.0  0.765162  0.705617  0.772761  0.568030  0.710670  0.531860  0.693379  0.222682  0.802575  0.567307  0.732763  0.719836  0.606544  0.764940  0.800173  0.758670 
46  0.786169  0.833964  0.790144  0.751038  0.553258  0.810415  0.760422  0.744130  0.738288  0.474637  0.713405  0.796709  0.758629  0.662871  0.772328  0.631250  0.791158  0.810900  0.683055  0.714479  0.473513  0.561838  0.456058  0.699299  0.720956  0.652902  0.774641  0.680920  0.678756  0.623846  0.323130  0.506542  0.609602  0.669629  0.594185  0.560390  0.761200  0.587230  0.726875  0.594634  0.629629  0.429623  0.786047  0.413632  0.895324  0.765162 0.0  0.409785  0.667538  0.659590  0.494998  0.646262  0.727272  0.811127  0.449215  0.711952  0.741474  0.663760  0.778845  0.719101  0.713835  0.673068 
47  0.748212  0.662150  0.851987  0.639695  0.476269  0.654647  0.694853  0.680064  0.707808  0.494038  0.694063  0.656500  0.749223  0.510198  0.797156  0.633653  0.574731  0.581608  0.787075  0.886035  0.459818  0.505681  0.398785  0.549307  0.634996  0.468676  0.638755  0.555231  0.815772  0.533992  0.405054  0.648610  0.556694  0.403278  0.516844  0.567330  0.532010  0.498076  0.668012  0.406319  0.460987  0.365494  0.557707  0.468324  0.651921  0.705617  0.409785 0.0  0.633833  0.745612  0.464274  0.654901  0.817890  0.656925  0.341646  0.413320  0.830526  0.881088  0.693890  0.447324  0.757077  0.729130 
48  0.753307  0.747883  0.870372  0.805533  0.560345  0.860813  0.859960  0.765475  0.499678  0.601489  0.759384  0.911361  0.642285  0.502253  0.784518  0.714153  0.777691  0.610862  0.831112  0.583476  0.554318  0.502544  0.583705  0.318422  0.819141  0.440430  0.652893  0.707374  0.731450  0.478990  0.406733  0.561258  0.534724  0.316103  0.549797  0.386586  0.464290  0.481277  0.361627  0.455558  0.501105  0.564768  0.799502  0.650138  0.688514  0.772761  0.667538  0.633833 0.0  0.856757  0.454404  0.842744  0.690357  0.792180  0.475389  0.539811  0.781647  0.803911  0.790865  0.363410  0.765745  0.759936 
49  0.590237  0.690734  0.582501  0.757910  0.714091  0.689267  0.774258  0.743477  0.568230  0.731300  0.748282  0.742935  0.565200  0.726061  0.653330  0.654798  0.580776  0.671518  0.690547  0.611789  0.883283  0.696651  0.696852  0.828365  0.791012  0.712628  0.598429  0.822436  0.504706  0.651110  0.781565  0.671883  0.709133  0.788360  0.754781  0.766230  0.646689  0.759035  0.715594  0.782288  0.745151  0.812957  0.802982  0.778680  0.495004  0.568030  0.659590  0.745612  0.856757 0.0  0.786570  0.369276  0.649116  0.487482  0.676138  0.706852  0.709748  0.517359  0.692810  0.650725  0.635841  0.623358 
50  0.815044  0.735549  0.760811  0.763779  0.340419  0.897300  0.713784  0.744066  0.689126  0.655329  0.700412  0.873311  0.695507  0.485110  0.812456  0.612525  0.835685  0.543256  0.694806  0.745857  0.435980  0.637330  0.516417  0.458201  0.912565  0.558142  0.553154  0.756897  0.746611  0.412312  0.455864  0.510818  0.518097  0.413003  0.489874  0.495463  0.481921  0.522499  0.454752  0.556348  0.472853  0.516906  0.803149  0.371384  0.855116  0.710670  0.494998  0.464274  0.454404  0.786570 0.0  0.769634  0.728403  0.813623  0.478030  0.537496  0.797414  0.860235  0.799096  0.465400  0.611115  0.768128 
51  0.527414  0.919916  0.490164  0.761899  0.874833  0.685726  0.749609  0.804007  0.644403  0.643322  0.742185  0.820552  0.581203  0.832806  0.585486  0.630184  0.445512  0.666169  0.559788  0.729623  0.795179  0.647338  0.741914  0.682589  0.738504  0.780930  0.506546  0.759118  0.510595  0.695959  0.685939  0.860530  0.661424  0.850432  0.850512  0.766438  0.819988  0.840205  0.673469  0.754771  0.818372  0.722744  0.788026  0.728867  0.509625  0.531860  0.646262  0.654901  0.842744  0.369276  0.769634 0.0  0.589818  0.609567  0.818552  0.756212  0.670651  0.781763  0.778714  0.907699  0.503591  0.492468 
52  0.742380  0.619011  0.348057  0.619907  0.861625  0.774893  0.736291  0.728318  0.658960  0.741825  0.811775  0.840216  0.661613  0.862903  0.266844  0.761936  0.737962  0.561421  0.650104  0.767204  0.755598  0.722104  0.712454  0.766345  0.672456  0.733850  0.627486  0.792599  0.654188  0.766118  0.835791  0.766404  0.772092  0.785236  0.790437  0.727774  0.881873  0.814769  0.846172  0.797066  0.818953  0.851478  0.747139  0.838412  0.808529  0.693379  0.727272  0.817890  0.690357  0.649116  0.728403  0.589818 0.0  0.772528  0.672695  0.845726  0.376975  0.292011  0.767281  0.858601  0.586679  0.696057 
53  0.481415  0.792722  0.736946  0.598977  0.772897  0.766662  0.659012  0.713721  0.602198  0.581118  0.708610  0.671090  0.581291  0.797754  0.726270  0.482210  0.392139  0.669524  0.722381  0.799188  0.729281  0.822914  0.630103  0.700696  0.582359  0.714291  0.558360  0.612151  0.585430  0.637488  0.687409  0.644230  0.559943  0.769460  0.669145  0.651321  0.846034  0.753044  0.654073  0.726284  0.679464  0.545093  0.678333  0.705889  0.491473  0.222682  0.811127  0.656925  0.792180  0.487482  0.813623  0.609567  0.772528 0.0  0.681172  0.645755  0.794172  0.843836  0.619721  0.708080  0.683357  0.729299 
54  0.639927  0.742061  0.611341  0.715444  0.448907  0.710443  0.811552  0.887391  0.726277  0.619824  0.743066  0.774204  0.640611  0.375136  0.910462  0.693118  0.735240  0.697675  0.784246  0.844397  0.500108  0.471653  0.459380  0.417633  0.798565  0.497142  0.615652  0.717106  0.692256  0.435069  0.451560  0.643466  0.475320  0.431626  0.445515  0.661522  0.494510  0.525090  0.534811  0.515144  0.512974  0.426666  0.803672  0.513268  0.706212  0.802575  0.449215  0.341646  0.475389  0.676138  0.478030  0.818552  0.672695  0.681172 0.0  0.488065  0.825412  0.748616  0.746697  0.547064  0.700268  0.761610 
55  0.753426  0.719135  0.814871  0.687026  0.488373  0.664253  0.627843  0.707835  0.771357  0.604868  0.670623  0.699984  0.678753  0.462630  0.742489  0.474447  0.618749  0.626087  0.756452  0.946404  0.452541  0.416242  0.502400  0.387085  0.650108  0.398996  0.637547  0.633348  0.704091  0.540217  0.579507  0.533644  0.555972  0.452824  0.463882  0.466987  0.360320  0.545531  0.378850  0.372405  0.403189  0.433015  0.626295  0.544280  0.673694  0.567307  0.711952  0.413320  0.539811  0.706852  0.537496  0.756212  0.845726  0.645755  0.488065 0.0  0.826075  0.806016  0.668167  0.494674  0.764855  0.771566 
56  0.768893  0.707360  0.268093  0.652395  0.753230  0.696386  0.546569  0.680440  0.723275  0.756739  0.781318  0.843654  0.726206  0.798183  0.419343  0.769921  0.746768  0.563873  0.595558  0.776213  0.869094  0.723943  0.704238  0.831031  0.716492  0.865126  0.750476  0.873398  0.620108  0.768016  0.807089  0.738958  0.704415  0.976208  0.724087  0.672302  0.746214  0.935462  0.862997  0.620724  0.830728  0.789904  0.656620  0.843480  0.729200  0.732763  0.741474  0.830526  0.781647  0.709748  0.797414  0.670651  0.376975  0.794172  0.825412  0.826075 0.0  0.259771  0.771155  0.850632  0.677612  0.633249 
57  0.841218  0.576773  0.359623  0.769513  0.900611  0.617331  0.626436  0.629878  0.626174  0.807491  0.823707  0.990750  0.576504  0.798981  0.427261  0.666659  0.881451  0.610275  0.695916  0.779471  0.765476  0.720529  0.610639  0.836958  0.639456  0.790254  0.683905  0.862116  0.675132  0.800393  0.861089  0.833184  0.682537  0.690825  0.729364  0.871246  0.773249  0.831688  0.851378  0.722545  0.809552  0.772502  0.757643  0.862961  0.783940  0.719836  0.663760  0.881088  0.803911  0.517359  0.860235  0.781763  0.292011  0.843836  0.748616  0.806016  0.259771 0.0  0.760282  0.801899  0.764507  0.781815 
58  0.688456  0.733295  0.713057  0.710290  0.819839  0.664555  0.626019  0.677929  0.748083  0.661332  0.508969  0.522838  0.663285  0.805880  0.791644  0.626901  0.621973  0.706815  0.715830  0.779453  0.669324  0.668896  0.769912  0.691166  0.664442  0.716528  0.609408  0.575867  0.918538  0.691737  0.674651  0.642704  0.620388  0.747478  0.746069  0.751971  0.665978  0.682944  0.684411  0.620298  0.700070  0.589617  0.774375  0.826530  0.672953  0.606544  0.778845  0.693890  0.790865  0.692810  0.799096  0.778714  0.767281  0.619721  0.746697  0.668167  0.771155  0.760282 0.0  0.895871  0.855377  0.722646 
59  0.722245  0.714084  0.766743  0.765610  0.327616  0.679394  0.669679  0.728344  0.699447  0.375043  0.736192  0.734313  0.592425  0.354965  0.866725  0.554288  0.831607  0.582928  0.776044  0.670197  0.346518  0.498968  0.554234  0.322978  0.709487  0.303595  0.689399  0.729973  0.763578  0.322265  0.523556  0.372736  0.431222  0.334835  0.440987  0.478236  0.226302  0.362079  0.310003  0.380136  0.328202  0.472945  0.725623  0.445690  0.626504  0.764940  0.719101  0.447324  0.363410  0.650725  0.465400  0.907699  0.858601  0.708080  0.547064  0.494674  0.850632  0.801899  0.895871 0.0  0.825142  0.762854 
60  0.740997  0.715597  0.698219  0.798087  0.759978  0.765245  0.868743  0.894603  0.719899  0.911154  0.801745  0.852776  0.732705  0.597381  0.604861  0.737892  0.761179  0.609132  0.321676  0.379862  0.751769  0.642874  0.716125  0.746570  0.870790  0.730123  0.827404  0.854107  0.568634  0.779154  0.810444  0.673148  0.782865  0.813480  0.608093  0.785485  0.766364  0.713909  0.723676  0.898072  0.608120  0.813635  0.843739  0.754569  0.846087  0.800173  0.713835  0.757077  0.765745  0.635841  0.611115  0.503591  0.586679  0.683357  0.700268  0.764855  0.677612  0.764507  0.855377  0.825142 0.0  0.249019 
61  0.623635  0.962309  0.625855  0.802530  0.761472  0.822359  0.791749  0.944708  0.624542  0.800044  0.633646  0.806584  0.766586  0.702383  0.645435  0.788364  0.649956  0.448295  0.281895  0.464058  0.695456  0.651935  0.730721  0.861233  0.789359  0.731988  0.687458  0.872733  0.666689  0.702046  0.794552  0.851636  0.641424  0.838958  0.673859  0.645193  0.672088  0.735326  0.823093  0.837207  0.735005  0.832369  0.824144  0.732260  0.632438  0.758670  0.673068  0.729130  0.759936  0.623358  0.768128  0.492468  0.696057  0.729299  0.761610  0.771566  0.633249  0.781815  0.722646  0.762854  0.249019 0.0 
