62
0 0.0  0.633252  0.739196  0.640426  0.585912  0.642851  0.652723  0.635254  0.522519  0.491726  0.734977  0.688778  0.372297  0.675690  0.728402  0.595709  0.274463  0.563877  0.722291  0.740429  0.655058  0.814547  0.719934  0.595045  0.616659  0.688489  0.407099  0.732455  0.723962  0.573976  0.833172  0.661638  0.501521  0.578741  0.638621  0.574540  0.707362  0.655734  0.545691  0.707310  0.716745  0.732250  0.668572  0.620435  0.381480  0.464188  0.796645  0.726948  0.719695  0.572468  0.696545  0.479709  0.661668  0.462865  0.708508  0.708612  0.741442  0.728820  0.761805  0.624705  0.641031  0.720212 
1  0.633252 0.0  0.788730  0.305952  0.731438  0.383028  0.367760  0.298714  0.710773  0.632278  0.697724  0.688112  0.583643  0.659716  0.724367  0.517723  0.725878  0.762405  0.777558  0.830898  0.769185  0.785992  0.746007  0.734432  0.466564  0.701463  0.707342  0.697175  0.591856  0.838699  0.782194  0.690261  0.812968  0.719126  0.646546  0.714562  0.774390  0.660597  0.568615  0.617533  0.679129  0.680234  0.436556  0.825538  0.694404  0.663376  0.814789  0.665771  0.854677  0.671946  0.721973  0.815754  0.640486  0.730313  0.716616  0.697949  0.592113  0.613555  0.779213  0.681774  0.799074  0.863916 
2  0.739196  0.788730 0.0  0.659606  0.815245  0.711022  0.616499  0.577636  0.655180  0.817951  0.828022  0.795959  0.605963  0.708869  0.290301  0.690579  0.746530  0.653504  0.610737  0.713966  0.727871  0.714356  0.641143  0.905123  0.704921  0.793059  0.698846  0.802606  0.526013  0.803926  0.784878  0.777076  0.793454  0.794453  0.762256  0.883880  0.896350  0.720507  0.842734  0.750818  0.722567  0.755268  0.675249  0.760473  0.631549  0.798642  0.741543  0.820531  0.811230  0.648583  0.727450  0.632510  0.231831  0.782830  0.711274  0.843965  0.343683  0.287603  0.903839  0.827584  0.707864  0.715904 
3  0.640426  0.305952  0.659606 0.0  0.677049  0.338869  0.297263  0.304870  0.841420  0.715208  0.705713  0.757216  0.676251  0.702188  0.662298  0.582239  0.614522  0.649134  0.844021  0.865560  0.771830  0.727619  0.861433  0.718726  0.365642  0.765227  0.643694  0.716999  0.614526  0.677608  0.712406  0.648708  0.655130  0.653466  0.613529  0.818051  0.825174  0.744729  0.692931  0.614849  0.739091  0.705174  0.485097  0.681550  0.735433  0.622313  0.818274  0.713930  0.771893  0.654977  0.714813  0.753949  0.632506  0.675035  0.849271  0.618668  0.605689  0.730175  0.673772  0.763805  0.834878  0.828338 
4  0.585912  0.731438  0.815245  0.677049 0.0  0.650031  0.620633  0.789829  0.765920  0.630564  0.570467  0.707903  0.543703  0.503956  0.814176  0.625459  0.594128  0.682191  0.822037  0.791885  0.240748  0.665227  0.534429  0.364580  0.608045  0.380074  0.659316  0.640409  0.698283  0.282288  0.547737  0.541129  0.535658  0.466180  0.368817  0.443799  0.347365  0.507889  0.280511  0.420773  0.489507  0.357055  0.633233  0.368004  0.557091  0.769085  0.531661  0.450074  0.515828  0.706895  0.382327  0.902441  0.856092  0.777244  0.362025  0.413928  0.853027  0.809128  0.662038  0.396147  0.769743  0.642008 
5  0.642851  0.383028  0.711022  0.338869  0.650031 0.0  0.288837  0.303581  0.700311  0.670538  0.693319  0.673778  0.622470  0.770093  0.607446  0.506016  0.606186  0.685615  0.845632  0.736787  0.755643  0.819224  0.788619  0.608959  0.445226  0.799906  0.594024  0.629263  0.628858  0.814953  0.754276  0.584565  0.849595  0.711695  0.789929  0.798631  0.714527  0.713415  0.740277  0.631345  0.832429  0.632797  0.339189  0.675083  0.624328  0.485785  0.732155  0.714848  0.810783  0.767477  0.747489  0.728608  0.724508  0.621208  0.849242  0.659992  0.622346  0.604177  0.636444  0.743029  0.775658  0.871451 
6  0.652723  0.367760  0.616499  0.297263  0.620633  0.288837 0.0  0.319356  0.723213  0.673643  0.683496  0.625739  0.635896  0.639140  0.662988  0.482464  0.636143  0.631842  0.758737  0.864034  0.728527  0.730604  0.673697  0.682567  0.301529  0.753936  0.611777  0.557153  0.742409  0.642701  0.739997  0.719860  0.710138  0.705832  0.678141  0.624353  0.797857  0.632200  0.724273  0.669243  0.836369  0.561085  0.385257  0.645545  0.726539  0.654570  0.811755  0.634522  0.901141  0.775461  0.731768  0.691639  0.675234  0.664000  0.623971  0.635983  0.770945  0.615213  0.597141  0.672226  0.803655  0.738493 
7  0.635254  0.298714  0.577636  0.304870  0.789829  0.303581  0.319356 0.0  0.705315  0.720287  0.644580  0.731214  0.592786  0.696113  0.666062  0.617989  0.738726  0.598127  0.884339  0.732165  0.705456  0.860319  0.703073  0.734426  0.456034  0.811490  0.581134  0.693631  0.649032  0.732354  0.722637  0.735203  0.775477  0.621342  0.673593  0.718686  0.740250  0.747402  0.726974  0.700343  0.699754  0.738892  0.459942  0.695760  0.631847  0.644851  0.844354  0.783140  0.749648  0.722550  0.754096  0.895798  0.661034  0.635361  0.758159  0.694724  0.797980  0.539273  0.787521  0.718278  0.847154  0.858883 
8  0.522519  0.710773  0.655180  0.841420  0.765920  0.700311  0.723213  0.705315 0.0  0.686207  0.833254  0.748644  0.581858  0.736516  0.655777  0.695138  0.530155  0.733261  0.689109  0.621050  0.689460  0.684238  0.692285  0.786629  0.836190  0.728995  0.445097  0.783327  0.528418  0.706040  0.660836  0.735609  0.627567  0.743923  0.822893  0.723960  0.609415  0.747859  0.815183  0.716846  0.815563  0.754024  0.765940  0.675671  0.515930  0.643025  0.773529  0.756226  0.625413  0.520573  0.700550  0.605254  0.782076  0.595452  0.758997  0.856932  0.590143  0.674037  0.835547  0.765922  0.739950  0.681378 
9  0.491726  0.632278  0.817951  0.715208  0.630564  0.670538  0.673643  0.720287  0.686207 0.0  0.674474  0.684832  0.681967  0.450623  0.839322  0.589049  0.641263  0.714842  0.720418  0.724020  0.603442  0.539594  0.581552  0.540212  0.672093  0.584601  0.643576  0.620060  0.832989  0.597836  0.639437  0.436251  0.469592  0.528241  0.492572  0.540211  0.565771  0.418125  0.533658  0.526350  0.627659  0.501070  0.591307  0.390213  0.573634  0.530545  0.499576  0.569663  0.656613  0.667819  0.703727  0.479762  0.743357  0.549891  0.609722  0.458844  0.718804  0.931283  0.628014  0.548575  0.711128  0.812784 
10  0.734977  0.697724  0.828022  0.705713  0.570467  0.693319  0.683496  0.644580  0.833254  0.674474 0.0  0.406664  0.530025  0.581036  0.817111  0.464072  0.700989  0.553051  0.745928  0.749141  0.688402  0.754264  0.930863  0.572861  0.666586  0.716068  0.625698  0.351927  0.726814  0.703039  0.718659  0.675860  0.686739  0.769389  0.644418  0.646279  0.669845  0.581552  0.649056  0.644421  0.663468  0.574289  0.627901  0.671364  0.681833  0.638092  0.697728  0.679561  0.853891  0.826869  0.739678  0.798041  0.858897  0.691435  0.677982  0.699215  0.762104  0.795130  0.562532  0.782599  0.767292  0.730095 
11  0.688778  0.688112  0.795959  0.757216  0.707903  0.673778  0.625739  0.731214  0.748644  0.684832  0.406664 0.0  0.610507  0.745293  0.785177  0.662865  0.656217  0.666713  0.816941  0.759182  0.712581  0.720792  0.764761  0.627241  0.642860  0.688945  0.640777  0.360629  0.845239  0.704910  0.696702  0.745887  0.675005  0.796423  0.719989  0.704841  0.720046  0.762047  0.708980  0.624133  0.651189  0.609852  0.608507  0.582748  0.648343  0.647197  0.731124  0.730926  0.900273  0.806179  0.840598  0.883058  0.911884  0.635480  0.708182  0.745003  0.779437  0.889730  0.484149  0.641188  0.844861  0.906839 
12  0.372297  0.583643  0.605963  0.676251  0.543703  0.622470  0.635896  0.592786  0.581858  0.681967  0.530025  0.610507 0.0  0.585118  0.604040  0.652057  0.502024  0.528142  0.641018  0.793501  0.540915  0.694891  0.871661  0.593094  0.641615  0.605564  0.259878  0.613452  0.457805  0.494024  0.735133  0.591886  0.558830  0.598323  0.635312  0.627142  0.703246  0.597447  0.619117  0.614415  0.627150  0.699523  0.611706  0.613251  0.462539  0.361971  0.754763  0.650289  0.749875  0.556146  0.696993  0.631675  0.652776  0.403582  0.669768  0.616419  0.593442  0.743107  0.645291  0.609753  0.758898  0.683183 
13  0.675690  0.659716  0.708869  0.702188  0.503956  0.770093  0.639140  0.696113  0.736516  0.450623  0.581036  0.745293  0.585118 0.0  0.933574  0.603554  0.624665  0.604103  0.760019  0.768191  0.506018  0.594368  0.731206  0.344359  0.698790  0.364217  0.647609  0.680727  0.612572  0.519172  0.699679  0.261724  0.541875  0.415585  0.321337  0.370664  0.368799  0.345667  0.404669  0.334063  0.404467  0.501755  0.697612  0.432914  0.706657  0.743442  0.549994  0.579473  0.503957  0.773096  0.563321  0.799786  0.790615  0.792645  0.569639  0.429002  0.795337  0.734870  0.763776  0.357623  0.763727  0.785638 
14  0.728402  0.724367  0.290301  0.662298  0.814176  0.607446  0.662988  0.666062  0.655777  0.839322  0.817111  0.785177  0.604040  0.933574 0.0  0.769865  0.750010  0.615803  0.674759  0.784666  0.849015  0.771822  0.704325  0.813396  0.736535  0.780113  0.647295  0.789815  0.639898  0.718173  0.777877  0.755529  0.805043  0.778891  0.713362  0.896722  0.730058  0.769439  0.796080  0.818309  0.861563  0.857209  0.678618  0.777865  0.654361  0.736256  0.685837  0.775956  0.802672  0.571061  0.756937  0.503568  0.280502  0.765014  0.841074  0.899172  0.369500  0.447587  0.780313  0.786356  0.717125  0.698493 
15  0.595709  0.517723  0.690579  0.582239  0.625459  0.506016  0.482464  0.617989  0.695138  0.589049  0.464072  0.662865  0.652057  0.603554  0.769865 0.0  0.596921  0.611199  0.727038  0.566493  0.578241  0.640075  0.720581  0.523241  0.483856  0.618650  0.554461  0.643674  0.676801  0.575274  0.767366  0.616299  0.510206  0.587645  0.646673  0.604228  0.538270  0.603843  0.565152  0.607720  0.595429  0.562755  0.579217  0.645245  0.564122  0.718783  0.689305  0.561730  0.656418  0.774680  0.680716  0.763618  0.678883  0.605806  0.697994  0.641394  0.771382  0.604865  0.526426  0.534077  0.719032  0.677896 
16  0.274463  0.725878  0.746530  0.614522  0.594128  0.606186  0.636143  0.738726  0.530155  0.641263  0.700989  0.656217  0.502024  0.624665  0.750010  0.596921 0.0  0.621990  0.619776  0.682331  0.662415  0.758181  0.687722  0.700670  0.617918  0.683809  0.526483  0.727110  0.594489  0.606838  0.722250  0.764079  0.658236  0.645152  0.680194  0.705414  0.659690  0.635751  0.697956  0.653265  0.734302  0.804435  0.513720  0.721112  0.509950  0.350187  0.687061  0.688759  0.765488  0.484858  0.809481  0.535617  0.737311  0.407293  0.696103  0.597768  0.722958  0.789793  0.626494  0.783893  0.696245  0.737829 
17  0.563877  0.762405  0.653504  0.649134  0.682191  0.685615  0.631842  0.598127  0.733261  0.714842  0.553051  0.666713  0.528142  0.604103  0.615803  0.611199  0.621990 0.0  0.617245  0.313783  0.627364  0.772988  0.744427  0.500457  0.479126  0.540834  0.456587  0.593379  0.772549  0.499224  0.787169  0.588151  0.503406  0.575623  0.472724  0.650443  0.620400  0.592142  0.626155  0.585084  0.556406  0.622085  0.607716  0.602296  0.653155  0.644828  0.763762  0.634210  0.678385  0.758253  0.660093  0.751716  0.705454  0.551845  0.657198  0.660040  0.646156  0.625295  0.688930  0.605471  0.458186  0.476234 
18  0.722291  0.777558  0.610737  0.844021  0.822037  0.845632  0.758737  0.884339  0.689109  0.720418  0.745928  0.816941  0.641018  0.760019  0.674759  0.727038  0.619776  0.617245 0.0  0.323946  0.765268  0.658799  0.682500  0.812990  0.826000  0.678173  0.706347  0.820248  0.718650  0.760082  0.746694  0.796378  0.781009  0.706752  0.785036  0.819780  0.735072  0.787082  0.886970  0.775575  0.717476  0.745697  0.727342  0.724631  0.774843  0.719804  0.775489  0.815817  0.839271  0.604610  0.766423  0.538790  0.770822  0.711806  0.768040  0.783874  0.584964  0.578388  0.802914  0.777736  0.322636  0.274022 
19  0.740429  0.830898  0.713966  0.865560  0.791885  0.736787  0.864034  0.732165  0.621050  0.724020  0.749141  0.759182  0.793501  0.768191  0.784666  0.566493  0.682331  0.313783  0.323946 0.0  0.710843  0.861944  0.872696  0.887362  0.754667  0.726937  0.657617  0.760886  0.625333  0.741874  0.654209  0.673454  0.675685  0.756313  0.652659  0.813863  0.728963  0.784273  0.736210  0.762202  0.678264  0.822250  0.744360  0.738972  0.741447  0.733686  0.868296  0.772177  0.586978  0.812767  0.698806  0.852825  0.871599  0.757461  0.700512  0.733354  0.750723  0.793863  0.769022  0.682174  0.430374  0.412287 
20  0.655058  0.769185  0.727871  0.771830  0.240748  0.755643  0.728527  0.705456  0.689460  0.603442  0.688402  0.712581  0.540915  0.506018  0.849015  0.578241  0.662415  0.627364  0.765268  0.710843 0.0  0.559039  0.427889  0.376397  0.713262  0.375637  0.627306  0.627065  0.661581  0.402073  0.513119  0.536534  0.478625  0.432892  0.274613  0.538447  0.489689  0.441191  0.476304  0.454748  0.440978  0.336042  0.647126  0.382119  0.789809  0.689755  0.554963  0.400029  0.449990  0.814932  0.453636  0.714074  0.757330  0.642688  0.412779  0.508944  0.643037  0.829378  0.692076  0.485955  0.765644  0.670652 
21  0.814547  0.785992  0.714356  0.727619  0.665227  0.819224  0.730604  0.860319  0.684238  0.539594  0.754264  0.720792  0.694891  0.594368  0.771822  0.640075  0.758181  0.772988  0.658799  0.861944  0.559039 0.0  0.486420  0.487196  0.651688  0.462155  0.777186  0.681701  0.729299  0.509239  0.490937  0.566346  0.565895  0.442702  0.569974  0.476909  0.601062  0.511544  0.526277  0.298613  0.529020  0.516691  0.782865  0.704546  0.765932  0.680506  0.552312  0.503774  0.481711  0.623209  0.533560  0.612931  0.702104  0.758226  0.473397  0.379836  0.625776  0.650106  0.772547  0.469808  0.720981  0.681456 
22  0.719934  0.746007  0.641143  0.861433  0.534429  0.788619  0.673697  0.703073  0.692285  0.581552  0.930863  0.764761  0.871661  0.731206  0.704325  0.720581  0.687722  0.744427  0.682500  0.872696  0.427889  0.486420 0.0  0.637094  0.756922  0.621755  0.720143  0.682116  0.720549  0.592940  0.405997  0.713406  0.691541  0.532039  0.489165  0.614471  0.692264  0.562668  0.568917  0.573771  0.586878  0.500997  0.810845  0.582466  0.720389  0.694190  0.440254  0.509492  0.616733  0.616997  0.414539  0.582968  0.679303  0.826304  0.517940  0.534252  0.721460  0.766387  0.757814  0.582784  0.683146  0.703240 
23  0.595045  0.734432  0.905123  0.718726  0.364580  0.608959  0.682567  0.734426  0.786629  0.540212  0.572861  0.627241  0.593094  0.344359  0.813396  0.523241  0.700670  0.500457  0.812990  0.887362  0.376397  0.487196  0.637094 0.0  0.728816  0.310780  0.641336  0.733720  0.740730  0.418245  0.635284  0.332111  0.260553  0.201136  0.289010  0.335126  0.229613  0.371473  0.257503  0.423029  0.236123  0.551864  0.805845  0.423122  0.663337  0.760219  0.613183  0.502930  0.379655  0.820486  0.376020  0.746171  0.851789  0.654850  0.494297  0.485824  0.819642  1.000000  0.725808  0.262432  0.766208  0.821932 
24  0.616659  0.466564  0.704921  0.365642  0.608045  0.445226  0.301529  0.456034  0.836190  0.672093  0.666586  0.642860  0.641615  0.698790  0.736535  0.483856  0.617918  0.479126  0.826000  0.754667  0.713262  0.651688  0.756922  0.728816 0.0  0.767148  0.763195  0.652551  0.583954  0.742974  0.724476  0.773108  0.819672  0.784790  0.743961  0.699044  0.790757  0.767604  0.801488  0.637365  0.760009  0.669747  0.376693  0.760271  0.644465  0.597521  0.793142  0.663837  0.857879  0.706599  0.731968  0.819457  0.660754  0.602630  0.731593  0.710340  0.644876  0.607242  0.641645  0.745213  0.826668  0.762516 
25  0.688489  0.701463  0.793059  0.765227  0.380074  0.799906  0.753936  0.811490  0.728995  0.584601  0.716068  0.688945  0.605564  0.364217  0.780113  0.618650  0.683809  0.540834  0.678173  0.726937  0.375637  0.462155  0.621755  0.310780  0.767148 0.0  0.634795  0.732588  0.798011  0.450463  0.606057  0.405090  0.417067  0.310209  0.418159  0.398713  0.286663  0.336902  0.334298  0.266530  0.285082  0.475785  0.767268  0.398181  0.750853  0.778323  0.777652  0.564903  0.540731  0.728283  0.463731  0.860298  0.807964  0.710819  0.397618  0.421096  0.846987  0.907803  0.679463  0.238937  0.675645  0.626273 
26  0.407099  0.707342  0.698846  0.643694  0.659316  0.594024  0.611777  0.581134  0.445097  0.643576  0.625698  0.640777  0.259878  0.647609  0.647295  0.554461  0.526483  0.456587  0.706347  0.657617  0.627306  0.777186  0.720143  0.641336  0.763195  0.634795 0.0  0.676704  0.702559  0.650026  0.705977  0.475846  0.585043  0.581253  0.610627  0.608026  0.600408  0.635130  0.582404  0.691118  0.608369  0.773462  0.698444  0.535194  0.455124  0.409050  0.759973  0.657408  0.634780  0.653365  0.698079  0.612172  0.637965  0.483387  0.771398  0.640805  0.676010  0.698282  0.698747  0.659162  0.667033  0.601672 
27  0.732455  0.697175  0.802606  0.716999  0.640409  0.629263  0.557153  0.693631  0.783327  0.620060  0.351927  0.360629  0.613452  0.680727  0.789815  0.643674  0.727110  0.593379  0.820248  0.760886  0.627065  0.681701  0.682116  0.733720  0.652551  0.732588  0.676704 0.0  0.870700  0.620804  0.771185  0.709116  0.643377  0.692462  0.577352  0.707526  0.651004  0.681391  0.675693  0.643782  0.595633  0.687858  0.587195  0.708111  0.845190  0.631314  0.688765  0.702460  0.703456  0.738661  0.804718  0.770259  0.888167  0.688300  0.746447  0.682549  0.861857  0.835628  0.458869  0.596141  0.764501  0.795791 
28  0.723962  0.591856  0.526013  0.614526  0.698283  0.628858  0.742409  0.649032  0.528418  0.832989  0.726814  0.845239  0.457805  0.612572  0.639898  0.676801  0.594489  0.772549  0.718650  0.625333  0.661581  0.729299  0.720549  0.740730  0.583954  0.798011  0.702559  0.870700 0.0  0.757397  0.678701  0.606175  0.733455  0.732632  0.662282  0.717269  0.665489  0.678997  0.749166  0.700825  0.689249  0.695085  0.699928  0.714435  0.605267  0.707910  0.653537  0.687627  0.687633  0.513649  0.671082  0.421701  0.735829  0.490253  0.713882  0.814569  0.640961  0.627103  0.824345  0.697567  0.583329  0.645989 
29  0.573976  0.838699  0.803926  0.677608  0.282288  0.814953  0.642701  0.732354  0.706040  0.597836  0.703039  0.704910  0.494024  0.519172  0.718173  0.575274  0.606838  0.499224  0.760082  0.741874  0.402073  0.509239  0.592940  0.418245  0.742974  0.450463  0.650026  0.620804  0.757397 0.0  0.572651  0.475717  0.350213  0.350456  0.420856  0.441044  0.369184  0.328282  0.401116  0.555941  0.427092  0.506153  0.737794  0.460797  0.570958  0.615658  0.696193  0.482005  0.535857  0.594708  0.456960  0.855318  0.814453  0.669414  0.541382  0.553549  0.795180  0.821415  0.698416  0.477326  0.756245  0.754437 
30  0.833172  0.782194  0.784878  0.712406  0.547737  0.754276  0.739997  0.722637  0.660836  0.639437  0.718659  0.696702  0.735133  0.699679  0.777877  0.767366  0.722250  0.787169  0.746694  0.654209  0.513119  0.490937  0.405997  0.635284  0.724476  0.606057  0.705977  0.771185  0.678701  0.572651 0.0  0.648681  0.391364  0.597937  0.506119  0.557739  0.575292  0.638836  0.676775  0.480672  0.648314  0.424069  0.742607  0.587672  0.842132  0.660746  0.508158  0.354545  0.521902  0.816080  0.605946  0.774611  0.870749  0.784601  0.287564  0.474328  0.840513  0.764482  0.688131  0.528248  0.860464  0.831411 
31  0.661638  0.690261  0.777076  0.648708  0.541129  0.584565  0.719860  0.735203  0.735609  0.436251  0.675860  0.745887  0.591886  0.261724  0.755529  0.616299  0.764079  0.588151  0.796378  0.673454  0.536534  0.566346  0.713406  0.332111  0.773108  0.405090  0.475846  0.709116  0.606175  0.475717  0.648681 0.0  0.547504  0.476738  0.461942  0.234155  0.386859  0.417457  0.423935  0.397548  0.525475  0.602207  0.866104  0.391079  0.730899  0.581903  0.565011  0.585640  0.453727  0.675922  0.478020  0.802924  0.764839  0.714847  0.569265  0.479319  0.816553  0.773784  0.676700  0.436657  0.680180  0.694355 
32  0.501521  0.812968  0.793454  0.655130  0.535658  0.849595  0.710138  0.775477  0.627567  0.469592  0.686739  0.675005  0.558830  0.541875  0.805043  0.510206  0.658236  0.503406  0.781009  0.675685  0.478625  0.565895  0.691541  0.260553  0.819672  0.417067  0.585043  0.643377  0.733455  0.350213  0.391364  0.547504 0.0  0.530573  0.422714  0.491831  0.374334  0.534298  0.513896  0.521682  0.507046  0.582984  0.833521  0.452286  0.614839  0.597727  0.642413  0.411886  0.496866  0.621686  0.532839  0.664091  0.827236  0.604326  0.384833  0.508960  0.829369  0.814787  0.599109  0.438772  0.745291  0.760351 
33  0.578741  0.719126  0.794453  0.653466  0.466180  0.711695  0.705832  0.621342  0.743923  0.528241  0.769389  0.796423  0.598323  0.415585  0.778891  0.587645  0.645152  0.575623  0.706752  0.756313  0.432892  0.442702  0.532039  0.201136  0.784790  0.310209  0.581253  0.692462  0.732632  0.350456  0.597937  0.476738  0.530573 0.0  0.419271  0.347761  0.333075  0.274353  0.245303  0.280683  0.443522  0.498591  0.795516  0.470607  0.620004  0.728461  0.705692  0.612077  0.384909  0.725309  0.485757  0.827395  0.831068  0.740309  0.499320  0.508327  0.771126  0.853982  0.697293  0.386732  0.826699  0.754424 
34  0.638621  0.646546  0.762256  0.613529  0.368817  0.789929  0.678141  0.673593  0.822893  0.492572  0.644418  0.719989  0.635312  0.321337  0.713362  0.646673  0.680194  0.472724  0.785036  0.652659  0.274613  0.569974  0.489165  0.289010  0.743961  0.418159  0.610627  0.577352  0.662282  0.420856  0.506119  0.461942  0.422714  0.419271 0.0  0.412908  0.323006  0.394910  0.344987  0.533731  0.474847  0.390900  0.642833  0.444074  0.664439  0.707092  0.560338  0.406412  0.549776  0.735188  0.508755  0.772636  0.822618  0.665860  0.426106  0.427702  0.689973  0.790074  0.645405  0.456567  0.603438  0.530574 
35  0.574540  0.714562  0.883880  0.818051  0.443799  0.798631  0.624353  0.718686  0.723960  0.540211  0.646279  0.704841  0.627142  0.370664  0.896722  0.604228  0.705414  0.650443  0.819780  0.813863  0.538447  0.476909  0.614471  0.335126  0.699044  0.398713  0.608026  0.707526  0.717269  0.441044  0.557739  0.234155  0.491831  0.347761  0.412908 0.0  0.394696  0.227054  0.417948  0.471146  0.422495  0.618936  0.634647  0.443794  0.745055  0.804749  0.554003  0.543506  0.547624  0.681729  0.544358  0.816651  0.789934  0.683745  0.546473  0.510952  0.813106  0.757139  0.577761  0.414199  0.736619  0.781399 
36  0.707362  0.774390  0.896350  0.825174  0.347365  0.714527  0.797857  0.740250  0.609415  0.565771  0.669845  0.720046  0.703246  0.368799  0.730058  0.538270  0.659690  0.620400  0.735072  0.728963  0.489689  0.601062  0.692264  0.229613  0.790757  0.286663  0.600408  0.651004  0.665489  0.369184  0.575292  0.386859  0.374334  0.333075  0.323006  0.394696 0.0  0.357525  0.302358  0.221535  0.288323  0.552718  0.873644  0.527288  0.658287  0.667211  0.768922  0.425980  0.373843  0.774854  0.382508  0.803569  0.717569  0.767005  0.424481  0.362257  0.802346  0.917987  0.685292  0.273299  0.765804  0.831962 
37  0.655734  0.660597  0.720507  0.744729  0.507889  0.713415  0.632200  0.747402  0.747859  0.418125  0.581552  0.762047  0.597447  0.345667  0.769439  0.603843  0.635751  0.592142  0.787082  0.784273  0.441191  0.511544  0.562668  0.371473  0.767604  0.336902  0.635130  0.681391  0.678997  0.328282  0.638836  0.417457  0.534298  0.274353  0.394910  0.227054  0.357525 0.0  0.358703  0.383316  0.394043  0.559509  0.650637  0.430209  0.699624  0.703506  0.591579  0.498941  0.421896  0.856858  0.505220  0.785440  0.738675  0.787828  0.499565  0.485590  0.827994  0.703918  0.753249  0.246101  0.824922  0.774370 
38  0.545691  0.568615  0.842734  0.692931  0.280511  0.740277  0.724273  0.726974  0.815183  0.533658  0.649056  0.708980  0.619117  0.404669  0.796080  0.565152  0.697956  0.626155  0.886970  0.736210  0.476304  0.526277  0.568917  0.257503  0.801488  0.334298  0.582404  0.675693  0.749166  0.401116  0.676775  0.423935  0.513896  0.245303  0.344987  0.417948  0.302358  0.358703 0.0  0.311081  0.298741  0.486930  0.763288  0.392808  0.634696  0.717165  0.611277  0.429794  0.375545  0.696255  0.516778  0.750683  0.794277  0.747815  0.462446  0.409699  0.796956  0.846055  0.631785  0.258975  0.823701  0.787229 
39  0.707310  0.617533  0.750818  0.614849  0.420773  0.631345  0.669243  0.700343  0.716846  0.526350  0.644421  0.624133  0.614415  0.334063  0.818309  0.607720  0.653265  0.585084  0.775575  0.762202  0.454748  0.298613  0.573771  0.423029  0.637365  0.266530  0.691118  0.643782  0.700825  0.555941  0.480672  0.397548  0.521682  0.280683  0.533731  0.471146  0.221535  0.383316  0.311081 0.0  0.286257  0.389050  0.744004  0.484255  0.610778  0.674836  0.626127  0.378353  0.345215  0.727527  0.450060  0.787946  0.826543  0.590471  0.495895  0.230757  0.677454  0.684969  0.622583  0.226838  0.862739  0.716264 
40  0.716745  0.679129  0.722567  0.739091  0.489507  0.832429  0.836369  0.699754  0.815563  0.627659  0.663468  0.651189  0.627150  0.404467  0.861563  0.595429  0.734302  0.556406  0.717476  0.678264  0.440978  0.529020  0.586878  0.236123  0.760009  0.285082  0.608369  0.595633  0.689249  0.427092  0.648314  0.525475  0.507046  0.443522  0.474847  0.422495  0.288323  0.394043  0.298741  0.286257 0.0  0.588578  0.805158  0.488870  0.688441  0.604183  0.677309  0.372636  0.379920  0.699610  0.484352  0.846016  0.937931  0.676251  0.500600  0.332476  0.851301  0.748550  0.606698  0.276684  0.689700  0.819993 
41  0.732250  0.680234  0.755268  0.705174  0.357055  0.632797  0.561085  0.738892  0.754024  0.501070  0.574289  0.609852  0.699523  0.501755  0.857209  0.562755  0.804435  0.622085  0.745697  0.822250  0.336042  0.516691  0.500997  0.551864  0.669747  0.475785  0.773462  0.687858  0.695085  0.506153  0.424069  0.602207  0.582984  0.498591  0.390900  0.618936  0.552718  0.559509  0.486930  0.389050  0.588578 0.0  0.875721  0.492472  0.697451  0.703156  0.528807  0.399934  0.669983  0.798127  0.431764  0.734393  0.812549  0.543056  0.531903  0.386393  0.752599  0.794877  0.579686  0.479023  0.874349  0.743306 
42  0.668572  0.436556  0.675249  0.485097  0.633233  0.339189  0.385257  0.459942  0.765940  0.591307  0.627901  0.608507  0.611706  0.697612  0.678618  0.579217  0.513720  0.607716  0.727342  0.744360  0.647126  0.782865  0.810845  0.805845  0.376693  0.767268  0.698444  0.587195  0.699928  0.737794  0.742607  0.866104  0.833521  0.795516  0.642833  0.634647  0.873644  0.650637  0.763288  0.744004  0.805158  0.875721 0.0  0.858868  0.621238  0.655957  0.719632  0.717714  0.780537  0.748982  0.817249  0.818672  0.649721  0.629888  0.814538  0.583005  0.652252  0.679128  0.566497  0.641834  0.746635  0.787212 
43  0.620435  0.825538  0.760473  0.681550  0.368004  0.675083  0.645545  0.695760  0.675671  0.390213  0.671364  0.582748  0.613251  0.432914  0.777865  0.645245  0.721112  0.602296  0.724631  0.738972  0.382119  0.704546  0.582466  0.423122  0.760271  0.398181  0.535194  0.708111  0.714435  0.460797  0.587672  0.391079  0.452286  0.470607  0.444074  0.443794  0.527288  0.430209  0.392808  0.484255  0.488870  0.492472  0.858868 0.0  0.705532  0.773800  0.438144  0.393007  0.541814  0.746849  0.554412  0.881119  0.814249  0.627976  0.478738  0.630417  0.825827  0.740837  0.736918  0.481286  0.684946  0.809944 
44  0.381480  0.694404  0.631549  0.735433  0.557091  0.624328  0.726539  0.631847  0.515930  0.573634  0.681833  0.648343  0.462539  0.706657  0.654361  0.564122  0.509950  0.653155  0.774843  0.741447  0.789809  0.765932  0.720389  0.663337  0.644465  0.750853  0.455124  0.845190  0.605267  0.570958  0.842132  0.730899  0.614839  0.620004  0.664439  0.745055  0.658287  0.699624  0.634696  0.610778  0.688441  0.697451  0.621238  0.705532 0.0  0.233084  0.716984  0.679863  0.748346  0.384170  0.727807  0.541885  0.597227  0.361587  0.740889  0.619794  0.635058  0.723845  0.768401  0.628180  0.712018  0.811426 
45  0.464188  0.663376  0.798642  0.622313  0.769085  0.485785  0.654570  0.644851  0.643025  0.530545  0.638092  0.647197  0.361971  0.743442  0.736256  0.718783  0.350187  0.644828  0.719804  0.733686  0.689755  0.680506  0.694190  0.760219  0.597521  0.778323  0.409050  0.631314  0.707910  0.615658  0.660746  0.581903  0.597727  0.728461  0.707092  0.804749  0.667211  0.703506  0.717165  0.674836  0.604183  0.703156  0.655957  0.773800  0.233084 0.0  0.702676  0.739182  0.715875  0.525099  0.850873  0.483715  0.688434  0.262262  0.798879  0.597711  0.682361  0.883976  0.676783  0.643429  0.824918  0.744676 
46  0.796645  0.814789  0.741543  0.818274  0.531661  0.732155  0.811755  0.844354  0.773529  0.499576  0.697728  0.731124  0.754763  0.549994  0.685837  0.689305  0.687061  0.763762  0.775489  0.868296  0.554963  0.552312  0.440254  0.613183  0.793142  0.777652  0.759973  0.688765  0.653537  0.696193  0.508158  0.565011  0.642413  0.705692  0.560338  0.554003  0.768922  0.591579  0.611277  0.626127  0.677309  0.528807  0.719632  0.438144  0.716984  0.702676 0.0  0.490200  0.753069  0.722437  0.483309  0.697371  0.735516  0.757499  0.345224  0.574659  0.800852  0.714785  0.774093  0.660381  0.720937  0.724617 
47  0.726948  0.665771  0.820531  0.713930  0.450074  0.714848  0.634522  0.783140  0.756226  0.569663  0.679561  0.730926  0.650289  0.579473  0.775956  0.561730  0.688759  0.634210  0.815817  0.772177  0.400029  0.503774  0.509492  0.502930  0.663837  0.564903  0.657408  0.702460  0.687627  0.482005  0.354545  0.585640  0.411886  0.612077  0.406412  0.543506  0.425980  0.498941  0.429794  0.378353  0.372636  0.399934  0.717714  0.393007  0.679863  0.739182  0.490200 0.0  0.646314  0.723298  0.508484  0.695268  0.761837  0.657551  0.255248  0.422244  0.876513  0.709839  0.663686  0.448078  0.871110  0.860932 
48  0.719695  0.854677  0.811230  0.771893  0.515828  0.810783  0.901141  0.749648  0.625413  0.656613  0.853891  0.900273  0.749875  0.503957  0.802672  0.656418  0.765488  0.678385  0.839271  0.586978  0.449990  0.481711  0.616733  0.379655  0.857879  0.540731  0.634780  0.703456  0.687633  0.535857  0.521902  0.453727  0.496866  0.384909  0.549776  0.547624  0.373843  0.421896  0.375545  0.345215  0.379920  0.669983  0.780537  0.541814  0.748346  0.715875  0.753069  0.646314 0.0  0.777328  0.474501  0.858102  0.796976  0.884779  0.468079  0.471061  0.795067  0.782361  0.878189  0.336808  0.730456  0.706881 
49  0.572468  0.671946  0.648583  0.654977  0.706895  0.767477  0.775461  0.722550  0.520573  0.667819  0.826869  0.806179  0.556146  0.773096  0.571061  0.774680  0.484858  0.758253  0.604610  0.812767  0.814932  0.623209  0.616997  0.820486  0.706599  0.728283  0.653365  0.738661  0.513649  0.594708  0.816080  0.675922  0.621686  0.725309  0.735188  0.681729  0.774854  0.856858  0.696255  0.727527  0.699610  0.798127  0.748982  0.746849  0.384170  0.525099  0.722437  0.723298  0.777328 0.0  0.628105  0.436850  0.600525  0.491433  0.685795  0.675502  0.570599  0.552547  0.813774  0.836812  0.539633  0.692205 
50  0.696545  0.721973  0.727450  0.714813  0.382327  0.747489  0.731768  0.754096  0.700550  0.703727  0.739678  0.840598  0.696993  0.563321  0.756937  0.680716  0.809481  0.660093  0.766423  0.698806  0.453636  0.533560  0.414539  0.376020  0.731968  0.463731  0.698079  0.804718  0.671082  0.456960  0.605946  0.478020  0.532839  0.485757  0.508755  0.544358  0.382508  0.505220  0.516778  0.450060  0.484352  0.431764  0.817249  0.554412  0.727807  0.850873  0.483309  0.508484  0.474501  0.628105 0.0  0.704144  0.703024  0.728989  0.347237  0.649941  0.751804  0.622056  0.816859  0.465343  0.692393  0.684405 
51  0.479709  0.815754  0.632510  0.753949  0.902441  0.728608  0.691639  0.895798  0.605254  0.479762  0.798041  0.883058  0.631675  0.799786  0.503568  0.763618  0.535617  0.751716  0.538790  0.852825  0.714074  0.612931  0.582968  0.746171  0.819457  0.860298  0.612172  0.770259  0.421701  0.855318  0.774611  0.802924  0.664091  0.827395  0.772636  0.816651  0.803569  0.785440  0.750683  0.787946  0.846016  0.734393  0.818672  0.881119  0.541885  0.483715  0.697371  0.695268  0.858102  0.436850  0.704144 0.0  0.616713  0.464023  0.651027  0.701202  0.671515  0.740299  0.800738  0.809577  0.619410  0.529165 
52  0.661668  0.640486  0.231831  0.632506  0.856092  0.724508  0.675234  0.661034  0.782076  0.743357  0.858897  0.911884  0.652776  0.790615  0.280502  0.678883  0.737311  0.705454  0.770822  0.871599  0.757330  0.702104  0.679303  0.851789  0.660754  0.807964  0.637965  0.888167  0.735829  0.814453  0.870749  0.764839  0.827236  0.831068  0.822618  0.789934  0.717569  0.738675  0.794277  0.826543  0.937931  0.812549  0.649721  0.814249  0.597227  0.688434  0.735516  0.761837  0.796976  0.600525  0.703024  0.616713 0.0  0.765922  0.727547  0.869008  0.340644  0.337575  0.667754  0.865132  0.775503  0.744964 
53  0.462865  0.730313  0.782830  0.675035  0.777244  0.621208  0.664000  0.635361  0.595452  0.549891  0.691435  0.635480  0.403582  0.792645  0.765014  0.605806  0.407293  0.551845  0.711806  0.757461  0.642688  0.758226  0.826304  0.654850  0.602630  0.710819  0.483387  0.688300  0.490253  0.669414  0.784601  0.714847  0.604326  0.740309  0.665860  0.683745  0.767005  0.787828  0.747815  0.590471  0.676251  0.543056  0.629888  0.627976  0.361587  0.262262  0.757499  0.657551  0.884779  0.491433  0.728989  0.464023  0.765922 0.0  0.759317  0.662541  0.780686  0.773130  0.613508  0.702021  0.774734  0.697246 
54  0.708508  0.716616  0.711274  0.849271  0.362025  0.849242  0.623971  0.758159  0.758997  0.609722  0.677982  0.708182  0.669768  0.569639  0.841074  0.697994  0.696103  0.657198  0.768040  0.700512  0.412779  0.473397  0.517940  0.494297  0.731593  0.397618  0.771398  0.746447  0.713882  0.541382  0.287564  0.569265  0.384833  0.499320  0.426106  0.546473  0.424481  0.499565  0.462446  0.495895  0.500600  0.531903  0.814538  0.478738  0.740889  0.798879  0.345224  0.255248  0.468079  0.685795  0.347237  0.651027  0.727547  0.759317 0.0  0.453087  0.834202  0.776901  0.663894  0.448069  0.712556  0.756172 
55  0.708612  0.697949  0.843965  0.618668  0.413928  0.659992  0.635983  0.694724  0.856932  0.458844  0.699215  0.745003  0.616419  0.429002  0.899172  0.641394  0.597768  0.660040  0.783874  0.733354  0.508944  0.379836  0.534252  0.485824  0.710340  0.421096  0.640805  0.682549  0.814569  0.553549  0.474328  0.479319  0.508960  0.508327  0.427702  0.510952  0.362257  0.485590  0.409699  0.230757  0.332476  0.386393  0.583005  0.630417  0.619794  0.597711  0.574659  0.422244  0.471061  0.675502  0.649941  0.701202  0.869008  0.662541  0.453087 0.0  0.776543  0.861695  0.693248  0.427968  0.767163  0.753663 
56  0.741442  0.592113  0.343683  0.605689  0.853027  0.622346  0.770945  0.797980  0.590143  0.718804  0.762104  0.779437  0.593442  0.795337  0.369500  0.771382  0.722958  0.646156  0.584964  0.750723  0.643037  0.625776  0.721460  0.819642  0.644876  0.846987  0.676010  0.861857  0.640961  0.795180  0.840513  0.816553  0.829369  0.771126  0.689973  0.813106  0.802346  0.827994  0.796956  0.677454  0.851301  0.752599  0.652252  0.825827  0.635058  0.682361  0.800852  0.876513  0.795067  0.570599  0.751804  0.671515  0.340644  0.780686  0.834202  0.776543 0.0  0.297636  0.820943  0.858217  0.741919  0.618652 
57  0.728820  0.613555  0.287603  0.730175  0.809128  0.604177  0.615213  0.539273  0.674037  0.931283  0.795130  0.889730  0.743107  0.734870  0.447587  0.604865  0.789793  0.625295  0.578388  0.793863  0.829378  0.650106  0.766387  1.000000  0.607242  0.907803  0.698282  0.835628  0.627103  0.821415  0.764482  0.773784  0.814787  0.853982  0.790074  0.757139  0.917987  0.703918  0.846055  0.684969  0.748550  0.794877  0.679128  0.740837  0.723845  0.883976  0.714785  0.709839  0.782361  0.552547  0.622056  0.740299  0.337575  0.773130  0.776901  0.861695  0.297636 0.0  0.753093  0.810529  0.598935  0.606049 
58  0.761805  0.779213  0.903839  0.673772  0.662038  0.636444  0.597141  0.787521  0.835547  0.628014  0.562532  0.484149  0.645291  0.763776  0.780313  0.526426  0.626494  0.688930  0.802914  0.769022  0.692076  0.772547  0.757814  0.725808  0.641645  0.679463  0.698747  0.458869  0.824345  0.698416  0.688131  0.676700  0.599109  0.697293  0.645405  0.577761  0.685292  0.753249  0.631785  0.622583  0.606698  0.579686  0.566497  0.736918  0.768401  0.676783  0.774093  0.663686  0.878189  0.813774  0.816859  0.800738  0.667754  0.613508  0.663894  0.693248  0.820943  0.753093 0.0  0.847205  0.730470  0.855766 
59  0.624705  0.681774  0.827584  0.763805  0.396147  0.743029  0.672226  0.718278  0.765922  0.548575  0.782599  0.641188  0.609753  0.357623  0.786356  0.534077  0.783893  0.605471  0.777736  0.682174  0.485955  0.469808  0.582784  0.262432  0.745213  0.238937  0.659162  0.596141  0.697567  0.477326  0.528248  0.436657  0.438772  0.386732  0.456567  0.414199  0.273299  0.246101  0.258975  0.226838  0.276684  0.479023  0.641834  0.481286  0.628180  0.643429  0.660381  0.448078  0.336808  0.836812  0.465343  0.809577  0.865132  0.702021  0.448069  0.427968  0.858217  0.810529  0.847205 0.0  0.697508  0.644819 
60  0.641031  0.799074  0.707864  0.834878  0.769743  0.775658  0.803655  0.847154  0.739950  0.711128  0.767292  0.844861  0.758898  0.763727  0.717125  0.719032  0.696245  0.458186  0.322636  0.430374  0.765644  0.720981  0.683146  0.766208  0.826668  0.675645  0.667033  0.764501  0.583329  0.756245  0.860464  0.680180  0.745291  0.826699  0.603438  0.736619  0.765804  0.824922  0.823701  0.862739  0.689700  0.874349  0.746635  0.684946  0.712018  0.824918  0.720937  0.871110  0.730456  0.539633  0.692393  0.619410  0.775503  0.774734  0.712556  0.767163  0.741919  0.598935  0.730470  0.697508 0.0  0.368007 
61  0.720212  0.863916  0.715904  0.828338  0.642008  0.871451  0.738493  0.858883  0.681378  0.812784  0.730095  0.906839  0.683183  0.785638  0.698493  0.677896  0.737829  0.476234  0.274022  0.412287  0.670652  0.681456  0.703240  0.821932  0.762516  0.626273  0.601672  0.795791  0.645989  0.754437  0.831411  0.694355  0.760351  0.754424  0.530574  0.781399  0.831962  0.774370  0.787229  0.716264  0.819993  0.743306  0.787212  0.809944  0.811426  0.744676  0.724617  0.860932  0.706881  0.692205  0.684405  0.529165  0.744964  0.697246  0.756172  0.753663  0.618652  0.606049  0.855766  0.644819  0.368007 0.0 
