62
0 0.0  0.622042  0.853796  0.685093  0.729160  0.710408  0.703913  0.646746  0.534109  0.575017  0.632790  0.650868  0.533658  0.713119  0.788804  0.614659  0.310689  0.664137  0.673521  0.703083  0.736585  0.830853  0.846541  0.805117  0.645775  0.667990  0.489728  0.727489  0.677223  0.709116  0.855623  0.683372  0.495309  0.684015  0.635803  0.662280  0.700573  0.792857  0.638248  0.693409  0.753151  0.665600  0.599804  0.672807  0.416423  0.329737  0.693702  0.647628  0.919202  0.472860  0.773398  0.580869  0.813528  0.455570  0.735978  0.708760  0.749709  0.808597  0.665069  0.796421  0.690517  0.799038 
1  0.622042 0.0  0.654333  0.446482  0.663003  0.491417  0.409760  0.315201  0.832774  0.723390  0.651975  0.713316  0.660325  0.819181  0.666303  0.428061  0.747316  0.672013  0.764071  0.938937  0.779950  0.798882  0.765146  0.660270  0.454694  0.756278  0.557839  0.722575  0.656469  0.763598  0.740321  0.847763  0.804788  0.756013  0.732911  0.730498  0.724767  0.785513  0.684258  0.721056  0.749621  0.788100  0.618094  0.617451  0.671669  0.703818  0.910396  0.777722  0.839501  0.833752  0.747275  0.697623  0.632390  0.786006  0.707024  0.817827  0.717868  0.727827  0.734220  0.746523  0.926798  0.873750 
2  0.853796  0.654333 0.0  0.731995  0.932675  0.804673  0.662236  0.656712  0.625880  0.874197  0.801826  0.810387  0.746769  0.872032  0.285099  0.638274  0.835634  0.667167  0.636220  0.867744  0.829023  0.700895  0.705892  0.922620  0.683248  0.773917  0.546866  0.827987  0.673463  0.850251  0.805203  0.874614  0.722543  0.884775  0.675060  0.680704  0.832919  0.820339  0.728450  0.887879  0.836705  0.800638  0.845303  0.860942  0.719731  0.746032  0.711577  0.758464  0.889739  0.628563  0.748304  0.710852  0.275649  0.768386  0.782460  0.868392  0.327531  0.304848  0.819015  0.846948  0.671984  0.637457 
3  0.685093  0.446482  0.731995 0.0  0.654581  0.289776  0.320216  0.391136  0.798403  0.758951  0.741451  0.696221  0.707276  0.715195  0.653338  0.535033  0.703634  0.650953  0.676789  0.749860  0.760894  0.909030  0.795192  0.786381  0.316620  0.921735  0.705636  0.589164  0.743507  0.807207  0.876070  0.842571  0.702264  0.783885  0.753718  0.771058  0.759362  0.786750  0.786519  0.694240  0.693026  0.675580  0.450260  0.594279  0.768463  0.644474  0.904941  0.707659  0.940116  0.752851  0.754001  0.755426  0.720735  0.521358  0.793308  0.634321  0.751262  0.762939  0.674064  0.724826  0.868793  0.868665 
4  0.729160  0.663003  0.932675  0.654581 0.0  0.737383  0.680667  0.735774  0.703133  0.637879  0.747506  0.791273  0.639818  0.501594  0.826001  0.618847  0.748330  0.649561  0.860432  0.724460  0.347924  0.558620  0.467915  0.491913  0.732216  0.486680  0.610698  0.709615  0.722225  0.372911  0.600892  0.461405  0.466254  0.373297  0.408279  0.465575  0.397825  0.487835  0.444522  0.440521  0.301612  0.376980  0.817258  0.484870  0.717188  0.693572  0.601673  0.265002  0.609948  0.797779  0.356118  0.717137  0.918537  0.739905  0.430094  0.418325  0.822703  0.843340  0.740043  0.448994  0.852901  0.721956 
5  0.710408  0.491417  0.804673  0.289776  0.737383 0.0  0.317278  0.378815  0.682115  0.650453  0.643129  0.719160  0.668582  0.783727  0.667324  0.714909  0.607749  0.677233  0.847747  0.743289  0.696467  0.829886  0.809354  0.791066  0.480899  0.766084  0.592584  0.602688  0.583614  0.640848  0.797667  0.823935  0.682640  0.832874  0.731167  0.784887  0.829104  0.777754  0.753356  0.694960  0.869782  0.591253  0.597200  0.730334  0.832522  0.561131  0.831199  0.719060  0.857966  0.832881  0.872731  0.841277  0.600717  0.674627  0.902462  0.756578  0.727729  0.738626  0.701947  0.766986  0.755059  0.711114 
6  0.703913  0.409760  0.662236  0.320216  0.680667  0.317278 0.0  0.446692  0.814481  0.676244  0.730692  0.703078  0.693130  0.707104  0.703435  0.570504  0.570832  0.567410  0.834751  0.727574  0.821701  0.720578  0.794561  0.719892  0.375936  0.799696  0.579413  0.595613  0.580545  0.721348  0.845296  0.809412  0.893242  0.750685  0.787613  0.829020  0.856411  0.796397  0.690468  0.765799  0.913202  0.571104  0.445088  0.681150  0.606719  0.739110  0.779164  0.724880  0.938283  0.773677  0.741889  0.773468  0.711753  0.737848  0.831770  0.718206  0.618387  0.703990  0.664126  0.759456  0.808735  0.957656 
7  0.646746  0.315201  0.656712  0.391136  0.735774  0.378815  0.446692 0.0  0.627379  0.734993  0.716546  0.758265  0.812710  0.656718  0.619180  0.652310  0.570415  0.693533  0.874318  0.855894  0.639181  0.874497  0.750120  0.878599  0.429437  0.652912  0.749616  0.734549  0.785715  0.854155  0.938677  0.847314  0.679430  0.688824  0.727944  0.741560  0.775952  0.723143  0.727897  0.704246  0.722025  0.703305  0.549538  0.800903  0.771208  0.711286  0.865161  0.606267  0.865836  0.747847  0.789654  0.806097  0.783274  0.668201  0.837031  0.664914  0.670819  0.589170  0.736878  0.739155  0.860274  0.879006 
8  0.534109  0.832774  0.625880  0.798403  0.703133  0.682115  0.814481  0.627379 0.0  0.829797  0.798644  0.833135  0.708349  0.833078  0.752237  0.763942  0.647693  0.806203  0.623408  0.543301  0.796681  0.780131  0.762231  0.855319  0.752019  0.827088  0.696860  0.772132  0.608839  0.832355  0.587584  0.757551  0.785641  0.727224  0.711777  0.865916  0.913049  0.712452  0.902872  0.682059  0.843329  0.835718  0.757299  0.761505  0.603762  0.648613  0.767363  0.823424  0.737537  0.590019  0.841826  0.644192  0.697569  0.590926  0.832539  0.789767  0.649455  0.701736  0.873999  0.703693  0.806660  0.759174 
9  0.575017  0.723390  0.874197  0.758951  0.637879  0.650453  0.676244  0.734993  0.829797 0.0  0.622989  0.680846  0.841578  0.500515  0.893386  0.678118  0.590843  0.673547  0.771006  0.865986  0.544397  0.636581  0.643646  0.645726  0.754736  0.578618  0.649476  0.648129  0.692600  0.468143  0.528990  0.448317  0.387162  0.646901  0.382397  0.453414  0.616910  0.427545  0.507612  0.599932  0.550351  0.511507  0.660442  0.462356  0.690430  0.619958  0.628059  0.593089  0.760142  0.734841  0.608599  0.669234  0.755743  0.451703  0.630806  0.516092  0.683118  0.835796  0.630709  0.533393  0.875672  0.924470 
10  0.632790  0.651975  0.801826  0.741451  0.747506  0.643129  0.730692  0.716546  0.798644  0.622989 0.0  0.480218  0.639373  0.693164  0.689469  0.583492  0.734264  0.612265  0.834933  0.755871  0.646370  0.915562  0.821901  0.666400  0.743265  0.688253  0.795534  0.451764  0.758974  0.720934  0.805905  0.716483  0.761883  0.720382  0.790559  0.655552  0.753637  0.720246  0.705831  0.725727  0.753128  0.640895  0.767562  0.787903  0.683518  0.647032  0.821895  0.665237  0.895608  0.829793  0.770417  0.849350  0.836087  0.873926  0.715447  0.651586  0.844939  0.826043  0.521174  0.794120  0.737389  0.733082 
11  0.650868  0.713316  0.810387  0.696221  0.791273  0.719160  0.703078  0.758265  0.833135  0.680846  0.480218 0.0  0.634595  0.713444  0.854627  0.614164  0.701592  0.677301  0.805275  0.905270  0.703381  0.841026  0.816415  0.760475  0.772996  0.729425  0.684736  0.319177  0.964430  0.697953  0.706492  0.835223  0.709895  0.742179  0.637004  0.741727  0.794185  0.770748  0.661297  0.759635  0.753867  0.534104  0.576298  0.759691  0.825299  0.749158  0.718822  0.523992  0.897768  0.822535  0.821520  0.823864  0.895305  0.559171  0.743803  0.689510  0.883877  0.925146  0.594954  0.721481  0.930313  0.862617 
12  0.533658  0.660325  0.746769  0.707276  0.639818  0.668582  0.693130  0.812710  0.708349  0.841578  0.639373  0.634595 0.0  0.642129  0.668181  0.614568  0.539227  0.573421  0.671619  0.679845  0.407970  0.720306  0.781193  0.632333  0.661068  0.619798  0.418745  0.672525  0.607179  0.638329  0.810365  0.624506  0.589732  0.614024  0.556196  0.617132  0.564364  0.670410  0.671920  0.625389  0.551548  0.598341  0.660017  0.712335  0.565109  0.521604  0.819203  0.763115  0.646468  0.510589  0.611103  0.635359  0.571853  0.473502  0.726555  0.749914  0.731033  0.673060  0.609077  0.654736  0.682855  0.853579 
13  0.713119  0.819181  0.872032  0.715195  0.501594  0.783727  0.707104  0.656718  0.833078  0.500515  0.693164  0.713444  0.642129 0.0  0.852004  0.571214  0.632748  0.563114  0.841301  0.701917  0.564891  0.573477  0.744239  0.341681  0.812730  0.463763  0.616076  0.652577  0.650930  0.511000  0.664844  0.351136  0.607459  0.417574  0.470108  0.372155  0.431754  0.361482  0.396499  0.494142  0.462795  0.651433  0.710019  0.382037  0.598868  0.722731  0.655969  0.683457  0.542817  0.752928  0.548436  0.821350  0.839509  0.668535  0.526169  0.568575  0.918932  0.806838  0.738345  0.321252  0.770225  0.747909 
14  0.788804  0.666303  0.285099  0.653338  0.826001  0.667324  0.703435  0.619180  0.752237  0.893386  0.689469  0.854627  0.668181  0.852004 0.0  0.796052  0.767397  0.635038  0.631892  0.872194  0.748978  0.648096  0.718714  0.741353  0.808657  0.820170  0.663231  0.885353  0.754394  0.775777  0.707502  0.892352  0.812228  0.781075  0.751111  0.853017  0.866200  0.755139  0.857374  0.798466  0.787835  0.870726  0.681603  0.958323  0.743124  0.745693  0.746453  0.870862  1.000000  0.704141  0.774086  0.719459  0.223713  0.623792  0.820948  0.865554  0.356785  0.313373  0.880093  0.893830  0.762113  0.645821 
15  0.614659  0.428061  0.638274  0.535033  0.618847  0.714909  0.570504  0.652310  0.763942  0.678118  0.583492  0.614164  0.614568  0.571214  0.796052 0.0  0.613497  0.669982  0.643805  0.783124  0.610560  0.697670  0.615708  0.632062  0.582857  0.684985  0.661539  0.545482  0.760254  0.583016  0.718524  0.576931  0.606167  0.664344  0.609322  0.585215  0.555172  0.607480  0.757114  0.680616  0.589198  0.624788  0.632855  0.678773  0.637256  0.656677  0.767606  0.691707  0.745264  0.696364  0.743442  0.843257  0.763107  0.631297  0.593733  0.676988  0.610207  0.707043  0.635741  0.656823  0.659784  0.764727 
16  0.310689  0.747316  0.835634  0.703634  0.748330  0.607749  0.570832  0.570415  0.647693  0.590843  0.734264  0.701592  0.539227  0.632748  0.767397  0.613497 0.0  0.732749  0.797217  0.690726  0.792168  0.702104  0.770628  0.760716  0.545552  0.654356  0.554797  0.715656  0.599561  0.633581  0.795560  0.797380  0.697819  0.627709  0.679681  0.690479  0.837920  0.696684  0.698904  0.802669  0.653863  0.597786  0.560016  0.726085  0.592225  0.371543  0.670629  0.692402  0.769227  0.489655  0.902595  0.366927  0.720943  0.455511  0.744479  0.590653  0.797684  0.859557  0.723759  0.674072  0.754525  0.811848 
17  0.664137  0.672013  0.667167  0.650953  0.649561  0.677233  0.567410  0.693533  0.806203  0.673547  0.612265  0.677301  0.573421  0.563114  0.635038  0.669982  0.732749 0.0  0.533597  0.580723  0.615139  0.816218  0.729021  0.579649  0.733062  0.533099  0.462572  0.711597  0.706517  0.659434  0.824451  0.640953  0.641727  0.648699  0.539053  0.640372  0.584796  0.681237  0.685728  0.675871  0.548391  0.616979  0.698407  0.696143  0.513557  0.747242  0.951672  0.696647  0.769206  0.669093  0.719555  0.753618  0.665622  0.659784  0.683496  0.672996  0.661616  0.698355  0.663924  0.622261  0.479304  0.486443 
18  0.673521  0.764071  0.636220  0.676789  0.860432  0.847747  0.834751  0.874318  0.623408  0.771006  0.834933  0.805275  0.671619  0.841301  0.631892  0.643805  0.797217  0.533597 0.0  0.473887  0.921980  0.794579  0.709334  0.771691  0.931927  0.829216  0.738013  0.782640  0.647833  0.833543  0.857216  0.785853  0.768883  0.882490  0.707435  0.860570  0.841016  0.763052  0.786839  0.896447  0.764504  0.744372  0.884149  0.832394  0.732746  0.791144  0.739952  0.963290  0.795498  0.571023  0.879194  0.691511  0.703926  0.739234  0.674258  0.725841  0.758146  0.658287  0.782664  0.868885  0.304703  0.419356 
19  0.703083  0.938937  0.867744  0.749860  0.724460  0.743289  0.727574  0.855894  0.543301  0.865986  0.755871  0.905270  0.679845  0.701917  0.872194  0.783124  0.690726  0.580723  0.473887 0.0  0.783359  0.897805  0.863431  0.818855  0.806023  0.790782  0.748698  0.782419  0.660849  0.754735  0.821541  0.732067  0.786051  0.715607  0.716761  0.790837  0.777067  0.863407  0.809928  0.761951  0.837804  0.813608  0.858936  0.807469  0.847851  0.765723  0.837514  0.949198  0.623678  0.739138  0.573822  0.683494  0.723067  0.786596  0.652883  0.863955  0.849991  0.863784  0.801137  0.618196  0.428756  0.485405 
20  0.736585  0.779950  0.829023  0.760894  0.347924  0.696467  0.821701  0.639181  0.796681  0.544397  0.646370  0.703381  0.407970  0.564891  0.748978  0.610560  0.792168  0.615139  0.921980  0.783359 0.0  0.569432  0.462301  0.442494  0.736746  0.419043  0.614135  0.791361  0.688387  0.501797  0.440729  0.477117  0.385346  0.430430  0.385275  0.578228  0.509845  0.553334  0.598226  0.528431  0.541354  0.343830  0.743851  0.366168  0.706096  0.670910  0.546498  0.548552  0.589484  0.849107  0.344441  0.801578  0.813163  0.813896  0.397475  0.481807  0.781168  0.997083  0.609664  0.392951  0.710700  0.786028 
21  0.830853  0.798882  0.700895  0.909030  0.558620  0.829886  0.720578  0.874497  0.780131  0.636581  0.915562  0.841026  0.720306  0.573477  0.648096  0.697670  0.702104  0.816218  0.794579  0.897805  0.569432 0.0  0.461656  0.423256  0.762002  0.468621  0.799168  0.797902  0.607780  0.550019  0.512382  0.620170  0.619289  0.441839  0.490896  0.502578  0.510806  0.504182  0.429685  0.461574  0.485310  0.464821  0.891816  0.721278  0.895437  0.779548  0.507993  0.489985  0.508753  0.764593  0.563124  0.632756  0.712624  0.844110  0.486804  0.503736  0.794257  0.712323  0.765697  0.532420  0.734948  0.687175 
22  0.846541  0.765146  0.705892  0.795192  0.467915  0.809354  0.794561  0.750120  0.762231  0.643646  0.821901  0.816415  0.781193  0.744239  0.718714  0.615708  0.770628  0.729021  0.709334  0.863431  0.462301  0.461656 0.0  0.538990  0.749092  0.618344  0.854417  0.772350  0.701910  0.585818  0.394454  0.663784  0.585269  0.543954  0.714333  0.852475  0.573335  0.719191  0.590935  0.650246  0.680823  0.439554  0.819918  0.627860  0.733275  0.814610  0.420394  0.408875  0.635146  0.754942  0.439434  0.760923  0.786645  0.864977  0.479169  0.495191  0.755309  0.718604  0.821348  0.629541  0.729721  0.746159 
23  0.805117  0.660270  0.922620  0.786381  0.491913  0.791066  0.719892  0.878599  0.855319  0.645726  0.666400  0.760475  0.632333  0.341681  0.741353  0.632062  0.760716  0.579649  0.771691  0.818855  0.442494  0.423256  0.538990 0.0  0.766250  0.424124  0.703830  0.712474  0.792805  0.395291  0.557608  0.273973  0.471627  0.324750  0.315846  0.384211  0.318589  0.411428  0.253392  0.240906  0.275480  0.504494  0.721349  0.444432  0.924536  0.699151  0.793740  0.596977  0.386567  0.798250  0.453696  0.807450  0.818030  0.775407  0.434722  0.382641  0.782883  0.928094  0.726246  0.397850  0.663784  0.786797 
24  0.645775  0.454694  0.683248  0.316620  0.732216  0.480899  0.375936  0.429437  0.752019  0.754736  0.743265  0.772996  0.661068  0.812730  0.808657  0.582857  0.545552  0.733062  0.931927  0.806023  0.736746  0.762002  0.749092  0.766250 0.0  0.651047  0.721594  0.719847  0.754700  0.862961  0.825328  0.704608  0.813648  0.743399  0.672369  0.790133  0.811185  0.690501  0.668029  0.577130  0.711182  0.763652  0.337909  0.700978  0.577823  0.606421  0.856645  0.722893  0.888871  0.793565  0.816735  0.739023  0.645590  0.645591  0.796300  0.670311  0.811960  0.738278  0.650417  0.834686  0.694566  0.840517 
25  0.667990  0.756278  0.773917  0.921735  0.486680  0.766084  0.799696  0.652912  0.827088  0.578618  0.688253  0.729425  0.619798  0.463763  0.820170  0.684985  0.654356  0.533099  0.829216  0.790782  0.419043  0.468621  0.618344  0.424124  0.651047 0.0  0.654864  0.687831  0.763241  0.336300  0.614075  0.354986  0.458162  0.332718  0.492149  0.420490  0.382529  0.555147  0.275313  0.290196  0.262244  0.488087  0.819975  0.502602  0.663584  0.722808  0.694574  0.487685  0.459930  0.900180  0.360571  0.780677  0.851078  0.716737  0.566277  0.512901  0.947299  0.744923  0.773016  0.341076  0.760327  0.703520 
26  0.489728  0.557839  0.546866  0.705636  0.610698  0.592584  0.579413  0.749616  0.696860  0.649476  0.795534  0.684736  0.418745  0.616076  0.663231  0.661539  0.554797  0.462572  0.738013  0.748698  0.614135  0.799168  0.854417  0.703830  0.721594  0.654864 0.0  0.687823  0.684981  0.528914  0.816345  0.555117  0.693541  0.625478  0.698891  0.578897  0.564167  0.651150  0.713134  0.719060  0.731904  0.594427  0.670264  0.564848  0.360161  0.506691  0.771418  0.656179  0.885037  0.645824  0.723850  0.680316  0.753369  0.545411  0.734427  0.661575  0.681620  0.656095  0.766919  0.713681  0.720182  0.758685 
27  0.727489  0.722575  0.827987  0.589164  0.709615  0.602688  0.595613  0.734549  0.772132  0.648129  0.451764  0.319177  0.672525  0.652577  0.885353  0.545482  0.715656  0.711597  0.782640  0.782419  0.791361  0.797902  0.772350  0.712474  0.719847  0.687831  0.687823 0.0  0.895513  0.696515  0.749768  0.722311  0.727281  0.817622  0.628137  0.632393  0.765677  0.627840  0.774396  0.670769  0.724705  0.525379  0.654185  0.687726  0.867671  0.655707  0.765603  0.696563  0.782350  0.758600  0.761487  0.833716  0.762960  0.690731  0.727125  0.736235  0.704682  0.827626  0.539575  0.680652  0.724464  0.917102 
28  0.677223  0.656469  0.673463  0.743507  0.722225  0.583614  0.580545  0.785715  0.608839  0.692600  0.758974  0.964430  0.607179  0.650930  0.754394  0.760254  0.599561  0.706517  0.647833  0.660849  0.688387  0.607780  0.701910  0.792805  0.754700  0.763241  0.684981  0.895513 0.0  0.790955  0.847613  0.678848  0.786620  0.699343  0.696881  0.803467  0.674005  0.734663  0.813142  0.676773  0.730816  0.802315  0.696916  0.738312  0.620032  0.683187  0.707118  0.798929  0.823103  0.529857  0.764664  0.582837  0.585683  0.672746  0.618552  0.819455  0.645525  0.622271  0.869639  0.699768  0.769608  0.630884 
29  0.709116  0.763598  0.850251  0.807207  0.372911  0.640848  0.721348  0.854155  0.832355  0.468143  0.720934  0.697953  0.638329  0.511000  0.775777  0.583016  0.633581  0.659434  0.833543  0.754735  0.501797  0.550019  0.585818  0.395291  0.862961  0.336300  0.528914  0.696515  0.790955 0.0  0.593009  0.511516  0.369643  0.512534  0.436378  0.538214  0.346403  0.501130  0.304774  0.399994  0.519766  0.466957  0.796762  0.519673  0.654446  0.655988  0.779151  0.469597  0.554832  0.703692  0.446620  0.814070  0.857691  0.663578  0.445786  0.503989  0.865963  0.864003  0.713462  0.337036  0.735063  0.703235 
30  0.855623  0.740321  0.805203  0.876070  0.600892  0.797667  0.845296  0.938677  0.587584  0.528990  0.805905  0.706492  0.810365  0.664844  0.707502  0.718524  0.795560  0.824451  0.857216  0.821541  0.440729  0.512382  0.394454  0.557608  0.825328  0.614075  0.816345  0.749768  0.847613  0.593009 0.0  0.629221  0.697416  0.625704  0.557285  0.683873  0.605617  0.695834  0.694910  0.517991  0.508393  0.442840  0.751136  0.653996  0.806358  0.772639  0.557503  0.393333  0.406383  0.728315  0.344241  0.768975  0.947737  0.835792  0.374736  0.361729  0.788400  0.815332  0.749109  0.682767  0.874058  0.827728 
31  0.683372  0.847763  0.874614  0.842571  0.461405  0.823935  0.809412  0.847314  0.757551  0.448317  0.716483  0.835223  0.624506  0.351136  0.892352  0.576931  0.797380  0.640953  0.785853  0.732067  0.477117  0.620170  0.663784  0.273973  0.704608  0.354986  0.555117  0.722311  0.678848  0.511516  0.629221 0.0  0.500970  0.396740  0.415621  0.245206  0.377179  0.285032  0.424971  0.439286  0.374434  0.553218  0.790907  0.459829  0.675034  0.681490  0.554716  0.585124  0.428035  0.831725  0.532955  0.955585  0.956682  0.782033  0.574072  0.575477  0.780177  0.766182  0.660990  0.297698  0.686106  0.714696 
32  0.495309  0.804788  0.722543  0.702264  0.466254  0.682640  0.893242  0.679430  0.785641  0.387162  0.761883  0.709895  0.589732  0.607459  0.812228  0.606167  0.697819  0.641727  0.768883  0.786051  0.385346  0.619289  0.585269  0.471627  0.813648  0.458162  0.693541  0.727281  0.786620  0.369643  0.697416  0.500970 0.0  0.530762  0.346376  0.556193  0.470618  0.450078  0.506137  0.493540  0.402765  0.420760  0.787478  0.494118  0.453442  0.559533  0.714747  0.449325  0.477395  0.580903  0.535803  0.694795  0.840603  0.641278  0.416660  0.530814  0.894713  0.781035  0.679078  0.395565  0.795574  0.813008 
33  0.684015  0.756013  0.884775  0.783885  0.373297  0.832874  0.750685  0.688824  0.727224  0.646901  0.720382  0.742179  0.614024  0.417574  0.781075  0.664344  0.627709  0.648699  0.882490  0.715607  0.430430  0.441839  0.543954  0.324750  0.743399  0.332718  0.625478  0.817622  0.699343  0.512534  0.625704  0.396740  0.530762 0.0  0.480325  0.416917  0.394494  0.358709  0.291174  0.324974  0.308548  0.568669  0.776698  0.549907  0.678713  0.748770  0.762826  0.550674  0.308974  0.768782  0.371615  0.783760  0.837277  0.725520  0.542878  0.424017  0.727922  0.724205  0.779956  0.385292  0.688850  0.774039 
34  0.635803  0.732911  0.675060  0.753718  0.408279  0.731167  0.787613  0.727944  0.711777  0.382397  0.790559  0.637004  0.556196  0.470108  0.751111  0.609322  0.679681  0.539053  0.707435  0.716761  0.385275  0.490896  0.714333  0.315846  0.672369  0.492149  0.698891  0.628137  0.696881  0.436378  0.557285  0.415621  0.346376  0.480325 0.0  0.392630  0.438753  0.390498  0.355315  0.465358  0.474200  0.520275  0.703007  0.379623  0.584091  0.710467  0.581364  0.415650  0.615430  0.755818  0.468817  0.857914  0.747464  0.692934  0.480413  0.470241  0.815062  0.774229  0.768453  0.520737  0.655374  0.793946 
35  0.662280  0.730498  0.680704  0.771058  0.465575  0.784887  0.829020  0.741560  0.865916  0.453414  0.655552  0.741727  0.617132  0.372155  0.853017  0.585215  0.690479  0.640372  0.860570  0.790837  0.578228  0.502578  0.852475  0.384211  0.790133  0.420490  0.578897  0.632393  0.803467  0.538214  0.683873  0.245206  0.556193  0.416917  0.392630 0.0  0.300439  0.314803  0.279776  0.454450  0.429689  0.628818  0.856784  0.436356  0.672143  0.693000  0.509587  0.537704  0.503267  0.724577  0.528306  0.856901  0.914712  0.676126  0.468879  0.391508  0.827993  0.951435  0.759779  0.378206  0.835933  0.868208 
36  0.700573  0.724767  0.832919  0.759362  0.397825  0.829104  0.856411  0.775952  0.913049  0.616910  0.753637  0.794185  0.564364  0.431754  0.866200  0.555172  0.837920  0.584796  0.841016  0.777067  0.509845  0.510806  0.573335  0.318589  0.811185  0.382529  0.564167  0.765677  0.674005  0.346403  0.605617  0.377179  0.470618  0.394494  0.438753  0.300439 0.0  0.379095  0.316051  0.335158  0.297835  0.427461  0.742206  0.552280  0.702546  0.696068  0.656263  0.490012  0.367410  0.783544  0.492487  0.953080  0.876593  0.845449  0.478959  0.444953  0.814117  0.829549  0.697674  0.257125  0.745184  0.804354 
37  0.792857  0.785513  0.820339  0.786750  0.487835  0.777754  0.796397  0.723143  0.712452  0.427545  0.720246  0.770748  0.670410  0.361482  0.755139  0.607480  0.696684  0.681237  0.763052  0.863407  0.553334  0.504182  0.719191  0.411428  0.690501  0.555147  0.651150  0.627840  0.734663  0.501130  0.695834  0.285032  0.450078  0.358709  0.390498  0.314803  0.379095 0.0  0.344046  0.333258  0.391596  0.491125  0.758777  0.350178  0.830602  0.734565  0.666453  0.475040  0.468734  0.909383  0.518829  0.768450  0.910385  0.744407  0.517423  0.399445  0.862910  0.662673  0.782100  0.452029  0.727217  0.757213 
38  0.638248  0.684258  0.728450  0.786519  0.444522  0.753356  0.690468  0.727897  0.902872  0.507612  0.705831  0.661297  0.671920  0.396499  0.857374  0.757114  0.698904  0.685728  0.786839  0.809928  0.598226  0.429685  0.590935  0.253392  0.668029  0.275313  0.713134  0.774396  0.813142  0.304774  0.694910  0.424971  0.506137  0.291174  0.355315  0.279776  0.316051  0.344046 0.0  0.393233  0.350070  0.563564  0.691818  0.508141  0.733646  0.761480  0.776059  0.481988  0.333196  0.847647  0.505038  0.796217  0.982014  0.701156  0.533844  0.343350  0.878128  0.806853  0.725660  0.303371  0.821630  0.718992 
39  0.693409  0.721056  0.887879  0.694240  0.440521  0.694960  0.765799  0.704246  0.682059  0.599932  0.725727  0.759635  0.625389  0.494142  0.798466  0.680616  0.802669  0.675871  0.896447  0.761951  0.528431  0.461574  0.650246  0.240906  0.577130  0.290196  0.719060  0.670769  0.676773  0.399994  0.517991  0.439286  0.493540  0.324974  0.465358  0.454450  0.335158  0.333258  0.393233 0.0  0.362734  0.570639  0.712779  0.462293  0.668779  0.679897  0.703574  0.451565  0.414547  0.865641  0.593067  0.799038  0.744673  0.592182  0.470690  0.369993  0.768130  0.767726  0.684948  0.228749  0.806196  0.844458 
40  0.753151  0.749621  0.836705  0.693026  0.301612  0.869782  0.913202  0.722025  0.843329  0.550351  0.753128  0.753867  0.551548  0.462795  0.787835  0.589198  0.653863  0.548391  0.764504  0.837804  0.541354  0.485310  0.680823  0.275480  0.711182  0.262244  0.731904  0.724705  0.730816  0.519766  0.508393  0.374434  0.402765  0.308548  0.474200  0.429689  0.297835  0.391596  0.350070  0.362734 0.0  0.474845  0.810894  0.618484  0.710998  0.598206  0.726256  0.545598  0.384123  0.783001  0.583861  0.874405  0.793975  0.706477  0.417016  0.411561  0.744209  0.785177  0.668868  0.392261  0.822367  0.785943 
41  0.665600  0.788100  0.800638  0.675580  0.376980  0.591253  0.571104  0.703305  0.835718  0.511507  0.640895  0.534104  0.598341  0.651433  0.870726  0.624788  0.597786  0.616979  0.744372  0.813608  0.343830  0.464821  0.439554  0.504494  0.763652  0.488087  0.594427  0.525379  0.802315  0.466957  0.442840  0.553218  0.420760  0.568669  0.520275  0.628818  0.427461  0.491125  0.563564  0.570639  0.474845 0.0  0.632549  0.532461  0.632152  0.642945  0.554490  0.468728  0.618945  0.799981  0.444057  0.846322  0.841290  0.601680  0.495506  0.438300  0.812681  0.824934  0.644152  0.493782  0.819322  0.879357 
42  0.599804  0.618094  0.845303  0.450260  0.817258  0.597200  0.445088  0.549538  0.757299  0.660442  0.767562  0.576298  0.660017  0.710019  0.681603  0.632855  0.560016  0.698407  0.884149  0.858936  0.743851  0.891816  0.819918  0.721349  0.337909  0.819975  0.670264  0.654185  0.696916  0.796762  0.751136  0.790907  0.787478  0.776698  0.703007  0.856784  0.742206  0.758777  0.691818  0.712779  0.810894  0.632549 0.0  0.718566  0.659324  0.662689  0.859557  0.652713  0.832037  0.784415  0.833021  0.845457  0.653220  0.600947  0.853139  0.800496  0.628357  0.703295  0.720939  0.691329  0.935231  0.880370 
43  0.672807  0.617451  0.860942  0.594279  0.484870  0.730334  0.681150  0.800903  0.761505  0.462356  0.787903  0.759691  0.712335  0.382037  0.958323  0.678773  0.726085  0.696143  0.832394  0.807469  0.366168  0.721278  0.627860  0.444432  0.700978  0.502602  0.564848  0.687726  0.738312  0.519673  0.653996  0.459829  0.494118  0.549907  0.379623  0.436356  0.552280  0.350178  0.508141  0.462293  0.618484  0.532461  0.718566 0.0  0.695884  0.666854  0.532525  0.404611  0.628282  0.833348  0.439050  0.794506  0.804896  0.731853  0.388083  0.667199  0.962501  0.763437  0.596394  0.576528  0.771377  0.815279 
44  0.416423  0.671669  0.719731  0.768463  0.717188  0.832522  0.606719  0.771208  0.603762  0.690430  0.683518  0.825299  0.565109  0.598868  0.743124  0.637256  0.592225  0.513557  0.732746  0.847851  0.706096  0.895437  0.733275  0.924536  0.577823  0.663584  0.360161  0.867671  0.620032  0.654446  0.806358  0.675034  0.453442  0.678713  0.584091  0.672143  0.702546  0.830602  0.733646  0.668779  0.710998  0.632152  0.659324  0.695884 0.0  0.334518  0.930916  0.706867  0.729560  0.468804  0.772575  0.545941  0.820895  0.457561  0.762145  0.715214  0.694623  0.763840  0.743887  0.742665  0.824428  0.832909 
45  0.329737  0.703818  0.746032  0.644474  0.693572  0.561131  0.739110  0.711286  0.648613  0.619958  0.647032  0.749158  0.521604  0.722731  0.745693  0.656677  0.371543  0.747242  0.791144  0.765723  0.670910  0.779548  0.814610  0.699151  0.606421  0.722808  0.506691  0.655707  0.683187  0.655988  0.772639  0.681490  0.559533  0.748770  0.710467  0.693000  0.696068  0.734565  0.761480  0.679897  0.598206  0.642945  0.662689  0.666854  0.334518 0.0  0.681129  0.659855  0.833166  0.439699  0.762412  0.467294  0.694796  0.389966  0.874142  0.601689  0.785333  0.908086  0.693497  0.699489  0.824673  0.842328 
46  0.693702  0.910396  0.711577  0.904941  0.601673  0.831199  0.779164  0.865161  0.767363  0.628059  0.821895  0.718822  0.819203  0.655969  0.746453  0.767606  0.670629  0.951672  0.739952  0.837514  0.546498  0.507993  0.420394  0.793740  0.856645  0.694574  0.771418  0.765603  0.707118  0.779151  0.557503  0.554716  0.714747  0.762826  0.581364  0.509587  0.656263  0.666453  0.776059  0.703574  0.726256  0.554490  0.859557  0.532525  0.930916  0.681129 0.0  0.447220  0.644122  0.675158  0.478876  0.634843  0.685966  0.816226  0.547120  0.678929  0.665413  0.736242  0.802552  0.612631  0.686038  0.758829 
47  0.647628  0.777722  0.758464  0.707659  0.265002  0.719060  0.724880  0.606267  0.823424  0.593089  0.665237  0.523992  0.763115  0.683457  0.870862  0.691707  0.692402  0.696647  0.963290  0.949198  0.548552  0.489985  0.408875  0.596977  0.722893  0.487685  0.656179  0.696563  0.798929  0.469597  0.393333  0.585124  0.449325  0.550674  0.415650  0.537704  0.490012  0.475040  0.481988  0.451565  0.545598  0.468728  0.652713  0.404611  0.706867  0.659855  0.447220 0.0  0.603316  0.845240  0.492578  0.782519  0.832513  0.620886  0.379446  0.396751  0.796660  0.949069  0.744903  0.506993  0.853467  0.925615 
48  0.919202  0.839501  0.889739  0.940116  0.609948  0.857966  0.938283  0.865836  0.737537  0.760142  0.895608  0.897768  0.646468  0.542817  1.000000  0.745264  0.769227  0.769206  0.795498  0.623678  0.589484  0.508753  0.635146  0.386567  0.888871  0.459930  0.885037  0.782350  0.823103  0.554832  0.406383  0.428035  0.477395  0.308974  0.615430  0.503267  0.367410  0.468734  0.333196  0.414547  0.384123  0.618945  0.832037  0.628282  0.729560  0.833166  0.644122  0.603316 0.0  0.700639  0.402498  0.835725  0.879095  0.830295  0.545054  0.580382  0.857538  0.921051  0.865790  0.386373  0.773826  0.800803 
49  0.472860  0.833752  0.628563  0.752851  0.797779  0.832881  0.773677  0.747847  0.590019  0.734841  0.829793  0.822535  0.510589  0.752928  0.704141  0.696364  0.489655  0.669093  0.571023  0.739138  0.849107  0.764593  0.754942  0.798250  0.793565  0.900180  0.645824  0.758600  0.529857  0.703692  0.728315  0.831725  0.580903  0.768782  0.755818  0.724577  0.783544  0.909383  0.847647  0.865641  0.783001  0.799981  0.784415  0.833348  0.468804  0.439699  0.675158  0.845240  0.700639 0.0  0.698209  0.394506  0.602591  0.503027  0.796604  0.734525  0.635627  0.585891  0.802749  0.779053  0.660348  0.678519 
50  0.773398  0.747275  0.748304  0.754001  0.356118  0.872731  0.741889  0.789654  0.841826  0.608599  0.770417  0.821520  0.611103  0.548436  0.774086  0.743442  0.902595  0.719555  0.879194  0.573822  0.344441  0.563124  0.439434  0.453696  0.816735  0.360571  0.723850  0.761487  0.764664  0.446620  0.344241  0.532955  0.535803  0.371615  0.468817  0.528306  0.492487  0.518829  0.505038  0.593067  0.583861  0.444057  0.833021  0.439050  0.772575  0.762412  0.478876  0.492578  0.402498  0.698209 0.0  0.773349  0.811317  0.835218  0.361069  0.648046  0.871202  0.836282  0.802998  0.606013  0.732032  0.718729 
51  0.580869  0.697623  0.710852  0.755426  0.717137  0.841277  0.773468  0.806097  0.644192  0.669234  0.849350  0.823864  0.635359  0.821350  0.719459  0.843257  0.366927  0.753618  0.691511  0.683494  0.801578  0.632756  0.760923  0.807450  0.739023  0.780677  0.680316  0.833716  0.582837  0.814070  0.768975  0.955585  0.694795  0.783760  0.857914  0.856901  0.953080  0.768450  0.796217  0.799038  0.874405  0.846322  0.845457  0.794506  0.545941  0.467294  0.634843  0.782519  0.835725  0.394506  0.773349 0.0  0.583519  0.509451  0.738618  0.770477  0.648024  0.739867  0.914610  0.808862  0.609123  0.677804 
52  0.813528  0.632390  0.275649  0.720735  0.918537  0.600717  0.711753  0.783274  0.697569  0.755743  0.836087  0.895305  0.571853  0.839509  0.223713  0.763107  0.720943  0.665622  0.703926  0.723067  0.813163  0.712624  0.786645  0.818030  0.645590  0.851078  0.753369  0.762960  0.585683  0.857691  0.947737  0.956682  0.840603  0.837277  0.747464  0.914712  0.876593  0.910385  0.982014  0.744673  0.793975  0.841290  0.653220  0.804896  0.820895  0.694796  0.685966  0.832513  0.879095  0.602591  0.811317  0.583519 0.0  0.842084  0.846792  0.768869  0.439453  0.331846  0.842038  0.797292  0.705794  0.728045 
53  0.455570  0.786006  0.768386  0.521358  0.739905  0.674627  0.737848  0.668201  0.590926  0.451703  0.873926  0.559171  0.473502  0.668535  0.623792  0.631297  0.455511  0.659784  0.739234  0.786596  0.813896  0.844110  0.864977  0.775407  0.645591  0.716737  0.545411  0.690731  0.672746  0.663578  0.835792  0.782033  0.641278  0.725520  0.692934  0.676126  0.845449  0.744407  0.701156  0.592182  0.706477  0.601680  0.600947  0.731853  0.457561  0.389966  0.816226  0.620886  0.830295  0.503027  0.835218  0.509451  0.842084 0.0  0.815788  0.729363  0.799208  0.789777  0.715699  0.864447  0.792471  0.766150 
54  0.735978  0.707024  0.782460  0.793308  0.430094  0.902462  0.831770  0.837031  0.832539  0.630806  0.715447  0.743803  0.726555  0.526169  0.820948  0.593733  0.744479  0.683496  0.674258  0.652883  0.397475  0.486804  0.479169  0.434722  0.796300  0.566277  0.734427  0.727125  0.618552  0.445786  0.374736  0.574072  0.416660  0.542878  0.480413  0.468879  0.478959  0.517423  0.533844  0.470690  0.417016  0.495506  0.853139  0.388083  0.762145  0.874142  0.547120  0.379446  0.545054  0.796604  0.361069  0.738618  0.846792  0.815788 0.0  0.683401  0.837844  0.729995  0.730462  0.482919  0.694980  0.716925 
55  0.708760  0.817827  0.868392  0.634321  0.418325  0.756578  0.718206  0.664914  0.789767  0.516092  0.651586  0.689510  0.749914  0.568575  0.865554  0.676988  0.590653  0.672996  0.725841  0.863955  0.481807  0.503736  0.495191  0.382641  0.670311  0.512901  0.661575  0.736235  0.819455  0.503989  0.361729  0.575477  0.530814  0.424017  0.470241  0.391508  0.444953  0.399445  0.343350  0.369993  0.411561  0.438300  0.800496  0.667199  0.715214  0.601689  0.678929  0.396751  0.580382  0.734525  0.648046  0.770477  0.768869  0.729363  0.683401 0.0  0.845311  0.822407  0.563455  0.519741  0.978159  0.739605 
56  0.749709  0.717868  0.327531  0.751262  0.822703  0.727729  0.618387  0.670819  0.649455  0.683118  0.844939  0.883877  0.731033  0.918932  0.356785  0.610207  0.797684  0.661616  0.758146  0.849991  0.781168  0.794257  0.755309  0.782883  0.811960  0.947299  0.681620  0.704682  0.645525  0.865963  0.788400  0.780177  0.894713  0.727922  0.815062  0.827993  0.814117  0.862910  0.878128  0.768130  0.744209  0.812681  0.628357  0.962501  0.694623  0.785333  0.665413  0.796660  0.857538  0.635627  0.871202  0.648024  0.439453  0.799208  0.837844  0.845311 0.0  0.278006  0.816265  0.851738  0.775995  0.740331 
57  0.808597  0.727827  0.304848  0.762939  0.843340  0.738626  0.703990  0.589170  0.701736  0.835796  0.826043  0.925146  0.673060  0.806838  0.313373  0.707043  0.859557  0.698355  0.658287  0.863784  0.997083  0.712323  0.718604  0.928094  0.738278  0.744923  0.656095  0.827626  0.622271  0.864003  0.815332  0.766182  0.781035  0.724205  0.774229  0.951435  0.829549  0.662673  0.806853  0.767726  0.785177  0.824934  0.703295  0.763437  0.763840  0.908086  0.736242  0.949069  0.921051  0.585891  0.836282  0.739867  0.331846  0.789777  0.729995  0.822407  0.278006 0.0  0.895769  0.776910  0.623517  0.727643 
58  0.665069  0.734220  0.819015  0.674064  0.740043  0.701947  0.664126  0.736878  0.873999  0.630709  0.521174  0.594954  0.609077  0.738345  0.880093  0.635741  0.723759  0.663924  0.782664  0.801137  0.609664  0.765697  0.821348  0.726246  0.650417  0.773016  0.766919  0.539575  0.869639  0.713462  0.749109  0.660990  0.679078  0.779956  0.768453  0.759779  0.697674  0.782100  0.725660  0.684948  0.668868  0.644152  0.720939  0.596394  0.743887  0.693497  0.802552  0.744903  0.865790  0.802749  0.802998  0.914610  0.842038  0.715699  0.730462  0.563455  0.816265  0.895769 0.0  0.799608  0.752752  0.706971 
59  0.796421  0.746523  0.846948  0.724826  0.448994  0.766986  0.759456  0.739155  0.703693  0.533393  0.794120  0.721481  0.654736  0.321252  0.893830  0.656823  0.674072  0.622261  0.868885  0.618196  0.392951  0.532420  0.629541  0.397850  0.834686  0.341076  0.713681  0.680652  0.699768  0.337036  0.682767  0.297698  0.395565  0.385292  0.520737  0.378206  0.257125  0.452029  0.303371  0.228749  0.392261  0.493782  0.691329  0.576528  0.742665  0.699489  0.612631  0.506993  0.386373  0.779053  0.606013  0.808862  0.797292  0.864447  0.482919  0.519741  0.851738  0.776910  0.799608 0.0  0.698226  0.736921 
60  0.690517  0.926798  0.671984  0.868793  0.852901  0.755059  0.808735  0.860274  0.806660  0.875672  0.737389  0.930313  0.682855  0.770225  0.762113  0.659784  0.754525  0.479304  0.304703  0.428756  0.710700  0.734948  0.729721  0.663784  0.694566  0.760327  0.720182  0.724464  0.769608  0.735063  0.874058  0.686106  0.795574  0.688850  0.655374  0.835933  0.745184  0.727217  0.821630  0.806196  0.822367  0.819322  0.935231  0.771377  0.824428  0.824673  0.686038  0.853467  0.773826  0.660348  0.732032  0.609123  0.705794  0.792471  0.694980  0.978159  0.775995  0.623517  0.752752  0.698226 0.0  0.230696 
61  0.799038  0.873750  0.637457  0.868665  0.721956  0.711114  0.957656  0.879006  0.759174  0.924470  0.733082  0.862617  0.853579  0.747909  0.645821  0.764727  0.811848  0.486443  0.419356  0.485405  0.786028  0.687175  0.746159  0.786797  0.840517  0.703520  0.758685  0.917102  0.630884  0.703235  0.827728  0.714696  0.813008  0.774039  0.793946  0.868208  0.804354  0.757213  0.718992  0.844458  0.785943  0.879357  0.880370  0.815279  0.832909  0.842328  0.758829  0.925615  0.800803  0.678519  0.718729  0.677804  0.728045  0.766150  0.716925  0.739605  0.740331  0.727643  0.706971  0.736921  0.230696 0.0 
