197
0 0.0  0.268554  0.327867  0.155481  0.263613  0.083281  0.111692  0.341314  0.236139  0.314769  0.266597  0.275280  0.374687  0.508393  0.214376  0.490588  0.287978  0.288919  0.083281  0.279563  0.233035  0.204129  0.311372  0.300223  0.214473  0.473818  0.487374  0.203758  0.155967  0.146651  0.632993  0.612827  0.118521  0.315002  0.249181  0.274939  0.179948  0.133219  0.306559  0.356661  0.541611  0.341410  0.301614  0.222044  0.195335  0.168345  0.154055  0.641408  0.121035  0.285512  0.361048  0.156640  0.325924  0.323582  0.126896  0.395939  0.262801  0.251297  0.159934  0.284099  0.242010  0.618957  0.603788  0.586947  0.528221  0.599816  0.256900  0.239147  0.205409  0.262039  0.567195  0.254911  0.328554  0.267292  0.196150  0.615593  0.163671  0.181549  0.633544  0.652100  0.597525  0.513225  0.148603  0.083281  0.181346  0.253593  0.509393  0.518405  0.585107  0.359457  0.507597  0.292408  0.424247  0.484819  0.644431  0.347124  0.173283  0.394116  0.542769  0.460086  0.523785  0.120088  0.186618  0.471603  0.442219  0.240982  0.292052  0.155031  0.230549  0.291280  0.325202  0.447632  0.299716  0.354420  0.466670  0.083281  0.720851  0.334578  0.236647  0.361559  0.356015  0.259331  0.597886  0.620225  0.716886  0.227183  0.695021  0.541938  0.406126  0.142686  0.658308  0.493382  0.456484  0.269386  0.418129  0.382205  0.674894  0.308192  0.170075  0.533903  0.329919  0.316103  0.625090  0.329979  0.168742  0.509830  0.277663  0.263453  0.133064  0.464103  0.546568  0.568433  0.760142  0.586821  0.564488  0.635748  0.593660  0.568002  0.521336  0.611408  0.400527  0.333207  0.720481  0.524202  0.673429  0.415385  0.348734  0.162454  0.242589  0.177365  0.569840  0.141682  0.168889  0.663119  0.509778  0.495989  0.563202  0.575792  0.205636  0.234411  0.147827  0.265478  0.580424  0.271539  0.188328  0.712571  0.373565  0.286422  0.176603  0.147435  0.200165  0.752319  0.178941  0.688686  0.192807  0.554163  0.671034 
1  0.268554 0.0  0.105008  0.140302  0.168853  0.187255  0.204405  0.148285  0.107719  0.206978  0.268366  0.153782  0.184666  0.436905  0.301485  0.322982  0.120681  0.083281  0.352513  0.337681  0.221976  0.109983  0.083281  0.208768  0.083281  0.237035  0.237693  0.203966  0.228970  0.172650  0.452044  0.493599  0.307474  0.250274  0.317873  0.118134  0.273700  0.083281  0.373521  0.138065  0.324624  0.268560  0.083281  0.181895  0.083281  0.241129  0.115601  0.580533  0.239530  0.096394  0.083281  0.083281  0.083281  0.134945  0.291130  0.238532  0.151593  0.083281  0.348030  0.221170  0.195284  0.363438  0.303589  0.351154  0.548429  0.416369  0.205145  0.083281  0.090645  0.083281  0.529059  0.106978  0.274504  0.141396  0.116241  0.400723  0.157598  0.153623  0.557002  0.396514  0.368294  0.427985  0.238269  0.356465  0.188822  0.309231  0.306811  0.394848  0.379677  0.327474  0.351213  0.083281  0.238068  0.386768  0.503161  0.208402  0.149687  0.257107  0.279273  0.268230  0.403642  0.289653  0.435942  0.307702  0.171114  0.087574  0.143548  0.299332  0.194547  0.158711  0.248610  0.272392  0.083281  0.276004  0.350352  0.311144  0.610877  0.451988  0.160485  0.083281  0.117455  0.304400  0.434075  0.487159  0.549533  0.188196  0.503373  0.350464  0.225287  0.188407  0.521929  0.270568  0.366767  0.393984  0.192327  0.219949  0.476126  0.114205  0.290773  0.509402  0.170926  0.361743  0.472974  0.283786  0.138221  0.254753  0.167796  0.146813  0.200951  0.393687  0.428917  0.554824  0.557152  0.572929  0.436429  0.517145  0.354116  0.312114  0.343011  0.643416  0.268339  0.142400  0.475149  0.430536  0.370477  0.185641  0.156936  0.248882  0.300665  0.083281  0.482329  0.267634  0.416892  0.561148  0.405306  0.533496  0.380116  0.311026  0.083281  0.083281  0.345095  0.109828  0.526582  0.157417  0.346837  0.627566  0.286917  0.443697  0.174613  0.094768  0.415136  0.587707  0.181885  0.475076  0.133503  0.221913  0.764108 
2  0.327867  0.105008 0.0  0.278292  0.143567  0.281923  0.166293  0.104436  0.083281  0.301978  0.382043  0.176712  0.231653  0.297107  0.252055  0.358086  0.141401  0.083281  0.322007  0.440620  0.286735  0.161017  0.083281  0.279809  0.139053  0.261750  0.375663  0.093901  0.154987  0.331869  0.381334  0.485741  0.362886  0.083281  0.376426  0.083281  0.320540  0.246028  0.460197  0.180768  0.227360  0.108166  0.127979  0.192232  0.167255  0.296441  0.083281  0.582138  0.132909  0.208237  0.083281  0.205222  0.154182  0.083281  0.110372  0.145582  0.295836  0.174419  0.381911  0.179734  0.085058  0.526912  0.286135  0.360612  0.409529  0.406663  0.198642  0.127412  0.083281  0.149703  0.484188  0.083281  0.377546  0.112953  0.165920  0.425993  0.083281  0.225214  0.568951  0.349287  0.372768  0.346963  0.291254  0.305876  0.178824  0.217383  0.370455  0.286100  0.500324  0.299636  0.352172  0.083954  0.267183  0.375866  0.446100  0.129913  0.190587  0.272610  0.468376  0.500588  0.304508  0.353059  0.451640  0.329032  0.160500  0.083281  0.170983  0.325553  0.152289  0.096104  0.096418  0.364167  0.149145  0.226327  0.446908  0.351333  0.631821  0.396702  0.083281  0.238840  0.138766  0.126536  0.324833  0.504074  0.561782  0.117497  0.462282  0.336019  0.291871  0.190646  0.575264  0.184954  0.386311  0.460305  0.173454  0.233318  0.509809  0.127399  0.119487  0.325128  0.169393  0.382462  0.454801  0.217344  0.182953  0.255413  0.123560  0.109541  0.088895  0.374205  0.342106  0.497035  0.516546  0.391798  0.377230  0.542127  0.589010  0.294904  0.267253  0.620287  0.155353  0.234105  0.401134  0.541184  0.384182  0.269049  0.195074  0.274084  0.403776  0.346106  0.544746  0.285276  0.391912  0.556094  0.352805  0.368534  0.348219  0.382720  0.146113  0.113529  0.390402  0.127222  0.424713  0.168631  0.342376  0.577938  0.296132  0.370616  0.360004  0.253321  0.422080  0.691467  0.284993  0.483568  0.083878  0.322404  0.667193 
3  0.155481  0.140302  0.278292 0.0  0.127157  0.235915  0.108561  0.304049  0.272232  0.348461  0.107257  0.340978  0.395883  0.405864  0.148990  0.517024  0.194939  0.255338  0.104165  0.336784  0.147637  0.083281  0.198029  0.350214  0.217432  0.363343  0.447899  0.194549  0.160755  0.188950  0.476059  0.505867  0.290532  0.287564  0.268771  0.191828  0.168523  0.127809  0.257445  0.315161  0.408710  0.339078  0.236867  0.241869  0.304564  0.122515  0.181753  0.615814  0.154380  0.292829  0.206592  0.083281  0.272067  0.303106  0.083281  0.333727  0.282320  0.216741  0.195093  0.091750  0.206682  0.591070  0.467870  0.452410  0.464828  0.499567  0.355160  0.212329  0.212328  0.083281  0.592084  0.153335  0.170089  0.284046  0.142261  0.596945  0.161476  0.163064  0.581171  0.497589  0.417209  0.436255  0.116814  0.174796  0.163766  0.402076  0.478504  0.397566  0.469921  0.326422  0.473572  0.287376  0.453095  0.576914  0.619960  0.295643  0.083281  0.392573  0.508453  0.398335  0.494037  0.159677  0.272139  0.382801  0.314945  0.278897  0.261667  0.333558  0.277420  0.212816  0.259147  0.425572  0.170416  0.465715  0.406281  0.224820  0.726718  0.248030  0.234707  0.369729  0.276916  0.083281  0.464251  0.725043  0.631121  0.294768  0.649589  0.499134  0.365582  0.083281  0.618247  0.376123  0.410768  0.302250  0.237228  0.275743  0.528469  0.153498  0.166036  0.508582  0.185763  0.344200  0.490201  0.355607  0.083281  0.393947  0.177850  0.279240  0.183676  0.491425  0.478226  0.616505  0.578727  0.564825  0.610924  0.733447  0.616878  0.473516  0.562070  0.523548  0.367717  0.255245  0.595981  0.619661  0.459295  0.288961  0.246300  0.195827  0.209326  0.095532  0.649768  0.229175  0.186554  0.647706  0.444059  0.546732  0.457324  0.385015  0.178886  0.292459  0.265655  0.252528  0.568534  0.272356  0.314311  0.694677  0.372032  0.323852  0.199935  0.193708  0.208424  0.746236  0.110849  0.585899  0.172271  0.478720  0.767574 
4  0.263613  0.168853  0.143567  0.127157 0.0  0.193489  0.083281  0.218915  0.252661  0.324277  0.126587  0.146516  0.346092  0.432467  0.288538  0.568212  0.209603  0.281522  0.083281  0.329171  0.083281  0.274523  0.184432  0.280927  0.144000  0.338356  0.406271  0.199113  0.163935  0.094901  0.636881  0.624044  0.192257  0.209714  0.083281  0.181406  0.187958  0.225562  0.431278  0.230044  0.407061  0.191796  0.216346  0.123096  0.161750  0.200667  0.139716  0.669809  0.179601  0.213656  0.191316  0.083281  0.260364  0.166112  0.211530  0.286662  0.250557  0.329896  0.215353  0.158296  0.150777  0.643806  0.489168  0.557141  0.516384  0.352280  0.365666  0.147518  0.131678  0.197932  0.626761  0.210591  0.149425  0.191257  0.240061  0.648176  0.136712  0.167152  0.483909  0.487757  0.469946  0.523365  0.143150  0.202592  0.110640  0.310103  0.392848  0.356443  0.613587  0.433611  0.482578  0.208140  0.302853  0.295270  0.551195  0.260999  0.112314  0.337751  0.630450  0.463043  0.404518  0.133205  0.222856  0.322955  0.309565  0.218266  0.344594  0.275747  0.270078  0.221490  0.339445  0.408644  0.206670  0.312311  0.454761  0.223239  0.677319  0.233162  0.239556  0.412594  0.228510  0.086438  0.501780  0.565811  0.815419  0.317661  0.649654  0.481201  0.435800  0.123752  0.738437  0.412561  0.548405  0.291105  0.225973  0.296406  0.599037  0.171640  0.136820  0.603487  0.217945  0.349010  0.524517  0.373753  0.204027  0.393474  0.251912  0.193123  0.210936  0.485117  0.520522  0.622765  0.666973  0.543727  0.535758  0.729766  0.572805  0.517517  0.591098  0.725583  0.331940  0.355167  0.547152  0.644884  0.492418  0.298648  0.226809  0.240876  0.150852  0.124329  0.730958  0.231447  0.362012  0.705323  0.472865  0.400044  0.516905  0.531374  0.246124  0.135324  0.268454  0.138161  0.601943  0.328075  0.276339  0.596771  0.375827  0.310139  0.219760  0.103376  0.190445  0.724772  0.083281  0.717706  0.165308  0.370341  0.844095 
5  0.083281  0.187255  0.281923  0.235915  0.193489 0.0  0.083281  0.288394  0.286047  0.400447  0.201472  0.212643  0.411911  0.470976  0.100569  0.419636  0.294558  0.278021  0.145495  0.284401  0.083281  0.200803  0.251208  0.370466  0.245317  0.456056  0.387851  0.243160  0.225231  0.156067  0.676329  0.650176  0.109993  0.407662  0.168584  0.289593  0.130600  0.209241  0.286390  0.317849  0.565791  0.319677  0.228127  0.249456  0.248449  0.119290  0.195954  0.630507  0.228600  0.353202  0.256699  0.131930  0.301641  0.347305  0.185143  0.383815  0.401784  0.229434  0.136230  0.233330  0.236986  0.682998  0.516661  0.467403  0.539349  0.536079  0.400953  0.260296  0.157310  0.293977  0.578710  0.198904  0.140551  0.340115  0.172230  0.639472  0.128672  0.251662  0.617486  0.633904  0.566072  0.599549  0.224013  0.150677  0.305615  0.323171  0.518750  0.612692  0.541544  0.406652  0.529532  0.295661  0.507885  0.493261  0.567475  0.355402  0.228370  0.457921  0.509008  0.502180  0.535087  0.088576  0.246725  0.493950  0.387116  0.239285  0.252070  0.083281  0.336568  0.439758  0.393462  0.482184  0.379085  0.331497  0.471010  0.159883  0.750416  0.290108  0.221997  0.313268  0.340320  0.252093  0.406085  0.643406  0.680601  0.308099  0.587200  0.551343  0.431759  0.220817  0.652532  0.382118  0.453719  0.179447  0.370229  0.317467  0.677567  0.164051  0.127538  0.689097  0.260069  0.316392  0.653262  0.294519  0.262229  0.439119  0.213826  0.404884  0.217663  0.693958  0.499791  0.515931  0.662030  0.598448  0.491291  0.726602  0.557561  0.594019  0.688642  0.652387  0.467763  0.304227  0.610725  0.739196  0.697619  0.469337  0.270451  0.114186  0.341500  0.190728  0.735353  0.152522  0.264698  0.699230  0.540178  0.594692  0.479493  0.646169  0.233409  0.315382  0.083281  0.305896  0.665704  0.348149  0.205322  0.579201  0.364188  0.305188  0.162214  0.206215  0.102844  0.736434  0.087727  0.825166  0.271923  0.384185  0.676486 
6  0.111692  0.204405  0.166293  0.108561  0.083281  0.083281 0.0  0.199993  0.240624  0.299957  0.142413  0.239672  0.282710  0.483894  0.297043  0.425454  0.266782  0.293002  0.083281  0.285647  0.181316  0.256730  0.335152  0.482649  0.207279  0.341011  0.478712  0.208354  0.184409  0.143712  0.657780  0.654696  0.110918  0.266106  0.188098  0.158655  0.094699  0.133888  0.312943  0.329749  0.499163  0.321347  0.083281  0.160902  0.229694  0.098124  0.147020  0.793679  0.083281  0.258599  0.214974  0.197103  0.300090  0.242857  0.214805  0.342835  0.315403  0.199478  0.164877  0.127840  0.252181  0.553362  0.512202  0.483716  0.598301  0.527911  0.401542  0.307377  0.213761  0.212964  0.590775  0.271426  0.184864  0.283855  0.225668  0.599983  0.187304  0.209105  0.671396  0.608799  0.452287  0.428773  0.171299  0.214747  0.083281  0.430667  0.385057  0.490578  0.552697  0.338405  0.572953  0.222916  0.484171  0.569806  0.640684  0.298166  0.090004  0.454718  0.514644  0.512440  0.518549  0.130602  0.170819  0.438863  0.432552  0.311678  0.297493  0.207672  0.352388  0.338036  0.315644  0.382922  0.294134  0.282420  0.486815  0.087628  0.687633  0.261162  0.257741  0.262277  0.251927  0.215374  0.547840  0.635117  0.600711  0.276314  0.728103  0.359266  0.487657  0.083281  0.605135  0.464469  0.519951  0.283174  0.302190  0.276309  0.660361  0.207288  0.100896  0.510686  0.315387  0.294090  0.563072  0.365452  0.212703  0.373143  0.244786  0.231566  0.210362  0.616339  0.537440  0.624928  0.605036  0.583691  0.533443  0.822733  0.584912  0.585046  0.567675  0.687384  0.383310  0.363786  0.616199  0.625458  0.536415  0.352124  0.408281  0.181017  0.239094  0.119035  0.607289  0.165300  0.202073  0.635013  0.592648  0.502282  0.503161  0.378015  0.227653  0.308020  0.267141  0.204611  0.598696  0.334321  0.177708  0.690621  0.286917  0.157151  0.138814  0.157247  0.207081  0.696115  0.108702  0.688261  0.305498  0.355017  0.783131 
7  0.341314  0.148285  0.104436  0.304049  0.218915  0.288394  0.199993 0.0  0.083281  0.146283  0.264952  0.193463  0.133125  0.326883  0.377698  0.317914  0.151291  0.175577  0.243587  0.411924  0.266532  0.292399  0.083281  0.217485  0.191774  0.337221  0.354155  0.193995  0.219842  0.201474  0.459122  0.441593  0.300590  0.149923  0.310698  0.085333  0.234918  0.219200  0.445367  0.247927  0.304749  0.137655  0.083281  0.139781  0.083281  0.229477  0.197960  0.553370  0.229957  0.105795  0.118512  0.260746  0.207387  0.083281  0.141421  0.223407  0.108878  0.083281  0.221500  0.140378  0.158811  0.455044  0.346043  0.324306  0.423780  0.358027  0.128699  0.185900  0.217065  0.133485  0.451697  0.093677  0.189113  0.084186  0.188446  0.463988  0.205391  0.195781  0.395796  0.359947  0.444358  0.335849  0.245035  0.342478  0.379452  0.283715  0.346077  0.300435  0.323850  0.116656  0.357655  0.202761  0.263664  0.356179  0.403097  0.141348  0.111095  0.149259  0.315214  0.455440  0.279182  0.297034  0.357556  0.371944  0.108236  0.083281  0.137094  0.296281  0.156326  0.185746  0.160207  0.303155  0.090567  0.238433  0.442873  0.283730  0.566283  0.484007  0.083889  0.235987  0.086033  0.322168  0.292047  0.526752  0.489818  0.144698  0.507220  0.358768  0.381290  0.234114  0.465548  0.265696  0.352781  0.424965  0.245244  0.162274  0.411509  0.124242  0.211337  0.292106  0.096327  0.470370  0.427448  0.196809  0.237525  0.188995  0.095662  0.106787  0.090044  0.382089  0.284676  0.435553  0.474586  0.327917  0.325972  0.573315  0.470078  0.418929  0.331569  0.604248  0.352272  0.129910  0.464327  0.469600  0.421879  0.225528  0.083281  0.233882  0.347889  0.184335  0.545632  0.301765  0.462654  0.526536  0.303205  0.399457  0.208343  0.438951  0.160222  0.167364  0.457093  0.152848  0.531952  0.137763  0.372630  0.551957  0.282488  0.395009  0.277813  0.172421  0.331157  0.626913  0.280165  0.558291  0.138407  0.308444  0.518367 
8  0.236139  0.107719  0.083281  0.272232  0.252661  0.286047  0.240624  0.083281 0.0  0.106014  0.310608  0.135166  0.194071  0.290306  0.385599  0.357273  0.083281  0.083281  0.320578  0.293695  0.091801  0.083281  0.083281  0.264342  0.166628  0.223671  0.308215  0.083281  0.135547  0.199400  0.367236  0.510706  0.372101  0.213972  0.334525  0.150777  0.342508  0.284250  0.389045  0.133393  0.277862  0.150383  0.083281  0.100950  0.105218  0.147924  0.119429  0.446635  0.125751  0.171670  0.083281  0.161796  0.083281  0.107308  0.214296  0.157692  0.166638  0.083281  0.286406  0.213501  0.113304  0.513697  0.388687  0.344778  0.300198  0.395626  0.260662  0.122780  0.098865  0.096829  0.475445  0.137771  0.237807  0.083281  0.211569  0.489871  0.191804  0.377721  0.387939  0.403453  0.381278  0.261237  0.266259  0.289776  0.108490  0.172398  0.357609  0.333189  0.395159  0.166141  0.337984  0.111855  0.287845  0.307132  0.454749  0.270791  0.253425  0.260234  0.223507  0.319658  0.360608  0.240228  0.374391  0.337690  0.083632  0.083281  0.094927  0.394709  0.176355  0.181722  0.194297  0.159113  0.083281  0.258181  0.437399  0.237767  0.509338  0.367814  0.203517  0.096013  0.142888  0.316302  0.400168  0.512907  0.505791  0.189501  0.582190  0.290278  0.223870  0.198600  0.658132  0.271679  0.448710  0.483287  0.130382  0.290537  0.359045  0.083281  0.151939  0.449685  0.155623  0.476711  0.409386  0.234996  0.179158  0.218148  0.083281  0.117404  0.179662  0.336627  0.311802  0.482464  0.522221  0.438331  0.330752  0.535049  0.333669  0.230939  0.339792  0.599544  0.214410  0.228954  0.561473  0.459906  0.389007  0.221638  0.104225  0.269759  0.297890  0.305489  0.553087  0.294981  0.445415  0.565974  0.342548  0.265864  0.243127  0.356885  0.108305  0.108669  0.491046  0.083281  0.507392  0.130784  0.229980  0.630360  0.331742  0.456418  0.383135  0.159295  0.277553  0.627814  0.156239  0.583343  0.245705  0.292264  0.594128 
9  0.314769  0.206978  0.301978  0.348461  0.324277  0.400447  0.299957  0.146283  0.106014 0.0  0.385824  0.104662  0.118919  0.248360  0.383419  0.271350  0.193699  0.083281  0.346662  0.430664  0.363854  0.290725  0.134619  0.100263  0.262587  0.194895  0.163694  0.187608  0.152109  0.380068  0.471843  0.325904  0.300719  0.136052  0.391765  0.164570  0.360068  0.283104  0.541977  0.166360  0.210486  0.157989  0.117087  0.296456  0.219486  0.429150  0.146644  0.574927  0.273472  0.111614  0.199377  0.251425  0.132249  0.163424  0.210496  0.157003  0.087410  0.112069  0.396775  0.273215  0.257047  0.383063  0.254871  0.363290  0.419816  0.271858  0.165697  0.114698  0.205536  0.209919  0.334212  0.083281  0.212533  0.179206  0.200831  0.377590  0.263613  0.216896  0.366891  0.410734  0.285693  0.275934  0.296998  0.388009  0.295634  0.183118  0.205284  0.328645  0.327918  0.196056  0.225525  0.180553  0.326426  0.358324  0.417376  0.178813  0.243533  0.212235  0.287894  0.220757  0.264730  0.353268  0.455539  0.179587  0.155030  0.163030  0.155675  0.474845  0.106445  0.150869  0.165038  0.184035  0.136684  0.142148  0.325689  0.490286  0.489204  0.397057  0.187226  0.133321  0.083281  0.352998  0.371888  0.486796  0.331054  0.188286  0.461095  0.277331  0.157023  0.205997  0.464880  0.181121  0.268767  0.540102  0.124992  0.118235  0.447367  0.128930  0.267892  0.318093  0.110317  0.496168  0.419718  0.083748  0.170711  0.184385  0.236931  0.162730  0.260470  0.452433  0.341413  0.419351  0.340824  0.309335  0.314871  0.591437  0.356404  0.278469  0.210470  0.538924  0.209945  0.083281  0.346857  0.497334  0.437594  0.181075  0.171343  0.389353  0.434362  0.261657  0.598850  0.398327  0.389733  0.455193  0.323813  0.186382  0.259907  0.282582  0.090818  0.132915  0.450118  0.207077  0.438523  0.206074  0.460191  0.419124  0.124325  0.432978  0.367327  0.238525  0.437937  0.526498  0.300187  0.420310  0.241657  0.226778  0.494945 
10  0.266597  0.268366  0.382043  0.107257  0.126587  0.201472  0.142413  0.264952  0.310608  0.385824 0.0  0.378123  0.389460  0.602130  0.181427  0.647108  0.327086  0.327837  0.137658  0.143760  0.261804  0.192804  0.301614  0.429067  0.163157  0.485675  0.517262  0.429095  0.289399  0.141784  0.776367  0.682897  0.128968  0.351250  0.128015  0.332862  0.183687  0.217528  0.275132  0.333174  0.505324  0.307419  0.276588  0.316328  0.279192  0.163960  0.251690  0.836652  0.295510  0.287558  0.380549  0.209165  0.315201  0.318338  0.150290  0.423897  0.353151  0.292620  0.196134  0.199999  0.280538  0.677958  0.630331  0.550184  0.609899  0.641577  0.404410  0.300475  0.335479  0.204645  0.729305  0.264164  0.083281  0.225371  0.246285  0.686997  0.241866  0.154649  0.683442  0.719895  0.529686  0.681687  0.125951  0.126878  0.189161  0.489887  0.569043  0.526174  0.550884  0.353948  0.626161  0.225086  0.444143  0.654800  0.645286  0.487239  0.231123  0.422852  0.508691  0.625164  0.573419  0.286445  0.099086  0.671308  0.392855  0.287320  0.390980  0.188771  0.372816  0.371391  0.379894  0.395238  0.315141  0.400724  0.547882  0.172122  0.725338  0.094709  0.222388  0.315163  0.286860  0.183814  0.481550  0.804281  0.717435  0.316227  0.846967  0.568575  0.455726  0.197358  0.662856  0.485615  0.562718  0.187102  0.404662  0.465488  0.689041  0.282387  0.093224  0.551551  0.356170  0.122220  0.656749  0.503573  0.236414  0.549917  0.363994  0.426665  0.324076  0.515135  0.539066  0.602023  0.740705  0.685828  0.486732  0.806203  0.638273  0.580527  0.592488  0.741816  0.448057  0.342012  0.746514  0.680657  0.693980  0.469313  0.322304  0.141807  0.111582  0.132315  0.770026  0.143075  0.154143  0.632770  0.574322  0.648012  0.586471  0.582024  0.350750  0.344600  0.210200  0.438623  0.729907  0.370441  0.187316  0.693513  0.419560  0.156435  0.110346  0.133020  0.188793  0.829517  0.085293  0.739002  0.324546  0.568864  0.734801 
11  0.275280  0.153782  0.176712  0.340978  0.146516  0.212643  0.239672  0.193463  0.135166  0.104662  0.378123 0.0  0.255738  0.275512  0.504913  0.323502  0.152123  0.139827  0.354623  0.490841  0.198570  0.212990  0.085248  0.195412  0.242036  0.196836  0.215565  0.083281  0.208004  0.146453  0.488622  0.362447  0.299331  0.241435  0.354224  0.083281  0.222588  0.155244  0.464886  0.145037  0.242413  0.183137  0.083281  0.266587  0.194764  0.293547  0.206742  0.602075  0.278836  0.198124  0.212857  0.267319  0.154031  0.135853  0.300750  0.238751  0.187480  0.141339  0.296177  0.140886  0.159040  0.475528  0.386692  0.357490  0.375824  0.390628  0.207305  0.135080  0.083281  0.177667  0.360169  0.152686  0.309710  0.147952  0.193713  0.418896  0.192665  0.120462  0.394637  0.405291  0.303687  0.379838  0.316408  0.447084  0.249639  0.165542  0.278417  0.432474  0.427375  0.233029  0.377368  0.122586  0.257750  0.382912  0.437338  0.221401  0.298238  0.271132  0.352396  0.360483  0.342766  0.349898  0.464279  0.248776  0.260876  0.083281  0.120455  0.327091  0.150070  0.158942  0.192998  0.207475  0.083281  0.171344  0.343841  0.230298  0.531037  0.498358  0.083281  0.152972  0.083281  0.230278  0.407700  0.477320  0.581149  0.184996  0.465667  0.300276  0.180520  0.293180  0.536441  0.280440  0.397165  0.538575  0.176335  0.214097  0.425132  0.104760  0.257397  0.322327  0.121005  0.537103  0.439002  0.148758  0.379839  0.313992  0.134877  0.083281  0.142332  0.288908  0.363056  0.500664  0.519860  0.473464  0.469692  0.424647  0.315937  0.315009  0.352331  0.562498  0.139021  0.156001  0.540255  0.517959  0.393773  0.286535  0.083281  0.333408  0.360888  0.229893  0.476270  0.325223  0.387003  0.443079  0.408372  0.330849  0.301781  0.351460  0.083281  0.138170  0.485242  0.083281  0.389660  0.176848  0.459913  0.468116  0.212273  0.567961  0.297423  0.328472  0.386497  0.646711  0.226676  0.468894  0.254067  0.417999  0.549557 
12  0.374687  0.184666  0.231653  0.395883  0.346092  0.411911  0.282710  0.133125  0.194071  0.118919  0.389460  0.255738 0.0  0.259881  0.507620  0.269891  0.256898  0.254235  0.392958  0.537149  0.337595  0.239007  0.172428  0.083281  0.287072  0.106687  0.114047  0.216254  0.301802  0.391105  0.372170  0.497314  0.365202  0.257147  0.334316  0.170449  0.322786  0.348533  0.512519  0.083281  0.212218  0.181380  0.163565  0.320261  0.195973  0.341427  0.214565  0.466179  0.368185  0.107849  0.204882  0.324958  0.271397  0.222450  0.385565  0.236196  0.171228  0.156586  0.404581  0.274590  0.252806  0.348354  0.214903  0.218346  0.229875  0.267914  0.179876  0.197446  0.183342  0.119857  0.330588  0.207750  0.395054  0.225575  0.176809  0.355446  0.252609  0.335010  0.265135  0.334025  0.259980  0.344421  0.300481  0.439856  0.291647  0.093532  0.231765  0.410123  0.327278  0.305617  0.211274  0.162966  0.242359  0.083281  0.336859  0.123005  0.390085  0.279198  0.364625  0.170655  0.253639  0.429993  0.411178  0.190364  0.230607  0.086244  0.088422  0.566577  0.347447  0.092715  0.174788  0.135017  0.177631  0.083281  0.253463  0.503295  0.415525  0.511779  0.174656  0.226768  0.161137  0.361403  0.257283  0.381607  0.405218  0.232026  0.375813  0.181885  0.164600  0.327125  0.544173  0.221806  0.271111  0.508406  0.183694  0.140371  0.359415  0.142462  0.285295  0.179905  0.215622  0.523775  0.407695  0.083281  0.285989  0.121064  0.138532  0.239818  0.135718  0.261984  0.341186  0.312557  0.296212  0.320124  0.246312  0.524300  0.423079  0.203527  0.289695  0.552701  0.171792  0.150903  0.403187  0.422710  0.243086  0.118170  0.098604  0.283442  0.409425  0.317629  0.341672  0.323989  0.441507  0.365405  0.240734  0.331901  0.231459  0.388178  0.290673  0.083281  0.470156  0.164986  0.412483  0.112218  0.350487  0.391743  0.126813  0.570232  0.407591  0.264298  0.498449  0.468037  0.410076  0.357926  0.326695  0.214934  0.464702 
13  0.508393  0.436905  0.297107  0.405864  0.432467  0.470976  0.483894  0.326883  0.290306  0.248360  0.602130  0.275512  0.259881 0.0  0.566904  0.083281  0.306651  0.320442  0.541087  0.561811  0.513346  0.424866  0.371324  0.267213  0.332178  0.123614  0.137628  0.336190  0.482883  0.438786  0.251763  0.288921  0.552850  0.197140  0.464334  0.388584  0.436425  0.476581  0.650764  0.258015  0.083281  0.318515  0.318556  0.376592  0.416093  0.527375  0.274790  0.283649  0.416012  0.381726  0.262185  0.451513  0.274662  0.345183  0.565969  0.226347  0.239519  0.369941  0.527855  0.461107  0.353131  0.281782  0.166464  0.103784  0.154872  0.106119  0.233265  0.373710  0.350841  0.351741  0.232303  0.345101  0.509421  0.409904  0.466323  0.107422  0.449046  0.448488  0.318543  0.231503  0.244679  0.180524  0.577245  0.485588  0.485035  0.286097  0.196876  0.117580  0.378937  0.410794  0.218740  0.265629  0.093655  0.138709  0.219469  0.158364  0.310205  0.192085  0.266153  0.321547  0.083281  0.642081  0.536385  0.125767  0.335115  0.295188  0.281058  0.574978  0.264709  0.216162  0.233482  0.247151  0.299128  0.140229  0.352158  0.555121  0.377044  0.769534  0.380964  0.275989  0.296306  0.530090  0.106589  0.211067  0.406312  0.299368  0.277743  0.147031  0.232929  0.413377  0.455152  0.094783  0.366624  0.689373  0.286917  0.180323  0.230972  0.355251  0.321623  0.133777  0.265106  0.591557  0.277739  0.232826  0.437156  0.135658  0.293583  0.257209  0.435349  0.234770  0.328766  0.297542  0.271446  0.131727  0.171274  0.551995  0.254223  0.131428  0.107785  0.585639  0.284497  0.257877  0.213251  0.294143  0.118454  0.226860  0.206203  0.470158  0.635654  0.422152  0.350976  0.454355  0.587014  0.257914  0.100655  0.301845  0.083281  0.186026  0.376464  0.312308  0.696059  0.359810  0.358677  0.363102  0.566646  0.375111  0.259215  0.758989  0.523491  0.454995  0.590672  0.542641  0.472902  0.266331  0.381086  0.158849  0.580906 
14  0.214376  0.301485  0.252055  0.148990  0.288538  0.100569  0.297043  0.377698  0.385599  0.383419  0.181427  0.504913  0.507620  0.566904 0.0  0.626100  0.374052  0.337226  0.210725  0.124250  0.232780  0.325574  0.459097  0.450218  0.405938  0.527028  0.613473  0.290345  0.326952  0.205723  0.769719  0.724718  0.114077  0.546813  0.239305  0.360316  0.248252  0.266822  0.194978  0.473685  0.610507  0.403390  0.489809  0.352471  0.398773  0.230031  0.244046  0.919912  0.327519  0.509688  0.308384  0.275612  0.458991  0.450473  0.323107  0.581047  0.463988  0.399310  0.187611  0.302361  0.351976  0.851403  0.601246  0.641512  0.735563  0.732502  0.451622  0.460675  0.379350  0.428526  0.728733  0.366084  0.274183  0.438060  0.345516  0.826118  0.225869  0.336129  0.794993  0.779260  0.681000  0.634675  0.214648  0.238455  0.360536  0.576395  0.569539  0.671585  0.689317  0.431972  0.668773  0.442410  0.608913  0.566143  0.746074  0.432690  0.218825  0.552230  0.623205  0.650119  0.521607  0.134912  0.179247  0.634357  0.510968  0.475710  0.416345  0.198351  0.401366  0.486280  0.429081  0.589642  0.429709  0.526789  0.570073  0.197677  0.884152  0.121433  0.296967  0.412134  0.439482  0.266647  0.719842  0.857813  0.820379  0.419159  0.810757  0.637589  0.514443  0.276647  0.708891  0.583646  0.636335  0.083281  0.433820  0.579196  0.758374  0.245239  0.309541  0.709531  0.394847  0.092832  0.744224  0.626739  0.301014  0.540407  0.435418  0.380200  0.221054  0.721655  0.695029  0.669378  0.791924  0.755062  0.678116  0.818538  0.672600  0.632479  0.713300  0.837317  0.479554  0.396090  0.819259  0.757610  0.692350  0.448198  0.416444  0.248266  0.183924  0.187520  0.833029  0.302470  0.083281  0.785451  0.673823  0.736402  0.649663  0.668199  0.354649  0.450000  0.110250  0.410156  0.754003  0.341643  0.185050  0.794019  0.485905  0.177798  0.223712  0.308801  0.202356  0.857321  0.288643  0.847155  0.288704  0.641959  0.862350 
15  0.490588  0.322982  0.358086  0.517024  0.568212  0.419636  0.425454  0.317914  0.357273  0.271350  0.647108  0.323502  0.269891  0.083281  0.626100 0.0  0.377428  0.432543  0.476088  0.632955  0.488500  0.367628  0.393038  0.309760  0.405350  0.183377  0.202086  0.359383  0.427104  0.403358  0.229882  0.264832  0.604178  0.296581  0.526933  0.411243  0.498567  0.524435  0.615222  0.342450  0.180873  0.301332  0.396416  0.377493  0.370401  0.458432  0.336685  0.394951  0.450045  0.421691  0.300338  0.367200  0.427100  0.335754  0.398764  0.206652  0.322891  0.360557  0.578343  0.426859  0.437555  0.333436  0.133234  0.207173  0.167071  0.201270  0.137954  0.320122  0.400170  0.312709  0.366820  0.487058  0.513118  0.334312  0.369974  0.161483  0.478100  0.579720  0.327245  0.232963  0.083281  0.161823  0.515435  0.586867  0.512898  0.210720  0.157574  0.204694  0.304192  0.222393  0.233912  0.330235  0.140197  0.165094  0.186377  0.188843  0.474198  0.083865  0.267539  0.272688  0.106755  0.571957  0.613368  0.107072  0.377677  0.316182  0.268666  0.660940  0.359516  0.289311  0.181457  0.156542  0.400710  0.164897  0.443088  0.597210  0.201724  0.657592  0.471164  0.248720  0.344115  0.536557  0.244394  0.347358  0.278650  0.367935  0.248287  0.107122  0.127805  0.492168  0.533269  0.204618  0.468969  0.669302  0.308094  0.198950  0.346227  0.205611  0.516392  0.181318  0.295553  0.701003  0.229784  0.157603  0.514010  0.154361  0.355548  0.412194  0.232933  0.126525  0.181716  0.338251  0.302237  0.213847  0.144154  0.478403  0.195718  0.114088  0.135362  0.495201  0.211993  0.334460  0.333347  0.350868  0.127027  0.262723  0.291989  0.601198  0.603591  0.506076  0.455002  0.510767  0.629314  0.357526  0.105823  0.175953  0.083281  0.144428  0.406254  0.377013  0.485549  0.265209  0.281798  0.295866  0.678751  0.385254  0.325213  0.699149  0.554351  0.316631  0.543174  0.446327  0.400172  0.278166  0.376887  0.083281  0.513120 
16  0.287978  0.120681  0.141401  0.194939  0.209603  0.294558  0.266782  0.151291  0.083281  0.193699  0.327086  0.152123  0.256898  0.306651  0.374052  0.377428 0.0  0.083281  0.276131  0.379261  0.128279  0.223319  0.135546  0.258046  0.122986  0.282557  0.288831  0.083281  0.230153  0.176379  0.478358  0.498868  0.319373  0.195826  0.226431  0.163364  0.192900  0.232396  0.475791  0.229939  0.263922  0.162799  0.083281  0.083281  0.172664  0.246506  0.083281  0.600457  0.238992  0.129383  0.134675  0.164981  0.088719  0.083281  0.252668  0.233998  0.252585  0.083281  0.352318  0.164787  0.186766  0.426786  0.424006  0.262185  0.446927  0.434980  0.293907  0.193513  0.227504  0.149018  0.382552  0.158564  0.153869  0.083281  0.166145  0.485793  0.199590  0.245535  0.430768  0.448573  0.313641  0.381796  0.329045  0.356524  0.186710  0.207061  0.345755  0.380818  0.560453  0.303764  0.423027  0.173314  0.194906  0.373806  0.442827  0.254925  0.221245  0.260250  0.428725  0.401727  0.397784  0.323274  0.406163  0.356669  0.201913  0.083281  0.189284  0.394153  0.135996  0.092604  0.197451  0.241745  0.179510  0.324931  0.351685  0.251701  0.528418  0.290196  0.204529  0.216547  0.166067  0.145646  0.322441  0.400693  0.526074  0.083281  0.360476  0.438976  0.298466  0.160467  0.543721  0.327488  0.475487  0.447539  0.237627  0.269338  0.537787  0.118144  0.261797  0.382825  0.122922  0.434644  0.480953  0.259359  0.123287  0.340958  0.172859  0.238782  0.105311  0.368139  0.405372  0.478877  0.363991  0.476062  0.364005  0.603072  0.432073  0.394043  0.426816  0.604587  0.298840  0.264577  0.530721  0.471728  0.431116  0.304007  0.177824  0.295334  0.412609  0.135443  0.621803  0.263862  0.261376  0.558662  0.365446  0.498908  0.292593  0.428251  0.083281  0.222906  0.378378  0.088846  0.490137  0.192304  0.255236  0.556192  0.341531  0.432604  0.267851  0.083281  0.322429  0.656425  0.291564  0.512555  0.207716  0.322112  0.553052 
17  0.288919  0.083281  0.083281  0.255338  0.281522  0.278021  0.293002  0.175577  0.083281  0.083281  0.327837  0.139827  0.254235  0.320442  0.337226  0.432543  0.083281 0.0  0.350302  0.354084  0.152939  0.124696  0.117002  0.187554  0.193738  0.157285  0.207537  0.112451  0.204565  0.216164  0.560607  0.473981  0.353049  0.234629  0.306221  0.125541  0.212051  0.212772  0.455875  0.163645  0.202947  0.127636  0.121557  0.098574  0.141490  0.312812  0.155159  0.437879  0.250217  0.249263  0.104793  0.134581  0.088901  0.206945  0.215013  0.256213  0.114325  0.086698  0.271225  0.192344  0.240654  0.487668  0.300280  0.334585  0.454868  0.394564  0.176998  0.101241  0.115975  0.149489  0.401138  0.083281  0.252258  0.083281  0.160298  0.455832  0.154780  0.290477  0.422909  0.450246  0.253654  0.327776  0.393045  0.267100  0.250691  0.236184  0.372218  0.408303  0.352426  0.230794  0.388567  0.180046  0.266383  0.327287  0.420001  0.203290  0.277828  0.343127  0.474509  0.382696  0.311275  0.345060  0.273929  0.195580  0.233376  0.083281  0.171368  0.337974  0.138352  0.140506  0.219594  0.292140  0.145257  0.239509  0.443197  0.316888  0.525991  0.480552  0.083281  0.101066  0.093160  0.271891  0.315486  0.535777  0.558900  0.140393  0.379753  0.312320  0.132488  0.086632  0.598059  0.129292  0.340708  0.445811  0.233046  0.213109  0.403247  0.170016  0.185232  0.296890  0.179070  0.434540  0.455993  0.192028  0.175962  0.256397  0.149693  0.122556  0.238297  0.345918  0.342762  0.374153  0.482630  0.550253  0.352546  0.573430  0.465714  0.310070  0.495090  0.524158  0.285925  0.083281  0.465480  0.435881  0.397430  0.199356  0.138493  0.296311  0.331561  0.198025  0.460561  0.308759  0.384170  0.434343  0.364012  0.360506  0.271606  0.437070  0.182495  0.128481  0.332330  0.083281  0.448587  0.107962  0.329783  0.452382  0.189251  0.348243  0.213209  0.282997  0.289413  0.613335  0.309734  0.471161  0.203310  0.265288  0.631635 
18  0.083281  0.352513  0.322007  0.104165  0.083281  0.145495  0.083281  0.243587  0.320578  0.346662  0.137658  0.354623  0.392958  0.541087  0.210725  0.476088  0.276131  0.350302 0.0  0.249138  0.094720  0.329998  0.276686  0.382901  0.192357  0.493807  0.494850  0.243098  0.103450  0.092527  0.638587  0.667960  0.107357  0.462391  0.176529  0.261855  0.120614  0.088538  0.175383  0.405276  0.467537  0.302426  0.264387  0.191387  0.260196  0.083281  0.291605  0.803249  0.168915  0.381758  0.243044  0.167896  0.294719  0.260246  0.182122  0.467037  0.323248  0.244283  0.101811  0.244019  0.267537  0.622610  0.549143  0.539520  0.579638  0.534396  0.415883  0.192497  0.278487  0.196588  0.566423  0.268241  0.277482  0.285082  0.171794  0.624102  0.193598  0.220127  0.659719  0.575157  0.451172  0.647354  0.083281  0.083281  0.174814  0.444087  0.530471  0.570814  0.415269  0.363404  0.502595  0.323757  0.432178  0.483825  0.621555  0.375357  0.198272  0.414174  0.553250  0.511120  0.587498  0.187191  0.276060  0.529449  0.420085  0.262578  0.313967  0.204926  0.341298  0.409967  0.355095  0.481181  0.303163  0.404378  0.477548  0.150067  0.695917  0.265048  0.224860  0.292556  0.278615  0.261773  0.472157  0.734467  0.678471  0.300502  0.708248  0.513413  0.386466  0.127063  0.618057  0.471991  0.542995  0.281166  0.284847  0.306928  0.733295  0.262674  0.091418  0.507983  0.236825  0.223354  0.638182  0.361808  0.147384  0.501168  0.317425  0.335328  0.219051  0.538992  0.528248  0.583826  0.635826  0.641440  0.479502  0.743454  0.711932  0.572070  0.573965  0.751949  0.398840  0.269080  0.581040  0.579733  0.572615  0.443374  0.389928  0.306438  0.146602  0.229915  0.645480  0.094114  0.213990  0.768300  0.491842  0.524536  0.470487  0.497034  0.220400  0.298041  0.180472  0.136455  0.635348  0.351701  0.172791  0.714942  0.342132  0.297915  0.088446  0.169120  0.169779  0.704020  0.229980  0.728524  0.290881  0.456003  0.720917 
19  0.279563  0.337681  0.440620  0.336784  0.329171  0.284401  0.285647  0.411924  0.293695  0.430664  0.143760  0.490841  0.537149  0.561811  0.124250  0.632955  0.379261  0.354084  0.249138 0.0  0.275002  0.344171  0.400858  0.609039  0.315115  0.474883  0.559858  0.423554  0.320983  0.294475  0.790733  0.763830  0.117757  0.508172  0.236276  0.438637  0.220743  0.218159  0.083281  0.546690  0.595032  0.453460  0.510524  0.437189  0.350930  0.339595  0.313712  0.844811  0.299178  0.497479  0.410280  0.302436  0.525003  0.349658  0.292077  0.543398  0.438621  0.468514  0.206441  0.366577  0.399591  0.726958  0.646348  0.610520  0.688903  0.715512  0.585212  0.381570  0.431218  0.320517  0.819510  0.480759  0.209766  0.431318  0.416956  0.769879  0.258116  0.332171  0.773008  0.692950  0.676401  0.732896  0.116820  0.209256  0.207908  0.521062  0.651324  0.710280  0.632500  0.496478  0.683708  0.458079  0.664382  0.653299  0.763146  0.515729  0.306239  0.624771  0.649641  0.630601  0.665713  0.170150  0.104742  0.654500  0.435675  0.331481  0.466911  0.083281  0.586761  0.469021  0.545742  0.593850  0.492103  0.624894  0.585856  0.257921  0.878531  0.083281  0.462837  0.402696  0.426103  0.308632  0.626516  0.898996  0.849219  0.398887  0.898071  0.716990  0.540836  0.311187  0.882100  0.600327  0.599071  0.201200  0.523670  0.598207  0.774357  0.461197  0.287699  0.665040  0.367257  0.083281  0.845411  0.555466  0.427219  0.577054  0.394811  0.391450  0.327550  0.688238  0.677162  0.835018  0.849574  0.868839  0.593874  0.928458  0.823508  0.658526  0.687668  0.785689  0.599748  0.461773  0.741708  0.740987  0.679865  0.605873  0.472991  0.092805  0.141278  0.267395  0.816051  0.197216  0.085815  0.802334  0.700450  0.653847  0.479192  0.696468  0.323205  0.421441  0.238219  0.353281  0.713436  0.454519  0.175780  0.787803  0.449275  0.183689  0.176825  0.230484  0.083281  0.855445  0.293750  0.843770  0.288336  0.562437  0.866531 
