197
0 0.0  0.242166  0.253959  0.128884  0.155102  0.094904  0.105646  0.227002  0.235698  0.310208  0.184548  0.268150  0.326537  0.445212  0.186011  0.494763  0.254885  0.273593  0.106776  0.244383  0.155728  0.201989  0.258305  0.425573  0.208750  0.398792  0.428628  0.250798  0.212361  0.165256  0.578432  0.606129  0.126925  0.396140  0.204020  0.219490  0.152458  0.162642  0.247654  0.309948  0.404183  0.262086  0.222318  0.226115  0.221063  0.096046  0.215438  0.624632  0.136048  0.279834  0.279770  0.162372  0.282520  0.245374  0.129876  0.342078  0.296370  0.224072  0.122105  0.146996  0.255159  0.576132  0.509365  0.463759  0.527207  0.574729  0.320637  0.240685  0.233306  0.202962  0.476496  0.214069  0.201994  0.290241  0.240669  0.653263  0.170414  0.225903  0.594494  0.553812  0.492146  0.550819  0.136653  0.146231  0.149821  0.354384  0.439546  0.556606  0.499466  0.304143  0.476764  0.250462  0.472615  0.449099  0.553044  0.409332  0.149776  0.357543  0.450806  0.456209  0.465204  0.127873  0.175331  0.437515  0.348123  0.274204  0.281984  0.176162  0.320231  0.352251  0.321044  0.413413  0.250686  0.413626  0.408671  0.129431  0.679666  0.268904  0.268901  0.283517  0.253601  0.186482  0.526687  0.631888  0.645822  0.286447  0.698792  0.472668  0.438383  0.163428  0.568505  0.388264  0.516723  0.227719  0.353396  0.426963  0.587438  0.250492  0.143284  0.482421  0.250028  0.261073  0.526957  0.368608  0.222101  0.345350  0.246036  0.226024  0.215398  0.504633  0.569577  0.550411  0.556774  0.609051  0.569186  0.677399  0.574671  0.475801  0.549703  0.556408  0.385914  0.337740  0.576921  0.590366  0.556435  0.381526  0.304259  0.156369  0.228533  0.161932  0.594485  0.147734  0.211565  0.658093  0.483222  0.502232  0.463457  0.521143  0.232080  0.258430  0.194065  0.292256  0.622132  0.342469  0.168097  0.655682  0.311125  0.279043  0.125430  0.189833  0.198908  0.695415  0.153337  0.691257  0.178249  0.432871  0.624865 
1  0.242166 0.0  0.113157  0.195187  0.201955  0.246645  0.236308  0.113417  0.108673  0.151538  0.256538  0.125100  0.197283  0.316044  0.346231  0.339372  0.128041  0.106005  0.250976  0.374732  0.179394  0.112238  0.113688  0.229139  0.167168  0.241661  0.294722  0.115473  0.151360  0.195032  0.428544  0.530508  0.263784  0.213109  0.253709  0.106518  0.236834  0.190801  0.389694  0.191225  0.259841  0.145701  0.114328  0.151309  0.108887  0.236503  0.103243  0.646896  0.177997  0.137615  0.130146  0.143411  0.156551  0.131588  0.171916  0.181074  0.173364  0.102839  0.284877  0.152307  0.132376  0.410407  0.404233  0.361006  0.378687  0.332267  0.231421  0.092606  0.096613  0.112011  0.406766  0.087503  0.238982  0.116744  0.099962  0.399553  0.165618  0.246351  0.431369  0.386797  0.359749  0.380696  0.296992  0.292726  0.183330  0.235791  0.302470  0.356737  0.385121  0.230428  0.403246  0.101241  0.277376  0.354418  0.492657  0.212365  0.177011  0.242582  0.335144  0.337601  0.343664  0.235745  0.305793  0.323356  0.186636  0.109709  0.151778  0.309665  0.174764  0.163541  0.213298  0.288612  0.110441  0.265347  0.395206  0.280685  0.492524  0.418142  0.106658  0.146226  0.129421  0.217947  0.328267  0.500476  0.503993  0.135163  0.513235  0.331185  0.290082  0.194478  0.536883  0.279748  0.386675  0.411212  0.185929  0.246325  0.468967  0.094393  0.176205  0.348437  0.114188  0.419678  0.473933  0.219054  0.133355  0.260525  0.103817  0.097809  0.110866  0.344102  0.391050  0.447583  0.488782  0.442175  0.308467  0.550015  0.346588  0.378859  0.394177  0.489500  0.208896  0.188576  0.484276  0.477441  0.436485  0.252937  0.135028  0.230541  0.338018  0.238936  0.516901  0.265755  0.320253  0.513291  0.347371  0.413520  0.339471  0.350305  0.103401  0.136033  0.360479  0.122067  0.468551  0.174252  0.359077  0.431989  0.229660  0.413484  0.230918  0.179359  0.292298  0.616109  0.207054  0.574620  0.127692  0.337470  0.595515 
2  0.253959  0.113157 0.0  0.214430  0.184025  0.271805  0.275286  0.091400  0.088792  0.147408  0.303063  0.120561  0.186602  0.292482  0.450425  0.295923  0.126696  0.113190  0.257557  0.382922  0.204982  0.139664  0.114338  0.228977  0.190173  0.220130  0.283855  0.123748  0.177916  0.204911  0.481724  0.481111  0.322252  0.203187  0.288258  0.132267  0.220440  0.195541  0.385173  0.180023  0.253997  0.123812  0.110674  0.172918  0.118459  0.241954  0.123465  0.548899  0.203505  0.117825  0.101665  0.170755  0.139782  0.119552  0.208708  0.169032  0.134206  0.124173  0.308933  0.187182  0.129156  0.408776  0.332357  0.364804  0.397323  0.349228  0.202784  0.113165  0.107537  0.144159  0.478068  0.110469  0.257448  0.089274  0.122250  0.441898  0.178212  0.237076  0.535678  0.438949  0.356077  0.353773  0.262670  0.323242  0.213545  0.236167  0.280400  0.270567  0.434328  0.205460  0.357855  0.104528  0.291300  0.295452  0.450509  0.204096  0.196273  0.217946  0.357726  0.321220  0.306905  0.304328  0.319817  0.268272  0.180736  0.091235  0.127581  0.318128  0.143331  0.157825  0.195093  0.223620  0.091681  0.245271  0.362506  0.290518  0.478410  0.406294  0.090961  0.125590  0.104760  0.221161  0.336698  0.485197  0.552210  0.123149  0.510447  0.360906  0.229146  0.199531  0.541638  0.241338  0.345616  0.423988  0.197787  0.198401  0.423340  0.102887  0.210008  0.324448  0.090815  0.476862  0.364537  0.218691  0.137815  0.233909  0.139821  0.120517  0.141554  0.303398  0.358452  0.419672  0.473196  0.464632  0.324013  0.588738  0.452572  0.332683  0.357754  0.585680  0.218086  0.190615  0.491575  0.425378  0.342447  0.267946  0.113842  0.280350  0.353250  0.234420  0.515798  0.262141  0.320842  0.448277  0.380392  0.352145  0.298338  0.298770  0.096213  0.113114  0.347262  0.107798  0.461973  0.162662  0.346532  0.577395  0.211476  0.400146  0.282755  0.208079  0.291276  0.586481  0.224517  0.495817  0.142134  0.291618  0.600650 
3  0.128884  0.195187  0.214430 0.0  0.133727  0.143632  0.114620  0.206391  0.220259  0.232791  0.197644  0.234707  0.291400  0.464984  0.244393  0.416623  0.222452  0.226474  0.124711  0.303239  0.132969  0.166948  0.226843  0.345964  0.168122  0.300653  0.378250  0.184629  0.154949  0.144527  0.552964  0.628946  0.176537  0.313934  0.198381  0.193503  0.134939  0.126382  0.280016  0.318272  0.431309  0.276049  0.198460  0.183732  0.184315  0.136073  0.168696  0.654003  0.102009  0.247004  0.216426  0.122104  0.238423  0.209690  0.100218  0.293917  0.269246  0.188156  0.150687  0.135233  0.202270  0.666036  0.507741  0.416233  0.529471  0.497238  0.299114  0.184178  0.207325  0.167745  0.550026  0.196025  0.166502  0.205506  0.181607  0.557026  0.139653  0.178689  0.599171  0.548359  0.453269  0.495026  0.148910  0.150816  0.119867  0.285243  0.407040  0.465977  0.408341  0.296656  0.414900  0.216728  0.445440  0.425496  0.524063  0.332853  0.111619  0.350026  0.485483  0.509445  0.416715  0.170077  0.228352  0.389829  0.296746  0.203957  0.262843  0.209483  0.274047  0.298579  0.300292  0.354805  0.240316  0.396297  0.447150  0.153545  0.618819  0.301858  0.206755  0.253702  0.239661  0.155535  0.451508  0.589401  0.596154  0.220585  0.593570  0.483915  0.337191  0.120714  0.672281  0.383162  0.504283  0.295156  0.287596  0.375412  0.528484  0.191172  0.104466  0.477887  0.204714  0.246713  0.476836  0.357531  0.176999  0.331728  0.175094  0.186292  0.166812  0.424515  0.418412  0.576892  0.546068  0.531327  0.452738  0.611098  0.507884  0.489531  0.544908  0.609646  0.341085  0.293784  0.580540  0.544713  0.493064  0.344189  0.242114  0.150602  0.235273  0.135561  0.647138  0.158837  0.220835  0.719991  0.559996  0.492852  0.430326  0.433097  0.214963  0.239678  0.223078  0.237179  0.484744  0.304507  0.195099  0.691406  0.304423  0.275241  0.136483  0.154486  0.198306  0.637835  0.146172  0.637007  0.146512  0.428111  0.712957 
4  0.155102  0.201955  0.184025  0.133727 0.0  0.183822  0.133358  0.206140  0.205949  0.270670  0.166148  0.226024  0.331854  0.359720  0.259269  0.452148  0.186980  0.208820  0.162521  0.269997  0.089093  0.158094  0.204484  0.349240  0.124132  0.323657  0.345499  0.225883  0.125526  0.104196  0.512409  0.595671  0.218043  0.289555  0.156990  0.184404  0.118698  0.093450  0.294976  0.283056  0.359234  0.251831  0.207286  0.156584  0.170401  0.183659  0.181783  0.603833  0.122852  0.237754  0.223882  0.131251  0.255557  0.211838  0.134523  0.279665  0.280064  0.189761  0.214150  0.128350  0.171666  0.512293  0.541646  0.476911  0.493253  0.423664  0.282633  0.163851  0.186086  0.161267  0.547875  0.198533  0.136340  0.205350  0.186526  0.573418  0.095403  0.133929  0.529138  0.503207  0.473218  0.455478  0.153645  0.217208  0.105278  0.332018  0.439980  0.402926  0.524126  0.360308  0.434747  0.204884  0.388755  0.403246  0.587155  0.344833  0.117507  0.356501  0.433240  0.442271  0.400485  0.215848  0.227008  0.351763  0.274488  0.203414  0.232140  0.215685  0.260158  0.297749  0.355457  0.336302  0.214995  0.364675  0.438364  0.182152  0.567842  0.275682  0.223059  0.245627  0.205746  0.114811  0.426789  0.591777  0.688345  0.203558  0.632938  0.416090  0.409993  0.093280  0.681898  0.364152  0.469559  0.308296  0.291885  0.304398  0.665378  0.193035  0.114669  0.387667  0.227279  0.302297  0.609555  0.367080  0.143433  0.349259  0.191533  0.200306  0.160281  0.509414  0.390330  0.504748  0.531480  0.580027  0.425848  0.657958  0.488020  0.461550  0.466552  0.707536  0.353141  0.256469  0.610840  0.596397  0.547118  0.365220  0.248805  0.135909  0.259557  0.119184  0.655193  0.148018  0.216763  0.606048  0.438857  0.532221  0.403477  0.441489  0.187335  0.268975  0.242269  0.239744  0.553997  0.246253  0.230009  0.512670  0.364026  0.265196  0.155000  0.102731  0.236020  0.862010  0.107300  0.543888  0.138480  0.395905  0.704302 
5  0.094904  0.246645  0.271805  0.143632  0.183822 0.0  0.117000  0.299754  0.287388  0.351919  0.175153  0.275104  0.338961  0.429182  0.195715  0.512207  0.227054  0.247114  0.107409  0.210136  0.178407  0.221841  0.260361  0.325857  0.188138  0.364126  0.475338  0.249284  0.230490  0.163461  0.573061  0.618143  0.136972  0.377823  0.201200  0.231980  0.150758  0.161712  0.221570  0.312088  0.392059  0.305145  0.282147  0.231043  0.245300  0.087232  0.218672  0.676462  0.153621  0.295058  0.282697  0.185381  0.297872  0.276641  0.153513  0.344012  0.342252  0.213233  0.106212  0.169433  0.213194  0.531237  0.409325  0.522306  0.497538  0.510539  0.334345  0.256654  0.241170  0.217002  0.549896  0.254716  0.200637  0.308288  0.271881  0.576019  0.158999  0.208820  0.522105  0.596150  0.547155  0.495805  0.148532  0.126587  0.152971  0.386186  0.488508  0.525619  0.504672  0.324216  0.435495  0.268476  0.456342  0.548842  0.539169  0.415799  0.168147  0.428602  0.506114  0.537197  0.488939  0.135068  0.192685  0.479347  0.301836  0.285117  0.345807  0.169287  0.299628  0.368483  0.320951  0.424972  0.269770  0.394376  0.477294  0.127189  0.642219  0.249462  0.264110  0.296223  0.283811  0.201554  0.482339  0.627765  0.681162  0.286418  0.614181  0.507630  0.382536  0.170331  0.577371  0.436230  0.482317  0.263533  0.361074  0.377520  0.550712  0.255594  0.159486  0.539084  0.259438  0.248956  0.648800  0.393850  0.234365  0.486708  0.267157  0.253021  0.235485  0.525932  0.490149  0.540060  0.526430  0.602508  0.540361  0.653784  0.598986  0.509466  0.579811  0.613185  0.387298  0.304160  0.606415  0.623394  0.600843  0.391350  0.317033  0.146958  0.201888  0.153038  0.744791  0.167359  0.180016  0.702950  0.501101  0.539018  0.486807  0.586195  0.246883  0.305160  0.185164  0.262291  0.561907  0.342599  0.151869  0.643660  0.372487  0.233867  0.113120  0.195390  0.171755  0.730970  0.173107  0.586902  0.212021  0.418758  0.732548 
6  0.105646  0.236308  0.275286  0.114620  0.133358  0.117000 0.0  0.237689  0.212527  0.324497  0.170094  0.270452  0.332335  0.426304  0.210744  0.470338  0.234628  0.236405  0.102197  0.220411  0.155153  0.212109  0.241958  0.361302  0.177806  0.386791  0.424610  0.216008  0.184371  0.129598  0.592731  0.571741  0.128311  0.293109  0.166115  0.220025  0.132993  0.130461  0.251282  0.343906  0.401759  0.306059  0.252497  0.201600  0.199740  0.117384  0.202532  0.635963  0.128802  0.279927  0.261347  0.160326  0.282495  0.231515  0.127214  0.341553  0.246851  0.224757  0.150840  0.154225  0.212557  0.601464  0.490409  0.474103  0.580663  0.574123  0.293239  0.216965  0.223528  0.193765  0.590881  0.207376  0.188747  0.248587  0.217427  0.545205  0.135425  0.174930  0.588896  0.534745  0.432615  0.455540  0.124650  0.157076  0.132463  0.365721  0.398136  0.476591  0.492034  0.331013  0.497004  0.251670  0.428971  0.488006  0.677270  0.360261  0.128016  0.422372  0.500244  0.494840  0.424987  0.150192  0.189938  0.494922  0.309342  0.229347  0.299565  0.170652  0.296091  0.252586  0.316076  0.392512  0.254620  0.395768  0.442570  0.133558  0.669468  0.262702  0.257796  0.253187  0.257178  0.160694  0.516673  0.646573  0.767186  0.260908  0.679569  0.474228  0.437669  0.144321  0.604821  0.341000  0.521289  0.278153  0.351289  0.378971  0.635271  0.224720  0.138105  0.506353  0.260649  0.277266  0.619831  0.352565  0.191071  0.415563  0.222572  0.213250  0.204192  0.454249  0.475699  0.592646  0.576977  0.569184  0.514470  0.595157  0.582518  0.483863  0.518613  0.629839  0.325202  0.292201  0.595993  0.630618  0.552286  0.377756  0.268189  0.122925  0.211443  0.142965  0.670412  0.144774  0.211318  0.604244  0.498755  0.546053  0.430802  0.512611  0.242872  0.269243  0.200572  0.254175  0.546281  0.301123  0.188231  0.636833  0.357784  0.260052  0.110082  0.149249  0.216449  0.657755  0.141197  0.642673  0.203889  0.468372  0.839166 
7  0.227002  0.113417  0.091400  0.206391  0.206140  0.299754  0.237689 0.0  0.090432  0.132320  0.300372  0.110753  0.189463  0.295810  0.340650  0.264885  0.131349  0.110721  0.243327  0.364263  0.215201  0.150564  0.104219  0.202446  0.185980  0.224742  0.254601  0.123606  0.175627  0.246312  0.518850  0.458291  0.302469  0.164951  0.297294  0.140654  0.253785  0.220073  0.474135  0.180884  0.225523  0.124210  0.112827  0.169197  0.128829  0.295979  0.131118  0.559641  0.192200  0.115405  0.107624  0.176778  0.143142  0.121696  0.205998  0.187404  0.136828  0.122745  0.315224  0.178019  0.140504  0.423778  0.340023  0.293192  0.361020  0.373479  0.206419  0.113772  0.112980  0.147584  0.393462  0.110228  0.264687  0.093826  0.130454  0.404205  0.227112  0.243028  0.390310  0.398487  0.311618  0.316708  0.267552  0.293368  0.241143  0.215170  0.300397  0.324198  0.404348  0.244835  0.359993  0.101616  0.270516  0.310776  0.388004  0.182502  0.201432  0.218184  0.353767  0.323734  0.266071  0.302164  0.327940  0.252105  0.162876  0.086600  0.121953  0.354411  0.155542  0.138811  0.184490  0.214729  0.089635  0.215876  0.393285  0.285478  0.437785  0.370075  0.087563  0.128490  0.100265  0.206383  0.315257  0.444792  0.453701  0.123426  0.490641  0.331572  0.247091  0.194276  0.496281  0.227614  0.403416  0.448430  0.184673  0.212127  0.431618  0.106279  0.191744  0.303870  0.087989  0.380638  0.449512  0.244537  0.157682  0.247891  0.130761  0.121426  0.137564  0.348617  0.338559  0.449285  0.445201  0.393154  0.367635  0.517041  0.340394  0.344098  0.381042  0.508786  0.196513  0.184260  0.446918  0.459286  0.372527  0.254243  0.121023  0.276816  0.317450  0.260008  0.494385  0.295898  0.360796  0.499174  0.298806  0.403043  0.309767  0.310803  0.110037  0.105324  0.387369  0.101521  0.461717  0.148125  0.316415  0.427688  0.238567  0.405732  0.276464  0.197320  0.327466  0.543132  0.248895  0.495434  0.155244  0.270467  0.560062 
8  0.235698  0.108673  0.088792  0.220259  0.205949  0.287388  0.212527  0.090432 0.0  0.149822  0.324121  0.117939  0.186580  0.305828  0.371827  0.378793  0.129532  0.111022  0.256386  0.430470  0.197417  0.132335  0.107808  0.233396  0.159770  0.200091  0.278065  0.119821  0.159739  0.213400  0.416789  0.488153  0.297922  0.186312  0.246590  0.120849  0.235949  0.199900  0.381731  0.184730  0.263034  0.131785  0.110933  0.168215  0.130647  0.297682  0.134671  0.591492  0.176245  0.122329  0.108219  0.167153  0.138998  0.115509  0.202459  0.172842  0.149541  0.113763  0.277486  0.185442  0.122119  0.374916  0.356668  0.320970  0.368210  0.384994  0.193782  0.118428  0.101944  0.137926  0.424963  0.107087  0.252531  0.092595  0.119708  0.409061  0.198840  0.255920  0.392767  0.413366  0.380158  0.359752  0.260641  0.358597  0.250584  0.209411  0.344545  0.381570  0.390741  0.211480  0.290960  0.103585  0.238730  0.320584  0.443595  0.199891  0.213828  0.220982  0.380502  0.327662  0.293622  0.331111  0.301461  0.251981  0.185539  0.087092  0.126042  0.362486  0.145438  0.155085  0.189972  0.224258  0.087571  0.226110  0.385632  0.299792  0.492375  0.338895  0.087449  0.137512  0.101193  0.235417  0.296871  0.503387  0.520378  0.122187  0.439689  0.329158  0.252161  0.205991  0.547294  0.217744  0.374531  0.433639  0.172520  0.220996  0.484711  0.096209  0.208774  0.373153  0.092726  0.398708  0.461085  0.204774  0.145348  0.237397  0.119490  0.117133  0.137499  0.342349  0.377238  0.463895  0.392812  0.393023  0.322273  0.547567  0.415167  0.347498  0.343179  0.493890  0.209447  0.178543  0.400858  0.549340  0.358026  0.273423  0.119836  0.261048  0.359817  0.240307  0.569724  0.245843  0.385324  0.461711  0.343309  0.368897  0.289040  0.307240  0.104018  0.111040  0.345151  0.103664  0.386151  0.172178  0.386973  0.501742  0.215225  0.406986  0.258864  0.211803  0.378588  0.612275  0.220925  0.491793  0.145158  0.253616  0.470513 
9  0.310208  0.151538  0.147408  0.232791  0.270670  0.351919  0.324497  0.132320  0.149822 0.0  0.375189  0.121018  0.134695  0.246935  0.421818  0.288534  0.190200  0.141556  0.307381  0.445758  0.247822  0.187183  0.143181  0.158401  0.220548  0.168807  0.222253  0.135487  0.236602  0.288776  0.372703  0.420543  0.369414  0.166133  0.357036  0.154051  0.318135  0.274555  0.503928  0.120763  0.196133  0.154073  0.127329  0.227968  0.203109  0.350444  0.154365  0.532292  0.239760  0.110208  0.161058  0.225653  0.161921  0.167737  0.242691  0.153232  0.131234  0.157958  0.355440  0.250209  0.190301  0.426099  0.275547  0.290500  0.327920  0.266921  0.167688  0.175206  0.159379  0.177502  0.344464  0.167095  0.343696  0.142804  0.173181  0.383888  0.220833  0.236796  0.368739  0.357147  0.267081  0.285165  0.335370  0.369464  0.270166  0.163553  0.249427  0.276786  0.347292  0.182090  0.303070  0.144862  0.220579  0.269468  0.378327  0.137708  0.244654  0.191050  0.298065  0.266849  0.250683  0.352427  0.500919  0.216151  0.118712  0.148319  0.148193  0.349713  0.159156  0.114155  0.134515  0.172475  0.139333  0.170160  0.346836  0.291992  0.466093  0.491396  0.147181  0.106495  0.141728  0.297386  0.332672  0.423372  0.509636  0.155123  0.404259  0.252017  0.196512  0.250704  0.462522  0.156416  0.335883  0.467615  0.140791  0.177212  0.419403  0.152207  0.251037  0.275484  0.144582  0.486528  0.380101  0.162839  0.214928  0.196190  0.176758  0.168738  0.200783  0.302602  0.296556  0.408506  0.389032  0.346257  0.305414  0.539519  0.355397  0.306120  0.284726  0.518269  0.157509  0.142536  0.343405  0.413390  0.273842  0.210220  0.154726  0.340397  0.401439  0.288462  0.455279  0.323207  0.451992  0.398206  0.279111  0.331846  0.238338  0.301933  0.172077  0.115259  0.432916  0.127701  0.398535  0.175962  0.376777  0.453399  0.181525  0.402481  0.409774  0.244997  0.470639  0.554095  0.314629  0.414966  0.184175  0.247350  0.532188 
10  0.184548  0.256538  0.303063  0.197644  0.166148  0.175153  0.170094  0.300372  0.324121  0.375189 0.0  0.309414  0.448953  0.566148  0.170153  0.564993  0.267297  0.326151  0.147938  0.175563  0.195624  0.231418  0.302806  0.393871  0.211794  0.498866  0.497426  0.268576  0.209413  0.160853  0.630181  0.584210  0.144297  0.355054  0.132303  0.262189  0.152352  0.179121  0.199226  0.322756  0.367750  0.320715  0.282917  0.239903  0.245351  0.171979  0.295418  0.747805  0.205745  0.338956  0.312294  0.188509  0.344002  0.262220  0.208177  0.452239  0.342323  0.286411  0.183541  0.222181  0.293830  0.618359  0.550742  0.526943  0.629220  0.650933  0.428909  0.273899  0.285237  0.284700  0.679625  0.263384  0.145818  0.274996  0.306841  0.578089  0.181172  0.160470  0.633341  0.634012  0.524226  0.542184  0.125256  0.171829  0.157806  0.458318  0.498482  0.593028  0.616724  0.404680  0.647096  0.311182  0.493225  0.515290  0.634366  0.405390  0.203680  0.439316  0.541175  0.555072  0.584895  0.148956  0.127454  0.505632  0.390417  0.330962  0.328892  0.161122  0.367088  0.420383  0.388247  0.476020  0.314047  0.470308  0.566877  0.133999  0.703199  0.196096  0.316203  0.375206  0.286706  0.153163  0.597271  0.708697  0.757857  0.328203  0.767833  0.550313  0.341279  0.170952  0.752378  0.423071  0.619362  0.184780  0.402060  0.407433  0.767279  0.300801  0.191816  0.573728  0.323154  0.200183  0.676259  0.483044  0.225856  0.514759  0.291132  0.252924  0.226486  0.533861  0.555845  0.635527  0.652148  0.664769  0.575215  0.902764  0.579294  0.509044  0.585396  0.769934  0.489672  0.361732  0.753033  0.580240  0.619013  0.477550  0.355003  0.122061  0.125486  0.146463  0.656892  0.111968  0.137170  0.756150  0.518569  0.599338  0.349943  0.420830  0.291362  0.326878  0.174793  0.324727  0.629554  0.382724  0.166427  0.706004  0.453341  0.191380  0.139953  0.213031  0.120220  0.655634  0.148512  0.643986  0.227784  0.494477  0.763351 
11  0.268150  0.125100  0.120561  0.234707  0.226024  0.275104  0.270452  0.110753  0.117939  0.121018  0.309414 0.0  0.180695  0.292726  0.391877  0.295172  0.159362  0.098993  0.274832  0.401266  0.239032  0.136536  0.096963  0.211958  0.190509  0.207049  0.236314  0.102611  0.192540  0.243447  0.468513  0.420026  0.356329  0.193381  0.260335  0.125206  0.248138  0.206747  0.453640  0.148227  0.224116  0.152338  0.095603  0.198368  0.147280  0.275033  0.138459  0.543254  0.232420  0.101454  0.130377  0.197156  0.159992  0.146532  0.208385  0.185439  0.148202  0.122399  0.306114  0.182118  0.152666  0.435981  0.311914  0.346350  0.362005  0.356993  0.167626  0.132336  0.128299  0.141794  0.357034  0.122714  0.294552  0.120400  0.120732  0.393321  0.236690  0.258896  0.392994  0.338812  0.262022  0.312583  0.286159  0.335974  0.243950  0.195169  0.296805  0.321767  0.335003  0.205010  0.336076  0.105800  0.271129  0.292958  0.382332  0.188335  0.209238  0.215186  0.294030  0.320012  0.263646  0.298087  0.361821  0.278341  0.153020  0.104792  0.133379  0.319854  0.173744  0.152059  0.160508  0.231182  0.104722  0.233711  0.366699  0.319137  0.555823  0.438386  0.108435  0.103641  0.122696  0.246668  0.371508  0.378928  0.522145  0.143495  0.441085  0.293571  0.232997  0.220499  0.574709  0.240558  0.375258  0.452289  0.170655  0.193213  0.487767  0.121558  0.213710  0.336902  0.116470  0.416921  0.407257  0.200521  0.171627  0.238037  0.134652  0.117001  0.150663  0.394101  0.342705  0.390305  0.404675  0.430552  0.382416  0.590242  0.437763  0.319794  0.330399  0.548516  0.186452  0.144868  0.419437  0.451289  0.354213  0.228802  0.148106  0.270005  0.366030  0.263063  0.383468  0.339855  0.355113  0.398601  0.308914  0.358304  0.282969  0.367425  0.133534  0.097866  0.334733  0.094705  0.424782  0.170597  0.339320  0.527193  0.188298  0.421762  0.293390  0.228348  0.367263  0.557745  0.248168  0.391304  0.180377  0.294000  0.534853 
12  0.326537  0.197283  0.186602  0.291400  0.331854  0.338961  0.332335  0.189463  0.186580  0.134695  0.448953  0.180695 0.0  0.230068  0.472494  0.239870  0.235568  0.183034  0.373317  0.451102  0.328482  0.232347  0.185474  0.113158  0.308144  0.117875  0.170015  0.189951  0.272955  0.311084  0.323246  0.363555  0.322354  0.150553  0.363293  0.235353  0.364505  0.313729  0.541558  0.138872  0.153228  0.172872  0.165133  0.291441  0.246743  0.393447  0.209917  0.424498  0.328438  0.166231  0.206529  0.249151  0.186766  0.226644  0.306745  0.147712  0.147531  0.215125  0.412965  0.280261  0.254805  0.341589  0.215430  0.201131  0.197292  0.265387  0.150824  0.237016  0.233027  0.212536  0.320176  0.209003  0.384658  0.177586  0.200574  0.379251  0.271592  0.326122  0.299424  0.334534  0.245222  0.260872  0.391369  0.402709  0.383572  0.161073  0.213311  0.256250  0.303292  0.199559  0.244497  0.217892  0.178750  0.232472  0.305751  0.103088  0.299354  0.164622  0.271886  0.218458  0.229353  0.427460  0.456758  0.185256  0.138563  0.182074  0.177520  0.467104  0.184438  0.126885  0.122183  0.135772  0.200020  0.134749  0.315014  0.373064  0.333753  0.545996  0.186334  0.144641  0.194917  0.331328  0.300448  0.388642  0.392835  0.201603  0.360179  0.213102  0.139046  0.313009  0.431203  0.158918  0.281955  0.542078  0.138338  0.129170  0.360998  0.212661  0.323040  0.213419  0.179602  0.498171  0.303371  0.121497  0.294878  0.172443  0.241905  0.185291  0.227641  0.322966  0.309626  0.338908  0.336969  0.321947  0.282527  0.489145  0.319291  0.248238  0.233058  0.502480  0.118409  0.157532  0.352700  0.367598  0.263066  0.163366  0.186509  0.437776  0.475614  0.338776  0.382653  0.368518  0.451813  0.405351  0.223826  0.275394  0.192578  0.301989  0.190818  0.163487  0.417739  0.170905  0.385626  0.197948  0.394123  0.395360  0.176631  0.472788  0.386660  0.293141  0.479462  0.461788  0.312945  0.365008  0.252728  0.214096  0.464795 
13  0.445212  0.316044  0.292482  0.464984  0.359720  0.429182  0.426304  0.295810  0.305828  0.246935  0.566148  0.292726  0.230068 0.0  0.642412  0.098303  0.342661  0.305615  0.423200  0.556556  0.421341  0.327842  0.287736  0.230521  0.420419  0.219033  0.217888  0.340635  0.416101  0.437376  0.212411  0.256314  0.553173  0.231937  0.494283  0.300605  0.462351  0.355806  0.618228  0.264661  0.145844  0.242580  0.276807  0.422274  0.368014  0.504625  0.326248  0.313516  0.436060  0.262467  0.308780  0.438494  0.295673  0.283950  0.460181  0.201591  0.238524  0.326248  0.588763  0.392165  0.318835  0.230686  0.177457  0.127961  0.158372  0.145543  0.264887  0.360711  0.331427  0.315305  0.287723  0.341350  0.489314  0.308647  0.360074  0.202478  0.457238  0.483798  0.221234  0.185854  0.215175  0.144417  0.534253  0.521475  0.476582  0.237522  0.216032  0.209000  0.338091  0.287717  0.243397  0.326125  0.125408  0.150378  0.208676  0.214161  0.432721  0.192232  0.289120  0.269792  0.100678  0.547147  0.469507  0.117325  0.252289  0.312925  0.292659  0.514498  0.250320  0.258586  0.226384  0.154914  0.292077  0.194179  0.413496  0.465217  0.277552  0.605879  0.282080  0.282401  0.291203  0.456389  0.197976  0.270767  0.348898  0.311094  0.248208  0.100722  0.151046  0.472888  0.478172  0.143491  0.372763  0.549575  0.249419  0.202059  0.262530  0.310666  0.390052  0.129408  0.272419  0.702789  0.291912  0.239825  0.355781  0.146972  0.314784  0.327203  0.388280  0.224517  0.208147  0.256889  0.246891  0.208765  0.196062  0.407346  0.209458  0.122141  0.123292  0.376225  0.195158  0.246733  0.238441  0.326179  0.151461  0.233676  0.313491  0.465725  0.531687  0.420266  0.410505  0.486087  0.541167  0.284472  0.111085  0.204666  0.181328  0.191350  0.328248  0.284350  0.534824  0.310285  0.259959  0.294122  0.458416  0.385965  0.293414  0.692726  0.498648  0.439198  0.594715  0.488488  0.493101  0.289760  0.407569  0.117656  0.476330 
14  0.186011  0.346231  0.450425  0.244393  0.259269  0.195715  0.210744  0.340650  0.371827  0.421818  0.170153  0.391877  0.472494  0.642412 0.0  0.602977  0.393503  0.392818  0.191705  0.104530  0.257303  0.333093  0.417766  0.448300  0.337947  0.565768  0.501720  0.410227  0.301855  0.248484  0.827606  0.668171  0.173598  0.527692  0.217376  0.350908  0.206572  0.265276  0.123096  0.506917  0.558173  0.416234  0.365243  0.342554  0.387732  0.212678  0.349192  0.822309  0.228648  0.411132  0.403318  0.288257  0.393288  0.341662  0.253029  0.440968  0.431158  0.345428  0.172502  0.272658  0.294077  0.735048  0.574908  0.523017  0.630956  0.757668  0.505065  0.335304  0.363182  0.325644  0.508207  0.415127  0.231917  0.386751  0.335217  0.712264  0.288847  0.240031  0.690600  0.722112  0.606020  0.779235  0.205753  0.180643  0.259615  0.446289  0.570326  0.627834  0.634576  0.479757  0.528708  0.370850  0.575733  0.511863  0.782704  0.539656  0.276336  0.468356  0.586165  0.495920  0.572182  0.153636  0.127351  0.588451  0.467553  0.417471  0.388018  0.121718  0.443994  0.451481  0.423548  0.554428  0.364066  0.477614  0.524587  0.168422  0.809613  0.124580  0.371957  0.431358  0.417711  0.234106  0.606000  0.889292  0.874210  0.454006  0.802418  0.574922  0.552400  0.271910  0.725602  0.490519  0.701316  0.141265  0.420079  0.506680  0.842192  0.402859  0.266330  0.639222  0.354573  0.138972  0.722436  0.528949  0.360207  0.488243  0.368476  0.368346  0.345707  0.590076  0.589545  0.779179  0.784580  0.672865  0.720071  0.754344  0.622629  0.599073  0.638963  0.691526  0.500456  0.356385  0.739294  0.747808  0.621013  0.540202  0.401797  0.204841  0.163757  0.225513  0.748791  0.197178  0.104502  0.755366  0.639586  0.607089  0.527356  0.586708  0.416650  0.407239  0.111681  0.378198  0.667144  0.475374  0.142357  0.698038  0.421731  0.142237  0.183853  0.312345  0.147180  0.928956  0.231005  0.806328  0.273588  0.580176  0.793076 
15  0.494763  0.339372  0.295923  0.416623  0.452148  0.512207  0.470338  0.264885  0.378793  0.288534  0.564993  0.295172  0.239870  0.098303  0.602977 0.0  0.359396  0.362357  0.499478  0.729491  0.495283  0.425336  0.333467  0.237441  0.374014  0.212365  0.188654  0.335130  0.356332  0.462890  0.222219  0.296232  0.527160  0.215953  0.488378  0.394937  0.475077  0.396735  0.657325  0.272564  0.159347  0.318187  0.345796  0.380100  0.351612  0.471289  0.369127  0.350912  0.365960  0.289573  0.330423  0.436461  0.323008  0.331586  0.433759  0.241360  0.306059  0.312101  0.449758  0.393210  0.331650  0.212916  0.188997  0.112632  0.149983  0.132995  0.269891  0.300074  0.334618  0.322813  0.278039  0.376948  0.463215  0.339065  0.318972  0.184831  0.392135  0.421726  0.219208  0.188709  0.197449  0.127942  0.583346  0.588894  0.449484  0.268753  0.204468  0.196130  0.340866  0.293704  0.251307  0.362610  0.129879  0.123657  0.199876  0.204833  0.422113  0.199574  0.255995  0.231493  0.112583  0.556525  0.534743  0.126337  0.277150  0.328586  0.316410  0.575736  0.294766  0.243833  0.231851  0.173292  0.321746  0.194742  0.391722  0.468830  0.276539  0.683471  0.309645  0.298044  0.293574  0.517488  0.205374  0.243961  0.276616  0.280642  0.233559  0.108111  0.156915  0.458565  0.397280  0.179220  0.335568  0.680470  0.259255  0.213808  0.270991  0.366201  0.494210  0.103898  0.368653  0.695600  0.300715  0.202014  0.359263  0.155824  0.338340  0.365328  0.386165  0.192131  0.199229  0.216520  0.240897  0.212494  0.223930  0.402382  0.198061  0.107908  0.117232  0.436582  0.220721  0.280280  0.214709  0.302370  0.153697  0.249237  0.301148  0.509838  0.630841  0.501851  0.390845  0.396347  0.645138  0.231407  0.096534  0.210310  0.158675  0.211548  0.318468  0.284866  0.647902  0.330420  0.295449  0.259370  0.588419  0.397940  0.268762  0.643415  0.543031  0.399866  0.599986  0.534224  0.434310  0.302290  0.385084  0.132487  0.519151 
16  0.254885  0.128041  0.126696  0.222452  0.186980  0.227054  0.234628  0.131349  0.129532  0.190200  0.267297  0.159362  0.235568  0.342661  0.393503  0.359396 0.0  0.150244  0.251498  0.360779  0.174851  0.139971  0.140806  0.240673  0.153907  0.265819  0.293340  0.143117  0.138293  0.184084  0.455571  0.561247  0.271561  0.210681  0.235037  0.139820  0.231214  0.181979  0.379543  0.239218  0.276790  0.133741  0.152610  0.139236  0.108394  0.241050  0.146179  0.668538  0.187930  0.170903  0.112870  0.172096  0.145680  0.090259  0.201367  0.185065  0.159009  0.161078  0.297681  0.157623  0.092391  0.452808  0.400862  0.333704  0.406960  0.406121  0.266378  0.136255  0.118413  0.142851  0.418814  0.127417  0.197532  0.126468  0.153686  0.520761  0.181493  0.231927  0.463660  0.486351  0.384998  0.395954  0.233110  0.293941  0.178868  0.288447  0.302789  0.344993  0.427833  0.278155  0.419636  0.143981  0.313000  0.325871  0.412900  0.216563  0.185639  0.264805  0.400231  0.387634  0.352099  0.291778  0.325739  0.309289  0.224787  0.128554  0.134158  0.333840  0.145501  0.199504  0.230014  0.264685  0.137765  0.290436  0.392812  0.293120  0.537924  0.380322  0.127735  0.165503  0.131463  0.218195  0.344943  0.501465  0.528553  0.119520  0.579048  0.325441  0.262199  0.174677  0.594995  0.267367  0.453307  0.392547  0.243197  0.206017  0.406243  0.125537  0.195948  0.382055  0.139439  0.390521  0.465299  0.267014  0.127436  0.254097  0.138309  0.145956  0.124209  0.351278  0.280405  0.416995  0.444535  0.506861  0.326108  0.571507  0.459231  0.381577  0.372896  0.532320  0.293535  0.223888  0.424262  0.535147  0.387256  0.275987  0.131396  0.245215  0.317693  0.211978  0.494557  0.235082  0.356446  0.600243  0.391890  0.434984  0.337112  0.289613  0.104597  0.157538  0.350100  0.156014  0.460817  0.152507  0.365648  0.612177  0.237323  0.396165  0.302031  0.176217  0.353516  0.725484  0.199917  0.481233  0.142423  0.289941  0.586781 
17  0.273593  0.106005  0.113190  0.226474  0.208820  0.247114  0.236405  0.110721  0.111022  0.141556  0.326151  0.098993  0.183034  0.305615  0.392818  0.362357  0.150244 0.0  0.248895  0.398690  0.194018  0.126399  0.087432  0.181599  0.188086  0.221595  0.276201  0.093558  0.183547  0.250678  0.402879  0.448613  0.333024  0.190673  0.296385  0.114995  0.241169  0.208953  0.402402  0.161084  0.256767  0.148996  0.087615  0.177189  0.140576  0.265153  0.129769  0.526130  0.204121  0.120808  0.119517  0.175406  0.167312  0.155281  0.171912  0.182280  0.154893  0.109191  0.246492  0.192448  0.156596  0.347297  0.325087  0.335979  0.356077  0.371142  0.202674  0.111774  0.121255  0.126302  0.411523  0.118988  0.263451  0.116607  0.104038  0.408328  0.190771  0.282412  0.387479  0.446275  0.366241  0.339545  0.219282  0.294385  0.219668  0.237174  0.292111  0.343664  0.359877  0.215443  0.304837  0.091687  0.286188  0.346867  0.430085  0.198022  0.201324  0.219967  0.304232  0.327552  0.271643  0.307070  0.342183  0.234081  0.165863  0.110630  0.155318  0.329793  0.161413  0.167301  0.170442  0.225274  0.108020  0.234129  0.369530  0.301734  0.465991  0.373763  0.109018  0.114652  0.121851  0.262672  0.308018  0.482403  0.546800  0.155300  0.484526  0.316682  0.246405  0.221150  0.510927  0.241300  0.312640  0.419546  0.190557  0.213255  0.493297  0.110541  0.188864  0.347722  0.115293  0.436518  0.470778  0.211300  0.161451  0.269919  0.118645  0.098192  0.144298  0.355538  0.365089  0.380957  0.431022  0.496486  0.359208  0.523730  0.438229  0.337175  0.366300  0.461950  0.202074  0.154472  0.461461  0.496265  0.382150  0.242488  0.144045  0.296646  0.343779  0.260743  0.503886  0.273396  0.359406  0.499745  0.306343  0.375508  0.321437  0.307758  0.122139  0.113129  0.387782  0.102297  0.395206  0.182674  0.309616  0.530968  0.231049  0.480115  0.268131  0.189633  0.307109  0.568243  0.232943  0.507092  0.156816  0.254900  0.548564 
18  0.106776  0.250976  0.257557  0.124711  0.162521  0.107409  0.102197  0.243327  0.256386  0.307381  0.147938  0.274832  0.373317  0.423200  0.191705  0.499478  0.251498  0.248895 0.0  0.230346  0.159698  0.209593  0.262614  0.403425  0.210754  0.374388  0.450272  0.263551  0.225611  0.156628  0.622171  0.619376  0.115558  0.358403  0.177853  0.236053  0.133582  0.153822  0.222898  0.326595  0.427580  0.296058  0.230730  0.216988  0.276386  0.100264  0.174496  0.744474  0.144822  0.267900  0.283268  0.167005  0.265070  0.230816  0.150932  0.333931  0.302607  0.213176  0.118084  0.193652  0.247578  0.587003  0.530197  0.471041  0.519466  0.648578  0.316437  0.241185  0.254054  0.185114  0.569686  0.252192  0.165520  0.298006  0.229181  0.639150  0.181774  0.182826  0.526965  0.669096  0.508421  0.552240  0.129646  0.140991  0.145155  0.366008  0.522259  0.503353  0.469547  0.341425  0.461064  0.259457  0.391917  0.467666  0.576012  0.340150  0.148021  0.338799  0.497407  0.444618  0.512430  0.129815  0.173686  0.490449  0.325529  0.245746  0.324443  0.166753  0.307430  0.352568  0.385128  0.452801  0.275166  0.459598  0.408558  0.114583  0.596271  0.229444  0.264685  0.271816  0.314617  0.166659  0.514924  0.719735  0.689831  0.272403  0.613904  0.460911  0.406997  0.163815  0.619841  0.362751  0.567307  0.250939  0.325316  0.434493  0.581862  0.245871  0.147788  0.515227  0.285439  0.246918  0.529172  0.364896  0.217346  0.435747  0.262788  0.250859  0.226876  0.494260  0.511127  0.574568  0.645932  0.537711  0.567455  0.722272  0.595627  0.489895  0.555100  0.807533  0.432178  0.305294  0.568526  0.685154  0.592222  0.392283  0.302174  0.140435  0.185838  0.143709  0.575183  0.132626  0.186929  0.672943  0.478297  0.487276  0.447920  0.451394  0.243504  0.276987  0.180043  0.289143  0.580251  0.333857  0.164049  0.645790  0.355296  0.267273  0.098564  0.164664  0.181791  0.722594  0.154704  0.694323  0.198986  0.431986  0.704065 
19  0.244383  0.374732  0.382922  0.303239  0.269997  0.210136  0.220411  0.364263  0.430470  0.445758  0.175563  0.401266  0.451102  0.556556  0.104530  0.729491  0.360779  0.398690  0.230346 0.0  0.240066  0.344299  0.388243  0.484441  0.296801  0.510420  0.574801  0.390403  0.302211  0.254200  0.610412  0.749499  0.181129  0.452130  0.226092  0.365704  0.229405  0.286946  0.096046  0.488162  0.545601  0.407257  0.394166  0.294236  0.357960  0.224217  0.347528  0.882712  0.282312  0.429417  0.377023  0.323939  0.442067  0.392129  0.296051  0.450229  0.447213  0.378135  0.219731  0.304905  0.338292  0.799178  0.624262  0.589380  0.621843  0.687148  0.513208  0.397361  0.423566  0.324774  0.638555  0.332347  0.243247  0.456687  0.325433  0.765703  0.287957  0.256473  0.773199  0.815083  0.592280  0.736377  0.198754  0.194128  0.242905  0.512329  0.624800  0.621925  0.588854  0.526296  0.673533  0.350642  0.510005  0.666829  0.678356  0.491427  0.306584  0.511057  0.469637  0.640200  0.709952  0.193837  0.137043  0.576500  0.483478  0.425002  0.437025  0.160522  0.401625  0.402698  0.492420  0.524489  0.369683  0.593289  0.644654  0.198960  0.916180  0.101810  0.422023  0.421725  0.367888  0.261408  0.628645  0.770102  0.791389  0.460678  0.799800  0.606856  0.620279  0.238020  0.780785  0.585521  0.605145  0.121573  0.450006  0.477240  0.796642  0.428203  0.294250  0.649034  0.436132  0.119356  0.719750  0.583201  0.353713  0.539486  0.388850  0.388304  0.362759  0.635409  0.631328  0.733997  0.723801  0.785006  0.681270  0.778467  0.723967  0.666183  0.777469  0.786155  0.464368  0.493053  0.836023  0.749587  0.750275  0.455645  0.428779  0.201752  0.156791  0.235700  0.746725  0.200121  0.119103  0.738379  0.654398  0.756011  0.569596  0.527413  0.373337  0.367773  0.139527  0.420248  0.704992  0.430129  0.168721  0.743006  0.483468  0.118530  0.208033  0.289388  0.141528  0.839862  0.259975  0.777494  0.327595  0.574469  0.902901 
