197
0 0.0  0.225902  0.272864  0.219927  0.146529  0.145293  0.073649  0.271456  0.191601  0.255767  0.166196  0.337643  0.444279  0.581685  0.328119  0.544275  0.234422  0.224354  0.125066  0.261631  0.205544  0.154828  0.280917  0.279710  0.233058  0.444476  0.420024  0.137683  0.242516  0.145031  0.632027  0.693824  0.205374  0.446290  0.235963  0.185720  0.250328  0.169464  0.180651  0.402733  0.366479  0.362493  0.273908  0.238984  0.241611  0.139000  0.215860  0.797076  0.197703  0.258118  0.287432  0.165370  0.381242  0.308896  0.101996  0.340903  0.319182  0.173960  0.164029  0.218906  0.353955  0.613634  0.463558  0.530264  0.495768  0.548929  0.341297  0.190121  0.294177  0.200583  0.523615  0.187894  0.216192  0.314285  0.196278  0.625664  0.120133  0.214988  0.636979  0.510044  0.511718  0.576083  0.076941  0.183057  0.172154  0.382313  0.362806  0.428742  0.558563  0.499011  0.516782  0.288440  0.485730  0.468430  0.577794  0.484637  0.138391  0.365082  0.521487  0.431236  0.460691  0.119890  0.263731  0.444567  0.388837  0.322746  0.292323  0.196189  0.245505  0.350683  0.321388  0.487474  0.210618  0.444380  0.477961  0.073649  0.593253  0.269395  0.202291  0.301093  0.312608  0.221630  0.622664  0.638099  0.653399  0.194921  0.749098  0.581379  0.442926  0.229729  0.652051  0.473369  0.498609  0.385041  0.294357  0.466888  0.638873  0.211019  0.195310  0.593263  0.242138  0.216087  0.622604  0.367277  0.194109  0.338014  0.268651  0.198580  0.108772  0.406288  0.633549  0.613817  0.582966  0.674307  0.561906  0.689141  0.619743  0.358979  0.525787  0.650549  0.406103  0.278579  0.709251  0.654146  0.495169  0.418958  0.371288  0.137060  0.165293  0.168491  0.633904  0.092261  0.267669  0.718797  0.465580  0.508253  0.545778  0.534785  0.281386  0.384101  0.156225  0.346840  0.641891  0.404892  0.107525  0.659118  0.413731  0.353795  0.153364  0.250585  0.247204  0.659987  0.164635  0.678168  0.183382  0.514004  0.639473 
1  0.225902 0.0  0.245822  0.187886  0.176988  0.271603  0.278751  0.118170  0.088950  0.090245  0.350967  0.126779  0.279140  0.313781  0.399448  0.276680  0.131180  0.156850  0.257294  0.399465  0.230942  0.175859  0.073649  0.224046  0.160462  0.222413  0.320793  0.073649  0.155269  0.230495  0.538176  0.524723  0.318068  0.204731  0.373667  0.113298  0.279293  0.145564  0.528995  0.161013  0.252378  0.162793  0.115769  0.122460  0.087154  0.252295  0.156858  0.655920  0.125862  0.073762  0.115649  0.089236  0.205925  0.119616  0.212724  0.164889  0.177599  0.073649  0.210326  0.195601  0.140017  0.491109  0.424955  0.418877  0.377315  0.344421  0.238124  0.073649  0.114087  0.110233  0.422596  0.073649  0.272413  0.073649  0.199645  0.459008  0.161127  0.236982  0.467479  0.496461  0.360218  0.405370  0.258227  0.323620  0.251381  0.208604  0.298600  0.352986  0.436550  0.198531  0.484737  0.073649  0.280334  0.401474  0.577613  0.127128  0.271331  0.270925  0.411287  0.372000  0.306712  0.414654  0.385318  0.428092  0.188540  0.169720  0.144288  0.283936  0.247581  0.113755  0.253643  0.214483  0.073649  0.227148  0.347568  0.194117  0.512352  0.498456  0.089724  0.212350  0.109948  0.212307  0.405070  0.589807  0.485418  0.153149  0.541746  0.372859  0.291030  0.165812  0.542877  0.174093  0.386020  0.382775  0.193418  0.304042  0.508635  0.073649  0.182293  0.442768  0.129321  0.446846  0.452807  0.290125  0.143868  0.303076  0.086451  0.076223  0.099196  0.406431  0.338094  0.446687  0.567738  0.382392  0.422928  0.504816  0.421584  0.255027  0.291095  0.544479  0.227158  0.173804  0.424058  0.638172  0.430052  0.161869  0.182071  0.279903  0.295973  0.225632  0.600876  0.309541  0.337102  0.617740  0.286242  0.517065  0.345914  0.356336  0.073649  0.144715  0.323920  0.163369  0.514741  0.192519  0.217509  0.537911  0.330275  0.374999  0.242729  0.228327  0.322212  0.639932  0.315805  0.502653  0.130512  0.276261  0.522436 
2  0.272864  0.245822 0.0  0.286019  0.309282  0.285850  0.322365  0.073649  0.085061  0.165523  0.292030  0.073649  0.270022  0.389049  0.401768  0.345818  0.171404  0.073649  0.318698  0.360012  0.152933  0.073649  0.256378  0.249408  0.143420  0.233364  0.284200  0.159874  0.219238  0.227188  0.508496  0.410699  0.279615  0.138939  0.305207  0.073649  0.353486  0.209238  0.518499  0.209108  0.249440  0.114042  0.095829  0.208785  0.073649  0.291671  0.108865  0.541247  0.268759  0.074014  0.106479  0.073649  0.087261  0.165186  0.189500  0.219490  0.153319  0.090481  0.265267  0.148988  0.144889  0.409942  0.250650  0.267329  0.416917  0.275288  0.270560  0.073649  0.097185  0.073649  0.443159  0.113060  0.323326  0.157679  0.192913  0.436156  0.131236  0.279136  0.424458  0.392551  0.331706  0.369263  0.287645  0.246562  0.281426  0.206993  0.358701  0.299277  0.375152  0.161973  0.245028  0.130939  0.271965  0.378996  0.502425  0.206218  0.242120  0.204009  0.311869  0.444984  0.334097  0.384764  0.353006  0.307648  0.168281  0.128208  0.165723  0.401478  0.184379  0.097505  0.234870  0.210298  0.124110  0.228274  0.370654  0.373951  0.409659  0.493215  0.129515  0.123796  0.113287  0.312774  0.226019  0.440512  0.495668  0.133465  0.554264  0.381844  0.275444  0.213791  0.467276  0.175488  0.433306  0.320258  0.153035  0.262392  0.493120  0.147327  0.094038  0.293579  0.073649  0.428213  0.402132  0.222491  0.073649  0.307491  0.125539  0.129854  0.073649  0.304863  0.407416  0.455721  0.445212  0.387189  0.348022  0.621597  0.432548  0.313712  0.363427  0.495513  0.266338  0.141550  0.372680  0.460966  0.380396  0.240920  0.160838  0.268632  0.344374  0.333252  0.589592  0.296933  0.439515  0.498258  0.290135  0.438460  0.402486  0.281238  0.103359  0.073649  0.305306  0.174276  0.463533  0.108588  0.342725  0.641455  0.268377  0.352427  0.304078  0.171476  0.338356  0.647117  0.214642  0.457609  0.136652  0.307370  0.633074 
3  0.219927  0.187886  0.286019 0.0  0.179608  0.276968  0.106671  0.178367  0.203044  0.253132  0.143563  0.179583  0.240118  0.436651  0.272680  0.522750  0.231868  0.297720  0.203359  0.246259  0.082914  0.124894  0.195656  0.346953  0.132949  0.388084  0.469919  0.137648  0.225966  0.239288  0.641415  0.562206  0.229236  0.331119  0.174425  0.196386  0.089656  0.100594  0.311913  0.251170  0.321902  0.288683  0.122994  0.095155  0.245166  0.248381  0.197611  0.704309  0.073649  0.327572  0.185503  0.150310  0.296305  0.275066  0.073649  0.360030  0.210686  0.181905  0.180436  0.152202  0.137469  0.618935  0.411059  0.441624  0.569243  0.554336  0.349096  0.326642  0.231659  0.187108  0.448735  0.224181  0.303395  0.185189  0.204428  0.704586  0.084900  0.100838  0.490870  0.570120  0.508643  0.470639  0.248721  0.103599  0.129210  0.266003  0.431550  0.399107  0.490518  0.330992  0.588757  0.137654  0.499951  0.465760  0.637270  0.372883  0.097022  0.410784  0.362524  0.518831  0.457409  0.073649  0.235688  0.537076  0.177723  0.259317  0.127596  0.250179  0.255999  0.318109  0.379352  0.299365  0.232073  0.472467  0.499388  0.196593  0.574040  0.345193  0.201587  0.277890  0.208173  0.188348  0.432020  0.697092  0.680273  0.173381  0.714682  0.366655  0.350327  0.103718  0.718778  0.468074  0.425476  0.287570  0.289223  0.300953  0.612054  0.166340  0.073649  0.485160  0.244513  0.404692  0.659224  0.331189  0.203059  0.436722  0.073649  0.191913  0.163142  0.520407  0.450005  0.637256  0.533425  0.576107  0.438844  0.667287  0.519625  0.610822  0.367301  0.632822  0.374450  0.277034  0.593953  0.639181  0.441314  0.314294  0.232959  0.118204  0.259950  0.108984  0.698500  0.180375  0.305336  0.604229  0.505117  0.484974  0.485265  0.399474  0.216877  0.202752  0.234567  0.302322  0.463778  0.279899  0.297371  0.542612  0.378518  0.268104  0.073649  0.105943  0.190264  0.719081  0.174875  0.611242  0.141734  0.567196  0.721771 
4  0.146529  0.176988  0.309282  0.179608 0.0  0.288397  0.136955  0.189090  0.193036  0.243614  0.179252  0.217401  0.329240  0.534349  0.153394  0.419997  0.204143  0.184949  0.156445  0.317065  0.087843  0.183002  0.228229  0.280538  0.213874  0.345482  0.359963  0.220976  0.199206  0.102551  0.650132  0.605424  0.253562  0.228552  0.141191  0.195822  0.088920  0.166339  0.348299  0.378165  0.334479  0.216822  0.169764  0.095529  0.179350  0.214430  0.126062  0.658517  0.164430  0.200381  0.191889  0.122050  0.264552  0.152450  0.140033  0.430483  0.335508  0.277396  0.159825  0.092090  0.208609  0.558748  0.456915  0.513484  0.534565  0.413369  0.304017  0.167926  0.210616  0.073649  0.514193  0.201625  0.152533  0.258013  0.164282  0.512420  0.090140  0.101990  0.543835  0.560529  0.346113  0.404063  0.077498  0.146036  0.111525  0.370312  0.486188  0.492892  0.548098  0.316689  0.429955  0.287596  0.305701  0.549934  0.634077  0.306309  0.203350  0.273252  0.414153  0.330084  0.416300  0.195641  0.271894  0.454840  0.279116  0.266824  0.253906  0.165386  0.234681  0.240075  0.341253  0.428130  0.192022  0.219544  0.524077  0.196647  0.684843  0.273273  0.189347  0.230026  0.133418  0.148997  0.432116  0.653136  0.678677  0.157814  0.553267  0.485443  0.459164  0.073649  0.757873  0.376198  0.483436  0.333466  0.275581  0.399868  0.657112  0.242246  0.149251  0.444284  0.199631  0.349133  0.656850  0.368145  0.188547  0.264907  0.116756  0.178824  0.096083  0.454397  0.362262  0.636924  0.654270  0.572932  0.447260  0.748180  0.561783  0.469125  0.513263  0.644495  0.351194  0.373672  0.605473  0.626430  0.462624  0.325643  0.187990  0.163377  0.161528  0.073649  0.689773  0.184795  0.337744  0.610639  0.395407  0.621260  0.496129  0.525182  0.208529  0.250457  0.156669  0.250370  0.506458  0.152493  0.204656  0.619404  0.302638  0.219020  0.207677  0.136888  0.216420  0.693835  0.073649  0.717270  0.081332  0.476227  0.741836 
5  0.145293  0.271603  0.285850  0.276968  0.288397 0.0  0.166676  0.234328  0.234683  0.307458  0.220523  0.326581  0.453134  0.576346  0.151490  0.490074  0.345828  0.205778  0.089693  0.304462  0.244826  0.142226  0.223900  0.399862  0.153039  0.486119  0.449661  0.181811  0.186853  0.073649  0.635905  0.662410  0.073649  0.355866  0.178800  0.255262  0.156369  0.205148  0.152849  0.386649  0.416745  0.266930  0.188481  0.175920  0.158587  0.195950  0.230132  0.791028  0.228775  0.239861  0.282532  0.109745  0.283008  0.288094  0.184902  0.358649  0.414562  0.320948  0.167358  0.224525  0.245947  0.635366  0.450708  0.436404  0.427019  0.596369  0.401949  0.266447  0.205959  0.278779  0.638510  0.148118  0.153339  0.344931  0.154405  0.690250  0.246171  0.236239  0.578469  0.550548  0.486770  0.532638  0.197392  0.073649  0.135185  0.382261  0.431519  0.539912  0.473511  0.359644  0.445468  0.262429  0.457305  0.499254  0.702584  0.354034  0.132619  0.445620  0.487819  0.459307  0.553715  0.082328  0.183379  0.455224  0.339673  0.386738  0.375306  0.173210  0.342840  0.318614  0.352625  0.475374  0.286771  0.432381  0.402040  0.108202  0.718531  0.157887  0.310044  0.324357  0.263359  0.179972  0.536644  0.587834  0.713843  0.320508  0.725324  0.515405  0.472776  0.169423  0.608980  0.419392  0.636627  0.367492  0.336631  0.452805  0.697797  0.240658  0.096796  0.534953  0.325724  0.276439  0.500429  0.484580  0.204729  0.392294  0.296433  0.252980  0.215399  0.567344  0.597697  0.651166  0.596150  0.636059  0.562929  0.729713  0.655756  0.510413  0.614331  0.742142  0.375808  0.318697  0.623386  0.591696  0.603756  0.374781  0.323808  0.115360  0.271010  0.238835  0.589310  0.135403  0.085589  0.675245  0.544080  0.444945  0.462310  0.545200  0.217350  0.288805  0.215478  0.321943  0.586744  0.371057  0.116151  0.620202  0.307709  0.210216  0.073649  0.164002  0.186998  0.720069  0.166813  0.698442  0.157872  0.478183  0.652770 
6  0.073649  0.278751  0.322365  0.106671  0.136955  0.166676 0.0  0.223984  0.259695  0.343591  0.173413  0.252509  0.376474  0.320771  0.217293  0.518072  0.207418  0.296832  0.132140  0.231551  0.134696  0.205429  0.290340  0.400550  0.234126  0.312035  0.399033  0.202833  0.137874  0.175526  0.633038  0.753540  0.082160  0.455626  0.141650  0.244385  0.161030  0.073649  0.242191  0.345963  0.378957  0.355597  0.285899  0.151016  0.336676  0.073649  0.187581  0.711545  0.219650  0.228132  0.134901  0.129287  0.333039  0.235629  0.157153  0.267870  0.315941  0.091321  0.086587  0.161771  0.211360  0.658718  0.553060  0.517021  0.452358  0.434416  0.391744  0.305646  0.220451  0.192825  0.549238  0.290031  0.082147  0.338375  0.253600  0.581410  0.073649  0.212498  0.674351  0.596763  0.519280  0.567503  0.204512  0.121072  0.073649  0.230248  0.463658  0.552869  0.511673  0.182699  0.441243  0.266894  0.442340  0.497793  0.603517  0.244112  0.197088  0.236061  0.514466  0.560938  0.512569  0.136364  0.166155  0.529356  0.352304  0.294810  0.233204  0.192163  0.442316  0.295857  0.367473  0.362037  0.298786  0.427138  0.450158  0.263152  0.596531  0.172232  0.283388  0.230513  0.217734  0.090909  0.461922  0.630479  0.797301  0.279031  0.771579  0.525895  0.470188  0.201643  0.586406  0.288684  0.489222  0.335679  0.311079  0.425944  0.618525  0.245322  0.073649  0.589090  0.277525  0.312525  0.648596  0.362451  0.157534  0.462022  0.207223  0.351005  0.102399  0.448580  0.549247  0.665275  0.616791  0.565537  0.539232  0.679621  0.583538  0.481088  0.464481  0.669824  0.469838  0.267090  0.680504  0.615859  0.561574  0.441061  0.244544  0.100041  0.246019  0.073649  0.680682  0.073649  0.160637  0.696229  0.397451  0.584783  0.372471  0.423245  0.203608  0.308706  0.135838  0.231237  0.638041  0.370773  0.124874  0.696067  0.375997  0.256148  0.093900  0.073649  0.216079  0.684918  0.095878  0.567053  0.195160  0.440497  0.723403 
7  0.271456  0.118170  0.073649  0.178367  0.189090  0.234328  0.223984 0.0  0.133654  0.109013  0.457788  0.135197  0.197033  0.333762  0.366250  0.235656  0.073649  0.242571  0.225078  0.419407  0.229595  0.231317  0.073649  0.176527  0.234482  0.164275  0.212423  0.073649  0.165467  0.120743  0.353240  0.568329  0.358908  0.179172  0.253313  0.219098  0.326689  0.089174  0.381869  0.090818  0.279587  0.250150  0.134222  0.213758  0.227045  0.312467  0.251472  0.508123  0.198520  0.129565  0.103250  0.169877  0.073649  0.129931  0.310212  0.208199  0.160636  0.083463  0.261675  0.073649  0.149903  0.383243  0.323370  0.318248  0.415536  0.407171  0.232816  0.073649  0.073649  0.073649  0.409176  0.095351  0.220974  0.118983  0.073649  0.435502  0.139984  0.279303  0.395642  0.439256  0.323785  0.435554  0.189674  0.251262  0.240048  0.157747  0.382850  0.341085  0.295490  0.278250  0.383703  0.073649  0.259016  0.332021  0.374411  0.184036  0.177201  0.147395  0.434693  0.314102  0.333624  0.276591  0.403014  0.280900  0.164507  0.198889  0.073649  0.350319  0.166435  0.073649  0.234517  0.214946  0.094029  0.252662  0.366257  0.324641  0.503489  0.436408  0.114542  0.121185  0.078509  0.320756  0.334373  0.482158  0.514821  0.073649  0.517374  0.359101  0.218106  0.262730  0.560970  0.216943  0.418007  0.376210  0.226279  0.196701  0.446309  0.135845  0.215090  0.373118  0.122300  0.411039  0.458392  0.109239  0.134582  0.198466  0.130623  0.073649  0.073649  0.260933  0.418701  0.490275  0.475228  0.468349  0.370030  0.546495  0.416921  0.452263  0.299603  0.572730  0.284011  0.154909  0.501569  0.501396  0.322302  0.222258  0.130200  0.212217  0.417870  0.158439  0.511648  0.190292  0.408648  0.524341  0.356574  0.367336  0.259866  0.282883  0.073649  0.134560  0.318420  0.073649  0.414908  0.123015  0.351796  0.464559  0.327599  0.388133  0.338974  0.214535  0.278941  0.665629  0.100984  0.514568  0.138546  0.279839  0.642248 
8  0.191601  0.088950  0.085061  0.203044  0.193036  0.234683  0.259695  0.133654 0.0  0.127939  0.373456  0.073649  0.260443  0.427615  0.318497  0.378896  0.142059  0.137913  0.227378  0.421709  0.177190  0.106937  0.110451  0.173890  0.077826  0.310597  0.182437  0.081670  0.217724  0.212959  0.486111  0.491186  0.288815  0.184627  0.344012  0.080373  0.193848  0.131896  0.426488  0.108468  0.257882  0.117160  0.111006  0.107393  0.283254  0.332723  0.104119  0.542549  0.306471  0.101921  0.127574  0.246620  0.108527  0.073649  0.225014  0.177224  0.144996  0.115856  0.221168  0.141504  0.120299  0.533416  0.330386  0.387305  0.453366  0.355651  0.180159  0.144477  0.073649  0.073649  0.539007  0.130698  0.278282  0.096467  0.073649  0.433235  0.258398  0.326987  0.457955  0.465404  0.364130  0.400145  0.251428  0.273215  0.252360  0.252969  0.275403  0.327508  0.471035  0.234035  0.316688  0.073649  0.245082  0.313480  0.472016  0.244350  0.259882  0.252725  0.397711  0.344844  0.376497  0.254897  0.422304  0.325804  0.215826  0.138638  0.212547  0.227965  0.141341  0.201105  0.224003  0.211087  0.086083  0.208446  0.357053  0.291944  0.511255  0.376605  0.073649  0.097143  0.080444  0.195822  0.349058  0.494810  0.459694  0.109602  0.570176  0.269608  0.261263  0.161976  0.652431  0.206409  0.295138  0.398643  0.307510  0.158589  0.485911  0.099297  0.282075  0.317181  0.165510  0.395048  0.369718  0.255379  0.212143  0.218624  0.137459  0.153792  0.073649  0.350714  0.304201  0.482348  0.456109  0.494224  0.342388  0.629087  0.377688  0.273329  0.329483  0.486561  0.211880  0.073649  0.477279  0.623248  0.433614  0.281955  0.153037  0.370538  0.375356  0.244499  0.605634  0.241797  0.407175  0.505995  0.315116  0.444599  0.233650  0.255087  0.108987  0.182710  0.426588  0.123238  0.412565  0.117029  0.350081  0.496798  0.257082  0.392792  0.234094  0.151946  0.332631  0.672653  0.208933  0.556089  0.191186  0.214701  0.690334 
9  0.255767  0.090245  0.165523  0.253132  0.243614  0.307458  0.343591  0.109013  0.127939 0.0  0.426647  0.073649  0.158618  0.244241  0.540251  0.254714  0.109206  0.132610  0.315105  0.446763  0.324399  0.155292  0.095454  0.103850  0.190578  0.155438  0.206878  0.073649  0.198523  0.350100  0.391684  0.401773  0.285247  0.268617  0.385801  0.101735  0.231244  0.239909  0.480149  0.118155  0.321761  0.163801  0.176676  0.353087  0.137657  0.332522  0.177379  0.460485  0.279045  0.073649  0.179833  0.265448  0.073649  0.117030  0.121970  0.073649  0.216118  0.075794  0.311219  0.189476  0.196030  0.485284  0.243685  0.242621  0.314591  0.186847  0.073649  0.117270  0.108321  0.130044  0.367085  0.223044  0.407957  0.083307  0.169572  0.424420  0.249037  0.315675  0.374651  0.424417  0.307700  0.308691  0.309124  0.430327  0.340844  0.169088  0.296454  0.354429  0.322199  0.160987  0.347088  0.132954  0.352344  0.368982  0.314273  0.168252  0.191416  0.202256  0.210582  0.290440  0.243485  0.289959  0.451011  0.246551  0.125580  0.073649  0.124715  0.442624  0.245038  0.097629  0.201225  0.206172  0.087989  0.218086  0.272173  0.378943  0.419263  0.533326  0.180787  0.086870  0.140916  0.288309  0.377457  0.341441  0.446431  0.142043  0.425787  0.296167  0.196085  0.302967  0.478088  0.145001  0.299275  0.507744  0.151377  0.216072  0.479201  0.114501  0.213712  0.360211  0.073649  0.439410  0.427834  0.211813  0.177318  0.166276  0.238359  0.168519  0.186421  0.361485  0.289515  0.448484  0.392255  0.381559  0.409608  0.587245  0.389129  0.273469  0.334941  0.481254  0.129974  0.133966  0.341568  0.434494  0.314154  0.153630  0.119399  0.281653  0.500423  0.166888  0.535889  0.279738  0.479384  0.432540  0.218403  0.304674  0.294667  0.313997  0.134760  0.073649  0.438217  0.073649  0.335412  0.160416  0.296761  0.513745  0.194645  0.485274  0.303918  0.249365  0.418279  0.585769  0.332686  0.476692  0.190547  0.233577  0.491706 
10  0.166196  0.350967  0.292030  0.143563  0.179252  0.220523  0.173413  0.457788  0.373456  0.426647 0.0  0.338999  0.463562  0.545643  0.162812  0.604712  0.263419  0.255393  0.073649  0.223353  0.240886  0.300880  0.364702  0.349825  0.157717  0.440166  0.537313  0.319941  0.126274  0.116217  0.678396  0.732052  0.103555  0.405229  0.074796  0.299268  0.089375  0.194002  0.111487  0.328170  0.451255  0.335615  0.275860  0.178404  0.333286  0.116320  0.224885  0.852972  0.218786  0.382429  0.338492  0.191114  0.334030  0.183067  0.184803  0.424779  0.336949  0.275146  0.117915  0.132302  0.336781  0.814404  0.585472  0.537671  0.611970  0.532822  0.407761  0.266408  0.288989  0.300495  0.637247  0.267453  0.183318  0.307945  0.251779  0.753658  0.210370  0.209772  0.666363  0.671983  0.609372  0.629970  0.090741  0.251210  0.212015  0.381944  0.480308  0.528188  0.624648  0.419491  0.678364  0.380292  0.498938  0.607286  0.743248  0.443319  0.105095  0.534549  0.608461  0.620400  0.472537  0.141945  0.073649  0.520979  0.403655  0.270221  0.341882  0.121965  0.400636  0.423625  0.503945  0.399840  0.257454  0.482111  0.562549  0.138010  0.735233  0.199437  0.312395  0.347150  0.319340  0.123741  0.513760  0.771586  0.821275  0.276881  0.688771  0.519775  0.388968  0.110776  0.747708  0.394912  0.613031  0.203257  0.454724  0.443810  0.678084  0.237576  0.252485  0.615542  0.297749  0.172219  0.710662  0.536185  0.227835  0.465357  0.279438  0.285145  0.222048  0.584723  0.521009  0.762185  0.647577  0.641093  0.519197  0.784620  0.653514  0.530686  0.621069  0.708232  0.401974  0.373500  0.723539  0.735766  0.610376  0.517592  0.253672  0.078775  0.127406  0.134537  0.788211  0.073649  0.083131  0.716223  0.541051  0.553914  0.517999  0.543063  0.337853  0.316646  0.143726  0.278779  0.576300  0.440002  0.086466  0.772647  0.665740  0.204605  0.113402  0.272164  0.177536  0.708523  0.132398  0.761247  0.194927  0.485647  0.787210 
11  0.337643  0.126779  0.073649  0.179583  0.217401  0.326581  0.252509  0.135197  0.073649  0.073649  0.338999 0.0  0.216523  0.301951  0.424498  0.357773  0.078685  0.139277  0.291200  0.458550  0.194833  0.195058  0.073649  0.144124  0.221981  0.193885  0.266034  0.157963  0.073649  0.284998  0.437656  0.374702  0.285825  0.205896  0.285951  0.073649  0.224630  0.080607  0.418023  0.100441  0.317814  0.265572  0.073649  0.181499  0.076320  0.302189  0.073649  0.569276  0.191794  0.116369  0.074844  0.073649  0.079140  0.159378  0.246253  0.176786  0.122705  0.149660  0.355424  0.159844  0.182630  0.436305  0.368144  0.326754  0.352941  0.386974  0.217044  0.228674  0.252680  0.110544  0.357843  0.181309  0.279223  0.097409  0.108080  0.561490  0.234513  0.119763  0.508313  0.462517  0.394814  0.326057  0.329132  0.236967  0.238956  0.226619  0.224268  0.316927  0.440299  0.241763  0.364253  0.073649  0.286493  0.238662  0.455730  0.114121  0.154158  0.231311  0.312760  0.355254  0.317598  0.333034  0.350370  0.200498  0.090783  0.073649  0.104251  0.351992  0.076794  0.190828  0.149515  0.217076  0.073649  0.192514  0.334895  0.282197  0.519839  0.481445  0.099934  0.110858  0.073649  0.294152  0.308379  0.482379  0.569944  0.128017  0.557337  0.313650  0.149470  0.269221  0.661549  0.161336  0.444797  0.460938  0.160654  0.256843  0.458385  0.073649  0.289481  0.302953  0.149110  0.400784  0.388150  0.219476  0.198330  0.284593  0.210063  0.123355  0.073649  0.388072  0.286286  0.474446  0.470045  0.462630  0.431364  0.459128  0.377252  0.298227  0.412896  0.468763  0.160207  0.146689  0.470908  0.469076  0.391174  0.220731  0.073649  0.297478  0.413103  0.344003  0.431702  0.287924  0.429473  0.441720  0.395295  0.512510  0.342262  0.383605  0.209045  0.111968  0.444769  0.134414  0.272802  0.212039  0.363621  0.521873  0.169786  0.426601  0.210028  0.163755  0.370955  0.518281  0.263162  0.513311  0.157733  0.395600  0.510230 
12  0.444279  0.279140  0.270022  0.240118  0.329240  0.453134  0.376474  0.197033  0.260443  0.158618  0.463562  0.216523 0.0  0.234296  0.500314  0.255309  0.199879  0.093261  0.320326  0.506059  0.263911  0.191645  0.220008  0.073649  0.298612  0.108685  0.073649  0.172879  0.325058  0.400498  0.282539  0.432085  0.420622  0.233427  0.469349  0.168745  0.401023  0.333156  0.576904  0.102170  0.233127  0.218658  0.164144  0.302840  0.257316  0.367936  0.184535  0.456414  0.313751  0.257913  0.291894  0.365277  0.134192  0.192807  0.313176  0.147635  0.073649  0.224217  0.425459  0.357562  0.224607  0.354019  0.271824  0.190891  0.185146  0.300334  0.112928  0.259425  0.317698  0.282478  0.263213  0.216123  0.431062  0.227202  0.212713  0.387711  0.249636  0.285999  0.422348  0.365405  0.087453  0.178505  0.356318  0.397915  0.355194  0.138907  0.241077  0.289970  0.341352  0.186272  0.311110  0.150974  0.149080  0.203437  0.345753  0.130369  0.305472  0.167394  0.308826  0.263734  0.339829  0.399284  0.435385  0.101819  0.171550  0.153577  0.172529  0.536870  0.288791  0.144535  0.144206  0.197138  0.257728  0.191259  0.373344  0.450681  0.377929  0.622062  0.158591  0.228063  0.221012  0.363452  0.391240  0.419252  0.458754  0.168436  0.432971  0.179316  0.259491  0.385633  0.435171  0.154104  0.322025  0.543261  0.128621  0.195694  0.307316  0.213276  0.314600  0.204405  0.195004  0.509484  0.286270  0.122859  0.222243  0.198261  0.203491  0.195186  0.212900  0.200735  0.400000  0.346061  0.350933  0.308046  0.317261  0.440266  0.370712  0.249885  0.216068  0.515309  0.073649  0.194490  0.413092  0.390568  0.196969  0.154647  0.126812  0.339237  0.555882  0.372853  0.346045  0.392996  0.482389  0.339244  0.203768  0.246102  0.228002  0.329263  0.228923  0.080313  0.405174  0.179436  0.252292  0.204066  0.436724  0.460481  0.169159  0.544414  0.351608  0.345774  0.501916  0.519164  0.321507  0.325835  0.234419  0.115818  0.493876 
13  0.581685  0.313781  0.389049  0.436651  0.534349  0.576346  0.320771  0.333762  0.427615  0.244241  0.545643  0.301951  0.234296 0.0  0.531433  0.073649  0.337687  0.370545  0.397636  0.608545  0.533179  0.271768  0.331665  0.313154  0.423272  0.221770  0.287309  0.247062  0.401762  0.493568  0.105665  0.320033  0.468810  0.239870  0.513830  0.354552  0.401470  0.408110  0.750606  0.256470  0.168815  0.251115  0.224554  0.411007  0.246993  0.519732  0.358617  0.371399  0.378403  0.261361  0.284410  0.356503  0.338259  0.455695  0.453357  0.275248  0.260228  0.372442  0.599397  0.420485  0.354632  0.197783  0.081378  0.076815  0.199962  0.218830  0.272340  0.267737  0.284340  0.419987  0.280502  0.388424  0.445310  0.290957  0.264184  0.177940  0.414533  0.489153  0.170700  0.178896  0.169822  0.141000  0.499566  0.577670  0.468193  0.210550  0.100132  0.244097  0.341275  0.326414  0.318892  0.389291  0.097236  0.149031  0.195436  0.229535  0.338752  0.235642  0.353300  0.241455  0.086195  0.472359  0.550221  0.073649  0.293692  0.321969  0.362347  0.671686  0.301017  0.311389  0.320794  0.078008  0.340999  0.104574  0.432772  0.516285  0.313083  0.708214  0.318568  0.259728  0.313634  0.477165  0.166168  0.266590  0.330421  0.224737  0.211287  0.145127  0.102188  0.498537  0.378953  0.162094  0.344361  0.658920  0.253912  0.201901  0.215798  0.358174  0.527773  0.096912  0.430320  0.701487  0.277808  0.262842  0.376752  0.132825  0.355449  0.269570  0.374124  0.188574  0.234280  0.207325  0.297869  0.285953  0.185516  0.476937  0.211572  0.198224  0.074120  0.524608  0.200656  0.288603  0.330387  0.351091  0.100433  0.230656  0.277721  0.486852  0.679311  0.509189  0.449607  0.521122  0.666644  0.249357  0.073649  0.234342  0.210561  0.087738  0.403260  0.253130  0.583896  0.236598  0.390235  0.243524  0.615439  0.440677  0.268983  0.667533  0.435097  0.551767  0.549319  0.588073  0.483017  0.387181  0.323849  0.078142  0.508380 
14  0.328119  0.399448  0.401768  0.272680  0.153394  0.151490  0.217293  0.366250  0.318497  0.540251  0.162812  0.424498  0.500314  0.531433 0.0  0.700486  0.403978  0.376216  0.179784  0.227203  0.196233  0.343903  0.426667  0.518891  0.327513  0.576421  0.614069  0.369179  0.360218  0.275063  0.809401  0.752498  0.139101  0.478076  0.162393  0.358549  0.073649  0.281528  0.213604  0.473164  0.619683  0.367301  0.501826  0.303454  0.419722  0.271341  0.246891  0.810022  0.327203  0.476240  0.443842  0.273051  0.410708  0.254044  0.111692  0.467542  0.485193  0.333191  0.223723  0.351021  0.393699  0.858527  0.580926  0.621221  0.667459  0.750214  0.468492  0.278616  0.300939  0.381092  0.687558  0.275270  0.181019  0.360978  0.276738  0.863969  0.303679  0.335887  0.820523  0.667075  0.659215  0.737402  0.237884  0.119668  0.286388  0.505042  0.522606  0.640215  0.618515  0.482411  0.656005  0.466633  0.581950  0.649767  0.787307  0.484445  0.288594  0.628689  0.600472  0.636015  0.644407  0.153192  0.208321  0.535551  0.573076  0.339901  0.496205  0.073649  0.623320  0.437646  0.447657  0.528372  0.368149  0.566134  0.649025  0.163460  0.831201  0.084840  0.419510  0.462601  0.403321  0.236350  0.629148  0.786508  0.936755  0.434479  0.696992  0.675746  0.655741  0.270284  0.805831  0.529514  0.660873  0.139169  0.520896  0.632488  0.812883  0.346681  0.193565  0.638520  0.434265  0.121301  0.824718  0.501323  0.389313  0.493689  0.330737  0.348475  0.387470  0.669202  0.697900  0.775177  0.839646  0.699520  0.590820  0.800841  0.812115  0.705078  0.727629  0.712378  0.472163  0.518771  0.808219  0.813973  0.647228  0.521410  0.489378  0.320667  0.165435  0.123374  0.870460  0.073649  0.073649  0.782629  0.570745  0.712120  0.605701  0.517029  0.320794  0.429618  0.073649  0.361549  0.795956  0.438755  0.105969  0.748377  0.476644  0.167774  0.164072  0.246486  0.073649  0.873930  0.232457  0.786928  0.267268  0.657576  0.803745 
15  0.544275  0.276680  0.345818  0.522750  0.419997  0.490074  0.518072  0.235656  0.378896  0.254714  0.604712  0.357773  0.255309  0.073649  0.700486 0.0  0.355631  0.355004  0.557933  0.650667  0.434193  0.460110  0.357419  0.237027  0.420539  0.223589  0.160755  0.387499  0.471049  0.499944  0.324654  0.231817  0.531239  0.190871  0.546516  0.343734  0.479405  0.440866  0.802547  0.287809  0.127690  0.323455  0.264662  0.332048  0.280772  0.486771  0.375574  0.275505  0.481052  0.269585  0.203212  0.290177  0.358017  0.362325  0.473303  0.270960  0.346435  0.252461  0.495920  0.518246  0.391453  0.198238  0.246030  0.073649  0.264092  0.202081  0.201590  0.411598  0.334694  0.408601  0.319415  0.325801  0.444225  0.336869  0.370727  0.209021  0.387018  0.449083  0.286728  0.214718  0.173792  0.113252  0.466911  0.647050  0.490794  0.237120  0.142090  0.251884  0.326859  0.288995  0.249023  0.260622  0.141412  0.137905  0.139277  0.211803  0.343265  0.193835  0.274112  0.200884  0.083685  0.638864  0.673400  0.180954  0.347249  0.292498  0.208061  0.605160  0.276302  0.349836  0.272752  0.153973  0.298028  0.192751  0.330342  0.676547  0.310731  0.607191  0.177396  0.250734  0.330421  0.519016  0.179090  0.294779  0.238307  0.253470  0.238507  0.073649  0.178840  0.425652  0.454145  0.200226  0.396270  0.807121  0.237007  0.252108  0.225710  0.282439  0.377656  0.173695  0.307669  0.653869  0.267334  0.182346  0.399320  0.153405  0.317576  0.343030  0.427919  0.180704  0.105320  0.244756  0.239551  0.246123  0.146163  0.440586  0.160300  0.116299  0.140946  0.382968  0.269316  0.361677  0.240810  0.319326  0.218197  0.265424  0.312190  0.485837  0.577620  0.435898  0.417330  0.560527  0.592020  0.304305  0.073649  0.220664  0.222697  0.293723  0.346551  0.279505  0.592911  0.313168  0.343936  0.283289  0.635459  0.371035  0.227786  0.738253  0.584776  0.529187  0.685928  0.452150  0.465350  0.326044  0.431724  0.237080  0.367932 
16  0.234422  0.131180  0.171404  0.231868  0.204143  0.345828  0.207418  0.073649  0.142059  0.109206  0.263419  0.078685  0.199879  0.337687  0.403978  0.355631 0.0  0.099908  0.238627  0.385948  0.145545  0.113490  0.180693  0.278771  0.129137  0.328593  0.315513  0.108927  0.073649  0.212736  0.450737  0.501853  0.258599  0.090432  0.266672  0.134966  0.244653  0.169231  0.263083  0.275424  0.258840  0.124332  0.166541  0.162628  0.186371  0.236848  0.166788  0.515214  0.162652  0.192527  0.169072  0.198561  0.130167  0.073649  0.229095  0.160074  0.095751  0.089994  0.297204  0.199361  0.073649  0.516055  0.397522  0.368651  0.381553  0.349441  0.263546  0.124731  0.127479  0.217655  0.508363  0.073649  0.214420  0.073649  0.188282  0.518151  0.208718  0.189093  0.565007  0.486065  0.310232  0.373780  0.210650  0.231782  0.269619  0.381221  0.311552  0.315107  0.420330  0.241403  0.350018  0.120104  0.275323  0.339737  0.360183  0.205686  0.260482  0.323435  0.418277  0.389307  0.404058  0.349686  0.318646  0.219781  0.200030  0.203182  0.156914  0.261009  0.181456  0.179653  0.237479  0.340075  0.138218  0.271820  0.508282  0.287728  0.559612  0.419462  0.073649  0.160126  0.077570  0.153559  0.331294  0.526672  0.582488  0.149387  0.481259  0.330334  0.259427  0.213559  0.698871  0.192169  0.454681  0.360284  0.282789  0.216698  0.391421  0.200025  0.191420  0.384080  0.088867  0.382245  0.512901  0.187111  0.163441  0.358346  0.223847  0.196139  0.132742  0.386860  0.341588  0.460577  0.500178  0.537579  0.273033  0.527215  0.436001  0.462522  0.375254  0.617489  0.265696  0.335576  0.598942  0.460489  0.295765  0.224318  0.113540  0.310480  0.302401  0.262974  0.562012  0.228119  0.287097  0.388161  0.339354  0.523485  0.333151  0.351641  0.141441  0.132786  0.361395  0.129420  0.510149  0.088557  0.267853  0.579229  0.286906  0.406147  0.242963  0.244810  0.298398  0.614531  0.265457  0.478209  0.099902  0.239519  0.567795 
17  0.224354  0.156850  0.073649  0.297720  0.184949  0.205778  0.296832  0.242571  0.137913  0.132610  0.255393  0.139277  0.093261  0.370545  0.376216  0.355004  0.099908 0.0  0.326339  0.326921  0.170203  0.115914  0.073649  0.196030  0.129660  0.234720  0.235440  0.104904  0.092524  0.228200  0.401625  0.503533  0.396175  0.249005  0.190722  0.129050  0.186849  0.096303  0.472045  0.136293  0.148880  0.187074  0.167665  0.227663  0.112020  0.283051  0.085610  0.580046  0.248627  0.135461  0.073649  0.114713  0.085499  0.235374  0.244473  0.269091  0.119444  0.073649  0.386355  0.163857  0.275951  0.486627  0.349920  0.383807  0.357755  0.376579  0.222928  0.073649  0.157586  0.137135  0.433755  0.174544  0.214025  0.073649  0.109779  0.495506  0.253251  0.209352  0.396993  0.440311  0.400959  0.306607  0.286772  0.207078  0.158395  0.251746  0.271398  0.324618  0.318756  0.171329  0.346323  0.084362  0.235757  0.321822  0.473223  0.280659  0.113665  0.304252  0.391975  0.297731  0.217425  0.250240  0.419428  0.248243  0.132069  0.109845  0.073649  0.387086  0.250538  0.098638  0.311290  0.223260  0.099476  0.206459  0.261239  0.322500  0.469285  0.382996  0.090605  0.155423  0.126708  0.300242  0.342161  0.482867  0.499656  0.073649  0.461080  0.362110  0.297435  0.145262  0.433220  0.255524  0.438403  0.462251  0.154343  0.299921  0.461925  0.080291  0.213162  0.345467  0.082698  0.394677  0.371067  0.095432  0.073649  0.319117  0.073649  0.183493  0.076736  0.416243  0.428016  0.412200  0.432042  0.485912  0.362257  0.554632  0.465377  0.381659  0.372979  0.587198  0.146471  0.118928  0.532254  0.471823  0.442666  0.170276  0.136453  0.308937  0.321936  0.277796  0.522607  0.299152  0.345335  0.345825  0.410476  0.383116  0.230341  0.399931  0.181665  0.149976  0.486751  0.207718  0.465088  0.139911  0.467465  0.406305  0.154779  0.400660  0.298250  0.224016  0.282057  0.667795  0.239584  0.388379  0.228099  0.256632  0.669388 
18  0.125066  0.257294  0.318698  0.203359  0.156445  0.089693  0.132140  0.225078  0.227378  0.315105  0.073649  0.291200  0.320326  0.397636  0.179784  0.557933  0.238627  0.326339 0.0  0.130859  0.289177  0.256419  0.287617  0.299085  0.198671  0.419300  0.515595  0.152116  0.136250  0.138774  0.579148  0.632654  0.118720  0.319015  0.202606  0.092377  0.073649  0.184740  0.256337  0.370776  0.429717  0.301022  0.311681  0.300987  0.320652  0.098511  0.259041  0.774894  0.203253  0.282691  0.187639  0.213424  0.415698  0.224156  0.217766  0.425559  0.283219  0.235908  0.182015  0.158553  0.293349  0.647670  0.653279  0.533922  0.499143  0.560026  0.412028  0.217373  0.280184  0.173259  0.628089  0.230423  0.207919  0.313382  0.157766  0.600835  0.076203  0.143728  0.665421  0.626023  0.451973  0.493054  0.192421  0.073649  0.114419  0.504343  0.428089  0.437510  0.597191  0.340451  0.479787  0.160026  0.443984  0.526635  0.623867  0.432426  0.271539  0.389324  0.485361  0.549040  0.496295  0.087249  0.088765  0.493911  0.333241  0.293527  0.228023  0.163127  0.463050  0.305729  0.184253  0.452139  0.172929  0.477594  0.447718  0.073649  0.616487  0.188638  0.298274  0.263771  0.285537  0.213383  0.590812  0.685145  0.704492  0.275179  0.612641  0.537476  0.413677  0.113913  0.704503  0.404391  0.490805  0.234621  0.227811  0.368682  0.768745  0.301262  0.126256  0.486435  0.278281  0.208394  0.651796  0.381327  0.212566  0.451180  0.235342  0.182765  0.156870  0.561020  0.552103  0.609490  0.626349  0.591593  0.563631  0.646991  0.582809  0.522350  0.652849  0.619853  0.451886  0.276987  0.687595  0.685478  0.560099  0.450536  0.290314  0.165926  0.211411  0.155133  0.646899  0.114644  0.166242  0.748661  0.575137  0.543974  0.500840  0.582330  0.297318  0.333432  0.207954  0.308798  0.666001  0.289901  0.119384  0.638197  0.399899  0.298536  0.100710  0.158864  0.073649  0.703508  0.148199  0.649961  0.275285  0.491984  0.684114 
19  0.261631  0.399465  0.360012  0.246259  0.317065  0.304462  0.231551  0.419407  0.421709  0.446763  0.223353  0.458550  0.506059  0.608545  0.227203  0.650667  0.385948  0.326921  0.130859 0.0  0.361913  0.334919  0.429582  0.528092  0.354722  0.473300  0.545724  0.400752  0.388692  0.249886  0.769897  0.886250  0.192077  0.510513  0.178938  0.300966  0.270703  0.319017  0.102467  0.395041  0.636712  0.530703  0.300903  0.377452  0.254198  0.298097  0.390982  0.927223  0.269467  0.394997  0.416274  0.410671  0.402787  0.454132  0.254399  0.580239  0.561384  0.449513  0.271645  0.229857  0.384128  0.762463  0.678230  0.710957  0.717701  0.645183  0.399303  0.363273  0.395457  0.347774  0.732148  0.297227  0.263565  0.329777  0.368190  0.763827  0.301546  0.208711  0.692694  0.884707  0.635012  0.689554  0.189038  0.170160  0.210741  0.496576  0.607902  0.657136  0.804263  0.517125  0.789694  0.347004  0.599589  0.658688  0.690656  0.591786  0.218866  0.548246  0.608599  0.528608  0.602658  0.193160  0.204508  0.688404  0.435162  0.495197  0.464841  0.148169  0.586096  0.441050  0.558217  0.582744  0.424774  0.530490  0.567339  0.153718  0.728309  0.112279  0.357112  0.403996  0.526815  0.205952  0.651716  0.821978  0.855236  0.370695  0.793937  0.523585  0.530570  0.343546  0.870324  0.497445  0.658812  0.134639  0.418104  0.459227  0.741681  0.377455  0.351730  0.643065  0.380053  0.095808  0.765149  0.580570  0.268669  0.511576  0.401844  0.461363  0.479101  0.658533  0.751374  0.744191  0.805833  0.746075  0.630420  0.909666  0.805211  0.852238  0.707142  0.825260  0.488783  0.560567  0.808021  0.811219  0.641432  0.538676  0.463942  0.211042  0.164255  0.233722  0.755524  0.128827  0.123339  0.854297  0.650680  0.732322  0.678427  0.666391  0.395582  0.295827  0.085760  0.415989  0.787463  0.565103  0.200913  0.839506  0.534913  0.094151  0.205298  0.276658  0.117763  0.946353  0.250181  0.895899  0.419014  0.654185  0.915130 
