197
0 0.0  0.250008  0.225812  0.125997  0.152286  0.092457  0.107684  0.244610  0.245016  0.273661  0.179890  0.277900  0.381416  0.519469  0.229539  0.578195  0.267327  0.265074  0.102465  0.245664  0.155137  0.210277  0.257835  0.355367  0.218641  0.386193  0.463409  0.269070  0.205210  0.166227  0.669443  0.585618  0.133635  0.384998  0.198532  0.236817  0.144534  0.148165  0.279229  0.281805  0.459501  0.339236  0.258852  0.225997  0.251870  0.092854  0.243505  0.696635  0.144764  0.258168  0.287853  0.162098  0.299107  0.278432  0.129554  0.365454  0.364333  0.262088  0.117792  0.174837  0.255325  0.592148  0.508453  0.488071  0.547707  0.581892  0.382932  0.234260  0.257730  0.224499  0.533841  0.243589  0.209268  0.249461  0.265961  0.682614  0.170710  0.192539  0.550313  0.652455  0.517479  0.572947  0.144318  0.135355  0.152636  0.354229  0.439430  0.448881  0.558850  0.361577  0.469282  0.247868  0.486606  0.411498  0.715809  0.380715  0.142661  0.445505  0.505194  0.491473  0.583494  0.139745  0.204859  0.440240  0.367644  0.249051  0.327495  0.180523  0.308015  0.388561  0.365117  0.488902  0.252068  0.435069  0.517540  0.140827  0.644592  0.277323  0.258819  0.264639  0.286578  0.195190  0.541506  0.673634  0.584686  0.289812  0.702707  0.497549  0.500212  0.166788  0.636778  0.409416  0.551616  0.298082  0.341351  0.408716  0.728263  0.273498  0.148206  0.507375  0.313194  0.291868  0.481604  0.398394  0.234658  0.512620  0.235015  0.216628  0.202293  0.456763  0.507533  0.639065  0.647646  0.599337  0.526869  0.667888  0.529383  0.544918  0.684562  0.606075  0.316854  0.360851  0.714159  0.600086  0.569889  0.398949  0.296007  0.156485  0.239409  0.162608  0.681030  0.167938  0.228196  0.770967  0.570251  0.492420  0.467494  0.578709  0.251067  0.283305  0.201003  0.325860  0.560318  0.370494  0.180622  0.603622  0.356482  0.257502  0.117258  0.175245  0.198502  0.768430  0.162794  0.609681  0.186063  0.454920  0.713116 
1  0.250008 0.0  0.105425  0.188814  0.190417  0.281509  0.215788  0.116196  0.111109  0.168160  0.275995  0.120744  0.198493  0.351908  0.407857  0.365068  0.132130  0.115376  0.263689  0.383778  0.224943  0.113191  0.113665  0.244083  0.166178  0.227517  0.309125  0.111530  0.155171  0.203492  0.466411  0.538847  0.281375  0.195813  0.253755  0.104124  0.232499  0.201836  0.437060  0.195244  0.279942  0.147402  0.114520  0.158582  0.107352  0.269298  0.109779  0.660749  0.158720  0.145306  0.118946  0.166479  0.158198  0.127644  0.197812  0.222425  0.169608  0.101700  0.288706  0.151772  0.131573  0.500820  0.438149  0.362947  0.367154  0.409687  0.237333  0.090864  0.096015  0.116249  0.484181  0.087551  0.195102  0.115923  0.102375  0.468353  0.175408  0.212130  0.420764  0.456547  0.395693  0.392970  0.260040  0.308132  0.199685  0.232220  0.379254  0.313413  0.479957  0.233227  0.406181  0.100659  0.340218  0.331241  0.424453  0.213425  0.176590  0.224607  0.356755  0.377105  0.268657  0.273500  0.336033  0.322639  0.210672  0.112481  0.143843  0.310738  0.172896  0.168556  0.214079  0.257627  0.106908  0.260686  0.471927  0.249830  0.561884  0.432364  0.109392  0.150671  0.124356  0.225953  0.381513  0.470368  0.537179  0.148299  0.522432  0.381897  0.265357  0.168361  0.494632  0.277438  0.400308  0.428656  0.205912  0.252786  0.456368  0.093187  0.170284  0.355178  0.115149  0.421564  0.542777  0.241505  0.138002  0.250093  0.101510  0.102774  0.116707  0.371279  0.426610  0.508168  0.480094  0.442388  0.345372  0.696894  0.453051  0.391479  0.390599  0.588951  0.244546  0.191617  0.433149  0.532178  0.364129  0.285789  0.148146  0.278511  0.366374  0.232196  0.618454  0.257015  0.340293  0.486280  0.381907  0.407619  0.291574  0.365254  0.106030  0.135285  0.384664  0.113739  0.446828  0.188100  0.334566  0.523755  0.261093  0.406713  0.255474  0.186538  0.326352  0.549949  0.243999  0.532582  0.139501  0.284282  0.578343 
2  0.225812  0.105425 0.0  0.215181  0.211087  0.282270  0.252961  0.091136  0.087626  0.148654  0.322478  0.117685  0.200646  0.340541  0.387169  0.307353  0.117819  0.112964  0.275525  0.433345  0.208188  0.130988  0.114358  0.226179  0.166106  0.245410  0.306861  0.124832  0.160652  0.203900  0.468118  0.555188  0.320279  0.201713  0.262334  0.133603  0.226997  0.195241  0.446584  0.204197  0.258333  0.131282  0.119280  0.170328  0.128523  0.250728  0.134387  0.608063  0.200838  0.130281  0.100842  0.167077  0.141652  0.122517  0.194842  0.177108  0.151360  0.119899  0.284578  0.176659  0.132164  0.440413  0.361862  0.318202  0.335977  0.399286  0.256985  0.122062  0.108375  0.142806  0.471409  0.107774  0.253056  0.089271  0.130801  0.508243  0.218739  0.297626  0.437296  0.450988  0.378312  0.358835  0.295602  0.334617  0.258175  0.246595  0.352887  0.351638  0.387716  0.248643  0.339254  0.110198  0.297130  0.333442  0.484735  0.187813  0.214295  0.209398  0.394933  0.395037  0.358390  0.329560  0.355755  0.288245  0.195230  0.089622  0.126447  0.329713  0.153119  0.154674  0.192855  0.233733  0.092558  0.241543  0.437209  0.310008  0.502004  0.384294  0.089943  0.133340  0.100454  0.229775  0.341707  0.439197  0.476543  0.122834  0.462760  0.308125  0.253674  0.197120  0.598651  0.210336  0.412165  0.398255  0.193576  0.192739  0.479447  0.102909  0.203623  0.416230  0.091420  0.466563  0.502678  0.241120  0.147009  0.262244  0.134776  0.116434  0.129731  0.431110  0.373174  0.465675  0.407356  0.392719  0.348361  0.513321  0.422445  0.338700  0.361754  0.657662  0.205051  0.169926  0.486609  0.437837  0.389410  0.287164  0.116937  0.280457  0.365599  0.243120  0.488781  0.276586  0.421634  0.542148  0.366241  0.390720  0.327381  0.329357  0.097701  0.108587  0.371620  0.104175  0.522781  0.146741  0.360685  0.464448  0.251583  0.472694  0.287340  0.192446  0.336677  0.618185  0.256036  0.464168  0.154977  0.314330  0.661773 
3  0.125997  0.188814  0.215181 0.0  0.138541  0.135050  0.111176  0.226081  0.196989  0.264435  0.198691  0.250723  0.330068  0.460047  0.274574  0.516014  0.217480  0.234016  0.134953  0.227138  0.129185  0.174509  0.214713  0.352497  0.162351  0.379896  0.391128  0.236687  0.157376  0.138078  0.546841  0.618696  0.180293  0.302691  0.193884  0.178699  0.129428  0.123324  0.284370  0.241765  0.375591  0.280545  0.243245  0.182916  0.199134  0.136009  0.194537  0.598734  0.106827  0.258403  0.242117  0.121738  0.257268  0.239054  0.102068  0.323508  0.286704  0.218420  0.152686  0.130016  0.211835  0.631685  0.398007  0.480671  0.478709  0.553311  0.345680  0.185927  0.203259  0.177268  0.513549  0.203919  0.185459  0.221016  0.208151  0.606821  0.142020  0.156442  0.587316  0.604707  0.435351  0.450842  0.158448  0.180843  0.129646  0.304687  0.507175  0.477715  0.460950  0.323890  0.412233  0.209041  0.438755  0.473547  0.588818  0.357934  0.106684  0.324460  0.371587  0.489404  0.510935  0.186575  0.231164  0.453357  0.266269  0.209028  0.283006  0.245613  0.297964  0.307492  0.325624  0.402689  0.206564  0.397301  0.440858  0.187296  0.646736  0.279788  0.223449  0.259706  0.241317  0.165485  0.495615  0.569096  0.597187  0.232517  0.554233  0.441271  0.409553  0.129111  0.620542  0.419251  0.475292  0.330828  0.342156  0.320717  0.564132  0.214917  0.100447  0.561947  0.260560  0.294106  0.619427  0.375265  0.188703  0.385696  0.162639  0.216361  0.172457  0.501647  0.415614  0.604638  0.592967  0.510577  0.434814  0.750270  0.687677  0.572587  0.447253  0.593577  0.386241  0.273223  0.619408  0.634933  0.473801  0.424636  0.259105  0.156903  0.214587  0.146803  0.576649  0.162851  0.245063  0.650768  0.439358  0.552642  0.394385  0.433686  0.206978  0.278059  0.211545  0.265912  0.626195  0.283407  0.220233  0.662055  0.322966  0.299511  0.146651  0.155308  0.241856  0.678109  0.141164  0.590249  0.160338  0.506128  0.667209 
4  0.152286  0.190417  0.211087  0.138541 0.0  0.180690  0.146147  0.225813  0.203711  0.272619  0.180832  0.223288  0.333946  0.465175  0.275414  0.429606  0.192351  0.220283  0.163228  0.289482  0.088954  0.165396  0.238057  0.327193  0.120843  0.368325  0.413485  0.237008  0.128438  0.100435  0.577415  0.530071  0.170691  0.289794  0.161395  0.183412  0.122593  0.095307  0.310758  0.251038  0.435234  0.238922  0.216739  0.144539  0.170241  0.198299  0.192434  0.676283  0.129147  0.261891  0.207688  0.135017  0.249042  0.173850  0.135788  0.309267  0.276055  0.185603  0.208009  0.133532  0.187642  0.550308  0.453939  0.433918  0.464649  0.476412  0.364881  0.183708  0.179016  0.170835  0.607632  0.210989  0.147429  0.220231  0.172981  0.621197  0.095836  0.139320  0.621516  0.646089  0.446948  0.504201  0.148348  0.232404  0.104765  0.342896  0.351175  0.360751  0.418854  0.315713  0.413708  0.229152  0.478737  0.493173  0.531900  0.344483  0.115502  0.362059  0.505150  0.471114  0.467789  0.186410  0.197575  0.397686  0.303972  0.223579  0.251917  0.215060  0.255665  0.328306  0.313536  0.352618  0.211402  0.358046  0.442264  0.187706  0.674712  0.268259  0.195924  0.255215  0.229093  0.124061  0.473135  0.505087  0.620602  0.232768  0.719128  0.434512  0.351682  0.094496  0.738966  0.343222  0.548274  0.303139  0.313077  0.341532  0.587973  0.191339  0.120748  0.475159  0.232293  0.312920  0.520897  0.376851  0.156143  0.356834  0.206247  0.221733  0.162029  0.539879  0.461236  0.515724  0.644616  0.601401  0.515584  0.654491  0.527870  0.495413  0.511715  0.655265  0.342698  0.294568  0.643903  0.575937  0.407832  0.429728  0.253363  0.139698  0.224239  0.127563  0.659894  0.160397  0.275453  0.589773  0.547202  0.470055  0.427451  0.476074  0.199149  0.224567  0.242445  0.224332  0.564204  0.275804  0.237764  0.569780  0.367540  0.329771  0.172211  0.099445  0.217940  0.684716  0.105935  0.590141  0.131896  0.401393  0.780256 
5  0.092457  0.281509  0.282270  0.135050  0.180690 0.0  0.114845  0.279520  0.280283  0.337579  0.188102  0.309864  0.365786  0.525983  0.231026  0.480789  0.296959  0.250097  0.111308  0.220796  0.159137  0.246555  0.238936  0.384504  0.233249  0.427118  0.445144  0.276034  0.229007  0.155262  0.632588  0.583661  0.115636  0.329153  0.213087  0.224280  0.158666  0.169098  0.239099  0.297342  0.441345  0.367469  0.279163  0.275523  0.257231  0.087121  0.218433  0.766010  0.162211  0.300907  0.305700  0.175554  0.312332  0.287484  0.153519  0.342139  0.300164  0.252181  0.118079  0.205832  0.265782  0.524329  0.358745  0.490507  0.537946  0.542770  0.321359  0.241417  0.259124  0.236440  0.592802  0.248822  0.199073  0.284469  0.233334  0.653711  0.176427  0.195162  0.560561  0.604030  0.525907  0.586282  0.134451  0.124132  0.153026  0.374115  0.463868  0.524928  0.557172  0.428825  0.466568  0.274902  0.463516  0.494380  0.637638  0.450655  0.170685  0.435041  0.412198  0.479142  0.487490  0.130672  0.194712  0.490910  0.336149  0.283179  0.351976  0.179547  0.313082  0.349710  0.358048  0.427419  0.247953  0.410372  0.429395  0.127734  0.616849  0.253116  0.269177  0.266246  0.332022  0.192764  0.530121  0.734431  0.600724  0.309082  0.543721  0.626354  0.415463  0.194760  0.557590  0.445845  0.473758  0.271045  0.318086  0.410760  0.684452  0.250328  0.164623  0.594226  0.263929  0.258108  0.632150  0.330571  0.228361  0.486675  0.227741  0.282708  0.238340  0.563798  0.524762  0.653121  0.668498  0.617471  0.467547  0.707972  0.548941  0.569859  0.568406  0.740858  0.385919  0.326190  0.685075  0.644224  0.617812  0.452842  0.296983  0.151725  0.217933  0.179220  0.715910  0.155985  0.177611  0.610379  0.579360  0.475075  0.436986  0.447414  0.251570  0.283053  0.182369  0.313691  0.623262  0.332075  0.169372  0.617400  0.393547  0.278333  0.118155  0.206591  0.191956  0.816832  0.179865  0.641032  0.201585  0.486208  0.649432 
6  0.107684  0.215788  0.252961  0.111176  0.146147  0.114845 0.0  0.273215  0.232268  0.336177  0.165699  0.277907  0.393179  0.454467  0.217176  0.549022  0.271680  0.244278  0.102689  0.249335  0.146439  0.191294  0.251723  0.384593  0.196240  0.396203  0.460143  0.223976  0.178094  0.133788  0.623570  0.572419  0.137716  0.360228  0.174873  0.205994  0.129756  0.131850  0.243440  0.311033  0.411644  0.285990  0.257694  0.199935  0.210071  0.111898  0.194814  0.601446  0.133589  0.312789  0.223832  0.163245  0.296246  0.240239  0.135918  0.364340  0.331007  0.223114  0.162846  0.180798  0.198706  0.678717  0.586697  0.551518  0.533174  0.534700  0.334602  0.204352  0.239310  0.191354  0.592637  0.240162  0.193840  0.288751  0.217470  0.628939  0.143190  0.181360  0.634100  0.684576  0.426729  0.381300  0.133653  0.154933  0.129531  0.326500  0.484208  0.497109  0.502791  0.328700  0.479373  0.244969  0.463236  0.490697  0.579178  0.379423  0.124349  0.395017  0.490280  0.468665  0.458560  0.139377  0.210054  0.469693  0.344432  0.262258  0.303608  0.176218  0.384760  0.375474  0.363879  0.454615  0.232554  0.416327  0.433584  0.138695  0.711946  0.263984  0.245788  0.296517  0.266225  0.161570  0.575057  0.668869  0.701756  0.250273  0.641075  0.494656  0.445376  0.150618  0.685370  0.499838  0.493840  0.251964  0.334862  0.427800  0.579629  0.237376  0.128100  0.518439  0.303407  0.274486  0.616217  0.407161  0.209655  0.378942  0.211090  0.240250  0.207899  0.493471  0.481861  0.640141  0.707167  0.607527  0.497226  0.739608  0.623775  0.597255  0.516879  0.670783  0.402203  0.285995  0.680438  0.542393  0.499087  0.339816  0.302280  0.128947  0.212196  0.138819  0.561657  0.136050  0.198322  0.708123  0.532754  0.496285  0.498859  0.477669  0.222265  0.312396  0.186841  0.265976  0.659925  0.302492  0.180166  0.685394  0.413544  0.275608  0.113686  0.153626  0.208311  0.649573  0.141259  0.776028  0.177771  0.501633  0.676849 
7  0.244610  0.116196  0.091136  0.226081  0.225813  0.279520  0.273215 0.0  0.090834  0.149197  0.321402  0.113365  0.193295  0.338696  0.393484  0.320545  0.128598  0.114093  0.253518  0.430247  0.191531  0.139023  0.101454  0.217897  0.192122  0.232943  0.300086  0.128650  0.181943  0.211764  0.418850  0.449147  0.361109  0.186555  0.282667  0.135873  0.274118  0.197739  0.450837  0.163836  0.264581  0.133356  0.110426  0.180407  0.131925  0.270064  0.123700  0.481721  0.205168  0.116980  0.112157  0.175939  0.129597  0.128322  0.213169  0.158638  0.141002  0.119828  0.324550  0.184044  0.139722  0.470493  0.323283  0.318544  0.357773  0.402905  0.199459  0.124663  0.115956  0.138825  0.485981  0.113927  0.268624  0.091021  0.126713  0.377826  0.201166  0.275249  0.484951  0.496118  0.369962  0.370344  0.277713  0.339012  0.201401  0.202011  0.282774  0.345620  0.348437  0.227438  0.300664  0.104832  0.267140  0.324410  0.397627  0.198878  0.212700  0.226252  0.385323  0.345241  0.298932  0.344304  0.356413  0.311385  0.168088  0.085005  0.119492  0.342594  0.158934  0.153670  0.189554  0.234040  0.089394  0.233167  0.390059  0.309899  0.499066  0.377898  0.086558  0.128106  0.100829  0.252685  0.373998  0.422696  0.575728  0.122347  0.516898  0.325223  0.238637  0.202646  0.573424  0.213338  0.333256  0.448674  0.183297  0.207080  0.540187  0.105955  0.236823  0.336540  0.086900  0.424050  0.457900  0.228711  0.161130  0.254787  0.134009  0.124837  0.139881  0.356214  0.361636  0.482255  0.464026  0.428175  0.355268  0.591671  0.430122  0.393980  0.406382  0.564795  0.222737  0.190864  0.486881  0.459834  0.387491  0.231699  0.126781  0.314527  0.377172  0.278178  0.547834  0.350935  0.393136  0.426337  0.345164  0.361593  0.269516  0.346464  0.105842  0.108029  0.377144  0.100019  0.400411  0.160657  0.366782  0.569428  0.253621  0.390467  0.287587  0.224178  0.369132  0.582376  0.241996  0.504568  0.170388  0.276055  0.561576 
8  0.245016  0.111109  0.087626  0.196989  0.203711  0.280283  0.232268  0.090834 0.0  0.150163  0.285682  0.113512  0.183778  0.309479  0.367154  0.326938  0.130715  0.107762  0.226866  0.426048  0.211213  0.133239  0.106141  0.218857  0.178456  0.211321  0.294104  0.125957  0.164496  0.252697  0.478611  0.456892  0.316875  0.174809  0.275281  0.126313  0.251177  0.238195  0.459598  0.191941  0.273458  0.130425  0.114438  0.165227  0.125295  0.259513  0.135839  0.638045  0.202144  0.116160  0.104411  0.183879  0.138647  0.132834  0.189021  0.180200  0.155539  0.125126  0.325857  0.179968  0.140167  0.511500  0.323641  0.329568  0.360035  0.387298  0.220180  0.116300  0.109211  0.135463  0.495819  0.107936  0.291170  0.094471  0.120044  0.484299  0.198394  0.263373  0.405957  0.456789  0.367193  0.349959  0.261182  0.345329  0.230626  0.253793  0.297796  0.353644  0.389305  0.208245  0.362943  0.098504  0.287903  0.330056  0.490723  0.198794  0.198441  0.226417  0.386123  0.384426  0.334724  0.308747  0.372598  0.300309  0.180811  0.086973  0.129653  0.321371  0.157045  0.142214  0.197047  0.253857  0.086585  0.234884  0.375138  0.315071  0.508311  0.465365  0.087501  0.126255  0.103110  0.227575  0.382170  0.440245  0.547840  0.126305  0.467134  0.346291  0.268247  0.209093  0.576774  0.253891  0.398885  0.461164  0.201017  0.208241  0.482162  0.100105  0.189212  0.375062  0.090306  0.501479  0.407653  0.249032  0.149454  0.235155  0.123036  0.114166  0.137277  0.370610  0.362762  0.482260  0.393991  0.400880  0.346362  0.603086  0.377307  0.344807  0.292841  0.511308  0.221209  0.192166  0.463100  0.502851  0.363805  0.284829  0.117950  0.289570  0.362055  0.247394  0.561201  0.300219  0.425602  0.459470  0.364304  0.405250  0.300286  0.346591  0.099394  0.112367  0.328854  0.103339  0.388512  0.140860  0.355956  0.452386  0.237104  0.434840  0.282052  0.190262  0.369145  0.608819  0.241891  0.552841  0.165680  0.299199  0.657696 
9  0.273661  0.168160  0.148654  0.264435  0.272619  0.337579  0.336177  0.149197  0.150163 0.0  0.410119  0.126500  0.124153  0.262819  0.423617  0.271996  0.212826  0.134778  0.328796  0.466618  0.273747  0.206270  0.140733  0.147296  0.247899  0.170437  0.195966  0.152392  0.255514  0.289168  0.386500  0.357462  0.349480  0.184778  0.329176  0.182106  0.324476  0.296794  0.424746  0.126170  0.197288  0.165614  0.132227  0.240414  0.202630  0.357055  0.186630  0.477842  0.230886  0.111092  0.154868  0.235878  0.167022  0.201046  0.244344  0.154543  0.135314  0.177442  0.316046  0.218742  0.203132  0.419128  0.301989  0.294208  0.354103  0.327871  0.157865  0.186977  0.160348  0.184963  0.348335  0.168253  0.307335  0.158986  0.164262  0.468863  0.265905  0.321001  0.365302  0.323322  0.295425  0.331584  0.319012  0.410923  0.267299  0.183542  0.267657  0.283090  0.361937  0.175726  0.308656  0.150152  0.248382  0.273541  0.332487  0.147173  0.260903  0.182073  0.331949  0.331270  0.285315  0.383970  0.441160  0.231784  0.121318  0.151940  0.154905  0.493288  0.170946  0.119458  0.142612  0.177901  0.147130  0.166492  0.329568  0.349559  0.458757  0.553406  0.143736  0.103191  0.142747  0.340193  0.289081  0.456891  0.483551  0.158667  0.493702  0.270976  0.212484  0.281881  0.482617  0.196702  0.350227  0.571066  0.134437  0.175343  0.429781  0.163154  0.249592  0.295610  0.139377  0.576431  0.350178  0.185869  0.214700  0.212620  0.178318  0.167109  0.193451  0.342333  0.342879  0.376917  0.395713  0.375098  0.389280  0.560772  0.348277  0.332367  0.309327  0.508305  0.159998  0.142505  0.400249  0.370451  0.307140  0.198339  0.165734  0.308496  0.401864  0.309341  0.455503  0.382967  0.442014  0.400212  0.289707  0.372206  0.234184  0.275188  0.171462  0.118343  0.417186  0.120785  0.412259  0.188752  0.412154  0.487356  0.191955  0.422601  0.337366  0.288488  0.464013  0.544066  0.312952  0.376798  0.183693  0.268003  0.554231 
10  0.179890  0.275995  0.322478  0.198691  0.180832  0.188102  0.165699  0.321402  0.285682  0.410119 0.0  0.346630  0.435213  0.526849  0.175481  0.553356  0.279290  0.276271  0.151362  0.195109  0.175373  0.249957  0.321934  0.444547  0.225388  0.423834  0.535661  0.330786  0.216959  0.158880  0.699251  0.661617  0.153292  0.388904  0.142453  0.324822  0.148304  0.181834  0.192703  0.412222  0.494893  0.326498  0.304597  0.236303  0.285125  0.173669  0.272593  0.749354  0.194901  0.347256  0.304406  0.239702  0.359605  0.316446  0.209478  0.405616  0.354245  0.284951  0.163754  0.237069  0.246136  0.694012  0.583252  0.600717  0.666933  0.551947  0.396335  0.316758  0.302212  0.295634  0.608555  0.297087  0.142172  0.290624  0.298962  0.680980  0.202743  0.167501  0.621535  0.764924  0.618438  0.485141  0.121700  0.193381  0.171686  0.469533  0.486436  0.479413  0.644324  0.458540  0.607988  0.286685  0.522677  0.645324  0.768327  0.449650  0.164932  0.461764  0.560670  0.530507  0.547611  0.152139  0.128574  0.523947  0.371251  0.320858  0.326517  0.152267  0.362829  0.357560  0.419092  0.446557  0.332338  0.469773  0.609266  0.147247  0.803832  0.186085  0.304513  0.339384  0.341719  0.169099  0.594275  0.789176  0.765509  0.339107  0.723255  0.533953  0.538017  0.197512  0.681844  0.480482  0.538216  0.213395  0.393469  0.483837  0.783698  0.351573  0.198645  0.657853  0.338497  0.203308  0.619681  0.523939  0.242541  0.456458  0.289084  0.291500  0.247286  0.575488  0.684767  0.690460  0.751130  0.711436  0.554946  0.676592  0.696670  0.575999  0.624140  0.755575  0.505044  0.337049  0.684116  0.654924  0.600811  0.555418  0.335261  0.118382  0.128222  0.139290  0.705434  0.109310  0.154750  0.771630  0.585452  0.650511  0.519816  0.534517  0.321801  0.352045  0.165685  0.354858  0.668701  0.369786  0.172613  0.894530  0.423888  0.198949  0.145739  0.195838  0.120620  0.745934  0.149503  0.765060  0.227775  0.552115  0.832647 
11  0.277900  0.120744  0.117685  0.250723  0.223288  0.309864  0.277907  0.113365  0.113512  0.126500  0.346630 0.0  0.196207  0.292186  0.425677  0.290143  0.176907  0.100332  0.304406  0.469741  0.248646  0.142595  0.095913  0.176429  0.217361  0.180644  0.239584  0.107353  0.163021  0.261444  0.463268  0.432119  0.327053  0.182305  0.316086  0.131645  0.252256  0.250370  0.507462  0.145629  0.245830  0.140466  0.094717  0.194109  0.154759  0.280610  0.142700  0.501007  0.222850  0.098107  0.138750  0.207183  0.158872  0.147876  0.216769  0.181768  0.140542  0.118871  0.338505  0.205886  0.169324  0.422608  0.358837  0.296543  0.334473  0.350271  0.210433  0.126151  0.136379  0.144772  0.360192  0.131938  0.291473  0.124266  0.130087  0.458847  0.202359  0.290477  0.369720  0.463257  0.321431  0.334151  0.281764  0.314205  0.268739  0.210689  0.301554  0.321514  0.327379  0.194707  0.389867  0.104946  0.276726  0.323563  0.403702  0.185400  0.218896  0.224324  0.345707  0.290209  0.294800  0.330933  0.406867  0.272419  0.152484  0.113316  0.147019  0.362774  0.160984  0.141271  0.169583  0.223277  0.114972  0.232358  0.354626  0.270697  0.412891  0.402277  0.106570  0.105292  0.123081  0.258263  0.343998  0.451512  0.544515  0.157783  0.451248  0.331014  0.229168  0.211062  0.521588  0.216314  0.354492  0.470318  0.170063  0.200574  0.490749  0.126568  0.191496  0.382963  0.117280  0.429189  0.435045  0.204626  0.183229  0.258313  0.137217  0.120505  0.152223  0.370594  0.326967  0.354262  0.434699  0.424307  0.355208  0.552503  0.424105  0.350142  0.390842  0.601658  0.201490  0.157560  0.436234  0.481417  0.364124  0.256609  0.153969  0.306184  0.345612  0.240101  0.455071  0.310994  0.358842  0.461517  0.363049  0.348647  0.295439  0.341317  0.130738  0.096710  0.332012  0.093466  0.410667  0.178158  0.336600  0.483878  0.203132  0.457944  0.326728  0.229827  0.375237  0.611425  0.267959  0.519208  0.165088  0.306568  0.581635 
12  0.381416  0.198493  0.200646  0.330068  0.333946  0.365786  0.393179  0.193295  0.183778  0.124153  0.435213  0.196207 0.0  0.199001  0.581227  0.228863  0.244932  0.180939  0.367489  0.485708  0.290360  0.245336  0.196968  0.115628  0.292883  0.118513  0.167925  0.212666  0.269991  0.312596  0.384881  0.334579  0.370198  0.183793  0.385129  0.234276  0.363211  0.336558  0.495037  0.140260  0.161876  0.220898  0.204009  0.246748  0.253396  0.353513  0.235304  0.417832  0.295399  0.156828  0.239252  0.293868  0.188384  0.269889  0.331368  0.152354  0.153758  0.198883  0.366565  0.299202  0.249184  0.335088  0.233390  0.240505  0.279347  0.249334  0.154424  0.238218  0.238710  0.235816  0.347451  0.205479  0.372355  0.228850  0.222119  0.353347  0.313818  0.379895  0.308417  0.319040  0.231063  0.242862  0.376931  0.400438  0.336065  0.166056  0.216394  0.277771  0.332447  0.184760  0.245865  0.194801  0.165031  0.194638  0.312480  0.101032  0.275161  0.154903  0.291927  0.288260  0.230957  0.405622  0.394254  0.165141  0.124330  0.199352  0.190697  0.366491  0.210877  0.124867  0.117931  0.149087  0.211488  0.127916  0.323270  0.376537  0.420778  0.584687  0.189265  0.145884  0.192500  0.363746  0.312081  0.418226  0.441298  0.189694  0.354666  0.248442  0.156985  0.338007  0.491513  0.155573  0.305598  0.584810  0.138578  0.128225  0.381057  0.195052  0.292645  0.251554  0.182426  0.577826  0.355600  0.121068  0.262419  0.180016  0.234779  0.196147  0.254367  0.304301  0.330748  0.334716  0.391021  0.285857  0.326383  0.488529  0.321665  0.274120  0.265471  0.446038  0.125101  0.156069  0.396194  0.413270  0.234922  0.170629  0.194197  0.336084  0.447255  0.401715  0.465276  0.383234  0.481870  0.419106  0.236880  0.299954  0.194373  0.300312  0.227291  0.152785  0.475368  0.177744  0.393484  0.194620  0.449397  0.481067  0.172104  0.501840  0.407745  0.307382  0.479613  0.471913  0.283379  0.421729  0.288527  0.190419  0.522032 
13  0.519469  0.351908  0.340541  0.460047  0.465175  0.525983  0.454467  0.338696  0.309479  0.262819  0.526849  0.292186  0.199001 0.0  0.712834  0.100195  0.337541  0.305287  0.521189  0.742070  0.471680  0.344647  0.328464  0.217705  0.437173  0.216769  0.174422  0.351625  0.402153  0.535761  0.191706  0.329939  0.599762  0.240825  0.535312  0.262754  0.478159  0.392154  0.719482  0.245041  0.146622  0.278257  0.332539  0.398913  0.338772  0.684602  0.371063  0.330593  0.455289  0.321895  0.304666  0.448497  0.297033  0.311402  0.431208  0.210709  0.246573  0.343140  0.559759  0.437898  0.361728  0.250228  0.182644  0.127888  0.187381  0.155780  0.247605  0.321798  0.348938  0.339479  0.304919  0.324607  0.565723  0.298970  0.366832  0.220613  0.497437  0.473337  0.237639  0.217258  0.218428  0.126148  0.512823  0.472582  0.541601  0.265208  0.221652  0.220589  0.379908  0.322576  0.269982  0.373453  0.121629  0.154431  0.214054  0.180849  0.453463  0.182459  0.309430  0.270824  0.103027  0.595931  0.680288  0.127517  0.280004  0.302258  0.307023  0.588020  0.257291  0.261885  0.239739  0.152840  0.297089  0.182332  0.324857  0.515844  0.304216  0.690403  0.288222  0.306938  0.321569  0.520690  0.192668  0.298083  0.358385  0.278771  0.239020  0.099208  0.139524  0.473820  0.409452  0.162456  0.314523  0.730669  0.264806  0.181477  0.255719  0.334953  0.426712  0.126468  0.319613  0.564859  0.288246  0.205421  0.307571  0.176380  0.351305  0.358489  0.365309  0.253238  0.209099  0.258720  0.237455  0.208581  0.219631  0.457028  0.198889  0.128137  0.124262  0.386844  0.252188  0.264201  0.221325  0.353031  0.172778  0.247708  0.299466  0.456411  0.590859  0.441487  0.420874  0.493886  0.543864  0.268034  0.110272  0.199777  0.149436  0.201441  0.323815  0.286867  0.639956  0.297953  0.271727  0.279463  0.577898  0.413187  0.344890  0.664908  0.552068  0.451198  0.646327  0.466605  0.538264  0.319443  0.415287  0.115904  0.552730 
14  0.229539  0.407857  0.387169  0.274574  0.275414  0.231026  0.217176  0.393484  0.367154  0.423617  0.175481  0.425677  0.581227  0.712834 0.0  0.648879  0.405607  0.397433  0.209508  0.106188  0.242975  0.362366  0.494487  0.461767  0.294706  0.484754  0.517781  0.420362  0.298128  0.263539  0.651588  0.717390  0.172894  0.536441  0.234526  0.357892  0.247494  0.258616  0.115309  0.466923  0.510075  0.400680  0.456778  0.338786  0.321803  0.202909  0.381680  0.918785  0.325919  0.373998  0.398351  0.335382  0.442118  0.342751  0.279832  0.481631  0.422545  0.361966  0.171074  0.330432  0.375621  0.833160  0.785630  0.664553  0.650822  0.727610  0.464948  0.370478  0.410994  0.321181  0.649347  0.379445  0.250638  0.372739  0.366330  0.713874  0.285227  0.255960  0.738018  0.870546  0.568540  0.735866  0.183296  0.172353  0.246944  0.460364  0.595610  0.595312  0.676355  0.533758  0.595259  0.392056  0.640494  0.652288  0.751736  0.489278  0.273513  0.510868  0.732037  0.546635  0.660574  0.174271  0.139948  0.551176  0.457276  0.409144  0.443937  0.122840  0.462919  0.460248  0.507349  0.522012  0.399186  0.595197  0.632554  0.182556  0.860707  0.136073  0.385972  0.452858  0.367683  0.252771  0.703954  0.804219  0.885528  0.390218  0.849195  0.493088  0.568119  0.306270  0.702574  0.573146  0.636175  0.145299  0.559855  0.500825  0.708750  0.408671  0.254748  0.652042  0.378121  0.140021  0.672586  0.541503  0.313472  0.549101  0.384744  0.350773  0.320997  0.666909  0.528172  0.756103  0.809573  0.659918  0.579770  0.702565  0.832411  0.728469  0.685035  0.870110  0.551624  0.470051  0.840802  0.733982  0.702098  0.520602  0.394695  0.211582  0.158559  0.224115  0.824961  0.186113  0.102530  0.802184  0.635855  0.688275  0.515486  0.647360  0.392350  0.468261  0.105011  0.415042  0.751179  0.420516  0.149904  0.804135  0.585393  0.137724  0.193343  0.295487  0.159420  0.806876  0.250151  0.812935  0.319063  0.564597  0.824861 
15  0.578195  0.365068  0.307353  0.516014  0.429606  0.480789  0.549022  0.320545  0.326938  0.271996  0.553356  0.290143  0.228863  0.100195  0.648879 0.0  0.357879  0.311010  0.481801  0.596884  0.420345  0.358488  0.331682  0.228329  0.350138  0.237767  0.185292  0.369040  0.461814  0.408501  0.212648  0.266798  0.630995  0.263077  0.554149  0.348514  0.575930  0.492892  0.687054  0.312802  0.154658  0.309344  0.402151  0.381927  0.328819  0.510056  0.357974  0.335173  0.416366  0.302493  0.321985  0.374484  0.327198  0.346528  0.464285  0.234947  0.275628  0.367532  0.522323  0.414023  0.381027  0.237728  0.175355  0.110305  0.152828  0.134752  0.238527  0.365970  0.332315  0.355955  0.280387  0.392670  0.586771  0.319715  0.352624  0.235422  0.457822  0.442244  0.218709  0.181829  0.176218  0.127331  0.515219  0.552114  0.471313  0.294245  0.212697  0.237866  0.320754  0.281045  0.232256  0.322454  0.128618  0.132745  0.197863  0.228083  0.448559  0.199809  0.320426  0.303657  0.116039  0.540376  0.649181  0.127963  0.307194  0.348334  0.297186  0.591157  0.310133  0.250678  0.246290  0.173705  0.297519  0.196266  0.371260  0.495741  0.280551  0.635515  0.309598  0.289600  0.280203  0.476971  0.194405  0.268490  0.280910  0.325156  0.275516  0.110436  0.166952  0.421910  0.434939  0.177501  0.374400  0.708782  0.285271  0.184862  0.230134  0.347248  0.472160  0.109314  0.345149  0.764287  0.267430  0.220583  0.354356  0.175808  0.384823  0.394980  0.363997  0.193369  0.196007  0.227938  0.236691  0.213550  0.237865  0.465629  0.202469  0.111314  0.119503  0.445777  0.211890  0.260143  0.205731  0.394948  0.148897  0.267808  0.305562  0.523810  0.664687  0.527477  0.357906  0.457000  0.634703  0.250111  0.095795  0.193304  0.162567  0.200362  0.337429  0.305216  0.604104  0.360837  0.361936  0.286112  0.657810  0.401008  0.319037  0.568477  0.559262  0.474606  0.580319  0.492452  0.480573  0.282115  0.428280  0.130352  0.445570 
16  0.267327  0.132130  0.117819  0.217480  0.192351  0.296959  0.271680  0.128598  0.130715  0.212826  0.279290  0.176907  0.244932  0.337541  0.405607  0.357879 0.0  0.152633  0.225634  0.352097  0.206050  0.143006  0.148717  0.249004  0.163145  0.287864  0.342029  0.182837  0.140675  0.217451  0.492986  0.465748  0.324408  0.186507  0.227197  0.155171  0.230941  0.198210  0.441278  0.249958  0.293445  0.137369  0.151478  0.134158  0.117005  0.243392  0.153434  0.618677  0.219209  0.173585  0.110352  0.192881  0.149372  0.089147  0.197344  0.188286  0.163519  0.153949  0.308261  0.164532  0.092459  0.514044  0.432640  0.357607  0.435305  0.442318  0.277584  0.137913  0.118828  0.164993  0.477956  0.123933  0.243743  0.126820  0.154281  0.461516  0.180391  0.225213  0.488391  0.455163  0.438897  0.318302  0.284936  0.304621  0.218893  0.279731  0.360322  0.357849  0.419497  0.288617  0.456498  0.135255  0.284104  0.358944  0.475146  0.236717  0.191545  0.238107  0.456502  0.444874  0.336617  0.306352  0.328046  0.324503  0.225094  0.130964  0.142430  0.296569  0.152450  0.196153  0.213352  0.257295  0.130151  0.273881  0.447038  0.281558  0.488097  0.384305  0.136236  0.174391  0.137564  0.215490  0.399974  0.519171  0.702866  0.122629  0.520948  0.313511  0.245224  0.193825  0.610022  0.263434  0.446179  0.440382  0.238155  0.266152  0.418839  0.118766  0.188855  0.347072  0.129344  0.408353  0.454718  0.235258  0.126017  0.256682  0.146001  0.161930  0.130860  0.322865  0.347273  0.502932  0.583384  0.505394  0.341316  0.652700  0.454143  0.404530  0.364901  0.659468  0.265971  0.210458  0.487321  0.489690  0.403659  0.314053  0.133615  0.238846  0.304789  0.220083  0.602166  0.243488  0.354229  0.539846  0.354900  0.431741  0.356620  0.334799  0.110536  0.148811  0.376575  0.161370  0.499424  0.161964  0.349467  0.656286  0.251821  0.417772  0.267914  0.161398  0.330341  0.637011  0.197325  0.523172  0.140299  0.273674  0.589307 
17  0.265074  0.115376  0.112964  0.234016  0.220283  0.250097  0.244278  0.114093  0.107762  0.134778  0.276271  0.100332  0.180939  0.305287  0.397433  0.311010  0.152633 0.0  0.285105  0.416706  0.235876  0.133587  0.086896  0.231982  0.204902  0.218147  0.285500  0.094000  0.174404  0.246704  0.439711  0.407854  0.241997  0.217849  0.308065  0.114219  0.262295  0.222805  0.378875  0.170749  0.252912  0.152949  0.087131  0.202476  0.149085  0.265783  0.122294  0.484335  0.203426  0.122671  0.132522  0.169301  0.161880  0.153958  0.211346  0.172602  0.156648  0.109371  0.321627  0.174466  0.153550  0.411472  0.340004  0.343405  0.376956  0.402925  0.220886  0.116782  0.124685  0.137985  0.431288  0.114830  0.268883  0.119255  0.103984  0.449494  0.221203  0.267113  0.456607  0.426683  0.358203  0.338537  0.288537  0.269219  0.210762  0.251062  0.296548  0.391017  0.421556  0.232491  0.345489  0.093926  0.252699  0.363638  0.433341  0.210901  0.196879  0.275000  0.358582  0.270608  0.405597  0.348862  0.342237  0.309622  0.183212  0.102625  0.146329  0.369498  0.182042  0.165224  0.194359  0.242730  0.106803  0.238776  0.367540  0.275779  0.556134  0.439868  0.108856  0.121418  0.130339  0.258792  0.318090  0.456100  0.510333  0.140233  0.505467  0.329024  0.251114  0.206066  0.547190  0.260505  0.335511  0.514877  0.157787  0.220777  0.429382  0.112310  0.204802  0.301527  0.116208  0.515240  0.417589  0.207557  0.157101  0.251597  0.112696  0.103605  0.135807  0.368031  0.362200  0.358585  0.408631  0.451577  0.388620  0.504765  0.417228  0.356962  0.321850  0.527513  0.219242  0.163408  0.391958  0.493713  0.373026  0.234575  0.158005  0.295999  0.321994  0.217228  0.466487  0.285942  0.336367  0.443719  0.342887  0.346695  0.277344  0.341482  0.122734  0.109032  0.362398  0.099243  0.450096  0.188991  0.395323  0.551538  0.226021  0.436403  0.291364  0.197337  0.327481  0.633132  0.229744  0.502574  0.160925  0.342131  0.644607 
18  0.102465  0.263689  0.275525  0.134953  0.163228  0.111308  0.102689  0.253518  0.226866  0.328796  0.151362  0.304406  0.367489  0.521189  0.209508  0.481801  0.225634  0.285105 0.0  0.229531  0.173435  0.225186  0.310756  0.421624  0.184735  0.386389  0.422455  0.268307  0.208785  0.143452  0.703726  0.631815  0.121359  0.410901  0.172559  0.249385  0.134180  0.149551  0.229011  0.340766  0.420392  0.299799  0.269477  0.220031  0.222723  0.099737  0.236496  0.747391  0.147364  0.325928  0.300011  0.179099  0.323463  0.258644  0.144438  0.385518  0.359767  0.233850  0.122048  0.179528  0.268890  0.614305  0.509177  0.477587  0.548966  0.659004  0.385158  0.237417  0.254483  0.203824  0.566088  0.272223  0.169509  0.273706  0.256232  0.658880  0.161473  0.185450  0.691624  0.674344  0.536662  0.497397  0.124901  0.150812  0.149722  0.384876  0.497271  0.552303  0.485058  0.367633  0.535631  0.252200  0.475980  0.472703  0.701144  0.363958  0.168858  0.453509  0.570315  0.534942  0.513147  0.138757  0.189630  0.447994  0.347143  0.273619  0.308013  0.166924  0.342009  0.379697  0.404551  0.419462  0.257170  0.395988  0.519246  0.118559  0.788420  0.268063  0.269209  0.313308  0.311870  0.174716  0.528305  0.669073  0.697470  0.280735  0.668322  0.485996  0.405556  0.161045  0.623548  0.420730  0.568367  0.276794  0.370700  0.397258  0.662296  0.280310  0.150987  0.431503  0.290855  0.265098  0.714297  0.390332  0.222628  0.446138  0.236881  0.248596  0.222086  0.507713  0.541169  0.700294  0.550221  0.635412  0.501788  0.741407  0.534773  0.469935  0.597710  0.728448  0.390025  0.316698  0.540107  0.606154  0.602812  0.405699  0.314213  0.124899  0.215895  0.145340  0.673424  0.135850  0.184427  0.740815  0.531361  0.587444  0.482242  0.508876  0.269656  0.290921  0.208775  0.324887  0.530393  0.283882  0.159107  0.627988  0.386410  0.242402  0.098119  0.163306  0.198232  0.648473  0.156170  0.676925  0.214068  0.460226  0.707248 
19  0.245664  0.383778  0.433345  0.227138  0.289482  0.220796  0.249335  0.430247  0.426048  0.466618  0.195109  0.469741  0.485708  0.742070  0.106188  0.596884  0.352097  0.416706  0.229531 0.0  0.262754  0.366692  0.451653  0.493193  0.346367  0.468774  0.554259  0.427036  0.274228  0.215984  0.934256  0.760837  0.196217  0.517850  0.203165  0.414561  0.257628  0.277748  0.097458  0.440053  0.680665  0.471204  0.386774  0.364288  0.425052  0.240373  0.378705  0.847489  0.313774  0.387253  0.380891  0.304874  0.517479  0.340275  0.284160  0.442814  0.530457  0.408001  0.214306  0.304481  0.358901  0.751591  0.697753  0.696687  0.782608  0.709016  0.514123  0.378689  0.411868  0.376966  0.784886  0.385488  0.247144  0.356506  0.393549  0.681266  0.295614  0.257378  0.764853  0.745757  0.737855  0.560397  0.224904  0.202928  0.240097  0.488321  0.695346  0.681987  0.687035  0.445460  0.653217  0.395329  0.574019  0.600192  0.845131  0.535603  0.333066  0.570846  0.629546  0.637963  0.724265  0.187562  0.143472  0.694298  0.488674  0.411144  0.423616  0.149637  0.496567  0.509674  0.509991  0.669877  0.389248  0.537567  0.591087  0.203453  0.945472  0.102017  0.395505  0.436490  0.474506  0.252488  0.545229  0.888238  0.733699  0.389290  0.787862  0.677998  0.496534  0.256806  0.775281  0.616577  0.615213  0.128330  0.511891  0.581257  0.862749  0.357338  0.295083  0.690255  0.410311  0.111471  0.842289  0.541732  0.304636  0.616594  0.346108  0.429752  0.389979  0.677004  0.584179  0.861493  0.780409  0.809003  0.672305  0.895933  0.753032  0.664831  0.707724  0.712827  0.490549  0.513932  0.786994  0.785256  0.765338  0.614850  0.379727  0.186155  0.143050  0.248883  0.737440  0.216716  0.124764  0.915078  0.743035  0.741766  0.729375  0.541760  0.413911  0.399043  0.131599  0.442434  0.751419  0.433769  0.169471  0.941362  0.543183  0.129619  0.193850  0.313948  0.141232  0.836703  0.264401  0.974421  0.326198  0.617364  0.862106 
