197
0 0.0  0.265712  0.193255  0.155728  0.186624  0.078794  0.076096  0.290463  0.313186  0.343972  0.234702  0.309847  0.341769  0.427293  0.166092  0.425820  0.265257  0.289493  0.134320  0.266085  0.247837  0.259751  0.261853  0.384065  0.153371  0.449396  0.464812  0.314023  0.205958  0.146191  0.652182  0.669277  0.076096  0.242878  0.240239  0.148423  0.155742  0.180954  0.267314  0.421577  0.536821  0.268264  0.238861  0.287699  0.231568  0.076096  0.220490  0.768533  0.076096  0.202405  0.269329  0.198935  0.339675  0.225184  0.148482  0.396972  0.333424  0.228830  0.089545  0.200190  0.338471  0.748094  0.471971  0.507913  0.478707  0.459637  0.372994  0.254121  0.244080  0.336355  0.533778  0.145309  0.189137  0.138745  0.161079  0.621448  0.076096  0.252759  0.545537  0.620640  0.588092  0.540683  0.201106  0.203525  0.092921  0.299649  0.411349  0.558988  0.527445  0.359313  0.509918  0.238525  0.450130  0.536898  0.637372  0.461542  0.218318  0.251651  0.563773  0.398898  0.504019  0.201967  0.188288  0.350722  0.339714  0.281425  0.378381  0.202466  0.338143  0.402211  0.441243  0.488323  0.299664  0.500566  0.438488  0.153084  0.704695  0.216252  0.138994  0.353661  0.258589  0.170882  0.468841  0.592414  0.694615  0.331020  0.650286  0.435292  0.290460  0.163996  0.626640  0.558159  0.610505  0.336105  0.324565  0.332452  0.636219  0.154356  0.076096  0.524123  0.287915  0.193253  0.598570  0.306655  0.168087  0.356634  0.204928  0.142826  0.086741  0.481473  0.614590  0.711549  0.641393  0.656838  0.522987  0.777526  0.519138  0.562599  0.513230  0.603862  0.381305  0.268983  0.679822  0.637531  0.543802  0.414364  0.316184  0.130506  0.221495  0.180023  0.562417  0.193662  0.315424  0.658656  0.563671  0.621103  0.523685  0.529453  0.402305  0.227436  0.260180  0.283764  0.489153  0.369718  0.274307  0.552186  0.320183  0.322420  0.211737  0.180219  0.308953  0.666362  0.152245  0.674294  0.166377  0.520422  0.622038 
1  0.265712 0.0  0.076096  0.279719  0.195916  0.259576  0.187790  0.181956  0.089272  0.178977  0.272031  0.076096  0.268885  0.369356  0.398498  0.372945  0.193316  0.076096  0.233041  0.389249  0.194399  0.090285  0.187578  0.219430  0.205095  0.180961  0.310703  0.132585  0.076096  0.171161  0.405968  0.507737  0.350301  0.284314  0.269188  0.110723  0.237422  0.232634  0.357956  0.176602  0.271009  0.080724  0.076096  0.198079  0.137469  0.200738  0.173081  0.614439  0.218464  0.152519  0.144971  0.221370  0.256190  0.091128  0.120366  0.076096  0.107722  0.159296  0.250397  0.129612  0.108222  0.423743  0.267266  0.378987  0.477849  0.402470  0.222988  0.159929  0.122201  0.226383  0.382548  0.087064  0.225289  0.195719  0.076096  0.415212  0.139934  0.239051  0.444842  0.488341  0.321166  0.350767  0.231974  0.325995  0.126526  0.205954  0.346332  0.369433  0.430555  0.219887  0.338098  0.076096  0.324956  0.347379  0.485848  0.314996  0.076096  0.290023  0.374072  0.436902  0.327617  0.302537  0.300627  0.253390  0.127593  0.153090  0.076096  0.286668  0.301913  0.202970  0.160173  0.196734  0.222167  0.215151  0.364583  0.281519  0.521178  0.311664  0.163118  0.076096  0.172279  0.241241  0.354618  0.475183  0.613872  0.217749  0.640120  0.237493  0.305498  0.149050  0.569307  0.363464  0.461443  0.331532  0.286080  0.354704  0.437990  0.182027  0.211752  0.411990  0.076096  0.480617  0.484268  0.187248  0.107024  0.244153  0.136590  0.155035  0.076096  0.369962  0.378933  0.484075  0.517539  0.496870  0.350231  0.568853  0.402471  0.367133  0.475074  0.479431  0.244231  0.246387  0.440803  0.464461  0.314706  0.239675  0.204128  0.312941  0.345423  0.096563  0.567608  0.313784  0.341414  0.481814  0.333573  0.386223  0.254091  0.357051  0.087932  0.154188  0.281818  0.076096  0.496531  0.236615  0.377231  0.545605  0.211096  0.392384  0.299826  0.190985  0.301231  0.713483  0.217979  0.446157  0.208700  0.255337  0.642986 
2  0.193255  0.076096 0.0  0.185012  0.211707  0.299483  0.291927  0.076096  0.105096  0.106232  0.366821  0.076096  0.195275  0.198764  0.425785  0.291191  0.130684  0.158575  0.302778  0.413500  0.229350  0.144498  0.076096  0.208072  0.193320  0.172569  0.306272  0.141503  0.161788  0.214795  0.470263  0.475223  0.339505  0.232670  0.293995  0.106498  0.287427  0.258758  0.412338  0.160868  0.284972  0.196716  0.232421  0.149276  0.076096  0.382787  0.076096  0.588960  0.179787  0.185879  0.115313  0.193224  0.109800  0.100109  0.160066  0.266066  0.216103  0.076096  0.342414  0.128174  0.109309  0.515295  0.260564  0.301584  0.419079  0.421864  0.244031  0.129429  0.076096  0.219847  0.478318  0.235430  0.267286  0.076096  0.076096  0.520957  0.244684  0.286525  0.401228  0.441862  0.434709  0.372396  0.299346  0.311109  0.233043  0.231860  0.263146  0.317701  0.470585  0.210076  0.408645  0.088702  0.300796  0.368675  0.434235  0.157031  0.209817  0.090621  0.396887  0.314614  0.252504  0.377105  0.351149  0.305427  0.158563  0.076096  0.211262  0.377017  0.107356  0.092788  0.241662  0.195419  0.149734  0.224198  0.326582  0.340512  0.536099  0.445023  0.119674  0.076096  0.076096  0.193977  0.300753  0.525264  0.453138  0.130382  0.441166  0.278209  0.142241  0.211168  0.637784  0.300082  0.436454  0.428244  0.157840  0.192218  0.425169  0.203342  0.116855  0.378795  0.076096  0.347828  0.365031  0.250128  0.113666  0.170160  0.076096  0.196375  0.076096  0.311725  0.309475  0.454469  0.532128  0.497049  0.361775  0.528566  0.481343  0.231794  0.368735  0.611641  0.159603  0.097946  0.491687  0.559722  0.347206  0.267452  0.077902  0.221114  0.305521  0.274555  0.587960  0.286743  0.438311  0.538376  0.472896  0.434226  0.303523  0.199495  0.119004  0.089717  0.415647  0.103239  0.458485  0.207741  0.388148  0.473783  0.277295  0.429907  0.312944  0.216301  0.346374  0.625174  0.310145  0.573694  0.161557  0.313173  0.580462 
3  0.155728  0.279719  0.185012 0.0  0.156244  0.099817  0.177507  0.282218  0.256816  0.275305  0.260660  0.171306  0.297619  0.440708  0.316521  0.403184  0.289063  0.323706  0.117111  0.313142  0.111612  0.076096  0.183835  0.396611  0.173440  0.428596  0.390980  0.076096  0.107186  0.146416  0.570999  0.706414  0.115909  0.370821  0.096259  0.166328  0.136298  0.173961  0.213278  0.361639  0.322276  0.243502  0.291625  0.153405  0.318729  0.098777  0.120241  0.688162  0.119201  0.251270  0.141447  0.118801  0.240970  0.141105  0.076096  0.363285  0.246553  0.228826  0.200524  0.134527  0.295809  0.577285  0.522386  0.442130  0.456002  0.491908  0.310534  0.228861  0.148432  0.138023  0.671840  0.176842  0.166747  0.227855  0.192927  0.689830  0.085195  0.151766  0.576968  0.578784  0.470261  0.517899  0.100513  0.140891  0.196107  0.246775  0.444497  0.442612  0.484499  0.413527  0.540656  0.092446  0.393740  0.551644  0.562917  0.340046  0.125684  0.291697  0.502983  0.471876  0.437230  0.176766  0.197780  0.463846  0.281284  0.208594  0.181778  0.215112  0.264679  0.298009  0.339652  0.434838  0.167305  0.307192  0.420542  0.091310  0.712770  0.314906  0.200984  0.222910  0.241184  0.080691  0.481944  0.685177  0.717474  0.289486  0.622804  0.484482  0.374701  0.113408  0.667444  0.317050  0.384158  0.230186  0.222844  0.365362  0.638336  0.240240  0.076096  0.542140  0.269768  0.225718  0.559597  0.242074  0.160412  0.404093  0.161789  0.122365  0.215624  0.503284  0.463073  0.579212  0.534847  0.452470  0.369988  0.666342  0.557499  0.502349  0.499788  0.560410  0.404316  0.267940  0.622555  0.551710  0.445317  0.513946  0.311663  0.192470  0.155834  0.200929  0.718148  0.303439  0.161952  0.491256  0.508822  0.427956  0.474301  0.583613  0.179560  0.172788  0.149356  0.367958  0.591588  0.279684  0.210637  0.666971  0.306593  0.334675  0.106502  0.091691  0.278549  0.665426  0.143176  0.540983  0.153506  0.451241  0.764152 
4  0.186624  0.195916  0.211707  0.156244 0.0  0.127971  0.114044  0.226953  0.149479  0.323650  0.127057  0.302087  0.323962  0.453404  0.171050  0.453640  0.112325  0.251018  0.230183  0.267166  0.115305  0.131022  0.153703  0.413413  0.103005  0.361420  0.419016  0.227980  0.214507  0.076096  0.550718  0.577279  0.204868  0.335623  0.167569  0.184119  0.081930  0.076096  0.243912  0.247955  0.313553  0.183578  0.178394  0.243801  0.192814  0.129195  0.258138  0.674250  0.117294  0.201270  0.240123  0.076096  0.269933  0.169597  0.112108  0.247689  0.288567  0.208130  0.282148  0.242551  0.217949  0.661906  0.449909  0.593793  0.454094  0.412000  0.383856  0.208215  0.155424  0.218819  0.606853  0.190837  0.082149  0.199789  0.162823  0.578110  0.100884  0.165048  0.598328  0.574323  0.491455  0.462367  0.234072  0.156771  0.101581  0.322311  0.389213  0.372332  0.596606  0.323122  0.513311  0.289077  0.365306  0.424989  0.496018  0.306429  0.123009  0.361565  0.410098  0.384809  0.489319  0.251230  0.209635  0.363056  0.242873  0.111425  0.263759  0.256061  0.244691  0.325412  0.273560  0.378447  0.203501  0.436718  0.431092  0.198364  0.599999  0.379914  0.234098  0.245427  0.257287  0.095267  0.451499  0.656881  0.685064  0.168163  0.709932  0.393461  0.287489  0.172225  0.661726  0.357086  0.389811  0.341674  0.356184  0.297157  0.654224  0.272352  0.189863  0.476468  0.260510  0.343282  0.589336  0.321796  0.076096  0.358269  0.186983  0.109179  0.171044  0.525217  0.418516  0.616752  0.620620  0.532524  0.472956  0.779560  0.485968  0.506921  0.546464  0.713321  0.313301  0.310177  0.527973  0.600161  0.527935  0.364987  0.188354  0.137660  0.235405  0.079313  0.681355  0.135766  0.186434  0.550651  0.511359  0.517445  0.455998  0.521618  0.171264  0.247521  0.177997  0.259358  0.565434  0.238232  0.217806  0.651206  0.381837  0.238589  0.076096  0.170343  0.286669  0.631298  0.076096  0.631373  0.144180  0.409980  0.722064 
5  0.078794  0.259576  0.299483  0.099817  0.127971 0.0  0.108783  0.276701  0.231770  0.265115  0.259309  0.239637  0.388338  0.544538  0.192170  0.503285  0.217563  0.268161  0.143761  0.262070  0.163627  0.189671  0.311950  0.430112  0.202004  0.480576  0.489002  0.382493  0.224700  0.188542  0.672075  0.628054  0.144802  0.359302  0.235025  0.271218  0.087128  0.076096  0.226727  0.342430  0.365054  0.329612  0.315572  0.325183  0.132944  0.084961  0.207449  0.695248  0.141233  0.278492  0.247647  0.076096  0.392923  0.334689  0.171737  0.375658  0.317851  0.221897  0.102243  0.231694  0.227877  0.641705  0.592030  0.519742  0.532704  0.604726  0.388506  0.226035  0.213992  0.152330  0.516808  0.272241  0.126981  0.267251  0.327325  0.687538  0.135119  0.187428  0.650122  0.727799  0.450646  0.585500  0.091741  0.099845  0.136699  0.399225  0.446012  0.493449  0.454786  0.353280  0.626382  0.232134  0.527378  0.527456  0.534989  0.322022  0.128162  0.396602  0.466947  0.555881  0.461623  0.076096  0.233577  0.516760  0.408840  0.322717  0.395174  0.123919  0.288879  0.289704  0.264149  0.484851  0.195499  0.473229  0.415776  0.229905  0.796588  0.320520  0.319165  0.273674  0.334604  0.155256  0.572356  0.646346  0.750219  0.408911  0.699750  0.470924  0.509161  0.120862  0.707124  0.349237  0.520254  0.276269  0.382302  0.390887  0.614452  0.284119  0.291098  0.551904  0.354815  0.241863  0.605672  0.474247  0.171058  0.470905  0.272770  0.203544  0.232677  0.559314  0.592207  0.608506  0.739120  0.563896  0.561535  0.686442  0.628871  0.612905  0.597661  0.640957  0.292000  0.250788  0.651335  0.698224  0.568937  0.505051  0.367808  0.201197  0.196353  0.130200  0.678527  0.076096  0.194525  0.721111  0.441617  0.648761  0.505533  0.514761  0.248618  0.397883  0.215785  0.227546  0.603105  0.337433  0.117312  0.612947  0.346346  0.349023  0.151902  0.298973  0.114453  0.723115  0.170229  0.690560  0.162047  0.444603  0.801729 
6  0.076096  0.187790  0.291927  0.177507  0.114044  0.108783 0.0  0.294908  0.219788  0.332089  0.228417  0.245499  0.351306  0.561718  0.152438  0.430542  0.370735  0.299807  0.154571  0.199117  0.285446  0.200664  0.325975  0.364915  0.116929  0.337948  0.494125  0.198460  0.184839  0.151218  0.645918  0.595498  0.158994  0.267464  0.158940  0.144482  0.215741  0.147968  0.246905  0.331154  0.445002  0.405144  0.233936  0.259366  0.164370  0.167845  0.299050  0.743270  0.101553  0.320787  0.346085  0.262861  0.314937  0.370220  0.137362  0.211439  0.329709  0.289434  0.076096  0.201790  0.262473  0.666727  0.483789  0.547057  0.544893  0.521915  0.371727  0.298129  0.246330  0.076096  0.575213  0.173404  0.207411  0.226479  0.231094  0.655136  0.106970  0.097316  0.639933  0.569542  0.385274  0.555462  0.086256  0.113710  0.270966  0.391729  0.484506  0.443745  0.506400  0.334997  0.515045  0.359351  0.372083  0.416664  0.563072  0.353212  0.212831  0.379784  0.472312  0.588858  0.459058  0.114087  0.175564  0.494125  0.299019  0.238813  0.276988  0.167648  0.292333  0.339913  0.382197  0.389509  0.161254  0.382292  0.508113  0.127816  0.737728  0.128297  0.256751  0.270925  0.350520  0.077310  0.536907  0.690197  0.669686  0.202971  0.638091  0.448705  0.368698  0.187140  0.712758  0.449701  0.493786  0.333390  0.300287  0.425594  0.669880  0.219456  0.119128  0.615220  0.201277  0.206253  0.566095  0.407603  0.117478  0.383210  0.213292  0.295352  0.184520  0.536207  0.461813  0.565362  0.684221  0.692598  0.530500  0.803563  0.643961  0.503161  0.545918  0.747399  0.376171  0.346127  0.729581  0.550046  0.554430  0.397687  0.345577  0.076096  0.167602  0.076096  0.610389  0.274874  0.363612  0.700809  0.454919  0.522849  0.472621  0.538704  0.199546  0.244484  0.151909  0.312289  0.576431  0.380603  0.173290  0.657959  0.370723  0.357595  0.076096  0.118118  0.213586  0.806470  0.079125  0.641606  0.221210  0.475663  0.648210 
7  0.290463  0.181956  0.076096  0.282218  0.226953  0.276701  0.294908 0.0  0.076096  0.200977  0.303532  0.097628  0.150030  0.415832  0.467191  0.312953  0.194890  0.086164  0.258603  0.321444  0.205288  0.147726  0.112024  0.143995  0.232188  0.153390  0.340866  0.139058  0.095712  0.233603  0.510168  0.478785  0.230859  0.099040  0.236683  0.099452  0.283579  0.408818  0.439239  0.171673  0.348771  0.086077  0.156646  0.158842  0.107804  0.262775  0.114569  0.605918  0.207916  0.090404  0.086619  0.250311  0.098903  0.076096  0.228211  0.289844  0.115829  0.179211  0.297849  0.193369  0.157746  0.463619  0.340212  0.325480  0.391728  0.432975  0.228478  0.195000  0.182309  0.076096  0.461620  0.076096  0.335767  0.076096  0.076096  0.384091  0.249261  0.304875  0.461524  0.411260  0.321268  0.402254  0.351079  0.365552  0.171939  0.247185  0.346084  0.381472  0.390998  0.251281  0.372938  0.082684  0.236639  0.328783  0.506952  0.209891  0.228511  0.243336  0.415025  0.359295  0.278570  0.225558  0.365583  0.222429  0.205717  0.076096  0.092523  0.263782  0.134699  0.159072  0.274909  0.200859  0.131874  0.167863  0.319660  0.235493  0.619781  0.411334  0.156319  0.203409  0.151736  0.308466  0.327505  0.559884  0.496761  0.076096  0.499066  0.280625  0.225377  0.217175  0.467400  0.306003  0.386656  0.330015  0.175793  0.200947  0.403705  0.134615  0.157874  0.348777  0.116247  0.521408  0.454981  0.337703  0.076096  0.219748  0.076096  0.076096  0.165730  0.388698  0.391082  0.381950  0.479561  0.497176  0.325899  0.555201  0.363859  0.362111  0.353902  0.489803  0.191274  0.205415  0.535263  0.469559  0.395135  0.345511  0.175313  0.302729  0.337454  0.260244  0.591650  0.316572  0.497510  0.486387  0.279833  0.392123  0.363087  0.317163  0.156016  0.076096  0.329762  0.147882  0.352003  0.135407  0.465311  0.545880  0.285015  0.398454  0.304136  0.132465  0.335918  0.670316  0.189959  0.529335  0.200912  0.272662  0.558488 
8  0.313186  0.089272  0.105096  0.256816  0.149479  0.231770  0.219788  0.076096 0.0  0.115305  0.390076  0.115100  0.232266  0.313717  0.402258  0.313778  0.189982  0.076096  0.407935  0.384877  0.227438  0.076096  0.137608  0.222094  0.116890  0.312781  0.277150  0.110908  0.186159  0.160032  0.410148  0.464502  0.304129  0.256466  0.331985  0.130840  0.258436  0.302397  0.418290  0.137628  0.255364  0.157804  0.214615  0.115516  0.133246  0.184852  0.184163  0.584603  0.161570  0.092285  0.140546  0.292648  0.119036  0.117743  0.286887  0.258995  0.237589  0.198306  0.301554  0.124948  0.238238  0.506032  0.424903  0.387293  0.312867  0.351409  0.249781  0.170971  0.119222  0.257773  0.457739  0.111203  0.315903  0.076096  0.155443  0.569706  0.286921  0.229412  0.521535  0.367637  0.509438  0.319828  0.292148  0.353895  0.177835  0.231447  0.285106  0.331969  0.407215  0.265121  0.318215  0.076096  0.336955  0.433240  0.408044  0.285975  0.095479  0.261477  0.510426  0.258580  0.436733  0.280129  0.280855  0.260125  0.144475  0.132305  0.076096  0.382838  0.232425  0.184877  0.229646  0.372111  0.076096  0.201241  0.432334  0.175986  0.489305  0.384732  0.076096  0.129307  0.107296  0.168983  0.382513  0.491743  0.628336  0.189693  0.516045  0.332026  0.279066  0.284116  0.558723  0.261947  0.409920  0.459313  0.126392  0.229306  0.510464  0.076096  0.120338  0.357233  0.076096  0.467377  0.549129  0.260369  0.187454  0.244885  0.144117  0.081219  0.076096  0.384248  0.339902  0.489497  0.400214  0.473962  0.299060  0.582174  0.517517  0.389106  0.400808  0.568106  0.277022  0.200188  0.527165  0.484909  0.430022  0.295613  0.139295  0.289678  0.355931  0.266173  0.550870  0.303139  0.307549  0.508985  0.381090  0.394242  0.343711  0.147341  0.076096  0.135715  0.320943  0.112381  0.382146  0.185959  0.480050  0.475955  0.279625  0.534362  0.285499  0.118218  0.303398  0.550272  0.315911  0.519592  0.096744  0.280643  0.701828 
9  0.343972  0.178977  0.106232  0.275305  0.323650  0.265115  0.332089  0.200977  0.115305 0.0  0.409049  0.161178  0.076096  0.190314  0.491937  0.376613  0.097571  0.132431  0.295236  0.498277  0.317262  0.136645  0.206908  0.112042  0.184364  0.092191  0.275256  0.076096  0.275358  0.331660  0.427067  0.460476  0.375851  0.188744  0.385223  0.165238  0.243111  0.232801  0.505487  0.171028  0.166726  0.127523  0.076096  0.258653  0.268703  0.353721  0.093078  0.477385  0.223576  0.108099  0.118396  0.332057  0.211998  0.178477  0.250217  0.217555  0.109864  0.096385  0.396886  0.301747  0.155077  0.376363  0.314286  0.344393  0.235920  0.350662  0.206380  0.209952  0.145384  0.176745  0.243701  0.228896  0.294030  0.133188  0.234018  0.315885  0.204030  0.284264  0.448723  0.331661  0.392954  0.287732  0.373578  0.318431  0.303509  0.147918  0.253333  0.305565  0.307422  0.098396  0.321557  0.147234  0.248344  0.316318  0.377771  0.154574  0.218279  0.076096  0.330768  0.181871  0.227194  0.431975  0.446922  0.245652  0.151817  0.154931  0.076096  0.309171  0.107331  0.116459  0.079473  0.225633  0.113367  0.280907  0.338541  0.377353  0.487808  0.544020  0.076096  0.076096  0.168534  0.346557  0.377469  0.381033  0.516889  0.171468  0.434642  0.422767  0.112257  0.319857  0.478731  0.250174  0.471012  0.542221  0.127606  0.113596  0.434658  0.132826  0.372141  0.267070  0.217022  0.473086  0.496992  0.161457  0.229274  0.235573  0.191970  0.139421  0.140593  0.260850  0.268302  0.422948  0.362553  0.408746  0.283509  0.528141  0.405392  0.263414  0.265274  0.564551  0.111355  0.076096  0.351495  0.408342  0.427803  0.218171  0.126149  0.285435  0.412981  0.286475  0.502921  0.268333  0.378836  0.430608  0.284585  0.302270  0.164161  0.305062  0.123523  0.076096  0.379409  0.209948  0.354066  0.076096  0.434271  0.381402  0.223552  0.447830  0.281639  0.230583  0.463449  0.527041  0.247416  0.405740  0.160041  0.190433  0.559092 
10  0.234702  0.272031  0.366821  0.260660  0.127057  0.259309  0.228417  0.303532  0.390076  0.409049 0.0  0.270775  0.451708  0.583204  0.331041  0.614687  0.217101  0.445378  0.097986  0.276957  0.189155  0.172666  0.350870  0.470809  0.328535  0.443763  0.557877  0.241879  0.201530  0.165170  0.735057  0.609480  0.118492  0.366552  0.108366  0.226676  0.243886  0.165343  0.123427  0.433628  0.481637  0.327137  0.330333  0.243785  0.305954  0.154332  0.161128  0.781381  0.338424  0.295637  0.240809  0.225075  0.420364  0.301359  0.149800  0.428175  0.366255  0.285992  0.183082  0.160517  0.374726  0.604676  0.583228  0.578382  0.571943  0.539136  0.477185  0.262310  0.240989  0.248216  0.525147  0.250679  0.227587  0.386007  0.230272  0.626895  0.347465  0.156929  0.575863  0.678512  0.580500  0.546522  0.112572  0.100642  0.076096  0.481296  0.538059  0.558147  0.538214  0.403422  0.546529  0.394814  0.586412  0.579920  0.645126  0.445223  0.130799  0.461657  0.518025  0.683171  0.544399  0.124799  0.152584  0.521661  0.484737  0.368174  0.234520  0.174975  0.340471  0.286274  0.503186  0.395313  0.327816  0.508120  0.544878  0.147051  0.727419  0.143639  0.254186  0.373967  0.327923  0.267468  0.614389  0.808402  0.734648  0.229602  0.775359  0.637315  0.516465  0.304139  0.812014  0.435705  0.588818  0.155554  0.390515  0.458069  0.692580  0.241269  0.197430  0.489177  0.334313  0.200409  0.667044  0.507740  0.130693  0.597677  0.352418  0.305998  0.301819  0.637215  0.584114  0.819477  0.695098  0.598039  0.584396  0.846301  0.585223  0.583681  0.649393  0.813744  0.451656  0.358809  0.713230  0.759449  0.509272  0.432720  0.355361  0.187797  0.143626  0.079680  0.773319  0.146141  0.284017  0.599410  0.542642  0.603641  0.668641  0.668619  0.251501  0.322477  0.162579  0.386824  0.663647  0.285491  0.178157  0.707428  0.451142  0.190969  0.181485  0.195207  0.076096  0.822620  0.095561  0.737936  0.249824  0.508608  0.884253 
11  0.309847  0.076096  0.076096  0.171306  0.302087  0.239637  0.245499  0.097628  0.115100  0.161178  0.270775 0.0  0.204575  0.272934  0.455553  0.322899  0.199512  0.188732  0.366330  0.316593  0.162372  0.076096  0.214709  0.205708  0.236408  0.268335  0.290339  0.076096  0.224568  0.255696  0.447080  0.423455  0.281494  0.165926  0.265052  0.186801  0.233974  0.194445  0.459346  0.095569  0.266530  0.152724  0.088702  0.223133  0.088884  0.238304  0.098404  0.540891  0.113098  0.107419  0.076096  0.110306  0.191959  0.216851  0.194233  0.140152  0.084156  0.112852  0.297638  0.195424  0.268488  0.396223  0.379028  0.302542  0.374438  0.357050  0.126834  0.197138  0.085576  0.100327  0.376190  0.076096  0.228600  0.094235  0.088791  0.417060  0.212721  0.301722  0.355588  0.399825  0.358132  0.385429  0.386234  0.308122  0.309034  0.327518  0.308687  0.292043  0.326701  0.090112  0.353307  0.076096  0.344487  0.343014  0.426625  0.181572  0.167245  0.248645  0.276326  0.320547  0.329360  0.256045  0.291958  0.274211  0.076096  0.173079  0.179840  0.370817  0.198693  0.092374  0.163242  0.159907  0.174481  0.248298  0.372482  0.329753  0.558811  0.480199  0.167538  0.076096  0.126991  0.300996  0.235507  0.572770  0.517024  0.124148  0.549321  0.338765  0.198819  0.226524  0.514917  0.159170  0.306174  0.377109  0.140080  0.285085  0.511379  0.104151  0.294565  0.431809  0.203802  0.426289  0.487969  0.230492  0.203276  0.141144  0.079353  0.184901  0.234322  0.406005  0.313521  0.493832  0.454253  0.437867  0.285853  0.497803  0.218592  0.327559  0.327865  0.517741  0.159135  0.252150  0.470047  0.443088  0.332827  0.230720  0.143131  0.380644  0.413164  0.276021  0.538833  0.226866  0.255927  0.443331  0.210857  0.381891  0.164331  0.226318  0.119921  0.156524  0.406695  0.112925  0.400258  0.171737  0.400816  0.554767  0.185981  0.586244  0.320727  0.210342  0.326724  0.638355  0.330022  0.390267  0.153265  0.165201  0.572771 
12  0.341769  0.268885  0.195275  0.297619  0.323962  0.388338  0.351306  0.150030  0.232266  0.076096  0.451708  0.204575 0.0  0.187336  0.402865  0.314201  0.174865  0.167500  0.341093  0.546544  0.337223  0.222784  0.208863  0.076096  0.332872  0.076096  0.141298  0.138913  0.283680  0.416466  0.243583  0.339082  0.499056  0.165540  0.478167  0.231653  0.313699  0.343438  0.627794  0.161079  0.076096  0.196720  0.146264  0.260306  0.346350  0.472043  0.134872  0.479376  0.304773  0.169273  0.303509  0.085215  0.295411  0.181525  0.295446  0.146546  0.115246  0.222241  0.439291  0.380903  0.244746  0.331487  0.235416  0.261476  0.214129  0.197906  0.171738  0.274548  0.267623  0.335452  0.227846  0.202960  0.376799  0.159150  0.194632  0.333594  0.243860  0.254146  0.335273  0.348659  0.239721  0.360906  0.436477  0.443491  0.388073  0.198833  0.279526  0.279596  0.325284  0.206862  0.186530  0.175827  0.193998  0.176140  0.346591  0.094665  0.326971  0.258792  0.329192  0.222584  0.235015  0.494394  0.418037  0.233915  0.207271  0.145256  0.142823  0.487123  0.156259  0.155458  0.127243  0.076096  0.194799  0.215657  0.365543  0.441013  0.402682  0.498327  0.192935  0.076096  0.296787  0.360995  0.184999  0.357844  0.463195  0.273353  0.338417  0.266383  0.154234  0.267918  0.438751  0.099230  0.340287  0.553696  0.178813  0.225086  0.399205  0.148174  0.288111  0.269171  0.174179  0.481377  0.352831  0.076096  0.300608  0.211230  0.154332  0.206346  0.220917  0.334801  0.263170  0.341748  0.383715  0.328001  0.295027  0.521803  0.365476  0.257842  0.215050  0.446928  0.184236  0.203561  0.383988  0.304405  0.306674  0.208540  0.202397  0.343359  0.445228  0.424672  0.470091  0.439722  0.544323  0.348540  0.148425  0.289485  0.208755  0.325276  0.275827  0.076096  0.402977  0.212798  0.347337  0.187090  0.482900  0.392330  0.137239  0.544534  0.332690  0.272646  0.450304  0.612575  0.312153  0.270856  0.263631  0.140352  0.499465 
13  0.427293  0.369356  0.198764  0.440708  0.453404  0.544538  0.561718  0.415832  0.313717  0.190314  0.583204  0.272934  0.187336 0.0  0.642122  0.091778  0.363715  0.332380  0.596364  0.628007  0.548437  0.352499  0.305278  0.140157  0.395608  0.230932  0.219535  0.407160  0.331560  0.552551  0.110033  0.240784  0.350108  0.295629  0.588412  0.251742  0.384143  0.391168  0.610966  0.267096  0.161879  0.245836  0.358891  0.337525  0.355621  0.568621  0.406842  0.338331  0.395301  0.295583  0.295332  0.412490  0.357832  0.333237  0.356455  0.257796  0.268258  0.219248  0.497651  0.343702  0.379436  0.163886  0.142957  0.100446  0.125172  0.169272  0.305372  0.398572  0.303738  0.423210  0.222204  0.403372  0.510907  0.287825  0.348543  0.281330  0.433112  0.660130  0.187152  0.286248  0.237150  0.141252  0.585946  0.583180  0.442838  0.231038  0.202657  0.163470  0.482708  0.329859  0.260491  0.378154  0.076096  0.076096  0.190099  0.222053  0.377579  0.184607  0.285477  0.159253  0.126307  0.608696  0.618606  0.094525  0.278685  0.210617  0.285100  0.636367  0.306561  0.183251  0.285483  0.076096  0.264777  0.085314  0.468548  0.581077  0.280694  0.698264  0.428697  0.287062  0.212736  0.440014  0.170747  0.255258  0.328758  0.275921  0.385514  0.097890  0.130685  0.407026  0.440551  0.099068  0.467818  0.682913  0.372316  0.126425  0.293581  0.288007  0.405082  0.076096  0.315113  0.638716  0.296203  0.155262  0.406337  0.076096  0.359274  0.392272  0.430099  0.285559  0.187072  0.221032  0.247503  0.248300  0.195664  0.362420  0.193786  0.081739  0.110190  0.546221  0.306499  0.305311  0.288304  0.369003  0.244941  0.137902  0.290534  0.505555  0.569907  0.531763  0.399971  0.565969  0.549515  0.239016  0.114097  0.193459  0.107812  0.214054  0.285151  0.344257  0.561402  0.282630  0.269867  0.209162  0.551563  0.422739  0.244641  0.719931  0.505961  0.476912  0.582938  0.486952  0.526402  0.388462  0.382674  0.137661  0.504589 
14  0.166092  0.398498  0.425785  0.316521  0.171050  0.192170  0.152438  0.467191  0.402258  0.491937  0.331041  0.455553  0.402865  0.642122 0.0  0.745295  0.400163  0.307446  0.240010  0.076096  0.311995  0.443881  0.404683  0.498836  0.349947  0.607034  0.589265  0.408063  0.328535  0.251286  0.789271  0.603186  0.136624  0.540082  0.249206  0.351508  0.170481  0.258677  0.182121  0.445936  0.528373  0.468630  0.374216  0.342452  0.344923  0.251503  0.469867  0.780725  0.239036  0.548721  0.416786  0.182362  0.425883  0.359042  0.330841  0.484278  0.488739  0.455420  0.076096  0.287280  0.425718  0.698866  0.775229  0.698351  0.646529  0.716352  0.443184  0.432585  0.408637  0.347271  0.749640  0.406992  0.258131  0.406181  0.435020  0.702904  0.203696  0.349344  0.740711  0.751067  0.616334  0.693400  0.226120  0.138976  0.271885  0.604766  0.568053  0.691108  0.666298  0.444315  0.647308  0.337336  0.598275  0.595150  0.751857  0.525603  0.332485  0.494545  0.595032  0.574944  0.711085  0.154693  0.076096  0.516361  0.455306  0.366301  0.389337  0.240272  0.384700  0.510875  0.533770  0.573906  0.433740  0.559188  0.472781  0.171132  0.746387  0.103625  0.423596  0.360232  0.476683  0.259174  0.677572  0.629173  0.826170  0.397879  0.727305  0.635428  0.651959  0.247411  0.843498  0.460781  0.565024  0.237723  0.348951  0.562692  0.874302  0.384000  0.295762  0.668303  0.328133  0.169373  0.682155  0.519098  0.391571  0.582216  0.315854  0.403565  0.375263  0.616074  0.651183  0.737632  0.638075  0.808197  0.531062  0.893901  0.797271  0.644788  0.790222  0.795319  0.453759  0.420654  0.803426  0.763977  0.739056  0.575291  0.469465  0.109983  0.076096  0.215776  0.894846  0.159716  0.076096  0.876336  0.764965  0.732146  0.610497  0.628268  0.468543  0.310777  0.076120  0.302463  0.672105  0.472783  0.237933  0.809697  0.564535  0.134412  0.163187  0.191039  0.157578  0.880692  0.372876  0.807549  0.371022  0.606356  0.851819 
15  0.425820  0.372945  0.291191  0.403184  0.453640  0.503285  0.430542  0.312953  0.313778  0.376613  0.614687  0.322899  0.314201  0.091778  0.745295 0.0  0.368507  0.302114  0.523943  0.675310  0.457852  0.416659  0.307590  0.193896  0.506472  0.207538  0.259228  0.313602  0.361694  0.375865  0.105445  0.244631  0.697858  0.267757  0.528625  0.399106  0.377240  0.412703  0.652315  0.217937  0.076096  0.284564  0.343016  0.489924  0.295808  0.432995  0.342026  0.343606  0.394675  0.391272  0.344136  0.426091  0.298760  0.390007  0.547022  0.273061  0.324246  0.382479  0.522279  0.481735  0.309296  0.282947  0.162448  0.131980  0.152917  0.190865  0.216069  0.412250  0.388946  0.363347  0.342339  0.356922  0.547368  0.286095  0.419529  0.112463  0.448903  0.471857  0.172586  0.175306  0.240792  0.205684  0.533169  0.514920  0.468837  0.224147  0.185226  0.173175  0.362737  0.305071  0.196014  0.275632  0.155350  0.076096  0.181931  0.286633  0.372540  0.219137  0.186567  0.257676  0.118446  0.658053  0.553398  0.076096  0.243099  0.362116  0.236268  0.649295  0.241982  0.265565  0.271621  0.089140  0.356303  0.092850  0.432039  0.506518  0.270365  0.727933  0.401302  0.432746  0.370168  0.444636  0.138287  0.226894  0.278851  0.228664  0.191876  0.076096  0.135708  0.515838  0.500517  0.136364  0.352381  0.678555  0.302606  0.164858  0.167382  0.352251  0.428328  0.220900  0.491922  0.817404  0.297075  0.132338  0.384644  0.191896  0.268452  0.239859  0.431486  0.222527  0.288724  0.208272  0.295287  0.216860  0.145589  0.361517  0.197945  0.153511  0.141275  0.609930  0.279589  0.300976  0.144846  0.244453  0.263807  0.280749  0.293395  0.554035  0.577933  0.539004  0.473998  0.566600  0.714963  0.272553  0.076096  0.328423  0.076096  0.184599  0.321675  0.228176  0.566399  0.318986  0.361113  0.275327  0.651085  0.426162  0.301814  0.729560  0.545478  0.447693  0.608479  0.514193  0.542501  0.246861  0.380897  0.189452  0.482547 
16  0.265257  0.193316  0.130684  0.289063  0.112325  0.217563  0.370735  0.194890  0.189982  0.097571  0.217101  0.199512  0.174865  0.363715  0.400163  0.368507 0.0  0.096278  0.204408  0.364853  0.168537  0.191650  0.162003  0.303991  0.123253  0.329978  0.343488  0.182525  0.158636  0.254790  0.417373  0.630335  0.248967  0.173417  0.188295  0.127779  0.228611  0.152009  0.511875  0.261060  0.264882  0.160697  0.147195  0.142581  0.091765  0.298815  0.076096  0.633939  0.205694  0.243827  0.196155  0.175197  0.189150  0.076577  0.178668  0.212020  0.218540  0.106980  0.296866  0.076096  0.096484  0.469601  0.315222  0.453532  0.370381  0.282247  0.197739  0.076096  0.176640  0.125955  0.501076  0.114881  0.136835  0.113277  0.310261  0.444346  0.205631  0.083848  0.489080  0.478470  0.484223  0.382351  0.396952  0.311694  0.153802  0.177136  0.313290  0.416302  0.486778  0.347294  0.298812  0.177072  0.280465  0.468372  0.503730  0.290985  0.157611  0.268456  0.520030  0.423525  0.306323  0.442484  0.312027  0.316179  0.145441  0.149244  0.136141  0.341383  0.189544  0.189696  0.207187  0.321246  0.076096  0.271200  0.534952  0.347530  0.568124  0.508303  0.203560  0.153985  0.076096  0.232684  0.312988  0.488796  0.640836  0.076096  0.470420  0.292359  0.291276  0.161017  0.539147  0.172606  0.442128  0.379975  0.166818  0.256816  0.590358  0.125060  0.233273  0.358589  0.124401  0.412466  0.401563  0.323015  0.132798  0.328284  0.226442  0.100922  0.169563  0.354364  0.249132  0.558544  0.564675  0.455230  0.420018  0.650009  0.533432  0.422834  0.378352  0.524502  0.288486  0.301174  0.548839  0.429223  0.323003  0.446949  0.113922  0.298196  0.300506  0.238827  0.566248  0.308765  0.368523  0.515566  0.380644  0.463815  0.408418  0.272267  0.120102  0.187232  0.386901  0.131951  0.540245  0.076096  0.331366  0.587904  0.359744  0.489164  0.183579  0.265182  0.355735  0.685855  0.299881  0.589498  0.101380  0.367144  0.550674 
17  0.289493  0.076096  0.158575  0.323706  0.251018  0.268161  0.299807  0.086164  0.076096  0.132431  0.445378  0.188732  0.167500  0.332380  0.307446  0.302114  0.096278 0.0  0.232326  0.483794  0.241842  0.112915  0.076096  0.076096  0.191394  0.200047  0.245023  0.076114  0.139114  0.282889  0.567727  0.470767  0.345745  0.133922  0.288949  0.105494  0.141824  0.210549  0.475605  0.089777  0.258785  0.085187  0.076096  0.122807  0.085549  0.356035  0.135537  0.614735  0.219565  0.076887  0.083542  0.076096  0.273403  0.076096  0.270171  0.255166  0.217860  0.076096  0.262955  0.248071  0.076096  0.415997  0.396021  0.341719  0.384519  0.424186  0.147583  0.076096  0.121370  0.189736  0.471920  0.076096  0.305763  0.103366  0.082964  0.347995  0.230694  0.264876  0.495505  0.559241  0.342930  0.317183  0.275827  0.284318  0.339303  0.270819  0.295635  0.237269  0.392420  0.204921  0.381066  0.082399  0.172448  0.220349  0.471682  0.207715  0.154054  0.131579  0.291968  0.288405  0.325862  0.365528  0.280527  0.298452  0.081647  0.089656  0.133883  0.274555  0.165738  0.160602  0.243358  0.267344  0.076096  0.183571  0.355074  0.353430  0.435857  0.405745  0.076096  0.150591  0.112988  0.318329  0.342070  0.461757  0.502326  0.213708  0.545711  0.383620  0.184577  0.277534  0.418765  0.286960  0.396103  0.426055  0.276346  0.169931  0.465085  0.220494  0.266967  0.356387  0.148227  0.366400  0.473212  0.226968  0.206934  0.194638  0.076096  0.076096  0.117140  0.374598  0.328329  0.533316  0.454902  0.485135  0.377257  0.553893  0.281541  0.368385  0.334146  0.572202  0.224816  0.266715  0.468466  0.528428  0.412742  0.264620  0.116495  0.265411  0.420339  0.294737  0.561738  0.329545  0.374050  0.508311  0.391805  0.484813  0.336616  0.375776  0.240466  0.168473  0.388494  0.082007  0.403991  0.235378  0.372330  0.580167  0.168581  0.337502  0.200940  0.217319  0.425717  0.579666  0.314389  0.484344  0.181513  0.289211  0.629791 
18  0.134320  0.233041  0.302778  0.117111  0.230183  0.143761  0.154571  0.258603  0.407935  0.295236  0.097986  0.366330  0.341093  0.596364  0.240010  0.523943  0.204408  0.232326 0.0  0.158243  0.152607  0.076096  0.235255  0.334144  0.142771  0.369003  0.490618  0.280913  0.221130  0.178986  0.553554  0.693692  0.129808  0.380766  0.203408  0.206083  0.143650  0.089077  0.276184  0.459250  0.448936  0.293927  0.196498  0.311835  0.270504  0.148547  0.250341  0.742111  0.174662  0.300363  0.389121  0.149277  0.263464  0.305136  0.139655  0.421076  0.331390  0.224794  0.145586  0.250772  0.262628  0.607935  0.530349  0.524465  0.493153  0.534302  0.396446  0.166880  0.327931  0.155239  0.693246  0.136535  0.220101  0.285754  0.179080  0.581308  0.227978  0.126846  0.636775  0.628089  0.530502  0.539959  0.144844  0.111723  0.169081  0.462594  0.540424  0.451413  0.597484  0.312827  0.542316  0.208917  0.515989  0.627368  0.640976  0.353988  0.139414  0.427401  0.481751  0.544986  0.536650  0.096273  0.122942  0.411566  0.328137  0.372937  0.372825  0.076096  0.254329  0.307942  0.320297  0.432548  0.315608  0.348576  0.523062  0.109865  0.712179  0.275451  0.272198  0.305027  0.279164  0.219438  0.564525  0.617321  0.715754  0.285697  0.709086  0.517367  0.463370  0.081562  0.771709  0.463595  0.488893  0.318925  0.328347  0.450137  0.644709  0.270015  0.333416  0.631986  0.252738  0.214489  0.613032  0.411060  0.220332  0.364305  0.193676  0.227156  0.268278  0.535466  0.541292  0.600507  0.598024  0.631473  0.521711  0.785440  0.626742  0.491222  0.541460  0.706363  0.447709  0.378161  0.597035  0.717211  0.561176  0.332665  0.300655  0.088974  0.253850  0.123272  0.659599  0.189377  0.215868  0.674600  0.427373  0.530631  0.512986  0.582767  0.244653  0.295673  0.303410  0.340987  0.603563  0.334979  0.194228  0.642883  0.324830  0.213813  0.148410  0.216914  0.179279  0.771774  0.117893  0.737591  0.229405  0.576263  0.702554 
19  0.266085  0.389249  0.413500  0.313142  0.267166  0.262070  0.199117  0.321444  0.384877  0.498277  0.276957  0.316593  0.546544  0.628007  0.076096  0.675310  0.364853  0.483794  0.158243 0.0  0.392475  0.467325  0.400480  0.559802  0.275504  0.587572  0.510104  0.381187  0.322873  0.290757  0.916274  0.780806  0.079050  0.543886  0.183083  0.320418  0.305465  0.305413  0.138953  0.464430  0.601832  0.495324  0.368352  0.333991  0.271655  0.222798  0.280294  0.834874  0.453926  0.525821  0.485202  0.400333  0.443685  0.390660  0.341898  0.456561  0.496015  0.291806  0.222529  0.266090  0.324702  0.770068  0.699269  0.684121  0.684325  0.803049  0.533764  0.415616  0.423802  0.404479  0.722787  0.359858  0.198719  0.324745  0.271864  0.742559  0.291038  0.185234  0.829077  0.770607  0.703053  0.593645  0.168194  0.320329  0.255528  0.557537  0.594778  0.729522  0.692614  0.504748  0.613040  0.403695  0.594030  0.692957  0.722292  0.512077  0.327291  0.459294  0.662715  0.640541  0.690259  0.198128  0.076096  0.505715  0.477814  0.460419  0.465990  0.166975  0.432718  0.588604  0.480603  0.526494  0.404304  0.554996  0.695080  0.285890  0.843174  0.129925  0.392852  0.417882  0.360343  0.294193  0.790808  0.864022  0.878616  0.392644  0.861969  0.598955  0.596026  0.422622  0.828931  0.660829  0.736695  0.174512  0.502996  0.522890  0.825576  0.460918  0.338886  0.609071  0.512181  0.076096  0.791042  0.596869  0.398911  0.559779  0.314517  0.369405  0.417002  0.644846  0.695799  0.779147  0.902170  0.777487  0.595574  0.881438  0.780035  0.657930  0.640982  0.852603  0.590781  0.535579  0.790264  0.749394  0.713496  0.621523  0.526922  0.240113  0.098947  0.224068  0.838188  0.076096  0.094531  0.785813  0.581221  0.663409  0.633369  0.526630  0.500241  0.423950  0.076096  0.397399  0.723266  0.418019  0.087156  0.821646  0.508094  0.076096  0.231997  0.300694  0.103820  0.852147  0.320517  0.861972  0.349761  0.613794  0.962171 
