197
0 0.0  0.228157  0.234959  0.117720  0.147937  0.092026  0.100491  0.200182  0.263308  0.278785  0.178749  0.270063  0.311575  0.425636  0.213307  0.438419  0.238061  0.247474  0.098369  0.227119  0.171565  0.210569  0.264381  0.366570  0.182475  0.351309  0.436178  0.238642  0.182905  0.157356  0.605229  0.606775  0.123788  0.344855  0.196898  0.214885  0.131925  0.153015  0.228095  0.296100  0.361115  0.278643  0.251831  0.188774  0.207881  0.090985  0.219951  0.644510  0.140333  0.267717  0.247890  0.163920  0.267405  0.250472  0.137655  0.326269  0.280857  0.221858  0.119576  0.155615  0.207274  0.583303  0.445420  0.503275  0.502851  0.515917  0.328858  0.224284  0.192277  0.186986  0.500348  0.209848  0.182019  0.264764  0.214559  0.588552  0.152301  0.184008  0.513181  0.633113  0.442158  0.487366  0.130533  0.128715  0.135012  0.332587  0.421510  0.507793  0.419354  0.281065  0.472811  0.232350  0.409665  0.497796  0.534641  0.327666  0.146237  0.350909  0.427086  0.462880  0.437184  0.129809  0.192808  0.421893  0.292549  0.292460  0.292668  0.156757  0.294280  0.340677  0.334143  0.410913  0.235862  0.373284  0.388739  0.132410  0.614662  0.249138  0.241610  0.269685  0.240220  0.162789  0.468892  0.692869  0.566421  0.246922  0.610537  0.440597  0.395766  0.163372  0.579547  0.347975  0.512744  0.235095  0.329519  0.362319  0.501861  0.225902  0.144924  0.485179  0.219211  0.235896  0.543660  0.375956  0.183679  0.420250  0.190700  0.254358  0.210765  0.479423  0.442385  0.580622  0.618943  0.548330  0.479476  0.543194  0.557528  0.466917  0.482862  0.619111  0.324179  0.291993  0.646735  0.580904  0.520840  0.407117  0.281268  0.142437  0.219564  0.145809  0.594437  0.146779  0.199958  0.639074  0.487439  0.498460  0.526299  0.482380  0.240146  0.257328  0.161677  0.276568  0.558200  0.285369  0.155750  0.503896  0.361428  0.267189  0.114141  0.159956  0.224574  0.690643  0.155046  0.579729  0.186413  0.410975  0.703257 
1  0.228157 0.0  0.105387  0.192309  0.187858  0.256491  0.209160  0.108474  0.106371  0.141863  0.262108  0.120944  0.209355  0.305214  0.361836  0.335546  0.119012  0.103481  0.228457  0.380812  0.170818  0.106637  0.106166  0.214387  0.150609  0.214636  0.247203  0.113691  0.141583  0.225809  0.404538  0.431601  0.245867  0.202457  0.249379  0.102024  0.221800  0.176337  0.346500  0.155944  0.256017  0.146968  0.105364  0.136841  0.104279  0.245599  0.101598  0.534584  0.167166  0.130239  0.120466  0.145127  0.158115  0.125847  0.172674  0.208347  0.159666  0.097919  0.264422  0.139048  0.118998  0.524600  0.327132  0.341350  0.309867  0.395086  0.199175  0.089090  0.092932  0.110691  0.391815  0.085010  0.255655  0.109846  0.094805  0.429313  0.156201  0.203849  0.365747  0.404545  0.306374  0.317639  0.236197  0.283180  0.193264  0.201768  0.312066  0.275776  0.386254  0.227830  0.329787  0.097447  0.276994  0.296745  0.431196  0.199966  0.172435  0.258324  0.361954  0.360239  0.300771  0.290481  0.331966  0.296492  0.181085  0.106840  0.140128  0.243730  0.160005  0.146514  0.179996  0.247992  0.103351  0.225060  0.297788  0.280777  0.488997  0.365530  0.104744  0.141389  0.123457  0.202564  0.335851  0.430133  0.524114  0.141732  0.416941  0.327671  0.270655  0.174530  0.522061  0.238409  0.352592  0.349264  0.192339  0.224118  0.418354  0.090338  0.172255  0.335442  0.114182  0.394837  0.374945  0.230089  0.127009  0.275343  0.098767  0.096034  0.108801  0.326806  0.308745  0.479276  0.403952  0.443054  0.313162  0.488413  0.341916  0.391250  0.375848  0.538868  0.221890  0.166348  0.488639  0.484313  0.350650  0.241657  0.132752  0.223256  0.302667  0.234593  0.523549  0.239985  0.299394  0.467164  0.287879  0.390013  0.307249  0.303715  0.100268  0.119977  0.323050  0.117846  0.367219  0.165036  0.327880  0.491593  0.244410  0.372008  0.218186  0.192615  0.290113  0.558620  0.216203  0.529084  0.131362  0.273111  0.582261 
2  0.234959  0.105387 0.0  0.199657  0.195841  0.266444  0.217002  0.089760  0.085832  0.140654  0.255549  0.114727  0.187720  0.301603  0.383792  0.335278  0.117549  0.109087  0.248375  0.295694  0.210046  0.123584  0.108760  0.215698  0.170622  0.217624  0.245099  0.122075  0.160741  0.199513  0.399584  0.412406  0.318571  0.172784  0.240257  0.127942  0.222958  0.186287  0.309943  0.170767  0.219058  0.114927  0.108766  0.170176  0.117548  0.245939  0.122414  0.574108  0.191816  0.126425  0.100825  0.177238  0.130842  0.108187  0.179101  0.149839  0.145620  0.125092  0.283457  0.165006  0.128713  0.339079  0.277686  0.319726  0.343071  0.336168  0.217918  0.113038  0.100675  0.126186  0.403701  0.103271  0.243855  0.086606  0.113483  0.422900  0.183066  0.219545  0.438657  0.431530  0.306710  0.355197  0.236182  0.322697  0.234411  0.227490  0.279443  0.294274  0.441038  0.236548  0.311516  0.105839  0.257161  0.287386  0.373570  0.177895  0.188660  0.208290  0.342226  0.295028  0.277616  0.309698  0.348772  0.268559  0.165737  0.088190  0.118339  0.379719  0.133467  0.140612  0.203944  0.216135  0.090200  0.217797  0.354948  0.267040  0.574210  0.438208  0.089977  0.125401  0.099187  0.184113  0.318304  0.412019  0.558698  0.108191  0.410444  0.334245  0.222349  0.184994  0.537239  0.236883  0.393554  0.437795  0.192774  0.198093  0.410488  0.098124  0.190902  0.339428  0.088353  0.338028  0.381624  0.235602  0.138619  0.218791  0.122727  0.112655  0.127871  0.335972  0.312533  0.330335  0.408784  0.390690  0.328665  0.502070  0.362400  0.314142  0.330644  0.552366  0.192657  0.170642  0.475802  0.440401  0.371972  0.272331  0.113937  0.243254  0.324781  0.226600  0.487342  0.271545  0.366110  0.406005  0.354792  0.341652  0.275943  0.290895  0.097496  0.110347  0.319898  0.102710  0.405285  0.142501  0.279967  0.469800  0.222408  0.388973  0.245348  0.186587  0.340655  0.545362  0.231179  0.418743  0.148796  0.257576  0.560219 
3  0.117720  0.192309  0.199657 0.0  0.127080  0.122747  0.109345  0.212331  0.195585  0.270531  0.174070  0.195967  0.306412  0.427860  0.244388  0.437760  0.206233  0.206577  0.122487  0.238877  0.131627  0.167527  0.210263  0.309003  0.156672  0.329388  0.314517  0.203738  0.138959  0.130031  0.550821  0.607172  0.161996  0.276966  0.197767  0.167283  0.124293  0.124850  0.222641  0.252817  0.346241  0.230257  0.177599  0.171353  0.174489  0.129592  0.179963  0.557104  0.097616  0.236485  0.227448  0.120650  0.257935  0.178106  0.096938  0.345693  0.317558  0.206113  0.162199  0.117800  0.195940  0.573974  0.464690  0.448819  0.480806  0.454396  0.310793  0.145047  0.172224  0.162113  0.497907  0.189092  0.180056  0.204696  0.192749  0.557325  0.121123  0.169296  0.492894  0.496899  0.388837  0.437134  0.136236  0.170098  0.127715  0.312724  0.427172  0.458931  0.443293  0.258746  0.447157  0.184921  0.354570  0.407248  0.568372  0.334785  0.104695  0.367082  0.408872  0.362037  0.396377  0.181608  0.220571  0.423002  0.269937  0.222546  0.240956  0.190036  0.303689  0.278784  0.244023  0.321836  0.189245  0.384747  0.414853  0.145752  0.510846  0.269669  0.234818  0.231038  0.217722  0.163657  0.387279  0.586797  0.643653  0.247346  0.509115  0.480028  0.344871  0.117180  0.618074  0.357403  0.462110  0.274634  0.259998  0.316200  0.576610  0.201314  0.097610  0.468760  0.233486  0.268233  0.455246  0.309294  0.155279  0.352043  0.164924  0.164938  0.166642  0.451418  0.403342  0.501898  0.600516  0.556723  0.454041  0.599793  0.429733  0.460744  0.484807  0.483630  0.335200  0.235341  0.614025  0.491136  0.459047  0.379749  0.212496  0.142977  0.266372  0.127517  0.593000  0.144459  0.233162  0.608003  0.451051  0.394326  0.451240  0.495174  0.200139  0.220320  0.230866  0.190559  0.409340  0.248894  0.191999  0.547517  0.295606  0.260758  0.145463  0.136969  0.224047  0.657020  0.132162  0.481279  0.147364  0.392091  0.562122 
4  0.147937  0.187858  0.195841  0.127080 0.0  0.172576  0.141813  0.199685  0.215132  0.246666  0.166655  0.205792  0.276967  0.424141  0.256279  0.417579  0.175868  0.190662  0.151013  0.274657  0.087044  0.146108  0.197685  0.321498  0.119827  0.355065  0.319228  0.213428  0.121980  0.097005  0.526641  0.506966  0.195033  0.276271  0.152540  0.150803  0.109879  0.090484  0.282194  0.292937  0.344102  0.212571  0.199994  0.128044  0.149828  0.167445  0.173922  0.675447  0.124201  0.194376  0.204928  0.127378  0.216012  0.167484  0.129360  0.246085  0.264160  0.166569  0.179749  0.125026  0.154864  0.547681  0.369258  0.428152  0.465358  0.472713  0.333923  0.162566  0.175017  0.165740  0.411946  0.169301  0.139281  0.186715  0.172209  0.553046  0.092940  0.128301  0.403956  0.616353  0.424642  0.426800  0.140209  0.201189  0.100624  0.328551  0.425596  0.395308  0.494780  0.313352  0.447466  0.190016  0.302263  0.365005  0.545106  0.327715  0.109438  0.328286  0.365125  0.413891  0.383060  0.188395  0.224105  0.386545  0.236806  0.223457  0.190902  0.216573  0.250113  0.250560  0.280853  0.377504  0.201178  0.291857  0.399002  0.172908  0.639563  0.244542  0.201173  0.269738  0.243507  0.119530  0.412708  0.636672  0.643489  0.205337  0.597106  0.414651  0.334809  0.090973  0.559958  0.317353  0.409577  0.286784  0.273173  0.338295  0.602863  0.180917  0.114377  0.490536  0.207497  0.275871  0.442423  0.319304  0.135783  0.332483  0.173982  0.181340  0.156206  0.396410  0.387569  0.544427  0.536587  0.603679  0.462114  0.548733  0.590065  0.499765  0.456735  0.566169  0.326935  0.283685  0.527725  0.577764  0.527603  0.381212  0.230893  0.142003  0.228332  0.112613  0.556894  0.142084  0.238110  0.618109  0.343760  0.481197  0.392352  0.427125  0.195978  0.215502  0.221533  0.207585  0.526138  0.260695  0.220702  0.539353  0.342942  0.279017  0.153073  0.098098  0.203845  0.656440  0.104062  0.581906  0.138358  0.396942  0.713934 
5  0.092026  0.256491  0.266444  0.122747  0.172576 0.0  0.114325  0.273762  0.249522  0.310346  0.173543  0.283127  0.353070  0.458505  0.213008  0.477363  0.276550  0.260282  0.102719  0.211058  0.173464  0.212688  0.263769  0.320197  0.207048  0.329883  0.402620  0.230283  0.216173  0.157551  0.612209  0.513208  0.117229  0.303904  0.178610  0.243600  0.144694  0.149521  0.243821  0.283221  0.420175  0.288083  0.252161  0.220060  0.214146  0.084921  0.207925  0.676432  0.151467  0.292981  0.255762  0.171661  0.257751  0.270776  0.152296  0.364637  0.301570  0.212269  0.108320  0.179673  0.245583  0.581221  0.459472  0.517572  0.480648  0.564322  0.344853  0.245360  0.230718  0.213684  0.565154  0.208281  0.198653  0.281114  0.237698  0.617226  0.170510  0.205789  0.556493  0.580703  0.402837  0.468679  0.143196  0.116018  0.158728  0.298580  0.453090  0.478770  0.520534  0.280948  0.440180  0.245148  0.414579  0.453812  0.585862  0.322623  0.150307  0.380332  0.455218  0.448473  0.434619  0.129642  0.203004  0.440904  0.324664  0.254845  0.297447  0.155422  0.295094  0.339202  0.294913  0.426057  0.259262  0.355081  0.447335  0.115528  0.573264  0.206233  0.281169  0.313116  0.264471  0.199064  0.502669  0.612869  0.731989  0.265916  0.599440  0.419719  0.457149  0.159148  0.489120  0.394074  0.383845  0.230350  0.307298  0.304309  0.517294  0.247626  0.161656  0.438742  0.249311  0.255316  0.481765  0.362182  0.215278  0.391053  0.236684  0.225293  0.219890  0.591308  0.493335  0.626368  0.623631  0.619306  0.501849  0.519374  0.549795  0.558823  0.529348  0.534476  0.353236  0.285620  0.500382  0.626415  0.463487  0.317482  0.248795  0.147079  0.202165  0.146029  0.633327  0.156166  0.175880  0.640696  0.477968  0.485624  0.451303  0.499529  0.219529  0.274704  0.179001  0.292977  0.485817  0.280831  0.145707  0.543586  0.310698  0.247782  0.111355  0.183911  0.198757  0.729461  0.152170  0.587940  0.187614  0.443096  0.694514 
6  0.100491  0.209160  0.217002  0.109345  0.141813  0.114325 0.0  0.240389  0.226827  0.286161  0.160570  0.254144  0.354246  0.415800  0.212799  0.476670  0.222032  0.224368  0.100480  0.225580  0.133505  0.176146  0.219651  0.291547  0.170031  0.366019  0.382685  0.224372  0.166364  0.128576  0.598158  0.582684  0.131328  0.309668  0.169891  0.188386  0.125853  0.128327  0.254040  0.274791  0.380770  0.291999  0.243130  0.191353  0.208003  0.107452  0.194181  0.705015  0.122244  0.252740  0.230354  0.147734  0.267793  0.231689  0.123680  0.341547  0.293843  0.211039  0.142754  0.141729  0.224580  0.598007  0.508524  0.471378  0.446225  0.575288  0.352701  0.187178  0.195640  0.180627  0.514680  0.205813  0.159541  0.236885  0.194242  0.589623  0.135474  0.179257  0.501504  0.489760  0.435667  0.433216  0.122412  0.150401  0.129171  0.338110  0.438890  0.448596  0.533767  0.330227  0.496167  0.219218  0.386062  0.508925  0.460351  0.332495  0.124250  0.346810  0.408072  0.423376  0.357777  0.137246  0.177759  0.435845  0.300960  0.229604  0.292075  0.179636  0.300151  0.280002  0.319692  0.331205  0.226860  0.352375  0.426970  0.126810  0.579193  0.256109  0.258902  0.258189  0.238914  0.155121  0.539338  0.514761  0.612543  0.269259  0.681538  0.467003  0.357044  0.139572  0.651094  0.385907  0.418336  0.246425  0.327365  0.370479  0.531247  0.211586  0.128683  0.442872  0.267891  0.254957  0.506043  0.326389  0.191435  0.382001  0.205980  0.199171  0.178215  0.410588  0.505149  0.514937  0.517028  0.544039  0.508948  0.611815  0.632626  0.485029  0.527228  0.509269  0.347479  0.301098  0.536910  0.623695  0.516192  0.396103  0.280578  0.127289  0.195029  0.128874  0.626583  0.149101  0.172148  0.521436  0.489227  0.464548  0.458257  0.467048  0.228651  0.227806  0.164991  0.256419  0.572433  0.316899  0.174096  0.557409  0.330534  0.240750  0.111823  0.144873  0.210879  0.602120  0.144033  0.670148  0.161854  0.386545  0.614265 
7  0.200182  0.108474  0.089760  0.212331  0.199685  0.273762  0.240389 0.0  0.086387  0.144081  0.259906  0.104343  0.173950  0.295002  0.363536  0.291906  0.123970  0.107349  0.259318  0.354914  0.184294  0.142694  0.102707  0.188659  0.162559  0.199408  0.258410  0.122609  0.167336  0.216741  0.390111  0.504944  0.303649  0.163159  0.246731  0.126841  0.242248  0.220361  0.416579  0.160050  0.216294  0.126547  0.108727  0.167869  0.133749  0.259530  0.137395  0.501401  0.177646  0.103908  0.104986  0.183575  0.127173  0.119253  0.193741  0.161784  0.128995  0.115003  0.313738  0.167616  0.123887  0.429344  0.325400  0.311905  0.333328  0.385654  0.188299  0.114424  0.110999  0.130838  0.387481  0.112055  0.244927  0.089635  0.118346  0.344773  0.214169  0.227032  0.375891  0.383556  0.284926  0.313933  0.258525  0.305203  0.221689  0.226165  0.252914  0.291011  0.397982  0.194293  0.309247  0.099606  0.235934  0.293998  0.383109  0.174767  0.215520  0.206763  0.351293  0.353336  0.279741  0.305393  0.309496  0.271612  0.181624  0.083645  0.121164  0.343346  0.142524  0.150552  0.158276  0.232465  0.086843  0.234238  0.308180  0.310913  0.439386  0.394494  0.084653  0.120043  0.097441  0.219868  0.352405  0.479535  0.523519  0.121496  0.433738  0.261538  0.227841  0.182297  0.542974  0.201610  0.368828  0.374247  0.164260  0.170184  0.428599  0.103648  0.200528  0.326511  0.084875  0.392806  0.382297  0.215692  0.146932  0.214622  0.125869  0.115395  0.125837  0.320603  0.361669  0.439382  0.455026  0.379252  0.305997  0.538300  0.434676  0.354141  0.326549  0.468490  0.205091  0.169642  0.385549  0.408031  0.377340  0.232091  0.110297  0.268148  0.365647  0.246501  0.475626  0.298720  0.333661  0.484556  0.268434  0.298272  0.254463  0.328284  0.098626  0.104215  0.347473  0.095735  0.401019  0.158277  0.345314  0.514747  0.225369  0.399344  0.283455  0.198184  0.321028  0.556200  0.240112  0.424339  0.153908  0.253639  0.527709 
8  0.263308  0.106371  0.085832  0.195585  0.215132  0.249522  0.226827  0.086387 0.0  0.147261  0.268676  0.111230  0.189536  0.272934  0.298026  0.323203  0.120797  0.107955  0.240547  0.383478  0.180455  0.128360  0.104386  0.177180  0.156904  0.213304  0.250625  0.111451  0.164570  0.214271  0.381595  0.464904  0.287534  0.180996  0.252121  0.117890  0.222746  0.191386  0.411255  0.160297  0.227661  0.117472  0.106380  0.159230  0.119238  0.279734  0.122923  0.416138  0.187798  0.115813  0.102835  0.185977  0.140340  0.119048  0.198278  0.161931  0.133764  0.121824  0.273334  0.182928  0.122991  0.382185  0.368044  0.310179  0.360745  0.344209  0.211296  0.107772  0.104606  0.126782  0.403705  0.102882  0.230709  0.088792  0.112701  0.466664  0.199497  0.204289  0.428925  0.415398  0.344982  0.304508  0.267531  0.322429  0.229068  0.225751  0.273991  0.278377  0.325125  0.217895  0.361946  0.098048  0.259163  0.283173  0.411062  0.185662  0.176279  0.211357  0.345901  0.317958  0.297203  0.304005  0.347926  0.264709  0.174391  0.085075  0.122446  0.293944  0.137723  0.147753  0.184503  0.241772  0.085635  0.244545  0.405899  0.277938  0.480949  0.443856  0.086059  0.124103  0.098881  0.210721  0.279103  0.476229  0.492702  0.121430  0.433212  0.288169  0.245587  0.201546  0.478229  0.252768  0.327934  0.352256  0.179645  0.211633  0.387812  0.097713  0.205485  0.327404  0.089458  0.387887  0.414283  0.243002  0.140477  0.233394  0.118783  0.111647  0.130849  0.321495  0.318240  0.440443  0.489097  0.432949  0.333167  0.562982  0.359478  0.308321  0.329354  0.470862  0.215099  0.168270  0.413074  0.465945  0.348861  0.266857  0.118412  0.240936  0.265848  0.235779  0.495310  0.231607  0.379935  0.473810  0.333917  0.368907  0.250671  0.333535  0.097340  0.109470  0.318884  0.097768  0.466817  0.155487  0.320915  0.474085  0.222853  0.426704  0.255983  0.195573  0.343052  0.591905  0.210381  0.417190  0.151250  0.244640  0.540360 
9  0.278785  0.141863  0.140654  0.270531  0.246666  0.310346  0.286161  0.144081  0.147261 0.0  0.316689  0.121046  0.131306  0.251744  0.414030  0.258122  0.174162  0.147839  0.327517  0.367895  0.222661  0.179075  0.131055  0.145332  0.204798  0.153800  0.195676  0.134214  0.223711  0.259027  0.313753  0.391650  0.349154  0.169175  0.320309  0.167605  0.277559  0.268031  0.463213  0.126519  0.181959  0.163590  0.131770  0.228333  0.193246  0.283686  0.170606  0.405125  0.226515  0.106493  0.162126  0.208779  0.166427  0.183383  0.238952  0.159022  0.128305  0.167544  0.338580  0.213988  0.174965  0.326688  0.254837  0.231260  0.244948  0.253969  0.146875  0.170118  0.154446  0.181149  0.331977  0.160672  0.330245  0.136251  0.142835  0.347282  0.248560  0.294622  0.373743  0.336855  0.258745  0.261543  0.327521  0.327900  0.281960  0.152514  0.241517  0.257538  0.328062  0.200618  0.239984  0.146306  0.192722  0.251359  0.371795  0.134158  0.236777  0.166724  0.271731  0.293692  0.258693  0.351065  0.426427  0.198860  0.115800  0.139445  0.135181  0.327173  0.171821  0.111706  0.131321  0.178385  0.137589  0.174709  0.302914  0.347866  0.383664  0.386448  0.136146  0.098042  0.125224  0.282180  0.293318  0.463117  0.419181  0.134033  0.368854  0.265576  0.189637  0.260371  0.463399  0.178239  0.320952  0.424097  0.131597  0.158889  0.371953  0.153571  0.221788  0.269485  0.132684  0.452778  0.322382  0.148041  0.220998  0.192152  0.157212  0.157138  0.180274  0.331705  0.294200  0.389469  0.382022  0.345740  0.285457  0.481730  0.311742  0.275762  0.283942  0.456345  0.136210  0.123366  0.401251  0.444888  0.287125  0.180240  0.157794  0.289692  0.425726  0.298770  0.413927  0.350602  0.349465  0.396176  0.297325  0.279101  0.220746  0.300865  0.151806  0.113696  0.399333  0.118557  0.362146  0.176838  0.438623  0.425499  0.172053  0.451039  0.296270  0.236289  0.428272  0.471917  0.270383  0.406031  0.191479  0.192496  0.533670 
10  0.178749  0.262108  0.255549  0.174070  0.166655  0.173543  0.160570  0.259906  0.268676  0.316689 0.0  0.291338  0.409042  0.518628  0.166786  0.533881  0.278115  0.302436  0.148185  0.185406  0.166583  0.244461  0.260660  0.446795  0.220727  0.422705  0.491455  0.325946  0.217756  0.148875  0.578564  0.681731  0.132385  0.395471  0.126134  0.236129  0.138570  0.158500  0.166256  0.343886  0.422308  0.325903  0.293451  0.245479  0.236784  0.170103  0.244186  0.645211  0.190235  0.338511  0.266234  0.210309  0.323980  0.259396  0.205440  0.383694  0.321958  0.302196  0.170255  0.199528  0.261010  0.601525  0.607650  0.572486  0.674729  0.497443  0.389668  0.255444  0.272613  0.272134  0.692759  0.257359  0.152394  0.296577  0.301268  0.570237  0.180395  0.161417  0.617659  0.654084  0.488540  0.571290  0.120476  0.157981  0.147750  0.419853  0.454218  0.513731  0.446383  0.396622  0.509739  0.262664  0.435665  0.506475  0.571294  0.413208  0.199656  0.412669  0.499680  0.521570  0.498900  0.145034  0.118878  0.454233  0.364566  0.268974  0.304793  0.154042  0.317971  0.374275  0.338210  0.445149  0.278852  0.465112  0.497762  0.122882  0.721067  0.184387  0.293601  0.291699  0.312681  0.175796  0.498089  0.747829  0.675485  0.254688  0.714005  0.537165  0.370942  0.178661  0.609230  0.442038  0.558638  0.178121  0.349816  0.365978  0.718064  0.255389  0.203505  0.515229  0.285826  0.202052  0.662247  0.451871  0.217054  0.430077  0.259135  0.285184  0.246195  0.539182  0.469376  0.722877  0.657825  0.606398  0.430045  0.711871  0.570602  0.505826  0.500817  0.614090  0.438051  0.380903  0.557046  0.708267  0.520769  0.418362  0.307686  0.112552  0.120037  0.143629  0.723272  0.104853  0.134999  0.562356  0.493211  0.534807  0.451122  0.481438  0.294776  0.316921  0.167992  0.282416  0.596653  0.328696  0.155746  0.655774  0.458659  0.175721  0.134863  0.185900  0.116070  0.752356  0.143459  0.656696  0.237804  0.496896  0.653889 
11  0.270063  0.120944  0.114727  0.195967  0.205792  0.283127  0.254144  0.104343  0.111230  0.121046  0.291338 0.0  0.164697  0.280063  0.367548  0.268883  0.144826  0.097046  0.258296  0.369302  0.213291  0.139526  0.090910  0.157056  0.183037  0.193042  0.231074  0.100964  0.173853  0.242836  0.409878  0.393425  0.288720  0.178370  0.279288  0.131447  0.258648  0.217515  0.402399  0.145843  0.247486  0.136765  0.094740  0.164830  0.141757  0.274336  0.129503  0.547345  0.196143  0.096972  0.127570  0.190660  0.157469  0.142219  0.205088  0.167745  0.133616  0.121747  0.315802  0.148696  0.156437  0.387993  0.350639  0.276811  0.327740  0.349662  0.173659  0.130221  0.118656  0.140272  0.345845  0.117102  0.275559  0.114324  0.113816  0.412752  0.194192  0.276653  0.376320  0.308782  0.293885  0.308101  0.255498  0.308949  0.223305  0.209919  0.278977  0.298910  0.375078  0.200183  0.303423  0.100692  0.253878  0.304361  0.427908  0.172751  0.220016  0.206046  0.285355  0.291381  0.241993  0.311386  0.366727  0.229076  0.147461  0.103432  0.125981  0.330044  0.149779  0.136739  0.158696  0.213061  0.104133  0.215186  0.327163  0.266593  0.423893  0.377039  0.103834  0.098806  0.116712  0.246856  0.308036  0.446793  0.489426  0.140854  0.427737  0.295461  0.224134  0.201273  0.427805  0.212867  0.328235  0.399220  0.158721  0.190865  0.440143  0.120445  0.210188  0.319144  0.109175  0.460884  0.373509  0.177528  0.167998  0.232014  0.128545  0.118194  0.134346  0.331106  0.325325  0.393972  0.434006  0.414284  0.356563  0.561069  0.353379  0.323890  0.308993  0.517210  0.197575  0.141002  0.385411  0.403630  0.314089  0.210186  0.127600  0.271873  0.391008  0.259321  0.444716  0.310203  0.326722  0.427524  0.320473  0.295255  0.259569  0.293183  0.124114  0.094763  0.377033  0.089253  0.371112  0.167969  0.370080  0.516989  0.225377  0.392589  0.265463  0.194787  0.348022  0.570328  0.236905  0.457250  0.160646  0.239204  0.435183 
12  0.311575  0.209355  0.187720  0.306412  0.276967  0.353070  0.354246  0.173950  0.189536  0.131306  0.409042  0.164697 0.0  0.207857  0.405382  0.247705  0.236217  0.189796  0.297454  0.509736  0.274037  0.221317  0.181991  0.107604  0.291697  0.107172  0.163583  0.190507  0.262727  0.318318  0.293567  0.303200  0.294565  0.176711  0.384239  0.213573  0.288212  0.326962  0.489049  0.130120  0.136830  0.174458  0.167911  0.242636  0.219130  0.320694  0.219543  0.386755  0.243885  0.129107  0.194213  0.249527  0.180302  0.205153  0.282143  0.150289  0.151542  0.196256  0.391622  0.277175  0.225714  0.333556  0.212784  0.219501  0.271754  0.254973  0.133410  0.211277  0.195812  0.211327  0.304186  0.207992  0.365798  0.178005  0.200020  0.326109  0.288214  0.295526  0.316476  0.325693  0.212767  0.215425  0.338716  0.354423  0.320023  0.156448  0.208892  0.284238  0.291234  0.157819  0.222061  0.176775  0.164161  0.197697  0.305795  0.100864  0.274923  0.155319  0.236669  0.241723  0.195525  0.418326  0.455885  0.176309  0.114735  0.171366  0.163888  0.437055  0.190751  0.123917  0.111625  0.140189  0.184475  0.126346  0.303408  0.407136  0.409282  0.459577  0.148442  0.145205  0.155132  0.313250  0.252616  0.375221  0.363022  0.186138  0.380936  0.224090  0.146878  0.275004  0.399322  0.149592  0.310748  0.459497  0.130442  0.133398  0.372829  0.202141  0.300887  0.219977  0.176824  0.542329  0.332497  0.120160  0.237426  0.157173  0.216848  0.198274  0.218407  0.289688  0.282761  0.295642  0.302715  0.327856  0.278218  0.384019  0.257292  0.221982  0.256145  0.380141  0.113131  0.149146  0.292162  0.344690  0.208581  0.163925  0.174085  0.378723  0.403206  0.342310  0.382832  0.319099  0.490221  0.360073  0.236203  0.248970  0.180961  0.263527  0.200598  0.155277  0.436303  0.172429  0.338905  0.212647  0.478484  0.406573  0.157498  0.501439  0.331588  0.261399  0.397833  0.475329  0.323981  0.352458  0.262150  0.190286  0.491074 
13  0.425636  0.305214  0.301603  0.427860  0.424141  0.458505  0.415800  0.295002  0.272934  0.251744  0.518628  0.280063  0.207857 0.0  0.575242  0.093225  0.338843  0.331305  0.456297  0.549221  0.402523  0.283705  0.273225  0.219830  0.326965  0.169177  0.194212  0.290286  0.299390  0.433887  0.191368  0.270535  0.500461  0.236259  0.516338  0.356921  0.446164  0.417307  0.552763  0.242689  0.135586  0.294634  0.286204  0.312962  0.302191  0.386675  0.341974  0.335287  0.447387  0.259963  0.340445  0.361359  0.289682  0.329680  0.395563  0.200406  0.249579  0.267034  0.408254  0.383309  0.365422  0.252158  0.173191  0.114546  0.165981  0.148410  0.239210  0.314201  0.324704  0.306837  0.252323  0.323726  0.424946  0.284713  0.295240  0.197925  0.379060  0.442170  0.209644  0.185169  0.183646  0.127484  0.406546  0.491521  0.417253  0.219247  0.211500  0.185676  0.341518  0.246274  0.242052  0.297028  0.116975  0.137411  0.208657  0.202411  0.393971  0.189242  0.295737  0.270110  0.097955  0.510741  0.543980  0.112957  0.236903  0.288913  0.273610  0.555857  0.229415  0.227993  0.223153  0.154168  0.291268  0.168713  0.330208  0.481107  0.260814  0.597285  0.287100  0.257719  0.283990  0.410958  0.201846  0.265999  0.301746  0.307216  0.276254  0.098039  0.146383  0.384849  0.385721  0.145576  0.305242  0.572758  0.260674  0.175644  0.251964  0.305671  0.369559  0.118092  0.242302  0.585991  0.265170  0.193195  0.349159  0.155184  0.363872  0.285712  0.350784  0.218245  0.189873  0.263382  0.227288  0.211071  0.207282  0.395938  0.185366  0.121720  0.119273  0.448639  0.227369  0.286903  0.212187  0.359144  0.158301  0.254351  0.269893  0.402313  0.479803  0.434328  0.345984  0.421208  0.535190  0.257059  0.112070  0.201316  0.156153  0.188641  0.328664  0.292378  0.557101  0.284211  0.310572  0.262256  0.557768  0.350217  0.260721  0.632089  0.446557  0.395934  0.522993  0.481427  0.429194  0.283414  0.335560  0.109959  0.451277 
14  0.213307  0.361836  0.383792  0.244388  0.256279  0.213008  0.212799  0.363536  0.298026  0.414030  0.166786  0.367548  0.405382  0.575242 0.0  0.538573  0.338907  0.378346  0.184397  0.101848  0.218853  0.376477  0.351245  0.430691  0.259892  0.541010  0.593527  0.353663  0.280659  0.221144  0.744550  0.647021  0.166848  0.431872  0.228335  0.315614  0.220787  0.214254  0.108433  0.442862  0.549250  0.401878  0.380214  0.319602  0.299907  0.213960  0.339543  0.769884  0.230240  0.367648  0.360508  0.274999  0.359034  0.377672  0.227935  0.457512  0.448813  0.309507  0.184856  0.270350  0.360970  0.720071  0.559375  0.619633  0.562932  0.650761  0.467323  0.359375  0.323707  0.336422  0.581556  0.299331  0.224563  0.377771  0.370020  0.785814  0.238052  0.254317  0.675684  0.617540  0.617492  0.637071  0.198748  0.177201  0.247655  0.450389  0.562100  0.623489  0.593200  0.403428  0.552096  0.322120  0.505896  0.603612  0.678058  0.506280  0.252145  0.473913  0.537828  0.548772  0.509209  0.149227  0.136758  0.572047  0.407444  0.384892  0.345693  0.128082  0.393491  0.422435  0.436823  0.477133  0.353079  0.534410  0.512537  0.168668  0.739081  0.117226  0.355224  0.373317  0.386238  0.237654  0.527582  0.760175  0.682925  0.408477  0.646250  0.557033  0.495846  0.228958  0.710401  0.470713  0.626243  0.139574  0.412029  0.439039  0.652074  0.379775  0.263065  0.523573  0.412189  0.142358  0.674635  0.604678  0.322847  0.529013  0.379421  0.381097  0.319388  0.575502  0.568521  0.609175  0.753237  0.686941  0.621497  0.777353  0.776559  0.666578  0.630766  0.690082  0.468812  0.435721  0.650947  0.694733  0.724180  0.487207  0.352947  0.192080  0.156246  0.210384  0.675658  0.165698  0.099721  0.833942  0.665474  0.594132  0.513422  0.654295  0.322346  0.356920  0.109319  0.355100  0.618234  0.480609  0.129567  0.558591  0.470292  0.135777  0.190611  0.293225  0.147038  0.786982  0.225785  0.688503  0.301758  0.494012  0.688244 
15  0.438419  0.335546  0.335278  0.437760  0.417579  0.477363  0.476670  0.291906  0.323203  0.258122  0.533881  0.268883  0.247705  0.093225  0.538573 0.0  0.332373  0.297989  0.428732  0.645099  0.433349  0.318671  0.291555  0.209859  0.389002  0.209478  0.174935  0.334180  0.408857  0.424656  0.181259  0.230700  0.503513  0.209678  0.557042  0.377491  0.452944  0.429900  0.610179  0.252578  0.147920  0.291263  0.304416  0.321083  0.321992  0.474532  0.373244  0.321028  0.390671  0.304108  0.291260  0.388342  0.265736  0.299116  0.418735  0.235517  0.245332  0.332942  0.495610  0.393048  0.274867  0.199076  0.158606  0.106322  0.151645  0.125088  0.249373  0.346669  0.320968  0.338934  0.269473  0.318081  0.383844  0.280287  0.301341  0.209361  0.400221  0.443609  0.214815  0.181911  0.176273  0.116479  0.432634  0.501752  0.466045  0.259781  0.206540  0.224807  0.336193  0.288198  0.216897  0.310986  0.125033  0.132857  0.204837  0.209278  0.422048  0.171298  0.269978  0.247494  0.114062  0.488598  0.619149  0.125818  0.228627  0.313440  0.241404  0.522855  0.261251  0.245757  0.237533  0.160380  0.322213  0.147420  0.326602  0.582290  0.258965  0.620313  0.293524  0.231115  0.296508  0.449609  0.192908  0.227440  0.293354  0.306022  0.238654  0.103354  0.147450  0.429884  0.373562  0.166081  0.345377  0.582310  0.230253  0.187829  0.222398  0.338154  0.422155  0.106676  0.275143  0.660259  0.260038  0.193305  0.290570  0.163607  0.293355  0.329315  0.340504  0.219822  0.190601  0.267452  0.226881  0.184803  0.215831  0.362154  0.194827  0.105363  0.110937  0.414067  0.219491  0.266015  0.221922  0.319124  0.135576  0.247769  0.268150  0.467165  0.492249  0.450743  0.374736  0.480587  0.591533  0.224264  0.093878  0.189274  0.165269  0.194237  0.317799  0.282004  0.588695  0.308038  0.267443  0.243127  0.540807  0.363391  0.272490  0.622940  0.380707  0.423584  0.488252  0.432657  0.471804  0.249666  0.370491  0.123838  0.428160 
16  0.238061  0.119012  0.117549  0.206233  0.175868  0.276550  0.222032  0.123970  0.120797  0.174162  0.278115  0.144826  0.236217  0.338843  0.338907  0.332373 0.0  0.145035  0.232894  0.316205  0.159625  0.121191  0.151329  0.231301  0.147673  0.249352  0.307604  0.149367  0.133164  0.185727  0.463037  0.479171  0.231143  0.189867  0.238173  0.141422  0.188420  0.183408  0.338409  0.211136  0.254745  0.122888  0.145225  0.121956  0.108605  0.262570  0.130417  0.555200  0.195935  0.156101  0.109117  0.171891  0.134432  0.086944  0.195691  0.178327  0.153514  0.138027  0.277717  0.175914  0.088667  0.400157  0.391757  0.318109  0.401820  0.342207  0.218736  0.129349  0.110080  0.136756  0.510975  0.119380  0.193143  0.115831  0.135014  0.424683  0.163993  0.187779  0.435160  0.422789  0.400420  0.379349  0.234535  0.250127  0.190716  0.260353  0.338656  0.321659  0.473690  0.250631  0.399482  0.130477  0.247524  0.355667  0.469296  0.234809  0.182156  0.229194  0.388388  0.400064  0.312321  0.263039  0.305755  0.284137  0.187493  0.119137  0.143113  0.315790  0.150041  0.180585  0.236459  0.256036  0.123615  0.257131  0.393345  0.273702  0.548803  0.341871  0.124364  0.166700  0.128958  0.185399  0.314259  0.489670  0.588239  0.116413  0.559832  0.311143  0.239430  0.170774  0.578988  0.241389  0.373320  0.413596  0.208126  0.199228  0.436642  0.110722  0.194286  0.317561  0.123274  0.315589  0.410864  0.258033  0.121260  0.269903  0.140343  0.132792  0.124673  0.341440  0.329055  0.394101  0.471326  0.415002  0.377063  0.526749  0.441093  0.342944  0.315167  0.573295  0.211172  0.182802  0.453976  0.494231  0.411189  0.240669  0.126780  0.209662  0.300865  0.181635  0.525815  0.249097  0.346299  0.438346  0.287437  0.393337  0.273928  0.287547  0.107097  0.150891  0.316160  0.142965  0.464649  0.149360  0.295557  0.515889  0.278048  0.415330  0.251724  0.151737  0.326270  0.580248  0.200901  0.489548  0.126694  0.276767  0.551994 
17  0.247474  0.103481  0.109087  0.206577  0.190662  0.260282  0.224368  0.107349  0.107955  0.147839  0.302436  0.097046  0.189796  0.331305  0.378346  0.297989  0.145035 0.0  0.266276  0.406618  0.209335  0.126197  0.084982  0.198790  0.182260  0.200561  0.259941  0.092927  0.168420  0.247525  0.433016  0.420685  0.280453  0.172909  0.259753  0.107695  0.224390  0.192174  0.458569  0.151329  0.240688  0.149263  0.084658  0.161636  0.141359  0.226517  0.117946  0.569462  0.169787  0.111056  0.119940  0.170532  0.157269  0.143967  0.198542  0.162760  0.153114  0.106391  0.284596  0.166235  0.151445  0.405280  0.342832  0.337629  0.318386  0.384638  0.184483  0.107774  0.112109  0.121611  0.321935  0.109141  0.261075  0.116082  0.102296  0.426010  0.200902  0.247055  0.425940  0.390377  0.330058  0.353854  0.231889  0.278686  0.201383  0.209403  0.314787  0.340229  0.394580  0.193434  0.344104  0.088803  0.263912  0.284242  0.340997  0.181826  0.193500  0.213921  0.339407  0.318182  0.265559  0.266711  0.343685  0.240128  0.156495  0.100502  0.142504  0.311039  0.173301  0.150108  0.179488  0.206081  0.102269  0.189847  0.343027  0.255006  0.453808  0.406469  0.105448  0.117051  0.126303  0.240692  0.360692  0.432857  0.509696  0.152579  0.381649  0.311739  0.233422  0.172812  0.549833  0.236510  0.331050  0.380943  0.167497  0.206785  0.446101  0.106733  0.190143  0.331612  0.108229  0.395296  0.384310  0.213847  0.157293  0.211947  0.109579  0.097558  0.125131  0.313910  0.314131  0.448965  0.467859  0.424599  0.340631  0.489861  0.373927  0.288956  0.324038  0.542660  0.177430  0.161611  0.407804  0.440077  0.388340  0.263368  0.146519  0.283657  0.354571  0.218842  0.453191  0.272651  0.335727  0.418000  0.313043  0.347402  0.244183  0.301495  0.118940  0.108341  0.287809  0.097745  0.398307  0.161410  0.327611  0.517398  0.197158  0.352682  0.243298  0.194436  0.353632  0.547946  0.247983  0.502963  0.150173  0.269742  0.508340 
18  0.098369  0.228457  0.248375  0.122487  0.151013  0.102719  0.100480  0.259318  0.240547  0.327517  0.148185  0.258296  0.297454  0.456297  0.184397  0.428732  0.232894  0.266276 0.0  0.214871  0.143605  0.205780  0.287884  0.383411  0.185022  0.340277  0.329460  0.231320  0.177822  0.147044  0.542221  0.677454  0.113638  0.296137  0.163440  0.232992  0.130266  0.132171  0.220750  0.294137  0.368833  0.275955  0.227278  0.219151  0.232199  0.099689  0.208952  0.601968  0.140201  0.276961  0.254340  0.159882  0.279561  0.238914  0.140867  0.322247  0.340975  0.218418  0.125704  0.177465  0.235386  0.526339  0.432501  0.534088  0.548678  0.409255  0.318870  0.222880  0.234350  0.182976  0.556613  0.207913  0.180758  0.242383  0.226926  0.598642  0.150167  0.168152  0.518270  0.522437  0.474305  0.525599  0.112147  0.132364  0.140148  0.332956  0.376394  0.540243  0.457247  0.288837  0.425787  0.273276  0.446285  0.468816  0.492928  0.332706  0.143095  0.338050  0.451030  0.463893  0.452991  0.125568  0.178701  0.437592  0.304431  0.256593  0.278245  0.149599  0.291650  0.323761  0.359164  0.337796  0.293195  0.373603  0.431246  0.118947  0.731264  0.247297  0.244336  0.284092  0.268033  0.150237  0.451019  0.591878  0.635605  0.316742  0.566229  0.527999  0.408463  0.152552  0.619379  0.373587  0.497274  0.245004  0.331549  0.373506  0.567655  0.227181  0.138907  0.441525  0.271351  0.257507  0.525533  0.345661  0.208586  0.399891  0.240057  0.235625  0.210663  0.456234  0.532360  0.589941  0.513319  0.580291  0.510481  0.717454  0.474182  0.491838  0.506778  0.639267  0.305952  0.245598  0.593425  0.535715  0.496115  0.344832  0.264502  0.121636  0.203189  0.136096  0.553898  0.135204  0.187229  0.650668  0.490475  0.552002  0.498231  0.492719  0.237385  0.278937  0.188599  0.213082  0.484830  0.349901  0.150466  0.522441  0.355636  0.255073  0.092054  0.167372  0.183385  0.672218  0.140415  0.580518  0.197020  0.444441  0.736523 
19  0.227119  0.380812  0.295694  0.238877  0.274657  0.211058  0.225580  0.354914  0.383478  0.367895  0.185406  0.369302  0.509736  0.549221  0.101848  0.645099  0.316205  0.406618  0.214871 0.0  0.253654  0.350952  0.441286  0.509406  0.260639  0.477707  0.553071  0.372404  0.311732  0.248102  0.695462  0.641492  0.194057  0.424408  0.208528  0.352822  0.232831  0.258157  0.095617  0.466000  0.512877  0.366097  0.394052  0.325786  0.359226  0.237238  0.348974  0.736215  0.261205  0.400745  0.420067  0.302285  0.392233  0.414341  0.284042  0.502983  0.393843  0.355730  0.164413  0.296494  0.344609  0.704622  0.598496  0.557254  0.633694  0.636881  0.451452  0.350466  0.376458  0.317112  0.724436  0.382267  0.255429  0.364306  0.371342  0.730911  0.291071  0.219493  0.613239  0.584015  0.563290  0.623102  0.212010  0.184683  0.220474  0.501072  0.585671  0.555663  0.562221  0.510036  0.590388  0.397668  0.514592  0.594086  0.640208  0.441270  0.248692  0.532212  0.574548  0.690585  0.487917  0.165873  0.123790  0.646938  0.484380  0.379063  0.411801  0.146268  0.406579  0.444532  0.447142  0.507319  0.344500  0.476232  0.571595  0.172948  0.868364  0.097013  0.368619  0.375536  0.354563  0.236892  0.430636  0.696098  0.814695  0.342332  0.729824  0.609575  0.556097  0.274378  0.693587  0.562638  0.568816  0.114352  0.498485  0.595811  0.746862  0.319666  0.262253  0.598227  0.390900  0.113840  0.649574  0.527994  0.268395  0.523386  0.341369  0.360131  0.316934  0.587356  0.569252  0.717746  0.785852  0.737537  0.599964  0.925428  0.695999  0.633904  0.617205  0.665766  0.517743  0.436533  0.628660  0.782309  0.698302  0.536918  0.391409  0.194017  0.128888  0.206663  0.758478  0.169328  0.113837  0.755808  0.542334  0.620513  0.639098  0.589084  0.360895  0.363073  0.126208  0.433413  0.567339  0.396784  0.155751  0.722169  0.447782  0.114556  0.190496  0.280019  0.142618  0.705049  0.237033  0.805201  0.308059  0.601561  0.710272 
