197
0 0.0  0.228373  0.256396  0.135867  0.165905  0.103208  0.116658  0.258500  0.254378  0.312404  0.165518  0.249739  0.326692  0.463492  0.199945  0.498930  0.261606  0.271031  0.107362  0.230857  0.162750  0.205635  0.249924  0.359606  0.195610  0.335427  0.391371  0.244820  0.193153  0.150010  0.618882  0.538504  0.139792  0.336115  0.187349  0.221043  0.149301  0.150777  0.245300  0.300697  0.413737  0.334350  0.252798  0.224115  0.216428  0.099813  0.202542  0.618800  0.144220  0.287275  0.285532  0.157014  0.326948  0.235584  0.142848  0.372544  0.320302  0.229837  0.126817  0.172460  0.238845  0.628762  0.453401  0.527271  0.456410  0.515735  0.339153  0.252503  0.238170  0.205281  0.530555  0.234673  0.189314  0.246460  0.215445  0.649278  0.179944  0.197220  0.522228  0.546915  0.498591  0.548554  0.147178  0.136671  0.167408  0.346469  0.481950  0.478906  0.439269  0.324245  0.421894  0.243932  0.413445  0.527248  0.492350  0.329119  0.152513  0.411863  0.478343  0.462097  0.521940  0.152451  0.186432  0.475265  0.305230  0.280764  0.257516  0.179971  0.328046  0.285393  0.349236  0.368471  0.244058  0.453907  0.363075  0.138478  0.666710  0.235165  0.231486  0.266593  0.290048  0.173929  0.465683  0.618615  0.648679  0.269868  0.579318  0.479865  0.388578  0.174585  0.627790  0.370615  0.408416  0.251486  0.319214  0.357749  0.578960  0.234511  0.143225  0.434680  0.253734  0.269950  0.503547  0.369044  0.215966  0.388085  0.228589  0.198848  0.229606  0.498959  0.525675  0.538469  0.650488  0.636942  0.567965  0.603305  0.592933  0.502633  0.514248  0.613975  0.315171  0.281401  0.616584  0.556520  0.522340  0.343900  0.294409  0.162545  0.213905  0.152822  0.570047  0.153666  0.200035  0.719899  0.475805  0.542425  0.435085  0.407816  0.247878  0.290653  0.190535  0.244267  0.506444  0.282023  0.163573  0.601962  0.299938  0.243493  0.124096  0.176831  0.212583  0.618850  0.177038  0.520417  0.212004  0.426928  0.790353 
1  0.228373 0.0  0.111533  0.202763  0.189341  0.243702  0.215462  0.117001  0.114515  0.172775  0.296301  0.128965  0.210389  0.338448  0.359447  0.357005  0.131387  0.111895  0.218526  0.373282  0.201427  0.116787  0.116048  0.243707  0.166845  0.222843  0.300833  0.124037  0.144489  0.191582  0.375911  0.470241  0.298019  0.184601  0.258968  0.110930  0.190624  0.204758  0.393770  0.196392  0.271801  0.142725  0.118272  0.162152  0.116571  0.238647  0.111479  0.522832  0.169476  0.145077  0.131811  0.157899  0.162653  0.139265  0.188724  0.189668  0.163097  0.109129  0.279025  0.147079  0.133433  0.417744  0.334904  0.347127  0.379725  0.363374  0.212421  0.097267  0.101173  0.120924  0.410723  0.094127  0.227081  0.114863  0.104904  0.468939  0.166368  0.229711  0.488177  0.437950  0.335849  0.336144  0.248645  0.289906  0.208896  0.231821  0.266766  0.365470  0.378196  0.222252  0.346719  0.107235  0.292777  0.316823  0.437144  0.248043  0.186842  0.241910  0.291229  0.343869  0.309544  0.294892  0.336126  0.312702  0.201200  0.115421  0.146653  0.354941  0.162488  0.187934  0.205491  0.263889  0.114512  0.248163  0.333993  0.283311  0.545330  0.330215  0.114993  0.139288  0.130377  0.225996  0.349970  0.436629  0.546548  0.150895  0.400933  0.281900  0.239848  0.188783  0.534674  0.262885  0.367111  0.443104  0.194052  0.238968  0.405320  0.100363  0.171769  0.336570  0.121089  0.330003  0.357930  0.233740  0.142472  0.271810  0.109518  0.108844  0.116534  0.318363  0.342896  0.402021  0.476732  0.426662  0.369663  0.545081  0.431287  0.389240  0.327552  0.486250  0.208452  0.181400  0.406471  0.377257  0.388782  0.244785  0.147770  0.246460  0.333327  0.229934  0.572453  0.276967  0.356872  0.457030  0.326193  0.394121  0.283408  0.315956  0.110280  0.133214  0.308046  0.127426  0.361708  0.159351  0.331031  0.552516  0.248023  0.436776  0.213687  0.174381  0.325542  0.677166  0.205711  0.445479  0.133045  0.272526  0.577147 
2  0.256396  0.111533 0.0  0.196270  0.194020  0.273541  0.227407  0.098972  0.094764  0.153118  0.302958  0.126639  0.172590  0.287208  0.336411  0.304951  0.126230  0.120840  0.275072  0.431662  0.224256  0.137560  0.117842  0.225004  0.179163  0.219116  0.274531  0.125258  0.158680  0.218608  0.439718  0.423386  0.323353  0.193265  0.245030  0.134851  0.249799  0.196724  0.427759  0.187843  0.228288  0.128819  0.122541  0.165322  0.128589  0.294581  0.135009  0.480545  0.194363  0.127656  0.106743  0.180060  0.136451  0.123244  0.218564  0.163713  0.144659  0.136204  0.294127  0.177777  0.134311  0.458404  0.358684  0.309844  0.351738  0.377188  0.221316  0.117161  0.109322  0.145479  0.384284  0.115279  0.271203  0.095652  0.124856  0.451442  0.185317  0.240897  0.423660  0.397779  0.310388  0.336602  0.269485  0.294113  0.255531  0.241141  0.289427  0.315315  0.352893  0.223728  0.332200  0.110002  0.272481  0.297868  0.448277  0.225908  0.197803  0.200185  0.300662  0.369643  0.284360  0.308894  0.296300  0.265752  0.167951  0.096974  0.130231  0.307347  0.144904  0.158950  0.214468  0.215908  0.098814  0.239452  0.402302  0.291735  0.439506  0.383393  0.098002  0.139894  0.107560  0.213918  0.298345  0.453843  0.525972  0.118037  0.444156  0.305239  0.237726  0.190680  0.519495  0.229972  0.433046  0.343915  0.195180  0.214087  0.386824  0.105979  0.190382  0.306376  0.096839  0.385372  0.456335  0.226638  0.148868  0.244836  0.127898  0.126491  0.138478  0.316519  0.342372  0.401641  0.450618  0.408576  0.332353  0.462647  0.375120  0.316316  0.363430  0.529449  0.211416  0.180856  0.491595  0.453186  0.347524  0.238018  0.121222  0.259313  0.346857  0.230727  0.562577  0.255951  0.344595  0.424998  0.315220  0.360443  0.317464  0.310865  0.104921  0.120606  0.346084  0.114146  0.419207  0.165190  0.340308  0.468553  0.211039  0.355171  0.260334  0.182247  0.316556  0.540731  0.267499  0.422578  0.144754  0.250222  0.552131 
3  0.135867  0.202763  0.196270 0.0  0.140456  0.140785  0.114919  0.203047  0.210494  0.240190  0.192689  0.246633  0.281408  0.430007  0.241046  0.476255  0.205671  0.191253  0.123231  0.249974  0.143265  0.181420  0.211109  0.352757  0.148779  0.314835  0.343505  0.179622  0.156559  0.138631  0.494877  0.520401  0.160595  0.306295  0.178972  0.166137  0.146360  0.124850  0.273317  0.270138  0.394513  0.257954  0.234878  0.179568  0.179854  0.141302  0.174591  0.586492  0.106299  0.261254  0.235393  0.126236  0.257695  0.205049  0.104808  0.327133  0.252641  0.176372  0.172706  0.128744  0.189884  0.577174  0.398401  0.457120  0.435861  0.475097  0.304344  0.200560  0.191043  0.181488  0.473764  0.193126  0.187523  0.217072  0.202849  0.511266  0.129950  0.188945  0.458166  0.553176  0.489806  0.420349  0.159494  0.183859  0.129322  0.335655  0.446699  0.429354  0.426560  0.253462  0.460019  0.209098  0.361182  0.452321  0.544823  0.311258  0.114250  0.340569  0.417514  0.476852  0.455167  0.189370  0.233819  0.412392  0.286000  0.206060  0.259751  0.215979  0.292119  0.264569  0.310250  0.326854  0.216573  0.355047  0.383948  0.170735  0.575661  0.281349  0.214437  0.233492  0.221077  0.173278  0.479073  0.588057  0.520613  0.245729  0.609384  0.445268  0.311236  0.124884  0.541944  0.354640  0.377431  0.298875  0.300206  0.351944  0.569722  0.197806  0.108881  0.511194  0.221233  0.291517  0.573850  0.306935  0.179508  0.314743  0.183407  0.186128  0.168739  0.400071  0.459835  0.531313  0.581954  0.588597  0.479277  0.638488  0.512268  0.377235  0.430223  0.609063  0.336103  0.258365  0.467748  0.572688  0.442596  0.371925  0.254430  0.158480  0.230971  0.148141  0.589550  0.175060  0.236685  0.482137  0.440319  0.511879  0.391509  0.486077  0.209363  0.207155  0.222337  0.241034  0.507257  0.278799  0.208956  0.637247  0.300345  0.254167  0.146691  0.145406  0.244438  0.613093  0.143276  0.519248  0.161808  0.395618  0.591154 
4  0.165905  0.189341  0.194020  0.140456 0.0  0.180486  0.144892  0.222103  0.193833  0.255198  0.190122  0.217725  0.298654  0.410316  0.290534  0.432000  0.176899  0.203236  0.164378  0.273281  0.095122  0.164161  0.201164  0.286236  0.123716  0.346809  0.366469  0.212436  0.137680  0.109883  0.654954  0.609753  0.177280  0.265758  0.170580  0.164238  0.121010  0.101671  0.283444  0.285880  0.361453  0.230428  0.209883  0.138943  0.154867  0.164331  0.177980  0.678533  0.130409  0.246986  0.196573  0.138903  0.254503  0.184450  0.151078  0.280554  0.263354  0.203141  0.206741  0.131118  0.182211  0.516191  0.456199  0.455962  0.471452  0.493735  0.311656  0.169644  0.190059  0.179756  0.492475  0.206582  0.157121  0.215891  0.197969  0.489694  0.099638  0.135581  0.514732  0.569703  0.404057  0.439326  0.152075  0.205766  0.110631  0.323341  0.350177  0.415881  0.413966  0.308332  0.479804  0.205360  0.424174  0.387899  0.455765  0.325672  0.120859  0.276201  0.485567  0.409513  0.405438  0.195060  0.220522  0.422496  0.243501  0.197991  0.268316  0.234611  0.247452  0.262331  0.292758  0.330246  0.200850  0.361551  0.433532  0.193969  0.542204  0.270270  0.228880  0.254409  0.221978  0.121279  0.382827  0.533782  0.627092  0.218674  0.547053  0.380714  0.377518  0.099684  0.586451  0.314207  0.469559  0.276864  0.302067  0.315537  0.582386  0.186685  0.123147  0.401615  0.234618  0.302216  0.491611  0.318917  0.139750  0.332785  0.186323  0.184236  0.162539  0.443924  0.408306  0.601018  0.518621  0.523833  0.460710  0.682192  0.546126  0.441143  0.467081  0.643531  0.327595  0.280111  0.511080  0.539997  0.466390  0.329923  0.219302  0.146008  0.215508  0.120266  0.586345  0.161881  0.261050  0.572656  0.386745  0.483192  0.372319  0.496828  0.186549  0.217318  0.261370  0.234726  0.565223  0.263998  0.227530  0.580882  0.320660  0.316506  0.173109  0.106529  0.210233  0.556023  0.109993  0.617383  0.154093  0.416363  0.704911 
5  0.103208  0.243702  0.273541  0.140785  0.180486 0.0  0.121158  0.266827  0.258834  0.349166  0.181399  0.288396  0.367113  0.464530  0.219127  0.410476  0.273032  0.289623  0.111484  0.229300  0.170864  0.223006  0.270019  0.316085  0.212598  0.357176  0.476294  0.236355  0.227767  0.164294  0.597761  0.549274  0.116834  0.311616  0.200767  0.251165  0.156602  0.156313  0.222457  0.326997  0.396405  0.289226  0.238081  0.226028  0.216129  0.094055  0.215819  0.669811  0.149089  0.284214  0.294308  0.165891  0.322540  0.255962  0.156757  0.340328  0.331403  0.223730  0.118181  0.188026  0.244817  0.592078  0.443958  0.514460  0.485314  0.503727  0.353275  0.235574  0.260675  0.214526  0.464352  0.248501  0.201739  0.278426  0.205353  0.618325  0.156574  0.231516  0.625282  0.584873  0.443394  0.513072  0.147010  0.134090  0.163857  0.329911  0.504151  0.458159  0.535221  0.346407  0.435642  0.251560  0.443477  0.458362  0.559070  0.370552  0.154312  0.372273  0.434518  0.450570  0.463040  0.137359  0.202574  0.368325  0.370500  0.283427  0.317617  0.154312  0.347169  0.312598  0.315317  0.435152  0.283112  0.370221  0.359233  0.125985  0.621528  0.260207  0.243759  0.269799  0.259426  0.188411  0.518601  0.637884  0.664479  0.306307  0.620653  0.502169  0.421930  0.168911  0.599783  0.369827  0.518876  0.249918  0.335971  0.418673  0.516657  0.226032  0.163122  0.475491  0.254533  0.237961  0.600941  0.355327  0.211553  0.416992  0.241007  0.271749  0.211750  0.519384  0.530343  0.548098  0.671585  0.541975  0.528268  0.625913  0.570275  0.502124  0.562423  0.637761  0.290804  0.318336  0.515819  0.597748  0.557431  0.377897  0.288270  0.162714  0.228983  0.167017  0.566122  0.159741  0.204386  0.615000  0.388827  0.519677  0.419782  0.495574  0.237261  0.307827  0.180406  0.303655  0.588309  0.361841  0.152473  0.558866  0.310006  0.243077  0.123371  0.181375  0.211177  0.586818  0.171168  0.559620  0.182915  0.487015  0.602924 
6  0.116658  0.215462  0.227407  0.114919  0.144892  0.121158 0.0  0.220993  0.249063  0.279016  0.174411  0.203772  0.325907  0.434697  0.219012  0.430991  0.222698  0.214843  0.106127  0.236813  0.149643  0.191765  0.212896  0.310639  0.175709  0.344209  0.382075  0.232075  0.169355  0.131184  0.623351  0.539991  0.128781  0.304104  0.165153  0.220943  0.131050  0.133365  0.219089  0.282812  0.393088  0.253611  0.229985  0.199625  0.213986  0.114937  0.206909  0.616838  0.133829  0.278201  0.242643  0.150157  0.276274  0.256610  0.138660  0.315457  0.303215  0.198517  0.150472  0.160658  0.235359  0.534450  0.475762  0.433673  0.484787  0.458375  0.329237  0.182196  0.206663  0.186847  0.631826  0.207229  0.178120  0.225695  0.225298  0.568430  0.152093  0.178636  0.517280  0.554737  0.544227  0.431269  0.127350  0.155816  0.136471  0.324902  0.333181  0.450663  0.421128  0.286738  0.355503  0.250623  0.426379  0.452236  0.590884  0.385986  0.130318  0.343825  0.444865  0.482441  0.441325  0.147239  0.213165  0.427310  0.318331  0.264664  0.272614  0.196566  0.290423  0.319915  0.292924  0.398355  0.236029  0.383038  0.374876  0.138218  0.608055  0.252546  0.238915  0.253327  0.297432  0.160661  0.477095  0.592645  0.591761  0.282696  0.575719  0.513260  0.361652  0.140039  0.621388  0.376738  0.398193  0.273963  0.288771  0.380631  0.620956  0.215500  0.125755  0.438460  0.246860  0.242888  0.504598  0.340536  0.189785  0.400143  0.215385  0.230246  0.202657  0.479767  0.514477  0.605317  0.648281  0.579618  0.464810  0.590460  0.497585  0.479827  0.508919  0.623210  0.388690  0.252858  0.536164  0.592947  0.526775  0.369865  0.285048  0.138374  0.215720  0.135913  0.568032  0.156159  0.197816  0.608589  0.481484  0.436851  0.422326  0.488918  0.230538  0.255727  0.201010  0.254974  0.538677  0.281322  0.178433  0.678532  0.303815  0.255942  0.119565  0.167434  0.207544  0.598613  0.130989  0.524126  0.169431  0.373084  0.613604 
7  0.258500  0.117001  0.098972  0.203047  0.222103  0.266827  0.220993 0.0  0.095704  0.133572  0.302982  0.118472  0.180375  0.291851  0.370752  0.328391  0.134585  0.118213  0.271537  0.358338  0.223748  0.141106  0.114534  0.211303  0.188344  0.205576  0.268606  0.124257  0.173703  0.228057  0.418315  0.428757  0.297348  0.178237  0.282586  0.129017  0.248326  0.216536  0.426982  0.169224  0.220156  0.140069  0.114343  0.167904  0.137462  0.278726  0.132721  0.531297  0.196673  0.120956  0.117186  0.190182  0.137780  0.133702  0.212068  0.179436  0.150086  0.126935  0.295429  0.185693  0.138936  0.422447  0.292298  0.345034  0.398523  0.341527  0.188312  0.121722  0.118754  0.148078  0.342643  0.115116  0.279906  0.100208  0.128672  0.462696  0.203138  0.256426  0.350890  0.421310  0.305995  0.317216  0.267231  0.286315  0.244941  0.226326  0.282580  0.289679  0.398045  0.238258  0.297424  0.107776  0.261470  0.274183  0.399854  0.202039  0.201518  0.207745  0.337792  0.328942  0.304198  0.332696  0.348252  0.252619  0.180105  0.092993  0.126466  0.377502  0.146861  0.159906  0.190247  0.209737  0.095074  0.211303  0.373647  0.334502  0.493914  0.440413  0.093956  0.126994  0.102137  0.255772  0.341858  0.450319  0.548442  0.125270  0.487192  0.294504  0.232269  0.225759  0.518393  0.229819  0.415954  0.365487  0.177987  0.186733  0.401035  0.113345  0.192315  0.329799  0.093450  0.433167  0.423043  0.192265  0.154447  0.221194  0.137521  0.120654  0.137628  0.349481  0.322664  0.407271  0.381518  0.372771  0.297620  0.479387  0.393547  0.322542  0.362567  0.461568  0.190671  0.176211  0.411618  0.413948  0.315955  0.247359  0.129430  0.266098  0.314997  0.269003  0.400599  0.262280  0.350451  0.434734  0.337075  0.333834  0.272743  0.358649  0.112163  0.109768  0.344923  0.105289  0.394900  0.166042  0.330740  0.460392  0.239129  0.475175  0.276518  0.192167  0.385811  0.603387  0.221997  0.466483  0.155949  0.302645  0.545435 
8  0.254378  0.114515  0.094764  0.210494  0.193833  0.258834  0.249063  0.095704 0.0  0.142866  0.324111  0.112620  0.185277  0.321129  0.369138  0.337162  0.120340  0.113808  0.266485  0.427791  0.218094  0.146791  0.109945  0.223267  0.166651  0.210757  0.264577  0.125114  0.162650  0.239314  0.411818  0.414047  0.272634  0.191303  0.270118  0.132359  0.226084  0.212827  0.412601  0.169424  0.221747  0.138395  0.120733  0.160592  0.128756  0.259628  0.139103  0.511007  0.201047  0.122663  0.111197  0.173911  0.137271  0.125743  0.204380  0.182586  0.144823  0.122232  0.273695  0.163085  0.137130  0.376339  0.330801  0.322549  0.374211  0.377272  0.218080  0.114222  0.113426  0.140557  0.382209  0.108594  0.275984  0.098555  0.123248  0.413395  0.216086  0.258438  0.451000  0.401031  0.341263  0.326992  0.279134  0.236482  0.221745  0.216893  0.341689  0.299376  0.429771  0.235910  0.358647  0.106602  0.291775  0.308613  0.441021  0.192633  0.210552  0.230476  0.347284  0.275108  0.310654  0.315024  0.310324  0.258001  0.187005  0.093673  0.129090  0.299289  0.157608  0.146777  0.211328  0.227106  0.094053  0.231314  0.331906  0.279116  0.507876  0.347891  0.094635  0.128970  0.108627  0.227060  0.331036  0.465808  0.530079  0.120730  0.457381  0.306057  0.244297  0.218866  0.515362  0.225258  0.365328  0.400860  0.200629  0.195640  0.470555  0.105440  0.228730  0.353131  0.097702  0.386120  0.432727  0.206671  0.144764  0.236991  0.128692  0.125613  0.129340  0.352803  0.334370  0.404382  0.465825  0.392545  0.307485  0.540677  0.396481  0.356170  0.281864  0.543459  0.217778  0.188827  0.440545  0.428194  0.373974  0.273100  0.133712  0.261577  0.305472  0.240565  0.459836  0.277179  0.315921  0.431087  0.331302  0.332773  0.298713  0.301227  0.110906  0.116537  0.325815  0.107246  0.432694  0.154511  0.304660  0.561671  0.210764  0.392540  0.266054  0.196817  0.347897  0.589291  0.202486  0.466096  0.158310  0.273324  0.565147 
9  0.312404  0.172775  0.153118  0.240190  0.255198  0.349166  0.279016  0.133572  0.142866 0.0  0.335235  0.125360  0.137377  0.243426  0.385356  0.265277  0.190274  0.138259  0.295990  0.397434  0.296954  0.181999  0.135511  0.160617  0.235980  0.165127  0.210120  0.139652  0.215735  0.278096  0.407675  0.374062  0.345310  0.179569  0.316706  0.173167  0.260003  0.206999  0.468315  0.129535  0.212028  0.170582  0.140104  0.231688  0.189216  0.293331  0.182874  0.395673  0.249441  0.120481  0.160993  0.257979  0.154679  0.184401  0.270089  0.150646  0.129166  0.156422  0.350966  0.218689  0.192607  0.347632  0.274349  0.276582  0.290012  0.262805  0.160955  0.173978  0.178345  0.185188  0.324848  0.169484  0.318194  0.154670  0.165216  0.387533  0.258520  0.276983  0.362675  0.379141  0.280080  0.263221  0.311091  0.331632  0.277333  0.192450  0.241345  0.287679  0.355619  0.175234  0.293337  0.144972  0.219310  0.273093  0.386722  0.143158  0.248077  0.183458  0.237378  0.290196  0.234812  0.347682  0.381665  0.215104  0.122011  0.146976  0.149510  0.358219  0.177982  0.124192  0.139394  0.192888  0.150190  0.170833  0.324638  0.346411  0.398118  0.453419  0.148258  0.108788  0.155317  0.296504  0.251802  0.386411  0.451497  0.163345  0.362369  0.274589  0.194207  0.266065  0.451766  0.201089  0.318120  0.433386  0.134992  0.162145  0.466038  0.158554  0.245411  0.296591  0.141987  0.444361  0.331520  0.168112  0.210620  0.188134  0.163159  0.152388  0.178702  0.315642  0.299241  0.369013  0.370255  0.384012  0.316480  0.550852  0.346573  0.238625  0.301013  0.388035  0.165465  0.143422  0.374626  0.412802  0.313336  0.197399  0.164769  0.275871  0.408183  0.274231  0.417632  0.317793  0.324102  0.361258  0.264389  0.308785  0.201059  0.297654  0.161857  0.124165  0.405284  0.126930  0.377308  0.180876  0.372098  0.460072  0.190863  0.438918  0.288138  0.272437  0.377842  0.494052  0.310910  0.406218  0.197209  0.234717  0.446764 
10  0.165518  0.296301  0.302958  0.192689  0.190122  0.181399  0.174411  0.302982  0.324111  0.335235 0.0  0.267788  0.447108  0.476195  0.168134  0.507630  0.276034  0.315518  0.164472  0.174912  0.165623  0.227955  0.300814  0.368898  0.222727  0.415158  0.435574  0.278266  0.207168  0.166717  0.600768  0.599394  0.152363  0.349899  0.135861  0.315167  0.141803  0.196032  0.176003  0.352691  0.424331  0.321313  0.292772  0.244994  0.278203  0.173358  0.246013  0.694488  0.223163  0.342719  0.276268  0.212218  0.349537  0.306609  0.213590  0.328054  0.389655  0.302268  0.174632  0.239027  0.262277  0.508990  0.559830  0.508550  0.460500  0.609174  0.415332  0.282215  0.292325  0.247079  0.601166  0.290579  0.139138  0.332334  0.274642  0.681481  0.177633  0.164306  0.553610  0.600181  0.567548  0.607255  0.130284  0.169935  0.154945  0.400878  0.416984  0.534133  0.516260  0.373981  0.573531  0.316111  0.445318  0.523453  0.631587  0.438624  0.187851  0.466185  0.519590  0.512300  0.522294  0.154599  0.135450  0.420225  0.367572  0.288395  0.311615  0.149565  0.311753  0.331345  0.401509  0.430766  0.296840  0.424250  0.486650  0.136458  0.658466  0.194961  0.295377  0.349849  0.340329  0.169830  0.529926  0.680683  0.709083  0.296676  0.692640  0.523119  0.397511  0.183358  0.683189  0.477570  0.544928  0.192603  0.385550  0.397090  0.628742  0.281384  0.197139  0.547229  0.286174  0.175585  0.547845  0.451768  0.249505  0.495181  0.275797  0.262627  0.248356  0.531728  0.474346  0.641477  0.707965  0.515342  0.548683  0.647615  0.570151  0.635006  0.490937  0.631336  0.402096  0.342963  0.634430  0.561536  0.566694  0.482372  0.309237  0.122266  0.127149  0.150054  0.731711  0.110414  0.166588  0.556602  0.582519  0.605356  0.522800  0.527978  0.280849  0.320314  0.159321  0.329630  0.573651  0.356343  0.169807  0.604787  0.434237  0.187589  0.146209  0.209441  0.124374  0.621689  0.154656  0.693880  0.204224  0.522010  0.762933 
11  0.249739  0.128965  0.126639  0.246633  0.217725  0.288396  0.203772  0.118472  0.112620  0.125360  0.267788 0.0  0.168064  0.293880  0.400593  0.306990  0.141064  0.102350  0.277518  0.374235  0.216249  0.148366  0.101257  0.193300  0.175073  0.182256  0.240215  0.111339  0.184273  0.244924  0.391408  0.447636  0.271498  0.178435  0.285411  0.133110  0.243371  0.239277  0.412061  0.149264  0.260385  0.146062  0.103289  0.196046  0.151646  0.271947  0.141963  0.455880  0.187715  0.107193  0.129573  0.193562  0.162429  0.151614  0.194147  0.174011  0.152754  0.124540  0.297328  0.162411  0.175390  0.322604  0.281665  0.299350  0.365256  0.333080  0.188665  0.131233  0.135712  0.135275  0.349269  0.133225  0.272404  0.116221  0.125033  0.419125  0.221765  0.273917  0.407224  0.367084  0.332740  0.330071  0.294208  0.269737  0.254360  0.199353  0.265451  0.323196  0.332572  0.213782  0.288905  0.108907  0.257188  0.296193  0.393104  0.177543  0.205895  0.226442  0.323451  0.347664  0.306084  0.333408  0.393716  0.229917  0.160752  0.115594  0.148207  0.375449  0.165424  0.147220  0.162838  0.214012  0.114789  0.204873  0.342190  0.330770  0.445511  0.399887  0.115780  0.112917  0.122452  0.251299  0.337329  0.483066  0.527888  0.145347  0.448932  0.317227  0.242082  0.238637  0.466738  0.213467  0.315343  0.424781  0.153059  0.192637  0.387535  0.123786  0.211013  0.334681  0.116505  0.433152  0.413283  0.195156  0.182841  0.245715  0.134271  0.121390  0.153089  0.311107  0.321186  0.418562  0.393510  0.357301  0.336505  0.466619  0.426300  0.306605  0.368729  0.489875  0.195262  0.164192  0.429667  0.387379  0.346499  0.224164  0.145326  0.286432  0.361737  0.246779  0.449202  0.260218  0.356151  0.431892  0.314865  0.366243  0.258736  0.328415  0.132593  0.103680  0.352633  0.098141  0.405727  0.182172  0.337738  0.495634  0.193024  0.424238  0.296124  0.214486  0.365708  0.580346  0.280222  0.403701  0.169526  0.282742  0.480525 
12  0.326692  0.210389  0.172590  0.281408  0.298654  0.367113  0.325907  0.180375  0.185277  0.137377  0.447108  0.168064 0.0  0.199600  0.496782  0.222165  0.237231  0.186505  0.357802  0.448445  0.321045  0.226859  0.183082  0.117908  0.279381  0.112303  0.162686  0.170037  0.248376  0.373156  0.278484  0.335218  0.383228  0.163944  0.346574  0.228289  0.366771  0.315393  0.501083  0.147976  0.169649  0.188743  0.185016  0.277728  0.221050  0.397613  0.208323  0.383157  0.299036  0.159485  0.215750  0.269377  0.202706  0.226861  0.293341  0.150318  0.147648  0.215724  0.382520  0.286080  0.214089  0.297565  0.210489  0.207563  0.219546  0.231810  0.143774  0.201561  0.213351  0.245895  0.278213  0.206755  0.332865  0.197525  0.203413  0.294267  0.298536  0.344588  0.313815  0.313869  0.228848  0.259315  0.371522  0.394952  0.327496  0.153316  0.197851  0.308065  0.283368  0.193387  0.251846  0.201167  0.185759  0.195066  0.324691  0.105863  0.299408  0.166392  0.240760  0.255635  0.199667  0.392115  0.394607  0.183558  0.134471  0.216872  0.177132  0.429430  0.185443  0.136404  0.122603  0.127310  0.203469  0.138490  0.342106  0.384762  0.372348  0.490011  0.193171  0.150906  0.178161  0.310085  0.294039  0.347241  0.420540  0.205723  0.361870  0.229533  0.171997  0.322002  0.406834  0.149514  0.266109  0.530464  0.143697  0.131344  0.290237  0.193669  0.293449  0.216211  0.175861  0.525907  0.347724  0.128271  0.248587  0.189305  0.211376  0.186673  0.258429  0.288616  0.269197  0.367412  0.334272  0.297835  0.279429  0.421331  0.285362  0.246539  0.256266  0.472708  0.124293  0.159816  0.329084  0.333920  0.298061  0.182057  0.199732  0.401644  0.454399  0.308051  0.349862  0.352748  0.493714  0.360075  0.249135  0.249045  0.174867  0.275429  0.204051  0.160919  0.442512  0.179251  0.350026  0.176960  0.464756  0.452606  0.188697  0.546217  0.347263  0.304823  0.474827  0.512048  0.323628  0.355416  0.280345  0.198336  0.417030 
13  0.463492  0.338448  0.287208  0.430007  0.410316  0.464530  0.434697  0.291851  0.321129  0.243426  0.476195  0.293880  0.199600 0.0  0.674853  0.105629  0.317375  0.290913  0.441479  0.649103  0.426438  0.310502  0.280755  0.203428  0.385399  0.201452  0.208438  0.314544  0.386781  0.397529  0.229359  0.282153  0.508441  0.209684  0.443101  0.358708  0.426938  0.461078  0.666622  0.280687  0.146182  0.263712  0.337629  0.393574  0.343899  0.497853  0.345208  0.353442  0.446348  0.287741  0.295494  0.367006  0.243471  0.322465  0.424010  0.214941  0.242818  0.318814  0.442094  0.337906  0.302002  0.206171  0.168650  0.121526  0.184140  0.156973  0.211286  0.337586  0.308218  0.380375  0.287019  0.355237  0.465502  0.285507  0.312703  0.213952  0.454951  0.418530  0.208459  0.179365  0.199547  0.142436  0.449234  0.533237  0.352770  0.266630  0.212264  0.211229  0.348938  0.311420  0.263167  0.297857  0.130611  0.146873  0.196633  0.201050  0.354970  0.186019  0.246399  0.271859  0.108743  0.509977  0.451334  0.125313  0.223404  0.298804  0.281832  0.537304  0.268181  0.241782  0.246199  0.172488  0.271490  0.165904  0.361398  0.477462  0.304682  0.637671  0.310282  0.258085  0.300904  0.439717  0.211667  0.278796  0.252700  0.275507  0.258473  0.108010  0.150408  0.388325  0.329383  0.171444  0.330140  0.597228  0.257209  0.182021  0.265440  0.296931  0.403647  0.126616  0.320381  0.662751  0.264320  0.213294  0.377079  0.165668  0.333336  0.324936  0.302482  0.202061  0.207065  0.221615  0.238729  0.221494  0.222076  0.373184  0.183814  0.130605  0.123234  0.420809  0.219389  0.282674  0.232376  0.307188  0.161242  0.260979  0.270961  0.426656  0.539533  0.476611  0.414907  0.449313  0.557716  0.254177  0.116672  0.207320  0.159204  0.191727  0.341823  0.259423  0.551602  0.285616  0.334508  0.265469  0.430045  0.345807  0.289943  0.654377  0.481425  0.380432  0.526104  0.423878  0.435746  0.301575  0.406595  0.124064  0.477874 
14  0.199945  0.359447  0.336411  0.241046  0.290534  0.219127  0.219012  0.370752  0.369138  0.385356  0.168134  0.400593  0.496782  0.674853 0.0  0.553827  0.337244  0.433765  0.206494  0.114192  0.252043  0.323899  0.399256  0.443391  0.291154  0.490371  0.583938  0.327020  0.265716  0.239037  0.691993  0.754674  0.165806  0.406794  0.210353  0.341335  0.212414  0.239023  0.116665  0.466158  0.550697  0.410066  0.366019  0.312380  0.339554  0.195464  0.358345  0.695418  0.267023  0.367392  0.413040  0.305781  0.374840  0.345341  0.272411  0.454463  0.439583  0.393049  0.193473  0.290036  0.356773  0.691720  0.660816  0.638530  0.638749  0.694367  0.463543  0.361635  0.324082  0.365434  0.590120  0.365502  0.229013  0.362688  0.338636  0.728123  0.245887  0.235039  0.741305  0.694208  0.511785  0.573679  0.198849  0.186823  0.216404  0.414473  0.574652  0.527978  0.640160  0.452349  0.603904  0.381883  0.538781  0.719435  0.710066  0.459814  0.256977  0.487178  0.561156  0.598619  0.567059  0.162769  0.140810  0.599487  0.412974  0.336307  0.416207  0.128607  0.422852  0.409181  0.506450  0.547643  0.342881  0.546041  0.608409  0.161136  0.847353  0.121037  0.426102  0.316928  0.330926  0.236186  0.627327  0.643258  0.701543  0.359227  0.711809  0.594293  0.519864  0.255051  0.758287  0.578961  0.633517  0.145877  0.372016  0.483405  0.698390  0.344620  0.264573  0.639835  0.350769  0.141408  0.688125  0.479134  0.303465  0.525055  0.385389  0.334770  0.346167  0.515343  0.552555  0.705363  0.754884  0.660670  0.584817  0.698757  0.648062  0.706255  0.595604  0.680970  0.519501  0.435894  0.712884  0.758696  0.645394  0.453988  0.422300  0.197745  0.162417  0.242916  0.724983  0.168655  0.105656  0.642885  0.700250  0.576128  0.564260  0.628138  0.403000  0.400408  0.114728  0.362090  0.608190  0.409505  0.140670  0.646090  0.489627  0.152375  0.206055  0.250261  0.150667  0.722333  0.236704  0.596968  0.277317  0.588834  0.736066 
15  0.498930  0.357005  0.304951  0.476255  0.432000  0.410476  0.430991  0.328391  0.337162  0.265277  0.507630  0.306990  0.222165  0.105629  0.553827 0.0  0.336746  0.296439  0.460843  0.541215  0.474894  0.383619  0.266148  0.242288  0.392256  0.203805  0.179229  0.289306  0.422004  0.427315  0.191838  0.239357  0.535294  0.235903  0.456109  0.343406  0.476082  0.405749  0.578692  0.256984  0.163139  0.287448  0.298651  0.428517  0.367992  0.537913  0.392454  0.317417  0.438644  0.280135  0.276337  0.428560  0.296075  0.300962  0.439488  0.253865  0.253672  0.314398  0.613121  0.389022  0.356897  0.220924  0.163710  0.115663  0.171895  0.141578  0.244285  0.335417  0.316406  0.375241  0.316971  0.337331  0.489109  0.319602  0.341064  0.194421  0.395521  0.509905  0.212203  0.187948  0.196969  0.129015  0.530620  0.502007  0.474975  0.252870  0.196786  0.234287  0.334532  0.306537  0.210715  0.289466  0.134022  0.130417  0.192417  0.205315  0.443345  0.205012  0.247728  0.257307  0.122170  0.468506  0.579659  0.135138  0.236067  0.312187  0.277100  0.571503  0.302497  0.234647  0.257855  0.176477  0.294203  0.174426  0.345545  0.486103  0.297713  0.683463  0.301213  0.272567  0.326079  0.488723  0.190943  0.264624  0.262047  0.335130  0.239433  0.113498  0.149988  0.438637  0.408181  0.157180  0.338664  0.665077  0.260797  0.214652  0.259659  0.339516  0.427133  0.112297  0.299934  0.495374  0.298434  0.207789  0.373139  0.172090  0.289599  0.318125  0.366303  0.210632  0.205465  0.220613  0.226270  0.193822  0.225090  0.378090  0.180024  0.112027  0.119940  0.392764  0.221445  0.287381  0.193224  0.319143  0.157686  0.240293  0.271429  0.513531  0.604380  0.411761  0.389419  0.504088  0.530956  0.215034  0.102884  0.199884  0.168503  0.206979  0.314037  0.303763  0.526112  0.315068  0.325047  0.313587  0.552129  0.335987  0.278636  0.665871  0.543292  0.461785  0.540398  0.441679  0.389857  0.298933  0.348923  0.133271  0.463389 
16  0.261606  0.131387  0.126230  0.205671  0.176899  0.273032  0.222698  0.134585  0.120340  0.190274  0.276034  0.141064  0.237231  0.317375  0.337244  0.336746 0.0  0.144269  0.236290  0.330853  0.203601  0.144410  0.158729  0.255252  0.155595  0.244420  0.323900  0.164980  0.147652  0.206053  0.424390  0.483820  0.280376  0.183653  0.228366  0.144672  0.223773  0.198498  0.338673  0.220580  0.249916  0.144028  0.156340  0.141058  0.121674  0.275647  0.149137  0.574147  0.199599  0.167173  0.115993  0.173485  0.133723  0.095066  0.223486  0.178633  0.170581  0.158310  0.306001  0.154996  0.098508  0.542562  0.394496  0.372626  0.329360  0.377509  0.265450  0.133479  0.123603  0.144348  0.437880  0.127879  0.247076  0.124771  0.145281  0.408684  0.173678  0.227365  0.426722  0.430696  0.373661  0.375175  0.256499  0.279054  0.218485  0.277796  0.362281  0.339864  0.360556  0.253156  0.333072  0.138830  0.327951  0.317209  0.417080  0.236163  0.191619  0.259737  0.411129  0.331542  0.254544  0.246258  0.343054  0.303324  0.234663  0.132180  0.147729  0.346174  0.146347  0.180576  0.224900  0.237590  0.146521  0.277046  0.371452  0.273912  0.520560  0.369560  0.137568  0.173051  0.134353  0.208369  0.337560  0.468673  0.553944  0.118656  0.469922  0.282654  0.256881  0.187109  0.525577  0.234107  0.387116  0.431276  0.213005  0.236703  0.429069  0.127255  0.197279  0.315307  0.133892  0.371319  0.457914  0.246972  0.127290  0.257136  0.148604  0.153494  0.132334  0.329494  0.299681  0.477628  0.437041  0.401425  0.324084  0.601719  0.337750  0.340663  0.405107  0.483888  0.235675  0.214643  0.463772  0.439712  0.380878  0.272540  0.129085  0.253283  0.292476  0.217289  0.511726  0.249992  0.345856  0.493424  0.340343  0.374989  0.314403  0.343451  0.117960  0.153083  0.320717  0.153440  0.421249  0.164436  0.287362  0.503595  0.264696  0.428184  0.257062  0.166197  0.345320  0.608205  0.200902  0.531009  0.143681  0.285424  0.585731 
17  0.271031  0.111895  0.120840  0.191253  0.203236  0.289623  0.214843  0.118213  0.113808  0.138259  0.315518  0.102350  0.186505  0.290913  0.433765  0.296439  0.144269 0.0  0.276266  0.367767  0.189340  0.133985  0.094580  0.206402  0.183863  0.207141  0.253199  0.101173  0.180037  0.227396  0.431127  0.474766  0.276595  0.190378  0.273845  0.117031  0.226968  0.217681  0.371803  0.161924  0.240993  0.149547  0.094063  0.167859  0.136069  0.272038  0.123711  0.466862  0.195056  0.120688  0.142011  0.157715  0.163237  0.153351  0.196444  0.177180  0.149427  0.112174  0.284739  0.172133  0.145841  0.447430  0.334771  0.366831  0.328603  0.328775  0.196036  0.121839  0.120194  0.130528  0.409219  0.117872  0.267692  0.119675  0.110880  0.442036  0.207734  0.231547  0.377696  0.426722  0.347830  0.300613  0.256460  0.306124  0.201222  0.213551  0.299463  0.384841  0.372826  0.204376  0.343183  0.097484  0.236307  0.355179  0.458020  0.202065  0.186658  0.241295  0.333715  0.322993  0.292769  0.264879  0.359210  0.252507  0.167886  0.111654  0.147972  0.322738  0.167216  0.151579  0.174433  0.225574  0.111644  0.206667  0.329397  0.297575  0.547879  0.351047  0.115000  0.128695  0.127117  0.275996  0.337670  0.463607  0.527185  0.146971  0.455802  0.329476  0.246477  0.210277  0.383512  0.247249  0.355661  0.346846  0.177118  0.203755  0.457100  0.112587  0.177108  0.362872  0.116084  0.466043  0.386805  0.202404  0.160057  0.250000  0.114280  0.105745  0.140548  0.349571  0.352425  0.401399  0.422426  0.412323  0.339872  0.508117  0.461421  0.350380  0.359051  0.446487  0.203175  0.161351  0.432118  0.466426  0.346439  0.244484  0.143563  0.282807  0.304550  0.222689  0.474163  0.295461  0.358705  0.423700  0.288894  0.357817  0.274931  0.336750  0.131629  0.117447  0.347366  0.105760  0.365892  0.183445  0.329114  0.436360  0.212113  0.375358  0.276219  0.190528  0.288560  0.593413  0.246369  0.497798  0.175565  0.275920  0.520735 
18  0.107362  0.218526  0.275072  0.123231  0.164378  0.111484  0.106127  0.271537  0.266485  0.295990  0.164472  0.277518  0.357802  0.441479  0.206494  0.460843  0.236290  0.276266 0.0  0.197501  0.147721  0.200816  0.268437  0.329995  0.194190  0.350167  0.388963  0.254098  0.192931  0.150904  0.604039  0.688021  0.121363  0.332282  0.168169  0.219529  0.142441  0.148621  0.239033  0.303030  0.421221  0.315255  0.237764  0.200693  0.200136  0.107828  0.221193  0.743024  0.149284  0.280517  0.269032  0.156250  0.309448  0.254956  0.146826  0.365148  0.316381  0.216776  0.135430  0.182613  0.251247  0.608106  0.552600  0.471413  0.467792  0.486851  0.347878  0.224808  0.233615  0.212438  0.484417  0.244547  0.187991  0.301995  0.211317  0.579200  0.162200  0.161715  0.634330  0.559766  0.444166  0.498697  0.128829  0.133330  0.146180  0.329329  0.490334  0.462994  0.564911  0.342901  0.411695  0.245014  0.495205  0.517929  0.553952  0.368202  0.157299  0.374847  0.408645  0.386397  0.465350  0.148424  0.177814  0.406825  0.305648  0.271146  0.287113  0.158480  0.288748  0.299516  0.356102  0.372890  0.274080  0.401719  0.422977  0.127754  0.579933  0.211355  0.277850  0.268453  0.294213  0.178902  0.487509  0.658734  0.580999  0.237334  0.573724  0.514111  0.414556  0.155758  0.652054  0.360718  0.399801  0.264304  0.327309  0.390728  0.643644  0.211035  0.147572  0.483217  0.246573  0.252090  0.619392  0.385640  0.229281  0.389353  0.220092  0.242148  0.219046  0.427779  0.501862  0.728716  0.593533  0.620135  0.531317  0.669561  0.484836  0.516937  0.512250  0.590737  0.322581  0.346536  0.620781  0.605740  0.562743  0.374169  0.266708  0.135386  0.200860  0.139030  0.684801  0.137196  0.177433  0.576232  0.457761  0.471747  0.440354  0.514860  0.264645  0.269932  0.172839  0.241958  0.619455  0.314773  0.163182  0.682253  0.401961  0.222493  0.102201  0.164438  0.192471  0.609113  0.152136  0.593809  0.202455  0.390365  0.624794 
19  0.230857  0.373282  0.431662  0.249974  0.273281  0.229300  0.236813  0.358338  0.427791  0.397434  0.174912  0.374235  0.448445  0.649103  0.114192  0.541215  0.330853  0.367767  0.197501 0.0  0.266092  0.322836  0.330440  0.428702  0.239688  0.416773  0.498840  0.406298  0.279464  0.237237  0.757539  0.643111  0.194843  0.476942  0.222442  0.372891  0.236109  0.236152  0.105855  0.416471  0.450754  0.440875  0.335815  0.303918  0.313252  0.222306  0.356215  0.878330  0.270189  0.391282  0.402542  0.282317  0.425198  0.362604  0.288265  0.465449  0.441336  0.406073  0.204550  0.287431  0.382902  0.724121  0.593076  0.652245  0.613474  0.674659  0.473284  0.364011  0.341149  0.279828  0.655440  0.363771  0.229186  0.370527  0.379100  0.715150  0.279983  0.254257  0.614769  0.749186  0.553485  0.641883  0.198449  0.208382  0.255948  0.465168  0.664789  0.531233  0.580927  0.421073  0.614365  0.361979  0.569024  0.531274  0.688218  0.528655  0.265157  0.539422  0.656983  0.683039  0.609066  0.176295  0.131995  0.574211  0.445984  0.355746  0.416197  0.157105  0.448943  0.440313  0.435615  0.490757  0.335662  0.508971  0.602223  0.199265  0.738758  0.105315  0.397641  0.406789  0.438711  0.269548  0.578482  0.812671  0.709408  0.366631  0.719758  0.649446  0.496937  0.275319  0.836534  0.508774  0.628825  0.124544  0.475996  0.475696  0.632489  0.362557  0.281555  0.652577  0.363817  0.120848  0.685848  0.488381  0.343921  0.462562  0.373275  0.365372  0.320358  0.531022  0.500499  0.680330  0.660514  0.694550  0.520647  0.697364  0.592824  0.763680  0.550780  0.784969  0.483042  0.432374  0.676304  0.647925  0.677602  0.525856  0.389202  0.206973  0.152019  0.256796  0.646274  0.200920  0.136624  0.729952  0.609925  0.681104  0.610312  0.614194  0.341412  0.428064  0.136521  0.434854  0.566982  0.442832  0.160512  0.788717  0.487128  0.127625  0.215384  0.305412  0.141690  0.653239  0.237560  0.811543  0.330743  0.634177  0.798329 
