197
0 0.0  0.185787  0.234441  0.124351  0.116894  0.085347  0.073683  0.259526  0.325765  0.250500  0.132154  0.193880  0.319092  0.342783  0.265500  0.487265  0.222645  0.232529  0.085113  0.307949  0.106054  0.221381  0.302828  0.473512  0.199677  0.405508  0.480086  0.239706  0.143289  0.177914  0.554941  0.642696  0.120798  0.404182  0.231603  0.314520  0.227921  0.197593  0.270297  0.211625  0.398737  0.196855  0.230320  0.244112  0.216217  0.084029  0.304386  0.699222  0.154864  0.307635  0.257733  0.105902  0.378561  0.229149  0.114348  0.368031  0.216301  0.199186  0.110621  0.091926  0.314330  0.610080  0.460160  0.420071  0.491111  0.659273  0.406197  0.214206  0.234952  0.166628  0.566701  0.297421  0.145301  0.201959  0.223093  0.625101  0.271460  0.149100  0.530198  0.666337  0.550627  0.460928  0.163881  0.154855  0.169859  0.350350  0.448533  0.533328  0.427874  0.350987  0.507588  0.298043  0.363209  0.487221  0.609878  0.354287  0.176467  0.344794  0.431756  0.409573  0.474707  0.143130  0.218326  0.495131  0.296134  0.245080  0.275533  0.242471  0.348832  0.316575  0.272093  0.393882  0.299184  0.447068  0.477623  0.155180  0.621846  0.275568  0.174449  0.306460  0.342276  0.161027  0.422142  0.542050  0.688824  0.332445  0.669748  0.514740  0.400780  0.258196  0.556070  0.359416  0.545183  0.362420  0.355871  0.365440  0.651240  0.262836  0.171146  0.562748  0.215579  0.325838  0.564098  0.423755  0.201213  0.411743  0.250877  0.298726  0.215994  0.510404  0.560193  0.592168  0.504596  0.622972  0.524043  0.683402  0.571463  0.527449  0.617342  0.625160  0.371207  0.269385  0.659808  0.535007  0.626354  0.415638  0.263310  0.138386  0.134320  0.243816  0.535966  0.157582  0.204926  0.548728  0.415995  0.553653  0.460235  0.455206  0.238623  0.308558  0.120640  0.215340  0.537819  0.282539  0.173073  0.671270  0.262680  0.243358  0.199429  0.073683  0.208701  0.653288  0.146797  0.632302  0.148732  0.416126  0.584133 
1  0.185787 0.0  0.151896  0.219172  0.258602  0.243953  0.283587  0.177264  0.121479  0.159174  0.326816  0.077756  0.257779  0.300818  0.296646  0.308425  0.170367  0.226485  0.198449  0.343658  0.139828  0.113489  0.172023  0.363405  0.086574  0.199671  0.339315  0.073683  0.127397  0.168937  0.374250  0.433371  0.131314  0.187572  0.288522  0.123762  0.276204  0.111124  0.305428  0.224547  0.321499  0.166489  0.102447  0.183371  0.139750  0.223869  0.158625  0.558406  0.084938  0.073683  0.226706  0.073683  0.154199  0.269740  0.163850  0.161989  0.139939  0.136346  0.276843  0.131880  0.073683  0.428374  0.376181  0.373425  0.320917  0.403110  0.249909  0.073683  0.090363  0.098236  0.489185  0.073683  0.217709  0.142848  0.186733  0.489971  0.233907  0.181574  0.328381  0.454912  0.356708  0.347447  0.172332  0.262160  0.192513  0.267665  0.315933  0.443634  0.414877  0.232690  0.426093  0.141208  0.296639  0.418240  0.429138  0.135926  0.183812  0.249159  0.278916  0.278435  0.313588  0.280365  0.276544  0.258725  0.180646  0.073683  0.073683  0.308417  0.074361  0.124168  0.218592  0.238331  0.100564  0.271783  0.346744  0.313479  0.518085  0.358413  0.134236  0.092578  0.131721  0.182570  0.496187  0.566922  0.512814  0.178269  0.473643  0.251919  0.351162  0.073683  0.514858  0.259351  0.458921  0.386859  0.149255  0.237432  0.445727  0.092638  0.147333  0.397715  0.134104  0.447521  0.504238  0.203639  0.096843  0.202937  0.111808  0.089993  0.073683  0.328971  0.295033  0.411539  0.468690  0.327925  0.289408  0.578216  0.415533  0.383242  0.437510  0.559409  0.175043  0.120373  0.514869  0.531042  0.432470  0.353196  0.163650  0.318193  0.263428  0.127615  0.509912  0.263828  0.213929  0.515523  0.381598  0.423144  0.353677  0.282512  0.101033  0.089434  0.306218  0.073683  0.533349  0.288334  0.314329  0.531538  0.223518  0.364656  0.341280  0.139360  0.259404  0.625112  0.210028  0.458578  0.073683  0.377870  0.589361 
2  0.234441  0.151896 0.0  0.189475  0.208717  0.285283  0.191450  0.086048  0.073683  0.084681  0.338380  0.086730  0.256112  0.257380  0.317419  0.285058  0.241786  0.073683  0.258011  0.290094  0.110167  0.074311  0.073683  0.193147  0.150620  0.160064  0.300196  0.198320  0.107860  0.214357  0.411897  0.480991  0.306351  0.171424  0.286189  0.073683  0.264225  0.182947  0.498400  0.186520  0.294029  0.152402  0.207157  0.145790  0.089741  0.181622  0.161928  0.604174  0.159922  0.073683  0.137610  0.105175  0.105686  0.151058  0.219071  0.146064  0.146607  0.191331  0.281686  0.157436  0.093797  0.453765  0.376940  0.298304  0.232310  0.321512  0.270327  0.078347  0.111255  0.174488  0.400923  0.073683  0.221422  0.108382  0.098280  0.437747  0.199719  0.245679  0.330654  0.393434  0.300187  0.400513  0.157214  0.314187  0.349865  0.289242  0.340843  0.304280  0.363416  0.279299  0.282112  0.079954  0.251281  0.351477  0.411093  0.239462  0.260713  0.160405  0.323594  0.321844  0.247624  0.285481  0.443048  0.306679  0.258519  0.162948  0.084815  0.362353  0.127297  0.157803  0.176053  0.121895  0.208580  0.274581  0.444534  0.284713  0.600886  0.419349  0.097846  0.073683  0.097816  0.248374  0.377034  0.449965  0.620424  0.073683  0.516834  0.303026  0.256380  0.168640  0.523082  0.211092  0.463563  0.434405  0.117444  0.138578  0.432226  0.073683  0.146602  0.203541  0.073683  0.433897  0.439783  0.257742  0.078430  0.292762  0.073683  0.083394  0.073683  0.334125  0.267492  0.437214  0.339926  0.413339  0.312662  0.502043  0.336273  0.393594  0.271277  0.470253  0.282322  0.137119  0.458808  0.444228  0.349007  0.164375  0.093019  0.300772  0.291252  0.139598  0.472955  0.298200  0.312708  0.443048  0.372334  0.318972  0.310255  0.334641  0.073683  0.073683  0.300472  0.145022  0.535239  0.073683  0.409149  0.512839  0.211974  0.432423  0.166117  0.089694  0.231132  0.639623  0.236430  0.457698  0.155802  0.235948  0.536739 
3  0.124351  0.219172  0.189475 0.0  0.190664  0.101041  0.073683  0.220611  0.210844  0.300950  0.073683  0.279709  0.287090  0.451124  0.272016  0.396796  0.170368  0.203367  0.073683  0.290706  0.130339  0.131120  0.225512  0.302669  0.180278  0.267537  0.438151  0.227032  0.098509  0.107824  0.535550  0.615578  0.183521  0.275393  0.142125  0.259222  0.173679  0.149657  0.216501  0.273221  0.288625  0.229134  0.225525  0.140651  0.125216  0.073683  0.135979  0.617732  0.073683  0.280284  0.308661  0.073683  0.223347  0.178138  0.122003  0.259330  0.200869  0.199378  0.251719  0.073683  0.266090  0.551420  0.383618  0.408534  0.488863  0.416745  0.207018  0.202501  0.199132  0.142270  0.422778  0.152540  0.097210  0.160435  0.100583  0.542336  0.126329  0.213214  0.523823  0.596962  0.403419  0.510763  0.127194  0.178970  0.181542  0.322448  0.319867  0.457848  0.501640  0.321572  0.481722  0.092948  0.338959  0.518859  0.677829  0.337347  0.073683  0.286478  0.395313  0.426954  0.487934  0.189446  0.174305  0.417782  0.278985  0.170185  0.285772  0.251993  0.295631  0.236303  0.297255  0.317860  0.141549  0.406504  0.463707  0.167276  0.715429  0.184341  0.237924  0.271588  0.262284  0.163686  0.546277  0.602234  0.643111  0.226636  0.645805  0.511436  0.352123  0.187641  0.617484  0.386757  0.371382  0.257236  0.296981  0.366392  0.568951  0.106378  0.117878  0.482218  0.286579  0.292104  0.499138  0.317745  0.221853  0.370824  0.110413  0.201440  0.134626  0.461607  0.456014  0.610691  0.578180  0.567403  0.533563  0.638233  0.562398  0.393202  0.476811  0.586407  0.368049  0.236858  0.610087  0.551482  0.502096  0.346610  0.178417  0.224412  0.243476  0.132265  0.603228  0.167932  0.274880  0.643142  0.482395  0.486027  0.338568  0.349745  0.214742  0.306565  0.237967  0.215657  0.504988  0.319420  0.155767  0.480074  0.194709  0.243026  0.125681  0.104199  0.154176  0.611874  0.108882  0.570202  0.135170  0.505670  0.599457 
4  0.116894  0.258602  0.208717  0.190664 0.0  0.169613  0.073683  0.210520  0.223022  0.264785  0.080200  0.184773  0.284395  0.390511  0.235649  0.414758  0.250847  0.251462  0.171489  0.242575  0.073683  0.104295  0.166036  0.252619  0.073683  0.391694  0.304307  0.279069  0.073683  0.091817  0.621979  0.553830  0.186398  0.173093  0.151773  0.212947  0.129761  0.099044  0.305551  0.284055  0.294918  0.265232  0.214162  0.176495  0.113988  0.234151  0.145901  0.550451  0.207876  0.140871  0.206483  0.186857  0.293469  0.142391  0.112531  0.235152  0.189579  0.214179  0.154095  0.114847  0.182736  0.476675  0.370259  0.482991  0.356399  0.570729  0.271426  0.257946  0.213482  0.198094  0.497065  0.135807  0.106785  0.185256  0.202596  0.546940  0.073683  0.134680  0.568443  0.573112  0.501058  0.524065  0.187191  0.152654  0.094638  0.306912  0.419950  0.494711  0.527323  0.370624  0.470451  0.205350  0.328125  0.398465  0.573938  0.329435  0.151548  0.386826  0.460684  0.437186  0.493313  0.224154  0.200414  0.345896  0.285337  0.159235  0.313434  0.201147  0.344738  0.303711  0.428799  0.344891  0.201739  0.324073  0.388381  0.222655  0.666224  0.236478  0.134740  0.300176  0.277926  0.073683  0.468932  0.636422  0.604378  0.179429  0.693250  0.436504  0.387401  0.073683  0.692214  0.289237  0.494460  0.291748  0.288407  0.331398  0.554070  0.178028  0.073683  0.496920  0.234563  0.248191  0.622189  0.380998  0.094405  0.356513  0.181229  0.162709  0.142335  0.468260  0.413334  0.537691  0.551739  0.523728  0.493100  0.656478  0.534652  0.568165  0.466995  0.594398  0.343696  0.248921  0.586437  0.518103  0.398059  0.372872  0.273316  0.073683  0.187435  0.073683  0.616781  0.096236  0.219601  0.577147  0.455470  0.457756  0.475579  0.428673  0.193151  0.213059  0.285344  0.226310  0.504151  0.284307  0.174675  0.549219  0.363169  0.279135  0.118138  0.073683  0.242709  0.690605  0.129851  0.516693  0.093802  0.450129  0.683243 
5  0.085347  0.243953  0.285283  0.101041  0.169613 0.0  0.102302  0.272656  0.308550  0.310965  0.107857  0.216681  0.390220  0.423427  0.154821  0.495549  0.195193  0.210811  0.073743  0.169419  0.077322  0.234152  0.166751  0.418873  0.247427  0.299587  0.497531  0.286845  0.226039  0.122538  0.696288  0.541200  0.120352  0.356245  0.196782  0.216970  0.180450  0.156235  0.274395  0.381389  0.460196  0.270318  0.206346  0.179699  0.210686  0.088393  0.228994  0.616279  0.084381  0.374504  0.336041  0.112092  0.396941  0.233511  0.152955  0.239021  0.329280  0.286871  0.073683  0.180971  0.291822  0.638826  0.478078  0.540224  0.528259  0.518454  0.356231  0.203082  0.232067  0.317927  0.558819  0.308537  0.244185  0.316468  0.260228  0.657335  0.159210  0.181391  0.561768  0.579664  0.467799  0.521632  0.098694  0.142988  0.160117  0.324830  0.476367  0.515015  0.465303  0.393873  0.514150  0.304769  0.507332  0.473854  0.599725  0.333871  0.129952  0.400565  0.411262  0.435339  0.571482  0.185249  0.219238  0.509897  0.305349  0.228339  0.242048  0.186336  0.398217  0.412869  0.339667  0.292812  0.294216  0.395465  0.363125  0.150240  0.679514  0.293533  0.106345  0.227577  0.347097  0.144744  0.494072  0.613821  0.588077  0.368156  0.682871  0.453061  0.377554  0.209414  0.728397  0.347197  0.474818  0.303515  0.290613  0.384749  0.616300  0.326448  0.169545  0.496338  0.243432  0.301902  0.673505  0.415107  0.275406  0.488714  0.290862  0.277790  0.278848  0.690508  0.527997  0.573527  0.668070  0.655431  0.562612  0.662308  0.562958  0.499194  0.568946  0.660061  0.429888  0.318398  0.596250  0.571565  0.520868  0.452897  0.415705  0.073683  0.193721  0.132479  0.658827  0.182315  0.286182  0.643094  0.513119  0.605237  0.439932  0.538704  0.257657  0.294381  0.195682  0.268157  0.649456  0.226499  0.173665  0.587529  0.295619  0.257676  0.170209  0.131719  0.171035  0.694189  0.168965  0.581153  0.235716  0.495139  0.699811 
6  0.073683  0.283587  0.191450  0.073683  0.073683  0.102302 0.0  0.249165  0.232168  0.400238  0.185388  0.322435  0.393932  0.512911  0.204657  0.512559  0.233640  0.247282  0.090077  0.165073  0.143059  0.304487  0.191501  0.304937  0.233046  0.456081  0.470017  0.301388  0.157171  0.073683  0.505392  0.557298  0.155388  0.380475  0.164377  0.158025  0.073683  0.073683  0.223305  0.302268  0.422378  0.224235  0.378290  0.167831  0.162033  0.073683  0.237033  0.688756  0.216048  0.276288  0.258206  0.140639  0.292431  0.263501  0.073683  0.308412  0.312625  0.256061  0.105664  0.101401  0.195814  0.581509  0.447699  0.564963  0.589675  0.499460  0.364215  0.154417  0.267857  0.213171  0.513742  0.178702  0.187841  0.230023  0.242164  0.750119  0.073683  0.205087  0.558299  0.595088  0.482299  0.572991  0.112550  0.128040  0.215425  0.388088  0.471610  0.490066  0.534859  0.189016  0.436984  0.097743  0.432929  0.416418  0.595099  0.456274  0.151243  0.393655  0.501697  0.338546  0.509692  0.094864  0.170466  0.453416  0.313398  0.172125  0.315568  0.122826  0.243400  0.294335  0.393337  0.347817  0.322173  0.387816  0.358133  0.093095  0.703551  0.188789  0.239564  0.301713  0.127299  0.082152  0.466530  0.611930  0.673790  0.237914  0.563699  0.394040  0.302693  0.090404  0.535951  0.435062  0.505989  0.332339  0.216589  0.395134  0.621420  0.218836  0.170609  0.480402  0.260619  0.301457  0.524775  0.364060  0.240752  0.537434  0.118412  0.246500  0.244491  0.401611  0.471060  0.543233  0.673097  0.508572  0.548032  0.683525  0.535794  0.401591  0.488786  0.592187  0.355468  0.230855  0.642383  0.615424  0.521272  0.422639  0.274972  0.181877  0.163552  0.169800  0.480477  0.134138  0.221771  0.598855  0.414634  0.562399  0.453263  0.496720  0.111971  0.171848  0.173780  0.210702  0.581135  0.342058  0.127082  0.650151  0.401352  0.285438  0.117463  0.245763  0.161015  0.639294  0.073683  0.594068  0.159255  0.483410  0.667655 
7  0.259526  0.177264  0.086048  0.220611  0.210520  0.272656  0.249165 0.0  0.073683  0.151048  0.381273  0.088509  0.237893  0.278698  0.399644  0.338233  0.172239  0.083680  0.225995  0.454300  0.118099  0.210085  0.128814  0.223056  0.164529  0.148310  0.231160  0.086132  0.193073  0.286574  0.386212  0.539484  0.210025  0.174540  0.252067  0.073683  0.220863  0.102361  0.396721  0.229272  0.237532  0.073683  0.140005  0.203575  0.073683  0.212283  0.188793  0.523484  0.186527  0.093070  0.073683  0.235088  0.137701  0.136674  0.210633  0.223221  0.102760  0.129846  0.331728  0.201352  0.073683  0.433450  0.318558  0.289361  0.417719  0.296693  0.144932  0.194194  0.120031  0.084045  0.463940  0.073683  0.286262  0.073683  0.073683  0.482160  0.213613  0.231177  0.413084  0.500928  0.355443  0.276367  0.285744  0.329690  0.207264  0.367624  0.269353  0.336048  0.367703  0.274361  0.320950  0.073683  0.321820  0.388875  0.374589  0.179966  0.116178  0.229975  0.354969  0.382532  0.344837  0.312199  0.255669  0.223492  0.083182  0.073683  0.073683  0.401091  0.128593  0.127937  0.195310  0.223629  0.105343  0.097981  0.371865  0.347966  0.536690  0.446038  0.198675  0.073683  0.079289  0.231866  0.325062  0.439268  0.477866  0.167687  0.533444  0.207932  0.245088  0.186523  0.550212  0.201324  0.444395  0.394376  0.200536  0.250549  0.401675  0.073683  0.189224  0.390186  0.073683  0.428167  0.387706  0.237713  0.167337  0.219097  0.138256  0.073683  0.146496  0.342985  0.297319  0.571012  0.515534  0.510636  0.381282  0.631891  0.453549  0.342288  0.351122  0.530426  0.280737  0.231876  0.585776  0.485372  0.368640  0.261259  0.113959  0.239701  0.351215  0.267460  0.513651  0.345363  0.310634  0.457519  0.246649  0.326879  0.225350  0.299908  0.073683  0.082035  0.257264  0.073683  0.426673  0.149077  0.324682  0.407601  0.248301  0.493715  0.337416  0.166738  0.353113  0.579735  0.201660  0.555764  0.213888  0.328684  0.617276 
8  0.325765  0.121479  0.073683  0.210844  0.223022  0.308550  0.232168  0.073683 0.0  0.119393  0.216838  0.073683  0.241391  0.381490  0.349632  0.291655  0.106386  0.073683  0.268712  0.344494  0.240952  0.147035  0.158836  0.243446  0.120403  0.187150  0.320610  0.088708  0.219743  0.161909  0.450940  0.573394  0.308330  0.223851  0.265882  0.152989  0.233272  0.191937  0.364360  0.191456  0.213962  0.117761  0.140639  0.183319  0.102864  0.217365  0.073683  0.619362  0.204587  0.073683  0.088240  0.140713  0.104999  0.205509  0.195933  0.166756  0.091863  0.073683  0.309983  0.102759  0.157037  0.437488  0.277828  0.317089  0.448368  0.414339  0.272649  0.177923  0.090270  0.162028  0.413568  0.073683  0.201565  0.073683  0.085073  0.514675  0.228050  0.195195  0.395109  0.397872  0.369300  0.305039  0.218195  0.292658  0.151995  0.207565  0.321149  0.221700  0.329029  0.270901  0.375335  0.078814  0.266826  0.309948  0.405111  0.146254  0.171300  0.286854  0.333630  0.267520  0.312428  0.286391  0.311134  0.340297  0.098769  0.073683  0.245165  0.262693  0.091160  0.100140  0.199794  0.175945  0.082697  0.144050  0.458010  0.325911  0.550115  0.383768  0.073683  0.158053  0.153230  0.331485  0.276773  0.541587  0.481806  0.173499  0.441401  0.284483  0.248664  0.110757  0.528351  0.280562  0.334990  0.375484  0.191034  0.181355  0.526156  0.108429  0.142404  0.396607  0.073683  0.411634  0.562209  0.195026  0.116485  0.198187  0.082984  0.073683  0.183098  0.424133  0.403370  0.367191  0.368400  0.342006  0.439430  0.671096  0.382631  0.371124  0.348468  0.532956  0.177581  0.168874  0.409047  0.440100  0.347833  0.272803  0.073683  0.232671  0.332393  0.270981  0.524916  0.216177  0.323486  0.540570  0.316410  0.450950  0.290847  0.359113  0.088179  0.148238  0.434708  0.073683  0.478586  0.175355  0.230384  0.545972  0.198578  0.423545  0.211727  0.190425  0.353462  0.505472  0.219059  0.404685  0.104639  0.295481  0.620821 
9  0.250500  0.159174  0.084681  0.300950  0.264785  0.310965  0.400238  0.151048  0.119393 0.0  0.336943  0.153011  0.133472  0.217873  0.468885  0.256836  0.203768  0.237600  0.333031  0.431775  0.306494  0.168797  0.199559  0.131704  0.241206  0.256172  0.254449  0.141517  0.174444  0.317155  0.378755  0.371240  0.380014  0.128893  0.295335  0.290246  0.296840  0.166616  0.431823  0.103394  0.119547  0.209400  0.087127  0.199733  0.249172  0.266968  0.083413  0.493155  0.253344  0.172184  0.073683  0.160105  0.116115  0.228573  0.316069  0.120406  0.073683  0.132918  0.322359  0.165115  0.206035  0.397288  0.250998  0.280303  0.325535  0.249263  0.100763  0.231899  0.149705  0.219314  0.348296  0.103293  0.279454  0.073683  0.130168  0.470146  0.194537  0.289978  0.346236  0.424035  0.114733  0.293648  0.298878  0.281027  0.366154  0.146673  0.240915  0.295458  0.253541  0.139778  0.251396  0.161536  0.099943  0.210448  0.396746  0.194671  0.245619  0.167718  0.124837  0.298221  0.278185  0.261460  0.479108  0.219002  0.073683  0.159421  0.137908  0.351836  0.194725  0.073683  0.184075  0.158997  0.176633  0.132368  0.388621  0.357322  0.445638  0.416785  0.073683  0.130129  0.168560  0.320371  0.393973  0.514787  0.460566  0.153895  0.267940  0.321340  0.221742  0.215195  0.481981  0.084948  0.446769  0.522077  0.080989  0.191729  0.413165  0.193591  0.201615  0.396774  0.073683  0.403210  0.405660  0.161471  0.279604  0.192427  0.212736  0.121289  0.154338  0.342772  0.334604  0.445983  0.354585  0.342019  0.395135  0.552234  0.376523  0.247175  0.317965  0.538584  0.073683  0.170297  0.448241  0.514332  0.287146  0.097001  0.088096  0.311155  0.434407  0.351555  0.433012  0.429189  0.317451  0.377112  0.277535  0.318505  0.185480  0.245598  0.114591  0.087409  0.522344  0.131881  0.369904  0.246562  0.392195  0.466916  0.222946  0.457702  0.213646  0.244815  0.426299  0.622793  0.240898  0.372398  0.183638  0.139613  0.511291 
10  0.132154  0.326816  0.338380  0.073683  0.080200  0.107857  0.185388  0.381273  0.216838  0.336943 0.0  0.373401  0.462794  0.501278  0.152655  0.604123  0.262667  0.288580  0.207889  0.203367  0.262863  0.256259  0.328595  0.465498  0.147723  0.440878  0.370480  0.336262  0.217505  0.273114  0.706465  0.555619  0.093242  0.442801  0.169016  0.317623  0.130789  0.263389  0.157695  0.417887  0.460108  0.207427  0.354004  0.258150  0.280370  0.165841  0.326879  0.777380  0.186233  0.351801  0.320611  0.270234  0.311400  0.329093  0.226837  0.393988  0.318938  0.329872  0.213504  0.209137  0.288885  0.708796  0.500938  0.559408  0.622316  0.530821  0.339353  0.267702  0.287443  0.346155  0.673907  0.206586  0.100352  0.359806  0.255555  0.618376  0.254608  0.165815  0.644662  0.613880  0.471050  0.472543  0.104159  0.222036  0.120113  0.497707  0.534297  0.567816  0.645520  0.471319  0.589742  0.267854  0.464697  0.530342  0.624768  0.362200  0.270454  0.451719  0.562935  0.534782  0.500148  0.102145  0.211563  0.492135  0.338418  0.337709  0.303132  0.073683  0.341698  0.459693  0.424524  0.352774  0.315112  0.532745  0.534076  0.124681  0.780216  0.159847  0.269895  0.382336  0.311344  0.181126  0.424392  0.657168  0.697685  0.396702  0.578490  0.544597  0.464195  0.215762  0.680691  0.484178  0.495251  0.169318  0.325229  0.308780  0.653716  0.355845  0.248719  0.547268  0.315649  0.210972  0.657528  0.366160  0.262946  0.325696  0.206903  0.325083  0.197178  0.571248  0.471260  0.676053  0.652796  0.638363  0.557063  0.640967  0.707041  0.531485  0.518228  0.677074  0.389048  0.417452  0.679161  0.757841  0.539375  0.443671  0.239365  0.097050  0.132895  0.113384  0.559327  0.083960  0.073683  0.732155  0.555077  0.585176  0.500691  0.532968  0.318366  0.376200  0.117301  0.271044  0.549495  0.267151  0.211287  0.644400  0.381120  0.176425  0.122717  0.142145  0.073683  0.713638  0.238611  0.702313  0.240235  0.462494  0.819861 
11  0.193880  0.077756  0.086730  0.279709  0.184773  0.216681  0.322435  0.088509  0.073683  0.153011  0.373401 0.0  0.073683  0.257729  0.349667  0.273700  0.081883  0.089439  0.281209  0.470546  0.164125  0.235976  0.073683  0.201917  0.209844  0.274160  0.242896  0.073683  0.161033  0.264486  0.490278  0.537306  0.233039  0.134509  0.302110  0.171703  0.374977  0.328904  0.453542  0.155822  0.251527  0.151191  0.101284  0.189812  0.218840  0.329639  0.169824  0.542872  0.183524  0.170589  0.133834  0.156872  0.198891  0.227851  0.183234  0.148944  0.073683  0.146485  0.265410  0.182351  0.103847  0.353286  0.362079  0.312640  0.359035  0.390498  0.223468  0.090823  0.106138  0.161128  0.308884  0.116270  0.306601  0.117689  0.077878  0.422252  0.304422  0.253680  0.401053  0.358132  0.298004  0.407503  0.369749  0.233838  0.193177  0.203263  0.188276  0.343060  0.383353  0.285449  0.314842  0.126491  0.359072  0.368162  0.387529  0.140679  0.213747  0.240176  0.254883  0.337356  0.297429  0.418979  0.427513  0.209462  0.101986  0.073683  0.123140  0.420552  0.130220  0.188821  0.188316  0.288900  0.073683  0.171479  0.384283  0.243205  0.422670  0.268224  0.073683  0.133146  0.138895  0.386419  0.249388  0.469569  0.462036  0.121115  0.449594  0.142719  0.205172  0.187504  0.605484  0.211405  0.419894  0.454059  0.125436  0.127593  0.444825  0.109295  0.235597  0.310763  0.126399  0.424248  0.479104  0.145336  0.073683  0.154767  0.182675  0.211209  0.134060  0.284214  0.335321  0.430558  0.445326  0.429414  0.350702  0.411751  0.353475  0.369170  0.354121  0.552669  0.104275  0.154759  0.399918  0.427021  0.388060  0.152021  0.135395  0.307668  0.372222  0.303581  0.488170  0.376083  0.429214  0.493449  0.306711  0.324558  0.385040  0.339968  0.191344  0.161718  0.351484  0.089225  0.402169  0.092911  0.349293  0.514320  0.213304  0.519877  0.307083  0.197881  0.266062  0.553536  0.255886  0.409424  0.245947  0.284414  0.611840 
12  0.319092  0.257779  0.256112  0.287090  0.284395  0.390220  0.393932  0.237893  0.241391  0.133472  0.462794  0.073683 0.0  0.252277  0.440247  0.365696  0.263965  0.213016  0.338972  0.516359  0.304814  0.236416  0.195595  0.143662  0.250041  0.073683  0.123737  0.167697  0.226350  0.291099  0.380645  0.306915  0.361198  0.165259  0.445261  0.098090  0.379798  0.204414  0.463659  0.109579  0.192677  0.262325  0.227805  0.268210  0.278069  0.362962  0.249237  0.391006  0.309337  0.131563  0.142041  0.306351  0.237337  0.195375  0.180489  0.100787  0.109240  0.186982  0.425359  0.337685  0.206727  0.315789  0.155526  0.111230  0.255216  0.268840  0.119923  0.168391  0.215006  0.171891  0.347760  0.222594  0.304370  0.161124  0.185280  0.352301  0.225372  0.269030  0.394065  0.396156  0.248229  0.185277  0.396398  0.359233  0.236540  0.178199  0.241329  0.279607  0.339879  0.198643  0.287728  0.234917  0.216459  0.264300  0.356945  0.073683  0.235779  0.073683  0.278635  0.229193  0.130270  0.385350  0.457262  0.204877  0.145677  0.286273  0.181347  0.373438  0.233374  0.163591  0.116171  0.073683  0.296606  0.127336  0.392835  0.428091  0.420516  0.584272  0.179341  0.205275  0.219837  0.288789  0.332261  0.332784  0.363338  0.195222  0.401419  0.281103  0.095297  0.348557  0.432964  0.178804  0.284583  0.632352  0.125427  0.096857  0.364412  0.233294  0.309062  0.241248  0.161757  0.529197  0.255214  0.141343  0.264222  0.101604  0.198691  0.126254  0.173857  0.246834  0.295897  0.416551  0.429385  0.281358  0.315509  0.495446  0.343906  0.305930  0.255335  0.388551  0.116341  0.188204  0.290091  0.433217  0.253385  0.179582  0.077387  0.547938  0.493590  0.373517  0.447154  0.418634  0.491269  0.450950  0.247700  0.210363  0.191957  0.211098  0.224394  0.153262  0.514702  0.251120  0.278152  0.273060  0.432012  0.408523  0.160313  0.520857  0.381031  0.385485  0.515565  0.484736  0.291499  0.406222  0.254108  0.275982  0.441255 
13  0.342783  0.300818  0.257380  0.451124  0.390511  0.423427  0.512911  0.278698  0.381490  0.217873  0.501278  0.257729  0.252277 0.0  0.654443  0.073683  0.311771  0.345155  0.482071  0.551430  0.495859  0.274504  0.263957  0.290781  0.415631  0.211632  0.175745  0.283805  0.412766  0.419631  0.191387  0.338569  0.472890  0.205291  0.472012  0.310913  0.417179  0.459046  0.592138  0.276344  0.122773  0.266265  0.393563  0.389085  0.353928  0.517998  0.369188  0.420244  0.419211  0.307199  0.288509  0.386871  0.320317  0.320500  0.475234  0.200713  0.204515  0.257163  0.555369  0.453104  0.351796  0.126605  0.199000  0.073683  0.122840  0.080482  0.197073  0.369501  0.381357  0.284438  0.383857  0.277468  0.510104  0.320460  0.400583  0.192075  0.408832  0.448318  0.341023  0.147617  0.135559  0.096281  0.492545  0.535764  0.572879  0.329062  0.257640  0.161155  0.310271  0.308386  0.250420  0.316426  0.083746  0.229059  0.183476  0.221021  0.337349  0.233377  0.422467  0.376494  0.074196  0.424938  0.625700  0.137845  0.176155  0.242840  0.267563  0.484645  0.252098  0.259373  0.166002  0.094971  0.295533  0.156365  0.331478  0.529087  0.276922  0.587060  0.230372  0.309045  0.292063  0.524927  0.139616  0.305783  0.300771  0.219349  0.342446  0.073683  0.086202  0.299389  0.509532  0.248820  0.329782  0.716775  0.330261  0.173725  0.297624  0.337865  0.478713  0.142956  0.318707  0.626604  0.189905  0.193787  0.390486  0.191977  0.290373  0.345179  0.437728  0.135329  0.179471  0.225761  0.272344  0.272563  0.203796  0.394203  0.148829  0.203060  0.095612  0.470968  0.209279  0.252835  0.259862  0.307925  0.073683  0.319397  0.241137  0.526931  0.528865  0.465629  0.344573  0.499147  0.546385  0.217842  0.073683  0.194811  0.109839  0.193170  0.260714  0.334939  0.556100  0.395586  0.298202  0.350251  0.552806  0.402192  0.227103  0.624559  0.483479  0.412035  0.595199  0.397416  0.534941  0.316456  0.436575  0.184642  0.456958 
14  0.265500  0.296646  0.317419  0.272016  0.235649  0.154821  0.204657  0.399644  0.349632  0.468885  0.152655  0.349667  0.440247  0.654443 0.0  0.549211  0.407995  0.407496  0.174698  0.073683  0.193546  0.290739  0.358170  0.451296  0.241882  0.420824  0.494377  0.384468  0.292167  0.262065  0.739537  0.673838  0.250620  0.492123  0.189209  0.204010  0.173123  0.193293  0.088974  0.420608  0.528188  0.466250  0.353029  0.239261  0.290760  0.161564  0.302617  0.832532  0.329819  0.407048  0.377436  0.306039  0.541134  0.452906  0.275892  0.448774  0.499297  0.323511  0.165021  0.333658  0.419368  0.704128  0.620645  0.600245  0.698164  0.640996  0.472008  0.381607  0.340845  0.328939  0.667629  0.266196  0.235529  0.379592  0.311335  0.758346  0.254103  0.208580  0.693487  0.694768  0.579887  0.656781  0.193872  0.124105  0.352053  0.514499  0.581393  0.650595  0.602324  0.458249  0.588093  0.370032  0.575928  0.570671  0.717362  0.484647  0.251111  0.633955  0.576442  0.620808  0.577878  0.209407  0.170957  0.540629  0.535406  0.365393  0.487988  0.164117  0.387640  0.386124  0.322486  0.523142  0.397590  0.555487  0.532687  0.185463  0.820393  0.139378  0.302995  0.422430  0.403073  0.255720  0.627342  0.710404  0.746499  0.312516  0.678684  0.558068  0.556313  0.327612  0.758607  0.475390  0.507838  0.155467  0.581243  0.546483  0.680570  0.297330  0.215028  0.604930  0.318192  0.117500  0.714876  0.464161  0.288809  0.500369  0.361512  0.359189  0.313749  0.649845  0.712999  0.721359  0.735104  0.682250  0.656316  0.767356  0.749496  0.576840  0.666149  0.770952  0.545315  0.447506  0.593860  0.657310  0.655702  0.557455  0.466326  0.158944  0.136199  0.257420  0.745163  0.211878  0.073683  0.827877  0.561279  0.673152  0.540629  0.570672  0.401691  0.372448  0.183348  0.351537  0.648314  0.437074  0.108864  0.748393  0.550034  0.173531  0.140355  0.244205  0.104378  0.792455  0.320264  0.720317  0.294553  0.590352  0.766391 
15  0.487265  0.308425  0.285058  0.396796  0.414758  0.495549  0.512559  0.338233  0.291655  0.256836  0.604123  0.273700  0.365696  0.073683  0.549211 0.0  0.358893  0.354209  0.438462  0.675703  0.464888  0.482252  0.307865  0.158553  0.403716  0.251371  0.157643  0.291518  0.341564  0.481552  0.239431  0.288068  0.487834  0.213343  0.592893  0.252791  0.511855  0.385670  0.633511  0.229874  0.166970  0.288765  0.311960  0.384566  0.375178  0.546430  0.378741  0.304393  0.346719  0.327671  0.281348  0.380849  0.300867  0.301010  0.481666  0.162274  0.265638  0.513123  0.534899  0.399593  0.377109  0.231955  0.120182  0.111278  0.176445  0.130521  0.308161  0.354294  0.294636  0.387283  0.218260  0.306758  0.488039  0.407738  0.352788  0.169640  0.455397  0.478148  0.262912  0.137387  0.187305  0.135708  0.407821  0.558049  0.484706  0.350298  0.175702  0.187170  0.307650  0.322959  0.299334  0.435588  0.124909  0.073683  0.245923  0.155490  0.404949  0.262961  0.259167  0.306358  0.115815  0.511312  0.599451  0.073683  0.262476  0.347085  0.292670  0.566344  0.263119  0.195190  0.269060  0.204018  0.260845  0.232664  0.399971  0.514483  0.302802  0.603982  0.311401  0.294504  0.402050  0.438444  0.158380  0.274691  0.229577  0.364070  0.312957  0.073683  0.101927  0.444711  0.424970  0.209838  0.347115  0.635543  0.177319  0.146529  0.193527  0.309277  0.428824  0.073683  0.364842  0.709736  0.291090  0.144672  0.261768  0.247605  0.339790  0.271595  0.274938  0.172066  0.101256  0.307473  0.227953  0.182488  0.251287  0.406013  0.195142  0.140273  0.073683  0.445656  0.167089  0.232228  0.157242  0.284244  0.073683  0.200998  0.355698  0.545139  0.513181  0.583973  0.349122  0.501365  0.606159  0.169362  0.152073  0.162152  0.100148  0.210206  0.288295  0.400813  0.541658  0.229884  0.267526  0.186531  0.618231  0.304334  0.255511  0.688558  0.494453  0.445788  0.478647  0.445206  0.426231  0.292159  0.423879  0.153898  0.496715 
16  0.222645  0.170367  0.241786  0.170368  0.250847  0.195193  0.233640  0.172239  0.106386  0.203768  0.262667  0.081883  0.263965  0.311771  0.407995  0.358893 0.0  0.173541  0.317375  0.369424  0.162886  0.180093  0.118781  0.234129  0.073683  0.209332  0.328120  0.073683  0.184442  0.189740  0.468572  0.491201  0.257952  0.135317  0.258156  0.097767  0.214694  0.206695  0.457528  0.190063  0.262994  0.073683  0.176894  0.073683  0.073683  0.299689  0.121922  0.472024  0.102305  0.186748  0.080969  0.204511  0.087587  0.142227  0.208595  0.126544  0.073683  0.172850  0.273626  0.183747  0.108279  0.538807  0.415881  0.388999  0.374953  0.385126  0.216410  0.107455  0.073683  0.073683  0.404783  0.135312  0.307929  0.120299  0.303136  0.422758  0.143568  0.313892  0.557474  0.389019  0.348261  0.369890  0.178443  0.285305  0.261967  0.264747  0.244277  0.199642  0.450879  0.299123  0.357589  0.202180  0.314333  0.362085  0.426137  0.189703  0.190699  0.216674  0.409161  0.315681  0.374676  0.231783  0.244558  0.278714  0.238730  0.073683  0.145361  0.370760  0.140275  0.122252  0.151395  0.165767  0.196937  0.205019  0.433650  0.331330  0.494990  0.305859  0.074365  0.218164  0.080459  0.225751  0.380402  0.536079  0.525110  0.145228  0.466309  0.265191  0.192090  0.121816  0.563164  0.282803  0.501749  0.431348  0.200382  0.174892  0.448996  0.129004  0.262513  0.344175  0.199321  0.352639  0.446623  0.248913  0.256718  0.197605  0.147709  0.152915  0.206832  0.248542  0.249535  0.414114  0.434406  0.536036  0.399984  0.583742  0.458511  0.402432  0.343518  0.630740  0.357603  0.174664  0.479882  0.387215  0.392140  0.302480  0.073683  0.242635  0.317628  0.214241  0.577000  0.236460  0.309258  0.534948  0.311960  0.457365  0.304620  0.318113  0.084932  0.132431  0.377596  0.146571  0.354088  0.168381  0.253772  0.544874  0.248930  0.398001  0.212942  0.227045  0.332063  0.595910  0.164914  0.461766  0.197534  0.312068  0.668526 
17  0.232529  0.226485  0.073683  0.203367  0.251462  0.210811  0.247282  0.083680  0.073683  0.237600  0.288580  0.089439  0.213016  0.345155  0.407496  0.354209  0.173541 0.0  0.241740  0.455242  0.264279  0.139045  0.073683  0.181947  0.230647  0.196522  0.244227  0.105632  0.098032  0.191641  0.329539  0.481099  0.309113  0.145304  0.320784  0.073683  0.206098  0.170062  0.375435  0.091103  0.151102  0.110512  0.073683  0.182799  0.152289  0.289543  0.197730  0.544089  0.202787  0.073683  0.149005  0.241945  0.099113  0.111692  0.171798  0.200341  0.146977  0.091752  0.332817  0.105555  0.096423  0.367459  0.373911  0.364242  0.421594  0.355985  0.226740  0.136219  0.145976  0.073683  0.418686  0.120826  0.297279  0.153287  0.075744  0.331717  0.240104  0.270517  0.414243  0.427786  0.307291  0.336562  0.123172  0.306122  0.257559  0.176221  0.335402  0.260558  0.322355  0.207879  0.340596  0.073683  0.229714  0.387151  0.394041  0.184457  0.232727  0.245967  0.385074  0.331560  0.296251  0.275022  0.281373  0.306620  0.073683  0.122322  0.098977  0.342144  0.250199  0.161732  0.158177  0.177950  0.140776  0.216852  0.315083  0.362469  0.511641  0.367649  0.106147  0.100983  0.173997  0.149483  0.334504  0.451152  0.553162  0.096557  0.416420  0.327006  0.293358  0.185369  0.492563  0.183704  0.424659  0.378465  0.120781  0.294973  0.446228  0.161512  0.173261  0.299057  0.073683  0.425350  0.417516  0.276974  0.159923  0.225741  0.195846  0.159373  0.137967  0.284861  0.385502  0.426198  0.492210  0.451473  0.438520  0.551111  0.361973  0.430720  0.306491  0.459251  0.163156  0.156701  0.389338  0.470172  0.430579  0.279134  0.169977  0.177131  0.317235  0.209001  0.485389  0.288270  0.406446  0.360746  0.332630  0.316349  0.267122  0.344727  0.077739  0.179965  0.318181  0.073683  0.446017  0.245050  0.348378  0.515352  0.210996  0.411464  0.214868  0.173645  0.444640  0.597291  0.227898  0.473730  0.086008  0.273022  0.476782 
18  0.085113  0.198449  0.258011  0.073683  0.171489  0.073743  0.090077  0.225995  0.268712  0.333031  0.207889  0.281209  0.338972  0.482071  0.174698  0.438462  0.317375  0.241740 0.0  0.271495  0.109948  0.121687  0.269115  0.265499  0.274605  0.426423  0.416063  0.240303  0.227944  0.159955  0.445505  0.657045  0.088175  0.397617  0.136698  0.262751  0.125745  0.210396  0.320558  0.390296  0.267027  0.302217  0.202607  0.287277  0.213757  0.102962  0.236460  0.621822  0.229357  0.405357  0.247109  0.161768  0.355019  0.352158  0.172810  0.391341  0.375244  0.252227  0.101147  0.151659  0.338389  0.627074  0.561195  0.526567  0.529128  0.593643  0.302889  0.234024  0.258896  0.238628  0.555132  0.234592  0.133245  0.312539  0.227865  0.596582  0.097221  0.149851  0.538998  0.540423  0.501764  0.566698  0.196025  0.132429  0.125666  0.416704  0.500645  0.515529  0.529323  0.406333  0.479257  0.234196  0.441103  0.501599  0.516974  0.350276  0.073683  0.429008  0.456471  0.524793  0.551172  0.073683  0.167464  0.430421  0.338048  0.217392  0.247227  0.136247  0.297486  0.361619  0.353603  0.433717  0.329324  0.485393  0.416755  0.079617  0.663143  0.204106  0.292595  0.335822  0.300629  0.144435  0.508258  0.661971  0.615790  0.307239  0.614347  0.473244  0.386161  0.163144  0.623651  0.318695  0.419559  0.222790  0.279971  0.412097  0.660102  0.199704  0.086040  0.505064  0.263026  0.279904  0.591964  0.394989  0.253104  0.379233  0.225158  0.317600  0.108972  0.539286  0.488684  0.690350  0.661213  0.591356  0.536300  0.694559  0.525016  0.565605  0.513772  0.748630  0.360359  0.226313  0.637738  0.638858  0.543592  0.433790  0.267042  0.073683  0.165585  0.124977  0.600471  0.138375  0.261655  0.675230  0.425638  0.500054  0.461221  0.470913  0.297393  0.330803  0.203058  0.290573  0.505862  0.313631  0.281001  0.548095  0.418803  0.301834  0.102034  0.094800  0.114229  0.781262  0.201048  0.585193  0.128666  0.361752  0.619859 
19  0.307949  0.343658  0.290094  0.290706  0.242575  0.169419  0.165073  0.454300  0.344494  0.431775  0.203367  0.470546  0.516359  0.551430  0.073683  0.675703  0.369424  0.455242  0.271495 0.0  0.314616  0.315725  0.414744  0.606953  0.297891  0.443122  0.565533  0.388295  0.329910  0.257739  0.799029  0.748009  0.242184  0.489976  0.170720  0.387086  0.163119  0.249601  0.082997  0.489413  0.532120  0.361381  0.409066  0.351172  0.286443  0.196358  0.319195  0.726629  0.300808  0.467064  0.481242  0.276520  0.405736  0.443522  0.285767  0.460729  0.434708  0.355819  0.174926  0.355462  0.322925  0.781867  0.572155  0.659965  0.765002  0.635952  0.475460  0.448123  0.370206  0.312076  0.716392  0.413041  0.214075  0.345540  0.296861  0.703123  0.236103  0.159545  0.713017  0.691142  0.653379  0.690548  0.202556  0.229546  0.188895  0.554793  0.490492  0.604438  0.640568  0.433388  0.622274  0.357593  0.599809  0.683778  0.707931  0.494832  0.297837  0.612569  0.630293  0.658550  0.581640  0.249698  0.098461  0.626678  0.471594  0.393717  0.442985  0.124394  0.541015  0.536209  0.548410  0.539732  0.462838  0.466223  0.594551  0.213344  0.813927  0.157581  0.398487  0.417322  0.436991  0.322125  0.620292  0.790095  0.802035  0.421156  0.866301  0.635731  0.554378  0.271432  0.761003  0.436490  0.622260  0.081638  0.498828  0.528538  0.800547  0.301963  0.274783  0.634389  0.444547  0.073683  0.810888  0.450766  0.316983  0.618734  0.280190  0.429427  0.299549  0.647041  0.631508  0.714378  0.789063  0.748818  0.599530  0.722676  0.795662  0.730899  0.711676  0.818211  0.482831  0.526260  0.736980  0.756503  0.675908  0.515772  0.419334  0.254411  0.170436  0.258600  0.746382  0.134181  0.166213  0.767807  0.777526  0.798575  0.547720  0.558919  0.417182  0.513408  0.093324  0.436436  0.714580  0.577697  0.122979  0.868778  0.528131  0.115397  0.230365  0.359456  0.098698  0.847340  0.260225  0.844148  0.293385  0.600094  0.729258 
