197
0 0.0  0.234039  0.227306  0.174092  0.245835  0.109719  0.082842  0.287641  0.342227  0.321988  0.134544  0.328766  0.385279  0.465250  0.149466  0.489840  0.288817  0.307751  0.082842  0.267784  0.185945  0.199528  0.264394  0.427345  0.196240  0.388061  0.380759  0.321729  0.294520  0.217685  0.694757  0.662638  0.094446  0.328128  0.194412  0.185812  0.190398  0.116969  0.299649  0.246985  0.338914  0.299279  0.244691  0.151786  0.186966  0.098306  0.181862  0.714555  0.192194  0.313995  0.304266  0.131525  0.318869  0.255321  0.117828  0.302301  0.336413  0.212249  0.222281  0.126501  0.168722  0.578711  0.601440  0.420986  0.539072  0.545798  0.356814  0.269536  0.343993  0.222932  0.621302  0.299219  0.186257  0.180059  0.206817  0.604539  0.165537  0.294031  0.592913  0.522211  0.352966  0.546477  0.082842  0.141193  0.114591  0.391302  0.383642  0.542836  0.540101  0.322317  0.533645  0.288216  0.533608  0.463235  0.609657  0.308176  0.082842  0.344338  0.483241  0.452760  0.513085  0.203798  0.179776  0.398968  0.344339  0.175808  0.273138  0.257396  0.244112  0.272110  0.237683  0.341287  0.320452  0.314376  0.493999  0.191755  0.637244  0.249460  0.269228  0.268475  0.194037  0.179647  0.479723  0.638350  0.663164  0.311187  0.672895  0.513091  0.435639  0.154547  0.701174  0.380848  0.471203  0.297519  0.350366  0.312892  0.558422  0.257237  0.111012  0.494689  0.232241  0.350195  0.582906  0.344242  0.176429  0.533284  0.152466  0.223041  0.226236  0.602879  0.530387  0.582100  0.567602  0.629019  0.381850  0.607028  0.579584  0.448026  0.578350  0.674659  0.272099  0.180102  0.581263  0.592039  0.485620  0.371855  0.359376  0.207054  0.195769  0.106469  0.594876  0.131431  0.089399  0.614515  0.569119  0.513312  0.398860  0.534979  0.250261  0.218830  0.219921  0.360566  0.578278  0.270452  0.175643  0.666809  0.283608  0.205976  0.091491  0.175397  0.087442  0.638384  0.172583  0.673343  0.188704  0.458036  0.672764 
1  0.234039 0.0  0.082842  0.119161  0.134160  0.252213  0.194187  0.082842  0.082842  0.094148  0.340509  0.089292  0.212211  0.281818  0.335772  0.303250  0.166083  0.196317  0.306880  0.333704  0.169820  0.149642  0.122161  0.180704  0.138824  0.303205  0.228369  0.230976  0.189786  0.086394  0.408927  0.551142  0.342012  0.167576  0.271160  0.151599  0.248270  0.098944  0.408085  0.164693  0.340882  0.088227  0.082842  0.179287  0.116484  0.179788  0.125235  0.613334  0.205093  0.140751  0.132909  0.205920  0.173063  0.112734  0.155275  0.154491  0.196341  0.089294  0.196667  0.119885  0.206994  0.425437  0.422913  0.332197  0.387674  0.328083  0.239128  0.082842  0.142789  0.159320  0.359477  0.082842  0.268578  0.118613  0.142548  0.488620  0.283920  0.207707  0.479768  0.514415  0.351429  0.316968  0.260965  0.358032  0.219682  0.197939  0.360024  0.462044  0.410609  0.171504  0.311414  0.097445  0.316564  0.393121  0.476817  0.249528  0.165573  0.230464  0.424120  0.438694  0.319531  0.314455  0.383483  0.297087  0.268394  0.089372  0.204844  0.362490  0.145547  0.152776  0.205451  0.200359  0.082842  0.297754  0.316202  0.360265  0.587225  0.335831  0.082842  0.187282  0.096826  0.201426  0.414744  0.495988  0.455876  0.153826  0.472258  0.290560  0.273944  0.156926  0.524585  0.223048  0.356851  0.381001  0.201072  0.214285  0.462430  0.082842  0.153001  0.517211  0.240411  0.408154  0.478512  0.250695  0.115847  0.212980  0.125599  0.112946  0.082842  0.378582  0.415551  0.454396  0.344701  0.494658  0.432132  0.521697  0.325590  0.298667  0.407985  0.516519  0.160182  0.144920  0.419356  0.488959  0.383414  0.258294  0.123589  0.215440  0.212463  0.200850  0.462229  0.276214  0.365496  0.538316  0.376807  0.457621  0.371486  0.322658  0.130896  0.099882  0.301644  0.138019  0.450721  0.213743  0.218877  0.458923  0.250114  0.416072  0.259001  0.190383  0.400652  0.579962  0.267226  0.419187  0.083029  0.465807  0.558590 
2  0.227306  0.082842 0.0  0.175696  0.218232  0.215808  0.233628  0.082842  0.082842  0.093725  0.276479  0.082842  0.171106  0.347550  0.316832  0.339982  0.212546  0.195931  0.250634  0.339020  0.270746  0.197618  0.082842  0.141888  0.096030  0.212052  0.263479  0.114848  0.134285  0.186364  0.453909  0.558760  0.181059  0.162908  0.284875  0.147781  0.206029  0.223078  0.367409  0.181902  0.194343  0.162346  0.201446  0.180713  0.179432  0.319469  0.108973  0.528585  0.148920  0.146334  0.082842  0.147174  0.082842  0.135566  0.212652  0.231909  0.177341  0.112714  0.224417  0.286059  0.083982  0.508734  0.334048  0.326506  0.326781  0.406725  0.183202  0.140134  0.156920  0.123422  0.403001  0.114012  0.361258  0.110627  0.131726  0.490371  0.222890  0.271490  0.416724  0.540779  0.439993  0.357791  0.178524  0.335282  0.202039  0.302387  0.280825  0.305602  0.474750  0.143568  0.279433  0.237665  0.253871  0.282760  0.361312  0.146236  0.224530  0.232116  0.337170  0.369095  0.286336  0.220624  0.293472  0.282823  0.163839  0.114008  0.125286  0.289925  0.111585  0.120695  0.249916  0.197871  0.082842  0.282641  0.405995  0.197475  0.548180  0.447915  0.093530  0.106847  0.082842  0.308363  0.346211  0.462913  0.484000  0.102279  0.550352  0.462687  0.226474  0.275534  0.601423  0.135041  0.369370  0.444209  0.211733  0.281664  0.501370  0.132637  0.227045  0.402853  0.082842  0.368153  0.375041  0.183720  0.103416  0.204667  0.082842  0.099782  0.082842  0.344383  0.376654  0.469787  0.440117  0.408686  0.363618  0.555346  0.366229  0.393223  0.343836  0.591703  0.242829  0.266693  0.422982  0.513237  0.386143  0.282443  0.082842  0.184399  0.402147  0.203278  0.568814  0.254954  0.251844  0.521893  0.290802  0.352769  0.316710  0.249917  0.158304  0.085744  0.353182  0.111052  0.410623  0.115801  0.299868  0.470685  0.252419  0.439993  0.332718  0.133000  0.386913  0.662883  0.376998  0.509831  0.126146  0.280637  0.561308 
3  0.174092  0.119161  0.175696 0.0  0.123183  0.143333  0.149191  0.235994  0.265041  0.268657  0.194269  0.166299  0.364171  0.388094  0.219499  0.446620  0.209701  0.093420  0.082842  0.338137  0.153051  0.164880  0.144221  0.429751  0.167901  0.257253  0.377343  0.276926  0.128572  0.082842  0.485436  0.529131  0.098517  0.334224  0.082842  0.129552  0.273912  0.174291  0.254954  0.228952  0.394343  0.219196  0.258923  0.114789  0.275511  0.082842  0.112756  0.722046  0.094147  0.296443  0.256184  0.155198  0.270131  0.192694  0.155192  0.355403  0.283298  0.148912  0.205791  0.161051  0.191404  0.525289  0.368284  0.547506  0.466406  0.428846  0.280025  0.189572  0.186788  0.173702  0.417295  0.213155  0.243780  0.217506  0.192249  0.632771  0.123839  0.152106  0.610002  0.554169  0.401735  0.477077  0.122930  0.082842  0.140681  0.346281  0.480309  0.457489  0.548963  0.327149  0.426242  0.254282  0.394486  0.365119  0.549907  0.328802  0.094973  0.336014  0.484039  0.485283  0.480809  0.182849  0.222353  0.535574  0.238119  0.186514  0.329487  0.212091  0.292695  0.260571  0.332246  0.468490  0.334364  0.295695  0.400758  0.143832  0.632713  0.229328  0.152458  0.348573  0.267333  0.092499  0.536353  0.645067  0.589647  0.128564  0.612492  0.451301  0.329740  0.154917  0.582253  0.422615  0.505063  0.375077  0.313150  0.303851  0.591905  0.204040  0.102047  0.410585  0.262328  0.318084  0.581909  0.359560  0.124825  0.446181  0.171531  0.207774  0.144403  0.508785  0.454473  0.674433  0.442264  0.678593  0.412780  0.651749  0.505580  0.538232  0.440240  0.632553  0.332686  0.219039  0.621769  0.484560  0.482644  0.422213  0.235660  0.082842  0.209633  0.216918  0.631869  0.084560  0.175011  0.562272  0.384821  0.537594  0.346459  0.423003  0.148470  0.206828  0.167624  0.189653  0.503019  0.234214  0.282417  0.499106  0.365108  0.277503  0.082842  0.120549  0.217564  0.658384  0.159959  0.639923  0.180798  0.405203  0.713632 
4  0.245835  0.134160  0.218232  0.123183 0.0  0.158609  0.162707  0.104496  0.247814  0.276734  0.135498  0.259454  0.251229  0.497477  0.283792  0.359343  0.181648  0.122796  0.110463  0.289998  0.082842  0.120065  0.314011  0.447495  0.208919  0.346140  0.391032  0.235471  0.113767  0.082842  0.522085  0.572471  0.227047  0.321268  0.122623  0.115833  0.105189  0.097487  0.358797  0.289369  0.343797  0.203376  0.194268  0.137010  0.165586  0.156799  0.082842  0.617292  0.133305  0.239583  0.235409  0.082842  0.258105  0.152068  0.082842  0.244387  0.368835  0.082842  0.153814  0.172693  0.254017  0.611843  0.527081  0.357899  0.529602  0.576282  0.392139  0.218506  0.162668  0.093632  0.472393  0.215130  0.184420  0.196888  0.130389  0.569818  0.082842  0.123476  0.544728  0.497548  0.412574  0.573691  0.083318  0.270659  0.093641  0.394926  0.389880  0.391106  0.457785  0.365915  0.468041  0.199676  0.460299  0.517937  0.549367  0.354994  0.083271  0.246004  0.417869  0.461056  0.412040  0.168125  0.248014  0.434034  0.322523  0.209470  0.381602  0.371461  0.196358  0.266710  0.358968  0.357909  0.122248  0.346952  0.483204  0.207787  0.550072  0.226997  0.223568  0.217536  0.276310  0.082842  0.499982  0.592249  0.550908  0.208120  0.543365  0.467787  0.416446  0.181597  0.544459  0.391982  0.533972  0.298201  0.345013  0.405304  0.586348  0.106685  0.082842  0.499257  0.205776  0.461679  0.616696  0.311654  0.104476  0.289554  0.194988  0.261631  0.123193  0.442759  0.476276  0.557909  0.622135  0.543788  0.389143  0.641517  0.551747  0.479423  0.458971  0.672090  0.395028  0.363865  0.645966  0.568920  0.450419  0.316006  0.153834  0.157819  0.214393  0.102513  0.645552  0.093529  0.253569  0.543239  0.501833  0.465159  0.454000  0.432644  0.240067  0.272139  0.305179  0.223975  0.549075  0.238116  0.215560  0.568769  0.339844  0.215145  0.125367  0.136991  0.366167  0.679095  0.170577  0.561738  0.142900  0.507150  0.703374 
5  0.109719  0.252213  0.215808  0.143333  0.158609 0.0  0.121234  0.282461  0.306454  0.339528  0.161024  0.135517  0.365231  0.411268  0.146397  0.479055  0.173123  0.208620  0.082842  0.222861  0.249896  0.247956  0.176423  0.408719  0.239024  0.404949  0.499217  0.331449  0.184151  0.203628  0.616282  0.708501  0.134807  0.417680  0.235780  0.249762  0.140929  0.237323  0.192190  0.337454  0.551939  0.398590  0.284622  0.278721  0.215853  0.161945  0.186441  0.796432  0.108199  0.321492  0.243467  0.202346  0.342555  0.307891  0.203709  0.337881  0.322153  0.236891  0.085944  0.175299  0.250517  0.585583  0.602516  0.435136  0.563119  0.505445  0.327127  0.266677  0.276811  0.179160  0.627310  0.234316  0.118392  0.251687  0.236647  0.566030  0.173483  0.147751  0.485149  0.617943  0.476223  0.518080  0.158233  0.151709  0.186713  0.335376  0.460628  0.528699  0.516854  0.275861  0.542583  0.179717  0.456505  0.458869  0.479166  0.435707  0.135671  0.461336  0.391373  0.478900  0.573886  0.092586  0.172293  0.446747  0.345837  0.254750  0.380302  0.143342  0.304707  0.412278  0.326113  0.471749  0.282856  0.389759  0.474989  0.211370  0.631046  0.181133  0.170474  0.301798  0.249368  0.260078  0.483797  0.671838  0.691499  0.252675  0.731579  0.543290  0.532799  0.208091  0.594847  0.465639  0.450877  0.187341  0.215293  0.347074  0.594207  0.259194  0.094138  0.523504  0.245496  0.294581  0.622818  0.395825  0.277373  0.389353  0.216468  0.135204  0.211041  0.585694  0.567770  0.600772  0.526170  0.608352  0.478866  0.619481  0.565684  0.519065  0.487289  0.552395  0.449993  0.303144  0.573282  0.618991  0.557061  0.495641  0.217482  0.149679  0.239469  0.082842  0.629947  0.103977  0.176536  0.619742  0.499600  0.646880  0.436887  0.646382  0.229522  0.339317  0.262580  0.390011  0.540630  0.372972  0.106799  0.669805  0.312393  0.213252  0.205575  0.177434  0.198300  0.748593  0.158065  0.609576  0.230579  0.507591  0.690974 
6  0.082842  0.194187  0.233628  0.149191  0.162707  0.121234 0.0  0.213116  0.265475  0.383390  0.151874  0.233385  0.457495  0.399236  0.270359  0.461446  0.300474  0.204182  0.082842  0.203556  0.223707  0.236240  0.118878  0.356333  0.225952  0.341645  0.388285  0.338797  0.147222  0.199014  0.606208  0.633919  0.221994  0.406109  0.192149  0.148582  0.115469  0.082842  0.173510  0.386622  0.385903  0.381062  0.207800  0.202805  0.246521  0.082842  0.210861  0.631936  0.098933  0.162270  0.242816  0.093835  0.315804  0.187909  0.082842  0.404623  0.220230  0.351830  0.237475  0.146481  0.214996  0.638978  0.521385  0.495527  0.571538  0.527221  0.302202  0.374890  0.203127  0.170736  0.505961  0.263822  0.281255  0.268703  0.188200  0.585977  0.192661  0.178247  0.507662  0.553388  0.426404  0.601461  0.217730  0.125892  0.186508  0.327504  0.467988  0.458259  0.462480  0.292653  0.506920  0.247470  0.422448  0.502059  0.670194  0.320954  0.161226  0.292578  0.397551  0.449032  0.548417  0.108692  0.215388  0.479713  0.361385  0.283284  0.251592  0.123417  0.315438  0.360257  0.298962  0.304345  0.178099  0.370216  0.419536  0.118788  0.651206  0.221755  0.280688  0.267352  0.312051  0.127580  0.549652  0.705656  0.703615  0.222118  0.677836  0.383272  0.397590  0.191172  0.567531  0.397634  0.381154  0.290312  0.265118  0.299981  0.574864  0.250413  0.082842  0.322611  0.250005  0.299468  0.736872  0.364277  0.157994  0.475545  0.272550  0.212075  0.137852  0.479838  0.447051  0.636006  0.587934  0.577278  0.547511  0.679639  0.516270  0.462240  0.519971  0.633661  0.343114  0.216908  0.545304  0.507109  0.604316  0.377865  0.310428  0.082842  0.302761  0.082842  0.644419  0.239040  0.184810  0.476840  0.529615  0.593300  0.496474  0.521440  0.228270  0.201341  0.240326  0.336799  0.515809  0.350265  0.143282  0.608604  0.387963  0.248655  0.083091  0.186429  0.261481  0.606282  0.133493  0.726122  0.139171  0.477743  0.643826 
7  0.287641  0.082842  0.082842  0.235994  0.104496  0.282461  0.213116 0.0  0.082842  0.119776  0.288141  0.093119  0.188700  0.274971  0.358015  0.259425  0.120132  0.082842  0.250455  0.401523  0.197328  0.177886  0.082842  0.186834  0.168265  0.162385  0.261155  0.115760  0.192377  0.272028  0.430418  0.451116  0.242835  0.204608  0.291692  0.082842  0.295470  0.231265  0.488981  0.170712  0.288598  0.125484  0.161066  0.175283  0.122567  0.377196  0.082842  0.469476  0.269181  0.082842  0.082842  0.218514  0.118326  0.139420  0.194137  0.204499  0.180433  0.115880  0.279940  0.125609  0.189247  0.467686  0.322399  0.364866  0.248448  0.347761  0.196717  0.234522  0.149368  0.154871  0.523704  0.161457  0.314631  0.089530  0.167541  0.457816  0.184066  0.302107  0.464274  0.492613  0.313881  0.330558  0.308816  0.274518  0.196513  0.247339  0.276977  0.274739  0.414597  0.193212  0.296591  0.115569  0.314426  0.369071  0.436910  0.205984  0.210478  0.245400  0.351026  0.285650  0.296404  0.361903  0.380375  0.259472  0.168202  0.120316  0.082842  0.412163  0.202591  0.156872  0.153816  0.190860  0.143165  0.157246  0.339455  0.194333  0.439778  0.430785  0.087914  0.140693  0.082842  0.188612  0.388435  0.476517  0.390998  0.168194  0.396272  0.262796  0.292028  0.286175  0.500104  0.214172  0.308386  0.440815  0.110806  0.193197  0.439186  0.082842  0.241041  0.371382  0.082842  0.346336  0.355496  0.202427  0.143783  0.109501  0.159584  0.082842  0.082842  0.273291  0.351854  0.436886  0.451417  0.446455  0.391284  0.505733  0.518633  0.334278  0.306909  0.545247  0.255344  0.178072  0.444779  0.510708  0.368722  0.298255  0.152888  0.401228  0.435124  0.153738  0.554086  0.321425  0.402370  0.399996  0.289771  0.383466  0.293397  0.294073  0.133679  0.082842  0.280705  0.131758  0.348172  0.116708  0.351034  0.481651  0.189078  0.413560  0.261612  0.105254  0.390464  0.526718  0.250437  0.433227  0.117514  0.285259  0.588150 
8  0.342227  0.082842  0.082842  0.265041  0.247814  0.306454  0.265475  0.082842 0.0  0.136796  0.383836  0.126911  0.191188  0.364078  0.367756  0.387645  0.082842  0.116736  0.223124  0.457191  0.171538  0.178754  0.082842  0.268436  0.149911  0.190070  0.260229  0.097125  0.116582  0.155268  0.475382  0.563076  0.286824  0.200366  0.295517  0.149037  0.300833  0.183287  0.483988  0.112398  0.220280  0.148233  0.082842  0.167250  0.173213  0.351303  0.082842  0.484547  0.215338  0.193879  0.229070  0.176059  0.199573  0.130894  0.256852  0.300549  0.191136  0.108978  0.188029  0.318813  0.157812  0.461371  0.325154  0.256986  0.457208  0.355272  0.255385  0.175589  0.132562  0.149205  0.352299  0.097178  0.224832  0.180622  0.183703  0.465312  0.290916  0.287563  0.415344  0.413374  0.374963  0.337995  0.238028  0.290583  0.357937  0.258191  0.230974  0.358770  0.365366  0.218266  0.299014  0.108301  0.218909  0.396868  0.437807  0.238195  0.101258  0.328211  0.366366  0.343446  0.311910  0.233329  0.405969  0.342447  0.137399  0.082842  0.173495  0.401669  0.165934  0.089175  0.291427  0.161486  0.120228  0.252969  0.377182  0.368675  0.509741  0.444463  0.082842  0.202222  0.111317  0.249461  0.327975  0.471478  0.495871  0.132314  0.441799  0.285429  0.258607  0.175922  0.529787  0.175358  0.414308  0.409373  0.209754  0.214861  0.557054  0.129722  0.238536  0.360768  0.082842  0.395671  0.507872  0.206241  0.157420  0.272037  0.082842  0.136212  0.125834  0.357542  0.367329  0.503050  0.471114  0.452979  0.408567  0.621821  0.459957  0.211751  0.292827  0.494738  0.202275  0.184040  0.474615  0.492359  0.375354  0.221403  0.163504  0.247620  0.351495  0.253773  0.555967  0.259960  0.282809  0.482183  0.380963  0.371365  0.259972  0.337957  0.082842  0.174770  0.462822  0.134906  0.424886  0.125015  0.381460  0.509029  0.335687  0.401051  0.261670  0.147268  0.387195  0.649646  0.206007  0.539493  0.138307  0.179520  0.653605 
9  0.321988  0.094148  0.093725  0.268657  0.276734  0.339528  0.383390  0.119776  0.136796 0.0  0.287269  0.231216  0.082842  0.257039  0.472206  0.390566  0.127052  0.086532  0.374101  0.495598  0.261638  0.117248  0.152581  0.082842  0.262011  0.082842  0.223849  0.084897  0.257052  0.350131  0.383930  0.471721  0.354618  0.142042  0.341365  0.215079  0.304905  0.244454  0.416652  0.153507  0.157638  0.217557  0.194490  0.200552  0.099772  0.279138  0.153377  0.486997  0.191561  0.082842  0.142489  0.204430  0.212596  0.264775  0.244477  0.292817  0.112450  0.212664  0.390549  0.189752  0.213628  0.320883  0.251326  0.274892  0.314410  0.225543  0.151951  0.181740  0.131738  0.315834  0.324520  0.200587  0.245908  0.207428  0.210936  0.309774  0.238756  0.445810  0.327194  0.359485  0.292085  0.320611  0.285543  0.288269  0.327692  0.129876  0.263509  0.336852  0.330854  0.144833  0.185554  0.152461  0.194327  0.278075  0.355626  0.207632  0.285053  0.126026  0.355008  0.237818  0.222031  0.377261  0.361160  0.213704  0.106558  0.155600  0.189627  0.513187  0.181486  0.178932  0.122017  0.107432  0.082842  0.189142  0.284573  0.443991  0.486128  0.453720  0.167559  0.082842  0.091705  0.323832  0.259048  0.417822  0.497542  0.147505  0.483911  0.259541  0.200388  0.309462  0.545522  0.165394  0.292776  0.487049  0.175512  0.117836  0.348003  0.082842  0.174573  0.317537  0.130703  0.510659  0.311307  0.173379  0.222879  0.276985  0.093471  0.151208  0.193823  0.336407  0.337820  0.385670  0.466740  0.376305  0.306664  0.528113  0.338913  0.360216  0.246186  0.533651  0.182030  0.275557  0.407477  0.433078  0.246422  0.209721  0.204355  0.366939  0.359779  0.285280  0.457784  0.253467  0.450178  0.458588  0.286965  0.301067  0.281691  0.335571  0.128881  0.129481  0.392802  0.082842  0.390695  0.215017  0.435536  0.442326  0.152954  0.515605  0.386178  0.245580  0.376888  0.553372  0.287677  0.436293  0.167632  0.148769  0.529518 
10  0.134544  0.340509  0.276479  0.194269  0.135498  0.161024  0.151874  0.288141  0.383836  0.287269 0.0  0.365148  0.504553  0.523349  0.134784  0.655375  0.259804  0.286426  0.122557  0.171051  0.220990  0.246787  0.376052  0.406722  0.168739  0.304348  0.545455  0.276197  0.213711  0.216711  0.637116  0.638885  0.156260  0.387252  0.082842  0.332641  0.176728  0.238139  0.212529  0.327734  0.485514  0.360239  0.327465  0.275648  0.296013  0.210195  0.387135  0.765608  0.182208  0.331221  0.274365  0.164179  0.343800  0.310340  0.151227  0.402960  0.412041  0.355333  0.178905  0.209412  0.157808  0.561269  0.629921  0.597109  0.675694  0.629117  0.419497  0.318549  0.246562  0.245001  0.626487  0.272508  0.103010  0.193533  0.290518  0.713594  0.260925  0.143772  0.583436  0.631337  0.528216  0.497843  0.082842  0.157862  0.265234  0.439877  0.538587  0.528509  0.552799  0.327530  0.445427  0.318071  0.553974  0.594399  0.598587  0.446934  0.235555  0.421393  0.612225  0.675490  0.619309  0.151685  0.172842  0.590144  0.358962  0.244337  0.322327  0.162703  0.439747  0.470273  0.419103  0.414504  0.247567  0.347089  0.511917  0.101446  0.657817  0.402932  0.306840  0.335572  0.342496  0.217289  0.584554  0.639286  0.738080  0.437131  0.666688  0.437573  0.456184  0.142636  0.677948  0.503058  0.505126  0.181300  0.359387  0.510654  0.787162  0.346847  0.211857  0.627878  0.366579  0.214468  0.672217  0.470403  0.242660  0.460766  0.363162  0.303806  0.211064  0.651933  0.577909  0.699383  0.684372  0.656952  0.609359  0.748837  0.592196  0.540637  0.546181  0.765492  0.445688  0.369006  0.614916  0.701134  0.501333  0.506896  0.302486  0.135233  0.237625  0.128778  0.708477  0.115374  0.124148  0.751671  0.494561  0.632057  0.456303  0.564396  0.277813  0.298140  0.101612  0.414929  0.770868  0.482886  0.087423  0.748854  0.434779  0.398183  0.096328  0.239021  0.127619  0.723110  0.181961  0.730250  0.285967  0.605441  0.679429 
11  0.328766  0.089292  0.082842  0.166299  0.259454  0.135517  0.233385  0.093119  0.126911  0.231216  0.365148 0.0  0.147767  0.353500  0.333092  0.254591  0.209233  0.085230  0.303746  0.334398  0.249420  0.205026  0.082842  0.209007  0.259915  0.225908  0.224580  0.083429  0.292240  0.323783  0.403019  0.330716  0.279001  0.217590  0.300028  0.084671  0.281329  0.264382  0.403241  0.105934  0.291386  0.101098  0.082842  0.203744  0.174753  0.260054  0.082842  0.542322  0.225007  0.111872  0.154023  0.148980  0.212068  0.135532  0.268490  0.171718  0.247212  0.140271  0.306458  0.250018  0.191679  0.449156  0.297233  0.364896  0.382133  0.329325  0.236980  0.082842  0.127273  0.086517  0.334924  0.165497  0.270588  0.117001  0.122551  0.474408  0.228126  0.265366  0.483354  0.369072  0.279460  0.302898  0.295835  0.302485  0.277008  0.097749  0.287667  0.246796  0.366545  0.256797  0.402662  0.082842  0.182754  0.382133  0.368982  0.126787  0.259410  0.234727  0.286258  0.323844  0.270159  0.341865  0.445293  0.330851  0.181337  0.082842  0.178327  0.353522  0.126887  0.082842  0.177864  0.239682  0.082842  0.277959  0.387061  0.303747  0.378184  0.400165  0.082842  0.136786  0.082842  0.211911  0.408448  0.516097  0.453251  0.181492  0.459251  0.311387  0.241675  0.197053  0.573924  0.284209  0.326215  0.438421  0.188156  0.258898  0.469740  0.148455  0.191973  0.372068  0.082842  0.438305  0.474655  0.244264  0.106740  0.249647  0.163422  0.148153  0.082842  0.488829  0.379169  0.321080  0.430564  0.420541  0.397710  0.567531  0.365016  0.249519  0.285278  0.530069  0.235548  0.223560  0.388849  0.372609  0.378196  0.158889  0.092770  0.380079  0.418371  0.337859  0.473842  0.315417  0.447741  0.553352  0.446061  0.345633  0.334913  0.316841  0.202673  0.132387  0.428967  0.082842  0.482238  0.307461  0.305573  0.564166  0.193373  0.407053  0.387245  0.214288  0.345856  0.554895  0.239419  0.354286  0.157717  0.275964  0.562116 
12  0.385279  0.212211  0.171106  0.364171  0.251229  0.365231  0.457495  0.188700  0.191188  0.082842  0.504553  0.147767 0.0  0.183815  0.510500  0.200840  0.172297  0.234274  0.344450  0.474879  0.346349  0.237132  0.161308  0.098275  0.266406  0.199027  0.082842  0.116284  0.268290  0.356139  0.287399  0.334547  0.390926  0.220941  0.311282  0.082842  0.285992  0.261953  0.526993  0.146689  0.082842  0.198627  0.082842  0.211540  0.307116  0.330304  0.242444  0.375768  0.364504  0.227948  0.195116  0.236372  0.247447  0.192361  0.325790  0.204951  0.188912  0.127318  0.437376  0.348718  0.294423  0.393828  0.188578  0.177330  0.247350  0.258589  0.082842  0.243185  0.317352  0.334883  0.259254  0.201040  0.337957  0.170583  0.246977  0.381168  0.274415  0.397588  0.257295  0.268474  0.209084  0.248203  0.441708  0.331501  0.245894  0.140884  0.202201  0.324778  0.251927  0.168016  0.278115  0.223242  0.130476  0.133201  0.308019  0.245942  0.304753  0.201192  0.258804  0.240637  0.192286  0.359452  0.520515  0.085609  0.206883  0.277053  0.194882  0.478879  0.198905  0.134241  0.082842  0.227584  0.253640  0.082842  0.307439  0.512270  0.401251  0.477881  0.130037  0.118893  0.289211  0.358654  0.258289  0.376604  0.408749  0.230697  0.406672  0.282125  0.082842  0.241677  0.336067  0.241283  0.304443  0.503807  0.092758  0.082842  0.490339  0.224589  0.324470  0.356449  0.237497  0.589684  0.321507  0.082842  0.361847  0.187490  0.289156  0.142876  0.243236  0.283701  0.284343  0.248164  0.360984  0.262070  0.332059  0.471809  0.278221  0.264735  0.283816  0.365070  0.127908  0.236137  0.424153  0.296491  0.219291  0.193956  0.183310  0.360936  0.431717  0.375627  0.368635  0.391281  0.496862  0.309799  0.168035  0.407691  0.202052  0.298124  0.082842  0.147605  0.512212  0.118157  0.391990  0.229267  0.349875  0.437121  0.230074  0.598120  0.409153  0.215508  0.486953  0.538321  0.375399  0.296620  0.222274  0.193377  0.511270 
13  0.465250  0.281818  0.347550  0.388094  0.497477  0.411268  0.399236  0.274971  0.364078  0.257039  0.523349  0.353500  0.183815 0.0  0.584171  0.200183  0.420623  0.341529  0.452524  0.621733  0.425480  0.363737  0.345173  0.256749  0.451365  0.222978  0.175446  0.380330  0.413145  0.484011  0.213104  0.347114  0.605160  0.284227  0.520422  0.340817  0.425276  0.517240  0.631660  0.241623  0.106765  0.308995  0.247074  0.453109  0.286129  0.472797  0.388231  0.327821  0.433907  0.310046  0.316403  0.370719  0.355889  0.437512  0.392028  0.281203  0.299839  0.419930  0.550500  0.341634  0.348734  0.215179  0.103515  0.082842  0.233842  0.122380  0.328485  0.318086  0.327742  0.365973  0.318958  0.427616  0.483832  0.398235  0.347728  0.136884  0.451122  0.551600  0.273935  0.082842  0.169278  0.109906  0.430506  0.612082  0.526571  0.286409  0.285160  0.268384  0.441066  0.302421  0.257787  0.340703  0.116226  0.082842  0.233503  0.215455  0.435575  0.132055  0.328815  0.316437  0.162960  0.546487  0.593584  0.149686  0.328149  0.323525  0.280124  0.543455  0.279310  0.109970  0.217608  0.147670  0.287484  0.203375  0.372990  0.503700  0.382677  0.567822  0.300603  0.285486  0.388103  0.555318  0.122161  0.298599  0.390750  0.345725  0.360833  0.082842  0.168113  0.447558  0.383030  0.201183  0.414812  0.663668  0.272484  0.160073  0.204625  0.366710  0.384847  0.109215  0.335998  0.740730  0.339920  0.103100  0.310609  0.114885  0.367010  0.420928  0.369846  0.233907  0.136630  0.169120  0.149431  0.207452  0.295813  0.404622  0.209010  0.215752  0.096999  0.471960  0.295956  0.229204  0.285130  0.362139  0.165402  0.251986  0.301618  0.477516  0.537486  0.509112  0.422926  0.503792  0.663895  0.277307  0.082842  0.206440  0.232166  0.129365  0.227363  0.312932  0.589841  0.298219  0.338301  0.235431  0.499340  0.349459  0.236821  0.705591  0.413416  0.371824  0.640408  0.566344  0.548686  0.243094  0.366847  0.179689  0.502466 
14  0.149466  0.335772  0.316832  0.219499  0.283792  0.146397  0.270359  0.358015  0.367756  0.472206  0.134784  0.333092  0.510500  0.584171 0.0  0.656583  0.361212  0.327305  0.183173  0.125530  0.290341  0.336905  0.392728  0.589038  0.313462  0.577577  0.504623  0.397034  0.337875  0.212953  0.729141  0.717949  0.101540  0.533883  0.278875  0.332151  0.153639  0.258608  0.211108  0.458893  0.575438  0.358009  0.536756  0.310883  0.402949  0.133750  0.417527  0.741235  0.284774  0.430859  0.338232  0.236945  0.392342  0.349681  0.249982  0.452162  0.371113  0.265117  0.127899  0.222720  0.343070  0.785451  0.662670  0.665345  0.614364  0.648630  0.549897  0.365595  0.361140  0.259307  0.689429  0.366785  0.251964  0.476631  0.307539  0.915137  0.215914  0.275254  0.658809  0.750764  0.676730  0.613250  0.182569  0.126197  0.243634  0.511982  0.614881  0.575422  0.575783  0.444120  0.613307  0.428044  0.619237  0.569650  0.697465  0.461610  0.266179  0.517824  0.619429  0.639900  0.560294  0.224306  0.082842  0.539511  0.505754  0.446269  0.398949  0.139763  0.421559  0.405287  0.463841  0.529143  0.320146  0.566972  0.619160  0.219389  0.801323  0.137608  0.331276  0.421218  0.456409  0.245804  0.645148  0.783101  0.802687  0.435051  0.760490  0.658373  0.555744  0.298729  0.763595  0.527962  0.606627  0.181216  0.510536  0.580608  0.750922  0.334672  0.255563  0.724258  0.368982  0.167110  0.669998  0.480046  0.279589  0.492906  0.278140  0.416096  0.309717  0.615617  0.624314  0.770648  0.826600  0.698723  0.568621  0.796613  0.737310  0.559021  0.679479  0.720090  0.487044  0.463368  0.698555  0.727124  0.709828  0.516568  0.374173  0.229282  0.150771  0.240987  0.759056  0.131201  0.125481  0.750189  0.618823  0.576965  0.674105  0.668596  0.383233  0.481016  0.082842  0.392058  0.691367  0.443060  0.165390  0.718553  0.537088  0.112519  0.207084  0.242117  0.142335  0.867608  0.271263  0.785159  0.360562  0.580442  0.715198 
15  0.489840  0.303250  0.339982  0.446620  0.359343  0.479055  0.461446  0.259425  0.387645  0.390566  0.655375  0.254591  0.200840  0.200183  0.656583 0.0  0.334320  0.348836  0.576169  0.590165  0.423750  0.414841  0.336794  0.171306  0.435978  0.215763  0.150541  0.265063  0.408799  0.378037  0.188280  0.361244  0.567178  0.167754  0.601693  0.339557  0.523345  0.466109  0.758715  0.317135  0.178596  0.264526  0.336751  0.413080  0.339989  0.506610  0.427756  0.381070  0.458408  0.250646  0.258147  0.461173  0.324292  0.373190  0.452706  0.099367  0.300904  0.386080  0.456795  0.413113  0.272038  0.287655  0.238451  0.149434  0.220176  0.186034  0.191534  0.381890  0.364512  0.357994  0.372415  0.391259  0.482091  0.249540  0.329639  0.180080  0.418620  0.514059  0.262715  0.208437  0.195630  0.082842  0.518439  0.623798  0.514747  0.229270  0.089065  0.242823  0.324856  0.356395  0.239189  0.354567  0.165559  0.128951  0.289013  0.232658  0.444886  0.198322  0.321928  0.168312  0.180651  0.466653  0.558967  0.088339  0.216559  0.350135  0.340303  0.545811  0.321272  0.214247  0.123056  0.234444  0.363911  0.211781  0.420877  0.536355  0.309362  0.661924  0.364031  0.322555  0.206466  0.516513  0.186244  0.123576  0.355069  0.402206  0.265969  0.164305  0.114863  0.478552  0.351233  0.169526  0.261669  0.620771  0.285937  0.122069  0.320171  0.361566  0.454682  0.260908  0.408576  0.718674  0.279074  0.231171  0.402357  0.161057  0.312872  0.436905  0.335875  0.208094  0.235217  0.201392  0.302743  0.144568  0.193193  0.311581  0.190600  0.082842  0.103693  0.403010  0.162767  0.286724  0.195159  0.339454  0.082842  0.243582  0.303240  0.428666  0.578748  0.555607  0.414050  0.444134  0.701047  0.220984  0.130667  0.199543  0.212549  0.262158  0.278498  0.278120  0.607501  0.288131  0.256311  0.278765  0.512077  0.343491  0.230107  0.714712  0.524135  0.345396  0.603406  0.477059  0.401594  0.186848  0.267119  0.127169  0.517348 
16  0.288817  0.166083  0.212546  0.209701  0.181648  0.173123  0.300474  0.120132  0.082842  0.127052  0.259804  0.209233  0.172297  0.420623  0.361212  0.334320 0.0  0.197428  0.200097  0.401014  0.148882  0.082842  0.194010  0.192502  0.146709  0.372724  0.296643  0.267862  0.180281  0.208181  0.487432  0.480379  0.221151  0.146323  0.244206  0.143112  0.191558  0.088361  0.344727  0.190045  0.185617  0.116156  0.195095  0.236507  0.116864  0.292228  0.107311  0.530435  0.244061  0.097042  0.181145  0.194774  0.108762  0.082842  0.095496  0.208683  0.129933  0.106363  0.243245  0.179185  0.119004  0.545113  0.401849  0.368568  0.300882  0.431548  0.311428  0.138936  0.216694  0.170907  0.481993  0.100943  0.264420  0.188624  0.177568  0.413738  0.174331  0.128658  0.528680  0.483517  0.395756  0.409619  0.223156  0.305700  0.223553  0.312876  0.303760  0.362390  0.432656  0.271666  0.520442  0.236571  0.278250  0.409867  0.472513  0.223118  0.230684  0.245607  0.429379  0.332092  0.281981  0.345927  0.344977  0.339333  0.192472  0.170581  0.186193  0.296844  0.082842  0.180420  0.278721  0.278514  0.082842  0.242569  0.439148  0.306188  0.506261  0.340039  0.082842  0.097888  0.082842  0.225565  0.375981  0.544138  0.648956  0.082842  0.546479  0.343026  0.291313  0.193140  0.678563  0.264639  0.485826  0.470103  0.224040  0.203157  0.532649  0.178473  0.082842  0.338044  0.124348  0.469058  0.400773  0.240871  0.133204  0.209803  0.187852  0.130504  0.108263  0.258127  0.354487  0.435427  0.496543  0.437340  0.364107  0.607850  0.475705  0.338424  0.316707  0.654439  0.200915  0.226753  0.468722  0.517769  0.411808  0.273344  0.103004  0.312920  0.350362  0.196341  0.548055  0.328078  0.446087  0.469621  0.352094  0.367637  0.327092  0.301032  0.096981  0.177535  0.319837  0.114871  0.485204  0.118470  0.349083  0.609574  0.270151  0.397749  0.277603  0.169443  0.357641  0.588229  0.082842  0.476453  0.109512  0.348540  0.642980 
17  0.307751  0.196317  0.195931  0.093420  0.122796  0.208620  0.204182  0.082842  0.116736  0.086532  0.286426  0.085230  0.234274  0.341529  0.327305  0.348836  0.197428 0.0  0.270630  0.419487  0.249875  0.158673  0.123589  0.258545  0.177314  0.179747  0.161327  0.134726  0.095008  0.261646  0.400431  0.416854  0.279838  0.137294  0.332486  0.146704  0.101676  0.240145  0.396035  0.096776  0.299717  0.135099  0.110118  0.134110  0.082842  0.245996  0.109216  0.501694  0.200772  0.089278  0.101678  0.144263  0.175934  0.124284  0.216596  0.271827  0.200888  0.082842  0.389088  0.222153  0.218011  0.454787  0.384938  0.323409  0.361381  0.304527  0.252249  0.159993  0.122877  0.082842  0.370092  0.082842  0.325863  0.082842  0.082842  0.433345  0.237075  0.248062  0.404484  0.413960  0.310823  0.423406  0.298140  0.365164  0.238141  0.254778  0.267621  0.408680  0.433983  0.275942  0.393368  0.153144  0.345458  0.344166  0.456167  0.176690  0.121562  0.276828  0.447928  0.313672  0.257867  0.279728  0.259092  0.289815  0.098818  0.215799  0.120800  0.289874  0.161217  0.228351  0.231181  0.236079  0.082842  0.126280  0.295638  0.315208  0.474305  0.335955  0.125488  0.089492  0.128103  0.238350  0.293204  0.509320  0.573151  0.146317  0.471649  0.302284  0.205041  0.153343  0.511133  0.331156  0.434474  0.463477  0.214368  0.212085  0.450332  0.106191  0.181050  0.302154  0.082842  0.469686  0.366170  0.235588  0.156132  0.229609  0.126438  0.093971  0.199788  0.341771  0.369477  0.542497  0.473153  0.301773  0.297614  0.554862  0.406132  0.227972  0.316767  0.495194  0.230170  0.167628  0.447456  0.408265  0.403321  0.199410  0.181758  0.192362  0.297933  0.239242  0.572212  0.261622  0.301048  0.439552  0.392209  0.326498  0.241366  0.288024  0.082842  0.082842  0.404487  0.219094  0.337800  0.245575  0.367860  0.522848  0.268997  0.454260  0.322381  0.230906  0.373061  0.581322  0.253502  0.570544  0.203924  0.160948  0.562369 
18  0.082842  0.306880  0.250634  0.082842  0.110463  0.082842  0.082842  0.250455  0.223124  0.374101  0.122557  0.303746  0.344450  0.452524  0.183173  0.576169  0.200097  0.270630 0.0  0.300789  0.168945  0.243427  0.341558  0.416830  0.287504  0.389394  0.394803  0.182166  0.200832  0.194910  0.558024  0.595337  0.082842  0.338346  0.091825  0.200161  0.188446  0.227300  0.145334  0.435077  0.471154  0.374241  0.235856  0.249209  0.189355  0.087697  0.268308  0.687655  0.199992  0.251471  0.261943  0.224466  0.343077  0.167770  0.104672  0.270937  0.384897  0.277596  0.218107  0.158869  0.142202  0.642170  0.536307  0.619582  0.577464  0.571766  0.351977  0.272333  0.365736  0.310200  0.574849  0.322118  0.086063  0.242011  0.283332  0.704561  0.082842  0.145861  0.526135  0.673475  0.427524  0.540867  0.082842  0.108929  0.082842  0.382912  0.462412  0.557276  0.513686  0.308822  0.552465  0.209499  0.601435  0.468516  0.527812  0.430190  0.144323  0.431503  0.400004  0.540720  0.442985  0.194708  0.200182  0.543657  0.346667  0.328854  0.352712  0.082842  0.290095  0.328791  0.276296  0.395949  0.195109  0.401188  0.431255  0.082842  0.706197  0.304460  0.270012  0.284474  0.280339  0.191860  0.489812  0.601235  0.669374  0.299658  0.694864  0.478454  0.422756  0.082842  0.577184  0.471685  0.576692  0.324301  0.218662  0.293987  0.567897  0.269910  0.170642  0.517117  0.291195  0.193598  0.597209  0.401976  0.169668  0.482298  0.223265  0.230338  0.233236  0.484004  0.536418  0.590231  0.632616  0.627899  0.587486  0.655854  0.591567  0.464795  0.489081  0.696783  0.384429  0.326401  0.613223  0.570840  0.596662  0.349522  0.303094  0.110289  0.129199  0.228505  0.670684  0.082842  0.283862  0.579238  0.591846  0.572001  0.454976  0.493122  0.325788  0.277192  0.224698  0.214427  0.559610  0.373923  0.082842  0.581059  0.323880  0.312204  0.089675  0.198171  0.134242  0.680892  0.145573  0.686428  0.130378  0.519447  0.634176 
19  0.267784  0.333704  0.339020  0.338137  0.289998  0.222861  0.203556  0.401523  0.457191  0.495598  0.171051  0.334398  0.474879  0.621733  0.125530  0.590165  0.401014  0.419487  0.300789 0.0  0.234406  0.274990  0.338470  0.509623  0.310431  0.498877  0.519842  0.304872  0.393558  0.246312  0.740275  0.741105  0.110495  0.467837  0.159699  0.289330  0.164258  0.242369  0.099724  0.471794  0.559637  0.416917  0.377021  0.437972  0.400111  0.199080  0.331896  0.779326  0.254152  0.407873  0.430648  0.336007  0.449654  0.439873  0.343628  0.402620  0.491695  0.289778  0.198697  0.393358  0.432556  0.750811  0.623437  0.609111  0.692568  0.718925  0.481177  0.385525  0.354299  0.253808  0.643829  0.327618  0.244437  0.368219  0.379536  0.747292  0.276638  0.313281  0.778502  0.752439  0.755225  0.637407  0.180063  0.232303  0.232326  0.541771  0.582461  0.634704  0.680119  0.463336  0.678103  0.364469  0.560032  0.611301  0.739820  0.488483  0.105689  0.524705  0.642969  0.665113  0.563343  0.177076  0.119051  0.588522  0.468090  0.345989  0.390161  0.121790  0.493325  0.466340  0.461363  0.407742  0.486349  0.558804  0.664121  0.234179  0.823414  0.082842  0.326110  0.364555  0.439605  0.225056  0.621180  0.752930  0.802950  0.405700  0.786544  0.735201  0.685540  0.266276  0.720740  0.599569  0.508944  0.082842  0.523321  0.470355  0.744283  0.454690  0.243847  0.606519  0.354574  0.178809  0.734537  0.461826  0.407966  0.565054  0.358503  0.350297  0.292932  0.703787  0.600428  0.756434  0.674778  0.741238  0.641050  0.873870  0.738071  0.643914  0.698405  0.794304  0.538143  0.493246  0.778901  0.778241  0.718200  0.494916  0.444421  0.213573  0.109372  0.240058  0.751368  0.227868  0.175823  0.847107  0.648919  0.751470  0.607852  0.710312  0.378436  0.433365  0.119494  0.455086  0.768556  0.481415  0.169790  0.706658  0.482886  0.082842  0.199712  0.257070  0.140645  0.796709  0.314637  0.752753  0.250067  0.534734  0.841664 
