30
0 0.0  0.716977  0.262854  0.767752  0.837966  0.704972  0.751826  0.529048  0.523090  0.748034  0.589886  0.868849  0.476380  0.472065  0.460727  0.718216  0.742792  0.406524  0.414437  0.474597  0.502106  0.639626  0.656832  0.500641  0.716062  0.813428  0.571691  0.659663  0.421813  0.758180 
1  0.716977 0.0  0.747938  0.735819  0.777838  0.702570  0.327768  0.723872  0.671091  0.507871  0.582348  0.753418  0.754078  0.681162  0.691345  0.639201  0.351991  0.820578  0.885296  0.647917  0.716978  0.601146  0.482751  0.671370  0.711962  0.708034  0.628034  0.738786  0.728368  0.753264 
2  0.262854  0.747938 0.0  0.803604  0.712039  0.862487  0.821559  0.500253  0.630833  0.648330  0.626973  0.685204  0.446665  0.542006  0.411735  0.697314  0.658254  0.398321  0.409417  0.413471  0.464595  0.579347  0.618226  0.330095  0.770688  0.735278  0.418868  0.632054  0.499964  0.627615 
3  0.767752  0.735819  0.803604 0.0  0.487785  0.572257  0.749422  0.809591  0.798508  0.750093  0.702336  0.450384  0.787558  0.779007  0.845234  0.863442  0.761399  0.766799  0.674657  0.727409  0.753195  0.735381  0.695692  0.868904  0.559328  0.716954  0.779659  0.734292  0.824060  0.394991 
4  0.837966  0.777838  0.712039  0.487785 0.0  0.670085  0.736082  0.816666  0.873373  0.752420  0.731524  0.469915  0.802359  0.861416  0.891000  0.837867  0.805100  0.737281  0.767167  0.803851  1.000000  0.684706  0.714488  0.798093  0.719845  0.631223  0.755210  0.827477  0.905648  0.417534 
5  0.704972  0.702570  0.862487  0.572257  0.670085 0.0  0.841064  0.885178  0.813466  0.768953  0.704987  0.580517  0.741417  0.750446  0.837772  0.617677  0.607465  0.853978  0.770763  0.747664  0.726451  0.702673  0.748819  0.778664  0.256040  0.414041  0.824580  0.744664  0.925046  0.684632 
6  0.751826  0.327768  0.821559  0.749422  0.736082  0.841064 0.0  0.789486  0.714713  0.597194  0.470324  0.728451  0.756918  0.769433  0.720801  0.685929  0.391106  0.692262  0.772695  0.753839  0.711124  0.658517  0.507679  0.616294  0.773341  0.713151  0.712690  0.718235  0.616385  0.649713 
7  0.529048  0.723872  0.500253  0.809591  0.816666  0.885178  0.789486 0.0  0.576540  0.731912  0.771427  0.751514  0.612247  0.436869  0.334953  0.759986  0.835338  0.397535  0.473610  0.413541  0.311186  0.590687  0.759106  0.272243  0.742949  0.769377  0.613466  0.709169  0.189565  0.853452 
8  0.523090  0.671091  0.630833  0.798508  0.873373  0.813466  0.714713  0.576540 0.0  0.545125  0.608497  0.828169  0.622355  0.446872  0.599892  0.633496  0.646057  0.501736  0.460693  0.468291  0.561922  0.630960  0.694349  0.508969  0.641927  0.752113  0.387915  0.541134  0.376794  0.714423 
9  0.748034  0.507871  0.648330  0.750093  0.752420  0.768953  0.597194  0.731912  0.545125 0.0  0.592924  0.687647  0.658303  0.711688  0.525257  0.551144  0.582336  0.623814  0.689309  0.684732  0.721797  0.572677  0.601106  0.548495  0.832543  0.801244  0.667433  0.771368  0.572647  0.766961 
10  0.589886  0.582348  0.626973  0.702336  0.731524  0.704987  0.470324  0.771427  0.608497  0.592924 0.0  0.788062  0.768390  0.722506  0.641264  0.536736  0.515940  0.622726  0.697500  0.709271  0.721669  0.536143  0.377760  0.645732  0.756792  0.772289  0.532255  0.785807  0.625038  0.639379 
11  0.868849  0.753418  0.685204  0.450384  0.469915  0.580517  0.728451  0.751514  0.828169  0.687647  0.788062 0.0  0.789731  0.832381  0.858996  0.821940  0.667782  0.729890  0.810090  0.833684  0.870882  0.612203  0.665920  0.743433  0.593067  0.555074  0.685800  0.656070  0.847294  0.310812 
12  0.476380  0.754078  0.446665  0.787558  0.802359  0.741417  0.756918  0.612247  0.622355  0.658303  0.768390  0.789731 0.0  0.379691  0.479919  0.794237  0.763532  0.456200  0.541195  0.462309  0.453111  0.626757  0.825118  0.432781  0.826457  0.756492  0.552032  0.572788  0.515731  0.831462 
13  0.472065  0.681162  0.542006  0.779007  0.861416  0.750446  0.769433  0.436869  0.446872  0.711688  0.722506  0.832381  0.379691 0.0  0.552909  0.741186  0.631951  0.484190  0.503473  0.428326  0.497013  0.598277  0.695401  0.388661  0.805607  0.874830  0.614415  0.610003  0.521034  0.776401 
14  0.460727  0.691345  0.411735  0.845234  0.891000  0.837772  0.720801  0.334953  0.599892  0.525257  0.641264  0.858996  0.479919  0.552909 0.0  0.738236  0.689757  0.497937  0.585868  0.290794  0.478575  0.607250  0.688474  0.242384  0.697379  0.886285  0.640261  0.632813  0.235285  0.758196 
15  0.718216  0.639201  0.697314  0.863442  0.837867  0.617677  0.685929  0.759986  0.633496  0.551144  0.536736  0.821940  0.794237  0.741186  0.738236 0.0  0.581239  0.616751  0.753980  0.609189  0.703034  0.578518  0.662792  0.759432  0.622768  0.704362  0.669573  0.693589  0.755713  0.814471 
16  0.742792  0.351991  0.658254  0.761399  0.805100  0.607465  0.391106  0.835338  0.646057  0.582336  0.515940  0.667782  0.763532  0.631951  0.689757  0.581239 0.0  0.589027  0.718717  0.665137  0.615356  0.480869  0.427269  0.661299  0.735649  0.737931  0.676436  0.823756  0.688865  0.731002 
17  0.406524  0.820578  0.398321  0.766799  0.737281  0.853978  0.692262  0.397535  0.501736  0.623814  0.622726  0.729890  0.456200  0.484190  0.497937  0.616751  0.589027 0.0  0.473340  0.396363  0.371437  0.582365  0.748577  0.459647  0.813065  0.806406  0.496066  0.635246  0.415712  0.764302 
18  0.414437  0.885296  0.409417  0.674657  0.767167  0.770763  0.772695  0.473610  0.460693  0.689309  0.697500  0.810090  0.541195  0.503473  0.585868  0.753980  0.718717  0.473340 0.0  0.384898  0.553644  0.655083  0.773853  0.480203  0.657170  0.748774  0.613866  0.557804  0.566751  0.641972 
19  0.474597  0.647917  0.413471  0.727409  0.803851  0.747664  0.753839  0.413541  0.468291  0.684732  0.709271  0.833684  0.462309  0.428326  0.290794  0.609189  0.665137  0.396363  0.384898 0.0  0.409835  0.465290  0.717732  0.402747  0.811413  0.766508  0.547124  0.580301  0.370623  0.787294 
20  0.502106  0.716978  0.464595  0.753195  1.000000  0.726451  0.711124  0.311186  0.561922  0.721797  0.721669  0.870882  0.453111  0.497013  0.478575  0.703034  0.615356  0.371437  0.553644  0.409835 0.0  0.596435  0.623791  0.453948  0.869441  0.787243  0.457979  0.795565  0.547013  0.773079 
21  0.639626  0.601146  0.579347  0.735381  0.684706  0.702673  0.658517  0.590687  0.630960  0.572677  0.536143  0.612203  0.626757  0.598277  0.607250  0.578518  0.480869  0.582365  0.655083  0.465290  0.596435 0.0  0.579337  0.522363  0.657119  0.771064  0.472698  0.701701  0.534111  0.644593 
22  0.656832  0.482751  0.618226  0.695692  0.714488  0.748819  0.507679  0.759106  0.694349  0.601106  0.377760  0.665920  0.825118  0.695401  0.688474  0.662792  0.427269  0.748577  0.773853  0.717732  0.623791  0.579337 0.0  0.793402  0.725875  0.667956  0.660518  0.672004  0.592187  0.709629 
23  0.500641  0.671370  0.330095  0.868904  0.798093  0.778664  0.616294  0.272243  0.508969  0.548495  0.645732  0.743433  0.432781  0.388661  0.242384  0.759432  0.661299  0.459647  0.480203  0.402747  0.453948  0.522363  0.793402 0.0  0.811898  0.811503  0.452554  0.618086  0.328511  0.731970 
24  0.716062  0.711962  0.770688  0.559328  0.719845  0.256040  0.773341  0.742949  0.641927  0.832543  0.756792  0.593067  0.826457  0.805607  0.697379  0.622768  0.735649  0.813065  0.657170  0.811413  0.869441  0.657119  0.725875  0.811898 0.0  0.253764  0.628610  0.718116  0.761355  0.634845 
25  0.813428  0.708034  0.735278  0.716954  0.631223  0.414041  0.713151  0.769377  0.752113  0.801244  0.772289  0.555074  0.756492  0.874830  0.886285  0.704362  0.737931  0.806406  0.748774  0.766508  0.787243  0.771064  0.667956  0.811503  0.253764 0.0  0.734793  0.595129  0.812584  0.673892 
26  0.571691  0.628034  0.418868  0.779659  0.755210  0.824580  0.712690  0.613466  0.387915  0.667433  0.532255  0.685800  0.552032  0.614415  0.640261  0.669573  0.676436  0.496066  0.613866  0.547124  0.457979  0.472698  0.660518  0.452554  0.628610  0.734793 0.0  0.552766  0.478277  0.575029 
27  0.659663  0.738786  0.632054  0.734292  0.827477  0.744664  0.718235  0.709169  0.541134  0.771368  0.785807  0.656070  0.572788  0.610003  0.632813  0.693589  0.823756  0.635246  0.557804  0.580301  0.795565  0.701701  0.672004  0.618086  0.718116  0.595129  0.552766 0.0  0.695479  0.710377 
28  0.421813  0.728368  0.499964  0.824060  0.905648  0.925046  0.616385  0.189565  0.376794  0.572647  0.625038  0.847294  0.515731  0.521034  0.235285  0.755713  0.688865  0.415712  0.566751  0.370623  0.547013  0.534111  0.592187  0.328511  0.761355  0.812584  0.478277  0.695479 0.0  0.754163 
29  0.758180  0.753264  0.627615  0.394991  0.417534  0.684632  0.649713  0.853452  0.714423  0.766961  0.639379  0.310812  0.831462  0.776401  0.758196  0.814471  0.731002  0.764302  0.641972  0.787294  0.773079  0.644593  0.709629  0.731970  0.634845  0.673892  0.575029  0.710377  0.754163 0.0 
