30
0 0.0  0.837727  0.728911  0.829041  0.319713  0.669212  0.281405  0.412246  0.593038  0.431628  0.767391  0.501709  0.797672  0.546717  0.443851  0.791380  0.736549  0.385856  0.552412  0.689343  0.779087  0.843707  0.354871  0.671126  0.774374  0.797162  0.765592  0.457045  0.765233  0.327415 
1  0.837727 0.0  0.456858  0.748460  0.927396  0.764947  0.821052  0.829561  0.852070  0.880014  0.419711  0.738655  0.435338  0.907383  0.791075  0.405845  0.552220  0.884317  0.869684  0.777941  0.574851  0.758631  0.704862  0.738516  0.453002  0.765702  0.419933  0.786306  0.827301  0.854312 
2  0.728911  0.456858 0.0  0.729014  0.775414  0.805848  0.738932  0.713995  0.833210  0.885338  0.472323  0.696552  0.305064  0.881935  0.821334  0.327725  0.665556  0.819244  0.868397  0.654881  0.709660  0.942262  0.851244  0.696553  0.679437  0.758137  0.412940  0.749615  0.859932  0.785705 
3  0.829041  0.748460  0.729014 0.0  0.596402  0.597951  0.625577  0.780681  0.662325  0.784018  0.713192  0.679935  0.676218  0.795419  0.681961  0.704394  0.617363  0.805321  0.727346  0.715871  0.662786  0.508229  0.858146  0.557825  0.636825  0.573000  0.718875  0.715592  0.724358  0.679977 
4  0.319713  0.927396  0.775414  0.596402 0.0  0.683685  0.439276  0.464460  0.595945  0.348754  0.886897  0.356124  0.815660  0.493935  0.482278  0.874621  0.876085  0.406674  0.436650  0.595133  0.809888  0.627348  0.360862  0.651407  0.844633  0.716523  0.993356  0.587604  0.701059  0.491470 
5  0.669212  0.764947  0.805848  0.597951  0.683685 0.0  0.711718  0.837968  0.650045  0.725329  0.752027  0.620335  0.792620  0.685609  0.651159  0.725340  0.744396  0.757529  0.703209  0.750281  0.765164  0.761380  0.870796  0.529758  0.679536  0.301364  0.787642  0.693218  0.664300  0.674949 
6  0.281405  0.821052  0.738932  0.625577  0.439276  0.711718 0.0  0.474094  0.455045  0.395608  0.906203  0.487122  0.836043  0.386002  0.388178  0.785702  0.873398  0.365744  0.377638  0.552124  0.826404  0.690423  0.550632  0.663586  0.849347  0.738946  0.864624  0.492517  0.854357  0.465256 
7  0.412246  0.829561  0.713995  0.780681  0.464460  0.837968  0.474094 0.0  0.537291  0.469450  0.846069  0.332591  0.856714  0.466909  0.521491  0.743253  0.663167  0.367713  0.429095  0.503246  0.717459  0.715513  0.495313  0.643723  0.831852  0.698271  0.642799  0.262567  0.906820  0.464419 
8  0.593038  0.852070  0.833210  0.662325  0.595945  0.650045  0.455045  0.537291 0.0  0.376289  0.708753  0.444772  0.823746  0.483383  0.174782  0.749001  0.853990  0.519034  0.414850  0.378158  0.884372  0.666635  0.529409  0.528827  0.790491  0.694345  0.931867  0.392374  0.794440  0.301180 
9  0.431628  0.880014  0.885338  0.784018  0.348754  0.725329  0.395608  0.469450  0.376289 0.0  0.867544  0.348710  0.882749  0.371281  0.346692  0.921620  0.846427  0.500212  0.329638  0.478139  0.816563  0.690759  0.466080  0.559552  0.821509  0.657953  0.779119  0.470513  0.795343  0.330770 
10  0.767391  0.419711  0.472323  0.713192  0.886897  0.752027  0.906203  0.846069  0.708753  0.867544 0.0  0.893764  0.396085  0.881578  0.971789  0.414808  0.673293  0.645091  0.771575  0.923245  0.667374  0.777739  0.812006  0.685709  0.657435  0.682652  0.357172  0.885499  0.671091  0.932127 
11  0.501709  0.738655  0.696552  0.679935  0.356124  0.620335  0.487122  0.332591  0.444772  0.348710  0.893764 0.0  0.807439  0.494299  0.503522  0.778362  0.831066  0.628727  0.422619  0.633471  0.851559  0.708005  0.489915  0.567474  0.820986  0.642207  0.847921  0.409084  0.736745  0.298501 
12  0.797672  0.435338  0.305064  0.676218  0.815660  0.792620  0.836043  0.856714  0.823746  0.882749  0.396085  0.807439 0.0  0.847428  0.772867  0.340639  0.549488  0.852860  0.867857  0.786140  0.733526  0.742001  0.740573  0.653692  0.604798  0.785703  0.327310  0.905841  0.769463  0.833439 
13  0.546717  0.907383  0.881935  0.795419  0.493935  0.685609  0.386002  0.466909  0.483383  0.371281  0.881578  0.494299  0.847428 0.0  0.425366  0.744115  0.809795  0.468901  0.346537  0.440228  0.694436  0.739070  0.625963  0.634377  0.702379  0.656614  0.816922  0.353878  0.759502  0.403762 
14  0.443851  0.791075  0.821334  0.681961  0.482278  0.651159  0.388178  0.521491  0.174782  0.346692  0.971789  0.503522  0.772867  0.425366 0.0  0.819673  0.791286  0.470854  0.428067  0.651550  0.792439  0.815455  0.384992  0.585138  0.737439  0.810127  0.830922  0.478731  0.782556  0.281998 
15  0.791380  0.405845  0.327725  0.704394  0.874621  0.725340  0.785702  0.743253  0.749001  0.921620  0.414808  0.778362  0.340639  0.744115  0.819673 0.0  0.513842  0.875893  0.894954  0.892786  0.533756  0.707992  0.897293  0.715827  0.598488  0.810014  0.238570  0.870847  0.693488  0.780845 
16  0.736549  0.552220  0.665556  0.617363  0.876085  0.744396  0.873398  0.663167  0.853990  0.846427  0.673293  0.831066  0.549488  0.809795  0.791286  0.513842 0.0  0.789746  0.793806  0.705562  0.409054  0.750629  0.752004  0.693629  0.245146  0.711225  0.630351  0.707474  0.431501  0.883603 
17  0.385856  0.884317  0.819244  0.805321  0.406674  0.757529  0.365744  0.367713  0.519034  0.500212  0.645091  0.628727  0.852860  0.468901  0.470854  0.875893  0.789746 0.0  0.392989  0.685562  0.801291  0.734397  0.437522  0.476885  0.797115  0.681810  0.796463  0.530909  0.744230  0.554147 
18  0.552412  0.869684  0.868397  0.727346  0.436650  0.703209  0.377638  0.429095  0.414850  0.329638  0.771575  0.422619  0.867857  0.346537  0.428067  0.894954  0.793806  0.392989 0.0  0.576593  0.902276  0.787333  0.318387  0.611234  1.000000  0.907413  0.699605  0.428270  0.644394  0.461488 
19  0.689343  0.777941  0.654881  0.715871  0.595133  0.750281  0.552124  0.503246  0.378158  0.478139  0.923245  0.633471  0.786140  0.440228  0.651550  0.892786  0.705562  0.685562  0.576593 0.0  0.754401  0.557776  0.642116  0.609337  0.724480  0.726995  0.781629  0.477148  0.812058  0.554131 
20  0.779087  0.574851  0.709660  0.662786  0.809888  0.765164  0.826404  0.717459  0.884372  0.816563  0.667374  0.851559  0.733526  0.694436  0.792439  0.533756  0.409054  0.801291  0.902276  0.754401 0.0  0.740909  0.884614  0.817662  0.256984  0.747394  0.547670  0.852799  0.433222  0.796199 
21  0.843707  0.758631  0.942262  0.508229  0.627348  0.761380  0.690423  0.715513  0.666635  0.690759  0.777739  0.708005  0.742001  0.739070  0.815455  0.707992  0.750629  0.734397  0.787333  0.557776  0.740909 0.0  0.945840  0.751783  0.790810  0.647107  0.743152  0.827862  0.798182  0.806739 
22  0.354871  0.704862  0.851244  0.858146  0.360862  0.870796  0.550632  0.495313  0.529409  0.466080  0.812006  0.489915  0.740573  0.625963  0.384992  0.897293  0.752004  0.437522  0.318387  0.642116  0.884614  0.945840 0.0  0.631362  0.825040  0.762958  0.800661  0.528740  0.694623  0.416174 
23  0.671126  0.738516  0.696553  0.557825  0.651407  0.529758  0.663586  0.643723  0.528827  0.559552  0.685709  0.567474  0.653692  0.634377  0.585138  0.715827  0.693629  0.476885  0.611234  0.609337  0.817662  0.751783  0.631362 0.0  0.719563  0.509818  0.705527  0.635339  0.679777  0.575674 
24  0.774374  0.453002  0.679437  0.636825  0.844633  0.679536  0.849347  0.831852  0.790491  0.821509  0.657435  0.820986  0.604798  0.702379  0.737439  0.598488  0.245146  0.797115  1.000000  0.724480  0.256984  0.790810  0.825040  0.719563 0.0  0.800102  0.629918  0.897848  0.391721  0.783426 
25  0.797162  0.765702  0.758137  0.573000  0.716523  0.301364  0.738946  0.698271  0.694345  0.657953  0.682652  0.642207  0.785703  0.656614  0.810127  0.810014  0.711225  0.681810  0.907413  0.726995  0.747394  0.647107  0.762958  0.509818  0.800102 0.0  0.813325  0.727332  0.727100  0.698371 
26  0.765592  0.419933  0.412940  0.718875  0.993356  0.787642  0.864624  0.642799  0.931867  0.779119  0.357172  0.847921  0.327310  0.816922  0.830922  0.238570  0.630351  0.796463  0.699605  0.781629  0.547670  0.743152  0.800661  0.705527  0.629918  0.813325 0.0  0.761327  0.733811  0.791604 
27  0.457045  0.786306  0.749615  0.715592  0.587604  0.693218  0.492517  0.262567  0.392374  0.470513  0.885499  0.409084  0.905841  0.353878  0.478731  0.870847  0.707474  0.530909  0.428270  0.477148  0.852799  0.827862  0.528740  0.635339  0.897848  0.727332  0.761327 0.0  0.842746  0.469746 
28  0.765233  0.827301  0.859932  0.724358  0.701059  0.664300  0.854357  0.906820  0.794440  0.795343  0.671091  0.736745  0.769463  0.759502  0.782556  0.693488  0.431501  0.744230  0.644394  0.812058  0.433222  0.798182  0.694623  0.679777  0.391721  0.727100  0.733811  0.842746 0.0  0.761874 
29  0.327415  0.854312  0.785705  0.679977  0.491470  0.674949  0.465256  0.464419  0.301180  0.330770  0.932127  0.298501  0.833439  0.403762  0.281998  0.780845  0.883603  0.554147  0.461488  0.554131  0.796199  0.806739  0.416174  0.575674  0.783426  0.698371  0.791604  0.469746  0.761874 0.0 
