30
0 0.0  0.835185  0.642670  0.665750  0.746926  0.782699  0.716385  0.262167  0.751273  0.589346  0.949684  0.823696  0.777452  0.941773  0.810569  0.779926  0.698146  0.876373  0.570199  0.713131  0.806885  0.740425  0.397515  0.725528  0.391182  0.588431  0.819209  0.707953  0.816268  0.872343 
1  0.835185 0.0  0.881486  0.883529  0.756341  0.655195  0.814959  0.863107  0.561733  0.870404  0.621250  0.579456  0.660226  0.562658  0.467219  0.405209  0.396362  0.422606  0.875508  0.420848  0.163319  0.750778  0.857436  0.588729  0.871463  0.845338  0.598762  0.372111  0.393253  0.405732 
2  0.642670  0.881486 0.0  0.799314  0.781463  0.738393  0.674373  0.759902  0.769679  0.347359  0.786813  0.754637  0.777568  0.842876  0.828287  0.827310  0.777428  0.849213  0.363118  0.906755  0.936957  0.843629  0.606834  0.852410  0.631083  0.266398  0.828885  0.859622  0.979522  1.000000 
3  0.665750  0.883529  0.799314 0.0  0.669613  0.526107  0.784538  0.676912  0.790481  0.910755  0.757424  0.713984  0.627284  0.813583  0.828539  0.685516  0.834173  0.681671  0.809222  0.719608  0.716878  0.710301  0.710765  0.712959  0.791131  0.848069  0.660563  0.777242  0.544148  0.746281 
4  0.746926  0.756341  0.781463  0.669613 0.0  0.609337  0.727367  0.810645  0.794004  0.631045  0.760704  0.628127  0.179588  0.715894  0.766866  0.537336  0.793958  0.775964  0.707938  0.742056  0.626338  0.513177  0.694749  0.686689  0.751667  0.892380  0.532655  0.659440  0.671087  0.806005 
5  0.782699  0.655195  0.738393  0.526107  0.609337 0.0  0.662601  0.630758  0.688440  0.777049  0.520855  0.646656  0.628304  0.559654  0.691445  0.680447  0.648326  0.586204  0.741100  0.518562  0.650793  0.598934  0.628208  0.576137  0.756920  0.702308  0.592957  0.641998  0.653887  0.533493 
6  0.716385  0.814959  0.674373  0.784538  0.727367  0.662601 0.0  0.708501  0.290959  0.881380  0.530634  0.609727  0.653420  0.576506  0.655447  0.725247  0.696551  0.702855  0.670533  0.701218  0.606774  0.693082  0.727080  0.706380  0.687329  0.745441  0.732617  0.691363  0.695059  0.630378 
7  0.262167  0.863107  0.759902  0.676912  0.810645  0.630758  0.708501 0.0  0.720497  0.623170  0.724998  0.724939  0.734009  0.885317  0.672173  0.814318  0.797705  0.878488  0.650586  0.836996  0.831336  0.788262  0.409884  0.747590  0.330031  0.667072  0.642783  0.929471  0.867239  0.961585 
8  0.751273  0.561733  0.769679  0.790481  0.794004  0.688440  0.290959  0.720497 0.0  0.797605  0.578593  0.619965  0.776147  0.564150  0.712586  0.825528  0.749597  0.733784  0.708024  0.623151  0.710604  0.694647  0.772575  0.657900  0.672033  0.783387  0.776277  0.635602  0.712116  0.761141 
9  0.589346  0.870404  0.347359  0.910755  0.631045  0.777049  0.881380  0.623170  0.797605 0.0  0.832655  0.879416  0.730717  0.874004  0.928985  0.705436  0.761840  0.764894  0.363381  0.913426  0.820578  0.686089  0.703568  0.959048  0.610689  0.277612  0.750732  0.860808  0.904866  0.894832 
10  0.949684  0.621250  0.786813  0.757424  0.760704  0.520855  0.530634  0.724998  0.578593  0.832655 0.0  0.429903  0.594025  0.481420  0.667039  0.690183  0.679230  0.559147  0.860788  0.523454  0.435660  0.630853  0.659627  0.603344  0.766522  0.830648  0.687717  0.574768  0.589310  0.644673 
11  0.823696  0.579456  0.754637  0.713984  0.628127  0.646656  0.609727  0.724939  0.619965  0.879416  0.429903 0.0  0.697805  0.306418  0.724349  0.525379  0.481161  0.545945  0.783216  0.636219  0.436495  0.737992  0.789791  0.450735  0.692815  0.881001  0.711068  0.477705  0.573120  0.686666 
12  0.777452  0.660226  0.777568  0.627284  0.179588  0.628304  0.653420  0.734009  0.776147  0.730717  0.594025  0.697805 0.0  0.747341  0.760989  0.715945  0.735371  0.802956  0.711582  0.678390  0.638809  0.475242  0.672654  0.659082  0.809709  0.680147  0.370748  0.779733  0.732414  0.816123 
13  0.941773  0.562658  0.842876  0.813583  0.715894  0.559654  0.576506  0.885317  0.564150  0.874004  0.481420  0.306418  0.747341 0.0  0.688342  0.492211  0.673625  0.555326  0.902457  0.557914  0.683303  0.632580  0.884378  0.581734  0.849168  0.858928  0.688692  0.586450  0.598433  0.640877 
14  0.810569  0.467219  0.828287  0.828539  0.766866  0.691445  0.655447  0.672173  0.712586  0.928985  0.667039  0.724349  0.760989  0.688342 0.0  0.489814  0.408690  0.540541  0.786228  0.438803  0.517751  0.610508  0.862547  0.448403  0.729111  0.827413  0.694210  0.508668  0.334102  0.435465 
15  0.779926  0.405209  0.827310  0.685516  0.537336  0.680447  0.725247  0.814318  0.825528  0.705436  0.690183  0.525379  0.715945  0.492211  0.489814 0.0  0.474872  0.334095  0.906467  0.591367  0.411062  0.569757  0.788937  0.319489  0.948269  0.837875  0.671578  0.293990  0.441216  0.463049 
16  0.698146  0.396362  0.777428  0.834173  0.793958  0.648326  0.696551  0.797705  0.749597  0.761840  0.679230  0.481161  0.735371  0.673625  0.408690  0.474872 0.0  0.500660  0.847250  0.563105  0.619721  0.807717  0.811236  0.522959  0.939702  0.913722  0.787864  0.559381  0.479833  0.435756 
17  0.876373  0.422606  0.849213  0.681671  0.775964  0.586204  0.702855  0.878488  0.733784  0.764894  0.559147  0.545945  0.802956  0.555326  0.540541  0.334095  0.500660 0.0  0.895477  0.469515  0.346819  0.709604  0.668205  0.266721  0.723151  0.878607  0.755408  0.252049  0.534008  0.463520 
18  0.570199  0.875508  0.363118  0.809222  0.707938  0.741100  0.670533  0.650586  0.708024  0.363381  0.860788  0.783216  0.711582  0.902457  0.786228  0.906467  0.847250  0.895477 0.0  0.873223  0.883422  0.757014  0.616494  0.920615  0.504504  0.327526  0.662860  0.878631  0.772660  0.970275 
19  0.713131  0.420848  0.906755  0.719608  0.742056  0.518562  0.701218  0.836996  0.623151  0.913426  0.523454  0.636219  0.678390  0.557914  0.438803  0.591367  0.563105  0.469515  0.873223 0.0  0.484630  0.721392  0.826000  0.585274  0.822062  0.945010  0.738984  0.445504  0.360391  0.545797 
20  0.806885  0.163319  0.936957  0.716878  0.626338  0.650793  0.606774  0.831336  0.710604  0.820578  0.435660  0.436495  0.638809  0.683303  0.517751  0.411062  0.619721  0.346819  0.883422  0.484630 0.0  0.633867  0.855735  0.408688  0.643995  0.778696  0.525641  0.431647  0.363264  0.551144 
21  0.740425  0.750778  0.843629  0.710301  0.513177  0.598934  0.693082  0.788262  0.694647  0.686089  0.630853  0.737992  0.475242  0.632580  0.610508  0.569757  0.807717  0.709604  0.757014  0.721392  0.633867 0.0  0.806289  0.714838  0.764499  0.838258  0.312745  0.633454  0.705621  0.650368 
22  0.397515  0.857436  0.606834  0.710765  0.694749  0.628208  0.727080  0.409884  0.772575  0.703568  0.659627  0.789791  0.672654  0.884378  0.862547  0.788937  0.811236  0.668205  0.616494  0.826000  0.855735  0.806289 0.0  0.906921  0.233329  0.672310  0.740841  0.886640  0.851856  0.899456 
23  0.725528  0.588729  0.852410  0.712959  0.686689  0.576137  0.706380  0.747590  0.657900  0.959048  0.603344  0.450735  0.659082  0.581734  0.448403  0.319489  0.522959  0.266721  0.920615  0.585274  0.408688  0.714838  0.906921 0.0  0.970019  0.920505  0.602119  0.343451  0.428807  0.514489 
24  0.391182  0.871463  0.631083  0.791131  0.751667  0.756920  0.687329  0.330031  0.672033  0.610689  0.766522  0.692815  0.809709  0.849168  0.729111  0.948269  0.939702  0.723151  0.504504  0.822062  0.643995  0.764499  0.233329  0.970019 0.0  0.541490  0.690133  0.824853  0.895352  0.842737 
25  0.588431  0.845338  0.266398  0.848069  0.892380  0.702308  0.745441  0.667072  0.783387  0.277612  0.830648  0.881001  0.680147  0.858928  0.827413  0.837875  0.913722  0.878607  0.327526  0.945010  0.778696  0.838258  0.672310  0.920505  0.541490 0.0  0.728267  0.684844  0.851012  0.806431 
26  0.819209  0.598762  0.828885  0.660563  0.532655  0.592957  0.732617  0.642783  0.776277  0.750732  0.687717  0.711068  0.370748  0.688692  0.694210  0.671578  0.787864  0.755408  0.662860  0.738984  0.525641  0.312745  0.740841  0.602119  0.690133  0.728267 0.0  0.662307  0.776048  0.796878 
27  0.707953  0.372111  0.859622  0.777242  0.659440  0.641998  0.691363  0.929471  0.635602  0.860808  0.574768  0.477705  0.779733  0.586450  0.508668  0.293990  0.559381  0.252049  0.878631  0.445504  0.431647  0.633454  0.886640  0.343451  0.824853  0.684844  0.662307 0.0  0.472501  0.420699 
28  0.816268  0.393253  0.979522  0.544148  0.671087  0.653887  0.695059  0.867239  0.712116  0.904866  0.589310  0.573120  0.732414  0.598433  0.334102  0.441216  0.479833  0.534008  0.772660  0.360391  0.363264  0.705621  0.851856  0.428807  0.895352  0.851012  0.776048  0.472501 0.0  0.531473 
29  0.872343  0.405732  1.000000  0.746281  0.806005  0.533493  0.630378  0.961585  0.761141  0.894832  0.644673  0.686666  0.816123  0.640877  0.435465  0.463049  0.435756  0.463520  0.970275  0.545797  0.551144  0.650368  0.899456  0.514489  0.842737  0.806431  0.796878  0.420699  0.531473 0.0 
