30
0 0.0  0.732806  0.717986  0.571020  0.710611  0.521210  0.741229  0.520534  0.521636  0.666663  0.652106  0.633609  0.703207  0.523562  0.710739  0.706544  0.685212  0.602742  0.618173  0.518047  0.683978  0.586791  0.708248  0.692539  0.640416  0.736739  0.716066  0.714025  0.706856  0.652639 
1  0.732806 0.0  0.684087  0.680020  0.792501  0.844059  0.758311  0.836000  0.900943  0.629185  0.950473  0.782889  0.546760  0.909662  0.354534  0.772473  0.791171  0.980690  0.802441  0.749766  0.948787  0.701370  0.650236  0.974612  0.736518  0.455167  0.418931  0.798128  0.391912  0.811775 
2  0.717986  0.684087 0.0  0.393271  0.687699  0.596152  0.338999  0.877552  0.665804  0.702294  0.755606  0.723542  0.890718  0.590234  0.671278  0.807601  0.629004  0.579353  0.842462  0.686413  0.610863  0.770217  0.737721  0.791434  0.907879  0.753985  0.771092  0.787201  0.790826  0.771625 
3  0.571020  0.680020  0.393271 0.0  0.764591  0.751960  0.412842  0.831146  0.690386  0.723441  0.673590  0.781544  0.725631  0.773669  0.749035  0.777417  0.782034  0.696955  0.824784  0.736739  0.616427  0.759173  0.750571  0.699397  0.760429  0.682765  0.790954  0.709655  0.726636  0.815870 
4  0.710611  0.792501  0.687699  0.764591 0.0  0.553091  0.612521  0.874672  0.517744  0.813935  0.726728  0.855752  0.816631  0.468288  0.919872  0.328285  0.459961  0.406788  0.848183  0.702648  0.552908  0.830432  0.791694  0.561694  0.703130  0.857216  0.868179  0.675106  0.881950  0.883027 
5  0.521210  0.844059  0.596152  0.751960  0.553091 0.0  0.700671  0.848153  0.274768  0.900269  0.753451  0.717130  0.745318  0.397259  0.835232  0.647036  0.438543  0.527815  0.700536  0.689692  0.547674  0.818186  0.891759  0.462402  0.550620  0.788494  0.816748  0.272763  0.724608  0.689733 
6  0.741229  0.758311  0.338999  0.412842  0.612521  0.700671 0.0  0.844555  0.569005  0.690742  0.871638  0.850022  0.752625  0.546641  0.673998  0.657655  0.670764  0.665997  0.675851  0.946346  0.489398  0.777396  0.700197  0.645542  0.806138  0.685644  0.710140  0.659340  0.719042  0.859915 
7  0.520534  0.836000  0.877552  0.831146  0.874672  0.848153  0.844555 0.0  0.763982  0.737165  0.753930  0.749479  0.773948  0.757629  0.783601  0.848814  0.825550  0.810971  0.621956  0.590803  0.710577  0.551414  0.685756  0.813834  0.737555  0.852589  0.780005  0.694890  0.764886  0.404328 
8  0.521636  0.900943  0.665804  0.690386  0.517744  0.274768  0.569005  0.763982 0.0  0.811283  0.737777  0.785600  0.925491  0.260449  0.986158  0.471950  0.543021  0.453452  0.732300  0.686212  0.513086  0.688793  0.884028  0.536826  0.705098  0.875870  0.847269  0.349346  0.836419  0.686554 
9  0.666663  0.629185  0.702294  0.723441  0.813935  0.900269  0.690742  0.737165  0.811283 0.0  0.873569  0.702498  0.237501  0.940640  0.624919  0.659712  0.766000  0.894795  0.694395  0.722141  0.821500  0.747926  0.336601  1.000000  0.787722  0.701649  0.691538  0.764749  0.757570  0.834299 
10  0.652106  0.950473  0.755606  0.673590  0.726728  0.753451  0.871638  0.753930  0.737777  0.873569 0.0  0.444634  0.845859  0.664903  0.806173  0.783858  0.834699  0.689262  0.485720  0.520976  0.597861  0.590795  0.753814  0.811870  0.412554  0.671832  0.662579  0.628561  0.670448  0.623441 
11  0.633609  0.782889  0.723542  0.781544  0.855752  0.717130  0.850022  0.749479  0.785600  0.702498  0.444634 0.0  0.682671  0.695028  0.803257  0.774012  0.683164  0.729823  0.242303  0.609801  0.634140  0.637769  0.681071  0.822158  0.479188  0.710484  0.535331  0.777067  0.840835  0.679198 
12  0.703207  0.546760  0.890718  0.725631  0.816631  0.745318  0.752625  0.773948  0.925491  0.237501  0.845859  0.682671 0.0  0.880899  0.601093  0.716330  0.720068  0.876247  0.731725  0.726507  0.891802  0.728400  0.223119  0.963520  0.690039  0.764817  0.639510  0.816028  0.680219  0.691826 
13  0.523562  0.909662  0.590234  0.773669  0.468288  0.397259  0.546641  0.757629  0.260449  0.940640  0.664903  0.695028  0.880899 0.0  0.820171  0.645588  0.470019  0.369567  0.831007  0.718505  0.311734  0.718728  0.810432  0.436843  0.639681  0.761196  0.776444  0.325438  0.858689  0.794593 
14  0.710739  0.354534  0.671278  0.749035  0.919872  0.835232  0.673998  0.783601  0.986158  0.624919  0.806173  0.803257  0.601093  0.820171 0.0  0.803207  0.864777  0.831130  0.913190  0.714502  0.832637  0.765294  0.669959  0.996535  0.671285  0.351760  0.469043  0.852185  0.333225  0.743820 
15  0.706544  0.772473  0.807601  0.777417  0.328285  0.647036  0.657655  0.848814  0.471950  0.659712  0.783858  0.774012  0.716330  0.645588  0.803207 0.0  0.580920  0.463390  0.846016  0.728790  0.680173  0.676912  0.775286  0.483727  0.807800  0.840211  0.824676  0.548242  0.764884  0.820215 
16  0.685212  0.791171  0.629004  0.782034  0.459961  0.438543  0.670764  0.825550  0.543021  0.766000  0.834699  0.683164  0.720068  0.470019  0.864777  0.580920 0.0  0.517882  0.803707  0.816236  0.711664  0.784014  0.842612  0.387197  0.661310  0.694635  0.721784  0.546463  0.863610  0.738321 
17  0.602742  0.980690  0.579353  0.696955  0.406788  0.527815  0.665997  0.810971  0.453452  0.894795  0.689262  0.729823  0.876247  0.369567  0.831130  0.463390  0.517882 0.0  0.724290  0.714315  0.442285  0.694715  0.844940  0.575692  0.604559  0.963530  0.715148  0.490521  0.821719  0.791434 
18  0.618173  0.802441  0.842462  0.824784  0.848183  0.700536  0.675851  0.621956  0.732300  0.694395  0.485720  0.242303  0.731725  0.831007  0.913190  0.846016  0.803707  0.724290 0.0  0.642068  0.631103  0.548810  0.792219  0.763967  0.467322  0.774144  0.543363  0.706079  0.731833  0.720516 
19  0.518047  0.749766  0.686413  0.736739  0.702648  0.689692  0.946346  0.590803  0.686212  0.722141  0.520976  0.609801  0.726507  0.718505  0.714502  0.728790  0.816236  0.714315  0.642068 0.0  0.675172  0.286598  0.657918  0.733680  0.653264  0.777894  0.789650  0.695815  0.832200  0.694501 
20  0.683978  0.948787  0.610863  0.616427  0.552908  0.547674  0.489398  0.710577  0.513086  0.821500  0.597861  0.634140  0.891802  0.311734  0.832637  0.680173  0.711664  0.442285  0.631103  0.675172 0.0  0.531351  0.903073  0.532444  0.656548  0.822112  0.674684  0.663088  0.901825  0.767632 
21  0.586791  0.701370  0.770217  0.759173  0.830432  0.818186  0.777396  0.551414  0.688793  0.747926  0.590795  0.637769  0.728400  0.718728  0.765294  0.676912  0.784014  0.694715  0.548810  0.286598  0.531351 0.0  0.737377  0.759373  0.571263  0.713095  0.738609  0.653175  0.788741  0.688020 
22  0.708248  0.650236  0.737721  0.750571  0.791694  0.891759  0.700197  0.685756  0.884028  0.336601  0.753814  0.681071  0.223119  0.810432  0.669959  0.775286  0.842612  0.844940  0.792219  0.657918  0.903073  0.737377 0.0  0.818804  0.858304  0.713816  0.723454  0.754859  0.664447  0.739633 
23  0.692539  0.974612  0.791434  0.699397  0.561694  0.462402  0.645542  0.813834  0.536826  1.000000  0.811870  0.822158  0.963520  0.436843  0.996535  0.483727  0.387197  0.575692  0.763967  0.733680  0.532444  0.759373  0.818804 0.0  0.741016  0.818631  0.844784  0.555025  0.806390  0.787882 
24  0.640416  0.736518  0.907879  0.760429  0.703130  0.550620  0.806138  0.737555  0.705098  0.787722  0.412554  0.479188  0.690039  0.639681  0.671285  0.807800  0.661310  0.604559  0.467322  0.653264  0.656548  0.571263  0.858304  0.741016 0.0  0.680594  0.763606  0.665989  0.868159  0.649859 
25  0.736739  0.455167  0.753985  0.682765  0.857216  0.788494  0.685644  0.852589  0.875870  0.701649  0.671832  0.710484  0.764817  0.761196  0.351760  0.840211  0.694635  0.963530  0.774144  0.777894  0.822112  0.713095  0.713816  0.818631  0.680594 0.0  0.455150  0.879765  0.468670  0.735878 
26  0.716066  0.418931  0.771092  0.790954  0.868179  0.816748  0.710140  0.780005  0.847269  0.691538  0.662579  0.535331  0.639510  0.776444  0.469043  0.824676  0.721784  0.715148  0.543363  0.789650  0.674684  0.738609  0.723454  0.844784  0.763606  0.455150 0.0  0.795676  0.503692  0.722272 
27  0.714025  0.798128  0.787201  0.709655  0.675106  0.272763  0.659340  0.694890  0.349346  0.764749  0.628561  0.777067  0.816028  0.325438  0.852185  0.548242  0.546463  0.490521  0.706079  0.695815  0.663088  0.653175  0.754859  0.555025  0.665989  0.879765  0.795676 0.0  0.875303  0.644496 
28  0.706856  0.391912  0.790826  0.726636  0.881950  0.724608  0.719042  0.764886  0.836419  0.757570  0.670448  0.840835  0.680219  0.858689  0.333225  0.764884  0.863610  0.821719  0.731833  0.832200  0.901825  0.788741  0.664447  0.806390  0.868159  0.468670  0.503692  0.875303 0.0  0.741945 
29  0.652639  0.811775  0.771625  0.815870  0.883027  0.689733  0.859915  0.404328  0.686554  0.834299  0.623441  0.679198  0.691826  0.794593  0.743820  0.820215  0.738321  0.791434  0.720516  0.694501  0.767632  0.688020  0.739633  0.787882  0.649859  0.735878  0.722272  0.644496  0.741945 0.0 
