197
0 0.0  0.439957  0.492771  0.322000  0.351931  0.382515  0.306827  0.419103  0.509043  0.450422  0.760806  0.507806  0.649607  0.541266  0.578541  0.496487  0.522340  0.615186  0.335887  0.722204  0.374368  0.453439  0.544011  0.491967  0.900759  0.463656  0.306411  0.618259  0.755932  0.514824  0.475888  0.461184  0.823577  0.499851  0.496157  0.448447  0.464978  0.592281  0.610448  0.540484  0.462362  0.485947  0.496259  0.473708  0.520035  0.471268  0.512622  0.551248  0.385271  0.585905  0.657180  0.387867  0.633540  0.383665  0.377645  0.485479  0.620603  0.500394  0.529316  0.389485  0.370779  0.443027  0.581568  0.542923  0.519748  0.435323  0.419264  0.524155  0.507288  0.624376  0.518172  0.545634  0.458239  0.571613  0.454997  0.452609  0.481738  0.564011  0.555083  0.471635  0.453082  0.494921  0.477950  0.596072  0.491593  0.393991  0.450966  0.688602  0.492174  0.436878  0.527772  0.505957  0.555124  0.620981  0.443249  0.402556  0.420405  0.602895  0.438754  0.424198  0.434753  0.797457  0.735167  0.484673  0.499831  0.468514  0.500876  0.816265  0.551332  0.452914  0.428128  0.412968  0.602064  0.429471  0.568492  0.840674  0.431925  0.920266  0.529974  0.507933  0.475955  0.480899  0.798438  0.600328  0.520780  0.530838  0.475525  0.515882  0.590727  0.453547  0.526762  0.567231  0.543815  0.650102  0.536474  0.503141  0.400655  0.448119  0.385565  0.521439  0.527987  0.579325  0.473760  0.427498  0.413144  0.476601  0.571259  0.588562  0.490035  0.622999  0.748361  0.540328  0.524642  0.510040  0.651987  0.441815  0.487631  0.487735  0.466450  0.486987  0.435581  0.503398  0.622741  0.531335  0.478528  0.615626  0.430768  0.517732  0.805948  0.576876  0.454690  0.559087  0.925002  0.496300  0.473980  0.488168  0.536670  0.687198  0.447461  0.463209  0.659082  0.412796  0.489934  0.557703  0.831328  0.538633  0.466637  0.694251  0.743233  0.506902  0.777725  0.491947  0.485875  0.564504  0.531108  0.592850  0.449659 
1  0.439957 0.0  0.486905  0.631259  0.422661  0.418285  0.540027  0.594871  0.464353  0.455222  0.856767  0.505198  0.450035  0.325499  0.670930  0.407563  0.488796  0.400682  0.574338  0.747829  0.564866  0.331956  0.579476  0.438392  0.778475  0.487547  0.519282  0.486571  0.821573  0.526509  0.465340  0.422432  0.867730  0.558813  0.373467  0.394594  0.507501  0.582482  0.650366  0.465373  0.509376  0.573948  0.468596  0.429889  0.367083  0.558324  0.467218  0.345220  0.436863  0.381994  0.685972  0.572152  0.551774  0.452456  0.528873  0.461478  0.579150  0.340476  0.499760  0.543786  0.401907  0.435946  0.381635  0.508392  0.439194  0.441828  0.536316  0.436723  0.519224  0.603965  0.385087  0.479477  0.363933  0.522718  0.253443  0.412749  0.548613  0.569512  0.537740  0.475954  0.479654  0.542740  0.563483  0.514396  0.541522  0.468553  0.411140  0.731690  0.417668  0.354894  0.395919  0.446520  0.417200  0.463651  0.498235  0.506188  0.455722  0.560768  0.465045  0.512031  0.574430  0.908538  0.887814  0.451883  0.491615  0.444003  0.549281  0.906067  0.581884  0.584454  0.477680  0.564968  0.426762  0.494712  0.499989  0.855670  0.396100  0.821548  0.383356  0.483363  0.440625  0.493426  0.835684  0.385761  0.385462  0.585111  0.368257  0.536081  0.515172  0.616878  0.484412  0.468628  0.411388  0.569901  0.537847  0.523107  0.390748  0.403265  0.490896  0.513614  0.450827  0.527079  0.453584  0.572244  0.457112  0.589449  0.366591  0.457249  0.293666  0.788491  0.835759  0.542126  0.508557  0.451316  0.584649  0.504316  0.463554  0.481847  0.404599  0.428186  0.398160  0.534446  0.438093  0.423010  0.554781  0.425482  0.537340  0.446343  0.892785  0.516927  0.448051  0.434680  0.775723  0.524760  0.336185  0.465589  0.500951  0.729368  0.506674  0.456675  0.729842  0.454021  0.372204  0.540352  0.961354  0.521519  0.515540  0.579730  0.831201  0.642542  0.783657  0.460060  0.603351  0.511974  0.447980  0.462563  0.481621 
2  0.492771  0.486905 0.0  0.585704  0.402057  0.492054  0.548144  0.332615  0.394988  0.552238  0.891689  0.409664  0.456206  0.418613  0.666679  0.473322  0.379336  0.328344  0.598836  0.656392  0.590303  0.387059  0.454778  0.330505  0.801647  0.290974  0.342882  0.303033  0.857917  0.602329  0.447888  0.425798  0.909260  0.519893  0.273294  0.442733  0.529896  0.543858  0.588238  0.299257  0.395322  0.678693  0.338952  0.457971  0.350773  0.489370  0.398562  0.316410  0.538914  0.423782  0.735034  0.540667  0.603786  0.397614  0.584118  0.472137  0.427637  0.416097  0.506221  0.555309  0.439417  0.340964  0.381010  0.359589  0.253505  0.346575  0.334735  0.339903  0.527801  0.644911  0.363951  0.498148  0.434624  0.493399  0.440695  0.424574  0.526576  0.671974  0.365292  0.366489  0.397229  0.260877  0.456392  0.516679  0.645954  0.268769  0.373934  0.767268  0.437582  0.330136  0.322343  0.290118  0.447487  0.418733  0.324307  0.277014  0.457782  0.520918  0.363414  0.316045  0.524288  0.798311  0.879205  0.577419  0.308700  0.195137  0.451865  0.894948  0.582361  0.539877  0.374449  0.491892  0.383179  0.359505  0.430300  0.711934  0.343550  0.718521  0.284235  0.341829  0.324482  0.608482  0.820603  0.249846  0.326620  0.471966  0.424129  0.498852  0.440367  0.547707  0.352540  0.504010  0.354760  0.607167  0.318774  0.430785  0.368382  0.381282  0.550228  0.352782  0.265275  0.556672  0.375955  0.337116  0.525594  0.460150  0.481663  0.456497  0.432417  0.644466  0.793549  0.375054  0.292490  0.302429  0.746105  0.372203  0.421664  0.294170  0.471506  0.488204  0.395721  0.403192  0.333664  0.523594  0.387197  0.493612  0.469885  0.380134  0.754270  0.574301  0.302532  0.457759  0.708988  0.356335  0.342693  0.338405  0.340087  0.783689  0.343923  0.437582  0.547146  0.386554  0.373377  0.431445  0.755057  0.379435  0.330938  0.600524  0.788432  0.450617  0.908166  0.416839  0.498081  0.352814  0.432531  0.510511  0.375431 
3  0.322000  0.631259  0.585704 0.0  0.227814  0.416510  0.314472  0.446408  0.513260  0.468910  0.864469  0.533677  0.635731  0.598079  0.672501  0.508344  0.406800  0.674459  0.362111  0.622892  0.587633  0.446655  0.469776  0.539281  0.819559  0.590822  0.648651  0.518700  0.803226  0.519176  0.553782  0.618116  0.831443  0.504565  0.440298  0.493362  0.544081  0.570104  0.658903  0.590460  0.603012  0.622683  0.568400  0.551747  0.505794  0.369100  0.592582  0.462086  0.350295  0.518896  0.602327  0.350613  0.723702  0.465638  0.308552  0.453396  0.504813  0.541385  0.548930  0.519846  0.480964  0.538461  0.467812  0.595340  0.541648  0.472801  0.576338  0.474493  0.518546  0.529953  0.465082  0.489936  0.516752  0.545156  0.575623  0.547938  0.573616  0.493234  0.616324  0.523245  0.538539  0.497315  0.555038  0.466430  0.480582  0.601340  0.477743  0.748817  0.566231  0.517378  0.522564  0.638261  0.542305  0.508634  0.556616  0.598235  0.219075  0.538249  0.422701  0.561226  0.551471  0.800562  0.824382  0.557728  0.574816  0.643573  0.578867  0.789750  0.587249  0.568475  0.506242  0.540294  0.620038  0.547689  0.542229  0.883627  0.553556  0.906081  0.544448  0.506272  0.558447  0.442200  0.691327  0.439959  0.658543  0.592039  0.545471  0.499927  0.653687  0.569535  0.544364  0.554552  0.515553  0.651294  0.508316  0.546511  0.513628  0.516303  0.373315  0.493734  0.461341  0.620366  0.503529  0.493520  0.488465  0.524256  0.443666  0.479409  0.594935  0.731717  0.882218  0.489084  0.503827  0.480448  0.747645  0.488298  0.493846  0.563874  0.499500  0.517244  0.621714  0.453550  0.487652  0.623124  0.470306  0.564948  0.560029  0.455774  0.860788  0.642480  0.546425  0.486781  0.826929  0.523656  0.527651  0.502415  0.605022  0.705379  0.450534  0.626206  0.677061  0.514539  0.473085  0.495117  0.837894  0.426293  0.514312  0.617872  0.747380  0.531516  0.776656  0.517424  0.471545  0.451544  0.575275  0.549295  0.517819 
4  0.351931  0.422661  0.402057  0.227814 0.0  0.340744  0.298124  0.473934  0.598552  0.572960  0.898447  0.536735  0.580365  0.645879  0.671226  0.579866  0.520486  0.576182  0.346632  0.603858  0.589777  0.592568  0.560777  0.584200  0.898012  0.483041  0.471119  0.589416  0.751581  0.566481  0.561873  0.528820  0.844821  0.545861  0.308765  0.570980  0.596737  0.565004  0.754023  0.611089  0.633644  0.577561  0.494083  0.550147  0.514954  0.261053  0.359802  0.499172  0.502352  0.536266  0.647352  0.366479  0.703123  0.546346  0.340538  0.478232  0.733809  0.534862  0.484052  0.417715  0.588401  0.557265  0.475533  0.514264  0.593024  0.543183  0.557137  0.598556  0.523386  0.587058  0.514289  0.452862  0.451387  0.539036  0.525870  0.480752  0.669315  0.474871  0.495336  0.623373  0.506003  0.513928  0.480011  0.504458  0.433245  0.558843  0.522655  0.722396  0.456313  0.521026  0.523459  0.583447  0.527500  0.475784  0.395546  0.525516  0.350068  0.623943  0.615797  0.565961  0.577708  0.785480  0.857463  0.496443  0.552689  0.505861  0.530954  0.845127  0.583356  0.494126  0.585524  0.455704  0.577334  0.570410  0.499596  0.947840  0.547240  0.838428  0.571660  0.592457  0.516636  0.632616  0.787272  0.553596  0.546717  0.627306  0.511069  0.465099  0.636784  0.530013  0.561225  0.580638  0.487133  0.615421  0.634749  0.429893  0.448648  0.580457  0.344226  0.590252  0.578767  0.648434  0.475622  0.502142  0.572436  0.587654  0.491295  0.590748  0.528114  0.746202  0.855129  0.420947  0.533815  0.505011  0.794067  0.501097  0.551183  0.447968  0.601601  0.506510  0.474380  0.655943  0.581920  0.607326  0.522823  0.474775  0.510022  0.516708  0.904514  0.516196  0.618254  0.503718  0.794473  0.635789  0.524078  0.519255  0.527154  0.737343  0.502726  0.448167  0.622882  0.541254  0.587870  0.568128  0.810044  0.622730  0.450866  0.651624  0.844258  0.555143  0.759405  0.543300  0.643385  0.509151  0.601146  0.468428  0.562900 
5  0.382515  0.418285  0.492054  0.416510  0.340744 0.0  0.417308  0.468108  0.483235  0.437690  0.842761  0.439883  0.533453  0.572930  0.582416  0.448314  0.469284  0.566779  0.395848  0.638133  0.418956  0.608190  0.479278  0.600704  0.728669  0.560700  0.416966  0.525386  0.827915  0.512423  0.441530  0.588652  0.885433  0.537952  0.429873  0.597035  0.527948  0.533651  0.648042  0.619315  0.515377  0.389917  0.488971  0.447263  0.641441  0.360164  0.555073  0.537759  0.410920  0.523206  0.601211  0.413366  0.642970  0.503046  0.265240  0.485132  0.535143  0.511264  0.562732  0.343069  0.590808  0.487964  0.603803  0.552841  0.557113  0.469639  0.457394  0.539301  0.455781  0.577160  0.483439  0.532753  0.433701  0.510781  0.498094  0.526504  0.562016  0.464623  0.486960  0.498502  0.513487  0.569697  0.558661  0.415680  0.463719  0.513059  0.510687  0.640370  0.495996  0.467542  0.531502  0.522845  0.437338  0.428467  0.425295  0.529986  0.389583  0.574099  0.514858  0.391515  0.532414  0.769612  0.890802  0.603858  0.504240  0.644106  0.613912  0.773722  0.446958  0.495074  0.474733  0.425420  0.466087  0.498420  0.526272  0.896580  0.464858  0.754708  0.431387  0.527387  0.617925  0.516606  0.808227  0.520619  0.425977  0.485511  0.592600  0.511435  0.465474  0.480054  0.568167  0.481284  0.541955  0.517131  0.541882  0.510843  0.549479  0.516160  0.388448  0.408515  0.458077  0.623820  0.444021  0.422186  0.424007  0.382762  0.464285  0.525626  0.423126  0.743575  0.876451  0.430581  0.456707  0.523664  0.638563  0.371612  0.439357  0.628781  0.572831  0.511726  0.597488  0.496710  0.542881  0.495232  0.517523  0.432216  0.454591  0.485613  0.897603  0.559303  0.514851  0.457210  0.782659  0.409376  0.543806  0.429271  0.456726  0.756166  0.454525  0.450581  0.648593  0.621730  0.505490  0.425298  0.810176  0.463414  0.466169  0.579802  0.792937  0.537427  0.757754  0.516506  0.533835  0.496572  0.443803  0.384832  0.492010 
6  0.306827  0.540027  0.548144  0.314472  0.298124  0.417308 0.0  0.600834  0.552001  0.501992  0.862646  0.472017  0.435332  0.558327  0.550758  0.499201  0.540080  0.617190  0.309975  0.581009  0.486038  0.496154  0.527153  0.532813  0.780802  0.515167  0.562671  0.659096  0.908987  0.583495  0.528876  0.566297  0.808521  0.452171  0.346962  0.539417  0.573216  0.490729  0.554854  0.549021  0.576484  0.479390  0.561111  0.533717  0.467088  0.301129  0.531336  0.640073  0.344743  0.474301  0.738528  0.393438  0.677029  0.585675  0.498788  0.568949  0.491145  0.531005  0.599105  0.462482  0.528150  0.507894  0.478889  0.553632  0.587301  0.478889  0.574379  0.553283  0.503823  0.716482  0.535039  0.559213  0.494884  0.420561  0.539246  0.534766  0.539276  0.686770  0.574899  0.545870  0.578074  0.547606  0.471068  0.546060  0.419871  0.598262  0.592078  0.763517  0.543712  0.562258  0.598457  0.549186  0.561378  0.558879  0.614810  0.537342  0.306371  0.576602  0.570613  0.516427  0.518842  0.782336  0.884356  0.533410  0.538576  0.415668  0.530226  0.801001  0.532706  0.490899  0.544293  0.496598  0.470457  0.519767  0.572407  0.866874  0.524133  0.873457  0.453815  0.579791  0.541302  0.577764  0.762232  0.569345  0.553528  0.552399  0.508285  0.543991  0.478445  0.532381  0.536116  0.440894  0.467397  0.548728  0.509866  0.469794  0.483037  0.667204  0.319710  0.635060  0.496287  0.662454  0.447780  0.544976  0.562327  0.523370  0.513427  0.479227  0.510718  0.825834  0.894202  0.511883  0.502355  0.524166  0.747443  0.544725  0.583058  0.583944  0.433620  0.603804  0.521913  0.556094  0.517540  0.505316  0.514506  0.525991  0.490490  0.455113  0.816533  0.475406  0.586600  0.577370  0.894817  0.491300  0.484540  0.468673  0.523606  0.754206  0.565964  0.538184  0.730233  0.524511  0.559147  0.550790  0.782899  0.483371  0.559245  0.613800  0.798370  0.509683  0.799068  0.502519  0.530158  0.494615  0.571523  0.524889  0.563151 
7  0.419103  0.594871  0.332615  0.446408  0.473934  0.468108  0.600834 0.0  0.342407  0.560455  0.864235  0.351954  0.321671  0.392148  0.681656  0.374287  0.481331  0.291800  0.514077  0.640828  0.580641  0.457917  0.264416  0.327783  0.850655  0.375339  0.392515  0.410473  0.810835  0.601629  0.291087  0.413580  0.829133  0.553481  0.446849  0.429596  0.556777  0.599473  0.689176  0.374400  0.289206  0.700580  0.332329  0.404025  0.379652  0.461575  0.401264  0.299273  0.434275  0.390029  0.641555  0.533287  0.654059  0.439620  0.460982  0.622808  0.521199  0.486512  0.535711  0.619361  0.593310  0.248979  0.331545  0.363326  0.401268  0.403207  0.292849  0.420062  0.437522  0.642416  0.228011  0.342918  0.336742  0.468732  0.432213  0.342040  0.598026  0.532559  0.370410  0.413900  0.352694  0.355755  0.503396  0.478274  0.607739  0.335486  0.364392  0.749840  0.390466  0.432037  0.308610  0.349847  0.381524  0.323044  0.327402  0.429832  0.506132  0.483134  0.318048  0.337155  0.661695  0.804084  0.831284  0.481284  0.484490  0.355589  0.622403  0.776699  0.559988  0.484976  0.301515  0.419018  0.333109  0.402148  0.335428  0.759946  0.317961  0.892885  0.291749  0.355598  0.390227  0.568346  0.822062  0.439321  0.383199  0.532580  0.396783  0.432333  0.386089  0.515538  0.378486  0.548591  0.396084  0.547199  0.255002  0.548206  0.380005  0.398297  0.490095  0.380588  0.441124  0.641454  0.359096  0.374355  0.362061  0.486801  0.382418  0.547629  0.393125  0.715438  0.764061  0.346421  0.305544  0.422416  0.752644  0.356715  0.340271  0.550627  0.367592  0.431546  0.309214  0.373548  0.395787  0.384981  0.366320  0.363022  0.457992  0.483114  0.869417  0.555127  0.306147  0.453757  0.756805  0.418732  0.430114  0.423394  0.330206  0.680800  0.278550  0.394575  0.635361  0.311795  0.455136  0.499912  0.907095  0.361021  0.369949  0.738366  0.815175  0.493956  0.922401  0.316801  0.513806  0.368822  0.317911  0.515694  0.378296 
8  0.509043  0.464353  0.394988  0.513260  0.598552  0.483235  0.552001  0.342407 0.0  0.608586  0.808263  0.343788  0.405623  0.341119  0.656866  0.310056  0.403918  0.404902  0.537569  0.621818  0.647220  0.538520  0.423050  0.375708  0.795679  0.386483  0.392520  0.419040  0.777919  0.580568  0.312191  0.335854  0.797100  0.490357  0.361371  0.422634  0.554875  0.523694  0.720879  0.310375  0.346856  0.552047  0.354911  0.257173  0.413473  0.495113  0.374721  0.369450  0.440120  0.449981  0.656696  0.512904  0.643827  0.463328  0.482093  0.609476  0.601739  0.525603  0.558637  0.546336  0.492881  0.319002  0.340422  0.305087  0.465217  0.420481  0.346835  0.501224  0.538408  0.613314  0.503033  0.419754  0.441357  0.463157  0.483742  0.360355  0.492334  0.594553  0.374229  0.479939  0.467472  0.352188  0.392346  0.445201  0.610472  0.401902  0.377807  0.792741  0.339606  0.288287  0.404697  0.342087  0.388324  0.336506  0.450279  0.338964  0.534518  0.587708  0.345980  0.341033  0.489083  0.873453  0.835266  0.566002  0.385202  0.339267  0.506625  0.798138  0.561673  0.628875  0.433751  0.478641  0.294963  0.337090  0.415383  0.897515  0.370438  0.868103  0.274507  0.283728  0.387027  0.553417  0.760243  0.367726  0.260686  0.528332  0.489007  0.625632  0.463666  0.475775  0.462857  0.615677  0.233371  0.524600  0.330426  0.593705  0.406309  0.409757  0.579369  0.384118  0.330874  0.498643  0.418268  0.347753  0.434534  0.486752  0.434897  0.457474  0.461002  0.764275  0.845139  0.421977  0.346868  0.365579  0.652764  0.320579  0.326090  0.433983  0.349022  0.416365  0.352127  0.326979  0.358643  0.355806  0.449691  0.455009  0.480166  0.394296  0.736797  0.593358  0.378438  0.492257  0.844452  0.382684  0.382880  0.354066  0.301130  0.770567  0.321520  0.394652  0.702131  0.243240  0.364479  0.528380  0.782768  0.396507  0.383299  0.688198  0.845637  0.534742  0.802988  0.332652  0.522479  0.290533  0.385720  0.529659  0.341325 
9  0.450422  0.455222  0.552238  0.468910  0.572960  0.437690  0.501992  0.560455  0.608586 0.0  0.767389  0.631950  0.446948  0.553425  0.604336  0.659878  0.458577  0.564743  0.624829  0.521821  0.332644  0.570202  0.620149  0.554860  0.847243  0.496877  0.560369  0.533856  0.819887  0.425177  0.622084  0.575828  0.882420  0.432566  0.388816  0.513887  0.416294  0.401544  0.662571  0.574471  0.593382  0.390080  0.566886  0.558885  0.486100  0.520474  0.495831  0.476189  0.522224  0.566754  0.515490  0.484464  0.617801  0.518051  0.532735  0.343786  0.345336  0.623997  0.509249  0.449898  0.573395  0.605884  0.598029  0.582306  0.543339  0.521834  0.634961  0.581407  0.410539  0.658183  0.484883  0.549105  0.350590  0.556231  0.524136  0.447072  0.514825  0.518025  0.576539  0.570359  0.526307  0.521674  0.478937  0.484580  0.476186  0.445856  0.569767  0.715343  0.576998  0.597427  0.514685  0.539922  0.606055  0.568819  0.647521  0.506202  0.505302  0.424183  0.548593  0.534217  0.267699  0.855661  0.807742  0.281060  0.514107  0.603072  0.395972  0.857575  0.450842  0.343779  0.547392  0.404360  0.556394  0.507362  0.587158  0.802016  0.573064  0.822487  0.610717  0.419423  0.544787  0.395472  0.770991  0.549143  0.675078  0.351481  0.479534  0.313282  0.570004  0.443127  0.583126  0.291246  0.517365  0.646264  0.543022  0.432791  0.503140  0.588884  0.612097  0.542200  0.603642  0.660695  0.475120  0.610184  0.467297  0.297101  0.523122  0.479367  0.634694  0.766700  0.844677  0.517076  0.577959  0.600341  0.700027  0.652711  0.522261  0.707433  0.555390  0.659373  0.447590  0.586829  0.646471  0.533506  0.509530  0.604291  0.392057  0.519886  0.828385  0.468013  0.523328  0.429647  0.792839  0.396187  0.578497  0.507091  0.587471  0.710811  0.528868  0.567964  0.657141  0.515610  0.459229  0.366617  0.807028  0.450612  0.567003  0.550755  0.870945  0.445342  0.852649  0.648614  0.480854  0.531579  0.527359  0.362563  0.556849 
10  0.760806  0.856767  0.891689  0.864469  0.898447  0.842761  0.862646  0.864235  0.808263  0.767389 0.0  0.804015  0.799345  0.860102  0.903223  0.917590  0.782625  0.784556  0.800435  0.806247  0.848680  0.904269  0.774277  0.914026  0.649953  0.923846  0.810610  0.881526  0.647182  0.948496  0.769267  0.910807  0.779489  0.834923  0.747697  0.820936  0.885907  0.982327  0.810585  0.867146  0.769001  0.793917  0.714231  0.801987  0.878897  0.873990  0.862410  0.835328  0.720781  0.896803  0.822820  0.772827  0.795134  0.872356  0.818560  0.798196  0.760748  0.806677  0.803007  0.913786  0.794805  0.818867  0.808782  0.832104  0.834737  0.842171  0.790468  0.710000  0.772522  0.807236  0.861491  0.834295  0.775045  0.790509  0.808864  0.776828  0.836907  0.825670  0.882521  0.888971  0.863363  0.871539  0.758872  0.847893  0.771935  0.754425  0.880069  0.754266  0.829141  0.873069  0.846347  0.854135  0.799242  0.737551  0.791397  0.784184  0.830582  0.776501  0.912468  0.830974  0.884412  0.620290  0.304974  0.829173  0.837581  0.809535  0.774691  0.335517  0.887492  0.846394  0.760212  0.787701  0.731399  0.916454  0.808813  0.315107  0.879468  0.414101  0.877550  0.882271  0.798854  0.853014  0.684655  0.756320  0.786324  0.760098  0.925875  0.786675  0.854897  0.788343  0.832930  0.762870  0.815954  0.638316  0.732714  0.799930  0.760196  0.900903  0.821928  0.884892  0.848539  0.831268  0.785538  0.880624  0.897038  0.867555  0.942301  0.830125  0.831086  0.693887  0.797307  0.801083  0.887390  0.857062  0.799937  0.812692  0.812149  0.927766  0.825812  0.829164  0.782477  0.779870  0.869298  0.806088  0.745990  0.712024  0.777713  0.767056  0.477312  0.826295  0.868913  0.934786  0.389575  0.729127  0.756981  0.768282  0.870957  0.692681  0.824519  0.887290  0.783830  0.857688  0.831793  0.754714  0.359512  0.975180  0.861174  0.891408  0.649624  0.862110  0.296224  0.809836  0.786012  0.717963  0.886896  0.818692  0.949954 
11  0.507806  0.505198  0.409664  0.533677  0.536735  0.439883  0.472017  0.351954  0.343788  0.631950  0.804015 0.0  0.275442  0.386299  0.682180  0.298373  0.389794  0.266867  0.530387  0.572852  0.546752  0.327441  0.308093  0.286847  0.751715  0.353457  0.222113  0.373511  0.788495  0.556452  0.411861  0.358119  0.851467  0.569889  0.404316  0.355714  0.537653  0.553884  0.638463  0.287318  0.338884  0.556051  0.413003  0.341082  0.516011  0.587996  0.423754  0.274726  0.571544  0.285813  0.646416  0.569208  0.644884  0.463719  0.509734  0.541367  0.591778  0.441609  0.492348  0.457917  0.509187  0.355326  0.424939  0.425819  0.385659  0.477573  0.419581  0.476326  0.428820  0.526248  0.330582  0.431910  0.401964  0.462794  0.361308  0.393484  0.479190  0.615265  0.255973  0.421698  0.393862  0.267668  0.578414  0.533965  0.503938  0.285821  0.368953  0.713141  0.380546  0.303253  0.303832  0.222401  0.364907  0.414224  0.440535  0.278487  0.590855  0.601691  0.350311  0.376475  0.534589  0.810427  0.865708  0.622940  0.293718  0.337049  0.505988  0.871640  0.599956  0.496166  0.350728  0.539417  0.395516  0.284280  0.411778  0.865152  0.405180  0.872908  0.373501  0.246313  0.369668  0.531437  0.885695  0.373893  0.313268  0.575574  0.312984  0.605264  0.370996  0.666418  0.164899  0.517010  0.396100  0.571213  0.327146  0.398588  0.243733  0.315176  0.526995  0.350687  0.283674  0.574494  0.308560  0.315278  0.364318  0.570218  0.427272  0.465494  0.431676  0.664502  0.847193  0.300453  0.266703  0.443729  0.624590  0.319842  0.288651  0.454400  0.325672  0.345047  0.277898  0.278780  0.387724  0.359245  0.333550  0.321808  0.499982  0.428724  0.728590  0.471646  0.325662  0.480021  0.804307  0.315694  0.373736  0.351488  0.198161  0.767642  0.415959  0.503790  0.758477  0.314112  0.432173  0.513813  0.762248  0.283432  0.342418  0.486118  0.828045  0.569018  0.857820  0.212166  0.521168  0.370621  0.393045  0.542751  0.262033 
12  0.649607  0.450035  0.456206  0.635731  0.580365  0.533453  0.435332  0.321671  0.405623  0.446948  0.799345  0.275442 0.0  0.411760  0.695973  0.351155  0.448398  0.368546  0.643780  0.614631  0.530871  0.353922  0.275920  0.303263  0.821215  0.225491  0.338079  0.415032  0.876185  0.587376  0.318818  0.303026  0.778385  0.643254  0.456954  0.480029  0.470326  0.589166  0.644037  0.323208  0.343429  0.552089  0.276658  0.431387  0.409638  0.466405  0.488355  0.384698  0.517932  0.398228  0.585900  0.524546  0.681441  0.507780  0.461571  0.587674  0.543712  0.396109  0.520226  0.531260  0.389351  0.342092  0.386073  0.353302  0.331537  0.335864  0.316991  0.421952  0.346739  0.614839  0.277533  0.373656  0.317494  0.504798  0.438289  0.382593  0.545767  0.645934  0.417175  0.433610  0.362221  0.390511  0.464368  0.495168  0.521330  0.271254  0.282198  0.620985  0.430062  0.289108  0.291251  0.446705  0.222593  0.323775  0.324254  0.275014  0.576774  0.690122  0.320681  0.415599  0.596062  0.879503  0.837574  0.445585  0.308128  0.263289  0.402735  0.917304  0.517781  0.548710  0.310590  0.533297  0.390467  0.379375  0.349199  0.850524  0.307586  0.843613  0.360673  0.373161  0.399734  0.543236  0.814706  0.244174  0.453326  0.547436  0.322943  0.612409  0.307915  0.492794  0.407263  0.456836  0.409742  0.647419  0.295188  0.351919  0.351146  0.353154  0.499509  0.330632  0.324906  0.624009  0.408961  0.383952  0.454190  0.546457  0.469781  0.561916  0.519832  0.719073  0.809276  0.326440  0.379284  0.350539  0.654555  0.334919  0.315598  0.416591  0.320625  0.348471  0.317600  0.296328  0.297476  0.400148  0.371926  0.376464  0.483100  0.539027  0.813925  0.579069  0.388427  0.443269  0.773386  0.377826  0.267212  0.376439  0.310745  0.747868  0.374267  0.297946  0.697897  0.279408  0.411366  0.577431  0.855717  0.365094  0.281469  0.631635  0.990558  0.461463  0.822026  0.320951  0.512890  0.313910  0.408457  0.593764  0.319191 
13  0.541266  0.325499  0.418613  0.598079  0.645879  0.572930  0.558327  0.392148  0.341119  0.553425  0.860102  0.386299  0.411760 0.0  0.643663  0.479794  0.563647  0.353877  0.491011  0.573754  0.544487  0.533355  0.276035  0.362789  0.798481  0.397512  0.409657  0.468454  0.705632  0.565600  0.276729  0.320326  0.846130  0.532010  0.396023  0.368195  0.534542  0.657040  0.669525  0.419729  0.279543  0.570450  0.396789  0.419728  0.396200  0.448400  0.432233  0.268680  0.546054  0.201921  0.724576  0.448804  0.591392  0.441880  0.439245  0.488212  0.500874  0.435752  0.541345  0.552667  0.384781  0.247841  0.325527  0.336466  0.288352  0.365447  0.308423  0.535576  0.495158  0.591227  0.396890  0.405679  0.483740  0.453320  0.424109  0.401627  0.532025  0.586964  0.325970  0.289534  0.279560  0.286318  0.631752  0.442936  0.523676  0.370909  0.331187  0.685474  0.340959  0.357437  0.259921  0.338003  0.319839  0.319902  0.253768  0.299144  0.489764  0.492822  0.398546  0.248667  0.505219  0.829283  0.775432  0.596391  0.376959  0.391767  0.582787  0.852719  0.503174  0.498816  0.407599  0.611651  0.399976  0.343644  0.297772  0.801329  0.391155  0.847374  0.364648  0.394050  0.375907  0.504834  0.868451  0.260648  0.240077  0.565295  0.373999  0.375838  0.340468  0.436241  0.331490  0.539295  0.374506  0.602287  0.312625  0.547228  0.330140  0.502833  0.481060  0.276772  0.321103  0.525346  0.307373  0.369388  0.387418  0.515755  0.392601  0.462608  0.359710  0.673870  0.811486  0.328891  0.346579  0.333140  0.681916  0.430721  0.355341  0.267154  0.329553  0.335723  0.322014  0.293946  0.394468  0.403869  0.341709  0.471844  0.495671  0.394599  0.894170  0.533397  0.359066  0.438573  0.756189  0.298242  0.286117  0.295970  0.401612  0.697339  0.313825  0.475600  0.547513  0.313709  0.350011  0.529701  0.956106  0.310456  0.344428  0.680801  0.854495  0.483998  0.927684  0.337692  0.638014  0.340371  0.449129  0.531667  0.354058 
14  0.578541  0.670930  0.666679  0.672501  0.671226  0.582416  0.550758  0.681656  0.656866  0.604336  0.903223  0.682180  0.695973  0.643663 0.0  0.676454  0.677165  0.820428  0.621541  0.495875  0.642470  0.611008  0.577141  0.621253  0.913631  0.641894  0.663633  0.594253  0.731689  0.677550  0.588172  0.651322  0.837437  0.645434  0.508811  0.526967  0.694902  0.627627  0.481516  0.642384  0.670988  0.608901  0.656884  0.719310  0.662863  0.644866  0.568438  0.613268  0.588950  0.641772  0.606811  0.688617  0.421599  0.662713  0.621072  0.634049  0.546886  0.750023  0.637123  0.642677  0.634648  0.700723  0.748437  0.618129  0.592497  0.655686  0.696095  0.608142  0.623963  0.599242  0.643898  0.642542  0.523176  0.666153  0.614242  0.705866  0.644529  0.710769  0.591645  0.569161  0.581415  0.704831  0.658478  0.626552  0.748639  0.651677  0.661838  0.707256  0.605837  0.651491  0.649657  0.631054  0.658915  0.620544  0.573443  0.636230  0.713678  0.657952  0.641011  0.739999  0.603923  0.915428  0.879646  0.677048  0.646015  0.689566  0.530876  0.752956  0.690258  0.611235  0.677744  0.636375  0.661287  0.650894  0.664068  0.830572  0.697141  0.808759  0.737799  0.592216  0.629305  0.630855  0.788106  0.655866  0.661562  0.760392  0.599918  0.601878  0.638129  0.631307  0.647849  0.628120  0.560386  0.496746  0.629217  0.720065  0.642438  0.580078  0.621074  0.637420  0.623120  0.473996  0.649098  0.727983  0.671610  0.683402  0.668100  0.633459  0.612604  0.656574  0.739069  0.725350  0.611970  0.629936  0.753342  0.698031  0.561338  0.578924  0.642668  0.610668  0.546534  0.693398  0.679476  0.694681  0.704869  0.544322  0.654056  0.744627  0.859267  0.684642  0.657906  0.675389  0.831683  0.645515  0.592266  0.553238  0.666843  0.753890  0.797528  0.678645  0.311073  0.641129  0.691999  0.644899  0.849396  0.691433  0.726754  0.469540  0.811439  0.698235  0.741219  0.618859  0.615671  0.746013  0.656339  0.678614  0.625477 
15  0.496487  0.407563  0.473322  0.508344  0.579866  0.448314  0.499201  0.374287  0.310056  0.659878  0.917590  0.298373  0.351155  0.479794  0.676454 0.0  0.475469  0.296081  0.477494  0.598206  0.380071  0.500015  0.313375  0.359817  0.769907  0.244094  0.382826  0.319099  0.862725  0.520569  0.289801  0.363626  0.860700  0.508871  0.492319  0.529981  0.622704  0.598812  0.636630  0.386103  0.458771  0.604039  0.304008  0.439939  0.427169  0.471488  0.404556  0.406514  0.536538  0.411181  0.643617  0.543225  0.679016  0.312114  0.358048  0.435160  0.501909  0.506524  0.492368  0.547245  0.394089  0.360544  0.375688  0.400955  0.326901  0.385728  0.241058  0.416246  0.412968  0.656459  0.249368  0.478501  0.393998  0.388673  0.311403  0.359828  0.540228  0.439001  0.329999  0.343075  0.295053  0.407168  0.522086  0.443162  0.578868  0.273926  0.369011  0.690541  0.316844  0.434754  0.264621  0.365529  0.299762  0.348057  0.403468  0.407680  0.560347  0.567256  0.225449  0.312203  0.597164  0.764514  0.733170  0.576017  0.348199  0.367064  0.620684  0.859755  0.577050  0.617265  0.233141  0.474772  0.432349  0.431148  0.278288  0.874405  0.297355  0.729291  0.364041  0.321785  0.423691  0.484266  0.813592  0.318456  0.270422  0.502659  0.373424  0.550616  0.360559  0.508361  0.290715  0.513349  0.366707  0.664770  0.305303  0.554051  0.436180  0.442154  0.559159  0.312217  0.425275  0.660592  0.449060  0.311337  0.357427  0.515245  0.400105  0.553665  0.492806  0.824333  0.787179  0.368941  0.307787  0.281990  0.640056  0.313400  0.300367  0.398321  0.339929  0.249716  0.461336  0.169013  0.347535  0.310009  0.322474  0.292248  0.601378  0.448374  0.792903  0.507829  0.261908  0.538556  0.858797  0.345524  0.285783  0.315200  0.400230  0.706424  0.347663  0.312182  0.694605  0.376954  0.292684  0.583842  0.783196  0.371584  0.263579  0.595827  0.796656  0.556780  0.807200  0.370643  0.470376  0.296005  0.300463  0.470228  0.319909 
16  0.522340  0.488796  0.379336  0.406800  0.520486  0.469284  0.540080  0.481331  0.403918  0.458577  0.782625  0.389794  0.448398  0.563647  0.677165  0.475469 0.0  0.370008  0.490255  0.711885  0.521717  0.435247  0.444246  0.405253  0.796821  0.418898  0.444020  0.475408  0.836879  0.548674  0.387403  0.463802  0.766673  0.472057  0.326926  0.448480  0.470462  0.587700  0.663093  0.418306  0.316214  0.457731  0.345920  0.383061  0.407950  0.605927  0.364819  0.367341  0.516115  0.525846  0.644951  0.412204  0.615928  0.363452  0.507486  0.564044  0.519701  0.433145  0.511942  0.470947  0.328131  0.316714  0.480014  0.336101  0.453533  0.321740  0.401974  0.325492  0.469404  0.668276  0.436810  0.476154  0.380375  0.375662  0.413471  0.419488  0.512414  0.435523  0.318283  0.363247  0.521282  0.384089  0.607858  0.374505  0.514215  0.340189  0.378115  0.784382  0.419638  0.438235  0.348364  0.406297  0.333306  0.415060  0.363404  0.483564  0.556690  0.443451  0.453466  0.313817  0.427392  0.789154  0.859541  0.562869  0.448434  0.423127  0.499591  0.839531  0.376660  0.441070  0.414809  0.355979  0.356835  0.374971  0.422773  0.719966  0.434177  0.845765  0.502979  0.538257  0.430054  0.529614  0.795287  0.380764  0.452348  0.493931  0.412506  0.499794  0.447527  0.545713  0.356762  0.397885  0.450642  0.577136  0.414804  0.442203  0.438291  0.448822  0.544169  0.432735  0.417166  0.571954  0.390652  0.478744  0.288197  0.508123  0.314708  0.455706  0.450975  0.712287  0.815799  0.423366  0.395744  0.413723  0.771730  0.544828  0.265008  0.370549  0.457123  0.349852  0.418179  0.515504  0.433886  0.290773  0.473428  0.369932  0.584955  0.370662  0.880208  0.536896  0.400903  0.565417  0.773990  0.428683  0.420283  0.461167  0.478827  0.709245  0.493529  0.352637  0.649069  0.483147  0.418812  0.552409  0.880792  0.511585  0.400521  0.645861  0.813605  0.561048  0.803657  0.446017  0.499373  0.462780  0.452695  0.440887  0.542559 
17  0.615186  0.400682  0.328344  0.674459  0.576182  0.566779  0.617190  0.291800  0.404902  0.564743  0.784556  0.266867  0.368546  0.353877  0.820428  0.296081  0.370008 0.0  0.500567  0.609187  0.414822  0.529865  0.220884  0.261333  0.783204  0.368472  0.391236  0.283601  0.861113  0.467977  0.356654  0.396338  0.935660  0.435368  0.484903  0.382314  0.531837  0.636474  0.766705  0.301537  0.338437  0.519511  0.402909  0.420191  0.346031  0.583978  0.433740  0.256828  0.505776  0.333472  0.612480  0.502520  0.634583  0.366272  0.443226  0.596308  0.482023  0.483814  0.502710  0.472373  0.470681  0.377590  0.364965  0.352227  0.317938  0.282470  0.337153  0.381252  0.449049  0.477634  0.274643  0.367951  0.435126  0.442439  0.449021  0.452260  0.627567  0.542572  0.288684  0.337077  0.382077  0.381480  0.501718  0.466988  0.503564  0.305275  0.193304  0.755020  0.373636  0.317979  0.255570  0.283192  0.276863  0.464704  0.453037  0.304911  0.413018  0.598819  0.300491  0.404384  0.523881  0.802706  0.859095  0.578825  0.288216  0.361387  0.496031  0.878342  0.537286  0.576525  0.275786  0.461810  0.442031  0.331018  0.395491  0.804499  0.514913  0.805600  0.407903  0.207981  0.371684  0.534376  0.664010  0.442921  0.284800  0.556489  0.243944  0.483509  0.357892  0.503181  0.346236  0.630296  0.369517  0.619203  0.282325  0.595186  0.344058  0.384998  0.510877  0.251172  0.346267  0.646162  0.407488  0.177275  0.489476  0.506223  0.411469  0.485188  0.370462  0.675656  0.805584  0.391361  0.335922  0.320717  0.693485  0.402854  0.321280  0.550332  0.305498  0.354710  0.447740  0.423239  0.383853  0.395749  0.343651  0.262134  0.524034  0.486404  0.787129  0.515988  0.300504  0.630153  0.792358  0.292587  0.409735  0.325694  0.233317  0.778107  0.305922  0.341474  0.672597  0.398483  0.401380  0.526652  0.804793  0.391679  0.420661  0.685708  0.766508  0.532969  0.868554  0.290175  0.552327  0.335028  0.437689  0.501163  0.327170 
18  0.335887  0.574338  0.598836  0.362111  0.346632  0.395848  0.309975  0.514077  0.537569  0.624829  0.800435  0.530387  0.643780  0.491011  0.621541  0.477494  0.490255  0.500567 0.0  0.644773  0.403773  0.467365  0.551433  0.517257  0.790970  0.548415  0.559693  0.447470  0.881190  0.560588  0.468388  0.611615  0.913172  0.366297  0.376833  0.519722  0.616091  0.584560  0.583793  0.612152  0.538698  0.534412  0.583249  0.596453  0.518327  0.270564  0.512588  0.483972  0.392327  0.467589  0.603721  0.410629  0.657333  0.484996  0.305133  0.478580  0.598968  0.625394  0.501087  0.422539  0.515845  0.453535  0.588270  0.603626  0.478540  0.467056  0.483434  0.572124  0.475475  0.653476  0.468273  0.488911  0.483703  0.502253  0.493371  0.583259  0.543796  0.436564  0.505280  0.469311  0.416692  0.596078  0.640645  0.454573  0.511366  0.494969  0.480586  0.656695  0.422300  0.384316  0.518347  0.621405  0.533615  0.565761  0.479092  0.509151  0.341034  0.435453  0.620534  0.535061  0.555488  0.747508  0.845796  0.598731  0.516148  0.565148  0.468215  0.803990  0.611929  0.526671  0.580023  0.571326  0.644847  0.550081  0.464025  0.835312  0.505503  0.841472  0.451993  0.508413  0.651682  0.490482  0.780833  0.661232  0.534055  0.531639  0.578518  0.561184  0.621401  0.598341  0.543043  0.495182  0.583805  0.565784  0.684359  0.542516  0.598419  0.545384  0.345168  0.630423  0.590391  0.565854  0.522002  0.578455  0.549604  0.647384  0.344182  0.498099  0.580664  0.623835  0.789383  0.524580  0.552731  0.522281  0.737569  0.554118  0.504806  0.467042  0.661800  0.494056  0.658640  0.530787  0.481381  0.414845  0.487452  0.411147  0.566980  0.412761  0.832369  0.564831  0.530237  0.548796  0.867047  0.520842  0.490823  0.544391  0.476847  0.775510  0.467153  0.521386  0.695265  0.512622  0.436991  0.552337  0.784681  0.500662  0.373264  0.685241  0.867801  0.477655  0.870454  0.450545  0.488063  0.380088  0.568357  0.526611  0.595477 
19  0.722204  0.747829  0.656392  0.622892  0.603858  0.638133  0.581009  0.640828  0.621818  0.521821  0.806247  0.572852  0.614631  0.573754  0.495875  0.598206  0.711885  0.609187  0.644773 0.0  0.617700  0.622628  0.684508  0.612276  0.799942  0.665433  0.607703  0.744632  0.747352  0.616993  0.690364  0.650518  0.942990  0.671681  0.569304  0.687382  0.638253  0.581091  0.353099  0.691890  0.614314  0.563911  0.619829  0.660184  0.575104  0.560035  0.614852  0.650066  0.548792  0.600090  0.385610  0.631604  0.414968  0.738024  0.628391  0.549517  0.516231  0.621674  0.572653  0.678454  0.658121  0.675397  0.536084  0.576288  0.625662  0.567609  0.532914  0.626438  0.729287  0.583396  0.614414  0.643006  0.528493  0.628576  0.656131  0.663475  0.718880  0.656295  0.676298  0.669183  0.680287  0.627015  0.628868  0.608930  0.561007  0.585511  0.613980  0.654269  0.560621  0.623965  0.612868  0.627654  0.700467  0.645319  0.567872  0.530142  0.655314  0.506772  0.564141  0.596098  0.618455  0.891730  0.739577  0.659752  0.544430  0.615376  0.545271  0.784335  0.563607  0.575396  0.647440  0.655419  0.616517  0.624304  0.735164  0.882354  0.601815  0.763779  0.623162  0.603154  0.608059  0.597835  0.832681  0.671479  0.695141  0.631142  0.608780  0.686836  0.490114  0.657168  0.597116  0.624892  0.657334  0.286806  0.720709  0.661863  0.508065  0.653121  0.592554  0.651438  0.613336  0.457757  0.728888  0.582915  0.568275  0.598294  0.639685  0.642702  0.580105  0.722889  0.753103  0.520159  0.598159  0.605796  0.729964  0.620250  0.591565  0.693980  0.769511  0.776468  0.587028  0.562676  0.555319  0.697352  0.616561  0.620549  0.630348  0.641702  0.820471  0.652079  0.582768  0.562621  0.898496  0.548868  0.586007  0.628045  0.692875  0.737846  0.589197  0.643484  0.474584  0.622192  0.662186  0.732435  0.763842  0.507009  0.651010  0.414530  0.862447  0.601857  0.787824  0.697179  0.601119  0.606576  0.670165  0.707457  0.596248 
