197
0 0.0  0.521202  0.411374  0.310745  0.253109  0.294658  0.297902  0.375618  0.516079  0.441861  0.839248  0.418955  0.481448  0.521730  0.606895  0.456096  0.648230  0.458520  0.354089  0.582910  0.430168  0.471024  0.331692  0.444159  0.755697  0.492840  0.507453  0.457192  0.851421  0.434326  0.489376  0.491959  0.715326  0.401694  0.376754  0.545273  0.466471  0.401179  0.565596  0.427127  0.391927  0.419831  0.595758  0.418569  0.508206  0.259976  0.481865  0.430776  0.348566  0.655309  0.525398  0.382270  0.645151  0.500167  0.300469  0.467363  0.488266  0.409900  0.425246  0.359777  0.473618  0.470188  0.479413  0.412027  0.416353  0.436369  0.539244  0.506104  0.525354  0.579687  0.429977  0.503984  0.416705  0.471716  0.361954  0.481853  0.490688  0.517098  0.536577  0.539018  0.574945  0.475348  0.664633  0.435547  0.471711  0.419447  0.474297  0.792362  0.509512  0.419050  0.471757  0.460917  0.494264  0.454233  0.492525  0.500948  0.241379  0.522167  0.537773  0.510990  0.480978  0.885156  0.817710  0.405339  0.398262  0.515008  0.485342  0.740889  0.385121  0.427372  0.496104  0.412564  0.487012  0.446603  0.535664  0.781525  0.430452  0.657333  0.433459  0.554923  0.426745  0.425267  0.786037  0.408442  0.468805  0.393346  0.523621  0.502980  0.511227  0.532061  0.542924  0.495247  0.455657  0.497083  0.500063  0.475815  0.500316  0.521113  0.344621  0.447075  0.460730  0.497450  0.471768  0.612494  0.518359  0.563223  0.457742  0.507141  0.395072  0.618890  0.895452  0.444657  0.469339  0.498943  0.669748  0.533088  0.540677  0.463031  0.510204  0.515255  0.520698  0.437637  0.482675  0.517621  0.457025  0.460658  0.589843  0.405767  0.709921  0.501754  0.334901  0.399142  0.792620  0.354421  0.483718  0.495019  0.452089  0.669830  0.483222  0.482165  0.532319  0.352941  0.463919  0.508344  0.806166  0.429933  0.368762  0.597354  0.758659  0.488085  0.813375  0.459272  0.441060  0.575052  0.432542  0.410747  0.437358 
1  0.521202 0.0  0.408229  0.519749  0.508796  0.468126  0.516775  0.487359  0.408955  0.544175  0.779434  0.419482  0.487555  0.342991  0.584641  0.548954  0.396173  0.474609  0.620485  0.616565  0.513806  0.410276  0.509745  0.442570  0.759742  0.406653  0.390148  0.517721  0.656747  0.524489  0.363126  0.391806  0.778967  0.477670  0.369321  0.318736  0.544087  0.439868  0.559404  0.484812  0.412926  0.493686  0.463625  0.484106  0.296405  0.527316  0.290291  0.367619  0.460492  0.388993  0.742438  0.563411  0.632565  0.346620  0.460402  0.421142  0.561747  0.296225  0.461004  0.506002  0.470776  0.382257  0.489290  0.455307  0.420171  0.451222  0.380869  0.350685  0.471180  0.558839  0.470585  0.416039  0.353087  0.433285  0.269486  0.455527  0.555300  0.490678  0.512501  0.355457  0.464264  0.448726  0.556563  0.412765  0.455426  0.318629  0.407720  0.670606  0.450114  0.383800  0.461072  0.326749  0.440154  0.383448  0.466610  0.417544  0.636385  0.433618  0.385937  0.378893  0.529984  0.800273  0.915957  0.551875  0.433873  0.506553  0.513889  0.795449  0.508050  0.605690  0.411148  0.515530  0.453000  0.488059  0.457537  0.833237  0.489852  0.729693  0.372652  0.391956  0.513092  0.577531  0.756275  0.545648  0.512455  0.454363  0.497136  0.436486  0.447858  0.502241  0.525625  0.535836  0.498242  0.588168  0.537955  0.545790  0.606989  0.445931  0.585018  0.453897  0.441493  0.618383  0.442588  0.434116  0.313497  0.506378  0.246405  0.312226  0.540502  0.638582  0.847304  0.421019  0.422392  0.489109  0.626917  0.438863  0.522933  0.398724  0.447470  0.407767  0.404946  0.417635  0.432722  0.413436  0.425946  0.474901  0.529544  0.464219  0.747197  0.440891  0.516399  0.446543  0.728752  0.431296  0.407894  0.408115  0.443150  0.769312  0.392408  0.472873  0.584726  0.465062  0.391574  0.566531  0.842147  0.467540  0.348360  0.613675  0.756609  0.492916  0.696117  0.408183  0.494692  0.374426  0.364665  0.557010  0.469214 
2  0.411374  0.408229 0.0  0.453533  0.563551  0.485238  0.465040  0.255770  0.313036  0.530012  0.843579  0.319460  0.456680  0.346726  0.655522  0.331417  0.398917  0.348834  0.611516  0.564935  0.545945  0.496469  0.408717  0.334921  0.869364  0.321913  0.339985  0.379637  0.715430  0.539680  0.326635  0.467786  0.839010  0.530636  0.479396  0.439512  0.566724  0.538654  0.589181  0.372397  0.434228  0.445717  0.326295  0.444847  0.427045  0.521049  0.471631  0.440392  0.464749  0.370458  0.679106  0.490095  0.541211  0.493084  0.500872  0.532281  0.512028  0.366027  0.422572  0.604837  0.455111  0.359265  0.387095  0.423819  0.323420  0.333655  0.331022  0.358629  0.427731  0.601433  0.324231  0.463180  0.414199  0.284717  0.432509  0.332413  0.506176  0.578758  0.276381  0.295012  0.361151  0.382268  0.531065  0.472290  0.560895  0.370559  0.323697  0.745385  0.294606  0.380630  0.419290  0.311479  0.407439  0.383676  0.445133  0.482478  0.437540  0.427245  0.393990  0.285953  0.579378  0.796590  0.711051  0.534449  0.346304  0.247930  0.487091  0.753818  0.551864  0.538122  0.368468  0.588934  0.304606  0.348713  0.362430  0.791649  0.374087  0.752359  0.336008  0.424203  0.348708  0.437588  0.808115  0.406721  0.301938  0.491972  0.165758  0.542252  0.370615  0.476776  0.307664  0.481096  0.342537  0.555606  0.338511  0.485910  0.355812  0.364298  0.500464  0.334461  0.271470  0.568971  0.393380  0.365329  0.506129  0.560541  0.430989  0.506447  0.386970  0.617267  0.917290  0.333308  0.250668  0.285295  0.694523  0.389035  0.288058  0.380996  0.305311  0.291951  0.440960  0.409769  0.346871  0.317069  0.419667  0.253591  0.518442  0.334998  0.874804  0.602614  0.449249  0.449862  0.767002  0.357135  0.390422  0.320932  0.404428  0.679070  0.350936  0.277775  0.537654  0.385675  0.338854  0.560577  0.801789  0.345748  0.317519  0.602060  0.789296  0.515163  0.846336  0.326399  0.467209  0.376541  0.403403  0.470915  0.316139 
3  0.310745  0.519749  0.453533 0.0  0.279758  0.436943  0.304754  0.566374  0.458082  0.444806  0.786396  0.556730  0.541983  0.552190  0.607978  0.572609  0.443667  0.590872  0.275144  0.646542  0.493791  0.463606  0.525208  0.615448  0.767826  0.497465  0.514491  0.485221  0.827605  0.499440  0.490982  0.421914  0.706968  0.607931  0.372057  0.356672  0.500247  0.573365  0.667305  0.476386  0.499003  0.462884  0.580850  0.470070  0.439426  0.386513  0.499937  0.425719  0.492877  0.472605  0.638290  0.411978  0.688938  0.577748  0.401446  0.496972  0.554789  0.517127  0.560404  0.368483  0.492970  0.465428  0.569165  0.582760  0.542945  0.462885  0.403711  0.443700  0.494429  0.685947  0.449506  0.511925  0.428947  0.424775  0.559530  0.475820  0.428791  0.535445  0.498351  0.512619  0.521477  0.438322  0.500406  0.468901  0.521222  0.492321  0.471741  0.648134  0.438558  0.579233  0.517197  0.558474  0.533460  0.439242  0.545571  0.526136  0.291754  0.537397  0.441305  0.376365  0.516519  0.769108  0.853877  0.521662  0.526524  0.565953  0.574915  0.776768  0.496225  0.489343  0.494431  0.588182  0.529697  0.522722  0.439981  0.789017  0.482660  0.758891  0.537568  0.496005  0.572935  0.542186  0.810951  0.549954  0.533191  0.471900  0.501527  0.527155  0.547212  0.519883  0.454204  0.570508  0.523900  0.551337  0.553667  0.564371  0.437525  0.590544  0.358719  0.472709  0.563356  0.591732  0.518346  0.402677  0.395928  0.457287  0.509364  0.542401  0.453039  0.659135  0.770381  0.459408  0.446372  0.532862  0.697793  0.549313  0.510669  0.430970  0.616849  0.542206  0.529255  0.442491  0.469764  0.503068  0.498800  0.461651  0.542826  0.533362  0.738539  0.547696  0.474083  0.500406  0.823613  0.425593  0.485889  0.552289  0.511463  0.677315  0.490823  0.546003  0.610374  0.409189  0.479624  0.479941  0.873277  0.376874  0.470694  0.710532  0.823561  0.533593  0.745912  0.419169  0.501494  0.483070  0.538400  0.484585  0.500237 
4  0.253109  0.508796  0.563551  0.279758 0.0  0.397447  0.262180  0.478430  0.540087  0.480742  0.777858  0.568497  0.500392  0.519005  0.588843  0.489907  0.485836  0.520756  0.273658  0.604659  0.482983  0.519910  0.550885  0.523707  0.695293  0.557430  0.566363  0.611522  0.748574  0.526277  0.503508  0.504755  0.688651  0.599965  0.445224  0.522508  0.502415  0.542969  0.747249  0.482727  0.417222  0.567493  0.601204  0.464883  0.457748  0.307381  0.426495  0.407718  0.416952  0.503713  0.545764  0.404193  0.689691  0.521359  0.263250  0.477213  0.483084  0.503728  0.459635  0.348420  0.559748  0.565762  0.429505  0.604181  0.556643  0.483806  0.568106  0.535876  0.543979  0.596589  0.468909  0.479262  0.446801  0.514099  0.423148  0.587796  0.543734  0.493193  0.556785  0.579347  0.578996  0.484158  0.624857  0.467287  0.551182  0.494719  0.529302  0.642039  0.502988  0.442568  0.541731  0.588169  0.507207  0.573426  0.534272  0.570212  0.410558  0.525617  0.506998  0.486064  0.530899  0.803591  0.799703  0.527754  0.556771  0.465183  0.414377  0.887174  0.416235  0.565794  0.662225  0.474009  0.561396  0.583044  0.521182  0.732280  0.415580  0.817968  0.497729  0.518105  0.571401  0.476859  0.779105  0.548229  0.446512  0.504135  0.470160  0.501091  0.458924  0.550634  0.544049  0.451531  0.411486  0.572146  0.603564  0.509029  0.484871  0.584462  0.302665  0.479853  0.502211  0.530765  0.563188  0.506203  0.546609  0.468306  0.511126  0.465524  0.420591  0.749784  0.782951  0.536043  0.468489  0.529674  0.707055  0.531313  0.623507  0.523307  0.516840  0.517143  0.476728  0.434947  0.451888  0.560220  0.503833  0.554449  0.509109  0.410282  0.817008  0.503041  0.507926  0.599140  0.765642  0.497323  0.447739  0.495233  0.504176  0.673558  0.436444  0.572348  0.598346  0.526332  0.463354  0.459226  0.859064  0.529116  0.601419  0.574533  0.859633  0.509733  0.810327  0.460021  0.545365  0.482559  0.571350  0.553984  0.455095 
5  0.294658  0.468126  0.485238  0.436943  0.397447 0.0  0.260446  0.483587  0.507636  0.496576  0.818513  0.475899  0.469432  0.446155  0.641886  0.602319  0.447662  0.456945  0.355301  0.583040  0.423572  0.497661  0.472337  0.428039  0.770152  0.493845  0.504320  0.521172  0.716775  0.494556  0.363889  0.476521  0.865245  0.469049  0.375259  0.559736  0.495323  0.477663  0.557738  0.463089  0.441050  0.510230  0.513804  0.413113  0.423968  0.341586  0.507740  0.476034  0.392613  0.392625  0.644830  0.388054  0.600687  0.448975  0.274894  0.534990  0.526036  0.486218  0.490753  0.282441  0.459272  0.573950  0.510467  0.475445  0.461650  0.491997  0.496425  0.451429  0.457200  0.534345  0.515625  0.458621  0.393221  0.430631  0.486207  0.533455  0.505255  0.519707  0.462165  0.416094  0.518762  0.477195  0.478750  0.454164  0.409150  0.425431  0.447467  0.755896  0.484803  0.533786  0.439693  0.481436  0.453645  0.442214  0.503725  0.521904  0.279071  0.386174  0.569236  0.450708  0.440659  0.705493  0.828609  0.384115  0.441986  0.530411  0.465138  0.795569  0.485432  0.465296  0.485236  0.488606  0.343439  0.446761  0.611157  0.729521  0.533381  0.775751  0.540046  0.494183  0.518183  0.414177  0.812320  0.399082  0.384375  0.513631  0.482987  0.442956  0.468684  0.570251  0.374328  0.391520  0.506821  0.621773  0.415906  0.527401  0.456082  0.523535  0.307381  0.367588  0.512740  0.557655  0.457835  0.493790  0.557920  0.488049  0.457516  0.516156  0.581493  0.775344  0.830999  0.475276  0.492342  0.477918  0.693461  0.527085  0.454534  0.414217  0.520662  0.524622  0.511095  0.456432  0.502313  0.550148  0.349336  0.518908  0.426930  0.473086  0.765789  0.536547  0.511916  0.512729  0.767460  0.489508  0.392915  0.485702  0.507674  0.672837  0.563867  0.516005  0.556959  0.438649  0.507715  0.394895  0.747126  0.596611  0.432308  0.670178  0.821592  0.456528  0.800902  0.497356  0.456355  0.527041  0.448738  0.520828  0.511066 
6  0.297902  0.516775  0.465040  0.304754  0.262180  0.260446 0.0  0.487297  0.417927  0.464956  0.814415  0.538438  0.387807  0.588976  0.533703  0.510408  0.501334  0.348852  0.277357  0.690541  0.411029  0.472819  0.579305  0.554146  0.767327  0.434752  0.481820  0.534136  0.802005  0.558245  0.509937  0.420581  0.855400  0.470460  0.439714  0.595064  0.499018  0.464993  0.613635  0.548792  0.494896  0.552914  0.523142  0.502929  0.448142  0.275384  0.440761  0.498593  0.393013  0.485659  0.673450  0.400952  0.631087  0.510889  0.357926  0.571518  0.512689  0.492715  0.466816  0.415210  0.591108  0.476340  0.510005  0.435360  0.499998  0.475428  0.501814  0.459727  0.412042  0.532046  0.490544  0.464004  0.374721  0.549580  0.438172  0.415526  0.610177  0.465015  0.589392  0.498680  0.405038  0.444074  0.435894  0.455092  0.504897  0.534336  0.539830  0.621655  0.571419  0.469495  0.530431  0.429227  0.511590  0.609468  0.462249  0.482823  0.346797  0.569714  0.535096  0.533604  0.477442  0.801231  0.740951  0.616135  0.563929  0.527872  0.485749  0.827711  0.441896  0.519105  0.438812  0.582353  0.604003  0.578422  0.579466  0.739539  0.608054  0.873054  0.442395  0.571581  0.480084  0.477708  0.745228  0.465557  0.515796  0.491298  0.416019  0.549555  0.505327  0.481728  0.420457  0.541422  0.418568  0.539856  0.549269  0.594554  0.466684  0.503332  0.257984  0.540276  0.554934  0.577667  0.475767  0.449837  0.501712  0.446123  0.384004  0.520005  0.447967  0.676127  0.795564  0.532158  0.641955  0.592499  0.744332  0.553632  0.524192  0.399583  0.509758  0.492829  0.506060  0.499648  0.563421  0.518173  0.439930  0.470050  0.507751  0.395231  0.765874  0.412693  0.523519  0.575039  0.828736  0.503164  0.538107  0.503267  0.598198  0.618060  0.380753  0.465802  0.770240  0.606204  0.514985  0.533301  0.826306  0.494669  0.550699  0.703534  0.746825  0.538074  0.696989  0.531490  0.487526  0.465154  0.518404  0.416834  0.477677 
7  0.375618  0.487359  0.255770  0.566374  0.478430  0.483587  0.487297 0.0  0.266813  0.564569  0.840790  0.373416  0.211448  0.365644  0.563950  0.271251  0.423173  0.344192  0.538075  0.652332  0.537806  0.396358  0.383974  0.382525  0.784903  0.293183  0.318725  0.329038  0.856994  0.457483  0.299949  0.366777  0.800861  0.501181  0.515877  0.432011  0.573789  0.478533  0.619645  0.356794  0.392321  0.466693  0.420006  0.355665  0.360072  0.614497  0.374927  0.334958  0.519478  0.411915  0.542452  0.432000  0.562585  0.294250  0.477393  0.455379  0.498024  0.473115  0.548836  0.469708  0.374901  0.290101  0.277967  0.418831  0.338776  0.349933  0.459238  0.386025  0.386266  0.587335  0.360759  0.467507  0.392398  0.380532  0.407059  0.256096  0.539933  0.498769  0.367779  0.368170  0.332341  0.292015  0.546674  0.499177  0.491865  0.253233  0.354995  0.779750  0.304364  0.349202  0.413043  0.353397  0.273083  0.415171  0.302072  0.343978  0.433677  0.502336  0.320993  0.366058  0.468665  0.822595  0.787874  0.517646  0.405926  0.290194  0.609644  0.787486  0.574459  0.458978  0.296799  0.570548  0.224525  0.379762  0.452127  0.692143  0.361807  0.863078  0.269984  0.245821  0.343878  0.534246  0.734994  0.373248  0.386956  0.464809  0.351670  0.419208  0.325814  0.576882  0.291120  0.562360  0.385216  0.642418  0.412878  0.557057  0.292493  0.414076  0.545950  0.299458  0.335429  0.685092  0.331120  0.338751  0.405494  0.490089  0.468637  0.503053  0.435739  0.588303  0.710233  0.320084  0.371916  0.340153  0.667330  0.271645  0.420820  0.313731  0.356416  0.355029  0.297453  0.392862  0.454566  0.377520  0.258326  0.261821  0.419210  0.439463  0.875564  0.525077  0.384257  0.460909  0.824475  0.390092  0.374061  0.387347  0.328405  0.657157  0.400990  0.288104  0.610697  0.321278  0.415947  0.448061  0.756781  0.389759  0.351853  0.676642  0.713603  0.554286  0.849269  0.394923  0.545020  0.426502  0.387040  0.501683  0.363309 
8  0.516079  0.408955  0.313036  0.458082  0.540087  0.507636  0.417927  0.266813 0.0  0.555176  0.788744  0.320966  0.322952  0.335595  0.531347  0.379854  0.406087  0.376012  0.550459  0.580628  0.531699  0.448336  0.271704  0.482743  0.727759  0.378744  0.378485  0.355629  0.814069  0.494406  0.374862  0.381199  0.753489  0.543711  0.304021  0.307668  0.606526  0.480866  0.590800  0.373789  0.345711  0.582395  0.400404  0.477776  0.420945  0.477829  0.443461  0.322520  0.550168  0.345569  0.599750  0.459067  0.673917  0.392285  0.551867  0.525629  0.577296  0.414025  0.427224  0.448964  0.381182  0.405454  0.276801  0.347149  0.383044  0.310260  0.369365  0.408542  0.472942  0.582599  0.417812  0.334465  0.425690  0.485506  0.438671  0.223046  0.478618  0.493199  0.308729  0.355731  0.369564  0.331019  0.504144  0.612139  0.504603  0.368964  0.348415  0.705820  0.307583  0.378067  0.337763  0.408841  0.408097  0.460219  0.323237  0.367651  0.514784  0.565986  0.308053  0.271628  0.559069  0.754905  0.689803  0.629814  0.274533  0.285819  0.620754  0.763208  0.503126  0.503231  0.275040  0.544686  0.317536  0.372870  0.342119  0.788901  0.326360  0.807289  0.281683  0.295513  0.388570  0.515007  0.793186  0.399967  0.330984  0.589310  0.394333  0.518159  0.239617  0.488825  0.256972  0.454515  0.410234  0.587368  0.397679  0.503432  0.450048  0.332161  0.492414  0.322137  0.340682  0.556973  0.419128  0.372088  0.437211  0.468635  0.458862  0.546030  0.324313  0.685605  0.817762  0.369511  0.399131  0.333109  0.789719  0.399379  0.309994  0.373165  0.376337  0.280821  0.345717  0.337030  0.400535  0.358907  0.344466  0.401183  0.495494  0.442478  0.821964  0.552346  0.378600  0.523777  0.674514  0.464469  0.422903  0.340868  0.388117  0.699405  0.342531  0.392410  0.642793  0.390872  0.328150  0.598575  0.764299  0.316138  0.453192  0.598418  0.828005  0.524512  0.821419  0.366415  0.538284  0.301013  0.499966  0.468295  0.359406 
9  0.441861  0.544175  0.530012  0.444806  0.480742  0.496576  0.464956  0.564569  0.555176 0.0  0.848919  0.461966  0.479599  0.521239  0.643171  0.418235  0.422032  0.619977  0.570120  0.523045  0.538209  0.518119  0.593379  0.442278  0.750713  0.553377  0.565567  0.604594  0.690939  0.398289  0.509876  0.519543  0.876077  0.370386  0.346468  0.371244  0.447638  0.566249  0.595310  0.482348  0.505991  0.369604  0.457359  0.409781  0.548555  0.500134  0.479251  0.527524  0.448757  0.516133  0.638124  0.503845  0.665281  0.475808  0.514148  0.373763  0.418158  0.474984  0.500205  0.406764  0.447944  0.578752  0.588900  0.508710  0.502330  0.445698  0.459366  0.473773  0.552417  0.479873  0.507582  0.481492  0.316187  0.513865  0.522276  0.473121  0.433589  0.383137  0.513755  0.559020  0.489533  0.606954  0.407456  0.466621  0.427514  0.598588  0.521480  0.719980  0.464062  0.573373  0.565852  0.597412  0.538272  0.567350  0.508984  0.484987  0.345821  0.308133  0.587946  0.511836  0.399703  0.727898  0.833532  0.242176  0.592302  0.499277  0.427077  0.821006  0.321165  0.328577  0.581270  0.241548  0.543325  0.605463  0.504106  0.818708  0.484180  0.834722  0.449583  0.460212  0.595380  0.437607  0.867837  0.576319  0.543530  0.422716  0.599727  0.396441  0.623133  0.460244  0.521886  0.335203  0.501727  0.527795  0.527855  0.254261  0.514086  0.460079  0.583417  0.509312  0.517235  0.533767  0.578956  0.582703  0.432270  0.235822  0.518130  0.567478  0.503842  0.734185  0.730517  0.542449  0.476594  0.450056  0.738546  0.450142  0.498087  0.579505  0.474980  0.510694  0.497886  0.536186  0.528928  0.537282  0.492291  0.437940  0.379346  0.449659  0.732069  0.393161  0.501435  0.343060  0.948235  0.464566  0.547870  0.563289  0.507601  0.809297  0.434230  0.462794  0.459631  0.504713  0.559357  0.361130  0.778780  0.600039  0.475952  0.643247  0.765495  0.444098  0.793239  0.547655  0.419851  0.431263  0.570446  0.307558  0.512566 
10  0.839248  0.779434  0.843579  0.786396  0.777858  0.818513  0.814415  0.840790  0.788744  0.848919 0.0  0.719359  0.846989  0.855267  0.804509  0.738351  0.848813  0.740260  0.818296  0.670427  0.829494  0.783752  0.775930  0.844912  0.567679  0.675344  0.831924  0.896734  0.530289  0.799087  0.813154  0.721926  0.642410  0.792039  0.764606  0.844332  0.829596  0.786225  0.872020  0.867265  0.901139  0.865757  0.768393  0.812586  0.767716  0.677929  0.823439  0.747119  0.809709  0.829570  0.686463  0.837072  0.817886  0.707907  0.737407  0.792067  0.852089  0.868659  0.774830  0.871056  0.761061  0.627616  0.830839  0.844823  0.814778  0.790130  0.857611  0.844472  0.734962  0.747600  0.852990  0.772770  0.729320  0.749858  0.857444  0.814851  0.787790  0.825904  0.887471  0.727211  0.719952  0.838429  0.837313  0.630328  0.799933  0.711229  0.847522  0.764744  0.772280  0.740206  0.727804  0.730114  0.775827  0.837645  0.795713  0.796507  0.837243  0.736524  0.769128  0.805594  0.781974  0.612362  0.377344  0.762982  0.698043  0.743442  0.844554  0.379451  0.783718  0.816914  0.847590  0.868654  0.882537  0.841256  0.844527  0.316399  0.851105  0.284996  0.783109  0.860463  0.757726  0.876923  0.663583  0.926161  0.886752  0.854845  0.595218  0.869095  0.876057  0.804848  0.875798  0.776506  0.810856  0.727119  0.806356  0.762907  0.746376  0.886829  0.793235  0.735519  0.859461  0.718317  0.737424  0.773646  0.728624  0.791197  0.781147  0.770453  0.841923  0.689331  0.634083  0.784183  0.793394  0.787942  0.757155  0.752131  0.788576  0.766451  0.771812  0.885877  0.805017  0.769575  0.797902  0.820910  0.789221  0.789021  0.643974  0.766119  0.484261  0.847242  0.796347  0.827776  0.483341  0.793588  0.810471  0.827080  0.738865  0.690133  0.740572  0.831482  0.794986  0.809326  0.830763  0.749192  0.389627  0.760850  0.769825  0.764594  0.529435  0.758917  0.342233  0.774737  0.886336  0.756559  0.635116  0.852086  0.836072 
11  0.418955  0.419482  0.319460  0.556730  0.568497  0.475899  0.538438  0.373416  0.320966  0.461966  0.719359 0.0  0.266464  0.262973  0.636296  0.401126  0.297428  0.334525  0.493356  0.608729  0.558829  0.363640  0.365979  0.240955  0.772189  0.391421  0.364091  0.266567  0.758253  0.460454  0.221303  0.363846  0.818911  0.498136  0.244717  0.370273  0.469622  0.511419  0.614567  0.332173  0.319618  0.562936  0.323652  0.372262  0.429522  0.474890  0.407763  0.307143  0.507908  0.288737  0.688113  0.477829  0.662979  0.321077  0.483821  0.533963  0.509273  0.359512  0.465389  0.478855  0.394590  0.398693  0.385961  0.368686  0.364105  0.396423  0.305398  0.432632  0.429920  0.466437  0.286927  0.347713  0.407177  0.495525  0.387959  0.282548  0.521337  0.518990  0.310103  0.460655  0.421416  0.268983  0.519867  0.438175  0.488361  0.382727  0.281226  0.639594  0.360293  0.310330  0.377871  0.305953  0.397024  0.331294  0.351588  0.347549  0.465413  0.452351  0.299317  0.261509  0.481325  0.760593  0.734273  0.580090  0.305328  0.323099  0.511973  0.843917  0.528989  0.507190  0.175475  0.613406  0.412271  0.319404  0.321299  0.859407  0.245732  0.682470  0.323934  0.297136  0.408171  0.605988  0.782939  0.268617  0.207866  0.343621  0.322799  0.636319  0.371554  0.494046  0.287745  0.434321  0.349968  0.640662  0.294784  0.571121  0.357304  0.261151  0.566591  0.351571  0.305287  0.563020  0.358342  0.326622  0.427190  0.406721  0.410312  0.306807  0.384724  0.693503  0.818004  0.339170  0.323890  0.256063  0.688733  0.306323  0.301601  0.276844  0.289466  0.386704  0.294345  0.268483  0.197879  0.379209  0.468800  0.356070  0.452249  0.441265  0.686472  0.548123  0.268159  0.452789  0.724054  0.291736  0.301764  0.330959  0.351764  0.729976  0.214234  0.369416  0.583406  0.362014  0.323947  0.559451  0.710304  0.333734  0.368007  0.606042  0.701755  0.571631  0.806469  0.313945  0.580194  0.267035  0.325753  0.513709  0.356823 
12  0.481448  0.487555  0.456680  0.541983  0.500392  0.469432  0.387807  0.211448  0.322952  0.479599  0.846989  0.266464 0.0  0.293506  0.626717  0.334411  0.532127  0.348567  0.534214  0.580005  0.520006  0.420101  0.281905  0.294095  0.740077  0.336054  0.204765  0.276397  0.823413  0.525330  0.297935  0.243390  0.744248  0.514292  0.306957  0.482705  0.615981  0.554536  0.615988  0.288121  0.313133  0.642805  0.404960  0.377038  0.459327  0.572575  0.377561  0.320578  0.494580  0.353268  0.625084  0.498557  0.707503  0.417119  0.501474  0.516824  0.513476  0.514722  0.445763  0.555289  0.433502  0.232931  0.278975  0.348357  0.348171  0.328316  0.321347  0.404394  0.299336  0.604129  0.336709  0.311006  0.363215  0.434126  0.458792  0.344621  0.509621  0.418063  0.343268  0.378082  0.359368  0.283713  0.541725  0.358165  0.553909  0.372294  0.270150  0.640392  0.275751  0.303191  0.347136  0.383105  0.297768  0.232610  0.302082  0.291318  0.357123  0.495215  0.378064  0.354061  0.418138  0.735315  0.828875  0.509233  0.273478  0.286102  0.485102  0.839447  0.483834  0.503080  0.302865  0.518053  0.267057  0.332433  0.309769  0.803913  0.262049  0.777268  0.279156  0.287643  0.468372  0.453035  0.736234  0.411266  0.307797  0.541394  0.276338  0.547845  0.217823  0.564940  0.327158  0.557786  0.362986  0.584038  0.302620  0.496518  0.343009  0.357930  0.511396  0.361045  0.310698  0.515690  0.352125  0.284972  0.460563  0.487466  0.450416  0.438181  0.290829  0.650052  0.851543  0.399736  0.355649  0.267595  0.735195  0.315622  0.364279  0.259629  0.346376  0.288024  0.282809  0.221242  0.394016  0.280344  0.286264  0.305647  0.610027  0.303295  0.730673  0.466431  0.348244  0.424805  0.813113  0.371703  0.314631  0.359248  0.265829  0.791263  0.374409  0.261545  0.682815  0.343530  0.348139  0.543630  0.832982  0.309130  0.316917  0.609288  0.762844  0.436826  0.737669  0.277793  0.520497  0.341823  0.398342  0.457592  0.369160 
13  0.521730  0.342991  0.346726  0.552190  0.519005  0.446155  0.588976  0.365644  0.335595  0.521239  0.855267  0.262973  0.293506 0.0  0.638487  0.268210  0.394741  0.319386  0.454592  0.616548  0.631297  0.449311  0.373236  0.342448  0.757578  0.364890  0.251269  0.353703  0.771164  0.566615  0.230890  0.360444  0.797851  0.548097  0.329614  0.361476  0.534504  0.569294  0.652914  0.418950  0.346335  0.582683  0.348955  0.425728  0.458253  0.475651  0.289310  0.334719  0.471107  0.298130  0.616230  0.560868  0.673311  0.309619  0.397463  0.428681  0.533761  0.432851  0.599665  0.493606  0.278290  0.373551  0.334133  0.341624  0.245868  0.401123  0.254700  0.360882  0.363882  0.479396  0.298498  0.493452  0.369211  0.449260  0.362787  0.354713  0.519301  0.511225  0.311526  0.298702  0.359882  0.278168  0.568021  0.472187  0.492926  0.400357  0.423349  0.720168  0.327741  0.231013  0.222575  0.326594  0.234131  0.318522  0.293138  0.219198  0.519277  0.492516  0.281763  0.356188  0.461506  0.772461  0.821787  0.485336  0.443288  0.421272  0.532859  0.821481  0.520408  0.586310  0.342319  0.452093  0.442714  0.292556  0.400834  0.806520  0.219453  0.751383  0.320977  0.354510  0.356821  0.496881  0.761707  0.253464  0.303909  0.504542  0.249607  0.565850  0.438512  0.575503  0.222589  0.526767  0.361548  0.502944  0.348714  0.564462  0.334617  0.260887  0.535616  0.327530  0.263091  0.556432  0.167098  0.344846  0.451779  0.429839  0.399208  0.406458  0.447065  0.637965  0.742690  0.335602  0.350048  0.290018  0.707270  0.274237  0.259997  0.307613  0.206426  0.295335  0.265960  0.272437  0.345678  0.352134  0.314802  0.278154  0.484186  0.381387  0.752660  0.442511  0.365156  0.549641  0.837486  0.235363  0.279874  0.363534  0.391378  0.609227  0.276643  0.304587  0.637270  0.352768  0.316359  0.408218  0.678423  0.296266  0.267182  0.616461  0.741976  0.521746  0.738810  0.293793  0.557653  0.322794  0.419290  0.515072  0.267112 
14  0.606895  0.584641  0.655522  0.607978  0.588843  0.641886  0.533703  0.563950  0.531347  0.643171  0.804509  0.636296  0.626717  0.638487 0.0  0.552401  0.599537  0.592849  0.650564  0.497929  0.576914  0.562387  0.677663  0.585167  0.822280  0.579644  0.591437  0.543350  0.737217  0.566049  0.680844  0.582384  0.807547  0.665779  0.565075  0.618722  0.614029  0.595610  0.482612  0.623822  0.640631  0.513232  0.691352  0.562982  0.559818  0.584087  0.480211  0.591333  0.754515  0.575570  0.421366  0.652025  0.489337  0.570617  0.590784  0.605229  0.585440  0.563675  0.644981  0.643942  0.607171  0.507060  0.542824  0.582707  0.651646  0.563937  0.614357  0.693585  0.665846  0.558936  0.699130  0.700590  0.575155  0.709127  0.600190  0.582961  0.690555  0.641038  0.596869  0.650572  0.660311  0.609591  0.551927  0.596024  0.531264  0.583927  0.587853  0.626406  0.616929  0.674229  0.559604  0.596588  0.732603  0.622094  0.542943  0.670145  0.583458  0.614152  0.697471  0.654524  0.604668  0.789946  0.737705  0.509732  0.545453  0.635021  0.622117  0.749935  0.606265  0.568714  0.560075  0.679412  0.586010  0.659569  0.597921  0.758522  0.587582  0.791053  0.683096  0.582219  0.602342  0.680468  0.671082  0.647373  0.598687  0.593876  0.650212  0.676052  0.710657  0.664556  0.645170  0.512539  0.683086  0.338414  0.592496  0.672322  0.573195  0.585402  0.624726  0.536724  0.519069  0.470099  0.664462  0.575172  0.578651  0.624546  0.605025  0.558155  0.512832  0.633397  0.785280  0.627362  0.611889  0.606831  0.728793  0.682451  0.459281  0.575829  0.598367  0.587204  0.558942  0.603720  0.628851  0.621406  0.662552  0.592842  0.597212  0.559208  0.886609  0.491656  0.653135  0.669186  0.782760  0.544333  0.692716  0.601142  0.545609  0.719759  0.664037  0.656463  0.315033  0.603990  0.574847  0.596370  0.760648  0.619391  0.651361  0.484097  0.764901  0.647802  0.824165  0.580778  0.540732  0.660077  0.624658  0.617437  0.569086 
15  0.456096  0.548954  0.331417  0.572609  0.489907  0.602319  0.510408  0.271251  0.379854  0.418235  0.738351  0.401126  0.334411  0.268210  0.552401 0.0  0.391738  0.335161  0.466003  0.629496  0.476650  0.422057  0.382152  0.371780  0.768822  0.306301  0.261571  0.320846  0.689076  0.382595  0.354724  0.427582  0.761186  0.566723  0.344462  0.322453  0.526339  0.597217  0.609303  0.399396  0.271737  0.585113  0.346891  0.391298  0.349762  0.514453  0.455233  0.314865  0.425439  0.340962  0.590799  0.489856  0.721116  0.390481  0.432736  0.504667  0.528051  0.482968  0.504315  0.534093  0.479751  0.249254  0.371495  0.373363  0.296943  0.355593  0.315032  0.378801  0.524151  0.546285  0.461978  0.470256  0.370805  0.454590  0.339845  0.237241  0.530821  0.641087  0.296764  0.454900  0.332420  0.328978  0.388513  0.501180  0.521357  0.327118  0.265552  0.576143  0.238525  0.185060  0.298576  0.361969  0.311213  0.237686  0.266750  0.301744  0.506610  0.509408  0.256977  0.360712  0.435767  0.850726  0.796202  0.560188  0.349037  0.314424  0.499935  0.715370  0.566892  0.533549  0.275469  0.511311  0.449725  0.305997  0.267718  0.814869  0.309780  0.809666  0.371362  0.301416  0.345942  0.630573  0.803353  0.216961  0.289673  0.560227  0.249542  0.542076  0.315177  0.535269  0.380530  0.429849  0.291604  0.611939  0.294086  0.484814  0.363324  0.331596  0.502639  0.254509  0.243958  0.636319  0.260954  0.302997  0.432704  0.412405  0.481482  0.420799  0.484358  0.708804  0.726071  0.294150  0.283533  0.423826  0.664778  0.390737  0.274438  0.417252  0.405291  0.252443  0.340478  0.339324  0.304968  0.411949  0.319401  0.315673  0.546794  0.481815  0.828744  0.491319  0.335486  0.517576  0.760836  0.416356  0.282805  0.348292  0.214165  0.698980  0.272358  0.344996  0.621481  0.237735  0.270461  0.578084  0.730698  0.314824  0.335979  0.659553  0.867925  0.550429  0.776555  0.203322  0.456549  0.354686  0.401036  0.559507  0.365092 
16  0.648230  0.396173  0.398917  0.443667  0.485836  0.447662  0.501334  0.423173  0.406087  0.422032  0.848813  0.297428  0.532127  0.394741  0.599537  0.391738 0.0  0.370130  0.453146  0.629422  0.488388  0.311314  0.398486  0.407817  0.749895  0.532089  0.363044  0.404071  0.760216  0.490727  0.316267  0.358401  0.753518  0.551173  0.370359  0.428657  0.478300  0.459992  0.552424  0.424854  0.434076  0.507290  0.357425  0.399708  0.283085  0.435177  0.500280  0.421908  0.401933  0.360640  0.582253  0.443066  0.544561  0.351184  0.464402  0.456849  0.463346  0.365861  0.556846  0.484049  0.336619  0.354787  0.274760  0.408348  0.369316  0.348565  0.309996  0.444700  0.399605  0.663580  0.357295  0.364585  0.379024  0.521889  0.417010  0.360677  0.493094  0.397715  0.465596  0.390581  0.454189  0.376200  0.488998  0.451754  0.365480  0.409421  0.379934  0.688349  0.285232  0.415626  0.424105  0.493065  0.352666  0.405004  0.531230  0.407980  0.398040  0.421196  0.455257  0.345234  0.489076  0.755732  0.706208  0.478418  0.362004  0.333961  0.444939  0.806309  0.431738  0.446323  0.426119  0.514224  0.349597  0.425371  0.351338  0.765874  0.438717  0.712965  0.388701  0.286059  0.365030  0.424956  0.780916  0.414940  0.423570  0.576656  0.377462  0.480702  0.400802  0.435621  0.390336  0.472110  0.457281  0.576766  0.399691  0.514626  0.363808  0.400614  0.482022  0.406551  0.402424  0.561066  0.389957  0.336351  0.306027  0.406122  0.393907  0.360111  0.358561  0.720259  0.778895  0.460405  0.303176  0.408890  0.627724  0.389743  0.415185  0.357716  0.361068  0.352887  0.318592  0.389061  0.399526  0.365206  0.339531  0.342580  0.416323  0.572730  0.794883  0.518257  0.393178  0.431770  0.797135  0.380958  0.415007  0.373623  0.258554  0.688894  0.471559  0.423499  0.595718  0.324307  0.368271  0.416213  0.752209  0.253147  0.341305  0.494054  0.840925  0.435153  0.780530  0.319316  0.490562  0.405917  0.388642  0.412588  0.415146 
17  0.458520  0.474609  0.348834  0.590872  0.520756  0.456945  0.348852  0.344192  0.376012  0.619977  0.740260  0.334525  0.348567  0.319386  0.592849  0.335161  0.370130 0.0  0.499734  0.582247  0.518752  0.364502  0.299678  0.314114  0.737931  0.318987  0.177301  0.289555  0.724785  0.459323  0.329059  0.315941  0.773447  0.591175  0.288364  0.502458  0.529759  0.549949  0.640042  0.265122  0.361892  0.473956  0.253454  0.421610  0.388905  0.500695  0.319533  0.450039  0.486245  0.351351  0.638390  0.524250  0.505838  0.459036  0.490870  0.480355  0.425112  0.443862  0.490557  0.544965  0.403032  0.305462  0.420195  0.391559  0.290175  0.298256  0.337502  0.329338  0.415663  0.610971  0.253635  0.407069  0.497886  0.430076  0.467172  0.247071  0.521102  0.497418  0.338136  0.392849  0.266599  0.457701  0.411513  0.479651  0.541855  0.423385  0.402678  0.698648  0.378084  0.409620  0.341397  0.221267  0.289157  0.285217  0.353425  0.350073  0.510839  0.516918  0.305127  0.269075  0.496807  0.859350  0.828447  0.443930  0.350756  0.431386  0.533169  0.693826  0.542026  0.557287  0.331966  0.598411  0.428475  0.311873  0.306314  0.835662  0.329981  0.804789  0.337423  0.339529  0.366985  0.488258  0.766366  0.176215  0.312026  0.534521  0.355130  0.508062  0.260422  0.484193  0.281252  0.526768  0.404031  0.514707  0.260157  0.455013  0.291724  0.338982  0.490369  0.367911  0.418429  0.575789  0.334213  0.361237  0.481065  0.537876  0.376577  0.478922  0.456066  0.785205  0.814671  0.263078  0.421101  0.488105  0.704423  0.260250  0.309385  0.404739  0.386455  0.322639  0.358718  0.252925  0.254780  0.240738  0.331921  0.345290  0.567295  0.476402  0.706787  0.519833  0.354675  0.537666  0.844857  0.332444  0.437879  0.306757  0.262928  0.620620  0.370788  0.268636  0.663578  0.313703  0.281306  0.479412  0.780246  0.417228  0.335673  0.648031  0.768835  0.515676  0.806840  0.330720  0.523475  0.371347  0.432786  0.558283  0.387145 
18  0.354089  0.620485  0.611516  0.275144  0.273658  0.355301  0.277357  0.538075  0.550459  0.570120  0.818296  0.493356  0.534214  0.454592  0.650564  0.466003  0.453146  0.499734 0.0  0.525578  0.556164  0.465589  0.527167  0.609933  0.805773  0.511539  0.477361  0.487405  0.799469  0.595342  0.535695  0.451275  0.692912  0.555032  0.429408  0.462787  0.492832  0.486453  0.600642  0.500463  0.512111  0.600438  0.520187  0.511044  0.483761  0.293708  0.455156  0.454318  0.421268  0.450485  0.584585  0.325455  0.736008  0.503728  0.305864  0.518568  0.413012  0.465447  0.486338  0.383934  0.559210  0.577061  0.488747  0.501263  0.568431  0.510097  0.464372  0.392036  0.415877  0.530044  0.480421  0.422359  0.422859  0.553140  0.556505  0.543832  0.625993  0.498113  0.509827  0.515745  0.483989  0.540305  0.488471  0.403767  0.473384  0.413783  0.549702  0.759414  0.417823  0.548520  0.420963  0.582037  0.567671  0.460223  0.518686  0.465136  0.359610  0.537703  0.472064  0.480949  0.590355  0.786750  0.787655  0.559531  0.488963  0.446132  0.516679  0.824097  0.619493  0.491300  0.456937  0.554941  0.542206  0.451648  0.498975  0.761537  0.597084  0.828860  0.547916  0.636811  0.520286  0.547857  0.715727  0.370351  0.558995  0.543580  0.612620  0.584027  0.489428  0.420967  0.511384  0.438316  0.511402  0.558163  0.575049  0.397859  0.607334  0.583368  0.336174  0.463000  0.498929  0.587471  0.408998  0.525924  0.411321  0.445803  0.425680  0.484169  0.469360  0.720084  0.722127  0.522714  0.503079  0.498219  0.684264  0.405153  0.494804  0.508188  0.518785  0.517063  0.613012  0.593518  0.480250  0.550627  0.491282  0.484532  0.569387  0.445054  0.886950  0.460475  0.558910  0.566811  0.738793  0.581197  0.565554  0.577583  0.542606  0.577162  0.547029  0.645021  0.595899  0.403243  0.438466  0.425171  0.758563  0.433256  0.513763  0.661000  0.782662  0.425105  0.798725  0.494997  0.442849  0.541437  0.505856  0.414813  0.505711 
19  0.582910  0.616565  0.564935  0.646542  0.604659  0.583040  0.690541  0.652332  0.580628  0.523045  0.670427  0.608729  0.580005  0.616548  0.497929  0.629496  0.629422  0.582247  0.525578 0.0  0.560707  0.689829  0.584482  0.544378  0.705387  0.561500  0.640861  0.677626  0.774698  0.547841  0.517760  0.582440  0.825229  0.606072  0.548574  0.692625  0.648928  0.507083  0.285256  0.557624  0.607420  0.538025  0.665285  0.594342  0.594608  0.614457  0.572042  0.635109  0.587105  0.518326  0.391008  0.619332  0.327654  0.604667  0.672305  0.541883  0.534088  0.647264  0.612572  0.596293  0.693408  0.614643  0.603303  0.630447  0.585633  0.640933  0.597881  0.605791  0.545162  0.590490  0.654469  0.623372  0.414809  0.652573  0.489067  0.598821  0.696288  0.614150  0.597648  0.565077  0.601042  0.627699  0.584259  0.562844  0.659109  0.664138  0.545078  0.690310  0.583666  0.503396  0.664530  0.589189  0.547987  0.666396  0.507123  0.701463  0.589307  0.671159  0.541902  0.587001  0.579299  0.729645  0.824386  0.500936  0.530618  0.508005  0.560532  0.732471  0.635400  0.597712  0.721035  0.543437  0.576126  0.503171  0.622769  0.871735  0.645397  0.779708  0.540626  0.569392  0.677849  0.586684  0.717343  0.530331  0.543334  0.493323  0.565103  0.592331  0.637740  0.583036  0.634642  0.554351  0.548035  0.292006  0.575920  0.604697  0.578538  0.554737  0.677601  0.624681  0.551762  0.309474  0.646539  0.550034  0.631514  0.499238  0.625201  0.599390  0.577298  0.691629  0.784582  0.580381  0.606873  0.562591  0.709425  0.605348  0.552039  0.601365  0.573242  0.643614  0.664359  0.483017  0.566515  0.599439  0.588046  0.532843  0.639725  0.500042  0.763617  0.560694  0.644532  0.524645  0.850740  0.674496  0.614213  0.642070  0.633152  0.714325  0.639120  0.584637  0.455442  0.538460  0.617460  0.587373  0.828432  0.635913  0.566045  0.385598  0.820418  0.604065  0.820309  0.597990  0.615484  0.507004  0.643584  0.639614  0.582132 
