197
0 0.0  0.542743  0.486208  0.295175  0.336916  0.339950  0.418125  0.562088  0.417149  0.429228  0.802109  0.440237  0.524167  0.574750  0.679607  0.639627  0.504592  0.491278  0.428109  0.602299  0.520943  0.372759  0.570225  0.454043  0.750513  0.498429  0.429519  0.475529  0.886908  0.457370  0.512967  0.426951  0.712028  0.489221  0.501609  0.366538  0.527650  0.542868  0.617780  0.537154  0.648172  0.385689  0.459391  0.471103  0.552627  0.293052  0.452520  0.509456  0.353690  0.526985  0.625816  0.369733  0.703831  0.445197  0.367242  0.448081  0.475055  0.538998  0.477821  0.399127  0.550326  0.523496  0.467976  0.459297  0.483713  0.460967  0.455774  0.557344  0.457575  0.693987  0.463158  0.524838  0.443260  0.491078  0.473109  0.499364  0.430172  0.492978  0.548032  0.580012  0.490141  0.467747  0.456486  0.506566  0.514420  0.535703  0.469218  0.722645  0.584101  0.451067  0.532347  0.511022  0.594812  0.558866  0.464480  0.538293  0.344213  0.465224  0.457978  0.537213  0.519496  0.840248  0.769582  0.470946  0.485184  0.503976  0.457814  0.814326  0.479141  0.575293  0.516350  0.609951  0.558022  0.468570  0.508424  0.832486  0.456771  0.851942  0.637749  0.512822  0.410338  0.618961  0.767522  0.535154  0.475276  0.406754  0.505772  0.471893  0.580925  0.596427  0.514693  0.525300  0.458347  0.562038  0.462152  0.474562  0.389675  0.467634  0.323500  0.468827  0.477071  0.580294  0.478958  0.536769  0.567000  0.391051  0.537053  0.401031  0.466550  0.798060  0.801411  0.472787  0.493308  0.475228  0.726441  0.533543  0.558406  0.513622  0.500708  0.526724  0.507168  0.562777  0.529333  0.467528  0.552915  0.378154  0.445891  0.457661  0.793113  0.595137  0.550095  0.488012  0.729479  0.423038  0.459306  0.566124  0.493662  0.634817  0.532009  0.550227  0.586057  0.538809  0.456689  0.522094  0.773442  0.447887  0.562051  0.629582  0.842824  0.440108  0.871326  0.357639  0.497222  0.484575  0.478680  0.522713  0.523207 
1  0.542743 0.0  0.492335  0.474925  0.586456  0.492593  0.532838  0.566450  0.523604  0.561640  0.752329  0.479794  0.474332  0.439690  0.676729  0.515881  0.367489  0.563232  0.511148  0.659312  0.525264  0.330352  0.502139  0.468996  0.756534  0.519194  0.391449  0.418632  0.760785  0.549323  0.374658  0.407507  0.837356  0.516570  0.455064  0.472109  0.461263  0.507019  0.612324  0.455652  0.510265  0.563906  0.528389  0.382346  0.373112  0.619505  0.445136  0.445250  0.464041  0.496140  0.658203  0.549815  0.548020  0.285000  0.553541  0.545622  0.540194  0.311850  0.468394  0.533846  0.444355  0.412258  0.531756  0.464054  0.403655  0.413861  0.332405  0.440688  0.434550  0.543107  0.490811  0.378656  0.351760  0.367056  0.324764  0.436906  0.614205  0.550180  0.465073  0.462336  0.370195  0.440445  0.480803  0.560318  0.504907  0.392723  0.494016  0.729127  0.468524  0.520937  0.495443  0.391371  0.446179  0.473805  0.484181  0.433028  0.562010  0.555476  0.493860  0.435525  0.616157  0.799862  0.884026  0.488710  0.519315  0.487342  0.540054  0.763516  0.578127  0.517866  0.420908  0.513003  0.541605  0.468651  0.415631  0.817022  0.513491  0.874592  0.285568  0.435060  0.400977  0.494345  0.812522  0.440901  0.486140  0.635872  0.367717  0.561760  0.409855  0.473702  0.501563  0.511523  0.430949  0.678443  0.579536  0.484424  0.482988  0.462671  0.558239  0.493168  0.421838  0.622692  0.383721  0.435600  0.481838  0.477675  0.312454  0.337678  0.405743  0.679649  0.780610  0.495916  0.467736  0.378439  0.754633  0.524988  0.442994  0.358031  0.470260  0.403552  0.520932  0.519876  0.496764  0.501084  0.522755  0.465234  0.448238  0.412456  0.735519  0.581509  0.452230  0.554081  0.826379  0.557794  0.405199  0.469134  0.411725  0.753150  0.346309  0.386420  0.656982  0.452144  0.422328  0.471372  0.769640  0.511292  0.410714  0.706065  0.769479  0.554104  0.760807  0.544068  0.544477  0.454530  0.356780  0.580744  0.394675 
2  0.486208  0.492335 0.0  0.468479  0.548073  0.476606  0.484059  0.259035  0.317935  0.443263  0.825837  0.373337  0.388500  0.379232  0.661772  0.438064  0.316941  0.331196  0.540222  0.633178  0.496995  0.494297  0.462456  0.445515  0.810958  0.473693  0.349281  0.399406  0.687225  0.554058  0.491636  0.362864  0.804476  0.521817  0.385563  0.397263  0.554840  0.449697  0.576436  0.339800  0.384773  0.591859  0.413218  0.278402  0.395790  0.487952  0.344296  0.349046  0.447452  0.348657  0.811107  0.489883  0.568573  0.469680  0.475651  0.493984  0.551868  0.379819  0.411164  0.556300  0.448240  0.310642  0.413084  0.301251  0.347106  0.420761  0.397295  0.343566  0.475439  0.591875  0.358973  0.360642  0.379519  0.416505  0.402795  0.466444  0.456507  0.563699  0.384701  0.396453  0.409840  0.411035  0.498716  0.540471  0.461243  0.430834  0.426928  0.676416  0.451989  0.401865  0.419931  0.321254  0.489426  0.342317  0.415035  0.411560  0.508114  0.573758  0.398890  0.340734  0.564322  0.795710  0.823245  0.478257  0.409518  0.327718  0.502213  0.721743  0.601258  0.503017  0.474615  0.478155  0.307279  0.316248  0.348681  0.814930  0.342809  0.739226  0.284493  0.280066  0.316174  0.532314  0.813846  0.357698  0.354728  0.556845  0.367169  0.504899  0.330232  0.555479  0.338564  0.452515  0.338452  0.510044  0.330650  0.506869  0.345300  0.339727  0.554094  0.392666  0.324481  0.606423  0.437116  0.292435  0.378378  0.481181  0.354429  0.395997  0.487843  0.671182  0.789598  0.361908  0.407738  0.402917  0.728998  0.273665  0.274045  0.370891  0.349716  0.337715  0.399514  0.340225  0.442694  0.292678  0.413991  0.276541  0.572744  0.498237  0.851216  0.620516  0.248661  0.512060  0.767488  0.433352  0.348012  0.368566  0.315294  0.840131  0.272513  0.371312  0.694088  0.381196  0.396725  0.473492  0.728522  0.356139  0.428906  0.689524  0.769327  0.530828  0.847439  0.411138  0.522362  0.397238  0.568790  0.486353  0.407021 
3  0.295175  0.474925  0.468479 0.0  0.311741  0.364985  0.331605  0.457566  0.523262  0.461314  0.871126  0.437876  0.573515  0.457838  0.588882  0.550776  0.459403  0.612431  0.248797  0.604851  0.511662  0.452099  0.445360  0.541734  0.832824  0.420677  0.441223  0.600862  0.692313  0.572251  0.504793  0.558469  0.790369  0.519414  0.295170  0.453426  0.573505  0.509291  0.606710  0.543381  0.552337  0.506217  0.667017  0.498075  0.538265  0.375059  0.581601  0.469056  0.401982  0.483976  0.623546  0.413413  0.624084  0.476866  0.297749  0.493791  0.500325  0.497238  0.487465  0.448737  0.421902  0.555045  0.469989  0.456474  0.494438  0.581669  0.530877  0.487440  0.536350  0.664386  0.563043  0.545667  0.357585  0.580849  0.507691  0.446117  0.452703  0.558893  0.622037  0.461926  0.566287  0.466970  0.563347  0.530245  0.541338  0.497420  0.597582  0.682995  0.562290  0.505270  0.585172  0.553996  0.445981  0.505451  0.581251  0.504694  0.330330  0.533175  0.516717  0.434729  0.570556  0.823513  0.803134  0.494024  0.462910  0.489762  0.537399  0.889684  0.547930  0.368588  0.557936  0.494489  0.587136  0.490408  0.417365  0.788968  0.497968  0.854380  0.587043  0.516375  0.542517  0.464937  0.734325  0.523946  0.450974  0.587828  0.421233  0.587058  0.545907  0.547711  0.492607  0.555843  0.483668  0.623433  0.554236  0.572619  0.492542  0.499793  0.295128  0.619715  0.489210  0.476741  0.586149  0.569157  0.450686  0.564479  0.533057  0.491084  0.432643  0.625993  0.783033  0.504150  0.560008  0.463004  0.793077  0.401565  0.405575  0.520697  0.539707  0.493501  0.574919  0.516872  0.516441  0.567141  0.516124  0.600342  0.465931  0.464066  0.754764  0.559209  0.465955  0.537486  0.845659  0.542202  0.578168  0.604140  0.630759  0.711694  0.524660  0.490806  0.638284  0.487176  0.444425  0.516134  0.829449  0.529331  0.482368  0.574565  0.867100  0.492388  0.810999  0.418139  0.555712  0.533989  0.497383  0.506714  0.648954 
4  0.336916  0.586456  0.548073  0.311741 0.0  0.231059  0.251201  0.573488  0.464267  0.612907  0.818250  0.530267  0.507658  0.481703  0.652209  0.469741  0.425423  0.574138  0.194996  0.571625  0.607295  0.570811  0.594240  0.471341  0.735193  0.586546  0.498921  0.574805  0.706133  0.521012  0.598794  0.554486  0.833423  0.502645  0.300597  0.548572  0.615454  0.659723  0.656113  0.568315  0.630356  0.423478  0.541738  0.521323  0.525180  0.337605  0.511002  0.560562  0.379742  0.554473  0.614145  0.412551  0.725192  0.507729  0.321605  0.494058  0.538613  0.452926  0.547728  0.390333  0.535768  0.453913  0.376991  0.618039  0.506243  0.601879  0.600962  0.516195  0.473241  0.652415  0.513635  0.638017  0.386733  0.546403  0.556599  0.566021  0.424713  0.566327  0.560776  0.457175  0.493688  0.578309  0.523736  0.528677  0.557670  0.578225  0.480947  0.695347  0.530897  0.615915  0.477565  0.572486  0.534485  0.548259  0.527864  0.567071  0.304514  0.554776  0.526104  0.477585  0.521420  0.821408  0.816285  0.453172  0.590083  0.562571  0.558432  0.777294  0.605107  0.512166  0.587884  0.569446  0.584030  0.509616  0.481916  0.791766  0.491487  0.856183  0.508288  0.472860  0.549198  0.575716  0.768206  0.505997  0.493312  0.568287  0.535974  0.696799  0.572474  0.547840  0.492511  0.437723  0.538798  0.600383  0.450774  0.472670  0.562084  0.442685  0.247168  0.579194  0.652209  0.571882  0.574682  0.574419  0.559215  0.485275  0.430666  0.531216  0.403256  0.766434  0.796153  0.496800  0.573497  0.478898  0.816749  0.460514  0.516688  0.521894  0.623974  0.459122  0.528627  0.551645  0.393839  0.576907  0.441693  0.525952  0.484891  0.547614  0.836050  0.499939  0.565885  0.491021  0.907095  0.574019  0.526709  0.465476  0.466963  0.789475  0.509752  0.580056  0.705057  0.484642  0.566104  0.471843  0.770340  0.489751  0.616520  0.678885  0.768341  0.473061  0.886396  0.529658  0.615897  0.562033  0.507959  0.586533  0.505171 
5  0.339950  0.492593  0.476606  0.364985  0.231059 0.0  0.381832  0.422050  0.576933  0.502164  0.825800  0.591265  0.412879  0.482677  0.685563  0.546614  0.443222  0.504395  0.281147  0.660853  0.514000  0.511872  0.419336  0.601213  0.775066  0.530615  0.576232  0.432192  0.733898  0.492988  0.503563  0.512745  0.852329  0.517972  0.509681  0.544464  0.377316  0.428077  0.587676  0.561197  0.476755  0.572336  0.607721  0.513137  0.518831  0.217496  0.455832  0.486989  0.381822  0.467822  0.700642  0.414599  0.618021  0.471356  0.324011  0.486637  0.460781  0.477199  0.550657  0.447539  0.526948  0.534598  0.557746  0.521879  0.489199  0.531032  0.477019  0.636661  0.515885  0.621755  0.485037  0.460038  0.498659  0.486560  0.433855  0.560619  0.477161  0.518658  0.552507  0.499148  0.498917  0.477974  0.454256  0.450145  0.591030  0.518593  0.482580  0.733754  0.460926  0.530094  0.413467  0.515767  0.470871  0.482910  0.371816  0.508548  0.362125  0.461913  0.406487  0.519740  0.494650  0.838608  0.777369  0.410042  0.482338  0.502998  0.453773  0.912111  0.492233  0.545259  0.527519  0.518659  0.513612  0.577663  0.468403  0.786379  0.485249  0.754329  0.466189  0.462953  0.487118  0.532593  0.790705  0.523282  0.560487  0.559095  0.583100  0.558416  0.471549  0.457951  0.523190  0.538857  0.456481  0.592331  0.465631  0.527748  0.497136  0.560496  0.340524  0.467201  0.445754  0.583326  0.459473  0.433666  0.487200  0.463894  0.482971  0.483937  0.643030  0.720870  0.792351  0.473167  0.446544  0.487244  0.741452  0.445822  0.582431  0.473688  0.559800  0.500246  0.455707  0.485961  0.450126  0.493221  0.527759  0.518502  0.518131  0.403394  0.860680  0.581027  0.513072  0.484793  0.737425  0.452678  0.559109  0.449230  0.526139  0.734138  0.424632  0.392791  0.647166  0.455547  0.524668  0.489665  0.859469  0.481753  0.564535  0.582701  0.820812  0.478089  0.823194  0.554198  0.393644  0.409478  0.373546  0.417116  0.368346 
6  0.418125  0.532838  0.484059  0.331605  0.251201  0.381832 0.0  0.507954  0.588249  0.453814  0.880760  0.624046  0.487901  0.576824  0.718137  0.597096  0.494108  0.588293  0.195298  0.488536  0.586973  0.539836  0.582239  0.564085  0.736450  0.523752  0.556387  0.620759  0.819445  0.606552  0.485973  0.515196  0.743071  0.576668  0.363195  0.375523  0.508108  0.582818  0.704678  0.584630  0.557118  0.540393  0.543065  0.499503  0.538813  0.271344  0.525014  0.454576  0.343151  0.529436  0.664319  0.419654  0.655133  0.440478  0.261964  0.612741  0.471606  0.537012  0.366928  0.456028  0.593391  0.568631  0.569217  0.457857  0.492522  0.488222  0.554085  0.427840  0.555101  0.532300  0.510031  0.534619  0.438086  0.512028  0.442884  0.467530  0.455832  0.472644  0.555459  0.507258  0.597840  0.440486  0.505113  0.547940  0.461724  0.534367  0.502234  0.640899  0.528611  0.432914  0.472474  0.534134  0.562746  0.535082  0.558203  0.542669  0.298818  0.556403  0.481519  0.531365  0.479086  0.779512  0.843452  0.552582  0.558882  0.435540  0.558316  0.877595  0.564519  0.555514  0.589940  0.665379  0.592790  0.588662  0.525858  0.830475  0.505053  0.797230  0.453630  0.522818  0.526829  0.639915  0.735875  0.620808  0.432869  0.482630  0.464529  0.534288  0.519595  0.593141  0.503733  0.471768  0.536430  0.701017  0.449080  0.543872  0.629513  0.445083  0.333257  0.478885  0.443856  0.627364  0.509033  0.545926  0.505278  0.522068  0.469768  0.487492  0.543796  0.675442  0.839858  0.435483  0.539796  0.555153  0.694032  0.558015  0.499639  0.563979  0.489425  0.580059  0.557208  0.571115  0.507574  0.499643  0.532535  0.506956  0.515682  0.457027  0.807694  0.611923  0.448294  0.588907  0.843969  0.458265  0.538302  0.509848  0.590563  0.723173  0.555173  0.510764  0.639605  0.433252  0.496436  0.539539  0.851043  0.517680  0.499480  0.628567  0.906718  0.528794  0.959594  0.525816  0.469438  0.554193  0.451168  0.492498  0.463704 
7  0.562088  0.566450  0.259035  0.457566  0.573488  0.422050  0.507954 0.0  0.366333  0.494211  0.788931  0.400849  0.290523  0.417847  0.662774  0.293561  0.415948  0.342865  0.530332  0.547719  0.532540  0.407065  0.410258  0.384777  0.801360  0.440264  0.333850  0.391349  0.787566  0.437870  0.379092  0.402705  0.811491  0.439306  0.344108  0.463609  0.485656  0.543478  0.662614  0.325761  0.449563  0.440200  0.434018  0.477388  0.390816  0.548765  0.514806  0.352860  0.510171  0.316016  0.585482  0.492052  0.701790  0.475637  0.444605  0.488483  0.572095  0.510192  0.466126  0.541866  0.326741  0.244157  0.273673  0.395746  0.364158  0.395233  0.331265  0.495459  0.385681  0.689125  0.442159  0.448190  0.395962  0.431388  0.479467  0.411597  0.502042  0.483605  0.182986  0.279129  0.282997  0.366525  0.559515  0.493654  0.507933  0.357532  0.425978  0.681585  0.388504  0.396878  0.388786  0.263965  0.341981  0.266638  0.403970  0.385449  0.463839  0.486254  0.271003  0.450630  0.516896  0.762827  0.911805  0.422600  0.418745  0.343051  0.561370  0.720728  0.530660  0.525121  0.347869  0.493474  0.402916  0.377637  0.314151  0.824840  0.373316  0.790469  0.364972  0.299226  0.324243  0.547443  0.730702  0.467863  0.340774  0.456950  0.266775  0.476304  0.324806  0.549500  0.320965  0.473952  0.355663  0.495848  0.508499  0.665571  0.344432  0.287154  0.512616  0.383953  0.350968  0.596925  0.397960  0.290812  0.492850  0.570390  0.464762  0.437271  0.385912  0.723245  0.882734  0.399228  0.326214  0.386822  0.791371  0.378827  0.314166  0.408647  0.409239  0.396394  0.402271  0.312762  0.398464  0.399158  0.413236  0.367077  0.454776  0.429375  0.784859  0.522709  0.312289  0.469953  0.812288  0.417575  0.404267  0.415858  0.348789  0.659845  0.349298  0.281887  0.636486  0.360876  0.338827  0.492013  0.863506  0.383489  0.393846  0.756974  0.801431  0.568449  0.822066  0.324250  0.626048  0.365918  0.421121  0.488683  0.384898 
8  0.417149  0.523604  0.317935  0.523262  0.464267  0.576933  0.588249  0.366333 0.0  0.587237  0.855448  0.431516  0.351275  0.370431  0.702362  0.357527  0.361964  0.324161  0.471782  0.561924  0.523155  0.289554  0.368598  0.314372  0.779570  0.336477  0.178511  0.193050  0.767700  0.579696  0.353193  0.304717  0.761680  0.420035  0.414766  0.369940  0.518026  0.514620  0.668635  0.356571  0.381216  0.636174  0.443909  0.362045  0.368646  0.506751  0.413951  0.365566  0.410383  0.407852  0.636888  0.445410  0.487861  0.384929  0.536922  0.509768  0.580060  0.380829  0.576284  0.537550  0.391698  0.343008  0.304550  0.373256  0.426238  0.297166  0.437842  0.347849  0.468898  0.628020  0.387283  0.443643  0.396126  0.488080  0.400717  0.304584  0.627328  0.571253  0.282223  0.312741  0.386753  0.479288  0.512324  0.552299  0.559223  0.364433  0.310354  0.808659  0.325988  0.293796  0.392177  0.350406  0.274347  0.292633  0.303072  0.380375  0.576627  0.477878  0.432260  0.320176  0.532837  0.827885  0.707878  0.580939  0.301788  0.370260  0.552462  0.830842  0.505668  0.539343  0.447712  0.513681  0.350241  0.408402  0.438295  0.873649  0.307683  0.687525  0.364763  0.418276  0.381665  0.478992  0.834653  0.258083  0.398842  0.599692  0.341122  0.535823  0.473878  0.531364  0.421899  0.531247  0.338815  0.600266  0.301823  0.532963  0.313976  0.241158  0.466062  0.394353  0.354468  0.679635  0.291645  0.302619  0.309499  0.523500  0.408036  0.385562  0.365363  0.648512  0.823639  0.427909  0.349793  0.382494  0.719416  0.285371  0.436102  0.427171  0.232447  0.260130  0.286925  0.427829  0.367793  0.394663  0.356792  0.403582  0.639668  0.359723  0.821041  0.560176  0.337833  0.491003  0.835632  0.401581  0.227451  0.424919  0.431035  0.685080  0.347590  0.378671  0.622483  0.285825  0.371564  0.580041  0.811720  0.333609  0.285388  0.601189  0.807862  0.583697  0.879642  0.418864  0.537888  0.378809  0.516525  0.468648  0.350948 
9  0.429228  0.561640  0.443263  0.461314  0.612907  0.502164  0.453814  0.494211  0.587237 0.0  0.839041  0.588114  0.540352  0.482732  0.672514  0.523759  0.535615  0.572760  0.503418  0.636614  0.603322  0.432815  0.558478  0.497846  0.740710  0.566785  0.487431  0.563770  0.730567  0.377440  0.602873  0.575439  0.813021  0.436220  0.348343  0.515362  0.472658  0.458962  0.665344  0.521044  0.505577  0.425980  0.382537  0.461241  0.426320  0.535322  0.521024  0.547716  0.419146  0.584795  0.575115  0.499670  0.588096  0.429617  0.553102  0.246529  0.308137  0.514415  0.624041  0.430888  0.513728  0.511856  0.584769  0.439778  0.533481  0.571613  0.493499  0.460978  0.554002  0.623175  0.574871  0.538482  0.310998  0.504408  0.540049  0.527111  0.486721  0.445246  0.498761  0.629610  0.432095  0.650222  0.404483  0.567014  0.455276  0.514330  0.496676  0.603219  0.543872  0.439825  0.523925  0.565547  0.450162  0.616090  0.565344  0.548048  0.447693  0.352544  0.525336  0.605435  0.263173  0.835696  0.825140  0.391388  0.576143  0.591491  0.376911  0.813000  0.412082  0.329980  0.425397  0.277256  0.572766  0.563261  0.565994  0.814222  0.429017  0.863194  0.522182  0.549979  0.547316  0.416092  0.777435  0.478939  0.561180  0.392498  0.514084  0.339486  0.532124  0.476451  0.475603  0.384608  0.565826  0.600115  0.574372  0.384820  0.617806  0.476249  0.578401  0.530045  0.431934  0.678124  0.578442  0.470520  0.528338  0.285113  0.495370  0.557273  0.468547  0.731192  0.758064  0.597292  0.607648  0.658081  0.745059  0.575702  0.559875  0.501495  0.473514  0.627684  0.475467  0.466920  0.619153  0.525713  0.533772  0.636466  0.426476  0.325705  0.851325  0.474251  0.477806  0.459729  0.879752  0.538597  0.478994  0.544943  0.507770  0.705288  0.568806  0.479050  0.702007  0.571881  0.600699  0.412468  0.766181  0.570111  0.510874  0.640949  0.847849  0.380644  0.798657  0.501565  0.434887  0.565456  0.416713  0.416218  0.529523 
10  0.802109  0.752329  0.825837  0.871126  0.818250  0.825800  0.880760  0.788931  0.855448  0.839041 0.0  0.859972  0.806764  0.857241  0.800777  0.869995  0.746523  0.835901  0.789505  0.823825  0.800506  0.778473  0.808517  0.788809  0.573233  0.801208  0.800300  0.827855  0.530166  0.858556  0.804061  0.849117  0.643289  0.772235  0.732990  0.788973  0.828862  0.810340  0.739075  0.871354  0.874819  0.867747  0.898417  0.805728  0.887620  0.899387  0.906595  0.858686  0.771349  0.881474  0.817469  0.830955  0.874109  0.841604  0.794672  0.814691  0.880956  0.810245  0.791966  0.830101  0.856868  0.831023  0.809104  0.887704  0.810235  0.749767  0.803671  0.734431  0.732834  0.821385  0.869002  0.828898  0.795181  0.769332  0.720247  0.820982  0.830336  0.767846  0.887769  0.876992  0.858854  0.757915  0.720754  0.803911  0.756583  0.826093  0.804229  0.762905  0.866755  0.861234  0.812186  0.793641  0.782988  0.737908  0.771404  0.784735  0.891869  0.837103  0.815539  0.808468  0.827581  0.599768  0.368205  0.789834  0.777749  0.854294  0.752549  0.335004  0.772007  0.785734  0.864965  0.680312  0.861712  0.752406  0.753488  0.329788  0.744647  0.313829  0.909837  0.818898  0.869196  0.899465  0.730345  0.809140  0.844355  0.842747  0.717147  0.747095  0.762245  0.663648  0.803304  0.766914  0.807694  0.800437  0.780830  0.881047  0.849588  0.688450  0.760175  0.918489  0.767926  0.816381  0.897360  0.878237  0.800858  0.883131  0.787842  0.859098  0.784013  0.700140  0.752598  0.826670  0.841699  0.868237  0.683012  0.850087  0.912613  0.936269  0.870644  0.774732  0.817906  0.766075  0.804396  0.871547  0.919938  0.779341  0.947638  0.837403  0.400804  0.835309  0.827376  0.750778  0.387418  0.783713  0.797542  0.744216  0.777435  0.595391  0.857043  0.805313  0.784274  0.768054  0.897410  0.813669  0.323587  0.808920  0.747368  0.825166  0.629491  0.852319  0.271972  0.902038  0.860772  0.819407  0.830923  0.859942  0.840182 
11  0.440237  0.479794  0.373337  0.437876  0.530267  0.591265  0.624046  0.400849  0.431516  0.588114  0.859972 0.0  0.377070  0.319389  0.730898  0.287185  0.454448  0.401175  0.532925  0.514220  0.501234  0.563143  0.218817  0.383935  0.747713  0.248377  0.379665  0.291806  0.826884  0.503136  0.307491  0.316864  0.767379  0.488951  0.371171  0.378956  0.492216  0.464878  0.681180  0.285789  0.291712  0.486242  0.242808  0.436045  0.403565  0.446378  0.307426  0.259451  0.503888  0.289213  0.554544  0.521130  0.644869  0.313923  0.526010  0.574952  0.405723  0.360536  0.485540  0.552434  0.459517  0.342785  0.386156  0.331128  0.327283  0.326711  0.261416  0.464897  0.453719  0.569185  0.216167  0.360916  0.351013  0.483125  0.436656  0.284402  0.484918  0.614661  0.375611  0.277382  0.284075  0.287523  0.569573  0.504496  0.503843  0.325922  0.406796  0.764316  0.357742  0.271685  0.358506  0.360066  0.342196  0.434121  0.302156  0.342976  0.511599  0.496363  0.314174  0.243470  0.515004  0.880866  0.807830  0.507472  0.382259  0.347971  0.509650  0.733857  0.575687  0.573566  0.361287  0.434498  0.370294  0.306019  0.403036  0.774595  0.330873  0.828247  0.340556  0.398341  0.387255  0.576613  0.802512  0.333894  0.312241  0.519171  0.215722  0.538655  0.221655  0.558717  0.303486  0.645613  0.372985  0.764605  0.415448  0.565621  0.343333  0.223332  0.577686  0.384128  0.362792  0.626502  0.341446  0.281389  0.366579  0.626200  0.485033  0.455727  0.388819  0.740111  0.840928  0.244303  0.263398  0.258421  0.630802  0.269109  0.366287  0.425157  0.237608  0.264140  0.291618  0.334931  0.318139  0.426402  0.368224  0.384791  0.484367  0.448574  0.800251  0.648356  0.360223  0.477373  0.755196  0.452618  0.374472  0.439928  0.480627  0.641523  0.275597  0.466712  0.572558  0.322247  0.360920  0.445272  0.939484  0.282392  0.378533  0.709611  0.778913  0.588088  0.934851  0.387724  0.460682  0.393459  0.444908  0.404049  0.347025 
12  0.524167  0.474332  0.388500  0.573515  0.507658  0.412879  0.487901  0.290523  0.351275  0.540352  0.806764  0.377070 0.0  0.223041  0.653254  0.369834  0.407793  0.294597  0.566779  0.634127  0.621569  0.356863  0.270845  0.318244  0.799748  0.357187  0.173321  0.268035  0.675607  0.572569  0.253417  0.346634  0.832230  0.484210  0.417282  0.413464  0.521514  0.538058  0.711905  0.180830  0.310528  0.587038  0.230873  0.416270  0.488543  0.521159  0.447865  0.238149  0.527994  0.379410  0.658292  0.506985  0.577597  0.431482  0.531311  0.543673  0.531128  0.466793  0.499322  0.597421  0.333798  0.298977  0.444030  0.316305  0.364934  0.239102  0.316575  0.407383  0.479528  0.618172  0.407319  0.502570  0.386281  0.479202  0.462703  0.269391  0.501776  0.520250  0.318347  0.316697  0.398582  0.331078  0.526713  0.575740  0.477227  0.312198  0.350582  0.635210  0.400659  0.374943  0.304720  0.360094  0.326576  0.301892  0.327825  0.224600  0.626912  0.566243  0.321722  0.371622  0.477224  0.799794  0.796933  0.603566  0.423815  0.347057  0.535577  0.844583  0.531212  0.554864  0.239620  0.537934  0.429755  0.237631  0.260202  0.777286  0.409711  0.707737  0.354950  0.269358  0.454433  0.510821  0.792199  0.282268  0.351650  0.600132  0.405814  0.526633  0.376971  0.503689  0.462195  0.528584  0.394814  0.490446  0.366229  0.463716  0.278855  0.310186  0.488014  0.347222  0.324485  0.636500  0.324161  0.400954  0.390939  0.544337  0.331358  0.369149  0.406200  0.688127  0.711416  0.349376  0.360009  0.349003  0.664051  0.375139  0.354113  0.268065  0.336940  0.407035  0.301131  0.432291  0.279534  0.460600  0.316215  0.324347  0.493183  0.459645  0.781436  0.614774  0.235386  0.500050  0.801165  0.233985  0.341628  0.447117  0.340599  0.769006  0.304434  0.354416  0.680094  0.339659  0.288466  0.507563  0.856059  0.399625  0.376707  0.601738  0.742734  0.528279  0.677581  0.270222  0.470401  0.255084  0.437117  0.434647  0.359300 
13  0.574750  0.439690  0.379232  0.457838  0.481703  0.482677  0.576824  0.417847  0.370431  0.482732  0.857241  0.319389  0.223041 0.0  0.761672  0.303263  0.447121  0.296601  0.451550  0.720634  0.649039  0.457975  0.313408  0.353230  0.790056  0.457064  0.305300  0.409943  0.824375  0.540909  0.383380  0.288773  0.775806  0.554725  0.386791  0.344095  0.493218  0.500828  0.752569  0.276348  0.284865  0.570984  0.345327  0.435362  0.334998  0.401225  0.399719  0.465291  0.553293  0.345333  0.621641  0.508321  0.651139  0.467458  0.520319  0.556555  0.491816  0.457534  0.488071  0.487595  0.480641  0.278537  0.362290  0.303169  0.250370  0.385501  0.355392  0.359929  0.492054  0.622567  0.313636  0.493760  0.385171  0.394825  0.447130  0.250222  0.576824  0.604291  0.290637  0.311430  0.239106  0.349879  0.639118  0.444333  0.503734  0.339606  0.384498  0.686874  0.357131  0.366904  0.337306  0.425157  0.291788  0.307805  0.307664  0.317155  0.558238  0.544173  0.266489  0.276938  0.540651  0.899625  0.901999  0.481419  0.330729  0.339023  0.552374  0.768740  0.462313  0.509699  0.353449  0.369911  0.372242  0.409332  0.319408  0.734521  0.393543  0.853585  0.369345  0.376073  0.347165  0.618945  0.700848  0.315086  0.381407  0.526715  0.322967  0.482190  0.331925  0.495573  0.268311  0.417486  0.324015  0.597010  0.414850  0.523486  0.319784  0.391161  0.542443  0.318077  0.302014  0.682531  0.378070  0.350787  0.453588  0.512644  0.446782  0.425194  0.408542  0.643075  0.746888  0.356252  0.230144  0.408603  0.582781  0.333534  0.247166  0.356867  0.432761  0.274833  0.346359  0.382662  0.266865  0.286016  0.452169  0.236373  0.526293  0.444974  0.752797  0.511721  0.362859  0.503054  0.818361  0.361991  0.259257  0.330586  0.339568  0.787300  0.289315  0.215799  0.646307  0.360835  0.278608  0.533056  0.817221  0.301954  0.334603  0.688643  0.787052  0.596928  0.771957  0.379444  0.589640  0.340031  0.417154  0.543659  0.286058 
14  0.679607  0.676729  0.661772  0.588882  0.652209  0.685563  0.718137  0.662774  0.702362  0.672514  0.800777  0.730898  0.653254  0.761672 0.0  0.555268  0.572776  0.651287  0.616699  0.501229  0.587242  0.643275  0.567087  0.680715  0.829551  0.710366  0.601544  0.673094  0.753473  0.715729  0.685955  0.635314  0.867968  0.620680  0.467754  0.533732  0.620737  0.693685  0.575178  0.537446  0.664286  0.676942  0.628973  0.629271  0.529898  0.624803  0.638819  0.625502  0.598336  0.573493  0.562664  0.685097  0.485320  0.582710  0.650865  0.622266  0.599506  0.477495  0.683813  0.681247  0.586250  0.657552  0.668140  0.586086  0.696497  0.578897  0.634506  0.585151  0.548077  0.526707  0.606276  0.655567  0.541331  0.686159  0.666139  0.611481  0.535812  0.566713  0.594518  0.573024  0.679396  0.678961  0.547960  0.624940  0.691478  0.720242  0.635609  0.688191  0.689122  0.617348  0.624975  0.504447  0.624574  0.587966  0.545924  0.695953  0.678585  0.702173  0.549895  0.669150  0.614170  0.854329  0.879085  0.661370  0.682547  0.683014  0.576489  0.821487  0.629693  0.685525  0.635128  0.693392  0.472805  0.620479  0.604637  0.900968  0.621831  0.719159  0.527745  0.662791  0.468365  0.622320  0.800459  0.695228  0.517468  0.542315  0.680367  0.674536  0.635382  0.622593  0.674706  0.698692  0.693882  0.397442  0.621792  0.707507  0.619354  0.598107  0.471026  0.723020  0.738695  0.406731  0.552236  0.633454  0.633096  0.637677  0.587244  0.648631  0.638657  0.691163  0.828254  0.650860  0.705253  0.629194  0.775072  0.599366  0.569510  0.626491  0.754094  0.705582  0.606636  0.610660  0.590703  0.583476  0.671477  0.641963  0.556061  0.619019  0.759474  0.715567  0.630970  0.616524  0.838622  0.640985  0.602049  0.597406  0.692193  0.702679  0.558435  0.738838  0.455234  0.596064  0.684439  0.576857  0.829973  0.660882  0.677928  0.557536  0.803380  0.512147  0.813337  0.711553  0.713519  0.653459  0.569774  0.712813  0.699512 
15  0.639627  0.515881  0.438064  0.550776  0.469741  0.546614  0.597096  0.293561  0.357527  0.523759  0.869995  0.287185  0.369834  0.303263  0.555268 0.0  0.383866  0.365556  0.578658  0.627597  0.581663  0.382778  0.422949  0.427260  0.734841  0.337886  0.440981  0.351644  0.829204  0.580156  0.300318  0.285307  0.801377  0.451391  0.481749  0.437566  0.622825  0.507466  0.725383  0.278182  0.357812  0.603127  0.303821  0.394240  0.416082  0.575031  0.328535  0.502031  0.515579  0.381374  0.611789  0.541084  0.651987  0.415827  0.496962  0.449827  0.535006  0.446906  0.517328  0.560273  0.399703  0.406990  0.347030  0.259645  0.332927  0.363454  0.305150  0.350473  0.423956  0.702889  0.358177  0.395553  0.314294  0.442153  0.515459  0.275657  0.595072  0.526152  0.263147  0.311809  0.303843  0.248064  0.529901  0.432056  0.565253  0.369554  0.425719  0.781272  0.379146  0.340998  0.193009  0.282744  0.304129  0.309984  0.267760  0.368965  0.483334  0.534900  0.337535  0.326330  0.523520  0.756218  0.854100  0.549497  0.337133  0.321249  0.612081  0.742845  0.575494  0.571254  0.322183  0.583664  0.306854  0.280951  0.267954  0.755336  0.297688  0.831314  0.348921  0.387375  0.487414  0.619866  0.873809  0.201136  0.391627  0.504979  0.311988  0.514564  0.302609  0.564897  0.345040  0.595495  0.282802  0.477754  0.333455  0.576800  0.342317  0.296872  0.610174  0.353057  0.355460  0.560330  0.402682  0.351855  0.444101  0.510458  0.391992  0.346196  0.441225  0.716172  0.677852  0.280587  0.425458  0.327849  0.691218  0.320201  0.181319  0.362251  0.367365  0.338666  0.388958  0.243932  0.452761  0.307643  0.347774  0.386899  0.532394  0.365792  0.807890  0.592494  0.342073  0.475734  0.855691  0.410687  0.307039  0.324944  0.374536  0.702368  0.293403  0.304874  0.621919  0.320634  0.233638  0.466004  0.847090  0.347656  0.337262  0.585473  0.741624  0.547299  0.844117  0.437680  0.534246  0.339611  0.453313  0.486469  0.334920 
16  0.504592  0.367489  0.316941  0.459403  0.425423  0.443222  0.494108  0.415948  0.361964  0.535615  0.746523  0.454448  0.407793  0.447121  0.572776  0.383866 0.0  0.374749  0.563345  0.564074  0.498929  0.401442  0.356670  0.417895  0.730657  0.406594  0.495408  0.352208  0.729930  0.501257  0.440419  0.450185  0.808024  0.612714  0.422410  0.345575  0.492198  0.454275  0.658127  0.372845  0.484238  0.433210  0.389332  0.367227  0.461372  0.471371  0.374855  0.438778  0.462659  0.340407  0.765530  0.567501  0.597133  0.234437  0.541073  0.423903  0.450978  0.483687  0.445075  0.514203  0.275076  0.435549  0.345656  0.436936  0.393241  0.527425  0.397833  0.395884  0.391416  0.588312  0.438275  0.450925  0.504045  0.349466  0.378912  0.397211  0.513459  0.463509  0.335237  0.409520  0.332279  0.424928  0.558669  0.531231  0.532408  0.320231  0.434613  0.791787  0.435006  0.347884  0.334979  0.475741  0.348083  0.437392  0.312693  0.429683  0.588874  0.532407  0.459016  0.455000  0.465897  0.812472  0.802122  0.483213  0.411907  0.286326  0.443345  0.710396  0.493576  0.561353  0.400384  0.401987  0.367403  0.438020  0.389189  0.756289  0.418654  0.753955  0.322424  0.497701  0.395625  0.505613  0.780706  0.407175  0.435630  0.455824  0.334748  0.494311  0.424857  0.428056  0.411378  0.452056  0.452130  0.547807  0.425111  0.511009  0.476982  0.380491  0.545821  0.302961  0.344528  0.647874  0.403557  0.427078  0.406472  0.551852  0.518920  0.356878  0.321048  0.756156  0.789152  0.359309  0.443793  0.314640  0.717039  0.397877  0.432233  0.494485  0.416495  0.415914  0.321635  0.428490  0.385984  0.319515  0.386603  0.451795  0.469463  0.437525  0.778845  0.485827  0.333449  0.509324  0.778063  0.377944  0.410262  0.502524  0.557730  0.666638  0.393136  0.439097  0.635944  0.465354  0.324961  0.552896  0.835714  0.458872  0.385020  0.645156  0.903858  0.396339  0.856118  0.417537  0.417037  0.337763  0.327011  0.447785  0.479823 
17  0.491278  0.563232  0.331196  0.612431  0.574138  0.504395  0.588293  0.342865  0.324161  0.572760  0.835901  0.401175  0.294597  0.296601  0.651287  0.365556  0.374749 0.0  0.558130  0.640801  0.512198  0.383706  0.325391  0.289171  0.755957  0.418172  0.287871  0.214273  0.745103  0.598156  0.340402  0.434165  0.804972  0.531531  0.410013  0.446468  0.527545  0.507665  0.663289  0.289591  0.403656  0.609064  0.269792  0.432856  0.363697  0.483936  0.376119  0.358218  0.439592  0.340805  0.710969  0.508986  0.605777  0.347972  0.466322  0.422561  0.448642  0.380641  0.412742  0.463941  0.440373  0.286149  0.400186  0.240055  0.177528  0.426087  0.284708  0.382665  0.453844  0.577409  0.306070  0.374335  0.444800  0.393937  0.423318  0.281947  0.542595  0.477878  0.343391  0.319726  0.222498  0.351811  0.435164  0.468840  0.518156  0.359775  0.304139  0.606206  0.347877  0.384353  0.302611  0.289974  0.356081  0.383483  0.334319  0.346439  0.461176  0.488789  0.453765  0.422391  0.474993  0.800044  0.788258  0.544548  0.238061  0.285560  0.607682  0.955020  0.567886  0.515779  0.253680  0.368190  0.338979  0.304328  0.301822  0.919155  0.366695  0.824844  0.473585  0.342717  0.423217  0.539384  0.802074  0.345912  0.303409  0.564615  0.413789  0.562261  0.354637  0.482241  0.427943  0.477429  0.374906  0.524276  0.334384  0.485852  0.357097  0.289426  0.546187  0.365088  0.316127  0.582608  0.245820  0.347801  0.457426  0.532710  0.441659  0.327820  0.427688  0.626131  0.856459  0.289669  0.358457  0.385046  0.767961  0.438572  0.376356  0.360268  0.253163  0.411451  0.244644  0.355406  0.308725  0.406865  0.365212  0.340149  0.512903  0.434493  0.763302  0.565912  0.365104  0.511430  0.841793  0.331357  0.376654  0.386921  0.346934  0.711629  0.318553  0.367713  0.678136  0.357381  0.184180  0.584348  0.794024  0.327824  0.351129  0.601020  0.795082  0.495351  0.818075  0.459706  0.541115  0.395755  0.394680  0.581950  0.398234 
18  0.428109  0.511148  0.540222  0.248797  0.194996  0.281147  0.195298  0.530332  0.471782  0.503418  0.789505  0.532925  0.566779  0.451550  0.616699  0.578658  0.563345  0.558130 0.0  0.652861  0.542884  0.545517  0.594384  0.559371  0.807111  0.578506  0.582734  0.465300  0.829708  0.485394  0.505744  0.553646  0.800971  0.518432  0.320973  0.525880  0.490579  0.646978  0.665932  0.588937  0.585190  0.577697  0.584087  0.481739  0.357423  0.366559  0.419048  0.588297  0.302880  0.522448  0.557310  0.332271  0.575765  0.598856  0.356869  0.629955  0.522219  0.540735  0.573726  0.395639  0.476134  0.571911  0.517731  0.488425  0.548208  0.479443  0.569042  0.539454  0.492458  0.553231  0.444720  0.495547  0.431502  0.487964  0.567148  0.458311  0.489710  0.492171  0.538403  0.432630  0.461289  0.515564  0.449321  0.672366  0.507242  0.477498  0.562199  0.749511  0.606544  0.522273  0.456107  0.601699  0.524014  0.531804  0.519172  0.493602  0.338949  0.579056  0.511887  0.546870  0.553997  0.733320  0.761390  0.622015  0.424710  0.540050  0.648016  0.903655  0.479552  0.466325  0.570620  0.464405  0.520697  0.643234  0.549472  0.774878  0.585829  0.774463  0.513257  0.537242  0.427822  0.492397  0.760452  0.445910  0.462180  0.477493  0.510224  0.532122  0.598972  0.471258  0.579476  0.575314  0.513233  0.589281  0.469329  0.548166  0.578106  0.524567  0.336174  0.546741  0.506168  0.612773  0.501107  0.551193  0.505273  0.500706  0.501708  0.567945  0.467003  0.712248  0.742996  0.449246  0.576759  0.462675  0.724426  0.509799  0.512302  0.539138  0.565308  0.493942  0.562256  0.537878  0.559815  0.528499  0.510428  0.609067  0.621141  0.455901  0.836742  0.642069  0.502546  0.614013  0.809586  0.472476  0.582995  0.471143  0.665445  0.700268  0.541655  0.512773  0.601886  0.406011  0.520346  0.566437  0.716888  0.553324  0.501429  0.682888  0.837457  0.553995  0.780927  0.606191  0.508898  0.471883  0.502670  0.523069  0.584618 
19  0.602299  0.659312  0.633178  0.604851  0.571625  0.660853  0.488536  0.547719  0.561924  0.636614  0.823825  0.514220  0.634127  0.720634  0.501229  0.627597  0.564074  0.640801  0.652861 0.0  0.651864  0.661119  0.667122  0.600503  0.773031  0.691875  0.529550  0.450620  0.838315  0.607629  0.514379  0.577299  0.830090  0.625267  0.594453  0.628602  0.631384  0.560933  0.339055  0.740528  0.596074  0.626511  0.617100  0.622725  0.578204  0.496610  0.513729  0.768939  0.545101  0.582818  0.365054  0.682963  0.494760  0.676304  0.595748  0.603917  0.563374  0.613113  0.719261  0.577827  0.532141  0.489139  0.609930  0.549667  0.657886  0.593032  0.592399  0.720892  0.682358  0.637179  0.611253  0.587766  0.534312  0.563067  0.676104  0.691586  0.667879  0.573749  0.553818  0.622591  0.630505  0.749971  0.626710  0.737650  0.551813  0.548232  0.659623  0.616857  0.509632  0.540218  0.554640  0.701880  0.571950  0.718898  0.627126  0.671875  0.531457  0.567848  0.618674  0.623436  0.623464  0.747207  0.804117  0.623822  0.667550  0.725241  0.645974  0.793918  0.603283  0.612416  0.616575  0.639529  0.607789  0.571892  0.642594  0.819040  0.736995  0.700725  0.552642  0.586133  0.665619  0.614792  0.763298  0.610838  0.570202  0.595308  0.599460  0.749496  0.621991  0.583088  0.521634  0.648165  0.633541  0.275035  0.650428  0.659101  0.657834  0.673549  0.608322  0.586933  0.414128  0.327942  0.547252  0.682862  0.691939  0.548808  0.666599  0.618330  0.555425  0.775683  0.802945  0.623939  0.571074  0.617899  0.669377  0.569681  0.555337  0.741858  0.548850  0.568938  0.707779  0.633279  0.568967  0.684440  0.549002  0.717487  0.627113  0.546545  0.835058  0.609638  0.668970  0.679702  0.751989  0.676764  0.701659  0.665062  0.498755  0.734139  0.618952  0.617517  0.420802  0.533057  0.704259  0.562269  0.801883  0.583634  0.439469  0.424482  0.778470  0.561110  0.945918  0.595914  0.613483  0.492942  0.793173  0.661646  0.646161 
