197
0 0.0  0.541284  0.458890  0.329126  0.281958  0.326715  0.405832  0.502039  0.538400  0.481505  0.780022  0.551255  0.412676  0.607525  0.605592  0.475987  0.441863  0.507525  0.369168  0.523224  0.474598  0.560906  0.528756  0.552675  0.723119  0.539190  0.546185  0.432290  0.819609  0.529714  0.526329  0.501402  0.722795  0.538970  0.378625  0.455485  0.509288  0.492557  0.585128  0.420036  0.496037  0.393847  0.416856  0.427335  0.444315  0.405586  0.535895  0.485124  0.501461  0.600830  0.664208  0.441288  0.719894  0.498531  0.283459  0.475027  0.461955  0.487959  0.453546  0.454219  0.515083  0.513835  0.522683  0.510274  0.430051  0.612157  0.427689  0.453062  0.574699  0.545426  0.539550  0.571685  0.416049  0.503848  0.503470  0.506578  0.534387  0.369039  0.563457  0.523652  0.449115  0.427088  0.468331  0.487266  0.473545  0.562077  0.605373  0.702290  0.497393  0.491965  0.481156  0.411761  0.556791  0.443356  0.582312  0.619433  0.294755  0.486982  0.572436  0.436879  0.505852  0.817681  0.755122  0.537573  0.473361  0.450666  0.479517  0.819032  0.512012  0.582790  0.483642  0.614280  0.446439  0.404003  0.461254  0.859493  0.512557  0.781550  0.490376  0.491765  0.502809  0.402366  0.901665  0.464362  0.450683  0.476102  0.564217  0.543563  0.458136  0.456353  0.508954  0.493602  0.424890  0.677097  0.568792  0.452109  0.570397  0.417970  0.411423  0.499411  0.498815  0.581534  0.437414  0.425530  0.491527  0.618261  0.349671  0.460044  0.565417  0.800111  0.779516  0.520176  0.519325  0.429249  0.684474  0.602558  0.446566  0.506977  0.538107  0.497901  0.483854  0.415890  0.559106  0.456739  0.429843  0.537475  0.470437  0.468061  0.777620  0.604770  0.486900  0.441009  0.703754  0.504338  0.498319  0.470767  0.466979  0.740841  0.454965  0.498986  0.657262  0.436524  0.414752  0.492934  0.863601  0.484611  0.477628  0.676088  0.854908  0.525122  0.805590  0.537836  0.434045  0.467530  0.512338  0.458766  0.522355 
1  0.541284 0.0  0.439865  0.380668  0.628427  0.416508  0.483044  0.426418  0.431621  0.534429  0.905837  0.408500  0.422693  0.517693  0.601749  0.503303  0.422763  0.375852  0.591318  0.759564  0.504070  0.476415  0.510268  0.444823  0.821712  0.420635  0.433657  0.495502  0.789140  0.614802  0.461086  0.511504  0.850294  0.505056  0.494383  0.265371  0.389568  0.610449  0.680753  0.477690  0.449312  0.630334  0.441046  0.378484  0.396419  0.502041  0.362763  0.471392  0.572754  0.428177  0.777448  0.503115  0.620991  0.470302  0.413988  0.556721  0.567870  0.291936  0.440827  0.488581  0.354341  0.501965  0.366209  0.543688  0.525365  0.496977  0.400164  0.331441  0.407082  0.588672  0.489541  0.523272  0.439053  0.336213  0.390064  0.521449  0.589770  0.634861  0.524167  0.547585  0.434766  0.507637  0.578466  0.564047  0.567558  0.547448  0.600027  0.679939  0.334360  0.492847  0.438774  0.539356  0.516592  0.386905  0.448359  0.525966  0.482282  0.574418  0.520005  0.510219  0.473480  0.821229  0.748953  0.510072  0.552886  0.555605  0.505605  0.880881  0.635349  0.548421  0.486822  0.503314  0.521652  0.341802  0.347563  0.807576  0.399247  0.806448  0.489385  0.328552  0.484897  0.546775  0.742001  0.519418  0.399498  0.489874  0.431267  0.417101  0.503874  0.539135  0.308678  0.498798  0.427223  0.572659  0.459071  0.613684  0.386704  0.357877  0.500079  0.375387  0.491734  0.610830  0.396988  0.435098  0.393218  0.451176  0.247211  0.383621  0.385705  0.747934  0.892224  0.461765  0.332367  0.383563  0.603717  0.366540  0.391607  0.414301  0.427108  0.391422  0.505563  0.558530  0.460261  0.426964  0.437470  0.518748  0.591654  0.514591  0.787173  0.569281  0.426710  0.545775  0.805884  0.522444  0.356263  0.539248  0.494542  0.719736  0.442951  0.380383  0.601599  0.482372  0.441016  0.590379  0.858606  0.515833  0.438822  0.682581  0.818169  0.596541  0.911232  0.462653  0.382684  0.399589  0.406246  0.462722  0.451678 
2  0.458890  0.439865 0.0  0.633035  0.579372  0.535528  0.498006  0.234624  0.226031  0.552093  0.805715  0.408714  0.328900  0.344612  0.732326  0.399097  0.428445  0.387916  0.605535  0.715407  0.629567  0.468372  0.402794  0.375246  0.903959  0.341022  0.471373  0.304954  0.870838  0.509207  0.352108  0.430173  0.829757  0.498553  0.327760  0.414019  0.629043  0.446767  0.722672  0.325870  0.461496  0.554798  0.384836  0.366436  0.343929  0.555114  0.354218  0.378425  0.465684  0.447908  0.716952  0.659659  0.685010  0.407426  0.514505  0.496131  0.600772  0.351320  0.510284  0.582000  0.464346  0.356131  0.389713  0.374551  0.265147  0.348028  0.340920  0.280631  0.479276  0.637946  0.398327  0.494032  0.398567  0.495450  0.473475  0.364191  0.516087  0.517357  0.375887  0.341491  0.420986  0.331275  0.464097  0.450493  0.515365  0.364329  0.375950  0.661948  0.414889  0.349701  0.364307  0.284178  0.267865  0.456509  0.401386  0.481214  0.580568  0.507005  0.422446  0.402314  0.599576  0.843367  0.793464  0.517295  0.397596  0.260674  0.436424  0.832967  0.547105  0.607958  0.287235  0.499542  0.376151  0.390212  0.333968  0.814262  0.416405  0.879135  0.332636  0.431444  0.429688  0.609454  0.862686  0.425763  0.390843  0.554250  0.310135  0.560487  0.379893  0.592213  0.331654  0.510445  0.286445  0.633627  0.358701  0.608462  0.453996  0.354718  0.466734  0.374256  0.297060  0.624656  0.434016  0.415128  0.482297  0.429757  0.503068  0.449822  0.509387  0.705139  0.728813  0.420987  0.490900  0.354273  0.840986  0.410444  0.482968  0.417812  0.330685  0.413664  0.343653  0.370188  0.362429  0.383027  0.330632  0.349722  0.508984  0.492111  0.825708  0.522922  0.367596  0.560826  0.773234  0.329219  0.318298  0.283445  0.345817  0.711353  0.351549  0.380605  0.583727  0.228410  0.525276  0.514179  0.815496  0.366009  0.273270  0.617640  0.832883  0.439956  0.919489  0.510420  0.587500  0.388563  0.395684  0.557866  0.474915 
3  0.329126  0.380668  0.633035 0.0  0.306368  0.381051  0.180183  0.489006  0.495903  0.545931  0.780226  0.518835  0.503117  0.652009  0.677772  0.509531  0.513197  0.590895  0.281483  0.573233  0.534252  0.336248  0.540083  0.555117  0.785188  0.620440  0.579727  0.562556  0.907144  0.438878  0.610118  0.577494  0.836551  0.498820  0.421939  0.439299  0.540398  0.573863  0.719621  0.508878  0.497827  0.557458  0.543022  0.580906  0.441270  0.327625  0.494809  0.531943  0.449109  0.529426  0.621848  0.459833  0.674193  0.504691  0.352985  0.490349  0.463301  0.494069  0.481135  0.485099  0.554714  0.619364  0.640692  0.529677  0.613752  0.539035  0.492786  0.440567  0.533671  0.576459  0.530423  0.421330  0.278572  0.552825  0.559394  0.445799  0.574365  0.526659  0.496729  0.477423  0.402134  0.531600  0.577462  0.523652  0.494096  0.475282  0.534163  0.753719  0.529335  0.499226  0.472810  0.578151  0.490009  0.576222  0.502020  0.600880  0.283798  0.516596  0.446485  0.478750  0.428406  0.743189  0.809126  0.517194  0.659173  0.567444  0.591907  0.847871  0.593473  0.540641  0.520624  0.573140  0.505520  0.514230  0.577299  0.829567  0.457285  0.840850  0.579499  0.462074  0.552553  0.420533  0.768701  0.574766  0.559293  0.578025  0.461370  0.467264  0.483459  0.578176  0.530539  0.490024  0.659897  0.522142  0.488637  0.545718  0.492003  0.637287  0.377610  0.604962  0.568719  0.547139  0.595998  0.582201  0.493833  0.425427  0.543320  0.612620  0.413403  0.569832  0.870357  0.549838  0.535618  0.502768  0.677649  0.520979  0.502288  0.502511  0.423783  0.542895  0.625689  0.547073  0.459213  0.536549  0.526342  0.498843  0.530493  0.504825  0.950529  0.537920  0.558582  0.560485  0.861551  0.468852  0.525193  0.534033  0.552323  0.605373  0.515149  0.398674  0.667469  0.511954  0.588978  0.680406  0.865118  0.508347  0.576988  0.663977  0.847130  0.534842  0.799263  0.537029  0.565314  0.439324  0.454695  0.516575  0.529097 
4  0.281958  0.628427  0.579372  0.306368 0.0  0.328591  0.267003  0.541335  0.497381  0.571944  0.775951  0.550037  0.626049  0.550752  0.574401  0.588132  0.556929  0.522412  0.301495  0.652887  0.489409  0.493008  0.507515  0.505311  0.845743  0.606166  0.638623  0.561534  0.837687  0.644190  0.511720  0.488582  0.819389  0.522310  0.340425  0.585981  0.594130  0.555897  0.579896  0.578968  0.627761  0.545313  0.536150  0.561318  0.425837  0.340620  0.567254  0.448428  0.445841  0.612401  0.640421  0.414074  0.687275  0.465595  0.395468  0.547630  0.509899  0.580037  0.504811  0.542944  0.368353  0.572031  0.521409  0.565663  0.530953  0.474534  0.582977  0.410920  0.609370  0.690302  0.528877  0.535380  0.568576  0.484191  0.590097  0.510029  0.440046  0.524163  0.561073  0.455978  0.535240  0.549970  0.509456  0.470866  0.508296  0.630358  0.462001  0.681498  0.582690  0.575355  0.477499  0.558006  0.513505  0.513514  0.559138  0.606413  0.381480  0.603031  0.439068  0.534895  0.507577  0.774747  0.788316  0.481192  0.452757  0.584260  0.526132  0.913788  0.573552  0.574717  0.546337  0.580502  0.687053  0.572566  0.504243  1.000000  0.512835  0.806522  0.580217  0.632220  0.582674  0.700643  0.713788  0.579488  0.546448  0.568642  0.435970  0.578144  0.512167  0.547720  0.574144  0.620852  0.476456  0.641659  0.534899  0.367820  0.585426  0.576466  0.284540  0.604613  0.497010  0.643031  0.617075  0.437339  0.512239  0.510357  0.523375  0.559952  0.476449  0.790080  0.824161  0.551617  0.527651  0.497775  0.694984  0.603238  0.599122  0.479816  0.536923  0.531630  0.566413  0.582742  0.588516  0.569970  0.436414  0.476274  0.590367  0.434250  0.828367  0.535378  0.575994  0.482841  0.751204  0.511266  0.507650  0.516680  0.642182  0.760820  0.526640  0.478717  0.642235  0.498486  0.527081  0.427971  0.836887  0.493433  0.497517  0.615030  0.883586  0.522353  0.891873  0.492189  0.601253  0.623031  0.540116  0.550076  0.568677 
5  0.326715  0.416508  0.535528  0.381051  0.328591 0.0  0.411215  0.491743  0.606310  0.686311  0.867309  0.508246  0.518054  0.503018  0.613732  0.501323  0.488059  0.484624  0.291859  0.565869  0.525052  0.511445  0.506063  0.507693  0.799795  0.541716  0.438218  0.566872  0.798898  0.451235  0.487024  0.493336  0.849922  0.440634  0.478649  0.485274  0.412939  0.539166  0.667732  0.525276  0.425790  0.505767  0.457147  0.482780  0.521354  0.420812  0.536211  0.546646  0.318230  0.466940  0.627818  0.388016  0.649195  0.554865  0.324626  0.445061  0.433066  0.533093  0.451874  0.409104  0.531967  0.468339  0.489056  0.550784  0.502697  0.413090  0.420769  0.461286  0.564010  0.591827  0.472884  0.501715  0.429681  0.506895  0.547275  0.593793  0.374078  0.566560  0.518901  0.519513  0.425781  0.526264  0.401892  0.491904  0.503025  0.461256  0.573500  0.812436  0.535679  0.486707  0.464266  0.497920  0.468345  0.592873  0.452332  0.547657  0.327447  0.419341  0.520029  0.527649  0.581048  0.803482  0.876967  0.522713  0.467781  0.528271  0.471696  0.782001  0.525539  0.544864  0.614712  0.504013  0.443180  0.516171  0.457380  0.799208  0.552642  0.810952  0.471189  0.448034  0.509067  0.605276  0.802702  0.514710  0.449362  0.553580  0.424230  0.551443  0.485642  0.528946  0.517021  0.494606  0.490900  0.642551  0.435986  0.446959  0.512509  0.453310  0.356831  0.471430  0.395493  0.614171  0.526389  0.379579  0.540929  0.395861  0.503897  0.357928  0.496427  0.689489  0.839507  0.501046  0.428044  0.478848  0.670138  0.520461  0.469405  0.501413  0.512010  0.575781  0.519524  0.488291  0.495985  0.379855  0.471856  0.542761  0.568753  0.574940  0.826927  0.626035  0.528558  0.523330  0.754353  0.501910  0.439137  0.498701  0.463274  0.737666  0.532124  0.545520  0.625599  0.491199  0.400415  0.611544  0.811741  0.470358  0.480509  0.606369  0.859948  0.442744  0.902291  0.468860  0.524903  0.626834  0.427605  0.585460  0.543251 
6  0.405832  0.483044  0.498006  0.180183  0.267003  0.411215 0.0  0.473698  0.573273  0.681176  0.803302  0.566072  0.496938  0.450470  0.553523  0.474311  0.411345  0.520733  0.292739  0.671647  0.531381  0.588399  0.581899  0.490191  0.673306  0.538870  0.524047  0.592123  0.698744  0.519653  0.527209  0.554490  0.898140  0.478621  0.348360  0.538712  0.610411  0.521317  0.707937  0.572128  0.560152  0.554509  0.619160  0.580596  0.442130  0.252288  0.488096  0.503020  0.478777  0.598731  0.700027  0.447249  0.592103  0.515643  0.494539  0.583523  0.545689  0.481060  0.500491  0.403363  0.475327  0.492087  0.628378  0.578326  0.468187  0.526300  0.517753  0.456834  0.560790  0.506354  0.532491  0.440426  0.536065  0.601988  0.500091  0.501026  0.457603  0.562871  0.521027  0.576565  0.483572  0.497999  0.538808  0.477898  0.491707  0.450922  0.514775  0.699545  0.553194  0.482724  0.464916  0.560812  0.559140  0.563538  0.588214  0.505589  0.379281  0.616032  0.576736  0.529400  0.631648  0.783550  0.846469  0.421833  0.624022  0.460071  0.467602  0.770057  0.504713  0.532083  0.501663  0.561181  0.469225  0.509935  0.526330  0.923363  0.477630  0.833899  0.504073  0.509404  0.615904  0.602907  0.763983  0.411607  0.528346  0.540871  0.477888  0.495726  0.645726  0.583812  0.515252  0.627589  0.551632  0.565051  0.539223  0.556683  0.547238  0.575504  0.373314  0.515783  0.555948  0.545117  0.532726  0.646435  0.507060  0.587106  0.516867  0.569414  0.532929  0.628831  0.749629  0.522203  0.690265  0.561090  0.643387  0.539691  0.566010  0.521562  0.458364  0.541541  0.561371  0.553810  0.495226  0.525877  0.589580  0.576059  0.596851  0.480236  0.781569  0.549459  0.604328  0.533365  0.866461  0.511864  0.634579  0.495508  0.561063  0.705921  0.487995  0.636161  0.667478  0.522516  0.509117  0.446087  0.778020  0.570661  0.480810  0.654034  0.729096  0.457741  0.877965  0.525726  0.526740  0.470616  0.561617  0.547273  0.529111 
7  0.502039  0.426418  0.234624  0.489006  0.541335  0.491743  0.473698 0.0  0.275232  0.538006  0.850259  0.330634  0.491589  0.333932  0.678733  0.412858  0.358375  0.334726  0.557576  0.582722  0.590794  0.485871  0.373538  0.377182  0.804530  0.350596  0.315733  0.344908  0.875806  0.520143  0.347466  0.376830  0.815690  0.576687  0.327883  0.429863  0.611665  0.529720  0.671878  0.418807  0.356621  0.567424  0.356125  0.401705  0.348953  0.402714  0.371090  0.380573  0.671170  0.406788  0.687929  0.373906  0.652241  0.435243  0.509726  0.469839  0.520712  0.400072  0.573893  0.491901  0.435685  0.303605  0.348753  0.405215  0.399164  0.347573  0.386071  0.355678  0.472808  0.641197  0.344361  0.448728  0.409857  0.473607  0.428327  0.383100  0.551252  0.553420  0.376120  0.356429  0.311665  0.320439  0.474296  0.529272  0.566171  0.373432  0.437153  0.741492  0.326070  0.401148  0.535388  0.252842  0.336111  0.446860  0.343854  0.322603  0.412992  0.496657  0.403961  0.328019  0.504000  0.833310  0.788385  0.437185  0.347513  0.344701  0.465999  0.760936  0.581344  0.464344  0.275573  0.511836  0.358570  0.225109  0.367519  0.878472  0.430126  0.924732  0.410430  0.407343  0.449821  0.480004  0.773945  0.435487  0.375710  0.509389  0.362914  0.596241  0.344251  0.620637  0.352178  0.566582  0.435683  0.587067  0.368356  0.602107  0.435779  0.358599  0.520313  0.443912  0.264564  0.660118  0.398817  0.324514  0.456853  0.598701  0.467894  0.460967  0.316745  0.815955  0.853529  0.338150  0.313221  0.176465  0.607060  0.304092  0.355553  0.253792  0.414295  0.315110  0.380330  0.368931  0.358125  0.331099  0.363993  0.403889  0.522749  0.565029  0.767850  0.516181  0.404502  0.559385  0.815216  0.392552  0.396995  0.435524  0.373205  0.680188  0.288761  0.302390  0.578817  0.350622  0.422229  0.541389  0.829459  0.313074  0.393842  0.533118  0.868011  0.515103  0.784746  0.443853  0.624443  0.488054  0.435836  0.578534  0.330241 
8  0.538400  0.431621  0.226031  0.495903  0.497381  0.606310  0.573273  0.275232 0.0  0.529218  0.832631  0.402133  0.404645  0.321852  0.673580  0.454954  0.363026  0.373354  0.604277  0.548192  0.644440  0.438577  0.323305  0.403122  0.798533  0.377836  0.335168  0.508248  0.848000  0.477846  0.407507  0.458058  0.808232  0.571780  0.320876  0.366965  0.501929  0.531530  0.667372  0.441485  0.347131  0.565984  0.375765  0.375177  0.365946  0.471332  0.473390  0.347643  0.439136  0.238660  0.714239  0.461682  0.655196  0.517173  0.478634  0.507507  0.446313  0.539424  0.505259  0.509681  0.419610  0.437330  0.433525  0.388611  0.462034  0.299974  0.429553  0.383581  0.476830  0.605302  0.396682  0.405299  0.418469  0.437120  0.362862  0.396902  0.576138  0.471300  0.345391  0.311336  0.395769  0.376300  0.499915  0.499976  0.565535  0.249211  0.354063  0.641100  0.376441  0.332615  0.333439  0.384512  0.357436  0.360668  0.344446  0.308278  0.542555  0.518589  0.341997  0.403867  0.508432  0.862020  0.743046  0.518410  0.397371  0.350570  0.544942  0.760215  0.597147  0.575304  0.370002  0.665326  0.403545  0.345283  0.379411  0.714633  0.488469  0.897294  0.257126  0.454401  0.434075  0.535766  0.728737  0.350022  0.388996  0.563410  0.382789  0.646097  0.385670  0.491373  0.324148  0.467182  0.311249  0.615020  0.317294  0.592490  0.380477  0.314047  0.549938  0.301917  0.246917  0.585473  0.433530  0.353773  0.392951  0.653351  0.363877  0.501492  0.416446  0.697498  0.810228  0.408011  0.334054  0.450296  0.769123  0.369662  0.467195  0.377440  0.388146  0.381778  0.357451  0.333674  0.447164  0.294723  0.328590  0.392142  0.544327  0.481530  0.782581  0.631583  0.412009  0.603560  0.824887  0.380980  0.393162  0.365234  0.401684  0.678921  0.424616  0.397676  0.621488  0.290402  0.323658  0.485901  0.882293  0.393366  0.348453  0.637691  0.786082  0.591650  0.790653  0.379941  0.579216  0.419158  0.458280  0.539474  0.378696 
9  0.481505  0.534429  0.552093  0.545931  0.571944  0.686311  0.681176  0.538006  0.529218 0.0  0.798721  0.472887  0.535719  0.518789  0.670320  0.522684  0.605851  0.505419  0.486190  0.542902  0.505220  0.504789  0.611734  0.552228  0.841439  0.575975  0.633817  0.531102  0.797533  0.456912  0.600818  0.614567  0.860367  0.400570  0.446773  0.547265  0.464568  0.568537  0.700805  0.521467  0.555017  0.428382  0.563957  0.602131  0.440570  0.519842  0.503453  0.574020  0.529760  0.585887  0.646730  0.626144  0.531459  0.486868  0.535917  0.317173  0.346586  0.508831  0.546217  0.529289  0.593258  0.551812  0.566655  0.461166  0.567786  0.435347  0.531392  0.545914  0.567116  0.553904  0.552333  0.397011  0.377006  0.555980  0.607305  0.413457  0.339625  0.486960  0.535381  0.609938  0.571420  0.619725  0.490478  0.580406  0.362709  0.614790  0.455657  0.748378  0.636223  0.621188  0.599112  0.652840  0.531895  0.490680  0.555034  0.509282  0.562741  0.368330  0.586252  0.558239  0.340044  0.772360  0.838152  0.298730  0.576686  0.503650  0.413404  0.874171  0.412170  0.309977  0.437355  0.283660  0.469311  0.626281  0.455969  0.871449  0.550720  0.830169  0.449797  0.470754  0.516679  0.399618  0.765462  0.523276  0.575301  0.347290  0.582671  0.367220  0.646541  0.379493  0.439363  0.361754  0.625753  0.667772  0.571822  0.377805  0.544679  0.601430  0.589540  0.601595  0.467363  0.656735  0.500934  0.499232  0.531412  0.285592  0.601849  0.665346  0.376395  0.642504  0.779942  0.502594  0.521247  0.514625  0.827626  0.474009  0.715298  0.612235  0.578041  0.557397  0.464649  0.603946  0.534698  0.460024  0.558112  0.587151  0.364533  0.420539  0.762246  0.499170  0.522642  0.439162  0.728856  0.566825  0.534039  0.508469  0.514384  0.655287  0.510717  0.536225  0.734234  0.540611  0.539832  0.499702  0.877734  0.634379  0.549310  0.678007  0.848370  0.538814  0.768171  0.682672  0.441467  0.507491  0.453752  0.315185  0.445786 
10  0.780022  0.905837  0.805715  0.780226  0.775951  0.867309  0.803302  0.850259  0.832631  0.798721 0.0  0.788277  0.883004  0.818095  0.774938  0.739970  0.830607  0.834552  0.843484  0.876257  0.751002  0.802156  0.814466  0.799241  0.513395  0.973571  0.780385  0.800536  0.710784  0.849613  0.884491  0.950623  0.632192  0.815244  0.722217  0.858806  0.820098  0.848819  0.794384  0.824942  0.854130  0.851367  0.902746  0.818861  0.883260  0.761045  0.903899  0.833044  0.857593  0.850668  0.842839  0.792809  0.809669  0.790317  0.871474  0.827655  0.706573  0.853369  0.867020  0.843420  0.831357  0.820925  0.778746  0.952759  0.859123  0.953876  0.871194  0.776664  0.838495  0.837428  0.882097  0.746256  0.697045  0.684249  0.802585  0.809030  0.831769  0.839893  0.778058  0.843199  0.848877  0.690081  0.835906  0.797066  0.854685  0.786597  0.935027  0.775914  0.933403  0.869819  0.831307  0.858597  0.805945  0.839946  0.824853  0.848158  0.780104  0.843504  0.891173  0.819165  0.811330  0.788912  0.346445  0.883837  0.811974  0.843405  0.866539  0.417800  0.915318  0.865671  0.838427  0.794198  0.696660  0.902092  0.937075  0.244600  0.762509  0.290266  0.800083  0.854436  0.860105  0.835523  0.699368  0.880179  0.882166  0.784881  0.794346  0.873738  0.783831  0.885436  0.935394  0.759131  0.826557  0.849562  0.735772  0.888614  0.865428  0.844918  0.852170  0.799669  0.748855  0.793318  0.841797  0.808892  0.835928  0.784933  0.911042  0.812178  0.814802  0.866200  0.804989  0.905626  0.888660  0.855900  0.819768  0.779086  0.709857  0.848978  0.912341  0.819786  0.766887  0.797901  0.870286  0.868837  0.756804  0.785589  0.876473  0.781540  0.559941  0.780970  0.935265  0.865839  0.448102  0.769410  0.929963  0.770625  0.824422  0.758087  0.707127  0.910882  0.854251  0.852136  0.724588  0.813915  0.271531  0.841172  0.899129  0.734391  0.582028  0.876674  0.301713  0.859547  0.845749  0.850871  0.899283  0.744281  0.856605 
11  0.551255  0.408500  0.408714  0.518835  0.550037  0.508246  0.566072  0.330634  0.402133  0.472887  0.788277 0.0  0.395390  0.289212  0.656951  0.350560  0.392999  0.379134  0.516848  0.540505  0.556682  0.492284  0.305634  0.245082  0.692742  0.374581  0.247146  0.214910  0.721834  0.520903  0.395532  0.411058  0.845008  0.595399  0.426971  0.305496  0.501288  0.619227  0.689862  0.418109  0.319046  0.602925  0.326370  0.361458  0.452233  0.499587  0.492203  0.320295  0.452497  0.272318  0.606682  0.576078  0.662309  0.284078  0.525774  0.614442  0.491034  0.446279  0.455947  0.497175  0.437891  0.343324  0.250801  0.271356  0.343148  0.313160  0.192034  0.387324  0.442668  0.571463  0.390413  0.337660  0.441253  0.479352  0.433959  0.272697  0.510886  0.527283  0.334413  0.165903  0.360891  0.414921  0.459872  0.532946  0.503257  0.377509  0.343257  0.800374  0.317901  0.306585  0.367262  0.349129  0.481816  0.403291  0.379872  0.295508  0.517445  0.512292  0.397769  0.182056  0.502326  0.788220  0.844633  0.641127  0.312887  0.343107  0.489819  0.776028  0.609347  0.561825  0.330622  0.586314  0.389532  0.301197  0.361569  0.928421  0.360203  0.828102  0.325281  0.319675  0.346520  0.618759  0.778836  0.328631  0.358077  0.580432  0.335427  0.554902  0.270884  0.463787  0.346560  0.429619  0.371938  0.626460  0.381257  0.513558  0.350490  0.355192  0.584500  0.308867  0.393382  0.545541  0.358556  0.282218  0.472376  0.586112  0.515904  0.460575  0.413732  0.791549  0.832837  0.367513  0.360791  0.368654  0.663273  0.302826  0.323318  0.383219  0.319902  0.319724  0.291708  0.360046  0.311947  0.326407  0.256979  0.421075  0.563592  0.533515  0.701333  0.544333  0.255564  0.456752  0.853303  0.337645  0.386178  0.363462  0.322311  0.794988  0.425456  0.406350  0.616994  0.329989  0.336569  0.475742  0.872184  0.340798  0.362299  0.590723  0.831268  0.499873  0.834034  0.413132  0.577609  0.430305  0.375720  0.569167  0.247634 
12  0.412676  0.422693  0.328900  0.503117  0.626049  0.518054  0.496938  0.491589  0.404645  0.535719  0.883004  0.395390 0.0  0.384778  0.630222  0.402287  0.452636  0.354337  0.591066  0.649177  0.574239  0.452898  0.445213  0.423575  0.942303  0.201424  0.270623  0.364799  0.801450  0.529563  0.321544  0.413514  0.833328  0.607299  0.440750  0.384538  0.618330  0.448696  0.656700  0.234652  0.288431  0.543006  0.266790  0.428113  0.385771  0.571071  0.484001  0.433890  0.528948  0.320833  0.601962  0.577897  0.527988  0.370848  0.451362  0.527897  0.584489  0.490741  0.568257  0.404169  0.456407  0.419327  0.403831  0.327742  0.346809  0.311268  0.273011  0.403558  0.539572  0.660728  0.264631  0.372128  0.485876  0.468079  0.368803  0.381798  0.554028  0.484043  0.324826  0.280775  0.326115  0.360941  0.548047  0.506617  0.487728  0.285266  0.313988  0.723370  0.323639  0.371395  0.334570  0.398346  0.345088  0.325338  0.375128  0.433993  0.491658  0.578394  0.321846  0.318634  0.539014  0.866783  0.795237  0.567737  0.436789  0.367501  0.573098  0.831314  0.623869  0.504358  0.334651  0.615942  0.380057  0.344874  0.349156  0.843375  0.366911  0.814709  0.405007  0.397934  0.396272  0.451905  0.829420  0.323054  0.320717  0.525573  0.359447  0.603369  0.235073  0.587333  0.449563  0.503032  0.247157  0.612678  0.383615  0.547967  0.365422  0.357813  0.562721  0.376471  0.440783  0.612877  0.295200  0.295887  0.506121  0.477199  0.443539  0.500336  0.408364  0.703639  0.827012  0.349247  0.329590  0.277797  0.630766  0.352149  0.302047  0.317867  0.345080  0.323770  0.253283  0.353912  0.289090  0.375566  0.227975  0.283219  0.517482  0.473262  0.787399  0.546002  0.368736  0.494931  0.819166  0.258805  0.315126  0.370769  0.340242  0.781709  0.266323  0.269506  0.608198  0.303714  0.382273  0.618830  0.838817  0.415301  0.399378  0.673616  0.801352  0.556935  0.833927  0.346741  0.596762  0.306198  0.420158  0.487622  0.366201 
13  0.607525  0.517693  0.344612  0.652009  0.550752  0.503018  0.450470  0.333932  0.321852  0.518789  0.818095  0.289212  0.384778 0.0  0.624815  0.223777  0.399369  0.408688  0.593578  0.742229  0.438736  0.375536  0.344773  0.311857  0.782368  0.422012  0.291767  0.370678  0.798603  0.560595  0.421987  0.260576  0.804181  0.527551  0.490823  0.322167  0.549331  0.476439  0.667400  0.443810  0.242729  0.498470  0.307824  0.408526  0.416887  0.481174  0.385798  0.339004  0.558915  0.371765  0.665374  0.599725  0.663833  0.484752  0.530328  0.470776  0.639477  0.513046  0.484889  0.476133  0.483173  0.337078  0.362804  0.356865  0.278561  0.421729  0.335955  0.524420  0.411194  0.637344  0.368814  0.451958  0.401662  0.422567  0.434984  0.357756  0.564422  0.534968  0.377641  0.313529  0.240913  0.367986  0.495615  0.632108  0.538102  0.326344  0.242691  0.658980  0.336149  0.393095  0.334980  0.458016  0.356213  0.342902  0.319829  0.312727  0.437053  0.532340  0.358053  0.408432  0.514989  0.870038  0.884242  0.562725  0.376394  0.363704  0.502047  0.791320  0.521124  0.520002  0.381074  0.552376  0.322143  0.375497  0.336582  0.865379  0.350817  0.900509  0.381629  0.412565  0.229538  0.646815  0.870861  0.340992  0.376507  0.529646  0.222648  0.535557  0.365443  0.514823  0.453904  0.538612  0.292275  0.615350  0.351651  0.636760  0.290932  0.336339  0.577227  0.322253  0.282375  0.497023  0.219059  0.377795  0.488040  0.605997  0.480338  0.498191  0.478663  0.701170  0.858277  0.267436  0.383369  0.431561  0.775811  0.251494  0.315477  0.347009  0.328756  0.332405  0.368015  0.350468  0.290668  0.331995  0.243740  0.315880  0.567888  0.522409  0.846427  0.565281  0.364596  0.624787  0.825183  0.375650  0.353888  0.368675  0.343403  0.686194  0.391146  0.370274  0.673232  0.404185  0.289694  0.529017  0.764945  0.346482  0.395596  0.614349  0.819767  0.542356  0.798634  0.258327  0.583318  0.361329  0.420797  0.554033  0.304785 
14  0.605592  0.601749  0.732326  0.677772  0.574401  0.613732  0.553523  0.678733  0.673580  0.670320  0.774938  0.656951  0.630222  0.624815 0.0  0.711549  0.597130  0.632063  0.635179  0.413811  0.697530  0.649415  0.683516  0.574318  0.776934  0.664477  0.692230  0.599689  0.813053  0.641626  0.729397  0.711080  0.863482  0.782642  0.606653  0.745149  0.519302  0.588271  0.562032  0.687111  0.622085  0.583412  0.711005  0.750202  0.514974  0.662364  0.634146  0.691637  0.658256  0.563201  0.591791  0.510914  0.479687  0.603469  0.691592  0.609009  0.683117  0.655718  0.696289  0.639949  0.713454  0.645475  0.637927  0.611338  0.544909  0.654401  0.672378  0.620402  0.780693  0.607608  0.645595  0.665926  0.603971  0.615271  0.712920  0.602805  0.626344  0.707638  0.575571  0.656373  0.704701  0.616796  0.660540  0.523268  0.633213  0.612530  0.684910  0.775557  0.685865  0.584641  0.647514  0.644402  0.696049  0.652955  0.611516  0.664088  0.645009  0.574138  0.712662  0.631825  0.695384  0.730495  0.842177  0.597632  0.677455  0.642574  0.638430  0.702923  0.604346  0.687663  0.649824  0.596299  0.597024  0.607252  0.633564  0.892363  0.645106  0.854574  0.645492  0.596859  0.639702  0.560957  0.754613  0.744725  0.659029  0.575885  0.759375  0.532242  0.607012  0.692972  0.660119  0.700349  0.561516  0.471108  0.569865  0.694087  0.685932  0.585880  0.601666  0.668929  0.656092  0.392378  0.615687  0.632895  0.681359  0.743276  0.637789  0.687818  0.605755  0.763289  0.868739  0.685482  0.697659  0.646293  0.716870  0.572957  0.591954  0.606497  0.688741  0.586453  0.582035  0.720141  0.595987  0.591557  0.688222  0.594317  0.675556  0.598327  0.880311  0.724529  0.598299  0.678584  0.767109  0.521893  0.560462  0.734041  0.679762  0.658011  0.628526  0.726801  0.386739  0.664893  0.625597  0.599105  0.794538  0.658464  0.621946  0.461321  0.815343  0.617342  0.887104  0.646516  0.674483  0.595013  0.580841  0.684817  0.542082 
15  0.475987  0.503303  0.399097  0.509531  0.588132  0.501323  0.474311  0.412858  0.454954  0.522684  0.739970  0.350560  0.402287  0.223777  0.711549 0.0  0.375086  0.265026  0.595982  0.597343  0.474108  0.397353  0.443170  0.287349  0.857831  0.291627  0.460634  0.271732  0.808020  0.478773  0.342319  0.258582  0.834862  0.452810  0.389592  0.422409  0.510529  0.608793  0.648836  0.334549  0.426202  0.555638  0.284119  0.482443  0.395160  0.495379  0.304988  0.356064  0.458427  0.432242  0.634967  0.508729  0.661573  0.474437  0.552392  0.477795  0.598279  0.436488  0.471831  0.474292  0.417774  0.437976  0.331891  0.315763  0.278905  0.314143  0.324007  0.340267  0.497921  0.673140  0.337943  0.449531  0.432740  0.472652  0.507478  0.385918  0.520809  0.516255  0.306514  0.331034  0.313419  0.301245  0.626698  0.504808  0.519228  0.234264  0.255927  0.737394  0.346369  0.405748  0.324800  0.458787  0.400417  0.303925  0.254367  0.327053  0.570872  0.532228  0.292309  0.347481  0.527679  0.725824  0.879884  0.532975  0.458358  0.274883  0.471750  0.864767  0.576323  0.536244  0.314829  0.571593  0.341997  0.283389  0.304664  0.742708  0.376731  0.793582  0.380628  0.418619  0.410676  0.614774  0.822755  0.299824  0.312673  0.687287  0.365726  0.608273  0.325352  0.609171  0.349493  0.494318  0.446104  0.554014  0.402302  0.518200  0.337845  0.493919  0.529416  0.374277  0.309874  0.622052  0.310767  0.345532  0.435837  0.582745  0.475864  0.468544  0.578158  0.787849  0.776831  0.229309  0.341437  0.324754  0.648733  0.301041  0.293352  0.389576  0.295254  0.345743  0.351028  0.332085  0.365957  0.328647  0.292295  0.276842  0.537028  0.539314  0.846504  0.580436  0.289861  0.536673  0.785919  0.315050  0.351996  0.269371  0.400688  0.736725  0.400134  0.319181  0.550653  0.394000  0.305323  0.646713  0.880627  0.211704  0.394212  0.604956  0.885496  0.608795  0.738154  0.373224  0.601671  0.357454  0.491567  0.462691  0.399021 
16  0.441863  0.422763  0.428445  0.513197  0.556929  0.488059  0.411345  0.358375  0.363026  0.605851  0.830607  0.392999  0.452636  0.399369  0.597130  0.375086 0.0  0.401014  0.487704  0.706040  0.442899  0.536710  0.516157  0.508177  0.701852  0.501130  0.495771  0.365185  0.817022  0.512932  0.406545  0.361031  0.821042  0.544153  0.403838  0.462453  0.533690  0.471968  0.612312  0.358204  0.354442  0.534794  0.415047  0.466038  0.439822  0.537620  0.438120  0.293937  0.534900  0.361030  0.687443  0.434403  0.723745  0.293622  0.406053  0.470683  0.506196  0.456724  0.453950  0.458529  0.327531  0.482456  0.506628  0.481789  0.227111  0.487946  0.404656  0.407189  0.417956  0.621482  0.313261  0.406130  0.366722  0.494596  0.366445  0.422233  0.491893  0.545078  0.394462  0.455956  0.480465  0.498699  0.556892  0.428449  0.510892  0.352733  0.353119  0.701862  0.444128  0.463037  0.449725  0.411802  0.465333  0.399284  0.449536  0.355842  0.447552  0.499543  0.387577  0.437129  0.514611  0.852246  0.873258  0.477764  0.433871  0.390307  0.518702  0.814509  0.564765  0.544651  0.326453  0.455945  0.359365  0.423802  0.360509  0.866391  0.377516  0.855207  0.379775  0.401404  0.341384  0.514083  0.695219  0.351106  0.426282  0.479034  0.432314  0.499294  0.377983  0.495437  0.339849  0.431727  0.523876  0.583307  0.431002  0.493307  0.449976  0.478067  0.571201  0.402537  0.437952  0.613971  0.480103  0.428046  0.426506  0.447384  0.391031  0.508548  0.319371  0.738192  0.711843  0.269984  0.363975  0.422653  0.763062  0.454832  0.354928  0.422726  0.358964  0.365504  0.379932  0.371396  0.424597  0.453608  0.365969  0.491687  0.540170  0.491695  0.802147  0.488222  0.406062  0.476606  0.781716  0.416068  0.408510  0.401656  0.347603  0.780567  0.373945  0.393220  0.638585  0.481534  0.326786  0.575398  0.729295  0.474505  0.469480  0.644162  0.834390  0.490438  0.729055  0.352909  0.486632  0.415076  0.442678  0.444891  0.353622 
17  0.507525  0.375852  0.387916  0.590895  0.522412  0.484624  0.520733  0.334726  0.373354  0.505419  0.834552  0.379134  0.354337  0.408688  0.632063  0.265026  0.401014 0.0  0.532993  0.711496  0.507673  0.360202  0.250169  0.408524  0.778754  0.370068  0.292795  0.262742  0.844330  0.541095  0.331284  0.388232  0.813440  0.609208  0.392142  0.349633  0.573359  0.514588  0.720983  0.370134  0.284811  0.536227  0.299184  0.504307  0.408171  0.417435  0.375188  0.393229  0.408067  0.338441  0.577322  0.423598  0.739316  0.286746  0.394729  0.560503  0.436414  0.463527  0.572309  0.426826  0.407284  0.319254  0.311841  0.287412  0.291885  0.399874  0.328909  0.450175  0.340757  0.686515  0.219408  0.317295  0.407174  0.610043  0.484611  0.424329  0.631820  0.589384  0.390556  0.410815  0.281012  0.312401  0.578684  0.496014  0.526815  0.335289  0.324619  0.656698  0.454518  0.360170  0.294248  0.283488  0.315174  0.437942  0.326829  0.442133  0.433702  0.521950  0.290947  0.355748  0.509126  0.847115  0.783609  0.543198  0.307917  0.386472  0.471412  0.853721  0.640598  0.493236  0.421962  0.641651  0.340896  0.325208  0.278701  0.866264  0.320815  0.862260  0.387069  0.295857  0.366753  0.491155  0.880168  0.432790  0.381641  0.524152  0.397025  0.472430  0.309514  0.582569  0.368718  0.511999  0.355284  0.595440  0.429168  0.441050  0.294142  0.340789  0.490233  0.322477  0.463402  0.641177  0.337935  0.237170  0.446923  0.537658  0.475138  0.468479  0.526956  0.782852  0.843023  0.432278  0.323291  0.425514  0.738782  0.292566  0.267425  0.392024  0.394878  0.252006  0.322378  0.249354  0.356880  0.394003  0.377630  0.372328  0.464515  0.546210  0.757634  0.425016  0.362564  0.447834  0.901218  0.361410  0.332467  0.380560  0.356301  0.786557  0.319689  0.383160  0.564263  0.390277  0.337978  0.499742  0.793239  0.274083  0.364962  0.628836  0.860867  0.513508  0.818739  0.293893  0.551137  0.239699  0.392291  0.571340  0.260971 
18  0.369168  0.591318  0.605535  0.281483  0.301495  0.291859  0.292739  0.557576  0.604277  0.486190  0.843484  0.516848  0.591066  0.593578  0.635179  0.595982  0.487704  0.532993 0.0  0.729467  0.549802  0.500838  0.403363  0.509933  0.844315  0.663644  0.524267  0.463006  0.785245  0.574822  0.481489  0.599808  0.894514  0.514821  0.404617  0.451567  0.569703  0.567893  0.651425  0.529020  0.505000  0.564894  0.502774  0.548272  0.447877  0.328183  0.467833  0.628823  0.358244  0.543755  0.625333  0.373461  0.605282  0.440383  0.366125  0.527473  0.573636  0.512993  0.444402  0.360200  0.522018  0.633610  0.566416  0.471243  0.616051  0.497079  0.486605  0.499758  0.544139  0.552947  0.496959  0.574828  0.448109  0.496769  0.520461  0.495654  0.502000  0.431918  0.642907  0.491535  0.566265  0.568374  0.542954  0.434584  0.518022  0.601487  0.440254  0.808085  0.449517  0.459072  0.524297  0.656637  0.590815  0.547397  0.549266  0.463020  0.377648  0.484817  0.433126  0.471996  0.492955  0.817737  0.798956  0.551428  0.458431  0.560221  0.646049  0.885015  0.515775  0.545684  0.550843  0.583798  0.508330  0.592312  0.537940  0.915873  0.518672  0.926854  0.573599  0.483820  0.588602  0.652978  0.787718  0.481429  0.555577  0.496351  0.435257  0.435772  0.536677  0.611440  0.536726  0.558493  0.625472  0.539491  0.598372  0.534933  0.509900  0.444728  0.308022  0.448635  0.524899  0.630210  0.487539  0.651541  0.467138  0.493801  0.497476  0.610963  0.456188  0.658036  0.818831  0.476069  0.551046  0.504206  0.784035  0.564950  0.601982  0.623742  0.561065  0.491382  0.518081  0.478476  0.522900  0.496107  0.551920  0.517090  0.553255  0.443619  0.816921  0.654230  0.438237  0.512348  0.903555  0.522213  0.506720  0.618244  0.530419  0.720078  0.474777  0.639080  0.705437  0.608823  0.465313  0.602675  0.842423  0.445603  0.525634  0.748201  0.717475  0.539010  0.772996  0.531582  0.516231  0.489222  0.584066  0.530202  0.502462 
19  0.523224  0.759564  0.715407  0.573233  0.652887  0.565869  0.671647  0.582722  0.548192  0.542902  0.876257  0.540505  0.649177  0.742229  0.413811  0.597343  0.706040  0.711496  0.729467 0.0  0.609002  0.627922  0.590118  0.686936  0.770390  0.581388  0.586410  0.608002  0.782564  0.614663  0.608384  0.666641  0.771246  0.721094  0.545702  0.510547  0.603866  0.640827  0.317304  0.644328  0.657019  0.634316  0.626951  0.636103  0.624535  0.674421  0.633727  0.685036  0.599534  0.647613  0.393869  0.605728  0.388451  0.650941  0.566424  0.681915  0.595060  0.639713  0.626471  0.661034  0.612342  0.661537  0.637841  0.666650  0.630875  0.649888  0.558423  0.573683  0.704665  0.611833  0.552349  0.602043  0.514972  0.571115  0.735841  0.595471  0.543772  0.625839  0.689099  0.689669  0.667210  0.602302  0.675336  0.516896  0.562614  0.574902  0.614583  0.605562  0.637072  0.560841  0.658460  0.580802  0.502842  0.626228  0.593919  0.512991  0.652952  0.668500  0.592187  0.628271  0.694487  0.898941  0.781748  0.559770  0.610978  0.598913  0.652782  0.785674  0.609631  0.623774  0.668295  0.630686  0.567540  0.554567  0.594783  0.832427  0.644787  0.834322  0.688391  0.641436  0.669855  0.644184  0.773828  0.637336  0.723509  0.583682  0.681679  0.664593  0.682752  0.664141  0.685243  0.626245  0.759586  0.326677  0.662190  0.746818  0.660762  0.699761  0.725943  0.634000  0.735152  0.379031  0.655493  0.563318  0.584868  0.655320  0.681485  0.603562  0.516775  0.617472  0.818300  0.619799  0.574929  0.651528  0.810557  0.654830  0.616503  0.637591  0.584410  0.636716  0.669671  0.571771  0.603547  0.605206  0.751986  0.655166  0.670185  0.661045  0.877413  0.662633  0.523435  0.544275  0.758519  0.562949  0.717330  0.538571  0.654715  0.791322  0.643928  0.713948  0.475873  0.734495  0.657357  0.656579  0.892368  0.719236  0.643338  0.346759  0.884421  0.538481  0.818014  0.631918  0.462037  0.667340  0.594598  0.651567  0.621603 
