197
0 0.0  0.489109  0.544485  0.409451  0.396897  0.351363  0.363879  0.461439  0.525961  0.484545  0.874170  0.417488  0.601093  0.478444  0.712782  0.518840  0.448732  0.404384  0.242017  0.539834  0.503564  0.422819  0.410985  0.498336  0.799144  0.384909  0.467636  0.490407  0.665890  0.536628  0.554687  0.461810  0.727714  0.471188  0.461592  0.478547  0.486944  0.454420  0.612080  0.515128  0.453845  0.500049  0.468351  0.432848  0.405643  0.390603  0.440238  0.524381  0.355094  0.378566  0.548904  0.477799  0.612881  0.456645  0.311565  0.549865  0.438174  0.469959  0.454892  0.406823  0.515129  0.442555  0.410976  0.505339  0.545457  0.549808  0.582059  0.480982  0.483247  0.685448  0.463883  0.555739  0.355725  0.468456  0.475467  0.409983  0.478980  0.578062  0.429577  0.431005  0.564163  0.503614  0.490550  0.507662  0.473542  0.495541  0.504937  0.637804  0.423306  0.441787  0.588791  0.464505  0.455466  0.430844  0.414115  0.452981  0.300177  0.504868  0.431842  0.449867  0.413778  0.724772  0.840652  0.424397  0.469431  0.457981  0.487811  0.771211  0.498819  0.514603  0.393738  0.511051  0.457635  0.445514  0.459859  0.773450  0.445631  0.611500  0.520985  0.406606  0.488987  0.587860  0.720220  0.464198  0.371234  0.426532  0.502456  0.497621  0.528367  0.527091  0.577007  0.484634  0.387393  0.596403  0.432038  0.451622  0.565130  0.425848  0.352962  0.502372  0.516333  0.602232  0.517871  0.436533  0.488689  0.472851  0.486194  0.393331  0.409864  0.782870  0.793334  0.507816  0.491517  0.530744  0.748697  0.513413  0.454172  0.517890  0.443202  0.402998  0.463184  0.554054  0.499258  0.515264  0.517616  0.393146  0.503649  0.398345  0.848922  0.497402  0.360800  0.383928  0.803289  0.336880  0.424926  0.417830  0.450133  0.675404  0.417860  0.507958  0.594120  0.537682  0.511350  0.442501  0.847154  0.500071  0.473000  0.625422  0.731166  0.558505  0.857529  0.424095  0.554551  0.407071  0.446255  0.496883  0.542267 
1  0.489109 0.0  0.508451  0.523910  0.540643  0.361036  0.509372  0.421756  0.420278  0.445805  0.802651  0.502831  0.430999  0.415273  0.740368  0.356031  0.458618  0.434419  0.485466  0.670832  0.553955  0.407672  0.444056  0.337244  0.846013  0.470097  0.436694  0.424759  0.802713  0.523784  0.359519  0.425253  0.815471  0.516464  0.473963  0.383065  0.494041  0.504447  0.600781  0.430011  0.419696  0.426123  0.409525  0.429467  0.341993  0.502163  0.432725  0.373946  0.397128  0.484414  0.618392  0.525917  0.588191  0.338741  0.527986  0.413670  0.511971  0.275203  0.541075  0.515355  0.448495  0.385893  0.362049  0.388895  0.436331  0.544085  0.445589  0.437196  0.505675  0.642076  0.432500  0.413554  0.384889  0.406600  0.310240  0.412801  0.554241  0.445639  0.349695  0.417458  0.404356  0.359037  0.572622  0.510176  0.507440  0.395091  0.429619  0.695976  0.423724  0.459475  0.494435  0.411231  0.456002  0.373905  0.463107  0.443432  0.414360  0.485295  0.594071  0.482031  0.407999  0.887642  0.822310  0.536043  0.436233  0.473927  0.436683  0.825555  0.414702  0.488490  0.481487  0.474674  0.399426  0.476263  0.435085  0.755121  0.431553  0.862111  0.437358  0.478068  0.409544  0.663665  0.784460  0.464548  0.458558  0.514141  0.474433  0.533923  0.513925  0.582840  0.419202  0.507934  0.402290  0.597146  0.385946  0.605458  0.468597  0.436442  0.535400  0.470294  0.362812  0.549229  0.329237  0.479443  0.473746  0.486485  0.275950  0.359685  0.392158  0.682729  0.679796  0.517687  0.473921  0.376422  0.719416  0.497761  0.382625  0.531773  0.415977  0.472536  0.395418  0.369435  0.328481  0.498011  0.392650  0.412627  0.566278  0.458568  0.772448  0.584707  0.450856  0.535655  0.869799  0.442790  0.442317  0.416839  0.316169  0.654819  0.362432  0.528173  0.643999  0.418362  0.406962  0.457454  0.917957  0.372814  0.421857  0.637110  0.820384  0.639573  0.732055  0.446404  0.452737  0.379140  0.436505  0.569622  0.521060 
2  0.544485  0.508451 0.0  0.484625  0.537313  0.504430  0.507186  0.278010  0.342357  0.422290  0.810292  0.373071  0.274754  0.253718  0.559251  0.374302  0.414246  0.446819  0.471415  0.500721  0.685553  0.472517  0.259114  0.432625  0.763852  0.402315  0.414074  0.369537  0.793971  0.471825  0.397388  0.348977  0.673413  0.496663  0.431605  0.391266  0.508509  0.488309  0.715807  0.334315  0.389956  0.494159  0.319879  0.454768  0.426596  0.582998  0.408481  0.299960  0.402121  0.362276  0.553342  0.476783  0.606519  0.441541  0.525702  0.543181  0.426483  0.420402  0.572618  0.585224  0.413761  0.320453  0.371136  0.371446  0.365863  0.382750  0.354030  0.280203  0.487548  0.601517  0.368504  0.437355  0.449969  0.469449  0.486114  0.381428  0.519965  0.513057  0.339053  0.291682  0.340994  0.444301  0.469322  0.443808  0.526206  0.342998  0.481342  0.630330  0.347151  0.345257  0.338841  0.412416  0.465397  0.375801  0.295721  0.380382  0.470856  0.526011  0.331043  0.348406  0.451485  0.812670  0.809710  0.593108  0.348948  0.384724  0.571603  0.767292  0.526187  0.516429  0.310231  0.433824  0.253450  0.273027  0.290791  0.792019  0.467895  0.769969  0.355288  0.318986  0.425084  0.511473  0.604314  0.331219  0.403644  0.572136  0.293627  0.486183  0.340858  0.508942  0.373005  0.388621  0.231678  0.631360  0.347995  0.494793  0.386930  0.299700  0.497298  0.481469  0.283177  0.542071  0.419158  0.332067  0.405558  0.560465  0.501406  0.401118  0.409558  0.719333  0.786666  0.432511  0.401254  0.348925  0.680339  0.406456  0.346238  0.324819  0.292510  0.476777  0.305698  0.359825  0.257824  0.372916  0.314500  0.297082  0.449876  0.415945  0.756264  0.444113  0.380993  0.542649  0.785460  0.336376  0.412556  0.331449  0.412013  0.833433  0.352973  0.362278  0.670797  0.358854  0.292501  0.519157  0.888867  0.373102  0.324169  0.658988  0.850407  0.494885  0.776498  0.409840  0.559774  0.309764  0.480086  0.575009  0.285418 
3  0.409451  0.523910  0.484625 0.0  0.307787  0.382059  0.316749  0.513630  0.481139  0.439835  0.705958  0.547294  0.481575  0.577950  0.613766  0.463748  0.507116  0.585049  0.236409  0.659246  0.559999  0.420529  0.578355  0.479625  0.708915  0.492802  0.552528  0.515047  0.797529  0.485671  0.506947  0.467458  0.784872  0.440729  0.380546  0.450228  0.600324  0.538309  0.546406  0.463983  0.495753  0.584412  0.507275  0.453820  0.615555  0.300254  0.442833  0.464308  0.409930  0.541012  0.628962  0.421714  0.604471  0.450416  0.288390  0.535996  0.527519  0.471530  0.533825  0.499585  0.516198  0.560494  0.480655  0.392333  0.481375  0.548112  0.566702  0.456303  0.541784  0.623702  0.433834  0.484138  0.382923  0.475097  0.554337  0.513713  0.427566  0.530716  0.529597  0.490190  0.531660  0.491327  0.597797  0.573861  0.490061  0.483159  0.425664  0.755985  0.529687  0.430093  0.468195  0.542354  0.454242  0.524114  0.572768  0.540942  0.377321  0.573370  0.433149  0.433830  0.526195  0.837191  0.773297  0.492858  0.481032  0.657728  0.610349  0.884699  0.530800  0.504596  0.587841  0.503665  0.521182  0.566349  0.510400  0.905497  0.557789  0.874368  0.497021  0.547898  0.525240  0.511068  0.720644  0.519338  0.445300  0.498846  0.593154  0.395660  0.400984  0.531019  0.587665  0.474606  0.540226  0.668284  0.602450  0.564898  0.506703  0.498909  0.419038  0.366315  0.534903  0.490001  0.625910  0.555994  0.587361  0.539850  0.432184  0.545324  0.537319  0.748369  0.846040  0.473397  0.501911  0.477410  0.728927  0.471125  0.420953  0.494277  0.392517  0.560216  0.477047  0.447732  0.502773  0.474940  0.471767  0.560189  0.558331  0.494111  0.839803  0.495489  0.535667  0.439072  0.817705  0.417102  0.544570  0.568267  0.604835  0.698580  0.528241  0.507874  0.510034  0.470533  0.562557  0.495648  0.836524  0.441754  0.526833  0.581474  0.705620  0.489926  0.816998  0.405708  0.525096  0.453217  0.445576  0.489119  0.424670 
4  0.396897  0.540643  0.537313  0.307787 0.0  0.323631  0.375062  0.536322  0.579959  0.524841  0.859370  0.563880  0.524777  0.467621  0.596327  0.419094  0.486092  0.449451  0.248890  0.591297  0.529366  0.519777  0.512066  0.622024  0.822889  0.531137  0.555292  0.575032  0.835838  0.484785  0.524072  0.440048  0.717438  0.497870  0.266699  0.508571  0.580373  0.525775  0.642172  0.427347  0.508685  0.543128  0.496403  0.516568  0.405716  0.222841  0.453498  0.471954  0.396379  0.595194  0.632146  0.433392  0.605026  0.434397  0.333381  0.510983  0.552965  0.579755  0.459817  0.439324  0.576483  0.542564  0.534181  0.416634  0.530212  0.505459  0.554340  0.448248  0.625345  0.530979  0.443464  0.503904  0.410876  0.406076  0.572027  0.588494  0.422280  0.513204  0.538099  0.520974  0.511868  0.434134  0.549723  0.518476  0.499742  0.617910  0.637276  0.625388  0.533146  0.485806  0.506384  0.462629  0.518797  0.527315  0.495466  0.593573  0.293133  0.362489  0.458696  0.591040  0.575129  0.814563  0.792485  0.450203  0.506611  0.548949  0.496831  0.828119  0.504823  0.554886  0.547276  0.534636  0.463230  0.409878  0.513665  0.801693  0.456723  0.835999  0.455234  0.563102  0.518409  0.553166  0.793032  0.455267  0.475241  0.551298  0.558346  0.531342  0.610460  0.479139  0.515029  0.600385  0.517151  0.588557  0.490115  0.506369  0.525471  0.523370  0.324674  0.459390  0.546638  0.545827  0.475033  0.505397  0.510270  0.522862  0.487352  0.522072  0.504631  0.734844  0.860770  0.549158  0.522841  0.484694  0.702434  0.562985  0.507597  0.467917  0.437102  0.499363  0.627276  0.528294  0.532507  0.464235  0.499767  0.521865  0.497590  0.439879  0.773929  0.489796  0.486719  0.474060  0.824421  0.540110  0.535922  0.517739  0.506954  0.687774  0.462335  0.488546  0.582621  0.648921  0.468700  0.589512  0.822697  0.393884  0.501594  0.592208  0.764096  0.596164  0.799750  0.512685  0.491794  0.484360  0.520591  0.472638  0.586788 
5  0.351363  0.361036  0.504430  0.382059  0.323631 0.0  0.449587  0.415779  0.500354  0.382838  0.780832  0.527529  0.615067  0.549488  0.628006  0.395382  0.349935  0.433045  0.343744  0.660641  0.465423  0.490327  0.384177  0.563045  0.732921  0.572756  0.414809  0.504240  0.688293  0.378346  0.567210  0.499140  0.884800  0.486019  0.453363  0.454703  0.492085  0.385587  0.662547  0.464509  0.562494  0.402609  0.420502  0.426398  0.448370  0.207832  0.449549  0.379388  0.356369  0.517221  0.612797  0.401299  0.642629  0.486571  0.238339  0.462713  0.437636  0.558605  0.390562  0.465181  0.404356  0.475798  0.473364  0.591690  0.572801  0.538920  0.441303  0.495615  0.560000  0.613632  0.456277  0.438480  0.292662  0.390993  0.423178  0.492526  0.542102  0.500153  0.515252  0.414454  0.455177  0.584850  0.432241  0.461853  0.466491  0.409904  0.467159  0.752831  0.502369  0.386297  0.454738  0.416259  0.507661  0.516746  0.500311  0.426411  0.278881  0.500387  0.380811  0.485279  0.487051  0.703938  0.739957  0.537645  0.412585  0.483274  0.564295  0.856232  0.403301  0.364098  0.536576  0.470965  0.505079  0.449000  0.479321  0.797757  0.395009  0.769514  0.505932  0.461432  0.422643  0.452835  0.833706  0.602390  0.393764  0.610117  0.528497  0.418308  0.593709  0.507212  0.443076  0.477178  0.478142  0.637151  0.521772  0.433573  0.563143  0.492363  0.310459  0.488028  0.481916  0.531296  0.618320  0.549452  0.495085  0.490162  0.567322  0.426491  0.469155  0.710228  0.698124  0.493969  0.501567  0.518224  0.662412  0.411217  0.547386  0.353472  0.539194  0.576789  0.435296  0.379916  0.475766  0.404268  0.465939  0.413520  0.468740  0.471225  0.787103  0.517618  0.412254  0.454955  0.813171  0.522032  0.436042  0.486499  0.489564  0.725223  0.413360  0.455525  0.601216  0.384246  0.467600  0.481177  0.866885  0.457473  0.534801  0.648860  0.810867  0.507309  0.832211  0.423957  0.488237  0.554535  0.500166  0.569260  0.493628 
6  0.363879  0.509372  0.507186  0.316749  0.375062  0.449587 0.0  0.488885  0.593266  0.594733  0.774476  0.561904  0.495915  0.598583  0.590318  0.446904  0.535916  0.589632  0.318808  0.578661  0.546766  0.444534  0.574891  0.565830  0.602934  0.466377  0.520927  0.598891  0.785224  0.540444  0.412114  0.400257  0.888831  0.540730  0.403146  0.361848  0.569348  0.637316  0.631749  0.522260  0.580945  0.516054  0.444635  0.478281  0.514084  0.354274  0.477175  0.504322  0.439396  0.522473  0.615729  0.399940  0.568846  0.449599  0.300776  0.433921  0.557599  0.503406  0.548110  0.453939  0.424769  0.451261  0.518061  0.528980  0.460205  0.526450  0.528325  0.325706  0.462530  0.624127  0.541774  0.397226  0.416533  0.461170  0.470809  0.543881  0.354873  0.582787  0.468871  0.471978  0.427638  0.535763  0.399445  0.472539  0.556321  0.505007  0.513965  0.656690  0.491844  0.573564  0.473860  0.489630  0.604498  0.497926  0.451741  0.649039  0.348798  0.631134  0.392741  0.523252  0.543324  0.768021  0.694988  0.532331  0.577963  0.458556  0.569196  0.772701  0.594651  0.510916  0.543592  0.559713  0.515842  0.526373  0.543118  0.780492  0.494804  0.749186  0.592930  0.469063  0.534834  0.512707  0.751365  0.557455  0.554701  0.478313  0.429378  0.491211  0.508387  0.587570  0.445580  0.520079  0.524191  0.540281  0.488074  0.530999  0.548411  0.529161  0.367097  0.486567  0.463497  0.608684  0.544493  0.417236  0.542096  0.624788  0.437503  0.577171  0.567175  0.715653  0.812323  0.531036  0.591444  0.563385  0.740183  0.468275  0.558457  0.476077  0.374762  0.427691  0.564901  0.560105  0.451818  0.480425  0.539977  0.572506  0.515282  0.376172  0.804600  0.514483  0.656027  0.410234  0.686383  0.537321  0.546200  0.493118  0.552890  0.709163  0.435257  0.496185  0.606192  0.570757  0.459491  0.486123  0.893671  0.521087  0.618823  0.626338  0.805053  0.555440  0.667873  0.490817  0.474788  0.610596  0.509961  0.541342  0.454430 
7  0.461439  0.421756  0.278010  0.513630  0.536322  0.415779  0.488885 0.0  0.197251  0.506295  0.816270  0.310781  0.412768  0.243357  0.678809  0.384592  0.470785  0.337170  0.558955  0.564836  0.458943  0.423638  0.370020  0.359471  0.861510  0.344128  0.315687  0.327547  0.721866  0.582189  0.411302  0.352098  0.686315  0.492918  0.465041  0.440306  0.648546  0.532793  0.690670  0.461252  0.328102  0.534043  0.305019  0.442684  0.454645  0.529168  0.371942  0.330974  0.510558  0.403482  0.675504  0.554662  0.601877  0.356889  0.453127  0.552472  0.571661  0.375578  0.538679  0.469972  0.482715  0.306407  0.337300  0.432600  0.287688  0.366676  0.411877  0.332677  0.456248  0.591546  0.364350  0.341048  0.293059  0.382672  0.425134  0.340786  0.474506  0.505717  0.378927  0.389652  0.383487  0.271454  0.564616  0.492486  0.451268  0.322924  0.323228  0.675457  0.344693  0.529524  0.325893  0.350961  0.417384  0.398409  0.263261  0.291883  0.530042  0.489256  0.415440  0.315526  0.563628  0.714080  0.830206  0.542447  0.232162  0.281588  0.549344  0.807285  0.446955  0.499072  0.252414  0.522136  0.312724  0.323062  0.332248  0.837958  0.339478  0.914554  0.277171  0.352374  0.457952  0.434593  0.728458  0.349740  0.369551  0.487933  0.358680  0.532160  0.343658  0.542126  0.354942  0.501231  0.407173  0.583261  0.347816  0.484065  0.289413  0.347317  0.410079  0.381194  0.295429  0.458681  0.314082  0.407755  0.372691  0.528663  0.400447  0.447462  0.510283  0.721198  0.713009  0.329716  0.333118  0.425492  0.681424  0.289507  0.374405  0.370499  0.391110  0.385942  0.253602  0.367451  0.271419  0.414702  0.381248  0.454096  0.478292  0.398445  0.848458  0.563882  0.315552  0.547126  0.793739  0.343904  0.401298  0.295262  0.332546  0.712551  0.313859  0.274865  0.534450  0.322891  0.342210  0.461729  0.798025  0.304999  0.341488  0.545453  0.790260  0.570606  0.743418  0.350760  0.526100  0.366967  0.411497  0.597489  0.362640 
8  0.525961  0.420278  0.342357  0.481139  0.579959  0.500354  0.593266  0.197251 0.0  0.519952  0.767550  0.354938  0.362687  0.343088  0.567833  0.389792  0.306179  0.473343  0.566860  0.659293  0.564053  0.493452  0.335660  0.315993  0.763785  0.294943  0.421858  0.330498  0.733308  0.611132  0.404343  0.391389  0.785752  0.577915  0.453794  0.390854  0.639895  0.589065  0.707532  0.497695  0.341474  0.516956  0.344569  0.319549  0.377820  0.402516  0.437776  0.406413  0.534596  0.349719  0.641315  0.494686  0.620438  0.362653  0.466713  0.461900  0.579874  0.407766  0.512967  0.531314  0.414987  0.205994  0.287696  0.310526  0.305809  0.290620  0.374902  0.440195  0.440958  0.589789  0.358610  0.466183  0.366551  0.505940  0.481458  0.395010  0.475002  0.524874  0.356921  0.400335  0.378929  0.354326  0.511276  0.455500  0.491309  0.361639  0.391380  0.744128  0.298079  0.355301  0.379228  0.351155  0.299305  0.382314  0.395903  0.409558  0.398598  0.463838  0.321407  0.188515  0.497482  0.846034  0.827076  0.548867  0.309856  0.294181  0.551148  0.846506  0.509849  0.559601  0.302156  0.524756  0.246057  0.330770  0.316225  0.864903  0.396258  0.824747  0.314083  0.376349  0.451965  0.533649  0.793497  0.402854  0.357380  0.433670  0.345852  0.480978  0.385134  0.577370  0.383268  0.500282  0.387942  0.497183  0.318086  0.473015  0.316982  0.238204  0.459924  0.336789  0.320024  0.556304  0.321878  0.410579  0.414156  0.577704  0.333473  0.396003  0.418495  0.784939  0.807787  0.352585  0.409274  0.312940  0.791405  0.429354  0.421296  0.299541  0.362387  0.423351  0.306579  0.245129  0.382810  0.364122  0.299897  0.479793  0.504636  0.487973  0.843326  0.585949  0.400562  0.487596  0.875090  0.415291  0.290603  0.334286  0.465841  0.620368  0.386424  0.283556  0.616057  0.292267  0.366257  0.540812  0.726510  0.338131  0.395510  0.622069  0.839165  0.492759  0.862038  0.395730  0.441880  0.428129  0.346936  0.546681  0.206202 
9  0.484545  0.445805  0.422290  0.439835  0.524841  0.382838  0.594733  0.506295  0.519952 0.0  0.777460  0.503526  0.441617  0.476366  0.636636  0.509039  0.446300  0.514245  0.566558  0.596750  0.438697  0.541974  0.523524  0.607419  0.740470  0.620584  0.470851  0.542020  0.836970  0.387805  0.499652  0.450467  0.743602  0.359888  0.383368  0.430661  0.401572  0.405936  0.556233  0.508208  0.517843  0.318996  0.437556  0.514952  0.484042  0.580072  0.551209  0.441191  0.492673  0.564181  0.621027  0.481526  0.557777  0.452600  0.551361  0.376619  0.370195  0.487880  0.418518  0.518041  0.519334  0.505966  0.551227  0.531689  0.453575  0.542111  0.497846  0.527004  0.511227  0.624755  0.422888  0.478274  0.311933  0.456821  0.413514  0.537453  0.539699  0.378771  0.569217  0.466553  0.523655  0.454572  0.416889  0.467501  0.323014  0.507564  0.514093  0.688189  0.580064  0.586162  0.583343  0.518011  0.472060  0.461108  0.428818  0.566093  0.533342  0.303984  0.580930  0.479589  0.367555  0.750070  0.802900  0.326507  0.483476  0.559864  0.352061  0.774851  0.410427  0.328882  0.476768  0.370141  0.556700  0.503105  0.547859  0.715475  0.635929  0.767425  0.383203  0.518932  0.461313  0.404578  0.729112  0.572996  0.621539  0.322599  0.523908  0.257834  0.634829  0.406752  0.493005  0.337475  0.487574  0.620289  0.517746  0.383995  0.574940  0.402602  0.589911  0.418906  0.568325  0.591134  0.596553  0.596043  0.470200  0.261716  0.494053  0.569635  0.396131  0.638577  0.834577  0.520532  0.579067  0.523488  0.655134  0.457383  0.533159  0.497543  0.517815  0.591547  0.518714  0.452634  0.552491  0.649486  0.498646  0.483515  0.289488  0.460512  0.767986  0.448642  0.465783  0.386353  0.628391  0.520953  0.622292  0.550051  0.507364  0.728651  0.372227  0.590702  0.672894  0.489019  0.507896  0.323058  0.841423  0.548175  0.489082  0.611561  0.751730  0.377193  0.839362  0.501372  0.380896  0.538547  0.496395  0.322471  0.447317 
10  0.874170  0.802651  0.810292  0.705958  0.859370  0.780832  0.774476  0.816270  0.767550  0.777460 0.0  0.829564  0.709189  0.810811  0.923729  0.824652  0.892213  0.744076  0.783576  0.613362  0.838991  0.852031  0.879317  0.754542  0.623351  0.840594  0.757657  0.736689  0.545817  0.790299  0.859551  0.850075  0.592743  0.783550  0.785859  0.860231  0.796865  0.823658  0.776625  0.767210  0.756688  0.869840  0.779898  0.893912  0.735425  0.737427  0.744430  0.729952  0.813232  0.882860  0.832370  0.763537  0.743989  0.745291  0.633933  0.912775  0.746506  0.843824  0.806014  0.700794  0.712703  0.682616  0.835031  0.831795  0.764216  0.688428  0.751598  0.833726  0.709449  0.713443  0.779041  0.636258  0.629074  0.797978  0.779146  0.827890  0.712489  0.802221  0.762880  0.777720  0.823860  0.851987  0.809904  0.714185  0.742219  0.759052  0.810964  0.695474  0.813067  0.789238  0.777493  0.823273  0.869432  0.726643  0.771621  0.884097  0.852416  0.779160  0.841078  0.662446  0.823317  0.672896  0.224764  0.801128  0.868186  0.853631  0.773057  0.411736  0.851581  0.703882  0.757807  0.852887  0.755533  0.849608  0.786940  0.341447  0.850104  0.322530  0.711875  0.803256  0.796778  0.910400  0.832385  0.837271  0.756666  0.818296  0.821512  0.771883  0.796857  0.934915  0.848255  0.744832  0.749299  0.724475  0.809085  0.829046  0.757992  0.884434  0.824135  0.842972  0.746734  0.850912  0.838543  0.782510  0.806145  0.787798  0.753022  0.748133  0.806680  0.678028  0.824439  0.789126  0.845077  0.740417  0.716170  0.849422  0.733094  0.859253  0.749046  0.722990  0.746460  0.808156  0.850326  0.833025  0.830870  0.883547  0.758498  0.678879  0.435578  0.936051  0.802213  0.804096  0.296805  0.872890  0.746336  0.825857  0.665029  0.777319  0.850132  0.743197  0.845153  0.849224  0.835691  0.803834  0.312570  0.772195  0.791900  0.825026  0.613338  0.681630  0.334331  0.810647  0.785446  0.864843  0.778961  0.765282  0.778556 
11  0.417488  0.502831  0.373071  0.547294  0.563880  0.527529  0.561904  0.310781  0.354938  0.503526  0.829564 0.0  0.335402  0.429623  0.613122  0.377466  0.406413  0.241893  0.457529  0.559343  0.546715  0.355046  0.339668  0.253110  0.824457  0.323437  0.398896  0.370104  0.807387  0.522774  0.410569  0.322344  0.739053  0.510471  0.476262  0.471509  0.463983  0.471406  0.642386  0.338881  0.353585  0.516125  0.210844  0.456236  0.369187  0.507923  0.427841  0.320441  0.546302  0.320408  0.697642  0.402524  0.581110  0.335355  0.575100  0.476455  0.517476  0.439736  0.591834  0.567949  0.278126  0.376320  0.313796  0.335703  0.238729  0.311086  0.349375  0.384822  0.392029  0.558976  0.400271  0.449233  0.325255  0.468728  0.490411  0.301938  0.515003  0.505931  0.211007  0.284796  0.328040  0.427376  0.550613  0.550088  0.557673  0.200550  0.353257  0.629055  0.378320  0.441131  0.348481  0.216657  0.345898  0.411642  0.263601  0.347473  0.560509  0.521199  0.365432  0.328768  0.561470  0.694254  0.820764  0.505186  0.335633  0.382693  0.567243  0.776640  0.554604  0.592970  0.340539  0.450964  0.314093  0.351997  0.283361  0.814134  0.304621  0.760066  0.396476  0.333928  0.430689  0.449574  0.819664  0.387054  0.331798  0.546407  0.309432  0.531233  0.401085  0.530589  0.435170  0.449739  0.403081  0.668825  0.244818  0.479913  0.275703  0.371752  0.518246  0.294879  0.241720  0.560133  0.297662  0.278146  0.389977  0.473973  0.409225  0.484615  0.374994  0.681933  0.840659  0.283832  0.442298  0.283305  0.772450  0.368091  0.304909  0.385113  0.367127  0.316331  0.297353  0.376505  0.263336  0.240876  0.350844  0.286271  0.580215  0.405095  0.799054  0.528980  0.281786  0.489092  0.754327  0.366136  0.383862  0.381013  0.314532  0.758635  0.282818  0.398863  0.553811  0.292819  0.386709  0.512016  0.774605  0.354666  0.363837  0.645940  0.849081  0.506244  0.945502  0.332614  0.495404  0.371807  0.403173  0.576614  0.286379 
12  0.601093  0.430999  0.274754  0.481575  0.524777  0.615067  0.495915  0.412768  0.362687  0.441617  0.709189  0.335402 0.0  0.385924  0.556073  0.263150  0.442015  0.273139  0.543291  0.613498  0.437851  0.445583  0.290497  0.193524  0.791948  0.341438  0.339562  0.347523  0.782969  0.550810  0.283173  0.338373  0.800725  0.607627  0.356650  0.326238  0.497683  0.508069  0.621029  0.271605  0.323646  0.502804  0.382113  0.430434  0.388634  0.555644  0.398771  0.356974  0.548429  0.291448  0.590475  0.536505  0.614274  0.394175  0.563203  0.537711  0.488352  0.431167  0.467948  0.527497  0.433392  0.401475  0.422089  0.280948  0.354392  0.317999  0.354333  0.361518  0.405983  0.635223  0.291421  0.474257  0.448780  0.398298  0.451224  0.319102  0.506420  0.463766  0.335843  0.391781  0.171330  0.406908  0.564811  0.514158  0.392048  0.375270  0.392360  0.688980  0.273108  0.367634  0.315537  0.226882  0.268959  0.342310  0.276867  0.347488  0.503572  0.553366  0.365355  0.387730  0.523215  0.808145  0.777990  0.579233  0.274267  0.340671  0.484611  0.801606  0.468947  0.497676  0.216567  0.536817  0.258492  0.356620  0.361171  0.741421  0.394669  0.862042  0.409830  0.342411  0.349124  0.482283  0.772000  0.319600  0.296037  0.554767  0.309447  0.519676  0.238028  0.553727  0.433065  0.523600  0.292651  0.595405  0.335139  0.443639  0.309241  0.315493  0.450353  0.321987  0.464001  0.569473  0.354798  0.334326  0.401109  0.534019  0.493086  0.470337  0.345329  0.667031  0.782155  0.354215  0.175851  0.353671  0.690447  0.321867  0.241142  0.250312  0.341905  0.331502  0.317224  0.255671  0.296373  0.388566  0.327461  0.392468  0.558994  0.445715  0.859256  0.549015  0.334800  0.521857  0.864374  0.286411  0.359062  0.262392  0.284892  0.669386  0.286532  0.424558  0.776019  0.395876  0.369350  0.558815  0.728089  0.348393  0.363893  0.576698  0.701437  0.569065  0.807008  0.309931  0.532187  0.299896  0.361176  0.491123  0.303228 
13  0.478444  0.415273  0.253718  0.577950  0.467621  0.549488  0.598583  0.243357  0.343088  0.476366  0.810811  0.429623  0.385924 0.0  0.650968  0.285192  0.472329  0.320868  0.515132  0.514389  0.531227  0.362349  0.340148  0.388746  0.810372  0.389423  0.365284  0.330550  0.768733  0.504742  0.291135  0.256142  0.772456  0.503765  0.356790  0.296865  0.574482  0.490257  0.607120  0.358446  0.388170  0.514342  0.308425  0.338103  0.389069  0.467378  0.487173  0.295575  0.555472  0.419993  0.626650  0.455732  0.638133  0.399384  0.570983  0.504526  0.562020  0.411060  0.507556  0.406075  0.478149  0.319427  0.232764  0.288635  0.308824  0.329012  0.408751  0.436089  0.425368  0.644613  0.290476  0.353940  0.207537  0.405401  0.449927  0.341929  0.498098  0.500204  0.388263  0.359572  0.353247  0.353926  0.590722  0.442441  0.514280  0.270561  0.318265  0.687442  0.378777  0.335630  0.370360  0.345820  0.273565  0.246736  0.355443  0.285091  0.491850  0.486639  0.303507  0.293225  0.467110  0.786931  0.764652  0.474013  0.444357  0.253977  0.561828  0.710134  0.608561  0.468009  0.365651  0.502574  0.348327  0.295015  0.403085  0.839450  0.280263  0.913524  0.376003  0.223311  0.413675  0.503825  0.803537  0.420175  0.436396  0.404209  0.346295  0.405785  0.315992  0.562475  0.360883  0.483358  0.326354  0.473773  0.346923  0.534634  0.302224  0.370490  0.529728  0.266047  0.177331  0.627864  0.365403  0.308365  0.471378  0.476269  0.376534  0.380315  0.508374  0.640247  0.799192  0.309350  0.291796  0.255069  0.736140  0.312340  0.246384  0.276661  0.251858  0.378478  0.316216  0.288588  0.346538  0.298600  0.379327  0.200502  0.563015  0.406687  0.829921  0.581633  0.295911  0.486009  0.796136  0.307374  0.359371  0.320979  0.375436  0.574733  0.357158  0.386915  0.673437  0.401001  0.359256  0.590325  0.793832  0.271207  0.263536  0.629875  0.842069  0.514899  0.800774  0.412359  0.501598  0.293535  0.366214  0.486160  0.341780 
14  0.712782  0.740368  0.559251  0.613766  0.596327  0.628006  0.590318  0.678809  0.567833  0.636636  0.923729  0.613122  0.556073  0.650968 0.0  0.628863  0.614135  0.600325  0.587417  0.484593  0.613346  0.688497  0.673046  0.582962  0.782046  0.566745  0.694755  0.614603  0.723864  0.605304  0.639335  0.594598  0.684920  0.597858  0.573582  0.679505  0.572165  0.659682  0.484230  0.579755  0.694721  0.592964  0.606190  0.583995  0.577433  0.533017  0.656427  0.603894  0.518153  0.653431  0.532408  0.729481  0.633730  0.519737  0.624249  0.682738  0.673051  0.573155  0.581157  0.597283  0.539040  0.544746  0.699090  0.663292  0.605583  0.684842  0.570212  0.554710  0.640272  0.573695  0.521903  0.634741  0.492439  0.600521  0.647577  0.618055  0.631660  0.656928  0.650826  0.585609  0.572302  0.568663  0.702509  0.661891  0.563323  0.640361  0.686465  0.669632  0.645765  0.628955  0.538957  0.624268  0.609320  0.622696  0.623485  0.574515  0.639881  0.618505  0.550873  0.697384  0.581488  0.808168  0.802315  0.638270  0.649309  0.710268  0.675125  0.826473  0.616819  0.568505  0.531324  0.590013  0.656993  0.570954  0.775140  0.788774  0.607082  0.837525  0.573545  0.723197  0.585494  0.570559  0.718622  0.615112  0.678451  0.624992  0.629702  0.705097  0.664806  0.665649  0.555419  0.623812  0.635791  0.390033  0.656238  0.609519  0.637377  0.651476  0.555691  0.543513  0.640095  0.431558  0.561923  0.548888  0.592893  0.601419  0.631063  0.602740  0.466110  0.692376  0.827347  0.682445  0.617011  0.629601  0.861281  0.568452  0.704807  0.651850  0.525267  0.572188  0.617868  0.617661  0.595230  0.502960  0.598161  0.620798  0.601032  0.590183  0.888230  0.615332  0.622229  0.671752  0.734062  0.665344  0.631389  0.643872  0.549668  0.724983  0.619040  0.593078  0.351727  0.602231  0.563154  0.655331  0.721858  0.723847  0.678171  0.472397  0.791095  0.588959  0.839788  0.601154  0.604041  0.599813  0.708238  0.756032  0.603526 
15  0.518840  0.356031  0.374302  0.463748  0.419094  0.395382  0.446904  0.384592  0.389792  0.509039  0.824652  0.377466  0.263150  0.285192  0.628863 0.0  0.461417  0.351321  0.508694  0.590190  0.505657  0.482881  0.381731  0.349447  0.729508  0.432296  0.318476  0.320754  0.742050  0.538275  0.271103  0.352982  0.791704  0.469321  0.407895  0.387377  0.517719  0.515108  0.623019  0.293020  0.348734  0.389703  0.344007  0.398416  0.419541  0.528770  0.402085  0.322310  0.501843  0.394403  0.714283  0.566197  0.582257  0.474498  0.484744  0.491209  0.560304  0.444848  0.494567  0.433368  0.400327  0.312486  0.286282  0.336028  0.300760  0.295177  0.264978  0.384878  0.385262  0.608670  0.308432  0.440315  0.448825  0.418459  0.403586  0.351349  0.571624  0.502314  0.255962  0.320716  0.335427  0.328484  0.590088  0.524769  0.466504  0.245395  0.249936  0.729666  0.353025  0.301438  0.230456  0.286378  0.355843  0.290775  0.211185  0.423454  0.396704  0.534115  0.343616  0.271361  0.437296  0.815138  0.816738  0.494306  0.358267  0.383369  0.538825  0.822997  0.552945  0.481254  0.317151  0.570457  0.441720  0.322907  0.325647  0.899805  0.268955  0.755496  0.403311  0.395028  0.470683  0.572268  0.671100  0.320550  0.329785  0.440374  0.190121  0.474793  0.360797  0.543233  0.355139  0.494695  0.216578  0.552537  0.289288  0.454620  0.324138  0.302978  0.606925  0.280978  0.292873  0.649687  0.330359  0.366845  0.440960  0.494603  0.433456  0.425857  0.427134  0.695704  0.781990  0.369490  0.229468  0.251876  0.734087  0.286039  0.358702  0.308924  0.357178  0.260886  0.303665  0.252997  0.398013  0.279149  0.263421  0.419694  0.459165  0.365215  0.709807  0.558928  0.331472  0.511575  0.825909  0.357734  0.369395  0.347077  0.356993  0.657553  0.304185  0.343145  0.542954  0.335004  0.290925  0.574889  0.859916  0.329155  0.428204  0.465619  0.868628  0.487081  0.772815  0.216855  0.532391  0.453323  0.492038  0.465931  0.284858 
16  0.448732  0.458618  0.414246  0.507116  0.486092  0.349935  0.535916  0.470785  0.306179  0.446300  0.892213  0.406413  0.442015  0.472329  0.614135  0.461417 0.0  0.330876  0.536343  0.633546  0.435591  0.446058  0.442053  0.367946  0.838299  0.350602  0.410211  0.417867  0.866845  0.493359  0.432231  0.386054  0.847593  0.489315  0.353877  0.387906  0.460713  0.449042  0.645613  0.311729  0.364835  0.534430  0.454445  0.395806  0.488920  0.447494  0.472188  0.318123  0.525027  0.417797  0.650408  0.424146  0.543779  0.306688  0.520247  0.510473  0.577157  0.324364  0.550174  0.489593  0.377824  0.393170  0.287548  0.417812  0.370491  0.343862  0.437966  0.334929  0.366963  0.753640  0.371392  0.355184  0.328352  0.388329  0.412335  0.368773  0.441288  0.476927  0.377121  0.390282  0.349856  0.496149  0.451381  0.431001  0.494230  0.388808  0.452417  0.734749  0.426326  0.362385  0.427582  0.343898  0.368063  0.417655  0.352397  0.352300  0.397359  0.531446  0.478055  0.333971  0.528294  0.737770  0.761375  0.468203  0.424190  0.275092  0.553408  0.697598  0.382006  0.487794  0.398351  0.496801  0.346095  0.468221  0.352447  0.775765  0.391338  0.777389  0.364994  0.408309  0.366802  0.406561  0.789921  0.339009  0.372859  0.429978  0.360751  0.500910  0.345770  0.481280  0.394748  0.541326  0.323730  0.575347  0.313604  0.559831  0.402406  0.388743  0.619210  0.369627  0.367942  0.464323  0.335254  0.369062  0.425043  0.518311  0.390853  0.370431  0.435546  0.650018  0.751614  0.471612  0.434368  0.348767  0.697584  0.392291  0.298791  0.408445  0.451833  0.518001  0.468975  0.431088  0.367608  0.394021  0.362961  0.387252  0.491915  0.431887  0.730014  0.513802  0.484005  0.472303  0.762379  0.334431  0.333768  0.364511  0.355281  0.625416  0.383831  0.446624  0.669589  0.442641  0.326537  0.358180  0.771251  0.299369  0.384297  0.557703  0.837256  0.572612  0.916280  0.408270  0.398932  0.371842  0.436411  0.395295  0.329222 
17  0.404384  0.434419  0.446819  0.585049  0.449451  0.433045  0.589632  0.337170  0.473343  0.514245  0.744076  0.241893  0.273139  0.320868  0.600325  0.351321  0.330876 0.0  0.485691  0.579029  0.474770  0.429914  0.264498  0.297260  0.711481  0.306853  0.274908  0.304461  0.813922  0.514359  0.412737  0.341782  0.753487  0.513706  0.434675  0.475223  0.560144  0.469309  0.621602  0.355174  0.285620  0.483285  0.350306  0.431542  0.367934  0.606193  0.387936  0.349635  0.501215  0.295124  0.576949  0.547740  0.554227  0.389696  0.496612  0.549054  0.486116  0.499411  0.539235  0.413278  0.332864  0.262307  0.394287  0.381982  0.297930  0.265876  0.283323  0.395949  0.307108  0.623002  0.340377  0.356224  0.371361  0.406921  0.353388  0.304035  0.549443  0.534248  0.284927  0.331277  0.408835  0.378621  0.556556  0.530303  0.522991  0.364347  0.335493  0.739934  0.306604  0.318015  0.332050  0.286689  0.347298  0.406853  0.339201  0.317041  0.490134  0.563731  0.309540  0.347265  0.474272  0.777705  0.746383  0.519070  0.365247  0.380573  0.494657  0.839914  0.507551  0.478631  0.382272  0.498191  0.315084  0.327285  0.372712  0.848912  0.369008  0.790011  0.456942  0.197026  0.244524  0.508160  0.694151  0.358349  0.361274  0.477217  0.261356  0.513648  0.251455  0.509554  0.291781  0.523691  0.389697  0.644135  0.297620  0.491396  0.386768  0.321325  0.557072  0.356194  0.344197  0.571388  0.325570  0.321533  0.377064  0.550793  0.374653  0.453347  0.369196  0.741583  0.730925  0.364607  0.349480  0.321487  0.686712  0.401495  0.402623  0.264105  0.303135  0.388843  0.368353  0.227640  0.311611  0.307153  0.285201  0.430282  0.542700  0.480294  0.817074  0.528129  0.375873  0.484068  0.751935  0.386505  0.404953  0.398519  0.242627  0.559943  0.256080  0.323106  0.557845  0.306472  0.371441  0.577814  0.710716  0.291231  0.322588  0.654870  0.785292  0.545388  0.745657  0.364398  0.493260  0.344579  0.453969  0.571913  0.312676 
18  0.242017  0.485466  0.471415  0.236409  0.248890  0.343744  0.318808  0.558955  0.566860  0.566558  0.783576  0.457529  0.543291  0.515132  0.587417  0.508694  0.536343  0.485691 0.0  0.537180  0.448198  0.433449  0.449236  0.458141  0.747832  0.543461  0.490922  0.609859  0.748268  0.496430  0.413006  0.590772  0.846991  0.496765  0.431628  0.506512  0.493717  0.510072  0.620038  0.490368  0.570777  0.489070  0.520271  0.557516  0.459583  0.321782  0.449965  0.471504  0.394974  0.456079  0.605209  0.495246  0.556578  0.329622  0.376202  0.580213  0.535890  0.542757  0.520193  0.486675  0.610988  0.521062  0.439033  0.557082  0.556943  0.457436  0.548647  0.493712  0.497335  0.509574  0.586711  0.462968  0.400428  0.496259  0.426701  0.483095  0.548219  0.573497  0.436722  0.500962  0.508357  0.477044  0.516183  0.459429  0.483855  0.490106  0.470395  0.592438  0.502890  0.536635  0.426137  0.465519  0.542363  0.539876  0.447186  0.428371  0.312014  0.559358  0.492066  0.575963  0.558211  0.683104  0.861115  0.598479  0.434642  0.544120  0.461923  0.754598  0.513476  0.517614  0.507725  0.474275  0.465873  0.551410  0.457216  0.763681  0.524557  0.827714  0.513152  0.527217  0.505201  0.542746  0.806781  0.499516  0.423897  0.554709  0.582564  0.597332  0.589539  0.479185  0.628192  0.523799  0.520551  0.636131  0.503391  0.469104  0.621182  0.380922  0.257935  0.581545  0.509957  0.541701  0.497192  0.467838  0.542431  0.546178  0.495598  0.594131  0.466469  0.699699  0.744842  0.513751  0.521887  0.547364  0.737362  0.551264  0.514366  0.516509  0.549767  0.458721  0.556423  0.601581  0.453265  0.464052  0.434155  0.541293  0.496620  0.450496  0.826975  0.500928  0.652598  0.481868  0.730601  0.609118  0.539869  0.436721  0.484648  0.646103  0.454856  0.519554  0.590660  0.434670  0.563859  0.452954  0.846592  0.419796  0.432419  0.562227  0.804204  0.576120  0.716524  0.573708  0.450686  0.446678  0.568158  0.521477  0.568479 
19  0.539834  0.670832  0.500721  0.659246  0.591297  0.660641  0.578661  0.564836  0.659293  0.596750  0.613362  0.559343  0.613498  0.514389  0.484593  0.590190  0.633546  0.579029  0.537180 0.0  0.590300  0.569961  0.574759  0.577078  0.782995  0.716664  0.651683  0.645364  0.857035  0.637085  0.639262  0.537292  0.786932  0.718705  0.473586  0.601674  0.582457  0.567466  0.267405  0.507265  0.629738  0.560977  0.605762  0.601337  0.665839  0.555010  0.640253  0.551405  0.567219  0.657979  0.423385  0.596838  0.474799  0.586450  0.647059  0.511638  0.560728  0.655667  0.592579  0.621442  0.596295  0.636745  0.594565  0.508474  0.614713  0.531003  0.636012  0.561425  0.627770  0.591960  0.612471  0.609459  0.542967  0.562512  0.616586  0.542981  0.580999  0.638444  0.525200  0.634875  0.648139  0.538439  0.627831  0.633137  0.682512  0.570323  0.617647  0.710541  0.689598  0.561032  0.580518  0.639891  0.633065  0.690900  0.564976  0.579631  0.562175  0.787470  0.624306  0.515242  0.615412  0.857342  0.799816  0.624889  0.586635  0.629994  0.502636  0.706781  0.610574  0.590750  0.651334  0.657443  0.567754  0.602522  0.597507  0.828825  0.468580  0.790459  0.529418  0.540013  0.588947  0.698062  0.684130  0.546717  0.470074  0.619687  0.516179  0.630550  0.587421  0.571707  0.612264  0.617131  0.552182  0.384150  0.590584  0.576678  0.648641  0.567959  0.631541  0.716705  0.591446  0.227825  0.637928  0.547380  0.665043  0.605291  0.596802  0.574274  0.659791  0.681763  0.762079  0.640555  0.600417  0.576447  0.518520  0.619066  0.547069  0.523663  0.724230  0.728302  0.642744  0.581749  0.624324  0.579293  0.632239  0.676382  0.707215  0.563922  0.775269  0.662022  0.628182  0.661492  0.730184  0.669366  0.612760  0.507795  0.592786  0.739646  0.634689  0.583488  0.501592  0.600099  0.624021  0.651169  0.716979  0.588662  0.606383  0.513082  0.741036  0.633013  0.838124  0.672917  0.626478  0.591890  0.634490  0.571568  0.582305 
