31
0 0.0  0.375345  0.664782  0.508842  0.758021  0.478830  0.904100  0.673937  0.860015  0.966082  0.815594  0.704375  0.898932  0.775805  0.832733  0.424655  0.855024  0.572031  0.495850  0.966916  0.576770  0.710261  0.426208  0.782359  0.404790  0.888732  0.756002  0.714725  0.479082  0.850870  0.672835 
1  0.375345 0.0  0.691414  0.490718  0.707017  0.525148  0.869531  0.526194  0.806327  0.793960  0.828955  0.731043  0.961389  0.727941  0.862344  0.546226  0.807930  0.644257  0.539221  0.901039  0.551896  0.706110  0.374884  0.830060  0.550112  0.969665  0.947431  0.546122  0.561052  0.831970  0.609792 
2  0.664782  0.691414 0.0  0.593343  0.845412  0.436508  0.977723  0.562903  0.865770  0.851936  0.866194  0.574466  0.894406  0.706907  0.897181  0.667847  0.936970  0.348042  0.567737  0.878654  0.673034  0.451756  0.673944  0.820478  0.623694  0.786125  0.769832  0.604093  0.540964  0.780578  0.522740 
3  0.508842  0.490718  0.593343 0.0  0.717972  0.718671  0.927109  0.350315  0.787237  0.807363  0.862931  0.755612  0.903713  0.803672  0.811755  0.275125  0.837095  0.496755  0.272258  0.967987  0.693634  0.531414  0.566762  0.840555  0.322226  0.918545  0.903729  0.547297  0.603280  0.681079  0.394669 
4  0.758021  0.707017  0.845412  0.717972 0.0  0.828100  0.762532  0.857511  0.639608  0.744942  0.393468  0.589465  0.800174  0.471519  0.787038  0.770027  0.892261  0.712797  0.773836  0.639015  0.803672  0.839583  0.788411  0.412481  0.697379  0.805268  0.708501  0.774581  0.828248  0.631005  0.747523 
5  0.478830  0.525148  0.436508  0.718671  0.828100 0.0  0.819519  0.790614  0.849920  0.887092  0.922468  0.691294  0.888283  0.785517  0.917254  0.624522  0.862637  0.410464  0.626226  0.948621  0.512711  0.585264  0.469699  0.800940  0.594138  0.857061  0.792560  0.573957  0.336576  0.814201  0.517602 
6  0.904100  0.869531  0.977723  0.927109  0.762532  0.819519 0.0  0.833653  0.926594  0.773734  0.626813  0.779209  0.445406  0.756707  0.894786  0.827753  0.793165  0.829738  0.830855  0.691414  0.911941  0.919555  0.900927  0.926389  0.827221  0.851989  0.672040  0.949560  0.837028  0.765724  0.884415 
7  0.673937  0.526194  0.562903  0.350315  0.857511  0.790614  0.833653 0.0  0.820390  0.948138  0.816290  0.692685  0.841473  0.781457  0.797863  0.396351  0.958571  0.554866  0.439939  0.786385  0.686460  0.599717  0.622023  0.884436  0.505658  0.845930  0.909373  0.532604  0.538374  0.752879  0.491193 
8  0.860015  0.806327  0.865770  0.787237  0.639608  0.849920  0.926594  0.820390 0.0  0.979228  0.510307  0.712707  0.815354  0.483900  0.760208  0.874342  0.800886  0.774680  0.784193  0.805000  0.824834  0.919260  0.873688  0.319908  0.836040  0.835496  0.901453  0.715366  0.794564  0.829911  0.880773 
9  0.966082  0.793960  0.851936  0.807363  0.744942  0.887092  0.773734  0.948138  0.979228 0.0  0.856712  0.546571  0.868741  0.535984  0.898604  0.900949  0.385863  0.756005  0.829426  0.930509  0.851326  0.993348  0.974414  0.878891  0.880757  0.942433  0.784964  0.833305  0.811002  0.576490  0.978325 
10  0.815594  0.828955  0.866194  0.862931  0.393468  0.922468  0.626813  0.816290  0.510307  0.856712 0.0  0.684498  0.675549  0.533794  0.942609  0.871954  0.791583  0.902693  0.854127  0.822242  0.854246  0.939839  0.895938  0.600353  0.866313  0.909091  0.868180  0.790468  0.834527  0.845565  0.863454 
11  0.704375  0.731043  0.574466  0.755612  0.589465  0.691294  0.779209  0.692685  0.712707  0.546571  0.684498 0.0  0.566132  0.671932  0.798387  0.709435  0.703508  0.687032  0.680933  0.627158  0.690621  0.725678  0.649074  0.668564  0.642492  0.768827  0.772499  0.696803  0.594942  0.675769  0.742280 
12  0.898932  0.961389  0.894406  0.903713  0.800174  0.888283  0.445406  0.841473  0.815354  0.868741  0.675549  0.566132 0.0  0.681989  0.909379  0.902241  0.985779  0.849341  0.794180  0.755360  0.820290  0.877033  0.902989  0.990597  0.897376  0.878384  0.563652  0.855198  0.840557  0.838576  0.892994 
13  0.775805  0.727941  0.706907  0.803672  0.471519  0.785517  0.756707  0.781457  0.483900  0.535984  0.533794  0.671932  0.681989 0.0  0.728946  0.881871  0.679811  0.823869  0.777248  0.777998  0.840310  0.694133  0.848655  0.497691  0.812971  0.867855  0.805797  0.805674  0.787280  0.745221  0.870593 
14  0.832733  0.862344  0.897181  0.811755  0.787038  0.917254  0.894786  0.797863  0.760208  0.898604  0.942609  0.798387  0.909379  0.728946 0.0  0.872331  0.807501  0.955755  0.867840  0.875876  0.876853  0.873078  0.833628  0.836587  0.879813  0.446307  0.804713  0.874994  0.875784  0.752632  0.905993 
15  0.424655  0.546226  0.667847  0.275125  0.770027  0.624522  0.827753  0.396351  0.874342  0.900949  0.871954  0.709435  0.902241  0.881871  0.872331 0.0  0.849625  0.443441  0.415581  0.885282  0.540989  0.583238  0.550920  0.827398  0.363141  0.941973  0.961353  0.556552  0.486329  0.779547  0.510188 
16  0.855024  0.807930  0.936970  0.837095  0.892261  0.862637  0.793165  0.958571  0.800886  0.385863  0.791583  0.703508  0.985779  0.679811  0.807501  0.849625 0.0  0.924336  0.844737  0.829137  0.851381  0.884829  0.871919  0.839783  0.871831  0.958587  0.837940  0.912203  0.815262  0.443761  0.834167 
17  0.572031  0.644257  0.348042  0.496755  0.712797  0.410464  0.829738  0.554866  0.774680  0.756005  0.902693  0.687032  0.849341  0.823869  0.955755  0.443441  0.924336 0.0  0.576269  0.852027  0.731041  0.468106  0.715643  0.861316  0.463902  0.893508  0.845202  0.564808  0.551560  0.773013  0.410871 
18  0.495850  0.539221  0.567737  0.272258  0.773836  0.626226  0.830855  0.439939  0.784193  0.829426  0.854127  0.680933  0.794180  0.777248  0.867840  0.415581  0.844737  0.576269 0.0  0.753006  0.664296  0.574409  0.478042  0.897172  0.437132  0.962612  0.848235  0.558268  0.552250  0.772420  0.503327 
19  0.966916  0.901039  0.878654  0.967987  0.639015  0.948621  0.691414  0.786385  0.805000  0.930509  0.822242  0.627158  0.755360  0.777998  0.875876  0.885282  0.829137  0.852027  0.753006 0.0  0.992667  0.871818  0.891349  0.759122  0.849577  0.778232  0.399712  0.873490  0.869967  0.608882  1.000000 
20  0.576770  0.551896  0.673034  0.693634  0.803672  0.512711  0.911941  0.686460  0.824834  0.851326  0.854246  0.690621  0.820290  0.840310  0.876853  0.540989  0.851381  0.731041  0.664296  0.992667 0.0  0.682237  0.505931  0.749237  0.630437  0.916448  0.857204  0.484101  0.573708  0.733173  0.738416 
21  0.710261  0.706110  0.451756  0.531414  0.839583  0.585264  0.919555  0.599717  0.919260  0.993348  0.939839  0.725678  0.877033  0.694133  0.873078  0.583238  0.884829  0.468106  0.574409  0.871818  0.682237 0.0  0.723208  0.833358  0.602710  0.919375  0.895614  0.428088  0.624774  0.781253  0.318928 
22  0.426208  0.374884  0.673944  0.566762  0.788411  0.469699  0.900927  0.622023  0.873688  0.974414  0.895938  0.649074  0.902989  0.848655  0.833628  0.550920  0.871919  0.715643  0.478042  0.891349  0.505931  0.723208 0.0  0.785964  0.584463  0.896459  0.824876  0.629139  0.571393  0.791828  0.687362 
23  0.782359  0.830060  0.820478  0.840555  0.412481  0.800940  0.926389  0.884436  0.319908  0.878891  0.600353  0.668564  0.990597  0.497691  0.836587  0.827398  0.839783  0.861316  0.897172  0.759122  0.749237  0.833358  0.785964 0.0  0.820777  0.926760  0.786253  0.684226  0.836104  0.826189  0.828492 
24  0.404790  0.550112  0.623694  0.322226  0.697379  0.594138  0.827221  0.505658  0.836040  0.880757  0.866313  0.642492  0.897376  0.812971  0.879813  0.363141  0.871831  0.463902  0.437132  0.849577  0.630437  0.602710  0.584463  0.820777 0.0  0.823832  0.841326  0.683964  0.451645  0.815813  0.509937 
25  0.888732  0.969665  0.786125  0.918545  0.805268  0.857061  0.851989  0.845930  0.835496  0.942433  0.909091  0.768827  0.878384  0.867855  0.446307  0.941973  0.958587  0.893508  0.962612  0.778232  0.916448  0.919375  0.896459  0.926760  0.823832 0.0  0.877459  0.872672  0.744943  0.824510  0.804573 
26  0.756002  0.947431  0.769832  0.903729  0.708501  0.792560  0.672040  0.909373  0.901453  0.784964  0.868180  0.772499  0.563652  0.805797  0.804713  0.961353  0.837940  0.845202  0.848235  0.399712  0.857204  0.895614  0.824876  0.786253  0.841326  0.877459 0.0  0.915134  0.679958  0.507243  0.879687 
27  0.714725  0.546122  0.604093  0.547297  0.774581  0.573957  0.949560  0.532604  0.715366  0.833305  0.790468  0.696803  0.855198  0.805674  0.874994  0.556552  0.912203  0.564808  0.558268  0.873490  0.484101  0.428088  0.629139  0.684226  0.683964  0.872672  0.915134 0.0  0.440479  0.911495  0.481997 
28  0.479082  0.561052  0.540964  0.603280  0.828248  0.336576  0.837028  0.538374  0.794564  0.811002  0.834527  0.594942  0.840557  0.787280  0.875784  0.486329  0.815262  0.551560  0.552250  0.869967  0.573708  0.624774  0.571393  0.836104  0.451645  0.744943  0.679958  0.440479 0.0  0.822756  0.418210 
29  0.850870  0.831970  0.780578  0.681079  0.631005  0.814201  0.765724  0.752879  0.829911  0.576490  0.845565  0.675769  0.838576  0.745221  0.752632  0.779547  0.443761  0.773013  0.772420  0.608882  0.733173  0.781253  0.791828  0.826189  0.815813  0.824510  0.507243  0.911495  0.822756 0.0  0.923398 
30  0.672835  0.609792  0.522740  0.394669  0.747523  0.517602  0.884415  0.491193  0.880773  0.978325  0.863454  0.742280  0.892994  0.870593  0.905993  0.510188  0.834167  0.410871  0.503327  1.000000  0.738416  0.318928  0.687362  0.828492  0.509937  0.804573  0.879687  0.481997  0.418210  0.923398 0.0 
