31
0 0.0  0.628147  0.440775  0.848150  0.734071  0.801786  0.594203  0.513245  0.615473  0.912999  0.846656  0.753731  0.908216  0.716732  0.775230  0.883121  0.713775  0.856548  0.461020  0.393282  0.800144  0.864293  0.409220  0.436953  0.850005  0.847496  0.643671  0.838213  0.800247  0.625247  0.524576 
1  0.628147 0.0  0.673053  0.861218  0.915556  0.764512  0.468023  0.415104  0.540475  0.902064  0.824355  0.707232  0.856749  0.400261  0.839331  0.765624  0.837660  0.828127  0.539999  0.656469  0.825121  0.931002  0.649012  0.527623  0.800891  0.856883  0.308832  0.821469  0.755456  0.413010  0.647256 
2  0.440775  0.673053 0.0  0.853777  0.817457  0.870779  0.491726  0.578671  0.432165  0.819464  0.754376  0.815849  0.799761  0.456908  0.975404  0.718741  0.789216  0.802426  0.313019  0.294998  0.790958  0.795856  0.507021  0.469483  0.833172  0.812622  0.470245  0.808142  0.825338  0.577455  0.700682 
3  0.848150  0.861218  0.853777 0.0  0.422735  0.782337  0.774710  0.808990  0.803232  0.725686  0.864409  0.675146  0.902201  0.810922  0.839750  0.419915  0.758644  0.870807  0.720967  0.855317  0.927372  0.818886  0.955076  0.906526  0.884924  0.853812  0.863407  0.891489  0.597444  0.926524  0.803833 
4  0.734071  0.915556  0.817457  0.422735 0.0  0.655857  0.771678  0.750253  0.771497  0.838658  0.843909  0.746381  0.806551  0.831076  0.694133  0.448120  0.823313  0.793423  0.745703  0.832868  0.897473  0.765994  0.867929  0.757807  0.773004  0.866526  0.812255  0.753156  0.693999  0.719695  0.828174 
5  0.801786  0.764512  0.870779  0.782337  0.655857 0.0  0.787009  0.916392  0.818436  0.479566  0.341965  0.609161  0.863877  0.956481  0.677195  0.765822  0.869950  0.836399  0.784418  0.756100  0.672463  0.305064  0.844422  0.806572  0.377352  0.522915  0.806254  0.660238  0.561115  0.846548  0.863106 
6  0.594203  0.468023  0.491726  0.774710  0.771678  0.787009 0.0  0.659343  0.459531  0.851365  0.821568  0.654795  0.832583  0.557512  0.912392  0.915487  0.733875  0.585958  0.498685  0.423363  0.700843  0.746819  0.653027  0.471244  0.789279  0.848990  0.558791  0.857519  0.721771  0.518702  0.599225 
7  0.513245  0.415104  0.578671  0.808990  0.750253  0.916392  0.659343 0.0  0.539010  0.896127  0.947604  0.733688  0.917211  0.534878  0.890005  0.826036  0.833166  0.772047  0.617214  0.630392  0.854849  0.782885  0.461108  0.568115  0.790482  0.866310  0.598670  0.892744  0.713315  0.575982  0.388052 
8  0.615473  0.540475  0.432165  0.803232  0.771497  0.818436  0.459531  0.539010 0.0  0.744812  0.629842  0.767894  0.728360  0.527621  0.736713  0.649045  0.714859  0.780870  0.355788  0.532329  0.737006  0.700607  0.467821  0.566475  0.825372  0.758895  0.494863  0.748239  0.794716  0.560075  0.498314 
9  0.912999  0.902064  0.819464  0.725686  0.838658  0.479566  0.851365  0.896127  0.744812 0.0  0.403907  0.531237  0.805397  0.861385  0.638593  0.799616  0.845843  0.868428  0.917339  0.891916  0.745398  0.395313  0.850861  0.852533  0.386727  0.603621  0.894062  0.557497  0.581801  0.857427  0.850383 
10  0.846656  0.824355  0.754376  0.864409  0.843909  0.341965  0.821568  0.947604  0.629842  0.403907 0.0  0.637781  0.943925  0.839459  0.700410  0.753370  0.740586  0.855202  0.836806  0.885904  0.563200  0.366734  0.863646  0.714915  0.292990  0.576244  0.814428  0.639947  0.563961  0.814299  0.801619 
11  0.753731  0.707232  0.815849  0.675146  0.746381  0.609161  0.654795  0.733688  0.767894  0.531237  0.637781 0.0  0.784861  0.622862  0.761792  0.690369  0.378714  0.626783  0.785075  0.757703  0.782772  0.537089  0.725517  0.746820  0.496468  0.881107  0.772879  0.787712  0.637466  0.694643  0.764926 
12  0.908216  0.856749  0.799761  0.902201  0.806551  0.863877  0.832583  0.917211  0.728360  0.805397  0.943925  0.784861 0.0  0.836315  0.840505  0.768998  0.831357  0.782631  0.878167  0.858584  0.969150  0.869142  0.890466  0.819355  0.846553  0.918645  0.759028  0.833771  0.422826  0.864522  0.731826 
13  0.716732  0.400261  0.456908  0.810922  0.831076  0.956481  0.557512  0.534878  0.527621  0.861385  0.839459  0.622862  0.836315 0.0  0.846512  0.834334  0.773912  0.739660  0.522824  0.532530  0.806574  0.855422  0.596074  0.471902  0.825201  0.831520  0.325711  0.850574  0.830976  0.359855  0.444863 
14  0.775230  0.839331  0.975404  0.839750  0.694133  0.677195  0.912392  0.890005  0.736713  0.638593  0.700410  0.761792  0.840505  0.846512 0.0  0.780032  0.702030  0.936608  0.755887  0.746582  0.202539  0.561856  0.882944  0.800866  0.673781  0.357356  0.855766  0.488782  0.656888  0.824730  0.803316 
15  0.883121  0.765624  0.718741  0.419915  0.448120  0.765822  0.915487  0.826036  0.649045  0.799616  0.753370  0.690369  0.768998  0.834334  0.780032 0.0  0.793654  0.792424  0.749982  0.773119  0.787446  0.813899  0.798593  0.772011  0.870199  0.796236  0.841860  0.845703  0.714943  0.801424  0.829114 
16  0.713775  0.837660  0.789216  0.758644  0.823313  0.869950  0.733875  0.833166  0.714859  0.845843  0.740586  0.378714  0.831357  0.773912  0.702030  0.793654 0.0  0.348197  0.820755  0.808179  1.000000  0.800518  0.725469  0.974834  0.943220  0.778755  0.815558  0.815370  0.702257  0.922490  0.795685 
17  0.856548  0.828127  0.802426  0.870807  0.793423  0.836399  0.585958  0.772047  0.780870  0.868428  0.855202  0.626783  0.782631  0.739660  0.936608  0.792424  0.348197 0.0  0.775915  0.772205  0.713477  0.872828  0.768675  0.786532  0.846248  0.867024  0.743826  0.830702  0.731860  0.827359  0.844386 
18  0.461020  0.539999  0.313019  0.720967  0.745703  0.784418  0.498685  0.617214  0.355788  0.917339  0.836806  0.785075  0.878167  0.522824  0.755887  0.749982  0.820755  0.775915 0.0  0.276591  0.780675  0.906038  0.604109  0.410380  0.853179  0.788519  0.534087  0.885642  0.763209  0.597688  0.686893 
19  0.393282  0.656469  0.294998  0.855317  0.832868  0.756100  0.423363  0.630392  0.532329  0.891916  0.885904  0.757703  0.858584  0.532530  0.746582  0.773119  0.808179  0.772205  0.276591 0.0  0.880338  0.847825  0.568507  0.347846  0.898996  0.883597  0.545131  0.901288  0.815926  0.602320  0.698057 
20  0.800144  0.825121  0.790958  0.927372  0.897473  0.672463  0.700843  0.854849  0.737006  0.745398  0.563200  0.782772  0.969150  0.806574  0.202539  0.787446  1.000000  0.713477  0.780675  0.880338 0.0  0.541414  0.867563  0.916340  0.678884  0.176261  0.889637  0.330265  0.725852  0.832482  0.804757 
21  0.864293  0.931002  0.795856  0.818886  0.765994  0.305064  0.746819  0.782885  0.700607  0.395313  0.366734  0.537089  0.869142  0.855422  0.561856  0.813899  0.800518  0.872828  0.906038  0.847825  0.541414 0.0  0.822494  0.859782  0.410479  0.692735  0.879712  0.623987  0.401648  0.905858  0.938666 
22  0.409220  0.649012  0.507021  0.955076  0.867929  0.844422  0.653027  0.461108  0.467821  0.850861  0.863646  0.725517  0.890466  0.596074  0.882944  0.798593  0.725469  0.768675  0.604109  0.568507  0.867563  0.822494 0.0  0.489534  0.888782  0.843152  0.542929  0.864861  0.803435  0.657288  0.448915 
23  0.436953  0.527623  0.469483  0.906526  0.757807  0.806572  0.471244  0.568115  0.566475  0.852533  0.714915  0.746820  0.819355  0.471902  0.800866  0.772011  0.974834  0.786532  0.410380  0.347846  0.916340  0.859782  0.489534 0.0  0.845070  0.769983  0.511185  0.762673  0.738552  0.552870  0.678249 
24  0.850005  0.800891  0.833172  0.884924  0.773004  0.377352  0.789279  0.790482  0.825372  0.386727  0.292990  0.496468  0.846553  0.825201  0.673781  0.870199  0.943220  0.846248  0.853179  0.898996  0.678884  0.410479  0.888782  0.845070 0.0  0.645305  0.855741  0.795946  0.464463  0.967080  0.865469 
25  0.847496  0.856883  0.812622  0.853812  0.866526  0.522915  0.848990  0.866310  0.758895  0.603621  0.576244  0.881107  0.918645  0.831520  0.357356  0.796236  0.778755  0.867024  0.788519  0.883597  0.176261  0.692735  0.843152  0.769983  0.645305 0.0  0.924781  0.269786  0.739368  0.794644  0.867815 
26  0.643671  0.308832  0.470245  0.863407  0.812255  0.806254  0.558791  0.598670  0.494863  0.894062  0.814428  0.772879  0.759028  0.325711  0.855766  0.841860  0.815558  0.743826  0.534087  0.545131  0.889637  0.879712  0.542929  0.511185  0.855741  0.924781 0.0  0.897523  0.665256  0.348313  0.517952 
27  0.838213  0.821469  0.808142  0.891489  0.753156  0.660238  0.857519  0.892744  0.748239  0.557497  0.639947  0.787712  0.833771  0.850574  0.488782  0.845703  0.815370  0.830702  0.885642  0.901288  0.330265  0.623987  0.864861  0.762673  0.795946  0.269786  0.897523 0.0  0.725382  0.770359  0.879438 
28  0.800247  0.755456  0.825338  0.597444  0.693999  0.561115  0.721771  0.713315  0.794716  0.581801  0.563961  0.637466  0.422826  0.830976  0.656888  0.714943  0.702257  0.731860  0.763209  0.815926  0.725852  0.401648  0.803435  0.738552  0.464463  0.739368  0.665256  0.725382 0.0  0.785304  0.780033 
29  0.625247  0.413010  0.577455  0.926524  0.719695  0.846548  0.518702  0.575982  0.560075  0.857427  0.814299  0.694643  0.864522  0.359855  0.824730  0.801424  0.922490  0.827359  0.597688  0.602320  0.832482  0.905858  0.657288  0.552870  0.967080  0.794644  0.348313  0.770359  0.785304 0.0  0.569193 
30  0.524576  0.647256  0.700682  0.803833  0.828174  0.863106  0.599225  0.388052  0.498314  0.850383  0.801619  0.764926  0.731826  0.444863  0.803316  0.829114  0.795685  0.844386  0.686893  0.698057  0.804757  0.938666  0.448915  0.678249  0.865469  0.867815  0.517952  0.879438  0.780033  0.569193 0.0 
