31
0 0.0  0.588019  0.529340  0.626698  0.546271  0.629896  0.549018  0.588899  0.621967  0.551655  0.538731  0.560278  0.547550  0.573903  0.647055  0.632390  0.685913  0.623774  0.580861  0.691624  0.549138  0.648158  0.632675  0.558898  0.603073  0.605956  0.662518  0.598906  0.705238  0.617289  0.547743 
1  0.588019 0.0  0.787156  0.727268  0.682079  0.596294  0.751167  0.753395  0.799764  0.794860  0.776647  0.675134  0.774209  0.728880  0.754258  0.745830  0.734736  0.432875  0.760214  0.627278  0.684460  0.620331  0.709287  0.732778  0.364143  0.499966  0.646963  0.513003  0.484932  0.798763  0.726557 
2  0.529340  0.787156 0.0  0.576056  0.513833  0.593281  0.549574  0.798265  0.544199  0.435707  0.761018  0.841881  0.608061  0.529356  0.504854  0.354291  0.773099  0.714136  0.779342  0.695251  0.539584  0.570696  0.546223  0.581475  0.579717  0.633766  0.566061  0.822303  0.826726  0.570569  0.391457 
3  0.626698  0.727268  0.576056 0.0  0.482537  0.735827  0.553598  0.498288  0.377054  0.389690  0.760975  0.801178  0.567213  0.500232  0.468940  0.508288  0.820320  0.671696  0.878312  0.740061  0.526523  0.543477  0.612560  0.521753  0.906461  0.644912  0.460400  0.836929  0.768449  0.649577  0.432934 
4  0.546271  0.682079  0.513833  0.482537 0.0  0.787543  0.443437  0.541232  0.457569  0.400244  0.734214  0.871798  0.500215  0.495223  0.529084  0.385962  0.954503  0.676386  0.808347  0.686478  0.475060  0.485068  0.603664  0.568317  0.858170  0.764206  0.426754  0.824685  0.846029  0.661253  0.314363 
5  0.629896  0.596294  0.593281  0.735827  0.787543 0.0  0.706581  0.792937  0.820045  0.779070  0.763440  0.733664  0.771248  0.703152  0.872792  0.582837  0.823599  0.422074  0.756277  0.713310  0.742591  0.816103  0.691981  0.815643  0.352496  0.491397  0.738726  0.709305  0.748156  0.749915  0.777582 
6  0.549018  0.751167  0.549574  0.553598  0.443437  0.706581 0.0  0.587172  0.567789  0.524802  0.841778  0.876193  0.331299  0.605747  0.397272  0.434226  0.772893  0.695075  0.771325  0.753966  0.418151  0.390260  0.409494  0.361233  0.704528  0.674387  0.521021  0.802728  0.750871  0.525409  0.505968 
7  0.588899  0.753395  0.798265  0.498288  0.541232  0.792937  0.587172 0.0  0.513747  0.519691  0.774878  0.743926  0.602358  0.417146  0.477055  0.664785  0.749183  0.648344  0.742456  0.782396  0.669487  0.702569  0.565058  0.642558  0.689223  0.808460  0.510914  0.860174  0.772828  0.474223  0.515633 
8  0.621967  0.799764  0.544199  0.377054  0.457569  0.820045  0.567789  0.513747 0.0  0.292811  0.784225  0.746660  0.544250  0.422292  0.497469  0.497864  0.747155  0.683190  0.763449  0.802653  0.515371  0.499645  0.474144  0.544505  0.831429  0.727350  0.321930  0.760874  0.794197  0.572568  0.480320 
9  0.551655  0.794860  0.435707  0.389690  0.400244  0.779070  0.524802  0.519691  0.292811 0.0  0.721838  0.690059  0.529438  0.470811  0.528073  0.458711  0.734740  0.651698  0.789176  0.842252  0.604651  0.474444  0.558838  0.577050  0.636438  0.677758  0.329330  0.770477  0.850004  0.646993  0.413969 
10  0.538731  0.776647  0.761018  0.760975  0.734214  0.763440  0.841778  0.774878  0.784225  0.721838 0.0  0.270546  0.832255  0.772509  0.915840  0.742884  0.470767  0.743746  0.655960  0.279731  0.769169  0.826849  0.846181  0.724319  0.738434  0.764446  0.877194  0.879701  0.786920  0.782639  0.805497 
11  0.560278  0.675134  0.841881  0.801178  0.871798  0.733664  0.876193  0.743926  0.746660  0.690059  0.270546 0.0  0.798654  0.853511  0.915005  0.791051  0.441537  0.725048  0.619110  0.438161  0.773897  0.759478  0.821171  0.784276  0.647951  0.734782  0.845251  0.825793  0.725600  0.763852  0.714424 
12  0.547550  0.774209  0.608061  0.567213  0.500215  0.771248  0.331299  0.602358  0.544250  0.529438  0.832255  0.798654 0.0  0.663920  0.347955  0.393955  0.710085  0.727817  0.752846  0.774329  0.404564  0.350376  0.419808  0.337320  0.704717  0.698615  0.497773  0.835111  0.795446  0.570055  0.456282 
13  0.573903  0.728880  0.529356  0.500232  0.495223  0.703152  0.605747  0.417146  0.422292  0.470811  0.772509  0.853511  0.663920 0.0  0.546085  0.707066  0.831203  0.834205  0.845301  0.815809  0.607348  0.621878  0.347934  0.689077  0.727082  0.697558  0.465007  0.823154  0.781570  0.510245  0.295232 
14  0.647055  0.754258  0.504854  0.468940  0.529084  0.872792  0.397272  0.477055  0.497469  0.528073  0.915840  0.915005  0.347955  0.546085 0.0  0.441976  0.759631  0.765435  0.767846  0.759159  0.377501  0.370484  0.411604  0.376724  0.675235  0.727764  0.523119  0.756207  0.707644  0.466624  0.493355 
15  0.632390  0.745830  0.354291  0.508288  0.385962  0.582837  0.434226  0.664785  0.497864  0.458711  0.742884  0.791051  0.393955  0.707066  0.441976 0.0  0.878034  0.651715  0.750766  0.910816  0.558076  0.562431  0.583586  0.428047  0.616833  0.763056  0.359536  0.794550  0.830600  0.542864  0.468312 
16  0.685913  0.734736  0.773099  0.820320  0.954503  0.823599  0.772893  0.749183  0.747155  0.734740  0.470767  0.441537  0.710085  0.831203  0.759631  0.878034 0.0  0.660278  0.581246  0.465432  0.771298  0.880670  0.736658  0.792002  0.792414  0.691075  0.730336  0.811323  0.826654  0.802656  0.796676 
17  0.623774  0.432875  0.714136  0.671696  0.676386  0.422074  0.695075  0.648344  0.683190  0.651698  0.743746  0.725048  0.727817  0.834205  0.765435  0.651715  0.660278 0.0  0.563755  0.727830  0.856871  0.751612  0.685769  0.678569  0.425586  0.246087  0.750352  0.688678  0.872360  0.739241  0.755577 
18  0.580861  0.760214  0.779342  0.878312  0.808347  0.756277  0.771325  0.742456  0.763449  0.789176  0.655960  0.619110  0.752846  0.845301  0.767846  0.750766  0.581246  0.563755 0.0  0.712454  0.939098  0.788820  0.696474  0.814928  0.738612  0.563873  1.000000  0.720523  0.723394  0.790679  0.787241 
19  0.691624  0.627278  0.695251  0.740061  0.686478  0.713310  0.753966  0.782396  0.802653  0.842252  0.279731  0.438161  0.774329  0.815809  0.759159  0.910816  0.465432  0.727830  0.712454 0.0  0.817919  0.850122  0.842240  0.829536  0.744043  0.731075  0.795037  0.879823  0.774515  0.782882  0.808710 
20  0.549138  0.684460  0.539584  0.526523  0.475060  0.742591  0.418151  0.669487  0.515371  0.604651  0.769169  0.773897  0.404564  0.607348  0.377501  0.558076  0.771298  0.856871  0.939098  0.817919 0.0  0.511125  0.559567  0.392479  0.687112  0.725744  0.594673  0.790386  0.895360  0.513490  0.417031 
21  0.648158  0.620331  0.570696  0.543477  0.485068  0.816103  0.390260  0.702569  0.499645  0.474444  0.826849  0.759478  0.350376  0.621878  0.370484  0.562431  0.880670  0.751612  0.788820  0.850122  0.511125 0.0  0.443055  0.357489  0.697884  0.732334  0.609585  0.801050  0.863115  0.483873  0.538486 
22  0.632675  0.709287  0.546223  0.612560  0.603664  0.691981  0.409494  0.565058  0.474144  0.558838  0.846181  0.821171  0.419808  0.347934  0.411604  0.583586  0.736658  0.685769  0.696474  0.842240  0.559567  0.443055 0.0  0.518171  0.796972  0.679676  0.660414  0.832716  0.795277  0.382275  0.520041 
23  0.558898  0.732778  0.581475  0.521753  0.568317  0.815643  0.361233  0.642558  0.544505  0.577050  0.724319  0.784276  0.337320  0.689077  0.376724  0.428047  0.792002  0.678569  0.814928  0.829536  0.392479  0.357489  0.518171 0.0  0.816091  0.671902  0.575445  0.884929  0.837664  0.459366  0.582532 
24  0.603073  0.364143  0.579717  0.906461  0.858170  0.352496  0.704528  0.689223  0.831429  0.636438  0.738434  0.647951  0.704717  0.727082  0.675235  0.616833  0.792414  0.425586  0.738612  0.744043  0.687112  0.697884  0.796972  0.816091 0.0  0.488493  0.787520  0.866875  0.746126  0.730158  0.877983 
25  0.605956  0.499966  0.633766  0.644912  0.764206  0.491397  0.674387  0.808460  0.727350  0.677758  0.764446  0.734782  0.698615  0.697558  0.727764  0.763056  0.691075  0.246087  0.563873  0.731075  0.725744  0.732334  0.679676  0.671902  0.488493 0.0  0.776407  0.719148  0.813208  0.586819  0.728235 
26  0.662518  0.646963  0.566061  0.460400  0.426754  0.738726  0.521021  0.510914  0.321930  0.329330  0.877194  0.845251  0.497773  0.465007  0.523119  0.359536  0.730336  0.750352  1.000000  0.795037  0.594673  0.609585  0.660414  0.575445  0.787520  0.776407 0.0  0.845848  0.829212  0.636189  0.419232 
27  0.598906  0.513003  0.822303  0.836929  0.824685  0.709305  0.802728  0.860174  0.760874  0.770477  0.879701  0.825793  0.835111  0.823154  0.756207  0.794550  0.811323  0.688678  0.720523  0.879823  0.790386  0.801050  0.832716  0.884929  0.866875  0.719148  0.845848 0.0  0.387767  0.858634  0.858702 
28  0.705238  0.484932  0.826726  0.768449  0.846029  0.748156  0.750871  0.772828  0.794197  0.850004  0.786920  0.725600  0.795446  0.781570  0.707644  0.830600  0.826654  0.872360  0.723394  0.774515  0.895360  0.863115  0.795277  0.837664  0.746126  0.813208  0.829212  0.387767 0.0  0.814931  0.856675 
29  0.617289  0.798763  0.570569  0.649577  0.661253  0.749915  0.525409  0.474223  0.572568  0.646993  0.782639  0.763852  0.570055  0.510245  0.466624  0.542864  0.802656  0.739241  0.790679  0.782882  0.513490  0.483873  0.382275  0.459366  0.730158  0.586819  0.636189  0.858634  0.814931 0.0  0.744705 
30  0.547743  0.726557  0.391457  0.432934  0.314363  0.777582  0.505968  0.515633  0.480320  0.413969  0.805497  0.714424  0.456282  0.295232  0.493355  0.468312  0.796676  0.755577  0.787241  0.808710  0.417031  0.538486  0.520041  0.582532  0.877983  0.728235  0.419232  0.858702  0.856675  0.744705 0.0 
