31
0 0.0  0.303316  0.505102  0.869095  0.787209  0.517962  0.582219  0.795049  0.824642  0.879924  0.765175  0.886922  0.824509  0.718873  0.646888  0.768880  0.828289  0.409517  0.558300  0.862826  0.836565  0.959049  0.561341  0.596353  0.434627  0.914426  0.717024  0.568093  0.666783  0.547389  0.909741 
1  0.303316 0.0  0.564860  0.822812  0.790876  0.505297  0.566348  0.838365  0.872218  0.990112  0.781068  0.848912  0.797081  0.848691  0.571438  0.912653  0.877098  0.404372  0.513284  0.954666  0.934781  0.841381  0.623096  0.710456  0.315160  0.846151  0.866398  0.484167  0.555143  0.650906  0.862121 
2  0.505102  0.564860 0.0  0.848034  0.854797  0.470725  0.683167  0.836181  0.724459  0.697292  0.785510  0.776491  0.834553  0.753082  0.672584  0.834362  0.901441  0.516573  0.623263  0.758926  0.820451  0.874690  0.524248  0.679603  0.352648  0.918079  0.874710  0.500243  0.604411  0.740432  0.927822 
3  0.869095  0.822812  0.848034 0.0  0.818790  0.912584  0.890318  0.903920  0.783855  0.667279  0.883561  0.657184  0.815114  0.785449  0.758470  0.828108  0.747131  0.862718  0.944916  0.780047  0.435711  0.870420  0.899515  0.980518  0.902533  0.899858  0.889468  0.808705  0.852851  0.822701  0.708832 
4  0.787209  0.790876  0.854797  0.818790 0.0  0.822308  0.621636  1.000000  0.378539  0.813537  0.526530  0.748629  0.831408  0.507894  0.829661  0.755210  0.830187  0.803708  0.767941  0.895962  0.835659  0.872241  0.759051  0.659902  0.812476  0.848254  0.452897  0.804178  0.772782  0.783916  0.868959 
5  0.517962  0.505297  0.470725  0.912584  0.822308 0.0  0.496501  0.710845  0.745165  0.805235  0.680845  0.709660  0.749864  0.781549  0.542514  0.698673  0.781835  0.535040  0.527231  0.770390  0.760174  0.781946  0.480708  0.557297  0.424671  0.713764  0.697956  0.471578  0.501077  0.482369  0.731427 
6  0.582219  0.566348  0.683167  0.890318  0.621636  0.496501 0.0  0.960486  0.654080  0.848686  0.627131  0.908810  0.835473  0.777447  0.489154  0.831558  0.864070  0.491546  0.403936  0.872935  0.830250  0.848262  0.511069  0.464193  0.542139  0.836314  0.661162  0.615218  0.416349  0.552760  0.865901 
7  0.795049  0.838365  0.836181  0.903920  1.000000  0.710845  0.960486 0.0  0.769067  0.782764  0.834365  0.812548  0.255823  0.605618  0.820597  0.811679  0.858907  0.896098  0.903448  0.854789  0.746080  0.871375  0.883193  0.860113  0.849383  0.448999  0.817194  0.818463  0.912054  0.854713  0.931718 
8  0.824642  0.872218  0.724459  0.783855  0.378539  0.745165  0.654080  0.769067 0.0  0.903850  0.595767  0.827606  0.774745  0.431550  0.781504  0.787302  0.787555  0.899396  0.892671  0.827484  0.750646  0.765718  0.841935  0.561260  0.861711  0.818358  0.462897  0.814989  0.879612  0.824858  0.837582 
9  0.879924  0.990112  0.697292  0.667279  0.813537  0.805235  0.848686  0.782764  0.903850 0.0  0.847835  0.222897  0.882529  0.740283  0.773725  0.822446  0.332841  0.931741  0.758040  0.369372  0.685052  0.837356  0.823176  0.793807  0.857139  0.881164  0.935058  0.876492  0.888410  0.801293  0.240384 
10  0.765175  0.781068  0.785510  0.883561  0.526530  0.680845  0.627131  0.834365  0.595767  0.847835 0.0  0.720825  0.901565  0.438673  0.753855  0.828450  0.815177  0.842137  0.781832  0.763099  0.844155  0.866889  0.747550  0.683679  0.738759  0.851340  0.449030  0.829303  0.849182  0.780802  0.811966 
11  0.886922  0.848912  0.776491  0.657184  0.748629  0.709660  0.908810  0.812548  0.827606  0.222897  0.720825 0.0  0.876812  0.823532  0.843771  0.848082  0.279520  0.762816  0.825909  0.383217  0.628293  0.791820  0.802225  0.802171  0.899514  0.711743  0.800626  0.918276  0.937001  0.896696  0.322916 
12  0.824509  0.797081  0.834553  0.815114  0.831408  0.749864  0.835473  0.255823  0.774745  0.882529  0.901565  0.876812 0.0  0.442491  0.879546  0.852233  0.807741  0.777593  0.753408  0.793827  0.795427  0.837543  0.903006  0.918637  0.946135  0.272227  0.892802  0.789722  0.857363  0.807728  0.885860 
13  0.718873  0.848691  0.753082  0.785449  0.507894  0.781549  0.777447  0.605618  0.431550  0.740283  0.438673  0.823532  0.442491 0.0  0.792491  0.796268  0.855710  0.776336  0.779421  0.805633  0.794437  0.782173  0.815095  0.817628  0.785121  0.545353  0.596989  0.778036  0.829997  0.725522  0.695626 
14  0.646888  0.571438  0.672584  0.758470  0.829661  0.542514  0.489154  0.820597  0.781504  0.773725  0.753855  0.843771  0.879546  0.792491 0.0  0.873525  0.831897  0.485311  0.428595  0.895218  0.904103  0.801726  0.368959  0.652129  0.551615  0.791365  0.890964  0.766326  0.364812  0.410079  0.953022 
15  0.768880  0.912653  0.834362  0.828108  0.755210  0.698673  0.831558  0.811679  0.787302  0.822446  0.828450  0.848082  0.852233  0.796268  0.873525 0.0  0.861679  0.900537  0.830791  0.857897  0.850287  0.442367  0.887457  0.862842  0.914217  0.922041  0.863889  0.791025  0.872324  0.884915  0.744363 
16  0.828289  0.877098  0.901441  0.747131  0.830187  0.781835  0.864070  0.858907  0.787555  0.332841  0.815177  0.279520  0.807741  0.855710  0.831897  0.861679 0.0  0.745517  0.832457  0.321429  0.629679  0.883143  0.941895  0.797984  0.824166  0.811482  0.753026  0.874464  0.755318  0.847873  0.380945 
17  0.409517  0.404372  0.516573  0.862718  0.803708  0.535040  0.491546  0.896098  0.899396  0.931741  0.842137  0.762816  0.777593  0.776336  0.485311  0.900537  0.745517 0.0  0.591200  0.856263  0.811208  0.799209  0.531404  0.602219  0.364702  0.923987  0.832974  0.585231  0.502880  0.614141  0.813138 
18  0.558300  0.513284  0.623263  0.944916  0.767941  0.527231  0.403936  0.903448  0.892671  0.758040  0.781832  0.825909  0.753408  0.779421  0.428595  0.830791  0.832457  0.591200 0.0  0.869292  0.856048  0.879214  0.384365  0.596428  0.599175  0.865779  0.734078  0.666052  0.381022  0.518603  0.872600 
19  0.862826  0.954666  0.758926  0.780047  0.895962  0.770390  0.872935  0.854789  0.827484  0.369372  0.763099  0.383217  0.793827  0.805633  0.895218  0.857897  0.321429  0.856263  0.869292 0.0  0.531639  0.918798  0.902803  0.900975  0.894593  0.846517  0.942590  0.853294  0.869297  0.818589  0.370460 
20  0.836565  0.934781  0.820451  0.435711  0.835659  0.760174  0.830250  0.746080  0.750646  0.685052  0.844155  0.628293  0.795427  0.794437  0.904103  0.850287  0.629679  0.811208  0.856048  0.531639 0.0  0.808962  0.852580  0.864535  0.777158  0.835089  0.786430  0.910574  0.936501  0.881388  0.660055 
21  0.959049  0.841381  0.874690  0.870420  0.872241  0.781946  0.848262  0.871375  0.765718  0.837356  0.866889  0.791820  0.837543  0.782173  0.801726  0.442367  0.883143  0.799209  0.879214  0.918798  0.808962 0.0  0.761926  0.911101  0.796331  0.865138  0.778356  0.842903  0.873271  0.817462  0.895189 
22  0.561341  0.623096  0.524248  0.899515  0.759051  0.480708  0.511069  0.883193  0.841935  0.823176  0.747550  0.802225  0.903006  0.815095  0.368959  0.887457  0.941895  0.531404  0.384365  0.902803  0.852580  0.761926 0.0  0.671493  0.562049  0.852274  0.763918  0.627380  0.467786  0.445867  0.821640 
23  0.596353  0.710456  0.679603  0.980518  0.659902  0.557297  0.464193  0.860113  0.561260  0.793807  0.683679  0.802171  0.918637  0.817628  0.652129  0.862842  0.797984  0.602219  0.596428  0.900975  0.864535  0.911101  0.671493 0.0  0.700663  0.944724  0.678103  0.510732  0.638649  0.668982  0.835958 
24  0.434627  0.315160  0.352648  0.902533  0.812476  0.424671  0.542139  0.849383  0.861711  0.857139  0.738759  0.899514  0.946135  0.785121  0.551615  0.914217  0.824166  0.364702  0.599175  0.894593  0.777158  0.796331  0.562049  0.700663 0.0  0.831415  0.807666  0.369357  0.675419  0.447965  0.854283 
25  0.914426  0.846151  0.918079  0.899858  0.848254  0.713764  0.836314  0.448999  0.818358  0.881164  0.851340  0.711743  0.272227  0.545353  0.791365  0.922041  0.811482  0.923987  0.865779  0.846517  0.835089  0.865138  0.852274  0.944724  0.831415 0.0  0.835622  0.827286  0.811696  0.864998  0.913655 
26  0.717024  0.866398  0.874710  0.889468  0.452897  0.697956  0.661162  0.817194  0.462897  0.935058  0.449030  0.800626  0.892802  0.596989  0.890964  0.863889  0.753026  0.832974  0.734078  0.942590  0.786430  0.778356  0.763918  0.678103  0.807666  0.835622 0.0  0.833707  0.885708  0.881977  0.805071 
27  0.568093  0.484167  0.500243  0.808705  0.804178  0.471578  0.615218  0.818463  0.814989  0.876492  0.829303  0.918276  0.789722  0.778036  0.766326  0.791025  0.874464  0.585231  0.666052  0.853294  0.910574  0.842903  0.627380  0.510732  0.369357  0.827286  0.833707 0.0  0.619394  0.579569  0.865541 
28  0.666783  0.555143  0.604411  0.852851  0.772782  0.501077  0.416349  0.912054  0.879612  0.888410  0.849182  0.937001  0.857363  0.829997  0.364812  0.872324  0.755318  0.502880  0.381022  0.869297  0.936501  0.873271  0.467786  0.638649  0.675419  0.811696  0.885708  0.619394 0.0  0.510835  0.907203 
29  0.547389  0.650906  0.740432  0.822701  0.783916  0.482369  0.552760  0.854713  0.824858  0.801293  0.780802  0.896696  0.807728  0.725522  0.410079  0.884915  0.847873  0.614141  0.518603  0.818589  0.881388  0.817462  0.445867  0.668982  0.447965  0.864998  0.881977  0.579569  0.510835 0.0  0.836805 
30  0.909741  0.862121  0.927822  0.708832  0.868959  0.731427  0.865901  0.931718  0.837582  0.240384  0.811966  0.322916  0.885860  0.695626  0.953022  0.744363  0.380945  0.813138  0.872600  0.370460  0.660055  0.895189  0.821640  0.835958  0.854283  0.913655  0.805071  0.865541  0.907203  0.836805 0.0 
