31
0 0.0  0.537273  0.927162  0.504939  0.249909  0.700221  0.551029  0.422410  0.953689  0.846554  0.741729  0.594728  0.866294  0.759702  0.799459  0.513746  0.814471  0.917718  0.565459  0.924333  0.395471  0.654576  0.364501  0.723535  0.330943  0.601329  0.608947  0.804436  0.631422  0.524613  0.901218 
1  0.537273 0.0  0.899903  0.417481  0.507931  0.570521  0.609753  0.526983  0.765988  0.769323  0.618109  0.599311  0.798818  0.743951  0.891093  0.597803  0.938444  0.844142  0.530318  0.853280  0.543064  0.720946  0.425029  0.771669  0.425299  0.533822  0.539307  0.820078  0.525729  0.569180  0.682666 
2  0.927162  0.899903 0.0  0.965742  0.921220  0.831592  1.000000  0.940697  0.750773  0.562135  0.974012  0.902444  0.915440  0.913118  0.972079  0.845302  0.794683  0.883636  0.761255  0.682317  0.873392  0.884007  0.914453  0.960082  0.889452  0.829537  0.864746  0.803175  0.959139  0.839623  0.824543 
3  0.504939  0.417481  0.965742 0.0  0.479722  0.449948  0.632401  0.533877  0.846353  0.839361  0.671445  0.517327  0.792950  0.776631  0.884838  0.658038  0.912669  0.834381  0.485140  0.850753  0.405041  0.565990  0.423043  0.879348  0.510269  0.523594  0.591698  0.889816  0.602912  0.550852  0.817703 
4  0.249909  0.507931  0.921220  0.479722 0.0  0.668289  0.719744  0.429589  0.967991  0.745294  0.649177  0.665441  0.903436  0.750270  0.809080  0.418626  0.877166  0.905995  0.475703  0.915272  0.478017  0.554543  0.442937  0.811684  0.308883  0.532715  0.489295  0.830114  0.637692  0.556430  0.836973 
5  0.700221  0.570521  0.831592  0.449948  0.668289 0.0  0.436701  0.587679  0.844032  0.732534  0.640783  0.688272  0.693242  0.751026  0.798394  0.423349  0.958058  0.846110  0.593453  0.875398  0.559986  0.629257  0.626085  0.602185  0.581135  0.636360  0.623582  0.907507  0.601512  0.561348  0.886662 
6  0.551029  0.609753  1.000000  0.632401  0.719744  0.436701 0.0  0.500611  0.893277  0.839563  0.667572  0.573766  0.675974  0.551441  0.883771  0.590875  0.902551  0.989388  0.539256  0.789638  0.680401  0.713716  0.681982  0.798308  0.661987  0.593175  0.574853  0.726145  0.631522  0.618448  0.782682 
7  0.422410  0.526983  0.940697  0.533877  0.429589  0.587679  0.500611 0.0  0.776681  0.675527  0.542455  0.499681  0.879591  0.588310  0.931945  0.664401  0.848779  0.804411  0.469487  0.934917  0.529360  0.630940  0.506165  0.885319  0.599109  0.638166  0.654530  0.745331  0.639877  0.555500  0.852461 
8  0.953689  0.765988  0.750773  0.846353  0.967991  0.844032  0.893277  0.776681 0.0  0.886207  0.849784  0.940185  0.730230  0.830121  0.797932  0.888311  0.808559  0.938174  0.799314  0.417425  0.867184  0.867896  0.894628  0.808251  0.859479  0.911980  0.977815  0.636036  0.807166  0.902513  0.795741 
9  0.846554  0.769323  0.562135  0.839361  0.745294  0.732534  0.839563  0.675527  0.886207 0.0  0.698541  0.913884  0.827492  0.882109  0.766654  0.760310  0.588092  0.571643  0.776715  0.783177  0.780973  0.885284  0.881140  0.760705  0.775409  0.709649  0.774227  0.746998  0.828422  0.626628  0.610027 
10  0.741729  0.618109  0.974012  0.671445  0.649177  0.640783  0.667572  0.542455  0.849784  0.698541 0.0  0.314623  0.903383  0.330408  0.915377  0.654193  0.852643  0.866781  0.390166  0.812428  0.649378  0.528026  0.758692  0.816377  0.607765  0.468637  0.525983  0.817618  0.460876  0.489868  0.898694 
11  0.594728  0.599311  0.902444  0.517327  0.665441  0.688272  0.573766  0.499681  0.940185  0.913884  0.314623 0.0  0.839821  0.333366  0.851980  0.693285  0.907824  0.827969  0.485829  0.914688  0.635044  0.486918  0.579728  0.731941  0.700170  0.455367  0.567831  0.717110  0.450565  0.441487  0.920363 
12  0.866294  0.798818  0.915440  0.792950  0.903436  0.693242  0.675974  0.879591  0.730230  0.827492  0.903383  0.839821 0.0  0.860978  0.853100  0.691315  0.851961  0.789602  0.726821  0.956354  0.844365  0.771513  0.892438  0.490182  0.833618  0.787125  0.871718  0.598998  0.867988  0.850076  0.776932 
13  0.759702  0.743951  0.913118  0.776631  0.750270  0.751026  0.551441  0.588310  0.830121  0.882109  0.330408  0.333366  0.860978 0.0  0.803380  0.520022  0.929180  0.819430  0.522157  0.856292  0.764756  0.533432  0.574068  0.897126  0.679131  0.531288  0.533160  0.852473  0.365277  0.516059  0.674123 
14  0.799459  0.891093  0.972079  0.884838  0.809080  0.798394  0.883771  0.931945  0.797932  0.766654  0.915377  0.851980  0.853100  0.803380 0.0  0.875140  0.810835  0.900346  0.833278  0.920760  0.921876  0.994208  0.876017  0.866563  0.940967  0.818542  0.840862  0.830360  0.945754  0.804599  0.428822 
15  0.513746  0.597803  0.845302  0.658038  0.418626  0.423349  0.590875  0.664401  0.888311  0.760310  0.654193  0.693285  0.691315  0.520022  0.875140 0.0  0.822972  0.774182  0.457693  0.751152  0.394669  0.555555  0.673392  0.535695  0.423088  0.560409  0.669322  0.778947  0.607216  0.633506  0.804156 
16  0.814471  0.938444  0.794683  0.912669  0.877166  0.958058  0.902551  0.848779  0.808559  0.588092  0.852643  0.907824  0.851961  0.929180  0.810835  0.822972 0.0  0.344833  0.852312  0.799666  0.840368  0.950725  0.789863  0.790970  0.935915  0.854680  0.897796  0.961779  0.941166  0.839983  0.889135 
17  0.917718  0.844142  0.883636  0.834381  0.905995  0.846110  0.989388  0.804411  0.938174  0.571643  0.866781  0.827969  0.789602  0.819430  0.900346  0.774182  0.344833 0.0  0.756201  0.907361  0.837959  0.888672  0.790500  0.812294  0.953709  0.804280  0.898911  0.870543  0.812183  0.932403  0.900339 
18  0.565459  0.530318  0.761255  0.485140  0.475703  0.593453  0.539256  0.469487  0.799314  0.776715  0.390166  0.485829  0.726821  0.522157  0.833278  0.457693  0.852312  0.756201 0.0  0.881435  0.457150  0.554471  0.461673  0.839704  0.630270  0.498063  0.496151  0.912454  0.401502  0.511501  0.769808 
19  0.924333  0.853280  0.682317  0.850753  0.915272  0.875398  0.789638  0.934917  0.417425  0.783177  0.812428  0.914688  0.956354  0.856292  0.920760  0.751152  0.799666  0.907361  0.881435 0.0  0.916569  0.994959  0.756210  0.873700  0.917545  0.841646  0.905369  0.632236  0.824976  0.844048  0.749744 
20  0.395471  0.543064  0.873392  0.405041  0.478017  0.559986  0.680401  0.529360  0.867184  0.780973  0.649378  0.635044  0.844365  0.764756  0.921876  0.394669  0.840368  0.837959  0.457150  0.916569 0.0  0.537204  0.471962  0.792586  0.318092  0.567153  0.543308  0.926666  0.442291  0.625284  0.729946 
21  0.654576  0.720946  0.884007  0.565990  0.554543  0.629257  0.713716  0.630940  0.867896  0.885284  0.528026  0.486918  0.771513  0.533432  0.994208  0.555555  0.950725  0.888672  0.554471  0.994959  0.537204 0.0  0.616516  0.920953  0.599221  0.394982  0.372587  0.934316  0.391186  0.322098  0.862508 
22  0.364501  0.425029  0.914453  0.423043  0.442937  0.626085  0.681982  0.506165  0.894628  0.881140  0.758692  0.579728  0.892438  0.574068  0.876017  0.673392  0.789863  0.790500  0.461673  0.756210  0.471962  0.616516 0.0  0.771364  0.328526  0.491194  0.433847  0.922879  0.429505  0.620979  0.870405 
23  0.723535  0.771669  0.960082  0.879348  0.811684  0.602185  0.798308  0.885319  0.808251  0.760705  0.816377  0.731941  0.490182  0.897126  0.866563  0.535695  0.790970  0.812294  0.839704  0.873700  0.792586  0.920953  0.771364 0.0  0.934588  0.878358  0.800352  0.629625  0.841193  0.807101  0.847460 
24  0.330943  0.425299  0.889452  0.510269  0.308883  0.581135  0.661987  0.599109  0.859479  0.775409  0.607765  0.700170  0.833618  0.679131  0.940967  0.423088  0.935915  0.953709  0.630270  0.917545  0.318092  0.599221  0.328526  0.934588 0.0  0.520505  0.582496  0.801168  0.394718  0.654277  0.836125 
25  0.601329  0.533822  0.829537  0.523594  0.532715  0.636360  0.593175  0.638166  0.911980  0.709649  0.468637  0.455367  0.787125  0.531288  0.818542  0.560409  0.854680  0.804280  0.498063  0.841646  0.567153  0.394982  0.491194  0.878358  0.520505 0.0  0.426007  0.886422  0.335305  0.270259  0.754333 
26  0.608947  0.539307  0.864746  0.591698  0.489295  0.623582  0.574853  0.654530  0.977815  0.774227  0.525983  0.567831  0.871718  0.533160  0.840862  0.669322  0.897796  0.898911  0.496151  0.905369  0.543308  0.372587  0.433847  0.800352  0.582496  0.426007 0.0  0.873351  0.407710  0.487287  0.907549 
27  0.804436  0.820078  0.803175  0.889816  0.830114  0.907507  0.726145  0.745331  0.636036  0.746998  0.817618  0.717110  0.598998  0.852473  0.830360  0.778947  0.961779  0.870543  0.912454  0.632236  0.926666  0.934316  0.922879  0.629625  0.801168  0.886422  0.873351 0.0  0.888163  0.837351  0.802108 
28  0.631422  0.525729  0.959139  0.602912  0.637692  0.601512  0.631522  0.639877  0.807166  0.828422  0.460876  0.450565  0.867988  0.365277  0.945754  0.607216  0.941166  0.812183  0.401502  0.824976  0.442291  0.391186  0.429505  0.841193  0.394718  0.335305  0.407710  0.888163 0.0  0.308372  0.834378 
29  0.524613  0.569180  0.839623  0.550852  0.556430  0.561348  0.618448  0.555500  0.902513  0.626628  0.489868  0.441487  0.850076  0.516059  0.804599  0.633506  0.839983  0.932403  0.511501  0.844048  0.625284  0.322098  0.620979  0.807101  0.654277  0.270259  0.487287  0.837351  0.308372 0.0  0.903708 
30  0.901218  0.682666  0.824543  0.817703  0.836973  0.886662  0.782682  0.852461  0.795741  0.610027  0.898694  0.920363  0.776932  0.674123  0.428822  0.804156  0.889135  0.900339  0.769808  0.749744  0.729946  0.862508  0.870405  0.847460  0.836125  0.754333  0.907549  0.802108  0.834378  0.903708 0.0 
