45
0 0.0  0.701817  0.821720  0.850232  0.749455  0.811797  0.568860  0.652223  0.578467  0.849601  0.641384  0.545925  0.555484  0.759627  0.896901  0.352822  0.787168  0.847485  0.569691  0.694537  0.657183  0.485977  0.904508  0.759494  1.000000  0.671395  0.718563  0.877175  0.733262  0.395381  0.920065  0.632211  0.633296  0.916593  0.545204  0.698947  0.777948  0.563759  0.718117  0.834626  0.735297  0.396438  0.693447  0.562553  0.876097 
1  0.701817 0.0  0.660677  0.688888  0.535472  0.540481  0.669509  0.687197  0.753132  0.739160  0.620032  0.725581  0.691873  0.632172  0.723784  0.915576  0.615480  0.652950  0.765671  0.534591  0.565219  0.733815  0.622866  0.691501  0.586715  0.601794  0.500562  0.459307  0.534102  0.827400  0.645994  0.713824  0.672670  0.739177  0.740548  0.854007  0.395927  0.738790  0.792557  0.592101  0.597053  0.743401  0.722215  0.692500  0.570081 
2  0.821720  0.660677 0.0  0.607379  0.614131  0.726697  0.612296  0.532635  0.794917  0.610942  0.714291  0.641948  0.806824  0.698606  0.811935  0.764041  0.529519  0.523097  0.727295  0.620393  0.730959  0.719141  0.675118  0.476011  0.596675  0.632806  0.604413  0.647031  0.563162  0.811335  0.521495  0.785377  0.668506  0.701992  0.753936  0.685940  0.574815  0.968716  0.913345  0.538366  0.640312  0.885782  0.717749  0.801006  0.548998 
3  0.850232  0.688888  0.607379 0.0  0.565148  0.360046  0.617971  0.549804  0.803491  0.458352  0.660373  0.714077  0.823526  0.495188  0.809587  0.871611  0.506487  0.543519  0.523333  0.747842  0.747361  0.694625  0.786069  0.660296  0.643886  0.636529  0.672898  0.599252  0.606517  0.849509  0.715087  0.663451  0.642243  0.418705  0.557312  0.762266  0.648881  0.807261  0.681839  0.619158  0.558883  0.822814  0.883896  0.829395  0.688925 
4  0.749455  0.535472  0.614131  0.565148 0.0  0.529437  0.644194  0.492412  0.723850  0.482632  0.573463  0.625348  0.799297  0.603604  0.771723  0.699033  0.578723  0.611404  0.700350  0.617888  0.652204  0.588165  0.818555  0.646786  0.550984  0.687105  0.511814  0.735472  0.690929  0.801432  0.698189  0.666663  0.688000  0.601987  0.660493  0.795925  0.407211  0.780803  0.599241  0.513531  0.699621  0.813608  0.817387  0.762500  0.725366 
5  0.811797  0.540481  0.726697  0.360046  0.529437 0.0  0.741226  0.570181  0.810157  0.470185  0.694641  0.776434  0.827955  0.633434  0.837076  0.806186  0.611985  0.661354  0.753309  0.628961  0.808004  0.677708  0.900883  0.723371  0.538448  0.693580  0.581460  0.646206  0.662515  0.782794  0.701835  0.769867  0.788875  0.586389  0.597249  0.805505  0.587522  0.779764  0.702364  0.684711  0.741850  0.733092  0.750246  0.773812  0.603424 
6  0.568860  0.669509  0.612296  0.617971  0.644194  0.741226 0.0  0.429203  0.668286  0.672974  0.375716  0.538575  0.642069  0.654276  0.642650  0.584874  0.690068  0.626538  0.659293  0.461494  0.668590  0.504298  0.822256  0.645534  0.677138  0.611915  0.556732  0.657062  0.710268  0.601584  0.545459  0.608619  0.515609  0.632850  0.484527  0.603354  0.655911  0.650811  0.734738  0.644974  0.794941  0.754085  0.883434  0.623266  0.659199 
7  0.652223  0.687197  0.532635  0.549804  0.492412  0.570181  0.429203 0.0  0.672787  0.683677  0.462136  0.453604  0.715264  0.512461  0.831214  0.596480  0.613489  0.714374  0.542956  0.297022  0.680777  0.468218  0.827276  0.637293  0.825622  0.356628  0.579170  0.628774  0.641711  0.548185  0.733839  0.699562  0.437411  0.693851  0.552829  0.689153  0.624546  0.614612  0.723306  0.670956  0.677854  0.647743  0.761014  0.585305  0.752633 
8  0.578467  0.753132  0.794917  0.803491  0.723850  0.810157  0.668286  0.672787 0.0  0.760132  0.746655  0.714139  0.527130  0.750816  0.681661  0.653066  0.855800  0.624222  0.691820  0.719119  0.546838  0.823953  0.584694  0.642566  0.747632  0.894884  0.659308  0.582935  0.669080  0.635373  0.561473  0.551120  0.678035  0.799795  0.749043  0.590133  0.774223  0.526030  0.669432  0.913679  0.748889  0.644215  0.613540  0.578747  0.685120 
9  0.849601  0.739160  0.610942  0.458352  0.482632  0.470185  0.672974  0.683677  0.760132 0.0  0.724687  0.613023  0.672902  0.608424  0.802037  0.858572  0.801572  0.639623  0.856561  0.609917  0.797607  0.748888  0.720621  0.581158  0.597389  0.622161  0.565480  0.579356  0.707075  0.918452  0.640154  0.664385  0.750758  0.423524  0.808359  0.777573  0.657974  0.805754  0.689966  0.697076  0.606049  0.836582  0.769593  0.923134  0.585017 
10  0.641384  0.620032  0.714291  0.660373  0.573463  0.694641  0.375716  0.462136  0.746655  0.724687 0.0  0.394694  0.739510  0.714274  0.888706  0.629028  0.607988  0.635948  0.469517  0.415780  0.548764  0.457909  0.847361  0.760250  0.807120  0.465053  0.557481  0.648941  0.646362  0.521635  0.688479  0.601639  0.566594  0.677801  0.482179  0.661716  0.714383  0.600668  0.753503  0.655221  0.727268  0.539535  0.827296  0.602132  0.772839 
11  0.545925  0.725581  0.641948  0.714077  0.625348  0.776434  0.538575  0.453604  0.714139  0.613023  0.394694 0.0  0.682053  0.574639  0.696481  0.619761  0.731618  0.644949  0.553133  0.510421  0.702036  0.530876  0.780324  0.654561  0.677829  0.438018  0.565090  0.617602  0.676156  0.527875  0.717888  0.654645  0.495149  0.675680  0.428359  0.519813  0.736827  0.820007  0.774563  0.714055  0.575746  0.585385  0.908609  0.653765  0.637795 
12  0.555484  0.691873  0.806824  0.823526  0.799297  0.827955  0.642069  0.715264  0.527130  0.672902  0.739510  0.682053 0.0  0.713635  0.912428  0.587222  0.771861  0.921064  0.759748  0.666339  0.548732  0.874498  0.807217  0.815888  0.867850  0.620909  0.690668  0.738865  0.873319  0.671577  0.833824  0.407799  0.699477  0.825823  0.715752  0.459143  0.824989  0.373663  0.630357  0.947876  0.753790  0.544508  0.761390  0.500420  0.852830 
13  0.759627  0.632172  0.698606  0.495188  0.603604  0.633434  0.654276  0.512461  0.750816  0.608424  0.714274  0.574639  0.713635 0.0  0.672349  0.754992  0.521329  0.599298  0.741695  0.590564  0.754623  0.634979  0.718766  0.521777  0.525397  0.696105  0.447127  0.517337  0.537908  0.915831  0.546524  0.760052  0.666762  0.574017  0.728345  0.819410  0.612063  0.733799  0.677865  0.848021  0.534340  0.850240  0.664700  0.787357  0.466684 
14  0.896901  0.723784  0.811935  0.809587  0.771723  0.837076  0.642650  0.831214  0.681661  0.802037  0.888706  0.696481  0.912428  0.672349 0.0  0.814841  0.632086  0.461932  0.822211  0.806481  0.777570  0.878737  0.427392  0.583574  0.430178  0.901480  0.503367  0.670732  0.702004  0.792585  0.678451  0.872292  0.949164  0.915970  0.873134  0.807038  0.601590  0.782688  0.673616  0.758859  0.664059  0.856164  0.435991  0.781369  0.617969 
15  0.352822  0.915576  0.764041  0.871611  0.699033  0.806186  0.584874  0.596480  0.653066  0.858572  0.629028  0.619761  0.587222  0.754992  0.814841 0.0  0.705553  0.863546  0.365929  0.681191  0.623120  0.423151  0.819146  0.742324  0.872594  0.695701  0.668368  0.773644  0.827633  0.594575  0.773196  0.601679  0.748554  0.752044  0.522652  0.546590  0.789359  0.610723  0.673689  0.800882  0.937109  0.387158  0.654272  0.548588  0.849171 
16  0.787168  0.615480  0.529519  0.506487  0.578723  0.611985  0.690068  0.613489  0.855800  0.801572  0.607988  0.731618  0.771861  0.521329  0.632086  0.705553 0.0  0.641617  0.640479  0.632951  0.779632  0.607382  0.708443  0.560334  0.695996  0.668263  0.529108  0.603507  0.612251  0.768590  0.625337  0.706241  0.631117  0.481700  0.546829  0.773160  0.761953  0.733205  0.696421  0.630254  0.487058  0.826742  0.748239  0.756226  0.510912 
17  0.847485  0.652950  0.523097  0.543519  0.611404  0.661354  0.626538  0.714374  0.624222  0.639623  0.635948  0.644949  0.921064  0.599298  0.461932  0.863546  0.641617 0.0  0.770896  0.752994  0.877134  0.746104  0.605729  0.488068  0.344515  0.732980  0.468749  0.653195  0.443957  0.909143  0.593696  0.662954  0.773846  0.746141  0.651278  0.742722  0.596520  0.807588  0.777581  0.622564  0.639778  0.967463  0.438353  0.866740  0.510662 
18  0.569691  0.765671  0.727295  0.523333  0.700350  0.753309  0.659293  0.542956  0.691820  0.856561  0.469517  0.553133  0.759748  0.741695  0.822211  0.365929  0.640479  0.770896 0.0  0.635987  0.749419  0.359183  0.837855  0.789476  0.763764  0.650651  0.796277  0.842701  0.786585  0.517750  0.826137  0.561527  0.609360  0.787501  0.359372  0.724425  0.677316  0.669590  0.761666  0.832633  0.749152  0.554648  0.805074  0.665692  0.837914 
19  0.694537  0.534591  0.620393  0.747842  0.617888  0.628961  0.461494  0.297022  0.719119  0.609917  0.415780  0.510421  0.666339  0.590564  0.806481  0.681191  0.632951  0.752994  0.635987 0.0  0.618779  0.632973  0.761370  0.702119  0.778925  0.436205  0.728062  0.706994  0.601543  0.694071  0.574623  0.502807  0.442810  0.771105  0.667502  0.769469  0.686473  0.742253  0.768206  0.719958  0.605409  0.622200  0.731161  0.610500  0.574911 
20  0.657183  0.565219  0.730959  0.747361  0.652204  0.808004  0.668590  0.680777  0.546838  0.797607  0.548764  0.702036  0.548732  0.754623  0.777570  0.623120  0.779632  0.877134  0.749419  0.618779 0.0  0.766525  0.835227  0.772052  0.860809  0.670543  0.643421  0.631587  0.714889  0.668316  0.732118  0.508389  0.541951  0.835572  0.618414  0.569208  0.790362  0.402960  0.716731  0.743732  0.628153  0.656047  0.796782  0.636445  0.701468 
21  0.485977  0.733815  0.719141  0.694625  0.588165  0.677708  0.504298  0.468218  0.823953  0.748888  0.457909  0.530876  0.874498  0.634979  0.878737  0.423151  0.607382  0.746104  0.359183  0.632973  0.766525 0.0  0.884283  0.719573  0.784837  0.666076  0.602814  0.705274  0.804245  0.706249  0.772397  0.706662  0.699561  0.584799  0.243355  0.832111  0.624049  0.836817  0.794946  0.694429  0.749933  0.558974  0.778439  0.556790  0.734605 
22  0.904508  0.622866  0.675118  0.786069  0.818555  0.900883  0.822256  0.827276  0.584694  0.720621  0.847361  0.780324  0.807217  0.718766  0.427392  0.819146  0.708443  0.605729  0.837855  0.761370  0.835227  0.884283 0.0  0.648071  0.656643  0.803633  0.547826  0.688949  0.643392  0.831658  0.348580  0.756767  0.735900  0.840454  0.936971  0.741187  0.724129  0.857027  0.812840  0.657502  0.541713  0.802518  0.578130  0.873338  0.449900 
23  0.759494  0.691501  0.476011  0.660296  0.646786  0.723371  0.645534  0.637293  0.642566  0.581158  0.760250  0.654561  0.815888  0.521777  0.583574  0.742324  0.560334  0.488068  0.789476  0.702119  0.772052  0.719573  0.648071 0.0  0.526364  0.665914  0.430824  0.448401  0.432720  0.885327  0.272706  0.787530  0.591896  0.794437  0.793166  0.713980  0.696981  0.895014  0.826700  0.675014  0.534416  0.745734  0.585902  0.820443  0.450710 
24  1.000000  0.586715  0.596675  0.643886  0.550984  0.538448  0.677138  0.825622  0.747632  0.597389  0.807120  0.677829  0.867850  0.525397  0.430178  0.872594  0.695996  0.344515  0.763764  0.778925  0.860809  0.784837  0.656643  0.526364 0.0  0.817110  0.433957  0.511826  0.626194  0.800816  0.365494  0.717489  0.676971  0.625922  0.772733  0.740981  0.491409  0.791272  0.813018  0.601304  0.554553  0.919947  0.519540  0.916586  0.616225 
25  0.671395  0.601794  0.632806  0.636529  0.687105  0.693580  0.611915  0.356628  0.894884  0.622161  0.465053  0.438018  0.620909  0.696105  0.901480  0.695701  0.668263  0.732980  0.650651  0.436205  0.670543  0.666076  0.803633  0.665914  0.817110 0.0  0.589348  0.713399  0.758859  0.666452  0.701834  0.622146  0.308342  0.745366  0.536164  0.716104  0.624421  0.699057  0.676456  0.734475  0.638855  0.516330  0.855780  0.614789  0.694966 
26  0.718563  0.500562  0.604413  0.672898  0.511814  0.581460  0.556732  0.579170  0.659308  0.565480  0.557481  0.565090  0.690668  0.447127  0.503367  0.668368  0.529108  0.468749  0.796277  0.728062  0.643421  0.602814  0.547826  0.430824  0.433957  0.589348 0.0  0.443563  0.577105  0.759535  0.416455  0.565847  0.633572  0.612842  0.652065  0.551241  0.505774  0.777839  0.551873  0.580110  0.615581  0.724584  0.580941  0.777710  0.512908 
27  0.877175  0.459307  0.647031  0.599252  0.735472  0.646206  0.657062  0.628774  0.582935  0.579356  0.648941  0.617602  0.738865  0.517337  0.670732  0.773644  0.603507  0.653195  0.842701  0.706994  0.631587  0.705274  0.688949  0.448401  0.511826  0.713399  0.443563 0.0  0.382054  0.814443  0.569983  0.718720  0.636417  0.745897  0.729145  0.796138  0.570092  0.751617  0.887009  0.662664  0.303899  0.780634  0.690094  0.806587  0.518400 
28  0.733262  0.534102  0.563162  0.606517  0.690929  0.662515  0.710268  0.641711  0.669080  0.707075  0.646362  0.676156  0.873319  0.537908  0.702004  0.827633  0.612251  0.443957  0.786585  0.601543  0.714889  0.804245  0.643392  0.432720  0.626194  0.758859  0.577105  0.382054 0.0  0.867107  0.403256  0.605734  0.591122  0.642336  0.670832  0.784536  0.691091  0.678065  0.664284  0.744489  0.408255  0.828240  0.678235  0.688740  0.468367 
29  0.395381  0.827400  0.811335  0.849509  0.801432  0.782794  0.601584  0.548185  0.635373  0.918452  0.521635  0.527875  0.671577  0.915831  0.792585  0.594575  0.768590  0.909143  0.517750  0.694071  0.668316  0.706249  0.831658  0.885327  0.800816  0.666452  0.759535  0.814443  0.867107 0.0  0.783714  0.722444  0.626725  0.787510  0.534584  0.660308  0.749539  0.687517  0.600282  0.889464  0.824205  0.351346  0.727504  0.532490  0.826110 
30  0.920065  0.645994  0.521495  0.715087  0.698189  0.701835  0.545459  0.733839  0.561473  0.640154  0.688479  0.717888  0.833824  0.546524  0.678451  0.773196  0.625337  0.593696  0.826137  0.574623  0.732118  0.772397  0.348580  0.272706  0.365494  0.701834  0.416455  0.569983  0.403256  0.783714 0.0  0.810952  0.681411  0.765880  0.830952  0.633363  0.559605  0.914157  0.871876  0.715083  0.455297  0.784454  0.555710  0.766784  0.362155 
31  0.632211  0.713824  0.785377  0.663451  0.666663  0.769867  0.608619  0.699562  0.551120  0.664385  0.601639  0.654645  0.407799  0.760052  0.872292  0.601679  0.706241  0.662954  0.561527  0.502807  0.508389  0.706662  0.756767  0.787530  0.717489  0.622146  0.565847  0.718720  0.605734  0.722444  0.810952 0.0  0.640587  0.815304  0.740199  0.428239  0.787584  0.414106  0.784291  0.630342  0.623526  0.616967  0.753268  0.434591  0.801401 
32  0.633296  0.672670  0.668506  0.642243  0.688000  0.788875  0.515609  0.437411  0.678035  0.750758  0.566594  0.495149  0.699477  0.666762  0.949164  0.748554  0.631117  0.773846  0.609360  0.442810  0.541951  0.699561  0.735900  0.591896  0.676971  0.308342  0.633572  0.636417  0.591122  0.626725  0.681411  0.640587 0.0  0.757031  0.490475  0.781465  0.672228  0.769884  0.776247  0.657642  0.734224  0.631726  0.863110  0.558840  0.732864 
33  0.916593  0.739177  0.701992  0.418705  0.601987  0.586389  0.632850  0.693851  0.799795  0.423524  0.677801  0.675680  0.825823  0.574017  0.915970  0.752044  0.481700  0.746141  0.787501  0.771105  0.835572  0.584799  0.840454  0.794437  0.625922  0.745366  0.612842  0.745897  0.642336  0.787510  0.765880  0.815304  0.757031 0.0  0.681949  0.810897  0.640761  0.864920  0.716547  0.623135  0.636455  0.832441  0.805979  0.833982  0.687814 
34  0.545204  0.740548  0.753936  0.557312  0.660493  0.597249  0.484527  0.552829  0.749043  0.808359  0.482179  0.428359  0.715752  0.728345  0.873134  0.522652  0.546829  0.651278  0.359372  0.667502  0.618414  0.243355  0.936971  0.793166  0.772733  0.536164  0.652065  0.729145  0.670832  0.534584  0.830952  0.740199  0.490475  0.681949 0.0  0.785894  0.712783  0.767627  0.639577  0.673129  0.702974  0.691888  0.794443  0.694358  0.691434 
35  0.698947  0.854007  0.685940  0.762266  0.795925  0.805505  0.603354  0.689153  0.590133  0.777573  0.661716  0.519813  0.459143  0.819410  0.807038  0.546590  0.773160  0.742722  0.724425  0.769469  0.569208  0.832111  0.741187  0.713980  0.740981  0.716104  0.551241  0.796138  0.784536  0.660308  0.633363  0.428239  0.781465  0.810897  0.785894 0.0  0.612199  0.529556  0.619846  0.644224  0.822587  0.601544  0.614107  0.579643  0.795165 
36  0.777948  0.395927  0.574815  0.648881  0.407211  0.587522  0.655911  0.624546  0.774223  0.657974  0.714383  0.736827  0.824989  0.612063  0.601590  0.789359  0.761953  0.596520  0.677316  0.686473  0.790362  0.624049  0.724129  0.696981  0.491409  0.624421  0.505774  0.570092  0.691091  0.749539  0.559605  0.787584  0.672228  0.640761  0.712783  0.612199 0.0  0.785244  0.792173  0.538424  0.659621  0.735811  0.731723  0.784979  0.632678 
37  0.563759  0.738790  0.968716  0.807261  0.780803  0.779764  0.650811  0.614612  0.526030  0.805754  0.600668  0.820007  0.373663  0.733799  0.782688  0.610723  0.733205  0.807588  0.669590  0.742253  0.402960  0.836817  0.857027  0.895014  0.791272  0.699057  0.777839  0.751617  0.678065  0.687517  0.914157  0.414106  0.769884  0.864920  0.767627  0.529556  0.785244 0.0  0.746940  0.836216  0.800808  0.598921  0.675871  0.540373  0.842154 
38  0.718117  0.792557  0.913345  0.681839  0.599241  0.702364  0.734738  0.723306  0.669432  0.689966  0.753503  0.774563  0.630357  0.677865  0.673616  0.673689  0.696421  0.777581  0.761666  0.768206  0.716731  0.794946  0.812840  0.826700  0.813018  0.676456  0.551873  0.887009  0.664284  0.600282  0.871876  0.784291  0.776247  0.716547  0.639577  0.619846  0.792173  0.746940 0.0  0.793094  0.746276  0.734408  0.616026  0.586232  0.677483 
39  0.834626  0.592101  0.538366  0.619158  0.513531  0.684711  0.644974  0.670956  0.913679  0.697076  0.655221  0.714055  0.947876  0.848021  0.758859  0.800882  0.630254  0.622564  0.832633  0.719958  0.743732  0.694429  0.657502  0.675014  0.601304  0.734475  0.580110  0.662664  0.744489  0.889464  0.715083  0.630342  0.657642  0.623135  0.673129  0.644224  0.538424  0.836216  0.793094 0.0  0.708754  0.842446  0.729735  0.781245  0.653423 
40  0.735297  0.597053  0.640312  0.558883  0.699621  0.741850  0.794941  0.677854  0.748889  0.606049  0.727268  0.575746  0.753790  0.534340  0.664059  0.937109  0.487058  0.639778  0.749152  0.605409  0.628153  0.749933  0.541713  0.534416  0.554553  0.638855  0.615581  0.303899  0.408255  0.824205  0.455297  0.623526  0.734224  0.636455  0.702974  0.822587  0.659621  0.800808  0.746276  0.708754 0.0  0.813734  0.785063  0.802630  0.394510 
41  0.396438  0.743401  0.885782  0.822814  0.813608  0.733092  0.754085  0.647743  0.644215  0.836582  0.539535  0.585385  0.544508  0.850240  0.856164  0.387158  0.826742  0.967463  0.554648  0.622200  0.656047  0.558974  0.802518  0.745734  0.919947  0.516330  0.724584  0.780634  0.828240  0.351346  0.784454  0.616967  0.631726  0.832441  0.691888  0.601544  0.735811  0.598921  0.734408  0.842446  0.813734 0.0  0.678269  0.580736  0.767953 
42  0.693447  0.722215  0.717749  0.883896  0.817387  0.750246  0.883434  0.761014  0.613540  0.769593  0.827296  0.908609  0.761390  0.664700  0.435991  0.654272  0.748239  0.438353  0.805074  0.731161  0.796782  0.778439  0.578130  0.585902  0.519540  0.855780  0.580941  0.690094  0.678235  0.727504  0.555710  0.753268  0.863110  0.805979  0.794443  0.614107  0.731723  0.675871  0.616026  0.729735  0.785063  0.678269 0.0  0.653289  0.754031 
43  0.562553  0.692500  0.801006  0.829395  0.762500  0.773812  0.623266  0.585305  0.578747  0.923134  0.602132  0.653765  0.500420  0.787357  0.781369  0.548588  0.756226  0.866740  0.665692  0.610500  0.636445  0.556790  0.873338  0.820443  0.916586  0.614789  0.777710  0.806587  0.688740  0.532490  0.766784  0.434591  0.558840  0.833982  0.694358  0.579643  0.784979  0.540373  0.586232  0.781245  0.802630  0.580736  0.653289 0.0  0.859018 
44  0.876097  0.570081  0.548998  0.688925  0.725366  0.603424  0.659199  0.752633  0.685120  0.585017  0.772839  0.637795  0.852830  0.466684  0.617969  0.849171  0.510912  0.510662  0.837914  0.574911  0.701468  0.734605  0.449900  0.450710  0.616225  0.694966  0.512908  0.518400  0.468367  0.826110  0.362155  0.801401  0.732864  0.687814  0.691434  0.795165  0.632678  0.842154  0.677483  0.653423  0.394510  0.767953  0.754031  0.859018 0.0 
