45
0 0.0  0.599728  0.621013  0.723636  0.783307  0.759664  0.736670  0.635233  0.576465  0.869787  0.740873  0.326724  0.765718  0.704561  0.930231  0.803460  0.943641  0.750686  0.604608  0.560854  0.720703  0.522317  0.664650  0.682309  0.729539  0.692079  0.723221  0.677836  0.802524  0.924189  0.900053  0.721916  0.755379  0.920089  0.690227  0.893054  0.701190  0.709863  0.874753  0.872062  0.751310  0.814220  0.688292  0.800981  0.698373 
1  0.599728 0.0  0.685810  0.356699  0.801217  0.692035  0.840871  0.377765  0.635873  0.742974  0.640503  0.655573  0.628833  0.737999  0.803093  0.739344  0.930246  0.867137  0.640402  0.460680  0.721903  0.779098  0.710585  0.782234  0.880661  0.728450  0.625063  0.566922  0.791819  0.790680  0.667604  0.708019  0.770933  0.694262  0.730371  0.821081  0.608657  0.570054  0.800394  0.601308  0.763749  0.850223  0.492721  0.831216  0.538416 
2  0.621013  0.685810 0.0  0.785644  0.758417  0.806717  0.559403  0.680902  0.639036  0.918479  0.642699  0.608032  0.575733  0.612680  0.613809  0.877079  0.602391  0.505621  0.657079  0.773005  0.786691  0.603113  0.518702  0.723905  0.565793  0.498084  0.549974  0.667977  0.406715  0.786036  0.904796  0.659492  0.714038  0.690398  0.620825  0.622511  0.695530  0.729523  0.570390  0.765083  0.608623  0.648656  0.657774  0.355841  0.818139 
3  0.723636  0.356699  0.785644 0.0  0.950921  0.653714  0.842951  0.518863  0.599874  0.700052  0.686425  0.806598  0.775436  0.690241  0.883184  0.735743  0.737050  0.862464  0.673381  0.568038  0.710526  0.770359  0.718795  0.883457  0.765399  0.573746  0.634571  0.615369  0.839406  0.891792  0.720860  0.699193  0.927946  0.758542  0.603994  0.787188  0.621115  0.559341  0.863215  0.838911  0.717461  0.925568  0.551556  0.768579  0.553779 
4  0.783307  0.801217  0.758417  0.950921 0.0  0.963443  0.725476  0.863461  0.841797  0.584134  0.790058  0.687862  0.790234  0.814871  0.765799  0.851556  0.666050  0.741064  0.809773  0.830284  0.835016  0.700993  0.728287  0.443512  0.605912  0.835246  0.833091  0.836024  0.731311  0.634240  0.783046  0.696617  0.578754  0.722483  0.739276  0.740684  0.898273  0.826593  0.669755  0.730210  0.680076  0.740751  0.858058  0.787241  0.898480 
5  0.759664  0.692035  0.806717  0.653714  0.963443 0.0  0.819765  0.778011  0.709671  0.636184  0.609212  0.819097  0.831660  0.739300  0.842184  0.540879  0.786782  0.798592  0.552672  0.816862  0.817096  0.738616  0.848386  0.786559  0.834051  0.838631  0.786350  0.493919  0.842083  0.839384  0.493208  0.756634  0.703937  0.814276  0.730581  0.879774  0.631377  0.430212  0.800222  0.697228  0.754848  0.828540  0.873450  0.812767  0.605587 
6  0.736670  0.840871  0.559403  0.842951  0.725476  0.819765 0.0  0.896984  0.630685  0.741833  0.817530  0.868160  0.705168  0.700962  0.566484  0.824525  0.550646  0.386532  0.920599  0.825353  0.571676  0.710221  0.614548  0.757577  0.433769  0.597543  0.623369  0.948787  0.318694  0.515473  0.942019  0.608258  0.667993  0.581926  0.632714  0.680273  0.738735  0.850933  0.468080  0.591252  0.448911  0.560995  0.820849  0.446590  0.757708 
7  0.635233  0.377765  0.680902  0.518863  0.863461  0.778011  0.896984 0.0  0.693566  0.787988  0.613723  0.616546  0.613771  0.475873  0.626878  0.576334  0.737266  0.660492  0.617201  0.518623  0.686032  0.600491  0.626814  0.798227  0.821671  0.595328  0.579822  0.738747  0.750839  0.704073  0.808520  0.600070  0.654569  0.849763  0.697945  0.721747  0.717943  0.592294  0.780910  0.749315  0.818437  0.684180  0.565022  0.775542  0.692881 
8  0.576465  0.635873  0.639036  0.599874  0.841797  0.709671  0.630685  0.693566 0.0  0.683879  0.427160  0.624459  0.659168  0.599535  0.857901  0.533995  0.798333  0.796632  0.512482  0.600347  0.675663  0.634782  0.630973  0.701611  0.818182  0.627908  0.693360  0.534065  0.781139  0.836699  0.766095  0.600451  0.572269  0.894276  0.690940  0.800695  0.719735  0.514333  0.882266  0.777585  0.888141  0.817328  0.659629  0.684846  0.497103 
9  0.869787  0.742974  0.918479  0.700052  0.584134  0.636184  0.741833  0.787988  0.683879 0.0  0.701628  0.845264  0.795172  0.722581  0.765919  0.567603  0.623001  0.699725  0.448920  0.877437  0.727487  0.963951  0.796993  0.847345  0.639015  0.834163  0.751133  0.537610  0.731501  0.738914  0.485165  0.927814  0.607985  0.694287  0.687544  0.610014  0.692492  0.744250  0.743665  0.546892  0.656604  0.667747  0.748160  0.785151  0.534924 
10  0.740873  0.640503  0.642699  0.686425  0.790058  0.609212  0.817530  0.613723  0.427160  0.701628 0.0  0.646641  0.762270  0.720507  0.836484  0.626736  0.698935  0.717237  0.577129  0.546959  0.519832  0.563158  0.595441  0.782232  0.725357  0.624335  0.508017  0.513580  0.882581  0.796039  0.691744  0.588648  0.825149  0.896553  0.579594  0.756380  0.645531  0.496480  0.740046  0.806510  0.725407  0.737552  0.633263  0.720775  0.615490 
11  0.326724  0.655573  0.608032  0.806598  0.687862  0.819097  0.868160  0.616546  0.624459  0.845264  0.646641 0.0  0.674074  0.676168  0.678577  0.868434  0.856100  0.787839  0.708904  0.587895  0.783152  0.317217  0.722452  0.679256  0.795490  0.708347  0.718726  0.770506  0.766451  0.861003  0.822734  0.704960  0.771812  0.695482  0.709194  0.826107  0.630998  0.811273  0.792107  0.756880  0.688154  0.782738  0.580348  0.709388  0.724742 
12  0.765718  0.628833  0.575733  0.775436  0.790234  0.831660  0.705168  0.613771  0.659168  0.795172  0.762270  0.674074 0.0  0.420137  0.589627  0.706026  0.553358  0.495661  0.758590  0.578137  0.516967  0.675072  0.499761  0.869522  0.629239  0.467612  0.345301  0.521293  0.709833  0.506920  0.835766  0.418616  0.755915  0.554509  0.710792  0.598397  0.636285  0.639436  0.658365  0.780687  0.576779  0.684578  0.653250  0.569923  0.728384 
13  0.704561  0.737999  0.612680  0.690241  0.814871  0.739300  0.700962  0.475873  0.599535  0.722581  0.720507  0.676168  0.420137 0.0  0.648134  0.647090  0.599721  0.697497  0.761091  0.597788  0.582643  0.662537  0.365063  0.753477  0.742295  0.385379  0.429337  0.782368  0.690041  0.734121  0.877679  0.454263  0.781584  0.709279  0.719369  0.701958  0.804498  0.695478  0.578242  0.804155  0.668579  0.596322  0.788246  0.565942  0.750150 
14  0.930231  0.803093  0.613809  0.883184  0.765799  0.842184  0.566484  0.626878  0.857901  0.765919  0.836484  0.678577  0.589627  0.648134 0.0  0.706145  0.539010  0.623467  0.859424  0.722986  0.380396  0.842836  0.724564  0.715483  0.598577  0.662208  0.693853  0.858313  0.472571  0.395729  0.968548  0.651093  0.656219  0.675434  0.767516  0.446455  0.875599  0.785124  0.542880  0.414886  0.476931  0.509238  0.754395  0.656159  0.889046 
15  0.803460  0.739344  0.877079  0.735743  0.851556  0.540879  0.824525  0.576334  0.533995  0.567603  0.626736  0.868434  0.706026  0.647090  0.706145 0.0  0.716518  0.825577  0.690382  0.590661  0.647159  0.789753  0.774632  0.802109  0.912611  0.795001  0.871769  0.684031  0.857871  0.709313  0.470595  0.777204  0.757959  0.936065  0.522584  0.832628  0.704217  0.623525  0.738356  0.840105  0.717250  0.770500  0.850201  0.736101  0.569761 
16  0.943641  0.930246  0.602391  0.737050  0.666050  0.786782  0.550646  0.737266  0.798333  0.623001  0.698935  0.856100  0.553358  0.599721  0.539010  0.716518 0.0  0.508507  1.000000  0.768503  0.611865  0.802828  0.622137  0.917225  0.442329  0.666718  0.637968  0.907329  0.623357  0.553436  0.863851  0.591570  0.828095  0.525555  0.778971  0.563206  0.792702  0.835870  0.483849  0.559557  0.450746  0.587019  0.692656  0.508876  0.810279 
17  0.750686  0.867137  0.505621  0.862464  0.741064  0.798592  0.386532  0.660492  0.796632  0.699725  0.717237  0.787839  0.495661  0.697497  0.623467  0.825577  0.508507 0.0  0.974326  0.801464  0.799491  0.773681  0.692672  0.845858  0.411438  0.579432  0.601783  0.890270  0.514504  0.656530  0.906773  0.502812  0.648601  0.430056  0.656947  0.691954  0.912520  0.830892  0.494536  0.644133  0.449970  0.634175  0.783993  0.516054  0.871555 
18  0.604608  0.640402  0.657079  0.673381  0.809773  0.552672  0.920599  0.617201  0.512482  0.448920  0.577129  0.708904  0.758590  0.761091  0.859424  0.690382  1.000000  0.974326 0.0  0.715649  0.768563  0.713987  0.710876  0.784659  0.766546  0.703126  0.757376  0.483115  0.774622  0.735705  0.446108  0.695691  0.727934  0.793182  0.765236  0.877283  0.542904  0.545743  0.939603  0.752576  0.810866  0.887505  0.686874  0.796605  0.396049 
19  0.560854  0.460680  0.773005  0.568038  0.830284  0.816862  0.825353  0.518623  0.600347  0.877437  0.546959  0.587895  0.578137  0.597788  0.722986  0.590661  0.768503  0.801464  0.715649 0.0  0.779348  0.612632  0.617390  0.854982  0.792959  0.658954  0.681833  0.601021  0.830434  0.698768  0.742601  0.636270  0.786152  0.866333  0.589364  0.707036  0.606450  0.698847  0.718286  0.859526  0.803178  0.692836  0.700209  0.632742  0.684826 
20  0.720703  0.721903  0.786691  0.710526  0.835016  0.817096  0.571676  0.686032  0.675663  0.727487  0.519832  0.783152  0.516967  0.582643  0.380396  0.647159  0.611865  0.799491  0.768563  0.779348 0.0  0.640372  0.546443  0.842304  0.653090  0.577330  0.538008  0.705564  0.623958  0.427641  0.759378  0.470677  0.732220  0.546562  0.737802  0.394173  0.680748  0.699173  0.622736  0.354080  0.595578  0.393784  0.663448  0.615915  0.846113 
21  0.522317  0.779098  0.603113  0.770359  0.700993  0.738616  0.710221  0.600491  0.634782  0.963951  0.563158  0.317217  0.675072  0.662537  0.842836  0.789753  0.802828  0.773681  0.713987  0.612632  0.640372 0.0  0.658103  0.606276  0.811140  0.788540  0.768523  0.762046  0.838354  0.888415  0.908001  0.766806  0.722673  0.859074  0.591619  0.801884  0.664618  0.567630  0.883348  0.727463  0.706767  0.849863  0.606597  0.817366  0.656303 
22  0.664650  0.710585  0.518702  0.718795  0.728287  0.848386  0.614548  0.626814  0.630973  0.796993  0.595441  0.722452  0.499761  0.365063  0.724564  0.774632  0.622137  0.692672  0.710876  0.617390  0.546443  0.658103 0.0  0.897774  0.607914  0.643062  0.401979  0.713335  0.710612  0.627506  0.866541  0.455502  0.665846  0.699641  0.491441  0.656573  0.633473  0.741698  0.632457  0.768368  0.658700  0.687272  0.677921  0.540521  0.790166 
23  0.682309  0.782234  0.723905  0.883457  0.443512  0.786559  0.757577  0.798227  0.701611  0.847345  0.782232  0.679256  0.869522  0.753477  0.715483  0.802109  0.917225  0.845858  0.784659  0.854982  0.842304  0.606276  0.897774 0.0  0.623157  0.822676  0.838576  0.730577  0.832400  0.884527  0.825671  0.761969  0.690428  0.823858  0.782439  0.817969  0.835052  0.794205  0.860079  0.785573  0.727959  0.739942  0.718591  0.813041  0.787748 
24  0.729539  0.880661  0.565793  0.765399  0.605912  0.834051  0.433769  0.821671  0.818182  0.639015  0.725357  0.795490  0.629239  0.742295  0.598577  0.912611  0.442329  0.411438  0.766546  0.792959  0.653090  0.811140  0.607914  0.623157 0.0  0.672240  0.663786  0.847839  0.412504  0.419584  0.732969  0.625884  0.616715  0.592833  0.632127  0.506954  0.832022  0.711797  0.449949  0.530611  0.312045  0.528950  0.752876  0.596683  0.857297 
25  0.692079  0.728450  0.498084  0.573746  0.835246  0.838631  0.597543  0.595328  0.627908  0.834163  0.624335  0.708347  0.467612  0.385379  0.662208  0.795001  0.666718  0.579432  0.703126  0.658954  0.577330  0.788540  0.643062  0.822676  0.672240 0.0  0.321329  0.598475  0.690892  0.688768  0.768765  0.450777  0.795390  0.629512  0.707528  0.797243  0.616047  0.668224  0.615928  0.809273  0.516546  0.654956  0.635277  0.420611  0.651530 
26  0.723221  0.625063  0.549974  0.634571  0.833091  0.786350  0.623369  0.579822  0.693360  0.751133  0.508017  0.718726  0.345301  0.429337  0.693853  0.871769  0.637968  0.601783  0.757376  0.681833  0.538008  0.768523  0.401979  0.838576  0.663786  0.321329 0.0  0.549282  0.624711  0.493279  0.808951  0.419497  0.752214  0.730475  0.677120  0.487744  0.725246  0.652312  0.652484  0.561418  0.644828  0.639475  0.623043  0.508138  0.706302 
27  0.677836  0.566922  0.667977  0.615369  0.836024  0.493919  0.948787  0.738747  0.534065  0.537610  0.513580  0.770506  0.521293  0.782368  0.858313  0.684031  0.907329  0.890270  0.483115  0.601021  0.705564  0.762046  0.713335  0.730577  0.847839  0.598475  0.549282 0.0  0.819878  0.778648  0.560407  0.552664  0.753296  0.759894  0.641361  0.732642  0.608560  0.401147  0.832581  0.780656  0.821582  0.861383  0.618644  0.746248  0.525636 
28  0.802524  0.791819  0.406715  0.839406  0.731311  0.842083  0.318694  0.750839  0.781139  0.731501  0.882581  0.766451  0.709833  0.690041  0.472571  0.857871  0.623357  0.514504  0.774622  0.830434  0.623958  0.838354  0.710612  0.832400  0.412504  0.690892  0.624711  0.819878 0.0  0.519364  0.826900  0.529908  0.559215  0.610307  0.735671  0.592469  0.850703  0.838934  0.252580  0.654131  0.620361  0.622285  0.774406  0.490645  0.901564 
29  0.924189  0.790680  0.786036  0.891792  0.634240  0.839384  0.515473  0.704073  0.836699  0.738914  0.796039  0.861003  0.506920  0.734121  0.395729  0.709313  0.553436  0.656530  0.735705  0.698768  0.427641  0.888415  0.627506  0.884527  0.419584  0.688768  0.493279  0.778648  0.519364 0.0  0.748786  0.712495  0.666084  0.655116  0.606393  0.361115  0.806002  0.698164  0.546150  0.577399  0.608279  0.385219  0.818344  0.584139  0.835787 
30  0.900053  0.667604  0.904796  0.720860  0.783046  0.493208  0.942019  0.808520  0.766095  0.485165  0.691744  0.822734  0.835766  0.877679  0.968548  0.470595  0.863851  0.906773  0.446108  0.742601  0.759378  0.908001  0.866541  0.825671  0.732969  0.768765  0.808951  0.560407  0.826900  0.748786 0.0  0.877631  0.883999  0.757340  0.656419  0.884457  0.665675  0.555516  0.922225  0.848396  0.799505  0.844603  0.799603  0.871190  0.497907 
31  0.721916  0.708019  0.659492  0.699193  0.696617  0.756634  0.608258  0.600070  0.600451  0.927814  0.588648  0.704960  0.418616  0.454263  0.651093  0.777204  0.591570  0.502812  0.695691  0.636270  0.470677  0.766806  0.455502  0.761969  0.625884  0.450777  0.419497  0.552664  0.529908  0.712495  0.877631 0.0  0.716229  0.631912  0.671154  0.656051  0.747897  0.841510  0.569967  0.723628  0.434116  0.585832  0.594917  0.513436  0.706793 
32  0.755379  0.770933  0.714038  0.927946  0.578754  0.703937  0.667993  0.654569  0.572269  0.607985  0.825149  0.771812  0.755915  0.781584  0.656219  0.757959  0.828095  0.648601  0.727934  0.786152  0.732220  0.722673  0.665846  0.690428  0.616715  0.795390  0.752214  0.753296  0.559215  0.666084  0.883999  0.716229 0.0  0.680505  0.742111  0.678615  0.750874  0.787360  0.647261  0.572441  0.614183  0.662411  0.729503  0.684347  0.899333 
33  0.920089  0.694262  0.690398  0.758542  0.722483  0.814276  0.581926  0.849763  0.894276  0.694287  0.896553  0.695482  0.554509  0.709279  0.675434  0.936065  0.525555  0.430056  0.793182  0.866333  0.546562  0.859074  0.699641  0.823858  0.592833  0.629512  0.730475  0.759894  0.610307  0.655116  0.757340  0.631912  0.680505 0.0  0.759552  0.500378  0.670926  0.679865  0.471635  0.532764  0.510416  0.669622  0.885889  0.576649  0.803282 
34  0.690227  0.730371  0.620825  0.603994  0.739276  0.730581  0.632714  0.697945  0.690940  0.687544  0.579594  0.709194  0.710792  0.719369  0.767516  0.522584  0.778971  0.656947  0.765236  0.589364  0.737802  0.591619  0.491441  0.782439  0.632127  0.707528  0.677120  0.641361  0.735671  0.606393  0.656419  0.671154  0.742111  0.759552 0.0  0.654972  0.554834  0.605539  0.733082  0.679448  0.729518  0.667462  0.732534  0.583034  0.673990 
35  0.893054  0.821081  0.622511  0.787188  0.740684  0.879774  0.680273  0.721747  0.800695  0.610014  0.756380  0.826107  0.598397  0.701958  0.446455  0.832628  0.563206  0.691954  0.877283  0.707036  0.394173  0.801884  0.656573  0.817969  0.506954  0.797243  0.487744  0.732642  0.592469  0.361115  0.884457  0.656051  0.678615  0.500378  0.654972 0.0  0.763420  0.773190  0.581897  0.307633  0.468654  0.371225  0.764365  0.589039  0.868773 
36  0.701190  0.608657  0.695530  0.621115  0.898273  0.631377  0.738735  0.717943  0.719735  0.692492  0.645531  0.630998  0.636285  0.804498  0.875599  0.704217  0.792702  0.912520  0.542904  0.606450  0.680748  0.664618  0.633473  0.835052  0.832022  0.616047  0.725246  0.608560  0.850703  0.806002  0.665675  0.747897  0.750874  0.670926  0.554834  0.763420 0.0  0.532080  0.846478  0.732298  0.705471  0.818902  0.706717  0.689768  0.649155 
37  0.709863  0.570054  0.729523  0.559341  0.826593  0.430212  0.850933  0.592294  0.514333  0.744250  0.496480  0.811273  0.639436  0.695478  0.785124  0.623525  0.835870  0.830892  0.545743  0.698847  0.699173  0.567630  0.741698  0.794205  0.711797  0.668224  0.652312  0.401147  0.838934  0.698164  0.555516  0.841510  0.787360  0.679865  0.605539  0.773190  0.532080 0.0  0.764758  0.624310  0.879158  0.786597  0.677595  0.703835  0.435109 
38  0.874753  0.800394  0.570390  0.863215  0.669755  0.800222  0.468080  0.780910  0.882266  0.743665  0.740046  0.792107  0.658365  0.578242  0.542880  0.738356  0.483849  0.494536  0.939603  0.718286  0.622736  0.883348  0.632457  0.860079  0.449949  0.615928  0.652484  0.832581  0.252580  0.546150  0.922225  0.569967  0.647261  0.471635  0.733082  0.581897  0.846478  0.764758 0.0  0.660653  0.505666  0.586019  0.823870  0.427889  0.986554 
39  0.872062  0.601308  0.765083  0.838911  0.730210  0.697228  0.591252  0.749315  0.777585  0.546892  0.806510  0.756880  0.780687  0.804155  0.414886  0.840105  0.559557  0.644133  0.752576  0.859526  0.354080  0.727463  0.768368  0.785573  0.530611  0.809273  0.561418  0.780656  0.654131  0.577399  0.848396  0.723628  0.572441  0.532764  0.679448  0.307633  0.732298  0.624310  0.660653 0.0  0.611313  0.469268  0.688712  0.711291  0.764636 
40  0.751310  0.763749  0.608623  0.717461  0.680076  0.754848  0.448911  0.818437  0.888141  0.656604  0.725407  0.688154  0.576779  0.668579  0.476931  0.717250  0.450746  0.449970  0.810866  0.803178  0.595578  0.706767  0.658700  0.727959  0.312045  0.516546  0.644828  0.821582  0.620361  0.608279  0.799505  0.434116  0.614183  0.510416  0.729518  0.468654  0.705471  0.879158  0.505666  0.611313 0.0  0.573059  0.730081  0.519414  0.768038 
41  0.814220  0.850223  0.648656  0.925568  0.740751  0.828540  0.560995  0.684180  0.817328  0.667747  0.737552  0.782738  0.684578  0.596322  0.509238  0.770500  0.587019  0.634175  0.887505  0.692836  0.393784  0.849863  0.687272  0.739942  0.528950  0.654956  0.639475  0.861383  0.622285  0.385219  0.844603  0.585832  0.662411  0.669622  0.667462  0.371225  0.818902  0.786597  0.586019  0.469268  0.573059 0.0  0.817452  0.595634  0.897534 
42  0.688292  0.492721  0.657774  0.551556  0.858058  0.873450  0.820849  0.565022  0.659629  0.748160  0.633263  0.580348  0.653250  0.788246  0.754395  0.850201  0.692656  0.783993  0.686874  0.700209  0.663448  0.606597  0.677921  0.718591  0.752876  0.635277  0.623043  0.618644  0.774406  0.818344  0.799603  0.594917  0.729503  0.885889  0.732534  0.764365  0.706717  0.677595  0.823870  0.688712  0.730081  0.817452 0.0  0.733709  0.629179 
43  0.800981  0.831216  0.355841  0.768579  0.787241  0.812767  0.446590  0.775542  0.684846  0.785151  0.720775  0.709388  0.569923  0.565942  0.656159  0.736101  0.508876  0.516054  0.796605  0.632742  0.615915  0.817366  0.540521  0.813041  0.596683  0.420611  0.508138  0.746248  0.490645  0.584139  0.871190  0.513436  0.684347  0.576649  0.583034  0.589039  0.689768  0.703835  0.427889  0.711291  0.519414  0.595634  0.733709 0.0  0.720003 
44  0.698373  0.538416  0.818139  0.553779  0.898480  0.605587  0.757708  0.692881  0.497103  0.534924  0.615490  0.724742  0.728384  0.750150  0.889046  0.569761  0.810279  0.871555  0.396049  0.684826  0.846113  0.656303  0.790166  0.787748  0.857297  0.651530  0.706302  0.525636  0.901564  0.835787  0.497907  0.706793  0.899333  0.803282  0.673990  0.868773  0.649155  0.435109  0.986554  0.764636  0.768038  0.897534  0.629179  0.720003 0.0 
