45
0 0.0  0.563289  0.756627  0.508725  0.673786  0.819212  0.548892  0.807520  0.636220  0.662909  0.726048  0.750776  0.749046  0.859406  0.694590  0.750372  0.528858  0.678584  0.793637  0.684543  0.719664  0.759019  0.597724  0.789835  0.730994  0.656920  0.873784  0.642670  0.714089  0.797543  0.786981  0.573879  0.745095  0.775559  0.705224  0.869681  0.563274  0.814876  0.580899  0.718124  0.720022  0.745165  0.639578  0.644127  0.732564 
1  0.563289 0.0  0.885793  0.460842  0.576545  0.733018  0.525851  0.707527  0.611373  0.796860  0.689584  0.796879  0.610517  0.797993  0.660960  0.763228  0.652584  0.673834  0.692336  0.778834  0.772465  0.773622  0.559764  0.769764  0.761367  0.693622  0.601432  0.695962  0.741160  0.765588  0.653412  0.737918  0.761674  0.752280  0.830980  0.768770  0.694724  0.628407  0.522532  0.496227  0.767636  0.633321  0.786252  0.733518  0.800629 
2  0.756627  0.885793 0.0  0.985674  0.776102  0.763159  0.672144  0.703383  0.600231  0.623604  0.862269  0.577757  0.794095  0.803114  0.668499  0.459025  0.896032  0.497278  0.820269  0.677871  0.732309  0.807477  0.826367  0.692733  0.580290  0.689802  0.731887  0.946823  0.706689  0.592803  0.676242  0.611519  0.610253  0.770837  0.324871  0.696652  0.463680  0.665837  0.870889  0.713674  0.418252  0.502101  0.522922  0.899597  0.470788 
3  0.508725  0.460842  0.985674 0.0  0.666673  0.756703  0.509199  0.842526  0.916777  0.742000  0.564875  0.847220  0.634427  0.752203  0.632423  0.826263  0.681800  0.783336  0.519100  0.781916  0.705927  0.690879  0.447195  0.730131  0.707139  0.730556  0.676392  0.518461  0.803959  0.868102  0.795191  0.776089  0.779051  0.751046  0.891781  0.777570  0.823254  0.734064  0.458887  0.686456  0.818906  0.705025  0.915529  0.472215  0.946436 
4  0.673786  0.576545  0.776102  0.666673 0.0  0.680385  0.622742  0.673583  0.657476  0.648688  0.714434  0.684624  0.785356  0.772240  0.768337  0.720177  0.764548  0.694434  0.695097  0.746188  0.690841  0.722351  0.742034  0.761912  0.607077  0.326898  0.681832  0.658340  0.781912  0.608443  0.485732  0.599114  0.752201  0.419135  0.628462  0.593654  0.684481  0.707106  0.681528  0.623084  0.577328  0.675561  0.653619  0.786337  0.691729 
5  0.819212  0.733018  0.763159  0.756703  0.680385 0.0  0.757051  0.683198  0.809682  0.571441  0.578400  0.667511  0.601682  0.791690  0.366273  0.792856  0.755390  0.699555  0.479409  0.778953  0.586083  0.744725  0.619594  0.480306  0.711646  0.891583  0.487043  0.531242  0.678473  0.672563  0.717542  0.829910  0.738944  0.818233  0.682683  0.310999  0.696250  0.420357  0.676861  0.490790  0.793373  0.683790  0.629275  0.539920  0.860619 
6  0.548892  0.525851  0.672144  0.509199  0.622742  0.757051 0.0  0.822061  0.714931  0.777563  0.580110  0.775525  0.689566  0.904855  0.654989  0.810492  0.623936  0.737994  0.636401  0.777155  0.714027  0.758213  0.528949  0.694373  0.687877  0.759640  0.652517  0.644963  0.634357  0.743297  0.684858  0.735748  0.761898  0.678200  0.852845  0.677087  0.788288  0.722460  0.295712  0.639549  0.776647  0.597248  0.706098  0.646548  0.704125 
7  0.807520  0.707527  0.703383  0.842526  0.673583  0.683198  0.822061 0.0  0.671345  0.514768  0.825885  0.602943  0.667288  0.832914  0.753777  0.607146  0.742661  0.562141  0.682074  0.761180  0.784068  0.671173  0.848717  0.702680  0.519510  0.872723  0.563167  0.656327  0.661644  0.506319  0.647364  0.525923  0.476410  0.814311  0.670240  0.669221  0.611697  0.664831  0.844782  0.620411  0.759409  0.533897  0.641220  0.860474  0.713408 
8  0.636220  0.611373  0.600231  0.916777  0.657476  0.809682  0.714931  0.671345 0.0  0.622111  0.819383  0.721711  0.652571  0.919761  0.793415  0.503432  0.799353  0.450124  0.850334  0.717577  0.814637  0.657032  0.794167  0.660133  0.605079  0.939968  0.706259  0.877998  0.630882  0.627331  0.489320  0.346542  0.683478  0.708797  0.586437  0.756867  0.467870  0.636990  0.722826  0.714627  0.514127  0.628461  0.381568  0.813651  0.723923 
9  0.662909  0.796860  0.623604  0.742000  0.648688  0.571441  0.777563  0.514768  0.622111 0.0  0.782976  0.559026  0.796769  0.677715  0.773220  0.693815  0.784038  0.637307  0.873624  0.607465  0.757329  0.462970  0.742483  0.821347  0.592725  0.783507  0.738445  0.758293  0.603108  0.543237  0.686091  0.624976  0.533861  0.708233  0.765287  0.707862  0.761015  0.712189  0.885822  0.716874  0.766210  0.683059  0.710977  0.941761  0.809296 
10  0.726048  0.689584  0.862269  0.564875  0.714434  0.578400  0.580110  0.825885  0.819383  0.782976 0.0  0.828200  0.623577  0.530612  0.394217  0.728823  0.577502  0.882113  0.337748  0.897632  0.484622  0.754814  0.618517  0.547537  0.847062  0.528856  0.795464  0.454989  0.842429  0.837153  0.888297  0.724736  0.759934  0.599765  0.893186  0.456273  0.687926  0.578045  0.516127  0.519797  0.966950  0.764004  0.798478  0.491343  0.738096 
11  0.750776  0.796879  0.577757  0.847220  0.684624  0.667511  0.775525  0.602943  0.721711  0.559026  0.828200 0.0  0.639331  0.783290  0.778943  0.790044  0.832695  0.665713  0.854827  0.544396  0.928157  0.378948  0.748257  0.820502  0.701819  0.792756  0.627496  0.854508  0.590584  0.532272  0.692124  0.689080  0.733391  0.774843  0.742623  0.669545  0.767543  0.727883  0.902083  0.713200  0.704300  0.593322  0.588218  1.000000  0.776004 
12  0.749046  0.610517  0.794095  0.634427  0.785356  0.601682  0.689566  0.667288  0.652571  0.796769  0.623577  0.639331 0.0  0.840699  0.596176  0.748798  0.603671  0.729136  0.665080  0.702642  0.571258  0.609049  0.640416  0.431038  0.613812  0.867976  0.463662  0.619452  0.639036  0.630563  0.699666  0.753489  0.717743  0.924182  0.807546  0.598629  0.759974  0.358005  0.755697  0.530473  0.832127  0.663130  0.633991  0.669176  0.952949 
13  0.859406  0.797993  0.803114  0.752203  0.772240  0.791690  0.904855  0.832914  0.919761  0.677715  0.530612  0.783290  0.840699 0.0  0.758576  0.944620  0.769501  0.832332  0.722320  0.825540  0.738274  0.743029  0.686351  0.863780  0.760637  0.743961  0.916283  0.713860  0.718454  0.874973  0.868317  0.854942  0.849312  0.745461  0.806842  0.715978  0.907284  0.920679  0.787753  0.906255  0.788656  0.881742  0.894715  0.780970  0.874066 
14  0.694590  0.660960  0.668499  0.632423  0.768337  0.366273  0.654989  0.753777  0.793415  0.773220  0.394217  0.778943  0.596176  0.758576 0.0  0.789519  0.757788  0.819933  0.404052  0.853624  0.544083  0.731621  0.649491  0.424667  0.639187  0.729060  0.605115  0.585281  0.737729  0.793666  0.649101  0.767685  0.847086  0.700832  0.671020  0.398650  0.763335  0.525032  0.637598  0.493135  0.731294  0.562654  0.821996  0.393031  0.707013 
15  0.750372  0.763228  0.459025  0.826263  0.720177  0.792856  0.810492  0.607146  0.503432  0.693815  0.728823  0.790044  0.748798  0.944620  0.789519 0.0  0.833840  0.620378  0.826910  0.665577  0.807740  0.582557  0.816536  0.705233  0.566365  0.740455  0.704036  0.885854  0.633747  0.712241  0.645300  0.532208  0.524481  0.713484  0.498140  0.675673  0.381726  0.597599  0.846224  0.687534  0.309880  0.435195  0.272877  0.754490  0.648652 
16  0.528858  0.652584  0.896032  0.681800  0.764548  0.755390  0.623936  0.742661  0.799353  0.784038  0.577502  0.832695  0.603671  0.769501  0.757788  0.833840 0.0  0.733494  0.573001  0.874867  0.569840  0.840973  0.506486  0.602997  0.812868  0.521633  0.573739  0.452428  0.718722  0.851846  0.803062  0.833464  0.785908  0.676728  0.810412  0.611822  0.820779  0.635764  0.519276  0.653040  0.795842  0.770658  0.761588  0.548315  0.796235 
17  0.678584  0.673834  0.497278  0.783336  0.694434  0.699555  0.737994  0.562141  0.450124  0.637307  0.882113  0.665713  0.729136  0.832332  0.819933  0.620378  0.733494 0.0  0.904009  0.734477  0.809925  0.643797  0.871756  0.778629  0.667516  0.808766  0.576222  0.709955  0.626996  0.600446  0.644610  0.545619  0.716389  0.696994  0.484062  0.727846  0.564966  0.667605  0.775962  0.665766  0.442802  0.557341  0.612259  0.853704  0.725362 
18  0.793637  0.692336  0.820269  0.519100  0.695097  0.479409  0.636401  0.682074  0.850334  0.873624  0.337748  0.854827  0.665080  0.722320  0.404052  0.826910  0.573001  0.904009 0.0  0.823055  0.470947  0.827875  0.606233  0.645042  0.747046  0.664725  0.615900  0.544271  0.879468  0.863191  0.698246  0.909752  0.826934  0.674252  0.879091  0.408061  0.779560  0.553639  0.527111  0.661191  0.782650  0.678096  0.748884  0.276805  0.888821 
19  0.684543  0.778834  0.677871  0.781916  0.746188  0.778953  0.777155  0.761180  0.717577  0.607465  0.897632  0.544396  0.702642  0.825540  0.853624  0.665577  0.874867  0.734477  0.823055 0.0  0.884743  0.531730  0.863940  0.688940  0.487858  0.757273  0.740799  0.791650  0.611057  0.720458  0.629311  0.564439  0.614402  0.786405  0.638322  0.772890  0.708165  0.847704  0.757066  0.723731  0.711379  0.641000  0.653627  0.811902  0.787814 
20  0.719664  0.772465  0.732309  0.705927  0.690841  0.586083  0.714027  0.784068  0.814637  0.757329  0.484622  0.928157  0.571258  0.738274  0.544083  0.807740  0.569840  0.809925  0.470947  0.884743 0.0  0.914808  0.613287  0.568137  0.818794  0.614766  0.709272  0.460193  0.814541  0.906366  0.806021  0.903031  0.716285  0.677476  0.927334  0.734891  0.781676  0.497401  0.737382  0.557766  0.730341  0.670343  0.847090  0.526089  0.785622 
21  0.759019  0.773622  0.807477  0.690879  0.722351  0.744725  0.758213  0.671173  0.657032  0.462970  0.754814  0.378948  0.609049  0.743029  0.731621  0.582557  0.840973  0.643797  0.827875  0.531730  0.914808 0.0  0.813027  0.627510  0.621888  0.853413  0.756466  0.774003  0.695963  0.630043  0.656308  0.604808  0.678711  0.844686  0.766032  0.684211  0.656523  0.731092  0.803366  0.813860  0.606620  0.527523  0.696168  0.863552  0.845079 
22  0.597724  0.559764  0.826367  0.447195  0.742034  0.619594  0.528949  0.848717  0.794167  0.742483  0.618517  0.748257  0.640416  0.686351  0.649491  0.816536  0.506486  0.871756  0.606233  0.863940  0.613287  0.813027 0.0  0.693202  0.960708  0.594721  0.521543  0.575199  0.777077  0.719046  0.785288  0.850462  0.760671  0.576764  0.804339  0.661631  0.680308  0.733496  0.389271  0.576619  0.794089  0.656157  0.782003  0.631866  0.892882 
23  0.789835  0.769764  0.692733  0.730131  0.761912  0.480306  0.694373  0.702680  0.660133  0.821347  0.547537  0.820502  0.431038  0.863780  0.424667  0.705233  0.602997  0.778629  0.645042  0.688940  0.568137  0.627510  0.693202 0.0  0.718720  0.837664  0.366147  0.429898  0.599739  0.709023  0.703896  0.698228  0.731634  0.846782  0.713311  0.465923  0.558123  0.514961  0.653120  0.466131  0.722722  0.686475  0.635889  0.668965  0.874741 
24  0.730994  0.761367  0.580290  0.707139  0.607077  0.711646  0.687877  0.519510  0.605079  0.592725  0.847062  0.701819  0.613812  0.760637  0.639187  0.566365  0.812868  0.667516  0.747046  0.487858  0.818794  0.621888  0.960708  0.718720 0.0  0.850906  0.577094  0.895260  0.544064  0.638068  0.639494  0.587094  0.345986  0.891704  0.720662  0.696881  0.553677  0.739868  0.757064  0.643898  0.727791  0.680010  0.670621  0.836646  0.916541 
25  0.656920  0.693622  0.689802  0.730556  0.326898  0.891583  0.759640  0.872723  0.939968  0.783507  0.528856  0.792756  0.867976  0.743961  0.729060  0.740455  0.521633  0.808766  0.664725  0.757273  0.614766  0.853413  0.594721  0.837664  0.850906 0.0  0.650084  0.730045  0.721027  0.771767  0.630061  0.773400  0.704960  0.348948  0.655312  0.866311  0.686547  0.736238  0.715826  0.843993  0.774168  0.619193  0.770595  0.718024  0.777048 
26  0.873784  0.601432  0.731887  0.676392  0.681832  0.487043  0.652517  0.563167  0.706259  0.738445  0.795464  0.627496  0.463662  0.916283  0.605115  0.704036  0.573739  0.576222  0.615900  0.740799  0.709272  0.756466  0.521543  0.366147  0.577094  0.650084 0.0  0.622224  0.633905  0.640854  0.495522  0.704784  0.787925  0.758361  0.738658  0.447573  0.693292  0.496763  0.713098  0.492130  0.689731  0.518950  0.711518  0.767855  0.855654 
27  0.642670  0.695962  0.946823  0.518461  0.658340  0.531242  0.644963  0.656327  0.877998  0.758293  0.454989  0.854508  0.619452  0.713860  0.585281  0.885854  0.452428  0.709955  0.544271  0.791650  0.460193  0.774003  0.575199  0.429898  0.895260  0.730045  0.622224 0.0  0.923227  0.781804  0.824620  0.861389  0.679205  0.654707  0.896566  0.590267  0.905515  0.591829  0.583341  0.555326  0.842910  0.813669  0.914103  0.483283  0.883811 
28  0.714089  0.741160  0.706689  0.803959  0.781912  0.678473  0.634357  0.661644  0.630882  0.603108  0.842429  0.590584  0.639036  0.718454  0.737729  0.633747  0.718722  0.626996  0.879468  0.611057  0.814541  0.695963  0.777077  0.599739  0.544064  0.721027  0.633905  0.923227 0.0  0.646905  0.546161  0.546695  0.751562  0.742470  0.659812  0.687636  0.669129  0.669531  0.712029  0.596940  0.635187  0.616588  0.645217  0.736410  0.842923 
29  0.797543  0.765588  0.592803  0.868102  0.608443  0.672563  0.743297  0.506319  0.627331  0.543237  0.837153  0.532272  0.630563  0.874973  0.793666  0.712241  0.851846  0.600446  0.863191  0.720458  0.906366  0.630043  0.719046  0.709023  0.638068  0.771767  0.640854  0.781804  0.646905 0.0  0.532409  0.644639  0.608749  0.612831  0.714463  0.660455  0.638987  0.812052  0.745324  0.546372  0.678784  0.555399  0.657306  0.849336  0.724539 
30  0.786981  0.653412  0.676242  0.795191  0.485732  0.717542  0.684858  0.647364  0.489320  0.686091  0.888297  0.692124  0.699666  0.868317  0.649101  0.645300  0.803062  0.644610  0.698246  0.629311  0.806021  0.656308  0.785288  0.703896  0.639494  0.630061  0.495522  0.824620  0.546161  0.532409 0.0  0.550439  0.639074  0.570946  0.565495  0.667767  0.627652  0.589720  0.745208  0.649990  0.494776  0.593667  0.508680  0.894035  0.724939 
31  0.573879  0.737918  0.611519  0.776089  0.599114  0.829910  0.735748  0.525923  0.346542  0.624976  0.724736  0.689080  0.753489  0.854942  0.767685  0.532208  0.833464  0.545619  0.909752  0.564439  0.903031  0.604808  0.850462  0.698228  0.587094  0.773400  0.704784  0.861389  0.546695  0.644639  0.550439 0.0  0.712151  0.736403  0.511519  0.718194  0.409810  0.801002  0.804286  0.751544  0.361384  0.552041  0.539346  0.814739  0.776300 
32  0.745095  0.761674  0.610253  0.779051  0.752201  0.738944  0.761898  0.476410  0.683478  0.533861  0.759934  0.733391  0.717743  0.849312  0.847086  0.524481  0.785908  0.716389  0.826934  0.614402  0.716285  0.678711  0.760671  0.731634  0.345986  0.704960  0.787925  0.679205  0.751562  0.608749  0.639074  0.712151 0.0  0.614135  0.626063  0.733756  0.614168  0.680373  0.681012  0.672808  0.655766  0.472751  0.636405  0.769442  0.691912 
33  0.775559  0.752280  0.770837  0.751046  0.419135  0.818233  0.678200  0.814311  0.708797  0.708233  0.599765  0.774843  0.924182  0.745461  0.700832  0.713484  0.676728  0.696994  0.674252  0.786405  0.677476  0.844686  0.576764  0.846782  0.891704  0.348948  0.758361  0.654707  0.742470  0.612831  0.570946  0.736403  0.614135 0.0  0.751753  0.936456  0.712697  0.798422  0.676973  0.714220  0.730552  0.690488  0.715607  0.630088  0.672039 
34  0.705224  0.830980  0.324871  0.891781  0.628462  0.682683  0.852845  0.670240  0.586437  0.765287  0.893186  0.742623  0.807546  0.806842  0.671020  0.498140  0.810412  0.484062  0.879091  0.638322  0.927334  0.766032  0.804339  0.713311  0.720662  0.655312  0.738658  0.896566  0.659812  0.714463  0.565495  0.511519  0.626063  0.751753 0.0  0.747799  0.423151  0.746891  0.819902  0.676721  0.392885  0.579470  0.563107  0.952074  0.582893 
35  0.869681  0.768770  0.696652  0.777570  0.593654  0.310999  0.677087  0.669221  0.756867  0.707862  0.456273  0.669545  0.598629  0.715978  0.398650  0.675673  0.611822  0.727846  0.408061  0.772890  0.734891  0.684211  0.661631  0.465923  0.696881  0.866311  0.447573  0.590267  0.687636  0.660455  0.667767  0.718194  0.733756  0.936456  0.747799 0.0  0.764791  0.340249  0.816501  0.565032  0.722431  0.675494  0.757453  0.441175  0.919845 
36  0.563274  0.694724  0.463680  0.823254  0.684481  0.696250  0.788288  0.611697  0.467870  0.761015  0.687926  0.767543  0.759974  0.907284  0.763335  0.381726  0.820779  0.564966  0.779560  0.708165  0.781676  0.656523  0.680308  0.558123  0.553677  0.686547  0.693292  0.905515  0.669129  0.638987  0.627652  0.409810  0.614168  0.712697  0.423151  0.764791 0.0  0.760317  0.824988  0.671180  0.250532  0.442250  0.474257  0.750825  0.604831 
37  0.814876  0.628407  0.665837  0.734064  0.707106  0.420357  0.722460  0.664831  0.636990  0.712189  0.578045  0.727883  0.358005  0.920679  0.525032  0.597599  0.635764  0.667605  0.553639  0.847704  0.497401  0.731092  0.733496  0.514961  0.739868  0.736238  0.496763  0.591829  0.669531  0.812052  0.589720  0.801002  0.680373  0.798422  0.746891  0.340249  0.760317 0.0  0.787410  0.514954  0.681636  0.595616  0.664960  0.570100  0.866656 
38  0.580899  0.522532  0.870889  0.458887  0.681528  0.676861  0.295712  0.844782  0.722826  0.885822  0.516127  0.902083  0.755697  0.787753  0.637598  0.846224  0.519276  0.775962  0.527111  0.757066  0.737382  0.803366  0.389271  0.653120  0.757064  0.715826  0.713098  0.583341  0.712029  0.745324  0.745208  0.804286  0.681012  0.676973  0.819902  0.816501  0.824988  0.787410 0.0  0.638876  0.844571  0.785523  0.807641  0.500402  0.821276 
39  0.718124  0.496227  0.713674  0.686456  0.623084  0.490790  0.639549  0.620411  0.714627  0.716874  0.519797  0.713200  0.530473  0.906255  0.493135  0.687534  0.653040  0.665766  0.661191  0.723731  0.557766  0.813860  0.576619  0.466131  0.643898  0.843993  0.492130  0.555326  0.596940  0.546372  0.649990  0.751544  0.672808  0.714220  0.676721  0.565032  0.671180  0.514954  0.638876 0.0  0.653119  0.587438  0.808730  0.674871  0.897667 
40  0.720022  0.767636  0.418252  0.818906  0.577328  0.793373  0.776647  0.759409  0.514127  0.766210  0.966950  0.704300  0.832127  0.788656  0.731294  0.309880  0.795842  0.442802  0.782650  0.711379  0.730341  0.606620  0.794089  0.722722  0.727791  0.774168  0.689731  0.842910  0.635187  0.678784  0.494776  0.361384  0.655766  0.730552  0.392885  0.722431  0.250532  0.681636  0.844571  0.653119 0.0  0.369567  0.401417  0.809016  0.669993 
41  0.745165  0.633321  0.502101  0.705025  0.675561  0.683790  0.597248  0.533897  0.628461  0.683059  0.764004  0.593322  0.663130  0.881742  0.562654  0.435195  0.770658  0.557341  0.678096  0.641000  0.670343  0.527523  0.656157  0.686475  0.680010  0.619193  0.518950  0.813669  0.616588  0.555399  0.593667  0.552041  0.472751  0.690488  0.579470  0.675494  0.442250  0.595616  0.785523  0.587438  0.369567 0.0  0.606674  0.834174  0.732144 
42  0.639578  0.786252  0.522922  0.915529  0.653619  0.629275  0.706098  0.641220  0.381568  0.710977  0.798478  0.588218  0.633991  0.894715  0.821996  0.272877  0.761588  0.612259  0.748884  0.653627  0.847090  0.696168  0.782003  0.635889  0.670621  0.770595  0.711518  0.914103  0.645217  0.657306  0.508680  0.539346  0.636405  0.715607  0.563107  0.757453  0.474257  0.664960  0.807641  0.808730  0.401417  0.606674 0.0  0.887395  0.653140 
43  0.644127  0.733518  0.899597  0.472215  0.786337  0.539920  0.646548  0.860474  0.813651  0.941761  0.491343  1.000000  0.669176  0.780970  0.393031  0.754490  0.548315  0.853704  0.276805  0.811902  0.526089  0.863552  0.631866  0.668965  0.836646  0.718024  0.767855  0.483283  0.736410  0.849336  0.894035  0.814739  0.769442  0.630088  0.952074  0.441175  0.750825  0.570100  0.500402  0.674871  0.809016  0.834174  0.887395 0.0  0.875523 
44  0.732564  0.800629  0.470788  0.946436  0.691729  0.860619  0.704125  0.713408  0.723923  0.809296  0.738096  0.776004  0.952949  0.874066  0.707013  0.648652  0.796235  0.725362  0.888821  0.787814  0.785622  0.845079  0.892882  0.874741  0.916541  0.777048  0.855654  0.883811  0.842923  0.724539  0.724939  0.776300  0.691912  0.672039  0.582893  0.919845  0.604831  0.866656  0.821276  0.897667  0.669993  0.732144  0.653140  0.875523 0.0 
