45
0 0.0  0.677589  0.748642  0.692984  0.735065  0.658112  0.615222  0.792437  0.753371  0.690396  0.585220  0.767389  0.716035  0.752654  0.776682  0.775155  0.730636  0.646928  0.563133  0.611438  0.690891  0.559205  0.563684  0.753106  0.603751  0.535650  0.695800  0.700515  0.678962  0.820315  0.854218  0.887154  0.667080  0.759269  0.816291  0.809116  0.878172  0.759710  0.751237  0.660417  0.654432  0.823203  0.578861  0.736583  0.841927 
1  0.677589 0.0  0.626460  0.670838  0.819244  0.864929  0.879764  0.831361  0.609113  0.776983  0.554433  0.784400  0.490269  0.795911  0.476352  0.748949  0.858482  0.572673  0.624803  0.687274  0.498831  0.588490  0.760546  0.568455  0.781729  0.727913  0.564895  0.535258  0.839004  0.790955  0.534762  0.739045  0.512808  0.718172  0.897705  0.511912  0.806587  0.781564  0.790278  0.818454  0.646982  0.532799  0.634644  0.557190  0.587303 
2  0.748642  0.626460 0.0  0.765565  0.719350  0.668609  0.679320  0.575511  0.470128  0.546503  0.598626  0.593737  0.690173  0.617299  0.518519  0.603365  0.676133  0.600407  0.634413  0.615267  0.626411  0.610461  0.436259  0.575060  0.708882  0.696773  0.553460  0.606243  0.630110  0.589288  0.437207  0.805631  0.571927  0.667742  0.558880  0.287819  0.737142  0.765467  0.876942  0.625579  0.621365  0.523818  0.541083  0.498278  0.366997 
3  0.692984  0.670838  0.765565 0.0  0.603145  0.806540  0.735184  0.632198  0.852401  0.756890  0.765947  0.750831  0.627994  0.657536  0.776805  0.712509  0.763291  0.515826  0.635018  0.904876  0.513315  0.670452  0.666342  0.832739  0.713427  0.751000  0.671232  0.678930  0.784298  0.610771  0.710142  0.781467  0.614325  0.651712  0.691152  0.826018  0.659990  0.668246  0.749348  0.762060  0.596738  0.713805  0.764703  0.650988  0.664907 
4  0.735065  0.819244  0.719350  0.603145 0.0  0.644202  0.780534  0.417909  0.745399  0.712011  0.846266  0.558147  0.748110  0.421715  0.852566  0.573073  0.739052  0.834526  1.000000  0.654384  0.866595  0.929946  0.727827  0.786283  0.791026  0.576961  0.897937  0.765298  0.465366  0.687936  0.537958  0.867721  0.835621  0.557730  0.440089  0.685018  0.452294  0.570075  0.715920  0.797772  0.832643  0.669041  0.637899  0.731539  0.662799 
5  0.658112  0.864929  0.668609  0.806540  0.644202 0.0  0.423385  0.523697  0.560134  0.491807  0.883033  0.476568  0.801429  0.683656  0.641450  0.618976  0.367553  0.846643  0.691518  0.521633  0.807105  0.767248  0.710190  0.723139  0.648683  0.571837  0.771971  0.879160  0.719934  0.671615  0.740756  0.681615  0.763984  0.632989  0.661612  0.642638  0.611731  0.734833  0.565569  0.451660  0.798062  0.708833  0.569091  0.777296  0.558576 
6  0.615222  0.879764  0.679320  0.735184  0.780534  0.423385 0.0  0.662792  0.786247  0.590865  0.892028  0.553793  0.864971  0.714683  0.834773  0.595309  0.500100  0.709406  0.730170  0.522034  0.941349  0.737306  0.799089  0.885725  0.435510  0.623293  0.783378  0.946345  0.709033  0.749260  0.678896  0.548454  0.816297  0.616289  0.767479  0.782638  0.603794  0.842687  0.533594  0.477575  0.851392  0.708703  0.637923  0.857952  0.746700 
7  0.792437  0.831361  0.575511  0.632198  0.417909  0.523697  0.662792 0.0  0.626641  0.490395  0.818627  0.620410  0.772545  0.453191  0.741581  0.631412  0.695534  0.793897  0.773795  0.578695  0.737085  0.839498  0.629571  0.711297  0.645221  0.512175  0.753048  0.797080  0.435195  0.555618  0.583462  0.772802  0.779089  0.523063  0.559414  0.631338  0.428080  0.592705  0.762056  0.647177  0.766968  0.743037  0.580758  0.773221  0.789342 
8  0.753371  0.609113  0.470128  0.852401  0.745399  0.560134  0.786247  0.626641 0.0  0.488248  0.714405  0.719422  0.441210  0.742331  0.448905  0.752401  0.721375  0.571498  0.699678  0.609581  0.508309  0.551275  0.554141  0.569196  0.814277  0.604564  0.630191  0.673126  0.659487  0.622257  0.485633  0.928688  0.680120  0.719273  0.548571  0.466949  0.648592  0.721070  0.861040  0.641213  0.722829  0.509735  0.728108  0.576419  0.284813 
9  0.690396  0.776983  0.546503  0.756890  0.712011  0.491807  0.590865  0.490395  0.488248 0.0  0.842798  0.453755  0.715386  0.618275  0.783328  0.637147  0.403478  0.574937  0.610790  0.386833  0.754605  0.618446  0.609585  0.712990  0.589674  0.584907  0.753222  0.811704  0.714703  0.521612  0.656341  0.747105  0.747723  0.482517  0.538372  0.594112  0.549945  0.749234  0.539428  0.403812  0.657550  0.612397  0.626569  0.635318  0.622922 
10  0.585220  0.554433  0.598626  0.765947  0.846266  0.883033  0.892028  0.818627  0.714405  0.842798 0.0  0.796792  0.697378  0.828145  0.678157  0.795609  0.784628  0.500074  0.562187  0.797502  0.507851  0.587758  0.761016  0.454250  0.625103  0.729001  0.376799  0.674929  0.818929  0.608666  0.742772  0.695823  0.445151  0.722166  0.844564  0.615950  0.878371  0.735325  0.795793  0.745648  0.407139  0.694264  0.667031  0.566106  0.785534 
11  0.767389  0.784400  0.593737  0.750831  0.558147  0.476568  0.553793  0.620410  0.719422  0.453755  0.796792 0.0  0.744007  0.566349  0.675037  0.512475  0.420928  0.780451  0.760501  0.679922  0.742018  0.916362  0.687641  0.706512  0.766698  0.602575  0.764001  0.810805  0.750286  0.594253  0.726815  0.535304  0.761944  0.625421  0.599827  0.615241  0.759075  0.777415  0.584369  0.420007  0.800437  0.825778  0.565907  0.831644  0.617024 
12  0.716035  0.490269  0.690173  0.627994  0.748110  0.801429  0.864971  0.772545  0.441210  0.715386  0.697378  0.744007 0.0  0.633272  0.415748  0.716803  0.680737  0.564996  0.647459  0.707137  0.509460  0.658163  0.632932  0.697575  0.842845  0.704020  0.637689  0.472070  0.791363  0.925204  0.348651  0.779321  0.732007  0.790769  0.732212  0.589563  0.772656  0.646817  0.852385  0.843480  0.794207  0.449971  0.702301  0.610782  0.455846 
13  0.752654  0.795911  0.617299  0.657536  0.421715  0.683656  0.714683  0.453191  0.742331  0.618275  0.828145  0.566349  0.633272 0.0  0.745032  0.575479  0.708260  0.779973  0.781319  0.567053  0.732019  0.841274  0.592071  0.691186  0.818001  0.649581  0.791158  0.735551  0.443051  0.612174  0.737270  0.795735  0.760600  0.507657  0.488660  0.621931  0.326540  0.521423  0.879845  0.661645  0.895519  0.735138  0.675137  0.704853  0.667266 
14  0.776682  0.476352  0.518519  0.776805  0.852566  0.641450  0.834773  0.741581  0.448905  0.783328  0.678157  0.675037  0.415748  0.745032 0.0  0.689930  0.894692  0.598998  0.674432  0.701521  0.607098  0.459529  0.483614  0.638031  0.856605  0.724420  0.598881  0.466190  0.856819  0.750359  0.530281  0.618220  0.592717  0.641320  0.831797  0.558608  0.746333  0.863441  0.828723  0.673847  0.582872  0.552602  0.649140  0.622249  0.530741 
15  0.775155  0.748949  0.603365  0.712509  0.573073  0.618976  0.595309  0.631412  0.752401  0.637147  0.795609  0.512475  0.716803  0.575479  0.689930 0.0  0.562503  0.683504  0.822268  0.422858  0.698521  0.819314  0.695463  0.721933  0.705715  0.631011  0.771347  0.720461  0.616855  0.622009  0.604895  0.676827  0.774150  0.585172  0.538088  0.666964  0.645998  0.699756  0.794574  0.632776  0.843064  0.692105  0.655080  0.728581  0.703898 
16  0.730636  0.858482  0.676133  0.763291  0.739052  0.367553  0.500100  0.695534  0.721375  0.403478  0.784628  0.420928  0.680737  0.708260  0.894692  0.562503 0.0  0.682466  0.852141  0.593269  0.782666  0.822285  0.635046  0.825778  0.580935  0.586084  0.714489  0.833426  0.689861  0.612033  0.661482  0.604558  0.744533  0.720828  0.538233  0.737463  0.696611  0.789120  0.578734  0.292661  0.745317  0.705805  0.620234  0.746989  0.673636 
17  0.646928  0.572673  0.600407  0.515826  0.834526  0.846643  0.709406  0.793897  0.571498  0.574937  0.500074  0.780451  0.564996  0.779973  0.598998  0.683504  0.682466 0.0  0.413931  0.852474  0.496396  0.519242  0.722604  0.497731  0.594611  0.792291  0.459240  0.490793  0.778703  0.836460  0.646653  0.843844  0.462405  0.930104  0.750004  0.611059  0.713916  0.686952  0.751439  0.722797  0.270089  0.595277  0.779353  0.455086  0.729026 
18  0.563133  0.624803  0.634413  0.635018  1.000000  0.691518  0.730170  0.773795  0.699678  0.610790  0.562187  0.760501  0.647459  0.781319  0.674432  0.822268  0.852141  0.413931 0.0  0.861355  0.699997  0.618945  0.711998  0.676634  0.627956  0.718803  0.696661  0.733690  0.865238  0.725893  0.712816  0.817295  0.576113  0.806099  0.737432  0.762133  0.866280  0.840303  0.984583  0.765435  0.498668  0.781249  0.671442  0.571580  0.689087 
19  0.611438  0.687274  0.615267  0.904876  0.654384  0.521633  0.522034  0.578695  0.609581  0.386833  0.797502  0.679922  0.707137  0.567053  0.701521  0.422858  0.593269  0.852474  0.861355 0.0  0.777927  0.686797  0.612329  0.758191  0.582902  0.707575  0.715315  0.858655  0.633947  0.627412  0.645058  0.810275  0.897171  0.572556  0.582466  0.701817  0.738803  0.714020  0.727797  0.635677  0.701768  0.749569  0.547683  0.819706  0.599551 
20  0.690891  0.498831  0.626411  0.513315  0.866595  0.807105  0.941349  0.737085  0.508309  0.754605  0.507851  0.742018  0.509460  0.732019  0.607098  0.698521  0.782666  0.496396  0.699997  0.777927 0.0  0.670112  0.650535  0.652830  0.725580  0.632773  0.570047  0.375661  0.915162  0.840068  0.641637  0.832678  0.548705  0.744921  0.897282  0.548177  0.739391  0.852572  0.858426  0.808300  0.580915  0.557834  0.734202  0.503100  0.404153 
21  0.559205  0.588490  0.610461  0.670452  0.929946  0.767248  0.737306  0.839498  0.551275  0.618446  0.587758  0.916362  0.658163  0.841274  0.459529  0.819314  0.822285  0.519242  0.618945  0.686797  0.670112 0.0  0.559338  0.794578  0.623651  0.813771  0.686285  0.427458  0.927539  0.879406  0.632284  0.959469  0.485137  0.742594  0.874414  0.574625  0.763242  0.892244  0.707536  0.748283  0.621688  0.652500  0.863815  0.511074  0.575060 
22  0.563684  0.760546  0.436259  0.666342  0.727827  0.710190  0.799089  0.629571  0.554141  0.609585  0.761016  0.687641  0.632932  0.592071  0.483614  0.695463  0.635046  0.722604  0.711998  0.612329  0.650535  0.559338 0.0  0.626735  0.789185  0.671727  0.651702  0.620613  0.639168  0.659896  0.484935  0.722574  0.564495  0.597518  0.580918  0.440589  0.694953  0.801598  0.941306  0.684405  0.677464  0.562383  0.608421  0.569119  0.461748 
23  0.753106  0.568455  0.575060  0.832739  0.786283  0.723139  0.885725  0.711297  0.569196  0.712990  0.454250  0.706512  0.697575  0.691186  0.638031  0.721933  0.825778  0.497731  0.676634  0.758191  0.652830  0.794578  0.626735 0.0  0.733149  0.664764  0.392304  0.645204  0.587417  0.672723  0.681362  0.575743  0.530934  0.669385  0.821673  0.549875  0.625937  0.675013  0.843913  0.828528  0.482133  0.716543  0.688114  0.628695  0.609635 
24  0.603751  0.781729  0.708882  0.713427  0.791026  0.648683  0.435510  0.645221  0.814277  0.589674  0.625103  0.766698  0.842845  0.818001  0.856605  0.705715  0.580935  0.594611  0.627956  0.582902  0.725580  0.623651  0.789185  0.733149 0.0  0.762788  0.757235  0.768388  0.864033  0.789091  0.762496  0.675292  0.732917  0.703639  0.886048  0.787899  0.777044  0.865747  0.429138  0.549780  0.682231  0.851704  0.791471  0.657407  0.739048 
25  0.535650  0.727913  0.696773  0.751000  0.576961  0.571837  0.623293  0.512175  0.604564  0.584907  0.729001  0.602575  0.704020  0.649581  0.724420  0.631011  0.586084  0.792291  0.718803  0.707575  0.632773  0.813771  0.671727  0.664764  0.762788 0.0  0.739253  0.862069  0.637449  0.747776  0.630995  0.781068  0.700960  0.635784  0.575692  0.574274  0.649394  0.737945  0.706230  0.564550  0.714474  0.685334  0.618098  0.660345  0.576916 
26  0.695800  0.564895  0.553460  0.671232  0.897937  0.771971  0.783378  0.753048  0.630191  0.753222  0.376799  0.764001  0.637689  0.791158  0.598881  0.771347  0.714489  0.459240  0.696661  0.715315  0.570047  0.686285  0.651702  0.392304  0.757235  0.739253 0.0  0.597354  0.776068  0.780592  0.775856  0.738042  0.414198  0.731907  0.752853  0.616277  0.770135  0.879274  0.734062  0.818744  0.533960  0.703749  0.763557  0.560422  0.651710 
27  0.700515  0.535258  0.606243  0.678930  0.765298  0.879160  0.946345  0.797080  0.673126  0.811704  0.674929  0.810805  0.472070  0.735551  0.466190  0.720461  0.833426  0.490793  0.733690  0.858655  0.375661  0.427458  0.620613  0.645204  0.768388  0.862069  0.597354 0.0  0.892072  0.733852  0.564897  0.846655  0.432954  0.895579  0.749010  0.625375  0.809947  0.766421  0.973774  0.793486  0.577185  0.535050  0.851401  0.490938  0.558375 
28  0.678962  0.839004  0.630110  0.784298  0.465366  0.719934  0.709033  0.435195  0.659487  0.714703  0.818929  0.750286  0.791363  0.443051  0.856819  0.616855  0.689861  0.778703  0.865238  0.633947  0.915162  0.927539  0.639168  0.587417  0.864033  0.637449  0.776068  0.892072 0.0  0.638835  0.665819  0.804362  0.768420  0.382330  0.513294  0.639076  0.565931  0.563880  0.778990  0.684572  0.858414  0.807676  0.535078  0.857726  0.586398 
29  0.820315  0.790955  0.589288  0.610771  0.687936  0.671615  0.749260  0.555618  0.622257  0.521612  0.608666  0.594253  0.925204  0.612174  0.750359  0.622009  0.612033  0.836460  0.725893  0.627412  0.840068  0.879406  0.659896  0.672723  0.789091  0.747776  0.780592  0.733852  0.638835 0.0  0.597052  0.650033  0.701106  0.469030  0.593223  0.672355  0.624864  0.792098  0.829390  0.751529  0.812595  0.658613  0.544991  0.821584  0.579346 
30  0.854218  0.534762  0.437207  0.710142  0.537958  0.740756  0.678896  0.583462  0.485633  0.656341  0.742772  0.726815  0.348651  0.737270  0.530281  0.604895  0.661482  0.646653  0.712816  0.645058  0.641637  0.632284  0.484935  0.681362  0.762496  0.630995  0.775856  0.564897  0.665819  0.597052 0.0  0.882038  0.748181  0.744074  0.681064  0.471571  0.667064  0.657194  0.814915  0.682431  0.816767  0.328004  0.615250  0.604828  0.508896 
31  0.887154  0.739045  0.805631  0.781467  0.867721  0.681615  0.548454  0.772802  0.928688  0.747105  0.695823  0.535304  0.779321  0.795735  0.618220  0.676827  0.604558  0.843844  0.817295  0.810275  0.832678  0.959469  0.722574  0.575743  0.675292  0.781068  0.738042  0.846655  0.804362  0.650033  0.882038 0.0  0.761773  0.661880  0.718033  0.716426  0.832783  0.638268  0.468004  0.612595  0.821340  0.871982  0.677013  0.849878  0.743606 
32  0.667080  0.512808  0.571927  0.614325  0.835621  0.763984  0.816297  0.779089  0.680120  0.747723  0.445151  0.761944  0.732007  0.760600  0.592717  0.774150  0.744533  0.462405  0.576113  0.897171  0.548705  0.485137  0.564495  0.530934  0.732917  0.700960  0.414198  0.432954  0.768420  0.701106  0.748181  0.761773 0.0  0.758696  0.811356  0.694655  0.860586  0.781500  0.820144  0.832737  0.316725  0.737062  0.720991  0.553067  0.714924 
33  0.759269  0.718172  0.667742  0.651712  0.557730  0.632989  0.616289  0.523063  0.719273  0.482517  0.722166  0.625421  0.790769  0.507657  0.641320  0.585172  0.720828  0.930104  0.806099  0.572556  0.744921  0.742594  0.597518  0.669385  0.703639  0.635784  0.731907  0.895579  0.382330  0.469030  0.744074  0.661880  0.758696 0.0  0.436561  0.665684  0.478552  0.805938  0.790952  0.560721  0.715909  0.707096  0.518234  0.788735  0.732972 
34  0.816291  0.897705  0.558880  0.691152  0.440089  0.661612  0.767479  0.559414  0.548571  0.538372  0.844564  0.599827  0.732212  0.488660  0.831797  0.538088  0.538233  0.750004  0.737432  0.582466  0.897282  0.874414  0.580918  0.821673  0.886048  0.575692  0.752853  0.749010  0.513294  0.593223  0.681064  0.718033  0.811356  0.436561 0.0  0.755157  0.422908  0.569990  0.665269  0.714959  0.841726  0.611270  0.599485  0.637545  0.627456 
35  0.809116  0.511912  0.287819  0.826018  0.685018  0.642638  0.782638  0.631338  0.466949  0.594112  0.615950  0.615241  0.589563  0.621931  0.558608  0.666964  0.737463  0.611059  0.762133  0.701817  0.548177  0.574625  0.440589  0.549875  0.787899  0.574274  0.616277  0.625375  0.639076  0.672355  0.471571  0.716426  0.694655  0.665684  0.755157 0.0  0.669111  0.783646  0.919735  0.720665  0.616302  0.533539  0.545234  0.577803  0.381156 
36  0.878172  0.806587  0.737142  0.659990  0.452294  0.611731  0.603794  0.428080  0.648592  0.549945  0.878371  0.759075  0.772656  0.326540  0.746333  0.645998  0.696611  0.713916  0.866280  0.738803  0.739391  0.763242  0.694953  0.625937  0.777044  0.649394  0.770135  0.809947  0.565931  0.624864  0.667064  0.832783  0.860586  0.478552  0.422908  0.669111 0.0  0.405383  0.803527  0.726190  0.751062  0.762998  0.672972  0.763162  0.679795 
37  0.759710  0.781564  0.765467  0.668246  0.570075  0.734833  0.842687  0.592705  0.721070  0.749234  0.735325  0.777415  0.646817  0.521423  0.863441  0.699756  0.789120  0.686952  0.840303  0.714020  0.852572  0.892244  0.801598  0.675013  0.865747  0.737945  0.879274  0.766421  0.563880  0.792098  0.657194  0.638268  0.781500  0.805938  0.569990  0.783646  0.405383 0.0  0.768618  0.817329  0.703281  0.736297  0.682157  0.757698  0.912558 
38  0.751237  0.790278  0.876942  0.749348  0.715920  0.565569  0.533594  0.762056  0.861040  0.539428  0.795793  0.584369  0.852385  0.879845  0.828723  0.794574  0.578734  0.751439  0.984583  0.727797  0.858426  0.707536  0.941306  0.843913  0.429138  0.706230  0.734062  0.973774  0.778990  0.829390  0.814915  0.468004  0.820144  0.790952  0.665269  0.919735  0.803527  0.768618 0.0  0.673999  0.863199  0.750606  0.899224  0.825950  0.851635 
39  0.660417  0.818454  0.625579  0.762060  0.797772  0.451660  0.477575  0.647177  0.641213  0.403812  0.745648  0.420007  0.843480  0.661645  0.673847  0.632776  0.292661  0.722797  0.765435  0.635677  0.808300  0.748283  0.684405  0.828528  0.549780  0.564550  0.818744  0.793486  0.684572  0.751529  0.682431  0.612595  0.832737  0.560721  0.714959  0.720665  0.726190  0.817329  0.673999 0.0  0.857295  0.776407  0.609828  0.841083  0.659761 
40  0.654432  0.646982  0.621365  0.596738  0.832643  0.798062  0.851392  0.766968  0.722829  0.657550  0.407139  0.800437  0.794207  0.895519  0.582872  0.843064  0.745317  0.270089  0.498668  0.701768  0.580915  0.621688  0.677464  0.482133  0.682231  0.714474  0.533960  0.577185  0.858414  0.812595  0.816767  0.821340  0.316725  0.715909  0.841726  0.616302  0.751062  0.703281  0.863199  0.857295 0.0  0.826152  0.620689  0.444808  0.647731 
41  0.823203  0.532799  0.523818  0.713805  0.669041  0.708833  0.708703  0.743037  0.509735  0.612397  0.694264  0.825778  0.449971  0.735138  0.552602  0.692105  0.705805  0.595277  0.781249  0.749569  0.557834  0.652500  0.562383  0.716543  0.851704  0.685334  0.703749  0.535050  0.807676  0.658613  0.328004  0.871982  0.737062  0.707096  0.611270  0.533539  0.762998  0.736297  0.750606  0.776407  0.826152 0.0  0.599580  0.516083  0.438741 
42  0.578861  0.634644  0.541083  0.764703  0.637899  0.569091  0.637923  0.580758  0.728108  0.626569  0.667031  0.565907  0.702301  0.675137  0.649140  0.655080  0.620234  0.779353  0.671442  0.547683  0.734202  0.863815  0.608421  0.688114  0.791471  0.618098  0.763557  0.851401  0.535078  0.544991  0.615250  0.677013  0.720991  0.518234  0.599485  0.545234  0.672972  0.682157  0.899224  0.609828  0.620689  0.599580 0.0  0.769242  0.703263 
43  0.736583  0.557190  0.498278  0.650988  0.731539  0.777296  0.857952  0.773221  0.576419  0.635318  0.566106  0.831644  0.610782  0.704853  0.622249  0.728581  0.746989  0.455086  0.571580  0.819706  0.503100  0.511074  0.569119  0.628695  0.657407  0.660345  0.560422  0.490938  0.857726  0.821584  0.604828  0.849878  0.553067  0.788735  0.637545  0.577803  0.763162  0.757698  0.825950  0.841083  0.444808  0.516083  0.769242 0.0  0.679647 
44  0.841927  0.587303  0.366997  0.664907  0.662799  0.558576  0.746700  0.789342  0.284813  0.622922  0.785534  0.617024  0.455846  0.667266  0.530741  0.703898  0.673636  0.729026  0.689087  0.599551  0.404153  0.575060  0.461748  0.609635  0.739048  0.576916  0.651710  0.558375  0.586398  0.579346  0.508896  0.743606  0.714924  0.732972  0.627456  0.381156  0.679795  0.912558  0.851635  0.659761  0.647731  0.438741  0.703263  0.679647 0.0 
