45
0 0.0  0.761132  0.724696  0.641693  0.842114  0.479702  0.634617  0.557785  0.846482  0.805886  0.719523  0.527733  0.757860  0.563199  0.736654  0.527876  0.883352  0.882714  0.818747  0.757671  0.864731  0.556049  0.710474  0.649545  0.719943  0.428644  0.766079  0.687537  0.564738  0.770095  0.772861  0.780075  0.682184  0.668831  0.316494  0.810698  0.703525  0.780446  0.616939  0.771284  0.775045  0.556439  0.663712  0.651048  0.702553 
1  0.761132 0.0  0.645132  0.792383  0.497764  0.754527  0.792377  0.698921  0.564345  0.355982  0.520057  0.714024  0.769206  0.619560  0.458313  0.763825  0.600942  0.562089  0.620675  0.572350  0.484412  0.697046  0.749621  0.657093  0.681712  0.696771  0.606002  0.312967  0.722538  0.467225  0.566503  0.812475  0.736430  0.811996  0.771181  0.900982  0.489394  0.442556  0.622613  0.335860  0.509558  0.822786  0.717647  0.670655  0.751743 
2  0.724696  0.645132 0.0  0.758897  0.492395  0.693983  0.796198  0.740657  0.505098  0.702163  0.491610  0.632452  0.744493  0.398681  0.448573  0.639082  0.530316  0.690453  0.829331  0.707358  0.732098  0.587704  0.547908  0.577930  0.425473  0.674476  0.803816  0.541558  0.629258  0.774177  0.489998  0.782494  0.657819  0.760403  0.623399  0.908458  0.497717  0.716930  0.596532  0.753117  0.805481  0.660020  0.461026  0.584594  0.648489 
3  0.641693  0.792383  0.758897 0.0  0.838552  0.844516  0.484288  0.719183  0.777659  0.777445  0.716143  0.609622  0.638292  0.753599  0.805098  0.671535  0.830118  0.659442  0.510114  0.814426  0.930384  0.597888  0.816512  0.665918  0.802825  0.601908  0.628634  0.841024  0.644661  0.691345  0.943775  0.512969  0.599421  0.425046  0.541874  0.581687  0.726789  0.800219  0.778131  0.863100  0.751836  0.548963  0.763160  0.620098  0.595940 
4  0.842114  0.497764  0.492395  0.838552 0.0  0.804427  0.770749  0.737936  0.404940  0.517890  0.434602  0.690796  0.768314  0.609144  0.434606  0.671329  0.429237  0.672618  0.607670  0.531648  0.671942  0.715332  0.521833  0.566825  0.530786  0.894081  0.581946  0.463733  0.812897  0.601835  0.462726  0.818814  0.783967  0.749377  0.812498  0.876949  0.420618  0.577011  0.643822  0.532975  0.498679  0.731320  0.462475  0.748546  0.669899 
5  0.479702  0.754527  0.693983  0.844516  0.804427 0.0  0.670103  0.739542  0.768887  0.840358  0.785160  0.688964  0.698706  0.775615  0.734666  0.612107  0.774372  0.822896  0.806669  0.802520  0.907681  0.670036  0.818286  0.846250  0.799248  0.539312  0.850947  0.667908  0.578148  0.782806  0.905798  0.856401  0.718421  0.815795  0.505631  0.644005  0.749143  0.811179  1.000000  0.849570  0.782873  0.827256  0.827616  0.632189  0.815038 
6  0.634617  0.792377  0.796198  0.484288  0.770749  0.670103 0.0  0.756002  0.794432  0.602624  0.694730  0.610177  0.700018  0.636149  0.812019  0.602514  0.765552  0.827820  0.515613  0.817625  0.715192  0.577533  0.776744  0.752293  0.726578  0.661051  0.689577  0.836271  0.568847  0.718803  0.918072  0.444560  0.593084  0.429674  0.610907  0.549349  0.833077  0.825006  0.607381  0.743542  0.722685  0.644090  0.693093  0.437227  0.591610 
7  0.557785  0.698921  0.740657  0.719183  0.737936  0.739542  0.756002 0.0  0.754998  0.724851  0.683523  0.582733  0.778759  0.574497  0.783025  0.446437  0.798154  0.842080  0.749017  0.691283  0.718635  0.531956  0.608203  0.671893  0.513728  0.463568  0.719033  0.890947  0.463908  0.713763  0.750799  0.418819  0.591078  0.695908  0.471433  0.718026  0.751206  0.689729  0.645504  0.692455  0.700563  0.668637  0.664827  0.621455  0.593400 
8  0.846482  0.564345  0.505098  0.777659  0.404940  0.768887  0.794432  0.754998 0.0  0.616175  0.399603  0.812838  0.789450  0.518222  0.383474  0.812619  0.409077  0.575109  0.672161  0.575209  0.619539  0.690447  0.526988  0.639670  0.499797  0.783303  0.768431  0.475920  0.754212  0.629341  0.371168  0.785113  0.693621  0.879099  0.758209  0.800017  0.395686  0.588277  0.662121  0.602480  0.516698  0.794941  0.447205  0.708349  0.705209 
9  0.805886  0.355982  0.702163  0.777445  0.517890  0.840358  0.602624  0.724851  0.616175 0.0  0.482593  0.878608  0.860452  0.675307  0.563143  0.820534  0.613798  0.434921  0.518841  0.624455  0.625761  0.773778  0.692717  0.656748  0.726256  0.783032  0.607408  0.308686  0.822771  0.540103  0.563951  0.785602  0.868817  0.702794  0.724500  0.689846  0.636856  0.432461  0.671852  0.534961  0.525940  0.735561  0.755856  0.805455  0.737326 
10  0.719523  0.520057  0.491610  0.716143  0.434602  0.785160  0.694730  0.683523  0.399603  0.482593 0.0  0.770565  0.722485  0.622704  0.448073  0.763399  0.397916  0.559950  0.550189  0.366774  0.508693  0.721779  0.499448  0.598704  0.670940  0.859611  0.599261  0.613066  0.843295  0.719359  0.472737  0.699725  0.762134  0.869446  0.734385  0.811473  0.550896  0.556640  0.582191  0.490889  0.491573  0.747997  0.622433  0.838880  0.767463 
11  0.527733  0.714024  0.632452  0.609622  0.690796  0.688964  0.610177  0.582733  0.812838  0.878608  0.770565 0.0  0.742415  0.584186  0.737562  0.549914  0.700190  0.696951  0.753787  0.794731  0.710919  0.403780  0.606128  0.582233  0.579199  0.570887  0.634794  0.764124  0.583919  0.853793  0.810097  0.678428  0.566486  0.532952  0.580307  0.707838  0.788828  0.668095  0.620257  0.716133  0.696889  0.603584  0.672884  0.550293  0.440692 
12  0.757860  0.769206  0.744493  0.638292  0.768314  0.698706  0.700018  0.778759  0.789450  0.860452  0.722485  0.742415 0.0  0.718683  0.870125  0.726496  0.784052  0.789449  0.687949  0.774111  0.688709  0.703589  0.729429  0.751424  0.798068  0.795751  0.747522  0.751073  0.773644  0.618850  0.704040  0.520780  0.637148  0.626008  0.900256  0.465915  0.749749  0.677787  0.782687  0.737767  0.715789  0.655738  0.817796  0.642663  0.786660 
13  0.563199  0.619560  0.398681  0.753599  0.609144  0.775615  0.636149  0.574497  0.518222  0.675307  0.622704  0.584186  0.718683 0.0  0.551956  0.544950  0.640023  0.606521  0.702268  0.563299  0.750676  0.562642  0.438742  0.519829  0.470433  0.477800  0.612824  0.678059  0.572512  0.772957  0.686734  0.581171  0.640612  0.642725  0.665851  0.829410  0.630872  0.657282  0.399195  0.702878  0.631786  0.552930  0.426672  0.523581  0.562523 
14  0.736654  0.458313  0.448573  0.805098  0.434606  0.734666  0.812019  0.783025  0.383474  0.563143  0.448073  0.737562  0.870125  0.551956 0.0  0.736308  0.368643  0.534301  0.657785  0.559877  0.556868  0.774612  0.757207  0.685049  0.524807  0.691655  0.573473  0.520414  0.864689  0.741528  0.457740  0.753973  0.826698  0.853763  0.804989  0.811074  0.389568  0.547996  0.726289  0.605364  0.601546  0.809638  0.628441  0.682061  0.788321 
15  0.527876  0.763825  0.639082  0.671535  0.671329  0.612107  0.602514  0.446437  0.812619  0.820534  0.763399  0.549914  0.726496  0.544950  0.736308 0.0  0.867654  0.785230  0.775717  0.885826  0.719392  0.572216  0.705812  0.665737  0.738454  0.476961  0.715166  0.692168  0.463630  0.786248  0.733357  0.640183  0.545192  0.729147  0.451462  0.792878  0.736057  0.760616  0.683657  0.886750  0.730837  0.597990  0.698024  0.592417  0.606575 
16  0.883352  0.600942  0.530316  0.830118  0.429237  0.774372  0.765552  0.798154  0.409077  0.613798  0.397916  0.700190  0.784052  0.640023  0.368643  0.867654 0.0  0.582612  0.670745  0.503132  0.571875  0.782305  0.710410  0.642494  0.684274  0.719958  0.538436  0.597058  0.732928  0.674709  0.266923  0.781196  0.652014  0.731448  0.795131  0.774991  0.284062  0.485359  0.656421  0.628219  0.472173  0.680077  0.651340  0.788173  0.760315 
17  0.882714  0.562089  0.690453  0.659442  0.672618  0.822896  0.827820  0.842080  0.575109  0.434921  0.559950  0.696951  0.789449  0.606521  0.534301  0.785230  0.582612 0.0  0.526589  0.649849  0.485002  0.665794  0.704687  0.791613  0.669393  0.834029  0.668870  0.468894  0.769109  0.612125  0.551201  0.863077  0.826024  0.752242  0.747804  0.631794  0.451095  0.490836  0.709458  0.484120  0.496255  0.751725  0.683822  0.782727  0.709235 
18  0.818747  0.620675  0.829331  0.510114  0.607670  0.806669  0.515613  0.749017  0.672161  0.518841  0.550189  0.753787  0.687949  0.702268  0.657785  0.775717  0.670745  0.526589 0.0  0.676635  0.609084  0.850808  0.753712  0.786217  0.777959  0.807920  0.675938  0.738494  0.822930  0.592878  0.680931  0.786080  0.744783  0.544916  0.838964  0.690076  0.656229  0.698056  0.877687  0.682153  0.687169  0.783949  0.742178  0.661437  0.700548 
19  0.757671  0.572350  0.707358  0.814426  0.531648  0.802520  0.817625  0.691283  0.575209  0.624455  0.366774  0.794731  0.774111  0.563299  0.559877  0.885826  0.503132  0.649849  0.676635 0.0  0.341655  0.782331  0.587991  0.568437  0.472237  0.727499  0.750076  0.653860  0.804862  0.553576  0.425011  0.787590  0.695131  0.789445  0.755770  0.906908  0.619187  0.487323  0.810708  0.513923  0.596793  0.765169  0.638185  0.883864  0.694450 
20  0.864731  0.484412  0.732098  0.930384  0.671942  0.907681  0.715192  0.718635  0.619539  0.625761  0.508693  0.710919  0.688709  0.750676  0.556868  0.719392  0.571875  0.485002  0.609084  0.341655 0.0  0.641617  0.599280  0.659426  0.655547  0.820708  0.687264  0.512453  0.762032  0.601346  0.588558  0.691613  0.706296  0.847893  0.723385  0.774721  0.643931  0.304406  0.639844  0.336289  0.510575  0.619216  0.692817  0.756989  0.748124 
21  0.556049  0.697046  0.587704  0.597888  0.715332  0.670036  0.577533  0.531956  0.690447  0.773778  0.721779  0.403780  0.703589  0.562642  0.774612  0.572216  0.782305  0.665794  0.850808  0.782331  0.641617 0.0  0.593692  0.649653  0.632222  0.520100  0.604652  0.691593  0.557427  0.736489  0.714135  0.470646  0.611237  0.742195  0.477623  0.760250  0.723168  0.674358  0.606521  0.670690  0.702636  0.559090  0.664981  0.539150  0.523636 
22  0.710474  0.749621  0.547908  0.816512  0.521833  0.818286  0.776744  0.608203  0.526988  0.692717  0.499448  0.606128  0.729429  0.438742  0.757207  0.705812  0.710410  0.704687  0.753712  0.587991  0.599280  0.593692 0.0  0.470316  0.401231  0.705848  0.841655  0.645508  0.714905  0.586675  0.754996  0.679883  0.528926  0.613683  0.640287  0.763546  0.636439  0.596359  0.381981  0.686904  0.557215  0.611238  0.348650  0.764545  0.682469 
23  0.649545  0.657093  0.577930  0.665918  0.566825  0.846250  0.752293  0.671893  0.639670  0.656748  0.598704  0.582233  0.751424  0.519829  0.685049  0.665737  0.642494  0.791613  0.786217  0.568437  0.659426  0.649653  0.470316 0.0  0.426397  0.626360  0.852317  0.699281  0.793650  0.671650  0.572817  0.674789  0.579031  0.782283  0.666113  0.850871  0.697294  0.550451  0.489960  0.675784  0.600406  0.674904  0.427703  0.559145  0.599638 
24  0.719943  0.681712  0.425473  0.802825  0.530786  0.799248  0.726578  0.513728  0.499797  0.726256  0.670940  0.579199  0.798068  0.470433  0.524807  0.738454  0.684274  0.669393  0.777959  0.472237  0.655547  0.632222  0.401231  0.426397 0.0  0.671881  0.806752  0.689447  0.697820  0.719510  0.707714  0.593418  0.512536  0.702322  0.638998  0.823948  0.633033  0.644757  0.447158  0.658343  0.603713  0.446262  0.310041  0.622795  0.540380 
25  0.428644  0.696771  0.674476  0.601908  0.894081  0.539312  0.661051  0.463568  0.783303  0.783032  0.859611  0.570887  0.795751  0.477800  0.691655  0.476961  0.719958  0.834029  0.807920  0.727499  0.820708  0.520100  0.705848  0.626360  0.671881 0.0  0.675113  0.696968  0.466187  0.752725  0.749783  0.650961  0.574695  0.627266  0.443779  0.722852  0.717740  0.880586  0.657662  0.863704  0.723289  0.669580  0.617923  0.668980  0.553102 
26  0.766079  0.606002  0.803816  0.628634  0.581946  0.850947  0.689577  0.719033  0.768431  0.607408  0.599261  0.634794  0.747522  0.612824  0.573473  0.715166  0.538436  0.668870  0.675938  0.750076  0.687264  0.604652  0.841655  0.852317  0.806752  0.675113 0.0  0.558504  0.651678  0.661508  0.657606  0.788750  0.714090  0.799045  0.764399  0.618421  0.660778  0.607820  0.875186  0.548672  0.675182  0.605152  0.655757  0.729056  0.554174 
27  0.687537  0.312967  0.541558  0.841024  0.463733  0.667908  0.836271  0.890947  0.475920  0.308686  0.613066  0.764124  0.751073  0.678059  0.520414  0.692168  0.597058  0.468894  0.738494  0.653860  0.512453  0.691593  0.645508  0.699281  0.689447  0.696968  0.558504 0.0  0.671132  0.512852  0.536479  0.769580  0.881075  0.773588  0.797981  0.820745  0.536023  0.295593  0.727621  0.421303  0.448802  0.739822  0.689836  0.730093  0.829844 
28  0.564738  0.722538  0.629258  0.644661  0.812897  0.578148  0.568847  0.463908  0.754212  0.822771  0.843295  0.583919  0.773644  0.572512  0.864689  0.463630  0.732928  0.769109  0.822930  0.804862  0.762032  0.557427  0.714905  0.793650  0.697820  0.466187  0.651678  0.671132 0.0  0.817715  0.750711  0.718122  0.577514  0.657229  0.608824  0.664838  0.787598  0.859229  0.663697  0.825156  0.837695  0.680807  0.687742  0.586833  0.576857 
29  0.770095  0.467225  0.774177  0.691345  0.601835  0.782806  0.718803  0.713763  0.629341  0.540103  0.719359  0.853793  0.618850  0.772957  0.741528  0.786248  0.674709  0.612125  0.592878  0.553576  0.601346  0.736489  0.586675  0.671650  0.719510  0.752725  0.661508  0.512852  0.817715 0.0  0.522605  0.615369  0.680981  0.434393  0.834002  0.609746  0.596984  0.585875  0.605357  0.617101  0.509209  0.609410  0.713766  0.639456  0.744278 
30  0.772861  0.566503  0.489998  0.943775  0.462726  0.905798  0.918072  0.750799  0.371168  0.563951  0.472737  0.810097  0.704040  0.686734  0.457740  0.733357  0.266923  0.551201  0.680931  0.425011  0.588558  0.714135  0.754996  0.572817  0.707714  0.749783  0.657606  0.536479  0.750711  0.522605 0.0  0.698711  0.702122  0.863968  0.793815  0.766862  0.509836  0.569303  0.568021  0.608113  0.604163  0.593674  0.619933  0.782354  0.720834 
31  0.780075  0.812475  0.782494  0.512969  0.818814  0.856401  0.444560  0.418819  0.785113  0.785602  0.699725  0.678428  0.520780  0.581171  0.753973  0.640183  0.781196  0.863077  0.786080  0.787590  0.691613  0.470646  0.679883  0.674789  0.593418  0.650961  0.788750  0.769580  0.718122  0.615369  0.698711 0.0  0.579481  0.570190  0.653932  0.689023  0.737745  0.580211  0.576132  0.675168  0.778144  0.628036  0.650124  0.555526  0.571476 
32  0.682184  0.736430  0.657819  0.599421  0.783967  0.718421  0.593084  0.591078  0.693621  0.868817  0.762134  0.566486  0.637148  0.640612  0.826698  0.545192  0.652014  0.826024  0.744783  0.695131  0.706296  0.611237  0.528926  0.579031  0.512536  0.574695  0.714090  0.881075  0.577514  0.680981  0.702122  0.579481 0.0  0.722657  0.696542  0.744283  0.791727  0.618893  0.543885  0.712340  0.678464  0.605967  0.637946  0.562679  0.603035 
33  0.668831  0.811996  0.760403  0.425046  0.749377  0.815795  0.429674  0.695908  0.879099  0.702794  0.869446  0.532952  0.626008  0.642725  0.853763  0.729147  0.731448  0.752242  0.544916  0.789445  0.847893  0.742195  0.613683  0.782283  0.702322  0.627266  0.799045  0.773588  0.657229  0.434393  0.863968  0.570190  0.722657 0.0  0.654412  0.513684  0.954223  0.869120  0.737054  0.855370  0.786873  0.608676  0.671512  0.514056  0.610516 
34  0.316494  0.771181  0.623399  0.541874  0.812498  0.505631  0.610907  0.471433  0.758209  0.724500  0.734385  0.580307  0.900256  0.665851  0.804989  0.451462  0.795131  0.747804  0.838964  0.755770  0.723385  0.477623  0.640287  0.666113  0.638998  0.443779  0.764399  0.797981  0.608824  0.834002  0.793815  0.653932  0.696542  0.654412 0.0  0.727521  0.878492  0.879937  0.669183  0.810478  0.802066  0.617998  0.769153  0.587716  0.572047 
35  0.810698  0.900982  0.908458  0.581687  0.876949  0.644005  0.549349  0.718026  0.800017  0.689846  0.811473  0.707838  0.465915  0.829410  0.811074  0.792878  0.774991  0.631794  0.690076  0.906908  0.774721  0.760250  0.763546  0.850871  0.823948  0.722852  0.618421  0.820745  0.664838  0.609746  0.766862  0.689023  0.744283  0.513684  0.727521 0.0  0.779138  0.872753  0.740211  0.806738  0.802215  0.672690  0.749456  0.717731  0.715958 
36  0.703525  0.489394  0.497717  0.726789  0.420618  0.749143  0.833077  0.751206  0.395686  0.636856  0.550896  0.788828  0.749749  0.630872  0.389568  0.736057  0.284062  0.451095  0.656229  0.619187  0.643931  0.723168  0.636439  0.697294  0.633033  0.717740  0.660778  0.536023  0.787598  0.596984  0.509836  0.737745  0.791727  0.954223  0.878492  0.779138 0.0  0.546605  0.648926  0.564452  0.518558  0.803054  0.460933  0.786666  0.720453 
37  0.780446  0.442556  0.716930  0.800219  0.577011  0.811179  0.825006  0.689729  0.588277  0.432461  0.556640  0.668095  0.677787  0.657282  0.547996  0.760616  0.485359  0.490836  0.698056  0.487323  0.304406  0.674358  0.596359  0.550451  0.644757  0.880586  0.607820  0.295593  0.859229  0.585875  0.569303  0.580211  0.618893  0.869120  0.879937  0.872753  0.546605 0.0  0.785115  0.466475  0.501051  0.609473  0.794328  0.881943  0.731090 
38  0.616939  0.622613  0.596532  0.778131  0.643822  1.000000  0.607381  0.645504  0.662121  0.671852  0.582191  0.620257  0.782687  0.399195  0.726289  0.683657  0.656421  0.709458  0.877687  0.810708  0.639844  0.606521  0.381981  0.489960  0.447158  0.657662  0.875186  0.727621  0.663697  0.605357  0.568021  0.576132  0.543885  0.737054  0.669183  0.740211  0.648926  0.785115 0.0  0.661559  0.694702  0.541436  0.505951  0.611277  0.608765 
39  0.771284  0.335860  0.753117  0.863100  0.532975  0.849570  0.743542  0.692455  0.602480  0.534961  0.490889  0.716133  0.737767  0.702878  0.605364  0.886750  0.628219  0.484120  0.682153  0.513923  0.336289  0.670690  0.686904  0.675784  0.658343  0.863704  0.548672  0.421303  0.825156  0.617101  0.608113  0.675168  0.712340  0.855370  0.810478  0.806738  0.564452  0.466475  0.661559 0.0  0.478607  0.652430  0.690684  0.776292  0.711859 
40  0.775045  0.509558  0.805481  0.751836  0.498679  0.782873  0.722685  0.700563  0.516698  0.525940  0.491573  0.696889  0.715789  0.631786  0.601546  0.730837  0.472173  0.496255  0.687169  0.596793  0.510575  0.702636  0.557215  0.600406  0.603713  0.723289  0.675182  0.448802  0.837695  0.509209  0.604163  0.778144  0.678464  0.786873  0.802066  0.802215  0.518558  0.501051  0.694702  0.478607 0.0  0.638879  0.650631  0.744419  0.716927 
41  0.556439  0.822786  0.660020  0.548963  0.731320  0.827256  0.644090  0.668637  0.794941  0.735561  0.747997  0.603584  0.655738  0.552930  0.809638  0.597990  0.680077  0.751725  0.783949  0.765169  0.619216  0.559090  0.611238  0.674904  0.446262  0.669580  0.605152  0.739822  0.680807  0.609410  0.593674  0.628036  0.605967  0.608676  0.617998  0.672690  0.803054  0.609473  0.541436  0.652430  0.638879 0.0  0.608495  0.644548  0.531786 
42  0.663712  0.717647  0.461026  0.763160  0.462475  0.827616  0.693093  0.664827  0.447205  0.755856  0.622433  0.672884  0.817796  0.426672  0.628441  0.698024  0.651340  0.683822  0.742178  0.638185  0.692817  0.664981  0.348650  0.427703  0.310041  0.617923  0.655757  0.689836  0.687742  0.713766  0.619933  0.650124  0.637946  0.671512  0.769153  0.749456  0.460933  0.794328  0.505951  0.690684  0.650631  0.608495 0.0  0.660270  0.636815 
43  0.651048  0.670655  0.584594  0.620098  0.748546  0.632189  0.437227  0.621455  0.708349  0.805455  0.838880  0.550293  0.642663  0.523581  0.682061  0.592417  0.788173  0.782727  0.661437  0.883864  0.756989  0.539150  0.764545  0.559145  0.622795  0.668980  0.729056  0.730093  0.586833  0.639456  0.782354  0.555526  0.562679  0.514056  0.587716  0.717731  0.786666  0.881943  0.611277  0.776292  0.744419  0.644548  0.660270 0.0  0.649480 
44  0.702553  0.751743  0.648489  0.595940  0.669899  0.815038  0.591610  0.593400  0.705209  0.737326  0.767463  0.440692  0.786660  0.562523  0.788321  0.606575  0.760315  0.709235  0.700548  0.694450  0.748124  0.523636  0.682469  0.599638  0.540380  0.553102  0.554174  0.829844  0.576857  0.744278  0.720834  0.571476  0.603035  0.610516  0.572047  0.715958  0.720453  0.731090  0.608765  0.711859  0.716927  0.531786  0.636815  0.649480 0.0 
