45
0 0.0  0.494027  0.688961  0.818840  0.493114  0.830128  0.906693  0.683430  0.633089  0.618200  0.989588  0.506117  0.868724  0.579498  0.808932  0.449200  0.572132  0.436202  0.469809  0.874357  0.866201  0.507618  0.803721  0.359800  0.662840  0.396924  0.853562  0.398022  0.848390  0.695430  0.572705  0.806024  0.701468  0.887721  0.451907  0.681961  0.549910  0.623220  0.769757  0.793472  0.691379  0.751846  0.707220  0.872842  0.576763 
1  0.494027 0.0  0.903141  0.771860  0.561524  0.700731  0.774735  0.769287  0.529831  0.694481  0.805258  0.736023  0.716271  0.769829  0.682588  0.575207  0.622385  0.370682  0.608878  0.816216  0.648747  0.464079  0.770928  0.411988  0.753980  0.477841  0.735892  0.550726  0.650497  0.731280  0.489287  0.673314  0.504344  0.759904  0.399197  0.764350  0.479175  0.529395  0.727677  0.793709  0.699852  0.619479  0.670728  0.792277  0.548029 
2  0.688961  0.903141 0.0  0.813132  0.959720  0.884225  0.927879  0.691039  0.929443  0.698174  0.711949  0.670888  0.828340  0.663961  0.795705  0.676805  0.880086  0.690163  0.693987  0.806728  0.756193  0.744061  0.863979  0.727630  0.810996  0.751869  0.880025  0.970176  0.901530  0.703429  0.902346  0.938811  0.759493  0.881198  0.783680  0.846841  0.574457  0.817153  0.820838  0.715420  0.772421  0.812064  0.685895  0.755377  0.854722 
3  0.818840  0.771860  0.813132 0.0  0.672101  0.471560  0.840696  0.856618  0.605775  0.741582  0.339580  0.705334  0.564993  0.879478  0.602497  0.753759  0.739914  0.841512  0.941163  0.592608  0.660977  0.741596  0.476994  0.856369  0.624113  0.815941  0.671917  0.739960  0.522404  0.741024  0.716137  0.636783  0.697679  0.454008  0.748020  0.706899  0.784483  0.678904  0.667027  0.893265  0.845994  0.700485  0.748124  0.560999  0.699842 
4  0.493114  0.561524  0.959720  0.672101 0.0  0.709088  0.870733  0.866564  0.442178  0.849083  0.750738  0.657486  0.758349  0.739899  0.822132  0.733747  0.491958  0.615140  0.566668  0.658075  0.806361  0.717837  0.689935  0.547701  0.679348  0.654365  0.701652  0.401644  0.554142  0.690519  0.229072  0.753172  0.497541  0.765749  0.527215  0.710213  0.661488  0.452782  0.710066  0.879574  0.948779  0.760202  0.625136  0.724466  0.552015 
5  0.830128  0.700731  0.884225  0.471560  0.709088 0.0  0.753625  0.632096  0.714418  0.777049  0.464382  0.883800  0.558567  0.694286  0.614980  0.709806  0.795388  0.805225  0.842571  0.638154  0.632489  0.741286  0.473038  0.909486  0.632209  0.850883  0.677639  0.682626  0.588962  0.718286  0.644917  0.680785  0.704253  0.411755  0.716926  0.647758  0.789926  0.676591  0.531728  0.812342  0.801981  0.647295  0.734798  0.506553  0.638532 
6  0.906693  0.774735  0.927879  0.840696  0.870733  0.753625 0.0  0.483580  0.763995  0.861377  0.662332  0.735654  0.647279  0.743000  0.854762  0.748926  0.615671  0.854382  0.770062  0.781600  0.742960  0.791869  0.662180  0.864320  0.678754  0.918174  0.868617  0.850979  0.749903  0.821925  0.897823  0.694155  0.920019  0.584554  0.742475  0.742999  0.913122  0.705278  0.763391  0.705986  0.705956  0.751899  0.804494  0.778200  0.773883 
7  0.683430  0.769287  0.691039  0.856618  0.866564  0.632096  0.483580 0.0  0.810703  0.682365  0.651071  0.608247  0.597482  0.617734  0.808946  0.633122  0.674110  0.697438  0.590100  0.769485  0.754457  0.666809  0.681164  0.790400  0.727893  0.798315  0.744378  0.875001  0.665834  0.763779  0.726038  0.811416  0.845309  0.634625  0.912363  0.773056  0.631900  0.800690  0.515210  0.858194  0.575071  0.748396  0.626209  0.712962  0.721406 
8  0.633089  0.529831  0.929443  0.605775  0.442178  0.714418  0.763995  0.810703 0.0  0.604723  0.606829  0.748756  0.691339  0.697161  0.615356  0.661990  0.549323  0.692759  0.589694  0.658601  0.565013  0.578093  0.665015  0.665179  0.637546  0.678680  0.586483  0.476668  0.485785  0.675652  0.436814  0.723298  0.411938  0.707386  0.474375  0.604160  0.710099  0.398520  0.770793  0.846397  0.899775  0.662480  0.696008  0.687194  0.383372 
9  0.618200  0.694481  0.698174  0.741582  0.849083  0.777049  0.861377  0.682365  0.604723 0.0  0.826240  0.367872  0.873663  0.350029  0.715894  0.566337  0.408579  0.607033  0.625803  0.772982  0.858942  0.548741  0.848159  0.622167  0.754140  0.552523  0.860822  0.738643  0.667906  0.832941  0.652610  0.864189  0.656669  0.775970  0.663562  0.806529  0.569360  0.735686  0.585338  0.851159  0.713062  0.676860  0.409465  0.904621  0.612330 
10  0.989588  0.805258  0.711949  0.339580  0.750738  0.464382  0.662332  0.651071  0.606829  0.826240 0.0  0.894503  0.518715  0.891422  0.719635  0.822504  0.847408  0.825255  0.829591  0.677348  0.538700  0.770644  0.436948  0.860541  0.620696  0.944412  0.710846  0.650104  0.681009  0.824958  0.803114  0.620682  0.649730  0.308204  0.823257  0.739466  0.767255  0.752036  0.573316  0.729296  0.704869  0.581686  0.810866  0.454240  0.647206 
11  0.506117  0.736023  0.670888  0.705334  0.657486  0.883800  0.735654  0.608247  0.748756  0.367872  0.894503 0.0  0.822260  0.207905  0.740134  0.467221  0.484869  0.521366  0.555173  0.869052  0.852929  0.582327  0.799153  0.609023  0.723385  0.582069  0.797683  0.693582  0.763038  0.843886  0.632027  0.772364  0.731995  0.835056  0.613122  0.750153  0.535933  0.621643  0.562248  0.818580  0.582440  0.753215  0.534819  0.747346  0.695028 
12  0.868724  0.716271  0.828340  0.564993  0.758349  0.558567  0.647279  0.597482  0.691339  0.873663  0.518715  0.822260 0.0  0.802772  0.708822  0.846825  0.828838  0.874250  0.749864  0.541661  0.626015  0.811203  0.415911  0.851174  0.612598  0.897082  0.657938  0.606632  0.650923  0.681489  0.709964  0.533797  0.725814  0.537353  0.874043  0.664257  0.774326  0.670898  0.728659  0.822717  0.617560  0.635016  0.801129  0.566901  0.604151 
13  0.579498  0.769829  0.663961  0.879478  0.739899  0.694286  0.743000  0.617734  0.697161  0.350029  0.891422  0.207905  0.802772 0.0  0.783426  0.499517  0.369649  0.614379  0.540540  0.821344  0.863255  0.673984  0.778718  0.582803  0.796610  0.501882  0.872996  0.748749  0.723654  0.627984  0.757757  0.743829  0.788241  0.829370  0.674686  0.682438  0.509212  0.732607  0.582723  0.783222  0.760000  0.749980  0.416166  0.769893  0.612020 
14  0.808932  0.682588  0.795705  0.602497  0.822132  0.614980  0.854762  0.808946  0.615356  0.715894  0.719635  0.740134  0.708822  0.783426 0.0  0.864331  0.622800  0.803311  0.974291  0.769385  0.690613  0.840593  0.590724  0.777982  0.557381  0.751989  0.673007  0.698543  0.518861  0.658142  0.643795  0.674233  0.654713  0.578533  0.725469  0.669187  0.764814  0.704781  0.784994  0.665560  0.815498  0.656963  0.673752  0.505430  0.685281 
15  0.449200  0.575207  0.676805  0.753759  0.733747  0.709806  0.748926  0.633122  0.661990  0.566337  0.822504  0.467221  0.846825  0.499517  0.864331 0.0  0.598700  0.369799  0.555566  0.664039  0.760812  0.424495  0.889209  0.511221  0.753205  0.443168  0.805471  0.655269  0.794657  0.784257  0.631409  0.836139  0.669999  0.754586  0.588241  0.683773  0.357397  0.646027  0.662761  0.730232  0.692411  0.687645  0.549789  0.706160  0.624888 
16  0.572132  0.622385  0.880086  0.739914  0.491958  0.795388  0.615671  0.674110  0.549323  0.408579  0.847408  0.484869  0.828838  0.369649  0.622800  0.598700 0.0  0.640776  0.812867  0.715843  0.649114  0.595422  0.766305  0.796679  0.674625  0.643577  0.684123  0.661694  0.661118  0.845339  0.504621  0.739198  0.530014  0.757028  0.541515  0.783863  0.603790  0.727886  0.531499  0.770880  0.784146  0.775101  0.436019  0.739923  0.626599 
17  0.436202  0.370682  0.690163  0.841512  0.615140  0.805225  0.854382  0.697438  0.692759  0.607033  0.825255  0.521366  0.874250  0.614379  0.803311  0.369799  0.640776 0.0  0.448762  0.785243  0.815927  0.372305  0.972870  0.476974  0.830621  0.538474  0.861439  0.474300  0.702537  0.848947  0.608713  0.790832  0.733206  0.772092  0.580653  0.715233  0.575922  0.602601  0.649363  0.748338  0.607718  0.723372  0.529080  0.718418  0.633979 
18  0.469809  0.608878  0.693987  0.941163  0.566668  0.842571  0.770062  0.590100  0.589694  0.625803  0.829591  0.555173  0.749864  0.540540  0.974291  0.555566  0.812867  0.448762 0.0  0.738828  0.724992  0.568703  0.827628  0.695465  0.813385  0.295087  0.825490  0.618349  0.751437  0.882587  0.734283  0.811548  0.644014  0.769326  0.449130  0.815531  0.457523  0.456028  0.762348  1.000000  0.663102  0.688449  0.647647  0.946828  0.578174 
19  0.874357  0.816216  0.806728  0.592608  0.658075  0.638154  0.781600  0.769485  0.658601  0.772982  0.677348  0.869052  0.541661  0.821344  0.769385  0.664039  0.715843  0.785243  0.738828 0.0  0.668243  0.894314  0.600826  0.877069  0.625530  0.817286  0.676423  0.744924  0.694470  0.707348  0.642285  0.642006  0.681855  0.592874  0.824724  0.492923  0.935206  0.653784  0.733130  0.683569  0.745223  0.646542  0.743483  0.641798  0.671940 
20  0.866201  0.648747  0.756193  0.660977  0.806361  0.632489  0.742960  0.754457  0.565013  0.858942  0.538700  0.852929  0.626015  0.863255  0.690613  0.760812  0.649114  0.815927  0.724992  0.668243 0.0  0.817527  0.376099  0.849071  0.520151  0.742795  0.651471  0.625219  0.498931  0.660201  0.642258  0.532586  0.650724  0.525993  0.708668  0.647750  0.830099  0.671277  0.897488  0.802266  0.588631  0.594129  0.818258  0.620833  0.653549 
21  0.507618  0.464079  0.744061  0.741596  0.717837  0.741286  0.791869  0.666809  0.578093  0.548741  0.770644  0.582327  0.811203  0.673984  0.840593  0.424495  0.595422  0.372305  0.568703  0.894314  0.817527 0.0  0.820775  0.322947  0.781226  0.639819  0.677961  0.571661  0.728504  0.815690  0.647104  0.798843  0.637276  0.979579  0.614231  0.745833  0.457762  0.586324  0.622531  0.744937  0.692538  0.636386  0.571051  0.739435  0.703774 
22  0.803721  0.770928  0.863979  0.476994  0.689935  0.473038  0.662180  0.681164  0.665015  0.848159  0.436948  0.799153  0.415911  0.778718  0.590724  0.889209  0.766305  0.972870  0.827628  0.600826  0.376099  0.820775 0.0  0.797376  0.506084  0.906926  0.617242  0.670349  0.710523  0.692412  0.756260  0.586706  0.759423  0.461803  0.791826  0.613060  0.772081  0.709521  0.627649  0.743166  0.717175  0.651912  0.845793  0.550900  0.745186 
23  0.359800  0.411988  0.727630  0.856369  0.547701  0.909486  0.864320  0.790400  0.665179  0.622167  0.860541  0.609023  0.851174  0.582803  0.777982  0.511221  0.796679  0.476974  0.695465  0.877069  0.849071  0.322947  0.797376 0.0  0.870734  0.325580  0.880660  0.577151  0.772534  0.820239  0.707902  0.858087  0.805473  0.979723  0.646888  0.768790  0.487736  0.683844  0.680950  0.680060  0.715907  0.608685  0.646975  0.724761  0.582486 
24  0.662840  0.753980  0.810996  0.624113  0.679348  0.632209  0.678754  0.727893  0.637546  0.754140  0.620696  0.723385  0.612598  0.796610  0.557381  0.753205  0.674625  0.830621  0.813385  0.625530  0.520151  0.781226  0.506084  0.870734 0.0  0.932595  0.528008  0.651399  0.571494  0.614083  0.604304  0.360254  0.601612  0.674530  0.671830  0.601373  0.769625  0.659850  0.845264  0.790173  0.536252  0.644401  0.777567  0.567885  0.544355 
25  0.396924  0.477841  0.751869  0.815941  0.654365  0.850883  0.918174  0.798315  0.678680  0.552523  0.944412  0.582069  0.897082  0.501882  0.751989  0.443168  0.643577  0.538474  0.295087  0.817286  0.742795  0.639819  0.906926  0.325580  0.932595 0.0  0.736666  0.614746  0.821498  0.794880  0.583386  0.829217  0.751979  0.873114  0.542543  0.655989  0.551336  0.602779  0.637148  0.727733  0.665338  0.665232  0.575461  0.757822  0.642944 
26  0.853562  0.735892  0.880025  0.671917  0.701652  0.677639  0.868617  0.744378  0.586483  0.860822  0.710846  0.797683  0.657938  0.872996  0.673007  0.805471  0.684123  0.861439  0.825490  0.676423  0.651471  0.677961  0.617242  0.880660  0.528008  0.736666 0.0  0.773985  0.594286  0.446319  0.758376  0.633771  0.758109  0.580060  0.732206  0.571864  0.790714  0.728725  0.753314  0.513307  0.713334  0.650469  0.764897  0.547086  0.693772 
27  0.398022  0.550726  0.970176  0.739960  0.401644  0.682626  0.850979  0.875001  0.476668  0.738643  0.650104  0.693582  0.606632  0.748749  0.698543  0.655269  0.661694  0.474300  0.618349  0.744924  0.625219  0.571661  0.670349  0.577151  0.651399  0.614746  0.773985 0.0  0.617556  0.734118  0.363667  0.656028  0.500942  0.582900  0.498680  0.772054  0.571003  0.301152  0.674746  0.890279  0.765594  0.740473  0.668901  0.690243  0.485616 
28  0.848390  0.650497  0.901530  0.522404  0.554142  0.588962  0.749903  0.665834  0.485785  0.667906  0.681009  0.763038  0.650923  0.723654  0.518861  0.794657  0.661118  0.702537  0.751437  0.694470  0.498931  0.728504  0.710523  0.772534  0.571494  0.821498  0.594286  0.617556 0.0  0.697155  0.482060  0.655277  0.624699  0.701325  0.615953  0.744359  0.757714  0.574283  0.590793  0.955871  0.689943  0.607737  0.750207  0.609219  0.641778 
29  0.695430  0.731280  0.703429  0.741024  0.690519  0.718286  0.821925  0.763779  0.675652  0.832941  0.824958  0.843886  0.681489  0.627984  0.658142  0.784257  0.845339  0.848947  0.882587  0.707348  0.660201  0.815690  0.692412  0.820239  0.614083  0.794880  0.446319  0.734118  0.697155 0.0  0.804942  0.736029  0.748302  0.698608  0.740135  0.560116  0.831268  0.644949  0.855654  0.598383  0.755595  0.749296  0.875705  0.541414  0.800997 
30  0.572705  0.489287  0.902346  0.716137  0.229072  0.644917  0.897823  0.726038  0.436814  0.652610  0.803114  0.632027  0.709964  0.757757  0.643795  0.631409  0.504621  0.608713  0.734283  0.642285  0.642258  0.647104  0.756260  0.707902  0.604304  0.583386  0.758376  0.363667  0.482060  0.804942 0.0  0.716641  0.481306  0.708792  0.655550  0.764734  0.683430  0.399765  0.687118  0.996955  0.713927  0.624748  0.675195  0.796473  0.351730 
31  0.806024  0.673314  0.938811  0.636783  0.753172  0.680785  0.694155  0.811416  0.723298  0.864189  0.620682  0.772364  0.533797  0.743829  0.674233  0.836139  0.739198  0.790832  0.811548  0.642006  0.532586  0.798843  0.586706  0.858087  0.360254  0.829217  0.633771  0.656028  0.655277  0.736029  0.716641 0.0  0.508709  0.562525  0.841230  0.610552  0.765290  0.618762  0.766767  0.838535  0.606145  0.453686  0.741617  0.664733  0.495758 
32  0.701468  0.504344  0.759493  0.697679  0.497541  0.704253  0.920019  0.845309  0.411938  0.656669  0.649730  0.731995  0.725814  0.788241  0.654713  0.669999  0.530014  0.733206  0.644014  0.681855  0.650724  0.637276  0.759423  0.805473  0.601612  0.751979  0.758109  0.500942  0.624699  0.748302  0.481306  0.508709 0.0  0.615382  0.608998  0.636976  0.606981  0.594239  0.722331  0.871364  0.904785  0.725909  0.543502  0.686630  0.464433 
33  0.887721  0.759904  0.881198  0.454008  0.765749  0.411755  0.584554  0.634625  0.707386  0.775970  0.308204  0.835056  0.537353  0.829370  0.578533  0.754586  0.757028  0.772092  0.769326  0.592874  0.525993  0.979579  0.461803  0.979723  0.674530  0.873114  0.580060  0.582900  0.701325  0.698608  0.708792  0.562525  0.615382 0.0  0.897865  0.522612  0.875692  0.743259  0.651079  0.845717  0.653459  0.836287  0.770865  0.509296  0.658968 
34  0.451907  0.399197  0.783680  0.748020  0.527215  0.716926  0.742475  0.912363  0.474375  0.663562  0.823257  0.613122  0.874043  0.674686  0.725469  0.588241  0.541515  0.580653  0.449130  0.824724  0.708668  0.614231  0.791826  0.646888  0.671830  0.542543  0.732206  0.498680  0.615953  0.740135  0.655550  0.841230  0.608998  0.897865 0.0  0.751542  0.594378  0.419489  0.725840  0.943618  0.807160  0.798696  0.633817  0.690130  0.658138 
35  0.681961  0.764350  0.846841  0.706899  0.710213  0.647758  0.742999  0.773056  0.604160  0.806529  0.739466  0.750153  0.664257  0.682438  0.669187  0.683773  0.783863  0.715233  0.815531  0.492923  0.647750  0.745833  0.613060  0.768790  0.601373  0.655989  0.571864  0.772054  0.744359  0.560116  0.764734  0.610552  0.636976  0.522612  0.751542 0.0  0.826521  0.578883  0.903033  0.663456  0.861299  0.711742  0.798377  0.457253  0.556679 
36  0.549910  0.479175  0.574457  0.784483  0.661488  0.789926  0.913122  0.631900  0.710099  0.569360  0.767255  0.535933  0.774326  0.509212  0.764814  0.357397  0.603790  0.575922  0.457523  0.935206  0.830099  0.457762  0.772081  0.487736  0.769625  0.551336  0.790714  0.571003  0.757714  0.831268  0.683430  0.765290  0.606981  0.875692  0.594378  0.826521 0.0  0.646876  0.573700  0.784273  0.601313  0.689037  0.567148  0.710395  0.690648 
37  0.623220  0.529395  0.817153  0.678904  0.452782  0.676591  0.705278  0.800690  0.398520  0.735686  0.752036  0.621643  0.670898  0.732607  0.704781  0.646027  0.727886  0.602601  0.456028  0.653784  0.671277  0.586324  0.709521  0.683844  0.659850  0.602779  0.728725  0.301152  0.574283  0.644949  0.399765  0.618762  0.594239  0.743259  0.419489  0.578883  0.646876 0.0  0.706663  0.756168  0.776961  0.756694  0.729776  0.573393  0.429823 
38  0.769757  0.727677  0.820838  0.667027  0.710066  0.531728  0.763391  0.515210  0.770793  0.585338  0.573316  0.562248  0.728659  0.582723  0.784994  0.662761  0.531499  0.649363  0.762348  0.733130  0.897488  0.622531  0.627649  0.680950  0.845264  0.637148  0.753314  0.674746  0.590793  0.855654  0.687118  0.766767  0.722331  0.651079  0.725840  0.903033  0.573700  0.706663 0.0  0.794453  0.770042  0.618434  0.508313  0.699038  0.818777 
39  0.793472  0.793709  0.715420  0.893265  0.879574  0.812342  0.705986  0.858194  0.846397  0.851159  0.729296  0.818580  0.822717  0.783222  0.665560  0.730232  0.770880  0.748338  1.000000  0.683569  0.802266  0.744937  0.743166  0.680060  0.790173  0.727733  0.513307  0.890279  0.955871  0.598383  0.996955  0.838535  0.871364  0.845717  0.943618  0.663456  0.784273  0.756168  0.794453 0.0  0.743819  0.778120  0.786727  0.864166  0.660651 
40  0.691379  0.699852  0.772421  0.845994  0.948779  0.801981  0.705956  0.575071  0.899775  0.713062  0.704869  0.582440  0.617560  0.760000  0.815498  0.692411  0.784146  0.607718  0.663102  0.745223  0.588631  0.692538  0.717175  0.715907  0.536252  0.665338  0.713334  0.765594  0.689943  0.755595  0.713927  0.606145  0.904785  0.653459  0.807160  0.861299  0.601313  0.776961  0.770042  0.743819 0.0  0.406668  0.684647  0.750736  0.806727 
41  0.751846  0.619479  0.812064  0.700485  0.760202  0.647295  0.751899  0.748396  0.662480  0.676860  0.581686  0.753215  0.635016  0.749980  0.656963  0.687645  0.775101  0.723372  0.688449  0.646542  0.594129  0.636386  0.651912  0.608685  0.644401  0.665232  0.650469  0.740473  0.607737  0.749296  0.624748  0.453686  0.725909  0.836287  0.798696  0.711742  0.689037  0.756694  0.618434  0.778120  0.406668 0.0  0.742003  0.658362  0.507837 
42  0.707220  0.670728  0.685895  0.748124  0.625136  0.734798  0.804494  0.626209  0.696008  0.409465  0.810866  0.534819  0.801129  0.416166  0.673752  0.549789  0.436019  0.529080  0.647647  0.743483  0.818258  0.571051  0.845793  0.646975  0.777567  0.575461  0.764897  0.668901  0.750207  0.875705  0.675195  0.741617  0.543502  0.770865  0.633817  0.798377  0.567148  0.729776  0.508313  0.786727  0.684647  0.742003 0.0  0.808693  0.730999 
43  0.872842  0.792277  0.755377  0.560999  0.724466  0.506553  0.778200  0.712962  0.687194  0.904621  0.454240  0.747346  0.566901  0.769893  0.505430  0.706160  0.739923  0.718418  0.946828  0.641798  0.620833  0.739435  0.550900  0.724761  0.567885  0.757822  0.547086  0.690243  0.609219  0.541414  0.796473  0.664733  0.686630  0.509296  0.690130  0.457253  0.710395  0.573393  0.699038  0.864166  0.750736  0.658362  0.808693 0.0  0.629328 
44  0.576763  0.548029  0.854722  0.699842  0.552015  0.638532  0.773883  0.721406  0.383372  0.612330  0.647206  0.695028  0.604151  0.612020  0.685281  0.624888  0.626599  0.633979  0.578174  0.671940  0.653549  0.703774  0.745186  0.582486  0.544355  0.642944  0.693772  0.485616  0.641778  0.800997  0.351730  0.495758  0.464433  0.658968  0.658138  0.556679  0.690648  0.429823  0.818777  0.660651  0.806727  0.507837  0.730999  0.629328 0.0 
