45
0 0.0  0.626059  0.585860  0.622717  0.400527  0.647012  0.478499  0.792107  0.820028  0.709226  0.629471  0.703975  0.670161  0.647610  0.703602  0.656997  0.668899  0.700066  0.581486  0.655532  0.508086  0.619238  0.649619  0.521135  0.598041  0.642629  0.824846  0.780285  0.606050  0.648574  0.673602  0.718018  0.740821  0.487492  0.598784  0.504115  0.563579  0.506541  0.754268  0.751183  0.826895  0.722948  0.518244  0.701752  0.710143 
1  0.626059 0.0  0.634455  0.844664  0.885307  0.726800  0.840472  0.512897  0.744097  0.445940  0.689118  0.468177  0.649477  0.617927  0.407789  0.509241  0.465041  0.717502  0.873405  0.667476  0.733295  0.769255  0.720292  0.587750  0.681154  0.817252  0.701208  0.730385  0.729689  0.656789  0.735138  0.504070  0.519215  0.817132  0.684366  0.814328  0.806920  0.609476  0.597059  0.691151  0.610224  0.535691  0.702531  0.778111  0.921152 
2  0.585860  0.634455 0.0  0.680996  0.614505  0.565244  0.655109  0.493357  0.754335  0.480288  0.614285  0.632158  0.630011  0.602207  0.694211  0.414931  0.520251  0.644347  0.706608  0.632041  0.725013  0.776272  0.425763  0.478916  0.500551  0.663507  0.696962  0.682232  0.732647  0.581594  0.611348  0.427508  0.596881  0.725381  0.528106  0.553793  0.648865  0.601214  0.447075  0.759394  0.791553  0.804462  0.733609  0.815166  0.687623 
3  0.622717  0.844664  0.680996 0.0  0.467158  0.651594  0.419917  0.772291  0.746133  0.805755  0.657759  0.747291  0.631986  0.721615  0.851334  0.542772  0.884900  0.572225  0.426633  0.588068  0.664449  0.543609  0.673147  0.647216  0.521421  0.709623  0.795304  0.630096  0.641336  0.571453  0.740818  0.627064  0.877667  0.570562  0.602480  0.503786  0.660345  0.737465  0.719664  0.821384  0.793892  0.690396  0.594354  0.586150  0.731030 
4  0.400527  0.885307  0.614505  0.467158 0.0  0.721411  0.495929  0.831590  0.910751  0.766989  0.641449  0.742064  0.596146  0.689965  0.663251  0.662660  0.829661  0.749793  0.513008  0.537214  0.511614  0.512857  0.715219  0.675352  0.450037  0.711433  0.849937  0.626447  0.500572  0.652875  0.720737  0.685676  0.739868  0.509454  0.743826  0.402852  0.498292  0.612194  0.757105  0.709624  0.873916  0.696901  0.838126  0.637574  0.649214 
5  0.647012  0.726800  0.565244  0.651594  0.721411 0.0  0.633181  0.820891  0.828984  0.825026  0.468529  0.840265  0.690435  0.728433  0.724694  0.771782  0.794988  0.503415  0.635933  0.542273  0.586548  0.832862  0.672309  0.567195  0.476836  0.614237  0.791238  0.661114  0.762643  0.527207  0.585139  0.682554  0.818720  0.643178  0.666683  0.547502  0.587132  0.339360  0.652367  0.697905  0.748539  0.738865  0.458226  0.671068  0.656364 
6  0.478499  0.840472  0.655109  0.419917  0.495929  0.633181 0.0  0.827971  0.727989  0.844422  0.751844  0.755773  0.545883  0.560864  0.846509  0.645824  0.746709  0.585876  0.400899  0.584151  0.614638  0.557019  0.590792  0.615769  0.577306  0.570564  0.749818  0.599294  0.619579  0.721064  0.676656  0.602452  0.960415  0.669512  0.673432  0.554453  0.535179  0.627308  0.660062  0.740538  0.760889  0.665622  0.655046  0.724244  0.710001 
7  0.792107  0.512897  0.493357  0.772291  0.831590  0.820891  0.827971 0.0  0.673680  0.346792  0.894791  0.308519  0.717488  0.681974  0.521619  0.431160  0.564623  0.737247  0.809986  0.710100  0.858043  0.825922  0.555222  0.650936  0.809667  0.768736  0.803778  0.746676  0.848779  0.769982  0.765764  0.437284  0.467350  0.821522  0.732531  0.716596  0.836124  0.680344  0.546203  0.615376  0.530097  0.726300  0.682726  0.660956  0.723813 
8  0.820028  0.744097  0.754335  0.746133  0.910751  0.828984  0.727989  0.673680 0.0  0.706627  0.906340  0.553418  0.728912  0.751295  0.682810  0.880496  0.641659  0.796353  0.855092  0.737937  0.968736  0.867653  0.870494  0.909175  0.845775  0.745278  0.610197  0.799020  0.758105  0.769455  0.756326  0.755861  0.730815  0.845913  0.878267  0.737969  0.749902  0.728176  0.809049  0.584820  0.807110  0.756089  0.761768  0.866437  0.631466 
9  0.709226  0.445940  0.480288  0.805755  0.766989  0.825026  0.844422  0.346792  0.706627 0.0  0.685939  0.451446  0.836315  0.768885  0.504152  0.571658  0.501571  0.802586  0.820622  0.665348  0.923008  0.771137  0.694732  0.630743  0.698131  0.812224  0.763194  0.839007  0.835446  0.882773  0.816308  0.611676  0.356838  0.775674  0.640264  0.904511  0.816397  0.745986  0.464456  0.710628  0.562185  0.641291  0.796923  0.811346  0.670615 
10  0.629471  0.689118  0.614285  0.657759  0.641449  0.468529  0.751844  0.894791  0.906340  0.685939 0.0  0.920830  0.618759  0.610388  0.766304  0.608928  0.767843  0.642926  0.555379  0.555711  0.560883  0.661669  0.620641  0.563017  0.501654  0.604909  0.668979  0.582689  0.840527  0.578419  0.620681  0.687597  0.838595  0.510404  0.716983  0.564635  0.666191  0.485916  0.700472  0.785659  0.798349  0.788092  0.623201  0.700716  0.536273 
11  0.703975  0.468177  0.632158  0.747291  0.742064  0.840265  0.755773  0.308519  0.553418  0.451446  0.920830 0.0  0.696856  0.778846  0.434412  0.619131  0.370456  0.710531  0.841231  0.638617  0.898131  0.846813  0.613517  0.670107  0.708306  0.825312  0.798240  0.815893  0.865295  0.730339  0.662887  0.633687  0.506621  0.796399  0.714367  0.885389  0.841400  0.667158  0.720637  0.626102  0.481656  0.590066  0.885795  0.834270  0.643345 
12  0.670161  0.649477  0.630011  0.631986  0.596146  0.690435  0.545883  0.717488  0.728912  0.836315  0.618759  0.696856 0.0  0.403476  0.899580  0.776713  0.733798  0.517722  0.735563  0.730543  0.669376  0.874788  0.756703  0.690198  0.643117  0.436488  0.608339  0.651133  0.745822  0.435779  0.330333  0.606905  0.744847  0.608620  0.546274  0.625142  0.609625  0.533618  0.773834  0.717533  0.773047  0.984339  0.462068  0.825220  0.712932 
13  0.647610  0.617927  0.602207  0.721615  0.689965  0.728433  0.560864  0.681974  0.751295  0.768885  0.610388  0.778846  0.403476 0.0  0.696426  0.739587  0.657268  0.613289  0.687622  0.826911  0.650530  0.686075  0.737063  0.595934  0.620187  0.360528  0.521258  0.655209  0.815683  0.474019  0.471202  0.724213  0.732513  0.692685  0.565330  0.665332  0.618560  0.641130  0.587772  0.730806  0.744599  0.835237  0.369333  0.788979  0.722420 
14  0.703602  0.407789  0.694211  0.851334  0.663251  0.724694  0.846509  0.521619  0.682810  0.504152  0.766304  0.434412  0.899580  0.696426 0.0  0.659182  0.546780  0.658386  0.849824  0.665316  0.722326  0.750866  0.628308  0.646124  0.623997  0.852417  0.737994  0.806856  0.839838  0.845103  0.889383  0.585809  0.410168  0.957296  0.846267  0.824240  0.698314  0.784547  0.673752  0.624244  0.559132  0.587273  0.774539  0.851725  0.665586 
15  0.656997  0.509241  0.414931  0.542772  0.662660  0.771782  0.645824  0.431160  0.880496  0.571658  0.608928  0.619131  0.776713  0.739587  0.659182 0.0  0.605509  0.524553  0.531615  0.721778  0.722015  0.869256  0.429327  0.388408  0.576098  0.807078  0.735687  0.623250  0.849328  0.703103  0.660833  0.438662  0.530582  0.604745  0.676325  0.588053  0.666536  0.645652  0.530995  0.787079  0.737301  0.583709  0.843948  0.639160  0.808698 
16  0.668899  0.465041  0.520251  0.884900  0.829661  0.794988  0.746709  0.564623  0.641659  0.501571  0.767843  0.370456  0.733798  0.657268  0.546780  0.605509 0.0  0.785013  0.844954  0.620092  0.791230  0.814828  0.595452  0.667580  0.780357  0.871057  0.759544  0.874883  0.857101  0.800710  0.822261  0.495332  0.418820  0.776612  0.645807  0.877096  0.811195  0.670095  0.596631  0.545368  0.347490  0.567461  0.739402  0.782581  0.650329 
17  0.700066  0.717502  0.644347  0.572225  0.749793  0.503415  0.585876  0.737247  0.796353  0.802586  0.642926  0.710531  0.517722  0.613289  0.658386  0.524553  0.785013 0.0  0.758983  0.666398  0.711698  0.880769  0.611446  0.599711  0.590871  0.537816  0.735828  0.701785  0.726831  0.587623  0.635163  0.709974  0.813226  0.814712  0.692088  0.690847  0.635956  0.578744  0.599307  0.673464  0.698874  0.839944  0.676188  0.716446  0.775204 
18  0.581486  0.873405  0.706608  0.426633  0.513008  0.635933  0.400899  0.809986  0.855092  0.820622  0.555379  0.841231  0.735563  0.687622  0.849824  0.531615  0.844954  0.758983 0.0  0.714192  0.521448  0.529484  0.676204  0.646186  0.399000  0.543499  0.745315  0.478081  0.463906  0.633467  0.754089  0.706762  0.828974  0.417968  0.692886  0.331199  0.501473  0.743873  0.672516  0.795729  0.876557  0.802011  0.528445  0.684290  0.664358 
19  0.655532  0.667476  0.632041  0.588068  0.537214  0.542273  0.584151  0.710100  0.737937  0.665348  0.555711  0.638617  0.730543  0.826911  0.665316  0.721778  0.620092  0.666398  0.714192 0.0  0.565096  0.553879  0.645590  0.705081  0.592211  0.657706  0.727870  0.739509  0.641654  0.749678  0.712933  0.655841  0.712493  0.678401  0.617890  0.792766  0.597778  0.473187  0.700638  0.710633  0.690779  0.667538  0.673480  0.500821  0.275603 
20  0.508086  0.733295  0.725013  0.664449  0.511614  0.586548  0.614638  0.858043  0.968736  0.923008  0.560883  0.898131  0.669376  0.650530  0.722326  0.722015  0.791230  0.711698  0.521448  0.565096 0.0  0.511331  0.705987  0.759158  0.564433  0.600491  0.793566  0.577905  0.623743  0.672432  0.690003  0.695927  0.799316  0.353344  0.684621  0.455641  0.541960  0.525913  0.635973  0.696705  0.846372  0.861464  0.676792  0.565105  0.603474 
21  0.619238  0.769255  0.776272  0.543609  0.512857  0.832862  0.557019  0.825922  0.867653  0.771137  0.661669  0.846813  0.874788  0.686075  0.750866  0.869256  0.814828  0.880769  0.529484  0.553879  0.511331 0.0  0.831140  0.790090  0.658556  0.782138  0.595552  0.754357  0.456177  0.810057  0.766775  0.824734  0.777743  0.540612  0.753754  0.467142  0.623364  0.781049  0.967118  0.759752  0.876702  0.886167  0.805869  0.581616  0.636774 
22  0.649619  0.720292  0.425763  0.673147  0.715219  0.672309  0.590792  0.555222  0.870494  0.694732  0.620641  0.613517  0.756703  0.737063  0.628308  0.429327  0.595452  0.611446  0.676204  0.645590  0.705987  0.831140 0.0  0.357449  0.621115  0.653407  0.746137  0.659853  0.750901  0.764912  0.672827  0.427971  0.696215  0.688950  0.746115  0.662495  0.720934  0.586073  0.375201  0.803160  0.561072  0.602285  0.685528  0.860750  0.882472 
23  0.521135  0.587750  0.478916  0.647216  0.675352  0.567195  0.615769  0.650936  0.909175  0.630743  0.563017  0.670107  0.690198  0.595934  0.646124  0.388408  0.667580  0.599711  0.646186  0.705081  0.759158  0.790090  0.357449 0.0  0.611623  0.653839  0.815152  0.713840  0.709384  0.648223  0.699514  0.439163  0.644810  0.712140  0.578006  0.688587  0.769884  0.676160  0.445260  0.777945  0.483998  0.615295  0.654947  0.673087  0.795821 
24  0.598041  0.681154  0.500551  0.521421  0.450037  0.476836  0.577306  0.809667  0.845775  0.698131  0.501654  0.708306  0.643117  0.620187  0.623997  0.576098  0.780357  0.590871  0.399000  0.592211  0.564433  0.658556  0.621115  0.611623 0.0  0.571714  0.696310  0.583030  0.623800  0.574058  0.507837  0.617887  0.727793  0.560667  0.611246  0.457839  0.471556  0.612798  0.708631  0.696311  0.677697  0.764303  0.559988  0.759476  0.681970 
25  0.642629  0.817252  0.663507  0.709623  0.711433  0.614237  0.570564  0.768736  0.745278  0.812224  0.604909  0.825312  0.436488  0.360528  0.852417  0.807078  0.871057  0.537816  0.543499  0.657706  0.600491  0.782138  0.653407  0.653839  0.571714 0.0  0.563687  0.578100  0.778688  0.451263  0.521449  0.698185  0.792845  0.673869  0.520260  0.698283  0.640923  0.573046  0.639075  0.700426  0.756040  0.724629  0.451689  0.740554  0.750549 
26  0.824846  0.701208  0.696962  0.795304  0.849937  0.791238  0.749818  0.803778  0.610197  0.763194  0.668979  0.798240  0.608339  0.521258  0.737994  0.735687  0.759544  0.735828  0.745315  0.727870  0.793566  0.595552  0.746137  0.815152  0.696310  0.563687 0.0  0.745500  0.748050  0.413827  0.507102  0.846031  0.878097  0.820254  0.819770  0.815447  0.814520  0.618000  0.818610  0.574235  0.877340  0.838462  0.614972  0.746418  0.740557 
27  0.780285  0.730385  0.682232  0.630096  0.626447  0.661114  0.599294  0.746676  0.799020  0.839007  0.582689  0.815893  0.651133  0.655209  0.806856  0.623250  0.874883  0.701785  0.478081  0.739509  0.577905  0.754357  0.659853  0.713840  0.583030  0.578100  0.745500 0.0  0.684318  0.699255  0.634391  0.671907  0.834364  0.622524  0.482873  0.535258  0.511502  0.538811  0.599831  0.942689  0.870203  0.766037  0.651872  0.763024  0.787311 
28  0.606050  0.729689  0.732647  0.641336  0.500572  0.762643  0.619579  0.848779  0.758105  0.835446  0.840527  0.865295  0.745822  0.815683  0.839838  0.849328  0.857101  0.726831  0.463906  0.641654  0.623743  0.456177  0.750901  0.709384  0.623800  0.778688  0.748050  0.684318 0.0  0.945008  0.801650  0.706853  0.832737  0.531614  0.728446  0.481673  0.578051  0.726861  0.802988  0.820053  0.807088  1.000000  0.732317  0.578929  0.666694 
29  0.648574  0.656789  0.581594  0.571453  0.652875  0.527207  0.721064  0.769982  0.769455  0.882773  0.578419  0.730339  0.435779  0.474019  0.845103  0.703103  0.800710  0.587623  0.633467  0.749678  0.672432  0.810057  0.764912  0.648223  0.574058  0.451263  0.413827  0.699255  0.945008 0.0  0.457361  0.720455  0.719755  0.661390  0.527766  0.711891  0.523988  0.448560  0.772514  0.706332  0.814527  0.778922  0.380745  0.754152  0.709058 
30  0.673602  0.735138  0.611348  0.740818  0.720737  0.585139  0.676656  0.765764  0.756326  0.816308  0.620681  0.662887  0.330333  0.471202  0.889383  0.660833  0.822261  0.635163  0.754089  0.712933  0.690003  0.766775  0.672827  0.699514  0.507837  0.521449  0.507102  0.634391  0.801650  0.457361 0.0  0.662577  0.853596  0.611788  0.616636  0.699659  0.635745  0.540375  0.743662  0.639048  0.921505  0.793597  0.487920  0.785658  0.741492 
31  0.718018  0.504070  0.427508  0.627064  0.685676  0.682554  0.602452  0.437284  0.755861  0.611676  0.687597  0.633687  0.606905  0.724213  0.585809  0.438662  0.495332  0.709974  0.706762  0.655841  0.695927  0.824734  0.427971  0.439163  0.617887  0.698185  0.846031  0.671907  0.706853  0.720455  0.662577 0.0  0.541391  0.704024  0.701004  0.630482  0.821425  0.691863  0.303956  0.700381  0.641440  0.666726  0.691912  0.859459  0.773255 
32  0.740821  0.519215  0.596881  0.877667  0.739868  0.818720  0.960415  0.467350  0.730815  0.356838  0.838595  0.506621  0.744847  0.732513  0.410168  0.530582  0.418820  0.813226  0.828974  0.712493  0.799316  0.777743  0.696215  0.644810  0.727793  0.792845  0.878097  0.834364  0.832737  0.719755  0.853596  0.541391 0.0  0.787467  0.691638  0.784720  0.824744  0.763363  0.733503  0.638008  0.647108  0.721545  0.747437  0.878387  0.688744 
33  0.487492  0.817132  0.725381  0.570562  0.509454  0.643178  0.669512  0.821522  0.845913  0.775674  0.510404  0.796399  0.608620  0.692685  0.957296  0.604745  0.776612  0.814712  0.417968  0.678401  0.353344  0.540612  0.688950  0.712140  0.560667  0.673869  0.820254  0.622524  0.531614  0.661390  0.611788  0.704024  0.787467 0.0  0.696875  0.533506  0.397439  0.646646  0.742952  0.739194  0.870142  0.943459  0.656560  0.481447  0.794452 
34  0.598784  0.684366  0.528106  0.602480  0.743826  0.666683  0.673432  0.732531  0.878267  0.640264  0.716983  0.714367  0.546274  0.565330  0.846267  0.676325  0.645807  0.692088  0.692886  0.617890  0.684621  0.753754  0.746115  0.578006  0.611246  0.520260  0.819770  0.482873  0.728446  0.527766  0.616636  0.701004  0.691638  0.696875 0.0  0.639237  0.602407  0.542048  0.708034  0.698766  0.846515  0.784375  0.615068  0.764967  0.824568 
35  0.504115  0.814328  0.553793  0.503786  0.402852  0.547502  0.554453  0.716596  0.737969  0.904511  0.564635  0.885389  0.625142  0.665332  0.824240  0.588053  0.877096  0.690847  0.331199  0.792766  0.455641  0.467142  0.662495  0.688587  0.457839  0.698283  0.815447  0.535258  0.481673  0.711891  0.699659  0.630482  0.784720  0.533506  0.639237 0.0  0.560314  0.594424  0.578440  0.739844  0.812003  0.753859  0.692673  0.684462  0.729633 
36  0.563579  0.806920  0.648865  0.660345  0.498292  0.587132  0.535179  0.836124  0.749902  0.816397  0.666191  0.841400  0.609625  0.618560  0.698314  0.666536  0.811195  0.635956  0.501473  0.597778  0.541960  0.623364  0.720934  0.769884  0.471556  0.640923  0.814520  0.511502  0.578051  0.523988  0.635745  0.821425  0.824744  0.397439  0.602407  0.560314 0.0  0.621509  0.589655  0.696335  0.849745  0.746767  0.521995  0.525604  0.670645 
37  0.506541  0.609476  0.601214  0.737465  0.612194  0.339360  0.627308  0.680344  0.728176  0.745986  0.485916  0.667158  0.533618  0.641130  0.784547  0.645652  0.670095  0.578744  0.743873  0.473187  0.525913  0.781049  0.586073  0.676160  0.612798  0.573046  0.618000  0.538811  0.726861  0.448560  0.540375  0.691863  0.763363  0.646646  0.542048  0.594424  0.621509 0.0  0.715813  0.634144  0.719919  0.786547  0.525124  0.719412  0.671488 
38  0.754268  0.597059  0.447075  0.719664  0.757105  0.652367  0.660062  0.546203  0.809049  0.464456  0.700472  0.720637  0.773834  0.587772  0.673752  0.530995  0.596631  0.599307  0.672516  0.700638  0.635973  0.967118  0.375201  0.445260  0.708631  0.639075  0.818610  0.599831  0.802988  0.772514  0.743662  0.303956  0.733503  0.742952  0.708034  0.578440  0.589655  0.715813 0.0  0.821948  0.649202  0.558531  0.664220  0.771636  0.783331 
39  0.751183  0.691151  0.759394  0.821384  0.709624  0.697905  0.740538  0.615376  0.584820  0.710628  0.785659  0.626102  0.717533  0.730806  0.624244  0.787079  0.545368  0.673464  0.795729  0.710633  0.696705  0.759752  0.803160  0.777945  0.696311  0.700426  0.574235  0.942689  0.820053  0.706332  0.639048  0.700381  0.638008  0.739194  0.698766  0.739844  0.696335  0.634144  0.821948 0.0  0.643191  0.640932  0.707781  0.687419  0.565312 
40  0.826895  0.610224  0.791553  0.793892  0.873916  0.748539  0.760889  0.530097  0.807110  0.562185  0.798349  0.481656  0.773047  0.744599  0.559132  0.737301  0.347490  0.698874  0.876557  0.690779  0.846372  0.876702  0.561072  0.483998  0.677697  0.756040  0.877340  0.870203  0.807088  0.814527  0.921505  0.641440  0.647108  0.870142  0.846515  0.812003  0.849745  0.719919  0.649202  0.643191 0.0  0.383151  0.877344  0.792337  0.684659 
41  0.722948  0.535691  0.804462  0.690396  0.696901  0.738865  0.665622  0.726300  0.756089  0.641291  0.788092  0.590066  0.984339  0.835237  0.587273  0.583709  0.567461  0.839944  0.802011  0.667538  0.861464  0.886167  0.602285  0.615295  0.764303  0.724629  0.838462  0.766037  1.000000  0.778922  0.793597  0.666726  0.721545  0.943459  0.784375  0.753859  0.746767  0.786547  0.558531  0.640932  0.383151 0.0  0.764853  0.729970  0.678525 
42  0.518244  0.702531  0.733609  0.594354  0.838126  0.458226  0.655046  0.682726  0.761768  0.796923  0.623201  0.885795  0.462068  0.369333  0.774539  0.843948  0.739402  0.676188  0.528445  0.673480  0.676792  0.805869  0.685528  0.654947  0.559988  0.451689  0.614972  0.651872  0.732317  0.380745  0.487920  0.691912  0.747437  0.656560  0.615068  0.692673  0.521995  0.525124  0.664220  0.707781  0.877344  0.764853 0.0  0.739056  0.738175 
43  0.701752  0.778111  0.815166  0.586150  0.637574  0.671068  0.724244  0.660956  0.866437  0.811346  0.700716  0.834270  0.825220  0.788979  0.851725  0.639160  0.782581  0.716446  0.684290  0.500821  0.565105  0.581616  0.860750  0.673087  0.759476  0.740554  0.746418  0.763024  0.578929  0.754152  0.785658  0.859459  0.878387  0.481447  0.764967  0.684462  0.525604  0.719412  0.771636  0.687419  0.792337  0.729970  0.739056 0.0  0.680006 
44  0.710143  0.921152  0.687623  0.731030  0.649214  0.656364  0.710001  0.723813  0.631466  0.670615  0.536273  0.643345  0.712932  0.722420  0.665586  0.808698  0.650329  0.775204  0.664358  0.275603  0.603474  0.636774  0.882472  0.795821  0.681970  0.750549  0.740557  0.787311  0.666694  0.709058  0.741492  0.773255  0.688744  0.794452  0.824568  0.729633  0.670645  0.671488  0.783331  0.565312  0.684659  0.678525  0.738175  0.680006 0.0 
