45
0 0.0  0.546565  0.811161  0.990739  0.703119  0.816624  0.799055  0.626834  0.775995  0.860251  0.820019  0.819055  0.732467  0.576837  0.789671  0.681588  0.632893  0.634289  0.690739  0.641229  0.535099  0.787950  0.612145  0.452710  0.738098  0.511562  0.555183  0.770869  0.856642  0.766690  0.877807  0.732206  0.696068  0.632450  0.500554  0.579470  0.910830  0.684410  0.750207  0.746749  0.693371  0.497414  0.830366  0.860995  0.673596 
1  0.546565 0.0  0.904546  0.813817  0.688948  0.831117  0.666467  0.540985  0.651732  0.803208  0.729839  0.909618  0.865242  0.627537  0.786632  0.824623  0.494440  0.880741  0.654814  0.674755  0.685343  0.847262  0.696936  0.615276  0.621350  0.497595  0.446131  0.818240  0.863319  0.712260  0.715403  0.724928  0.741844  0.622713  0.592309  0.648295  0.741209  0.520230  0.802506  0.759051  0.613391  0.733634  0.790597  0.866025  0.682825 
2  0.811161  0.904546 0.0  0.754888  0.798293  0.794238  0.937760  0.821231  0.854785  0.740885  0.768318  0.382074  0.765623  0.827130  0.551149  0.674064  0.760128  0.638374  0.848400  0.782657  0.860060  0.707003  0.837654  0.779015  0.921383  0.807200  0.863683  0.702620  0.694103  0.769701  0.700300  0.902684  0.835384  0.786402  0.891659  0.743196  0.699661  0.602384  0.844939  0.678259  0.785891  0.821015  0.806269  0.738124  0.852990 
3  0.990739  0.813817  0.754888 0.0  0.814669  0.299401  0.585842  0.894020  0.827923  0.245546  0.485003  0.751265  0.693880  0.792151  0.730228  0.724089  0.753795  0.571069  0.659751  0.732365  0.803274  0.623808  0.740248  0.857325  0.744265  0.813697  0.785835  0.414828  0.491246  0.515779  0.497145  0.758026  0.452688  0.823122  0.778390  0.792980  0.740011  0.726448  0.402415  0.594971  0.628898  0.842404  0.628110  0.599073  0.616517 
4  0.703119  0.688948  0.798293  0.814669 0.0  0.883403  0.636176  0.464844  0.556961  0.753121  0.865076  0.857922  0.738251  0.776245  0.797710  0.759631  0.607052  0.658002  0.763399  0.491657  0.849241  0.763993  0.485954  0.672995  0.735257  0.496072  0.630896  0.820055  0.710591  0.544896  0.837171  0.646102  0.638574  0.597741  0.682009  0.647665  0.909995  0.520197  0.734269  0.817879  0.632962  0.656720  0.883551  0.784411  0.688517 
5  0.816624  0.831117  0.794238  0.299401  0.883403 0.0  0.524853  0.864326  0.786258  0.389038  0.540823  0.816021  0.650236  0.857711  0.864561  0.746653  0.761050  0.641847  0.651112  0.744839  0.947265  0.478967  0.699974  0.738458  0.645433  0.853499  0.793000  0.487276  0.593181  0.451476  0.492368  0.819528  0.554697  0.856313  0.798541  0.856845  0.583049  0.797470  0.345001  0.572368  0.723057  0.802821  0.702089  0.465775  0.553094 
6  0.799055  0.666467  0.937760  0.585842  0.636176  0.524853 0.0  0.647520  0.637316  0.548074  0.666833  0.826638  0.737585  0.669598  0.848756  0.915761  0.568521  0.809165  0.517478  0.704871  0.784749  0.673661  0.858678  0.670720  0.492672  0.757342  0.556435  0.476352  0.714511  0.538311  0.595326  0.830463  0.428343  0.698540  0.575152  0.700601  0.611803  0.678372  0.481592  0.700343  0.538007  0.755514  0.699147  0.556356  0.286243 
7  0.626834  0.540985  0.821231  0.894020  0.464844  0.864326  0.647520 0.0  0.675598  0.837646  0.828648  0.887631  0.727442  0.678792  0.681712  0.827356  0.618564  0.738166  0.807642  0.359707  0.750448  0.714794  0.508751  0.712949  0.764315  0.377348  0.566714  0.847825  0.750640  0.773320  0.791636  0.565555  0.720087  0.413258  0.638173  0.710736  0.770072  0.507347  0.791017  0.738431  0.769454  0.695192  0.834626  0.862805  0.670542 
8  0.775995  0.651732  0.854785  0.827923  0.556961  0.786258  0.637316  0.675598 0.0  0.733653  0.659463  0.799665  0.837805  0.585892  0.846912  0.709945  0.600951  0.558360  0.666921  0.732797  0.801929  0.887490  0.631415  0.549240  0.601988  0.707529  0.668716  0.674073  0.748009  0.748065  0.661059  0.716747  0.656840  0.620330  0.636395  0.655245  0.895485  0.560792  0.769632  0.745526  0.709623  0.662890  0.845265  0.889238  0.587523 
9  0.860251  0.803208  0.740885  0.245546  0.753121  0.389038  0.548074  0.837646  0.733653 0.0  0.594195  0.658656  0.827475  0.894373  0.745435  0.782486  0.730958  0.480785  0.700614  0.814211  0.774606  0.682745  0.663058  0.698934  0.686032  0.809254  0.803705  0.433288  0.622001  0.281417  0.483643  0.629001  0.436952  0.718892  0.748399  0.784844  0.702292  0.752653  0.380082  0.616822  0.530416  0.751453  0.666796  0.597110  0.461902 
10  0.820019  0.729839  0.768318  0.485003  0.865076  0.540823  0.666833  0.828648  0.659463  0.594195 0.0  0.702197  0.627452  0.672738  0.806826  0.743722  0.870749  0.682311  0.674844  0.844590  0.877706  0.616675  0.842987  0.900407  0.627399  0.965827  0.660444  0.570985  0.327553  0.621901  0.405889  0.876106  0.761741  0.811746  0.714920  0.947417  0.443858  0.896286  0.606861  0.475881  0.587255  0.970879  0.560352  0.599367  0.708001 
11  0.819055  0.909618  0.382074  0.751265  0.857922  0.816021  0.826638  0.887631  0.799665  0.658656  0.702197 0.0  0.758507  0.977065  0.357700  0.693847  0.859763  0.611114  0.851117  0.856619  0.827913  0.716794  0.804045  0.941481  0.900963  0.707488  0.711248  0.626347  0.596736  0.845955  0.692615  0.802186  0.804354  0.831261  0.776077  0.836583  0.731438  0.696266  0.673283  0.765658  0.776412  0.919143  0.716237  0.837134  0.723723 
12  0.732467  0.865242  0.765623  0.693880  0.738251  0.650236  0.737585  0.727442  0.837805  0.827475  0.627452  0.758507 0.0  0.721960  0.782937  0.603829  0.449254  0.649542  0.787225  0.700103  0.735568  0.494113  0.710771  0.617679  0.752736  0.644417  0.708325  0.733141  0.672414  0.747991  0.570867  0.884896  0.826625  0.544341  0.591384  0.692224  0.665775  0.831371  0.752743  0.762887  0.768397  0.715153  0.642654  0.637776  0.751989 
13  0.576837  0.627537  0.827130  0.792151  0.776245  0.857711  0.669598  0.678792  0.585892  0.894373  0.672738  0.977065  0.721960 0.0  0.863939  0.805474  0.662649  0.730806  0.717196  0.784275  0.516638  0.904011  0.672240  0.436056  0.523073  0.621990  0.650939  0.822433  0.762662  0.762024  0.522961  0.807155  0.692259  0.689581  0.531791  0.612811  0.712394  0.624406  0.728748  0.795643  0.717759  0.424907  0.859063  0.799675  0.652799 
14  0.789671  0.786632  0.551149  0.730228  0.797710  0.864561  0.848756  0.681712  0.846912  0.745435  0.806826  0.357700  0.782937  0.863939 0.0  0.872989  0.781138  0.798307  0.737554  0.686648  0.812849  0.831606  0.634645  0.737643  0.760043  0.723092  0.829068  0.714979  0.775179  0.822330  0.894136  0.714135  0.799423  0.779974  0.669209  0.810755  0.841405  0.812120  0.851803  0.771643  0.755077  0.833926  0.777894  0.876101  0.937135 
15  0.681588  0.824623  0.674064  0.724089  0.759631  0.746653  0.915761  0.827356  0.709945  0.782486  0.743722  0.693847  0.603829  0.805474  0.872989 0.0  0.691234  0.689805  0.694512  0.902775  0.587007  0.517617  0.709776  0.604760  0.747817  0.858505  0.731428  0.652079  0.678892  0.817578  0.488390  0.889668  0.765017  0.719295  0.804396  0.445347  0.670500  0.770072  0.731399  0.618350  0.760976  0.638977  0.690451  0.807735  0.776304 
16  0.632893  0.494440  0.760128  0.753795  0.607052  0.761050  0.568521  0.618564  0.600951  0.730958  0.870749  0.859763  0.449254  0.662649  0.781138  0.691234 0.0  0.701045  0.811164  0.723482  0.697312  0.706168  0.610759  0.475968  0.670392  0.476060  0.524169  0.751310  0.740416  0.614653  0.616422  0.745580  0.705043  0.657733  0.493841  0.570079  0.905638  0.741147  0.631396  0.792514  0.769555  0.568995  0.748232  0.692201  0.670761 
17  0.634289  0.880741  0.638374  0.571069  0.658002  0.641847  0.809165  0.738166  0.558360  0.480785  0.682311  0.611114  0.649542  0.730806  0.798307  0.689805  0.701045 0.0  0.875010  0.691049  0.806907  0.524946  0.677131  0.888839  0.775691  0.664353  0.870564  0.657477  0.679446  0.777169  0.695063  0.789635  0.817123  0.654111  0.691531  0.888695  0.528950  0.641580  0.756985  0.678490  0.733755  0.755725  0.730978  0.774609  0.849397 
18  0.690739  0.654814  0.848400  0.659751  0.763399  0.651112  0.517478  0.807642  0.666921  0.700614  0.674844  0.851117  0.787225  0.717196  0.737554  0.694512  0.811164  0.875010 0.0  0.879373  0.760081  0.606004  0.986539  0.732018  0.562849  0.869153  0.584486  0.686832  0.726747  0.692374  0.534555  0.784944  0.674808  0.807789  0.782498  0.802007  0.464812  0.734159  0.678110  0.465201  0.710084  0.697170  0.534210  0.727763  0.704812 
19  0.641229  0.674755  0.782657  0.732365  0.491657  0.744839  0.704871  0.359707  0.732797  0.814211  0.844590  0.856619  0.700103  0.784275  0.686648  0.902775  0.723482  0.691049  0.879373 0.0  0.751601  0.798484  0.468877  0.693630  0.678533  0.507706  0.654715  0.826758  0.841260  0.714526  0.829289  0.570485  0.609939  0.392490  0.580113  0.685444  0.848516  0.424285  0.790720  0.825646  0.779047  0.782803  0.879280  0.967091  0.668139 
20  0.535099  0.685343  0.860060  0.803274  0.849241  0.947265  0.784749  0.750448  0.801929  0.774606  0.877706  0.827913  0.735568  0.516638  0.812849  0.587007  0.697312  0.806907  0.760081  0.751601 0.0  0.771518  0.875665  0.402920  0.926198  0.878360  0.719465  0.870640  0.852852  0.940773  0.698491  0.644375  0.798400  0.623538  0.616870  0.555668  0.792071  0.802332  0.851855  0.845613  0.724559  0.431245  0.732624  0.713349  0.744992 
21  0.787950  0.847262  0.707003  0.623808  0.763993  0.478967  0.673661  0.714794  0.887490  0.682745  0.616675  0.716794  0.494113  0.904011  0.831606  0.517617  0.706168  0.524946  0.606004  0.798484  0.771518 0.0  0.799904  0.691173  0.726857  0.887591  0.751604  0.706915  0.601727  0.776118  0.668768  0.885188  0.891216  0.742542  0.717610  0.677735  0.636981  0.861432  0.702658  0.525767  0.626061  0.768822  0.448026  0.643031  0.682830 
22  0.612145  0.696936  0.837654  0.740248  0.485954  0.699974  0.858678  0.508751  0.631415  0.663058  0.842987  0.804045  0.710771  0.672240  0.634645  0.709776  0.610759  0.677131  0.986539  0.468877  0.875665  0.799904 0.0  0.628688  0.698711  0.314775  0.731580  0.746616  0.909972  0.523488  0.698010  0.449333  0.695749  0.301301  0.641248  0.596649  0.755345  0.414709  0.822864  0.818923  0.548674  0.661315  0.870763  0.823695  0.530243 
23  0.452710  0.615276  0.779015  0.857325  0.672995  0.738458  0.670720  0.712949  0.549240  0.698934  0.900407  0.941481  0.617679  0.436056  0.737643  0.604760  0.475968  0.888839  0.732018  0.693630  0.402920  0.691173  0.628688 0.0  0.661340  0.591916  0.541221  0.820606  0.686599  0.751121  0.807727  0.787540  0.696121  0.619607  0.529607  0.470240  0.831788  0.682356  0.726735  0.784913  0.674132  0.407420  0.649751  0.798816  0.672988 
24  0.738098  0.621350  0.921383  0.744265  0.735257  0.645433  0.492672  0.764315  0.601988  0.686032  0.627399  0.900963  0.752736  0.523073  0.760043  0.747817  0.670392  0.775691  0.562849  0.678533  0.926198  0.726857  0.698711  0.661340 0.0  0.626738  0.601036  0.450152  0.649801  0.553060  0.362642  0.889100  0.573121  0.604754  0.540243  0.784947  0.748003  0.637772  0.578504  0.603463  0.455465  0.644564  0.712028  0.614148  0.501287 
25  0.511562  0.497595  0.807200  0.813697  0.496072  0.853499  0.757342  0.377348  0.707529  0.809254  0.965827  0.707488  0.644417  0.621990  0.723092  0.858505  0.476060  0.664353  0.869153  0.507706  0.878360  0.887591  0.314775  0.591916  0.626738 0.0  0.617300  0.698400  0.829939  0.585007  0.722176  0.510394  0.678699  0.408680  0.542002  0.695754  0.821921  0.511339  0.693158  0.783431  0.605597  0.677430  0.757177  0.716916  0.626882 
26  0.555183  0.446131  0.863683  0.785835  0.630896  0.793000  0.556435  0.566714  0.668716  0.803705  0.660444  0.711248  0.708325  0.650939  0.829068  0.731428  0.524169  0.870564  0.584486  0.654715  0.719465  0.751604  0.731580  0.541221  0.601036  0.617300 0.0  0.792776  0.725309  0.804156  0.858782  0.811301  0.661037  0.561389  0.639718  0.562585  0.815467  0.698686  0.818342  0.873830  0.695451  0.585846  0.780722  0.652596  0.618054 
27  0.770869  0.818240  0.702620  0.414828  0.820055  0.487276  0.476352  0.847825  0.674073  0.433288  0.570985  0.626347  0.733141  0.822433  0.714979  0.652079  0.751310  0.657477  0.686832  0.826758  0.870640  0.706915  0.746616  0.820606  0.450152  0.698400  0.792776 0.0  0.462350  0.556976  0.368725  0.758944  0.530592  0.831675  0.799767  0.766745  0.598124  0.884932  0.468577  0.700125  0.561529  0.924624  0.562328  0.502260  0.552505 
28  0.856642  0.863319  0.694103  0.491246  0.710591  0.593181  0.714511  0.750640  0.748009  0.622001  0.327553  0.596736  0.672414  0.762662  0.775179  0.678892  0.740416  0.679446  0.726747  0.841260  0.852852  0.601727  0.909972  0.686599  0.649801  0.829939  0.725309  0.462350 0.0  0.652495  0.343152  0.841161  0.615779  0.821618  0.815126  0.738490  0.448849  0.903798  0.564813  0.590152  0.672691  0.852332  0.579283  0.551171  0.669229 
29  0.766690  0.712260  0.769701  0.515779  0.544896  0.451476  0.538311  0.773320  0.748065  0.281417  0.621901  0.845955  0.747991  0.762024  0.822330  0.817578  0.614653  0.777169  0.692374  0.714526  0.940773  0.776118  0.523488  0.751121  0.553060  0.585007  0.804156  0.556976  0.652495 0.0  0.550447  0.789436  0.178853  0.711659  0.755318  0.876043  0.673116  0.656383  0.306214  0.652811  0.542504  0.694307  0.827343  0.634473  0.588544 
30  0.877807  0.715403  0.700300  0.497145  0.837171  0.492368  0.595326  0.791636  0.661059  0.483643  0.405889  0.692615  0.570867  0.522961  0.894136  0.488390  0.616422  0.695063  0.534555  0.829289  0.698491  0.668768  0.698010  0.807727  0.362642  0.722176  0.858782  0.368725  0.343152  0.550447 0.0  0.766672  0.517930  0.894165  0.685890  0.768673  0.507166  0.782210  0.412537  0.418504  0.588105  0.740022  0.574745  0.413235  0.589900 
31  0.732206  0.724928  0.902684  0.758026  0.646102  0.819528  0.830463  0.565555  0.716747  0.629001  0.876106  0.802186  0.884896  0.807155  0.714135  0.889668  0.745580  0.789635  0.784944  0.570485  0.644375  0.885188  0.449333  0.787540  0.889100  0.510394  0.811301  0.758944  0.841161  0.789436  0.766672 0.0  0.862600  0.615122  0.754304  0.922962  0.792046  0.533858  0.799064  0.803818  0.783519  0.745712  0.834755  0.920630  0.786772 
32  0.696068  0.741844  0.835384  0.452688  0.638574  0.554697  0.428343  0.720087  0.656840  0.436952  0.761741  0.804354  0.826625  0.692259  0.799423  0.765017  0.705043  0.817123  0.674808  0.609939  0.798400  0.891216  0.695749  0.696121  0.573121  0.678699  0.661037  0.530592  0.615779  0.178853  0.517930  0.862600 0.0  0.665894  0.648961  0.684637  0.661703  0.640107  0.469525  0.847702  0.514843  0.820920  0.835131  0.639497  0.446109 
33  0.632450  0.622713  0.786402  0.823122  0.597741  0.856313  0.698540  0.413258  0.620330  0.718892  0.811746  0.831261  0.544341  0.689581  0.779974  0.719295  0.657733  0.654111  0.807789  0.392490  0.623538  0.742542  0.301301  0.619607  0.604754  0.408680  0.561389  0.831675  0.821618  0.711659  0.894165  0.615122  0.665894 0.0  0.639653  0.524655  0.860235  0.338052  0.775674  0.724411  0.712481  0.780480  0.682448  0.744176  0.757090 
34  0.500554  0.592309  0.891659  0.778390  0.682009  0.798541  0.575152  0.638173  0.636395  0.748399  0.714920  0.776077  0.591384  0.531791  0.669209  0.804396  0.493841  0.691531  0.782498  0.580113  0.616870  0.717610  0.641248  0.529607  0.540243  0.542002  0.639718  0.799767  0.815126  0.755318  0.685890  0.754304  0.648961  0.639653 0.0  0.730210  0.810898  0.524740  0.806988  0.747946  0.597298  0.622797  0.782085  0.827301  0.629546 
35  0.579470  0.648295  0.743196  0.792980  0.647665  0.856845  0.700601  0.710736  0.655245  0.784844  0.947417  0.836583  0.692224  0.612811  0.810755  0.445347  0.570079  0.888695  0.802007  0.685444  0.555668  0.677735  0.596649  0.470240  0.784947  0.695754  0.562585  0.766745  0.738490  0.876043  0.768673  0.922962  0.684637  0.524655  0.730210 0.0  1.000000  0.730726  0.756792  0.869362  0.660602  0.549905  0.881157  0.860690  0.732826 
36  0.910830  0.741209  0.699661  0.740011  0.909995  0.583049  0.611803  0.770072  0.895485  0.702292  0.443858  0.731438  0.665775  0.712394  0.841405  0.670500  0.905638  0.528950  0.464812  0.848516  0.792071  0.636981  0.755345  0.831788  0.748003  0.821921  0.815467  0.598124  0.448849  0.673116  0.507166  0.792046  0.661703  0.860235  0.810898  1.000000 0.0  0.867103  0.734560  0.272976  0.612404  0.894971  0.500374  0.620016  0.748446 
37  0.684410  0.520230  0.602384  0.726448  0.520197  0.797470  0.678372  0.507347  0.560792  0.752653  0.896286  0.696266  0.831371  0.624406  0.812120  0.770072  0.741147  0.641580  0.734159  0.424285  0.802332  0.861432  0.414709  0.682356  0.637772  0.511339  0.698686  0.884932  0.903798  0.656383  0.782210  0.533858  0.640107  0.338052  0.524740  0.730726  0.867103 0.0  0.729942  0.853409  0.605553  0.602766  0.896106  0.822274  0.732522 
38  0.750207  0.802506  0.844939  0.402415  0.734269  0.345001  0.481592  0.791017  0.769632  0.380082  0.606861  0.673283  0.752743  0.728748  0.851803  0.731399  0.631396  0.756985  0.678110  0.790720  0.851855  0.702658  0.822864  0.726735  0.578504  0.693158  0.818342  0.468577  0.564813  0.306214  0.412537  0.799064  0.469525  0.775674  0.806988  0.756792  0.734560  0.729942 0.0  0.654573  0.628013  0.797174  0.610017  0.443206  0.446383 
39  0.746749  0.759051  0.678259  0.594971  0.817879  0.572368  0.700343  0.738431  0.745526  0.616822  0.475881  0.765658  0.762887  0.795643  0.771643  0.618350  0.792514  0.678490  0.465201  0.825646  0.845613  0.525767  0.818923  0.784913  0.603463  0.783431  0.873830  0.700125  0.590152  0.652811  0.418504  0.803818  0.847702  0.724411  0.747946  0.869362  0.272976  0.853409  0.654573 0.0  0.742596  0.886238  0.394627  0.777931  0.685930 
40  0.693371  0.613391  0.785891  0.628898  0.632962  0.723057  0.538007  0.769454  0.709623  0.530416  0.587255  0.776412  0.768397  0.717759  0.755077  0.760976  0.769555  0.733755  0.710084  0.779047  0.724559  0.626061  0.548674  0.674132  0.455465  0.605597  0.695451  0.561529  0.672691  0.542504  0.588105  0.783519  0.514843  0.712481  0.597298  0.660602  0.612404  0.605553  0.628013  0.742596 0.0  0.659539  0.809088  0.704908  0.345393 
41  0.497414  0.733634  0.821015  0.842404  0.656720  0.802821  0.755514  0.695192  0.662890  0.751453  0.970879  0.919143  0.715153  0.424907  0.833926  0.638977  0.568995  0.755725  0.697170  0.782803  0.431245  0.768822  0.661315  0.407420  0.644564  0.677430  0.585846  0.924624  0.852332  0.694307  0.740022  0.745712  0.820920  0.780480  0.622797  0.549905  0.894971  0.602766  0.797174  0.886238  0.659539 0.0  0.784470  0.765882  0.742981 
42  0.830366  0.790597  0.806269  0.628110  0.883551  0.702089  0.699147  0.834626  0.845265  0.666796  0.560352  0.716237  0.642654  0.859063  0.777894  0.690451  0.748232  0.730978  0.534210  0.879280  0.732624  0.448026  0.870763  0.649751  0.712028  0.757177  0.780722  0.562328  0.579283  0.827343  0.574745  0.834755  0.835131  0.682448  0.782085  0.881157  0.500374  0.896106  0.610017  0.394627  0.809088  0.784470 0.0  0.593216  0.868324 
43  0.860995  0.866025  0.738124  0.599073  0.784411  0.465775  0.556356  0.862805  0.889238  0.597110  0.599367  0.837134  0.637776  0.799675  0.876101  0.807735  0.692201  0.774609  0.727763  0.967091  0.713349  0.643031  0.823695  0.798816  0.614148  0.716916  0.652596  0.502260  0.551171  0.634473  0.413235  0.920630  0.639497  0.744176  0.827301  0.860690  0.620016  0.822274  0.443206  0.777931  0.704908  0.765882  0.593216 0.0  0.594982 
44  0.673596  0.682825  0.852990  0.616517  0.688517  0.553094  0.286243  0.670542  0.587523  0.461902  0.708001  0.723723  0.751989  0.652799  0.937135  0.776304  0.670761  0.849397  0.704812  0.668139  0.744992  0.682830  0.530243  0.672988  0.501287  0.626882  0.618054  0.552505  0.669229  0.588544  0.589900  0.786772  0.446109  0.757090  0.629546  0.732826  0.748446  0.732522  0.446383  0.685930  0.345393  0.742981  0.868324  0.594982 0.0 
