146
0 0.0  0.264223  0.309252  0.075138  0.083393  0.155963  0.080972  0.175001  0.131997  0.207380  0.074563  0.145565  0.183945  0.215148  0.135297  0.120571  0.297210  0.199979  0.183164  0.183780  0.083550  0.230063  0.204793  0.188571  0.291795  0.254775  0.171991  0.193021  0.212558  0.095523  0.143863  0.100608  0.127298  0.406001  0.211779  0.132974  0.215510  0.265917  0.097393  0.215003  0.263786  0.133614  0.077849  0.087694  0.239773  0.095015  0.142839  0.086634  0.198235  0.225157  0.088900  0.141067  0.073656  0.198189  0.149209  0.228763  0.154936  0.187206  0.277835  0.205734  0.093900  0.088118  0.206470  0.544507  0.289302  0.078982  0.079712  0.214804  0.212674  0.199062  0.083978  0.097358  0.157055  0.136651  0.449951  0.073864  0.090960  0.085073  0.095964  0.210971  0.200918  0.230917  0.227868  0.091567  0.108021  0.109911  0.205138  0.198861  0.292115  0.289332  0.291859  0.188741  0.158356  0.171452  0.073380  0.165782  0.224115  0.279407  0.166939  0.194833  0.148499  0.200703  0.523784  0.230352  0.133662  0.188443  0.169979  0.264740  0.076102  0.104548  0.117687  0.102854  0.086133  0.120222  0.173462  0.112021  0.251863  0.198437  0.109855  0.226743  0.379318  0.076990  0.100162  0.200398  0.098323  0.119596  0.106582  0.183652  0.208282  0.106721  0.180804  0.092803  0.187490  0.190538  0.201357  0.095534  0.241528  0.156188  0.222790  0.314418  0.211147  0.096200  0.189591  0.144111  0.198593  0.166812 
1  0.264223 0.0  0.070596  0.277900  0.243560  0.196814  0.264340  0.434952  0.207772  0.401619  0.249947  0.325504  0.360984  0.139115  0.201877  0.267257  0.195945  0.193003  0.356529  0.186462  0.254011  0.115525  0.381004  0.167311  0.162143  0.151359  0.398906  0.387038  0.391541  0.301740  0.305503  0.303545  0.278086  0.494503  0.113977  0.326278  0.409558  0.146143  0.258543  0.083250  0.192859  0.222957  0.287336  0.268737  0.125158  0.241030  0.341569  0.278394  0.313750  0.401730  0.211960  0.336053  0.295837  0.375346  0.214983  0.372837  0.349737  0.198496  0.250550  0.363078  0.270870  0.281797  0.325954  0.545037  0.440160  0.208025  0.243689  0.121528  0.175944  0.209443  0.232505  0.260773  0.284873  0.200669  0.728705  0.264211  0.253481  0.280632  0.241436  0.126526  0.432618  0.390612  0.180025  0.292275  0.261285  0.304982  0.220842  0.419556  0.213306  0.357269  0.479691  0.374222  0.174645  0.146399  0.220200  0.213277  0.408882  0.081490  0.230514  0.406186  0.240614  0.333169  0.772794  0.403707  0.304662  0.345710  0.368642  0.102945  0.240050  0.274819  0.307837  0.298961  0.285976  0.201228  0.146517  0.230055  0.243051  0.158115  0.255127  0.086023  0.612601  0.261270  0.308208  0.143707  0.200645  0.317151  0.254374  0.229838  0.155043  0.274358  0.383161  0.239706  0.230454  0.208935  0.236598  0.218277  0.422486  0.171052  0.392242  0.212449  0.421509  0.303415  0.190392  0.218344  0.334445  0.160336 
2  0.309252  0.070596 0.0  0.254196  0.269464  0.167574  0.264161  0.393472  0.191762  0.345618  0.288848  0.311195  0.348113  0.137459  0.220134  0.308532  0.221828  0.190734  0.313064  0.171652  0.247776  0.110677  0.413784  0.206455  0.158165  0.158035  0.329474  0.368067  0.376771  0.294839  0.284897  0.305186  0.266138  0.473815  0.109779  0.282461  0.398708  0.185240  0.243130  0.081335  0.209203  0.195961  0.295691  0.317911  0.136047  0.235518  0.329794  0.233517  0.290200  0.354567  0.234257  0.334463  0.312145  0.470282  0.217400  0.386982  0.328489  0.240917  0.208602  0.394479  0.255109  0.229440  0.353221  0.481668  0.504792  0.278921  0.239061  0.125022  0.204861  0.230074  0.206692  0.248591  0.282157  0.202006  0.528040  0.247166  0.293558  0.298481  0.271966  0.122138  0.367316  0.342646  0.172051  0.250107  0.272584  0.260107  0.228469  0.403259  0.235886  0.437391  0.494364  0.417913  0.190974  0.163373  0.247972  0.197146  0.358880  0.084044  0.270331  0.399699  0.249211  0.346910  0.820957  0.418719  0.322400  0.370920  0.377875  0.099631  0.285435  0.292285  0.320097  0.263710  0.280845  0.207755  0.146344  0.289965  0.238493  0.183959  0.262873  0.083196  0.487457  0.236244  0.251742  0.128948  0.200896  0.326688  0.292216  0.215010  0.147951  0.275228  0.343272  0.225987  0.202210  0.233238  0.198303  0.228510  0.377285  0.175148  0.404119  0.179963  0.445840  0.315220  0.196208  0.204198  0.370116  0.165825 
3  0.075138  0.277900  0.254196 0.0  0.085395  0.170251  0.077502  0.191651  0.128274  0.207536  0.075171  0.137375  0.190436  0.246939  0.133527  0.118996  0.277913  0.222078  0.207037  0.194746  0.082679  0.220189  0.187556  0.178604  0.308336  0.328172  0.193666  0.194932  0.222352  0.101486  0.146289  0.101418  0.119397  0.356321  0.212860  0.130761  0.196692  0.271162  0.100144  0.259319  0.286325  0.130390  0.077922  0.084636  0.233179  0.089225  0.130686  0.082327  0.183404  0.206493  0.088392  0.133536  0.076787  0.183801  0.176878  0.187140  0.157203  0.184168  0.306612  0.233462  0.086873  0.083854  0.197230  0.637032  0.317387  0.076633  0.075922  0.220358  0.201125  0.201846  0.083772  0.096731  0.175352  0.134402  0.541728  0.075667  0.096851  0.093204  0.096643  0.206010  0.188524  0.188401  0.253994  0.083887  0.092146  0.114355  0.225835  0.196644  0.316871  0.262451  0.314844  0.205385  0.175689  0.162368  0.078529  0.185697  0.188328  0.245714  0.159584  0.191427  0.127697  0.183594  0.631012  0.261395  0.123285  0.194471  0.187624  0.248812  0.073082  0.101519  0.122442  0.103317  0.091732  0.117527  0.157700  0.117451  0.288395  0.175463  0.111490  0.226770  0.384426  0.076301  0.107646  0.206415  0.109951  0.111956  0.089971  0.178211  0.235094  0.096644  0.160026  0.091127  0.186947  0.176765  0.201975  0.099373  0.242605  0.168441  0.191746  0.293573  0.193682  0.098066  0.217680  0.141435  0.189833  0.161958 
4  0.083393  0.243560  0.269464  0.085395 0.0  0.186812  0.087847  0.180231  0.148070  0.198764  0.081327  0.145621  0.174847  0.263270  0.138688  0.128127  0.301994  0.240698  0.194149  0.159362  0.093071  0.223716  0.170346  0.192890  0.307837  0.340024  0.202564  0.206441  0.204986  0.087477  0.137828  0.092617  0.111423  0.353435  0.226930  0.134862  0.188540  0.257157  0.086669  0.285737  0.307799  0.159583  0.083546  0.092023  0.263998  0.110428  0.141157  0.089138  0.195061  0.197769  0.106016  0.149678  0.081114  0.215154  0.172175  0.201675  0.154150  0.186624  0.350395  0.191081  0.113760  0.104093  0.177679  0.625389  0.292528  0.088027  0.087076  0.217347  0.214485  0.212209  0.097320  0.088725  0.176412  0.141613  0.368843  0.084064  0.082748  0.072361  0.113168  0.243007  0.179153  0.205863  0.227643  0.094368  0.111655  0.116981  0.200160  0.193998  0.325660  0.279071  0.304416  0.191375  0.178880  0.165501  0.081190  0.176782  0.185249  0.293474  0.172897  0.169645  0.156802  0.176795  0.666857  0.240810  0.138275  0.170525  0.191802  0.283753  0.087099  0.122794  0.120911  0.093423  0.078016  0.135900  0.182956  0.115112  0.259636  0.190691  0.123030  0.274179  0.337617  0.093247  0.090216  0.227287  0.123417  0.119757  0.114187  0.180941  0.263836  0.101748  0.186375  0.106589  0.182868  0.195868  0.177857  0.109440  0.247693  0.189970  0.185949  0.326739  0.194045  0.089185  0.231777  0.161704  0.198170  0.165795 
5  0.155963  0.196814  0.167574  0.170251  0.186812 0.0  0.180362  0.298642  0.115511  0.305130  0.171978  0.235499  0.267827  0.162003  0.114721  0.212223  0.232873  0.113365  0.294457  0.079943  0.190346  0.136749  0.269359  0.198067  0.227250  0.197594  0.309888  0.289310  0.332084  0.219444  0.246966  0.220690  0.204062  0.428943  0.156699  0.218725  0.236279  0.129194  0.198990  0.197052  0.184703  0.092705  0.169289  0.166000  0.149176  0.171440  0.240462  0.194120  0.224391  0.329859  0.155651  0.242177  0.168851  0.249395  0.096034  0.334449  0.239830  0.114329  0.201505  0.300381  0.179956  0.175257  0.335342  0.521474  0.365729  0.189458  0.166494  0.142571  0.103986  0.123137  0.143433  0.174119  0.230219  0.106251  0.497261  0.175504  0.184260  0.173674  0.192291  0.135684  0.291655  0.295671  0.144068  0.207970  0.179389  0.206275  0.117261  0.285401  0.240531  0.419119  0.390785  0.293593  0.073542  0.124862  0.164202  0.072026  0.322742  0.181462  0.249413  0.276327  0.184764  0.256237  0.630065  0.292339  0.203773  0.281096  0.295900  0.218293  0.169850  0.217422  0.234134  0.184486  0.178023  0.124408  0.121611  0.206913  0.185445  0.089681  0.223021  0.181323  0.507886  0.154011  0.174589  0.124113  0.137954  0.191273  0.189876  0.098343  0.152998  0.171538  0.290633  0.209821  0.101531  0.102148  0.095411  0.150043  0.338904  0.159021  0.292844  0.249988  0.305082  0.214518  0.105486  0.172793  0.324183  0.150947 
6  0.080972  0.264340  0.264161  0.077502  0.087847  0.180362 0.0  0.185260  0.148706  0.200384  0.080259  0.143727  0.155350  0.241752  0.150219  0.105500  0.338047  0.227468  0.175418  0.194913  0.074631  0.193054  0.165890  0.170723  0.286120  0.306417  0.198327  0.209587  0.217616  0.092611  0.135467  0.090809  0.105508  0.399809  0.208299  0.117209  0.191003  0.280296  0.091656  0.251712  0.327954  0.142103  0.075885  0.077919  0.206748  0.088352  0.128263  0.076918  0.163973  0.206717  0.099003  0.139758  0.078796  0.189874  0.184496  0.217932  0.129967  0.209839  0.306783  0.174465  0.089022  0.087141  0.207122  0.621798  0.252391  0.069949  0.071719  0.221456  0.181088  0.236824  0.089282  0.095302  0.143583  0.126044  0.434205  0.079423  0.089788  0.093936  0.089093  0.229432  0.161429  0.170204  0.215308  0.081939  0.089702  0.102081  0.206799  0.192981  0.346334  0.279801  0.278585  0.193071  0.167085  0.163335  0.080469  0.179246  0.193838  0.232562  0.163512  0.189904  0.140529  0.175085  0.563716  0.216998  0.119747  0.193038  0.173617  0.291549  0.076623  0.092656  0.115313  0.097997  0.089722  0.122034  0.198562  0.113318  0.317130  0.191444  0.100111  0.266544  0.393546  0.084169  0.093211  0.214015  0.117168  0.102820  0.086452  0.211273  0.261481  0.090752  0.190408  0.089195  0.181172  0.192891  0.205965  0.104501  0.239014  0.172997  0.218153  0.330840  0.173290  0.093416  0.211061  0.148067  0.201223  0.162169 
7  0.175001  0.434952  0.393472  0.191651  0.180231  0.298642  0.185260 0.0  0.244696  0.093961  0.189212  0.111502  0.093557  0.371373  0.238616  0.144811  0.502253  0.335820  0.090949  0.312249  0.186785  0.322325  0.102033  0.320428  0.421204  0.404517  0.082293  0.086082  0.091084  0.184975  0.129997  0.173721  0.147601  0.387674  0.371861  0.139698  0.094343  0.368220  0.167888  0.396864  0.457881  0.266225  0.179278  0.184737  0.324179  0.224279  0.130089  0.172668  0.180777  0.163898  0.203355  0.116739  0.180957  0.090212  0.271963  0.077571  0.124968  0.303062  0.421715  0.076238  0.218973  0.209340  0.073893  0.660216  0.206868  0.161143  0.190750  0.330491  0.320123  0.326611  0.192281  0.176417  0.193714  0.254291  0.379292  0.186614  0.176986  0.190565  0.173117  0.351325  0.079034  0.081325  0.331840  0.180255  0.168794  0.164596  0.300984  0.079536  0.449940  0.144105  0.195127  0.098719  0.259248  0.226135  0.193639  0.304766  0.075988  0.366342  0.212252  0.076319  0.238005  0.070990  0.549713  0.123979  0.138179  0.073106  0.074994  0.401552  0.179214  0.156289  0.146777  0.172707  0.187491  0.254402  0.311276  0.143672  0.450588  0.316441  0.150881  0.382401  0.277012  0.207872  0.150393  0.366876  0.218058  0.166269  0.197140  0.285047  0.365116  0.157129  0.073797  0.178286  0.277128  0.281783  0.331155  0.237393  0.125698  0.262164  0.092735  0.488578  0.073413  0.166362  0.322909  0.234663  0.101834  0.270901 
8  0.131997  0.207772  0.191762  0.128274  0.148070  0.115511  0.148706  0.244696 0.0  0.271493  0.130697  0.236684  0.213466  0.173314  0.075116  0.177591  0.267168  0.147876  0.257257  0.117563  0.137109  0.157211  0.250080  0.184153  0.253135  0.251555  0.237830  0.241480  0.283413  0.164226  0.170445  0.167254  0.189665  0.445134  0.171152  0.184435  0.221064  0.222693  0.147263  0.184039  0.253423  0.088895  0.139561  0.136042  0.186197  0.121678  0.195378  0.138331  0.231814  0.266108  0.106623  0.204549  0.135130  0.263444  0.128947  0.273012  0.208340  0.162421  0.209746  0.263263  0.127631  0.121197  0.262420  0.612310  0.391994  0.130440  0.132755  0.169138  0.145245  0.151581  0.115571  0.153138  0.189981  0.076130  0.492550  0.131444  0.142347  0.135410  0.125055  0.159296  0.247217  0.227909  0.186188  0.147194  0.149522  0.169995  0.176401  0.262457  0.278077  0.300230  0.341339  0.253997  0.107737  0.123558  0.130186  0.116040  0.258430  0.217591  0.203176  0.225827  0.169306  0.258952  0.632014  0.274826  0.194924  0.262957  0.262936  0.236910  0.134286  0.151558  0.171158  0.162884  0.144451  0.082109  0.116273  0.166726  0.238696  0.118975  0.181316  0.179902  0.460599  0.118604  0.158989  0.145741  0.092752  0.184277  0.136116  0.129831  0.170440  0.166831  0.249540  0.141834  0.127961  0.134746  0.153189  0.104511  0.336178  0.137601  0.314100  0.271468  0.259419  0.143014  0.153892  0.130992  0.236994  0.125323 
9  0.207380  0.401619  0.345618  0.207536  0.198764  0.305130  0.200384  0.093961  0.271493 0.0  0.232037  0.130380  0.133359  0.363685  0.278053  0.183517  0.525124  0.277471  0.123738  0.308207  0.180122  0.366617  0.096710  0.317282  0.428026  0.455304  0.083780  0.076791  0.073757  0.175156  0.160108  0.186463  0.178818  0.325675  0.388955  0.152637  0.085989  0.391520  0.170012  0.353012  0.400472  0.299648  0.210085  0.199906  0.360339  0.230686  0.167662  0.211725  0.193829  0.193760  0.238624  0.155652  0.203800  0.074565  0.268270  0.091560  0.149378  0.313334  0.435956  0.087508  0.236510  0.229604  0.092538  0.755283  0.182644  0.190080  0.219733  0.337103  0.339872  0.347213  0.193152  0.194862  0.198106  0.266324  0.320145  0.229126  0.187474  0.211980  0.211362  0.300912  0.104130  0.086704  0.383151  0.199257  0.188023  0.181585  0.348746  0.087023  0.493394  0.139254  0.190817  0.081376  0.333577  0.293962  0.221379  0.304289  0.089013  0.399632  0.202722  0.091388  0.235683  0.096343  0.449229  0.125987  0.158325  0.101890  0.094605  0.488484  0.198572  0.196653  0.168541  0.181428  0.217033  0.290048  0.349247  0.179207  0.369932  0.298153  0.180687  0.433629  0.299795  0.215455  0.178164  0.381494  0.223523  0.187658  0.222165  0.261622  0.399478  0.171603  0.098769  0.234905  0.312265  0.327579  0.305962  0.219531  0.138110  0.278256  0.078022  0.526282  0.091013  0.182225  0.360432  0.251351  0.084546  0.281237 
10  0.074563  0.249947  0.288848  0.075171  0.081327  0.171978  0.080259  0.189212  0.130697  0.232037 0.0  0.144210  0.167889  0.243573  0.118989  0.112602  0.340128  0.246605  0.185484  0.175211  0.084894  0.228120  0.214309  0.177788  0.315205  0.294588  0.192907  0.208963  0.224907  0.090981  0.133959  0.096882  0.122064  0.424776  0.248298  0.126649  0.198308  0.300073  0.089769  0.267824  0.331536  0.131174  0.073274  0.085640  0.240992  0.091965  0.141514  0.085491  0.171191  0.249634  0.091715  0.140218  0.069957  0.207070  0.192988  0.215473  0.151644  0.205528  0.304443  0.191188  0.093647  0.094896  0.209356  0.635107  0.316067  0.079324  0.078333  0.240476  0.181349  0.220756  0.090210  0.094465  0.155247  0.138179  0.392227  0.070205  0.089307  0.083613  0.105419  0.201322  0.178347  0.204992  0.247581  0.094205  0.105514  0.113936  0.220008  0.199409  0.344783  0.247636  0.318713  0.192906  0.150824  0.176557  0.072084  0.184716  0.189402  0.273096  0.147762  0.162869  0.137705  0.187456  0.538926  0.240843  0.130805  0.200933  0.211609  0.271649  0.074190  0.106792  0.123317  0.093717  0.088119  0.126914  0.157820  0.112023  0.264934  0.191826  0.109911  0.233800  0.479318  0.079897  0.098446  0.176310  0.100827  0.115256  0.099418  0.190938  0.239908  0.100562  0.185179  0.098771  0.178304  0.181344  0.198668  0.100625  0.227075  0.165460  0.177247  0.356708  0.187532  0.092397  0.209015  0.149092  0.178555  0.161371 
11  0.145565  0.325504  0.311195  0.137375  0.145621  0.235499  0.143727  0.111502  0.236684  0.130380  0.144210 0.0  0.091950  0.354841  0.200394  0.105427  0.388338  0.307441  0.105034  0.233321  0.147458  0.309914  0.131512  0.204954  0.423928  0.361618  0.128279  0.130675  0.140069  0.131455  0.078169  0.134805  0.111853  0.335461  0.312316  0.090883  0.125669  0.344388  0.135028  0.312987  0.413594  0.239476  0.149045  0.134269  0.319631  0.137399  0.086462  0.139774  0.157225  0.163505  0.158872  0.076404  0.146917  0.138405  0.281471  0.122442  0.073977  0.263010  0.398950  0.124730  0.158913  0.169644  0.110896  0.568465  0.246718  0.146032  0.142051  0.277647  0.276558  0.297683  0.168970  0.130646  0.164658  0.213718  0.353100  0.156398  0.135691  0.150710  0.156346  0.300074  0.108546  0.122210  0.368138  0.131202  0.131785  0.121794  0.287817  0.119572  0.434495  0.185983  0.221404  0.149297  0.235713  0.248732  0.140355  0.260033  0.116464  0.305806  0.163612  0.117721  0.176932  0.110307  0.487690  0.166044  0.096807  0.106924  0.118042  0.359167  0.148227  0.120996  0.095006  0.125290  0.146121  0.186431  0.250460  0.118945  0.382560  0.255605  0.117626  0.351186  0.325907  0.151245  0.120524  0.248839  0.186586  0.108348  0.130937  0.249554  0.328507  0.121589  0.113839  0.132183  0.239753  0.265546  0.283211  0.181021  0.168425  0.240200  0.134403  0.459871  0.124472  0.133043  0.248411  0.215342  0.147779  0.266116 
12  0.183945  0.360984  0.348113  0.190436  0.174847  0.267827  0.155350  0.093557  0.213466  0.133359  0.167889  0.091950 0.0  0.319502  0.250309  0.131982  0.417788  0.336213  0.077645  0.335614  0.182405  0.307353  0.122618  0.291157  0.439959  0.445767  0.110347  0.118355  0.117404  0.157048  0.098656  0.156765  0.136773  0.324446  0.333777  0.115200  0.125594  0.291296  0.162896  0.421159  0.436473  0.247447  0.182210  0.139691  0.347798  0.171814  0.104328  0.166195  0.148002  0.144229  0.195154  0.093000  0.171544  0.134987  0.274024  0.105474  0.099742  0.316490  0.378409  0.106283  0.190153  0.166665  0.106962  0.676059  0.231075  0.169098  0.177650  0.333376  0.290394  0.348956  0.183439  0.143978  0.165635  0.253838  0.333765  0.173190  0.143059  0.173030  0.170354  0.334713  0.089648  0.113268  0.309454  0.159542  0.163561  0.143531  0.306682  0.107466  0.469200  0.166700  0.202855  0.129700  0.258505  0.236038  0.168288  0.255276  0.105165  0.340043  0.165029  0.108565  0.192108  0.100724  0.465973  0.122590  0.125357  0.093484  0.100175  0.411677  0.158211  0.142413  0.124712  0.162643  0.165060  0.199540  0.273088  0.148483  0.304270  0.293332  0.125404  0.343069  0.328004  0.184294  0.142097  0.281957  0.192356  0.133053  0.160268  0.293633  0.351479  0.152792  0.096265  0.164318  0.299070  0.304986  0.275752  0.200187  0.149522  0.274687  0.118277  0.488916  0.092928  0.162822  0.358106  0.222963  0.141636  0.273395 
13  0.215148  0.139115  0.137459  0.246939  0.263270  0.162003  0.241752  0.371373  0.173314  0.363685  0.243573  0.354841  0.319502 0.0  0.183691  0.308446  0.151125  0.128879  0.356813  0.135796  0.247891  0.105242  0.343693  0.222749  0.138152  0.117425  0.407812  0.350352  0.390294  0.271328  0.310858  0.223067  0.306034  0.531571  0.105427  0.339312  0.400345  0.110168  0.298315  0.114695  0.137977  0.175700  0.253119  0.248269  0.076430  0.251069  0.301351  0.257219  0.351998  0.344330  0.206942  0.326367  0.264105  0.404403  0.183673  0.345456  0.352303  0.163617  0.170999  0.375624  0.229989  0.212851  0.373813  0.541617  0.531746  0.278536  0.251092  0.117858  0.146989  0.163568  0.218997  0.283349  0.315980  0.190478  0.523196  0.248059  0.265785  0.280459  0.263737  0.101262  0.303962  0.393076  0.115484  0.263088  0.267997  0.304287  0.169244  0.406525  0.165542  0.441205  0.470597  0.377955  0.161193  0.167705  0.227570  0.152968  0.391206  0.120761  0.320129  0.324589  0.270756  0.366512  0.701970  0.397263  0.281552  0.365399  0.379870  0.164547  0.269318  0.257551  0.241682  0.306087  0.237188  0.209917  0.144739  0.266816  0.165757  0.140390  0.264970  0.118373  0.540824  0.234886  0.278612  0.101386  0.197794  0.288061  0.274170  0.181234  0.082513  0.281181  0.428855  0.265432  0.156321  0.176928  0.136181  0.218924  0.397460  0.181410  0.394927  0.188089  0.397015  0.237752  0.136656  0.237651  0.442162  0.143217 
14  0.135297  0.201877  0.220134  0.133527  0.138688  0.114721  0.150219  0.238616  0.075116  0.278053  0.118989  0.200394  0.250309  0.183691 0.0  0.156529  0.265207  0.156532  0.244024  0.117790  0.134435  0.147579  0.250604  0.151130  0.265400  0.216860  0.254765  0.249505  0.266140  0.168715  0.226171  0.164498  0.159081  0.468211  0.158751  0.176243  0.245219  0.198921  0.148939  0.209024  0.247136  0.083749  0.139668  0.156842  0.187383  0.138573  0.207179  0.155455  0.224710  0.260053  0.117581  0.232184  0.144823  0.278176  0.123711  0.272965  0.195512  0.151196  0.251799  0.266208  0.133693  0.124373  0.263340  0.594907  0.314166  0.136130  0.147173  0.154098  0.154074  0.159634  0.117058  0.158446  0.207557  0.080467  0.524586  0.131241  0.151108  0.147004  0.149987  0.138884  0.240711  0.254548  0.189041  0.151176  0.149216  0.174501  0.173497  0.242862  0.322479  0.323730  0.338455  0.260543  0.110886  0.116538  0.135527  0.110586  0.300478  0.192076  0.197362  0.266940  0.135559  0.228094  0.664964  0.327269  0.193959  0.248410  0.275119  0.230737  0.134477  0.171364  0.180074  0.163382  0.157575  0.085323  0.113205  0.174081  0.217192  0.109235  0.175507  0.184041  0.521282  0.126762  0.158072  0.127021  0.097171  0.184385  0.151467  0.136482  0.172433  0.140079  0.274490  0.156592  0.124555  0.136391  0.139747  0.101438  0.332805  0.127675  0.265837  0.292777  0.260939  0.156483  0.142665  0.131279  0.263199  0.120701 
15  0.120571  0.267257  0.308532  0.118996  0.128127  0.212223  0.105500  0.144811  0.177591  0.183517  0.112602  0.105427  0.131982  0.308446  0.156529 0.0  0.373427  0.262192  0.132525  0.227863  0.101153  0.283659  0.176620  0.185425  0.368102  0.327722  0.171107  0.158540  0.175565  0.106001  0.104080  0.094957  0.075621  0.339157  0.255056  0.084796  0.165565  0.345323  0.098299  0.291463  0.330127  0.179238  0.106720  0.100426  0.305590  0.120250  0.091685  0.095910  0.153776  0.168074  0.138177  0.105794  0.112535  0.163735  0.221781  0.155194  0.101996  0.236064  0.346669  0.151372  0.120432  0.116893  0.155686  0.654865  0.292501  0.109687  0.111293  0.241193  0.241720  0.274129  0.125999  0.100950  0.135311  0.173509  0.382450  0.118545  0.103067  0.115026  0.104669  0.277302  0.155936  0.160872  0.276013  0.092440  0.099826  0.080523  0.239687  0.165964  0.422825  0.227236  0.275324  0.175234  0.211439  0.196060  0.113719  0.210706  0.147381  0.328518  0.135512  0.153538  0.157873  0.162735  0.627942  0.204134  0.086253  0.151797  0.163677  0.319285  0.118273  0.084293  0.078326  0.106177  0.105244  0.153529  0.183988  0.100792  0.321253  0.233802  0.075015  0.274985  0.382097  0.123488  0.099491  0.221027  0.138843  0.073596  0.103116  0.202183  0.310747  0.091908  0.142009  0.102822  0.230327  0.230659  0.266552  0.141082  0.208774  0.198282  0.168211  0.411780  0.156572  0.097982  0.266514  0.186991  0.178465  0.198224 
16  0.297210  0.195945  0.221828  0.277913  0.301994  0.232873  0.338047  0.502253  0.267168  0.525124  0.340128  0.388338  0.417788  0.151125  0.265207  0.373427 0.0  0.202975  0.440189  0.216815  0.361623  0.192074  0.407095  0.304890  0.131681  0.141715  0.455772  0.469154  0.468312  0.357553  0.446816  0.334074  0.397440  0.593420  0.204582  0.441921  0.459224  0.144630  0.371190  0.207276  0.108569  0.221103  0.352698  0.313262  0.179328  0.272403  0.400126  0.296712  0.449122  0.454168  0.291870  0.437493  0.328569  0.474146  0.225530  0.370790  0.431833  0.199056  0.124883  0.466313  0.338532  0.367250  0.440153  0.406607  0.506609  0.333194  0.361188  0.235417  0.191982  0.208803  0.336405  0.367806  0.384773  0.296763  0.839893  0.332477  0.383172  0.363795  0.371957  0.194018  0.427269  0.509571  0.149871  0.401730  0.389264  0.418307  0.196308  0.513503  0.080557  0.487409  0.588048  0.381756  0.206714  0.280281  0.343359  0.219090  0.487469  0.171846  0.346977  0.433698  0.357860  0.388798  0.731412  0.525812  0.375838  0.512323  0.434888  0.225570  0.336440  0.385256  0.371026  0.351428  0.282186  0.290307  0.284704  0.331729  0.136067  0.217433  0.365088  0.219519  0.684722  0.346410  0.391681  0.219804  0.318340  0.382043  0.317211  0.219721  0.161769  0.357706  0.404351  0.325344  0.221523  0.211881  0.224493  0.291251  0.475816  0.260611  0.453758  0.094770  0.479873  0.376868  0.187975  0.298030  0.475790  0.255692 
17  0.199979  0.193003  0.190734  0.222078  0.240698  0.113365  0.227468  0.335820  0.147876  0.277471  0.246605  0.307441  0.336213  0.128879  0.156532  0.262192  0.202975 0.0  0.373688  0.102335  0.247461  0.145335  0.310566  0.245594  0.166683  0.173115  0.357858  0.345888  0.328111  0.235435  0.295380  0.199634  0.262673  0.557964  0.137272  0.284876  0.326804  0.121686  0.226341  0.173892  0.136359  0.155542  0.212710  0.227386  0.124606  0.198356  0.297301  0.205469  0.334520  0.334240  0.160067  0.264581  0.194334  0.345714  0.111528  0.326137  0.297543  0.100639  0.156992  0.354248  0.206025  0.237284  0.308132  0.455742  0.349417  0.211036  0.202820  0.144686  0.084660  0.095683  0.201986  0.228596  0.278160  0.153991  0.630050  0.223803  0.241445  0.227342  0.228614  0.131859  0.334439  0.329440  0.100112  0.229031  0.236007  0.268758  0.101095  0.308305  0.192229  0.385688  0.508872  0.362893  0.122573  0.176156  0.218864  0.112361  0.373831  0.161846  0.286539  0.377767  0.244015  0.357712  0.751456  0.365587  0.272456  0.308848  0.343186  0.230027  0.195359  0.220327  0.269827  0.256556  0.211109  0.161588  0.149213  0.274077  0.142464  0.112502  0.260671  0.177172  0.579881  0.181983  0.223295  0.136332  0.171150  0.270000  0.245846  0.106245  0.129842  0.227032  0.306641  0.226493  0.106811  0.113145  0.092871  0.205559  0.406539  0.193203  0.349638  0.190399  0.325755  0.231003  0.084463  0.207726  0.340211  0.192696 
18  0.183164  0.356529  0.313064  0.207037  0.194149  0.294457  0.175418  0.090949  0.257257  0.123738  0.185484  0.105034  0.077645  0.356813  0.244024  0.132525  0.440189  0.373688 0.0  0.280710  0.174366  0.405263  0.125109  0.273645  0.449021  0.445109  0.109346  0.110366  0.111314  0.165771  0.103895  0.155512  0.150374  0.275575  0.344263  0.115463  0.119060  0.376243  0.166176  0.360949  0.348528  0.235591  0.182271  0.161966  0.331860  0.196418  0.114489  0.162150  0.164208  0.159801  0.193283  0.100337  0.167670  0.112909  0.249756  0.092451  0.103348  0.303152  0.386229  0.095628  0.185504  0.192947  0.090063  0.659005  0.217494  0.191938  0.159281  0.304117  0.295918  0.318569  0.189126  0.152507  0.182590  0.255972  0.293205  0.167247  0.162492  0.178894  0.161441  0.304416  0.081392  0.101137  0.354257  0.166122  0.151794  0.154756  0.292230  0.100852  0.490005  0.161213  0.189525  0.129370  0.277885  0.264436  0.194016  0.273308  0.095293  0.308990  0.178161  0.097164  0.208525  0.098846  0.507560  0.122480  0.121849  0.089975  0.100456  0.373843  0.179706  0.165728  0.130002  0.148134  0.177291  0.240831  0.276293  0.147322  0.407747  0.323194  0.133209  0.323789  0.257213  0.186283  0.148282  0.330596  0.211681  0.138131  0.159422  0.265495  0.375402  0.153226  0.090329  0.174988  0.282277  0.271149  0.300982  0.185315  0.128209  0.260062  0.107989  0.436926  0.093084  0.160629  0.241513  0.201466  0.131673  0.245401 
19  0.183780  0.186462  0.171652  0.194746  0.159362  0.079943  0.194913  0.312249  0.117563  0.308207  0.175211  0.233321  0.335614  0.135796  0.117790  0.227863  0.216815  0.102335  0.280710 0.0  0.186124  0.152882  0.331492  0.201182  0.230916  0.191571  0.292227  0.331870  0.288733  0.213166  0.248616  0.184935  0.227422  0.457489  0.138038  0.235753  0.292992  0.166397  0.193836  0.162422  0.154691  0.109349  0.197567  0.184728  0.142847  0.187671  0.232408  0.205691  0.294671  0.337726  0.166352  0.250032  0.169395  0.289251  0.091778  0.275499  0.291735  0.106191  0.204510  0.299459  0.188733  0.180854  0.276755  0.484069  0.372892  0.191211  0.204057  0.130749  0.091392  0.116000  0.175110  0.212799  0.219890  0.121778  0.573180  0.172384  0.201792  0.178374  0.204958  0.134874  0.268135  0.313014  0.139662  0.185301  0.203479  0.224503  0.122513  0.285417  0.253839  0.392436  0.462961  0.345794  0.085744  0.147154  0.172743  0.081862  0.274512  0.188685  0.248050  0.321910  0.199675  0.268775  0.684481  0.343570  0.244763  0.252867  0.287970  0.234812  0.195322  0.240103  0.248385  0.230071  0.206589  0.146320  0.123741  0.217441  0.184291  0.090067  0.221201  0.164297  0.403784  0.173979  0.218609  0.124487  0.155203  0.213723  0.206774  0.089245  0.150113  0.196301  0.319104  0.186478  0.095159  0.096106  0.090467  0.143239  0.322691  0.174859  0.323121  0.260452  0.309247  0.214946  0.094447  0.182091  0.306486  0.159743 
20  0.083550  0.254011  0.247776  0.082679  0.093071  0.190346  0.074631  0.186785  0.137109  0.180122  0.084894  0.147458  0.182405  0.247891  0.134435  0.101153  0.361623  0.247461  0.174366  0.186124 0.0  0.205198  0.185856  0.157565  0.327315  0.320468  0.206977  0.203305  0.198223  0.092960  0.127249  0.092972  0.095537  0.422488  0.225411  0.122422  0.185904  0.272629  0.089963  0.276516  0.303444  0.152589  0.080935  0.076298  0.228577  0.092098  0.129607  0.073659  0.162733  0.195229  0.101720  0.129007  0.085725  0.197502  0.173558  0.198708  0.137071  0.218251  0.273611  0.186078  0.084767  0.089188  0.158519  0.621525  0.334679  0.075747  0.076230  0.226315  0.215532  0.212027  0.089958  0.089524  0.151285  0.138791  0.368530  0.082153  0.090793  0.096993  0.086251  0.216292  0.172872  0.198588  0.261808  0.078198  0.084509  0.097492  0.227060  0.181409  0.337972  0.284925  0.278661  0.194369  0.177780  0.150580  0.086788  0.174142  0.177564  0.265523  0.137867  0.175244  0.138515  0.190276  0.563889  0.241202  0.108016  0.191073  0.198850  0.280771  0.083501  0.088214  0.109275  0.106530  0.094528  0.135612  0.178475  0.112431  0.284655  0.180383  0.101320  0.264779  0.392577  0.087481  0.096468  0.191547  0.119607  0.100277  0.084309  0.196623  0.246191  0.084904  0.176673  0.084253  0.225480  0.192784  0.218338  0.111206  0.204759  0.171604  0.181916  0.398139  0.182685  0.099915  0.200791  0.145271  0.220723  0.166185 
21  0.230063  0.115525  0.110677  0.220189  0.223716  0.136749  0.193054  0.322325  0.157211  0.366617  0.228120  0.309914  0.307353  0.105242  0.147579  0.283659  0.192074  0.145335  0.405263  0.152882  0.205198 0.0  0.407753  0.159653  0.175532  0.152262  0.363686  0.409235  0.360998  0.271434  0.279658  0.259692  0.246041  0.514091  0.075866  0.293903  0.317606  0.138782  0.215626  0.099589  0.173615  0.153933  0.203843  0.274473  0.113067  0.223428  0.311345  0.220914  0.281146  0.354312  0.207021  0.273737  0.236892  0.365356  0.165211  0.364529  0.303637  0.178631  0.193014  0.332169  0.201102  0.220046  0.344613  0.620019  0.396733  0.188199  0.214398  0.079216  0.161444  0.188408  0.199831  0.264953  0.256388  0.172537  0.689265  0.214840  0.253613  0.243910  0.216246  0.084375  0.386508  0.390612  0.137970  0.234865  0.255889  0.258158  0.168852  0.348310  0.232898  0.413929  0.499101  0.328476  0.130380  0.124144  0.220361  0.146282  0.335524  0.109475  0.268826  0.332826  0.195274  0.347363  0.714973  0.358762  0.311346  0.366434  0.354898  0.135532  0.216849  0.247484  0.248936  0.254577  0.226033  0.173444  0.124422  0.252883  0.208095  0.131037  0.241036  0.102079  0.558077  0.226037  0.301147  0.090037  0.154065  0.280642  0.216746  0.154983  0.125473  0.225683  0.322015  0.244926  0.178307  0.160920  0.138138  0.208312  0.368144  0.152828  0.385796  0.198759  0.380996  0.259321  0.153712  0.172337  0.298729  0.135573 
22  0.204793  0.381004  0.413784  0.187556  0.170346  0.269359  0.165890  0.102033  0.250080  0.096710  0.214309  0.131512  0.122618  0.343693  0.250604  0.176620  0.407095  0.310566  0.125109  0.331492  0.185856  0.407753 0.0  0.296357  0.457715  0.426768  0.094538  0.091177  0.094052  0.186007  0.140872  0.160563  0.169451  0.405340  0.313493  0.155812  0.077560  0.376544  0.169266  0.347336  0.378682  0.311328  0.173987  0.176243  0.334674  0.191108  0.154656  0.177518  0.200817  0.208945  0.203845  0.124306  0.193411  0.091042  0.260391  0.098608  0.137527  0.225227  0.367573  0.098466  0.214010  0.222174  0.101151  0.582291  0.181466  0.187528  0.207423  0.360215  0.288927  0.296939  0.214707  0.183585  0.235838  0.234113  0.372900  0.208016  0.188450  0.158468  0.200054  0.327410  0.103485  0.095587  0.357764  0.177645  0.189553  0.176886  0.324661  0.101999  0.422704  0.171175  0.171402  0.083687  0.268614  0.291767  0.179394  0.279840  0.096966  0.393311  0.223945  0.093041  0.250838  0.098032  0.460716  0.145845  0.146172  0.103140  0.093951  0.442316  0.186371  0.178684  0.150373  0.161775  0.191486  0.251944  0.299619  0.144681  0.348282  0.378829  0.175281  0.365068  0.277436  0.186128  0.167049  0.269610  0.225453  0.166557  0.196227  0.274157  0.362907  0.188111  0.102838  0.202067  0.294906  0.275957  0.312548  0.248722  0.154001  0.271440  0.090603  0.499256  0.099667  0.164234  0.302950  0.258904  0.076025  0.270868 
23  0.188571  0.167311  0.206455  0.178604  0.192890  0.198067  0.170723  0.320428  0.184153  0.317282  0.177788  0.204954  0.291157  0.222749  0.151130  0.185425  0.304890  0.245594  0.273645  0.201182  0.157565  0.159653  0.296357 0.0  0.253151  0.245887  0.281908  0.301203  0.326871  0.200355  0.240168  0.217810  0.190963  0.425584  0.155197  0.196169  0.238368  0.266908  0.195928  0.197018  0.282735  0.164019  0.192540  0.179923  0.222691  0.140505  0.238668  0.170861  0.181929  0.209093  0.152251  0.205431  0.184351  0.281398  0.221547  0.273985  0.221668  0.248360  0.253009  0.260686  0.167508  0.157878  0.273738  0.559570  0.395420  0.166828  0.176286  0.187911  0.264823  0.260084  0.144648  0.189835  0.144232  0.187147  0.474363  0.176396  0.206149  0.177574  0.142998  0.196542  0.272364  0.272837  0.219639  0.181683  0.185499  0.168567  0.268825  0.294717  0.305515  0.351134  0.401329  0.325908  0.214491  0.129430  0.169197  0.186796  0.271017  0.199900  0.139568  0.292078  0.107061  0.262312  0.553702  0.268616  0.205213  0.258395  0.255065  0.205185  0.190902  0.183689  0.195715  0.211171  0.190947  0.174635  0.143229  0.192528  0.299133  0.193389  0.192924  0.204928  0.428877  0.162807  0.207065  0.194803  0.157855  0.186326  0.163822  0.227415  0.214052  0.179079  0.244510  0.154182  0.218625  0.190231  0.225034  0.171682  0.243433  0.102528  0.232451  0.329915  0.257514  0.198121  0.224795  0.104396  0.298965  0.103921 
24  0.291795  0.162143  0.158165  0.308336  0.307837  0.227250  0.286120  0.421204  0.253135  0.428026  0.315205  0.423928  0.439959  0.138152  0.265400  0.368102  0.131681  0.166683  0.449021  0.230916  0.327315  0.175532  0.457715  0.253151 0.0  0.089100  0.491765  0.445334  0.494999  0.342651  0.394421  0.321942  0.397667  0.611810  0.151106  0.403389  0.426381  0.135838  0.390359  0.145516  0.138769  0.234124  0.313279  0.350160  0.129231  0.299754  0.345352  0.306354  0.375781  0.443496  0.246672  0.335422  0.278714  0.464144  0.245935  0.408434  0.395241  0.230439  0.166422  0.419039  0.283800  0.311767  0.421013  0.434759  0.573600  0.360546  0.283439  0.179325  0.194701  0.198068  0.277433  0.280484  0.365153  0.217691  0.829681  0.316293  0.333352  0.304854  0.267028  0.171882  0.434655  0.422583  0.161550  0.332134  0.290521  0.296030  0.219312  0.403028  0.125198  0.475276  0.515621  0.416283  0.204716  0.208461  0.348464  0.230100  0.436977  0.147721  0.366266  0.400628  0.279264  0.449878  0.829908  0.475533  0.333650  0.436733  0.426384  0.175545  0.374723  0.334708  0.395735  0.342964  0.334128  0.279210  0.218347  0.363531  0.181056  0.203758  0.315551  0.153024  0.618085  0.334087  0.293361  0.154981  0.261712  0.354555  0.330718  0.214260  0.143894  0.354007  0.416518  0.299066  0.234237  0.217510  0.192527  0.281172  0.467372  0.212503  0.459614  0.112916  0.436685  0.326559  0.187431  0.264998  0.421269  0.252185 
25  0.254775  0.151359  0.158035  0.328172  0.340024  0.197594  0.306417  0.404517  0.251555  0.455304  0.294588  0.361618  0.445767  0.117425  0.216860  0.327722  0.141715  0.173115  0.445109  0.191571  0.320468  0.152262  0.426768  0.245887  0.089100 0.0  0.392917  0.416117  0.462851  0.281012  0.383061  0.318942  0.260651  0.484113  0.139281  0.385977  0.447067  0.118010  0.366197  0.128497  0.127303  0.226445  0.319612  0.385338  0.123030  0.310150  0.424085  0.329630  0.382753  0.436397  0.277187  0.385433  0.328779  0.419767  0.230517  0.473186  0.361892  0.181303  0.156785  0.461066  0.265942  0.270246  0.466439  0.471604  0.451902  0.309708  0.314291  0.145851  0.188266  0.195247  0.274166  0.328133  0.408140  0.220275  0.667394  0.317146  0.291871  0.273121  0.301259  0.164973  0.412235  0.364805  0.149634  0.369300  0.304453  0.317675  0.191590  0.393338  0.137950  0.419269  0.656445  0.510317  0.211056  0.228387  0.311134  0.202216  0.399350  0.143116  0.332096  0.469561  0.279961  0.362129  0.903459  0.508046  0.312081  0.409714  0.467667  0.161676  0.285860  0.318145  0.308770  0.321027  0.284835  0.229761  0.198273  0.327228  0.172959  0.193867  0.332194  0.137766  0.598663  0.268589  0.354116  0.172738  0.266356  0.379835  0.335641  0.242587  0.124529  0.341816  0.425972  0.313815  0.205815  0.235067  0.190532  0.260734  0.473055  0.257874  0.382777  0.117686  0.409087  0.354782  0.196551  0.271177  0.302413  0.207080 
26  0.171991  0.398906  0.329474  0.193666  0.202564  0.309888  0.198327  0.082293  0.237830  0.083780  0.192907  0.128279  0.110347  0.407812  0.254765  0.171107  0.455772  0.357858  0.109346  0.292227  0.206977  0.363686  0.094538  0.281908  0.491765  0.392917 0.0  0.076223  0.083730  0.171200  0.133925  0.179459  0.173051  0.339538  0.323816  0.149540  0.088145  0.450070  0.183400  0.340249  0.442282  0.253239  0.192278  0.175955  0.391935  0.204200  0.126038  0.166605  0.198900  0.156435  0.241513  0.124706  0.191745  0.079918  0.292410  0.075057  0.133897  0.312650  0.453185  0.076690  0.202577  0.207601  0.081914  0.571910  0.194818  0.174960  0.199860  0.308689  0.353170  0.321055  0.210088  0.192604  0.215574  0.235615  0.303343  0.195608  0.175492  0.202144  0.204591  0.350240  0.092443  0.070183  0.351634  0.200024  0.187638  0.180071  0.294624  0.074130  0.463613  0.170622  0.189596  0.093892  0.267010  0.334265  0.201500  0.334900  0.075353  0.371625  0.239523  0.076971  0.271167  0.081995  0.414644  0.115083  0.144444  0.084803  0.077116  0.406244  0.200607  0.180891  0.152139  0.163330  0.193496  0.236599  0.302836  0.156205  0.349693  0.286138  0.176290  0.430126  0.310512  0.200020  0.175396  0.279796  0.225828  0.180126  0.174224  0.288569  0.353748  0.171152  0.083116  0.216141  0.281317  0.301558  0.296747  0.220348  0.152891  0.288813  0.075962  0.522883  0.081036  0.163408  0.315889  0.280260  0.093578  0.258870 
