146
0 0.0  0.285988  0.272438  0.139170  0.085727  0.276320  0.081244  0.135471  0.220443  0.248527  0.212730  0.103346  0.211745  0.306835  0.213172  0.105591  0.423723  0.174604  0.231782  0.188458  0.117380  0.173323  0.211386  0.081244  0.358774  0.300656  0.188219  0.203196  0.360140  0.159718  0.220246  0.237346  0.145932  0.464595  0.255760  0.200173  0.224384  0.368734  0.081244  0.345305  0.192513  0.182349  0.081244  0.154544  0.321704  0.110054  0.149398  0.081244  0.142319  0.295520  0.081244  0.215639  0.081244  0.231286  0.196243  0.131411  0.259057  0.316730  0.292814  0.171784  0.202281  0.102720  0.313597  0.513145  0.272208  0.160924  0.081244  0.198486  0.264964  0.208267  0.081244  0.109641  0.337174  0.125825  0.565796  0.081244  0.143664  0.098052  0.105773  0.171168  0.133362  0.207970  0.336841  0.100050  0.081244  0.178912  0.278403  0.288461  0.337600  0.342414  0.262036  0.256091  0.221172  0.172098  0.096192  0.284742  0.181880  0.332590  0.135604  0.145132  0.170175  0.198978  0.676180  0.243713  0.129994  0.243731  0.151664  0.302494  0.081244  0.081244  0.124645  0.081244  0.092594  0.081244  0.094114  0.191393  0.301682  0.139267  0.081244  0.156019  0.419870  0.126270  0.145520  0.289696  0.114609  0.115835  0.090585  0.165940  0.196538  0.081244  0.214389  0.185027  0.203657  0.201747  0.139695  0.195750  0.397582  0.122171  0.272788  0.376972  0.263922  0.081244  0.176914  0.187679  0.213554  0.169631 
1  0.285988 0.0  0.081244  0.298810  0.332168  0.172968  0.225705  0.552212  0.216290  0.404991  0.338066  0.278251  0.323605  0.219591  0.215042  0.403872  0.203343  0.202051  0.420057  0.182762  0.373285  0.183882  0.334035  0.215265  0.081244  0.118455  0.453159  0.379866  0.526305  0.258612  0.274936  0.268073  0.413296  0.458284  0.087061  0.348341  0.428391  0.146400  0.456946  0.081244  0.277867  0.298626  0.305246  0.284715  0.131228  0.233959  0.358893  0.259551  0.304482  0.357471  0.173054  0.430055  0.237511  0.478016  0.247911  0.416910  0.311276  0.220410  0.154610  0.417932  0.240749  0.180287  0.354182  0.562812  0.509468  0.251896  0.214119  0.144349  0.277185  0.306894  0.166449  0.215189  0.260994  0.105163  0.677964  0.253164  0.143679  0.380969  0.312302  0.081244  0.304583  0.342242  0.229567  0.409640  0.360054  0.244987  0.192332  0.387103  0.203374  0.429742  0.505617  0.465295  0.225380  0.145223  0.360179  0.139216  0.383908  0.081244  0.191103  0.410243  0.178659  0.273133  0.836292  0.357990  0.376993  0.393511  0.423201  0.081244  0.272907  0.246842  0.464803  0.294264  0.244340  0.189235  0.081244  0.365690  0.338091  0.245778  0.345233  0.160121  0.617667  0.330230  0.320317  0.200440  0.245689  0.252895  0.304114  0.137672  0.143995  0.398528  0.550393  0.251872  0.218635  0.169326  0.252869  0.194680  0.511438  0.256800  0.341498  0.195876  0.395533  0.231794  0.124854  0.284442  0.505096  0.204557 
2  0.272438  0.081244 0.0  0.192120  0.294254  0.143809  0.349392  0.399771  0.176866  0.338251  0.305472  0.350875  0.454677  0.146670  0.290598  0.313736  0.219705  0.182407  0.317386  0.140514  0.245774  0.081244  0.402892  0.191791  0.187327  0.081244  0.522903  0.394287  0.448129  0.269687  0.366616  0.354714  0.330814  0.486094  0.155438  0.320028  0.354569  0.190517  0.341609  0.081244  0.081244  0.229121  0.278300  0.243310  0.081244  0.297005  0.417294  0.365612  0.230860  0.409485  0.365363  0.336571  0.234679  0.488401  0.297165  0.409678  0.351822  0.170777  0.210056  0.355093  0.296129  0.273028  0.366463  0.619322  0.587242  0.317399  0.165027  0.175530  0.198173  0.307256  0.267551  0.266804  0.290502  0.237871  0.622179  0.264410  0.319483  0.374075  0.232104  0.081244  0.401869  0.358331  0.220159  0.400736  0.332260  0.237263  0.241335  0.397249  0.180983  0.375823  0.464456  0.371657  0.279289  0.116355  0.189522  0.197172  0.503630  0.207424  0.256728  0.437280  0.334229  0.356749  0.862937  0.404263  0.306299  0.320633  0.475544  0.209535  0.213721  0.278183  0.334020  0.325898  0.225163  0.145768  0.196835  0.334429  0.171671  0.306117  0.256734  0.081244  0.790026  0.234631  0.260016  0.146669  0.245856  0.316402  0.293602  0.316277  0.153347  0.264303  0.354456  0.282715  0.299485  0.182057  0.149812  0.195519  0.407208  0.154175  0.348282  0.243260  0.425811  0.242084  0.277381  0.225798  0.409451  0.241993 
3  0.139170  0.298810  0.192120 0.0  0.168243  0.169382  0.095367  0.294639  0.081244  0.157419  0.147741  0.178694  0.177319  0.214995  0.081244  0.167840  0.409846  0.142898  0.227339  0.185763  0.081244  0.249725  0.278275  0.170664  0.293451  0.269173  0.224310  0.227753  0.260469  0.081244  0.194856  0.081244  0.081244  0.424118  0.284266  0.246759  0.263927  0.167932  0.190805  0.331092  0.376627  0.168595  0.092912  0.081244  0.365885  0.154115  0.081244  0.213857  0.246274  0.245411  0.148595  0.192862  0.081244  0.269545  0.253658  0.149739  0.160360  0.233043  0.259884  0.248372  0.126016  0.100880  0.167128  0.639205  0.346241  0.081244  0.176846  0.168075  0.349417  0.232626  0.081244  0.081244  0.119381  0.081244  0.542829  0.097823  0.140703  0.109000  0.081244  0.155915  0.212469  0.196796  0.190101  0.147822  0.226159  0.087026  0.260719  0.217673  0.367461  0.333963  0.309746  0.265331  0.081244  0.245334  0.081244  0.191838  0.207936  0.290294  0.246128  0.273725  0.128839  0.156700  0.541471  0.334443  0.174251  0.205168  0.188057  0.210979  0.139033  0.106462  0.156337  0.108375  0.081244  0.081244  0.232077  0.255510  0.284128  0.188358  0.160687  0.217357  0.362878  0.103381  0.156820  0.157219  0.081244  0.193956  0.081244  0.183999  0.134376  0.125812  0.205639  0.213003  0.128246  0.258493  0.191639  0.129083  0.254684  0.089906  0.250350  0.373891  0.253299  0.107389  0.333427  0.138026  0.293121  0.139513 
4  0.085727  0.332168  0.294254  0.168243 0.0  0.206212  0.123482  0.190207  0.234401  0.217957  0.081244  0.173228  0.268359  0.295825  0.291296  0.206513  0.465955  0.232118  0.105378  0.142378  0.188603  0.261153  0.112509  0.288311  0.270932  0.305506  0.107279  0.157566  0.184475  0.092099  0.161326  0.081244  0.272453  0.506420  0.165354  0.201443  0.240581  0.296472  0.108516  0.165589  0.330825  0.215759  0.124603  0.081244  0.257585  0.095980  0.081244  0.081244  0.083814  0.250118  0.140694  0.175556  0.139548  0.205053  0.164305  0.154047  0.087950  0.237731  0.269986  0.244882  0.176716  0.081244  0.117522  0.623933  0.248399  0.081244  0.081244  0.226387  0.347443  0.273340  0.165111  0.128233  0.172689  0.126163  0.460076  0.081244  0.100557  0.081244  0.133112  0.226948  0.183593  0.325516  0.260171  0.081244  0.081244  0.081244  0.243660  0.195700  0.387096  0.274660  0.218119  0.185916  0.169844  0.253585  0.132069  0.273230  0.235290  0.392656  0.115248  0.229303  0.144796  0.259081  0.709556  0.263920  0.228804  0.119536  0.254547  0.323898  0.117659  0.218184  0.081244  0.182243  0.081244  0.081244  0.194000  0.132657  0.326997  0.177605  0.253707  0.191955  0.581740  0.081244  0.207256  0.238434  0.156222  0.168371  0.081244  0.195278  0.269867  0.156369  0.087888  0.169616  0.171132  0.221408  0.300416  0.184486  0.204377  0.244141  0.156338  0.496494  0.084783  0.130392  0.245906  0.166580  0.225616  0.124720 
5  0.276320  0.172968  0.143809  0.169382  0.206212 0.0  0.159794  0.322142  0.207310  0.381043  0.159707  0.175486  0.178421  0.182742  0.130501  0.197472  0.227133  0.081244  0.265723  0.081244  0.250892  0.300046  0.281795  0.274430  0.240204  0.124523  0.235674  0.348938  0.401919  0.191897  0.268154  0.228398  0.377575  0.575149  0.110835  0.187675  0.299927  0.223156  0.148559  0.175638  0.118612  0.081244  0.159460  0.184594  0.213817  0.099030  0.365417  0.240491  0.271168  0.285918  0.214741  0.246458  0.185043  0.314641  0.117808  0.282834  0.236864  0.164224  0.243931  0.244779  0.220062  0.146571  0.314737  0.503178  0.396499  0.252087  0.202685  0.142238  0.081244  0.081244  0.209221  0.093202  0.188151  0.086637  0.581624  0.183179  0.162785  0.258493  0.154815  0.176043  0.325267  0.251840  0.105865  0.207886  0.332816  0.308962  0.213412  0.328231  0.265769  0.516102  0.331826  0.344152  0.081244  0.106817  0.135526  0.081244  0.360129  0.198536  0.288183  0.295922  0.279069  0.262788  0.688216  0.404966  0.259721  0.378636  0.262716  0.224100  0.185537  0.270490  0.383715  0.224652  0.168305  0.125539  0.101930  0.235611  0.342163  0.127684  0.310918  0.194812  0.473313  0.150816  0.135468  0.166008  0.129951  0.252074  0.212614  0.216788  0.192566  0.230028  0.404171  0.293808  0.124303  0.081244  0.110569  0.081244  0.330074  0.148456  0.354503  0.346839  0.386024  0.245178  0.081244  0.152962  0.252683  0.148317 
6  0.081244  0.225705  0.349392  0.095367  0.123482  0.159794 0.0  0.121095  0.261739  0.304528  0.081244  0.081244  0.195295  0.204344  0.199114  0.081244  0.440295  0.247051  0.221505  0.187540  0.140982  0.210508  0.223574  0.140617  0.306274  0.306416  0.188971  0.298299  0.210296  0.081244  0.148655  0.126820  0.081244  0.529434  0.266568  0.081244  0.289250  0.278034  0.120538  0.400600  0.277119  0.109824  0.081244  0.081244  0.309053  0.081244  0.172012  0.091198  0.254359  0.301574  0.122978  0.184219  0.081244  0.215917  0.216805  0.206033  0.237077  0.124888  0.401412  0.206796  0.172813  0.136143  0.225938  0.583916  0.325093  0.081244  0.081244  0.210696  0.217277  0.236160  0.081244  0.148974  0.204233  0.206603  0.442892  0.176610  0.152980  0.163174  0.177866  0.289145  0.140227  0.198024  0.286039  0.102493  0.081244  0.189076  0.244104  0.183710  0.386097  0.255792  0.428469  0.299907  0.145207  0.173469  0.081244  0.181007  0.172316  0.278673  0.227168  0.152079  0.161269  0.216231  0.500073  0.211934  0.095701  0.146260  0.189534  0.283852  0.095365  0.231623  0.081244  0.152297  0.103700  0.081244  0.182340  0.118721  0.275804  0.173003  0.190740  0.236151  0.420265  0.205077  0.137615  0.177594  0.162307  0.081244  0.143309  0.143763  0.285191  0.081244  0.288407  0.081244  0.195804  0.229282  0.189182  0.082877  0.315698  0.181103  0.176480  0.419736  0.245962  0.121782  0.081679  0.149299  0.279280  0.081244 
7  0.135471  0.552212  0.399771  0.294639  0.190207  0.322142  0.121095 0.0  0.276517  0.201361  0.204060  0.081244  0.109735  0.377425  0.290017  0.118001  0.555935  0.335252  0.096830  0.380343  0.083116  0.283826  0.091702  0.249168  0.424047  0.448563  0.081244  0.123789  0.129003  0.259062  0.119458  0.159568  0.102709  0.380997  0.339813  0.113273  0.081244  0.341088  0.140137  0.371397  0.508563  0.309733  0.120390  0.231104  0.334235  0.156376  0.113844  0.180268  0.238621  0.109629  0.282096  0.081244  0.164405  0.175200  0.331125  0.083603  0.161124  0.374158  0.440206  0.102033  0.133729  0.303366  0.081244  0.702826  0.290415  0.132429  0.241733  0.294122  0.362162  0.249124  0.299901  0.114015  0.261031  0.275259  0.364183  0.197110  0.196351  0.102515  0.182365  0.459045  0.232377  0.101232  0.423165  0.220843  0.250700  0.255499  0.458365  0.081244  0.456946  0.225738  0.194173  0.150539  0.436956  0.359701  0.101837  0.262704  0.081244  0.397574  0.210232  0.164588  0.254271  0.081244  0.442079  0.227246  0.218938  0.081244  0.126176  0.514933  0.163073  0.147952  0.183301  0.156655  0.153885  0.226727  0.384091  0.150332  0.379569  0.367406  0.081244  0.398281  0.324408  0.108274  0.156441  0.419323  0.213713  0.147562  0.126389  0.346232  0.383710  0.268047  0.092906  0.163328  0.325487  0.436851  0.439869  0.285784  0.142694  0.319037  0.206686  0.494852  0.133487  0.189427  0.354731  0.232601  0.081244  0.274434 
8  0.220443  0.216290  0.176866  0.081244  0.234401  0.207310  0.261739  0.276517 0.0  0.312709  0.093449  0.303613  0.187937  0.214788  0.106997  0.235134  0.284618  0.162462  0.239224  0.217220  0.125137  0.201995  0.301619  0.163591  0.290915  0.321748  0.286758  0.258682  0.350198  0.125949  0.227541  0.251541  0.170410  0.571875  0.178920  0.095193  0.307900  0.309288  0.239346  0.209096  0.326590  0.090935  0.081244  0.081244  0.358092  0.122285  0.163977  0.130053  0.172883  0.227872  0.116202  0.193352  0.123936  0.366885  0.207617  0.345305  0.150912  0.252556  0.237167  0.282845  0.194759  0.154243  0.263454  0.628138  0.330685  0.111731  0.161108  0.120760  0.139248  0.262371  0.198060  0.209358  0.157778  0.161378  0.568827  0.171330  0.151111  0.126714  0.121847  0.169225  0.283875  0.249318  0.157090  0.197411  0.156762  0.308980  0.207198  0.268916  0.314380  0.380629  0.400950  0.285954  0.147962  0.108042  0.156173  0.081244  0.300810  0.157895  0.081244  0.302616  0.117914  0.323243  0.727151  0.371253  0.100271  0.208816  0.207149  0.182817  0.165559  0.133225  0.123504  0.161161  0.158562  0.081244  0.111905  0.257459  0.221957  0.091029  0.180903  0.173842  0.471518  0.155027  0.178578  0.199567  0.132069  0.291534  0.136041  0.220713  0.219623  0.137156  0.223869  0.106271  0.081244  0.148686  0.173860  0.123898  0.352722  0.294288  0.237541  0.286662  0.271191  0.093351  0.167794  0.219310  0.179783  0.081244 
9  0.248527  0.404991  0.338251  0.157419  0.217957  0.381043  0.304528  0.201361  0.312709 0.0  0.201121  0.148959  0.144359  0.445144  0.357442  0.252086  0.409090  0.323572  0.135592  0.328928  0.259552  0.307587  0.146157  0.214910  0.397500  0.414012  0.081244  0.133683  0.106455  0.125431  0.184854  0.194980  0.168359  0.443577  0.411156  0.239060  0.081244  0.278409  0.158265  0.373927  0.457548  0.282083  0.237697  0.211738  0.480431  0.191538  0.220163  0.233281  0.096605  0.156054  0.259561  0.201755  0.240664  0.081244  0.267451  0.117149  0.224955  0.366383  0.518464  0.081244  0.348433  0.334075  0.081244  0.743797  0.272909  0.192082  0.208945  0.364177  0.364239  0.307567  0.313641  0.081244  0.167112  0.278419  0.357209  0.081244  0.154181  0.362421  0.284428  0.417212  0.159797  0.081244  0.412605  0.252071  0.142269  0.383118  0.339219  0.299318  0.461511  0.155354  0.109733  0.106302  0.360812  0.285659  0.086973  0.368113  0.081244  0.528763  0.302948  0.159018  0.172268  0.116419  0.494074  0.119875  0.211945  0.100565  0.162539  0.501448  0.302027  0.194123  0.201923  0.320597  0.156470  0.306789  0.344184  0.104744  0.293927  0.423364  0.137540  0.317699  0.277220  0.303833  0.212209  0.451504  0.320218  0.139938  0.161398  0.397890  0.453348  0.238103  0.081244  0.188763  0.387933  0.324941  0.344671  0.284717  0.137941  0.360500  0.081244  0.528607  0.081244  0.226693  0.273840  0.213743  0.081244  0.370594 
10  0.212730  0.338066  0.305472  0.147741  0.081244  0.159707  0.081244  0.204060  0.093449  0.201121 0.0  0.233562  0.237236  0.270166  0.081244  0.157157  0.345119  0.203313  0.148323  0.181971  0.081244  0.243216  0.250639  0.142668  0.355588  0.342404  0.174347  0.290633  0.225142  0.095112  0.115167  0.299498  0.097675  0.390621  0.242796  0.081244  0.277384  0.376456  0.114741  0.272715  0.314457  0.107951  0.081244  0.082693  0.204826  0.195439  0.149150  0.087456  0.207624  0.145210  0.081244  0.110218  0.166793  0.231992  0.170582  0.150644  0.224891  0.196389  0.403530  0.226188  0.081244  0.111605  0.169324  0.596609  0.279279  0.081244  0.105196  0.252505  0.263632  0.271919  0.081244  0.081244  0.167428  0.122978  0.542707  0.101522  0.127564  0.081244  0.131537  0.222432  0.179573  0.276111  0.277734  0.140644  0.092357  0.187738  0.133201  0.255273  0.387143  0.324715  0.221554  0.268912  0.271492  0.202139  0.173287  0.232590  0.204991  0.287134  0.147896  0.199837  0.174528  0.229406  0.695109  0.259835  0.138871  0.208911  0.198168  0.385074  0.162009  0.081244  0.081244  0.081244  0.094049  0.242622  0.273092  0.084423  0.211417  0.169531  0.081244  0.294474  0.485900  0.096316  0.194418  0.199060  0.205229  0.184100  0.130457  0.301583  0.202344  0.152631  0.214522  0.081244  0.180531  0.161355  0.173250  0.081244  0.315822  0.147227  0.205178  0.416588  0.287174  0.108330  0.252590  0.081244  0.174280  0.231472 
11  0.103346  0.278251  0.350875  0.178694  0.173228  0.175486  0.081244  0.081244  0.303613  0.148959  0.233562 0.0  0.174528  0.419624  0.208668  0.142704  0.444567  0.337306  0.244842  0.245467  0.106861  0.376532  0.204136  0.252207  0.494781  0.345546  0.138061  0.131155  0.154300  0.081244  0.117612  0.121276  0.136761  0.318321  0.240550  0.081244  0.111007  0.344733  0.086993  0.337536  0.446319  0.165241  0.171451  0.134131  0.349141  0.310992  0.154241  0.081244  0.165557  0.213896  0.236523  0.112680  0.132293  0.166352  0.159176  0.189348  0.081244  0.280803  0.377500  0.128537  0.114857  0.081244  0.165630  0.663622  0.340974  0.081244  0.081244  0.369947  0.291029  0.362289  0.152025  0.199829  0.146239  0.213334  0.412225  0.155203  0.159742  0.206082  0.081244  0.446320  0.177977  0.163160  0.307152  0.184224  0.179868  0.182084  0.396129  0.129529  0.391977  0.194041  0.281870  0.128171  0.200821  0.189024  0.104242  0.270707  0.137879  0.339635  0.141253  0.131597  0.208067  0.089169  0.495309  0.248722  0.121182  0.081244  0.081244  0.480658  0.094616  0.138109  0.174236  0.207990  0.218363  0.247916  0.269785  0.081244  0.372863  0.291033  0.200347  0.378340  0.424322  0.153733  0.142944  0.355421  0.139237  0.158311  0.168245  0.212884  0.225594  0.134424  0.182084  0.137174  0.293381  0.219332  0.237780  0.244252  0.081244  0.204850  0.170483  0.476523  0.191520  0.179460  0.213007  0.219575  0.213083  0.344178 
12  0.211745  0.323605  0.454677  0.177319  0.268359  0.178421  0.195295  0.109735  0.187937  0.144359  0.237236  0.174528 0.0  0.444267  0.307124  0.230924  0.446588  0.275043  0.083158  0.213106  0.144679  0.285997  0.106980  0.248754  0.352711  0.395063  0.155892  0.093805  0.159894  0.253079  0.094779  0.266193  0.152494  0.281473  0.381004  0.112551  0.206002  0.387326  0.194109  0.320873  0.392243  0.374246  0.208810  0.171478  0.296748  0.151733  0.138313  0.221559  0.235909  0.230741  0.206662  0.148807  0.301847  0.168109  0.252210  0.139909  0.151996  0.290637  0.390131  0.149499  0.232103  0.125220  0.081244  0.838915  0.218367  0.147220  0.149749  0.356050  0.310837  0.315708  0.180171  0.198068  0.213847  0.315941  0.380074  0.221040  0.081244  0.130564  0.200905  0.376937  0.109080  0.129400  0.287435  0.161999  0.141387  0.146809  0.292846  0.173327  0.498942  0.221217  0.167937  0.166370  0.367405  0.316635  0.137894  0.274453  0.145005  0.376053  0.106756  0.124219  0.173656  0.134943  0.547350  0.157450  0.157078  0.150896  0.160939  0.419765  0.121187  0.102570  0.231071  0.082891  0.213405  0.200018  0.283676  0.209343  0.547021  0.261288  0.214311  0.338044  0.346325  0.208567  0.081244  0.297072  0.232476  0.118801  0.265327  0.305060  0.421269  0.261861  0.151993  0.081244  0.331648  0.297024  0.295407  0.152179  0.140396  0.246361  0.156557  0.337745  0.180785  0.158090  0.265192  0.198573  0.183052  0.379010 
13  0.306835  0.219591  0.146670  0.214995  0.295825  0.182742  0.204344  0.377425  0.214788  0.445144  0.270166  0.419624  0.444267 0.0  0.136016  0.324761  0.215231  0.196177  0.366562  0.236158  0.263064  0.192384  0.386783  0.191829  0.114741  0.081244  0.343167  0.404924  0.371178  0.279999  0.299260  0.279427  0.294384  0.479376  0.081244  0.295798  0.394705  0.081244  0.187139  0.143185  0.081244  0.109265  0.369189  0.266680  0.120065  0.234900  0.338657  0.317711  0.254493  0.419282  0.341824  0.340654  0.170924  0.407312  0.223077  0.391405  0.298172  0.193056  0.202687  0.437847  0.254240  0.251420  0.416341  0.573454  0.560206  0.368821  0.336512  0.081244  0.132737  0.132440  0.185926  0.323669  0.383663  0.194978  0.732608  0.335512  0.290823  0.261310  0.294269  0.108737  0.463525  0.449683  0.168930  0.267499  0.366568  0.256577  0.114754  0.455310  0.124651  0.484782  0.576469  0.474973  0.191082  0.143104  0.277606  0.252116  0.327929  0.219772  0.318509  0.318432  0.307488  0.377859  0.834555  0.557750  0.345745  0.483700  0.435944  0.090501  0.228645  0.428454  0.372132  0.310852  0.237817  0.154881  0.129520  0.413399  0.285204  0.106835  0.217338  0.149263  0.700309  0.237437  0.146388  0.111629  0.281983  0.349084  0.320752  0.081244  0.081244  0.351343  0.324909  0.255503  0.081244  0.116299  0.113613  0.245367  0.512511  0.182641  0.411569  0.242090  0.339506  0.250494  0.293894  0.247337  0.406079  0.158085 
14  0.213172  0.215042  0.290598  0.081244  0.291296  0.130501  0.199114  0.290017  0.106997  0.357442  0.081244  0.208668  0.307124  0.136016 0.0  0.237496  0.241930  0.207567  0.316849  0.081244  0.171806  0.179410  0.247577  0.144096  0.238983  0.194621  0.276538  0.193052  0.319471  0.128146  0.191455  0.262781  0.201787  0.516856  0.199291  0.168472  0.170695  0.219139  0.150956  0.237398  0.333069  0.167756  0.106652  0.208060  0.235388  0.096570  0.179088  0.185929  0.138168  0.257850  0.081244  0.225741  0.127706  0.273730  0.139631  0.239756  0.296905  0.272128  0.215498  0.323496  0.082292  0.138523  0.149831  0.582250  0.346208  0.199537  0.159928  0.162359  0.154304  0.175450  0.095203  0.236756  0.315741  0.081244  0.658471  0.123874  0.138740  0.168306  0.098499  0.173855  0.310352  0.258075  0.230747  0.163125  0.164583  0.143151  0.126416  0.278954  0.326426  0.480373  0.445217  0.221472  0.167793  0.081244  0.099889  0.189468  0.285364  0.226547  0.251938  0.297278  0.152627  0.366244  0.655239  0.425902  0.295646  0.320019  0.187921  0.239012  0.109342  0.178431  0.136059  0.219145  0.124487  0.081244  0.081244  0.180039  0.180873  0.134991  0.144006  0.180150  0.478524  0.087762  0.086873  0.175521  0.112152  0.254158  0.145457  0.221079  0.209210  0.171531  0.320771  0.148378  0.140288  0.164073  0.183761  0.114575  0.452147  0.084110  0.233094  0.240703  0.190656  0.106496  0.237013  0.190441  0.278682  0.205223 
15  0.105591  0.403872  0.313736  0.167840  0.206513  0.197472  0.081244  0.118001  0.235134  0.252086  0.157157  0.142704  0.230924  0.324761  0.237496 0.0  0.415568  0.250060  0.171467  0.215920  0.106007  0.247384  0.175301  0.225465  0.361893  0.349062  0.160059  0.197238  0.129489  0.081244  0.195571  0.081244  0.089824  0.467026  0.249764  0.081244  0.105187  0.334583  0.081244  0.328442  0.363593  0.210849  0.105979  0.097314  0.145714  0.141955  0.090296  0.097744  0.150672  0.275716  0.150552  0.238319  0.173071  0.160986  0.285460  0.167527  0.081244  0.431362  0.422183  0.237658  0.150300  0.123450  0.234630  0.760887  0.304266  0.221383  0.081244  0.279939  0.293591  0.347976  0.132679  0.196513  0.115562  0.288856  0.316200  0.199458  0.172967  0.081244  0.096073  0.196567  0.220572  0.204913  0.259032  0.119134  0.113062  0.090353  0.262400  0.159978  0.411633  0.270501  0.388471  0.170437  0.130420  0.277277  0.124434  0.315126  0.139823  0.268934  0.126277  0.189711  0.096085  0.206800  0.604870  0.291506  0.081244  0.136019  0.099337  0.447521  0.081244  0.081244  0.117707  0.081244  0.081244  0.255254  0.146897  0.081244  0.386997  0.238695  0.103484  0.263303  0.457293  0.161343  0.163894  0.191956  0.094554  0.081244  0.081244  0.158100  0.305303  0.081244  0.081244  0.081244  0.318081  0.198431  0.309799  0.131281  0.191505  0.152262  0.176478  0.418851  0.167505  0.081244  0.185370  0.157681  0.121615  0.137932 
16  0.423723  0.203343  0.219705  0.409846  0.465955  0.227133  0.440295  0.555935  0.284618  0.409090  0.345119  0.444567  0.446588  0.215231  0.241930  0.415568 0.0  0.209772  0.612701  0.269651  0.395293  0.214332  0.449967  0.272516  0.088722  0.146864  0.423274  0.507481  0.464927  0.305334  0.410604  0.425406  0.467952  0.730519  0.326768  0.312637  0.558716  0.237997  0.429261  0.253842  0.116294  0.368590  0.304374  0.424825  0.221316  0.293985  0.463404  0.436026  0.418674  0.519323  0.329834  0.464571  0.285959  0.463657  0.235432  0.486171  0.383728  0.197315  0.111876  0.424427  0.395192  0.320513  0.494469  0.388473  0.535573  0.419009  0.412417  0.272017  0.230241  0.179875  0.395755  0.383913  0.429367  0.315461  0.839922  0.328617  0.330367  0.444898  0.424605  0.241376  0.477270  0.403531  0.132133  0.406900  0.336797  0.444897  0.186072  0.448226  0.165823  0.453640  0.539614  0.502764  0.293778  0.334896  0.351169  0.208236  0.466518  0.234092  0.421392  0.466458  0.385381  0.456468  1.000000  0.509901  0.427206  0.520342  0.573322  0.257465  0.376512  0.487677  0.361016  0.447126  0.438555  0.244398  0.189651  0.390361  0.204436  0.243233  0.519721  0.275928  0.751229  0.369624  0.418999  0.173044  0.332723  0.413576  0.447548  0.230145  0.113490  0.464804  0.439415  0.388789  0.293759  0.177269  0.352857  0.376682  0.443909  0.277797  0.484260  0.081244  0.544210  0.377149  0.247394  0.489738  0.473041  0.266230 
17  0.174604  0.202051  0.182407  0.142898  0.232118  0.081244  0.247051  0.335252  0.162462  0.323572  0.203313  0.337306  0.275043  0.196177  0.207567  0.250060  0.209772 0.0  0.312039  0.081244  0.221652  0.186428  0.449935  0.238092  0.281909  0.156660  0.292782  0.258780  0.409936  0.249649  0.335865  0.249764  0.311452  0.572886  0.182320  0.312069  0.479966  0.125783  0.223023  0.277669  0.098888  0.091486  0.260914  0.294010  0.184961  0.257472  0.386784  0.209847  0.372188  0.397742  0.287839  0.257557  0.145743  0.455396  0.102476  0.388162  0.254141  0.121541  0.122492  0.282136  0.161265  0.180826  0.354232  0.394770  0.385653  0.135477  0.353942  0.169238  0.137692  0.223697  0.260305  0.297954  0.290025  0.170285  0.726927  0.226324  0.263960  0.101354  0.228519  0.238321  0.225393  0.288413  0.124409  0.281780  0.328305  0.169347  0.215642  0.299383  0.126616  0.511621  0.499814  0.435698  0.108829  0.101529  0.172017  0.135066  0.365910  0.100515  0.260982  0.333732  0.309188  0.352438  0.767449  0.326004  0.267064  0.308081  0.504555  0.262911  0.189761  0.312121  0.254281  0.307519  0.235553  0.292907  0.255520  0.252546  0.144868  0.081244  0.204644  0.201843  0.631618  0.314138  0.278703  0.128036  0.208600  0.343871  0.255102  0.120784  0.106641  0.215632  0.272443  0.345189  0.247562  0.105083  0.081244  0.187172  0.481827  0.250626  0.407798  0.196689  0.279093  0.180923  0.088304  0.256260  0.373776  0.242215 
18  0.231782  0.420057  0.317386  0.227339  0.105378  0.265723  0.221505  0.096830  0.239224  0.135592  0.148323  0.244842  0.083158  0.366562  0.316849  0.171467  0.612701  0.312039 0.0  0.354579  0.229883  0.372808  0.157360  0.250176  0.511678  0.455793  0.097002  0.113381  0.112714  0.191056  0.081244  0.246781  0.176010  0.327753  0.432266  0.113383  0.195736  0.432291  0.128111  0.359867  0.513406  0.323677  0.124718  0.208600  0.396963  0.103695  0.138032  0.266095  0.217771  0.081244  0.187668  0.093820  0.194562  0.127938  0.188118  0.146769  0.081244  0.257811  0.492040  0.081244  0.285687  0.183984  0.081244  0.656580  0.290622  0.175141  0.210779  0.410312  0.247292  0.337413  0.238113  0.198081  0.175212  0.220790  0.338129  0.188408  0.309483  0.185375  0.234051  0.324308  0.081244  0.081244  0.293757  0.226982  0.242611  0.179484  0.303355  0.081244  0.470299  0.200043  0.285588  0.159397  0.327402  0.301156  0.255843  0.247742  0.162615  0.459642  0.238083  0.170767  0.299613  0.111268  0.519779  0.122000  0.133261  0.142455  0.081244  0.423503  0.232156  0.104110  0.175883  0.081244  0.162651  0.346901  0.252054  0.298546  0.529297  0.375506  0.107624  0.405705  0.464720  0.150352  0.117462  0.307453  0.263806  0.222378  0.172217  0.259343  0.283525  0.143474  0.081244  0.204161  0.282007  0.305144  0.337228  0.215320  0.105201  0.249216  0.109119  0.431394  0.147746  0.136509  0.310234  0.290198  0.179295  0.268741 
19  0.188458  0.182762  0.140514  0.185763  0.142378  0.081244  0.187540  0.380343  0.217220  0.328928  0.181971  0.245467  0.213106  0.236158  0.081244  0.215920  0.269651  0.081244  0.354579 0.0  0.214471  0.081244  0.370527  0.180949  0.289991  0.275429  0.290900  0.300356  0.326901  0.112515  0.324303  0.333119  0.211475  0.474948  0.142366  0.212714  0.283479  0.131098  0.203621  0.218233  0.317899  0.114747  0.240694  0.293189  0.171299  0.119381  0.343527  0.343099  0.298063  0.254166  0.147140  0.374398  0.199643  0.265915  0.081244  0.388797  0.356120  0.134553  0.157481  0.338305  0.222794  0.195717  0.332307  0.545402  0.359169  0.295231  0.116776  0.153502  0.096684  0.189778  0.187265  0.240986  0.322942  0.181580  0.651962  0.159851  0.165135  0.203736  0.134923  0.140729  0.387198  0.311022  0.081244  0.238028  0.235013  0.159454  0.118778  0.404467  0.276358  0.417516  0.477663  0.292466  0.158385  0.201069  0.084652  0.081244  0.331773  0.239688  0.185519  0.291740  0.135637  0.375251  0.749427  0.253817  0.213758  0.319892  0.306730  0.240782  0.244245  0.198026  0.174115  0.310491  0.309673  0.168214  0.081244  0.141600  0.113549  0.143306  0.179133  0.150568  0.598459  0.199531  0.179640  0.157357  0.261057  0.243183  0.205640  0.104466  0.227312  0.176769  0.358182  0.258271  0.168222  0.158754  0.108193  0.219655  0.422900  0.100364  0.271079  0.126849  0.297504  0.294709  0.081244  0.269021  0.409416  0.150231 
20  0.117380  0.373285  0.245774  0.081244  0.188603  0.250892  0.140982  0.083116  0.125137  0.259552  0.081244  0.106861  0.144679  0.263064  0.171806  0.106007  0.395293  0.221652  0.229883  0.214471 0.0  0.162940  0.177241  0.153595  0.366151  0.423934  0.188141  0.254568  0.142169  0.098179  0.156748  0.168219  0.081244  0.398451  0.319635  0.161689  0.191090  0.364243  0.101744  0.233145  0.372178  0.119530  0.081244  0.081244  0.262463  0.081244  0.081244  0.082906  0.165105  0.189296  0.081244  0.172718  0.126470  0.301095  0.188943  0.227963  0.081244  0.275116  0.268857  0.296900  0.122743  0.201960  0.147586  0.606003  0.295829  0.093044  0.081244  0.280438  0.148034  0.241517  0.081244  0.198138  0.081244  0.111956  0.473783  0.252514  0.081244  0.096190  0.081244  0.276252  0.208524  0.229636  0.264117  0.168254  0.137698  0.121836  0.311844  0.108313  0.489704  0.257795  0.357128  0.337914  0.307473  0.081244  0.098290  0.157916  0.269145  0.186209  0.182937  0.227438  0.185297  0.315528  0.563873  0.260113  0.206840  0.088788  0.081244  0.296587  0.097190  0.117430  0.081244  0.081244  0.117030  0.089839  0.220361  0.155198  0.312274  0.184524  0.081244  0.328149  0.374829  0.136363  0.241412  0.221843  0.129147  0.109479  0.081244  0.150518  0.212418  0.084263  0.203241  0.083945  0.256707  0.119912  0.332661  0.167445  0.373207  0.225403  0.273327  0.360609  0.287279  0.119588  0.326826  0.089787  0.181015  0.126414 
21  0.173323  0.183882  0.081244  0.249725  0.261153  0.300046  0.210508  0.283826  0.201995  0.307587  0.243216  0.376532  0.285997  0.192384  0.179410  0.247384  0.214332  0.186428  0.372808  0.081244  0.162940 0.0  0.325447  0.142917  0.154844  0.097838  0.321562  0.329249  0.353394  0.241889  0.424341  0.235790  0.238282  0.571538  0.081244  0.350388  0.372241  0.175205  0.316484  0.138983  0.226142  0.162020  0.293696  0.377148  0.081244  0.265629  0.309005  0.174880  0.379193  0.347445  0.249372  0.375066  0.252779  0.287442  0.230748  0.456198  0.255987  0.106824  0.220048  0.354136  0.305930  0.268564  0.320782  0.474902  0.471835  0.338718  0.250764  0.081244  0.215369  0.203618  0.201958  0.262958  0.229285  0.283490  0.653177  0.168162  0.315425  0.244563  0.196037  0.117133  0.341318  0.474700  0.128184  0.253093  0.205255  0.283607  0.120559  0.413660  0.207246  0.492217  0.409168  0.356413  0.135516  0.081244  0.269707  0.254863  0.301407  0.228866  0.363324  0.370159  0.123760  0.296115  0.792371  0.291151  0.208462  0.311977  0.385129  0.218185  0.174635  0.232498  0.359870  0.352744  0.212400  0.132677  0.100793  0.312452  0.238764  0.177120  0.312048  0.081244  0.552359  0.218003  0.255709  0.189942  0.267938  0.271669  0.311492  0.156958  0.217534  0.239204  0.409929  0.308242  0.228574  0.081244  0.117401  0.228036  0.317885  0.145243  0.441039  0.124989  0.436693  0.219779  0.119870  0.196130  0.480407  0.191063 
22  0.211386  0.334035  0.402892  0.278275  0.112509  0.281795  0.223574  0.091702  0.301619  0.146157  0.250639  0.204136  0.106980  0.386783  0.247577  0.175301  0.449967  0.449935  0.157360  0.370527  0.177241  0.325447 0.0  0.284706  0.466795  0.453272  0.098527  0.081244  0.140400  0.258876  0.109118  0.183563  0.254590  0.362461  0.415436  0.130317  0.081244  0.407902  0.175753  0.465944  0.509941  0.279509  0.163584  0.253126  0.401201  0.362041  0.081244  0.239113  0.260347  0.267756  0.207114  0.081244  0.242189  0.081244  0.287702  0.085624  0.126576  0.374948  0.477443  0.081244  0.229045  0.272960  0.163223  0.792739  0.153692  0.283609  0.224359  0.362009  0.299898  0.288829  0.243429  0.151508  0.227962  0.378363  0.403098  0.262566  0.219761  0.219364  0.267716  0.360758  0.173484  0.123531  0.449991  0.175710  0.214516  0.313379  0.379068  0.180582  0.511783  0.151852  0.321327  0.272092  0.347604  0.284651  0.209928  0.201204  0.083616  0.402819  0.267448  0.133379  0.251242  0.099138  0.533471  0.145151  0.144630  0.081244  0.124928  0.513534  0.251513  0.185896  0.215505  0.127381  0.277691  0.180815  0.382949  0.185446  0.511594  0.255706  0.234560  0.338134  0.328050  0.242147  0.243914  0.258504  0.286377  0.217649  0.121715  0.226467  0.354037  0.087586  0.108917  0.105501  0.346578  0.279224  0.328320  0.349974  0.168192  0.295359  0.085943  0.545954  0.138428  0.098011  0.254624  0.272234  0.168516  0.263178 
23  0.081244  0.215265  0.191791  0.170664  0.288311  0.274430  0.140617  0.249168  0.163591  0.214910  0.142668  0.252207  0.248754  0.191829  0.144096  0.225465  0.272516  0.238092  0.250176  0.180949  0.153595  0.142917  0.284706 0.0  0.298511  0.215538  0.303966  0.286957  0.385337  0.263590  0.147336  0.262498  0.232699  0.428619  0.232208  0.262067  0.276060  0.146597  0.215621  0.250716  0.338297  0.238984  0.191008  0.149796  0.295056  0.165273  0.177019  0.207618  0.172458  0.261272  0.186564  0.252513  0.205532  0.186302  0.231056  0.344731  0.196654  0.226547  0.347840  0.350959  0.281491  0.214006  0.364421  0.621678  0.474790  0.332125  0.203267  0.128249  0.183861  0.276001  0.248259  0.136843  0.159743  0.148524  0.525703  0.195384  0.193292  0.276369  0.176736  0.194342  0.235771  0.305859  0.297119  0.226921  0.220551  0.236388  0.382392  0.293429  0.351374  0.334025  0.348681  0.339186  0.177023  0.171036  0.204627  0.293767  0.268138  0.207341  0.148307  0.225321  0.194817  0.186090  0.741169  0.287978  0.226427  0.203839  0.310937  0.255276  0.134716  0.147360  0.081244  0.141878  0.236169  0.081244  0.235205  0.278418  0.256726  0.159774  0.270506  0.257366  0.597826  0.216918  0.271029  0.271968  0.162582  0.206989  0.199307  0.174467  0.268213  0.161994  0.222170  0.191688  0.264510  0.267222  0.253794  0.246287  0.372027  0.108295  0.288070  0.440145  0.282721  0.326347  0.147563  0.081244  0.239100  0.212960 
24  0.358774  0.081244  0.187327  0.293451  0.270932  0.240204  0.306274  0.424047  0.290915  0.397500  0.355588  0.494781  0.352711  0.114741  0.238983  0.361893  0.088722  0.281909  0.511678  0.289991  0.366151  0.154844  0.466795  0.298511 0.0  0.081244  0.497187  0.396749  0.330077  0.401588  0.370440  0.408874  0.414095  0.618082  0.099717  0.308187  0.470275  0.094421  0.319916  0.174496  0.213072  0.197104  0.410371  0.369642  0.140405  0.324952  0.495711  0.331772  0.411356  0.482637  0.329410  0.488492  0.427625  0.561169  0.205204  0.513275  0.426144  0.271269  0.214215  0.313030  0.303891  0.408884  0.395953  0.437013  0.675541  0.368144  0.276111  0.186000  0.296572  0.084091  0.517257  0.449400  0.321384  0.289186  0.729312  0.290630  0.372170  0.349264  0.418032  0.190697  0.459622  0.379245  0.208711  0.363593  0.305307  0.307530  0.165430  0.386850  0.081244  0.665851  0.648380  0.442476  0.259282  0.291011  0.236352  0.241278  0.486562  0.083738  0.341454  0.476358  0.464580  0.486034  0.866788  0.506751  0.438732  0.445801  0.501816  0.230781  0.306993  0.380198  0.331523  0.327784  0.370920  0.298355  0.292650  0.413300  0.212527  0.206714  0.378724  0.297369  0.750202  0.285765  0.402094  0.081244  0.265694  0.400676  0.382230  0.263373  0.128994  0.303939  0.492650  0.400366  0.140252  0.335739  0.212589  0.325474  0.431643  0.220917  0.365043  0.081244  0.336425  0.396702  0.263187  0.201531  0.492538  0.217561 
25  0.300656  0.118455  0.081244  0.269173  0.305506  0.124523  0.306416  0.448563  0.321748  0.414012  0.342404  0.345546  0.395063  0.081244  0.194621  0.349062  0.146864  0.156660  0.455793  0.275429  0.423934  0.097838  0.453272  0.215538  0.081244 0.0  0.514473  0.437276  0.541805  0.353664  0.426585  0.232225  0.356506  0.572283  0.157151  0.387453  0.454400  0.147130  0.415756  0.083554  0.203965  0.200304  0.152322  0.378731  0.169800  0.350149  0.333362  0.288731  0.481856  0.484773  0.244822  0.329361  0.355133  0.490226  0.409712  0.402162  0.392341  0.191552  0.206785  0.271665  0.295773  0.385715  0.661709  0.392970  0.434509  0.383403  0.352995  0.085258  0.333714  0.144961  0.309309  0.319951  0.291277  0.215188  0.733838  0.387032  0.199707  0.350558  0.413343  0.278098  0.451874  0.439731  0.092218  0.185049  0.452913  0.352003  0.273227  0.529731  0.138604  0.506699  0.499826  0.367638  0.186822  0.117392  0.319611  0.119358  0.323310  0.259347  0.365250  0.391009  0.267936  0.445012  0.801669  0.465689  0.423460  0.434591  0.523828  0.271021  0.397483  0.354094  0.252832  0.311863  0.333571  0.218822  0.212568  0.363870  0.162098  0.208274  0.426311  0.116646  0.643351  0.227530  0.331291  0.207229  0.403690  0.436934  0.430078  0.274766  0.081244  0.380267  0.392790  0.410524  0.144374  0.189008  0.230266  0.299582  0.525489  0.255477  0.551599  0.117267  0.415239  0.268392  0.133546  0.194257  0.458159  0.189644 
26  0.188219  0.453159  0.522903  0.224310  0.107279  0.235674  0.188971  0.081244  0.286758  0.081244  0.174347  0.138061  0.155892  0.343167  0.276538  0.160059  0.423274  0.292782  0.097002  0.290900  0.188141  0.321562  0.098527  0.303966  0.497187  0.514473 0.0  0.081244  0.085671  0.214487  0.115881  0.145384  0.137581  0.400275  0.383044  0.332407  0.102202  0.410720  0.238712  0.405122  0.413187  0.332883  0.258943  0.215811  0.375380  0.252032  0.168651  0.224551  0.196280  0.227511  0.300095  0.171264  0.238072  0.217717  0.358641  0.081244  0.217518  0.265637  0.524612  0.217576  0.186049  0.222600  0.084306  0.727266  0.304756  0.197866  0.260781  0.385213  0.349617  0.323173  0.302917  0.134738  0.122570  0.351380  0.347469  0.189124  0.214913  0.104625  0.271061  0.364171  0.081244  0.081244  0.463441  0.196695  0.285776  0.129697  0.427183  0.119379  0.536526  0.163810  0.255644  0.156980  0.374498  0.338174  0.281367  0.357343  0.129944  0.422850  0.143373  0.081244  0.300037  0.143023  0.405574  0.213692  0.163461  0.096544  0.130438  0.392063  0.250874  0.243156  0.221409  0.081244  0.152665  0.242124  0.273930  0.197900  0.398126  0.294118  0.201118  0.321814  0.294164  0.180711  0.176795  0.373258  0.156848  0.152796  0.358136  0.250278  0.410103  0.295714  0.125621  0.301412  0.309886  0.368434  0.303245  0.309402  0.220767  0.271561  0.081244  0.478666  0.102863  0.279004  0.470489  0.251140  0.216718  0.304190 
