146
0 0.0  0.279163  0.251527  0.081964  0.092511  0.183213  0.088977  0.198051  0.134502  0.218071  0.081607  0.156383  0.200924  0.240095  0.146685  0.124123  0.384428  0.245757  0.180891  0.189538  0.095376  0.206486  0.190560  0.171937  0.341402  0.282639  0.205896  0.190185  0.251126  0.109243  0.156270  0.107895  0.120964  0.440613  0.228627  0.133916  0.207288  0.250810  0.106053  0.247619  0.295438  0.149865  0.085321  0.094168  0.214698  0.098505  0.143915  0.092011  0.173685  0.200406  0.094471  0.168365  0.080432  0.204313  0.166354  0.200011  0.165486  0.190029  0.274055  0.199542  0.098602  0.094742  0.205980  0.623972  0.290048  0.089637  0.087452  0.191771  0.205160  0.224687  0.090438  0.108310  0.150755  0.142439  0.486547  0.080928  0.100663  0.094167  0.108004  0.193321  0.179062  0.198265  0.239095  0.102331  0.112553  0.122671  0.196620  0.208991  0.372757  0.291655  0.335511  0.200246  0.173043  0.183024  0.079898  0.159437  0.197300  0.257007  0.162679  0.202818  0.147798  0.204165  0.648311  0.222960  0.135912  0.225324  0.184717  0.283094  0.082479  0.118005  0.136688  0.109126  0.099034  0.113994  0.175044  0.121222  0.311822  0.162900  0.113214  0.260425  0.418724  0.084923  0.106855  0.191251  0.113118  0.119780  0.108892  0.177685  0.267957  0.108353  0.181322  0.104478  0.198002  0.165683  0.211816  0.103255  0.265726  0.156868  0.203902  0.356494  0.188977  0.107728  0.197343  0.149265  0.217774  0.168848 
1  0.279163 0.0  0.077444  0.235655  0.297436  0.182845  0.261231  0.395805  0.204531  0.401192  0.273034  0.355367  0.345556  0.143181  0.198306  0.311702  0.225000  0.193735  0.328430  0.195602  0.331585  0.124672  0.394006  0.215963  0.155522  0.151754  0.339136  0.450025  0.423217  0.318053  0.326508  0.312055  0.287320  0.475174  0.121782  0.299989  0.347097  0.165868  0.315023  0.086254  0.214726  0.205686  0.255045  0.289030  0.158584  0.281197  0.326807  0.274953  0.264110  0.361611  0.237730  0.345671  0.271666  0.373684  0.239308  0.343429  0.345195  0.239346  0.223505  0.374626  0.244970  0.237404  0.386093  0.539645  0.470156  0.262352  0.257499  0.133810  0.205057  0.216848  0.262231  0.324327  0.234094  0.197595  0.631893  0.215659  0.281004  0.256309  0.270107  0.133633  0.385431  0.382665  0.190128  0.292784  0.264598  0.283825  0.228947  0.364656  0.245897  0.421435  0.462803  0.379539  0.193328  0.158510  0.301117  0.189633  0.435204  0.087441  0.285527  0.396608  0.229788  0.412202  0.883728  0.343438  0.309505  0.366642  0.414499  0.108427  0.262364  0.289731  0.267395  0.282961  0.288471  0.209939  0.177898  0.283020  0.208455  0.191638  0.313356  0.092804  0.682577  0.248533  0.277470  0.134335  0.225234  0.319385  0.239385  0.229668  0.152174  0.278858  0.405179  0.277880  0.224054  0.238897  0.205492  0.232590  0.414253  0.182936  0.367739  0.215560  0.342517  0.323314  0.185371  0.215466  0.406082  0.173105 
2  0.251527  0.077444 0.0  0.262042  0.257928  0.217881  0.299974  0.381203  0.198871  0.419349  0.251514  0.290446  0.357380  0.144319  0.201868  0.281328  0.217733  0.184158  0.342097  0.201712  0.280213  0.119539  0.352746  0.193374  0.168948  0.159300  0.377179  0.361915  0.416686  0.261064  0.344414  0.280356  0.304779  0.521890  0.119549  0.325199  0.411340  0.172179  0.276478  0.088078  0.199647  0.200669  0.241344  0.249342  0.149337  0.239495  0.295029  0.301837  0.323757  0.398015  0.255424  0.288014  0.268239  0.407954  0.221674  0.362180  0.311235  0.247870  0.246571  0.347894  0.230783  0.256868  0.405039  0.539864  0.454272  0.257528  0.216048  0.129174  0.215257  0.203019  0.265869  0.259064  0.282186  0.214866  0.625108  0.271041  0.272998  0.269729  0.225797  0.134733  0.440409  0.342886  0.183448  0.288568  0.310310  0.262650  0.208263  0.414679  0.211338  0.474014  0.550393  0.393752  0.183014  0.159438  0.290609  0.188832  0.437161  0.090093  0.282891  0.385291  0.241087  0.391875  0.846783  0.435190  0.321016  0.341332  0.358177  0.105891  0.249886  0.269179  0.267495  0.297563  0.283578  0.224845  0.154675  0.314623  0.214533  0.184973  0.271202  0.093360  0.566115  0.259654  0.292862  0.130157  0.250820  0.298672  0.254798  0.258696  0.134366  0.276839  0.366812  0.232023  0.200311  0.209521  0.217911  0.229760  0.392115  0.189413  0.393972  0.223505  0.368548  0.284476  0.203343  0.220212  0.369612  0.176737 
3  0.081964  0.235655  0.262042 0.0  0.097395  0.143501  0.082680  0.205488  0.141711  0.213937  0.083085  0.162974  0.169520  0.261034  0.134243  0.114301  0.319322  0.208489  0.176543  0.175349  0.087306  0.231813  0.208144  0.173087  0.363896  0.287501  0.192829  0.170998  0.211302  0.105363  0.149832  0.107172  0.112212  0.362909  0.215876  0.132397  0.190390  0.268137  0.103111  0.264256  0.251196  0.151318  0.084115  0.092775  0.251336  0.093262  0.140702  0.092240  0.183645  0.227141  0.098674  0.158631  0.081840  0.221301  0.180968  0.210949  0.163729  0.227641  0.354389  0.225178  0.093208  0.093210  0.188665  0.628010  0.327949  0.082820  0.082810  0.239519  0.211031  0.222617  0.089558  0.102966  0.180888  0.136592  0.455464  0.082733  0.099332  0.096106  0.103831  0.206769  0.203333  0.199397  0.228392  0.094929  0.108322  0.118152  0.199192  0.223775  0.313252  0.312628  0.293169  0.199418  0.177986  0.184281  0.084566  0.160959  0.188838  0.255025  0.173655  0.186112  0.141621  0.199586  0.610388  0.236570  0.141838  0.213063  0.195216  0.293567  0.079894  0.108749  0.134076  0.109715  0.099232  0.130575  0.162387  0.123674  0.291480  0.184259  0.106645  0.225654  0.351859  0.083475  0.110518  0.214954  0.119619  0.117344  0.104903  0.192511  0.232157  0.102919  0.194047  0.101635  0.181463  0.205643  0.224660  0.104064  0.224531  0.175077  0.198576  0.369890  0.193693  0.111065  0.224249  0.140662  0.197456  0.156648 
4  0.092511  0.297436  0.257928  0.097395 0.0  0.191525  0.099108  0.199811  0.156108  0.224490  0.088108  0.164718  0.179496  0.247462  0.152654  0.118117  0.369777  0.228737  0.162787  0.189930  0.098722  0.233618  0.202364  0.204873  0.288809  0.287260  0.215060  0.221610  0.208563  0.092027  0.150323  0.099394  0.125846  0.400188  0.253173  0.136188  0.180327  0.275866  0.093628  0.252774  0.288159  0.162737  0.089214  0.099213  0.243270  0.111897  0.132699  0.103463  0.166593  0.230769  0.103809  0.159259  0.086237  0.227106  0.167426  0.205220  0.145317  0.183030  0.346343  0.197799  0.111308  0.121045  0.168965  0.581587  0.276276  0.095673  0.095628  0.247168  0.207313  0.214872  0.102309  0.097237  0.202821  0.157256  0.518060  0.091794  0.088471  0.078895  0.123247  0.229930  0.179544  0.204321  0.261617  0.104119  0.114442  0.119612  0.202754  0.204714  0.336313  0.309338  0.269043  0.220171  0.169951  0.191440  0.086152  0.174165  0.185524  0.298325  0.179359  0.205614  0.177759  0.214656  0.634353  0.245648  0.130957  0.174673  0.188706  0.289316  0.090488  0.111069  0.131908  0.102301  0.083682  0.127059  0.184114  0.111801  0.272217  0.195345  0.118680  0.258800  0.479187  0.101959  0.097259  0.218874  0.124287  0.125188  0.117806  0.195964  0.265810  0.114809  0.202809  0.119887  0.178470  0.197335  0.199645  0.123211  0.262934  0.182009  0.211617  0.355202  0.191836  0.094398  0.204445  0.163420  0.201041  0.168620 
5  0.183213  0.182845  0.217881  0.143501  0.191525 0.0  0.173737  0.278870  0.119784  0.306275  0.188425  0.250435  0.258961  0.171408  0.114346  0.199841  0.210479  0.123989  0.272631  0.084933  0.190200  0.150812  0.286053  0.188848  0.222245  0.205031  0.291222  0.307444  0.352161  0.178209  0.245253  0.186784  0.208395  0.454486  0.154208  0.238527  0.317339  0.161026  0.189771  0.208205  0.188083  0.100724  0.180584  0.192236  0.164769  0.165354  0.240102  0.208010  0.297217  0.288144  0.165510  0.218768  0.184188  0.264841  0.105713  0.310405  0.231514  0.113716  0.214771  0.257884  0.171610  0.172956  0.286070  0.488020  0.436727  0.219558  0.179137  0.142811  0.110117  0.122459  0.162373  0.180567  0.247784  0.119731  0.592067  0.173897  0.187605  0.188137  0.205254  0.138899  0.290067  0.282687  0.150427  0.175810  0.194054  0.201925  0.131878  0.266182  0.247575  0.365645  0.423928  0.328842  0.080887  0.139315  0.189161  0.078731  0.295572  0.193993  0.264569  0.276495  0.208972  0.282199  0.712810  0.329292  0.234613  0.302822  0.281972  0.229158  0.175520  0.184353  0.234820  0.212388  0.185288  0.138800  0.129058  0.213049  0.190086  0.092686  0.214662  0.185521  0.519901  0.174274  0.186819  0.141607  0.156670  0.211700  0.204315  0.098022  0.142202  0.210453  0.285062  0.184202  0.105964  0.112076  0.101586  0.162604  0.365584  0.163218  0.328886  0.281259  0.307478  0.190818  0.114126  0.179995  0.298082  0.163822 
6  0.088977  0.261231  0.299974  0.082680  0.099108  0.173737 0.0  0.185193  0.140564  0.224544  0.086007  0.139155  0.164326  0.271045  0.141413  0.108007  0.371641  0.227726  0.186325  0.192198  0.081302  0.212343  0.182188  0.186862  0.327457  0.318449  0.183991  0.210158  0.209451  0.101238  0.139831  0.098289  0.103094  0.382013  0.247713  0.130163  0.202537  0.271684  0.098412  0.257493  0.311903  0.157946  0.082890  0.083190  0.255250  0.095788  0.132507  0.082370  0.176312  0.215828  0.101393  0.139365  0.087287  0.196347  0.192302  0.207510  0.150710  0.225524  0.311798  0.191864  0.094501  0.097295  0.190907  0.553139  0.270499  0.076901  0.078830  0.209457  0.229600  0.229188  0.098031  0.101659  0.184650  0.145808  0.449786  0.086109  0.095889  0.096099  0.098754  0.195217  0.186168  0.213388  0.251168  0.086435  0.095960  0.112038  0.228840  0.206522  0.343166  0.273117  0.323074  0.204835  0.180915  0.187892  0.089420  0.178917  0.204563  0.263809  0.152141  0.199768  0.149469  0.197255  0.607725  0.247451  0.137459  0.177342  0.207499  0.317452  0.082613  0.098525  0.124137  0.102384  0.098187  0.122672  0.193166  0.128607  0.323851  0.208442  0.101346  0.277891  0.430582  0.092357  0.099411  0.180952  0.123794  0.111063  0.095310  0.203191  0.280734  0.093821  0.195476  0.097024  0.189869  0.205293  0.200609  0.111800  0.213080  0.162407  0.208760  0.335178  0.195209  0.102757  0.198882  0.138822  0.216620  0.173253 
7  0.198051  0.395805  0.381203  0.205488  0.199811  0.278870  0.185193 0.0  0.224677  0.102603  0.199336  0.126014  0.101253  0.394143  0.238843  0.151533  0.496603  0.353614  0.098689  0.317258  0.191115  0.312537  0.110169  0.259847  0.422427  0.377039  0.089292  0.093404  0.101612  0.176237  0.126598  0.187042  0.163341  0.385649  0.386929  0.132829  0.102635  0.369723  0.186601  0.410835  0.400384  0.271710  0.190370  0.182146  0.336244  0.208369  0.135697  0.184291  0.209580  0.166110  0.213598  0.129790  0.193417  0.098976  0.273645  0.083801  0.120040  0.316290  0.434514  0.082371  0.220016  0.211917  0.081496  0.716070  0.184658  0.185871  0.195217  0.361878  0.314217  0.342033  0.214242  0.178602  0.217982  0.249450  0.381554  0.204885  0.172798  0.197246  0.180290  0.319072  0.086273  0.089049  0.355385  0.182013  0.201627  0.174994  0.360217  0.084293  0.481290  0.168843  0.180520  0.105068  0.334745  0.319044  0.208474  0.323765  0.082172  0.405729  0.220364  0.081363  0.252197  0.077792  0.502888  0.128430  0.136825  0.081225  0.080925  0.389600  0.189802  0.165601  0.157559  0.160219  0.199547  0.252721  0.307453  0.146844  0.366982  0.311822  0.153482  0.352411  0.298124  0.203386  0.174421  0.355264  0.244897  0.154919  0.173213  0.283202  0.365456  0.176099  0.080323  0.214490  0.323495  0.298262  0.311953  0.215200  0.152145  0.234475  0.093246  0.528672  0.081396  0.176674  0.304902  0.260136  0.117227  0.279696 
8  0.134502  0.204531  0.198871  0.141711  0.156108  0.119784  0.140564  0.224677 0.0  0.271271  0.133863  0.240255  0.247800  0.193292  0.081229  0.179959  0.282065  0.178976  0.221913  0.124152  0.135137  0.155074  0.240035  0.183143  0.250428  0.242677  0.269079  0.271004  0.282813  0.154518  0.208179  0.151521  0.184206  0.438112  0.177032  0.227073  0.261346  0.213404  0.163296  0.191281  0.267618  0.092227  0.150161  0.146966  0.207740  0.140525  0.203531  0.145863  0.213186  0.261810  0.108977  0.200679  0.147111  0.299983  0.124252  0.301544  0.192763  0.162453  0.264620  0.255482  0.135700  0.134209  0.267314  0.552781  0.313644  0.140246  0.137598  0.169487  0.155850  0.177195  0.127640  0.151866  0.184491  0.083179  0.582986  0.138116  0.163775  0.147255  0.155295  0.161796  0.242270  0.304290  0.200660  0.154993  0.161230  0.190710  0.176113  0.295793  0.284825  0.305627  0.345194  0.253763  0.124619  0.110237  0.143928  0.120968  0.236586  0.201742  0.210960  0.224531  0.163830  0.228326  0.628413  0.327424  0.185690  0.255885  0.246065  0.263597  0.133562  0.152936  0.187356  0.170417  0.143344  0.088573  0.120141  0.178123  0.240802  0.135502  0.198079  0.208043  0.531845  0.137987  0.147546  0.157990  0.101402  0.180886  0.131352  0.142737  0.198628  0.170436  0.244165  0.156354  0.154031  0.143782  0.150831  0.110473  0.314813  0.130757  0.236302  0.295673  0.255930  0.157677  0.151333  0.139218  0.258773  0.133336 
9  0.218071  0.401192  0.419349  0.213937  0.224490  0.306275  0.224544  0.102603  0.271271 0.0  0.192187  0.150043  0.127115  0.366283  0.306067  0.186524  0.390896  0.366053  0.132104  0.342015  0.209054  0.339639  0.100409  0.286291  0.407734  0.465712  0.090682  0.083503  0.079962  0.181422  0.155211  0.206364  0.199703  0.393749  0.350399  0.162807  0.088573  0.358590  0.182118  0.331101  0.466355  0.313287  0.223941  0.203590  0.329391  0.237688  0.160145  0.192323  0.229813  0.200220  0.256797  0.147077  0.219239  0.081244  0.272384  0.099160  0.170806  0.360120  0.485923  0.097096  0.221638  0.239927  0.102780  0.798024  0.193855  0.191391  0.231835  0.361604  0.367535  0.342294  0.218566  0.196549  0.250542  0.297647  0.390099  0.210835  0.192132  0.198725  0.240467  0.347004  0.114610  0.088710  0.409141  0.221999  0.226880  0.195859  0.344031  0.093259  0.406226  0.156034  0.185101  0.087760  0.286363  0.280195  0.216804  0.315095  0.098874  0.419620  0.240431  0.098535  0.247306  0.103466  0.463147  0.129146  0.171376  0.109379  0.096409  0.441800  0.213705  0.190512  0.186884  0.189699  0.224151  0.267357  0.309314  0.165765  0.389387  0.348167  0.183093  0.415679  0.283278  0.251190  0.173602  0.336407  0.260654  0.195565  0.212022  0.296828  0.344005  0.202726  0.104137  0.203803  0.296379  0.305200  0.359188  0.228744  0.168417  0.318722  0.084874  0.500095  0.101715  0.191789  0.326134  0.282218  0.098263  0.291104 
10  0.081607  0.273034  0.251514  0.083085  0.088108  0.188425  0.086007  0.199336  0.133863  0.192187 0.0  0.163851  0.194310  0.228592  0.142869  0.120967  0.280514  0.228092  0.182668  0.188829  0.092019  0.245861  0.204469  0.180625  0.272440  0.298620  0.196648  0.204529  0.230895  0.099598  0.149554  0.098090  0.119701  0.497419  0.227385  0.127688  0.209822  0.248502  0.100138  0.217458  0.299258  0.147756  0.080607  0.092186  0.242575  0.099817  0.145173  0.088852  0.199622  0.218905  0.100440  0.148885  0.076836  0.205642  0.168590  0.204264  0.154272  0.199401  0.350095  0.225855  0.099070  0.099192  0.201322  0.608700  0.324816  0.084578  0.083833  0.247296  0.197199  0.211551  0.091316  0.100104  0.158900  0.130973  0.461003  0.077098  0.096450  0.089086  0.109011  0.185279  0.202515  0.190413  0.284154  0.098301  0.111709  0.118023  0.207223  0.194374  0.303949  0.229881  0.299014  0.226558  0.175535  0.176943  0.078862  0.181738  0.162400  0.335063  0.167761  0.188580  0.144965  0.193358  0.604092  0.247785  0.134461  0.185619  0.207834  0.295236  0.080488  0.110166  0.134695  0.108577  0.096041  0.134619  0.167242  0.120888  0.299215  0.177265  0.118048  0.266511  0.409838  0.088902  0.099891  0.215537  0.115054  0.119846  0.106592  0.167951  0.234103  0.107168  0.199055  0.104125  0.199494  0.174222  0.186115  0.109516  0.229560  0.179317  0.202639  0.311915  0.176565  0.099712  0.202214  0.158820  0.212549  0.168505 
11  0.156383  0.355367  0.290446  0.162974  0.164718  0.250435  0.139155  0.126014  0.240255  0.150043  0.163851 0.0  0.101880  0.295485  0.223900  0.119525  0.394775  0.300014  0.106256  0.256802  0.151873  0.274807  0.133649  0.208175  0.382169  0.388115  0.143983  0.137980  0.139065  0.140492  0.084415  0.140074  0.122308  0.339495  0.371163  0.095355  0.139207  0.364334  0.133332  0.337448  0.328604  0.209759  0.146561  0.142937  0.325442  0.164545  0.095765  0.139818  0.157778  0.188535  0.181069  0.082899  0.154660  0.148529  0.251446  0.125807  0.080655  0.275003  0.395989  0.125570  0.156566  0.172253  0.117344  0.748209  0.248241  0.146396  0.171829  0.308585  0.273163  0.292105  0.155162  0.138853  0.159165  0.202373  0.428121  0.137620  0.134418  0.153301  0.158593  0.293295  0.107412  0.133364  0.344970  0.144190  0.157191  0.123774  0.273556  0.128391  0.479500  0.200063  0.236647  0.150500  0.250458  0.251581  0.145230  0.252363  0.123582  0.318899  0.174916  0.126373  0.186753  0.116784  0.625731  0.159654  0.099261  0.114200  0.123275  0.368330  0.149039  0.138612  0.106660  0.126570  0.149973  0.203299  0.271454  0.119836  0.387885  0.249195  0.124846  0.323134  0.349046  0.161295  0.135561  0.269346  0.194118  0.122064  0.138876  0.253894  0.345307  0.135471  0.120354  0.154932  0.294897  0.240847  0.263499  0.187327  0.160067  0.235064  0.136083  0.425453  0.113593  0.144864  0.302868  0.218030  0.151798  0.235383 
12  0.200924  0.345556  0.357380  0.169520  0.179496  0.258961  0.164326  0.101253  0.247800  0.127115  0.194310  0.101880 0.0  0.377192  0.261583  0.133178  0.405105  0.321946  0.085628  0.290551  0.157181  0.324251  0.115762  0.224379  0.442192  0.391264  0.116451  0.125942  0.139635  0.169767  0.106382  0.160727  0.140141  0.315769  0.313860  0.122844  0.117819  0.379105  0.173064  0.329462  0.381686  0.233426  0.170749  0.154703  0.354080  0.184799  0.121630  0.170070  0.154427  0.153059  0.220622  0.101397  0.164064  0.130319  0.290438  0.116142  0.105529  0.316776  0.429745  0.113039  0.197106  0.180469  0.110055  0.659701  0.261815  0.167869  0.180239  0.289922  0.300746  0.371742  0.168411  0.158184  0.164380  0.242644  0.390886  0.164617  0.162285  0.199975  0.171911  0.315504  0.094854  0.110347  0.357520  0.170657  0.144148  0.149575  0.339330  0.109205  0.450283  0.181937  0.199901  0.134985  0.267489  0.268954  0.185356  0.263886  0.110338  0.379446  0.169084  0.109847  0.203156  0.107895  0.572207  0.136634  0.134766  0.101244  0.104541  0.339511  0.186186  0.149128  0.137622  0.148841  0.171488  0.237350  0.289107  0.138971  0.380659  0.279112  0.147817  0.365912  0.375251  0.179136  0.157544  0.287060  0.202148  0.134256  0.171454  0.264385  0.337788  0.149952  0.102629  0.190042  0.272596  0.320527  0.313685  0.222291  0.150882  0.255060  0.123518  0.459639  0.109717  0.142911  0.302017  0.224943  0.136344  0.272372 
13  0.240095  0.143181  0.144319  0.261034  0.247462  0.171408  0.271045  0.394143  0.193292  0.366283  0.228592  0.295485  0.377192 0.0  0.193252  0.264448  0.183421  0.150529  0.369638  0.146664  0.269551  0.110864  0.412451  0.214220  0.143626  0.136097  0.349651  0.404325  0.467398  0.271814  0.315841  0.299052  0.304592  0.621376  0.105213  0.280323  0.327007  0.115518  0.287679  0.124465  0.147743  0.159187  0.228275  0.259662  0.083165  0.250928  0.322373  0.249089  0.312775  0.393876  0.221935  0.333209  0.255565  0.350558  0.174664  0.364280  0.319935  0.157975  0.167826  0.379650  0.269541  0.249393  0.376354  0.483350  0.456135  0.261960  0.246914  0.114798  0.136636  0.171741  0.243477  0.279866  0.282763  0.176778  0.618270  0.222243  0.266637  0.244394  0.234822  0.111354  0.370102  0.378707  0.130152  0.256422  0.277925  0.314015  0.156822  0.415585  0.189075  0.439348  0.470813  0.395422  0.164608  0.182622  0.276090  0.160797  0.377056  0.131969  0.334934  0.400388  0.258652  0.393373  0.728550  0.434471  0.273279  0.324407  0.345979  0.177466  0.273798  0.228607  0.344043  0.241109  0.295084  0.184048  0.153797  0.306253  0.176371  0.139950  0.308125  0.120558  0.556204  0.243425  0.278466  0.114322  0.214052  0.339317  0.253567  0.178092  0.089790  0.277843  0.337357  0.243243  0.162359  0.183861  0.155071  0.198141  0.448830  0.169783  0.380365  0.163320  0.311862  0.277749  0.147673  0.226832  0.387152  0.202259 
14  0.146685  0.198306  0.201868  0.134243  0.152654  0.114346  0.141413  0.238843  0.081229  0.306067  0.142869  0.223900  0.261583  0.193252 0.0  0.190020  0.282510  0.158118  0.261264  0.132479  0.155156  0.163500  0.243277  0.164261  0.282675  0.220866  0.270961  0.266246  0.273392  0.171569  0.213324  0.156469  0.190179  0.403839  0.157763  0.192058  0.282469  0.206471  0.165393  0.200930  0.251052  0.094677  0.153561  0.151724  0.155623  0.136749  0.192655  0.144198  0.214258  0.277235  0.125669  0.197313  0.140337  0.266700  0.134455  0.281825  0.237024  0.151231  0.234097  0.235379  0.140998  0.135145  0.244399  0.545783  0.334129  0.152848  0.145559  0.155420  0.145173  0.174321  0.121680  0.182977  0.197585  0.086678  0.513274  0.144144  0.144517  0.142179  0.158607  0.141348  0.259684  0.274272  0.172712  0.174139  0.165735  0.162193  0.175357  0.252770  0.299502  0.341674  0.451443  0.294196  0.117571  0.123710  0.142842  0.116291  0.307178  0.201709  0.196502  0.247997  0.155520  0.243027  0.701253  0.290521  0.197469  0.252371  0.254179  0.239888  0.155900  0.163947  0.200727  0.173193  0.164051  0.092633  0.114502  0.190133  0.267038  0.119987  0.182224  0.200169  0.492884  0.135972  0.164525  0.146436  0.104373  0.174622  0.168812  0.132182  0.196919  0.157054  0.270460  0.150990  0.142402  0.142021  0.154773  0.111259  0.294865  0.127828  0.272827  0.266369  0.275180  0.165308  0.164966  0.145370  0.260913  0.136617 
15  0.124123  0.311702  0.281328  0.114301  0.118117  0.199841  0.108007  0.151533  0.179959  0.186524  0.120967  0.119525  0.133178  0.264448  0.190020 0.0  0.348315  0.250851  0.128514  0.235239  0.108740  0.265620  0.168834  0.225311  0.304600  0.315715  0.153225  0.180391  0.184483  0.105101  0.104337  0.105491  0.083904  0.391465  0.278266  0.094543  0.171519  0.315023  0.107998  0.276100  0.369037  0.194660  0.113105  0.106285  0.303633  0.123004  0.100719  0.107029  0.158501  0.160673  0.144380  0.107332  0.119555  0.185097  0.239402  0.148721  0.113944  0.273891  0.355409  0.170552  0.120066  0.116916  0.150968  0.632532  0.262469  0.117645  0.115255  0.231265  0.274731  0.232062  0.139357  0.108180  0.148993  0.175151  0.442587  0.126733  0.112366  0.118353  0.111819  0.270212  0.155453  0.171987  0.257335  0.101909  0.108229  0.089667  0.231850  0.157775  0.399098  0.243035  0.313508  0.186580  0.213500  0.197181  0.125542  0.227747  0.158210  0.287410  0.141621  0.135825  0.157999  0.160002  0.586436  0.209720  0.092104  0.169128  0.163232  0.350339  0.123095  0.091354  0.086185  0.112143  0.120841  0.175195  0.220397  0.105566  0.334492  0.239153  0.081748  0.305367  0.388188  0.133321  0.111271  0.232685  0.143617  0.080229  0.108795  0.226630  0.269280  0.092976  0.151962  0.109952  0.239929  0.232765  0.276446  0.148447  0.202516  0.223180  0.154347  0.361006  0.150394  0.112063  0.228687  0.183224  0.180539  0.208081 
16  0.384428  0.225000  0.217733  0.319322  0.369777  0.210479  0.371641  0.496603  0.282065  0.390896  0.280514  0.394775  0.405105  0.183421  0.282510  0.348315 0.0  0.201749  0.493452  0.250003  0.365669  0.199537  0.464252  0.356392  0.143706  0.150985  0.558465  0.462329  0.458873  0.351989  0.440535  0.375854  0.393129  0.668650  0.237041  0.386650  0.425743  0.144549  0.352147  0.224619  0.105537  0.256082  0.342816  0.313152  0.163267  0.350974  0.374805  0.359549  0.396784  0.466877  0.337814  0.429768  0.336074  0.444095  0.222414  0.473209  0.377181  0.198781  0.133246  0.472330  0.363283  0.341131  0.453382  0.349864  0.547572  0.361710  0.350099  0.233783  0.200707  0.186419  0.322881  0.397780  0.421535  0.279492  0.717552  0.328321  0.372830  0.336018  0.301828  0.230841  0.455504  0.456727  0.162959  0.365618  0.374230  0.364068  0.201713  0.510077  0.089416  0.554031  0.631136  0.487018  0.240997  0.221809  0.341136  0.257849  0.437640  0.207523  0.450473  0.480784  0.355475  0.498685  0.895619  0.497481  0.376794  0.470604  0.477842  0.259613  0.314563  0.387682  0.377827  0.341994  0.313565  0.274093  0.230005  0.374587  0.131258  0.214097  0.351687  0.224852  0.709709  0.344111  0.361085  0.211536  0.292648  0.449966  0.341549  0.213304  0.157173  0.342361  0.460025  0.359649  0.252175  0.205617  0.195862  0.312856  0.443478  0.274792  0.441445  0.102104  0.448898  0.288111  0.232442  0.307724  0.449989  0.254478 
17  0.245757  0.193735  0.184158  0.208489  0.228737  0.123989  0.227726  0.353614  0.178976  0.366053  0.228092  0.300014  0.321946  0.150529  0.158118  0.250851  0.201749 0.0  0.352046  0.111509  0.203678  0.144931  0.343429  0.216765  0.186664  0.195696  0.370302  0.378112  0.350522  0.228785  0.257992  0.257328  0.237173  0.508259  0.167866  0.276638  0.322954  0.131244  0.254149  0.191778  0.149753  0.153766  0.226504  0.231559  0.123246  0.228002  0.308996  0.237541  0.353398  0.309527  0.183531  0.297969  0.220053  0.402914  0.124731  0.358886  0.257175  0.102203  0.148212  0.336756  0.225335  0.217941  0.327809  0.470530  0.444945  0.197079  0.219663  0.145013  0.090596  0.103381  0.211710  0.252894  0.341710  0.169429  0.599874  0.239113  0.250969  0.196899  0.243817  0.143760  0.334617  0.319540  0.107518  0.234482  0.248798  0.224844  0.100620  0.327750  0.204464  0.432125  0.404004  0.369745  0.122452  0.177223  0.215268  0.119408  0.356449  0.181177  0.293286  0.310915  0.249852  0.296336  0.656046  0.429354  0.275918  0.349586  0.352412  0.223952  0.214800  0.247451  0.264757  0.213663  0.247237  0.182368  0.160027  0.268531  0.146246  0.116307  0.273450  0.191912  0.482351  0.226127  0.254650  0.129568  0.197795  0.258468  0.278197  0.116491  0.128724  0.266091  0.300177  0.217557  0.113414  0.108502  0.096503  0.202246  0.376313  0.203057  0.297527  0.199169  0.345860  0.263611  0.093264  0.212978  0.367368  0.207296 
18  0.180891  0.328430  0.342097  0.176543  0.162787  0.272631  0.186325  0.098689  0.221913  0.132104  0.182668  0.106256  0.085628  0.369638  0.261264  0.128514  0.493452  0.352046 0.0  0.293699  0.175352  0.294538  0.130835  0.225058  0.359262  0.409999  0.113603  0.109078  0.120505  0.168075  0.118863  0.160168  0.143100  0.296089  0.316366  0.136335  0.122498  0.374810  0.151778  0.312945  0.449410  0.269164  0.167295  0.179458  0.312127  0.193478  0.120879  0.201903  0.158326  0.152933  0.194862  0.114451  0.176250  0.118307  0.270804  0.104117  0.109392  0.340246  0.433852  0.102320  0.191877  0.204487  0.099096  0.607642  0.208535  0.163945  0.180638  0.346831  0.312251  0.353618  0.209336  0.170923  0.201532  0.217504  0.362425  0.187568  0.168026  0.172653  0.181178  0.343652  0.088127  0.107106  0.376045  0.150669  0.183715  0.158775  0.315869  0.107607  0.501173  0.150761  0.192375  0.137116  0.304786  0.257839  0.188889  0.281943  0.101484  0.380318  0.189587  0.102958  0.213252  0.097207  0.461626  0.127623  0.124264  0.094613  0.100416  0.327985  0.162635  0.147680  0.141263  0.179307  0.169677  0.257541  0.300751  0.134539  0.384834  0.295707  0.147266  0.386301  0.266502  0.213496  0.165485  0.314647  0.214851  0.148490  0.170988  0.324747  0.361608  0.169660  0.097799  0.183359  0.306301  0.248871  0.311455  0.217428  0.144426  0.272007  0.115235  0.462938  0.103439  0.151931  0.357650  0.238499  0.122011  0.262950 
19  0.189538  0.195602  0.201712  0.175349  0.189930  0.084933  0.192198  0.317258  0.124152  0.342015  0.188829  0.256802  0.290551  0.146664  0.132479  0.235239  0.250003  0.111509  0.293699 0.0  0.209865  0.144098  0.305066  0.200052  0.230647  0.206238  0.308550  0.319464  0.337687  0.204118  0.240037  0.185419  0.214374  0.507120  0.142263  0.227124  0.263151  0.168866  0.214854  0.191514  0.172458  0.112279  0.194222  0.207063  0.151802  0.176098  0.228377  0.214754  0.260339  0.314401  0.177347  0.260867  0.187970  0.329655  0.099568  0.364015  0.250061  0.108783  0.197049  0.305252  0.183931  0.195263  0.344605  0.507144  0.417551  0.202307  0.183872  0.145694  0.101069  0.124554  0.171535  0.216816  0.266762  0.127084  0.620819  0.178195  0.199495  0.170567  0.194822  0.132485  0.324926  0.291204  0.137051  0.194568  0.198964  0.225708  0.116470  0.315620  0.212794  0.387254  0.439862  0.321903  0.089764  0.141202  0.193712  0.090406  0.296124  0.172530  0.274535  0.284946  0.232065  0.301460  0.664184  0.381246  0.227101  0.286313  0.327507  0.243611  0.184710  0.203998  0.243391  0.206217  0.189947  0.134030  0.134213  0.236265  0.194501  0.093938  0.242223  0.198287  0.543997  0.161849  0.201735  0.133188  0.156009  0.241345  0.223871  0.100971  0.150560  0.221168  0.304066  0.225673  0.107717  0.110909  0.092777  0.150621  0.340752  0.190698  0.334836  0.238802  0.301603  0.236066  0.100307  0.188727  0.297809  0.159269 
20  0.095376  0.331585  0.280213  0.087306  0.098722  0.190200  0.081302  0.191115  0.135137  0.209054  0.092019  0.151873  0.157181  0.269551  0.155156  0.108740  0.365669  0.203678  0.175352  0.209865 0.0  0.261725  0.190580  0.185435  0.361556  0.314890  0.202260  0.198798  0.212872  0.102383  0.137124  0.103394  0.105622  0.436988  0.201050  0.124766  0.189457  0.273133  0.101684  0.256492  0.323506  0.167158  0.087273  0.084080  0.231305  0.094220  0.116380  0.080521  0.174057  0.224324  0.109216  0.137193  0.090697  0.206419  0.190796  0.201404  0.144537  0.208896  0.369035  0.201794  0.092150  0.093898  0.199978  0.595620  0.348174  0.082238  0.083595  0.214918  0.213409  0.220839  0.096524  0.107095  0.170962  0.152831  0.426768  0.089836  0.103190  0.101596  0.095593  0.203907  0.190344  0.205645  0.283214  0.085213  0.095447  0.102877  0.201072  0.192384  0.373087  0.285446  0.313170  0.227777  0.180436  0.189651  0.093488  0.190026  0.196320  0.244277  0.145311  0.176145  0.148421  0.193583  0.634759  0.218235  0.125837  0.177902  0.202852  0.321280  0.086029  0.093637  0.122729  0.104139  0.107831  0.129605  0.173693  0.117641  0.290887  0.210100  0.101646  0.283848  0.432762  0.095279  0.103519  0.228366  0.119928  0.108074  0.090381  0.188826  0.249471  0.091309  0.191373  0.091740  0.213562  0.223157  0.215686  0.110745  0.196115  0.167616  0.191729  0.287342  0.189416  0.105556  0.220009  0.144362  0.190536  0.169813 
21  0.206486  0.124672  0.119539  0.231813  0.233618  0.150812  0.212343  0.312537  0.155074  0.339639  0.245861  0.274807  0.324251  0.110864  0.163500  0.265620  0.199537  0.144931  0.294538  0.144098  0.261725 0.0  0.327444  0.173454  0.163974  0.157111  0.342673  0.347749  0.383845  0.253409  0.307875  0.230205  0.284227  0.528091  0.081553  0.307586  0.352319  0.148511  0.236907  0.117848  0.189796  0.175376  0.240198  0.262887  0.116954  0.233121  0.269130  0.260267  0.283390  0.327356  0.202544  0.325928  0.238445  0.360024  0.179909  0.382243  0.294161  0.161508  0.211836  0.338665  0.233190  0.205939  0.298389  0.496907  0.425231  0.225256  0.228935  0.086351  0.157406  0.176064  0.208829  0.260393  0.263765  0.178486  0.590760  0.203932  0.260482  0.243312  0.248883  0.090745  0.364315  0.401988  0.152702  0.248599  0.247209  0.245286  0.186030  0.369918  0.227004  0.445401  0.508304  0.329611  0.159200  0.144441  0.227244  0.144043  0.370513  0.115358  0.268946  0.353472  0.200616  0.371176  0.716430  0.391100  0.305233  0.387204  0.404567  0.147644  0.227101  0.227973  0.309473  0.259465  0.237772  0.170541  0.120591  0.259930  0.191834  0.127171  0.293082  0.106201  0.532359  0.218911  0.236302  0.093273  0.175657  0.221264  0.250936  0.168359  0.127518  0.241771  0.317491  0.230097  0.173894  0.179887  0.161138  0.177021  0.404329  0.146943  0.366170  0.216341  0.312239  0.243388  0.162374  0.170752  0.342862  0.148920 
22  0.190560  0.394006  0.352746  0.208144  0.202364  0.286053  0.182188  0.110169  0.240035  0.100409  0.204469  0.133649  0.115762  0.412451  0.243277  0.168834  0.464252  0.343429  0.130835  0.305066  0.190580  0.327444 0.0  0.279656  0.429534  0.453476  0.097512  0.097949  0.101471  0.162719  0.147271  0.165958  0.172413  0.447936  0.340896  0.152882  0.084413  0.404067  0.173890  0.394132  0.468964  0.248295  0.180079  0.192769  0.385385  0.206340  0.146754  0.201304  0.227019  0.201785  0.217439  0.137665  0.222290  0.099349  0.248564  0.104575  0.134527  0.293860  0.395986  0.104278  0.184574  0.189390  0.102392  0.617756  0.199229  0.213163  0.206548  0.371851  0.341242  0.329257  0.194211  0.177316  0.228611  0.241809  0.389915  0.197952  0.182386  0.172830  0.201156  0.331465  0.114432  0.102271  0.383149  0.182719  0.184309  0.182405  0.297681  0.102599  0.361797  0.170455  0.176491  0.091900  0.286558  0.300527  0.190511  0.280054  0.100281  0.373966  0.243664  0.104682  0.260535  0.106642  0.533375  0.144343  0.149938  0.105670  0.103888  0.421271  0.190839  0.170714  0.159958  0.170185  0.188101  0.269435  0.287511  0.147931  0.384647  0.301311  0.176268  0.411289  0.303127  0.198276  0.172248  0.363786  0.236954  0.185315  0.188644  0.256337  0.367855  0.189874  0.103481  0.200495  0.273294  0.294311  0.321203  0.229487  0.188653  0.278033  0.097489  0.495920  0.104819  0.161069  0.297898  0.271402  0.081097  0.286988 
23  0.171937  0.215963  0.193374  0.173087  0.204873  0.188848  0.186862  0.259847  0.183143  0.286291  0.180625  0.208175  0.224379  0.214220  0.164261  0.225311  0.356392  0.216765  0.225058  0.200052  0.185435  0.173454  0.279656 0.0  0.297113  0.269766  0.275427  0.241010  0.282648  0.226685  0.225720  0.202209  0.193784  0.386151  0.202035  0.221013  0.280932  0.257561  0.197601  0.204829  0.296170  0.164189  0.185803  0.193070  0.212911  0.160727  0.193057  0.180025  0.197201  0.225562  0.166851  0.213917  0.172949  0.246221  0.217562  0.291952  0.238341  0.231050  0.300509  0.304638  0.164209  0.162234  0.278054  0.666411  0.400374  0.192667  0.162576  0.182773  0.237107  0.255310  0.159155  0.194454  0.156857  0.174282  0.470270  0.165266  0.190195  0.202070  0.161240  0.175217  0.289020  0.268344  0.241473  0.218460  0.162537  0.195801  0.264503  0.317197  0.366117  0.381434  0.431562  0.271039  0.190452  0.136556  0.184926  0.189898  0.267477  0.203805  0.158816  0.275947  0.112571  0.281878  0.709463  0.279887  0.193362  0.261827  0.253557  0.217234  0.186288  0.192389  0.211550  0.185208  0.176639  0.158571  0.152747  0.217909  0.280659  0.185206  0.185422  0.194031  0.407816  0.169449  0.212282  0.177965  0.174109  0.194754  0.173910  0.231901  0.241408  0.179692  0.282573  0.165920  0.221550  0.248962  0.226872  0.156010  0.276992  0.103498  0.271617  0.275330  0.273979  0.217662  0.239043  0.115555  0.290292  0.108360 
24  0.341402  0.155522  0.168948  0.363896  0.288809  0.222245  0.327457  0.422427  0.250428  0.407734  0.272440  0.382169  0.442192  0.143626  0.282675  0.304600  0.143706  0.186664  0.359262  0.230647  0.361556  0.163974  0.429534  0.297113 0.0  0.092682  0.439853  0.448551  0.472093  0.357312  0.398469  0.366440  0.373497  0.622015  0.168003  0.408156  0.426743  0.137410  0.320932  0.159870  0.154203  0.248631  0.276568  0.397640  0.156314  0.274404  0.392027  0.350441  0.363337  0.491723  0.304521  0.390716  0.289090  0.427329  0.227294  0.420847  0.359383  0.223842  0.163363  0.461620  0.363328  0.312360  0.390803  0.353371  0.510798  0.338740  0.320823  0.204194  0.193935  0.207112  0.350827  0.364285  0.356361  0.262244  0.671093  0.276261  0.391326  0.285434  0.304009  0.185744  0.397134  0.405647  0.167051  0.334357  0.331139  0.348431  0.198139  0.448459  0.156092  0.519231  0.570772  0.452134  0.209865  0.214801  0.316799  0.231392  0.464926  0.159895  0.377384  0.407388  0.327136  0.456577  0.878992  0.476788  0.394590  0.425165  0.381851  0.175812  0.282137  0.330292  0.394287  0.348213  0.289139  0.258426  0.221684  0.343786  0.164776  0.217671  0.370300  0.162007  0.680667  0.277514  0.321013  0.172666  0.310377  0.365386  0.308347  0.223357  0.151218  0.358356  0.460273  0.327339  0.210854  0.228637  0.205542  0.267723  0.449705  0.264594  0.442751  0.127972  0.482845  0.335290  0.212066  0.260730  0.445759  0.250176 
25  0.282639  0.151754  0.159300  0.287501  0.287260  0.205031  0.318449  0.377039  0.242677  0.465712  0.298620  0.388115  0.391264  0.136097  0.220866  0.315715  0.150985  0.195696  0.409999  0.206238  0.314890  0.157111  0.453476  0.269766  0.092682 0.0  0.444294  0.433547  0.429991  0.323068  0.361827  0.378011  0.283718  0.619510  0.162883  0.352753  0.421760  0.125339  0.346912  0.127750  0.140037  0.228099  0.310424  0.368777  0.133463  0.296374  0.363231  0.336026  0.374837  0.386197  0.294247  0.379760  0.321362  0.446595  0.244187  0.408521  0.381183  0.203053  0.184476  0.461509  0.288693  0.298471  0.412385  0.451852  0.453867  0.286654  0.324211  0.155581  0.192840  0.216660  0.284377  0.310954  0.326969  0.223982  0.774994  0.241522  0.267645  0.312188  0.323917  0.174381  0.365267  0.429376  0.149672  0.307131  0.289726  0.306552  0.200742  0.458522  0.166649  0.505664  0.553099  0.375693  0.215735  0.232491  0.308734  0.189184  0.442797  0.140320  0.348843  0.452387  0.291228  0.461576  0.829979  0.472915  0.348947  0.415513  0.429207  0.180583  0.297568  0.283371  0.390915  0.351501  0.296288  0.246966  0.188990  0.346705  0.168646  0.194105  0.295494  0.142173  0.539501  0.335422  0.294968  0.176652  0.269405  0.329618  0.298470  0.208798  0.129355  0.358219  0.389418  0.330116  0.209212  0.219789  0.184444  0.285663  0.505064  0.258675  0.428259  0.133453  0.442528  0.347147  0.197190  0.255285  0.414731  0.224898 
26  0.205896  0.339136  0.377179  0.192829  0.215060  0.291222  0.183991  0.089292  0.269079  0.090682  0.196648  0.143983  0.116451  0.349651  0.270961  0.153225  0.558465  0.370302  0.113603  0.308550  0.202260  0.342673  0.097512  0.275427  0.439853  0.444294 0.0  0.082188  0.089915  0.181385  0.142818  0.188068  0.175554  0.355592  0.329217  0.150435  0.096327  0.395213  0.182410  0.384601  0.429283  0.232448  0.183558  0.182779  0.432498  0.242769  0.146155  0.196752  0.201905  0.190532  0.242697  0.141477  0.204750  0.086159  0.298809  0.082202  0.140553  0.302812  0.478197  0.083092  0.197236  0.228158  0.087448  0.699673  0.210412  0.195276  0.190990  0.368632  0.326997  0.350681  0.194289  0.183441  0.195994  0.290864  0.370358  0.196847  0.187252  0.175386  0.207125  0.320030  0.098352  0.077246  0.380536  0.173797  0.204322  0.183472  0.293601  0.081221  0.454081  0.155973  0.190725  0.098827  0.237774  0.313498  0.219257  0.300285  0.083280  0.373192  0.219286  0.083110  0.258691  0.088856  0.452129  0.137393  0.149749  0.095101  0.083892  0.461044  0.225582  0.185657  0.149847  0.181607  0.177022  0.248615  0.279760  0.161192  0.390729  0.335917  0.168034  0.384159  0.286392  0.222181  0.174018  0.325469  0.243580  0.164648  0.200055  0.299933  0.416151  0.181379  0.086164  0.193736  0.301314  0.297880  0.286453  0.249615  0.152038  0.308131  0.082593  0.494706  0.085170  0.192970  0.325129  0.298663  0.106625  0.316995 
