146
0 0.0  0.265854  0.219261  0.165368  0.083879  0.307208  0.083879  0.269030  0.083879  0.179278  0.141938  0.158765  0.200528  0.386690  0.112408  0.083879  0.280608  0.188649  0.265794  0.171479  0.083879  0.223091  0.115162  0.153447  0.335433  0.356136  0.222573  0.364527  0.198584  0.129286  0.140313  0.145448  0.128182  0.409291  0.171292  0.181974  0.274461  0.403142  0.108730  0.240524  0.293910  0.178062  0.083879  0.105453  0.292531  0.134078  0.109823  0.083879  0.206242  0.237460  0.147362  0.104222  0.083879  0.206746  0.261592  0.215007  0.191737  0.287796  0.242938  0.178981  0.086661  0.083879  0.234921  0.733642  0.229120  0.083879  0.083879  0.209083  0.240378  0.200091  0.194492  0.181316  0.209585  0.153826  0.527351  0.083879  0.085978  0.083879  0.253096  0.102110  0.288794  0.254253  0.289788  0.185062  0.131895  0.211237  0.250747  0.252650  0.283435  0.316216  0.376231  0.214614  0.106991  0.231826  0.140733  0.208369  0.221430  0.196009  0.179282  0.178443  0.173185  0.255867  0.642404  0.405209  0.097895  0.286474  0.241821  0.253115  0.147264  0.106881  0.155033  0.185580  0.083879  0.083879  0.206123  0.169966  0.371063  0.136066  0.120453  0.359001  0.472884  0.083879  0.083879  0.228810  0.170369  0.307379  0.129789  0.137810  0.274362  0.269370  0.303248  0.102952  0.141877  0.208615  0.239531  0.147179  0.342023  0.174630  0.327579  0.356622  0.284799  0.083879  0.164768  0.102446  0.296164  0.265923 
1  0.265854 0.0  0.169906  0.292351  0.301956  0.152264  0.329515  0.380758  0.140606  0.423527  0.217609  0.392004  0.446803  0.188086  0.223170  0.326226  0.400747  0.164583  0.499837  0.239387  0.347430  0.170383  0.486555  0.207509  0.136195  0.133874  0.486796  0.438432  0.462228  0.239819  0.269105  0.263780  0.233424  0.605858  0.092142  0.460248  0.568569  0.210003  0.336178  0.083879  0.150721  0.198467  0.218533  0.296230  0.196272  0.324201  0.290159  0.330513  0.242094  0.521898  0.246399  0.373688  0.277440  0.533078  0.180365  0.336389  0.306874  0.324136  0.273322  0.367000  0.296389  0.244239  0.404118  0.624417  0.545161  0.354241  0.271615  0.127396  0.117341  0.195325  0.297397  0.361537  0.242522  0.301435  0.705130  0.250485  0.350973  0.304004  0.362471  0.097200  0.361486  0.382761  0.195612  0.245828  0.326107  0.216800  0.129207  0.412953  0.170687  0.430255  0.586193  0.333654  0.209386  0.159380  0.308115  0.232595  0.364964  0.101375  0.272486  0.489822  0.256231  0.313537  0.875932  0.479963  0.356572  0.415180  0.431943  0.083879  0.364124  0.226218  0.332544  0.410537  0.273181  0.330995  0.152078  0.302469  0.245161  0.104470  0.254477  0.084799  0.577987  0.335145  0.335515  0.162412  0.139527  0.308624  0.342829  0.171601  0.091133  0.281704  0.372839  0.152054  0.253672  0.190258  0.144892  0.305208  0.451412  0.147878  0.334576  0.289610  0.221577  0.239358  0.128004  0.272813  0.415074  0.247158 
2  0.219261  0.169906 0.0  0.267703  0.389631  0.187916  0.249852  0.330892  0.168446  0.457130  0.285250  0.390928  0.379353  0.083879  0.187796  0.357182  0.165107  0.238775  0.387339  0.084842  0.242558  0.244921  0.469497  0.175643  0.085425  0.143880  0.419041  0.446414  0.406247  0.224505  0.353133  0.348716  0.379444  0.541929  0.083879  0.337241  0.494067  0.100251  0.181225  0.083879  0.240709  0.150265  0.302493  0.279309  0.110286  0.302669  0.316648  0.328958  0.348055  0.286515  0.269802  0.344149  0.354032  0.455050  0.266932  0.386619  0.397035  0.208400  0.381188  0.364727  0.243889  0.256422  0.329562  0.579600  0.523076  0.289382  0.221998  0.126705  0.231897  0.255501  0.286436  0.276974  0.352637  0.236323  0.636683  0.196419  0.284242  0.269513  0.202675  0.311242  0.393428  0.402804  0.197027  0.210468  0.315070  0.365229  0.220672  0.500935  0.237753  0.385903  0.439692  0.312318  0.254307  0.241376  0.305729  0.267392  0.344939  0.110313  0.301758  0.393732  0.200092  0.384507  0.849712  0.372688  0.311984  0.397870  0.456853  0.122365  0.238167  0.398108  0.284811  0.359082  0.329741  0.257071  0.097193  0.368977  0.298694  0.140557  0.325578  0.174981  0.583693  0.183863  0.289923  0.111770  0.162571  0.424854  0.194161  0.268706  0.232288  0.286538  0.369132  0.132628  0.287475  0.246195  0.298036  0.219461  0.350655  0.162588  0.418746  0.098045  0.354181  0.243679  0.242657  0.225613  0.456890  0.106961 
3  0.165368  0.292351  0.267703 0.0  0.222143  0.204709  0.083879  0.234739  0.156775  0.293190  0.207943  0.207043  0.128555  0.226831  0.083879  0.160352  0.361829  0.268595  0.280792  0.198682  0.083879  0.271120  0.140350  0.208961  0.248699  0.288789  0.256476  0.149946  0.255700  0.083879  0.273154  0.083879  0.134514  0.363801  0.204001  0.114483  0.170588  0.248601  0.083879  0.295574  0.267228  0.083879  0.083879  0.084518  0.239321  0.083879  0.126661  0.083879  0.160942  0.272376  0.137320  0.174641  0.102428  0.203233  0.180635  0.187839  0.164067  0.182203  0.398300  0.220230  0.162323  0.156271  0.261826  0.625295  0.369953  0.115021  0.083879  0.204067  0.163957  0.252528  0.216578  0.140494  0.133878  0.161157  0.477549  0.098139  0.083879  0.117617  0.187793  0.204319  0.235820  0.297253  0.203828  0.083879  0.083879  0.107929  0.153643  0.251527  0.441076  0.303703  0.301130  0.273626  0.235850  0.275629  0.156275  0.178751  0.278224  0.240314  0.149966  0.154684  0.172099  0.209570  0.557521  0.345111  0.210619  0.345608  0.177145  0.387782  0.083879  0.162404  0.126081  0.133717  0.120304  0.083879  0.180001  0.238345  0.225776  0.175609  0.101459  0.254205  0.457384  0.105216  0.226090  0.296135  0.103757  0.242977  0.083879  0.174726  0.327911  0.178803  0.083879  0.177263  0.218626  0.205103  0.376922  0.177226  0.301958  0.203719  0.182814  0.294323  0.166927  0.083879  0.171749  0.286391  0.273016  0.204115 
4  0.083879  0.301956  0.389631  0.222143 0.0  0.138701  0.083879  0.201105  0.121797  0.281268  0.163773  0.083879  0.144017  0.270263  0.302543  0.083879  0.369819  0.191899  0.168810  0.244677  0.146690  0.225143  0.276583  0.152640  0.343066  0.402035  0.223638  0.209409  0.173833  0.110066  0.083879  0.083879  0.149875  0.453092  0.231006  0.178188  0.282404  0.249489  0.164801  0.236872  0.322398  0.150693  0.218988  0.161025  0.360372  0.147213  0.177387  0.230525  0.216903  0.207235  0.083879  0.196040  0.083879  0.421436  0.112628  0.169128  0.192469  0.232746  0.271719  0.299873  0.083879  0.230890  0.196638  0.657010  0.287980  0.083879  0.132434  0.352450  0.112835  0.183311  0.083879  0.083879  0.169402  0.154423  0.552665  0.110576  0.177886  0.083879  0.087686  0.294589  0.198989  0.302372  0.263508  0.175706  0.083879  0.083879  0.228334  0.170809  0.340411  0.312143  0.402873  0.251629  0.260967  0.179701  0.114236  0.195671  0.237152  0.353591  0.236925  0.213322  0.229299  0.084158  0.588780  0.286208  0.151373  0.282909  0.268152  0.256709  0.083879  0.154405  0.083879  0.159061  0.228557  0.174652  0.184267  0.220079  0.289151  0.104523  0.172759  0.268461  0.392239  0.083879  0.095043  0.231469  0.083879  0.083879  0.128863  0.118697  0.288444  0.083879  0.226590  0.083879  0.263625  0.161083  0.177256  0.127733  0.310318  0.143196  0.270468  0.299047  0.156713  0.088175  0.232740  0.258655  0.260368  0.223977 
5  0.307208  0.152264  0.187916  0.204709  0.138701 0.0  0.287341  0.388460  0.176718  0.297517  0.194147  0.257025  0.298222  0.135039  0.215895  0.234755  0.304989  0.145725  0.290496  0.094383  0.162168  0.153638  0.358530  0.268925  0.275652  0.276130  0.318772  0.294917  0.407419  0.215430  0.294724  0.196105  0.253372  0.457321  0.125272  0.265791  0.356824  0.169544  0.242617  0.233351  0.350864  0.083879  0.171890  0.187290  0.157751  0.175778  0.330884  0.263962  0.298873  0.279595  0.094980  0.179676  0.235196  0.333835  0.117285  0.376797  0.396091  0.134905  0.092837  0.365436  0.141026  0.268127  0.317973  0.544964  0.408650  0.083879  0.162684  0.177258  0.083879  0.188170  0.118126  0.289359  0.160133  0.083879  0.585599  0.156056  0.210094  0.302377  0.243793  0.246389  0.356153  0.361207  0.164169  0.211650  0.200333  0.184849  0.100989  0.294635  0.246942  0.491193  0.348788  0.288099  0.083879  0.126976  0.196357  0.083879  0.380875  0.200881  0.319325  0.333035  0.143331  0.214457  0.759585  0.377423  0.180646  0.248567  0.460949  0.300428  0.221354  0.221582  0.137362  0.419963  0.165792  0.119166  0.261565  0.258288  0.229689  0.142524  0.346244  0.136975  0.496916  0.138634  0.333960  0.083879  0.114233  0.405705  0.298439  0.083879  0.160761  0.125989  0.391340  0.152860  0.083879  0.134955  0.102689  0.187041  0.354403  0.083879  0.315107  0.301472  0.362878  0.173727  0.171105  0.190231  0.369894  0.125900 
6  0.083879  0.329515  0.249852  0.083879  0.083879  0.287341 0.0  0.277606  0.225403  0.148347  0.202404  0.190953  0.176747  0.348474  0.284963  0.198277  0.352523  0.303843  0.117291  0.241613  0.145461  0.201178  0.185350  0.147146  0.350438  0.351598  0.238546  0.244396  0.180049  0.200742  0.092327  0.158750  0.083879  0.369491  0.260761  0.092533  0.185163  0.289326  0.101534  0.325647  0.242571  0.189663  0.083879  0.083879  0.275607  0.129826  0.159014  0.145584  0.178537  0.294260  0.212962  0.129214  0.083879  0.258011  0.181160  0.241821  0.083879  0.236919  0.369917  0.245453  0.083879  0.135920  0.214514  0.588066  0.301190  0.158717  0.102541  0.238365  0.308681  0.320754  0.158768  0.083879  0.109291  0.234443  0.642701  0.088614  0.219320  0.161454  0.083879  0.241345  0.188406  0.273440  0.221658  0.174263  0.089230  0.108305  0.260125  0.242337  0.338431  0.235587  0.354308  0.189405  0.194984  0.083879  0.092884  0.209754  0.200840  0.402324  0.132314  0.352636  0.141301  0.177537  0.600954  0.182995  0.138725  0.137736  0.202207  0.272918  0.083879  0.184830  0.084359  0.083879  0.083879  0.162085  0.212837  0.123766  0.362487  0.187709  0.193430  0.417409  0.402393  0.100776  0.103106  0.236598  0.083879  0.135838  0.186976  0.209511  0.281339  0.177124  0.231141  0.194952  0.165584  0.320746  0.256381  0.249959  0.306083  0.135761  0.190454  0.451839  0.140895  0.083879  0.216230  0.241987  0.308606  0.083879 
7  0.269030  0.380758  0.330892  0.234739  0.201105  0.388460  0.277606 0.0  0.295751  0.090511  0.127722  0.085828  0.140207  0.358162  0.290312  0.189857  0.424450  0.415207  0.102761  0.319795  0.154970  0.356375  0.083879  0.244124  0.517450  0.443010  0.142296  0.133809  0.132249  0.153644  0.117954  0.233922  0.134596  0.507277  0.371854  0.130213  0.181379  0.322630  0.141141  0.364933  0.434218  0.260371  0.198863  0.220558  0.269918  0.258171  0.098635  0.222195  0.207705  0.159768  0.244724  0.083879  0.265522  0.181576  0.222087  0.129074  0.093655  0.269425  0.420888  0.083879  0.211334  0.306681  0.128243  0.664923  0.242250  0.186296  0.187318  0.435343  0.351242  0.368525  0.302576  0.137267  0.210125  0.289138  0.332335  0.130946  0.286488  0.263444  0.242463  0.270710  0.096779  0.252508  0.453151  0.228801  0.322691  0.083879  0.342042  0.095501  0.529493  0.156751  0.176115  0.198714  0.420545  0.258299  0.087583  0.337153  0.085440  0.426581  0.170023  0.083879  0.289326  0.086779  0.429947  0.083879  0.219637  0.111012  0.084479  0.485680  0.209341  0.218423  0.085309  0.241549  0.276438  0.360215  0.339002  0.083879  0.383517  0.316649  0.125541  0.430460  0.366882  0.191768  0.156418  0.414787  0.331737  0.247099  0.227232  0.375256  0.408508  0.164512  0.121887  0.241260  0.302831  0.370357  0.266533  0.246368  0.171806  0.152139  0.153580  0.564209  0.092688  0.142720  0.272062  0.271797  0.133884  0.241676 
8  0.083879  0.140606  0.168446  0.156775  0.121797  0.176718  0.225403  0.295751 0.0  0.345406  0.238571  0.326000  0.209860  0.181660  0.083879  0.205472  0.255033  0.133397  0.255509  0.123951  0.165908  0.095628  0.272065  0.214031  0.273213  0.299651  0.298067  0.362769  0.321670  0.192052  0.168932  0.179275  0.083879  0.440399  0.321804  0.223050  0.155845  0.198741  0.151937  0.186455  0.242914  0.159448  0.186800  0.198299  0.146709  0.083879  0.124508  0.207391  0.263709  0.245098  0.112050  0.278963  0.131846  0.295266  0.086301  0.338216  0.111019  0.164102  0.219073  0.401580  0.116177  0.187847  0.285141  0.647357  0.335761  0.168276  0.127910  0.155410  0.141550  0.186803  0.134464  0.230844  0.244461  0.105909  0.469128  0.102616  0.156656  0.190406  0.085270  0.083879  0.169716  0.185637  0.109776  0.298734  0.142414  0.191311  0.229195  0.350973  0.302359  0.389722  0.378623  0.221403  0.121507  0.083879  0.182779  0.083879  0.249293  0.228712  0.169219  0.312654  0.126169  0.186261  0.656190  0.290337  0.148753  0.315822  0.278207  0.254270  0.149194  0.260049  0.246492  0.102333  0.278473  0.184826  0.093017  0.303225  0.239207  0.170222  0.184671  0.298277  0.419344  0.122159  0.157872  0.145702  0.098389  0.113040  0.104394  0.117303  0.169937  0.275047  0.206591  0.179807  0.225711  0.083879  0.160114  0.117508  0.272757  0.164643  0.362060  0.424423  0.321001  0.211405  0.217009  0.192197  0.257612  0.143406 
9  0.179278  0.423527  0.457130  0.293190  0.281268  0.297517  0.148347  0.090511  0.345406 0.0  0.195007  0.189529  0.083879  0.438880  0.328719  0.161135  0.504249  0.371821  0.083879  0.370770  0.154475  0.375097  0.097940  0.264456  0.513822  0.471386  0.102828  0.154455  0.173025  0.119652  0.089612  0.107306  0.228009  0.479650  0.442553  0.233140  0.098364  0.365441  0.267840  0.404103  0.385047  0.300199  0.182362  0.158879  0.460560  0.275035  0.125568  0.294193  0.197584  0.147807  0.403635  0.171700  0.215218  0.083879  0.354478  0.187953  0.083879  0.346566  0.366289  0.083879  0.206402  0.246231  0.083879  0.695963  0.099771  0.188017  0.150743  0.465056  0.359774  0.350523  0.184483  0.220170  0.188685  0.268443  0.328842  0.225416  0.197732  0.365639  0.165862  0.408384  0.187267  0.083879  0.491984  0.202274  0.199118  0.183492  0.334664  0.160160  0.538194  0.100849  0.170532  0.174984  0.318041  0.336451  0.239061  0.362278  0.084546  0.537139  0.281078  0.092532  0.252123  0.186901  0.490676  0.187857  0.151831  0.180365  0.083879  0.476312  0.286042  0.171846  0.083879  0.137187  0.194712  0.264288  0.371425  0.139986  0.506530  0.288273  0.171270  0.402343  0.262963  0.247959  0.281361  0.345084  0.355171  0.118767  0.245208  0.303455  0.361882  0.184185  0.174970  0.234498  0.289060  0.265395  0.261640  0.218935  0.242442  0.276531  0.156303  0.502717  0.139749  0.210391  0.327012  0.251550  0.120010  0.422197 
10  0.141938  0.217609  0.285250  0.207943  0.163773  0.194147  0.202404  0.127722  0.238571  0.195007 0.0  0.161871  0.228848  0.152883  0.119604  0.095920  0.366024  0.234188  0.216816  0.083879  0.117048  0.279791  0.314289  0.090837  0.433423  0.404524  0.208099  0.185422  0.171416  0.083879  0.203719  0.135051  0.099237  0.447553  0.243423  0.192982  0.175930  0.266191  0.219848  0.244853  0.316145  0.217066  0.114869  0.083879  0.196421  0.109004  0.119912  0.193689  0.205902  0.186945  0.219889  0.125012  0.132235  0.215874  0.237843  0.319597  0.252916  0.231420  0.357059  0.184354  0.231235  0.083879  0.223431  0.704201  0.235618  0.083879  0.083879  0.195570  0.265288  0.222612  0.083879  0.162535  0.224289  0.086513  0.446483  0.125992  0.083879  0.143837  0.093275  0.303928  0.164670  0.215615  0.326801  0.129234  0.147083  0.226609  0.256253  0.228099  0.447202  0.320467  0.339155  0.206705  0.298231  0.191771  0.083879  0.207985  0.305395  0.304455  0.191993  0.200791  0.178349  0.182268  0.547721  0.253430  0.164529  0.227163  0.211042  0.301870  0.083879  0.083879  0.083879  0.115309  0.083879  0.115272  0.199349  0.212402  0.249080  0.254530  0.212330  0.307521  0.464385  0.111148  0.131116  0.239558  0.163046  0.104755  0.083879  0.176510  0.263231  0.133720  0.237792  0.099269  0.143916  0.188375  0.281581  0.110690  0.401545  0.083879  0.276648  0.343116  0.184067  0.083879  0.151341  0.100420  0.193315  0.234761 
11  0.158765  0.392004  0.390928  0.207043  0.083879  0.257025  0.190953  0.085828  0.326000  0.189529  0.161871 0.0  0.119626  0.335750  0.291497  0.130034  0.425487  0.338948  0.083879  0.238927  0.185414  0.388917  0.177023  0.083879  0.477253  0.334979  0.132735  0.101925  0.225592  0.094949  0.130945  0.162682  0.133773  0.524049  0.244796  0.153512  0.141589  0.479805  0.083879  0.361652  0.467893  0.218378  0.121898  0.201121  0.270284  0.204320  0.083879  0.211663  0.176891  0.176077  0.147050  0.126777  0.279275  0.121424  0.242436  0.117663  0.129050  0.245722  0.310085  0.083879  0.192456  0.133831  0.193823  0.721074  0.281379  0.150336  0.162261  0.329018  0.306305  0.285103  0.192467  0.166597  0.205137  0.280530  0.422669  0.150818  0.160811  0.170245  0.217414  0.356793  0.136679  0.226656  0.290931  0.103826  0.100608  0.083879  0.275540  0.103903  0.402066  0.149786  0.255505  0.083879  0.314300  0.272435  0.132025  0.234065  0.166689  0.353013  0.222691  0.083879  0.278321  0.145170  0.546914  0.199190  0.183034  0.083879  0.083879  0.306656  0.289465  0.138226  0.187235  0.132633  0.116626  0.199573  0.209660  0.083879  0.275668  0.287485  0.083879  0.378800  0.397645  0.177932  0.179572  0.339669  0.108257  0.177584  0.167900  0.350461  0.255761  0.083879  0.106012  0.228774  0.313136  0.339069  0.156020  0.088891  0.144951  0.192158  0.181496  0.413024  0.119546  0.092779  0.339899  0.240340  0.189497  0.199465 
12  0.200528  0.446803  0.379353  0.128555  0.144017  0.298222  0.176747  0.140207  0.209860  0.083879  0.228848  0.119626 0.0  0.437633  0.267996  0.220616  0.635216  0.278821  0.146844  0.298797  0.163075  0.336538  0.182964  0.203268  0.456894  0.406857  0.083879  0.120305  0.225044  0.162256  0.088533  0.094211  0.101181  0.414766  0.439709  0.292310  0.161097  0.437732  0.176741  0.393408  0.480508  0.292799  0.289965  0.212509  0.290471  0.248495  0.139726  0.120886  0.182348  0.149979  0.166392  0.143613  0.302430  0.148775  0.213396  0.083879  0.110869  0.349380  0.503663  0.212239  0.218157  0.229422  0.083879  0.658092  0.217370  0.281398  0.088919  0.313658  0.347378  0.333409  0.198678  0.202088  0.127503  0.271504  0.381312  0.181104  0.212136  0.138975  0.114294  0.355978  0.083879  0.083879  0.402572  0.087402  0.083879  0.167039  0.522709  0.121350  0.589718  0.188372  0.211633  0.083879  0.314240  0.358995  0.269875  0.303983  0.164136  0.413163  0.210316  0.204104  0.241590  0.225641  0.527188  0.089951  0.176526  0.102413  0.083879  0.369780  0.196525  0.086348  0.193419  0.163660  0.125469  0.226204  0.430829  0.100031  0.501493  0.389206  0.162243  0.370971  0.356266  0.220142  0.234329  0.468702  0.223331  0.195963  0.083879  0.376947  0.411836  0.266925  0.180877  0.145360  0.337297  0.284684  0.377649  0.118584  0.086124  0.294300  0.168673  0.496466  0.083879  0.156452  0.407193  0.294441  0.212590  0.310187 
13  0.386690  0.188086  0.083879  0.226831  0.270263  0.135039  0.348474  0.358162  0.181660  0.438880  0.152883  0.335750  0.437633 0.0  0.218016  0.330692  0.213301  0.132748  0.324958  0.176557  0.087975  0.180415  0.273010  0.268821  0.152193  0.177700  0.410481  0.392182  0.508074  0.225367  0.360113  0.273340  0.404803  0.503843  0.187462  0.316346  0.262927  0.109929  0.306555  0.190905  0.109302  0.137916  0.169558  0.315521  0.086113  0.378412  0.305498  0.249326  0.335319  0.424189  0.191944  0.452928  0.341488  0.326560  0.138153  0.399305  0.310441  0.167429  0.168693  0.405564  0.317071  0.232556  0.430621  0.485397  0.602529  0.292466  0.276810  0.129430  0.138088  0.104077  0.216241  0.299133  0.405882  0.235393  0.657829  0.181583  0.354364  0.230401  0.219213  0.104498  0.440021  0.427580  0.195533  0.339496  0.333105  0.318705  0.104353  0.389419  0.237099  0.545670  0.471161  0.301057  0.162868  0.154867  0.272332  0.285429  0.434137  0.118757  0.374292  0.435435  0.188735  0.387191  0.825504  0.422097  0.373022  0.423232  0.403069  0.146311  0.148785  0.279971  0.311845  0.294591  0.368170  0.154553  0.297671  0.331232  0.304853  0.083879  0.235476  0.123759  0.571782  0.265323  0.246162  0.083879  0.175812  0.285504  0.292933  0.251809  0.083879  0.253256  0.412350  0.363611  0.186842  0.227101  0.214690  0.131524  0.402308  0.258100  0.384309  0.143968  0.368903  0.200697  0.131925  0.265853  0.293935  0.193102 
14  0.112408  0.223170  0.187796  0.083879  0.302543  0.215895  0.284963  0.290312  0.083879  0.328719  0.119604  0.291497  0.267996  0.218016 0.0  0.083879  0.330560  0.117347  0.196713  0.118933  0.083879  0.202202  0.229632  0.210974  0.211095  0.242467  0.243554  0.200965  0.228756  0.169242  0.215317  0.218848  0.246992  0.442901  0.208652  0.257682  0.275380  0.213166  0.207121  0.189150  0.186513  0.083879  0.220591  0.152936  0.083879  0.171226  0.291063  0.138337  0.227948  0.349626  0.111422  0.201457  0.097726  0.295780  0.198355  0.334981  0.083879  0.228089  0.307479  0.350774  0.227083  0.190037  0.219818  0.606278  0.428611  0.083879  0.185113  0.083879  0.124980  0.222937  0.184204  0.194827  0.221886  0.100211  0.592705  0.152608  0.173424  0.215819  0.233439  0.289989  0.336750  0.253429  0.174306  0.083879  0.168712  0.158080  0.289592  0.317543  0.255257  0.317921  0.411257  0.221611  0.151807  0.230542  0.185817  0.114271  0.286364  0.186610  0.228735  0.249590  0.170165  0.416721  0.663461  0.320296  0.293895  0.302269  0.293050  0.241478  0.303427  0.250434  0.165715  0.188463  0.129886  0.089672  0.174662  0.090677  0.167343  0.111170  0.167048  0.162962  0.510779  0.181326  0.219128  0.170860  0.230292  0.208824  0.083879  0.083879  0.235387  0.190338  0.314820  0.135756  0.117549  0.141656  0.113967  0.117036  0.290181  0.083879  0.431290  0.390984  0.281819  0.099381  0.147061  0.240928  0.264769  0.261620 
15  0.083879  0.326226  0.357182  0.160352  0.083879  0.234755  0.198277  0.189857  0.205472  0.161135  0.095920  0.130034  0.220616  0.330692  0.083879 0.0  0.296373  0.323889  0.140125  0.211578  0.102181  0.330473  0.202873  0.120272  0.298648  0.466323  0.120713  0.149210  0.189428  0.112742  0.106441  0.083879  0.083879  0.309882  0.270126  0.124535  0.199787  0.370781  0.221105  0.294548  0.368275  0.274019  0.221612  0.090812  0.291709  0.203499  0.174087  0.083879  0.192395  0.124062  0.083879  0.083879  0.083879  0.258277  0.335890  0.304166  0.147482  0.300631  0.421114  0.255919  0.235867  0.184460  0.224984  0.610368  0.213255  0.083879  0.107242  0.301089  0.331318  0.304433  0.134592  0.191899  0.117710  0.217293  0.453539  0.137797  0.143516  0.087818  0.145852  0.262448  0.169045  0.083879  0.190936  0.083879  0.083879  0.122012  0.279241  0.215171  0.396659  0.132267  0.252998  0.248981  0.251804  0.166457  0.146976  0.232671  0.130627  0.359201  0.167346  0.083879  0.151526  0.209413  0.594272  0.194920  0.113030  0.112352  0.183291  0.303608  0.185219  0.083879  0.083879  0.083879  0.086074  0.153078  0.310208  0.083879  0.350212  0.359054  0.083879  0.315159  0.245384  0.088259  0.083879  0.280105  0.163527  0.207156  0.138399  0.177297  0.375340  0.183383  0.133471  0.083879  0.266466  0.313873  0.235663  0.175378  0.159470  0.264008  0.252292  0.455344  0.202566  0.181496  0.259787  0.171497  0.320225  0.096098 
16  0.280608  0.400747  0.165107  0.361829  0.369819  0.304989  0.352523  0.424450  0.255033  0.504249  0.366024  0.425487  0.635216  0.213301  0.330560  0.296373 0.0  0.195910  0.532754  0.206148  0.452351  0.249623  0.584724  0.399289  0.313373  0.110300  0.448186  0.495789  0.572280  0.395282  0.341017  0.292713  0.419963  0.711418  0.223308  0.456814  0.498668  0.318934  0.544450  0.200441  0.183084  0.291844  0.380908  0.268533  0.173616  0.272715  0.552887  0.372395  0.464342  0.429556  0.382952  0.410360  0.401719  0.457553  0.307219  0.525439  0.608139  0.296712  0.117538  0.525241  0.253814  0.291705  0.561598  0.466463  0.583790  0.448578  0.339404  0.250816  0.201709  0.264919  0.294848  0.282577  0.391517  0.292025  0.812383  0.312049  0.353718  0.414755  0.408330  0.118054  0.463433  0.534781  0.203690  0.423419  0.338299  0.313762  0.342009  0.542309  0.132647  0.530328  0.581682  0.449469  0.160681  0.282320  0.377469  0.174768  0.561937  0.170397  0.480105  0.562475  0.287729  0.442759  0.889067  0.453035  0.439319  0.543469  0.455027  0.302768  0.353697  0.436211  0.320800  0.402714  0.342250  0.343025  0.274513  0.401858  0.107168  0.268125  0.322793  0.306235  0.739860  0.418271  0.364967  0.286922  0.369619  0.392136  0.329291  0.167582  0.185964  0.384140  0.490909  0.338077  0.241738  0.195657  0.281587  0.323510  0.667609  0.252509  0.533847  0.123900  0.417102  0.264195  0.229510  0.418597  0.421452  0.321721 
17  0.188649  0.164583  0.238775  0.268595  0.191899  0.145725  0.303843  0.415207  0.133397  0.371821  0.234188  0.338948  0.278821  0.132748  0.117347  0.323889  0.195910 0.0  0.361193  0.095139  0.246745  0.103647  0.394692  0.207016  0.195954  0.126539  0.289899  0.385935  0.409255  0.191967  0.274647  0.180426  0.289755  0.609694  0.126521  0.263094  0.274508  0.101311  0.259053  0.262230  0.236222  0.154082  0.161211  0.223389  0.133138  0.123151  0.290635  0.275674  0.343130  0.307453  0.311203  0.294719  0.209338  0.340896  0.090982  0.455983  0.347566  0.083879  0.158800  0.344122  0.329152  0.264434  0.368236  0.508123  0.394497  0.228864  0.268531  0.192422  0.083879  0.140142  0.264441  0.261546  0.232878  0.083879  0.657840  0.220156  0.352172  0.195258  0.229711  0.168551  0.338181  0.403353  0.136770  0.134492  0.287219  0.370261  0.146144  0.341248  0.299123  0.459513  0.537587  0.338038  0.142315  0.102848  0.240981  0.083879  0.393961  0.146202  0.312900  0.363787  0.283927  0.305351  0.679492  0.411984  0.360218  0.394481  0.401449  0.220151  0.260833  0.371137  0.353025  0.253252  0.307043  0.155033  0.203614  0.145747  0.198315  0.134976  0.374375  0.179744  0.593782  0.221353  0.224594  0.228625  0.186257  0.352668  0.261797  0.212824  0.207382  0.283480  0.328926  0.349837  0.083879  0.195612  0.235439  0.226842  0.468314  0.254996  0.416791  0.249309  0.277297  0.263495  0.084891  0.185635  0.421742  0.280825 
18  0.265794  0.499837  0.387339  0.280792  0.168810  0.290496  0.117291  0.102761  0.255509  0.083879  0.216816  0.083879  0.146844  0.324958  0.196713  0.140125  0.532754  0.361193 0.0  0.411188  0.104127  0.297940  0.108214  0.362884  0.339010  0.408542  0.083879  0.083879  0.154395  0.123962  0.124676  0.223228  0.234862  0.301024  0.267638  0.148939  0.163835  0.370614  0.161450  0.390411  0.363601  0.265513  0.191279  0.161406  0.426587  0.188931  0.112037  0.292470  0.153208  0.132634  0.199128  0.109500  0.231205  0.086528  0.255002  0.198377  0.083879  0.282276  0.491356  0.211383  0.167133  0.221067  0.130332  0.843723  0.345162  0.155658  0.263635  0.432467  0.337486  0.403849  0.118643  0.170027  0.233336  0.270335  0.309300  0.214784  0.101540  0.189697  0.256345  0.418365  0.083879  0.183315  0.430259  0.203051  0.156576  0.215981  0.280011  0.083879  0.459684  0.208888  0.167583  0.205499  0.255484  0.355428  0.182301  0.389225  0.091191  0.384132  0.134973  0.150498  0.232558  0.176455  0.538634  0.083879  0.187411  0.143643  0.083879  0.477627  0.140022  0.136357  0.141037  0.103068  0.089497  0.204266  0.387320  0.203299  0.467044  0.247574  0.083879  0.393868  0.326024  0.191673  0.161482  0.372726  0.226266  0.111058  0.195099  0.300876  0.427709  0.201288  0.153903  0.138821  0.308151  0.397753  0.354773  0.083879  0.227052  0.214183  0.091186  0.420991  0.111557  0.251757  0.317817  0.170032  0.231879  0.191958 
19  0.171479  0.239387  0.084842  0.198682  0.244677  0.094383  0.241613  0.319795  0.123951  0.370770  0.083879  0.238927  0.298797  0.176557  0.118933  0.211578  0.206148  0.095139  0.411188 0.0  0.148475  0.196315  0.188092  0.179767  0.202953  0.282529  0.318932  0.162550  0.464618  0.293720  0.241388  0.230968  0.274265  0.573843  0.178453  0.315809  0.454549  0.083879  0.210089  0.165836  0.083879  0.128902  0.257341  0.313643  0.138847  0.213266  0.306204  0.190737  0.290764  0.372045  0.301343  0.318067  0.276200  0.299211  0.212632  0.354486  0.282161  0.145549  0.274399  0.318663  0.235904  0.164106  0.234505  0.479993  0.408913  0.216172  0.203089  0.094048  0.083879  0.099805  0.143103  0.312980  0.215125  0.166345  0.620150  0.217064  0.280558  0.115810  0.275904  0.106650  0.245297  0.320997  0.180014  0.265057  0.223026  0.221348  0.101851  0.339544  0.321177  0.426478  0.395770  0.209535  0.186259  0.083879  0.234080  0.083879  0.237200  0.234264  0.253882  0.293938  0.239799  0.416113  0.733409  0.371519  0.225285  0.271516  0.313451  0.207936  0.264221  0.322363  0.347947  0.188404  0.185912  0.272811  0.213457  0.282922  0.245146  0.142824  0.224690  0.264896  0.590737  0.270633  0.305669  0.145519  0.217514  0.288349  0.170050  0.083879  0.194444  0.157959  0.411780  0.239859  0.220037  0.131594  0.083879  0.156452  0.404046  0.102965  0.435131  0.278701  0.297698  0.308736  0.141611  0.092940  0.286314  0.229894 
20  0.083879  0.347430  0.242558  0.083879  0.146690  0.162168  0.145461  0.154970  0.165908  0.154475  0.117048  0.185414  0.163075  0.087975  0.083879  0.102181  0.452351  0.246745  0.104127  0.148475 0.0  0.222979  0.205419  0.125091  0.322914  0.374364  0.145965  0.282717  0.181927  0.114747  0.138639  0.149227  0.095945  0.320858  0.231230  0.115661  0.199069  0.291341  0.084683  0.250080  0.362635  0.121649  0.083879  0.083879  0.292881  0.083879  0.083879  0.083879  0.172204  0.304694  0.130004  0.154229  0.095113  0.232172  0.239933  0.217978  0.150113  0.187294  0.368234  0.185822  0.083879  0.254402  0.279951  0.700957  0.439302  0.083879  0.095646  0.267875  0.218883  0.266424  0.083879  0.094598  0.083879  0.089957  0.463276  0.146590  0.203870  0.184954  0.092520  0.212624  0.182810  0.191867  0.333331  0.119693  0.083879  0.083879  0.253691  0.203141  0.345762  0.236654  0.232989  0.209648  0.169459  0.083879  0.153294  0.221266  0.152799  0.375737  0.225980  0.236719  0.201851  0.188098  0.688619  0.227109  0.128664  0.275141  0.206717  0.330701  0.195395  0.083879  0.083879  0.083879  0.083879  0.086571  0.245497  0.239255  0.323077  0.229297  0.173775  0.262817  0.436203  0.149215  0.083879  0.291328  0.121702  0.101773  0.103599  0.170994  0.348668  0.122940  0.237063  0.083879  0.171006  0.316078  0.299477  0.086892  0.262219  0.240582  0.234326  0.371597  0.191778  0.264301  0.212185  0.133988  0.241541  0.125391 
21  0.223091  0.170383  0.244921  0.271120  0.225143  0.153638  0.201178  0.356375  0.095628  0.375097  0.279791  0.388917  0.336538  0.180415  0.202202  0.330473  0.249623  0.103647  0.297940  0.196315  0.222979 0.0  0.382044  0.149289  0.287010  0.168707  0.306203  0.401219  0.428269  0.323783  0.343571  0.298432  0.301404  0.582578  0.147947  0.318076  0.326817  0.141775  0.368589  0.115199  0.230377  0.148402  0.206646  0.252250  0.198180  0.267144  0.367485  0.239373  0.371455  0.347121  0.096023  0.224573  0.314458  0.359395  0.208007  0.381542  0.551075  0.162681  0.318882  0.423698  0.312056  0.168654  0.299958  0.533156  0.621728  0.251556  0.247193  0.083879  0.121595  0.252737  0.333083  0.278870  0.195664  0.129198  0.658283  0.185085  0.131451  0.227026  0.301364  0.083879  0.382405  0.327553  0.085627  0.198696  0.250742  0.280251  0.243532  0.488111  0.204441  0.387476  0.391467  0.479896  0.083879  0.264278  0.200445  0.206190  0.392470  0.126986  0.388181  0.316678  0.160583  0.307703  0.771691  0.444761  0.202603  0.236475  0.349727  0.169208  0.216116  0.254343  0.270492  0.224139  0.307360  0.083879  0.107539  0.316908  0.177335  0.114771  0.357608  0.124158  0.653833  0.283920  0.391070  0.150243  0.226212  0.404941  0.122048  0.227697  0.243986  0.365018  0.402573  0.220905  0.137897  0.228418  0.137914  0.219662  0.427103  0.175740  0.478367  0.251224  0.300371  0.339838  0.247507  0.179595  0.429890  0.145156 
22  0.115162  0.486555  0.469497  0.140350  0.276583  0.358530  0.185350  0.083879  0.272065  0.097940  0.314289  0.177023  0.182964  0.273010  0.229632  0.202873  0.584724  0.394692  0.108214  0.188092  0.205419  0.382044 0.0  0.354825  0.455263  0.398239  0.091650  0.125670  0.166601  0.199757  0.301167  0.268666  0.109391  0.300706  0.439501  0.277265  0.083879  0.415755  0.244018  0.432487  0.371270  0.135197  0.231003  0.139221  0.485774  0.220965  0.236844  0.230415  0.180290  0.218560  0.278086  0.234286  0.192829  0.166805  0.390384  0.083879  0.151663  0.335550  0.383345  0.125732  0.324678  0.141987  0.155203  0.603933  0.189253  0.132486  0.175779  0.255042  0.450664  0.395722  0.280590  0.105618  0.314839  0.187452  0.404497  0.245844  0.170796  0.131571  0.142272  0.376490  0.138799  0.083879  0.487509  0.212513  0.200713  0.292276  0.232025  0.111425  0.480270  0.100507  0.170117  0.083879  0.369615  0.424751  0.218997  0.267420  0.116153  0.424802  0.208360  0.137802  0.303870  0.121622  0.596467  0.139068  0.208718  0.083879  0.201449  0.416340  0.124919  0.274517  0.208799  0.336930  0.188298  0.231260  0.364635  0.176614  0.342282  0.245878  0.145368  0.410631  0.344566  0.169244  0.177987  0.304306  0.156585  0.234577  0.287417  0.377692  0.353970  0.181892  0.083879  0.239102  0.405308  0.264907  0.288482  0.284011  0.276568  0.269609  0.152533  0.498807  0.083879  0.083879  0.301152  0.357250  0.152713  0.285725 
23  0.153447  0.207509  0.175643  0.208961  0.152640  0.268925  0.147146  0.244124  0.214031  0.264456  0.090837  0.083879  0.203268  0.268821  0.210974  0.120272  0.399289  0.207016  0.362884  0.179767  0.125091  0.149289  0.354825 0.0  0.329929  0.371906  0.363933  0.346982  0.383545  0.304812  0.136642  0.217281  0.223090  0.342038  0.172639  0.246807  0.298161  0.321381  0.172181  0.294946  0.349503  0.134990  0.184843  0.236587  0.314979  0.120620  0.297212  0.194871  0.126352  0.185266  0.172217  0.134326  0.184983  0.374880  0.159416  0.200088  0.161594  0.280201  0.354613  0.264597  0.110602  0.221093  0.311848  0.541462  0.425454  0.199241  0.195590  0.239787  0.315754  0.304997  0.142248  0.230022  0.083879  0.193017  0.520865  0.136625  0.252171  0.187768  0.201920  0.167149  0.218628  0.394331  0.301931  0.234845  0.206148  0.191549  0.292389  0.269764  0.353225  0.383228  0.424976  0.278390  0.218625  0.285619  0.135315  0.194650  0.306248  0.282843  0.237008  0.224651  0.248313  0.304615  0.701858  0.319825  0.191189  0.307786  0.213797  0.253531  0.275108  0.311392  0.304906  0.250888  0.201732  0.296204  0.242170  0.183602  0.266858  0.351210  0.154441  0.141633  0.497935  0.209926  0.208550  0.199705  0.191716  0.184811  0.227318  0.200292  0.188024  0.318167  0.395024  0.193838  0.216083  0.326172  0.367466  0.105954  0.325709  0.153922  0.291872  0.324798  0.296970  0.237589  0.283744  0.083879  0.265948  0.163235 
24  0.335433  0.136195  0.085425  0.248699  0.343066  0.275652  0.350438  0.517450  0.273213  0.513822  0.433423  0.477253  0.456894  0.152193  0.211095  0.298648  0.313373  0.195954  0.339010  0.202953  0.322914  0.287010  0.455263  0.329929 0.0  0.089356  0.559113  0.491985  0.478250  0.345341  0.322457  0.321584  0.362029  0.620972  0.270479  0.340981  0.451606  0.118491  0.391457  0.083879  0.165380  0.255953  0.443942  0.295272  0.098683  0.307153  0.446218  0.333057  0.369216  0.414486  0.307152  0.309973  0.328160  0.539491  0.221205  0.487152  0.450671  0.223445  0.171596  0.438177  0.245587  0.194194  0.482124  0.539531  0.500775  0.280401  0.331887  0.179417  0.267039  0.191098  0.430316  0.414269  0.499167  0.149249  0.682664  0.448840  0.337533  0.397096  0.352617  0.238673  0.403522  0.428179  0.114711  0.375477  0.392741  0.376507  0.239396  0.527314  0.170564  0.543269  0.558341  0.449382  0.114756  0.190759  0.320814  0.196263  0.430629  0.177780  0.364434  0.506340  0.303565  0.457288  0.862497  0.524857  0.430577  0.375678  0.475473  0.142091  0.362988  0.270993  0.420207  0.383116  0.312331  0.239215  0.248963  0.435688  0.200103  0.212658  0.309841  0.133520  0.677220  0.323888  0.420124  0.130912  0.427885  0.368349  0.323142  0.188394  0.209647  0.381061  0.474318  0.256619  0.173094  0.287260  0.277556  0.312855  0.510902  0.291646  0.392334  0.163376  0.353808  0.512975  0.181563  0.290957  0.407793  0.280274 
25  0.356136  0.133874  0.143880  0.288789  0.402035  0.276130  0.351598  0.443010  0.299651  0.471386  0.404524  0.334979  0.406857  0.177700  0.242467  0.466323  0.110300  0.126539  0.408542  0.282529  0.374364  0.168707  0.398239  0.371906  0.089356 0.0  0.521246  0.529043  0.389089  0.249752  0.414558  0.355259  0.312698  0.669340  0.218127  0.363586  0.500551  0.090974  0.314407  0.192090  0.124775  0.331684  0.304777  0.298447  0.118527  0.345178  0.320126  0.351164  0.501008  0.389233  0.262218  0.337886  0.307524  0.458390  0.222881  0.445669  0.228915  0.236653  0.198469  0.393540  0.310016  0.395866  0.458243  0.482712  0.544937  0.292578  0.399608  0.178910  0.173852  0.234745  0.267478  0.310201  0.421789  0.290403  0.779014  0.347628  0.325976  0.279831  0.247187  0.213444  0.365636  0.546443  0.301447  0.170326  0.347937  0.256721  0.224813  0.568841  0.212231  0.513951  0.558361  0.498126  0.293073  0.115536  0.386435  0.183519  0.422343  0.148130  0.372282  0.494118  0.302539  0.469561  0.860575  0.468758  0.390536  0.433830  0.308834  0.316872  0.252798  0.371049  0.273639  0.341341  0.371995  0.369040  0.197424  0.299682  0.249204  0.286354  0.374832  0.168862  0.563966  0.214730  0.342164  0.174089  0.216295  0.295683  0.330711  0.381777  0.247511  0.408081  0.452621  0.276902  0.317454  0.293138  0.125613  0.245447  0.636790  0.213865  0.390359  0.100255  0.433390  0.392805  0.141793  0.244751  0.454148  0.187068 
26  0.222573  0.486796  0.419041  0.256476  0.223638  0.318772  0.238546  0.142296  0.298067  0.102828  0.208099  0.132735  0.083879  0.410481  0.243554  0.120713  0.448186  0.289899  0.083879  0.318932  0.145965  0.306203  0.091650  0.363933  0.559113  0.521246 0.0  0.083879  0.083879  0.157661  0.187225  0.310855  0.186683  0.407572  0.327614  0.173518  0.091283  0.502818  0.262007  0.444599  0.444155  0.272542  0.337029  0.135038  0.485599  0.129526  0.130417  0.399054  0.304680  0.259257  0.205748  0.158854  0.265597  0.152996  0.373457  0.083879  0.083879  0.287086  0.413975  0.150897  0.176902  0.234484  0.083879  0.864112  0.204577  0.226176  0.203936  0.360134  0.335757  0.365631  0.245834  0.174178  0.185828  0.223503  0.221840  0.258021  0.167514  0.283114  0.242419  0.497160  0.177380  0.083879  0.355505  0.236679  0.131175  0.190631  0.352048  0.083879  0.563933  0.235156  0.220614  0.169809  0.303196  0.222477  0.167281  0.353057  0.142278  0.540375  0.282237  0.083879  0.209376  0.083879  0.521479  0.237043  0.175976  0.083879  0.152000  0.318495  0.329628  0.285742  0.167304  0.217375  0.166731  0.281938  0.309929  0.092247  0.564459  0.350117  0.126457  0.403744  0.236016  0.253750  0.227159  0.512427  0.167967  0.154294  0.231677  0.411942  0.392348  0.167667  0.163381  0.172737  0.305971  0.406521  0.357956  0.328072  0.175661  0.310073  0.083879  0.561389  0.091125  0.242584  0.414776  0.187321  0.110641  0.328808 
