146
0 0.0  0.254730  0.242492  0.081228  0.087767  0.195104  0.087024  0.169345  0.137154  0.180088  0.079180  0.157128  0.161219  0.249779  0.135237  0.126937  0.311525  0.234039  0.194473  0.177313  0.089585  0.208186  0.187896  0.180910  0.331301  0.301753  0.203002  0.220693  0.237156  0.103560  0.148427  0.106205  0.115942  0.356057  0.229262  0.142956  0.193738  0.250713  0.102474  0.271061  0.359909  0.146281  0.082914  0.094416  0.225415  0.096110  0.143167  0.092651  0.194782  0.218860  0.093700  0.134717  0.078953  0.230859  0.181302  0.217174  0.152970  0.188481  0.277679  0.189866  0.096092  0.096206  0.208775  0.601284  0.304935  0.086561  0.082608  0.211975  0.197520  0.215407  0.087998  0.104272  0.176009  0.137676  0.457822  0.078799  0.101324  0.089867  0.107830  0.210861  0.177760  0.230753  0.252679  0.100232  0.109296  0.123532  0.213340  0.215217  0.280770  0.302914  0.272289  0.209225  0.164756  0.177807  0.079011  0.166213  0.198468  0.259248  0.170202  0.204205  0.151891  0.198350  0.498310  0.237662  0.120470  0.194095  0.224255  0.276770  0.081127  0.107815  0.133150  0.109950  0.097272  0.123375  0.195565  0.114567  0.258659  0.185518  0.120483  0.276716  0.367784  0.084426  0.103725  0.218076  0.107492  0.123298  0.108167  0.179497  0.249355  0.105849  0.195824  0.102085  0.181364  0.186107  0.207423  0.101417  0.261954  0.172878  0.190586  0.317447  0.213717  0.101666  0.191747  0.148985  0.199108  0.179196 
1  0.254730 0.0  0.075689  0.255923  0.254426  0.174296  0.278254  0.335485  0.204813  0.390213  0.258908  0.278928  0.347940  0.142575  0.201362  0.307765  0.209633  0.204395  0.369266  0.206833  0.275780  0.116485  0.337271  0.192463  0.150586  0.154287  0.412839  0.365306  0.372712  0.261476  0.279773  0.253868  0.298934  0.479772  0.118642  0.330652  0.411863  0.179620  0.320349  0.084941  0.205503  0.205652  0.268545  0.268688  0.137932  0.226878  0.271735  0.273476  0.284323  0.383258  0.209406  0.308004  0.237121  0.346205  0.225733  0.384178  0.286130  0.217975  0.208252  0.382816  0.236786  0.245850  0.391126  0.539544  0.503276  0.245525  0.272322  0.129450  0.206937  0.217032  0.239598  0.293749  0.247220  0.186182  0.579867  0.227713  0.270709  0.261157  0.240090  0.130266  0.345301  0.415336  0.186918  0.273711  0.288161  0.297974  0.235438  0.433284  0.240506  0.430246  0.541273  0.401689  0.202354  0.132734  0.275884  0.203379  0.406622  0.089957  0.298128  0.366329  0.216252  0.364677  0.711971  0.417175  0.316393  0.358210  0.385932  0.109378  0.268390  0.269479  0.319751  0.285233  0.236851  0.244660  0.158737  0.297170  0.281165  0.186691  0.270066  0.092321  0.556682  0.224810  0.300646  0.131248  0.226958  0.284605  0.297292  0.212819  0.155182  0.268016  0.382271  0.274399  0.230463  0.218101  0.203204  0.234865  0.455300  0.186039  0.325324  0.206225  0.363363  0.314394  0.207622  0.187339  0.346558  0.163761 
2  0.242492  0.075689 0.0  0.246499  0.290077  0.200327  0.248280  0.380878  0.196492  0.387097  0.251684  0.375559  0.415286  0.139378  0.195561  0.324242  0.240847  0.210470  0.325259  0.174606  0.280465  0.120846  0.372496  0.194126  0.151830  0.154769  0.334430  0.423176  0.375194  0.283627  0.341986  0.250678  0.251273  0.464805  0.116392  0.346046  0.329623  0.171542  0.267077  0.087320  0.215223  0.193345  0.256537  0.307150  0.143005  0.250703  0.341988  0.274260  0.293605  0.379262  0.227401  0.323091  0.294334  0.368540  0.232818  0.385757  0.314234  0.204921  0.222064  0.411462  0.249550  0.252621  0.414144  0.535522  0.387468  0.256026  0.221456  0.126386  0.207322  0.219086  0.279853  0.293716  0.292597  0.212376  0.650536  0.258163  0.252138  0.236882  0.267017  0.139056  0.409730  0.406900  0.197783  0.270075  0.246314  0.264145  0.213373  0.423099  0.243868  0.468679  0.527671  0.412210  0.197917  0.154688  0.239099  0.184289  0.381797  0.087224  0.276386  0.380622  0.210123  0.406523  0.904335  0.390890  0.246523  0.373016  0.369212  0.107043  0.260465  0.286959  0.289287  0.262745  0.275475  0.196949  0.164120  0.331509  0.222955  0.179444  0.277750  0.093084  0.610914  0.240205  0.323038  0.133324  0.224141  0.312958  0.253501  0.199858  0.140474  0.283859  0.355010  0.255539  0.234093  0.254586  0.205766  0.227351  0.426971  0.160608  0.346992  0.226968  0.354168  0.293461  0.197541  0.195098  0.375540  0.158768 
3  0.081228  0.255923  0.246499 0.0  0.093285  0.169197  0.082040  0.193875  0.140212  0.218435  0.081636  0.138877  0.164429  0.240675  0.130291  0.114535  0.304902  0.241001  0.184651  0.170661  0.086909  0.250612  0.201567  0.198119  0.313695  0.274133  0.201988  0.208026  0.212659  0.098308  0.149304  0.102420  0.114240  0.380831  0.239181  0.136455  0.245064  0.239844  0.102314  0.247786  0.280434  0.152785  0.081236  0.092050  0.234524  0.089770  0.132636  0.091088  0.174491  0.201113  0.095942  0.139030  0.079999  0.218358  0.168294  0.192303  0.154320  0.198797  0.292745  0.195565  0.092864  0.090522  0.192233  0.573306  0.287430  0.081696  0.079316  0.212776  0.203829  0.228391  0.086114  0.102040  0.162236  0.124591  0.492074  0.082118  0.103645  0.097471  0.099934  0.228072  0.194437  0.206669  0.267115  0.094648  0.101567  0.110612  0.229834  0.189965  0.343075  0.276430  0.283280  0.241471  0.165780  0.171677  0.083794  0.158850  0.188221  0.261244  0.148717  0.209585  0.142561  0.198101  0.691828  0.196184  0.125558  0.207832  0.155075  0.292034  0.078523  0.109819  0.124799  0.102835  0.098914  0.127960  0.172218  0.119700  0.261939  0.181440  0.115635  0.252952  0.414679  0.081782  0.107339  0.222679  0.117412  0.114456  0.098520  0.179115  0.244032  0.103932  0.208232  0.097981  0.188450  0.186968  0.203258  0.103207  0.267789  0.165503  0.216554  0.346637  0.187988  0.109315  0.230219  0.160894  0.186696  0.158545 
4  0.087767  0.254426  0.290077  0.093285 0.0  0.176387  0.096187  0.197760  0.149388  0.202627  0.087230  0.149536  0.175419  0.272162  0.146546  0.117554  0.340098  0.228845  0.192155  0.182381  0.098249  0.215922  0.191698  0.211232  0.297928  0.274197  0.206444  0.195715  0.200351  0.091181  0.153548  0.099897  0.127080  0.363905  0.206190  0.120706  0.200942  0.257733  0.088870  0.280532  0.289742  0.144767  0.085646  0.098981  0.269522  0.112405  0.146166  0.095686  0.196967  0.219939  0.102765  0.146081  0.085314  0.223561  0.169833  0.196203  0.158156  0.205672  0.258369  0.173469  0.110469  0.107553  0.197625  0.591788  0.284420  0.091918  0.094100  0.198843  0.200296  0.213812  0.097519  0.095685  0.181670  0.152658  0.463941  0.086573  0.085130  0.076788  0.117718  0.228364  0.196652  0.206704  0.255983  0.097478  0.112373  0.122471  0.221279  0.208147  0.339088  0.254186  0.285480  0.199384  0.167726  0.178083  0.083958  0.177599  0.192379  0.251271  0.176135  0.184521  0.173989  0.193374  0.556072  0.248243  0.121068  0.177681  0.196182  0.286058  0.092360  0.119222  0.124239  0.094800  0.081342  0.136294  0.180428  0.113565  0.283393  0.192840  0.118157  0.285834  0.377702  0.099410  0.095684  0.238714  0.120626  0.124321  0.117165  0.183192  0.287352  0.116540  0.183446  0.123521  0.185972  0.199004  0.193725  0.118906  0.238270  0.195258  0.189772  0.313095  0.197215  0.089449  0.206538  0.171294  0.168785  0.189537 
5  0.195104  0.174296  0.200327  0.169197  0.176387 0.0  0.186252  0.283115  0.119468  0.368856  0.167140  0.284625  0.274793  0.155445  0.115295  0.233985  0.231893  0.112629  0.273192  0.085168  0.190666  0.143394  0.314851  0.185256  0.232710  0.195925  0.287042  0.271388  0.330814  0.202150  0.250331  0.203349  0.226914  0.500900  0.156292  0.226130  0.302949  0.171311  0.180508  0.185608  0.197592  0.105348  0.179254  0.200318  0.153082  0.176123  0.248470  0.205734  0.273126  0.335314  0.150241  0.259135  0.181949  0.361377  0.101358  0.306247  0.240580  0.116534  0.220943  0.306509  0.180241  0.170178  0.269549  0.457402  0.365957  0.178256  0.192455  0.148506  0.114597  0.123992  0.150460  0.196039  0.242154  0.117188  0.533948  0.176002  0.198497  0.184345  0.182039  0.130662  0.276527  0.304111  0.136536  0.220685  0.202099  0.198138  0.132744  0.337764  0.242559  0.348488  0.395053  0.304525  0.078753  0.144167  0.178020  0.076725  0.296258  0.191851  0.224238  0.310772  0.209861  0.279750  0.697709  0.301132  0.229599  0.296524  0.292022  0.213633  0.180062  0.204961  0.234413  0.190746  0.188048  0.134793  0.131693  0.221975  0.184848  0.093013  0.240361  0.169289  0.520568  0.168081  0.223747  0.129422  0.143505  0.214456  0.186273  0.101254  0.160213  0.202437  0.278809  0.191695  0.105261  0.105460  0.104473  0.144233  0.312586  0.160304  0.329278  0.214276  0.327148  0.198207  0.107571  0.185871  0.285814  0.162173 
6  0.087024  0.278254  0.248280  0.082040  0.096187  0.186252 0.0  0.203498  0.137069  0.213407  0.083958  0.142384  0.164595  0.285743  0.154589  0.111625  0.363272  0.221653  0.161930  0.194841  0.080646  0.245313  0.189576  0.170921  0.305693  0.298691  0.222755  0.195022  0.217514  0.098045  0.136232  0.097421  0.110411  0.411895  0.206652  0.126362  0.196035  0.236890  0.098471  0.228420  0.276566  0.145176  0.081773  0.081716  0.251893  0.096369  0.134231  0.080881  0.168882  0.200994  0.108816  0.132264  0.083534  0.195864  0.173738  0.174711  0.136093  0.218033  0.253436  0.197556  0.094294  0.093287  0.176717  0.492190  0.251636  0.075066  0.077006  0.213895  0.224776  0.229942  0.094208  0.096945  0.174791  0.145705  0.471173  0.084630  0.092246  0.097098  0.097807  0.192387  0.198862  0.182710  0.276574  0.086333  0.093547  0.100397  0.213769  0.185501  0.318655  0.261452  0.340443  0.229147  0.176713  0.164833  0.086262  0.166691  0.182463  0.241441  0.162879  0.201019  0.149552  0.175824  0.639342  0.207199  0.122681  0.180345  0.199125  0.259665  0.080321  0.097353  0.118729  0.103709  0.095438  0.126236  0.185754  0.118598  0.306938  0.190243  0.105825  0.275659  0.417778  0.088638  0.107249  0.252046  0.126768  0.101850  0.097094  0.191183  0.238686  0.094706  0.178012  0.092651  0.187281  0.195682  0.210606  0.113766  0.240734  0.178099  0.194300  0.326860  0.194436  0.098235  0.230382  0.157910  0.179294  0.173384 
7  0.169345  0.335485  0.380878  0.193875  0.197760  0.283115  0.203498 0.0  0.216651  0.103001  0.177250  0.118668  0.102466  0.354827  0.251123  0.161722  0.445879  0.318846  0.095908  0.320702  0.171460  0.373058  0.102445  0.271224  0.399770  0.410504  0.085826  0.091104  0.099365  0.185084  0.129054  0.155570  0.156505  0.388728  0.354014  0.151268  0.100339  0.397816  0.181880  0.329220  0.377394  0.247405  0.184953  0.184923  0.400121  0.201910  0.124974  0.203424  0.173308  0.172773  0.213834  0.119264  0.194110  0.094058  0.310486  0.081306  0.128327  0.299986  0.432012  0.080211  0.176055  0.211522  0.079372  0.549831  0.222323  0.167300  0.188510  0.315388  0.329714  0.301479  0.188753  0.164120  0.214635  0.233478  0.329016  0.199124  0.166376  0.181083  0.178643  0.371301  0.083757  0.086008  0.359680  0.183485  0.213283  0.147838  0.311433  0.082199  0.443164  0.162200  0.185519  0.107385  0.284313  0.286615  0.196605  0.293058  0.081674  0.333185  0.213012  0.080215  0.232617  0.076200  0.485968  0.122459  0.132001  0.079174  0.080205  0.399930  0.198262  0.175473  0.145172  0.178229  0.184932  0.233402  0.337497  0.154256  0.364131  0.293112  0.160277  0.363236  0.306281  0.193723  0.156205  0.364359  0.218758  0.159358  0.193559  0.300549  0.371815  0.166322  0.078891  0.193014  0.286138  0.292730  0.323860  0.240172  0.132150  0.272814  0.091977  0.501172  0.078686  0.181894  0.305872  0.225692  0.107658  0.287867 
8  0.137154  0.204813  0.196492  0.140212  0.149388  0.119468  0.137069  0.216651 0.0  0.269165  0.136231  0.193246  0.251038  0.170121  0.078933  0.166760  0.271242  0.156014  0.253171  0.124352  0.145766  0.152691  0.230013  0.174522  0.253768  0.226359  0.254469  0.248393  0.273892  0.156017  0.225000  0.154135  0.164672  0.437645  0.156009  0.188835  0.271220  0.220746  0.157449  0.222960  0.233084  0.091667  0.130620  0.145105  0.193262  0.124360  0.220722  0.157815  0.189125  0.294920  0.115582  0.229429  0.133564  0.294252  0.128285  0.236883  0.220891  0.158056  0.249235  0.269472  0.139994  0.129921  0.274884  0.566350  0.352570  0.148966  0.131773  0.160198  0.151145  0.167634  0.123551  0.161594  0.214140  0.081912  0.548246  0.140308  0.149080  0.150860  0.135700  0.171632  0.280051  0.264184  0.186082  0.145792  0.149190  0.191582  0.140964  0.237214  0.269889  0.335921  0.324601  0.238394  0.117555  0.123146  0.124258  0.116887  0.259603  0.202472  0.191297  0.229966  0.179786  0.245283  0.679700  0.305667  0.187279  0.245271  0.247474  0.239714  0.131518  0.155034  0.177694  0.170130  0.145594  0.085760  0.117957  0.172273  0.224593  0.122505  0.172040  0.193797  0.492639  0.129428  0.146301  0.143432  0.099646  0.161178  0.153036  0.130623  0.202592  0.141330  0.223600  0.145503  0.139630  0.131010  0.134418  0.108095  0.292660  0.133126  0.252548  0.241554  0.259386  0.157362  0.144931  0.134055  0.264382  0.134837 
9  0.180088  0.390213  0.387097  0.218435  0.202627  0.368856  0.213407  0.103001  0.269165 0.0  0.211567  0.133536  0.131543  0.339457  0.281791  0.169204  0.452792  0.384975  0.122702  0.317277  0.214767  0.388031  0.100566  0.245393  0.446584  0.504230  0.088790  0.084678  0.079542  0.178529  0.152675  0.196016  0.193381  0.362434  0.308762  0.167790  0.092639  0.418751  0.188489  0.425616  0.421072  0.282654  0.206452  0.208278  0.459692  0.209901  0.170771  0.211659  0.206883  0.192989  0.253494  0.160825  0.213177  0.079289  0.309378  0.092693  0.149539  0.358574  0.442621  0.096945  0.235135  0.236388  0.103084  0.723088  0.187574  0.217008  0.222365  0.372417  0.359474  0.312701  0.247948  0.175795  0.259959  0.272169  0.357591  0.204361  0.193817  0.208043  0.213844  0.300785  0.110400  0.089485  0.406148  0.215899  0.195848  0.194013  0.348292  0.094954  0.483445  0.136273  0.181550  0.087232  0.332389  0.291888  0.212321  0.343947  0.090593  0.478213  0.220367  0.095961  0.277696  0.105082  0.437129  0.129131  0.155834  0.105241  0.098113  0.365370  0.201796  0.210973  0.167848  0.198292  0.195795  0.221782  0.314891  0.170105  0.420202  0.303862  0.190926  0.349712  0.275687  0.187981  0.176185  0.333490  0.246059  0.177525  0.206705  0.278027  0.387252  0.207099  0.103141  0.200045  0.304036  0.281927  0.362002  0.264299  0.154768  0.261676  0.083625  0.519537  0.101359  0.183999  0.346651  0.285001  0.093752  0.337726 
10  0.079180  0.258908  0.251684  0.081636  0.087230  0.167140  0.083958  0.177250  0.136231  0.211567 0.0  0.152900  0.173516  0.233801  0.136622  0.119228  0.344148  0.229275  0.162938  0.182322  0.087338  0.249140  0.198226  0.187286  0.308494  0.331471  0.181499  0.187851  0.230891  0.096662  0.146333  0.096844  0.109697  0.444795  0.265734  0.120632  0.200186  0.276729  0.093599  0.244279  0.320184  0.147873  0.078708  0.089373  0.258201  0.098572  0.141052  0.090246  0.184800  0.204450  0.102906  0.147700  0.075017  0.205575  0.172639  0.214756  0.141309  0.196821  0.302300  0.195124  0.098103  0.098937  0.178984  0.502695  0.292222  0.083505  0.083354  0.193379  0.214488  0.230245  0.091441  0.097448  0.171619  0.135383  0.457220  0.075301  0.092623  0.088501  0.100260  0.196368  0.199486  0.203757  0.260830  0.095068  0.100927  0.113933  0.199714  0.200127  0.308678  0.321247  0.278679  0.191814  0.166086  0.162958  0.077163  0.174897  0.206533  0.265878  0.183569  0.197722  0.150735  0.210928  0.537249  0.242040  0.131910  0.185371  0.211091  0.297783  0.079186  0.108042  0.127228  0.102551  0.092361  0.130388  0.182581  0.127394  0.302694  0.176240  0.112579  0.253696  0.485541  0.086604  0.099120  0.222916  0.116000  0.112119  0.102897  0.176298  0.261191  0.102337  0.179051  0.103934  0.195532  0.164395  0.185107  0.107758  0.248233  0.177147  0.215415  0.318474  0.191993  0.102708  0.187103  0.149744  0.186348  0.167856 
11  0.157128  0.278928  0.375559  0.138877  0.149536  0.284625  0.142384  0.118668  0.193246  0.133536  0.152900 0.0  0.100746  0.332177  0.211289  0.111812  0.439599  0.319496  0.106928  0.265455  0.143384  0.272818  0.133667  0.228692  0.385693  0.329616  0.121938  0.136972  0.142133  0.134255  0.082223  0.138193  0.122831  0.351302  0.329954  0.096869  0.137814  0.321378  0.131035  0.306006  0.374605  0.239016  0.154522  0.133371  0.321567  0.172657  0.093514  0.143282  0.143002  0.173805  0.172807  0.082225  0.160951  0.136990  0.222614  0.125601  0.079397  0.258091  0.321777  0.117078  0.159215  0.160595  0.117245  0.577703  0.215199  0.141611  0.141611  0.347652  0.326916  0.276309  0.170164  0.134268  0.158086  0.232631  0.386846  0.148948  0.133866  0.153387  0.157288  0.278870  0.109002  0.127725  0.340104  0.137095  0.159792  0.126411  0.261328  0.124438  0.383727  0.201948  0.249710  0.130298  0.240956  0.251464  0.160606  0.245962  0.109904  0.334377  0.175074  0.125627  0.197151  0.124258  0.586157  0.148380  0.097863  0.111374  0.123922  0.374119  0.151430  0.124598  0.105608  0.125799  0.142840  0.199506  0.251922  0.119952  0.404853  0.272698  0.118796  0.354740  0.328596  0.159524  0.130322  0.311811  0.202267  0.122734  0.135545  0.246369  0.358015  0.138342  0.118761  0.156497  0.281122  0.237061  0.267730  0.191082  0.168785  0.226407  0.124271  0.437989  0.114945  0.130975  0.269838  0.189744  0.145117  0.232712 
12  0.161219  0.347940  0.415286  0.164429  0.175419  0.274793  0.164595  0.102466  0.251038  0.131543  0.173516  0.100746 0.0  0.344864  0.233491  0.132136  0.530417  0.352694  0.082310  0.283217  0.179756  0.301626  0.129947  0.232781  0.414292  0.400820  0.121081  0.121450  0.129380  0.169655  0.099052  0.161227  0.133631  0.368480  0.333518  0.122825  0.127273  0.377034  0.169543  0.327423  0.412973  0.265019  0.173251  0.153140  0.371180  0.166120  0.110802  0.160140  0.162687  0.135443  0.204095  0.105242  0.159246  0.128488  0.267873  0.113204  0.099894  0.295895  0.372232  0.106059  0.181343  0.158191  0.103943  0.659499  0.241507  0.172039  0.154912  0.331756  0.329749  0.314152  0.214974  0.163889  0.185109  0.252514  0.338385  0.177568  0.160381  0.177234  0.155487  0.294227  0.092709  0.109837  0.292999  0.161796  0.166738  0.143725  0.297898  0.108788  0.450631  0.161617  0.206015  0.129084  0.280511  0.277095  0.185337  0.270012  0.109457  0.360053  0.177901  0.105094  0.185191  0.100661  0.558361  0.140655  0.113039  0.103176  0.111371  0.370298  0.159748  0.149199  0.119591  0.146261  0.178992  0.219374  0.247892  0.137234  0.378328  0.290705  0.141489  0.338721  0.309256  0.189358  0.160334  0.302383  0.224394  0.137253  0.171153  0.294652  0.366224  0.153988  0.106242  0.188288  0.275980  0.249233  0.310259  0.215297  0.157525  0.250834  0.119842  0.486493  0.107614  0.158506  0.277027  0.213032  0.139249  0.247317 
13  0.249779  0.142575  0.139378  0.240675  0.272162  0.155445  0.285743  0.354827  0.170121  0.339457  0.233801  0.332177  0.344864 0.0  0.213169  0.305569  0.169967  0.142708  0.372828  0.142996  0.273730  0.113368  0.372085  0.229724  0.151783  0.116755  0.370682  0.342747  0.379976  0.226226  0.341032  0.300517  0.255666  0.603577  0.111430  0.287931  0.389278  0.114612  0.267860  0.122387  0.136731  0.172347  0.248052  0.266905  0.081488  0.234680  0.335989  0.257670  0.292978  0.339528  0.235326  0.320014  0.259183  0.368404  0.184465  0.359957  0.260527  0.158241  0.153654  0.440355  0.255425  0.237986  0.358716  0.451533  0.470095  0.243772  0.278087  0.122723  0.150625  0.153403  0.240084  0.282291  0.321196  0.179075  0.604631  0.266673  0.284606  0.295417  0.247669  0.112271  0.372421  0.358579  0.127042  0.277695  0.263430  0.287332  0.172690  0.430776  0.191290  0.417781  0.471920  0.384126  0.154002  0.152759  0.248169  0.148603  0.390119  0.119521  0.274341  0.428798  0.219686  0.326175  0.845826  0.393714  0.325036  0.379296  0.352403  0.181737  0.250442  0.309806  0.308465  0.318173  0.260427  0.224846  0.145725  0.286170  0.175720  0.139975  0.273411  0.115357  0.580883  0.218242  0.326594  0.118736  0.214747  0.257967  0.291761  0.144760  0.088679  0.256845  0.341965  0.255128  0.166212  0.166054  0.152201  0.231102  0.442766  0.194254  0.353102  0.178765  0.355931  0.290275  0.157020  0.196396  0.416195  0.175386 
14  0.135237  0.201362  0.195561  0.130291  0.146546  0.115295  0.154589  0.251123  0.078933  0.281791  0.136622  0.211289  0.233491  0.213169 0.0  0.166492  0.266699  0.164425  0.268818  0.115833  0.132873  0.157069  0.268630  0.163084  0.292441  0.243255  0.241866  0.294929  0.288134  0.144700  0.199121  0.171356  0.187959  0.518555  0.162602  0.190509  0.271034  0.192297  0.170494  0.195794  0.219679  0.090794  0.146273  0.160589  0.178588  0.134213  0.208652  0.133807  0.221791  0.289987  0.110687  0.228886  0.151464  0.259116  0.131768  0.269257  0.222853  0.146820  0.212191  0.258415  0.139936  0.140427  0.277134  0.486680  0.378762  0.155461  0.151259  0.161300  0.147426  0.160485  0.122061  0.159757  0.200724  0.083728  0.540792  0.134650  0.157821  0.160258  0.136007  0.157364  0.244222  0.253578  0.172602  0.154380  0.151866  0.179985  0.175254  0.284169  0.300930  0.334233  0.331386  0.258694  0.112764  0.125374  0.147403  0.112011  0.302630  0.198257  0.197791  0.295669  0.167249  0.254244  0.604152  0.248914  0.180762  0.269709  0.258629  0.224774  0.136972  0.168230  0.183755  0.182626  0.160713  0.090301  0.111816  0.190752  0.226521  0.132236  0.169077  0.179770  0.469841  0.139376  0.149703  0.141736  0.103792  0.164223  0.134523  0.141834  0.174214  0.169212  0.255638  0.142389  0.144701  0.146131  0.147942  0.103497  0.305037  0.128342  0.297538  0.289218  0.237520  0.168331  0.146054  0.140364  0.251747  0.133988 
15  0.126937  0.307765  0.324242  0.114535  0.117554  0.233985  0.111625  0.161722  0.166760  0.169204  0.119228  0.111812  0.132136  0.305569  0.166492 0.0  0.385392  0.255086  0.150071  0.205612  0.110371  0.272299  0.176581  0.181443  0.367529  0.330303  0.169567  0.168278  0.169314  0.114728  0.102209  0.101980  0.082000  0.334394  0.254044  0.091912  0.165378  0.319206  0.106436  0.287525  0.358760  0.180215  0.115534  0.104582  0.298097  0.112675  0.098962  0.106362  0.158301  0.172399  0.142961  0.105584  0.123683  0.169764  0.252217  0.165258  0.108987  0.248551  0.328681  0.166343  0.121219  0.132383  0.157874  0.600943  0.265388  0.116256  0.111158  0.247092  0.263557  0.256769  0.129192  0.102007  0.150848  0.185504  0.424856  0.111311  0.111102  0.119561  0.115034  0.269851  0.147207  0.157141  0.291215  0.100299  0.100047  0.089175  0.293298  0.153874  0.411010  0.277407  0.241372  0.168856  0.245391  0.183859  0.123187  0.219874  0.148322  0.305904  0.149920  0.155337  0.157642  0.162277  0.569245  0.194926  0.087778  0.142442  0.140949  0.329199  0.117952  0.088785  0.082438  0.097974  0.122115  0.161071  0.202694  0.102926  0.311469  0.199252  0.080516  0.263477  0.446447  0.125266  0.110253  0.284335  0.155134  0.078555  0.101372  0.235325  0.277569  0.095668  0.134931  0.105779  0.231872  0.259663  0.251911  0.159904  0.195616  0.183157  0.182294  0.369324  0.161005  0.106844  0.224675  0.160852  0.179300  0.186791 
16  0.311525  0.209633  0.240847  0.304902  0.340098  0.231893  0.363272  0.445879  0.271242  0.452792  0.344148  0.439599  0.530417  0.169967  0.266699  0.385392 0.0  0.188131  0.419845  0.241807  0.350879  0.218685  0.370565  0.331101  0.142402  0.152342  0.412115  0.474263  0.441678  0.319618  0.335600  0.335036  0.388305  0.729829  0.185319  0.433359  0.380638  0.139109  0.369078  0.183395  0.119995  0.235329  0.384150  0.369524  0.180940  0.317336  0.401035  0.321566  0.455101  0.481495  0.309813  0.414397  0.309502  0.455326  0.243753  0.394580  0.374517  0.215607  0.119543  0.430424  0.364746  0.339995  0.446147  0.353539  0.506959  0.343770  0.370151  0.229292  0.191625  0.192436  0.339378  0.376024  0.411563  0.261987  0.735692  0.353514  0.370248  0.308327  0.327323  0.220182  0.379169  0.464768  0.166219  0.343935  0.364772  0.418291  0.196140  0.478427  0.086727  0.525910  0.635097  0.408254  0.234342  0.240525  0.317360  0.221361  0.400946  0.196552  0.402662  0.426316  0.359891  0.454115  1.000000  0.426901  0.412412  0.443615  0.490820  0.242087  0.330331  0.305183  0.392355  0.391821  0.333704  0.284293  0.255408  0.378179  0.144385  0.214942  0.383162  0.213785  0.787298  0.316515  0.394947  0.185071  0.327288  0.360694  0.397056  0.241423  0.166334  0.344464  0.476360  0.410868  0.236916  0.217775  0.218702  0.303723  0.513408  0.257708  0.473730  0.104267  0.494543  0.328153  0.227517  0.313827  0.422454  0.306396 
17  0.234039  0.204395  0.210470  0.241001  0.228845  0.112629  0.221653  0.318846  0.156014  0.384975  0.229275  0.319496  0.352694  0.142708  0.164425  0.255086  0.188131 0.0  0.338649  0.111896  0.248596  0.165652  0.332907  0.212680  0.172747  0.160451  0.384889  0.398635  0.318587  0.202765  0.276431  0.222463  0.280704  0.463307  0.150774  0.258025  0.325568  0.125537  0.239104  0.180969  0.142729  0.159969  0.208849  0.247495  0.133330  0.235977  0.307687  0.251314  0.339514  0.405278  0.213385  0.271515  0.225660  0.313206  0.120618  0.322370  0.271870  0.105035  0.146031  0.390963  0.214447  0.226791  0.324714  0.436510  0.375246  0.204511  0.229333  0.153878  0.089074  0.095358  0.217910  0.239713  0.301924  0.166402  0.632769  0.228178  0.215597  0.230096  0.221501  0.145212  0.276017  0.310377  0.097129  0.248741  0.272166  0.232298  0.102290  0.317821  0.210918  0.452209  0.448212  0.330963  0.126271  0.186139  0.214075  0.127813  0.334422  0.174014  0.272550  0.347046  0.220823  0.337525  0.801974  0.364146  0.251554  0.326733  0.389785  0.228693  0.229881  0.257764  0.273585  0.210232  0.241932  0.156643  0.152771  0.249639  0.142140  0.118005  0.269181  0.179543  0.505713  0.224175  0.241557  0.128130  0.196078  0.275587  0.225582  0.121107  0.131466  0.251622  0.338649  0.256620  0.113097  0.116985  0.096580  0.174793  0.430991  0.198387  0.330314  0.192744  0.322751  0.219087  0.092200  0.234732  0.322055  0.177814 
18  0.194473  0.369266  0.325259  0.184651  0.192155  0.273192  0.161930  0.095908  0.253171  0.122702  0.162938  0.106928  0.082310  0.372828  0.268818  0.150071  0.419845  0.338649 0.0  0.245240  0.167183  0.310331  0.126690  0.227672  0.441756  0.376162  0.109868  0.116025  0.119825  0.165208  0.111095  0.165386  0.139064  0.308018  0.320947  0.130200  0.124777  0.427053  0.146291  0.338246  0.418564  0.268099  0.191359  0.181190  0.362281  0.195357  0.122992  0.170908  0.167818  0.147826  0.201450  0.106935  0.170386  0.116924  0.299598  0.097615  0.105536  0.296755  0.406247  0.098462  0.208309  0.179852  0.098781  0.835284  0.249869  0.152436  0.182041  0.321727  0.273654  0.340200  0.179426  0.161376  0.195913  0.257487  0.345800  0.167807  0.170939  0.175749  0.191931  0.343078  0.086729  0.106034  0.365514  0.156805  0.170036  0.147160  0.309481  0.103862  0.454658  0.161815  0.200671  0.128914  0.284639  0.289233  0.181851  0.267261  0.100889  0.355602  0.200683  0.105211  0.195748  0.093765  0.362741  0.126369  0.126799  0.092570  0.104703  0.373791  0.183464  0.169303  0.132021  0.161853  0.167977  0.228161  0.291780  0.144892  0.380376  0.299405  0.146708  0.333677  0.327417  0.193054  0.169656  0.356713  0.210892  0.148803  0.151445  0.275548  0.358607  0.164421  0.101219  0.176967  0.309387  0.319530  0.334934  0.202758  0.142457  0.247582  0.113283  0.451450  0.095142  0.169362  0.311580  0.219185  0.132639  0.288304 
19  0.177313  0.206833  0.174606  0.170661  0.182381  0.085168  0.194841  0.320702  0.124352  0.317277  0.182322  0.265455  0.283217  0.142996  0.115833  0.205612  0.241807  0.111896  0.245240 0.0  0.201644  0.152837  0.309260  0.191795  0.224138  0.199284  0.270317  0.342343  0.307275  0.225992  0.255688  0.210121  0.227158  0.491487  0.146807  0.260894  0.272438  0.158810  0.208357  0.192033  0.181915  0.106105  0.188449  0.187278  0.143525  0.182067  0.253501  0.181004  0.284124  0.325004  0.165468  0.259295  0.185131  0.318677  0.101941  0.225370  0.271234  0.099518  0.184820  0.336981  0.171093  0.194815  0.252934  0.475062  0.377388  0.181998  0.188184  0.137858  0.098140  0.115890  0.175305  0.193946  0.237314  0.129868  0.492438  0.179875  0.218470  0.191382  0.216389  0.129306  0.331194  0.363958  0.133590  0.200226  0.207424  0.203805  0.106577  0.264412  0.242821  0.409162  0.430063  0.332771  0.089510  0.149406  0.178597  0.086648  0.272623  0.180848  0.262037  0.288603  0.221615  0.324749  0.679520  0.370171  0.224372  0.281148  0.280096  0.240197  0.197013  0.233554  0.229856  0.204577  0.185971  0.137689  0.124914  0.223497  0.191424  0.095211  0.226348  0.179864  0.441701  0.176823  0.202693  0.128771  0.145989  0.237249  0.213543  0.094821  0.145431  0.213468  0.302251  0.203629  0.103763  0.104075  0.092515  0.165629  0.379095  0.190489  0.277617  0.255806  0.299560  0.166555  0.101066  0.169965  0.352726  0.173568 
20  0.089585  0.275780  0.280465  0.086909  0.098249  0.190666  0.080646  0.171460  0.145766  0.214767  0.087338  0.143384  0.179756  0.273730  0.132873  0.110371  0.350879  0.248596  0.167183  0.201644 0.0  0.236232  0.201169  0.168269  0.340201  0.287203  0.193814  0.205093  0.192688  0.103926  0.145731  0.095327  0.104702  0.447221  0.238277  0.124446  0.197654  0.283047  0.101683  0.251550  0.312529  0.157484  0.086299  0.081582  0.256079  0.093203  0.140866  0.079894  0.152798  0.204415  0.106489  0.145527  0.089371  0.197398  0.185262  0.188341  0.122052  0.206265  0.304987  0.198299  0.092924  0.090837  0.186524  0.555344  0.314498  0.080385  0.081663  0.225952  0.211347  0.220908  0.093679  0.099326  0.163480  0.157870  0.442397  0.087774  0.097061  0.101690  0.092584  0.237535  0.176260  0.198736  0.277480  0.084409  0.091595  0.100164  0.251831  0.212690  0.340509  0.251473  0.289665  0.217505  0.182697  0.186724  0.091324  0.213078  0.212896  0.246096  0.142190  0.197813  0.141721  0.202950  0.625937  0.237698  0.121459  0.184026  0.199146  0.294345  0.087863  0.097511  0.122838  0.102110  0.102913  0.127169  0.191514  0.116724  0.304922  0.211244  0.101795  0.300371  0.402558  0.094086  0.107551  0.221145  0.121474  0.104882  0.090150  0.177195  0.256308  0.091557  0.184273  0.089995  0.202523  0.200034  0.239068  0.110431  0.232584  0.165466  0.200795  0.353938  0.195933  0.098580  0.215226  0.138640  0.211811  0.167603 
21  0.208186  0.116485  0.120846  0.250612  0.215922  0.143394  0.245313  0.373058  0.152691  0.388031  0.249140  0.272818  0.301626  0.113368  0.157069  0.272299  0.218685  0.165652  0.310331  0.152837  0.236232 0.0  0.346787  0.179394  0.155991  0.151038  0.307471  0.349449  0.402250  0.271397  0.262004  0.234016  0.216154  0.407710  0.080239  0.296963  0.339913  0.152621  0.223150  0.106311  0.168774  0.143304  0.222084  0.236000  0.115854  0.201774  0.279807  0.218018  0.322466  0.345788  0.200455  0.269915  0.224588  0.347473  0.179242  0.333017  0.319735  0.167832  0.168586  0.308532  0.216916  0.207493  0.357047  0.501611  0.407333  0.228408  0.212240  0.082940  0.162274  0.179006  0.217616  0.229390  0.254574  0.162090  0.579765  0.246346  0.242236  0.230462  0.222332  0.085075  0.373009  0.355069  0.166156  0.242865  0.244871  0.261211  0.164388  0.335450  0.212026  0.394276  0.399924  0.304720  0.148208  0.129605  0.188455  0.149562  0.347120  0.113457  0.281150  0.404223  0.215600  0.346211  0.717053  0.343108  0.283559  0.354971  0.345733  0.144627  0.212703  0.236908  0.278774  0.254972  0.249183  0.169836  0.121309  0.279779  0.210748  0.134139  0.244689  0.104846  0.522890  0.217904  0.246203  0.095682  0.193792  0.267714  0.219112  0.177589  0.120601  0.223804  0.319623  0.208379  0.175148  0.170355  0.142017  0.190580  0.386228  0.148270  0.375951  0.199502  0.355448  0.220422  0.146934  0.178597  0.359089  0.133512 
22  0.187896  0.337271  0.372496  0.201567  0.191698  0.314851  0.189576  0.102445  0.230013  0.100566  0.198226  0.133667  0.129947  0.372085  0.268630  0.176581  0.370565  0.332907  0.126690  0.309260  0.201169  0.346787 0.0  0.305796  0.398244  0.373362  0.094615  0.098060  0.100572  0.166618  0.145419  0.187118  0.181694  0.370274  0.349871  0.153499  0.083167  0.321914  0.164083  0.362954  0.421150  0.263237  0.185145  0.190940  0.377347  0.215305  0.151243  0.192301  0.217088  0.220947  0.247588  0.146527  0.210163  0.097171  0.296504  0.101635  0.140255  0.316418  0.412880  0.103412  0.206235  0.207371  0.106465  0.695689  0.189861  0.219095  0.170160  0.334535  0.337779  0.316810  0.220951  0.171307  0.234157  0.234074  0.390543  0.214756  0.178465  0.176153  0.174683  0.335350  0.115923  0.093793  0.368891  0.185674  0.193833  0.161617  0.324111  0.101058  0.450557  0.188623  0.206069  0.088611  0.251659  0.261163  0.192871  0.304470  0.105361  0.372239  0.233670  0.106869  0.241349  0.104887  0.517910  0.148030  0.144051  0.106302  0.104154  0.436698  0.207027  0.174450  0.152641  0.179319  0.178245  0.248940  0.302753  0.153012  0.371360  0.292068  0.172412  0.412862  0.305121  0.209253  0.165942  0.272819  0.247610  0.168441  0.214538  0.294146  0.371920  0.190255  0.110078  0.209368  0.294085  0.277650  0.318181  0.216905  0.177816  0.288194  0.099344  0.480567  0.102663  0.174243  0.294818  0.269597  0.080565  0.284624 
23  0.180910  0.192463  0.194126  0.198119  0.211232  0.185256  0.170921  0.271224  0.174522  0.245393  0.187286  0.228692  0.232781  0.229724  0.163084  0.181443  0.331101  0.212680  0.227672  0.191795  0.168269  0.179394  0.305796 0.0  0.282690  0.249228  0.262388  0.288373  0.291494  0.197169  0.234026  0.208794  0.176756  0.393006  0.201433  0.197321  0.317110  0.250499  0.178167  0.205522  0.315157  0.169272  0.174146  0.191261  0.257298  0.157841  0.216112  0.167506  0.190775  0.238198  0.150659  0.242129  0.197678  0.336242  0.200553  0.335969  0.225787  0.229555  0.339209  0.269202  0.148477  0.147332  0.300179  0.552356  0.371352  0.182864  0.163842  0.181102  0.251411  0.263802  0.175055  0.209277  0.142253  0.171149  0.538618  0.183028  0.186929  0.203948  0.166658  0.184614  0.294494  0.306747  0.236953  0.178256  0.159018  0.171201  0.256388  0.292139  0.316791  0.311662  0.319451  0.307586  0.189023  0.135762  0.205077  0.206076  0.272693  0.213400  0.148465  0.278789  0.116068  0.260070  0.650036  0.287957  0.199497  0.276632  0.282534  0.200005  0.203011  0.176198  0.208692  0.199878  0.214494  0.165418  0.151070  0.223687  0.315279  0.187346  0.186159  0.220802  0.405161  0.171059  0.193242  0.184802  0.152589  0.182122  0.173271  0.204231  0.233659  0.153216  0.315299  0.178710  0.227040  0.233675  0.228893  0.162520  0.256172  0.112622  0.270789  0.365049  0.273480  0.213043  0.257220  0.101759  0.303816  0.110193 
24  0.331301  0.150586  0.151830  0.313695  0.297928  0.232710  0.305693  0.399770  0.253768  0.446584  0.308494  0.385693  0.414292  0.151783  0.292441  0.367529  0.142402  0.172747  0.441756  0.224138  0.340201  0.155991  0.398244  0.282690 0.0  0.091233  0.433351  0.399878  0.500822  0.304744  0.342464  0.358576  0.315760  0.659722  0.177774  0.344321  0.474945  0.123859  0.333059  0.146029  0.135888  0.237099  0.359028  0.344003  0.144096  0.290131  0.398100  0.296850  0.394015  0.438755  0.300265  0.405452  0.307380  0.421555  0.235766  0.464937  0.418012  0.240713  0.157528  0.453132  0.352036  0.325366  0.420447  0.442471  0.501052  0.314288  0.339018  0.176879  0.204951  0.230590  0.318189  0.343298  0.308613  0.268300  0.715868  0.296679  0.373447  0.293180  0.360860  0.178887  0.409926  0.479376  0.170764  0.357600  0.312961  0.314983  0.210611  0.421195  0.140635  0.546460  0.546920  0.382775  0.203039  0.245560  0.285843  0.229285  0.442950  0.164686  0.387571  0.412679  0.303816  0.393982  0.920311  0.516894  0.328045  0.447265  0.447333  0.158293  0.299138  0.340805  0.380442  0.313273  0.307744  0.267537  0.218759  0.351774  0.192782  0.210626  0.388071  0.149867  0.646928  0.307169  0.352897  0.186394  0.275516  0.343964  0.328553  0.224676  0.143614  0.369249  0.404884  0.339711  0.245109  0.225428  0.205307  0.334142  0.441332  0.278049  0.422999  0.116034  0.400540  0.340197  0.189643  0.248097  0.381391  0.258795 
25  0.301753  0.154287  0.154769  0.274133  0.274197  0.195925  0.298691  0.410504  0.226359  0.504230  0.331471  0.329616  0.400820  0.116755  0.243255  0.330303  0.152342  0.160451  0.376162  0.199284  0.287203  0.151038  0.373362  0.249228  0.091233 0.0  0.359680  0.474560  0.429578  0.326020  0.354777  0.333613  0.312331  0.563359  0.154294  0.313689  0.352733  0.132299  0.333290  0.142306  0.130808  0.201166  0.329652  0.321448  0.123729  0.255407  0.344753  0.291832  0.383117  0.456487  0.287850  0.393200  0.275964  0.375241  0.227840  0.428104  0.379964  0.210549  0.169063  0.394359  0.279718  0.292944  0.420763  0.390051  0.529015  0.280935  0.304831  0.158983  0.200612  0.199532  0.273948  0.311030  0.333760  0.226825  0.510002  0.280176  0.292639  0.326422  0.345677  0.159004  0.422912  0.425968  0.129218  0.325201  0.350952  0.357426  0.208390  0.403034  0.158892  0.464788  0.501832  0.428147  0.176098  0.210833  0.262851  0.192256  0.476098  0.150974  0.339843  0.415185  0.285840  0.379379  0.716299  0.457369  0.359068  0.476839  0.429684  0.182376  0.269738  0.321711  0.364598  0.320796  0.280318  0.214653  0.200197  0.335353  0.165747  0.187257  0.328121  0.137817  0.638296  0.262981  0.330346  0.166915  0.272909  0.306946  0.312330  0.224998  0.125740  0.297340  0.409893  0.343696  0.211746  0.224971  0.188205  0.275874  0.421961  0.251362  0.419315  0.128097  0.371809  0.345560  0.189191  0.274326  0.425429  0.246517 
26  0.203002  0.412839  0.334430  0.201988  0.206444  0.287042  0.222755  0.085826  0.254469  0.088790  0.181499  0.121938  0.121081  0.370682  0.241866  0.169567  0.412115  0.384889  0.109868  0.270317  0.193814  0.307471  0.094615  0.262388  0.433351  0.359680 0.0  0.082468  0.088820  0.174757  0.130745  0.172851  0.167395  0.321891  0.365545  0.142481  0.092545  0.387700  0.193182  0.414257  0.417557  0.252506  0.208110  0.195666  0.380676  0.245301  0.149491  0.186404  0.189704  0.175628  0.227324  0.138879  0.209652  0.084962  0.289316  0.080204  0.132273  0.279276  0.405502  0.080509  0.218667  0.224283  0.083572  0.710287  0.188615  0.223872  0.193293  0.387252  0.351568  0.314228  0.184394  0.173012  0.222544  0.246049  0.343866  0.210556  0.189633  0.162983  0.223586  0.308344  0.097022  0.075637  0.371549  0.182820  0.206471  0.188956  0.343553  0.079074  0.440712  0.156902  0.189855  0.098335  0.263338  0.270220  0.179559  0.272703  0.081305  0.356225  0.188573  0.083026  0.235479  0.087797  0.488202  0.137483  0.157970  0.090447  0.082270  0.413935  0.202511  0.185086  0.167710  0.160859  0.184242  0.231345  0.269108  0.147003  0.420457  0.337184  0.169791  0.398013  0.274567  0.205337  0.171615  0.314351  0.222507  0.167513  0.194396  0.271119  0.352828  0.183143  0.088317  0.210761  0.336047  0.305978  0.317027  0.240961  0.150068  0.314706  0.080063  0.479174  0.085695  0.174818  0.336475  0.228752  0.097176  0.299912 
