146
0 0.0  0.347614  0.247123  0.176257  0.125473  0.188422  0.162267  0.117843  0.180156  0.209738  0.179109  0.141803  0.205862  0.266101  0.097635  0.068790  0.308976  0.251396  0.129859  0.218390  0.068790  0.232842  0.153218  0.068790  0.355159  0.316717  0.151803  0.087078  0.213496  0.076096  0.154042  0.172175  0.112181  0.474241  0.275023  0.068790  0.234594  0.242110  0.073107  0.255804  0.302621  0.142012  0.079865  0.068790  0.351103  0.103868  0.068790  0.086260  0.233822  0.226309  0.134798  0.099283  0.068790  0.148473  0.165746  0.275180  0.173706  0.207608  0.192154  0.251249  0.153218  0.068790  0.129451  0.595572  0.414117  0.068790  0.081619  0.228656  0.180042  0.239272  0.070036  0.068790  0.128286  0.068790  0.584852  0.068790  0.186086  0.078006  0.218092  0.209120  0.098413  0.272805  0.278752  0.211867  0.144387  0.086472  0.243749  0.072846  0.372628  0.276022  0.201608  0.083205  0.180335  0.126553  0.083951  0.175817  0.195225  0.152639  0.253549  0.218774  0.157935  0.240678  0.594719  0.275296  0.184837  0.175061  0.113122  0.198036  0.084038  0.074352  0.115268  0.111117  0.102861  0.086388  0.176945  0.131202  0.167990  0.089237  0.068790  0.243088  0.368427  0.148648  0.128739  0.214080  0.133475  0.235383  0.087193  0.271717  0.239072  0.161136  0.151098  0.117759  0.176760  0.185394  0.137438  0.183418  0.294171  0.143496  0.226767  0.358769  0.186953  0.158503  0.358306  0.135950  0.211059  0.157216 
1  0.347614 0.0  0.166270  0.221322  0.241150  0.171082  0.298374  0.353410  0.197977  0.418529  0.212427  0.368933  0.426970  0.068790  0.227977  0.476613  0.206754  0.107649  0.416169  0.195243  0.312421  0.092275  0.392682  0.124983  0.130440  0.240771  0.355872  0.395486  0.401089  0.284638  0.345334  0.204022  0.342746  0.572742  0.129952  0.348159  0.396132  0.082915  0.340232  0.068790  0.199692  0.249186  0.299395  0.311305  0.085758  0.301954  0.257259  0.343097  0.421944  0.346308  0.263851  0.367340  0.296971  0.383574  0.094425  0.258915  0.347984  0.270997  0.147673  0.344610  0.240430  0.297580  0.470539  0.575474  0.471349  0.337000  0.248914  0.204144  0.198460  0.156670  0.250642  0.261639  0.278304  0.147180  0.555175  0.227246  0.353634  0.318619  0.285860  0.133975  0.379686  0.411560  0.215026  0.298169  0.247062  0.209416  0.214395  0.361456  0.204167  0.504379  0.438095  0.299626  0.180595  0.071543  0.215076  0.137997  0.284195  0.083642  0.281024  0.491638  0.244138  0.340596  0.863908  0.308093  0.292017  0.421109  0.324084  0.113426  0.237571  0.264366  0.379997  0.244273  0.250944  0.112623  0.108704  0.252152  0.184560  0.201504  0.420534  0.068790  0.631218  0.155774  0.288596  0.172006  0.108252  0.241007  0.291370  0.128638  0.068790  0.327613  0.420425  0.327308  0.229606  0.249452  0.280146  0.261824  0.408148  0.187378  0.358134  0.305939  0.393862  0.384898  0.186420  0.232934  0.455499  0.207129 
2  0.247123  0.166270 0.0  0.230493  0.299840  0.205542  0.262932  0.310216  0.157570  0.438286  0.319967  0.345957  0.327176  0.120322  0.264874  0.280044  0.191227  0.312709  0.383791  0.129630  0.259653  0.068790  0.424894  0.235652  0.155639  0.149206  0.428659  0.466538  0.420698  0.231021  0.236486  0.233074  0.348814  0.529437  0.095880  0.355450  0.342796  0.187490  0.374001  0.068790  0.210986  0.168244  0.283739  0.239909  0.117237  0.258085  0.397449  0.284404  0.264103  0.409275  0.310442  0.387445  0.174664  0.331911  0.184657  0.523187  0.409888  0.157370  0.173370  0.387673  0.195849  0.277926  0.325363  0.418528  0.483114  0.282940  0.225294  0.148014  0.183415  0.170469  0.290917  0.294302  0.209625  0.242026  0.594169  0.374477  0.275549  0.240939  0.308315  0.191000  0.439936  0.444932  0.184561  0.257338  0.225522  0.267465  0.215578  0.352748  0.224299  0.337593  0.425175  0.450897  0.204103  0.131965  0.314978  0.261473  0.421642  0.068790  0.314158  0.409375  0.269628  0.336530  0.843026  0.484274  0.404076  0.290116  0.346920  0.068790  0.210721  0.191786  0.375562  0.359501  0.246168  0.278342  0.206613  0.339152  0.256485  0.173279  0.374629  0.212320  0.608720  0.246635  0.218152  0.092283  0.200305  0.312773  0.234157  0.263168  0.068790  0.235442  0.459231  0.159369  0.211821  0.291043  0.083885  0.224143  0.493866  0.068790  0.395678  0.189159  0.417877  0.201042  0.226925  0.105435  0.507205  0.201877 
3  0.176257  0.221322  0.230493 0.0  0.072329  0.165929  0.111889  0.169501  0.068790  0.346979  0.129040  0.089468  0.121580  0.299537  0.130585  0.068790  0.164503  0.213035  0.258579  0.126520  0.173128  0.208279  0.086320  0.249955  0.406533  0.299999  0.148903  0.245456  0.148552  0.078631  0.155114  0.068790  0.138953  0.360450  0.222831  0.148415  0.231568  0.280412  0.068790  0.247503  0.371928  0.192920  0.108632  0.077372  0.306220  0.068790  0.171455  0.072281  0.068790  0.240327  0.145587  0.099989  0.068790  0.137026  0.115459  0.236130  0.103388  0.196388  0.295931  0.249674  0.212730  0.068790  0.213525  0.609802  0.357409  0.069490  0.090418  0.225646  0.147130  0.223887  0.068790  0.110526  0.155203  0.201871  0.599414  0.068790  0.068790  0.068790  0.068790  0.247495  0.229623  0.100912  0.247188  0.089916  0.068790  0.124536  0.173876  0.120901  0.308781  0.269382  0.241139  0.157971  0.146467  0.132899  0.137226  0.199550  0.258066  0.128562  0.108234  0.259416  0.095751  0.144547  0.681823  0.172214  0.215363  0.241424  0.187413  0.352165  0.089972  0.068790  0.068790  0.087613  0.068790  0.232057  0.293982  0.068790  0.211211  0.206621  0.080492  0.255322  0.498110  0.068790  0.068790  0.147784  0.195887  0.068790  0.210338  0.142448  0.335591  0.072257  0.182996  0.124175  0.197873  0.100676  0.298894  0.087317  0.210850  0.197539  0.115105  0.361184  0.223289  0.196777  0.124931  0.134831  0.237731  0.104759 
4  0.125473  0.241150  0.299840  0.072329 0.0  0.255920  0.068790  0.321473  0.142943  0.234897  0.068790  0.149244  0.199892  0.387403  0.112642  0.075532  0.311881  0.129510  0.130918  0.277089  0.124073  0.273734  0.140676  0.173047  0.343233  0.262765  0.164703  0.068790  0.255236  0.076268  0.099033  0.068790  0.165037  0.391891  0.206416  0.218127  0.192715  0.270016  0.096718  0.279247  0.301132  0.202344  0.068790  0.234467  0.204023  0.068790  0.081779  0.068790  0.156284  0.135258  0.068790  0.189994  0.068790  0.175267  0.102054  0.068790  0.089547  0.145466  0.298843  0.078079  0.068790  0.122350  0.200182  0.632873  0.311544  0.189111  0.076917  0.147497  0.197113  0.210657  0.191331  0.068790  0.266509  0.128037  0.332567  0.068790  0.076223  0.074780  0.068790  0.250120  0.215069  0.113133  0.235814  0.090745  0.108495  0.139572  0.143773  0.206696  0.316108  0.228269  0.353289  0.196720  0.209862  0.286589  0.123346  0.340719  0.127652  0.272448  0.182409  0.121613  0.079898  0.092363  0.620732  0.119678  0.189156  0.191745  0.231222  0.213802  0.168655  0.068790  0.113363  0.133165  0.233582  0.112645  0.172759  0.174797  0.346717  0.218516  0.068790  0.351252  0.399562  0.187981  0.150605  0.183506  0.089854  0.091366  0.068790  0.202428  0.302150  0.188570  0.271107  0.177898  0.143871  0.128954  0.148637  0.076271  0.191525  0.104748  0.129331  0.270343  0.311022  0.105172  0.330618  0.068790  0.125981  0.174357 
5  0.188422  0.171082  0.205542  0.165929  0.255920 0.0  0.236476  0.392014  0.096235  0.339631  0.164701  0.274682  0.197195  0.068790  0.157928  0.166805  0.172658  0.068790  0.242135  0.068790  0.146968  0.145274  0.214381  0.233146  0.148961  0.194550  0.308797  0.162034  0.231180  0.245209  0.246487  0.262406  0.214493  0.526827  0.126560  0.237350  0.259320  0.132268  0.213655  0.227442  0.176978  0.177689  0.201644  0.194829  0.068790  0.109242  0.336273  0.190912  0.194251  0.335532  0.240934  0.300943  0.164453  0.421178  0.074239  0.345344  0.286516  0.143914  0.217972  0.349921  0.205479  0.068790  0.312600  0.505132  0.411337  0.190291  0.183986  0.239398  0.169413  0.107711  0.235168  0.228735  0.165354  0.122902  0.620075  0.109035  0.192755  0.203067  0.159923  0.137847  0.289836  0.248685  0.089190  0.243045  0.285976  0.183198  0.068790  0.337861  0.200467  0.354867  0.384652  0.263233  0.129568  0.193949  0.165146  0.068790  0.269484  0.209069  0.335719  0.291566  0.231521  0.319510  0.877231  0.273746  0.318789  0.188595  0.427198  0.198540  0.135756  0.169487  0.244494  0.152920  0.071113  0.090110  0.068790  0.253391  0.165096  0.068790  0.154380  0.206843  0.480606  0.086813  0.197502  0.200190  0.068790  0.195632  0.221283  0.097919  0.146615  0.257568  0.224952  0.267075  0.068790  0.106642  0.068790  0.184817  0.308450  0.145721  0.260636  0.242791  0.371230  0.219035  0.068790  0.123174  0.296909  0.225604 
6  0.162267  0.298374  0.262932  0.111889  0.068790  0.236476 0.0  0.197870  0.213297  0.182219  0.078801  0.127203  0.129231  0.251339  0.203162  0.162606  0.345302  0.221924  0.177034  0.261869  0.094039  0.241676  0.269563  0.165632  0.316829  0.267588  0.212450  0.189536  0.286418  0.208050  0.142456  0.159129  0.142968  0.430786  0.265549  0.134993  0.190276  0.367088  0.161628  0.140196  0.319981  0.068790  0.068790  0.068790  0.274633  0.082622  0.117565  0.068790  0.225004  0.279356  0.152984  0.215110  0.071623  0.201624  0.119080  0.146439  0.158477  0.192105  0.282277  0.205528  0.091393  0.073903  0.234400  0.627096  0.284273  0.158170  0.068790  0.202252  0.233066  0.170713  0.120145  0.114885  0.220764  0.153304  0.502158  0.096663  0.080452  0.068790  0.149939  0.227049  0.188789  0.068790  0.252967  0.068790  0.103638  0.068790  0.249737  0.174785  0.344368  0.257987  0.288380  0.248111  0.156131  0.249137  0.085685  0.158096  0.221220  0.193218  0.068790  0.142681  0.148488  0.130923  0.563109  0.296222  0.158303  0.237798  0.222342  0.236926  0.068790  0.085827  0.111352  0.123736  0.175246  0.203951  0.205526  0.132231  0.264828  0.184471  0.098742  0.228863  0.445173  0.145685  0.149205  0.266321  0.104754  0.127790  0.068790  0.206697  0.294058  0.155218  0.147985  0.068790  0.095286  0.273882  0.198331  0.153415  0.370963  0.201458  0.310172  0.314331  0.211709  0.068790  0.199191  0.068790  0.153700  0.219807 
7  0.117843  0.353410  0.310216  0.169501  0.321473  0.392014  0.197870 0.0  0.137838  0.108145  0.245306  0.134504  0.150447  0.460141  0.258506  0.199257  0.487539  0.351586  0.068790  0.206859  0.134029  0.268543  0.149437  0.284179  0.317452  0.505391  0.068790  0.119374  0.187360  0.138074  0.222899  0.272754  0.122171  0.282632  0.386239  0.229234  0.214745  0.357420  0.150482  0.320979  0.423540  0.313695  0.298618  0.239710  0.370779  0.166238  0.140353  0.217842  0.253533  0.068790  0.265956  0.068790  0.188546  0.190970  0.239857  0.068790  0.127968  0.213018  0.410964  0.134295  0.248279  0.171852  0.115127  0.660264  0.164401  0.083918  0.248608  0.365854  0.348643  0.468976  0.280628  0.251084  0.294767  0.173574  0.334262  0.124617  0.251139  0.143249  0.206501  0.332620  0.116114  0.084555  0.378467  0.166057  0.154130  0.121463  0.263510  0.068790  0.455812  0.157935  0.077442  0.145000  0.323968  0.235803  0.216263  0.364037  0.068790  0.334450  0.228089  0.068790  0.245934  0.161968  0.580861  0.102815  0.181428  0.068790  0.184714  0.340645  0.268182  0.098067  0.117138  0.347866  0.284079  0.209608  0.326121  0.157724  0.342946  0.290246  0.233417  0.279879  0.243584  0.176382  0.158776  0.310589  0.220514  0.244774  0.143681  0.290720  0.416002  0.147639  0.105604  0.314589  0.264701  0.259936  0.258817  0.219988  0.113968  0.255672  0.068790  0.493739  0.155187  0.124606  0.270473  0.246768  0.239334  0.250866 
8  0.180156  0.197977  0.157570  0.068790  0.142943  0.096235  0.213297  0.137838 0.0  0.169079  0.147454  0.137659  0.170320  0.210443  0.086359  0.152842  0.236944  0.139569  0.230530  0.131213  0.156089  0.188740  0.256038  0.154483  0.278517  0.137570  0.377798  0.354046  0.311944  0.166543  0.249222  0.146666  0.176281  0.509499  0.224437  0.232136  0.226672  0.179751  0.068790  0.239338  0.197040  0.112601  0.126119  0.183267  0.118836  0.113092  0.199612  0.158021  0.222944  0.208640  0.068790  0.223074  0.072225  0.312034  0.070821  0.277674  0.330017  0.210610  0.243079  0.261136  0.103492  0.148305  0.223912  0.681947  0.365400  0.177063  0.068790  0.162234  0.068790  0.129175  0.095272  0.081571  0.191551  0.068790  0.553121  0.225233  0.104500  0.214897  0.086273  0.188917  0.304027  0.314810  0.143455  0.110005  0.131172  0.121254  0.135463  0.226237  0.195087  0.358882  0.358398  0.301819  0.072503  0.135768  0.111562  0.068790  0.262440  0.140220  0.186288  0.224194  0.139579  0.210911  0.614821  0.317152  0.261614  0.359087  0.226656  0.133980  0.119181  0.206008  0.254295  0.140642  0.117463  0.068790  0.175977  0.194849  0.249238  0.148995  0.228937  0.182608  0.435875  0.239454  0.133202  0.068790  0.068790  0.206801  0.101222  0.195399  0.192675  0.176380  0.174836  0.118993  0.215337  0.214896  0.132390  0.080940  0.234565  0.131126  0.179954  0.245242  0.194668  0.183892  0.208521  0.107454  0.291007  0.306962 
9  0.209738  0.418529  0.438286  0.346979  0.234897  0.339631  0.182219  0.108145  0.169079 0.0  0.249881  0.109813  0.081585  0.420512  0.220771  0.092848  0.500217  0.259216  0.068790  0.328647  0.197751  0.460480  0.159945  0.274797  0.480754  0.355508  0.127693  0.095009  0.068790  0.295665  0.161125  0.148614  0.160207  0.325096  0.329277  0.210266  0.141003  0.494791  0.190886  0.406101  0.482460  0.398325  0.153096  0.217135  0.432538  0.145225  0.176358  0.246050  0.222419  0.208364  0.306594  0.169550  0.196402  0.068790  0.358861  0.187457  0.209424  0.398244  0.500099  0.068790  0.206229  0.219669  0.068790  0.723327  0.202121  0.211748  0.177712  0.352006  0.412363  0.422402  0.141098  0.214610  0.249600  0.334616  0.308941  0.269914  0.309430  0.162337  0.194193  0.373755  0.068790  0.082435  0.412794  0.275057  0.203460  0.242441  0.315512  0.105215  0.372264  0.240797  0.068790  0.117212  0.325119  0.352401  0.360734  0.306935  0.076164  0.294507  0.169714  0.170764  0.250283  0.083312  0.469172  0.129266  0.185611  0.068790  0.068790  0.488185  0.175421  0.136398  0.173085  0.307612  0.263645  0.256580  0.325821  0.188320  0.490225  0.430716  0.120360  0.413565  0.221217  0.253979  0.189162  0.482637  0.246698  0.068790  0.262391  0.306748  0.370988  0.143792  0.068790  0.153938  0.387246  0.319301  0.297637  0.231182  0.158437  0.350342  0.102667  0.530442  0.068790  0.234503  0.262548  0.327496  0.068790  0.311353 
10  0.179109  0.212427  0.319967  0.129040  0.068790  0.164701  0.078801  0.245306  0.147454  0.249881 0.0  0.236711  0.180870  0.342307  0.078826  0.068790  0.323964  0.229106  0.275855  0.107848  0.099385  0.265214  0.250517  0.136865  0.199363  0.309192  0.155074  0.239885  0.272662  0.176854  0.138076  0.093498  0.100248  0.353915  0.320172  0.115197  0.081322  0.296732  0.068790  0.267562  0.285189  0.152872  0.068790  0.111025  0.383043  0.084537  0.089236  0.079570  0.105195  0.251316  0.177375  0.208209  0.068790  0.198832  0.173130  0.227153  0.153944  0.148740  0.371302  0.217985  0.122966  0.068790  0.193734  0.610919  0.304616  0.132041  0.068790  0.192736  0.245195  0.268589  0.068790  0.130924  0.200432  0.182697  0.535603  0.077526  0.072493  0.068790  0.068790  0.248126  0.181021  0.298043  0.225358  0.133828  0.124715  0.146749  0.168066  0.157801  0.398557  0.283438  0.335602  0.243317  0.272648  0.221190  0.204660  0.125196  0.154476  0.191369  0.162600  0.188431  0.132259  0.275790  0.752886  0.099681  0.082668  0.208940  0.146463  0.210881  0.068790  0.134382  0.133555  0.068790  0.077838  0.068790  0.122713  0.148849  0.287560  0.182010  0.068790  0.288434  0.429368  0.068790  0.073919  0.143208  0.068790  0.068790  0.130210  0.178642  0.227160  0.068790  0.225354  0.068790  0.171837  0.226414  0.194745  0.114295  0.230831  0.101648  0.226997  0.286497  0.163203  0.181936  0.314833  0.190813  0.208787  0.201652 
11  0.141803  0.368933  0.345957  0.089468  0.149244  0.274682  0.127203  0.134504  0.137659  0.109813  0.236711 0.0  0.068790  0.236647  0.333957  0.068790  0.309798  0.217226  0.068790  0.312139  0.068790  0.186504  0.068790  0.260600  0.410751  0.439829  0.073365  0.244448  0.120285  0.145406  0.127952  0.076180  0.153227  0.331077  0.210509  0.091015  0.206846  0.402374  0.143160  0.367253  0.318557  0.188813  0.191009  0.157773  0.295444  0.133503  0.130011  0.268769  0.173793  0.105751  0.068790  0.068790  0.130743  0.103935  0.252379  0.068790  0.166784  0.291558  0.424385  0.185713  0.120834  0.081903  0.134344  0.633493  0.287299  0.068871  0.189927  0.210310  0.174999  0.278622  0.171002  0.068790  0.209881  0.260759  0.491251  0.202440  0.068790  0.081581  0.161053  0.316215  0.239728  0.092185  0.193134  0.137056  0.068790  0.182350  0.277739  0.161236  0.419101  0.241887  0.168649  0.120243  0.230547  0.376870  0.143015  0.201246  0.068790  0.331809  0.257171  0.177089  0.164432  0.070189  0.631874  0.177393  0.068790  0.068790  0.114926  0.423371  0.187125  0.068790  0.177575  0.169260  0.153637  0.239706  0.175867  0.070801  0.278875  0.216069  0.110345  0.350183  0.371771  0.283183  0.080444  0.231362  0.174301  0.068790  0.136307  0.204662  0.363843  0.154573  0.186138  0.155685  0.286060  0.212573  0.265560  0.217135  0.169817  0.348509  0.071955  0.408276  0.068790  0.113575  0.290490  0.248006  0.164500  0.208586 
12  0.205862  0.426970  0.327176  0.121580  0.199892  0.197195  0.129231  0.150447  0.170320  0.081585  0.180870  0.068790 0.0  0.401077  0.314392  0.140851  0.409930  0.372910  0.074591  0.360577  0.170663  0.321592  0.068790  0.336419  0.410309  0.483732  0.136572  0.095707  0.125930  0.183257  0.136734  0.068790  0.068790  0.407681  0.302519  0.114995  0.212116  0.261783  0.071619  0.459061  0.418356  0.346219  0.227189  0.068790  0.324164  0.141399  0.212980  0.106483  0.196982  0.151063  0.177502  0.091233  0.175422  0.201420  0.209932  0.068790  0.071456  0.251662  0.415436  0.118893  0.198367  0.289760  0.135159  0.839292  0.266738  0.075422  0.246375  0.402914  0.329729  0.361564  0.216584  0.132372  0.107185  0.312270  0.425276  0.144280  0.212782  0.248979  0.202206  0.251265  0.068790  0.068790  0.361285  0.128239  0.084997  0.194928  0.423413  0.155914  0.360994  0.068790  0.171728  0.242590  0.332891  0.223525  0.293656  0.261371  0.068790  0.386990  0.138864  0.175218  0.220024  0.151664  0.565462  0.068790  0.148092  0.068790  0.073580  0.396989  0.129582  0.217321  0.068790  0.103813  0.241884  0.235894  0.206760  0.068790  0.485947  0.306973  0.148403  0.310774  0.360099  0.235934  0.133940  0.322894  0.234706  0.171111  0.214704  0.334286  0.343548  0.128370  0.068790  0.068790  0.355928  0.250231  0.198700  0.218531  0.068790  0.250844  0.068790  0.404682  0.068790  0.130949  0.300315  0.209150  0.183828  0.182918 
13  0.266101  0.068790  0.120322  0.299537  0.387403  0.068790  0.251339  0.460141  0.210443  0.420512  0.342307  0.236647  0.401077 0.0  0.139375  0.212292  0.068790  0.152170  0.268927  0.073346  0.224089  0.104083  0.358636  0.237498  0.107764  0.183371  0.392060  0.330916  0.453848  0.274232  0.249805  0.289899  0.264381  0.445016  0.105103  0.348074  0.487430  0.068790  0.252257  0.082176  0.089282  0.153086  0.207577  0.344172  0.068790  0.270856  0.338940  0.142683  0.212713  0.366611  0.181416  0.409831  0.239506  0.367890  0.094345  0.349534  0.300188  0.139037  0.190797  0.459752  0.309449  0.377086  0.338592  0.587056  0.513065  0.150928  0.283936  0.125601  0.156080  0.280461  0.210056  0.353323  0.247993  0.190914  0.761861  0.217568  0.253097  0.182968  0.172789  0.069968  0.405652  0.479966  0.138408  0.377804  0.258298  0.316524  0.160050  0.367275  0.181421  0.482159  0.334280  0.393341  0.135701  0.201153  0.218523  0.152773  0.411043  0.109143  0.294716  0.442173  0.212637  0.412374  0.824298  0.470135  0.200352  0.244384  0.394469  0.200062  0.246822  0.270306  0.360397  0.313329  0.224084  0.166237  0.131290  0.383602  0.152675  0.068790  0.287839  0.068790  0.716350  0.202956  0.226156  0.082474  0.167016  0.167428  0.186672  0.238127  0.068790  0.381789  0.440795  0.257484  0.229290  0.113874  0.115320  0.275030  0.411865  0.158856  0.353695  0.269843  0.374861  0.378149  0.223736  0.203209  0.424885  0.178022 
14  0.097635  0.227977  0.264874  0.130585  0.112642  0.157928  0.203162  0.258506  0.086359  0.220771  0.078826  0.333957  0.314392  0.139375 0.0  0.150254  0.254455  0.096235  0.139729  0.130985  0.097914  0.125788  0.301904  0.181770  0.257217  0.239222  0.238996  0.195229  0.282713  0.205532  0.161886  0.276316  0.157833  0.477854  0.143588  0.251190  0.299718  0.263305  0.154306  0.172505  0.204225  0.136744  0.128228  0.068790  0.234696  0.214719  0.154163  0.146443  0.203018  0.280762  0.243041  0.198632  0.225264  0.290626  0.171398  0.332464  0.199016  0.115856  0.173877  0.284068  0.142605  0.127056  0.321561  0.576550  0.322572  0.068790  0.194751  0.190459  0.131487  0.150142  0.077057  0.167604  0.217064  0.115512  0.540135  0.247302  0.116105  0.224220  0.165848  0.200962  0.234357  0.126746  0.168565  0.206734  0.227811  0.243710  0.139725  0.301469  0.244430  0.294378  0.400437  0.335476  0.102980  0.072012  0.203997  0.215649  0.260186  0.216637  0.170469  0.315302  0.137633  0.423249  0.688452  0.322336  0.095006  0.260261  0.240137  0.242756  0.068790  0.077052  0.182704  0.220147  0.125539  0.068790  0.081479  0.143163  0.311674  0.096738  0.289876  0.295179  0.491374  0.077836  0.251639  0.068790  0.126068  0.130693  0.256126  0.083756  0.079456  0.133525  0.279160  0.127204  0.115443  0.224455  0.224032  0.068790  0.219892  0.068790  0.238419  0.206720  0.259326  0.196236  0.068790  0.068790  0.180478  0.253183 
15  0.068790  0.476613  0.280044  0.068790  0.075532  0.166805  0.162606  0.199257  0.152842  0.092848  0.068790  0.068790  0.140851  0.212292  0.150254 0.0  0.367104  0.294406  0.118621  0.404357  0.091324  0.266188  0.142771  0.106734  0.396799  0.373186  0.107539  0.250242  0.152744  0.159415  0.068790  0.208204  0.068790  0.384534  0.303573  0.093548  0.175331  0.357592  0.079755  0.295685  0.372833  0.130624  0.220072  0.159584  0.302163  0.153638  0.068790  0.077315  0.117763  0.145094  0.221209  0.087936  0.068790  0.234954  0.287782  0.146691  0.075629  0.225393  0.278902  0.077872  0.117988  0.084503  0.129922  0.714106  0.326061  0.168006  0.154200  0.247567  0.342980  0.268369  0.120938  0.168103  0.119009  0.196691  0.445359  0.072630  0.148207  0.163070  0.068790  0.300766  0.152547  0.264706  0.236457  0.080482  0.131998  0.160094  0.263728  0.131110  0.350725  0.175997  0.250706  0.239193  0.111833  0.275755  0.131830  0.294969  0.156173  0.372829  0.149943  0.068790  0.076699  0.154538  0.580889  0.169300  0.083482  0.178527  0.242832  0.374338  0.068790  0.091202  0.087557  0.160379  0.068790  0.215209  0.177788  0.068790  0.363148  0.248183  0.085584  0.342124  0.442682  0.166619  0.182438  0.265218  0.215932  0.068790  0.111788  0.273511  0.275292  0.146972  0.237856  0.068790  0.171852  0.219060  0.192619  0.129565  0.167768  0.159970  0.190748  0.452253  0.206333  0.093684  0.305443  0.147027  0.124639  0.159065 
16  0.308976  0.206754  0.191227  0.164503  0.311881  0.172658  0.345302  0.487539  0.236944  0.500217  0.323964  0.309798  0.409930  0.068790  0.254455  0.367104 0.0  0.198558  0.522845  0.232873  0.236815  0.207913  0.448885  0.264216  0.161857  0.120376  0.497806  0.483830  0.502552  0.265025  0.461760  0.287612  0.433539  0.712250  0.178378  0.422690  0.466809  0.117581  0.362146  0.156962  0.068790  0.263569  0.454409  0.278920  0.219003  0.263112  0.265055  0.389308  0.364525  0.485063  0.303027  0.320117  0.260926  0.403204  0.157192  0.516518  0.469172  0.130461  0.110228  0.547314  0.377849  0.313506  0.494041  0.375061  0.496533  0.354034  0.423786  0.273900  0.195706  0.114315  0.240412  0.445465  0.329919  0.181938  0.750673  0.279446  0.438069  0.426662  0.315864  0.231428  0.522041  0.490082  0.145215  0.358899  0.359541  0.301812  0.188438  0.540879  0.068790  0.467198  0.657939  0.408009  0.233928  0.205197  0.265532  0.216669  0.495663  0.145963  0.407830  0.480399  0.273367  0.407628  0.906750  0.467164  0.414585  0.634166  0.462087  0.100895  0.304564  0.347605  0.380990  0.439264  0.406732  0.277725  0.286316  0.350859  0.113048  0.241713  0.236610  0.281688  0.801269  0.386506  0.417441  0.242351  0.350185  0.399024  0.385195  0.282049  0.201733  0.444769  0.480558  0.287497  0.193393  0.291940  0.256597  0.329734  0.526905  0.311235  0.424965  0.068790  0.414744  0.359120  0.172063  0.305002  0.589518  0.285929 
17  0.251396  0.107649  0.312709  0.213035  0.129510  0.068790  0.221924  0.351586  0.139569  0.259216  0.229106  0.217226  0.372910  0.152170  0.096235  0.294406  0.198558 0.0  0.365074  0.114114  0.199326  0.189050  0.247942  0.343945  0.082107  0.192508  0.360468  0.319851  0.425764  0.306660  0.224845  0.179341  0.255227  0.574160  0.125649  0.183415  0.352571  0.117476  0.223753  0.146721  0.068790  0.073077  0.230687  0.134624  0.275247  0.222968  0.227076  0.212610  0.346449  0.439109  0.277133  0.329156  0.167924  0.467512  0.208918  0.273601  0.251430  0.115679  0.209211  0.298796  0.225864  0.222279  0.297964  0.587163  0.467403  0.180351  0.140664  0.068790  0.068790  0.107935  0.224660  0.237021  0.354241  0.255607  0.648490  0.195960  0.156093  0.411744  0.253399  0.099570  0.393614  0.357323  0.153639  0.221412  0.270465  0.262538  0.068790  0.380116  0.068790  0.393891  0.368351  0.394384  0.098826  0.185076  0.176573  0.068790  0.292023  0.144510  0.218503  0.423772  0.282009  0.340709  0.775401  0.446094  0.290728  0.282864  0.307894  0.212753  0.201809  0.190987  0.301808  0.187222  0.171745  0.126725  0.091181  0.249295  0.089336  0.077677  0.219580  0.121217  0.676031  0.143370  0.236687  0.068790  0.268742  0.196966  0.127590  0.129803  0.192944  0.217446  0.457051  0.263498  0.120005  0.082277  0.107369  0.166491  0.408870  0.204115  0.297394  0.146783  0.224957  0.258301  0.143467  0.245469  0.286217  0.077825 
18  0.129859  0.416169  0.383791  0.258579  0.130918  0.242135  0.177034  0.068790  0.230530  0.068790  0.275855  0.068790  0.074591  0.268927  0.139729  0.118621  0.522845  0.365074 0.0  0.265865  0.068790  0.295230  0.150946  0.132479  0.488920  0.429564  0.157648  0.068790  0.173552  0.162007  0.168116  0.215543  0.169781  0.353501  0.396219  0.074669  0.114107  0.394850  0.147051  0.351039  0.372159  0.265181  0.324022  0.068790  0.352993  0.206056  0.169983  0.081620  0.126542  0.122693  0.190456  0.068790  0.245791  0.192137  0.238105  0.115025  0.195738  0.246421  0.391754  0.150782  0.239854  0.249805  0.227567  0.671380  0.249685  0.325807  0.098603  0.315030  0.301765  0.292931  0.230362  0.232098  0.160511  0.352546  0.303234  0.252539  0.119288  0.153572  0.191126  0.220874  0.171496  0.156660  0.359118  0.177449  0.198689  0.200457  0.310226  0.076957  0.482181  0.156200  0.150806  0.068790  0.181209  0.170882  0.221924  0.311232  0.068790  0.325140  0.128806  0.102833  0.194235  0.081166  0.471836  0.077387  0.232155  0.073370  0.091696  0.328428  0.202422  0.202131  0.138854  0.163583  0.106591  0.138707  0.288102  0.162004  0.436834  0.393029  0.167003  0.309475  0.288333  0.107361  0.209474  0.268707  0.200402  0.068790  0.196442  0.334162  0.404961  0.098407  0.068790  0.141694  0.197846  0.415175  0.333496  0.138203  0.200100  0.276339  0.157594  0.386715  0.073313  0.150647  0.230476  0.165807  0.097566  0.314241 
19  0.218390  0.195243  0.129630  0.126520  0.277089  0.068790  0.261869  0.206859  0.131213  0.328647  0.107848  0.312139  0.360577  0.073346  0.130985  0.404357  0.232873  0.114114  0.265865 0.0  0.190640  0.204169  0.347714  0.159157  0.211998  0.250485  0.364660  0.344189  0.328219  0.187759  0.329368  0.270701  0.382422  0.421254  0.148603  0.285049  0.373316  0.068790  0.229861  0.273961  0.222463  0.068790  0.089951  0.180083  0.131122  0.105872  0.237689  0.101603  0.288166  0.396925  0.207414  0.294853  0.170945  0.341945  0.097755  0.224110  0.260635  0.088542  0.194521  0.404699  0.188794  0.134347  0.293039  0.585618  0.401026  0.202409  0.200604  0.184853  0.198513  0.079247  0.190863  0.204801  0.267963  0.128998  0.590108  0.179612  0.152607  0.240267  0.186896  0.094432  0.381784  0.226912  0.158929  0.306736  0.181415  0.160076  0.068790  0.363458  0.276482  0.456221  0.486878  0.283719  0.068790  0.122759  0.225729  0.100248  0.336240  0.224672  0.252958  0.340160  0.221722  0.337753  0.829263  0.506845  0.251321  0.335942  0.311897  0.167153  0.184240  0.176951  0.158038  0.156347  0.150968  0.176424  0.127495  0.316591  0.287177  0.068790  0.278241  0.166987  0.524362  0.214244  0.226453  0.118885  0.122314  0.181288  0.208818  0.174102  0.200343  0.176586  0.258050  0.176826  0.068790  0.068790  0.093871  0.109194  0.367104  0.183882  0.301287  0.255879  0.372636  0.199921  0.068790  0.188044  0.316440  0.171843 
20  0.068790  0.312421  0.259653  0.173128  0.124073  0.146968  0.094039  0.134029  0.156089  0.197751  0.099385  0.068790  0.170663  0.224089  0.097914  0.091324  0.236815  0.199326  0.068790  0.190640 0.0  0.268258  0.147127  0.177207  0.417304  0.293256  0.146902  0.243874  0.217031  0.068790  0.090165  0.139461  0.068790  0.393070  0.312154  0.120153  0.169451  0.378560  0.068790  0.227774  0.311434  0.159571  0.157244  0.068790  0.182068  0.154230  0.167182  0.068790  0.237047  0.280858  0.068790  0.101726  0.068790  0.202688  0.136163  0.260474  0.189084  0.189261  0.311584  0.174606  0.068790  0.087375  0.154137  0.611175  0.332136  0.068790  0.189940  0.269308  0.196780  0.134318  0.136878  0.222321  0.093061  0.099622  0.422797  0.159170  0.157075  0.068790  0.069195  0.185653  0.212448  0.231044  0.300211  0.068790  0.094816  0.068790  0.250230  0.221375  0.369553  0.240556  0.198915  0.182983  0.185439  0.169869  0.179030  0.173940  0.170751  0.328649  0.170624  0.229135  0.119343  0.206371  0.613984  0.136973  0.154108  0.128764  0.164620  0.282395  0.093555  0.068790  0.215488  0.087801  0.136668  0.146862  0.217152  0.152309  0.259688  0.179388  0.144587  0.255799  0.437526  0.071161  0.343150  0.235499  0.155666  0.165871  0.095688  0.311513  0.217889  0.133623  0.311267  0.221302  0.232072  0.091641  0.182388  0.068790  0.200940  0.204541  0.191529  0.347804  0.229602  0.127294  0.206219  0.068790  0.207861  0.253949 
21  0.232842  0.092275  0.068790  0.208279  0.273734  0.145274  0.241676  0.268543  0.188740  0.460480  0.265214  0.186504  0.321592  0.104083  0.125788  0.266188  0.207913  0.189050  0.295230  0.204169  0.268258 0.0  0.367594  0.191954  0.239573  0.068790  0.177716  0.401695  0.426619  0.251140  0.328533  0.144141  0.351393  0.432949  0.068790  0.221023  0.330265  0.104383  0.299936  0.215786  0.199956  0.122143  0.120261  0.262183  0.113737  0.243189  0.284789  0.315538  0.368478  0.244086  0.236762  0.378015  0.236930  0.403361  0.124009  0.359962  0.215570  0.175461  0.176639  0.301914  0.205442  0.266612  0.407497  0.511972  0.401920  0.214985  0.177894  0.104972  0.075426  0.152700  0.154134  0.289227  0.245207  0.181370  0.651258  0.231493  0.248654  0.150368  0.233408  0.068790  0.279908  0.298758  0.178040  0.230777  0.153726  0.232564  0.109246  0.393573  0.206378  0.428340  0.479415  0.367429  0.094123  0.181473  0.193047  0.163967  0.428263  0.075949  0.370954  0.228847  0.200919  0.474193  0.765332  0.348498  0.294188  0.279882  0.315426  0.068790  0.170383  0.194344  0.316006  0.293680  0.217723  0.098469  0.213694  0.215385  0.217485  0.087789  0.281293  0.111124  0.609668  0.234682  0.263861  0.154869  0.162126  0.343108  0.185540  0.194610  0.078719  0.164918  0.292626  0.115247  0.115540  0.073694  0.198045  0.248451  0.394211  0.153029  0.322593  0.222850  0.290646  0.214457  0.103332  0.221758  0.303175  0.138838 
22  0.153218  0.392682  0.424894  0.086320  0.140676  0.214381  0.269563  0.149437  0.256038  0.159945  0.250517  0.068790  0.068790  0.358636  0.301904  0.142771  0.448885  0.247942  0.150946  0.347714  0.147127  0.367594 0.0  0.314900  0.589530  0.330898  0.120994  0.068790  0.072899  0.288842  0.115811  0.152496  0.253287  0.402575  0.291763  0.218954  0.068790  0.385969  0.233105  0.448013  0.418682  0.270574  0.207073  0.204966  0.405446  0.282141  0.167030  0.193736  0.234608  0.184726  0.228522  0.129011  0.104646  0.084709  0.237648  0.127969  0.174193  0.272352  0.446751  0.282320  0.172868  0.215079  0.068790  0.639233  0.118559  0.171034  0.068790  0.330682  0.299878  0.265557  0.183728  0.127598  0.322864  0.220601  0.368591  0.283594  0.152232  0.219089  0.160422  0.284562  0.114343  0.068790  0.389065  0.182572  0.116532  0.254791  0.209050  0.077529  0.357529  0.152604  0.263693  0.068790  0.153654  0.295567  0.097801  0.240183  0.068790  0.380114  0.334233  0.111250  0.204403  0.152929  0.591966  0.145395  0.221660  0.080836  0.070611  0.389373  0.255557  0.115137  0.195403  0.152935  0.176897  0.140743  0.271275  0.133627  0.342384  0.350997  0.208926  0.253608  0.332312  0.310150  0.220323  0.278270  0.261410  0.260530  0.161444  0.363921  0.405651  0.282145  0.068790  0.301202  0.363879  0.420832  0.305871  0.233502  0.125328  0.312384  0.068790  0.474284  0.068790  0.177394  0.329120  0.250320  0.110177  0.219742 
23  0.068790  0.124983  0.235652  0.249955  0.173047  0.233146  0.165632  0.284179  0.154483  0.274797  0.136865  0.260600  0.336419  0.237498  0.181770  0.106734  0.264216  0.343945  0.132479  0.159157  0.177207  0.191954  0.314900 0.0  0.233149  0.308507  0.287102  0.361709  0.315259  0.152719  0.167191  0.272473  0.151500  0.521469  0.241784  0.287693  0.265095  0.272123  0.251086  0.176316  0.202223  0.196986  0.299206  0.176878  0.180860  0.068790  0.306524  0.260306  0.125877  0.260473  0.194724  0.263432  0.194438  0.434032  0.116888  0.272041  0.120021  0.287796  0.421988  0.321110  0.119871  0.095909  0.320467  0.659967  0.336888  0.166288  0.199225  0.106539  0.133272  0.295361  0.188053  0.247875  0.208106  0.162531  0.459711  0.215771  0.116908  0.244326  0.239822  0.178511  0.335615  0.237383  0.192363  0.207786  0.133675  0.274438  0.263680  0.261224  0.377037  0.401195  0.493922  0.351358  0.273354  0.197003  0.213091  0.140279  0.236064  0.200625  0.188035  0.191152  0.068790  0.221170  0.672854  0.353247  0.137353  0.226056  0.383549  0.283681  0.347947  0.239596  0.185628  0.182665  0.218085  0.198310  0.110267  0.181227  0.257883  0.229070  0.254202  0.172405  0.447243  0.239171  0.068790  0.208691  0.107895  0.132516  0.187626  0.159151  0.205591  0.191353  0.342169  0.246955  0.145235  0.202738  0.244852  0.156794  0.323677  0.175877  0.304552  0.315187  0.338624  0.220997  0.176324  0.154815  0.294454  0.271681 
24  0.355159  0.130440  0.155639  0.406533  0.343233  0.148961  0.316829  0.317452  0.278517  0.480754  0.199363  0.410751  0.410309  0.107764  0.257217  0.396799  0.161857  0.082107  0.488920  0.211998  0.417304  0.239573  0.589530  0.233149 0.0  0.072106  0.481221  0.449566  0.487455  0.394701  0.402416  0.369551  0.312175  0.599186  0.132901  0.313425  0.310395  0.185067  0.248794  0.168761  0.185324  0.242595  0.362257  0.355119  0.188339  0.256043  0.436158  0.305000  0.440030  0.385317  0.302712  0.365658  0.394351  0.444383  0.207011  0.512151  0.346954  0.234781  0.236582  0.444235  0.275930  0.281305  0.447207  0.541556  0.670281  0.293342  0.301631  0.068790  0.166818  0.186640  0.347945  0.389287  0.390570  0.255627  0.729816  0.321700  0.307047  0.365258  0.365493  0.203747  0.488011  0.426118  0.214045  0.372427  0.297518  0.401154  0.301138  0.411914  0.218556  0.491155  0.682171  0.485847  0.210996  0.272641  0.257216  0.292100  0.459668  0.144998  0.366751  0.513376  0.421395  0.526260  0.830413  0.562289  0.343692  0.491243  0.511816  0.194759  0.203399  0.386923  0.347049  0.314998  0.399323  0.267719  0.246323  0.355645  0.099878  0.163653  0.406370  0.090500  0.667644  0.265202  0.323887  0.183966  0.200284  0.327367  0.377982  0.228698  0.075362  0.285026  0.435196  0.404616  0.072301  0.211053  0.203514  0.376588  0.492966  0.263646  0.399660  0.111935  0.498378  0.312138  0.177015  0.225766  0.451909  0.154715 
25  0.316717  0.240771  0.149206  0.299999  0.262765  0.194550  0.267588  0.505391  0.137570  0.355508  0.309192  0.439829  0.483732  0.183371  0.239222  0.373186  0.120376  0.192508  0.429564  0.250485  0.293256  0.068790  0.330898  0.308507  0.072106 0.0  0.393074  0.437100  0.459183  0.375005  0.406669  0.243994  0.321537  0.505119  0.068790  0.329360  0.385772  0.177424  0.302818  0.084404  0.135555  0.415764  0.170025  0.447493  0.072603  0.249522  0.402695  0.410037  0.427610  0.352913  0.264884  0.396759  0.349438  0.367177  0.309177  0.379271  0.354270  0.121712  0.122850  0.422262  0.177938  0.270579  0.426270  0.437719  0.447273  0.292007  0.338230  0.206606  0.172873  0.205928  0.204989  0.261884  0.393898  0.299077  0.752703  0.330465  0.204815  0.503192  0.287925  0.143587  0.323818  0.447023  0.131298  0.297900  0.310199  0.301231  0.196623  0.568077  0.068790  0.550387  0.507822  0.314464  0.250781  0.210020  0.359899  0.147485  0.399967  0.139550  0.366982  0.450599  0.264515  0.377172  0.836148  0.409190  0.332674  0.487047  0.436657  0.234604  0.280036  0.335559  0.272157  0.302066  0.388431  0.184274  0.159985  0.403929  0.147742  0.146280  0.306069  0.237632  0.638160  0.305663  0.334897  0.170997  0.366979  0.394241  0.249734  0.200462  0.120948  0.395166  0.428055  0.320433  0.181949  0.188239  0.132295  0.137783  0.477315  0.206740  0.532622  0.196439  0.396779  0.322500  0.163821  0.300139  0.334810  0.219773 
26  0.151803  0.355872  0.428659  0.148903  0.164703  0.308797  0.212450  0.068790  0.377798  0.127693  0.155074  0.073365  0.136572  0.392060  0.238996  0.107539  0.497806  0.360468  0.157648  0.364660  0.146902  0.177716  0.120994  0.287102  0.481221  0.393074 0.0  0.082524  0.068790  0.271238  0.150153  0.163886  0.158705  0.364246  0.415963  0.153706  0.125441  0.450527  0.068790  0.370972  0.563556  0.278887  0.211689  0.205501  0.471836  0.203702  0.165374  0.165566  0.260204  0.110856  0.354705  0.176566  0.179445  0.068790  0.294641  0.068790  0.068790  0.307700  0.387275  0.076719  0.068790  0.292747  0.099758  0.648817  0.169728  0.249769  0.231176  0.380944  0.326363  0.378410  0.267503  0.163795  0.213824  0.301011  0.357593  0.224552  0.262646  0.183727  0.235334  0.369443  0.115352  0.068790  0.421653  0.153946  0.198283  0.152657  0.352836  0.157274  0.352604  0.169467  0.167488  0.156901  0.302603  0.380508  0.238639  0.368573  0.086465  0.452146  0.181255  0.137165  0.265144  0.105747  0.435900  0.107433  0.176030  0.075122  0.070528  0.472148  0.158843  0.109361  0.088950  0.149983  0.169499  0.257439  0.447452  0.181677  0.413106  0.254678  0.193696  0.327421  0.298027  0.344645  0.068790  0.386500  0.229018  0.203830  0.164274  0.377664  0.383952  0.146333  0.181492  0.176650  0.277584  0.292677  0.404696  0.219413  0.068790  0.257742  0.068790  0.462925  0.068790  0.167655  0.336692  0.276506  0.130091  0.330167 
