146
0 0.0  0.195970  0.238674  0.127069  0.090333  0.090815  0.168249  0.347171  0.190320  0.201097  0.075765  0.149044  0.270457  0.340609  0.179633  0.166700  0.319956  0.242786  0.266787  0.160912  0.075765  0.207783  0.150478  0.237731  0.303498  0.250384  0.215748  0.205855  0.274180  0.088480  0.114091  0.160138  0.192267  0.453700  0.267910  0.164128  0.236694  0.287198  0.113009  0.322348  0.284153  0.200034  0.075765  0.075765  0.316360  0.317629  0.158149  0.077926  0.301991  0.237825  0.136817  0.185631  0.182103  0.262040  0.223666  0.238862  0.075765  0.247325  0.334328  0.098801  0.115903  0.075765  0.216498  0.590855  0.404511  0.098490  0.099743  0.193382  0.224249  0.129763  0.075765  0.197506  0.215165  0.099841  0.446464  0.075765  0.086693  0.075765  0.100877  0.252370  0.245027  0.218265  0.310623  0.167337  0.075765  0.167080  0.164192  0.269174  0.321414  0.263194  0.306467  0.215963  0.196979  0.075765  0.075765  0.133404  0.239328  0.368591  0.221153  0.179292  0.158917  0.094288  0.605718  0.280309  0.102774  0.137830  0.131047  0.276844  0.122282  0.075765  0.075765  0.127926  0.075765  0.075765  0.170413  0.163150  0.293937  0.242248  0.075765  0.284948  0.502959  0.097087  0.075765  0.099601  0.096572  0.243930  0.089172  0.181852  0.308845  0.097669  0.274096  0.113440  0.151567  0.095169  0.269598  0.154104  0.202593  0.217692  0.140797  0.323095  0.302790  0.103526  0.136868  0.143166  0.189461  0.148262 
1  0.195970 0.0  0.076936  0.162066  0.249873  0.233312  0.312954  0.297130  0.134032  0.472273  0.274949  0.368560  0.402093  0.248126  0.176502  0.285655  0.279031  0.138023  0.347305  0.139275  0.323942  0.093684  0.331570  0.204329  0.111820  0.113788  0.399399  0.407167  0.407829  0.301420  0.269701  0.342011  0.213179  0.484190  0.098356  0.309744  0.480207  0.377498  0.292576  0.122216  0.182621  0.209114  0.312529  0.264992  0.235542  0.185252  0.321049  0.141109  0.403677  0.252137  0.194781  0.353526  0.268219  0.494351  0.212855  0.334972  0.198443  0.169641  0.324578  0.417771  0.157889  0.181815  0.350591  0.477631  0.501302  0.214912  0.326235  0.148510  0.138745  0.176481  0.300471  0.241725  0.254410  0.215839  0.603483  0.205117  0.250289  0.160208  0.240097  0.184074  0.428466  0.414891  0.270248  0.188188  0.351461  0.208618  0.206207  0.460808  0.342779  0.452174  0.609009  0.465927  0.241824  0.101459  0.296099  0.251844  0.432318  0.075765  0.267252  0.496584  0.302324  0.420103  0.820981  0.432665  0.331536  0.351115  0.363227  0.160080  0.198584  0.291313  0.306560  0.379962  0.313295  0.178785  0.261252  0.333878  0.228553  0.075765  0.249816  0.075765  0.666775  0.274102  0.310408  0.192969  0.183982  0.296679  0.282989  0.197602  0.131617  0.198021  0.352496  0.254044  0.200505  0.163655  0.278579  0.368196  0.471124  0.145775  0.418888  0.237752  0.450725  0.275963  0.210932  0.162367  0.374965  0.268168 
2  0.238674  0.076936 0.0  0.203885  0.209896  0.292227  0.302667  0.378398  0.283953  0.360201  0.097009  0.397125  0.329049  0.179013  0.210427  0.235624  0.261346  0.163799  0.284907  0.166821  0.211029  0.156559  0.353232  0.110645  0.096290  0.156270  0.437273  0.446836  0.491707  0.291879  0.322099  0.251309  0.244930  0.515537  0.116944  0.402572  0.460583  0.144103  0.270127  0.097775  0.222226  0.136197  0.144850  0.289551  0.149027  0.174915  0.394304  0.316000  0.307169  0.344436  0.170699  0.364009  0.263931  0.392465  0.323122  0.322829  0.421814  0.277409  0.254928  0.376682  0.173440  0.268518  0.519536  0.517230  0.472349  0.275730  0.207004  0.108602  0.137992  0.228908  0.274951  0.370102  0.264156  0.243922  0.719881  0.298006  0.306516  0.283748  0.223381  0.173911  0.508749  0.456730  0.104848  0.299712  0.296151  0.411899  0.151309  0.323711  0.288256  0.557326  0.519726  0.382348  0.199150  0.202036  0.213132  0.138480  0.486482  0.075765  0.271064  0.485324  0.355378  0.367014  0.807732  0.452604  0.319753  0.385765  0.466047  0.075765  0.195311  0.315968  0.319125  0.358094  0.341086  0.284722  0.200736  0.313633  0.215906  0.208008  0.363115  0.133742  0.642489  0.256729  0.327498  0.140339  0.180020  0.376936  0.335527  0.317402  0.118006  0.268814  0.313467  0.250873  0.121059  0.234008  0.388334  0.268084  0.527466  0.134516  0.381492  0.255046  0.513097  0.363185  0.238059  0.173025  0.395380  0.191601 
3  0.127069  0.162066  0.203885 0.0  0.173288  0.208454  0.115657  0.194912  0.170144  0.220677  0.132680  0.149405  0.177521  0.250888  0.247611  0.075765  0.327909  0.297175  0.181250  0.203269  0.075765  0.104900  0.206561  0.119032  0.284550  0.200669  0.239398  0.194171  0.290176  0.144221  0.134529  0.075765  0.112499  0.441354  0.134769  0.075765  0.216443  0.255295  0.096696  0.280070  0.307204  0.098337  0.075765  0.075765  0.107694  0.075765  0.166559  0.199588  0.197096  0.195028  0.174776  0.204851  0.075765  0.190196  0.201113  0.192305  0.187776  0.240093  0.345827  0.240249  0.075765  0.120620  0.199618  0.645710  0.344051  0.078275  0.101478  0.236839  0.265548  0.124184  0.075765  0.156306  0.148600  0.218119  0.497352  0.125231  0.139331  0.136803  0.115858  0.154549  0.217841  0.140512  0.235513  0.091594  0.157643  0.132046  0.246346  0.110581  0.410611  0.263935  0.362795  0.244552  0.169857  0.124205  0.119244  0.191731  0.180259  0.271534  0.186521  0.124513  0.075939  0.212627  0.632682  0.187803  0.229619  0.075765  0.210521  0.294801  0.130459  0.075765  0.134279  0.087989  0.109434  0.108538  0.150221  0.156272  0.398936  0.188759  0.107688  0.288921  0.523931  0.075765  0.217557  0.124540  0.167417  0.224794  0.102818  0.186631  0.242935  0.075765  0.158197  0.149270  0.128825  0.185875  0.253531  0.223494  0.190815  0.148263  0.244123  0.310253  0.182873  0.115952  0.186971  0.209987  0.268709  0.158017 
4  0.090333  0.249873  0.209896  0.173288 0.0  0.183331  0.075765  0.077794  0.201403  0.237794  0.075765  0.140817  0.289137  0.189585  0.140471  0.204818  0.319497  0.325107  0.075765  0.147547  0.110914  0.203824  0.154726  0.216325  0.309217  0.168607  0.258815  0.161026  0.158630  0.075765  0.267762  0.097719  0.075765  0.409743  0.242804  0.156050  0.243356  0.264453  0.075765  0.218799  0.360043  0.127939  0.075765  0.075765  0.265726  0.128031  0.123807  0.190992  0.241480  0.283101  0.106129  0.093571  0.114058  0.097925  0.124811  0.172990  0.175114  0.145423  0.277038  0.161742  0.085127  0.075765  0.210237  0.681809  0.220844  0.101582  0.135000  0.087126  0.150313  0.156503  0.075765  0.152221  0.075765  0.164193  0.400154  0.090420  0.103118  0.075765  0.140620  0.282621  0.151179  0.293424  0.358906  0.075765  0.118749  0.108428  0.190740  0.102124  0.386561  0.293104  0.255860  0.150591  0.168432  0.126059  0.075765  0.256439  0.230638  0.235636  0.194357  0.180892  0.251875  0.284872  0.694156  0.237826  0.161402  0.131677  0.342227  0.254663  0.075765  0.184274  0.156919  0.096721  0.075765  0.215886  0.113215  0.075765  0.287243  0.108462  0.144546  0.189727  0.510961  0.075765  0.075765  0.194947  0.075765  0.154393  0.204975  0.154998  0.227159  0.119253  0.342825  0.131984  0.249502  0.188757  0.148293  0.140214  0.237138  0.223406  0.216471  0.368502  0.241167  0.086944  0.192629  0.147487  0.219306  0.191365 
5  0.090815  0.233312  0.292227  0.208454  0.183331 0.0  0.236672  0.295846  0.255367  0.289401  0.166279  0.235871  0.136622  0.172417  0.188697  0.220935  0.266586  0.123333  0.291242  0.092143  0.210730  0.121203  0.283259  0.179541  0.179486  0.245094  0.346568  0.281175  0.279377  0.260866  0.225695  0.246025  0.235492  0.431816  0.178812  0.281960  0.239155  0.174578  0.239290  0.180324  0.167053  0.075765  0.153863  0.342443  0.091823  0.158950  0.216062  0.117666  0.346376  0.244202  0.280051  0.271819  0.168381  0.326150  0.075765  0.345068  0.223699  0.075765  0.248991  0.314448  0.130559  0.100113  0.164017  0.545961  0.341080  0.188954  0.214970  0.075765  0.085075  0.201610  0.075765  0.086347  0.299988  0.161438  0.670665  0.204920  0.222238  0.189640  0.197434  0.075765  0.386999  0.326759  0.075765  0.180634  0.203134  0.079772  0.075765  0.254880  0.247049  0.386394  0.390615  0.249198  0.075765  0.098968  0.142092  0.075765  0.343985  0.177005  0.235576  0.257372  0.342468  0.438885  0.723546  0.252544  0.285697  0.323170  0.452087  0.154729  0.075765  0.279928  0.284548  0.220898  0.201728  0.170708  0.174184  0.094109  0.269085  0.075765  0.222849  0.170223  0.472834  0.159572  0.272133  0.087563  0.142349  0.183412  0.272737  0.199122  0.192193  0.179399  0.284319  0.217969  0.131997  0.076410  0.076290  0.153589  0.382031  0.149592  0.326166  0.220937  0.298267  0.217836  0.137050  0.102747  0.276872  0.149492 
6  0.168249  0.312954  0.302667  0.115657  0.075765  0.236672 0.0  0.215995  0.158569  0.254115  0.075765  0.169287  0.229678  0.254126  0.238544  0.087930  0.389754  0.223362  0.345529  0.222119  0.075765  0.180035  0.125465  0.197352  0.234881  0.333703  0.193519  0.223272  0.247053  0.153989  0.075765  0.075765  0.162326  0.402096  0.205317  0.088958  0.153464  0.362775  0.075765  0.205049  0.383151  0.193134  0.075765  0.115033  0.126045  0.075765  0.128041  0.075765  0.104337  0.262376  0.179945  0.188398  0.124745  0.157421  0.149040  0.260429  0.150203  0.155631  0.259405  0.242920  0.190986  0.101099  0.181025  0.564995  0.296643  0.075765  0.158116  0.255313  0.253888  0.196218  0.075765  0.152465  0.218518  0.075765  0.481323  0.075765  0.075765  0.075765  0.080492  0.209770  0.153447  0.147304  0.213501  0.075765  0.099305  0.086070  0.215479  0.185155  0.367646  0.311692  0.372990  0.192794  0.096925  0.132385  0.130458  0.088407  0.114188  0.295867  0.164059  0.216222  0.150720  0.226536  0.698771  0.217563  0.075765  0.244784  0.181774  0.305990  0.075765  0.075765  0.151761  0.075765  0.098344  0.099584  0.139392  0.176088  0.373878  0.238097  0.075765  0.232627  0.448670  0.075765  0.075765  0.318573  0.128886  0.183099  0.143509  0.111755  0.282811  0.075765  0.222382  0.075765  0.258752  0.192943  0.263565  0.110840  0.249061  0.228169  0.324379  0.348723  0.217326  0.075765  0.230397  0.077135  0.238296  0.195601 
7  0.347171  0.297130  0.378398  0.194912  0.077794  0.295846  0.215995 0.0  0.260010  0.205496  0.151867  0.177989  0.110751  0.367086  0.220101  0.172309  0.403566  0.268123  0.075765  0.251468  0.173651  0.327797  0.154578  0.274942  0.404471  0.479714  0.173907  0.130872  0.085516  0.148705  0.155017  0.168086  0.086867  0.374075  0.390192  0.184154  0.116022  0.406361  0.156228  0.428769  0.346067  0.226483  0.245242  0.111855  0.346365  0.153771  0.133888  0.109142  0.086716  0.223135  0.257038  0.145893  0.153053  0.103750  0.399401  0.114136  0.105644  0.402523  0.460030  0.075765  0.177614  0.247827  0.182922  0.687134  0.195308  0.223886  0.171793  0.270131  0.341741  0.377405  0.206608  0.206185  0.186322  0.247222  0.300546  0.329569  0.139896  0.191124  0.121883  0.374236  0.080429  0.075765  0.363518  0.249655  0.170335  0.177750  0.221434  0.083564  0.383076  0.101903  0.154357  0.187217  0.212496  0.295580  0.301945  0.283366  0.075765  0.317956  0.310139  0.075765  0.287292  0.075765  0.447607  0.230011  0.089379  0.081043  0.075765  0.457639  0.214504  0.160436  0.242451  0.202066  0.133294  0.219607  0.320724  0.144455  0.411795  0.399752  0.130854  0.313905  0.359660  0.241963  0.075765  0.359299  0.243872  0.301681  0.090770  0.316944  0.522691  0.156614  0.131264  0.213788  0.272312  0.338990  0.297022  0.213644  0.165468  0.330994  0.108455  0.511629  0.075765  0.181171  0.377034  0.280580  0.085239  0.305132 
8  0.190320  0.134032  0.283953  0.170144  0.201403  0.255367  0.158569  0.260010 0.0  0.352925  0.137251  0.168516  0.244674  0.215742  0.119167  0.160889  0.269297  0.211703  0.260986  0.104012  0.262324  0.200439  0.334461  0.089748  0.177340  0.135634  0.262307  0.177042  0.359081  0.107980  0.242806  0.126748  0.095508  0.512662  0.248547  0.144850  0.253349  0.164227  0.179484  0.100429  0.168452  0.090589  0.218233  0.194161  0.159750  0.075765  0.209913  0.075765  0.192987  0.096058  0.151938  0.328812  0.075765  0.410522  0.146302  0.323797  0.301850  0.226735  0.201581  0.263485  0.139936  0.181530  0.189645  0.611141  0.403217  0.196852  0.145134  0.209095  0.214188  0.229660  0.083680  0.119305  0.242588  0.075765  0.641559  0.159888  0.075765  0.304918  0.075765  0.101446  0.307774  0.405289  0.293249  0.243379  0.241759  0.163100  0.101172  0.278241  0.336605  0.340969  0.363531  0.235343  0.152364  0.151702  0.152441  0.117414  0.305431  0.308041  0.227744  0.105747  0.155375  0.262822  0.651856  0.299041  0.202182  0.284652  0.174455  0.188603  0.106007  0.147215  0.264642  0.174962  0.187628  0.164536  0.075765  0.165877  0.154054  0.114455  0.079580  0.264135  0.553587  0.110473  0.310929  0.145352  0.111318  0.328366  0.098841  0.123207  0.239426  0.233590  0.231631  0.260273  0.152086  0.075765  0.225091  0.075765  0.396114  0.172133  0.369693  0.220429  0.312394  0.198098  0.175305  0.084822  0.251548  0.104780 
9  0.201097  0.472273  0.360201  0.220677  0.237794  0.289401  0.254115  0.205496  0.352925 0.0  0.193017  0.112091  0.147895  0.383215  0.355619  0.212439  0.440680  0.278554  0.228466  0.388378  0.314171  0.322823  0.075765  0.281321  0.500303  0.393733  0.158211  0.156231  0.149049  0.172513  0.146259  0.142727  0.212373  0.369932  0.337796  0.160446  0.129634  0.435947  0.182961  0.434316  0.460626  0.220417  0.232228  0.369079  0.388299  0.215312  0.075765  0.129311  0.206257  0.222345  0.183664  0.108964  0.165963  0.129151  0.247356  0.076717  0.132996  0.294541  0.457140  0.075765  0.226278  0.243123  0.075765  0.724393  0.168305  0.209886  0.174326  0.440959  0.307813  0.325640  0.343075  0.204780  0.223125  0.380287  0.427193  0.159591  0.177679  0.263722  0.201622  0.304341  0.094700  0.118672  0.366093  0.189111  0.186335  0.203778  0.416025  0.075960  0.609224  0.102625  0.229403  0.075765  0.295353  0.362115  0.133948  0.339310  0.141651  0.355658  0.283265  0.124388  0.226387  0.106538  0.512581  0.268383  0.291738  0.075765  0.118368  0.566978  0.120368  0.271941  0.194535  0.218570  0.284128  0.269973  0.387228  0.095296  0.445674  0.290137  0.224390  0.323420  0.254158  0.147787  0.222573  0.273120  0.307326  0.085817  0.253921  0.379583  0.444507  0.222347  0.075765  0.216934  0.287984  0.295718  0.414006  0.223820  0.257658  0.219536  0.094581  0.443469  0.075765  0.224425  0.338936  0.306632  0.205914  0.318993 
10  0.075765  0.274949  0.097009  0.132680  0.075765  0.166279  0.075765  0.151867  0.137251  0.193017 0.0  0.126429  0.146631  0.326582  0.151444  0.171409  0.300517  0.163160  0.256152  0.089451  0.083923  0.213666  0.222172  0.182275  0.260815  0.263180  0.260061  0.212695  0.209921  0.271672  0.075765  0.179220  0.184105  0.439923  0.321881  0.207574  0.198168  0.154951  0.075765  0.294622  0.286869  0.075765  0.075765  0.111743  0.277702  0.145130  0.145209  0.075765  0.187692  0.167080  0.124022  0.184124  0.075765  0.137319  0.253675  0.201301  0.096853  0.244106  0.213211  0.165367  0.168623  0.096092  0.249895  0.695497  0.409331  0.105433  0.159404  0.235829  0.240777  0.156085  0.130035  0.233987  0.195252  0.075765  0.469957  0.098444  0.090649  0.141596  0.164249  0.242024  0.167374  0.327516  0.230305  0.206956  0.244873  0.075765  0.274665  0.167280  0.380539  0.411709  0.293068  0.312988  0.145554  0.193228  0.148567  0.216330  0.206636  0.374043  0.321985  0.188259  0.125244  0.219885  0.726641  0.239629  0.113825  0.225119  0.219747  0.346622  0.075765  0.090916  0.243258  0.129267  0.075765  0.159279  0.221036  0.075765  0.241121  0.200812  0.102596  0.219539  0.478116  0.102005  0.075765  0.273624  0.190082  0.116973  0.075765  0.141435  0.190107  0.075765  0.095820  0.140113  0.135114  0.163801  0.316197  0.075765  0.178450  0.200366  0.346980  0.382212  0.150306  0.110369  0.116346  0.093913  0.262838  0.227240 
11  0.149044  0.368560  0.397125  0.149405  0.140817  0.235871  0.169287  0.177989  0.168516  0.112091  0.126429 0.0  0.115515  0.275709  0.226102  0.111441  0.457943  0.414125  0.178743  0.152398  0.100305  0.299462  0.215339  0.205093  0.440985  0.290615  0.172913  0.075765  0.194217  0.223768  0.113414  0.097961  0.141224  0.340930  0.244232  0.091863  0.102954  0.332240  0.204867  0.374452  0.297712  0.279414  0.075765  0.226571  0.333975  0.137358  0.150050  0.101259  0.190232  0.284944  0.115669  0.075765  0.075765  0.075765  0.225261  0.241860  0.075765  0.233816  0.415402  0.316850  0.256937  0.138670  0.075765  0.763267  0.231040  0.196376  0.236685  0.223848  0.262267  0.321274  0.141346  0.106635  0.208871  0.260834  0.467667  0.198637  0.100273  0.261237  0.197429  0.351668  0.106400  0.123822  0.302602  0.145522  0.260370  0.075765  0.313490  0.115920  0.379422  0.259054  0.209444  0.135432  0.297012  0.236689  0.181402  0.246675  0.075765  0.310103  0.182944  0.154146  0.115824  0.128129  0.641333  0.075765  0.119589  0.162740  0.151145  0.300882  0.220841  0.092251  0.096586  0.106049  0.139868  0.174291  0.287762  0.210791  0.464315  0.256892  0.159594  0.310959  0.383733  0.104326  0.127102  0.359582  0.294014  0.086886  0.075765  0.275723  0.327455  0.176415  0.075765  0.116622  0.251913  0.380924  0.339860  0.179558  0.216950  0.207375  0.119108  0.443670  0.093438  0.081210  0.421733  0.130333  0.082297  0.170137 
12  0.270457  0.402093  0.329049  0.177521  0.289137  0.136622  0.229678  0.110751  0.244674  0.147895  0.146631  0.115515 0.0  0.425330  0.194259  0.256187  0.441231  0.370967  0.075765  0.264992  0.179284  0.244260  0.169125  0.242583  0.483986  0.458470  0.101799  0.141555  0.084237  0.128372  0.075765  0.128554  0.182563  0.422451  0.301088  0.148443  0.229311  0.475694  0.203760  0.343799  0.406610  0.246627  0.262826  0.166071  0.392844  0.217733  0.187643  0.142881  0.243096  0.107985  0.222521  0.075765  0.247257  0.075765  0.289241  0.121831  0.075765  0.279076  0.309211  0.109937  0.192472  0.201748  0.075765  0.876785  0.230738  0.234447  0.192151  0.398632  0.342945  0.245050  0.351983  0.182607  0.140875  0.303937  0.361418  0.192134  0.181207  0.127940  0.075765  0.316167  0.117170  0.075765  0.255802  0.146381  0.112127  0.242678  0.402406  0.109932  0.445763  0.080033  0.186462  0.166815  0.252224  0.247420  0.085509  0.277433  0.076169  0.424223  0.227292  0.075765  0.193494  0.075765  0.546411  0.164855  0.081800  0.083575  0.075765  0.471834  0.187835  0.119673  0.205730  0.255372  0.196215  0.277024  0.297773  0.083806  0.397616  0.312971  0.147091  0.351682  0.297965  0.118646  0.075765  0.333371  0.314810  0.150685  0.103732  0.303512  0.427918  0.278756  0.075765  0.305057  0.308732  0.331370  0.446350  0.154257  0.151766  0.300119  0.142283  0.517016  0.187383  0.115283  0.287608  0.196932  0.310509  0.284022 
13  0.340609  0.248126  0.179013  0.250888  0.189585  0.172417  0.254126  0.367086  0.215742  0.383215  0.326582  0.275709  0.425330 0.0  0.126269  0.199340  0.204038  0.154819  0.417216  0.091274  0.297305  0.093280  0.331348  0.237147  0.096937  0.229506  0.365016  0.295736  0.514146  0.439097  0.309403  0.216603  0.356432  0.518192  0.193607  0.304863  0.288733  0.254695  0.363918  0.075765  0.169728  0.171874  0.271255  0.275698  0.098049  0.240153  0.368499  0.194379  0.350791  0.462056  0.259292  0.449806  0.225997  0.417207  0.293488  0.350831  0.351304  0.240148  0.096624  0.503969  0.250867  0.262190  0.336345  0.529201  0.434636  0.252099  0.220440  0.075765  0.184829  0.209301  0.231921  0.373827  0.293241  0.170098  0.666445  0.295790  0.263395  0.273436  0.293115  0.075765  0.323338  0.364449  0.108465  0.316426  0.393957  0.246391  0.252750  0.424212  0.252859  0.467914  0.497751  0.421166  0.153931  0.117983  0.266929  0.191128  0.364029  0.170575  0.328219  0.382637  0.303711  0.453465  0.891925  0.374431  0.297098  0.380907  0.267871  0.151367  0.156497  0.223304  0.388635  0.319476  0.197351  0.231488  0.075765  0.293827  0.124667  0.220371  0.272760  0.169887  0.666462  0.297078  0.356215  0.075765  0.075765  0.265601  0.282899  0.187796  0.075765  0.318092  0.423630  0.272684  0.158648  0.075765  0.075765  0.183736  0.359431  0.136711  0.373710  0.119218  0.292771  0.195488  0.184107  0.233132  0.429569  0.116793 
14  0.179633  0.176502  0.210427  0.247611  0.140471  0.188697  0.238544  0.220101  0.119167  0.355619  0.151444  0.226102  0.194259  0.126269 0.0  0.216372  0.327111  0.148047  0.270354  0.090432  0.164895  0.135821  0.308656  0.149829  0.165824  0.324338  0.385432  0.316402  0.167859  0.173617  0.198944  0.251541  0.187379  0.428166  0.158759  0.186944  0.357399  0.234279  0.241123  0.235802  0.344859  0.075765  0.088230  0.252310  0.144283  0.142135  0.136544  0.143279  0.218431  0.299057  0.159090  0.192705  0.190836  0.335216  0.216193  0.340777  0.114867  0.193374  0.219472  0.171079  0.205632  0.075765  0.310984  0.602898  0.367056  0.147454  0.139547  0.247835  0.134424  0.148779  0.167844  0.127730  0.183828  0.075765  0.578225  0.182845  0.230909  0.156269  0.116353  0.116044  0.270946  0.190598  0.186951  0.210595  0.167454  0.255559  0.089344  0.209739  0.337876  0.236397  0.379293  0.307898  0.129047  0.151918  0.172090  0.104551  0.294418  0.314819  0.207815  0.216611  0.084704  0.322057  0.797247  0.277779  0.118871  0.296590  0.209862  0.355269  0.133823  0.247932  0.215365  0.212152  0.257271  0.075765  0.155956  0.152805  0.219185  0.075765  0.306382  0.276975  0.389760  0.101060  0.097540  0.152898  0.075765  0.276580  0.124864  0.175868  0.201731  0.076487  0.340941  0.128402  0.075765  0.160387  0.075765  0.101645  0.310317  0.221523  0.315470  0.389547  0.195963  0.092519  0.218092  0.191804  0.379768  0.151492 
15  0.166700  0.285655  0.235624  0.075765  0.204818  0.220935  0.087930  0.172309  0.160889  0.212439  0.171409  0.111441  0.256187  0.199340  0.216372 0.0  0.375337  0.322398  0.196114  0.340178  0.088107  0.187562  0.095996  0.125813  0.399224  0.385154  0.244889  0.265254  0.088879  0.088505  0.109449  0.147830  0.075765  0.475651  0.319364  0.075765  0.185732  0.329914  0.075765  0.232808  0.416945  0.210253  0.075765  0.203381  0.255716  0.119141  0.172649  0.075765  0.186288  0.075765  0.180139  0.075765  0.181533  0.176354  0.233680  0.083629  0.153056  0.280468  0.384209  0.177153  0.236910  0.143611  0.134945  0.692058  0.248639  0.140877  0.151831  0.148865  0.302404  0.271227  0.224608  0.172417  0.253503  0.164648  0.427081  0.212797  0.092672  0.133012  0.144473  0.294081  0.204656  0.206127  0.300880  0.125977  0.132078  0.075765  0.363380  0.181028  0.465575  0.285638  0.378156  0.267581  0.251871  0.291395  0.114760  0.176712  0.124734  0.324005  0.113246  0.093703  0.189171  0.127296  0.619950  0.123535  0.075765  0.227360  0.144377  0.335182  0.093414  0.075765  0.145270  0.201273  0.208621  0.199007  0.320409  0.106651  0.384567  0.283296  0.075765  0.228180  0.241531  0.152058  0.183694  0.340028  0.262647  0.155455  0.075765  0.225176  0.373924  0.075765  0.223008  0.096442  0.239517  0.133211  0.266324  0.174431  0.201400  0.201866  0.174800  0.520893  0.170406  0.084198  0.310613  0.302836  0.209609  0.153015 
16  0.319956  0.279031  0.261346  0.327909  0.319497  0.266586  0.389754  0.403566  0.269297  0.440680  0.300517  0.457943  0.441231  0.204038  0.327111  0.375337 0.0  0.289777  0.442859  0.308339  0.364859  0.260241  0.450529  0.429245  0.188023  0.170861  0.466093  0.476300  0.467415  0.419522  0.514167  0.404122  0.353273  0.762381  0.183305  0.441814  0.490628  0.239210  0.416798  0.293634  0.125101  0.341300  0.330666  0.349332  0.218646  0.308961  0.506686  0.412603  0.398951  0.434579  0.307868  0.457750  0.256798  0.421810  0.239804  0.537092  0.394776  0.124335  0.119799  0.408960  0.263520  0.281206  0.488693  0.407099  0.490061  0.338752  0.483816  0.148148  0.149251  0.154612  0.337760  0.415687  0.451276  0.256357  0.816523  0.358447  0.425214  0.376467  0.421951  0.179317  0.446086  0.590390  0.086138  0.392202  0.454126  0.456604  0.222930  0.481357  0.114598  0.623243  0.572356  0.399966  0.211259  0.436991  0.460016  0.247786  0.542973  0.262774  0.416945  0.526296  0.422333  0.480605  0.935940  0.623014  0.348049  0.490877  0.484249  0.178963  0.347624  0.351438  0.457376  0.386644  0.405053  0.361907  0.280536  0.371578  0.207605  0.156903  0.351466  0.221656  0.726042  0.368240  0.497506  0.289698  0.352627  0.368796  0.329873  0.247294  0.189163  0.424881  0.589484  0.238346  0.295221  0.329971  0.129883  0.399387  0.492457  0.361176  0.424942  0.099672  0.426338  0.374676  0.157518  0.381990  0.505082  0.251315 
17  0.242786  0.138023  0.163799  0.297175  0.325107  0.123333  0.223362  0.268123  0.211703  0.278554  0.163160  0.414125  0.370967  0.154819  0.148047  0.322398  0.289777 0.0  0.333853  0.199037  0.247543  0.181699  0.293430  0.230245  0.169593  0.198352  0.418618  0.332032  0.381955  0.133230  0.326746  0.253742  0.242134  0.581889  0.133074  0.420573  0.419178  0.164063  0.312833  0.243200  0.214192  0.241037  0.296116  0.145781  0.104744  0.323658  0.365922  0.177286  0.295094  0.344554  0.147446  0.323763  0.206568  0.370438  0.157044  0.288179  0.266562  0.113525  0.096764  0.345280  0.261466  0.202690  0.312094  0.385648  0.431384  0.205793  0.290714  0.233392  0.075765  0.098518  0.161796  0.292921  0.321263  0.180853  0.724447  0.212508  0.218432  0.349515  0.208198  0.075765  0.323619  0.393314  0.116471  0.209735  0.243084  0.286087  0.075765  0.304350  0.316666  0.395148  0.424900  0.451140  0.075765  0.122591  0.212877  0.075765  0.326749  0.208668  0.259977  0.319396  0.226579  0.279146  0.794365  0.364586  0.358078  0.391691  0.442081  0.237078  0.256306  0.285790  0.268085  0.270344  0.390830  0.140831  0.139243  0.234295  0.203721  0.075765  0.274507  0.132803  0.579748  0.276623  0.283692  0.123978  0.160993  0.254101  0.160566  0.181019  0.111351  0.306123  0.331845  0.120699  0.075765  0.177264  0.144170  0.163413  0.379241  0.191608  0.377837  0.188564  0.348445  0.246155  0.075765  0.226177  0.316644  0.264728 
18  0.266787  0.347305  0.284907  0.181250  0.075765  0.291242  0.345529  0.075765  0.260986  0.228466  0.256152  0.178743  0.075765  0.417216  0.270354  0.196114  0.442859  0.333853 0.0  0.245164  0.187094  0.384645  0.121009  0.248045  0.429425  0.416768  0.188355  0.106452  0.216116  0.153232  0.075765  0.192841  0.187577  0.316991  0.374224  0.078686  0.079253  0.440165  0.202607  0.439393  0.435399  0.308866  0.108828  0.167476  0.357919  0.341316  0.075765  0.195604  0.079708  0.195699  0.157999  0.197403  0.222981  0.174487  0.331042  0.075765  0.114626  0.197415  0.505002  0.075765  0.196695  0.336340  0.095735  0.722189  0.190709  0.233145  0.192466  0.278483  0.325837  0.259829  0.238972  0.111738  0.109635  0.367509  0.394153  0.265779  0.108112  0.147843  0.236967  0.312235  0.170027  0.077669  0.362139  0.075765  0.197522  0.290124  0.204329  0.226451  0.438074  0.239166  0.227101  0.109276  0.346925  0.312309  0.206903  0.357659  0.209503  0.236070  0.270263  0.114819  0.190832  0.075765  0.559641  0.084186  0.206985  0.086990  0.118553  0.380024  0.158233  0.098243  0.157643  0.101753  0.225897  0.267071  0.397137  0.146350  0.361692  0.269630  0.214729  0.284113  0.345764  0.219868  0.214866  0.379711  0.313856  0.075765  0.219398  0.258116  0.302897  0.075765  0.160226  0.233353  0.259835  0.359464  0.317077  0.235003  0.134680  0.287746  0.090104  0.441921  0.075765  0.166237  0.403271  0.232719  0.075765  0.306486 
19  0.160912  0.139275  0.166821  0.203269  0.147547  0.092143  0.222119  0.251468  0.104012  0.388378  0.089451  0.152398  0.264992  0.091274  0.090432  0.340178  0.308339  0.199037  0.245164 0.0  0.221188  0.121014  0.416595  0.154408  0.302640  0.249137  0.372444  0.310357  0.332429  0.211555  0.336108  0.240865  0.254423  0.587907  0.235814  0.232616  0.277630  0.161993  0.209316  0.189101  0.258366  0.075765  0.272759  0.191412  0.226175  0.121826  0.258144  0.168718  0.268616  0.293485  0.075765  0.240926  0.237522  0.444248  0.075765  0.300964  0.231001  0.231395  0.169001  0.243437  0.113414  0.075765  0.265037  0.621008  0.474420  0.215214  0.240058  0.115304  0.084153  0.208139  0.075765  0.241673  0.253500  0.144578  0.707167  0.105118  0.228119  0.185964  0.150027  0.075765  0.356903  0.342677  0.187107  0.158908  0.219152  0.174888  0.211762  0.284881  0.290993  0.262436  0.322043  0.395637  0.202892  0.251862  0.229609  0.075765  0.370849  0.160581  0.196646  0.188069  0.183729  0.285211  0.677818  0.352245  0.276788  0.338237  0.248754  0.221176  0.119820  0.248991  0.185985  0.153424  0.201858  0.092910  0.094454  0.253703  0.075765  0.083019  0.320442  0.314734  0.462550  0.280811  0.237315  0.081407  0.109301  0.269748  0.191251  0.124522  0.222780  0.203596  0.322587  0.222686  0.111452  0.075765  0.075765  0.293682  0.401338  0.256047  0.362251  0.315546  0.287686  0.274398  0.075765  0.195329  0.347997  0.132108 
20  0.075765  0.323942  0.211029  0.075765  0.110914  0.210730  0.075765  0.173651  0.262324  0.314171  0.083923  0.100305  0.179284  0.297305  0.164895  0.088107  0.364859  0.247543  0.187094  0.221188 0.0  0.220635  0.214980  0.229337  0.359448  0.371562  0.205382  0.290324  0.116212  0.159627  0.240135  0.127718  0.075765  0.386320  0.215580  0.150792  0.172495  0.347860  0.075765  0.356950  0.315546  0.148047  0.109419  0.075765  0.311076  0.075765  0.190294  0.258971  0.185508  0.281178  0.075765  0.188474  0.075765  0.208928  0.210669  0.104386  0.112266  0.099767  0.313065  0.086758  0.075765  0.130955  0.227024  0.725802  0.242630  0.075765  0.106965  0.258067  0.112809  0.285460  0.087478  0.160982  0.286974  0.186242  0.446454  0.075765  0.075765  0.127594  0.178434  0.259210  0.085901  0.167518  0.219239  0.075765  0.154390  0.116382  0.276024  0.248160  0.436162  0.292850  0.420854  0.288392  0.192775  0.182085  0.161080  0.205447  0.211919  0.366002  0.154117  0.299515  0.123936  0.238693  0.721679  0.183755  0.114766  0.212766  0.152337  0.255801  0.119814  0.108572  0.262887  0.190119  0.075765  0.075765  0.231732  0.075765  0.312568  0.202287  0.194491  0.210006  0.463604  0.075765  0.075765  0.201451  0.179823  0.106139  0.075765  0.213522  0.265247  0.093721  0.203199  0.262095  0.269005  0.244496  0.193379  0.276862  0.230861  0.106133  0.277540  0.472566  0.262340  0.075765  0.123099  0.199840  0.075765  0.084773 
21  0.207783  0.093684  0.156559  0.104900  0.203824  0.121203  0.180035  0.327797  0.200439  0.322823  0.213666  0.299462  0.244260  0.093280  0.135821  0.187562  0.260241  0.181699  0.384645  0.121014  0.220635 0.0  0.338146  0.162051  0.227711  0.203401  0.354527  0.422308  0.357129  0.396996  0.266098  0.296779  0.201388  0.457341  0.144251  0.190187  0.322151  0.213083  0.156680  0.104477  0.140740  0.216955  0.148044  0.361889  0.124955  0.131516  0.301683  0.171332  0.342553  0.422133  0.206030  0.316318  0.301094  0.375420  0.223757  0.379530  0.475117  0.365316  0.286168  0.397072  0.324977  0.320432  0.270469  0.536449  0.466927  0.239210  0.225483  0.093309  0.174384  0.228193  0.198941  0.228519  0.247805  0.180434  0.631714  0.309249  0.248629  0.259229  0.246753  0.081362  0.389149  0.371004  0.181006  0.273640  0.293706  0.270235  0.177742  0.336955  0.229592  0.410466  0.445679  0.410394  0.145980  0.080952  0.281410  0.195284  0.264013  0.139647  0.351949  0.378771  0.247591  0.427124  0.730061  0.458724  0.177709  0.330323  0.402150  0.219833  0.235267  0.191667  0.269877  0.312754  0.216957  0.221240  0.112973  0.194484  0.181405  0.178374  0.166808  0.112120  0.609133  0.259815  0.310829  0.145087  0.274334  0.274061  0.245977  0.217797  0.202615  0.339059  0.318709  0.321234  0.304280  0.235842  0.175239  0.228502  0.337089  0.206704  0.484688  0.303831  0.562417  0.335098  0.202615  0.210855  0.299529  0.186799 
22  0.150478  0.331570  0.353232  0.206561  0.154726  0.283259  0.125465  0.154578  0.334461  0.075765  0.222172  0.215339  0.169125  0.331348  0.308656  0.095996  0.450529  0.293430  0.121009  0.416595  0.214980  0.338146 0.0  0.225435  0.430514  0.409479  0.075765  0.114790  0.223101  0.136807  0.137439  0.231955  0.287144  0.308138  0.353645  0.220562  0.138472  0.367780  0.196472  0.422896  0.528073  0.390761  0.140200  0.170236  0.294713  0.308949  0.192449  0.325666  0.213830  0.318574  0.185717  0.126082  0.204079  0.128271  0.392995  0.123035  0.327051  0.382882  0.432988  0.095164  0.282459  0.210295  0.167736  0.699780  0.203270  0.123636  0.075765  0.311377  0.306581  0.343189  0.133593  0.164228  0.232143  0.429394  0.332578  0.166813  0.198893  0.237592  0.250809  0.273877  0.212769  0.095036  0.330214  0.188221  0.120406  0.159577  0.506354  0.132195  0.467638  0.238325  0.303876  0.154037  0.385212  0.308119  0.243164  0.334303  0.075765  0.371151  0.276328  0.079411  0.196782  0.078467  0.450365  0.136637  0.177870  0.143785  0.139625  0.341912  0.089742  0.207186  0.153313  0.124080  0.078968  0.321978  0.283895  0.093282  0.400890  0.364279  0.190352  0.370211  0.356282  0.267637  0.136340  0.351496  0.215810  0.177701  0.285141  0.237918  0.421886  0.316066  0.088944  0.184901  0.243499  0.373577  0.296788  0.186871  0.215423  0.268106  0.075765  0.498966  0.147224  0.205217  0.357017  0.248165  0.075765  0.298892 
23  0.237731  0.204329  0.110645  0.119032  0.216325  0.179541  0.197352  0.274942  0.089748  0.281321  0.182275  0.205093  0.242583  0.237147  0.149829  0.125813  0.429245  0.230245  0.248045  0.154408  0.229337  0.162051  0.225435 0.0  0.342470  0.323973  0.276360  0.192275  0.315861  0.291511  0.269450  0.187058  0.194248  0.544210  0.239812  0.283917  0.397704  0.255219  0.228959  0.274314  0.355999  0.239528  0.199751  0.173255  0.208551  0.172179  0.291608  0.142601  0.194482  0.289398  0.108792  0.215734  0.171244  0.308194  0.281432  0.388872  0.201392  0.258393  0.284716  0.267618  0.360602  0.185992  0.218908  0.650077  0.520548  0.227485  0.132641  0.163513  0.181859  0.170591  0.180962  0.166792  0.201280  0.199149  0.552884  0.151485  0.271047  0.209464  0.075765  0.147531  0.323093  0.273863  0.265142  0.104394  0.237980  0.143597  0.193160  0.211648  0.447367  0.394493  0.414842  0.273297  0.151669  0.116676  0.196283  0.170658  0.276138  0.159837  0.164884  0.253043  0.133145  0.218508  0.669384  0.337350  0.266235  0.231967  0.328440  0.238717  0.152342  0.193065  0.417583  0.287397  0.189578  0.082108  0.094144  0.226753  0.287654  0.260663  0.172193  0.150297  0.436140  0.193683  0.183452  0.175927  0.144074  0.201841  0.075765  0.086633  0.230247  0.175059  0.290234  0.203939  0.285314  0.199821  0.207931  0.136080  0.308551  0.075765  0.270678  0.374844  0.353372  0.228049  0.233811  0.168210  0.415688  0.196308 
24  0.303498  0.111820  0.096290  0.284550  0.309217  0.179486  0.234881  0.404471  0.177340  0.500303  0.260815  0.440985  0.483986  0.096937  0.165824  0.399224  0.188023  0.169593  0.429425  0.302640  0.359448  0.227711  0.430514  0.342470 0.0  0.132294  0.520466  0.545222  0.477515  0.301874  0.489066  0.291672  0.328854  0.662695  0.099981  0.388885  0.479462  0.083432  0.296721  0.086306  0.204814  0.233300  0.292069  0.399358  0.205632  0.336821  0.408336  0.210068  0.414722  0.473688  0.285811  0.375647  0.331582  0.489317  0.173225  0.335948  0.522390  0.218725  0.140540  0.323777  0.225080  0.392264  0.463211  0.400711  0.539971  0.312000  0.331414  0.189336  0.249826  0.126894  0.219789  0.477416  0.478162  0.278840  0.703347  0.263139  0.422145  0.453856  0.392439  0.197909  0.417259  0.451398  0.198443  0.313067  0.233763  0.362534  0.151257  0.397581  0.163281  0.648892  0.650887  0.421646  0.288175  0.189933  0.315688  0.336083  0.477207  0.135803  0.365776  0.380591  0.360449  0.545474  0.855088  0.635968  0.419807  0.444186  0.383947  0.297147  0.364106  0.446395  0.409822  0.415695  0.322427  0.268413  0.271006  0.386294  0.249132  0.255168  0.496186  0.205200  0.620986  0.295278  0.320953  0.143608  0.236247  0.498780  0.256691  0.202179  0.075765  0.333263  0.428827  0.293097  0.275329  0.290507  0.304733  0.303420  0.526747  0.188606  0.478285  0.075765  0.414438  0.324713  0.254232  0.233031  0.463151  0.251126 
25  0.250384  0.113788  0.156270  0.200669  0.168607  0.245094  0.333703  0.479714  0.135634  0.393733  0.263180  0.290615  0.458470  0.229506  0.324338  0.385154  0.170861  0.198352  0.416768  0.249137  0.371562  0.203401  0.409479  0.323973  0.132294 0.0  0.412816  0.475475  0.442146  0.296535  0.409596  0.331030  0.386836  0.644781  0.150755  0.433137  0.380425  0.075765  0.328887  0.147317  0.105427  0.152601  0.311541  0.237734  0.075765  0.385373  0.449722  0.314484  0.571776  0.461387  0.364187  0.282675  0.352346  0.418945  0.184369  0.466599  0.312312  0.320816  0.090152  0.342125  0.273613  0.440015  0.493607  0.365633  0.568171  0.359731  0.272633  0.211492  0.211411  0.264384  0.329187  0.281092  0.402798  0.199041  0.620494  0.240557  0.274513  0.281654  0.378834  0.128193  0.503713  0.341888  0.222913  0.309552  0.411718  0.337722  0.191264  0.505474  0.192130  0.496220  0.576917  0.417619  0.254587  0.346943  0.281002  0.258516  0.466943  0.075765  0.306605  0.392811  0.320063  0.459696  0.907747  0.515127  0.332611  0.458350  0.438366  0.170559  0.296969  0.381371  0.352490  0.246496  0.313357  0.201455  0.214562  0.374385  0.196519  0.221668  0.515531  0.176622  0.670944  0.307973  0.398571  0.144430  0.240374  0.286330  0.242920  0.086660  0.075765  0.342125  0.484487  0.355611  0.151030  0.253655  0.227997  0.186120  0.489754  0.344564  0.381391  0.165488  0.356269  0.286765  0.217691  0.297840  0.483757  0.134278 
26  0.215748  0.399399  0.437273  0.239398  0.258815  0.346568  0.193519  0.173907  0.262307  0.158211  0.260061  0.172913  0.101799  0.365016  0.385432  0.244889  0.466093  0.418618  0.188355  0.372444  0.205382  0.354527  0.075765  0.276360  0.520466  0.412816 0.0  0.156254  0.092340  0.178876  0.202408  0.158713  0.144636  0.437975  0.394008  0.075765  0.075765  0.376936  0.173592  0.462324  0.519310  0.196866  0.238420  0.169544  0.308107  0.267509  0.183259  0.225700  0.267533  0.075765  0.278763  0.140223  0.277173  0.129582  0.329120  0.119391  0.188165  0.452153  0.547521  0.075765  0.141606  0.141796  0.075765  0.724624  0.183765  0.260040  0.149034  0.513625  0.286548  0.353615  0.167809  0.269125  0.328702  0.439249  0.429879  0.228562  0.075765  0.235252  0.169013  0.429542  0.199036  0.080570  0.419500  0.340781  0.309617  0.219906  0.292129  0.147824  0.435051  0.183526  0.151966  0.123913  0.352693  0.303852  0.119671  0.269091  0.090185  0.415407  0.246668  0.075765  0.276504  0.075765  0.533743  0.102173  0.256677  0.202285  0.108715  0.462839  0.235882  0.109380  0.185062  0.168099  0.141400  0.267215  0.263079  0.121059  0.450314  0.220424  0.087219  0.446513  0.172251  0.241808  0.172958  0.422273  0.205136  0.210646  0.121529  0.264782  0.449966  0.196577  0.212646  0.216351  0.302376  0.250616  0.348820  0.170351  0.187700  0.258717  0.093804  0.431248  0.133193  0.228409  0.358232  0.269192  0.144850  0.304294 
