146
0 0.0  0.297423  0.260369  0.091383  0.097095  0.186922  0.094808  0.196679  0.138713  0.216228  0.089042  0.151492  0.190291  0.250695  0.146528  0.130723  0.334504  0.239359  0.205691  0.177951  0.099811  0.234607  0.202155  0.184354  0.302121  0.316243  0.221916  0.235119  0.222733  0.112193  0.155123  0.109480  0.123103  0.389310  0.226151  0.141072  0.198037  0.248602  0.109809  0.274081  0.321530  0.162775  0.092331  0.097727  0.201664  0.106703  0.142206  0.101288  0.197155  0.224448  0.104657  0.155636  0.088668  0.214892  0.194893  0.215922  0.160913  0.186094  0.288833  0.193726  0.108260  0.106047  0.195632  0.511269  0.334732  0.095108  0.093611  0.194692  0.175804  0.209285  0.096352  0.115937  0.182241  0.135271  0.492077  0.088623  0.104105  0.099898  0.112271  0.189542  0.201391  0.213028  0.213329  0.110236  0.113137  0.114296  0.230327  0.217756  0.410352  0.311690  0.322854  0.232205  0.177890  0.177543  0.088096  0.161496  0.214746  0.286020  0.187767  0.194536  0.167635  0.195982  0.613668  0.229026  0.140614  0.204737  0.209850  0.301410  0.090624  0.116346  0.132130  0.115190  0.102367  0.127347  0.169127  0.119618  0.299033  0.206383  0.135805  0.244485  0.438549  0.092226  0.111180  0.187278  0.119021  0.126806  0.118662  0.177107  0.243971  0.113915  0.185050  0.115756  0.185350  0.181505  0.197962  0.111386  0.247572  0.166200  0.205664  0.330026  0.197449  0.114322  0.200794  0.138259  0.207400  0.179925 
1  0.297423 0.0  0.085916  0.252030  0.288546  0.186394  0.217796  0.393865  0.216856  0.410468  0.276958  0.315320  0.320982  0.136535  0.191309  0.280610  0.221950  0.198257  0.393329  0.174222  0.268479  0.125492  0.354909  0.195074  0.180925  0.150283  0.407703  0.415662  0.403815  0.259037  0.315657  0.298497  0.322032  0.506113  0.126412  0.316601  0.400628  0.181712  0.277708  0.096862  0.215360  0.206122  0.277538  0.276661  0.140302  0.272880  0.276235  0.252421  0.346549  0.371051  0.225783  0.330925  0.263827  0.373305  0.221705  0.404275  0.316874  0.232093  0.227748  0.358421  0.255812  0.247683  0.411906  0.529862  0.453184  0.245415  0.238493  0.137097  0.221273  0.243122  0.242564  0.305961  0.299324  0.223283  0.583209  0.257486  0.236342  0.234799  0.247704  0.135812  0.356156  0.371871  0.195447  0.260720  0.287769  0.280568  0.227557  0.374595  0.240282  0.437565  0.491769  0.406606  0.208230  0.161884  0.279036  0.202437  0.342703  0.098570  0.280268  0.414196  0.234444  0.359867  0.736268  0.341157  0.266288  0.327118  0.388462  0.118091  0.204247  0.270828  0.293785  0.275143  0.276766  0.224070  0.150245  0.311700  0.207936  0.186701  0.296389  0.099802  0.575565  0.262887  0.271470  0.137820  0.250947  0.285330  0.258566  0.211338  0.167169  0.278423  0.362743  0.247226  0.230744  0.220452  0.186068  0.246905  0.415292  0.181424  0.437128  0.202410  0.359606  0.275675  0.203178  0.215361  0.356541  0.187409 
2  0.260369  0.085916 0.0  0.264756  0.254893  0.194714  0.282592  0.321410  0.201456  0.379848  0.223220  0.327785  0.344278  0.146744  0.205710  0.323735  0.211849  0.189221  0.320976  0.196184  0.303832  0.124117  0.378515  0.228169  0.170741  0.168504  0.377382  0.366956  0.407730  0.265994  0.311200  0.258568  0.288999  0.468610  0.123568  0.284946  0.393771  0.188443  0.270241  0.094418  0.190226  0.213253  0.254112  0.277768  0.147999  0.249037  0.310420  0.296586  0.269478  0.338670  0.240112  0.334757  0.231020  0.424817  0.214008  0.390737  0.282646  0.222224  0.196713  0.363559  0.256816  0.245329  0.350382  0.533157  0.532623  0.281648  0.277709  0.134746  0.206026  0.208713  0.272082  0.299950  0.304677  0.230388  0.630880  0.249098  0.279544  0.307984  0.245642  0.131296  0.390271  0.393137  0.178907  0.277479  0.238077  0.262241  0.240266  0.352401  0.259839  0.463117  0.465995  0.380297  0.180074  0.151183  0.253982  0.192091  0.410739  0.094790  0.250297  0.424133  0.220563  0.365234  0.730876  0.396980  0.273648  0.356065  0.365797  0.117515  0.269991  0.271910  0.285355  0.292613  0.312099  0.195835  0.160882  0.356884  0.228002  0.177860  0.264840  0.098328  0.495543  0.262173  0.287934  0.144901  0.233671  0.302123  0.246784  0.211400  0.153933  0.250208  0.342719  0.284032  0.230082  0.226783  0.193143  0.221259  0.406171  0.167061  0.409270  0.215101  0.392206  0.301291  0.182290  0.215444  0.383905  0.174540 
3  0.091383  0.252030  0.264756 0.0  0.099818  0.170524  0.091996  0.215747  0.150450  0.225083  0.090193  0.151491  0.186865  0.243552  0.141849  0.119259  0.359494  0.204619  0.175783  0.199744  0.095081  0.220755  0.198458  0.184341  0.290661  0.310569  0.225103  0.212781  0.198158  0.111743  0.152043  0.112828  0.126209  0.440189  0.218405  0.127105  0.197847  0.261672  0.111678  0.281118  0.285077  0.157812  0.092575  0.099978  0.255027  0.099034  0.157520  0.096508  0.180208  0.233841  0.101646  0.149102  0.093321  0.198843  0.174442  0.206595  0.165469  0.206164  0.338646  0.192663  0.102463  0.099091  0.194380  0.632026  0.284749  0.091875  0.091120  0.239373  0.210255  0.212457  0.098061  0.111595  0.173942  0.137059  0.384564  0.090637  0.107181  0.107593  0.111694  0.206313  0.197741  0.205719  0.236140  0.101135  0.103943  0.122533  0.230027  0.219626  0.349302  0.273892  0.291741  0.241828  0.178007  0.180027  0.093995  0.188192  0.214762  0.262246  0.171618  0.207172  0.137618  0.200975  0.519890  0.241854  0.138757  0.191105  0.203484  0.280194  0.087808  0.112498  0.138342  0.119427  0.105295  0.135657  0.173458  0.126503  0.245061  0.202560  0.130703  0.249989  0.369900  0.091597  0.115956  0.213516  0.124167  0.125416  0.108791  0.184489  0.258238  0.108957  0.190054  0.105609  0.184355  0.192472  0.205200  0.106735  0.249303  0.166022  0.201476  0.320199  0.191093  0.110743  0.191511  0.137161  0.204591  0.177586 
4  0.097095  0.288546  0.254893  0.099818 0.0  0.172064  0.101851  0.209682  0.143639  0.212781  0.095983  0.165908  0.174089  0.258459  0.151459  0.134385  0.341875  0.205212  0.183314  0.180578  0.111314  0.231376  0.191335  0.205077  0.279373  0.295871  0.193063  0.220718  0.213367  0.098228  0.151772  0.106643  0.126292  0.422889  0.249031  0.135973  0.184693  0.233571  0.102835  0.272929  0.342734  0.153616  0.097828  0.103265  0.237623  0.115610  0.134175  0.107131  0.166247  0.224402  0.116492  0.157010  0.096024  0.228755  0.182816  0.213723  0.146651  0.208820  0.298468  0.207333  0.119430  0.118606  0.203963  0.568962  0.248239  0.103444  0.101163  0.217830  0.201956  0.235109  0.114421  0.101682  0.186268  0.146226  0.430652  0.095075  0.099171  0.086951  0.123954  0.217185  0.192154  0.195528  0.276270  0.110066  0.124512  0.137464  0.205067  0.190475  0.336633  0.258062  0.300554  0.203115  0.178968  0.188744  0.095867  0.181476  0.184188  0.226471  0.180083  0.199946  0.170121  0.196423  0.591786  0.230648  0.136515  0.171484  0.200332  0.293110  0.099611  0.118238  0.133880  0.108294  0.092660  0.135330  0.185586  0.116035  0.272676  0.202127  0.126594  0.270506  0.397484  0.107744  0.102291  0.241154  0.126056  0.131707  0.124746  0.165092  0.278428  0.121707  0.180825  0.120338  0.192568  0.194634  0.197918  0.121344  0.253567  0.180408  0.233867  0.391921  0.185547  0.100702  0.226826  0.159156  0.205098  0.198348 
5  0.186922  0.186394  0.194714  0.170524  0.172064 0.0  0.198152  0.315459  0.126018  0.303577  0.175937  0.260971  0.245966  0.141410  0.128945  0.239713  0.219826  0.127821  0.260165  0.095430  0.174767  0.146809  0.281694  0.204103  0.220484  0.214425  0.306405  0.305723  0.286165  0.210841  0.235785  0.199603  0.202704  0.385696  0.168986  0.238517  0.291907  0.175774  0.220011  0.179970  0.188577  0.109240  0.188819  0.207837  0.160785  0.171310  0.239295  0.184198  0.289902  0.310904  0.155719  0.229905  0.164976  0.293788  0.109690  0.295532  0.268551  0.119698  0.197338  0.287415  0.166464  0.188154  0.297913  0.465482  0.422920  0.176161  0.187274  0.143913  0.109717  0.139909  0.174307  0.214712  0.209018  0.121116  0.564362  0.168335  0.201915  0.197491  0.193359  0.144627  0.274423  0.283635  0.147441  0.194626  0.173774  0.225885  0.121799  0.327981  0.228373  0.367629  0.342249  0.316724  0.088996  0.146724  0.177901  0.087458  0.304148  0.181345  0.248307  0.314224  0.199333  0.347168  0.704130  0.337596  0.251838  0.280912  0.304934  0.216532  0.187838  0.188987  0.242464  0.198060  0.184709  0.140203  0.129504  0.210790  0.195768  0.102727  0.222402  0.191131  0.447132  0.190658  0.208156  0.133938  0.145233  0.229157  0.192141  0.111122  0.162492  0.222772  0.256695  0.210865  0.114090  0.115062  0.113977  0.161996  0.344613  0.175819  0.271965  0.219009  0.327099  0.206225  0.113926  0.161927  0.283351  0.168433 
6  0.094808  0.217796  0.282592  0.091996  0.101851  0.198152 0.0  0.192685  0.151297  0.198188  0.093584  0.158520  0.175226  0.254627  0.149618  0.124011  0.320021  0.231961  0.186522  0.185623  0.090852  0.233567  0.206705  0.186284  0.338597  0.290569  0.194406  0.205250  0.239907  0.106917  0.148650  0.107310  0.115360  0.385350  0.252075  0.133192  0.208951  0.288153  0.102906  0.249317  0.306576  0.149208  0.089625  0.090478  0.240318  0.103575  0.134978  0.090802  0.162392  0.192723  0.108015  0.136261  0.093965  0.207534  0.181764  0.196055  0.146743  0.207535  0.299762  0.210469  0.102021  0.101803  0.209108  0.503500  0.286628  0.085340  0.086821  0.213590  0.218390  0.236698  0.107395  0.109397  0.175784  0.141326  0.486076  0.093849  0.105979  0.103599  0.105967  0.207869  0.210124  0.201257  0.226679  0.094994  0.104662  0.110652  0.225170  0.193708  0.276042  0.266101  0.281581  0.244892  0.185009  0.180881  0.097630  0.190690  0.183017  0.262555  0.159560  0.192890  0.146645  0.196278  0.564017  0.221012  0.131966  0.193682  0.169123  0.302553  0.090638  0.105632  0.126306  0.117518  0.102345  0.141248  0.156697  0.121976  0.288253  0.190156  0.118491  0.266337  0.399233  0.098458  0.110518  0.228543  0.121810  0.121179  0.099667  0.186219  0.284579  0.103563  0.203176  0.103495  0.190059  0.206125  0.205281  0.118757  0.214329  0.176697  0.208083  0.384956  0.191319  0.107331  0.208268  0.165927  0.207931  0.181889 
7  0.196679  0.393865  0.321410  0.215747  0.209682  0.315459  0.192685 0.0  0.252285  0.114458  0.191123  0.124049  0.109343  0.401523  0.229593  0.155717  0.473206  0.306561  0.104310  0.255230  0.179483  0.323093  0.119452  0.276406  0.408986  0.338176  0.095821  0.104951  0.107008  0.172788  0.130924  0.172081  0.163936  0.313279  0.362673  0.150233  0.113184  0.360857  0.179609  0.327714  0.427696  0.211165  0.199116  0.186971  0.360143  0.222335  0.149963  0.185168  0.192107  0.166488  0.211826  0.138109  0.185176  0.103346  0.287683  0.092330  0.128540  0.310662  0.408738  0.090137  0.227299  0.204417  0.089664  0.627511  0.202419  0.189629  0.189471  0.366349  0.292638  0.366399  0.216784  0.177016  0.193568  0.275602  0.357702  0.206894  0.195547  0.210513  0.188399  0.364066  0.094899  0.099457  0.373093  0.177337  0.168763  0.168256  0.336450  0.093320  0.459734  0.165830  0.197939  0.113214  0.285669  0.266084  0.187502  0.252120  0.089814  0.379945  0.220480  0.090598  0.198653  0.086068  0.502545  0.128032  0.146515  0.088804  0.089890  0.375800  0.209226  0.167982  0.165902  0.180777  0.189499  0.234870  0.276561  0.153610  0.407107  0.295280  0.174862  0.352540  0.269931  0.209936  0.172064  0.277696  0.254183  0.157388  0.212283  0.331886  0.335080  0.186516  0.087493  0.193176  0.291604  0.282284  0.296314  0.235324  0.159547  0.278321  0.101782  0.437819  0.089891  0.168884  0.353187  0.269930  0.119632  0.225823 
8  0.138713  0.216856  0.201456  0.150450  0.143639  0.126018  0.151297  0.252285 0.0  0.272305  0.141177  0.230091  0.250463  0.182602  0.089462  0.174791  0.283904  0.173391  0.259794  0.132757  0.153526  0.167085  0.246451  0.163291  0.285152  0.235888  0.276949  0.246655  0.292437  0.174718  0.220818  0.162084  0.184008  0.462082  0.152843  0.202660  0.249009  0.199372  0.166619  0.219085  0.247507  0.102130  0.149352  0.152348  0.186035  0.138877  0.205933  0.161712  0.227858  0.264592  0.114789  0.219838  0.147724  0.265794  0.148244  0.244614  0.212201  0.162407  0.218100  0.265145  0.138970  0.135245  0.274635  0.584249  0.369043  0.155389  0.147609  0.155113  0.150156  0.178831  0.127380  0.161257  0.219692  0.091005  0.466484  0.137567  0.163141  0.155508  0.157254  0.162428  0.258452  0.277345  0.191640  0.141889  0.155983  0.176512  0.174182  0.249166  0.290147  0.356937  0.326009  0.272214  0.122045  0.138250  0.139041  0.118439  0.234641  0.195958  0.197807  0.285648  0.169978  0.257197  0.625748  0.301504  0.198174  0.268355  0.235793  0.247714  0.150388  0.174135  0.198092  0.172020  0.159319  0.095683  0.130593  0.176399  0.239955  0.131280  0.183901  0.200519  0.402528  0.141309  0.159450  0.167188  0.106634  0.175960  0.163855  0.145644  0.182207  0.164380  0.243951  0.140057  0.144561  0.153556  0.142113  0.112558  0.306683  0.137073  0.251808  0.237063  0.293286  0.174337  0.161624  0.144420  0.236509  0.146367 
9  0.216228  0.410468  0.379848  0.225083  0.212781  0.303577  0.198188  0.114458  0.272305 0.0  0.216917  0.142841  0.134385  0.317827  0.261812  0.174117  0.458335  0.369475  0.132580  0.347941  0.219874  0.357209  0.106875  0.265994  0.489086  0.429243  0.098326  0.092144  0.088460  0.201690  0.160716  0.198986  0.215143  0.352415  0.357123  0.169730  0.098822  0.402436  0.183777  0.367945  0.415292  0.293833  0.185313  0.206763  0.330942  0.216241  0.166724  0.199821  0.215338  0.217804  0.232388  0.156922  0.191841  0.088748  0.313951  0.105672  0.144127  0.307861  0.399201  0.104148  0.233150  0.241951  0.108001  0.514267  0.174033  0.217863  0.239094  0.300261  0.251870  0.352711  0.244167  0.192031  0.256980  0.285220  0.336109  0.220089  0.204752  0.201736  0.219686  0.319368  0.115637  0.098581  0.352577  0.211647  0.203333  0.206833  0.295305  0.101539  0.423266  0.161280  0.183844  0.094608  0.306048  0.328438  0.223166  0.303447  0.103670  0.388240  0.220221  0.106351  0.260155  0.115903  0.391867  0.132172  0.161318  0.111241  0.106256  0.460260  0.230514  0.210016  0.170566  0.191354  0.199331  0.227256  0.305893  0.172477  0.356453  0.336485  0.194220  0.353218  0.288430  0.215196  0.191584  0.308871  0.262249  0.179987  0.188446  0.290658  0.317230  0.205010  0.113468  0.210965  0.274736  0.333687  0.274297  0.239905  0.155999  0.319716  0.093883  0.442647  0.106190  0.188641  0.364204  0.275322  0.104337  0.307590 
10  0.089042  0.276958  0.223220  0.090193  0.095983  0.175937  0.093584  0.191123  0.141177  0.216917 0.0  0.160657  0.193547  0.295316  0.144880  0.128711  0.289330  0.201248  0.189993  0.193851  0.098685  0.232668  0.209151  0.166766  0.279538  0.273293  0.204813  0.213926  0.210404  0.106331  0.145843  0.110687  0.131416  0.384790  0.245898  0.134660  0.202123  0.281137  0.110429  0.274224  0.285750  0.143558  0.089016  0.099900  0.238215  0.105852  0.147065  0.099673  0.184452  0.200523  0.108445  0.151797  0.085286  0.205429  0.196644  0.205267  0.153807  0.223121  0.288036  0.214591  0.105852  0.108019  0.183179  0.568880  0.284604  0.092804  0.090548  0.225714  0.218786  0.197337  0.099814  0.106861  0.189290  0.148783  0.387236  0.085373  0.102150  0.097744  0.115274  0.206913  0.202080  0.218691  0.251886  0.102746  0.110040  0.122516  0.211737  0.194759  0.360622  0.269144  0.297396  0.217005  0.175036  0.180562  0.087167  0.180701  0.205856  0.258750  0.160318  0.182486  0.151895  0.203777  0.600880  0.233946  0.145717  0.197807  0.194162  0.285523  0.089760  0.114136  0.130960  0.108127  0.102412  0.141331  0.174456  0.125730  0.246577  0.182352  0.124555  0.230767  0.415909  0.095266  0.112700  0.214500  0.126954  0.121810  0.108272  0.185289  0.265132  0.113893  0.203884  0.111156  0.197061  0.202618  0.224511  0.117268  0.259224  0.197392  0.191420  0.319296  0.182944  0.104656  0.241811  0.162184  0.229818  0.192361 
11  0.151492  0.315320  0.327785  0.151491  0.165908  0.260971  0.158520  0.124049  0.230091  0.142841  0.160657 0.0  0.106469  0.307303  0.197896  0.122534  0.383625  0.298848  0.114039  0.277705  0.154490  0.284217  0.149005  0.228123  0.357005  0.361697  0.139121  0.148142  0.159491  0.137796  0.091907  0.132318  0.125933  0.290716  0.289788  0.107777  0.145692  0.349668  0.129619  0.349884  0.376391  0.236059  0.164707  0.145250  0.360636  0.164137  0.099758  0.138713  0.162478  0.176413  0.189971  0.091526  0.158626  0.147242  0.246931  0.132709  0.088825  0.253335  0.379495  0.135666  0.163366  0.166534  0.130016  0.667377  0.274706  0.159448  0.144664  0.300266  0.297314  0.289126  0.167157  0.148718  0.169253  0.225511  0.450544  0.176019  0.147526  0.154517  0.158025  0.277858  0.123465  0.134873  0.363278  0.130775  0.140232  0.135198  0.288356  0.133378  0.402339  0.207481  0.238222  0.147493  0.244635  0.230863  0.157072  0.261082  0.141877  0.344275  0.172415  0.124920  0.193367  0.127248  0.460250  0.165161  0.106483  0.118814  0.127833  0.288046  0.157190  0.141461  0.109283  0.138695  0.164343  0.207033  0.279675  0.121400  0.330595  0.267849  0.112801  0.329593  0.341847  0.171120  0.137279  0.302396  0.194663  0.120652  0.138813  0.264137  0.323464  0.140834  0.121306  0.153952  0.256678  0.256915  0.260535  0.187244  0.173748  0.257416  0.146327  0.428180  0.128048  0.140058  0.258711  0.191422  0.136859  0.245691 
12  0.190291  0.320982  0.344278  0.186865  0.174089  0.245966  0.175226  0.109343  0.250463  0.134385  0.193547  0.106469 0.0  0.357213  0.221121  0.132796  0.440962  0.331691  0.092382  0.261528  0.171826  0.310376  0.139195  0.231115  0.382991  0.329839  0.123612  0.124130  0.129175  0.180299  0.114367  0.148287  0.144218  0.329474  0.355118  0.135713  0.123201  0.387155  0.150345  0.363032  0.419416  0.250451  0.172179  0.166787  0.320840  0.201225  0.133527  0.150139  0.160383  0.155423  0.201124  0.106881  0.168350  0.125468  0.276581  0.117994  0.114975  0.294025  0.386230  0.114893  0.177883  0.187915  0.111834  0.698552  0.247479  0.174950  0.184729  0.303957  0.328145  0.302587  0.186991  0.175314  0.184052  0.242900  0.379227  0.183112  0.165780  0.163691  0.174786  0.280980  0.101487  0.119896  0.324268  0.158758  0.169275  0.166527  0.311682  0.118714  0.445157  0.171931  0.199400  0.145580  0.277640  0.259707  0.195109  0.270969  0.118340  0.364452  0.194765  0.116847  0.199415  0.114814  0.500156  0.131069  0.127784  0.109258  0.117400  0.393996  0.192954  0.152439  0.136319  0.169333  0.167939  0.241876  0.254646  0.128066  0.386510  0.292771  0.142963  0.314876  0.305728  0.186998  0.154927  0.286920  0.221539  0.153798  0.187766  0.302412  0.316809  0.159304  0.110293  0.172250  0.308384  0.293336  0.320630  0.233639  0.147138  0.241896  0.130614  0.393225  0.116762  0.154501  0.257402  0.251091  0.135315  0.246116 
13  0.250695  0.136535  0.146744  0.243552  0.258459  0.141410  0.254627  0.401523  0.182602  0.317827  0.295316  0.307303  0.357213 0.0  0.191680  0.299967  0.175188  0.148626  0.371839  0.151046  0.285235  0.118020  0.322440  0.227384  0.156063  0.129082  0.352894  0.380349  0.356079  0.267475  0.302721  0.279331  0.270021  0.447816  0.120893  0.348362  0.377619  0.121840  0.258959  0.131167  0.141137  0.172488  0.236673  0.251411  0.092436  0.236731  0.293099  0.261816  0.284621  0.365686  0.222866  0.314988  0.264500  0.416271  0.173570  0.333187  0.306134  0.178872  0.172045  0.404088  0.210245  0.237818  0.382160  0.416793  0.454292  0.272304  0.229550  0.122911  0.156605  0.171311  0.231748  0.223414  0.269736  0.172182  0.567408  0.242526  0.248735  0.238823  0.264070  0.122596  0.357506  0.358080  0.136945  0.242785  0.287927  0.322400  0.158481  0.388393  0.189424  0.482840  0.490066  0.346341  0.167662  0.188295  0.242837  0.172242  0.343222  0.125335  0.308390  0.314728  0.272487  0.356653  0.892648  0.405109  0.257900  0.384101  0.381891  0.173193  0.257912  0.292021  0.329069  0.257305  0.249319  0.202088  0.168671  0.285326  0.168580  0.154895  0.307281  0.124112  0.593661  0.230551  0.274105  0.123628  0.205609  0.297289  0.252923  0.173500  0.096796  0.255370  0.373501  0.273129  0.173345  0.188609  0.152477  0.206747  0.412339  0.194443  0.400076  0.180895  0.385720  0.282418  0.152475  0.219021  0.372514  0.182627 
14  0.146528  0.191309  0.205710  0.141849  0.151459  0.128945  0.149618  0.229593  0.089462  0.261812  0.144880  0.197896  0.221121  0.191680 0.0  0.192424  0.289483  0.168894  0.234184  0.133926  0.161180  0.177773  0.249546  0.169464  0.255364  0.239080  0.276418  0.294379  0.270456  0.165513  0.194046  0.186863  0.159288  0.361079  0.179580  0.219165  0.281732  0.213303  0.169711  0.191067  0.245697  0.100850  0.148417  0.162179  0.206632  0.142169  0.205052  0.163097  0.224611  0.251808  0.131237  0.231209  0.148377  0.259384  0.133785  0.248935  0.191296  0.161532  0.230904  0.234610  0.141079  0.142318  0.264904  0.577709  0.379373  0.129167  0.156225  0.163429  0.152000  0.173345  0.133520  0.159602  0.186734  0.095005  0.562183  0.145407  0.173150  0.168085  0.145155  0.152523  0.271051  0.266168  0.199055  0.170937  0.161383  0.181776  0.150320  0.282319  0.269261  0.326687  0.386255  0.299568  0.125644  0.127814  0.147290  0.128214  0.277545  0.218233  0.198541  0.243631  0.159451  0.261699  0.682608  0.296254  0.185860  0.232060  0.266009  0.207088  0.152726  0.182380  0.191657  0.166549  0.157226  0.100711  0.124947  0.202938  0.220387  0.123163  0.197022  0.169401  0.501461  0.143226  0.163956  0.148488  0.105205  0.188611  0.170637  0.142062  0.183248  0.176964  0.241423  0.160310  0.147441  0.144726  0.156788  0.117172  0.303466  0.144146  0.266474  0.274167  0.242981  0.174139  0.157993  0.145158  0.275587  0.146916 
15  0.130723  0.280610  0.323735  0.119259  0.134385  0.239713  0.124011  0.155717  0.174791  0.174117  0.128711  0.122534  0.132796  0.299967  0.192424 0.0  0.402459  0.239320  0.156602  0.232921  0.118250  0.269589  0.183888  0.197456  0.357625  0.293047  0.163631  0.178463  0.181350  0.114739  0.112096  0.110115  0.091143  0.360685  0.266225  0.100923  0.179104  0.320518  0.112919  0.269915  0.300485  0.180998  0.123724  0.111873  0.293584  0.137915  0.108132  0.112891  0.147124  0.185395  0.151261  0.112036  0.122655  0.183238  0.235427  0.167864  0.117520  0.242381  0.338173  0.158144  0.131915  0.123254  0.166414  0.594885  0.300029  0.116428  0.116542  0.271569  0.231914  0.257871  0.141018  0.109153  0.166266  0.191885  0.379191  0.123487  0.118719  0.121806  0.123245  0.236206  0.146883  0.173928  0.305031  0.107366  0.111649  0.096859  0.254625  0.169519  0.420979  0.221312  0.264703  0.180275  0.234603  0.205182  0.126216  0.211387  0.158517  0.283172  0.160771  0.162315  0.174549  0.163153  0.593491  0.173798  0.098988  0.155844  0.176138  0.285621  0.121889  0.103691  0.095112  0.119895  0.125838  0.166693  0.215064  0.108706  0.328346  0.237824  0.090571  0.263330  0.347461  0.135725  0.113528  0.231437  0.154158  0.089272  0.117223  0.211481  0.272588  0.108075  0.148902  0.115667  0.212514  0.210565  0.232067  0.157862  0.191568  0.195928  0.176838  0.402779  0.161824  0.116009  0.258645  0.160282  0.176251  0.224712 
16  0.334504  0.221950  0.211849  0.359494  0.341875  0.219826  0.320021  0.473206  0.283904  0.458335  0.289330  0.383625  0.440962  0.175188  0.289483  0.402459 0.0  0.216397  0.421367  0.229448  0.352511  0.210165  0.414369  0.371927  0.148741  0.154828  0.400195  0.379199  0.469601  0.351154  0.413700  0.346523  0.349789  0.532415  0.203293  0.401018  0.463742  0.153969  0.382961  0.212575  0.118559  0.273159  0.364224  0.351450  0.172647  0.349264  0.413453  0.355286  0.375085  0.365490  0.314150  0.444601  0.340342  0.468673  0.250085  0.450428  0.368954  0.216964  0.133759  0.461203  0.316663  0.339268  0.435047  0.363992  0.411360  0.373345  0.323336  0.225001  0.208175  0.216442  0.338002  0.358536  0.395067  0.279126  0.735480  0.326231  0.349808  0.370300  0.279609  0.212289  0.450375  0.440791  0.171331  0.296767  0.362959  0.396569  0.225644  0.446814  0.096366  0.532924  0.531260  0.482865  0.254800  0.282217  0.348589  0.245622  0.443575  0.220123  0.393193  0.416005  0.305726  0.514061  0.748972  0.451777  0.369446  0.356474  0.412359  0.239951  0.377681  0.330461  0.400200  0.345233  0.325043  0.260578  0.225747  0.366916  0.145078  0.222953  0.379461  0.219815  0.713859  0.315111  0.372817  0.221851  0.327627  0.370192  0.334502  0.241692  0.190182  0.383307  0.416319  0.378925  0.247594  0.240323  0.194566  0.323919  0.528802  0.280697  0.431854  0.112148  0.415259  0.369597  0.221715  0.317137  0.477777  0.288683 
17  0.239359  0.198257  0.189221  0.204619  0.205212  0.127821  0.231961  0.306561  0.173391  0.369475  0.201248  0.298848  0.331691  0.148626  0.168894  0.239320  0.216397 0.0  0.347916  0.118933  0.227227  0.154908  0.328161  0.220568  0.188384  0.174018  0.354514  0.311105  0.330983  0.244862  0.311870  0.270937  0.263345  0.492044  0.155597  0.265701  0.340446  0.132956  0.278295  0.191157  0.169502  0.144629  0.221055  0.246564  0.136718  0.220791  0.295171  0.239792  0.320311  0.341568  0.183005  0.285941  0.241239  0.370257  0.126435  0.358738  0.306865  0.111407  0.171960  0.318126  0.223690  0.216573  0.301251  0.462745  0.334690  0.226338  0.233532  0.145906  0.095509  0.107655  0.209540  0.247359  0.273742  0.167699  0.534772  0.215765  0.216808  0.213593  0.240195  0.138460  0.292803  0.321512  0.111219  0.233356  0.240923  0.258509  0.113994  0.329704  0.186950  0.442419  0.443853  0.338337  0.135322  0.173020  0.215428  0.128487  0.358866  0.188118  0.276493  0.326886  0.262340  0.307121  0.590477  0.329747  0.269253  0.302000  0.316561  0.226982  0.216949  0.255917  0.296801  0.238503  0.227351  0.178722  0.154846  0.249692  0.161905  0.136383  0.248056  0.185853  0.519888  0.216227  0.233300  0.144978  0.188361  0.271346  0.224690  0.118759  0.137830  0.251995  0.279737  0.233941  0.121309  0.125649  0.102916  0.204262  0.325418  0.204537  0.320539  0.207058  0.310401  0.256919  0.098714  0.216792  0.344550  0.213440 
18  0.205691  0.393329  0.320976  0.175783  0.183314  0.260165  0.186522  0.104310  0.259794  0.132580  0.189993  0.114039  0.092382  0.371839  0.234184  0.156602  0.421367  0.347916 0.0  0.279888  0.185950  0.352960  0.144189  0.256308  0.386011  0.380463  0.121650  0.122779  0.124705  0.165096  0.119687  0.146331  0.143745  0.339853  0.339131  0.119763  0.131434  0.327421  0.167497  0.331798  0.422500  0.270407  0.190846  0.187921  0.322841  0.215139  0.128463  0.164858  0.160607  0.154401  0.211866  0.116613  0.184727  0.123488  0.276812  0.111288  0.109936  0.266732  0.369647  0.106635  0.210330  0.205801  0.110208  0.606098  0.222877  0.168440  0.191680  0.367429  0.327063  0.302919  0.213913  0.173336  0.178934  0.253793  0.350151  0.179689  0.179243  0.188302  0.206580  0.321434  0.096878  0.120920  0.358492  0.178509  0.183932  0.157474  0.281442  0.113834  0.518588  0.174290  0.209124  0.134814  0.262469  0.265984  0.196286  0.290450  0.110164  0.388233  0.203603  0.109881  0.230628  0.107290  0.536675  0.133866  0.132891  0.103024  0.108188  0.391290  0.183803  0.142354  0.133547  0.151494  0.166989  0.226155  0.248005  0.152879  0.360784  0.245522  0.150923  0.334722  0.285480  0.186473  0.163797  0.255272  0.239046  0.143562  0.165114  0.258519  0.375953  0.164062  0.105908  0.176988  0.322446  0.269512  0.334198  0.223294  0.147168  0.263782  0.124235  0.411908  0.109211  0.158768  0.338328  0.260402  0.136782  0.233268 
19  0.177951  0.174222  0.196184  0.199744  0.180578  0.095430  0.185623  0.255230  0.132757  0.347941  0.193851  0.277705  0.261528  0.151046  0.133926  0.232921  0.229448  0.118933  0.279888 0.0  0.193248  0.144423  0.313232  0.202523  0.209607  0.214019  0.312014  0.336864  0.270015  0.211653  0.267639  0.214957  0.217213  0.468845  0.149650  0.223553  0.322084  0.168251  0.194571  0.190120  0.192545  0.120916  0.193654  0.181378  0.146548  0.184738  0.257596  0.193440  0.294942  0.364088  0.160901  0.253222  0.191029  0.296751  0.107499  0.314303  0.257972  0.110648  0.182447  0.279848  0.211557  0.185351  0.290909  0.490051  0.364449  0.191934  0.186171  0.153991  0.105038  0.120312  0.187455  0.221427  0.236937  0.140346  0.584949  0.181691  0.186101  0.208905  0.205600  0.148185  0.272265  0.275698  0.143257  0.209324  0.203875  0.210811  0.121192  0.316114  0.245719  0.381869  0.294313  0.296682  0.098207  0.150171  0.192360  0.094328  0.283745  0.194814  0.253252  0.292299  0.191951  0.270499  0.685332  0.324294  0.231038  0.336136  0.284139  0.252603  0.198570  0.220070  0.248558  0.211231  0.193165  0.149269  0.138682  0.236562  0.186730  0.105119  0.220416  0.198031  0.507337  0.177217  0.213236  0.127909  0.163080  0.229493  0.220662  0.104888  0.167167  0.212023  0.299213  0.210458  0.114145  0.114759  0.102724  0.177992  0.335452  0.178268  0.366348  0.234555  0.329964  0.198224  0.106886  0.172894  0.273172  0.173014 
20  0.099811  0.268479  0.303832  0.095081  0.111314  0.174767  0.090852  0.179483  0.153526  0.219874  0.098685  0.154490  0.171826  0.285235  0.161180  0.118250  0.352511  0.227227  0.185950  0.193248 0.0  0.221750  0.205871  0.168078  0.353990  0.257387  0.213244  0.198226  0.215688  0.108290  0.144302  0.110516  0.113912  0.396746  0.232574  0.124352  0.220025  0.279394  0.102099  0.267147  0.286111  0.167552  0.093632  0.091125  0.264309  0.104228  0.147147  0.088931  0.171595  0.205558  0.113736  0.156805  0.097922  0.228269  0.215109  0.210448  0.139433  0.208759  0.317563  0.191356  0.104054  0.097876  0.193549  0.588301  0.274606  0.089884  0.090509  0.225032  0.228452  0.243334  0.106742  0.111729  0.158854  0.157634  0.386152  0.098964  0.111479  0.104678  0.100392  0.246719  0.190487  0.196252  0.236064  0.093535  0.103395  0.111535  0.209811  0.190509  0.383475  0.264407  0.309847  0.207494  0.182762  0.182863  0.098788  0.183692  0.198780  0.258678  0.158197  0.200208  0.144038  0.193442  0.504270  0.212202  0.132342  0.181487  0.191865  0.308418  0.094517  0.105824  0.127514  0.110112  0.112343  0.135951  0.192209  0.120018  0.285375  0.179396  0.114213  0.272772  0.413483  0.098753  0.106917  0.198085  0.136352  0.109652  0.103589  0.202449  0.233561  0.098944  0.196221  0.096208  0.213334  0.191537  0.196159  0.127321  0.225584  0.192132  0.199402  0.369880  0.210328  0.106716  0.216430  0.151972  0.183227  0.173401 
21  0.234607  0.125492  0.124117  0.220755  0.231376  0.146809  0.233567  0.323093  0.167085  0.357209  0.232668  0.284217  0.310376  0.118020  0.177773  0.269589  0.210165  0.154908  0.352960  0.144423  0.221750 0.0  0.329054  0.204203  0.161847  0.147749  0.331938  0.371915  0.405102  0.232070  0.306660  0.254193  0.222780  0.479155  0.089406  0.274907  0.308523  0.154607  0.236330  0.113842  0.181165  0.164703  0.215699  0.253481  0.127318  0.203070  0.273963  0.249776  0.275668  0.321546  0.191486  0.260223  0.220620  0.359762  0.162849  0.328305  0.297582  0.182664  0.207681  0.288005  0.231173  0.198594  0.303699  0.540355  0.483413  0.270954  0.214305  0.092799  0.161613  0.179070  0.210424  0.232575  0.242021  0.172830  0.578745  0.230679  0.249180  0.237601  0.221262  0.094635  0.379649  0.348867  0.165397  0.237099  0.212493  0.244863  0.171419  0.365218  0.221405  0.418767  0.401756  0.283048  0.164174  0.140223  0.225205  0.160582  0.338285  0.122271  0.254880  0.286371  0.218307  0.403898  0.753457  0.339404  0.262102  0.370455  0.324593  0.156720  0.224735  0.219448  0.290705  0.273803  0.226856  0.168440  0.125937  0.258301  0.193575  0.137470  0.239669  0.109987  0.509984  0.218178  0.262984  0.102738  0.191830  0.243248  0.246760  0.164015  0.127675  0.245826  0.358294  0.251422  0.174568  0.173111  0.161556  0.199963  0.381531  0.142928  0.331351  0.205027  0.336249  0.284176  0.153940  0.178802  0.323379  0.166781 
22  0.202155  0.354909  0.378515  0.198458  0.191335  0.281694  0.206705  0.119452  0.246451  0.106875  0.209151  0.149005  0.139195  0.322440  0.249546  0.183888  0.414369  0.328161  0.144189  0.313232  0.205871  0.329054 0.0  0.305245  0.439608  0.360661  0.108566  0.108063  0.108307  0.156098  0.139927  0.152944  0.191310  0.339178  0.327846  0.151779  0.091573  0.399002  0.171490  0.344042  0.396679  0.257691  0.179085  0.194727  0.326091  0.218084  0.150505  0.199982  0.249914  0.204355  0.230630  0.147796  0.190919  0.108548  0.248610  0.106817  0.146595  0.267138  0.367661  0.115318  0.236355  0.212396  0.109540  0.651998  0.211865  0.182484  0.201970  0.274822  0.313134  0.308527  0.217659  0.182919  0.206204  0.220685  0.398067  0.180306  0.186688  0.182263  0.202809  0.300479  0.127204  0.106930  0.364487  0.194485  0.198267  0.179405  0.309834  0.107371  0.400489  0.187583  0.209931  0.101057  0.287789  0.314555  0.187408  0.282658  0.112272  0.292779  0.207649  0.111644  0.257768  0.111077  0.498551  0.156439  0.166442  0.110612  0.115416  0.370537  0.206979  0.188137  0.167188  0.168045  0.189876  0.231733  0.298978  0.166759  0.403086  0.353095  0.170862  0.380661  0.289415  0.199492  0.173281  0.341525  0.243486  0.189838  0.198629  0.305699  0.315633  0.206124  0.114569  0.206436  0.317246  0.313540  0.323747  0.238539  0.188242  0.259735  0.110800  0.438766  0.108920  0.164532  0.302325  0.263966  0.090914  0.293845 
23  0.184354  0.195074  0.228169  0.184341  0.205077  0.204103  0.186284  0.276406  0.163291  0.265994  0.166766  0.228123  0.231115  0.227384  0.169464  0.197456  0.371927  0.220568  0.256308  0.202523  0.168078  0.204203  0.305245 0.0  0.275337  0.267121  0.262121  0.268736  0.318075  0.205521  0.236477  0.195098  0.194748  0.372358  0.193249  0.203970  0.320726  0.275094  0.182318  0.181428  0.275075  0.185543  0.191919  0.188345  0.226094  0.169803  0.216424  0.184451  0.175022  0.206928  0.164947  0.213954  0.192164  0.266211  0.222081  0.238010  0.200852  0.228673  0.330555  0.297958  0.155371  0.171135  0.302936  0.556782  0.328306  0.162770  0.182212  0.196832  0.239329  0.266448  0.167061  0.197286  0.179198  0.183001  0.500678  0.182905  0.201686  0.190453  0.167765  0.186874  0.267202  0.259453  0.247494  0.188538  0.171680  0.186670  0.221140  0.315637  0.350514  0.312271  0.338741  0.287349  0.207056  0.152416  0.181414  0.207680  0.263316  0.200425  0.157165  0.289687  0.125327  0.279322  0.658253  0.319116  0.206949  0.253904  0.289292  0.217231  0.182327  0.189979  0.199370  0.201779  0.214605  0.162033  0.149485  0.213995  0.312040  0.204668  0.198934  0.225207  0.442163  0.189188  0.213254  0.206823  0.164069  0.187048  0.181289  0.205956  0.193789  0.180817  0.260157  0.170626  0.221289  0.227881  0.233334  0.178929  0.253216  0.117586  0.247325  0.315503  0.232633  0.206157  0.238648  0.117196  0.295466  0.123975 
24  0.302121  0.180925  0.170741  0.290661  0.279373  0.220484  0.338597  0.408986  0.285152  0.489086  0.279538  0.357005  0.382991  0.156063  0.255364  0.357625  0.148741  0.188384  0.386011  0.209607  0.353990  0.161847  0.439608  0.275337 0.0  0.096801  0.378024  0.491886  0.448455  0.289231  0.387276  0.369888  0.360005  0.581827  0.187348  0.330754  0.430186  0.147650  0.296065  0.147570  0.152907  0.235448  0.292060  0.367897  0.148669  0.306046  0.360593  0.329561  0.344985  0.376663  0.305160  0.364658  0.318206  0.395731  0.233187  0.395675  0.357899  0.223637  0.184802  0.431622  0.280952  0.301557  0.489106  0.398693  0.532694  0.387275  0.338375  0.168478  0.198693  0.212104  0.305552  0.350990  0.388434  0.263461  0.660102  0.335194  0.372770  0.338366  0.286081  0.175488  0.406789  0.385934  0.177847  0.327957  0.316483  0.307172  0.210197  0.477001  0.156084  0.506878  0.460572  0.402625  0.223955  0.229397  0.338395  0.213355  0.454787  0.153638  0.335893  0.452055  0.350133  0.382951  0.730191  0.366873  0.343261  0.384916  0.394023  0.190997  0.304348  0.358119  0.354287  0.359238  0.302673  0.232843  0.210182  0.353566  0.179476  0.209664  0.354889  0.162988  0.660621  0.256578  0.324569  0.180507  0.274377  0.348400  0.303271  0.210331  0.137525  0.370420  0.431107  0.331323  0.240747  0.217706  0.203699  0.320407  0.456368  0.237492  0.463492  0.125412  0.454032  0.316188  0.209263  0.279897  0.472808  0.259093 
25  0.316243  0.150283  0.168504  0.310569  0.295871  0.214425  0.290569  0.338176  0.235888  0.429243  0.273293  0.361697  0.329839  0.129082  0.239080  0.293047  0.154828  0.174018  0.380463  0.214019  0.257387  0.147749  0.360661  0.267121  0.096801 0.0  0.405968  0.429446  0.435316  0.315796  0.366924  0.287896  0.308585  0.497344  0.155541  0.407502  0.418022  0.135742  0.312545  0.143314  0.136596  0.220398  0.302128  0.292427  0.142571  0.289768  0.365832  0.278111  0.330255  0.432981  0.275963  0.394847  0.313262  0.396998  0.237345  0.344468  0.345740  0.230002  0.155460  0.433809  0.255671  0.273084  0.422769  0.435381  0.506166  0.332189  0.276041  0.170073  0.187526  0.223826  0.313878  0.333357  0.308671  0.247948  0.633878  0.321413  0.322925  0.284679  0.292446  0.151878  0.486470  0.419204  0.151700  0.362501  0.290885  0.307047  0.208191  0.485540  0.159498  0.476009  0.468342  0.322361  0.224072  0.196885  0.268626  0.209656  0.366622  0.149112  0.345024  0.457547  0.270740  0.474621  0.800298  0.551891  0.355430  0.371790  0.363699  0.176562  0.305353  0.287248  0.357760  0.323770  0.295315  0.233458  0.205028  0.339850  0.179544  0.191637  0.325997  0.141036  0.645375  0.276563  0.290995  0.157387  0.274796  0.318566  0.339875  0.219466  0.132261  0.314971  0.373802  0.332463  0.197994  0.206606  0.213966  0.267339  0.413717  0.218451  0.447644  0.126294  0.416805  0.268004  0.191136  0.239013  0.405042  0.239563 
26  0.221916  0.407703  0.377382  0.225103  0.193063  0.306405  0.194406  0.095821  0.276949  0.098326  0.204813  0.139121  0.123612  0.352894  0.276418  0.163631  0.400195  0.354514  0.121650  0.312014  0.213244  0.331938  0.108566  0.262121  0.378024  0.405968 0.0  0.091623  0.098414  0.184628  0.146291  0.177939  0.178949  0.363553  0.310754  0.153641  0.100832  0.370286  0.165466  0.371357  0.386350  0.261127  0.202849  0.205310  0.381437  0.210878  0.137841  0.198677  0.205107  0.181250  0.232975  0.143274  0.194155  0.094347  0.292260  0.090070  0.141640  0.330548  0.472780  0.090922  0.218232  0.226922  0.094756  0.651783  0.208036  0.197115  0.195810  0.364510  0.320948  0.342113  0.223805  0.201221  0.204932  0.260916  0.373748  0.199018  0.173771  0.201396  0.194660  0.358367  0.106353  0.085713  0.341480  0.187301  0.205945  0.176755  0.278154  0.089261  0.443359  0.154051  0.173620  0.103528  0.304277  0.309521  0.205963  0.266899  0.090866  0.387134  0.248445  0.090844  0.233641  0.095715  0.460868  0.130423  0.164002  0.099165  0.091325  0.323787  0.199605  0.191254  0.162565  0.183870  0.189140  0.239977  0.324510  0.157903  0.341271  0.284627  0.167271  0.360204  0.261814  0.217553  0.179820  0.326491  0.255053  0.165621  0.191288  0.281779  0.390366  0.177802  0.094890  0.193504  0.291178  0.283941  0.316916  0.226582  0.160908  0.294294  0.090791  0.421959  0.094436  0.183665  0.306239  0.252738  0.105386  0.272057 
