146
0 0.0  0.129692  0.166801  0.181956  0.157258  0.194617  0.090725  0.116145  0.193987  0.328854  0.090725  0.213276  0.178917  0.238382  0.235712  0.119166  0.380433  0.335203  0.226009  0.187220  0.090725  0.268657  0.217600  0.295917  0.344705  0.244280  0.235925  0.257971  0.236619  0.110468  0.165361  0.112600  0.145174  0.365126  0.278319  0.255764  0.162827  0.215630  0.090725  0.157219  0.405979  0.219276  0.127870  0.175205  0.222859  0.175523  0.117843  0.090725  0.237058  0.253175  0.090725  0.090725  0.090725  0.199551  0.249489  0.214502  0.090725  0.294343  0.392866  0.223897  0.167471  0.098946  0.246776  0.655370  0.360212  0.120117  0.090725  0.269658  0.286018  0.219868  0.194105  0.240098  0.197923  0.141313  0.456130  0.160043  0.090725  0.141377  0.212694  0.186485  0.137204  0.225760  0.325160  0.090725  0.111401  0.159847  0.235130  0.201029  0.355247  0.247199  0.339446  0.259341  0.192645  0.175756  0.090725  0.202995  0.273714  0.307294  0.277640  0.281410  0.159081  0.246837  0.603561  0.204415  0.147571  0.265163  0.287263  0.349164  0.090725  0.090725  0.149693  0.193879  0.090725  0.325637  0.214370  0.101504  0.340138  0.236196  0.245246  0.284388  0.335303  0.090725  0.185610  0.259955  0.129192  0.126471  0.090725  0.293868  0.296658  0.090725  0.236931  0.225148  0.173242  0.090725  0.275685  0.090725  0.318625  0.221633  0.276262  0.307199  0.242251  0.200276  0.300278  0.163203  0.260906  0.103400 
1  0.129692 0.0  0.184956  0.203622  0.117527  0.332829  0.270658  0.377729  0.175186  0.484197  0.347663  0.323886  0.416295  0.091915  0.297561  0.407347  0.110564  0.240838  0.440257  0.201158  0.307054  0.106654  0.429702  0.227950  0.267104  0.146583  0.493240  0.426210  0.468585  0.376911  0.363351  0.288881  0.363991  0.516546  0.093545  0.286355  0.428565  0.153111  0.301075  0.108705  0.234448  0.224703  0.228456  0.225179  0.151677  0.244906  0.405690  0.265147  0.272031  0.283106  0.185029  0.357904  0.215766  0.430039  0.226614  0.345108  0.377653  0.291163  0.204923  0.306826  0.360207  0.278885  0.382860  0.618764  0.584986  0.350691  0.291895  0.146731  0.271785  0.154085  0.256289  0.235095  0.298859  0.273408  0.741548  0.323561  0.272122  0.319497  0.367389  0.114113  0.453480  0.440910  0.217986  0.293326  0.235414  0.312351  0.262595  0.291523  0.246794  0.443828  0.477831  0.418971  0.213754  0.254607  0.226832  0.231779  0.499733  0.090725  0.303345  0.489287  0.325075  0.342706  0.817919  0.577157  0.341113  0.395619  0.384902  0.154462  0.406533  0.320606  0.326641  0.310217  0.239152  0.180764  0.183820  0.262448  0.180147  0.301685  0.391910  0.122235  0.600013  0.248796  0.315857  0.278047  0.230337  0.251230  0.345276  0.249508  0.166188  0.424167  0.436118  0.279717  0.201644  0.278631  0.249435  0.314920  0.444367  0.310430  0.384663  0.245888  0.331485  0.295764  0.412138  0.237129  0.348346  0.146088 
2  0.166801  0.184956 0.0  0.253283  0.265157  0.230843  0.224440  0.454288  0.179558  0.318897  0.263698  0.375831  0.457061  0.244986  0.132085  0.420479  0.199568  0.230416  0.418539  0.090725  0.252242  0.090725  0.435313  0.209874  0.207240  0.164924  0.388578  0.458701  0.432696  0.318039  0.398970  0.290574  0.266411  0.461600  0.090725  0.210671  0.427974  0.153938  0.257145  0.196755  0.310222  0.116393  0.316039  0.322595  0.167034  0.127066  0.409177  0.371771  0.323098  0.398753  0.176911  0.377422  0.333055  0.340914  0.178799  0.463673  0.373911  0.277809  0.273100  0.319612  0.319413  0.219294  0.355196  0.604960  0.452801  0.320127  0.304763  0.131291  0.209781  0.168454  0.274769  0.267229  0.241088  0.167950  0.586963  0.288385  0.305915  0.270731  0.355608  0.158708  0.368758  0.451735  0.160873  0.316034  0.266167  0.315883  0.189871  0.395689  0.257478  0.460074  0.544135  0.296505  0.223006  0.168578  0.284947  0.233681  0.384106  0.090725  0.277793  0.441917  0.341039  0.451746  0.800261  0.348313  0.412284  0.329529  0.365678  0.192635  0.280843  0.308151  0.414432  0.269974  0.311783  0.215713  0.138499  0.341175  0.398159  0.136515  0.349314  0.090725  0.679676  0.183710  0.254803  0.145785  0.193034  0.406437  0.367763  0.263310  0.195338  0.211010  0.456558  0.225548  0.266831  0.219510  0.117841  0.284537  0.542681  0.189798  0.451458  0.336887  0.278810  0.299418  0.270587  0.281860  0.428288  0.140229 
3  0.181956  0.203622  0.253283 0.0  0.148830  0.218494  0.094582  0.197497  0.145771  0.242664  0.101056  0.096649  0.161742  0.326301  0.244866  0.111074  0.346414  0.235727  0.284569  0.195134  0.105385  0.286798  0.166524  0.179453  0.355682  0.307333  0.202820  0.188285  0.284243  0.130850  0.191543  0.140489  0.109396  0.375421  0.144839  0.168564  0.120490  0.208524  0.101414  0.232238  0.253416  0.170452  0.090725  0.090725  0.259386  0.090725  0.125114  0.090725  0.147549  0.278217  0.094557  0.141519  0.141507  0.293232  0.200274  0.272998  0.148602  0.268113  0.257900  0.204533  0.090725  0.090725  0.352086  0.681521  0.202866  0.090725  0.090725  0.169569  0.257040  0.250055  0.114039  0.120603  0.186565  0.090725  0.441452  0.090725  0.090725  0.130537  0.136394  0.149920  0.226834  0.255834  0.321995  0.090725  0.209339  0.167142  0.222018  0.232450  0.392993  0.357132  0.266628  0.191826  0.192315  0.108163  0.090725  0.191930  0.240284  0.309483  0.161619  0.227790  0.314253  0.178898  0.601400  0.241454  0.099217  0.147684  0.165980  0.248495  0.090725  0.107066  0.106751  0.097186  0.090725  0.133553  0.230893  0.157018  0.332738  0.279629  0.154736  0.351001  0.271097  0.169945  0.155873  0.315040  0.090725  0.145633  0.141496  0.230768  0.230428  0.144272  0.270476  0.090725  0.131105  0.207588  0.280600  0.136656  0.236413  0.115997  0.274219  0.383420  0.203699  0.134242  0.247001  0.102328  0.326256  0.092755 
4  0.157258  0.117527  0.265157  0.148830 0.0  0.185494  0.140360  0.167933  0.133517  0.256400  0.090725  0.184992  0.090725  0.310619  0.171828  0.138014  0.379675  0.334833  0.224574  0.143497  0.156135  0.370645  0.174935  0.138627  0.395676  0.229685  0.200131  0.276520  0.132385  0.151390  0.090725  0.107511  0.094145  0.417624  0.327676  0.090725  0.225891  0.347936  0.119400  0.221770  0.327752  0.209309  0.090725  0.137541  0.259242  0.090725  0.090725  0.120173  0.301824  0.253903  0.125398  0.190890  0.111716  0.232543  0.204277  0.250161  0.179731  0.142567  0.222660  0.197796  0.245791  0.090725  0.252161  0.616166  0.400468  0.174437  0.157263  0.245621  0.212095  0.203788  0.090725  0.153591  0.288840  0.128423  0.510488  0.150084  0.106703  0.177735  0.219445  0.242499  0.259194  0.206897  0.279586  0.127155  0.124437  0.206630  0.217384  0.195433  0.306838  0.332759  0.314600  0.183770  0.208231  0.185645  0.090725  0.150480  0.185507  0.296322  0.126211  0.115641  0.095968  0.220515  0.590862  0.187760  0.240296  0.150256  0.265668  0.312056  0.114545  0.154636  0.090764  0.259606  0.090725  0.222542  0.201106  0.199565  0.219628  0.211825  0.201966  0.256338  0.529875  0.154521  0.090725  0.250263  0.206407  0.090725  0.155148  0.097722  0.354459  0.090725  0.234687  0.175091  0.217002  0.247528  0.121535  0.090725  0.223876  0.258056  0.243738  0.388335  0.194262  0.090725  0.262730  0.220107  0.233964  0.175954 
5  0.194617  0.332829  0.230843  0.218494  0.185494 0.0  0.291910  0.341127  0.115513  0.291032  0.307726  0.177223  0.360746  0.120472  0.228755  0.203214  0.212464  0.146875  0.328151  0.108815  0.178871  0.101388  0.282371  0.230652  0.233086  0.266996  0.398102  0.444748  0.306338  0.220727  0.270935  0.168493  0.237682  0.721552  0.125049  0.179000  0.246030  0.093321  0.227629  0.200666  0.159788  0.222548  0.240804  0.181890  0.138751  0.189682  0.216733  0.132332  0.322472  0.496008  0.217919  0.231168  0.176370  0.372196  0.125166  0.302350  0.278646  0.207291  0.238910  0.350078  0.315030  0.254910  0.280644  0.469702  0.380811  0.132100  0.216481  0.103688  0.246257  0.213153  0.275793  0.203305  0.306038  0.115023  0.578389  0.190948  0.227412  0.160865  0.178882  0.094236  0.269599  0.260086  0.119441  0.328628  0.194053  0.090725  0.145812  0.262662  0.262353  0.486509  0.466588  0.314523  0.107906  0.109427  0.288651  0.110582  0.292578  0.183312  0.135925  0.352558  0.263366  0.271591  0.719559  0.296660  0.236762  0.246864  0.395472  0.278428  0.183417  0.242104  0.236715  0.293978  0.198272  0.128365  0.159693  0.234612  0.118035  0.090725  0.155722  0.177477  0.471395  0.202808  0.214701  0.106116  0.131472  0.301622  0.230273  0.090725  0.183119  0.247888  0.182136  0.243232  0.090725  0.104475  0.147759  0.152265  0.376911  0.181869  0.335183  0.334490  0.257619  0.198948  0.187579  0.217196  0.363889  0.158134 
6  0.090725  0.270658  0.224440  0.094582  0.140360  0.291910 0.0  0.118832  0.108188  0.220158  0.090725  0.253768  0.288847  0.169297  0.090725  0.090725  0.371012  0.231037  0.206257  0.090725  0.118177  0.317259  0.277857  0.102723  0.347402  0.288990  0.172651  0.220501  0.287421  0.097283  0.271460  0.148332  0.146302  0.405047  0.352481  0.090725  0.161577  0.378435  0.090725  0.310705  0.292665  0.152423  0.097611  0.090725  0.256330  0.090725  0.090725  0.106830  0.119589  0.117039  0.110379  0.201415  0.095527  0.162784  0.281951  0.252614  0.144384  0.184594  0.377921  0.306482  0.090725  0.090725  0.131374  0.594296  0.380504  0.175844  0.090725  0.387437  0.200931  0.251922  0.090725  0.090725  0.233919  0.146431  0.489704  0.161323  0.090725  0.123412  0.116325  0.163279  0.294063  0.206079  0.325586  0.090725  0.203873  0.130455  0.246888  0.206941  0.223226  0.297150  0.352092  0.225822  0.194593  0.261546  0.101165  0.317276  0.292915  0.318981  0.149457  0.159096  0.266522  0.299635  0.605525  0.372216  0.158826  0.228276  0.348297  0.368318  0.108610  0.203452  0.090725  0.172778  0.114924  0.098141  0.144261  0.105143  0.207383  0.245845  0.107872  0.306473  0.406868  0.090725  0.100870  0.250058  0.165706  0.090725  0.090725  0.209361  0.253559  0.176266  0.175438  0.197974  0.196923  0.169576  0.156249  0.090725  0.192905  0.229538  0.283310  0.425320  0.122957  0.233138  0.196502  0.144161  0.195956  0.184019 
7  0.116145  0.377729  0.454288  0.197497  0.167933  0.341127  0.118832 0.0  0.230855  0.148058  0.159116  0.215834  0.106614  0.474335  0.210499  0.218869  0.488990  0.380377  0.260175  0.373060  0.282648  0.361406  0.135629  0.308719  0.493855  0.418882  0.171949  0.090725  0.090725  0.211633  0.152193  0.206934  0.257028  0.447885  0.284729  0.124448  0.090725  0.309037  0.235229  0.296493  0.515889  0.227758  0.196312  0.227832  0.353317  0.193978  0.096167  0.230090  0.211266  0.106342  0.324445  0.090725  0.140238  0.090725  0.359393  0.090725  0.237350  0.354768  0.446939  0.090725  0.217391  0.241103  0.090725  0.655430  0.240728  0.231417  0.156812  0.421867  0.364927  0.254892  0.159828  0.169179  0.201358  0.229924  0.346789  0.210619  0.187697  0.200099  0.161574  0.364545  0.158748  0.090725  0.236195  0.242127  0.206287  0.167105  0.403509  0.090725  0.489587  0.178409  0.225271  0.133650  0.296301  0.253696  0.218966  0.263733  0.140687  0.455926  0.217111  0.090725  0.282272  0.090725  0.467095  0.105729  0.130661  0.140196  0.090725  0.375382  0.179912  0.158808  0.166862  0.190856  0.263828  0.277542  0.315232  0.189591  0.587292  0.285416  0.165598  0.404614  0.339401  0.154411  0.182011  0.403096  0.285276  0.274181  0.214242  0.243332  0.319061  0.161072  0.095819  0.239362  0.353057  0.373648  0.372253  0.182219  0.169917  0.218116  0.187522  0.488720  0.090725  0.200749  0.360740  0.276998  0.209597  0.319041 
8  0.193987  0.175186  0.179558  0.145771  0.133517  0.115513  0.108188  0.230855 0.0  0.274585  0.090725  0.269676  0.237968  0.246747  0.120406  0.173614  0.409555  0.224974  0.359002  0.152357  0.125436  0.128593  0.257654  0.099690  0.223085  0.224428  0.304883  0.222594  0.268264  0.174681  0.199525  0.166045  0.200606  0.497168  0.158419  0.162918  0.259819  0.189870  0.224858  0.218212  0.175110  0.134181  0.090725  0.175441  0.297372  0.194422  0.382280  0.118673  0.254986  0.393765  0.090725  0.223883  0.136331  0.261419  0.151812  0.281598  0.162685  0.109808  0.288650  0.310853  0.177717  0.090725  0.247223  0.564182  0.476622  0.131571  0.183721  0.159909  0.093066  0.310244  0.094604  0.225939  0.281236  0.090725  0.621398  0.090725  0.178550  0.171046  0.135675  0.227446  0.275196  0.275886  0.174239  0.174446  0.203363  0.224151  0.223817  0.225070  0.244232  0.355417  0.504715  0.232956  0.090725  0.090725  0.110338  0.092118  0.255165  0.121811  0.275224  0.338177  0.114229  0.453417  0.619673  0.340000  0.258853  0.368758  0.237782  0.164948  0.168626  0.260712  0.180029  0.141129  0.190773  0.090725  0.133606  0.131438  0.246071  0.120244  0.260585  0.188730  0.601013  0.202441  0.223298  0.124612  0.101733  0.209928  0.090725  0.152984  0.208739  0.179926  0.253243  0.160409  0.137269  0.137849  0.159992  0.095109  0.268637  0.233306  0.340720  0.294859  0.400340  0.194690  0.101661  0.226625  0.271751  0.120365 
9  0.328854  0.484197  0.318897  0.242664  0.256400  0.291032  0.220158  0.148058  0.274585 0.0  0.204417  0.200943  0.185590  0.427633  0.257736  0.154406  0.378195  0.387063  0.116830  0.302467  0.195074  0.313984  0.119905  0.283229  0.389826  0.430267  0.090725  0.090725  0.090725  0.090725  0.251229  0.160773  0.237780  0.317050  0.367513  0.090725  0.161771  0.393471  0.191702  0.432005  0.515871  0.209156  0.225508  0.236404  0.391138  0.205416  0.177654  0.224773  0.300711  0.139619  0.248660  0.140431  0.256969  0.090725  0.250703  0.120675  0.090789  0.348084  0.428408  0.126000  0.206316  0.280939  0.090725  0.629827  0.211072  0.322057  0.308961  0.363655  0.353435  0.382141  0.178171  0.299130  0.316231  0.267789  0.358854  0.190525  0.270061  0.152594  0.281930  0.453751  0.141625  0.133476  0.421138  0.189983  0.215407  0.112586  0.392110  0.126986  0.606551  0.092405  0.090725  0.121151  0.374930  0.323747  0.187013  0.227632  0.096791  0.512295  0.288463  0.090725  0.325234  0.111061  0.522524  0.119806  0.090725  0.200662  0.090725  0.438435  0.199670  0.230015  0.219887  0.221114  0.237727  0.238212  0.344801  0.207078  0.406846  0.347295  0.167004  0.374532  0.265883  0.136343  0.269401  0.374311  0.206704  0.197410  0.232654  0.309183  0.360389  0.141603  0.090725  0.231872  0.255923  0.344896  0.361547  0.309306  0.167314  0.273082  0.110562  0.461782  0.131479  0.204318  0.269253  0.230222  0.267615  0.375018 
10  0.090725  0.347663  0.263698  0.101056  0.090725  0.307726  0.090725  0.159116  0.090725  0.204417 0.0  0.169680  0.239375  0.275629  0.090725  0.195679  0.346171  0.150549  0.178825  0.224215  0.092349  0.202005  0.214588  0.276425  0.366855  0.349986  0.223490  0.130891  0.336644  0.161286  0.090725  0.171368  0.248122  0.456388  0.255789  0.200310  0.275637  0.241324  0.171062  0.192363  0.318923  0.231468  0.127627  0.090725  0.219393  0.176763  0.215673  0.187814  0.184089  0.275716  0.173489  0.195293  0.126155  0.226245  0.214511  0.300016  0.210594  0.175524  0.343806  0.246511  0.090725  0.094102  0.290420  0.620132  0.247872  0.159177  0.090725  0.192454  0.266001  0.228471  0.142705  0.090725  0.186221  0.090725  0.557703  0.154161  0.165938  0.143679  0.271168  0.189202  0.135981  0.170799  0.315906  0.090725  0.094443  0.174121  0.266198  0.257491  0.302777  0.409995  0.337212  0.210992  0.100380  0.167048  0.090725  0.129401  0.271613  0.289017  0.207069  0.186613  0.090725  0.184642  0.603427  0.386787  0.147664  0.210341  0.257899  0.223270  0.090725  0.127907  0.117932  0.152166  0.090725  0.144292  0.235065  0.090725  0.322375  0.265214  0.190437  0.260538  0.322353  0.090725  0.121910  0.246467  0.127816  0.133711  0.149973  0.140947  0.367355  0.118666  0.165313  0.090725  0.231597  0.129160  0.131284  0.225026  0.235508  0.229905  0.255459  0.497789  0.210139  0.090725  0.187336  0.123315  0.173062  0.124089 
11  0.213276  0.323886  0.375831  0.096649  0.184992  0.177223  0.253768  0.215834  0.269676  0.200943  0.169680 0.0  0.143922  0.453703  0.270929  0.195281  0.502040  0.238119  0.090725  0.274116  0.157473  0.330535  0.111895  0.278986  0.503387  0.396237  0.200933  0.206502  0.208489  0.133006  0.119502  0.127144  0.130804  0.395948  0.294814  0.139046  0.178755  0.421097  0.186170  0.325735  0.354393  0.193476  0.090725  0.107368  0.356536  0.275408  0.105935  0.176101  0.148681  0.300850  0.155024  0.151205  0.239302  0.246407  0.289581  0.097566  0.107103  0.284922  0.357444  0.137734  0.128213  0.269432  0.120293  0.632023  0.398087  0.193559  0.196374  0.274955  0.234789  0.342376  0.344526  0.135491  0.240182  0.247821  0.419486  0.298219  0.155912  0.104163  0.188821  0.180966  0.216635  0.184430  0.295165  0.205399  0.181527  0.128407  0.318175  0.194154  0.555149  0.257232  0.322584  0.146842  0.353287  0.245204  0.136308  0.224920  0.151116  0.367982  0.133396  0.191401  0.201263  0.108586  0.472844  0.190550  0.118102  0.182639  0.135572  0.349664  0.122039  0.113768  0.090725  0.114215  0.240430  0.170842  0.248171  0.214313  0.452509  0.281251  0.228098  0.293612  0.409201  0.226596  0.103358  0.316375  0.182846  0.146850  0.161831  0.362431  0.364016  0.167587  0.142447  0.105894  0.267203  0.264994  0.261332  0.216918  0.101408  0.293307  0.103193  0.442627  0.090725  0.119781  0.227453  0.197437  0.267757  0.196732 
12  0.178917  0.416295  0.457061  0.161742  0.090725  0.360746  0.288847  0.106614  0.237968  0.185590  0.239375  0.143922 0.0  0.355716  0.325484  0.116043  0.516725  0.360177  0.090725  0.222390  0.172234  0.323598  0.128587  0.277602  0.375860  0.537270  0.218947  0.156709  0.166107  0.151838  0.090725  0.090725  0.150120  0.416845  0.319996  0.182811  0.185197  0.377989  0.158963  0.425737  0.409080  0.355771  0.210231  0.171428  0.576811  0.313597  0.153632  0.148483  0.268360  0.192998  0.281177  0.103009  0.114488  0.131130  0.269088  0.090725  0.160923  0.289855  0.482621  0.090725  0.128256  0.253330  0.153596  0.718787  0.315825  0.341739  0.245949  0.381732  0.366658  0.383585  0.275850  0.130446  0.148315  0.226669  0.398962  0.233552  0.204322  0.235961  0.300841  0.347266  0.104255  0.192061  0.252168  0.127112  0.194727  0.192686  0.321031  0.117470  0.466150  0.221732  0.203192  0.170532  0.297784  0.195727  0.211715  0.304607  0.132440  0.390327  0.241804  0.202922  0.285485  0.090725  0.614183  0.090725  0.090725  0.101311  0.176699  0.339413  0.113479  0.177395  0.241180  0.129410  0.181731  0.218790  0.291374  0.244391  0.403002  0.340830  0.100618  0.368568  0.277473  0.337091  0.099640  0.307692  0.233935  0.136323  0.148078  0.403201  0.374878  0.157401  0.206922  0.141233  0.237767  0.336947  0.309020  0.257209  0.175224  0.258953  0.131452  0.496504  0.090725  0.144426  0.410342  0.187249  0.130982  0.279604 
13  0.238382  0.091915  0.244986  0.326301  0.310619  0.120472  0.169297  0.474335  0.246747  0.427633  0.275629  0.453703  0.355716 0.0  0.319879  0.333679  0.145090  0.126058  0.389260  0.279127  0.211826  0.136345  0.414336  0.349202  0.204115  0.114990  0.322254  0.490518  0.470607  0.343428  0.346411  0.301640  0.291997  0.524385  0.151037  0.342905  0.380862  0.108318  0.298038  0.288583  0.192586  0.106806  0.327385  0.223857  0.172040  0.173602  0.310423  0.304325  0.394787  0.473162  0.381326  0.322073  0.247725  0.400901  0.168052  0.387227  0.255555  0.178587  0.322284  0.394728  0.287535  0.285671  0.502667  0.484875  0.538511  0.295384  0.246459  0.090725  0.127842  0.090725  0.154740  0.292178  0.320022  0.212321  0.751367  0.335030  0.161103  0.223882  0.299937  0.090725  0.459489  0.432578  0.122241  0.287866  0.265790  0.275136  0.162397  0.326141  0.170690  0.483901  0.512942  0.399758  0.133479  0.269085  0.261117  0.151512  0.368184  0.090725  0.226477  0.474850  0.278832  0.358604  0.746783  0.430385  0.430244  0.343469  0.419214  0.157641  0.333274  0.337909  0.216476  0.280858  0.219621  0.263031  0.288756  0.252122  0.202037  0.164408  0.242104  0.090725  0.544215  0.276908  0.434253  0.090725  0.237600  0.283931  0.342659  0.098323  0.090725  0.289522  0.419218  0.301212  0.228601  0.348560  0.116723  0.222020  0.425015  0.166112  0.312670  0.090725  0.570708  0.242354  0.244558  0.139872  0.361388  0.324404 
14  0.235712  0.297561  0.132085  0.244866  0.171828  0.228755  0.090725  0.210499  0.120406  0.257736  0.090725  0.270929  0.325484  0.319879 0.0  0.206118  0.294469  0.174337  0.268723  0.196780  0.139149  0.197942  0.327848  0.303351  0.180303  0.242579  0.274674  0.245296  0.344601  0.168920  0.198352  0.142185  0.244158  0.448466  0.161643  0.141428  0.282694  0.102730  0.109923  0.138792  0.328361  0.157962  0.194154  0.155958  0.095197  0.249119  0.149487  0.141333  0.326122  0.360136  0.090725  0.147234  0.142666  0.281121  0.175555  0.221543  0.271614  0.151697  0.270078  0.322791  0.176042  0.090725  0.329753  0.622863  0.319179  0.238123  0.159913  0.163341  0.142918  0.112185  0.203081  0.247538  0.249906  0.153867  0.553599  0.209331  0.207155  0.173916  0.136891  0.276197  0.239566  0.285659  0.158555  0.149746  0.174724  0.259601  0.164419  0.197828  0.252111  0.348364  0.388072  0.363606  0.187329  0.103043  0.203974  0.128240  0.352819  0.262501  0.274901  0.300579  0.143950  0.199297  0.755371  0.271266  0.193632  0.298057  0.356639  0.229557  0.154870  0.090725  0.183562  0.204209  0.150575  0.090725  0.209653  0.247873  0.255487  0.106650  0.094031  0.166654  0.458435  0.090725  0.247984  0.127916  0.106278  0.208790  0.180698  0.193652  0.176368  0.194350  0.223713  0.208466  0.145001  0.151950  0.090725  0.090725  0.339283  0.114493  0.444065  0.328754  0.291008  0.193305  0.265058  0.200008  0.290782  0.100892 
15  0.119166  0.407347  0.420479  0.111074  0.138014  0.203214  0.090725  0.218869  0.173614  0.154406  0.195679  0.195281  0.116043  0.333679  0.206118 0.0  0.461862  0.234985  0.125477  0.343995  0.141961  0.325775  0.158302  0.157178  0.325436  0.312138  0.209729  0.137219  0.172021  0.134475  0.130795  0.110534  0.137534  0.400155  0.260182  0.097564  0.110609  0.398763  0.218491  0.424322  0.371733  0.152159  0.196924  0.181066  0.315284  0.090725  0.090725  0.123173  0.243060  0.221759  0.274819  0.171606  0.141414  0.236370  0.286979  0.150041  0.090725  0.242462  0.302904  0.168240  0.090725  0.090725  0.155756  0.636374  0.305671  0.091965  0.090725  0.271267  0.181026  0.372586  0.128678  0.137219  0.183873  0.256604  0.443166  0.144034  0.167446  0.141587  0.117708  0.329463  0.095095  0.222509  0.216350  0.103967  0.129113  0.090725  0.293925  0.159752  0.467019  0.255107  0.179761  0.202826  0.253890  0.149903  0.182974  0.156730  0.162525  0.322921  0.233587  0.090725  0.184720  0.138649  0.567856  0.217718  0.161410  0.211961  0.189334  0.419640  0.112544  0.094925  0.090725  0.172831  0.090725  0.090725  0.274171  0.090725  0.362696  0.216461  0.174589  0.228428  0.439665  0.150960  0.164861  0.214560  0.219176  0.129478  0.090725  0.235000  0.354500  0.090725  0.090725  0.132588  0.260899  0.275561  0.266805  0.137107  0.231020  0.175296  0.257005  0.444282  0.142225  0.090725  0.293635  0.271693  0.119469  0.237996 
16  0.380433  0.110564  0.199568  0.346414  0.379675  0.212464  0.371012  0.488990  0.409555  0.378195  0.346171  0.502040  0.516725  0.145090  0.294469  0.461862 0.0  0.209305  0.473776  0.261517  0.298407  0.351525  0.451666  0.312904  0.090725  0.179442  0.393745  0.565924  0.500979  0.471896  0.419471  0.450709  0.461043  0.679694  0.090725  0.426787  0.453183  0.228714  0.370247  0.328178  0.090725  0.344929  0.385766  0.435026  0.244695  0.392566  0.453759  0.331268  0.409035  0.495069  0.340379  0.404870  0.284847  0.547408  0.378626  0.439029  0.406208  0.319493  0.097868  0.332978  0.351844  0.307664  0.494279  0.373799  0.592364  0.327919  0.381360  0.330823  0.133801  0.221363  0.396556  0.446681  0.405097  0.343463  0.714837  0.358729  0.378169  0.479710  0.332385  0.214216  0.448129  0.476087  0.225382  0.311848  0.389274  0.381613  0.263497  0.488486  0.185962  0.640069  0.579471  0.413166  0.200090  0.285421  0.458569  0.186377  0.502990  0.222615  0.483319  0.457453  0.281439  0.446527  0.803947  0.590570  0.499979  0.475628  0.422238  0.249708  0.339803  0.510233  0.411264  0.368411  0.343658  0.379708  0.198784  0.368713  0.175429  0.270819  0.406442  0.247229  0.616058  0.265600  0.440199  0.205893  0.273034  0.464212  0.429360  0.216887  0.171160  0.385115  0.416259  0.347876  0.322676  0.174220  0.225410  0.399360  0.484799  0.296790  0.462885  0.249230  0.447997  0.368205  0.345882  0.295954  0.366102  0.302361 
17  0.335203  0.240838  0.230416  0.235727  0.334833  0.146875  0.231037  0.380377  0.224974  0.387063  0.150549  0.238119  0.360177  0.126058  0.174337  0.234985  0.209305 0.0  0.429099  0.178645  0.262799  0.120391  0.375694  0.178698  0.212414  0.134816  0.291719  0.406985  0.354056  0.273214  0.285789  0.245837  0.317592  0.639162  0.189694  0.240454  0.435658  0.128745  0.208158  0.168721  0.267447  0.161445  0.242941  0.174523  0.140934  0.183485  0.379404  0.195105  0.401648  0.400686  0.190427  0.278286  0.252002  0.377216  0.142521  0.370061  0.349190  0.172746  0.275763  0.288118  0.225469  0.119320  0.470277  0.373050  0.448971  0.322277  0.257213  0.095458  0.090725  0.101210  0.202918  0.212663  0.261120  0.194856  0.573430  0.275590  0.306230  0.282500  0.213139  0.210926  0.393718  0.336398  0.149817  0.335937  0.355903  0.218670  0.113801  0.376026  0.176521  0.483892  0.446454  0.346673  0.098981  0.238836  0.189798  0.160871  0.363415  0.190300  0.323444  0.361294  0.334951  0.308237  0.762320  0.362385  0.348979  0.433260  0.383051  0.242536  0.151674  0.239861  0.310562  0.303399  0.215350  0.226499  0.209243  0.227795  0.279048  0.118348  0.272399  0.193156  0.578646  0.176081  0.291644  0.090725  0.146499  0.257174  0.301184  0.211389  0.195681  0.265202  0.305425  0.266150  0.233834  0.151241  0.178758  0.090725  0.448719  0.238220  0.353226  0.237350  0.255608  0.281439  0.154057  0.266608  0.299031  0.305863 
18  0.226009  0.440257  0.418539  0.284569  0.224574  0.328151  0.206257  0.260175  0.359002  0.116830  0.178825  0.090725  0.090725  0.389260  0.268723  0.125477  0.473776  0.429099 0.0  0.274484  0.188641  0.408919  0.141922  0.244152  0.431657  0.326855  0.226465  0.118822  0.238819  0.224750  0.100615  0.155588  0.136066  0.360799  0.462988  0.179173  0.269497  0.295316  0.230490  0.359612  0.421204  0.412544  0.281504  0.156160  0.300507  0.205994  0.179301  0.242646  0.090725  0.123432  0.326245  0.090725  0.243717  0.142826  0.318734  0.155616  0.215737  0.324192  0.448053  0.116696  0.236776  0.169347  0.090725  0.627243  0.377488  0.221786  0.167173  0.299198  0.303406  0.351634  0.238916  0.090725  0.292625  0.253608  0.331468  0.260465  0.322569  0.257020  0.223333  0.410479  0.159321  0.090725  0.361545  0.236547  0.197321  0.247582  0.327387  0.140764  0.561855  0.202113  0.255531  0.090725  0.313277  0.331979  0.275665  0.337828  0.097860  0.426162  0.219057  0.090725  0.245662  0.142668  0.396721  0.122295  0.114071  0.162320  0.090725  0.399525  0.207144  0.090725  0.175792  0.176018  0.295142  0.295867  0.181789  0.156907  0.395885  0.377726  0.253980  0.375470  0.303847  0.267559  0.195965  0.367030  0.292374  0.226370  0.224191  0.221176  0.446790  0.170023  0.090725  0.160225  0.354169  0.327635  0.405090  0.229924  0.149467  0.250712  0.094027  0.418533  0.167221  0.202639  0.336272  0.383073  0.183366  0.402759 
19  0.187220  0.201158  0.090725  0.195134  0.143497  0.108815  0.090725  0.373060  0.152357  0.302467  0.224215  0.274116  0.222390  0.279127  0.196780  0.343995  0.261517  0.178645  0.274484 0.0  0.208821  0.219819  0.239598  0.186936  0.295474  0.115209  0.363266  0.362084  0.341034  0.204789  0.289423  0.234336  0.273578  0.635522  0.127246  0.254789  0.356646  0.211617  0.185155  0.178043  0.198051  0.090725  0.186515  0.203427  0.215849  0.258625  0.332412  0.229411  0.291713  0.293922  0.207979  0.243665  0.121554  0.306494  0.090725  0.327480  0.297221  0.170404  0.237931  0.341215  0.243465  0.161705  0.338392  0.485482  0.416552  0.239579  0.139603  0.193587  0.132650  0.098709  0.143224  0.163158  0.319121  0.195311  0.588634  0.242527  0.235906  0.207254  0.177598  0.136550  0.223021  0.399918  0.238264  0.178556  0.220687  0.225035  0.184679  0.317360  0.276949  0.427391  0.440719  0.294620  0.123254  0.099041  0.227304  0.090725  0.339703  0.215186  0.295670  0.399750  0.149918  0.359589  0.879094  0.423399  0.270235  0.366154  0.329631  0.273245  0.107055  0.217601  0.213434  0.182604  0.207060  0.184734  0.193072  0.238176  0.187068  0.090725  0.233327  0.131053  0.577733  0.201888  0.372240  0.110594  0.137975  0.090725  0.208543  0.159459  0.326683  0.311048  0.244396  0.154953  0.177957  0.183181  0.090725  0.177746  0.325527  0.160672  0.300178  0.356716  0.283178  0.255395  0.090725  0.273172  0.280826  0.160190 
20  0.090725  0.307054  0.252242  0.105385  0.156135  0.178871  0.118177  0.282648  0.125436  0.195074  0.092349  0.157473  0.172234  0.211826  0.139149  0.141961  0.298407  0.262799  0.188641  0.208821 0.0  0.307137  0.207628  0.271643  0.421572  0.258366  0.137777  0.329290  0.215831  0.187696  0.090725  0.101127  0.090725  0.406773  0.188578  0.152370  0.166343  0.346684  0.090725  0.324536  0.329401  0.119251  0.090725  0.090725  0.354165  0.108113  0.181403  0.198160  0.254773  0.205139  0.121480  0.104044  0.139340  0.225607  0.310353  0.119628  0.090725  0.184185  0.437957  0.167741  0.090725  0.090725  0.185012  0.667058  0.276910  0.090725  0.090725  0.160438  0.317133  0.333354  0.090725  0.090725  0.206566  0.143542  0.610312  0.090725  0.090725  0.189412  0.183540  0.276635  0.222774  0.288165  0.354530  0.202443  0.170172  0.092968  0.176351  0.238185  0.354289  0.322684  0.366260  0.234054  0.138876  0.217335  0.090725  0.173696  0.205654  0.326759  0.226954  0.213690  0.271535  0.243419  0.642494  0.225556  0.177289  0.177016  0.154589  0.290765  0.098817  0.090725  0.162309  0.174087  0.212630  0.287830  0.200756  0.159864  0.382464  0.211893  0.090725  0.383704  0.356404  0.090725  0.090725  0.161249  0.090725  0.168003  0.131239  0.216747  0.315784  0.107139  0.194133  0.129310  0.147573  0.230621  0.239717  0.182159  0.203035  0.095416  0.174405  0.455445  0.229305  0.105842  0.216906  0.177237  0.187622  0.119191 
21  0.268657  0.106654  0.090725  0.286798  0.370645  0.101388  0.317259  0.361406  0.128593  0.313984  0.202005  0.330535  0.323598  0.136345  0.197942  0.325775  0.351525  0.120391  0.408919  0.219819  0.307137 0.0  0.274065  0.173480  0.226063  0.126833  0.388407  0.329586  0.396635  0.160382  0.258009  0.273393  0.310105  0.574090  0.177038  0.341914  0.304352  0.143269  0.354232  0.210378  0.307911  0.172911  0.238043  0.279611  0.101656  0.159313  0.256038  0.125818  0.312364  0.377025  0.156223  0.286483  0.314789  0.489213  0.173869  0.404175  0.349831  0.259760  0.232910  0.356988  0.244294  0.116264  0.346087  0.493644  0.432254  0.213242  0.201119  0.155913  0.231809  0.242727  0.222885  0.333731  0.276258  0.264835  0.609385  0.276582  0.243746  0.245543  0.286339  0.091225  0.326857  0.396325  0.101794  0.183989  0.341997  0.302892  0.124415  0.423224  0.121449  0.484330  0.453240  0.417180  0.101331  0.276198  0.239847  0.178089  0.506638  0.176358  0.323543  0.485585  0.147496  0.497469  0.745492  0.466653  0.307595  0.228917  0.325552  0.196627  0.258355  0.356741  0.283000  0.332241  0.233674  0.258354  0.090725  0.296497  0.267647  0.121141  0.290036  0.167078  0.659585  0.298654  0.326124  0.211443  0.195550  0.335536  0.358450  0.111966  0.119667  0.237484  0.357504  0.243816  0.126344  0.135373  0.150171  0.212506  0.385140  0.216036  0.420976  0.328733  0.332387  0.237775  0.117290  0.250374  0.323496  0.193251 
22  0.217600  0.429702  0.435313  0.166524  0.174935  0.282371  0.277857  0.135629  0.257654  0.119905  0.214588  0.111895  0.128587  0.414336  0.327848  0.158302  0.451666  0.375694  0.141922  0.239598  0.207628  0.274065 0.0  0.355661  0.337952  0.584826  0.121488  0.149264  0.090725  0.243375  0.162527  0.165237  0.238454  0.468296  0.427282  0.328134  0.126654  0.447253  0.110841  0.454036  0.503002  0.341016  0.158251  0.177884  0.406793  0.173727  0.200938  0.176718  0.211734  0.187706  0.237630  0.235670  0.249343  0.154700  0.330458  0.090725  0.233416  0.290011  0.358964  0.090725  0.194356  0.285727  0.134940  0.654562  0.209811  0.177751  0.288284  0.215590  0.314274  0.437864  0.304518  0.107630  0.250874  0.251069  0.381268  0.193456  0.155521  0.234081  0.240859  0.401094  0.090725  0.139908  0.359263  0.282900  0.213153  0.192882  0.329739  0.090725  0.443596  0.231459  0.190974  0.090725  0.255684  0.382809  0.223089  0.385260  0.090725  0.446187  0.185743  0.123358  0.090725  0.191112  0.404838  0.274905  0.223604  0.175530  0.188377  0.401199  0.179822  0.264579  0.176435  0.194844  0.256781  0.264514  0.462207  0.090725  0.480935  0.250019  0.214502  0.453890  0.341446  0.183684  0.171380  0.343248  0.204462  0.151941  0.294336  0.314068  0.383636  0.139602  0.091772  0.186125  0.436143  0.256908  0.281403  0.263872  0.151615  0.152647  0.103534  0.574902  0.156225  0.218960  0.318761  0.349622  0.128559  0.229036 
23  0.295917  0.227950  0.209874  0.179453  0.138627  0.230652  0.102723  0.308719  0.099690  0.283229  0.276425  0.278986  0.277602  0.349202  0.303351  0.157178  0.312904  0.178698  0.244152  0.186936  0.271643  0.173480  0.355661 0.0  0.341619  0.267272  0.300183  0.274718  0.326477  0.165833  0.209054  0.241211  0.243059  0.362956  0.159927  0.198175  0.333243  0.228198  0.231752  0.302308  0.262197  0.192706  0.145710  0.197480  0.295193  0.214084  0.158560  0.209141  0.260674  0.276455  0.159914  0.300691  0.226297  0.311814  0.250988  0.293160  0.230322  0.265190  0.367144  0.260388  0.101784  0.177225  0.310945  0.606458  0.481066  0.188096  0.241097  0.252358  0.281920  0.232078  0.107639  0.184850  0.199954  0.165832  0.504332  0.270906  0.168413  0.190273  0.148209  0.190760  0.292034  0.354736  0.235372  0.194183  0.227328  0.141118  0.194227  0.228180  0.379989  0.305131  0.509972  0.176846  0.209988  0.185107  0.137517  0.249802  0.324446  0.211916  0.141843  0.345595  0.130406  0.279993  0.760227  0.288150  0.101332  0.363620  0.303152  0.145560  0.155002  0.241815  0.090725  0.186845  0.180892  0.203413  0.144875  0.251615  0.308327  0.261009  0.365024  0.319732  0.471728  0.177319  0.330215  0.164497  0.196803  0.292306  0.113475  0.191123  0.269775  0.246330  0.420007  0.271942  0.223544  0.257041  0.215439  0.090725  0.258262  0.208076  0.224949  0.374322  0.327430  0.213560  0.238899  0.114447  0.232642  0.129246 
24  0.344705  0.267104  0.207240  0.355682  0.395676  0.233086  0.347402  0.493855  0.223085  0.389826  0.366855  0.503387  0.375860  0.204115  0.180303  0.325436  0.090725  0.212414  0.431657  0.295474  0.421572  0.226063  0.337952  0.341619 0.0  0.091576  0.560907  0.446253  0.437651  0.427663  0.422694  0.263826  0.351728  0.612263  0.165243  0.376005  0.541487  0.120523  0.364482  0.306071  0.224616  0.256784  0.210521  0.406290  0.164534  0.371303  0.432850  0.205713  0.450864  0.456167  0.359520  0.423911  0.302035  0.479593  0.182693  0.486605  0.429167  0.162839  0.129031  0.509983  0.333094  0.307471  0.407721  0.455880  0.643815  0.283662  0.274500  0.198565  0.143077  0.284462  0.348717  0.408417  0.325209  0.166973  0.847724  0.294614  0.313638  0.332045  0.405009  0.199537  0.450575  0.518970  0.260751  0.348206  0.333892  0.212883  0.104741  0.485656  0.096235  0.554425  0.566356  0.585416  0.360708  0.274670  0.325180  0.220133  0.375773  0.128634  0.267206  0.439623  0.403433  0.502695  0.862703  0.504987  0.331228  0.485988  0.455543  0.182927  0.298231  0.349946  0.488677  0.343400  0.360678  0.321712  0.179181  0.400119  0.162308  0.243762  0.359376  0.186847  0.787032  0.357800  0.375352  0.130446  0.318909  0.416741  0.344471  0.399651  0.114710  0.362136  0.460933  0.285650  0.243516  0.253356  0.246162  0.236576  0.511364  0.230857  0.553378  0.151227  0.437949  0.330427  0.259702  0.273094  0.446692  0.274836 
25  0.244280  0.146583  0.164924  0.307333  0.229685  0.266996  0.288990  0.418882  0.224428  0.430267  0.349986  0.396237  0.537270  0.114990  0.242579  0.312138  0.179442  0.134816  0.326855  0.115209  0.258366  0.126833  0.584826  0.267272  0.091576 0.0  0.484839  0.542701  0.600767  0.230503  0.307122  0.285773  0.324285  0.563224  0.181550  0.361916  0.405680  0.131967  0.291020  0.184237  0.149928  0.149479  0.307625  0.321472  0.106736  0.307609  0.469299  0.338015  0.429495  0.472431  0.410245  0.426653  0.372088  0.427848  0.123053  0.508659  0.475683  0.278089  0.137024  0.503133  0.318022  0.234128  0.405141  0.413260  0.492458  0.327926  0.351614  0.091441  0.164111  0.274591  0.329698  0.341845  0.318166  0.340150  0.674539  0.321875  0.355178  0.379094  0.341654  0.344741  0.454535  0.448205  0.182469  0.417179  0.338673  0.316167  0.299104  0.385636  0.155602  0.432130  0.501245  0.485926  0.278245  0.243723  0.387872  0.221766  0.581453  0.231349  0.337120  0.350456  0.259551  0.409397  0.894124  0.475941  0.483242  0.435302  0.488636  0.160200  0.269302  0.309123  0.408765  0.419810  0.322784  0.256163  0.214728  0.297985  0.163368  0.218745  0.367025  0.243630  0.750432  0.335530  0.420061  0.263906  0.287321  0.343956  0.437731  0.253917  0.162174  0.233168  0.437178  0.447301  0.134503  0.228632  0.221594  0.318999  0.497594  0.306062  0.579667  0.090725  0.392141  0.348731  0.259623  0.301356  0.387946  0.254732 
26  0.235925  0.493240  0.388578  0.202820  0.200131  0.398102  0.172651  0.171949  0.304883  0.090725  0.223490  0.200933  0.218947  0.322254  0.274674  0.209729  0.393745  0.291719  0.226465  0.363266  0.137777  0.388407  0.121488  0.300183  0.560907  0.484839 0.0  0.145146  0.153349  0.145809  0.119817  0.193491  0.222623  0.417805  0.360049  0.190012  0.119017  0.531230  0.259717  0.445155  0.598817  0.349059  0.254389  0.166733  0.379100  0.232742  0.109341  0.101034  0.245758  0.230818  0.200600  0.120382  0.339814  0.105200  0.324725  0.090725  0.162683  0.324083  0.369480  0.105001  0.289990  0.330605  0.090725  0.660535  0.250075  0.226354  0.198607  0.214404  0.292779  0.395696  0.231297  0.157911  0.198853  0.348872  0.364580  0.288544  0.270544  0.198069  0.232632  0.408771  0.096674  0.090725  0.306456  0.180176  0.146649  0.104309  0.399881  0.093292  0.411680  0.182221  0.090725  0.090725  0.366140  0.462522  0.217471  0.350779  0.097125  0.344135  0.265779  0.090725  0.331763  0.112631  0.525194  0.152027  0.134800  0.219917  0.090725  0.468434  0.210716  0.288019  0.122140  0.283920  0.191149  0.220646  0.283063  0.203343  0.463659  0.367859  0.165010  0.408785  0.271443  0.250554  0.090725  0.405920  0.318207  0.168272  0.151806  0.303405  0.385566  0.295380  0.100660  0.161728  0.266634  0.264547  0.292443  0.325581  0.154046  0.364107  0.113123  0.645455  0.090725  0.177649  0.279907  0.395749  0.090725  0.408288 
