146
0 0.0  0.309479  0.271258  0.077475  0.077475  0.213263  0.077475  0.169165  0.160733  0.170860  0.077475  0.147177  0.139043  0.266384  0.133631  0.127506  0.343896  0.279862  0.227848  0.119389  0.159838  0.195547  0.249433  0.223074  0.333872  0.334487  0.193590  0.255992  0.135323  0.209584  0.116142  0.077475  0.077475  0.490376  0.158108  0.077475  0.123171  0.335339  0.077475  0.242590  0.275425  0.136769  0.077475  0.081145  0.239617  0.077475  0.192884  0.144629  0.085970  0.189417  0.137745  0.130998  0.077475  0.287081  0.181323  0.229653  0.191829  0.224351  0.349507  0.216482  0.077475  0.077475  0.238215  0.622688  0.288462  0.077475  0.082836  0.159158  0.278278  0.239193  0.077475  0.077475  0.215827  0.080330  0.444209  0.152255  0.077475  0.077475  0.077475  0.270197  0.143887  0.248233  0.268332  0.077475  0.077475  0.077475  0.272426  0.190236  0.366494  0.300973  0.298027  0.202757  0.288548  0.145184  0.092116  0.204858  0.216718  0.233191  0.220485  0.150405  0.143238  0.256211  0.602095  0.312930  0.152378  0.224581  0.258467  0.194842  0.077475  0.077475  0.156725  0.077475  0.149777  0.127011  0.191807  0.077475  0.214496  0.287007  0.135551  0.249404  0.432665  0.077475  0.077475  0.170306  0.082433  0.127563  0.127884  0.173807  0.178099  0.088933  0.257978  0.077475  0.250881  0.194611  0.275321  0.219384  0.130764  0.218031  0.293902  0.385067  0.232404  0.160644  0.242030  0.156930  0.291945  0.289438 
1  0.309479 0.0  0.077475  0.172938  0.296815  0.166782  0.265879  0.349157  0.169277  0.399372  0.273605  0.377441  0.412164  0.209413  0.228368  0.420437  0.169155  0.158770  0.398087  0.207358  0.277640  0.087993  0.377499  0.214907  0.190684  0.095405  0.399015  0.371977  0.467568  0.283540  0.379652  0.230480  0.264155  0.565894  0.141482  0.388304  0.418597  0.153492  0.210130  0.077475  0.228173  0.311224  0.249980  0.360086  0.171277  0.222403  0.334080  0.238687  0.352704  0.330770  0.192398  0.388694  0.345026  0.360954  0.242126  0.334681  0.366049  0.271421  0.173983  0.417350  0.279120  0.262310  0.398935  0.539783  0.447693  0.201626  0.303640  0.214434  0.108819  0.324239  0.169649  0.234349  0.233073  0.217487  0.525639  0.386169  0.300583  0.333756  0.304373  0.182563  0.376741  0.321098  0.249090  0.220854  0.291698  0.274585  0.233643  0.523485  0.194923  0.406428  0.442777  0.389213  0.226242  0.195487  0.268127  0.166662  0.397168  0.077475  0.185256  0.471545  0.161304  0.216518  0.738899  0.573588  0.336821  0.326925  0.435604  0.117788  0.336124  0.314938  0.169225  0.267746  0.366809  0.196379  0.139787  0.296611  0.226349  0.258518  0.212859  0.077475  0.528639  0.261746  0.280414  0.127904  0.317541  0.281752  0.253548  0.204364  0.145757  0.234482  0.437752  0.337427  0.336491  0.419700  0.250025  0.243678  0.452535  0.245946  0.473865  0.228267  0.309208  0.401343  0.177718  0.228094  0.444990  0.112148 
2  0.271258  0.077475 0.0  0.329788  0.294680  0.177286  0.339287  0.421876  0.124011  0.326522  0.347348  0.339970  0.332271  0.184489  0.183147  0.346432  0.133839  0.104387  0.377853  0.258692  0.217920  0.147306  0.401683  0.200867  0.190315  0.156362  0.434136  0.441117  0.368180  0.220382  0.253491  0.315229  0.279058  0.443727  0.077475  0.341867  0.391042  0.148745  0.295810  0.077475  0.287986  0.255227  0.229138  0.435727  0.143070  0.228028  0.308185  0.174231  0.242350  0.356470  0.138168  0.262017  0.257948  0.383376  0.200091  0.440291  0.410751  0.186703  0.322769  0.304541  0.314186  0.361009  0.403304  0.572680  0.475816  0.338720  0.306557  0.142237  0.212243  0.102534  0.254177  0.298426  0.298601  0.260212  0.575886  0.179416  0.188088  0.269781  0.178905  0.167826  0.303578  0.377597  0.128662  0.366737  0.210447  0.262324  0.246776  0.376224  0.286242  0.501108  0.610196  0.477572  0.166061  0.255375  0.266748  0.200597  0.315944  0.146412  0.238884  0.270680  0.219061  0.355378  0.824859  0.456131  0.296406  0.385707  0.335322  0.152812  0.219506  0.236859  0.374599  0.307424  0.103994  0.219760  0.181029  0.206203  0.281103  0.104281  0.304407  0.120131  0.524697  0.180080  0.167973  0.143897  0.307326  0.239599  0.184432  0.221066  0.151673  0.220172  0.385438  0.278129  0.261345  0.228214  0.259825  0.203427  0.430589  0.126052  0.443777  0.077475  0.312651  0.286387  0.200958  0.196749  0.338242  0.100200 
3  0.077475  0.172938  0.329788 0.0  0.077475  0.264024  0.095121  0.180829  0.080695  0.276291  0.106117  0.217577  0.184212  0.250237  0.195426  0.243447  0.360536  0.157667  0.174011  0.127891  0.077475  0.251019  0.188859  0.203779  0.230445  0.343796  0.201613  0.146266  0.204746  0.142066  0.106505  0.228972  0.077475  0.431539  0.254132  0.217565  0.266296  0.207383  0.140355  0.229899  0.357272  0.103698  0.153970  0.084273  0.314512  0.077475  0.077475  0.152493  0.266843  0.131491  0.111032  0.089941  0.077475  0.219560  0.290246  0.103625  0.161733  0.307629  0.264458  0.299588  0.092367  0.077475  0.169087  0.631253  0.313206  0.079803  0.077475  0.180600  0.168813  0.131743  0.140634  0.079426  0.172330  0.078761  0.411411  0.080501  0.137838  0.126547  0.077475  0.311122  0.230207  0.119000  0.199366  0.244274  0.077475  0.158031  0.141137  0.188199  0.348811  0.341576  0.378260  0.363293  0.109973  0.192958  0.077475  0.145227  0.136573  0.404282  0.184966  0.155256  0.130470  0.222279  0.522349  0.219043  0.077475  0.214006  0.101864  0.285676  0.087779  0.077475  0.134170  0.153436  0.077475  0.077475  0.220324  0.164337  0.288118  0.139073  0.078225  0.310456  0.361080  0.139707  0.205085  0.155124  0.090386  0.077475  0.077475  0.245833  0.290605  0.077475  0.077475  0.077475  0.227915  0.133619  0.206140  0.086241  0.221204  0.197343  0.200962  0.504371  0.168262  0.118010  0.307722  0.166220  0.221481  0.154105 
4  0.077475  0.296815  0.294680  0.077475 0.0  0.167211  0.080608  0.163731  0.175975  0.137197  0.155537  0.077475  0.291395  0.333425  0.233929  0.077475  0.321579  0.296217  0.099080  0.126851  0.077475  0.260820  0.077475  0.238641  0.365260  0.355026  0.280425  0.113920  0.130446  0.126048  0.219844  0.083485  0.134894  0.401579  0.259352  0.152492  0.140681  0.354417  0.085935  0.313947  0.299924  0.085255  0.098837  0.077475  0.327450  0.077475  0.228452  0.077475  0.163931  0.131301  0.077475  0.134850  0.139729  0.189780  0.182089  0.204444  0.152785  0.246253  0.319326  0.162573  0.161352  0.166820  0.119392  0.633852  0.343067  0.077475  0.077475  0.301556  0.224018  0.237504  0.205192  0.077475  0.125452  0.158303  0.415764  0.077475  0.079703  0.077475  0.077475  0.190175  0.200932  0.169584  0.214954  0.141379  0.127769  0.178459  0.235628  0.303395  0.351374  0.298616  0.299226  0.197489  0.077475  0.194871  0.127131  0.184744  0.257394  0.327079  0.196945  0.201323  0.179625  0.157035  0.485440  0.213236  0.077475  0.207264  0.132736  0.420293  0.077475  0.177697  0.195218  0.077475  0.100540  0.077475  0.183522  0.077475  0.426979  0.152614  0.142647  0.322202  0.385120  0.145600  0.077475  0.301063  0.108265  0.094109  0.077475  0.205373  0.300758  0.134687  0.147980  0.117343  0.181058  0.262729  0.189350  0.077475  0.183405  0.145897  0.126305  0.359601  0.184569  0.077475  0.148364  0.197783  0.205098  0.204111 
5  0.213263  0.166782  0.177286  0.264024  0.167211 0.0  0.263522  0.197165  0.094704  0.325293  0.087453  0.307714  0.243954  0.077475  0.077475  0.178846  0.127604  0.220213  0.311068  0.100720  0.255111  0.207490  0.277966  0.227993  0.247914  0.219722  0.327847  0.356294  0.374565  0.193297  0.340546  0.280880  0.206897  0.532442  0.077475  0.273489  0.357178  0.077475  0.312966  0.191814  0.224488  0.085444  0.241828  0.134020  0.174598  0.121915  0.153910  0.325181  0.313625  0.344223  0.166094  0.238358  0.077475  0.203991  0.158902  0.332438  0.203148  0.233123  0.199651  0.300130  0.183930  0.139596  0.267934  0.474778  0.441252  0.217795  0.244081  0.126223  0.118207  0.185485  0.190234  0.215710  0.424784  0.103297  0.599770  0.199565  0.196400  0.187883  0.149649  0.078217  0.294319  0.397064  0.117444  0.236745  0.152857  0.087703  0.119384  0.360331  0.314073  0.285885  0.461842  0.273479  0.080443  0.118369  0.162635  0.077475  0.354286  0.229662  0.240246  0.249205  0.180587  0.278964  0.736514  0.325412  0.254243  0.371329  0.322237  0.236958  0.186695  0.242747  0.161627  0.096633  0.250334  0.095179  0.077475  0.243581  0.217193  0.127479  0.230219  0.166505  0.467560  0.171671  0.200313  0.077475  0.103294  0.257191  0.209600  0.077475  0.173772  0.220064  0.352130  0.115735  0.173354  0.125270  0.126503  0.123920  0.316907  0.204990  0.276320  0.271166  0.314076  0.174928  0.238542  0.186190  0.374829  0.128485 
6  0.077475  0.265879  0.339287  0.095121  0.080608  0.263522 0.0  0.226221  0.172776  0.216576  0.105728  0.147819  0.183037  0.221231  0.152008  0.169183  0.361995  0.279901  0.077475  0.117287  0.077475  0.233199  0.159417  0.194945  0.284179  0.281835  0.218484  0.160738  0.161538  0.077475  0.272557  0.111784  0.220714  0.355399  0.221822  0.112678  0.166302  0.270239  0.077475  0.226649  0.302902  0.209791  0.117732  0.093189  0.197972  0.077475  0.167918  0.084937  0.135145  0.283051  0.077475  0.183040  0.112233  0.300277  0.248796  0.234949  0.198402  0.209518  0.164889  0.158927  0.106267  0.102047  0.316067  0.595431  0.267309  0.077475  0.212442  0.304772  0.264692  0.166853  0.186476  0.092735  0.077475  0.158998  0.415710  0.163819  0.077475  0.099301  0.077475  0.178100  0.174644  0.077475  0.324409  0.145207  0.124544  0.144892  0.224480  0.119787  0.371648  0.250517  0.344491  0.192786  0.189268  0.173007  0.127233  0.221943  0.235079  0.310983  0.077475  0.214303  0.183458  0.156342  0.686891  0.177879  0.158039  0.217770  0.124415  0.261807  0.154164  0.117486  0.115674  0.142101  0.077475  0.167796  0.191758  0.123480  0.286662  0.201328  0.084216  0.230170  0.461347  0.174789  0.213511  0.246016  0.180164  0.077475  0.077475  0.208570  0.285484  0.077475  0.129654  0.118668  0.157145  0.163158  0.255426  0.077475  0.243241  0.154424  0.322522  0.338672  0.092766  0.112348  0.246630  0.168292  0.335356  0.174663 
7  0.169165  0.349157  0.421876  0.180829  0.163731  0.197165  0.226221 0.0  0.219632  0.110462  0.325257  0.077475  0.104220  0.409570  0.214391  0.105229  0.471325  0.260717  0.135423  0.299908  0.122637  0.413086  0.077475  0.327854  0.399352  0.454194  0.077475  0.143626  0.077475  0.179013  0.141516  0.203976  0.137939  0.361107  0.382824  0.091940  0.193361  0.490939  0.088795  0.408588  0.481156  0.253546  0.123180  0.140037  0.442601  0.321096  0.077475  0.186532  0.216528  0.177685  0.158657  0.077475  0.216894  0.202779  0.355975  0.080281  0.096850  0.307577  0.486801  0.077475  0.188107  0.283430  0.077475  0.643806  0.197998  0.113807  0.145828  0.464155  0.341705  0.380457  0.240726  0.204379  0.157364  0.305496  0.354039  0.129481  0.199385  0.331559  0.282917  0.385167  0.077475  0.147835  0.304222  0.127929  0.161870  0.120008  0.280831  0.077475  0.433536  0.227711  0.206374  0.122754  0.254010  0.188597  0.162522  0.320279  0.142280  0.283694  0.132755  0.077475  0.221849  0.077475  0.509592  0.131440  0.174537  0.077475  0.186474  0.372623  0.252736  0.227362  0.080752  0.180814  0.158463  0.118434  0.297841  0.289329  0.398045  0.291305  0.232756  0.397699  0.320000  0.179070  0.108395  0.346020  0.135367  0.172417  0.153593  0.287372  0.275037  0.120628  0.077475  0.146895  0.267985  0.287507  0.359895  0.148733  0.166730  0.323602  0.121847  0.502572  0.077475  0.247232  0.412921  0.285239  0.133401  0.362651 
8  0.160733  0.169277  0.124011  0.080695  0.175975  0.094704  0.172776  0.219632 0.0  0.146355  0.152713  0.123937  0.165176  0.130214  0.077475  0.231746  0.229439  0.202600  0.216639  0.146382  0.125343  0.129386  0.243704  0.239218  0.170318  0.355242  0.310735  0.243917  0.328076  0.217967  0.196793  0.192792  0.270101  0.508413  0.196716  0.185660  0.266328  0.259855  0.154438  0.077475  0.325933  0.123071  0.166812  0.077475  0.117814  0.200708  0.275022  0.209173  0.237202  0.194711  0.088813  0.178102  0.130037  0.271488  0.077475  0.235257  0.198456  0.209234  0.303169  0.249677  0.092340  0.077475  0.352171  0.491934  0.395503  0.178710  0.212560  0.175512  0.112214  0.264836  0.141646  0.200479  0.161955  0.110248  0.575644  0.136804  0.157784  0.173722  0.153281  0.319358  0.251241  0.207214  0.116467  0.265226  0.196062  0.219117  0.171330  0.267267  0.347426  0.324432  0.398251  0.306837  0.105525  0.102886  0.077475  0.202150  0.297711  0.214388  0.200658  0.354599  0.200990  0.224581  0.664928  0.187851  0.278312  0.305337  0.263645  0.255408  0.188996  0.119547  0.107016  0.225915  0.136756  0.087974  0.112128  0.234570  0.143418  0.149718  0.119840  0.208290  0.440302  0.109824  0.093425  0.156087  0.098563  0.198274  0.077475  0.163979  0.134972  0.217386  0.314631  0.077475  0.207599  0.148679  0.121330  0.169701  0.207840  0.143892  0.134913  0.318775  0.227691  0.287349  0.132856  0.114354  0.227874  0.164704 
9  0.170860  0.399372  0.326522  0.276291  0.137197  0.325293  0.216576  0.110462  0.146355 0.0  0.192302  0.077475  0.215090  0.448277  0.273320  0.230181  0.488175  0.314694  0.219509  0.354590  0.287984  0.328788  0.149056  0.160507  0.427062  0.445571  0.115062  0.077475  0.077475  0.203842  0.198113  0.264873  0.183391  0.394889  0.411176  0.204748  0.095585  0.389814  0.113879  0.401040  0.282983  0.342541  0.184052  0.302241  0.444886  0.217006  0.077475  0.238805  0.336505  0.201918  0.208863  0.263050  0.311172  0.077475  0.241923  0.132400  0.193836  0.256414  0.380042  0.106408  0.270457  0.188909  0.135199  0.756533  0.115363  0.215261  0.164733  0.389411  0.323475  0.174723  0.348967  0.279499  0.340136  0.361154  0.372770  0.314916  0.172770  0.173662  0.234412  0.425446  0.119940  0.108540  0.321321  0.180933  0.245144  0.184434  0.229737  0.107304  0.366216  0.145804  0.123167  0.077475  0.311686  0.442577  0.292799  0.216334  0.197106  0.334668  0.309585  0.077475  0.280312  0.077475  0.378894  0.122395  0.283953  0.115783  0.077475  0.487713  0.202141  0.211159  0.238368  0.209511  0.162072  0.281940  0.236295  0.077475  0.390299  0.327567  0.215471  0.349656  0.376124  0.169412  0.216288  0.324330  0.332826  0.189725  0.242021  0.305462  0.252085  0.362120  0.222824  0.232677  0.225914  0.369968  0.313557  0.217875  0.101377  0.309994  0.077475  0.540087  0.077475  0.222262  0.264587  0.286107  0.132368  0.263089 
10  0.077475  0.273605  0.347348  0.106117  0.155537  0.087453  0.105728  0.325257  0.152713  0.192302 0.0  0.219350  0.133128  0.228164  0.115311  0.077475  0.303414  0.224982  0.140419  0.102055  0.089734  0.285319  0.116464  0.231675  0.327550  0.249505  0.133917  0.291603  0.280491  0.157676  0.200673  0.143145  0.161801  0.425115  0.201470  0.163547  0.183437  0.245372  0.149275  0.277972  0.278726  0.130252  0.077475  0.077475  0.204796  0.199990  0.082501  0.077475  0.165644  0.230224  0.077475  0.173455  0.152864  0.163885  0.107209  0.193913  0.249437  0.079648  0.341571  0.290711  0.144884  0.101334  0.211443  0.524992  0.307138  0.155691  0.147180  0.334257  0.216126  0.170914  0.205508  0.144058  0.120354  0.177865  0.514322  0.077475  0.164871  0.089804  0.136691  0.124964  0.207234  0.143184  0.120892  0.077475  0.158627  0.213673  0.233477  0.135688  0.235224  0.220104  0.348563  0.268566  0.191380  0.183281  0.154359  0.120556  0.250735  0.224159  0.127960  0.179705  0.094612  0.131627  0.612982  0.259996  0.141524  0.238422  0.196349  0.201320  0.226425  0.113056  0.207666  0.099079  0.077475  0.135205  0.175508  0.104024  0.297434  0.155381  0.077475  0.289241  0.483028  0.112612  0.077475  0.119197  0.196188  0.140197  0.166137  0.208946  0.251157  0.164896  0.183951  0.077475  0.260030  0.166141  0.225284  0.204155  0.169543  0.100545  0.229623  0.379396  0.156704  0.077475  0.245394  0.120875  0.236341  0.156218 
11  0.147177  0.377441  0.339970  0.217577  0.077475  0.307714  0.147819  0.077475  0.123937  0.077475  0.219350 0.0  0.077475  0.363170  0.166335  0.130545  0.567754  0.366706  0.077475  0.215634  0.279672  0.334929  0.183191  0.176125  0.347658  0.369558  0.077475  0.183618  0.249238  0.108329  0.144206  0.088550  0.098638  0.396219  0.356739  0.107350  0.130151  0.419517  0.191035  0.290099  0.390689  0.179296  0.148876  0.160429  0.411752  0.239899  0.077475  0.077475  0.197202  0.152532  0.150941  0.114901  0.156047  0.142623  0.186452  0.096599  0.077475  0.242406  0.372184  0.150472  0.234419  0.177438  0.184407  0.527978  0.175087  0.077475  0.148337  0.222334  0.291570  0.333357  0.172664  0.121236  0.152316  0.317524  0.277217  0.077475  0.205637  0.242266  0.089834  0.315587  0.206236  0.077475  0.229299  0.162112  0.077475  0.079772  0.257170  0.127929  0.387576  0.135279  0.135710  0.077475  0.239783  0.192654  0.178267  0.215443  0.171974  0.306735  0.217793  0.077475  0.306782  0.077475  0.592575  0.178363  0.099688  0.077475  0.197317  0.298458  0.121132  0.077475  0.152132  0.155950  0.086212  0.249005  0.184411  0.235170  0.381227  0.171352  0.128154  0.354232  0.356419  0.215678  0.127157  0.344263  0.334693  0.188863  0.078433  0.255500  0.358537  0.077475  0.115390  0.077475  0.251805  0.260787  0.195223  0.189518  0.273803  0.219903  0.101366  0.364423  0.152673  0.088605  0.177128  0.280448  0.123508  0.391005 
12  0.139043  0.412164  0.332271  0.184212  0.291395  0.243954  0.183037  0.104220  0.165176  0.215090  0.133128  0.077475 0.0  0.418825  0.164194  0.128659  0.464651  0.258768  0.077475  0.384021  0.169901  0.248435  0.175553  0.091405  0.479631  0.412053  0.135973  0.144808  0.129402  0.227951  0.077475  0.116438  0.201892  0.345984  0.357827  0.077475  0.121287  0.378529  0.161941  0.443789  0.391134  0.196827  0.138185  0.077475  0.252452  0.163896  0.175941  0.223819  0.077475  0.184068  0.312835  0.077475  0.137105  0.124718  0.308364  0.077475  0.134577  0.287116  0.294622  0.145604  0.157503  0.287385  0.102995  0.755241  0.300132  0.127686  0.214537  0.320126  0.149360  0.315645  0.170153  0.170257  0.196849  0.194259  0.331324  0.192708  0.184218  0.202399  0.102088  0.368738  0.079794  0.157336  0.443400  0.095483  0.089017  0.272670  0.164211  0.093953  0.414970  0.211721  0.248119  0.077475  0.270394  0.313501  0.282703  0.358329  0.146462  0.362283  0.227101  0.140646  0.282599  0.118857  0.521545  0.128356  0.100587  0.229609  0.112272  0.399516  0.212521  0.123145  0.101820  0.168065  0.116810  0.280182  0.363317  0.105609  0.442597  0.362415  0.168168  0.378245  0.276830  0.186466  0.136419  0.342039  0.191048  0.077475  0.179801  0.238074  0.349234  0.197655  0.100117  0.150486  0.270212  0.396951  0.329840  0.166368  0.143709  0.287261  0.091172  0.467742  0.086409  0.231740  0.277169  0.230681  0.126110  0.259999 
13  0.266384  0.209413  0.184489  0.250237  0.333425  0.077475  0.221231  0.409570  0.130214  0.448277  0.228164  0.363170  0.418825 0.0  0.113775  0.252363  0.192946  0.143267  0.322013  0.157910  0.168754  0.077475  0.373686  0.173691  0.088522  0.077475  0.358575  0.420403  0.326287  0.318164  0.421362  0.193628  0.158712  0.517257  0.077475  0.318066  0.401595  0.148151  0.285457  0.083428  0.151759  0.090480  0.251492  0.281434  0.077475  0.215396  0.352171  0.295992  0.302421  0.422087  0.273682  0.212573  0.252768  0.374742  0.171916  0.382853  0.417826  0.127526  0.329256  0.478936  0.181713  0.243405  0.352475  0.415395  0.453370  0.266852  0.319352  0.226200  0.140118  0.140189  0.218172  0.269740  0.249092  0.205000  0.608695  0.259321  0.253011  0.195019  0.372834  0.157188  0.347974  0.342672  0.213085  0.216487  0.266795  0.215154  0.102890  0.419835  0.158968  0.341822  0.508760  0.275990  0.153950  0.183170  0.205009  0.087185  0.371153  0.090864  0.288032  0.388506  0.149727  0.353651  0.747246  0.516578  0.241813  0.366521  0.400446  0.099810  0.283682  0.284482  0.326171  0.363508  0.172263  0.187096  0.132597  0.278029  0.184669  0.264033  0.335400  0.080018  0.669785  0.172979  0.308896  0.163257  0.201450  0.369476  0.348221  0.209251  0.083944  0.296780  0.257916  0.284688  0.175531  0.167665  0.110353  0.332719  0.427368  0.214611  0.466130  0.205879  0.327018  0.274640  0.176583  0.157466  0.373899  0.119241 
14  0.133631  0.228368  0.183147  0.195426  0.233929  0.077475  0.152008  0.214391  0.077475  0.273320  0.115311  0.166335  0.164194  0.113775 0.0  0.312353  0.313908  0.137487  0.271745  0.077475  0.178821  0.148494  0.207954  0.251807  0.279621  0.245840  0.249224  0.315535  0.236211  0.206063  0.307582  0.320176  0.171093  0.487457  0.126987  0.243316  0.261948  0.198864  0.137344  0.305001  0.206066  0.115300  0.236494  0.229776  0.173106  0.100994  0.118925  0.178864  0.327955  0.407459  0.147400  0.312978  0.093039  0.193711  0.077475  0.236042  0.241824  0.094662  0.260450  0.315819  0.085856  0.099597  0.256735  0.596709  0.369735  0.145462  0.200383  0.184149  0.138064  0.210729  0.077475  0.137550  0.164532  0.111853  0.502402  0.180019  0.144910  0.120227  0.140458  0.237874  0.216543  0.179372  0.250254  0.224038  0.137934  0.156587  0.117222  0.346882  0.296021  0.439823  0.393296  0.198254  0.108013  0.077475  0.155640  0.077475  0.230389  0.225332  0.298629  0.277897  0.173533  0.275273  0.685566  0.264119  0.234348  0.304665  0.311892  0.269169  0.138777  0.209848  0.090663  0.078981  0.188507  0.077475  0.244323  0.136097  0.235807  0.258356  0.221891  0.129651  0.362096  0.103929  0.109687  0.226229  0.077475  0.202913  0.234163  0.149642  0.173059  0.199614  0.185016  0.126945  0.104402  0.181877  0.157663  0.177898  0.293201  0.104352  0.330343  0.241110  0.262966  0.234834  0.193964  0.171803  0.369891  0.176820 
15  0.127506  0.420437  0.346432  0.243447  0.077475  0.178846  0.169183  0.105229  0.231746  0.230181  0.077475  0.130545  0.128659  0.252363  0.312353 0.0  0.336748  0.326292  0.077475  0.155309  0.177000  0.257541  0.218888  0.143750  0.189369  0.329292  0.146890  0.228573  0.194218  0.078159  0.079616  0.152108  0.077475  0.421003  0.359037  0.077475  0.222290  0.276912  0.081110  0.203956  0.330282  0.117792  0.115035  0.112712  0.394777  0.077475  0.077475  0.130670  0.195868  0.229446  0.141577  0.093485  0.096484  0.221039  0.327014  0.199985  0.186731  0.303170  0.385398  0.177611  0.251112  0.077475  0.142304  0.716241  0.230714  0.168014  0.177661  0.301257  0.223687  0.158648  0.143663  0.153127  0.128838  0.152172  0.400519  0.078277  0.119338  0.077475  0.212972  0.239270  0.114842  0.080595  0.234310  0.088589  0.144097  0.084726  0.214222  0.133787  0.358384  0.148611  0.280852  0.217707  0.124073  0.134119  0.097523  0.257087  0.175139  0.371185  0.216350  0.175851  0.174618  0.259696  0.518108  0.271118  0.077475  0.077475  0.113654  0.255116  0.077475  0.077475  0.086787  0.152023  0.077475  0.123876  0.177009  0.156288  0.294667  0.325223  0.091279  0.310061  0.438447  0.110211  0.206990  0.285381  0.138384  0.077475  0.155117  0.289059  0.294461  0.077475  0.139767  0.211023  0.193018  0.248809  0.240607  0.144404  0.270313  0.266804  0.190265  0.445582  0.098977  0.153061  0.236456  0.080333  0.172147  0.196462 
16  0.343896  0.169155  0.133839  0.360536  0.321579  0.127604  0.361995  0.471325  0.229439  0.488175  0.303414  0.567754  0.464651  0.192946  0.313908  0.336748 0.0  0.198249  0.403414  0.275464  0.371638  0.354502  0.368351  0.270050  0.089659  0.144900  0.474465  0.367748  0.484034  0.443467  0.320723  0.268678  0.399245  0.563665  0.201948  0.398562  0.391614  0.138980  0.346040  0.221550  0.102599  0.263131  0.234447  0.396884  0.264176  0.287031  0.439915  0.326405  0.569708  0.442199  0.368346  0.316609  0.319740  0.540263  0.199606  0.505245  0.341362  0.302587  0.129680  0.407448  0.248782  0.296614  0.420551  0.294206  0.476667  0.344679  0.277062  0.171020  0.171183  0.224017  0.288474  0.437625  0.315928  0.255069  0.661413  0.274035  0.357301  0.335395  0.399198  0.212057  0.515700  0.369802  0.188889  0.281329  0.432745  0.399892  0.169885  0.543019  0.077475  0.602909  0.620688  0.467675  0.262477  0.253432  0.251715  0.313631  0.473673  0.259922  0.379229  0.497947  0.333222  0.401498  0.812367  0.549495  0.453634  0.505797  0.407880  0.288074  0.296032  0.327867  0.368859  0.414317  0.261122  0.286184  0.199725  0.314133  0.159134  0.204494  0.312786  0.256128  0.713624  0.238617  0.387193  0.149286  0.308340  0.353806  0.325464  0.312136  0.193628  0.385226  0.499104  0.338656  0.189682  0.224061  0.245514  0.252940  0.577018  0.237405  0.507149  0.222598  0.417112  0.290622  0.210340  0.288741  0.352218  0.372097 
17  0.279862  0.158770  0.104387  0.157667  0.296217  0.220213  0.279901  0.260717  0.202600  0.314694  0.224982  0.366706  0.258768  0.143267  0.137487  0.326292  0.198249 0.0  0.336849  0.077475  0.157027  0.132881  0.255670  0.270324  0.189508  0.189058  0.364732  0.377773  0.240081  0.240948  0.253927  0.301721  0.351266  0.516252  0.253327  0.275073  0.306765  0.077475  0.191010  0.140448  0.186477  0.082487  0.294292  0.181743  0.173826  0.237874  0.273573  0.386187  0.273263  0.352867  0.226871  0.271304  0.155460  0.361018  0.120841  0.325534  0.317861  0.162843  0.189192  0.333914  0.184347  0.226664  0.332275  0.444791  0.462925  0.227464  0.275926  0.098754  0.077475  0.127834  0.249214  0.234738  0.217323  0.115272  0.544834  0.218008  0.185605  0.199859  0.211693  0.141438  0.379833  0.223847  0.077475  0.326335  0.264818  0.330411  0.120806  0.405377  0.249866  0.451021  0.512448  0.303201  0.077475  0.144714  0.225401  0.175248  0.429870  0.286831  0.219998  0.414188  0.202085  0.279755  0.657518  0.411739  0.305491  0.362297  0.346994  0.350823  0.180515  0.291021  0.281667  0.259791  0.194179  0.186007  0.141959  0.283223  0.083734  0.248655  0.215528  0.118743  0.658666  0.212105  0.270505  0.104019  0.193914  0.302663  0.205444  0.077475  0.138796  0.290903  0.355347  0.166862  0.152265  0.146338  0.174297  0.201481  0.330349  0.172093  0.399013  0.257841  0.286099  0.254457  0.095265  0.223009  0.314707  0.234219 
18  0.227848  0.398087  0.377853  0.174011  0.099080  0.311068  0.077475  0.135423  0.216639  0.219509  0.140419  0.077475  0.077475  0.322013  0.271745  0.077475  0.403414  0.336849 0.0  0.334789  0.210468  0.258146  0.137676  0.250025  0.491541  0.405135  0.100639  0.077475  0.143563  0.245076  0.194516  0.155568  0.166401  0.437299  0.319393  0.181917  0.137871  0.427051  0.146274  0.352334  0.464090  0.205473  0.255028  0.193984  0.328686  0.222612  0.139803  0.162138  0.144868  0.182902  0.209555  0.103010  0.188111  0.077475  0.327400  0.077475  0.127115  0.274699  0.505172  0.077475  0.235100  0.270574  0.121953  0.741784  0.270937  0.319401  0.196784  0.200357  0.308586  0.281669  0.246039  0.248904  0.198406  0.316183  0.479650  0.237518  0.239936  0.133156  0.171812  0.362606  0.117485  0.125632  0.401586  0.245103  0.080451  0.167641  0.377867  0.151653  0.430620  0.195120  0.233990  0.107787  0.329225  0.276057  0.269295  0.279815  0.115101  0.430183  0.152047  0.077475  0.248326  0.077475  0.611419  0.214418  0.221790  0.077475  0.107941  0.354111  0.202143  0.148811  0.250186  0.166404  0.229606  0.127542  0.399759  0.203330  0.405908  0.229167  0.124450  0.345084  0.420916  0.119175  0.129274  0.435250  0.239280  0.137141  0.130345  0.313362  0.316289  0.208811  0.186325  0.277342  0.279199  0.227989  0.308173  0.200708  0.199712  0.237675  0.161563  0.401279  0.077475  0.147664  0.268440  0.392179  0.143329  0.263416 
19  0.119389  0.207358  0.258692  0.127891  0.126851  0.100720  0.117287  0.299908  0.146382  0.354590  0.102055  0.215634  0.384021  0.157910  0.077475  0.155309  0.275464  0.077475  0.334789 0.0  0.180027  0.080569  0.339522  0.077475  0.282129  0.198691  0.309149  0.300075  0.367840  0.195062  0.234312  0.210883  0.276746  0.545346  0.225151  0.227220  0.274514  0.262170  0.206485  0.151008  0.225932  0.086833  0.179162  0.197683  0.196667  0.152381  0.279801  0.089723  0.293484  0.383094  0.081640  0.235584  0.252402  0.345223  0.077475  0.308069  0.276908  0.107187  0.201786  0.212804  0.162610  0.256588  0.333091  0.519788  0.413428  0.210078  0.236525  0.105220  0.091317  0.138800  0.156941  0.253698  0.287332  0.155781  0.626600  0.206487  0.238232  0.209971  0.156213  0.120970  0.301075  0.290409  0.096569  0.234382  0.327487  0.235623  0.077475  0.338961  0.202780  0.326915  0.408022  0.353511  0.115507  0.144914  0.233317  0.107314  0.191958  0.190973  0.358782  0.177151  0.138256  0.248601  0.661294  0.368598  0.215251  0.320731  0.283030  0.201274  0.085127  0.139517  0.206121  0.199659  0.207574  0.151437  0.130842  0.247068  0.167486  0.101138  0.232527  0.225766  0.544727  0.218357  0.209561  0.225402  0.286686  0.311883  0.201998  0.078176  0.204608  0.221965  0.273415  0.278421  0.102897  0.077475  0.077475  0.265864  0.366911  0.144857  0.387508  0.181133  0.296907  0.223522  0.077475  0.241206  0.302813  0.227035 
20  0.159838  0.277640  0.217920  0.077475  0.077475  0.255111  0.077475  0.122637  0.125343  0.287984  0.089734  0.279672  0.169901  0.168754  0.178821  0.177000  0.371638  0.157027  0.210468  0.180027 0.0  0.270370  0.220952  0.144958  0.318229  0.301062  0.226083  0.206608  0.131539  0.077475  0.143475  0.086740  0.077475  0.303576  0.164183  0.082150  0.135225  0.289902  0.077475  0.238030  0.220973  0.189333  0.077475  0.113339  0.286592  0.077475  0.161721  0.116177  0.077475  0.240359  0.077475  0.109873  0.084941  0.234298  0.248554  0.163774  0.099666  0.166433  0.394960  0.098139  0.077475  0.093565  0.208691  0.683517  0.235755  0.077475  0.111295  0.286403  0.246916  0.148357  0.077475  0.133641  0.158560  0.077475  0.602920  0.175318  0.104390  0.196018  0.120508  0.240561  0.203105  0.289498  0.222781  0.077475  0.134054  0.143998  0.253250  0.199597  0.381364  0.269614  0.339880  0.306598  0.229317  0.133396  0.077475  0.235446  0.161651  0.212061  0.153649  0.210764  0.104761  0.226706  0.527106  0.360036  0.113507  0.217316  0.196894  0.344865  0.077475  0.094822  0.145426  0.134439  0.116216  0.084432  0.195528  0.080234  0.311364  0.289089  0.077475  0.279044  0.412272  0.077475  0.077475  0.240710  0.117794  0.077475  0.119440  0.240324  0.236067  0.077475  0.131291  0.077475  0.198067  0.195360  0.188233  0.096619  0.221942  0.217427  0.338331  0.348236  0.214537  0.117356  0.312178  0.079828  0.201407  0.227284 
21  0.195547  0.087993  0.147306  0.251019  0.260820  0.207490  0.233199  0.413086  0.129386  0.328788  0.285319  0.334929  0.248435  0.077475  0.148494  0.257541  0.354502  0.132881  0.258146  0.080569  0.270370 0.0  0.290779  0.097426  0.152799  0.160746  0.252348  0.214197  0.447963  0.268904  0.257563  0.219402  0.149352  0.434721  0.097574  0.341522  0.358643  0.158855  0.230067  0.122759  0.162128  0.175092  0.144550  0.230045  0.124852  0.283505  0.358532  0.275866  0.237809  0.372255  0.086727  0.441879  0.183404  0.381206  0.182604  0.370162  0.277893  0.169188  0.233680  0.346439  0.285540  0.280699  0.359910  0.552874  0.464192  0.137433  0.174758  0.088963  0.171589  0.182758  0.172905  0.195873  0.413650  0.194059  0.614427  0.263138  0.226121  0.236127  0.260313  0.079156  0.372950  0.310050  0.197364  0.156230  0.266277  0.305136  0.183188  0.333606  0.234306  0.440247  0.485539  0.410659  0.115673  0.184228  0.199105  0.268188  0.387931  0.100980  0.211406  0.315703  0.349419  0.389489  0.749960  0.376587  0.308369  0.293323  0.445547  0.122098  0.237327  0.233338  0.346924  0.299101  0.194791  0.142801  0.219160  0.213751  0.189249  0.175695  0.297021  0.077475  0.520830  0.234326  0.318901  0.077475  0.217401  0.293055  0.155502  0.256773  0.148343  0.228231  0.364987  0.267982  0.205950  0.271188  0.109822  0.240895  0.478641  0.098445  0.325339  0.166491  0.363413  0.309338  0.207610  0.190243  0.319735  0.146571 
22  0.249433  0.377499  0.401683  0.188859  0.077475  0.277966  0.159417  0.077475  0.243704  0.149056  0.116464  0.183191  0.175553  0.373686  0.207954  0.218888  0.368351  0.255670  0.137676  0.339522  0.220952  0.290779 0.0  0.295153  0.499727  0.497457  0.086931  0.077475  0.077475  0.216325  0.100873  0.226471  0.131023  0.306801  0.403234  0.121850  0.133855  0.288173  0.246864  0.313344  0.467542  0.371549  0.166944  0.193188  0.371218  0.286063  0.158688  0.280593  0.215669  0.159384  0.173603  0.171843  0.198747  0.109033  0.307729  0.077475  0.142546  0.286951  0.307819  0.127091  0.268055  0.184161  0.092909  0.745414  0.164821  0.217837  0.249528  0.386817  0.406098  0.398944  0.213095  0.209693  0.153807  0.253115  0.401447  0.077475  0.251439  0.126196  0.207236  0.351430  0.140999  0.077475  0.429617  0.139547  0.239293  0.199098  0.310946  0.077475  0.300412  0.202516  0.171223  0.077475  0.352463  0.317293  0.156230  0.216278  0.139520  0.329335  0.315436  0.077475  0.263286  0.145144  0.502998  0.111433  0.249474  0.135936  0.181997  0.470129  0.180784  0.197394  0.255529  0.092743  0.113307  0.363439  0.283017  0.149105  0.380631  0.310723  0.229270  0.324305  0.362226  0.291939  0.146969  0.424090  0.227073  0.280595  0.199993  0.239987  0.371309  0.077475  0.078257  0.298708  0.223555  0.432460  0.292878  0.190398  0.312042  0.262272  0.098280  0.506956  0.111718  0.194278  0.201963  0.305004  0.154516  0.207912 
23  0.223074  0.214907  0.200867  0.203779  0.238641  0.227993  0.194945  0.327854  0.239218  0.160507  0.231675  0.176125  0.091405  0.173691  0.251807  0.143750  0.270050  0.270324  0.250025  0.077475  0.144958  0.097426  0.295153 0.0  0.323843  0.225109  0.291946  0.253681  0.326432  0.204807  0.162712  0.239899  0.232160  0.326568  0.180559  0.223471  0.260135  0.228679  0.312225  0.128326  0.315701  0.255320  0.344519  0.132643  0.208990  0.168261  0.196351  0.163891  0.208352  0.365997  0.145852  0.163746  0.198810  0.401774  0.199315  0.276967  0.183899  0.181450  0.222507  0.292160  0.225685  0.119355  0.242697  0.612486  0.421939  0.191959  0.163050  0.224237  0.144477  0.203571  0.278213  0.138020  0.242106  0.182232  0.494768  0.209306  0.154763  0.202142  0.093930  0.233123  0.230037  0.342271  0.241837  0.170883  0.189938  0.126373  0.195178  0.248339  0.388747  0.324964  0.411494  0.236209  0.247410  0.240202  0.172337  0.170092  0.267151  0.173596  0.143248  0.286534  0.077475  0.325642  0.753193  0.328553  0.256848  0.257279  0.248264  0.160820  0.285215  0.176633  0.239172  0.208680  0.161542  0.201865  0.240448  0.228325  0.354383  0.121873  0.197840  0.252046  0.466882  0.077475  0.334394  0.139329  0.196016  0.216808  0.146707  0.077475  0.215071  0.174516  0.257423  0.181280  0.135291  0.277260  0.270459  0.196023  0.342030  0.078401  0.336292  0.411251  0.240573  0.241174  0.204490  0.077475  0.326596  0.077475 
24  0.333872  0.190684  0.190315  0.230445  0.365260  0.247914  0.284179  0.399352  0.170318  0.427062  0.327550  0.347658  0.479631  0.088522  0.279621  0.189369  0.089659  0.189508  0.491541  0.282129  0.318229  0.152799  0.499727  0.323843 0.0  0.084038  0.377614  0.482742  0.527448  0.342980  0.413731  0.445779  0.476710  0.582494  0.168754  0.366941  0.593587  0.130920  0.296557  0.077475  0.167120  0.154398  0.284843  0.375039  0.249558  0.287654  0.359074  0.341296  0.364039  0.454637  0.313834  0.430136  0.420767  0.364939  0.228399  0.485743  0.443515  0.235829  0.077475  0.401615  0.313926  0.324838  0.447017  0.412434  0.501444  0.312073  0.368649  0.202981  0.188833  0.310818  0.295665  0.356882  0.364577  0.150764  0.648213  0.386736  0.239628  0.346050  0.328974  0.155139  0.418334  0.365428  0.224406  0.351368  0.242731  0.335326  0.170594  0.511436  0.077475  0.535493  0.555200  0.494134  0.324284  0.300392  0.293135  0.215313  0.368486  0.157494  0.395906  0.312655  0.361139  0.468218  0.794038  0.356636  0.365151  0.438421  0.528851  0.142142  0.338716  0.304077  0.443545  0.329146  0.343522  0.308037  0.158538  0.385139  0.192614  0.240002  0.345828  0.136428  0.649753  0.261854  0.414870  0.199148  0.284690  0.257753  0.345615  0.349152  0.204072  0.323196  0.420525  0.378119  0.244174  0.224177  0.156561  0.238443  0.573315  0.312985  0.463128  0.223327  0.355132  0.334615  0.151039  0.368230  0.404757  0.296799 
25  0.334487  0.095405  0.156362  0.343796  0.355026  0.219722  0.281835  0.454194  0.355242  0.445571  0.249505  0.369558  0.412053  0.077475  0.245840  0.329292  0.144900  0.189058  0.405135  0.198691  0.301062  0.160746  0.497457  0.225109  0.084038 0.0  0.544304  0.502837  0.426688  0.364276  0.356274  0.377988  0.316487  0.548854  0.183328  0.325274  0.465766  0.140355  0.298845  0.121205  0.180503  0.328955  0.298634  0.321566  0.112647  0.287758  0.261937  0.254500  0.384104  0.391706  0.248125  0.307182  0.302406  0.371185  0.208548  0.370376  0.382805  0.227837  0.126019  0.513420  0.291769  0.294491  0.447453  0.442664  0.460474  0.313454  0.315723  0.169980  0.099107  0.144194  0.237711  0.370527  0.239412  0.204707  0.613452  0.260857  0.338643  0.309636  0.300060  0.077475  0.422720  0.459906  0.109387  0.358916  0.360581  0.363419  0.256440  0.429970  0.247983  0.505772  0.464998  0.421990  0.216983  0.250685  0.232925  0.155124  0.388156  0.147222  0.443079  0.462404  0.271471  0.433987  0.840626  0.467708  0.340050  0.454446  0.485914  0.177866  0.331671  0.272112  0.389071  0.258823  0.269708  0.135705  0.207794  0.229390  0.256536  0.200605  0.344082  0.222338  0.603867  0.417958  0.313796  0.126706  0.238747  0.343613  0.363359  0.203503  0.200176  0.269941  0.463744  0.246522  0.246468  0.243181  0.205486  0.175054  0.545313  0.154258  0.413911  0.077475  0.487316  0.283961  0.117682  0.234279  0.536156  0.283107 
26  0.193590  0.399015  0.434136  0.201613  0.280425  0.327847  0.218484  0.077475  0.310735  0.115062  0.133917  0.077475  0.135973  0.358575  0.249224  0.146890  0.474465  0.364732  0.100639  0.309149  0.226083  0.252348  0.086931  0.291946  0.377614  0.544304 0.0  0.077475  0.149855  0.210614  0.077475  0.106281  0.224993  0.379204  0.422062  0.077475  0.077475  0.440377  0.143897  0.377123  0.389614  0.237348  0.181414  0.129332  0.336238  0.103019  0.095199  0.176031  0.189447  0.097153  0.201370  0.133456  0.288229  0.144963  0.235983  0.112578  0.093385  0.296415  0.474053  0.077475  0.154083  0.145278  0.103164  0.689022  0.150587  0.150745  0.127025  0.383310  0.270055  0.409587  0.336589  0.077475  0.225131  0.295193  0.266361  0.243270  0.256953  0.232161  0.101741  0.345139  0.095557  0.093940  0.353204  0.193753  0.177317  0.225250  0.454267  0.100788  0.463325  0.151728  0.108965  0.077475  0.283187  0.378976  0.125889  0.243253  0.077475  0.407805  0.278379  0.150281  0.358667  0.120658  0.529134  0.077475  0.200744  0.077475  0.077475  0.359319  0.088734  0.217731  0.143906  0.224991  0.175757  0.286925  0.231617  0.077475  0.471146  0.351114  0.259315  0.388164  0.239063  0.280612  0.090317  0.330025  0.223988  0.294672  0.266313  0.358290  0.381763  0.158591  0.077475  0.197421  0.317097  0.264178  0.305135  0.209235  0.120052  0.255380  0.081201  0.436835  0.077475  0.168068  0.330918  0.168420  0.077475  0.307429 
