146
0 0.0  0.365212  0.335554  0.086103  0.118008  0.228595  0.172851  0.200574  0.279880  0.201327  0.130831  0.291315  0.086103  0.281400  0.117099  0.149022  0.332773  0.252214  0.255394  0.150538  0.102009  0.244028  0.219893  0.212450  0.394100  0.343469  0.123215  0.277142  0.247676  0.133134  0.166138  0.155752  0.086103  0.390791  0.373889  0.167851  0.292721  0.363717  0.086103  0.360564  0.376933  0.113926  0.086103  0.086103  0.249604  0.086103  0.182440  0.086103  0.145820  0.332812  0.293455  0.276312  0.113590  0.220057  0.216578  0.151189  0.104201  0.247968  0.368113  0.169071  0.218725  0.180704  0.191067  0.608192  0.360903  0.086103  0.086103  0.353343  0.206780  0.198652  0.086103  0.206313  0.138584  0.272781  0.576362  0.086103  0.100145  0.154933  0.199964  0.259133  0.208394  0.174933  0.192634  0.152580  0.086909  0.162171  0.186717  0.285814  0.395982  0.319091  0.346228  0.180102  0.209005  0.086103  0.148632  0.275658  0.221330  0.310272  0.223431  0.233828  0.178436  0.154917  0.685673  0.300398  0.251699  0.162346  0.267916  0.282433  0.093871  0.086103  0.087188  0.108936  0.086103  0.146804  0.234255  0.282800  0.282576  0.213897  0.179879  0.257629  0.477476  0.093468  0.097076  0.251631  0.189103  0.126516  0.086103  0.222200  0.254822  0.089688  0.086103  0.150907  0.127655  0.253458  0.287759  0.086103  0.169092  0.241229  0.229675  0.384188  0.201340  0.086103  0.213853  0.123489  0.194596  0.154104 
1  0.365212 0.0  0.112082  0.282957  0.337778  0.169835  0.320267  0.433286  0.306987  0.477408  0.296113  0.345111  0.347354  0.215645  0.306291  0.440814  0.268668  0.275546  0.221179  0.157969  0.349207  0.139058  0.390067  0.235637  0.237784  0.153993  0.524677  0.415842  0.434620  0.419738  0.215017  0.325869  0.422761  0.429060  0.185565  0.318195  0.444574  0.171688  0.237566  0.086103  0.234493  0.260751  0.312063  0.342728  0.211224  0.218141  0.364236  0.291139  0.217013  0.335665  0.190556  0.341043  0.317714  0.452824  0.189859  0.524078  0.349772  0.213280  0.261096  0.246863  0.372128  0.162449  0.374426  0.527700  0.518832  0.286118  0.342150  0.114283  0.200134  0.162341  0.294726  0.125606  0.364321  0.331502  0.745896  0.271350  0.336454  0.333556  0.411710  0.096117  0.474521  0.409458  0.278701  0.334865  0.416846  0.382589  0.297747  0.434319  0.305604  0.488142  0.562557  0.427721  0.333432  0.189219  0.193326  0.244007  0.521602  0.097642  0.333881  0.438876  0.323531  0.418169  0.894289  0.468444  0.353999  0.437291  0.345882  0.086103  0.265261  0.309028  0.249726  0.386337  0.348193  0.309893  0.239736  0.334127  0.259972  0.208338  0.226993  0.086103  0.706488  0.262824  0.369436  0.177918  0.161743  0.257179  0.341445  0.312911  0.131186  0.440113  0.500256  0.383701  0.252636  0.283946  0.086103  0.202954  0.407113  0.305271  0.450538  0.171439  0.279299  0.266977  0.199689  0.300792  0.394868  0.167650 
2  0.335554  0.112082 0.0  0.164862  0.257196  0.135312  0.333224  0.414282  0.110664  0.375291  0.282443  0.355521  0.387913  0.193331  0.198730  0.348295  0.177498  0.358593  0.348079  0.092591  0.309367  0.147873  0.406757  0.224411  0.144381  0.193929  0.384678  0.407268  0.495779  0.349485  0.466004  0.293991  0.307677  0.600516  0.086103  0.336170  0.340061  0.142763  0.396682  0.091904  0.197831  0.215144  0.328517  0.275148  0.087424  0.204344  0.354206  0.249086  0.296887  0.494874  0.198180  0.442494  0.271691  0.407583  0.205619  0.437339  0.449529  0.304871  0.254074  0.395212  0.253732  0.357026  0.503582  0.643056  0.510856  0.315589  0.379400  0.139064  0.264496  0.220514  0.261622  0.356070  0.320921  0.205365  0.598818  0.288894  0.352714  0.308954  0.254685  0.166412  0.434464  0.466393  0.098273  0.281003  0.321811  0.370996  0.336976  0.377638  0.135175  0.503105  0.551597  0.379832  0.209580  0.132912  0.401305  0.143491  0.483465  0.161169  0.326354  0.487807  0.282290  0.478520  0.929423  0.409662  0.404967  0.480850  0.390928  0.250976  0.340939  0.372923  0.403532  0.257849  0.246037  0.189541  0.086103  0.362401  0.221531  0.157315  0.348787  0.115156  0.653771  0.256843  0.343860  0.086103  0.265252  0.315100  0.254947  0.262537  0.156418  0.263989  0.255064  0.192497  0.128289  0.224110  0.188974  0.303817  0.420142  0.281368  0.386211  0.188687  0.394671  0.358017  0.192889  0.268153  0.491965  0.212194 
3  0.086103  0.282957  0.164862 0.0  0.124935  0.156922  0.086103  0.204216  0.124676  0.312341  0.154105  0.190674  0.097445  0.262244  0.179290  0.086103  0.397501  0.264276  0.242959  0.243416  0.086103  0.140966  0.270354  0.231024  0.213693  0.365814  0.184578  0.232629  0.262076  0.086103  0.183139  0.086103  0.264123  0.473845  0.284533  0.086103  0.174778  0.223570  0.152838  0.177303  0.361787  0.210375  0.086103  0.112524  0.281965  0.086103  0.123592  0.086103  0.122992  0.195475  0.118336  0.205138  0.096714  0.221582  0.124132  0.367138  0.207839  0.144900  0.283652  0.232334  0.086103  0.086103  0.221053  0.731978  0.435440  0.086103  0.099960  0.274741  0.205829  0.312190  0.086103  0.093739  0.122862  0.183739  0.498561  0.178406  0.130867  0.153641  0.163460  0.282084  0.211556  0.213347  0.183418  0.086103  0.086103  0.086103  0.186778  0.239788  0.344424  0.330016  0.304425  0.291505  0.111746  0.265681  0.120010  0.086103  0.288906  0.354731  0.086103  0.322417  0.233814  0.154792  0.657968  0.258306  0.206813  0.296397  0.301507  0.432333  0.086103  0.086103  0.136610  0.086103  0.197985  0.202799  0.103044  0.183517  0.232239  0.227708  0.126103  0.280783  0.548481  0.086103  0.152967  0.177496  0.194875  0.086103  0.140392  0.223693  0.369983  0.086103  0.145253  0.116729  0.265295  0.157569  0.106398  0.086103  0.270827  0.324248  0.218422  0.454397  0.260154  0.120277  0.299296  0.086103  0.233934  0.111018 
4  0.118008  0.337778  0.257196  0.124935 0.0  0.091678  0.086103  0.143296  0.193610  0.241829  0.086103  0.176618  0.236743  0.259164  0.135931  0.162932  0.374793  0.294835  0.122601  0.228831  0.160680  0.270620  0.204152  0.192313  0.372411  0.282320  0.296915  0.289936  0.169486  0.148368  0.086103  0.086103  0.086103  0.565144  0.209554  0.192686  0.246158  0.348644  0.154646  0.257902  0.340276  0.230312  0.092079  0.245036  0.266546  0.173255  0.192105  0.143207  0.200850  0.300052  0.086103  0.216046  0.107920  0.199887  0.180073  0.141273  0.186941  0.121496  0.416972  0.247240  0.180192  0.131025  0.208503  0.567660  0.360561  0.086103  0.104875  0.280500  0.120492  0.213687  0.157411  0.115087  0.171451  0.282292  0.542613  0.086103  0.086103  0.182500  0.163603  0.321168  0.147488  0.187767  0.330700  0.271663  0.191373  0.114803  0.238552  0.216731  0.443292  0.301800  0.332899  0.193036  0.196813  0.192355  0.086103  0.216366  0.086103  0.373209  0.227636  0.135060  0.180744  0.195300  0.715673  0.245887  0.173152  0.217241  0.087434  0.265222  0.086103  0.150157  0.093363  0.086103  0.121315  0.243843  0.281231  0.149848  0.250271  0.154090  0.196170  0.298587  0.382588  0.086103  0.212096  0.263453  0.216334  0.124663  0.124148  0.104881  0.237337  0.202993  0.173030  0.109292  0.152782  0.256978  0.171897  0.233148  0.155445  0.200217  0.153325  0.211195  0.155687  0.086103  0.221823  0.160763  0.188976  0.231211 
5  0.228595  0.169835  0.135312  0.156922  0.091678 0.0  0.150691  0.290659  0.152185  0.378252  0.273522  0.292642  0.293804  0.193136  0.101407  0.179195  0.352015  0.172396  0.243373  0.155872  0.292876  0.148404  0.377323  0.300350  0.236903  0.101117  0.334280  0.287128  0.279481  0.302507  0.320616  0.209960  0.138818  0.598562  0.141633  0.342495  0.325092  0.198525  0.176905  0.217338  0.273276  0.086103  0.183849  0.148989  0.086103  0.086103  0.250298  0.208002  0.210185  0.432417  0.134150  0.258712  0.172536  0.409530  0.086362  0.285817  0.340598  0.086103  0.206346  0.299555  0.209323  0.240021  0.384600  0.466037  0.388987  0.207926  0.250627  0.274855  0.256286  0.086103  0.259855  0.259462  0.224893  0.092494  0.653036  0.137244  0.206021  0.253280  0.167833  0.131105  0.250991  0.447794  0.142961  0.086103  0.221279  0.251365  0.157060  0.294498  0.306805  0.346770  0.487843  0.311425  0.086103  0.096331  0.312644  0.143616  0.302971  0.264224  0.299340  0.337594  0.230968  0.341088  0.813434  0.493894  0.347610  0.341628  0.352213  0.198407  0.292164  0.324744  0.286680  0.143932  0.302393  0.143114  0.198939  0.382338  0.335113  0.086103  0.247069  0.269329  0.469144  0.184838  0.152251  0.116047  0.170909  0.288378  0.125452  0.086103  0.189989  0.363687  0.276069  0.153693  0.086103  0.157002  0.158201  0.188829  0.436601  0.127686  0.404933  0.290127  0.269897  0.181449  0.232386  0.201208  0.334842  0.125610 
6  0.172851  0.320267  0.333224  0.086103  0.086103  0.150691 0.0  0.357254  0.208871  0.247824  0.179143  0.158915  0.175986  0.313855  0.103750  0.115542  0.408955  0.253455  0.086103  0.232101  0.126794  0.251023  0.275135  0.210374  0.238160  0.280879  0.095908  0.297624  0.237117  0.187574  0.169885  0.172103  0.119188  0.542418  0.201146  0.160039  0.258668  0.286207  0.105805  0.285499  0.322561  0.197612  0.149777  0.100716  0.340544  0.112220  0.086103  0.184193  0.309047  0.105304  0.110053  0.206105  0.086103  0.224764  0.251259  0.086103  0.086103  0.164423  0.375091  0.172918  0.086103  0.120230  0.238079  0.716289  0.242858  0.086103  0.122592  0.246483  0.274341  0.192626  0.237817  0.105915  0.125399  0.210480  0.526857  0.086103  0.185012  0.086103  0.202397  0.224959  0.219482  0.186291  0.196648  0.086103  0.086103  0.179358  0.299565  0.166058  0.371184  0.336239  0.383583  0.282943  0.231755  0.180740  0.185428  0.172941  0.139856  0.385510  0.140850  0.253204  0.191596  0.191442  0.695351  0.247046  0.205229  0.170963  0.197124  0.271614  0.087228  0.087783  0.086103  0.195815  0.149885  0.140898  0.191203  0.086103  0.254701  0.187018  0.112824  0.253374  0.369982  0.106828  0.192904  0.234337  0.109783  0.086103  0.086553  0.206942  0.214838  0.120867  0.231315  0.086103  0.179275  0.158547  0.277280  0.264763  0.221200  0.188829  0.239751  0.512419  0.288878  0.086103  0.218405  0.097165  0.211290  0.089309 
7  0.200574  0.433286  0.414282  0.204216  0.143296  0.290659  0.357254 0.0  0.254145  0.086103  0.226046  0.100788  0.146517  0.307770  0.174746  0.157492  0.600087  0.386610  0.086103  0.262769  0.286130  0.324982  0.152135  0.309074  0.644799  0.477305  0.174328  0.132424  0.105952  0.113546  0.161976  0.145469  0.086103  0.422371  0.371427  0.158756  0.235854  0.351048  0.088754  0.472110  0.364328  0.328188  0.285782  0.202861  0.316397  0.151417  0.206481  0.204905  0.125584  0.164981  0.207122  0.267017  0.260736  0.149743  0.271846  0.154380  0.130853  0.354623  0.398575  0.126427  0.236122  0.350564  0.086103  0.793494  0.241449  0.141351  0.279706  0.348050  0.406853  0.425801  0.226427  0.318628  0.258930  0.380251  0.489889  0.249751  0.143799  0.193095  0.253927  0.375269  0.141365  0.160916  0.500606  0.239773  0.314952  0.156506  0.382970  0.125148  0.404401  0.098306  0.184320  0.111516  0.320291  0.196080  0.213492  0.257111  0.086103  0.407065  0.217148  0.174761  0.139426  0.086103  0.590996  0.114862  0.154652  0.086103  0.086103  0.408079  0.179364  0.229446  0.182017  0.129898  0.332254  0.174124  0.342891  0.237973  0.413383  0.317109  0.226396  0.479605  0.372890  0.270144  0.086103  0.378113  0.261153  0.259211  0.230973  0.253653  0.413402  0.234554  0.089245  0.229148  0.361446  0.337147  0.440812  0.169749  0.094838  0.348200  0.086103  0.595405  0.086103  0.220828  0.416840  0.343632  0.104874  0.365916 
8  0.279880  0.306987  0.110664  0.124676  0.193610  0.152185  0.208871  0.254145 0.0  0.273195  0.107287  0.236567  0.170261  0.120562  0.086103  0.137608  0.276269  0.253604  0.326763  0.136078  0.086305  0.235209  0.243220  0.213506  0.330741  0.302925  0.250018  0.232476  0.397243  0.228809  0.230614  0.237325  0.104508  0.511444  0.200107  0.279044  0.265980  0.291763  0.164111  0.174001  0.297619  0.086103  0.146995  0.233578  0.240394  0.164385  0.212155  0.086103  0.277044  0.264698  0.086103  0.191773  0.153661  0.234604  0.188809  0.322478  0.104622  0.189235  0.300046  0.154672  0.196964  0.175342  0.322309  0.613275  0.374508  0.100844  0.238606  0.147824  0.213946  0.165159  0.086103  0.142076  0.303059  0.149425  0.690956  0.229648  0.086103  0.149518  0.196140  0.161484  0.188078  0.300117  0.195224  0.138843  0.229582  0.269342  0.145674  0.341645  0.251138  0.317176  0.447151  0.183716  0.086103  0.198356  0.169820  0.098516  0.252815  0.274557  0.292184  0.226944  0.119355  0.219287  0.737865  0.406722  0.353510  0.389915  0.260556  0.278171  0.210444  0.172482  0.185877  0.124014  0.132354  0.086103  0.190619  0.236977  0.187614  0.086103  0.086103  0.235279  0.537896  0.141935  0.161165  0.192796  0.086103  0.221196  0.171249  0.172933  0.188358  0.089798  0.261749  0.234414  0.190650  0.086705  0.108944  0.124974  0.402193  0.115149  0.267354  0.310356  0.288454  0.139722  0.112760  0.209822  0.340089  0.086103 
9  0.201327  0.477408  0.375291  0.312341  0.241829  0.378252  0.247824  0.086103  0.273195 0.0  0.316239  0.130917  0.226265  0.414436  0.216198  0.130786  0.497823  0.505179  0.156159  0.353290  0.224159  0.429181  0.188489  0.423705  0.571314  0.436297  0.177085  0.086103  0.149628  0.195548  0.166216  0.200761  0.096654  0.269912  0.344630  0.239304  0.087262  0.477576  0.185877  0.401778  0.351255  0.368523  0.186680  0.264472  0.461310  0.231839  0.181606  0.322476  0.121494  0.285104  0.296843  0.173183  0.262067  0.109314  0.477220  0.201340  0.182885  0.414158  0.413475  0.086103  0.244440  0.247775  0.090725  0.769194  0.230688  0.359066  0.187969  0.460335  0.360683  0.360207  0.256313  0.194194  0.240700  0.308596  0.415108  0.273845  0.086103  0.313195  0.419204  0.397221  0.233851  0.086103  0.398183  0.226815  0.392458  0.232172  0.389039  0.138146  0.558463  0.086103  0.246617  0.086103  0.351221  0.407563  0.222428  0.349706  0.136445  0.401590  0.240892  0.159580  0.230530  0.168861  0.630803  0.109218  0.155741  0.129791  0.126092  0.614427  0.326884  0.241708  0.197207  0.135886  0.230519  0.226173  0.326544  0.284610  0.610337  0.332926  0.226536  0.406194  0.292875  0.238735  0.368008  0.411886  0.301913  0.200829  0.178935  0.298183  0.473567  0.122504  0.135743  0.239010  0.471003  0.309008  0.385067  0.366034  0.132681  0.348776  0.086103  0.610883  0.178474  0.174213  0.293156  0.332210  0.117066  0.429235 
10  0.130831  0.296113  0.282443  0.154105  0.086103  0.273522  0.179143  0.226046  0.107287  0.316239 0.0  0.196433  0.285332  0.282960  0.090538  0.103908  0.310337  0.155122  0.182325  0.208533  0.168503  0.285309  0.086103  0.156111  0.317229  0.369351  0.271837  0.097055  0.296249  0.194286  0.198018  0.086103  0.086103  0.331433  0.291427  0.227144  0.312047  0.381841  0.126408  0.196742  0.389560  0.209809  0.086103  0.209766  0.140371  0.093929  0.205220  0.102827  0.249707  0.091082  0.086103  0.167550  0.086103  0.241515  0.194060  0.233818  0.234181  0.202409  0.345638  0.155729  0.150694  0.258523  0.171910  0.699045  0.359846  0.130020  0.117072  0.227046  0.233492  0.260931  0.229351  0.086103  0.198934  0.272806  0.479997  0.086103  0.099765  0.086103  0.203222  0.225732  0.264810  0.301807  0.194238  0.086103  0.163521  0.086103  0.233130  0.120358  0.357857  0.295388  0.357783  0.171502  0.142883  0.214843  0.086103  0.188736  0.339948  0.301319  0.216910  0.195676  0.186190  0.225821  0.677717  0.151067  0.228164  0.195151  0.233978  0.254544  0.086103  0.166925  0.090534  0.168937  0.091123  0.086103  0.160116  0.093765  0.366548  0.196579  0.112426  0.256176  0.405887  0.086103  0.156854  0.247647  0.141488  0.086103  0.130154  0.168309  0.275908  0.128628  0.266542  0.107086  0.177285  0.188073  0.217803  0.185112  0.217372  0.202995  0.293702  0.402979  0.219637  0.133105  0.289757  0.140350  0.214584  0.203340 
11  0.291315  0.345111  0.355521  0.190674  0.176618  0.292642  0.158915  0.100788  0.236567  0.130917  0.196433 0.0  0.116611  0.428743  0.341795  0.086103  0.520975  0.311667  0.086103  0.355807  0.184136  0.365540  0.172817  0.162179  0.384562  0.489990  0.143796  0.086103  0.237187  0.086103  0.123650  0.086103  0.133460  0.339063  0.448959  0.086103  0.212872  0.299697  0.168242  0.425917  0.488946  0.214118  0.149805  0.133415  0.352365  0.139443  0.133306  0.208096  0.099170  0.105528  0.224105  0.086103  0.086103  0.086103  0.396939  0.166089  0.174775  0.270583  0.622373  0.106637  0.179474  0.110131  0.091787  0.707906  0.199688  0.165475  0.152981  0.323938  0.340840  0.385490  0.221848  0.163340  0.113269  0.176789  0.417759  0.180913  0.131605  0.188024  0.181600  0.223157  0.260871  0.208939  0.211218  0.126778  0.167006  0.097225  0.296181  0.164989  0.400922  0.203234  0.205119  0.136781  0.283608  0.318616  0.122216  0.292855  0.152878  0.362550  0.271845  0.095038  0.292288  0.133778  0.639914  0.187915  0.088068  0.086103  0.159209  0.505964  0.157033  0.188217  0.122393  0.086103  0.086103  0.224907  0.204405  0.162187  0.366489  0.242485  0.122856  0.348748  0.339879  0.152118  0.086103  0.242347  0.271593  0.086103  0.142622  0.285695  0.307279  0.168799  0.086103  0.202778  0.193944  0.260247  0.348293  0.198898  0.294138  0.377129  0.140701  0.415082  0.086103  0.086103  0.316863  0.249149  0.305733  0.227976 
12  0.086103  0.347354  0.387913  0.097445  0.236743  0.293804  0.175986  0.146517  0.170261  0.226265  0.285332  0.116611 0.0  0.327216  0.259743  0.135681  0.390217  0.436526  0.086103  0.409741  0.213733  0.383584  0.112606  0.273961  0.528873  0.350726  0.086103  0.153998  0.113591  0.131824  0.125834  0.195868  0.212492  0.450242  0.283197  0.250640  0.169498  0.431066  0.214905  0.448201  0.446820  0.196986  0.299833  0.158259  0.438818  0.205297  0.086103  0.148093  0.199371  0.086103  0.205486  0.156554  0.118766  0.249543  0.330362  0.117214  0.121328  0.368151  0.449856  0.086103  0.172969  0.233350  0.086103  0.727818  0.109578  0.174876  0.187462  0.372023  0.252447  0.348941  0.132004  0.184620  0.207875  0.393415  0.450957  0.106705  0.112506  0.215399  0.183704  0.335317  0.178786  0.172778  0.273310  0.118383  0.283720  0.119877  0.406098  0.141656  0.472872  0.094642  0.300958  0.148719  0.419639  0.342283  0.255967  0.253993  0.086103  0.486664  0.230571  0.152982  0.196214  0.095797  0.592751  0.125507  0.086103  0.086103  0.112458  0.519897  0.329894  0.092480  0.121737  0.156424  0.144842  0.334712  0.335661  0.126426  0.412968  0.342365  0.220912  0.371158  0.388676  0.110045  0.171091  0.340948  0.263517  0.192304  0.086103  0.444036  0.377021  0.265195  0.257127  0.181957  0.259958  0.407718  0.291088  0.272000  0.102893  0.326363  0.086103  0.527777  0.086103  0.143711  0.295397  0.264406  0.198131  0.246726 
13  0.281400  0.215645  0.193331  0.262244  0.259164  0.193136  0.313855  0.307770  0.120562  0.414436  0.282960  0.428743  0.327216 0.0  0.264888  0.432339  0.292511  0.176988  0.337507  0.192258  0.265492  0.154985  0.324551  0.184505  0.182515  0.236740  0.405556  0.432766  0.340501  0.369255  0.366058  0.222492  0.287377  0.641536  0.184080  0.432680  0.358708  0.186167  0.262426  0.190935  0.185259  0.175935  0.174490  0.331210  0.086103  0.297671  0.354162  0.295601  0.386790  0.378893  0.278141  0.345963  0.234653  0.445111  0.238732  0.394386  0.432401  0.200578  0.131584  0.467331  0.279086  0.235432  0.486435  0.635575  0.438373  0.202357  0.163086  0.255393  0.109699  0.232209  0.239492  0.278645  0.270932  0.086103  0.610434  0.385841  0.295494  0.311563  0.295952  0.086103  0.402644  0.493232  0.272825  0.226219  0.283831  0.279558  0.243620  0.373288  0.319123  0.534201  0.635157  0.348106  0.211994  0.155533  0.336370  0.271499  0.406881  0.266271  0.470258  0.421900  0.417323  0.430502  0.968402  0.425373  0.218052  0.389188  0.453943  0.181449  0.275317  0.315006  0.365925  0.268805  0.345560  0.115883  0.123786  0.273001  0.162948  0.140769  0.277791  0.099296  0.594810  0.248639  0.277798  0.140728  0.226871  0.358758  0.274203  0.129335  0.086103  0.322169  0.448224  0.366365  0.250001  0.279655  0.229941  0.086103  0.432732  0.235738  0.434713  0.293204  0.439093  0.207209  0.250108  0.213705  0.447717  0.145396 
14  0.117099  0.306291  0.198730  0.179290  0.135931  0.101407  0.103750  0.174746  0.086103  0.216198  0.090538  0.341795  0.259743  0.264888 0.0  0.258270  0.306000  0.202487  0.220897  0.162030  0.086103  0.139705  0.282921  0.215256  0.254918  0.330014  0.329765  0.243987  0.354376  0.152329  0.154894  0.159816  0.203688  0.523934  0.200605  0.163277  0.258633  0.312736  0.165472  0.255955  0.148383  0.086103  0.086103  0.171458  0.086103  0.086103  0.196226  0.225249  0.227137  0.295670  0.180592  0.338441  0.215972  0.385196  0.164948  0.317081  0.283975  0.218149  0.184109  0.228513  0.171598  0.210636  0.215050  0.579429  0.374705  0.256788  0.232985  0.196422  0.231640  0.086103  0.132057  0.262461  0.217471  0.113459  0.655629  0.178994  0.261391  0.105039  0.137227  0.168603  0.283920  0.275444  0.214734  0.129697  0.086103  0.127318  0.160978  0.276775  0.331991  0.313717  0.395734  0.306478  0.098608  0.213777  0.299612  0.131619  0.326320  0.151892  0.379952  0.242093  0.160541  0.297323  0.759939  0.357918  0.187035  0.168743  0.237453  0.302568  0.191714  0.209140  0.210547  0.202697  0.309541  0.086103  0.093580  0.221569  0.316380  0.168078  0.097251  0.189523  0.506511  0.149064  0.261438  0.107749  0.181224  0.197415  0.102188  0.193072  0.243667  0.166834  0.229707  0.185593  0.193828  0.153545  0.120278  0.110152  0.330751  0.212667  0.378677  0.304231  0.086103  0.209550  0.086103  0.154886  0.260365  0.170723 
15  0.149022  0.440814  0.348295  0.086103  0.162932  0.179195  0.115542  0.157492  0.137608  0.130786  0.103908  0.086103  0.135681  0.432339  0.258270 0.0  0.490399  0.159233  0.240633  0.273749  0.086103  0.268116  0.221669  0.371140  0.525585  0.366276  0.112916  0.211842  0.159031  0.136285  0.110439  0.086103  0.136367  0.373245  0.312416  0.086103  0.338078  0.261844  0.086651  0.436031  0.426275  0.282350  0.205880  0.201767  0.347481  0.277842  0.115536  0.086459  0.227103  0.216356  0.147309  0.238397  0.168929  0.218228  0.179165  0.306504  0.096012  0.213872  0.422444  0.171206  0.115444  0.201466  0.086103  0.736642  0.390730  0.086103  0.097805  0.277406  0.272934  0.259672  0.109888  0.086103  0.191969  0.213873  0.529960  0.086103  0.143458  0.215345  0.155621  0.295768  0.153951  0.229235  0.227639  0.194194  0.139801  0.114097  0.227441  0.160173  0.505879  0.384484  0.281335  0.160511  0.286098  0.160628  0.268505  0.213875  0.264286  0.330439  0.124937  0.110154  0.128929  0.245866  0.585480  0.137257  0.086103  0.098709  0.133811  0.329161  0.124131  0.086103  0.088535  0.158354  0.136514  0.175347  0.303167  0.211395  0.409097  0.263090  0.086103  0.434798  0.481454  0.154742  0.095681  0.368558  0.134015  0.114027  0.115572  0.205467  0.182570  0.172627  0.222815  0.086103  0.307461  0.273791  0.324272  0.090251  0.341635  0.289860  0.112039  0.409869  0.214407  0.217450  0.370493  0.117574  0.196222  0.246627 
16  0.332773  0.268668  0.177498  0.397501  0.374793  0.352015  0.408955  0.600087  0.276269  0.497823  0.310337  0.520975  0.390217  0.292511  0.306000  0.490399 0.0  0.143194  0.504568  0.172838  0.242977  0.275431  0.532016  0.359158  0.130225  0.208764  0.477567  0.433574  0.493748  0.265624  0.370499  0.570705  0.345468  0.654773  0.283658  0.463421  0.487517  0.165054  0.406626  0.341672  0.091348  0.312531  0.390351  0.320406  0.184190  0.418970  0.360781  0.224455  0.478743  0.493014  0.361800  0.464458  0.259547  0.576970  0.318361  0.512262  0.555753  0.262362  0.086103  0.464011  0.377340  0.342182  0.425903  0.498304  0.580503  0.433453  0.278680  0.172837  0.182976  0.297547  0.290282  0.324474  0.325208  0.331489  0.732225  0.318779  0.252744  0.444952  0.432419  0.235485  0.549809  0.549468  0.217333  0.337925  0.256040  0.486592  0.236824  0.540398  0.120906  0.513816  0.686558  0.503385  0.313559  0.304559  0.367738  0.112962  0.547033  0.258406  0.488956  0.333257  0.393757  0.510845  0.906771  0.482566  0.498765  0.537237  0.427054  0.318142  0.506773  0.417762  0.449588  0.314888  0.345804  0.282787  0.362392  0.462573  0.169880  0.212039  0.465145  0.253366  0.695642  0.302304  0.433018  0.298861  0.287107  0.346335  0.467851  0.270194  0.171144  0.303203  0.436471  0.419488  0.256357  0.342861  0.294631  0.351261  0.526582  0.273622  0.649578  0.180814  0.513431  0.361903  0.120703  0.297105  0.508561  0.351774 
17  0.252214  0.275546  0.358593  0.264276  0.294835  0.172396  0.253455  0.386610  0.253604  0.505179  0.155122  0.311667  0.436526  0.176988  0.202487  0.159233  0.143194 0.0  0.266773  0.178677  0.353748  0.202989  0.447014  0.324876  0.145320  0.214249  0.365973  0.361868  0.405083  0.189405  0.332901  0.287426  0.217464  0.611168  0.143529  0.267284  0.520083  0.163081  0.255217  0.150437  0.132974  0.145353  0.272988  0.241995  0.120719  0.285112  0.272388  0.246275  0.542253  0.408423  0.287933  0.390204  0.281788  0.496350  0.180941  0.203131  0.255578  0.086103  0.193047  0.482561  0.140653  0.194761  0.515352  0.577434  0.398088  0.181323  0.232081  0.186404  0.155072  0.124323  0.300747  0.286672  0.271130  0.201885  0.573553  0.273603  0.276583  0.371256  0.226353  0.157943  0.405206  0.510796  0.110685  0.272457  0.307258  0.208644  0.125167  0.497835  0.302983  0.510440  0.415886  0.383768  0.124817  0.189901  0.131827  0.131205  0.283468  0.102495  0.262399  0.417788  0.272946  0.327593  0.648001  0.410519  0.427895  0.376280  0.312305  0.331925  0.135330  0.229653  0.266131  0.335605  0.179284  0.275482  0.206907  0.339588  0.281948  0.116624  0.344882  0.132722  0.679449  0.242603  0.182709  0.152721  0.264341  0.143850  0.237580  0.091520  0.086103  0.302090  0.279053  0.251299  0.086103  0.245148  0.162827  0.281739  0.397731  0.136680  0.318207  0.309293  0.336367  0.261196  0.086103  0.336226  0.462501  0.188459 
18  0.255394  0.221179  0.348079  0.242959  0.122601  0.243373  0.086103  0.086103  0.326763  0.156159  0.182325  0.086103  0.086103  0.337507  0.220897  0.240633  0.504568  0.266773 0.0  0.414196  0.283067  0.444933  0.160694  0.375876  0.530096  0.440816  0.120913  0.133314  0.203721  0.177535  0.086103  0.294461  0.181353  0.369143  0.373485  0.172339  0.092326  0.412023  0.200854  0.377245  0.519913  0.252985  0.327531  0.196109  0.452902  0.112724  0.086103  0.199009  0.173231  0.149227  0.197206  0.092005  0.305763  0.182718  0.253467  0.233081  0.086103  0.314571  0.434753  0.086103  0.293100  0.213593  0.086103  0.711155  0.258972  0.269671  0.155282  0.415851  0.354962  0.259312  0.143087  0.262177  0.251870  0.289231  0.273221  0.173956  0.241329  0.139408  0.231291  0.419920  0.086103  0.097126  0.238634  0.200630  0.305016  0.184787  0.445170  0.268384  0.454545  0.138454  0.346708  0.156566  0.362253  0.199094  0.278243  0.386092  0.097922  0.292878  0.170526  0.086103  0.219302  0.093357  0.555448  0.184842  0.086103  0.141349  0.230622  0.428608  0.171415  0.290001  0.125497  0.164449  0.185823  0.243718  0.255992  0.223764  0.438377  0.403947  0.169488  0.450493  0.420816  0.244993  0.140050  0.365786  0.137521  0.167353  0.247634  0.350349  0.484342  0.133232  0.086103  0.152328  0.412598  0.378901  0.228906  0.222459  0.155158  0.120718  0.140529  0.570577  0.196723  0.175267  0.332147  0.330027  0.183427  0.244287 
19  0.150538  0.157969  0.092591  0.243416  0.228831  0.155872  0.232101  0.262769  0.136078  0.353290  0.208533  0.355807  0.409741  0.192258  0.162030  0.273749  0.172838  0.178677  0.414196 0.0  0.175261  0.178602  0.276284  0.236238  0.257971  0.152074  0.366587  0.435752  0.259289  0.262000  0.263311  0.279321  0.195017  0.514864  0.166680  0.144969  0.403122  0.190274  0.226708  0.141070  0.247743  0.086103  0.282369  0.086103  0.279846  0.282879  0.301405  0.308549  0.267061  0.411623  0.184732  0.329645  0.282410  0.459134  0.086103  0.408931  0.349058  0.111846  0.210231  0.344954  0.222437  0.208157  0.410342  0.701934  0.344005  0.283535  0.116732  0.177722  0.168522  0.221898  0.086103  0.291853  0.347002  0.108815  0.646744  0.290600  0.223951  0.176610  0.229736  0.154307  0.331693  0.256965  0.155895  0.244998  0.281021  0.214447  0.121562  0.227227  0.246603  0.423285  0.425690  0.376921  0.138363  0.267150  0.239415  0.140298  0.333954  0.170980  0.303164  0.277150  0.251449  0.255939  0.827633  0.319892  0.361457  0.374020  0.475994  0.164333  0.256204  0.223396  0.271056  0.237384  0.210780  0.255927  0.193753  0.325004  0.227162  0.118599  0.259497  0.220814  0.597572  0.194852  0.291402  0.086103  0.176235  0.277592  0.298836  0.086103  0.208320  0.187082  0.304424  0.154227  0.086103  0.187269  0.086103  0.151564  0.276546  0.300492  0.372447  0.215056  0.380161  0.183443  0.139844  0.162426  0.427144  0.201427 
20  0.102009  0.349207  0.309367  0.086103  0.160680  0.292876  0.126794  0.286130  0.086305  0.224159  0.168503  0.184136  0.213733  0.265492  0.086103  0.086103  0.242977  0.353748  0.283067  0.175261 0.0  0.204311  0.107895  0.250793  0.345192  0.350998  0.100457  0.275135  0.279046  0.255926  0.136442  0.158603  0.120650  0.367623  0.293227  0.086103  0.258281  0.325444  0.086103  0.416470  0.377681  0.178932  0.136663  0.086103  0.265077  0.135605  0.149277  0.113189  0.274925  0.218919  0.100140  0.142020  0.124951  0.237694  0.278230  0.344097  0.248022  0.206754  0.300807  0.176128  0.086103  0.126133  0.185773  0.653242  0.264019  0.096527  0.086103  0.284126  0.338039  0.313073  0.195979  0.129255  0.246784  0.106395  0.462627  0.086103  0.203976  0.219171  0.086103  0.294930  0.210437  0.231664  0.330685  0.086103  0.086103  0.086103  0.244758  0.086103  0.302509  0.305803  0.272097  0.359878  0.122535  0.293877  0.113127  0.169526  0.308076  0.129139  0.162333  0.168570  0.086103  0.269955  0.727971  0.314238  0.101782  0.102330  0.219250  0.333266  0.086103  0.124116  0.151820  0.153178  0.154104  0.134517  0.265428  0.200693  0.302068  0.086103  0.116249  0.398450  0.314114  0.097355  0.148217  0.274250  0.091713  0.145802  0.168009  0.218611  0.271546  0.112612  0.283577  0.168175  0.200374  0.166758  0.238710  0.158626  0.340287  0.225103  0.306354  0.367703  0.150207  0.157040  0.255896  0.101444  0.157009  0.228870 
21  0.244028  0.139058  0.147873  0.140966  0.270620  0.148404  0.251023  0.324982  0.235209  0.429181  0.285309  0.365540  0.383584  0.154985  0.139705  0.268116  0.275431  0.202989  0.444933  0.178602  0.204311 0.0  0.438956  0.203911  0.141782  0.245253  0.465650  0.440401  0.429324  0.243066  0.249441  0.233356  0.249922  0.554727  0.097032  0.380153  0.384503  0.193812  0.201346  0.091639  0.215733  0.210149  0.183058  0.392678  0.086103  0.224929  0.301724  0.150286  0.275139  0.383060  0.183194  0.291411  0.134801  0.346503  0.205246  0.319026  0.368434  0.240505  0.118737  0.334707  0.195109  0.244018  0.460261  0.480436  0.558625  0.422299  0.319060  0.115940  0.280550  0.136607  0.215464  0.296541  0.278957  0.144380  0.558161  0.311131  0.319893  0.359000  0.307188  0.093820  0.360231  0.360287  0.117800  0.420236  0.147907  0.220036  0.118273  0.357798  0.302285  0.450136  0.406439  0.424638  0.104488  0.172926  0.260288  0.086103  0.307772  0.115795  0.248337  0.424850  0.309272  0.266322  0.814896  0.563813  0.326623  0.353678  0.353558  0.181764  0.323950  0.239547  0.288255  0.313067  0.222511  0.277321  0.165431  0.281798  0.337998  0.203069  0.262328  0.155541  0.639641  0.188457  0.327047  0.104548  0.179606  0.138177  0.278784  0.182058  0.150381  0.293269  0.375683  0.285938  0.230916  0.231838  0.154819  0.244257  0.389253  0.185040  0.427945  0.290447  0.418114  0.307974  0.209609  0.247081  0.484635  0.137311 
22  0.219893  0.390067  0.406757  0.270354  0.204152  0.377323  0.275135  0.152135  0.243220  0.188489  0.086103  0.172817  0.112606  0.324551  0.282921  0.221669  0.532016  0.447014  0.160694  0.276284  0.107895  0.438956 0.0  0.281721  0.595377  0.313031  0.138738  0.165395  0.117599  0.092003  0.117732  0.275408  0.273458  0.436765  0.398912  0.086103  0.098223  0.525594  0.122663  0.415674  0.491804  0.225407  0.220098  0.177652  0.440236  0.167062  0.240506  0.232046  0.216618  0.223336  0.248594  0.191360  0.166492  0.086103  0.287784  0.170258  0.152895  0.312959  0.467400  0.086103  0.306195  0.159655  0.164200  0.788898  0.251831  0.114777  0.178324  0.323210  0.357291  0.296327  0.159644  0.189405  0.329663  0.242310  0.498667  0.243347  0.158096  0.237001  0.167502  0.375517  0.086103  0.195874  0.361618  0.246604  0.209682  0.197958  0.399977  0.086103  0.523730  0.119428  0.100026  0.136746  0.295991  0.277225  0.257369  0.200723  0.144859  0.511492  0.267772  0.086103  0.187702  0.086103  0.551962  0.195401  0.113465  0.291710  0.086103  0.554225  0.303264  0.286489  0.160845  0.335861  0.224152  0.313946  0.319121  0.247869  0.401067  0.257507  0.268957  0.324434  0.262518  0.120113  0.156437  0.240904  0.382190  0.150371  0.276840  0.367998  0.393208  0.293878  0.203571  0.272186  0.255592  0.263613  0.324150  0.154138  0.168309  0.421703  0.086103  0.524271  0.174693  0.265155  0.444981  0.368250  0.118829  0.369768 
23  0.212450  0.235637  0.224411  0.231024  0.192313  0.300350  0.210374  0.309074  0.213506  0.423705  0.156111  0.162179  0.273961  0.184505  0.215256  0.371140  0.359158  0.324876  0.375876  0.236238  0.250793  0.203911  0.281721 0.0  0.360877  0.334404  0.355316  0.246242  0.243767  0.184930  0.243331  0.180285  0.254523  0.444350  0.246154  0.294153  0.283502  0.306267  0.208466  0.216988  0.335182  0.191609  0.215202  0.235542  0.118893  0.184073  0.215286  0.197286  0.205276  0.210321  0.220465  0.247818  0.138717  0.408904  0.213998  0.294953  0.248330  0.296780  0.390960  0.385854  0.193803  0.149946  0.335900  0.647043  0.465389  0.233515  0.171487  0.270506  0.204364  0.384169  0.154816  0.229670  0.281917  0.271561  0.451346  0.316083  0.207787  0.212893  0.243812  0.193831  0.231229  0.252802  0.219394  0.123712  0.147411  0.231462  0.287696  0.336158  0.380953  0.459714  0.409388  0.254774  0.090852  0.210173  0.127097  0.338729  0.303747  0.168125  0.151911  0.420577  0.142168  0.303407  0.678373  0.364608  0.252512  0.360131  0.349565  0.109945  0.218421  0.279991  0.208792  0.290476  0.227244  0.239349  0.200384  0.317447  0.331894  0.227331  0.165373  0.250326  0.581427  0.220966  0.229608  0.164559  0.187087  0.189091  0.254201  0.220091  0.228715  0.179681  0.351850  0.267100  0.205205  0.223010  0.241911  0.127705  0.328070  0.155013  0.200344  0.326581  0.155149  0.224554  0.193443  0.097775  0.323828  0.171601 
24  0.394100  0.237784  0.144381  0.213693  0.372411  0.236903  0.238160  0.644799  0.330741  0.571314  0.317229  0.384562  0.528873  0.182515  0.254918  0.525585  0.130225  0.145320  0.530096  0.257971  0.345192  0.141782  0.595377  0.360877 0.0  0.111389  0.546982  0.484660  0.631804  0.467942  0.495304  0.405931  0.513615  0.650091  0.225307  0.433308  0.504558  0.157846  0.375640  0.221543  0.109120  0.267841  0.254825  0.415253  0.227755  0.335787  0.327297  0.295875  0.548465  0.416288  0.305330  0.414331  0.439775  0.559704  0.266988  0.434915  0.451919  0.214200  0.231330  0.495593  0.416245  0.379571  0.463211  0.392747  0.599188  0.260777  0.406055  0.212634  0.223431  0.240588  0.302835  0.383196  0.305145  0.317463  0.695457  0.312996  0.370067  0.363640  0.256382  0.289194  0.458460  0.495114  0.204179  0.388856  0.289141  0.409119  0.185471  0.475575  0.171515  0.548473  0.527657  0.477015  0.218809  0.274470  0.335447  0.220455  0.491838  0.248427  0.380271  0.500257  0.272293  0.461566  0.860157  0.567538  0.466971  0.515708  0.496067  0.241688  0.297000  0.321808  0.429877  0.379356  0.427167  0.184799  0.216442  0.422951  0.243995  0.132413  0.408694  0.175177  0.839820  0.233613  0.341232  0.262882  0.240507  0.320678  0.477197  0.344727  0.149294  0.341438  0.487058  0.287709  0.305634  0.253645  0.249816  0.286043  0.466083  0.301640  0.463213  0.246253  0.477910  0.494945  0.229538  0.355159  0.453028  0.139451 
25  0.343469  0.153993  0.193929  0.365814  0.282320  0.101117  0.280879  0.477305  0.302925  0.436297  0.369351  0.489990  0.350726  0.236740  0.330014  0.366276  0.208764  0.214249  0.440816  0.152074  0.350998  0.245253  0.313031  0.334404  0.111389 0.0  0.484438  0.480249  0.507281  0.299172  0.394049  0.347848  0.303470  0.644390  0.125506  0.462127  0.492206  0.115360  0.358865  0.132441  0.130001  0.304335  0.459364  0.347616  0.214038  0.233012  0.391262  0.360646  0.467179  0.402831  0.395197  0.429467  0.344529  0.464521  0.262756  0.461101  0.452864  0.287348  0.086103  0.467091  0.302062  0.365936  0.463731  0.413320  0.506349  0.342911  0.360398  0.241153  0.210524  0.235647  0.255734  0.233052  0.335839  0.280303  0.792807  0.411217  0.435574  0.267909  0.350847  0.237280  0.511912  0.482805  0.116577  0.344921  0.358544  0.413018  0.284808  0.339038  0.120714  0.445542  0.566043  0.564956  0.344758  0.256883  0.464201  0.210195  0.448141  0.170844  0.492561  0.483621  0.334146  0.388989  0.941992  0.496754  0.371265  0.414089  0.470085  0.201750  0.335879  0.349182  0.373578  0.408838  0.278349  0.249934  0.328727  0.362759  0.169853  0.210993  0.431251  0.206787  0.792388  0.325575  0.460721  0.167679  0.284948  0.456842  0.402449  0.279957  0.129990  0.417521  0.579974  0.406611  0.210822  0.253167  0.086103  0.370303  0.586080  0.257527  0.561824  0.118410  0.444836  0.344779  0.245191  0.389248  0.405852  0.303502 
26  0.123215  0.524677  0.384678  0.184578  0.296915  0.334280  0.095908  0.174328  0.250018  0.177085  0.271837  0.143796  0.086103  0.405556  0.329765  0.112916  0.477567  0.365973  0.120913  0.366587  0.100457  0.465650  0.138738  0.355316  0.546982  0.484438 0.0  0.086103  0.086103  0.138129  0.105103  0.310795  0.102834  0.276942  0.401921  0.269711  0.086103  0.409467  0.202606  0.463002  0.501533  0.297227  0.270638  0.175899  0.332281  0.253490  0.158192  0.138007  0.210149  0.207638  0.310875  0.086103  0.234090  0.134578  0.322034  0.086103  0.212282  0.418191  0.424063  0.086103  0.269996  0.133029  0.168899  0.711812  0.369775  0.180945  0.224824  0.408482  0.363811  0.348598  0.241405  0.243843  0.283157  0.326599  0.515533  0.200150  0.185764  0.167501  0.322214  0.441785  0.086103  0.108084  0.360076  0.268227  0.260121  0.321514  0.369241  0.086103  0.691895  0.086878  0.202675  0.086103  0.426796  0.465317  0.276093  0.273844  0.096829  0.497894  0.286255  0.215694  0.410078  0.086103  0.516526  0.128196  0.200082  0.086103  0.086103  0.525842  0.221669  0.125419  0.086103  0.243612  0.221129  0.262400  0.248856  0.302430  0.420970  0.442473  0.161072  0.378454  0.329132  0.329742  0.171800  0.388669  0.185869  0.203220  0.228624  0.283402  0.253999  0.243205  0.172631  0.332582  0.218863  0.415765  0.338983  0.318109  0.174341  0.303293  0.086103  0.513437  0.086103  0.151209  0.424297  0.234906  0.086103  0.237824 
