146
0 0.0  0.286223  0.257995  0.081456  0.092330  0.170753  0.086453  0.185274  0.135743  0.219697  0.079141  0.162232  0.191988  0.258252  0.134459  0.127950  0.364694  0.195231  0.177891  0.178325  0.092945  0.222702  0.196030  0.174399  0.319610  0.239993  0.202219  0.199501  0.232736  0.103307  0.144526  0.103262  0.116157  0.398335  0.216352  0.138174  0.197973  0.274438  0.100983  0.268396  0.292668  0.146932  0.083543  0.090523  0.214586  0.099609  0.142034  0.094131  0.192666  0.231445  0.095121  0.168948  0.079437  0.208589  0.164806  0.195916  0.155818  0.181626  0.341303  0.195427  0.101084  0.098712  0.190300  0.604090  0.303997  0.085797  0.086644  0.209132  0.192864  0.215812  0.086490  0.106849  0.185724  0.127808  0.444662  0.078648  0.097409  0.092849  0.101684  0.221175  0.219373  0.234992  0.232771  0.098228  0.106331  0.118881  0.219275  0.194878  0.343746  0.252166  0.325191  0.201693  0.180247  0.179034  0.078865  0.182042  0.195370  0.282262  0.189652  0.221579  0.155260  0.225129  0.667850  0.233922  0.134515  0.199919  0.231977  0.326168  0.080612  0.109799  0.134556  0.107142  0.096124  0.125300  0.172628  0.113864  0.289757  0.191759  0.122691  0.266540  0.367529  0.085455  0.106501  0.224267  0.105143  0.115907  0.104935  0.179366  0.253564  0.112830  0.216690  0.101396  0.189092  0.186381  0.194402  0.105958  0.257993  0.178408  0.196573  0.358635  0.201140  0.106184  0.200759  0.150388  0.203934  0.188631 
1  0.286223 0.0  0.076244  0.234310  0.266460  0.174331  0.287996  0.371394  0.231337  0.377599  0.265485  0.336730  0.357285  0.133838  0.205869  0.314568  0.234019  0.170283  0.381964  0.191299  0.288720  0.122851  0.381672  0.205908  0.147456  0.146207  0.360586  0.423394  0.402137  0.309699  0.364376  0.278501  0.275613  0.539156  0.110846  0.295413  0.413546  0.182249  0.295024  0.088884  0.228000  0.207006  0.285985  0.265953  0.134923  0.234443  0.292648  0.283905  0.266782  0.379369  0.234101  0.336720  0.266993  0.404394  0.229264  0.402796  0.360909  0.229743  0.205565  0.344094  0.239595  0.232752  0.397100  0.553245  0.480857  0.260871  0.258336  0.120837  0.214677  0.228792  0.241713  0.275792  0.317277  0.200476  0.635316  0.257849  0.291509  0.243031  0.238938  0.128868  0.418515  0.406318  0.187830  0.297927  0.279105  0.314930  0.243276  0.336099  0.215250  0.461471  0.505450  0.376863  0.197200  0.150503  0.275425  0.191650  0.423257  0.088928  0.265933  0.373999  0.254190  0.421115  0.916243  0.387336  0.319901  0.372142  0.355309  0.117540  0.279704  0.266855  0.306735  0.313446  0.292648  0.232283  0.157138  0.312832  0.276430  0.177119  0.298394  0.088465  0.573659  0.275929  0.292047  0.145105  0.215188  0.280758  0.258260  0.219451  0.147222  0.294218  0.398918  0.206214  0.218714  0.196382  0.221049  0.226440  0.419241  0.184710  0.339610  0.210984  0.395042  0.278309  0.173063  0.212196  0.416338  0.181863 
2  0.257995  0.076244 0.0  0.227651  0.262078  0.190962  0.266457  0.380462  0.192060  0.405665  0.271414  0.351538  0.384613  0.133380  0.212065  0.304699  0.242732  0.197481  0.366749  0.209663  0.244924  0.124640  0.392780  0.205919  0.184373  0.148821  0.430330  0.388090  0.410228  0.290547  0.344793  0.288329  0.294078  0.464128  0.123062  0.260938  0.351847  0.175476  0.246483  0.086393  0.216257  0.193997  0.282092  0.293616  0.147887  0.228534  0.319349  0.254905  0.306471  0.392450  0.204223  0.304930  0.266067  0.398089  0.210245  0.364417  0.388590  0.211928  0.228397  0.363608  0.242059  0.248204  0.349096  0.556464  0.512579  0.254330  0.275200  0.114849  0.203306  0.225240  0.251635  0.298815  0.275439  0.214151  0.609332  0.251077  0.282127  0.290835  0.239359  0.132443  0.383394  0.389823  0.186932  0.296058  0.258073  0.305489  0.200197  0.435051  0.246683  0.398710  0.494437  0.367535  0.192894  0.165135  0.268062  0.188270  0.350736  0.090178  0.250259  0.405801  0.211186  0.374180  0.669239  0.423594  0.278927  0.357264  0.385556  0.111324  0.267409  0.271765  0.318277  0.294833  0.282672  0.240746  0.158196  0.334989  0.212192  0.162614  0.307202  0.092255  0.659713  0.224603  0.295374  0.140407  0.203152  0.278777  0.256312  0.210057  0.150419  0.294034  0.365931  0.253848  0.216747  0.233663  0.200091  0.267205  0.383667  0.150994  0.390295  0.221891  0.369026  0.317610  0.232772  0.193472  0.342491  0.179412 
3  0.081456  0.234310  0.227651 0.0  0.093860  0.168762  0.083296  0.186555  0.131930  0.225659  0.083224  0.152390  0.181674  0.256886  0.142385  0.115183  0.324857  0.229082  0.178528  0.191354  0.085352  0.232289  0.205571  0.183795  0.314409  0.298508  0.206071  0.239605  0.222122  0.106796  0.148825  0.100279  0.118966  0.461058  0.250884  0.137319  0.203922  0.259848  0.106944  0.249494  0.308798  0.146228  0.083046  0.088892  0.230216  0.095545  0.139860  0.087564  0.177847  0.207781  0.098267  0.149476  0.082847  0.204686  0.184273  0.213389  0.141198  0.200110  0.307908  0.208837  0.088927  0.091819  0.204138  0.605697  0.273832  0.083104  0.081838  0.210208  0.214537  0.229730  0.088505  0.113872  0.184894  0.134528  0.417202  0.082125  0.099308  0.096499  0.101421  0.194422  0.199637  0.190602  0.239564  0.094093  0.102799  0.116149  0.213141  0.203364  0.389922  0.301827  0.310099  0.221967  0.181675  0.184786  0.083017  0.161932  0.187439  0.254827  0.161742  0.217816  0.149955  0.226193  0.439272  0.240143  0.135384  0.207897  0.200105  0.276253  0.077932  0.103054  0.130688  0.108010  0.100787  0.120595  0.178754  0.119488  0.291218  0.183664  0.111469  0.250015  0.411204  0.082526  0.107638  0.203170  0.109290  0.119990  0.099473  0.189572  0.231092  0.106451  0.214145  0.100974  0.186510  0.199203  0.213500  0.108327  0.261257  0.172618  0.217859  0.341608  0.182083  0.105183  0.215053  0.140142  0.202832  0.169810 
4  0.092330  0.266460  0.262078  0.093860 0.0  0.172780  0.091586  0.207587  0.135352  0.223871  0.085950  0.151926  0.166809  0.245409  0.135902  0.130893  0.295757  0.215422  0.187115  0.185688  0.099101  0.218703  0.201134  0.200303  0.283948  0.310138  0.204582  0.225508  0.197612  0.091314  0.148634  0.095876  0.125310  0.454115  0.216957  0.129565  0.197779  0.246179  0.093720  0.271823  0.313857  0.157272  0.089555  0.098456  0.266424  0.111087  0.143156  0.092167  0.205289  0.216537  0.099300  0.145400  0.087986  0.208370  0.163440  0.197023  0.161463  0.223318  0.302203  0.192102  0.110052  0.113653  0.197388  0.572608  0.334753  0.097097  0.091430  0.223101  0.215726  0.208567  0.103024  0.092601  0.180463  0.144892  0.535834  0.086060  0.088406  0.077596  0.121926  0.228898  0.185134  0.196997  0.270388  0.099438  0.112458  0.121228  0.182040  0.216718  0.312209  0.275473  0.294072  0.187719  0.169368  0.206242  0.084229  0.182390  0.178394  0.264436  0.185984  0.195689  0.172308  0.177120  0.596275  0.226673  0.135866  0.206617  0.201120  0.345125  0.090238  0.112261  0.132146  0.096450  0.083357  0.134522  0.175825  0.110552  0.257083  0.186141  0.133478  0.281514  0.378332  0.099999  0.095928  0.223588  0.125043  0.128017  0.112370  0.177743  0.281358  0.113170  0.191775  0.118279  0.188876  0.173364  0.216607  0.109425  0.242623  0.180745  0.195763  0.392829  0.187147  0.090866  0.189937  0.172014  0.220370  0.177990 
5  0.170753  0.174331  0.190962  0.168762  0.172780 0.0  0.176858  0.306003  0.121386  0.296407  0.158073  0.263521  0.329915  0.154064  0.115436  0.218754  0.266570  0.105944  0.285396  0.086120  0.191427  0.151662  0.275800  0.207094  0.200841  0.231316  0.312356  0.313573  0.324953  0.201685  0.285107  0.206065  0.211665  0.526144  0.161357  0.230838  0.322338  0.170264  0.221895  0.178547  0.212242  0.106035  0.184743  0.189147  0.149605  0.180471  0.276473  0.205536  0.260077  0.302617  0.151110  0.239545  0.179024  0.298191  0.105022  0.289313  0.275787  0.118430  0.210031  0.260226  0.186889  0.173503  0.315635  0.560629  0.322523  0.196158  0.191693  0.141747  0.105151  0.117621  0.158139  0.189087  0.262838  0.118423  0.616362  0.180814  0.173870  0.190547  0.181915  0.129263  0.278480  0.319325  0.149456  0.216938  0.214133  0.189977  0.131271  0.314106  0.240948  0.346729  0.392680  0.316793  0.080374  0.138454  0.170261  0.077637  0.359444  0.179133  0.257308  0.308777  0.211612  0.300888  0.805079  0.334630  0.228918  0.239059  0.289201  0.235539  0.187546  0.200730  0.239244  0.203786  0.204445  0.123548  0.123642  0.206676  0.192158  0.091761  0.211325  0.177992  0.543931  0.173479  0.194407  0.129630  0.127441  0.233313  0.208848  0.102539  0.154960  0.203165  0.244009  0.174307  0.105825  0.107828  0.104337  0.141899  0.364021  0.192264  0.331376  0.285291  0.302292  0.196403  0.109835  0.175313  0.268987  0.152127 
6  0.086453  0.287996  0.266457  0.083296  0.091586  0.176858 0.0  0.199832  0.148438  0.220550  0.086235  0.152069  0.164206  0.265129  0.147171  0.107269  0.369577  0.213162  0.180052  0.202302  0.080849  0.243177  0.215097  0.163937  0.317643  0.285926  0.200781  0.200153  0.209686  0.099413  0.133019  0.099436  0.116956  0.405367  0.223601  0.117126  0.190134  0.275453  0.092860  0.290403  0.321587  0.155727  0.081430  0.081752  0.264276  0.096036  0.143768  0.080553  0.172836  0.210919  0.099902  0.156611  0.085728  0.199034  0.188336  0.201164  0.146313  0.205412  0.266384  0.192286  0.095692  0.095583  0.192396  0.563391  0.338064  0.075478  0.077125  0.217130  0.242149  0.209280  0.095360  0.097369  0.166898  0.149557  0.446034  0.084538  0.098671  0.099460  0.100148  0.229694  0.199255  0.218706  0.266940  0.084763  0.097212  0.103575  0.231039  0.200861  0.313684  0.276678  0.266199  0.222628  0.173501  0.172333  0.088167  0.177911  0.183827  0.256205  0.156190  0.216429  0.157697  0.196837  0.708038  0.242793  0.132644  0.189172  0.197647  0.267314  0.080539  0.097641  0.115898  0.107440  0.097899  0.129542  0.177811  0.116840  0.308130  0.193683  0.104059  0.267298  0.408358  0.089028  0.104092  0.219085  0.129788  0.109921  0.094513  0.186293  0.261291  0.094248  0.202033  0.099761  0.191337  0.199304  0.210518  0.113315  0.229261  0.171318  0.192742  0.394599  0.189876  0.098446  0.202445  0.144063  0.217121  0.154853 
7  0.185274  0.371394  0.380462  0.186555  0.207587  0.306003  0.199832 0.0  0.246456  0.103963  0.202198  0.112632  0.102484  0.356528  0.304451  0.163287  0.487766  0.341931  0.096741  0.273235  0.189748  0.341004  0.106216  0.260763  0.422903  0.466740  0.086661  0.094357  0.099344  0.176831  0.132525  0.174080  0.173396  0.329774  0.371782  0.144176  0.100813  0.330308  0.173719  0.430277  0.328478  0.263310  0.178524  0.181297  0.391515  0.209929  0.143239  0.181011  0.186424  0.158028  0.248696  0.126800  0.204924  0.094628  0.292519  0.083605  0.119116  0.308028  0.430201  0.081947  0.212937  0.213807  0.080298  0.518597  0.242985  0.159509  0.183859  0.350792  0.331560  0.328601  0.205027  0.191841  0.196041  0.247795  0.368319  0.193790  0.176463  0.176194  0.207954  0.336579  0.085772  0.087512  0.369020  0.174563  0.177621  0.168105  0.302812  0.083881  0.467531  0.163168  0.205469  0.110327  0.270848  0.294212  0.201506  0.290362  0.080265  0.419252  0.228040  0.080673  0.260470  0.076402  0.439125  0.122657  0.139715  0.079533  0.080332  0.401889  0.194825  0.182672  0.140854  0.169703  0.190159  0.249872  0.307339  0.149018  0.386731  0.326677  0.156684  0.409931  0.307856  0.191232  0.171537  0.299589  0.256026  0.182613  0.173067  0.293156  0.311900  0.180268  0.078934  0.192658  0.286124  0.278580  0.309312  0.205621  0.145924  0.291148  0.094415  0.494996  0.079635  0.163558  0.321799  0.242020  0.111456  0.297390 
8  0.135743  0.231337  0.192060  0.131930  0.135352  0.121386  0.148438  0.246456 0.0  0.233793  0.144084  0.207865  0.264817  0.201619  0.080651  0.174575  0.298547  0.165624  0.221218  0.129112  0.153420  0.161393  0.267796  0.174626  0.283129  0.229332  0.268451  0.257670  0.325071  0.164523  0.198334  0.158722  0.164922  0.467598  0.163225  0.206603  0.270688  0.219751  0.165246  0.203323  0.229539  0.092173  0.132931  0.147625  0.178682  0.129386  0.207635  0.150896  0.225355  0.273080  0.113086  0.205566  0.130324  0.255400  0.137563  0.291320  0.218496  0.150214  0.249010  0.262586  0.135260  0.133497  0.264211  0.511908  0.395370  0.144738  0.146178  0.150572  0.149884  0.148317  0.120542  0.168573  0.198388  0.083363  0.491028  0.136018  0.160486  0.147506  0.141927  0.155430  0.263701  0.300643  0.203245  0.164541  0.156837  0.181975  0.175469  0.227018  0.266270  0.353354  0.409047  0.282092  0.111502  0.131793  0.134250  0.122202  0.246559  0.208121  0.194792  0.262138  0.151157  0.262187  0.644847  0.315059  0.187549  0.258158  0.243475  0.245726  0.142084  0.185109  0.197424  0.155713  0.144513  0.089094  0.119368  0.192068  0.246072  0.131687  0.185527  0.208856  0.454489  0.130089  0.155913  0.151739  0.090573  0.170680  0.160612  0.137058  0.199181  0.157617  0.223246  0.152289  0.133820  0.133466  0.149314  0.112456  0.260131  0.142156  0.279894  0.274752  0.245539  0.151732  0.156119  0.131908  0.253380  0.141154 
9  0.219697  0.377599  0.405665  0.225659  0.223871  0.296407  0.220550  0.103963  0.233793 0.0  0.241281  0.142156  0.127030  0.401944  0.272575  0.186300  0.505458  0.363323  0.120897  0.353021  0.193741  0.416100  0.098012  0.288191  0.462195  0.553226  0.091243  0.083602  0.079399  0.178986  0.169915  0.195433  0.193156  0.376129  0.363598  0.171640  0.091193  0.428865  0.188385  0.427144  0.424403  0.304780  0.205445  0.225012  0.369989  0.227234  0.180233  0.202097  0.196388  0.186307  0.258321  0.161008  0.233649  0.079426  0.296210  0.094380  0.145592  0.291479  0.407776  0.095735  0.263674  0.190686  0.099526  0.664240  0.168885  0.218593  0.207871  0.298949  0.347207  0.352893  0.240546  0.192079  0.256885  0.293145  0.302784  0.244078  0.180720  0.184683  0.226565  0.385058  0.113169  0.090501  0.367660  0.210545  0.219316  0.196389  0.353095  0.095185  0.466218  0.161173  0.162027  0.087174  0.275740  0.323424  0.210537  0.320640  0.097838  0.416942  0.221274  0.098369  0.272677  0.106187  0.391200  0.137699  0.160380  0.103604  0.098171  0.457439  0.220839  0.200047  0.169010  0.196672  0.187879  0.295787  0.340352  0.183419  0.384165  0.368753  0.186053  0.388738  0.280195  0.224085  0.182564  0.386260  0.270622  0.186074  0.226791  0.364402  0.344531  0.188990  0.102544  0.205376  0.362868  0.291428  0.311527  0.275135  0.140623  0.263343  0.085175  0.527595  0.096094  0.191675  0.347313  0.291278  0.095151  0.243193 
10  0.079141  0.265485  0.271414  0.083224  0.085950  0.158073  0.086235  0.202198  0.144084  0.241281 0.0  0.165763  0.159870  0.237875  0.150125  0.116638  0.315885  0.192578  0.194528  0.188445  0.089446  0.236608  0.204770  0.188446  0.343692  0.296353  0.183303  0.222776  0.215926  0.092295  0.157483  0.099953  0.115881  0.482319  0.231010  0.138659  0.204450  0.258257  0.098790  0.285287  0.302822  0.159256  0.079642  0.092335  0.227886  0.096916  0.142752  0.092362  0.167694  0.223625  0.094867  0.154460  0.075336  0.201789  0.180895  0.227684  0.152308  0.213617  0.294402  0.194756  0.103546  0.101751  0.177665  0.603983  0.310502  0.084087  0.082791  0.193919  0.212307  0.232840  0.094497  0.099994  0.190365  0.137604  0.555824  0.075742  0.094406  0.091247  0.096408  0.201241  0.199106  0.182966  0.249695  0.094281  0.097586  0.119032  0.218814  0.194945  0.339601  0.267131  0.316524  0.225802  0.181377  0.188959  0.077722  0.168685  0.195155  0.247281  0.188730  0.192642  0.145062  0.202512  0.651374  0.217223  0.131712  0.186815  0.179129  0.272759  0.079094  0.113607  0.128052  0.106211  0.091108  0.122512  0.179615  0.126560  0.273007  0.197110  0.115947  0.263334  0.419702  0.087873  0.103048  0.199836  0.118709  0.120302  0.105441  0.192969  0.236602  0.101086  0.198757  0.105215  0.187839  0.187336  0.192795  0.106099  0.243466  0.193781  0.212598  0.331327  0.181079  0.102258  0.216676  0.158700  0.198708  0.166991 
11  0.162232  0.336730  0.351538  0.152390  0.151926  0.263521  0.152069  0.112632  0.207865  0.142156  0.165763 0.0  0.098375  0.383995  0.207406  0.113635  0.438647  0.260574  0.105894  0.240542  0.157610  0.351416  0.142791  0.242014  0.438759  0.395478  0.135406  0.140191  0.140898  0.146754  0.082688  0.133140  0.124626  0.352616  0.302053  0.097825  0.135016  0.375945  0.128785  0.322106  0.341998  0.208171  0.159545  0.141667  0.283987  0.168754  0.090061  0.144610  0.160515  0.159478  0.176875  0.082099  0.146829  0.130298  0.229102  0.129230  0.079424  0.260293  0.360854  0.123339  0.157931  0.161269  0.119831  0.671073  0.257489  0.146847  0.134973  0.328679  0.298301  0.275104  0.171922  0.134340  0.167728  0.214191  0.370895  0.152603  0.137046  0.153781  0.166064  0.276474  0.106988  0.134005  0.380432  0.129062  0.145984  0.123863  0.244754  0.134901  0.426267  0.206187  0.208765  0.147651  0.253020  0.221144  0.157042  0.259932  0.129488  0.340997  0.163209  0.121468  0.198094  0.128446  0.537845  0.155882  0.099741  0.111662  0.126085  0.315111  0.148705  0.135990  0.106658  0.127022  0.138218  0.206069  0.242198  0.121819  0.360383  0.271689  0.124198  0.345150  0.341401  0.166689  0.132236  0.291980  0.204364  0.117377  0.158957  0.251926  0.359478  0.148284  0.116679  0.152992  0.286504  0.271102  0.273407  0.175451  0.175732  0.253621  0.134583  0.389333  0.117828  0.141294  0.277793  0.248190  0.132301  0.240887 
12  0.191988  0.357285  0.384613  0.181674  0.166809  0.329915  0.164206  0.102484  0.264817  0.127030  0.159870  0.098375 0.0  0.319933  0.253477  0.143717  0.380049  0.318254  0.083159  0.320997  0.168730  0.349905  0.130546  0.269831  0.435758  0.406771  0.109789  0.121756  0.128358  0.167947  0.107408  0.162672  0.156293  0.299839  0.334115  0.129098  0.129312  0.361567  0.151766  0.388711  0.403797  0.267204  0.159925  0.161710  0.357690  0.190137  0.115452  0.163856  0.151076  0.134252  0.195168  0.101144  0.189647  0.126217  0.255186  0.109662  0.105701  0.286869  0.436859  0.109127  0.198659  0.165580  0.103420  0.621566  0.241517  0.163501  0.161275  0.349338  0.296424  0.324986  0.199478  0.156440  0.186848  0.244728  0.368121  0.177784  0.187763  0.172042  0.163792  0.318645  0.094860  0.114135  0.359454  0.178343  0.158874  0.145443  0.320198  0.111844  0.403715  0.167253  0.210213  0.144041  0.286054  0.250464  0.189227  0.286614  0.113144  0.339846  0.175434  0.112176  0.215905  0.103931  0.532627  0.132069  0.114311  0.100001  0.107000  0.378502  0.187735  0.162667  0.142229  0.159754  0.181541  0.215201  0.282962  0.145658  0.405260  0.332359  0.142777  0.297367  0.295159  0.182224  0.160655  0.335292  0.207255  0.149425  0.159951  0.293503  0.408444  0.166187  0.105208  0.164059  0.273125  0.301549  0.295560  0.216533  0.131990  0.264627  0.122677  0.450932  0.105568  0.152451  0.269084  0.243472  0.133130  0.276131 
13  0.258252  0.133838  0.133380  0.256886  0.245409  0.154064  0.265129  0.356528  0.201619  0.401944  0.237875  0.383995  0.319933 0.0  0.183168  0.292200  0.173694  0.151318  0.383685  0.160442  0.306279  0.112991  0.332494  0.243983  0.145044  0.129413  0.389182  0.328680  0.404532  0.269831  0.331155  0.271824  0.277601  0.571694  0.107837  0.309968  0.363710  0.119175  0.278857  0.119502  0.156205  0.188970  0.260039  0.255983  0.082008  0.213429  0.307621  0.259618  0.350481  0.382022  0.210595  0.320635  0.275347  0.371700  0.189119  0.400326  0.322445  0.171491  0.167284  0.405616  0.229977  0.263509  0.360947  0.465410  0.480831  0.226613  0.247060  0.115946  0.147138  0.157642  0.248111  0.273122  0.303175  0.180568  0.644915  0.256643  0.266592  0.252002  0.239047  0.120142  0.359633  0.384730  0.119792  0.213007  0.264609  0.241826  0.173777  0.346887  0.178797  0.379366  0.482684  0.417953  0.152108  0.160013  0.247202  0.146661  0.371578  0.132942  0.288905  0.324811  0.260924  0.329963  0.895513  0.465205  0.251373  0.363774  0.368242  0.154871  0.216098  0.243592  0.306476  0.298921  0.245716  0.193915  0.156797  0.277306  0.181076  0.137890  0.300146  0.113803  0.553064  0.210553  0.290145  0.109253  0.227034  0.267073  0.230012  0.175905  0.087409  0.322103  0.368811  0.268471  0.174528  0.170453  0.151114  0.218823  0.410162  0.185420  0.406107  0.177105  0.375215  0.295634  0.160658  0.223857  0.312726  0.182864 
14  0.134459  0.205869  0.212065  0.142385  0.135902  0.115436  0.147171  0.304451  0.080651  0.272575  0.150125  0.207406  0.253477  0.183168 0.0  0.173684  0.292379  0.159398  0.281789  0.122527  0.142997  0.159952  0.275409  0.174004  0.263976  0.211912  0.266372  0.287735  0.284234  0.156434  0.198169  0.166914  0.195284  0.380974  0.149672  0.196074  0.233378  0.198621  0.153805  0.175856  0.255226  0.093404  0.152507  0.139033  0.204810  0.148610  0.211631  0.157817  0.225463  0.284458  0.113473  0.220179  0.134353  0.279383  0.141509  0.269763  0.210101  0.147353  0.235632  0.274603  0.139344  0.132416  0.245619  0.560693  0.350898  0.148588  0.151626  0.163634  0.150554  0.155489  0.123185  0.177176  0.201363  0.083777  0.602615  0.137402  0.155948  0.152243  0.151024  0.164138  0.259253  0.247477  0.195538  0.161910  0.152523  0.179275  0.193256  0.254024  0.253908  0.313194  0.352366  0.283446  0.110159  0.130026  0.144981  0.119335  0.272955  0.174078  0.201677  0.292298  0.165433  0.262721  0.591819  0.315202  0.195089  0.247197  0.272142  0.226498  0.137989  0.164555  0.196450  0.165025  0.152974  0.091134  0.113201  0.175738  0.227847  0.121779  0.173546  0.194911  0.431870  0.138951  0.162170  0.140363  0.098575  0.188352  0.145947  0.140320  0.191163  0.160981  0.265220  0.154387  0.148260  0.129589  0.158833  0.117634  0.282358  0.138629  0.289674  0.295915  0.261104  0.170991  0.154081  0.149926  0.271490  0.144236 
15  0.127950  0.314568  0.304699  0.115183  0.130893  0.218754  0.107269  0.163287  0.174575  0.186300  0.116638  0.113635  0.143717  0.292200  0.173684 0.0  0.357812  0.242268  0.142570  0.213995  0.107222  0.252715  0.177422  0.185375  0.395982  0.332596  0.166093  0.168941  0.183618  0.112674  0.103700  0.108001  0.081924  0.365874  0.293248  0.088931  0.177591  0.306371  0.109826  0.253653  0.332169  0.206639  0.118716  0.105019  0.265618  0.124597  0.098594  0.111037  0.159163  0.187214  0.139996  0.107141  0.120379  0.195032  0.217283  0.171956  0.109570  0.224525  0.358886  0.156433  0.124526  0.110893  0.160533  0.670562  0.322326  0.108484  0.108034  0.255874  0.231344  0.291365  0.136138  0.103979  0.149561  0.180802  0.485809  0.117504  0.109119  0.121627  0.120433  0.264846  0.155757  0.167254  0.320092  0.100202  0.104220  0.087453  0.237624  0.171571  0.365221  0.227008  0.288228  0.178319  0.202620  0.218342  0.123969  0.216011  0.161642  0.291448  0.156424  0.148685  0.150548  0.156209  0.529107  0.194233  0.091791  0.148421  0.152995  0.330744  0.121967  0.091558  0.084611  0.109579  0.125580  0.183869  0.225316  0.107702  0.308043  0.224443  0.080523  0.271101  0.366530  0.123460  0.106308  0.268119  0.158030  0.079067  0.110506  0.214479  0.338338  0.093864  0.165969  0.103978  0.264711  0.228298  0.242176  0.147209  0.193025  0.205999  0.153072  0.442962  0.156117  0.109485  0.231378  0.172558  0.169192  0.195320 
16  0.364694  0.234019  0.242732  0.324857  0.295757  0.266570  0.369577  0.487766  0.298547  0.505458  0.315885  0.438647  0.380049  0.173694  0.292379  0.357812 0.0  0.202198  0.453763  0.239584  0.337301  0.229064  0.483050  0.328725  0.143136  0.146834  0.435258  0.442725  0.410675  0.360080  0.461507  0.378390  0.389252  0.565702  0.219518  0.367527  0.432377  0.150710  0.390420  0.222052  0.119609  0.255343  0.365151  0.378709  0.170181  0.314909  0.424253  0.384462  0.431447  0.540207  0.311798  0.417709  0.361176  0.421903  0.235197  0.488409  0.402497  0.234755  0.128875  0.454427  0.341367  0.320070  0.459160  0.394215  0.512535  0.317816  0.364973  0.211467  0.194555  0.195161  0.339763  0.323719  0.412223  0.262551  0.815417  0.322666  0.351057  0.357539  0.358692  0.232701  0.444840  0.404784  0.165650  0.384056  0.353717  0.375029  0.201190  0.470412  0.086815  0.587692  0.589044  0.482594  0.225893  0.252013  0.344773  0.239600  0.488202  0.223224  0.368478  0.470254  0.347205  0.487289  0.879731  0.503140  0.360171  0.438693  0.461896  0.236584  0.353746  0.360813  0.381592  0.342156  0.349126  0.242170  0.270628  0.390514  0.136052  0.227801  0.343340  0.230729  0.754547  0.412523  0.353039  0.213737  0.329429  0.339110  0.393022  0.230884  0.169048  0.400062  0.482086  0.340473  0.242995  0.222111  0.236265  0.355837  0.551687  0.271876  0.485429  0.107284  0.466950  0.316467  0.198068  0.342644  0.433745  0.267952 
17  0.195231  0.170283  0.197481  0.229082  0.215422  0.105944  0.213162  0.341931  0.165624  0.363323  0.192578  0.260574  0.318254  0.151318  0.159398  0.242268  0.202198 0.0  0.303625  0.106826  0.255634  0.157675  0.355812  0.248812  0.190883  0.176209  0.396819  0.359870  0.330085  0.257847  0.292429  0.253174  0.253562  0.547999  0.143660  0.279602  0.338032  0.133827  0.216978  0.196912  0.137284  0.131934  0.224054  0.217261  0.130352  0.212248  0.304735  0.235117  0.296828  0.369924  0.184944  0.300797  0.219838  0.316643  0.125748  0.346696  0.295164  0.103594  0.146797  0.292125  0.235347  0.241461  0.348805  0.456718  0.464368  0.205796  0.218838  0.154843  0.089144  0.103146  0.197709  0.251036  0.251028  0.147587  0.647673  0.243852  0.241899  0.225009  0.204694  0.155328  0.357780  0.367185  0.100535  0.225956  0.253809  0.238158  0.101505  0.303045  0.187088  0.420016  0.537766  0.352798  0.130967  0.187410  0.195099  0.124500  0.323517  0.183931  0.287495  0.330239  0.237800  0.357808  0.760932  0.395651  0.278519  0.360353  0.309564  0.228071  0.208372  0.256018  0.287385  0.238051  0.219203  0.172000  0.156486  0.280180  0.148830  0.116505  0.258379  0.178215  0.594977  0.199888  0.240053  0.142278  0.191682  0.269608  0.244670  0.115074  0.134437  0.231449  0.334322  0.234592  0.113179  0.116367  0.095351  0.189328  0.416299  0.220385  0.349796  0.185948  0.372777  0.230661  0.092427  0.218361  0.340956  0.207568 
18  0.177891  0.381964  0.366749  0.178528  0.187115  0.285396  0.180052  0.096741  0.221218  0.120897  0.194528  0.105894  0.083159  0.383685  0.281789  0.142570  0.453763  0.303625 0.0  0.278487  0.170985  0.286515  0.122526  0.267966  0.462173  0.412137  0.111791  0.118302  0.121242  0.179962  0.117076  0.169740  0.147648  0.339996  0.328015  0.132313  0.120630  0.370447  0.163056  0.310983  0.391551  0.261292  0.168408  0.163704  0.335621  0.194173  0.130706  0.179617  0.157128  0.158165  0.229402  0.104419  0.203381  0.121783  0.319490  0.111037  0.114128  0.327164  0.451439  0.103938  0.174579  0.205886  0.101099  0.739259  0.248697  0.182417  0.163995  0.334527  0.295947  0.305093  0.211984  0.170303  0.169166  0.287065  0.356911  0.193638  0.170229  0.180124  0.161597  0.351962  0.086804  0.104941  0.327052  0.167677  0.163659  0.143524  0.294717  0.106896  0.404211  0.166489  0.205294  0.136159  0.270120  0.269666  0.179567  0.308878  0.101653  0.389106  0.201405  0.099587  0.231302  0.097394  0.552185  0.123324  0.119640  0.097181  0.099722  0.356599  0.207917  0.160077  0.149136  0.158652  0.184728  0.235053  0.279964  0.142078  0.413067  0.286839  0.144111  0.337087  0.285110  0.195735  0.173657  0.376963  0.245286  0.152706  0.182282  0.282528  0.352463  0.160784  0.097045  0.170164  0.282087  0.284889  0.318622  0.203481  0.148874  0.272626  0.105604  0.380257  0.103909  0.174448  0.304306  0.219782  0.129391  0.270708 
19  0.178325  0.191299  0.209663  0.191354  0.185688  0.086120  0.202302  0.273235  0.129112  0.353021  0.188445  0.240542  0.320997  0.160442  0.122527  0.213995  0.239584  0.106826  0.278487 0.0  0.175303  0.153664  0.285044  0.223167  0.230819  0.203353  0.271088  0.350840  0.314882  0.205947  0.270521  0.213771  0.224006  0.545234  0.145347  0.246332  0.327991  0.137228  0.213790  0.207826  0.172062  0.117470  0.180781  0.180083  0.128976  0.206955  0.256931  0.217372  0.279546  0.322879  0.173561  0.265049  0.190398  0.342225  0.105686  0.308356  0.272622  0.111812  0.202600  0.273823  0.170030  0.191627  0.330237  0.531592  0.377290  0.177333  0.197215  0.147850  0.095202  0.121825  0.169390  0.216642  0.268824  0.128017  0.591235  0.201499  0.187690  0.201023  0.213456  0.137923  0.274460  0.316527  0.137680  0.211434  0.231797  0.209111  0.123395  0.266284  0.239303  0.381934  0.379774  0.319236  0.090695  0.150525  0.202745  0.086585  0.284280  0.185495  0.268858  0.315446  0.179211  0.280106  0.805740  0.353183  0.238563  0.314643  0.289570  0.226135  0.197661  0.203801  0.231252  0.213519  0.182294  0.136843  0.130463  0.233033  0.190578  0.096556  0.206062  0.188083  0.560427  0.185376  0.202575  0.129950  0.150840  0.262642  0.229769  0.096542  0.144684  0.211951  0.333017  0.196783  0.105270  0.100386  0.092504  0.174044  0.349098  0.168889  0.334551  0.245611  0.293432  0.211548  0.099526  0.168215  0.290689  0.168972 
20  0.092945  0.288720  0.244924  0.085352  0.099101  0.191427  0.080849  0.189748  0.153420  0.193741  0.089446  0.157610  0.168730  0.306279  0.142997  0.107222  0.337301  0.255634  0.170985  0.175303 0.0  0.220761  0.185245  0.183640  0.304693  0.323345  0.204983  0.213392  0.210613  0.104201  0.144505  0.100358  0.111521  0.400756  0.260927  0.122128  0.193229  0.274933  0.101996  0.248274  0.287285  0.157113  0.085671  0.081793  0.269569  0.089882  0.127492  0.079330  0.164344  0.216594  0.108999  0.147217  0.087075  0.208958  0.202094  0.201313  0.138500  0.227905  0.346201  0.190818  0.090100  0.090124  0.187080  0.590780  0.290524  0.080759  0.082404  0.222530  0.239034  0.245529  0.099753  0.101548  0.180219  0.137322  0.484494  0.089509  0.098450  0.101124  0.095019  0.214408  0.174203  0.200785  0.281344  0.084788  0.090274  0.105556  0.244116  0.199324  0.274905  0.289672  0.330830  0.213612  0.175443  0.188140  0.094233  0.192087  0.200758  0.236185  0.165676  0.184877  0.148829  0.187643  0.530341  0.225927  0.131428  0.179802  0.173978  0.298553  0.085791  0.095943  0.120299  0.098376  0.105610  0.139880  0.187006  0.113424  0.253622  0.184332  0.101400  0.262652  0.401341  0.095454  0.105125  0.213743  0.119334  0.106216  0.089924  0.172075  0.270845  0.094770  0.160126  0.089434  0.201844  0.206657  0.210174  0.116483  0.224861  0.183626  0.209898  0.323983  0.188115  0.101886  0.187265  0.138298  0.214315  0.174857 
21  0.222702  0.122851  0.124640  0.232289  0.218703  0.151662  0.243177  0.341004  0.161393  0.416100  0.236608  0.351416  0.349905  0.112991  0.159952  0.252715  0.229064  0.157675  0.286515  0.153664  0.220761 0.0  0.398690  0.165807  0.174309  0.173404  0.379581  0.304212  0.340878  0.257503  0.291532  0.290598  0.240137  0.468075  0.080143  0.327033  0.364457  0.164231  0.238387  0.119155  0.210564  0.155839  0.259157  0.256973  0.120608  0.194653  0.303095  0.238674  0.307430  0.337007  0.196099  0.275798  0.204973  0.336302  0.161846  0.336047  0.323557  0.170632  0.232844  0.404330  0.194241  0.226214  0.337143  0.467354  0.397079  0.217270  0.240419  0.082466  0.173156  0.156478  0.203259  0.215612  0.253784  0.185625  0.604051  0.212467  0.247285  0.243519  0.231986  0.087415  0.324932  0.348355  0.158537  0.228128  0.233887  0.281298  0.179893  0.364276  0.211628  0.466700  0.449092  0.380090  0.171533  0.139546  0.235782  0.137848  0.365022  0.107558  0.260957  0.314280  0.211379  0.411002  0.739929  0.417472  0.252335  0.356174  0.352132  0.147270  0.207000  0.224269  0.255635  0.246377  0.257042  0.181882  0.126800  0.261345  0.195117  0.132187  0.234491  0.109809  0.549623  0.214943  0.235987  0.094514  0.201413  0.289726  0.224071  0.194189  0.121526  0.258880  0.303684  0.223339  0.187126  0.190399  0.174931  0.180122  0.406794  0.157579  0.397651  0.222015  0.308704  0.246755  0.148607  0.188583  0.323877  0.147285 
22  0.196030  0.381672  0.392780  0.205571  0.201134  0.275800  0.215097  0.106216  0.267796  0.098012  0.204770  0.142791  0.130546  0.332494  0.275409  0.177422  0.483050  0.355812  0.122526  0.285044  0.185245  0.398690 0.0  0.253854  0.418991  0.451816  0.099023  0.095555  0.101966  0.195024  0.150229  0.175779  0.167481  0.363212  0.312776  0.156929  0.083040  0.371357  0.193854  0.372834  0.355101  0.265700  0.190674  0.190142  0.378281  0.201842  0.152488  0.214921  0.217400  0.189045  0.217017  0.147825  0.191131  0.098797  0.315991  0.106675  0.132637  0.322328  0.349668  0.101721  0.215100  0.184555  0.107003  0.593253  0.174420  0.172179  0.198714  0.330382  0.306142  0.318350  0.210921  0.165463  0.214527  0.234083  0.401238  0.212598  0.173494  0.183240  0.221487  0.348733  0.121091  0.100477  0.384853  0.177724  0.185127  0.170379  0.272076  0.102229  0.479951  0.182147  0.196403  0.088275  0.251440  0.297808  0.192106  0.255887  0.100941  0.354844  0.230912  0.101441  0.229675  0.109451  0.428681  0.157724  0.148056  0.107563  0.103118  0.417973  0.207722  0.177541  0.162113  0.170300  0.181430  0.271018  0.291640  0.161290  0.356964  0.267300  0.163799  0.321282  0.295038  0.186399  0.163107  0.370539  0.245160  0.170238  0.194650  0.277073  0.379024  0.182425  0.108763  0.197233  0.275734  0.298110  0.323971  0.243164  0.172387  0.278798  0.096892  0.479572  0.104075  0.170776  0.321678  0.226764  0.081474  0.276492 
23  0.174399  0.205908  0.205919  0.183795  0.200303  0.207094  0.163937  0.260763  0.174626  0.288191  0.188446  0.242014  0.269831  0.243983  0.174004  0.185375  0.328725  0.248812  0.267966  0.223167  0.183640  0.165807  0.253854 0.0  0.277847  0.248842  0.263946  0.328477  0.277000  0.206904  0.242305  0.202036  0.203165  0.365591  0.183213  0.200748  0.297340  0.297036  0.192199  0.192510  0.265691  0.198812  0.177970  0.172303  0.231983  0.149777  0.223197  0.181111  0.165235  0.239053  0.173446  0.207604  0.202912  0.335519  0.207740  0.304543  0.228808  0.246829  0.267614  0.287348  0.164833  0.162070  0.327799  0.606102  0.399048  0.191667  0.166804  0.159131  0.232925  0.227981  0.182183  0.213078  0.159839  0.187967  0.514973  0.175527  0.197086  0.199601  0.148599  0.188119  0.264888  0.323618  0.254510  0.181588  0.178182  0.166336  0.259982  0.315208  0.327601  0.374132  0.345043  0.276582  0.209250  0.136761  0.170211  0.187700  0.289212  0.194227  0.169332  0.282450  0.111193  0.285190  0.642130  0.269265  0.199387  0.235373  0.332380  0.219137  0.194921  0.164317  0.189664  0.200366  0.198823  0.168754  0.158461  0.231084  0.268601  0.191067  0.202986  0.193722  0.486259  0.176185  0.200291  0.174139  0.162778  0.174306  0.161742  0.222463  0.247407  0.193602  0.258124  0.171167  0.245203  0.218953  0.230180  0.170358  0.256716  0.108642  0.310150  0.308104  0.307378  0.183618  0.247643  0.110720  0.322109  0.113735 
24  0.319610  0.147456  0.184373  0.314409  0.283948  0.200841  0.317643  0.422903  0.283129  0.462195  0.343692  0.438759  0.435758  0.145044  0.263976  0.395982  0.143136  0.190883  0.462173  0.230819  0.304693  0.174309  0.418991  0.277847 0.0  0.089912  0.519357  0.473957  0.503580  0.351282  0.418137  0.327080  0.394179  0.535117  0.160428  0.353915  0.497660  0.146979  0.351475  0.157228  0.142734  0.247183  0.357293  0.339943  0.133744  0.307646  0.382090  0.306292  0.340054  0.451914  0.303518  0.359564  0.315271  0.413006  0.206219  0.440959  0.354024  0.265623  0.167435  0.457983  0.252052  0.267130  0.421667  0.468541  0.462901  0.351759  0.332493  0.194681  0.188516  0.216868  0.313038  0.354512  0.394197  0.238440  0.733729  0.326192  0.353721  0.319451  0.349097  0.173020  0.416732  0.458863  0.156500  0.328718  0.320293  0.345877  0.186790  0.436624  0.152622  0.564968  0.522056  0.382255  0.232823  0.250497  0.276436  0.216807  0.496251  0.158513  0.361189  0.428230  0.288574  0.455595  0.744315  0.470965  0.351488  0.436202  0.393989  0.186657  0.293691  0.323766  0.338011  0.401860  0.312096  0.262828  0.209749  0.342631  0.175136  0.226792  0.338477  0.160676  0.612106  0.352556  0.381610  0.173562  0.312966  0.387122  0.367050  0.224385  0.138194  0.310175  0.403962  0.333308  0.240876  0.245651  0.218942  0.292838  0.442717  0.263377  0.433625  0.119617  0.408652  0.394921  0.212360  0.282143  0.466501  0.265525 
25  0.239993  0.146207  0.148821  0.298508  0.310138  0.231316  0.285926  0.466740  0.229332  0.553226  0.296353  0.395478  0.406771  0.129413  0.211912  0.332596  0.146834  0.176209  0.412137  0.203353  0.323345  0.173404  0.451816  0.248842  0.089912 0.0  0.457567  0.382679  0.414559  0.346262  0.437180  0.307001  0.369939  0.587724  0.154933  0.298619  0.397423  0.130475  0.284911  0.140216  0.141164  0.252495  0.303272  0.312868  0.137333  0.276829  0.418231  0.313457  0.408132  0.478145  0.327701  0.406820  0.291258  0.409504  0.224199  0.405731  0.328609  0.198460  0.163280  0.475372  0.304104  0.331019  0.419410  0.492361  0.545133  0.339744  0.306090  0.155673  0.194052  0.169997  0.270541  0.306598  0.381016  0.260249  0.704961  0.273450  0.320063  0.310478  0.319912  0.172813  0.388224  0.468892  0.150190  0.356677  0.337137  0.341575  0.216490  0.462039  0.154873  0.533297  0.628971  0.393747  0.210950  0.194120  0.300614  0.217231  0.396474  0.148228  0.365540  0.377017  0.287924  0.458997  0.752151  0.517573  0.373838  0.469490  0.387552  0.179660  0.309108  0.357475  0.342116  0.325680  0.328010  0.222280  0.237720  0.389766  0.174569  0.183604  0.399015  0.144130  0.554879  0.294487  0.335847  0.170471  0.284681  0.319032  0.328629  0.215634  0.126348  0.318555  0.420591  0.331801  0.227511  0.226524  0.191323  0.256702  0.521874  0.254371  0.438605  0.122533  0.352999  0.303629  0.201365  0.260031  0.403616  0.231917 
26  0.202219  0.360586  0.430330  0.206071  0.204582  0.312356  0.200781  0.086661  0.268451  0.091243  0.183303  0.135406  0.109789  0.389182  0.266372  0.166093  0.435258  0.396819  0.111791  0.271088  0.204983  0.379581  0.099023  0.263946  0.519357  0.457567 0.0  0.081514  0.088393  0.199094  0.141515  0.177290  0.160746  0.361329  0.367535  0.156145  0.094642  0.443124  0.179574  0.410364  0.443287  0.278311  0.197272  0.186971  0.390687  0.223648  0.156755  0.195393  0.231740  0.170773  0.226878  0.136797  0.203739  0.084866  0.275056  0.080003  0.142891  0.325037  0.489989  0.080876  0.208885  0.191759  0.086546  0.607604  0.217460  0.195542  0.216524  0.365846  0.344232  0.339830  0.222980  0.174648  0.219275  0.265288  0.322811  0.200902  0.161010  0.188880  0.183700  0.312203  0.100264  0.075776  0.373151  0.178279  0.206023  0.170781  0.295978  0.079457  0.489873  0.162915  0.168627  0.094601  0.317377  0.334208  0.194802  0.270434  0.081284  0.355404  0.226246  0.082228  0.255004  0.086510  0.462363  0.123748  0.158492  0.090005  0.084196  0.408673  0.203000  0.194279  0.168611  0.180572  0.189787  0.264976  0.328530  0.151759  0.345141  0.295820  0.170500  0.326510  0.285091  0.220035  0.177962  0.359879  0.240013  0.166426  0.218925  0.354783  0.327328  0.183032  0.089181  0.193849  0.278721  0.303516  0.341562  0.229170  0.143700  0.291916  0.080147  0.519706  0.083157  0.201018  0.314377  0.297220  0.097962  0.298878 
