146
0 0.0  0.359248  0.182144  0.075742  0.109314  0.163828  0.075742  0.162824  0.262309  0.193029  0.119098  0.224054  0.182158  0.215270  0.149102  0.144921  0.327419  0.164519  0.182694  0.237756  0.144115  0.180400  0.220302  0.085781  0.384848  0.223341  0.157531  0.253248  0.293366  0.206235  0.178096  0.156968  0.219960  0.343678  0.274366  0.075742  0.092973  0.163025  0.075742  0.318858  0.421334  0.075742  0.075742  0.160793  0.172552  0.075742  0.182066  0.205671  0.228808  0.302409  0.188364  0.135433  0.078277  0.189428  0.284740  0.284555  0.171787  0.257875  0.316012  0.151415  0.075742  0.075742  0.258477  0.607041  0.325514  0.135816  0.080218  0.331807  0.281308  0.306500  0.122472  0.080268  0.216752  0.075742  0.489586  0.097433  0.075742  0.075742  0.214964  0.304298  0.311536  0.293788  0.323406  0.143364  0.138370  0.075742  0.199356  0.117250  0.307878  0.279069  0.275602  0.313799  0.234144  0.138104  0.081498  0.224744  0.303056  0.242414  0.194941  0.223448  0.128501  0.203501  0.669628  0.211788  0.141210  0.182879  0.171913  0.404297  0.129108  0.115326  0.227941  0.103171  0.094490  0.075742  0.177038  0.124856  0.334802  0.297909  0.125220  0.250287  0.531888  0.093429  0.110469  0.265043  0.191557  0.140508  0.075742  0.146894  0.185021  0.158290  0.263450  0.075742  0.200419  0.286609  0.243718  0.075742  0.264350  0.191108  0.152757  0.488040  0.195669  0.229996  0.341447  0.133748  0.231080  0.207484 
1  0.359248 0.0  0.075742  0.221245  0.212254  0.248959  0.333767  0.316072  0.278756  0.400925  0.236557  0.387198  0.422940  0.075742  0.210496  0.381985  0.274514  0.184523  0.351716  0.205601  0.250394  0.075742  0.566558  0.274449  0.171650  0.075742  0.480288  0.510016  0.428570  0.262772  0.316874  0.263489  0.348923  0.570981  0.200213  0.438482  0.586264  0.181576  0.263495  0.094405  0.221303  0.171722  0.335770  0.296053  0.163771  0.290366  0.220294  0.290070  0.327506  0.424212  0.232000  0.297397  0.234905  0.377311  0.175042  0.273401  0.302497  0.264529  0.316716  0.494106  0.229987  0.328481  0.434625  0.505588  0.596010  0.278664  0.275444  0.075742  0.276300  0.220790  0.289654  0.305323  0.262974  0.285258  0.663803  0.266277  0.237331  0.340997  0.176810  0.165377  0.441897  0.498519  0.195088  0.313464  0.338550  0.250458  0.213522  0.279090  0.218989  0.495933  0.493132  0.342707  0.075742  0.182834  0.224044  0.263304  0.414303  0.098874  0.294877  0.419951  0.259128  0.354765  0.810541  0.373999  0.353836  0.344225  0.514351  0.155959  0.327672  0.223871  0.410374  0.329832  0.324218  0.208054  0.221002  0.377097  0.282288  0.120779  0.213568  0.166519  0.680385  0.340654  0.303760  0.147337  0.129334  0.341416  0.345023  0.335034  0.120918  0.362803  0.398729  0.273037  0.116257  0.201076  0.235229  0.253275  0.480888  0.193012  0.403376  0.140381  0.422634  0.272616  0.229704  0.189674  0.431965  0.206587 
2  0.182144  0.075742 0.0  0.248719  0.289616  0.154908  0.314986  0.401561  0.256491  0.467897  0.265105  0.315989  0.265061  0.075742  0.164200  0.425709  0.358186  0.246598  0.374190  0.258483  0.282880  0.075742  0.434615  0.245949  0.131830  0.158344  0.299769  0.483542  0.399275  0.306823  0.365067  0.218556  0.314694  0.444379  0.075742  0.374230  0.451609  0.175781  0.204662  0.075742  0.152641  0.315583  0.182506  0.241336  0.229281  0.263175  0.406620  0.310031  0.440125  0.536649  0.248924  0.328143  0.275876  0.409795  0.267438  0.321892  0.440972  0.291578  0.288431  0.343730  0.156813  0.348982  0.390570  0.588261  0.452569  0.253807  0.243761  0.075742  0.160128  0.264598  0.267346  0.375207  0.468647  0.243817  0.685406  0.212548  0.353844  0.198465  0.266103  0.079811  0.465932  0.281024  0.075742  0.304219  0.293231  0.260398  0.183678  0.530170  0.234125  0.519267  0.505641  0.388812  0.229536  0.166445  0.253830  0.184640  0.419364  0.102164  0.329786  0.429261  0.223820  0.376493  0.796346  0.371045  0.306252  0.351651  0.558463  0.184840  0.302268  0.235929  0.331787  0.327760  0.218184  0.300651  0.162353  0.306456  0.325189  0.305931  0.357876  0.075742  0.568418  0.250862  0.351437  0.130741  0.237160  0.314283  0.300652  0.225078  0.282291  0.337861  0.462259  0.298531  0.207917  0.277350  0.239115  0.245778  0.466537  0.285424  0.375295  0.288738  0.380008  0.302790  0.117710  0.310305  0.389331  0.130107 
3  0.075742  0.221245  0.248719 0.0  0.162221  0.221238  0.145715  0.288174  0.118324  0.223414  0.075742  0.165692  0.171483  0.154538  0.174929  0.096429  0.338057  0.321145  0.218380  0.178669  0.106294  0.282845  0.232901  0.240893  0.305073  0.312293  0.219738  0.234004  0.243371  0.075742  0.268559  0.075742  0.088258  0.359184  0.266871  0.177097  0.286534  0.298221  0.112873  0.315920  0.321812  0.238737  0.078783  0.083261  0.182476  0.083059  0.105131  0.194576  0.248631  0.311354  0.083154  0.244395  0.075742  0.307278  0.210509  0.080910  0.272405  0.263319  0.348460  0.214293  0.116628  0.075742  0.195451  0.570113  0.301053  0.193552  0.109905  0.190087  0.201359  0.195449  0.121495  0.075742  0.133904  0.184738  0.325787  0.145911  0.115280  0.120486  0.075742  0.140822  0.297492  0.161069  0.322300  0.212825  0.101343  0.151176  0.206801  0.183367  0.345750  0.256779  0.376422  0.207472  0.189007  0.167728  0.130958  0.107175  0.217268  0.271196  0.149154  0.282193  0.214742  0.075742  0.708640  0.338003  0.075742  0.304450  0.257857  0.236066  0.213654  0.225317  0.075742  0.336094  0.166638  0.168804  0.128538  0.105400  0.307151  0.194353  0.163680  0.342955  0.493277  0.113987  0.103385  0.244572  0.075742  0.097627  0.075742  0.240683  0.196296  0.111848  0.101947  0.075742  0.205540  0.252472  0.278630  0.075742  0.206967  0.215327  0.304404  0.343196  0.239503  0.204397  0.185432  0.133932  0.181855  0.190429 
4  0.109314  0.212254  0.289616  0.162221 0.0  0.215446  0.075742  0.090624  0.161001  0.292549  0.085970  0.267073  0.139274  0.283575  0.254813  0.240890  0.356722  0.260581  0.075742  0.220024  0.075742  0.270297  0.239431  0.199107  0.373984  0.308931  0.245513  0.241657  0.178634  0.087178  0.124049  0.075742  0.109052  0.469941  0.213619  0.127554  0.206176  0.219619  0.075742  0.314849  0.393232  0.254734  0.148189  0.082854  0.285356  0.075742  0.202543  0.075742  0.176281  0.160640  0.075742  0.129517  0.132824  0.308021  0.188070  0.314605  0.166945  0.270314  0.377228  0.212892  0.094697  0.206023  0.120611  0.602461  0.251349  0.134348  0.164235  0.261803  0.128418  0.219099  0.075742  0.075742  0.206783  0.231211  0.546724  0.075742  0.075742  0.091394  0.166713  0.243891  0.220727  0.258726  0.348248  0.115800  0.104877  0.147700  0.348919  0.155560  0.350459  0.207941  0.364797  0.189438  0.219786  0.261601  0.075742  0.151317  0.356163  0.291112  0.197280  0.178838  0.075742  0.195604  0.674115  0.208563  0.075742  0.213435  0.251943  0.370821  0.106326  0.135087  0.075742  0.075742  0.098097  0.166512  0.191170  0.194614  0.295331  0.208277  0.075742  0.291654  0.373491  0.075742  0.075742  0.254769  0.101743  0.200094  0.153650  0.221350  0.133906  0.116906  0.178265  0.125252  0.201931  0.244510  0.194748  0.254580  0.271659  0.166372  0.295795  0.413040  0.312307  0.075742  0.257244  0.252563  0.147246  0.122483 
5  0.163828  0.248959  0.154908  0.221238  0.215446 0.0  0.101010  0.180478  0.099942  0.412524  0.186577  0.271561  0.393015  0.075742  0.089394  0.262679  0.278149  0.077831  0.233987  0.097800  0.226025  0.187867  0.279901  0.212117  0.242460  0.282087  0.411419  0.437028  0.330420  0.264139  0.319113  0.234547  0.158743  0.492442  0.177295  0.263750  0.217504  0.154257  0.194222  0.215201  0.166170  0.133344  0.295666  0.192188  0.082482  0.105551  0.276867  0.214304  0.196332  0.308293  0.306291  0.300753  0.132898  0.306474  0.086092  0.289679  0.223297  0.114184  0.181412  0.313826  0.187665  0.252273  0.237887  0.779056  0.531654  0.173353  0.262695  0.165285  0.134620  0.087650  0.154308  0.207929  0.189104  0.075742  0.676223  0.267157  0.178712  0.218894  0.242920  0.247250  0.314749  0.406455  0.075742  0.302497  0.128162  0.153937  0.075742  0.185845  0.315699  0.330906  0.511723  0.401109  0.075742  0.170222  0.157255  0.101319  0.358026  0.180176  0.140271  0.282789  0.273603  0.437097  0.716627  0.266144  0.167496  0.398378  0.323789  0.343392  0.220597  0.217572  0.183717  0.196621  0.283680  0.209338  0.075742  0.203372  0.141486  0.100310  0.308450  0.180758  0.564659  0.131259  0.324622  0.113454  0.075742  0.302184  0.146114  0.086005  0.241883  0.112083  0.347714  0.135090  0.199083  0.145140  0.142677  0.226501  0.360835  0.093556  0.414084  0.201848  0.317670  0.195467  0.099595  0.276478  0.230680  0.235715 
6  0.075742  0.333767  0.314986  0.145715  0.075742  0.101010 0.0  0.166026  0.120091  0.199544  0.075742  0.170971  0.170127  0.286714  0.087630  0.138176  0.276102  0.255125  0.194504  0.283825  0.109200  0.191759  0.147056  0.183615  0.392014  0.269708  0.276596  0.291186  0.260810  0.075742  0.103110  0.075742  0.082325  0.540945  0.302200  0.105974  0.281765  0.142780  0.128741  0.201514  0.294766  0.259144  0.075742  0.075742  0.169384  0.075742  0.150170  0.083881  0.180595  0.157991  0.200427  0.133663  0.153572  0.190823  0.211049  0.183564  0.118610  0.232917  0.412435  0.255153  0.156866  0.167433  0.172103  0.567886  0.380300  0.075742  0.075742  0.150320  0.280103  0.233604  0.118611  0.176502  0.119736  0.117375  0.405424  0.142641  0.075742  0.075742  0.102251  0.263632  0.230270  0.137518  0.296272  0.075742  0.190212  0.088715  0.173306  0.207058  0.384848  0.280924  0.334690  0.349682  0.253462  0.263792  0.075742  0.081229  0.123223  0.341180  0.153842  0.265825  0.135920  0.233298  0.689096  0.285780  0.075742  0.137360  0.168182  0.276195  0.129041  0.122777  0.075742  0.100245  0.086151  0.159493  0.238690  0.135659  0.324541  0.146111  0.075742  0.302885  0.365490  0.089354  0.098875  0.159595  0.110826  0.168069  0.085870  0.222598  0.263689  0.163317  0.248686  0.153847  0.109606  0.223273  0.190302  0.188557  0.294118  0.224455  0.198683  0.391896  0.266734  0.162166  0.220219  0.188236  0.120591  0.239574 
7  0.162824  0.316072  0.401561  0.288174  0.090624  0.180478  0.166026 0.0  0.288659  0.120970  0.314429  0.211432  0.152828  0.356423  0.307065  0.195242  0.514377  0.394919  0.117664  0.234761  0.118877  0.380755  0.075742  0.213627  0.453179  0.532757  0.106289  0.113000  0.116819  0.223120  0.156400  0.222090  0.099487  0.445913  0.450575  0.177132  0.081145  0.489530  0.148917  0.512368  0.432452  0.165432  0.261489  0.256431  0.407624  0.223779  0.227035  0.143841  0.149220  0.174450  0.266997  0.108592  0.080195  0.195369  0.390016  0.169528  0.092417  0.223085  0.447576  0.081525  0.221722  0.158448  0.117135  0.722810  0.104723  0.186002  0.198227  0.357977  0.272868  0.398155  0.232750  0.145737  0.115883  0.277743  0.415606  0.146283  0.312782  0.263909  0.083885  0.338223  0.075742  0.075742  0.389287  0.138089  0.238203  0.185095  0.343380  0.075742  0.570430  0.075742  0.257801  0.194280  0.243994  0.245779  0.131275  0.404065  0.075742  0.424861  0.258509  0.075742  0.289333  0.075742  0.593069  0.202502  0.267351  0.080874  0.075742  0.483279  0.140625  0.202011  0.190915  0.274668  0.208658  0.326459  0.357075  0.139119  0.359383  0.364694  0.124364  0.472897  0.275683  0.256917  0.145106  0.403563  0.357263  0.130803  0.150185  0.338531  0.397793  0.207227  0.097555  0.146065  0.390494  0.258175  0.411130  0.289493  0.075742  0.329955  0.133804  0.539872  0.093627  0.075742  0.438732  0.254742  0.137596  0.210471 
8  0.262309  0.278756  0.256491  0.118324  0.161001  0.099942  0.120091  0.288659 0.0  0.369265  0.077878  0.231714  0.368283  0.089690  0.105652  0.190371  0.319199  0.139263  0.315065  0.163311  0.104199  0.207205  0.258524  0.100310  0.335199  0.254660  0.288488  0.320280  0.298830  0.126279  0.236287  0.136771  0.147493  0.498330  0.187544  0.273775  0.226744  0.215201  0.243814  0.216413  0.286038  0.075742  0.146592  0.190013  0.171990  0.183455  0.268599  0.085913  0.294630  0.233810  0.205806  0.294576  0.115326  0.324131  0.075742  0.223281  0.147245  0.142030  0.231784  0.296183  0.075742  0.141347  0.139495  0.529475  0.365226  0.155234  0.223800  0.249665  0.123666  0.188112  0.140433  0.112088  0.239663  0.162893  0.554864  0.148399  0.195381  0.145465  0.195803  0.207483  0.276509  0.261381  0.185931  0.209707  0.125133  0.122599  0.128455  0.353689  0.294495  0.360662  0.339818  0.230999  0.112063  0.075742  0.215016  0.228364  0.336225  0.138433  0.240257  0.345249  0.266500  0.324872  0.694433  0.358922  0.125568  0.297615  0.215304  0.220079  0.192041  0.227961  0.217333  0.209049  0.092201  0.089513  0.249370  0.135327  0.260700  0.080866  0.177879  0.241794  0.424742  0.195771  0.172477  0.075742  0.075742  0.170958  0.104738  0.075742  0.216756  0.145187  0.311987  0.075742  0.075742  0.075742  0.112434  0.075742  0.387484  0.215575  0.386717  0.301230  0.219210  0.170336  0.137496  0.260408  0.192150  0.084894 
9  0.193029  0.400925  0.467897  0.223414  0.292549  0.412524  0.199544  0.120970  0.369265 0.0  0.264355  0.176027  0.160447  0.499602  0.202719  0.204085  0.575529  0.442253  0.075742  0.357188  0.338049  0.321236  0.152233  0.232367  0.615604  0.562538  0.085493  0.075742  0.075742  0.196099  0.219358  0.199242  0.190611  0.301494  0.398712  0.242960  0.109658  0.394481  0.218412  0.413255  0.385964  0.270831  0.248573  0.168901  0.536114  0.194508  0.295358  0.303370  0.337936  0.186961  0.265404  0.193541  0.304611  0.075742  0.299788  0.114941  0.176244  0.299125  0.340494  0.123514  0.252159  0.237080  0.187850  0.711848  0.194975  0.142713  0.237368  0.425814  0.331738  0.329522  0.127219  0.283396  0.279008  0.206974  0.343459  0.251355  0.310465  0.130365  0.273305  0.456062  0.154911  0.075742  0.500657  0.075742  0.262269  0.196400  0.456816  0.075742  0.398505  0.075742  0.075742  0.080189  0.358764  0.310436  0.178973  0.337615  0.133311  0.353936  0.240429  0.165969  0.297521  0.110612  0.575704  0.113412  0.165922  0.181378  0.134554  0.418260  0.242598  0.229033  0.092857  0.221679  0.355727  0.383035  0.270335  0.205168  0.510636  0.279889  0.225400  0.391268  0.255799  0.144313  0.147467  0.352843  0.254450  0.113964  0.173126  0.295401  0.363117  0.120871  0.103365  0.183989  0.372587  0.420467  0.361280  0.380129  0.128283  0.277124  0.075742  0.469165  0.075742  0.193790  0.348880  0.202908  0.075742  0.273635 
10  0.119098  0.236557  0.265105  0.075742  0.085970  0.186577  0.075742  0.314429  0.077878  0.264355 0.0  0.086823  0.208016  0.350973  0.168738  0.075742  0.413104  0.144424  0.286228  0.250956  0.089457  0.221103  0.208809  0.291275  0.376658  0.375610  0.113820  0.226587  0.203403  0.075742  0.113935  0.188974  0.075742  0.505452  0.209748  0.075742  0.321809  0.279112  0.075742  0.294737  0.356463  0.129636  0.090896  0.150324  0.264217  0.086492  0.076390  0.152983  0.292748  0.282523  0.087454  0.140361  0.147024  0.329020  0.151105  0.282465  0.136500  0.224078  0.370441  0.150831  0.102945  0.075742  0.199400  0.704109  0.249713  0.090872  0.075742  0.250244  0.252226  0.142953  0.075742  0.097905  0.278419  0.224194  0.430837  0.075742  0.153445  0.143828  0.075742  0.202100  0.158286  0.188022  0.268882  0.075742  0.075742  0.196314  0.197324  0.275400  0.509209  0.208676  0.349025  0.075742  0.203769  0.187964  0.075742  0.138620  0.195934  0.182723  0.156238  0.267054  0.091650  0.118912  0.706212  0.133945  0.168904  0.191427  0.151523  0.306422  0.116980  0.111591  0.075742  0.075742  0.075742  0.091039  0.205376  0.077237  0.354225  0.243664  0.118376  0.287460  0.542316  0.075742  0.075742  0.101738  0.233882  0.214016  0.226626  0.171837  0.291200  0.075742  0.198956  0.148048  0.235938  0.182373  0.206875  0.132452  0.289828  0.253157  0.165108  0.367114  0.189154  0.110165  0.241316  0.229633  0.239801  0.193468 
11  0.224054  0.387198  0.315989  0.165692  0.267073  0.271561  0.170971  0.211432  0.231714  0.176027  0.086823 0.0  0.131833  0.351986  0.140215  0.185134  0.451765  0.441860  0.193683  0.240624  0.094634  0.307713  0.287413  0.219839  0.364642  0.424691  0.175389  0.184891  0.132042  0.177325  0.162988  0.140857  0.075742  0.307323  0.273726  0.100882  0.178929  0.463247  0.080195  0.336692  0.392356  0.256757  0.150915  0.131492  0.349836  0.160261  0.081732  0.141625  0.161730  0.138419  0.119050  0.077813  0.121483  0.085386  0.207442  0.161181  0.138615  0.333264  0.434879  0.126911  0.180888  0.243441  0.075742  0.798000  0.196658  0.221811  0.075742  0.303559  0.251849  0.292375  0.133392  0.172653  0.289055  0.356364  0.388203  0.103355  0.191787  0.144498  0.136615  0.430615  0.198134  0.075742  0.467825  0.147031  0.140558  0.153563  0.289370  0.141534  0.478485  0.140986  0.211273  0.225267  0.206012  0.317560  0.324813  0.130934  0.153690  0.415967  0.170788  0.114604  0.161846  0.075742  0.542143  0.075742  0.075742  0.075742  0.075742  0.408664  0.155007  0.214465  0.126511  0.136902  0.172678  0.371141  0.213614  0.225637  0.455910  0.305887  0.099800  0.417553  0.351028  0.167423  0.164165  0.298158  0.200788  0.136347  0.189808  0.244614  0.236377  0.089884  0.227231  0.135634  0.366760  0.242695  0.291414  0.267476  0.227197  0.249892  0.203294  0.419751  0.198919  0.095800  0.219041  0.243550  0.118754  0.267098 
12  0.182158  0.422940  0.265061  0.171483  0.139274  0.393015  0.170127  0.152828  0.368283  0.160447  0.208016  0.131833 0.0  0.344572  0.228538  0.155917  0.472258  0.333449  0.081012  0.271834  0.108693  0.429495  0.163387  0.237073  0.381668  0.328623  0.210068  0.077009  0.140396  0.158919  0.121038  0.249022  0.186656  0.289536  0.397834  0.075742  0.084504  0.335105  0.184549  0.413248  0.432566  0.334642  0.213562  0.238299  0.335947  0.167315  0.176028  0.075742  0.181401  0.126841  0.106850  0.152562  0.238304  0.135263  0.287711  0.085304  0.139796  0.262974  0.424664  0.075742  0.177366  0.204055  0.075742  0.691483  0.311177  0.227886  0.149059  0.373711  0.365168  0.257518  0.257845  0.184444  0.181233  0.367670  0.376390  0.199301  0.188058  0.229588  0.200444  0.296544  0.103215  0.122654  0.396968  0.195305  0.166533  0.207283  0.305347  0.082964  0.490105  0.129090  0.290032  0.128249  0.254477  0.199428  0.336197  0.288429  0.099066  0.430049  0.155784  0.118198  0.221756  0.107570  0.526867  0.102193  0.176573  0.119009  0.121360  0.448665  0.193027  0.129600  0.160910  0.185834  0.092890  0.303363  0.326417  0.237043  0.419265  0.342327  0.131595  0.538099  0.289092  0.179277  0.142610  0.283124  0.209667  0.101630  0.167463  0.319206  0.459200  0.139428  0.075742  0.200464  0.219145  0.235719  0.326962  0.254081  0.137928  0.301457  0.247643  0.490300  0.124434  0.163048  0.225800  0.236364  0.075742  0.358986 
13  0.215270  0.075742  0.075742  0.154538  0.283575  0.075742  0.286714  0.356423  0.089690  0.499602  0.350973  0.351986  0.344572 0.0  0.186910  0.334589  0.160090  0.192442  0.443624  0.183028  0.290014  0.075742  0.359069  0.217157  0.111818  0.151869  0.380532  0.331054  0.562103  0.261637  0.326161  0.290921  0.281221  0.554002  0.106359  0.297086  0.363687  0.075742  0.385779  0.163486  0.141447  0.126821  0.188457  0.259969  0.075742  0.338418  0.422947  0.490503  0.308900  0.554891  0.195017  0.321561  0.312830  0.449741  0.078431  0.321225  0.367752  0.122959  0.202420  0.367925  0.227261  0.269754  0.418107  0.436559  0.481887  0.250158  0.202388  0.188733  0.103044  0.160787  0.220722  0.233938  0.292106  0.151704  0.681448  0.248500  0.361946  0.311496  0.290893  0.075742  0.403097  0.480077  0.191325  0.337370  0.400727  0.155994  0.092757  0.408936  0.284237  0.453736  0.485388  0.481105  0.232631  0.188169  0.181837  0.277110  0.379823  0.122832  0.406052  0.375462  0.384463  0.471084  0.838067  0.578100  0.261964  0.382045  0.376298  0.172423  0.216826  0.311542  0.153821  0.272924  0.246735  0.261700  0.298909  0.136936  0.199030  0.114698  0.234839  0.173906  0.557949  0.215120  0.326701  0.094449  0.128800  0.305171  0.268909  0.095654  0.075742  0.263914  0.418784  0.354587  0.160827  0.280037  0.140150  0.313028  0.461003  0.103961  0.440680  0.253683  0.471343  0.383382  0.232504  0.253506  0.517425  0.167554 
14  0.149102  0.210496  0.164200  0.174929  0.254813  0.089394  0.087630  0.307065  0.105652  0.202719  0.168738  0.140215  0.228538  0.186910 0.0  0.299330  0.319680  0.331922  0.277048  0.075742  0.121371  0.230765  0.332687  0.144223  0.266580  0.359984  0.440116  0.300328  0.261474  0.267036  0.138106  0.219381  0.241928  0.498779  0.240130  0.306973  0.296064  0.252691  0.218741  0.336938  0.303298  0.170141  0.148734  0.173171  0.159429  0.294589  0.202928  0.191823  0.103740  0.181299  0.134260  0.257885  0.147535  0.205220  0.075742  0.335709  0.085751  0.144461  0.366609  0.281016  0.136753  0.145117  0.273707  0.497581  0.403541  0.151047  0.163938  0.175691  0.075742  0.098969  0.075742  0.231446  0.198303  0.145526  0.602134  0.182635  0.199787  0.202342  0.075742  0.154169  0.261927  0.327856  0.159695  0.129021  0.227332  0.189067  0.182849  0.341881  0.214249  0.310976  0.519184  0.346097  0.077671  0.110647  0.116748  0.142518  0.322308  0.154659  0.164417  0.263480  0.156466  0.208388  0.769659  0.350874  0.294277  0.217434  0.356348  0.309582  0.199959  0.236580  0.193010  0.133469  0.129920  0.126451  0.146757  0.164558  0.157544  0.083711  0.197724  0.148935  0.506879  0.217849  0.238496  0.151514  0.113185  0.233728  0.228065  0.177635  0.195735  0.075742  0.376647  0.170983  0.166713  0.085768  0.079652  0.113258  0.339960  0.190637  0.350390  0.349937  0.305559  0.090215  0.157518  0.202918  0.315097  0.161944 
15  0.144921  0.381985  0.425709  0.096429  0.240890  0.262679  0.138176  0.195242  0.190371  0.204085  0.075742  0.185134  0.155917  0.334589  0.299330 0.0  0.466468  0.264531  0.272403  0.344934  0.205525  0.284309  0.176781  0.233239  0.422791  0.299105  0.152075  0.263710  0.093315  0.075742  0.097485  0.093078  0.152295  0.389279  0.296289  0.094442  0.137165  0.407546  0.139291  0.209980  0.384600  0.201246  0.075742  0.075742  0.316430  0.075742  0.124578  0.088401  0.195271  0.260010  0.149626  0.075742  0.152024  0.227648  0.177845  0.169416  0.145177  0.442376  0.340107  0.204406  0.129668  0.121368  0.157091  0.747803  0.301412  0.161954  0.134290  0.244084  0.213576  0.264441  0.129544  0.181987  0.392536  0.177739  0.430786  0.115764  0.101697  0.171527  0.151279  0.269167  0.161212  0.091782  0.345491  0.106249  0.164907  0.075742  0.280264  0.075742  0.454679  0.379415  0.248949  0.097949  0.182196  0.186663  0.136018  0.320364  0.196013  0.210693  0.243657  0.143227  0.144268  0.144745  0.682004  0.164704  0.086866  0.139890  0.183039  0.360512  0.075742  0.120338  0.095829  0.135051  0.075742  0.207054  0.209487  0.106937  0.351542  0.230930  0.075742  0.265311  0.405569  0.122948  0.075742  0.440937  0.115003  0.127316  0.164270  0.137847  0.288550  0.199695  0.151230  0.118455  0.339258  0.254485  0.141776  0.233803  0.111939  0.273036  0.175627  0.404039  0.205136  0.086354  0.171553  0.115172  0.186439  0.205201 
16  0.327419  0.274514  0.358186  0.338057  0.356722  0.278149  0.276102  0.514377  0.319199  0.575529  0.413104  0.451765  0.472258  0.160090  0.319680  0.466468 0.0  0.216102  0.520481  0.150672  0.432280  0.190306  0.492906  0.357858  0.190858  0.279673  0.391752  0.517906  0.509934  0.389739  0.447358  0.389034  0.412852  0.827871  0.229368  0.480461  0.455362  0.152973  0.337813  0.306590  0.075742  0.325884  0.402962  0.440867  0.179975  0.281744  0.574335  0.478008  0.400206  0.494068  0.325017  0.469613  0.341367  0.444821  0.335443  0.511822  0.340441  0.241565  0.123236  0.480646  0.288748  0.388162  0.466652  0.318777  0.535771  0.357375  0.357712  0.224657  0.090796  0.178156  0.463740  0.395035  0.498808  0.422861  0.884535  0.291097  0.345126  0.377539  0.363413  0.220997  0.564018  0.406961  0.209524  0.390214  0.250199  0.373089  0.280544  0.532474  0.075742  0.573301  0.552220  0.656418  0.262723  0.204646  0.472527  0.319605  0.324854  0.292765  0.489048  0.396881  0.307994  0.486108  0.892950  0.487588  0.307713  0.409773  0.440924  0.210491  0.338164  0.408065  0.383822  0.480357  0.364933  0.331697  0.221647  0.361232  0.230695  0.243499  0.380595  0.265247  0.709206  0.361802  0.300435  0.172613  0.398603  0.350422  0.330256  0.300625  0.075742  0.445220  0.578422  0.357990  0.196900  0.287198  0.261942  0.301210  0.556120  0.398406  0.572687  0.075742  0.631814  0.321745  0.288079  0.409490  0.532800  0.366853 
17  0.164519  0.184523  0.246598  0.321145  0.260581  0.077831  0.255125  0.394919  0.139263  0.442253  0.144424  0.441860  0.333449  0.192442  0.331922  0.264531  0.216102 0.0  0.339433  0.075742  0.140746  0.079001  0.351494  0.171185  0.209199  0.150346  0.407129  0.368744  0.252449  0.145122  0.331790  0.231882  0.238950  0.576409  0.075742  0.296852  0.535569  0.076835  0.211138  0.190723  0.075742  0.283837  0.202969  0.278216  0.118979  0.241007  0.336899  0.240162  0.410642  0.410119  0.151144  0.298098  0.243186  0.453792  0.104034  0.330364  0.207524  0.139566  0.203804  0.408973  0.267282  0.170887  0.279584  0.558930  0.349919  0.260445  0.310066  0.217498  0.075742  0.149359  0.262351  0.299371  0.290757  0.208765  0.476069  0.215196  0.218864  0.311456  0.338614  0.075792  0.312658  0.322389  0.154240  0.250158  0.326787  0.351888  0.150326  0.398784  0.234647  0.482950  0.501365  0.364090  0.136710  0.124038  0.267366  0.182415  0.286393  0.206941  0.286416  0.306263  0.089330  0.432715  0.755372  0.411775  0.355015  0.371460  0.260205  0.278276  0.225859  0.237666  0.385301  0.320444  0.356361  0.183001  0.217484  0.240997  0.144131  0.139813  0.338320  0.270898  0.526777  0.290396  0.232349  0.176468  0.265621  0.446755  0.275624  0.138084  0.103990  0.250612  0.374558  0.252789  0.196092  0.085785  0.075742  0.157629  0.399478  0.082419  0.449392  0.232460  0.399568  0.124046  0.075742  0.291831  0.408547  0.173917 
18  0.182694  0.351716  0.374190  0.218380  0.075742  0.233987  0.194504  0.117664  0.315065  0.075742  0.286228  0.193683  0.081012  0.443624  0.277048  0.272403  0.520481  0.339433 0.0  0.272259  0.075742  0.409186  0.089277  0.189649  0.436108  0.463263  0.263045  0.210248  0.238756  0.189023  0.166242  0.145551  0.267237  0.345906  0.255620  0.137236  0.075742  0.406416  0.214622  0.365645  0.475081  0.316276  0.203774  0.334410  0.279704  0.208278  0.075742  0.195042  0.191297  0.226749  0.256950  0.190273  0.187717  0.113895  0.367434  0.110447  0.149339  0.325142  0.527175  0.075742  0.220012  0.269178  0.075742  0.869654  0.209774  0.192880  0.132185  0.295029  0.352335  0.263524  0.167982  0.175458  0.140088  0.276390  0.266133  0.075742  0.163049  0.177023  0.212023  0.402856  0.075742  0.144781  0.407615  0.273760  0.182584  0.219420  0.379313  0.075742  0.475614  0.170394  0.142387  0.213470  0.411959  0.303563  0.273378  0.345552  0.075742  0.396256  0.150282  0.107931  0.262240  0.189283  0.611437  0.248136  0.107018  0.124330  0.075742  0.402245  0.232255  0.216905  0.204253  0.146785  0.270120  0.172189  0.313716  0.131496  0.408636  0.370701  0.075742  0.287026  0.325114  0.118356  0.128360  0.304277  0.214848  0.154043  0.210049  0.357421  0.342921  0.174973  0.174730  0.180113  0.195755  0.308942  0.330985  0.130355  0.106109  0.346531  0.083107  0.492655  0.187400  0.199137  0.331377  0.229745  0.075742  0.371696 
19  0.237756  0.205601  0.258483  0.178669  0.220024  0.097800  0.283825  0.234761  0.163311  0.357188  0.250956  0.240624  0.271834  0.183028  0.075742  0.344934  0.150672  0.075742  0.272259 0.0  0.144680  0.151113  0.235160  0.288854  0.231230  0.179390  0.347617  0.235299  0.286192  0.187223  0.256000  0.291041  0.213788  0.582183  0.150448  0.355013  0.365765  0.169324  0.269939  0.212603  0.170632  0.155468  0.187776  0.182748  0.075742  0.204018  0.266261  0.124428  0.263690  0.375935  0.099273  0.269207  0.228846  0.241399  0.257537  0.413816  0.304886  0.173613  0.082312  0.351117  0.255614  0.200245  0.249466  0.495923  0.474102  0.248009  0.260941  0.200727  0.075742  0.131813  0.181585  0.284446  0.251579  0.075742  0.706569  0.212233  0.254906  0.239753  0.098536  0.214316  0.392028  0.144160  0.084446  0.261853  0.245498  0.333281  0.153276  0.423060  0.142879  0.510648  0.455011  0.331004  0.188863  0.075742  0.290890  0.075742  0.475221  0.267989  0.156015  0.368948  0.179532  0.266388  0.827711  0.476699  0.291450  0.163660  0.349182  0.239751  0.202037  0.198719  0.219346  0.208038  0.250518  0.110731  0.102052  0.382455  0.204237  0.120812  0.288421  0.136677  0.531441  0.209625  0.255907  0.120406  0.114871  0.213208  0.295903  0.075742  0.272873  0.236251  0.294092  0.256170  0.165472  0.187693  0.075742  0.214036  0.423758  0.167499  0.230449  0.222402  0.295334  0.147053  0.075742  0.133061  0.395777  0.092121 
20  0.144115  0.250394  0.282880  0.106294  0.075742  0.226025  0.109200  0.118877  0.104199  0.338049  0.089457  0.094634  0.108693  0.290014  0.121371  0.205525  0.432280  0.140746  0.075742  0.144680 0.0  0.255814  0.141693  0.146853  0.295009  0.166957  0.178847  0.302463  0.209219  0.075742  0.150212  0.112748  0.075742  0.264225  0.311063  0.086802  0.173793  0.286416  0.087298  0.296843  0.412933  0.233409  0.136589  0.075742  0.263731  0.075742  0.149995  0.079614  0.099054  0.175643  0.075742  0.075742  0.182880  0.177063  0.281945  0.116754  0.075742  0.222543  0.297155  0.152846  0.124249  0.144427  0.303337  0.722111  0.354299  0.075742  0.075742  0.270473  0.227659  0.277565  0.075742  0.075742  0.214821  0.102813  0.438979  0.094604  0.135694  0.075742  0.149119  0.269664  0.203648  0.195358  0.276179  0.109662  0.158276  0.104193  0.260467  0.206030  0.268466  0.314809  0.318514  0.220605  0.173287  0.206502  0.075742  0.153526  0.203247  0.283108  0.240664  0.207500  0.122332  0.208235  0.788310  0.230329  0.133695  0.209091  0.234225  0.291442  0.076639  0.111023  0.110755  0.075742  0.171109  0.075742  0.101400  0.133017  0.334659  0.331956  0.075742  0.291506  0.443718  0.075742  0.110669  0.314949  0.075742  0.084854  0.090610  0.114249  0.289576  0.203304  0.232858  0.094876  0.276201  0.224542  0.237287  0.075742  0.323829  0.195431  0.205926  0.373823  0.249575  0.230462  0.220927  0.215591  0.204942  0.125810 
21  0.180400  0.075742  0.075742  0.282845  0.270297  0.187867  0.191759  0.380755  0.207205  0.321236  0.221103  0.307713  0.429495  0.075742  0.230765  0.284309  0.190306  0.079001  0.409186  0.151113  0.255814 0.0  0.358579  0.169294  0.301279  0.173556  0.475346  0.451925  0.292266  0.248271  0.305204  0.233884  0.209489  0.615195  0.090578  0.289402  0.372211  0.170158  0.221181  0.198614  0.205562  0.246296  0.248772  0.156758  0.083693  0.226386  0.364100  0.277074  0.378679  0.521818  0.175663  0.285815  0.281179  0.265254  0.153252  0.372848  0.285355  0.293633  0.167967  0.392616  0.217808  0.238690  0.215122  0.470336  0.572463  0.326567  0.307556  0.140598  0.202318  0.305249  0.341304  0.296139  0.242143  0.163004  0.712293  0.206798  0.373959  0.289488  0.361642  0.100667  0.384088  0.331516  0.254402  0.348821  0.433248  0.429986  0.091472  0.389959  0.197340  0.449087  0.471669  0.354285  0.075742  0.146833  0.311262  0.139628  0.397103  0.152620  0.368183  0.312799  0.252711  0.379682  0.780886  0.461683  0.373911  0.399857  0.274036  0.138142  0.188496  0.263382  0.234622  0.300533  0.242308  0.159939  0.199208  0.312623  0.193520  0.141628  0.270262  0.075742  0.645484  0.303818  0.264271  0.075742  0.217680  0.231918  0.120665  0.162198  0.107188  0.196755  0.392548  0.353436  0.198012  0.226673  0.166890  0.204172  0.373727  0.240729  0.329749  0.241458  0.453003  0.222694  0.134818  0.132193  0.294399  0.145974 
22  0.220302  0.566558  0.434615  0.232901  0.239431  0.279901  0.147056  0.075742  0.258524  0.152233  0.208809  0.287413  0.163387  0.359069  0.332687  0.176781  0.492906  0.351494  0.089277  0.235160  0.141693  0.358579 0.0  0.257449  0.363079  0.474010  0.143893  0.150064  0.115804  0.102246  0.106616  0.132206  0.178407  0.472277  0.397443  0.084860  0.075742  0.339223  0.163495  0.480548  0.439534  0.434220  0.149145  0.130997  0.431779  0.199248  0.107321  0.209306  0.336248  0.191693  0.216167  0.218179  0.107922  0.075742  0.238477  0.126980  0.075742  0.382526  0.482716  0.075742  0.249286  0.209904  0.139663  0.726577  0.254464  0.223628  0.267055  0.411242  0.392340  0.401763  0.293601  0.178831  0.320299  0.274491  0.447617  0.220135  0.156085  0.154836  0.207768  0.380506  0.145946  0.075742  0.506351  0.289213  0.222808  0.262699  0.255079  0.106100  0.529521  0.226686  0.181888  0.107345  0.294849  0.270255  0.171413  0.163832  0.075742  0.468942  0.341769  0.155909  0.262250  0.114276  0.526965  0.114352  0.146685  0.075742  0.137797  0.454487  0.284144  0.229321  0.160330  0.111511  0.168753  0.248378  0.331384  0.139457  0.522612  0.332123  0.158255  0.426843  0.243995  0.228257  0.212376  0.362154  0.251758  0.186515  0.155756  0.367974  0.446765  0.222237  0.075742  0.181168  0.450250  0.291490  0.367410  0.204430  0.187724  0.337193  0.200108  0.484403  0.102815  0.185329  0.267566  0.247571  0.208185  0.311356 
23  0.085781  0.274449  0.245949  0.240893  0.199107  0.212117  0.183615  0.213627  0.100310  0.232367  0.291275  0.219839  0.237073  0.217157  0.144223  0.233239  0.357858  0.171185  0.189649  0.288854  0.146853  0.169294  0.257449 0.0  0.260238  0.348604  0.272534  0.366235  0.380892  0.236401  0.385870  0.269177  0.316043  0.312834  0.148415  0.132386  0.162344  0.295957  0.259118  0.245162  0.409302  0.154092  0.181635  0.184768  0.145933  0.075742  0.156681  0.148389  0.255353  0.268601  0.220515  0.323911  0.191472  0.295105  0.328740  0.345495  0.231659  0.297754  0.326374  0.336522  0.265495  0.075742  0.225847  0.713716  0.386274  0.075742  0.276631  0.147337  0.284402  0.301796  0.124184  0.255450  0.259839  0.294743  0.569752  0.202051  0.171902  0.245982  0.272273  0.210284  0.275883  0.289987  0.305750  0.195701  0.268466  0.268340  0.322741  0.314794  0.358796  0.272131  0.340735  0.226304  0.293982  0.144148  0.153779  0.193441  0.324245  0.198548  0.210217  0.292049  0.075742  0.274673  0.780361  0.399500  0.235598  0.353347  0.287813  0.229471  0.257964  0.075742  0.127103  0.099158  0.236215  0.128455  0.195483  0.357373  0.405649  0.277176  0.254757  0.077559  0.519124  0.204198  0.261415  0.240881  0.217909  0.179388  0.206241  0.198609  0.260537  0.075742  0.247806  0.168169  0.242955  0.248799  0.245336  0.194766  0.287008  0.164803  0.379403  0.320831  0.405299  0.252272  0.202189  0.100544  0.325193  0.092876 
24  0.384848  0.171650  0.131830  0.305073  0.373984  0.242460  0.392014  0.453179  0.335199  0.615604  0.376658  0.364642  0.381668  0.111818  0.266580  0.422791  0.190858  0.209199  0.436108  0.231230  0.295009  0.301279  0.363079  0.260238 0.0  0.171494  0.397809  0.487223  0.446099  0.309987  0.447159  0.325888  0.361039  0.604574  0.176758  0.298557  0.455900  0.189643  0.458006  0.284953  0.129410  0.300407  0.335550  0.194401  0.180178  0.323459  0.412426  0.411855  0.434758  0.480665  0.384410  0.465905  0.361917  0.479323  0.307493  0.415126  0.346332  0.268648  0.182123  0.549896  0.392865  0.323306  0.470679  0.554214  0.569604  0.289502  0.246360  0.157520  0.158326  0.225828  0.396339  0.277683  0.575003  0.311546  0.823314  0.367625  0.385176  0.299883  0.374656  0.286801  0.419081  0.524476  0.224852  0.391051  0.335974  0.284379  0.216031  0.553767  0.136703  0.445299  0.513881  0.393396  0.270401  0.299038  0.392487  0.229711  0.511732  0.266371  0.309272  0.531948  0.250202  0.446705  0.964436  0.446404  0.413676  0.464061  0.481374  0.333904  0.337493  0.321835  0.281817  0.370058  0.392426  0.270599  0.306275  0.462330  0.194719  0.278486  0.350248  0.210911  0.621159  0.261362  0.337472  0.192721  0.280808  0.289947  0.450960  0.178119  0.079310  0.477394  0.420331  0.275845  0.268553  0.332981  0.202748  0.324648  0.411109  0.318912  0.590733  0.075742  0.435117  0.275600  0.110876  0.259292  0.383829  0.212018 
25  0.223341  0.075742  0.158344  0.312293  0.308931  0.282087  0.269708  0.532757  0.254660  0.562538  0.375610  0.424691  0.328623  0.151869  0.359984  0.299105  0.279673  0.150346  0.463263  0.179390  0.166957  0.173556  0.474010  0.348604  0.171494 0.0  0.552464  0.426020  0.604831  0.236918  0.385503  0.360328  0.435214  0.641960  0.155384  0.437140  0.365162  0.085029  0.347828  0.129312  0.127080  0.248479  0.432080  0.273975  0.193882  0.242222  0.495180  0.277585  0.467352  0.456872  0.140494  0.448977  0.307130  0.465155  0.239799  0.478158  0.486110  0.108163  0.115959  0.402269  0.315020  0.331614  0.558403  0.510776  0.505166  0.324436  0.352292  0.130960  0.264578  0.103368  0.355946  0.355991  0.396387  0.319898  0.775589  0.250000  0.356482  0.303176  0.416277  0.132879  0.478095  0.472486  0.122431  0.336819  0.438268  0.330080  0.114068  0.532570  0.090017  0.500721  0.445522  0.425599  0.209437  0.267338  0.318140  0.206134  0.470190  0.224786  0.258408  0.570531  0.336825  0.417840  0.934330  0.577985  0.453852  0.538979  0.536261  0.157711  0.370853  0.329468  0.443120  0.251806  0.334223  0.459019  0.193079  0.331228  0.200718  0.177955  0.362176  0.075742  0.636835  0.305264  0.354218  0.245396  0.423589  0.465035  0.309889  0.131840  0.173170  0.269678  0.514284  0.313447  0.208587  0.243364  0.146726  0.287483  0.467164  0.210916  0.495059  0.125290  0.463492  0.294795  0.212068  0.302092  0.538024  0.266256 
26  0.157531  0.480288  0.299769  0.219738  0.245513  0.411419  0.276596  0.106289  0.288488  0.085493  0.113820  0.175389  0.210068  0.380532  0.440116  0.152075  0.391752  0.407129  0.263045  0.347617  0.178847  0.475346  0.143893  0.272534  0.397809  0.552464 0.0  0.075742  0.075742  0.335123  0.141314  0.277886  0.221636  0.356517  0.409953  0.212768  0.171822  0.416055  0.126156  0.450331  0.415525  0.236561  0.237198  0.173064  0.422846  0.167328  0.179857  0.215732  0.148445  0.199209  0.227447  0.149891  0.316368  0.233501  0.365666  0.129952  0.142627  0.397454  0.463492  0.106426  0.240032  0.252705  0.075742  0.705129  0.232000  0.313750  0.240856  0.408538  0.351719  0.278606  0.154506  0.075742  0.175781  0.286511  0.423576  0.245605  0.244422  0.266681  0.166817  0.419809  0.182764  0.108409  0.410571  0.169165  0.240164  0.192591  0.399512  0.075742  0.603050  0.110296  0.111303  0.075742  0.378609  0.277277  0.075742  0.254275  0.075742  0.409976  0.282545  0.097481  0.243269  0.088986  0.572120  0.194942  0.177609  0.075742  0.224731  0.480175  0.075742  0.292689  0.149078  0.212232  0.278546  0.323719  0.362631  0.181401  0.466065  0.324003  0.102829  0.442270  0.231304  0.206016  0.173209  0.285543  0.334108  0.291992  0.104922  0.310648  0.473066  0.193925  0.116219  0.229576  0.399013  0.279326  0.435901  0.302616  0.075742  0.289994  0.078522  0.512605  0.075742  0.337321  0.417331  0.222770  0.206469  0.294745 
