146
0 0.0  0.248946  0.249552  0.078958  0.086470  0.159774  0.085502  0.189898  0.134093  0.201086  0.078883  0.164257  0.183397  0.255593  0.123836  0.120965  0.337690  0.200597  0.199075  0.178817  0.087696  0.198998  0.218734  0.191776  0.322692  0.312913  0.194253  0.196758  0.208222  0.099676  0.140614  0.099774  0.115298  0.442149  0.228537  0.117830  0.207908  0.253044  0.099169  0.249429  0.266010  0.146630  0.082274  0.088486  0.250406  0.093915  0.146605  0.092306  0.169849  0.208910  0.094388  0.164792  0.077902  0.199733  0.176225  0.201529  0.123455  0.209001  0.259491  0.218306  0.091803  0.095018  0.196901  0.606162  0.344061  0.086325  0.083565  0.187793  0.197416  0.208164  0.087497  0.096906  0.170537  0.130039  0.467546  0.078023  0.099261  0.090101  0.098819  0.194945  0.186606  0.189076  0.203731  0.094926  0.105257  0.125167  0.180868  0.193017  0.339332  0.275945  0.330650  0.217162  0.170363  0.158260  0.077839  0.153605  0.179000  0.237858  0.158923  0.196354  0.140637  0.206732  0.743648  0.232152  0.139564  0.165905  0.197665  0.304162  0.080028  0.110801  0.134603  0.108081  0.094899  0.113891  0.162194  0.119873  0.304884  0.178189  0.117385  0.282355  0.425294  0.082582  0.107508  0.205840  0.107871  0.125016  0.106100  0.176787  0.250222  0.103218  0.192223  0.105079  0.173014  0.181585  0.214665  0.100873  0.276089  0.154732  0.209167  0.298342  0.197382  0.101830  0.220408  0.132745  0.206949  0.177203 
1  0.248946 0.0  0.074781  0.249578  0.239830  0.186258  0.270766  0.361993  0.186458  0.370042  0.274387  0.349997  0.339081  0.131330  0.192246  0.317114  0.227843  0.207334  0.392027  0.182963  0.255594  0.118542  0.329987  0.191455  0.155621  0.156713  0.381715  0.358180  0.370958  0.282204  0.312320  0.264038  0.266750  0.444241  0.112230  0.306776  0.408980  0.163378  0.279477  0.083472  0.216918  0.210002  0.271848  0.243913  0.136551  0.277429  0.321407  0.244977  0.295438  0.371617  0.252411  0.328119  0.267321  0.363740  0.228939  0.354160  0.358319  0.216804  0.239042  0.348636  0.233674  0.243529  0.357415  0.504414  0.460031  0.243555  0.256971  0.132482  0.188654  0.205768  0.262539  0.287975  0.245764  0.230745  0.626536  0.263505  0.264012  0.264260  0.228013  0.131173  0.321500  0.374677  0.181674  0.267923  0.296515  0.295977  0.217324  0.374043  0.216389  0.438079  0.447430  0.356435  0.194816  0.178240  0.259519  0.192254  0.370204  0.087731  0.260560  0.375341  0.238355  0.369163  0.786740  0.375815  0.295883  0.387682  0.390536  0.107822  0.230300  0.274603  0.316215  0.293291  0.289768  0.198922  0.160564  0.312563  0.230853  0.177801  0.253322  0.086975  0.618239  0.233358  0.278938  0.146243  0.215777  0.295664  0.241829  0.209909  0.152308  0.242118  0.346188  0.230141  0.216052  0.217810  0.182721  0.238796  0.380001  0.154468  0.376695  0.213070  0.410196  0.290912  0.203151  0.224047  0.351702  0.173523 
2  0.249552  0.074781 0.0  0.241898  0.290521  0.181768  0.260935  0.377398  0.182382  0.359505  0.293431  0.347253  0.380362  0.138266  0.198373  0.277069  0.214711  0.190725  0.371019  0.183864  0.273732  0.118611  0.366286  0.206599  0.168735  0.150650  0.364636  0.416058  0.418509  0.282244  0.318948  0.296378  0.275075  0.467577  0.117518  0.285928  0.418409  0.170997  0.266291  0.084230  0.191382  0.205883  0.250279  0.263626  0.150228  0.224424  0.296920  0.256418  0.288640  0.344935  0.237667  0.293752  0.241248  0.350400  0.197201  0.391023  0.357904  0.221467  0.196696  0.395089  0.237346  0.245017  0.390544  0.560755  0.411334  0.210770  0.254311  0.126345  0.187628  0.237570  0.234334  0.284544  0.271374  0.193749  0.602953  0.247486  0.309555  0.264146  0.248999  0.128616  0.401210  0.389741  0.201672  0.289449  0.243784  0.271793  0.207784  0.422916  0.220096  0.488233  0.453951  0.387716  0.186437  0.159605  0.237353  0.185568  0.371095  0.087453  0.271785  0.320932  0.260635  0.375738  0.765608  0.338505  0.317402  0.368860  0.355334  0.113172  0.232462  0.239231  0.296972  0.277343  0.262092  0.195643  0.150005  0.306501  0.239632  0.154120  0.267170  0.090625  0.542655  0.263312  0.279247  0.143849  0.225140  0.281735  0.273459  0.185591  0.142750  0.313880  0.380806  0.220296  0.201070  0.222581  0.220524  0.217878  0.443178  0.169604  0.434615  0.203096  0.322228  0.279674  0.195560  0.202693  0.330776  0.178494 
3  0.078958  0.249578  0.241898 0.0  0.091722  0.162095  0.079878  0.181503  0.135590  0.223496  0.079775  0.152359  0.201504  0.230955  0.130210  0.114999  0.325028  0.223642  0.168207  0.183452  0.083778  0.239163  0.211736  0.183524  0.331090  0.275447  0.215520  0.216005  0.227725  0.101758  0.141840  0.100035  0.113585  0.447367  0.223342  0.129486  0.209490  0.280560  0.102842  0.241063  0.267690  0.143247  0.081751  0.086849  0.244752  0.087980  0.130229  0.086945  0.162703  0.221005  0.096492  0.150152  0.080400  0.216427  0.170319  0.196546  0.148704  0.188641  0.308484  0.211685  0.091356  0.089854  0.205943  0.610281  0.267703  0.080790  0.078643  0.216637  0.187341  0.229797  0.086593  0.103180  0.168971  0.132498  0.451002  0.079889  0.098005  0.093646  0.098846  0.213510  0.185504  0.204017  0.233130  0.090691  0.101233  0.106825  0.222907  0.183639  0.320629  0.254683  0.289524  0.233384  0.178084  0.164833  0.081943  0.176752  0.196461  0.250112  0.167707  0.191322  0.150178  0.207583  0.636032  0.243359  0.141608  0.215573  0.189073  0.306533  0.076457  0.103427  0.126365  0.107980  0.097910  0.120437  0.176572  0.115294  0.263880  0.181412  0.113039  0.266546  0.429714  0.079659  0.103085  0.201429  0.109186  0.112603  0.091536  0.193407  0.248359  0.093831  0.171065  0.097370  0.195259  0.179538  0.192886  0.102066  0.244687  0.167196  0.205787  0.380884  0.169003  0.098980  0.194533  0.135165  0.217297  0.168783 
4  0.086470  0.239830  0.290521  0.091722 0.0  0.178123  0.095104  0.185904  0.138697  0.211127  0.084112  0.142873  0.172326  0.299271  0.131850  0.123630  0.357592  0.212840  0.173406  0.197297  0.099452  0.220803  0.193753  0.175729  0.289778  0.298428  0.197886  0.201398  0.210409  0.091646  0.138082  0.091406  0.118875  0.360050  0.254562  0.120848  0.177608  0.279886  0.092614  0.272259  0.309379  0.154682  0.088324  0.092958  0.252471  0.110006  0.147150  0.090297  0.191346  0.222019  0.106664  0.142971  0.087731  0.195548  0.170162  0.181567  0.150444  0.191896  0.304974  0.183518  0.102468  0.108184  0.200918  0.571194  0.272058  0.089884  0.093111  0.212173  0.197651  0.242816  0.104768  0.094882  0.178720  0.135504  0.477949  0.085524  0.084336  0.075653  0.117768  0.220129  0.186802  0.179906  0.245584  0.101397  0.114838  0.120161  0.192253  0.193301  0.360598  0.259653  0.294869  0.183227  0.180371  0.194736  0.085698  0.189285  0.185903  0.255575  0.167081  0.199980  0.151515  0.181484  0.593992  0.259163  0.121021  0.180330  0.176190  0.289205  0.087283  0.113340  0.129846  0.096900  0.079990  0.125915  0.191723  0.110055  0.270849  0.178204  0.114813  0.277598  0.353507  0.100558  0.093086  0.224391  0.116986  0.115680  0.112743  0.176773  0.238317  0.108779  0.193654  0.109522  0.182284  0.172638  0.208972  0.116937  0.225526  0.192060  0.223284  0.395614  0.170525  0.091092  0.205508  0.161648  0.185247  0.172618 
5  0.159774  0.186258  0.181768  0.162095  0.178123 0.0  0.186645  0.271210  0.117506  0.330627  0.182106  0.249397  0.267292  0.165727  0.111403  0.229513  0.232831  0.119042  0.257538  0.085204  0.184843  0.155550  0.289854  0.169633  0.196120  0.214677  0.300573  0.286523  0.301245  0.184768  0.245425  0.222262  0.205219  0.488622  0.146735  0.225885  0.258578  0.161443  0.203739  0.176265  0.206777  0.102148  0.174430  0.188953  0.142686  0.178436  0.214363  0.185634  0.273311  0.307791  0.135448  0.245431  0.165220  0.304552  0.101144  0.284538  0.272558  0.108384  0.210678  0.299517  0.166889  0.168504  0.304204  0.454799  0.365830  0.177439  0.149681  0.147291  0.108504  0.124244  0.154098  0.214227  0.232950  0.112270  0.570798  0.174802  0.188678  0.165725  0.186198  0.135275  0.283710  0.297586  0.133218  0.189179  0.190102  0.203543  0.123288  0.275584  0.254107  0.391848  0.419929  0.308502  0.078610  0.134811  0.191878  0.076230  0.302192  0.179143  0.256501  0.268558  0.203851  0.295669  0.634287  0.277276  0.197038  0.327095  0.295015  0.193937  0.180953  0.199812  0.221051  0.196378  0.185681  0.119550  0.122712  0.219106  0.191889  0.087562  0.209904  0.186431  0.466172  0.166907  0.219340  0.123792  0.154135  0.232600  0.199529  0.100104  0.159070  0.238024  0.279777  0.173731  0.108567  0.114331  0.097209  0.127522  0.315358  0.169971  0.262487  0.218888  0.335534  0.188831  0.105556  0.172880  0.303000  0.153899 
6  0.085502  0.270766  0.260935  0.079878  0.095104  0.186645 0.0  0.182577  0.134336  0.217168  0.082803  0.148037  0.155665  0.275938  0.156354  0.105175  0.293832  0.230986  0.165910  0.193625  0.078618  0.254976  0.178255  0.180278  0.277349  0.308780  0.178950  0.220502  0.206268  0.096922  0.146564  0.094960  0.101050  0.386648  0.223210  0.114505  0.217594  0.307443  0.093391  0.247360  0.279822  0.156082  0.078709  0.081241  0.252095  0.093753  0.136713  0.079938  0.167129  0.192393  0.102249  0.133298  0.084280  0.213579  0.168275  0.179242  0.146035  0.205478  0.316194  0.178158  0.091754  0.092315  0.190451  0.672700  0.280391  0.074146  0.075978  0.217543  0.195579  0.205773  0.097771  0.097716  0.171107  0.151937  0.480048  0.084219  0.095086  0.089966  0.094065  0.231230  0.187659  0.178026  0.252434  0.084305  0.096727  0.103559  0.212192  0.183530  0.331307  0.240626  0.313923  0.204337  0.164867  0.168479  0.086401  0.166070  0.173639  0.251855  0.156770  0.197109  0.130418  0.190325  0.639883  0.246982  0.119816  0.188792  0.188543  0.266466  0.080208  0.096120  0.114528  0.106134  0.094532  0.126416  0.194424  0.122242  0.290894  0.193471  0.106766  0.258325  0.354637  0.087287  0.097445  0.219941  0.112702  0.107003  0.093259  0.221064  0.263310  0.093514  0.177379  0.092130  0.193427  0.204959  0.203486  0.108180  0.251209  0.177265  0.198856  0.377278  0.191244  0.097699  0.231629  0.140995  0.199726  0.157580 
7  0.189898  0.361993  0.377398  0.181503  0.185904  0.271210  0.182577 0.0  0.264922  0.097734  0.164744  0.117890  0.105164  0.338579  0.268537  0.153595  0.410352  0.320807  0.088367  0.307055  0.182629  0.383909  0.106623  0.284057  0.453859  0.431124  0.086280  0.093606  0.100235  0.160337  0.124004  0.174400  0.159505  0.371955  0.342093  0.133368  0.106618  0.403888  0.167625  0.326701  0.387769  0.252531  0.181585  0.195805  0.394818  0.198417  0.137590  0.190423  0.183391  0.172490  0.230261  0.122851  0.195580  0.097213  0.278841  0.081158  0.124143  0.291903  0.435670  0.081171  0.212291  0.201150  0.078288  0.632653  0.199429  0.166531  0.188653  0.304823  0.312345  0.330396  0.240531  0.177532  0.202953  0.244648  0.313565  0.193554  0.174094  0.177647  0.205575  0.345660  0.082815  0.088252  0.350745  0.194326  0.160919  0.168910  0.324586  0.083584  0.464368  0.165121  0.165113  0.106624  0.237649  0.303855  0.180952  0.286293  0.080209  0.348353  0.186020  0.079367  0.245040  0.075157  0.514564  0.119519  0.141981  0.078010  0.078040  0.360184  0.191963  0.176002  0.156152  0.163182  0.181192  0.245449  0.355691  0.144334  0.410032  0.285862  0.163867  0.387532  0.284491  0.212958  0.166486  0.349896  0.231636  0.163897  0.205985  0.295128  0.420849  0.182421  0.077545  0.201325  0.292301  0.284135  0.294949  0.236092  0.139184  0.274099  0.091149  0.496052  0.077642  0.152887  0.356728  0.228064  0.111053  0.263582 
8  0.134093  0.186458  0.182382  0.135590  0.138697  0.117506  0.134336  0.264922 0.0  0.262094  0.132785  0.223790  0.243225  0.187656  0.079214  0.168880  0.288190  0.146146  0.247921  0.125840  0.145636  0.150102  0.258610  0.167021  0.243744  0.248086  0.249697  0.274801  0.257073  0.149558  0.205027  0.153052  0.176876  0.441157  0.173639  0.178958  0.222536  0.200145  0.164265  0.199191  0.207173  0.092499  0.140721  0.132484  0.170183  0.134236  0.198749  0.147094  0.209671  0.268339  0.117677  0.206457  0.131584  0.259308  0.133366  0.322176  0.218162  0.151483  0.253090  0.266762  0.132165  0.133222  0.264786  0.535646  0.345790  0.139231  0.132372  0.157863  0.149269  0.161248  0.121036  0.155346  0.203057  0.080331  0.510026  0.145283  0.148710  0.136692  0.132423  0.148978  0.234465  0.256742  0.193374  0.141263  0.155483  0.175408  0.173801  0.294385  0.282329  0.303304  0.387000  0.266938  0.112142  0.118251  0.137727  0.110291  0.257764  0.215250  0.211670  0.235393  0.146811  0.260350  0.624777  0.311858  0.191804  0.257334  0.245171  0.211101  0.135828  0.155344  0.161677  0.161998  0.138001  0.086531  0.121343  0.184709  0.200932  0.122221  0.168948  0.194252  0.523372  0.123937  0.172782  0.138462  0.095623  0.185029  0.141557  0.134812  0.183975  0.158979  0.239455  0.144421  0.137378  0.130784  0.152496  0.102668  0.299840  0.140048  0.286857  0.224945  0.259713  0.176878  0.150162  0.138369  0.251172  0.143150 
9  0.201086  0.370042  0.359505  0.223496  0.211127  0.330627  0.217168  0.097734  0.262094 0.0  0.200279  0.133975  0.119714  0.374803  0.297003  0.178839  0.455459  0.356831  0.118812  0.301961  0.227318  0.309787  0.095550  0.264855  0.454332  0.417332  0.088317  0.081987  0.077587  0.183893  0.152199  0.209157  0.176605  0.302588  0.382944  0.157783  0.088180  0.461849  0.205228  0.378514  0.424338  0.277329  0.199175  0.217726  0.336730  0.213553  0.163235  0.211726  0.208142  0.190790  0.236599  0.138474  0.200664  0.078438  0.262868  0.096285  0.150626  0.318464  0.347428  0.091226  0.223509  0.230597  0.095921  0.801512  0.166579  0.195621  0.201913  0.354312  0.366171  0.344018  0.232536  0.177457  0.227207  0.297017  0.356390  0.196889  0.193623  0.200048  0.245665  0.353622  0.107042  0.086646  0.402580  0.206875  0.224067  0.201506  0.280080  0.093458  0.480984  0.152679  0.157809  0.085517  0.284764  0.303652  0.201666  0.315481  0.097910  0.418030  0.223820  0.097467  0.243735  0.098938  0.521090  0.126521  0.164443  0.104913  0.094989  0.431545  0.208412  0.198896  0.172587  0.179652  0.205030  0.250266  0.274967  0.160862  0.369511  0.299766  0.172487  0.373632  0.278224  0.217024  0.193704  0.316673  0.268415  0.184805  0.182159  0.279971  0.375330  0.213370  0.100505  0.188752  0.345732  0.316855  0.316789  0.208838  0.150990  0.308118  0.083682  0.429987  0.097081  0.180753  0.360798  0.275235  0.094307  0.310283 
10  0.078883  0.274387  0.293431  0.079775  0.084112  0.182106  0.082803  0.164744  0.132785  0.200279 0.0  0.145948  0.183595  0.245257  0.141849  0.117510  0.374554  0.213367  0.170648  0.187115  0.089978  0.231402  0.199900  0.194064  0.320578  0.306682  0.191092  0.203309  0.202829  0.092500  0.146897  0.099215  0.113600  0.396206  0.231801  0.128004  0.178163  0.262841  0.096706  0.249379  0.333467  0.145297  0.077910  0.086101  0.251117  0.097727  0.142090  0.087891  0.176302  0.253701  0.101941  0.153001  0.074139  0.217825  0.153821  0.192839  0.143688  0.199769  0.298545  0.186127  0.098646  0.095911  0.186942  0.642711  0.334426  0.083076  0.080547  0.197112  0.191121  0.220901  0.093815  0.093467  0.189690  0.140632  0.472366  0.074391  0.091994  0.087954  0.104483  0.183510  0.170063  0.217692  0.236454  0.093082  0.107868  0.109108  0.232626  0.190786  0.305553  0.276620  0.306382  0.202510  0.184228  0.194211  0.075743  0.174653  0.204860  0.276177  0.159391  0.188509  0.149261  0.188569  0.573241  0.251028  0.124917  0.183685  0.191650  0.267583  0.078580  0.112963  0.124135  0.104517  0.092027  0.122721  0.170435  0.121438  0.297077  0.184922  0.122321  0.251628  0.421592  0.085581  0.101091  0.204390  0.113007  0.105783  0.102588  0.176094  0.271860  0.103326  0.192085  0.099497  0.185291  0.189430  0.205759  0.104349  0.232194  0.160819  0.218333  0.327388  0.207849  0.095157  0.211530  0.151418  0.190883  0.176815 
11  0.164257  0.349997  0.347253  0.152359  0.142873  0.249397  0.148037  0.117890  0.223790  0.133975  0.145948 0.0  0.097652  0.382120  0.213152  0.107941  0.416057  0.296631  0.102867  0.287949  0.154582  0.259446  0.125654  0.233861  0.361884  0.373470  0.122833  0.127600  0.146205  0.137723  0.081011  0.124317  0.115385  0.305061  0.317175  0.096545  0.134342  0.360879  0.131172  0.299492  0.379596  0.267175  0.152649  0.136516  0.293847  0.157997  0.089763  0.140505  0.146904  0.169090  0.167991  0.080095  0.160395  0.145074  0.255431  0.128065  0.077835  0.273805  0.367036  0.126135  0.146147  0.148099  0.110965  0.691304  0.216671  0.155241  0.142750  0.320086  0.318270  0.288497  0.170647  0.135781  0.174443  0.240415  0.384369  0.136953  0.153765  0.160996  0.150071  0.327978  0.107888  0.129256  0.287526  0.132095  0.134008  0.126370  0.267373  0.129676  0.371578  0.211510  0.231029  0.149426  0.254388  0.247031  0.157138  0.244761  0.114893  0.318527  0.174710  0.118755  0.172669  0.112862  0.536963  0.158922  0.096470  0.111089  0.114358  0.379068  0.167067  0.127458  0.101440  0.132609  0.142571  0.223721  0.231737  0.115607  0.399753  0.292232  0.118470  0.239998  0.367930  0.166891  0.130124  0.275929  0.193713  0.114801  0.149175  0.254114  0.376934  0.129587  0.117406  0.142801  0.259601  0.234302  0.290482  0.182990  0.161383  0.242559  0.126237  0.387438  0.124743  0.128250  0.289900  0.190654  0.138852  0.230870 
12  0.183397  0.339081  0.380362  0.201504  0.172326  0.267292  0.155665  0.105164  0.243225  0.119714  0.183595  0.097652 0.0  0.334136  0.264757  0.136801  0.491311  0.298011  0.080204  0.270460  0.165903  0.318487  0.131523  0.247287  0.406853  0.382588  0.118777  0.126391  0.128805  0.161435  0.102704  0.144087  0.134459  0.332747  0.344010  0.128683  0.117869  0.378650  0.165433  0.339720  0.362011  0.245873  0.165737  0.158461  0.299369  0.191639  0.108521  0.168518  0.156032  0.147298  0.191793  0.102700  0.168331  0.121009  0.288562  0.108005  0.101191  0.266005  0.396166  0.105357  0.184067  0.175549  0.105880  0.665374  0.271222  0.166171  0.173429  0.298894  0.284751  0.357615  0.177076  0.154918  0.167207  0.224005  0.358529  0.174865  0.152203  0.167168  0.171567  0.305554  0.091475  0.118291  0.304860  0.152364  0.160048  0.141971  0.323821  0.108764  0.446035  0.181285  0.202911  0.126974  0.284861  0.276977  0.169845  0.280099  0.103192  0.331879  0.161513  0.103881  0.180563  0.102570  0.483784  0.123583  0.117533  0.101268  0.110375  0.331468  0.161413  0.143363  0.128487  0.162983  0.171364  0.225566  0.269255  0.141484  0.409137  0.288912  0.147753  0.361610  0.326623  0.173062  0.146704  0.314938  0.226988  0.148917  0.151347  0.290257  0.371115  0.169570  0.100968  0.183448  0.263969  0.289316  0.279131  0.195604  0.137226  0.222398  0.121969  0.461577  0.107094  0.168268  0.294569  0.234028  0.125810  0.246279 
13  0.255593  0.131330  0.138266  0.230955  0.299271  0.165727  0.275938  0.338579  0.187656  0.374803  0.245257  0.382120  0.334136 0.0  0.190537  0.290848  0.166992  0.131762  0.332555  0.140063  0.258400  0.110202  0.369266  0.216118  0.142310  0.122767  0.420120  0.383675  0.358575  0.285658  0.354486  0.275771  0.262714  0.585864  0.105712  0.296308  0.351841  0.110065  0.237523  0.126097  0.146533  0.170686  0.227727  0.279078  0.080911  0.251073  0.288983  0.267079  0.314652  0.398896  0.219548  0.335135  0.250897  0.424486  0.169355  0.398876  0.283686  0.163286  0.150083  0.331556  0.266605  0.263527  0.371347  0.491029  0.472853  0.244598  0.281431  0.123772  0.148792  0.159864  0.224221  0.265564  0.279810  0.183202  0.609705  0.257899  0.256180  0.230129  0.267954  0.111470  0.373871  0.319713  0.132110  0.242494  0.244068  0.263110  0.160588  0.410535  0.188613  0.426349  0.500866  0.425457  0.150273  0.164067  0.224815  0.150291  0.440680  0.127122  0.312276  0.368681  0.251287  0.371947  0.816807  0.380999  0.298302  0.368788  0.297911  0.147521  0.261663  0.261594  0.306394  0.265646  0.252392  0.203514  0.151016  0.284012  0.173841  0.133953  0.288082  0.108146  0.524860  0.262112  0.269041  0.110716  0.211126  0.288575  0.270472  0.178982  0.087027  0.251380  0.402919  0.253745  0.163537  0.161469  0.149464  0.213265  0.420745  0.192308  0.373240  0.177545  0.376204  0.252353  0.148564  0.218005  0.375339  0.160396 
14  0.123836  0.192246  0.198373  0.130210  0.131850  0.111403  0.156354  0.268537  0.079214  0.297003  0.141849  0.213152  0.264757  0.190537 0.0  0.161448  0.243348  0.151254  0.240916  0.124462  0.151222  0.143175  0.235461  0.155554  0.274572  0.235672  0.230189  0.242467  0.262758  0.159400  0.216721  0.165795  0.176353  0.425304  0.148551  0.181219  0.259707  0.190825  0.163126  0.194437  0.237720  0.091188  0.147332  0.150962  0.187664  0.134066  0.203517  0.143275  0.223406  0.281664  0.112399  0.208494  0.129647  0.228541  0.128541  0.249773  0.231991  0.157822  0.237585  0.273343  0.130132  0.132814  0.280273  0.525687  0.330948  0.129823  0.141173  0.152027  0.137963  0.164742  0.128612  0.163302  0.184953  0.085197  0.437914  0.144037  0.146004  0.146726  0.141025  0.148714  0.255816  0.258206  0.177885  0.151916  0.165574  0.177978  0.157404  0.245080  0.265804  0.329750  0.380686  0.241587  0.116985  0.116071  0.141999  0.116161  0.253053  0.199582  0.187667  0.271045  0.149811  0.288223  0.679598  0.297972  0.166991  0.253102  0.236293  0.235493  0.139498  0.144971  0.193412  0.163672  0.157497  0.089033  0.112120  0.182429  0.192480  0.122405  0.158715  0.166678  0.510124  0.145965  0.163236  0.144393  0.101434  0.174549  0.151147  0.135581  0.182625  0.141938  0.259001  0.150760  0.131058  0.128808  0.154773  0.108429  0.312109  0.135987  0.262568  0.303013  0.276619  0.167878  0.142734  0.130808  0.289738  0.124790 
15  0.120965  0.317114  0.277069  0.114999  0.123630  0.229513  0.105175  0.153595  0.168880  0.178839  0.117510  0.107941  0.136801  0.290848  0.161448 0.0  0.419407  0.287213  0.144520  0.216921  0.106398  0.282453  0.165186  0.210451  0.321689  0.336843  0.160250  0.165616  0.181791  0.108967  0.104537  0.097000  0.081215  0.371016  0.275862  0.089995  0.177443  0.302494  0.106402  0.256193  0.343825  0.184638  0.118314  0.103580  0.277086  0.119108  0.093156  0.110395  0.145886  0.151300  0.133955  0.106787  0.120421  0.171178  0.220951  0.160518  0.108268  0.239567  0.359973  0.151979  0.117176  0.123018  0.159983  0.633030  0.276078  0.104359  0.112930  0.244239  0.240502  0.288180  0.122455  0.100111  0.138169  0.186446  0.431079  0.122342  0.110192  0.112245  0.115909  0.291926  0.138629  0.162145  0.282742  0.097947  0.106663  0.083705  0.273043  0.147515  0.349385  0.246578  0.278580  0.177323  0.214191  0.205268  0.122923  0.215560  0.164837  0.330353  0.138552  0.155167  0.148947  0.141695  0.581099  0.186414  0.086429  0.164067  0.157598  0.341846  0.120225  0.091215  0.082310  0.104201  0.119430  0.145197  0.212618  0.101657  0.334742  0.222458  0.078769  0.291208  0.344554  0.126352  0.102921  0.233329  0.154695  0.077486  0.102643  0.214305  0.268204  0.092071  0.150222  0.102297  0.228219  0.205264  0.238147  0.148702  0.189654  0.181809  0.156339  0.385294  0.161628  0.107483  0.228618  0.169423  0.169283  0.183085 
16  0.337690  0.227843  0.214711  0.325028  0.357592  0.232831  0.293832  0.410352  0.288190  0.455459  0.374554  0.416057  0.491311  0.166992  0.243348  0.419407 0.0  0.175203  0.482992  0.218453  0.319844  0.211392  0.387558  0.292886  0.136093  0.142874  0.407124  0.470703  0.373107  0.362194  0.356893  0.369494  0.326562  0.575336  0.192833  0.385173  0.377789  0.132298  0.347992  0.212474  0.115089  0.321337  0.325837  0.357894  0.177833  0.356514  0.408831  0.405139  0.439925  0.432915  0.304905  0.420252  0.335342  0.440151  0.203821  0.434234  0.382950  0.221455  0.121349  0.447334  0.334846  0.323774  0.458671  0.356030  0.466721  0.320634  0.346896  0.222945  0.204767  0.186318  0.270842  0.314012  0.399372  0.294449  0.675589  0.336116  0.347903  0.330075  0.359057  0.177418  0.414936  0.490533  0.146968  0.306150  0.306513  0.358350  0.220497  0.458928  0.082883  0.435183  0.521414  0.457731  0.251421  0.282109  0.301282  0.251338  0.461187  0.205976  0.412107  0.453284  0.318809  0.447314  0.748784  0.556709  0.383603  0.404938  0.407851  0.231499  0.263359  0.365150  0.385052  0.368879  0.291533  0.289177  0.281465  0.366498  0.139840  0.215978  0.352120  0.221652  0.732159  0.330305  0.345587  0.179372  0.264849  0.387648  0.331253  0.229106  0.147593  0.361828  0.389692  0.342820  0.231943  0.223212  0.219220  0.274926  0.551406  0.259148  0.475444  0.102029  0.338534  0.349801  0.187496  0.279009  0.404799  0.286762 
17  0.200597  0.207334  0.190725  0.223642  0.212840  0.119042  0.230986  0.320807  0.146146  0.356831  0.213367  0.296631  0.298011  0.131762  0.151254  0.287213  0.175203 0.0  0.343370  0.106499  0.221291  0.160268  0.339309  0.226400  0.181933  0.188763  0.312809  0.366549  0.412074  0.245105  0.337030  0.244801  0.242306  0.454786  0.148162  0.273815  0.305789  0.126665  0.247026  0.182340  0.162447  0.153857  0.217893  0.205372  0.131399  0.217096  0.259940  0.195822  0.310951  0.345020  0.186265  0.290955  0.212191  0.313200  0.123515  0.349730  0.265175  0.099368  0.147631  0.350665  0.244736  0.236550  0.328118  0.423215  0.391422  0.237492  0.231243  0.157379  0.086307  0.098834  0.192216  0.260940  0.290255  0.159305  0.654231  0.222894  0.190836  0.190723  0.221656  0.155409  0.328134  0.331608  0.101780  0.226224  0.257844  0.221438  0.101361  0.348134  0.185097  0.431729  0.446343  0.315652  0.119312  0.167313  0.211271  0.128311  0.357866  0.182166  0.257596  0.353805  0.244562  0.309117  0.640388  0.344955  0.263582  0.322643  0.350953  0.206716  0.205216  0.229613  0.278929  0.241215  0.216023  0.170663  0.162394  0.248113  0.137972  0.119548  0.254160  0.157508  0.555766  0.221623  0.229609  0.142162  0.198082  0.256749  0.212152  0.115695  0.127255  0.255194  0.305053  0.224404  0.115681  0.113451  0.091781  0.189610  0.387227  0.210040  0.329736  0.201197  0.337251  0.228764  0.090261  0.227226  0.290488  0.200362 
18  0.199075  0.392027  0.371019  0.168207  0.173406  0.257538  0.165910  0.088367  0.247921  0.118812  0.170648  0.102867  0.080204  0.332555  0.240916  0.144520  0.482992  0.343370 0.0  0.298035  0.178827  0.338957  0.119857  0.219658  0.429324  0.394856  0.109932  0.114005  0.115492  0.163132  0.110374  0.162329  0.140874  0.332265  0.346082  0.125551  0.125339  0.362618  0.174969  0.388062  0.354917  0.271193  0.179441  0.166710  0.324435  0.186618  0.120764  0.169410  0.188330  0.152471  0.199790  0.109516  0.190843  0.116650  0.304193  0.106460  0.108639  0.317143  0.427123  0.100616  0.179304  0.179987  0.095101  0.660032  0.207737  0.157340  0.165594  0.279865  0.353060  0.276346  0.212046  0.152797  0.180496  0.258715  0.344437  0.180243  0.177180  0.192042  0.192038  0.328185  0.084195  0.108059  0.350831  0.179535  0.187308  0.155818  0.259909  0.099945  0.445610  0.172080  0.199050  0.129815  0.257923  0.266267  0.169384  0.262850  0.102031  0.388753  0.167981  0.095203  0.192680  0.094435  0.500729  0.121202  0.127463  0.091391  0.099816  0.360506  0.184726  0.148854  0.132939  0.166777  0.170197  0.235649  0.288349  0.144059  0.391216  0.316930  0.132151  0.357581  0.278462  0.178878  0.154180  0.304589  0.234481  0.148939  0.174968  0.310993  0.342844  0.164729  0.097595  0.173160  0.296975  0.317307  0.333494  0.212497  0.135533  0.263691  0.113768  0.432463  0.096193  0.170200  0.300190  0.215127  0.128724  0.298835 
19  0.178817  0.182963  0.183864  0.183452  0.197297  0.085204  0.193625  0.307055  0.125840  0.301961  0.187115  0.287949  0.270460  0.140063  0.124462  0.216921  0.218453  0.106499  0.298035 0.0  0.212824  0.150535  0.258048  0.201307  0.206223  0.196320  0.356894  0.321056  0.318268  0.198178  0.223049  0.214076  0.198079  0.464307  0.157177  0.232738  0.313537  0.148931  0.200266  0.179852  0.184666  0.108816  0.188763  0.202520  0.152904  0.200263  0.258447  0.209014  0.230489  0.304914  0.163957  0.264335  0.182119  0.298620  0.102223  0.266103  0.251214  0.096060  0.186437  0.317194  0.185573  0.183338  0.269591  0.395209  0.366646  0.181941  0.185439  0.148428  0.099322  0.115800  0.171259  0.207766  0.256886  0.117176  0.551696  0.184045  0.197698  0.188743  0.187597  0.135525  0.321984  0.308298  0.128167  0.203454  0.203363  0.238004  0.107023  0.344129  0.218504  0.402768  0.440671  0.327277  0.088759  0.146227  0.203884  0.085849  0.335083  0.166977  0.240229  0.268800  0.210961  0.295202  0.671729  0.346551  0.208946  0.291411  0.297880  0.240477  0.193834  0.208114  0.230055  0.186915  0.192271  0.135351  0.131075  0.205272  0.174196  0.090856  0.234529  0.192414  0.485256  0.183508  0.191124  0.116447  0.154215  0.213327  0.212653  0.095442  0.142706  0.210337  0.305499  0.195491  0.100710  0.107770  0.094481  0.153142  0.358806  0.167224  0.237585  0.232141  0.316671  0.191486  0.098515  0.177450  0.304109  0.166330 
20  0.087696  0.255594  0.273732  0.083778  0.099452  0.184843  0.078618  0.182629  0.145636  0.227318  0.089978  0.154582  0.165903  0.258400  0.151222  0.106398  0.319844  0.221291  0.178827  0.212824 0.0  0.227800  0.175601  0.181253  0.301479  0.307349  0.187903  0.192007  0.205418  0.101832  0.137284  0.099587  0.100794  0.371916  0.226586  0.116988  0.186380  0.254843  0.094958  0.240943  0.301162  0.163397  0.085099  0.080581  0.257872  0.090127  0.136523  0.077827  0.170146  0.208391  0.101700  0.140701  0.091181  0.179555  0.218651  0.160502  0.136539  0.200846  0.338771  0.191247  0.094076  0.092329  0.187174  0.626708  0.312292  0.078931  0.080387  0.243371  0.178522  0.214770  0.099330  0.096422  0.151690  0.135077  0.414576  0.088279  0.096605  0.099148  0.090224  0.226935  0.205008  0.184288  0.258489  0.080944  0.087758  0.098492  0.234308  0.203864  0.309594  0.262342  0.300278  0.217354  0.192224  0.182136  0.090413  0.197243  0.179975  0.255966  0.146410  0.187934  0.136623  0.189996  0.637965  0.219853  0.115207  0.163869  0.189528  0.258692  0.082727  0.093965  0.115991  0.105881  0.099272  0.126826  0.197106  0.124514  0.302982  0.176425  0.107095  0.238184  0.425680  0.089745  0.102000  0.218568  0.117593  0.102925  0.089859  0.169781  0.252585  0.089811  0.167749  0.087612  0.203377  0.192912  0.229180  0.099314  0.232627  0.176235  0.200810  0.294331  0.181273  0.100129  0.208670  0.142052  0.178564  0.183680 
21  0.198998  0.118542  0.118611  0.239163  0.220803  0.155550  0.254976  0.383909  0.150102  0.309787  0.231402  0.259446  0.318487  0.110202  0.143175  0.282453  0.211392  0.160268  0.338957  0.150535  0.227800 0.0  0.351059  0.181135  0.166964  0.155223  0.298474  0.396864  0.373224  0.245403  0.314197  0.223398  0.264338  0.500746  0.078751  0.284677  0.335700  0.138832  0.259416  0.108403  0.178587  0.159877  0.205274  0.226729  0.115833  0.198948  0.275006  0.208853  0.287961  0.335608  0.200281  0.301360  0.218627  0.391471  0.157833  0.328516  0.319292  0.170885  0.219044  0.322781  0.233853  0.213696  0.370366  0.483949  0.452073  0.222136  0.227742  0.083405  0.149070  0.179534  0.207956  0.263614  0.264179  0.166444  0.603232  0.210458  0.261681  0.235335  0.228115  0.084697  0.365282  0.367504  0.164032  0.206718  0.236112  0.242582  0.162648  0.332192  0.223802  0.405399  0.408992  0.359038  0.136538  0.131299  0.237128  0.140841  0.349917  0.112012  0.218846  0.336223  0.207528  0.368761  0.724163  0.378781  0.250144  0.361908  0.305796  0.136983  0.254310  0.271584  0.264511  0.283822  0.257031  0.173497  0.120271  0.294607  0.209202  0.138361  0.237791  0.100668  0.578397  0.207756  0.232678  0.093000  0.169605  0.281057  0.241497  0.166479  0.131180  0.258164  0.336876  0.228418  0.172176  0.191925  0.154506  0.198041  0.400597  0.144035  0.317188  0.217534  0.366113  0.250874  0.145298  0.176876  0.383644  0.144851 
22  0.218734  0.329987  0.366286  0.211736  0.193753  0.289854  0.178255  0.106623  0.258610  0.095550  0.199900  0.125654  0.131523  0.369266  0.235461  0.165186  0.387558  0.339309  0.119857  0.258048  0.175601  0.351059 0.0  0.290704  0.432018  0.408818  0.094334  0.095195  0.103746  0.151928  0.136006  0.165205  0.169659  0.376972  0.362124  0.156219  0.080332  0.348224  0.157400  0.384253  0.393480  0.255573  0.178183  0.191471  0.319394  0.202528  0.137796  0.173308  0.209665  0.176877  0.200983  0.144758  0.191820  0.094245  0.287263  0.102168  0.123831  0.283202  0.391919  0.103047  0.209530  0.198429  0.103565  0.615281  0.196140  0.195360  0.214386  0.349593  0.305595  0.297690  0.199299  0.169026  0.220784  0.283123  0.327620  0.188698  0.148633  0.193912  0.193854  0.316437  0.112455  0.095849  0.311156  0.179287  0.160496  0.174534  0.298077  0.100321  0.409373  0.180972  0.207996  0.089328  0.242619  0.332107  0.188414  0.280936  0.102140  0.376504  0.213180  0.100219  0.228732  0.099841  0.436252  0.147479  0.154038  0.107241  0.104001  0.388637  0.183230  0.182750  0.155828  0.169860  0.170631  0.252889  0.298444  0.149008  0.372510  0.294612  0.184470  0.329565  0.280229  0.218342  0.163262  0.348132  0.229678  0.154991  0.181238  0.252174  0.317756  0.194857  0.104456  0.196298  0.266304  0.299856  0.296039  0.230652  0.175237  0.281877  0.098687  0.460749  0.104979  0.179688  0.290294  0.260190  0.079011  0.283945 
23  0.191776  0.191455  0.206599  0.183524  0.175729  0.169633  0.180278  0.284057  0.167021  0.264855  0.194064  0.233861  0.247287  0.216118  0.155554  0.210451  0.292886  0.226400  0.219658  0.201307  0.181253  0.181135  0.290704 0.0  0.260665  0.253152  0.290307  0.274156  0.301093  0.187063  0.242100  0.197650  0.172607  0.387785  0.167690  0.190834  0.296842  0.259914  0.213041  0.212264  0.273534  0.162221  0.194805  0.180457  0.234710  0.156872  0.202332  0.177692  0.178436  0.268426  0.153746  0.205422  0.164438  0.303819  0.215199  0.308158  0.233189  0.205953  0.304707  0.232934  0.159271  0.164289  0.245965  0.570644  0.328192  0.172480  0.170790  0.206386  0.202403  0.229297  0.147286  0.187579  0.142203  0.186230  0.480928  0.174033  0.203541  0.188019  0.157928  0.180415  0.245361  0.294159  0.269257  0.187070  0.169051  0.181422  0.216532  0.315630  0.353495  0.321903  0.374763  0.314220  0.194517  0.137015  0.167115  0.185224  0.277999  0.211255  0.160590  0.268674  0.112808  0.251616  0.648646  0.326591  0.205152  0.260064  0.240211  0.185528  0.184695  0.183303  0.175694  0.208469  0.186922  0.170299  0.154740  0.227435  0.284187  0.170660  0.176675  0.174310  0.420753  0.170367  0.195326  0.191777  0.167844  0.187704  0.155237  0.226363  0.207995  0.172240  0.257503  0.155005  0.222845  0.226367  0.240643  0.155019  0.318258  0.097633  0.296961  0.326977  0.279985  0.203010  0.236797  0.104629  0.262658  0.118173 
24  0.322692  0.155621  0.168735  0.331090  0.289778  0.196120  0.277349  0.453859  0.243744  0.454332  0.320578  0.361884  0.406853  0.142310  0.274572  0.321689  0.136093  0.181933  0.429324  0.206223  0.301479  0.166964  0.432018  0.260665 0.0  0.090100  0.425234  0.413286  0.464347  0.343242  0.412994  0.320785  0.327528  0.565142  0.179663  0.389592  0.395052  0.141815  0.352699  0.151468  0.140263  0.244359  0.340361  0.311815  0.157174  0.332568  0.328098  0.304116  0.406560  0.454027  0.296388  0.363980  0.312685  0.443103  0.214950  0.410213  0.397194  0.226533  0.163229  0.383578  0.324609  0.309119  0.399473  0.414288  0.476997  0.309601  0.362344  0.177475  0.195192  0.202176  0.244193  0.303998  0.343053  0.240383  0.722329  0.284228  0.348334  0.332706  0.338447  0.185064  0.464020  0.450374  0.154653  0.324949  0.311094  0.365143  0.228107  0.405219  0.138794  0.549843  0.537340  0.432321  0.255061  0.255824  0.302177  0.214798  0.374745  0.148433  0.344505  0.428829  0.307576  0.444465  0.822678  0.509630  0.359181  0.430122  0.476860  0.186465  0.285093  0.349094  0.316699  0.336007  0.277819  0.271609  0.178840  0.420527  0.166880  0.207460  0.334110  0.140704  0.548781  0.308500  0.347357  0.169777  0.294215  0.353411  0.305131  0.214598  0.141020  0.357923  0.393520  0.285399  0.230044  0.246397  0.224896  0.250171  0.496246  0.256062  0.369207  0.115731  0.405477  0.353629  0.197992  0.299513  0.509574  0.258346 
25  0.312913  0.156713  0.150650  0.275447  0.298428  0.214677  0.308780  0.431124  0.248086  0.417332  0.306682  0.373470  0.382588  0.122767  0.235672  0.336843  0.142874  0.188763  0.394856  0.196320  0.307349  0.155223  0.408818  0.253152  0.090100 0.0  0.454286  0.440222  0.414748  0.319447  0.366187  0.337760  0.343474  0.565298  0.157830  0.339899  0.449677  0.125911  0.305687  0.141413  0.122168  0.236261  0.270105  0.321177  0.131972  0.324686  0.357445  0.309546  0.377058  0.408952  0.277204  0.368330  0.331251  0.373217  0.170813  0.394800  0.393555  0.188227  0.172580  0.468717  0.249048  0.281053  0.390949  0.398305  0.530494  0.301255  0.319158  0.171094  0.168566  0.202847  0.318939  0.326921  0.373096  0.229972  0.635924  0.250851  0.334140  0.328022  0.269886  0.160393  0.424311  0.365219  0.146658  0.318967  0.294134  0.326415  0.191438  0.435036  0.149517  0.486088  0.534844  0.441917  0.214468  0.189282  0.280485  0.220270  0.374726  0.139854  0.375297  0.430507  0.290254  0.419898  0.816366  0.414084  0.299991  0.434571  0.397878  0.163115  0.304773  0.332804  0.339792  0.337292  0.269754  0.240379  0.225086  0.319438  0.173999  0.209805  0.322326  0.140891  0.697697  0.285399  0.329719  0.164109  0.230264  0.342773  0.316773  0.229482  0.117717  0.340809  0.410606  0.294873  0.216464  0.226046  0.181684  0.279374  0.455305  0.241374  0.419947  0.130302  0.399160  0.302996  0.178146  0.248866  0.383737  0.259447 
26  0.194253  0.381715  0.364636  0.215520  0.197886  0.300573  0.178950  0.086280  0.249697  0.088317  0.191092  0.122833  0.118777  0.420120  0.230189  0.160250  0.407124  0.312809  0.109932  0.356894  0.187903  0.298474  0.094334  0.290307  0.425234  0.454286 0.0  0.081121  0.088338  0.180543  0.123032  0.176759  0.169210  0.352980  0.368342  0.161419  0.088151  0.387091  0.178502  0.389468  0.369464  0.283992  0.193329  0.172627  0.350666  0.213008  0.152716  0.185522  0.187800  0.182658  0.218212  0.132666  0.202679  0.081920  0.298560  0.079479  0.120101  0.333386  0.404585  0.079463  0.221253  0.209804  0.081221  0.585781  0.197280  0.190297  0.202056  0.340003  0.293786  0.316549  0.217347  0.178770  0.218569  0.282138  0.342048  0.181586  0.197267  0.215793  0.195429  0.351034  0.097369  0.074427  0.347787  0.197954  0.195561  0.185666  0.297246  0.077630  0.412100  0.145281  0.190171  0.092789  0.337872  0.300077  0.200680  0.227423  0.080755  0.408037  0.245139  0.080544  0.252739  0.086100  0.471541  0.126114  0.131959  0.088112  0.081195  0.379095  0.202972  0.190860  0.163957  0.157188  0.193692  0.252383  0.302800  0.147467  0.425100  0.344282  0.176229  0.357632  0.274560  0.222786  0.176155  0.356576  0.225049  0.177509  0.208675  0.340358  0.367122  0.185286  0.085027  0.208374  0.270976  0.292267  0.285885  0.232186  0.156664  0.245575  0.080400  0.449235  0.082965  0.175924  0.341227  0.237487  0.099511  0.273804 
