146
0 0.0  0.327789  0.200077  0.080250  0.121297  0.227319  0.082239  0.080250  0.093580  0.187378  0.080250  0.080250  0.181603  0.333002  0.228106  0.117749  0.388829  0.272274  0.158450  0.222156  0.092193  0.248282  0.281351  0.110851  0.387706  0.296945  0.183219  0.349302  0.117378  0.137255  0.152079  0.185491  0.080250  0.448247  0.174292  0.168906  0.241691  0.305786  0.168733  0.326634  0.263083  0.155284  0.080250  0.080250  0.188443  0.118504  0.133371  0.082722  0.187615  0.313531  0.110642  0.109666  0.167248  0.207453  0.279409  0.096742  0.176557  0.136675  0.323640  0.290521  0.203509  0.130073  0.096454  0.646383  0.233242  0.080250  0.141339  0.219285  0.151138  0.201634  0.131304  0.080250  0.183539  0.098400  0.522908  0.237136  0.080250  0.080250  0.150695  0.305957  0.229232  0.298307  0.164764  0.080250  0.115515  0.107495  0.217721  0.230095  0.364799  0.340345  0.375138  0.183539  0.191545  0.217382  0.093020  0.232349  0.131808  0.354201  0.192100  0.212585  0.210383  0.183975  0.702627  0.241857  0.130693  0.285610  0.203639  0.271104  0.080250  0.118895  0.213298  0.114298  0.080250  0.203110  0.205634  0.217147  0.425369  0.241875  0.176366  0.277542  0.457380  0.280848  0.090220  0.192930  0.113555  0.142314  0.080250  0.134611  0.368206  0.080250  0.134330  0.123095  0.214880  0.110888  0.115397  0.103916  0.289974  0.151458  0.251030  0.274336  0.206193  0.162486  0.203695  0.195350  0.161675  0.130607 
1  0.327789 0.0  0.080250  0.234610  0.284810  0.126104  0.274771  0.351403  0.237526  0.354518  0.254523  0.367719  0.295953  0.187398  0.208252  0.241359  0.197173  0.155348  0.408734  0.283634  0.300239  0.170380  0.412009  0.153519  0.261911  0.155195  0.386755  0.409086  0.440274  0.304880  0.421706  0.230320  0.303692  0.607031  0.080250  0.317573  0.323660  0.261430  0.305461  0.080250  0.258639  0.251964  0.315395  0.210710  0.184040  0.176403  0.476397  0.367762  0.352642  0.348304  0.317954  0.387959  0.298881  0.314140  0.141409  0.376676  0.378092  0.273474  0.208249  0.345994  0.204580  0.219177  0.512225  0.526412  0.588238  0.196887  0.299885  0.098364  0.256090  0.184432  0.226818  0.336257  0.397846  0.245560  0.566233  0.269434  0.362950  0.294690  0.296104  0.187450  0.345856  0.431332  0.154829  0.407632  0.308827  0.299430  0.323280  0.462905  0.207872  0.487759  0.454879  0.367110  0.105283  0.190139  0.318118  0.175986  0.401643  0.132076  0.284686  0.321734  0.317623  0.394783  0.883584  0.480712  0.296341  0.400682  0.448958  0.150404  0.178718  0.246226  0.300327  0.305119  0.269015  0.169456  0.242538  0.208906  0.212426  0.120977  0.239240  0.257418  0.614705  0.311673  0.332193  0.110723  0.126424  0.339084  0.284108  0.174481  0.123066  0.259306  0.388646  0.273540  0.230359  0.244679  0.229209  0.112890  0.430262  0.214524  0.396110  0.187858  0.406092  0.369042  0.175973  0.233024  0.307066  0.189804 
2  0.200077  0.080250 0.0  0.317943  0.330944  0.353665  0.348225  0.417946  0.159138  0.300780  0.203886  0.322447  0.341257  0.168807  0.138112  0.348416  0.215394  0.268320  0.358053  0.240733  0.243968  0.111170  0.333377  0.380253  0.176237  0.173018  0.418345  0.488447  0.523096  0.361086  0.298663  0.239403  0.294707  0.519709  0.169099  0.223701  0.315840  0.232302  0.215278  0.080250  0.192322  0.185901  0.299424  0.281754  0.188112  0.375055  0.248036  0.218470  0.350093  0.383707  0.298929  0.385873  0.254939  0.383878  0.291685  0.412310  0.245970  0.254138  0.126675  0.389293  0.291647  0.166459  0.269514  0.546741  0.519914  0.307207  0.274304  0.120807  0.209796  0.277442  0.263183  0.360027  0.267609  0.271498  0.661324  0.237919  0.345144  0.352407  0.241955  0.228312  0.480678  0.341350  0.153137  0.203101  0.287540  0.209421  0.188357  0.338540  0.205138  0.457583  0.543364  0.471177  0.327603  0.195198  0.213910  0.245982  0.356778  0.098966  0.264771  0.448232  0.194481  0.260139  0.779228  0.456599  0.409918  0.420756  0.442311  0.125856  0.238256  0.230884  0.337652  0.294471  0.250746  0.204850  0.205540  0.284262  0.220183  0.200508  0.319803  0.086887  0.587505  0.263113  0.230249  0.080250  0.151351  0.211464  0.199758  0.160113  0.221336  0.329621  0.450697  0.252985  0.206582  0.215037  0.147862  0.252822  0.408816  0.275040  0.492541  0.254262  0.369066  0.365732  0.154056  0.202106  0.435704  0.252029 
3  0.080250  0.234610  0.317943 0.0  0.186192  0.145218  0.080250  0.171040  0.187512  0.194599  0.080250  0.270668  0.196910  0.280899  0.155513  0.119480  0.268046  0.149420  0.206781  0.158958  0.080250  0.161052  0.187271  0.247197  0.371268  0.360631  0.164256  0.174103  0.229184  0.148420  0.152683  0.183574  0.145891  0.552391  0.258602  0.080250  0.308539  0.292734  0.080250  0.297111  0.226907  0.148774  0.121429  0.131206  0.114490  0.167951  0.302869  0.110539  0.239751  0.172642  0.088808  0.080250  0.080250  0.241388  0.140599  0.214729  0.186224  0.262815  0.316382  0.240449  0.115779  0.144860  0.165751  0.575487  0.337518  0.080250  0.080250  0.191336  0.253100  0.177150  0.080250  0.101357  0.332047  0.085436  0.531274  0.116251  0.080250  0.109126  0.080250  0.171196  0.314211  0.221528  0.214302  0.151453  0.245070  0.081532  0.332916  0.182389  0.300296  0.191765  0.453192  0.236771  0.279410  0.177317  0.119901  0.105031  0.294724  0.170404  0.231238  0.262795  0.104316  0.340711  0.677907  0.226474  0.178588  0.087024  0.271075  0.224634  0.083876  0.160590  0.092157  0.184401  0.113420  0.152432  0.190638  0.127232  0.323917  0.273085  0.140479  0.242251  0.446762  0.080250  0.080250  0.175254  0.140190  0.172298  0.109077  0.203145  0.290339  0.080729  0.167739  0.196945  0.208151  0.104720  0.288991  0.080250  0.293551  0.080250  0.137757  0.341009  0.218512  0.207980  0.197165  0.125925  0.217541  0.123887 
4  0.121297  0.284810  0.330944  0.186192 0.0  0.087630  0.202279  0.284621  0.080250  0.263629  0.080250  0.214091  0.104108  0.277284  0.166166  0.132221  0.327616  0.184914  0.201759  0.147938  0.080250  0.283489  0.118302  0.220498  0.255297  0.357065  0.175038  0.207104  0.174627  0.080250  0.091151  0.233336  0.080250  0.463014  0.215091  0.127991  0.211650  0.296429  0.080250  0.398911  0.335000  0.215371  0.155651  0.136608  0.235479  0.082946  0.153034  0.086013  0.227320  0.208152  0.128383  0.206403  0.080250  0.114602  0.231313  0.123091  0.126461  0.170579  0.320640  0.251210  0.215573  0.097606  0.278759  0.530988  0.312977  0.160300  0.120907  0.169975  0.120714  0.250567  0.080250  0.098616  0.137645  0.126589  0.399459  0.093991  0.080250  0.080250  0.080250  0.162006  0.180967  0.249414  0.170065  0.232266  0.115747  0.080250  0.181025  0.170314  0.428357  0.383881  0.329333  0.213959  0.148016  0.216850  0.080250  0.151763  0.175978  0.299723  0.142400  0.166301  0.211509  0.277041  0.659773  0.245883  0.166589  0.259043  0.229979  0.191297  0.117290  0.131972  0.157190  0.141910  0.130045  0.191601  0.206815  0.133975  0.268703  0.108016  0.126705  0.422082  0.406876  0.170572  0.093510  0.225199  0.169472  0.152718  0.126913  0.097120  0.276618  0.080250  0.149405  0.222023  0.199189  0.206226  0.175116  0.128814  0.451635  0.173007  0.272335  0.333830  0.209739  0.181600  0.128583  0.187396  0.189881  0.241389 
5  0.227319  0.126104  0.353665  0.145218  0.087630 0.0  0.269857  0.388284  0.140255  0.398192  0.166423  0.204858  0.388480  0.133492  0.083567  0.243030  0.233307  0.223638  0.297565  0.080250  0.233206  0.123751  0.326983  0.239706  0.234339  0.183386  0.368912  0.359184  0.305961  0.263254  0.342862  0.178792  0.183410  0.502103  0.173281  0.141734  0.373525  0.170051  0.229828  0.133264  0.284033  0.085253  0.216875  0.299591  0.101369  0.225936  0.303382  0.191898  0.306493  0.334683  0.097715  0.360541  0.236366  0.257538  0.141484  0.284481  0.235377  0.177966  0.145560  0.306877  0.173785  0.219678  0.293515  0.475798  0.343952  0.169782  0.217881  0.242574  0.080250  0.080250  0.240239  0.195668  0.275791  0.080250  0.626350  0.137766  0.196086  0.167293  0.165807  0.239162  0.294568  0.365507  0.215517  0.215158  0.273817  0.257796  0.119569  0.217187  0.225425  0.354981  0.442754  0.337850  0.080250  0.168369  0.187589  0.080250  0.337909  0.182249  0.166008  0.331796  0.258076  0.305493  0.779924  0.472963  0.259901  0.335274  0.234148  0.184354  0.204440  0.280216  0.176484  0.117109  0.170865  0.089429  0.201435  0.258733  0.228725  0.089961  0.150526  0.091777  0.519782  0.146179  0.120815  0.157057  0.083283  0.167254  0.207582  0.080250  0.168908  0.282577  0.341882  0.350136  0.081431  0.080250  0.191869  0.085356  0.297240  0.086090  0.286354  0.223503  0.275545  0.170358  0.162435  0.112569  0.401430  0.141776 
6  0.082239  0.274771  0.348225  0.080250  0.202279  0.269857 0.0  0.107220  0.171114  0.126425  0.193343  0.080250  0.148990  0.318221  0.155347  0.080250  0.498893  0.160432  0.131771  0.151953  0.191002  0.283737  0.259636  0.214195  0.351245  0.373258  0.315254  0.172873  0.245354  0.184749  0.152175  0.141675  0.080250  0.405079  0.293596  0.145681  0.175009  0.413204  0.080960  0.153382  0.392981  0.159778  0.080250  0.080250  0.219138  0.132581  0.098007  0.080250  0.201720  0.237737  0.115916  0.238368  0.108210  0.271772  0.158788  0.104680  0.149055  0.156528  0.373293  0.285704  0.143641  0.080250  0.250810  0.661813  0.335578  0.080250  0.080250  0.197546  0.178339  0.241291  0.151615  0.175917  0.174052  0.210063  0.499499  0.174125  0.136575  0.126695  0.137508  0.277914  0.159021  0.177943  0.134882  0.080250  0.080250  0.126268  0.217513  0.197891  0.401800  0.299517  0.208616  0.250005  0.213565  0.220091  0.087224  0.144816  0.294908  0.342493  0.239381  0.218773  0.119447  0.214975  0.617524  0.200719  0.105893  0.328279  0.150737  0.316416  0.080250  0.139528  0.080250  0.080250  0.080250  0.080250  0.225934  0.150638  0.415835  0.315085  0.080250  0.248852  0.487957  0.116119  0.080250  0.187785  0.080250  0.080250  0.173206  0.157314  0.277661  0.108318  0.177872  0.080250  0.256208  0.180328  0.190172  0.132095  0.274805  0.204809  0.325602  0.355773  0.225564  0.147543  0.125591  0.298042  0.297654  0.232660 
7  0.080250  0.351403  0.417946  0.171040  0.284621  0.388284  0.107220 0.0  0.204454  0.088405  0.153930  0.185381  0.156211  0.362961  0.257834  0.184268  0.581803  0.199060  0.094002  0.273346  0.155298  0.336954  0.086204  0.425466  0.338395  0.428581  0.117888  0.101171  0.080250  0.228720  0.129096  0.090087  0.261578  0.271689  0.327536  0.202528  0.090264  0.470009  0.087727  0.411418  0.329109  0.229616  0.300976  0.187429  0.418999  0.184274  0.166896  0.197406  0.138695  0.149902  0.238543  0.109814  0.088770  0.118911  0.248381  0.080250  0.125998  0.251245  0.445415  0.151469  0.186390  0.218644  0.215864  0.781087  0.224970  0.230786  0.209119  0.425176  0.441007  0.282807  0.258003  0.171794  0.114882  0.267077  0.259656  0.222550  0.107570  0.120424  0.130089  0.288144  0.080250  0.114565  0.326016  0.164472  0.143896  0.171062  0.322361  0.111293  0.416035  0.137864  0.259781  0.238545  0.320716  0.220152  0.225016  0.268224  0.080250  0.439241  0.300478  0.080250  0.156326  0.161449  0.454878  0.080250  0.187136  0.122145  0.080250  0.352074  0.240482  0.100613  0.172143  0.141880  0.286185  0.148275  0.305557  0.188163  0.312200  0.262694  0.271471  0.334904  0.346469  0.227412  0.189457  0.342717  0.297159  0.147872  0.207968  0.332836  0.456232  0.115412  0.150819  0.245802  0.304282  0.247724  0.326416  0.147632  0.093458  0.281283  0.166046  0.503667  0.080250  0.202173  0.315867  0.283885  0.087251  0.367669 
8  0.093580  0.237526  0.159138  0.187512  0.080250  0.140255  0.171114  0.204454 0.0  0.208752  0.242037  0.211221  0.311190  0.206447  0.080250  0.199884  0.256020  0.231413  0.222927  0.137365  0.202814  0.143045  0.322176  0.154371  0.286888  0.279465  0.349123  0.349100  0.288011  0.166123  0.248391  0.191233  0.168587  0.523546  0.258599  0.218925  0.211605  0.151185  0.277796  0.177521  0.292096  0.080250  0.094697  0.211380  0.158793  0.080250  0.236193  0.274351  0.265866  0.301726  0.092705  0.139927  0.195770  0.246497  0.109235  0.412299  0.218115  0.171513  0.181106  0.316708  0.109265  0.163242  0.267570  0.583253  0.391674  0.163474  0.080250  0.189095  0.215552  0.095055  0.171818  0.184434  0.160004  0.080250  0.433597  0.145313  0.182135  0.124776  0.167615  0.241004  0.225566  0.410181  0.235065  0.186668  0.120840  0.080250  0.146025  0.229883  0.292869  0.500384  0.430142  0.290963  0.080250  0.092135  0.104096  0.140714  0.329667  0.275025  0.179328  0.263676  0.120114  0.306120  0.736238  0.191731  0.174624  0.221093  0.384989  0.200898  0.080250  0.089138  0.098738  0.273972  0.203139  0.115341  0.131986  0.117084  0.242170  0.148476  0.080250  0.316501  0.472199  0.118979  0.148426  0.080250  0.112370  0.080250  0.103885  0.164942  0.271150  0.128730  0.305349  0.115421  0.181460  0.164856  0.144332  0.216472  0.366522  0.103395  0.375120  0.338339  0.210657  0.238457  0.101585  0.152162  0.258259  0.130892 
9  0.187378  0.354518  0.300780  0.194599  0.263629  0.398192  0.126425  0.088405  0.208752 0.0  0.197349  0.263236  0.132839  0.483575  0.325642  0.181791  0.489424  0.392259  0.128694  0.249331  0.192542  0.417659  0.106772  0.272171  0.474400  0.465040  0.080250  0.110505  0.155924  0.234818  0.166574  0.301835  0.178048  0.396073  0.470822  0.177186  0.080250  0.477746  0.236701  0.407678  0.553657  0.248645  0.215344  0.133264  0.438939  0.178639  0.104549  0.225762  0.269554  0.128346  0.272499  0.126679  0.182117  0.080250  0.391362  0.080250  0.140961  0.354239  0.412811  0.184435  0.237253  0.080250  0.080250  0.780248  0.155412  0.207548  0.216186  0.375751  0.386626  0.331325  0.244988  0.312340  0.315078  0.260437  0.382112  0.256872  0.208721  0.187518  0.245512  0.269267  0.146070  0.080250  0.366389  0.353856  0.207593  0.146592  0.382333  0.119474  0.471445  0.102738  0.221999  0.080250  0.225620  0.350690  0.134394  0.297803  0.101338  0.369313  0.308516  0.126744  0.188917  0.121541  0.479724  0.190905  0.225041  0.080250  0.091322  0.455309  0.185878  0.300952  0.236132  0.212916  0.200685  0.206193  0.214830  0.193399  0.363557  0.259337  0.114699  0.441360  0.260032  0.187599  0.137308  0.249615  0.152661  0.219213  0.314432  0.334959  0.424424  0.182042  0.080250  0.233676  0.356828  0.283001  0.320526  0.326290  0.087961  0.408958  0.100601  0.505325  0.178533  0.157823  0.363615  0.209580  0.101523  0.406766 
10  0.080250  0.254523  0.203886  0.080250  0.080250  0.166423  0.193343  0.153930  0.242037  0.197349 0.0  0.217695  0.198857  0.298534  0.106379  0.200902  0.320333  0.234065  0.169589  0.300045  0.116183  0.139615  0.181129  0.158340  0.294096  0.322669  0.257035  0.264732  0.213308  0.097287  0.138369  0.122109  0.179668  0.370433  0.244326  0.125380  0.365172  0.287344  0.128644  0.291479  0.216299  0.152049  0.088469  0.239950  0.286403  0.142402  0.103583  0.080250  0.235653  0.295205  0.082065  0.111458  0.137875  0.163729  0.248080  0.108867  0.158612  0.141825  0.401737  0.221318  0.181044  0.188932  0.097653  0.521506  0.288924  0.151923  0.176621  0.256583  0.146489  0.158638  0.119168  0.081717  0.230471  0.088409  0.460758  0.080250  0.080250  0.101524  0.091985  0.251978  0.186979  0.210498  0.230293  0.080250  0.090114  0.080250  0.151601  0.259819  0.287253  0.288018  0.329512  0.160437  0.161502  0.174293  0.080250  0.176326  0.249502  0.278201  0.186705  0.259900  0.121866  0.187294  0.597890  0.206834  0.080250  0.183405  0.186759  0.393938  0.080250  0.080250  0.111383  0.183172  0.114586  0.080250  0.151670  0.117176  0.381922  0.195320  0.112114  0.244180  0.452522  0.132287  0.108504  0.282886  0.117571  0.080250  0.191322  0.150278  0.275411  0.331663  0.201856  0.195415  0.080250  0.252519  0.134900  0.080250  0.254971  0.221971  0.216678  0.293171  0.221743  0.080250  0.207686  0.083950  0.144919  0.080250 
11  0.080250  0.367719  0.322447  0.270668  0.214091  0.204858  0.080250  0.185381  0.211221  0.263236  0.217695 0.0  0.132659  0.310967  0.193706  0.179623  0.354220  0.261485  0.080250  0.369839  0.102779  0.315002  0.263545  0.167484  0.283086  0.455450  0.099305  0.217038  0.193195  0.157833  0.080250  0.080250  0.097229  0.301716  0.336775  0.080250  0.138898  0.368823  0.108641  0.364234  0.381277  0.240654  0.179260  0.139616  0.323237  0.146409  0.080250  0.123650  0.255605  0.115324  0.148663  0.080250  0.224079  0.186288  0.215702  0.192052  0.089885  0.309884  0.276284  0.080250  0.080250  0.221257  0.121494  0.768911  0.275193  0.207671  0.131464  0.224898  0.268899  0.405917  0.153930  0.144379  0.167016  0.167027  0.450354  0.257888  0.080250  0.208354  0.235062  0.198119  0.080250  0.194735  0.394920  0.080250  0.200057  0.203448  0.310316  0.141411  0.443930  0.186523  0.342988  0.154617  0.344266  0.188909  0.218652  0.182148  0.091629  0.339381  0.135983  0.154423  0.096251  0.218522  0.599143  0.187700  0.101106  0.080250  0.112307  0.422391  0.231014  0.154464  0.080250  0.140986  0.140673  0.189646  0.278833  0.085314  0.416221  0.266840  0.112051  0.364755  0.385077  0.229945  0.117998  0.385337  0.305714  0.147538  0.150077  0.274531  0.298743  0.118148  0.119593  0.238876  0.352242  0.335737  0.277184  0.197013  0.103013  0.244887  0.105085  0.460214  0.107290  0.107850  0.204910  0.189873  0.262503  0.259275 
12  0.181603  0.295953  0.341257  0.196910  0.104108  0.388480  0.148990  0.156211  0.311190  0.132839  0.198857  0.132659 0.0  0.476249  0.195041  0.145111  0.361543  0.303337  0.080250  0.305955  0.238535  0.297365  0.156899  0.274962  0.473019  0.402288  0.178134  0.080250  0.137078  0.090567  0.121558  0.152918  0.137879  0.293709  0.369820  0.178408  0.157976  0.433254  0.219984  0.408611  0.439438  0.222903  0.240074  0.155889  0.327479  0.151692  0.122088  0.151555  0.180528  0.163483  0.203638  0.158832  0.174727  0.195542  0.348942  0.122231  0.080250  0.302723  0.424024  0.080250  0.175164  0.222113  0.133963  0.745825  0.301334  0.253746  0.229017  0.347034  0.435209  0.329173  0.196954  0.117961  0.200655  0.313194  0.313639  0.183735  0.165083  0.099679  0.160180  0.307787  0.080250  0.097226  0.396692  0.165849  0.247348  0.187030  0.325827  0.115489  0.444039  0.164933  0.260278  0.121414  0.346368  0.256205  0.137903  0.297872  0.117372  0.353364  0.232635  0.119153  0.253141  0.080250  0.580782  0.110661  0.207382  0.122977  0.193648  0.437373  0.215086  0.186957  0.249429  0.118478  0.160088  0.391435  0.335478  0.163472  0.443814  0.224911  0.133920  0.414834  0.340187  0.185625  0.171741  0.413220  0.302135  0.124671  0.175796  0.309438  0.434353  0.103025  0.090488  0.152971  0.351168  0.338469  0.392658  0.152415  0.101382  0.193434  0.135598  0.516910  0.178158  0.250340  0.316499  0.284665  0.158883  0.315482 
13  0.333002  0.187398  0.168807  0.280899  0.277284  0.133492  0.318221  0.362961  0.206447  0.483575  0.298534  0.310967  0.476249 0.0  0.120892  0.214820  0.213937  0.181990  0.387460  0.129654  0.171225  0.080250  0.315968  0.217244  0.195848  0.080250  0.327999  0.384529  0.496929  0.177220  0.403367  0.283073  0.364934  0.438669  0.118139  0.344292  0.444753  0.111600  0.241440  0.080250  0.147841  0.180056  0.270358  0.285800  0.106615  0.272336  0.381518  0.241520  0.366988  0.432149  0.177055  0.381750  0.213938  0.341362  0.184270  0.321436  0.311158  0.205451  0.129812  0.399900  0.231715  0.214923  0.418941  0.487289  0.474021  0.274580  0.205506  0.247599  0.248132  0.224077  0.127871  0.323029  0.312774  0.218475  0.678756  0.261496  0.315582  0.234243  0.307489  0.187865  0.397727  0.400956  0.133558  0.192946  0.315816  0.325315  0.190361  0.431915  0.234088  0.466205  0.504903  0.325462  0.194336  0.171001  0.325277  0.173459  0.361173  0.185949  0.239499  0.477208  0.277359  0.413649  0.803460  0.478597  0.371873  0.257814  0.401684  0.193369  0.313733  0.225565  0.260890  0.226516  0.183494  0.191937  0.088675  0.321225  0.236721  0.218966  0.389327  0.096571  0.651806  0.261583  0.364982  0.160868  0.255619  0.337935  0.274579  0.195695  0.080250  0.206051  0.319267  0.350162  0.142059  0.161469  0.080250  0.135716  0.404982  0.282250  0.339631  0.105098  0.399764  0.289363  0.100700  0.215921  0.365839  0.201444 
14  0.228106  0.208252  0.138112  0.155513  0.166166  0.083567  0.155347  0.257834  0.080250  0.325642  0.106379  0.193706  0.195041  0.120892 0.0  0.252029  0.204757  0.186934  0.264450  0.080250  0.169183  0.164785  0.202776  0.220819  0.306023  0.235356  0.314169  0.288718  0.389917  0.254991  0.148285  0.206471  0.135526  0.600640  0.177385  0.205521  0.200757  0.156106  0.124904  0.201846  0.171320  0.107662  0.179310  0.083896  0.203638  0.148999  0.181729  0.101054  0.244030  0.270998  0.108304  0.189799  0.184765  0.328813  0.160043  0.309189  0.226248  0.155488  0.379677  0.248831  0.080250  0.131533  0.344881  0.591606  0.385057  0.118500  0.264836  0.135493  0.115168  0.148472  0.080250  0.144360  0.286144  0.092169  0.487215  0.315883  0.194273  0.114268  0.194312  0.126343  0.283214  0.205701  0.155743  0.249148  0.081196  0.128846  0.230844  0.243594  0.409054  0.404022  0.339911  0.253443  0.089701  0.080250  0.080250  0.080250  0.279123  0.176724  0.190033  0.288783  0.187192  0.290046  0.734413  0.379602  0.141200  0.270290  0.314158  0.269029  0.202153  0.187484  0.152922  0.149243  0.203301  0.080250  0.080250  0.185165  0.296854  0.226028  0.289138  0.276495  0.620178  0.115871  0.178271  0.148094  0.137273  0.174122  0.103644  0.106109  0.260517  0.185567  0.240754  0.213534  0.152228  0.155156  0.152580  0.233707  0.378384  0.109622  0.236993  0.121490  0.353547  0.195177  0.120170  0.104784  0.268340  0.110773 
15  0.117749  0.241359  0.348416  0.119480  0.132221  0.243030  0.080250  0.184268  0.199884  0.181791  0.200902  0.179623  0.145111  0.214820  0.252029 0.0  0.298976  0.220503  0.145951  0.220804  0.104704  0.253967  0.080250  0.120983  0.436107  0.418806  0.199455  0.227649  0.264048  0.160491  0.119821  0.080250  0.080250  0.372389  0.350173  0.083668  0.124847  0.313387  0.136891  0.329086  0.309632  0.142462  0.080250  0.080250  0.372922  0.132411  0.080250  0.180024  0.184803  0.283540  0.103898  0.080250  0.139786  0.205183  0.162495  0.181306  0.080250  0.333253  0.278320  0.203145  0.099594  0.145502  0.192499  0.651938  0.377186  0.115067  0.080250  0.188327  0.286648  0.216949  0.080250  0.080250  0.208794  0.255393  0.300384  0.139740  0.080250  0.080250  0.181319  0.256967  0.080250  0.136770  0.245302  0.185138  0.149920  0.080250  0.291781  0.183685  0.554054  0.184619  0.363228  0.303269  0.244082  0.220150  0.080250  0.209437  0.235876  0.265324  0.208221  0.080250  0.232331  0.159271  0.560039  0.172634  0.120236  0.172449  0.171694  0.369282  0.171385  0.080250  0.080820  0.080250  0.109333  0.080250  0.156678  0.135895  0.292678  0.242993  0.140117  0.370932  0.480524  0.113237  0.182870  0.247902  0.190999  0.080250  0.080250  0.236200  0.217112  0.080250  0.200848  0.198152  0.215979  0.288093  0.262644  0.121755  0.230259  0.298357  0.187742  0.474866  0.155701  0.094085  0.163863  0.248247  0.327696  0.222235 
16  0.388829  0.197173  0.215394  0.268046  0.327616  0.233307  0.498893  0.581803  0.256020  0.489424  0.320333  0.354220  0.361543  0.213937  0.204757  0.298976 0.0  0.205044  0.459050  0.193618  0.406964  0.217923  0.561741  0.326649  0.163646  0.171472  0.615078  0.539096  0.435675  0.482514  0.426356  0.338921  0.322567  0.606541  0.188300  0.398427  0.517990  0.152920  0.394103  0.212120  0.080250  0.320303  0.301206  0.390268  0.202514  0.363245  0.475999  0.431923  0.429993  0.382293  0.345408  0.525804  0.385135  0.480026  0.350589  0.609336  0.452747  0.233177  0.103595  0.515868  0.275543  0.411280  0.509216  0.472003  0.535914  0.382750  0.296594  0.202366  0.328083  0.239108  0.465749  0.404101  0.436089  0.267931  0.661153  0.483080  0.430861  0.378382  0.331278  0.282935  0.398433  0.492374  0.140401  0.303110  0.349538  0.430698  0.138428  0.542074  0.080250  0.588135  0.625294  0.513096  0.240532  0.289151  0.262614  0.216077  0.453422  0.161175  0.469923  0.366771  0.236221  0.402937  0.850775  0.445965  0.484535  0.438461  0.564162  0.248167  0.353741  0.299597  0.288812  0.359497  0.340144  0.213586  0.308909  0.370852  0.140243  0.210126  0.416360  0.265243  0.736534  0.335934  0.386107  0.180091  0.334116  0.340145  0.310401  0.257404  0.158659  0.416236  0.371083  0.330683  0.257994  0.297245  0.259056  0.357324  0.569537  0.283762  0.415521  0.080250  0.438611  0.257544  0.183230  0.387041  0.468699  0.254612 
17  0.272274  0.155348  0.268320  0.149420  0.184914  0.223638  0.160432  0.199060  0.231413  0.392259  0.234065  0.261485  0.303337  0.181990  0.186934  0.220503  0.205044 0.0  0.192674  0.196392  0.175093  0.161450  0.318239  0.272202  0.222023  0.125320  0.337274  0.401754  0.376189  0.185215  0.296929  0.332148  0.233249  0.529768  0.104995  0.186907  0.237042  0.080250  0.239573  0.198029  0.150381  0.244831  0.318632  0.211304  0.080250  0.219908  0.185238  0.319316  0.249312  0.359026  0.194499  0.328092  0.152979  0.384921  0.174274  0.306866  0.327354  0.088600  0.093734  0.273872  0.210187  0.200113  0.400067  0.519605  0.414100  0.234389  0.265351  0.142864  0.080250  0.080250  0.245245  0.239016  0.232271  0.080250  0.637949  0.307271  0.254632  0.172380  0.250977  0.133650  0.318342  0.289768  0.173390  0.249159  0.401483  0.274718  0.080250  0.264233  0.208809  0.332013  0.543925  0.269703  0.208153  0.176712  0.277602  0.157927  0.324813  0.125447  0.215331  0.334210  0.139314  0.391231  0.665839  0.326304  0.290339  0.374924  0.334249  0.281384  0.403303  0.312894  0.364742  0.281092  0.210130  0.151156  0.247637  0.251220  0.174677  0.142987  0.245169  0.178625  0.578449  0.284936  0.289247  0.087769  0.238954  0.351099  0.387653  0.170680  0.080250  0.305985  0.249752  0.361385  0.209478  0.184105  0.080250  0.108817  0.428271  0.321567  0.284812  0.307302  0.326651  0.159274  0.138321  0.326000  0.304255  0.156172 
18  0.158450  0.408734  0.358053  0.206781  0.201759  0.297565  0.131771  0.094002  0.222927  0.128694  0.169589  0.080250  0.080250  0.387460  0.264450  0.145951  0.459050  0.192674 0.0  0.414816  0.080250  0.427455  0.113370  0.307082  0.468716  0.403151  0.144047  0.190486  0.178076  0.124437  0.080250  0.240085  0.123590  0.352518  0.394191  0.121623  0.102009  0.347993  0.152180  0.330280  0.455209  0.293937  0.223987  0.309250  0.319413  0.223484  0.263891  0.200636  0.225750  0.080250  0.266288  0.168258  0.288392  0.118252  0.386078  0.116615  0.278863  0.291090  0.366050  0.110048  0.116130  0.122619  0.080250  0.611738  0.269366  0.187227  0.196310  0.360939  0.193915  0.306322  0.174122  0.232686  0.225756  0.216602  0.217647  0.157574  0.209107  0.278911  0.116198  0.404181  0.208481  0.080250  0.343155  0.146671  0.215277  0.242297  0.389655  0.124962  0.549861  0.275672  0.212548  0.150573  0.262021  0.322580  0.213955  0.332315  0.103019  0.335585  0.168832  0.080250  0.231924  0.087176  0.611784  0.105905  0.134608  0.092369  0.125250  0.469341  0.277364  0.080250  0.126474  0.084867  0.179668  0.316991  0.303546  0.080250  0.379485  0.318665  0.229865  0.353750  0.329137  0.224169  0.232484  0.411174  0.214593  0.127185  0.246399  0.355765  0.403868  0.230537  0.169291  0.127717  0.339407  0.314767  0.352051  0.166130  0.080250  0.307518  0.080250  0.428394  0.136300  0.177289  0.261765  0.265861  0.103558  0.343155 
19  0.222156  0.283634  0.240733  0.158958  0.147938  0.080250  0.151953  0.273346  0.137365  0.249331  0.300045  0.369839  0.305955  0.129654  0.080250  0.220804  0.193618  0.196392  0.414816 0.0  0.213929  0.145836  0.241536  0.258993  0.205873  0.207684  0.237671  0.357221  0.295857  0.209468  0.335837  0.321687  0.301406  0.483879  0.110878  0.199423  0.444021  0.085892  0.211561  0.216837  0.250800  0.202788  0.229203  0.289638  0.134790  0.159462  0.264840  0.220892  0.244706  0.305558  0.083560  0.273688  0.105745  0.342388  0.222442  0.169525  0.385744  0.080250  0.205938  0.369595  0.159265  0.192670  0.327874  0.566874  0.516277  0.218116  0.266882  0.220592  0.124195  0.147375  0.268538  0.198872  0.250438  0.149836  0.619016  0.176564  0.218320  0.137071  0.169477  0.164116  0.331115  0.354272  0.147321  0.259194  0.262641  0.203394  0.155060  0.327231  0.183933  0.469857  0.378317  0.307724  0.101891  0.080250  0.272678  0.080250  0.282831  0.146152  0.347027  0.380195  0.226894  0.246006  0.784732  0.321365  0.275295  0.345872  0.329102  0.228734  0.170572  0.230372  0.241080  0.149480  0.301384  0.119385  0.080250  0.201523  0.155377  0.080250  0.211483  0.122585  0.473466  0.210469  0.161056  0.080250  0.245032  0.174446  0.229005  0.126672  0.147175  0.246666  0.236919  0.257257  0.092481  0.080250  0.118127  0.111464  0.445114  0.080250  0.284002  0.226147  0.419949  0.290740  0.080250  0.238848  0.255190  0.140388 
20  0.092193  0.300239  0.243968  0.080250  0.080250  0.233206  0.191002  0.155298  0.202814  0.192542  0.116183  0.102779  0.238535  0.171225  0.169183  0.104704  0.406964  0.175093  0.080250  0.213929 0.0  0.175907  0.105895  0.139380  0.316277  0.277438  0.104729  0.284152  0.235189  0.080250  0.190763  0.163886  0.080250  0.479422  0.175938  0.113898  0.302886  0.251047  0.080250  0.270998  0.300044  0.220778  0.080250  0.080250  0.355144  0.080250  0.257773  0.135286  0.094160  0.221960  0.090800  0.109703  0.096685  0.159696  0.240100  0.249535  0.080250  0.239370  0.307174  0.126465  0.153718  0.137358  0.182569  0.682284  0.376363  0.091255  0.080250  0.080250  0.208893  0.354219  0.103326  0.193978  0.130957  0.219032  0.352811  0.080250  0.111894  0.080250  0.080250  0.196051  0.221975  0.236858  0.361733  0.106673  0.125702  0.151897  0.313271  0.241906  0.496405  0.309656  0.328057  0.318113  0.161452  0.241191  0.080250  0.152643  0.205514  0.234860  0.130359  0.335378  0.124631  0.263182  0.652772  0.294400  0.174508  0.115949  0.080250  0.296312  0.182434  0.080250  0.139222  0.111368  0.202352  0.088982  0.206851  0.129067  0.438240  0.171710  0.080250  0.276724  0.408367  0.174653  0.080250  0.218849  0.153136  0.132503  0.123079  0.259005  0.234405  0.105130  0.188139  0.080250  0.176497  0.113031  0.215883  0.102436  0.287198  0.080250  0.235343  0.374770  0.188280  0.179311  0.153291  0.134032  0.116201  0.158451 
21  0.248282  0.170380  0.111170  0.161052  0.283489  0.123751  0.283737  0.336954  0.143045  0.417659  0.139615  0.315002  0.297365  0.080250  0.164785  0.253967  0.217923  0.161450  0.427455  0.145836  0.175907 0.0  0.247593  0.166104  0.080250  0.152337  0.317328  0.291658  0.281623  0.245539  0.329467  0.354249  0.314311  0.468057  0.114652  0.242018  0.347057  0.173551  0.230974  0.082286  0.139360  0.177847  0.231381  0.270280  0.080250  0.206978  0.257983  0.288764  0.306605  0.309119  0.299946  0.252742  0.211926  0.407348  0.190476  0.373635  0.238777  0.140459  0.251887  0.443291  0.266849  0.189526  0.420981  0.498666  0.431390  0.217751  0.232998  0.134273  0.084541  0.178287  0.325767  0.362110  0.306783  0.249240  0.559330  0.293958  0.252535  0.311296  0.200538  0.266968  0.235595  0.340193  0.116995  0.303236  0.359572  0.343560  0.147105  0.339467  0.080250  0.439421  0.529313  0.391256  0.216303  0.080250  0.278895  0.177744  0.391630  0.143952  0.290464  0.332259  0.325006  0.336838  0.849865  0.443604  0.273233  0.397285  0.426382  0.157452  0.203312  0.239959  0.202165  0.239742  0.184364  0.215778  0.172289  0.251612  0.185330  0.195535  0.393487  0.161938  0.634925  0.145908  0.260434  0.124953  0.235385  0.260288  0.332235  0.158503  0.168411  0.243088  0.296532  0.207516  0.197669  0.245348  0.274461  0.202115  0.441362  0.129047  0.235284  0.203529  0.337258  0.287734  0.150296  0.080250  0.352820  0.080250 
22  0.281351  0.412009  0.333377  0.187271  0.118302  0.326983  0.259636  0.086204  0.322176  0.106772  0.181129  0.263545  0.156899  0.315968  0.202776  0.080250  0.561741  0.318239  0.113370  0.241536  0.105895  0.247593 0.0  0.256767  0.533606  0.466230  0.193847  0.141026  0.134920  0.331681  0.081432  0.129942  0.202699  0.372730  0.324025  0.229163  0.129171  0.340215  0.162892  0.401846  0.489143  0.199824  0.127920  0.276153  0.400769  0.287492  0.282402  0.351100  0.203251  0.276327  0.302556  0.081234  0.103563  0.080250  0.277445  0.080250  0.224374  0.377727  0.402038  0.080250  0.259540  0.273281  0.219060  0.618387  0.137505  0.185656  0.122656  0.370639  0.309599  0.432229  0.196874  0.185384  0.165743  0.323030  0.245599  0.200139  0.154345  0.161083  0.105418  0.385892  0.128081  0.080250  0.419719  0.208780  0.192747  0.099549  0.356240  0.151249  0.512346  0.280131  0.232267  0.080250  0.386173  0.285624  0.198889  0.308513  0.080250  0.433918  0.246821  0.165387  0.287988  0.080250  0.588088  0.122055  0.154822  0.080250  0.213892  0.441114  0.222532  0.219974  0.123598  0.250854  0.245208  0.290845  0.407874  0.214789  0.432147  0.212041  0.126215  0.403343  0.213383  0.174832  0.266262  0.363819  0.251979  0.306883  0.125824  0.240313  0.471904  0.237224  0.220094  0.235578  0.379446  0.316816  0.316392  0.221957  0.244129  0.313729  0.090043  0.524271  0.080250  0.269632  0.269654  0.203836  0.080250  0.246649 
23  0.110851  0.153519  0.380253  0.247197  0.220498  0.239706  0.214195  0.425466  0.154371  0.272171  0.158340  0.167484  0.274962  0.217244  0.220819  0.120983  0.326649  0.272202  0.307082  0.258993  0.139380  0.166104  0.256767 0.0  0.199486  0.192312  0.395639  0.346946  0.374899  0.119678  0.294001  0.295956  0.223252  0.441111  0.080250  0.225323  0.251331  0.291914  0.289630  0.176248  0.312423  0.189294  0.354423  0.179886  0.234443  0.231318  0.195403  0.205445  0.103101  0.233593  0.226112  0.153260  0.205580  0.329940  0.238060  0.327612  0.156727  0.276303  0.349461  0.362414  0.167572  0.080250  0.292243  0.640147  0.386063  0.125726  0.256209  0.184253  0.306513  0.221711  0.223400  0.335753  0.108650  0.182028  0.506295  0.223830  0.319723  0.080250  0.080250  0.143628  0.243680  0.454494  0.127888  0.096045  0.241982  0.109183  0.249222  0.288577  0.386324  0.405765  0.306468  0.365307  0.180535  0.172745  0.102451  0.289269  0.338471  0.234633  0.206777  0.243590  0.080250  0.292508  0.741977  0.345377  0.290524  0.374647  0.314010  0.202265  0.184169  0.081715  0.219771  0.183057  0.125726  0.142695  0.192468  0.252564  0.308600  0.293108  0.232221  0.212337  0.432519  0.211979  0.202786  0.178050  0.215664  0.172106  0.142455  0.289435  0.221904  0.188886  0.172506  0.180799  0.375144  0.254347  0.250553  0.149004  0.276644  0.080250  0.305207  0.401988  0.353255  0.153522  0.327045  0.135111  0.375876  0.121171 
24  0.387706  0.261911  0.176237  0.371268  0.255297  0.234339  0.351245  0.338395  0.286888  0.474400  0.294096  0.283086  0.473019  0.195848  0.306023  0.436107  0.163646  0.222023  0.468716  0.205873  0.316277  0.080250  0.533606  0.199486 0.0  0.080250  0.436381  0.433585  0.418913  0.274741  0.376730  0.368225  0.401358  0.544662  0.153789  0.334349  0.409840  0.164489  0.246126  0.131978  0.102034  0.310973  0.372789  0.338313  0.080250  0.356081  0.533545  0.434301  0.457257  0.456536  0.257249  0.440495  0.463206  0.413662  0.238733  0.475935  0.412414  0.128655  0.164328  0.461955  0.334580  0.313112  0.508507  0.528727  0.638229  0.381991  0.408945  0.282707  0.296345  0.214775  0.250744  0.271060  0.318052  0.245840  0.824346  0.192477  0.320020  0.200611  0.370490  0.186472  0.476409  0.300007  0.155205  0.367593  0.292452  0.440365  0.191425  0.501137  0.170620  0.534307  0.598467  0.562113  0.225059  0.178107  0.364987  0.242257  0.528539  0.210695  0.275988  0.366727  0.419748  0.418088  0.943532  0.481011  0.333904  0.455146  0.423183  0.187114  0.400870  0.433861  0.413474  0.360960  0.400166  0.196173  0.147522  0.416352  0.171796  0.259663  0.291995  0.214542  0.682004  0.254782  0.323546  0.235653  0.241015  0.368422  0.393889  0.267628  0.123698  0.318542  0.562034  0.427238  0.314079  0.247603  0.185204  0.173945  0.550999  0.351254  0.507473  0.257838  0.505505  0.428945  0.295450  0.362224  0.471136  0.241689 
25  0.296945  0.155195  0.173018  0.360631  0.357065  0.183386  0.373258  0.428581  0.279465  0.465040  0.322669  0.455450  0.402288  0.080250  0.235356  0.418806  0.171472  0.125320  0.403151  0.207684  0.277438  0.152337  0.466230  0.192312  0.080250 0.0  0.391025  0.438054  0.416907  0.286758  0.364486  0.348417  0.515869  0.641107  0.129204  0.347269  0.418953  0.126847  0.211027  0.135630  0.217801  0.215274  0.398225  0.289268  0.188574  0.352218  0.335287  0.335395  0.322350  0.465210  0.218606  0.395430  0.377137  0.484489  0.192768  0.345024  0.324775  0.216233  0.207844  0.433805  0.334614  0.292692  0.453324  0.515225  0.556640  0.325764  0.370390  0.252911  0.101144  0.278384  0.231044  0.314704  0.393381  0.293976  0.728953  0.272766  0.359195  0.307790  0.343140  0.087518  0.404144  0.437664  0.137554  0.292008  0.366058  0.407642  0.204294  0.364745  0.203885  0.427462  0.451804  0.396008  0.296667  0.148170  0.317886  0.223077  0.496293  0.186173  0.338942  0.409719  0.268328  0.399786  0.856677  0.487250  0.436541  0.542366  0.369940  0.199090  0.287666  0.380349  0.370417  0.358347  0.410687  0.293174  0.237505  0.376207  0.171128  0.112705  0.306720  0.109839  0.739165  0.207682  0.483675  0.165433  0.218093  0.335021  0.394369  0.118477  0.139837  0.407575  0.446617  0.323324  0.273533  0.175687  0.207681  0.331120  0.476274  0.160125  0.381680  0.106339  0.415454  0.404701  0.145654  0.233387  0.413208  0.384793 
26  0.183219  0.386755  0.418345  0.164256  0.175038  0.368912  0.315254  0.117888  0.349123  0.080250  0.257035  0.099305  0.178134  0.327999  0.314169  0.199455  0.615078  0.337274  0.144047  0.237671  0.104729  0.317328  0.193847  0.395639  0.436381  0.391025 0.0  0.080250  0.080250  0.240941  0.200367  0.190272  0.269014  0.297044  0.390176  0.265123  0.080250  0.320189  0.242400  0.401606  0.479763  0.335968  0.225949  0.165428  0.251739  0.215463  0.080250  0.224687  0.137791  0.116635  0.225572  0.135438  0.182521  0.080250  0.272690  0.119815  0.145530  0.332353  0.366559  0.083689  0.267810  0.082994  0.095285  0.690517  0.154187  0.197863  0.265438  0.303082  0.212125  0.343645  0.271963  0.182662  0.262948  0.296390  0.352759  0.286511  0.197749  0.214250  0.200157  0.323503  0.080250  0.080250  0.396764  0.205348  0.233196  0.213961  0.343262  0.080250  0.448274  0.233318  0.274011  0.107616  0.385143  0.319687  0.216682  0.342368  0.081314  0.371969  0.250293  0.094570  0.304836  0.143254  0.478735  0.080250  0.111122  0.080250  0.153436  0.383996  0.235111  0.178948  0.179577  0.157127  0.196301  0.256822  0.395947  0.143674  0.463366  0.409397  0.218354  0.409095  0.248179  0.162571  0.142089  0.372827  0.164497  0.176924  0.228743  0.271071  0.462763  0.166528  0.080250  0.151158  0.302749  0.353276  0.388499  0.323880  0.080250  0.300291  0.196376  0.446832  0.080250  0.198287  0.395945  0.450972  0.188571  0.255668 
