146
0 0.0  0.213865  0.283818  0.082901  0.135386  0.214807  0.238393  0.194286  0.089555  0.210065  0.082901  0.141082  0.123113  0.195776  0.082901  0.183121  0.401711  0.319898  0.144159  0.199609  0.101988  0.180025  0.199946  0.139357  0.261333  0.214731  0.328993  0.189736  0.195890  0.082901  0.163952  0.082901  0.190166  0.272902  0.289473  0.082901  0.197004  0.330155  0.144418  0.339606  0.325366  0.139137  0.128565  0.137694  0.273509  0.148372  0.206025  0.101355  0.283593  0.328730  0.082901  0.131768  0.082901  0.276267  0.231176  0.227022  0.254574  0.220744  0.368047  0.221906  0.102087  0.199257  0.273248  0.675296  0.315907  0.171889  0.082901  0.277601  0.255812  0.259434  0.132566  0.159256  0.250733  0.241409  0.606334  0.168669  0.082901  0.082901  0.175451  0.281139  0.209507  0.163255  0.275703  0.192471  0.201198  0.091105  0.197842  0.199522  0.301894  0.348753  0.345663  0.329599  0.155408  0.186915  0.145086  0.271207  0.152138  0.205101  0.181717  0.259280  0.195310  0.253274  0.659772  0.292189  0.180925  0.266587  0.155445  0.287073  0.114809  0.163056  0.153992  0.171994  0.110213  0.156401  0.157234  0.112214  0.303714  0.150879  0.200652  0.300980  0.428547  0.092942  0.082901  0.303625  0.082901  0.082901  0.082901  0.213637  0.267149  0.082901  0.082901  0.121374  0.152400  0.251576  0.259623  0.199971  0.189289  0.159633  0.177172  0.342922  0.217507  0.136512  0.187998  0.238597  0.315569  0.082901 
1  0.213865 0.0  0.177669  0.353001  0.249837  0.220888  0.234883  0.341235  0.224017  0.414155  0.337948  0.396437  0.389202  0.171262  0.136283  0.324922  0.233721  0.279120  0.397032  0.274174  0.284011  0.198946  0.396287  0.328489  0.088573  0.092444  0.501281  0.421649  0.440727  0.281964  0.416356  0.299803  0.307695  0.548393  0.216777  0.381329  0.464398  0.241234  0.279323  0.169202  0.169649  0.330234  0.276256  0.254726  0.134648  0.342775  0.318878  0.369693  0.321206  0.441879  0.269297  0.361324  0.302910  0.463639  0.181431  0.415486  0.394826  0.349114  0.292394  0.400727  0.328993  0.228607  0.411772  0.576107  0.537507  0.356496  0.274027  0.165336  0.180082  0.265372  0.391090  0.237440  0.359217  0.153463  0.785486  0.402283  0.311866  0.291664  0.304732  0.163688  0.339169  0.382999  0.290848  0.228769  0.257792  0.266393  0.298664  0.366284  0.223656  0.494905  0.479563  0.482365  0.201478  0.157347  0.284870  0.221728  0.521638  0.136368  0.202778  0.362647  0.348717  0.481062  0.866703  0.465628  0.391824  0.351051  0.393120  0.200938  0.175001  0.316367  0.293098  0.300266  0.412678  0.327078  0.195267  0.408728  0.236202  0.194597  0.291128  0.098127  0.617148  0.206790  0.178536  0.135811  0.332330  0.288526  0.269606  0.332627  0.210626  0.342980  0.431494  0.328756  0.224672  0.123133  0.207308  0.272438  0.561369  0.082901  0.478594  0.265964  0.321331  0.331648  0.232814  0.254810  0.506799  0.101213 
2  0.283818  0.177669 0.0  0.149365  0.227835  0.252462  0.356699  0.409591  0.153116  0.478111  0.272582  0.258041  0.287279  0.100584  0.241378  0.416721  0.264124  0.232662  0.377788  0.316130  0.261337  0.142615  0.462960  0.213213  0.180075  0.194908  0.372964  0.370821  0.489201  0.277224  0.348288  0.329268  0.242183  0.620674  0.107110  0.417458  0.400451  0.223238  0.208209  0.082901  0.291657  0.159369  0.377491  0.248860  0.110204  0.363652  0.366118  0.258818  0.328034  0.281980  0.242657  0.443344  0.381724  0.473410  0.253945  0.343099  0.378178  0.210040  0.204659  0.330746  0.239156  0.369964  0.505927  0.542957  0.454735  0.289070  0.179182  0.082901  0.153046  0.269450  0.297100  0.365690  0.294863  0.200562  0.706004  0.268054  0.189277  0.402558  0.232685  0.082901  0.428336  0.520327  0.216261  0.266857  0.320863  0.347273  0.231106  0.436893  0.302925  0.544104  0.564503  0.411225  0.328984  0.177002  0.291534  0.232360  0.363568  0.082901  0.350453  0.303503  0.247131  0.412224  0.845176  0.379807  0.276047  0.446248  0.386729  0.101688  0.269433  0.276181  0.352674  0.289430  0.262946  0.324536  0.082901  0.397698  0.269677  0.280816  0.238739  0.115163  0.702059  0.231906  0.307493  0.084863  0.279841  0.195623  0.350309  0.160169  0.117978  0.352478  0.372500  0.343655  0.446162  0.265044  0.172557  0.300725  0.395177  0.156266  0.450691  0.233243  0.360488  0.390804  0.226834  0.228535  0.365137  0.185284 
3  0.082901  0.353001  0.149365 0.0  0.138711  0.223418  0.094142  0.207793  0.187958  0.240165  0.082901  0.332307  0.285812  0.259082  0.215345  0.131011  0.336791  0.248572  0.179437  0.226104  0.082901  0.167798  0.247363  0.134434  0.288224  0.281420  0.238477  0.250714  0.258954  0.082932  0.187549  0.199526  0.158355  0.404087  0.293364  0.118789  0.262658  0.343984  0.119473  0.313051  0.313905  0.086239  0.082901  0.129318  0.352251  0.096225  0.212842  0.146736  0.272490  0.234176  0.192071  0.262490  0.090794  0.174957  0.226894  0.100805  0.169346  0.318819  0.434412  0.153768  0.171212  0.116667  0.097004  0.676953  0.312902  0.082901  0.085113  0.204827  0.296421  0.209983  0.107386  0.137200  0.192763  0.159360  0.465984  0.140708  0.089271  0.086837  0.099857  0.258894  0.176687  0.140190  0.127706  0.082901  0.118886  0.082901  0.233556  0.317440  0.433410  0.289379  0.287657  0.332453  0.158617  0.301586  0.089820  0.205410  0.201522  0.201078  0.184104  0.165341  0.101797  0.158784  0.664329  0.184222  0.140798  0.229780  0.193815  0.315445  0.140373  0.191104  0.115683  0.198624  0.111290  0.223703  0.156612  0.179045  0.295766  0.222337  0.278494  0.324134  0.473737  0.121913  0.082901  0.239657  0.177097  0.145639  0.153681  0.296776  0.298573  0.090018  0.156806  0.194977  0.225031  0.222068  0.319971  0.082901  0.308584  0.092775  0.267168  0.297283  0.171628  0.123237  0.249377  0.174187  0.236280  0.190706 
4  0.135386  0.249837  0.227835  0.138711 0.0  0.118876  0.100131  0.286581  0.115473  0.131902  0.082901  0.195653  0.179273  0.297917  0.279447  0.296803  0.347520  0.214813  0.082901  0.179537  0.082901  0.306106  0.273327  0.239736  0.382659  0.212977  0.231727  0.144329  0.171821  0.090695  0.210657  0.082901  0.193347  0.585167  0.269253  0.129353  0.241955  0.295621  0.098044  0.273493  0.304007  0.137468  0.144942  0.082901  0.294225  0.164578  0.169885  0.082901  0.224589  0.206781  0.153513  0.240185  0.082901  0.241822  0.299004  0.173911  0.258923  0.241630  0.224896  0.242558  0.141703  0.101393  0.261466  0.588289  0.239669  0.185340  0.101574  0.240222  0.158629  0.295868  0.082901  0.121997  0.149817  0.163575  0.506857  0.170386  0.082901  0.098948  0.098648  0.271784  0.266015  0.275225  0.244902  0.082901  0.082901  0.229242  0.180187  0.200366  0.346307  0.185496  0.173554  0.155906  0.273651  0.174256  0.082901  0.290684  0.152787  0.233141  0.252092  0.189356  0.125888  0.243150  0.636513  0.296250  0.167896  0.236464  0.173614  0.300590  0.082901  0.236395  0.094797  0.187495  0.157228  0.082901  0.214911  0.210112  0.210598  0.112424  0.105984  0.293088  0.432641  0.082901  0.125485  0.204424  0.141692  0.082901  0.155351  0.233619  0.289723  0.143727  0.219706  0.183499  0.082901  0.307849  0.235678  0.082901  0.333272  0.167036  0.227500  0.469857  0.229207  0.082901  0.313190  0.170285  0.273022  0.162430 
5  0.214807  0.220888  0.252462  0.223418  0.118876 0.0  0.274431  0.320826  0.113138  0.310100  0.164279  0.292077  0.320952  0.215956  0.227349  0.169855  0.344466  0.252749  0.326535  0.140248  0.145151  0.176973  0.200393  0.243914  0.215419  0.114819  0.305156  0.356559  0.402328  0.269429  0.285796  0.242211  0.163447  0.561037  0.220718  0.109450  0.240180  0.240807  0.233801  0.201000  0.209863  0.147924  0.221907  0.351848  0.133022  0.197423  0.386605  0.168360  0.364635  0.371351  0.219909  0.301576  0.243913  0.156140  0.082901  0.388886  0.315179  0.211241  0.247844  0.330527  0.217624  0.173146  0.385998  0.450058  0.438315  0.382061  0.133580  0.206686  0.115963  0.150973  0.099902  0.131066  0.256618  0.107727  0.491914  0.082901  0.170181  0.137263  0.309699  0.134205  0.307302  0.263628  0.138555  0.201840  0.227208  0.333548  0.120453  0.318247  0.245969  0.395556  0.413320  0.348254  0.082901  0.109007  0.195213  0.148868  0.360583  0.304356  0.223033  0.312018  0.296634  0.357959  0.850383  0.321286  0.301883  0.441521  0.360505  0.287816  0.177493  0.231757  0.170815  0.193782  0.258729  0.146066  0.106969  0.165440  0.082901  0.082901  0.283463  0.186557  0.581258  0.238134  0.276901  0.136756  0.129710  0.263205  0.178953  0.082901  0.154423  0.224100  0.461378  0.121658  0.082901  0.166602  0.185191  0.202750  0.398685  0.222213  0.387137  0.342720  0.340748  0.158984  0.082901  0.191415  0.351226  0.227155 
6  0.238393  0.234883  0.356699  0.094142  0.100131  0.274431 0.0  0.129882  0.201415  0.363792  0.135930  0.222750  0.125767  0.406469  0.163276  0.244368  0.390990  0.324793  0.118549  0.299446  0.108514  0.367491  0.330287  0.274935  0.411957  0.310077  0.256843  0.214920  0.229253  0.159956  0.082901  0.176522  0.122983  0.559771  0.359385  0.139995  0.174384  0.367027  0.082901  0.233600  0.323157  0.131481  0.115809  0.198527  0.360443  0.143489  0.208595  0.237894  0.171144  0.193841  0.116517  0.164195  0.082901  0.169796  0.189296  0.217705  0.221706  0.273974  0.408135  0.198397  0.133334  0.116045  0.202994  0.667557  0.460128  0.209034  0.102272  0.298562  0.220942  0.340152  0.082901  0.193293  0.136248  0.132088  0.458065  0.113385  0.177929  0.083690  0.082901  0.173123  0.197158  0.164893  0.181689  0.082901  0.082901  0.082901  0.212587  0.145014  0.361793  0.414461  0.357707  0.207628  0.266443  0.234921  0.082901  0.211967  0.144701  0.185819  0.139823  0.109514  0.109160  0.195235  0.665445  0.317835  0.178548  0.088558  0.259937  0.153357  0.137440  0.135634  0.113085  0.139524  0.166458  0.201170  0.207335  0.135453  0.342668  0.316549  0.138615  0.273361  0.404000  0.162801  0.148140  0.361446  0.082901  0.150437  0.082901  0.249351  0.374757  0.170213  0.172604  0.130136  0.126179  0.197856  0.140193  0.168663  0.333398  0.138316  0.286295  0.342518  0.158329  0.146032  0.188536  0.187176  0.225545  0.182979 
7  0.194286  0.341235  0.409591  0.207793  0.286581  0.320826  0.129882 0.0  0.292939  0.113877  0.230602  0.082901  0.125407  0.407361  0.311753  0.159475  0.521203  0.416188  0.167587  0.376751  0.152644  0.333290  0.103497  0.195781  0.541288  0.484734  0.176993  0.082901  0.174954  0.201805  0.198883  0.136695  0.276630  0.257208  0.325812  0.137872  0.082901  0.388345  0.171161  0.425927  0.523670  0.230823  0.317539  0.163487  0.367565  0.368791  0.089612  0.260100  0.178294  0.206129  0.240981  0.082901  0.229809  0.124871  0.296658  0.113378  0.167013  0.373121  0.309168  0.171765  0.265776  0.101257  0.113966  0.763169  0.212702  0.284128  0.198924  0.367586  0.380811  0.358955  0.082901  0.324957  0.127534  0.244528  0.281116  0.165521  0.184096  0.221438  0.312889  0.390080  0.159751  0.082901  0.451631  0.082901  0.222625  0.138533  0.411063  0.204633  0.578816  0.167741  0.259720  0.122257  0.319911  0.414643  0.241479  0.268991  0.082901  0.490519  0.211423  0.124334  0.249769  0.123246  0.480472  0.179571  0.129607  0.099646  0.082901  0.362678  0.202276  0.151083  0.131301  0.096599  0.302308  0.385137  0.349672  0.151496  0.371154  0.333611  0.103069  0.527082  0.318977  0.191220  0.239382  0.284355  0.235045  0.177324  0.160150  0.240321  0.284840  0.130322  0.140906  0.291087  0.227962  0.281499  0.343724  0.230852  0.082901  0.424383  0.148580  0.564233  0.082901  0.109384  0.314972  0.208132  0.100071  0.364181 
8  0.089555  0.224017  0.153116  0.187958  0.115473  0.113138  0.201415  0.292939 0.0  0.191146  0.130890  0.144411  0.258690  0.216686  0.082901  0.187257  0.260264  0.183714  0.313817  0.189636  0.211863  0.176907  0.306620  0.232203  0.317813  0.168750  0.257257  0.241111  0.304026  0.193706  0.178756  0.185837  0.265611  0.437850  0.286051  0.186227  0.393960  0.281354  0.244077  0.236053  0.369469  0.082901  0.203137  0.100319  0.082901  0.109911  0.295947  0.082901  0.300277  0.184547  0.082901  0.239174  0.300133  0.343110  0.148895  0.260518  0.246104  0.162261  0.252280  0.264315  0.167568  0.167642  0.326769  0.559183  0.330537  0.195265  0.104192  0.200307  0.242481  0.231921  0.082901  0.182896  0.348831  0.095177  0.475509  0.151667  0.159570  0.216592  0.187333  0.188377  0.334244  0.275020  0.087753  0.206253  0.216131  0.176979  0.213099  0.327307  0.359306  0.489307  0.470830  0.381146  0.193083  0.143137  0.246896  0.097700  0.287614  0.279763  0.285282  0.317468  0.157023  0.261721  0.636257  0.280125  0.129381  0.223756  0.315833  0.160585  0.249232  0.089902  0.142977  0.126227  0.150907  0.169408  0.082901  0.194822  0.273400  0.153432  0.132004  0.243362  0.590284  0.082901  0.182668  0.099262  0.202906  0.242268  0.119821  0.247341  0.215261  0.160458  0.281302  0.189755  0.099830  0.126125  0.152522  0.082901  0.279647  0.120186  0.244153  0.353967  0.275119  0.193637  0.082901  0.131274  0.335612  0.082901 
9  0.210065  0.414155  0.478111  0.240165  0.131902  0.310100  0.363792  0.113877  0.191146 0.0  0.170342  0.162741  0.191493  0.275087  0.304320  0.269011  0.604965  0.250529  0.088083  0.301446  0.313890  0.303535  0.082901  0.408646  0.430574  0.470931  0.226627  0.183465  0.161315  0.158302  0.197245  0.164417  0.193201  0.409746  0.462431  0.175753  0.082901  0.462931  0.118233  0.520245  0.413228  0.341391  0.166435  0.183095  0.424816  0.303522  0.165579  0.186775  0.264283  0.269783  0.263242  0.234306  0.082901  0.144071  0.262549  0.082901  0.114791  0.382438  0.516034  0.108624  0.152622  0.381122  0.179765  0.738535  0.228309  0.174629  0.223936  0.377616  0.357079  0.398069  0.277502  0.177957  0.224051  0.376732  0.451004  0.376289  0.166649  0.263808  0.258842  0.451011  0.169149  0.083083  0.490925  0.258531  0.274180  0.147757  0.378213  0.174889  0.514449  0.137869  0.318001  0.088234  0.434062  0.329485  0.250026  0.359477  0.149089  0.427018  0.315438  0.082901  0.322383  0.130679  0.571476  0.106601  0.200934  0.088069  0.082901  0.444560  0.238242  0.188437  0.131105  0.247420  0.297533  0.246500  0.351797  0.188536  0.348496  0.423910  0.257808  0.454961  0.306851  0.249885  0.202503  0.393445  0.232302  0.174990  0.311299  0.276776  0.402909  0.242743  0.220904  0.232464  0.329179  0.360854  0.431379  0.221148  0.089784  0.394113  0.093365  0.484398  0.084814  0.270701  0.426365  0.250280  0.170053  0.260586 
10  0.082901  0.337948  0.272582  0.082901  0.082901  0.164279  0.135930  0.230602  0.130890  0.170342 0.0  0.244875  0.235500  0.432889  0.191214  0.098383  0.398720  0.252298  0.219728  0.214551  0.082901  0.184829  0.220604  0.173785  0.384691  0.364851  0.195012  0.131098  0.413574  0.137511  0.169825  0.115455  0.207784  0.329853  0.183485  0.113502  0.215272  0.303175  0.136036  0.179985  0.406956  0.147819  0.164728  0.160282  0.381472  0.095912  0.230236  0.082901  0.222434  0.228514  0.082901  0.163972  0.082901  0.292374  0.175109  0.288811  0.090429  0.186719  0.417979  0.253331  0.130808  0.209429  0.248547  0.573479  0.351686  0.150618  0.082901  0.194643  0.279528  0.344550  0.123088  0.102539  0.274538  0.107265  0.663836  0.155314  0.112076  0.082901  0.122121  0.254990  0.134199  0.296774  0.222370  0.082901  0.099487  0.143175  0.232165  0.223995  0.256965  0.245978  0.324164  0.255479  0.138289  0.141705  0.082901  0.152455  0.231823  0.277031  0.260442  0.133708  0.152984  0.215304  0.669405  0.252054  0.196713  0.253752  0.225634  0.288337  0.160710  0.125774  0.167722  0.168412  0.122064  0.125264  0.202118  0.087910  0.376035  0.218453  0.106286  0.360431  0.459561  0.137559  0.112017  0.311697  0.129630  0.149105  0.190898  0.134722  0.344485  0.205914  0.287577  0.110219  0.139999  0.184660  0.182399  0.095606  0.202299  0.204002  0.341176  0.348660  0.134932  0.082901  0.193745  0.163999  0.227567  0.194796 
11  0.141082  0.396437  0.258041  0.332307  0.195653  0.292077  0.222750  0.082901  0.144411  0.162741  0.244875 0.0  0.082901  0.364393  0.175723  0.102428  0.437728  0.240178  0.129534  0.265136  0.156017  0.492320  0.185763  0.239881  0.415588  0.482783  0.150541  0.159417  0.142918  0.215563  0.082901  0.186777  0.088416  0.444899  0.377007  0.082901  0.082901  0.363156  0.122486  0.305122  0.338619  0.206116  0.210281  0.121551  0.349070  0.139814  0.083388  0.186354  0.189504  0.175389  0.109831  0.181540  0.217891  0.228466  0.242873  0.082901  0.082901  0.360568  0.433018  0.172566  0.082901  0.193393  0.180904  0.756339  0.190621  0.110475  0.134274  0.346849  0.309921  0.320241  0.195137  0.181327  0.260373  0.248457  0.330308  0.215976  0.136995  0.225679  0.196569  0.367496  0.082901  0.125298  0.364797  0.170541  0.163968  0.172649  0.288923  0.132303  0.425528  0.184270  0.223815  0.149088  0.329924  0.265100  0.109828  0.192296  0.120197  0.353017  0.153332  0.082901  0.125454  0.116800  0.512344  0.166287  0.152559  0.274492  0.269142  0.308962  0.154872  0.174976  0.082901  0.135680  0.125955  0.354332  0.246093  0.082901  0.469766  0.300351  0.113198  0.310296  0.411389  0.150315  0.082901  0.358613  0.277997  0.082901  0.179506  0.327319  0.379950  0.168917  0.089933  0.223368  0.354257  0.230878  0.292561  0.259296  0.261015  0.209023  0.152381  0.473697  0.214143  0.219577  0.339929  0.098990  0.158153  0.227253 
12  0.123113  0.389202  0.287279  0.285812  0.179273  0.320952  0.125767  0.125407  0.258690  0.191493  0.235500  0.082901 0.0  0.459217  0.296281  0.233036  0.419086  0.317535  0.082901  0.290142  0.218541  0.305006  0.186293  0.213944  0.343060  0.399682  0.147573  0.252379  0.147485  0.174715  0.082901  0.133832  0.162400  0.436638  0.263030  0.082901  0.274943  0.414333  0.231420  0.301023  0.431874  0.298500  0.140651  0.223797  0.344389  0.264433  0.082901  0.115997  0.171636  0.135147  0.082901  0.095298  0.156671  0.108303  0.347842  0.128362  0.084344  0.156376  0.422115  0.201875  0.162445  0.230677  0.082901  0.807299  0.360957  0.224966  0.163570  0.414213  0.324067  0.288246  0.211334  0.138014  0.208777  0.329139  0.482430  0.128559  0.208728  0.325048  0.243350  0.449204  0.082901  0.106364  0.391941  0.231284  0.082901  0.210065  0.353950  0.086977  0.496739  0.197807  0.322016  0.082901  0.341368  0.327808  0.313840  0.204626  0.151927  0.432398  0.168165  0.082901  0.243863  0.092832  0.520851  0.157174  0.099606  0.135660  0.082901  0.366895  0.206963  0.128177  0.170929  0.135257  0.102273  0.279749  0.243126  0.116758  0.387319  0.179023  0.113019  0.414159  0.361457  0.277888  0.082901  0.332780  0.228208  0.082901  0.163779  0.278782  0.386273  0.139468  0.082901  0.110229  0.274336  0.267636  0.364603  0.275139  0.121658  0.346479  0.082901  0.483788  0.130159  0.181636  0.347920  0.250935  0.242893  0.370885 
13  0.195776  0.171262  0.100584  0.259082  0.297917  0.215956  0.406469  0.407361  0.216686  0.275087  0.432889  0.364393  0.459217 0.0  0.185959  0.265473  0.228442  0.279021  0.455070  0.102644  0.231834  0.100571  0.429212  0.219702  0.232893  0.155874  0.447560  0.458259  0.504724  0.272897  0.383286  0.245469  0.341018  0.505171  0.203396  0.341761  0.425166  0.217500  0.315360  0.082901  0.267903  0.232767  0.212671  0.329275  0.182990  0.247583  0.341513  0.278154  0.468811  0.382497  0.252879  0.344405  0.218572  0.346203  0.165152  0.458090  0.373029  0.183219  0.169279  0.300870  0.250677  0.197610  0.428627  0.616077  0.482074  0.232864  0.258166  0.103427  0.082901  0.139103  0.313681  0.222045  0.387082  0.129676  0.626456  0.294033  0.202400  0.249734  0.166090  0.082901  0.472487  0.412951  0.190655  0.375612  0.327196  0.270349  0.203219  0.466607  0.084561  0.446262  0.536968  0.480668  0.270531  0.197831  0.178360  0.257249  0.418100  0.240541  0.354197  0.398440  0.238161  0.415545  0.879506  0.455521  0.305967  0.318523  0.347082  0.133297  0.286381  0.243516  0.425564  0.356955  0.321770  0.221698  0.108285  0.340302  0.098664  0.115930  0.237617  0.096671  0.607618  0.312473  0.389754  0.108624  0.243243  0.251009  0.295301  0.167622  0.196019  0.361316  0.412142  0.324658  0.201510  0.285952  0.244181  0.247799  0.467497  0.248211  0.472060  0.098340  0.443542  0.284615  0.209228  0.284236  0.383200  0.167644 
14  0.082901  0.136283  0.241378  0.215345  0.279447  0.227349  0.163276  0.311753  0.082901  0.304320  0.191214  0.175723  0.296281  0.185959 0.0  0.237525  0.280076  0.151100  0.201775  0.158139  0.082901  0.234271  0.148428  0.082901  0.363192  0.309556  0.358457  0.386473  0.273731  0.123517  0.291912  0.115851  0.124854  0.436668  0.160407  0.304554  0.236542  0.164482  0.192201  0.213081  0.272820  0.082901  0.184826  0.142451  0.120251  0.158055  0.220774  0.082901  0.198273  0.411368  0.082901  0.241460  0.154244  0.299575  0.208789  0.250069  0.326645  0.182365  0.229656  0.169932  0.170728  0.202130  0.304729  0.674004  0.343228  0.191151  0.185884  0.140429  0.189339  0.255934  0.129192  0.194032  0.151576  0.149985  0.664423  0.147768  0.310253  0.249742  0.162785  0.269883  0.334686  0.217556  0.263918  0.181688  0.221634  0.173247  0.199176  0.192782  0.364664  0.365002  0.323779  0.328163  0.166185  0.148113  0.166441  0.274946  0.220814  0.231621  0.295883  0.253316  0.089735  0.275668  0.715158  0.277625  0.193100  0.261607  0.335664  0.346619  0.133532  0.155041  0.216195  0.274791  0.145556  0.192908  0.192985  0.171841  0.134209  0.130957  0.242809  0.241769  0.452126  0.244856  0.175776  0.143836  0.188033  0.140780  0.141884  0.136593  0.230190  0.082901  0.226529  0.082901  0.154598  0.094440  0.100006  0.082901  0.289136  0.214647  0.327518  0.263345  0.203210  0.086197  0.093065  0.163700  0.251623  0.177019 
15  0.183121  0.324922  0.416721  0.131011  0.296803  0.169855  0.244368  0.159475  0.187257  0.269011  0.098383  0.102428  0.233036  0.265473  0.237525 0.0  0.408838  0.259008  0.214465  0.274936  0.082901  0.279732  0.154478  0.246462  0.349805  0.340279  0.165453  0.150290  0.265872  0.082901  0.082901  0.142449  0.204021  0.394456  0.386288  0.082901  0.109833  0.286224  0.121328  0.289013  0.352282  0.238820  0.082901  0.123142  0.318837  0.082901  0.082901  0.168760  0.266087  0.244227  0.220354  0.107063  0.159825  0.125549  0.220041  0.173600  0.082901  0.269881  0.382143  0.249592  0.145969  0.200165  0.156088  0.655758  0.286271  0.121842  0.082901  0.163825  0.334078  0.146915  0.111044  0.082901  0.214389  0.121079  0.512206  0.082901  0.100889  0.132518  0.130003  0.163809  0.205557  0.143442  0.374741  0.082901  0.082901  0.082901  0.343502  0.136360  0.430187  0.259939  0.253779  0.276046  0.187559  0.172159  0.082901  0.244564  0.198457  0.371397  0.099604  0.166517  0.108113  0.155715  0.562531  0.115945  0.174961  0.171139  0.179616  0.337246  0.082901  0.082901  0.082901  0.121063  0.148390  0.136508  0.386905  0.138623  0.254570  0.157325  0.087563  0.286267  0.372916  0.090639  0.082901  0.207559  0.176592  0.082901  0.185404  0.196334  0.320000  0.082901  0.085194  0.128680  0.228974  0.158182  0.303035  0.163507  0.283085  0.169238  0.200858  0.369038  0.174586  0.084508  0.238449  0.235459  0.230433  0.378178 
16  0.401711  0.233721  0.264124  0.336791  0.347520  0.344466  0.390990  0.521203  0.260264  0.604965  0.398720  0.437728  0.419086  0.228442  0.280076  0.408838 0.0  0.342589  0.478625  0.201779  0.313108  0.221470  0.475718  0.265741  0.222054  0.146892  0.506782  0.507634  0.583578  0.404455  0.440745  0.478697  0.470333  0.643365  0.150255  0.281980  0.497697  0.169056  0.291076  0.139477  0.082901  0.321224  0.450417  0.440151  0.206743  0.352274  0.387576  0.427782  0.384899  0.499154  0.380881  0.432071  0.385199  0.506004  0.267452  0.499635  0.443441  0.215111  0.150072  0.480005  0.339088  0.367697  0.473227  0.374186  0.574870  0.507616  0.291491  0.293464  0.272677  0.212280  0.314049  0.387708  0.369643  0.182637  0.763211  0.402122  0.373115  0.329530  0.358152  0.229499  0.549053  0.496043  0.117918  0.395909  0.357011  0.408433  0.217846  0.410547  0.125607  0.516952  0.571045  0.512855  0.300345  0.299998  0.325722  0.210976  0.468764  0.305291  0.369392  0.491372  0.397040  0.441295  0.935123  0.405311  0.475871  0.414149  0.448213  0.287481  0.279762  0.331398  0.327747  0.335005  0.395523  0.211583  0.318058  0.397792  0.082901  0.342256  0.448870  0.248472  0.749657  0.260456  0.290180  0.146750  0.498637  0.366173  0.327185  0.197091  0.125947  0.472278  0.497406  0.532956  0.351987  0.339064  0.266494  0.446900  0.579530  0.229628  0.504601  0.082901  0.441272  0.316978  0.154893  0.371081  0.378024  0.246913 
17  0.319898  0.279120  0.232662  0.248572  0.214813  0.252749  0.324793  0.416188  0.183714  0.250529  0.252298  0.240178  0.317535  0.279021  0.151100  0.259008  0.342589 0.0  0.356671  0.127278  0.279401  0.222335  0.409558  0.299641  0.304568  0.172028  0.249668  0.328982  0.334619  0.311862  0.373089  0.279779  0.296971  0.669751  0.157683  0.292807  0.360403  0.198421  0.258784  0.164350  0.153960  0.148822  0.288125  0.255815  0.207387  0.130452  0.206825  0.259240  0.223458  0.465739  0.190423  0.368722  0.221635  0.502043  0.143359  0.406962  0.382388  0.143598  0.164859  0.215300  0.209271  0.183881  0.477860  0.546866  0.515095  0.312754  0.353538  0.213094  0.082901  0.082901  0.261602  0.230970  0.288803  0.310961  0.774689  0.308073  0.239877  0.254244  0.269997  0.151481  0.374575  0.408062  0.137363  0.199506  0.234441  0.167215  0.082901  0.399388  0.231414  0.398435  0.467165  0.382688  0.082901  0.284652  0.197961  0.205469  0.427829  0.245949  0.278215  0.380335  0.286031  0.354641  0.828038  0.438865  0.210695  0.370158  0.364308  0.186452  0.177179  0.168791  0.280564  0.354415  0.190105  0.285783  0.155067  0.165013  0.165382  0.184431  0.308699  0.159723  0.562477  0.269234  0.305466  0.082901  0.217390  0.246818  0.276458  0.250590  0.148565  0.269884  0.300343  0.269786  0.110674  0.146528  0.125582  0.228096  0.327081  0.249212  0.440735  0.097416  0.308730  0.345853  0.184421  0.277183  0.237093  0.260576 
18  0.144159  0.397032  0.377788  0.179437  0.082901  0.326535  0.118549  0.167587  0.313817  0.088083  0.219728  0.129534  0.082901  0.455070  0.201775  0.214465  0.478625  0.356671 0.0  0.319794  0.156528  0.406260  0.082901  0.227506  0.473336  0.486806  0.152099  0.169638  0.082901  0.275853  0.163330  0.142512  0.182730  0.347549  0.404832  0.230002  0.104334  0.475012  0.224447  0.420805  0.376383  0.283324  0.278037  0.187377  0.460393  0.180164  0.090119  0.343789  0.256388  0.140476  0.153217  0.082901  0.176413  0.202946  0.238152  0.102600  0.143332  0.332046  0.365834  0.132100  0.165389  0.171334  0.109470  0.629979  0.239683  0.243360  0.115647  0.314548  0.458320  0.402441  0.213258  0.216857  0.270189  0.283675  0.332828  0.197650  0.130711  0.142744  0.247714  0.381285  0.283772  0.115811  0.338761  0.221102  0.184846  0.082901  0.296469  0.196728  0.471444  0.166356  0.198199  0.082901  0.316209  0.334207  0.207148  0.260690  0.082901  0.450741  0.231642  0.103655  0.326682  0.082901  0.510857  0.082901  0.082901  0.194083  0.104609  0.408503  0.190891  0.082901  0.112859  0.103710  0.188764  0.273480  0.293044  0.098033  0.432639  0.236287  0.235120  0.387269  0.283361  0.231057  0.181013  0.305868  0.250402  0.161653  0.294776  0.358844  0.444839  0.174307  0.082901  0.195015  0.335382  0.323896  0.358857  0.223355  0.147215  0.249121  0.082901  0.619512  0.082901  0.228690  0.359311  0.250946  0.183696  0.147855 
19  0.199609  0.274174  0.316130  0.226104  0.179537  0.140248  0.299446  0.376751  0.189636  0.301446  0.214551  0.265136  0.290142  0.102644  0.158139  0.274936  0.201779  0.127278  0.319794 0.0  0.108993  0.102686  0.337581  0.228247  0.152652  0.257929  0.295166  0.312927  0.282964  0.213298  0.217685  0.241641  0.296995  0.451432  0.255495  0.318765  0.326884  0.223790  0.209698  0.249934  0.142994  0.254976  0.281949  0.208017  0.280447  0.154136  0.393728  0.218445  0.295732  0.347636  0.220228  0.314299  0.233494  0.338070  0.191585  0.343034  0.278294  0.102132  0.149209  0.268292  0.199120  0.097535  0.404062  0.449753  0.498826  0.203213  0.134077  0.092920  0.082901  0.133547  0.174993  0.297052  0.316876  0.085733  0.640219  0.210289  0.343891  0.226055  0.309926  0.172322  0.300296  0.407517  0.155784  0.234219  0.282458  0.334748  0.082901  0.354212  0.112743  0.504346  0.508402  0.280274  0.082901  0.142768  0.109355  0.082901  0.252364  0.191011  0.193013  0.295638  0.230274  0.198196  0.782537  0.329729  0.180660  0.412596  0.303361  0.256953  0.200903  0.391160  0.201493  0.192452  0.169834  0.082901  0.106944  0.201129  0.263899  0.200921  0.371654  0.155229  0.548224  0.101361  0.207217  0.136756  0.194329  0.253218  0.158834  0.082901  0.184282  0.174650  0.309273  0.159197  0.082901  0.187015  0.211652  0.214867  0.356485  0.161642  0.292611  0.269346  0.370385  0.270858  0.213393  0.294577  0.290335  0.324694 
20  0.101988  0.284011  0.261337  0.082901  0.082901  0.145151  0.108514  0.152644  0.211863  0.313890  0.082901  0.156017  0.218541  0.231834  0.082901  0.082901  0.313108  0.279401  0.156528  0.108993 0.0  0.203622  0.193571  0.086047  0.358989  0.367384  0.226123  0.220733  0.237861  0.082901  0.154544  0.180695  0.082901  0.491998  0.301935  0.127392  0.298238  0.331393  0.118594  0.296588  0.355862  0.196593  0.183375  0.082901  0.163997  0.148808  0.247555  0.098446  0.104826  0.252710  0.244328  0.087354  0.102810  0.172950  0.174536  0.172611  0.108166  0.262698  0.226617  0.232129  0.082901  0.089989  0.088007  0.582176  0.373037  0.102701  0.151697  0.237367  0.248093  0.344727  0.089070  0.169718  0.106594  0.124242  0.535557  0.082901  0.126964  0.082901  0.082901  0.296175  0.176977  0.246288  0.271735  0.138490  0.082901  0.082901  0.208075  0.299615  0.355556  0.262622  0.372740  0.324230  0.168577  0.190655  0.165390  0.309429  0.342069  0.300392  0.103353  0.206583  0.324047  0.179045  0.655699  0.208553  0.130152  0.238504  0.173275  0.337674  0.082901  0.098435  0.179407  0.132152  0.147056  0.082901  0.111106  0.125001  0.377023  0.082901  0.177737  0.269584  0.359418  0.082901  0.106677  0.302968  0.210141  0.133231  0.139077  0.323903  0.337861  0.082901  0.152815  0.147337  0.275476  0.218749  0.183830  0.148556  0.260391  0.177080  0.093010  0.373366  0.118389  0.094443  0.287043  0.082901  0.159682  0.089209 
21  0.180025  0.198946  0.142615  0.167798  0.306106  0.176973  0.367491  0.333290  0.176907  0.303535  0.184829  0.492320  0.305006  0.100571  0.234271  0.279732  0.221470  0.222335  0.406260  0.102686  0.203622 0.0  0.402009  0.082901  0.222391  0.243589  0.375056  0.282131  0.404462  0.305352  0.440602  0.283809  0.389342  0.413341  0.082901  0.294361  0.434570  0.203228  0.317462  0.082901  0.145049  0.120107  0.223012  0.163684  0.128340  0.281343  0.345079  0.265680  0.362164  0.442696  0.221856  0.347105  0.182602  0.323738  0.279177  0.299927  0.302623  0.174978  0.148777  0.444971  0.248333  0.294232  0.279216  0.623508  0.466852  0.365777  0.191671  0.128935  0.082901  0.143265  0.255316  0.334593  0.290006  0.082901  0.642276  0.244631  0.279771  0.280043  0.151344  0.086433  0.495407  0.414589  0.142608  0.310110  0.300383  0.230355  0.086821  0.504931  0.216331  0.384553  0.585455  0.364986  0.127988  0.121380  0.218902  0.137033  0.462886  0.122320  0.191650  0.440877  0.261490  0.314497  0.855770  0.396124  0.369900  0.455020  0.357259  0.082901  0.313582  0.254011  0.213828  0.349322  0.354455  0.192260  0.153014  0.193508  0.283430  0.174095  0.342194  0.082901  0.658229  0.252563  0.207703  0.130165  0.170120  0.360619  0.227468  0.141454  0.082901  0.262991  0.396119  0.296574  0.213349  0.239775  0.186424  0.146730  0.472129  0.206208  0.400975  0.169558  0.369804  0.360730  0.207014  0.179210  0.412697  0.082901 
22  0.199946  0.396287  0.462960  0.247363  0.273327  0.200393  0.330287  0.103497  0.306620  0.082901  0.220604  0.185763  0.186293  0.429212  0.148428  0.154478  0.475718  0.409558  0.082901  0.337581  0.193571  0.402009 0.0  0.301594  0.413450  0.558918  0.252796  0.196841  0.108412  0.247192  0.128209  0.172465  0.182472  0.417076  0.400243  0.162374  0.082901  0.408655  0.159591  0.439158  0.436244  0.248871  0.176563  0.138527  0.371348  0.146478  0.179100  0.273329  0.277499  0.173062  0.289538  0.117444  0.276176  0.087712  0.264546  0.144897  0.152208  0.390608  0.401085  0.111941  0.257516  0.172624  0.109412  0.708259  0.157931  0.150564  0.211905  0.253007  0.339695  0.411257  0.234321  0.222001  0.204299  0.365195  0.333758  0.210422  0.307293  0.294909  0.106565  0.438861  0.155667  0.082901  0.361212  0.130583  0.172177  0.289135  0.394573  0.130888  0.405300  0.195949  0.187675  0.082901  0.265130  0.318515  0.273863  0.249877  0.233721  0.332176  0.208229  0.116984  0.299420  0.090655  0.591163  0.185255  0.082901  0.082901  0.082901  0.482414  0.116238  0.082901  0.144475  0.203143  0.160625  0.140387  0.329684  0.160877  0.421821  0.293679  0.138271  0.437538  0.320813  0.263710  0.223757  0.382930  0.259802  0.192838  0.277406  0.317445  0.268848  0.199828  0.082901  0.168352  0.296096  0.355031  0.346726  0.346663  0.150565  0.311792  0.135419  0.553762  0.169425  0.132648  0.262569  0.433471  0.082901  0.391918 
23  0.139357  0.328489  0.213213  0.134434  0.239736  0.243914  0.274935  0.195781  0.232203  0.408646  0.173785  0.239881  0.213944  0.219702  0.082901  0.246462  0.265741  0.299641  0.227506  0.228247  0.086047  0.082901  0.301594 0.0  0.296976  0.337397  0.360697  0.368677  0.375354  0.093362  0.193448  0.207502  0.194887  0.451094  0.334818  0.186496  0.467329  0.354579  0.239437  0.264171  0.273657  0.122478  0.254863  0.082901  0.255318  0.205157  0.176088  0.198410  0.230720  0.158672  0.222545  0.155851  0.114855  0.306505  0.208635  0.262973  0.355659  0.243868  0.331476  0.256106  0.185767  0.170640  0.314391  0.745521  0.469125  0.169921  0.263760  0.167071  0.257760  0.264386  0.144300  0.249812  0.199796  0.177478  0.630154  0.169672  0.247627  0.210412  0.144827  0.259978  0.248454  0.362066  0.318289  0.082901  0.145052  0.191209  0.252755  0.302568  0.449291  0.426735  0.413841  0.344973  0.251488  0.137745  0.243499  0.170551  0.302929  0.231885  0.222777  0.429135  0.099511  0.301656  0.617442  0.313147  0.241473  0.282222  0.361561  0.252855  0.220650  0.163646  0.245325  0.191760  0.247786  0.324404  0.214303  0.230057  0.375238  0.248532  0.179543  0.271483  0.455614  0.157041  0.200581  0.226576  0.179606  0.159876  0.259846  0.222155  0.150506  0.121767  0.193230  0.266221  0.184985  0.201006  0.228586  0.252211  0.362242  0.104432  0.280034  0.340694  0.357319  0.147640  0.120967  0.100446  0.274603  0.146561 
24  0.261333  0.088573  0.180075  0.288224  0.382659  0.215419  0.411957  0.541288  0.317813  0.430574  0.384691  0.415588  0.343060  0.232893  0.363192  0.349805  0.222054  0.304568  0.473336  0.152652  0.358989  0.222391  0.413450  0.296976 0.0  0.160926  0.476637  0.531833  0.401641  0.361199  0.372171  0.422584  0.459418  0.598180  0.227406  0.520877  0.551930  0.179968  0.375581  0.111968  0.213903  0.264387  0.364600  0.298520  0.246785  0.335230  0.350914  0.423538  0.356542  0.510030  0.296130  0.440610  0.233007  0.516921  0.133388  0.476175  0.471221  0.156633  0.174793  0.589907  0.378880  0.373765  0.520529  0.395580  0.583085  0.389095  0.358119  0.171317  0.238431  0.256950  0.375637  0.405725  0.331560  0.313676  0.694272  0.376578  0.307560  0.347735  0.374604  0.208438  0.449528  0.459717  0.099321  0.415251  0.382774  0.386974  0.245393  0.478023  0.235641  0.504631  0.745349  0.557130  0.263487  0.292454  0.327653  0.355641  0.410680  0.246965  0.437802  0.412424  0.303038  0.589246  0.870976  0.530640  0.436878  0.504998  0.507118  0.219413  0.304265  0.437712  0.532012  0.464826  0.344993  0.287376  0.348583  0.374479  0.250180  0.279005  0.415605  0.082901  0.724269  0.360767  0.432874  0.182329  0.258567  0.510352  0.318602  0.324386  0.140135  0.439411  0.367901  0.453581  0.213827  0.227582  0.226280  0.349802  0.580631  0.292193  0.573730  0.150716  0.364497  0.370707  0.333854  0.189826  0.533847  0.323758 
25  0.214731  0.092444  0.194908  0.281420  0.212977  0.114819  0.310077  0.484734  0.168750  0.470931  0.364851  0.482783  0.399682  0.155874  0.309556  0.340279  0.146892  0.172028  0.486806  0.257929  0.367384  0.243589  0.558918  0.337397  0.160926 0.0  0.512836  0.501019  0.460649  0.363775  0.368464  0.388446  0.371882  0.650989  0.163643  0.385959  0.483698  0.156295  0.385288  0.220873  0.082901  0.277512  0.385076  0.385015  0.102156  0.300230  0.335852  0.417103  0.383245  0.536671  0.241589  0.321779  0.387603  0.373775  0.227361  0.500868  0.416725  0.254528  0.218079  0.396105  0.394244  0.245409  0.456942  0.545973  0.559878  0.334709  0.385225  0.270777  0.186623  0.331759  0.285994  0.420020  0.354236  0.435637  0.675526  0.374793  0.539159  0.334504  0.240079  0.245695  0.489605  0.431849  0.216775  0.413137  0.380556  0.302722  0.186295  0.446106  0.082901  0.577477  0.652759  0.529499  0.182848  0.233454  0.191521  0.277825  0.473282  0.155332  0.384541  0.424784  0.360033  0.439506  0.824223  0.502836  0.350211  0.323555  0.481684  0.167561  0.382690  0.450493  0.388399  0.390008  0.344188  0.304619  0.296025  0.430112  0.217661  0.280917  0.339908  0.177803  0.612917  0.350083  0.285884  0.278339  0.256780  0.414716  0.425157  0.227426  0.100265  0.327304  0.351862  0.344506  0.238013  0.256407  0.184617  0.258752  0.495086  0.192017  0.494347  0.195536  0.495862  0.360503  0.285803  0.374238  0.381566  0.279271 
26  0.328993  0.501281  0.372964  0.238477  0.231727  0.305156  0.256843  0.176993  0.257257  0.226627  0.195012  0.150541  0.147573  0.447560  0.358457  0.165453  0.506782  0.249668  0.152099  0.295166  0.226123  0.375056  0.252796  0.360697  0.476637  0.512836 0.0  0.082901  0.082901  0.206877  0.217895  0.140226  0.163764  0.416330  0.341853  0.122859  0.276628  0.373163  0.121383  0.356837  0.477538  0.182654  0.165914  0.180391  0.417726  0.222086  0.120311  0.187839  0.219383  0.123465  0.192376  0.185536  0.262966  0.214567  0.246540  0.082901  0.193851  0.379296  0.450638  0.082901  0.227496  0.249473  0.166263  0.723457  0.272101  0.137143  0.210699  0.322665  0.306737  0.367068  0.330646  0.134838  0.296031  0.342474  0.343308  0.290669  0.150999  0.152465  0.160716  0.362869  0.132708  0.082901  0.392515  0.207967  0.215097  0.233686  0.284590  0.082901  0.562032  0.128822  0.241438  0.082901  0.329570  0.213254  0.238894  0.334955  0.160586  0.428592  0.165002  0.122419  0.316593  0.216771  0.584885  0.082901  0.083407  0.085527  0.094930  0.501293  0.255432  0.095974  0.160058  0.190887  0.144325  0.265308  0.268884  0.098599  0.441811  0.409421  0.229083  0.460723  0.309892  0.289207  0.209553  0.395235  0.350557  0.189923  0.144716  0.339136  0.469022  0.158555  0.082901  0.277692  0.203523  0.374531  0.299677  0.242467  0.228652  0.200651  0.152359  0.489113  0.094899  0.202073  0.438166  0.199279  0.082901  0.269850 
