146
0 0.0  0.239265  0.316579  0.087605  0.088521  0.250041  0.117696  0.217498  0.173791  0.246933  0.087605  0.128676  0.182594  0.323303  0.230819  0.087605  0.513893  0.302883  0.188777  0.273627  0.087605  0.185338  0.230339  0.216284  0.251192  0.347166  0.197652  0.185984  0.227158  0.164031  0.091519  0.087723  0.158343  0.396676  0.314325  0.182547  0.249376  0.163048  0.145537  0.277894  0.302298  0.087605  0.087605  0.087605  0.333231  0.087605  0.204442  0.087605  0.242515  0.294851  0.117319  0.100848  0.138776  0.321834  0.087605  0.320769  0.113687  0.211547  0.375200  0.313500  0.103831  0.106487  0.108341  0.614420  0.334658  0.104491  0.191411  0.281892  0.241302  0.169768  0.191908  0.087605  0.152778  0.102718  0.526120  0.087605  0.193272  0.087605  0.120771  0.294811  0.199587  0.282230  0.352417  0.166432  0.146862  0.157694  0.194999  0.281443  0.389822  0.274312  0.411098  0.239016  0.224032  0.218769  0.087605  0.213112  0.218814  0.340876  0.169565  0.193467  0.122921  0.281682  0.604475  0.229362  0.124356  0.228117  0.221438  0.295862  0.087605  0.124293  0.137031  0.199854  0.089990  0.188390  0.146972  0.284016  0.320066  0.179336  0.155793  0.290690  0.568599  0.101174  0.156874  0.145853  0.087605  0.087605  0.132318  0.184341  0.430881  0.152670  0.214419  0.210389  0.127448  0.193024  0.221236  0.087605  0.250866  0.101898  0.127045  0.374745  0.269473  0.087605  0.239218  0.192837  0.291094  0.186926 
1  0.239265 0.0  0.142978  0.177199  0.380903  0.230196  0.268813  0.491875  0.102658  0.582740  0.337091  0.338451  0.294272  0.144433  0.284787  0.348638  0.289748  0.184066  0.407036  0.212858  0.322052  0.159933  0.403051  0.309916  0.275819  0.273042  0.494409  0.374201  0.346670  0.327552  0.308299  0.329027  0.198586  0.503883  0.155158  0.331786  0.420361  0.169151  0.201403  0.244226  0.254618  0.210189  0.231767  0.281421  0.127986  0.341678  0.358776  0.260309  0.326529  0.489193  0.194558  0.302099  0.330797  0.500187  0.097911  0.412686  0.418072  0.239420  0.233788  0.403141  0.262486  0.252535  0.435091  0.503069  0.563795  0.223537  0.365464  0.277003  0.261941  0.250559  0.309556  0.314948  0.317340  0.150709  0.797554  0.292169  0.087605  0.227002  0.318799  0.146941  0.432446  0.377889  0.181036  0.284781  0.397330  0.318901  0.221760  0.517072  0.371185  0.479150  0.457187  0.411412  0.207868  0.138837  0.263869  0.220745  0.410510  0.087605  0.287281  0.423022  0.239077  0.447600  0.938344  0.531918  0.406400  0.446161  0.483920  0.197273  0.219225  0.220082  0.390126  0.324876  0.236688  0.314142  0.174165  0.388681  0.143747  0.116135  0.332200  0.090503  0.651235  0.326370  0.357762  0.147507  0.182611  0.419476  0.387187  0.246247  0.275584  0.321862  0.519927  0.383119  0.087605  0.326964  0.292013  0.240087  0.454714  0.291946  0.584374  0.190772  0.417058  0.226523  0.176200  0.249390  0.485280  0.132003 
2  0.316579  0.142978 0.0  0.285342  0.260594  0.152413  0.219140  0.414429  0.242702  0.477288  0.288051  0.271996  0.389271  0.264640  0.279274  0.262864  0.263005  0.222321  0.485856  0.239010  0.317725  0.087605  0.452519  0.246612  0.209958  0.184152  0.412709  0.470474  0.362467  0.134819  0.300479  0.367013  0.242129  0.413238  0.087605  0.316276  0.405340  0.161078  0.202996  0.185825  0.307122  0.177649  0.389715  0.207132  0.087605  0.320838  0.262857  0.299647  0.327618  0.475521  0.175653  0.388799  0.294560  0.487089  0.218911  0.484385  0.467795  0.213705  0.241116  0.351613  0.245319  0.310134  0.435578  0.620424  0.523874  0.196975  0.243377  0.100662  0.238308  0.358109  0.309666  0.411940  0.427267  0.178500  0.590665  0.213379  0.459698  0.252092  0.282159  0.104354  0.310962  0.516369  0.144365  0.274271  0.294357  0.435141  0.252913  0.346006  0.303557  0.453881  0.620600  0.419491  0.162602  0.223406  0.349206  0.305461  0.446949  0.154573  0.340461  0.432698  0.212863  0.400034  0.807924  0.498902  0.240516  0.377350  0.521020  0.087605  0.328388  0.297737  0.415540  0.437600  0.308413  0.319577  0.224191  0.278704  0.278531  0.202852  0.296052  0.087605  0.718526  0.236229  0.331823  0.087605  0.265268  0.345969  0.224296  0.306917  0.199722  0.314471  0.458933  0.353354  0.210054  0.200283  0.154611  0.245157  0.431402  0.164061  0.364711  0.309185  0.497080  0.236883  0.197452  0.369195  0.352295  0.219553 
3  0.087605  0.177199  0.285342 0.0  0.087605  0.246474  0.118781  0.136308  0.247050  0.215383  0.094291  0.312946  0.185271  0.223369  0.125318  0.130706  0.403454  0.274875  0.109261  0.252905  0.121426  0.225851  0.272285  0.140495  0.439141  0.328552  0.352957  0.333544  0.330282  0.182176  0.180405  0.087605  0.087605  0.359718  0.214944  0.159699  0.147229  0.331047  0.090350  0.212663  0.265313  0.195662  0.205980  0.087605  0.198452  0.102608  0.132774  0.151978  0.273691  0.176902  0.144747  0.122540  0.105009  0.326149  0.182947  0.385500  0.172403  0.206228  0.360197  0.218417  0.087605  0.087605  0.242411  0.631882  0.355883  0.087605  0.095461  0.371803  0.167891  0.254771  0.087605  0.087605  0.183571  0.158422  0.544903  0.087605  0.202935  0.087605  0.239455  0.153687  0.272837  0.219091  0.329094  0.164223  0.169582  0.087605  0.151377  0.329672  0.401293  0.320109  0.336109  0.237835  0.256184  0.137844  0.159957  0.188507  0.322850  0.247681  0.238400  0.184212  0.197756  0.171065  0.603967  0.210349  0.136377  0.156946  0.218419  0.326823  0.192971  0.127381  0.087605  0.202853  0.087605  0.150951  0.225227  0.189552  0.361421  0.087605  0.193626  0.279180  0.393054  0.087605  0.220332  0.390773  0.161326  0.211265  0.136268  0.153232  0.225219  0.249284  0.119791  0.087605  0.223181  0.168170  0.126712  0.170845  0.207678  0.239267  0.302837  0.332227  0.253588  0.183175  0.144822  0.096353  0.193602  0.122442 
4  0.088521  0.380903  0.260594  0.087605 0.0  0.145343  0.101964  0.127161  0.230851  0.243697  0.087605  0.087605  0.229756  0.297569  0.113162  0.100813  0.357558  0.139284  0.087605  0.286658  0.114715  0.343689  0.263050  0.284170  0.441448  0.371181  0.213804  0.278873  0.176297  0.087605  0.235626  0.138762  0.134102  0.529673  0.292510  0.121348  0.226102  0.244902  0.167495  0.220368  0.368382  0.231541  0.091243  0.160199  0.301176  0.087605  0.180986  0.149531  0.162237  0.260052  0.087605  0.151790  0.143000  0.285317  0.239284  0.233287  0.196518  0.250065  0.317286  0.240454  0.087605  0.152509  0.319871  0.661842  0.351631  0.087605  0.087605  0.332255  0.223874  0.258229  0.095909  0.087605  0.239610  0.260570  0.603215  0.087605  0.087605  0.114244  0.087605  0.178194  0.113762  0.087605  0.210662  0.101439  0.135350  0.087605  0.183982  0.278167  0.444514  0.395987  0.198107  0.261942  0.301344  0.144947  0.087605  0.225639  0.204035  0.374985  0.159647  0.174869  0.227101  0.209783  0.694817  0.331348  0.149379  0.184850  0.197915  0.296202  0.087605  0.089110  0.109336  0.134170  0.099596  0.226884  0.143857  0.101488  0.224746  0.087605  0.114333  0.295906  0.449702  0.131832  0.144698  0.230462  0.295402  0.087605  0.218274  0.174624  0.294349  0.224249  0.218690  0.126776  0.139501  0.137447  0.211688  0.214467  0.381720  0.250234  0.319331  0.430594  0.319230  0.222085  0.141309  0.222589  0.288361  0.181535 
5  0.250041  0.230196  0.152413  0.246474  0.145343 0.0  0.197432  0.155368  0.087605  0.348323  0.102099  0.279973  0.437189  0.132127  0.183675  0.177739  0.258146  0.247170  0.213776  0.201411  0.127002  0.219352  0.428822  0.309887  0.146789  0.121853  0.464985  0.336433  0.331139  0.281375  0.213069  0.213543  0.230092  0.456018  0.087605  0.228921  0.210729  0.168889  0.302796  0.210570  0.210976  0.190947  0.269738  0.283429  0.199046  0.140430  0.319047  0.178012  0.269175  0.450306  0.087605  0.312073  0.231679  0.342549  0.102135  0.240643  0.241279  0.131633  0.203345  0.373153  0.312252  0.167798  0.266926  0.557865  0.505299  0.091974  0.183460  0.210670  0.117545  0.105720  0.191036  0.286930  0.296609  0.101214  0.643590  0.156952  0.228205  0.118980  0.219601  0.180285  0.449770  0.326385  0.087605  0.211455  0.340973  0.198468  0.087605  0.364107  0.239686  0.369327  0.411986  0.448496  0.249028  0.199275  0.187841  0.138242  0.351793  0.205210  0.291688  0.339241  0.186566  0.199065  0.726459  0.385580  0.209116  0.412887  0.389677  0.194141  0.238320  0.178232  0.335925  0.179611  0.187174  0.134811  0.216961  0.221096  0.311498  0.189348  0.279458  0.153899  0.482530  0.108167  0.246270  0.165501  0.157715  0.286007  0.211992  0.087605  0.180071  0.238431  0.327607  0.121260  0.087605  0.087605  0.103484  0.191220  0.390182  0.208777  0.348664  0.229415  0.344922  0.260608  0.146356  0.141017  0.445231  0.174408 
6  0.117696  0.268813  0.219140  0.118781  0.101964  0.197432 0.0  0.129039  0.159135  0.173059  0.158157  0.176697  0.087605  0.346509  0.120501  0.206893  0.269150  0.387089  0.197944  0.344964  0.142067  0.381932  0.233661  0.101930  0.281563  0.409486  0.269468  0.240660  0.274016  0.118677  0.228363  0.087605  0.124629  0.417215  0.280076  0.141915  0.097454  0.245527  0.190266  0.195210  0.372201  0.180122  0.087605  0.138090  0.362102  0.087605  0.087605  0.087605  0.200498  0.371211  0.162291  0.087605  0.096053  0.147018  0.285613  0.123912  0.110345  0.217550  0.393502  0.161435  0.087605  0.087605  0.284444  0.596518  0.360351  0.087605  0.087605  0.308881  0.160833  0.338726  0.152680  0.087605  0.218720  0.087605  0.473579  0.123386  0.144964  0.104804  0.120982  0.271923  0.293294  0.156401  0.418703  0.091230  0.129436  0.137392  0.188456  0.236828  0.422772  0.390515  0.398878  0.159329  0.178800  0.262112  0.107078  0.236976  0.201853  0.300538  0.129643  0.126343  0.087605  0.253729  0.532817  0.339984  0.114625  0.149062  0.224809  0.483587  0.188655  0.087605  0.177122  0.117845  0.087605  0.147185  0.185978  0.254324  0.272437  0.097749  0.087605  0.322208  0.344471  0.112873  0.193564  0.218991  0.136610  0.163634  0.182387  0.136080  0.242289  0.180001  0.181006  0.118900  0.148474  0.194926  0.235732  0.110995  0.327317  0.184946  0.208219  0.337412  0.254994  0.087605  0.087605  0.214608  0.213179  0.266249 
7  0.217498  0.491875  0.414429  0.136308  0.127161  0.155368  0.129039 0.0  0.295582  0.213139  0.266703  0.087605  0.196963  0.476898  0.223588  0.161218  0.527338  0.344264  0.087605  0.347332  0.257404  0.314953  0.107818  0.365195  0.401165  0.676254  0.101488  0.273689  0.087605  0.302743  0.141166  0.216185  0.239081  0.431364  0.394541  0.144897  0.131485  0.463952  0.184282  0.413414  0.444952  0.235683  0.227879  0.156134  0.384128  0.185863  0.264271  0.193955  0.194437  0.218553  0.262307  0.095391  0.203728  0.119395  0.332900  0.087605  0.182171  0.388798  0.371579  0.087605  0.190137  0.191958  0.135901  0.706278  0.280461  0.243986  0.243171  0.362833  0.378621  0.343250  0.184872  0.198831  0.295983  0.111233  0.327732  0.188177  0.219020  0.241848  0.311871  0.417701  0.087605  0.087605  0.377078  0.236698  0.279095  0.178944  0.419665  0.148598  0.531705  0.162191  0.220939  0.121690  0.324855  0.361081  0.276091  0.407937  0.099283  0.476344  0.334545  0.087605  0.305025  0.087605  0.621491  0.189929  0.225177  0.087605  0.179558  0.469762  0.188561  0.144287  0.110604  0.222120  0.157252  0.240092  0.325956  0.128259  0.392580  0.333393  0.124686  0.307373  0.336968  0.203239  0.241442  0.333798  0.151068  0.145648  0.178376  0.301401  0.356936  0.281053  0.087605  0.213854  0.404715  0.365569  0.450150  0.292931  0.159775  0.364958  0.172741  0.532501  0.087605  0.193663  0.344607  0.289517  0.182307  0.238878 
8  0.173791  0.102658  0.242702  0.247050  0.230851  0.087605  0.159135  0.295582 0.0  0.281787  0.299734  0.274144  0.087605  0.206188  0.242540  0.087605  0.173753  0.183434  0.294134  0.150371  0.211701  0.249022  0.309545  0.238330  0.215422  0.210266  0.399031  0.164194  0.296558  0.211918  0.297045  0.272629  0.198016  0.473374  0.276403  0.174840  0.315997  0.087605  0.140779  0.217378  0.243455  0.132001  0.171789  0.237746  0.197088  0.141715  0.259828  0.124617  0.307499  0.237806  0.180449  0.159866  0.109456  0.354195  0.087605  0.412514  0.154289  0.205635  0.275483  0.317577  0.249214  0.166128  0.198658  0.685028  0.400867  0.250910  0.174205  0.235049  0.205410  0.200852  0.168468  0.087605  0.259064  0.087605  0.503775  0.133824  0.276331  0.195544  0.132562  0.259100  0.249411  0.352234  0.269074  0.181233  0.143444  0.150959  0.189968  0.251950  0.385659  0.307733  0.407061  0.274328  0.146457  0.198507  0.218638  0.157241  0.374161  0.248412  0.230118  0.359446  0.204816  0.342388  0.798883  0.324934  0.186298  0.220995  0.279510  0.264032  0.161673  0.203354  0.280900  0.214748  0.181069  0.087605  0.281247  0.320903  0.317149  0.147252  0.270017  0.201932  0.508084  0.216702  0.191392  0.161626  0.164578  0.087605  0.149848  0.087605  0.162128  0.240668  0.343369  0.136053  0.095258  0.238870  0.194634  0.118242  0.228381  0.163824  0.271228  0.304070  0.244795  0.101835  0.101891  0.094199  0.274257  0.134330 
9  0.246933  0.582740  0.477288  0.215383  0.243697  0.348323  0.173059  0.213139  0.281787 0.0  0.226677  0.087605  0.179392  0.472740  0.235307  0.087605  0.601028  0.364103  0.166927  0.507596  0.216752  0.387481  0.237212  0.383257  0.542605  0.497318  0.177570  0.087605  0.087605  0.305981  0.111750  0.286404  0.164166  0.428307  0.317809  0.168222  0.087605  0.409687  0.268605  0.463720  0.486354  0.296731  0.294118  0.258480  0.407088  0.186615  0.206831  0.267451  0.207609  0.245525  0.241365  0.137377  0.296316  0.099093  0.222011  0.087605  0.177740  0.413969  0.547550  0.139551  0.253972  0.284122  0.146582  0.735770  0.193460  0.276865  0.132876  0.375756  0.358310  0.324674  0.358850  0.112979  0.273336  0.298313  0.454484  0.139778  0.135561  0.278899  0.157383  0.312093  0.173546  0.087605  0.529911  0.221025  0.196671  0.221251  0.347083  0.087605  0.611192  0.295582  0.181020  0.123178  0.449197  0.371735  0.368969  0.331542  0.087605  0.410219  0.234075  0.087605  0.248202  0.200231  0.547944  0.291116  0.176860  0.222503  0.161652  0.486463  0.250145  0.359624  0.111516  0.226515  0.104004  0.211936  0.314442  0.199276  0.481614  0.442371  0.269091  0.461523  0.426959  0.286887  0.227860  0.420213  0.298227  0.193153  0.283292  0.271543  0.437283  0.164120  0.087605  0.162558  0.335435  0.360845  0.289701  0.234021  0.161111  0.523069  0.161302  0.475887  0.087605  0.151498  0.315143  0.232557  0.097214  0.268783 
10  0.087605  0.337091  0.288051  0.094291  0.087605  0.102099  0.158157  0.266703  0.299734  0.226677 0.0  0.186723  0.227605  0.235383  0.170438  0.143641  0.231352  0.209648  0.187876  0.282021  0.253692  0.237514  0.183114  0.210442  0.331484  0.372450  0.094425  0.280975  0.256327  0.087605  0.087605  0.149263  0.165536  0.611692  0.295654  0.258171  0.277818  0.244769  0.115035  0.254834  0.390553  0.234207  0.087605  0.135617  0.330501  0.087605  0.163739  0.087605  0.306466  0.311344  0.087605  0.087605  0.212343  0.235883  0.299647  0.178426  0.241525  0.270134  0.377858  0.214622  0.147910  0.115993  0.158153  0.660155  0.305570  0.087605  0.087605  0.274518  0.159743  0.244898  0.131100  0.087605  0.207455  0.108936  0.419059  0.087605  0.187570  0.101796  0.087605  0.211643  0.178108  0.226732  0.332372  0.087605  0.087605  0.121563  0.127092  0.238608  0.390089  0.351910  0.335684  0.255752  0.260440  0.203003  0.127662  0.192492  0.184415  0.246983  0.187146  0.296417  0.199306  0.238773  0.683508  0.327417  0.194254  0.209207  0.346802  0.427519  0.087605  0.099344  0.215804  0.087605  0.092940  0.096712  0.268618  0.243695  0.319141  0.265379  0.178364  0.296780  0.478857  0.141207  0.147288  0.282181  0.087605  0.221005  0.087605  0.123983  0.391262  0.176505  0.122110  0.131926  0.197967  0.087605  0.270628  0.087605  0.274544  0.171918  0.277884  0.371755  0.255378  0.087605  0.180382  0.223999  0.188465  0.109109 
11  0.128676  0.338451  0.271996  0.312946  0.087605  0.279973  0.176697  0.087605  0.274144  0.087605  0.186723 0.0  0.087605  0.319035  0.299274  0.177773  0.431233  0.333891  0.091894  0.208507  0.128387  0.271185  0.111262  0.285801  0.442960  0.410588  0.222553  0.140921  0.121731  0.310556  0.130235  0.220069  0.165653  0.357738  0.311623  0.108003  0.087605  0.417096  0.189124  0.390721  0.387697  0.399087  0.096877  0.138227  0.305056  0.165754  0.144374  0.089282  0.139561  0.213863  0.207907  0.107086  0.257795  0.200685  0.220012  0.160447  0.140370  0.314394  0.503687  0.087605  0.182306  0.263759  0.162829  0.766917  0.359672  0.104366  0.087605  0.339266  0.414233  0.358442  0.126789  0.133867  0.146546  0.276458  0.413098  0.297474  0.215909  0.213871  0.254910  0.293750  0.087605  0.213783  0.400101  0.087605  0.128267  0.136871  0.298396  0.187958  0.445796  0.157688  0.271396  0.109495  0.302806  0.366375  0.133122  0.391696  0.184022  0.332915  0.167823  0.087605  0.181562  0.231831  0.647056  0.142277  0.087605  0.137645  0.110864  0.399011  0.096632  0.264329  0.137001  0.110995  0.087605  0.157926  0.235507  0.109020  0.396481  0.325230  0.245835  0.364163  0.343246  0.213001  0.199783  0.376707  0.149020  0.239074  0.101808  0.228394  0.253696  0.121070  0.114047  0.227164  0.381771  0.296764  0.272552  0.324171  0.087605  0.289933  0.165222  0.456831  0.148508  0.098612  0.251892  0.193543  0.087605  0.265658 
12  0.182594  0.294272  0.389271  0.185271  0.229756  0.437189  0.087605  0.196963  0.087605  0.179392  0.227605  0.087605 0.0  0.480001  0.310296  0.095956  0.628648  0.355544  0.116430  0.344027  0.130387  0.441362  0.116075  0.198208  0.505417  0.404577  0.255532  0.276282  0.087605  0.179379  0.087605  0.164131  0.139071  0.385391  0.332912  0.159647  0.222284  0.455085  0.158053  0.398561  0.422845  0.249561  0.221796  0.171950  0.357358  0.243109  0.106517  0.147157  0.229944  0.170157  0.268548  0.117354  0.171406  0.109420  0.284371  0.133695  0.090478  0.271016  0.482007  0.087605  0.219012  0.137831  0.097699  0.731210  0.279551  0.231374  0.163566  0.353511  0.364574  0.364629  0.189987  0.150701  0.271151  0.218481  0.362928  0.226144  0.174301  0.109169  0.261532  0.380522  0.248149  0.087605  0.422581  0.177673  0.313802  0.202418  0.321290  0.147306  0.442684  0.163041  0.087605  0.195892  0.313768  0.264758  0.163663  0.385164  0.087605  0.279433  0.173192  0.223825  0.217397  0.180568  0.569323  0.202906  0.132744  0.121616  0.182551  0.517580  0.340623  0.114526  0.166257  0.180053  0.092722  0.314127  0.326295  0.087605  0.331649  0.310234  0.106511  0.551465  0.373879  0.206417  0.150420  0.356087  0.318316  0.201016  0.194686  0.314785  0.298564  0.235468  0.142936  0.184267  0.286292  0.413308  0.404275  0.185734  0.194887  0.254627  0.159923  0.443528  0.126279  0.135621  0.328517  0.416118  0.087605  0.351293 
13  0.323303  0.144433  0.264640  0.223369  0.297569  0.132127  0.346509  0.476898  0.206188  0.472740  0.235383  0.319035  0.480001 0.0  0.287585  0.380215  0.220890  0.212976  0.468767  0.124919  0.246626  0.128132  0.317973  0.206010  0.134792  0.174491  0.403239  0.476614  0.509614  0.285006  0.289218  0.255699  0.310038  0.509702  0.092175  0.326934  0.493496  0.090290  0.334932  0.120762  0.134025  0.282325  0.206869  0.315931  0.130711  0.328558  0.328904  0.292784  0.436519  0.488295  0.231955  0.456568  0.363492  0.399662  0.153296  0.420741  0.392980  0.237577  0.220199  0.431088  0.335056  0.289704  0.450991  0.457540  0.507609  0.321227  0.311162  0.222102  0.152178  0.090542  0.176771  0.152737  0.353335  0.280080  0.600793  0.376215  0.239449  0.219500  0.274778  0.172536  0.566747  0.427211  0.087605  0.365431  0.287547  0.245335  0.119895  0.308998  0.222751  0.471485  0.509125  0.425582  0.209539  0.180213  0.315941  0.261033  0.450171  0.188832  0.417290  0.379222  0.252878  0.443764  0.906403  0.622203  0.334853  0.324033  0.413336  0.268786  0.373845  0.266605  0.340859  0.252126  0.218530  0.268738  0.087605  0.391928  0.122031  0.213818  0.341524  0.087605  0.685263  0.326627  0.293357  0.117408  0.191406  0.303181  0.285869  0.266995  0.154233  0.267266  0.360492  0.234655  0.254674  0.326013  0.199755  0.293656  0.487745  0.166578  0.483083  0.203723  0.341563  0.290374  0.154432  0.293783  0.317891  0.289317 
14  0.230819  0.284787  0.279274  0.125318  0.113162  0.183675  0.120501  0.223588  0.242540  0.235307  0.170438  0.299274  0.310296  0.287585 0.0  0.166112  0.323645  0.171554  0.340700  0.167765  0.250594  0.137791  0.379662  0.198122  0.395166  0.238123  0.243054  0.292786  0.317576  0.167215  0.254621  0.301326  0.193103  0.441012  0.267585  0.179845  0.335231  0.157952  0.090576  0.112931  0.280323  0.087605  0.113934  0.122828  0.235724  0.123726  0.165695  0.125640  0.181525  0.208585  0.128554  0.296203  0.173712  0.404625  0.127570  0.311518  0.335420  0.182171  0.207525  0.267459  0.168985  0.087605  0.319633  0.560838  0.302280  0.087605  0.242020  0.167302  0.188007  0.238041  0.170162  0.087605  0.403813  0.087605  0.646880  0.116843  0.207696  0.192364  0.166714  0.213479  0.235746  0.315654  0.213434  0.273616  0.271692  0.195665  0.225730  0.297034  0.306876  0.368924  0.410922  0.350547  0.157234  0.087605  0.133218  0.176318  0.344930  0.266441  0.132262  0.289341  0.154409  0.413806  0.781293  0.215964  0.217210  0.235991  0.239588  0.327052  0.143188  0.167719  0.161649  0.211978  0.245164  0.087605  0.136712  0.247272  0.198253  0.130472  0.205416  0.228430  0.572720  0.124845  0.160130  0.212543  0.140111  0.087605  0.394288  0.160425  0.255807  0.245887  0.329357  0.317645  0.127801  0.200959  0.177300  0.208548  0.323610  0.087605  0.275120  0.330170  0.305563  0.121269  0.224007  0.136570  0.318218  0.087605 
15  0.087605  0.348638  0.262864  0.130706  0.100813  0.177739  0.206893  0.161218  0.087605  0.087605  0.143641  0.177773  0.095956  0.380215  0.166112 0.0  0.430055  0.365243  0.123538  0.311921  0.120942  0.209113  0.132178  0.240244  0.359954  0.369086  0.153498  0.261337  0.202147  0.208373  0.087605  0.126809  0.124401  0.361510  0.373389  0.087605  0.161011  0.424399  0.087605  0.335677  0.424235  0.227594  0.087605  0.150862  0.295454  0.215063  0.105958  0.087605  0.125334  0.287905  0.189285  0.087605  0.114460  0.195405  0.320417  0.179796  0.087605  0.278487  0.347022  0.228960  0.166890  0.192478  0.178687  0.663250  0.343271  0.087605  0.129245  0.281269  0.292021  0.266101  0.171989  0.154015  0.134753  0.224011  0.517407  0.209494  0.087605  0.180773  0.111877  0.388209  0.246308  0.165097  0.269700  0.129059  0.087605  0.184468  0.192410  0.297941  0.450283  0.184313  0.365918  0.226525  0.390425  0.355630  0.133792  0.330532  0.216283  0.335763  0.243538  0.251063  0.087605  0.281514  0.644552  0.222484  0.095150  0.170926  0.253318  0.372211  0.141256  0.126880  0.087605  0.094673  0.087605  0.199534  0.276942  0.100768  0.417283  0.316489  0.087605  0.296101  0.447504  0.087605  0.154965  0.292475  0.234498  0.126014  0.133983  0.265787  0.417106  0.200223  0.088928  0.181857  0.243556  0.300802  0.441198  0.217767  0.309503  0.092987  0.134344  0.458055  0.207952  0.178962  0.312194  0.168356  0.164813  0.231911 
16  0.513893  0.289748  0.263005  0.403454  0.357558  0.258146  0.269150  0.527338  0.173753  0.601028  0.231352  0.431233  0.628648  0.220890  0.323645  0.430055 0.0  0.261099  0.492525  0.276190  0.395308  0.276873  0.472193  0.438825  0.159749  0.087605  0.537216  0.505059  0.459887  0.418244  0.461866  0.389299  0.343017  0.665734  0.263329  0.431198  0.414204  0.110958  0.330277  0.299238  0.087605  0.329110  0.475620  0.387132  0.158927  0.447041  0.360298  0.390228  0.387137  0.490646  0.323438  0.369206  0.560024  0.500718  0.309622  0.627810  0.450401  0.323865  0.195714  0.584683  0.347992  0.508989  0.543741  0.420019  0.521101  0.266098  0.347478  0.303310  0.164608  0.285293  0.343869  0.403845  0.443836  0.220042  0.808576  0.363720  0.301069  0.406142  0.424935  0.282255  0.448033  0.482333  0.101687  0.343706  0.500358  0.380289  0.120181  0.390454  0.087605  0.679558  0.560364  0.524365  0.208561  0.241305  0.361600  0.115412  0.490309  0.278065  0.436390  0.458048  0.502413  0.577106  0.979903  0.460590  0.358695  0.466006  0.476176  0.240345  0.301486  0.462108  0.443636  0.359926  0.392406  0.283652  0.275769  0.398989  0.141306  0.132767  0.409090  0.184400  0.686123  0.338651  0.464499  0.245111  0.356867  0.451616  0.316163  0.193834  0.114500  0.202056  0.424499  0.428776  0.284312  0.284161  0.186770  0.361463  0.639301  0.271259  0.533461  0.245828  0.524965  0.364698  0.227132  0.276025  0.516262  0.478536 
17  0.302883  0.184066  0.222321  0.274875  0.139284  0.247170  0.387089  0.344264  0.183434  0.364103  0.209648  0.333891  0.355544  0.212976  0.171554  0.365243  0.261099 0.0  0.408843  0.190450  0.176809  0.285115  0.325590  0.320657  0.274877  0.175487  0.281490  0.435006  0.412344  0.266944  0.326583  0.152063  0.164960  0.637464  0.163027  0.286421  0.442375  0.087605  0.179321  0.232282  0.163609  0.160635  0.266563  0.339180  0.164937  0.291854  0.259536  0.271032  0.369059  0.412416  0.231727  0.288879  0.290540  0.433984  0.135358  0.393105  0.322383  0.087605  0.200834  0.471229  0.232310  0.309045  0.369935  0.454622  0.410101  0.234559  0.335273  0.143332  0.087605  0.087605  0.253136  0.314894  0.364337  0.107358  0.627561  0.180859  0.265687  0.218345  0.259617  0.214100  0.474861  0.308535  0.183586  0.262940  0.310338  0.315995  0.087605  0.407419  0.252331  0.475438  0.514387  0.301243  0.168064  0.325487  0.291369  0.131673  0.429880  0.283979  0.319774  0.249753  0.283287  0.395146  0.843011  0.417531  0.281248  0.468617  0.295247  0.235667  0.174085  0.256217  0.342529  0.278275  0.170652  0.185876  0.211929  0.393969  0.087605  0.175033  0.329313  0.203050  0.654508  0.271293  0.163216  0.134043  0.264040  0.293632  0.204598  0.171059  0.203687  0.303140  0.338875  0.254843  0.090591  0.097905  0.127392  0.241028  0.439419  0.176390  0.394159  0.281398  0.248204  0.323145  0.118150  0.212011  0.391659  0.191066 
18  0.188777  0.407036  0.485856  0.109261  0.087605  0.213776  0.197944  0.087605  0.294134  0.166927  0.187876  0.091894  0.116430  0.468767  0.340700  0.123538  0.492525  0.408843 0.0  0.238853  0.193416  0.417957  0.102059  0.194011  0.429810  0.434925  0.232941  0.191188  0.135759  0.225922  0.154016  0.180763  0.087605  0.471452  0.377052  0.185321  0.165155  0.406711  0.092548  0.424342  0.464952  0.341854  0.183014  0.244154  0.485050  0.205336  0.179765  0.228564  0.115630  0.144927  0.242635  0.117130  0.207707  0.087605  0.250321  0.118606  0.216241  0.352412  0.410280  0.194456  0.227166  0.206741  0.088929  0.654477  0.339897  0.199712  0.215399  0.422839  0.451445  0.382233  0.201419  0.277181  0.248840  0.449696  0.427255  0.133253  0.229906  0.129532  0.171288  0.299649  0.087605  0.087605  0.403486  0.259069  0.188894  0.210684  0.353434  0.191586  0.522602  0.229645  0.271401  0.176479  0.331675  0.279952  0.182397  0.220595  0.141286  0.428641  0.220211  0.130501  0.317803  0.110479  0.599265  0.122870  0.108176  0.207224  0.123129  0.443838  0.139079  0.270453  0.095275  0.196205  0.283978  0.325394  0.316365  0.087605  0.412218  0.393225  0.231124  0.351822  0.312776  0.303056  0.195606  0.417414  0.364756  0.108707  0.153431  0.402505  0.382474  0.243387  0.142001  0.277055  0.364860  0.349585  0.393960  0.286880  0.114144  0.315173  0.097882  0.560038  0.096699  0.165652  0.398723  0.267430  0.115309  0.353837 
19  0.273627  0.212858  0.239010  0.252905  0.286658  0.201411  0.344964  0.347332  0.150371  0.507596  0.282021  0.208507  0.344027  0.124919  0.167765  0.311921  0.276190  0.190450  0.238853 0.0  0.194927  0.261995  0.280874  0.181191  0.269912  0.171014  0.443219  0.282290  0.385775  0.276670  0.439056  0.229520  0.321462  0.479924  0.193209  0.213099  0.292283  0.087963  0.262724  0.210668  0.224181  0.087605  0.266094  0.099893  0.203280  0.310661  0.234025  0.151340  0.401249  0.200259  0.254440  0.334401  0.093296  0.271606  0.087605  0.367281  0.315652  0.087605  0.087605  0.349836  0.257826  0.233330  0.399975  0.561044  0.486385  0.221189  0.178586  0.162783  0.087605  0.093769  0.146566  0.270045  0.292757  0.114836  0.611059  0.202918  0.175728  0.273705  0.293111  0.186654  0.310441  0.337259  0.193261  0.170995  0.227315  0.247325  0.114053  0.409207  0.330507  0.522541  0.519749  0.378982  0.123029  0.087605  0.256429  0.087605  0.424023  0.198041  0.345845  0.300843  0.242803  0.343135  0.851500  0.437301  0.269855  0.318273  0.356645  0.391275  0.234330  0.162777  0.130521  0.187198  0.210166  0.212871  0.087605  0.313062  0.126938  0.087605  0.177345  0.092223  0.472998  0.224036  0.260815  0.087605  0.242965  0.153112  0.193251  0.155243  0.281780  0.251426  0.312476  0.097144  0.087605  0.121747  0.087605  0.224501  0.398939  0.151468  0.403499  0.318273  0.336747  0.260218  0.209719  0.310644  0.292247  0.296205 
20  0.087605  0.322052  0.317725  0.121426  0.114715  0.127002  0.142067  0.257404  0.211701  0.216752  0.253692  0.128387  0.130387  0.246626  0.250594  0.120942  0.395308  0.176809  0.193416  0.194927 0.0  0.263402  0.153599  0.169345  0.447973  0.347294  0.272741  0.246606  0.147904  0.161991  0.238210  0.176145  0.096472  0.458706  0.262807  0.243043  0.159073  0.409780  0.199733  0.305863  0.375101  0.152577  0.087605  0.145522  0.310956  0.087605  0.279738  0.094587  0.219733  0.192563  0.163015  0.118412  0.169918  0.182600  0.181322  0.270102  0.114107  0.246491  0.395480  0.176603  0.160085  0.119057  0.269351  0.760187  0.390417  0.087605  0.185235  0.156230  0.157304  0.190819  0.144840  0.158594  0.238248  0.166805  0.465017  0.154948  0.185544  0.133265  0.087605  0.244185  0.165680  0.250238  0.349475  0.150325  0.104750  0.171755  0.185268  0.215764  0.395497  0.262112  0.318193  0.290452  0.184777  0.184171  0.087605  0.261096  0.286940  0.338854  0.087605  0.228688  0.201377  0.257866  0.768710  0.155682  0.120123  0.299359  0.087605  0.345926  0.098886  0.213946  0.162514  0.087605  0.092182  0.087605  0.248706  0.087605  0.204692  0.239300  0.124087  0.356245  0.452173  0.116814  0.128033  0.302941  0.087605  0.094318  0.122844  0.262147  0.225145  0.195216  0.218907  0.111654  0.246845  0.166439  0.122495  0.087605  0.445566  0.167399  0.209781  0.274568  0.154869  0.087605  0.199258  0.178273  0.229381  0.186723 
21  0.185338  0.159933  0.087605  0.225851  0.343689  0.219352  0.381932  0.314953  0.249022  0.387481  0.237514  0.271185  0.441362  0.128132  0.137791  0.209113  0.276873  0.285115  0.417957  0.261995  0.263402 0.0  0.291606  0.189313  0.257804  0.220194  0.322360  0.367713  0.404260  0.274287  0.296519  0.224820  0.371933  0.551511  0.131197  0.355355  0.351752  0.167740  0.278512  0.277535  0.192918  0.331844  0.298829  0.232912  0.158355  0.240419  0.344550  0.235850  0.380581  0.367141  0.282656  0.400633  0.326619  0.406012  0.262928  0.400048  0.285847  0.207976  0.109380  0.208862  0.103257  0.278111  0.439277  0.556777  0.540962  0.161641  0.338102  0.087605  0.203158  0.191992  0.318176  0.205002  0.305283  0.233848  0.609915  0.238597  0.290327  0.258316  0.256371  0.087605  0.413081  0.362287  0.221366  0.279488  0.241067  0.195078  0.194000  0.503830  0.320447  0.491844  0.391924  0.392795  0.143540  0.165715  0.241934  0.087605  0.376009  0.087605  0.373428  0.268752  0.205452  0.402123  0.821712  0.421412  0.226571  0.337335  0.300773  0.156161  0.238189  0.239655  0.318357  0.230777  0.269414  0.203307  0.141559  0.184628  0.261435  0.139636  0.291618  0.116186  0.665154  0.233331  0.340294  0.235116  0.238716  0.260597  0.205445  0.087605  0.102734  0.224601  0.367040  0.197094  0.200001  0.329631  0.157814  0.170100  0.459550  0.223236  0.477177  0.323873  0.412762  0.284250  0.162366  0.195958  0.367620  0.159641 
22  0.230339  0.403051  0.452519  0.272285  0.263050  0.428822  0.233661  0.107818  0.309545  0.237212  0.183114  0.111262  0.116075  0.317973  0.379662  0.132178  0.472193  0.325590  0.102059  0.280874  0.153599  0.291606 0.0  0.300108  0.605279  0.557076  0.134879  0.087605  0.087605  0.219271  0.095528  0.189471  0.108526  0.437459  0.474727  0.109255  0.162840  0.510376  0.151608  0.398511  0.397281  0.325760  0.137003  0.155939  0.425691  0.173056  0.145117  0.216977  0.285265  0.257170  0.165643  0.163734  0.165134  0.091819  0.324615  0.087605  0.095000  0.265022  0.445977  0.151258  0.255384  0.232751  0.134473  0.719893  0.229708  0.231698  0.229968  0.442731  0.367198  0.439840  0.279871  0.303420  0.290441  0.340228  0.426431  0.276584  0.116468  0.176834  0.271579  0.360897  0.184133  0.130564  0.413742  0.175401  0.260889  0.314491  0.278589  0.118048  0.443440  0.267358  0.226856  0.151603  0.353123  0.388523  0.285153  0.324796  0.095134  0.428087  0.238393  0.107865  0.215340  0.087605  0.440579  0.171611  0.307806  0.121304  0.087605  0.414317  0.212597  0.188342  0.229932  0.212561  0.175874  0.366881  0.309587  0.166431  0.378096  0.306879  0.087605  0.410124  0.306444  0.282748  0.130554  0.416451  0.292799  0.112076  0.277237  0.366199  0.361308  0.174185  0.132970  0.223316  0.311710  0.380372  0.340037  0.269101  0.147670  0.166329  0.129710  0.596714  0.183806  0.231852  0.437116  0.300660  0.087605  0.289589 
23  0.216284  0.309916  0.246612  0.140495  0.284170  0.309887  0.101930  0.365195  0.238330  0.383257  0.210442  0.285801  0.198208  0.206010  0.198122  0.240244  0.438825  0.320657  0.194011  0.181191  0.169345  0.189313  0.300108 0.0  0.258070  0.251911  0.272049  0.308477  0.341956  0.287562  0.229865  0.205719  0.220442  0.545116  0.211809  0.216984  0.418280  0.263541  0.176175  0.155179  0.210591  0.207643  0.173279  0.180130  0.260635  0.178302  0.172979  0.166758  0.087605  0.312724  0.203907  0.191786  0.242037  0.361883  0.343228  0.305736  0.244570  0.153884  0.304359  0.329897  0.184007  0.169625  0.316052  0.599331  0.406753  0.179349  0.170452  0.225952  0.217343  0.339713  0.224421  0.246713  0.246141  0.274431  0.562191  0.103786  0.257171  0.139145  0.170063  0.184400  0.261373  0.257530  0.221169  0.297765  0.215736  0.160609  0.336635  0.244276  0.441795  0.360157  0.435249  0.304021  0.234436  0.112830  0.282684  0.241847  0.313871  0.087605  0.111300  0.320630  0.168933  0.321162  0.711939  0.359228  0.241731  0.230318  0.255492  0.210326  0.190539  0.172315  0.263141  0.208925  0.338376  0.180292  0.087605  0.265960  0.261064  0.308547  0.213632  0.271246  0.452867  0.175051  0.364647  0.315206  0.236782  0.247035  0.090865  0.317033  0.263667  0.174564  0.284555  0.087605  0.156381  0.284691  0.388869  0.127002  0.271064  0.087605  0.245758  0.460082  0.245874  0.236669  0.258330  0.163059  0.334258  0.100986 
24  0.251192  0.275819  0.209958  0.439141  0.441448  0.146789  0.281563  0.401165  0.215422  0.542605  0.331484  0.442960  0.505417  0.134792  0.395166  0.359954  0.159749  0.274877  0.429810  0.269912  0.447973  0.257804  0.605279  0.258070 0.0  0.087605  0.387377  0.477130  0.434279  0.354723  0.340907  0.422691  0.345688  0.578999  0.087605  0.409636  0.553064  0.148594  0.411558  0.105516  0.125341  0.225567  0.367762  0.368220  0.254977  0.375374  0.490874  0.370406  0.442213  0.522449  0.353396  0.451827  0.354814  0.532690  0.191997  0.545570  0.406755  0.237638  0.155017  0.469045  0.251892  0.244870  0.452897  0.392438  0.575950  0.351670  0.416736  0.199852  0.295084  0.193043  0.391553  0.369088  0.469147  0.281184  0.799141  0.323499  0.369033  0.381416  0.366005  0.200043  0.427976  0.430130  0.087605  0.348629  0.351122  0.475683  0.243964  0.534450  0.151331  0.589246  0.696085  0.483832  0.337620  0.251224  0.381631  0.260765  0.403478  0.227078  0.420394  0.510448  0.448572  0.540051  0.834043  0.489865  0.414384  0.499703  0.369026  0.155540  0.423754  0.370530  0.386539  0.380283  0.529223  0.343703  0.276378  0.407879  0.128464  0.284085  0.386286  0.226069  0.680857  0.313969  0.330713  0.197630  0.362048  0.471836  0.367545  0.265541  0.160325  0.377175  0.515387  0.496744  0.305476  0.206648  0.152220  0.286790  0.503583  0.206300  0.510676  0.125984  0.543291  0.312719  0.275465  0.329105  0.520778  0.283461 
25  0.347166  0.273042  0.184152  0.328552  0.371181  0.121853  0.409486  0.676254  0.210266  0.497318  0.372450  0.410588  0.404577  0.174491  0.238123  0.369086  0.087605  0.175487  0.434925  0.171014  0.347294  0.220194  0.557076  0.251911  0.087605 0.0  0.432600  0.563978  0.432709  0.289987  0.445055  0.348811  0.399949  0.691980  0.185976  0.497277  0.397517  0.149434  0.417495  0.114864  0.116181  0.222413  0.399450  0.266111  0.203710  0.325081  0.430512  0.381079  0.373269  0.382902  0.312778  0.419040  0.361327  0.401822  0.277834  0.400388  0.396263  0.228202  0.199339  0.474013  0.215874  0.326282  0.408161  0.546219  0.512070  0.419184  0.308674  0.230752  0.313538  0.150709  0.259120  0.323176  0.445140  0.416112  0.730295  0.237691  0.297650  0.242656  0.216701  0.169501  0.547429  0.474308  0.108034  0.405770  0.423370  0.395227  0.195757  0.391192  0.284978  0.654868  0.617266  0.457056  0.265327  0.128144  0.432659  0.149953  0.508696  0.196203  0.368430  0.340445  0.418692  0.479101  1.000000  0.478329  0.479823  0.398590  0.434994  0.192161  0.348044  0.327613  0.379966  0.379441  0.382127  0.251523  0.238380  0.404422  0.113691  0.136841  0.337911  0.117338  0.821760  0.290725  0.276385  0.120097  0.293652  0.234536  0.194472  0.159523  0.262875  0.242153  0.430901  0.335115  0.247314  0.252071  0.210269  0.215857  0.522611  0.294200  0.467241  0.240634  0.456527  0.394882  0.170316  0.201700  0.405478  0.318962 
26  0.197652  0.494409  0.412709  0.352957  0.213804  0.464985  0.269468  0.101488  0.399031  0.177570  0.094425  0.222553  0.255532  0.403239  0.243054  0.153498  0.537216  0.281490  0.232941  0.443219  0.272741  0.322360  0.134879  0.272049  0.387377  0.432600 0.0  0.142955  0.117647  0.216539  0.126242  0.108737  0.258807  0.324650  0.483998  0.179334  0.087605  0.500611  0.244340  0.435575  0.519350  0.377921  0.314625  0.325272  0.415118  0.197099  0.132665  0.263461  0.087605  0.267052  0.241205  0.192336  0.271591  0.087605  0.430912  0.186717  0.114245  0.317198  0.508996  0.096434  0.285468  0.164980  0.138394  0.795761  0.269790  0.344517  0.285947  0.504189  0.447140  0.419392  0.233548  0.301620  0.230982  0.262330  0.365210  0.177926  0.219523  0.139990  0.174958  0.422203  0.087605  0.087605  0.448792  0.171621  0.277550  0.244511  0.491067  0.104059  0.388993  0.256407  0.220104  0.087605  0.207227  0.290541  0.323400  0.233718  0.087605  0.430461  0.252400  0.088525  0.253127  0.166132  0.524120  0.135298  0.196030  0.128315  0.117287  0.398415  0.249331  0.241984  0.167285  0.147398  0.218121  0.154747  0.371857  0.133581  0.383839  0.278579  0.321984  0.424425  0.282479  0.172155  0.211715  0.431699  0.306798  0.260070  0.289105  0.379965  0.377630  0.170366  0.117984  0.213391  0.299502  0.360219  0.275124  0.256737  0.239909  0.241747  0.087605  0.471856  0.100537  0.175597  0.425163  0.232988  0.187940  0.282083 
