61
0 0.0  0.495524  0.659718  0.720653  0.712609  0.712229  0.553502  0.604522  0.535263  0.589890  0.656010  0.521426  0.520593  0.580280  0.682511  0.686694  0.617572  0.561479  0.576237  0.591883  0.742480  0.665295  0.615438  0.705585  0.657784  0.533529  0.690301  0.591352  0.729286  0.682617  0.616215  0.629593  0.512282  0.704094  0.644554  0.540816  0.575667  0.733040  0.621328  0.627567  0.465218  0.590239  0.631758  0.709550  0.574039  0.725020  0.549608  0.676534  0.767888  0.600587  0.571504  0.509098  0.605774  0.638066  0.645628  0.526082  0.635978  0.622311  0.627509  0.524363  0.702676 
1  0.495524 0.0  0.622726  0.562845  0.600342  0.554291  0.554906  0.591825  0.525791  0.561655  0.616882  0.463483  0.600625  0.646761  0.616477  0.528837  0.506903  0.524144  0.618743  0.488674  0.547636  0.400774  0.485959  0.542182  0.538569  0.554936  0.529571  0.479188  0.528605  0.483825  0.521309  0.454534  0.383039  0.554456  0.455513  0.457164  0.487231  0.558105  0.552713  0.516279  0.565380  0.524494  0.508151  0.515061  0.538367  0.534331  0.528585  0.517071  0.571908  0.620238  0.592671  0.597751  0.428190  0.509988  0.550899  0.517971  0.492977  0.511963  0.634059  0.561610  0.520523 
2  0.659718  0.622726 0.0  0.153884  0.278341  0.447754  0.790977  0.872060  0.805552  1.000000  0.693695  0.725991  0.781357  0.836894  0.757810  0.460863  0.397790  0.766713  0.877903  0.848427  0.471046  0.373797  0.525888  0.300059  0.715442  0.668222  0.451707  0.723836  0.314959  0.217677  0.352613  0.719370  0.530242  0.245414  0.402999  0.678185  0.820670  0.299270  0.494934  0.510826  0.702514  0.798730  0.700836  0.330471  0.813133  0.447708  0.879562  0.371781  0.451110  0.910606  0.677446  0.722430  0.721754  0.526261  0.314219  0.767673  0.463108  0.521482  0.810999  0.815750  0.613064 
3  0.720653  0.562845  0.153884 0.0  0.282201  0.373815  0.824850  0.671176  0.791013  0.758972  0.732315  0.825546  0.732893  0.765957  0.721247  0.416037  0.436157  0.704453  0.900081  0.735172  0.338158  0.388295  0.579282  0.498595  0.731096  0.556530  0.388209  0.733771  0.424792  0.342537  0.368461  0.780376  0.579257  0.258721  0.395839  0.814832  0.825799  0.375806  0.613736  0.517954  0.706007  0.747722  0.703755  0.359726  0.678731  0.264268  0.788921  0.388652  0.339380  0.753407  0.838442  0.716749  0.814266  0.589589  0.391142  0.678386  0.400158  0.520202  0.783308  0.757472  0.520383 
4  0.712609  0.600342  0.278341  0.282201 0.0  0.426547  0.662782  0.739005  0.828768  0.834417  0.781608  0.753082  0.775695  0.806416  0.841519  0.276523  0.292171  0.687433  0.732556  0.748205  0.425856  0.331564  0.637516  0.261537  0.678886  0.717354  0.329329  0.675740  0.171143  0.359151  0.196173  0.743981  0.491912  0.197072  0.308940  0.703787  0.860100  0.285393  0.454392  0.486111  0.764425  0.918257  0.621079  0.307429  0.654843  0.301010  0.725031  0.297677  0.274025  0.783854  0.657710  0.780692  0.758642  0.456681  0.343390  0.638273  0.238657  0.457895  0.908102  0.764439  0.546521 
5  0.712229  0.554291  0.447754  0.373815  0.426547 0.0  0.757540  0.791057  0.837425  0.859097  0.661356  0.737697  0.700334  0.784551  0.818324  0.361397  0.387810  0.784153  0.760179  0.823556  0.211086  0.255791  0.546688  0.350748  0.620554  0.757865  0.379395  0.835667  0.296305  0.343262  0.360909  0.857905  0.425601  0.337914  0.322402  0.733262  0.828371  0.247693  0.560742  0.574877  0.681843  0.786755  0.592283  0.207774  0.679102  0.432921  0.660363  0.137504  0.336929  0.828434  0.685204  0.713285  0.731508  0.556779  0.218561  0.699498  0.454084  0.559933  0.673627  0.795585  0.602340 
6  0.553502  0.554906  0.790977  0.824850  0.662782  0.757540 0.0  0.529275  0.093441  0.607772  0.686227  0.617358  0.606209  0.598669  0.316872  0.811521  0.666718  0.719966  0.185958  0.639870  0.810895  0.823273  0.539054  0.742664  0.591379  0.567399  0.784684  0.600026  0.798589  0.838323  0.681122  0.651955  0.753275  0.748599  0.763293  0.638637  0.645777  0.814766  0.730765  0.859454  0.690839  0.562313  0.613909  0.784763  0.631433  0.840375  0.678506  0.722901  0.776299  0.609505  0.720801  0.553758  0.624648  0.745118  0.767678  0.677261  0.775062  0.751498  0.155131  0.172849  0.768055 
7  0.604522  0.591825  0.872060  0.671176  0.739005  0.791057  0.529275 0.0  0.595402  0.731842  0.447601  0.647319  0.639684  0.680040  0.700795  0.754263  0.825351  0.561074  0.697822  0.633281  0.646128  0.691747  0.631337  0.731867  0.606848  0.516765  0.761933  0.173479  0.793874  0.804825  0.762192  0.552223  0.473992  0.734705  0.643562  0.349388  0.655276  0.715946  0.653525  0.582028  0.465597  0.580774  0.355629  0.724212  0.242858  0.723395  0.168434  0.756509  0.774764  0.631424  0.514725  0.553254  0.649665  0.727434  0.699266  0.329266  0.665566  0.605489  0.694569  0.618014  0.691197 
8  0.535263  0.525791  0.805552  0.791013  0.828768  0.837425  0.093441  0.595402 0.0  0.685938  0.638336  0.538010  0.599980  0.560517  0.220350  0.775663  0.787139  0.586710  0.189971  0.531001  0.755221  0.633976  0.733165  0.671924  0.734435  0.562429  0.812762  0.673443  0.738427  0.786186  0.657486  0.621134  0.655730  0.775713  0.703012  0.647921  0.535416  0.737796  0.690085  0.745255  0.630894  0.588040  0.692823  0.761571  0.642408  0.906840  0.617920  0.815605  0.823761  0.480873  0.679335  0.544628  0.618881  0.706480  0.731262  0.623585  0.742449  0.732082  0.206880  0.084850  0.800672 
9  0.589890  0.561655  1.000000  0.758972  0.834417  0.859097  0.607772  0.731842  0.685938 0.0  0.671963  0.693213  0.646152  0.190572  0.569441  0.738110  0.882448  0.673735  0.562898  0.311021  0.817397  0.791168  0.591932  0.820906  0.635874  0.675410  0.822575  0.724747  0.834250  0.726915  0.721644  0.686558  0.723503  0.855508  0.784519  0.619358  0.219541  0.770847  0.769952  0.804138  0.293372  0.179093  0.600077  0.789799  0.633412  0.755639  0.713958  0.879023  0.829036  0.196318  0.720649  0.379166  0.746111  0.748204  0.750410  0.684817  0.805671  0.816768  0.593751  0.631049  0.736608 
10  0.656010  0.616882  0.693695  0.732315  0.781608  0.661356  0.686227  0.447601  0.638336  0.671963 0.0  0.689934  0.514870  0.731544  0.707623  0.739330  0.715831  0.660096  0.693257  0.583921  0.654515  0.723206  0.640351  0.706603  0.608241  0.537431  0.725702  0.335569  0.744220  0.629383  0.786612  0.659395  0.695396  0.693967  0.734201  0.242997  0.633635  0.738391  0.711766  0.603441  0.613017  0.682803  0.351400  0.664956  0.497260  0.729330  0.463286  0.750868  0.782199  0.859050  0.276283  0.640473  0.650860  0.684860  0.794054  0.359131  0.736438  0.806741  0.641724  0.742210  0.777369 
11  0.521426  0.463483  0.725991  0.825546  0.753082  0.737697  0.617358  0.647319  0.538010  0.693213  0.689934 0.0  0.421744  0.693703  0.635477  0.761068  0.742094  0.151747  0.672913  0.711604  0.799386  0.789613  0.768949  0.842377  0.626684  0.549108  0.708582  0.716401  0.766175  0.689089  0.736969  0.232281  0.607148  0.830765  0.655865  0.580370  0.678497  0.777393  0.793772  0.749424  0.563766  0.718298  0.698724  0.718732  0.643166  0.754129  0.653639  0.814420  0.785796  0.613795  0.704314  0.681981  0.085260  0.714273  0.681605  0.563348  0.732206  0.744046  0.656756  0.647630  0.737710 
12  0.520593  0.600625  0.781357  0.732893  0.775695  0.700334  0.606209  0.639684  0.599980  0.646152  0.514870  0.421744 0.0  0.540605  0.724227  0.696649  0.804908  0.485781  0.524071  0.423538  0.750720  0.725790  0.685568  0.765976  0.620923  0.662537  0.745801  0.556627  0.726572  0.766265  0.822970  0.389029  0.633496  0.761158  0.695522  0.442840  0.625580  0.717730  0.712554  0.715039  0.640949  0.591034  0.621316  0.728609  0.696167  0.793060  0.604865  0.688713  0.764760  0.581878  0.479468  0.654885  0.281572  0.740192  0.708028  0.673296  0.705078  0.599288  0.653831  0.652381  0.636480 
13  0.580280  0.646761  0.836894  0.765957  0.806416  0.784551  0.598669  0.680040  0.560517  0.190572  0.731544  0.693703  0.540605 0.0  0.626917  0.760545  0.730155  0.686219  0.680460  0.160354  0.862624  0.801653  0.722386  0.835669  0.626729  0.695700  0.813389  0.608775  0.800481  0.743731  0.725976  0.690806  0.782089  0.718784  0.762517  0.600413  0.233464  0.795151  0.716729  0.806355  0.189923  0.153869  0.575405  0.766931  0.743916  0.833004  0.745655  0.731485  0.788033  0.167852  0.646730  0.256634  0.647656  0.841595  0.707034  0.579728  0.761903  0.792622  0.631934  0.526435  0.721291 
14  0.682511  0.616477  0.757810  0.721247  0.841519  0.818324  0.316872  0.700795  0.220350  0.569441  0.707623  0.635477  0.724227  0.626917 0.0  0.782898  0.775802  0.653099  0.125979  0.615106  0.697082  0.746380  0.675395  0.798314  0.584615  0.664968  0.845936  0.713635  0.738420  0.756193  0.851546  0.691725  0.749510  0.886759  0.776967  0.650169  0.677462  0.736000  0.713707  0.884513  0.563942  0.649086  0.623440  0.723171  0.668709  0.700194  0.708925  0.708220  0.797112  0.650570  0.650505  0.680279  0.681181  0.692520  0.741065  0.641052  0.780928  0.689593  0.318971  0.234942  0.735245 
15  0.686694  0.528837  0.460863  0.416037  0.276523  0.361397  0.811521  0.754263  0.775663  0.738110  0.739330  0.761068  0.696649  0.760545  0.782898 0.0  0.291021  0.852273  0.804297  0.777252  0.428636  0.375384  0.508307  0.359759  0.653046  0.715206  0.250257  0.674699  0.383264  0.385238  0.420595  0.772582  0.554824  0.450187  0.244777  0.700663  0.784085  0.256352  0.424916  0.524712  0.752900  0.718685  0.681513  0.362806  0.745663  0.173228  0.658609  0.377189  0.350151  0.796960  0.702225  0.775850  0.758065  0.556556  0.363364  0.625018  0.244407  0.477839  0.655008  0.707165  0.525405 
16  0.617572  0.506903  0.397790  0.436157  0.292171  0.387810  0.666718  0.825351  0.787139  0.882448  0.715831  0.742094  0.804908  0.730155  0.775802  0.291021 0.0  0.753907  0.821172  0.826231  0.405755  0.383839  0.593135  0.300398  0.743090  0.652687  0.246111  0.681348  0.322749  0.301303  0.406778  0.845173  0.454097  0.400397  0.183653  0.710168  0.786735  0.312777  0.574467  0.474067  0.742194  0.889589  0.645803  0.337219  0.664304  0.374648  0.771522  0.407019  0.246204  0.734506  0.613611  0.798465  0.760729  0.720594  0.360626  0.598221  0.162549  0.459093  0.793987  0.796860  0.443716 
17  0.561479  0.524144  0.766713  0.704453  0.687433  0.784153  0.719966  0.561074  0.586710  0.673735  0.660096  0.151747  0.485781  0.686219  0.653099  0.852273  0.753907 0.0  0.694968  0.602176  0.874958  0.751685  0.690728  0.676072  0.641387  0.668927  0.785572  0.650258  0.720339  0.771290  0.697394  0.226687  0.806601  0.817415  0.773478  0.641766  0.709336  0.702271  0.646842  0.800291  0.648503  0.707620  0.600446  0.750195  0.752075  0.806978  0.585800  0.704811  0.717054  0.605794  0.653077  0.683588  0.318130  0.802214  0.650028  0.662905  0.776548  0.828282  0.668567  0.720324  0.781954 
18  0.576237  0.618743  0.877903  0.900081  0.732556  0.760179  0.185958  0.697822  0.189971  0.562898  0.693257  0.672913  0.524071  0.680460  0.125979  0.804297  0.821172  0.694968 0.0  0.637865  0.752928  0.661124  0.647376  0.678204  0.572891  0.598609  0.846309  0.736055  0.721348  0.789267  0.784186  0.645204  0.760125  0.807360  0.762901  0.610654  0.696608  0.752895  0.665546  0.798916  0.772134  0.637587  0.675080  0.916527  0.669775  0.801278  0.634763  0.762448  0.854140  0.599204  0.599818  0.618996  0.652777  0.649145  0.889900  0.633570  0.780911  0.673225  0.367904  0.284328  0.663931 
19  0.591883  0.488674  0.848427  0.735172  0.748205  0.823556  0.639870  0.633281  0.531001  0.311021  0.583921  0.711604  0.423538  0.160354  0.615106  0.777252  0.826231  0.602176  0.637865 0.0  0.830239  0.787677  0.696235  0.664801  0.493822  0.635918  0.803458  0.682117  0.845956  0.883853  0.718065  0.678721  0.675634  0.756267  0.726824  0.680434  0.244666  0.796305  0.668021  0.620279  0.286104  0.306718  0.659891  0.799088  0.671779  0.734982  0.563656  0.778911  0.844879  0.174094  0.677747  0.325710  0.662799  0.663041  0.744870  0.570484  0.767571  0.813546  0.705875  0.468143  0.694389 
20  0.742480  0.547636  0.471046  0.338158  0.425856  0.211086  0.810895  0.646128  0.755221  0.817397  0.654515  0.799386  0.750720  0.862624  0.697082  0.428636  0.405755  0.874958  0.752928  0.830239 0.0  0.301598  0.648034  0.403964  0.611279  0.659230  0.390994  0.729857  0.345826  0.297329  0.360522  0.810898  0.502769  0.379008  0.365066  0.844427  0.816405  0.349208  0.598186  0.469471  0.748349  0.842558  0.691815  0.271983  0.738512  0.396765  0.843062  0.293749  0.350271  0.804019  0.705790  0.825572  0.846424  0.576936  0.239438  0.679739  0.386213  0.532711  0.688943  0.820440  0.634400 
21  0.665295  0.400774  0.373797  0.388295  0.331564  0.255791  0.823273  0.691747  0.633976  0.791168  0.723206  0.789613  0.725790  0.801653  0.746380  0.375384  0.383839  0.751685  0.661124  0.787677  0.301598 0.0  0.517935  0.279337  0.634099  0.577002  0.318001  0.655097  0.338083  0.268152  0.284360  0.768229  0.520685  0.424377  0.395868  0.793403  0.853839  0.257814  0.522140  0.464903  0.823502  0.742312  0.581532  0.292225  0.714440  0.429630  0.733780  0.259040  0.281711  0.812343  0.780783  0.728793  0.754703  0.545144  0.186308  0.653959  0.454163  0.519250  0.732209  0.805692  0.485983 
22  0.615438  0.485959  0.525888  0.579282  0.637516  0.546688  0.539054  0.631337  0.733165  0.591932  0.640351  0.768949  0.685568  0.722386  0.675395  0.508307  0.593135  0.690728  0.647376  0.696235  0.648034  0.517935 0.0  0.572679  0.669138  0.630805  0.641912  0.696123  0.554580  0.540805  0.509088  0.676131  0.462640  0.525953  0.614916  0.650734  0.657891  0.496836  0.239417  0.334014  0.616917  0.760213  0.643515  0.596077  0.633973  0.608863  0.568184  0.553063  0.416122  0.735066  0.624956  0.750019  0.745001  0.254903  0.526396  0.685348  0.570485  0.431248  0.697817  0.628691  0.159572 
23  0.705585  0.542182  0.300059  0.498595  0.261537  0.350748  0.742664  0.731867  0.671924  0.820906  0.706603  0.842377  0.765976  0.835669  0.798314  0.359759  0.300398  0.676072  0.678204  0.664801  0.403964  0.279337  0.572679 0.0  0.714707  0.529447  0.301892  0.684646  0.361409  0.230156  0.274519  0.862245  0.502690  0.358524  0.285924  0.727162  0.772332  0.186637  0.421113  0.542772  0.707602  0.726558  0.594401  0.284097  0.767707  0.289372  0.712590  0.369486  0.278795  0.755763  0.746004  0.746830  0.729244  0.562434  0.326964  0.674788  0.322568  0.466224  0.731840  0.699644  0.480472 
24  0.657784  0.538569  0.715442  0.731096  0.678886  0.620554  0.591379  0.606848  0.734435  0.635874  0.608241  0.626684  0.620923  0.626729  0.584615  0.653046  0.743090  0.641387  0.572891  0.493822  0.611279  0.634099  0.669138  0.714707 0.0  0.143197  0.717315  0.604265  0.677297  0.779403  0.665308  0.607960  0.585374  0.774419  0.700490  0.537889  0.584925  0.603225  0.655079  0.606587  0.645973  0.678233  0.555886  0.618530  0.559032  0.695800  0.652237  0.640152  0.666640  0.673446  0.533239  0.529304  0.612004  0.505638  0.632962  0.572008  0.652107  0.674469  0.599640  0.629097  0.644465 
25  0.533529  0.554936  0.668222  0.556530  0.717354  0.757865  0.567399  0.516765  0.562429  0.675410  0.537431  0.549108  0.662537  0.695700  0.664968  0.715206  0.652687  0.668927  0.598609  0.635918  0.659230  0.577002  0.630805  0.529447  0.143197 0.0  0.664135  0.641763  0.639293  0.601922  0.656618  0.590084  0.604114  0.723595  0.544169  0.496096  0.601167  0.671021  0.573382  0.558078  0.673984  0.601293  0.582186  0.571897  0.657337  0.758793  0.585970  0.604071  0.681212  0.589045  0.563602  0.451418  0.543227  0.608047  0.591696  0.509328  0.715318  0.565434  0.634872  0.577373  0.578619 
26  0.690301  0.529571  0.451707  0.388209  0.329329  0.379395  0.784684  0.761933  0.812762  0.822575  0.725702  0.708582  0.745801  0.813389  0.845936  0.250257  0.246111  0.785572  0.846309  0.803458  0.390994  0.318001  0.641912  0.301892  0.717315  0.664135 0.0  0.700382  0.251585  0.149113  0.253293  0.820333  0.514310  0.383946  0.283945  0.727115  0.818049  0.392094  0.547643  0.523732  0.722787  0.795990  0.702856  0.390068  0.759890  0.231657  0.645260  0.366967  0.322257  0.797268  0.698115  0.729319  0.808002  0.705954  0.482729  0.641706  0.247787  0.543931  0.689041  0.812739  0.648074 
27  0.591352  0.479188  0.723836  0.733771  0.675740  0.835667  0.600026  0.173479  0.673443  0.724747  0.335569  0.716401  0.556627  0.608775  0.713635  0.674699  0.681348  0.650258  0.736055  0.682117  0.729857  0.655097  0.696123  0.684646  0.604265  0.641763  0.700382 0.0  0.733618  0.810732  0.826941  0.714600  0.512672  0.706764  0.683787  0.422494  0.593049  0.761902  0.751636  0.648067  0.477152  0.648712  0.440351  0.724776  0.326174  0.564255  0.255149  0.659118  0.732019  0.626015  0.497153  0.597625  0.680382  0.694932  0.662245  0.350907  0.709136  0.576090  0.741648  0.695959  0.732103 
28  0.729286  0.528605  0.314959  0.424792  0.171143  0.296305  0.798589  0.793874  0.738427  0.834250  0.744220  0.766175  0.726572  0.800481  0.738420  0.383264  0.322749  0.720339  0.721348  0.845956  0.345826  0.338083  0.554580  0.361409  0.677297  0.639293  0.251585  0.733618 0.0  0.256452  0.360872  0.764559  0.562330  0.322404  0.293135  0.690212  0.933800  0.322192  0.523994  0.490051  0.746933  0.775691  0.777300  0.335662  0.720166  0.328923  0.859469  0.313669  0.303312  0.825566  0.686411  0.733791  0.723225  0.503893  0.480743  0.587382  0.307163  0.555291  0.815529  0.717973  0.643708 
29  0.682617  0.483825  0.217677  0.342537  0.359151  0.343262  0.838323  0.804825  0.786186  0.726915  0.629383  0.689089  0.766265  0.743731  0.756193  0.385238  0.301303  0.771290  0.789267  0.883853  0.297329  0.268152  0.540805  0.230156  0.779403  0.601922  0.149113  0.810732  0.256452 0.0  0.316266  0.767778  0.418145  0.331131  0.279647  0.725295  0.894076  0.438353  0.534324  0.491824  0.740167  0.768114  0.720256  0.240431  0.683836  0.406798  0.845806  0.358431  0.231047  0.710394  0.787525  0.703628  0.650300  0.520857  0.327844  0.629027  0.309355  0.498126  0.746789  0.828201  0.526845 
30  0.616215  0.521309  0.352613  0.368461  0.196173  0.360909  0.681122  0.762192  0.657486  0.721644  0.786612  0.736969  0.822970  0.725976  0.851546  0.420595  0.406778  0.697394  0.784186  0.718065  0.360522  0.284360  0.509088  0.274519  0.665308  0.656618  0.253293  0.826941  0.360872  0.316266 0.0  0.755147  0.513919  0.359758  0.255708  0.692523  0.667142  0.353718  0.500129  0.449605  0.735092  0.741297  0.645891  0.249618  0.825118  0.377944  0.665275  0.288649  0.315680  0.817811  0.643688  0.814793  0.830406  0.546216  0.284608  0.695962  0.411841  0.507524  0.735524  0.714326  0.491023 
31  0.629593  0.454534  0.719370  0.780376  0.743981  0.857905  0.651955  0.552223  0.621134  0.686558  0.659395  0.232281  0.389029  0.690806  0.691725  0.772582  0.845173  0.226687  0.645204  0.678721  0.810898  0.768229  0.676131  0.862245  0.607960  0.590084  0.820333  0.714600  0.764559  0.767778  0.755147 0.0  0.672849  0.726910  0.751465  0.556464  0.727984  0.651542  0.782606  0.752731  0.606826  0.714644  0.614249  0.793123  0.667512  0.854512  0.640121  0.815715  0.809274  0.661531  0.737685  0.700908  0.166833  0.739596  0.814805  0.599928  0.821626  0.718636  0.561254  0.558008  0.856198 
32  0.512282  0.383039  0.530242  0.579257  0.491912  0.425601  0.753275  0.473992  0.655730  0.723503  0.695396  0.607148  0.633496  0.782089  0.749510  0.554824  0.454097  0.806601  0.760125  0.675634  0.502769  0.520685  0.462640  0.502690  0.585374  0.604114  0.514310  0.512672  0.562330  0.418145  0.513919  0.672849 0.0  0.568142  0.441196  0.588746  0.791790  0.515596  0.342875  0.268703  0.465006  0.608110  0.570200  0.477363  0.661666  0.525635  0.585919  0.466679  0.577104  0.646085  0.710249  0.661459  0.683599  0.449967  0.511610  0.640257  0.592096  0.234603  0.702748  0.561664  0.264359 
33  0.704094  0.554456  0.245414  0.258721  0.197072  0.337914  0.748599  0.734705  0.775713  0.855508  0.693967  0.830765  0.761158  0.718784  0.886759  0.450187  0.400397  0.817415  0.807360  0.756267  0.379008  0.424377  0.525953  0.358524  0.774419  0.723595  0.383946  0.706764  0.322404  0.331131  0.359758  0.726910  0.568142 0.0  0.435792  0.742750  0.771893  0.370330  0.516991  0.520024  0.758344  0.768639  0.709350  0.392593  0.735127  0.404744  0.670008  0.428498  0.270487  0.766665  0.703623  0.757803  0.732851  0.577220  0.451842  0.700927  0.316508  0.497837  0.769982  0.797441  0.549029 
34  0.644554  0.455513  0.402999  0.395839  0.308940  0.322402  0.763293  0.643562  0.703012  0.784519  0.734201  0.655865  0.695522  0.762517  0.776967  0.244777  0.183653  0.773478  0.762901  0.726824  0.365066  0.395868  0.614916  0.285924  0.700490  0.544169  0.283945  0.683787  0.293135  0.279647  0.255708  0.751465  0.441196  0.435792 0.0  0.653331  0.775495  0.303113  0.510337  0.489576  0.745705  0.910388  0.661869  0.233120  0.661739  0.301786  0.732060  0.306479  0.383155  0.846483  0.761095  0.754325  0.738293  0.487098  0.276585  0.584936  0.224371  0.516310  0.773007  0.722962  0.496569 
35  0.540816  0.457164  0.678185  0.814832  0.703787  0.733262  0.638637  0.349388  0.647921  0.619358  0.242997  0.580370  0.442840  0.600413  0.650169  0.700663  0.710168  0.641766  0.610654  0.680434  0.844427  0.793403  0.650734  0.727162  0.537889  0.496096  0.727115  0.422494  0.690212  0.725295  0.692523  0.556464  0.588746  0.742750  0.653331 0.0  0.618867  0.735213  0.615528  0.648244  0.557726  0.687147  0.262853  0.740531  0.383859  0.788240  0.367442  0.729101  0.771567  0.679898  0.280248  0.618695  0.629089  0.661024  0.687281  0.267183  0.705509  0.592733  0.645679  0.568644  0.738565 
36  0.575667  0.487231  0.820670  0.825799  0.860100  0.828371  0.645777  0.655276  0.535416  0.219541  0.633635  0.678497  0.625580  0.233464  0.677462  0.784085  0.786735  0.709336  0.696608  0.244666  0.816405  0.853839  0.657891  0.772332  0.584925  0.601167  0.818049  0.593049  0.933800  0.894076  0.667142  0.727984  0.791790  0.771893  0.775495  0.618867 0.0  0.816778  0.731673  0.641293  0.307433  0.236991  0.616495  0.874961  0.711445  0.718643  0.651878  0.747839  0.823687  0.084850  0.683227  0.333615  0.661754  0.736614  0.836878  0.650320  0.760404  0.882255  0.693185  0.541100  0.774599 
37  0.733040  0.558105  0.299270  0.375806  0.285393  0.247693  0.814766  0.715946  0.737796  0.770847  0.738391  0.777393  0.717730  0.795151  0.736000  0.256352  0.312777  0.702271  0.752895  0.796305  0.349208  0.257814  0.496836  0.186637  0.603225  0.671021  0.392094  0.761902  0.322192  0.438353  0.353718  0.651542  0.515596  0.370330  0.303113  0.735213  0.816778 0.0  0.441071  0.437464  0.797277  0.695612  0.613959  0.296329  0.723921  0.327299  0.674570  0.282848  0.359388  0.754787  0.684681  0.802633  0.672684  0.378547  0.264036  0.636164  0.346604  0.410902  0.710851  0.749776  0.437342 
38  0.621328  0.552713  0.494934  0.613736  0.454392  0.560742  0.730765  0.653525  0.690085  0.769952  0.711766  0.793772  0.712554  0.716729  0.713707  0.424916  0.574467  0.646842  0.665546  0.668021  0.598186  0.522140  0.239417  0.421113  0.655079  0.573382  0.547643  0.751636  0.523994  0.534324  0.500129  0.782606  0.342875  0.516991  0.510337  0.615528  0.731673  0.441071 0.0  0.403693  0.621884  0.772581  0.543810  0.590553  0.573221  0.538070  0.583185  0.590801  0.541353  0.710955  0.613174  0.741893  0.840300  0.234993  0.485119  0.548095  0.555539  0.432903  0.765026  0.651160  0.390704 
39  0.627567  0.516279  0.510826  0.517954  0.486111  0.574877  0.859454  0.582028  0.745255  0.804138  0.603441  0.749424  0.715039  0.806355  0.884513  0.524712  0.474067  0.800291  0.798916  0.620279  0.469471  0.464903  0.334014  0.542772  0.606587  0.558078  0.523732  0.648067  0.490051  0.491824  0.449605  0.752731  0.268703  0.520024  0.489576  0.648244  0.641293  0.437464  0.403693 0.0  0.599721  0.848021  0.654405  0.477928  0.660411  0.503096  0.792342  0.378085  0.576012  0.817230  0.667532  0.761467  0.776635  0.419521  0.478725  0.618366  0.389331  0.206823  0.790403  0.812598  0.382161 
40  0.465218  0.565380  0.702514  0.706007  0.764425  0.681843  0.690839  0.465597  0.630894  0.293372  0.613017  0.563766  0.640949  0.189923  0.563942  0.752900  0.742194  0.648503  0.772134  0.286104  0.748349  0.823502  0.616917  0.707602  0.645973  0.673984  0.722787  0.477152  0.746933  0.740167  0.735092  0.606826  0.465006  0.758344  0.745705  0.557726  0.307433  0.797277  0.621884  0.599721 0.0  0.253281  0.555821  0.696462  0.733847  0.628956  0.692972  0.785731  0.800487  0.330419  0.620203  0.327240  0.635140  0.721584  0.736972  0.500257  0.747542  0.619028  0.582833  0.630734  0.605797 
41  0.590239  0.524494  0.798730  0.747722  0.918257  0.786755  0.562313  0.580774  0.588040  0.179093  0.682803  0.718298  0.591034  0.153869  0.649086  0.718685  0.889589  0.707620  0.637587  0.306718  0.842558  0.742312  0.760213  0.726558  0.678233  0.601293  0.795990  0.648712  0.775691  0.768114  0.741297  0.714644  0.608110  0.768639  0.910388  0.687147  0.236991  0.695612  0.772581  0.848021  0.253281 0.0  0.544878  0.772692  0.715405  0.751886  0.657658  0.810341  0.847754  0.236114  0.638914  0.333275  0.647914  0.743942  0.828470  0.682367  0.773956  0.843896  0.638829  0.653166  0.752464 
42  0.631758  0.508151  0.700836  0.703755  0.621079  0.592283  0.613909  0.355629  0.692823  0.600077  0.351400  0.698724  0.621316  0.575405  0.623440  0.681513  0.645803  0.600446  0.675080  0.659891  0.691815  0.581532  0.643515  0.594401  0.555886  0.582186  0.702856  0.440351  0.777300  0.720256  0.645891  0.614249  0.570200  0.709350  0.661869  0.262853  0.616495  0.613959  0.543810  0.654405  0.555821  0.544878 0.0  0.675830  0.351773  0.618548  0.335473  0.693211  0.701737  0.646280  0.423377  0.602314  0.549764  0.582648  0.633280  0.104499  0.580138  0.686082  0.622444  0.500776  0.729870 
43  0.709550  0.515061  0.330471  0.359726  0.307429  0.207774  0.784763  0.724212  0.761571  0.789799  0.664956  0.718732  0.728609  0.766931  0.723171  0.362806  0.337219  0.750195  0.916527  0.799088  0.271983  0.292225  0.596077  0.284097  0.618530  0.571897  0.390068  0.724776  0.335662  0.240431  0.249618  0.793123  0.477363  0.392593  0.233120  0.740531  0.874961  0.296329  0.590553  0.477928  0.696462  0.772692  0.675830 0.0  0.746462  0.405585  0.746673  0.196065  0.363312  0.793862  0.630486  0.676852  0.707081  0.588744  0.209703  0.550442  0.321125  0.471227  0.714240  0.749610  0.580936 
44  0.574039  0.538367  0.813133  0.678731  0.654843  0.679102  0.631433  0.242858  0.642408  0.633412  0.497260  0.643166  0.696167  0.743916  0.668709  0.745663  0.664304  0.752075  0.669775  0.671779  0.738512  0.714440  0.633973  0.767707  0.559032  0.657337  0.759890  0.326174  0.720166  0.683836  0.825118  0.667512  0.661666  0.735127  0.661739  0.383859  0.711445  0.723921  0.573221  0.660411  0.733847  0.715405  0.351773  0.746462 0.0  0.701857  0.132942  0.696510  0.768917  0.705367  0.465085  0.673155  0.673824  0.597444  0.733609  0.282366  0.709257  0.676012  0.726683  0.682190  0.651296 
45  0.725020  0.534331  0.447708  0.264268  0.301010  0.432921  0.840375  0.723395  0.906840  0.755639  0.729330  0.754129  0.793060  0.833004  0.700194  0.173228  0.374648  0.806978  0.801278  0.734982  0.396765  0.429630  0.608863  0.289372  0.695800  0.758793  0.231657  0.564255  0.328923  0.406798  0.377944  0.854512  0.525635  0.404744  0.301786  0.788240  0.718643  0.327299  0.538070  0.503096  0.628956  0.751886  0.618548  0.405585  0.701857 0.0  0.703369  0.308192  0.298005  0.830620  0.732385  0.848128  0.789622  0.600465  0.414657  0.663759  0.282765  0.556324  0.708462  0.746994  0.468512 
46  0.549608  0.528585  0.879562  0.788921  0.725031  0.660363  0.678506  0.168434  0.617920  0.713958  0.463286  0.653639  0.604865  0.745655  0.708925  0.658609  0.771522  0.585800  0.634763  0.563656  0.843062  0.733780  0.568184  0.712590  0.652237  0.585970  0.645260  0.255149  0.859469  0.845806  0.665275  0.640121  0.585919  0.670008  0.732060  0.367442  0.651878  0.674570  0.583185  0.792342  0.692972  0.657658  0.335473  0.746673  0.132942  0.703369 0.0  0.706455  0.793857  0.661336  0.421830  0.649230  0.672648  0.539728  0.649532  0.406497  0.645597  0.602968  0.625225  0.593028  0.578250 
47  0.676534  0.517071  0.371781  0.388652  0.297677  0.137504  0.722901  0.756509  0.815605  0.879023  0.750868  0.814420  0.688713  0.731485  0.708220  0.377189  0.407019  0.704811  0.762448  0.778911  0.293749  0.259040  0.553063  0.369486  0.640152  0.604071  0.366967  0.659118  0.313669  0.358431  0.288649  0.815715  0.466679  0.428498  0.306479  0.729101  0.747839  0.282848  0.590801  0.378085  0.785731  0.810341  0.693211  0.196065  0.696510  0.308192  0.706455 0.0  0.404722  0.870002  0.729014  0.863418  0.825475  0.529815  0.211632  0.614791  0.351506  0.369694  0.802958  0.838160  0.526666 
48  0.767888  0.571908  0.451110  0.339380  0.274025  0.336929  0.776299  0.774764  0.823761  0.829036  0.782199  0.785796  0.764760  0.788033  0.797112  0.350151  0.246204  0.717054  0.854140  0.844879  0.350271  0.281711  0.416122  0.278795  0.666640  0.681212  0.322257  0.732019  0.303312  0.231047  0.315680  0.809274  0.577104  0.270487  0.383155  0.771567  0.823687  0.359388  0.541353  0.576012  0.800487  0.847754  0.701737  0.363312  0.768917  0.298005  0.793857  0.404722 0.0  0.760360  0.793049  0.786665  0.720499  0.583102  0.326536  0.706143  0.293301  0.633198  0.820020  0.836846  0.574761 
49  0.600587  0.620238  0.910606  0.753407  0.783854  0.828434  0.609505  0.631424  0.480873  0.196318  0.859050  0.613795  0.581878  0.167852  0.650570  0.796960  0.734506  0.605794  0.599204  0.174094  0.804019  0.812343  0.735066  0.755763  0.673446  0.589045  0.797268  0.626015  0.825566  0.710394  0.817811  0.661531  0.646085  0.766665  0.846483  0.679898  0.084850  0.754787  0.710955  0.817230  0.330419  0.236114  0.646280  0.793862  0.705367  0.830620  0.661336  0.870002  0.760360 0.0  0.593631  0.302605  0.682826  0.806839  0.803079  0.680268  0.771678  0.777657  0.705641  0.555569  0.824874 
50  0.571504  0.592671  0.677446  0.838442  0.657710  0.685204  0.720801  0.514725  0.679335  0.720649  0.276283  0.704314  0.479468  0.646730  0.650505  0.702225  0.613611  0.653077  0.599818  0.677747  0.705790  0.780783  0.624956  0.746004  0.533239  0.563602  0.698115  0.497153  0.686411  0.787525  0.643688  0.737685  0.710249  0.703623  0.761095  0.280248  0.683227  0.684681  0.613174  0.667532  0.620203  0.638914  0.423377  0.630486  0.465085  0.732385  0.421830  0.729014  0.793049  0.593631 0.0  0.657254  0.715213  0.653039  0.726619  0.366475  0.783403  0.635508  0.687765  0.767357  0.744747 
51  0.509098  0.597751  0.722430  0.716749  0.780692  0.713285  0.553758  0.553254  0.544628  0.379166  0.640473  0.681981  0.654885  0.256634  0.680279  0.775850  0.798465  0.683588  0.618996  0.325710  0.825572  0.728793  0.750019  0.746830  0.529304  0.451418  0.729319  0.597625  0.733791  0.703628  0.814793  0.700908  0.661459  0.757803  0.754325  0.618695  0.333615  0.802633  0.741893  0.761467  0.327240  0.333275  0.602314  0.676852  0.673155  0.848128  0.649230  0.863418  0.786665  0.302605  0.657254 0.0  0.676543  0.710755  0.789580  0.464653  0.777960  0.804026  0.688555  0.661319  0.699864 
52  0.605774  0.428190  0.721754  0.814266  0.758642  0.731508  0.624648  0.649665  0.618881  0.746111  0.650860  0.085260  0.281572  0.647656  0.681181  0.758065  0.760729  0.318130  0.652777  0.662799  0.846424  0.754703  0.745001  0.729244  0.612004  0.543227  0.808002  0.680382  0.723225  0.650300  0.830406  0.166833  0.683599  0.732851  0.738293  0.629089  0.661754  0.672684  0.840300  0.776635  0.635140  0.647914  0.549764  0.707081  0.673824  0.789622  0.672648  0.825475  0.720499  0.682826  0.715213  0.676543 0.0  0.805244  0.652467  0.630852  0.735640  0.685077  0.711976  0.625890  0.721623 
53  0.638066  0.509988  0.526261  0.589589  0.456681  0.556779  0.745118  0.727434  0.706480  0.748204  0.684860  0.714273  0.740192  0.841595  0.692520  0.556556  0.720594  0.802214  0.649145  0.663041  0.576936  0.545144  0.254903  0.562434  0.505638  0.608047  0.705954  0.694932  0.503893  0.520857  0.546216  0.739596  0.449967  0.577220  0.487098  0.661024  0.736614  0.378547  0.234993  0.419521  0.721584  0.743942  0.582648  0.588744  0.597444  0.600465  0.539728  0.529815  0.583102  0.806839  0.653039  0.710755  0.805244 0.0  0.485591  0.612888  0.469152  0.441912  0.771371  0.675334  0.349242 
54  0.645628  0.550899  0.314219  0.391142  0.343390  0.218561  0.767678  0.699266  0.731262  0.750410  0.794054  0.681605  0.708028  0.707034  0.741065  0.363364  0.360626  0.650028  0.889900  0.744870  0.239438  0.186308  0.526396  0.326964  0.632962  0.591696  0.482729  0.662245  0.480743  0.327844  0.284608  0.814805  0.511610  0.451842  0.276585  0.687281  0.836878  0.264036  0.485119  0.478725  0.736972  0.828470  0.633280  0.209703  0.733609  0.414657  0.649532  0.211632  0.326536  0.803079  0.726619  0.789580  0.652467  0.485591 0.0  0.607531  0.429009  0.481699  0.785624  0.735189  0.425307 
55  0.526082  0.517971  0.767673  0.678386  0.638273  0.699498  0.677261  0.329266  0.623585  0.684817  0.359131  0.563348  0.673296  0.579728  0.641052  0.625018  0.598221  0.662905  0.633570  0.570484  0.679739  0.653959  0.685348  0.674788  0.572008  0.509328  0.641706  0.350907  0.587382  0.629027  0.695962  0.599928  0.640257  0.700927  0.584936  0.267183  0.650320  0.636164  0.548095  0.618366  0.500257  0.682367  0.104499  0.550442  0.282366  0.663759  0.406497  0.614791  0.706143  0.680268  0.366475  0.464653  0.630852  0.612888  0.607531 0.0  0.591391  0.627801  0.583264  0.598023  0.726950 
56  0.635978  0.492977  0.463108  0.400158  0.238657  0.454084  0.775062  0.665566  0.742449  0.805671  0.736438  0.732206  0.705078  0.761903  0.780928  0.244407  0.162549  0.776548  0.780911  0.767571  0.386213  0.454163  0.570485  0.322568  0.652107  0.715318  0.247787  0.709136  0.307163  0.309355  0.411841  0.821626  0.592096  0.316508  0.224371  0.705509  0.760404  0.346604  0.555539  0.389331  0.747542  0.773956  0.580138  0.321125  0.709257  0.282765  0.645597  0.351506  0.293301  0.771678  0.783403  0.777960  0.735640  0.469152  0.429009  0.591391 0.0  0.520473  0.700996  0.744412  0.571646 
57  0.622311  0.511963  0.521482  0.520202  0.457895  0.559933  0.751498  0.605489  0.732082  0.816768  0.806741  0.744046  0.599288  0.792622  0.689593  0.477839  0.459093  0.828282  0.673225  0.813546  0.532711  0.519250  0.431248  0.466224  0.674469  0.565434  0.543931  0.576090  0.555291  0.498126  0.507524  0.718636  0.234603  0.497837  0.516310  0.592733  0.882255  0.410902  0.432903  0.206823  0.619028  0.843896  0.686082  0.471227  0.676012  0.556324  0.602968  0.369694  0.633198  0.777657  0.635508  0.804026  0.685077  0.441912  0.481699  0.627801  0.520473 0.0  0.735832  0.676335  0.485333 
58  0.627509  0.634059  0.810999  0.783308  0.908102  0.673627  0.155131  0.694569  0.206880  0.593751  0.641724  0.656756  0.653831  0.631934  0.318971  0.655008  0.793987  0.668567  0.367904  0.705875  0.688943  0.732209  0.697817  0.731840  0.599640  0.634872  0.689041  0.741648  0.815529  0.746789  0.735524  0.561254  0.702748  0.769982  0.773007  0.645679  0.693185  0.710851  0.765026  0.790403  0.582833  0.638829  0.622444  0.714240  0.726683  0.708462  0.625225  0.802958  0.820020  0.705641  0.687765  0.688555  0.711976  0.771371  0.785624  0.583264  0.700996  0.735832 0.0  0.258702  0.698071 
59  0.524363  0.561610  0.815750  0.757472  0.764439  0.795585  0.172849  0.618014  0.084850  0.631049  0.742210  0.647630  0.652381  0.526435  0.234942  0.707165  0.796860  0.720324  0.284328  0.468143  0.820440  0.805692  0.628691  0.699644  0.629097  0.577373  0.812739  0.695959  0.717973  0.828201  0.714326  0.558008  0.561664  0.797441  0.722962  0.568644  0.541100  0.749776  0.651160  0.812598  0.630734  0.653166  0.500776  0.749610  0.682190  0.746994  0.593028  0.838160  0.836846  0.555569  0.767357  0.661319  0.625890  0.675334  0.735189  0.598023  0.744412  0.676335  0.258702 0.0  0.710940 
60  0.702676  0.520523  0.613064  0.520383  0.546521  0.602340  0.768055  0.691197  0.800672  0.736608  0.777369  0.737710  0.636480  0.721291  0.735245  0.525405  0.443716  0.781954  0.663931  0.694389  0.634400  0.485983  0.159572  0.480472  0.644465  0.578619  0.648074  0.732103  0.643708  0.526845  0.491023  0.856198  0.264359  0.549029  0.496569  0.738565  0.774599  0.437342  0.390704  0.382161  0.605797  0.752464  0.729870  0.580936  0.651296  0.468512  0.578250  0.526666  0.574761  0.824874  0.744747  0.699864  0.721623  0.349242  0.425307  0.726950  0.571646  0.485333  0.698071  0.710940 0.0 
