61
0 0.0  0.476105  0.580443  0.763207  0.698471  0.767693  0.524875  0.620270  0.489548  0.673849  0.621134  0.526125  0.565312  0.622164  0.608957  0.595555  0.650467  0.561057  0.607587  0.492017  0.735637  0.683295  0.604474  0.732147  0.604042  0.510980  0.602882  0.579731  0.751412  0.640775  0.682852  0.655888  0.516402  0.706659  0.586054  0.501499  0.520788  0.590537  0.712175  0.634688  0.551596  0.558370  0.609476  0.636061  0.539974  0.704423  0.524180  0.679351  0.740609  0.554943  0.642231  0.606447  0.650197  0.594980  0.644242  0.555320  0.594184  0.749273  0.602092  0.571711  0.645376 
1  0.476105 0.0  0.553769  0.599909  0.533617  0.487949  0.568832  0.447269  0.503949  0.608743  0.577385  0.550681  0.610781  0.617985  0.585820  0.511956  0.422062  0.470986  0.600740  0.559186  0.565217  0.545570  0.498726  0.571410  0.616273  0.546155  0.507407  0.599576  0.595570  0.522577  0.540555  0.522082  0.450870  0.684314  0.562638  0.592707  0.616195  0.493587  0.581409  0.442208  0.522378  0.567703  0.573453  0.504740  0.477215  0.479277  0.533386  0.512116  0.559627  0.501831  0.497531  0.552597  0.489567  0.522346  0.476998  0.499458  0.561265  0.535365  0.610665  0.552604  0.487855 
2  0.580443  0.553769 0.0  0.189764  0.236847  0.352887  0.658766  0.771959  0.777153  0.860179  0.572565  0.763401  0.819631  0.672284  0.893791  0.409233  0.338789  0.892553  0.937945  0.741211  0.278834  0.353558  0.508880  0.337671  0.622552  0.624808  0.361317  0.616181  0.237156  0.302051  0.322354  0.753427  0.529221  0.249057  0.380062  0.718534  0.848474  0.345783  0.486807  0.503482  0.742573  0.821275  0.690585  0.306501  0.889721  0.373868  0.803482  0.369043  0.353050  0.901113  0.660156  0.855960  0.953932  0.479464  0.348226  0.744280  0.378915  0.412889  0.793403  0.848332  0.534402 
3  0.763207  0.599909  0.189764 0.0  0.242745  0.344514  0.787799  0.850632  0.750154  0.785296  0.755318  0.843146  0.767455  0.713614  0.870008  0.384629  0.375998  0.826769  0.761590  0.826712  0.400171  0.382362  0.567383  0.357977  0.690142  0.696761  0.333079  0.792736  0.246144  0.247077  0.336191  0.731828  0.546444  0.254975  0.365837  0.706857  0.843491  0.316915  0.572452  0.486508  0.813867  0.619078  0.653855  0.362934  0.655557  0.333029  0.693577  0.390387  0.324778  0.813356  0.727604  0.759748  0.753909  0.487643  0.341176  0.628117  0.384717  0.448820  0.754356  0.893178  0.615322 
4  0.698471  0.533617  0.236847  0.242745 0.0  0.321449  0.704267  0.659942  0.747468  0.765422  0.757763  0.805088  0.726939  0.751038  0.828191  0.329493  0.241564  0.760353  0.765487  0.769601  0.327151  0.328733  0.586578  0.279580  0.643776  0.641741  0.309484  0.677672  0.178339  0.268031  0.315297  0.772200  0.412747  0.253858  0.255868  0.792993  0.827588  0.243663  0.484401  0.480993  0.722688  1.000000  0.595255  0.303707  0.645760  0.342269  0.656560  0.249073  0.300656  0.943621  0.767014  0.843262  0.640821  0.476581  0.357978  0.636824  0.252936  0.443690  0.783642  0.827189  0.543252 
5  0.767693  0.487949  0.352887  0.344514  0.321449 0.0  0.724767  0.762447  0.738327  0.768081  0.694154  0.637050  0.730307  0.748064  0.775987  0.341091  0.338452  0.702537  0.746404  0.743370  0.208003  0.224297  0.503476  0.304315  0.602640  0.665653  0.342655  0.714306  0.352940  0.256426  0.311306  0.702166  0.562250  0.364749  0.322217  0.739723  0.775539  0.271384  0.504955  0.525560  0.709615  0.846741  0.698096  0.169439  0.702376  0.370732  0.666368  0.178160  0.288882  0.703692  0.770480  0.685493  0.707107  0.526642  0.196106  0.657658  0.342946  0.402371  0.772151  0.718067  0.460079 
6  0.524875  0.568832  0.658766  0.787799  0.704267  0.724767 0.0  0.638263  0.141150  0.656827  0.724182  0.647302  0.621866  0.549387  0.326115  0.704601  0.767130  0.720004  0.210719  0.666095  0.710564  0.806100  0.672238  0.673198  0.659165  0.551116  0.838618  0.563876  0.813948  0.684653  0.813828  0.717344  0.694731  0.720492  0.621771  0.581513  0.603727  0.596379  0.708578  0.856575  0.534750  0.663463  0.674725  0.813166  0.741249  0.753962  0.612333  0.801460  0.817427  0.650590  0.655994  0.622620  0.734922  0.700663  0.723836  0.655881  0.686977  0.860240  0.216145  0.137219  0.689389 
7  0.620270  0.447269  0.771959  0.850632  0.659942  0.762447  0.638263 0.0  0.661509  0.579390  0.404055  0.627888  0.545598  0.669776  0.686650  0.627685  0.724354  0.678157  0.684186  0.644286  0.779898  0.670777  0.711887  0.728853  0.599489  0.649965  0.703363  0.127917  0.757791  0.695111  0.781248  0.525953  0.504534  0.790518  0.709341  0.429227  0.583536  0.722924  0.612103  0.641189  0.583110  0.599231  0.314090  0.646994  0.217129  0.806766  0.204261  0.711389  0.825616  0.715402  0.478696  0.626540  0.615792  0.676825  0.750340  0.302377  0.763883  0.619886  0.674374  0.604719  0.718759 
8  0.489548  0.503949  0.777153  0.750154  0.747468  0.738327  0.141150  0.661509 0.0  0.611841  0.751968  0.701960  0.536432  0.644880  0.268306  0.782028  0.667781  0.592656  0.223700  0.484128  0.784259  0.771516  0.663176  0.679636  0.682120  0.599534  0.834412  0.485983  0.685072  0.677580  0.735044  0.588572  0.736980  0.960688  0.669414  0.621748  0.546234  0.865529  0.728525  0.796821  0.575716  0.692506  0.650270  0.755259  0.555636  0.819032  0.561162  0.709270  0.802823  0.612091  0.714546  0.667601  0.672470  0.659987  0.696052  0.648375  0.688150  0.690764  0.195596  0.101844  0.557886 
9  0.673849  0.608743  0.860179  0.785296  0.765422  0.768081  0.656827  0.579390  0.611841 0.0  0.649313  0.566429  0.643664  0.185879  0.695190  0.650756  0.908778  0.659723  0.614509  0.225419  0.876051  0.741084  0.824276  0.730609  0.588232  0.563873  0.815793  0.695178  0.789952  0.742800  0.751715  0.749077  0.725276  0.811717  0.810917  0.665232  0.184423  0.657138  0.839792  0.714940  0.287591  0.192014  0.689195  0.766524  0.685953  0.776052  0.698935  0.845662  0.733214  0.162161  0.758936  0.380560  0.678151  0.751301  0.706558  0.648345  0.855563  0.830788  0.601062  0.637827  0.726933 
10  0.621134  0.577385  0.572565  0.755318  0.757763  0.694154  0.724182  0.404055  0.751968  0.649313 0.0  0.737406  0.515986  0.698579  0.704008  0.815009  0.628265  0.715150  0.726346  0.646357  0.849354  0.619916  0.597728  0.700171  0.532714  0.500881  0.724707  0.534076  0.747611  0.925010  0.698390  0.632414  0.770736  0.785476  0.800076  0.308776  0.697030  0.622420  0.578361  0.737046  0.715567  0.543093  0.333896  0.716521  0.431770  0.792426  0.327645  0.692697  0.744779  0.580756  0.230437  0.638311  0.662687  0.655193  0.698594  0.327806  0.711638  0.706017  0.634423  0.698434  0.605615 
11  0.526125  0.550681  0.763401  0.843146  0.805088  0.637050  0.647302  0.627888  0.701960  0.566429  0.737406 0.0  0.360496  0.612445  0.625433  0.693794  0.827933  0.236034  0.709785  0.661880  0.837398  0.759558  0.830668  0.737752  0.607800  0.598358  0.647380  0.687218  0.786258  0.690352  0.786582  0.136735  0.710376  0.739989  0.697593  0.642515  0.666575  0.735915  0.768185  0.847392  0.592084  0.698087  0.544863  0.588870  0.658506  0.687740  0.595952  0.682411  0.763651  0.659911  0.574224  0.613885  0.131802  0.760696  0.997534  0.551001  0.699512  0.778864  0.695258  0.678910  0.812235 
12  0.565312  0.610781  0.819631  0.767455  0.726939  0.730307  0.621866  0.545598  0.536432  0.643664  0.515986  0.360496 0.0  0.630793  0.627116  0.640779  0.814947  0.444060  0.695182  0.592925  0.754583  0.759960  0.553237  0.760862  0.605013  0.622712  0.720515  0.605279  0.775174  0.755124  0.650752  0.334376  0.712793  0.774132  0.708982  0.388113  0.609551  0.784666  0.568210  0.727126  0.611764  0.717078  0.554829  0.656461  0.702357  0.744752  0.702535  0.795855  0.835113  0.614078  0.519157  0.633053  0.385181  0.646451  0.801353  0.557044  0.752817  0.667944  0.659725  0.611498  0.714418 
13  0.622164  0.617985  0.672284  0.713614  0.751038  0.748064  0.549387  0.669776  0.644880  0.185879  0.698579  0.612445  0.630793 0.0  0.646697  0.717397  0.826839  0.707865  0.630990  0.217292  0.898627  0.836327  0.867385  0.697225  0.605504  0.670825  0.825681  0.644243  0.815024  0.819960  0.855786  0.682756  0.688362  0.693158  0.670814  0.530849  0.197500  0.598564  0.697269  0.765345  0.267144  0.172732  0.601199  0.705918  0.740631  0.845634  0.715330  0.860441  0.945081  0.199778  0.581037  0.297294  0.618130  0.731109  0.855320  0.579629  0.813895  0.731916  0.641651  0.643456  0.804635 
14  0.608957  0.585820  0.893791  0.870008  0.828191  0.775987  0.326115  0.686650  0.268306  0.695190  0.704008  0.625433  0.627116  0.646697 0.0  0.828523  0.698048  0.706704  0.126708  0.687836  0.862883  0.707131  0.766234  0.587136  0.630302  0.645920  0.950778  0.746035  0.848812  0.773840  0.934415  0.582573  0.608939  0.943131  0.819521  0.661880  0.564089  0.664611  0.773613  0.677292  0.666320  0.572133  0.608331  0.804097  0.707730  0.892991  0.665019  0.877444  0.913690  0.658576  0.707411  0.626755  0.685587  0.744510  0.891411  0.653215  0.744017  0.710980  0.252891  0.225636  0.760955 
15  0.595555  0.511956  0.409233  0.384629  0.329493  0.341091  0.704601  0.627685  0.782028  0.650756  0.815009  0.693794  0.640779  0.717397  0.828523 0.0  0.211352  0.805960  0.761846  0.769945  0.358742  0.367096  0.546234  0.342813  0.699300  0.596985  0.223933  0.630654  0.343386  0.291040  0.338309  0.713768  0.526835  0.349632  0.207121  0.650503  0.761522  0.258730  0.533813  0.472008  0.771937  0.898188  0.767821  0.310953  0.749417  0.204858  0.752544  0.273476  0.318530  0.694640  0.791571  0.787354  0.731884  0.542974  0.317676  0.642050  0.197258  0.450590  0.864098  0.768421  0.479480 
16  0.650467  0.422062  0.338789  0.375998  0.241564  0.338452  0.767130  0.724354  0.667781  0.908778  0.628265  0.827933  0.814947  0.826839  0.698048  0.211352 0.0  0.720681  0.744239  0.663267  0.307308  0.354747  0.629424  0.284852  0.608232  0.701806  0.265012  0.586239  0.338348  0.235551  0.324637  0.676580  0.484993  0.334527  0.171619  0.691522  0.860810  0.281123  0.539711  0.436307  0.697628  0.869791  0.633531  0.337375  0.650151  0.245197  0.659229  0.353909  0.315194  0.807212  0.662610  0.663769  0.849241  0.513827  0.354831  0.560335  0.125082  0.534048  0.724074  0.819795  0.548612 
17  0.561057  0.470986  0.892553  0.826769  0.760353  0.702537  0.720004  0.678157  0.592656  0.659723  0.715150  0.236034  0.444060  0.707865  0.706704  0.805960  0.720681 0.0  0.664447  0.709674  0.763981  0.889126  0.768321  0.659429  0.607093  0.639732  0.670489  0.616051  0.874876  0.726915  0.662054  0.223393  0.609511  0.786709  0.708090  0.724340  0.641729  0.818067  0.863290  0.737267  0.705004  0.682641  0.620734  0.752113  0.633371  0.731562  0.720783  0.687408  0.803385  0.619684  0.686490  0.720372  0.265625  0.810600  0.729264  0.565892  0.690826  0.788112  0.759302  0.690939  0.746654 
18  0.607587  0.600740  0.937945  0.761590  0.765487  0.746404  0.210719  0.684186  0.223700  0.614509  0.726346  0.709785  0.695182  0.630990  0.126708  0.761846  0.744239  0.664447 0.0  0.696050  0.809607  0.767125  0.753830  0.685114  0.567615  0.642999  0.805956  0.785936  0.808007  0.947767  0.842746  0.781332  0.861220  0.775388  0.872948  0.617493  0.666402  0.961772  0.644651  0.729767  0.669990  0.651000  0.611640  0.886819  0.635805  0.773086  0.683946  0.763844  0.850844  0.629601  0.715093  0.724239  0.641059  0.756116  0.801161  0.639280  0.773823  0.666326  0.275025  0.214218  0.859319 
19  0.492017  0.559186  0.741211  0.826712  0.769601  0.743370  0.666095  0.644286  0.484128  0.225419  0.646357  0.661880  0.592925  0.217292  0.687836  0.769945  0.663267  0.709674  0.696050 0.0  0.633153  0.941194  0.641525  0.754531  0.572694  0.604832  0.795614  0.709426  0.809631  0.729477  0.834239  0.661065  0.632484  0.847542  0.799799  0.675352  0.227386  0.713485  0.655175  0.622369  0.231129  0.220221  0.670072  0.783149  0.737336  0.654186  0.605185  0.802536  0.669694  0.167911  0.772497  0.259650  0.673698  0.731253  0.828849  0.612804  0.743291  0.782019  0.663839  0.589487  0.694478 
20  0.735637  0.565217  0.278834  0.400171  0.327151  0.208003  0.710564  0.779898  0.784259  0.876051  0.849354  0.837398  0.754583  0.898627  0.862883  0.358742  0.307308  0.763981  0.809607  0.633153 0.0  0.202712  0.506773  0.310314  0.676822  0.736097  0.424564  0.799060  0.379184  0.270391  0.311271  0.836648  0.568511  0.343910  0.311941  0.883275  0.913631  0.262311  0.444301  0.514659  0.949641  0.681409  0.734640  0.203739  0.687467  0.386059  0.787025  0.203892  0.352288  0.828055  0.735258  0.788365  0.797566  0.499057  0.196169  0.759837  0.399535  0.460073  0.761327  0.683745  0.532023 
21  0.683295  0.545570  0.353558  0.382362  0.328733  0.224297  0.806100  0.670777  0.771516  0.741084  0.619916  0.759558  0.759960  0.836327  0.707131  0.367096  0.354747  0.889126  0.767125  0.941194  0.202712 0.0  0.638932  0.317631  0.607124  0.678530  0.373128  0.816189  0.370177  0.295910  0.290464  0.813384  0.462763  0.309629  0.293643  0.635164  0.709576  0.238710  0.548171  0.448567  0.670253  0.697916  0.663890  0.216688  0.659196  0.379742  0.697317  0.197164  0.289625  0.785223  0.532700  0.772000  0.776456  0.518047  0.207201  0.649054  0.360418  0.510463  0.763196  0.797687  0.499669 
22  0.604474  0.498726  0.508880  0.567383  0.586578  0.503476  0.672238  0.711887  0.663176  0.824276  0.597728  0.830668  0.553237  0.867385  0.766234  0.546234  0.629424  0.768321  0.753830  0.641525  0.506773  0.638932 0.0  0.562182  0.668804  0.595414  0.614129  0.656645  0.536749  0.403258  0.486870  0.858634  0.373571  0.539100  0.479551  0.508325  0.660376  0.475944  0.222924  0.363679  0.624695  0.710950  0.635529  0.550796  0.555941  0.552868  0.608241  0.542163  0.486698  0.787585  0.629744  0.755933  0.710642  0.275253  0.491479  0.636340  0.432072  0.410074  0.783571  0.708970  0.195235 
23  0.732147  0.571410  0.337671  0.357977  0.279580  0.304315  0.673198  0.728853  0.679636  0.730609  0.700171  0.737752  0.760862  0.697225  0.587136  0.342813  0.284852  0.659429  0.685114  0.754531  0.310314  0.317631  0.562182 0.0  0.622264  0.619626  0.320970  0.745317  0.332135  0.262876  0.212504  0.767933  0.476969  0.355016  0.322767  0.688018  0.868157  0.311082  0.441419  0.480173  0.836635  0.702762  0.764055  0.327697  0.777498  0.333489  0.636709  0.301504  0.301423  0.839491  0.763054  0.722777  0.857483  0.493745  0.340928  0.660183  0.299021  0.472711  0.678800  0.764810  0.482954 
24  0.604042  0.616273  0.622552  0.690142  0.643776  0.602640  0.659165  0.599489  0.682120  0.588232  0.532714  0.607800  0.605013  0.605504  0.630302  0.699300  0.608232  0.607093  0.567615  0.572694  0.676822  0.607124  0.668804  0.622264 0.0  0.118871  0.836499  0.569015  0.727529  0.745720  0.606380  0.534227  0.668374  0.660716  0.724174  0.626371  0.652108  0.664800  0.676184  0.537743  0.632355  0.613745  0.517984  0.572466  0.669084  0.706410  0.596528  0.620167  0.787730  0.680311  0.549692  0.703021  0.615766  0.629287  0.767799  0.524099  0.579771  0.606805  0.661263  0.665313  0.599201 
25  0.510980  0.546155  0.624808  0.696761  0.641741  0.665653  0.551116  0.649965  0.599534  0.563873  0.500881  0.598358  0.622712  0.670825  0.645920  0.596985  0.701806  0.639732  0.642999  0.604832  0.736097  0.678530  0.595414  0.619626  0.118871 0.0  0.670794  0.677937  0.617527  0.641323  0.806554  0.686870  0.590701  0.763014  0.602949  0.571676  0.686064  0.693504  0.615429  0.570215  0.649336  0.643988  0.570426  0.691463  0.546910  0.715024  0.441538  0.753990  0.789261  0.613009  0.522713  0.607287  0.576691  0.643040  0.634911  0.456588  0.609193  0.667514  0.663695  0.525284  0.585263 
26  0.602882  0.507407  0.361317  0.333079  0.309484  0.342655  0.838618  0.703363  0.834412  0.815793  0.724707  0.647380  0.720515  0.825681  0.950778  0.223933  0.265012  0.670489  0.805956  0.795614  0.424564  0.373128  0.614129  0.320970  0.836499  0.670794 0.0  0.707501  0.323982  0.203935  0.282703  0.675895  0.516086  0.327876  0.254911  0.676919  0.777371  0.309867  0.567856  0.507728  0.849006  0.742568  0.709166  0.352596  0.729404  0.276853  0.792541  0.343038  0.301766  0.855907  0.737977  0.821773  0.908398  0.584068  0.380468  0.678011  0.298861  0.441906  0.803309  0.886848  0.551148 
27  0.579731  0.599576  0.616181  0.792736  0.677672  0.714306  0.563876  0.127917  0.485983  0.695178  0.534076  0.687218  0.605279  0.644243  0.746035  0.630654  0.586239  0.616051  0.785936  0.709426  0.799060  0.816189  0.656645  0.745317  0.569015  0.677937  0.707501 0.0  0.647892  0.852779  0.702895  0.535868  0.574028  0.743705  0.680414  0.393333  0.534328  0.692530  0.662881  0.691099  0.559280  0.701736  0.304233  0.750703  0.285294  0.620448  0.261078  0.788256  0.790368  0.580251  0.456589  0.684762  0.620321  0.597207  0.723426  0.352028  0.709366  0.523845  0.753531  0.677550  0.753605 
28  0.751412  0.595570  0.237156  0.246144  0.178339  0.352940  0.813948  0.757791  0.685072  0.789952  0.747611  0.786258  0.775174  0.815024  0.848812  0.343386  0.338348  0.874876  0.808007  0.809631  0.379184  0.370177  0.536749  0.332135  0.727529  0.617527  0.323982  0.647892 0.0  0.289062  0.322226  0.700347  0.633826  0.200901  0.339982  0.765956  0.713636  0.301106  0.500400  0.489308  0.874313  0.776948  0.841946  0.343218  0.660028  0.357613  0.693025  0.321265  0.327446  0.891670  0.778800  0.805381  0.744906  0.479805  0.385366  0.693410  0.330485  0.459251  0.820387  0.927079  0.548384 
29  0.640775  0.522577  0.302051  0.247077  0.268031  0.256426  0.684653  0.695111  0.677580  0.742800  0.925010  0.690352  0.755124  0.819960  0.773840  0.291040  0.235551  0.726915  0.947767  0.729477  0.270391  0.295910  0.403258  0.262876  0.745720  0.641323  0.203935  0.852779  0.289062 0.0  0.259020  0.827630  0.406739  0.295128  0.292852  0.674335  0.680910  0.332199  0.453912  0.533770  0.716442  0.852677  0.684030  0.273932  0.784541  0.350668  0.713711  0.307327  0.300406  0.804260  0.684670  0.773442  0.760295  0.400583  0.266342  0.706965  0.236131  0.387310  0.821961  0.897725  0.480543 
30  0.682852  0.540555  0.322354  0.336191  0.315297  0.311306  0.813828  0.781248  0.735044  0.751715  0.698390  0.786582  0.650752  0.855786  0.934415  0.338309  0.324637  0.662054  0.842746  0.834239  0.311271  0.290464  0.486870  0.212504  0.606380  0.806554  0.282703  0.702895  0.322226  0.259020 0.0  0.670432  0.440604  0.300630  0.334552  0.560161  0.892215  0.323770  0.538999  0.447433  0.770568  0.724832  0.636163  0.275473  0.780942  0.300259  0.772298  0.294773  0.314195  0.787478  0.691963  0.691561  0.831649  0.504431  0.263825  0.733387  0.365908  0.483273  0.694078  0.828783  0.545387 
31  0.655888  0.522082  0.753427  0.731828  0.772200  0.702166  0.717344  0.525953  0.588572  0.749077  0.632414  0.136735  0.334376  0.682756  0.582573  0.713768  0.676580  0.223393  0.781332  0.661065  0.836648  0.813384  0.858634  0.767933  0.534227  0.686870  0.675895  0.535868  0.700347  0.827630  0.670432 0.0  0.794318  0.903282  0.733212  0.764985  0.674036  0.653410  0.752407  0.724099  0.593655  0.820948  0.606881  0.685308  0.583583  0.723010  0.678476  0.802054  0.708284  0.641713  0.639058  0.738113  0.145963  0.828002  0.715479  0.482192  0.653530  0.738674  0.646191  0.716894  0.836604 
32  0.516402  0.450870  0.529221  0.546444  0.412747  0.562250  0.694731  0.504534  0.736980  0.725276  0.770736  0.710376  0.712793  0.688362  0.608939  0.526835  0.484993  0.609511  0.861220  0.632484  0.568511  0.462763  0.373571  0.476969  0.668374  0.590701  0.516086  0.574028  0.633826  0.406739  0.440604  0.794318 0.0  0.517404  0.410460  0.721159  0.664036  0.445537  0.377066  0.237993  0.567956  0.667690  0.527121  0.513416  0.555932  0.482075  0.734483  0.473375  0.505886  0.690751  0.600270  0.594624  0.677863  0.333355  0.433349  0.551959  0.494696  0.217196  0.725695  0.663482  0.337712 
33  0.706659  0.684314  0.249057  0.254975  0.253858  0.364749  0.720492  0.790518  0.960688  0.811717  0.785476  0.739989  0.774132  0.693158  0.943131  0.349632  0.334527  0.786709  0.775388  0.847542  0.343910  0.309629  0.539100  0.355016  0.660716  0.763014  0.327876  0.743705  0.200901  0.295128  0.300630  0.903282  0.517404 0.0  0.383031  0.634671  0.834534  0.334430  0.487857  0.540183  0.775658  0.688527  0.632211  0.346310  0.721575  0.394343  0.664530  0.375987  0.279677  0.876647  0.812658  0.824002  0.728592  0.444157  0.343838  0.597983  0.333599  0.551293  0.737165  0.711016  0.484199 
34  0.586054  0.562638  0.380062  0.365837  0.255868  0.322217  0.621771  0.709341  0.669414  0.810917  0.800076  0.697593  0.708982  0.670814  0.819521  0.207121  0.171619  0.708090  0.872948  0.799799  0.311941  0.293643  0.479551  0.322767  0.724174  0.602949  0.254911  0.680414  0.339982  0.292852  0.334552  0.733212  0.410460  0.383031 0.0  0.700575  0.841427  0.246521  0.525148  0.398931  0.675115  0.798369  0.707632  0.270004  0.806758  0.227042  0.708550  0.269603  0.330900  0.776425  0.791925  0.830112  0.771327  0.420454  0.300021  0.616959  0.183434  0.522129  0.769826  0.579327  0.516621 
35  0.501499  0.592707  0.718534  0.706857  0.792993  0.739723  0.581513  0.429227  0.621748  0.665232  0.308776  0.642515  0.388113  0.530849  0.661880  0.650503  0.691522  0.724340  0.617493  0.675352  0.883275  0.635164  0.508325  0.688018  0.626371  0.571676  0.676919  0.393333  0.765956  0.674335  0.560161  0.764985  0.721159  0.634671  0.700575 0.0  0.625770  0.664021  0.721956  0.728437  0.735836  0.656909  0.311078  0.702172  0.376824  0.664467  0.345381  0.656652  0.689354  0.605318  0.295977  0.562558  0.663933  0.686497  0.772001  0.322032  0.709724  0.651519  0.729056  0.533006  0.644500 
36  0.520788  0.616195  0.848474  0.843491  0.827588  0.775539  0.603727  0.583536  0.546234  0.184423  0.697030  0.666575  0.609551  0.197500  0.564089  0.761522  0.860810  0.641729  0.666402  0.227386  0.913631  0.709576  0.660376  0.868157  0.652108  0.686064  0.777371  0.534328  0.713636  0.680910  0.892215  0.674036  0.664036  0.834534  0.841427  0.625770 0.0  0.790709  0.796493  0.716515  0.300354  0.236733  0.660016  0.778528  0.628701  0.827474  0.621600  0.674598  0.831881  0.118499  0.659382  0.303466  0.641755  0.764143  0.769510  0.646073  0.673155  0.918492  0.649184  0.567122  0.886886 
37  0.590537  0.493587  0.345783  0.316915  0.243663  0.271384  0.596379  0.722924  0.865529  0.657138  0.622420  0.735915  0.784666  0.598564  0.664611  0.258730  0.281123  0.818067  0.961772  0.713485  0.262311  0.238710  0.475944  0.311082  0.664800  0.693504  0.309867  0.692530  0.301106  0.332199  0.323770  0.653410  0.445537  0.334430  0.246521  0.664021  0.790709 0.0  0.428150  0.423641  0.695389  0.668655  0.577336  0.242387  0.635408  0.300304  0.646199  0.278853  0.325915  0.798275  0.735355  0.787178  0.690603  0.398629  0.260396  0.643842  0.284824  0.434598  0.736204  0.654755  0.494952 
38  0.712175  0.581409  0.486807  0.572452  0.484401  0.504955  0.708578  0.612103  0.728525  0.839792  0.578361  0.768185  0.568210  0.697269  0.773613  0.533813  0.539711  0.863290  0.644651  0.655175  0.444301  0.548171  0.222924  0.441419  0.676184  0.615429  0.567856  0.662881  0.500400  0.453912  0.538999  0.752407  0.377066  0.487857  0.525148  0.721956  0.796493  0.428150 0.0  0.304029  0.646458  0.815835  0.628957  0.520366  0.646737  0.539927  0.647257  0.488807  0.500965  0.706036  0.731493  0.724090  0.690977  0.125767  0.494770  0.615792  0.460400  0.392786  0.719325  0.690541  0.259803 
39  0.634688  0.442208  0.503482  0.486508  0.480993  0.525560  0.856575  0.641189  0.796821  0.714940  0.737046  0.847392  0.727126  0.765345  0.677292  0.472008  0.436307  0.737267  0.729767  0.622369  0.514659  0.448567  0.363679  0.480173  0.537743  0.570215  0.507728  0.691099  0.489308  0.533770  0.447433  0.724099  0.237993  0.540183  0.398931  0.728437  0.716515  0.423641  0.304029 0.0  0.622835  0.846532  0.638381  0.395209  0.721960  0.491143  0.718032  0.476498  0.434330  0.819542  0.619289  0.708507  0.762466  0.335675  0.436302  0.601323  0.417093  0.202285  0.793329  0.564495  0.356391 
40  0.551596  0.522378  0.742573  0.813867  0.722688  0.709615  0.534750  0.583110  0.575716  0.287591  0.715567  0.592084  0.611764  0.267144  0.666320  0.771937  0.697628  0.705004  0.669990  0.231129  0.949641  0.670253  0.624695  0.836635  0.632355  0.649336  0.849006  0.559280  0.874313  0.716442  0.770568  0.593655  0.567956  0.775658  0.675115  0.735836  0.300354  0.695389  0.646458  0.622835 0.0  0.285551  0.416259  0.726033  0.655253  0.827970  0.626258  0.799891  0.827172  0.247093  0.743959  0.222002  0.618365  0.667841  0.701347  0.587005  0.783895  0.648034  0.672242  0.653217  0.680209 
41  0.558370  0.567703  0.821275  0.619078  1.000000  0.846741  0.663463  0.599231  0.692506  0.192014  0.543093  0.698087  0.717078  0.172732  0.572133  0.898188  0.869791  0.682641  0.651000  0.220221  0.681409  0.697916  0.710950  0.702762  0.613745  0.643988  0.742568  0.701736  0.776948  0.852677  0.724832  0.820948  0.667690  0.688527  0.798369  0.656909  0.236733  0.668655  0.815835  0.846532  0.285551 0.0  0.632929  0.791549  0.636805  0.738784  0.564727  0.782535  0.834871  0.242262  0.615964  0.304866  0.751138  0.828489  0.798102  0.674527  0.721395  0.638235  0.649036  0.719911  0.601047 
42  0.609476  0.573453  0.690585  0.653855  0.595255  0.698096  0.674725  0.314090  0.650270  0.689195  0.333896  0.544863  0.554829  0.601199  0.608331  0.767821  0.633531  0.620734  0.611640  0.670072  0.734640  0.663890  0.635529  0.764055  0.517984  0.570426  0.709166  0.304233  0.841946  0.684030  0.636163  0.606881  0.527121  0.632211  0.707632  0.311078  0.660016  0.577336  0.628957  0.638381  0.416259  0.632929 0.0  0.712784  0.321715  0.643980  0.335265  0.617117  0.636429  0.642354  0.391148  0.619717  0.530039  0.653576  0.667046  0.120843  0.674889  0.673415  0.612629  0.638525  0.681255 
43  0.636061  0.504740  0.306501  0.362934  0.303707  0.169439  0.813166  0.646994  0.755259  0.766524  0.716521  0.588870  0.656461  0.705918  0.804097  0.310953  0.337375  0.752113  0.886819  0.783149  0.203739  0.216688  0.550796  0.327697  0.572466  0.691463  0.352596  0.750703  0.343218  0.273932  0.275473  0.685308  0.513416  0.346310  0.270004  0.702172  0.778528  0.242387  0.520366  0.395209  0.726033  0.791549  0.712784 0.0  0.607978  0.364744  0.653388  0.138935  0.346827  0.781155  0.653793  0.665977  0.774731  0.471845  0.209347  0.655894  0.331699  0.443093  0.645029  0.815685  0.469770 
44  0.539974  0.477215  0.889721  0.655557  0.645760  0.702376  0.741249  0.217129  0.555636  0.685953  0.431770  0.658506  0.702357  0.740631  0.707730  0.749417  0.650151  0.633371  0.635805  0.737336  0.687467  0.659196  0.555941  0.777498  0.669084  0.546910  0.729404  0.285294  0.660028  0.784541  0.780942  0.583583  0.555932  0.721575  0.806758  0.376824  0.628701  0.635408  0.646737  0.721960  0.655253  0.636805  0.321715  0.607978 0.0  0.735732  0.133843  0.692397  0.861938  0.783801  0.427172  0.615076  0.639486  0.561544  0.755392  0.358625  0.780009  0.726690  0.745703  0.608298  0.550578 
45  0.704423  0.479277  0.373868  0.333029  0.342269  0.370732  0.753962  0.806766  0.819032  0.776052  0.792426  0.687740  0.744752  0.845634  0.892991  0.204858  0.245197  0.731562  0.773086  0.654186  0.386059  0.379742  0.552868  0.333489  0.706410  0.715024  0.276853  0.620448  0.357613  0.350668  0.300259  0.723010  0.482075  0.394343  0.227042  0.664467  0.827474  0.300304  0.539927  0.491143  0.827970  0.738784  0.643980  0.364744  0.735732 0.0  0.640765  0.340292  0.309550  0.792987  0.714472  0.806982  0.934661  0.548067  0.368240  0.718379  0.296526  0.487415  0.748660  0.709754  0.559085 
46  0.524180  0.533386  0.803482  0.693577  0.656560  0.666368  0.612333  0.204261  0.561162  0.698935  0.327645  0.595952  0.702535  0.715330  0.665019  0.752544  0.659229  0.720783  0.683946  0.605185  0.787025  0.697317  0.608241  0.636709  0.596528  0.441538  0.792541  0.261078  0.693025  0.713711  0.772298  0.678476  0.734483  0.664530  0.708550  0.345381  0.621600  0.646199  0.647257  0.718032  0.626258  0.564727  0.335265  0.653388  0.133843  0.640765 0.0  0.713462  0.863105  0.674483  0.482139  0.607853  0.608569  0.667047  0.722021  0.327117  0.635006  0.557502  0.612550  0.783897  0.647858 
47  0.679351  0.512116  0.369043  0.390387  0.249073  0.178160  0.801460  0.711389  0.709270  0.845662  0.692697  0.682411  0.795855  0.860441  0.877444  0.273476  0.353909  0.687408  0.763844  0.802536  0.203892  0.197164  0.542163  0.301504  0.620167  0.753990  0.343038  0.788256  0.321265  0.307327  0.294773  0.802054  0.473375  0.375987  0.269603  0.656652  0.674598  0.278853  0.488807  0.476498  0.799891  0.782535  0.617117  0.138935  0.692397  0.340292  0.713462 0.0  0.303820  0.710547  0.730977  0.820669  0.862528  0.587617  0.191627  0.608636  0.347856  0.396249  0.694481  0.687707  0.458297 
48  0.740609  0.559627  0.353050  0.324778  0.300656  0.288882  0.817427  0.825616  0.802823  0.733214  0.744779  0.763651  0.835113  0.945081  0.913690  0.318530  0.315194  0.803385  0.850844  0.669694  0.352288  0.289625  0.486698  0.301423  0.787730  0.789261  0.301766  0.790368  0.327446  0.300406  0.314195  0.708284  0.505886  0.279677  0.330900  0.689354  0.831881  0.325915  0.500965  0.434330  0.827172  0.834871  0.636429  0.346827  0.861938  0.309550  0.863105  0.303820 0.0  0.777400  0.813526  0.819521  0.874627  0.471876  0.289988  0.680238  0.318334  0.423105  0.781406  0.773940  0.518238 
49  0.554943  0.501831  0.901113  0.813356  0.943621  0.703692  0.650590  0.715402  0.612091  0.162161  0.580756  0.659911  0.614078  0.199778  0.658576  0.694640  0.807212  0.619684  0.629601  0.167911  0.828055  0.785223  0.787585  0.839491  0.680311  0.613009  0.855907  0.580251  0.891670  0.804260  0.787478  0.641713  0.690751  0.876647  0.776425  0.605318  0.118499  0.798275  0.706036  0.819542  0.247093  0.242262  0.642354  0.781155  0.783801  0.792987  0.674483  0.710547  0.777400 0.0  0.658611  0.318091  0.732403  0.801193  0.954019  0.651644  0.719409  0.787909  0.705024  0.599500  0.708347 
50  0.642231  0.497531  0.660156  0.727604  0.767014  0.770480  0.655994  0.478696  0.714546  0.758936  0.230437  0.574224  0.519157  0.581037  0.707411  0.791571  0.662610  0.686490  0.715093  0.772497  0.735258  0.532700  0.629744  0.763054  0.549692  0.522713  0.737977  0.456589  0.778800  0.684670  0.691963  0.639058  0.600270  0.812658  0.791925  0.295977  0.659382  0.735355  0.731493  0.619289  0.743959  0.615964  0.391148  0.653793  0.427172  0.714472  0.482139  0.730977  0.813526  0.658611 0.0  0.629124  0.646051  0.590511  0.680668  0.363035  0.785825  0.771636  0.674423  0.640944  0.705552 
51  0.606447  0.552597  0.855960  0.759748  0.843262  0.685493  0.622620  0.626540  0.667601  0.380560  0.638311  0.613885  0.633053  0.297294  0.626755  0.787354  0.663769  0.720372  0.724239  0.259650  0.788365  0.772000  0.755933  0.722777  0.703021  0.607287  0.821773  0.684762  0.805381  0.773442  0.691561  0.738113  0.594624  0.824002  0.830112  0.562558  0.303466  0.787178  0.724090  0.708507  0.222002  0.304866  0.619717  0.665977  0.615076  0.806982  0.607853  0.820669  0.819521  0.318091  0.629124 0.0  0.610981  0.717270  0.780364  0.609828  0.692031  0.930196  0.653536  0.659723  0.769559 
52  0.650197  0.489567  0.953932  0.753909  0.640821  0.707107  0.734922  0.615792  0.672470  0.678151  0.662687  0.131802  0.385181  0.618130  0.685587  0.731884  0.849241  0.265625  0.641059  0.673698  0.797566  0.776456  0.710642  0.857483  0.615766  0.576691  0.908398  0.620321  0.744906  0.760295  0.831649  0.145963  0.677863  0.728592  0.771327  0.663933  0.641755  0.690603  0.690977  0.762466  0.618365  0.751138  0.530039  0.774731  0.639486  0.934661  0.608569  0.862528  0.874627  0.732403  0.646051  0.610981 0.0  0.814264  0.696626  0.618042  0.873568  0.753929  0.581269  0.692711  0.712722 
53  0.594980  0.522346  0.479464  0.487643  0.476581  0.526642  0.700663  0.676825  0.659987  0.751301  0.655193  0.760696  0.646451  0.731109  0.744510  0.542974  0.513827  0.810600  0.756116  0.731253  0.499057  0.518047  0.275253  0.493745  0.629287  0.643040  0.584068  0.597207  0.479805  0.400583  0.504431  0.828002  0.333355  0.444157  0.420454  0.686497  0.764143  0.398629  0.125767  0.335675  0.667841  0.828489  0.653576  0.471845  0.561544  0.548067  0.667047  0.587617  0.471876  0.801193  0.590511  0.717270  0.814264 0.0  0.506312  0.660082  0.505578  0.376889  0.781971  0.777716  0.261788 
54  0.644242  0.476998  0.348226  0.341176  0.357978  0.196106  0.723836  0.750340  0.696052  0.706558  0.698594  0.997534  0.801353  0.855320  0.891411  0.317676  0.354831  0.729264  0.801161  0.828849  0.196169  0.207201  0.491479  0.340928  0.767799  0.634911  0.380468  0.723426  0.385366  0.266342  0.263825  0.715479  0.433349  0.343838  0.300021  0.772001  0.769510  0.260396  0.494770  0.436302  0.701347  0.798102  0.667046  0.209347  0.755392  0.368240  0.722021  0.191627  0.289988  0.954019  0.680668  0.780364  0.696626  0.506312 0.0  0.733156  0.320189  0.452527  0.682501  0.772100  0.533875 
55  0.555320  0.499458  0.744280  0.628117  0.636824  0.657658  0.655881  0.302377  0.648375  0.648345  0.327806  0.551001  0.557044  0.579629  0.653215  0.642050  0.560335  0.565892  0.639280  0.612804  0.759837  0.649054  0.636340  0.660183  0.524099  0.456588  0.678011  0.352028  0.693410  0.706965  0.733387  0.482192  0.551959  0.597983  0.616959  0.322032  0.646073  0.643842  0.615792  0.601323  0.587005  0.674527  0.120843  0.655894  0.358625  0.718379  0.327117  0.608636  0.680238  0.651644  0.363035  0.609828  0.618042  0.660082  0.733156 0.0  0.641545  0.596226  0.568115  0.654545  0.602504 
56  0.594184  0.561265  0.378915  0.384717  0.252936  0.342946  0.686977  0.763883  0.688150  0.855563  0.711638  0.699512  0.752817  0.813895  0.744017  0.197258  0.125082  0.690826  0.773823  0.743291  0.399535  0.360418  0.432072  0.299021  0.579771  0.609193  0.298861  0.709366  0.330485  0.236131  0.365908  0.653530  0.494696  0.333599  0.183434  0.709724  0.673155  0.284824  0.460400  0.417093  0.783895  0.721395  0.674889  0.331699  0.780009  0.296526  0.635006  0.347856  0.318334  0.719409  0.785825  0.692031  0.873568  0.505578  0.320189  0.641545 0.0  0.496320  0.606966  0.830416  0.484980 
57  0.749273  0.535365  0.412889  0.448820  0.443690  0.402371  0.860240  0.619886  0.690764  0.830788  0.706017  0.778864  0.667944  0.731916  0.710980  0.450590  0.534048  0.788112  0.666326  0.782019  0.460073  0.510463  0.410074  0.472711  0.606805  0.667514  0.441906  0.523845  0.459251  0.387310  0.483273  0.738674  0.217196  0.551293  0.522129  0.651519  0.918492  0.434598  0.392786  0.202285  0.648034  0.638235  0.673415  0.443093  0.726690  0.487415  0.557502  0.396249  0.423105  0.787909  0.771636  0.930196  0.753929  0.376889  0.452527  0.596226  0.496320 0.0  0.769181  0.773662  0.384865 
58  0.602092  0.610665  0.793403  0.754356  0.783642  0.772151  0.216145  0.674374  0.195596  0.601062  0.634423  0.695258  0.659725  0.641651  0.252891  0.864098  0.724074  0.759302  0.275025  0.663839  0.761327  0.763196  0.783571  0.678800  0.661263  0.663695  0.803309  0.753531  0.820387  0.821961  0.694078  0.646191  0.725695  0.737165  0.769826  0.729056  0.649184  0.736204  0.719325  0.793329  0.672242  0.649036  0.612629  0.645029  0.745703  0.748660  0.612550  0.694481  0.781406  0.705024  0.674423  0.653536  0.581269  0.781971  0.682501  0.568115  0.606966  0.769181 0.0  0.178212  0.696955 
59  0.571711  0.552604  0.848332  0.893178  0.827189  0.718067  0.137219  0.604719  0.101844  0.637827  0.698434  0.678910  0.611498  0.643456  0.225636  0.768421  0.819795  0.690939  0.214218  0.589487  0.683745  0.797687  0.708970  0.764810  0.665313  0.525284  0.886848  0.677550  0.927079  0.897725  0.828783  0.716894  0.663482  0.711016  0.579327  0.533006  0.567122  0.654755  0.690541  0.564495  0.653217  0.719911  0.638525  0.815685  0.608298  0.709754  0.783897  0.687707  0.773940  0.599500  0.640944  0.659723  0.692711  0.777716  0.772100  0.654545  0.830416  0.773662  0.178212 0.0  0.774498 
60  0.645376  0.487855  0.534402  0.615322  0.543252  0.460079  0.689389  0.718759  0.557886  0.726933  0.605615  0.812235  0.714418  0.804635  0.760955  0.479480  0.548612  0.746654  0.859319  0.694478  0.532023  0.499669  0.195235  0.482954  0.599201  0.585263  0.551148  0.753605  0.548384  0.480543  0.545387  0.836604  0.337712  0.484199  0.516621  0.644500  0.886886  0.494952  0.259803  0.356391  0.680209  0.601047  0.681255  0.469770  0.550578  0.559085  0.647858  0.458297  0.518238  0.708347  0.705552  0.769559  0.712722  0.261788  0.533875  0.602504  0.484980  0.384865  0.696955  0.774498 0.0 
