61
0 0.0  0.532955  0.717472  0.683460  0.653998  0.644904  0.576779  0.585869  0.545683  0.624861  0.543513  0.519459  0.566822  0.553852  0.591093  0.623240  0.614372  0.555521  0.526003  0.635665  0.695435  0.669413  0.561536  0.731474  0.559279  0.578539  0.721971  0.479589  0.788890  0.641844  0.657412  0.597940  0.576908  0.681744  0.594930  0.541583  0.585526  0.677689  0.497249  0.681450  0.543462  0.517693  0.547132  0.654168  0.556153  0.632968  0.578104  0.643787  0.760525  0.570852  0.612729  0.523989  0.619563  0.608469  0.606107  0.559128  0.684809  0.668349  0.707428  0.530071  0.617062 
1  0.532955 0.0  0.591645  0.621633  0.609541  0.589380  0.487080  0.473804  0.569745  0.602930  0.577556  0.539790  0.576995  0.594761  0.597770  0.501451  0.456790  0.528947  0.483821  0.490956  0.537726  0.570634  0.477586  0.417665  0.569843  0.455582  0.547464  0.504637  0.564549  0.533261  0.636986  0.570205  0.418045  0.566051  0.478217  0.508791  0.566836  0.567738  0.463500  0.449368  0.499849  0.543901  0.589732  0.528153  0.481733  0.545322  0.542226  0.475551  0.517831  0.491813  0.452294  0.524112  0.480268  0.544779  0.456109  0.514299  0.387528  0.435327  0.598042  0.606490  0.463372 
2  0.717472  0.591645 0.0  0.203501  0.192922  0.345532  1.000000  0.748046  0.790768  0.872346  0.611736  0.769698  0.832838  0.894647  0.699804  0.340487  0.306550  0.859674  0.862296  0.972162  0.383576  0.357168  0.540874  0.344323  0.670159  0.571775  0.335330  0.800763  0.230988  0.276506  0.306796  0.825601  0.523846  0.238401  0.329056  0.801634  0.796761  0.278641  0.530369  0.483363  0.700274  0.888946  0.622412  0.323244  0.682898  0.310722  0.774707  0.355816  0.289763  0.798522  0.699399  0.799368  0.821374  0.474130  0.332155  0.618064  0.266124  0.467255  0.724845  0.752464  0.525881 
3  0.683460  0.621633  0.203501 0.0  0.233286  0.402602  0.745337  0.744905  0.771105  0.670756  0.740403  0.639122  0.593533  0.713771  0.843150  0.386751  0.314767  0.775201  0.653504  0.740797  0.356690  0.337215  0.570073  0.335067  0.661627  0.730338  0.312831  0.794918  0.213464  0.260400  0.272958  0.727338  0.533776  0.221292  0.327148  0.732077  0.882031  0.347501  0.514009  0.472826  0.603737  0.813451  0.711960  0.387765  0.674778  0.379260  0.811241  0.370946  0.309474  0.762896  0.943018  0.809564  0.803414  0.476554  0.360472  0.667596  0.363827  0.501738  0.741408  0.758752  0.557350 
4  0.653998  0.609541  0.192922  0.233286 0.0  0.287787  0.717404  0.704249  0.675888  0.835496  0.655291  0.745243  0.918217  0.874623  0.716078  0.290322  0.268437  0.576564  0.658378  0.800757  0.331805  0.360913  0.593873  0.255986  0.662404  0.728024  0.318056  0.638436  0.158679  0.279755  0.301258  0.797905  0.404324  0.227201  0.273534  0.593970  0.755874  0.243344  0.574333  0.462158  0.707488  0.858637  0.585622  0.311014  0.735995  0.326127  0.707924  0.314644  0.291164  0.766273  0.665288  0.625912  0.679596  0.432426  0.294139  0.544443  0.314826  0.394469  0.771218  0.800564  0.520861 
5  0.644904  0.589380  0.345532  0.402602  0.287787 0.0  0.726121  0.631801  0.677699  0.700338  0.627919  0.784748  0.667844  0.876444  0.746151  0.367909  0.368657  0.714064  0.828627  0.681621  0.174989  0.216780  0.537508  0.309729  0.602517  0.657917  0.390402  0.748034  0.376439  0.298607  0.346577  0.702572  0.510329  0.341239  0.327930  0.796465  0.718653  0.281489  0.527219  0.435875  0.665674  0.915764  0.645604  0.156366  0.726916  0.344092  0.622447  0.159293  0.314938  0.754371  0.680898  0.687688  0.783166  0.465874  0.211568  0.602483  0.364337  0.452467  0.610760  0.765719  0.521063 
6  0.576779  0.487080  1.000000  0.745337  0.717404  0.726121 0.0  0.629774  0.128896  0.625182  0.859716  0.632248  0.586712  0.543720  0.290820  0.760697  0.793503  0.747744  0.246054  0.613743  0.732030  0.763230  0.621656  0.678496  0.566346  0.599619  0.772375  0.631880  0.776946  0.721139  0.773385  0.648461  0.600536  0.730981  0.842204  0.653648  0.573051  0.665221  0.634550  0.799483  0.665261  0.671817  0.665720  0.779420  0.779898  0.757223  0.507084  0.737551  0.728480  0.704118  0.571403  0.509695  0.710190  0.669721  0.697680  0.659769  0.745147  0.770930  0.153072  0.126565  0.763968 
7  0.585869  0.473804  0.748046  0.744905  0.704249  0.631801  0.629774 0.0  0.619673  0.733664  0.415794  0.656877  0.692417  0.679004  0.673302  0.655909  0.693832  0.726551  0.583074  0.597111  0.704643  0.665042  0.578482  0.746868  0.592170  0.541977  0.830905  0.120164  0.662811  0.688576  0.665570  0.634701  0.586028  0.662284  0.676101  0.358350  0.687342  0.651390  0.755826  0.564368  0.561038  0.553272  0.322969  0.664241  0.243083  0.534516  0.218624  0.687380  0.842222  0.641610  0.430788  0.529564  0.531259  0.679698  0.723610  0.331283  0.609855  0.617880  0.499216  0.641743  0.717782 
8  0.545683  0.569745  0.790768  0.771105  0.675888  0.677699  0.128896  0.619673 0.0  0.631205  0.682203  0.652831  0.550169  0.586052  0.230604  0.739549  0.786171  0.732461  0.228161  0.645235  0.659145  0.650467  0.640514  0.712098  0.624183  0.599968  0.877725  0.571905  0.811527  0.731918  0.795397  0.500719  0.835376  0.729463  0.744758  0.657986  0.586567  0.714513  0.719874  0.763131  0.626377  0.620019  0.571351  0.720804  0.598386  0.785142  0.568277  0.816636  0.756700  0.550093  0.696914  0.554690  0.623719  0.784546  0.718129  0.582913  0.775268  0.681476  0.209880  0.096963  0.775376 
9  0.624861  0.602930  0.872346  0.670756  0.835496  0.700338  0.625182  0.733664  0.631205 0.0  0.700642  0.661135  0.632277  0.161553  0.646459  0.820460  0.904894  0.755229  0.561559  0.189210  0.826679  0.645794  0.590999  0.750480  0.583411  0.559430  0.813646  0.696928  0.730870  0.801645  0.877983  0.676094  0.751858  0.881693  0.750777  0.713452  0.168058  0.692800  0.708866  0.780621  0.264365  0.202363  0.608084  0.786023  0.678544  0.845249  0.674008  0.725259  0.907113  0.174015  0.633936  0.266427  0.711392  0.752259  0.831930  0.565100  0.809609  0.797894  0.765591  0.609526  0.783764 
10  0.543513  0.577556  0.611736  0.740403  0.655291  0.627919  0.859716  0.415794  0.682203  0.700642 0.0  0.628010  0.520130  0.601773  0.591485  0.736349  0.716148  0.583729  0.667092  0.598388  0.782386  0.786154  0.687550  0.681156  0.594649  0.455690  0.677873  0.438448  0.680298  0.778136  0.663192  0.605224  0.621705  0.774104  0.613184  0.280547  0.593423  0.683849  0.646520  0.629862  0.657612  0.698275  0.371530  0.868533  0.420130  0.695841  0.449499  0.603206  0.584216  0.696199  0.200277  0.659933  0.710037  0.646220  0.716169  0.343964  0.866538  0.797109  0.638951  0.703556  0.612735 
11  0.519459  0.539790  0.769698  0.639122  0.745243  0.784748  0.632248  0.656877  0.652831  0.661135  0.628010 0.0  0.352868  0.731075  0.643714  0.767890  0.746500  0.211641  0.681227  0.731492  0.710326  0.781309  0.682801  0.815089  0.598559  0.479229  0.701710  0.717530  0.861234  0.726431  0.777727  0.120355  0.633414  0.799015  0.750069  0.665778  0.675831  0.606801  0.642870  0.767126  0.581974  0.541875  0.503455  0.827801  0.677104  0.741732  0.678570  0.691854  0.779910  0.640768  0.572425  0.745572  0.134693  0.744729  0.603182  0.514235  0.756179  0.678205  0.702460  0.633131  0.669969 
12  0.566822  0.576995  0.832838  0.593533  0.918217  0.667844  0.586712  0.692417  0.550169  0.632277  0.520130  0.352868 0.0  0.637415  0.624588  0.691557  0.727689  0.393516  0.637785  0.581452  0.722003  0.741867  0.783766  0.706354  0.649827  0.619930  0.784595  0.697793  0.802912  0.774281  0.871977  0.360334  0.656046  0.666399  0.754295  0.512831  0.619529  0.698498  0.678005  0.588090  0.556668  0.667819  0.611156  0.659752  0.656464  0.759359  0.585579  0.679399  0.775130  0.482567  0.496179  0.612426  0.359646  0.739075  0.808113  0.550873  0.561452  0.797063  0.609458  0.582950  0.647341 
13  0.553852  0.594761  0.894647  0.713771  0.874623  0.876444  0.543720  0.679004  0.586052  0.161553  0.601773  0.731075  0.637415 0.0  0.619889  0.742823  0.706722  0.567846  0.671304  0.194676  0.838928  0.866868  0.886834  0.701670  0.553245  0.602576  0.686103  0.621014  0.859723  0.756599  0.728321  0.599475  0.618695  0.781150  0.868282  0.584349  0.207289  0.750012  0.770855  0.733855  0.266764  0.176670  0.640695  0.723251  0.671255  0.829807  0.646547  0.710436  0.782719  0.187575  0.657468  0.302139  0.593119  0.623936  0.719543  0.625240  0.799418  0.822090  0.641062  0.545461  0.817218 
14  0.591093  0.597770  0.699804  0.843150  0.716078  0.746151  0.290820  0.673302  0.230604  0.646459  0.591485  0.643714  0.624588  0.619889 0.0  0.660487  0.792802  0.644588  0.109069  0.531970  0.645561  0.738136  0.761916  0.871450  0.672493  0.588148  0.818196  0.639871  0.628531  0.871077  0.805180  0.599391  0.686876  0.909421  0.858485  0.648973  0.685558  0.688078  0.811236  0.744160  0.691634  0.688350  0.649358  0.768913  0.585425  0.721570  0.643485  0.565936  0.973545  0.604680  0.649022  0.763750  0.628294  0.745152  0.870018  0.676476  0.776162  0.780834  0.271255  0.244320  0.575146 
15  0.623240  0.501451  0.340487  0.386751  0.290322  0.367909  0.760697  0.655909  0.739549  0.820460  0.736349  0.767890  0.691557  0.742823  0.660487 0.0  0.197376  0.776101  0.676052  0.685053  0.343350  0.361999  0.468183  0.326783  0.690831  0.705267  0.256762  0.682061  0.340119  0.271240  0.361412  0.772011  0.433986  0.372301  0.197936  0.697824  0.748190  0.261156  0.448826  0.460684  0.563048  0.723956  0.595913  0.304734  0.712708  0.190763  0.757660  0.271572  0.281237  0.720859  0.685362  0.762022  0.869364  0.508569  0.325302  0.653824  0.187350  0.465050  0.757568  0.747314  0.486187 
16  0.614372  0.456790  0.306550  0.314767  0.268437  0.368657  0.793503  0.693832  0.786171  0.904894  0.716148  0.746500  0.727689  0.706722  0.792802  0.197376 0.0  0.719242  0.755761  0.804848  0.374709  0.375523  0.587490  0.249483  0.649488  0.718016  0.274207  0.608946  0.345729  0.256947  0.317705  0.762129  0.412746  0.307373  0.168903  0.760107  0.745059  0.293757  0.449251  0.431333  0.617040  0.795631  0.663130  0.322281  0.677067  0.277521  0.699120  0.322259  0.327543  0.854949  0.683846  0.694462  0.725585  0.482487  0.314445  0.523563  0.121550  0.485185  0.738500  0.771371  0.558874 
17  0.555521  0.528947  0.859674  0.775201  0.576564  0.714064  0.747744  0.726551  0.732461  0.755229  0.583729  0.211641  0.393516  0.567846  0.644588  0.776101  0.719242 0.0  0.624341  0.643707  0.749337  0.684053  0.745331  0.842223  0.599567  0.719225  0.836699  0.659063  0.781117  0.730369  0.754618  0.221061  0.667843  0.811555  0.695926  0.570177  0.584050  0.911058  0.707093  0.753017  0.634326  0.686054  0.589867  0.646687  0.609514  0.766433  0.707881  0.582564  0.755998  0.800981  0.756316  0.602260  0.240918  0.707793  0.743502  0.628918  0.767034  0.694343  0.694476  0.748003  0.647999 
18  0.526003  0.483821  0.862296  0.653504  0.658378  0.828627  0.246054  0.583074  0.228161  0.561559  0.667092  0.681227  0.637785  0.671304  0.109069  0.676052  0.755761  0.624341 0.0  0.634096  0.766898  0.704050  0.682633  0.732242  0.613124  0.635836  0.750557  0.683513  0.708566  0.741628  0.741456  0.782849  0.666818  0.808322  0.849000  0.621262  0.615026  0.737444  0.728899  0.794541  0.588840  0.581624  0.609417  0.775385  0.653815  0.787970  0.641136  0.816121  0.784966  0.585078  0.669186  0.668204  0.697905  0.734203  0.791671  0.735187  0.682350  0.798621  0.303432  0.195778  0.733101 
19  0.635665  0.490956  0.972162  0.740797  0.800757  0.681621  0.613743  0.597111  0.645235  0.189210  0.598388  0.731492  0.581452  0.194676  0.531970  0.685053  0.804848  0.643707  0.634096 0.0  0.778259  0.772254  0.749332  0.700479  0.575579  0.499119  0.746901  0.558392  0.640983  0.754087  0.751084  0.552383  0.654041  0.907688  0.744323  0.687437  0.186234  0.758977  0.594950  0.821521  0.226475  0.224475  0.616008  0.713298  0.658255  0.719698  0.642941  0.742050  0.841866  0.177803  0.682095  0.278512  0.765336  0.805678  0.732311  0.602655  0.764745  0.636386  0.608454  0.713542  0.673964 
20  0.695435  0.537726  0.383576  0.356690  0.331805  0.174989  0.732030  0.704643  0.659145  0.826679  0.782386  0.710326  0.722003  0.838928  0.645561  0.343350  0.374709  0.749337  0.766898  0.778259 0.0  0.204006  0.554393  0.333314  0.679877  0.678339  0.391557  0.695611  0.333159  0.321847  0.288670  0.741667  0.366533  0.335394  0.307694  0.672278  0.877956  0.287219  0.503856  0.446434  0.673252  0.611248  0.710313  0.193251  0.685661  0.353722  0.769424  0.204781  0.304459  0.811174  0.813783  0.749815  0.775415  0.456723  0.186744  0.708992  0.386301  0.514943  0.586333  0.670696  0.490465 
21  0.669413  0.570634  0.357168  0.337215  0.360913  0.216780  0.763230  0.665042  0.650467  0.645794  0.786154  0.781309  0.741867  0.866868  0.738136  0.361999  0.375523  0.684053  0.704050  0.772254  0.204006 0.0  0.530690  0.317039  0.595448  0.586090  0.332831  0.774077  0.339699  0.259259  0.310758  0.828280  0.452903  0.373047  0.302712  0.709626  0.811206  0.254310  0.541337  0.460034  0.668257  0.749610  0.555201  0.205912  0.634986  0.340579  0.836297  0.226029  0.270388  0.801605  0.695845  0.673100  0.745249  0.422006  0.228948  0.735355  0.330804  0.438242  0.719056  0.632166  0.539046 
22  0.561536  0.477586  0.540874  0.570073  0.593873  0.537508  0.621656  0.578482  0.640514  0.590999  0.687550  0.682801  0.783766  0.886834  0.761916  0.468183  0.587490  0.745331  0.682633  0.749332  0.554393  0.530690 0.0  0.433112  0.658192  0.577418  0.597334  0.586829  0.481230  0.502889  0.576978  0.812259  0.355741  0.512099  0.533452  0.809639  0.779985  0.450488  0.216324  0.335703  0.688270  0.708877  0.618465  0.542954  0.603112  0.446701  0.603546  0.554176  0.492921  0.675242  0.612207  0.713014  0.720451  0.204980  0.518079  0.646597  0.558132  0.362273  0.685968  0.685337  0.188691 
23  0.731474  0.417665  0.344323  0.335067  0.255986  0.309729  0.678496  0.746868  0.712098  0.750480  0.681156  0.815089  0.706354  0.701670  0.871450  0.326783  0.249483  0.842223  0.732242  0.700479  0.333314  0.317039  0.433112 0.0  0.629885  0.623977  0.302103  0.689013  0.307316  0.257488  0.192328  0.727506  0.449052  0.366557  0.268400  0.730031  0.636862  0.278989  0.480067  0.506759  0.720922  0.725779  0.679778  0.300997  0.599760  0.305916  0.811942  0.296815  0.313486  0.838976  0.670766  0.756481  0.870817  0.455785  0.288317  0.508733  0.287823  0.483322  0.745771  0.645458  0.483908 
24  0.559279  0.569843  0.670159  0.661627  0.662404  0.602517  0.566346  0.592170  0.624183  0.583411  0.594649  0.598559  0.649827  0.553245  0.672493  0.690831  0.649488  0.599567  0.613124  0.575579  0.679877  0.595448  0.658192  0.629885 0.0  0.106958  0.745860  0.591299  0.661610  0.672056  0.717150  0.540507  0.509224  0.720006  0.646072  0.519733  0.598576  0.624954  0.603578  0.647122  0.515967  0.529880  0.504820  0.620576  0.648173  0.561072  0.623208  0.649302  0.645475  0.588352  0.665513  0.634817  0.561707  0.496254  0.711154  0.498589  0.607805  0.630486  0.664493  0.551532  0.615000 
25  0.578539  0.455582  0.571775  0.730338  0.728024  0.657917  0.599619  0.541977  0.599968  0.559430  0.455690  0.479229  0.619930  0.602576  0.588148  0.705267  0.718016  0.719225  0.635836  0.499119  0.678339  0.586090  0.577418  0.623977  0.106958 0.0  0.647026  0.615316  0.698669  0.648888  0.667777  0.660119  0.626221  0.651946  0.672864  0.534047  0.613139  0.744986  0.550803  0.570878  0.512461  0.525776  0.565286  0.653184  0.505190  0.679672  0.559139  0.704947  0.759887  0.660530  0.576123  0.595340  0.630712  0.517974  0.624305  0.526363  0.620843  0.580816  0.630388  0.655822  0.501878 
26  0.721971  0.547464  0.335330  0.312831  0.318056  0.390402  0.772375  0.830905  0.877725  0.813646  0.677873  0.701710  0.784595  0.686103  0.818196  0.256762  0.274207  0.836699  0.750557  0.746901  0.391557  0.332831  0.597334  0.302103  0.745860  0.647026 0.0  0.790477  0.344121  0.213164  0.272109  0.761884  0.536497  0.313474  0.246161  0.825410  0.967750  0.329967  0.651272  0.485617  0.824374  0.760513  0.590667  0.303255  0.814689  0.222455  0.622835  0.276854  0.252291  0.887360  0.797313  0.724233  0.694671  0.495706  0.368834  0.614810  0.267092  0.471205  0.682223  0.805482  0.442463 
27  0.479589  0.504637  0.800763  0.794918  0.638436  0.748034  0.631880  0.120164  0.571905  0.696928  0.438448  0.717530  0.697793  0.621014  0.639871  0.682061  0.608946  0.659063  0.683513  0.558392  0.695611  0.774077  0.586829  0.689013  0.591299  0.615316  0.790477 0.0  0.761399  0.850055  0.657441  0.661823  0.540290  0.745896  0.752229  0.400413  0.654045  0.747819  0.653208  0.621390  0.508836  0.586928  0.309982  0.657654  0.249312  0.773715  0.233336  0.714470  0.781996  0.700754  0.402605  0.702164  0.606343  0.602535  0.612386  0.332132  0.710583  0.542444  0.703962  0.667019  0.665141 
28  0.788890  0.564549  0.230988  0.213464  0.158679  0.376439  0.776946  0.662811  0.811527  0.730870  0.680298  0.861234  0.802912  0.859723  0.628531  0.340119  0.345729  0.781117  0.708566  0.640983  0.333159  0.339699  0.481230  0.307316  0.661610  0.698669  0.344121  0.761399 0.0  0.247602  0.305191  0.810991  0.529472  0.254807  0.340848  0.728567  0.714915  0.314065  0.463002  0.464925  0.726970  0.752780  0.656796  0.335055  0.714570  0.317674  0.630469  0.334166  0.277907  0.841925  0.768375  0.744019  0.690240  0.541698  0.277773  0.617059  0.331877  0.417137  0.686486  0.736380  0.521315 
29  0.641844  0.533261  0.276506  0.260400  0.279755  0.298607  0.721139  0.688576  0.731918  0.801645  0.778136  0.726431  0.774281  0.756599  0.871077  0.271240  0.256947  0.730369  0.741628  0.754087  0.321847  0.259259  0.502889  0.257488  0.672056  0.648888  0.213164  0.850055  0.247602 0.0  0.248837  0.744603  0.440048  0.218838  0.258240  0.773062  0.853645  0.304136  0.463795  0.517568  0.805628  0.748152  0.701422  0.296422  0.604061  0.317615  0.772181  0.311027  0.321630  0.845772  0.650381  0.804925  0.787485  0.537621  0.266662  0.620854  0.214107  0.478462  0.636268  0.654959  0.470869 
30  0.657412  0.636986  0.306796  0.272958  0.301258  0.346577  0.773385  0.665570  0.795397  0.877983  0.663192  0.777727  0.871977  0.728321  0.805180  0.361412  0.317705  0.754618  0.741456  0.751084  0.288670  0.310758  0.576978  0.192328  0.717150  0.667777  0.272109  0.657441  0.305191  0.248837 0.0  0.734035  0.503198  0.297633  0.343182  0.742149  0.834338  0.261358  0.468351  0.475463  0.687436  0.821595  0.702466  0.313019  0.728378  0.317466  0.758258  0.288806  0.267954  0.954268  0.723837  0.922045  0.712083  0.468141  0.306830  0.690843  0.331356  0.478556  0.767906  0.897467  0.541390 
31  0.597940  0.570205  0.825601  0.727338  0.797905  0.702572  0.648461  0.634701  0.500719  0.676094  0.605224  0.120355  0.360334  0.599475  0.599391  0.772011  0.762129  0.221061  0.782849  0.552383  0.741667  0.828280  0.812259  0.727506  0.540507  0.660119  0.761884  0.661823  0.810991  0.744603  0.734035 0.0  0.679559  0.771983  0.706368  0.618022  0.717786  0.734349  0.831109  0.714239  0.680508  0.715109  0.646946  0.691832  0.632276  0.829058  0.671104  0.706438  0.804044  0.624522  0.605819  0.807446  0.141143  0.698428  0.780736  0.587840  0.720635  0.673825  0.650517  0.579223  0.846677 
32  0.576908  0.418045  0.523846  0.533776  0.404324  0.510329  0.600536  0.586028  0.835376  0.751858  0.621705  0.633414  0.656046  0.618695  0.686876  0.433986  0.412746  0.667843  0.666818  0.654041  0.366533  0.452903  0.355741  0.449052  0.509224  0.626221  0.536497  0.540290  0.529472  0.440048  0.503198  0.679559 0.0  0.543960  0.427728  0.674784  0.804223  0.488543  0.390957  0.228377  0.549708  0.700410  0.491291  0.440890  0.626327  0.498831  0.678313  0.416424  0.490855  0.554096  0.631732  0.710270  0.635973  0.407587  0.367094  0.522643  0.481136  0.210936  0.586164  0.596411  0.303138 
33  0.681744  0.566051  0.238401  0.221292  0.227201  0.341239  0.730981  0.662284  0.729463  0.881693  0.774104  0.799015  0.666399  0.781150  0.909421  0.372301  0.307373  0.811555  0.808322  0.907688  0.335394  0.373047  0.512099  0.366557  0.720006  0.651946  0.313474  0.745896  0.254807  0.218838  0.297633  0.771983  0.543960 0.0  0.282930  0.672972  0.792198  0.336459  0.512867  0.467334  0.788797  0.746982  0.826956  0.315600  0.908211  0.309635  0.678603  0.364408  0.284966  0.975327  0.659720  0.755258  0.778750  0.498614  0.318899  0.742043  0.331799  0.536225  0.820788  0.678768  0.495004 
34  0.594930  0.478217  0.329056  0.327148  0.273534  0.327930  0.842204  0.676101  0.744758  0.750777  0.613184  0.750069  0.754295  0.868282  0.858485  0.197936  0.168903  0.695926  0.849000  0.744323  0.307694  0.302712  0.533452  0.268400  0.646072  0.672864  0.246161  0.752229  0.340848  0.258240  0.343182  0.706368  0.427728  0.282930 0.0  0.705990  0.775169  0.228329  0.568014  0.446523  0.694722  0.812221  0.603182  0.312117  0.583087  0.208654  0.700812  0.235339  0.324480  0.872684  0.652713  0.710169  0.729042  0.559547  0.308882  0.651273  0.165283  0.418183  0.739605  0.654909  0.518155 
35  0.541583  0.508791  0.801634  0.732077  0.593970  0.796465  0.653648  0.358350  0.657986  0.713452  0.280547  0.665778  0.512831  0.584349  0.648973  0.697824  0.760107  0.570177  0.621262  0.687437  0.672278  0.709626  0.809639  0.730031  0.519733  0.534047  0.825410  0.400413  0.728567  0.773062  0.742149  0.618022  0.674784  0.672972  0.705990 0.0  0.606436  0.659088  0.862965  0.689390  0.599026  0.608225  0.292605  0.724469  0.352893  0.643214  0.363529  0.572853  0.732584  0.527819  0.293111  0.564106  0.626925  0.737860  0.673329  0.240051  0.724135  0.731612  0.719900  0.518604  0.679012 
36  0.585526  0.566836  0.796761  0.882031  0.755874  0.718653  0.573051  0.687342  0.586567  0.168058  0.593423  0.675831  0.619529  0.207289  0.685558  0.748190  0.745059  0.584050  0.615026  0.186234  0.877956  0.811206  0.779985  0.636862  0.598576  0.613139  0.967750  0.654045  0.714915  0.853645  0.834338  0.717786  0.804223  0.792198  0.775169  0.606436 0.0  0.680353  0.754556  0.724529  0.309054  0.216480  0.567980  0.759617  0.579242  0.838440  0.600917  0.738649  0.830040  0.107898  0.635936  0.297264  0.795825  0.821043  0.792618  0.634703  0.808207  0.694429  0.698442  0.598524  0.713408 
37  0.677689  0.567738  0.278641  0.347501  0.243344  0.281489  0.665221  0.651390  0.714513  0.692800  0.683849  0.606801  0.698498  0.750012  0.688078  0.261156  0.293757  0.911058  0.737444  0.758977  0.287219  0.254310  0.450488  0.278989  0.624954  0.744986  0.329967  0.747819  0.314065  0.304136  0.261358  0.734349  0.488543  0.336459  0.228329  0.659088  0.680353 0.0  0.360705  0.414155  0.694570  0.710543  0.686325  0.240811  0.722183  0.294002  0.699726  0.278740  0.268515  0.851105  0.597515  0.625101  0.679900  0.528075  0.264918  0.676309  0.261540  0.400178  0.753630  0.617506  0.442038 
38  0.497249  0.463500  0.530369  0.514009  0.574333  0.527219  0.634550  0.755826  0.719874  0.708866  0.646520  0.642870  0.678005  0.770855  0.811236  0.448826  0.449251  0.707093  0.728899  0.594950  0.503856  0.541337  0.216324  0.480067  0.603578  0.550803  0.651272  0.653208  0.463002  0.463795  0.468351  0.831109  0.390957  0.512867  0.568014  0.862965  0.754556  0.360705 0.0  0.303722  0.613323  0.576122  0.634030  0.444689  0.586641  0.563422  0.577544  0.538886  0.480174  0.775578  0.645316  0.725113  0.635386  0.113250  0.450642  0.658058  0.459371  0.380448  0.579325  0.687840  0.273801 
39  0.681450  0.449368  0.483363  0.472826  0.462158  0.435875  0.799483  0.564368  0.763131  0.780621  0.629862  0.767126  0.588090  0.733855  0.744160  0.460684  0.431333  0.753017  0.794541  0.821521  0.446434  0.460034  0.335703  0.506759  0.647122  0.570878  0.485617  0.621390  0.464925  0.517568  0.475463  0.714239  0.228377  0.467334  0.446523  0.689390  0.724529  0.414155  0.303722 0.0  0.482905  0.922345  0.643849  0.422684  0.575768  0.510195  0.549059  0.474731  0.440737  0.701680  0.634761  0.768868  0.715151  0.339079  0.442006  0.633215  0.430267  0.206353  0.763018  0.763852  0.303645 
40  0.543462  0.499849  0.700274  0.603737  0.707488  0.665674  0.665261  0.561038  0.626377  0.264365  0.657612  0.581974  0.556668  0.266764  0.691634  0.563048  0.617040  0.634326  0.588840  0.226475  0.673252  0.668257  0.688270  0.720922  0.515967  0.512461  0.824374  0.508836  0.726970  0.805628  0.687436  0.680508  0.549708  0.788797  0.694722  0.599026  0.309054  0.694570  0.613323  0.482905 0.0  0.274732  0.542968  0.684437  0.633177  0.705940  0.612120  0.684595  0.700224  0.211445  0.641570  0.239177  0.675264  0.739813  0.660469  0.580395  0.776868  0.537505  0.694052  0.607783  0.713831 
41  0.517693  0.543901  0.888946  0.813451  0.858637  0.915764  0.671817  0.553272  0.620019  0.202363  0.698275  0.541875  0.667819  0.176670  0.688350  0.723956  0.795631  0.686054  0.581624  0.224475  0.611248  0.749610  0.708877  0.725779  0.529880  0.525776  0.760513  0.586928  0.752780  0.748152  0.821595  0.715109  0.700410  0.746982  0.812221  0.608225  0.216480  0.710543  0.576122  0.922345  0.274732 0.0  0.594134  0.745377  0.576747  0.773434  0.627818  0.813523  0.747332  0.230590  0.654400  0.307558  0.711425  0.667859  0.758525  0.569094  0.737816  0.626617  0.599023  0.749982  0.767675 
42  0.547132  0.589732  0.622412  0.711960  0.585622  0.645604  0.665720  0.322969  0.571351  0.608084  0.371530  0.503455  0.611156  0.640695  0.649358  0.595913  0.663130  0.589867  0.609417  0.616008  0.710313  0.555201  0.618465  0.679778  0.504820  0.565286  0.590667  0.309982  0.656796  0.701422  0.702466  0.646946  0.491291  0.826956  0.603182  0.292605  0.567980  0.686325  0.634030  0.643849  0.542968  0.594134 0.0  0.601329  0.314783  0.678743  0.343543  0.585092  0.586491  0.485562  0.365049  0.533169  0.562421  0.660855  0.610573  0.112715  0.695305  0.596585  0.655320  0.626514  0.665588 
43  0.654168  0.528153  0.323244  0.387765  0.311014  0.156366  0.779420  0.664241  0.720804  0.786023  0.868533  0.827801  0.659752  0.723251  0.768913  0.304734  0.322281  0.646687  0.775385  0.713298  0.193251  0.205912  0.542954  0.300997  0.620576  0.653184  0.303255  0.657654  0.335055  0.296422  0.313019  0.691832  0.440890  0.315600  0.312117  0.724469  0.759617  0.240811  0.444689  0.422684  0.684437  0.745377  0.601329 0.0  0.738233  0.283412  0.723674  0.133220  0.296478  0.809308  0.703471  0.643949  0.726794  0.486387  0.157468  0.597894  0.308674  0.470606  0.701236  0.618698  0.511508 
44  0.556153  0.481733  0.682898  0.674778  0.735995  0.726916  0.779898  0.243083  0.598386  0.678544  0.420130  0.677104  0.656464  0.671255  0.585425  0.712708  0.677067  0.609514  0.653815  0.658255  0.685661  0.634986  0.603112  0.599760  0.648173  0.505190  0.814689  0.249312  0.714570  0.604061  0.728378  0.632276  0.626327  0.908211  0.583087  0.352893  0.579242  0.722183  0.586641  0.575768  0.633177  0.576747  0.314783  0.738233 0.0  0.750874  0.126511  0.634896  0.893886  0.603298  0.416657  0.536405  0.688125  0.592858  0.763036  0.281633  0.781076  0.669626  0.693422  0.631775  0.627647 
45  0.632968  0.545322  0.310722  0.379260  0.326127  0.344092  0.757223  0.534516  0.785142  0.845249  0.695841  0.741732  0.759359  0.829807  0.721570  0.190763  0.277521  0.766433  0.787970  0.719698  0.353722  0.340579  0.446701  0.305916  0.561072  0.679672  0.222455  0.773715  0.317674  0.317615  0.317466  0.829058  0.498831  0.309635  0.208654  0.643214  0.838440  0.294002  0.563422  0.510195  0.705940  0.773434  0.678743  0.283412  0.750874 0.0  0.862862  0.301464  0.272268  0.654968  0.593822  0.867576  0.859856  0.475074  0.384461  0.570625  0.215177  0.497154  0.738083  0.784205  0.545199 
46  0.578104  0.542226  0.774707  0.811241  0.707924  0.622447  0.507084  0.218624  0.568277  0.674008  0.449499  0.678570  0.585579  0.646547  0.643485  0.757660  0.699120  0.707881  0.641136  0.642941  0.769424  0.836297  0.603546  0.811942  0.623208  0.559139  0.622835  0.233336  0.630469  0.772181  0.758258  0.671104  0.678313  0.678603  0.700812  0.363529  0.600917  0.699726  0.577544  0.549059  0.612120  0.627818  0.343543  0.723674  0.126511  0.862862 0.0  0.612538  0.720404  0.648747  0.446370  0.535659  0.567638  0.584662  0.681267  0.304619  0.555227  0.665355  0.707538  0.623479  0.631493 
47  0.643787  0.475551  0.355816  0.370946  0.314644  0.159293  0.737551  0.687380  0.816636  0.725259  0.603206  0.691854  0.679399  0.710436  0.565936  0.271572  0.322259  0.582564  0.816121  0.742050  0.204781  0.226029  0.554176  0.296815  0.649302  0.704947  0.276854  0.714470  0.334166  0.311027  0.288806  0.706438  0.416424  0.364408  0.235339  0.572853  0.738649  0.278740  0.538886  0.474731  0.684595  0.813523  0.585092  0.133220  0.634896  0.301464  0.612538 0.0  0.321090  0.678868  0.562384  0.698686  0.761315  0.507470  0.181946  0.550394  0.288591  0.474359  0.745183  0.756381  0.594746 
48  0.760525  0.517831  0.289763  0.309474  0.291164  0.314938  0.728480  0.842222  0.756700  0.907113  0.584216  0.779910  0.775130  0.782719  0.973545  0.281237  0.327543  0.755998  0.784966  0.841866  0.304459  0.270388  0.492921  0.313486  0.645475  0.759887  0.252291  0.781996  0.277907  0.321630  0.267954  0.804044  0.490855  0.284966  0.324480  0.732584  0.830040  0.268515  0.480174  0.440737  0.700224  0.747332  0.586491  0.296478  0.893886  0.272268  0.720404  0.321090 0.0  0.737787  0.601064  0.766350  0.705457  0.499323  0.269929  0.702437  0.301341  0.383101  0.812436  0.703074  0.561614 
49  0.570852  0.491813  0.798522  0.762896  0.766273  0.754371  0.704118  0.641610  0.550093  0.174015  0.696199  0.640768  0.482567  0.187575  0.604680  0.720859  0.854949  0.800981  0.585078  0.177803  0.811174  0.801605  0.675242  0.838976  0.588352  0.660530  0.887360  0.700754  0.841925  0.845772  0.954268  0.624522  0.554096  0.975327  0.872684  0.527819  0.107898  0.851105  0.775578  0.701680  0.211445  0.230590  0.485562  0.809308  0.603298  0.654968  0.648747  0.678868  0.737787 0.0  0.646268  0.317854  0.634427  0.702161  0.671802  0.646439  0.950662  0.855139  0.587348  0.679393  0.759165 
50  0.612729  0.452294  0.699399  0.943018  0.665288  0.680898  0.571403  0.430788  0.696914  0.633936  0.200277  0.572425  0.496179  0.657468  0.649022  0.685362  0.683846  0.756316  0.669186  0.682095  0.813783  0.695845  0.612207  0.670766  0.665513  0.576123  0.797313  0.402605  0.768375  0.650381  0.723837  0.605819  0.631732  0.659720  0.652713  0.293111  0.635936  0.597515  0.645316  0.634761  0.641570  0.654400  0.365049  0.703471  0.416657  0.593822  0.446370  0.562384  0.601064  0.646268 0.0  0.633344  0.664724  0.659469  0.545158  0.367027  0.736635  0.681065  0.596647  0.643472  0.634321 
51  0.523989  0.524112  0.799368  0.809564  0.625912  0.687688  0.509695  0.529564  0.554690  0.266427  0.659933  0.745572  0.612426  0.302139  0.763750  0.762022  0.694462  0.602260  0.668204  0.278512  0.749815  0.673100  0.713014  0.756481  0.634817  0.595340  0.724233  0.702164  0.744019  0.804925  0.922045  0.807446  0.710270  0.755258  0.710169  0.564106  0.297264  0.625101  0.725113  0.768868  0.239177  0.307558  0.533169  0.643949  0.536405  0.867576  0.535659  0.698686  0.766350  0.317854  0.633344 0.0  0.547852  0.667098  0.677272  0.572688  0.721757  0.706355  0.584006  0.619822  0.671621 
52  0.619563  0.480268  0.821374  0.803414  0.679596  0.783166  0.710190  0.531259  0.623719  0.711392  0.710037  0.134693  0.359646  0.593119  0.628294  0.869364  0.725585  0.240918  0.697905  0.765336  0.775415  0.745249  0.720451  0.870817  0.561707  0.630712  0.694671  0.606343  0.690240  0.787485  0.712083  0.141143  0.635973  0.778750  0.729042  0.626925  0.795825  0.679900  0.635386  0.715151  0.675264  0.711425  0.562421  0.726794  0.688125  0.859856  0.567638  0.761315  0.705457  0.634427  0.664724  0.547852 0.0  0.687690  0.675060  0.584868  0.780652  0.713090  0.615843  0.642071  0.656842 
53  0.608469  0.544779  0.474130  0.476554  0.432426  0.465874  0.669721  0.679698  0.784546  0.752259  0.646220  0.744729  0.739075  0.623936  0.745152  0.508569  0.482487  0.707793  0.734203  0.805678  0.456723  0.422006  0.204980  0.455785  0.496254  0.517974  0.495706  0.602535  0.541698  0.537621  0.468141  0.698428  0.407587  0.498614  0.559547  0.737860  0.821043  0.528075  0.113250  0.339079  0.739813  0.667859  0.660855  0.486387  0.592858  0.475074  0.584662  0.507470  0.499323  0.702161  0.659469  0.667098  0.687690 0.0  0.484367  0.652860  0.484361  0.401395  0.669535  0.656757  0.285077 
54  0.606107  0.456109  0.332155  0.360472  0.294139  0.211568  0.697680  0.723610  0.718129  0.831930  0.716169  0.603182  0.808113  0.719543  0.870018  0.325302  0.314445  0.743502  0.791671  0.732311  0.186744  0.228948  0.518079  0.288317  0.711154  0.624305  0.368834  0.612386  0.277773  0.266662  0.306830  0.780736  0.367094  0.318899  0.308882  0.673329  0.792618  0.264918  0.450642  0.442006  0.660469  0.758525  0.610573  0.157468  0.763036  0.384461  0.681267  0.181946  0.269929  0.671802  0.545158  0.677272  0.675060  0.484367 0.0  0.718111  0.331786  0.403264  0.785662  0.774104  0.556382 
55  0.559128  0.514299  0.618064  0.667596  0.544443  0.602483  0.659769  0.331283  0.582913  0.565100  0.343964  0.514235  0.550873  0.625240  0.676476  0.653824  0.523563  0.628918  0.735187  0.602655  0.708992  0.735355  0.646597  0.508733  0.498589  0.526363  0.614810  0.332132  0.617059  0.620854  0.690843  0.587840  0.522643  0.742043  0.651273  0.240051  0.634703  0.676309  0.658058  0.633215  0.580395  0.569094  0.112715  0.597894  0.281633  0.570625  0.304619  0.550394  0.702437  0.646439  0.367027  0.572688  0.584868  0.652860  0.718111 0.0  0.612664  0.638029  0.546216  0.481393  0.560050 
56  0.684809  0.387528  0.266124  0.363827  0.314826  0.364337  0.745147  0.609855  0.775268  0.809609  0.866538  0.756179  0.561452  0.799418  0.776162  0.187350  0.121550  0.767034  0.682350  0.764745  0.386301  0.330804  0.558132  0.287823  0.607805  0.620843  0.267092  0.710583  0.331877  0.214107  0.331356  0.720635  0.481136  0.331799  0.165283  0.724135  0.808207  0.261540  0.459371  0.430267  0.776868  0.737816  0.695305  0.308674  0.781076  0.215177  0.555227  0.288591  0.301341  0.950662  0.736635  0.721757  0.780652  0.484361  0.331786  0.612664 0.0  0.502425  0.799691  0.750640  0.522346 
57  0.668349  0.435327  0.467255  0.501738  0.394469  0.452467  0.770930  0.617880  0.681476  0.797894  0.797109  0.678205  0.797063  0.822090  0.780834  0.465050  0.485185  0.694343  0.798621  0.636386  0.514943  0.438242  0.362273  0.483322  0.630486  0.580816  0.471205  0.542444  0.417137  0.478462  0.478556  0.673825  0.210936  0.536225  0.418183  0.731612  0.694429  0.400178  0.380448  0.206353  0.537505  0.626617  0.596585  0.470606  0.669626  0.497154  0.665355  0.474359  0.383101  0.855139  0.681065  0.706355  0.713090  0.401395  0.403264  0.638029  0.502425 0.0  0.719179  0.665914  0.437269 
58  0.707428  0.598042  0.724845  0.741408  0.771218  0.610760  0.153072  0.499216  0.209880  0.765591  0.638951  0.702460  0.609458  0.641062  0.271255  0.757568  0.738500  0.694476  0.303432  0.608454  0.586333  0.719056  0.685968  0.745771  0.664493  0.630388  0.682223  0.703962  0.686486  0.636268  0.767906  0.650517  0.586164  0.820788  0.739605  0.719900  0.698442  0.753630  0.579325  0.763018  0.694052  0.599023  0.655320  0.701236  0.693422  0.738083  0.707538  0.745183  0.812436  0.587348  0.596647  0.584006  0.615843  0.669535  0.785662  0.546216  0.799691  0.719179 0.0  0.184617  0.697358 
59  0.530071  0.606490  0.752464  0.758752  0.800564  0.765719  0.126565  0.641743  0.096963  0.609526  0.703556  0.633131  0.582950  0.545461  0.244320  0.747314  0.771371  0.748003  0.195778  0.713542  0.670696  0.632166  0.685337  0.645458  0.551532  0.655822  0.805482  0.667019  0.736380  0.654959  0.897467  0.579223  0.596411  0.678768  0.654909  0.518604  0.598524  0.617506  0.687840  0.763852  0.607783  0.749982  0.626514  0.618698  0.631775  0.784205  0.623479  0.756381  0.703074  0.679393  0.643472  0.619822  0.642071  0.656757  0.774104  0.481393  0.750640  0.665914  0.184617 0.0  0.758222 
60  0.617062  0.463372  0.525881  0.557350  0.520861  0.521063  0.763968  0.717782  0.775376  0.783764  0.612735  0.669969  0.647341  0.817218  0.575146  0.486187  0.558874  0.647999  0.733101  0.673964  0.490465  0.539046  0.188691  0.483908  0.615000  0.501878  0.442463  0.665141  0.521315  0.470869  0.541390  0.846677  0.303138  0.495004  0.518155  0.679012  0.713408  0.442038  0.273801  0.303645  0.713831  0.767675  0.665588  0.511508  0.627647  0.545199  0.631493  0.594746  0.561614  0.759165  0.634321  0.671621  0.656842  0.285077  0.556382  0.560050  0.522346  0.437269  0.697358  0.758222 0.0 
