61
0 0.0  0.528591  0.661081  0.813419  0.765083  0.725853  0.533183  0.536821  0.604609  0.624681  0.534631  0.671743  0.600442  0.497757  0.582930  0.612322  0.725427  0.555334  0.591481  0.604905  0.738556  0.716719  0.640414  0.719381  0.657132  0.623631  0.727239  0.666139  0.779946  0.808102  0.742409  0.623788  0.681596  0.654895  0.702282  0.649263  0.590676  0.714523  0.617466  0.688737  0.553202  0.652776  0.721211  0.738823  0.631597  0.707921  0.635564  0.669993  0.752907  0.614741  0.689463  0.522730  0.652906  0.652738  0.619560  0.564878  0.718955  0.716761  0.703111  0.629266  0.683752 
1  0.528591 0.0  0.662129  0.668974  0.514568  0.551738  0.596091  0.613948  0.582080  0.546934  0.529711  0.587680  0.536407  0.709521  0.662457  0.472690  0.599883  0.563606  0.729220  0.564076  0.665792  0.572431  0.396018  0.504049  0.509547  0.482858  0.426831  0.620566  0.610049  0.627906  0.619280  0.517981  0.499636  0.598292  0.553833  0.467368  0.677428  0.522642  0.494164  0.417051  0.568814  0.587905  0.524204  0.480890  0.564355  0.504891  0.608596  0.521087  0.484832  0.712888  0.458701  0.540666  0.684250  0.676467  0.540245  0.642850  0.510022  0.525359  0.504313  0.615742  0.525502 
2  0.661081  0.662129 0.0  0.224079  0.255952  0.349207  0.884523  0.854513  0.782764  0.837409  0.780272  0.875499  0.842859  0.913260  0.782290  0.425146  0.319517  0.802108  0.841249  0.810311  0.399588  0.346615  0.572177  0.394877  0.642653  0.760203  0.343482  0.793079  0.227834  0.316407  0.341262  0.806594  0.598937  0.210632  0.389036  0.673883  0.829489  0.317979  0.653029  0.526533  0.745358  0.801333  0.810329  0.375526  0.770495  0.374982  0.737206  0.419300  0.356093  0.919576  0.781677  0.766872  0.808527  0.596318  0.386440  0.703153  0.411623  0.554582  0.779878  0.826723  0.611625 
3  0.813419  0.668974  0.224079 0.0  0.208649  0.452785  0.875628  0.769149  0.843442  0.825964  0.843628  0.697838  0.883141  0.792955  0.853356  0.417346  0.416673  0.729724  0.889607  0.825921  0.367099  0.436642  0.599039  0.474965  0.750308  0.841018  0.302845  0.855791  0.347016  0.373059  0.369493  0.856638  0.600020  0.187841  0.319309  0.843516  0.797274  0.371614  0.542640  0.648546  0.841349  0.765468  0.697298  0.404115  0.819621  0.458565  0.731251  0.456947  0.381973  0.907650  0.745128  0.827687  0.841453  0.438325  0.408784  0.778043  0.426754  0.561187  0.924092  0.724883  0.568839 
4  0.765083  0.514568  0.255952  0.208649 0.0  0.435115  0.796753  0.734225  0.757560  0.874850  0.786423  0.850519  0.728842  0.738559  0.673777  0.440882  0.329161  0.818565  0.843261  0.816755  0.395118  0.430396  0.549524  0.382713  0.653823  0.640829  0.345987  0.701211  0.159956  0.304853  0.281943  0.746738  0.505293  0.282480  0.223271  0.709788  0.838323  0.326377  0.565297  0.549725  0.829798  0.782685  0.685412  0.413565  0.749776  0.319831  0.710770  0.369723  0.274393  0.857964  0.822332  0.821879  0.805142  0.505358  0.362048  0.602076  0.290526  0.560137  0.894280  0.735680  0.637814 
5  0.725853  0.551738  0.349207  0.452785  0.435115 0.0  0.833489  0.680370  0.881130  0.830943  0.722345  0.751304  0.758607  0.887413  0.807604  0.287020  0.413187  0.819142  0.750701  0.797497  0.257821  0.210969  0.590772  0.290379  0.761561  0.651865  0.405885  0.700298  0.445523  0.304609  0.339678  0.726606  0.474506  0.412348  0.454645  0.768134  0.926715  0.285336  0.535284  0.524543  0.709883  0.806672  0.709739  0.214027  0.741117  0.338891  0.742758  0.213001  0.373307  0.815329  0.772155  0.839089  0.727573  0.588865  0.223493  0.621348  0.474109  0.480033  0.760822  0.689101  0.573006 
6  0.533183  0.596091  0.884523  0.875628  0.796753  0.833489 0.0  0.664281  0.122495  0.675803  0.785626  0.746748  0.682638  0.576976  0.308635  0.778780  0.890510  0.694198  0.126422  0.601305  0.869241  0.823014  0.715781  0.755228  0.644673  0.714759  0.828518  0.701838  0.802620  0.800641  0.768282  0.622804  0.750685  0.833675  0.795012  0.722015  0.675467  0.876795  0.734613  0.823374  0.586397  0.601564  0.768232  0.779210  0.685524  0.906582  0.620481  0.737339  0.850050  0.642745  0.790781  0.718377  0.699682  0.787689  0.771361  0.692922  0.772974  0.776323  0.174137  0.165043  0.784857 
7  0.536821  0.613948  0.854513  0.769149  0.734225  0.680370  0.664281 0.0  0.673061  0.687366  0.526862  0.630940  0.570932  0.658648  0.744068  0.769775  0.749032  0.758119  0.723839  0.721832  0.747885  0.748224  0.787016  0.767989  0.701911  0.606242  0.689379  0.184836  0.627987  0.748106  0.701652  0.631073  0.552362  0.752185  0.925396  0.431880  0.690648  0.762051  0.760107  0.550810  0.598917  0.723593  0.348490  0.715339  0.312423  0.755415  0.285128  0.769123  0.751291  0.627937  0.510346  0.617428  0.654970  0.719713  0.754080  0.300145  0.718032  0.558151  0.839007  0.496972  0.729964 
8  0.604609  0.582080  0.782764  0.843442  0.757560  0.881130  0.122495  0.673061 0.0  0.634328  0.688717  0.673186  0.583334  0.585303  0.249112  0.864912  0.825182  0.601703  0.308171  0.685107  0.866250  0.798100  0.738488  0.801058  0.601010  0.672002  0.889236  0.728073  0.976055  0.885132  0.779282  0.605172  0.719450  0.718041  0.837671  0.630669  0.642126  0.775149  0.684156  0.775750  0.738458  0.722778  0.643628  0.814721  0.620346  0.878442  0.656394  0.776779  0.951503  0.573011  0.756339  0.585291  0.643647  0.750736  0.839408  0.706241  0.780517  0.794620  0.283051  0.180993  0.770108 
9  0.624681  0.546934  0.837409  0.825964  0.874850  0.830943  0.675803  0.687366  0.634328 0.0  0.719115  0.857335  0.700505  0.121462  0.578472  0.780749  0.933977  0.694860  0.673027  0.189741  0.868435  0.925650  0.800037  0.827226  0.758268  0.834418  0.825912  0.773747  0.857014  0.956239  0.794754  0.682248  0.761258  1.000000  0.861446  0.725070  0.152215  0.754230  0.854735  0.842466  0.369409  0.285037  0.715496  0.858553  0.715179  0.807578  0.611817  0.939761  0.818841  0.204155  0.687943  0.354758  0.752453  0.794102  0.852419  0.742051  0.857650  0.846836  0.677405  0.639054  0.717188 
10  0.534631  0.529711  0.780272  0.843628  0.786423  0.722345  0.785626  0.526862  0.688717  0.719115 0.0  0.591991  0.516790  0.685544  0.699199  0.798556  0.771238  0.753594  0.647508  0.698096  0.767771  0.719963  0.746622  0.767156  0.507517  0.505141  0.855159  0.475570  0.719008  0.770605  0.867550  0.645225  0.697200  0.855327  0.763607  0.147366  0.885967  0.757908  0.748051  0.837864  0.730443  0.760121  0.345717  0.704887  0.541843  0.797994  0.459035  0.724111  0.747937  0.630978  0.157546  0.695083  0.731585  0.720051  0.779714  0.396088  0.762197  0.717141  0.733427  0.756543  0.682629 
11  0.671743  0.587680  0.875499  0.697838  0.850519  0.751304  0.746748  0.630940  0.673186  0.857335  0.591991 0.0  0.487936  0.663015  0.692436  0.770866  0.895161  0.191134  0.731388  0.719143  0.865061  0.792788  0.766117  0.819123  0.574691  0.688784  0.800732  0.693685  0.811922  0.782426  0.730214  0.077772  0.762082  0.848323  0.766528  0.628385  0.765284  0.782974  0.797205  0.699590  0.633711  0.825909  0.653761  0.803399  0.659803  0.979344  0.664771  0.793025  0.890079  0.699274  0.725938  0.744658  0.132619  0.823394  0.709865  0.675358  0.803474  0.727043  0.656178  0.727730  0.914285 
12  0.600442  0.536407  0.842859  0.883141  0.728842  0.758607  0.682638  0.570932  0.583334  0.700505  0.516790  0.487936 0.0  0.564685  0.678892  0.716142  0.746627  0.440816  0.607444  0.634069  0.878338  0.817207  0.812399  0.718194  0.663747  0.528211  0.841953  0.692941  0.809932  0.769285  0.826156  0.394237  0.761029  0.808204  0.766779  0.457028  0.648124  0.729963  0.751540  0.868676  0.589751  0.766165  0.649383  0.807497  0.674898  0.853168  0.572909  0.760525  0.819633  0.642112  0.589366  0.603162  0.539398  0.686765  0.785255  0.479814  0.713661  0.634687  0.728260  0.643570  0.702508 
13  0.497757  0.709521  0.913260  0.792955  0.738559  0.887413  0.576976  0.658648  0.585303  0.121462  0.685544  0.663015  0.564685 0.0  0.697505  0.858301  0.884191  0.615143  0.590572  0.221448  0.900397  0.885120  0.669193  0.756754  0.720722  0.599188  0.823948  0.658386  0.914452  0.867904  0.725968  0.696499  0.763162  0.822959  0.745643  0.732558  0.236548  0.811538  0.698820  0.784834  0.309785  0.187014  0.631716  0.787064  0.770407  0.803475  0.653393  0.842235  0.836678  0.231900  0.680698  0.366096  0.745973  0.701100  0.828465  0.641493  0.899624  0.892287  0.609189  0.486242  0.708741 
14  0.582930  0.662457  0.782290  0.853356  0.673777  0.807604  0.308635  0.744068  0.249112  0.578472  0.699199  0.692436  0.678892  0.697505 0.0  0.800828  0.770794  0.736682  0.172236  0.597777  0.797193  0.893965  0.609955  0.857597  0.606902  0.653712  0.831086  0.742147  0.841267  0.915852  0.841178  0.663177  0.760205  0.786294  0.856765  0.690565  0.677823  0.876359  0.688836  0.842213  0.675053  0.667861  0.667791  0.767276  0.741141  0.747224  0.662823  0.803010  0.810662  0.638698  0.586447  0.721366  0.779530  0.638985  0.843860  0.685738  0.889664  0.820505  0.297563  0.225616  0.720486 
15  0.612322  0.472690  0.425146  0.417346  0.440882  0.287020  0.778780  0.769775  0.864912  0.780749  0.798556  0.770866  0.716142  0.858301  0.800828 0.0  0.165707  0.859257  0.758923  0.838248  0.465248  0.471363  0.548336  0.351059  0.794452  0.657177  0.245399  0.753864  0.425584  0.379474  0.422748  0.801992  0.520208  0.452943  0.247262  0.702227  0.841846  0.334186  0.705137  0.415790  0.718239  0.801020  0.663349  0.343000  0.768676  0.283113  0.739678  0.345608  0.347582  0.914307  0.756714  0.746381  0.835031  0.606289  0.343334  0.674629  0.271786  0.531075  0.866641  0.831244  0.580064 
16  0.725427  0.599883  0.319517  0.416673  0.329161  0.413187  0.890510  0.749032  0.825182  0.933977  0.771238  0.895161  0.746627  0.884191  0.770794  0.165707 0.0  0.773927  0.783628  0.782098  0.381627  0.466696  0.605328  0.222028  0.694479  0.657921  0.236087  0.772788  0.393082  0.244542  0.285581  0.820572  0.500557  0.342784  0.174407  0.604811  0.799171  0.190621  0.562520  0.537259  0.649053  0.958240  0.701054  0.236034  0.717553  0.405364  0.686456  0.350575  0.370860  0.959328  0.732267  0.747021  0.787192  0.527963  0.348224  0.652304  0.150168  0.439011  0.870182  0.768632  0.689817 
17  0.555334  0.563606  0.802108  0.729724  0.818565  0.819142  0.694198  0.758119  0.601703  0.694860  0.753594  0.191134  0.440816  0.615143  0.736682  0.859257  0.773927 0.0  0.648589  0.628915  0.803903  0.843967  0.719541  0.834166  0.629053  0.643409  0.815911  0.775362  0.874771  0.776473  0.812659  0.323590  0.690574  0.819988  0.682722  0.678374  0.678536  0.775581  0.716392  0.794951  0.636838  0.816460  0.539698  0.817529  0.648008  0.837086  0.667645  0.848275  0.760441  0.701813  0.705622  0.705592  0.269416  0.706782  0.813468  0.574697  0.735715  0.663720  0.595708  0.689049  0.805905 
18  0.591481  0.729220  0.841249  0.889607  0.843261  0.750701  0.126422  0.723839  0.308171  0.673027  0.647508  0.731388  0.607444  0.590572  0.172236  0.758923  0.783628  0.648589 0.0  0.677187  0.920824  0.844292  0.680492  0.780292  0.622611  0.737873  0.847520  0.687982  0.803827  0.945493  0.781541  0.639227  0.733575  0.802278  0.825229  0.703682  0.744982  0.801082  0.645631  0.804833  0.699466  0.699285  0.643081  0.846514  0.714621  0.862756  0.671560  0.746919  0.794094  0.635837  0.685412  0.678981  0.731257  0.691917  0.848766  0.719675  0.929482  0.882690  0.265416  0.198306  0.640238 
19  0.604905  0.564076  0.810311  0.825921  0.816755  0.797497  0.601305  0.721832  0.685107  0.189741  0.698096  0.719143  0.634069  0.221448  0.597777  0.838248  0.782098  0.628915  0.677187 0.0  0.938908  0.806144  0.735526  0.757944  0.560941  0.699553  0.774285  0.692812  0.839474  0.844716  0.892183  0.672367  0.691238  0.793623  0.691299  0.616111  0.203530  0.708979  0.789364  0.809446  0.203982  0.299582  0.655552  0.825439  0.740813  0.732926  0.640600  0.758191  0.861140  0.225233  0.654644  0.263815  0.583001  0.645499  0.841216  0.560123  0.733683  0.824585  0.731194  0.481530  0.669514 
20  0.738556  0.665792  0.399588  0.367099  0.395118  0.257821  0.869241  0.747885  0.866250  0.868435  0.767771  0.865061  0.878338  0.900397  0.797193  0.465248  0.381627  0.803903  0.920824  0.938908 0.0  0.194647  0.588474  0.411742  0.779486  0.712234  0.529371  0.800553  0.412652  0.300635  0.337209  0.738188  0.621716  0.425280  0.359602  0.770849  0.830911  0.327185  0.532357  0.598406  0.824644  0.759010  0.672605  0.187786  0.787709  0.426189  0.721160  0.276634  0.393861  0.867557  0.828867  0.868444  0.787991  0.671185  0.130275  0.772930  0.492573  0.502428  0.773051  0.880380  0.615507 
21  0.716719  0.572431  0.346615  0.436642  0.430396  0.210969  0.823014  0.748224  0.798100  0.925650  0.719963  0.792788  0.817207  0.885120  0.893965  0.471363  0.466696  0.843967  0.844292  0.806144  0.194647 0.0  0.636730  0.368188  0.663981  0.732228  0.463522  0.795152  0.310983  0.239155  0.475252  0.737408  0.535562  0.459300  0.405700  0.751739  0.834843  0.340312  0.667748  0.564101  0.730425  0.744763  0.693310  0.342766  0.784703  0.460220  0.885550  0.243793  0.364687  0.830444  0.743763  0.796067  0.813398  0.502964  0.186202  0.571487  0.454478  0.536374  0.784533  0.834595  0.618206 
22  0.640414  0.396018  0.572177  0.599039  0.549524  0.590772  0.715781  0.787016  0.738488  0.800037  0.746622  0.766117  0.812399  0.669193  0.609955  0.548336  0.605328  0.719541  0.680492  0.735526  0.588474  0.636730 0.0  0.649407  0.621423  0.700981  0.681816  0.698694  0.485253  0.567211  0.583143  0.727553  0.389350  0.479191  0.510827  0.704214  0.844386  0.577518  0.296446  0.513207  0.629084  0.702186  0.590637  0.663158  0.574197  0.673804  0.643673  0.580115  0.637059  0.746001  0.739769  0.654971  0.850020  0.318495  0.648279  0.612322  0.683386  0.294348  0.788573  0.734223  0.281093 
23  0.719381  0.504049  0.394877  0.474965  0.382713  0.290379  0.755228  0.767989  0.801058  0.827226  0.767156  0.819123  0.718194  0.756754  0.857597  0.351059  0.222028  0.834166  0.780292  0.757944  0.411742  0.368188  0.649407 0.0  0.661706  0.602558  0.422929  0.772889  0.278728  0.303895  0.288683  0.919868  0.514916  0.494479  0.322907  0.690994  0.780966  0.370588  0.555510  0.390760  0.746940  0.925154  0.658598  0.304016  0.684764  0.289459  0.683236  0.361006  0.303607  0.759964  0.797219  0.824330  0.691440  0.530084  0.346088  0.680321  0.337633  0.420335  0.805542  0.834328  0.543731 
24  0.657132  0.509547  0.642653  0.750308  0.653823  0.761561  0.644673  0.701911  0.601010  0.758268  0.507517  0.574691  0.663747  0.720722  0.606902  0.794452  0.694479  0.629053  0.622611  0.560941  0.779486  0.663981  0.621423  0.661706 0.0  0.077772  0.738542  0.700056  0.726044  0.796410  0.618612  0.573175  0.670574  0.655170  0.634225  0.490429  0.700830  0.739003  0.720146  0.658977  0.673208  0.668343  0.441650  0.721585  0.645839  0.772050  0.530944  0.769915  0.752571  0.632339  0.500421  0.738300  0.625141  0.672590  0.714555  0.551806  0.703118  0.642815  0.688526  0.588889  0.731554 
25  0.623631  0.482858  0.760203  0.841018  0.640829  0.651865  0.714759  0.606242  0.672002  0.834418  0.505141  0.688784  0.528211  0.599188  0.653712  0.657177  0.657921  0.643409  0.737873  0.699553  0.712234  0.732228  0.700981  0.602558  0.077772 0.0  0.667403  0.636294  0.753084  0.692931  0.643506  0.673401  0.584166  0.685736  0.718194  0.589913  0.687785  0.641471  0.677179  0.663674  0.599894  0.795759  0.586148  0.633272  0.588858  0.825909  0.582557  0.672452  0.639424  0.672730  0.564810  0.669601  0.637068  0.601282  0.672431  0.568494  0.702904  0.635231  0.685149  0.626793  0.646763 
26  0.727239  0.426831  0.343482  0.302845  0.345987  0.405885  0.828518  0.689379  0.889236  0.825912  0.855159  0.800732  0.841953  0.823948  0.831086  0.245399  0.236087  0.815911  0.847520  0.774285  0.529371  0.463522  0.681816  0.422929  0.738542  0.667403 0.0  0.881036  0.361147  0.205999  0.381501  0.795146  0.490927  0.458988  0.242338  0.812116  0.956607  0.358205  0.605722  0.588393  0.794418  0.824143  0.633517  0.345571  0.790010  0.375010  0.793327  0.423149  0.313403  0.935581  0.743263  0.734975  0.719685  0.596528  0.309274  0.673920  0.288120  0.603079  0.688752  0.797648  0.708366 
27  0.666139  0.620566  0.793079  0.855791  0.701211  0.700298  0.701838  0.184836  0.728073  0.773747  0.475570  0.693685  0.692941  0.658386  0.742147  0.753864  0.772788  0.775362  0.687982  0.692812  0.800553  0.795152  0.698694  0.772889  0.700056  0.636294  0.881036 0.0  0.691483  0.810361  0.793857  0.692469  0.586513  0.825525  0.892185  0.543402  0.663265  0.696822  0.764772  0.651461  0.685642  0.788198  0.423107  0.802822  0.318959  0.851813  0.271539  0.719823  0.721558  0.668285  0.427969  0.637314  0.838455  0.734284  0.716931  0.348197  0.636354  0.687312  0.651476  0.745046  0.737465 
28  0.779946  0.610049  0.227834  0.347016  0.159956  0.445523  0.802620  0.627987  0.976055  0.857014  0.719008  0.811922  0.809932  0.914452  0.841267  0.425584  0.393082  0.874771  0.803827  0.839474  0.412652  0.310983  0.485253  0.278728  0.726044  0.753084  0.361147  0.691483 0.0  0.333847  0.350697  0.793790  0.566403  0.263757  0.514706  0.871286  0.786510  0.319771  0.570183  0.601481  0.788855  0.736154  0.642942  0.377651  0.799619  0.346595  0.864150  0.450978  0.358878  0.922635  0.828696  0.844317  0.844893  0.533352  0.340214  0.766782  0.327588  0.509580  0.754173  0.806307  0.567980 
29  0.808102  0.627906  0.316407  0.373059  0.304853  0.304609  0.800641  0.748106  0.885132  0.956239  0.770605  0.782426  0.769285  0.867904  0.915852  0.379474  0.244542  0.776473  0.945493  0.844716  0.300635  0.239155  0.567211  0.303895  0.796410  0.692931  0.205999  0.810361  0.333847 0.0  0.336422  0.764829  0.498998  0.317382  0.269775  0.762141  0.882781  0.341314  0.555506  0.415106  0.850659  0.847344  0.715243  0.256300  0.747909  0.339731  0.769595  0.317121  0.328937  0.799824  0.790247  0.806235  0.755421  0.554695  0.435871  0.648133  0.276195  0.498543  0.719748  0.947959  0.602461 
30  0.742409  0.619280  0.341262  0.369493  0.281943  0.339678  0.768282  0.701652  0.779282  0.794754  0.867550  0.730214  0.826156  0.725968  0.841178  0.422748  0.285581  0.812659  0.781541  0.892183  0.337209  0.475252  0.583143  0.288683  0.618612  0.643506  0.381501  0.793857  0.350697  0.336422 0.0  0.875539  0.558260  0.258487  0.345272  0.776692  0.903407  0.424767  0.549742  0.435325  0.752074  0.839170  0.735986  0.423257  0.858302  0.451312  0.735435  0.465476  0.314266  0.849673  0.790874  0.811518  0.711425  0.555496  0.294009  0.722155  0.269206  0.498369  0.797806  0.812493  0.562695 
31  0.623788  0.517981  0.806594  0.856638  0.746738  0.726606  0.622804  0.631073  0.605172  0.682248  0.645225  0.077772  0.394237  0.696499  0.663177  0.801992  0.820572  0.323590  0.639227  0.672367  0.738188  0.737408  0.727553  0.919868  0.573175  0.673401  0.795146  0.692469  0.793790  0.764829  0.875539 0.0  0.727097  0.832656  0.729039  0.733696  0.632471  0.781454  0.790813  0.761688  0.697523  0.692045  0.668237  0.785268  0.700773  0.808636  0.680376  0.917677  0.724737  0.794699  0.734886  0.720619  0.127130  0.846553  0.835688  0.675702  0.785371  0.858847  0.668915  0.651640  0.785468 
32  0.681596  0.499636  0.598937  0.600020  0.505293  0.474506  0.750685  0.552362  0.719450  0.761258  0.697200  0.762082  0.761029  0.763162  0.760205  0.520208  0.500557  0.690574  0.733575  0.691238  0.621716  0.535562  0.389350  0.514916  0.670574  0.584166  0.490927  0.586513  0.566403  0.498998  0.558260  0.727097 0.0  0.525197  0.412841  0.720334  0.749634  0.475523  0.377035  0.292307  0.563329  0.749049  0.673510  0.502860  0.741731  0.454639  0.703351  0.483451  0.541814  0.699110  0.736768  0.771312  0.844671  0.458509  0.479578  0.624204  0.515472  0.229324  0.780579  0.801406  0.304259 
33  0.654895  0.598292  0.210632  0.187841  0.282480  0.412348  0.833675  0.752185  0.718041  1.000000  0.855327  0.848323  0.808204  0.822959  0.786294  0.452943  0.342784  0.819988  0.802278  0.793623  0.425280  0.459300  0.479191  0.494479  0.655170  0.685736  0.458988  0.825525  0.263757  0.317382  0.258487  0.832656  0.525197 0.0  0.393083  0.738648  0.900381  0.346019  0.663319  0.612010  0.774547  0.849052  0.766398  0.359459  0.884957  0.444619  0.738432  0.368295  0.230006  0.776135  0.803812  0.751085  0.725672  0.585602  0.334090  0.692238  0.292319  0.501685  0.753014  0.788888  0.658711 
34  0.702282  0.553833  0.389036  0.319309  0.223271  0.454645  0.795012  0.925396  0.837671  0.861446  0.763607  0.766528  0.766779  0.745643  0.856765  0.247262  0.174407  0.682722  0.825229  0.691299  0.359602  0.405700  0.510827  0.322907  0.634225  0.718194  0.242338  0.892185  0.514706  0.269775  0.345272  0.729039  0.412841  0.393083 0.0  0.752563  0.762324  0.298214  0.510174  0.476391  0.735852  0.826762  0.672351  0.339287  0.646528  0.307931  0.691583  0.260709  0.300165  0.821762  0.698241  0.800419  0.801629  0.517098  0.228662  0.582158  0.301366  0.518782  0.744466  0.813408  0.641973 
35  0.649263  0.467368  0.673883  0.843516  0.709788  0.768134  0.722015  0.431880  0.630669  0.725070  0.147366  0.628385  0.457028  0.732558  0.690565  0.702227  0.604811  0.678374  0.703682  0.616111  0.770849  0.751739  0.704214  0.690994  0.490429  0.589913  0.812116  0.543402  0.871286  0.762141  0.776692  0.733696  0.720334  0.738648  0.752563 0.0  0.626821  0.759375  0.584776  0.711481  0.625154  0.819150  0.281732  0.779628  0.436273  0.828797  0.448076  0.732127  0.783851  0.596913  0.374483  0.654912  0.732183  0.736842  0.645361  0.267020  0.662412  0.799915  0.679010  0.603037  0.711210 
36  0.590676  0.677428  0.829489  0.797274  0.838323  0.926715  0.675467  0.690648  0.642126  0.152215  0.885967  0.765284  0.648124  0.236548  0.677823  0.841846  0.799171  0.678536  0.744982  0.203530  0.830911  0.834843  0.844386  0.780966  0.700830  0.687785  0.956607  0.663265  0.786510  0.882781  0.903407  0.632471  0.749634  0.900381  0.762324  0.626821 0.0  0.833269  0.845494  0.844804  0.264769  0.323196  0.644156  0.887493  0.682623  0.914280  0.717654  0.822647  0.714094  0.089611  0.689768  0.351621  0.727003  0.823118  0.892936  0.503591  0.813605  0.882649  0.690229  0.569311  0.807708 
37  0.714523  0.522642  0.317979  0.371614  0.326377  0.285336  0.876795  0.762051  0.775149  0.754230  0.757908  0.782974  0.729963  0.811538  0.876359  0.334186  0.190621  0.775581  0.801082  0.708979  0.327185  0.340312  0.577518  0.370588  0.739003  0.641471  0.358205  0.696822  0.319771  0.341314  0.424767  0.781454  0.475523  0.346019  0.298214  0.759375  0.833269 0.0  0.499098  0.418204  0.782279  0.884374  0.641535  0.347139  0.653818  0.387471  0.773473  0.290052  0.446141  0.742339  0.842437  0.805328  0.785338  0.463330  0.220853  0.645897  0.326457  0.436032  0.865745  0.779144  0.515682 
38  0.617466  0.494164  0.653029  0.542640  0.565297  0.535284  0.734613  0.760107  0.684156  0.854735  0.748051  0.797205  0.751540  0.698820  0.688836  0.705137  0.562520  0.716392  0.645631  0.789364  0.532357  0.667748  0.296446  0.555510  0.720146  0.677179  0.605722  0.764772  0.570183  0.555506  0.549742  0.790813  0.377035  0.663319  0.510174  0.584776  0.845494  0.499098 0.0  0.403420  0.676968  0.775076  0.578612  0.505277  0.600317  0.542361  0.676336  0.593263  0.570395  0.829333  0.768003  0.791591  0.778775  0.186538  0.625908  0.566934  0.629455  0.435211  0.705583  0.707087  0.257590 
39  0.688737  0.417051  0.526533  0.648546  0.549725  0.524543  0.823374  0.550810  0.775750  0.842466  0.837864  0.699590  0.868676  0.784834  0.842213  0.415790  0.537259  0.794951  0.804833  0.809446  0.598406  0.564101  0.513207  0.390760  0.658977  0.663674  0.588393  0.651461  0.601481  0.415106  0.435325  0.761688  0.292307  0.612010  0.476391  0.711481  0.844804  0.418204  0.403420 0.0  0.551052  0.877882  0.635422  0.472924  0.584499  0.564909  0.767632  0.527582  0.437761  0.882177  0.790619  0.814932  0.860107  0.367460  0.510398  0.582314  0.502176  0.193199  0.828732  0.779861  0.444612 
40  0.553202  0.568814  0.745358  0.841349  0.829798  0.709883  0.586397  0.598917  0.738458  0.369409  0.730443  0.633711  0.589751  0.309785  0.675053  0.718239  0.649053  0.636838  0.699466  0.203982  0.824644  0.730425  0.629084  0.746940  0.673208  0.599894  0.794418  0.685642  0.788855  0.850659  0.752074  0.697523  0.563329  0.774547  0.735852  0.625154  0.264769  0.782279  0.676968  0.551052 0.0  0.292928  0.635509  0.746965  0.594525  0.810360  0.608643  0.718059  0.712417  0.283664  0.698597  0.204860  0.677905  0.701316  0.823367  0.627387  0.810772  0.596476  0.816428  0.741031  0.671463 
41  0.652776  0.587905  0.801333  0.765468  0.782685  0.806672  0.601564  0.723593  0.722778  0.285037  0.760121  0.825909  0.766165  0.187014  0.667861  0.801020  0.958240  0.816460  0.699285  0.299582  0.759010  0.744763  0.702186  0.925154  0.668343  0.795759  0.824143  0.788198  0.736154  0.847344  0.839170  0.692045  0.749049  0.849052  0.826762  0.819150  0.323196  0.884374  0.775076  0.877882  0.292928 0.0  0.610886  0.864413  0.665143  0.877952  0.706237  0.846998  0.911944  0.232291  0.715296  0.317034  0.768670  0.794432  0.829643  0.549668  0.876856  0.809222  0.669022  0.675994  0.719642 
42  0.721211  0.524204  0.810329  0.697298  0.685412  0.709739  0.768232  0.348490  0.643628  0.715496  0.345717  0.653761  0.649383  0.631716  0.667791  0.663349  0.701054  0.539698  0.643081  0.655552  0.672605  0.693310  0.590637  0.658598  0.441650  0.586148  0.633517  0.423107  0.642942  0.715243  0.735986  0.668237  0.673510  0.766398  0.672351  0.281732  0.644156  0.641535  0.578612  0.635422  0.635509  0.610886 0.0  0.596193  0.328092  0.691398  0.373514  0.752517  0.831823  0.673050  0.329318  0.655931  0.700034  0.592094  0.653684  0.109832  0.654524  0.703440  0.673350  0.660579  0.589579 
43  0.738823  0.480890  0.375526  0.404115  0.413565  0.214027  0.779210  0.715339  0.814721  0.858553  0.704887  0.803399  0.807497  0.787064  0.767276  0.343000  0.236034  0.817529  0.846514  0.825439  0.187786  0.342766  0.663158  0.304016  0.721585  0.633272  0.345571  0.802822  0.377651  0.256300  0.423257  0.785268  0.502860  0.359459  0.339287  0.779628  0.887493  0.347139  0.505277  0.472924  0.746965  0.864413  0.596193 0.0  0.711625  0.320554  0.688691  0.077772  0.342532  0.836991  0.728434  0.940365  0.760005  0.622422  0.292891  0.594025  0.337450  0.496527  0.778162  0.731986  0.565023 
44  0.631597  0.564355  0.770495  0.819621  0.749776  0.741117  0.685524  0.312423  0.620346  0.715179  0.541843  0.659803  0.674898  0.770407  0.741141  0.768676  0.717553  0.648008  0.714621  0.740813  0.787709  0.784703  0.574197  0.684764  0.645839  0.588858  0.790010  0.318959  0.799619  0.747909  0.858302  0.700773  0.741731  0.884957  0.646528  0.436273  0.682623  0.653818  0.600317  0.584499  0.594525  0.665143  0.328092  0.711625 0.0  0.835354  0.266485  0.710765  0.829823  0.736610  0.462108  0.713808  0.721445  0.683418  0.772283  0.252273  0.715099  0.810319  0.827296  0.698879  0.592972 
45  0.707921  0.504891  0.374982  0.458565  0.319831  0.338891  0.906582  0.755415  0.878442  0.807578  0.797994  0.979344  0.853168  0.803475  0.747224  0.283113  0.405364  0.837086  0.862756  0.732926  0.426189  0.460220  0.673804  0.289459  0.772050  0.825909  0.375010  0.851813  0.346595  0.339731  0.451312  0.808636  0.454639  0.444619  0.307931  0.828797  0.914280  0.387471  0.542361  0.564909  0.810360  0.877952  0.691398  0.320554  0.835354 0.0  0.830435  0.396471  0.257970  0.808313  0.736551  0.760799  0.837609  0.580779  0.352040  0.675215  0.289735  0.585160  0.817666  0.840316  0.523744 
46  0.635564  0.608596  0.737206  0.731251  0.710770  0.742758  0.620481  0.285128  0.656394  0.611817  0.459035  0.664771  0.572909  0.653393  0.662823  0.739678  0.686456  0.667645  0.671560  0.640600  0.721160  0.885550  0.643673  0.683236  0.530944  0.582557  0.793327  0.271539  0.864150  0.769595  0.735435  0.680376  0.703351  0.738432  0.691583  0.448076  0.717654  0.773473  0.676336  0.767632  0.608643  0.706237  0.373514  0.688691  0.266485  0.830435 0.0  0.775416  0.854825  0.765798  0.426768  0.647391  0.756429  0.670476  0.772029  0.301748  0.707648  0.782060  0.646037  0.812724  0.665004 
47  0.669993  0.521087  0.419300  0.456947  0.369723  0.213001  0.737339  0.769123  0.776779  0.939761  0.724111  0.793025  0.760525  0.842235  0.803010  0.345608  0.350575  0.848275  0.746919  0.758191  0.276634  0.243793  0.580115  0.361006  0.769915  0.672452  0.423149  0.719823  0.450978  0.317121  0.465476  0.917677  0.483451  0.368295  0.260709  0.732127  0.822647  0.290052  0.593263  0.527582  0.718059  0.846998  0.752517  0.077772  0.710765  0.396471  0.775416 0.0  0.384480  0.859192  0.675679  0.719871  0.745255  0.664650  0.145910  0.634442  0.235621  0.446223  0.765623  0.838914  0.604450 
48  0.752907  0.484832  0.356093  0.381973  0.274393  0.373307  0.850050  0.751291  0.951503  0.818841  0.747937  0.890079  0.819633  0.836678  0.810662  0.347582  0.370860  0.760441  0.794094  0.861140  0.393861  0.364687  0.637059  0.303607  0.752571  0.639424  0.313403  0.721558  0.358878  0.328937  0.314266  0.724737  0.541814  0.230006  0.300165  0.783851  0.714094  0.446141  0.570395  0.437761  0.712417  0.911944  0.831823  0.342532  0.829823  0.257970  0.854825  0.384480 0.0  0.856402  0.747305  0.750710  0.839990  0.534577  0.412328  0.661407  0.414204  0.382608  0.864524  0.845263  0.565874 
49  0.614741  0.712888  0.919576  0.907650  0.857964  0.815329  0.642745  0.627937  0.573011  0.204155  0.630978  0.699274  0.642112  0.231900  0.638698  0.914307  0.959328  0.701813  0.635837  0.225233  0.867557  0.830444  0.746001  0.759964  0.632339  0.672730  0.935581  0.668285  0.922635  0.799824  0.849673  0.794699  0.699110  0.776135  0.821762  0.596913  0.089611  0.742339  0.829333  0.882177  0.283664  0.232291  0.673050  0.836991  0.736610  0.808313  0.765798  0.859192  0.856402 0.0  0.692207  0.261582  0.750752  0.778441  0.839344  0.654909  0.784826  0.762200  0.779838  0.612207  0.806250 
50  0.689463  0.458701  0.781677  0.745128  0.822332  0.772155  0.790781  0.510346  0.756339  0.687943  0.157546  0.725938  0.589366  0.680698  0.586447  0.756714  0.732267  0.705622  0.685412  0.654644  0.828867  0.743763  0.739769  0.797219  0.500421  0.564810  0.743263  0.427969  0.828696  0.790247  0.790874  0.734886  0.736768  0.803812  0.698241  0.374483  0.689768  0.842437  0.768003  0.790619  0.698597  0.715296  0.329318  0.728434  0.462108  0.736551  0.426768  0.675679  0.747305  0.692207 0.0  0.664559  0.724846  0.804907  0.824790  0.439207  0.717681  0.796228  0.650181  0.759305  0.605248 
51  0.522730  0.540666  0.766872  0.827687  0.821879  0.839089  0.718377  0.617428  0.585291  0.354758  0.695083  0.744658  0.603162  0.366096  0.721366  0.746381  0.747021  0.705592  0.678981  0.263815  0.868444  0.796067  0.654971  0.824330  0.738300  0.669601  0.734975  0.637314  0.844317  0.806235  0.811518  0.720619  0.771312  0.751085  0.800419  0.654912  0.351621  0.805328  0.791591  0.814932  0.204860  0.317034  0.655931  0.940365  0.713808  0.760799  0.647391  0.719871  0.750710  0.261582  0.664559 0.0  0.687651  0.771369  0.755599  0.733950  0.761671  0.755800  0.740158  0.691923  0.778256 
52  0.652906  0.684250  0.808527  0.841453  0.805142  0.727573  0.699682  0.654970  0.643647  0.752453  0.731585  0.132619  0.539398  0.745973  0.779530  0.835031  0.787192  0.269416  0.731257  0.583001  0.787991  0.813398  0.850020  0.691440  0.625141  0.637068  0.719685  0.838455  0.844893  0.755421  0.711425  0.127130  0.844671  0.725672  0.801629  0.732183  0.727003  0.785338  0.778775  0.860107  0.677905  0.768670  0.700034  0.760005  0.721445  0.837609  0.756429  0.745255  0.839990  0.750752  0.724846  0.687651 0.0  0.805615  0.755768  0.626289  0.766310  0.813668  0.701761  0.717555  0.778178 
53  0.652738  0.676467  0.596318  0.438325  0.505358  0.588865  0.787689  0.719713  0.750736  0.794102  0.720051  0.823394  0.686765  0.701100  0.638985  0.606289  0.527963  0.706782  0.691917  0.645499  0.671185  0.502964  0.318495  0.530084  0.672590  0.601282  0.596528  0.734284  0.533352  0.554695  0.555496  0.846553  0.458509  0.585602  0.517098  0.736842  0.823118  0.463330  0.186538  0.367460  0.701316  0.794432  0.592094  0.622422  0.683418  0.580779  0.670476  0.664650  0.534577  0.778441  0.804907  0.771369  0.805615 0.0  0.552297  0.549928  0.561185  0.437368  0.806484  0.715282  0.318420 
54  0.619560  0.540245  0.386440  0.408784  0.362048  0.223493  0.771361  0.754080  0.839408  0.852419  0.779714  0.709865  0.785255  0.828465  0.843860  0.343334  0.348224  0.813468  0.848766  0.841216  0.130275  0.186202  0.648279  0.346088  0.714555  0.672431  0.309274  0.716931  0.340214  0.435871  0.294009  0.835688  0.479578  0.334090  0.228662  0.645361  0.892936  0.220853  0.625908  0.510398  0.823367  0.829643  0.653684  0.292891  0.772283  0.352040  0.772029  0.145910  0.412328  0.839344  0.824790  0.755599  0.755768  0.552297 0.0  0.618952  0.383235  0.547721  0.694617  0.801509  0.528322 
55  0.564878  0.642850  0.703153  0.778043  0.602076  0.621348  0.692922  0.300145  0.706241  0.742051  0.396088  0.675358  0.479814  0.641493  0.685738  0.674629  0.652304  0.574697  0.719675  0.560123  0.772930  0.571487  0.612322  0.680321  0.551806  0.568494  0.673920  0.348197  0.766782  0.648133  0.722155  0.675702  0.624204  0.692238  0.582158  0.267020  0.503591  0.645897  0.566934  0.582314  0.627387  0.549668  0.109832  0.594025  0.252273  0.675215  0.301748  0.634442  0.661407  0.654909  0.439207  0.733950  0.626289  0.549928  0.618952 0.0  0.640227  0.692257  0.736694  0.718905  0.716986 
56  0.718955  0.510022  0.411623  0.426754  0.290526  0.474109  0.772974  0.718032  0.780517  0.857650  0.762197  0.803474  0.713661  0.899624  0.889664  0.271786  0.150168  0.735715  0.929482  0.733683  0.492573  0.454478  0.683386  0.337633  0.703118  0.702904  0.288120  0.636354  0.327588  0.276195  0.269206  0.785371  0.515472  0.292319  0.301366  0.662412  0.813605  0.326457  0.629455  0.502176  0.810772  0.876856  0.654524  0.337450  0.715099  0.289735  0.707648  0.235621  0.414204  0.784826  0.717681  0.761671  0.766310  0.561185  0.383235  0.640227 0.0  0.550362  0.792540  0.760387  0.522454 
57  0.716761  0.525359  0.554582  0.561187  0.560137  0.480033  0.776323  0.558151  0.794620  0.846836  0.717141  0.727043  0.634687  0.892287  0.820505  0.531075  0.439011  0.663720  0.882690  0.824585  0.502428  0.536374  0.294348  0.420335  0.642815  0.635231  0.603079  0.687312  0.509580  0.498543  0.498369  0.858847  0.229324  0.501685  0.518782  0.799915  0.882649  0.436032  0.435211  0.193199  0.596476  0.809222  0.703440  0.496527  0.810319  0.585160  0.782060  0.446223  0.382608  0.762200  0.796228  0.755800  0.813668  0.437368  0.547721  0.692257  0.550362 0.0  0.765620  0.807826  0.570018 
58  0.703111  0.504313  0.779878  0.924092  0.894280  0.760822  0.174137  0.839007  0.283051  0.677405  0.733427  0.656178  0.728260  0.609189  0.297563  0.866641  0.870182  0.595708  0.265416  0.731194  0.773051  0.784533  0.788573  0.805542  0.688526  0.685149  0.688752  0.651476  0.754173  0.719748  0.797806  0.668915  0.780579  0.753014  0.744466  0.679010  0.690229  0.865745  0.705583  0.828732  0.816428  0.669022  0.673350  0.778162  0.827296  0.817666  0.646037  0.765623  0.864524  0.779838  0.650181  0.740158  0.701761  0.806484  0.694617  0.736694  0.792540  0.765620 0.0  0.264409  0.763232 
59  0.629266  0.615742  0.826723  0.724883  0.735680  0.689101  0.165043  0.496972  0.180993  0.639054  0.756543  0.727730  0.643570  0.486242  0.225616  0.831244  0.768632  0.689049  0.198306  0.481530  0.880380  0.834595  0.734223  0.834328  0.588889  0.626793  0.797648  0.745046  0.806307  0.947959  0.812493  0.651640  0.801406  0.788888  0.813408  0.603037  0.569311  0.779144  0.707087  0.779861  0.741031  0.675994  0.660579  0.731986  0.698879  0.840316  0.812724  0.838914  0.845263  0.612207  0.759305  0.691923  0.717555  0.715282  0.801509  0.718905  0.760387  0.807826  0.264409 0.0  0.740755 
60  0.683752  0.525502  0.611625  0.568839  0.637814  0.573006  0.784857  0.729964  0.770108  0.717188  0.682629  0.914285  0.702508  0.708741  0.720486  0.580064  0.689817  0.805905  0.640238  0.669514  0.615507  0.618206  0.281093  0.543731  0.731554  0.646763  0.708366  0.737465  0.567980  0.602461  0.562695  0.785468  0.304259  0.658711  0.641973  0.711210  0.807708  0.515682  0.257590  0.444612  0.671463  0.719642  0.589579  0.565023  0.592972  0.523744  0.665004  0.604450  0.565874  0.806250  0.605248  0.778256  0.778178  0.318420  0.528322  0.716986  0.522454  0.570018  0.763232  0.740755 0.0 
