61
0 0.0  0.398856  0.707747  0.671371  0.612202  0.673017  0.558013  0.585548  0.508238  0.577522  0.636001  0.732456  0.524225  0.535358  0.592144  0.747443  0.644538  0.702812  0.601309  0.480448  0.702628  0.634758  0.611315  0.722903  0.684233  0.621062  0.662059  0.588836  0.645717  0.778747  0.677867  0.617393  0.649049  0.682769  0.798578  0.521716  0.615770  0.680425  0.587589  0.720540  0.601475  0.608396  0.581435  0.709864  0.677115  0.713733  0.533801  0.765959  0.671830  0.566137  0.686126  0.584581  0.546976  0.649306  0.716990  0.507110  0.674737  0.656500  0.688649  0.597097  0.697111 
1  0.398856 0.0  0.566510  0.651422  0.503266  0.551754  0.702823  0.621576  0.641992  0.664256  0.565621  0.505501  0.554854  0.595156  0.631751  0.602395  0.526199  0.528762  0.633220  0.534480  0.552212  0.574551  0.482316  0.525381  0.555115  0.499723  0.535393  0.560126  0.504676  0.500422  0.623152  0.528916  0.483775  0.547459  0.560771  0.562316  0.576195  0.599822  0.588610  0.465345  0.538160  0.581216  0.632923  0.591805  0.481588  0.531623  0.545492  0.571241  0.609347  0.592558  0.520142  0.568936  0.526458  0.581784  0.433315  0.569787  0.553510  0.492247  0.536259  0.624752  0.513208 
2  0.707747  0.566510 0.0  0.231124  0.293543  0.332708  0.868107  0.782419  0.832867  0.753436  0.758187  0.852861  0.716742  0.831244  0.741801  0.385047  0.361871  0.757644  0.991493  0.803112  0.346129  0.355349  0.689628  0.397152  0.734363  0.722763  0.529302  0.815120  0.233037  0.365989  0.432981  0.770942  0.534493  0.227728  0.412666  0.700112  0.847850  0.371564  0.642195  0.460997  0.756786  0.798595  0.663232  0.338187  0.670498  0.398759  0.854657  0.359581  0.324651  0.708279  0.696535  0.775820  0.894639  0.663204  0.348792  0.653485  0.360922  0.556699  0.741913  0.893429  0.594872 
3  0.671371  0.651422  0.231124 0.0  0.209404  0.442318  0.761337  0.689585  0.792072  0.780824  0.787273  0.739687  0.845007  0.770859  0.800221  0.374349  0.248301  0.683907  0.962804  0.711617  0.482090  0.466529  0.643830  0.249941  0.767071  0.698573  0.382387  0.856519  0.340332  0.238311  0.403297  0.722986  0.601068  0.369245  0.420042  0.793279  0.807295  0.430724  0.468969  0.546494  0.763960  0.870119  0.690883  0.428808  0.793606  0.461658  0.869757  0.474734  0.347894  0.895489  0.742768  0.784653  0.777473  0.555435  0.388046  0.714317  0.388875  0.589922  0.758705  0.783849  0.629815 
4  0.612202  0.503266  0.293543  0.209404 0.0  0.332119  0.798556  0.719352  0.753009  0.885759  0.731970  0.716743  0.738815  0.821174  0.715690  0.309619  0.344674  0.766068  0.779231  0.764920  0.404308  0.389400  0.507265  0.394345  0.727754  0.775913  0.352479  0.724096  0.194783  0.287957  0.466286  0.769419  0.390247  0.325218  0.270095  0.664472  0.796186  0.342632  0.596103  0.410498  0.676731  0.809529  0.633284  0.377540  0.763678  0.489679  0.695056  0.337842  0.331673  0.804964  0.744959  0.819021  0.812562  0.452335  0.257981  0.711950  0.233891  0.441724  0.847332  0.761996  0.598616 
5  0.673017  0.551754  0.332708  0.442318  0.332119 0.0  0.848790  0.823835  0.844536  0.760613  0.716757  0.688667  0.834272  0.806613  0.735728  0.354601  0.558826  0.670441  0.821639  0.808144  0.330619  0.201197  0.565290  0.328405  0.625675  0.652254  0.330351  0.799125  0.422178  0.350265  0.353131  0.842967  0.531100  0.369420  0.431746  0.607966  0.850135  0.339855  0.666907  0.563276  0.758511  0.734517  0.699944  0.258843  0.650164  0.452797  0.704677  0.253874  0.441905  0.939899  0.777660  0.818394  0.851128  0.653096  0.216018  0.660817  0.337253  0.477796  0.733666  0.686195  0.544547 
6  0.558013  0.702823  0.868107  0.761337  0.798556  0.848790 0.0  0.681772  0.188921  0.682687  0.764205  0.734440  0.688664  0.538337  0.402597  0.836330  0.877910  0.608531  0.345057  0.614036  0.813516  0.802933  0.721154  0.790194  0.521799  0.584766  0.751221  0.590827  0.780918  0.791702  0.784780  0.622399  0.770849  0.736961  0.725295  0.609039  0.631071  0.808839  0.781485  0.780069  0.684477  0.695403  0.696532  0.739929  0.711214  0.825993  0.634110  0.802012  0.756243  0.570738  0.694318  0.668197  0.653611  0.716077  0.660881  0.740042  0.706139  0.755601  0.223614  0.125172  0.747776 
7  0.585548  0.621576  0.782419  0.689585  0.719352  0.823835  0.681772 0.0  0.657291  0.792235  0.378418  0.653084  0.539552  0.591550  0.780180  0.717995  0.675190  0.599600  0.563995  0.627817  0.789089  0.696098  0.689837  0.760923  0.581524  0.615488  0.687354  0.090051  0.818847  0.736115  0.769916  0.614906  0.560769  0.846092  0.651163  0.354958  0.602035  0.772952  0.654123  0.592872  0.468329  0.631523  0.367553  0.712305  0.241030  0.734383  0.213817  0.701508  0.768822  0.627182  0.462985  0.581862  0.738909  0.680190  0.715185  0.385632  0.591509  0.576911  0.787128  0.704099  0.667856 
8  0.508238  0.641992  0.832867  0.792072  0.753009  0.844536  0.188921  0.657291 0.0  0.686741  0.664240  0.722049  0.497101  0.576911  0.220676  0.780552  0.829435  0.652838  0.203483  0.614096  0.670187  0.757239  0.707179  0.661806  0.645644  0.663570  0.878477  0.601260  0.732834  0.794844  0.757939  0.675735  0.689494  0.815188  0.704827  0.650636  0.535732  0.749361  0.719671  0.713030  0.701775  0.626023  0.637481  0.735188  0.624915  0.765105  0.733519  0.786538  0.886771  0.591496  0.709922  0.526713  0.724488  0.612376  0.729367  0.544062  0.755063  0.735807  0.264760  0.090045  0.704418 
9  0.577522  0.664256  0.753436  0.780824  0.885759  0.760613  0.682687  0.792235  0.686741 0.0  0.718440  0.765046  0.557893  0.202226  0.745409  0.821280  0.839061  0.676244  0.596652  0.207725  0.852441  0.849475  0.783459  0.885225  0.660992  0.686600  0.885362  0.750299  0.845852  0.755179  0.844308  0.677601  0.695717  0.905175  0.799198  0.613896  0.222404  0.716280  0.730718  0.861992  0.263030  0.249448  0.676584  0.844167  0.796420  0.858137  0.660485  0.961213  0.811203  0.188203  0.819638  0.381407  0.764244  0.879530  0.810151  0.682775  0.819049  0.850628  0.713990  0.776745  0.845274 
10  0.636001  0.565621  0.758187  0.787273  0.731970  0.716757  0.764205  0.378418  0.664240  0.718440 0.0  0.635763  0.514654  0.651863  0.700828  0.624848  0.796445  0.611555  0.796584  0.724718  0.762746  0.757786  0.707208  0.735230  0.656819  0.490788  0.701274  0.388897  0.878607  0.734029  0.777423  0.716881  0.704184  0.799593  0.739192  0.331650  0.769015  0.767027  0.611208  0.623040  0.600969  0.735997  0.289057  0.720143  0.439164  0.769006  0.342165  0.692601  0.825150  0.715040  0.195054  0.581645  0.632374  0.693099  0.716433  0.457317  0.741290  0.685361  0.628761  0.723690  0.702034 
11  0.732456  0.505501  0.852861  0.739687  0.716743  0.688667  0.734440  0.653084  0.722049  0.765046  0.635763 0.0  0.398324  0.655267  0.674516  0.710919  0.795059  0.266545  0.697497  0.844187  0.727568  0.822982  0.839809  0.767120  0.573949  0.580948  0.775121  0.660799  0.711257  0.802051  0.628365  0.198872  0.662438  0.782211  0.704345  0.598064  0.686085  0.790335  0.803157  0.825096  0.634875  0.726156  0.649949  0.656032  0.749893  0.893265  0.582187  0.728084  0.758832  0.786743  0.615144  0.664601  0.198834  0.785121  0.736384  0.642002  0.807076  0.678781  0.702450  0.638561  0.793558 
12  0.524225  0.554854  0.716742  0.845007  0.738815  0.834272  0.688664  0.539552  0.497101  0.557893  0.514654  0.398324 0.0  0.561632  0.665456  0.734454  0.718126  0.497165  0.593023  0.564109  0.755371  0.708939  0.715843  0.746083  0.546481  0.582459  0.736162  0.710691  0.813092  0.792617  0.806788  0.396268  0.619296  0.799147  0.809487  0.473634  0.613681  0.826346  0.686492  0.840042  0.608811  0.673915  0.576505  0.832031  0.697297  0.741936  0.587809  0.712420  0.767911  0.633498  0.580392  0.552980  0.442294  0.668739  0.704303  0.598383  0.768279  0.809803  0.647379  0.687698  0.614012 
13  0.535358  0.595156  0.831244  0.770859  0.821174  0.806613  0.538337  0.591550  0.576911  0.202226  0.651863  0.655267  0.561632 0.0  0.704692  0.881368  0.889295  0.602731  0.698895  0.263228  0.812331  0.845494  0.795072  0.683370  0.645182  0.654454  0.933814  0.766638  0.815881  0.807590  0.817226  0.653805  0.685564  0.782608  0.786542  0.607987  0.232846  0.836647  0.705931  0.829992  0.247787  0.126901  0.644317  0.862007  0.659307  0.804359  0.727531  0.872552  0.904508  0.234043  0.661431  0.406229  0.604105  0.699215  0.770054  0.608838  0.845780  0.821722  0.786612  0.533077  0.835640 
14  0.592144  0.631751  0.741801  0.800221  0.715690  0.735728  0.402597  0.780180  0.220676  0.745409  0.700828  0.674516  0.665456  0.704692 0.0  0.799438  0.850773  0.611695  0.153764  0.596498  0.819016  0.805184  0.695580  0.774689  0.655553  0.644724  0.855546  0.778277  0.745235  0.810765  0.837386  0.617962  0.788755  0.900937  0.791364  0.644977  0.641332  0.853134  0.711062  0.794878  0.721299  0.599532  0.607548  0.863644  0.730422  0.770362  0.671097  0.735967  0.800625  0.723014  0.651329  0.628760  0.745964  0.764816  0.764668  0.727017  0.772474  0.813093  0.360043  0.229535  0.684163 
15  0.747443  0.602395  0.385047  0.374349  0.309619  0.354601  0.836330  0.717995  0.780552  0.821280  0.624848  0.710919  0.734454  0.881368  0.799438 0.0  0.220843  0.808767  0.668479  0.825879  0.324859  0.417317  0.603184  0.377993  0.716372  0.767579  0.308781  0.775249  0.417080  0.303542  0.456288  0.805950  0.540221  0.374466  0.151322  0.828509  0.822571  0.240830  0.620223  0.447492  0.817828  0.860342  0.845588  0.358046  0.743552  0.277439  0.758096  0.411411  0.407746  0.740557  0.718119  0.782732  0.875513  0.557136  0.311924  0.660864  0.254006  0.398327  0.871553  0.772373  0.526652 
16  0.644538  0.526199  0.361871  0.248301  0.344674  0.558826  0.877910  0.675190  0.829435  0.839061  0.796445  0.795059  0.718126  0.889295  0.850773  0.220843 0.0  0.757927  0.754741  0.810033  0.444418  0.371049  0.637036  0.315826  0.547748  0.700716  0.182513  0.691657  0.355399  0.279974  0.315128  0.764196  0.385204  0.396555  0.184124  0.718618  0.827127  0.330699  0.561265  0.539822  0.743867  0.805258  0.632570  0.418171  0.730145  0.325327  0.679660  0.335292  0.262485  0.947456  0.732460  0.673326  0.919985  0.564077  0.392507  0.640446  0.130078  0.532448  0.730449  0.716595  0.607458 
17  0.702812  0.528762  0.757644  0.683907  0.766068  0.670441  0.608531  0.599600  0.652838  0.676244  0.611555  0.266545  0.497165  0.602731  0.611695  0.808767  0.757927 0.0  0.670747  0.716866  0.718732  0.793077  0.720908  0.797663  0.613777  0.597344  0.789409  0.815542  0.749163  0.833736  0.810873  0.371478  0.774555  0.768231  0.825508  0.659222  0.661626  0.813931  0.751311  0.675436  0.638417  0.606944  0.620518  0.785756  0.822876  0.830333  0.728811  0.736831  0.762033  0.648356  0.656021  0.720385  0.228277  0.750653  0.706290  0.578054  0.730984  0.785496  0.590190  0.642546  0.719664 
18  0.601309  0.633220  0.991493  0.962804  0.779231  0.821639  0.345057  0.563995  0.203483  0.596652  0.796584  0.697497  0.593023  0.698895  0.153764  0.668479  0.754741  0.670747 0.0  0.662431  0.770477  0.714778  0.695790  0.858198  0.612267  0.658260  0.824498  0.823629  0.865822  0.914859  0.802119  0.724232  0.690472  0.841856  0.677665  0.629771  0.710200  0.852784  0.654018  0.881858  0.761452  0.757218  0.626168  0.755321  0.780982  0.804589  0.728480  0.741847  0.768161  0.551313  0.720902  0.704218  0.706707  0.732087  0.753136  0.703096  0.756249  0.710386  0.341619  0.290263  0.659794 
19  0.480448  0.534480  0.803112  0.711617  0.764920  0.808144  0.614036  0.627817  0.614096  0.207725  0.724718  0.844187  0.564109  0.263228  0.596498  0.825879  0.810033  0.716866  0.662431 0.0  0.865466  0.798143  0.721032  0.769178  0.646708  0.693062  0.805372  0.639181  0.783811  0.753620  0.846595  0.731152  0.739975  0.858301  0.714310  0.640717  0.285664  0.782840  0.787565  0.682959  0.189830  0.205176  0.603414  0.789028  0.669915  0.815291  0.696966  0.774737  0.789512  0.099562  0.625543  0.285269  0.771374  0.778256  0.726669  0.702541  0.755692  0.699000  0.646441  0.554502  0.641190 
20  0.702628  0.552212  0.346129  0.482090  0.404308  0.330619  0.813516  0.789089  0.670187  0.852441  0.762746  0.727568  0.755371  0.812331  0.819016  0.324859  0.444418  0.718732  0.770477  0.865466 0.0  0.169128  0.620592  0.364884  0.722314  0.796244  0.376098  0.741248  0.370121  0.270534  0.344341  0.816856  0.545971  0.392598  0.301709  0.800274  0.849432  0.300683  0.618714  0.514062  0.801186  0.936341  0.839567  0.336768  0.733425  0.392289  0.755030  0.268654  0.396561  0.810332  0.707683  0.779663  0.863212  0.470986  0.204980  0.728422  0.464673  0.610104  0.826886  0.765715  0.636007 
21  0.634758  0.574551  0.355349  0.466529  0.389400  0.201197  0.802933  0.696098  0.757239  0.849475  0.757786  0.822982  0.708939  0.845494  0.805184  0.417317  0.371049  0.793077  0.714778  0.798143  0.169128 0.0  0.516454  0.320480  0.619668  0.686505  0.362712  0.776395  0.472118  0.340806  0.434142  0.726690  0.520904  0.423301  0.436064  0.631125  0.971343  0.343367  0.621787  0.511367  0.750300  0.711139  0.670642  0.249202  0.758246  0.459875  0.762977  0.203032  0.329974  0.877092  0.723363  0.740392  0.832504  0.654688  0.169598  0.708321  0.523989  0.591808  0.697901  0.796833  0.667051 
22  0.611315  0.482316  0.689628  0.643830  0.507265  0.565290  0.721154  0.689837  0.707179  0.783459  0.707208  0.839809  0.715843  0.795072  0.695580  0.603184  0.637036  0.720908  0.695790  0.721032  0.620592  0.516454 0.0  0.538368  0.524020  0.634259  0.637594  0.641345  0.614445  0.581772  0.590379  0.831226  0.371468  0.606057  0.483973  0.679873  0.745255  0.506554  0.283398  0.487054  0.571647  0.693732  0.640247  0.612589  0.725575  0.533417  0.630824  0.514011  0.486518  0.830131  0.661822  0.665670  0.715166  0.412066  0.656755  0.554367  0.570574  0.444727  0.721240  0.653028  0.257987 
23  0.722903  0.525381  0.397152  0.249941  0.394345  0.328405  0.790194  0.760923  0.661806  0.885225  0.735230  0.767120  0.746083  0.683370  0.774689  0.377993  0.315826  0.797663  0.858198  0.769178  0.364884  0.320480  0.538368 0.0  0.702284  0.690554  0.265781  0.755183  0.298808  0.350849  0.145264  0.789755  0.550016  0.350607  0.293305  0.693725  0.834971  0.246077  0.515689  0.476526  0.749315  0.798263  0.656396  0.298207  0.775739  0.351674  0.731532  0.330992  0.310164  0.789536  0.682818  0.715115  0.763541  0.493602  0.385834  0.657066  0.343840  0.402762  0.672163  0.810445  0.547496 
24  0.684233  0.555115  0.734363  0.767071  0.727754  0.625675  0.521799  0.581524  0.645644  0.660992  0.656819  0.573949  0.546481  0.645182  0.655553  0.716372  0.547748  0.613777  0.612267  0.646708  0.722314  0.619668  0.524020  0.702284 0.0  0.129367  0.607665  0.727479  0.715064  0.664254  0.713785  0.593923  0.616891  0.652044  0.692682  0.620540  0.723036  0.683341  0.638665  0.724329  0.616475  0.596669  0.560762  0.701885  0.607878  0.771820  0.571326  0.559878  0.752032  0.578287  0.560653  0.641568  0.690024  0.633116  0.729177  0.645397  0.664784  0.661403  0.605739  0.626915  0.630248 
25  0.621062  0.499723  0.722763  0.698573  0.775913  0.652254  0.584766  0.615488  0.663570  0.686600  0.490788  0.580948  0.582459  0.654454  0.644724  0.767579  0.700716  0.597344  0.658260  0.693062  0.796244  0.686505  0.634259  0.690554  0.129367 0.0  0.689079  0.593601  0.691331  0.693878  0.590858  0.599860  0.612060  0.642156  0.607049  0.545687  0.713727  0.715916  0.652096  0.589740  0.534584  0.738752  0.566732  0.661184  0.501551  0.712787  0.607268  0.606976  0.695167  0.658458  0.550582  0.638391  0.645034  0.693859  0.705349  0.586016  0.678298  0.591830  0.667317  0.706237  0.689470 
26  0.662059  0.535393  0.529302  0.382387  0.352479  0.330351  0.751221  0.687354  0.878477  0.885362  0.701274  0.775121  0.736162  0.933814  0.855546  0.308781  0.182513  0.789409  0.824498  0.805372  0.376098  0.362712  0.637594  0.265781  0.607665  0.689079 0.0  0.708868  0.436145  0.236105  0.297761  0.743361  0.529337  0.323905  0.178053  0.745297  0.842197  0.316514  0.603977  0.483885  0.735358  0.814936  0.654900  0.357940  0.709906  0.297263  0.822034  0.493313  0.319465  1.000000  0.733762  0.775216  0.831006  0.452803  0.364545  0.674301  0.349411  0.614466  0.860053  0.657674  0.572888 
27  0.588836  0.560126  0.815120  0.856519  0.724096  0.799125  0.590827  0.090051  0.601260  0.750299  0.388897  0.660799  0.710691  0.766638  0.778277  0.775249  0.691657  0.815542  0.823629  0.639181  0.741248  0.776395  0.641345  0.755183  0.727479  0.593601  0.708868 0.0  0.794382  0.693905  0.746817  0.646637  0.629444  0.733600  0.703488  0.465983  0.718973  0.749002  0.782603  0.613869  0.575438  0.658273  0.363646  0.700315  0.339878  0.713117  0.323170  0.678043  0.745496  0.643624  0.470235  0.616309  0.716686  0.804799  0.759472  0.261491  0.711788  0.524250  0.698873  0.718469  0.719711 
28  0.645717  0.504676  0.233037  0.340332  0.194783  0.422178  0.780918  0.818847  0.732834  0.845852  0.878607  0.711257  0.813092  0.815881  0.745235  0.417080  0.355399  0.749163  0.865822  0.783811  0.370121  0.472118  0.614445  0.298808  0.715064  0.691331  0.436145  0.794382 0.0  0.358198  0.315254  0.873171  0.604936  0.295281  0.393338  0.752898  0.802379  0.365012  0.508880  0.567545  0.752396  0.828911  0.670846  0.275452  0.698891  0.413733  0.761426  0.393273  0.322492  0.720866  0.769482  0.812074  0.769467  0.526288  0.437768  0.679836  0.305491  0.463059  0.909966  0.819118  0.569551 
29  0.778747  0.500422  0.365989  0.238311  0.287957  0.350265  0.791702  0.736115  0.794844  0.755179  0.734029  0.802051  0.792617  0.807590  0.810765  0.303542  0.279974  0.833736  0.914859  0.753620  0.270534  0.340806  0.581772  0.350849  0.664254  0.693878  0.236105  0.693905  0.358198 0.0  0.236117  0.840745  0.472416  0.216001  0.266029  0.820657  0.810134  0.283289  0.468790  0.446517  0.794726  0.783920  0.657233  0.279108  0.726931  0.375540  0.781563  0.379133  0.365936  0.773948  0.816098  0.737653  0.814603  0.482791  0.261669  0.730019  0.309200  0.491532  0.819554  0.748835  0.511426 
30  0.677867  0.623152  0.432981  0.403297  0.466286  0.353131  0.784780  0.769916  0.757939  0.844308  0.777423  0.628365  0.806788  0.817226  0.837386  0.456288  0.315128  0.810873  0.802119  0.846595  0.344341  0.434142  0.590379  0.145264  0.713785  0.590858  0.297761  0.746817  0.315254  0.236117 0.0  0.744060  0.546642  0.366595  0.260772  0.781100  0.820690  0.273825  0.642229  0.355578  0.822164  0.787973  0.675855  0.293330  0.697581  0.408950  0.737488  0.334424  0.368040  0.825445  0.742877  0.804610  0.816802  0.570490  0.343863  0.767388  0.346508  0.509357  0.753546  0.800077  0.461318 
31  0.617393  0.528916  0.770942  0.722986  0.769419  0.842967  0.622399  0.614906  0.675735  0.677601  0.716881  0.198872  0.396268  0.653805  0.617962  0.805950  0.764196  0.371478  0.724232  0.731152  0.816856  0.726690  0.831226  0.789755  0.593923  0.599860  0.743361  0.646637  0.873171  0.840745  0.744060 0.0  0.754033  0.837739  0.811979  0.690949  0.720593  0.807359  0.841118  0.744658  0.696212  0.715981  0.638391  0.817414  0.695198  0.829294  0.639619  0.861521  0.719222  0.822236  0.593220  0.722234  0.189897  0.786016  0.742087  0.639169  0.795483  0.697751  0.609061  0.625447  0.821504 
32  0.649049  0.483775  0.534493  0.601068  0.390247  0.531100  0.770849  0.560769  0.689494  0.695717  0.704184  0.662438  0.619296  0.685564  0.788755  0.540221  0.385204  0.774555  0.690472  0.739975  0.545971  0.520904  0.371468  0.550016  0.616891  0.612060  0.529337  0.629444  0.604936  0.472416  0.546642  0.754033 0.0  0.492021  0.484494  0.613937  0.776221  0.543190  0.356548  0.234040  0.605877  0.758454  0.653739  0.433758  0.640390  0.430334  0.765220  0.416270  0.494402  0.713469  0.678284  0.607075  0.696979  0.451668  0.380868  0.590511  0.632304  0.276235  0.728943  0.613393  0.340210 
33  0.682769  0.547459  0.227728  0.369245  0.325218  0.369420  0.736961  0.846092  0.815188  0.905175  0.799593  0.782211  0.799147  0.782608  0.900937  0.374466  0.396555  0.768231  0.841856  0.858301  0.392598  0.423301  0.606057  0.350607  0.652044  0.642156  0.323905  0.733600  0.295281  0.216001  0.366595  0.837739  0.492021 0.0  0.402224  0.598055  0.835240  0.370957  0.546026  0.478958  0.733229  0.776376  0.782458  0.347110  0.893793  0.422834  0.776607  0.474447  0.321969  0.853323  0.713033  0.740842  0.833991  0.536950  0.419327  0.630587  0.442095  0.538732  0.742934  0.767582  0.582996 
34  0.798578  0.560771  0.412666  0.420042  0.270095  0.431746  0.725295  0.651163  0.704827  0.799198  0.739192  0.704345  0.809487  0.786542  0.791364  0.151322  0.184124  0.825508  0.677665  0.714310  0.301709  0.436064  0.483973  0.293305  0.692682  0.607049  0.178053  0.703488  0.393338  0.266029  0.260772  0.811979  0.484494  0.402224 0.0  0.713306  0.764471  0.231349  0.555744  0.410042  0.762323  0.665632  0.669551  0.378607  0.633351  0.322227  0.683835  0.286458  0.476608  0.818159  0.719977  0.722605  0.841491  0.610182  0.329120  0.644109  0.144486  0.491880  0.754330  0.809645  0.507591 
35  0.521716  0.562316  0.700112  0.793279  0.664472  0.607966  0.609039  0.354958  0.650636  0.613896  0.331650  0.598064  0.473634  0.607987  0.644977  0.828509  0.718618  0.659222  0.629771  0.640717  0.800274  0.631125  0.679873  0.693725  0.620540  0.545687  0.745297  0.465983  0.752898  0.820657  0.781100  0.690949  0.613937  0.598055  0.713306 0.0  0.660245  0.686162  0.678236  0.764435  0.628663  0.648572  0.384853  0.676085  0.397147  0.837625  0.365990  0.705323  0.788781  0.670910  0.302489  0.680149  0.595854  0.685242  0.710874  0.405985  0.662927  0.740326  0.676949  0.552397  0.716040 
36  0.615770  0.576195  0.847850  0.807295  0.796186  0.850135  0.631071  0.602035  0.535732  0.222404  0.769015  0.686085  0.613681  0.232846  0.641332  0.822571  0.827127  0.661626  0.710200  0.285664  0.849432  0.971343  0.745255  0.834971  0.723036  0.713727  0.842197  0.718973  0.802379  0.810134  0.820690  0.720593  0.776221  0.835240  0.764471  0.660245 0.0  0.871198  0.765898  0.734591  0.254331  0.270225  0.670711  0.894105  0.680386  0.835503  0.730895  0.852191  0.893190  0.169246  0.632302  0.356338  0.694205  0.769318  0.897873  0.609386  0.703717  0.791212  0.652687  0.628497  0.788362 
37  0.680425  0.599822  0.371564  0.430724  0.342632  0.339855  0.808839  0.772952  0.749361  0.716280  0.767027  0.790335  0.826346  0.836647  0.853134  0.240830  0.330699  0.813931  0.852784  0.782840  0.300683  0.343367  0.506554  0.246077  0.683341  0.715916  0.316514  0.749002  0.365012  0.283289  0.273825  0.807359  0.543190  0.370957  0.231349  0.686162  0.871198 0.0  0.472380  0.368169  0.791636  0.788571  0.601220  0.295013  0.810028  0.264189  0.673657  0.250404  0.404033  0.851256  0.775737  0.691678  0.741956  0.461085  0.221554  0.719495  0.406438  0.345422  0.798325  0.721408  0.434353 
38  0.587589  0.588610  0.642195  0.468969  0.596103  0.666907  0.781485  0.654123  0.719671  0.730718  0.611208  0.803157  0.686492  0.705931  0.711062  0.620223  0.561265  0.751311  0.654018  0.787565  0.618714  0.621787  0.283398  0.515689  0.638665  0.652096  0.603977  0.782603  0.508880  0.468790  0.642229  0.841118  0.356548  0.546026  0.555744  0.678236  0.765898  0.472380 0.0  0.407653  0.783431  0.833222  0.605115  0.559916  0.637435  0.563342  0.687882  0.661886  0.528614  0.798246  0.757248  0.731243  0.868833  0.168119  0.610289  0.622796  0.600271  0.468600  0.759788  0.703556  0.341771 
39  0.720540  0.465345  0.460997  0.546494  0.410498  0.563276  0.780069  0.592872  0.713030  0.861992  0.623040  0.825096  0.840042  0.829992  0.794878  0.447492  0.539822  0.675436  0.881858  0.682959  0.514062  0.511367  0.487054  0.476526  0.724329  0.589740  0.483885  0.613869  0.567545  0.446517  0.355578  0.744658  0.234040  0.478958  0.410042  0.764435  0.734591  0.368169  0.407653 0.0  0.578071  0.814484  0.560872  0.543623  0.660723  0.509536  0.634507  0.374451  0.465062  0.842461  0.687451  0.777193  0.670318  0.406374  0.401650  0.601254  0.522579  0.235804  0.701974  0.799772  0.336068 
40  0.601475  0.538160  0.756786  0.763960  0.676731  0.758511  0.684477  0.468329  0.701775  0.263030  0.600969  0.634875  0.608811  0.247787  0.721299  0.817828  0.743867  0.638417  0.761452  0.189830  0.801186  0.750300  0.571647  0.749315  0.616475  0.534584  0.735358  0.575438  0.752396  0.794726  0.822164  0.696212  0.605877  0.733229  0.762323  0.628663  0.254331  0.791636  0.783431  0.578071 0.0  0.252247  0.635739  0.778360  0.645884  0.813509  0.767114  0.717864  0.767109  0.258965  0.679277  0.325565  0.647142  0.741151  0.789272  0.596032  0.695397  0.655414  0.818201  0.596613  0.677855 
41  0.608396  0.581216  0.798595  0.870119  0.809529  0.734517  0.695403  0.631523  0.626023  0.249448  0.735997  0.726156  0.673915  0.126901  0.599532  0.860342  0.805258  0.606944  0.757218  0.205176  0.936341  0.711139  0.693732  0.798263  0.596669  0.738752  0.814936  0.658273  0.828911  0.783920  0.787973  0.715981  0.758454  0.776376  0.665632  0.648572  0.270225  0.788571  0.833222  0.814484  0.252247 0.0  0.667414  0.831386  0.753250  0.796150  0.690751  0.844789  0.789336  0.264209  0.615320  0.381307  0.630457  0.838683  0.746089  0.663828  0.797831  0.846927  0.734783  0.691164  0.756494 
42  0.581435  0.632923  0.663232  0.690883  0.633284  0.699944  0.696532  0.367553  0.637481  0.676584  0.289057  0.649949  0.576505  0.644317  0.607548  0.845588  0.632570  0.620518  0.626168  0.603414  0.839567  0.670642  0.640247  0.656396  0.560762  0.566732  0.654900  0.363646  0.670846  0.657233  0.675855  0.638391  0.653739  0.782458  0.669551  0.384853  0.670711  0.601220  0.605115  0.560872  0.635739  0.667414 0.0  0.644331  0.403966  0.673382  0.364083  0.691974  0.663523  0.645215  0.367443  0.547511  0.685507  0.682688  0.744825  0.090045  0.657849  0.600586  0.578736  0.654464  0.697431 
43  0.709864  0.591805  0.338187  0.428808  0.377540  0.258843  0.739929  0.712305  0.735188  0.844167  0.720143  0.656032  0.832031  0.862007  0.863644  0.358046  0.418171  0.785756  0.755321  0.789028  0.336768  0.249202  0.612589  0.298207  0.701885  0.661184  0.357940  0.700315  0.275452  0.279108  0.293330  0.817414  0.433758  0.347110  0.378607  0.676085  0.894105  0.295013  0.559916  0.543623  0.778360  0.831386  0.644331 0.0  0.651043  0.352479  0.729529  0.188324  0.366207  0.799204  0.729516  0.731959  0.793330  0.666931  0.291143  0.577835  0.381903  0.502831  0.720939  0.735979  0.523831 
44  0.677115  0.481588  0.670498  0.793606  0.763678  0.650164  0.711214  0.241030  0.624915  0.796420  0.439164  0.749893  0.697297  0.659307  0.730422  0.743552  0.730145  0.822876  0.780982  0.669915  0.733425  0.758246  0.725575  0.775739  0.607878  0.501551  0.709906  0.339878  0.698891  0.726931  0.697581  0.695198  0.640390  0.893793  0.633351  0.397147  0.680386  0.810028  0.637435  0.660723  0.645884  0.753250  0.403966  0.651043 0.0  0.752929  0.111823  0.733836  0.774774  0.731212  0.528642  0.662883  0.638304  0.497671  0.692657  0.303297  0.685116  0.769647  0.576737  0.754616  0.685634 
45  0.713733  0.531623  0.398759  0.461658  0.489679  0.452797  0.825993  0.734383  0.765105  0.858137  0.769006  0.893265  0.741936  0.804359  0.770362  0.277439  0.325327  0.830333  0.804589  0.815291  0.392289  0.459875  0.533417  0.351674  0.771820  0.712787  0.297263  0.713117  0.413733  0.375540  0.408950  0.829294  0.430334  0.422834  0.322227  0.837625  0.835503  0.264189  0.563342  0.509536  0.813509  0.796150  0.673382  0.352479  0.752929 0.0  0.754827  0.485174  0.406817  0.893938  0.730739  0.767374  0.866513  0.524247  0.423942  0.635734  0.407015  0.538523  0.830931  0.760394  0.625326 
46  0.533801  0.545492  0.854657  0.869757  0.695056  0.704677  0.634110  0.213817  0.733519  0.660485  0.342165  0.582187  0.587809  0.727531  0.671097  0.758096  0.679660  0.728811  0.728480  0.696966  0.755030  0.762977  0.630824  0.731532  0.571326  0.607268  0.822034  0.323170  0.761426  0.781563  0.737488  0.639619  0.765220  0.776607  0.683835  0.365990  0.730895  0.673657  0.687882  0.634507  0.767114  0.690751  0.364083  0.729529  0.111823  0.754827 0.0  0.683822  0.824171  0.642163  0.432525  0.658851  0.780890  0.585874  0.827131  0.327955  0.757375  0.650033  0.691587  0.728153  0.602914 
47  0.765959  0.571241  0.359581  0.474734  0.337842  0.253874  0.802012  0.701508  0.786538  0.961213  0.692601  0.728084  0.712420  0.872552  0.735967  0.411411  0.335292  0.736831  0.741847  0.774737  0.268654  0.203032  0.514011  0.330992  0.559878  0.606976  0.493313  0.678043  0.393273  0.379133  0.334424  0.861521  0.416270  0.474447  0.286458  0.705323  0.852191  0.250404  0.661886  0.374451  0.717864  0.844789  0.691974  0.188324  0.733836  0.485174  0.683822 0.0  0.385670  0.845496  0.655704  0.747486  0.750359  0.537238  0.232880  0.634315  0.297983  0.416186  0.676453  0.830797  0.572140 
48  0.671830  0.609347  0.324651  0.347894  0.331673  0.441905  0.756243  0.768822  0.886771  0.811203  0.825150  0.758832  0.767911  0.904508  0.800625  0.407746  0.262485  0.762033  0.768161  0.789512  0.396561  0.329974  0.486518  0.310164  0.752032  0.695167  0.319465  0.745496  0.322492  0.365936  0.368040  0.719222  0.494402  0.321969  0.476608  0.788781  0.893190  0.404033  0.528614  0.465062  0.767109  0.789336  0.663523  0.366207  0.774774  0.406817  0.824171  0.385670 0.0  0.775990  0.727645  0.919347  0.798822  0.477686  0.361945  0.734560  0.345586  0.498547  0.833772  0.830009  0.533557 
49  0.566137  0.592558  0.708279  0.895489  0.804964  0.939899  0.570738  0.627182  0.591496  0.188203  0.715040  0.786743  0.633498  0.234043  0.723014  0.740557  0.947456  0.648356  0.551313  0.099562  0.810332  0.877092  0.830131  0.789536  0.578287  0.658458  1.000000  0.643624  0.720866  0.773948  0.825445  0.822236  0.713469  0.853323  0.818159  0.670910  0.169246  0.851256  0.798246  0.842461  0.258965  0.264209  0.645215  0.799204  0.731212  0.893938  0.642163  0.845496  0.775990 0.0  0.592409  0.404199  0.709593  0.762564  0.940664  0.610526  0.774312  0.850409  0.671638  0.537707  0.782402 
50  0.686126  0.520142  0.696535  0.742768  0.744959  0.777660  0.694318  0.462985  0.709922  0.819638  0.195054  0.615144  0.580392  0.661431  0.651329  0.718119  0.732460  0.656021  0.720902  0.625543  0.707683  0.723363  0.661822  0.682818  0.560653  0.550582  0.733762  0.470235  0.769482  0.816098  0.742877  0.593220  0.678284  0.713033  0.719977  0.302489  0.632302  0.775737  0.757248  0.687451  0.679277  0.615320  0.367443  0.729516  0.528642  0.730739  0.432525  0.655704  0.727645  0.592409 0.0  0.647746  0.689914  0.774866  0.705304  0.373174  0.760513  0.754860  0.721222  0.686059  0.745029 
51  0.584581  0.568936  0.775820  0.784653  0.819021  0.818394  0.668197  0.581862  0.526713  0.381407  0.581645  0.664601  0.552980  0.406229  0.628760  0.782732  0.673326  0.720385  0.704218  0.285269  0.779663  0.740392  0.665670  0.715115  0.641568  0.638391  0.775216  0.616309  0.812074  0.737653  0.804610  0.722234  0.607075  0.740842  0.722605  0.680149  0.356338  0.691678  0.731243  0.777193  0.325565  0.381307  0.547511  0.731959  0.662883  0.767374  0.658851  0.747486  0.919347  0.404199  0.647746 0.0  0.785826  0.778669  0.853542  0.634785  0.755500  0.730012  0.719198  0.644423  0.581305 
52  0.546976  0.526458  0.894639  0.777473  0.812562  0.851128  0.653611  0.738909  0.724488  0.764244  0.632374  0.198834  0.442294  0.604105  0.745964  0.875513  0.919985  0.228277  0.706707  0.771374  0.863212  0.832504  0.715166  0.763541  0.690024  0.645034  0.831006  0.716686  0.769467  0.814603  0.816802  0.189897  0.696979  0.833991  0.841491  0.595854  0.694205  0.741956  0.868833  0.670318  0.647142  0.630457  0.685507  0.793330  0.638304  0.866513  0.780890  0.750359  0.798822  0.709593  0.689914  0.785826 0.0  0.811620  0.774593  0.561086  0.797217  0.823148  0.624379  0.747946  0.743554 
53  0.649306  0.581784  0.663204  0.555435  0.452335  0.653096  0.716077  0.680190  0.612376  0.879530  0.693099  0.785121  0.668739  0.699215  0.764816  0.557136  0.564077  0.750653  0.732087  0.778256  0.470986  0.654688  0.412066  0.493602  0.633116  0.693859  0.452803  0.804799  0.526288  0.482791  0.570490  0.786016  0.451668  0.536950  0.610182  0.685242  0.769318  0.461085  0.168119  0.406374  0.741151  0.838683  0.682688  0.666931  0.497671  0.524247  0.585874  0.537238  0.477686  0.762564  0.774866  0.778669  0.811620 0.0  0.547317  0.688827  0.542828  0.341505  0.756663  0.724513  0.304063 
54  0.716990  0.433315  0.348792  0.388046  0.257981  0.216018  0.660881  0.715185  0.729367  0.810151  0.716433  0.736384  0.704303  0.770054  0.764668  0.311924  0.392507  0.706290  0.753136  0.726669  0.204980  0.169598  0.656755  0.385834  0.729177  0.705349  0.364545  0.759472  0.437768  0.261669  0.343863  0.742087  0.380868  0.419327  0.329120  0.710874  0.897873  0.221554  0.610289  0.401650  0.789272  0.746089  0.744825  0.291143  0.692657  0.423942  0.827131  0.232880  0.361945  0.940664  0.705304  0.853542  0.774593  0.547317 0.0  0.723147  0.356556  0.525156  0.691236  0.824797  0.578974 
55  0.507110  0.569787  0.653485  0.714317  0.711950  0.660817  0.740042  0.385632  0.544062  0.682775  0.457317  0.642002  0.598383  0.608838  0.727017  0.660864  0.640446  0.578054  0.703096  0.702541  0.728422  0.708321  0.554367  0.657066  0.645397  0.586016  0.674301  0.261491  0.679836  0.730019  0.767388  0.639169  0.590511  0.630587  0.644109  0.405985  0.609386  0.719495  0.622796  0.601254  0.596032  0.663828  0.090045  0.577835  0.303297  0.635734  0.327955  0.634315  0.734560  0.610526  0.373174  0.634785  0.561086  0.688827  0.723147 0.0  0.715131  0.623656  0.708870  0.563270  0.696562 
56  0.674737  0.553510  0.360922  0.388875  0.233891  0.337253  0.706139  0.591509  0.755063  0.819049  0.741290  0.807076  0.768279  0.845780  0.772474  0.254006  0.130078  0.730984  0.756249  0.755692  0.464673  0.523989  0.570574  0.343840  0.664784  0.678298  0.349411  0.711788  0.305491  0.309200  0.346508  0.795483  0.632304  0.442095  0.144486  0.662927  0.703717  0.406438  0.600271  0.522579  0.695397  0.797831  0.657849  0.381903  0.685116  0.407015  0.757375  0.297983  0.345586  0.774312  0.760513  0.755500  0.797217  0.542828  0.356556  0.715131 0.0  0.509207  0.770304  0.751110  0.521594 
57  0.656500  0.492247  0.556699  0.589922  0.441724  0.477796  0.755601  0.576911  0.735807  0.850628  0.685361  0.678781  0.809803  0.821722  0.813093  0.398327  0.532448  0.785496  0.710386  0.699000  0.610104  0.591808  0.444727  0.402762  0.661403  0.591830  0.614466  0.524250  0.463059  0.491532  0.509357  0.697751  0.276235  0.538732  0.491880  0.740326  0.791212  0.345422  0.468600  0.235804  0.655414  0.846927  0.600586  0.502831  0.769647  0.538523  0.650033  0.416186  0.498547  0.850409  0.754860  0.730012  0.823148  0.341505  0.525156  0.623656  0.509207 0.0  0.874158  0.814765  0.421756 
58  0.688649  0.536259  0.741913  0.758705  0.847332  0.733666  0.223614  0.787128  0.264760  0.713990  0.628761  0.702450  0.647379  0.786612  0.360043  0.871553  0.730449  0.590190  0.341619  0.646441  0.826886  0.697901  0.721240  0.672163  0.605739  0.667317  0.860053  0.698873  0.909966  0.819554  0.753546  0.609061  0.728943  0.742934  0.754330  0.676949  0.652687  0.798325  0.759788  0.701974  0.818201  0.734783  0.578736  0.720939  0.576737  0.830931  0.691587  0.676453  0.833772  0.671638  0.721222  0.719198  0.624379  0.756663  0.691236  0.708870  0.770304  0.874158 0.0  0.207122  0.878353 
59  0.597097  0.624752  0.893429  0.783849  0.761996  0.686195  0.125172  0.704099  0.090045  0.776745  0.723690  0.638561  0.687698  0.533077  0.229535  0.772373  0.716595  0.642546  0.290263  0.554502  0.765715  0.796833  0.653028  0.810445  0.626915  0.706237  0.657674  0.718469  0.819118  0.748835  0.800077  0.625447  0.613393  0.767582  0.809645  0.552397  0.628497  0.721408  0.703556  0.799772  0.596613  0.691164  0.654464  0.735979  0.754616  0.760394  0.728153  0.830797  0.830009  0.537707  0.686059  0.644423  0.747946  0.724513  0.824797  0.563270  0.751110  0.814765  0.207122 0.0  0.711108 
60  0.697111  0.513208  0.594872  0.629815  0.598616  0.544547  0.747776  0.667856  0.704418  0.845274  0.702034  0.793558  0.614012  0.835640  0.684163  0.526652  0.607458  0.719664  0.659794  0.641190  0.636007  0.667051  0.257987  0.547496  0.630248  0.689470  0.572888  0.719711  0.569551  0.511426  0.461318  0.821504  0.340210  0.582996  0.507591  0.716040  0.788362  0.434353  0.341771  0.336068  0.677855  0.756494  0.697431  0.523831  0.685634  0.625326  0.602914  0.572140  0.533557  0.782402  0.745029  0.581305  0.743554  0.304063  0.578974  0.696562  0.521594  0.421756  0.878353  0.711108 0.0 
