61
0 0.0  0.575520  0.806535  0.749344  0.767013  0.683045  0.549373  0.584211  0.598269  0.713654  0.747396  0.605829  0.526382  0.538697  0.509745  0.798072  0.683336  0.578971  0.715837  0.587992  0.696373  0.735217  0.657847  0.628550  0.688134  0.677523  0.628216  0.609183  0.643157  0.833049  0.716904  0.650029  0.653044  0.703289  0.686803  0.603011  0.577874  0.699519  0.593139  0.656839  0.454279  0.746862  0.634301  0.779234  0.627450  0.724574  0.618868  0.645669  0.803334  0.552035  0.550769  0.579490  0.530702  0.659204  0.765156  0.512274  0.750700  0.774539  0.593230  0.637709  0.684093 
1  0.575520 0.0  0.548508  0.618867  0.487338  0.492602  0.571689  0.508961  0.578416  0.498639  0.531705  0.553608  0.637885  0.520143  0.660799  0.499310  0.656284  0.603253  0.690722  0.674685  0.513393  0.521512  0.470004  0.517502  0.451251  0.476221  0.561391  0.571094  0.605029  0.559578  0.607452  0.534502  0.457707  0.611044  0.479344  0.510767  0.681265  0.577248  0.694153  0.563178  0.527463  0.538135  0.626711  0.388438  0.614468  0.550277  0.569056  0.480090  0.583644  0.563052  0.488602  0.503290  0.491426  0.645721  0.436562  0.552065  0.445571  0.632386  0.539244  0.557663  0.522162 
2  0.806535  0.548508 0.0  0.269516  0.209364  0.419011  0.826389  0.781537  0.819120  0.810444  0.767831  0.885944  0.823348  0.802325  0.872395  0.427339  0.314601  0.810250  0.781427  0.781493  0.383108  0.418199  0.595246  0.446837  0.736540  0.711129  0.464879  0.873707  0.288445  0.291576  0.375050  0.782913  0.579408  0.305105  0.473390  0.736722  0.845594  0.326001  0.540437  0.575419  0.583009  0.940731  0.724717  0.347016  0.742539  0.422312  0.807819  0.331808  0.321690  0.854831  0.708886  0.800296  0.679049  0.547238  0.408578  0.777246  0.392650  0.361893  0.771665  0.813220  0.651077 
3  0.749344  0.618867  0.269516 0.0  0.377721  0.350509  0.778439  0.794817  0.747791  0.811899  0.760141  0.857980  0.755251  0.882894  0.840235  0.503378  0.387670  0.826358  0.790195  0.799298  0.467730  0.507349  0.709771  0.363533  0.663286  0.717167  0.257920  0.694505  0.340206  0.312609  0.302928  0.848176  0.620169  0.195546  0.458785  0.778823  0.798645  0.300886  0.554635  0.545450  0.815500  0.731750  0.644081  0.346542  0.767887  0.360428  0.768935  0.403628  0.447413  0.800880  0.743077  0.873350  0.836370  0.578205  0.286972  0.819411  0.426445  0.551450  0.865454  0.900720  0.586637 
4  0.767013  0.487338  0.209364  0.377721 0.0  0.331504  0.850874  0.674651  0.780609  0.818577  0.757965  0.832519  0.725093  0.841515  0.799893  0.295286  0.232648  0.698352  0.789900  0.792792  0.350268  0.420402  0.498246  0.330562  0.754132  0.647454  0.381588  0.848686  0.258587  0.232553  0.269768  0.674082  0.529288  0.199418  0.306905  0.732394  0.739566  0.418433  0.576182  0.511874  0.778651  0.835264  0.728938  0.357600  0.771892  0.288609  0.717476  0.305279  0.346496  0.865877  0.739153  0.832399  0.750137  0.599732  0.295602  0.600481  0.272319  0.404664  0.720394  0.738056  0.568013 
5  0.683045  0.492602  0.419011  0.350509  0.331504 0.0  0.838551  0.694793  0.728261  0.835183  0.701552  0.669850  0.832834  0.847456  0.803497  0.377368  0.463586  0.715772  0.715014  0.784868  0.278181  0.302648  0.535442  0.348815  0.653720  0.675487  0.364689  0.739543  0.355024  0.330216  0.329269  0.768379  0.511750  0.427792  0.276995  0.712649  0.830943  0.270671  0.559170  0.486766  0.719063  0.820928  0.688201  0.211923  0.748527  0.396428  0.715773  0.219423  0.378761  0.834396  0.644158  0.779117  0.665194  0.595898  0.176192  0.681519  0.304544  0.539777  0.756947  0.793230  0.704633 
6  0.549373  0.571689  0.826389  0.778439  0.850874  0.838551 0.0  0.624639  0.135843  0.531214  0.755779  0.614665  0.576255  0.529919  0.220711  0.830229  0.862703  0.716216  0.205070  0.666278  0.919732  0.741719  0.812230  0.807781  0.674212  0.632765  0.939222  0.638796  0.760744  0.783735  0.749497  0.618049  0.711797  0.798736  0.768057  0.526998  0.522374  0.824050  0.698872  0.737482  0.629446  0.686223  0.641866  0.709112  0.686071  0.869353  0.683675  0.697054  0.805386  0.634959  0.722532  0.715169  0.711794  0.631383  0.776592  0.572821  0.839667  0.768798  0.214712  0.139787  0.726675 
7  0.584211  0.508961  0.781537  0.794817  0.674651  0.694793  0.624639 0.0  0.538186  0.685068  0.453773  0.717338  0.689796  0.690110  0.697198  0.738167  0.650687  0.674665  0.689078  0.659157  0.869768  0.720885  0.654868  0.652863  0.538542  0.580426  0.777141  0.089769  0.690225  0.809324  0.799819  0.717871  0.541503  0.817902  0.765253  0.350179  0.649317  0.809337  0.719354  0.638233  0.561487  0.709654  0.320109  0.672882  0.210871  0.748343  0.348655  0.693790  0.686532  0.618003  0.431150  0.624951  0.688586  0.717524  0.700595  0.248337  0.727629  0.623406  0.734701  0.637435  0.695154 
8  0.598269  0.578416  0.819120  0.747791  0.780609  0.728261  0.135843  0.538186 0.0  0.628562  0.743217  0.716207  0.570104  0.541987  0.277362  0.840044  0.749259  0.679674  0.185152  0.532855  0.777297  0.813642  0.647516  0.868504  0.610353  0.510883  0.865846  0.657424  0.742063  0.859048  0.755396  0.734822  0.772064  0.781871  0.714350  0.705620  0.623074  0.876635  0.648782  0.795650  0.520338  0.769648  0.726603  0.775995  0.726941  0.892741  0.573890  0.700842  0.767556  0.626676  0.711244  0.581298  0.577750  0.736554  0.651056  0.624480  0.886518  0.684262  0.286363  0.165744  0.746929 
9  0.713654  0.498639  0.810444  0.811899  0.818577  0.835183  0.531214  0.685068  0.628562 0.0  0.667649  0.728391  0.728682  0.249594  0.606005  0.770628  0.925749  0.688058  0.700561  0.193557  0.808417  0.859588  0.767820  0.923596  0.565112  0.699605  0.840945  0.715492  0.752813  0.795155  0.782221  0.638942  0.725958  0.790363  0.729775  0.785210  0.264300  0.750788  0.844545  0.763021  0.173085  0.259423  0.629783  0.790798  0.735921  0.795391  0.780949  0.991751  0.803452  0.243404  0.799120  0.426374  0.717013  0.749982  0.760556  0.682243  0.829570  0.848570  0.668256  0.645307  0.748625 
10  0.747396  0.531705  0.767831  0.760141  0.757965  0.701552  0.755779  0.453773  0.743217  0.667649 0.0  0.660237  0.491199  0.662685  0.739754  0.711496  0.662544  0.665890  0.717621  0.596736  0.767291  0.760062  0.631434  0.782364  0.528332  0.533258  0.735431  0.544375  0.853443  0.669509  0.751557  0.549910  0.717728  0.847189  0.708610  0.352832  0.742990  0.709987  0.656148  0.685172  0.683966  0.653324  0.322344  0.691428  0.316658  0.754151  0.465329  0.643455  0.822782  0.785854  0.291743  0.657892  0.642655  0.676797  0.759566  0.406834  0.813396  0.801295  0.640399  0.708782  0.753472 
11  0.605829  0.553608  0.885944  0.857980  0.832519  0.669850  0.614665  0.717338  0.716207  0.728391  0.660237 0.0  0.416356  0.769014  0.673653  0.808541  0.823530  0.298252  0.838994  0.737007  0.823847  0.728615  0.872349  0.756252  0.565349  0.654665  0.799426  0.784035  0.783624  0.788092  0.881727  0.152438  0.670523  0.876880  0.724837  0.694500  0.771968  0.710963  0.781880  0.777119  0.668845  0.820689  0.624933  0.811233  0.747169  0.837513  0.656807  0.859523  0.808477  0.723910  0.629286  0.712038  0.158034  0.762203  0.684723  0.659068  0.796203  0.794107  0.647979  0.677985  0.740608 
12  0.526382  0.637885  0.823348  0.755251  0.725093  0.832834  0.576255  0.689796  0.570104  0.728682  0.491199  0.416356 0.0  0.614817  0.576634  0.814852  0.675776  0.435866  0.638656  0.568808  0.665479  0.830558  0.746943  0.738889  0.516574  0.666215  0.917257  0.602160  0.847324  0.822671  0.851778  0.412618  0.710738  0.672059  0.750503  0.540586  0.649427  0.699471  0.667264  0.676174  0.572543  0.723359  0.620950  0.744793  0.700306  0.762565  0.529640  0.765802  0.783671  0.636471  0.592288  0.564763  0.454511  0.735740  0.749192  0.714411  0.710484  0.685911  0.662502  0.714279  0.727330 
13  0.538697  0.520143  0.802325  0.882894  0.841515  0.847456  0.529919  0.690110  0.541987  0.249594  0.662685  0.769014  0.614817 0.0  0.652857  0.813353  0.857244  0.666066  0.517079  0.216318  0.830321  0.770775  0.756212  0.807170  0.683180  0.527865  0.785472  0.759571  0.731926  0.827484  0.761658  0.691599  0.761837  0.746396  0.739593  0.585672  0.141277  0.880669  0.749975  0.763657  0.335820  0.175065  0.591370  0.793664  0.749730  0.868828  0.710893  0.898325  0.865384  0.179506  0.765237  0.321954  0.645196  0.737477  0.783191  0.696887  0.814692  0.902687  0.683678  0.556371  0.825589 
14  0.509745  0.660799  0.872395  0.840235  0.799893  0.803497  0.220711  0.697198  0.277362  0.606005  0.739754  0.673653  0.576634  0.652857 0.0  0.899941  0.921223  0.678642  0.159728  0.681949  0.886097  0.765382  0.581591  0.798629  0.645526  0.719449  0.833518  0.719952  0.832496  0.919580  0.799044  0.752095  0.749114  0.844707  0.804872  0.713347  0.611270  0.697066  0.782973  0.825781  0.614793  0.600944  0.605446  0.881795  0.744036  0.768300  0.684053  0.808364  0.827163  0.685258  0.663189  0.712489  0.786633  0.722687  0.908796  0.646887  0.796611  0.753024  0.253030  0.199122  0.700257 
15  0.798072  0.499310  0.427339  0.503378  0.295286  0.377368  0.830229  0.738167  0.840044  0.770628  0.711496  0.808541  0.814852  0.813353  0.899941 0.0  0.209509  0.818231  0.789036  0.736863  0.313987  0.305195  0.555126  0.246330  0.776433  0.802297  0.247418  0.764576  0.466089  0.342321  0.338912  0.791727  0.556738  0.397003  0.287958  0.819558  0.748630  0.353301  0.499739  0.550399  0.831493  0.855380  0.826272  0.318733  0.769467  0.236292  0.740248  0.260386  0.403035  0.795885  0.815959  0.805570  0.800047  0.572054  0.372134  0.638759  0.200747  0.486469  0.733299  0.770468  0.586876 
16  0.683336  0.656284  0.314601  0.387670  0.232648  0.463586  0.862703  0.650687  0.749259  0.925749  0.662544  0.823530  0.675776  0.857244  0.921223  0.209509 0.0  0.834307  0.951610  0.797149  0.348483  0.422066  0.592106  0.267511  0.668293  0.610448  0.333184  0.797850  0.370592  0.266088  0.249916  0.866824  0.596801  0.435560  0.191526  0.640511  0.861144  0.309751  0.444287  0.468221  0.748721  0.808619  0.579711  0.281513  0.769033  0.369868  0.703480  0.410282  0.351394  0.792783  0.742985  0.711537  0.823778  0.564128  0.392126  0.658789  0.091633  0.525016  0.772780  0.820086  0.611875 
17  0.578971  0.603253  0.810250  0.826358  0.698352  0.715772  0.716216  0.674665  0.679674  0.688058  0.665890  0.298252  0.435866  0.666066  0.678642  0.818231  0.834307 0.0  0.649046  0.565067  0.810548  0.758823  0.753278  0.830690  0.575472  0.508107  0.761733  0.757766  0.809360  0.740895  0.773673  0.159822  0.664585  0.852366  0.780950  0.626060  0.693857  0.832389  0.725956  0.790080  0.685807  0.727670  0.758213  0.739851  0.623607  0.743448  0.666309  0.722288  0.831357  0.686930  0.684363  0.578685  0.216463  0.795611  0.732541  0.546281  0.758926  0.707257  0.659400  0.589159  0.712619 
18  0.715837  0.690722  0.781427  0.790195  0.789900  0.715014  0.205070  0.689078  0.185152  0.700561  0.717621  0.838994  0.638656  0.517079  0.159728  0.789036  0.951610  0.649046 0.0  0.497276  0.824405  0.832646  0.759570  0.865410  0.655583  0.669615  0.868452  0.690292  0.801897  0.887421  0.847819  0.615336  0.740702  0.933549  0.887502  0.824953  0.704388  0.840447  0.726257  0.845091  0.665881  0.687602  0.717503  0.784768  0.687351  0.784005  0.704470  1.000000  0.836406  0.660410  0.711357  0.664596  0.699119  0.692366  0.813902  0.794576  0.753678  0.809812  0.346617  0.268762  0.786029 
19  0.587992  0.674685  0.781493  0.799298  0.792792  0.784868  0.666278  0.659157  0.532855  0.193557  0.596736  0.737007  0.568808  0.216318  0.681949  0.736863  0.797149  0.565067  0.497276 0.0  0.877722  0.822450  0.768839  0.873471  0.638713  0.650088  0.778381  0.738446  0.866599  0.817525  0.855770  0.727558  0.704077  0.863861  0.647203  0.574614  0.316005  0.740338  0.797308  0.658629  0.167383  0.202427  0.612416  0.765799  0.653363  0.880253  0.651428  0.748128  0.871681  0.171325  0.697242  0.334227  0.828240  0.710556  0.785628  0.651287  0.785629  0.784953  0.725113  0.722291  0.672623 
20  0.696373  0.513393  0.383108  0.467730  0.350268  0.278181  0.919732  0.869768  0.777297  0.808417  0.767291  0.823847  0.665479  0.830321  0.886097  0.313987  0.348483  0.810548  0.824405  0.877722 0.0  0.183853  0.705646  0.421075  0.614356  0.712508  0.438002  0.794726  0.439178  0.278559  0.350287  0.826386  0.544072  0.367268  0.311963  0.906432  0.921212  0.266692  0.631830  0.540389  0.796890  0.816432  0.669891  0.209618  0.668254  0.513457  0.792094  0.316508  0.373353  0.881451  0.641719  0.862353  0.870109  0.532220  0.174436  0.679689  0.361850  0.596348  0.786427  0.891894  0.681852 
21  0.735217  0.521512  0.418199  0.507349  0.420402  0.302648  0.741719  0.720885  0.813642  0.859588  0.760062  0.728615  0.830558  0.770775  0.765382  0.305195  0.422066  0.758823  0.832646  0.822450  0.183853 0.0  0.587769  0.386735  0.568498  0.627490  0.434644  0.670331  0.430315  0.291492  0.357296  0.791018  0.602664  0.453219  0.435564  0.711695  0.875418  0.194395  0.534157  0.482811  0.755461  0.769789  0.623285  0.219669  0.767750  0.474469  0.770822  0.254363  0.360158  0.785192  0.657068  0.771970  0.688716  0.569237  0.109706  0.631606  0.418980  0.545565  0.809882  0.860068  0.584151 
22  0.657847  0.470004  0.595246  0.709771  0.498246  0.535442  0.812230  0.654868  0.647516  0.767820  0.631434  0.872349  0.746943  0.756212  0.581591  0.555126  0.592106  0.753278  0.759570  0.768839  0.705646  0.587769 0.0  0.611020  0.600422  0.633103  0.706684  0.667698  0.599093  0.524880  0.593093  0.736663  0.501591  0.617666  0.537864  0.706568  0.682200  0.497630  0.223164  0.437415  0.593380  0.808847  0.598554  0.540081  0.532061  0.571620  0.613506  0.565914  0.550493  0.731986  0.706370  0.636403  0.772692  0.157430  0.590046  0.575631  0.540834  0.458883  0.812700  0.713203  0.258719 
23  0.628550  0.517502  0.446837  0.363533  0.330562  0.348815  0.807781  0.652863  0.868504  0.923596  0.782364  0.756252  0.738889  0.807170  0.798629  0.246330  0.267511  0.830690  0.865410  0.873471  0.421075  0.386735  0.611020 0.0  0.647577  0.640976  0.307930  0.722065  0.424789  0.337861  0.232255  0.813996  0.563875  0.400704  0.305091  0.691519  0.788142  0.253760  0.567393  0.459281  0.717073  0.809710  0.695608  0.349389  0.710739  0.331951  0.780455  0.385085  0.281461  0.824161  0.904938  0.815286  0.748223  0.566450  0.271806  0.753795  0.376767  0.485801  0.800289  0.816281  0.588167 
24  0.688134  0.451251  0.736540  0.663286  0.754132  0.653720  0.674212  0.538542  0.610353  0.565112  0.528332  0.565349  0.516574  0.683180  0.645526  0.776433  0.668293  0.575472  0.655583  0.638713  0.614356  0.568498  0.600422  0.647577 0.0  0.165226  0.688314  0.683573  0.624700  0.709202  0.596330  0.544470  0.669513  0.759677  0.735721  0.639133  0.668023  0.612491  0.612536  0.678087  0.669805  0.759809  0.504525  0.672849  0.664355  0.662648  0.616101  0.677925  0.748619  0.647565  0.624054  0.687672  0.627383  0.694492  0.646646  0.646384  0.660647  0.616460  0.709090  0.696914  0.751814 
25  0.677523  0.476221  0.711129  0.717167  0.647454  0.675487  0.632765  0.580426  0.510883  0.699605  0.533258  0.654665  0.666215  0.527865  0.719449  0.802297  0.610448  0.508107  0.669615  0.650088  0.712508  0.627490  0.633103  0.640976  0.165226 0.0  0.620106  0.688997  0.729898  0.736170  0.613308  0.721142  0.621354  0.636956  0.684735  0.542745  0.583511  0.677212  0.664359  0.693496  0.675039  0.641700  0.630363  0.665937  0.650907  0.687951  0.598259  0.529068  0.778899  0.809473  0.644807  0.653539  0.741550  0.664067  0.663738  0.542198  0.602202  0.672210  0.541683  0.636758  0.623460 
26  0.628216  0.561391  0.464879  0.257920  0.381588  0.364689  0.939222  0.777141  0.865846  0.840945  0.735431  0.799426  0.917257  0.785472  0.833518  0.247418  0.333184  0.761733  0.868452  0.778381  0.438002  0.434644  0.706684  0.307930  0.688314  0.620106 0.0  0.727811  0.448609  0.215236  0.268142  0.761575  0.514945  0.441706  0.222965  0.790527  0.815370  0.291728  0.549788  0.493338  0.782107  0.880246  0.634745  0.389259  0.727398  0.345044  0.909088  0.371931  0.293483  0.901492  0.763758  0.854356  0.803325  0.504217  0.406692  0.714337  0.291431  0.580689  0.823413  0.863440  0.645251 
27  0.609183  0.571094  0.873707  0.694505  0.848686  0.739543  0.638796  0.089769  0.657424  0.715492  0.544375  0.784035  0.602160  0.759571  0.719952  0.764576  0.797850  0.757766  0.690292  0.738446  0.794726  0.670331  0.667698  0.722065  0.683573  0.688997  0.727811 0.0  0.801898  0.680477  0.859662  0.635457  0.616906  0.784841  0.746327  0.537342  0.564569  0.757110  0.656690  0.634351  0.582094  0.732074  0.392151  0.803192  0.229640  0.854049  0.361259  0.760891  0.748653  0.712636  0.472710  0.656511  0.762894  0.732764  0.753628  0.335672  0.703255  0.694419  0.680741  0.646931  0.719861 
28  0.643157  0.605029  0.288445  0.340206  0.258587  0.355024  0.760744  0.690225  0.742063  0.752813  0.853443  0.783624  0.847324  0.731926  0.832496  0.466089  0.370592  0.809360  0.801897  0.866599  0.439178  0.430315  0.599093  0.424789  0.624700  0.729898  0.448609  0.801898 0.0  0.334558  0.383676  0.762442  0.535099  0.279370  0.395597  0.705654  0.849512  0.511400  0.511744  0.497652  0.789108  0.857936  0.705079  0.450965  0.744980  0.404141  0.818168  0.365584  0.304991  0.728147  0.722708  0.864064  0.719105  0.528617  0.398532  0.686599  0.444629  0.540097  0.785432  0.788238  0.568908 
29  0.833049  0.559578  0.291576  0.312609  0.232553  0.330216  0.783735  0.809324  0.859048  0.795155  0.669509  0.788092  0.822671  0.827484  0.919580  0.342321  0.266088  0.740895  0.887421  0.817525  0.278559  0.291492  0.524880  0.337861  0.709202  0.736170  0.215236  0.680477  0.334558 0.0  0.340860  0.777277  0.375115  0.312066  0.358579  0.779261  0.861982  0.282067  0.600459  0.523996  0.792859  0.833462  0.674796  0.291960  0.882169  0.216352  0.710663  0.409254  0.240790  0.866040  0.779928  0.723423  0.823260  0.577034  0.247641  0.637752  0.252512  0.479455  0.744653  0.777050  0.543514 
30  0.716904  0.607452  0.375050  0.302928  0.269768  0.329269  0.749497  0.799819  0.755396  0.782221  0.751557  0.881727  0.851778  0.761658  0.799044  0.338912  0.249916  0.773673  0.847819  0.855770  0.350287  0.357296  0.593093  0.232255  0.596330  0.613308  0.268142  0.859662  0.383676  0.340860 0.0  0.860473  0.490924  0.448297  0.275834  0.701441  0.875948  0.370006  0.531894  0.493921  0.777943  0.836604  0.708310  0.261200  0.696589  0.418774  0.729989  0.291840  0.344991  0.891402  0.855872  0.870886  0.710417  0.516299  0.368556  0.743275  0.327784  0.477035  0.907774  0.755811  0.524384 
31  0.650029  0.534502  0.782913  0.848176  0.674082  0.768379  0.618049  0.717871  0.734822  0.638942  0.549910  0.152438  0.412618  0.691599  0.752095  0.791727  0.866824  0.159822  0.615336  0.727558  0.826386  0.791018  0.736663  0.813996  0.544470  0.721142  0.761575  0.635457  0.762442  0.777277  0.860473 0.0  0.641634  0.894131  0.917355  0.627618  0.817550  0.674222  0.791076  0.786326  0.736380  0.692338  0.696738  0.750990  0.789762  0.785559  0.610332  0.756606  0.786717  0.764340  0.610374  0.745113  0.215210  0.803149  0.740202  0.710634  0.909979  0.881009  0.665659  0.648159  0.828648 
32  0.653044  0.457707  0.579408  0.620169  0.529288  0.511750  0.711797  0.541503  0.772064  0.725958  0.717728  0.670523  0.710738  0.761837  0.749114  0.556738  0.596801  0.664585  0.740702  0.704077  0.544072  0.602664  0.501591  0.563875  0.669513  0.621354  0.514945  0.616906  0.535099  0.375115  0.490924  0.641634 0.0  0.600479  0.459519  0.648145  0.730149  0.436200  0.505719  0.324207  0.644215  0.727506  0.641651  0.546705  0.721727  0.580988  0.665650  0.376376  0.485260  0.787257  0.610653  0.752330  0.676965  0.491727  0.521167  0.544542  0.509078  0.296033  0.748082  0.696912  0.429095 
33  0.703289  0.611044  0.305105  0.195546  0.199418  0.427792  0.798736  0.817902  0.781871  0.790363  0.847189  0.876880  0.672059  0.746396  0.844707  0.397003  0.435560  0.852366  0.933549  0.863861  0.367268  0.453219  0.617666  0.400704  0.759677  0.636956  0.441706  0.784841  0.279370  0.312066  0.448297  0.894131  0.600479 0.0  0.341718  0.712724  0.813519  0.340383  0.689822  0.490260  0.799742  0.867210  0.752841  0.437473  0.828698  0.523242  0.752966  0.486901  0.400252  0.889873  0.825489  0.720551  0.886705  0.602105  0.382053  0.702182  0.316945  0.605179  0.872553  0.784030  0.523459 
34  0.686803  0.479344  0.473390  0.458785  0.306905  0.276995  0.768057  0.765253  0.714350  0.729775  0.708610  0.724837  0.750503  0.739593  0.804872  0.287958  0.191526  0.780950  0.887502  0.647203  0.311963  0.435564  0.537864  0.305091  0.735721  0.684735  0.222965  0.746327  0.395597  0.358579  0.275834  0.917355  0.459519  0.341718 0.0  0.743233  0.778441  0.282893  0.610169  0.517649  0.755084  0.762182  0.580529  0.318577  0.709720  0.254200  0.720037  0.203635  0.383711  0.712081  0.707357  0.722875  0.750823  0.516917  0.296583  0.669425  0.096805  0.527890  0.815251  0.729573  0.579852 
35  0.603011  0.510767  0.736722  0.778823  0.732394  0.712649  0.526998  0.350179  0.705620  0.785210  0.352832  0.694500  0.540586  0.585672  0.713347  0.819558  0.640511  0.626060  0.824953  0.574614  0.906432  0.711695  0.706568  0.691519  0.639133  0.542745  0.790527  0.537342  0.705654  0.779261  0.701441  0.627618  0.648145  0.712724  0.743233 0.0  0.658095  0.716656  0.723945  0.669117  0.512797  0.765180  0.304611  0.689004  0.429809  0.790907  0.417265  0.661407  0.747526  0.592073  0.352394  0.745638  0.590531  0.678214  0.761346  0.329770  0.778497  0.754619  0.692016  0.671282  0.770825 
36  0.577874  0.681265  0.845594  0.798645  0.739566  0.830943  0.522374  0.649317  0.623074  0.264300  0.742990  0.771968  0.649427  0.141277  0.611270  0.748630  0.861144  0.693857  0.704388  0.316005  0.921212  0.875418  0.682200  0.788142  0.668023  0.583511  0.815370  0.564569  0.849512  0.861982  0.875948  0.817550  0.730149  0.813519  0.778441  0.658095 0.0  0.848537  0.756758  0.968560  0.301000  0.349760  0.597235  0.883003  0.741828  0.895348  0.651330  0.767474  0.857629  0.146004  0.852006  0.224089  0.731617  0.724940  0.880860  0.633534  0.747170  0.818197  0.665947  0.609548  0.759886 
37  0.699519  0.577248  0.326001  0.300886  0.418433  0.270671  0.824050  0.809337  0.876635  0.750788  0.709987  0.710963  0.699471  0.880669  0.697066  0.353301  0.309751  0.832389  0.840447  0.740338  0.266692  0.194395  0.497630  0.253760  0.612491  0.677212  0.291728  0.757110  0.511400  0.282067  0.370006  0.674222  0.436200  0.340383  0.282893  0.716656  0.848537 0.0  0.435450  0.445918  0.827729  0.845948  0.737731  0.202390  0.794639  0.307195  0.697015  0.321561  0.449567  0.821246  0.746951  0.699655  0.730923  0.407785  0.241268  0.629614  0.203678  0.344106  0.784970  0.825560  0.465148 
38  0.593139  0.694153  0.540437  0.554635  0.576182  0.559170  0.698872  0.719354  0.648782  0.844545  0.656148  0.781880  0.667264  0.749975  0.782973  0.499739  0.444287  0.725956  0.726257  0.797308  0.631830  0.534157  0.223164  0.567393  0.612536  0.664359  0.549788  0.656690  0.511744  0.600459  0.531894  0.791076  0.505719  0.689822  0.610169  0.723945  0.756758  0.435450 0.0  0.400736  0.729418  0.884592  0.655631  0.471163  0.680149  0.587091  0.642571  0.565765  0.589975  0.781536  0.638017  0.681910  0.697343  0.235226  0.562399  0.657611  0.576833  0.480204  0.815521  0.727170  0.233285 
39  0.656839  0.563178  0.575419  0.545450  0.511874  0.486766  0.737482  0.638233  0.795650  0.763021  0.685172  0.777119  0.676174  0.763657  0.825781  0.550399  0.468221  0.790080  0.845091  0.658629  0.540389  0.482811  0.437415  0.459281  0.678087  0.693496  0.493338  0.634351  0.497652  0.523996  0.493921  0.786326  0.324207  0.490260  0.517649  0.669117  0.968560  0.445918  0.400736 0.0  0.583544  0.893554  0.602791  0.460350  0.761250  0.507937  0.692483  0.482964  0.401064  0.760558  0.803978  0.785173  0.793414  0.355942  0.457614  0.659623  0.460112  0.162108  0.843361  0.731746  0.449272 
40  0.454279  0.527463  0.583009  0.815500  0.778651  0.719063  0.629446  0.561487  0.520338  0.173085  0.683966  0.668845  0.572543  0.335820  0.614793  0.831493  0.748721  0.685807  0.665881  0.167383  0.796890  0.755461  0.593380  0.717073  0.669805  0.675039  0.782107  0.582094  0.789108  0.792859  0.777943  0.736380  0.644215  0.799742  0.755084  0.512797  0.301000  0.827729  0.729418  0.583544 0.0  0.254871  0.660056  0.593600  0.761419  0.780912  0.726783  0.742497  0.721024  0.225767  0.672687  0.194665  0.619201  0.682463  0.657952  0.703748  0.730689  0.606579  0.787867  0.617888  0.633574 
41  0.746862  0.538135  0.940731  0.731750  0.835264  0.820928  0.686223  0.709654  0.769648  0.259423  0.653324  0.820689  0.723359  0.175065  0.600944  0.855380  0.808619  0.727670  0.687602  0.202427  0.816432  0.769789  0.808847  0.809710  0.759809  0.641700  0.880246  0.732074  0.857936  0.833462  0.836604  0.692338  0.727506  0.867210  0.762182  0.765180  0.349760  0.845948  0.884592  0.893554  0.254871 0.0  0.638598  0.795067  0.764983  0.878312  0.723913  0.876061  0.810026  0.325733  0.660932  0.335836  0.780574  0.759811  0.777952  0.695653  0.753153  0.926341  0.696645  0.746381  0.670967 
42  0.634301  0.626711  0.724717  0.644081  0.728938  0.688201  0.641866  0.320109  0.726603  0.629783  0.322344  0.624933  0.620950  0.591370  0.605446  0.826272  0.579711  0.758213  0.717503  0.612416  0.669891  0.623285  0.598554  0.695608  0.504525  0.630363  0.634745  0.392151  0.705079  0.674796  0.708310  0.696738  0.641651  0.752841  0.580529  0.304611  0.597235  0.737731  0.655631  0.602791  0.660056  0.638598 0.0  0.658676  0.467941  0.737633  0.358766  0.603740  0.629847  0.697899  0.333498  0.618173  0.616552  0.640992  0.666064  0.143300  0.677914  0.784376  0.648197  0.579765  0.754002 
43  0.779234  0.388438  0.347016  0.346542  0.357600  0.211923  0.709112  0.672882  0.775995  0.790798  0.691428  0.811233  0.744793  0.793664  0.881795  0.318733  0.281513  0.739851  0.784768  0.765799  0.209618  0.219669  0.540081  0.349389  0.672849  0.665937  0.389259  0.803192  0.450965  0.291960  0.261200  0.750990  0.546705  0.437473  0.318577  0.689004  0.883003  0.202390  0.471163  0.460350  0.593600  0.795067  0.658676 0.0  0.747762  0.413449  0.665992  0.222051  0.295071  0.821089  0.736078  0.723704  0.750808  0.618250  0.262444  0.603868  0.465523  0.554820  0.882083  0.748793  0.533405 
44  0.627450  0.614468  0.742539  0.767887  0.771892  0.748527  0.686071  0.210871  0.726941  0.735921  0.316658  0.747169  0.700306  0.749730  0.744036  0.769467  0.769033  0.623607  0.687351  0.653363  0.668254  0.767750  0.532061  0.710739  0.664355  0.650907  0.727398  0.229640  0.744980  0.882169  0.696589  0.789762  0.721727  0.828698  0.709720  0.429809  0.741828  0.794639  0.680149  0.761250  0.761419  0.764983  0.467941  0.747762 0.0  0.871847  0.079824  0.786234  0.832069  0.623996  0.401892  0.688281  0.628869  0.666255  0.795686  0.405359  0.724868  0.672810  0.807068  0.728281  0.560188 
45  0.724574  0.550277  0.422312  0.360428  0.288609  0.396428  0.869353  0.748343  0.892741  0.795391  0.754151  0.837513  0.762565  0.868828  0.768300  0.236292  0.369868  0.743448  0.784005  0.880253  0.513457  0.474469  0.571620  0.331951  0.662648  0.687951  0.345044  0.854049  0.404141  0.216352  0.418774  0.785559  0.580988  0.523242  0.254200  0.790907  0.895348  0.307195  0.587091  0.507937  0.780912  0.878312  0.737633  0.413449  0.871847 0.0  0.740849  0.410915  0.339181  0.857926  0.792278  0.816398  0.874345  0.516243  0.317278  0.660013  0.305059  0.513406  0.814811  0.850859  0.584814 
46  0.618868  0.569056  0.807819  0.768935  0.717476  0.715773  0.683675  0.348655  0.573890  0.780949  0.465329  0.656807  0.529640  0.710893  0.684053  0.740248  0.703480  0.666309  0.704470  0.651428  0.792094  0.770822  0.613506  0.780455  0.616101  0.598259  0.909088  0.361259  0.818168  0.710663  0.729989  0.610332  0.665650  0.752966  0.720037  0.417265  0.651330  0.697015  0.642571  0.692483  0.726783  0.723913  0.358766  0.665992  0.079824  0.740849 0.0  0.710611  0.775996  0.574632  0.445018  0.638466  0.616288  0.673602  0.710330  0.308842  0.680023  0.786435  0.771228  0.660602  0.607906 
47  0.645669  0.480090  0.331808  0.403628  0.305279  0.219423  0.697054  0.693790  0.700842  0.991751  0.643455  0.859523  0.765802  0.898325  0.808364  0.260386  0.410282  0.722288  1.000000  0.748128  0.316508  0.254363  0.565914  0.385085  0.677925  0.529068  0.371931  0.760891  0.365584  0.409254  0.291840  0.756606  0.376376  0.486901  0.203635  0.661407  0.767474  0.321561  0.565765  0.482964  0.742497  0.876061  0.603740  0.222051  0.786234  0.410915  0.710611 0.0  0.336550  0.867518  0.681220  0.875444  0.772278  0.631604  0.224964  0.706394  0.392148  0.405078  0.803224  0.770469  0.546590 
48  0.803334  0.583644  0.321690  0.447413  0.346496  0.378761  0.805386  0.686532  0.767556  0.803452  0.822782  0.808477  0.783671  0.865384  0.827163  0.403035  0.351394  0.831357  0.836406  0.871681  0.373353  0.360158  0.550493  0.281461  0.748619  0.778899  0.293483  0.748653  0.304991  0.240790  0.344991  0.786717  0.485260  0.400252  0.383711  0.747526  0.857629  0.449567  0.589975  0.401064  0.721024  0.810026  0.629847  0.295071  0.832069  0.339181  0.775996  0.336550 0.0  0.909174  0.785858  0.837652  0.769031  0.478270  0.380133  0.745328  0.272259  0.578628  0.767774  0.873859  0.600641 
49  0.552035  0.563052  0.854831  0.800880  0.865877  0.834396  0.634959  0.618003  0.626676  0.243404  0.785854  0.723910  0.636471  0.179506  0.685258  0.795885  0.792783  0.686930  0.660410  0.171325  0.881451  0.785192  0.731986  0.824161  0.647565  0.809473  0.901492  0.712636  0.728147  0.866040  0.891402  0.764340  0.787257  0.889873  0.712081  0.592073  0.146004  0.821246  0.781536  0.760558  0.225767  0.325733  0.697899  0.821089  0.623996  0.857926  0.574632  0.867518  0.909174 0.0  0.598063  0.302412  0.658686  0.778471  0.834991  0.593799  0.761615  0.801669  0.687928  0.626836  0.734168 
50  0.550769  0.488602  0.708886  0.743077  0.739153  0.644158  0.722532  0.431150  0.711244  0.799120  0.291743  0.629286  0.592288  0.765237  0.663189  0.815959  0.742985  0.684363  0.711357  0.697242  0.641719  0.657068  0.706370  0.904938  0.624054  0.644807  0.763758  0.472710  0.722708  0.779928  0.855872  0.610374  0.610653  0.825489  0.707357  0.352394  0.852006  0.746951  0.638017  0.803978  0.672687  0.660932  0.333498  0.736078  0.401892  0.792278  0.445018  0.681220  0.785858  0.598063 0.0  0.719566  0.720289  0.670864  0.762792  0.424594  0.713677  0.692547  0.676668  0.609632  0.759281 
51  0.579490  0.503290  0.800296  0.873350  0.832399  0.779117  0.715169  0.624951  0.581298  0.426374  0.657892  0.712038  0.564763  0.321954  0.712489  0.805570  0.711537  0.578685  0.664596  0.334227  0.862353  0.771970  0.636403  0.815286  0.687672  0.653539  0.854356  0.656511  0.864064  0.723423  0.870886  0.745113  0.752330  0.720551  0.722875  0.745638  0.224089  0.699655  0.681910  0.785173  0.194665  0.335836  0.618173  0.723704  0.688281  0.816398  0.638466  0.875444  0.837652  0.302412  0.719566 0.0  0.693214  0.714942  0.711905  0.488700  0.802069  0.842594  0.785705  0.576625  0.665866 
52  0.530702  0.491426  0.679049  0.836370  0.750137  0.665194  0.711794  0.688586  0.577750  0.717013  0.642655  0.158034  0.454511  0.645196  0.786633  0.800047  0.823778  0.216463  0.699119  0.828240  0.870109  0.688716  0.772692  0.748223  0.627383  0.741550  0.803325  0.762894  0.719105  0.823260  0.710417  0.215210  0.676965  0.886705  0.750823  0.590531  0.731617  0.730923  0.697343  0.793414  0.619201  0.780574  0.616552  0.750808  0.628869  0.874345  0.616288  0.772278  0.769031  0.658686  0.720289  0.693214 0.0  0.789858  0.721078  0.534853  0.818777  0.819797  0.719051  0.690325  0.833374 
53  0.659204  0.645721  0.547238  0.578205  0.599732  0.595898  0.631383  0.717524  0.736554  0.749982  0.676797  0.762203  0.735740  0.737477  0.722687  0.572054  0.564128  0.795611  0.692366  0.710556  0.532220  0.569237  0.157430  0.566450  0.694492  0.664067  0.504217  0.732764  0.528617  0.577034  0.516299  0.803149  0.491727  0.602105  0.516917  0.678214  0.724940  0.407785  0.235226  0.355942  0.682463  0.759811  0.640992  0.618250  0.666255  0.516243  0.673602  0.631604  0.478270  0.778471  0.670864  0.714942  0.789858 0.0  0.593596  0.682226  0.615392  0.410086  0.704831  0.630906  0.353017 
54  0.765156  0.436562  0.408578  0.286972  0.295602  0.176192  0.776592  0.700595  0.651056  0.760556  0.759566  0.684723  0.749192  0.783191  0.908796  0.372134  0.392126  0.732541  0.813902  0.785628  0.174436  0.109706  0.590046  0.271806  0.646646  0.663738  0.406692  0.753628  0.398532  0.247641  0.368556  0.740202  0.521167  0.382053  0.296583  0.761346  0.880860  0.241268  0.562399  0.457614  0.657952  0.777952  0.666064  0.262444  0.795686  0.317278  0.710330  0.224964  0.380133  0.834991  0.762792  0.711905  0.721078  0.593596 0.0  0.632326  0.269506  0.485858  0.691289  0.711985  0.571555 
55  0.512274  0.552065  0.777246  0.819411  0.600481  0.681519  0.572821  0.248337  0.624480  0.682243  0.406834  0.659068  0.714411  0.696887  0.646887  0.638759  0.658789  0.546281  0.794576  0.651287  0.679689  0.631606  0.575631  0.753795  0.646384  0.542198  0.714337  0.335672  0.686599  0.637752  0.743275  0.710634  0.544542  0.702182  0.669425  0.329770  0.633534  0.629614  0.657611  0.659623  0.703748  0.695653  0.143300  0.603868  0.405359  0.660013  0.308842  0.706394  0.745328  0.593799  0.424594  0.488700  0.534853  0.682226  0.632326 0.0  0.623964  0.597750  0.727514  0.616111  0.701502 
56  0.750700  0.445571  0.392650  0.426445  0.272319  0.304544  0.839667  0.727629  0.886518  0.829570  0.813396  0.796203  0.710484  0.814692  0.796611  0.200747  0.091633  0.758926  0.753678  0.785629  0.361850  0.418980  0.540834  0.376767  0.660647  0.602202  0.291431  0.703255  0.444629  0.252512  0.327784  0.909979  0.509078  0.316945  0.096805  0.778497  0.747170  0.203678  0.576833  0.460112  0.730689  0.753153  0.677914  0.465523  0.724868  0.305059  0.680023  0.392148  0.272259  0.761615  0.713677  0.802069  0.818777  0.615392  0.269506  0.623964 0.0  0.443232  0.738128  0.808042  0.646916 
57  0.774539  0.632386  0.361893  0.551450  0.404664  0.539777  0.768798  0.623406  0.684262  0.848570  0.801295  0.794107  0.685911  0.902687  0.753024  0.486469  0.525016  0.707257  0.809812  0.784953  0.596348  0.545565  0.458883  0.485801  0.616460  0.672210  0.580689  0.694419  0.540097  0.479455  0.477035  0.881009  0.296033  0.605179  0.527890  0.754619  0.818197  0.344106  0.480204  0.162108  0.606579  0.926341  0.784376  0.554820  0.672810  0.513406  0.786435  0.405078  0.578628  0.801669  0.692547  0.842594  0.819797  0.410086  0.485858  0.597750  0.443232 0.0  0.899679  0.725562  0.450669 
58  0.593230  0.539244  0.771665  0.865454  0.720394  0.756947  0.214712  0.734701  0.286363  0.668256  0.640399  0.647979  0.662502  0.683678  0.253030  0.733299  0.772780  0.659400  0.346617  0.725113  0.786427  0.809882  0.812700  0.800289  0.709090  0.541683  0.823413  0.680741  0.785432  0.744653  0.907774  0.665659  0.748082  0.872553  0.815251  0.692016  0.665947  0.784970  0.815521  0.843361  0.787867  0.696645  0.648197  0.882083  0.807068  0.814811  0.771228  0.803224  0.767774  0.687928  0.676668  0.785705  0.719051  0.704831  0.691289  0.727514  0.738128  0.899679 0.0  0.178338  0.736755 
59  0.637709  0.557663  0.813220  0.900720  0.738056  0.793230  0.139787  0.637435  0.165744  0.645307  0.708782  0.677985  0.714279  0.556371  0.199122  0.770468  0.820086  0.589159  0.268762  0.722291  0.891894  0.860068  0.713203  0.816281  0.696914  0.636758  0.863440  0.646931  0.788238  0.777050  0.755811  0.648159  0.696912  0.784030  0.729573  0.671282  0.609548  0.825560  0.727170  0.731746  0.617888  0.746381  0.579765  0.748793  0.728281  0.850859  0.660602  0.770469  0.873859  0.626836  0.609632  0.576625  0.690325  0.630906  0.711985  0.616111  0.808042  0.725562  0.178338 0.0  0.709609 
60  0.684093  0.522162  0.651077  0.586637  0.568013  0.704633  0.726675  0.695154  0.746929  0.748625  0.753472  0.740608  0.727330  0.825589  0.700257  0.586876  0.611875  0.712619  0.786029  0.672623  0.681852  0.584151  0.258719  0.588167  0.751814  0.623460  0.645251  0.719861  0.568908  0.543514  0.524384  0.828648  0.429095  0.523459  0.579852  0.770825  0.759886  0.465148  0.233285  0.449272  0.633574  0.670967  0.754002  0.533405  0.560188  0.584814  0.607906  0.546590  0.600641  0.734168  0.759281  0.665866  0.833374  0.353017  0.571555  0.701502  0.646916  0.450669  0.736755  0.709609 0.0 
