61
0 0.0  0.487663  0.810483  0.708821  0.808602  0.721318  0.706478  0.639802  0.709265  0.524328  0.683320  0.714894  0.731155  0.643393  0.679980  0.716247  0.717430  0.687154  0.650154  0.602490  0.772487  0.757717  0.582915  0.708844  0.705801  0.664858  0.733940  0.577499  0.793318  0.744810  0.696750  0.679196  0.716262  0.768546  0.734712  0.595416  0.643143  0.648433  0.659573  0.809800  0.529422  0.608884  0.648001  0.739092  0.637576  0.735629  0.602681  0.640241  0.763958  0.533267  0.553123  0.625064  0.677321  0.684657  0.702094  0.627378  0.558214  0.704202  0.666520  0.625245  0.603162 
1  0.487663 0.0  0.475259  0.697341  0.519623  0.568246  0.607225  0.600206  0.638483  0.639158  0.618502  0.531981  0.561368  0.674230  0.595495  0.505612  0.623140  0.536802  0.644402  0.508477  0.626486  0.501663  0.582238  0.505534  0.560461  0.485033  0.574645  0.573619  0.649333  0.534467  0.650065  0.460415  0.529828  0.623967  0.484471  0.512519  0.622024  0.554734  0.541471  0.572429  0.463848  0.494123  0.617762  0.533570  0.522179  0.638042  0.587661  0.567873  0.569180  0.633337  0.634102  0.575705  0.475731  0.621396  0.580042  0.542806  0.483994  0.556415  0.640458  0.646435  0.541407 
2  0.810483  0.475259 0.0  0.206580  0.319262  0.272945  0.867280  0.726247  0.779378  0.913122  0.849427  0.842926  0.798876  0.881008  0.862604  0.424357  0.429255  0.819435  0.783820  0.914802  0.333587  0.330912  0.660422  0.410657  0.679933  0.684301  0.376420  0.850038  0.321346  0.403000  0.278771  0.847262  0.604623  0.276340  0.381220  0.842761  0.948142  0.336787  0.700616  0.570639  0.825779  0.911811  0.775036  0.429108  0.891257  0.389027  0.885362  0.422121  0.317297  0.761981  0.704814  0.859930  0.833839  0.501294  0.364617  0.644512  0.371748  0.580755  0.925564  0.824125  0.515964 
3  0.708821  0.697341  0.206580 0.0  0.253606  0.393298  0.764130  0.804323  0.925559  0.886416  0.808242  0.775955  0.823799  0.852974  0.859984  0.348349  0.434741  0.839256  0.742583  0.840323  0.363313  0.500020  0.699986  0.408925  0.851519  0.755164  0.433257  0.703886  0.388998  0.321899  0.446879  0.737634  0.593650  0.271599  0.417168  0.838904  0.918681  0.387416  0.602617  0.563103  0.905051  0.862447  0.721928  0.440327  0.790487  0.451728  0.862341  0.456014  0.375845  0.803272  0.890369  0.874316  0.933494  0.622648  0.389848  0.682824  0.511879  0.473456  0.785898  0.822994  0.711641 
4  0.808602  0.519623  0.319262  0.253606 0.0  0.452395  0.855276  0.821448  0.845196  0.843466  0.807077  0.788486  0.765625  0.792377  0.953030  0.413170  0.270241  0.730545  0.921872  0.759982  0.392574  0.312961  0.620071  0.249386  0.746467  0.678498  0.352127  0.849261  0.182744  0.315369  0.315040  0.895060  0.453871  0.100719  0.363324  0.776857  0.825761  0.317372  0.659530  0.456383  0.764867  0.876947  0.670861  0.350774  0.600363  0.447615  0.768037  0.243863  0.273949  0.935735  0.915773  0.704486  0.838547  0.524389  0.460832  0.539920  0.385024  0.543661  0.892040  0.788369  0.567115 
5  0.721318  0.568246  0.272945  0.393298  0.452395 0.0  0.839771  0.723395  0.783150  0.913513  0.825601  0.777791  0.792514  0.817278  0.899159  0.337326  0.454657  0.770084  0.821881  0.754248  0.217367  0.238257  0.604079  0.330234  0.780849  0.709595  0.305027  0.814622  0.521529  0.290767  0.328859  0.784503  0.508561  0.457453  0.347714  0.805203  0.813495  0.292275  0.602216  0.489205  0.753041  0.805532  0.761576  0.223402  0.733654  0.405522  0.762515  0.182678  0.315638  0.821536  0.759481  0.731705  0.804698  0.569410  0.133942  0.691863  0.413065  0.516814  0.843852  0.759034  0.542361 
6  0.706478  0.607225  0.867280  0.764130  0.855276  0.839771 0.0  0.690551  0.204055  0.693929  0.729575  0.673336  0.600131  0.526182  0.419710  0.807699  0.827992  0.731697  0.256167  0.651975  0.793773  0.762985  0.741974  0.738904  0.658001  0.688791  0.825383  0.775317  0.889026  0.782898  0.806976  0.721320  0.771553  0.890182  0.791522  0.701214  0.651108  0.793039  0.763397  0.738564  0.572670  0.718027  0.644908  0.747563  0.779720  0.913342  0.693385  0.851098  0.870866  0.637181  0.654616  0.585970  0.692923  0.791074  0.779853  0.658521  0.780227  0.754244  0.262040  0.085252  0.761018 
7  0.639802  0.600206  0.726247  0.804323  0.821448  0.723395  0.690551 0.0  0.677976  0.726145  0.483698  0.567277  0.530132  0.749315  0.764742  0.723309  0.760940  0.655695  0.671545  0.622810  0.849312  0.783384  0.813575  0.721546  0.589191  0.652428  0.829594  0.203429  0.814686  0.829835  0.755404  0.637009  0.569344  0.808480  0.786480  0.416192  0.718648  0.743868  0.696385  0.552020  0.544931  0.751379  0.389980  0.710833  0.246204  0.789756  0.240942  0.737486  0.832534  0.713687  0.492414  0.675810  0.641006  0.689687  0.709550  0.293209  0.849892  0.643438  0.793323  0.752851  0.779309 
8  0.709265  0.638483  0.779378  0.925559  0.845196  0.783150  0.204055  0.677976 0.0  0.719491  0.745147  0.736101  0.663968  0.623876  0.333355  0.806274  0.815292  0.665586  0.213027  0.580522  0.828288  0.778490  0.721779  0.794430  0.648115  0.698994  0.962800  0.730990  0.789915  0.854494  0.885763  0.708067  0.756254  0.767692  0.830590  0.546948  0.684843  0.803192  0.637456  0.721014  0.615070  0.701756  0.680942  0.838953  0.882512  0.911899  0.672552  0.830225  0.850041  0.623642  0.718101  0.660912  0.693936  0.735343  0.781293  0.681889  0.746132  0.763180  0.325785  0.122084  0.724390 
9  0.524328  0.639158  0.913122  0.886416  0.843466  0.913513  0.693929  0.726145  0.719491 0.0  0.660535  0.714969  0.648366  0.195817  0.655183  0.794616  0.903643  0.718897  0.658770  0.226026  0.825597  0.774169  0.658499  0.793910  0.764836  0.749800  0.849785  0.840183  0.940882  0.844261  0.912410  0.820670  0.811564  0.922776  0.737220  0.681674  0.288893  0.758316  0.782812  0.847611  0.344787  0.206926  0.735477  0.864943  0.778298  0.884214  0.704014  0.811073  0.982288  0.308713  0.680474  0.363904  0.787997  0.857909  0.757821  0.628590  0.787099  0.866186  0.650824  0.651286  0.759716 
10  0.683320  0.618502  0.849427  0.808242  0.807077  0.825601  0.729575  0.483698  0.745147  0.660535 0.0  0.750332  0.510426  0.731570  0.768057  0.769961  0.810752  0.620910  0.813924  0.678176  0.807652  0.721516  0.647430  0.851329  0.617216  0.569714  0.889540  0.549615  0.878989  0.794011  0.835584  0.688523  0.705844  0.793017  0.671539  0.238864  0.724987  0.789352  0.669668  0.762182  0.785349  0.715851  0.300106  0.727240  0.415012  0.793027  0.486517  0.744305  0.750755  0.745112  0.278899  0.707572  0.785779  0.712904  0.765712  0.391985  0.780884  0.793541  0.809293  0.782601  0.639663 
11  0.714894  0.531981  0.842926  0.775955  0.788486  0.777791  0.673336  0.567277  0.736101  0.714969  0.750332 0.0  0.420443  0.784389  0.622967  0.890932  0.816981  0.197569  0.704602  0.775288  0.819894  0.825771  0.694947  0.806686  0.639018  0.613170  0.739574  0.768214  0.841592  0.783356  0.772780  0.244590  0.738833  0.864991  0.682306  0.615673  0.777442  0.793929  0.795269  0.843491  0.812875  0.726412  0.625938  0.727698  0.680971  0.837765  0.748278  0.908458  0.857807  0.889573  0.773147  0.756665  0.164081  0.778654  0.801034  0.610583  0.816312  0.834816  0.651387  0.666569  0.829507 
12  0.731155  0.561368  0.798876  0.823799  0.765625  0.792514  0.600131  0.530132  0.663968  0.648366  0.510426  0.420443 0.0  0.706011  0.622694  0.801749  0.805801  0.455771  0.734008  0.732944  0.773160  0.778686  0.799026  0.870924  0.680834  0.687505  0.928379  0.757895  0.790919  0.913555  0.867963  0.467831  0.769918  0.865380  0.815047  0.581619  0.565065  0.765331  0.829929  0.801659  0.763963  0.660540  0.652736  0.740412  0.642056  0.724117  0.697210  0.825403  0.729764  0.636098  0.543548  0.653983  0.491035  0.881147  0.772072  0.603956  0.804278  0.840693  0.806129  0.571870  0.707417 
13  0.643393  0.674230  0.881008  0.852974  0.792377  0.817278  0.526182  0.749315  0.623876  0.195817  0.731570  0.784389  0.706011 0.0  0.677817  0.931378  0.873984  0.681496  0.662024  0.269889  0.914083  0.828994  0.837042  0.872421  0.655303  0.597797  0.984752  0.772712  0.737429  0.852402  0.877114  0.759446  0.838712  0.842918  0.821749  0.504444  0.240882  0.829566  0.799294  0.796475  0.250738  0.130662  0.707194  0.858649  0.712059  0.874169  0.792457  0.896175  0.865966  0.217420  0.799412  0.305386  0.754199  0.858224  0.793561  0.669375  0.912464  0.941419  0.683261  0.614799  0.779269 
14  0.679980  0.595495  0.862604  0.859984  0.953030  0.899159  0.419710  0.764742  0.333355  0.655183  0.768057  0.622967  0.622694  0.677817 0.0  0.829224  0.851329  0.718866  0.148534  0.658061  0.878146  0.804945  0.745291  0.791194  0.753960  0.747099  0.954624  0.721218  0.796234  0.851660  0.887565  0.751654  0.848474  0.909587  0.827616  0.664750  0.672449  0.799288  0.678048  0.863415  0.632142  0.749843  0.676254  0.677627  0.774610  0.798981  0.783038  0.782352  0.830851  0.623891  0.717999  0.725703  0.728645  0.737357  0.751117  0.748764  0.873652  0.779493  0.259227  0.231323  0.779794 
15  0.716247  0.505612  0.424357  0.348349  0.413170  0.337326  0.807699  0.723309  0.806274  0.794616  0.769961  0.890932  0.801749  0.931378  0.829224 0.0  0.292929  0.772500  0.813484  0.715974  0.462183  0.404333  0.549210  0.437218  0.720292  0.695602  0.315970  0.728995  0.319728  0.287169  0.353635  0.830738  0.589322  0.404916  0.329497  0.762724  0.831900  0.404469  0.543554  0.515744  0.749450  0.746195  0.661063  0.373289  0.811841  0.368496  0.815117  0.337992  0.350995  0.861075  0.745544  0.879070  0.818805  0.619549  0.451921  0.676216  0.233787  0.511745  0.886925  0.888032  0.585949 
16  0.717430  0.623140  0.429255  0.434741  0.270241  0.454657  0.827992  0.760940  0.815292  0.903643  0.810752  0.816981  0.805801  0.873984  0.851329  0.292929 0.0  0.764080  0.792967  0.914227  0.365590  0.403557  0.574719  0.262198  0.696781  0.679896  0.241753  0.853767  0.433965  0.174864  0.276959  0.932377  0.522489  0.423012  0.200720  0.688256  0.889802  0.336028  0.534719  0.557694  0.757691  0.860049  0.626040  0.459437  0.800193  0.232839  0.665458  0.314692  0.324116  0.859389  0.733341  0.753198  0.799697  0.538199  0.515583  0.645757  0.096993  0.489097  0.734640  0.787712  0.691155 
17  0.687154  0.536802  0.819435  0.839256  0.730545  0.770084  0.731697  0.655695  0.665586  0.718897  0.620910  0.197569  0.455771  0.681496  0.718866  0.772500  0.764080 0.0  0.772006  0.718822  0.822921  0.789855  0.655688  0.782536  0.565966  0.612000  0.810355  0.729851  0.860560  0.867255  0.824680  0.213036  0.787423  0.863617  0.780348  0.607316  0.726682  0.803204  0.762655  0.692307  0.684311  0.587918  0.703596  0.733521  0.833094  0.838339  0.674700  0.796945  0.883421  0.700373  0.792945  0.633398  0.281890  0.778725  0.803848  0.510138  0.802126  0.790556  0.724378  0.715125  0.745149 
18  0.650154  0.644402  0.783820  0.742583  0.921872  0.821881  0.256167  0.671545  0.213027  0.658770  0.813924  0.704602  0.734008  0.662024  0.148534  0.813484  0.792967  0.772006 0.0  0.796460  0.963566  0.820534  0.745528  0.813093  0.697652  0.657674  0.798608  0.734179  0.829721  0.891072  0.847101  0.768295  0.760307  0.939208  0.759657  0.704831  0.625088  0.836120  0.786414  0.872213  0.687818  0.572471  0.739719  0.771088  0.645444  0.793792  0.730192  0.872199  0.757387  0.689799  0.793976  0.739707  0.817230  0.733899  0.849569  0.711092  0.788294  0.743799  0.316577  0.190914  0.717281 
19  0.602490  0.508477  0.914802  0.840323  0.759982  0.754248  0.651975  0.622810  0.580522  0.226026  0.678176  0.775288  0.732944  0.269889  0.658061  0.715974  0.914227  0.718822  0.796460 0.0  0.848224  0.825355  0.703060  0.821280  0.617221  0.733415  0.772846  0.704184  0.828702  0.809565  0.723450  0.723428  0.720372  0.819850  0.855971  0.750531  0.140953  0.770399  0.879424  0.705203  0.197678  0.325685  0.591732  0.768751  0.831790  0.791218  0.710090  0.864950  0.774308  0.180674  0.714820  0.342521  0.761080  0.736749  0.767386  0.557782  0.852370  0.879491  0.748292  0.701148  0.852693 
20  0.772487  0.626486  0.333587  0.363313  0.392574  0.217367  0.793773  0.849312  0.828288  0.825597  0.807652  0.819894  0.773160  0.914083  0.878146  0.462183  0.365590  0.822921  0.963566  0.848224 0.0  0.248407  0.525595  0.304870  0.803484  0.838572  0.456559  0.784961  0.455682  0.440732  0.272833  0.843966  0.605188  0.380087  0.338344  0.835001  0.894844  0.321852  0.537036  0.621579  0.739683  0.863419  0.799571  0.281541  0.747052  0.465394  0.744279  0.336543  0.374509  0.898394  0.861239  0.783104  0.888099  0.713127  0.266901  0.703382  0.482222  0.556121  0.765704  0.823719  0.525886 
21  0.757717  0.501663  0.330912  0.500020  0.312961  0.238257  0.762985  0.783384  0.778490  0.774169  0.721516  0.825771  0.778686  0.828994  0.804945  0.404333  0.403557  0.789855  0.820534  0.825355  0.248407 0.0  0.692778  0.345278  0.782041  0.673925  0.469224  0.709089  0.408636  0.262389  0.409698  0.923602  0.485372  0.419479  0.480787  0.662061  0.891563  0.314879  0.639830  0.594983  0.822852  0.931801  0.698046  0.280765  0.719465  0.477728  0.656320  0.312607  0.388789  0.838296  0.798343  0.746683  0.842915  0.532090  0.282711  0.796799  0.372834  0.596355  0.755600  0.782243  0.610688 
22  0.582915  0.582238  0.660422  0.699986  0.620071  0.604079  0.741974  0.813575  0.721779  0.658499  0.647430  0.694947  0.799026  0.837042  0.745291  0.549210  0.574719  0.655688  0.745528  0.703060  0.525595  0.692778 0.0  0.608462  0.692034  0.686363  0.689279  0.663674  0.454103  0.538372  0.621355  0.846595  0.473884  0.544141  0.623460  0.803865  0.775033  0.533368  0.195082  0.394893  0.657194  0.791464  0.677708  0.585998  0.712349  0.665263  0.614241  0.680262  0.576541  0.848899  0.677084  0.719631  0.817432  0.372832  0.582526  0.704980  0.635528  0.478045  0.808878  0.646126  0.236524 
23  0.708844  0.505534  0.410657  0.408925  0.249386  0.330234  0.738904  0.721546  0.794430  0.793910  0.851329  0.806686  0.870924  0.872421  0.791194  0.437218  0.262198  0.782536  0.813093  0.821280  0.304870  0.345278  0.608462 0.0  0.662113  0.642605  0.389429  0.781182  0.408951  0.246443  0.252482  0.885940  0.443463  0.423745  0.343565  0.777649  0.850545  0.356390  0.606204  0.452594  0.831488  0.883309  0.734843  0.433386  0.861501  0.383318  0.774965  0.359947  0.264590  0.864847  0.752428  0.764237  0.820525  0.579254  0.274772  0.722283  0.257539  0.500817  0.930121  0.762872  0.615712 
24  0.705801  0.560461  0.679933  0.851519  0.746467  0.780849  0.658001  0.589191  0.648115  0.764836  0.617216  0.639018  0.680834  0.655303  0.753960  0.720292  0.696781  0.565966  0.697652  0.617221  0.803484  0.782041  0.692034  0.662113 0.0  0.187090  0.802014  0.628724  0.764833  0.735702  0.680183  0.591060  0.666930  0.800811  0.694539  0.676067  0.699673  0.704265  0.664206  0.667584  0.761393  0.584926  0.556285  0.696514  0.682175  0.793825  0.541821  0.764993  0.679314  0.645269  0.638357  0.625953  0.654044  0.685050  0.653263  0.555217  0.590590  0.677451  0.802300  0.571492  0.727844 
25  0.664858  0.485033  0.684301  0.755164  0.678498  0.709595  0.688791  0.652428  0.698994  0.749800  0.569714  0.613170  0.687505  0.597797  0.747099  0.695602  0.679896  0.612000  0.657674  0.733415  0.838572  0.673925  0.686363  0.642605  0.187090 0.0  0.644370  0.667526  0.703912  0.673659  0.661159  0.611980  0.699927  0.704147  0.728423  0.612415  0.626767  0.558004  0.731392  0.589773  0.592182  0.726930  0.614282  0.638660  0.691372  0.794875  0.608943  0.587554  0.715671  0.672925  0.646681  0.701653  0.628344  0.617003  0.758935  0.625146  0.672606  0.662233  0.698345  0.642837  0.731310 
26  0.733940  0.574645  0.376420  0.433257  0.352127  0.305027  0.825383  0.829594  0.962800  0.849785  0.889540  0.739574  0.928379  0.984752  0.954624  0.315970  0.241753  0.810355  0.798608  0.772846  0.456559  0.469224  0.689279  0.389429  0.802014  0.644370 0.0  0.777241  0.330376  0.225984  0.344000  0.987064  0.448841  0.327648  0.278817  0.794788  0.829673  0.350676  0.592754  0.557680  0.814879  0.805131  0.699380  0.379300  0.787026  0.351149  0.732600  0.441727  0.248994  1.000000  0.786236  0.855288  0.854007  0.651357  0.430013  0.599688  0.198117  0.530475  0.805036  0.747666  0.541435 
27  0.577499  0.573619  0.850038  0.703886  0.849261  0.814622  0.775317  0.203429  0.730990  0.840183  0.549615  0.768214  0.757895  0.772712  0.721218  0.728995  0.853767  0.729851  0.734179  0.704184  0.784961  0.709089  0.663674  0.781182  0.628724  0.667526  0.777241 0.0  0.843783  0.706122  0.844996  0.755847  0.573650  0.778302  0.854959  0.356580  0.587292  0.802617  0.715958  0.764371  0.497315  0.703469  0.408713  0.702969  0.367072  0.662578  0.284738  0.757113  0.715192  0.653324  0.429447  0.699566  0.687268  0.813948  0.833557  0.253731  0.804230  0.739799  0.808986  0.638827  0.829031 
28  0.793318  0.649333  0.321346  0.388998  0.182744  0.521529  0.889026  0.814686  0.789915  0.940882  0.878989  0.841592  0.790919  0.737429  0.796234  0.319728  0.433965  0.860560  0.829721  0.828702  0.455682  0.408636  0.454103  0.408951  0.764833  0.703912  0.330376  0.843783 0.0  0.270319  0.236334  0.769419  0.686165  0.270892  0.358859  0.785267  0.964911  0.407539  0.613108  0.484081  0.832408  0.808603  0.637011  0.456725  0.759538  0.373942  0.873053  0.448173  0.334358  0.825029  0.796796  0.805822  0.808741  0.618818  0.347705  0.790017  0.477866  0.536028  0.773951  0.731927  0.585487 
29  0.744810  0.534467  0.403000  0.321899  0.315369  0.290767  0.782898  0.829835  0.854494  0.844261  0.794011  0.783356  0.913555  0.852402  0.851660  0.287169  0.174864  0.867255  0.891072  0.809565  0.440732  0.262389  0.538372  0.246443  0.735702  0.673659  0.225984  0.706122  0.270319 0.0  0.254046  0.827568  0.561092  0.301055  0.345159  0.762628  0.910158  0.312348  0.662797  0.518603  0.766303  0.772326  0.683113  0.279317  0.821793  0.373130  0.741801  0.385310  0.259824  0.898795  0.803598  0.841738  0.849914  0.464556  0.290827  0.728004  0.284460  0.462523  0.722026  0.866257  0.598907 
30  0.696750  0.650065  0.278771  0.446879  0.315040  0.328859  0.806976  0.755404  0.885763  0.912410  0.835584  0.772780  0.867963  0.877114  0.887565  0.353635  0.276959  0.824680  0.847101  0.723450  0.272833  0.409698  0.621355  0.252482  0.680183  0.661159  0.344000  0.844996  0.236334  0.254046 0.0  0.753915  0.570258  0.365804  0.359410  0.850393  0.732834  0.296437  0.700976  0.559518  0.817483  0.966002  0.712797  0.357411  0.752949  0.308053  0.796670  0.416187  0.430246  0.833003  0.811663  0.781827  0.702727  0.565634  0.279237  0.640481  0.341848  0.560614  0.907606  0.769644  0.712057 
31  0.679196  0.460415  0.847262  0.737634  0.895060  0.784503  0.721320  0.637009  0.708067  0.820670  0.688523  0.244590  0.467831  0.759446  0.751654  0.830738  0.932377  0.213036  0.768295  0.723428  0.843966  0.923602  0.846595  0.885940  0.591060  0.611980  0.987064  0.755847  0.769419  0.827568  0.753915 0.0  0.725120  0.847169  0.805658  0.718465  0.749220  0.740603  0.693438  0.924309  0.759355  0.763971  0.699622  0.831092  0.684932  0.870430  0.605919  0.810570  0.782815  0.766039  0.760887  0.803205  0.191338  0.875492  0.861355  0.695998  0.943014  0.889480  0.692391  0.601341  0.862521 
32  0.716262  0.529828  0.604623  0.593650  0.453871  0.508561  0.771553  0.569344  0.756254  0.811564  0.705844  0.738833  0.769918  0.838712  0.848474  0.589322  0.522489  0.787423  0.760307  0.720372  0.605188  0.485372  0.473884  0.443463  0.666930  0.699927  0.448841  0.573650  0.686165  0.561092  0.570258  0.725120 0.0  0.569570  0.531343  0.588419  0.830269  0.435927  0.344695  0.234510  0.566194  0.899643  0.624475  0.464819  0.679315  0.489378  0.732860  0.489827  0.546538  0.830637  0.768132  0.800773  0.781238  0.504406  0.478318  0.548242  0.473524  0.303930  0.823835  0.825900  0.353267 
33  0.768546  0.623967  0.276340  0.271599  0.100719  0.457453  0.890182  0.808480  0.767692  0.922776  0.793017  0.864991  0.865380  0.842918  0.909587  0.404916  0.423012  0.863617  0.939208  0.819850  0.380087  0.419479  0.544141  0.423745  0.800811  0.704147  0.327648  0.778302  0.270892  0.301055  0.365804  0.847169  0.569570 0.0  0.432580  0.777728  0.782188  0.377595  0.621234  0.562351  0.802766  0.966556  0.677122  0.405227  0.822246  0.330868  0.773383  0.435186  0.327763  0.868275  0.789559  0.933653  0.896990  0.630027  0.391953  0.798186  0.362862  0.513977  0.792831  0.875048  0.622300 
34  0.734712  0.484471  0.381220  0.417168  0.363324  0.347714  0.791522  0.786480  0.830590  0.737220  0.671539  0.682306  0.815047  0.821749  0.827616  0.329497  0.200720  0.780348  0.759657  0.855971  0.338344  0.480787  0.623460  0.343565  0.694539  0.728423  0.278817  0.854959  0.358859  0.345159  0.359410  0.805658  0.531343  0.432580 0.0  0.639367  0.746690  0.344576  0.513297  0.470771  0.815355  0.906825  0.681414  0.321622  0.724704  0.290613  0.756755  0.335431  0.354149  0.905788  0.701179  0.902941  0.799316  0.651260  0.334051  0.724800  0.168854  0.529216  0.796812  0.822710  0.591406 
35  0.595416  0.512519  0.842761  0.838904  0.776857  0.805203  0.701214  0.416192  0.546948  0.681674  0.238864  0.615673  0.581619  0.504444  0.664750  0.762724  0.688256  0.607316  0.704831  0.750531  0.835001  0.662061  0.803865  0.777649  0.676067  0.612415  0.794788  0.356580  0.785267  0.762628  0.850393  0.718465  0.588419  0.777728  0.639367 0.0  0.642905  0.751996  0.643073  0.754343  0.682676  0.714092  0.330666  0.704419  0.371266  0.735669  0.428480  0.782407  0.808353  0.707704  0.324926  0.698422  0.643911  0.596329  0.693805  0.251432  0.724231  0.768157  0.661689  0.679539  0.737079 
36  0.643143  0.622024  0.948142  0.918681  0.825761  0.813495  0.651108  0.718648  0.684843  0.288893  0.724987  0.777442  0.565065  0.240882  0.672449  0.831900  0.889802  0.726682  0.625088  0.140953  0.894844  0.891563  0.775033  0.850545  0.699673  0.626767  0.829673  0.587292  0.964911  0.910158  0.732834  0.749220  0.830269  0.782188  0.746690  0.642905 0.0  0.915795  0.725575  0.889233  0.363116  0.310899  0.800610  0.928483  0.727294  0.787490  0.698696  0.872690  0.864852  0.201988  0.695068  0.319539  0.775862  0.723476  0.833379  0.667929  0.856369  0.941090  0.704800  0.590940  0.779800 
37  0.648433  0.554734  0.336787  0.387416  0.317372  0.292275  0.793039  0.743868  0.803192  0.758316  0.789352  0.793929  0.765331  0.829566  0.799288  0.404469  0.336028  0.803204  0.836120  0.770399  0.321852  0.314879  0.533368  0.356390  0.704265  0.558004  0.350676  0.802617  0.407539  0.312348  0.296437  0.740603  0.435927  0.377595  0.344576  0.751996  0.915795 0.0  0.490325  0.436146  0.867253  0.826538  0.713553  0.290918  0.810437  0.350382  0.839113  0.227010  0.499736  0.859922  0.822280  0.823616  0.774886  0.415234  0.317388  0.608256  0.262796  0.460642  0.880304  0.748745  0.540493 
38  0.659573  0.541471  0.700616  0.602617  0.659530  0.602216  0.763397  0.696385  0.637456  0.782812  0.669668  0.795269  0.829929  0.799294  0.678048  0.543554  0.534719  0.762655  0.786414  0.879424  0.537036  0.639830  0.195082  0.606204  0.664206  0.731392  0.592754  0.715958  0.613108  0.662797  0.700976  0.693438  0.344695  0.621234  0.513297  0.643073  0.725575  0.490325 0.0  0.448950  0.775637  0.763634  0.655689  0.524094  0.667592  0.514030  0.692963  0.549786  0.490946  0.750090  0.654391  0.786128  0.751303  0.085252  0.559471  0.527920  0.585717  0.494505  0.761114  0.674524  0.485362 
39  0.809800  0.572429  0.570639  0.563103  0.456383  0.489205  0.738564  0.552020  0.721014  0.847611  0.762182  0.843491  0.801659  0.796475  0.863415  0.515744  0.557694  0.692307  0.872213  0.705203  0.621579  0.594983  0.394893  0.452594  0.667584  0.589773  0.557680  0.764371  0.484081  0.518603  0.559518  0.924309  0.234510  0.562351  0.470771  0.754343  0.889233  0.436146  0.448950 0.0  0.670543  0.918555  0.603381  0.418053  0.771041  0.568468  0.680589  0.471688  0.430784  0.854567  0.738874  0.861586  0.755871  0.419110  0.530540  0.606793  0.506619  0.149249  0.824169  0.797127  0.526966 
40  0.529422  0.463848  0.825779  0.905051  0.764867  0.753041  0.572670  0.544931  0.615070  0.344787  0.785349  0.812875  0.763963  0.250738  0.632142  0.749450  0.757691  0.684311  0.687818  0.197678  0.739683  0.822852  0.657194  0.831488  0.761393  0.592182  0.814879  0.497315  0.832408  0.766303  0.817483  0.759355  0.566194  0.802766  0.815355  0.682676  0.363116  0.867253  0.775637  0.670543 0.0  0.268772  0.626270  0.727311  0.641247  0.729928  0.718072  0.820745  0.900006  0.362557  0.758888  0.255407  0.679916  0.602407  0.776030  0.702389  0.800099  0.708335  0.841520  0.590735  0.632357 
41  0.608884  0.494123  0.911811  0.862447  0.876947  0.805532  0.718027  0.751379  0.701756  0.206926  0.715851  0.726412  0.660540  0.130662  0.749843  0.746195  0.860049  0.587918  0.572471  0.325685  0.863419  0.931801  0.791464  0.883309  0.584926  0.726930  0.805131  0.703469  0.808603  0.772326  0.966002  0.763971  0.899643  0.966556  0.906825  0.714092  0.310899  0.826538  0.763634  0.918555  0.268772 0.0  0.718686  0.921691  0.726822  0.873274  0.770673  0.876752  0.766811  0.294395  0.739140  0.339983  0.783402  0.797942  0.867114  0.674481  0.856361  0.781829  0.704023  0.587841  0.814283 
42  0.648001  0.617762  0.775036  0.721928  0.670861  0.761576  0.644908  0.389980  0.680942  0.735477  0.300106  0.625938  0.652736  0.707194  0.676254  0.661063  0.626040  0.703596  0.739719  0.591732  0.799571  0.698046  0.677708  0.734843  0.556285  0.614282  0.699380  0.408713  0.637011  0.683113  0.712797  0.699622  0.624475  0.677122  0.681414  0.330666  0.800610  0.713553  0.655689  0.603381  0.626270  0.718686 0.0  0.792565  0.330708  0.758491  0.525622  0.759502  0.773209  0.812746  0.496938  0.657762  0.597830  0.632179  0.624429  0.139176  0.714731  0.696422  0.694117  0.627789  0.652454 
43  0.739092  0.533570  0.429108  0.440327  0.350774  0.223402  0.747563  0.710833  0.838953  0.864943  0.727240  0.727698  0.740412  0.858649  0.677627  0.373289  0.459437  0.733521  0.771088  0.768751  0.281541  0.280765  0.585998  0.433386  0.696514  0.638660  0.379300  0.702969  0.456725  0.279317  0.357411  0.831092  0.464819  0.405227  0.321622  0.704419  0.928483  0.290918  0.524094  0.418053  0.727311  0.921691  0.792565 0.0  0.725259  0.527791  0.801774  0.165424  0.363038  0.804297  0.818001  0.861044  0.734337  0.540311  0.250231  0.721498  0.449278  0.461239  0.773655  0.779191  0.630086 
44  0.637576  0.522179  0.891257  0.790487  0.600363  0.733654  0.779720  0.246204  0.882512  0.778298  0.415012  0.680971  0.642056  0.712059  0.774610  0.811841  0.800193  0.833094  0.645444  0.831790  0.747052  0.719465  0.712349  0.861501  0.682175  0.691372  0.787026  0.367072  0.759538  0.821793  0.752949  0.684932  0.679315  0.822246  0.724704  0.371266  0.727294  0.810437  0.667592  0.771041  0.641247  0.726822  0.330708  0.725259 0.0  0.680665  0.123988  0.702260  0.797388  0.769904  0.452081  0.655398  0.790244  0.622622  0.758594  0.378822  0.794965  0.681466  0.668131  0.743258  0.679204 
45  0.735629  0.638042  0.389027  0.451728  0.447615  0.405522  0.913342  0.789756  0.911899  0.884214  0.793027  0.837765  0.724117  0.874169  0.798981  0.368496  0.232839  0.838339  0.793792  0.791218  0.465394  0.477728  0.665263  0.383318  0.793825  0.794875  0.351149  0.662578  0.373942  0.373130  0.308053  0.870430  0.489378  0.330868  0.290613  0.735669  0.787490  0.350382  0.514030  0.568468  0.729928  0.873274  0.758491  0.527791  0.680665 0.0  0.863090  0.448803  0.410291  0.833838  0.787835  0.845882  0.885637  0.501502  0.385962  0.682628  0.377174  0.525238  0.797707  0.934379  0.489477 
46  0.602681  0.587661  0.885362  0.862341  0.768037  0.762515  0.693385  0.240942  0.672552  0.704014  0.486517  0.748278  0.697210  0.792457  0.783038  0.815117  0.665458  0.674700  0.730192  0.710090  0.744279  0.656320  0.614241  0.774965  0.541821  0.608943  0.732600  0.284738  0.873053  0.741801  0.796670  0.605919  0.732860  0.773383  0.756755  0.428480  0.698696  0.839113  0.692963  0.680589  0.718072  0.770673  0.525622  0.801774  0.123988  0.863090 0.0  0.848031  0.826940  0.632692  0.461497  0.679250  0.642187  0.568984  0.728248  0.304138  0.671575  0.718281  0.687233  0.654866  0.651796 
47  0.640241  0.567873  0.422121  0.456014  0.243863  0.182678  0.851098  0.737486  0.830225  0.811073  0.744305  0.908458  0.825403  0.896175  0.782352  0.337992  0.314692  0.796945  0.872199  0.864950  0.336543  0.312607  0.680262  0.359947  0.764993  0.587554  0.441727  0.757113  0.448173  0.385310  0.416187  0.810570  0.489827  0.435186  0.335431  0.782407  0.872690  0.227010  0.549786  0.471688  0.820745  0.876752  0.759502  0.165424  0.702260  0.448803  0.848031 0.0  0.391713  0.881986  0.727793  0.739807  0.925474  0.596232  0.181333  0.668413  0.309038  0.428273  0.742333  0.721335  0.687243 
48  0.763958  0.569180  0.317297  0.375845  0.273949  0.315638  0.870866  0.832534  0.850041  0.982288  0.750755  0.857807  0.729764  0.865966  0.830851  0.350995  0.324116  0.883421  0.757387  0.774308  0.374509  0.388789  0.576541  0.264590  0.679314  0.715671  0.248994  0.715192  0.334358  0.259824  0.430246  0.782815  0.546538  0.327763  0.354149  0.808353  0.864852  0.499736  0.490946  0.430784  0.900006  0.766811  0.773209  0.363038  0.797388  0.410291  0.826940  0.391713 0.0  0.839922  0.667617  0.834287  0.781192  0.611678  0.452134  0.767354  0.376064  0.532709  0.832839  0.964678  0.513826 
49  0.533267  0.633337  0.761981  0.803272  0.935735  0.821536  0.637181  0.713687  0.623642  0.308713  0.745112  0.889573  0.636098  0.217420  0.623891  0.861075  0.859389  0.700373  0.689799  0.180674  0.898394  0.838296  0.848899  0.864847  0.645269  0.672925  1.000000  0.653324  0.825029  0.898795  0.833003  0.766039  0.830637  0.868275  0.905788  0.707704  0.201988  0.859922  0.750090  0.854567  0.362557  0.294395  0.812746  0.804297  0.769904  0.833838  0.632692  0.881986  0.839922 0.0  0.653258  0.284703  0.721715  0.784012  0.806604  0.714295  0.923160  0.808631  0.821146  0.620693  0.826756 
50  0.553123  0.634102  0.704814  0.890369  0.915773  0.759481  0.654616  0.492414  0.718101  0.680474  0.278899  0.773147  0.543548  0.799412  0.717999  0.745544  0.733341  0.792945  0.793976  0.714820  0.861239  0.798343  0.677084  0.752428  0.638357  0.646681  0.786236  0.429447  0.796796  0.803598  0.811663  0.760887  0.768132  0.789559  0.701179  0.324926  0.695068  0.822280  0.654391  0.738874  0.758888  0.739140  0.496938  0.818001  0.452081  0.787835  0.461497  0.727793  0.667617  0.653258 0.0  0.732856  0.690738  0.740731  0.801231  0.365977  0.782126  0.722663  0.709264  0.656591  0.648331 
51  0.625064  0.575705  0.859930  0.874316  0.704486  0.731705  0.585970  0.675810  0.660912  0.363904  0.707572  0.756665  0.653983  0.305386  0.725703  0.879070  0.753198  0.633398  0.739707  0.342521  0.783104  0.746683  0.719631  0.764237  0.625953  0.701653  0.855288  0.699566  0.805822  0.841738  0.781827  0.803205  0.800773  0.933653  0.902941  0.698422  0.319539  0.823616  0.786128  0.861586  0.255407  0.339983  0.657762  0.861044  0.655398  0.845882  0.679250  0.739807  0.834287  0.284703  0.732856 0.0  0.726276  0.683045  0.728512  0.631789  0.832739  0.748727  0.677662  0.523846  0.753837 
52  0.677321  0.475731  0.833839  0.933494  0.838547  0.804698  0.692923  0.641006  0.693936  0.787997  0.785779  0.164081  0.491035  0.754199  0.728645  0.818805  0.799697  0.281890  0.817230  0.761080  0.888099  0.842915  0.817432  0.820525  0.654044  0.628344  0.854007  0.687268  0.808741  0.849914  0.702727  0.191338  0.781238  0.896990  0.799316  0.643911  0.775862  0.774886  0.751303  0.755871  0.679916  0.783402  0.597830  0.734337  0.790244  0.885637  0.642187  0.925474  0.781192  0.721715  0.690738  0.726276 0.0  0.800953  0.764873  0.575178  0.770846  0.807364  0.706818  0.613669  0.820764 
53  0.684657  0.621396  0.501294  0.622648  0.524389  0.569410  0.791074  0.689687  0.735343  0.857909  0.712904  0.778654  0.881147  0.858224  0.737357  0.619549  0.538199  0.778725  0.733899  0.736749  0.713127  0.532090  0.372832  0.579254  0.685050  0.617003  0.651357  0.813948  0.618818  0.464556  0.565634  0.875492  0.504406  0.630027  0.651260  0.596329  0.723476  0.415234  0.085252  0.419110  0.602407  0.797942  0.632179  0.540311  0.622622  0.501502  0.568984  0.596232  0.611678  0.784012  0.740731  0.683045  0.800953 0.0  0.579073  0.678415  0.667241  0.410976  0.867194  0.719485  0.313744 
54  0.702094  0.580042  0.364617  0.389848  0.460832  0.133942  0.779853  0.709550  0.781293  0.757821  0.765712  0.801034  0.772072  0.793561  0.751117  0.451921  0.515583  0.803848  0.849569  0.767386  0.266901  0.282711  0.582526  0.274772  0.653263  0.758935  0.430013  0.833557  0.347705  0.290827  0.279237  0.861355  0.478318  0.391953  0.334051  0.693805  0.833379  0.317388  0.559471  0.530540  0.776030  0.867114  0.624429  0.250231  0.758594  0.385962  0.728248  0.181333  0.452134  0.806604  0.801231  0.728512  0.764873  0.579073 0.0  0.710211  0.374992  0.551602  0.867110  0.908827  0.570569 
55  0.627378  0.542806  0.644512  0.682824  0.539920  0.691863  0.658521  0.293209  0.681889  0.628590  0.391985  0.610583  0.603956  0.669375  0.748764  0.676216  0.645757  0.510138  0.711092  0.557782  0.703382  0.796799  0.704980  0.722283  0.555217  0.625146  0.599688  0.253731  0.790017  0.728004  0.640481  0.695998  0.548242  0.798186  0.724800  0.251432  0.667929  0.608256  0.527920  0.606793  0.702389  0.674481  0.139176  0.721498  0.378822  0.682628  0.304138  0.668413  0.767354  0.714295  0.365977  0.631789  0.575178  0.678415  0.710211 0.0  0.774386  0.602946  0.731126  0.553959  0.739006 
56  0.558214  0.483994  0.371748  0.511879  0.385024  0.413065  0.780227  0.849892  0.746132  0.787099  0.780884  0.816312  0.804278  0.912464  0.873652  0.233787  0.096993  0.802126  0.788294  0.852370  0.482222  0.372834  0.635528  0.257539  0.590590  0.672606  0.198117  0.804230  0.477866  0.284460  0.341848  0.943014  0.473524  0.362862  0.168854  0.724231  0.856369  0.262796  0.585717  0.506619  0.800099  0.856361  0.714731  0.449278  0.794965  0.377174  0.671575  0.309038  0.376064  0.923160  0.782126  0.832739  0.770846  0.667241  0.374992  0.774386 0.0  0.498637  0.848076  0.881591  0.566593 
57  0.704202  0.556415  0.580755  0.473456  0.543661  0.516814  0.754244  0.643438  0.763180  0.866186  0.793541  0.834816  0.840693  0.941419  0.779493  0.511745  0.489097  0.790556  0.743799  0.879491  0.556121  0.596355  0.478045  0.500817  0.677451  0.662233  0.530475  0.739799  0.536028  0.462523  0.560614  0.889480  0.303930  0.513977  0.529216  0.768157  0.941090  0.460642  0.494505  0.149249  0.708335  0.781829  0.696422  0.461239  0.681466  0.525238  0.718281  0.428273  0.532709  0.808631  0.722663  0.748727  0.807364  0.410976  0.551602  0.602946  0.498637 0.0  0.862247  0.698990  0.533424 
58  0.666520  0.640458  0.925564  0.785898  0.892040  0.843852  0.262040  0.793323  0.325785  0.650824  0.809293  0.651387  0.806129  0.683261  0.259227  0.886925  0.734640  0.724378  0.316577  0.748292  0.765704  0.755600  0.808878  0.930121  0.802300  0.698345  0.805036  0.808986  0.773951  0.722026  0.907606  0.692391  0.823835  0.792831  0.796812  0.661689  0.704800  0.880304  0.761114  0.824169  0.841520  0.704023  0.694117  0.773655  0.668131  0.797707  0.687233  0.742333  0.832839  0.821146  0.709264  0.677662  0.706818  0.867194  0.867110  0.731126  0.848076  0.862247 0.0  0.274605  0.681865 
59  0.625245  0.646435  0.824125  0.822994  0.788369  0.759034  0.085252  0.752851  0.122084  0.651286  0.782601  0.666569  0.571870  0.614799  0.231323  0.888032  0.787712  0.715125  0.190914  0.701148  0.823719  0.782243  0.646126  0.762872  0.571492  0.642837  0.747666  0.638827  0.731927  0.866257  0.769644  0.601341  0.825900  0.875048  0.822710  0.679539  0.590940  0.748745  0.674524  0.797127  0.590735  0.587841  0.627789  0.779191  0.743258  0.934379  0.654866  0.721335  0.964678  0.620693  0.656591  0.523846  0.613669  0.719485  0.908827  0.553959  0.881591  0.698990  0.274605 0.0  0.742108 
60  0.603162  0.541407  0.515964  0.711641  0.567115  0.542361  0.761018  0.779309  0.724390  0.759716  0.639663  0.829507  0.707417  0.779269  0.779794  0.585949  0.691155  0.745149  0.717281  0.852693  0.525886  0.610688  0.236524  0.615712  0.727844  0.731310  0.541435  0.829031  0.585487  0.598907  0.712057  0.862521  0.353267  0.622300  0.591406  0.737079  0.779800  0.540493  0.485362  0.526966  0.632357  0.814283  0.652454  0.630086  0.679204  0.489477  0.651796  0.687243  0.513826  0.826756  0.648331  0.753837  0.820764  0.313744  0.570569  0.739006  0.566593  0.533424  0.681865  0.742108 0.0 
