61
0 0.0  0.525354  0.673367  0.542022  0.559861  0.630419  0.549329  0.575171  0.482788  0.614003  0.485543  0.579947  0.633288  0.546451  0.564254  0.722549  0.653431  0.694386  0.640073  0.590719  0.727650  0.644063  0.590837  0.623862  0.582592  0.572824  0.694291  0.641117  0.650019  0.772982  0.579621  0.675125  0.521339  0.745388  0.600970  0.548858  0.569427  0.593514  0.594872  0.675752  0.520586  0.556038  0.522003  0.568115  0.597048  0.646973  0.538330  0.626409  0.787083  0.547653  0.658141  0.513457  0.567536  0.595174  0.785977  0.620093  0.583736  0.648261  0.593309  0.571733  0.611766 
1  0.525354 0.0  0.570991  0.595865  0.518395  0.496304  0.616841  0.502609  0.534171  0.534648  0.495054  0.562214  0.511569  0.542358  0.563835  0.488777  0.443459  0.589531  0.526479  0.503526  0.578069  0.569701  0.526988  0.440684  0.549086  0.498791  0.664368  0.491859  0.574522  0.541413  0.598877  0.514725  0.510482  0.542083  0.523544  0.503958  0.559030  0.465487  0.572417  0.547806  0.572274  0.434119  0.550488  0.478667  0.554370  0.507763  0.518994  0.466616  0.499801  0.565227  0.479431  0.505328  0.583466  0.561777  0.506797  0.452678  0.569228  0.528296  0.506462  0.563809  0.510938 
2  0.673367  0.570991 0.0  0.215542  0.266414  0.341803  0.708142  0.869104  0.789546  0.714871  0.667074  0.827898  0.697732  0.763764  0.739857  0.326405  0.354735  0.799687  0.824555  0.845413  0.376589  0.348358  0.570401  0.327179  0.665861  0.715607  0.343591  0.785877  0.250192  0.308056  0.315268  0.743236  0.434575  0.252475  0.330265  0.706054  0.846103  0.297081  0.507539  0.476927  0.745630  0.764493  0.736148  0.306702  0.563200  0.339510  0.702517  0.317168  0.296684  0.785704  0.714667  0.597219  0.750923  0.543847  0.368236  0.695065  0.376370  0.503142  0.776578  0.770384  0.448693 
3  0.542022  0.595865  0.215542 0.0  0.250907  0.375318  0.829550  0.839648  0.816295  0.902781  0.685552  0.650205  0.784763  0.738956  0.783302  0.360578  0.307019  0.759826  0.788030  0.809578  0.359680  0.348892  0.452739  0.277712  0.669034  0.780005  0.318739  0.733601  0.235500  0.294460  0.344428  0.557396  0.547482  0.245957  0.355793  0.890178  0.775529  0.294138  0.525366  0.479362  0.803196  0.736003  0.780604  0.370289  0.810050  0.324993  0.698715  0.376991  0.318694  0.771498  0.765232  0.817470  0.693578  0.540012  0.304254  0.687193  0.400816  0.486324  0.615702  0.847886  0.650355 
4  0.559861  0.518395  0.266414  0.250907 0.0  0.312079  0.780786  0.686047  0.633205  0.769931  0.788951  0.673759  0.622261  0.773861  0.802827  0.258288  0.254117  0.697231  0.717793  0.738679  0.326380  0.280580  0.587403  0.268520  0.709578  0.653860  0.273602  0.741233  0.175995  0.258618  0.285262  0.719201  0.475070  0.265983  0.279787  0.587288  0.825394  0.258799  0.557130  0.417056  0.576330  0.868002  0.640505  0.347629  0.709308  0.352259  0.684134  0.257119  0.293022  0.690997  0.720765  0.758208  0.779446  0.533888  0.326138  0.500038  0.297008  0.472417  0.666356  0.627573  0.516864 
5  0.630419  0.496304  0.341803  0.375318  0.312079 0.0  0.788652  0.716900  0.781924  0.751131  0.578513  0.768950  0.758931  0.895687  0.763592  0.325362  0.366763  0.679775  0.822168  0.645309  0.205146  0.220076  0.488540  0.319174  0.533415  0.760898  0.339783  0.774605  0.318459  0.264805  0.332291  0.809151  0.411869  0.359209  0.301265  0.625184  0.782357  0.250886  0.525007  0.521413  0.746973  0.718245  0.614701  0.169915  0.569878  0.356883  0.669688  0.179973  0.361595  0.679820  0.713257  0.838092  0.820250  0.461562  0.209633  0.619499  0.414297  0.466664  0.827371  0.636847  0.551168 
6  0.549329  0.616841  0.708142  0.829550  0.780786  0.788652 0.0  0.686849  0.145292  0.687926  0.639580  0.784960  0.682348  0.567495  0.259954  0.752037  0.726201  0.645970  0.267562  0.615530  0.812196  0.748049  0.776318  0.807314  0.695155  0.628908  0.817779  0.664650  0.713374  0.813013  0.735779  0.655379  0.769070  0.679705  0.648883  0.634924  0.638950  0.549987  0.651700  0.735750  0.683573  0.627893  0.573919  0.666149  0.709456  0.753849  0.632005  0.765527  0.783993  0.560448  0.584709  0.464318  0.637080  0.738343  0.619306  0.656012  0.752005  0.735352  0.213117  0.131698  0.781324 
7  0.575171  0.502609  0.869104  0.839648  0.686047  0.716900  0.686849 0.0  0.533853  0.623100  0.442445  0.745080  0.568356  0.660359  0.570504  0.705458  0.761093  0.809466  0.623947  0.632473  0.647025  0.684261  0.639484  0.737642  0.553289  0.650476  0.743917  0.141711  0.683330  0.630964  0.655664  0.594209  0.490848  0.639250  0.762417  0.382239  0.586639  0.764017  0.696229  0.672048  0.506508  0.661160  0.316243  0.777598  0.229747  0.786202  0.205669  0.636787  0.725471  0.633607  0.440851  0.669664  0.668075  0.735784  0.694819  0.268042  0.738544  0.596412  0.713979  0.568149  0.600043 
8  0.482788  0.534171  0.789546  0.816295  0.633205  0.781924  0.145292  0.533853 0.0  0.670794  0.768886  0.694718  0.585614  0.739054  0.266071  0.749520  0.750237  0.657134  0.242950  0.647402  0.675195  0.723500  0.697785  0.728212  0.469192  0.615296  0.764616  0.565498  0.791043  0.880341  0.835737  0.619027  0.745710  0.733690  0.719001  0.557281  0.516084  0.801777  0.632522  0.720412  0.604560  0.653802  0.655256  0.812844  0.580951  0.697328  0.670233  0.790471  0.867306  0.547534  0.591951  0.751572  0.594592  0.612376  0.709012  0.487663  0.632317  0.755374  0.188613  0.104910  0.774676 
9  0.614003  0.534648  0.714871  0.902781  0.769931  0.751131  0.687926  0.623100  0.670794 0.0  0.738728  0.679886  0.630689  0.181579  0.676109  0.659815  0.955307  0.606598  0.689261  0.224564  0.745048  0.762394  0.761805  0.867647  0.551834  0.626103  0.807464  0.754359  0.794381  0.823188  0.807468  0.614030  0.785266  0.773878  0.760150  0.574826  0.189994  0.742266  0.741211  0.762836  0.273980  0.179917  0.679839  0.729593  0.600524  0.754638  0.650776  0.714564  0.845434  0.179760  0.726428  0.328313  0.621554  0.720307  0.689222  0.637490  0.712133  0.869275  0.745599  0.698596  0.716077 
10  0.485543  0.495054  0.667074  0.685552  0.788951  0.578513  0.639580  0.442445  0.768886  0.738728 0.0  0.679662  0.499215  0.711808  0.589588  0.789375  0.745761  0.774908  0.736333  0.608643  0.741009  0.644924  0.586385  0.569542  0.541515  0.559080  0.664438  0.391895  0.698113  0.719364  0.684512  0.606872  0.642640  0.694241  0.701969  0.258055  0.645375  0.768434  0.666739  0.610155  0.664450  0.618846  0.341670  0.705353  0.393909  0.664015  0.412892  0.747791  0.790169  0.534351  0.229650  0.607015  0.616122  0.683408  0.743631  0.386927  0.642429  0.654705  0.728302  0.660769  0.630436 
11  0.579947  0.562214  0.827898  0.650205  0.673759  0.768950  0.784960  0.745080  0.694718  0.679886  0.679662 0.0  0.328499  0.633625  0.722788  0.721230  0.656398  0.228169  0.708565  0.645293  0.827030  0.722464  0.647621  0.791484  0.567304  0.623047  0.750577  0.611232  0.747387  0.605435  0.798337  0.135678  0.648181  0.763499  0.725688  0.632073  0.577789  0.738678  0.743695  0.611519  0.531391  0.669357  0.533096  0.782954  0.573164  0.970670  0.618637  0.711856  0.877595  0.723601  0.600382  0.675035  0.145258  0.791209  0.820996  0.624773  0.811184  0.748066  0.630749  0.728496  0.723381 
12  0.633288  0.511569  0.697732  0.784763  0.622261  0.758931  0.682348  0.568356  0.585614  0.630689  0.499215  0.328499 0.0  0.600584  0.540581  0.715292  0.780375  0.360797  0.686812  0.530170  0.756845  0.719764  0.734315  0.784274  0.629415  0.571758  0.874856  0.613265  0.678533  0.789385  0.737858  0.360807  0.612328  0.778969  0.600020  0.503404  0.559390  0.884969  0.807499  0.634746  0.734206  0.718700  0.579460  0.731712  0.646142  0.743173  0.579985  0.726478  0.829917  0.644150  0.488722  0.708867  0.410457  0.750601  0.752536  0.538552  0.664852  0.750680  0.672928  0.646784  0.710521 
13  0.546451  0.542358  0.763764  0.738956  0.773861  0.895687  0.567495  0.660359  0.739054  0.181579  0.711808  0.633625  0.600584 0.0  0.660420  0.699042  0.726956  0.590733  0.678895  0.220031  0.852733  0.752681  0.785174  0.618771  0.585388  0.681902  0.881845  0.557305  0.877080  0.886642  0.686593  0.731679  0.725507  0.761780  0.639248  0.593477  0.191324  0.912732  0.690749  0.747177  0.243892  0.174258  0.490595  0.822213  0.631014  0.753739  0.527883  0.707379  0.823765  0.206647  0.668998  0.287447  0.661005  0.780865  0.781412  0.673302  0.747121  0.787499  0.611704  0.590067  0.729605 
14  0.564254  0.563835  0.739857  0.783302  0.802827  0.763592  0.259954  0.570504  0.266071  0.676109  0.589588  0.722788  0.540581  0.660420 0.0  0.720054  0.802183  0.550912  0.119109  0.595903  0.755037  0.865048  0.714644  0.793666  0.666527  0.585902  0.820982  0.588807  0.763844  0.874092  0.724973  0.667401  0.705736  1.000000  0.741684  0.670229  0.630378  0.795736  0.757456  0.616730  0.646820  0.652034  0.543939  0.817394  0.794396  0.685348  0.665671  0.694773  0.861290  0.655047  0.574780  0.656233  0.629952  0.768508  0.730921  0.671080  0.709087  0.670719  0.307707  0.235919  0.704386 
15  0.722549  0.488777  0.326405  0.360578  0.258288  0.325362  0.752037  0.705458  0.749520  0.659815  0.789375  0.721230  0.715292  0.699042  0.720054 0.0  0.217575  0.738101  0.730386  0.668401  0.365505  0.319540  0.466133  0.337388  0.787029  0.653843  0.250283  0.810689  0.353355  0.257939  0.398427  0.699912  0.449001  0.383688  0.226812  0.714971  0.768176  0.244708  0.439858  0.461437  0.688734  0.682831  0.601570  0.339595  0.722589  0.253164  0.778976  0.298536  0.284803  0.805005  0.621043  0.657880  0.640322  0.474523  0.315175  0.725899  0.202222  0.474919  0.671089  0.613842  0.491575 
16  0.653431  0.443459  0.354735  0.307019  0.254117  0.366763  0.726201  0.761093  0.750237  0.955307  0.745761  0.656398  0.780375  0.726956  0.802183  0.217575 0.0  0.716793  0.851298  0.693796  0.329995  0.341603  0.577563  0.296752  0.593707  0.700675  0.249846  0.727097  0.327436  0.234520  0.328481  0.798480  0.414534  0.340207  0.172132  0.679163  0.716644  0.315816  0.533621  0.451950  0.600197  0.724377  0.577875  0.333226  0.687371  0.217333  0.679394  0.285919  0.295138  0.877996  0.746452  0.780307  0.737973  0.545606  0.328033  0.624626  0.124867  0.473576  0.818031  0.870825  0.522636 
17  0.694386  0.589531  0.799687  0.759826  0.697231  0.679775  0.645970  0.809466  0.657134  0.606598  0.774908  0.228169  0.360797  0.590733  0.550912  0.738101  0.716793 0.0  0.652243  0.685972  0.680077  0.839691  0.652532  0.623982  0.743057  0.603232  0.824624  0.691575  0.807146  0.738728  0.580767  0.220182  0.675818  0.788048  0.791546  0.710346  0.619047  0.733346  0.589102  0.687683  0.717600  0.746450  0.655855  0.679276  0.730831  0.739501  0.693268  0.717186  0.765093  0.590195  0.685159  0.559930  0.244303  0.715309  0.708447  0.639112  0.760672  0.626602  0.669904  0.661150  0.637986 
18  0.640073  0.526479  0.824555  0.788030  0.717793  0.822168  0.267562  0.623947  0.242950  0.689261  0.736333  0.708565  0.686812  0.678895  0.119109  0.730386  0.851298  0.652243 0.0  0.566310  0.859503  0.785488  0.546987  0.711209  0.588181  0.602031  0.671480  0.581891  0.756404  0.904128  0.747465  0.794807  0.737076  0.742082  0.755936  0.633589  0.664523  0.789771  0.659129  0.824059  0.642099  0.731597  0.630768  0.778436  0.756870  0.658711  0.704791  0.794786  0.839319  0.627613  0.674041  0.663626  0.697580  0.727482  0.783668  0.614724  0.836230  0.769471  0.280774  0.208846  0.665828 
19  0.590719  0.503526  0.845413  0.809578  0.738679  0.645309  0.615530  0.632473  0.647402  0.224564  0.608643  0.645293  0.530170  0.220031  0.595903  0.668401  0.693796  0.685972  0.566310 0.0  0.794715  0.770110  0.601185  0.827588  0.601032  0.606022  0.715789  0.677820  0.815665  0.798841  0.725375  0.652609  0.694074  0.782167  0.734468  0.509275  0.200661  0.700542  0.736717  0.641673  0.225519  0.196409  0.585433  0.690381  0.580368  0.850195  0.647028  0.738735  0.768466  0.162765  0.706121  0.267220  0.631783  0.697097  0.660696  0.664340  0.655902  0.671534  0.661261  0.629897  0.706058 
20  0.727650  0.578069  0.376589  0.359680  0.326380  0.205146  0.812196  0.647025  0.675195  0.745048  0.741009  0.827030  0.756845  0.852733  0.755037  0.365505  0.329995  0.680077  0.859503  0.794715 0.0  0.200296  0.529997  0.302938  0.697259  0.652147  0.390423  0.785822  0.383340  0.286246  0.285273  0.785220  0.422453  0.360479  0.327188  0.743791  0.989223  0.300042  0.561798  0.469749  0.694561  0.834712  0.664095  0.200235  0.763884  0.319216  0.759707  0.220849  0.313432  0.917615  0.760784  0.728280  0.803676  0.504657  0.202765  0.583504  0.361076  0.512761  0.860380  0.714029  0.527623 
21  0.644063  0.569701  0.348358  0.348892  0.280580  0.220076  0.748049  0.684261  0.723500  0.762394  0.644924  0.722464  0.719764  0.752681  0.865048  0.319540  0.341603  0.839691  0.785488  0.770110  0.200296 0.0  0.569603  0.332754  0.744649  0.601103  0.410196  0.722655  0.349806  0.272090  0.391454  0.712899  0.468818  0.298767  0.311088  0.798038  0.941019  0.240572  0.503699  0.527843  0.664688  0.825839  0.511132  0.199967  0.683377  0.363625  0.655465  0.231830  0.331624  0.733204  0.731220  0.647994  0.709564  0.497754  0.208598  0.631549  0.365836  0.466415  0.805846  0.851213  0.526426 
22  0.590837  0.526988  0.570401  0.452739  0.587403  0.488540  0.776318  0.639484  0.697785  0.761805  0.586385  0.647621  0.734315  0.785174  0.714644  0.466133  0.577563  0.652532  0.546987  0.601185  0.529997  0.569603 0.0  0.517982  0.575620  0.546636  0.581063  0.592692  0.577539  0.506562  0.498406  0.773938  0.393339  0.554939  0.562267  0.776544  0.667972  0.508060  0.222896  0.392019  0.665198  0.794088  0.651255  0.550612  0.585152  0.494541  0.575877  0.549400  0.522613  0.746636  0.593762  0.745525  0.864221  0.264135  0.545542  0.571865  0.566224  0.401015  0.669742  0.720952  0.202647 
23  0.623862  0.440684  0.327179  0.277712  0.268520  0.319174  0.807314  0.737642  0.728212  0.867647  0.569542  0.791484  0.784274  0.618771  0.793666  0.337388  0.296752  0.623982  0.711209  0.827588  0.302938  0.332754  0.517982 0.0  0.574246  0.605578  0.306591  0.565907  0.361168  0.288150  0.194978  0.754385  0.451086  0.348720  0.285203  0.798154  0.698385  0.245504  0.480284  0.447155  0.660649  0.671888  0.630167  0.313625  0.690583  0.300003  0.822502  0.287899  0.312025  0.884003  0.726273  0.762782  0.806998  0.456954  0.316270  0.618064  0.314242  0.479586  0.685713  0.644317  0.586512 
24  0.582592  0.549086  0.665861  0.669034  0.709578  0.533415  0.695155  0.553289  0.469192  0.551834  0.541515  0.567304  0.629415  0.585388  0.666527  0.787029  0.593707  0.743057  0.588181  0.601032  0.697259  0.744649  0.575620  0.574246 0.0  0.128176  0.719636  0.671277  0.705944  0.709405  0.559751  0.579138  0.635904  0.631383  0.685000  0.546309  0.709800  0.624430  0.532514  0.640583  0.595570  0.620989  0.675379  0.623734  0.642840  0.713986  0.636052  0.722978  0.689269  0.580676  0.500589  0.539858  0.552778  0.665567  0.634275  0.543897  0.613273  0.551890  0.610097  0.791176  0.572820 
25  0.572824  0.498791  0.715607  0.780005  0.653860  0.760898  0.628908  0.650476  0.615296  0.626103  0.559080  0.623047  0.571758  0.681902  0.585902  0.653843  0.700675  0.603232  0.602031  0.606022  0.652147  0.601103  0.546636  0.605578  0.128176 0.0  0.725101  0.613324  0.783994  0.740668  0.601051  0.639946  0.683739  0.722158  0.642997  0.619240  0.812975  0.616441  0.674933  0.553188  0.552881  0.501376  0.513674  0.662700  0.511647  0.794701  0.552519  0.571962  0.655284  0.542554  0.520773  0.574712  0.521567  0.457710  0.645229  0.537793  0.636168  0.629492  0.583668  0.581412  0.634882 
26  0.694291  0.664368  0.343591  0.318739  0.273602  0.339783  0.817779  0.743917  0.764616  0.807464  0.664438  0.750577  0.874856  0.881845  0.820982  0.250283  0.249846  0.824624  0.671480  0.715789  0.390423  0.410196  0.581063  0.306591  0.719636  0.725101 0.0  0.707953  0.324838  0.198324  0.322045  0.728147  0.465790  0.353305  0.250019  0.623626  0.807874  0.309064  0.544585  0.456827  0.709481  0.807088  0.692226  0.327147  0.651404  0.234206  0.791354  0.371893  0.286249  0.839472  0.767646  0.926761  0.790026  0.552947  0.368920  0.582664  0.261778  0.507273  0.778775  0.834713  0.482434 
27  0.641117  0.491859  0.785877  0.733601  0.741233  0.774605  0.664650  0.141711  0.565498  0.754359  0.391895  0.611232  0.613265  0.557305  0.588807  0.810689  0.727097  0.691575  0.581891  0.677820  0.785822  0.722655  0.592692  0.565907  0.671277  0.613324  0.707953 0.0  0.663331  0.702979  0.884356  0.599999  0.551302  0.702385  0.777080  0.409771  0.608379  0.606352  0.630938  0.664619  0.591836  0.533653  0.338875  0.618852  0.264314  0.590363  0.259181  0.622977  0.623950  0.689679  0.515262  0.558331  0.651641  0.710679  0.668496  0.351966  0.682393  0.644735  0.627318  0.722524  0.584997 
28  0.650019  0.574522  0.250192  0.235500  0.175995  0.318459  0.713374  0.683330  0.791043  0.794381  0.698113  0.747387  0.678533  0.877080  0.763844  0.353355  0.327436  0.807146  0.756404  0.815665  0.383340  0.349806  0.577539  0.361168  0.705944  0.783994  0.324838  0.663331 0.0  0.271596  0.323242  0.748269  0.567396  0.240508  0.318513  0.707269  0.762345  0.314743  0.493660  0.502184  0.732721  0.719787  0.671533  0.355732  0.746238  0.365443  0.690324  0.357620  0.295557  0.724717  0.776130  0.767747  0.698096  0.473274  0.300993  0.608116  0.386698  0.483745  0.670003  0.687261  0.520239 
29  0.772982  0.541413  0.308056  0.294460  0.258618  0.264805  0.813013  0.630964  0.880341  0.823188  0.719364  0.605435  0.789385  0.886642  0.874092  0.257939  0.234520  0.738728  0.904128  0.798841  0.286246  0.272090  0.506562  0.288150  0.709405  0.740668  0.198324  0.702979  0.271596 0.0  0.253601  0.756191  0.458778  0.288483  0.274008  0.831620  0.789592  0.280514  0.451339  0.454295  0.681947  0.731470  0.796042  0.291647  0.804447  0.341010  0.789844  0.238551  0.279699  0.860678  0.722893  0.702691  0.641047  0.525424  0.233739  0.664333  0.284206  0.533794  0.863854  0.861329  0.487711 
30  0.579621  0.598877  0.315268  0.344428  0.285262  0.332291  0.735779  0.655664  0.835737  0.807468  0.684512  0.798337  0.737858  0.686593  0.724973  0.398427  0.328481  0.580767  0.747465  0.725375  0.285273  0.391454  0.498406  0.194978  0.559751  0.601051  0.322045  0.884356  0.323242  0.253601 0.0  0.746405  0.530023  0.308927  0.328429  0.721006  0.852599  0.306431  0.413609  0.394058  0.767876  0.770589  0.685989  0.330015  0.684328  0.354985  0.677711  0.329684  0.317246  0.703137  0.725348  0.803828  0.783388  0.500348  0.311877  0.805845  0.290841  0.423414  0.643063  0.635125  0.526638 
31  0.675125  0.514725  0.743236  0.557396  0.719201  0.809151  0.655379  0.594209  0.619027  0.614030  0.606872  0.135678  0.360807  0.731679  0.667401  0.699912  0.798480  0.220182  0.794807  0.652609  0.785220  0.712899  0.773938  0.754385  0.579138  0.639946  0.728147  0.599999  0.748269  0.756191  0.746405 0.0  0.674440  0.718937  0.672568  0.663527  0.708110  0.721118  0.711584  0.682418  0.652125  0.609370  0.698156  0.821671  0.585175  0.726878  0.662009  0.560182  0.828856  0.708174  0.720075  0.753227  0.142204  0.702702  0.771646  0.565266  0.833070  0.765630  0.694624  0.640128  0.697872 
32  0.521339  0.510482  0.434575  0.547482  0.475070  0.411869  0.769070  0.490848  0.745710  0.785266  0.642640  0.648181  0.612328  0.725507  0.705736  0.449001  0.414534  0.675818  0.737076  0.694074  0.422453  0.468818  0.393339  0.451086  0.635904  0.683739  0.465790  0.551302  0.567396  0.458778  0.530023  0.674440 0.0  0.521119  0.460307  0.591037  0.623109  0.437936  0.364871  0.231307  0.587906  0.699404  0.534490  0.403758  0.689623  0.422162  0.648767  0.411580  0.483845  0.721974  0.777003  0.647943  0.633033  0.352944  0.481697  0.461079  0.497619  0.252018  0.623968  0.596980  0.368548 
33  0.745388  0.542083  0.252475  0.245957  0.265983  0.359209  0.679705  0.639250  0.733690  0.773878  0.694241  0.763499  0.778969  0.761780  1.000000  0.383688  0.340207  0.788048  0.742082  0.782167  0.360479  0.298767  0.554939  0.348720  0.631383  0.722158  0.353305  0.702385  0.240508  0.288483  0.308927  0.718937  0.521119 0.0  0.350967  0.774410  0.748070  0.351531  0.468893  0.496699  0.605074  0.786839  0.698566  0.343869  0.812458  0.403455  0.699349  0.340250  0.257519  0.738511  0.739144  0.779308  0.956835  0.488669  0.326980  0.580334  0.354355  0.546021  0.747281  0.957968  0.494085 
34  0.600970  0.523544  0.330265  0.355793  0.279787  0.301265  0.648883  0.762417  0.719001  0.760150  0.701969  0.725688  0.600020  0.639248  0.741684  0.226812  0.172132  0.791546  0.755936  0.734468  0.327188  0.311088  0.562267  0.285203  0.685000  0.642997  0.250019  0.777080  0.318513  0.274008  0.328429  0.672568  0.460307  0.350967 0.0  0.662201  0.728538  0.295563  0.458537  0.436022  0.784922  0.676984  0.627117  0.325383  0.667602  0.225639  0.730963  0.268434  0.328613  0.785097  0.692173  0.708970  0.483120  0.513766  0.305438  0.519918  0.184852  0.361295  0.754186  0.710808  0.469593 
35  0.548858  0.503958  0.706054  0.890178  0.587288  0.625184  0.634924  0.382239  0.557281  0.574826  0.258055  0.632073  0.503404  0.593477  0.670229  0.714971  0.679163  0.710346  0.633589  0.509275  0.743791  0.798038  0.776544  0.798154  0.546309  0.619240  0.623626  0.409771  0.707269  0.831620  0.721006  0.663527  0.591037  0.774410  0.662201 0.0  0.556893  0.651784  0.661316  0.686316  0.392325  0.719874  0.282534  0.703330  0.407719  0.790150  0.389318  0.631628  0.776097  0.640089  0.295925  0.471412  0.591274  0.636333  0.623771  0.273796  0.564024  0.609952  0.667432  0.524579  0.720799 
36  0.569427  0.559030  0.846103  0.775529  0.825394  0.782357  0.638950  0.586639  0.516084  0.189994  0.645375  0.577789  0.559390  0.191324  0.630378  0.768176  0.716644  0.619047  0.664523  0.200661  0.989223  0.941019  0.667972  0.698385  0.709800  0.812975  0.807874  0.608379  0.762345  0.789592  0.852599  0.708110  0.623109  0.748070  0.728538  0.556893 0.0  0.768408  0.793938  0.816355  0.307790  0.242041  0.582818  0.802574  0.637102  0.914953  0.689020  0.683715  0.880989  0.134943  0.761764  0.292636  0.740702  0.781600  0.712866  0.547094  0.869771  0.765538  0.616061  0.533503  0.706489 
37  0.593514  0.465487  0.297081  0.294138  0.258799  0.250886  0.549987  0.764017  0.801777  0.742266  0.768434  0.738678  0.884969  0.912732  0.795736  0.244708  0.315816  0.733346  0.789771  0.700542  0.300042  0.240572  0.508060  0.245504  0.624430  0.616441  0.309064  0.606352  0.314743  0.280514  0.306431  0.721118  0.437936  0.351531  0.295563  0.651784  0.768408 0.0  0.489701  0.411163  0.697099  0.748009  0.591157  0.270404  0.761695  0.281869  0.709046  0.272320  0.319333  0.627653  0.759672  0.786328  0.783893  0.396183  0.231026  0.630461  0.268937  0.361520  0.745470  0.824606  0.426747 
38  0.594872  0.572417  0.507539  0.525366  0.557130  0.525007  0.651700  0.696229  0.632522  0.741211  0.666739  0.743695  0.807499  0.690749  0.757456  0.439858  0.533621  0.589102  0.659129  0.736717  0.561798  0.503699  0.222896  0.480284  0.532514  0.674933  0.544585  0.630938  0.493660  0.451339  0.413609  0.711584  0.364871  0.468893  0.458537  0.661316  0.793938  0.489701 0.0  0.353971  0.639340  0.811807  0.655858  0.554253  0.620137  0.563464  0.569129  0.588548  0.496973  0.713950  0.629425  0.648897  0.771100  0.121947  0.509203  0.578354  0.483830  0.382216  0.749048  0.772193  0.241861 
39  0.675752  0.547806  0.476927  0.479362  0.417056  0.521413  0.735750  0.672048  0.720412  0.762836  0.610155  0.611519  0.634746  0.747177  0.616730  0.461437  0.451950  0.687683  0.824059  0.641673  0.469749  0.527843  0.392019  0.447155  0.640583  0.553188  0.456827  0.664619  0.502184  0.454295  0.394058  0.682418  0.231307  0.496699  0.436022  0.686316  0.816355  0.411163  0.353971 0.0  0.657784  0.860152  0.681419  0.490223  0.580373  0.510079  0.646959  0.417755  0.404864  0.651173  0.716740  0.771704  0.677831  0.291147  0.400520  0.597904  0.507383  0.197570  0.817403  0.723734  0.347372 
40  0.520586  0.572274  0.745630  0.803196  0.576330  0.746973  0.683573  0.506508  0.604560  0.273980  0.664450  0.531391  0.734206  0.243892  0.646820  0.688734  0.600197  0.717600  0.642099  0.225519  0.694561  0.664688  0.665198  0.660649  0.595570  0.552881  0.709481  0.591836  0.732721  0.681947  0.767876  0.652125  0.587906  0.605074  0.784922  0.392325  0.307790  0.697099  0.639340  0.657784 0.0  0.260267  0.596488  0.713826  0.604205  0.665629  0.599886  0.753699  0.679842  0.252560  0.575616  0.239186  0.666732  0.697188  0.595886  0.585465  0.769084  0.523877  0.627348  0.735996  0.673227 
41  0.556038  0.434119  0.764493  0.736003  0.868002  0.718245  0.627893  0.661160  0.653802  0.179917  0.618846  0.669357  0.718700  0.174258  0.652034  0.682831  0.724377  0.746450  0.731597  0.196409  0.834712  0.825839  0.794088  0.671888  0.620989  0.501376  0.807088  0.533653  0.719787  0.731470  0.770589  0.609370  0.699404  0.786839  0.676984  0.719874  0.242041  0.748009  0.811807  0.860152  0.260267 0.0  0.615972  0.737769  0.713311  0.788789  0.704105  0.635278  0.764800  0.195406  0.757959  0.337533  0.631001  0.789797  0.705879  0.588070  0.746454  0.867135  0.683494  0.616588  0.699535 
42  0.522003  0.550488  0.736148  0.780604  0.640505  0.614701  0.573919  0.316243  0.655256  0.679839  0.341670  0.533096  0.579460  0.490595  0.543939  0.601570  0.577875  0.655855  0.630768  0.585433  0.664095  0.511132  0.651255  0.630167  0.675379  0.513674  0.692226  0.338875  0.671533  0.796042  0.685989  0.698156  0.534490  0.698566  0.627117  0.282534  0.582818  0.591157  0.655858  0.681419  0.596488  0.615972 0.0  0.772294  0.339261  0.719246  0.354790  0.584017  0.592163  0.599626  0.321267  0.547925  0.521601  0.651437  0.626883  0.122326  0.613273  0.662318  0.719137  0.593572  0.613588 
43  0.568115  0.478667  0.306702  0.370289  0.347629  0.169915  0.666149  0.777598  0.812844  0.729593  0.705353  0.782954  0.731712  0.822213  0.817394  0.339595  0.333226  0.679276  0.778436  0.690381  0.200235  0.199967  0.550612  0.313625  0.623734  0.662700  0.327147  0.618852  0.355732  0.291647  0.330015  0.821671  0.403758  0.343869  0.325383  0.703330  0.802574  0.270404  0.554253  0.490223  0.713826  0.737769  0.772294 0.0  0.740762  0.391658  0.778295  0.144588  0.324457  0.712091  0.712454  0.715552  0.668998  0.492193  0.190627  0.567827  0.312752  0.453558  0.710450  0.781372  0.456762 
44  0.597048  0.554370  0.563200  0.810050  0.709308  0.569878  0.709456  0.229747  0.580951  0.600524  0.393909  0.573164  0.646142  0.631014  0.794396  0.722589  0.687371  0.730831  0.756870  0.580368  0.763884  0.683377  0.585152  0.690583  0.642840  0.511647  0.651404  0.264314  0.746238  0.804447  0.684328  0.585175  0.689623  0.812458  0.667602  0.407719  0.637102  0.761695  0.620137  0.580373  0.604205  0.713311  0.339261  0.740762 0.0  0.674044  0.140198  0.722236  0.664561  0.653357  0.421086  0.567921  0.559925  0.659175  0.638646  0.258419  0.732305  0.712143  0.740835  0.663225  0.643801 
45  0.646973  0.507763  0.339510  0.324993  0.352259  0.356883  0.753849  0.786202  0.697328  0.754638  0.664015  0.970670  0.743173  0.753739  0.685348  0.253164  0.217333  0.739501  0.658711  0.850195  0.319216  0.363625  0.494541  0.300003  0.713986  0.794701  0.234206  0.590363  0.365443  0.341010  0.354985  0.726878  0.422162  0.403455  0.225639  0.790150  0.914953  0.281869  0.563464  0.510079  0.665629  0.788789  0.719246  0.391658  0.674044 0.0  0.760145  0.377175  0.342991  0.910282  0.707571  0.745323  0.683602  0.475383  0.353034  0.671237  0.275896  0.523639  0.752775  0.679183  0.467923 
46  0.538330  0.518994  0.702517  0.698715  0.684134  0.669688  0.632005  0.205669  0.670233  0.650776  0.412892  0.618637  0.579985  0.527883  0.665671  0.778976  0.679394  0.693268  0.704791  0.647028  0.759707  0.655465  0.575877  0.822502  0.636052  0.552519  0.791354  0.259181  0.690324  0.789844  0.677711  0.662009  0.648767  0.699349  0.730963  0.389318  0.689020  0.709046  0.569129  0.646959  0.599886  0.704105  0.354790  0.778295  0.140198  0.760145 0.0  0.680115  0.851453  0.628975  0.396087  0.561889  0.656454  0.524405  0.736852  0.310071  0.710474  0.748524  0.732562  0.639160  0.595042 
47  0.626409  0.466616  0.317168  0.376991  0.257119  0.179973  0.765527  0.636787  0.790471  0.714564  0.747791  0.711856  0.726478  0.707379  0.694773  0.298536  0.285919  0.717186  0.794786  0.738735  0.220849  0.231830  0.549400  0.287899  0.722978  0.571962  0.371893  0.622977  0.357620  0.238551  0.329684  0.560182  0.411580  0.340250  0.268434  0.631628  0.683715  0.272320  0.588548  0.417755  0.753699  0.635278  0.584017  0.144588  0.722236  0.377175  0.680115 0.0  0.327499  0.724221  0.737904  0.569438  0.748717  0.518887  0.188623  0.630796  0.340132  0.403713  0.755274  0.694411  0.503525 
48  0.787083  0.499801  0.296684  0.318694  0.293022  0.361595  0.783993  0.725471  0.867306  0.845434  0.790169  0.877595  0.829917  0.823765  0.861290  0.284803  0.295138  0.765093  0.839319  0.768466  0.313432  0.331624  0.522613  0.312025  0.689269  0.655284  0.286249  0.623950  0.295557  0.279699  0.317246  0.828856  0.483845  0.257519  0.328613  0.776097  0.880989  0.319333  0.496973  0.404864  0.679842  0.764800  0.592163  0.324457  0.664561  0.342991  0.851453  0.327499 0.0  0.835525  0.694611  0.718585  0.691621  0.535691  0.309218  0.697704  0.330211  0.441719  0.831341  0.856784  0.455288 
49  0.547653  0.565227  0.785704  0.771498  0.690997  0.679820  0.560448  0.633607  0.547534  0.179760  0.534351  0.723601  0.644150  0.206647  0.655047  0.805005  0.877996  0.590195  0.627613  0.162765  0.917615  0.733204  0.746636  0.884003  0.580676  0.542554  0.839472  0.689679  0.724717  0.860678  0.703137  0.708174  0.721974  0.738511  0.785097  0.640089  0.134943  0.627653  0.713950  0.651173  0.252560  0.195406  0.599626  0.712091  0.653357  0.910282  0.628975  0.724221  0.835525 0.0  0.627833  0.338910  0.616301  0.761687  0.832770  0.595969  0.736919  0.697049  0.662116  0.588434  0.719530 
50  0.658141  0.479431  0.714667  0.765232  0.720765  0.713257  0.584709  0.440851  0.591951  0.726428  0.229650  0.600382  0.488722  0.668998  0.574780  0.621043  0.746452  0.685159  0.674041  0.706121  0.760784  0.731220  0.593762  0.726273  0.500589  0.520773  0.767646  0.515262  0.776130  0.722893  0.725348  0.720075  0.777003  0.739144  0.692173  0.295925  0.761764  0.759672  0.629425  0.716740  0.575616  0.757959  0.321267  0.712454  0.421086  0.707571  0.396087  0.737904  0.694611  0.627833 0.0  0.717324  0.744325  0.569402  0.783611  0.353721  0.719946  0.684791  0.762191  0.696342  0.697281 
51  0.513457  0.505328  0.597219  0.817470  0.758208  0.838092  0.464318  0.669664  0.751572  0.328313  0.607015  0.675035  0.708867  0.287447  0.656233  0.657880  0.780307  0.559930  0.663626  0.267220  0.728280  0.647994  0.745525  0.762782  0.539858  0.574712  0.926761  0.558331  0.767747  0.702691  0.803828  0.753227  0.647943  0.779308  0.708970  0.471412  0.292636  0.786328  0.648897  0.771704  0.239186  0.337533  0.547925  0.715552  0.567921  0.745323  0.561889  0.569438  0.718585  0.338910  0.717324 0.0  0.665806  0.691634  0.751209  0.597861  0.643789  0.855976  0.748208  0.576352  0.664695 
52  0.567536  0.583466  0.750923  0.693578  0.779446  0.820250  0.637080  0.668075  0.594592  0.621554  0.616122  0.145258  0.410457  0.661005  0.629952  0.640322  0.737973  0.244303  0.697580  0.631783  0.803676  0.709564  0.864221  0.806998  0.552778  0.521567  0.790026  0.651641  0.698096  0.641047  0.783388  0.142204  0.633033  0.956835  0.483120  0.591274  0.740702  0.783893  0.771100  0.677831  0.666732  0.631001  0.521601  0.668998  0.559925  0.683602  0.656454  0.748717  0.691621  0.616301  0.744325  0.665806 0.0  0.785918  0.775615  0.504121  0.800518  0.718491  0.728929  0.588184  0.624343 
53  0.595174  0.561777  0.543847  0.540012  0.533888  0.461562  0.738343  0.735784  0.612376  0.720307  0.683408  0.791209  0.750601  0.780865  0.768508  0.474523  0.545606  0.715309  0.727482  0.697097  0.504657  0.497754  0.264135  0.456954  0.665567  0.457710  0.552947  0.710679  0.473274  0.525424  0.500348  0.702702  0.352944  0.488669  0.513766  0.636333  0.781600  0.396183  0.121947  0.291147  0.697188  0.789797  0.651437  0.492193  0.659175  0.475383  0.524405  0.518887  0.535691  0.761687  0.569402  0.691634  0.785918 0.0  0.489689  0.628677  0.508452  0.388352  0.774496  0.748761  0.243010 
54  0.785977  0.506797  0.368236  0.304254  0.326138  0.209633  0.619306  0.694819  0.709012  0.689222  0.743631  0.820996  0.752536  0.781412  0.730921  0.315175  0.328033  0.708447  0.783668  0.660696  0.202765  0.208598  0.545542  0.316270  0.634275  0.645229  0.368920  0.668496  0.300993  0.233739  0.311877  0.771646  0.481697  0.326980  0.305438  0.623771  0.712866  0.231026  0.509203  0.400520  0.595886  0.705879  0.626883  0.190627  0.638646  0.353034  0.736852  0.188623  0.309218  0.832770  0.783611  0.751209  0.775615  0.489689 0.0  0.641769  0.317065  0.462390  0.778880  0.602330  0.479899 
55  0.620093  0.452678  0.695065  0.687193  0.500038  0.619499  0.656012  0.268042  0.487663  0.637490  0.386927  0.624773  0.538552  0.673302  0.671080  0.725899  0.624626  0.639112  0.614724  0.664340  0.583504  0.631549  0.571865  0.618064  0.543897  0.537793  0.582664  0.351966  0.608116  0.664333  0.805845  0.565266  0.461079  0.580334  0.519918  0.273796  0.547094  0.630461  0.578354  0.597904  0.585465  0.588070  0.122326  0.567827  0.258419  0.671237  0.310071  0.630796  0.697704  0.595969  0.353721  0.597861  0.504121  0.628677  0.641769 0.0  0.565239  0.593437  0.678784  0.596921  0.634324 
56  0.583736  0.569228  0.376370  0.400816  0.297008  0.414297  0.752005  0.738544  0.632317  0.712133  0.642429  0.811184  0.664852  0.747121  0.709087  0.202222  0.124867  0.760672  0.836230  0.655902  0.361076  0.365836  0.566224  0.314242  0.613273  0.636168  0.261778  0.682393  0.386698  0.284206  0.290841  0.833070  0.497619  0.354355  0.184852  0.564024  0.869771  0.268937  0.483830  0.507383  0.769084  0.746454  0.613273  0.312752  0.732305  0.275896  0.710474  0.340132  0.330211  0.736919  0.719946  0.643789  0.800518  0.508452  0.317065  0.565239 0.0  0.427614  0.900867  0.647050  0.539453 
57  0.648261  0.528296  0.503142  0.486324  0.472417  0.466664  0.735352  0.596412  0.755374  0.869275  0.654705  0.748066  0.750680  0.787499  0.670719  0.474919  0.473576  0.626602  0.769471  0.671534  0.512761  0.466415  0.401015  0.479586  0.551890  0.629492  0.507273  0.644735  0.483745  0.533794  0.423414  0.765630  0.252018  0.546021  0.361295  0.609952  0.765538  0.361520  0.382216  0.197570  0.523877  0.867135  0.662318  0.453558  0.712143  0.523639  0.748524  0.403713  0.441719  0.697049  0.684791  0.855976  0.718491  0.388352  0.462390  0.593437  0.427614 0.0  0.750072  0.822623  0.434230 
58  0.593309  0.506462  0.776578  0.615702  0.666356  0.827371  0.213117  0.713979  0.188613  0.745599  0.728302  0.630749  0.672928  0.611704  0.307707  0.671089  0.818031  0.669904  0.280774  0.661261  0.860380  0.805846  0.669742  0.685713  0.610097  0.583668  0.778775  0.627318  0.670003  0.863854  0.643063  0.694624  0.623968  0.747281  0.754186  0.667432  0.616061  0.745470  0.749048  0.817403  0.627348  0.683494  0.719137  0.710450  0.740835  0.752775  0.732562  0.755274  0.831341  0.662116  0.762191  0.748208  0.728929  0.774496  0.778880  0.678784  0.900867  0.750072 0.0  0.200478  0.711908 
59  0.571733  0.563809  0.770384  0.847886  0.627573  0.636847  0.131698  0.568149  0.104910  0.698596  0.660769  0.728496  0.646784  0.590067  0.235919  0.613842  0.870825  0.661150  0.208846  0.629897  0.714029  0.851213  0.720952  0.644317  0.791176  0.581412  0.834713  0.722524  0.687261  0.861329  0.635125  0.640128  0.596980  0.957968  0.710808  0.524579  0.533503  0.824606  0.772193  0.723734  0.735996  0.616588  0.593572  0.781372  0.663225  0.679183  0.639160  0.694411  0.856784  0.588434  0.696342  0.576352  0.588184  0.748761  0.602330  0.596921  0.647050  0.822623  0.200478 0.0  0.918748 
60  0.611766  0.510938  0.448693  0.650355  0.516864  0.551168  0.781324  0.600043  0.774676  0.716077  0.630436  0.723381  0.710521  0.729605  0.704386  0.491575  0.522636  0.637986  0.665828  0.706058  0.527623  0.526426  0.202647  0.586512  0.572820  0.634882  0.482434  0.584997  0.520239  0.487711  0.526638  0.697872  0.368548  0.494085  0.469593  0.720799  0.706489  0.426747  0.241861  0.347372  0.673227  0.699535  0.613588  0.456762  0.643801  0.467923  0.595042  0.503525  0.455288  0.719530  0.697281  0.664695  0.624343  0.243010  0.479899  0.634324  0.539453  0.434230  0.711908  0.918748 0.0 
