61
0 0.0  0.536248  0.648592  0.701422  0.698004  0.711905  0.618891  0.549238  0.555115  0.566088  0.665874  0.631474  0.693304  0.572526  0.601985  0.717629  0.682341  0.626299  0.645783  0.527340  0.727447  0.607142  0.609113  0.700819  0.697201  0.514733  0.755175  0.600564  0.715843  0.671128  0.667350  0.690450  0.600944  0.697118  0.686648  0.554845  0.609883  0.757486  0.645129  0.684870  0.641986  0.706192  0.621726  0.820173  0.652978  0.667810  0.561636  0.720791  0.726914  0.665579  0.628150  0.532457  0.673998  0.619887  0.745725  0.642731  0.676964  0.642026  0.747346  0.611792  0.685172 
1  0.536248 0.0  0.590717  0.639628  0.523057  0.520447  0.524129  0.504281  0.586319  0.572475  0.560164  0.495713  0.518630  0.506218  0.682160  0.602368  0.475652  0.637716  0.676543  0.528630  0.553921  0.591350  0.565456  0.556217  0.454854  0.469425  0.574065  0.583329  0.506065  0.567510  0.567695  0.542131  0.541628  0.569544  0.616738  0.570635  0.546876  0.491414  0.518314  0.527015  0.458858  0.603571  0.602626  0.411440  0.576147  0.546220  0.490242  0.515641  0.544053  0.710496  0.560667  0.552787  0.569912  0.643268  0.546316  0.634722  0.527344  0.461609  0.686139  0.508794  0.460880 
2  0.648592  0.590717 0.0  0.137780  0.209439  0.333803  0.818996  0.793260  0.777928  0.891399  0.723013  0.792105  0.826288  0.891877  0.836439  0.468521  0.331948  0.818971  0.829028  0.832638  0.390511  0.398598  0.502760  0.329480  0.659832  0.722296  0.424625  0.774305  0.356605  0.318883  0.342324  0.879920  0.521018  0.219051  0.322780  0.911747  0.961604  0.368663  0.688194  0.462354  0.853536  0.856195  0.681172  0.291479  0.780385  0.410582  0.747537  0.328826  0.205723  0.880009  0.719880  0.938079  0.788942  0.556215  0.397038  0.765921  0.389638  0.521785  0.822913  0.752247  0.605636 
3  0.701422  0.639628  0.137780 0.0  0.235191  0.465255  0.803276  0.857895  0.774108  0.854861  0.851806  0.801769  0.735985  0.771453  0.800719  0.483599  0.491145  0.724759  0.839468  0.857467  0.485362  0.324096  0.573962  0.387188  0.782517  0.723998  0.308318  0.787708  0.259160  0.269323  0.373994  0.847771  0.611272  0.253919  0.278865  0.735168  0.875388  0.371867  0.547745  0.531237  0.751359  0.772130  0.688574  0.408517  0.881593  0.407059  0.776942  0.399412  0.256059  0.868575  0.778851  0.786831  0.719412  0.521117  0.466706  0.637760  0.399795  0.550870  0.792473  0.843271  0.602497 
4  0.698004  0.523057  0.209439  0.235191 0.0  0.319177  0.752372  0.690213  0.728580  0.886099  0.744786  0.872354  0.755275  0.758607  0.744815  0.455308  0.297308  0.823476  0.853535  0.785467  0.424838  0.406013  0.598975  0.217487  0.651627  0.663523  0.349727  0.787952  0.254652  0.314080  0.262322  0.780517  0.593327  0.266393  0.274805  0.786534  0.790506  0.309493  0.513257  0.488932  0.717247  0.825806  0.609422  0.330872  0.730473  0.334260  0.714203  0.257619  0.385246  0.846757  0.708661  0.770513  0.796425  0.498278  0.215120  0.660938  0.293900  0.393007  0.835766  0.766089  0.529789 
5  0.711905  0.520447  0.333803  0.465255  0.319177 0.0  0.826317  0.685803  0.771428  0.839981  0.833583  0.873112  0.784645  0.722522  0.701040  0.440430  0.369847  0.867951  0.788830  0.792130  0.254161  0.243574  0.601532  0.372441  0.668604  0.693808  0.461064  0.776324  0.401312  0.395810  0.342538  0.813623  0.511599  0.523858  0.333849  0.649355  0.788538  0.307685  0.590998  0.599704  0.747531  0.903862  0.752549  0.244222  0.785030  0.399232  0.729293  0.219115  0.399168  0.868641  0.794646  0.778342  0.686608  0.501376  0.220067  0.619784  0.377310  0.498319  0.707701  0.712906  0.696091 
6  0.618891  0.524129  0.818996  0.803276  0.752372  0.826317 0.0  0.614223  0.089731  0.702997  0.721708  0.726709  0.739878  0.531085  0.209478  0.871065  0.863409  0.777912  0.116896  0.604249  0.796678  0.739479  0.637977  0.867156  0.594858  0.609629  0.848975  0.754363  0.822521  0.776586  0.736362  0.721800  0.694897  0.736603  0.740800  0.662563  0.637122  0.823024  0.743450  0.817619  0.663639  0.581600  0.642063  0.798349  0.652652  0.912020  0.739600  0.746787  0.776975  0.669075  0.767295  0.756928  0.683083  0.722721  0.807327  0.727602  0.727724  0.873467  0.178054  0.074329  0.745991 
7  0.549238  0.504281  0.793260  0.857895  0.690213  0.685803  0.614223 0.0  0.580581  0.636847  0.425887  0.750483  0.551365  0.645185  0.795207  0.752786  0.614369  0.790539  0.705281  0.632737  0.848271  0.742623  0.649667  0.706381  0.551645  0.615189  0.796375  0.184517  0.749988  0.744106  0.720342  0.658803  0.541558  0.814900  0.780045  0.470379  0.617614  0.745746  0.720934  0.633048  0.502334  0.696115  0.287605  0.738619  0.244086  0.729115  0.181963  0.758969  0.744565  0.684025  0.357169  0.656568  0.649917  0.813702  0.800396  0.392058  0.679336  0.563271  0.690057  0.711924  0.636349 
8  0.555115  0.586319  0.777928  0.774108  0.728580  0.771428  0.089731  0.580581 0.0  0.659964  0.737650  0.637567  0.637452  0.533566  0.282957  0.820861  0.781580  0.711046  0.407777  0.655187  0.827911  0.898110  0.684663  0.737596  0.638457  0.709607  0.824404  0.809581  0.856609  0.849606  0.749228  0.706061  0.722011  0.934964  0.843733  0.665544  0.522666  0.791366  0.730507  0.800906  0.605660  0.652081  0.629446  0.781346  0.673603  0.678901  0.535453  0.738619  0.782507  0.645187  0.675967  0.631941  0.743495  0.659012  0.717877  0.661101  0.801069  0.757837  0.176408  0.168886  0.741819 
9  0.566088  0.572475  0.891399  0.854861  0.886099  0.839981  0.702997  0.636847  0.659964 0.0  0.769750  0.733053  0.645450  0.208142  0.764494  0.835796  0.741762  0.781096  0.634724  0.192468  0.742905  0.700424  0.840415  0.862477  0.726677  0.758231  0.861142  0.658997  0.776096  0.783039  0.794537  0.773600  0.746749  0.852583  0.897451  0.689237  0.328726  0.700533  0.816907  0.776134  0.247352  0.198649  0.655091  0.882815  0.693021  0.908287  0.737300  0.906928  0.855274  0.229726  0.668020  0.471774  0.736768  0.870517  0.812721  0.606918  0.862641  0.803421  0.638310  0.709279  0.721296 
10  0.665874  0.560164  0.723013  0.851806  0.744786  0.833583  0.721708  0.425887  0.737650  0.769750 0.0  0.705115  0.462077  0.745773  0.638210  0.784256  0.676010  0.793120  0.763631  0.754123  0.799708  0.746461  0.654094  0.727104  0.507711  0.517385  0.751320  0.547654  0.687167  0.802694  0.733489  0.581598  0.636459  0.869745  0.811912  0.278056  0.734063  0.774223  0.627306  0.703902  0.672147  0.623873  0.340276  0.816921  0.489027  0.819240  0.456245  0.745405  0.731670  0.760632  0.330655  0.722654  0.707235  0.832980  0.830178  0.290462  0.693186  0.741436  0.637984  0.704299  0.633768 
11  0.631474  0.495713  0.792105  0.801769  0.872354  0.873112  0.726709  0.750483  0.637567  0.733053  0.705115 0.0  0.363054  0.763177  0.679280  0.874879  0.762062  0.264534  0.760851  0.679700  0.756969  0.834836  0.817400  0.747768  0.478228  0.602591  0.754776  0.710172  0.800563  0.732012  0.840951  0.089747  0.719215  0.802228  0.752455  0.671563  0.750409  0.696724  0.847335  0.810551  0.587159  0.789637  0.613696  0.782054  0.792882  0.813756  0.701955  0.739603  0.839808  0.759549  0.702271  0.743358  0.166579  0.763958  0.762159  0.610411  0.840685  0.785252  0.681172  0.539911  0.811356 
12  0.693304  0.518630  0.826288  0.735985  0.755275  0.784645  0.739878  0.551365  0.637452  0.645450  0.462077  0.363054 0.0  0.664671  0.769762  0.694437  0.747603  0.547075  0.665966  0.593812  0.822400  0.841901  0.718925  0.868563  0.635834  0.611761  0.891624  0.609716  0.701930  0.851482  0.758967  0.425322  0.700595  0.859026  0.846434  0.426614  0.598871  0.730261  0.779959  0.775964  0.663544  0.670936  0.497779  0.749969  0.648101  0.818858  0.669836  0.795651  0.810450  0.583391  0.514907  0.738394  0.446358  0.783559  0.794079  0.573005  0.812173  0.724810  0.744146  0.632472  0.729591 
13  0.572526  0.506218  0.891877  0.771453  0.758607  0.722522  0.531085  0.645185  0.533566  0.208142  0.745773  0.763177  0.664671 0.0  0.638289  0.863994  0.752026  0.754832  0.535212  0.194396  0.862596  0.841487  0.750929  0.814212  0.625001  0.689435  0.760055  0.688105  0.825685  0.785681  0.838690  0.743671  0.735545  0.963862  0.755125  0.753635  0.239648  0.831608  0.729135  0.861844  0.263141  0.218129  0.722382  0.888717  0.665009  0.747707  0.649919  0.787093  0.846678  0.165670  0.715752  0.378490  0.667935  0.700285  0.786830  0.583847  0.826160  0.814868  0.625671  0.607077  0.717580 
14  0.601985  0.682160  0.836439  0.800719  0.744815  0.701040  0.209478  0.795207  0.282957  0.764494  0.638210  0.679280  0.769762  0.638289 0.0  0.737880  0.856268  0.690795  0.099191  0.633097  0.814228  0.859070  0.725354  0.871019  0.694122  0.609882  0.957643  0.662069  0.815317  0.834989  0.899575  0.746621  0.884173  0.896343  0.871426  0.751409  0.609887  0.865815  0.750469  0.811613  0.690389  0.574086  0.665332  0.738370  0.830948  0.747905  0.747469  0.826505  0.878567  0.751539  0.734273  0.726106  0.642378  0.715983  0.818036  0.643575  0.834225  0.809411  0.410215  0.303041  0.721484 
15  0.717629  0.602368  0.468521  0.483599  0.455308  0.440430  0.871065  0.752786  0.820861  0.835796  0.784256  0.874879  0.694437  0.863994  0.737880 0.0  0.251358  0.796843  0.845182  0.800240  0.436661  0.381974  0.671758  0.395356  0.734059  0.754636  0.302231  0.599336  0.393469  0.297568  0.330596  0.784359  0.496980  0.461920  0.301279  0.749633  0.705121  0.250730  0.557645  0.393732  0.764171  0.745126  0.669089  0.269501  0.900969  0.249866  0.781177  0.413988  0.318595  0.818907  0.769876  0.776623  0.806458  0.521466  0.348221  0.691275  0.233736  0.542637  0.798408  0.843857  0.558219 
16  0.682341  0.475652  0.331948  0.491145  0.297308  0.369847  0.863409  0.614369  0.781580  0.741762  0.676010  0.762062  0.747603  0.752026  0.856268  0.251358 0.0  0.844299  0.821172  0.863227  0.600038  0.409547  0.610829  0.263907  0.578650  0.621845  0.206550  0.759636  0.360995  0.292598  0.275984  0.903846  0.514408  0.459136  0.147411  0.743903  0.842344  0.208718  0.534385  0.607102  0.777837  0.832819  0.730501  0.347186  0.750468  0.282898  0.711742  0.378694  0.313717  0.822491  0.725413  0.820859  0.827843  0.501662  0.483222  0.667372  0.141541  0.586896  0.866079  0.901874  0.634182 
17  0.626299  0.637716  0.818971  0.724759  0.823476  0.867951  0.777912  0.790539  0.711046  0.781096  0.793120  0.264534  0.547075  0.754832  0.690795  0.796843  0.844299 0.0  0.754549  0.722222  0.796136  0.770523  0.634621  0.796235  0.642341  0.665061  0.764400  0.720617  0.771100  0.776359  0.686753  0.358339  0.780785  0.827588  0.770357  0.648536  0.794860  0.822851  0.767111  0.727927  0.622542  0.662100  0.618473  0.754119  0.693046  0.793128  0.757581  0.719065  0.836886  0.763479  0.799922  0.564374  0.241460  0.728160  0.794282  0.546584  0.757969  0.693207  0.725207  0.699630  0.710133 
18  0.645783  0.676543  0.829028  0.839468  0.853535  0.788830  0.116896  0.705281  0.407777  0.634724  0.763631  0.760851  0.665966  0.535212  0.099191  0.845182  0.821172  0.754549 0.0  0.691957  0.860342  0.794926  0.672251  0.826561  0.596851  0.622655  0.874211  0.715007  0.787955  0.869399  0.852395  0.816485  0.753103  0.863063  0.655883  0.723277  0.638381  0.861953  0.817140  0.818266  0.689231  0.632096  0.649833  0.819186  0.737621  0.820787  0.747051  0.974675  0.779595  0.706061  0.682747  0.702897  0.733956  0.704633  0.790484  0.654129  0.848658  0.864799  0.359363  0.151365  0.786442 
19  0.527340  0.528630  0.832638  0.857467  0.785467  0.792130  0.604249  0.632737  0.655187  0.192468  0.754123  0.679700  0.593812  0.194396  0.633097  0.800240  0.863227  0.722222  0.691957 0.0  0.802547  0.744832  0.676482  0.828107  0.719991  0.593717  0.861829  0.732941  0.939804  0.780282  0.816067  0.749210  0.600311  0.823667  0.735037  0.626704  0.074329  0.800587  0.710119  0.707183  0.247462  0.304984  0.703993  0.774608  0.764906  0.739504  0.669867  0.729802  0.916510  0.278832  0.705617  0.206068  0.718289  0.732181  0.653859  0.530340  0.803025  0.724249  0.825300  0.618415  0.658073 
20  0.727447  0.553921  0.390511  0.485362  0.424838  0.254161  0.796678  0.848271  0.827911  0.742905  0.799708  0.756969  0.822400  0.862596  0.814228  0.436661  0.600038  0.796136  0.860342  0.802547 0.0  0.155115  0.605394  0.315120  0.726297  0.776519  0.523744  0.781601  0.325199  0.354288  0.289209  0.848817  0.599525  0.336185  0.293869  0.838460  0.918577  0.262847  0.632122  0.597517  0.822048  0.814985  0.578229  0.178909  0.843875  0.408695  0.780104  0.236077  0.415483  0.818833  0.721771  0.793261  0.788014  0.595055  0.151035  0.688407  0.390138  0.537559  0.723219  0.844033  0.598285 
21  0.607142  0.591350  0.398598  0.324096  0.406013  0.243574  0.739479  0.742623  0.898110  0.700424  0.746461  0.834836  0.841901  0.841487  0.859070  0.381974  0.409547  0.770523  0.794926  0.744832  0.155115 0.0  0.593288  0.289593  0.730856  0.719018  0.312609  0.757460  0.399142  0.319257  0.403815  0.682972  0.506723  0.375845  0.397763  0.885029  0.862224  0.300590  0.651844  0.496934  0.847274  0.773317  0.677243  0.260407  0.690036  0.443213  0.787316  0.163964  0.324124  0.862972  0.790802  0.824665  0.854830  0.562791  0.300897  0.740057  0.348417  0.510348  0.801841  0.776347  0.616994 
22  0.609113  0.565456  0.502760  0.573962  0.598975  0.601532  0.637977  0.649667  0.684663  0.840415  0.654094  0.817400  0.718925  0.750929  0.725354  0.671758  0.610829  0.634621  0.672251  0.676482  0.605394  0.593288 0.0  0.527971  0.731053  0.639283  0.629017  0.679910  0.602093  0.563574  0.585234  0.782833  0.401072  0.474351  0.530486  0.705299  0.732944  0.450336  0.301318  0.479993  0.669367  0.754962  0.549841  0.646430  0.619874  0.637558  0.623121  0.673455  0.610614  0.798358  0.737362  0.693726  0.771319  0.235213  0.542488  0.633558  0.593442  0.373364  0.858716  0.691369  0.359470 
23  0.700819  0.556217  0.329480  0.387188  0.217487  0.372441  0.867156  0.706381  0.737596  0.862477  0.727104  0.747768  0.868563  0.814212  0.871019  0.395356  0.263907  0.796235  0.826561  0.828107  0.315120  0.289593  0.527971 0.0  0.791591  0.743418  0.238849  0.785550  0.422036  0.247868  0.184479  0.770868  0.453068  0.374261  0.152633  0.740667  0.739256  0.358610  0.523009  0.470066  0.716947  0.785463  0.663805  0.384241  0.768576  0.410216  0.765374  0.382997  0.347227  0.963251  0.699926  0.790393  0.693824  0.457014  0.437396  0.667716  0.351133  0.488716  0.849917  0.678067  0.543723 
24  0.697201  0.454854  0.659832  0.782517  0.651627  0.668604  0.594858  0.551645  0.638457  0.726677  0.507711  0.478228  0.635834  0.625001  0.694122  0.734059  0.578650  0.642341  0.596851  0.719991  0.726297  0.730856  0.731053  0.791591 0.0  0.122784  0.699752  0.584289  0.676859  0.714726  0.709206  0.617496  0.509845  0.790267  0.643238  0.655664  0.774807  0.688811  0.697728  0.615405  0.581509  0.616823  0.498978  0.739643  0.634858  0.738775  0.604539  0.747092  0.707874  0.699753  0.648049  0.637802  0.606282  0.547525  0.713031  0.597562  0.624909  0.671347  0.676118  0.579901  0.678827 
25  0.514733  0.469425  0.722296  0.723998  0.663523  0.693808  0.609629  0.615189  0.709607  0.758231  0.517385  0.602591  0.611761  0.689435  0.609882  0.754636  0.621845  0.665061  0.622655  0.593717  0.776519  0.719018  0.639283  0.743418  0.122784 0.0  0.623804  0.625473  0.697230  0.673648  0.737617  0.683411  0.578862  0.653052  0.635113  0.465238  0.632660  0.689883  0.746411  0.559695  0.677642  0.625019  0.544126  0.692129  0.560380  0.720862  0.560542  0.557554  0.777570  0.686515  0.424677  0.513416  0.713525  0.684431  0.671895  0.589095  0.628183  0.601955  0.724223  0.682406  0.720323 
26  0.755175  0.574065  0.424625  0.308318  0.349727  0.461064  0.848975  0.796375  0.824404  0.861142  0.751320  0.754776  0.891624  0.760055  0.957643  0.302231  0.206550  0.764400  0.874211  0.861829  0.523744  0.312609  0.629017  0.238849  0.699752  0.623804 0.0  0.753065  0.394725  0.247635  0.312127  0.801132  0.571960  0.338155  0.204624  0.743439  0.904176  0.314436  0.596960  0.518605  0.751428  0.803277  0.778527  0.332890  0.737727  0.350503  0.740587  0.416883  0.351499  0.970221  0.860550  0.819743  0.840657  0.637421  0.329561  0.652590  0.248294  0.606525  0.857182  0.873548  0.643429 
27  0.600564  0.583329  0.774305  0.787708  0.787952  0.776324  0.754363  0.184517  0.809581  0.658997  0.547654  0.710172  0.609716  0.688105  0.662069  0.599336  0.759636  0.720617  0.715007  0.732941  0.781601  0.757460  0.679910  0.785550  0.584289  0.625473  0.753065 0.0  0.735232  0.797284  0.767842  0.646787  0.643836  0.752226  0.819384  0.468024  0.722413  0.857996  0.757089  0.633485  0.569450  0.764563  0.296717  0.691540  0.243735  0.764024  0.264728  0.697116  0.806156  0.750301  0.449088  0.552443  0.735901  0.753038  0.691441  0.376528  0.633740  0.649939  0.830527  0.687008  0.821906 
28  0.715843  0.506065  0.356605  0.259160  0.254652  0.401312  0.822521  0.749988  0.856609  0.776096  0.687167  0.800563  0.701930  0.825685  0.815317  0.393469  0.360995  0.771100  0.787955  0.939804  0.325199  0.399142  0.602093  0.422036  0.676859  0.697230  0.394725  0.735232 0.0  0.383572  0.326904  0.824336  0.429656  0.298478  0.346692  0.805844  0.898441  0.306844  0.604557  0.559506  0.753215  0.807273  0.706699  0.454291  0.787250  0.415058  0.721722  0.193311  0.307766  0.887723  0.774699  0.843861  0.782643  0.571913  0.349940  0.764832  0.458338  0.528952  0.709815  0.681112  0.585434 
29  0.671128  0.567510  0.318883  0.269323  0.314080  0.395810  0.776586  0.744106  0.849606  0.783039  0.802694  0.732012  0.851482  0.785681  0.834989  0.297568  0.292598  0.776359  0.869399  0.780282  0.354288  0.319257  0.563574  0.247868  0.714726  0.673648  0.247635  0.797284  0.383572 0.0  0.230167  0.783387  0.547144  0.295432  0.264128  0.570037  0.804176  0.278688  0.542924  0.468497  0.836621  0.808762  0.698278  0.264486  0.737724  0.334553  0.744571  0.297381  0.348689  0.814338  0.789132  0.769624  0.793626  0.496571  0.280758  0.587835  0.193672  0.506083  0.717569  0.811658  0.554797 
30  0.667350  0.567695  0.342324  0.373994  0.262322  0.342538  0.736362  0.720342  0.749228  0.794537  0.733489  0.840951  0.758967  0.838690  0.899575  0.330596  0.275984  0.686753  0.852395  0.816067  0.289209  0.403815  0.585234  0.184479  0.709206  0.737617  0.312127  0.767842  0.326904  0.230167 0.0  0.750699  0.544135  0.358180  0.341338  0.679493  0.834099  0.271385  0.582345  0.486464  0.645987  0.947403  0.604105  0.343680  0.777093  0.375992  0.728910  0.260738  0.380939  0.909377  0.740833  0.798547  0.816302  0.650228  0.294458  0.730109  0.402947  0.472388  0.795103  0.789692  0.617432 
31  0.690450  0.542131  0.879920  0.847771  0.780517  0.813623  0.721800  0.658803  0.706061  0.773600  0.581598  0.089747  0.425322  0.743671  0.746621  0.784359  0.903846  0.358339  0.816485  0.749210  0.848817  0.682972  0.782833  0.770868  0.617496  0.683411  0.801132  0.646787  0.824336  0.783387  0.750699 0.0  0.687399  0.712120  0.790473  0.738630  0.671319  0.926338  0.751517  0.820963  0.738545  0.744327  0.739487  0.715859  0.602878  0.876036  0.685554  0.779168  0.813113  0.756352  0.672879  0.720857  0.156500  0.788889  0.825686  0.606629  0.908201  0.778389  0.573209  0.640346  0.756393 
32  0.600944  0.541628  0.521018  0.611272  0.593327  0.511599  0.694897  0.541558  0.722011  0.746749  0.636459  0.719215  0.700595  0.735545  0.884173  0.496980  0.514408  0.780785  0.753103  0.600311  0.599525  0.506723  0.401072  0.453068  0.509845  0.578862  0.571960  0.643836  0.429656  0.547144  0.544135  0.687399 0.0  0.508525  0.453454  0.539871  0.760796  0.517068  0.418032  0.255301  0.495875  0.859828  0.636299  0.526002  0.546059  0.496063  0.730482  0.523436  0.537719  0.765450  0.650822  0.702271  0.776371  0.528343  0.520148  0.650907  0.475276  0.235501  0.630008  0.727671  0.407013 
33  0.697118  0.569544  0.219051  0.253919  0.266393  0.523858  0.736603  0.814900  0.934964  0.852583  0.869745  0.802228  0.859026  0.963862  0.896343  0.461920  0.459136  0.827588  0.863063  0.823667  0.336185  0.375845  0.474351  0.374261  0.790267  0.653052  0.338155  0.752226  0.298478  0.295432  0.358180  0.712120  0.508525 0.0  0.301597  0.874752  0.756338  0.475989  0.602982  0.629242  0.646787  0.909961  0.732224  0.409533  0.880112  0.377036  0.789347  0.395151  0.343201  0.773162  0.774066  0.770417  0.760235  0.531487  0.386934  0.704276  0.383615  0.558072  0.708629  0.883393  0.556869 
34  0.686648  0.616738  0.322780  0.278865  0.274805  0.333849  0.740800  0.780045  0.843733  0.897451  0.811912  0.752455  0.846434  0.755125  0.871426  0.301279  0.147411  0.770357  0.655883  0.735037  0.293869  0.397763  0.530486  0.152633  0.643238  0.635113  0.204624  0.819384  0.346692  0.264128  0.341338  0.790473  0.453454  0.301597 0.0  0.805207  0.754024  0.289515  0.600466  0.410318  0.747988  0.750748  0.759657  0.350302  0.741549  0.182809  0.717248  0.334329  0.339336  0.704496  0.714301  0.718746  0.816045  0.678574  0.364066  0.613361  0.074329  0.531856  1.000000  0.724176  0.560189 
35  0.554845  0.570635  0.911747  0.735168  0.786534  0.649355  0.662563  0.470379  0.665544  0.689237  0.278056  0.671563  0.426614  0.753635  0.751409  0.749633  0.743903  0.648536  0.723277  0.626704  0.838460  0.885029  0.705299  0.740667  0.655664  0.465238  0.743439  0.468024  0.805844  0.570037  0.679493  0.738630  0.539871  0.874752  0.805207 0.0  0.660841  0.672226  0.633977  0.656887  0.707441  0.669240  0.282161  0.694500  0.418099  0.748263  0.352186  0.685476  0.801851  0.614480  0.275322  0.619520  0.646939  0.761790  0.748019  0.301275  0.699731  0.717133  0.746875  0.680340  0.741090 
36  0.609883  0.546876  0.961604  0.875388  0.790506  0.788538  0.637122  0.617614  0.522666  0.328726  0.734063  0.750409  0.598871  0.239648  0.609887  0.705121  0.842344  0.794860  0.638381  0.074329  0.918577  0.862224  0.732944  0.739256  0.774807  0.632660  0.904176  0.722413  0.898441  0.804176  0.834099  0.671319  0.760796  0.756338  0.754024  0.660841 0.0  0.760663  0.715641  0.889567  0.319357  0.304937  0.638561  0.896217  0.733654  0.873405  0.870839  0.821117  0.765676  0.112288  0.749932  0.344882  0.670465  0.775581  0.837897  0.542200  0.684260  0.889737  0.784951  0.536902  0.861798 
37  0.757486  0.491414  0.368663  0.371867  0.309493  0.307685  0.823024  0.745746  0.791366  0.700533  0.774223  0.696724  0.730261  0.831608  0.865815  0.250730  0.208718  0.822851  0.861953  0.800587  0.262847  0.300590  0.450336  0.358610  0.688811  0.689883  0.314436  0.857996  0.306844  0.278688  0.271385  0.926338  0.517068  0.475989  0.289515  0.672226  0.760663 0.0  0.547416  0.463867  0.776818  0.747234  0.707067  0.316320  0.803187  0.315536  0.788956  0.217291  0.303651  0.696120  0.736074  0.800326  0.735113  0.421841  0.242724  0.643072  0.384412  0.443800  0.866101  0.792330  0.536819 
38  0.645129  0.518314  0.688194  0.547745  0.513257  0.590998  0.743450  0.720934  0.730507  0.816907  0.627306  0.847335  0.779959  0.729135  0.750469  0.557645  0.534385  0.767111  0.817140  0.710119  0.632122  0.651844  0.301318  0.523009  0.697728  0.746411  0.596960  0.757089  0.604557  0.542924  0.582345  0.751517  0.418032  0.602982  0.600466  0.633977  0.715641  0.547416 0.0  0.343467  0.750356  0.804136  0.619046  0.547626  0.595631  0.603613  0.638428  0.639938  0.558622  0.857495  0.741710  0.715318  0.832438  0.074329  0.543195  0.668057  0.583038  0.437621  0.774060  0.641932  0.327713 
39  0.684870  0.527015  0.462354  0.531237  0.488932  0.599704  0.817619  0.633048  0.800906  0.776134  0.703902  0.810551  0.775964  0.861844  0.811613  0.393732  0.607102  0.727927  0.818266  0.707183  0.597517  0.496934  0.479993  0.470066  0.615405  0.559695  0.518605  0.633485  0.559506  0.468497  0.486464  0.820963  0.255301  0.629242  0.410318  0.656887  0.889567  0.463867  0.343467 0.0  0.608051  0.756445  0.692338  0.535348  0.774681  0.538102  0.710975  0.481984  0.386077  0.787202  0.772561  0.729254  0.736023  0.451436  0.482862  0.694951  0.486413  0.275472  0.832889  0.878933  0.465909 
40  0.641986  0.458858  0.853536  0.751359  0.717247  0.747531  0.663639  0.502334  0.605660  0.247352  0.672147  0.587159  0.663544  0.263141  0.690389  0.764171  0.777837  0.622542  0.689231  0.247462  0.822048  0.847274  0.669367  0.716947  0.581509  0.677642  0.751428  0.569450  0.753215  0.836621  0.645987  0.738545  0.495875  0.646787  0.747988  0.707441  0.319357  0.776818  0.750356  0.608051 0.0  0.283143  0.644119  0.698859  0.663957  0.746491  0.626747  0.752508  0.855079  0.217149  0.676706  0.291698  0.582730  0.629486  0.592039  0.627746  0.747726  0.595717  0.728595  0.754739  0.647012 
41  0.706192  0.603571  0.856195  0.772130  0.825806  0.903862  0.581600  0.696115  0.652081  0.198649  0.623873  0.789637  0.670936  0.218129  0.574086  0.745126  0.832819  0.662100  0.632096  0.304984  0.814985  0.773317  0.754962  0.785463  0.616823  0.625019  0.803277  0.764563  0.807273  0.808762  0.947403  0.744327  0.859828  0.909961  0.750748  0.669240  0.304937  0.747234  0.804136  0.756445  0.283143 0.0  0.755586  0.958955  0.714856  0.847765  0.787560  0.896055  0.808927  0.312682  0.718284  0.347839  0.816281  0.740278  0.743597  0.657823  0.817283  0.811492  0.745192  0.604109  0.809011 
42  0.621726  0.602626  0.681172  0.688574  0.609422  0.752549  0.642063  0.287605  0.629446  0.655091  0.340276  0.613696  0.497779  0.722382  0.665332  0.669089  0.730501  0.618473  0.649833  0.703993  0.578229  0.677243  0.549841  0.663805  0.498978  0.544126  0.778527  0.296717  0.706699  0.698278  0.604105  0.739487  0.636299  0.732224  0.759657  0.282161  0.638561  0.707067  0.619046  0.692338  0.644119  0.755586 0.0  0.744775  0.340685  0.682450  0.397718  0.704766  0.823682  0.512071  0.395079  0.635808  0.559868  0.585975  0.619673  0.131244  0.581892  0.697547  0.732721  0.519219  0.696088 
43  0.820173  0.411440  0.291479  0.408517  0.330872  0.244222  0.798349  0.738619  0.781346  0.882815  0.816921  0.782054  0.749969  0.888717  0.738370  0.269501  0.347186  0.754119  0.819186  0.774608  0.178909  0.260407  0.646430  0.384241  0.739643  0.692129  0.332890  0.691540  0.454291  0.264486  0.343680  0.715859  0.526002  0.409533  0.350302  0.694500  0.896217  0.316320  0.547626  0.535348  0.698859  0.958955  0.744775 0.0  0.750412  0.345359  0.740122  0.117563  0.424337  0.864105  0.746505  0.859012  0.774969  0.543793  0.145926  0.653674  0.366771  0.492590  0.715349  0.785379  0.612415 
44  0.652978  0.576147  0.780385  0.881593  0.730473  0.785030  0.652652  0.244086  0.673603  0.693021  0.489027  0.792882  0.648101  0.665009  0.830948  0.900969  0.750468  0.693046  0.737621  0.764906  0.843875  0.690036  0.619874  0.768576  0.634858  0.560380  0.737727  0.243735  0.787250  0.737724  0.777093  0.602878  0.546059  0.880112  0.741549  0.418099  0.733654  0.803187  0.595631  0.774681  0.663957  0.714856  0.340685  0.750412 0.0  0.813138  0.146413  0.705006  0.797512  0.740450  0.457183  0.676101  0.689702  0.688032  0.789183  0.251904  0.705691  0.818237  0.651277  0.627495  0.539918 
45  0.667810  0.546220  0.410582  0.407059  0.334260  0.399232  0.912020  0.729115  0.678901  0.908287  0.819240  0.813756  0.818858  0.747707  0.747905  0.249866  0.282898  0.793128  0.820787  0.739504  0.408695  0.443213  0.637558  0.410216  0.738775  0.720862  0.350503  0.764024  0.415058  0.334553  0.375992  0.876036  0.496063  0.377036  0.182809  0.748263  0.873405  0.315536  0.603613  0.538102  0.746491  0.847765  0.682450  0.345359  0.813138 0.0  0.758761  0.307017  0.411589  0.883533  0.755086  0.865034  0.887410  0.605615  0.423816  0.672569  0.310749  0.495574  0.837513  0.741484  0.605473 
46  0.561636  0.490242  0.747537  0.776942  0.714203  0.729293  0.739600  0.181963  0.535453  0.737300  0.456245  0.701955  0.669836  0.649919  0.747469  0.781177  0.711742  0.757581  0.747051  0.669867  0.780104  0.787316  0.623121  0.765374  0.604539  0.560542  0.740587  0.264728  0.721722  0.744571  0.728910  0.685554  0.730482  0.789347  0.717248  0.352186  0.870839  0.788956  0.638428  0.710975  0.626747  0.787560  0.397718  0.740122  0.146413  0.758761 0.0  0.768866  0.849336  0.635022  0.366828  0.597141  0.661361  0.607962  0.654057  0.120250  0.775529  0.681505  0.713501  0.645416  0.617681 
47  0.720791  0.515641  0.328826  0.399412  0.257619  0.219115  0.746787  0.758969  0.738619  0.906928  0.745405  0.739603  0.795651  0.787093  0.826505  0.413988  0.378694  0.719065  0.974675  0.729802  0.236077  0.163964  0.673455  0.382997  0.747092  0.557554  0.416883  0.697116  0.193311  0.297381  0.260738  0.779168  0.523436  0.395151  0.334329  0.685476  0.821117  0.217291  0.639938  0.481984  0.752508  0.896055  0.704766  0.117563  0.705006  0.307017  0.768866 0.0  0.253182  0.881549  0.802194  0.842502  0.756940  0.646297  0.149262  0.631749  0.390693  0.481421  0.802962  0.791807  0.597511 
48  0.726914  0.544053  0.205723  0.256059  0.385246  0.399168  0.776975  0.744565  0.782507  0.855274  0.731670  0.839808  0.810450  0.846678  0.878567  0.318595  0.313717  0.836886  0.779595  0.916510  0.415483  0.324124  0.610614  0.347227  0.707874  0.777570  0.351499  0.806156  0.307766  0.348689  0.380939  0.813113  0.537719  0.343201  0.339336  0.801851  0.765676  0.303651  0.558622  0.386077  0.855079  0.808927  0.823682  0.424337  0.797512  0.411589  0.849336  0.253182 0.0  0.965739  0.828450  0.903725  0.753346  0.530824  0.321503  0.722080  0.205491  0.389666  0.840875  0.799235  0.575831 
49  0.665579  0.710496  0.880009  0.868575  0.846757  0.868641  0.669075  0.684025  0.645187  0.229726  0.760632  0.759549  0.583391  0.165670  0.751539  0.818907  0.822491  0.763479  0.706061  0.278832  0.818833  0.862972  0.798358  0.963251  0.699753  0.686515  0.970221  0.750301  0.887723  0.814338  0.909377  0.756352  0.765450  0.773162  0.704496  0.614480  0.112288  0.696120  0.857495  0.787202  0.217149  0.312682  0.512071  0.864105  0.740450  0.883533  0.635022  0.881549  0.965739 0.0  0.715419  0.307081  0.776026  0.724542  0.892104  0.704211  0.844021  0.827325  0.680725  0.607954  0.795752 
50  0.628150  0.560667  0.719880  0.778851  0.708661  0.794646  0.767295  0.357169  0.675967  0.668020  0.330655  0.702271  0.514907  0.715752  0.734273  0.769876  0.725413  0.799922  0.682747  0.705617  0.721771  0.790802  0.737362  0.699926  0.648049  0.424677  0.860550  0.449088  0.774699  0.789132  0.740833  0.672879  0.650822  0.774066  0.714301  0.275322  0.749932  0.736074  0.741710  0.772561  0.676706  0.718284  0.395079  0.746505  0.457183  0.755086  0.366828  0.802194  0.828450  0.715419 0.0  0.632905  0.585433  0.803874  0.718417  0.389044  0.753102  0.666810  0.765513  0.786362  0.736863 
51  0.532457  0.552787  0.938079  0.786831  0.770513  0.778342  0.756928  0.656568  0.631941  0.471774  0.722654  0.743358  0.738394  0.378490  0.726106  0.776623  0.820859  0.564374  0.702897  0.206068  0.793261  0.824665  0.693726  0.790393  0.637802  0.513416  0.819743  0.552443  0.843861  0.769624  0.798547  0.720857  0.702271  0.770417  0.718746  0.619520  0.344882  0.800326  0.715318  0.729254  0.291698  0.347839  0.635808  0.859012  0.676101  0.865034  0.597141  0.842502  0.903725  0.307081  0.632905 0.0  0.638052  0.780673  0.822028  0.615494  0.715590  0.656285  0.727406  0.429292  0.796165 
52  0.673998  0.569912  0.788942  0.719412  0.796425  0.686608  0.683083  0.649917  0.743495  0.736768  0.707235  0.166579  0.446358  0.667935  0.642378  0.806458  0.827843  0.241460  0.733956  0.718289  0.788014  0.854830  0.771319  0.693824  0.606282  0.713525  0.840657  0.735901  0.782643  0.793626  0.816302  0.156500  0.776371  0.760235  0.816045  0.646939  0.670465  0.735113  0.832438  0.736023  0.582730  0.816281  0.559868  0.774969  0.689702  0.887410  0.661361  0.756940  0.753346  0.776026  0.585433  0.638052 0.0  0.739689  0.786226  0.603219  0.775884  0.822482  0.757000  0.631954  0.921673 
53  0.619887  0.643268  0.556215  0.521117  0.498278  0.501376  0.722721  0.813702  0.659012  0.870517  0.832980  0.763958  0.783559  0.700285  0.715983  0.521466  0.501662  0.728160  0.704633  0.732181  0.595055  0.562791  0.235213  0.457014  0.547525  0.684431  0.637421  0.753038  0.571913  0.496571  0.650228  0.788889  0.528343  0.531487  0.678574  0.761790  0.775581  0.421841  0.074329  0.451436  0.629486  0.740278  0.585975  0.543793  0.688032  0.605615  0.607962  0.646297  0.530824  0.724542  0.803874  0.780673  0.739689 0.0  0.600013  0.700775  0.655273  0.366666  0.835673  0.774779  0.435887 
54  0.745725  0.546316  0.397038  0.466706  0.215120  0.220067  0.807327  0.800396  0.717877  0.812721  0.830178  0.762159  0.794079  0.786830  0.818036  0.348221  0.483222  0.794282  0.790484  0.653859  0.151035  0.300897  0.542488  0.437396  0.713031  0.671895  0.329561  0.691441  0.349940  0.280758  0.294458  0.825686  0.520148  0.386934  0.364066  0.748019  0.837897  0.242724  0.543195  0.482862  0.592039  0.743597  0.619673  0.145926  0.789183  0.423816  0.654057  0.149262  0.321503  0.892104  0.718417  0.822028  0.786226  0.600013 0.0  0.719689  0.336831  0.540608  0.731728  0.795326  0.552512 
55  0.642731  0.634722  0.765921  0.637760  0.660938  0.619784  0.727602  0.392058  0.661101  0.606918  0.290462  0.610411  0.573005  0.583847  0.643575  0.691275  0.667372  0.546584  0.654129  0.530340  0.688407  0.740057  0.633558  0.667716  0.597562  0.589095  0.652590  0.376528  0.764832  0.587835  0.730109  0.606629  0.650907  0.704276  0.613361  0.301275  0.542200  0.643072  0.668057  0.694951  0.627746  0.657823  0.131244  0.653674  0.251904  0.672569  0.120250  0.631749  0.722080  0.704211  0.389044  0.615494  0.603219  0.700775  0.719689 0.0  0.712848  0.649763  0.669180  0.692022  0.591530 
56  0.676964  0.527344  0.389638  0.399795  0.293900  0.377310  0.727724  0.679336  0.801069  0.862641  0.693186  0.840685  0.812173  0.826160  0.834225  0.233736  0.141541  0.757969  0.848658  0.803025  0.390138  0.348417  0.593442  0.351133  0.624909  0.628183  0.248294  0.633740  0.458338  0.193672  0.402947  0.908201  0.475276  0.383615  0.074329  0.699731  0.684260  0.384412  0.583038  0.486413  0.747726  0.817283  0.581892  0.366771  0.705691  0.310749  0.775529  0.390693  0.205491  0.844021  0.753102  0.715590  0.775884  0.655273  0.336831  0.712848 0.0  0.592561  0.786480  0.758406  0.626032 
57  0.642026  0.461609  0.521785  0.550870  0.393007  0.498319  0.873467  0.563271  0.757837  0.803421  0.741436  0.785252  0.724810  0.814868  0.809411  0.542637  0.586896  0.693207  0.864799  0.724249  0.537559  0.510348  0.373364  0.488716  0.671347  0.601955  0.606525  0.649939  0.528952  0.506083  0.472388  0.778389  0.235501  0.558072  0.531856  0.717133  0.889737  0.443800  0.437621  0.275472  0.595717  0.811492  0.697547  0.492590  0.818237  0.495574  0.681505  0.481421  0.389666  0.827325  0.666810  0.656285  0.822482  0.366666  0.540608  0.649763  0.592561 0.0  0.762717  0.714947  0.475001 
58  0.747346  0.686139  0.822913  0.792473  0.835766  0.707701  0.178054  0.690057  0.176408  0.638310  0.637984  0.681172  0.744146  0.625671  0.410215  0.798408  0.866079  0.725207  0.359363  0.825300  0.723219  0.801841  0.858716  0.849917  0.676118  0.724223  0.857182  0.830527  0.709815  0.717569  0.795103  0.573209  0.630008  0.708629  1.000000  0.746875  0.784951  0.866101  0.774060  0.832889  0.728595  0.745192  0.732721  0.715349  0.651277  0.837513  0.713501  0.802962  0.840875  0.680725  0.765513  0.727406  0.757000  0.835673  0.731728  0.669180  0.786480  0.762717 0.0  0.225957  0.831348 
59  0.611792  0.508794  0.752247  0.843271  0.766089  0.712906  0.074329  0.711924  0.168886  0.709279  0.704299  0.539911  0.632472  0.607077  0.303041  0.843857  0.901874  0.699630  0.151365  0.618415  0.844033  0.776347  0.691369  0.678067  0.579901  0.682406  0.873548  0.687008  0.681112  0.811658  0.789692  0.640346  0.727671  0.883393  0.724176  0.680340  0.536902  0.792330  0.641932  0.878933  0.754739  0.604109  0.519219  0.785379  0.627495  0.741484  0.645416  0.791807  0.799235  0.607954  0.786362  0.429292  0.631954  0.774779  0.795326  0.692022  0.758406  0.714947  0.225957 0.0  0.707960 
60  0.685172  0.460880  0.605636  0.602497  0.529789  0.696091  0.745991  0.636349  0.741819  0.721296  0.633768  0.811356  0.729591  0.717580  0.721484  0.558219  0.634182  0.710133  0.786442  0.658073  0.598285  0.616994  0.359470  0.543723  0.678827  0.720323  0.643429  0.821906  0.585434  0.554797  0.617432  0.756393  0.407013  0.556869  0.560189  0.741090  0.861798  0.536819  0.327713  0.465909  0.647012  0.809011  0.696088  0.612415  0.539918  0.605473  0.617681  0.597511  0.575831  0.795752  0.736863  0.796165  0.921673  0.435887  0.552512  0.591530  0.626032  0.475001  0.831348  0.707960 0.0 
