61
0 0.0  0.609283  0.762319  0.838547  0.770969  0.711709  0.598722  0.539888  0.647145  0.534178  0.567567  0.606542  0.647798  0.528911  0.676163  0.694122  0.727185  0.716491  0.599036  0.645693  0.853646  0.696892  0.655256  0.753477  0.607655  0.608113  0.662645  0.714860  0.785570  0.731120  0.717799  0.716005  0.642341  0.737215  0.736042  0.537217  0.554651  0.742576  0.687367  0.673871  0.538053  0.699909  0.571079  0.746471  0.648260  0.806790  0.585431  0.758142  0.764373  0.622940  0.669396  0.531657  0.602392  0.703800  0.795088  0.495736  0.657080  0.667779  0.726307  0.593476  0.664030 
1  0.609283 0.0  0.587454  0.623652  0.473963  0.542117  0.652700  0.621371  0.627797  0.623177  0.542198  0.554064  0.613423  0.632528  0.629330  0.544461  0.672120  0.523186  0.596035  0.695887  0.670379  0.544884  0.546993  0.468732  0.576843  0.509160  0.612100  0.545521  0.593461  0.584633  0.578724  0.562506  0.469685  0.581345  0.552026  0.543361  0.547443  0.412214  0.593785  0.409980  0.556076  0.555218  0.512656  0.493921  0.706305  0.625107  0.662891  0.539498  0.609920  0.654120  0.426906  0.485699  0.501947  0.638004  0.563943  0.486413  0.470733  0.429404  0.636674  0.609404  0.545207 
2  0.762319  0.587454 0.0  0.206952  0.369371  0.322045  0.780955  0.734400  0.786093  0.946625  0.900837  0.858789  0.746004  0.896779  0.858955  0.342263  0.287992  0.824094  0.889228  0.830378  0.399956  0.399834  0.674054  0.417525  0.769371  0.659767  0.403289  0.767717  0.375910  0.388778  0.316857  0.812717  0.620571  0.286526  0.423417  0.824444  0.890203  0.316170  0.540800  0.400668  0.719535  0.880037  0.814927  0.479281  0.864018  0.327987  0.815606  0.359318  0.319536  0.818861  0.741907  0.831165  0.888681  0.579769  0.463408  0.709261  0.453146  0.508547  0.884698  0.889602  0.623104 
3  0.838547  0.623652  0.206952 0.0  0.248091  0.348306  0.837362  0.807225  0.883572  0.879092  0.791377  0.792065  0.861482  0.848538  0.897406  0.371997  0.318306  0.776594  0.987180  0.896324  0.415331  0.438541  0.648981  0.357545  0.678676  0.782439  0.290772  0.812409  0.183727  0.226641  0.333029  0.791013  0.649157  0.296204  0.352437  0.838230  0.869847  0.388805  0.695622  0.588207  0.861767  0.729894  0.786971  0.472227  0.769875  0.464687  0.780295  0.366208  0.368870  0.868692  0.786607  0.857518  0.862206  0.548922  0.471644  0.734940  0.478212  0.563519  0.860068  0.883747  0.597266 
4  0.770969  0.473963  0.369371  0.248091 0.0  0.409200  0.776516  0.691947  0.832262  0.926015  0.829707  0.879864  0.709880  0.829065  0.781336  0.335794  0.274763  0.796618  0.839282  0.720607  0.392877  0.336007  0.464209  0.381984  0.651304  0.667665  0.284120  0.569167  0.156629  0.244437  0.330287  0.783138  0.466294  0.231441  0.287798  0.802974  0.824849  0.405362  0.594687  0.495228  0.791555  0.839665  0.703626  0.389124  0.602656  0.396747  0.738254  0.332701  0.341571  0.801256  0.640369  0.704880  0.773307  0.524111  0.316250  0.607385  0.433928  0.406024  0.729273  0.779333  0.645340 
5  0.711709  0.542117  0.322045  0.348306  0.409200 0.0  0.782801  0.797932  0.786296  0.915619  0.753690  0.738504  0.774105  0.820732  0.804896  0.336600  0.349454  0.745791  0.879183  0.805188  0.144611  0.241927  0.668458  0.245949  0.658471  0.669956  0.515188  0.860047  0.395378  0.386444  0.376011  0.816714  0.539815  0.387367  0.390879  0.832519  0.912611  0.271081  0.534488  0.581740  0.721207  0.856737  0.567217  0.163450  0.772497  0.445408  0.801169  0.244089  0.332739  0.817709  0.706613  0.813828  0.784073  0.584469  0.191780  0.624196  0.418149  0.439200  0.846625  0.726311  0.501994 
6  0.598722  0.652700  0.780955  0.837362  0.776516  0.782801 0.0  0.634846  0.116759  0.679451  0.609182  0.714485  0.745139  0.563346  0.177532  0.857163  0.755550  0.778020  0.331578  0.662159  0.809161  0.821877  0.754202  0.776632  0.698544  0.651350  0.816687  0.633240  0.808110  0.796511  0.808798  0.786860  0.702818  0.815518  0.727947  0.564133  0.600911  0.758507  0.809689  0.828189  0.638981  0.620048  0.679984  0.737806  0.763642  0.901811  0.655340  0.784266  0.828058  0.699411  0.743906  0.720337  0.576851  0.767544  0.706133  0.627064  0.775181  0.823572  0.232459  0.137803  0.810693 
7  0.539888  0.621371  0.734400  0.807225  0.691947  0.797932  0.634846 0.0  0.644963  0.677156  0.489577  0.755345  0.605333  0.724670  0.715634  0.678457  0.699010  0.727235  0.733107  0.585548  0.740533  0.797151  0.597450  0.669380  0.675715  0.488901  0.838479  0.095877  0.796005  0.736569  0.750221  0.722790  0.586467  0.854859  0.724801  0.336839  0.595346  0.806032  0.664371  0.613392  0.546625  0.566930  0.406143  0.684644  0.312409  0.798190  0.239932  0.685870  0.690565  0.588582  0.478495  0.615492  0.685390  0.804819  0.785417  0.281387  0.690605  0.525340  0.635118  0.523864  0.730075 
8  0.647145  0.627797  0.786093  0.883572  0.832262  0.786296  0.116759  0.644963 0.0  0.750242  0.734021  0.634817  0.642939  0.640140  0.296725  0.759280  0.732868  0.725758  0.206144  0.681429  0.908708  0.872710  0.730370  0.771959  0.610014  0.648366  0.907159  0.706503  0.800341  0.745750  0.828098  0.769443  0.778219  0.811558  0.853807  0.757152  0.595821  0.847497  0.761781  0.723471  0.647103  0.680598  0.730522  0.760230  0.770672  0.730372  0.723207  0.892807  0.880943  0.585553  0.681276  0.636611  0.718646  0.709382  0.767389  0.667808  0.694637  0.697379  0.224962  0.072691  0.755504 
9  0.534178  0.623177  0.946625  0.879092  0.926015  0.915619  0.679451  0.677156  0.750242 0.0  0.741331  0.690394  0.638393  0.266912  0.653282  0.824815  0.920668  0.654071  0.590360  0.206400  0.858717  0.928064  0.777491  0.912649  0.740204  0.708425  0.847472  0.743888  0.777959  0.748261  0.702387  0.747862  0.788227  0.814544  0.917293  0.664402  0.224911  0.888311  0.864976  0.851769  0.277619  0.302838  0.673431  0.915619  0.574998  0.784229  0.585815  0.906916  0.874886  0.280784  0.692841  0.324989  0.770468  0.713662  0.873044  0.670306  0.963272  0.816585  0.764140  0.697853  0.707843 
10  0.567567  0.542198  0.900837  0.791377  0.829707  0.753690  0.609182  0.489577  0.734021  0.741331 0.0  0.683395  0.534682  0.667450  0.702759  0.699715  0.743683  0.675633  0.688259  0.669171  0.759973  0.848350  0.647645  0.809310  0.615457  0.535748  0.786326  0.389960  0.796302  0.916572  0.788192  0.760807  0.670998  0.776445  0.819797  0.320661  0.758066  0.772936  0.681817  0.762240  0.620802  0.702938  0.418942  0.782869  0.401732  0.761851  0.443661  0.632377  0.855698  0.680558  0.277855  0.639886  0.584823  0.692274  0.758961  0.316984  0.719011  0.653708  0.731244  0.731731  0.705982 
11  0.606542  0.554064  0.858789  0.792065  0.879864  0.738504  0.714485  0.755345  0.634817  0.690394  0.683395 0.0  0.411975  0.627076  0.733704  0.752409  0.901280  0.215370  0.767974  0.685330  0.891561  0.820140  0.839439  0.844759  0.630084  0.628243  0.809782  0.737190  0.814323  0.700204  0.665187  0.102304  0.699713  0.770983  0.835095  0.669003  0.776893  0.689982  0.859492  0.786522  0.662439  0.758273  0.643889  0.781868  0.703549  0.972976  0.746459  0.787993  0.828176  0.798928  0.741615  0.720267  0.085040  0.915398  0.820152  0.535849  0.814390  0.837943  0.652782  0.706527  0.795737 
12  0.647798  0.613423  0.746004  0.861482  0.709880  0.774105  0.745139  0.605333  0.642939  0.638393  0.534682  0.411975 0.0  0.676132  0.704978  0.744890  0.782283  0.476333  0.622585  0.600080  0.830534  0.684638  0.722829  0.768088  0.594507  0.643550  0.788589  0.736968  0.788739  0.870467  0.737804  0.293257  0.684988  0.832735  0.776318  0.565356  0.577522  0.752837  0.830204  0.694492  0.627559  0.791374  0.630980  0.889289  0.774545  0.718008  0.694082  0.787780  0.873337  0.576884  0.540233  0.675185  0.476936  0.817304  0.792745  0.546919  0.779779  0.668574  0.680638  0.644031  0.781207 
13  0.528911  0.632528  0.896779  0.848538  0.829065  0.820732  0.563346  0.724670  0.640140  0.266912  0.667450  0.627076  0.676132 0.0  0.686624  0.803079  0.941345  0.781150  0.747754  0.297975  0.856190  0.820568  0.807675  0.780069  0.680817  0.639309  0.845325  0.754320  0.849049  0.846986  0.858322  0.718799  0.751303  0.835302  0.911512  0.649210  0.282099  0.861217  0.725884  0.796862  0.278631  0.188801  0.768319  0.851411  0.708714  0.896730  0.751551  0.820932  0.908178  0.228886  0.743417  0.298516  0.672037  0.794090  0.915202  0.508234  0.719105  0.817770  0.598363  0.616968  0.776136 
14  0.676163  0.629330  0.858955  0.897406  0.781336  0.804896  0.177532  0.715634  0.296725  0.653282  0.702759  0.733704  0.704978  0.686624 0.0  0.813387  0.914221  0.672599  0.135874  0.663167  0.775499  0.751423  0.691173  0.762816  0.563121  0.778146  0.987599  0.717756  0.703556  0.805297  0.958594  0.634904  0.736159  0.939278  0.855973  0.665549  0.567278  0.881514  0.674559  0.766858  0.674674  0.615702  0.735244  0.831066  0.758686  0.864708  0.738758  0.729060  0.874842  0.639447  0.664799  0.744322  0.759755  0.742596  0.795725  0.635738  0.805208  0.829062  0.321641  0.306384  0.700435 
15  0.694122  0.544461  0.342263  0.371997  0.335794  0.336600  0.857163  0.678457  0.759280  0.824815  0.699715  0.752409  0.744890  0.803079  0.813387 0.0  0.322320  0.762739  0.899572  0.776953  0.398501  0.262620  0.518359  0.490260  0.712143  0.691638  0.189680  0.787455  0.394406  0.314555  0.330130  0.748679  0.466627  0.381646  0.262044  0.768730  1.000000  0.403748  0.501476  0.483114  0.820167  0.864992  0.647799  0.341257  0.738072  0.395793  0.759091  0.364302  0.287830  0.950880  0.846555  0.708041  0.761882  0.554344  0.342706  0.652425  0.204746  0.592093  0.805286  0.840258  0.416047 
16  0.727185  0.672120  0.287992  0.318306  0.274763  0.349454  0.755550  0.699010  0.732868  0.920668  0.743683  0.901280  0.782283  0.941345  0.914221  0.322320 0.0  0.866918  0.806659  0.791004  0.394833  0.362854  0.587935  0.297818  0.784685  0.820452  0.303422  0.687904  0.394470  0.271267  0.335117  0.896824  0.554920  0.375058  0.219909  0.716128  0.889628  0.250986  0.560882  0.490391  0.731884  0.807111  0.700482  0.449144  0.747930  0.387842  0.733455  0.428557  0.302674  0.827347  0.721638  0.764166  0.923592  0.620839  0.471952  0.607363  0.072691  0.534728  0.855663  0.780550  0.606455 
17  0.716491  0.523186  0.824094  0.776594  0.796618  0.745791  0.778020  0.727235  0.725758  0.654071  0.675633  0.215370  0.476333  0.781150  0.672599  0.762739  0.866918 0.0  0.691325  0.769443  0.832992  0.785618  0.669889  0.757818  0.684811  0.703661  0.803617  0.794746  0.890408  0.853247  0.771906  0.230839  0.766991  0.785507  0.840963  0.678307  0.609518  0.714999  0.829328  0.732815  0.749494  0.618216  0.533676  0.797273  0.744414  0.829447  0.781435  0.658226  0.876625  0.601005  0.761547  0.725332  0.296123  0.786189  0.705921  0.687177  0.854789  0.734607  0.697112  0.701897  0.784995 
18  0.599036  0.596035  0.889228  0.987180  0.839282  0.879183  0.331578  0.733107  0.206144  0.590360  0.688259  0.767974  0.622585  0.747754  0.135874  0.899572  0.806659  0.691325 0.0  0.598134  0.774741  0.825951  0.809387  0.849158  0.621520  0.714467  0.876656  0.640827  0.818188  0.873706  0.849630  0.711020  0.898009  0.989141  0.898318  0.760406  0.683467  0.730448  0.643862  0.859056  0.649190  0.693438  0.675793  0.852704  0.653837  0.850001  0.764364  0.840318  0.906520  0.697962  0.636827  0.704631  0.778826  0.664559  0.796060  0.738926  0.858878  0.813260  0.385153  0.291547  0.689904 
19  0.645693  0.695887  0.830378  0.896324  0.720607  0.805188  0.662159  0.585548  0.681429  0.206400  0.669171  0.685330  0.600080  0.297975  0.663167  0.776953  0.791004  0.769443  0.598134 0.0  0.844828  0.802123  0.683084  0.861735  0.666305  0.623252  0.813830  0.676119  0.959502  0.873452  0.859417  0.747658  0.815154  0.878176  0.814699  0.683624  0.276802  0.797822  0.771804  0.799780  0.237832  0.253914  0.521900  0.800805  0.728226  0.681939  0.650473  0.799301  0.766265  0.207172  0.630671  0.346640  0.707426  0.694935  0.679102  0.645790  0.902941  0.797605  0.664363  0.636115  0.694265 
20  0.853646  0.670379  0.399956  0.415331  0.392877  0.144611  0.809161  0.740533  0.908708  0.858717  0.759973  0.891561  0.830534  0.856190  0.775499  0.398501  0.394833  0.832992  0.774741  0.844828 0.0  0.182473  0.601838  0.335438  0.580779  0.642145  0.446157  0.832738  0.356174  0.306658  0.340398  0.798068  0.586314  0.401959  0.348232  0.778972  0.949295  0.279394  0.569239  0.581895  0.827538  0.867767  0.675357  0.284859  0.737192  0.494450  0.730743  0.238742  0.340235  0.824818  0.814374  0.775616  0.875400  0.668485  0.260649  0.657098  0.445639  0.534312  0.732368  0.858005  0.641688 
21  0.696892  0.544884  0.399834  0.438541  0.336007  0.241927  0.821877  0.797151  0.872710  0.928064  0.848350  0.820140  0.684638  0.820568  0.751423  0.262620  0.362854  0.785618  0.825951  0.802123  0.182473 0.0  0.605832  0.311560  0.729914  0.667433  0.400333  0.761038  0.388625  0.278248  0.256558  0.797024  0.509058  0.406207  0.383268  0.721140  0.952959  0.294229  0.556464  0.644889  0.898192  0.865632  0.696753  0.152665  0.782022  0.474303  0.729356  0.185140  0.337992  0.885400  0.783368  0.826196  0.825979  0.549674  0.239519  0.661453  0.403627  0.451814  0.841502  0.848956  0.501420 
22  0.655256  0.546993  0.674054  0.648981  0.464209  0.668458  0.754202  0.597450  0.730370  0.777491  0.647645  0.839439  0.722829  0.807675  0.691173  0.518359  0.587935  0.669889  0.809387  0.683084  0.601838  0.605832 0.0  0.564935  0.656815  0.725647  0.583804  0.670047  0.515412  0.525493  0.527627  0.818124  0.333464  0.606207  0.594546  0.668018  0.742995  0.463925  0.190039  0.400466  0.603826  0.707464  0.669441  0.607374  0.694612  0.618009  0.527741  0.648911  0.673944  0.890101  0.579106  0.757848  0.868018  0.376329  0.540431  0.605261  0.650077  0.544416  0.732080  0.749224  0.289447 
23  0.753477  0.468732  0.417525  0.357545  0.381984  0.245949  0.776632  0.669380  0.771959  0.912649  0.809310  0.844759  0.768088  0.780069  0.762816  0.490260  0.297818  0.757818  0.849158  0.861735  0.335438  0.311560  0.564935 0.0  0.673340  0.644444  0.429348  0.743647  0.297665  0.294980  0.166522  0.743331  0.521682  0.391591  0.286895  0.696098  0.832493  0.309537  0.541142  0.452573  0.758315  0.793847  0.571243  0.292301  0.705678  0.398965  0.694905  0.385745  0.336995  0.820814  0.733651  0.824224  0.885224  0.647861  0.242791  0.643317  0.275962  0.549045  0.925301  0.779411  0.435742 
24  0.607655  0.576843  0.769371  0.678676  0.651304  0.658471  0.698544  0.675715  0.610014  0.740204  0.615457  0.630084  0.594507  0.680817  0.563121  0.712143  0.784685  0.684811  0.621520  0.666305  0.580779  0.729914  0.656815  0.673340 0.0  0.125216  0.666022  0.717924  0.666519  0.739761  0.689647  0.598279  0.591221  0.712159  0.692913  0.541179  0.767032  0.769711  0.650780  0.705084  0.682015  0.643129  0.539635  0.607738  0.637412  0.737019  0.652676  0.717248  0.787731  0.660183  0.684074  0.648257  0.544902  0.653842  0.633569  0.524299  0.660524  0.732560  0.720010  0.748910  0.659996 
25  0.608113  0.509160  0.659767  0.782439  0.667665  0.669956  0.651350  0.488901  0.648366  0.708425  0.535748  0.628243  0.643550  0.639309  0.778146  0.691638  0.820452  0.703661  0.714467  0.623252  0.642145  0.667433  0.725647  0.644444  0.125216 0.0  0.771498  0.597241  0.707558  0.669833  0.643767  0.624435  0.665001  0.645459  0.588737  0.556195  0.697467  0.678383  0.637472  0.599084  0.562484  0.753477  0.614790  0.693542  0.581253  0.747451  0.621933  0.659371  0.750301  0.705944  0.583153  0.577770  0.655996  0.737868  0.645996  0.537175  0.671985  0.606643  0.697867  0.591167  0.727613 
26  0.662645  0.612100  0.403289  0.290772  0.284120  0.515188  0.816687  0.838479  0.907159  0.847472  0.786326  0.809782  0.788589  0.845325  0.987599  0.189680  0.303422  0.803617  0.876656  0.813830  0.446157  0.400333  0.583804  0.429348  0.666022  0.771498 0.0  0.699333  0.389129  0.085318  0.315429  0.865285  0.577409  0.347566  0.183689  0.778075  0.853315  0.229661  0.482423  0.464564  0.696360  0.814290  0.714075  0.375355  0.816963  0.344957  0.819904  0.380021  0.247631  0.938011  0.772336  0.814741  0.820504  0.646197  0.449507  0.715639  0.257143  0.520593  0.763279  0.900467  0.563446 
27  0.714860  0.545521  0.767717  0.812409  0.569167  0.860047  0.633240  0.095877  0.706503  0.743888  0.389960  0.737190  0.736968  0.754320  0.717756  0.787455  0.687904  0.794746  0.640827  0.676119  0.832738  0.761038  0.670047  0.743647  0.717924  0.597241  0.699333 0.0  0.728887  0.756950  0.901395  0.628467  0.703853  0.756138  0.701772  0.519838  0.768425  0.818149  0.771542  0.657064  0.627792  0.858888  0.356439  0.730740  0.397215  0.826605  0.177742  0.856659  0.772437  0.654574  0.492365  0.658697  0.719345  0.794159  0.772837  0.428437  0.808379  0.673204  0.749867  0.678907  0.722040 
28  0.785570  0.593461  0.375910  0.183727  0.156629  0.395378  0.808110  0.796005  0.800341  0.777959  0.796302  0.814323  0.788739  0.849049  0.703556  0.394406  0.394470  0.890408  0.818188  0.959502  0.356174  0.388625  0.515412  0.297665  0.666519  0.707558  0.389129  0.728887 0.0  0.330136  0.313623  0.805504  0.504153  0.311257  0.312932  0.799101  0.669666  0.343981  0.577879  0.483206  0.694537  0.731438  0.716460  0.443568  0.749464  0.408821  0.696383  0.445780  0.278046  0.832253  0.798170  0.826669  0.826558  0.615640  0.441023  0.726840  0.263218  0.519644  0.847589  0.827717  0.533902 
29  0.731120  0.584633  0.388778  0.226641  0.244437  0.386444  0.796511  0.736569  0.745750  0.748261  0.916572  0.700204  0.870467  0.846986  0.805297  0.314555  0.271267  0.853247  0.873706  0.873452  0.306658  0.278248  0.525493  0.294980  0.739761  0.669833  0.085318  0.756950  0.330136 0.0  0.315015  0.822300  0.503293  0.223905  0.314433  0.689873  0.864243  0.383663  0.603976  0.455617  0.764858  0.806773  0.692286  0.193051  0.682437  0.249688  0.721880  0.372181  0.393693  0.867623  0.840401  0.837690  0.780819  0.602691  0.292157  0.751724  0.140212  0.392625  0.770583  0.831745  0.497816 
30  0.717799  0.578724  0.316857  0.333029  0.330287  0.376011  0.808798  0.750221  0.828098  0.702387  0.788192  0.665187  0.737804  0.858322  0.958594  0.330130  0.335117  0.771906  0.849630  0.859417  0.340398  0.256558  0.527627  0.166522  0.689647  0.643767  0.315429  0.901395  0.313623  0.315015 0.0  0.714247  0.553513  0.305071  0.307814  0.835489  0.853909  0.389849  0.528914  0.500204  0.820017  0.769598  0.733398  0.345009  0.818662  0.399672  0.826565  0.228276  0.340927  0.887671  0.787358  0.818048  0.716077  0.646433  0.389612  0.719543  0.405612  0.468752  0.856586  0.774170  0.521080 
31  0.716005  0.562506  0.812717  0.791013  0.783138  0.816714  0.786860  0.722790  0.769443  0.747862  0.760807  0.102304  0.293257  0.718799  0.634904  0.748679  0.896824  0.230839  0.711020  0.747658  0.798068  0.797024  0.818124  0.743331  0.598279  0.624435  0.865285  0.628467  0.805504  0.822300  0.714247 0.0  0.756294  0.807229  0.908708  0.723820  0.753825  0.847245  0.777544  0.788714  0.687037  0.814335  0.694985  0.758172  0.760607  0.807652  0.763452  0.850141  0.891424  0.726351  0.644319  0.696719  0.272462  0.867178  0.829686  0.653397  0.749868  0.779245  0.740652  0.717889  0.726098 
32  0.642341  0.469685  0.620571  0.649157  0.466294  0.539815  0.702818  0.586467  0.778219  0.788227  0.670998  0.699713  0.684988  0.751303  0.736159  0.466627  0.554920  0.766991  0.898009  0.815154  0.586314  0.509058  0.333464  0.521682  0.591221  0.665001  0.577409  0.703853  0.504153  0.503293  0.553513  0.756294 0.0  0.576747  0.469538  0.596973  0.721308  0.644663  0.458839  0.245812  0.511705  0.689200  0.675220  0.427220  0.621893  0.554627  0.812809  0.570124  0.494477  0.751623  0.763568  0.761396  0.675832  0.376054  0.460634  0.679988  0.428515  0.233050  0.748182  0.699073  0.322492 
33  0.737215  0.581345  0.286526  0.296204  0.231441  0.387367  0.815518  0.854859  0.811558  0.814544  0.776445  0.770983  0.832735  0.835302  0.939278  0.381646  0.375058  0.785507  0.989141  0.878176  0.401959  0.406207  0.606207  0.391591  0.712159  0.645459  0.347566  0.756138  0.311257  0.223905  0.305071  0.807229  0.576747 0.0  0.412706  0.829045  0.863812  0.352847  0.580996  0.475040  0.742327  0.881696  0.690656  0.401010  0.742274  0.344882  0.785903  0.556306  0.269695  0.910724  0.726756  0.765406  0.764799  0.593542  0.392081  0.759708  0.439977  0.586695  0.855556  0.819284  0.601344 
34  0.736042  0.552026  0.423417  0.352437  0.287798  0.390879  0.727947  0.724801  0.853807  0.917293  0.819797  0.835095  0.776318  0.911512  0.855973  0.262044  0.219909  0.840963  0.898318  0.814699  0.348232  0.383268  0.594546  0.286895  0.692913  0.588737  0.183689  0.701772  0.312932  0.314433  0.307814  0.908708  0.469538  0.412706 0.0  0.637783  0.794051  0.268975  0.533173  0.399882  0.692257  0.816138  0.610916  0.394190  0.739480  0.210432  0.752296  0.389296  0.290900  0.844302  0.779462  0.753606  0.639398  0.588510  0.253286  0.735046  0.198675  0.457794  0.790602  0.804068  0.543223 
35  0.537217  0.543361  0.824444  0.838230  0.802974  0.832519  0.564133  0.336839  0.757152  0.664402  0.320661  0.669003  0.565356  0.649210  0.665549  0.768730  0.716128  0.678307  0.760406  0.683624  0.778972  0.721140  0.668018  0.696098  0.541179  0.556195  0.778075  0.519838  0.799101  0.689873  0.835489  0.723820  0.596973  0.829045  0.637783 0.0  0.544587  0.783691  0.626543  0.737849  0.458395  0.675414  0.321148  0.764301  0.492376  0.722836  0.341688  0.711298  0.809191  0.671897  0.247500  0.642657  0.715337  0.712448  0.671766  0.332895  0.774239  0.684988  0.684161  0.650383  0.726625 
36  0.554651  0.547443  0.890203  0.869847  0.824849  0.912611  0.600911  0.595346  0.595821  0.224911  0.758066  0.776893  0.577522  0.282099  0.567278  1.000000  0.889628  0.609518  0.683467  0.276802  0.949295  0.952959  0.742995  0.832493  0.767032  0.697467  0.853315  0.768425  0.669666  0.864243  0.853909  0.753825  0.721308  0.863812  0.794051  0.544587 0.0  0.772512  0.690511  0.837066  0.304936  0.270984  0.604421  0.911536  0.813155  0.993882  0.644002  0.853389  0.911680  0.235402  0.659318  0.291893  0.805107  0.805266  0.912704  0.607123  0.823206  0.794757  0.761556  0.590991  0.735089 
37  0.742576  0.412214  0.316170  0.388805  0.405362  0.271081  0.758507  0.806032  0.847497  0.888311  0.772936  0.689982  0.752837  0.861217  0.881514  0.403748  0.250986  0.714999  0.730448  0.797822  0.279394  0.294229  0.463925  0.309537  0.769711  0.678383  0.229661  0.818149  0.343981  0.383663  0.389849  0.847245  0.644663  0.352847  0.268975  0.783691  0.772512 0.0  0.510397  0.456156  0.696166  0.782569  0.638092  0.274943  0.797056  0.411889  0.813899  0.289370  0.400710  0.838958  0.785466  0.714979  0.847826  0.428476  0.293834  0.544273  0.282999  0.356461  0.789680  0.798035  0.456260 
38  0.687367  0.593785  0.540800  0.695622  0.594687  0.534488  0.809689  0.664371  0.761781  0.864976  0.681817  0.859492  0.830204  0.725884  0.674559  0.501476  0.560882  0.829328  0.643862  0.771804  0.569239  0.556464  0.190039  0.541142  0.650780  0.637472  0.482423  0.771542  0.577879  0.603976  0.528914  0.777544  0.458839  0.580996  0.533173  0.626543  0.690511  0.510397 0.0  0.465226  0.736422  0.646521  0.535940  0.507917  0.622612  0.501621  0.590356  0.634738  0.535323  0.806118  0.656156  0.738601  0.819976  0.123900  0.512941  0.648830  0.610720  0.415811  0.658859  0.734330  0.223026 
39  0.673871  0.409980  0.400668  0.588207  0.495228  0.581740  0.828189  0.613392  0.723471  0.851769  0.762240  0.786522  0.694492  0.796862  0.766858  0.483114  0.490391  0.732815  0.859056  0.799780  0.581895  0.644889  0.400466  0.452573  0.705084  0.599084  0.464564  0.657064  0.483206  0.455617  0.500204  0.788714  0.245812  0.475040  0.399882  0.737849  0.837066  0.456156  0.465226 0.0  0.662293  0.800266  0.631385  0.524204  0.657889  0.446620  0.742364  0.531457  0.341487  0.742306  0.681421  0.721402  0.704299  0.533354  0.412942  0.647094  0.531918  0.226685  0.865313  0.787116  0.533540 
40  0.538053  0.556076  0.719535  0.861767  0.791555  0.721207  0.638981  0.546625  0.647103  0.277619  0.620802  0.662439  0.627559  0.278631  0.674674  0.820167  0.731884  0.749494  0.649190  0.237832  0.827538  0.898192  0.603826  0.758315  0.682015  0.562484  0.696360  0.627792  0.694537  0.764858  0.820017  0.687037  0.511705  0.742327  0.692257  0.458395  0.304936  0.696166  0.736422  0.662293 0.0  0.178302  0.636279  0.816336  0.701864  0.663344  0.685062  0.784820  0.833712  0.371953  0.689668  0.297115  0.753730  0.720204  0.781595  0.544672  0.748325  0.607284  0.610115  0.564387  0.701893 
41  0.699909  0.555218  0.880037  0.729894  0.839665  0.856737  0.620048  0.566930  0.680598  0.302838  0.702938  0.758273  0.791374  0.188801  0.615702  0.864992  0.807111  0.618216  0.693438  0.253914  0.867767  0.865632  0.707464  0.793847  0.643129  0.753477  0.814290  0.858888  0.731438  0.806773  0.769598  0.814335  0.689200  0.881696  0.816138  0.675414  0.270984  0.782569  0.646521  0.800266  0.178302 0.0  0.714384  0.806281  0.772609  0.823741  0.803431  0.876005  0.706691  0.339808  0.646152  0.408486  0.634508  0.712937  0.839332  0.772432  0.845341  0.718446  0.713845  0.675824  0.774548 
42  0.571079  0.512656  0.814927  0.786971  0.703626  0.567217  0.679984  0.406143  0.730522  0.673431  0.418942  0.643889  0.630980  0.768319  0.735244  0.647799  0.700482  0.533676  0.675793  0.521900  0.675357  0.696753  0.669441  0.571243  0.539635  0.614790  0.714075  0.356439  0.716460  0.692286  0.733398  0.694985  0.675220  0.690656  0.610916  0.321148  0.604421  0.638092  0.535940  0.631385  0.636279  0.714384 0.0  0.678733  0.317869  0.776138  0.363847  0.723827  0.742107  0.734082  0.439565  0.624991  0.729324  0.716653  0.709946  0.090050  0.671634  0.662579  0.634370  0.793162  0.785747 
43  0.746471  0.493921  0.479281  0.472227  0.389124  0.163450  0.737806  0.684644  0.760230  0.915619  0.782869  0.781868  0.889289  0.851411  0.831066  0.341257  0.449144  0.797273  0.852704  0.800805  0.284859  0.152665  0.607374  0.292301  0.607738  0.693542  0.375355  0.730740  0.443568  0.193051  0.345009  0.758172  0.427220  0.401010  0.394190  0.764301  0.911536  0.274943  0.507917  0.524204  0.816336  0.806281  0.678733 0.0  0.745933  0.410914  0.696894  0.172379  0.315802  0.763846  0.749308  0.740917  0.777461  0.677623  0.190953  0.615955  0.437257  0.425516  0.762901  0.769994  0.614635 
44  0.648260  0.706305  0.864018  0.769875  0.602656  0.772497  0.763642  0.312409  0.770672  0.574998  0.401732  0.703549  0.774545  0.708714  0.758686  0.738072  0.747930  0.744414  0.653837  0.728226  0.737192  0.782022  0.694612  0.705678  0.637412  0.581253  0.816963  0.397215  0.749464  0.682437  0.818662  0.760607  0.621893  0.742274  0.739480  0.492376  0.813155  0.797056  0.622612  0.657889  0.701864  0.772609  0.317869  0.745933 0.0  0.836363  0.141994  0.685511  0.840421  0.743459  0.426281  0.692096  0.634585  0.551199  0.733556  0.444106  0.719190  0.751804  0.763744  0.724003  0.606985 
45  0.806790  0.625107  0.327987  0.464687  0.396747  0.445408  0.901811  0.798190  0.730372  0.784229  0.761851  0.972976  0.718008  0.896730  0.864708  0.395793  0.387842  0.829447  0.850001  0.681939  0.494450  0.474303  0.618009  0.398965  0.737019  0.747451  0.344957  0.826605  0.408821  0.249688  0.399672  0.807652  0.554627  0.344882  0.210432  0.722836  0.993882  0.411889  0.501621  0.446620  0.663344  0.823741  0.776138  0.410914  0.836363 0.0  0.636137  0.391840  0.333893  0.742249  0.718933  0.720945  0.863465  0.536396  0.427839  0.786400  0.257340  0.545720  0.937901  0.779480  0.510893 
46  0.585431  0.662891  0.815606  0.780295  0.738254  0.801169  0.655340  0.239932  0.723207  0.585815  0.443661  0.746459  0.694082  0.751551  0.738758  0.759091  0.733455  0.781435  0.764364  0.650473  0.730743  0.729356  0.527741  0.694905  0.652676  0.621933  0.819904  0.177742  0.696383  0.721880  0.826565  0.763452  0.812809  0.785903  0.752296  0.341688  0.644002  0.813899  0.590356  0.742364  0.685062  0.803431  0.363847  0.696894  0.141994  0.636137 0.0  0.759011  0.822022  0.607364  0.547848  0.659676  0.664783  0.657978  0.667215  0.380648  0.770756  0.739491  0.740400  0.696913  0.617956 
47  0.758142  0.539498  0.359318  0.366208  0.332701  0.244089  0.784266  0.685870  0.892807  0.906916  0.632377  0.787993  0.787780  0.820932  0.729060  0.364302  0.428557  0.658226  0.840318  0.799301  0.238742  0.185140  0.648911  0.385745  0.717248  0.659371  0.380021  0.856659  0.445780  0.372181  0.228276  0.850141  0.570124  0.556306  0.389296  0.711298  0.853389  0.289370  0.634738  0.531457  0.784820  0.876005  0.723827  0.172379  0.685511  0.391840  0.759011 0.0  0.335655  0.858966  0.660834  0.910163  0.730956  0.482591  0.168506  0.673131  0.481857  0.469677  0.746089  0.762158  0.489233 
48  0.764373  0.609920  0.319536  0.368870  0.341571  0.332739  0.828058  0.690565  0.880943  0.874886  0.855698  0.828176  0.873337  0.908178  0.874842  0.287830  0.302674  0.876625  0.906520  0.766265  0.340235  0.337992  0.673944  0.336995  0.787731  0.750301  0.247631  0.772437  0.278046  0.393693  0.340927  0.891424  0.494477  0.269695  0.290900  0.809191  0.911680  0.400710  0.535323  0.341487  0.833712  0.706691  0.742107  0.315802  0.840421  0.333893  0.822022  0.335655 0.0  0.914537  0.932098  0.795884  0.757054  0.537984  0.391124  0.784641  0.384154  0.532930  0.873844  0.875279  0.572655 
49  0.622940  0.654120  0.818861  0.868692  0.801256  0.817709  0.699411  0.588582  0.585553  0.280784  0.680558  0.798928  0.576884  0.228886  0.639447  0.950880  0.827347  0.601005  0.697962  0.207172  0.824818  0.885400  0.890101  0.820814  0.660183  0.705944  0.938011  0.654574  0.832253  0.867623  0.887671  0.726351  0.751623  0.910724  0.844302  0.671897  0.235402  0.838958  0.806118  0.742306  0.371953  0.339808  0.734082  0.763846  0.743459  0.742249  0.607364  0.858966  0.914537 0.0  0.734102  0.296271  0.719539  0.836336  0.860930  0.670393  0.784157  0.854080  0.713285  0.567612  0.809893 
50  0.669396  0.426906  0.741907  0.786607  0.640369  0.706613  0.743906  0.478495  0.681276  0.692841  0.277855  0.741615  0.540233  0.743417  0.664799  0.846555  0.721638  0.761547  0.636827  0.630671  0.814374  0.783368  0.579106  0.733651  0.684074  0.583153  0.772336  0.492365  0.798170  0.840401  0.787358  0.644319  0.763568  0.726756  0.779462  0.247500  0.659318  0.785466  0.656156  0.681421  0.689668  0.646152  0.439565  0.749308  0.426281  0.718933  0.547848  0.660834  0.932098  0.734102 0.0  0.682785  0.778122  0.698150  0.734946  0.375593  0.807226  0.775832  0.676393  0.714989  0.781945 
51  0.531657  0.485699  0.831165  0.857518  0.704880  0.813828  0.720337  0.615492  0.636611  0.324989  0.639886  0.720267  0.675185  0.298516  0.744322  0.708041  0.764166  0.725332  0.704631  0.346640  0.775616  0.826196  0.757848  0.824224  0.648257  0.577770  0.814741  0.658697  0.826669  0.837690  0.818048  0.696719  0.761396  0.765406  0.753606  0.642657  0.291893  0.714979  0.738601  0.721402  0.297115  0.408486  0.624991  0.740917  0.692096  0.720945  0.659676  0.910163  0.795884  0.296271  0.682785 0.0  0.632666  0.753502  0.784328  0.563743  0.746207  0.763890  0.736291  0.706468  0.717984 
52  0.602392  0.501947  0.888681  0.862206  0.773307  0.784073  0.576851  0.685390  0.718646  0.770468  0.584823  0.085040  0.476936  0.672037  0.759755  0.761882  0.923592  0.296123  0.778826  0.707426  0.875400  0.825979  0.868018  0.885224  0.544902  0.655996  0.820504  0.719345  0.826558  0.780819  0.716077  0.272462  0.675832  0.764799  0.639398  0.715337  0.805107  0.847826  0.819976  0.704299  0.753730  0.634508  0.729324  0.777461  0.634585  0.863465  0.664783  0.730956  0.757054  0.719539  0.778122  0.632666 0.0  0.808914  0.781675  0.664250  0.838481  0.793788  0.671229  0.555632  0.842796 
53  0.703800  0.638004  0.579769  0.548922  0.524111  0.584469  0.767544  0.804819  0.709382  0.713662  0.692274  0.915398  0.817304  0.794090  0.742596  0.554344  0.620839  0.786189  0.664559  0.694935  0.668485  0.549674  0.376329  0.647861  0.653842  0.737868  0.646197  0.794159  0.615640  0.602691  0.646433  0.867178  0.376054  0.593542  0.588510  0.712448  0.805266  0.428476  0.123900  0.533354  0.720204  0.712937  0.716653  0.677623  0.551199  0.536396  0.657978  0.482591  0.537984  0.836336  0.698150  0.753502  0.808914 0.0  0.538400  0.614782  0.721730  0.405714  0.771561  0.683263  0.317247 
54  0.795088  0.563943  0.463408  0.471644  0.316250  0.191780  0.706133  0.785417  0.767389  0.873044  0.758961  0.820152  0.792745  0.915202  0.795725  0.342706  0.471952  0.705921  0.796060  0.679102  0.260649  0.239519  0.540431  0.242791  0.633569  0.645996  0.449507  0.772837  0.441023  0.292157  0.389612  0.829686  0.460634  0.392081  0.253286  0.671766  0.912704  0.293834  0.512941  0.412942  0.781595  0.839332  0.709946  0.190953  0.733556  0.427839  0.667215  0.168506  0.391124  0.860930  0.734946  0.784328  0.781675  0.538400 0.0  0.738082  0.280892  0.479163  0.741756  0.833916  0.539361 
55  0.495736  0.486413  0.709261  0.734940  0.607385  0.624196  0.627064  0.281387  0.667808  0.670306  0.316984  0.535849  0.546919  0.508234  0.635738  0.652425  0.607363  0.687177  0.738926  0.645790  0.657098  0.661453  0.605261  0.643317  0.524299  0.537175  0.715639  0.428437  0.726840  0.751724  0.719543  0.653397  0.679988  0.759708  0.735046  0.332895  0.607123  0.544273  0.648830  0.647094  0.544672  0.772432  0.090050  0.615955  0.444106  0.786400  0.380648  0.673131  0.784641  0.670393  0.375593  0.563743  0.664250  0.614782  0.738082 0.0  0.602295  0.660250  0.661422  0.731391  0.643489 
56  0.657080  0.470733  0.453146  0.478212  0.433928  0.418149  0.775181  0.690605  0.694637  0.963272  0.719011  0.814390  0.779779  0.719105  0.805208  0.204746  0.072691  0.854789  0.858878  0.902941  0.445639  0.403627  0.650077  0.275962  0.660524  0.671985  0.257143  0.808379  0.263218  0.140212  0.405612  0.749868  0.428515  0.439977  0.198675  0.774239  0.823206  0.282999  0.610720  0.531918  0.748325  0.845341  0.671634  0.437257  0.719190  0.257340  0.770756  0.481857  0.384154  0.784157  0.807226  0.746207  0.838481  0.721730  0.280892  0.602295 0.0  0.495344  0.799913  0.839092  0.642225 
57  0.667779  0.429404  0.508547  0.563519  0.406024  0.439200  0.823572  0.525340  0.697379  0.816585  0.653708  0.837943  0.668574  0.817770  0.829062  0.592093  0.534728  0.734607  0.813260  0.797605  0.534312  0.451814  0.544416  0.549045  0.732560  0.606643  0.520593  0.673204  0.519644  0.392625  0.468752  0.779245  0.233050  0.586695  0.457794  0.684988  0.794757  0.356461  0.415811  0.226685  0.607284  0.718446  0.662579  0.425516  0.751804  0.545720  0.739491  0.469677  0.532930  0.854080  0.775832  0.763890  0.793788  0.405714  0.479163  0.660250  0.495344 0.0  0.681551  0.789774  0.425740 
58  0.726307  0.636674  0.884698  0.860068  0.729273  0.846625  0.232459  0.635118  0.224962  0.764140  0.731244  0.652782  0.680638  0.598363  0.321641  0.805286  0.855663  0.697112  0.385153  0.664363  0.732368  0.841502  0.732080  0.925301  0.720010  0.697867  0.763279  0.749867  0.847589  0.770583  0.856586  0.740652  0.748182  0.855556  0.790602  0.684161  0.761556  0.789680  0.658859  0.865313  0.610115  0.713845  0.634370  0.762901  0.763744  0.937901  0.740400  0.746089  0.873844  0.713285  0.676393  0.736291  0.671229  0.771561  0.741756  0.661422  0.799913  0.681551 0.0  0.218644  0.759478 
59  0.593476  0.609404  0.889602  0.883747  0.779333  0.726311  0.137803  0.523864  0.072691  0.697853  0.731731  0.706527  0.644031  0.616968  0.306384  0.840258  0.780550  0.701897  0.291547  0.636115  0.858005  0.848956  0.749224  0.779411  0.748910  0.591167  0.900467  0.678907  0.827717  0.831745  0.774170  0.717889  0.699073  0.819284  0.804068  0.650383  0.590991  0.798035  0.734330  0.787116  0.564387  0.675824  0.793162  0.769994  0.724003  0.779480  0.696913  0.762158  0.875279  0.567612  0.714989  0.706468  0.555632  0.683263  0.833916  0.731391  0.839092  0.789774  0.218644 0.0  0.694244 
60  0.664030  0.545207  0.623104  0.597266  0.645340  0.501994  0.810693  0.730075  0.755504  0.707843  0.705982  0.795737  0.781207  0.776136  0.700435  0.416047  0.606455  0.784995  0.689904  0.694265  0.641688  0.501420  0.289447  0.435742  0.659996  0.727613  0.563446  0.722040  0.533902  0.497816  0.521080  0.726098  0.322492  0.601344  0.543223  0.726625  0.735089  0.456260  0.223026  0.533540  0.701893  0.774548  0.785747  0.614635  0.606985  0.510893  0.617956  0.489233  0.572655  0.809893  0.781945  0.717984  0.842796  0.317247  0.539361  0.643489  0.642225  0.425740  0.759478  0.694244 0.0 
