61
0 0.0  0.520638  0.774444  0.747854  0.633667  0.701871  0.525175  0.526731  0.574664  0.622709  0.544965  0.539927  0.584117  0.582147  0.567316  0.641628  0.636717  0.642432  0.586479  0.570828  0.669055  0.741613  0.649502  0.706752  0.605759  0.546768  0.654952  0.524917  0.675896  0.683135  0.610483  0.665853  0.540649  0.731056  0.631425  0.544818  0.536247  0.634785  0.691243  0.681804  0.554284  0.508248  0.513350  0.632707  0.545483  0.761804  0.592800  0.652431  0.723284  0.586573  0.557278  0.516654  0.577828  0.568371  0.523332  0.595700  0.689599  0.726200  0.576063  0.484996  0.614034 
1  0.520638 0.0  0.547641  0.642274  0.547248  0.546562  0.514586  0.522758  0.653715  0.553448  0.513627  0.493800  0.622572  0.526696  0.543046  0.530911  0.568691  0.562300  0.659694  0.535186  0.556034  0.590012  0.502732  0.533463  0.524098  0.497324  0.586114  0.488856  0.605246  0.558947  0.485273  0.613111  0.497187  0.630752  0.505079  0.591132  0.517916  0.517373  0.480923  0.520833  0.469482  0.463214  0.505208  0.462587  0.530668  0.608841  0.585845  0.485764  0.621533  0.468187  0.503303  0.542629  0.489882  0.572367  0.485060  0.453734  0.467740  0.606792  0.534792  0.565440  0.499092 
2  0.774444  0.547641 0.0  0.185951  0.195311  0.375807  0.765818  0.709168  0.884756  0.855395  0.708707  0.770560  0.752705  0.916838  0.808420  0.344746  0.347909  0.818462  0.760237  0.792670  0.371156  0.306979  0.530384  0.314690  0.635526  0.775635  0.436772  0.766534  0.249318  0.312910  0.289261  0.788859  0.510180  0.238829  0.337045  0.831859  0.898148  0.318463  0.497036  0.480271  0.777322  0.946422  0.717012  0.326744  0.882126  0.393531  0.747144  0.361674  0.251567  0.937675  0.673741  0.741234  0.808002  0.532164  0.308273  0.637335  0.350145  0.423145  0.676859  0.851804  0.489732 
3  0.747854  0.642274  0.185951 0.0  0.261124  0.391492  0.892578  0.659384  0.693817  0.899581  0.709168  0.658442  0.674699  0.791251  0.845214  0.339332  0.324334  0.812717  0.866193  0.851375  0.391814  0.365061  0.589554  0.314115  0.700664  0.662589  0.309953  0.934122  0.236340  0.225739  0.406842  0.849294  0.607552  0.240787  0.310789  0.641057  0.691016  0.314723  0.473006  0.475219  0.723317  0.710113  0.711453  0.353759  0.669818  0.355265  0.715428  0.344622  0.310133  0.714198  0.778303  0.835987  0.877828  0.524741  0.355069  0.704636  0.394119  0.466803  0.793288  0.762128  0.539366 
4  0.633667  0.547248  0.195311  0.261124 0.0  0.298634  0.867176  0.676119  0.806777  0.814068  0.753490  0.622056  0.766037  0.820851  0.771250  0.307571  0.276726  0.640852  0.767042  0.739132  0.305433  0.310218  0.450376  0.267500  0.618884  0.655565  0.341115  0.833983  0.165416  0.283775  0.303753  0.754585  0.372378  0.240996  0.240968  0.704896  0.763888  0.254107  0.522228  0.396232  0.710794  0.743267  0.616336  0.298520  0.656316  0.297768  0.713995  0.261215  0.326679  0.897804  0.837915  0.834955  0.938999  0.474516  0.313544  0.559579  0.277506  0.453933  0.738250  0.763518  0.480571 
5  0.701871  0.546562  0.375807  0.391492  0.298634 0.0  0.716403  0.732455  0.772548  0.763912  0.697535  0.725717  0.670058  0.705108  0.744232  0.338443  0.379417  0.652204  0.684768  0.689176  0.207729  0.184724  0.521941  0.290345  0.644010  0.629362  0.386291  0.765131  0.331239  0.276033  0.327858  0.741171  0.522398  0.353404  0.331778  0.724626  0.758094  0.256741  0.474235  0.491530  0.721752  0.742064  0.649235  0.178064  0.639209  0.330145  0.807952  0.158037  0.367519  0.885478  0.635719  0.754978  0.692287  0.479881  0.210527  0.662793  0.385713  0.502108  0.688358  0.721325  0.551223 
6  0.525175  0.514586  0.765818  0.892578  0.867176  0.716403 0.0  0.709015  0.141671  0.715755  0.776425  0.637843  0.628636  0.587744  0.247751  0.855768  0.709474  0.583611  0.253078  0.584934  0.705040  0.835857  0.643541  0.726464  0.666623  0.663989  0.815210  0.619048  0.733374  0.870725  0.716445  0.711211  0.827081  0.820566  0.756375  0.588077  0.641448  0.716972  0.626468  0.770962  0.701107  0.615943  0.657277  0.655131  0.643871  0.826137  0.690069  0.774843  0.687789  0.666842  0.646617  0.590015  0.690166  0.639717  0.669091  0.569178  0.732483  0.723592  0.198773  0.122816  0.689414 
7  0.526731  0.522758  0.709168  0.659384  0.676119  0.732455  0.709015 0.0  0.617631  0.665723  0.442518  0.591694  0.598822  0.558146  0.694018  0.649503  0.705623  0.601431  0.757159  0.583477  0.639825  0.729089  0.702904  0.643072  0.553139  0.535502  0.806120  0.125790  0.746430  0.615123  0.629138  0.621648  0.584718  0.803447  0.710007  0.378579  0.606314  0.651093  0.756759  0.606078  0.484884  0.651855  0.301009  0.647818  0.200981  0.625185  0.229547  0.695942  0.813357  0.595266  0.477604  0.580845  0.769081  0.670910  0.762474  0.269244  0.670760  0.612992  0.650233  0.603928  0.621539 
8  0.574664  0.653715  0.884756  0.693817  0.806777  0.772548  0.141671  0.617631 0.0  0.573278  0.551075  0.761296  0.570278  0.531411  0.254962  0.828566  0.867645  0.585700  0.243840  0.616033  0.719820  0.742017  0.664402  0.749970  0.589242  0.642340  0.839419  0.630232  0.691095  0.696407  0.798769  0.633562  0.663897  0.636733  0.635303  0.610341  0.669062  0.699318  0.711760  0.763591  0.672342  0.628364  0.622866  0.741217  0.638007  0.745783  0.702080  0.711516  0.828831  0.562349  0.713049  0.586829  0.614830  0.827422  0.708868  0.655004  0.648598  0.617625  0.177408  0.096083  0.711924 
9  0.622709  0.553448  0.855395  0.899581  0.814068  0.763912  0.715755  0.665723  0.573278 0.0  0.701133  0.678275  0.574661  0.168012  0.560070  0.684716  0.755228  0.662211  0.645302  0.203091  0.815484  0.783549  0.825173  0.764019  0.661122  0.804665  0.671955  0.649319  0.779165  0.803477  0.831508  0.683663  0.666341  0.746596  0.757261  0.540173  0.184096  0.792720  0.709400  0.749400  0.271740  0.216567  0.609640  0.808660  0.654199  0.833034  0.628215  0.857603  0.797070  0.164361  0.649612  0.330213  0.742151  0.829322  0.686014  0.683819  0.833401  0.788699  0.647029  0.625584  0.687672 
10  0.544965  0.513627  0.708707  0.709168  0.753490  0.697535  0.776425  0.442518  0.551075  0.701133 0.0  0.644780  0.496718  0.651531  0.687248  0.751937  0.881256  0.583456  0.694252  0.681828  0.718370  0.703675  0.678813  0.777823  0.562525  0.506875  0.748369  0.450106  0.848042  0.764076  0.784557  0.609062  0.643256  0.739973  0.724323  0.240057  0.750813  0.738699  0.698334  0.776931  0.737457  0.616622  0.347049  0.733217  0.388989  0.726847  0.383756  0.805706  0.777339  0.578933  0.210417  0.666166  0.645872  0.682625  0.630119  0.336727  0.741445  0.746035  0.646533  0.704705  0.657526 
11  0.539927  0.493800  0.770560  0.658442  0.622056  0.725717  0.637843  0.591694  0.761296  0.678275  0.644780 0.0  0.418866  0.670429  0.641288  0.634381  0.792823  0.222829  0.668428  0.610970  0.752567  0.825450  0.826439  0.747362  0.591935  0.560582  0.776840  0.691399  0.801347  0.939184  0.762489  0.130889  0.659462  0.898020  0.821763  0.555266  0.685042  0.713067  0.612622  0.467353  0.728351  0.695933  0.621739  0.689576  0.565558  0.863069  0.561147  0.804878  0.781791  0.629639  0.598864  0.697548  0.141617  0.820605  0.833312  0.522193  0.738908  0.655851  0.690967  0.664800  0.731870 
12  0.584117  0.622572  0.752705  0.674699  0.766037  0.670058  0.628636  0.598822  0.570278  0.574661  0.496718  0.418866 0.0  0.573706  0.661832  0.586169  0.675353  0.450765  0.636995  0.489493  0.592441  0.816940  0.716687  0.667291  0.582895  0.595054  0.770130  0.581012  0.736256  0.862903  0.794769  0.364400  0.569105  0.780488  0.690911  0.444113  0.624914  0.762822  0.684522  0.711936  0.725109  0.721625  0.523157  0.764491  0.493793  0.629100  0.610306  0.599784  0.774927  0.516098  0.524404  0.653302  0.406304  0.715876  0.655594  0.606039  0.759569  0.703186  0.637290  0.544121  0.562650 
13  0.582147  0.526696  0.916838  0.791251  0.820851  0.705108  0.587744  0.558146  0.531411  0.168012  0.651531  0.670429  0.573706 0.0  0.603308  1.000000  0.768064  0.698169  0.619121  0.215376  0.656152  0.797221  0.620375  0.800918  0.583152  0.572803  0.792561  0.603710  0.777792  0.807565  0.728621  0.664041  0.638413  0.850252  0.731268  0.653746  0.194514  0.737546  0.690178  0.831471  0.257019  0.172369  0.653933  0.866233  0.654706  0.645991  0.578169  0.729368  0.731085  0.207673  0.586281  0.289419  0.709294  0.618156  0.813038  0.643299  0.861966  0.868845  0.513549  0.625664  0.819347 
14  0.567316  0.543046  0.808420  0.845214  0.771250  0.744232  0.247751  0.694018  0.254962  0.560070  0.687248  0.641288  0.661832  0.603308 0.0  0.764474  0.848843  0.505654  0.118959  0.626715  0.765223  0.687516  0.654354  0.823547  0.557805  0.603737  0.877828  0.750800  0.672294  0.840272  0.787445  0.671744  0.794833  0.795383  0.675655  0.647271  0.636314  0.830034  0.768254  0.800667  0.628537  0.612256  0.619402  0.835394  0.607662  0.723195  0.815897  0.696833  0.886621  0.649341  0.743558  0.578378  0.758566  0.800419  0.705806  0.638897  0.783258  0.818904  0.313053  0.236387  0.685177 
15  0.641628  0.530911  0.344746  0.339332  0.307571  0.338443  0.855768  0.649503  0.828566  0.684716  0.751937  0.634381  0.586169  1.000000  0.764474 0.0  0.216721  0.592830  0.805380  0.793607  0.310102  0.369265  0.438604  0.318376  0.698345  0.796486  0.230975  0.662365  0.397479  0.246238  0.306074  0.631663  0.441371  0.373191  0.209018  0.717901  0.829295  0.260239  0.457616  0.468862  0.683778  0.730944  0.614764  0.339594  0.652134  0.184261  0.701497  0.300601  0.298524  0.814035  0.715624  0.673359  0.756354  0.528818  0.337240  0.596750  0.194817  0.436104  0.665532  0.715893  0.571098 
16  0.636717  0.568691  0.347909  0.324334  0.276726  0.379417  0.709474  0.705623  0.867645  0.755228  0.881256  0.792823  0.675353  0.768064  0.848843  0.216721 0.0  0.710892  0.869083  0.650322  0.301200  0.333529  0.620255  0.278586  0.722420  0.563905  0.241344  0.761147  0.365906  0.260029  0.262875  0.655215  0.462573  0.339541  0.175854  0.809391  0.793512  0.270403  0.569314  0.479558  0.761696  0.745698  0.534937  0.336516  0.675850  0.229815  0.571585  0.275238  0.286229  0.644184  0.748559  0.690488  0.966528  0.440270  0.341969  0.578963  0.120188  0.429828  0.744679  0.763803  0.552375 
17  0.642432  0.562300  0.818462  0.812717  0.640852  0.652204  0.583611  0.601431  0.585700  0.662211  0.583456  0.222829  0.450765  0.698169  0.505654  0.592830  0.710892 0.0  0.620761  0.789406  0.827335  0.792769  0.666375  0.692256  0.703722  0.644399  0.803855  0.646948  0.717844  0.689418  0.779673  0.174289  0.672168  0.757910  0.808300  0.700155  0.640629  0.819777  0.827758  0.853047  0.644984  0.657510  0.686934  0.759180  0.593896  0.784379  0.690818  0.705113  0.853984  0.633513  0.740370  0.634273  0.207985  0.762077  0.807454  0.603613  0.823366  0.676907  0.637432  0.584174  0.675481 
18  0.586479  0.659694  0.760237  0.866193  0.767042  0.684768  0.253078  0.757159  0.243840  0.645302  0.694252  0.668428  0.636995  0.619121  0.118959  0.805380  0.869083  0.620761 0.0  0.590186  0.745397  0.748834  0.784534  0.713193  0.561553  0.603226  0.954967  0.726943  0.730831  0.826157  0.815250  0.617999  0.688433  0.900652  0.694033  0.594867  0.666803  0.842470  0.760599  0.778676  0.714939  0.808029  0.543459  0.772505  0.797882  0.723874  0.726727  0.806420  0.746628  0.669936  0.594073  0.555014  0.688429  0.727999  0.670681  0.567759  0.788417  0.697203  0.267549  0.216686  0.725082 
19  0.570828  0.535186  0.792670  0.851375  0.739132  0.689176  0.584934  0.583477  0.616033  0.203091  0.681828  0.610970  0.489493  0.215376  0.626715  0.793607  0.650322  0.789406  0.590186 0.0  0.816587  0.730544  0.774413  0.814635  0.533924  0.648363  0.670437  0.567559  0.701557  0.784719  0.759035  0.713610  0.655317  0.710666  0.736821  0.524379  0.189230  0.703157  0.735656  0.736150  0.230335  0.228107  0.590526  0.736917  0.662046  0.696772  0.638551  0.676938  0.906048  0.158438  0.612858  0.252205  0.654963  0.667012  0.682126  0.573540  0.766037  0.714100  0.645762  0.681462  0.720410 
20  0.669055  0.556034  0.371156  0.391814  0.305433  0.207729  0.705040  0.639825  0.719820  0.815484  0.718370  0.752567  0.592441  0.656152  0.765223  0.310102  0.301200  0.827335  0.745397  0.816587 0.0  0.186940  0.547726  0.304390  0.561237  0.682163  0.368378  0.716710  0.334615  0.270225  0.286602  0.732548  0.533892  0.351117  0.322444  0.857437  0.844392  0.242482  0.509915  0.479746  0.713952  0.769771  0.604826  0.199264  0.684232  0.288594  0.785580  0.199110  0.332462  0.788148  0.743858  0.878481  0.787510  0.540206  0.183143  0.595016  0.385387  0.476137  0.668120  0.832930  0.568009 
21  0.741613  0.590012  0.306979  0.365061  0.310218  0.184724  0.835857  0.729089  0.742017  0.783549  0.703675  0.825450  0.816940  0.797221  0.687516  0.369265  0.333529  0.792769  0.748834  0.730544  0.186940 0.0  0.533167  0.358695  0.665662  0.623682  0.334735  0.718113  0.337716  0.285632  0.314604  0.683747  0.430676  0.385390  0.313176  0.691535  0.721509  0.268329  0.429608  0.471203  0.803955  0.798964  0.760932  0.202774  0.713639  0.319785  0.690384  0.183160  0.369280  0.790307  0.632331  0.700781  0.668865  0.532041  0.204171  0.694753  0.337437  0.469885  0.735167  0.789884  0.493850 
22  0.649502  0.502732  0.530384  0.589554  0.450376  0.521941  0.643541  0.702904  0.664402  0.825173  0.678813  0.826439  0.716687  0.620375  0.654354  0.438604  0.620255  0.666375  0.784534  0.774413  0.547726  0.533167 0.0  0.489457  0.604322  0.617782  0.615322  0.768105  0.592790  0.478645  0.575050  0.778343  0.410218  0.505091  0.480765  0.758671  0.704487  0.507501  0.234336  0.315536  0.656804  0.729285  0.692550  0.550043  0.610047  0.562459  0.560468  0.454551  0.518489  0.666344  0.622152  0.649470  0.806935  0.221614  0.496541  0.586144  0.512593  0.332729  0.750629  0.681966  0.194017 
23  0.706752  0.533463  0.314690  0.314115  0.267500  0.290345  0.726464  0.643072  0.749970  0.764019  0.777823  0.747362  0.667291  0.800918  0.823547  0.318376  0.278586  0.692256  0.713193  0.814635  0.304390  0.358695  0.489457 0.0  0.717153  0.616747  0.277651  0.592835  0.311812  0.251379  0.220753  0.716679  0.476100  0.374881  0.286742  0.576600  0.769948  0.248790  0.472137  0.448794  0.651912  0.734391  0.548739  0.283358  0.800646  0.304560  0.781561  0.286123  0.270163  0.698922  0.700128  0.703644  0.796445  0.442153  0.293690  0.585968  0.308582  0.415279  0.770080  0.743851  0.529078 
24  0.605759  0.524098  0.635526  0.700664  0.618884  0.644010  0.666623  0.553139  0.589242  0.661122  0.562525  0.591935  0.582895  0.583152  0.557805  0.698345  0.722420  0.703722  0.561553  0.533924  0.561237  0.665662  0.604322  0.717153 0.0  0.114657  0.632374  0.714577  0.569334  0.621870  0.816308  0.629405  0.728818  0.707085  0.598441  0.554946  0.616188  0.760481  0.572866  0.623949  0.489090  0.627089  0.496325  0.648248  0.589989  0.809850  0.672571  0.636363  0.666081  0.670744  0.594514  0.523595  0.530584  0.623283  0.587651  0.499670  0.643027  0.589052  0.619262  0.532358  0.691874 
25  0.546768  0.497324  0.775635  0.662589  0.655565  0.629362  0.663989  0.535502  0.642340  0.804665  0.506875  0.560582  0.595054  0.572803  0.603737  0.796486  0.563905  0.644399  0.603226  0.648363  0.682163  0.623682  0.617782  0.616747  0.114657 0.0  0.684010  0.605165  0.730306  0.677748  0.599959  0.544713  0.612094  0.708008  0.613492  0.619525  0.602839  0.656187  0.635197  0.646414  0.652355  0.593229  0.651555  0.638235  0.530533  0.642349  0.578299  0.607102  0.585226  0.651614  0.603040  0.608657  0.654738  0.633947  0.577403  0.556469  0.625425  0.525681  0.451970  0.691376  0.551684 
26  0.654952  0.586114  0.436772  0.309953  0.341115  0.386291  0.815210  0.806120  0.839419  0.671955  0.748369  0.776840  0.770130  0.792561  0.877828  0.230975  0.241344  0.803855  0.954967  0.670437  0.368378  0.334735  0.615322  0.277651  0.632374  0.684010 0.0  0.632976  0.317608  0.211162  0.309151  0.719026  0.419038  0.306906  0.218845  0.796595  0.907135  0.291897  0.576671  0.468758  0.728076  0.779386  0.581434  0.387803  0.789431  0.249506  0.757898  0.382239  0.319827  0.692263  0.691336  0.747073  0.869566  0.531808  0.339256  0.539192  0.268407  0.458428  0.699809  0.796546  0.515444 
27  0.524917  0.488856  0.766534  0.934122  0.833983  0.765131  0.619048  0.125790  0.630232  0.649319  0.450106  0.691399  0.581012  0.603710  0.750800  0.662365  0.761147  0.646948  0.726943  0.567559  0.716710  0.718113  0.768105  0.592835  0.714577  0.605165  0.632976 0.0  0.759538  0.804333  0.774886  0.677459  0.535245  0.720825  0.734624  0.368719  0.620717  0.673410  0.717811  0.663025  0.571231  0.680877  0.364999  0.768517  0.228458  0.734418  0.260506  0.623509  0.749617  0.580235  0.468202  0.669785  0.491436  0.738130  0.769095  0.293446  0.678057  0.613880  0.768805  0.612928  0.692738 
28  0.675896  0.605246  0.249318  0.236340  0.165416  0.331239  0.733374  0.746430  0.691095  0.779165  0.848042  0.801347  0.736256  0.777792  0.672294  0.397479  0.365906  0.717844  0.730831  0.701557  0.334615  0.337716  0.592790  0.311812  0.569334  0.730306  0.317608  0.759538 0.0  0.307254  0.315107  0.721076  0.560610  0.239201  0.325676  0.594522  0.827016  0.267787  0.513576  0.443964  0.691424  0.851469  0.602535  0.374759  0.700448  0.344231  0.723553  0.350217  0.323808  0.875631  0.814325  0.725704  0.861350  0.492851  0.324242  0.748852  0.297613  0.475181  0.677241  0.869442  0.465162 
29  0.683135  0.558947  0.312910  0.225739  0.283775  0.276033  0.870725  0.615123  0.696407  0.803477  0.764076  0.939184  0.862903  0.807565  0.840272  0.246238  0.260029  0.689418  0.826157  0.784719  0.270225  0.285632  0.478645  0.251379  0.621870  0.677748  0.211162  0.804333  0.307254 0.0  0.275443  0.768570  0.457246  0.305147  0.283541  0.686458  0.745681  0.255238  0.506034  0.380037  0.773052  0.811081  0.559454  0.279053  0.697019  0.319516  0.667037  0.251152  0.290612  0.789963  0.608704  0.747009  0.710206  0.433342  0.259128  0.736434  0.228449  0.412563  0.740988  0.729204  0.515984 
30  0.610483  0.485273  0.289261  0.406842  0.303753  0.327858  0.716445  0.629138  0.798769  0.831508  0.784557  0.762489  0.794769  0.728621  0.787445  0.306074  0.262875  0.779673  0.815250  0.759035  0.286602  0.314604  0.575050  0.220753  0.816308  0.599959  0.309151  0.774886  0.315107  0.275443 0.0  0.772607  0.516736  0.263194  0.326166  0.786891  0.968422  0.316533  0.440288  0.497196  0.767915  0.849496  0.741542  0.283164  0.789005  0.408337  0.757023  0.332974  0.276237  0.795483  0.792288  0.895409  0.826151  0.397868  0.287171  0.724994  0.331213  0.539397  0.720270  0.771848  0.515592 
31  0.665853  0.613111  0.788859  0.849294  0.754585  0.741171  0.711211  0.621648  0.633562  0.683663  0.609062  0.130889  0.364400  0.664041  0.671744  0.631663  0.655215  0.174289  0.617999  0.713610  0.732548  0.683747  0.778343  0.716679  0.629405  0.544713  0.719026  0.677459  0.721076  0.768570  0.772607 0.0  0.611347  0.825799  0.718630  0.555141  0.754008  0.756468  0.771456  0.788229  0.637642  0.671634  0.616215  0.814830  0.600349  0.644848  0.646363  0.755109  0.856609  0.569417  0.534361  0.795175  0.131876  0.752972  0.856201  0.570226  0.686523  0.846002  0.644623  0.567439  0.758664 
32  0.540649  0.497187  0.510180  0.607552  0.372378  0.522398  0.827081  0.584718  0.663897  0.666341  0.643256  0.659462  0.569105  0.638413  0.794833  0.441371  0.462573  0.672168  0.688433  0.655317  0.533892  0.430676  0.410218  0.476100  0.728818  0.612094  0.419038  0.535245  0.560610  0.457246  0.516736  0.611347 0.0  0.521480  0.446409  0.599830  0.608268  0.436281  0.329133  0.208477  0.598568  0.656900  0.604522  0.468605  0.653465  0.375428  0.628327  0.406985  0.475876  0.748672  0.664356  0.631598  0.798548  0.337805  0.455719  0.516948  0.550923  0.242210  0.731056  0.609564  0.292350 
33  0.731056  0.630752  0.238829  0.240787  0.240996  0.353404  0.820566  0.803447  0.636733  0.746596  0.739973  0.898020  0.780488  0.850252  0.795383  0.373191  0.339541  0.757910  0.900652  0.710666  0.351117  0.385390  0.505091  0.374881  0.707085  0.708008  0.306906  0.720825  0.239201  0.305147  0.263194  0.825799  0.521480 0.0  0.324616  0.785815  0.853502  0.311641  0.457275  0.525985  0.782709  0.725231  0.654741  0.286005  0.629172  0.389565  0.800358  0.398828  0.308538  0.765377  0.686711  0.780496  0.846343  0.488088  0.344741  0.624342  0.372678  0.486774  0.826529  0.733972  0.449862 
34  0.631425  0.505079  0.337045  0.310789  0.240968  0.331778  0.756375  0.710007  0.635303  0.757261  0.724323  0.821763  0.690911  0.731268  0.675655  0.209018  0.175854  0.808300  0.694033  0.736821  0.322444  0.313176  0.480765  0.286742  0.598441  0.613492  0.218845  0.734624  0.325676  0.283541  0.326166  0.718630  0.446409  0.324616 0.0  0.740163  0.680490  0.245021  0.529669  0.411143  0.658147  0.781079  0.682587  0.318788  0.681289  0.215462  0.719875  0.265658  0.368420  0.918266  0.737470  0.749147  0.847990  0.539767  0.289330  0.575274  0.187123  0.412426  0.774609  0.578732  0.474878 
35  0.544818  0.591132  0.831859  0.641057  0.704896  0.724626  0.588077  0.378579  0.610341  0.540173  0.240057  0.555266  0.444113  0.653746  0.647271  0.717901  0.809391  0.700155  0.594867  0.524379  0.857437  0.691535  0.758671  0.576600  0.554946  0.619525  0.796595  0.368719  0.594522  0.686458  0.786891  0.555141  0.599830  0.785815  0.740163 0.0  0.568961  0.815800  0.640713  0.734323  0.563743  0.689228  0.301921  0.773817  0.358429  0.647758  0.380063  0.657975  0.732622  0.645313  0.240407  0.614961  0.689723  0.683916  0.797719  0.314755  0.728790  0.669254  0.723582  0.660781  0.707201 
36  0.536247  0.517916  0.898148  0.691016  0.763888  0.758094  0.641448  0.606314  0.669062  0.184096  0.750813  0.685042  0.624914  0.194514  0.636314  0.829295  0.793512  0.640629  0.666803  0.189230  0.844392  0.721509  0.704487  0.769948  0.616188  0.602839  0.907135  0.620717  0.827016  0.745681  0.968422  0.754008  0.608268  0.853502  0.680490  0.568961 0.0  0.819876  0.680969  0.666685  0.278356  0.240347  0.607953  0.616720  0.677138  0.744747  0.559152  0.857096  0.809342  0.116555  0.671408  0.255947  0.805622  0.771808  0.765297  0.483023  0.708531  0.756880  0.680935  0.606530  0.848342 
37  0.634785  0.517373  0.318463  0.314723  0.254107  0.256741  0.716972  0.651093  0.699318  0.792720  0.738699  0.713067  0.762822  0.737546  0.830034  0.260239  0.270403  0.819777  0.842470  0.703157  0.242482  0.268329  0.507501  0.248790  0.760481  0.656187  0.291897  0.673410  0.267787  0.255238  0.316533  0.756468  0.436281  0.311641  0.245021  0.815800  0.819876 0.0  0.448710  0.378820  0.777937  0.774929  0.574504  0.234749  0.766432  0.298087  0.719634  0.276013  0.334659  0.767021  0.732201  0.707632  0.750538  0.399366  0.257504  0.658375  0.275881  0.350414  0.702263  0.832569  0.390152 
38  0.691243  0.480923  0.497036  0.473006  0.522228  0.474235  0.626468  0.756759  0.711760  0.709400  0.698334  0.612622  0.684522  0.690178  0.768254  0.457616  0.569314  0.827758  0.760599  0.735656  0.509915  0.429608  0.234336  0.472137  0.572866  0.635197  0.576671  0.717811  0.513576  0.506034  0.440288  0.771456  0.329133  0.457275  0.529669  0.640713  0.680969  0.448710 0.0  0.339482  0.805008  0.591449  0.604801  0.511760  0.541026  0.524939  0.621137  0.555758  0.493927  0.797464  0.709383  0.699690  0.651094  0.106875  0.539846  0.582632  0.539292  0.363112  0.714441  0.620247  0.281640 
39  0.681804  0.520833  0.480271  0.475219  0.396232  0.491530  0.770962  0.606078  0.763591  0.749400  0.776931  0.467353  0.711936  0.831471  0.800667  0.468862  0.479558  0.853047  0.778676  0.736150  0.479746  0.471203  0.315536  0.448794  0.623949  0.646414  0.468758  0.663025  0.443964  0.380037  0.497196  0.788229  0.208477  0.525985  0.411143  0.734323  0.666685  0.378820  0.339482 0.0  0.600301  0.853532  0.604761  0.470174  0.616586  0.518608  0.720713  0.427909  0.471435  0.742402  0.661673  0.675774  0.676806  0.371654  0.471187  0.624621  0.522834  0.174912  0.708691  0.756649  0.304958 
40  0.554284  0.469482  0.777322  0.723317  0.710794  0.721752  0.701107  0.484884  0.672342  0.271740  0.737457  0.728351  0.725109  0.257019  0.628537  0.683778  0.761696  0.644984  0.714939  0.230335  0.713952  0.803955  0.656804  0.651912  0.489090  0.652355  0.728076  0.571231  0.691424  0.773052  0.767915  0.637642  0.598568  0.782709  0.658147  0.563743  0.278356  0.777937  0.805008  0.600301 0.0  0.269737  0.556896  0.718086  0.684587  0.622261  0.543167  0.635680  0.600057  0.244340  0.597714  0.249798  0.573932  0.559027  0.744286  0.500382  0.705792  0.603893  0.667304  0.570894  0.653573 
41  0.508248  0.463214  0.946422  0.710113  0.743267  0.742064  0.615943  0.651855  0.628364  0.216567  0.616622  0.695933  0.721625  0.172369  0.612256  0.730944  0.745698  0.657510  0.808029  0.228107  0.769771  0.798964  0.729285  0.734391  0.627089  0.593229  0.779386  0.680877  0.851469  0.811081  0.849496  0.671634  0.656900  0.725231  0.781079  0.689228  0.240347  0.774929  0.591449  0.853532  0.269737 0.0  0.604787  0.804556  0.570147  0.802951  0.594635  0.780080  0.667341  0.240473  0.725270  0.308518  0.721671  0.760593  0.801641  0.530021  0.830037  0.706435  0.634864  0.618262  0.734105 
42  0.513350  0.505208  0.717012  0.711453  0.616336  0.649235  0.657277  0.301009  0.622866  0.609640  0.347049  0.621739  0.523157  0.653933  0.619402  0.614764  0.534937  0.686934  0.543459  0.590526  0.604826  0.760932  0.692550  0.548739  0.496325  0.651555  0.581434  0.364999  0.602535  0.559454  0.741542  0.616215  0.604522  0.654741  0.682587  0.301921  0.607953  0.574504  0.604801  0.604761  0.556896  0.604787 0.0  0.626669  0.287817  0.623554  0.304356  0.666280  0.744263  0.596200  0.360693  0.563694  0.549714  0.719802  0.746527  0.120173  0.654337  0.462077  0.578146  0.584351  0.548896 
43  0.632707  0.462587  0.326744  0.353759  0.298520  0.178064  0.655131  0.647818  0.741217  0.808660  0.733217  0.689576  0.764491  0.866233  0.835394  0.339594  0.336516  0.759180  0.772505  0.736917  0.199264  0.202774  0.550043  0.283358  0.648248  0.638235  0.387803  0.768517  0.374759  0.279053  0.283164  0.814830  0.468605  0.286005  0.318788  0.773817  0.616720  0.234749  0.511760  0.470174  0.718086  0.804556  0.626669 0.0  0.717975  0.326426  0.694659  0.133776  0.337243  0.753603  0.593207  0.717620  0.716682  0.579649  0.177796  0.654701  0.323002  0.494843  0.727797  0.703512  0.618311 
44  0.545483  0.530668  0.882126  0.669818  0.656316  0.639209  0.643871  0.200981  0.638007  0.654199  0.388989  0.565558  0.493793  0.654706  0.607662  0.652134  0.675850  0.593896  0.797882  0.662046  0.684232  0.713639  0.610047  0.800646  0.589989  0.530533  0.789431  0.228458  0.700448  0.697019  0.789005  0.600349  0.653465  0.629172  0.681289  0.358429  0.677138  0.766432  0.541026  0.616586  0.684587  0.570147  0.287817  0.717975 0.0  0.735536  0.127257  0.666662  0.775333  0.655916  0.361578  0.661292  0.726489  0.592186  0.794596  0.302651  0.622752  0.688259  0.690320  0.628038  0.642925 
45  0.761804  0.608841  0.393531  0.355265  0.297768  0.330145  0.826137  0.625185  0.745783  0.833034  0.726847  0.863069  0.629100  0.645991  0.723195  0.184261  0.229815  0.784379  0.723874  0.696772  0.288594  0.319785  0.562459  0.304560  0.809850  0.642349  0.249506  0.734418  0.344231  0.319516  0.408337  0.644848  0.375428  0.389565  0.215462  0.647758  0.744747  0.298087  0.524939  0.518608  0.622261  0.802951  0.623554  0.326426  0.735536 0.0  0.720401  0.370986  0.320380  0.834167  0.618014  0.823579  0.699670  0.564798  0.337925  0.688866  0.272118  0.404701  0.841583  0.729758  0.499553 
46  0.592800  0.585845  0.747144  0.715428  0.713995  0.807952  0.690069  0.229547  0.702080  0.628215  0.383756  0.561147  0.610306  0.578169  0.815897  0.701497  0.571585  0.690818  0.726727  0.638551  0.785580  0.690384  0.560468  0.781561  0.672571  0.578299  0.757898  0.260506  0.723553  0.667037  0.757023  0.646363  0.628327  0.800358  0.719875  0.380063  0.559152  0.719634  0.621137  0.720713  0.543167  0.594635  0.304356  0.694659  0.127257  0.720401 0.0  0.619306  0.652718  0.725429  0.463260  0.702594  0.708059  0.606685  0.717008  0.300999  0.709737  0.627947  0.743399  0.708707  0.672304 
47  0.652431  0.485764  0.361674  0.344622  0.261215  0.158037  0.774843  0.695942  0.711516  0.857603  0.805706  0.804878  0.599784  0.729368  0.696833  0.300601  0.275238  0.705113  0.806420  0.676938  0.199110  0.183160  0.454551  0.286123  0.636363  0.607102  0.382239  0.623509  0.350217  0.251152  0.332974  0.755109  0.406985  0.398828  0.265658  0.657975  0.857096  0.276013  0.555758  0.427909  0.635680  0.780080  0.666280  0.133776  0.666662  0.370986  0.619306 0.0  0.291054  0.685578  0.676486  0.670331  0.767052  0.472948  0.177477  0.514427  0.301872  0.371467  0.823148  0.736658  0.494382 
48  0.723284  0.621533  0.251567  0.310133  0.326679  0.367519  0.687789  0.813357  0.828831  0.797070  0.777339  0.781791  0.774927  0.731085  0.886621  0.298524  0.286229  0.853984  0.746628  0.906048  0.332462  0.369280  0.518489  0.270163  0.666081  0.585226  0.319827  0.749617  0.323808  0.290612  0.276237  0.856609  0.475876  0.308538  0.368420  0.732622  0.809342  0.334659  0.493927  0.471435  0.600057  0.667341  0.744263  0.337243  0.775333  0.320380  0.652718  0.291054 0.0  0.853133  0.797930  0.773688  0.861225  0.470945  0.285955  0.721519  0.286522  0.471482  0.693343  0.662154  0.541003 
49  0.586573  0.468187  0.937675  0.714198  0.897804  0.885478  0.666842  0.595266  0.562349  0.164361  0.578933  0.629639  0.516098  0.207673  0.649341  0.814035  0.644184  0.633513  0.669936  0.158438  0.788148  0.790307  0.666344  0.698922  0.670744  0.651614  0.692263  0.580235  0.875631  0.789963  0.795483  0.569417  0.748672  0.765377  0.918266  0.645313  0.116555  0.767021  0.797464  0.742402  0.244340  0.240473  0.596200  0.753603  0.655916  0.834167  0.725429  0.685578  0.853133 0.0  0.767498  0.274626  0.665789  0.769746  0.734495  0.603200  0.783998  0.721467  0.686068  0.574019  0.588853 
50  0.557278  0.503303  0.673741  0.778303  0.837915  0.635719  0.646617  0.477604  0.713049  0.649612  0.210417  0.598864  0.524404  0.586281  0.743558  0.715624  0.748559  0.740370  0.594073  0.612858  0.743858  0.632331  0.622152  0.700128  0.594514  0.603040  0.691336  0.468202  0.814325  0.608704  0.792288  0.534361  0.664356  0.686711  0.737470  0.240407  0.671408  0.732201  0.709383  0.661673  0.597714  0.725270  0.360693  0.593207  0.361578  0.618014  0.463260  0.676486  0.797930  0.767498 0.0  0.651329  0.574510  0.646222  0.643282  0.351587  0.746470  0.687150  0.756828  0.673698  0.632257 
51  0.516654  0.542629  0.741234  0.835987  0.834955  0.754978  0.590015  0.580845  0.586829  0.330213  0.666166  0.697548  0.653302  0.289419  0.578378  0.673359  0.690488  0.634273  0.555014  0.252205  0.878481  0.700781  0.649470  0.703644  0.523595  0.608657  0.747073  0.669785  0.725704  0.747009  0.895409  0.795175  0.631598  0.780496  0.749147  0.614961  0.255947  0.707632  0.699690  0.675774  0.249798  0.308518  0.563694  0.717620  0.661292  0.823579  0.702594  0.670331  0.773688  0.274626  0.651329 0.0  0.664058  0.648134  0.821066  0.631384  0.618971  0.720941  0.712083  0.647871  0.811745 
52  0.577828  0.489882  0.808002  0.877828  0.938999  0.692287  0.690166  0.769081  0.614830  0.742151  0.645872  0.141617  0.406304  0.709294  0.758566  0.756354  0.966528  0.207985  0.688429  0.654963  0.787510  0.668865  0.806935  0.796445  0.530584  0.654738  0.869566  0.491436  0.861350  0.710206  0.826151  0.131876  0.798548  0.846343  0.847990  0.689723  0.805622  0.750538  0.651094  0.676806  0.573932  0.721671  0.549714  0.716682  0.726489  0.699670  0.708059  0.767052  0.861225  0.665789  0.574510  0.664058 0.0  0.627621  0.858342  0.546846  0.718454  0.705166  0.693414  0.606307  0.749093 
53  0.568371  0.572367  0.532164  0.524741  0.474516  0.479881  0.639717  0.670910  0.827422  0.829322  0.682625  0.820605  0.715876  0.618156  0.800419  0.528818  0.440270  0.762077  0.727999  0.667012  0.540206  0.532041  0.221614  0.442153  0.623283  0.633947  0.531808  0.738130  0.492851  0.433342  0.397868  0.752972  0.337805  0.488088  0.539767  0.683916  0.771808  0.399366  0.106875  0.371654  0.559027  0.760593  0.719802  0.579649  0.592186  0.564798  0.606685  0.472948  0.470945  0.769746  0.646222  0.648134  0.627621 0.0  0.542533  0.614949  0.536614  0.355871  0.673766  0.743195  0.284693 
54  0.523332  0.485060  0.308273  0.355069  0.313544  0.210527  0.669091  0.762474  0.708868  0.686014  0.630119  0.833312  0.655594  0.813038  0.705806  0.337240  0.341969  0.807454  0.670681  0.682126  0.183143  0.204171  0.496541  0.293690  0.587651  0.577403  0.339256  0.769095  0.324242  0.259128  0.287171  0.856201  0.455719  0.344741  0.289330  0.797719  0.765297  0.257504  0.539846  0.471187  0.744286  0.801641  0.746527  0.177796  0.794596  0.337925  0.717008  0.177477  0.285955  0.734495  0.643282  0.821066  0.858342  0.542533 0.0  0.684364  0.323850  0.411799  0.780990  0.606815  0.469127 
55  0.595700  0.453734  0.637335  0.704636  0.559579  0.662793  0.569178  0.269244  0.655004  0.683819  0.336727  0.522193  0.606039  0.643299  0.638897  0.596750  0.578963  0.603613  0.567759  0.573540  0.595016  0.694753  0.586144  0.585968  0.499670  0.556469  0.539192  0.293446  0.748852  0.736434  0.724994  0.570226  0.516948  0.624342  0.575274  0.314755  0.483023  0.658375  0.582632  0.624621  0.500382  0.530021  0.120173  0.654701  0.302651  0.688866  0.300999  0.514427  0.721519  0.603200  0.351587  0.631384  0.546846  0.614949  0.684364 0.0  0.654047  0.640106  0.689864  0.614525  0.671984 
56  0.689599  0.467740  0.350145  0.394119  0.277506  0.385713  0.732483  0.670760  0.648598  0.833401  0.741445  0.738908  0.759569  0.861966  0.783258  0.194817  0.120188  0.823366  0.788417  0.766037  0.385387  0.337437  0.512593  0.308582  0.643027  0.625425  0.268407  0.678057  0.297613  0.228449  0.331213  0.686523  0.550923  0.372678  0.187123  0.728790  0.708531  0.275881  0.539292  0.522834  0.705792  0.830037  0.654337  0.323002  0.622752  0.272118  0.709737  0.301872  0.286522  0.783998  0.746470  0.618971  0.718454  0.536614  0.323850  0.654047 0.0  0.578819  0.747582  0.737235  0.578055 
57  0.726200  0.606792  0.423145  0.466803  0.453933  0.502108  0.723592  0.612992  0.617625  0.788699  0.746035  0.655851  0.703186  0.868845  0.818904  0.436104  0.429828  0.676907  0.697203  0.714100  0.476137  0.469885  0.332729  0.415279  0.589052  0.525681  0.458428  0.613880  0.475181  0.412563  0.539397  0.846002  0.242210  0.486774  0.412426  0.669254  0.756880  0.350414  0.363112  0.174912  0.603893  0.706435  0.462077  0.494843  0.688259  0.404701  0.627947  0.371467  0.471482  0.721467  0.687150  0.720941  0.705166  0.355871  0.411799  0.640106  0.578819 0.0  0.734159  0.856673  0.445455 
58  0.576063  0.534792  0.676859  0.793288  0.738250  0.688358  0.198773  0.650233  0.177408  0.647029  0.646533  0.690967  0.637290  0.513549  0.313053  0.665532  0.744679  0.637432  0.267549  0.645762  0.668120  0.735167  0.750629  0.770080  0.619262  0.451970  0.699809  0.768805  0.677241  0.740988  0.720270  0.644623  0.731056  0.826529  0.774609  0.723582  0.680935  0.702263  0.714441  0.708691  0.667304  0.634864  0.578146  0.727797  0.690320  0.841583  0.743399  0.823148  0.693343  0.686068  0.756828  0.712083  0.693414  0.673766  0.780990  0.689864  0.747582  0.734159 0.0  0.177625  0.691992 
59  0.484996  0.565440  0.851804  0.762128  0.763518  0.721325  0.122816  0.603928  0.096083  0.625584  0.704705  0.664800  0.544121  0.625664  0.236387  0.715893  0.763803  0.584174  0.216686  0.681462  0.832930  0.789884  0.681966  0.743851  0.532358  0.691376  0.796546  0.612928  0.869442  0.729204  0.771848  0.567439  0.609564  0.733972  0.578732  0.660781  0.606530  0.832569  0.620247  0.756649  0.570894  0.618262  0.584351  0.703512  0.628038  0.729758  0.708707  0.736658  0.662154  0.574019  0.673698  0.647871  0.606307  0.743195  0.606815  0.614525  0.737235  0.856673  0.177625 0.0  0.721605 
60  0.614034  0.499092  0.489732  0.539366  0.480571  0.551223  0.689414  0.621539  0.711924  0.687672  0.657526  0.731870  0.562650  0.819347  0.685177  0.571098  0.552375  0.675481  0.725082  0.720410  0.568009  0.493850  0.194017  0.529078  0.691874  0.551684  0.515444  0.692738  0.465162  0.515984  0.515592  0.758664  0.292350  0.449862  0.474878  0.707201  0.848342  0.390152  0.281640  0.304958  0.653573  0.734105  0.548896  0.618311  0.642925  0.499553  0.672304  0.494382  0.541003  0.588853  0.632257  0.811745  0.749093  0.284693  0.469127  0.671984  0.578055  0.445455  0.691992  0.721605 0.0 
