61
0 0.0  0.622828  0.662180  0.805373  0.705538  0.761510  0.665080  0.631848  0.626478  0.591115  0.674621  0.624527  0.659315  0.574672  0.626553  0.750921  0.720982  0.644070  0.693325  0.601102  0.742727  0.707194  0.643602  0.642071  0.696455  0.621191  0.736154  0.659271  0.707120  0.759401  0.730302  0.649382  0.682096  0.748348  0.687764  0.612392  0.591202  0.715254  0.607820  0.796420  0.671450  0.526958  0.525449  0.622003  0.676113  0.655134  0.526708  0.647205  0.669371  0.665711  0.666965  0.578525  0.611633  0.712427  0.669486  0.541273  0.728255  0.732603  0.803542  0.470764  0.597673 
1  0.622828 0.0  0.482063  0.604021  0.550138  0.538979  0.582280  0.555841  0.749858  0.660201  0.552494  0.467576  0.508014  0.615735  0.648668  0.583633  0.590714  0.608805  0.674148  0.572435  0.640737  0.518077  0.480492  0.510851  0.497988  0.544494  0.530471  0.590347  0.553253  0.530153  0.617989  0.566949  0.530280  0.642800  0.536558  0.573461  0.753342  0.550103  0.571187  0.523080  0.532371  0.582263  0.640592  0.538077  0.555959  0.557782  0.547105  0.391539  0.625743  0.622782  0.579111  0.481144  0.544978  0.614894  0.641125  0.505363  0.600850  0.467343  0.654665  0.616602  0.532439 
2  0.662180  0.482063 0.0  0.127553  0.335743  0.383114  0.876371  0.856917  0.845764  0.940880  0.782517  0.826792  0.763444  0.894205  0.843456  0.318156  0.294277  0.879453  0.894465  0.781746  0.355822  0.472299  0.592386  0.305051  0.749528  0.739410  0.423940  0.741119  0.245242  0.332404  0.370165  0.849962  0.688605  0.346777  0.428567  0.851726  0.888315  0.398116  0.675948  0.514204  0.876767  0.840943  0.751420  0.314005  0.902736  0.391633  0.780952  0.335088  0.428303  0.913489  0.792890  0.889181  0.837028  0.644875  0.329817  0.816366  0.343946  0.426469  0.817763  0.817954  0.629094 
3  0.805373  0.604021  0.127553 0.0  0.329124  0.388486  0.770771  0.849797  0.851710  0.880128  0.883130  0.868198  0.797793  0.897000  0.839431  0.429544  0.436093  0.855180  0.842200  0.925032  0.356127  0.380984  0.594969  0.411258  0.739212  0.798313  0.380532  0.813055  0.257790  0.378257  0.412958  0.869650  0.653496  0.243040  0.358648  0.875604  0.850898  0.387685  0.601385  0.612733  0.777470  0.837572  0.770624  0.342262  0.863987  0.451489  0.810994  0.388362  0.402864  0.926377  0.764931  0.818614  0.834027  0.567254  0.422496  0.707930  0.511599  0.585560  0.920973  0.897063  0.666643 
4  0.705538  0.550138  0.335743  0.329124 0.0  0.422785  0.875364  0.730306  0.727331  0.961990  0.619402  0.775685  0.875073  0.754654  0.772558  0.339371  0.296730  0.795529  0.822351  0.773550  0.312232  0.448121  0.650468  0.371181  0.675205  0.656473  0.294235  0.746853  0.225138  0.361873  0.365586  0.809026  0.582253  0.321162  0.318795  0.674571  0.772416  0.432360  0.525329  0.550738  0.811458  0.889555  0.688701  0.286342  0.848378  0.441576  0.724229  0.311701  0.213710  0.880320  0.787155  0.798633  0.807880  0.568285  0.357947  0.611453  0.384360  0.592213  0.867166  0.764138  0.546518 
5  0.761510  0.538979  0.383114  0.388486  0.422785 0.0  0.836923  0.697983  0.724711  0.878385  0.782669  0.817071  0.680717  0.895880  0.824840  0.282905  0.383446  0.894166  0.891624  0.871250  0.231531  0.350707  0.603773  0.340964  0.680354  0.705573  0.375193  0.863599  0.394253  0.358189  0.370798  0.850013  0.622701  0.436682  0.424235  0.769778  0.786346  0.369566  0.728151  0.545496  0.747839  0.905443  0.719759  0.236361  0.786844  0.446631  0.807142  0.227408  0.332441  0.911357  0.791146  0.795395  0.790840  0.569437  0.198116  0.654329  0.491051  0.551948  0.932059  0.766762  0.524545 
6  0.665080  0.582280  0.876371  0.770771  0.875364  0.836923 0.0  0.634083  0.095218  0.752863  0.779782  0.815801  0.628658  0.612436  0.211466  0.844691  0.839767  0.734812  0.372381  0.675068  0.860258  0.818072  0.796611  0.781899  0.648406  0.614436  0.906288  0.742461  0.901101  0.769153  0.873790  0.657866  0.770922  0.971037  0.753050  0.685975  0.647487  0.868870  0.737779  0.816543  0.696503  0.685968  0.708979  0.756667  0.725293  0.790327  0.849632  0.817422  0.837433  0.657313  0.766700  0.670569  0.740031  0.860096  0.773287  0.693557  0.755361  0.851170  0.193685  0.086052  0.838515 
7  0.631848  0.555841  0.856917  0.849797  0.730306  0.697983  0.634083 0.0  0.674150  0.804358  0.471402  0.705902  0.574913  0.671244  0.753494  0.731583  0.806701  0.750269  0.682040  0.678073  0.813925  0.749164  0.862833  0.727287  0.594664  0.683453  0.807629  0.152917  0.850980  0.886962  0.780970  0.647685  0.536844  0.787856  0.779853  0.489852  0.729546  0.793848  0.708520  0.520241  0.524544  0.722015  0.393769  0.854417  0.378291  0.709001  0.266482  0.761935  0.738782  0.729987  0.474090  0.552212  0.696535  0.794085  0.752762  0.434100  0.696792  0.584883  0.790738  0.688747  0.712787 
8  0.626478  0.749858  0.845764  0.851710  0.727331  0.724711  0.095218  0.674150 0.0  0.721224  0.664037  0.692907  0.644357  0.614723  0.200811  0.775259  0.849859  0.674571  0.241284  0.701543  0.763606  0.839630  0.741906  0.854685  0.630185  0.625526  0.811026  0.824887  0.888038  0.904121  0.689510  0.645438  0.692625  0.831771  0.749861  0.624888  0.684047  0.847551  0.680355  0.741909  0.698846  0.700041  0.651615  0.834137  0.607124  0.857156  0.769092  0.704365  0.850039  0.695716  0.691797  0.704560  0.716534  0.719104  0.740164  0.640141  0.795982  0.743149  0.230757  0.086052  0.734100 
9  0.591115  0.660201  0.940880  0.880128  0.961990  0.878385  0.752863  0.804358  0.721224 0.0  0.715034  0.763786  0.732530  0.147932  0.683689  0.837937  0.856001  0.596481  0.747297  0.273898  0.952670  0.923942  0.714326  0.874178  0.668647  0.721879  0.891353  0.677354  0.886161  0.886265  0.954680  0.801419  0.912994  0.889992  0.856971  0.790337  0.195285  0.831761  0.782614  0.890347  0.334252  0.211943  0.774100  0.883187  0.661983  0.818389  0.788365  0.898494  0.861959  0.153279  0.722181  0.402043  0.764804  0.802400  0.889737  0.637633  0.919590  0.810327  0.743095  0.585391  0.767475 
10  0.674621  0.552494  0.782517  0.883130  0.619402  0.782669  0.779782  0.471402  0.664037  0.715034 0.0  0.674025  0.570113  0.796190  0.775037  0.816024  0.759605  0.776644  0.799143  0.724576  0.772038  0.775699  0.714066  0.727892  0.530334  0.605057  0.783444  0.467095  0.831795  0.848791  0.850071  0.639015  0.688815  0.723692  0.764604  0.287403  0.705860  0.884530  0.647678  0.719507  0.853629  0.786559  0.311469  0.760097  0.340065  0.720459  0.539639  0.787957  0.670369  0.803992  0.272823  0.729046  0.826195  0.753350  0.839249  0.354666  0.777293  0.671189  0.829855  0.659192  0.815789 
11  0.624527  0.467576  0.826792  0.868198  0.775685  0.817071  0.815801  0.705902  0.692907  0.763786  0.674025 0.0  0.386043  0.709200  0.846646  0.789895  0.890024  0.236557  0.730515  0.750698  0.752454  0.879448  0.831659  0.822292  0.661169  0.600305  0.760356  0.695637  0.790587  0.817604  0.854892  0.096423  0.691280  0.866933  0.816831  0.653446  0.783187  0.795638  0.761616  0.829171  0.629166  0.729485  0.741522  0.730376  0.663196  0.841768  0.730112  0.794128  0.729410  0.719667  0.635577  0.763375  0.201477  0.775585  0.699269  0.674972  0.850198  0.734010  0.765510  0.685435  0.827928 
12  0.659315  0.508014  0.763444  0.797793  0.875073  0.680717  0.628658  0.574913  0.644357  0.732530  0.570113  0.386043 0.0  0.768246  0.671804  0.851767  0.861147  0.458502  0.686662  0.642111  0.788687  0.813338  0.800097  0.796162  0.586390  0.545746  0.733416  0.680898  0.848530  0.835033  0.835675  0.389646  0.770679  0.838804  0.832000  0.437176  0.640664  0.788175  0.975130  0.775053  0.641111  0.760117  0.662802  0.843190  0.698510  0.815229  0.682555  0.757399  0.848066  0.555682  0.477624  0.642596  0.407651  0.735366  0.795448  0.628968  0.743074  0.841922  0.702101  0.641459  0.710037 
13  0.574672  0.615735  0.894205  0.897000  0.754654  0.895880  0.612436  0.671244  0.614723  0.147932  0.796190  0.709200  0.768246 0.0  0.682614  0.826139  0.830059  0.658630  0.545605  0.267276  0.824450  0.879506  0.857384  0.762236  0.781327  0.725258  0.875695  0.770344  0.836025  0.759813  0.860862  0.753223  0.762735  0.913258  0.835488  0.619573  0.196078  0.758172  0.724695  0.925197  0.298312  0.222035  0.651060  0.895474  0.741650  0.870591  0.688127  0.793241  0.856373  0.292102  0.701591  0.401254  0.751082  0.792479  0.859013  0.684611  0.899797  0.853154  0.793990  0.605745  0.765880 
14  0.626553  0.648668  0.843456  0.839431  0.772558  0.824840  0.211466  0.753494  0.200811  0.683689  0.775037  0.846646  0.671804  0.682614 0.0  0.801947  0.873092  0.719042  0.141441  0.769859  0.946059  0.774753  0.713936  0.879447  0.654385  0.728705  0.922552  0.658741  0.818194  0.869994  0.886248  0.804724  0.816381  0.901138  0.842614  0.680980  0.835132  0.872164  0.720135  0.809927  0.542393  0.707192  0.715868  0.936828  0.721943  0.740288  0.771992  0.870178  0.784862  0.802784  0.731356  0.664118  0.786185  0.717005  0.829254  0.755993  0.949033  0.799078  0.381603  0.316541  0.813452 
15  0.750921  0.583633  0.318156  0.429544  0.339371  0.282905  0.844691  0.731583  0.775259  0.837937  0.816024  0.789895  0.851767  0.826139  0.801947 0.0  0.315615  0.732461  0.935071  0.800204  0.389551  0.480954  0.680818  0.476405  0.868276  0.758884  0.315737  0.779256  0.387078  0.311895  0.356397  0.807726  0.477979  0.350074  0.354784  0.744613  0.987705  0.396328  0.646572  0.564301  0.726414  0.786077  0.771103  0.281209  0.755997  0.322984  0.778150  0.481260  0.254079  0.807442  0.721889  0.816043  0.866351  0.521637  0.383095  0.731925  0.288454  0.472077  0.882780  0.846545  0.634018 
16  0.720982  0.590714  0.294277  0.436093  0.296730  0.383446  0.839767  0.806701  0.849859  0.856001  0.759605  0.890024  0.861147  0.830059  0.873092  0.315615 0.0  0.796851  0.763285  0.889378  0.423804  0.398144  0.681941  0.313639  0.697787  0.730901  0.181834  0.742269  0.325935  0.228560  0.316672  0.842771  0.440224  0.388678  0.260628  0.734885  0.866260  0.343552  0.600739  0.563977  0.782150  0.967213  0.738241  0.397931  0.769610  0.256516  0.724531  0.359981  0.355516  0.855149  0.872369  0.840343  0.814209  0.563262  0.369324  0.725620  0.164208  0.495716  0.850683  0.723235  0.632531 
17  0.644070  0.608805  0.879453  0.855180  0.795529  0.894166  0.734812  0.750269  0.674571  0.596481  0.776644  0.236557  0.458502  0.658630  0.719042  0.732461  0.796851 0.0  0.796902  0.759540  0.862964  0.808063  0.701442  0.752726  0.671661  0.634753  0.893455  0.771067  0.758873  0.905227  0.868975  0.227286  0.768745  0.809454  0.853685  0.803305  0.721668  0.731993  0.756071  0.747642  0.495549  0.746279  0.509344  0.781743  0.790079  0.812962  0.709433  0.772107  0.739351  0.809815  0.729326  0.776128  0.245264  0.836086  0.708975  0.692127  0.846064  0.722578  0.670993  0.778312  0.731935 
18  0.693325  0.674148  0.894465  0.842200  0.822351  0.891624  0.372381  0.682040  0.241284  0.747297  0.799143  0.730515  0.686662  0.545605  0.141441  0.935071  0.763285  0.796902 0.0  0.706288  0.899426  0.950507  0.658788  0.916304  0.622374  0.725190  0.829984  0.827025  0.916864  0.852455  0.784344  0.680747  0.753822  0.873392  0.815335  0.654706  0.604674  0.812082  0.690179  0.806879  0.713287  0.775255  0.626071  0.761991  0.773158  0.863988  0.727361  0.985249  0.909342  0.725156  0.723360  0.684387  0.826791  0.762343  0.827391  0.646095  0.818752  0.754089  0.388622  0.256492  0.806428 
19  0.601102  0.572435  0.781746  0.925032  0.773550  0.871250  0.675068  0.678073  0.701543  0.273898  0.724576  0.750698  0.642111  0.267276  0.769859  0.800204  0.889378  0.759540  0.706288 0.0  0.872755  0.792749  0.728406  0.809077  0.642803  0.681791  0.792518  0.747784  0.811544  0.883410  0.768730  0.758287  0.729073  0.806263  0.815267  0.718567  0.250638  0.841013  0.843933  0.759109  0.161080  0.216715  0.623501  0.908213  0.669863  0.861866  0.689600  0.831086  0.866042  0.194703  0.706129  0.428167  0.824609  0.683579  0.877726  0.685517  0.835693  0.830905  0.659839  0.608655  0.679661 
20  0.742727  0.640737  0.355822  0.356127  0.312232  0.231531  0.860258  0.813925  0.763606  0.952670  0.772038  0.752454  0.788687  0.824450  0.946059  0.389551  0.423804  0.862964  0.899426  0.872755 0.0  0.240702  0.698406  0.374169  0.767745  0.808830  0.343281  0.760001  0.360972  0.360174  0.216510  0.808912  0.531435  0.446288  0.302845  0.972868  0.982113  0.370235  0.621321  0.567604  0.785989  0.841772  0.776355  0.279703  0.792515  0.476124  0.841505  0.343336  0.408926  0.948773  0.738715  0.840434  0.827285  0.605832  0.184945  0.705440  0.478250  0.586939  0.810732  0.955663  0.585152 
21  0.707194  0.518077  0.472299  0.380984  0.448121  0.350707  0.818072  0.749164  0.839630  0.923942  0.775699  0.879448  0.813338  0.879506  0.774753  0.480954  0.398144  0.808063  0.950507  0.792749  0.240702 0.0  0.605695  0.379425  0.662360  0.750027  0.474248  0.809551  0.353749  0.356832  0.477856  0.919176  0.572117  0.386841  0.355480  0.728464  0.876540  0.182469  0.636373  0.447141  0.873994  0.901203  0.686980  0.218043  0.675827  0.369737  0.717216  0.217287  0.356542  0.813590  0.668254  0.789321  0.817003  0.632100  0.138212  0.803753  0.440645  0.572022  0.813786  0.747861  0.569443 
22  0.643602  0.480492  0.592386  0.594969  0.650468  0.603773  0.796611  0.862833  0.741906  0.714326  0.714066  0.831659  0.800097  0.857384  0.713936  0.680818  0.681941  0.701442  0.658788  0.728406  0.698406  0.605695 0.0  0.569267  0.650468  0.677269  0.693662  0.726124  0.659831  0.566891  0.600004  0.754859  0.373488  0.644300  0.570527  0.795392  0.726476  0.512580  0.189573  0.434298  0.704878  0.739281  0.607137  0.665911  0.641015  0.598532  0.716002  0.572088  0.568242  0.767985  0.825973  0.779178  0.770094  0.232818  0.510546  0.683816  0.636997  0.495476  0.923872  0.772469  0.254262 
23  0.642071  0.510851  0.305051  0.411258  0.371181  0.340964  0.781899  0.727287  0.854685  0.874178  0.727892  0.822292  0.796162  0.762236  0.879447  0.476405  0.313639  0.752726  0.916304  0.809077  0.374169  0.379425  0.569267 0.0  0.711474  0.689450  0.389824  0.824781  0.394395  0.315140  0.255202  0.833447  0.532294  0.486007  0.378689  0.751516  0.846995  0.338342  0.648138  0.447281  0.765785  0.738835  0.679243  0.288851  0.771354  0.398188  0.737947  0.315897  0.217521  0.905438  0.743648  0.831684  0.794178  0.621486  0.399810  0.745380  0.262575  0.562308  0.778424  0.813002  0.577293 
24  0.696455  0.497988  0.749528  0.739212  0.675205  0.680354  0.648406  0.594664  0.630185  0.668647  0.530334  0.661169  0.586390  0.781327  0.654385  0.868276  0.697787  0.671661  0.622374  0.642803  0.767745  0.662360  0.650468  0.711474 0.0  0.200495  0.737475  0.684853  0.637184  0.691109  0.702364  0.690771  0.715519  0.695767  0.657453  0.715395  0.694642  0.756099  0.533519  0.690330  0.618308  0.594264  0.591425  0.723781  0.594924  0.743005  0.649368  0.743471  0.797902  0.656480  0.550513  0.725682  0.716191  0.651215  0.791169  0.677473  0.710039  0.762193  0.683341  0.643838  0.682984 
25  0.621191  0.544494  0.739410  0.798313  0.656473  0.705573  0.614436  0.683453  0.625526  0.721879  0.605057  0.600305  0.545746  0.725258  0.728705  0.758884  0.730901  0.634753  0.725190  0.681791  0.808830  0.750027  0.677269  0.689450  0.200495 0.0  0.670957  0.555259  0.666739  0.719453  0.760970  0.687437  0.759826  0.810457  0.771829  0.551048  0.677614  0.762296  0.710257  0.690111  0.665636  0.644882  0.622666  0.638135  0.512141  0.766681  0.624109  0.712564  0.761249  0.648083  0.628309  0.669511  0.641287  0.706675  0.683798  0.606060  0.610634  0.709400  0.609134  0.607830  0.578443 
26  0.736154  0.530471  0.423940  0.380532  0.294235  0.375193  0.906288  0.807629  0.811026  0.891353  0.783444  0.760356  0.733416  0.875695  0.922552  0.315737  0.181834  0.893455  0.829984  0.792518  0.343281  0.474248  0.693662  0.389824  0.737475  0.670957 0.0  0.825050  0.403501  0.201825  0.391306  0.694869  0.565803  0.357357  0.191129  0.818799  1.000000  0.388148  0.629063  0.541184  0.867311  0.827177  0.627911  0.400087  0.752390  0.397657  0.788080  0.443674  0.315193  0.817236  0.828228  0.696517  0.894783  0.674575  0.338745  0.680882  0.248097  0.541931  0.923465  0.779549  0.709829 
27  0.659271  0.590347  0.741119  0.813055  0.746853  0.863599  0.742461  0.152917  0.824887  0.677354  0.467095  0.695637  0.680898  0.770344  0.658741  0.779256  0.742269  0.771067  0.827025  0.747784  0.760001  0.809551  0.726124  0.824781  0.684853  0.555259  0.825050 0.0  0.879150  0.875001  0.742108  0.728656  0.662369  0.711861  0.830652  0.444134  0.664001  0.768013  0.712184  0.718401  0.607638  0.741317  0.473740  0.698572  0.333784  0.725624  0.289753  0.740065  0.735905  0.708898  0.467973  0.660217  0.688529  0.830672  0.800907  0.358881  0.851690  0.701206  0.698581  0.636658  0.830863 
28  0.707120  0.553253  0.245242  0.257790  0.225138  0.394253  0.901101  0.850980  0.888038  0.886161  0.831795  0.790587  0.848530  0.836025  0.818194  0.387078  0.325935  0.758873  0.916864  0.811544  0.360972  0.353749  0.659831  0.394395  0.637184  0.666739  0.403501  0.879150 0.0  0.299453  0.433458  0.858485  0.647574  0.226227  0.409873  0.694544  0.887628  0.241556  0.567634  0.593468  0.817669  0.851153  0.692477  0.413466  0.808739  0.439352  0.794851  0.444252  0.355889  0.905103  0.759253  0.857550  0.828310  0.444014  0.408885  0.766000  0.385795  0.550588  0.856492  0.811894  0.474091 
29  0.759401  0.530153  0.332404  0.378257  0.361873  0.358189  0.769153  0.886962  0.904121  0.886265  0.848791  0.817604  0.835033  0.759813  0.869994  0.311895  0.228560  0.905227  0.852455  0.883410  0.360174  0.356832  0.566891  0.315140  0.691109  0.719453  0.201825  0.875001  0.299453 0.0  0.333274  0.797077  0.484257  0.393769  0.341167  0.818392  0.929772  0.409686  0.537774  0.407058  0.859431  0.760984  0.689194  0.264523  0.671767  0.399560  0.762853  0.267644  0.374187  0.966573  0.862738  0.764165  0.768510  0.458403  0.300484  0.762111  0.347179  0.588003  0.874649  0.845518  0.562051 
30  0.730302  0.617989  0.370165  0.412958  0.365586  0.370798  0.873790  0.780970  0.689510  0.954680  0.850071  0.854892  0.835675  0.860862  0.886248  0.356397  0.316672  0.868975  0.784344  0.768730  0.216510  0.477856  0.600004  0.255202  0.702364  0.760970  0.391306  0.742108  0.433458  0.333274 0.0  0.696444  0.491573  0.367731  0.333030  0.661501  0.832132  0.229895  0.561659  0.496423  0.750588  0.807089  0.795162  0.361903  0.828848  0.429044  0.743777  0.254752  0.321724  0.790432  0.730309  0.906865  0.774109  0.567264  0.302314  0.686299  0.298254  0.563944  0.833136  0.782778  0.559232 
31  0.649382  0.566949  0.849962  0.869650  0.809026  0.850013  0.657866  0.647685  0.645438  0.801419  0.639015  0.096423  0.389646  0.753223  0.804724  0.807726  0.842771  0.227286  0.680747  0.758287  0.808912  0.919176  0.754859  0.833447  0.690771  0.687437  0.694869  0.728656  0.858485  0.797077  0.696444 0.0  0.752775  0.826501  0.894333  0.709136  0.814178  0.705447  0.780185  0.790435  0.675938  0.808328  0.685346  0.776785  0.752216  0.906570  0.676823  0.830718  0.798973  0.676318  0.703417  0.762999  0.158973  0.786515  0.816111  0.616448  0.847236  0.820758  0.676710  0.670275  0.763979 
32  0.682096  0.530280  0.688605  0.653496  0.582253  0.622701  0.770922  0.536844  0.692625  0.912994  0.688815  0.691280  0.770679  0.762735  0.816381  0.477979  0.440224  0.768745  0.753822  0.729073  0.531435  0.572117  0.373488  0.532294  0.715519  0.759826  0.565803  0.662369  0.647574  0.484257  0.491573  0.752775 0.0  0.637973  0.505313  0.705638  0.649456  0.580122  0.365729  0.255435  0.571719  0.836664  0.659588  0.483317  0.668744  0.594181  0.794800  0.546312  0.585338  0.707388  0.793763  0.744632  0.700250  0.520712  0.514123  0.630878  0.514299  0.226567  0.788939  0.819208  0.330365 
33  0.748348  0.642800  0.346777  0.243040  0.321162  0.436682  0.971037  0.787856  0.831771  0.889992  0.723692  0.866933  0.838804  0.913258  0.901138  0.350074  0.388678  0.809454  0.873392  0.806263  0.446288  0.386841  0.644300  0.486007  0.695767  0.810457  0.357357  0.711861  0.226227  0.393769  0.367731  0.826501  0.637973 0.0  0.371488  0.838688  0.797237  0.376679  0.618268  0.521788  0.748370  0.821545  0.778280  0.363986  0.708392  0.476711  0.737231  0.495691  0.385905  0.843693  0.783498  0.821949  0.803146  0.486509  0.488110  0.747932  0.397242  0.462025  0.827301  0.691761  0.669079 
34  0.687764  0.536558  0.428567  0.358648  0.318795  0.424235  0.753050  0.779853  0.749861  0.856971  0.764604  0.816831  0.832000  0.835488  0.842614  0.354784  0.260628  0.853685  0.815335  0.815267  0.302845  0.355480  0.570527  0.378689  0.657453  0.771829  0.191129  0.830652  0.409873  0.341167  0.333030  0.894333  0.505313  0.371488 0.0  0.607628  0.824305  0.253334  0.457698  0.506141  0.772662  0.918985  0.634435  0.277324  0.740414  0.372901  0.749567  0.244989  0.400027  0.757025  0.773563  0.688429  0.869899  0.683372  0.449333  0.614240  0.116297  0.485403  0.725498  0.736717  0.624738 
35  0.612392  0.573461  0.851726  0.875604  0.674571  0.769778  0.685975  0.489852  0.624888  0.790337  0.287403  0.653446  0.437176  0.619573  0.680980  0.744613  0.734885  0.803305  0.654706  0.718567  0.972868  0.728464  0.795392  0.751516  0.715395  0.551048  0.818799  0.444134  0.694544  0.818392  0.661501  0.709136  0.705638  0.838688  0.607628 0.0  0.740384  0.652689  0.787185  0.771580  0.642786  0.761653  0.366130  0.822293  0.508691  0.702496  0.382545  0.667161  0.877958  0.766603  0.302202  0.657383  0.679182  0.681411  0.784286  0.290719  0.754100  0.748530  0.739577  0.725419  0.640658 
36  0.591202  0.753342  0.888315  0.850898  0.772416  0.786346  0.647487  0.729546  0.684047  0.195285  0.705860  0.783187  0.640664  0.196078  0.835132  0.987705  0.866260  0.721668  0.604674  0.250638  0.982113  0.876540  0.726476  0.846995  0.694642  0.677614  1.000000  0.664001  0.887628  0.929772  0.832132  0.814178  0.649456  0.797237  0.824305  0.740384 0.0  0.811215  0.727390  0.787022  0.283586  0.236608  0.644329  0.770084  0.788722  0.811385  0.690358  0.808900  0.784823  0.234074  0.640017  0.326871  0.798634  0.743097  0.835038  0.663893  0.843005  0.817803  0.788353  0.660350  0.790715 
37  0.715254  0.550103  0.398116  0.387685  0.432360  0.369566  0.868870  0.793848  0.847551  0.831761  0.884530  0.795638  0.788175  0.758172  0.872164  0.396328  0.343552  0.731993  0.812082  0.841013  0.370235  0.182469  0.512580  0.338342  0.756099  0.762296  0.388148  0.768013  0.241556  0.409686  0.229895  0.705447  0.580122  0.376679  0.253334  0.652689  0.811215 0.0  0.487999  0.414445  0.845476  0.807106  0.669987  0.246185  0.830481  0.337792  0.745636  0.359330  0.334771  0.807913  0.703111  0.879455  0.850614  0.565860  0.316825  0.702205  0.261094  0.409496  0.847691  0.740729  0.456015 
38  0.607820  0.571187  0.675948  0.601385  0.525329  0.728151  0.737779  0.708520  0.680355  0.782614  0.647678  0.761616  0.975130  0.724695  0.720135  0.646572  0.600739  0.756071  0.690179  0.843933  0.621321  0.636373  0.189573  0.648138  0.533519  0.710257  0.629063  0.712184  0.567634  0.537774  0.561659  0.780185  0.365729  0.618268  0.457698  0.787185  0.727390  0.487999 0.0  0.468630  0.641628  0.940905  0.596924  0.554505  0.754801  0.618396  0.644351  0.677321  0.516473  0.781805  0.786610  0.954567  0.729375  0.114455  0.565587  0.794178  0.638618  0.512005  0.830991  0.625978  0.350501 
39  0.796420  0.523080  0.514204  0.612733  0.550738  0.545496  0.816543  0.520241  0.741909  0.890347  0.719507  0.829171  0.775053  0.925197  0.809927  0.564301  0.563977  0.747642  0.806879  0.759109  0.567604  0.447141  0.434298  0.447281  0.690330  0.690111  0.541184  0.718401  0.593468  0.407058  0.496423  0.790435  0.255435  0.521788  0.506141  0.771580  0.787022  0.414445  0.468630 0.0  0.593507  0.881659  0.724611  0.430327  0.762463  0.540655  0.799634  0.495662  0.494993  0.783498  0.816061  0.842079  0.830572  0.349929  0.542121  0.697514  0.512777  0.220013  0.921998  0.762283  0.371123 
40  0.671450  0.532371  0.876767  0.777470  0.811458  0.747839  0.696503  0.524544  0.698846  0.334252  0.853629  0.629166  0.641111  0.298312  0.542393  0.726414  0.782150  0.495549  0.713287  0.161080  0.785989  0.873994  0.704878  0.765785  0.618308  0.665636  0.867311  0.607638  0.817669  0.859431  0.750588  0.675938  0.571719  0.748370  0.772662  0.642786  0.283586  0.845476  0.641628  0.593507 0.0  0.333540  0.731203  0.796254  0.774371  0.849749  0.676344  0.740462  0.768100  0.185379  0.684672  0.257726  0.616399  0.844076  0.704403  0.548433  0.824444  0.608547  0.689376  0.597716  0.719796 
41  0.526958  0.582263  0.840943  0.837572  0.889555  0.905443  0.685968  0.722015  0.700041  0.211943  0.786559  0.729485  0.760117  0.222035  0.707192  0.786077  0.967213  0.746279  0.775255  0.216715  0.841772  0.901203  0.739281  0.738835  0.594264  0.644882  0.827177  0.741317  0.851153  0.760984  0.807089  0.808328  0.836664  0.821545  0.918985  0.761653  0.236608  0.807106  0.940905  0.881659  0.333540 0.0  0.663333  0.790748  0.650064  0.850355  0.806280  0.799952  0.840533  0.282025  0.874730  0.344251  0.790056  0.828837  0.706176  0.681195  0.795181  0.798634  0.770947  0.631469  0.970872 
42  0.525449  0.640592  0.751420  0.770624  0.688701  0.719759  0.708979  0.393769  0.651615  0.774100  0.311469  0.741522  0.662802  0.651060  0.715868  0.771103  0.738241  0.509344  0.626071  0.623501  0.776355  0.686980  0.607137  0.679243  0.591425  0.622666  0.627911  0.473740  0.692477  0.689194  0.795162  0.685346  0.659588  0.778280  0.634435  0.366130  0.644329  0.669987  0.596924  0.724611  0.731203  0.663333 0.0  0.687343  0.399586  0.716248  0.399387  0.650290  0.724084  0.684080  0.382992  0.621767  0.629868  0.585874  0.769550  0.169062  0.634236  0.608306  0.818191  0.624039  0.685828 
43  0.622003  0.538077  0.314005  0.342262  0.286342  0.236361  0.756667  0.854417  0.834137  0.883187  0.760097  0.730376  0.843190  0.895474  0.936828  0.281209  0.397931  0.781743  0.761991  0.908213  0.279703  0.218043  0.665911  0.288851  0.723781  0.638135  0.400087  0.698572  0.413466  0.264523  0.361903  0.776785  0.483317  0.363986  0.277324  0.822293  0.770084  0.246185  0.554505  0.430327  0.796254  0.790748  0.687343 0.0  0.718115  0.340171  0.841121  0.104363  0.295079  0.896713  0.773521  0.772193  0.759843  0.581123  0.204411  0.648402  0.332900  0.452686  0.795952  0.745911  0.521327 
44  0.676113  0.555959  0.902736  0.863987  0.848378  0.786844  0.725293  0.378291  0.607124  0.661983  0.340065  0.663196  0.698510  0.741650  0.721943  0.755997  0.769610  0.790079  0.773158  0.669863  0.792515  0.675827  0.641015  0.771354  0.594924  0.512141  0.752390  0.333784  0.808739  0.671767  0.828848  0.752216  0.668744  0.708392  0.740414  0.508691  0.788722  0.830481  0.754801  0.762463  0.774371  0.650064  0.399586  0.718115 0.0  0.793924  0.208283  0.685000  0.853481  0.642469  0.447380  0.740713  0.709650  0.767555  0.810177  0.294586  0.769657  0.743401  0.710620  0.662478  0.563725 
45  0.655134  0.557782  0.391633  0.451489  0.441576  0.446631  0.790327  0.709001  0.857156  0.818389  0.720459  0.841768  0.815229  0.870591  0.740288  0.322984  0.256516  0.812962  0.863988  0.861866  0.476124  0.369737  0.598532  0.398188  0.743005  0.766681  0.397657  0.725624  0.439352  0.399560  0.429044  0.906570  0.594181  0.476711  0.372901  0.702496  0.811385  0.337792  0.618396  0.540655  0.849749  0.850355  0.716248  0.340171  0.793924 0.0  0.855718  0.367388  0.428650  0.923381  0.832547  0.847300  0.849797  0.587454  0.442925  0.684032  0.325795  0.615541  0.729278  0.853761  0.652484 
46  0.526708  0.547105  0.780952  0.810994  0.724229  0.807142  0.849632  0.266482  0.769092  0.788365  0.539639  0.730112  0.682555  0.688127  0.771992  0.778150  0.724531  0.709433  0.727361  0.689600  0.841505  0.717216  0.716002  0.737947  0.649368  0.624109  0.788080  0.289753  0.794851  0.762853  0.743777  0.676823  0.794800  0.737231  0.749567  0.382545  0.690358  0.745636  0.644351  0.799634  0.676344  0.806280  0.399387  0.841121  0.208283  0.855718 0.0  0.730568  0.872401  0.818751  0.554924  0.620570  0.710907  0.656557  0.733490  0.313990  0.767612  0.684970  0.841789  0.646926  0.631063 
47  0.647205  0.391539  0.335088  0.388362  0.311701  0.227408  0.817422  0.761935  0.704365  0.898494  0.787957  0.794128  0.757399  0.793241  0.870178  0.481260  0.359981  0.772107  0.985249  0.831086  0.343336  0.217287  0.572088  0.315897  0.743471  0.712564  0.443674  0.740065  0.444252  0.267644  0.254752  0.830718  0.546312  0.495691  0.244989  0.667161  0.808900  0.359330  0.677321  0.495662  0.740462  0.799952  0.650290  0.104363  0.685000  0.367388  0.730568 0.0  0.391860  0.878212  0.733642  0.714102  0.801013  0.643405  0.183741  0.663422  0.331199  0.491690  0.864901  0.900632  0.614807 
48  0.669371  0.625743  0.428303  0.402864  0.213710  0.332441  0.837433  0.738782  0.850039  0.861959  0.670369  0.729410  0.848066  0.856373  0.784862  0.254079  0.355516  0.739351  0.909342  0.866042  0.408926  0.356542  0.568242  0.217521  0.797902  0.761249  0.315193  0.735905  0.355889  0.374187  0.321724  0.798973  0.585338  0.385905  0.400027  0.877958  0.784823  0.334771  0.516473  0.494993  0.768100  0.840533  0.724084  0.295079  0.853481  0.428650  0.872401  0.391860 0.0  0.849898  0.818255  0.794223  0.822633  0.585510  0.348955  0.683736  0.460108  0.559252  0.998081  0.804848  0.561268 
49  0.665711  0.622782  0.913489  0.926377  0.880320  0.911357  0.657313  0.729987  0.695716  0.153279  0.803992  0.719667  0.555682  0.292102  0.802784  0.807442  0.855149  0.809815  0.725156  0.194703  0.948773  0.813590  0.767985  0.905438  0.656480  0.648083  0.817236  0.708898  0.905103  0.966573  0.790432  0.676318  0.707388  0.843693  0.757025  0.766603  0.234074  0.807913  0.781805  0.783498  0.185379  0.282025  0.684080  0.896713  0.642469  0.923381  0.818751  0.878212  0.849898 0.0  0.631652  0.315010  0.779797  0.768048  0.859409  0.673325  0.819522  0.717744  0.641624  0.568038  0.786166 
50  0.666965  0.579111  0.792890  0.764931  0.787155  0.791146  0.766700  0.474090  0.691797  0.722181  0.272823  0.635577  0.477624  0.701591  0.731356  0.721889  0.872369  0.729326  0.723360  0.706129  0.738715  0.668254  0.825973  0.743648  0.550513  0.628309  0.828228  0.467973  0.759253  0.862738  0.730309  0.703417  0.793763  0.783498  0.773563  0.302202  0.640017  0.703111  0.786610  0.816061  0.684672  0.874730  0.382992  0.773521  0.447380  0.832547  0.554924  0.733642  0.818255  0.631652 0.0  0.782248  0.700213  0.797635  0.878556  0.417129  0.751820  0.746601  0.800181  0.782952  0.723939 
51  0.578525  0.481144  0.889181  0.818614  0.798633  0.795395  0.670569  0.552212  0.704560  0.402043  0.729046  0.763375  0.642596  0.401254  0.664118  0.816043  0.840343  0.776128  0.684387  0.428167  0.840434  0.789321  0.779178  0.831684  0.725682  0.669511  0.696517  0.660217  0.857550  0.764165  0.906865  0.762999  0.744632  0.821949  0.688429  0.657383  0.326871  0.879455  0.954567  0.842079  0.257726  0.344251  0.621767  0.772193  0.740713  0.847300  0.620570  0.714102  0.794223  0.315010  0.782248 0.0  0.629636  0.769688  0.840942  0.591079  0.806799  0.773140  0.740948  0.692982  0.679297 
52  0.611633  0.544978  0.837028  0.834027  0.807880  0.790840  0.740031  0.696535  0.716534  0.764804  0.826195  0.201477  0.407651  0.751082  0.786185  0.866351  0.814209  0.245264  0.826791  0.824609  0.827285  0.817003  0.770094  0.794178  0.716191  0.641287  0.894783  0.688529  0.828310  0.768510  0.774109  0.158973  0.700250  0.803146  0.869899  0.679182  0.798634  0.850614  0.729375  0.830572  0.616399  0.790056  0.629868  0.759843  0.709650  0.849797  0.710907  0.801013  0.822633  0.779797  0.700213  0.629636 0.0  0.830978  0.788698  0.579820  0.781928  0.774227  0.685135  0.657344  0.854885 
53  0.712427  0.614894  0.644875  0.567254  0.568285  0.569437  0.860096  0.794085  0.719104  0.802400  0.753350  0.775585  0.735366  0.792479  0.717005  0.521637  0.563262  0.836086  0.762343  0.683579  0.605832  0.632100  0.232818  0.621486  0.651215  0.706675  0.674575  0.830672  0.444014  0.458403  0.567264  0.786515  0.520712  0.486509  0.683372  0.681411  0.743097  0.565860  0.114455  0.349929  0.844076  0.828837  0.585874  0.581123  0.767555  0.587454  0.656557  0.643405  0.585510  0.768048  0.797635  0.769688  0.830978 0.0  0.649588  0.835124  0.533951  0.333196  0.920787  0.681797  0.357544 
54  0.669486  0.641125  0.329817  0.422496  0.357947  0.198116  0.773287  0.752762  0.740164  0.889737  0.839249  0.699269  0.795448  0.859013  0.829254  0.383095  0.369324  0.708975  0.827391  0.877726  0.184945  0.138212  0.510546  0.399810  0.791169  0.683798  0.338745  0.800907  0.408885  0.300484  0.302314  0.816111  0.514123  0.488110  0.449333  0.784286  0.835038  0.316825  0.565587  0.542121  0.704403  0.706176  0.769550  0.204411  0.810177  0.442925  0.733490  0.183741  0.348955  0.859409  0.878556  0.840942  0.788698  0.649588 0.0  0.568983  0.365967  0.498612  0.809403  0.784256  0.585680 
55  0.541273  0.505363  0.816366  0.707930  0.611453  0.654329  0.693557  0.434100  0.640141  0.637633  0.354666  0.674972  0.628968  0.684611  0.755993  0.731925  0.725620  0.692127  0.646095  0.685517  0.705440  0.803753  0.683816  0.745380  0.677473  0.606060  0.680882  0.358881  0.766000  0.762111  0.686299  0.616448  0.630878  0.747932  0.614240  0.290719  0.663893  0.702205  0.794178  0.697514  0.548433  0.681195  0.169062  0.648402  0.294586  0.684032  0.313990  0.663422  0.683736  0.673325  0.417129  0.591079  0.579820  0.835124  0.568983 0.0  0.663596  0.610666  0.687872  0.609869  0.645922 
56  0.728255  0.600850  0.343946  0.511599  0.384360  0.491051  0.755361  0.696792  0.795982  0.919590  0.777293  0.850198  0.743074  0.899797  0.949033  0.288454  0.164208  0.846064  0.818752  0.835693  0.478250  0.440645  0.636997  0.262575  0.710039  0.610634  0.248097  0.851690  0.385795  0.347179  0.298254  0.847236  0.514299  0.397242  0.116297  0.754100  0.843005  0.261094  0.638618  0.512777  0.824444  0.795181  0.634236  0.332900  0.769657  0.325795  0.767612  0.331199  0.460108  0.819522  0.751820  0.806799  0.781928  0.533951  0.365967  0.663596 0.0  0.619525  0.865531  0.936292  0.650363 
57  0.732603  0.467343  0.426469  0.585560  0.592213  0.551948  0.851170  0.584883  0.743149  0.810327  0.671189  0.734010  0.841922  0.853154  0.799078  0.472077  0.495716  0.722578  0.754089  0.830905  0.586939  0.572022  0.495476  0.562308  0.762193  0.709400  0.541931  0.701206  0.550588  0.588003  0.563944  0.820758  0.226567  0.462025  0.485403  0.748530  0.817803  0.409496  0.512005  0.220013  0.608547  0.798634  0.608306  0.452686  0.743401  0.615541  0.684970  0.491690  0.559252  0.717744  0.746601  0.773140  0.774227  0.333196  0.498612  0.610666  0.619525 0.0  0.809098  0.801907  0.479365 
58  0.803542  0.654665  0.817763  0.920973  0.867166  0.932059  0.193685  0.790738  0.230757  0.743095  0.829855  0.765510  0.702101  0.793990  0.381603  0.882780  0.850683  0.670993  0.388622  0.659839  0.810732  0.813786  0.923872  0.778424  0.683341  0.609134  0.923465  0.698581  0.856492  0.874649  0.833136  0.676710  0.788939  0.827301  0.725498  0.739577  0.788353  0.847691  0.830991  0.921998  0.689376  0.770947  0.818191  0.795952  0.710620  0.729278  0.841789  0.864901  0.998081  0.641624  0.800181  0.740948  0.685135  0.920787  0.809403  0.687872  0.865531  0.809098 0.0  0.275737  0.885528 
59  0.470764  0.616602  0.817954  0.897063  0.764138  0.766762  0.086052  0.688747  0.086052  0.585391  0.659192  0.685435  0.641459  0.605745  0.316541  0.846545  0.723235  0.778312  0.256492  0.608655  0.955663  0.747861  0.772469  0.813002  0.643838  0.607830  0.779549  0.636658  0.811894  0.845518  0.782778  0.670275  0.819208  0.691761  0.736717  0.725419  0.660350  0.740729  0.625978  0.762283  0.597716  0.631469  0.624039  0.745911  0.662478  0.853761  0.646926  0.900632  0.804848  0.568038  0.782952  0.692982  0.657344  0.681797  0.784256  0.609869  0.936292  0.801907  0.275737 0.0  0.774862 
60  0.597673  0.532439  0.629094  0.666643  0.546518  0.524545  0.838515  0.712787  0.734100  0.767475  0.815789  0.827928  0.710037  0.765880  0.813452  0.634018  0.632531  0.731935  0.806428  0.679661  0.585152  0.569443  0.254262  0.577293  0.682984  0.578443  0.709829  0.830863  0.474091  0.562051  0.559232  0.763979  0.330365  0.669079  0.624738  0.640658  0.790715  0.456015  0.350501  0.371123  0.719796  0.970872  0.685828  0.521327  0.563725  0.652484  0.631063  0.614807  0.561268  0.786166  0.723939  0.679297  0.854885  0.357544  0.585680  0.645922  0.650363  0.479365  0.885528  0.774862 0.0 
