61
0 0.0  0.522802  0.652735  0.772174  0.602906  0.693190  0.675933  0.513040  0.538422  0.474829  0.564033  0.598813  0.593329  0.567976  0.541094  0.659951  0.645203  0.678220  0.549876  0.553090  0.592021  0.672284  0.632204  0.646158  0.610012  0.555317  0.613759  0.634568  0.602355  0.669186  0.676346  0.620432  0.489323  0.704986  0.624245  0.564257  0.521207  0.728514  0.594381  0.639461  0.469948  0.565106  0.554821  0.548006  0.619490  0.742789  0.494098  0.645590  0.589247  0.599774  0.625577  0.529626  0.518720  0.670991  0.727318  0.554561  0.634889  0.638112  0.678961  0.632002  0.584821 
1  0.522802 0.0  0.627052  0.596053  0.492494  0.503720  0.527025  0.490272  0.542954  0.564661  0.472270  0.470528  0.514630  0.653815  0.585689  0.511634  0.442645  0.553786  0.641593  0.467808  0.512633  0.485126  0.406681  0.578289  0.592116  0.498464  0.522082  0.631186  0.571490  0.534001  0.478044  0.532690  0.483126  0.540580  0.461225  0.532750  0.605938  0.424970  0.486452  0.498384  0.453694  0.545931  0.554629  0.467791  0.612486  0.536176  0.522616  0.563250  0.579663  0.535860  0.508180  0.566870  0.409541  0.540532  0.506512  0.364038  0.464778  0.524066  0.544492  0.553715  0.502705 
2  0.652735  0.627052 0.0  0.200523  0.270363  0.320890  0.864896  0.706552  0.852798  0.867748  0.754904  0.806066  0.708009  0.808191  0.748689  0.311562  0.314534  0.713606  0.851734  0.680781  0.336021  0.333240  0.562410  0.320538  0.668294  0.614204  0.371944  0.720514  0.232550  0.254813  0.335621  0.725020  0.482491  0.262385  0.288141  0.814691  0.851065  0.260076  0.502140  0.430466  0.773003  0.817372  0.823255  0.333239  0.651771  0.329025  0.748452  0.330509  0.338080  0.826467  0.792668  0.737203  0.741589  0.436830  0.335666  0.694126  0.286498  0.465523  0.645729  0.767097  0.557577 
3  0.772174  0.596053  0.200523 0.0  0.266541  0.338365  0.835222  0.639960  0.672591  0.818935  0.736057  0.701399  0.704662  0.766165  0.816522  0.418015  0.382953  0.854869  0.764127  0.797316  0.332893  0.328657  0.514935  0.341648  0.587892  0.626631  0.348695  0.758221  0.240137  0.292429  0.285185  0.805945  0.552174  0.239695  0.327496  0.678383  0.750485  0.363618  0.518827  0.524775  0.733933  0.718731  0.798144  0.351271  0.740746  0.362277  0.728366  0.301188  0.319988  1.000000  0.849009  0.723505  0.750948  0.470009  0.337771  0.771280  0.354839  0.483347  0.611525  0.628461  0.435609 
4  0.602906  0.492494  0.270363  0.266541 0.0  0.315961  0.672807  0.705993  0.645401  0.824391  0.690964  0.664421  0.752248  0.600406  0.853059  0.298732  0.257469  0.653281  0.794261  0.783647  0.290403  0.292398  0.457973  0.275268  0.646235  0.659065  0.279280  0.700584  0.180912  0.280995  0.299690  0.786351  0.354940  0.227031  0.258981  0.697333  0.633857  0.300161  0.522177  0.383863  0.621045  0.880900  0.618962  0.326149  0.646290  0.290435  0.765212  0.333426  0.267460  0.780886  0.669659  0.732851  0.694694  0.393736  0.342163  0.516709  0.272968  0.456330  0.871385  0.763069  0.495354 
5  0.693190  0.503720  0.320890  0.338365  0.315961 0.0  0.787013  0.623823  0.646881  0.721867  0.730217  0.718080  0.697803  0.855530  0.701256  0.309706  0.401210  0.727954  0.631224  0.714096  0.199850  0.188473  0.490332  0.303804  0.685057  0.601620  0.430904  0.643306  0.352723  0.258382  0.290073  0.847102  0.415999  0.309113  0.316187  0.591278  0.724643  0.261207  0.517380  0.407094  0.667324  0.659374  0.605857  0.166670  0.757834  0.384348  0.536520  0.155659  0.309551  0.853885  0.877591  0.719828  0.644411  0.442499  0.192011  0.647778  0.334612  0.474451  0.789505  0.740314  0.471332 
6  0.675933  0.527025  0.864896  0.835222  0.672807  0.787013 0.0  0.693480  0.140668  0.577084  0.700105  0.623575  0.596735  0.557288  0.296518  0.672402  0.801318  0.549637  0.251038  0.636468  0.781137  0.744828  0.641534  0.608954  0.642446  0.673223  0.822141  0.586584  0.827887  0.814028  0.735006  0.741388  0.779967  0.800694  0.638011  0.671972  0.568568  0.745929  0.661694  0.772955  0.650072  0.711917  0.655217  0.665895  0.682261  0.720389  0.623646  0.811176  0.827199  0.682848  0.683035  0.654052  0.634312  0.687333  0.659620  0.693772  0.659708  0.773277  0.202293  0.133372  0.563703 
7  0.513040  0.490272  0.706552  0.639960  0.705993  0.623823  0.693480 0.0  0.588499  0.777068  0.439026  0.639106  0.650506  0.557789  0.659416  0.784368  0.633667  0.550874  0.680636  0.535859  0.766691  0.685325  0.687288  0.774316  0.630507  0.683099  0.707094  0.128490  0.867166  0.558785  0.692063  0.654584  0.545193  0.752384  0.622313  0.358348  0.595701  0.755819  0.762982  0.570003  0.511105  0.594285  0.308264  0.650230  0.248306  0.693113  0.218683  0.887502  0.705683  0.638856  0.401891  0.540529  0.588831  0.719967  0.722171  0.296054  0.643794  0.593458  0.729319  0.588086  0.660973 
8  0.538422  0.542954  0.852798  0.672591  0.645401  0.646881  0.140668  0.588499 0.0  0.677567  0.650318  0.594070  0.693462  0.504058  0.255497  0.707290  0.714656  0.725322  0.206419  0.548497  0.666100  0.743532  0.662623  0.619629  0.605375  0.592675  0.888646  0.649702  0.775919  0.783380  0.808621  0.617152  0.653754  0.736492  0.730562  0.595292  0.595886  0.840092  0.669591  0.724640  0.583923  0.559207  0.612434  0.679029  0.691032  0.610254  0.578434  0.691366  0.695563  0.572860  0.581101  0.609708  0.648645  0.685395  0.798037  0.512075  0.656821  0.679621  0.180650  0.101000  0.707224 
9  0.474829  0.564661  0.867748  0.818935  0.824391  0.721867  0.577084  0.777068  0.677567 0.0  0.680846  0.603474  0.600467  0.181613  0.696482  0.822240  0.731103  0.752347  0.635553  0.193081  0.895457  0.909093  0.593308  0.700503  0.687571  0.564598  0.747568  0.670336  0.771733  0.728667  0.719957  0.718118  0.771800  0.765040  0.828631  0.611123  0.165263  0.682631  0.663493  0.694417  0.252939  0.222357  0.593138  0.634151  0.647145  0.734859  0.649957  0.733593  0.831427  0.162770  0.623982  0.339560  0.587174  0.676164  0.699572  0.567627  0.859359  0.699728  0.616548  0.644280  0.746977 
10  0.564033  0.472270  0.754904  0.736057  0.690964  0.730217  0.700105  0.439026  0.650318  0.680846 0.0  0.544152  0.454914  0.599548  0.615986  0.659143  0.627355  0.619726  0.593061  0.559897  0.699187  0.676432  0.656630  0.689205  0.487126  0.463311  0.813652  0.460447  0.784474  0.793923  0.797358  0.667800  0.644708  0.696545  0.728640  0.262147  0.694167  0.828215  0.653107  0.661058  0.656761  0.689851  0.295767  0.669450  0.399734  0.660115  0.415234  0.721751  0.809216  0.701874  0.232820  0.603160  0.583295  0.605190  0.552849  0.315419  0.612847  0.743660  0.653479  0.698495  0.625994 
11  0.598813  0.470528  0.806066  0.701399  0.664421  0.718080  0.623575  0.639106  0.594070  0.603474  0.544152 0.0  0.312984  0.536257  0.542419  0.835431  0.727636  0.217893  0.629294  0.581276  0.737205  0.793859  0.745209  0.732095  0.582666  0.623226  0.742534  0.625999  0.570541  0.712292  0.685345  0.130774  0.649311  0.800753  0.727688  0.607710  0.706510  0.621196  0.719272  0.755102  0.630244  0.557967  0.582745  0.798533  0.751919  0.730660  0.612485  0.689090  0.754926  0.749368  0.581341  0.672972  0.138110  0.686826  0.599210  0.597760  0.766000  0.751337  0.578738  0.585275  0.756822 
12  0.593329  0.514630  0.708009  0.704662  0.752248  0.697803  0.596735  0.650506  0.693462  0.600467  0.454914  0.312984 0.0  0.630543  0.683709  0.585826  0.801829  0.395369  0.656484  0.477672  0.760474  0.515480  0.698370  0.691051  0.707075  0.542711  0.824170  0.611672  0.639240  0.680040  0.705012  0.366931  0.594199  0.865241  0.724058  0.393947  0.699059  0.656956  0.669094  0.827118  0.596017  0.694398  0.575759  0.670832  0.670762  0.866281  0.460418  0.670913  0.754655  0.547457  0.447053  0.564008  0.394465  0.599321  0.779146  0.547196  0.578978  0.776890  0.682405  0.583633  0.651937 
13  0.567976  0.653815  0.808191  0.766165  0.600406  0.855530  0.557288  0.557789  0.504058  0.181613  0.599548  0.536257  0.630543 0.0  0.742625  0.786935  0.778103  0.576132  0.759519  0.228030  0.832499  0.822282  0.684488  0.677993  0.536043  0.577718  0.807058  0.600442  0.838862  0.673431  0.604065  0.615628  0.737545  0.849189  0.736602  0.655386  0.188923  0.681698  0.649417  0.766423  0.263356  0.143341  0.694056  0.761425  0.593567  0.756042  0.613910  0.762939  0.610579  0.177665  0.665911  0.289506  0.638298  0.716083  0.849051  0.574320  0.616167  0.807355  0.673251  0.601109  0.769627 
14  0.541094  0.585689  0.748689  0.816522  0.853059  0.701256  0.296518  0.659416  0.255497  0.696482  0.615986  0.542419  0.683709  0.742625 0.0  0.779457  0.747718  0.616925  0.115801  0.594811  0.814245  0.803295  0.566605  0.751620  0.557729  0.721479  0.695063  0.649201  0.800235  0.784291  0.710806  0.643421  0.610030  0.726138  0.902195  0.635453  0.615480  0.679800  0.792501  0.609512  0.629708  0.736884  0.570916  0.729110  0.574344  0.782935  0.683237  0.753084  0.740033  0.647471  0.585703  0.625819  0.646054  0.599009  0.759694  0.674871  0.779358  0.663137  0.264305  0.242822  0.638215 
15  0.659951  0.511634  0.311562  0.418015  0.298732  0.309706  0.672402  0.784368  0.707290  0.822240  0.659143  0.835431  0.585826  0.786935  0.779457 0.0  0.204618  0.821694  0.745948  0.652290  0.359699  0.332033  0.487337  0.305058  0.659107  0.577278  0.253723  0.540622  0.347445  0.275114  0.346101  0.637908  0.511889  0.313002  0.215418  0.685303  0.779579  0.278861  0.551916  0.408428  0.637735  0.692102  0.666167  0.283088  0.611116  0.212096  0.649744  0.303267  0.295110  0.686293  0.775290  0.810509  0.746154  0.481544  0.318226  0.591991  0.204182  0.395197  0.807109  0.694553  0.390617 
16  0.645203  0.442645  0.314534  0.382953  0.257469  0.401210  0.801318  0.633667  0.714656  0.731103  0.627355  0.727636  0.801829  0.778103  0.747718  0.204618 0.0  0.830341  0.801684  0.685583  0.379215  0.330678  0.590414  0.262041  0.655755  0.613081  0.252178  0.685071  0.341981  0.257010  0.331921  0.774545  0.470965  0.324474  0.167870  0.675077  0.650980  0.277486  0.600002  0.462382  0.666494  0.802809  0.743996  0.354806  0.604583  0.246270  0.696657  0.322006  0.258026  0.781112  0.721502  0.735145  0.788702  0.471919  0.332387  0.638579  0.128686  0.438481  0.782016  0.864132  0.536840 
17  0.678220  0.553786  0.713606  0.854869  0.653281  0.727954  0.549637  0.550874  0.725322  0.752347  0.619726  0.217893  0.395369  0.576132  0.616925  0.821694  0.830341 0.0  0.679826  0.602236  0.680191  0.655337  0.607843  0.695353  0.565046  0.608602  0.794037  0.677100  0.693254  0.761561  0.781843  0.234658  0.675067  0.654181  0.686245  0.579277  0.654892  0.748178  0.623544  0.702055  0.611264  0.582571  0.574373  0.733050  0.558826  0.671833  0.680906  0.679974  0.839614  0.568210  0.599617  0.618237  0.193606  0.745793  0.687168  0.661737  0.677484  0.623059  0.616341  0.564999  0.670002 
18  0.549876  0.641593  0.851734  0.764127  0.794261  0.631224  0.251038  0.680636  0.206419  0.635553  0.593061  0.629294  0.656484  0.759519  0.115801  0.745948  0.801684  0.679826 0.0  0.678266  0.750611  0.760046  0.757740  0.631560  0.630450  0.607630  0.863261  0.708439  0.759277  0.677296  0.748250  0.663781  0.729022  0.798236  0.686203  0.555221  0.682842  0.706227  0.646003  0.783039  0.479580  0.728021  0.662030  0.751598  0.731472  0.789849  0.585137  0.650728  0.778872  0.552352  0.614208  0.516541  0.602522  0.644379  0.725070  0.673383  0.722958  0.821958  0.307565  0.210450  0.656195 
19  0.553090  0.467808  0.680781  0.797316  0.783647  0.714096  0.636468  0.535859  0.548497  0.193081  0.559897  0.581276  0.477672  0.228030  0.594811  0.652290  0.685583  0.602236  0.678266 0.0  0.770732  0.722777  0.631141  0.665237  0.519510  0.579813  0.747189  0.646208  0.849743  0.800740  0.768364  0.590818  0.660085  0.757485  0.741651  0.571162  0.202595  0.697933  0.627307  0.704765  0.200258  0.214596  0.633995  0.718289  0.640185  0.707308  0.512720  0.743842  0.829637  0.175849  0.760116  0.277688  0.679413  0.663664  0.781723  0.574685  0.707057  0.659218  0.475762  0.678988  0.673181 
20  0.592021  0.512633  0.336021  0.332893  0.290403  0.199850  0.781137  0.766691  0.666100  0.895457  0.699187  0.737205  0.760474  0.832499  0.814245  0.359699  0.379215  0.680191  0.750611  0.770732 0.0  0.218095  0.452151  0.385146  0.552422  0.728358  0.347923  0.674368  0.349577  0.278489  0.280343  0.690110  0.524837  0.321761  0.328776  0.643492  0.644127  0.274415  0.481164  0.479996  0.813469  0.774850  0.660689  0.211010  0.755046  0.433289  0.765793  0.221877  0.303916  0.785573  0.608834  0.746114  0.671862  0.524362  0.208151  0.680923  0.344288  0.483497  0.766844  0.706909  0.552616 
21  0.672284  0.485126  0.333240  0.328657  0.292398  0.188473  0.744828  0.685325  0.743532  0.909093  0.676432  0.793859  0.515480  0.822282  0.803295  0.332033  0.330678  0.655337  0.760046  0.722777  0.218095 0.0  0.604409  0.318669  0.608926  0.653566  0.399666  0.787558  0.322394  0.305820  0.305690  0.875845  0.383975  0.311089  0.304239  0.652954  0.809723  0.283436  0.543695  0.498096  0.698314  0.809063  0.642886  0.180790  0.693533  0.385044  0.590229  0.215099  0.275384  0.769338  0.635203  0.665023  0.625919  0.445578  0.193635  0.539494  0.362508  0.442545  0.629590  0.711073  0.468078 
22  0.632204  0.406681  0.562410  0.514935  0.457973  0.490332  0.641534  0.687288  0.662623  0.593308  0.656630  0.745209  0.698370  0.684488  0.566605  0.487337  0.590414  0.607843  0.757740  0.631141  0.452151  0.604409 0.0  0.537775  0.570808  0.588152  0.569837  0.697410  0.482260  0.498622  0.532526  0.646640  0.326890  0.528128  0.438112  0.651291  0.699310  0.452507  0.222001  0.370052  0.623517  0.743576  0.649613  0.472041  0.625433  0.582077  0.526214  0.529243  0.454472  0.663329  0.635666  0.627111  0.678086  0.230445  0.572668  0.585500  0.472566  0.406481  0.663654  0.757552  0.190821 
23  0.646158  0.578289  0.320538  0.341648  0.275268  0.303804  0.608954  0.774316  0.619629  0.700503  0.689205  0.732095  0.691051  0.677993  0.751620  0.305058  0.262041  0.695353  0.631560  0.665237  0.385146  0.318669  0.537775 0.0  0.537460  0.623380  0.336691  0.649860  0.316108  0.239073  0.226904  0.836686  0.458737  0.320710  0.283061  0.623720  0.774310  0.271220  0.471095  0.468696  0.708144  0.754515  0.680090  0.309402  0.660454  0.314813  0.665569  0.264285  0.321839  0.800763  0.627064  0.635707  0.662149  0.502426  0.276104  0.565816  0.318889  0.351539  0.818429  0.731201  0.473190 
24  0.610012  0.592116  0.668294  0.587892  0.646235  0.685057  0.642446  0.630507  0.605375  0.687571  0.487126  0.582666  0.707075  0.536043  0.557729  0.659107  0.655755  0.565046  0.630450  0.519510  0.552422  0.608926  0.570808  0.537460 0.0  0.115814  0.674344  0.653310  0.719497  0.707048  0.631313  0.611140  0.599119  0.751538  0.692076  0.537485  0.651855  0.718958  0.602413  0.651249  0.639266  0.670747  0.546816  0.577501  0.612353  0.673160  0.478167  0.647000  0.706032  0.601871  0.583768  0.654697  0.569814  0.560856  0.605609  0.555930  0.696741  0.614998  0.573267  0.644732  0.626584 
25  0.555317  0.498464  0.614204  0.626631  0.659065  0.601620  0.673223  0.683099  0.592675  0.564598  0.463311  0.623226  0.542711  0.577718  0.721479  0.577278  0.613081  0.608602  0.607630  0.579813  0.728358  0.653566  0.588152  0.623380  0.115814 0.0  0.761086  0.510987  0.724061  0.730004  0.632185  0.542919  0.630762  0.656477  0.674096  0.532905  0.575151  0.686787  0.609032  0.565650  0.635218  0.597475  0.574803  0.583478  0.529628  0.624358  0.554435  0.661273  0.728361  0.596245  0.584306  0.613066  0.661488  0.620244  0.579441  0.530224  0.664480  0.648120  0.625465  0.517148  0.670983 
26  0.613759  0.522082  0.371944  0.348695  0.279280  0.430904  0.822141  0.707094  0.888646  0.747568  0.813652  0.742534  0.824170  0.807058  0.695063  0.253723  0.252178  0.794037  0.863261  0.747189  0.347923  0.399666  0.569837  0.336691  0.674344  0.761086 0.0  0.673255  0.301126  0.208163  0.306505  0.780705  0.524883  0.327814  0.203569  0.696165  0.832386  0.320338  0.560402  0.476757  0.809669  0.625615  0.723567  0.294075  0.728448  0.229325  0.882867  0.333922  0.285422  0.794835  0.826276  0.809323  0.740235  0.526410  0.317914  0.647114  0.278466  0.500984  0.800694  0.625954  0.514685 
27  0.634568  0.631186  0.720514  0.758221  0.700584  0.643306  0.586584  0.128490  0.649702  0.670336  0.460447  0.625999  0.611672  0.600442  0.649201  0.540622  0.685071  0.677100  0.708439  0.646208  0.674368  0.787558  0.697410  0.649860  0.653310  0.510987  0.673255 0.0  0.754491  0.632067  0.665378  0.664656  0.510442  0.696908  0.761246  0.325022  0.645204  0.687687  0.612621  0.603779  0.496696  0.650313  0.344003  0.641098  0.244883  0.689891  0.237005  0.646550  0.708433  0.532065  0.417994  0.622642  0.701141  0.655717  0.723457  0.296973  0.675338  0.604180  0.699174  0.634107  0.722793 
28  0.602355  0.571490  0.232550  0.240137  0.180912  0.352723  0.827887  0.867166  0.775919  0.771733  0.784474  0.570541  0.639240  0.838862  0.800235  0.347445  0.341981  0.693254  0.759277  0.849743  0.349577  0.322394  0.482260  0.316108  0.719497  0.724061  0.301126  0.754491 0.0  0.277509  0.315544  0.852223  0.474299  0.234574  0.382667  0.810186  0.761934  0.281775  0.469023  0.475320  0.753168  0.823149  0.686238  0.365685  0.713028  0.303916  0.718631  0.373818  0.300411  0.675890  0.774206  0.700475  0.823056  0.459248  0.335994  0.777842  0.325103  0.440439  0.859157  0.687127  0.506156 
29  0.669186  0.534001  0.254813  0.292429  0.280995  0.258382  0.814028  0.558785  0.783380  0.728667  0.793923  0.712292  0.680040  0.673431  0.784291  0.275114  0.257010  0.761561  0.677296  0.800740  0.278489  0.305820  0.498622  0.239073  0.707048  0.730004  0.208163  0.632067  0.277509 0.0  0.254103  0.791644  0.525958  0.275826  0.288251  0.615105  0.791419  0.309507  0.460643  0.372381  0.619858  0.675654  0.706561  0.258149  0.606226  0.293649  0.832219  0.264514  0.275611  0.741544  0.758572  0.868778  0.723918  0.480852  0.256335  0.673906  0.253185  0.441816  0.862246  0.870366  0.555777 
30  0.676346  0.478044  0.335621  0.285185  0.299690  0.290073  0.735006  0.692063  0.808621  0.719957  0.797358  0.685345  0.705012  0.604065  0.710806  0.346101  0.331921  0.781843  0.748250  0.768364  0.280343  0.305690  0.532526  0.226904  0.631313  0.632185  0.306505  0.665378  0.315544  0.254103 0.0  0.846863  0.509100  0.279366  0.296220  0.649373  0.882377  0.297835  0.559182  0.399499  0.767025  0.754491  0.695989  0.312017  0.713397  0.331673  0.717370  0.291471  0.312860  0.756762  0.729232  0.716435  0.807700  0.509243  0.262707  0.640889  0.361552  0.522945  0.684168  0.873910  0.512275 
31  0.620432  0.532690  0.725020  0.805945  0.786351  0.847102  0.741388  0.654584  0.617152  0.718118  0.667800  0.130774  0.366931  0.615628  0.643421  0.637908  0.774545  0.234658  0.663781  0.590818  0.690110  0.875845  0.646640  0.836686  0.611140  0.542919  0.780705  0.664656  0.852223  0.791644  0.846863 0.0  0.720157  0.806153  0.639622  0.589544  0.703118  0.759196  0.699281  0.812827  0.617155  0.678824  0.547057  0.707136  0.624108  0.644395  0.678695  0.704117  0.794591  0.662529  0.628480  0.670471  0.152751  0.672311  0.584158  0.520586  0.802151  0.696209  0.626851  0.657236  0.870822 
32  0.489323  0.483126  0.482491  0.552174  0.354940  0.415999  0.779967  0.545193  0.653754  0.771800  0.644708  0.649311  0.594199  0.737545  0.610030  0.511889  0.470965  0.675067  0.729022  0.660085  0.524837  0.383975  0.326890  0.458737  0.599119  0.630762  0.524883  0.510442  0.474299  0.525958  0.509100  0.720157 0.0  0.503037  0.439203  0.594421  0.695745  0.464933  0.370290  0.227687  0.418146  0.777439  0.541249  0.463612  0.538228  0.453946  0.679354  0.390757  0.533044  0.629944  0.645150  0.690078  0.644258  0.325428  0.453878  0.566055  0.400925  0.221702  0.656352  0.601923  0.320374 
33  0.704986  0.540580  0.262385  0.239695  0.227031  0.309113  0.800694  0.752384  0.736492  0.765040  0.696545  0.800753  0.865241  0.849189  0.726138  0.313002  0.324474  0.654181  0.798236  0.757485  0.321761  0.311089  0.528128  0.320710  0.751538  0.656477  0.327814  0.696908  0.234574  0.275826  0.279366  0.806153  0.503037 0.0  0.355088  0.639989  0.782468  0.362829  0.559175  0.499818  0.752210  0.765601  0.641401  0.330819  0.844354  0.338758  0.755768  0.286917  0.279445  0.831092  0.650867  0.877405  0.781123  0.511523  0.333204  0.658706  0.360968  0.405250  0.780145  0.868799  0.539652 
34  0.624245  0.461225  0.288141  0.327496  0.258981  0.316187  0.638011  0.622313  0.730562  0.828631  0.728640  0.727688  0.724058  0.736602  0.902195  0.215418  0.167870  0.686245  0.686203  0.741651  0.328776  0.304239  0.438112  0.283061  0.692076  0.674096  0.203569  0.761246  0.382667  0.288251  0.296220  0.639622  0.439203  0.355088 0.0  0.720155  0.765917  0.293191  0.481618  0.408232  0.687586  0.638030  0.565986  0.305903  0.688645  0.222791  0.594310  0.261341  0.311635  0.691651  0.683176  0.641060  0.753576  0.503061  0.304221  0.516788  0.186887  0.426159  0.664799  0.572104  0.479394 
35  0.564257  0.532750  0.814691  0.678383  0.697333  0.591278  0.671972  0.358348  0.595292  0.611123  0.262147  0.607710  0.393947  0.655386  0.635453  0.685303  0.675077  0.579277  0.555221  0.571162  0.643492  0.652954  0.651291  0.623720  0.537485  0.532905  0.696165  0.325022  0.810186  0.615105  0.649373  0.589544  0.594421  0.639989  0.720155 0.0  0.571093  0.664919  0.617435  0.698074  0.563219  0.591803  0.292041  0.797791  0.404254  0.759942  0.369141  0.595579  0.692447  0.506716  0.267419  0.532480  0.638478  0.740756  0.669593  0.285055  0.647574  0.682860  0.640333  0.611810  0.587057 
36  0.521207  0.605938  0.851065  0.750485  0.633857  0.724643  0.568568  0.595701  0.595886  0.165263  0.694167  0.706510  0.699059  0.188923  0.615480  0.779579  0.650980  0.654892  0.682842  0.202595  0.644127  0.809723  0.699310  0.774310  0.651855  0.575151  0.832386  0.645204  0.761934  0.791419  0.882377  0.703118  0.695745  0.782468  0.765917  0.571093 0.0  0.889713  0.674227  0.807763  0.287086  0.231501  0.614547  0.762685  0.602927  0.838541  0.660784  0.649834  0.782877  0.124573  0.629988  0.277768  0.703583  0.739883  0.848756  0.556544  0.664168  0.861097  0.595589  0.569208  0.790008 
37  0.728514  0.424970  0.260076  0.363618  0.300161  0.261207  0.745929  0.755819  0.840092  0.682631  0.828215  0.621196  0.656956  0.681698  0.679800  0.278861  0.277486  0.748178  0.706227  0.697933  0.274415  0.283436  0.452507  0.271220  0.718958  0.686787  0.320338  0.687687  0.281775  0.309507  0.297835  0.759196  0.464933  0.362829  0.293191  0.664919  0.889713 0.0  0.425294  0.420225  0.634463  0.663357  0.687959  0.257559  0.590899  0.298564  0.819901  0.290058  0.365972  0.829246  0.739127  0.693125  0.744914  0.400896  0.235894  0.705696  0.266429  0.403551  0.732027  0.835513  0.410784 
38  0.594381  0.486452  0.502140  0.518827  0.522177  0.517380  0.661694  0.762982  0.669591  0.663493  0.653107  0.719272  0.669094  0.649417  0.792501  0.551916  0.600002  0.623544  0.646003  0.627307  0.481164  0.543695  0.222001  0.471095  0.602413  0.609032  0.560402  0.612621  0.469023  0.460643  0.559182  0.699281  0.370290  0.559175  0.481618  0.617435  0.674227  0.425294 0.0  0.339670  0.700046  0.726942  0.582611  0.521250  0.557062  0.453330  0.532914  0.396550  0.512603  0.746253  0.663812  0.677667  0.781389  0.124507  0.422503  0.566663  0.486480  0.385056  0.700108  0.642027  0.272346 
39  0.639461  0.498384  0.430466  0.524775  0.383863  0.407094  0.772955  0.570003  0.724640  0.694417  0.661058  0.755102  0.827118  0.766423  0.609512  0.408428  0.462382  0.702055  0.783039  0.704765  0.479996  0.498096  0.370052  0.468696  0.651249  0.565650  0.476757  0.603779  0.475320  0.372381  0.399499  0.812827  0.227687  0.499818  0.408232  0.698074  0.807763  0.420225  0.339670 0.0  0.556469  0.667290  0.596601  0.425902  0.667198  0.441455  0.715147  0.447317  0.422743  0.721228  0.657640  0.725066  0.802120  0.328225  0.469559  0.616874  0.443246  0.205801  0.741240  0.629517  0.339575 
40  0.469948  0.453694  0.773003  0.733933  0.621045  0.667324  0.650072  0.511105  0.583923  0.252939  0.656761  0.630244  0.596017  0.263356  0.629708  0.637735  0.666494  0.611264  0.479580  0.200258  0.813469  0.698314  0.623517  0.708144  0.639266  0.635218  0.809669  0.496696  0.753168  0.619858  0.767025  0.617155  0.418146  0.752210  0.687586  0.563219  0.287086  0.634463  0.700046  0.556469 0.0  0.266929  0.541293  0.611481  0.643343  0.702322  0.518880  0.696184  0.758780  0.242097  0.632107  0.231504  0.619799  0.560029  0.673547  0.570745  0.782382  0.571234  0.624711  0.535010  0.674201 
41  0.565106  0.545931  0.817372  0.718731  0.880900  0.659374  0.711917  0.594285  0.559207  0.222357  0.689851  0.557967  0.694398  0.143341  0.736884  0.692102  0.802809  0.582571  0.728021  0.214596  0.774850  0.809063  0.743576  0.754515  0.670747  0.597475  0.625615  0.650313  0.823149  0.675654  0.754491  0.678824  0.777439  0.765601  0.638030  0.591803  0.231501  0.663357  0.726942  0.667290  0.266929 0.0  0.522259  0.839261  0.679647  0.782347  0.534405  0.686490  0.746818  0.209266  0.636599  0.311861  0.602889  0.745334  0.753901  0.586710  0.662448  0.783531  0.655077  0.631231  0.773145 
42  0.554821  0.554629  0.823255  0.798144  0.618962  0.605857  0.655217  0.308264  0.612434  0.593138  0.295767  0.582745  0.575759  0.694056  0.570916  0.666167  0.743996  0.574373  0.662030  0.633995  0.660689  0.642886  0.649613  0.680090  0.546816  0.574803  0.723567  0.344003  0.686238  0.706561  0.695989  0.547057  0.541249  0.641401  0.565986  0.292041  0.614547  0.687959  0.582611  0.596601  0.541293  0.522259 0.0  0.631823  0.329752  0.722234  0.351966  0.534030  0.734910  0.538496  0.378432  0.539130  0.530641  0.605406  0.562406  0.115043  0.678784  0.584027  0.523577  0.611720  0.531537 
43  0.548006  0.467791  0.333239  0.351271  0.326149  0.166670  0.665895  0.650230  0.679029  0.634151  0.669450  0.798533  0.670832  0.761425  0.729110  0.283088  0.354806  0.733050  0.751598  0.718289  0.211010  0.180790  0.472041  0.309402  0.577501  0.583478  0.294075  0.641098  0.365685  0.258149  0.312017  0.707136  0.463612  0.330819  0.305903  0.797791  0.762685  0.257559  0.521250  0.425902  0.611481  0.839261  0.631823 0.0  0.618674  0.364240  0.628141  0.148339  0.281394  0.786210  0.669678  0.800763  0.697866  0.569004  0.195176  0.643826  0.340748  0.380126  0.750912  0.777296  0.425150 
44  0.619490  0.612486  0.651771  0.740746  0.646290  0.757834  0.682261  0.248306  0.691032  0.647145  0.399734  0.751919  0.670762  0.593567  0.574344  0.611116  0.604583  0.558826  0.731472  0.640185  0.755046  0.693533  0.625433  0.660454  0.612353  0.529628  0.728448  0.244883  0.713028  0.606226  0.713397  0.624108  0.538228  0.844354  0.688645  0.404254  0.602927  0.590899  0.557062  0.667198  0.643343  0.679647  0.329752  0.618674 0.0  0.724487  0.128551  0.647658  0.684934  0.615072  0.401226  0.643550  0.585314  0.532091  0.538434  0.313868  0.643618  0.661527  0.571045  0.670897  0.622979 
45  0.742789  0.536176  0.329025  0.362277  0.290435  0.384348  0.720389  0.693113  0.610254  0.734859  0.660115  0.730660  0.866281  0.756042  0.782935  0.212096  0.246270  0.671833  0.789849  0.707308  0.433289  0.385044  0.582077  0.314813  0.673160  0.624358  0.229325  0.689891  0.303916  0.293649  0.331673  0.644395  0.453946  0.338758  0.222791  0.759942  0.838541  0.298564  0.453330  0.441455  0.702322  0.782347  0.722234  0.364240  0.724487 0.0  0.763250  0.327029  0.318896  0.840600  0.754846  0.667512  0.697540  0.497642  0.349205  0.684245  0.294289  0.453602  0.603191  0.691526  0.593767 
46  0.494098  0.522616  0.748452  0.728366  0.765212  0.536520  0.623646  0.218683  0.578434  0.649957  0.415234  0.612485  0.460418  0.613910  0.683237  0.649744  0.696657  0.680906  0.585137  0.512720  0.765793  0.590229  0.526214  0.665569  0.478167  0.554435  0.882867  0.237005  0.718631  0.832219  0.717370  0.678695  0.679354  0.755768  0.594310  0.369141  0.660784  0.819901  0.532914  0.715147  0.518880  0.534405  0.351966  0.628141  0.128551  0.763250 0.0  0.707476  0.725281  0.649099  0.390764  0.593657  0.636209  0.578560  0.795746  0.296851  0.707716  0.700890  0.643472  0.676138  0.563462 
47  0.645590  0.563250  0.330509  0.301188  0.333426  0.155659  0.811176  0.887502  0.691366  0.733593  0.721751  0.689090  0.670913  0.762939  0.753084  0.303267  0.322006  0.679974  0.650728  0.743842  0.221877  0.215099  0.529243  0.264285  0.647000  0.661273  0.333922  0.646550  0.373818  0.264514  0.291471  0.704117  0.390757  0.286917  0.261341  0.595579  0.649834  0.290058  0.396550  0.447317  0.696184  0.686490  0.534030  0.148339  0.647658  0.327029  0.707476 0.0  0.316870  0.759335  0.748230  0.722604  0.604986  0.512543  0.200081  0.620223  0.329115  0.399910  0.634081  0.774327  0.502688 
48  0.589247  0.579663  0.338080  0.319988  0.267460  0.309551  0.827199  0.705683  0.695563  0.831427  0.809216  0.754926  0.754655  0.610579  0.740033  0.295110  0.258026  0.839614  0.778872  0.829637  0.303916  0.275384  0.454472  0.321839  0.706032  0.728361  0.285422  0.708433  0.300411  0.275611  0.312860  0.794591  0.533044  0.279445  0.311635  0.692447  0.782877  0.365972  0.512603  0.422743  0.758780  0.746818  0.734910  0.281394  0.684934  0.318896  0.725281  0.316870 0.0  0.726615  0.773729  0.731646  0.751599  0.492772  0.289568  0.812558  0.318646  0.439036  0.786897  0.730164  0.482737 
49  0.599774  0.535860  0.826467  1.000000  0.780886  0.853885  0.682848  0.638856  0.572860  0.162770  0.701874  0.749368  0.547457  0.177665  0.647471  0.686293  0.781112  0.568210  0.552352  0.175849  0.785573  0.769338  0.663329  0.800763  0.601871  0.596245  0.794835  0.532065  0.675890  0.741544  0.756762  0.662529  0.629944  0.831092  0.691651  0.506716  0.124573  0.829246  0.746253  0.721228  0.242097  0.209266  0.538496  0.786210  0.615072  0.840600  0.649099  0.759335  0.726615 0.0  0.668919  0.281034  0.625702  0.760481  0.615542  0.471207  0.818035  0.732290  0.591470  0.617808  0.822431 
50  0.625577  0.508180  0.792668  0.849009  0.669659  0.877591  0.683035  0.401891  0.581101  0.623982  0.232820  0.581341  0.447053  0.665911  0.585703  0.775290  0.721502  0.599617  0.614208  0.760116  0.608834  0.635203  0.635666  0.627064  0.583768  0.584306  0.826276  0.417994  0.774206  0.758572  0.729232  0.628480  0.645150  0.650867  0.683176  0.267419  0.629988  0.739127  0.663812  0.657640  0.632107  0.636599  0.378432  0.669678  0.401226  0.754846  0.390764  0.748230  0.773729  0.668919 0.0  0.666176  0.625951  0.733358  0.724311  0.373044  0.825782  0.743859  0.670311  0.575658  0.607746 
51  0.529626  0.566870  0.737203  0.723505  0.732851  0.719828  0.654052  0.540529  0.609708  0.339560  0.603160  0.672972  0.564008  0.289506  0.625819  0.810509  0.735145  0.618237  0.516541  0.277688  0.746114  0.665023  0.627111  0.635707  0.654697  0.613066  0.809323  0.622642  0.700475  0.868778  0.716435  0.670471  0.690078  0.877405  0.641060  0.532480  0.277768  0.693125  0.677667  0.725066  0.231504  0.311861  0.539130  0.800763  0.643550  0.667512  0.593657  0.722604  0.731646  0.281034  0.666176 0.0  0.567557  0.711048  0.782353  0.564049  0.656010  0.691549  0.637669  0.570090  0.704138 
52  0.518720  0.409541  0.741589  0.750948  0.694694  0.644411  0.634312  0.588831  0.648645  0.587174  0.583295  0.138110  0.394465  0.638298  0.646054  0.746154  0.788702  0.193606  0.602522  0.679413  0.671862  0.625919  0.678086  0.662149  0.569814  0.661488  0.740235  0.701141  0.823056  0.723918  0.807700  0.152751  0.644258  0.781123  0.753576  0.638478  0.703583  0.744914  0.781389  0.802120  0.619799  0.602889  0.530641  0.697866  0.585314  0.697540  0.636209  0.604986  0.751599  0.625702  0.625951  0.567557 0.0  0.731643  0.617020  0.611419  0.724350  0.644049  0.676627  0.565549  0.839583 
53  0.670991  0.540532  0.436830  0.470009  0.393736  0.442499  0.687333  0.719967  0.685395  0.676164  0.605190  0.686826  0.599321  0.716083  0.599009  0.481544  0.471919  0.745793  0.644379  0.663664  0.524362  0.445578  0.230445  0.502426  0.560856  0.620244  0.526410  0.655717  0.459248  0.480852  0.509243  0.672311  0.325428  0.511523  0.503061  0.740756  0.739883  0.400896  0.124507  0.328225  0.560029  0.745334  0.605406  0.569004  0.532091  0.497642  0.578560  0.512543  0.492772  0.760481  0.733358  0.711048  0.731643 0.0  0.480347  0.619685  0.484273  0.344898  0.728975  0.572977  0.288047 
54  0.727318  0.506512  0.335666  0.337771  0.342163  0.192011  0.659620  0.722171  0.798037  0.699572  0.552849  0.599210  0.779146  0.849051  0.759694  0.318226  0.332387  0.687168  0.725070  0.781723  0.208151  0.193635  0.572668  0.276104  0.605609  0.579441  0.317914  0.723457  0.335994  0.256335  0.262707  0.584158  0.453878  0.333204  0.304221  0.669593  0.848756  0.235894  0.422503  0.469559  0.673547  0.753901  0.562406  0.195176  0.538434  0.349205  0.795746  0.200081  0.289568  0.615542  0.724311  0.782353  0.617020  0.480347 0.0  0.545486  0.330487  0.415428  0.789078  0.553812  0.459158 
55  0.554561  0.364038  0.694126  0.771280  0.516709  0.647778  0.693772  0.296054  0.512075  0.567627  0.315419  0.597760  0.547196  0.574320  0.674871  0.591991  0.638579  0.661737  0.673383  0.574685  0.680923  0.539494  0.585500  0.565816  0.555930  0.530224  0.647114  0.296973  0.777842  0.673906  0.640889  0.520586  0.566055  0.658706  0.516788  0.285055  0.556544  0.705696  0.566663  0.616874  0.570745  0.586710  0.115043  0.643826  0.313868  0.684245  0.296851  0.620223  0.812558  0.471207  0.373044  0.564049  0.611419  0.619685  0.545486 0.0  0.687011  0.601943  0.625329  0.558449  0.621884 
56  0.634889  0.464778  0.286498  0.354839  0.272968  0.334612  0.659708  0.643794  0.656821  0.859359  0.612847  0.766000  0.578978  0.616167  0.779358  0.204182  0.128686  0.677484  0.722958  0.707057  0.344288  0.362508  0.472566  0.318889  0.696741  0.664480  0.278466  0.675338  0.325103  0.253185  0.361552  0.802151  0.400925  0.360968  0.186887  0.647574  0.664168  0.266429  0.486480  0.443246  0.782382  0.662448  0.678784  0.340748  0.643618  0.294289  0.707716  0.329115  0.318646  0.818035  0.825782  0.656010  0.724350  0.484273  0.330487  0.687011 0.0  0.425697  0.665200  0.785249  0.528601 
57  0.638112  0.524066  0.465523  0.483347  0.456330  0.474451  0.773277  0.593458  0.679621  0.699728  0.743660  0.751337  0.776890  0.807355  0.663137  0.395197  0.438481  0.623059  0.821958  0.659218  0.483497  0.442545  0.406481  0.351539  0.614998  0.648120  0.500984  0.604180  0.440439  0.441816  0.522945  0.696209  0.221702  0.405250  0.426159  0.682860  0.861097  0.403551  0.385056  0.205801  0.571234  0.783531  0.584027  0.380126  0.661527  0.453602  0.700890  0.399910  0.439036  0.732290  0.743859  0.691549  0.644049  0.344898  0.415428  0.601943  0.425697 0.0  0.792386  0.674017  0.406516 
58  0.678961  0.544492  0.645729  0.611525  0.871385  0.789505  0.202293  0.729319  0.180650  0.616548  0.653479  0.578738  0.682405  0.673251  0.264305  0.807109  0.782016  0.616341  0.307565  0.475762  0.766844  0.629590  0.663654  0.818429  0.573267  0.625465  0.800694  0.699174  0.859157  0.862246  0.684168  0.626851  0.656352  0.780145  0.664799  0.640333  0.595589  0.732027  0.700108  0.741240  0.624711  0.655077  0.523577  0.750912  0.571045  0.603191  0.643472  0.634081  0.786897  0.591470  0.670311  0.637669  0.676627  0.728975  0.789078  0.625329  0.665200  0.792386 0.0  0.188112  0.633184 
59  0.632002  0.553715  0.767097  0.628461  0.763069  0.740314  0.133372  0.588086  0.101000  0.644280  0.698495  0.585275  0.583633  0.601109  0.242822  0.694553  0.864132  0.564999  0.210450  0.678988  0.706909  0.711073  0.757552  0.731201  0.644732  0.517148  0.625954  0.634107  0.687127  0.870366  0.873910  0.657236  0.601923  0.868799  0.572104  0.611810  0.569208  0.835513  0.642027  0.629517  0.535010  0.631231  0.611720  0.777296  0.670897  0.691526  0.676138  0.774327  0.730164  0.617808  0.575658  0.570090  0.565549  0.572977  0.553812  0.558449  0.785249  0.674017  0.188112 0.0  0.700889 
60  0.584821  0.502705  0.557577  0.435609  0.495354  0.471332  0.563703  0.660973  0.707224  0.746977  0.625994  0.756822  0.651937  0.769627  0.638215  0.390617  0.536840  0.670002  0.656195  0.673181  0.552616  0.468078  0.190821  0.473190  0.626584  0.670983  0.514685  0.722793  0.506156  0.555777  0.512275  0.870822  0.320374  0.539652  0.479394  0.587057  0.790008  0.410784  0.272346  0.339575  0.674201  0.773145  0.531537  0.425150  0.622979  0.593767  0.563462  0.502688  0.482737  0.822431  0.607746  0.704138  0.839583  0.288047  0.459158  0.621884  0.528601  0.406516  0.633184  0.700889 0.0 
