61
0 0.0  0.550831  0.750645  0.726267  0.711930  0.728414  0.591446  0.524219  0.651409  0.592412  0.655544  0.584631  0.532498  0.622178  0.609323  0.721735  0.546874  0.657986  0.642885  0.557971  0.563334  0.678480  0.594697  0.664759  0.569235  0.600596  0.802090  0.564559  0.740544  0.798966  0.702546  0.609945  0.693854  0.559294  0.617387  0.553022  0.653031  0.690333  0.581934  0.447243  0.664034  0.480845  0.572666  0.603865  0.606078  0.635123  0.538958  0.698039  0.619659  0.519927  0.622962  0.629863  0.563905  0.543147  0.735505  0.593599  0.732128  0.659546  0.577606  0.648986  0.657645 
1  0.550831 0.0  0.509709  0.642822  0.496816  0.534712  0.676050  0.558460  0.545450  0.551737  0.533876  0.541113  0.577703  0.669977  0.595163  0.499724  0.592225  0.660788  0.580809  0.574569  0.478469  0.525133  0.476961  0.577851  0.546990  0.592276  0.556657  0.508884  0.590969  0.594226  0.526653  0.503453  0.349704  0.596223  0.547942  0.560350  0.687976  0.540432  0.514886  0.471771  0.526174  0.498792  0.464397  0.543295  0.575655  0.579000  0.556460  0.521864  0.568062  0.539100  0.581004  0.538886  0.542072  0.529934  0.522631  0.488570  0.486357  0.524639  0.538273  0.566823  0.463073 
2  0.750645  0.509709 0.0  0.209950  0.218242  0.333533  0.860369  0.579179  0.737487  0.776390  0.801086  0.933062  0.805654  0.937514  0.728950  0.338043  0.309629  0.816526  0.809440  0.731622  0.293146  0.350721  0.603571  0.316194  0.769279  0.692638  0.389322  0.757242  0.262251  0.305318  0.323456  0.768805  0.490390  0.245083  0.316371  0.776969  0.760846  0.334760  0.520106  0.396240  0.751248  0.824073  0.844216  0.348210  0.734674  0.337632  0.871448  0.331250  0.312860  0.842578  0.725061  0.825392  0.856532  0.501011  0.341535  0.734314  0.375700  0.490726  0.763136  0.842121  0.560851 
3  0.726267  0.642822  0.209950 0.0  0.239371  0.327285  0.793867  0.920403  0.844957  0.978653  0.706788  0.850409  0.775570  0.905774  0.860194  0.348550  0.358355  0.808974  0.813127  0.996000  0.354025  0.383582  0.418225  0.378301  0.711440  0.763801  0.307372  0.710079  0.233441  0.291991  0.324343  0.747027  0.523687  0.231390  0.396096  0.739186  0.777333  0.396365  0.487257  0.501901  0.617765  0.695761  0.743521  0.340904  0.801325  0.380293  0.806236  0.350000  0.304524  0.869224  0.804370  0.851644  0.721606  0.533733  0.347096  0.641314  0.407520  0.429495  0.732723  0.828211  0.560307 
4  0.711930  0.496816  0.218242  0.239371 0.0  0.358114  0.900486  0.753611  0.756209  0.890393  0.768712  0.744815  0.823393  0.782372  0.726655  0.308914  0.254469  0.621992  0.816745  0.805009  0.316646  0.352494  0.594709  0.299207  0.693656  0.741613  0.248443  0.666728  0.168434  0.279071  0.329194  0.786719  0.540713  0.227051  0.290806  0.687536  0.684357  0.302988  0.524842  0.406457  0.748006  0.907860  0.683221  0.322797  0.713527  0.423065  0.669679  0.268898  0.255531  0.742235  0.686454  0.634421  0.739523  0.495955  0.323172  0.655167  0.293841  0.332813  0.810287  0.621894  0.531872 
5  0.728414  0.534712  0.333533  0.327285  0.358114 0.0  0.844399  0.633977  0.810169  0.724565  0.724502  0.720037  0.819592  0.802227  0.703803  0.332735  0.383996  0.768121  0.813042  0.776903  0.212691  0.216673  0.455313  0.297504  0.656907  0.679318  0.414179  0.677820  0.356460  0.302418  0.362668  0.719320  0.505650  0.357435  0.315279  0.776873  0.939931  0.254101  0.577384  0.506518  0.749598  0.880501  0.685720  0.185091  0.783716  0.382262  0.782350  0.148650  0.328771  0.846547  0.762399  0.872863  0.545162  0.519760  0.231381  0.690177  0.382071  0.443502  0.795935  0.647905  0.485841 
6  0.591446  0.676050  0.860369  0.793867  0.900486  0.844399 0.0  0.715041  0.143126  0.733578  0.620986  0.721648  0.654115  0.633094  0.260715  0.785945  0.871558  0.775623  0.275468  0.641121  0.798158  0.783550  0.606252  0.867064  0.608607  0.575222  0.843299  0.692249  0.728756  0.846084  0.778434  0.670438  0.626572  0.739637  0.777500  0.654216  0.548259  0.710747  0.722112  0.884009  0.660635  0.682024  0.760930  0.834813  0.632740  0.787187  0.767775  0.792564  0.798448  0.613433  0.618922  0.645258  0.569564  0.774489  0.783496  0.644904  0.830973  0.853013  0.209108  0.140854  0.876375 
7  0.524219  0.558460  0.579179  0.920403  0.753611  0.633977  0.715041 0.0  0.655949  0.651775  0.374530  0.680427  0.621162  0.645696  0.658395  0.793156  0.659313  0.743465  0.647825  0.633841  0.730549  0.676697  0.700753  0.644486  0.657442  0.596658  0.818278  0.131505  0.692092  0.872261  0.761599  0.615936  0.637748  0.732231  0.668991  0.425505  0.587005  0.698500  0.602170  0.635187  0.569186  0.756885  0.306027  0.601539  0.232985  0.916630  0.217202  0.750621  0.676720  0.562585  0.455200  0.522753  0.548791  0.594500  0.628684  0.286575  0.726483  0.635764  0.695680  0.642756  0.756271 
8  0.651409  0.545450  0.737487  0.844957  0.756209  0.810169  0.143126  0.655949 0.0  0.697527  0.624490  0.701470  0.592821  0.568029  0.233871  0.748510  0.816874  0.572421  0.218785  0.564969  0.785369  0.645921  0.667890  0.815084  0.584860  0.743319  0.757987  0.620799  0.768860  0.685565  0.816311  0.670241  0.710494  0.703147  0.658833  0.635091  0.589056  0.770398  0.621763  0.776479  0.584756  0.786633  0.642933  0.778693  0.678710  0.803032  0.611341  0.854496  0.864173  0.631345  0.675887  0.682440  0.692755  0.681494  0.781099  0.542473  0.697809  0.800952  0.191398  0.099789  0.708541 
9  0.592412  0.551737  0.776390  0.978653  0.890393  0.724565  0.733578  0.651775  0.697527 0.0  0.694160  0.669567  0.632780  0.189864  0.643364  0.788722  0.766439  0.607943  0.614831  0.189412  0.779613  0.717303  0.839845  0.723782  0.616943  0.764864  0.860326  0.766111  0.763059  0.745951  0.806730  0.658570  0.857866  0.818726  0.819175  0.633429  0.192237  0.708728  0.728753  0.668695  0.275785  0.204248  0.681878  0.681746  0.691149  0.804279  0.596072  0.760550  0.828018  0.178111  0.660669  0.322733  0.723395  0.566419  0.758820  0.694420  0.789125  0.796342  0.636144  0.607212  0.861218 
10  0.655544  0.533876  0.801086  0.706788  0.768712  0.724502  0.620986  0.374530  0.624490  0.694160 0.0  0.690438  0.469494  0.653526  0.711290  0.703881  0.725638  0.732735  0.630116  0.590027  0.771332  0.694315  0.727595  0.808863  0.619142  0.550990  0.772166  0.433497  0.625155  0.838503  0.723897  0.650153  0.677217  0.793177  0.679195  0.259275  0.722481  0.788220  0.739237  0.662934  0.627996  0.570163  0.352430  0.802122  0.371249  0.853955  0.418721  0.775122  0.853920  0.717366  0.245731  0.693311  0.751186  0.595212  0.734038  0.347422  0.613261  0.787241  0.724316  0.704050  0.713589 
11  0.584631  0.541113  0.933062  0.850409  0.744815  0.720037  0.721648  0.680427  0.701470  0.669567  0.690438 0.0  0.366508  0.704947  0.637074  0.752059  0.686745  0.241396  0.617379  0.715292  0.769813  0.772997  0.540349  0.695706  0.524361  0.587396  0.765597  0.682784  0.606330  0.773020  0.915314  0.130984  0.745614  0.760876  0.812524  0.638893  0.848491  0.713154  0.704190  0.680219  0.691380  0.599655  0.640572  0.773194  0.700427  0.702002  0.644603  0.672844  0.706130  0.657009  0.735280  0.473951  0.135178  0.835797  0.610387  0.632910  0.787574  0.733207  0.637801  0.688598  0.746347 
12  0.532498  0.577703  0.805654  0.775570  0.823393  0.819592  0.654115  0.621162  0.592821  0.632780  0.469494  0.366508 0.0  0.594751  0.712450  0.893918  0.786037  0.422415  0.640100  0.621938  0.752001  0.784434  0.668217  0.832472  0.690781  0.736180  0.848759  0.695992  0.853452  0.697400  0.859199  0.388198  0.693937  0.857415  0.816621  0.456605  0.598083  0.745790  0.775016  0.790746  0.589854  0.669902  0.623463  0.772913  0.663946  0.641900  0.638166  0.762381  0.779244  0.634736  0.439464  0.625323  0.396860  0.748725  0.683637  0.711117  0.812360  0.750391  0.647388  0.664670  0.683309 
13  0.622178  0.669977  0.937514  0.905774  0.782372  0.802227  0.633094  0.645696  0.568029  0.189864  0.653526  0.704947  0.594751 0.0  0.642402  0.723415  0.991658  0.601444  0.517912  0.191809  0.879031  0.800192  0.715867  0.683909  0.629558  0.705511  0.868421  0.712834  0.689599  0.823845  0.842287  0.608159  0.706971  0.742953  0.807432  0.677770  0.210081  0.783831  0.765502  0.757189  0.296013  0.173132  0.621223  0.765429  0.553769  0.777407  0.747754  0.833791  0.727251  0.214557  0.743394  0.317654  0.659827  0.834358  0.865490  0.578508  0.890720  0.702289  0.627298  0.567192  0.753582 
14  0.609323  0.595163  0.728950  0.860194  0.726655  0.703803  0.260715  0.658395  0.233871  0.643364  0.711290  0.637074  0.712450  0.642402 0.0  0.755413  0.760555  0.549690  0.114150  0.678292  0.978955  0.813792  0.677477  0.791612  0.687778  0.605522  0.863292  0.641351  0.890145  0.761685  0.889937  0.651083  0.730121  1.000000  0.771966  0.597305  0.764444  0.768162  0.770164  0.729536  0.649519  0.672159  0.630065  0.686997  0.769001  0.716343  0.667551  0.762505  0.871972  0.582341  0.698110  0.787513  0.679857  0.728415  0.754901  0.618617  0.810103  0.763724  0.310725  0.237223  0.774901 
15  0.721735  0.499724  0.338043  0.348550  0.308914  0.332735  0.785945  0.793156  0.748510  0.788722  0.703881  0.752059  0.893918  0.723415  0.755413 0.0  0.202597  0.733727  0.745748  0.790485  0.334802  0.301915  0.412362  0.329656  0.598084  0.719362  0.245130  0.763906  0.356693  0.305220  0.349869  0.786751  0.526950  0.377332  0.216926  0.698553  0.809345  0.301589  0.455285  0.466635  0.786891  0.790126  0.672700  0.275876  0.817808  0.220508  0.864177  0.322750  0.339632  0.743147  0.678208  0.776723  0.815913  0.533353  0.308825  0.638725  0.202045  0.439469  0.688472  0.639885  0.488773 
16  0.546874  0.592225  0.309629  0.358355  0.254469  0.383996  0.871558  0.659313  0.816874  0.766439  0.725638  0.686745  0.786037  0.991658  0.760555  0.202597 0.0  0.667300  0.783877  0.904106  0.419599  0.387386  0.627536  0.260290  0.715666  0.719398  0.270757  0.651434  0.333634  0.303505  0.317684  0.735669  0.374303  0.356909  0.188993  0.514499  0.861632  0.319069  0.496595  0.477951  0.760518  0.827260  0.620775  0.353774  0.679279  0.258610  0.727699  0.314121  0.287107  0.700296  0.748311  0.758935  0.790854  0.562174  0.387148  0.640637  0.126942  0.515084  0.778254  0.700445  0.460839 
17  0.657986  0.660788  0.816526  0.808974  0.621992  0.768121  0.775623  0.743465  0.572421  0.607943  0.732735  0.241396  0.422415  0.601444  0.549690  0.733727  0.667300 0.0  0.608583  0.696855  0.749855  0.718671  0.691108  0.799292  0.598778  0.561575  0.882353  0.744154  0.831235  0.864338  0.790326  0.214618  0.626346  0.857589  0.796788  0.551372  0.646555  0.762919  0.819486  0.730839  0.622299  0.753164  0.545160  0.798411  0.593505  0.795207  0.754863  0.727963  0.681870  0.681310  0.648232  0.625507  0.257010  0.779663  0.697434  0.621705  0.671434  0.779715  0.653455  0.703743  0.710485 
18  0.642885  0.580809  0.809440  0.813127  0.816745  0.813042  0.275468  0.647825  0.218785  0.614831  0.630116  0.617379  0.640100  0.517912  0.114150  0.745748  0.783877  0.608583 0.0  0.645267  0.641955  0.798691  0.682090  0.699010  0.568987  0.674111  0.732102  0.684433  0.725456  0.899870  0.899062  0.657378  0.695787  0.822130  0.662270  0.572008  0.689047  0.770530  0.633777  0.806937  0.682859  0.705082  0.603611  0.803330  0.660708  0.769521  0.705808  0.750452  0.839820  0.626578  0.686820  0.585186  0.682462  0.744766  0.704573  0.627844  0.789424  0.815714  0.314404  0.212733  0.755466 
19  0.557971  0.574569  0.731622  0.996000  0.805009  0.776903  0.641121  0.633841  0.564969  0.189412  0.590027  0.715292  0.621938  0.191809  0.678292  0.790485  0.904106  0.696855  0.645267 0.0  0.696435  0.785499  0.676120  0.644347  0.526339  0.609146  0.890982  0.721803  0.827777  0.854325  0.744665  0.712952  0.572025  0.885118  0.798264  0.660679  0.230350  0.713199  0.520194  0.783813  0.225686  0.223891  0.648404  0.821457  0.633464  0.816855  0.552194  0.978720  0.881861  0.181557  0.679949  0.283151  0.688504  0.708893  0.759340  0.594906  0.761609  0.712011  0.591329  0.588759  0.679259 
20  0.563334  0.478469  0.293146  0.354025  0.316646  0.212691  0.798158  0.730549  0.785369  0.779613  0.771332  0.769813  0.752001  0.879031  0.978955  0.334802  0.419599  0.749855  0.641955  0.696435 0.0  0.203076  0.436117  0.313552  0.691966  0.666481  0.363042  0.611010  0.363038  0.283378  0.310002  0.831355  0.526825  0.315187  0.344697  0.759101  0.875834  0.278517  0.529913  0.493762  0.682768  0.761312  0.617305  0.210206  0.765704  0.407076  0.678551  0.218949  0.332247  0.805055  0.740960  0.769387  0.856474  0.525045  0.195789  0.692621  0.376617  0.497110  0.703132  0.701144  0.563361 
21  0.678480  0.525133  0.350721  0.383582  0.352494  0.216673  0.783550  0.676697  0.645921  0.717303  0.694315  0.772997  0.784434  0.800192  0.813792  0.301915  0.387386  0.718671  0.798691  0.785499  0.203076 0.0  0.508564  0.325470  0.657955  0.688516  0.351921  0.712698  0.434020  0.249213  0.341590  0.837251  0.490012  0.386183  0.334792  0.766337  0.766816  0.265162  0.561800  0.519770  0.766791  0.745065  0.622673  0.207056  0.796291  0.413883  0.821049  0.202506  0.309529  0.805026  0.657339  0.918885  0.754970  0.498236  0.226080  0.608796  0.339488  0.463288  0.695053  0.760418  0.591340 
22  0.594697  0.476961  0.603571  0.418225  0.594709  0.455313  0.606252  0.700753  0.667890  0.839845  0.727595  0.540349  0.668217  0.715867  0.677477  0.412362  0.627536  0.691108  0.682090  0.676120  0.436117  0.508564 0.0  0.595824  0.598753  0.647939  0.645490  0.713372  0.431520  0.553254  0.495270  0.717801  0.392663  0.466484  0.537607  0.654001  0.708630  0.506507  0.195236  0.393830  0.670666  0.751995  0.595187  0.569443  0.543981  0.592684  0.551494  0.545229  0.490706  0.786348  0.626154  0.706413  0.871867  0.267730  0.490876  0.621717  0.538795  0.432866  0.797970  0.730890  0.198747 
23  0.664759  0.577851  0.316194  0.378301  0.299207  0.297504  0.867064  0.644486  0.815084  0.723782  0.808863  0.695706  0.832472  0.683909  0.791612  0.329656  0.260290  0.799292  0.699010  0.644347  0.313552  0.325470  0.595824 0.0  0.681126  0.656998  0.294105  0.659022  0.397023  0.270943  0.199282  0.756321  0.491509  0.357920  0.302717  0.780052  0.836949  0.275083  0.522968  0.421209  0.765853  0.756750  0.686037  0.328067  0.697972  0.323940  0.845899  0.322324  0.343645  0.700556  0.830914  0.888001  0.747464  0.495776  0.262543  0.641138  0.333332  0.393452  0.770176  0.689224  0.607268 
24  0.569235  0.546990  0.769279  0.711440  0.693656  0.656907  0.608607  0.657442  0.584860  0.616943  0.619142  0.524361  0.690781  0.629558  0.687778  0.598084  0.715666  0.598778  0.568987  0.526339  0.691966  0.657955  0.598753  0.681126 0.0  0.121417  0.736923  0.688739  0.696375  0.668813  0.725669  0.619330  0.622065  0.772629  0.599011  0.586726  0.480940  0.688027  0.629311  0.605463  0.680911  0.641643  0.606611  0.647516  0.737576  0.598046  0.671854  0.713365  0.771387  0.701890  0.690158  0.680485  0.570551  0.725533  0.685844  0.606194  0.652177  0.664959  0.702740  0.710013  0.623715 
25  0.600596  0.592276  0.692638  0.763801  0.741613  0.679318  0.575222  0.596658  0.743319  0.764864  0.550990  0.587396  0.736180  0.705511  0.605522  0.719362  0.719398  0.561575  0.674111  0.609146  0.666481  0.688516  0.647939  0.656998  0.121417 0.0  0.654909  0.572225  0.738093  0.691990  0.754915  0.598214  0.644319  0.729992  0.750158  0.602657  0.671835  0.667531  0.610372  0.605696  0.560011  0.724565  0.585754  0.612752  0.640386  0.678924  0.585699  0.656785  0.575631  0.641873  0.576045  0.634446  0.640308  0.662254  0.708616  0.548662  0.718107  0.725615  0.644833  0.700754  0.689032 
26  0.802090  0.556657  0.389322  0.307372  0.248443  0.414179  0.843299  0.818278  0.757987  0.860326  0.772166  0.765597  0.848759  0.868421  0.863292  0.245130  0.270757  0.882353  0.732102  0.890982  0.363042  0.351921  0.645490  0.294105  0.736923  0.654909 0.0  0.728423  0.329585  0.232210  0.327299  0.817772  0.494958  0.320843  0.245730  0.684988  0.881155  0.276193  0.624115  0.540342  0.687623  0.717989  0.653685  0.325543  0.740650  0.267342  0.874103  0.384310  0.302469  0.794899  0.828251  0.851163  0.770166  0.588180  0.392557  0.605234  0.282098  0.472426  0.780361  0.734529  0.641585 
27  0.564559  0.508884  0.757242  0.710079  0.666728  0.677820  0.692249  0.131505  0.620799  0.766111  0.433497  0.682784  0.695992  0.712834  0.641351  0.763906  0.651434  0.744154  0.684433  0.721803  0.611010  0.712698  0.713372  0.659022  0.688739  0.572225  0.728423 0.0  0.706598  0.717102  0.618035  0.691846  0.618416  0.849148  0.708210  0.381760  0.619677  0.872199  0.684032  0.706861  0.537183  0.604800  0.360421  0.593503  0.250521  0.811024  0.242433  0.753549  0.750586  0.619700  0.412947  0.634605  0.669475  0.659494  0.829071  0.313054  0.544901  0.593760  0.682620  0.656530  0.642118 
28  0.740544  0.590969  0.262251  0.233441  0.168434  0.356460  0.728756  0.692092  0.768860  0.763059  0.625155  0.606330  0.853452  0.689599  0.890145  0.356693  0.333634  0.831235  0.725456  0.827777  0.363038  0.434020  0.431520  0.397023  0.696375  0.738093  0.329585  0.706598 0.0  0.316528  0.293857  0.784838  0.450562  0.222230  0.333359  0.673301  0.892844  0.334410  0.585285  0.559901  0.798644  0.764594  0.640894  0.300418  0.727584  0.330226  0.842913  0.330259  0.288240  0.833924  0.869052  0.640214  0.763030  0.460866  0.379532  0.657554  0.376473  0.411924  0.799781  0.838098  0.569490 
29  0.798966  0.594226  0.305318  0.291991  0.279071  0.302418  0.846084  0.872261  0.685565  0.745951  0.838503  0.773020  0.697400  0.823845  0.761685  0.305220  0.303505  0.864338  0.899870  0.854325  0.283378  0.249213  0.553254  0.270943  0.668813  0.691990  0.232210  0.717102  0.316528 0.0  0.251701  0.846406  0.457048  0.278705  0.276539  0.769325  0.825866  0.295415  0.494984  0.435240  0.767187  0.619459  0.657400  0.271361  0.852193  0.286015  0.783961  0.311065  0.285311  0.879510  0.732132  0.751831  0.666489  0.451257  0.284436  0.718094  0.268454  0.462181  0.821665  0.915807  0.507386 
30  0.702546  0.526653  0.323456  0.324343  0.329194  0.362668  0.778434  0.761599  0.816311  0.806730  0.723897  0.915314  0.859199  0.842287  0.889937  0.349869  0.317684  0.790326  0.899062  0.744665  0.310002  0.341590  0.495270  0.199282  0.725669  0.754915  0.327299  0.618035  0.293857  0.251701 0.0  0.851328  0.538350  0.290791  0.318006  0.871137  0.693954  0.327910  0.544500  0.480525  0.817723  0.915437  0.646651  0.331348  0.867972  0.359976  0.673520  0.355276  0.305232  0.820408  0.758067  0.730565  0.778985  0.508127  0.298224  0.620773  0.364168  0.452647  0.793733  0.711769  0.545428 
31  0.609945  0.503453  0.768805  0.747027  0.786719  0.719320  0.670438  0.615936  0.670241  0.658570  0.650153  0.130984  0.388198  0.608159  0.651083  0.786751  0.735669  0.214618  0.657378  0.712952  0.831355  0.837251  0.717801  0.756321  0.619330  0.598214  0.817772  0.691846  0.784838  0.846406  0.851328 0.0  0.739293  0.904224  0.831829  0.678249  0.643483  0.821515  0.717531  0.680187  0.707871  0.653032  0.573668  0.812709  0.696191  0.909457  0.652611  0.783601  0.850978  0.754765  0.747337  0.540435  0.128751  0.791422  0.887886  0.673780  0.842663  0.799753  0.700344  0.665389  0.734862 
32  0.693854  0.349704  0.490390  0.523687  0.540713  0.505650  0.626572  0.637748  0.710494  0.857866  0.677217  0.745614  0.693937  0.706971  0.730121  0.526950  0.374303  0.626346  0.695787  0.572025  0.526825  0.490012  0.392663  0.491509  0.622065  0.644319  0.494958  0.618416  0.450562  0.457048  0.538350  0.739293 0.0  0.582945  0.472816  0.783168  0.715452  0.450793  0.406012  0.263443  0.670154  0.859056  0.556363  0.477512  0.622260  0.507083  0.587999  0.460689  0.415686  0.758271  0.683260  0.763817  0.819601  0.329992  0.477222  0.541654  0.509650  0.241340  0.718255  0.692062  0.361196 
33  0.559294  0.596223  0.245083  0.231390  0.227051  0.357435  0.739637  0.732231  0.703147  0.818726  0.793177  0.760876  0.857415  0.742953  1.000000  0.377332  0.356909  0.857589  0.822130  0.885118  0.315187  0.386183  0.466484  0.357920  0.772629  0.729992  0.320843  0.849148  0.222230  0.278705  0.290791  0.904224  0.582945 0.0  0.428629  0.642069  0.793477  0.377200  0.537620  0.547174  0.680610  0.715440  0.669263  0.342586  0.816135  0.390394  0.788755  0.401845  0.295506  0.772076  0.728614  0.808285  0.836877  0.571203  0.320663  0.823800  0.356445  0.508549  0.842513  0.818428  0.508037 
34  0.617387  0.547942  0.316371  0.396096  0.290806  0.315279  0.777500  0.668991  0.658833  0.819175  0.679195  0.812524  0.816621  0.807432  0.771966  0.216926  0.188993  0.796788  0.662270  0.798264  0.344697  0.334792  0.537607  0.302717  0.599011  0.750158  0.245730  0.708210  0.333359  0.276539  0.318006  0.831829  0.472816  0.428629 0.0  0.566714  0.723662  0.252338  0.502442  0.418761  0.744011  0.839885  0.619813  0.273185  0.709718  0.243738  0.812240  0.313357  0.349801  0.712941  0.832792  0.784546  0.766316  0.507529  0.311017  0.707902  0.157759  0.412694  0.825326  0.696408  0.497023 
35  0.553022  0.560350  0.776969  0.739186  0.687536  0.776873  0.654216  0.425505  0.635091  0.633429  0.259275  0.638893  0.456605  0.677770  0.597305  0.698553  0.514499  0.551372  0.572008  0.660679  0.759101  0.766337  0.654001  0.780052  0.586726  0.602657  0.684988  0.381760  0.673301  0.769325  0.871137  0.678249  0.783168  0.642069  0.566714 0.0  0.735803  0.717451  0.711844  0.731926  0.707103  0.649667  0.315474  0.673573  0.394902  0.573406  0.374735  0.694337  0.709651  0.699887  0.270643  0.575855  0.539536  0.868896  0.767660  0.287491  0.743881  0.713262  0.734278  0.746088  0.756685 
36  0.653031  0.687976  0.760846  0.777333  0.684357  0.939931  0.548259  0.587005  0.589056  0.192237  0.722481  0.848491  0.598083  0.210081  0.764444  0.809345  0.861632  0.646555  0.689047  0.230350  0.875834  0.766816  0.708630  0.836949  0.480940  0.671835  0.881155  0.619677  0.892844  0.825866  0.693954  0.643483  0.715452  0.793477  0.723662  0.735803 0.0  0.936073  0.735084  0.658940  0.253323  0.237485  0.629011  0.831413  0.733226  0.825244  0.628211  0.727579  0.743635  0.132906  0.598423  0.311346  0.785635  0.742185  0.706300  0.622869  0.673809  0.675138  0.708858  0.575038  0.810736 
37  0.690333  0.540432  0.334760  0.396365  0.302988  0.254101  0.710747  0.698500  0.770398  0.708728  0.788220  0.713154  0.745790  0.783831  0.768162  0.301589  0.319069  0.762919  0.770530  0.713199  0.278517  0.265162  0.506507  0.275083  0.688027  0.667531  0.276193  0.872199  0.334410  0.295415  0.327910  0.821515  0.450793  0.377200  0.252338  0.717451  0.936073 0.0  0.473676  0.434627  0.856635  0.804775  0.716197  0.253454  0.789656  0.285022  0.837345  0.253721  0.350002  0.884886  0.713182  0.810735  0.723595  0.458975  0.240219  0.650772  0.310776  0.451378  0.684107  0.843257  0.485722 
38  0.581934  0.514886  0.520106  0.487257  0.524842  0.577384  0.722112  0.602170  0.621763  0.728753  0.739237  0.704190  0.775016  0.765502  0.770164  0.455285  0.496595  0.819486  0.633777  0.520194  0.529913  0.561800  0.195236  0.522968  0.629311  0.610372  0.624115  0.684032  0.585285  0.494984  0.544500  0.717531  0.406012  0.537620  0.502442  0.711844  0.735084  0.473676 0.0  0.337336  0.657349  0.681887  0.687183  0.496197  0.604944  0.485589  0.644046  0.610548  0.561362  0.666099  0.706322  0.648145  0.733359  0.120649  0.442921  0.653055  0.535086  0.404045  0.753608  0.706643  0.280769 
39  0.447243  0.471771  0.396240  0.501901  0.406457  0.506518  0.884009  0.635187  0.776479  0.668695  0.662934  0.680219  0.790746  0.757189  0.729536  0.466635  0.477951  0.730839  0.806937  0.783813  0.493762  0.519770  0.393830  0.421209  0.605463  0.605696  0.540342  0.706861  0.559901  0.435240  0.480525  0.680187  0.263443  0.547174  0.418761  0.731926  0.658940  0.434627  0.337336 0.0  0.584027  0.773525  0.762252  0.460355  0.687515  0.485801  0.779468  0.470293  0.451958  0.770553  0.684503  0.806182  0.835100  0.318136  0.426169  0.703251  0.474853  0.184727  0.834341  0.683482  0.328390 
40  0.664034  0.526174  0.751248  0.617765  0.748006  0.749598  0.660635  0.569186  0.584756  0.275785  0.627996  0.691380  0.589854  0.296013  0.649519  0.786891  0.760518  0.622299  0.682859  0.225686  0.682768  0.766791  0.670666  0.765853  0.680911  0.560011  0.687623  0.537183  0.798644  0.767187  0.817723  0.707871  0.670154  0.680610  0.744011  0.707103  0.253323  0.856635  0.657349  0.584027 0.0  0.287860  0.562180  0.652150  0.674875  0.681253  0.659207  0.806103  0.740958  0.277472  0.689810  0.215539  0.521261  0.684601  0.683840  0.550259  0.735698  0.579430  0.805505  0.621923  0.742773 
41  0.480845  0.498792  0.824073  0.695761  0.907860  0.880501  0.682024  0.756885  0.786633  0.204248  0.570163  0.599655  0.669902  0.173132  0.672159  0.790126  0.827260  0.753164  0.705082  0.223891  0.761312  0.745065  0.751995  0.756750  0.641643  0.724565  0.717989  0.604800  0.764594  0.619459  0.915437  0.653032  0.859056  0.715440  0.839885  0.649667  0.237485  0.804775  0.681887  0.773525  0.287860 0.0  0.611612  0.754865  0.583240  0.855863  0.605109  0.865412  0.728885  0.226095  0.689382  0.343060  0.770898  0.771279  0.897849  0.666938  0.825087  0.741751  0.629560  0.512413  0.886733 
42  0.572666  0.464397  0.844216  0.743521  0.683221  0.685720  0.760930  0.306027  0.642933  0.681878  0.352430  0.640572  0.623463  0.621223  0.630065  0.672700  0.620775  0.545160  0.603611  0.648404  0.617305  0.622673  0.595187  0.686037  0.606611  0.585754  0.653685  0.360421  0.640894  0.657400  0.646651  0.573668  0.556363  0.669263  0.619813  0.315474  0.629011  0.716197  0.687183  0.762252  0.562180  0.611612 0.0  0.613791  0.334210  0.658580  0.323797  0.600131  0.816985  0.679920  0.360064  0.651440  0.571275  0.630612  0.593833  0.118311  0.646163  0.610929  0.712749  0.550736  0.640591 
43  0.603865  0.543295  0.348210  0.340904  0.322797  0.185091  0.834813  0.601539  0.778693  0.681746  0.802122  0.773194  0.772913  0.765429  0.686997  0.275876  0.353774  0.798411  0.803330  0.821457  0.210206  0.207056  0.569443  0.328067  0.647516  0.612752  0.325543  0.593503  0.300418  0.271361  0.331348  0.812709  0.477512  0.342586  0.273185  0.673573  0.831413  0.253454  0.496197  0.460355  0.652150  0.754865  0.613791 0.0  0.792059  0.371820  0.653162  0.141591  0.290896  0.766130  0.746622  0.713491  0.654335  0.599639  0.201704  0.692193  0.320299  0.452860  0.802546  0.773904  0.634924 
44  0.606078  0.575655  0.734674  0.801325  0.713527  0.783716  0.632740  0.232985  0.678710  0.691149  0.371249  0.700427  0.663946  0.553769  0.769001  0.817808  0.679279  0.593505  0.660708  0.633464  0.765704  0.796291  0.543981  0.697972  0.737576  0.640386  0.740650  0.250521  0.727584  0.852193  0.867972  0.696191  0.622260  0.816135  0.709718  0.394902  0.733226  0.789656  0.604944  0.687515  0.674875  0.583240  0.334210  0.792059 0.0  0.659922  0.136889  0.610497  0.802688  0.687052  0.470559  0.652297  0.735146  0.607593  0.725370  0.284769  0.691965  0.710636  0.747176  0.736741  0.630865 
45  0.635123  0.579000  0.337632  0.380293  0.423065  0.382262  0.787187  0.916630  0.803032  0.804279  0.853955  0.702002  0.641900  0.777407  0.716343  0.220508  0.258610  0.795207  0.769521  0.816855  0.407076  0.413883  0.592684  0.323940  0.598046  0.678924  0.267342  0.811024  0.330226  0.286015  0.359976  0.909457  0.507083  0.390394  0.243738  0.573406  0.825244  0.285022  0.485589  0.485801  0.681253  0.855863  0.658580  0.371820  0.659922 0.0  0.811171  0.352680  0.324660  0.735071  0.714663  0.693705  0.818831  0.534384  0.397527  0.753827  0.272751  0.477236  0.805965  0.796607  0.489120 
46  0.538958  0.556460  0.871448  0.806236  0.669679  0.782350  0.767775  0.217202  0.611341  0.596072  0.418721  0.644603  0.638166  0.747754  0.667551  0.864177  0.727699  0.754863  0.705808  0.552194  0.678551  0.821049  0.551494  0.845899  0.671854  0.585699  0.874103  0.242433  0.842913  0.783961  0.673520  0.652611  0.587999  0.788755  0.812240  0.374735  0.628211  0.837345  0.644046  0.779468  0.659207  0.605109  0.323797  0.653162  0.136889  0.811171 0.0  0.719305  0.749063  0.629924  0.464565  0.595593  0.580406  0.514373  0.739373  0.300494  0.591598  0.707065  0.624720  0.636450  0.675860 
47  0.698039  0.521864  0.331250  0.350000  0.268898  0.148650  0.792564  0.750621  0.854496  0.760550  0.775122  0.672844  0.762381  0.833791  0.762505  0.322750  0.314121  0.727963  0.750452  0.978720  0.218949  0.202506  0.545229  0.322324  0.713365  0.656785  0.384310  0.753549  0.330259  0.311065  0.355276  0.783601  0.460689  0.401845  0.313357  0.694337  0.727579  0.253721  0.610548  0.470293  0.806103  0.865412  0.600131  0.141591  0.610497  0.352680  0.719305 0.0  0.319056  0.741005  0.612772  0.689508  0.736688  0.509568  0.180989  0.635248  0.294479  0.375170  0.828869  0.758464  0.608967 
48  0.619659  0.568062  0.312860  0.304524  0.255531  0.328771  0.798448  0.676720  0.864173  0.828018  0.853920  0.706130  0.779244  0.727251  0.871972  0.339632  0.287107  0.681870  0.839820  0.881861  0.332247  0.309529  0.490706  0.343645  0.771387  0.575631  0.302469  0.750586  0.288240  0.285311  0.305232  0.850978  0.415686  0.295506  0.349801  0.709651  0.743635  0.350002  0.561362  0.451958  0.740958  0.728885  0.816985  0.290896  0.802688  0.324660  0.749063  0.319056 0.0  0.900906  0.738461  0.801259  0.682337  0.486743  0.323550  0.646860  0.348175  0.472074  0.820496  0.712088  0.526831 
49  0.519927  0.539100  0.842578  0.869224  0.742235  0.846547  0.613433  0.562585  0.631345  0.178111  0.717366  0.657009  0.634736  0.214557  0.582341  0.743147  0.700296  0.681310  0.626578  0.181557  0.805055  0.805026  0.786348  0.700556  0.701890  0.641873  0.794899  0.619700  0.833924  0.879510  0.820408  0.754765  0.758271  0.772076  0.712941  0.699887  0.132906  0.884886  0.666099  0.770553  0.277472  0.226095  0.679920  0.766130  0.687052  0.735071  0.629924  0.741005  0.900906 0.0  0.699837  0.348305  0.648350  0.776601  0.870431  0.658649  0.638110  0.767462  0.656834  0.709908  0.811101 
50  0.622962  0.581004  0.725061  0.804370  0.686454  0.762399  0.618922  0.455200  0.675887  0.660669  0.245731  0.735280  0.439464  0.743394  0.698110  0.678208  0.748311  0.648232  0.686820  0.679949  0.740960  0.657339  0.626154  0.830914  0.690158  0.576045  0.828251  0.412947  0.869052  0.732132  0.758067  0.747337  0.683260  0.728614  0.832792  0.270643  0.598423  0.713182  0.706322  0.684503  0.689810  0.689382  0.360064  0.746622  0.470559  0.714663  0.464565  0.612772  0.738461  0.699837 0.0  0.817451  0.702571  0.677683  0.671494  0.390207  0.785715  0.799287  0.726657  0.647034  0.624874 
51  0.629863  0.538886  0.825392  0.851644  0.634421  0.872863  0.645258  0.522753  0.682440  0.322733  0.693311  0.473951  0.625323  0.317654  0.787513  0.776723  0.758935  0.625507  0.585186  0.283151  0.769387  0.918885  0.706413  0.888001  0.680485  0.634446  0.851163  0.634605  0.640214  0.751831  0.730565  0.540435  0.763817  0.808285  0.784546  0.575855  0.311346  0.810735  0.648145  0.806182  0.215539  0.343060  0.651440  0.713491  0.652297  0.693705  0.595593  0.689508  0.801259  0.348305  0.817451 0.0  0.796114  0.894217  0.650955  0.528028  0.818361  0.626951  0.641163  0.643599  0.841882 
52  0.563905  0.542072  0.856532  0.721606  0.739523  0.545162  0.569564  0.548791  0.692755  0.723395  0.751186  0.135178  0.396860  0.659827  0.679857  0.815913  0.790854  0.257010  0.682462  0.688504  0.856474  0.754970  0.871867  0.747464  0.570551  0.640308  0.770166  0.669475  0.763030  0.666489  0.778985  0.128751  0.819601  0.836877  0.766316  0.539536  0.785635  0.723595  0.733359  0.835100  0.521261  0.770898  0.571275  0.654335  0.735146  0.818831  0.580406  0.736688  0.682337  0.648350  0.702571  0.796114 0.0  0.727662  0.765422  0.599700  0.823115  0.693883  0.566314  0.702416  0.774508 
53  0.543147  0.529934  0.501011  0.533733  0.495955  0.519760  0.774489  0.594500  0.681494  0.566419  0.595212  0.835797  0.748725  0.834358  0.728415  0.533353  0.562174  0.779663  0.744766  0.708893  0.525045  0.498236  0.267730  0.495776  0.725533  0.662254  0.588180  0.659494  0.460866  0.451257  0.508127  0.791422  0.329992  0.571203  0.507529  0.868896  0.742185  0.458975  0.120649  0.318136  0.684601  0.771279  0.630612  0.599639  0.607593  0.534384  0.514373  0.509568  0.486743  0.776601  0.677683  0.894217  0.727662 0.0  0.489213  0.763284  0.608600  0.342139  0.737025  0.806202  0.323147 
54  0.735505  0.522631  0.341535  0.347096  0.323172  0.231381  0.783496  0.628684  0.781099  0.758820  0.734038  0.610387  0.683637  0.865490  0.754901  0.308825  0.387148  0.697434  0.704573  0.759340  0.195789  0.226080  0.490876  0.262543  0.685844  0.708616  0.392557  0.829071  0.379532  0.284436  0.298224  0.887886  0.477222  0.320663  0.311017  0.767660  0.706300  0.240219  0.442921  0.426169  0.683840  0.897849  0.593833  0.201704  0.725370  0.397527  0.739373  0.180989  0.323550  0.870431  0.671494  0.650955  0.765422  0.489213 0.0  0.625050  0.297510  0.441929  0.908588  0.736568  0.547799 
55  0.593599  0.488570  0.734314  0.641314  0.655167  0.690177  0.644904  0.286575  0.542473  0.694420  0.347422  0.632910  0.711117  0.578508  0.618617  0.638725  0.640637  0.621705  0.627844  0.594906  0.692621  0.608796  0.621717  0.641138  0.606194  0.548662  0.605234  0.313054  0.657554  0.718094  0.620773  0.673780  0.541654  0.823800  0.707902  0.287491  0.622869  0.650772  0.653055  0.703251  0.550259  0.666938  0.118311  0.692193  0.284769  0.753827  0.300494  0.635248  0.646860  0.658649  0.390207  0.528028  0.599700  0.763284  0.625050 0.0  0.621270  0.521616  0.714232  0.657700  0.676700 
56  0.732128  0.486357  0.375700  0.407520  0.293841  0.382071  0.830973  0.726483  0.697809  0.789125  0.613261  0.787574  0.812360  0.890720  0.810103  0.202045  0.126942  0.671434  0.789424  0.761609  0.376617  0.339488  0.538795  0.333332  0.652177  0.718107  0.282098  0.544901  0.376473  0.268454  0.364168  0.842663  0.509650  0.356445  0.157759  0.743881  0.673809  0.310776  0.535086  0.474853  0.735698  0.825087  0.646163  0.320299  0.691965  0.272751  0.591598  0.294479  0.348175  0.638110  0.785715  0.818361  0.823115  0.608600  0.297510  0.621270 0.0  0.465232  0.897987  0.764498  0.477334 
57  0.659546  0.524639  0.490726  0.429495  0.332813  0.443502  0.853013  0.635764  0.800952  0.796342  0.787241  0.733207  0.750391  0.702289  0.763724  0.439469  0.515084  0.779715  0.815714  0.712011  0.497110  0.463288  0.432866  0.393452  0.664959  0.725615  0.472426  0.593760  0.411924  0.462181  0.452647  0.799753  0.241340  0.508549  0.412694  0.713262  0.675138  0.451378  0.404045  0.184727  0.579430  0.741751  0.610929  0.452860  0.710636  0.477236  0.707065  0.375170  0.472074  0.767462  0.799287  0.626951  0.693883  0.342139  0.441929  0.521616  0.465232 0.0  0.735709  0.808764  0.415636 
58  0.577606  0.538273  0.763136  0.732723  0.810287  0.795935  0.209108  0.695680  0.191398  0.636144  0.724316  0.637801  0.647388  0.627298  0.310725  0.688472  0.778254  0.653455  0.314404  0.591329  0.703132  0.695053  0.797970  0.770176  0.702740  0.644833  0.780361  0.682620  0.799781  0.821665  0.793733  0.700344  0.718255  0.842513  0.825326  0.734278  0.708858  0.684107  0.753608  0.834341  0.805505  0.629560  0.712749  0.802546  0.747176  0.805965  0.624720  0.828869  0.820496  0.656834  0.726657  0.641163  0.566314  0.737025  0.908588  0.714232  0.897987  0.735709 0.0  0.182767  0.779378 
59  0.648986  0.566823  0.842121  0.828211  0.621894  0.647905  0.140854  0.642756  0.099789  0.607212  0.704050  0.688598  0.664670  0.567192  0.237223  0.639885  0.700445  0.703743  0.212733  0.588759  0.701144  0.760418  0.730890  0.689224  0.710013  0.700754  0.734529  0.656530  0.838098  0.915807  0.711769  0.665389  0.692062  0.818428  0.696408  0.746088  0.575038  0.843257  0.706643  0.683482  0.621923  0.512413  0.550736  0.773904  0.736741  0.796607  0.636450  0.758464  0.712088  0.709908  0.647034  0.643599  0.702416  0.806202  0.736568  0.657700  0.764498  0.808764  0.182767 0.0  0.725359 
60  0.657645  0.463073  0.560851  0.560307  0.531872  0.485841  0.876375  0.756271  0.708541  0.861218  0.713589  0.746347  0.683309  0.753582  0.774901  0.488773  0.460839  0.710485  0.755466  0.679259  0.563361  0.591340  0.198747  0.607268  0.623715  0.689032  0.641585  0.642118  0.569490  0.507386  0.545428  0.734862  0.361196  0.508037  0.497023  0.756685  0.810736  0.485722  0.280769  0.328390  0.742773  0.886733  0.640591  0.634924  0.630865  0.489120  0.675860  0.608967  0.526831  0.811101  0.624874  0.841882  0.774508  0.323147  0.547799  0.676700  0.477334  0.415636  0.779378  0.725359 0.0 
