89
0 0.0  0.867914  0.664203  0.437054  0.772351  0.761151  0.768175  0.507241  0.703046  0.837385  0.715507  0.844053  0.820457  0.846599  0.511945  0.886453  0.851384  0.688201  0.614768  0.522519  0.751593  0.857016  0.682515  0.639406  0.845217  0.820059  0.841000  0.758421  0.900907  0.733511  0.610146  0.665843  0.752222  0.747642  0.794774  0.834211  0.747318  0.780423  0.614047  0.681328  0.683332  0.753356  0.801536  0.727696  0.456132  0.788542  0.740887  0.820751  0.581262  0.717802  0.776134  0.459082  0.364087  0.865759  0.727114  0.616458  0.652488  0.837108  0.485700  0.387776  0.560022  0.864106  0.889496  0.782031  0.934541  0.680173  0.778469  0.429526  0.758603  0.700751  0.810964  0.875421  0.773318  0.757491  0.691631  0.823901  0.844390  0.792387  0.724409  0.796774  0.750111  0.807185  0.783301  0.751496  0.887649  0.773039  0.851464  0.795479  0.911360 
1  0.867914 0.0  0.678534  0.743828  0.672556  0.814970  0.811963  0.795565  0.441216  0.841066  0.730320  0.815057  0.489008  0.750640  0.761906  0.836114  0.830076  0.803911  0.816750  0.622996  0.735673  0.892111  0.804990  0.829260  0.878891  0.767728  0.881813  0.827436  0.718570  0.459795  0.882514  0.885453  0.771637  0.807098  0.824668  0.628049  0.727215  0.777206  0.774907  0.782659  0.717554  0.648857  0.865926  0.456298  0.870068  0.510790  0.819260  0.481258  0.792988  0.820510  0.687940  0.705438  0.834515  0.799706  0.812630  0.588816  0.734190  0.770804  0.855911  0.688851  0.751956  0.497776  0.818676  0.760617  0.803955  0.870268  0.771250  0.848424  0.799453  0.720028  0.669283  0.759776  0.844577  0.834466  0.665836  0.915549  0.816712  0.672820  0.854935  0.841717  0.719137  0.846821  0.765327  0.778179  0.805267  0.805144  0.799891  0.592523  0.758509 
2  0.664203  0.678534 0.0  0.792837  0.506955  0.634700  0.763345  0.730960  0.728536  0.658961  0.514734  0.803142  0.716201  0.765038  0.772475  0.836545  0.874946  0.707097  0.742585  0.642373  0.563781  0.736667  0.589574  0.761376  0.782922  0.627726  0.705942  0.792352  0.816946  0.668017  0.657320  0.812729  0.708826  0.704859  0.719558  0.746484  0.759996  0.654418  0.796893  0.834813  0.655436  0.827636  0.760824  0.809499  0.747795  0.791914  0.561716  0.721471  0.828731  0.795783  0.469822  0.717417  0.647310  0.844698  0.647810  0.729130  0.515024  0.722526  0.768362  0.772147  0.812904  0.738846  0.742452  0.682878  0.748186  0.784974  0.839444  0.770892  0.467750  0.787480  0.779670  0.730468  0.677188  0.735841  0.649593  0.735859  0.698184  0.730674  0.684384  0.645945  0.736217  0.641973  0.827771  0.821935  0.695169  0.762284  0.643801  0.726801  0.694282 
3  0.437054  0.743828  0.792837 0.0  0.684541  0.816486  0.706620  0.492672  0.698168  0.878392  0.888505  0.881142  0.768236  0.696257  0.659265  0.777336  0.914855  0.698064  0.570000  0.553090  0.733802  0.685461  0.709834  0.613180  0.820081  0.777041  0.834746  0.785489  0.815173  0.737885  0.553714  0.697530  0.739603  0.762845  0.800148  0.761699  0.784657  0.907633  0.627899  0.786624  0.726404  0.730977  0.762925  0.717815  0.477760  0.784447  0.641642  0.777505  0.391320  0.878403  0.725867  0.421554  0.453818  0.831743  0.788178  0.795044  0.719281  0.721281  0.493355  0.515578  0.551472  0.904151  0.869305  0.802550  0.778034  0.749630  0.654884  0.667610  0.676779  0.806192  0.836962  0.814275  0.754251  0.792272  0.653848  0.741078  0.707144  0.796283  0.789163  0.883163  0.937558  0.844113  0.791577  0.804775  0.797078  0.725977  0.777855  0.796317  0.748535 
4  0.772351  0.672556  0.506955  0.684541 0.0  0.884313  0.750926  0.728592  0.762912  0.560831  0.349701  0.735257  0.695421  0.780322  0.735820  0.680899  0.767972  0.739771  0.672455  0.739396  0.481707  0.799433  0.374266  0.788735  0.638033  0.690012  0.893330  0.885288  0.699591  0.765604  0.617432  0.659070  0.735590  0.760031  0.697339  0.695034  0.757310  0.649764  0.677019  0.805691  0.751005  0.709812  0.714998  0.719118  0.634279  0.792536  0.538627  0.780433  0.687639  0.706297  0.551859  0.595628  0.784882  0.823520  0.675174  0.704584  0.305931  0.741141  0.783106  0.720509  0.686054  0.795725  0.711834  0.697315  0.776330  0.747907  0.752193  0.729705  0.550993  0.700138  0.887723  0.740760  0.725208  0.854424  0.660204  0.787944  0.711048  0.735502  0.735419  0.740814  0.758867  0.696581  0.640996  0.644593  0.783916  0.787674  0.691801  0.759187  0.719825 
5  0.761151  0.814970  0.634700  0.816486  0.884313 0.0  0.696510  0.893778  0.767863  0.757442  0.832487  0.690035  0.893216  0.621755  0.820777  0.458794  0.944290  0.516635  0.717811  0.745681  0.707571  0.652486  0.702817  0.864133  0.718689  0.615588  0.929935  0.490020  0.652130  0.815218  0.800851  0.815049  0.829152  0.597550  0.461285  0.573161  0.645989  0.653034  0.766584  0.724383  0.766313  0.599691  0.660842  0.810225  0.849151  0.758148  0.734247  0.766366  0.777665  0.497200  0.758557  0.849437  0.802229  0.793926  0.656144  0.854998  0.854797  0.443788  0.660472  0.808557  0.881410  0.853805  0.588226  0.615297  0.634257  0.749279  0.762254  0.817159  0.809066  0.746571  0.703602  0.691931  0.688619  0.626859  0.638408  0.569000  0.669478  0.573205  0.660863  0.575473  0.412729  0.648495  0.630937  0.658223  0.591885  0.445247  0.660999  0.670937  0.613048 
6  0.768175  0.811963  0.763345  0.706620  0.750926  0.696510 0.0  0.725029  0.754061  0.733066  0.756439  0.643797  0.740310  0.774345  0.708288  0.651066  0.776762  0.720017  0.775208  0.770104  0.642924  0.794175  0.717016  0.765673  0.773783  0.748900  0.839011  0.757240  0.813137  0.786922  0.762009  0.742883  0.761018  0.771953  0.803441  0.819586  0.740821  0.720956  0.722032  0.791150  0.765529  0.746349  0.710366  0.707516  0.652481  0.796753  0.689075  0.583866  0.774830  0.743798  0.823278  0.771188  0.831738  0.839820  0.785398  0.762188  0.666560  0.803313  0.762892  0.771127  0.795166  0.777235  0.696663  0.780189  0.719740  0.871935  0.619333  0.708789  0.801443  0.531890  0.804204  0.701312  0.699209  0.761693  0.617179  0.855866  0.758206  0.848497  0.742632  0.731903  0.776700  0.799307  0.666164  0.816297  0.808752  0.691359  0.718854  0.724385  0.723821 
7  0.507241  0.795565  0.730960  0.492672  0.728592  0.893778  0.725029 0.0  0.836432  0.925700  0.710108  0.669741  0.842279  0.924388  0.584396  0.876246  0.877242  0.739287  0.548946  0.520438  0.645427  0.897028  0.818371  0.734037  0.958839  0.809989  0.880504  0.861593  0.712743  0.686974  0.559736  0.606348  0.769521  0.707982  0.868954  0.779322  0.876395  0.768317  0.715881  0.848532  0.732763  0.758303  0.869903  0.755834  0.315898  0.778571  0.717590  0.828784  0.558482  0.846240  0.756995  0.572375  0.451515  0.789423  0.765390  0.803557  0.821484  0.811172  0.441079  0.461716  0.790287  0.866734  0.861030  0.827377  0.804354  0.822102  0.666429  0.446592  0.740455  0.682407  0.753685  0.794345  0.811757  0.960990  0.726626  0.825594  0.780106  0.799971  0.708103  0.850203  0.828139  0.701362  0.792768  0.803386  0.752683  0.824019  0.820093  0.751788  0.829157 
8  0.703046  0.441216  0.728536  0.698168  0.762912  0.767863  0.754061  0.836432 0.0  0.822104  0.726485  0.760506  0.431543  0.817331  0.771604  0.855575  0.753363  0.823784  0.807498  0.831710  0.841102  0.736104  0.769901  0.641896  0.821679  0.709850  0.866109  0.842900  0.841993  0.510106  0.848093  0.898479  0.790304  0.840215  0.830568  0.772108  0.838619  0.771314  0.828008  0.701240  0.618130  0.685200  0.788257  0.469845  0.831304  0.535810  0.785494  0.524530  0.766108  0.687977  0.780691  0.802169  0.870174  0.894842  0.885821  0.562650  0.778417  0.789224  0.794904  0.743021  0.779722  0.455602  0.829279  0.798356  0.700161  0.831076  0.769941  0.838265  0.762547  0.708441  0.810127  0.824468  0.855479  0.752570  0.570104  0.787472  0.796897  0.636974  0.827532  0.854689  0.830046  0.781146  0.811147  0.686116  0.831404  0.802163  0.748180  0.588676  0.921833 
9  0.837385  0.841066  0.658961  0.878392  0.560831  0.757442  0.733066  0.925700  0.822104 0.0  0.702896  0.452584  0.789262  0.482953  0.762737  0.709386  0.909587  0.694413  0.809572  0.665384  0.829519  0.578648  0.880745  0.800265  0.562347  0.547417  0.832778  0.694349  0.492189  0.821525  0.736785  0.878402  0.633869  0.423833  0.575921  0.705188  0.497807  0.535264  0.852442  0.698527  0.668045  0.785156  0.319536  0.794257  0.913787  0.833769  0.673230  0.732845  0.775501  0.529033  0.714471  0.791373  0.851795  0.820406  0.430594  0.854498  0.757938  0.648993  0.720441  0.841706  0.790911  0.778400  0.649756  0.577058  0.449142  0.472816  0.703003  0.861594  0.768871  0.801508  0.487264  0.336639  0.432974  0.583367  0.513161  0.446181  0.466138  0.423511  0.495982  0.705277  0.599111  0.421526  0.546863  0.540823  0.506073  0.581458  0.560396  0.882734  0.508949 
10  0.715507  0.730320  0.514734  0.888505  0.349701  0.832487  0.756439  0.710108  0.726485  0.702896 0.0  0.700409  0.827178  0.708269  0.717343  0.838173  0.747887  0.731772  0.780436  0.688701  0.678076  0.716084  0.367217  0.723280  0.715700  0.772266  0.762297  0.699097  0.812975  0.777977  0.746437  0.733368  0.737745  0.802811  0.771505  0.765171  0.776882  0.766778  0.788121  0.726612  0.777754  0.786404  0.785237  0.752525  0.662803  0.731962  0.484095  0.712596  0.732422  0.774208  0.630381  0.706982  0.681490  0.720530  0.753039  0.826957  0.441189  0.808263  0.779782  0.801533  0.717214  0.750610  0.778357  0.755008  0.715885  0.765932  0.791305  0.733186  0.442259  0.753621  0.771963  0.762167  0.724456  0.723288  0.691841  0.779436  0.822884  0.770719  0.817381  0.709137  0.747969  0.773162  0.669066  0.714801  0.833769  0.745163  0.726639  0.682522  0.670443 
11  0.844053  0.815057  0.803142  0.881142  0.735257  0.690035  0.643797  0.669741  0.760506  0.452584  0.700409 0.0  0.759992  0.529734  0.847089  0.723449  0.792489  0.635563  0.918403  0.677090  0.717482  0.629376  0.630675  0.904987  0.505395  0.476504  0.829569  0.669650  0.379819  0.721074  0.814454  0.860818  0.647345  0.588652  0.647207  0.699422  0.505887  0.569437  0.824165  0.773417  0.693681  0.704138  0.449220  0.751355  0.693156  0.776386  0.702301  0.799969  0.808962  0.664877  0.639978  0.791172  0.792522  0.731851  0.606713  0.740052  0.812867  0.656138  0.886804  0.830816  0.846312  0.764221  0.744784  0.507121  0.515052  0.538645  0.827752  0.743489  0.701171  0.632781  0.371453  0.440562  0.429373  0.589070  0.670368  0.441722  0.379302  0.387895  0.524461  0.623201  0.650550  0.495921  0.477839  0.431710  0.393942  0.632280  0.592861  0.783997  0.623361 
12  0.820457  0.489008  0.716201  0.768236  0.695421  0.893216  0.740310  0.842279  0.431543  0.789262  0.827178  0.759992 0.0  0.805364  0.707829  0.745146  0.826794  0.883499  0.836347  0.781002  0.663177  0.818506  0.730199  0.802862  0.759311  0.785348  0.808554  0.802155  0.821796  0.681626  0.904072  0.806363  0.795680  0.788519  0.826384  0.839359  0.811813  0.888436  0.721963  0.702006  0.721636  0.739957  0.831263  0.684178  0.766339  0.660899  0.744570  0.607707  0.782381  0.812577  0.787126  0.815367  0.684527  0.809595  0.840642  0.547877  0.741107  0.794743  0.719551  0.880480  0.871843  0.633092  0.827488  0.836442  0.765755  0.842147  0.856955  0.827718  0.727459  0.733435  0.772035  0.862239  0.736747  0.878484  0.574733  0.882480  0.718448  0.824698  0.819821  0.782619  0.803565  0.773825  0.772636  0.688579  0.813699  0.736340  0.714528  0.562425  0.654861 
13  0.846599  0.750640  0.765038  0.696257  0.780322  0.621755  0.774345  0.924388  0.817331  0.482953  0.708269  0.529734  0.805364 0.0  0.840356  0.651105  0.812844  0.649919  0.783049  0.711282  0.740996  0.441172  0.674730  0.768293  0.609190  0.616170  0.800932  0.698292  0.604749  0.790205  0.884952  0.835914  0.764436  0.604670  0.589629  0.676341  0.539061  0.505033  0.877903  0.752591  0.756661  0.738464  0.593922  0.761717  0.799185  0.898111  0.725221  0.841186  0.817297  0.668643  0.706769  0.795611  0.937285  0.792757  0.480735  0.800147  0.774604  0.654853  0.768499  0.886166  0.739371  0.857997  0.668025  0.475492  0.423716  0.498560  0.768432  0.725087  0.741687  0.710297  0.579286  0.572947  0.520406  0.566357  0.701759  0.567908  0.493948  0.375355  0.480252  0.678202  0.581575  0.584538  0.549462  0.426067  0.548562  0.714684  0.402071  0.778101  0.526334 
14  0.511945  0.761906  0.772475  0.659265  0.735820  0.820777  0.708288  0.584396  0.771604  0.762737  0.717343  0.847089  0.707829  0.840356 0.0  0.741286  0.817099  0.870409  0.492443  0.509058  0.761536  0.783872  0.782464  0.432106  0.853276  0.625075  0.782223  0.775310  0.855949  0.845864  0.643732  0.522455  0.683957  0.909005  0.780085  0.777481  0.815882  0.838346  0.458961  0.746287  0.818304  0.755619  0.752995  0.891271  0.535694  0.821897  0.697165  0.861817  0.616898  0.845080  0.819366  0.620763  0.719665  0.800260  0.797442  0.655249  0.729863  0.782019  0.644898  0.665533  0.434512  0.811770  0.871505  0.819226  0.824080  0.842766  0.649460  0.620255  0.702623  0.772724  0.785712  0.802560  0.753682  0.911132  0.619899  0.679497  0.852190  0.646824  0.876691  0.838901  0.799858  0.744262  0.772723  0.864730  0.821093  0.715983  0.796263  0.876296  0.815672 
15  0.886453  0.836114  0.836545  0.777336  0.680899  0.458794  0.651066  0.876246  0.855575  0.709386  0.838173  0.723449  0.745146  0.651105  0.741286 0.0  0.852913  0.501157  0.763622  0.666173  0.682282  0.690424  0.717201  0.852376  0.613880  0.624135  0.850140  0.464086  0.669547  0.657501  0.797671  0.865476  0.729336  0.649799  0.473823  0.509610  0.600365  0.670397  0.749626  0.758230  0.706289  0.746534  0.599429  0.771558  0.823486  0.792434  0.771061  0.766696  0.824896  0.647894  0.677742  0.695406  0.839017  0.819520  0.590746  0.798248  0.764814  0.575506  0.745069  0.820776  0.727727  0.723397  0.375155  0.656820  0.676796  0.572824  0.545685  0.818594  0.748612  0.733916  0.620655  0.611919  0.661255  0.671099  0.639047  0.727491  0.681397  0.622972  0.703735  0.527052  0.582907  0.667045  0.691036  0.702995  0.651914  0.437841  0.633880  0.798612  0.652398 
16  0.851384  0.830076  0.874946  0.914855  0.767972  0.944290  0.776762  0.877242  0.753363  0.909587  0.747887  0.792489  0.826794  0.812844  0.817099  0.852913 0.0  0.857199  0.811099  0.821802  0.896015  0.834261  0.858712  0.917754  0.947880  0.915311  0.381598  0.876235  0.912365  0.850092  0.865378  0.779766  0.883672  0.700644  0.891119  0.848766  0.931335  0.772937  0.899486  0.868662  0.797476  0.812190  0.829245  0.814775  0.860609  0.783408  0.751144  0.851794  0.865400  0.883548  0.818714  0.810852  0.829528  0.422028  0.812427  0.871998  0.848018  0.908523  0.933395  0.789568  0.802893  0.877852  0.923284  0.917090  0.719883  0.808404  0.910905  0.812462  0.799725  0.765401  0.793841  0.866372  0.893847  0.865412  0.845795  0.863281  0.856489  0.857964  0.865092  0.776595  0.827885  0.752975  0.831448  0.818675  0.806944  0.808554  0.851389  0.850471  0.901195 
17  0.688201  0.803911  0.707097  0.698064  0.739771  0.516635  0.720017  0.739287  0.823784  0.694413  0.731772  0.635563  0.883499  0.649919  0.870409  0.501157  0.857199 0.0  0.723543  0.748546  0.701917  0.644934  0.756824  0.978741  0.549251  0.601032  0.853037  0.589004  0.752703  0.725965  0.825257  0.791924  0.750163  0.674961  0.565068  0.452096  0.725795  0.677378  0.753440  0.907534  0.742087  0.703836  0.639787  0.848466  0.796941  0.777720  0.772502  0.770518  0.804926  0.488779  0.720430  0.704975  0.885108  0.856150  0.590902  0.785348  0.693018  0.397824  0.808421  0.843546  0.796790  0.788955  0.404541  0.737310  0.693187  0.632772  0.875113  0.809860  0.766858  0.680708  0.653445  0.719432  0.664132  0.654216  0.647989  0.633252  0.635244  0.508534  0.667607  0.442567  0.603643  0.580096  0.765218  0.656165  0.692945  0.599831  0.581737  0.773484  0.632729 
18  0.614768  0.816750  0.742585  0.570000  0.672455  0.717811  0.775208  0.548946  0.807498  0.809572  0.780436  0.918403  0.836347  0.783049  0.492443  0.763622  0.811099  0.723543 0.0  0.571903  0.802421  0.795396  0.693904  0.404452  0.853596  0.754900  0.953076  0.805031  0.933735  0.820090  0.636737  0.514024  0.765861  0.886155  0.778142  0.749432  0.771039  0.814855  0.395398  0.737115  0.817452  0.701843  0.862867  0.906909  0.560557  1.000000  0.688273  0.798827  0.589106  0.905936  0.747675  0.484983  0.553259  0.724806  0.838595  0.909562  0.753468  0.879961  0.707404  0.575971  0.580575  0.807263  0.819861  0.688982  0.839586  0.755057  0.778612  0.702921  0.859042  0.792925  0.757801  0.715760  0.733617  0.876578  0.680593  0.735184  0.791547  0.770567  0.782064  0.721518  0.627181  0.884584  0.845417  0.861162  0.815686  0.798811  0.800110  0.782088  0.768952 
19  0.522519  0.622996  0.642373  0.553090  0.739396  0.745681  0.770104  0.520438  0.831710  0.665384  0.688701  0.677090  0.781002  0.711282  0.509058  0.666173  0.821802  0.748546  0.571903 0.0  0.706399  0.707467  0.736939  0.474918  0.745641  0.810338  0.801975  0.826647  0.786215  0.802372  0.698687  0.537686  0.814751  0.705181  0.763051  0.702867  0.790893  0.737759  0.406538  0.865748  0.698307  0.649531  0.706881  0.794038  0.566750  0.626012  0.731912  0.687476  0.589619  0.744750  0.819229  0.579537  0.448549  0.779337  0.716596  0.663222  0.788320  0.781396  0.464823  0.513604  0.543621  0.752618  0.704314  0.750392  0.700764  0.718536  0.696494  0.638184  0.648177  0.828947  0.846409  0.715019  0.712017  0.700616  0.696643  0.643365  0.753736  0.763393  0.592553  0.565262  0.784281  0.737270  0.760886  0.798250  0.744925  0.845236  0.669615  0.817943  0.624884 
20  0.751593  0.735673  0.563781  0.733802  0.481707  0.707571  0.642924  0.645427  0.841102  0.829519  0.678076  0.717482  0.663177  0.740996  0.761536  0.682282  0.896015  0.701917  0.802421  0.706399 0.0  0.771208  0.608667  0.735376  0.769042  0.703137  0.902606  0.591438  0.709584  0.660010  0.757050  0.692877  0.732426  0.538738  0.700498  0.789420  0.744154  0.822800  0.713390  0.739441  0.798656  0.653025  0.839437  0.731546  0.770714  0.805295  0.426542  0.612743  0.715060  0.767095  0.562117  0.699360  0.715299  0.846272  0.851261  0.779637  0.518012  0.743402  0.801540  0.751632  0.754621  0.714320  0.705997  0.630814  0.837673  0.714780  0.643839  0.738469  0.544432  0.689737  0.774177  0.666512  0.771451  0.699165  0.587390  0.716879  0.866703  0.690108  0.697896  0.749935  0.732392  0.724899  0.764185  0.691132  0.742829  0.760916  0.675005  0.737557  0.799319 
21  0.857016  0.892111  0.736667  0.685461  0.799433  0.652486  0.794175  0.897028  0.736104  0.578648  0.716084  0.629376  0.818506  0.441172  0.783872  0.690424  0.834261  0.644934  0.795396  0.707467  0.771208 0.0  0.810750  0.907914  0.487214  0.600678  0.785227  0.738968  0.469369  0.864350  0.693329  0.770597  0.785620  0.540432  0.678957  0.629937  0.412415  0.523200  0.779295  0.677921  0.786667  0.794153  0.433851  0.807965  0.793175  0.824101  0.760390  0.821839  0.855739  0.713864  0.736297  0.816066  0.806821  0.922878  0.440026  0.751899  0.695402  0.652318  0.828736  0.848056  0.788062  0.805902  0.622933  0.432293  0.529624  0.557768  0.812730  0.829173  0.642385  0.795713  0.579235  0.423906  0.571201  0.499253  0.592398  0.483375  0.513866  0.534227  0.601966  0.679817  0.665744  0.620298  0.522259  0.424275  0.590251  0.661804  0.311431  0.814575  0.441831 
22  0.682515  0.804990  0.589574  0.709834  0.374266  0.702817  0.717016  0.818371  0.769901  0.880745  0.367217  0.630675  0.730199  0.674730  0.782464  0.717201  0.858712  0.756824  0.693904  0.736939  0.608667  0.810750 0.0  0.809434  0.777697  0.740546  0.770934  0.749236  0.733940  0.615225  0.694962  0.731420  0.757278  0.691319  0.749298  0.865649  0.725100  0.770097  0.653620  0.745150  0.754633  0.702592  0.769898  0.665406  0.761231  0.743329  0.582427  0.647968  0.701612  0.768666  0.566321  0.667592  0.751122  0.910101  0.758333  0.720685  0.429606  0.788218  0.710966  0.763243  0.702152  0.712695  0.721189  0.811474  0.654136  0.835987  0.656778  0.761426  0.521500  0.732032  0.742443  0.727499  0.764180  0.832181  0.673845  0.729782  0.729143  0.665879  0.768877  0.777657  0.840106  0.732511  0.727543  0.781752  0.722064  0.778906  0.774777  0.753989  0.807444 
23  0.639406  0.829260  0.761376  0.613180  0.788735  0.864133  0.765673  0.734037  0.641896  0.800265  0.723280  0.904987  0.802862  0.768293  0.432106  0.852376  0.917754  0.978741  0.404452  0.474918  0.735376  0.907914  0.809434 0.0  0.836113  0.948561  0.867834  0.878258  0.782987  0.835042  0.560327  0.436921  0.771794  0.926264  0.834625  0.766057  0.756317  0.930535  0.456822  0.639446  0.769479  0.772591  0.780387  0.742429  0.634042  0.791253  0.860363  0.827061  0.599401  0.770581  0.720144  0.581102  0.624145  0.797675  0.787738  0.792725  0.729536  0.797168  0.600922  0.686179  0.502156  0.715702  0.835766  0.735991  0.879881  0.842251  0.769434  0.696797  0.669830  0.760838  0.859572  0.798062  0.879868  0.883513  0.604334  0.832490  0.837555  0.674053  0.869727  0.888062  0.775524  0.851091  0.884074  0.791049  0.790769  0.925541  0.872450  0.716541  0.835199 
24  0.845217  0.878891  0.782922  0.820081  0.638033  0.718689  0.773783  0.958839  0.821679  0.562347  0.715700  0.505395  0.759311  0.609190  0.853276  0.613880  0.947880  0.549251  0.853596  0.745641  0.769042  0.487214  0.777697  0.836113 0.0  0.545625  0.874919  0.610728  0.601195  0.804495  0.819798  0.858201  0.699072  0.571070  0.680230  0.712752  0.373869  0.505537  0.870509  0.779382  0.747847  0.722290  0.566126  0.817240  0.851146  0.775417  0.674741  0.799465  0.837247  0.758088  0.798515  0.808270  0.870619  0.901308  0.387551  0.805933  0.795286  0.702539  0.695768  0.740272  0.778166  0.837852  0.700388  0.435880  0.552289  0.342137  0.644230  0.922832  0.790776  0.818665  0.611652  0.580228  0.448341  0.538894  0.646117  0.596851  0.528538  0.393039  0.472471  0.679590  0.724009  0.591622  0.601438  0.484636  0.548854  0.684363  0.435915  0.793679  0.374578 
25  0.820059  0.767728  0.627726  0.777041  0.690012  0.615588  0.748900  0.809989  0.709850  0.547417  0.772266  0.476504  0.785348  0.616170  0.625075  0.624135  0.915311  0.601032  0.754900  0.810338  0.703137  0.600678  0.740546  0.948561  0.545625 0.0  0.775910  0.581348  0.552595  0.732461  0.766812  0.822872  0.810849  0.535800  0.581623  0.677857  0.438943  0.588453  0.809247  0.735625  0.622015  0.639968  0.571495  0.728584  0.900984  0.839087  0.746363  0.861072  0.816307  0.734154  0.730403  0.754063  0.832909  0.785709  0.526234  0.817192  0.652184  0.624842  0.789428  0.790886  0.817065  0.744942  0.664959  0.502474  0.592348  0.507176  0.692131  0.864862  0.689357  0.824677  0.530817  0.608384  0.518455  0.419975  0.684376  0.648808  0.488118  0.371772  0.454240  0.691120  0.629614  0.502394  0.515609  0.528355  0.547744  0.743984  0.584467  0.683564  0.568580 
26  0.841000  0.881813  0.705942  0.834746  0.893330  0.929935  0.839011  0.880504  0.866109  0.832778  0.762297  0.829569  0.808554  0.800932  0.782223  0.850140  0.381598  0.853037  0.953076  0.801975  0.902606  0.785227  0.770934  0.867834  0.874919  0.775910 0.0  0.666511  0.846687  0.820915  0.897136  0.875686  0.747833  0.891886  0.830509  0.936252  0.804277  0.742887  0.787641  0.959540  0.800996  0.894852  0.817591  0.781693  0.819836  0.647810  0.809877  0.848146  0.904016  0.868357  0.884558  0.861769  0.794712  0.449317  0.885006  0.916212  0.784453  0.878890  0.872069  0.855371  0.738121  0.718551  0.847307  0.795045  0.876534  0.849891  0.768441  0.840016  0.929126  0.875991  0.768615  0.865896  0.850342  0.856498  0.878057  0.783207  0.750921  0.907889  0.790398  0.837859  0.706507  0.823421  0.745434  0.916823  0.821224  0.886475  0.828792  0.758966  0.805869 
27  0.758421  0.827436  0.792352  0.785489  0.885288  0.490020  0.757240  0.861593  0.842900  0.694349  0.699097  0.669650  0.802155  0.698292  0.775310  0.464086  0.876235  0.589004  0.805031  0.826647  0.591438  0.738968  0.749236  0.878258  0.610728  0.581348  0.666511 0.0  0.684620  0.840191  0.782578  0.884577  0.792737  0.641634  0.414157  0.552168  0.603298  0.737223  0.778591  0.695496  0.684921  0.689990  0.608918  0.905736  0.832204  0.863245  0.725423  0.861207  0.787977  0.570843  0.757750  0.791308  0.811195  0.876320  0.642733  0.870500  0.687603  0.489383  0.851174  0.734434  0.924229  0.743341  0.520505  0.658920  0.619272  0.717758  0.752850  0.895582  0.800215  0.741530  0.715187  0.653960  0.743970  0.649446  0.677816  0.789769  0.631109  0.490795  0.692336  0.631700  0.400337  0.616898  0.654468  0.655320  0.732075  0.357095  0.673278  0.801951  0.740453 
28  0.900907  0.718570  0.816946  0.815173  0.699591  0.652130  0.813137  0.712743  0.841993  0.492189  0.812975  0.379819  0.821796  0.604749  0.855949  0.669547  0.912365  0.752703  0.933735  0.786215  0.709584  0.469369  0.733940  0.782987  0.601195  0.552595  0.846687  0.684620 0.0  0.915624  0.672330  0.778520  0.676241  0.480833  0.721164  0.678130  0.574104  0.461772  0.788811  0.757252  0.718032  0.692588  0.462544  0.765312  0.689917  0.828083  0.656253  0.845559  0.803050  0.695683  0.768279  0.815682  0.702192  0.751224  0.591782  0.835128  0.817925  0.622729  0.855660  0.754426  0.856888  0.698693  0.661961  0.607638  0.442306  0.593651  0.786733  0.874807  0.770487  0.665775  0.454133  0.456992  0.417425  0.536820  0.715032  0.486366  0.541000  0.394852  0.653670  0.675594  0.709387  0.377515  0.459128  0.643408  0.396937  0.698661  0.569845  0.702397  0.536918 
29  0.733511  0.459795  0.668017  0.737885  0.765604  0.815218  0.786922  0.686974  0.510106  0.821525  0.777977  0.721074  0.681626  0.790205  0.845864  0.657501  0.850092  0.725965  0.820090  0.802372  0.660010  0.864350  0.615225  0.835042  0.804495  0.732461  0.820915  0.840191  0.915624 0.0  0.722523  0.760665  0.746001  0.892022  0.716348  0.780002  0.840671  0.785967  0.836844  0.728552  0.751604  0.771389  0.881997  0.371202  0.733637  0.415415  0.768998  0.291772  0.776643  0.837888  0.810544  0.671433  0.789537  0.780607  0.729789  0.619208  0.680048  0.778791  0.957499  0.840606  0.837399  0.379837  0.854907  0.818066  0.793546  0.839276  0.697374  0.704439  0.685883  0.745009  0.761883  0.809623  0.768693  0.855969  0.616543  0.807832  0.857805  0.817003  0.819891  0.861163  0.898273  0.725150  0.815086  0.817680  0.822497  0.770906  0.915348  0.470466  0.787967 
30  0.610146  0.882514  0.657320  0.553714  0.617432  0.800851  0.762009  0.559736  0.848093  0.736785  0.746437  0.814454  0.904072  0.884952  0.643732  0.797671  0.865378  0.825257  0.636737  0.698687  0.757050  0.693329  0.694962  0.560327  0.819798  0.766812  0.897136  0.782578  0.672330  0.722523 0.0  0.639713  0.784030  0.859114  0.810235  0.753421  0.919779  0.815488  0.529695  0.728362  0.771276  0.631237  0.738653  0.743610  0.599303  0.702608  0.806459  0.831141  0.610695  0.827053  0.843029  0.674603  0.634022  0.830982  0.744627  0.775460  0.750232  0.710565  0.611401  0.615293  0.585364  0.863625  0.855701  0.895357  0.730669  0.827963  0.688111  0.636262  0.692512  0.764669  0.910941  0.798559  0.853537  0.799886  0.641569  0.697847  0.767567  0.810089  0.841302  0.760205  0.737807  0.804107  0.738452  0.770287  0.801608  0.763742  0.822561  0.845015  0.848304 
31  0.665843  0.885453  0.812729  0.697530  0.659070  0.815049  0.742883  0.606348  0.898479  0.878402  0.733368  0.860818  0.806363  0.835914  0.522455  0.865476  0.779766  0.791924  0.514024  0.537686  0.692877  0.770597  0.731420  0.436921  0.858201  0.822872  0.875686  0.884577  0.778520  0.760665  0.639713 0.0  0.863226  0.850613  0.852192  0.820157  0.815019  0.733952  0.369514  0.818746  0.694291  0.716988  0.850928  0.859648  0.728359  0.815291  0.765386  0.675329  0.630628  0.869968  0.688569  0.632771  0.654390  0.881912  0.847294  0.881148  0.719464  0.910350  0.677287  0.563931  0.540651  0.830835  0.892775  0.750061  0.872331  0.785873  0.661557  0.691581  0.727629  0.670483  0.867208  0.868829  0.809095  0.860443  0.589716  0.871073  0.776134  0.714357  0.892614  0.844392  0.863267  0.678893  0.937388  0.846155  0.865534  0.839000  0.834662  0.773132  0.736543 
32  0.752222  0.771637  0.708826  0.739603  0.735590  0.829152  0.761018  0.769521  0.790304  0.633869  0.737745  0.647345  0.795680  0.764436  0.683957  0.729336  0.883672  0.750163  0.765861  0.814751  0.732426  0.785620  0.757278  0.771794  0.699072  0.810849  0.747833  0.792737  0.676241  0.746001  0.784030  0.863226 0.0  0.666992  0.784338  0.738302  0.763522  0.774308  0.737426  0.649643  0.461134  0.503846  0.627956  0.683672  0.697811  0.723705  0.708129  0.791820  0.671390  0.830023  0.742459  0.704655  0.773039  0.826037  0.662610  0.730536  0.669688  0.848683  0.742763  0.700428  0.773677  0.800180  0.731093  0.680391  0.796679  0.742037  0.653006  0.767016  0.717966  0.728208  0.743707  0.757934  0.826520  0.712363  0.558510  0.693571  0.647851  0.570908  0.828356  0.757079  0.769001  0.624492  0.720686  0.688359  0.713525  0.745013  0.738637  0.714477  0.749475 
33  0.747642  0.807098  0.704859  0.762845  0.760031  0.597550  0.771953  0.707982  0.840215  0.423833  0.802811  0.588652  0.788519  0.604670  0.909005  0.649799  0.700644  0.674961  0.886155  0.705181  0.538738  0.540432  0.691319  0.926264  0.571070  0.535800  0.891886  0.641634  0.480833  0.892022  0.859114  0.850613  0.666992 0.0  0.698963  0.675669  0.570008  0.399895  0.834225  0.657020  0.785344  0.762442  0.446295  0.736245  0.879066  0.825722  0.785861  0.802797  0.783141  0.660454  0.674844  0.838100  0.735788  0.805280  0.472481  0.833021  0.794514  0.578814  0.925732  0.739264  0.782094  0.780273  0.746220  0.521136  0.482998  0.460068  0.780883  0.904143  0.788479  0.808743  0.550908  0.508158  0.413147  0.563190  0.660984  0.551090  0.497408  0.419647  0.545759  0.701887  0.708422  0.459464  0.468255  0.535321  0.382261  0.624845  0.557688  0.788277  0.564401 
34  0.794774  0.824668  0.719558  0.800148  0.697339  0.461285  0.803441  0.868954  0.830568  0.575921  0.771505  0.647207  0.826384  0.589629  0.780085  0.473823  0.891119  0.565068  0.778142  0.763051  0.700498  0.678957  0.749298  0.834625  0.680230  0.581623  0.830509  0.414157  0.721164  0.716348  0.810235  0.852192  0.784338  0.698963 0.0  0.512321  0.572800  0.657784  0.849950  0.717426  0.781201  0.724278  0.553585  0.723317  0.790481  0.689678  0.711785  0.824613  0.854273  0.502092  0.738667  0.809784  0.784852  0.821838  0.644095  0.805430  0.571734  0.554054  0.806831  0.751493  0.753234  0.788931  0.524153  0.655871  0.605060  0.715264  0.665553  0.784371  0.792478  0.706705  0.641930  0.612029  0.594978  0.659006  0.617341  0.708689  0.693558  0.654250  0.648589  0.618406  0.474883  0.575906  0.776371  0.679504  0.731806  0.455963  0.689623  0.887215  0.778804 
35  0.834211  0.628049  0.746484  0.761699  0.695034  0.573161  0.819586  0.779322  0.772108  0.705188  0.765171  0.699422  0.839359  0.676341  0.777481  0.509610  0.848766  0.452096  0.749432  0.702867  0.789420  0.629937  0.865649  0.766057  0.712752  0.677857  0.936252  0.552168  0.678130  0.780002  0.753421  0.820157  0.738302  0.675669  0.512321 0.0  0.694828  0.697287  0.856058  0.698966  0.764004  0.701112  0.582511  0.926995  0.829164  0.804046  0.705767  0.862026  0.805364  0.528688  0.720122  0.743841  0.847280  0.716858  0.668757  0.807374  0.827316  0.424029  0.838751  0.773560  0.878313  0.750330  0.460188  0.708610  0.722369  0.652245  0.688922  0.810886  0.686195  0.653354  0.601897  0.746757  0.730190  0.713610  0.667723  0.565021  0.496312  0.513497  0.640214  0.569713  0.477436  0.717216  0.697742  0.644760  0.633913  0.566471  0.626727  0.724170  0.762825 
36  0.747318  0.727215  0.759996  0.784657  0.757310  0.645989  0.740821  0.876395  0.838619  0.497807  0.776882  0.505887  0.811813  0.539061  0.815882  0.600365  0.931335  0.725795  0.771039  0.790893  0.744154  0.412415  0.725100  0.756317  0.373869  0.438943  0.804277  0.603298  0.574104  0.840671  0.919779  0.815019  0.763522  0.570008  0.572800  0.694828 0.0  0.617432  0.881038  0.753189  0.750508  0.758400  0.549442  0.784376  0.915395  0.791977  0.839503  0.818629  0.913807  0.630526  0.736054  0.797845  0.800829  0.783255  0.395114  0.831004  0.641184  0.626109  0.828186  0.855780  0.774330  0.955261  0.690495  0.477667  0.515582  0.498895  0.706903  0.896981  0.633572  0.859874  0.565443  0.540848  0.616737  0.477186  0.679061  0.532981  0.557389  0.414041  0.617406  0.625850  0.688259  0.594496  0.471685  0.394238  0.519904  0.610838  0.418824  0.806739  0.282300 
37  0.780423  0.777206  0.654418  0.907633  0.649764  0.653034  0.720956  0.768317  0.771314  0.535264  0.766778  0.569437  0.888436  0.505033  0.838346  0.670397  0.772937  0.677378  0.814855  0.737759  0.822800  0.523200  0.770097  0.930535  0.505537  0.588453  0.742887  0.737223  0.461772  0.785967  0.815488  0.733952  0.774308  0.399895  0.657784  0.697287  0.617432 0.0  0.850216  0.786509  0.795241  0.803786  0.360168  0.813310  0.847645  0.824045  0.751341  0.732447  0.880688  0.711411  0.758837  0.867637  0.826712  0.772764  0.594597  0.720308  0.737834  0.658666  0.737392  0.691902  0.842870  0.798251  0.536965  0.459202  0.448197  0.390484  0.707714  0.843655  0.852675  0.818581  0.481278  0.543089  0.521321  0.440232  0.696692  0.463474  0.507676  0.354152  0.501568  0.617951  0.731271  0.553757  0.458178  0.503323  0.398379  0.600352  0.622677  0.870387  0.567289 
38  0.614047  0.774907  0.796893  0.627899  0.677019  0.766584  0.722032  0.715881  0.828008  0.852442  0.788121  0.824165  0.721963  0.877903  0.458961  0.749626  0.899486  0.753440  0.395398  0.406538  0.713390  0.779295  0.653620  0.456822  0.870509  0.809247  0.787641  0.778591  0.788811  0.836844  0.529695  0.369514  0.737426  0.834225  0.849950  0.856058  0.881038  0.850216 0.0  0.703728  0.790821  0.717706  0.862583  0.820406  0.715814  0.846927  0.753001  0.819883  0.610022  0.946836  0.681193  0.575397  0.641755  0.838326  0.785364  0.735536  0.681623  0.807762  0.660413  0.666567  0.533702  0.708431  0.845992  0.871688  0.900349  0.866493  0.832837  0.655461  0.769752  0.661085  0.852847  0.910800  0.932999  0.920699  0.667087  0.902947  0.861683  0.741507  0.856484  0.803086  0.788232  0.867954  0.851343  0.895163  0.818677  0.976763  0.828790  0.743441  0.832166 
39  0.681328  0.782659  0.834813  0.786624  0.805691  0.724383  0.791150  0.848532  0.701240  0.698527  0.726612  0.773417  0.702006  0.752591  0.746287  0.758230  0.868662  0.907534  0.737115  0.865748  0.739441  0.677921  0.745150  0.639446  0.779382  0.735625  0.959540  0.695496  0.757252  0.728552  0.728362  0.818746  0.649643  0.657020  0.717426  0.698966  0.753189  0.786509  0.703728 0.0  0.519569  0.535953  0.808674  0.786757  0.801504  0.790175  0.820837  0.760597  0.758583  0.675783  0.682487  0.742747  0.750629  0.773395  0.831260  0.705803  0.720933  0.722215  0.855289  0.752742  0.775396  0.747132  0.773476  0.607832  0.742259  0.776728  0.810641  0.687001  0.794342  0.676662  0.801890  0.703174  0.734247  0.815414  0.625890  0.813764  0.756895  0.682090  0.722807  0.835329  0.787736  0.757009  0.680965  0.689937  0.777400  0.722144  0.774763  0.733383  0.738499 
40  0.683332  0.717554  0.655436  0.726404  0.751005  0.766313  0.765529  0.732763  0.618130  0.668045  0.777754  0.693681  0.721636  0.756661  0.818304  0.706289  0.797476  0.742087  0.817452  0.698307  0.798656  0.786667  0.754633  0.769479  0.747847  0.622015  0.800996  0.684921  0.718032  0.751604  0.771276  0.694291  0.461134  0.785344  0.781201  0.764004  0.750508  0.795241  0.790821  0.519569 0.0  0.496064  0.738717  0.718292  0.847854  0.754370  0.737483  0.734756  0.798307  0.789542  0.724854  0.706028  0.756793  0.853358  0.802442  0.852345  0.748924  0.745631  0.687633  0.785457  0.756530  0.711712  0.675564  0.747989  0.679797  0.835361  0.664668  0.748012  0.797200  0.859019  0.768062  0.765857  0.660744  0.744605  0.690394  0.762774  0.739259  0.667371  0.763009  0.813650  0.811286  0.636473  0.650029  0.776229  0.758034  0.785200  0.756199  0.673939  0.819785 
41  0.753356  0.648857  0.827636  0.730977  0.709812  0.599691  0.746349  0.758303  0.685200  0.785156  0.786404  0.704138  0.739957  0.738464  0.755619  0.746534  0.812190  0.703836  0.701843  0.649531  0.653025  0.794153  0.702592  0.772591  0.722290  0.639968  0.894852  0.689990  0.692588  0.771389  0.631237  0.716988  0.503846  0.762442  0.724278  0.701112  0.758400  0.803786  0.717706  0.535953  0.496064 0.0  0.737308  0.650955  0.669838  0.634434  0.736490  0.746229  0.799202  0.698506  0.815446  0.731978  0.837620  0.843272  0.775880  0.774538  0.763158  0.703530  0.758036  0.749693  0.741407  0.821455  0.775813  0.780055  0.753268  0.820147  0.730190  0.733016  0.700497  0.715160  0.745228  0.745011  0.634010  0.737418  0.711936  0.728712  0.756359  0.697455  0.731201  0.780181  0.712266  0.642126  0.754100  0.686769  0.732771  0.703375  0.726518  0.797902  0.741120 
42  0.801536  0.865926  0.760824  0.762925  0.714998  0.660842  0.710366  0.869903  0.788257  0.319536  0.785237  0.449220  0.831263  0.593922  0.752995  0.599429  0.829245  0.639787  0.862867  0.706881  0.839437  0.433851  0.769898  0.780387  0.566126  0.571495  0.817591  0.608918  0.462544  0.881997  0.738653  0.850928  0.627956  0.446295  0.553585  0.582511  0.549442  0.360168  0.862583  0.808674  0.738717  0.737308 0.0  0.717677  0.837849  0.778182  0.820895  0.932212  0.816801  0.627828  0.796650  0.664672  0.868047  0.858181  0.584458  0.921118  0.735049  0.631267  0.797767  0.756041  0.865124  0.813302  0.594800  0.530422  0.451062  0.500649  0.808323  0.859261  0.882484  0.776654  0.446807  0.374799  0.459920  0.554060  0.603254  0.481140  0.458871  0.405022  0.641166  0.662440  0.635844  0.572308  0.368942  0.507613  0.508551  0.680853  0.532258  0.735637  0.489078 
43  0.727696  0.456298  0.809499  0.717815  0.719118  0.810225  0.707516  0.755834  0.469845  0.794257  0.752525  0.751355  0.684178  0.761717  0.891271  0.771558  0.814775  0.848466  0.906909  0.794038  0.731546  0.807965  0.665406  0.742429  0.817240  0.728584  0.781693  0.905736  0.765312  0.371202  0.743610  0.859648  0.683672  0.736245  0.723317  0.926995  0.784376  0.813310  0.820406  0.786757  0.718292  0.650955  0.717677 0.0  0.843006  0.336835  0.688814  0.406077  0.845714  0.823437  0.805081  0.785457  0.842854  0.847276  0.823012  0.640622  0.795343  0.841391  0.794585  0.818732  0.904982  0.381303  0.737861  0.858399  0.803742  0.754803  0.673223  0.777031  0.775926  0.758374  0.874099  0.723090  0.825110  0.830868  0.654207  0.674115  0.814654  0.768442  0.836100  0.777931  0.840113  0.738995  0.795354  0.850759  0.888585  0.903278  0.774568  0.488821  0.711839 
44  0.456132  0.870068  0.747795  0.477760  0.634279  0.849151  0.652481  0.315898  0.831304  0.913787  0.662803  0.693156  0.766339  0.799185  0.535694  0.823486  0.860609  0.796941  0.560557  0.566750  0.770714  0.793175  0.761231  0.634042  0.851146  0.900984  0.819836  0.832204  0.689917  0.733637  0.599303  0.728359  0.697811  0.879066  0.790481  0.829164  0.915395  0.847645  0.715814  0.801504  0.847854  0.669838  0.837849  0.843006 0.0  0.798257  0.836590  0.798444  0.473074  0.926923  0.865826  0.517968  0.385380  0.857170  0.710536  0.804649  0.757262  0.826965  0.430400  0.513027  0.620760  0.779446  0.915018  0.850601  0.932042  0.752341  0.816973  0.519544  0.846585  0.678452  0.794800  0.836424  0.774484  0.863910  0.696678  0.769029  0.764847  0.715205  0.850663  0.959185  0.709351  0.736784  0.750410  0.882164  0.803460  0.917886  0.861828  0.813918  0.837410 
