89
0 0.0  0.876116  0.821171  0.508632  0.753157  0.769075  0.744244  0.523245  0.740396  0.821166  0.660798  0.792332  0.822490  0.791372  0.712517  0.778931  0.966703  0.781698  0.709911  0.637347  0.808710  0.830867  0.766143  0.660946  0.798196  0.688223  0.797714  0.687871  0.766960  0.783526  0.613116  0.566475  0.711595  0.798878  0.805723  0.788824  0.779783  0.871871  0.630798  0.657592  0.754632  0.668469  0.931273  0.863002  0.574498  0.801083  0.754975  0.831702  0.470541  0.725529  0.775167  0.465713  0.523987  0.899825  0.854587  0.863091  0.787382  0.794088  0.626657  0.449624  0.606783  0.775552  0.807680  0.787279  0.817747  0.811222  0.716056  0.488851  0.706340  0.827205  0.848846  0.848237  0.835246  0.881853  0.658202  0.914131  0.682365  0.771871  0.859341  0.811160  0.810837  0.797410  0.859675  0.685539  0.809604  0.805070  0.781740  0.752206  0.738261 
1  0.876116 0.0  0.712272  0.785544  0.830616  0.903607  0.687278  0.815492  0.366710  0.776241  0.806378  0.811124  0.462723  0.782587  0.923833  0.886830  0.762012  0.892592  0.788610  0.751804  0.708180  0.894566  0.747579  0.808908  0.886435  0.781591  0.940229  0.750993  0.744428  0.505790  0.832331  0.849824  0.704206  0.828520  0.887200  0.867469  0.830414  0.830950  0.838197  0.790193  0.748010  0.809337  0.886142  0.484340  0.813362  0.520114  0.870602  0.439470  0.816330  0.863583  0.684097  0.811035  0.810292  0.832739  0.797438  0.686162  0.807421  0.836582  0.844253  0.858921  0.774390  0.514710  0.740784  0.987887  0.832836  0.815925  0.711596  0.757666  0.763586  0.788584  0.691731  0.873467  0.780337  0.696779  0.582424  0.871861  0.827380  0.814746  0.886596  0.761281  0.749993  0.869170  0.751826  0.836631  0.811246  0.846407  0.822329  0.479192  0.773534 
2  0.821171  0.712272 0.0  0.801765  0.538760  0.763622  0.738189  0.797852  0.907880  0.823336  0.589480  0.780849  0.767340  0.761376  0.770425  0.695213  0.884587  0.753044  0.784663  0.767149  0.537948  0.856499  0.572039  0.790087  0.738777  0.958720  0.912955  0.904308  0.752036  0.846271  0.727287  0.696697  0.848180  0.762132  0.758749  0.724742  0.832424  0.819202  0.759313  0.659957  0.719162  0.730468  0.715745  0.672018  0.737852  0.743069  0.548056  0.738129  0.743269  0.753151  0.495571  0.755668  0.703561  0.819911  0.786423  0.812875  0.483392  0.746787  0.723066  0.684553  0.765585  0.713711  0.731584  0.686170  0.701758  0.788504  0.769667  0.792934  0.391311  0.670444  0.798211  0.762740  0.803949  0.752835  0.778696  0.747276  0.717263  0.723962  0.843376  0.755145  0.741025  0.740673  0.745630  0.786770  0.770704  0.785784  0.750393  0.820353  0.746201 
3  0.508632  0.785544  0.801765 0.0  0.784764  0.758278  0.796816  0.443682  0.922478  0.811067  0.646561  0.787541  0.811231  0.731568  0.582058  0.761821  0.768607  0.763847  0.630383  0.515248  0.782357  0.754568  0.727857  0.647132  0.878433  0.836712  0.972533  0.851371  0.849426  0.777457  0.619884  0.622011  0.815265  0.815035  0.763845  0.855310  0.757856  0.917655  0.628491  0.804478  0.704863  0.689944  0.718256  0.857737  0.422556  0.779957  0.773595  0.784542  0.468296  0.860182  0.768596  0.545968  0.479425  0.866649  0.845256  0.854453  0.825247  0.770022  0.506575  0.362350  0.657892  0.810276  0.765542  0.840422  0.968864  0.631780  0.778954  0.465733  0.782682  0.778172  0.845098  0.801888  0.878575  0.768628  0.686017  0.855646  0.918681  0.763244  0.863574  0.769832  0.692104  0.769294  0.798488  0.846977  0.866451  0.846149  0.808037  0.728812  0.812597 
4  0.753157  0.830616  0.538760  0.784764 0.0  0.771891  0.572595  0.788303  0.730926  0.706946  0.368485  0.808665  0.747019  0.745574  0.720299  0.668626  0.810970  0.701898  0.745003  0.772338  0.528689  0.760872  0.392855  0.757646  0.793127  0.692390  0.838749  0.798859  0.870643  0.688368  0.706512  0.721439  0.673779  0.643411  0.758724  0.831838  0.801300  0.741954  0.774023  0.750517  0.736025  0.732536  0.779487  0.752471  0.811887  0.783866  0.543221  0.854055  0.725233  0.729026  0.537628  0.761282  0.774933  0.786008  0.715972  0.710630  0.422114  0.686788  0.740574  0.764147  0.810555  0.770458  0.853332  0.757272  0.822646  0.647550  0.783397  0.714984  0.562952  0.703574  0.789497  0.710237  0.783463  0.767805  0.626880  0.756399  0.705524  0.705744  0.743198  0.718965  0.758213  0.703737  0.805032  0.797076  0.758091  0.703632  0.647644  0.669760  0.744395 
5  0.769075  0.903607  0.763622  0.758278  0.771891 0.0  0.788489  0.730165  0.744739  0.731825  0.835570  0.713679  0.806934  0.683420  0.904637  0.322601  0.841691  0.559458  0.804476  0.714126  0.752932  0.674113  0.734182  0.817706  0.697082  0.761187  0.871565  0.431643  0.771995  0.774984  0.748148  0.797926  0.716081  0.820829  0.407432  0.465896  0.701126  0.728480  0.783780  0.761540  0.726060  0.752117  0.792402  0.929170  0.895422  0.765541  0.809298  0.832248  0.888074  0.607769  0.689258  0.789417  0.879542  0.863524  0.690781  0.685036  0.846340  0.618697  0.889186  0.846012  0.733674  0.805389  0.456909  0.706475  0.639622  0.750705  0.678048  0.855656  0.702665  0.780946  0.646362  0.613833  0.671923  0.698518  0.743798  0.741824  0.609403  0.570620  0.630149  0.601319  0.429033  0.585780  0.653799  0.746690  0.643797  0.539324  0.755298  0.872711  0.623210 
6  0.744244  0.687278  0.738189  0.796816  0.572595  0.788489 0.0  0.722508  0.749401  0.806637  0.573211  0.725660  0.762141  0.893518  0.739235  0.880332  0.782784  0.741952  0.800307  0.706244  0.811783  0.837704  0.736031  0.762406  0.738031  0.728996  0.875019  0.705917  0.838916  0.700462  0.749560  0.671951  0.747410  0.885848  0.807408  0.801391  0.722426  0.742121  0.798938  0.687620  0.680403  0.677003  0.777707  0.704704  0.645057  0.801702  0.725916  0.723212  0.712426  0.698960  0.756683  0.784805  0.867323  0.845086  0.745952  0.807037  0.825011  0.700789  0.692337  0.747056  0.769258  0.635079  0.781464  0.780491  0.790398  0.741000  0.606209  0.880104  0.782559  0.506942  0.807680  0.736760  0.770800  0.823443  0.602139  0.806571  0.778433  0.834610  0.751742  0.639949  0.780159  0.750304  0.736688  0.723677  0.744308  0.662061  0.741268  0.668518  0.728008 
7  0.523245  0.815492  0.797852  0.443682  0.788303  0.730165  0.722508 0.0  0.796520  0.709401  0.870015  0.813790  0.755849  0.802332  0.528907  0.795787  0.943129  0.906555  0.698488  0.542507  0.800467  0.920570  0.797709  0.751304  0.885532  0.725388  0.799050  0.904015  0.712310  0.762726  0.636609  0.720476  0.787092  0.732750  0.797594  0.827630  0.932534  0.884982  0.733428  0.729707  0.754933  0.783726  0.705867  0.873514  0.399480  0.633874  0.870998  0.821632  0.506405  0.871733  0.807128  0.462656  0.521884  0.856276  0.893705  0.846886  0.809947  0.873610  0.447845  0.480797  0.593669  0.836163  0.945783  0.915205  0.862309  0.889312  0.744319  0.494862  0.769042  0.836822  0.802716  0.756854  0.712953  0.857984  0.681750  0.838700  0.796062  0.789454  0.804571  0.944346  0.823007  0.786529  0.871836  0.829981  0.765861  0.817762  0.852796  0.790466  0.903764 
8  0.740396  0.366710  0.907880  0.922478  0.730926  0.744739  0.749401  0.796520 0.0  0.804982  0.704769  0.777697  0.592895  0.772203  0.803551  0.864149  0.735347  0.835198  0.744046  0.774217  0.778709  0.835163  0.690474  0.730233  0.829196  0.805081  0.844181  0.778892  0.903062  0.404223  0.776889  0.882950  0.672277  0.819255  0.838027  0.830294  0.797273  0.883666  0.838342  0.748181  0.718878  0.800611  0.861701  0.533876  0.765209  0.484059  0.751733  0.429168  0.839103  0.868731  0.750630  0.839369  0.729786  0.832762  0.934551  0.558366  0.711161  0.847101  0.835171  0.785970  0.884352  0.599720  0.874919  0.891940  0.724269  0.858996  0.714281  0.804805  0.758658  0.748475  0.871174  0.785748  0.869736  0.789737  0.698054  0.826834  0.829096  0.726208  0.837617  0.788306  0.865208  0.863521  0.800239  0.835337  0.778222  0.818842  0.849222  0.390472  0.853072 
9  0.821166  0.776241  0.823336  0.811067  0.706946  0.731825  0.806637  0.709401  0.804982 0.0  0.726629  0.562207  0.841728  0.548420  0.866581  0.639053  0.891729  0.673466  0.914549  0.758553  0.749328  0.585515  0.771226  0.872008  0.630828  0.521756  0.905809  0.674058  0.536814  0.776713  0.748276  0.844648  0.732720  0.572779  0.527901  0.761294  0.583508  0.588266  0.855977  0.747625  0.554225  0.709682  0.336995  0.885168  0.897842  0.826588  0.797677  0.806074  0.924522  0.692200  0.868546  0.826465  0.744028  0.862163  0.633044  0.827429  0.754331  0.577824  0.859215  0.809791  0.867739  0.867262  0.664073  0.578283  0.381095  0.559582  0.671664  0.905926  0.730674  0.775256  0.537679  0.413542  0.368331  0.560760  0.576177  0.460267  0.527331  0.426337  0.579685  0.597282  0.665284  0.404617  0.423401  0.604544  0.540927  0.741844  0.523922  0.833132  0.634126 
10  0.660798  0.806378  0.589480  0.646561  0.368485  0.835570  0.573211  0.870015  0.704769  0.726629 0.0  0.830100  0.692301  0.723793  0.779492  0.782888  0.909277  0.727661  0.720335  0.858042  0.580275  0.744577  0.399802  0.818929  0.780527  0.801690  0.870459  0.781596  0.801240  0.750468  0.754469  0.707157  0.769934  0.707592  0.689022  0.735113  0.784823  0.692482  0.791421  0.689663  0.778966  0.775588  0.755849  0.738669  0.730432  0.723030  0.499735  0.720970  0.922674  0.719448  0.586839  0.774603  0.780216  0.838895  0.784013  0.729394  0.434496  0.753353  0.722402  0.691478  0.686854  0.717466  0.808239  0.789964  0.776981  0.729644  0.754930  0.748310  0.534471  0.769812  0.805352  0.801198  0.872373  0.770770  0.604648  0.733044  0.817591  0.751432  0.730685  0.829062  0.671397  0.695776  0.734107  0.740253  0.694800  0.699075  0.720788  0.817964  0.799481 
11  0.792332  0.811124  0.780849  0.787541  0.808665  0.713679  0.725660  0.813790  0.777697  0.562207  0.830100 0.0  0.794881  0.557043  0.857985  0.687014  0.877406  0.599853  0.847571  0.720081  0.854462  0.458216  0.767444  0.835628  0.494541  0.559829  0.805894  0.630197  0.421215  0.783022  0.758787  0.797396  0.765410  0.522315  0.641323  0.739600  0.656826  0.504827  0.950047  0.701538  0.724358  0.733113  0.415560  0.772105  0.758092  0.657200  0.716779  0.826211  0.850833  0.642438  0.729050  0.843695  0.752005  0.784304  0.548744  0.848880  0.730066  0.678493  0.724930  0.826187  0.801177  0.779680  0.656993  0.648633  0.359029  0.564254  0.773247  0.852640  0.730425  0.744468  0.372439  0.441768  0.422101  0.670516  0.552049  0.494488  0.445911  0.381406  0.656213  0.690999  0.578136  0.415909  0.387517  0.666335  0.487431  0.619587  0.557558  0.809586  0.591689 
12  0.822490  0.462723  0.767340  0.811231  0.747019  0.806934  0.762141  0.755849  0.592895  0.841728  0.692301  0.794881 0.0  0.832025  0.901717  0.757237  0.813837  0.808182  0.817246  0.721152  0.793712  0.800049  0.682144  0.883392  0.921932  0.858168  0.877099  0.849215  0.794569  0.609960  0.764516  0.834310  0.666420  0.818022  0.819560  0.966559  0.856905  0.843876  0.803481  0.824678  0.733591  0.867143  0.760730  0.641716  0.825356  0.658383  0.685810  0.618580  0.728251  0.855638  0.833998  0.788237  0.861671  0.821142  0.761718  0.431468  0.705363  0.622286  0.854151  0.755210  0.821719  0.464750  0.783168  0.864113  0.905273  0.924446  0.788487  0.824468  0.735767  0.720897  0.719742  0.948810  0.848357  0.837403  0.546096  0.724823  0.826438  0.815889  0.787187  0.813059  0.865874  0.807724  0.730385  0.810172  0.790562  0.837696  0.792692  0.584558  0.845821 
13  0.791372  0.782587  0.761376  0.731568  0.745574  0.683420  0.893518  0.802332  0.772203  0.548420  0.723793  0.557043  0.832025 0.0  0.901331  0.645497  0.808510  0.660985  0.702087  0.766085  0.779540  0.362058  0.693411  0.827265  0.470307  0.586288  0.889763  0.643547  0.579773  0.826232  0.821528  0.893473  0.733969  0.649661  0.586263  0.639637  0.388389  0.570968  0.810669  0.767119  0.810113  0.745000  0.509571  0.749810  0.781114  0.837742  0.719177  0.849087  0.811749  0.658315  0.749482  0.854857  0.900724  0.883581  0.566948  0.726409  0.776057  0.651253  0.850126  0.849257  0.785752  0.867929  0.634719  0.379498  0.581580  0.416048  0.843172  0.894645  0.750330  0.710565  0.596910  0.581398  0.640608  0.610144  0.515243  0.546285  0.618561  0.497182  0.634236  0.695729  0.732122  0.549465  0.589191  0.548904  0.577669  0.654708  0.428969  0.770942  0.370132 
14  0.712517  0.923833  0.770425  0.582058  0.720299  0.904637  0.739235  0.528907  0.803551  0.866581  0.779492  0.857985  0.901717  0.901331 0.0  0.803714  0.761603  0.802364  0.515951  0.561804  0.687649  0.886405  0.754979  0.432736  0.709179  0.740581  0.899325  0.826757  0.754427  0.863901  0.701029  0.444249  0.785751  0.876122  0.809962  0.731537  0.808845  0.801035  0.425791  0.724105  0.802908  0.712655  0.870151  0.852447  0.773426  0.693559  0.748079  0.693372  0.666936  0.843348  0.749757  0.619775  0.692648  0.845071  0.720068  0.824074  0.741675  0.874366  0.662723  0.625493  0.441329  0.755053  0.794663  0.670648  0.772538  0.826401  0.779933  0.641542  0.797467  0.756921  0.805521  0.751853  0.829510  0.635016  0.694746  0.744079  0.745496  0.756002  0.764595  0.927393  0.755014  0.916208  0.982569  0.866330  0.744479  0.813562  0.865215  0.743514  0.847803 
15  0.778931  0.886830  0.695213  0.761821  0.668626  0.322601  0.880332  0.795787  0.864149  0.639053  0.782888  0.687014  0.757237  0.645497  0.803714 0.0  0.766208  0.544683  0.754247  0.789103  0.771079  0.731542  0.640810  0.907664  0.645982  0.643616  0.880505  0.537485  0.677195  0.831345  0.846348  0.871273  0.810631  0.642248  0.533510  0.602544  0.714053  0.658163  0.805457  0.935629  0.764918  0.835496  0.631139  0.889775  0.862396  0.758751  0.740108  0.740509  0.827854  0.385497  0.667994  0.856153  0.788581  0.908236  0.536431  0.938783  0.735238  0.564415  0.767373  0.710247  0.779885  0.810953  0.560052  0.723798  0.720904  0.674462  0.669300  0.965132  0.793615  0.746439  0.600121  0.642803  0.656797  0.723692  0.656350  0.681640  0.600828  0.642606  0.752524  0.556117  0.432175  0.811505  0.734476  0.654651  0.661671  0.311897  0.673641  0.818331  0.627121 
16  0.966703  0.762012  0.884587  0.768607  0.810970  0.841691  0.782784  0.943129  0.735347  0.891729  0.909277  0.877406  0.813837  0.808510  0.761603  0.766208 0.0  0.933316  0.913967  0.931887  0.805476  0.895747  0.960569  0.852889  0.774172  0.756370  0.478096  0.799478  0.839793  0.939736  0.768677  0.795017  0.820339  0.830142  0.942613  0.901586  0.802200  0.985045  0.847163  0.856251  0.917814  0.832604  0.817490  0.865798  0.893825  0.836109  0.942463  0.791099  0.852606  0.890096  0.814548  0.817351  0.889363  0.382422  0.870543  0.787092  0.825058  0.837464  0.847938  0.910778  0.880969  0.902679  0.865121  0.906334  0.958679  0.828095  0.901053  0.850800  0.827270  0.815835  0.892312  0.866062  0.837554  0.832898  0.900746  0.795637  0.756225  0.878546  0.821869  0.903627  0.861544  0.889139  0.835292  0.802088  0.874653  0.846857  0.856074  0.872843  0.928882 
17  0.781698  0.892592  0.753044  0.763847  0.701898  0.559458  0.741952  0.906555  0.835198  0.673466  0.727661  0.599853  0.808182  0.660985  0.802364  0.544683  0.933316 0.0  0.869925  0.688558  0.815177  0.747240  0.804627  0.803188  0.692429  0.702505  0.828439  0.625317  0.575783  0.760491  0.947869  0.928263  0.760831  0.696737  0.451733  0.447013  0.795526  0.715893  0.845800  0.695062  0.821954  0.696923  0.652896  0.888868  0.894320  0.892624  0.816213  0.786692  0.666804  0.463941  0.834802  0.830627  0.847870  0.830365  0.728173  0.842489  0.848912  0.417246  0.806854  0.836088  0.690687  0.729288  0.538189  0.613186  0.654276  0.554440  0.755555  0.885150  0.789576  0.793665  0.658116  0.553438  0.665649  0.684901  0.507399  0.687943  0.780514  0.566093  0.672114  0.475639  0.521995  0.746657  0.680854  0.656382  0.697690  0.701418  0.633610  0.811455  0.686201 
18  0.709911  0.788610  0.784663  0.630383  0.745003  0.804476  0.800307  0.698488  0.744046  0.914549  0.720335  0.847571  0.817246  0.702087  0.515951  0.754247  0.913967  0.869925 0.0  0.641678  0.789968  0.771694  0.768054  0.397054  0.778499  0.786101  0.794557  0.911876  0.781729  0.805274  0.630082  0.404591  0.673365  0.785202  0.813854  0.898003  0.815920  0.897329  0.420767  0.647631  0.843399  0.833824  0.886893  0.793304  0.580968  0.883619  0.727427  0.969664  0.716227  0.771433  0.756704  0.699607  0.569773  0.874789  0.881630  0.905293  0.767966  0.910488  0.519740  0.648146  0.439889  0.797769  0.783302  0.928031  0.878790  0.789124  0.732173  0.521324  0.693047  0.810545  0.723609  0.818687  0.880940  0.843745  0.668527  0.905749  0.769526  0.884857  0.776179  0.859269  0.766693  0.884879  0.731069  0.851258  0.847748  0.791222  0.908413  0.852475  0.852959 
19  0.637347  0.751804  0.767149  0.515248  0.772338  0.714126  0.706244  0.542507  0.774217  0.758553  0.858042  0.720081  0.721152  0.766085  0.561804  0.789103  0.931887  0.688558  0.641678 0.0  0.825167  0.750266  0.750430  0.650089  0.854774  0.746061  0.780777  0.854249  0.768329  0.703709  0.706965  0.616156  0.874177  0.753386  0.766467  0.778353  0.688596  0.784739  0.613671  0.790807  0.658691  0.774645  0.652418  0.788591  0.541866  0.595188  0.723118  0.781582  0.665113  0.780010  0.820808  0.609482  0.549411  0.781951  0.888677  0.793691  0.790300  0.741892  0.487014  0.684775  0.535256  0.804177  0.621537  0.708880  0.797119  0.706497  0.751193  0.532951  0.835849  0.763049  0.805729  0.772315  0.658550  0.795085  0.669638  0.799953  0.763586  0.688698  0.703028  0.722324  0.730389  0.771546  0.796182  0.842136  0.691450  0.824202  0.701856  0.761312  0.817325 
20  0.808710  0.708180  0.537948  0.782357  0.528689  0.752932  0.811783  0.800467  0.778709  0.749328  0.580275  0.854462  0.793712  0.779540  0.687649  0.771079  0.805476  0.815177  0.789968  0.825167 0.0  0.749779  0.568333  0.760687  0.709901  0.849923  0.919097  0.789486  0.746024  0.744864  0.639572  0.727850  0.816599  0.737252  0.659291  0.833401  0.786037  0.863551  0.783121  0.733939  0.760396  0.834945  0.722769  0.816237  0.767728  0.770099  0.611683  0.790797  0.809292  0.770210  0.528945  0.638404  0.782305  0.778250  0.702799  0.724352  0.682917  0.757077  0.694651  0.659809  0.714489  0.726446  0.767766  0.838837  0.750886  0.651792  0.742018  0.598442  0.605152  0.823935  0.732912  0.712275  0.752172  0.748652  0.742285  0.734446  0.740677  0.721008  0.755225  0.791557  0.846008  0.748554  0.801051  0.658730  0.744898  0.677773  0.724405  0.751917  0.842103 
21  0.830867  0.894566  0.856499  0.754568  0.760872  0.674113  0.837704  0.920570  0.835163  0.585515  0.744577  0.458216  0.800049  0.362058  0.886405  0.731542  0.895747  0.747240  0.771694  0.750266  0.749779 0.0  0.797514  0.881502  0.591585  0.579554  0.883277  0.709711  0.510230  0.741800  0.849497  0.861527  0.725308  0.558497  0.652194  0.723757  0.525408  0.547842  0.793259  0.835374  0.802601  0.706249  0.620030  0.883980  0.835315  0.787795  0.800485  0.848075  0.786244  0.643057  0.812346  0.732548  0.790854  0.799272  0.415638  0.729983  0.738671  0.731711  0.791197  0.820824  0.915910  0.856949  0.716600  0.499162  0.579826  0.471340  0.828888  0.883961  0.740961  0.776803  0.735015  0.527590  0.530065  0.592630  0.602282  0.363345  0.556355  0.471498  0.530857  0.615760  0.728368  0.562970  0.586348  0.387381  0.557700  0.718632  0.453711  0.886985  0.522975 
22  0.766143  0.747579  0.572039  0.727857  0.392855  0.734182  0.736031  0.797709  0.690474  0.771226  0.399802  0.767444  0.682144  0.693411  0.754979  0.640810  0.960569  0.804627  0.768054  0.750430  0.568333  0.797514 0.0  0.790838  0.892780  0.896953  0.856714  0.788694  0.742785  0.756473  0.698669  0.807726  0.752518  0.817519  0.689996  0.810902  0.800137  0.776341  0.736494  0.754899  0.742820  0.831332  0.637339  0.755774  0.714818  0.781756  0.505345  0.641117  0.893650  0.685582  0.483847  0.780534  0.823550  0.821094  0.794669  0.771533  0.440820  0.801033  0.783723  0.818630  0.710559  0.772008  0.751125  0.745729  0.679946  0.730661  0.795755  0.728673  0.453510  0.828826  0.804640  0.793199  0.861900  0.731619  0.664998  0.777297  0.856389  0.685873  0.823967  0.733456  0.721484  0.730710  0.663632  0.701711  0.750905  0.816772  0.783368  0.728190  0.783909 
23  0.660946  0.808908  0.790087  0.647132  0.757646  0.817706  0.762406  0.751304  0.730233  0.872008  0.818929  0.835628  0.883392  0.827265  0.432736  0.907664  0.852889  0.803188  0.397054  0.650089  0.760687  0.881502  0.790838 0.0  0.767759  0.712069  0.850964  0.782913  0.908554  0.784273  0.632142  0.400240  0.714081  0.792821  0.849951  0.935255  0.758798  0.840976  0.356881  0.756332  0.689480  0.738267  0.720757  0.757242  0.691993  0.806801  0.779441  0.747959  0.681984  0.908205  0.734600  0.662363  0.739612  0.809649  0.945364  0.850938  0.734557  0.815641  0.550660  0.645146  0.495885  0.873539  0.749535  0.887183  0.857444  0.754037  0.666964  0.705895  0.591589  0.676297  0.868160  0.870050  0.951243  0.859805  0.614433  0.733654  0.849593  0.786209  0.881655  0.894081  0.870609  0.822407  0.832191  0.798802  0.780332  0.783381  0.868824  0.856804  0.834762 
24  0.798196  0.886435  0.738777  0.878433  0.793127  0.697082  0.738031  0.885532  0.829196  0.630828  0.780527  0.494541  0.921932  0.470307  0.709179  0.645982  0.774172  0.692429  0.778499  0.854774  0.709901  0.591585  0.892780  0.767759 0.0  0.612040  0.863841  0.724231  0.549853  0.860703  0.881323  0.796780  0.867687  0.592502  0.687440  0.737997  0.339098  0.552776  0.819218  0.769142  0.704123  0.820895  0.607147  0.946080  0.857259  0.864784  0.764818  0.802998  0.828419  0.739208  0.750756  0.811401  0.891794  0.787866  0.429565  0.827770  0.760850  0.663986  0.748854  0.856336  0.902138  0.912217  0.805547  0.382152  0.539150  0.392180  0.741544  0.818176  0.684206  0.684113  0.623917  0.575904  0.557827  0.630444  0.570784  0.596479  0.619394  0.440071  0.478739  0.706955  0.676044  0.634287  0.587081  0.366229  0.552837  0.634126  0.351251  0.872759  0.421659 
25  0.688223  0.781591  0.958720  0.836712  0.692390  0.761187  0.728996  0.725388  0.805081  0.521756  0.801690  0.559829  0.858168  0.586288  0.740581  0.643616  0.756370  0.702505  0.786101  0.746061  0.849923  0.579554  0.896953  0.712069  0.612040 0.0  0.815833  0.712023  0.584219  0.765576  0.896184  0.816557  0.791197  0.482205  0.714242  0.662119  0.558809  0.511893  0.897014  0.723405  0.790735  0.879820  0.613514  0.890009  0.899190  0.776916  0.844566  0.895377  0.730118  0.646859  0.744638  0.790700  0.733268  0.877722  0.612286  0.788889  0.741103  0.756728  0.926096  0.826839  0.820002  0.808092  0.560113  0.549952  0.551623  0.487110  0.728170  0.900809  0.734354  0.747453  0.501835  0.585904  0.628105  0.539639  0.693441  0.582415  0.554059  0.453154  0.379265  0.566271  0.816711  0.454126  0.544925  0.598369  0.607302  0.673282  0.565636  0.752928  0.481578 
26  0.797714  0.940229  0.912955  0.972533  0.838749  0.871565  0.875019  0.799050  0.844181  0.905809  0.870459  0.805894  0.877099  0.889763  0.899325  0.880505  0.478096  0.828439  0.794557  0.780777  0.919097  0.883277  0.856714  0.850964  0.863841  0.815833 0.0  0.896180  0.859190  0.718138  0.828803  0.876804  0.768822  0.867615  0.864451  0.840958  0.848677  0.859236  0.843578  0.758763  0.843811  0.767459  0.732903  0.808903  0.820687  0.841842  0.846333  0.927044  0.859405  0.895206  0.833991  0.920276  0.828505  0.395395  0.878428  0.771319  0.939388  0.780074  0.822757  0.831021  0.889699  0.823948  0.679847  0.713552  0.849303  0.844815  0.835450  0.854102  0.884461  0.812602  0.797516  0.913366  0.737118  0.829186  0.877068  0.967724  0.910726  0.847385  0.799567  0.816391  0.803726  0.812235  0.874719  0.882003  0.870331  0.909935  0.860070  0.998670  0.799760 
27  0.687871  0.750993  0.904308  0.851371  0.798859  0.431643  0.705917  0.904015  0.778892  0.674058  0.781596  0.630197  0.849215  0.643547  0.826757  0.537485  0.799478  0.625317  0.911876  0.854249  0.789486  0.709711  0.788694  0.782913  0.724231  0.712023  0.896180 0.0  0.662409  0.823471  0.921759  0.846556  0.782576  0.706622  0.500261  0.581055  0.688341  0.657805  0.873986  0.771567  0.680300  0.742999  0.572515  0.830622  0.780195  0.828336  0.739269  0.890476  0.754739  0.475069  0.794336  0.873846  0.862122  0.867082  0.680440  0.832571  0.735039  0.546952  0.861559  0.845468  0.920920  0.740711  0.506236  0.488825  0.595097  0.673045  0.832783  0.820482  0.775113  0.796153  0.696225  0.653712  0.549397  0.722771  0.678921  0.585057  0.727048  0.542176  0.617776  0.574505  0.287531  0.718174  0.599575  0.715877  0.678526  0.485264  0.687170  0.736202  0.641025 
28  0.766960  0.744428  0.752036  0.849426  0.870643  0.771995  0.838916  0.712310  0.903062  0.536814  0.801240  0.421215  0.794569  0.579773  0.754427  0.677195  0.839793  0.575783  0.781729  0.768329  0.746024  0.510230  0.742785  0.908554  0.549853  0.584219  0.859190  0.662409 0.0  0.780900  0.777567  0.874937  0.698370  0.511626  0.655340  0.608406  0.577089  0.351847  0.976797  0.871757  0.774831  0.803727  0.487618  0.839507  0.689355  0.857424  0.743835  0.736728  0.836614  0.653849  0.744524  0.760318  0.895204  0.809582  0.565818  0.876014  0.830586  0.642948  0.873211  0.756733  0.880316  0.780154  0.680173  0.607127  0.423032  0.535902  0.717948  0.846220  0.735406  0.773711  0.433624  0.413288  0.473146  0.527510  0.598057  0.289666  0.376608  0.320037  0.623223  0.689245  0.699112  0.446837  0.385271  0.637334  0.392161  0.807699  0.571744  0.807385  0.603770 
29  0.783526  0.505790  0.846271  0.777457  0.688368  0.774984  0.700462  0.762726  0.404223  0.776713  0.750468  0.783022  0.609960  0.826232  0.863901  0.831345  0.939736  0.760491  0.805274  0.703709  0.744864  0.741800  0.756473  0.784273  0.860703  0.765576  0.718138  0.823471  0.780900 0.0  0.821338  0.954825  0.781597  0.792525  0.850561  0.837629  0.845829  0.883802  0.759074  0.782513  0.800425  0.732576  0.812820  0.467357  0.811897  0.460854  0.756428  0.400630  0.875759  0.842240  0.646557  0.814969  0.846654  0.847951  0.759894  0.705303  0.702540  0.889775  0.835520  0.856577  0.751643  0.507666  0.860205  0.830869  0.782884  0.814774  0.813102  0.846999  0.779418  0.747577  0.775395  0.849900  0.741825  0.903939  0.667966  0.776672  0.857752  0.704903  0.750073  0.875598  0.845720  0.823955  0.824296  0.799991  0.907233  0.804698  0.844928  0.488690  0.817040 
30  0.613116  0.832331  0.727287  0.619884  0.706512  0.748148  0.749560  0.636609  0.776889  0.748276  0.754469  0.758787  0.764516  0.821528  0.701029  0.846348  0.768677  0.947869  0.630082  0.706965  0.639572  0.849497  0.698669  0.632142  0.881323  0.896184  0.828803  0.921759  0.777567  0.821338 0.0  0.621856  0.746187  0.818710  0.841688  0.870646  0.721124  0.790229  0.606483  0.802039  0.772717  0.795353  0.790734  0.864339  0.564236  0.743839  0.880863  0.867339  0.690602  0.744819  0.642616  0.643026  0.663185  0.947403  0.895591  0.805714  0.832095  0.805973  0.684778  0.661533  0.650053  0.795424  0.830409  0.739810  0.871593  0.771928  0.799649  0.586330  0.874529  0.766397  0.795103  0.809184  0.661506  0.839784  0.622664  0.876544  0.814531  0.763193  0.792589  0.852157  0.781089  0.855074  0.776524  0.751475  0.779419  0.791855  0.666857  0.846076  0.822017 
31  0.566475  0.849824  0.696697  0.622011  0.721439  0.797926  0.671951  0.720476  0.882950  0.844648  0.707157  0.797396  0.834310  0.893473  0.444249  0.871273  0.795017  0.928263  0.404591  0.616156  0.727850  0.861527  0.807726  0.400240  0.796780  0.816557  0.876804  0.846556  0.874937  0.954825  0.621856 0.0  0.719222  0.872328  0.838817  0.834552  0.880198  0.880631  0.408070  0.875046  0.790782  0.734234  0.919002  0.879149  0.684773  0.932287  0.615391  0.768472  0.699462  0.811064  0.758854  0.564171  0.676301  0.943617  0.960085  0.776687  0.827351  0.812240  0.555145  0.614352  0.623674  0.770868  0.873945  0.841780  0.937288  0.942392  0.744405  0.646800  0.793568  0.696270  0.845552  0.790706  0.812375  0.827451  0.741344  0.825351  0.862213  0.705905  0.845352  0.949498  0.860429  0.881069  0.748773  0.766443  0.960085  0.802529  0.890864  0.884217  0.916007 
32  0.711595  0.704206  0.848180  0.815265  0.673779  0.716081  0.747410  0.787092  0.672277  0.732720  0.769934  0.765410  0.666420  0.733969  0.785751  0.810631  0.820339  0.760831  0.673365  0.874177  0.816599  0.725308  0.752518  0.714081  0.867687  0.791197  0.768822  0.782576  0.698370  0.781597  0.746187  0.719222 0.0  0.772251  0.714270  0.779623  0.752475  0.679652  0.794216  0.554902  0.568684  0.462964  0.716143  0.894624  0.791845  0.813746  0.631504  0.762807  0.843174  0.888261  0.724701  0.842243  0.684015  0.846600  0.717521  0.752626  0.740829  0.886353  0.782946  0.742370  0.772181  0.778100  0.777015  0.780245  0.714473  0.805725  0.723375  0.849191  0.748888  0.680527  0.818731  0.661279  0.768792  0.789797  0.675707  0.811262  0.749485  0.828811  0.625820  0.751369  0.731020  0.820938  0.760081  0.758570  0.756554  0.636289  0.657729  0.779282  0.846673 
33  0.798878  0.828520  0.762132  0.815035  0.643411  0.820829  0.885848  0.732750  0.819255  0.572779  0.707592  0.522315  0.818022  0.649661  0.876122  0.642248  0.830142  0.696737  0.785202  0.753386  0.737252  0.558497  0.817519  0.792821  0.592502  0.482205  0.867615  0.706622  0.511626  0.792525  0.818710  0.872328  0.772251 0.0  0.770470  0.662461  0.438201  0.486436  0.830771  0.662757  0.858781  0.705220  0.398605  0.833469  0.916297  0.880402  0.854153  0.795724  0.891806  0.578078  0.743952  0.759784  0.810579  0.859999  0.457396  0.866034  0.694258  0.658742  0.860188  0.748011  0.822712  0.894500  0.669965  0.486799  0.444726  0.559859  0.654891  0.877630  0.661302  0.680961  0.479832  0.490558  0.457544  0.586696  0.623618  0.474329  0.455860  0.328788  0.531501  0.727670  0.751108  0.458209  0.479730  0.569519  0.463595  0.691280  0.653430  0.836698  0.461687 
34  0.805723  0.887200  0.758749  0.763845  0.758724  0.407432  0.807408  0.797594  0.838027  0.527901  0.689022  0.641323  0.819560  0.586263  0.809962  0.533510  0.942613  0.451733  0.813854  0.766467  0.659291  0.652194  0.689996  0.849951  0.687440  0.714242  0.864451  0.500261  0.655340  0.850561  0.841688  0.838817  0.714270  0.770470 0.0  0.553527  0.664419  0.800504  0.812389  0.756693  0.803705  0.801714  0.699826  0.796883  0.803492  0.846224  0.802758  0.896407  0.977009  0.447602  0.770853  0.720001  0.933361  0.895710  0.662806  0.775205  0.739133  0.531994  0.921317  0.870724  0.761830  0.703928  0.463365  0.649378  0.642700  0.642614  0.692728  0.866489  0.660605  0.806826  0.720373  0.724193  0.630020  0.650293  0.552234  0.680585  0.649238  0.597466  0.685975  0.521636  0.400264  0.729533  0.714201  0.665462  0.578025  0.353794  0.758360  0.964285  0.689259 
35  0.788824  0.867469  0.724742  0.855310  0.831838  0.465896  0.801391  0.827630  0.830294  0.761294  0.735113  0.739600  0.966559  0.639637  0.731537  0.602544  0.901586  0.447013  0.898003  0.778353  0.833401  0.723757  0.810902  0.935255  0.737997  0.662119  0.840958  0.581055  0.608406  0.837629  0.870646  0.834552  0.779623  0.662461  0.553527 0.0  0.603789  0.637806  0.834794  0.714116  0.753989  0.672179  0.792566  0.800184  0.863684  0.880323  0.839296  0.766567  0.836722  0.440155  0.781029  0.642079  0.754934  0.894359  0.660226  0.779635  0.609524  0.374214  0.809816  0.725486  0.806492  0.859574  0.433173  0.642980  0.639778  0.696377  0.718479  0.878360  0.709596  0.766121  0.646291  0.658339  0.745012  0.718577  0.567083  0.677130  0.817604  0.630213  0.663966  0.518308  0.547270  0.786013  0.646698  0.665124  0.596205  0.580601  0.599061  0.868061  0.737930 
36  0.779783  0.830414  0.832424  0.757856  0.801300  0.701126  0.722426  0.932534  0.797273  0.583508  0.784823  0.656826  0.856905  0.388389  0.808845  0.714053  0.802200  0.795526  0.815920  0.688596  0.786037  0.525408  0.800137  0.758798  0.339098  0.558809  0.848677  0.688341  0.577089  0.845829  0.721124  0.880198  0.752475  0.438201  0.664419  0.603789 0.0  0.545388  0.970250  0.757791  0.725564  0.842427  0.556343  0.755011  0.884381  0.862068  0.735653  0.888597  0.816067  0.604366  0.852842  0.794521  0.915020  0.947297  0.335580  0.818232  0.822090  0.736773  0.827531  0.804668  0.817374  0.858352  0.687160  0.326459  0.470473  0.430622  0.731478  0.864915  0.700911  0.769251  0.568662  0.657476  0.609846  0.594379  0.652380  0.583105  0.571724  0.517570  0.591583  0.672270  0.716807  0.520942  0.655947  0.325702  0.620440  0.790369  0.323987  0.912487  0.283768 
37  0.871871  0.830950  0.819202  0.917655  0.741954  0.728480  0.742121  0.884982  0.883666  0.588266  0.692482  0.504827  0.843876  0.570968  0.801035  0.658163  0.985045  0.715893  0.897329  0.784739  0.863551  0.547842  0.776341  0.840976  0.552776  0.511893  0.859236  0.657805  0.351847  0.883802  0.790229  0.880631  0.679652  0.486436  0.800504  0.637806  0.545388 0.0  0.764104  0.784947  0.664604  0.761743  0.503803  0.820300  0.825920  0.861730  0.790275  0.799917  0.876251  0.691799  0.703174  0.825586  0.843311  0.829365  0.572636  0.848177  0.770059  0.670950  0.775268  0.655536  0.869756  0.895045  0.761168  0.588444  0.573768  0.547951  0.770439  0.856189  0.884762  0.711669  0.500064  0.413995  0.531530  0.565475  0.620966  0.567646  0.562307  0.400643  0.529315  0.641349  0.674312  0.543636  0.421364  0.556004  0.527783  0.653510  0.637976  0.967862  0.616658 
38  0.630798  0.838197  0.759313  0.628491  0.774023  0.783780  0.798938  0.733428  0.838342  0.855977  0.791421  0.950047  0.803481  0.810669  0.425791  0.805457  0.847163  0.845800  0.420767  0.613671  0.783121  0.793259  0.736494  0.356881  0.819218  0.897014  0.843578  0.873986  0.976797  0.759074  0.606483  0.408070  0.794216  0.830771  0.812389  0.834794  0.970250  0.764104 0.0  0.791341  0.763889  0.714201  0.802439  0.828305  0.724466  0.897081  0.790292  0.900563  0.627995  0.738966  0.638502  0.736492  0.739555  0.910072  0.889572  0.765036  0.699069  0.960995  0.676393  0.607343  0.476077  0.850578  0.882101  0.801509  0.849930  0.730321  0.829885  0.738179  0.737183  0.767206  0.886867  0.866825  0.836427  0.916353  0.726413  0.830016  0.887743  0.700195  0.893320  0.942444  0.893381  0.860443  0.872942  0.955328  0.849514  0.826160  0.845318  0.836606  0.752577 
39  0.657592  0.790193  0.659957  0.804478  0.750517  0.761540  0.687620  0.729707  0.748181  0.747625  0.689663  0.701538  0.824678  0.767119  0.724105  0.935629  0.856251  0.695062  0.647631  0.790807  0.733939  0.835374  0.754899  0.756332  0.769142  0.723405  0.758763  0.771567  0.871757  0.782513  0.802039  0.875046  0.554902  0.662757  0.756693  0.714116  0.757791  0.784947  0.791341 0.0  0.618380  0.620003  0.761382  0.786659  0.815894  0.763060  0.748815  0.741866  0.765559  0.791298  0.775473  0.731792  0.745309  0.987833  0.762556  0.750011  0.778184  0.784305  0.827633  0.688443  0.803103  0.762764  0.744373  0.860596  0.793909  0.698495  0.772800  0.737018  0.707777  0.751446  0.731043  0.686494  0.669246  0.783243  0.612827  0.739025  0.740108  0.874533  0.755248  0.768996  0.673108  0.686074  0.772640  0.840126  0.740748  0.671229  0.770387  0.694075  0.727145 
40  0.754632  0.748010  0.719162  0.704863  0.736025  0.726060  0.680403  0.754933  0.718878  0.554225  0.778966  0.724358  0.733591  0.810113  0.802908  0.764918  0.917814  0.821954  0.843399  0.658691  0.760396  0.802601  0.742820  0.689480  0.704123  0.790735  0.843811  0.680300  0.774831  0.800425  0.772717  0.790782  0.568684  0.858781  0.803705  0.753989  0.725564  0.664604  0.763889  0.618380 0.0  0.548633  0.748974  0.804589  0.801211  0.745097  0.770240  0.658862  0.789607  0.805837  0.871505  0.708769  0.705675  0.947816  0.787119  0.802185  0.843611  0.839694  0.732561  0.662494  0.713968  0.842715  0.663300  0.781081  0.765172  0.698195  0.708565  0.680713  0.771990  0.801413  0.746901  0.779651  0.799295  0.723914  0.669687  0.683883  0.785676  0.747750  0.695001  0.767208  0.698787  0.796970  0.715686  0.757843  0.761951  0.761532  0.676388  0.809370  0.765664 
41  0.668469  0.809337  0.730468  0.689944  0.732536  0.752117  0.677003  0.783726  0.800611  0.709682  0.775588  0.733113  0.867143  0.745000  0.712655  0.835496  0.832604  0.696923  0.833824  0.774645  0.834945  0.706249  0.831332  0.738267  0.820895  0.879820  0.767459  0.742999  0.803727  0.732576  0.795353  0.734234  0.462964  0.705220  0.801714  0.672179  0.842427  0.761743  0.714201  0.620003  0.548633 0.0  0.866645  0.797839  0.748084  0.717970  0.752455  0.756139  0.792244  0.737371  0.781551  0.778438  0.739165  0.810625  0.746395  0.792460  0.700014  0.686070  0.761108  0.743510  0.815023  0.698417  0.747246  0.743307  0.737773  0.774733  0.834985  0.853238  0.703333  0.867328  0.677532  0.759139  0.620095  0.781794  0.666682  0.831007  0.735126  0.850723  0.762236  0.862949  0.779472  0.641659  0.864196  0.759982  0.799095  0.853234  0.716387  0.728198  0.677294 
42  0.931273  0.886142  0.715745  0.718256  0.779487  0.792402  0.777707  0.705867  0.861701  0.336995  0.755849  0.415560  0.760730  0.509571  0.870151  0.631139  0.817490  0.652896  0.886893  0.652418  0.722769  0.620030  0.637339  0.720757  0.607147  0.613514  0.732903  0.572515  0.487618  0.812820  0.790734  0.919002  0.716143  0.398605  0.699826  0.792566  0.556343  0.503803  0.802439  0.761382  0.748974  0.866645 0.0  0.805974  0.811137  0.976205  0.749204  0.807227  0.835486  0.721678  0.699986  0.989472  0.775326  0.764626  0.546917  0.944922  0.814432  0.691906  0.731674  0.834662  0.919177  0.914264  0.648650  0.536800  0.552574  0.538529  0.664887  0.851685  0.739388  0.766642  0.476090  0.387767  0.538179  0.561050  0.573557  0.518050  0.430040  0.305946  0.549148  0.695776  0.549974  0.373473  0.410811  0.611258  0.421091  0.594235  0.543004  0.897588  0.511672 
43  0.863002  0.484340  0.672018  0.857737  0.752471  0.929170  0.704704  0.873514  0.533876  0.885168  0.738669  0.772105  0.641716  0.749810  0.852447  0.889775  0.865798  0.888868  0.793304  0.788591  0.816237  0.883980  0.755774  0.757242  0.946080  0.890009  0.808903  0.830622  0.839507  0.467357  0.864339  0.879149  0.894624  0.833469  0.796883  0.800184  0.755011  0.820300  0.828305  0.786659  0.804589  0.797839  0.805974 0.0  0.815886  0.399000  0.766666  0.463160  0.758494  0.840736  0.663108  0.868225  0.892621  0.834044  0.905162  0.513554  0.708059  0.861025  0.932673  0.772824  0.749286  0.477126  0.885070  0.884898  0.883980  0.786155  0.774453  0.734873  0.712588  0.730363  0.861194  0.801270  0.716860  0.875377  0.660431  0.795868  0.821895  0.767712  0.796899  0.856717  0.884373  0.953981  0.718853  0.906093  0.803539  0.829918  0.781231  0.504634  0.827469 
44  0.574498  0.813362  0.737852  0.422556  0.811887  0.895422  0.645057  0.399480  0.765209  0.897842  0.730432  0.758092  0.825356  0.781114  0.773426  0.862396  0.893825  0.894320  0.580968  0.541866  0.767728  0.835315  0.714818  0.691993  0.857259  0.899190  0.820687  0.780195  0.689355  0.811897  0.564236  0.684773  0.791845  0.916297  0.803492  0.863684  0.884381  0.825920  0.724466  0.815894  0.801211  0.748084  0.811137  0.815886 0.0  0.794214  0.862530  0.790113  0.495840  0.802300  0.824771  0.502550  0.420012  0.877396  0.895393  0.786762  0.736511  0.827573  0.444336  0.501472  0.736799  0.841903  0.889098  0.846526  0.870570  0.737147  0.866875  0.543253  0.784058  0.833670  0.790207  0.781812  0.821377  0.919878  0.636629  0.851595  0.856550  0.774874  0.817416  0.848232  0.961927  0.777489  0.820526  0.887547  0.761700  0.868139  0.852902  0.856505  0.980689 
