89
0 0.0  0.897340  0.724693  0.464342  0.724573  0.811260  0.723748  0.468551  0.825845  0.770591  0.635661  0.793940  0.815032  0.751401  0.585887  0.806340  0.648210  0.800085  0.615400  0.659280  0.859521  0.804724  0.709634  0.659187  0.732152  0.727452  0.833567  0.863184  0.750404  0.789245  0.574298  0.724576  0.723672  0.810291  0.769225  0.785920  0.898317  0.847001  0.573750  0.728554  0.705815  0.650860  0.841888  0.842865  0.535054  0.804522  0.590289  0.756541  0.440791  0.878389  0.790993  0.375791  0.524782  0.811564  0.766104  0.794932  0.723643  0.796497  0.345777  0.348910  0.627429  0.756116  0.720878  0.707741  0.681998  0.807900  0.748756  0.387781  0.802984  0.736832  0.869036  0.815971  0.702221  0.779544  0.723645  0.739724  0.876039  0.777024  0.759200  0.871490  0.847713  0.833782  0.610426  0.835540  0.877266  0.761807  0.803058  0.730534  0.852485 
1  0.897340 0.0  0.697533  0.767783  0.813725  0.724418  0.734024  0.905397  0.374242  0.804068  0.723741  0.812470  0.491853  0.778400  0.840045  0.776984  0.828831  0.775774  0.783306  0.631394  0.785786  0.728432  0.780275  0.790492  0.701582  0.700746  0.911369  0.787623  0.757432  0.541178  0.861824  0.752176  0.739556  0.878716  0.753546  0.809148  0.940189  0.763915  0.763798  0.701060  0.765032  0.852131  0.802493  0.534690  0.823885  0.467359  0.768002  0.389579  0.783689  0.913111  0.811615  0.739365  0.819434  0.886172  0.741066  0.563279  0.794517  0.796227  0.844527  0.646378  0.777964  0.480221  0.849862  0.799937  0.834584  0.866133  0.732099  0.815533  0.687904  0.796274  0.737175  0.807518  0.820347  0.875357  0.719876  0.884638  0.699032  0.793825  0.842637  0.717869  0.847827  0.772949  0.784346  0.911239  0.729058  0.785102  0.900165  0.435403  0.847825 
2  0.724693  0.697533 0.0  0.774427  0.594753  0.819327  0.773230  0.747416  0.852491  0.703816  0.530444  0.815705  0.891304  0.655846  0.617887  0.756774  0.867943  0.685505  0.703016  0.728484  0.616421  0.815353  0.422082  0.814896  0.745971  0.693271  0.873732  0.691812  0.690669  0.843781  0.743860  0.760935  0.776159  0.811573  0.809101  0.845263  0.682407  0.758165  0.814206  0.675897  0.719310  0.757628  0.726231  0.813587  0.768674  0.700528  0.413773  0.777846  0.760595  0.825937  0.527669  0.735570  0.804973  0.853147  0.713805  0.895209  0.495655  0.642919  0.682154  0.714598  0.781850  0.701005  0.646095  0.701721  0.739294  0.766995  0.702521  0.838696  0.408554  0.715335  0.711511  0.796502  0.719968  0.709622  0.622405  0.768910  0.730213  0.809482  0.858130  0.735783  0.756739  0.777137  0.762034  0.699959  0.854226  0.699085  0.672554  0.717771  0.655755 
3  0.464342  0.767783  0.774427 0.0  0.809499  0.771054  0.738482  0.482362  0.809063  0.837550  0.635126  0.832290  0.840587  0.862015  0.660245  0.882470  0.737896  0.892063  0.677283  0.594825  0.768976  0.799763  0.727325  0.669265  0.805781  0.765851  0.896352  0.858704  0.772431  0.853917  0.666258  0.690336  0.804235  0.635221  0.822222  0.841920  0.811624  0.732299  0.642539  0.702639  0.811205  0.747374  0.796051  0.804889  0.489833  0.710843  0.754322  0.782290  0.501032  0.795949  0.806194  0.529371  0.470666  0.829003  0.880613  0.752316  0.791637  0.722648  0.485432  0.436057  0.668259  0.720899  0.832477  0.756999  0.800820  0.774692  0.770132  0.477190  0.776237  0.762395  0.821084  0.767432  0.793882  0.795470  0.771158  0.767195  0.866610  0.656184  0.846638  0.729392  0.834158  0.829535  0.678718  0.843494  0.697866  0.713011  0.861371  0.696922  0.784304 
4  0.724573  0.813725  0.594753  0.809499 0.0  0.762539  0.855529  0.727941  0.782698  0.663172  0.446590  0.736909  0.714829  0.819622  0.735604  0.761036  0.879065  0.738780  0.647435  0.768327  0.612148  0.722508  0.519029  0.725662  0.798833  0.734729  0.918368  0.797502  0.689839  0.749567  0.779538  0.780611  0.842590  0.694256  0.615938  0.824579  0.699436  0.700776  0.795065  0.718184  0.777191  0.791005  0.796053  0.668847  0.930280  0.737476  0.510754  0.712106  0.705234  0.772689  0.532542  0.683053  0.777777  0.970666  0.835725  0.711699  0.479092  0.755870  0.715895  0.782791  0.751443  0.684058  0.725165  0.768640  0.755597  0.754350  0.826737  0.675712  0.465007  0.797467  0.805971  0.607906  0.606327  0.804787  0.533039  0.755084  0.696454  0.713344  0.797712  0.749600  0.779909  0.709050  0.785481  0.819017  0.859260  0.852293  0.778567  0.817606  0.713444 
5  0.811260  0.724418  0.819327  0.771054  0.762539 0.0  0.728564  0.962681  0.870440  0.625748  0.772976  0.660624  0.905796  0.682335  0.855172  0.427780  0.783690  0.518147  0.891077  0.750268  0.659784  0.734646  0.768773  0.799107  0.558221  0.632046  0.780650  0.511401  0.614995  0.820994  0.879248  0.863186  0.797239  0.754096  0.430697  0.695754  0.645101  0.581008  0.833589  0.776915  0.625521  0.792062  0.678635  0.829609  0.927958  0.842939  0.650557  0.825669  0.760790  0.464881  0.818794  0.855405  0.847324  0.836032  0.664689  0.790938  0.801430  0.555615  0.786034  0.829193  0.781933  0.782550  0.456245  0.728285  0.672490  0.717980  0.742190  0.884781  0.806640  0.575322  0.744019  0.629944  0.775802  0.727047  0.705525  0.683058  0.711909  0.554444  0.742726  0.599412  0.485033  0.651114  0.612075  0.691400  0.686273  0.532031  0.626538  0.772933  0.668049 
6  0.723748  0.734024  0.773230  0.738482  0.855529  0.728564 0.0  0.786911  0.746923  0.748310  0.730023  0.720357  0.712970  0.740891  0.678431  0.712363  0.831158  0.701932  0.757592  0.723596  0.866141  0.707056  0.800358  0.715392  0.754186  0.746296  0.848598  0.874512  0.741514  0.780410  0.803500  0.825514  0.791151  0.746263  0.764756  0.796156  0.787114  0.716741  0.738078  0.719089  0.734464  0.759948  0.782191  0.762854  0.727364  0.570440  0.700223  0.729252  0.641020  0.704507  0.785921  0.688130  0.644188  0.769370  0.735548  0.798931  0.603512  0.723483  0.730958  0.751434  0.717269  0.742547  0.626978  0.783532  0.811181  0.738114  0.509779  0.696056  0.671883  0.613449  0.787052  0.655966  0.670942  0.674087  0.619898  0.752815  0.784890  0.729970  0.705544  0.719993  0.799827  0.886957  0.773297  0.819438  0.808977  0.710692  0.778851  0.767547  0.701243 
7  0.468551  0.905397  0.747416  0.482362  0.727941  0.962681  0.786911 0.0  0.784236  0.904642  0.845820  0.824251  0.830637  0.913079  0.557287  0.817582  0.856239  0.852863  0.643257  0.521697  0.653359  0.877257  0.703016  0.627430  0.875421  0.767453  0.873296  0.743275  0.759533  0.834529  0.530355  0.720021  0.767721  0.906431  0.779564  0.800438  0.772996  0.821103  0.671540  0.851102  0.762051  0.777100  0.820559  0.874270  0.454188  0.875056  0.775056  0.769974  0.470462  0.863883  0.740731  0.499954  0.442483  0.869028  0.680148  0.755011  0.773845  0.791633  0.561335  0.553837  0.554704  0.805713  0.783190  0.734818  0.873803  0.825206  0.726858  0.586294  0.695663  0.679759  0.778933  0.852789  0.914739  0.816433  0.670953  0.736972  0.722276  0.709933  0.886911  0.719502  0.833270  0.811215  0.849869  0.939126  0.790249  0.891449  0.904582  0.783070  0.764386 
8  0.825845  0.374242  0.852491  0.809063  0.782698  0.870440  0.746923  0.784236 0.0  0.772225  0.833300  0.742092  0.467184  0.828808  0.782070  0.793135  0.782006  0.794177  0.799276  0.688338  0.722924  0.860588  0.765007  0.772135  0.850820  0.799767  0.831695  0.902645  0.789800  0.476588  0.783403  0.725999  0.781931  0.825984  0.771250  0.838998  0.767284  0.743649  0.716314  0.783498  0.902228  0.719984  0.782933  0.449452  0.882940  0.635409  0.724113  0.522163  0.829937  0.848250  0.779939  0.906727  0.821374  0.849527  0.776739  0.614548  0.863263  0.747573  0.726230  0.781263  0.789315  0.569414  0.807577  0.954401  0.756892  0.864495  0.857516  0.762527  0.808318  0.752145  0.829935  0.787303  0.859450  0.830060  0.532581  0.782717  0.723816  0.777303  0.702618  0.792954  0.913055  0.759761  0.752993  0.899278  0.723899  0.844095  0.787952  0.415697  0.785401 
9  0.770591  0.804068  0.703816  0.837550  0.663172  0.625748  0.748310  0.904642  0.772225 0.0  0.678081  0.505666  0.750596  0.550083  0.755643  0.727590  0.820195  0.620705  0.769282  0.724959  0.771885  0.509920  0.681056  0.843601  0.646438  0.579505  0.831171  0.582592  0.524703  0.809489  0.908344  1.000000  0.645654  0.492442  0.625925  0.670123  0.490274  0.515605  0.708066  0.762589  0.861597  0.729288  0.449191  0.672132  0.774226  0.900803  0.732102  0.862424  0.793378  0.599125  0.714855  0.811593  0.768905  0.796812  0.598262  0.688062  0.820404  0.695643  0.823610  0.928332  0.925767  0.788510  0.657365  0.552906  0.498337  0.556597  0.716008  0.796897  0.811791  0.731476  0.520879  0.364425  0.412939  0.498845  0.684573  0.507096  0.511318  0.423300  0.524375  0.601401  0.630066  0.493849  0.417996  0.490819  0.411002  0.641628  0.628607  0.702000  0.566224 
10  0.635661  0.723741  0.530444  0.635126  0.446590  0.772976  0.730023  0.845820  0.833300  0.678081 0.0  0.738019  0.871527  0.832700  0.724470  0.805204  0.836640  0.741624  0.646269  0.777969  0.559022  0.738461  0.382927  0.789891  0.746101  0.661102  0.808898  0.822139  0.827458  0.703347  0.814330  0.856999  0.699651  0.619676  0.688442  0.756005  0.673260  0.693783  0.671219  0.593442  0.742867  0.791434  0.826397  0.749784  0.645140  0.834379  0.647358  0.686635  0.863040  0.760866  0.571496  0.621062  0.793931  0.810347  0.641301  0.717332  0.385421  0.714292  0.752553  0.700772  0.800871  0.737043  0.660570  0.721755  0.806729  0.801432  0.769318  0.732721  0.501754  0.753029  0.784391  0.680085  0.788928  0.764113  0.566135  0.778966  0.638934  0.587852  0.732615  0.774053  0.733376  0.726845  0.694015  0.706515  0.745821  0.718128  0.745573  0.680176  0.723024 
11  0.793940  0.812470  0.815705  0.832290  0.736909  0.660624  0.720357  0.824251  0.742092  0.505666  0.738019 0.0  0.775090  0.603766  0.731414  0.720688  0.850696  0.657880  0.837425  0.768951  0.683471  0.507582  0.660813  0.819311  0.626196  0.595782  0.788909  0.660164  0.486893  0.760619  0.829316  0.878019  0.858571  0.340005  0.650849  0.680461  0.533033  0.278269  0.788166  0.622056  0.684277  0.749741  0.387347  0.744655  0.736225  0.645581  0.852706  0.778667  0.850100  0.709733  0.761082  0.785537  0.804857  0.907763  0.498219  0.766843  0.686214  0.607144  0.764519  0.901022  0.766294  0.866676  0.608254  0.600165  0.489295  0.502178  0.750869  0.845480  0.645708  0.770713  0.453273  0.383964  0.359922  0.654847  0.756023  0.393240  0.345420  0.356446  0.642992  0.738933  0.718254  0.496438  0.343497  0.522342  0.489269  0.650129  0.494665  0.878689  0.609432 
12  0.815032  0.491853  0.891304  0.840587  0.714829  0.905796  0.712970  0.830637  0.467184  0.750596  0.871527  0.775090 0.0  0.852254  0.803335  0.867379  0.943197  0.812962  0.885890  0.866096  0.744412  0.735229  0.754590  0.921811  0.835474  0.748608  0.847847  0.802006  0.781536  0.555936  0.882975  0.884293  0.817818  0.773638  0.853398  0.772705  0.772268  0.800433  0.798293  0.881746  0.727431  0.897317  0.868277  0.533703  0.889824  0.651893  0.748230  0.620151  0.766535  0.878676  0.745189  0.893169  0.752186  0.818468  0.794243  0.515264  0.740106  0.784720  0.767133  0.866749  0.812552  0.648129  0.738645  0.760800  0.787143  0.862480  0.770699  0.808215  0.697527  0.769447  0.880059  0.782510  0.736748  0.807428  0.750632  0.826452  0.691595  0.776525  0.888430  0.787034  0.750026  0.822671  0.866565  0.869307  0.680831  0.702041  0.839663  0.623777  0.748732 
13  0.751401  0.778400  0.655846  0.862015  0.819622  0.682335  0.740891  0.913079  0.828808  0.550083  0.832700  0.603766  0.852254 0.0  0.831227  0.734446  0.749386  0.538015  0.881196  0.759793  0.727156  0.436139  0.805797  0.879499  0.459003  0.620751  0.872057  0.626972  0.491277  0.859049  0.860391  0.764032  0.673715  0.588575  0.750095  0.653477  0.404190  0.518252  0.910963  0.750770  0.799474  0.767633  0.553656  0.791328  0.746311  0.803018  0.681455  0.796360  0.823997  0.595043  0.754438  0.689082  0.830936  0.719958  0.602032  0.790866  0.838998  0.562543  0.853850  0.850992  0.756953  0.773126  0.648513  0.478665  0.538812  0.602455  0.706592  0.876783  0.754514  0.762007  0.529872  0.524709  0.565871  0.501529  0.662700  0.424727  0.538858  0.247072  0.583128  0.675257  0.734047  0.616777  0.546393  0.491951  0.569635  0.716414  0.470284  0.891478  0.448873 
14  0.585887  0.840045  0.617887  0.660245  0.735604  0.855172  0.678431  0.557287  0.782070  0.755643  0.724470  0.731414  0.803335  0.831227 0.0  0.826570  0.901733  0.848100  0.498792  0.510933  0.677567  0.838350  0.701478  0.429531  0.768638  0.754402  0.688268  0.775949  0.785922  0.886664  0.601617  0.516456  0.717482  0.739835  0.737321  0.790748  0.765935  0.767919  0.476807  0.733640  0.651208  0.755154  0.888238  0.705556  0.645685  0.928906  0.654454  0.744693  0.618668  0.759701  0.713976  0.668447  0.647214  0.837333  0.821049  0.733019  0.679800  0.799296  0.635309  0.614800  0.421413  0.863846  0.676672  0.928102  0.866054  0.917988  0.744674  0.570526  0.722852  0.742742  0.814964  0.885796  0.814422  0.833770  0.713615  0.799631  0.785104  0.860609  0.841564  0.928417  0.792101  0.822459  0.893815  0.822046  0.806912  0.854408  0.793590  0.719480  0.802610 
15  0.806340  0.776984  0.756774  0.882470  0.761036  0.427780  0.712363  0.817582  0.793135  0.727590  0.805204  0.720688  0.867379  0.734446  0.826570 0.0  0.766440  0.581046  0.792504  0.702572  0.721264  0.667905  0.625760  0.785194  0.677013  0.654633  0.860142  0.473772  0.657740  0.820499  0.769014  0.831007  0.706866  0.685995  0.472749  0.572487  0.692554  0.592631  0.916874  0.731913  0.799154  0.848064  0.699036  0.822878  0.818178  0.766660  0.746359  0.878628  0.752250  0.581086  0.869643  0.907956  0.867140  0.804203  0.613974  0.833743  0.732390  0.488276  0.741762  0.903890  0.850324  0.778318  0.385644  0.669883  0.768387  0.589126  0.749835  0.924015  0.673013  0.726365  0.692145  0.714481  0.614373  0.655244  0.627632  0.691436  0.629353  0.573599  0.604370  0.600758  0.413254  0.602122  0.692384  0.615446  0.545195  0.447751  0.739912  0.744819  0.701081 
16  0.648210  0.828831  0.867943  0.737896  0.879065  0.783690  0.831158  0.856239  0.782006  0.820195  0.836640  0.850696  0.943197  0.749386  0.901733  0.766440 0.0  0.752540  0.877378  0.855587  0.869401  0.809665  0.795412  0.857558  0.833348  0.826818  0.324537  0.778448  0.732825  0.801950  0.800466  0.850041  0.875741  0.850056  0.867224  0.728933  0.777271  0.837404  0.901663  0.707554  0.804439  0.829707  0.814838  0.811012  0.865413  0.832629  0.840029  0.739096  0.852932  0.780761  0.757312  0.764704  0.968411  0.389065  0.935697  0.798683  0.855331  0.917363  0.798283  0.829687  0.834697  0.812430  0.867687  0.864434  0.879318  0.836229  0.807698  0.833628  0.813711  0.950982  0.775847  0.839610  0.845650  0.844262  0.798990  0.742955  0.779635  0.841835  0.892613  0.892164  0.822478  0.875279  0.771355  0.790452  0.891029  0.957075  0.850428  0.818673  0.772021 
17  0.800085  0.775774  0.685505  0.892063  0.738780  0.518147  0.701932  0.852863  0.794177  0.620705  0.741624  0.657880  0.812962  0.538015  0.848100  0.581046  0.752540 0.0  0.737142  0.590673  0.774742  0.722385  0.816825  0.863508  0.638982  0.571657  0.791191  0.452382  0.753020  0.762001  0.801590  0.841902  0.700183  0.683765  0.521073  0.443958  0.625544  0.650823  0.820155  0.799542  0.768860  0.787849  0.746512  0.763468  0.779517  0.827824  0.695458  0.708886  0.756996  0.500188  0.779262  0.887137  0.889383  0.793452  0.636535  0.866542  0.750981  0.475103  0.797525  0.743195  0.776861  0.706941  0.325137  0.659850  0.728356  0.685765  0.750739  0.868439  0.801467  0.777470  0.611261  0.681467  0.576306  0.639082  0.735725  0.544987  0.773304  0.566986  0.631857  0.371652  0.635966  0.722668  0.769661  0.694884  0.647554  0.535465  0.699337  0.719427  0.700585 
18  0.615400  0.783306  0.703016  0.677283  0.647435  0.891077  0.757592  0.643257  0.799276  0.769282  0.646269  0.837425  0.885890  0.881196  0.498792  0.792504  0.877378  0.737142 0.0  0.597445  0.728806  0.894955  0.713116  0.367373  0.790431  0.716485  0.842963  0.767172  0.889010  0.705873  0.682021  0.456805  0.694796  0.789484  0.831144  0.845931  0.801896  0.902609  0.295684  0.778114  0.667801  0.864854  0.792791  0.850150  0.674858  0.767301  0.713376  0.720269  0.661207  0.812037  0.919710  0.584104  0.640116  0.831537  0.896010  0.709938  0.791718  0.900572  0.644885  0.602142  0.506664  0.887704  0.778990  0.801010  0.867653  0.772227  0.866015  0.538212  0.650318  0.715708  0.943365  0.846305  0.841730  0.818756  0.676188  0.757868  0.673112  0.740404  0.902544  0.780664  0.805172  0.786623  0.856710  0.859511  0.833360  0.772613  0.793926  0.907302  0.932482 
19  0.659280  0.631394  0.728484  0.594825  0.768327  0.750268  0.723596  0.521697  0.688338  0.724959  0.777969  0.768951  0.866096  0.759793  0.510933  0.702572  0.855587  0.590673  0.597445 0.0  0.780908  0.793023  0.767662  0.528478  0.781162  0.700108  0.837665  0.645945  0.786711  0.703807  0.519958  0.603478  0.814495  0.882748  0.754135  0.718335  0.767865  0.695310  0.601701  0.773567  0.779488  0.631894  0.704332  0.735130  0.534434  0.793356  0.714276  0.776384  0.576328  0.830805  0.702346  0.481159  0.606664  0.839498  0.637673  0.774053  0.680088  0.748735  0.580457  0.530887  0.564564  0.780356  0.717616  0.642596  0.880506  0.731244  0.740813  0.515504  0.689865  0.771027  0.739396  0.825259  0.687959  0.758467  0.580200  0.714228  0.743279  0.748719  0.800307  0.801863  0.856192  0.844866  0.773112  0.646986  0.893922  0.767768  0.706268  0.798660  0.814764 
20  0.859521  0.785786  0.616421  0.768976  0.612148  0.659784  0.866141  0.653359  0.722924  0.771885  0.559022  0.683471  0.744412  0.727156  0.677567  0.721264  0.869401  0.774742  0.728806  0.780908 0.0  0.780809  0.653972  0.796080  0.777257  0.660026  0.859559  0.701821  0.745945  0.751139  0.780806  0.775407  0.748921  0.752190  0.723071  0.753416  0.746886  0.683154  0.757543  0.714241  0.766869  0.712804  0.784482  0.796942  0.685602  0.677773  0.473110  0.654994  0.845927  0.774304  0.637036  0.712032  0.780582  0.851714  0.714209  0.692476  0.588761  0.734282  0.678120  0.727562  0.692178  0.761408  0.652389  0.744001  0.750111  0.717272  0.763934  0.681252  0.428470  0.765235  0.746664  0.755600  0.776930  0.774052  0.673946  0.762378  0.719105  0.709254  0.706367  0.796798  0.749994  0.784832  0.862096  0.836911  0.757671  0.742547  0.880557  0.785830  0.766320 
21  0.804724  0.728432  0.815353  0.799763  0.722508  0.734646  0.707056  0.877257  0.860588  0.509920  0.738461  0.507582  0.735229  0.436139  0.838350  0.667905  0.809665  0.722385  0.894955  0.793023  0.780809 0.0  0.783023  0.783475  0.476441  0.517038  0.905687  0.752208  0.673671  0.772595  0.754839  0.856477  0.676167  0.598971  0.630246  0.546698  0.549125  0.503500  0.847589  0.729631  0.780126  0.663417  0.589024  0.810470  0.888991  0.904140  0.717090  0.848473  0.868376  0.828981  0.774106  0.685294  0.851009  0.891141  0.512075  0.813154  0.615114  0.661313  0.797154  0.831151  0.854275  0.863249  0.618861  0.455147  0.631272  0.410604  0.765625  0.855072  0.704889  0.709799  0.552031  0.578270  0.441181  0.507382  0.681951  0.552224  0.489101  0.375890  0.526578  0.605910  0.632168  0.634862  0.530957  0.444753  0.569203  0.603137  0.501075  0.849844  0.386609 
22  0.709634  0.780275  0.422082  0.727325  0.519029  0.768773  0.800358  0.703016  0.765007  0.681056  0.382927  0.660813  0.754590  0.805797  0.701478  0.625760  0.795412  0.816825  0.713116  0.767662  0.653972  0.783023 0.0  0.721600  0.732016  0.755067  0.802361  0.738548  0.670879  0.762365  0.647899  0.785925  0.706568  0.727734  0.685973  0.750811  0.668138  0.738902  0.727542  0.850754  0.611145  0.697971  0.812251  0.776657  0.837461  0.760751  0.543144  0.847224  0.882657  0.723871  0.576299  0.708064  0.778769  0.916324  0.727197  0.793863  0.372073  0.758994  0.667172  0.694139  0.722747  0.721122  0.681390  0.844079  0.701849  0.763282  0.739256  0.692304  0.512116  0.765874  0.694356  0.806432  0.715998  0.800859  0.757351  0.708617  0.715781  0.756126  0.792858  0.769044  0.736266  0.733135  0.749097  0.711823  0.727142  0.713686  0.770347  0.733839  0.826766 
23  0.659187  0.790492  0.814896  0.669265  0.725662  0.799107  0.715392  0.627430  0.772135  0.843601  0.789891  0.819311  0.921811  0.879499  0.429531  0.785194  0.857558  0.863508  0.367373  0.528478  0.796080  0.783475  0.721600 0.0  0.777647  0.907611  0.883394  0.829337  0.852216  0.725934  0.643494  0.409274  0.740546  0.790075  0.891046  0.917198  0.847650  0.920841  0.387885  0.695165  0.683243  0.774415  0.755533  0.914110  0.688774  0.713879  0.717599  0.826130  0.691128  0.861470  0.766186  0.619530  0.581941  0.842987  0.886056  0.803851  0.740523  0.791158  0.629466  0.691768  0.488585  0.764796  0.848738  0.798480  0.732835  0.851142  0.736353  0.643259  0.784671  0.773915  0.814322  0.841195  0.842892  0.798295  0.538701  0.830626  0.856055  0.728148  0.937172  0.934770  0.807391  0.882112  0.876699  0.794855  0.863338  0.847561  0.807131  0.777991  0.843989 
24  0.732152  0.701582  0.745971  0.805781  0.798833  0.558221  0.754186  0.875421  0.850820  0.646438  0.746101  0.626196  0.835474  0.459003  0.768638  0.677013  0.833348  0.638982  0.790431  0.781162  0.777257  0.476441  0.732016  0.777647 0.0  0.530385  0.847830  0.624738  0.523878  0.788516  0.802038  0.827697  0.780669  0.492807  0.805561  0.632079  0.290087  0.621094  0.859846  0.719509  0.772250  0.700181  0.644510  0.876845  0.913087  0.725554  0.762190  0.752817  0.839844  0.690757  0.711408  0.791696  0.777498  0.731108  0.400516  0.851905  0.820112  0.621410  0.673303  0.822858  0.765514  0.844246  0.747611  0.379740  0.465419  0.406096  0.810795  0.857553  0.803987  0.817050  0.538258  0.452066  0.507355  0.529873  0.552648  0.641078  0.523322  0.424446  0.448339  0.704772  0.594795  0.604846  0.504877  0.424873  0.681743  0.664430  0.490449  0.939320  0.378170 
25  0.727452  0.700746  0.693271  0.765851  0.734729  0.632046  0.746296  0.767453  0.799767  0.579505  0.661102  0.595782  0.748608  0.620751  0.754402  0.654633  0.826818  0.571657  0.716485  0.700108  0.660026  0.517038  0.755067  0.907611  0.530385 0.0  0.807990  0.694967  0.586326  0.798046  0.800907  0.864094  0.779537  0.592872  0.673645  0.636722  0.499338  0.527949  0.869720  0.699721  0.706483  0.723264  0.563201  0.768776  0.835098  0.811367  0.764652  0.799685  0.779223  0.664865  0.724330  0.874035  0.799332  0.852310  0.512652  0.717690  0.748479  0.714261  0.985774  0.830195  0.845847  0.765165  0.714043  0.711846  0.543553  0.542867  0.811362  0.886142  0.680581  0.724042  0.576443  0.655771  0.648295  0.465851  0.575773  0.630714  0.543508  0.342664  0.401140  0.677117  0.630814  0.537157  0.489288  0.532954  0.554408  0.666661  0.551704  0.842944  0.484087 
26  0.833567  0.911369  0.873732  0.896352  0.918368  0.780650  0.848598  0.873296  0.831695  0.831171  0.808898  0.788909  0.847847  0.872057  0.688268  0.860142  0.324537  0.791191  0.842963  0.837665  0.859559  0.905687  0.802361  0.883394  0.847830  0.807990 0.0  0.868187  0.921605  0.834821  0.803471  0.863845  0.837577  0.834590  0.808107  0.780162  0.960875  0.854036  0.900529  0.819520  0.795902  0.805037  0.804223  0.816241  0.889091  0.813970  0.802269  0.851614  0.825332  0.735165  0.914489  0.814074  0.905157  0.404637  0.811080  0.917416  0.802370  0.868514  0.791433  0.802505  0.816593  0.919583  0.864635  0.763894  0.853657  0.933139  0.810534  0.889361  0.763377  0.883387  0.766133  0.870530  0.840629  0.869697  0.806004  0.851021  0.905459  0.906348  0.859690  0.896911  0.792790  0.866256  0.809153  0.772299  0.912358  0.781098  0.766667  0.857189  0.787508 
27  0.863184  0.787623  0.691812  0.858704  0.797502  0.511401  0.874512  0.743275  0.902645  0.582592  0.822139  0.660164  0.802006  0.626972  0.775949  0.473772  0.778448  0.452382  0.767172  0.645945  0.701821  0.752208  0.738548  0.829337  0.624738  0.694967  0.868187 0.0  0.704965  0.829285  0.725613  0.785503  0.785934  0.698751  0.355545  0.640972  0.644899  0.730198  0.804404  0.763114  0.751599  0.646605  0.668008  0.876383  0.882275  0.750467  0.711689  0.902713  0.748517  0.569449  0.829255  0.824908  0.856852  0.821154  0.695811  0.770156  0.875281  0.567371  0.797079  0.755901  0.812848  0.807238  0.503718  0.671309  0.643860  0.656911  0.656523  0.823895  0.759541  0.769966  0.733817  0.611237  0.695877  0.768087  0.583451  0.621045  0.626748  0.493131  0.753861  0.642841  0.420208  0.705846  0.709140  0.723075  0.688151  0.386686  0.645775  0.863881  0.685321 
28  0.750404  0.757432  0.690669  0.772431  0.689839  0.614995  0.741514  0.759533  0.789800  0.524703  0.827458  0.486893  0.781536  0.491277  0.785922  0.657740  0.732825  0.753020  0.889010  0.786711  0.745945  0.673671  0.670879  0.852216  0.523878  0.586326  0.921605  0.704965 0.0  0.785094  0.770072  0.942736  0.750924  0.501999  0.644152  0.717394  0.527391  0.403891  0.826878  0.768154  0.717518  0.762727  0.483578  0.725882  0.709912  0.906000  0.777710  0.803589  0.870707  0.631152  0.699457  0.887164  0.805003  0.897958  0.582062  0.756956  0.771094  0.643520  0.794992  0.751488  0.784694  0.839481  0.736763  0.579317  0.547684  0.579839  0.750650  0.835996  0.725949  0.862921  0.396143  0.466124  0.438606  0.499288  0.686515  0.543544  0.348548  0.438403  0.630049  0.633700  0.755978  0.415606  0.497140  0.531638  0.448716  0.728375  0.579943  0.918749  0.558666 
29  0.789245  0.541178  0.843781  0.853917  0.749567  0.820994  0.780410  0.834529  0.476588  0.809489  0.703347  0.760619  0.555936  0.859049  0.886664  0.820499  0.801950  0.762001  0.705873  0.703807  0.751139  0.772595  0.762365  0.725934  0.788516  0.798046  0.834821  0.829285  0.785094 0.0  0.802382  0.838519  0.739066  0.975576  0.832428  0.827448  0.883809  0.823056  0.854099  0.768110  0.738952  0.690279  0.920311  0.517273  0.756607  0.415023  0.742251  0.419039  0.801051  0.755108  0.720705  0.789003  0.808302  0.715443  0.713312  0.594650  0.755466  0.846266  0.774715  0.754060  0.775791  0.421502  0.837063  0.924245  0.844178  0.832841  0.774651  0.767268  0.681087  0.735395  0.899307  0.837519  0.803355  0.837162  0.572032  0.779158  0.796723  0.849396  0.783799  0.822983  0.764183  0.825160  0.811806  0.870831  0.751850  0.799665  0.723539  0.429258  0.913772 
30  0.574298  0.861824  0.743860  0.666258  0.779538  0.879248  0.803500  0.530355  0.783403  0.908344  0.814330  0.829316  0.882975  0.860391  0.601617  0.769014  0.800466  0.801590  0.682021  0.519958  0.780806  0.754839  0.647899  0.643494  0.802038  0.800907  0.803471  0.725613  0.770072  0.802382 0.0  0.582972  0.753641  0.898181  0.933496  0.910067  0.870302  0.705015  0.692941  0.706345  0.846710  0.687442  0.914930  0.771694  0.617850  0.810534  0.797217  0.745445  0.593620  0.784773  0.720208  0.616224  0.610416  0.852379  0.909895  0.813004  0.795577  0.845073  0.581329  0.638108  0.553836  0.804787  0.787146  0.865537  0.702256  0.763490  0.794140  0.682795  0.805925  0.662398  0.782350  0.910267  0.905350  0.864127  0.634501  0.788034  0.817912  0.749999  0.676103  0.702349  0.818946  0.841224  0.729564  0.764972  0.801362  0.811582  0.742025  0.923367  0.729732 
31  0.724576  0.752176  0.760935  0.690336  0.780611  0.863186  0.825514  0.720021  0.725999  1.000000  0.856999  0.878019  0.884293  0.764032  0.516456  0.831007  0.850041  0.841902  0.456805  0.603478  0.775407  0.856477  0.785925  0.409274  0.827697  0.864094  0.863845  0.785503  0.942736  0.838519  0.582972 0.0  0.604239  0.848615  0.875864  0.863592  0.759919  0.791353  0.455238  0.834737  0.714296  0.776241  0.834622  0.801505  0.665922  0.803352  0.820421  0.776409  0.663088  0.812786  0.692943  0.543459  0.636717  0.823316  0.791139  0.943327  0.760127  0.923564  0.566761  0.546920  0.458401  0.771734  0.805388  0.882999  0.787403  0.785848  0.672759  0.623379  0.775150  0.831660  0.875560  0.852656  0.847864  0.972903  0.632954  0.860168  0.785658  0.719197  0.939226  0.810898  0.906700  0.950054  0.902250  0.820696  0.739503  0.855655  0.836463  0.757916  0.818672 
32  0.723672  0.739556  0.776159  0.804235  0.842590  0.797239  0.791151  0.767721  0.781931  0.645654  0.699651  0.858571  0.817818  0.673715  0.717482  0.706866  0.875741  0.700183  0.694796  0.814495  0.748921  0.676167  0.706568  0.740546  0.780669  0.779537  0.837577  0.785934  0.750924  0.739066  0.753641  0.604239 0.0  0.758833  0.691794  0.714983  0.703681  0.719665  0.732903  0.552385  0.569553  0.401785  0.727990  0.716065  0.821557  0.737224  0.801519  0.703546  0.731785  0.648829  0.872521  0.724756  0.777205  0.817511  0.752942  0.744036  0.814677  0.766274  0.717943  0.828930  0.704289  0.756113  0.708830  0.719580  0.763829  0.755586  0.753760  0.714672  0.721566  0.691473  0.809045  0.721822  0.866493  0.673351  0.538376  0.727074  0.696289  0.732636  0.830582  0.715972  0.749763  0.785351  0.783929  0.745820  0.727280  0.762933  0.784623  0.790946  0.834338 
33  0.810291  0.878716  0.811573  0.635221  0.694256  0.754096  0.746263  0.906431  0.825984  0.492442  0.619676  0.340005  0.773638  0.588575  0.739835  0.685995  0.850056  0.683765  0.789484  0.882748  0.752190  0.598971  0.727734  0.790075  0.492807  0.592872  0.834590  0.698751  0.501999  0.975576  0.898181  0.848615  0.758833 0.0  0.710162  0.584252  0.469728  0.420467  0.849770  0.764629  0.750570  0.757819  0.397181  0.744361  0.809519  0.732152  0.753956  0.781454  0.884100  0.676650  0.733221  0.817270  0.861639  0.860851  0.516422  0.861740  0.720631  0.696648  0.823478  0.785464  0.795390  0.794610  0.692814  0.554672  0.523542  0.590644  0.761884  0.818228  0.671441  0.743380  0.453697  0.430485  0.464575  0.597755  0.638745  0.540256  0.578737  0.479510  0.540092  0.719727  0.641129  0.362616  0.488552  0.556640  0.473258  0.613468  0.619269  0.818488  0.525514 
34  0.769225  0.753546  0.809101  0.822222  0.615938  0.430697  0.764756  0.779564  0.771250  0.625925  0.688442  0.650849  0.853398  0.750095  0.737321  0.472749  0.867224  0.521073  0.831144  0.754135  0.723071  0.630246  0.685973  0.891046  0.805561  0.673645  0.808107  0.355545  0.644152  0.832428  0.933496  0.875864  0.691794  0.710162 0.0  0.569695  0.717801  0.605465  0.905407  0.772857  0.673443  0.777105  0.582719  0.736407  0.870284  0.824007  0.774051  0.808244  0.805790  0.567303  0.742360  0.806622  0.766632  0.889584  0.670616  0.748200  0.729692  0.542512  0.840576  0.812718  0.789934  0.828968  0.641694  0.733625  0.515022  0.713633  0.833243  0.864150  0.861945  0.852510  0.657878  0.540522  0.687854  0.683684  0.679544  0.678737  0.634370  0.540084  0.734018  0.501718  0.438190  0.723417  0.720172  0.602284  0.679067  0.372024  0.730130  0.819772  0.649389 
35  0.785920  0.809148  0.845263  0.841920  0.824579  0.695754  0.796156  0.800438  0.838998  0.670123  0.756005  0.680461  0.772705  0.653477  0.790748  0.572487  0.728933  0.443958  0.845931  0.718335  0.753416  0.546698  0.750811  0.917198  0.632079  0.636722  0.780162  0.640972  0.717394  0.827448  0.910067  0.863592  0.714983  0.584252  0.569695 0.0  0.693597  0.715309  0.828917  0.708663  0.641694  0.839941  0.617063  0.739359  0.859713  0.811143  0.650960  0.684126  0.750952  0.460083  0.768652  0.801008  0.823553  0.814605  0.709479  0.755971  0.868676  0.482919  0.805078  0.789781  0.791495  0.833044  0.448888  0.626467  0.692144  0.664291  0.699626  0.806826  0.721522  0.680979  0.570912  0.760273  0.718291  0.658421  0.625174  0.672574  0.670384  0.518767  0.718941  0.468951  0.499647  0.655494  0.750745  0.651912  0.643625  0.540232  0.660726  0.863198  0.544887 
36  0.898317  0.940189  0.682407  0.811624  0.699436  0.645101  0.787114  0.772996  0.767284  0.490274  0.673260  0.533033  0.772268  0.404190  0.765935  0.692554  0.777271  0.625544  0.801896  0.767865  0.746886  0.549125  0.668138  0.847650  0.290087  0.499338  0.960875  0.644899  0.527391  0.883809  0.870302  0.759919  0.703681  0.469728  0.717801  0.693597 0.0  0.496125  0.820857  0.701349  0.757413  0.793518  0.519892  0.796237  0.783709  0.695350  0.650428  0.750151  0.877013  0.617288  0.719556  0.844249  0.798805  0.781937  0.416334  0.697891  0.718617  0.591169  0.754837  0.806253  0.871124  0.811769  0.735626  0.414856  0.492748  0.314332  0.809310  0.870300  0.709958  0.809312  0.578570  0.656697  0.556694  0.585268  0.796400  0.605552  0.533360  0.400288  0.577105  0.694190  0.658400  0.626147  0.452820  0.436239  0.583412  0.666026  0.483822  0.852103  0.316900 
37  0.847001  0.763915  0.758165  0.732299  0.700776  0.581008  0.716741  0.821103  0.743649  0.515605  0.693783  0.278269  0.800433  0.518252  0.767919  0.592631  0.837404  0.650823  0.902609  0.695310  0.683154  0.503500  0.738902  0.920841  0.621094  0.527949  0.854036  0.730198  0.403891  0.823056  0.705015  0.791353  0.719665  0.420467  0.605465  0.715309  0.496125 0.0  0.825884  0.807484  0.694770  0.634469  0.497320  0.871697  0.812601  0.875965  0.792547  0.863376  0.741249  0.693668  0.755246  0.830712  0.836055  0.826983  0.570299  0.808293  0.716747  0.593029  0.747075  0.801489  0.685703  0.813271  0.652488  0.508398  0.491697  0.463106  0.642718  0.831412  0.716688  0.764398  0.342964  0.304959  0.433554  0.558584  0.725106  0.557630  0.500749  0.524486  0.621930  0.677032  0.641587  0.515832  0.497702  0.444578  0.541543  0.673721  0.591604  0.783014  0.509579 
38  0.573750  0.763798  0.814206  0.642539  0.795065  0.833589  0.738078  0.671540  0.716314  0.708066  0.671219  0.788166  0.798293  0.910963  0.476807  0.916874  0.901663  0.820155  0.295684  0.601701  0.757543  0.847589  0.727542  0.387885  0.859846  0.869720  0.900529  0.804404  0.826878  0.854099  0.692941  0.455238  0.732903  0.849770  0.905407  0.828917  0.820857  0.825884 0.0  0.638461  0.800836  0.709539  0.857841  0.831969  0.719614  0.799978  0.718343  0.864927  0.542490  0.828396  0.667064  0.623244  0.685376  0.884604  0.954004  0.745328  0.763274  0.964998  0.612722  0.496848  0.467851  0.802500  0.879362  0.870540  0.843853  0.797638  0.835312  0.709524  0.704526  0.768372  0.820689  0.963793  0.806931  0.781013  0.559418  0.935625  0.858906  0.739698  0.787553  0.779098  0.864959  0.838072  0.956502  0.866820  0.844552  0.877365  0.764066  0.852285  0.808022 
39  0.728554  0.701060  0.675897  0.702639  0.718184  0.776915  0.719089  0.851102  0.783498  0.762589  0.593442  0.622056  0.881746  0.750770  0.733640  0.731913  0.707554  0.799542  0.778114  0.773567  0.714241  0.729631  0.850754  0.695165  0.719509  0.699721  0.819520  0.763114  0.768154  0.768110  0.706345  0.834737  0.552385  0.764629  0.772857  0.708663  0.701349  0.807484  0.638461 0.0  0.515983  0.534764  0.712038  0.719617  0.722447  0.689104  0.698927  0.758755  0.776968  0.787498  0.713068  0.749347  0.858680  0.812711  0.752013  0.816773  0.722578  0.812881  0.767768  0.767632  0.685920  0.756878  0.806224  0.677341  0.625299  0.725300  0.728405  0.847636  0.764526  0.719325  0.754261  0.722911  0.793246  0.743299  0.579744  0.784852  0.731683  0.811870  0.683314  0.774063  0.630402  0.750331  0.733615  0.733697  0.732821  0.695288  0.741770  0.746340  0.659687 
40  0.705815  0.765032  0.719310  0.811205  0.777191  0.625521  0.734464  0.762051  0.902228  0.861597  0.742867  0.684277  0.727431  0.799474  0.651208  0.799154  0.804439  0.768860  0.667801  0.779488  0.766869  0.780126  0.611145  0.683243  0.772250  0.706483  0.795902  0.751599  0.717518  0.738952  0.846710  0.714296  0.569553  0.750570  0.673443  0.641694  0.757413  0.694770  0.800836  0.515983 0.0  0.578992  0.809700  0.734983  0.656992  0.769965  0.713964  0.808857  0.668665  0.770310  0.768345  0.709587  0.765258  0.842791  0.638810  0.702765  0.773379  0.770891  0.771164  0.784449  0.663274  0.833542  0.653766  0.698576  0.766507  0.737414  0.779810  0.673119  0.639765  0.709885  0.627126  0.798797  0.756903  0.808636  0.626275  0.757666  0.715348  0.689112  0.728954  0.817747  0.762898  0.737572  0.704040  0.675999  0.746439  0.726833  0.781740  0.694813  0.762289 
41  0.650860  0.852131  0.757628  0.747374  0.791005  0.792062  0.759948  0.777100  0.719984  0.729288  0.791434  0.749741  0.897317  0.767633  0.755154  0.848064  0.829707  0.787849  0.864854  0.631894  0.712804  0.663417  0.697971  0.774415  0.700181  0.723264  0.805037  0.646605  0.762727  0.690279  0.687442  0.776241  0.401785  0.757819  0.777105  0.839941  0.793518  0.634469  0.709539  0.534764  0.578992 0.0  0.737926  0.805120  0.733694  0.786011  0.720029  0.682947  0.700816  0.725917  0.722568  0.740178  0.682961  0.719995  0.746943  0.748144  0.624288  0.806342  0.879936  0.788388  0.721519  0.744203  0.855461  0.690266  0.744804  0.695256  0.737004  0.749040  0.652857  0.832272  0.799732  0.654767  0.733108  0.801822  0.605090  0.725183  0.675057  0.810842  0.830060  0.844874  0.790602  0.702651  0.699771  0.699364  0.816803  0.723541  0.696147  0.731276  0.750994 
42  0.841888  0.802493  0.726231  0.796051  0.796053  0.678635  0.782191  0.820559  0.782933  0.449191  0.826397  0.387347  0.868277  0.553656  0.888238  0.699036  0.814838  0.746512  0.792791  0.704332  0.784482  0.589024  0.812251  0.755533  0.644510  0.563201  0.804223  0.668008  0.483578  0.920311  0.914930  0.834622  0.727990  0.397181  0.582719  0.617063  0.519892  0.497320  0.857841  0.712038  0.809700  0.737926 0.0  0.834653  0.824547  0.805484  0.700834  0.666013  0.820860  0.677202  0.732114  0.821373  0.906046  0.727900  0.561300  0.742708  0.760732  0.672623  0.779893  0.783504  0.838914  0.688367  0.655692  0.617617  0.497317  0.568366  0.738499  0.841499  0.732391  0.766455  0.521009  0.464764  0.440941  0.605277  0.601212  0.499675  0.417447  0.364484  0.532577  0.646022  0.513356  0.549560  0.471097  0.525826  0.488329  0.698281  0.398857  0.873868  0.519903 
43  0.842865  0.534690  0.813587  0.804889  0.668847  0.829609  0.762854  0.874270  0.449452  0.672132  0.749784  0.744655  0.533703  0.791328  0.705556  0.822878  0.811012  0.763468  0.850150  0.735130  0.796942  0.810470  0.776657  0.914110  0.876845  0.768776  0.816241  0.876383  0.725882  0.517273  0.771694  0.801505  0.716065  0.744361  0.736407  0.739359  0.796237  0.871697  0.831969  0.719617  0.734983  0.805120  0.834653 0.0  0.857916  0.493633  0.798135  0.430659  0.812830  0.797804  0.675715  0.772674  0.765144  0.901518  0.697601  0.628115  0.771210  0.785139  0.873780  0.758612  0.838958  0.366047  0.839187  0.793003  0.860099  0.839887  0.759666  0.708348  0.672837  0.847091  0.861804  0.840466  0.754243  0.779981  0.682373  0.756377  0.730169  0.642873  0.833668  0.970144  0.857980  0.825077  0.789262  0.880702  0.803655  0.678180  0.818622  0.516194  0.919454 
44  0.535054  0.823885  0.768674  0.489833  0.930280  0.927958  0.727364  0.454188  0.882940  0.774226  0.645140  0.736225  0.889824  0.746311  0.645685  0.818178  0.865413  0.779517  0.674858  0.534434  0.685602  0.888991  0.837461  0.688774  0.913087  0.835098  0.889091  0.882275  0.709912  0.756607  0.617850  0.665922  0.821557  0.809519  0.870284  0.859713  0.783709  0.812601  0.719614  0.722447  0.656992  0.733694  0.824547  0.857916 0.0  0.836905  0.712585  0.844710  0.496065  0.739841  0.726729  0.429632  0.400054  0.824080  0.960714  0.867132  0.708273  0.770920  0.527720  0.532268  0.672686  0.786362  0.833853  0.847219  0.937256  0.797625  0.737438  0.524252  0.713722  0.802797  0.713394  0.757011  0.830905  0.889643  0.588613  0.775703  0.713907  0.720188  0.766016  0.889138  0.834871  0.729740  0.843546  0.800773  0.896407  0.778985  0.803549  0.809989  0.841472 
