89
0 0.0  0.738229  0.697211  0.341586  0.651232  0.752515  0.687118  0.433294  0.774287  0.810261  0.690723  0.729417  0.781288  0.657916  0.449852  0.825487  0.785373  0.618093  0.494079  0.570958  0.631974  0.736213  0.828122  0.499791  0.652785  0.686311  0.821095  0.732211  0.824683  0.674521  0.509228  0.603100  0.699780  0.756252  0.715258  0.759736  0.734709  0.737895  0.633921  0.743258  0.697823  0.713080  0.787823  0.698010  0.404686  0.772453  0.664381  0.732042  0.472842  0.810157  0.663569  0.478447  0.397379  0.756540  0.766999  0.827431  0.587227  0.757754  0.432233  0.425969  0.578072  0.716052  0.679561  0.768336  0.727615  0.722731  0.699349  0.495388  0.714794  0.604043  0.704189  0.708868  0.673332  0.784974  0.696603  0.765170  0.798391  0.727304  0.809316  0.687365  0.726503  0.741081  0.717507  0.679864  0.798755  0.732046  0.744417  0.771357  0.707826 
1  0.738229 0.0  0.579096  0.675070  0.761521  0.739476  0.602074  0.825955  0.396873  0.731240  0.589103  0.798207  0.529259  0.740572  0.777164  0.755629  0.888830  0.837588  0.699171  0.768219  0.742475  0.723002  0.772198  0.803677  0.680098  0.665353  0.708427  0.712484  0.720101  0.489682  0.697850  0.633854  0.687086  0.687773  0.792697  0.770197  0.672102  0.767638  0.717457  0.584675  0.723103  0.641149  0.665119  0.473608  0.793718  0.394306  0.771045  0.507352  0.683530  0.677049  0.697470  0.800433  0.771821  0.798329  0.772195  0.577853  0.664044  0.799870  0.731963  0.700468  0.739742  0.443833  0.756072  0.726504  0.748388  0.659519  0.647788  0.799852  0.662197  0.690039  0.776424  0.742095  0.727552  0.747710  0.630682  0.793398  0.772179  0.608939  0.730728  0.782010  0.640694  0.715893  0.724721  0.766483  0.816579  0.703142  0.762311  0.459635  0.674391 
2  0.697211  0.579096 0.0  0.709766  0.398981  0.762646  0.776449  0.716108  0.648731  0.667180  0.448173  0.727151  0.576041  0.653127  0.644930  0.613880  0.819899  0.721626  0.647697  0.673267  0.488072  0.742426  0.461467  0.664947  0.547934  0.712584  0.795809  0.641240  0.691007  0.648432  0.600372  0.633247  0.657051  0.553788  0.739833  0.629349  0.674690  0.709513  0.718836  0.681340  0.644994  0.795560  0.687735  0.622461  0.653553  0.697895  0.529482  0.714901  0.708449  0.673744  0.535247  0.684704  0.624438  0.803560  0.751382  0.643317  0.519535  0.594798  0.709074  0.700394  0.669452  0.738421  0.660929  0.798717  0.632306  0.691897  0.699251  0.645968  0.376497  0.764846  0.698449  0.707755  0.730435  0.655692  0.591224  0.642370  0.703070  0.618126  0.638964  0.669687  0.707028  0.723135  0.724993  0.693969  0.678049  0.693690  0.657980  0.671125  0.723784 
3  0.341586  0.675070  0.709766 0.0  0.698258  0.801704  0.774549  0.502926  0.655136  0.787874  0.756373  0.823651  0.722626  0.794475  0.649825  0.813999  0.740897  0.744035  0.566060  0.500386  0.591555  0.763623  0.609757  0.554198  0.728595  0.813240  0.693232  0.712389  0.803842  0.698888  0.585114  0.493112  0.700674  0.665903  0.685220  0.703741  0.759593  0.867638  0.577924  0.658353  0.687886  0.734917  0.763026  0.720077  0.531041  0.710394  0.702662  0.638722  0.386008  0.711488  0.725847  0.441798  0.473356  0.717378  0.726761  0.730980  0.647945  0.700986  0.486548  0.400541  0.664246  0.626715  0.794098  0.722340  0.671727  0.684864  0.723674  0.476929  0.730661  0.628255  0.839922  0.777728  0.764290  0.800794  0.608658  0.748290  0.776910  0.701112  0.712663  0.706163  0.688109  0.802922  0.717303  0.788611  0.780091  0.765331  0.764532  0.820411  0.765141 
4  0.651232  0.761521  0.398981  0.698258 0.0  0.641953  0.674471  0.661888  0.635692  0.728953  0.493497  0.733323  0.605239  0.715680  0.716360  0.668140  0.680657  0.596719  0.720277  0.686226  0.567154  0.725925  0.360083  0.681174  0.788284  0.660606  0.746077  0.681314  0.661643  0.600471  0.643342  0.678886  0.658367  0.681676  0.640176  0.712344  0.705864  0.659776  0.746370  0.631326  0.749517  0.652854  0.604247  0.641807  0.651623  0.582159  0.479280  0.642680  0.631685  0.770980  0.519655  0.782029  0.749505  0.831583  0.633838  0.623319  0.334053  0.613237  0.719965  0.621480  0.800753  0.684687  0.634513  0.696844  0.638018  0.676295  0.704201  0.648525  0.388102  0.703847  0.616486  0.611452  0.672652  0.709425  0.527012  0.714708  0.616963  0.673531  0.735519  0.649835  0.685976  0.634972  0.725175  0.763556  0.715458  0.742582  0.586720  0.648489  0.714252 
5  0.752515  0.739476  0.762646  0.801704  0.641953 0.0  0.703202  0.855267  0.761178  0.609804  0.640576  0.596266  0.671228  0.615580  0.659996  0.420284  0.736021  0.415905  0.724435  0.631752  0.715081  0.605445  0.706222  0.768943  0.597443  0.522182  0.749593  0.398636  0.637852  0.763290  0.697354  0.693244  0.718148  0.595340  0.329363  0.571960  0.637270  0.535386  0.752177  0.678278  0.637838  0.628349  0.668479  0.787205  0.762533  0.819737  0.591497  0.719973  0.789945  0.518084  0.651446  0.726035  0.789108  0.797706  0.641559  0.716155  0.643851  0.505924  0.846507  0.756156  0.728224  0.775588  0.497460  0.568851  0.568821  0.627086  0.791507  0.744195  0.682422  0.750661  0.675399  0.600654  0.605493  0.576242  0.607839  0.592682  0.588973  0.458509  0.650939  0.423363  0.367466  0.572623  0.585188  0.573849  0.504042  0.472485  0.644493  0.737491  0.599774 
6  0.687118  0.602074  0.776449  0.774549  0.674471  0.703202 0.0  0.768076  0.694434  0.636916  0.694739  0.771218  0.700631  0.705787  0.685672  0.664844  0.749542  0.723521  0.724034  0.693168  0.544987  0.769587  0.711555  0.648955  0.781860  0.653266  0.764939  0.695823  0.743715  0.697435  0.737977  0.716798  0.648932  0.767550  0.672057  0.639251  0.674782  0.719654  0.762711  0.649267  0.660926  0.645321  0.712153  0.671942  0.664959  0.627974  0.669792  0.625253  0.767369  0.603440  0.692618  0.726117  0.757384  0.713195  0.580366  0.778802  0.651493  0.718420  0.682766  0.753030  0.655554  0.624156  0.721320  0.678868  0.631867  0.622516  0.458700  0.697238  0.797163  0.530983  0.752714  0.714519  0.733749  0.762815  0.612297  0.685714  0.739996  0.652373  0.685482  0.642961  0.657794  0.659475  0.826317  0.618864  0.784489  0.655872  0.713154  0.612535  0.617212 
7  0.433294  0.825955  0.716108  0.502926  0.661888  0.855267  0.768076 0.0  0.795921  0.818191  0.698513  0.674598  0.664994  0.749766  0.582186  0.750675  0.746770  0.718959  0.629979  0.526684  0.705610  0.687100  0.699479  0.587368  0.825837  0.783232  0.779621  0.710732  0.751416  0.740780  0.627313  0.693916  0.622485  0.744090  0.638566  0.677495  0.764325  0.871138  0.671703  0.665955  0.746044  0.655312  0.761042  0.776437  0.365493  0.728063  0.676699  0.743901  0.375182  0.847096  0.731522  0.374714  0.320650  0.665873  0.765589  0.703214  0.818084  0.803229  0.418385  0.464394  0.569877  0.758247  0.828609  0.721742  0.787296  0.817099  0.638119  0.478892  0.590437  0.741248  0.693893  0.706038  0.727799  0.756279  0.565425  0.725090  0.719089  0.718280  0.713156  0.830946  0.639415  0.680700  0.732448  0.820102  0.722555  0.720606  0.875432  0.739092  0.716606 
8  0.774287  0.396873  0.648731  0.655136  0.635692  0.761178  0.694434  0.795921 0.0  0.784595  0.661285  0.699262  0.502970  0.747969  0.773838  0.692229  0.797223  0.674394  0.816416  0.652470  0.712940  0.736595  0.687031  0.701581  0.735619  0.656466  0.809612  0.742143  0.716046  0.365719  0.662653  0.693777  0.724938  0.640169  0.781513  0.710557  0.695903  0.715749  0.745355  0.756395  0.707665  0.686484  0.732798  0.361279  0.757011  0.409965  0.782037  0.482410  0.726094  0.691033  0.710505  0.829785  0.794330  0.747159  0.702220  0.573118  0.728380  0.798209  0.637929  0.726570  0.772096  0.461390  0.753735  0.710870  0.892961  0.665472  0.730621  0.799571  0.656795  0.628130  0.788604  0.799682  0.751873  0.800227  0.563298  0.594960  0.706689  0.670613  0.849834  0.713568  0.785517  0.801548  0.733781  0.790966  0.792111  0.771505  0.755227  0.391303  0.728504 
9  0.810261  0.731240  0.667180  0.787874  0.728953  0.609804  0.636916  0.818191  0.784595 0.0  0.745350  0.372566  0.759406  0.512313  0.764864  0.656869  0.799622  0.705732  0.784476  0.646806  0.682897  0.579841  0.768726  0.694846  0.572509  0.532152  0.639954  0.506581  0.383282  0.762420  0.713521  0.807687  0.721543  0.529801  0.609871  0.656055  0.463685  0.355149  0.661800  0.674521  0.613515  0.714753  0.340190  0.728875  0.808008  0.701274  0.734709  0.776768  0.799101  0.542317  0.676844  0.818584  0.765758  0.787145  0.420187  0.665802  0.625893  0.621751  0.820703  0.692887  0.696016  0.735522  0.551318  0.500751  0.404376  0.404824  0.639915  0.779214  0.667018  0.683721  0.425753  0.514609  0.331687  0.546191  0.544153  0.331848  0.440244  0.401963  0.467070  0.606145  0.512440  0.374595  0.593611  0.514071  0.424501  0.571159  0.606601  0.782163  0.494920 
10  0.690723  0.589103  0.448173  0.756373  0.493497  0.640576  0.694739  0.698513  0.661285  0.745350 0.0  0.661382  0.753980  0.794219  0.694750  0.571404  0.745977  0.636357  0.669000  0.655499  0.539429  0.789369  0.399118  0.731672  0.661936  0.744977  0.728881  0.629705  0.637506  0.752833  0.787989  0.719730  0.687392  0.745106  0.737512  0.737913  0.659337  0.806348  0.779556  0.659853  0.745384  0.635914  0.654745  0.667316  0.691925  0.697746  0.532652  0.729271  0.582202  0.645725  0.427166  0.658106  0.688820  0.742798  0.588239  0.617903  0.289638  0.718710  0.778616  0.691592  0.759979  0.655148  0.730846  0.654107  0.667584  0.608236  0.739028  0.747048  0.526714  0.701024  0.669423  0.745722  0.761550  0.694438  0.619451  0.722743  0.636135  0.707625  0.727681  0.733013  0.724384  0.693216  0.763061  0.651256  0.629438  0.710888  0.589818  0.589948  0.654503 
11  0.729417  0.798207  0.727151  0.823651  0.733323  0.596266  0.771218  0.674598  0.699262  0.372566  0.661382 0.0  0.768146  0.487708  0.646444  0.624455  0.796203  0.557883  0.828507  0.754163  0.674273  0.568113  0.789185  0.844669  0.528040  0.599268  0.818285  0.639253  0.312738  0.767052  0.710479  0.826914  0.705604  0.480087  0.611429  0.586658  0.536785  0.434780  0.864504  0.663518  0.751883  0.521319  0.457235  0.816833  0.693845  0.674307  0.759375  0.737077  0.701022  0.763028  0.683654  0.649112  0.768879  0.768413  0.536297  0.710112  0.662888  0.563248  0.711741  0.674523  0.798024  0.773273  0.569585  0.503078  0.358302  0.425482  0.646210  0.832164  0.655902  0.690885  0.325779  0.356435  0.392694  0.556673  0.603656  0.361588  0.441242  0.325711  0.584124  0.680478  0.674528  0.311487  0.348652  0.449115  0.439880  0.602129  0.517452  0.737141  0.435732 
12  0.781288  0.529259  0.576041  0.722626  0.605239  0.671228  0.700631  0.664994  0.502970  0.759406  0.753980  0.768146 0.0  0.747649  0.760487  0.786765  0.845580  0.668257  0.728757  0.779194  0.660412  0.746222  0.692742  0.670657  0.654545  0.758605  0.860410  0.749077  0.811819  0.543167  0.571108  0.666832  0.661588  0.708294  0.685254  0.735946  0.853723  0.697464  0.642731  0.685279  0.651110  0.747264  0.759719  0.679403  0.781515  0.583855  0.717189  0.617784  0.734002  0.677254  0.670673  0.767839  0.689097  0.887214  0.749049  0.392410  0.736161  0.665306  0.716720  0.659398  0.795697  0.577833  0.679003  0.736508  0.676247  0.653595  0.703721  0.736593  0.600589  0.776577  0.655657  0.780441  0.676177  0.715481  0.544436  0.799258  0.679841  0.767286  0.768381  0.643497  0.772062  0.809264  0.715497  0.736381  0.767009  0.748424  0.684850  0.635450  0.791382 
13  0.657916  0.740572  0.653127  0.794475  0.715680  0.615580  0.705787  0.749766  0.747969  0.512313  0.794219  0.487708  0.747649 0.0  0.755688  0.593691  0.715708  0.623953  0.805520  0.816186  0.641164  0.354850  0.644537  0.774815  0.416470  0.614341  0.653524  0.613364  0.461281  0.700891  0.797485  0.748455  0.759717  0.380676  0.661567  0.594245  0.504679  0.532352  0.714721  0.684340  0.649399  0.644671  0.512053  0.795942  0.819421  0.705997  0.730896  0.774399  0.736576  0.645742  0.666423  0.724623  0.762998  0.750777  0.365954  0.772707  0.712959  0.633015  0.730715  0.744860  0.667011  0.718804  0.625614  0.346873  0.461555  0.494424  0.628912  0.794991  0.708172  0.677919  0.461281  0.531579  0.523706  0.442425  0.593331  0.521481  0.608520  0.344245  0.516587  0.584244  0.684061  0.477013  0.435070  0.336387  0.590264  0.581901  0.484565  0.805104  0.405589 
14  0.449852  0.777164  0.644930  0.649825  0.716360  0.659996  0.685672  0.582186  0.773838  0.764864  0.694750  0.646444  0.760487  0.755688 0.0  0.803303  0.724069  0.783497  0.434898  0.456010  0.677945  0.795215  0.687402  0.516383  0.755886  0.808607  0.847625  0.646987  0.749910  0.632448  0.554112  0.363240  0.700934  0.750147  0.680189  0.740011  0.781254  0.791199  0.441201  0.651320  0.728043  0.739797  0.785437  0.704577  0.589745  0.749513  0.746012  0.709080  0.574480  0.744970  0.772580  0.562733  0.591562  0.818340  0.739847  0.685517  0.657315  0.766268  0.593027  0.504013  0.432475  0.621290  0.790846  0.780168  0.749715  0.821808  0.720141  0.660972  0.598279  0.665195  0.747358  0.824242  0.722850  0.700358  0.608629  0.662012  0.824120  0.725613  0.791572  0.716531  0.757189  0.756724  0.835116  0.769969  0.632485  0.688544  0.741629  0.832038  0.721054 
15  0.825487  0.755629  0.613880  0.813999  0.668140  0.420284  0.664844  0.750675  0.692229  0.656869  0.571404  0.624455  0.786765  0.593691  0.803303 0.0  0.791682  0.492885  0.772906  0.786357  0.743043  0.614875  0.672822  0.727063  0.556433  0.576984  0.744377  0.380039  0.519373  0.810986  0.734068  0.682346  0.645422  0.600843  0.408710  0.524001  0.630155  0.662343  0.741140  0.611642  0.635537  0.753453  0.659910  0.672559  0.768718  0.703304  0.645109  0.745963  0.686924  0.530018  0.606446  0.817624  0.749378  0.800648  0.622178  0.736908  0.752687  0.619803  0.750015  0.767035  0.782564  0.803420  0.484450  0.485950  0.646565  0.584241  0.722767  0.774259  0.779493  0.696601  0.470373  0.591429  0.606285  0.566594  0.689547  0.668229  0.559364  0.429987  0.696460  0.601380  0.417684  0.537445  0.544341  0.623703  0.699272  0.381243  0.563017  0.747181  0.607591 
16  0.785373  0.888830  0.819899  0.740897  0.680657  0.736021  0.749542  0.746770  0.797223  0.799622  0.745977  0.796203  0.845580  0.715708  0.724069  0.791682 0.0  0.703395  0.796525  0.725668  0.742831  0.784339  0.686592  0.861364  0.736463  0.678411  0.343058  0.651850  0.773054  0.751795  0.716951  0.756985  0.734730  0.676318  0.776821  0.705843  0.723520  0.747407  0.808317  0.797538  0.815590  0.783801  0.770589  0.728109  0.805967  0.779701  0.812596  0.761553  0.777981  0.818484  0.724281  0.710623  0.758886  0.315255  0.790953  0.738423  0.760199  0.818974  0.725727  0.671280  0.662874  0.777241  0.781721  0.814644  0.836868  0.723246  0.764505  0.755362  0.770713  0.694964  0.680203  0.777656  0.769613  0.724684  0.733899  0.805860  0.730991  0.594357  0.864843  0.823379  0.702010  0.852658  0.807807  0.742755  0.707621  0.682670  0.805925  0.779069  0.738039 
17  0.618093  0.837588  0.721626  0.744035  0.596719  0.415905  0.723521  0.718959  0.674394  0.705732  0.636357  0.557883  0.668257  0.623953  0.783497  0.492885  0.703395 0.0  0.744928  0.742589  0.708028  0.630524  0.670628  0.744329  0.592707  0.583179  0.707336  0.565227  0.596600  0.734255  0.737884  0.799121  0.671478  0.641060  0.520221  0.464412  0.739546  0.593213  0.859612  0.698800  0.677827  0.581048  0.718181  0.751404  0.722856  0.768438  0.673394  0.696448  0.788768  0.390013  0.722812  0.694609  0.718571  0.798771  0.564718  0.755228  0.593516  0.494614  0.645089  0.672039  0.729090  0.734815  0.401334  0.619736  0.586213  0.608062  0.703901  0.747220  0.739388  0.612456  0.620442  0.640033  0.649635  0.669902  0.671775  0.651902  0.588825  0.480739  0.639547  0.362549  0.573315  0.656492  0.604104  0.562447  0.686175  0.484717  0.551194  0.659618  0.587224 
18  0.494079  0.699171  0.647697  0.566060  0.720277  0.724435  0.724034  0.629979  0.816416  0.784476  0.669000  0.828507  0.728757  0.805520  0.434898  0.772906  0.796525  0.744928 0.0  0.436501  0.721197  0.763766  0.712458  0.242355  0.779775  0.716785  0.725026  0.727095  0.703252  0.672563  0.617664  0.325434  0.708840  0.702472  0.717443  0.851636  0.742296  0.715129  0.329430  0.744019  0.640496  0.732701  0.667582  0.800234  0.556290  0.801938  0.681217  0.736114  0.562014  0.788643  0.646472  0.526325  0.574722  0.752741  0.763200  0.812875  0.715320  0.667474  0.514536  0.586726  0.405692  0.674234  0.662332  0.656300  0.696142  0.717020  0.680864  0.591097  0.744592  0.778350  0.716116  0.683021  0.751139  0.763162  0.547765  0.760884  0.737519  0.656440  0.765845  0.719988  0.807607  0.723099  0.888745  0.756129  0.751597  0.737136  0.729772  0.826964  0.757894 
19  0.570958  0.768219  0.673267  0.500386  0.686226  0.631752  0.693168  0.526684  0.652470  0.646806  0.655499  0.754163  0.779194  0.816186  0.456010  0.786357  0.725668  0.742589  0.436501 0.0  0.767489  0.682727  0.586327  0.418501  0.679064  0.670198  0.860333  0.676153  0.680010  0.755156  0.614780  0.639853  0.632870  0.836644  0.754520  0.581901  0.709602  0.576280  0.509436  0.662454  0.811505  0.685725  0.702429  0.669743  0.516774  0.765009  0.675894  0.667787  0.550999  0.732466  0.603697  0.515852  0.508988  0.850899  0.704169  0.712711  0.649882  0.619630  0.432113  0.535160  0.544462  0.738922  0.733436  0.708314  0.677836  0.686402  0.669420  0.559960  0.704902  0.681281  0.694591  0.715902  0.672005  0.589721  0.608649  0.693036  0.653919  0.714085  0.636897  0.780273  0.656737  0.694017  0.634370  0.664489  0.709847  0.676594  0.694983  0.737045  0.705732 
20  0.631974  0.742475  0.488072  0.591555  0.567154  0.715081  0.544987  0.705610  0.712940  0.682897  0.539429  0.674273  0.660412  0.641164  0.677945  0.743043  0.742831  0.708028  0.721197  0.767489 0.0  0.760479  0.522783  0.628964  0.594355  0.668046  0.777608  0.617262  0.717130  0.736859  0.701301  0.776748  0.666716  0.653967  0.704514  0.735621  0.673754  0.676395  0.702601  0.674326  0.707921  0.624983  0.718249  0.717436  0.703193  0.705680  0.460469  0.651315  0.748604  0.621786  0.576211  0.727706  0.694557  0.724613  0.656753  0.650721  0.455314  0.692368  0.604680  0.720351  0.764354  0.642209  0.675620  0.674221  0.738017  0.758430  0.806608  0.577461  0.494475  0.644558  0.775991  0.568582  0.752955  0.642675  0.555630  0.663649  0.699601  0.678958  0.783639  0.726006  0.621324  0.643291  0.718915  0.776536  0.702061  0.593115  0.712369  0.684684  0.583683 
21  0.736213  0.723002  0.742426  0.763623  0.725925  0.605445  0.769587  0.687100  0.736595  0.579841  0.789369  0.568113  0.746222  0.354850  0.795215  0.614875  0.784339  0.630524  0.763766  0.682727  0.760479 0.0  0.742639  0.870549  0.396445  0.577616  0.859162  0.573097  0.448378  0.746761  0.724349  0.821739  0.655732  0.486013  0.580481  0.598009  0.405719  0.403238  0.844171  0.632932  0.702379  0.708096  0.544999  0.822726  0.766620  0.767337  0.770318  0.810493  0.623431  0.566821  0.728466  0.679318  0.743368  0.716484  0.429780  0.713034  0.572785  0.608040  0.761917  0.697686  0.677228  0.698361  0.591304  0.448418  0.455651  0.418684  0.592605  0.790526  0.673922  0.697873  0.558055  0.486465  0.507749  0.505126  0.610170  0.424863  0.454634  0.371485  0.569150  0.723224  0.669186  0.486388  0.506231  0.384756  0.503698  0.622974  0.522912  0.752991  0.508121 
22  0.828122  0.772198  0.461467  0.609757  0.360083  0.706222  0.711555  0.699479  0.687031  0.768726  0.399118  0.789185  0.692742  0.644537  0.687402  0.672822  0.686592  0.670628  0.712458  0.586327  0.522783  0.742639 0.0  0.671662  0.674813  0.641726  0.805178  0.635099  0.661015  0.737142  0.703147  0.724713  0.657310  0.708078  0.736059  0.680831  0.706566  0.695048  0.754437  0.708900  0.713911  0.736292  0.666585  0.612132  0.684783  0.703706  0.612186  0.750566  0.668746  0.618485  0.428218  0.709780  0.700268  0.835780  0.621600  0.656135  0.337462  0.639207  0.614243  0.747931  0.712011  0.670973  0.574860  0.726676  0.700422  0.763126  0.742468  0.638179  0.489058  0.675113  0.637068  0.751322  0.744035  0.661955  0.638137  0.692659  0.715455  0.657813  0.674301  0.699276  0.690637  0.660512  0.604546  0.630001  0.633303  0.685254  0.691515  0.635452  0.757426 
23  0.499791  0.803677  0.664947  0.554198  0.681174  0.768943  0.648955  0.587368  0.701581  0.694846  0.731672  0.844669  0.670657  0.774815  0.516383  0.727063  0.861364  0.744329  0.242355  0.418501  0.628964  0.870549  0.671662 0.0  0.777176  0.858857  0.778142  0.698953  0.859936  0.694307  0.598663  0.454898  0.737003  0.738485  0.777350  0.834680  0.896158  0.780891  0.424607  0.755830  0.680393  0.649021  0.762942  0.837718  0.635032  0.837286  0.689841  0.800270  0.506471  0.722285  0.728948  0.561601  0.651628  0.795108  0.872086  0.634509  0.726989  0.792696  0.571306  0.548227  0.447367  0.755810  0.770601  0.853334  0.830786  0.700203  0.576058  0.616165  0.602662  0.732503  0.715733  0.701824  0.727113  0.769629  0.593006  0.776599  0.810330  0.666872  0.880618  0.745346  0.768298  0.776490  0.789625  0.759367  0.845384  0.821866  0.823084  0.700975  0.645525 
24  0.652785  0.680098  0.547934  0.728595  0.788284  0.597443  0.781860  0.825837  0.735619  0.572509  0.661936  0.528040  0.654545  0.416470  0.755886  0.556433  0.736463  0.592707  0.779775  0.679064  0.594355  0.396445  0.674813  0.777176 0.0  0.545561  0.768425  0.555963  0.462700  0.769512  0.823297  0.825889  0.728604  0.509141  0.579899  0.654268  0.424835  0.521001  0.820059  0.771913  0.598054  0.714181  0.471727  0.678436  0.685687  0.760768  0.745461  0.768533  0.761109  0.655494  0.656003  0.734581  0.855363  0.793240  0.311728  0.817654  0.687988  0.707530  0.798826  0.814191  0.654672  0.679466  0.634631  0.394719  0.448393  0.285923  0.706002  0.682015  0.559536  0.663127  0.506071  0.587819  0.526812  0.410865  0.649217  0.561042  0.444213  0.300068  0.488209  0.577520  0.626231  0.443794  0.557471  0.323145  0.583514  0.624126  0.342774  0.823519  0.367614 
25  0.686311  0.665353  0.712584  0.813240  0.660606  0.522182  0.653266  0.783232  0.656466  0.532152  0.744977  0.599268  0.758605  0.614341  0.808607  0.576984  0.678411  0.583179  0.716785  0.670198  0.668046  0.577616  0.641726  0.858857  0.545561 0.0  0.890922  0.698569  0.461124  0.760926  0.723338  0.824928  0.760176  0.537991  0.694239  0.645163  0.539482  0.489278  0.801768  0.684605  0.688600  0.650221  0.517230  0.703177  0.777190  0.829109  0.629392  0.676255  0.817401  0.628874  0.627582  0.798131  0.731170  0.617616  0.490542  0.750131  0.684248  0.545789  0.670800  0.751018  0.689876  0.805169  0.605977  0.513750  0.435395  0.531745  0.679056  0.735022  0.685041  0.715904  0.475183  0.529257  0.495501  0.375779  0.579498  0.525131  0.592027  0.439882  0.376922  0.622891  0.606975  0.523480  0.458106  0.539488  0.565650  0.564944  0.428630  0.754737  0.521736 
26  0.821095  0.708427  0.795809  0.693232  0.746077  0.749593  0.764939  0.779621  0.809612  0.639954  0.728881  0.818285  0.860410  0.653524  0.847625  0.744377  0.343058  0.707336  0.725026  0.860333  0.777608  0.859162  0.805178  0.778142  0.768425  0.890922 0.0  0.846270  0.733364  0.713274  0.725094  0.805631  0.655622  0.802371  0.746200  0.786166  0.776602  0.694112  0.793962  0.787006  0.769097  0.634753  0.763965  0.741111  0.785285  0.711799  0.734305  0.799489  0.724168  0.729819  0.723729  0.861063  0.829420  0.347647  0.828243  0.733243  0.747328  0.762467  0.781313  0.847186  0.730280  0.708533  0.784849  0.776939  0.766021  0.721511  0.798002  0.815222  0.712416  0.626059  0.762498  0.719617  0.740110  0.754901  0.718741  0.715328  0.835047  0.750856  0.779398  0.790164  0.777315  0.775347  0.734233  0.792371  0.732464  0.834454  0.778622  0.704755  0.753149 
27  0.732211  0.712484  0.641240  0.712389  0.681314  0.398636  0.695823  0.710732  0.742143  0.506581  0.629705  0.639253  0.749077  0.613364  0.646987  0.380039  0.651850  0.565227  0.727095  0.676153  0.617262  0.573097  0.635099  0.698953  0.555963  0.698569  0.846270 0.0  0.546852  0.674328  0.897704  0.819898  0.759144  0.668685  0.360968  0.486241  0.574852  0.598076  0.732852  0.676986  0.659508  0.704635  0.550297  0.833327  0.808971  0.694811  0.704144  0.625891  0.776203  0.493556  0.719435  0.704849  0.718117  0.714455  0.627377  0.738025  0.750064  0.497562  0.787926  0.707772  0.826345  0.744641  0.438892  0.715074  0.592303  0.642805  0.638939  0.744330  0.628937  0.718370  0.537493  0.734314  0.457057  0.529838  0.647567  0.631323  0.632183  0.505668  0.601665  0.483630  0.431104  0.515190  0.608455  0.549527  0.514366  0.473962  0.657214  0.696154  0.649201 
28  0.824683  0.720101  0.691007  0.803842  0.661643  0.637852  0.743715  0.751416  0.716046  0.383282  0.637506  0.312738  0.811819  0.461281  0.749910  0.519373  0.773054  0.596600  0.703252  0.680010  0.717130  0.448378  0.661015  0.859936  0.462700  0.461124  0.733364  0.546852 0.0  0.728566  0.731275  0.813093  0.724924  0.395630  0.628133  0.603799  0.510458  0.443845  0.762143  0.746265  0.611767  0.714282  0.401222  0.770815  0.657604  0.684588  0.747327  0.708446  0.717471  0.702382  0.683558  0.843260  0.732843  0.704843  0.577922  0.786679  0.629517  0.623117  0.674970  0.746122  0.774340  0.650616  0.666755  0.502035  0.439387  0.565170  0.654008  0.823775  0.716603  0.648993  0.437655  0.402476  0.308341  0.496633  0.511301  0.409823  0.310110  0.407557  0.428257  0.686797  0.618171  0.399281  0.338518  0.566073  0.353188  0.567711  0.535592  0.773558  0.602537 
29  0.674521  0.489682  0.648432  0.698888  0.600471  0.763290  0.697435  0.740780  0.365719  0.762420  0.752833  0.767052  0.543167  0.700891  0.632448  0.810986  0.751795  0.734255  0.672563  0.755156  0.736859  0.746761  0.737142  0.694307  0.769512  0.760926  0.713274  0.674328  0.728566 0.0  0.803160  0.607851  0.632753  0.757524  0.726462  0.833694  0.748709  0.794704  0.655634  0.625304  0.561376  0.611163  0.562321  0.381462  0.678872  0.298406  0.700650  0.317668  0.739142  0.716599  0.647221  0.734729  0.722928  0.790159  0.716025  0.630053  0.679219  0.688176  0.754687  0.716094  0.746318  0.339133  0.837090  0.781912  0.699597  0.772528  0.639603  0.817759  0.792363  0.676958  0.745118  0.778239  0.647355  0.712964  0.563442  0.694736  0.675055  0.671424  0.762072  0.687603  0.645901  0.729970  0.644198  0.747555  0.683868  0.776257  0.808613  0.486477  0.641459 
30  0.509228  0.697850  0.600372  0.585114  0.643342  0.697354  0.737977  0.627313  0.662653  0.713521  0.787989  0.710479  0.571108  0.797485  0.554112  0.734068  0.716951  0.737884  0.617664  0.614780  0.701301  0.724349  0.703147  0.598663  0.823297  0.723338  0.725094  0.897704  0.731275  0.803160 0.0  0.482842  0.662276  0.899815  0.750668  0.774272  0.818704  0.721517  0.617105  0.696180  0.743245  0.681964  0.697078  0.732334  0.518449  0.826400  0.701464  0.700250  0.595778  0.795862  0.643115  0.576748  0.640956  0.705152  0.773513  0.742883  0.781006  0.768384  0.515321  0.519201  0.558039  0.736483  0.696037  0.666193  0.786920  0.708465  0.644339  0.624370  0.667787  0.724155  0.690047  0.715027  0.709990  0.813429  0.572177  0.785555  0.688097  0.619059  0.689032  0.733989  0.728248  0.787133  0.715086  0.711778  0.746688  0.716561  0.797355  0.710435  0.809254 
31  0.603100  0.633854  0.633247  0.493112  0.678886  0.693244  0.716798  0.693916  0.693777  0.807687  0.719730  0.826914  0.666832  0.748455  0.363240  0.682346  0.756985  0.799121  0.325434  0.639853  0.776748  0.821739  0.724713  0.454898  0.825889  0.824928  0.805631  0.819898  0.813093  0.607851  0.482842 0.0  0.652369  0.803448  0.840307  0.884540  0.748488  0.754737  0.435904  0.736524  0.641692  0.673726  0.892709  0.704647  0.686406  0.615615  0.664659  0.689063  0.664864  0.735084  0.634215  0.580224  0.605694  0.747579  0.863584  0.676981  0.634828  0.830880  0.502421  0.566982  0.427838  0.636009  0.696188  0.814320  0.738728  0.720591  0.615091  0.589036  0.569234  0.592556  0.764687  1.000000  0.807776  0.777358  0.637553  0.790229  0.730970  0.676366  0.817463  0.768861  0.752649  0.790215  0.778465  0.806565  0.864472  0.812447  0.757696  0.798190  0.805880 
32  0.699780  0.687086  0.657051  0.700674  0.658367  0.718148  0.648932  0.622485  0.724938  0.721543  0.687392  0.705604  0.661588  0.759717  0.700934  0.645422  0.734730  0.671478  0.708840  0.632870  0.666716  0.655732  0.657310  0.737003  0.728604  0.760176  0.655622  0.759144  0.724924  0.632753  0.662276  0.652369 0.0  0.674418  0.652527  0.651527  0.553844  0.653133  0.695334  0.496683  0.497391  0.462746  0.696425  0.665425  0.699842  0.655119  0.791748  0.722895  0.640191  0.732326  0.576841  0.711808  0.645036  0.806288  0.728468  0.624672  0.685829  0.678400  0.697460  0.695751  0.651390  0.633281  0.641254  0.683800  0.769939  0.717898  0.647094  0.691301  0.683128  0.600577  0.633495  0.639950  0.605998  0.673880  0.555802  0.739275  0.680667  0.727597  0.678790  0.617242  0.666362  0.623560  0.632805  0.733279  0.605515  0.665978  0.696115  0.633616  0.687662 
33  0.756252  0.687773  0.553788  0.665903  0.681676  0.595340  0.767550  0.744090  0.640169  0.529801  0.745106  0.480087  0.708294  0.380676  0.750147  0.600843  0.676318  0.641060  0.702472  0.836644  0.653967  0.486013  0.708078  0.738485  0.509141  0.537991  0.802371  0.668685  0.395630  0.757524  0.899815  0.803448  0.674418 0.0  0.720977  0.570696  0.470380  0.387736  0.735885  0.699352  0.619836  0.599236  0.457388  0.789875  0.825519  0.789703  0.736940  0.727766  0.792748  0.703124  0.731008  0.738809  0.723313  0.873720  0.523918  0.725154  0.741528  0.618500  0.680419  0.797263  0.768222  0.721473  0.657967  0.572828  0.306666  0.502377  0.594971  0.833686  0.697656  0.697702  0.425973  0.497917  0.409907  0.518190  0.682525  0.345678  0.424006  0.376845  0.619628  0.570473  0.779295  0.510490  0.359254  0.476212  0.397261  0.590520  0.361536  0.678530  0.545954 
34  0.715258  0.792697  0.739833  0.685220  0.640176  0.329363  0.672057  0.638566  0.781513  0.609871  0.737512  0.611429  0.685254  0.661567  0.680189  0.408710  0.776821  0.520221  0.717443  0.754520  0.704514  0.580481  0.736059  0.777350  0.579899  0.694239  0.746200  0.360968  0.628133  0.726462  0.750668  0.840307  0.652527  0.720977 0.0  0.465158  0.649187  0.657890  0.609986  0.756669  0.668734  0.750613  0.593200  0.719095  0.729132  0.806099  0.748781  0.704209  0.754575  0.543506  0.699336  0.710621  0.763536  0.798356  0.540125  0.649282  0.669732  0.456272  0.806376  0.785364  0.757141  0.681569  0.535641  0.625650  0.495438  0.518888  0.634553  0.867891  0.664901  0.685059  0.623500  0.558640  0.563564  0.559916  0.597240  0.614711  0.581127  0.493181  0.699930  0.488096  0.375422  0.598183  0.570182  0.728223  0.580676  0.241373  0.525146  0.788571  0.587720 
35  0.759736  0.770197  0.629349  0.703741  0.712344  0.571960  0.639251  0.677495  0.710557  0.656055  0.737913  0.586658  0.735946  0.594245  0.740011  0.524001  0.705843  0.464412  0.851636  0.581901  0.735621  0.598009  0.680831  0.834680  0.654268  0.645163  0.786166  0.486241  0.603799  0.833694  0.774272  0.884540  0.651527  0.570696  0.465158 0.0  0.703433  0.573114  0.831678  0.695240  0.703929  0.670550  0.533735  0.711895  0.822226  0.807304  0.716111  0.795925  0.724560  0.436736  0.683026  0.737195  0.748040  0.688828  0.621848  0.677180  0.738241  0.448050  0.647299  0.757965  0.833072  0.816416  0.391699  0.645161  0.621597  0.650653  0.765348  0.656300  0.694362  0.728808  0.662250  0.594066  0.612413  0.654247  0.615730  0.681406  0.650328  0.568129  0.539026  0.476460  0.554308  0.595247  0.666296  0.578721  0.645287  0.483894  0.640163  0.740506  0.600600 
36  0.734709  0.672102  0.674690  0.759593  0.705864  0.637270  0.674782  0.764325  0.695903  0.463685  0.659337  0.536785  0.853723  0.504679  0.781254  0.630155  0.723520  0.739546  0.742296  0.709602  0.673754  0.405719  0.706566  0.896158  0.424835  0.539482  0.776602  0.574852  0.510458  0.748709  0.818704  0.748488  0.553844  0.470380  0.649187  0.703433 0.0  0.481479  0.706952  0.673079  0.725057  0.712931  0.521765  0.645960  0.872983  0.761065  0.684760  0.672079  0.765930  0.589253  0.638512  0.717490  0.814847  0.739206  0.395589  0.831961  0.685874  0.651145  0.784504  0.724930  0.730728  0.694853  0.616439  0.436761  0.552192  0.446340  0.652399  0.801466  0.660401  0.689533  0.481612  0.546253  0.527631  0.498367  0.573204  0.483938  0.490081  0.460044  0.589590  0.703054  0.550545  0.474042  0.547253  0.421525  0.488895  0.555444  0.383891  0.777282  0.346139 
37  0.737895  0.767638  0.709513  0.867638  0.659776  0.535386  0.719654  0.871138  0.715749  0.355149  0.806348  0.434780  0.697464  0.532352  0.791199  0.662343  0.747407  0.593213  0.715129  0.576280  0.676395  0.403238  0.695048  0.780891  0.521001  0.489278  0.694112  0.598076  0.443845  0.794704  0.721517  0.754737  0.653133  0.387736  0.657890  0.573114  0.481479 0.0  0.673431  0.646103  0.651280  0.636739  0.451661  0.859344  0.659885  0.742884  0.695116  0.856293  0.790221  0.617264  0.803883  0.736256  0.839833  0.831169  0.509299  0.557781  0.718035  0.642722  0.777540  0.756498  0.814236  0.699029  0.633489  0.573327  0.469956  0.567799  0.727810  0.701980  0.710852  0.685858  0.469036  0.368529  0.369711  0.427914  0.582133  0.508035  0.445394  0.432401  0.497638  0.572846  0.665723  0.379412  0.489904  0.613955  0.451855  0.513578  0.382005  0.713641  0.523380 
38  0.633921  0.717457  0.718836  0.577924  0.746370  0.752177  0.762711  0.671703  0.745355  0.661800  0.779556  0.864504  0.642731  0.714721  0.441201  0.741140  0.808317  0.859612  0.329430  0.509436  0.702601  0.844171  0.754437  0.424607  0.820059  0.801768  0.793962  0.732852  0.762143  0.655634  0.617105  0.435904  0.695334  0.735885  0.609986  0.831678  0.706952  0.673431 0.0  0.747760  0.756390  0.678181  0.722472  0.653437  0.649988  0.757213  0.666979  0.620619  0.600557  0.752188  0.742372  0.581909  0.619849  0.757291  0.686796  0.666409  0.773824  0.765547  0.668515  0.663943  0.556797  0.770850  0.795018  0.756907  0.725831  0.732812  0.657053  0.543476  0.673568  0.736343  0.781993  0.840741  0.815709  0.916887  0.610495  0.770914  0.757940  0.676854  0.861046  0.760794  0.806362  0.706567  0.780729  0.776144  0.771509  0.698020  0.805149  0.691599  0.805540 
39  0.743258  0.584675  0.681340  0.658353  0.631326  0.678278  0.649267  0.665955  0.756395  0.674521  0.659853  0.663518  0.685279  0.684340  0.651320  0.611642  0.797538  0.698800  0.744019  0.662454  0.674326  0.632932  0.708900  0.755830  0.771913  0.684605  0.787006  0.676986  0.746265  0.625304  0.696180  0.736524  0.496683  0.699352  0.756669  0.695240  0.673079  0.646103  0.747760 0.0  0.480500  0.542506  0.597339  0.715371  0.675723  0.634840  0.672188  0.702811  0.748106  0.756196  0.702955  0.652654  0.720177  0.675389  0.612826  0.660622  0.809856  0.733029  0.738469  0.727762  0.777660  0.869106  0.644489  0.709306  0.692774  0.716105  0.664819  0.659107  0.629727  0.762109  0.616951  0.626124  0.802508  0.772098  0.580356  0.701718  0.683875  0.733277  0.610894  0.644273  0.637985  0.731877  0.761752  0.663200  0.723398  0.656015  0.639586  0.672773  0.616581 
40  0.697823  0.723103  0.644994  0.687886  0.749517  0.637838  0.660926  0.746044  0.707665  0.613515  0.745384  0.751883  0.651110  0.649399  0.728043  0.635537  0.815590  0.677827  0.640496  0.811505  0.707921  0.702379  0.713911  0.680393  0.598054  0.688600  0.769097  0.659508  0.611767  0.561376  0.743245  0.641692  0.497391  0.619836  0.668734  0.703929  0.725057  0.651280  0.756390  0.480500 0.0  0.457696  0.663850  0.617729  0.661515  0.788946  0.708759  0.677708  0.663716  0.671363  0.727967  0.591271  0.618450  0.889436  0.660884  0.613086  0.668541  0.760629  0.663805  0.717918  0.684143  0.684609  0.655181  0.739892  0.659741  0.742559  0.659980  0.608718  0.716549  0.654078  0.763962  0.627481  0.723950  0.672420  0.544125  0.685880  0.823956  0.723160  0.717536  0.765952  0.616280  0.623971  0.687708  0.764016  0.653421  0.629516  0.691191  0.660436  0.700575 
41  0.713080  0.641149  0.795560  0.734917  0.652854  0.628349  0.645321  0.655312  0.686484  0.714753  0.635914  0.521319  0.747264  0.644671  0.739797  0.753453  0.783801  0.581048  0.732701  0.685725  0.624983  0.708096  0.736292  0.649021  0.714181  0.650221  0.634753  0.704635  0.714282  0.611163  0.681964  0.673726  0.462746  0.599236  0.750613  0.670550  0.712931  0.636739  0.678181  0.542506  0.457696 0.0  0.647029  0.611594  0.616898  0.736919  0.618546  0.729662  0.659688  0.733739  0.566864  0.681524  0.694509  0.716422  0.625000  0.606011  0.680953  0.552365  0.730730  0.633075  0.706188  0.714161  0.666375  0.714238  0.766702  0.703218  0.567739  0.666548  0.772870  0.668245  0.630504  0.704450  0.688633  0.614889  0.628261  0.664415  0.677875  0.627217  0.663384  0.697486  0.635484  0.544073  0.653923  0.713930  0.753797  0.675660  0.621244  0.696408  0.736519 
42  0.787823  0.665119  0.687735  0.763026  0.604247  0.668479  0.712153  0.761042  0.732798  0.340190  0.654745  0.457235  0.759719  0.512053  0.785437  0.659910  0.770589  0.718181  0.667582  0.702429  0.718249  0.544999  0.666585  0.762942  0.471727  0.517230  0.763965  0.550297  0.401222  0.562321  0.697078  0.892709  0.696425  0.457388  0.593200  0.533735  0.521765  0.451661  0.722472  0.597339  0.663850  0.647029 0.0  0.738520  0.792170  0.686352  0.676324  0.776942  0.742274  0.538174  0.632560  0.709152  0.794626  0.841169  0.631837  0.774485  0.733086  0.625749  0.702291  0.756677  0.665340  0.819510  0.657405  0.533404  0.389689  0.534961  0.728006  0.775050  0.630548  0.677652  0.396072  0.410465  0.259505  0.505718  0.568209  0.429068  0.390133  0.370109  0.589269  0.585153  0.622378  0.376928  0.385524  0.446014  0.388332  0.553620  0.546098  0.727813  0.529301 
43  0.698010  0.473608  0.622461  0.720077  0.641807  0.787205  0.671942  0.776437  0.361279  0.728875  0.667316  0.816833  0.679403  0.795942  0.704577  0.672559  0.728109  0.751404  0.800234  0.669743  0.717436  0.822726  0.612132  0.837718  0.678436  0.703177  0.741111  0.833327  0.770815  0.381462  0.732334  0.704647  0.665425  0.789875  0.719095  0.711895  0.645960  0.859344  0.653437  0.715371  0.617729  0.611594  0.738520 0.0  0.822006  0.317235  0.784125  0.481358  0.750255  0.761692  0.702774  0.687874  0.744050  0.841405  0.831607  0.548539  0.611739  0.736957  0.746815  0.759565  0.760531  0.421388  0.781947  0.767351  0.758612  0.745596  0.675115  0.678222  0.595840  0.613965  0.764852  0.745973  0.821900  0.725541  0.542059  0.773370  0.759629  0.589911  0.775580  0.776989  0.668103  0.683935  0.789723  0.791315  0.572969  0.843877  0.856551  0.422376  0.783668 
44  0.404686  0.793718  0.653553  0.531041  0.651623  0.762533  0.664959  0.365493  0.757011  0.808008  0.691925  0.693845  0.781515  0.819421  0.589745  0.768718  0.805967  0.722856  0.556290  0.516774  0.703193  0.766620  0.684783  0.635032  0.685687  0.777190  0.785285  0.808971  0.657604  0.678872  0.518449  0.686406  0.699842  0.825519  0.729132  0.822226  0.872983  0.659885  0.649988  0.675723  0.661515  0.616898  0.792170  0.822006 0.0  0.758204  0.725723  0.695116  0.500344  0.866602  0.697271  0.462852  0.348279  0.839434  0.752082  0.720394  0.703471  0.793177  0.538569  0.446537  0.529518  0.706088  0.844805  0.719881  0.788104  0.837453  0.740773  0.300888  0.617206  0.703596  0.720086  0.754848  0.655861  0.872295  0.632454  0.773125  0.617107  0.634422  0.717057  0.783647  0.779886  0.700919  0.779889  0.825299  0.756501  0.742407  0.764980  0.825329  0.785283 
