89
0 0.0  0.800839  0.671430  0.501034  0.737573  0.718809  0.707467  0.546618  0.772957  0.772243  0.780640  0.784867  0.726346  0.752860  0.666432  0.702267  0.811899  0.849914  0.577134  0.457485  0.603250  0.757115  0.698786  0.621770  0.788555  0.809086  0.872300  0.713610  0.888653  0.760290  0.601861  0.566181  0.749072  0.717445  0.834988  0.776024  0.844012  0.813611  0.678245  0.683530  0.645982  0.614353  0.877667  0.788651  0.486625  0.779687  0.808577  0.876010  0.501402  0.760261  0.759814  0.469756  0.498051  0.775305  0.879207  0.763547  0.643815  0.826385  0.465332  0.314942  0.650392  0.782740  0.776132  0.715745  0.788924  0.740188  0.763313  0.518237  0.764638  0.784646  0.758441  0.779521  0.750420  0.825316  0.573072  0.857876  0.795875  0.676494  0.704616  0.798602  0.724977  0.781043  0.782035  0.909616  0.685752  0.778462  0.860220  0.738258  0.734878 
1  0.800839 0.0  0.819413  0.752604  0.816763  0.843437  0.687931  0.883697  0.410048  0.907490  0.730137  0.775708  0.583845  0.710951  0.809824  0.867726  0.842239  0.716173  0.754778  0.757981  0.760534  0.765777  0.697487  0.859111  0.795871  0.918408  0.841981  0.892685  0.750763  0.398464  0.815167  0.775427  0.826674  0.784811  0.792709  0.756731  0.891532  0.789829  0.801627  0.736001  0.763790  0.753770  0.791293  0.489202  0.817780  0.489274  0.743546  0.528146  0.727057  0.765799  0.781196  0.772182  0.734338  0.723233  0.816816  0.671807  0.674067  0.809994  0.776495  0.814250  0.816648  0.455319  0.834361  0.720738  0.731175  0.826036  0.714329  0.755658  0.878927  0.745286  0.824785  0.873587  0.775661  0.760689  0.615526  0.709280  0.872860  0.743466  0.649261  0.730787  0.916233  0.845181  0.741950  0.795126  0.832290  0.765201  0.717218  0.505807  0.865400 
2  0.671430  0.819413 0.0  0.730905  0.572580  0.679957  0.636363  0.686077  0.668389  0.737697  0.571649  0.841240  0.728638  0.713632  0.774301  0.678590  0.831338  0.758809  0.788977  0.857070  0.619201  0.674048  0.448036  0.749275  0.712889  0.739927  0.755814  0.694464  0.781511  0.678415  0.746024  0.654407  0.777903  0.643495  0.692648  0.663223  0.786753  0.758722  0.717644  0.758149  0.742517  0.706426  0.774436  0.738792  0.719569  0.698479  0.479412  0.821505  0.745920  0.806313  0.593726  0.717219  0.605122  0.718319  0.750457  0.793755  0.507780  0.696478  0.757867  0.716203  0.761270  0.710117  0.727690  0.768866  0.700183  0.770918  0.752303  0.729154  0.483560  0.797997  0.695967  0.774241  0.703550  0.774296  0.616455  0.542192  0.690344  0.809814  0.699921  0.768643  0.742110  0.782043  0.797727  0.748430  0.792452  0.785583  0.695309  0.652617  0.705562 
3  0.501034  0.752604  0.730905 0.0  0.688177  0.751232  0.771691  0.484467  0.795987  0.726025  0.810147  0.893606  0.687240  0.659849  0.639338  0.823423  0.751862  0.804432  0.523436  0.464486  0.793954  0.800772  0.813816  0.649354  0.884902  0.899408  0.877054  0.823324  0.850404  0.873704  0.632369  0.548959  0.700229  0.815940  0.761018  0.739335  0.883128  0.825309  0.682846  0.735797  0.697585  0.701485  0.755987  0.782989  0.509510  0.739895  0.753768  0.792247  0.402935  0.788295  0.742706  0.457618  0.438031  0.794560  0.773202  0.705237  0.699573  0.828931  0.525202  0.560630  0.542381  0.816992  0.739887  0.846954  0.705878  0.806973  0.617231  0.477401  0.685997  0.777699  0.805791  0.725386  0.710431  0.786907  0.601720  0.830453  0.842445  0.746428  0.787777  0.844304  0.666732  0.764943  0.689937  0.856557  0.771800  0.738954  0.766440  0.723861  0.741377 
4  0.737573  0.816763  0.572580  0.688177 0.0  0.731780  0.744137  0.712551  0.728996  0.747869  0.378387  0.766488  0.792679  0.690870  0.762642  0.635382  0.747700  0.787569  0.825283  0.692609  0.536039  0.756475  0.405670  0.715613  0.701538  0.698067  0.765711  0.656058  0.752911  0.653672  0.592272  0.724568  0.705364  0.658321  0.805235  0.755534  0.658941  0.674580  0.688080  0.788873  0.772818  0.771666  0.815960  0.709546  0.742414  0.795161  0.504436  0.686595  0.707463  0.784735  0.511306  0.798511  0.689528  0.755432  0.726200  0.857990  0.425767  0.723840  0.768688  0.778692  0.677387  0.719541  0.846369  0.803650  0.756386  0.795404  0.736314  0.782194  0.558830  0.781905  0.703782  0.625776  0.586971  0.738897  0.603370  0.689487  0.637739  0.729057  0.800391  0.745468  0.731530  0.690747  0.824024  0.732264  0.690962  0.721381  0.699773  0.775596  0.685503 
5  0.718809  0.843437  0.679957  0.751232  0.731780 0.0  0.740758  0.866313  0.854087  0.646302  0.742924  0.673849  0.707765  0.733398  0.731878  0.316728  0.799707  0.617413  0.757460  0.673804  0.723114  0.689922  0.832539  0.854587  0.634266  0.600946  0.874608  0.463698  0.647346  0.850899  0.736774  0.795533  0.730585  0.746906  0.564757  0.501806  0.643917  0.746287  0.820395  0.750974  0.740350  0.750980  0.671518  0.815748  0.817435  0.809307  0.739123  0.745163  0.794913  0.477252  0.729190  0.794039  0.783102  0.922883  0.675329  0.822231  0.720017  0.563566  0.794988  0.870843  0.751094  0.754206  0.470924  0.466701  0.699199  0.644619  0.758255  0.842726  0.807442  0.689210  0.651049  0.578318  0.638107  0.617357  0.577732  0.698296  0.633699  0.546029  0.691902  0.556406  0.572370  0.655873  0.656049  0.705855  0.662448  0.423544  0.677758  0.745901  0.694143 
6  0.707467  0.687931  0.636363  0.771691  0.744137  0.740758 0.0  0.728414  0.810617  0.673579  0.685232  0.744564  0.789365  0.782558  0.768438  0.718704  0.751602  0.736015  0.748431  0.764917  0.646983  0.738280  0.719064  0.789171  0.740766  0.790492  0.873052  0.758277  0.871192  0.797390  0.764604  0.765818  0.599164  0.687334  0.670357  0.829180  0.685496  0.785141  0.774472  0.645208  0.809625  0.887259  0.754861  0.701787  0.761377  0.653953  0.778540  0.761777  0.861405  0.698416  0.656765  0.674288  0.755592  0.811346  0.675970  0.656712  0.685816  0.693744  0.632705  0.733756  0.756162  0.744401  0.707243  0.740245  0.756144  0.737355  0.459351  0.784458  0.697751  0.619714  0.734637  0.644830  0.648027  0.684637  0.596789  0.719839  0.757594  0.756501  0.660685  0.678973  0.729558  0.709857  0.755454  0.744099  0.652375  0.858606  0.759351  0.704780  0.744925 
7  0.546618  0.883697  0.686077  0.484467  0.712551  0.866313  0.728414 0.0  0.780398  0.882273  0.696388  0.804334  0.886892  0.866826  0.581747  0.822076  0.833900  0.806027  0.556294  0.357706  0.710509  0.847917  0.640240  0.653275  0.831135  0.841960  0.863842  0.802865  0.780892  0.767973  0.561912  0.624572  0.751284  0.851212  0.864382  0.887944  0.852036  1.000000  0.684106  0.651169  0.770748  0.707408  0.721101  0.735728  0.456770  0.745964  0.739189  0.762055  0.431456  0.853001  0.723591  0.530943  0.406528  0.767333  0.859873  0.825219  0.745479  0.937300  0.562766  0.480378  0.665945  0.776742  0.926034  0.868869  0.897018  0.896740  0.706751  0.244933  0.716135  0.801991  0.826171  0.755767  0.749394  0.768781  0.604588  0.827405  0.758182  0.806264  0.821317  0.821894  0.813128  0.767957  0.705099  0.873104  0.818027  0.936944  0.793955  0.703874  0.802388 
8  0.772957  0.410048  0.668389  0.795987  0.728996  0.854087  0.810617  0.780398 0.0  0.777063  0.709198  0.839975  0.415106  0.663932  0.736408  0.810853  0.868794  0.686248  0.901958  0.773603  0.607910  0.818051  0.776040  0.874478  0.831899  0.739297  0.803448  0.786652  0.749589  0.546879  0.796172  0.779138  0.787937  0.809860  0.914161  0.836877  0.747942  0.874036  0.795939  0.746454  0.724722  0.722450  0.893634  0.598442  0.800879  0.472536  0.698639  0.515564  0.682894  0.771013  0.756289  0.795365  0.868567  0.862986  0.882765  0.570524  0.665912  0.800420  0.683002  0.805506  0.744622  0.455356  0.883662  0.828804  0.710873  0.778203  0.741123  0.793413  0.737201  0.752909  0.763798  0.778535  0.688850  0.764644  0.622501  0.766946  0.877834  0.676915  0.854071  0.757761  0.789595  0.789131  0.708809  0.843589  0.808920  0.766503  0.760812  0.490046  0.740685 
9  0.772243  0.907490  0.737697  0.726025  0.747869  0.646302  0.673579  0.882273  0.777063 0.0  0.773929  0.420451  0.789630  0.487094  0.884850  0.574962  0.833131  0.720447  0.898703  0.681283  0.727484  0.589964  0.682384  0.802138  0.509237  0.536609  0.803209  0.697083  0.421752  0.875934  0.831974  0.743828  0.740755  0.336508  0.660261  0.676566  0.515577  0.470492  0.885505  0.592090  0.681655  0.805028  0.305375  0.732125  0.832158  0.831076  0.725473  0.848942  0.797446  0.633963  0.844114  0.744492  0.924179  0.859545  0.540507  0.832744  0.724909  0.597331  0.798415  0.898019  0.815000  0.801992  0.644973  0.509956  0.451450  0.540719  0.709768  0.835867  0.709221  0.712812  0.545988  0.448770  0.514016  0.567640  0.612042  0.469412  0.398003  0.364824  0.549675  0.616327  0.650246  0.436284  0.416388  0.493323  0.506777  0.568276  0.523099  0.713228  0.591721 
10  0.780640  0.730137  0.571649  0.810147  0.378387  0.742924  0.685232  0.696388  0.709198  0.773929 0.0  0.719500  0.679078  0.707535  0.675071  0.814311  0.757541  0.751257  0.677124  0.657535  0.546971  0.719241  0.365169  0.753944  0.699809  0.741028  0.790441  0.676845  0.815987  0.798444  0.774775  0.694328  0.740767  0.715047  0.824001  0.800649  0.803156  0.673367  0.689922  0.682433  0.760846  0.696400  0.733260  0.718722  0.805940  0.803224  0.613996  0.701350  0.735409  0.763658  0.584705  0.679981  0.636566  0.814408  0.711153  0.798129  0.379718  0.787716  0.733234  0.682424  0.687061  0.819029  0.559334  0.813851  0.650601  0.719915  0.682397  0.764737  0.561883  0.782314  0.724549  0.741654  0.731486  0.729093  0.608803  0.727778  0.755861  0.731398  0.696313  0.708389  0.706048  0.675846  0.762034  0.820838  0.767090  0.773699  0.741802  0.677974  0.729368 
11  0.784867  0.775708  0.841240  0.893606  0.766488  0.673849  0.744564  0.804334  0.839975  0.420451  0.719500 0.0  0.765133  0.509470  0.775033  0.703338  0.855761  0.616197  0.820678  0.811337  0.731484  0.590425  0.787876  0.859625  0.577417  0.525420  0.836843  0.640198  0.445425  0.764675  0.724260  0.741444  0.786708  0.430681  0.806490  0.657253  0.514923  0.437110  0.857583  0.723008  0.721754  0.692219  0.539189  0.879010  0.749228  0.757911  0.722280  0.742384  0.815434  0.610649  0.662459  0.888074  0.809602  0.886809  0.480899  0.694515  0.803840  0.810393  0.797218  0.720524  0.776247  0.811395  0.618282  0.569760  0.413231  0.610346  0.691617  0.867653  0.808756  0.841487  0.375188  0.408851  0.441953  0.654963  0.601141  0.357873  0.336320  0.327549  0.490167  0.603684  0.653549  0.316977  0.300803  0.579712  0.496407  0.639963  0.598465  0.761866  0.566412 
12  0.726346  0.583845  0.728638  0.687240  0.792679  0.707765  0.789365  0.886892  0.415106  0.789630  0.679078  0.765133 0.0  0.719043  0.840616  0.776879  0.819819  0.767925  0.790223  0.805145  0.721421  0.872487  0.722623  0.760193  0.773284  0.742619  0.779491  0.739556  0.627510  0.529455  0.824236  0.799276  0.709286  0.785456  0.711391  0.772905  0.823374  0.774128  0.693026  0.681738  0.666864  0.794544  0.836288  0.592965  0.821192  0.622376  0.718929  0.558745  0.769620  0.767460  0.837910  0.799785  0.826430  0.772632  0.873354  0.519754  0.732028  0.839351  0.811762  0.770973  0.811245  0.565554  0.803418  0.824516  0.786121  0.791720  0.702413  0.811586  0.803551  0.688351  0.815951  0.856846  0.729835  0.771431  0.712385  0.798503  0.846098  0.774400  0.760553  0.896124  0.778521  0.823515  0.652782  0.726098  0.727282  0.769169  0.722202  0.576686  0.921172 
13  0.752860  0.710951  0.713632  0.659849  0.690870  0.733398  0.782558  0.866826  0.663932  0.487094  0.707535  0.509470  0.719043 0.0  0.724979  0.693292  0.811627  0.612033  0.774157  0.662406  0.799092  0.362707  0.791562  0.826916  0.426951  0.540568  0.916325  0.633585  0.538556  0.924189  0.876126  0.793919  0.624589  0.482377  0.553844  0.673263  0.483688  0.507025  0.822985  0.695239  0.591960  0.682340  0.657722  0.788223  0.785537  0.788040  0.680379  0.730682  0.850692  0.625159  0.727936  0.742524  0.856220  0.807162  0.391741  0.757106  0.587512  0.603550  0.781168  0.832291  0.822951  0.823563  0.625323  0.529577  0.502420  0.528643  0.766592  0.850797  0.690858  0.656048  0.512941  0.457071  0.447996  0.555223  0.600414  0.664853  0.578026  0.407737  0.491512  0.638292  0.651213  0.593667  0.492067  0.560035  0.437050  0.713054  0.355509  0.762164  0.481089 
14  0.666432  0.809824  0.774301  0.639338  0.762642  0.731878  0.768438  0.581747  0.736408  0.884850  0.675071  0.775033  0.840616  0.724979 0.0  0.801807  0.836461  0.812476  0.410790  0.515754  0.850965  0.668671  0.772401  0.409097  0.753845  0.722470  0.719632  0.857529  0.883895  0.854770  0.722852  0.539939  0.698840  0.810769  0.646555  0.804421  0.724137  0.784108  0.555554  0.704080  0.759770  0.721654  0.781037  0.778034  0.565438  0.822611  0.753111  0.811744  0.578843  0.731809  0.825485  0.551598  0.573009  0.780321  0.844544  0.769205  0.843563  0.851488  0.647334  0.649879  0.384874  0.817417  0.713286  0.747011  0.779430  0.809157  0.664728  0.582519  0.675231  0.712051  0.809702  0.800481  0.874337  0.787752  0.625066  0.814940  0.825273  0.614580  0.806390  0.774903  0.769959  0.762770  0.702623  0.759532  0.813711  0.746553  0.762836  0.776095  0.761145 
15  0.702267  0.867726  0.678590  0.823423  0.635382  0.316728  0.718704  0.822076  0.810853  0.574962  0.814311  0.703338  0.776879  0.693292  0.801807 0.0  0.779117  0.538471  0.787538  0.682830  0.783031  0.685583  0.795368  0.863643  0.660345  0.597455  0.764553  0.497488  0.662005  0.791895  0.813949  0.847918  0.673931  0.704128  0.545232  0.571256  0.596437  0.725890  0.809502  0.874523  0.617691  0.668514  0.708365  0.734346  0.781085  0.812431  0.746375  0.792973  0.803441  0.569947  0.734624  0.831818  0.724340  0.848144  0.645175  0.657934  0.706251  0.497084  0.804515  0.785190  0.767848  0.801129  0.501014  0.633243  0.696349  0.691024  0.753160  0.857944  0.688821  0.739930  0.655346  0.608933  0.695819  0.681377  0.719440  0.526661  0.699175  0.570207  0.628611  0.577714  0.444513  0.749248  0.647930  0.708329  0.571245  0.564463  0.590040  0.701262  0.735219 
16  0.811899  0.842239  0.831338  0.751862  0.747700  0.799707  0.751602  0.833900  0.868794  0.833131  0.757541  0.855761  0.819819  0.811627  0.836461  0.779117 0.0  0.871622  0.756752  0.816542  0.861406  0.774178  0.764123  0.842780  0.792200  0.867017  0.381810  0.757605  0.863463  0.829576  0.780342  0.818985  0.823132  0.910462  0.801278  0.757937  0.724804  0.829600  0.886728  0.747425  0.800880  0.791816  0.804340  0.836985  0.830817  0.795657  0.829653  0.888979  0.812937  0.705142  0.886599  0.727864  0.793811  0.433841  0.865721  0.781795  0.845522  0.848749  0.757917  0.819713  0.799869  0.842816  0.737123  0.745674  0.929532  0.801896  0.819781  0.711792  0.726648  0.819482  0.771615  0.766694  0.808066  0.905077  0.751844  0.747494  0.776375  0.751574  0.782085  0.781803  0.783812  0.846844  0.759599  0.780090  0.780976  0.762582  0.851947  0.740493  0.740250 
17  0.849914  0.716173  0.758809  0.804432  0.787569  0.617413  0.736015  0.806027  0.686248  0.720447  0.751257  0.616197  0.767925  0.612033  0.812476  0.538471  0.871622 0.0  0.684671  0.706518  0.736291  0.571085  0.667768  0.773589  0.650941  0.634502  0.858477  0.610002  0.700537  0.880656  0.833259  0.832236  0.726997  0.658957  0.553527  0.522171  0.690659  0.716773  0.842679  0.678206  0.666892  0.756441  0.656988  0.856519  0.805030  0.700437  0.701589  0.635190  0.826505  0.560412  0.629420  0.813321  0.812758  0.823979  0.587483  0.722263  0.753734  0.418466  0.687188  0.799355  0.714445  0.925410  0.412777  0.716465  0.623978  0.626459  0.760716  0.788817  0.695219  0.741994  0.639118  0.661961  0.625759  0.749120  0.608712  0.730293  0.807655  0.537054  0.590055  0.568663  0.547158  0.646073  0.638979  0.668136  0.629565  0.583156  0.649035  0.806629  0.704570 
18  0.577134  0.754778  0.788977  0.523436  0.825283  0.757460  0.748431  0.556294  0.901958  0.898703  0.677124  0.820678  0.790223  0.774157  0.410790  0.787538  0.756752  0.684671 0.0  0.556202  0.638671  0.814537  0.671872  0.405858  0.712900  0.867539  0.858650  0.823829  0.808828  0.849301  0.505680  0.492258  0.805713  0.792950  0.794137  0.768566  0.745447  0.743739  0.456324  0.636784  0.725549  0.797059  0.857454  0.854040  0.618383  0.791652  0.724124  0.822785  0.635038  0.790451  0.665926  0.681818  0.539818  0.879878  0.777972  0.831364  0.796420  0.737305  0.653864  0.612302  0.509934  0.799341  0.796233  0.734666  0.782410  0.765698  0.682009  0.609794  0.678430  0.725238  0.712321  0.833595  0.803951  0.752933  0.570408  0.797058  0.734709  0.624372  0.760962  0.747711  0.780770  0.764396  0.839408  0.798400  0.816352  0.765746  0.791211  0.761032  0.702082 
19  0.457485  0.757981  0.857070  0.464486  0.692609  0.673804  0.764917  0.357706  0.773603  0.681283  0.657535  0.811337  0.805145  0.662406  0.515754  0.682830  0.816542  0.706518  0.556202 0.0  0.806375  0.767323  0.791491  0.651621  0.660867  0.566280  0.756395  0.713188  0.721744  0.748094  0.405087  0.517464  0.567846  0.767906  0.629070  0.739832  0.662522  0.721563  0.460752  0.790686  0.682985  0.710448  0.726091  0.693439  0.545141  0.577231  0.749688  0.757941  0.522938  0.719849  0.635739  0.462698  0.468868  0.799475  0.675939  0.670178  0.740287  0.649791  0.598052  0.632058  0.575457  0.776198  0.789282  0.863624  0.728840  0.741675  0.641011  0.513031  0.745947  0.806159  0.658577  0.786067  0.708481  0.606739  0.609120  0.676237  0.804947  0.756703  0.739928  0.728742  0.706247  0.780375  0.686404  0.774008  0.660258  0.613998  0.708688  0.642110  0.819573 
20  0.603250  0.760534  0.619201  0.793954  0.536039  0.723114  0.646983  0.710509  0.607910  0.727484  0.546971  0.731484  0.721421  0.799092  0.850965  0.783031  0.861406  0.736291  0.638671  0.806375 0.0  0.704274  0.635910  0.835361  0.621419  0.704656  0.721100  0.762043  0.793373  0.746057  0.736433  0.804050  0.884933  0.739375  0.796706  0.723486  0.676897  0.661627  0.686413  0.710489  0.774765  0.695505  0.611790  0.645247  0.710646  0.753272  0.506663  0.662921  0.685116  0.814113  0.569277  0.614956  0.727864  0.806061  0.798673  0.844850  0.530859  0.670837  0.707986  0.681593  0.836067  0.744990  0.692661  0.630819  0.714508  0.713794  0.764096  0.732830  0.520261  0.695395  0.813543  0.712333  0.717449  0.762388  0.663981  0.732324  0.715648  0.761325  0.755427  0.621482  0.652013  0.668054  0.676809  0.755044  0.724422  0.835193  0.777531  0.660947  0.701111 
21  0.757115  0.765777  0.674048  0.800772  0.756475  0.689922  0.738280  0.847917  0.818051  0.589964  0.719241  0.590425  0.872487  0.362707  0.668671  0.685583  0.774178  0.571085  0.814537  0.767323  0.704274 0.0  0.742984  0.934818  0.376820  0.536517  0.851400  0.654203  0.612637  0.923228  0.738501  0.825029  0.811288  0.603175  0.583569  0.661417  0.479830  0.627206  0.722446  0.675541  0.824838  0.822450  0.629335  0.857669  0.816448  0.774662  0.630659  0.712931  0.821420  0.616262  0.730946  0.749150  0.813386  0.931609  0.575783  0.721033  0.627154  0.629640  0.775903  0.819922  0.845138  0.743847  0.705102  0.490011  0.471551  0.518946  0.736616  0.838547  0.682882  0.769733  0.517497  0.504106  0.590933  0.481089  0.588268  0.590749  0.514319  0.415439  0.570980  0.697922  0.702129  0.611495  0.487038  0.450725  0.426887  0.635078  0.469409  0.753473  0.531913 
22  0.698786  0.697487  0.448036  0.813816  0.405670  0.832539  0.719064  0.640240  0.776040  0.682384  0.365169  0.787876  0.722623  0.791562  0.772401  0.795368  0.764123  0.667768  0.671872  0.791491  0.635910  0.742984 0.0  0.828202  0.768173  0.761429  0.809662  0.781746  0.711588  0.723373  0.824734  0.671740  0.782751  0.716174  0.727226  0.743791  0.714354  0.705145  0.704305  0.720037  0.760563  0.778537  0.634769  0.782428  0.782449  0.741660  0.498217  0.736118  0.779434  0.751057  0.633036  0.740066  0.725104  0.896316  0.764252  0.688077  0.520982  0.622225  0.733153  0.752472  0.658787  0.720452  0.724525  0.720300  0.667159  0.717530  0.708226  0.705351  0.517311  0.672652  0.715824  0.670808  0.689085  0.713777  0.634987  0.722014  0.680338  0.712219  0.767281  0.613868  0.820958  0.779247  0.648045  0.721368  0.742448  0.723194  0.738212  0.710016  0.732277 
23  0.621770  0.859111  0.749275  0.649354  0.715613  0.854587  0.789171  0.653275  0.874478  0.802138  0.753944  0.859625  0.760193  0.826916  0.409097  0.863643  0.842780  0.773589  0.405858  0.651621  0.835361  0.934818  0.828202 0.0  0.747662  0.773631  0.786274  0.851856  0.866110  0.715008  0.662990  0.450734  0.696771  0.838111  0.853964  0.840921  0.878463  0.849949  0.442347  0.656548  0.768146  0.722926  0.897206  0.806733  0.778319  0.723965  0.753875  0.864339  0.621858  0.838822  0.695842  0.555306  0.624444  0.774425  0.820288  0.713372  0.805534  0.868360  0.574135  0.681467  0.494815  0.695458  0.844591  0.903180  0.814355  0.830647  0.702536  0.668008  0.857665  0.843305  0.765773  0.866071  0.876353  0.867613  0.596418  0.802952  0.889175  0.809382  0.870022  0.812026  0.777743  0.833192  0.858074  0.828370  0.854889  0.655615  0.869434  0.753457  0.828816 
24  0.788555  0.795871  0.712889  0.884902  0.701538  0.634266  0.740766  0.831135  0.831899  0.509237  0.699809  0.577417  0.773284  0.426951  0.753845  0.660345  0.792200  0.650941  0.712900  0.660867  0.621419  0.376820  0.768173  0.747662 0.0  0.463399  0.742150  0.594413  0.695969  0.692663  0.762830  0.808866  0.772387  0.603018  0.655037  0.587068  0.428983  0.450871  0.916662  0.662648  0.760761  0.764130  0.507034  0.673007  0.875572  0.838900  0.654693  0.740977  0.798692  0.622968  0.756150  0.744371  0.800650  0.788502  0.271892  0.859343  0.634661  0.638544  0.730693  0.845367  0.745267  0.885873  0.673117  0.298938  0.450623  0.374177  0.773570  0.734276  0.746721  0.875003  0.530044  0.511478  0.561383  0.508200  0.575076  0.502425  0.544249  0.366656  0.471238  0.693663  0.721180  0.443379  0.467454  0.455367  0.613810  0.614860  0.255731  0.724087  0.413760 
25  0.809086  0.918408  0.739927  0.899408  0.698067  0.600946  0.790492  0.841960  0.739297  0.536609  0.741028  0.525420  0.742619  0.540568  0.722470  0.597455  0.867017  0.634502  0.867539  0.566280  0.704656  0.536517  0.761429  0.773631  0.463399 0.0  0.824453  0.676626  0.535703  0.867306  0.916937  0.875255  0.683971  0.569593  0.636183  0.785397  0.495824  0.515484  0.811675  0.771933  0.704167  0.762195  0.458199  0.747893  0.739947  0.834629  0.662338  0.832546  0.758438  0.767875  0.775485  0.746271  0.832951  0.791089  0.570635  0.873151  0.828054  0.687692  0.880612  0.835114  0.797321  0.762890  0.584344  0.550015  0.470044  0.565981  0.695640  0.844436  0.773799  0.776283  0.454804  0.606281  0.529273  0.518367  0.561553  0.599008  0.494692  0.401217  0.325199  0.679157  0.602613  0.561381  0.526552  0.593463  0.562783  0.559793  0.625720  0.633310  0.464394 
26  0.872300  0.841981  0.755814  0.877054  0.765711  0.874608  0.873052  0.863842  0.803448  0.803209  0.790441  0.836843  0.779491  0.916325  0.719632  0.764553  0.381810  0.858477  0.858650  0.756395  0.721100  0.851400  0.809662  0.786274  0.742150  0.824453 0.0  0.903267  0.757615  0.773188  0.800684  0.841876  0.776906  0.855660  0.836362  0.770749  0.816649  0.741261  0.890294  0.759665  0.769594  0.674696  0.804046  0.785343  0.882897  0.805090  0.777912  0.820937  0.825957  0.857539  0.848176  0.844506  0.732129  0.393500  0.797546  0.801236  0.788587  0.775729  0.774605  0.754832  0.761569  0.887687  0.803953  0.910401  0.793887  0.897544  0.803888  0.844033  0.835043  0.824590  0.809100  0.832395  0.819517  0.834350  0.810952  0.799043  0.790247  0.778825  0.830998  0.900947  0.750470  0.786323  0.755277  0.774286  0.782209  0.862483  0.849603  0.760577  0.812473 
27  0.713610  0.892685  0.694464  0.823324  0.656058  0.463698  0.758277  0.802865  0.786652  0.697083  0.676845  0.640198  0.739556  0.633585  0.857529  0.497488  0.757605  0.610002  0.823829  0.713188  0.762043  0.654203  0.781746  0.851856  0.594413  0.676626  0.903267 0.0  0.605073  0.697418  0.847447  0.802533  0.728709  0.728348  0.348700  0.555802  0.710405  0.675951  0.790422  0.835650  0.721473  0.775114  0.545099  0.797330  0.795293  0.839870  0.701169  0.756227  0.752947  0.534091  0.743002  0.855039  0.760474  0.780968  0.654541  0.682494  0.761027  0.539148  0.766137  0.799520  0.785296  0.776925  0.513945  0.708281  0.554880  0.634959  0.702668  0.862285  0.820948  0.686148  0.518822  0.675287  0.662419  0.632547  0.549505  0.672617  0.572207  0.506799  0.581642  0.539271  0.491716  0.693179  0.643430  0.757951  0.702870  0.357645  0.737490  0.885998  0.672374 
28  0.888653  0.750763  0.781511  0.850404  0.752911  0.647346  0.871192  0.780892  0.749589  0.421752  0.815987  0.445425  0.627510  0.538556  0.883895  0.662005  0.863463  0.700537  0.808828  0.721744  0.793373  0.612637  0.711588  0.866110  0.695969  0.535703  0.757615  0.605073 0.0  0.782788  0.857697  0.779075  0.688036  0.373400  0.675182  0.653501  0.576919  0.606948  0.823873  0.664714  0.635945  0.797102  0.499698  0.727843  0.719833  0.788273  0.672494  0.814896  0.760549  0.710182  0.716802  0.879537  0.749732  0.873480  0.516026  0.771840  0.629815  0.660739  0.760156  0.736519  0.872879  0.690224  0.663114  0.640574  0.463607  0.495955  0.807668  0.872604  0.775990  0.822081  0.414550  0.388714  0.351886  0.616217  0.651609  0.482877  0.289018  0.469715  0.600811  0.610770  0.656281  0.464849  0.451534  0.561932  0.355947  0.744093  0.616775  0.753694  0.537912 
29  0.760290  0.398464  0.678415  0.873704  0.653672  0.850899  0.797390  0.767973  0.546879  0.875934  0.798444  0.764675  0.529455  0.924189  0.854770  0.791895  0.829576  0.880656  0.849301  0.748094  0.746057  0.923228  0.723373  0.715008  0.692663  0.867306  0.773188  0.697418  0.782788 0.0  0.840813  0.831875  0.710055  0.804391  0.774234  0.732143  0.724593  0.792961  0.717716  0.758681  0.845186  0.690522  0.790180  0.469410  0.797067  0.342218  0.718952  0.372236  0.854157  0.752763  0.611986  0.814433  0.758300  0.828010  0.862016  0.679928  0.793010  0.733081  0.787001  0.739817  0.752246  0.338630  0.683011  0.829746  0.826241  0.809088  0.691394  0.752285  0.763977  0.810976  0.779754  0.818396  0.797839  0.785911  0.577993  0.815507  0.844452  0.715267  0.752257  0.747411  0.825405  0.817287  0.717257  0.773656  0.839642  0.868316  0.846541  0.466616  0.793542 
30  0.601861  0.815167  0.746024  0.632369  0.592272  0.736774  0.764604  0.561912  0.796172  0.831974  0.774775  0.724260  0.824236  0.876126  0.722852  0.813949  0.780342  0.833259  0.505680  0.405087  0.736433  0.738501  0.824734  0.662990  0.762830  0.916937  0.800684  0.847447  0.857697  0.840813 0.0  0.636719  0.837146  0.794270  0.750676  0.760446  0.827455  0.861721  0.569178  0.660983  0.726053  0.685231  0.869208  0.804689  0.630902  0.795793  0.688423  0.796835  0.647121  0.771522  0.629620  0.641012  0.602521  0.824792  0.800434  0.829668  0.750118  0.827369  0.596878  0.618192  0.603423  0.807569  0.777998  0.644335  0.876772  0.915159  0.754428  0.583913  0.707165  0.850390  0.731047  0.870533  0.772267  0.858502  0.526547  0.792577  0.796854  0.714888  0.728622  0.872644  0.733866  0.813880  0.844011  0.793002  0.825435  0.837524  0.828893  0.786758  0.821388 
31  0.566181  0.775427  0.654407  0.548959  0.724568  0.795533  0.765818  0.624572  0.779138  0.743828  0.694328  0.741444  0.799276  0.793919  0.539939  0.847918  0.818985  0.832236  0.492258  0.517464  0.804050  0.825029  0.671740  0.450734  0.808866  0.875255  0.841876  0.802533  0.779075  0.831875  0.636719 0.0  0.766883  0.708860  0.879689  0.897232  0.876535  0.825098  0.384589  0.701551  0.679745  0.772433  0.830951  0.690709  0.670657  0.790790  0.574427  0.850006  0.606054  0.876739  0.682533  0.670543  0.639925  0.734082  0.744457  0.854239  0.713599  0.806871  0.725332  0.590198  0.595743  0.770428  0.865962  0.751168  0.868193  0.812609  0.728587  0.622570  0.676893  0.746110  0.724383  0.938455  0.867841  0.807761  0.643157  0.860620  0.821284  0.841275  0.866048  0.847989  0.798043  0.806652  0.797192  0.811827  0.849226  0.885569  0.720104  0.750944  0.840923 
32  0.749072  0.826674  0.777903  0.700229  0.705364  0.730585  0.599164  0.751284  0.787937  0.740755  0.740767  0.786708  0.709286  0.624589  0.698840  0.673931  0.823132  0.726997  0.805713  0.567846  0.884933  0.811288  0.782751  0.696771  0.772387  0.683971  0.776906  0.728709  0.688036  0.710055  0.837146  0.766883 0.0  0.816619  0.769199  0.659260  0.716116  0.822802  0.720283  0.577810  0.446405  0.448442  0.920087  0.747510  0.663323  0.704803  0.711613  0.726493  0.711960  0.767547  0.723506  0.722957  0.721232  0.743133  0.632673  0.651980  0.687165  0.720084  0.804262  0.693898  0.814211  0.714417  0.695193  0.743472  0.727846  0.737592  0.811226  0.672863  0.710376  0.779602  0.760913  0.794479  0.762300  0.719864  0.599809  0.704027  0.734577  0.715405  0.652394  0.748660  0.823559  0.761125  0.786032  0.694357  0.822346  0.717576  0.705941  0.727274  0.700074 
33  0.717445  0.784811  0.643495  0.815940  0.658321  0.746906  0.687334  0.851212  0.809860  0.336508  0.715047  0.430681  0.785456  0.482377  0.810769  0.704128  0.910462  0.658957  0.792950  0.767906  0.739375  0.603175  0.716174  0.838111  0.603018  0.569593  0.855660  0.728348  0.373400  0.804391  0.794270  0.708860  0.816619 0.0  0.589772  0.679216  0.500231  0.415330  0.750544  0.706717  0.707818  0.727720  0.458096  0.732442  0.798982  0.805947  0.741639  0.792024  0.749266  0.676568  0.777146  0.863703  0.764617  0.769732  0.497435  0.734194  0.777125  0.634191  0.828026  0.798372  0.829915  0.749042  0.702237  0.494113  0.480133  0.556204  0.684014  0.834871  0.684763  0.722811  0.424209  0.437864  0.459984  0.597019  0.675668  0.404073  0.475301  0.480564  0.535791  0.635024  0.680152  0.398035  0.465870  0.511400  0.445471  0.735126  0.542875  0.768961  0.631795 
34  0.834988  0.792709  0.692648  0.761018  0.805235  0.564757  0.670357  0.864382  0.914161  0.660261  0.824001  0.806490  0.711391  0.553844  0.646555  0.545232  0.801278  0.553527  0.794137  0.629070  0.796706  0.583569  0.727226  0.853964  0.655037  0.636183  0.836362  0.348700  0.675182  0.774234  0.750676  0.879689  0.769199  0.589772 0.0  0.527235  0.658140  0.709012  0.815232  0.765525  0.732914  0.673173  0.527611  0.838473  0.823673  0.744746  0.743219  0.769958  0.801324  0.453576  0.684659  0.824207  0.892555  0.814119  0.724631  0.835360  0.753473  0.509091  0.758201  0.808197  0.904549  0.817480  0.461348  0.675511  0.699310  0.646420  0.698837  0.904246  0.704605  0.813730  0.660696  0.697513  0.602702  0.672050  0.650636  0.693168  0.625465  0.649284  0.742364  0.520533  0.382497  0.676017  0.649568  0.563496  0.721394  0.432060  0.597723  0.800529  0.545173 
35  0.776024  0.756731  0.663223  0.739335  0.755534  0.501806  0.829180  0.887944  0.836877  0.676566  0.800649  0.657253  0.772905  0.673263  0.804421  0.571256  0.757937  0.522171  0.768566  0.739832  0.723486  0.661417  0.743791  0.840921  0.587068  0.785397  0.770749  0.555802  0.653501  0.732143  0.760446  0.897232  0.659260  0.679216  0.527235 0.0  0.696292  0.681855  0.814422  0.804338  0.672685  0.707042  0.661560  0.746938  0.775874  0.893651  0.724031  0.786192  0.806672  0.449470  0.725216  0.809340  0.818865  0.845478  0.697560  0.780154  0.754908  0.505722  0.786915  0.826464  0.800873  0.731946  0.561711  0.634714  0.750595  0.704895  0.698575  0.880113  0.683948  0.746476  0.691198  0.591512  0.762228  0.751012  0.685907  0.737234  0.670601  0.589552  0.602909  0.404964  0.537520  0.629679  0.625557  0.636867  0.736999  0.510765  0.558177  0.748147  0.630323 
36  0.844012  0.891532  0.786753  0.883128  0.658941  0.643917  0.685496  0.852036  0.747942  0.515577  0.803156  0.514923  0.823374  0.483688  0.724137  0.596437  0.724804  0.690659  0.745447  0.662522  0.676897  0.479830  0.714354  0.878463  0.428983  0.495824  0.816649  0.710405  0.576919  0.724593  0.827455  0.876535  0.716116  0.500231  0.658140  0.696292 0.0  0.563308  0.842200  0.761924  0.691985  0.669625  0.601006  0.649644  0.849959  0.783778  0.648464  0.760776  0.783890  0.773140  0.658619  0.821428  0.759272  0.738394  0.448562  0.818270  0.713832  0.631121  0.706169  0.865719  0.672285  0.764661  0.644851  0.368121  0.503004  0.372437  0.818197  0.780870  0.681762  0.735940  0.448260  0.526799  0.536300  0.483542  0.631428  0.423200  0.593775  0.343021  0.560030  0.534721  0.652898  0.526074  0.534602  0.422731  0.604304  0.573873  0.417448  0.851128  0.410950 
37  0.813611  0.789829  0.758722  0.825309  0.674580  0.746287  0.785141  1.000000  0.874036  0.470492  0.673367  0.437110  0.774128  0.507025  0.784108  0.725890  0.829600  0.716773  0.743739  0.721563  0.661627  0.627206  0.705145  0.849949  0.450871  0.515484  0.741261  0.675951  0.606948  0.792961  0.861721  0.825098  0.822802  0.415330  0.709012  0.681855  0.563308 0.0  0.769917  0.708842  0.640835  0.834167  0.414430  0.807660  0.744196  0.805530  0.755217  0.845448  0.855700  0.647777  0.783065  0.804650  0.741025  0.834335  0.573114  0.884266  0.707994  0.633822  0.677331  0.828210  0.849454  0.767586  0.579626  0.515920  0.479729  0.519608  0.692732  0.775615  0.714938  0.575550  0.406170  0.482920  0.527931  0.546784  0.594851  0.563855  0.477002  0.324031  0.643166  0.698669  0.702719  0.479024  0.380987  0.510913  0.371877  0.673406  0.514958  0.778491  0.504608 
38  0.678245  0.801627  0.717644  0.682846  0.688080  0.820395  0.774472  0.684106  0.795939  0.885505  0.689922  0.857583  0.693026  0.822985  0.555554  0.809502  0.886728  0.842679  0.456324  0.460752  0.686413  0.722446  0.704305  0.442347  0.916662  0.811675  0.890294  0.790422  0.823873  0.717716  0.569178  0.384589  0.720283  0.750544  0.815232  0.814422  0.842200  0.769917 0.0  0.707249  0.682787  0.737805  0.762767  0.784094  0.677144  0.791869  0.779234  0.776594  0.553835  0.767189  0.675784  0.625415  0.585754  0.797455  0.807390  0.733663  0.677758  0.836771  0.724073  0.645317  0.511821  0.719918  0.885095  0.786145  0.867223  0.753441  0.669607  0.706335  0.740964  0.752650  0.729273  0.786348  0.802359  0.924613  0.577130  0.796486  0.796595  0.709325  0.741801  0.839777  0.822598  0.914583  0.826063  0.753085  0.845666  0.766112  0.902621  0.800810  0.830695 
39  0.683530  0.736001  0.758149  0.735797  0.788873  0.750974  0.645208  0.651169  0.746454  0.592090  0.682433  0.723008  0.681738  0.695239  0.704080  0.874523  0.747425  0.678206  0.636784  0.790686  0.710489  0.675541  0.720037  0.656548  0.662648  0.771933  0.759665  0.835650  0.664714  0.758681  0.660983  0.701551  0.577810  0.706717  0.765525  0.804338  0.761924  0.708842  0.707249 0.0  0.553976  0.632864  0.669822  0.816114  0.740401  0.741223  0.733134  0.764299  0.781402  0.783595  0.646405  0.728105  0.708426  0.847984  0.632905  0.705756  0.701517  0.723380  0.783608  0.647511  0.793705  0.755917  0.698473  0.716121  0.753776  0.639786  0.797043  0.791131  0.821221  0.752759  0.736270  0.784956  0.718473  0.724023  0.667811  0.749370  0.740967  0.747534  0.816449  0.660166  0.721729  0.780557  0.676991  0.673873  0.697762  0.780660  0.830602  0.809104  0.833769 
40  0.645982  0.763790  0.742517  0.697585  0.772818  0.740350  0.809625  0.770748  0.724722  0.681655  0.760846  0.721754  0.666864  0.591960  0.759770  0.617691  0.800880  0.666892  0.725549  0.682985  0.774765  0.824838  0.760563  0.768146  0.760761  0.704167  0.769594  0.721473  0.635945  0.845186  0.726053  0.679745  0.446405  0.707818  0.732914  0.672685  0.691985  0.640835  0.682787  0.553976 0.0  0.480448  0.750337  0.737836  0.715444  0.842881  0.750405  0.747914  0.665854  0.707202  0.554452  0.714889  0.701513  0.774365  0.754076  0.681258  0.685463  0.728633  0.712566  0.711865  0.732861  0.801960  0.739696  0.810019  0.764396  0.711644  0.738109  0.832886  0.796752  0.692115  0.723157  0.851567  0.743714  0.763150  0.623993  0.705262  0.675411  0.717873  0.702204  0.747360  0.703570  0.770737  0.659950  0.761982  0.798982  0.734758  0.749855  0.737712  0.776849 
41  0.614353  0.753770  0.706426  0.701485  0.771666  0.750980  0.887259  0.707408  0.722450  0.805028  0.696400  0.692219  0.794544  0.682340  0.721654  0.668514  0.791816  0.756441  0.797059  0.710448  0.695505  0.822450  0.778537  0.722926  0.764130  0.762195  0.674696  0.775114  0.797102  0.690522  0.685231  0.772433  0.448442  0.727720  0.673173  0.707042  0.669625  0.834167  0.737805  0.632864  0.480448 0.0  0.680942  0.791614  0.764472  0.756467  0.715995  0.661632  0.733440  0.831825  0.799495  0.823236  0.781850  0.874488  0.742293  0.778596  0.800719  0.628236  0.700852  0.756493  0.744433  0.726154  0.669323  0.761352  0.770015  0.817156  0.737575  0.727617  0.765741  0.637005  0.736439  0.811740  0.743382  0.751556  0.666339  0.787663  0.726658  0.664075  0.665374  0.768722  0.659336  0.792639  0.662080  0.853689  0.749958  0.754243  0.754826  0.776606  0.805958 
42  0.877667  0.791293  0.774436  0.755987  0.815960  0.671518  0.754861  0.721101  0.893634  0.305375  0.733260  0.539189  0.836288  0.657722  0.781037  0.708365  0.804340  0.656988  0.857454  0.726091  0.611790  0.629335  0.634769  0.897206  0.507034  0.458199  0.804046  0.545099  0.499698  0.790180  0.869208  0.830951  0.920087  0.458096  0.527611  0.661560  0.601006  0.414430  0.762767  0.669822  0.750337  0.680942 0.0  0.699616  0.895398  0.752483  0.811285  0.809998  0.723881  0.638564  0.766227  0.798806  0.916242  0.788821  0.572418  0.886676  0.704129  0.678948  0.748023  0.782241  0.833133  0.786326  0.662111  0.447243  0.407764  0.564007  0.668749  0.726730  0.768152  0.668111  0.381656  0.457523  0.471537  0.597918  0.672025  0.423374  0.358613  0.362810  0.514709  0.574913  0.667107  0.497114  0.395854  0.575859  0.383726  0.659440  0.504059  0.832714  0.492925 
43  0.788651  0.489202  0.738792  0.782989  0.709546  0.815748  0.701787  0.735728  0.598442  0.732125  0.718722  0.879010  0.592965  0.788223  0.778034  0.734346  0.836985  0.856519  0.854040  0.693439  0.645247  0.857669  0.782428  0.806733  0.673007  0.747893  0.785343  0.797330  0.727843  0.469410  0.804689  0.690709  0.747510  0.732442  0.838473  0.746938  0.649644  0.807660  0.784094  0.816114  0.737836  0.791614  0.699616 0.0  0.822743  0.389943  0.786436  0.442982  0.716697  0.742498  0.650293  0.718340  0.806724  0.803190  0.794039  0.676090  0.729057  0.732073  0.858966  0.788964  0.721708  0.414332  0.716480  0.849214  0.811368  0.825543  0.736489  0.762305  0.771881  0.751456  0.720288  0.707451  0.772283  0.861539  0.623443  0.766643  0.956861  0.754596  0.844945  0.773512  0.839973  0.805044  0.741706  0.838086  0.761560  0.866167  0.789324  0.546949  0.762438 
44  0.486625  0.817780  0.719569  0.509510  0.742414  0.817435  0.761377  0.456770  0.800879  0.832158  0.805940  0.749228  0.821192  0.785537  0.565438  0.781085  0.830817  0.805030  0.618383  0.545141  0.710646  0.816448  0.782449  0.778319  0.875572  0.739947  0.882897  0.795293  0.719833  0.797067  0.630902  0.670657  0.663323  0.798982  0.823673  0.775874  0.849959  0.744196  0.677144  0.740401  0.715444  0.764472  0.895398  0.822743 0.0  0.673478  0.664921  0.806877  0.488615  0.743172  0.836523  0.560762  0.404261  0.971113  0.868420  0.814706  0.702717  0.861677  0.407290  0.537973  0.499515  0.873798  0.800940  0.802429  0.747144  0.769952  0.725517  0.421395  0.725908  0.700158  0.708480  0.780758  0.724762  0.866619  0.589113  0.794952  0.806791  0.686912  0.768008  0.850385  0.856154  0.654360  0.727433  0.785271  0.796077  0.835839  0.860842  0.847631  0.772336 
