31
0 0.0  0.699666  0.653782  0.712397  0.738033  0.609290  0.684991  0.575691  0.551701  0.712988  0.678567  0.740573  0.466434  0.547747  0.710308  0.685017  0.563900  0.669841  0.690528  0.661302  0.578827  0.743735  0.564138  0.549053  0.748469  0.653046  0.727491  0.563063  0.575867  0.745074  0.813399 
1  0.699666 0.0  0.632177  0.652223  0.851735  0.708691  0.672946  0.705930  0.636306  0.774374  0.548097  0.741530  0.698327  0.725594  0.817836  0.613324  0.626424  0.416828  0.734241  0.610942  0.671026  0.561939  0.727788  0.540076  0.582184  0.741964  0.789379  0.714094  0.647181  0.711008  0.698842 
2  0.653782  0.632177 0.0  0.392965  0.787643  0.723024  0.573737  0.303690  0.560309  0.658341  0.533051  0.708963  0.765713  0.862144  0.764410  0.711824  0.342999  0.731341  0.620278  0.395592  0.330636  0.825588  0.647258  0.480282  0.554786  0.639233  0.656625  0.323676  0.424942  0.359428  0.832284 
3  0.712397  0.652223  0.392965 0.0  0.702071  0.699912  0.482729  0.237556  0.731790  0.509184  0.406657  0.664313  0.815503  0.855929  0.819321  0.735945  0.304442  0.719107  0.448182  0.471960  0.381591  0.696865  0.459350  0.405624  0.499290  0.419685  0.785465  0.435902  0.321843  0.267322  0.809480 
4  0.738033  0.851735  0.787643  0.702071 0.0  0.685990  0.722411  0.782286  0.760400  0.776013  0.775530  0.686732  0.584384  0.729269  0.564249  0.707244  0.753321  0.741570  0.758874  0.894652  0.815127  0.746536  0.874145  0.856430  0.773749  0.630035  0.611037  0.740542  0.789877  0.846561  0.625464 
5  0.609290  0.708691  0.723024  0.699912  0.685990 0.0  0.584499  0.731942  0.618718  0.852262  0.698445  0.336712  0.829435  0.841259  0.865323  0.320545  0.754645  0.754773  0.877762  0.633378  0.802931  0.714524  0.695266  0.796526  0.658011  0.830048  0.726303  0.807137  0.775759  0.773225  0.792517 
6  0.684991  0.672946  0.573737  0.482729  0.722411  0.584499 0.0  0.327621  0.703289  0.491879  0.267587  0.658910  0.753052  1.000000  0.706618  0.645864  0.463962  0.715408  0.446096  0.389466  0.521625  0.708070  0.336785  0.499292  0.357666  0.438119  0.844734  0.420084  0.473932  0.612044  0.769211 
7  0.575691  0.705930  0.303690  0.237556  0.782286  0.731942  0.327621 0.0  0.446988  0.692285  0.377490  0.708963  0.805928  0.669016  0.716713  0.674275  0.311892  0.688018  0.490953  0.549061  0.328682  0.742620  0.429638  0.392443  0.546366  0.461810  0.737531  0.340579  0.361540  0.318523  0.763425 
8  0.551701  0.636306  0.560309  0.731790  0.760400  0.618718  0.703289  0.446988 0.0  0.759435  0.634879  0.712525  0.655197  0.711411  0.568666  0.747219  0.550413  0.680411  0.684311  0.700036  0.603157  0.678878  0.566532  0.592147  0.770728  0.698655  0.621335  0.666058  0.583025  0.701664  0.665409 
9  0.712988  0.774374  0.658341  0.509184  0.776013  0.852262  0.491879  0.692285  0.759435 0.0  0.494408  0.744188  0.723135  0.853694  0.755700  0.754957  0.570912  0.751171  0.479982  0.510832  0.560069  0.798991  0.424803  0.645797  0.337098  0.501133  0.761878  0.621468  0.682895  0.595304  0.761397 
10  0.678567  0.548097  0.533051  0.406657  0.775530  0.698445  0.267587  0.377490  0.634879  0.494408 0.0  0.791244  0.837536  0.779986  0.719973  0.796078  0.317654  0.664112  0.484026  0.580359  0.392746  0.722252  0.286108  0.471247  0.352299  0.501701  0.720554  0.469571  0.433212  0.407412  0.806575 
11  0.740573  0.741530  0.708963  0.664313  0.686732  0.336712  0.658910  0.708963  0.712525  0.744188  0.791244 0.0  0.768781  0.721781  0.814779  0.438064  0.736259  0.757366  0.822031  0.664837  0.654823  0.649365  0.806103  0.842205  0.620996  0.774698  0.611428  0.765384  0.798822  0.859498  0.752868 
12  0.466434  0.698327  0.765713  0.815503  0.584384  0.829435  0.753052  0.805928  0.655197  0.723135  0.837536  0.768781 0.0  0.392837  0.694723  0.764207  0.796001  0.904088  0.760584  0.765693  0.748331  0.657433  0.814683  0.844914  0.798581  0.908196  0.672021  0.794232  0.853171  0.741528  0.520916 
13  0.547747  0.725594  0.862144  0.855929  0.729269  0.841259  1.000000  0.669016  0.711411  0.853694  0.779986  0.721781  0.392837 0.0  0.531372  0.818054  0.750367  0.893745  0.873454  0.825615  0.692813  0.760602  0.718392  0.854196  0.863050  0.876136  0.619393  0.687444  0.759360  0.742340  0.516359 
14  0.710308  0.817836  0.764410  0.819321  0.564249  0.865323  0.706618  0.716713  0.568666  0.755700  0.719973  0.814779  0.694723  0.531372 0.0  0.791600  0.746459  0.781711  0.625090  0.688873  0.656688  0.830721  0.760584  0.733465  0.660392  0.740872  0.439586  0.702245  0.818643  0.728881  0.309671 
15  0.685017  0.613324  0.711824  0.735945  0.707244  0.320545  0.645864  0.674275  0.747219  0.754957  0.796078  0.438064  0.764207  0.818054  0.791600 0.0  0.838686  0.750008  0.758723  0.829407  0.740136  0.583179  0.613269  0.832523  0.712333  0.801045  0.568888  0.797157  0.771663  0.839025  0.860479 
16  0.563900  0.626424  0.342999  0.304442  0.753321  0.754645  0.463962  0.311892  0.550413  0.570912  0.317654  0.736259  0.796001  0.750367  0.746459  0.838686 0.0  0.712955  0.411072  0.575959  0.335751  0.624435  0.402667  0.510987  0.572319  0.569711  0.767361  0.276875  0.406978  0.170173  0.789000 
17  0.669841  0.416828  0.731341  0.719107  0.741570  0.754773  0.715408  0.688018  0.680411  0.751171  0.664112  0.757366  0.904088  0.893745  0.781711  0.750008  0.712955 0.0  0.893571  0.656766  0.671133  0.448978  0.723114  0.846735  0.661804  0.704825  0.791010  0.730527  0.718815  0.764445  0.798624 
18  0.690528  0.734241  0.620278  0.448182  0.758874  0.877762  0.446096  0.490953  0.684311  0.479982  0.484026  0.822031  0.760584  0.873454  0.625090  0.758723  0.411072  0.893571 0.0  0.600768  0.321780  0.618779  0.414779  0.447950  0.327013  0.372202  0.825766  0.330335  0.494622  0.409092  0.754535 
19  0.661302  0.610942  0.395592  0.471960  0.894652  0.633378  0.389466  0.549061  0.700036  0.510832  0.580359  0.664837  0.765693  0.825615  0.688873  0.829407  0.575959  0.656766  0.600768 0.0  0.414485  0.583914  0.647633  0.444401  0.480135  0.633282  0.807599  0.523382  0.647951  0.481594  0.633067 
20  0.578827  0.671026  0.330636  0.381591  0.815127  0.802931  0.521625  0.328682  0.603157  0.560069  0.392746  0.654823  0.748331  0.692813  0.656688  0.740136  0.335751  0.671133  0.321780  0.414485 0.0  0.716907  0.374650  0.405890  0.363717  0.571611  0.706524  0.406937  0.368631  0.317816  0.881275 
21  0.743735  0.561939  0.825588  0.696865  0.746536  0.714524  0.708070  0.742620  0.678878  0.798991  0.722252  0.649365  0.657433  0.760602  0.830721  0.583179  0.624435  0.448978  0.618779  0.583914  0.716907 0.0  0.600147  0.747013  0.666527  0.713383  0.840212  0.714412  0.741245  0.606980  0.812317 
22  0.564138  0.727788  0.647258  0.459350  0.874145  0.695266  0.336785  0.429638  0.566532  0.424803  0.286108  0.806103  0.814683  0.718392  0.760584  0.613269  0.402667  0.723114  0.414779  0.647633  0.374650  0.600147 0.0  0.421681  0.406286  0.552535  0.665204  0.478596  0.494231  0.439702  0.844426 
23  0.549053  0.540076  0.480282  0.405624  0.856430  0.796526  0.499292  0.392443  0.592147  0.645797  0.471247  0.842205  0.844914  0.854196  0.733465  0.832523  0.510987  0.846735  0.447950  0.444401  0.405890  0.747013  0.421681 0.0  0.455732  0.567215  0.776179  0.415727  0.399323  0.414329  0.818096 
24  0.748469  0.582184  0.554786  0.499290  0.773749  0.658011  0.357666  0.546366  0.770728  0.337098  0.352299  0.620996  0.798581  0.863050  0.660392  0.712333  0.572319  0.661804  0.327013  0.480135  0.363717  0.666527  0.406286  0.455732 0.0  0.395883  0.714919  0.496139  0.416662  0.483837  0.767198 
25  0.653046  0.741964  0.639233  0.419685  0.630035  0.830048  0.438119  0.461810  0.698655  0.501133  0.501701  0.774698  0.908196  0.876136  0.740872  0.801045  0.569711  0.704825  0.372202  0.633282  0.571611  0.713383  0.552535  0.567215  0.395883 0.0  0.838344  0.594804  0.595901  0.503947  0.773718 
26  0.727491  0.789379  0.656625  0.785465  0.611037  0.726303  0.844734  0.737531  0.621335  0.761878  0.720554  0.611428  0.672021  0.619393  0.439586  0.568888  0.767361  0.791010  0.825766  0.807599  0.706524  0.840212  0.665204  0.776179  0.714919  0.838344 0.0  0.701305  0.808267  0.761266  0.593891 
27  0.563063  0.714094  0.323676  0.435902  0.740542  0.807137  0.420084  0.340579  0.666058  0.621468  0.469571  0.765384  0.794232  0.687444  0.702245  0.797157  0.276875  0.730527  0.330335  0.523382  0.406937  0.714412  0.478596  0.415727  0.496139  0.594804  0.701305 0.0  0.334148  0.291705  0.799098 
28  0.575867  0.647181  0.424942  0.321843  0.789877  0.775759  0.473932  0.361540  0.583025  0.682895  0.433212  0.798822  0.853171  0.759360  0.818643  0.771663  0.406978  0.718815  0.494622  0.647951  0.368631  0.741245  0.494231  0.399323  0.416662  0.595901  0.808267  0.334148 0.0  0.337587  0.918336 
29  0.745074  0.711008  0.359428  0.267322  0.846561  0.773225  0.612044  0.318523  0.701664  0.595304  0.407412  0.859498  0.741528  0.742340  0.728881  0.839025  0.170173  0.764445  0.409092  0.481594  0.317816  0.606980  0.439702  0.414329  0.483837  0.503947  0.761266  0.291705  0.337587 0.0  0.869273 
30  0.813399  0.698842  0.832284  0.809480  0.625464  0.792517  0.769211  0.763425  0.665409  0.761397  0.806575  0.752868  0.520916  0.516359  0.309671  0.860479  0.789000  0.798624  0.754535  0.633067  0.881275  0.812317  0.844426  0.818096  0.767198  0.773718  0.593891  0.799098  0.918336  0.869273 0.0 
