31
0 0.0  0.832052  0.814467  0.800152  0.746747  0.735069  0.864553  0.765870  0.676347  0.887974  0.811472  0.878341  0.807289  0.797352  0.671734  0.654092  0.741308  0.731041  0.723879  0.524002  0.756389  0.806623  0.681000  0.819667  0.793654  0.749880  0.667322  0.712990  0.665517  0.602597  0.792462 
1  0.832052 0.0  0.836702  0.510735  0.913661  0.628705  0.464162  0.400771  0.762842  0.662285  0.419563  0.487778  0.455070  0.589810  0.757261  0.753088  0.392752  0.537884  0.632677  0.810856  0.779714  0.355948  0.735353  0.707196  0.718442  0.747633  0.439807  0.606775  0.420405  0.879586  0.452317 
2  0.814467  0.836702 0.0  1.000000  0.676840  0.873249  0.850343  0.686775  0.806864  0.755518  0.665894  0.854846  0.785667  0.704716  0.608851  0.762937  0.855649  0.843537  0.843915  0.785760  0.366129  0.757847  0.658412  0.728633  0.729186  0.768937  0.853860  0.701926  0.984568  0.592091  0.918613 
3  0.800152  0.510735  1.000000 0.0  0.774878  0.475276  0.447835  0.538036  0.802090  0.624183  0.594189  0.367803  0.411211  0.732613  0.713376  0.568294  0.438970  0.394386  0.580639  0.740449  0.776604  0.505957  0.572010  0.697798  0.771755  0.802342  0.573780  0.824636  0.570750  0.765660  0.362409 
4  0.746747  0.913661  0.676840  0.774878 0.0  0.772084  0.744802  0.849408  0.319748  0.787820  0.782378  0.723331  0.810755  0.867772  0.935129  0.675200  0.773168  0.784939  0.756360  0.280738  0.746624  0.919899  0.752438  0.873360  0.785713  0.771445  0.851703  0.896609  0.870762  0.193861  0.686446 
5  0.735069  0.628705  0.873249  0.475276  0.772084 0.0  0.446348  0.703955  0.758218  0.777852  0.567923  0.242327  0.537731  0.656007  0.688289  0.800929  0.429821  0.383043  0.368818  0.797930  0.807666  0.494649  0.607288  0.610444  0.655719  0.749462  0.494075  0.677794  0.521272  0.872479  0.381553 
6  0.864553  0.464162  0.850343  0.447835  0.744802  0.446348 0.0  0.631296  0.849166  0.749550  0.433183  0.215672  0.403536  0.660445  0.759200  0.627155  0.566436  0.316087  0.423164  0.766735  0.797350  0.460717  0.764005  0.709744  0.680500  0.718856  0.412150  0.680304  0.570517  0.785175  0.420989 
7  0.765870  0.400771  0.686775  0.538036  0.849408  0.703955  0.631296 0.0  0.647351  0.841694  0.422902  0.646859  0.709175  0.760344  0.938588  0.714927  0.556615  0.579827  0.646502  0.824446  0.714006  0.472610  0.779658  0.794975  0.752686  0.933475  0.407628  0.658895  0.387773  0.690136  0.572553 
8  0.676347  0.762842  0.806864  0.802090  0.319748  0.758218  0.849166  0.647351 0.0  0.749348  0.751149  0.786003  0.725399  0.763410  0.838245  0.643086  0.670105  0.718063  0.736135  0.318862  0.777972  0.966248  0.755346  0.888227  0.841326  0.752330  0.706244  0.880108  0.761448  0.270260  0.699854 
9  0.887974  0.662285  0.755518  0.624183  0.787820  0.777852  0.749550  0.841694  0.749348 0.0  0.846076  0.743139  0.715109  0.648521  0.756581  0.767336  0.635293  0.569111  0.790431  0.872512  0.721975  0.575522  0.656090  0.774063  0.771123  0.692812  0.706087  0.721801  0.784722  0.745416  0.665714 
10  0.811472  0.419563  0.665894  0.594189  0.782378  0.567923  0.433183  0.422902  0.751149  0.846076 0.0  0.469975  0.578328  0.832685  0.867301  0.900582  0.521280  0.505116  0.397621  0.898975  0.829475  0.466609  0.759949  0.795423  0.789124  0.980644  0.385301  0.798529  0.395422  0.708284  0.475294 
11  0.878341  0.487778  0.854846  0.367803  0.723331  0.242327  0.215672  0.646859  0.786003  0.743139  0.469975 0.0  0.405566  0.820272  0.826306  0.680438  0.385306  0.299773  0.488803  0.813452  0.727411  0.513835  0.585354  0.844301  0.829122  0.795811  0.396196  0.701206  0.582467  0.853911  0.331243 
12  0.807289  0.455070  0.785667  0.411211  0.810755  0.537731  0.403536  0.709175  0.725399  0.715109  0.578328  0.405566 0.0  0.711545  0.878047  0.509271  0.411296  0.358600  0.543216  0.659150  0.773545  0.427570  0.682468  0.758865  0.807493  0.780940  0.487807  0.775910  0.655470  0.709432  0.387004 
13  0.797352  0.589810  0.704716  0.732613  0.867772  0.656007  0.660445  0.760344  0.763410  0.648521  0.832685  0.820272  0.711545 0.0  0.695497  0.605291  0.742061  0.762902  0.840704  0.770627  0.793429  0.675680  0.817344  0.715364  0.700788  0.693837  0.572045  0.775559  0.680241  0.807707  0.762469 
14  0.671734  0.757261  0.608851  0.713376  0.935129  0.688289  0.759200  0.938588  0.838245  0.756581  0.867301  0.826306  0.878047  0.695497 0.0  0.744007  0.585857  0.571826  0.806314  0.836173  0.719821  0.745433  0.837212  0.562312  0.424317  0.376528  0.821501  0.382804  0.770818  0.878458  0.753855 
15  0.654092  0.753088  0.762937  0.568294  0.675200  0.800929  0.627155  0.714927  0.643086  0.767336  0.900582  0.680438  0.509271  0.605291  0.744007 0.0  0.598120  0.691817  0.696390  0.644961  0.746139  0.620075  0.471405  0.541017  0.618755  0.713900  0.586661  0.580407  0.802025  0.667216  0.771968 
16  0.741308  0.392752  0.855649  0.438970  0.773168  0.429821  0.566436  0.556615  0.670105  0.635293  0.521280  0.385306  0.411296  0.742061  0.585857  0.598120 0.0  0.366064  0.544238  0.709836  0.786548  0.442023  0.735019  0.709306  0.685651  0.666045  0.458245  0.769686  0.482243  0.857993  0.391503 
17  0.731041  0.537884  0.843537  0.394386  0.784939  0.383043  0.316087  0.579827  0.718063  0.569111  0.505116  0.299773  0.358600  0.762902  0.571826  0.691817  0.366064 0.0  0.382441  0.866441  0.791834  0.494491  0.658240  0.786310  0.784242  0.664521  0.397960  0.669663  0.490235  0.827370  0.251188 
18  0.723879  0.632677  0.843915  0.580639  0.756360  0.368818  0.423164  0.646502  0.736135  0.790431  0.397621  0.488803  0.543216  0.840704  0.806314  0.696390  0.544238  0.382441 0.0  0.681500  0.854466  0.624237  0.758801  0.974553  0.913212  0.818451  0.472898  0.915723  0.507833  0.720446  0.405837 
19  0.524002  0.810856  0.785760  0.740449  0.280738  0.797930  0.766735  0.824446  0.318862  0.872512  0.898975  0.813452  0.659150  0.770627  0.836173  0.644961  0.709836  0.866441  0.681500 0.0  0.816264  0.870362  0.758169  0.790273  0.814098  0.872635  0.834263  0.830978  0.677068  0.379615  0.832705 
20  0.756389  0.779714  0.366129  0.776604  0.746624  0.807666  0.797350  0.714006  0.777972  0.721975  0.829475  0.727411  0.773545  0.793429  0.719821  0.746139  0.786548  0.791834  0.854466  0.816264 0.0  0.868083  0.801025  0.670462  0.773040  0.656142  0.795684  0.713634  0.863755  0.698896  0.809406 
21  0.806623  0.355948  0.757847  0.505957  0.919899  0.494649  0.460717  0.472610  0.966248  0.575522  0.466609  0.513835  0.427570  0.675680  0.745433  0.620075  0.442023  0.494491  0.624237  0.870362  0.868083 0.0  0.723461  0.704778  0.616069  0.705602  0.384859  0.662251  0.528368  0.955394  0.477919 
22  0.681000  0.735353  0.658412  0.572010  0.752438  0.607288  0.764005  0.779658  0.755346  0.656090  0.759949  0.585354  0.682468  0.817344  0.837212  0.471405  0.735019  0.658240  0.758801  0.758169  0.801025  0.723461 0.0  0.689895  0.714478  0.650545  0.759676  0.747437  0.841559  0.697898  0.753994 
23  0.819667  0.707196  0.728633  0.697798  0.873360  0.610444  0.709744  0.794975  0.888227  0.774063  0.795423  0.844301  0.758865  0.715364  0.562312  0.541017  0.709306  0.786310  0.974553  0.790273  0.670462  0.704778  0.689895 0.0  0.444149  0.595813  0.694523  0.335850  0.811692  0.682754  0.775880 
24  0.793654  0.718442  0.729186  0.771755  0.785713  0.655719  0.680500  0.752686  0.841326  0.771123  0.789124  0.829122  0.807493  0.700788  0.424317  0.618755  0.685651  0.784242  0.913212  0.814098  0.773040  0.616069  0.714478  0.444149 0.0  0.384532  0.613527  0.350984  0.814396  0.859444  0.713629 
25  0.749880  0.747633  0.768937  0.802342  0.771445  0.749462  0.718856  0.933475  0.752330  0.692812  0.980644  0.795811  0.780940  0.693837  0.376528  0.713900  0.666045  0.664521  0.818451  0.872635  0.656142  0.705602  0.650545  0.595813  0.384532 0.0  0.805025  0.350197  0.823259  0.761460  0.737674 
26  0.667322  0.439807  0.853860  0.573780  0.851703  0.494075  0.412150  0.407628  0.706244  0.706087  0.385301  0.396196  0.487807  0.572045  0.821501  0.586661  0.458245  0.397960  0.472898  0.834263  0.795684  0.384859  0.759676  0.694523  0.613527  0.805025 0.0  0.671060  0.493084  0.843397  0.368803 
27  0.712990  0.606775  0.701926  0.824636  0.896609  0.677794  0.680304  0.658895  0.880108  0.721801  0.798529  0.701206  0.775910  0.775559  0.382804  0.580407  0.769686  0.669663  0.915723  0.830978  0.713634  0.662251  0.747437  0.335850  0.350984  0.350197  0.671060 0.0  0.798994  0.725336  0.761582 
28  0.665517  0.420405  0.984568  0.570750  0.870762  0.521272  0.570517  0.387773  0.761448  0.784722  0.395422  0.582467  0.655470  0.680241  0.770818  0.802025  0.482243  0.490235  0.507833  0.677068  0.863755  0.528368  0.841559  0.811692  0.814396  0.823259  0.493084  0.798994 0.0  0.844140  0.528416 
29  0.602597  0.879586  0.592091  0.765660  0.193861  0.872479  0.785175  0.690136  0.270260  0.745416  0.708284  0.853911  0.709432  0.807707  0.878458  0.667216  0.857993  0.827370  0.720446  0.379615  0.698896  0.955394  0.697898  0.682754  0.859444  0.761460  0.843397  0.725336  0.844140 0.0  0.841281 
30  0.792462  0.452317  0.918613  0.362409  0.686446  0.381553  0.420989  0.572553  0.699854  0.665714  0.475294  0.331243  0.387004  0.762469  0.753855  0.771968  0.391503  0.251188  0.405837  0.832705  0.809406  0.477919  0.753994  0.775880  0.713629  0.737674  0.368803  0.761582  0.528416  0.841281 0.0 
