31
0 0.0  0.648771  0.147026  0.416646  0.543507  0.825236  0.604092  0.510991  0.943914  0.405034  0.827996  0.318814  0.404794  0.681458  0.297928  0.654512  0.735672  0.441259  0.620428  0.789102  0.624638  0.872205  0.540039  0.526775  0.946714  0.638329  0.581594  0.433916  0.876309  0.291571  0.805128 
1  0.648771 0.0  0.670982  0.676782  0.838063  0.814619  0.807747  0.685303  0.770423  0.837007  0.825560  0.796371  0.692113  0.640237  0.693252  0.785404  0.811617  0.685767  0.651902  0.824449  0.763365  0.874329  0.717300  0.802276  0.944242  0.569888  0.706089  0.768735  0.849091  0.859208  0.972927 
2  0.147026  0.670982 0.0  0.433880  0.567896  0.835124  0.538052  0.366529  0.866245  0.363085  0.767743  0.285949  0.491167  0.725236  0.453534  0.840749  0.762761  0.417833  0.774783  0.685211  0.584136  0.936033  0.435338  0.505965  0.756219  0.592494  0.408026  0.428300  0.812667  0.357852  0.857527 
3  0.416646  0.676782  0.433880 0.0  0.685204  0.766267  0.730134  0.545134  0.805557  0.251052  0.798513  0.505042  0.444005  0.579960  0.496407  0.717804  0.833022  0.489776  0.524760  0.725614  0.616000  0.840505  0.564019  0.710462  0.865013  0.654344  0.502590  0.511600  0.733947  0.348289  0.837088 
4  0.543507  0.838063  0.567896  0.685204 0.0  0.797026  0.576679  0.520727  0.847976  0.530333  0.857765  0.493999  0.359273  0.698676  0.591968  0.878810  0.839293  0.186307  0.805521  0.780207  0.462999  0.891975  0.699107  0.456562  0.938707  0.576503  0.463841  0.506670  0.720462  0.449489  0.790960 
5  0.825236  0.814619  0.835124  0.766267  0.797026 0.0  0.705740  0.722471  0.640794  0.771690  0.699424  0.653115  0.832363  0.383467  0.759225  0.620833  0.251289  0.845261  0.717632  0.705747  0.788170  0.771498  0.817706  0.769320  0.940217  0.810062  0.975869  0.751220  0.632682  0.747667  0.660571 
6  0.604092  0.807747  0.538052  0.730134  0.576679  0.705740 0.0  0.377215  0.750637  0.673534  0.843571  0.643543  0.589009  0.802053  0.687902  0.938315  0.649613  0.412092  0.878953  0.798743  0.458543  0.766482  0.684292  0.425730  0.765595  0.676483  0.458975  0.655105  0.762846  0.592113  0.740859 
7  0.510991  0.685303  0.366529  0.545134  0.520727  0.722471  0.377215 0.0  0.787251  0.494611  0.728022  0.424823  0.570562  0.814083  0.639511  0.819344  0.802127  0.521610  0.748506  0.814449  0.525098  0.696933  0.511259  0.631147  0.869593  0.689765  0.556426  0.530330  0.720847  0.445186  0.582319 
8  0.943914  0.770423  0.866245  0.805557  0.847976  0.640794  0.750637  0.787251 0.0  0.726438  0.675533  0.862439  0.717330  0.688318  0.618685  0.474909  0.748197  0.804492  0.645584  0.570754  0.755537  0.623036  0.743825  0.742211  0.618855  0.684378  0.756985  0.798357  0.382029  0.861901  0.735978 
9  0.405034  0.837007  0.363085  0.251052  0.530333  0.771690  0.673534  0.494611  0.726438 0.0  0.727117  0.451504  0.534766  0.567783  0.552170  0.809636  0.650153  0.552827  0.643494  0.895704  0.584010  0.896725  0.543017  0.647874  0.976425  0.657450  0.586986  0.425431  0.784051  0.389794  0.881958 
10  0.827996  0.825560  0.767743  0.798513  0.857765  0.699424  0.843571  0.728022  0.675533  0.727117 0.0  0.854768  0.797129  0.656484  0.867846  0.677029  0.785462  0.843279  0.752511  0.710605  0.842221  0.321105  0.773093  0.720410  0.403738  0.797747  0.809752  0.973660  0.655667  0.916414  0.319709 
11  0.318814  0.796371  0.285949  0.505042  0.493999  0.653115  0.643543  0.424823  0.862439  0.451504  0.854768 0.0  0.440492  0.614762  0.360911  0.759360  0.798909  0.316053  0.675452  0.694512  0.566780  0.836784  0.614836  0.528536  0.842279  0.667156  0.486870  0.442474  0.832980  0.183023  0.871346 
12  0.404794  0.692113  0.491167  0.444005  0.359273  0.832363  0.589009  0.570562  0.717330  0.534766  0.797129  0.440492 0.0  0.574869  0.483023  0.734440  0.895305  0.245940  0.576774  0.877992  0.641496  0.822453  0.540227  0.547127  0.894706  0.615927  0.351973  0.299681  0.795809  0.500919  0.794711 
13  0.681458  0.640237  0.725236  0.579960  0.698676  0.383467  0.802053  0.814083  0.688318  0.567783  0.656484  0.614762  0.574869 0.0  0.558383  0.632513  0.370373  0.592366  0.527343  0.821495  0.865676  0.598123  0.612334  0.819822  0.728870  0.671239  0.654541  0.680333  0.725752  0.567902  0.623463 
14  0.297928  0.693252  0.453534  0.496407  0.591968  0.759225  0.687902  0.639511  0.618685  0.552170  0.867846  0.360911  0.483023  0.558383 0.0  0.676802  0.729275  0.398145  0.602457  0.882696  0.844609  0.860848  0.523604  0.544682  0.784600  0.596876  0.505286  0.315963  0.731211  0.469540  0.857765 
15  0.654512  0.785404  0.840749  0.717804  0.878810  0.620833  0.938315  0.819344  0.474909  0.809636  0.677029  0.759360  0.734440  0.632513  0.676802 0.0  0.741604  0.665923  0.522395  0.599359  0.888174  0.754145  0.548175  0.897646  0.806237  0.568422  0.746162  0.631534  0.562533  0.676923  0.918785 
16  0.735672  0.811617  0.762761  0.833022  0.839293  0.251289  0.649613  0.802127  0.748197  0.650153  0.785462  0.798909  0.895305  0.370373  0.729275  0.741604 0.0  0.811649  0.721103  0.613009  0.742088  0.604099  0.847895  0.802368  0.595424  0.688154  0.827600  0.764037  0.642974  0.877562  0.637486 
17  0.441259  0.685767  0.417833  0.489776  0.186307  0.845261  0.412092  0.521610  0.804492  0.552827  0.843279  0.316053  0.245940  0.592366  0.398145  0.665923  0.811649 0.0  0.657799  0.830754  0.445853  0.732316  0.533951  0.549215  0.878598  0.586702  0.196517  0.305691  0.822724  0.369041  0.810123 
18  0.620428  0.651902  0.774783  0.524760  0.805521  0.717632  0.878953  0.748506  0.645584  0.643494  0.752511  0.675452  0.576774  0.527343  0.602457  0.522395  0.721103  0.657799 0.0  0.646001  0.734470  0.659588  0.683295  0.866861  0.813017  0.707670  0.607898  0.625086  0.662977  0.681442  0.622455 
19  0.789102  0.824449  0.685211  0.725614  0.780207  0.705747  0.798743  0.814449  0.570754  0.895704  0.710605  0.694512  0.877992  0.821495  0.882696  0.599359  0.613009  0.830754  0.646001 0.0  0.801578  0.825075  0.684770  0.715010  0.763012  0.780217  0.779849  0.805795  0.549718  0.888544  0.541971 
20  0.624638  0.763365  0.584136  0.616000  0.462999  0.788170  0.458543  0.525098  0.755537  0.584010  0.842221  0.566780  0.641496  0.865676  0.844609  0.888174  0.742088  0.445853  0.734470  0.801578 0.0  0.731825  0.534067  0.502583  0.734267  0.696595  0.505101  0.717835  0.690348  0.524645  0.745042 
21  0.872205  0.874329  0.936033  0.840505  0.891975  0.771498  0.766482  0.696933  0.623036  0.896725  0.321105  0.836784  0.822453  0.598123  0.860848  0.754145  0.604099  0.732316  0.659588  0.825075  0.731825 0.0  0.845592  1.000000  0.241391  0.729098  0.871773  0.863760  0.609892  0.895309  0.274372 
22  0.540039  0.717300  0.435338  0.564019  0.699107  0.817706  0.684292  0.511259  0.743825  0.543017  0.773093  0.614836  0.540227  0.612334  0.523604  0.548175  0.847895  0.533951  0.683295  0.684770  0.534067  0.845592 0.0  0.575097  0.851733  0.651665  0.534377  0.433253  0.764542  0.670889  0.899385 
23  0.526775  0.802276  0.505965  0.710462  0.456562  0.769320  0.425730  0.631147  0.742211  0.647874  0.720410  0.528536  0.547127  0.819822  0.544682  0.897646  0.802368  0.549215  0.866861  0.715010  0.502583  1.000000  0.575097 0.0  0.812097  0.769213  0.370858  0.653691  0.828596  0.489289  0.912356 
24  0.946714  0.944242  0.756219  0.865013  0.938707  0.940217  0.765595  0.869593  0.618855  0.976425  0.403738  0.842279  0.894706  0.728870  0.784600  0.806237  0.595424  0.878598  0.813017  0.763012  0.734267  0.241391  0.851733  0.812097 0.0  0.793339  0.938039  0.772028  0.651083  0.769184  0.254913 
25  0.638329  0.569888  0.592494  0.654344  0.576503  0.810062  0.676483  0.689765  0.684378  0.657450  0.797747  0.667156  0.615927  0.671239  0.596876  0.568422  0.688154  0.586702  0.707670  0.780217  0.696595  0.729098  0.651665  0.769213  0.793339 0.0  0.723959  0.687669  0.677665  0.602061  0.696554 
26  0.581594  0.706089  0.408026  0.502590  0.463841  0.975869  0.458975  0.556426  0.756985  0.586986  0.809752  0.486870  0.351973  0.654541  0.505286  0.746162  0.827600  0.196517  0.607898  0.779849  0.505101  0.871773  0.534377  0.370858  0.938039  0.723959 0.0  0.570666  0.866502  0.565851  0.941294 
27  0.433916  0.768735  0.428300  0.511600  0.506670  0.751220  0.655105  0.530330  0.798357  0.425431  0.973660  0.442474  0.299681  0.680333  0.315963  0.631534  0.764037  0.305691  0.625086  0.805795  0.717835  0.863760  0.433253  0.653691  0.772028  0.687669  0.570666 0.0  0.648901  0.382848  0.853291 
28  0.876309  0.849091  0.812667  0.733947  0.720462  0.632682  0.762846  0.720847  0.382029  0.784051  0.655667  0.832980  0.795809  0.725752  0.731211  0.562533  0.642974  0.822724  0.662977  0.549718  0.690348  0.609892  0.764542  0.828596  0.651083  0.677665  0.866502  0.648901 0.0  0.864446  0.654219 
29  0.291571  0.859208  0.357852  0.348289  0.449489  0.747667  0.592113  0.445186  0.861901  0.389794  0.916414  0.183023  0.500919  0.567902  0.469540  0.676923  0.877562  0.369041  0.681442  0.888544  0.524645  0.895309  0.670889  0.489289  0.769184  0.602061  0.565851  0.382848  0.864446 0.0  0.742019 
30  0.805128  0.972927  0.857527  0.837088  0.790960  0.660571  0.740859  0.582319  0.735978  0.881958  0.319709  0.871346  0.794711  0.623463  0.857765  0.918785  0.637486  0.810123  0.622455  0.541971  0.745042  0.274372  0.899385  0.912356  0.254913  0.696554  0.941294  0.853291  0.654219  0.742019 0.0 
