31
0 0.0  0.407900  0.823756  0.425606  0.648250  0.245714  0.755296  0.657992  0.252883  0.501373  0.886004  0.680493  0.737664  0.787644  0.329762  0.489071  0.383106  0.814283  0.867721  0.239858  0.588636  0.655920  0.793765  0.359331  0.398009  0.735277  0.722680  0.427515  0.667402  0.527374  0.883564 
1  0.407900 0.0  0.776059  0.553521  0.644318  0.526711  0.638133  0.478644  0.457582  0.601142  0.863749  0.586140  0.745618  0.750606  0.568666  0.593895  0.360349  0.902322  0.818129  0.395007  0.507015  0.840536  0.732918  0.444106  0.591182  0.694020  0.761353  0.401268  0.672397  0.501656  0.877671 
2  0.823756  0.776059 0.0  0.660920  0.517493  0.747582  0.394838  0.806063  0.793266  0.756270  0.758740  0.375953  0.732810  0.697069  0.719561  0.766460  0.782242  0.847285  0.934031  0.710911  0.740848  0.698232  0.647163  0.760768  0.795279  0.428188  0.664078  0.702855  0.412289  0.529116  0.612622 
3  0.425606  0.553521  0.660920 0.0  0.737829  0.308132  0.620838  0.489134  0.427021  0.420656  0.898821  0.676697  0.702083  0.722390  0.454885  0.604542  0.464872  0.826053  0.773954  0.478958  0.502952  0.809940  0.703737  0.596919  0.382563  0.699227  0.668048  0.397373  0.712397  0.589136  0.819763 
4  0.648250  0.644318  0.517493  0.737829 0.0  0.684369  0.505953  0.851299  0.490298  0.683210  0.764456  0.509158  0.695421  0.629753  0.683359  0.525133  0.705689  0.791374  0.634364  0.579528  0.802811  0.570649  0.667739  0.664760  0.763009  0.369796  0.766868  0.688895  0.538189  0.603113  0.561057 
5  0.245714  0.526711  0.747582  0.308132  0.684369 0.0  0.660723  0.571224  0.385441  0.433683  0.728031  0.675881  0.774151  0.718014  0.418423  0.373289  0.438606  0.765331  0.862214  0.307886  0.547117  0.785107  0.595832  0.328858  0.468125  0.664859  0.705886  0.410640  0.697849  0.515082  0.781881 
6  0.755296  0.638133  0.394838  0.620838  0.505953  0.660723 0.0  0.826794  0.674413  0.794431  0.745801  0.185232  0.751999  0.688289  0.780686  0.715956  0.620862  0.771119  0.653662  0.686629  0.842608  0.646808  0.703103  0.721539  0.864317  0.493817  0.681836  0.767246  0.511322  0.637663  0.401631 
7  0.657992  0.478644  0.806063  0.489134  0.851299  0.571224  0.826794 0.0  0.526818  0.732852  0.720281  0.815215  0.847857  0.862006  0.606825  0.683241  0.622378  0.701994  0.863340  0.604389  0.512680  0.716461  0.701548  0.665265  0.447990  0.782697  0.833731  0.542402  0.909253  0.601916  0.601598 
8  0.252883  0.457582  0.793266  0.427021  0.490298  0.385441  0.674413  0.526818 0.0  0.285941  0.943289  0.724475  0.764880  0.690923  0.282406  0.453133  0.391057  0.814180  0.779730  0.231879  0.558353  0.778042  0.733125  0.354363  0.465161  0.762201  0.770341  0.538857  0.766393  0.419701  0.804474 
9  0.501373  0.601142  0.756270  0.420656  0.683210  0.433683  0.794431  0.732852  0.285941 0.0  0.829677  0.672712  0.733280  0.767175  0.396104  0.336906  0.317266  0.719295  0.661316  0.392491  0.515848  0.692537  0.816724  0.264208  0.526537  0.797526  0.795595  0.512802  0.788295  0.545102  0.906075 
10  0.886004  0.863749  0.758740  0.898821  0.764456  0.728031  0.745801  0.720281  0.943289  0.829677 0.0  0.804665  0.750319  0.768543  0.807778  0.858096  0.852021  0.420409  0.780943  0.855397  0.790528  0.630716  0.745407  0.919711  0.698414  0.847934  0.804977  0.825221  0.677028  0.857967  0.616576 
11  0.680493  0.586140  0.375953  0.676697  0.509158  0.675881  0.185232  0.815215  0.724475  0.672712  0.804665 0.0  0.654162  0.648338  0.760484  0.861265  0.719195  0.796295  0.766754  0.862340  0.765588  0.732615  0.840630  0.651735  0.692324  0.505709  0.650332  0.756479  0.619530  0.583253  0.530939 
12  0.737664  0.745618  0.732810  0.702083  0.695421  0.774151  0.751999  0.847857  0.764880  0.733280  0.750319  0.654162 0.0  0.527496  0.859521  0.688796  0.744019  0.745940  0.819869  0.848731  0.836384  0.767536  0.340226  0.734155  0.760401  0.676701  0.448768  0.663578  0.718012  0.852467  0.648281 
13  0.787644  0.750606  0.697069  0.722390  0.629753  0.718014  0.688289  0.862006  0.690923  0.767175  0.768543  0.648338  0.527496 0.0  0.941878  0.753100  0.609055  0.690352  0.734862  0.804323  0.837692  0.788816  0.285274  0.793286  0.796244  0.700773  0.451868  0.668804  0.618325  0.864871  0.888969 
14  0.329762  0.568666  0.719561  0.454885  0.683359  0.418423  0.780686  0.606825  0.282406  0.396104  0.807778  0.760484  0.859521  0.941878 0.0  0.472208  0.418431  0.747464  0.844658  0.297851  0.645635  0.712066  0.784335  0.523449  0.527667  0.760369  0.648422  0.508914  0.642846  0.431816  0.858612 
15  0.489071  0.593895  0.766460  0.604542  0.525133  0.373289  0.715956  0.683241  0.453133  0.336906  0.858096  0.861265  0.688796  0.753100  0.472208 0.0  0.502710  0.859943  0.764568  0.384735  0.720591  0.837840  0.736336  0.300022  0.669898  0.719932  0.725381  0.514305  0.744289  0.475476  0.918255 
16  0.383106  0.360349  0.782242  0.464872  0.705689  0.438606  0.620862  0.622378  0.391057  0.317266  0.852021  0.719195  0.744019  0.609055  0.418431  0.502710 0.0  0.770304  0.600960  0.409919  0.576848  0.726363  0.665813  0.443018  0.634542  0.717149  0.793101  0.463705  0.671409  0.436663  0.870089 
17  0.814283  0.902322  0.847285  0.826053  0.791374  0.765331  0.771119  0.701994  0.814180  0.719295  0.420409  0.796295  0.745940  0.690352  0.747464  0.859943  0.770304 0.0  0.832009  0.730337  1.000000  0.656570  0.611228  0.900931  0.690651  0.852634  0.711022  0.824512  0.747834  0.986036  0.778039 
18  0.867721  0.818129  0.934031  0.773954  0.634364  0.862214  0.653662  0.863340  0.779730  0.661316  0.780943  0.766754  0.819869  0.734862  0.844658  0.764568  0.600960  0.832009 0.0  0.879177  0.781672  0.788795  0.779243  0.742315  0.786476  0.810599  0.866838  0.795822  0.752840  0.802093  0.748341 
19  0.239858  0.395007  0.710911  0.478958  0.579528  0.307886  0.686629  0.604389  0.231879  0.392491  0.855397  0.862340  0.848731  0.804323  0.297851  0.384735  0.409919  0.730337  0.879177 0.0  0.561095  0.795062  0.902532  0.312040  0.477342  0.790176  0.749693  0.490249  0.727124  0.516131  0.888975 
20  0.588636  0.507015  0.740848  0.502952  0.802811  0.547117  0.842608  0.512680  0.558353  0.515848  0.790528  0.765588  0.836384  0.837692  0.645635  0.720591  0.576848  1.000000  0.781672  0.561095 0.0  0.794327  0.804307  0.663609  0.545673  0.693949  0.846101  0.417413  0.800149  0.584646  0.644858 
21  0.655920  0.840536  0.698232  0.809940  0.570649  0.785107  0.646808  0.716461  0.778042  0.692537  0.630716  0.732615  0.767536  0.788816  0.712066  0.837840  0.726363  0.656570  0.788795  0.795062  0.794327 0.0  0.762935  0.722333  0.705738  0.692317  0.728466  0.742224  0.752626  0.731465  0.560835 
22  0.793765  0.732918  0.647163  0.703737  0.667739  0.595832  0.703103  0.701548  0.733125  0.816724  0.745407  0.840630  0.340226  0.285274  0.784335  0.736336  0.665813  0.611228  0.779243  0.902532  0.804307  0.762935 0.0  0.746211  0.780149  0.673292  0.341850  0.735035  0.727930  0.779894  0.825282 
23  0.359331  0.444106  0.760768  0.596919  0.664760  0.328858  0.721539  0.665265  0.354363  0.264208  0.919711  0.651735  0.734155  0.793286  0.523449  0.300022  0.443018  0.900931  0.742315  0.312040  0.663609  0.722333  0.746211 0.0  0.608884  0.735845  0.773623  0.569311  0.847929  0.505170  0.762075 
24  0.398009  0.591182  0.795279  0.382563  0.763009  0.468125  0.864317  0.447990  0.465161  0.526537  0.698414  0.692324  0.760401  0.796244  0.527667  0.669898  0.634542  0.690651  0.786476  0.477342  0.545673  0.705738  0.780149  0.608884 0.0  0.870374  0.760763  0.446751  0.870150  0.594195  0.662993 
25  0.735277  0.694020  0.428188  0.699227  0.369796  0.664859  0.493817  0.782697  0.762201  0.797526  0.847934  0.505709  0.676701  0.700773  0.760369  0.719932  0.717149  0.852634  0.810599  0.790176  0.693949  0.692317  0.673292  0.735845  0.870374 0.0  0.785900  0.795338  0.402056  0.569861  0.450106 
26  0.722680  0.761353  0.664078  0.668048  0.766868  0.705886  0.681836  0.833731  0.770341  0.795595  0.804977  0.650332  0.448768  0.451868  0.648422  0.725381  0.793101  0.711022  0.866838  0.749693  0.846101  0.728466  0.341850  0.773623  0.760763  0.785900 0.0  0.686445  0.701045  0.648778  0.789426 
27  0.427515  0.401268  0.702855  0.397373  0.688895  0.410640  0.767246  0.542402  0.538857  0.512802  0.825221  0.756479  0.663578  0.668804  0.508914  0.514305  0.463705  0.824512  0.795822  0.490249  0.417413  0.742224  0.735035  0.569311  0.446751  0.795338  0.686445 0.0  0.795871  0.541560  0.728173 
28  0.667402  0.672397  0.412289  0.712397  0.538189  0.697849  0.511322  0.909253  0.766393  0.788295  0.677028  0.619530  0.718012  0.618325  0.642846  0.744289  0.671409  0.747834  0.752840  0.727124  0.800149  0.752626  0.727930  0.847929  0.870150  0.402056  0.701045  0.795871 0.0  0.648790  0.528730 
29  0.527374  0.501656  0.529116  0.589136  0.603113  0.515082  0.637663  0.601916  0.419701  0.545102  0.857967  0.583253  0.852467  0.864871  0.431816  0.475476  0.436663  0.986036  0.802093  0.516131  0.584646  0.731465  0.779894  0.505170  0.594195  0.569861  0.648778  0.541560  0.648790 0.0  0.628651 
30  0.883564  0.877671  0.612622  0.819763  0.561057  0.781881  0.401631  0.601598  0.804474  0.906075  0.616576  0.530939  0.648281  0.888969  0.858612  0.918255  0.870089  0.778039  0.748341  0.888975  0.644858  0.560835  0.825282  0.762075  0.662993  0.450106  0.789426  0.728173  0.528730  0.628651 0.0 
