31
0 0.0  0.427077  0.478374  0.833362  0.491130  0.541685  0.750873  0.767032  0.453570  0.290100  0.493713  0.810519  0.820374  0.813726  0.767148  0.876168  0.776768  0.658970  0.512300  0.599760  0.820355  0.360498  0.341234  0.851183  0.412715  0.452659  0.603741  0.522647  0.753056  0.299346  0.912429 
1  0.427077 0.0  0.692683  0.790295  0.651021  0.420217  0.883104  0.770711  0.597214  0.455027  0.586310  0.907353  0.815443  0.890001  0.851913  0.891391  0.693775  0.659087  0.586478  0.529898  0.989154  0.358299  0.523661  0.861716  0.571081  0.572994  0.395173  0.579805  0.829962  0.282919  0.755186 
2  0.478374  0.692683 0.0  0.680517  0.568620  0.518053  0.907503  0.456184  0.392565  0.499995  0.352478  0.773853  0.661487  0.728626  0.700734  0.891945  0.849792  0.402927  0.344579  0.492503  0.590167  0.467971  0.537208  0.706137  0.666219  0.457170  0.561859  0.518057  0.708424  0.484462  0.941591 
3  0.833362  0.790295  0.680517 0.0  0.764171  0.800530  0.838518  0.726439  0.799988  0.782228  0.723249  0.721085  0.651128  0.719267  0.614215  0.766798  0.682941  0.805986  0.652406  0.721176  0.710967  0.749176  0.738481  0.450742  0.848661  0.715738  0.795034  0.598436  0.658117  0.776372  0.748790 
4  0.491130  0.651021  0.568620  0.764171 0.0  0.471846  0.838075  0.534515  0.440236  0.589387  0.457051  0.738529  0.796276  0.726483  0.800931  0.797689  0.748037  0.670598  0.535463  0.515486  0.744395  0.516842  0.542572  0.851704  0.443113  0.536653  0.768233  0.480543  0.817308  0.489035  0.925295 
5  0.541685  0.420217  0.518053  0.800530  0.471846 0.0  0.812406  0.600470  0.347852  0.548272  0.395621  0.806624  0.702733  0.998713  0.807701  0.848576  0.725725  0.388610  0.354416  0.320279  0.784042  0.539464  0.499893  0.845734  0.543862  0.515151  0.518027  0.732116  0.645526  0.494897  0.784661 
6  0.750873  0.883104  0.907503  0.838518  0.838075  0.812406 0.0  0.595485  0.882614  0.686473  0.999597  0.643840  0.807524  0.626846  0.760872  0.329279  0.736695  0.837340  1.000000  0.918167  0.737233  0.820878  0.857310  0.836254  0.824180  0.813354  0.761735  0.855898  0.838708  0.994142  0.234361 
7  0.767032  0.770711  0.456184  0.726439  0.534515  0.600470  0.595485 0.0  0.576625  0.643552  0.604578  0.940251  0.778644  0.774968  0.741184  0.788082  0.638482  0.382911  0.550313  0.520294  0.869214  0.615164  0.668717  0.748977  0.731278  0.664564  0.531357  0.575788  0.778930  0.764237  0.789679 
8  0.453570  0.597214  0.392565  0.799988  0.440236  0.347852  0.882614  0.576625 0.0  0.484277  0.279054  0.685485  0.853954  0.774916  0.790807  0.981372  0.741804  0.597499  0.314015  0.504535  0.759220  0.415727  0.398561  0.755721  0.428910  0.498326  0.611389  0.561484  0.753332  0.452236  0.940348 
9  0.290100  0.455027  0.499995  0.782228  0.589387  0.548272  0.686473  0.643552  0.484277 0.0  0.441887  0.720617  0.719294  0.713506  0.758758  0.792896  0.823860  0.638969  0.458931  0.557747  0.743961  0.399456  0.369742  0.774433  0.309127  0.425838  0.505651  0.495703  0.673247  0.262812  0.871405 
10  0.493713  0.586310  0.352478  0.723249  0.457051  0.395621  0.999597  0.604578  0.279054  0.441887 0.0  0.736053  0.798616  0.736149  0.844336  0.943168  0.746991  0.427058  0.398210  0.555636  0.641366  0.511512  0.592734  0.655200  0.481020  0.515006  0.699442  0.646171  0.801900  0.497493  0.857923 
11  0.810519  0.907353  0.773853  0.721085  0.738529  0.806624  0.643840  0.940251  0.685485  0.720617  0.736053 0.0  0.814090  0.433956  0.424795  0.674960  0.787117  0.857355  0.722433  0.846854  0.369409  0.881475  0.707733  0.751100  0.842265  0.760936  0.939301  0.749061  0.719944  0.710298  0.710423 
12  0.820374  0.815443  0.661487  0.651128  0.796276  0.702733  0.807524  0.778644  0.853954  0.719294  0.798616  0.814090 0.0  0.646833  0.740000  0.928796  0.871482  0.806619  0.678133  0.863651  0.636757  0.747349  0.742492  0.695558  0.699446  0.627568  0.804861  0.741042  0.461267  0.733785  0.827202 
13  0.813726  0.890001  0.728626  0.719267  0.726483  0.998713  0.626846  0.774968  0.774916  0.713506  0.736149  0.433956  0.646833 0.0  0.369194  0.783319  0.774250  0.809516  0.639236  0.839149  0.309714  0.765115  0.690689  0.700977  0.984320  0.728857  0.813329  0.663935  0.632380  0.787464  0.760059 
14  0.767148  0.851913  0.700734  0.614215  0.800931  0.807701  0.760872  0.741184  0.790807  0.758758  0.844336  0.424795  0.740000  0.369194 0.0  0.678164  0.783338  0.780017  0.660236  0.738946  0.288078  0.788776  0.773523  0.820389  0.805557  0.638172  0.746917  0.713643  0.594598  0.756513  0.715249 
15  0.876168  0.891391  0.891945  0.766798  0.797689  0.848576  0.329279  0.788082  0.981372  0.792896  0.943168  0.674960  0.928796  0.783319  0.678164 0.0  0.656968  0.804578  0.803115  0.810280  0.632919  0.938644  0.848229  0.714517  0.956988  0.907511  0.738430  0.823132  0.773353  0.784173  0.282032 
16  0.776768  0.693775  0.849792  0.682941  0.748037  0.725725  0.736695  0.638482  0.741804  0.823860  0.746991  0.787117  0.871482  0.774250  0.783338  0.656968 0.0  0.746739  0.857557  0.696050  0.778688  0.778291  0.686147  0.629686  0.821447  0.830699  0.756932  0.868409  0.815606  0.845213  0.822511 
17  0.658970  0.659087  0.402927  0.805986  0.670598  0.388610  0.837340  0.382911  0.597499  0.638969  0.427058  0.857355  0.806619  0.809516  0.780017  0.804578  0.746739 0.0  0.485269  0.443288  0.945610  0.661157  0.673780  0.833161  0.701686  0.463287  0.504813  0.714097  0.658571  0.674749  0.798309 
18  0.512300  0.586478  0.344579  0.652406  0.535463  0.354416  1.000000  0.550313  0.314015  0.458931  0.398210  0.722433  0.678133  0.639236  0.660236  0.803115  0.857557  0.485269 0.0  0.428785  0.618096  0.576942  0.441217  0.707206  0.599772  0.502920  0.449045  0.490417  0.631479  0.457301  0.887607 
19  0.599760  0.529898  0.492503  0.721176  0.515486  0.320279  0.918167  0.520294  0.504535  0.557747  0.555636  0.846854  0.863651  0.839149  0.738946  0.810280  0.696050  0.443288  0.428785 0.0  0.863589  0.565782  0.510900  0.742399  0.706076  0.569436  0.665044  0.647399  0.639144  0.545686  0.799478 
20  0.820355  0.989154  0.590167  0.710967  0.744395  0.784042  0.737233  0.869214  0.759220  0.743961  0.641366  0.369409  0.636757  0.309714  0.288078  0.632919  0.778688  0.945610  0.618096  0.863589 0.0  0.785174  0.707925  0.668172  0.816935  0.692364  0.680841  0.652176  0.715406  0.831208  0.747435 
21  0.360498  0.358299  0.467971  0.749176  0.516842  0.539464  0.820878  0.615164  0.415727  0.399456  0.511512  0.881475  0.747349  0.765115  0.788776  0.938644  0.778291  0.661157  0.576942  0.565782  0.785174 0.0  0.415586  0.654374  0.400977  0.399076  0.487005  0.577973  0.672672  0.304256  0.912767 
22  0.341234  0.523661  0.537208  0.738481  0.542572  0.499893  0.857310  0.668717  0.398561  0.369742  0.592734  0.707733  0.742492  0.690689  0.773523  0.848229  0.686147  0.673780  0.441217  0.510900  0.707925  0.415586 0.0  0.758630  0.313124  0.522774  0.525519  0.542202  0.760831  0.336296  0.836992 
23  0.851183  0.861716  0.706137  0.450742  0.851704  0.845734  0.836254  0.748977  0.755721  0.774433  0.655200  0.751100  0.695558  0.700977  0.820389  0.714517  0.629686  0.833161  0.707206  0.742399  0.668172  0.654374  0.758630 0.0  0.777688  0.616803  0.750631  0.627194  0.699768  0.795825  0.770752 
24  0.412715  0.571081  0.666219  0.848661  0.443113  0.543862  0.824180  0.731278  0.428910  0.309127  0.481020  0.842265  0.699446  0.984320  0.805557  0.956988  0.821447  0.701686  0.599772  0.706076  0.816935  0.400977  0.313124  0.777688 0.0  0.552494  0.609198  0.430949  0.767431  0.395510  0.860479 
25  0.452659  0.572994  0.457170  0.715738  0.536653  0.515151  0.813354  0.664564  0.498326  0.425838  0.515006  0.760936  0.627568  0.728857  0.638172  0.907511  0.830699  0.463287  0.502920  0.569436  0.692364  0.399076  0.522774  0.616803  0.552494 0.0  0.504348  0.493244  0.796259  0.525559  0.904991 
26  0.603741  0.395173  0.561859  0.795034  0.768233  0.518027  0.761735  0.531357  0.611389  0.505651  0.699442  0.939301  0.804861  0.813329  0.746917  0.738430  0.756932  0.504813  0.449045  0.665044  0.680841  0.487005  0.525519  0.750631  0.609198  0.504348 0.0  0.629162  0.747762  0.460709  0.690120 
27  0.522647  0.579805  0.518057  0.598436  0.480543  0.732116  0.855898  0.575788  0.561484  0.495703  0.646171  0.749061  0.741042  0.663935  0.713643  0.823132  0.868409  0.714097  0.490417  0.647399  0.652176  0.577973  0.542202  0.627194  0.430949  0.493244  0.629162 0.0  0.600546  0.537590  0.830332 
28  0.753056  0.829962  0.708424  0.658117  0.817308  0.645526  0.838708  0.778930  0.753332  0.673247  0.801900  0.719944  0.461267  0.632380  0.594598  0.773353  0.815606  0.658571  0.631479  0.639144  0.715406  0.672672  0.760831  0.699768  0.767431  0.796259  0.747762  0.600546 0.0  0.784769  0.780780 
29  0.299346  0.282919  0.484462  0.776372  0.489035  0.494897  0.994142  0.764237  0.452236  0.262812  0.497493  0.710298  0.733785  0.787464  0.756513  0.784173  0.845213  0.674749  0.457301  0.545686  0.831208  0.304256  0.336296  0.795825  0.395510  0.525559  0.460709  0.537590  0.784769 0.0  0.883221 
30  0.912429  0.755186  0.941591  0.748790  0.925295  0.784661  0.234361  0.789679  0.940348  0.871405  0.857923  0.710423  0.827202  0.760059  0.715249  0.282032  0.822511  0.798309  0.887607  0.799478  0.747435  0.912767  0.836992  0.770752  0.860479  0.904991  0.690120  0.830332  0.780780  0.883221 0.0 
