31
0 0.0  0.748804  0.699196  0.728291  0.541649  0.659163  0.643368  0.696075  0.606794  0.756503  0.688010  0.633678  0.797242  0.646755  0.477476  0.600790  0.784932  0.602490  0.665078  0.556619  0.671674  0.757596  0.826907  0.699846  0.706344  0.763784  0.753991  0.802412  0.715637  0.650995  0.424580 
1  0.748804 0.0  0.695181  0.454427  0.828826  0.715855  0.556451  0.797568  0.800488  0.583804  0.732690  0.844781  0.640338  0.756452  0.673589  0.726786  0.687981  0.499233  0.606244  0.617236  0.792793  0.690401  0.553745  0.262519  0.667676  0.675358  0.684371  0.700921  0.714368  0.706421  0.800128 
2  0.699196  0.695181 0.0  0.598203  0.738414  0.786807  0.728049  0.788234  0.645086  0.469770  0.520267  0.718266  0.288602  0.683815  0.669161  0.660824  0.345015  0.758876  0.508977  0.687105  0.740500  0.530904  0.403961  0.738614  0.431162  0.639412  0.384179  0.377631  0.661373  0.584083  0.663331 
3  0.728291  0.454427  0.598203 0.0  0.694076  0.684305  0.743414  0.637158  0.563753  0.560841  0.468155  0.757682  0.542513  0.586885  0.444275  0.587119  0.505509  0.653378  0.555674  0.526172  0.660795  0.659611  0.524874  0.608325  0.488414  0.550914  0.546597  0.530237  0.568491  0.582971  0.634006 
4  0.541649  0.828826  0.738414  0.694076 0.0  0.563711  0.670811  0.614747  0.634745  0.777048  0.714527  0.309299  0.695795  0.307646  0.598007  0.529843  0.700555  0.658396  0.769639  0.627870  0.608782  0.704418  0.734685  0.667500  0.814187  0.772444  0.651042  0.864109  0.523886  0.659401  0.518588 
5  0.659163  0.715855  0.786807  0.684305  0.563711 0.0  0.636404  0.234020  0.428505  0.694707  1.000000  0.630866  0.817469  0.569441  0.585085  0.706731  0.802483  0.699385  0.774479  0.620513  0.225770  0.783415  0.840319  0.810418  0.842427  0.838878  0.732580  0.829426  0.670616  0.855735  0.628668 
6  0.643368  0.556451  0.728049  0.743414  0.670811  0.636404 0.0  0.655500  0.621990  0.646531  0.623659  0.746671  0.663118  0.613259  0.471720  0.561775  0.501456  0.663585  0.666915  0.402876  0.601312  0.617096  0.667220  0.705389  0.550547  0.652408  0.695810  0.641458  0.430780  0.617234  0.556687 
7  0.696075  0.797568  0.788234  0.637158  0.614747  0.234020  0.655500 0.0  0.376899  0.817028  0.897567  0.600211  0.714908  0.661604  0.561367  0.688443  0.768329  0.617846  0.700095  0.700895  0.239050  0.733684  0.862228  0.843892  0.762375  0.707972  0.615718  0.772042  0.644218  0.774983  0.619299 
8  0.606794  0.800488  0.645086  0.563753  0.634745  0.428505  0.621990  0.376899 0.0  0.725747  0.755129  0.715177  0.725491  0.601432  0.627381  0.675685  0.717327  0.692599  0.729874  0.694464  0.322032  0.758682  0.816527  0.836409  0.641120  0.809443  0.687711  0.671597  0.713965  0.779500  0.598550 
9  0.756503  0.583804  0.469770  0.560841  0.777048  0.694707  0.646531  0.817028  0.725747 0.0  0.179171  0.705866  0.574881  0.726285  0.712823  0.690438  0.245792  0.694841  0.269020  0.684906  0.801870  0.289748  0.356090  0.757090  0.258515  0.519778  0.680869  0.306419  0.582149  0.435342  0.752419 
10  0.688010  0.732690  0.520267  0.468155  0.714527  1.000000  0.623659  0.897567  0.755129  0.179171 0.0  0.833118  0.392140  0.768061  0.641478  0.735065  0.224362  0.725318  0.235569  0.689161  0.771688  0.353522  0.491087  0.733424  0.365072  0.485566  0.605203  0.196727  0.634483  0.373698  0.787214 
11  0.633678  0.844781  0.718266  0.757682  0.309299  0.630866  0.746671  0.600211  0.715177  0.705866  0.833118 0.0  0.817820  0.287360  0.674280  0.462596  0.690714  0.713598  0.773559  0.692218  0.768021  0.712661  0.765426  0.803530  0.632481  0.688347  0.784852  0.719934  0.441870  0.781089  0.519201 
12  0.797242  0.640338  0.288602  0.542513  0.695795  0.817469  0.663118  0.714908  0.725491  0.574881  0.392140  0.817820 0.0  0.809195  0.761871  0.699804  0.384922  0.744192  0.431703  0.613600  0.781826  0.361665  0.429638  0.723490  0.492622  0.357107  0.475356  0.484795  0.704741  0.494968  0.769859 
13  0.646755  0.756452  0.683815  0.586885  0.307646  0.569441  0.613259  0.661604  0.601432  0.726285  0.768061  0.287360  0.809195 0.0  0.737999  0.593826  0.704266  0.781239  0.650227  0.638151  0.647016  0.670061  0.718451  0.781624  0.697267  0.793456  0.713616  0.707472  0.407232  0.790362  0.575842 
14  0.477476  0.673589  0.669161  0.444275  0.598007  0.585085  0.471720  0.561367  0.627381  0.712823  0.641478  0.674280  0.761871  0.737999 0.0  0.484096  0.704747  0.609150  0.611006  0.525415  0.670569  0.663696  0.594893  0.632612  0.536980  0.627895  0.786923  0.551383  0.545558  0.672919  0.528130 
15  0.600790  0.726786  0.660824  0.587119  0.529843  0.706731  0.561775  0.688443  0.675685  0.690438  0.735065  0.462596  0.699804  0.593826  0.484096 0.0  0.823897  0.607754  0.728088  0.635099  0.699002  0.697455  0.731845  0.808539  0.760481  0.764161  0.619594  0.666048  0.599535  0.739488  0.407652 
16  0.784932  0.687981  0.345015  0.505509  0.700555  0.802483  0.501456  0.768329  0.717327  0.245792  0.224362  0.690714  0.384922  0.704266  0.704747  0.823897 0.0  0.754957  0.346768  0.695110  0.581112  0.279441  0.447244  0.746963  0.507599  0.540676  0.523918  0.223311  0.488085  0.381209  0.741837 
17  0.602490  0.499233  0.758876  0.653378  0.658396  0.699385  0.663585  0.617846  0.692599  0.694841  0.725318  0.713598  0.744192  0.781239  0.609150  0.607754  0.754957 0.0  0.682554  0.551664  0.634738  0.567025  0.689771  0.606145  0.719089  0.573282  0.746218  0.694964  0.675595  0.679459  0.640950 
18  0.665078  0.606244  0.508977  0.555674  0.769639  0.774479  0.666915  0.700095  0.729874  0.269020  0.235569  0.773559  0.431703  0.650227  0.611006  0.728088  0.346768  0.682554 0.0  0.683139  0.761262  0.356201  0.447943  0.623224  0.350561  0.491511  0.537900  0.190583  0.545577  0.261387  0.724972 
19  0.556619  0.617236  0.687105  0.526172  0.627870  0.620513  0.402876  0.700895  0.694464  0.684906  0.689161  0.692218  0.613600  0.638151  0.525415  0.635099  0.695110  0.551664  0.683139 0.0  0.746889  0.675033  0.548317  0.546477  0.537121  0.524056  0.811565  0.622506  0.509051  0.598249  0.535277 
20  0.671674  0.792793  0.740500  0.660795  0.608782  0.225770  0.601312  0.239050  0.322032  0.801870  0.771688  0.768021  0.781826  0.647016  0.670569  0.699002  0.581112  0.634738  0.761262  0.746889 0.0  0.746946  0.901301  0.783046  0.722875  0.754442  0.707213  0.794266  0.599614  0.891054  0.586762 
21  0.757596  0.690401  0.530904  0.659611  0.704418  0.783415  0.617096  0.733684  0.758682  0.289748  0.353522  0.712661  0.361665  0.670061  0.663696  0.697455  0.279441  0.567025  0.356201  0.675033  0.746946 0.0  0.421697  0.792668  0.453366  0.510427  0.503064  0.294785  0.542556  0.443377  0.724483 
22  0.826907  0.553745  0.403961  0.524874  0.734685  0.840319  0.667220  0.862228  0.816527  0.356090  0.491087  0.765426  0.429638  0.718451  0.594893  0.731845  0.447244  0.689771  0.447943  0.548317  0.901301  0.421697 0.0  0.568018  0.356886  0.582177  0.361483  0.418830  0.623181  0.279911  0.773710 
23  0.699846  0.262519  0.738614  0.608325  0.667500  0.810418  0.705389  0.843892  0.836409  0.757090  0.733424  0.803530  0.723490  0.781624  0.632612  0.808539  0.746963  0.606145  0.623224  0.546477  0.783046  0.792668  0.568018 0.0  0.800190  0.682010  0.667569  0.663800  0.695310  0.567080  0.778776 
24  0.706344  0.667676  0.431162  0.488414  0.814187  0.842427  0.550547  0.762375  0.641120  0.258515  0.365072  0.632481  0.492622  0.697267  0.536980  0.760481  0.507599  0.719089  0.350561  0.537121  0.722875  0.453366  0.356886  0.800190 0.0  0.365840  0.580893  0.371433  0.572737  0.361236  0.666430 
25  0.763784  0.675358  0.639412  0.550914  0.772444  0.838878  0.652408  0.707972  0.809443  0.519778  0.485566  0.688347  0.357107  0.793456  0.627895  0.764161  0.540676  0.573282  0.491511  0.524056  0.754442  0.510427  0.582177  0.682010  0.365840 0.0  0.541187  0.493744  0.608865  0.358681  0.645298 
26  0.753991  0.684371  0.384179  0.546597  0.651042  0.732580  0.695810  0.615718  0.687711  0.680869  0.605203  0.784852  0.475356  0.713616  0.786923  0.619594  0.523918  0.746218  0.537900  0.811565  0.707213  0.503064  0.361483  0.667569  0.580893  0.541187 0.0  0.570951  0.691517  0.570487  0.598473 
27  0.802412  0.700921  0.377631  0.530237  0.864109  0.829426  0.641458  0.772042  0.671597  0.306419  0.196727  0.719934  0.484795  0.707472  0.551383  0.666048  0.223311  0.694964  0.190583  0.622506  0.794266  0.294785  0.418830  0.663800  0.371433  0.493744  0.570951 0.0  0.679378  0.321111  0.678043 
28  0.715637  0.714368  0.661373  0.568491  0.523886  0.670616  0.430780  0.644218  0.713965  0.582149  0.634483  0.441870  0.704741  0.407232  0.545558  0.599535  0.488085  0.675595  0.545577  0.509051  0.599614  0.542556  0.623181  0.695310  0.572737  0.608865  0.691517  0.679378 0.0  0.605789  0.589080 
29  0.650995  0.706421  0.584083  0.582971  0.659401  0.855735  0.617234  0.774983  0.779500  0.435342  0.373698  0.781089  0.494968  0.790362  0.672919  0.739488  0.381209  0.679459  0.261387  0.598249  0.891054  0.443377  0.279911  0.567080  0.361236  0.358681  0.570487  0.321111  0.605789 0.0  0.770351 
30  0.424580  0.800128  0.663331  0.634006  0.518588  0.628668  0.556687  0.619299  0.598550  0.752419  0.787214  0.519201  0.769859  0.575842  0.528130  0.407652  0.741837  0.640950  0.724972  0.535277  0.586762  0.724483  0.773710  0.778776  0.666430  0.645298  0.598473  0.678043  0.589080  0.770351 0.0 
