31
0 0.0  0.708049  0.822578  0.687947  0.864776  0.614540  0.742651  0.843340  0.767521  0.776517  0.483280  0.366238  0.650216  0.822056  0.672541  0.880398  0.778419  0.814610  0.462939  0.798276  0.693754  0.664705  0.871577  0.800146  0.715322  0.804115  0.754013  0.736493  0.609770  0.859559  0.713208 
1  0.708049 0.0  0.700070  0.728156  0.893142  0.900909  0.938357  0.840287  0.784046  0.829620  0.767121  0.719827  0.773866  0.831191  0.947878  0.684721  0.714417  0.620047  0.761766  0.677504  0.498612  0.238341  0.857774  0.760364  0.905377  0.680715  0.950623  0.824038  0.300374  0.693893  0.792650 
2  0.822578  0.700070 0.0  0.591143  0.767169  0.852898  0.822312  0.799236  0.760762  0.860419  0.699880  0.716605  0.904288  0.714071  0.759017  0.667826  0.683736  0.576135  0.724511  0.666581  0.669822  0.668042  0.773241  0.752439  0.749655  0.738119  0.775054  0.801710  0.755627  0.659610  0.585082 
3  0.687947  0.728156  0.591143 0.0  0.780471  0.638982  0.682584  0.831046  0.628387  0.677202  0.694133  0.675935  0.654349  0.790406  0.507423  0.789175  0.725582  0.512619  0.713174  0.457285  0.808048  0.804244  0.786806  0.809690  0.739933  0.821739  0.723760  0.739490  0.844811  0.839399  0.415918 
4  0.864776  0.893142  0.767169  0.780471 0.0  0.415081  0.595521  0.537869  0.620714  0.539410  0.736866  0.819184  0.451848  0.423057  0.539269  0.735439  0.846414  0.670928  0.756995  0.619415  0.587517  0.888356  0.454922  0.677851  0.347370  0.648864  0.450657  0.516817  0.818353  0.825511  0.750439 
5  0.614540  0.900909  0.852898  0.638982  0.415081 0.0  0.516827  0.506301  0.524934  0.569677  0.755166  0.701794  0.407847  0.480593  0.539954  0.886060  0.879662  0.708802  0.689931  0.669827  0.646198  0.770129  0.388176  0.789562  0.438666  0.442653  0.416301  0.518800  0.853258  0.772796  0.628286 
6  0.742651  0.938357  0.822312  0.682584  0.595521  0.516827 0.0  0.528223  0.626225  0.557495  0.826324  0.772494  0.450839  0.564859  0.672454  1.000000  0.938441  0.719009  0.773433  0.761606  0.820640  0.819852  0.346694  0.898092  0.658864  0.452287  0.590886  0.547680  0.822431  0.938918  0.730879 
7  0.843340  0.840287  0.799236  0.831046  0.537869  0.506301  0.528223 0.0  0.606637  0.549965  0.755491  0.893107  0.469800  0.443680  0.665594  0.744081  0.857898  0.766206  0.812310  0.641307  0.715993  0.901612  0.464548  0.801945  0.506740  0.561162  0.388877  0.479812  0.752906  0.736711  0.797429 
8  0.767521  0.784046  0.760762  0.628387  0.620714  0.524934  0.626225  0.606637 0.0  0.287520  0.727872  0.818192  0.533146  0.436097  0.526055  0.795009  0.794142  0.644078  0.841391  0.614655  0.578566  0.883324  0.438874  0.791445  0.351190  0.661877  0.525089  0.427120  0.794848  0.749795  0.634658 
9  0.776517  0.829620  0.860419  0.677202  0.539410  0.569677  0.557495  0.549965  0.287520 0.0  0.823813  0.722742  0.539644  0.371198  0.412904  0.814767  0.797980  0.620505  0.818840  0.656776  0.587346  0.852199  0.425426  0.769192  0.339656  0.629545  0.221881  0.445181  0.887495  0.798666  0.632521 
10  0.483280  0.767121  0.699880  0.694133  0.736866  0.755166  0.826324  0.755491  0.727872  0.823813 0.0  0.482718  0.811282  0.813714  0.714085  0.873512  0.859008  0.724893  0.558265  0.559637  0.650824  0.719761  0.780480  0.852299  0.778561  0.845822  0.639323  0.728448  0.759397  0.832835  0.671044 
11  0.366238  0.719827  0.716605  0.675935  0.819184  0.701794  0.772494  0.893107  0.818192  0.722742  0.482718 0.0  0.820223  0.855973  0.732920  0.903564  0.825594  0.699204  0.462637  0.705878  0.744005  0.759350  0.791047  0.762407  0.640840  0.780160  0.764945  0.831830  0.819377  0.884559  0.655648 
12  0.650216  0.773866  0.904288  0.654349  0.451848  0.407847  0.450839  0.469800  0.533146  0.539644  0.811282  0.820223 0.0  0.445453  0.660235  0.863637  0.941376  0.751956  0.703969  0.632005  0.689440  0.903701  0.382025  0.791145  0.343669  0.407482  0.357517  0.585062  0.832867  0.875823  0.698314 
13  0.822056  0.831191  0.714071  0.790406  0.423057  0.480593  0.564859  0.443680  0.436097  0.371198  0.813714  0.855973  0.445453 0.0  0.436601  0.774084  0.849145  0.687773  0.721195  0.692716  0.543246  0.833676  0.396620  0.776326  0.433169  0.456679  0.250677  0.231226  0.944696  0.702007  0.739710 
14  0.672541  0.947878  0.759017  0.507423  0.539269  0.539954  0.672454  0.665594  0.526055  0.412904  0.714085  0.732920  0.660235  0.436601 0.0  0.823604  0.832612  0.728992  0.562885  0.621651  0.748703  0.846338  0.604816  0.834849  0.494934  0.658906  0.632937  0.647826  0.712749  0.867937  0.585692 
15  0.880398  0.684721  0.667826  0.789175  0.735439  0.886060  1.000000  0.744081  0.795009  0.814767  0.873512  0.903564  0.863637  0.774084  0.823604 0.0  0.160885  0.739536  0.918065  0.758252  0.540806  0.780034  0.776776  0.472946  0.708898  0.696272  0.723377  0.808291  0.734579  0.313541  0.743817 
16  0.778419  0.714417  0.683736  0.725582  0.846414  0.879662  0.938441  0.857898  0.794142  0.797980  0.859008  0.825594  0.941376  0.849145  0.832612  0.160885 0.0  0.833069  0.797441  0.772576  0.477819  0.735938  0.727752  0.523726  0.769720  0.766392  0.875113  0.888826  0.585303  0.323797  0.697014 
17  0.814610  0.620047  0.576135  0.512619  0.670928  0.708802  0.719009  0.766206  0.644078  0.620505  0.724893  0.699204  0.751956  0.687773  0.728992  0.739536  0.833069 0.0  0.741483  0.258882  0.514378  0.601782  0.681168  0.786755  0.679042  0.873434  0.580155  0.584874  0.778355  0.768915  0.525409 
18  0.462939  0.761766  0.724511  0.713174  0.756995  0.689931  0.773433  0.812310  0.841391  0.818840  0.558265  0.462637  0.703969  0.721195  0.562885  0.918065  0.797441  0.741483 0.0  0.619313  0.650842  0.757142  0.881106  0.872908  0.814597  0.724303  0.707968  0.739220  0.710654  0.861732  0.657608 
19  0.798276  0.677504  0.666581  0.457285  0.619415  0.669827  0.761606  0.641307  0.614655  0.656776  0.559637  0.705878  0.632005  0.692716  0.621651  0.758252  0.772576  0.258882  0.619313 0.0  0.418716  0.661119  0.626206  0.694206  0.567778  0.748685  0.656514  0.622880  0.598995  0.746514  0.468412 
20  0.693754  0.498612  0.669822  0.808048  0.587517  0.646198  0.820640  0.715993  0.578566  0.587346  0.650824  0.744005  0.689440  0.543246  0.748703  0.540806  0.477819  0.514378  0.650842  0.418716 0.0  0.742346  0.634430  0.527841  0.542040  0.756851  0.692903  0.537180  0.573244  0.488824  0.594455 
21  0.664705  0.238341  0.668042  0.804244  0.888356  0.770129  0.819852  0.901612  0.883324  0.852199  0.719761  0.759350  0.903701  0.833676  0.846338  0.780034  0.735938  0.601782  0.757142  0.661119  0.742346 0.0  0.883616  0.820281  0.852302  0.816268  0.809831  0.867435  0.262095  0.756109  0.725221 
22  0.871577  0.857774  0.773241  0.786806  0.454922  0.388176  0.346694  0.464548  0.438874  0.425426  0.780480  0.791047  0.382025  0.396620  0.604816  0.776776  0.727752  0.681168  0.881106  0.626206  0.634430  0.883616 0.0  0.779289  0.438323  0.487207  0.408928  0.411400  0.835788  0.727371  0.789736 
23  0.800146  0.760364  0.752439  0.809690  0.677851  0.789562  0.898092  0.801945  0.791445  0.769192  0.852299  0.762407  0.791145  0.776326  0.834849  0.472946  0.523726  0.786755  0.872908  0.694206  0.527841  0.820281  0.779289 0.0  0.808058  0.849737  0.744200  0.799638  0.839177  0.418630  0.841137 
24  0.715322  0.905377  0.749655  0.739933  0.347370  0.438666  0.658864  0.506740  0.351190  0.339656  0.778561  0.640840  0.343669  0.433169  0.494934  0.708898  0.769720  0.679042  0.814597  0.567778  0.542040  0.852302  0.438323  0.808058 0.0  0.570998  0.398887  0.437268  0.803441  0.681323  0.750265 
25  0.804115  0.680715  0.738119  0.821739  0.648864  0.442653  0.452287  0.561162  0.661877  0.629545  0.845822  0.780160  0.407482  0.456679  0.658906  0.696272  0.766392  0.873434  0.724303  0.748685  0.756851  0.816268  0.487207  0.849737  0.570998 0.0  0.574084  0.587222  0.720312  0.701290  0.823677 
26  0.754013  0.950623  0.775054  0.723760  0.450657  0.416301  0.590886  0.388877  0.525089  0.221881  0.639323  0.764945  0.357517  0.250677  0.632937  0.723377  0.875113  0.580155  0.707968  0.656514  0.692903  0.809831  0.408928  0.744200  0.398887  0.574084 0.0  0.435880  0.911158  0.838680  0.542773 
27  0.736493  0.824038  0.801710  0.739490  0.516817  0.518800  0.547680  0.479812  0.427120  0.445181  0.728448  0.831830  0.585062  0.231226  0.647826  0.808291  0.888826  0.584874  0.739220  0.622880  0.537180  0.867435  0.411400  0.799638  0.437268  0.587222  0.435880 0.0  0.814961  0.795266  0.791651 
28  0.609770  0.300374  0.755627  0.844811  0.818353  0.853258  0.822431  0.752906  0.794848  0.887495  0.759397  0.819377  0.832867  0.944696  0.712749  0.734579  0.585303  0.778355  0.710654  0.598995  0.573244  0.262095  0.835788  0.839177  0.803441  0.720312  0.911158  0.814961 0.0  0.749636  0.784740 
29  0.859559  0.693893  0.659610  0.839399  0.825511  0.772796  0.938918  0.736711  0.749795  0.798666  0.832835  0.884559  0.875823  0.702007  0.867937  0.313541  0.323797  0.768915  0.861732  0.746514  0.488824  0.756109  0.727371  0.418630  0.681323  0.701290  0.838680  0.795266  0.749636 0.0  0.811077 
30  0.713208  0.792650  0.585082  0.415918  0.750439  0.628286  0.730879  0.797429  0.634658  0.632521  0.671044  0.655648  0.698314  0.739710  0.585692  0.743817  0.697014  0.525409  0.657608  0.468412  0.594455  0.725221  0.789736  0.841137  0.750265  0.823677  0.542773  0.791651  0.784740  0.811077 0.0 
