31
0 0.0  0.576739  0.806740  0.767052  0.799341  0.835738  0.528555  0.722384  0.658859  0.560615  0.649801  0.843081  0.452992  0.544314  0.586506  0.792717  0.590984  0.811575  0.763738  0.779951  0.721665  0.896180  0.741206  0.730557  0.520833  0.853932  0.881718  0.611748  0.783212  0.756038  0.712617 
1  0.576739 0.0  0.759159  0.856164  0.801176  0.904896  0.755241  0.719535  0.752975  0.319042  0.686796  0.697551  0.821349  0.629382  0.812331  0.847598  0.695594  0.776973  0.909627  0.789814  0.827594  0.865137  0.829712  0.978094  0.326920  0.670478  0.876994  0.358876  0.834187  0.903028  0.819971 
2  0.806740  0.759159 0.0  0.771585  0.357847  0.380957  0.794032  0.750451  0.779437  0.798433  0.626078  0.690098  0.649355  0.829095  0.761470  0.439095  0.588049  0.731213  0.346874  0.686175  0.593191  0.867791  0.521143  0.492390  0.901828  0.752570  0.389677  0.928633  0.390930  0.487833  0.421473 
3  0.767052  0.856164  0.771585 0.0  0.780758  0.751829  0.869838  0.793796  0.838964  0.768057  0.756624  0.695973  0.800268  0.778327  0.668779  0.757224  0.712022  0.689072  0.694038  0.310131  0.702580  0.425507  0.832156  0.725079  0.888254  0.728610  0.778511  0.882932  0.691769  0.745020  0.865439 
4  0.799341  0.801176  0.357847  0.780758 0.0  0.440632  0.739472  0.783088  0.705378  0.881273  0.536771  0.721425  0.740057  0.829602  0.724127  0.211212  0.643674  0.816788  0.433920  0.783105  0.668868  0.739207  0.562127  0.503338  0.994854  0.801348  0.423637  0.902082  0.323578  0.393210  0.319957 
5  0.835738  0.904896  0.380957  0.751829  0.440632 0.0  0.653853  0.710634  0.774299  0.848947  0.669997  0.712401  0.610735  0.770589  0.725337  0.529096  0.509646  0.807308  0.249821  0.858357  0.536071  0.893746  0.569030  0.581664  0.920592  0.833246  0.357078  0.845167  0.543212  0.435541  0.347893 
6  0.528555  0.755241  0.794032  0.869838  0.739472  0.653853 0.0  0.832587  0.640398  0.749812  0.690596  0.817950  0.708865  0.604876  0.563508  0.692296  0.487176  0.711212  0.759269  0.948067  0.647283  0.817996  0.778380  0.712386  0.662232  0.677919  0.767776  0.528374  0.766530  0.799921  0.639182 
7  0.722384  0.719535  0.750451  0.793796  0.783088  0.710634  0.832587 0.0  0.862507  0.642345  0.542743  0.911651  0.740848  0.801806  0.813327  0.821895  0.755316  0.380524  0.714407  0.849319  0.410869  0.752364  1.000000  0.765658  0.772520  0.380821  0.725787  0.788140  0.785053  0.670510  0.786536 
8  0.658859  0.752975  0.779437  0.838964  0.705378  0.774299  0.640398  0.862507 0.0  0.745025  0.729706  0.817809  0.850714  0.787773  0.807785  0.792673  0.712378  0.825547  0.829483  0.935024  0.784761  0.789904  0.782876  0.899789  0.758942  0.838683  0.799966  0.677238  0.687983  0.794805  0.780512 
9  0.560615  0.319042  0.798433  0.768057  0.881273  0.848947  0.749812  0.642345  0.745025 0.0  0.657085  0.841997  0.669015  0.829434  0.783493  0.957451  0.756579  0.784771  0.883303  0.898525  0.757536  0.934438  0.860855  0.828333  0.345506  0.790534  0.982384  0.227664  0.834617  0.904674  0.831843 
10  0.649801  0.686796  0.626078  0.756624  0.536771  0.669997  0.690596  0.542743  0.729706  0.657085 0.0  0.798133  0.430983  0.625105  0.423591  0.636277  0.275590  0.704724  0.725609  0.576875  0.664478  0.735754  0.718534  0.651508  0.680968  0.693385  0.612948  0.685843  0.647986  0.615132  0.580494 
11  0.843081  0.697551  0.690098  0.695973  0.721425  0.712401  0.817950  0.911651  0.817809  0.841997  0.798133 0.0  0.883308  0.956151  0.771212  0.646587  0.839195  0.744209  0.739337  0.738738  0.749528  0.775444  0.598323  0.535288  0.784205  0.759813  0.728976  0.784403  0.578198  0.594627  0.779987 
12  0.452992  0.821349  0.649355  0.800268  0.740057  0.610735  0.708865  0.740848  0.850714  0.669015  0.430983  0.883308 0.0  0.534137  0.377595  0.765215  0.596739  0.686643  0.645724  0.743850  0.637935  0.741653  0.820578  0.694891  0.748716  0.674866  0.898864  0.704465  0.709691  0.732199  0.766383 
13  0.544314  0.629382  0.829095  0.778327  0.829602  0.770589  0.604876  0.801806  0.787773  0.829434  0.625105  0.956151  0.534137 0.0  0.713886  0.842891  0.637868  0.691687  0.899143  0.921670  0.748005  0.732482  0.627888  0.802441  0.715327  0.851223  0.914123  0.736620  0.716405  0.774601  0.769435 
14  0.586506  0.812331  0.761470  0.668779  0.724127  0.725337  0.563508  0.813327  0.807785  0.783493  0.423591  0.771212  0.377595  0.713886 0.0  0.780067  0.569488  0.656506  0.499454  0.780461  0.632556  0.646527  0.782099  0.643507  0.950922  0.670749  0.840220  0.795219  0.738007  0.772245  0.759964 
15  0.792717  0.847598  0.439095  0.757224  0.211212  0.529096  0.692296  0.821895  0.792673  0.957451  0.636277  0.646587  0.765215  0.842891  0.780067 0.0  0.584969  0.748567  0.604596  0.757251  0.591068  0.799025  0.542276  0.562905  0.781144  0.755182  0.379665  0.819820  0.281463  0.485170  0.371163 
16  0.590984  0.695594  0.588049  0.712022  0.643674  0.509646  0.487176  0.755316  0.712378  0.756579  0.275590  0.839195  0.596739  0.637868  0.569488  0.584969 0.0  0.725246  0.698493  0.908955  0.674979  0.827912  0.836191  0.756535  0.643846  0.768855  0.629482  0.670078  0.656680  0.550904  0.631138 
17  0.811575  0.776973  0.731213  0.689072  0.816788  0.807308  0.711212  0.380524  0.825547  0.784771  0.704724  0.744209  0.686643  0.691687  0.656506  0.748567  0.725246 0.0  0.825640  0.787272  0.516611  0.787860  0.864155  0.779311  0.613443  0.283772  0.768796  0.800858  0.817085  0.716902  0.942352 
18  0.763738  0.909627  0.346874  0.694038  0.433920  0.249821  0.759269  0.714407  0.829483  0.883303  0.725609  0.739337  0.645724  0.899143  0.499454  0.604596  0.698493  0.825640 0.0  0.806072  0.542313  0.700901  0.613666  0.462851  0.951045  0.886773  0.246170  0.959706  0.522537  0.391782  0.373601 
19  0.779951  0.789814  0.686175  0.310131  0.783105  0.858357  0.948067  0.849319  0.935024  0.898525  0.576875  0.738738  0.743850  0.921670  0.780461  0.757251  0.908955  0.787272  0.806072 0.0  0.631616  0.522888  0.862616  0.697524  0.928670  0.749571  0.713327  0.918099  0.779008  0.679760  0.755565 
20  0.721665  0.827594  0.593191  0.702580  0.668868  0.536071  0.647283  0.410869  0.784761  0.757536  0.664478  0.749528  0.637935  0.748005  0.632556  0.591068  0.674979  0.516611  0.542313  0.631616 0.0  0.675514  0.809062  0.674097  0.755563  0.742328  0.620198  0.680315  0.584534  0.605570  0.632359 
21  0.896180  0.865137  0.867791  0.425507  0.739207  0.893746  0.817996  0.752364  0.789904  0.934438  0.735754  0.775444  0.741653  0.732482  0.646527  0.799025  0.827912  0.787860  0.700901  0.522888  0.675514 0.0  0.919043  0.582087  0.880280  0.715745  0.867032  0.675956  0.774170  0.662228  0.621407 
22  0.741206  0.829712  0.521143  0.832156  0.562127  0.569030  0.778380  1.000000  0.782876  0.860855  0.718534  0.598323  0.820578  0.627888  0.782099  0.542276  0.836191  0.864155  0.613666  0.862616  0.809062  0.919043 0.0  0.629899  0.846066  0.959276  0.415771  0.893860  0.576676  0.509604  0.354392 
23  0.730557  0.978094  0.492390  0.725079  0.503338  0.581664  0.712386  0.765658  0.899789  0.828333  0.651508  0.535288  0.694891  0.802441  0.643507  0.562905  0.756535  0.779311  0.462851  0.697524  0.674097  0.582087  0.629899 0.0  0.917116  0.739363  0.456509  0.943295  0.609683  0.360002  0.404780 
24  0.520833  0.326920  0.901828  0.888254  0.994854  0.920592  0.662232  0.772520  0.758942  0.345506  0.680968  0.784205  0.748716  0.715327  0.950922  0.781144  0.643846  0.613443  0.951045  0.928670  0.755563  0.880280  0.846066  0.917116 0.0  0.637376  0.867219  0.246455  0.863857  0.990392  0.868901 
25  0.853932  0.670478  0.752570  0.728610  0.801348  0.833246  0.677919  0.380821  0.838683  0.790534  0.693385  0.759813  0.674866  0.851223  0.670749  0.755182  0.768855  0.283772  0.886773  0.749571  0.742328  0.715745  0.959276  0.739363  0.637376 0.0  0.858179  0.806857  0.878293  0.811261  0.838578 
26  0.881718  0.876994  0.389677  0.778511  0.423637  0.357078  0.767776  0.725787  0.799966  0.982384  0.612948  0.728976  0.898864  0.914123  0.840220  0.379665  0.629482  0.768796  0.246170  0.713327  0.620198  0.867032  0.415771  0.456509  0.867219  0.858179 0.0  0.906010  0.513789  0.384998  0.304466 
27  0.611748  0.358876  0.928633  0.882932  0.902082  0.845167  0.528374  0.788140  0.677238  0.227664  0.685843  0.784403  0.704465  0.736620  0.795219  0.819820  0.670078  0.800858  0.959706  0.918099  0.680315  0.675956  0.893860  0.943295  0.246455  0.806857  0.906010 0.0  0.904166  0.823841  0.912351 
28  0.783212  0.834187  0.390930  0.691769  0.323578  0.543212  0.766530  0.785053  0.687983  0.834617  0.647986  0.578198  0.709691  0.716405  0.738007  0.281463  0.656680  0.817085  0.522537  0.779008  0.584534  0.774170  0.576676  0.609683  0.863857  0.878293  0.513789  0.904166 0.0  0.480854  0.413252 
29  0.756038  0.903028  0.487833  0.745020  0.393210  0.435541  0.799921  0.670510  0.794805  0.904674  0.615132  0.594627  0.732199  0.774601  0.772245  0.485170  0.550904  0.716902  0.391782  0.679760  0.605570  0.662228  0.509604  0.360002  0.990392  0.811261  0.384998  0.823841  0.480854 0.0  0.455512 
30  0.712617  0.819971  0.421473  0.865439  0.319957  0.347893  0.639182  0.786536  0.780512  0.831843  0.580494  0.779987  0.766383  0.769435  0.759964  0.371163  0.631138  0.942352  0.373601  0.755565  0.632359  0.621407  0.354392  0.404780  0.868901  0.838578  0.304466  0.912351  0.413252  0.455512 0.0 
