60
0 0.0  0.832338  0.794977  0.457916  0.594598  0.701779  0.875816  0.857141  0.509464  0.565703  0.781540  0.685954  0.527837  0.476765  0.640604  0.794244  0.571352  0.798941  0.513935  0.711703  0.734020  0.569806  0.569256  0.750649  0.646621  0.227905  0.254827  0.560752  0.692234  0.586994  0.602314  0.723074  0.611196  0.706987  0.458770  0.576587  0.511175  0.421870  0.507837  0.632119  0.911966  0.567487  0.468198  0.392266  0.423841  0.555227  0.532344  0.343320  0.426558  0.625452  0.368849  0.702630  0.453228  0.391531  0.530887  0.419190  0.476261  0.667238  0.667274  0.637963 
1  0.832338 0.0  0.545114  0.675513  0.702908  0.424984  0.380472  0.341756  0.812168  0.761595  0.665606  0.394263  0.676092  0.805123  0.465788  0.649909  0.822141  0.368040  0.741681  0.560019  0.728410  0.688530  0.674382  0.315132  0.833190  0.774654  0.772649  0.771071  0.684187  0.743551  0.685013  0.461239  0.674552  0.720659  0.720055  0.733390  0.762350  0.812738  0.781880  0.781063  0.557300  0.697148  0.808804  0.954603  0.800922  0.771984  0.805427  0.819934  0.697864  0.778024  0.747113  0.754151  0.671670  0.785187  0.672546  0.760657  0.858848  0.820276  0.459078  0.740698 
2  0.794977  0.545114 0.0  0.835846  0.558332  0.512555  0.501365  0.589970  0.659431  0.578399  0.638385  0.326953  0.693315  0.719933  0.371657  0.716623  0.629198  0.301121  0.796567  0.613544  0.539855  0.735566  0.650107  0.645857  0.688108  0.707318  0.783457  0.751734  0.546965  0.766771  0.503871  0.256325  0.656111  0.590515  0.709948  0.584665  0.768175  0.673641  0.777864  0.775999  0.322100  0.667487  0.674259  0.778005  0.775185  0.619693  0.759547  0.694000  0.631579  0.694882  0.845647  0.534684  0.648504  0.718941  0.703519  0.684142  0.732630  0.792007  0.301428  0.544547 
3  0.457916  0.675513  0.835846 0.0  0.485837  0.737494  0.739687  0.756784  0.385037  0.623085  0.772135  0.661268  0.638293  0.410084  0.719597  0.663091  0.676851  0.789419  0.340061  0.540325  0.554867  0.512082  0.517381  0.841413  0.575873  0.469248  0.458077  0.410910  0.626746  0.609500  0.597367  0.702172  0.462335  0.641118  0.492235  0.668444  0.545887  0.448012  0.527965  0.554255  0.727138  0.518411  0.445881  0.364425  0.521927  0.584577  0.475788  0.359357  0.520231  0.589757  0.427498  0.716902  0.508568  0.314471  0.593472  0.431741  0.320448  0.589966  0.770640  0.653855 
4  0.594598  0.702908  0.558332  0.485837 0.0  0.607952  0.667859  0.580050  0.615705  0.468724  0.690219  0.560632  0.477678  0.518027  0.623823  0.742657  0.685641  0.593460  0.673337  0.696895  0.621433  0.504238  0.527592  0.656912  0.530090  0.606453  0.591871  0.629031  0.601258  0.573990  0.564623  0.521698  0.575069  0.468638  0.453186  0.599273  0.550638  0.583469  0.512817  0.665577  0.640495  0.608198  0.546299  0.596651  0.550351  0.615457  0.525854  0.591917  0.417588  0.644185  0.581300  0.611122  0.588063  0.535189  0.639883  0.588607  0.593895  0.641174  0.589572  0.631429 
5  0.701779  0.424984  0.512555  0.737494  0.607952 0.0  0.405777  0.489671  0.678551  0.619439  0.584889  0.484465  0.853272  0.657894  0.486257  0.678089  0.647728  0.529222  0.872879  0.696546  0.805965  0.597422  0.686638  0.461082  0.722152  0.741723  0.784471  0.827713  0.732294  0.665689  0.675605  0.592341  0.832460  0.717656  0.705935  0.747807  0.770244  0.774476  0.757705  0.849516  0.648263  0.752933  0.718688  0.676929  0.846973  0.633004  0.792268  0.701854  0.719317  0.792986  0.849650  0.751983  0.737160  0.768636  0.790687  0.672502  0.748815  0.749224  0.509788  0.729885 
6  0.875816  0.380472  0.501365  0.739687  0.667859  0.405777 0.0  0.489915  0.734156  0.616658  0.597717  0.401200  0.682610  0.805138  0.423267  0.763907  0.646797  0.343018  0.763667  0.503000  0.677200  0.797829  0.583607  0.459401  0.783894  0.863301  0.790691  0.836888  0.568947  0.807760  0.542573  0.479065  0.814410  0.661720  0.744936  0.575729  0.851931  0.828028  0.752673  0.635794  0.402713  0.710805  0.781141  0.723346  0.713744  0.708367  0.679048  0.659437  0.685063  0.718724  0.730444  0.610446  0.810271  0.824932  0.585303  0.820898  0.757033  0.748728  0.355716  0.640836 
7  0.857141  0.341756  0.589970  0.756784  0.580050  0.489671  0.489915 0.0  0.753451  0.692658  0.689228  0.461063  0.744978  0.714134  0.389928  0.767175  0.681994  0.372462  0.787959  0.666253  0.663743  0.744552  0.672348  0.535695  0.850901  0.778596  0.839101  0.877026  0.734931  0.608005  0.563637  0.445384  0.686313  0.558695  0.803884  0.597292  0.724690  0.787061  0.841853  0.701069  0.423726  0.721660  0.878323  0.776832  0.809555  0.898716  0.814623  0.760808  0.708650  0.688845  0.811611  0.712105  0.745888  0.855312  0.831965  0.700084  0.690982  0.666715  0.434617  0.799233 
8  0.509464  0.812168  0.659431  0.385037  0.615705  0.678551  0.734156  0.753451 0.0  0.609898  0.723197  0.743547  0.540035  0.339253  0.621793  0.805891  0.644917  0.731004  0.490770  0.537122  0.754394  0.375992  0.540225  0.761678  0.688771  0.493421  0.478632  0.574415  0.715646  0.548255  0.521707  0.588419  0.332498  0.711267  0.248612  0.741848  0.302056  0.560183  0.387469  0.488973  0.714979  0.508934  0.364973  0.398094  0.535334  0.585615  0.483164  0.529277  0.539994  0.493742  0.491707  0.753278  0.188509  0.452671  0.679498  0.509971  0.472514  0.429568  0.778265  0.569077 
9  0.565703  0.761595  0.578399  0.623085  0.468724  0.619439  0.616658  0.692658  0.609898 0.0  0.704037  0.613451  0.672756  0.602149  0.643043  0.660563  0.695245  0.643729  0.563335  0.503635  0.616461  0.585636  0.475164  0.718083  0.569430  0.515923  0.640585  0.618024  0.599032  0.724485  0.495854  0.611773  0.588429  0.513717  0.456904  0.597957  0.604524  0.543650  0.595341  0.584029  0.520987  0.501930  0.510348  0.546502  0.590782  0.528108  0.551939  0.562205  0.532086  0.482738  0.746495  0.599252  0.608068  0.542027  0.551758  0.578019  0.505890  0.604104  0.684293  0.548868 
10  0.781540  0.665606  0.638385  0.772135  0.690219  0.584889  0.597717  0.689228  0.723197  0.704037 0.0  0.695769  0.638378  0.711972  0.752795  0.666497  0.778679  0.662744  0.832471  0.523501  0.761734  0.684534  0.587524  0.724474  0.807420  0.722471  0.791851  0.762043  0.800781  0.714283  0.699604  0.732070  0.712875  0.809823  0.792079  0.644335  0.708475  0.785025  0.754256  0.667432  0.730668  0.660090  0.768740  0.813637  0.760141  0.746967  0.717332  0.820843  0.728218  0.809480  0.713094  0.661418  0.734746  0.712441  0.710029  0.674271  0.700054  0.747178  0.657523  0.640219 
11  0.685954  0.394263  0.326953  0.661268  0.560632  0.484465  0.401200  0.461063  0.743547  0.613451  0.695769 0.0  0.553245  0.704796  0.446980  0.613012  0.782590  0.397659  0.855774  0.644802  0.743065  0.781031  0.703697  0.617570  0.655903  0.774650  0.648870  0.662004  0.480428  1.000000  0.483640  0.320031  0.719090  0.517351  0.823324  0.655876  0.757163  0.729615  0.815696  0.667594  0.237344  0.648087  0.729132  0.647561  0.823651  0.667435  0.616236  0.703375  0.703086  0.672758  0.695909  0.758433  0.647357  0.708654  0.521715  0.723573  0.765666  0.799880  0.340759  0.615136 
12  0.527837  0.676092  0.693315  0.638293  0.477678  0.853272  0.682610  0.744978  0.540035  0.672756  0.638378  0.553245 0.0  0.489744  0.638552  0.732749  0.711583  0.734797  0.666951  0.487799  0.509965  0.416430  0.656779  0.757418  0.854853  0.515683  0.632440  0.629729  0.543396  0.588158  0.689915  0.619681  0.455817  0.667844  0.497611  0.653066  0.458331  0.588836  0.393353  0.302789  0.656636  0.369732  0.657507  0.484656  0.609407  0.574222  0.486431  0.598301  0.572176  0.510877  0.501497  0.620834  0.466262  0.630387  0.501029  0.572179  0.580556  0.510013  0.687960  0.433456 
13  0.476765  0.805123  0.719933  0.410084  0.518027  0.657894  0.805138  0.714134  0.339253  0.602149  0.711972  0.704796  0.489744 0.0  0.606912  0.753719  0.674974  0.778768  0.466919  0.566729  0.689686  0.435654  0.614349  0.864894  0.596581  0.442732  0.417330  0.556519  0.605588  0.528190  0.662799  0.685390  0.477505  0.640383  0.423367  0.742247  0.480446  0.461352  0.571722  0.469835  0.680394  0.603299  0.455365  0.422656  0.522199  0.482769  0.538037  0.495094  0.544804  0.460861  0.265105  0.744470  0.485851  0.512414  0.519128  0.477044  0.516256  0.581970  0.624100  0.636678 
14  0.640604  0.465788  0.371657  0.719597  0.623823  0.486257  0.423267  0.389928  0.621793  0.643043  0.752795  0.446980  0.638552  0.606912 0.0  0.753792  0.684752  0.495526  0.585845  0.524447  0.662128  0.680773  0.558400  0.561628  0.750191  0.719148  0.732363  0.797412  0.631555  0.786572  0.555612  0.316814  0.772818  0.522552  0.744302  0.625615  0.669236  0.600404  0.737386  0.680752  0.503351  0.684787  0.658157  0.806998  0.562182  0.723324  0.642318  0.733018  0.585137  0.658420  0.740286  0.554898  0.660730  0.710308  0.578618  0.639232  0.700705  0.672014  0.428967  0.541199 
15  0.794244  0.649909  0.716623  0.663091  0.742657  0.678089  0.763907  0.767175  0.805891  0.660563  0.666497  0.613012  0.732749  0.753719  0.753792 0.0  0.610339  0.607238  0.701862  0.700985  0.398684  0.720805  0.633568  0.712789  0.783242  0.708873  0.686664  0.710192  0.566321  0.757690  0.757505  0.757784  0.831700  0.768941  0.761017  0.628360  0.782951  0.740445  0.668702  0.682331  0.610136  0.679437  0.528899  0.786010  0.777859  0.690995  0.774671  0.707261  0.515465  0.645830  0.746292  0.421207  0.734534  0.617636  0.546479  0.672300  0.752709  0.683256  0.792442  0.567059 
16  0.571352  0.822141  0.629198  0.676851  0.685641  0.647728  0.646797  0.681994  0.644917  0.695245  0.778679  0.782590  0.711583  0.674974  0.684752  0.610339 0.0  0.706692  0.706022  0.677653  0.650857  0.722807  0.637989  0.742202  0.319819  0.598392  0.621800  0.682967  0.626247  0.745984  0.531450  0.660021  0.760473  0.649987  0.612847  0.655779  0.710183  0.649084  0.567760  0.673568  0.637913  0.732477  0.570946  0.682160  0.725855  0.515909  0.631133  0.582218  0.714396  0.603636  0.575408  0.618731  0.644189  0.699068  0.646678  0.622935  0.609023  0.713714  0.720943  0.641795 
17  0.798941  0.368040  0.301121  0.789419  0.593460  0.529222  0.343018  0.372462  0.731004  0.643729  0.662744  0.397659  0.734797  0.778768  0.495526  0.607238  0.706692 0.0  0.882477  0.661294  0.557018  0.759948  0.685622  0.404628  0.821458  0.765271  0.804011  0.718313  0.583582  0.700979  0.729051  0.359308  0.803518  0.567255  0.779558  0.584268  0.827019  0.863971  0.738088  0.667425  0.415139  0.744159  0.769504  0.809617  0.784573  0.699216  0.719737  0.816274  0.746909  0.793544  0.749563  0.593368  0.753499  0.927465  0.601688  0.795456  0.745843  0.704565  0.350571  0.544070 
18  0.513935  0.741681  0.796567  0.340061  0.673337  0.872879  0.763667  0.787959  0.490770  0.563335  0.832471  0.855774  0.666951  0.466919  0.585845  0.701862  0.706022  0.882477 0.0  0.657600  0.651373  0.510654  0.559956  0.737478  0.682737  0.403374  0.536604  0.360212  0.724698  0.695911  0.713121  0.704624  0.480626  0.670070  0.606776  0.616616  0.629773  0.392261  0.607823  0.571701  0.755077  0.533651  0.574677  0.578294  0.376656  0.704696  0.545719  0.526062  0.553595  0.577235  0.533524  0.657000  0.469196  0.359501  0.592462  0.572701  0.272821  0.510697  0.673395  0.549835 
19  0.711703  0.560019  0.613544  0.540325  0.696895  0.696546  0.503000  0.666253  0.537122  0.503635  0.523501  0.644802  0.487799  0.566729  0.524447  0.700985  0.677653  0.661294  0.657600 0.0  0.542470  0.616157  0.534577  0.683422  0.555062  0.637022  0.554507  0.521127  0.564061  0.603628  0.600448  0.533329  0.473271  0.643742  0.620777  0.530433  0.542146  0.595908  0.507685  0.479730  0.470114  0.590602  0.570332  0.595613  0.655916  0.603219  0.496263  0.552231  0.488060  0.612399  0.497282  0.572877  0.671542  0.562517  0.552836  0.597560  0.526357  0.581444  0.530079  0.582541 
20  0.734020  0.728410  0.539855  0.554867  0.621433  0.805965  0.677200  0.663743  0.754394  0.616461  0.761734  0.743065  0.509965  0.689686  0.662128  0.398684  0.650857  0.557018  0.651373  0.542470 0.0  0.713550  0.676086  0.815431  0.763859  0.625040  0.681659  0.708159  0.499737  0.769042  0.600165  0.551834  0.796037  0.784068  0.663839  0.686767  0.711215  0.816936  0.731767  0.717350  0.534700  0.632549  0.578978  0.780626  0.721564  0.789410  0.700891  0.701998  0.407557  0.544899  0.636544  0.364531  0.595057  0.691953  0.588265  0.732222  0.728488  0.711867  0.594892  0.372277 
21  0.569806  0.688530  0.735566  0.512082  0.504238  0.597422  0.797829  0.744552  0.375992  0.585636  0.684534  0.781031  0.416430  0.435654  0.680773  0.720805  0.722807  0.759948  0.510654  0.616157  0.713550 0.0  0.479970  0.644196  0.598063  0.462486  0.465777  0.594037  0.655421  0.501237  0.650655  0.836388  0.368026  0.720462  0.354453  0.602458  0.263616  0.581805  0.417229  0.594374  0.628142  0.456878  0.599911  0.488813  0.525239  0.635827  0.555271  0.562588  0.572232  0.420834  0.399094  0.662618  0.405763  0.588133  0.642729  0.463979  0.679587  0.450115  0.751529  0.417720 
22  0.569256  0.674382  0.650107  0.517381  0.527592  0.686638  0.583607  0.672348  0.540225  0.475164  0.587524  0.703697  0.656779  0.614349  0.558400  0.633568  0.637989  0.685622  0.559956  0.534577  0.676086  0.479970 0.0  0.654475  0.673818  0.500196  0.557405  0.667592  0.608367  0.636348  0.500063  0.634212  0.593272  0.650010  0.532862  0.687681  0.517393  0.726340  0.621592  0.654040  0.703512  0.543730  0.481959  0.503126  0.622552  0.558765  0.725955  0.599529  0.625468  0.668068  0.558708  0.613920  0.494062  0.575319  0.573537  0.604956  0.612931  0.624194  0.703290  0.572451 
23  0.750649  0.315132  0.645857  0.841413  0.656912  0.461082  0.459401  0.535695  0.761678  0.718083  0.724474  0.617570  0.757418  0.864894  0.561628  0.712789  0.742202  0.404628  0.737478  0.683422  0.815431  0.644196  0.654475 0.0  0.685079  0.836479  0.817603  0.835628  0.818153  0.677355  0.589462  0.589536  0.850069  0.524857  0.689670  0.788221  0.885295  0.730643  0.772693  0.702136  0.590579  0.711653  0.651283  0.720110  0.716521  0.637536  0.734975  0.777877  0.761066  0.704198  0.752208  0.780236  0.681594  0.675996  0.602316  0.803625  0.809607  0.699348  0.432233  0.678201 
24  0.646621  0.833190  0.688108  0.575873  0.530090  0.722152  0.783894  0.850901  0.688771  0.569430  0.807420  0.655903  0.854853  0.596581  0.750191  0.783242  0.319819  0.821458  0.682737  0.555062  0.763859  0.598063  0.673818  0.685079 0.0  0.687944  0.685961  0.745910  0.622210  0.734567  0.586597  0.642557  0.702786  0.677657  0.604504  0.608755  0.686277  0.769255  0.641473  0.666604  0.636235  0.691833  0.627059  0.646153  0.640234  0.621069  0.719185  0.679227  0.854534  0.691242  0.751544  0.494565  0.669156  0.714339  0.704422  0.736933  0.698449  0.666929  0.755909  0.800443 
25  0.227905  0.774654  0.707318  0.469248  0.606453  0.741723  0.863301  0.778596  0.493421  0.515923  0.722471  0.774650  0.515683  0.442732  0.719148  0.708873  0.598392  0.765271  0.403374  0.637022  0.625040  0.462486  0.500196  0.836479  0.687944 0.0  0.383371  0.589775  0.685117  0.690766  0.596446  0.701857  0.586551  0.662075  0.501067  0.631555  0.565985  0.475923  0.490871  0.605211  0.745795  0.599958  0.558533  0.286564  0.539480  0.635882  0.464087  0.285851  0.548062  0.537265  0.435668  0.746429  0.562670  0.439510  0.653979  0.576186  0.512546  0.636105  0.692828  0.619854 
26  0.254827  0.772649  0.783457  0.458077  0.591871  0.784471  0.790691  0.839101  0.478632  0.640585  0.791851  0.648870  0.632440  0.417330  0.732363  0.686664  0.621800  0.804011  0.536604  0.554507  0.681659  0.465777  0.557405  0.817603  0.685961  0.383371 0.0  0.522274  0.610777  0.583115  0.688195  0.723664  0.635508  0.665384  0.624641  0.631533  0.560459  0.502515  0.467038  0.604684  0.811212  0.608606  0.574683  0.322162  0.447562  0.631693  0.525472  0.352270  0.640169  0.547676  0.480041  0.662060  0.492057  0.496252  0.634332  0.354855  0.475323  0.731981  0.718632  0.733001 
27  0.560752  0.771071  0.751734  0.410910  0.629031  0.827713  0.836888  0.877026  0.574415  0.618024  0.762043  0.662004  0.629729  0.556519  0.797412  0.710192  0.682967  0.718313  0.360212  0.521127  0.708159  0.594037  0.667592  0.835628  0.745910  0.589775  0.522274 0.0  0.603094  0.648753  0.659040  0.711508  0.550017  0.769401  0.635467  0.714901  0.658923  0.505727  0.654425  0.631576  0.956855  0.623391  0.602341  0.628707  0.388348  0.700634  0.565287  0.672176  0.601544  0.523112  0.545718  0.815458  0.661125  0.453685  0.584061  0.590073  0.383783  0.533671  0.714745  0.769064 
28  0.692234  0.684187  0.546965  0.626746  0.601258  0.732294  0.568947  0.734931  0.715646  0.599032  0.800781  0.480428  0.543396  0.605588  0.631555  0.566321  0.626247  0.583582  0.724698  0.564061  0.499737  0.655421  0.608367  0.818153  0.622210  0.685117  0.610777  0.603094 0.0  0.793154  0.688395  0.522556  0.608240  0.708889  0.673963  0.423959  0.664069  0.732676  0.593434  0.535223  0.536829  0.675117  0.663400  0.704760  0.637475  0.454601  0.689130  0.580501  0.523602  0.629842  0.817460  0.510265  0.614814  0.628088  0.488476  0.643696  0.667893  0.581224  0.558630  0.542301 
29  0.586994  0.743551  0.766771  0.609500  0.573990  0.665689  0.807760  0.608005  0.548255  0.724485  0.714283  1.000000  0.588158  0.528190  0.786572  0.757690  0.745984  0.700979  0.695911  0.603628  0.769042  0.501237  0.636348  0.677355  0.734567  0.690766  0.583115  0.648753  0.793154 0.0  0.744866  0.815660  0.565641  0.715321  0.463922  0.696325  0.403658  0.669134  0.445602  0.614769  0.831693  0.540090  0.569952  0.499578  0.680165  0.761639  0.624997  0.552102  0.571280  0.642288  0.541464  0.807039  0.421986  0.649057  0.777060  0.570105  0.648663  0.462110  0.808861  0.619910 
30  0.602314  0.685013  0.503871  0.597367  0.564623  0.675605  0.542573  0.563637  0.521707  0.495854  0.699604  0.483640  0.689915  0.662799  0.555612  0.757505  0.531450  0.729051  0.713121  0.600448  0.600165  0.650655  0.500063  0.589462  0.586597  0.596446  0.688195  0.659040  0.688395  0.744866 0.0  0.587906  0.724930  0.320019  0.632988  0.661066  0.567436  0.703729  0.685851  0.615313  0.505297  0.733341  0.698763  0.670265  0.589130  0.549777  0.616193  0.652614  0.716920  0.658054  0.663475  0.677076  0.625391  0.548113  0.775904  0.566763  0.644247  0.771411  0.560953  0.630457 
31  0.723074  0.461239  0.256325  0.702172  0.521698  0.592341  0.479065  0.445384  0.588419  0.611773  0.732070  0.320031  0.619681  0.685390  0.316814  0.757784  0.660021  0.359308  0.704624  0.533329  0.551834  0.836388  0.634212  0.589536  0.642557  0.701857  0.723664  0.711508  0.522556  0.815660  0.587906 0.0  0.554968  0.537831  0.751579  0.538026  0.820106  0.867402  0.846834  0.612743  0.288632  0.722685  0.698644  0.820451  0.643501  0.687081  0.672233  0.786638  0.641024  0.666782  0.653767  0.582326  0.771678  0.797338  0.666042  0.699092  0.602475  0.730461  0.353995  0.564716 
32  0.611196  0.674552  0.656111  0.462335  0.575069  0.832460  0.814410  0.686313  0.332498  0.588429  0.712875  0.719090  0.455817  0.477505  0.772818  0.831700  0.760473  0.803518  0.480626  0.473271  0.796037  0.368026  0.593272  0.850069  0.702786  0.586551  0.635508  0.550017  0.608240  0.565641  0.724930  0.554968 0.0  0.697249  0.389446  0.678330  0.312741  0.548428  0.455681  0.553057  0.697987  0.451964  0.579560  0.462375  0.610137  0.645030  0.524335  0.599235  0.515960  0.612635  0.420036  0.672294  0.398057  0.537531  0.469774  0.536254  0.586955  0.302524  0.655946  0.489473 
33  0.706987  0.720659  0.590515  0.641118  0.468638  0.717656  0.661720  0.558695  0.711267  0.513717  0.809823  0.517351  0.667844  0.640383  0.522552  0.768941  0.649987  0.567255  0.670070  0.643742  0.784068  0.720462  0.650010  0.524857  0.677657  0.662075  0.665384  0.769401  0.708889  0.715321  0.320019  0.537831  0.697249 0.0  0.688953  0.696005  0.658797  0.607366  0.663418  0.752482  0.638076  0.758004  0.657487  0.728869  0.669061  0.628599  0.695779  0.683184  0.621057  0.663116  0.641123  0.744147  0.786023  0.622777  0.591047  0.660182  0.693024  0.716141  0.504072  0.732529 
34  0.458770  0.720055  0.709948  0.492235  0.453186  0.705935  0.744936  0.803884  0.248612  0.456904  0.792079  0.823324  0.497611  0.423367  0.744302  0.761017  0.612847  0.779558  0.606776  0.620777  0.663839  0.354453  0.532862  0.689670  0.604504  0.501067  0.624641  0.635467  0.673963  0.463922  0.632988  0.751579  0.389446  0.688953 0.0  0.742633  0.453908  0.601765  0.418456  0.535147  0.765228  0.458648  0.463509  0.542532  0.582781  0.633754  0.525492  0.528040  0.641587  0.598422  0.454661  0.693201  0.330307  0.479492  0.608887  0.564798  0.482970  0.437887  0.622731  0.466873 
35  0.576587  0.733390  0.584665  0.668444  0.599273  0.747807  0.575729  0.597292  0.741848  0.597957  0.644335  0.655876  0.653066  0.742247  0.625615  0.628360  0.655779  0.584268  0.616616  0.530433  0.686767  0.602458  0.687681  0.788221  0.608755  0.631555  0.631533  0.714901  0.423959  0.696325  0.661066  0.538026  0.678330  0.696005  0.742633 0.0  0.715941  0.637886  0.614743  0.644371  0.507395  0.622336  0.618304  0.647631  0.628949  0.514470  0.644191  0.701790  0.601263  0.639103  0.624952  0.582276  0.680797  0.593695  0.557744  0.673717  0.704126  0.711982  0.662788  0.599759 
36  0.511175  0.762350  0.768175  0.545887  0.550638  0.770244  0.851931  0.724690  0.302056  0.604524  0.708475  0.757163  0.458331  0.480446  0.669236  0.782951  0.710183  0.827019  0.629773  0.542146  0.711215  0.263616  0.517393  0.885295  0.686277  0.565985  0.560459  0.658923  0.664069  0.403658  0.567436  0.820106  0.312741  0.658797  0.453908  0.715941 0.0  0.562299  0.375158  0.379286  0.721528  0.511548  0.416926  0.444796  0.557519  0.529413  0.498219  0.514365  0.761498  0.465300  0.386246  0.699951  0.438660  0.496203  0.549669  0.477055  0.468088  0.404378  0.625156  0.592338 
37  0.421870  0.812738  0.673641  0.448012  0.583469  0.774476  0.828028  0.787061  0.560183  0.543650  0.785025  0.729615  0.588836  0.461352  0.600404  0.740445  0.649084  0.863971  0.392261  0.595908  0.816936  0.581805  0.726340  0.730643  0.769255  0.475923  0.502515  0.505727  0.732676  0.669134  0.703729  0.867402  0.548428  0.607366  0.601765  0.637886  0.562299 0.0  0.498375  0.626654  0.717339  0.621398  0.491163  0.484653  0.344815  0.652280  0.333531  0.508848  0.519439  0.620330  0.482720  0.780157  0.565695  0.455014  0.576132  0.565017  0.550630  0.633054  0.742221  0.672083 
38  0.507837  0.781880  0.777864  0.527965  0.512817  0.757705  0.752673  0.841853  0.387469  0.595341  0.754256  0.815696  0.393353  0.571722  0.737386  0.668702  0.567760  0.738088  0.607823  0.507685  0.731767  0.417229  0.621592  0.772693  0.641473  0.490871  0.467038  0.654425  0.593434  0.445602  0.685851  0.846834  0.455681  0.663418  0.418456  0.614743  0.375158  0.498375 0.0  0.412553  0.832336  0.399295  0.470896  0.531663  0.489076  0.582631  0.528987  0.477324  0.609628  0.594828  0.597157  0.737351  0.366377  0.512039  0.468105  0.490067  0.484447  0.427693  0.712342  0.618867 
39  0.632119  0.781063  0.775999  0.554255  0.665577  0.849516  0.635794  0.701069  0.488973  0.584029  0.667432  0.667594  0.302789  0.469835  0.680752  0.682331  0.673568  0.667425  0.571701  0.479730  0.717350  0.594374  0.654040  0.702136  0.666604  0.605211  0.604684  0.631576  0.535223  0.614769  0.615313  0.612743  0.553057  0.752482  0.535147  0.644371  0.379286  0.626654  0.412553 0.0  0.631689  0.347887  0.495207  0.620557  0.613465  0.722172  0.497814  0.713132  0.450661  0.609176  0.543503  0.697325  0.598103  0.649818  0.456001  0.602835  0.598565  0.592223  0.762536  0.499921 
40  0.911966  0.557300  0.322100  0.727138  0.640495  0.648263  0.402713  0.423726  0.714979  0.520987  0.730668  0.237344  0.656636  0.680394  0.503351  0.610136  0.637913  0.415139  0.755077  0.470114  0.534700  0.628142  0.703512  0.590579  0.636235  0.745795  0.811212  0.956855  0.536829  0.831693  0.505297  0.288632  0.697987  0.638076  0.765228  0.507395  0.721528  0.717339  0.832336  0.631689 0.0  0.624442  0.702597  0.761008  0.806112  0.597447  0.714848  0.626578  0.706121  0.598354  0.747377  0.562728  0.725320  0.771207  0.600765  0.680448  0.730145  0.767366  0.278129  0.591464 
41  0.567487  0.697148  0.667487  0.518411  0.608198  0.752933  0.710805  0.721660  0.508934  0.501930  0.660090  0.648087  0.369732  0.603299  0.684787  0.679437  0.732477  0.744159  0.533651  0.590602  0.632549  0.456878  0.543730  0.711653  0.691833  0.599958  0.608606  0.623391  0.675117  0.540090  0.733341  0.722685  0.451964  0.758004  0.458648  0.622336  0.511548  0.621398  0.399295  0.347887  0.624442 0.0  0.517835  0.523226  0.517318  0.753990  0.599931  0.627431  0.563891  0.543662  0.477978  0.614420  0.570915  0.594495  0.645896  0.633597  0.648443  0.571391  0.632509  0.496074 
42  0.468198  0.808804  0.674259  0.445881  0.546299  0.718688  0.781141  0.878323  0.364973  0.510348  0.768740  0.729132  0.657507  0.455365  0.658157  0.528899  0.570946  0.769504  0.574677  0.570332  0.578978  0.599911  0.481959  0.651283  0.627059  0.558533  0.574683  0.602341  0.663400  0.569952  0.698763  0.698644  0.579560  0.657487  0.463509  0.618304  0.416926  0.491163  0.470896  0.495207  0.702597  0.517835 0.0  0.573682  0.523645  0.612423  0.544582  0.489260  0.392557  0.397380  0.448842  0.522732  0.439289  0.498513  0.380370  0.262381  0.669243  0.596337  0.679226  0.705676 
43  0.392266  0.954603  0.778005  0.364425  0.596651  0.676929  0.723346  0.776832  0.398094  0.546502  0.813637  0.647561  0.484656  0.422656  0.806998  0.786010  0.682160  0.809617  0.578294  0.595613  0.780626  0.488813  0.503126  0.720110  0.646153  0.286564  0.322162  0.628707  0.704760  0.499578  0.670265  0.820451  0.462375  0.728869  0.542532  0.647631  0.444796  0.484653  0.531663  0.620557  0.761008  0.523226  0.573682 0.0  0.374818  0.718702  0.446107  0.278334  0.624253  0.513456  0.427695  0.746138  0.416543  0.395644  0.502992  0.469201  0.428195  0.589898  0.788224  0.680193 
44  0.423841  0.800922  0.775185  0.521927  0.550351  0.846973  0.713744  0.809555  0.535334  0.590782  0.760141  0.823651  0.609407  0.522199  0.562182  0.777859  0.725855  0.784573  0.376656  0.655916  0.721564  0.525239  0.622552  0.716521  0.640234  0.539480  0.447562  0.388348  0.637475  0.680165  0.589130  0.643501  0.610137  0.669061  0.582781  0.628949  0.557519  0.344815  0.489076  0.613465  0.806112  0.517318  0.523645  0.374818 0.0  0.694273  0.226878  0.557745  0.522706  0.533530  0.424838  0.717877  0.690742  0.450196  0.545670  0.488396  0.316195  0.528654  0.789210  0.564618 
45  0.555227  0.771984  0.619693  0.584577  0.615457  0.633004  0.708367  0.898716  0.585615  0.528108  0.746967  0.667435  0.574222  0.482769  0.723324  0.690995  0.515909  0.699216  0.704696  0.603219  0.789410  0.635827  0.558765  0.637536  0.621069  0.635882  0.631693  0.700634  0.454601  0.761639  0.549777  0.687081  0.645030  0.628599  0.633754  0.514470  0.529413  0.652280  0.582631  0.722172  0.597447  0.753990  0.612423  0.718702  0.694273 0.0  0.654678  0.515407  0.592705  0.483230  0.635473  0.632867  0.579456  0.642733  0.677391  0.601912  0.735490  0.724789  0.624519  0.687155 
46  0.532344  0.805427  0.759547  0.475788  0.525854  0.792268  0.679048  0.814623  0.483164  0.551939  0.717332  0.616236  0.486431  0.538037  0.642318  0.774671  0.631133  0.719737  0.545719  0.496263  0.700891  0.555271  0.725955  0.734975  0.719185  0.464087  0.525472  0.565287  0.689130  0.624997  0.616193  0.672233  0.524335  0.695779  0.525492  0.644191  0.498219  0.333531  0.528987  0.497814  0.714848  0.599931  0.544582  0.446107  0.226878  0.654678 0.0  0.449041  0.555874  0.547327  0.366634  0.627934  0.499351  0.319785  0.638741  0.401679  0.429419  0.584202  0.801340  0.599246 
47  0.343320  0.819934  0.694000  0.359357  0.591917  0.701854  0.659437  0.760808  0.529277  0.562205  0.820843  0.703375  0.598301  0.495094  0.733018  0.707261  0.582218  0.816274  0.526062  0.552231  0.701998  0.562588  0.599529  0.777877  0.679227  0.285851  0.352270  0.672176  0.580501  0.552102  0.652614  0.786638  0.599235  0.683184  0.528040  0.701790  0.514365  0.508848  0.477324  0.713132  0.626578  0.627431  0.489260  0.278334  0.557745  0.515407  0.449041 0.0  0.500329  0.517438  0.348942  0.675759  0.519492  0.452256  0.592883  0.370261  0.463536  0.587464  0.637541  0.667715 
48  0.426558  0.697864  0.631579  0.520231  0.417588  0.719317  0.685063  0.708650  0.539994  0.532086  0.728218  0.703086  0.572176  0.544804  0.585137  0.515465  0.714396  0.746909  0.553595  0.488060  0.407557  0.572232  0.625468  0.761066  0.854534  0.548062  0.640169  0.601544  0.523602  0.571280  0.716920  0.641024  0.515960  0.621057  0.641587  0.601263  0.761498  0.519439  0.609628  0.450661  0.706121  0.563891  0.392557  0.624253  0.522706  0.592705  0.555874  0.500329 0.0  0.500912  0.524256  0.586780  0.568438  0.545318  0.494132  0.456729  0.627892  0.640973  0.571506  0.666579 
49  0.625452  0.778024  0.694882  0.589757  0.644185  0.792986  0.718724  0.688845  0.493742  0.482738  0.809480  0.672758  0.510877  0.460861  0.658420  0.645830  0.603636  0.793544  0.577235  0.612399  0.544899  0.420834  0.668068  0.704198  0.691242  0.537265  0.547676  0.523112  0.629842  0.642288  0.658054  0.666782  0.612635  0.663116  0.598422  0.639103  0.465300  0.620330  0.594828  0.609176  0.598354  0.543662  0.397380  0.513456  0.533530  0.483230  0.547327  0.517438  0.500912 0.0  0.531359  0.631514  0.523085  0.545431  0.495600  0.387613  0.528091  0.691560  0.734382  0.569646 
50  0.368849  0.747113  0.845647  0.427498  0.581300  0.849650  0.730444  0.811611  0.491707  0.746495  0.713094  0.695909  0.501497  0.265105  0.740286  0.746292  0.575408  0.749563  0.533524  0.497282  0.636544  0.399094  0.558708  0.752208  0.751544  0.435668  0.480041  0.545718  0.817460  0.541464  0.663475  0.653767  0.420036  0.641123  0.454661  0.624952  0.386246  0.482720  0.597157  0.543503  0.747377  0.477978  0.448842  0.427695  0.424838  0.635473  0.366634  0.348942  0.524256  0.531359 0.0  0.595917  0.448882  0.356851  0.628567  0.584135  0.417769  0.472565  0.681803  0.727639 
51  0.702630  0.754151  0.534684  0.716902  0.611122  0.751983  0.610446  0.712105  0.753278  0.599252  0.661418  0.758433  0.620834  0.744470  0.554898  0.421207  0.618731  0.593368  0.657000  0.572877  0.364531  0.662618  0.613920  0.780236  0.494565  0.746429  0.662060  0.815458  0.510265  0.807039  0.677076  0.582326  0.672294  0.744147  0.693201  0.582276  0.699951  0.780157  0.737351  0.697325  0.562728  0.614420  0.522732  0.746138  0.717877  0.632867  0.627934  0.675759  0.586780  0.631514  0.595917 0.0  0.708576  0.738074  0.642618  0.595522  0.691005  0.818338  0.636129  0.512657 
52  0.453228  0.671670  0.648504  0.508568  0.588063  0.737160  0.810271  0.745888  0.188509  0.608068  0.734746  0.647357  0.466262  0.485851  0.660730  0.734534  0.644189  0.753499  0.469196  0.671542  0.595057  0.405763  0.494062  0.681594  0.669156  0.562670  0.492057  0.661125  0.614814  0.421986  0.625391  0.771678  0.398057  0.786023  0.330307  0.680797  0.438660  0.565695  0.366377  0.598103  0.725320  0.570915  0.439289  0.416543  0.690742  0.579456  0.499351  0.519492  0.568438  0.523085  0.448882  0.708576 0.0  0.552486  0.622401  0.451613  0.665188  0.464086  0.675962  0.572216 
53  0.391531  0.785187  0.718941  0.314471  0.535189  0.768636  0.824932  0.855312  0.452671  0.542027  0.712441  0.708654  0.630387  0.512414  0.710308  0.617636  0.699068  0.927465  0.359501  0.562517  0.691953  0.588133  0.575319  0.675996  0.714339  0.439510  0.496252  0.453685  0.628088  0.649057  0.548113  0.797338  0.537531  0.622777  0.479492  0.593695  0.496203  0.455014  0.512039  0.649818  0.771207  0.594495  0.498513  0.395644  0.450196  0.642733  0.319785  0.452256  0.545318  0.545431  0.356851  0.738074  0.552486 0.0  0.591194  0.475560  0.343597  0.606496  0.652471  0.638431 
54  0.530887  0.672546  0.703519  0.593472  0.639883  0.790687  0.585303  0.831965  0.679498  0.551758  0.710029  0.521715  0.501029  0.519128  0.578618  0.546479  0.646678  0.601688  0.592462  0.552836  0.588265  0.642729  0.573537  0.602316  0.704422  0.653979  0.634332  0.584061  0.488476  0.777060  0.775904  0.666042  0.469774  0.591047  0.608887  0.557744  0.549669  0.576132  0.468105  0.456001  0.600765  0.645896  0.380370  0.502992  0.545670  0.677391  0.638741  0.592883  0.494132  0.495600  0.628567  0.642618  0.622401  0.591194 0.0  0.433499  0.672719  0.546382  0.660177  0.521647 
55  0.419190  0.760657  0.684142  0.431741  0.588607  0.672502  0.820898  0.700084  0.509971  0.578019  0.674271  0.723573  0.572179  0.477044  0.639232  0.672300  0.622935  0.795456  0.572701  0.597560  0.732222  0.463979  0.604956  0.803625  0.736933  0.576186  0.354855  0.590073  0.643696  0.570105  0.566763  0.699092  0.536254  0.660182  0.564798  0.673717  0.477055  0.565017  0.490067  0.602835  0.680448  0.633597  0.262381  0.469201  0.488396  0.601912  0.401679  0.370261  0.456729  0.387613  0.584135  0.595522  0.451613  0.475560  0.433499 0.0  0.534577  0.644833  0.756936  0.638359 
56  0.476261  0.858848  0.732630  0.320448  0.593895  0.748815  0.757033  0.690982  0.472514  0.505890  0.700054  0.765666  0.580556  0.516256  0.700705  0.752709  0.609023  0.745843  0.272821  0.526357  0.728488  0.679587  0.612931  0.809607  0.698449  0.512546  0.475323  0.383783  0.667893  0.648663  0.644247  0.602475  0.586955  0.693024  0.482970  0.704126  0.468088  0.550630  0.484447  0.598565  0.730145  0.648443  0.669243  0.428195  0.316195  0.735490  0.429419  0.463536  0.627892  0.528091  0.417769  0.691005  0.665188  0.343597  0.672719  0.534577 0.0  0.599663  0.853211  0.696462 
57  0.667238  0.820276  0.792007  0.589966  0.641174  0.749224  0.748728  0.666715  0.429568  0.604104  0.747178  0.799880  0.510013  0.581970  0.672014  0.683256  0.713714  0.704565  0.510697  0.581444  0.711867  0.450115  0.624194  0.699348  0.666929  0.636105  0.731981  0.533671  0.581224  0.462110  0.771411  0.730461  0.302524  0.716141  0.437887  0.711982  0.404378  0.633054  0.427693  0.592223  0.767366  0.571391  0.596337  0.589898  0.528654  0.724789  0.584202  0.587464  0.640973  0.691560  0.472565  0.818338  0.464086  0.606496  0.546382  0.644833  0.599663 0.0  0.682515  0.522606 
58  0.667274  0.459078  0.301428  0.770640  0.589572  0.509788  0.355716  0.434617  0.778265  0.684293  0.657523  0.340759  0.687960  0.624100  0.428967  0.792442  0.720943  0.350571  0.673395  0.530079  0.594892  0.751529  0.703290  0.432233  0.755909  0.692828  0.718632  0.714745  0.558630  0.808861  0.560953  0.353995  0.655946  0.504072  0.622731  0.662788  0.625156  0.742221  0.712342  0.762536  0.278129  0.632509  0.679226  0.788224  0.789210  0.624519  0.801340  0.637541  0.571506  0.734382  0.681803  0.636129  0.675962  0.652471  0.660177  0.756936  0.853211  0.682515 0.0  0.569342 
59  0.637963  0.740698  0.544547  0.653855  0.631429  0.729885  0.640836  0.799233  0.569077  0.548868  0.640219  0.615136  0.433456  0.636678  0.541199  0.567059  0.641795  0.544070  0.549835  0.582541  0.372277  0.417720  0.572451  0.678201  0.800443  0.619854  0.733001  0.769064  0.542301  0.619910  0.630457  0.564716  0.489473  0.732529  0.466873  0.599759  0.592338  0.672083  0.618867  0.499921  0.591464  0.496074  0.705676  0.680193  0.564618  0.687155  0.599246  0.667715  0.666579  0.569646  0.727639  0.512657  0.572216  0.638431  0.521647  0.638359  0.696462  0.522606  0.569342 0.0 
