60
0 0.0  0.878708  0.855459  0.372888  0.602641  0.618584  0.713182  0.850769  0.496561  0.647213  0.889164  0.797976  0.564903  0.443368  0.722095  0.737299  0.642407  0.757849  0.597971  0.569782  0.647389  0.623488  0.551578  0.769372  0.693080  0.230310  0.394808  0.572228  0.624672  0.523334  0.653881  0.814780  0.612548  0.656703  0.449659  0.597980  0.588393  0.471114  0.502734  0.599855  0.829824  0.612061  0.488491  0.389624  0.518045  0.623491  0.411695  0.478632  0.598337  0.582408  0.435531  0.799483  0.518950  0.446096  0.679713  0.571009  0.422408  0.622133  0.677316  0.735813 
1  0.878708 0.0  0.424107  0.803471  0.818393  0.598761  0.414586  0.351226  0.898519  0.633830  0.763040  0.559889  0.733960  0.804138  0.449590  0.789246  0.793006  0.565541  0.841436  0.536883  0.659958  0.834648  0.759573  0.348160  0.886549  0.862976  0.764328  0.728306  0.653948  0.737577  0.600220  0.529970  0.722753  0.666814  0.880475  0.696463  0.841370  0.783738  0.831703  0.751564  0.477482  0.705718  0.722694  0.800487  0.870162  0.807148  0.837098  0.813923  0.802608  0.834679  0.759136  0.783458  0.677942  0.869351  0.750460  0.777483  0.728301  0.843171  0.466293  0.805894 
2  0.855459  0.424107 0.0  0.720277  0.570672  0.581060  0.332571  0.506639  0.818465  0.613030  0.713410  0.329264  0.711085  0.695297  0.474710  0.710309  0.763481  0.347931  0.714008  0.501600  0.549745  0.653138  0.654534  0.622609  0.635268  0.779448  0.843820  0.781743  0.455020  0.903981  0.615317  0.274304  0.774347  0.535684  0.800928  0.558756  0.797880  0.729080  0.734544  0.686946  0.251632  0.705471  0.726881  0.821442  0.705072  0.632342  0.763468  0.694680  0.623754  0.678329  0.844829  0.731310  0.755995  0.863001  0.522779  0.655212  0.788317  0.864810  0.476484  0.502531 
3  0.372888  0.803471  0.720277 0.0  0.545847  0.744962  0.805532  0.781237  0.454488  0.575641  0.755190  0.738326  0.582200  0.535512  0.701524  0.790974  0.661088  0.819359  0.417179  0.573875  0.663164  0.562631  0.635323  0.722588  0.744313  0.469695  0.436616  0.576999  0.704476  0.676562  0.551147  0.763491  0.589349  0.675242  0.463337  0.668517  0.440635  0.448558  0.413574  0.610889  0.770706  0.686538  0.462133  0.407822  0.457999  0.564999  0.381044  0.488127  0.557052  0.523721  0.506404  0.691834  0.461788  0.342742  0.616048  0.467786  0.441399  0.609093  0.703360  0.697859 
4  0.602641  0.818393  0.570672  0.545847 0.0  0.683858  0.694887  0.663954  0.558110  0.575844  0.676581  0.670710  0.563315  0.509907  0.620471  0.676143  0.645574  0.628355  0.631891  0.519406  0.686296  0.653465  0.609264  0.716351  0.641290  0.643373  0.710866  0.548089  0.673229  0.639936  0.618758  0.589553  0.599724  0.554877  0.534847  0.618071  0.483646  0.571864  0.653626  0.620582  0.570342  0.688495  0.690372  0.574849  0.627944  0.664039  0.655366  0.511276  0.563723  0.503539  0.581102  0.557491  0.632434  0.584485  0.597677  0.618890  0.554873  0.620266  0.593183  0.595135 
5  0.618584  0.598761  0.581060  0.744962  0.683858 0.0  0.489489  0.543762  0.653015  0.661424  0.660807  0.515949  0.742054  0.671402  0.544070  0.770749  0.797253  0.510958  0.860191  0.744377  0.780558  0.806893  0.681684  0.444022  0.788177  0.804433  0.910264  0.852117  0.835174  0.678101  0.534501  0.642822  0.860438  0.679317  0.768494  0.788453  0.852918  0.809535  0.675694  0.830886  0.565530  0.864904  0.820513  0.708958  0.803886  0.658501  0.768953  0.750058  0.740317  0.690993  0.714574  0.856669  0.680565  0.962211  0.899924  0.897187  0.825543  0.716938  0.475484  0.702693 
6  0.713182  0.414586  0.332571  0.805532  0.694887  0.489489 0.0  0.391101  0.753174  0.691862  0.697349  0.285159  0.812297  0.780059  0.470713  0.704166  0.681666  0.472323  0.818950  0.569016  0.699513  0.832345  0.715235  0.568055  0.761108  0.774015  0.770330  0.776382  0.670164  0.826649  0.655642  0.555913  0.716452  0.632452  0.785690  0.711832  0.772251  0.774629  0.908995  0.673552  0.441130  0.705300  0.755412  0.700646  0.748810  0.756617  0.814492  0.822902  0.747932  0.727842  0.888021  0.623279  0.784314  0.777370  0.736011  0.773459  0.768010  0.702118  0.433103  0.620580 
7  0.850769  0.351226  0.506639  0.781237  0.663954  0.543762  0.391101 0.0  0.834411  0.668417  0.797742  0.500243  0.778962  0.781540  0.367265  0.730759  0.748864  0.489504  0.848403  0.607633  0.799865  0.748665  0.800395  0.583704  0.892337  0.826462  0.895616  0.857515  0.785404  0.753036  0.709998  0.590053  0.723538  0.592919  0.933952  0.735717  0.910117  0.806960  0.772156  0.798153  0.596547  0.917258  0.753107  0.741188  0.845484  0.814552  0.920517  0.929475  0.804014  0.829215  0.801473  0.789606  0.731692  0.700337  0.751253  0.911475  0.886832  0.771708  0.553438  0.672416 
8  0.496561  0.898519  0.818465  0.454488  0.558110  0.653015  0.753174  0.834411 0.0  0.547928  0.706798  0.793519  0.464370  0.367325  0.699900  0.708709  0.589144  0.647191  0.564185  0.611621  0.747342  0.340185  0.563342  0.757374  0.643111  0.447706  0.575472  0.588457  0.597180  0.507854  0.519630  0.671507  0.417410  0.655657  0.226369  0.703241  0.296238  0.537828  0.438680  0.574503  0.789290  0.545616  0.438476  0.559485  0.602135  0.604115  0.537488  0.575632  0.428725  0.479355  0.414596  0.740544  0.204508  0.328934  0.490151  0.419689  0.668993  0.486147  0.714744  0.697231 
9  0.647213  0.633830  0.613030  0.575641  0.575844  0.661424  0.691862  0.668417  0.547928 0.0  0.712548  0.624056  0.664628  0.578233  0.508255  0.631157  0.636628  0.657477  0.713735  0.560123  0.629732  0.662375  0.648764  0.737100  0.644824  0.633819  0.634696  0.678798  0.478973  0.707441  0.667169  0.619482  0.618637  0.553789  0.617408  0.524670  0.594294  0.570354  0.561495  0.545835  0.566565  0.565571  0.640261  0.571953  0.627705  0.613930  0.676548  0.613475  0.533418  0.590750  0.588597  0.445612  0.628328  0.761817  0.653416  0.698646  0.587915  0.783961  0.659223  0.467889 
10  0.889164  0.763040  0.713410  0.755190  0.676581  0.660807  0.697349  0.797742  0.706798  0.712548 0.0  0.566538  0.636698  0.826512  0.768478  0.780550  0.781081  0.751436  0.767482  0.662937  0.843345  0.759873  0.564413  0.794643  0.795985  0.837740  0.767707  0.732204  0.725877  0.817958  0.783187  0.761321  0.742137  0.836374  0.777334  0.631515  0.741795  0.823249  0.741782  0.601297  0.785735  0.796246  0.704509  0.817111  0.802838  0.814692  0.749622  0.730350  0.666240  0.747096  0.740133  0.632146  0.769375  0.743153  0.678129  0.789161  0.861364  0.745115  0.651117  0.794237 
11  0.797976  0.559889  0.329264  0.738326  0.670710  0.515949  0.285159  0.500243  0.793519  0.624056  0.566538 0.0  0.542158  0.688409  0.441914  0.803978  0.627646  0.312767  0.788168  0.556560  0.616368  0.793393  0.706901  0.391888  0.623079  0.784943  0.643091  0.789857  0.537768  1.000000  0.514866  0.430342  0.658231  0.493702  0.778772  0.599593  0.834550  0.688114  0.689698  0.526110  0.342254  0.738298  0.751956  0.647274  0.709335  0.548596  0.724843  0.742183  0.608403  0.660768  0.574075  0.716098  0.736621  0.709711  0.664457  0.656219  0.627851  0.682677  0.176902  0.653960 
12  0.564903  0.733960  0.711085  0.582200  0.563315  0.742054  0.812297  0.778962  0.464370  0.664628  0.636698  0.542158 0.0  0.511217  0.691869  0.618207  0.692664  0.706569  0.541318  0.437357  0.700734  0.402693  0.679070  0.847692  0.829451  0.679600  0.616895  0.612539  0.665394  0.563456  0.752520  0.653820  0.418949  0.642982  0.461337  0.600759  0.389942  0.645988  0.529550  0.365657  0.656386  0.371697  0.582445  0.606791  0.725573  0.718000  0.657834  0.567689  0.538148  0.490722  0.538663  0.553116  0.510876  0.580836  0.480802  0.547295  0.604710  0.503284  0.684449  0.651312 
13  0.443368  0.804138  0.695297  0.535512  0.509907  0.671402  0.780059  0.781540  0.367325  0.578233  0.826512  0.688409  0.511217 0.0  0.710437  0.788111  0.662044  0.787146  0.621586  0.555429  0.759941  0.445733  0.687963  0.854406  0.761729  0.481255  0.545759  0.526299  0.653986  0.477735  0.712916  0.783713  0.555411  0.725416  0.474344  0.664756  0.426029  0.466113  0.515837  0.482110  0.841582  0.669600  0.467226  0.492718  0.537520  0.739819  0.519491  0.526303  0.501957  0.497173  0.302362  0.644722  0.408205  0.481631  0.667940  0.531200  0.523307  0.556692  0.677450  0.672935 
14  0.722095  0.449590  0.474710  0.701524  0.620471  0.544070  0.470713  0.367265  0.699900  0.508255  0.768478  0.441914  0.691869  0.710437 0.0  0.778016  0.620388  0.586447  0.632478  0.558761  0.770496  0.702109  0.746783  0.694973  0.790401  0.751412  0.731176  0.731844  0.531731  0.874551  0.531072  0.440712  0.627397  0.411300  0.633032  0.503916  0.778135  0.723092  0.686777  0.557207  0.349649  0.690195  0.687480  0.671478  0.732704  0.637046  0.676518  0.794986  0.734819  0.779594  0.815972  0.549411  0.798734  0.633463  0.672503  0.680127  0.692172  0.804783  0.405160  0.542205 
15  0.737299  0.789246  0.710309  0.790974  0.676143  0.770749  0.704166  0.730759  0.708709  0.631157  0.780550  0.803978  0.618207  0.788111  0.778016 0.0  0.803583  0.828801  0.627790  0.639293  0.326366  0.733477  0.756614  0.724277  0.766039  0.902277  0.815872  0.745840  0.693006  0.608255  0.839626  0.659749  0.717511  0.753553  0.724542  0.720746  0.768440  0.802041  0.713228  0.692106  0.712277  0.760980  0.669758  0.769267  0.825812  0.615573  0.715473  0.742302  0.754479  0.752691  0.855154  0.527174  0.696158  0.841330  0.501089  0.706214  0.877279  0.659406  0.798678  0.546735 
16  0.642407  0.793006  0.763481  0.661088  0.645574  0.797253  0.681666  0.748864  0.589144  0.636628  0.781081  0.627646  0.692664  0.662044  0.620388  0.803583 0.0  0.691824  0.659106  0.690084  0.724185  0.626664  0.674168  0.707009  0.244566  0.657701  0.671428  0.685918  0.691734  0.723307  0.573333  0.726078  0.761384  0.696988  0.671813  0.750979  0.617365  0.633454  0.617601  0.704032  0.654611  0.657067  0.665956  0.578659  0.656175  0.498343  0.718484  0.713714  0.707717  0.700258  0.657960  0.709082  0.727735  0.561216  0.733485  0.540491  0.692135  0.627434  0.813742  0.674832 
17  0.757849  0.565541  0.347931  0.819359  0.628355  0.510958  0.472323  0.489504  0.647191  0.657477  0.751436  0.312767  0.706569  0.787146  0.586447  0.828801  0.691824 0.0  0.832418  0.564861  0.658148  0.800364  0.780419  0.584575  0.779433  0.770192  0.840076  0.849592  0.586414  0.810336  0.739389  0.387719  0.717186  0.646757  0.888742  0.624166  0.843829  0.836203  0.760169  0.752239  0.404086  0.730486  0.694351  0.913372  0.877608  0.728283  0.718904  0.802156  0.805300  0.672213  0.732783  0.669173  0.777218  0.787572  0.710995  0.768634  0.768794  0.798898  0.355760  0.772583 
18  0.597971  0.841436  0.714008  0.417179  0.631891  0.860191  0.818950  0.848403  0.564185  0.713735  0.767482  0.788168  0.541318  0.621586  0.632478  0.627790  0.659106  0.832418 0.0  0.617251  0.754102  0.703939  0.680247  0.762643  0.693502  0.454276  0.428797  0.381190  0.696244  0.674628  0.780563  0.751022  0.711717  0.686849  0.534421  0.698017  0.603449  0.482224  0.521653  0.524638  0.788125  0.601739  0.625115  0.441019  0.341860  0.625823  0.346955  0.556105  0.605340  0.664020  0.505796  0.694565  0.624171  0.433189  0.708904  0.647826  0.274992  0.456851  0.586280  0.772061 
19  0.569782  0.536883  0.501600  0.573875  0.519406  0.744377  0.569016  0.607633  0.611621  0.560123  0.662937  0.556560  0.437357  0.555429  0.558761  0.639293  0.690084  0.564861  0.617251 0.0  0.447857  0.639637  0.572212  0.776472  0.651605  0.691628  0.634800  0.618887  0.657490  0.776956  0.598279  0.503982  0.557930  0.629517  0.564048  0.636045  0.541519  0.745980  0.543540  0.506618  0.538947  0.528482  0.637623  0.457656  0.501767  0.592052  0.502299  0.684887  0.523672  0.664238  0.642118  0.589874  0.522054  0.594289  0.613490  0.523604  0.637822  0.620176  0.597011  0.622538 
20  0.647389  0.659958  0.549745  0.663164  0.686296  0.780558  0.699513  0.799865  0.747342  0.629732  0.843345  0.616368  0.700734  0.759941  0.770496  0.326366  0.724185  0.658148  0.754102  0.447857 0.0  0.781534  0.552560  0.794288  0.619824  0.728610  0.728200  0.742053  0.524285  0.903021  0.645504  0.496608  0.730462  0.744700  0.793936  0.585368  0.849501  0.826317  0.769281  0.689686  0.515414  0.673237  0.553117  0.702247  0.662149  0.722639  0.717561  0.806810  0.513476  0.601636  0.735818  0.463000  0.714866  0.664627  0.530939  0.627218  0.749430  0.817512  0.739991  0.546769 
21  0.623488  0.834648  0.653138  0.562631  0.653465  0.806893  0.832345  0.748665  0.340185  0.662375  0.759873  0.793393  0.402693  0.445733  0.702109  0.733477  0.626664  0.800364  0.703939  0.639637  0.781534 0.0  0.565935  0.808008  0.667811  0.473816  0.517228  0.583611  0.703824  0.485527  0.585384  0.853604  0.377582  0.688961  0.375310  0.666826  0.239359  0.578760  0.387834  0.489561  0.708556  0.503628  0.453958  0.468364  0.572191  0.568585  0.499662  0.440330  0.509391  0.560165  0.369053  0.739332  0.349240  0.477797  0.577895  0.458043  0.660764  0.410237  0.727863  0.494377 
22  0.551578  0.759573  0.654534  0.635323  0.609264  0.681684  0.715235  0.800395  0.563342  0.648764  0.564413  0.706901  0.679070  0.687963  0.746783  0.756614  0.674168  0.780419  0.680247  0.572212  0.552560  0.565935 0.0  0.557743  0.624314  0.583128  0.620413  0.638247  0.667589  0.714986  0.648814  0.718808  0.679160  0.698612  0.526864  0.567974  0.547901  0.679280  0.616115  0.635169  0.654727  0.571153  0.542004  0.602991  0.638843  0.490355  0.654883  0.521417  0.676223  0.660376  0.552006  0.707290  0.409157  0.588195  0.702004  0.606964  0.759557  0.773910  0.723552  0.683936 
23  0.769372  0.348160  0.622609  0.722588  0.716351  0.444022  0.568055  0.583704  0.757374  0.737100  0.794643  0.391888  0.847692  0.854406  0.694973  0.724277  0.707009  0.584575  0.762643  0.776472  0.794288  0.808008  0.557743 0.0  0.804564  0.785126  0.788147  0.872797  0.751081  0.694303  0.541166  0.529025  0.737595  0.646414  0.691243  0.791483  0.787781  0.866711  0.724026  0.845479  0.554212  0.891071  0.671903  0.760873  0.817028  0.737859  0.774476  0.773934  0.847722  0.721343  0.658748  0.793560  0.648045  0.818416  0.756946  0.708511  0.881586  0.764071  0.495104  0.770603 
24  0.693080  0.886549  0.635268  0.744313  0.641290  0.788177  0.761108  0.892337  0.643111  0.644824  0.795985  0.623079  0.829451  0.761729  0.790401  0.766039  0.244566  0.779433  0.693502  0.651605  0.619824  0.667811  0.624314  0.804564 0.0  0.709250  0.737547  0.762279  0.765455  0.836072  0.656181  0.642054  0.730149  0.785809  0.720085  0.721407  0.564917  0.658992  0.664143  0.702880  0.770704  0.670869  0.672687  0.670266  0.675172  0.799556  0.681357  0.730430  0.781947  0.658122  0.672045  0.774521  0.590519  0.646032  0.643589  0.761649  0.707758  0.803994  0.870267  0.656163 
25  0.230310  0.862976  0.779448  0.469695  0.643373  0.804433  0.774015  0.826462  0.447706  0.633819  0.837740  0.784943  0.679600  0.481255  0.751412  0.902277  0.657701  0.770192  0.454276  0.691628  0.728610  0.473816  0.583128  0.785126  0.709250 0.0  0.443227  0.562203  0.678779  0.588298  0.672379  0.733082  0.520642  0.706761  0.614767  0.600608  0.467861  0.412811  0.463266  0.550536  0.726916  0.563967  0.561861  0.271384  0.414376  0.635630  0.442350  0.403712  0.687354  0.515122  0.445983  0.748232  0.600353  0.525214  0.532813  0.515368  0.477608  0.733311  0.715268  0.597858 
26  0.394808  0.764328  0.843820  0.436616  0.710866  0.910264  0.770330  0.895616  0.575472  0.634696  0.767707  0.643091  0.616895  0.545759  0.731176  0.815872  0.671428  0.840076  0.428797  0.634800  0.728200  0.517228  0.620413  0.788147  0.737547  0.443227 0.0  0.561789  0.757797  0.584188  0.725417  0.755499  0.575001  0.746074  0.570355  0.672533  0.607935  0.383078  0.631542  0.666981  0.813517  0.584300  0.591522  0.398790  0.386629  0.713119  0.456200  0.432011  0.610021  0.537819  0.510310  0.743071  0.600824  0.416685  0.579754  0.503417  0.446272  0.724539  0.731413  0.754646 
27  0.572228  0.728306  0.781743  0.576999  0.548089  0.852117  0.776382  0.857515  0.588457  0.678798  0.732204  0.789857  0.612539  0.526299  0.731844  0.745840  0.685918  0.849592  0.381190  0.618887  0.742053  0.583611  0.638247  0.872797  0.762279  0.562203  0.561789 0.0  0.744092  0.733043  0.676493  0.741977  0.624100  0.707232  0.724596  0.640251  0.565587  0.500635  0.763023  0.559191  0.903331  0.580123  0.539607  0.555682  0.379722  0.741254  0.485555  0.506426  0.612155  0.682559  0.629436  0.645249  0.649766  0.512130  0.729347  0.541846  0.522966  0.681254  0.727565  0.706051 
28  0.624672  0.653948  0.455020  0.704476  0.673229  0.835174  0.670164  0.785404  0.597180  0.478973  0.725877  0.537768  0.665394  0.653986  0.531731  0.693006  0.691734  0.586414  0.696244  0.657490  0.524285  0.703824  0.667589  0.751081  0.765455  0.678779  0.757797  0.744092 0.0  0.809175  0.620039  0.471946  0.542764  0.701205  0.642914  0.286214  0.679643  0.570442  0.653144  0.443153  0.587369  0.644463  0.655433  0.623251  0.585058  0.480104  0.716379  0.574357  0.498757  0.578349  0.572615  0.573424  0.682399  0.699082  0.513301  0.754562  0.729485  0.685349  0.675015  0.672416 
29  0.523334  0.737577  0.903981  0.676562  0.639936  0.678101  0.826649  0.753036  0.507854  0.707441  0.817958  1.000000  0.563456  0.477735  0.874551  0.608255  0.723307  0.810336  0.674628  0.776956  0.903021  0.485527  0.714986  0.694303  0.836072  0.588298  0.584188  0.733043  0.809175 0.0  0.820853  0.812766  0.491473  0.812825  0.362269  0.717476  0.432612  0.702312  0.465262  0.671105  0.799958  0.652338  0.496471  0.561441  0.771001  0.727437  0.759728  0.574258  0.706933  0.689753  0.644285  0.848897  0.575319  0.651260  0.781290  0.562958  0.647444  0.391333  0.976556  0.630256 
30  0.653881  0.600220  0.615317  0.551147  0.618758  0.534501  0.655642  0.709998  0.519630  0.667169  0.783187  0.514866  0.752520  0.712916  0.531072  0.839626  0.573333  0.739389  0.780563  0.598279  0.645504  0.585384  0.648814  0.541166  0.656181  0.672379  0.725417  0.676493  0.620039  0.820853 0.0  0.581856  0.835570  0.352931  0.722868  0.634613  0.701648  0.763956  0.701326  0.655796  0.570776  0.682388  0.695332  0.667433  0.678186  0.573050  0.646218  0.632551  0.706480  0.676908  0.613282  0.753412  0.565791  0.572540  0.682404  0.657054  0.624379  0.653226  0.575426  0.680268 
31  0.814780  0.529970  0.274304  0.763491  0.589553  0.642822  0.555913  0.590053  0.671507  0.619482  0.761321  0.430342  0.653820  0.783713  0.440712  0.659749  0.726078  0.387719  0.751022  0.503982  0.496608  0.853604  0.718808  0.529025  0.642054  0.733082  0.755499  0.741977  0.471946  0.812766  0.581856 0.0  0.614681  0.572423  0.762410  0.581066  0.814587  0.815762  0.725867  0.765651  0.274342  0.660409  0.750842  0.725867  0.792831  0.673291  0.749265  0.894109  0.690623  0.806574  0.699615  0.686455  0.729276  0.861316  0.676239  0.815051  0.715477  0.830432  0.462036  0.567751 
32  0.612548  0.722753  0.774347  0.589349  0.599724  0.860438  0.716452  0.723538  0.417410  0.618637  0.742137  0.658231  0.418949  0.555411  0.627397  0.717511  0.761384  0.717186  0.711717  0.557930  0.730462  0.377582  0.679160  0.737595  0.730149  0.520642  0.575001  0.624100  0.542764  0.491473  0.835570  0.614681 0.0  0.743251  0.376274  0.711150  0.365273  0.645267  0.465965  0.529933  0.795729  0.511865  0.457899  0.663069  0.507378  0.638789  0.510235  0.580997  0.550753  0.509472  0.519326  0.702711  0.433758  0.580190  0.681948  0.742360  0.669107  0.430063  0.670249  0.441972 
33  0.656703  0.666814  0.535684  0.675242  0.554877  0.679317  0.632452  0.592919  0.655657  0.553789  0.836374  0.493702  0.642982  0.725416  0.411300  0.753553  0.696988  0.646757  0.686849  0.629517  0.744700  0.688961  0.698612  0.646414  0.785809  0.706761  0.746074  0.707232  0.701205  0.812825  0.352931  0.572423  0.743251 0.0  0.653311  0.807852  0.509929  0.759626  0.637704  0.721880  0.666089  0.762083  0.616206  0.698007  0.660237  0.700355  0.538602  0.776952  0.642983  0.729699  0.716824  0.748385  0.553589  0.658959  0.689424  0.662426  0.610556  0.735465  0.508512  0.747093 
34  0.449659  0.880475  0.800928  0.463337  0.534847  0.768494  0.785690  0.933952  0.226369  0.617408  0.777334  0.778772  0.461337  0.474344  0.633032  0.724542  0.671813  0.888742  0.534421  0.564048  0.793936  0.375310  0.526864  0.691243  0.720085  0.614767  0.570355  0.724596  0.642914  0.362269  0.722868  0.762410  0.376274  0.653311 0.0  0.676560  0.297002  0.552834  0.462934  0.571010  0.815308  0.449318  0.435439  0.498649  0.630126  0.551215  0.533624  0.579305  0.561863  0.501922  0.535187  0.658348  0.332182  0.457436  0.606067  0.445287  0.523765  0.418077  0.696383  0.535245 
35  0.597980  0.696463  0.558756  0.668517  0.618071  0.788453  0.711832  0.735717  0.703241  0.524670  0.631515  0.599593  0.600759  0.664756  0.503916  0.720746  0.750979  0.624166  0.698017  0.636045  0.585368  0.666826  0.567974  0.791483  0.721407  0.600608  0.672533  0.640251  0.286214  0.717476  0.634613  0.581066  0.711150  0.807852  0.676560 0.0  0.710730  0.715158  0.779022  0.628422  0.575917  0.613299  0.719600  0.659616  0.797543  0.523515  0.688765  0.783350  0.593470  0.622299  0.617288  0.577581  0.686206  0.701146  0.562460  0.635395  0.631177  0.676635  0.524419  0.528129 
36  0.588393  0.841370  0.797880  0.440635  0.483646  0.852918  0.772251  0.910117  0.296238  0.594294  0.741795  0.834550  0.389942  0.426029  0.778135  0.768440  0.617365  0.843829  0.603449  0.541519  0.849501  0.239359  0.547901  0.787781  0.564917  0.467861  0.607935  0.565587  0.679643  0.432612  0.701648  0.814587  0.365273  0.509929  0.297002  0.710730 0.0  0.593338  0.368093  0.495306  0.706949  0.419484  0.455283  0.509421  0.560232  0.500809  0.560105  0.483562  0.709881  0.610570  0.446493  0.774738  0.332299  0.571405  0.585851  0.461855  0.600685  0.410198  0.599838  0.703773 
37  0.471114  0.783738  0.729080  0.448558  0.571864  0.809535  0.774629  0.806960  0.537828  0.570354  0.823249  0.688114  0.645988  0.466113  0.723092  0.802041  0.633454  0.836203  0.482224  0.745980  0.826317  0.578760  0.679280  0.866711  0.658992  0.412811  0.383078  0.500635  0.570442  0.702312  0.763956  0.815762  0.645267  0.759626  0.552834  0.715158  0.593338 0.0  0.599176  0.658274  0.746485  0.583534  0.594099  0.550731  0.325511  0.743405  0.214543  0.503078  0.658918  0.650356  0.465911  0.702721  0.533709  0.487937  0.662018  0.553967  0.394024  0.668301  0.727408  0.726212 
38  0.502734  0.831703  0.734544  0.413574  0.653626  0.675694  0.908995  0.772156  0.438680  0.561495  0.741782  0.689698  0.529550  0.515837  0.686777  0.713228  0.617601  0.760169  0.521653  0.543540  0.769281  0.387834  0.616115  0.724026  0.664143  0.463266  0.631542  0.763023  0.653144  0.465262  0.701326  0.725867  0.465965  0.637704  0.462934  0.779022  0.368093  0.599176 0.0  0.480428  0.799642  0.478573  0.528771  0.525300  0.580066  0.652411  0.605622  0.471205  0.599729  0.460020  0.485481  0.612694  0.526244  0.475215  0.566963  0.481327  0.444808  0.498043  0.704010  0.586838 
39  0.599855  0.751564  0.686946  0.610889  0.620582  0.830886  0.673552  0.798153  0.574503  0.545835  0.601297  0.526110  0.365657  0.482110  0.557207  0.692106  0.704032  0.752239  0.524638  0.506618  0.689686  0.489561  0.635169  0.845479  0.702880  0.550536  0.666981  0.559191  0.443153  0.671105  0.655796  0.765651  0.529933  0.721880  0.571010  0.628422  0.495306  0.658274  0.480428 0.0  0.663809  0.298466  0.507393  0.653392  0.642766  0.689208  0.584768  0.508316  0.456272  0.648134  0.517561  0.613185  0.514000  0.639224  0.562717  0.629932  0.660188  0.624528  0.791581  0.472688 
40  0.829824  0.477482  0.251632  0.770706  0.570342  0.565530  0.441130  0.596547  0.789290  0.566565  0.785735  0.342254  0.656386  0.841582  0.349649  0.712277  0.654611  0.404086  0.788125  0.538947  0.515414  0.708556  0.654727  0.554212  0.770704  0.726916  0.813517  0.903331  0.587369  0.799958  0.570776  0.274342  0.795729  0.666089  0.815308  0.575917  0.706949  0.746485  0.799642  0.663809 0.0  0.704469  0.690781  0.781099  0.785323  0.640613  0.697300  0.673608  0.704788  0.698831  0.757933  0.604726  0.787616  0.719966  0.579987  0.731152  0.796676  0.825342  0.423927  0.599789 
41  0.612061  0.705718  0.705471  0.686538  0.688495  0.864904  0.705300  0.917258  0.545616  0.565571  0.796246  0.738298  0.371697  0.669600  0.690195  0.760980  0.657067  0.730486  0.601739  0.528482  0.673237  0.503628  0.571153  0.891071  0.670869  0.563967  0.584300  0.580123  0.644463  0.652338  0.682388  0.660409  0.511865  0.762083  0.449318  0.613299  0.419484  0.583534  0.478573  0.298466  0.704469 0.0  0.504347  0.583727  0.624442  0.759149  0.567427  0.651776  0.495892  0.561572  0.506276  0.691131  0.499706  0.615506  0.526313  0.496901  0.753914  0.565050  0.737881  0.518223 
42  0.488491  0.722694  0.726881  0.462133  0.690372  0.820513  0.755412  0.753107  0.438476  0.640261  0.704509  0.751956  0.582445  0.467226  0.687480  0.669758  0.665956  0.694351  0.625115  0.637623  0.553117  0.453958  0.542004  0.671903  0.672687  0.561861  0.591522  0.539607  0.655433  0.496471  0.695332  0.750842  0.457899  0.616206  0.435439  0.719600  0.455283  0.594099  0.528771  0.507393  0.690781  0.504347 0.0  0.521038  0.513131  0.576795  0.543307  0.599941  0.447396  0.355788  0.602602  0.722747  0.565806  0.484576  0.421039  0.389730  0.713635  0.647977  0.802671  0.576797 
43  0.389624  0.800487  0.821442  0.407822  0.574849  0.708958  0.700646  0.741188  0.559485  0.571953  0.817111  0.647274  0.606791  0.492718  0.671478  0.769267  0.578659  0.913372  0.441019  0.457656  0.702247  0.468364  0.602991  0.760873  0.670266  0.271384  0.398790  0.555682  0.623251  0.561441  0.667433  0.725867  0.663069  0.698007  0.498649  0.659616  0.509421  0.550731  0.525300  0.653392  0.781099  0.583727  0.521038 0.0  0.557854  0.549788  0.370417  0.331224  0.658639  0.563173  0.554955  0.671301  0.506923  0.457946  0.620312  0.479213  0.478123  0.556744  0.775526  0.642400 
44  0.518045  0.870162  0.705072  0.457999  0.627944  0.803886  0.748810  0.845484  0.602135  0.627705  0.802838  0.709335  0.725573  0.537520  0.732704  0.825812  0.656175  0.877608  0.341860  0.501767  0.662149  0.572191  0.638843  0.817028  0.675172  0.414376  0.386629  0.379722  0.585058  0.771001  0.678186  0.792831  0.507378  0.660237  0.630126  0.797543  0.560232  0.325511  0.580066  0.642766  0.785323  0.624442  0.513131  0.557854 0.0  0.697372  0.263252  0.486606  0.648665  0.601464  0.424891  0.807520  0.551910  0.447706  0.612505  0.458146  0.409284  0.501863  0.624693  0.548369 
45  0.623491  0.807148  0.632342  0.564999  0.664039  0.658501  0.756617  0.814552  0.604115  0.613930  0.814692  0.548596  0.718000  0.739819  0.637046  0.615573  0.498343  0.728283  0.625823  0.592052  0.722639  0.568585  0.490355  0.737859  0.799556  0.635630  0.713119  0.741254  0.480104  0.727437  0.573050  0.673291  0.638789  0.700355  0.551215  0.523515  0.500809  0.743405  0.652411  0.689208  0.640613  0.759149  0.576795  0.549788  0.697372 0.0  0.618695  0.676169  0.619496  0.546143  0.609153  0.631015  0.612632  0.666460  0.670510  0.481579  0.752289  0.749150  0.640724  0.640333 
46  0.411695  0.837098  0.763468  0.381044  0.655366  0.768953  0.814492  0.920517  0.537488  0.676548  0.749622  0.724843  0.657834  0.519491  0.676518  0.715473  0.718484  0.718904  0.346955  0.502299  0.717561  0.499662  0.654883  0.774476  0.681357  0.442350  0.456200  0.485555  0.716379  0.759728  0.646218  0.749265  0.510235  0.538602  0.533624  0.688765  0.560105  0.214543  0.605622  0.584768  0.697300  0.567427  0.543307  0.370417  0.263252  0.618695 0.0  0.513336  0.390201  0.577219  0.456724  0.686972  0.548164  0.445222  0.576208  0.517617  0.338503  0.559314  0.721001  0.736132 
47  0.478632  0.813923  0.694680  0.488127  0.511276  0.750058  0.822902  0.929475  0.575632  0.613475  0.730350  0.742183  0.567689  0.526303  0.794986  0.742302  0.713714  0.802156  0.556105  0.684887  0.806810  0.440330  0.521417  0.773934  0.730430  0.403712  0.432011  0.506426  0.574357  0.574258  0.632551  0.894109  0.580997  0.776952  0.579305  0.783350  0.483562  0.503078  0.471205  0.508316  0.673608  0.651776  0.599941  0.331224  0.486606  0.676169  0.513336 0.0  0.506312  0.467320  0.480546  0.653732  0.563636  0.486285  0.566979  0.441374  0.517629  0.737941  0.598759  0.664049 
48  0.598337  0.802608  0.623754  0.557052  0.563723  0.740317  0.747932  0.804014  0.428725  0.533418  0.666240  0.608403  0.538148  0.501957  0.734819  0.754479  0.707717  0.805300  0.605340  0.523672  0.513476  0.509391  0.676223  0.847722  0.781947  0.687354  0.610021  0.612155  0.498757  0.706933  0.706480  0.690623  0.550753  0.642983  0.561863  0.593470  0.709881  0.658918  0.599729  0.456272  0.704788  0.495892  0.447396  0.658639  0.648665  0.619496  0.390201  0.506312 0.0  0.500065  0.662952  0.413670  0.569433  0.667143  0.404217  0.456397  0.569851  0.608489  0.512881  0.725225 
49  0.582408  0.834679  0.678329  0.523721  0.503539  0.690993  0.727842  0.829215  0.479355  0.590750  0.747096  0.660768  0.490722  0.497173  0.779594  0.752691  0.700258  0.672213  0.664020  0.664238  0.601636  0.560165  0.660376  0.721343  0.658122  0.515122  0.537819  0.682559  0.578349  0.689753  0.676908  0.806574  0.509472  0.729699  0.501922  0.622299  0.610570  0.650356  0.460020  0.648134  0.698831  0.561572  0.355788  0.563173  0.601464  0.546143  0.577219  0.467320  0.500065 0.0  0.485441  0.630946  0.496440  0.469869  0.557351  0.407362  0.520734  0.616186  0.688905  0.594565 
50  0.435531  0.759136  0.844829  0.506404  0.581102  0.714574  0.888021  0.801473  0.414596  0.588597  0.740133  0.574075  0.538663  0.302362  0.815972  0.855154  0.657960  0.732783  0.505796  0.642118  0.735818  0.369053  0.552006  0.658748  0.672045  0.445983  0.510310  0.629436  0.572615  0.644285  0.613282  0.699615  0.519326  0.716824  0.535187  0.617288  0.446493  0.465911  0.485481  0.517561  0.757933  0.506276  0.602602  0.554955  0.424891  0.609153  0.456724  0.480546  0.662952  0.485441 0.0  0.735151  0.496797  0.416343  0.493666  0.492502  0.462020  0.400361  0.794988  0.673824 
51  0.799483  0.783458  0.731310  0.691834  0.557491  0.856669  0.623279  0.789606  0.740544  0.445612  0.632146  0.716098  0.553116  0.644722  0.549411  0.527174  0.709082  0.669173  0.694565  0.589874  0.463000  0.739332  0.707290  0.793560  0.774521  0.748232  0.743071  0.645249  0.573424  0.848897  0.753412  0.686455  0.702711  0.748385  0.658348  0.577581  0.774738  0.702721  0.612694  0.613185  0.604726  0.691131  0.722747  0.671301  0.807520  0.631015  0.686972  0.653732  0.413670  0.630946  0.735151 0.0  0.772885  0.685297  0.484896  0.661612  0.739462  0.786634  0.655162  0.455610 
52  0.518950  0.677942  0.755995  0.461788  0.632434  0.680565  0.784314  0.731692  0.204508  0.628328  0.769375  0.736621  0.510876  0.408205  0.798734  0.696158  0.727735  0.777218  0.624171  0.522054  0.714866  0.349240  0.409157  0.648045  0.590519  0.600353  0.600824  0.649766  0.682399  0.575319  0.565791  0.729276  0.433758  0.553589  0.332182  0.686206  0.332299  0.533709  0.526244  0.514000  0.787616  0.499706  0.565806  0.506923  0.551910  0.612632  0.548164  0.563636  0.569433  0.496440  0.496797  0.772885 0.0  0.637556  0.552193  0.527828  0.609675  0.475096  0.642454  0.468459 
53  0.446096  0.869351  0.863001  0.342742  0.584485  0.962211  0.777370  0.700337  0.328934  0.761817  0.743153  0.709711  0.580836  0.481631  0.633463  0.841330  0.561216  0.787572  0.433189  0.594289  0.664627  0.477797  0.588195  0.818416  0.646032  0.525214  0.416685  0.512130  0.699082  0.651260  0.572540  0.861316  0.580190  0.658959  0.457436  0.701146  0.571405  0.487937  0.475215  0.639224  0.719966  0.615506  0.484576  0.457946  0.447706  0.666460  0.445222  0.486285  0.667143  0.469869  0.416343  0.685297  0.637556 0.0  0.662474  0.475931  0.418727  0.649920  0.619525  0.699332 
54  0.679713  0.750460  0.522779  0.616048  0.597677  0.899924  0.736011  0.751253  0.490151  0.653416  0.678129  0.664457  0.480802  0.667940  0.672503  0.501089  0.733485  0.710995  0.708904  0.613490  0.530939  0.577895  0.702004  0.756946  0.643589  0.532813  0.579754  0.729347  0.513301  0.781290  0.682404  0.676239  0.681948  0.689424  0.606067  0.562460  0.585851  0.662018  0.566963  0.562717  0.579987  0.526313  0.421039  0.620312  0.612505  0.670510  0.576208  0.566979  0.404217  0.557351  0.493666  0.484896  0.552193  0.662474 0.0  0.496263  0.505804  0.650617  0.645923  0.528058 
55  0.571009  0.777483  0.655212  0.467786  0.618890  0.897187  0.773459  0.911475  0.419689  0.698646  0.789161  0.656219  0.547295  0.531200  0.680127  0.706214  0.540491  0.768634  0.647826  0.523604  0.627218  0.458043  0.606964  0.708511  0.761649  0.515368  0.503417  0.541846  0.754562  0.562958  0.657054  0.815051  0.742360  0.662426  0.445287  0.635395  0.461855  0.553967  0.481327  0.629932  0.731152  0.496901  0.389730  0.479213  0.458146  0.481579  0.517617  0.441374  0.456397  0.407362  0.492502  0.661612  0.527828  0.475931  0.496263 0.0  0.525640  0.635474  0.704492  0.701650 
56  0.422408  0.728301  0.788317  0.441399  0.554873  0.825543  0.768010  0.886832  0.668993  0.587915  0.861364  0.627851  0.604710  0.523307  0.692172  0.877279  0.692135  0.768794  0.274992  0.637822  0.749430  0.660764  0.759557  0.881586  0.707758  0.477608  0.446272  0.522966  0.729485  0.647444  0.624379  0.715477  0.669107  0.610556  0.523765  0.631177  0.600685  0.394024  0.444808  0.660188  0.796676  0.753914  0.713635  0.478123  0.409284  0.752289  0.338503  0.517629  0.569851  0.520734  0.462020  0.739462  0.609675  0.418727  0.505804  0.525640 0.0  0.651933  0.711957  0.674017 
57  0.622133  0.843171  0.864810  0.609093  0.620266  0.716938  0.702118  0.771708  0.486147  0.783961  0.745115  0.682677  0.503284  0.556692  0.804783  0.659406  0.627434  0.798898  0.456851  0.620176  0.817512  0.410237  0.773910  0.764071  0.803994  0.733311  0.724539  0.681254  0.685349  0.391333  0.653226  0.830432  0.430063  0.735465  0.418077  0.676635  0.410198  0.668301  0.498043  0.624528  0.825342  0.565050  0.647977  0.556744  0.501863  0.749150  0.559314  0.737941  0.608489  0.616186  0.400361  0.786634  0.475096  0.649920  0.650617  0.635474  0.651933 0.0  0.857611  0.626551 
58  0.677316  0.466293  0.476484  0.703360  0.593183  0.475484  0.433103  0.553438  0.714744  0.659223  0.651117  0.176902  0.684449  0.677450  0.405160  0.798678  0.813742  0.355760  0.586280  0.597011  0.739991  0.727863  0.723552  0.495104  0.870267  0.715268  0.731413  0.727565  0.675015  0.976556  0.575426  0.462036  0.670249  0.508512  0.696383  0.524419  0.599838  0.727408  0.704010  0.791581  0.423927  0.737881  0.802671  0.775526  0.624693  0.640724  0.721001  0.598759  0.512881  0.688905  0.794988  0.655162  0.642454  0.619525  0.645923  0.704492  0.711957  0.857611 0.0  0.614530 
59  0.735813  0.805894  0.502531  0.697859  0.595135  0.702693  0.620580  0.672416  0.697231  0.467889  0.794237  0.653960  0.651312  0.672935  0.542205  0.546735  0.674832  0.772583  0.772061  0.622538  0.546769  0.494377  0.683936  0.770603  0.656163  0.597858  0.754646  0.706051  0.672416  0.630256  0.680268  0.567751  0.441972  0.747093  0.535245  0.528129  0.703773  0.726212  0.586838  0.472688  0.599789  0.518223  0.576797  0.642400  0.548369  0.640333  0.736132  0.664049  0.725225  0.594565  0.673824  0.455610  0.468459  0.699332  0.528058  0.701650  0.674017  0.626551  0.614530 0.0 
