60
0 0.0  0.862196  0.836670  0.418866  0.574575  0.772908  0.801929  0.851404  0.462704  0.784210  0.786504  0.752048  0.718755  0.455775  0.802239  0.819106  0.745974  0.852442  0.444601  0.626774  0.799392  0.603494  0.595779  0.788179  0.676884  0.261344  0.307944  0.474475  0.610815  0.602389  0.673063  0.727545  0.541682  0.701267  0.479096  0.747066  0.677751  0.600005  0.552426  0.767205  0.772236  0.628751  0.617653  0.367288  0.508207  0.630013  0.475845  0.421149  0.538014  0.548197  0.384073  0.777795  0.581013  0.501688  0.615033  0.590120  0.511409  0.731454  0.697573  0.766045 
1  0.862196 0.0  0.653420  0.671449  0.800727  0.598778  0.439924  0.357882  0.876235  0.689351  0.824341  0.620127  0.801618  0.856434  0.449786  0.725820  0.743263  0.485946  0.864075  0.767515  0.841823  0.896804  0.752839  0.421506  0.820788  0.848332  0.915941  0.914178  0.733445  0.785221  0.708512  0.517435  0.761924  0.704639  0.870172  0.850425  0.877201  0.837378  0.941233  0.823958  0.598103  0.890313  0.890791  0.860480  0.898697  0.916553  0.943950  0.791233  0.796241  0.896870  0.785971  0.788454  0.962372  0.799586  0.763340  0.940063  0.824272  0.804352  0.499012  0.780984 
2  0.836670  0.653420 0.0  0.900253  0.699507  0.716200  0.435680  0.542970  0.844937  0.731855  0.705748  0.400728  0.768471  0.803786  0.396080  0.612466  0.689802  0.323862  0.851366  0.651981  0.659237  0.762095  0.783175  0.593058  0.769147  0.973271  0.803728  0.854165  0.559803  0.913376  0.574753  0.299999  0.730819  0.621643  0.769480  0.681640  0.761810  0.763390  0.820181  0.665830  0.307405  0.686354  0.750243  0.836717  0.844599  0.703931  0.754329  0.816924  0.688862  0.677491  0.845259  0.552139  0.805196  0.807751  0.673099  0.890886  0.845373  0.848694  0.514070  0.686867 
3  0.418866  0.671449  0.900253 0.0  0.646072  0.694264  0.849969  0.756547  0.622463  0.671834  0.805205  0.747027  0.637508  0.471683  0.741435  0.727253  0.688263  0.851910  0.428974  0.629565  0.795549  0.440923  0.652720  0.711598  0.683663  0.498386  0.345881  0.445161  0.782976  0.639722  0.544606  0.916596  0.580411  0.811427  0.676805  0.762160  0.556432  0.511659  0.561177  0.723718  0.734394  0.552988  0.581477  0.393776  0.498477  0.604235  0.630985  0.529402  0.663367  0.543769  0.533297  0.785367  0.576596  0.218739  0.597998  0.492597  0.409028  0.610064  0.878411  0.759141 
4  0.574575  0.800727  0.699507  0.646072 0.0  0.742695  0.763060  0.771866  0.558496  0.568374  0.733443  0.622178  0.547582  0.605116  0.595551  0.668922  0.676260  0.625335  0.598341  0.562430  0.653232  0.574922  0.518591  0.686226  0.759300  0.701601  0.662545  0.668548  0.678273  0.665523  0.675896  0.581400  0.688771  0.554563  0.627382  0.725875  0.667940  0.718839  0.545389  0.697690  0.614169  0.681089  0.641802  0.568140  0.588389  0.460643  0.569605  0.556645  0.553211  0.646827  0.609872  0.684335  0.695761  0.609787  0.796651  0.655083  0.673109  0.703489  0.618080  0.658075 
5  0.772908  0.598778  0.716200  0.694264  0.742695 0.0  0.535478  0.547410  0.789440  0.726983  0.898557  0.701582  0.905724  0.802481  0.598248  0.815536  0.755588  0.612829  0.808646  0.726358  0.867877  0.777198  0.799676  0.458720  0.877094  0.945666  0.885580  0.967066  0.763669  0.782927  0.694447  0.583902  0.888132  0.649566  0.759747  0.867637  0.823946  0.821341  0.870495  0.931953  0.718377  0.865835  0.810867  0.718581  0.861025  0.724540  0.804626  0.756401  0.925638  0.760712  0.916341  0.824512  0.877532  0.846636  0.859854  0.730840  0.823896  0.814562  0.441380  0.835924 
6  0.801929  0.439924  0.435680  0.849969  0.763060  0.535478 0.0  0.447234  0.748862  0.688602  0.800906  0.430403  0.723920  0.971798  0.438546  0.752492  0.719590  0.543849  0.837215  0.637359  0.722011  0.954633  0.693909  0.557898  0.832144  0.853312  0.820391  0.808976  0.721017  0.858744  0.711096  0.394877  0.744962  0.643789  0.820774  0.660111  0.911603  0.914502  0.869383  0.707912  0.383451  0.708336  0.851186  0.841152  0.867125  0.679990  0.834933  0.958618  0.729202  0.783541  0.856103  0.671639  0.934732  0.882399  0.768678  0.957028  0.859836  0.763005  0.352887  0.670829 
7  0.851404  0.357882  0.542970  0.756547  0.771866  0.547410  0.447234 0.0  0.864546  0.660812  0.934785  0.544068  0.865715  0.955854  0.528582  0.812293  0.876682  0.489547  0.801730  0.639633  0.708202  0.860797  0.789824  0.495351  0.902900  0.859176  0.947093  0.930074  0.745090  0.840692  0.712795  0.516523  0.840883  0.736864  0.915985  0.724909  0.904341  0.879863  0.930181  0.840889  0.609430  0.793285  0.938265  0.947829  1.000000  0.731050  0.778418  0.789107  0.895887  0.882349  0.818733  0.795701  0.839626  0.916539  0.793308  0.885496  0.864745  0.716198  0.505246  0.654065 
8  0.462704  0.876235  0.844937  0.622463  0.558496  0.789440  0.748862  0.864546 0.0  0.676610  0.899153  0.821228  0.548378  0.427135  0.747781  0.824447  0.734328  0.885510  0.563291  0.592696  0.813393  0.391567  0.665734  0.894413  0.777247  0.537358  0.543667  0.804582  0.673241  0.491355  0.709936  0.719442  0.388337  0.728063  0.375412  0.695730  0.468823  0.596331  0.438159  0.527045  0.794794  0.577147  0.607578  0.607204  0.637650  0.521448  0.635672  0.509782  0.464170  0.543209  0.385921  0.737799  0.195697  0.449652  0.603734  0.547100  0.648631  0.548634  0.957543  0.495200 
9  0.784210  0.689351  0.731855  0.671834  0.568374  0.726983  0.688602  0.660812  0.676610 0.0  0.778151  0.670681  0.574304  0.678428  0.625111  0.658488  0.734828  0.550097  0.550015  0.665707  0.594313  0.614402  0.578546  0.695226  0.737069  0.642761  0.560452  0.689926  0.521743  0.716807  0.672498  0.611232  0.664673  0.730448  0.588291  0.532039  0.578887  0.557043  0.663261  0.554850  0.552928  0.581396  0.592616  0.665834  0.601682  0.547342  0.665722  0.736112  0.586916  0.601959  0.653994  0.603972  0.670288  0.648392  0.632721  0.697021  0.530910  0.806191  0.537897  0.544997 
10  0.786504  0.824341  0.705748  0.805205  0.733443  0.898557  0.800906  0.934785  0.899153  0.778151 0.0  0.825345  0.688555  0.772584  0.716220  0.862485  0.997626  0.735641  0.774181  0.560443  0.895671  0.711678  0.607309  0.875832  0.871798  0.856993  0.803908  0.796111  0.690277  0.816417  0.799702  0.862462  0.724481  0.849856  0.897563  0.694881  0.823164  0.885819  0.834870  0.699136  0.891330  0.676224  0.792126  0.808969  0.888928  0.842353  0.803572  0.801192  0.758915  0.726161  0.800975  0.692894  0.711411  0.835627  0.806715  0.897690  0.753938  0.827280  0.905989  0.835232 
11  0.752048  0.620127  0.400728  0.747027  0.622178  0.701582  0.430403  0.544068  0.821228  0.670681  0.825345 0.0  0.638188  0.765836  0.413203  0.826845  0.836475  0.364121  0.910790  0.585419  0.738144  0.728710  0.697514  0.645567  0.742229  0.756795  0.883896  0.836911  0.614885  0.863820  0.715119  0.291547  0.749280  0.603162  0.807988  0.574661  0.828627  0.848852  0.673712  0.696099  0.481015  0.872057  0.737534  0.796498  0.829654  0.640512  0.735385  0.766531  0.703105  0.768546  0.638647  0.698041  0.779824  0.732558  0.658351  0.663941  0.840611  0.755214  0.448833  0.430047 
12  0.718755  0.801618  0.768471  0.637508  0.547582  0.905724  0.723920  0.865715  0.548378  0.574304  0.688555  0.638188 0.0  0.694184  0.705978  0.726208  0.810682  0.875455  0.646058  0.547354  0.814504  0.585032  0.715126  0.871943  0.879413  0.621001  0.747796  0.743868  0.671209  0.722688  0.906404  0.717898  0.361031  0.608076  0.573352  0.609378  0.571874  0.674485  0.554821  0.362725  0.781928  0.468277  0.705810  0.721457  0.613883  0.847203  0.681590  0.672438  0.608194  0.630757  0.638215  0.723671  0.455627  0.633673  0.594416  0.716334  0.574280  0.477012  0.767140  0.461339 
13  0.455775  0.856434  0.803786  0.471683  0.605116  0.802481  0.971798  0.955854  0.427135  0.678428  0.772584  0.765836  0.694184 0.0  0.767787  0.740510  0.626993  0.980561  0.541093  0.732033  0.819385  0.530031  0.644833  0.814603  0.642785  0.606193  0.532353  0.494901  0.725293  0.626332  0.612165  0.897867  0.395636  0.659058  0.577592  0.729767  0.532033  0.494731  0.591297  0.560845  0.684245  0.520679  0.465292  0.387976  0.559317  0.551680  0.576276  0.523235  0.505025  0.513002  0.472673  0.798046  0.574285  0.515700  0.655347  0.569734  0.533962  0.615999  0.736316  0.870947 
14  0.802239  0.449786  0.396080  0.741435  0.595551  0.598248  0.438546  0.528582  0.747781  0.625111  0.716220  0.413203  0.705978  0.767787 0.0  0.780128  0.764339  0.563030  0.708037  0.504496  0.786331  0.814630  0.689515  0.649688  0.779341  0.797153  0.846403  0.824732  0.609149  0.762900  0.635106  0.363527  0.688743  0.434157  0.806303  0.591594  0.761109  0.722660  0.851769  0.719201  0.505348  0.722610  0.747125  0.784977  0.742519  0.739428  0.795441  0.796141  0.671055  0.690695  0.742783  0.641202  0.868654  0.837259  0.706774  0.804274  0.859778  0.884744  0.264689  0.625594 
15  0.819106  0.725820  0.612466  0.727253  0.668922  0.815536  0.752492  0.812293  0.824447  0.658488  0.862485  0.826845  0.726208  0.740510  0.780128 0.0  0.847835  0.622686  0.928423  0.649121  0.443820  0.767071  0.830636  0.895098  0.750134  0.847950  0.905310  0.851678  0.817584  0.852312  0.802212  0.650844  0.807004  0.904527  0.805119  0.803821  0.854190  0.880872  0.836573  0.765424  0.700036  0.709072  0.683794  0.799277  0.891666  0.722503  0.736801  0.811040  0.689927  0.612180  0.889862  0.569120  0.840838  0.888939  0.747550  0.662785  0.928507  0.891749  0.761364  0.656059 
16  0.745974  0.743263  0.689802  0.688263  0.676260  0.755588  0.719590  0.876682  0.734328  0.734828  0.997626  0.836475  0.810682  0.626993  0.764339  0.847835 0.0  0.800017  0.710201  0.602634  0.760574  0.730461  0.663013  0.828686  0.236456  0.739442  0.545197  0.815927  0.731339  0.745312  0.682569  0.763824  0.770533  0.828899  0.637503  0.724591  0.739276  0.889252  0.639010  0.713133  0.740618  0.811024  0.639711  0.722074  0.702665  0.694267  0.767288  0.672363  0.559853  0.709214  0.629929  0.723932  0.588649  0.705748  0.687463  0.769688  0.713771  0.779492  0.863280  0.790077 
17  0.852442  0.485946  0.323862  0.851910  0.625335  0.612829  0.543849  0.489547  0.885510  0.550097  0.735641  0.364121  0.875455  0.980561  0.563030  0.622686  0.800017 0.0  0.819368  0.648929  0.597468  0.855825  0.631486  0.525166  0.795953  0.847212  0.811408  0.985676  0.594078  0.924004  0.693681  0.394124  0.755624  0.632388  0.918754  0.637626  0.814763  0.822196  0.998864  0.832777  0.340480  0.769417  0.838169  0.905060  0.878521  0.650556  0.818143  0.945372  0.722791  0.789014  0.884572  0.737290  0.768827  0.848422  0.669733  0.818402  0.885233  0.863839  0.475948  0.642861 
18  0.444601  0.864075  0.851366  0.428974  0.598341  0.808646  0.837215  0.801730  0.563291  0.550015  0.774181  0.910790  0.646058  0.541093  0.708037  0.928423  0.710201  0.819368 0.0  0.706848  0.641577  0.653709  0.678459  0.933294  0.824625  0.501951  0.624191  0.443544  0.812674  0.712689  0.624714  0.805424  0.667326  0.819577  0.620775  0.822370  0.643426  0.629384  0.614587  0.490198  0.835044  0.642757  0.655879  0.500260  0.440520  0.703942  0.531755  0.591274  0.622180  0.658396  0.579649  0.690872  0.670708  0.383439  0.649329  0.527775  0.338990  0.619852  0.721046  0.633215 
19  0.626774  0.767515  0.651981  0.629565  0.562430  0.726358  0.637359  0.639633  0.592696  0.665707  0.560443  0.585419  0.547354  0.732033  0.504496  0.649121  0.602634  0.648929  0.706848 0.0  0.543259  0.625846  0.723596  0.659661  0.743885  0.667414  0.679536  0.712267  0.687243  0.749712  0.744569  0.707327  0.618700  0.625567  0.627192  0.592704  0.541435  0.634556  0.520963  0.643806  0.476227  0.568999  0.636079  0.685603  0.654230  0.827018  0.647990  0.668263  0.778939  0.679744  0.503163  0.728185  0.737341  0.646270  0.584317  0.599422  0.610784  0.733969  0.617493  0.611356 
20  0.799392  0.841823  0.659237  0.795549  0.653232  0.867877  0.722011  0.708202  0.813393  0.594313  0.895671  0.738144  0.814504  0.819385  0.786331  0.443820  0.760574  0.597468  0.641577  0.543259 0.0  0.802275  0.695378  0.902412  0.725413  0.887585  0.799688  0.728726  0.540509  0.896929  0.733298  0.692411  0.734623  0.792941  0.823632  0.597954  0.945110  0.824165  0.887494  0.786461  0.586026  0.668248  0.790747  0.750686  0.698038  0.845494  0.779330  0.840964  0.452348  0.593156  0.754859  0.344617  0.764608  0.750466  0.642537  0.676182  0.794415  0.891468  0.683031  0.561363 
21  0.603494  0.896804  0.762095  0.440923  0.574922  0.777198  0.954633  0.860797  0.391567  0.614402  0.711678  0.728710  0.585032  0.530031  0.814630  0.767071  0.730461  0.855825  0.653709  0.625846  0.802275 0.0  0.740323  0.835168  0.609765  0.550705  0.603970  0.698531  0.636602  0.391150  0.684264  0.814876  0.383885  0.786771  0.301133  0.786669  0.303654  0.641440  0.407960  0.438346  0.845894  0.464804  0.681741  0.531910  0.723471  0.612834  0.554984  0.704372  0.566457  0.516494  0.547354  0.816217  0.359774  0.602284  0.717061  0.634944  0.675562  0.475780  0.790066  0.532082 
22  0.595779  0.752839  0.783175  0.652720  0.518591  0.799676  0.693909  0.789824  0.665734  0.578546  0.607309  0.697514  0.715126  0.644833  0.689515  0.830636  0.663013  0.631486  0.678459  0.723596  0.695378  0.740323 0.0  0.825747  0.712580  0.479520  0.644431  0.832858  0.600135  0.749830  0.621267  0.785269  0.628010  0.724490  0.485768  0.700368  0.647228  0.670003  0.698754  0.690395  0.842849  0.722422  0.544859  0.747511  0.748183  0.641841  0.617522  0.450630  0.784273  0.678478  0.653157  0.734012  0.605619  0.620480  0.735486  0.685990  0.728763  0.638028  0.693880  0.739332 
23  0.788179  0.421506  0.593058  0.711598  0.686226  0.458720  0.557898  0.495351  0.894413  0.695226  0.875832  0.645567  0.871943  0.814603  0.649688  0.895098  0.828686  0.525166  0.933294  0.659661  0.902412  0.835168  0.825747 0.0  0.844941  0.937913  0.853643  0.896197  0.858736  0.698772  0.663605  0.622444  0.898633  0.688932  0.838041  0.738531  0.827326  0.882278  0.834216  0.976593  0.550130  0.706982  0.761098  0.872878  0.756217  0.755835  0.855062  0.904854  0.866364  0.707247  0.828834  0.806511  0.916318  0.846978  0.831501  0.783337  0.938534  0.855942  0.510685  0.914766 
24  0.676884  0.820788  0.769147  0.683663  0.759300  0.877094  0.832144  0.902900  0.777247  0.737069  0.871798  0.742229  0.879413  0.642785  0.779341  0.750134  0.236456  0.795953  0.824625  0.743885  0.725413  0.609765  0.712580  0.844941 0.0  0.732014  0.660842  0.695342  0.754037  0.665437  0.720460  0.775223  0.697929  0.727893  0.784067  0.704194  0.696201  0.802665  0.760705  0.801921  0.761068  0.833639  0.796143  0.753460  0.844662  0.722808  0.723074  0.682013  0.823267  0.675873  0.801772  0.741798  0.717096  0.619707  0.737456  0.694585  0.727960  0.800137  0.702750  0.768738 
25  0.261344  0.848332  0.973271  0.498386  0.701601  0.945666  0.853312  0.859176  0.537358  0.642761  0.856993  0.756795  0.621001  0.606193  0.797153  0.847950  0.739442  0.847212  0.501951  0.667414  0.887585  0.550705  0.479520  0.937913  0.732014 0.0  0.260070  0.501217  0.730419  0.619964  0.763353  0.913053  0.599779  0.709351  0.609533  0.697619  0.576611  0.568999  0.511013  0.670242  0.684094  0.496407  0.536646  0.353117  0.406185  0.715365  0.541526  0.589740  0.622863  0.574715  0.505166  0.853646  0.598964  0.457784  0.677271  0.523213  0.537026  0.693793  0.781013  0.676357 
26  0.307944  0.915941  0.803728  0.345881  0.662545  0.885580  0.820391  0.947093  0.543667  0.560452  0.803908  0.883896  0.747796  0.532353  0.846403  0.905310  0.545197  0.811408  0.624191  0.679536  0.799688  0.603970  0.644431  0.853643  0.660842  0.260070 0.0  0.528713  0.748935  0.800330  0.706710  0.794535  0.568504  0.654242  0.629552  0.659636  0.591934  0.483869  0.605321  0.592672  0.859002  0.661399  0.566775  0.437189  0.601514  0.742532  0.413737  0.427752  0.620121  0.522645  0.538182  0.683612  0.662386  0.423828  0.672660  0.530079  0.646775  0.829965  0.847205  0.774625 
27  0.474475  0.914178  0.854165  0.445161  0.668548  0.967066  0.808976  0.930074  0.804582  0.689926  0.796111  0.836911  0.743868  0.494901  0.824732  0.851678  0.815927  0.985676  0.443544  0.712267  0.728726  0.698531  0.832858  0.896197  0.695342  0.501217  0.528713 0.0  0.777802  0.804516  0.819461  0.798203  0.572039  0.813472  0.677407  0.772091  0.663877  0.692308  0.714064  0.718122  0.749779  0.749518  0.713523  0.490301  0.472304  0.633404  0.638095  0.571849  0.769881  0.714846  0.716013  0.751641  0.674098  0.475379  0.682048  0.555403  0.394802  0.672240  0.822370  0.710981 
28  0.610815  0.733445  0.559803  0.782976  0.678273  0.763669  0.721017  0.745090  0.673241  0.521743  0.690277  0.614885  0.671209  0.725293  0.609149  0.817584  0.731339  0.594078  0.812674  0.687243  0.540509  0.636602  0.600135  0.858736  0.754037  0.730419  0.748935  0.777802 0.0  0.825963  0.736593  0.639363  0.803437  0.927221  0.681629  0.438646  0.683368  0.791756  0.749842  0.597421  0.579247  0.724174  0.721487  0.754583  0.652549  0.550396  0.634986  0.836464  0.749154  0.647178  0.717508  0.688174  0.717094  0.666233  0.620613  0.690237  0.787450  0.680164  0.577758  0.617646 
29  0.602389  0.785221  0.913376  0.639722  0.665523  0.782927  0.858744  0.840692  0.491355  0.716807  0.816417  0.863820  0.722688  0.626332  0.762900  0.852312  0.745312  0.924004  0.712689  0.749712  0.896929  0.391150  0.749830  0.698772  0.665437  0.619964  0.800330  0.804516  0.825963 0.0  0.758579  0.865600  0.459617  0.877862  0.475811  0.879592  0.422993  0.740998  0.496799  0.550808  0.895955  0.619469  0.566220  0.688989  0.759389  0.758109  0.692553  0.639253  0.837234  0.727088  0.597803  0.858898  0.540182  0.737347  0.742428  0.575832  0.620898  0.427946  0.990223  0.703319 
30  0.673063  0.708512  0.574753  0.544606  0.675896  0.694447  0.711096  0.712795  0.709936  0.672498  0.799702  0.715119  0.906404  0.612165  0.635106  0.802212  0.682569  0.693681  0.624714  0.744569  0.733298  0.684264  0.621267  0.663605  0.720460  0.763353  0.706710  0.819461  0.736593  0.758579 0.0  0.597322  0.738650  0.387042  0.676116  0.774395  0.686903  0.790017  0.802253  0.817295  0.622609  0.763766  0.734289  0.717048  0.685233  0.629090  0.699434  0.686821  0.784238  0.712482  0.681029  0.717674  0.732619  0.627551  0.896487  0.775155  0.839172  0.860955  0.551776  0.636806 
31  0.727545  0.517435  0.299999  0.916596  0.581400  0.583902  0.394877  0.516523  0.719442  0.611232  0.862462  0.291547  0.717898  0.897867  0.363527  0.650844  0.763824  0.394124  0.805424  0.707327  0.692411  0.814876  0.785269  0.622444  0.775223  0.913053  0.794535  0.798203  0.639363  0.865600  0.597322 0.0  0.774095  0.400635  0.852263  0.633026  0.892072  0.711834  0.908505  0.650850  0.435283  0.790594  0.828180  0.860604  0.735949  0.643423  0.746563  0.809933  0.877531  0.869208  0.846868  0.656528  0.799624  0.731173  0.753014  0.798329  0.827538  0.825242  0.399806  0.614095 
32  0.541682  0.761924  0.730819  0.580411  0.688771  0.888132  0.744962  0.840883  0.388337  0.664673  0.724481  0.749280  0.361031  0.395636  0.688743  0.807004  0.770533  0.755624  0.667326  0.618700  0.734623  0.383885  0.628010  0.898633  0.697929  0.599779  0.568504  0.572039  0.803437  0.459617  0.738650  0.774095 0.0  0.865402  0.582153  0.705962  0.363528  0.643651  0.542092  0.517507  0.748441  0.463756  0.570799  0.642101  0.610413  0.739333  0.519898  0.704084  0.570690  0.682501  0.582789  0.754194  0.351631  0.631736  0.654862  0.713697  0.709617  0.442114  0.726635  0.576797 
33  0.701267  0.704639  0.621643  0.811427  0.554563  0.649566  0.643789  0.736864  0.728063  0.730448  0.849856  0.603162  0.608076  0.659058  0.434157  0.904527  0.828899  0.632388  0.819577  0.625567  0.792941  0.786771  0.724490  0.688932  0.727893  0.709351  0.654242  0.813472  0.927221  0.877862  0.387042  0.400635  0.865402 0.0  0.739689  0.699206  0.680066  0.706617  0.642716  0.748877  0.497416  0.729743  0.792711  0.705393  0.664339  0.773650  0.601660  0.683889  0.806697  0.659744  0.682733  0.823149  0.742568  0.697247  0.736570  0.787274  0.599626  0.741790  0.561321  0.768545 
34  0.479096  0.870172  0.769480  0.676805  0.627382  0.759747  0.820774  0.915985  0.375412  0.588291  0.897563  0.807988  0.573352  0.577592  0.806303  0.805119  0.637503  0.918754  0.620775  0.627192  0.823632  0.301133  0.485768  0.838041  0.784067  0.609533  0.629552  0.677407  0.681629  0.475811  0.676116  0.852263  0.582153  0.739689 0.0  0.658258  0.399791  0.692516  0.328407  0.557863  0.821873  0.562274  0.438473  0.523426  0.613729  0.668318  0.589682  0.572353  0.779268  0.590984  0.708794  0.825401  0.406061  0.598294  0.619158  0.522661  0.637163  0.552426  0.853936  0.556166 
35  0.747066  0.850425  0.681640  0.762160  0.725875  0.867637  0.660111  0.724909  0.695730  0.532039  0.694881  0.574661  0.609378  0.729767  0.591594  0.803821  0.724591  0.637626  0.822370  0.592704  0.597954  0.786669  0.700368  0.738531  0.704194  0.697619  0.659636  0.772091  0.438646  0.879592  0.774395  0.633026  0.705962  0.699206  0.658258 0.0  0.659028  0.819080  0.775407  0.595551  0.548358  0.694817  0.678405  0.842619  0.663714  0.409650  0.714688  0.712643  0.647500  0.610673  0.743557  0.700591  0.687370  0.709433  0.612472  0.794453  0.822337  0.801309  0.630119  0.576781 
36  0.677751  0.877201  0.761810  0.556432  0.667940  0.823946  0.911603  0.904341  0.468823  0.578887  0.823164  0.828627  0.571874  0.532033  0.761109  0.854190  0.739276  0.814763  0.643426  0.541435  0.945110  0.303654  0.647228  0.827326  0.696201  0.576611  0.591934  0.663877  0.683368  0.422993  0.686903  0.892072  0.363528  0.680066  0.399791  0.659028 0.0  0.666687  0.396793  0.525205  0.822331  0.671639  0.585845  0.542065  0.688399  0.627472  0.589634  0.621741  0.672717  0.673021  0.401428  0.695889  0.351513  0.590870  0.618828  0.508311  0.661846  0.376768  0.777257  0.596279 
37  0.600005  0.837378  0.763390  0.511659  0.718839  0.821341  0.914502  0.879863  0.596331  0.557043  0.885819  0.848852  0.674485  0.494731  0.722660  0.880872  0.889252  0.822196  0.629384  0.634556  0.824165  0.641440  0.670003  0.882278  0.802665  0.568999  0.483869  0.692308  0.791756  0.740998  0.790017  0.711834  0.643651  0.706617  0.692516  0.819080  0.666687 0.0  0.603678  0.777448  0.781498  0.721588  0.496259  0.550362  0.314437  0.827879  0.301300  0.620444  0.590474  0.751026  0.505511  0.862839  0.644440  0.426567  0.672438  0.572435  0.462620  0.630661  0.778529  0.776568 
38  0.552426  0.941233  0.820181  0.561177  0.545389  0.870495  0.869383  0.930181  0.438159  0.663261  0.834870  0.673712  0.554821  0.591297  0.851769  0.836573  0.639010  0.998864  0.614587  0.520963  0.887494  0.407960  0.698754  0.834216  0.760705  0.511013  0.605321  0.714064  0.749842  0.496799  0.802253  0.908505  0.542092  0.642716  0.328407  0.775407  0.396793  0.603678 0.0  0.469434  0.751120  0.514678  0.454980  0.596730  0.605418  0.621451  0.534852  0.552976  0.653019  0.475780  0.560993  0.740377  0.470265  0.554106  0.542455  0.591215  0.622077  0.467827  0.761945  0.664788 
39  0.767205  0.823958  0.665830  0.723718  0.697690  0.931953  0.707912  0.840889  0.527045  0.554850  0.699136  0.696099  0.362725  0.560845  0.719201  0.765424  0.713133  0.832777  0.490198  0.643806  0.786461  0.438346  0.690395  0.976593  0.801921  0.670242  0.592672  0.718122  0.597421  0.550808  0.817295  0.650850  0.517507  0.748877  0.557863  0.595551  0.525205  0.777448  0.469434 0.0  0.714873  0.304313  0.622322  0.660956  0.663017  0.708963  0.617251  0.740708  0.579257  0.657212  0.529466  0.785297  0.703561  0.620031  0.684780  0.551535  0.624143  0.605350  0.738519  0.492793 
40  0.772236  0.598103  0.307405  0.734394  0.614169  0.718377  0.383451  0.609430  0.794794  0.552928  0.891330  0.481015  0.781928  0.684245  0.505348  0.700036  0.740618  0.340480  0.835044  0.476227  0.586026  0.845894  0.842849  0.550130  0.761068  0.684094  0.859002  0.749779  0.579247  0.895955  0.622609  0.435283  0.748441  0.497416  0.821873  0.548358  0.822331  0.781498  0.751120  0.714873 0.0  0.638196  0.844041  0.899846  0.786554  0.554339  0.836021  0.751446  0.620684  0.761094  0.813690  0.784774  0.858327  0.753242  0.647463  0.796753  0.676677  0.941791  0.325701  0.591868 
41  0.628751  0.890313  0.686354  0.552988  0.681089  0.865835  0.708336  0.793285  0.577147  0.581396  0.676224  0.872057  0.468277  0.520679  0.722610  0.709072  0.811024  0.769417  0.642757  0.568999  0.668248  0.464804  0.722422  0.706982  0.833639  0.496407  0.661399  0.749518  0.724174  0.619469  0.763766  0.790594  0.463756  0.729743  0.562274  0.694817  0.671639  0.721588  0.514678  0.304313  0.638196 0.0  0.659146  0.553232  0.545538  0.768266  0.590857  0.673556  0.473947  0.632540  0.748650  0.728328  0.548666  0.665126  0.648801  0.552939  0.697305  0.575924  0.684265  0.520567 
42  0.617653  0.890791  0.750243  0.581477  0.641802  0.810867  0.851186  0.938265  0.607578  0.592616  0.792126  0.737534  0.705810  0.465292  0.747125  0.683794  0.639711  0.838169  0.655879  0.636079  0.790747  0.681741  0.544859  0.761098  0.796143  0.536646  0.566775  0.713523  0.721487  0.566220  0.734289  0.828180  0.570799  0.792711  0.438473  0.678405  0.585845  0.496259  0.454980  0.622322  0.844041  0.659146 0.0  0.489963  0.683094  0.753951  0.533798  0.395088  0.386821  0.507583  0.582673  0.730632  0.497227  0.525878  0.432515  0.320427  0.621854  0.642706  0.574470  0.621960 
43  0.367288  0.860480  0.836717  0.393776  0.568140  0.718581  0.841152  0.947829  0.607204  0.665834  0.808969  0.796498  0.721457  0.387976  0.784977  0.799277  0.722074  0.905060  0.500260  0.685603  0.750686  0.531910  0.747511  0.872878  0.753460  0.353117  0.437189  0.490301  0.754583  0.688989  0.717048  0.860604  0.642101  0.705393  0.523426  0.842619  0.542065  0.550362  0.596730  0.660956  0.899846  0.553232  0.489963 0.0  0.486113  0.687340  0.432933  0.332536  0.659996  0.629670  0.496715  0.786144  0.468965  0.436559  0.693179  0.628805  0.570786  0.669141  0.834001  0.786138 
44  0.508207  0.898697  0.844599  0.498477  0.588389  0.861025  0.867125  1.000000  0.637650  0.601682  0.888928  0.829654  0.613883  0.559317  0.742519  0.891666  0.702665  0.878521  0.440520  0.654230  0.698038  0.723471  0.748183  0.756217  0.844662  0.406185  0.601514  0.472304  0.652549  0.759389  0.685233  0.735949  0.610413  0.664339  0.613729  0.663714  0.688399  0.314437  0.605418  0.663017  0.786554  0.545538  0.683094  0.486113 0.0  0.757657  0.375398  0.394273  0.609751  0.659805  0.515607  0.853367  0.719310  0.490509  0.692033  0.611990  0.446343  0.582609  0.752301  0.779769 
45  0.630013  0.916553  0.703931  0.604235  0.460643  0.724540  0.679990  0.731050  0.521448  0.547342  0.842353  0.640512  0.847203  0.551680  0.739428  0.722503  0.694267  0.650556  0.703942  0.827018  0.845494  0.612834  0.641841  0.755835  0.722808  0.715365  0.742532  0.633404  0.550396  0.758109  0.629090  0.643423  0.739333  0.773650  0.668318  0.409650  0.627472  0.827879  0.621451  0.708963  0.554339  0.768266  0.753951  0.687340  0.757657 0.0  0.746937  0.762041  0.785486  0.703450  0.573819  0.631629  0.508162  0.666130  0.805655  0.601347  0.780241  0.709880  0.653679  0.802759 
46  0.475845  0.943950  0.754329  0.630985  0.569605  0.804626  0.834933  0.778418  0.635672  0.665722  0.803572  0.735385  0.681590  0.576276  0.795441  0.736801  0.767288  0.818143  0.531755  0.647990  0.779330  0.554984  0.617522  0.855062  0.723074  0.541526  0.413737  0.638095  0.634986  0.692553  0.699434  0.746563  0.519898  0.601660  0.589682  0.714688  0.589634  0.301300  0.534852  0.617251  0.836021  0.590857  0.533798  0.432933  0.375398  0.746937 0.0  0.512718  0.562974  0.593669  0.544913  0.775385  0.624298  0.536170  0.495494  0.633908  0.436145  0.676470  0.730842  0.753725 
47  0.421149  0.791233  0.816924  0.529402  0.556645  0.756401  0.958618  0.789107  0.509782  0.736112  0.801192  0.766531  0.672438  0.523235  0.796141  0.811040  0.672363  0.945372  0.591274  0.668263  0.840964  0.704372  0.450630  0.904854  0.682013  0.589740  0.427752  0.571849  0.836464  0.639253  0.686821  0.809933  0.704084  0.683889  0.572353  0.712643  0.621741  0.620444  0.552976  0.740708  0.751446  0.673556  0.395088  0.332536  0.394273  0.762041  0.512718 0.0  0.605645  0.653221  0.493402  0.661158  0.615392  0.613888  0.441610  0.549627  0.581299  0.678872  0.894150  0.734109 
48  0.538014  0.796241  0.688862  0.663367  0.553211  0.925638  0.729202  0.895887  0.464170  0.586916  0.758915  0.703105  0.608194  0.505025  0.671055  0.689927  0.559853  0.722791  0.622180  0.778939  0.452348  0.566457  0.784273  0.866364  0.823267  0.622863  0.620121  0.769881  0.749154  0.837234  0.784238  0.877531  0.570690  0.806697  0.779268  0.647500  0.672717  0.590474  0.653019  0.579257  0.620684  0.473947  0.386821  0.659996  0.609751  0.785486  0.562974  0.605645 0.0  0.524613  0.571049  0.562222  0.640183  0.473513  0.419150  0.471449  0.602458  0.655868  0.711608  0.586362 
49  0.548197  0.896870  0.677491  0.543769  0.646827  0.760712  0.783541  0.882349  0.543209  0.601959  0.726161  0.768546  0.630757  0.513002  0.690695  0.612180  0.709214  0.789014  0.658396  0.679744  0.593156  0.516494  0.678478  0.707247  0.675873  0.574715  0.522645  0.714846  0.647178  0.727088  0.712482  0.869208  0.682501  0.659744  0.590984  0.610673  0.673021  0.751026  0.475780  0.657212  0.761094  0.632540  0.507583  0.629670  0.659805  0.703450  0.593669  0.653221  0.524613 0.0  0.510259  0.524718  0.535837  0.643441  0.487083  0.355078  0.706197  0.729713  0.705116  0.726076 
50  0.384073  0.785971  0.845259  0.533297  0.609872  0.916341  0.856103  0.818733  0.385921  0.653994  0.800975  0.638647  0.638215  0.472673  0.742783  0.889862  0.629929  0.884572  0.579649  0.503163  0.754859  0.547354  0.653157  0.828834  0.801772  0.505166  0.538182  0.716013  0.717508  0.597803  0.681029  0.846868  0.582789  0.682733  0.708794  0.743557  0.401428  0.505511  0.560993  0.529466  0.813690  0.748650  0.582673  0.496715  0.515607  0.573819  0.544913  0.493402  0.571049  0.510259 0.0  0.807983  0.458716  0.550241  0.663062  0.602596  0.529566  0.697542  0.724783  0.725022 
51  0.777795  0.788454  0.552139  0.785367  0.684335  0.824512  0.671639  0.795701  0.737799  0.603972  0.692894  0.698041  0.723671  0.798046  0.641202  0.569120  0.723932  0.737290  0.690872  0.728185  0.344617  0.816217  0.734012  0.806511  0.741798  0.853646  0.683612  0.751641  0.688174  0.858898  0.717674  0.656528  0.754194  0.823149  0.825401  0.700591  0.695889  0.862839  0.740377  0.785297  0.784774  0.728328  0.730632  0.786144  0.853367  0.631629  0.775385  0.661158  0.562222  0.524718  0.807983 0.0  0.808748  0.757539  0.508742  0.625948  0.863954  0.722221  0.670752  0.537930 
52  0.581013  0.962372  0.805196  0.576596  0.695761  0.877532  0.934732  0.839626  0.195697  0.670288  0.711411  0.779824  0.455627  0.574285  0.868654  0.840838  0.588649  0.768827  0.670708  0.737341  0.764608  0.359774  0.605619  0.916318  0.717096  0.598964  0.662386  0.674098  0.717094  0.540182  0.732619  0.799624  0.351631  0.742568  0.406061  0.687370  0.351513  0.644440  0.470265  0.703561  0.858327  0.548666  0.497227  0.468965  0.719310  0.508162  0.624298  0.615392  0.640183  0.535837  0.458716  0.808748 0.0  0.586695  0.585086  0.576449  0.691112  0.483022  0.781321  0.540779 
53  0.501688  0.799586  0.807751  0.218739  0.609787  0.846636  0.882399  0.916539  0.449652  0.648392  0.835627  0.732558  0.633673  0.515700  0.837259  0.888939  0.705748  0.848422  0.383439  0.646270  0.750466  0.602284  0.620480  0.846978  0.619707  0.457784  0.423828  0.475379  0.666233  0.737347  0.627551  0.731173  0.631736  0.697247  0.598294  0.709433  0.590870  0.426567  0.554106  0.620031  0.753242  0.665126  0.525878  0.436559  0.490509  0.666130  0.536170  0.613888  0.473513  0.643441  0.550241  0.757539  0.586695 0.0  0.835088  0.631244  0.406966  0.772007  0.777676  0.743370 
54  0.615033  0.763340  0.673099  0.597998  0.796651  0.859854  0.768678  0.793308  0.603734  0.632721  0.806715  0.658351  0.594416  0.655347  0.706774  0.747550  0.687463  0.669733  0.649329  0.584317  0.642537  0.717061  0.735486  0.831501  0.737456  0.677271  0.672660  0.682048  0.620613  0.742428  0.896487  0.753014  0.654862  0.736570  0.619158  0.612472  0.618828  0.672438  0.542455  0.684780  0.647463  0.648801  0.432515  0.693179  0.692033  0.805655  0.495494  0.441610  0.419150  0.487083  0.663062  0.508742  0.585086  0.835088 0.0  0.351240  0.599963  0.580995  0.672286  0.556050 
55  0.590120  0.940063  0.890886  0.492597  0.655083  0.730840  0.957028  0.885496  0.547100  0.697021  0.897690  0.663941  0.716334  0.569734  0.804274  0.662785  0.769688  0.818402  0.527775  0.599422  0.676182  0.634944  0.685990  0.783337  0.694585  0.523213  0.530079  0.555403  0.690237  0.575832  0.775155  0.798329  0.713697  0.787274  0.522661  0.794453  0.508311  0.572435  0.591215  0.551535  0.796753  0.552939  0.320427  0.628805  0.611990  0.601347  0.633908  0.549627  0.471449  0.355078  0.602596  0.625948  0.576449  0.631244  0.351240 0.0  0.500705  0.685918  0.675625  0.746327 
56  0.511409  0.824272  0.845373  0.409028  0.673109  0.823896  0.859836  0.864745  0.648631  0.530910  0.753938  0.840611  0.574280  0.533962  0.859778  0.928507  0.713771  0.885233  0.338990  0.610784  0.794415  0.675562  0.728763  0.938534  0.727960  0.537026  0.646775  0.394802  0.787450  0.620898  0.839172  0.827538  0.709617  0.599626  0.637163  0.822337  0.661846  0.462620  0.622077  0.624143  0.676677  0.697305  0.621854  0.570786  0.446343  0.780241  0.436145  0.581299  0.602458  0.706197  0.529566  0.863954  0.691112  0.406966  0.599963  0.500705 0.0  0.744803  0.874583  0.832367 
57  0.731454  0.804352  0.848694  0.610064  0.703489  0.814562  0.763005  0.716198  0.548634  0.806191  0.827280  0.755214  0.477012  0.615999  0.884744  0.891749  0.779492  0.863839  0.619852  0.733969  0.891468  0.475780  0.638028  0.855942  0.800137  0.693793  0.829965  0.672240  0.680164  0.427946  0.860955  0.825242  0.442114  0.741790  0.552426  0.801309  0.376768  0.630661  0.467827  0.605350  0.941791  0.575924  0.642706  0.669141  0.582609  0.709880  0.676470  0.678872  0.655868  0.729713  0.697542  0.722221  0.483022  0.772007  0.580995  0.685918  0.744803 0.0  0.823457  0.669305 
58  0.697573  0.499012  0.514070  0.878411  0.618080  0.441380  0.352887  0.505246  0.957543  0.537897  0.905989  0.448833  0.767140  0.736316  0.264689  0.761364  0.863280  0.475948  0.721046  0.617493  0.683031  0.790066  0.693880  0.510685  0.702750  0.781013  0.847205  0.822370  0.577758  0.990223  0.551776  0.399806  0.726635  0.561321  0.853936  0.630119  0.777257  0.778529  0.761945  0.738519  0.325701  0.684265  0.574470  0.834001  0.752301  0.653679  0.730842  0.894150  0.711608  0.705116  0.724783  0.670752  0.781321  0.777676  0.672286  0.675625  0.874583  0.823457 0.0  0.607123 
59  0.766045  0.780984  0.686867  0.759141  0.658075  0.835924  0.670829  0.654065  0.495200  0.544997  0.835232  0.430047  0.461339  0.870947  0.625594  0.656059  0.790077  0.642861  0.633215  0.611356  0.561363  0.532082  0.739332  0.914766  0.768738  0.676357  0.774625  0.710981  0.617646  0.703319  0.636806  0.614095  0.576797  0.768545  0.556166  0.576781  0.596279  0.776568  0.664788  0.492793  0.591868  0.520567  0.621960  0.786138  0.779769  0.802759  0.753725  0.734109  0.586362  0.726076  0.725022  0.537930  0.540779  0.743370  0.556050  0.746327  0.832367  0.669305  0.607123 0.0 
