60
0 0.0  0.808619  0.802619  0.492778  0.567834  0.792842  0.697249  0.810576  0.481694  0.555258  0.708032  0.680398  0.589227  0.401408  0.719347  0.665705  0.580585  0.847717  0.355832  0.652914  0.743966  0.678760  0.631259  0.748950  0.687161  0.249012  0.352501  0.579067  0.730596  0.679787  0.677156  0.762594  0.762463  0.624399  0.590872  0.736338  0.564763  0.516267  0.460694  0.640308  0.632209  0.610355  0.540217  0.399569  0.490205  0.672536  0.439646  0.389845  0.669856  0.523619  0.492040  0.663714  0.601104  0.490311  0.661427  0.545120  0.476775  0.573535  0.893388  0.823381 
1  0.808619 0.0  0.646253  0.876340  0.756120  0.607390  0.548028  0.355979  0.724263  0.717164  0.775935  0.352353  0.864143  0.816636  0.428719  0.715370  0.791330  0.454348  0.915859  0.672079  0.905446  0.777172  0.801868  0.423882  0.844390  0.861228  0.852750  0.912436  0.710603  0.683994  0.766087  0.551080  0.736098  0.635698  0.746070  0.762105  0.813451  0.961319  0.757338  0.866671  0.488617  0.864512  0.718732  0.717286  0.804208  0.798887  0.828180  0.985123  0.708793  0.775436  0.823973  0.718696  0.835938  0.736405  0.731774  0.867069  0.878957  0.854831  0.452007  0.693087 
2  0.802619  0.646253 0.0  0.839778  0.664103  0.573789  0.529775  0.593318  0.744307  0.673082  0.733400  0.350623  0.707906  0.785733  0.472815  0.694075  0.784986  0.404910  0.760627  0.637041  0.519798  0.782370  0.686551  0.702815  0.698509  0.762000  0.769903  0.794303  0.648460  0.865168  0.563471  0.373210  0.697264  0.500421  0.827713  0.610120  0.879711  0.873301  0.846078  0.571657  0.349886  0.715398  0.896663  0.903723  0.726942  0.613767  0.753180  0.869236  0.754965  0.735145  0.793589  0.545197  0.734828  0.824446  0.655312  0.824195  0.810700  0.781140  0.392521  0.674819 
3  0.492778  0.876340  0.839778 0.0  0.589669  0.753172  0.821356  0.904707  0.560667  0.669683  0.774841  0.717448  0.695112  0.386213  0.830428  0.837615  0.581685  0.715322  0.417013  0.614054  0.743920  0.576355  0.523926  0.653978  0.672162  0.602354  0.484847  0.486365  0.653119  0.653804  0.629256  0.674969  0.544836  0.744591  0.422322  0.773171  0.608496  0.443631  0.545236  0.666079  0.736808  0.659135  0.616738  0.355414  0.479832  0.622203  0.463768  0.507472  0.631429  0.576564  0.530153  0.713728  0.493817  0.337868  0.593363  0.468528  0.474711  0.619509  0.770459  0.701980 
4  0.567834  0.756120  0.664103  0.589669 0.0  0.591833  0.702911  0.824688  0.724778  0.613109  0.736474  0.595730  0.586879  0.625095  0.628988  0.703858  0.586558  0.685183  0.534777  0.641815  0.710210  0.610535  0.604856  0.808011  0.632857  0.634587  0.581381  0.680300  0.699282  0.734726  0.644377  0.693997  0.703862  0.475871  0.563106  0.628515  0.658958  0.627341  0.611180  0.544385  0.589958  0.671917  0.594450  0.574609  0.633165  0.626319  0.639047  0.568730  0.745572  0.751273  0.626556  0.698398  0.592277  0.631281  0.671746  0.639547  0.536966  0.695173  0.690856  0.615403 
5  0.792842  0.607390  0.573789  0.753172  0.591833 0.0  0.584513  0.616107  0.741575  0.670907  0.784552  0.562054  1.000000  0.891180  0.496644  0.754806  0.845031  0.536131  0.882569  0.792819  0.842515  0.859487  0.753802  0.445560  0.773722  0.837859  0.797886  0.857617  0.695097  0.794681  0.674718  0.632619  0.709157  0.692591  0.755050  0.884040  0.785259  0.831353  0.785231  0.862556  0.633976  0.829637  0.666684  0.789512  0.803998  0.802956  0.810071  0.898071  0.873054  0.717426  0.699903  0.864824  0.868366  0.704566  0.845521  0.869104  0.796174  0.869433  0.467652  0.761824 
6  0.697249  0.548028  0.529775  0.821356  0.702911  0.584513 0.0  0.483234  0.828989  0.772662  0.659778  0.383580  0.667993  0.814185  0.424281  0.631346  0.676455  0.372665  0.806185  0.600087  0.703755  0.837280  0.667138  0.482832  0.870169  0.869004  0.875104  0.880091  0.565677  0.859766  0.637037  0.370030  0.740651  0.630363  0.848152  0.634435  0.837862  0.769200  0.875733  0.789309  0.484817  0.726724  0.799554  0.865192  0.853587  0.687614  0.767565  0.733709  0.760029  0.840977  0.811951  0.700329  0.890164  0.806448  0.670681  0.755950  0.835651  0.890651  0.344633  0.656043 
7  0.810576  0.355979  0.593318  0.904707  0.824688  0.616107  0.483234 0.0  0.908623  0.686483  0.782728  0.469372  0.886107  0.926505  0.406768  0.789513  0.847876  0.565229  0.852470  0.607507  0.901028  0.818712  0.739667  0.559451  0.825730  0.840886  0.896844  0.964292  0.795049  0.698598  0.625815  0.543627  0.856369  0.573349  0.854096  0.771241  0.870343  0.871431  0.924838  0.835734  0.640002  0.790735  0.930980  0.894876  0.811092  0.760133  0.842149  0.835871  0.802486  0.841536  0.943748  0.717238  0.791261  0.831679  0.887898  0.839811  0.896677  0.919890  0.643159  0.718593 
8  0.481694  0.724263  0.744307  0.560667  0.724778  0.741575  0.828989  0.908623 0.0  0.551502  0.749835  0.828996  0.511427  0.413465  0.666557  0.807397  0.794755  0.896524  0.576139  0.585294  0.845407  0.398536  0.605019  0.787013  0.603576  0.529148  0.493798  0.636224  0.763756  0.494692  0.671208  0.836333  0.475448  0.679601  0.301736  0.669322  0.366941  0.553362  0.419519  0.559672  0.796627  0.421296  0.444724  0.628900  0.711622  0.630617  0.606367  0.514092  0.622231  0.600201  0.413508  0.738577  0.432604  0.444096  0.626309  0.467898  0.525983  0.482869  0.778781  0.503390 
9  0.555258  0.717164  0.673082  0.669683  0.613109  0.670907  0.772662  0.686483  0.551502 0.0  0.834417  0.692373  0.564269  0.636593  0.633757  0.440339  0.652199  0.699133  0.493287  0.603798  0.562048  0.537512  0.706744  0.756901  0.644617  0.525702  0.649489  0.655398  0.632197  0.719779  0.563897  0.607261  0.665635  0.582437  0.685310  0.629666  0.673750  0.494818  0.710166  0.553676  0.612341  0.646274  0.522345  0.665737  0.585725  0.552112  0.547825  0.620501  0.518692  0.614512  0.688378  0.467359  0.642242  0.660630  0.600036  0.547965  0.508202  0.726704  0.590919  0.603409 
10  0.708032  0.775935  0.733400  0.774841  0.736474  0.784552  0.659778  0.782728  0.749835  0.834417 0.0  0.740229  0.655838  0.803215  0.701143  0.573852  0.863891  0.726964  0.801246  0.657498  0.729165  0.826835  0.606599  0.855123  0.922062  0.812556  0.834510  0.883518  0.722118  0.886479  0.774048  0.784102  0.748482  0.958938  0.860746  0.847863  0.735344  0.888878  0.790893  0.750638  0.660135  0.774925  0.959575  0.836262  0.869595  0.914976  0.782713  0.878524  0.669528  0.816266  0.869320  0.811085  0.778067  0.957863  0.856017  0.864210  0.881635  0.791405  0.706274  0.692150 
11  0.680398  0.352353  0.350623  0.717448  0.595730  0.562054  0.383580  0.469372  0.828996  0.692373  0.740229 0.0  0.753934  0.707171  0.443632  0.733749  0.777838  0.420319  0.810153  0.486716  0.689557  0.761667  0.673520  0.532241  0.743257  0.730362  0.760965  0.582528  0.629380  0.916668  0.568099  0.483612  0.737648  0.643212  0.815350  0.694057  0.942153  0.728609  0.756543  0.639790  0.307627  0.818873  0.730121  0.723893  0.852049  0.720841  0.753345  0.808024  0.650465  0.788106  0.716947  0.728105  0.746196  0.696232  0.594925  0.725060  0.755350  0.774003  0.354986  0.551600 
12  0.589227  0.864143  0.707906  0.695112  0.586879  1.000000  0.667993  0.886107  0.511427  0.564269  0.655838  0.753934 0.0  0.594373  0.729198  0.751838  0.701579  0.906554  0.649512  0.528168  0.683120  0.510254  0.650184  0.802560  0.759524  0.763731  0.648335  0.589458  0.654795  0.579442  0.804480  0.741451  0.434175  0.812930  0.541896  0.654417  0.513916  0.562327  0.528206  0.467449  0.833358  0.478264  0.567086  0.564613  0.566255  0.682121  0.529545  0.585295  0.479160  0.696089  0.528941  0.722607  0.482218  0.552660  0.509269  0.685739  0.563482  0.555133  0.543125  0.545299 
13  0.401408  0.816636  0.785733  0.386213  0.625095  0.891180  0.814185  0.926505  0.413465  0.636593  0.803215  0.707171  0.594373 0.0  0.904219  0.827986  0.675926  0.890893  0.466546  0.715948  0.679887  0.474551  0.648750  0.781901  0.686960  0.659863  0.455071  0.596663  0.732345  0.735679  0.698353  0.817218  0.593217  0.782974  0.396091  0.765814  0.620664  0.537138  0.529834  0.579985  0.759694  0.611323  0.511593  0.604276  0.563886  0.670742  0.603843  0.530292  0.610637  0.593898  0.323051  0.685483  0.433179  0.462244  0.618300  0.466116  0.527129  0.426406  0.720707  0.693355 
14  0.719347  0.428719  0.472815  0.830428  0.628988  0.496644  0.424281  0.406768  0.666557  0.633757  0.701143  0.443632  0.729198  0.904219 0.0  0.872615  0.738665  0.419636  0.697652  0.450229  0.533035  0.650017  0.696789  0.639704  0.809817  0.679164  0.749894  0.757701  0.586405  0.869092  0.573517  0.424167  0.567883  0.576198  0.677991  0.569086  0.692008  0.655301  0.769229  0.674028  0.444239  0.617520  0.725874  0.669241  0.633574  0.737193  0.770003  0.801679  0.638803  0.756784  0.799778  0.722767  0.736966  0.813042  0.727533  0.833365  0.716678  0.762897  0.355692  0.702379 
15  0.665705  0.715370  0.694075  0.837615  0.703858  0.754806  0.631346  0.789513  0.807397  0.440339  0.573852  0.733749  0.751838  0.827986  0.872615 0.0  0.768908  0.604978  0.761144  0.741793  0.378531  0.682297  0.747756  0.700309  0.713417  0.844797  0.766518  0.760767  0.597783  0.856974  0.895367  0.779527  0.804238  0.839445  0.700215  0.727458  0.857106  0.753167  0.877974  0.669793  0.796781  0.745863  0.686851  0.746085  0.812527  0.677020  0.739948  0.690454  0.677457  0.657230  0.735472  0.451458  0.703187  0.807079  0.709293  0.698704  0.833252  0.669634  0.753492  0.575746 
16  0.580585  0.791330  0.784986  0.581685  0.586558  0.845031  0.676455  0.847876  0.794755  0.652199  0.863891  0.777838  0.701579  0.675926  0.738665  0.768908 0.0  0.757814  0.754246  0.599903  0.726177  0.630362  0.870434  0.780095  0.219560  0.716041  0.620656  0.773802  0.642331  0.776715  0.647005  0.663252  0.853173  0.695970  0.721838  0.712951  0.640847  0.649848  0.664367  0.741038  0.712843  0.785535  0.713537  0.710385  0.746892  0.648916  0.709382  0.643644  0.724928  0.583469  0.703482  0.746450  0.653979  0.649356  0.725506  0.740988  0.690063  0.796688  0.668720  0.791600 
17  0.847717  0.454348  0.404910  0.715322  0.685183  0.536131  0.372665  0.565229  0.896524  0.699133  0.726964  0.420319  0.906554  0.890893  0.419636  0.604978  0.757814 0.0  0.907274  0.640140  0.659247  0.845259  0.626160  0.571398  0.896528  0.852008  0.782204  0.826696  0.672328  0.905451  0.580595  0.440130  0.754191  0.647055  0.884141  0.628377  0.996931  0.764547  0.775766  0.665912  0.465081  0.687833  0.819932  0.860402  0.781505  0.771521  0.781390  0.866314  0.733695  0.753291  0.839918  0.668377  0.845211  0.831602  0.692504  0.808919  0.830275  0.871426  0.394223  0.754919 
18  0.355832  0.915859  0.760627  0.417013  0.534777  0.882569  0.806185  0.852470  0.576139  0.493287  0.801246  0.810153  0.649512  0.466546  0.697652  0.761144  0.754246  0.907274 0.0  0.466804  0.821265  0.583744  0.645100  0.760494  0.771327  0.506239  0.580679  0.376716  0.661710  0.709940  0.704342  0.747544  0.673273  0.684130  0.676015  0.580297  0.611570  0.507984  0.568617  0.596294  0.666525  0.531505  0.581938  0.605726  0.437771  0.700732  0.449166  0.577911  0.558223  0.708422  0.598563  0.753118  0.611151  0.369974  0.572232  0.620257  0.343033  0.704248  0.766851  0.721754 
19  0.652914  0.672079  0.637041  0.614054  0.641815  0.792819  0.600087  0.607507  0.585294  0.603798  0.657498  0.486716  0.528168  0.715948  0.450229  0.741793  0.599903  0.640140  0.466804 0.0  0.707266  0.508146  0.561116  0.763662  0.591079  0.720952  0.552284  0.555699  0.595318  0.551172  0.642867  0.536717  0.539700  0.702097  0.527967  0.551238  0.581505  0.677538  0.642579  0.587311  0.500249  0.499084  0.640016  0.713561  0.577831  0.622027  0.565153  0.646827  0.593191  0.621790  0.707573  0.620210  0.624284  0.622015  0.537818  0.520282  0.634585  0.641258  0.558638  0.600415 
20  0.743966  0.905446  0.519798  0.743920  0.710210  0.842515  0.703755  0.901028  0.845407  0.562048  0.729165  0.689557  0.683120  0.679887  0.533035  0.378531  0.726177  0.659247  0.821265  0.707266 0.0  0.670419  0.676322  0.833183  0.652509  0.641769  0.753574  0.787654  0.657915  0.922502  0.804068  0.599962  0.714432  0.726742  0.732313  0.667681  0.689863  0.838775  0.736809  0.757448  0.626517  0.707028  0.654671  0.707515  0.641124  0.765644  0.577480  0.712941  0.513444  0.711422  0.802048  0.491524  0.870898  0.773024  0.579347  0.597179  0.855111  0.902957  0.621356  0.491904 
21  0.678760  0.777172  0.782370  0.576355  0.610535  0.859487  0.837280  0.818712  0.398536  0.537512  0.826835  0.761667  0.510254  0.474551  0.650017  0.682297  0.630362  0.845259  0.583744  0.508146  0.670419 0.0  0.584732  0.863599  0.776492  0.544645  0.550634  0.503429  0.681474  0.479047  0.707105  0.676441  0.338180  0.705956  0.411856  0.674408  0.273474  0.553534  0.292788  0.625830  0.830837  0.556885  0.531895  0.498779  0.717354  0.595424  0.551171  0.506772  0.573179  0.560118  0.556584  0.674789  0.393898  0.582977  0.639569  0.452582  0.677622  0.375507  0.719114  0.566135 
22  0.631259  0.801868  0.686551  0.523926  0.604856  0.753802  0.667138  0.739667  0.605019  0.706744  0.606599  0.673520  0.650184  0.648750  0.696789  0.747756  0.870434  0.626160  0.645100  0.561116  0.676322  0.584732 0.0  0.707912  0.623738  0.680932  0.618409  0.679332  0.760429  0.741123  0.609517  0.715093  0.670854  0.773915  0.558874  0.649073  0.548398  0.629057  0.670106  0.793771  0.624526  0.728875  0.527245  0.499838  0.826377  0.689943  0.699663  0.547677  0.726643  0.649315  0.555075  0.726363  0.486983  0.666102  0.669241  0.556594  0.582828  0.698363  0.727079  0.728949 
23  0.748950  0.423882  0.702815  0.653978  0.808011  0.445560  0.482832  0.559451  0.787013  0.756901  0.855123  0.532241  0.802560  0.781901  0.639704  0.700309  0.780095  0.571398  0.760494  0.763662  0.833183  0.863599  0.707912 0.0  0.862217  0.744122  0.932379  0.772974  0.662721  0.627301  0.678335  0.686091  0.870921  0.772049  0.800951  0.785859  0.786216  0.830894  0.839502  0.786934  0.619480  0.775922  0.800521  0.863980  0.854007  0.666497  0.879773  0.789426  0.786737  0.727411  0.874060  0.922587  0.733924  0.947474  0.749150  0.808482  0.817157  0.697379  0.529894  0.667527 
24  0.687161  0.844390  0.698509  0.672162  0.632857  0.773722  0.870169  0.825730  0.603576  0.644617  0.922062  0.743257  0.759524  0.686960  0.809817  0.713417  0.219560  0.896528  0.771327  0.591079  0.652509  0.776492  0.623738  0.862217 0.0  0.674051  0.721380  0.690076  0.755914  0.847596  0.783837  0.796347  0.755249  0.797518  0.701636  0.887345  0.615701  0.780438  0.657252  0.652521  0.720347  0.716477  0.602203  0.676976  0.760405  0.676971  0.740315  0.733505  0.682517  0.701958  0.629085  0.788636  0.720627  0.735713  0.799255  0.690666  0.673628  0.816702  0.815302  0.635172 
25  0.249012  0.861228  0.762000  0.602354  0.634587  0.837859  0.869004  0.840886  0.529148  0.525702  0.812556  0.730362  0.763731  0.659863  0.679164  0.844797  0.716041  0.852008  0.506239  0.720952  0.641769  0.544645  0.680932  0.744122  0.674051 0.0  0.236080  0.538276  0.765586  0.587560  0.700199  0.767234  0.516563  0.758266  0.547995  0.710879  0.651038  0.491030  0.484908  0.704618  0.847505  0.667400  0.452946  0.421971  0.546915  0.739588  0.473596  0.338709  0.532750  0.574222  0.499012  0.737899  0.600409  0.336254  0.612847  0.559085  0.440658  0.539011  0.793621  0.678719 
26  0.352501  0.852750  0.769903  0.484847  0.581381  0.797886  0.875104  0.896844  0.493798  0.649489  0.834510  0.760965  0.648335  0.455071  0.749894  0.766518  0.620656  0.782204  0.580679  0.552284  0.753574  0.550634  0.618409  0.932379  0.721380  0.236080 0.0  0.616636  0.830076  0.584983  0.687423  0.751144  0.544096  0.784723  0.643983  0.871075  0.593934  0.384788  0.578459  0.643069  0.850659  0.570991  0.483998  0.300507  0.488999  0.640864  0.433441  0.479829  0.710991  0.567478  0.503191  0.755331  0.580137  0.482719  0.598314  0.594419  0.522836  0.753301  0.760898  0.773459 
27  0.579067  0.912436  0.794303  0.486365  0.680300  0.857617  0.880091  0.964292  0.636224  0.655398  0.883518  0.582528  0.589458  0.596663  0.757701  0.760767  0.773802  0.826696  0.376716  0.555699  0.787654  0.503429  0.679332  0.772974  0.690076  0.538276  0.616636 0.0  0.705447  0.685174  0.773561  0.855163  0.635780  0.749264  0.620000  0.680859  0.661656  0.453566  0.584254  0.669981  0.832883  0.635004  0.664872  0.579191  0.377807  0.864574  0.505227  0.639441  0.718950  0.624100  0.615525  0.748361  0.690183  0.511646  0.663724  0.549140  0.518946  0.617106  0.780540  0.704581 
28  0.730596  0.710603  0.648460  0.653119  0.699282  0.695097  0.565677  0.795049  0.763756  0.632197  0.722118  0.629380  0.654795  0.732345  0.586405  0.597783  0.642331  0.672328  0.661710  0.595318  0.657915  0.681474  0.760429  0.662721  0.755914  0.765586  0.830076  0.705447 0.0  0.898147  0.632722  0.553242  0.736264  0.708710  0.787653  0.350832  0.679349  0.817729  0.776330  0.626961  0.679770  0.686947  0.628181  0.704288  0.847903  0.542027  0.736653  0.636451  0.652714  0.737928  0.712600  0.711764  0.661349  0.722416  0.621164  0.640852  0.671588  0.814735  0.584722  0.652127 
29  0.679787  0.683994  0.865168  0.653804  0.734726  0.794681  0.859766  0.698598  0.494692  0.719779  0.886479  0.916668  0.579442  0.735679  0.869092  0.856974  0.776715  0.905451  0.709940  0.551172  0.922502  0.479047  0.741123  0.627301  0.847596  0.587560  0.584983  0.685174  0.898147 0.0  0.910009  0.895153  0.544005  0.776852  0.500654  0.706466  0.425195  0.697121  0.491461  0.628940  0.922237  0.591450  0.574894  0.635570  0.754051  0.796993  0.767136  0.660199  0.742264  0.748964  0.506220  0.917400  0.375163  0.721343  0.747855  0.512924  0.764080  0.332354  0.885322  0.805654 
30  0.677156  0.766087  0.563471  0.629256  0.644377  0.674718  0.637037  0.625815  0.671208  0.563897  0.774048  0.568099  0.804480  0.698353  0.573517  0.895367  0.647005  0.580595  0.704342  0.642867  0.804068  0.707105  0.609517  0.678335  0.783837  0.700199  0.687423  0.773561  0.632722  0.910009 0.0  0.576832  0.746472  0.426436  0.609723  0.659947  0.740693  0.684379  0.669814  0.693819  0.706886  0.692558  0.740766  0.659517  0.751455  0.577779  0.646791  0.663862  0.690668  0.658095  0.642910  0.730821  0.565445  0.635979  0.687384  0.752102  0.799602  0.875346  0.572615  0.696347 
31  0.762594  0.551080  0.373210  0.674969  0.693997  0.632619  0.370030  0.543627  0.836333  0.607261  0.784102  0.483612  0.741451  0.817218  0.424167  0.779527  0.663252  0.440130  0.747544  0.536717  0.599962  0.676441  0.715093  0.686091  0.796347  0.767234  0.751144  0.855163  0.553242  0.895153  0.576832 0.0  0.767528  0.529467  0.800091  0.630035  0.781295  0.738573  0.865613  0.694194  0.279545  0.728526  0.777004  0.815421  0.749037  0.627171  0.772417  0.757205  0.760934  0.695160  0.760449  0.664619  0.855406  0.773517  0.647466  0.753882  0.806059  0.826854  0.502793  0.518958 
32  0.762463  0.736098  0.697264  0.544836  0.703862  0.709157  0.740651  0.856369  0.475448  0.665635  0.748482  0.737648  0.434175  0.593217  0.567883  0.804238  0.853173  0.754191  0.673273  0.539700  0.714432  0.338180  0.670854  0.870921  0.755249  0.516563  0.544096  0.635780  0.736264  0.544005  0.746472  0.767528 0.0  0.739692  0.380517  0.652743  0.362787  0.724723  0.428011  0.425024  0.746131  0.558438  0.472219  0.605563  0.497343  0.721582  0.506653  0.636271  0.537137  0.715777  0.568932  0.680765  0.515245  0.566117  0.585861  0.674335  0.526095  0.383307  0.697817  0.592339 
33  0.624399  0.635698  0.500421  0.744591  0.475871  0.692591  0.630363  0.573349  0.679601  0.582437  0.958938  0.643212  0.812930  0.782974  0.576198  0.839445  0.695970  0.647055  0.684130  0.702097  0.726742  0.705956  0.773915  0.772049  0.797518  0.758266  0.784723  0.749264  0.708710  0.776852  0.426436  0.529467  0.739692 0.0  0.671151  0.633212  0.721194  0.680029  0.765202  0.901290  0.595116  0.704165  0.795105  0.689428  0.719101  0.764621  0.677483  0.710794  0.667821  0.722444  0.829837  0.806002  0.676738  0.732458  0.756733  0.682761  0.622239  0.779688  0.597383  0.729228 
34  0.590872  0.746070  0.827713  0.422322  0.563106  0.755050  0.848152  0.854096  0.301736  0.685310  0.860746  0.815350  0.541896  0.396091  0.677991  0.700215  0.721838  0.884141  0.676015  0.527967  0.732313  0.411856  0.558874  0.800951  0.701636  0.547995  0.643983  0.620000  0.787653  0.500654  0.609723  0.800091  0.380517  0.671151 0.0  0.651317  0.400715  0.417346  0.494569  0.588577  0.773648  0.524624  0.554306  0.511802  0.688600  0.603472  0.595111  0.596812  0.565923  0.528707  0.444820  0.816566  0.262210  0.545341  0.660353  0.464224  0.570071  0.543602  0.723968  0.626698 
35  0.736338  0.762105  0.610120  0.773171  0.628515  0.884040  0.634435  0.771241  0.669322  0.629666  0.847863  0.694057  0.654417  0.765814  0.569086  0.727458  0.712951  0.628377  0.580297  0.551238  0.667681  0.674408  0.649073  0.785859  0.887345  0.710879  0.871075  0.680859  0.350832  0.706466  0.659947  0.630035  0.652743  0.633212  0.651317 0.0  0.624434  0.782669  0.722601  0.764626  0.679452  0.649853  0.611916  0.671649  0.718116  0.560235  0.738849  0.736372  0.597158  0.683794  0.642231  0.582157  0.634791  0.731866  0.672384  0.717826  0.754534  0.697238  0.723960  0.734282 
36  0.564763  0.813451  0.879711  0.608496  0.658958  0.785259  0.837862  0.870343  0.366941  0.673750  0.735344  0.942153  0.513916  0.620664  0.692008  0.857106  0.640847  0.996931  0.611570  0.581505  0.689863  0.273474  0.548398  0.786216  0.615701  0.651038  0.593934  0.661656  0.679349  0.425195  0.740693  0.781295  0.362787  0.721194  0.400715  0.624434 0.0  0.701689  0.570438  0.595581  0.722599  0.524535  0.509525  0.580871  0.610900  0.599203  0.445352  0.541240  0.611512  0.529571  0.430979  0.848819  0.371431  0.574209  0.588132  0.654394  0.628992  0.398918  0.775375  0.529806 
37  0.516267  0.961319  0.873301  0.443631  0.627341  0.831353  0.769200  0.871431  0.553362  0.494818  0.888878  0.728609  0.562327  0.537138  0.655301  0.753167  0.649848  0.764547  0.507984  0.677538  0.838775  0.553534  0.629057  0.830894  0.780438  0.491030  0.384788  0.453566  0.817729  0.697121  0.684379  0.738573  0.724723  0.680029  0.417346  0.782669  0.701689 0.0  0.569505  0.757563  0.746905  0.590124  0.673577  0.534330  0.312682  0.790321  0.367621  0.530765  0.555788  0.639086  0.473922  0.845425  0.585522  0.518380  0.691888  0.629514  0.509222  0.638356  0.718287  0.805355 
38  0.460694  0.757338  0.846078  0.545236  0.611180  0.785231  0.875733  0.924838  0.419519  0.710166  0.790893  0.756543  0.528206  0.529834  0.769229  0.877974  0.664367  0.775766  0.568617  0.642579  0.736809  0.292788  0.670106  0.839502  0.657252  0.484908  0.578459  0.584254  0.776330  0.491461  0.669814  0.865613  0.428011  0.765202  0.494569  0.722601  0.570438  0.569505 0.0  0.429419  0.862880  0.553807  0.528390  0.642784  0.577950  0.667533  0.528457  0.562156  0.669824  0.527352  0.426050  0.674486  0.406237  0.549221  0.610476  0.550500  0.609454  0.516141  0.675503  0.611730 
39  0.640308  0.866671  0.571657  0.666079  0.544385  0.862556  0.789309  0.835734  0.559672  0.553676  0.750638  0.639790  0.467449  0.579985  0.674028  0.669793  0.741038  0.665912  0.596294  0.587311  0.757448  0.625830  0.793771  0.786934  0.652521  0.704618  0.643069  0.669981  0.626961  0.628940  0.693819  0.694194  0.425024  0.901290  0.588577  0.764626  0.595581  0.757563  0.429419 0.0  0.711302  0.321384  0.526631  0.633338  0.588618  0.756772  0.613404  0.603598  0.539621  0.681024  0.570817  0.693250  0.492277  0.585544  0.568824  0.523990  0.716849  0.580924  0.600627  0.616336 
40  0.632209  0.488617  0.349886  0.736808  0.589958  0.633976  0.484817  0.640002  0.796627  0.612341  0.660135  0.307627  0.833358  0.759694  0.444239  0.796781  0.712843  0.465081  0.666525  0.500249  0.626517  0.830837  0.624526  0.619480  0.720347  0.847505  0.850659  0.832883  0.679770  0.922237  0.706886  0.279545  0.746131  0.595116  0.773648  0.679452  0.722599  0.746905  0.862880  0.711302 0.0  0.659729  0.880245  0.710744  0.745660  0.644117  0.727639  0.702686  0.630982  0.655686  0.582163  0.663061  0.808532  0.775363  0.556511  0.739924  0.923247  0.885691  0.399833  0.588373 
41  0.610355  0.864512  0.715398  0.659135  0.671917  0.829637  0.726724  0.790735  0.421296  0.646274  0.774925  0.818873  0.478264  0.611323  0.617520  0.745863  0.785535  0.687833  0.531505  0.499084  0.707028  0.556885  0.728875  0.775922  0.716477  0.667400  0.570991  0.635004  0.686947  0.591450  0.692558  0.728526  0.558438  0.704165  0.524624  0.649853  0.524535  0.590124  0.553807  0.321384  0.659729 0.0  0.540888  0.542847  0.652319  0.755782  0.740120  0.546212  0.603412  0.614243  0.664671  0.677746  0.578434  0.707499  0.637616  0.619076  0.575393  0.598025  0.798669  0.490845 
42  0.540217  0.718732  0.896663  0.616738  0.594450  0.666684  0.799554  0.930980  0.444724  0.522345  0.959575  0.730121  0.567086  0.511593  0.725874  0.686851  0.713537  0.819932  0.581938  0.640016  0.654671  0.531895  0.527245  0.800521  0.602203  0.452946  0.483998  0.664872  0.628181  0.574894  0.740766  0.777004  0.472219  0.795105  0.554306  0.611916  0.509525  0.673577  0.528390  0.526631  0.880245  0.540888 0.0  0.512151  0.529829  0.564133  0.531130  0.638621  0.434569  0.375031  0.515549  0.640803  0.585620  0.567429  0.534572  0.255755  0.497134  0.606043  0.741974  0.665751 
43  0.399569  0.717286  0.903723  0.355414  0.574609  0.789512  0.865192  0.894876  0.628900  0.665737  0.836262  0.723893  0.564613  0.604276  0.669241  0.746085  0.710385  0.860402  0.605726  0.713561  0.707515  0.498779  0.499838  0.863980  0.676976  0.421971  0.300507  0.579191  0.704288  0.635570  0.659517  0.815421  0.605563  0.689428  0.511802  0.671649  0.580871  0.534330  0.642784  0.633338  0.710744  0.542847  0.512151 0.0  0.514256  0.580643  0.420828  0.408590  0.602043  0.662591  0.491296  0.703768  0.525207  0.463508  0.625892  0.509730  0.522717  0.750320  0.719926  0.696231 
44  0.490205  0.804208  0.726942  0.479832  0.633165  0.803998  0.853587  0.811092  0.711622  0.585725  0.869595  0.852049  0.566255  0.563886  0.633574  0.812527  0.746892  0.781505  0.437771  0.577831  0.641124  0.717354  0.826377  0.854007  0.760405  0.546915  0.488999  0.377807  0.847903  0.754051  0.751455  0.749037  0.497343  0.719101  0.688600  0.718116  0.610900  0.312682  0.577950  0.588618  0.745660  0.652319  0.529829  0.514256 0.0  0.650791  0.277927  0.446909  0.636106  0.720245  0.563400  0.742256  0.493583  0.447659  0.609049  0.519729  0.478359  0.505896  0.727883  0.661948 
45  0.672536  0.798887  0.613767  0.622203  0.626319  0.802956  0.687614  0.760133  0.630617  0.552112  0.914976  0.720841  0.682121  0.670742  0.737193  0.677020  0.648916  0.771521  0.700732  0.622027  0.765644  0.595424  0.689943  0.666497  0.676971  0.739588  0.640864  0.864574  0.542027  0.796993  0.577779  0.627171  0.721582  0.764621  0.603472  0.560235  0.599203  0.790321  0.667533  0.756772  0.644117  0.755782  0.564133  0.580643  0.650791 0.0  0.767078  0.766134  0.775759  0.541500  0.554712  0.739742  0.665392  0.602489  0.653644  0.593516  0.846824  0.722665  0.727122  0.692593 
46  0.439646  0.828180  0.753180  0.463768  0.639047  0.810071  0.767565  0.842149  0.606367  0.547825  0.782713  0.753345  0.529545  0.603843  0.770003  0.739948  0.709382  0.781390  0.449166  0.565153  0.577480  0.551171  0.699663  0.879773  0.740315  0.473596  0.433441  0.505227  0.736653  0.767136  0.646791  0.772417  0.506653  0.677483  0.595111  0.738849  0.445352  0.367621  0.528457  0.613404  0.727639  0.740120  0.531130  0.420828  0.277927  0.767078 0.0  0.564921  0.607187  0.613012  0.483210  0.689671  0.564365  0.458766  0.667892  0.541909  0.362792  0.533437  0.725342  0.657644 
47  0.389845  0.985123  0.869236  0.507472  0.568730  0.898071  0.733709  0.835871  0.514092  0.620501  0.878524  0.808024  0.585295  0.530292  0.801679  0.690454  0.643644  0.866314  0.577911  0.646827  0.712941  0.506772  0.547677  0.789426  0.733505  0.338709  0.479829  0.639441  0.636451  0.660199  0.663862  0.757205  0.636271  0.710794  0.596812  0.736372  0.541240  0.530765  0.562156  0.603598  0.702686  0.546212  0.638621  0.408590  0.446909  0.766134  0.564921 0.0  0.571992  0.457079  0.541396  0.759973  0.578448  0.477061  0.559782  0.549302  0.463049  0.634905  0.758068  0.678793 
48  0.669856  0.708793  0.754965  0.631429  0.745572  0.873054  0.760029  0.802486  0.622231  0.518692  0.669528  0.650465  0.479160  0.610637  0.638803  0.677457  0.724928  0.733695  0.558223  0.593191  0.513444  0.573179  0.726643  0.786737  0.682517  0.532750  0.710991  0.718950  0.652714  0.742264  0.690668  0.760934  0.537137  0.667821  0.565923  0.597158  0.611512  0.555788  0.669824  0.539621  0.630982  0.603412  0.434569  0.602043  0.636106  0.775759  0.607187  0.571992 0.0  0.530801  0.627650  0.551493  0.549415  0.689628  0.491230  0.388423  0.657924  0.703316  0.657506  0.594046 
49  0.523619  0.775436  0.735145  0.576564  0.751273  0.717426  0.840977  0.841536  0.600201  0.614512  0.816266  0.788106  0.696089  0.593898  0.756784  0.657230  0.583469  0.753291  0.708422  0.621790  0.711422  0.560118  0.649315  0.727411  0.701958  0.574222  0.567478  0.624100  0.737928  0.748964  0.658095  0.695160  0.715777  0.722444  0.528707  0.683794  0.529571  0.639086  0.527352  0.681024  0.655686  0.614243  0.375031  0.662591  0.720245  0.541500  0.613012  0.457079  0.530801 0.0  0.597591  0.628552  0.547332  0.629288  0.416600  0.417584  0.587424  0.739143  0.813283  0.675749 
50  0.492040  0.823973  0.793589  0.530153  0.626556  0.699903  0.811951  0.943748  0.413508  0.688378  0.869320  0.716947  0.528941  0.323051  0.799778  0.735472  0.703482  0.839918  0.598563  0.707573  0.802048  0.556584  0.555075  0.874060  0.629085  0.499012  0.503191  0.615525  0.712600  0.506220  0.642910  0.760449  0.568932  0.829837  0.444820  0.642231  0.430979  0.473922  0.426050  0.570817  0.582163  0.664671  0.515549  0.491296  0.563400  0.554712  0.483210  0.541396  0.627650  0.597591 0.0  0.648115  0.452002  0.521964  0.591702  0.465598  0.439708  0.562662  0.904161  0.718041 
51  0.663714  0.718696  0.545197  0.713728  0.698398  0.864824  0.700329  0.717238  0.738577  0.467359  0.811085  0.728105  0.722607  0.685483  0.722767  0.451458  0.746450  0.668377  0.753118  0.620210  0.491524  0.674789  0.726363  0.922587  0.788636  0.737899  0.755331  0.748361  0.711764  0.917400  0.730821  0.664619  0.680765  0.806002  0.816566  0.582157  0.848819  0.845425  0.674486  0.693250  0.663061  0.677746  0.640803  0.703768  0.742256  0.739742  0.689671  0.759973  0.551493  0.628552  0.648115 0.0  0.635439  0.752118  0.483074  0.706540  0.808798  0.796538  0.745184  0.515107 
52  0.601104  0.835938  0.734828  0.493817  0.592277  0.868366  0.890164  0.791261  0.432604  0.642242  0.778067  0.746196  0.482218  0.433179  0.736966  0.703187  0.653979  0.845211  0.611151  0.624284  0.870898  0.393898  0.486983  0.733924  0.720627  0.600409  0.580137  0.690183  0.661349  0.375163  0.565445  0.855406  0.515245  0.676738  0.262210  0.634791  0.371431  0.585522  0.406237  0.492277  0.808532  0.578434  0.585620  0.525207  0.493583  0.665392  0.564365  0.578448  0.549415  0.547332  0.452002  0.635439 0.0  0.572483  0.578034  0.594231  0.684147  0.574449  0.747333  0.533378 
53  0.490311  0.736405  0.824446  0.337868  0.631281  0.704566  0.806448  0.831679  0.444096  0.660630  0.957863  0.696232  0.552660  0.462244  0.813042  0.807079  0.649356  0.831602  0.369974  0.622015  0.773024  0.582977  0.666102  0.947474  0.735713  0.336254  0.482719  0.511646  0.722416  0.721343  0.635979  0.773517  0.566117  0.732458  0.545341  0.731866  0.574209  0.518380  0.549221  0.585544  0.775363  0.707499  0.567429  0.463508  0.447659  0.602489  0.458766  0.477061  0.689628  0.629288  0.521964  0.752118  0.572483 0.0  0.635987  0.497418  0.283846  0.674650  0.733419  0.694103 
54  0.661427  0.731774  0.655312  0.593363  0.671746  0.845521  0.670681  0.887898  0.626309  0.600036  0.856017  0.594925  0.509269  0.618300  0.727533  0.709293  0.725506  0.692504  0.572232  0.537818  0.579347  0.639569  0.669241  0.749150  0.799255  0.612847  0.598314  0.663724  0.621164  0.747855  0.687384  0.647466  0.585861  0.756733  0.660353  0.672384  0.588132  0.691888  0.610476  0.568824  0.556511  0.637616  0.534572  0.625892  0.609049  0.653644  0.667892  0.559782  0.491230  0.416600  0.591702  0.483074  0.578034  0.635987 0.0  0.455281  0.698536  0.794041  0.735018  0.563216 
55  0.545120  0.867069  0.824195  0.468528  0.639547  0.869104  0.755950  0.839811  0.467898  0.547965  0.864210  0.725060  0.685739  0.466116  0.833365  0.698704  0.740988  0.808919  0.620257  0.520282  0.597179  0.452582  0.556594  0.808482  0.690666  0.559085  0.594419  0.549140  0.640852  0.512924  0.752102  0.753882  0.674335  0.682761  0.464224  0.717826  0.654394  0.629514  0.550500  0.523990  0.739924  0.619076  0.255755  0.509730  0.519729  0.593516  0.541909  0.549302  0.388423  0.417584  0.465598  0.706540  0.594231  0.497418  0.455281 0.0  0.614231  0.678559  0.794084  0.662775 
56  0.476775  0.878957  0.810700  0.474711  0.536966  0.796174  0.835651  0.896677  0.525983  0.508202  0.881635  0.755350  0.563482  0.527129  0.716678  0.833252  0.690063  0.830275  0.343033  0.634585  0.855111  0.677622  0.582828  0.817157  0.673628  0.440658  0.522836  0.518946  0.671588  0.764080  0.799602  0.806059  0.526095  0.622239  0.570071  0.754534  0.628992  0.509222  0.609454  0.716849  0.923247  0.575393  0.497134  0.522717  0.478359  0.846824  0.362792  0.463049  0.657924  0.587424  0.439708  0.808798  0.684147  0.283846  0.698536  0.614231 0.0  0.608760  0.814825  0.590919 
57  0.573535  0.854831  0.781140  0.619509  0.695173  0.869433  0.890651  0.919890  0.482869  0.726704  0.791405  0.774003  0.555133  0.426406  0.762897  0.669634  0.796688  0.871426  0.704248  0.641258  0.902957  0.375507  0.698363  0.697379  0.816702  0.539011  0.753301  0.617106  0.814735  0.332354  0.875346  0.826854  0.383307  0.779688  0.543602  0.697238  0.398918  0.638356  0.516141  0.580924  0.885691  0.598025  0.606043  0.750320  0.505896  0.722665  0.533437  0.634905  0.703316  0.739143  0.562662  0.796538  0.574449  0.674650  0.794041  0.678559  0.608760 0.0  0.769630  0.585723 
58  0.893388  0.452007  0.392521  0.770459  0.690856  0.467652  0.344633  0.643159  0.778781  0.590919  0.706274  0.354986  0.543125  0.720707  0.355692  0.753492  0.668720  0.394223  0.766851  0.558638  0.621356  0.719114  0.727079  0.529894  0.815302  0.793621  0.760898  0.780540  0.584722  0.885322  0.572615  0.502793  0.697817  0.597383  0.723968  0.723960  0.775375  0.718287  0.675503  0.600627  0.399833  0.798669  0.741974  0.719926  0.727883  0.727122  0.725342  0.758068  0.657506  0.813283  0.904161  0.745184  0.747333  0.733419  0.735018  0.794084  0.814825  0.769630 0.0  0.631656 
59  0.823381  0.693087  0.674819  0.701980  0.615403  0.761824  0.656043  0.718593  0.503390  0.603409  0.692150  0.551600  0.545299  0.693355  0.702379  0.575746  0.791600  0.754919  0.721754  0.600415  0.491904  0.566135  0.728949  0.667527  0.635172  0.678719  0.773459  0.704581  0.652127  0.805654  0.696347  0.518958  0.592339  0.729228  0.626698  0.734282  0.529806  0.805355  0.611730  0.616336  0.588373  0.490845  0.665751  0.696231  0.661948  0.692593  0.657644  0.678793  0.594046  0.675749  0.718041  0.515107  0.533378  0.694103  0.563216  0.662775  0.590919  0.585723  0.631656 0.0 
