60
0 0.0  0.810864  0.775062  0.420196  0.615794  0.823503  0.865765  0.865253  0.504030  0.574067  0.848512  0.770922  0.680250  0.431474  0.788434  0.753520  0.723333  0.847717  0.548980  0.652068  0.794012  0.593675  0.644605  0.815049  0.754706  0.251496  0.336474  0.469340  0.830946  0.657370  0.708334  0.816242  0.599784  0.718729  0.588449  0.771189  0.626802  0.519206  0.484475  0.750098  0.796138  0.463945  0.543782  0.317170  0.590323  0.685732  0.449429  0.429805  0.724171  0.600291  0.376226  0.646759  0.592003  0.419944  0.680032  0.550172  0.514658  0.790813  0.832810  0.824209 
1  0.810864 0.0  0.630513  0.794914  0.745509  0.620733  0.512844  0.285473  0.800801  0.824233  0.590525  0.535294  0.822452  0.949440  0.527847  0.759208  0.856795  0.413457  0.921779  0.658564  0.764834  0.850631  0.766621  0.359227  0.774551  0.837204  0.824753  0.932204  0.720198  0.703643  0.596578  0.522953  0.710241  0.557063  0.929365  0.790401  0.944577  0.843813  0.983798  0.786988  0.580911  0.807919  0.805106  0.757874  0.857053  0.866006  0.797330  0.861676  0.766014  0.909979  0.739718  0.887383  0.872416  0.903500  0.774233  0.837341  0.915949  0.805615  0.420163  0.820263 
2  0.775062  0.630513 0.0  0.824349  0.722223  0.584285  0.533279  0.631344  0.786803  0.642962  0.726662  0.426205  0.762013  0.770893  0.473331  0.726223  0.712200  0.408485  0.782971  0.506120  0.607439  0.713088  0.583671  0.724904  0.919302  0.856195  0.778763  0.821408  0.546354  0.867323  0.625430  0.408573  0.757452  0.506577  0.789790  0.683344  0.785600  0.768847  0.862218  0.630798  0.359264  0.649555  0.805502  0.850701  0.792257  0.635427  0.845235  0.858434  0.695316  0.700918  0.762745  0.537631  0.768743  0.731500  0.589406  0.782858  0.852052  0.817954  0.403973  0.618801 
3  0.420196  0.794914  0.824349 0.0  0.631655  0.717183  0.908168  0.803256  0.547705  0.688494  0.831793  0.660298  0.565665  0.504108  0.696870  0.841995  0.690631  0.940562  0.438270  0.651046  0.795037  0.553826  0.665815  0.768277  0.609651  0.433606  0.537503  0.495558  0.712619  0.631168  0.781057  0.725207  0.593327  0.651890  0.524415  0.723459  0.645966  0.457200  0.575424  0.603749  0.834865  0.644008  0.479587  0.348254  0.409100  0.627015  0.523460  0.527244  0.703979  0.554117  0.435181  0.805427  0.453481  0.368559  0.566563  0.495247  0.486909  0.496444  0.813537  0.743983 
4  0.615794  0.745509  0.722223  0.631655 0.0  0.684320  0.759615  0.714613  0.648080  0.548712  0.731060  0.523363  0.544684  0.579978  0.613476  0.751618  0.629938  0.597660  0.614463  0.650721  0.674336  0.635037  0.674587  0.719191  0.678225  0.581481  0.694512  0.670263  0.656084  0.783258  0.502270  0.571705  0.600342  0.597097  0.647033  0.519667  0.630085  0.567754  0.635197  0.642520  0.643718  0.682561  0.560560  0.437957  0.645939  0.686028  0.649027  0.666344  0.591281  0.728808  0.643574  0.637383  0.574569  0.595777  0.767918  0.686623  0.545370  0.697176  0.681323  0.743062 
5  0.823503  0.620733  0.584285  0.717183  0.684320 0.0  0.487596  0.508632  0.815679  0.733678  0.713837  0.634340  0.842361  0.744697  0.532948  0.777490  0.734276  0.550523  0.740435  0.763650  0.795877  0.752103  0.803655  0.622453  0.751118  0.876464  0.848300  0.837273  0.868928  0.800733  0.560795  0.620631  0.844512  0.690114  0.789924  0.792157  0.780149  0.850484  0.854404  0.918107  0.561793  0.814063  0.862034  0.802898  0.882954  0.670378  0.829949  0.748961  0.855651  0.817205  0.787555  0.712284  0.804862  0.787282  0.900160  0.737482  0.888722  0.747516  0.641770  0.854166 
6  0.865765  0.512844  0.533279  0.908168  0.759615  0.487596 0.0  0.396009  0.714338  0.660046  0.782182  0.466744  0.836080  0.717804  0.474400  0.780010  0.764637  0.462789  0.752211  0.593134  0.774463  0.787548  0.693671  0.489253  0.832919  0.757518  0.829531  0.878501  0.670741  0.689988  0.609242  0.544976  0.747087  0.574253  0.920724  0.633232  0.758670  0.739876  0.955310  0.800560  0.453437  0.670120  0.826140  0.844848  0.729770  0.682280  0.797515  0.838135  0.733728  0.700528  0.850892  0.720055  0.869002  0.825232  0.642248  0.810209  0.763715  0.844674  0.435405  0.695374 
7  0.865253  0.285473  0.631344  0.803256  0.714613  0.508632  0.396009 0.0  0.872761  0.651609  0.791426  0.581929  0.717012  0.964573  0.583642  0.686909  0.845905  0.442867  0.819649  0.607441  0.793599  0.840846  0.734858  0.485442  0.941424  0.868306  0.810246  0.885161  0.663400  0.780577  0.719751  0.584916  0.932225  0.604612  0.810573  0.543455  0.982059  0.920794  0.968445  0.845001  0.550261  0.729664  0.805084  0.876267  0.891397  0.820617  0.838770  0.889021  0.842885  0.921008  0.781932  0.727648  0.845731  0.899601  0.781615  0.900707  0.907241  0.787233  0.405995  0.771555 
8  0.504030  0.800801  0.786803  0.547705  0.648080  0.815679  0.714338  0.872761 0.0  0.611621  0.736546  0.743989  0.543421  0.432301  0.733775  0.780323  0.695419  0.831789  0.616070  0.721112  0.711757  0.350713  0.647465  0.773618  0.643037  0.539505  0.535633  0.518384  0.753611  0.460465  0.661584  0.744819  0.393761  0.663568  0.320044  0.649810  0.253296  0.546894  0.311354  0.571920  0.780117  0.552913  0.520750  0.426560  0.582497  0.644382  0.546196  0.526527  0.495581  0.526836  0.470980  0.668555  0.345476  0.498977  0.647104  0.427372  0.533374  0.414458  0.783769  0.686132 
9  0.574067  0.824233  0.642962  0.688494  0.548712  0.733678  0.660046  0.651609  0.611621 0.0  0.752954  0.619398  0.628406  0.595703  0.652812  0.609534  0.630869  0.661667  0.587281  0.617447  0.690256  0.498859  0.581936  0.711884  0.617984  0.605470  0.662302  0.557062  0.507927  0.853378  0.557062  0.681242  0.657083  0.581702  0.590777  0.604978  0.708219  0.509671  0.551763  0.621649  0.544767  0.586734  0.627014  0.517726  0.684822  0.639343  0.547309  0.661425  0.753427  0.668250  0.645572  0.628628  0.576167  0.669440  0.632522  0.696614  0.591112  0.698053  0.499049  0.533042 
10  0.848512  0.590525  0.726662  0.831793  0.731060  0.713837  0.782182  0.791426  0.736546  0.752954 0.0  0.824380  0.558771  0.821664  0.662758  0.752581  0.867062  0.719968  0.786446  0.701859  0.806267  0.748168  0.679461  0.770211  0.782954  0.777326  0.842418  0.726468  0.711343  0.734253  0.856087  0.750578  0.651633  0.739345  0.789795  0.807135  0.927438  0.782506  0.803014  0.741265  0.713839  0.615239  0.742881  0.767653  0.846953  0.761455  0.864575  0.804035  0.637002  0.771881  0.828137  0.808479  0.823231  0.866177  0.714923  0.727420  0.853570  0.869608  0.778623  0.756029 
11  0.770922  0.535294  0.426205  0.660298  0.523363  0.634340  0.466744  0.581929  0.743989  0.619398  0.824380 0.0  0.708499  0.784330  0.451138  0.731277  0.740072  0.458004  0.790886  0.707026  0.668033  0.715359  0.756936  0.643294  0.715465  0.831347  0.679751  0.836938  0.586137  0.948854  0.589074  0.342032  0.785622  0.515493  0.881496  0.628631  0.733150  0.750202  0.687963  0.652444  0.347912  0.753503  0.704824  0.753445  0.765678  0.703358  0.706079  0.787941  0.508228  0.665304  0.729656  0.657617  0.764788  0.814317  0.606977  0.654499  0.801128  0.858386  0.327124  0.658071 
12  0.680250  0.822452  0.762013  0.565665  0.544684  0.842361  0.836080  0.717012  0.543421  0.628406  0.558771  0.708499 0.0  0.577323  0.740938  0.819080  0.785686  0.810601  0.627779  0.502635  0.717216  0.475539  0.621138  0.882209  0.645314  0.598065  0.658057  0.658556  0.675244  0.595779  0.796059  0.723293  0.504987  0.687876  0.578766  0.685965  0.487508  0.625040  0.390730  0.403437  0.599365  0.440096  0.633976  0.641809  0.636243  0.704897  0.663016  0.644338  0.605351  0.560587  0.690427  0.681914  0.473583  0.576231  0.493874  0.536160  0.647860  0.525036  0.724604  0.542513 
13  0.431474  0.949440  0.770893  0.504108  0.579978  0.744697  0.717804  0.964573  0.432301  0.595703  0.821664  0.784330  0.577323 0.0  0.673261  0.722192  0.640942  0.810238  0.466572  0.625129  0.660443  0.563039  0.528866  0.754791  0.715039  0.408713  0.591530  0.580997  0.761111  0.656935  0.774397  0.826108  0.684361  0.680446  0.524387  0.703550  0.408469  0.601261  0.496342  0.666602  0.856679  0.530633  0.575403  0.360350  0.534181  0.504497  0.541033  0.502812  0.608468  0.564335  0.259081  0.657139  0.446866  0.508867  0.633782  0.594136  0.665258  0.670521  0.755402  0.758219 
14  0.788434  0.527847  0.473331  0.696870  0.613476  0.532948  0.474400  0.583642  0.733775  0.652812  0.662758  0.451138  0.740938  0.673261 0.0  0.722556  0.766635  0.397695  0.709885  0.505044  0.599160  0.767807  0.632347  0.594369  0.791365  0.902680  0.896586  0.774526  0.553285  0.852129  0.607570  0.436084  0.490030  0.509699  0.778023  0.530102  0.729807  0.676571  0.733189  0.667878  0.432746  0.732779  0.710866  0.659889  0.678521  0.744229  0.558115  0.727672  0.602127  0.754320  0.746185  0.619216  0.753899  0.746961  0.625341  0.781988  0.603918  0.781457  0.524193  0.672536 
15  0.753520  0.759208  0.726223  0.841995  0.751618  0.777490  0.780010  0.686909  0.780323  0.609534  0.752581  0.731277  0.819080  0.722192  0.722556 0.0  0.739958  0.735944  0.797211  0.549253  0.363688  0.846698  0.705073  0.784982  0.686449  0.859491  0.782453  0.851552  0.751297  0.793175  0.736526  0.670747  0.708915  0.741389  0.868451  0.646510  0.903319  0.759695  0.836550  0.788671  0.796803  0.769673  0.662611  0.816184  0.756846  0.814331  0.856786  0.871796  0.662142  0.529088  0.835093  0.389596  0.761828  0.783012  0.611694  0.640107  0.730279  0.868681  0.758364  0.518933 
16  0.723333  0.856795  0.712200  0.690631  0.629938  0.734276  0.764637  0.845905  0.695419  0.630869  0.867062  0.740072  0.785686  0.640942  0.766635  0.739958 0.0  0.717670  0.773886  0.639609  0.710996  0.545643  0.588531  0.761004  0.316550  0.667925  0.683229  0.704752  0.915196  0.782691  0.534547  0.741487  0.706430  0.699787  0.584143  0.737887  0.599120  0.758150  0.679631  0.796369  0.658967  0.700065  0.741179  0.652157  0.776347  0.677951  0.771504  0.743044  0.743416  0.687186  0.679531  0.708666  0.752108  0.673282  0.698328  0.790991  0.689511  0.780307  0.721063  0.710764 
17  0.847717  0.413457  0.408485  0.940562  0.597660  0.550523  0.462789  0.442867  0.831789  0.661667  0.719968  0.458004  0.810601  0.810238  0.397695  0.735944  0.717670 0.0  0.812840  0.744444  0.679041  0.770543  0.761454  0.450846  0.810235  0.922388  0.830807  0.822551  0.636614  0.938676  0.761681  0.475107  0.759013  0.607554  0.819610  0.572092  0.803650  0.809701  0.859546  0.737157  0.484560  0.713626  0.847631  0.771593  0.854891  0.691731  0.837313  0.856434  0.765788  0.839927  0.950579  0.625384  0.855632  0.926437  0.745040  0.782374  0.822283  0.808988  0.487440  0.580648 
18  0.548980  0.921779  0.782971  0.438270  0.614463  0.740435  0.752211  0.819649  0.616070  0.587281  0.786446  0.790886  0.627779  0.466572  0.709885  0.797211  0.773886  0.812840 0.0  0.705764  0.839137  0.713568  0.711071  0.800107  0.681152  0.518445  0.487437  0.482574  0.695680  0.740627  0.612579  0.763574  0.582598  0.726897  0.626963  0.630850  0.585661  0.592559  0.588545  0.516311  0.736484  0.646960  0.545102  0.446339  0.421978  0.755645  0.452910  0.568398  0.572004  0.631603  0.499177  0.797136  0.588314  0.399511  0.569872  0.563643  0.244651  0.626590  0.734121  0.671723 
19  0.652068  0.658564  0.506120  0.651046  0.650721  0.763650  0.593134  0.607441  0.721112  0.617447  0.701859  0.707026  0.502635  0.625129  0.505044  0.549253  0.639609  0.744444  0.705764 0.0  0.577724  0.677878  0.594329  0.697359  0.567829  0.597609  0.562127  0.545936  0.490495  0.696673  0.608467  0.483421  0.614563  0.655692  0.554495  0.643323  0.553976  0.637895  0.506478  0.438965  0.532188  0.665689  0.601057  0.651178  0.630001  0.740867  0.531020  0.630142  0.465147  0.717570  0.573438  0.707920  0.684756  0.603705  0.678271  0.676273  0.750594  0.719023  0.536992  0.553574 
20  0.794012  0.764834  0.607439  0.795037  0.674336  0.795877  0.774463  0.793599  0.711757  0.690256  0.806267  0.668033  0.717216  0.660443  0.599160  0.363688  0.710996  0.679041  0.839137  0.577724 0.0  0.830749  0.680565  0.770113  0.782471  0.647815  0.665394  0.744834  0.578295  1.000000  0.738913  0.674155  0.736903  0.837340  0.670813  0.669113  0.732327  0.726885  0.650542  0.822005  0.585271  0.608477  0.752049  0.773169  0.797533  0.738806  0.740377  0.812469  0.640123  0.649530  0.705602  0.363173  0.778773  0.719921  0.540896  0.638510  0.817238  0.770061  0.661590  0.428022 
21  0.593675  0.850631  0.713088  0.553826  0.635037  0.752103  0.787548  0.840846  0.350713  0.498859  0.748168  0.715359  0.475539  0.563039  0.767807  0.846698  0.545643  0.770543  0.713568  0.677878  0.830749 0.0  0.635340  0.713656  0.601296  0.586063  0.585694  0.579317  0.550697  0.460750  0.678896  0.782404  0.410030  0.710451  0.325470  0.662068  0.332248  0.691570  0.279017  0.548891  0.818538  0.399066  0.442375  0.619435  0.667965  0.555351  0.574387  0.520247  0.537507  0.576495  0.449565  0.701784  0.372456  0.536173  0.651772  0.489001  0.625218  0.356348  0.767195  0.538806 
22  0.644605  0.766621  0.583671  0.665815  0.674587  0.803655  0.693671  0.734858  0.647465  0.581936  0.679461  0.756936  0.621138  0.528866  0.632347  0.705073  0.588531  0.761454  0.711071  0.594329  0.680565  0.635340 0.0  0.780162  0.621936  0.571947  0.601407  0.738548  0.733946  0.736901  0.582002  0.673072  0.612337  0.824409  0.612625  0.757060  0.593525  0.651575  0.560820  0.735039  0.693784  0.661161  0.528366  0.592930  0.684284  0.599968  0.612399  0.603698  0.608314  0.661509  0.632793  0.873375  0.558237  0.638570  0.686391  0.629982  0.657028  0.629591  0.654625  0.768090 
23  0.815049  0.359227  0.724904  0.768277  0.719191  0.622453  0.489253  0.485442  0.773618  0.711884  0.770211  0.643294  0.882209  0.754791  0.594369  0.784982  0.761004  0.450846  0.800107  0.697359  0.770113  0.713656  0.780162 0.0  0.786610  0.812076  0.792138  0.936131  0.780398  0.632239  0.581803  0.548867  0.877558  0.625180  0.726183  0.884789  0.857017  0.743448  0.757103  0.862046  0.599595  0.796811  0.910361  0.806867  0.809887  0.720323  0.714276  0.730236  0.829111  0.779765  0.862790  0.921305  0.718734  0.811959  0.910789  0.734206  0.806018  0.732333  0.428885  0.760350 
24  0.754706  0.774551  0.919302  0.609651  0.678225  0.751118  0.832919  0.941424  0.643037  0.617984  0.782954  0.715465  0.645314  0.715039  0.791365  0.686449  0.316550  0.810235  0.681152  0.567829  0.782471  0.601296  0.621936  0.786610 0.0  0.667820  0.687368  0.755524  0.761851  0.710326  0.740681  0.784266  0.750517  0.643256  0.798516  0.798494  0.596281  0.680797  0.632082  0.723071  0.666849  0.672154  0.752846  0.659862  0.652061  0.497899  0.738565  0.690381  0.688473  0.668366  0.691743  0.609877  0.739683  0.733992  0.669148  0.737859  0.743717  0.728337  0.800340  0.658328 
25  0.251496  0.837204  0.856195  0.433606  0.581481  0.876464  0.757518  0.868306  0.539505  0.605470  0.777326  0.831347  0.598065  0.408713  0.902680  0.859491  0.667925  0.922388  0.518445  0.597609  0.647815  0.586063  0.571947  0.812076  0.667820 0.0  0.399534  0.563695  0.727826  0.661894  0.670954  0.723185  0.534570  0.692352  0.508169  0.782024  0.599477  0.538293  0.689978  0.637215  0.793995  0.594418  0.627965  0.314473  0.531425  0.595757  0.452181  0.428995  0.679626  0.515742  0.576687  0.688965  0.511243  0.446033  0.610182  0.569648  0.572893  0.710916  0.797614  0.726862 
26  0.336474  0.824753  0.778763  0.537503  0.694512  0.848300  0.829531  0.810246  0.535633  0.662302  0.842418  0.679751  0.658057  0.591530  0.896586  0.782453  0.683229  0.830807  0.487437  0.562127  0.665394  0.585694  0.601407  0.792138  0.687368  0.399534 0.0  0.628156  0.719419  0.692041  0.650868  0.886857  0.518527  0.696480  0.594595  0.711228  0.567435  0.534135  0.477311  0.572532  0.717415  0.607732  0.515608  0.333397  0.453472  0.693730  0.456161  0.387492  0.626126  0.539682  0.589293  0.690223  0.452555  0.456571  0.595586  0.549093  0.533369  0.650592  0.816661  0.711642 
27  0.469340  0.932204  0.821408  0.495558  0.670263  0.837273  0.878501  0.885161  0.518384  0.557062  0.726468  0.836938  0.658556  0.580997  0.774526  0.851552  0.704752  0.822551  0.482574  0.545936  0.744834  0.579317  0.738548  0.936131  0.755524  0.563695  0.628156 0.0  0.809181  0.736528  0.776882  0.704903  0.660929  0.825580  0.709357  0.841329  0.564121  0.536091  0.611448  0.714782  0.754615  0.671602  0.618123  0.586274  0.467173  0.700294  0.459148  0.525232  0.592869  0.711837  0.547214  0.796323  0.549334  0.568513  0.652201  0.688386  0.423881  0.623587  0.739902  0.591395 
28  0.830946  0.720198  0.546354  0.712619  0.656084  0.868928  0.670741  0.663400  0.753611  0.507927  0.711343  0.586137  0.675244  0.761111  0.553285  0.751297  0.915196  0.636614  0.695680  0.490495  0.578295  0.550697  0.733946  0.780398  0.761851  0.727826  0.719419  0.809181 0.0  0.747763  0.766545  0.602532  0.647224  0.709981  0.712559  0.447236  0.652726  0.850172  0.834161  0.666683  0.661360  0.718605  0.570218  0.792628  0.814553  0.469823  0.762366  0.583019  0.547008  0.643023  0.618206  0.635158  0.702056  0.610413  0.592884  0.785395  0.730177  0.719288  0.569446  0.661331 
29  0.657370  0.703643  0.867323  0.631168  0.783258  0.800733  0.689988  0.780577  0.460465  0.853378  0.734253  0.948854  0.595779  0.656935  0.852129  0.793175  0.782691  0.938676  0.740627  0.696673  1.000000  0.460750  0.736901  0.632239  0.710326  0.661894  0.692041  0.736528  0.747763 0.0  0.849641  0.905086  0.413972  0.845755  0.390279  0.870690  0.466620  0.719202  0.495241  0.593227  0.810632  0.622280  0.682995  0.677942  0.646804  0.784249  0.648913  0.699503  0.670411  0.645970  0.514580  0.856120  0.313514  0.535936  0.901459  0.556955  0.730653  0.499826  0.777888  0.756180 
30  0.708334  0.596578  0.625430  0.781057  0.502270  0.560795  0.609242  0.719751  0.661584  0.557062  0.856087  0.589074  0.796059  0.774397  0.607570  0.736526  0.534547  0.761681  0.612579  0.608467  0.738913  0.678896  0.582002  0.581803  0.740681  0.670954  0.650868  0.776882  0.766545  0.849641 0.0  0.650724  0.744686  0.420195  0.733511  0.769029  0.698861  0.811292  0.654832  0.763665  0.581280  0.707452  0.722175  0.730174  0.691865  0.617276  0.512456  0.768662  0.826100  0.717181  0.603396  0.701163  0.672323  0.673000  0.742455  0.662251  0.580043  0.762907  0.593011  0.587317 
31  0.816242  0.522953  0.408573  0.725207  0.571705  0.620631  0.544976  0.584916  0.744819  0.681242  0.750578  0.342032  0.723293  0.826108  0.436084  0.670747  0.741487  0.475107  0.763574  0.483421  0.674155  0.782404  0.673072  0.548867  0.784266  0.723185  0.886857  0.704903  0.602532  0.905086  0.650724 0.0  0.713795  0.520813  0.790198  0.561341  0.915160  0.815358  0.738709  0.761324  0.354761  0.711766  0.735732  0.864253  0.815823  0.677036  0.704141  0.763129  0.711418  0.703947  0.817985  0.703180  0.779910  0.790924  0.661386  0.787430  0.710720  0.866190  0.370799  0.664518 
32  0.599784  0.710241  0.757452  0.593327  0.600342  0.844512  0.747087  0.932225  0.393761  0.657083  0.651633  0.785622  0.504987  0.684361  0.490030  0.708915  0.706430  0.759013  0.582598  0.614563  0.736903  0.410030  0.612337  0.877558  0.750517  0.534570  0.518527  0.660929  0.647224  0.413972  0.744686  0.713795 0.0  0.753669  0.418709  0.671911  0.481383  0.641990  0.534752  0.454941  0.621163  0.528563  0.585242  0.655805  0.625042  0.926916  0.590469  0.630238  0.495780  0.691944  0.522454  0.730708  0.504789  0.567668  0.605756  0.539752  0.580667  0.461883  0.636146  0.619597 
33  0.718729  0.557063  0.506577  0.651890  0.597097  0.690114  0.574253  0.604612  0.663568  0.581702  0.739345  0.515493  0.687876  0.680446  0.509699  0.741389  0.699787  0.607554  0.726897  0.655692  0.837340  0.710451  0.824409  0.625180  0.643256  0.692352  0.696480  0.825580  0.709981  0.845755  0.420195  0.520813  0.753669 0.0  0.727322  0.668597  0.732751  0.581580  0.816198  0.804829  0.620960  0.807435  0.744170  0.647105  0.709533  0.807395  0.746393  0.691185  0.694027  0.765383  0.859490  0.812433  0.700734  0.806713  0.782968  0.698998  0.595288  0.821298  0.491135  0.663514 
34  0.588449  0.929365  0.789790  0.524415  0.647033  0.789924  0.920724  0.810573  0.320044  0.590777  0.789795  0.881496  0.578766  0.524387  0.778023  0.868451  0.584143  0.819610  0.626963  0.554495  0.670813  0.325470  0.612625  0.726183  0.798516  0.508169  0.594595  0.709357  0.712559  0.390279  0.733511  0.790198  0.418709  0.727322 0.0  0.739167  0.373767  0.594449  0.483990  0.505743  0.750795  0.581218  0.500418  0.488313  0.576927  0.592310  0.651653  0.649046  0.576738  0.522236  0.491699  0.686484  0.391095  0.536804  0.694871  0.506565  0.649747  0.495873  0.692159  0.576354 
35  0.771189  0.790401  0.683344  0.723459  0.519667  0.792157  0.633232  0.543455  0.649810  0.604978  0.807135  0.628631  0.685965  0.703550  0.530102  0.646510  0.737887  0.572092  0.630850  0.643323  0.669113  0.662068  0.757060  0.884789  0.798494  0.782024  0.711228  0.841329  0.447236  0.870690  0.769029  0.561341  0.671911  0.668597  0.739167 0.0  0.668009  0.648315  0.676065  0.573689  0.563818  0.583267  0.639532  0.717437  0.755202  0.486856  0.629182  0.690549  0.654409  0.672823  0.708462  0.672538  0.669299  0.615085  0.638567  0.733267  0.718420  0.757438  0.603246  0.644962 
36  0.626802  0.944577  0.785600  0.645966  0.630085  0.780149  0.758670  0.982059  0.253296  0.708219  0.927438  0.733150  0.487508  0.408469  0.729807  0.903319  0.599120  0.803650  0.585661  0.553976  0.732327  0.332248  0.593525  0.857017  0.596281  0.599477  0.567435  0.564121  0.652726  0.466620  0.698861  0.915160  0.481383  0.732751  0.373767  0.668009 0.0  0.590478  0.303026  0.550172  0.895983  0.499326  0.494703  0.693792  0.537347  0.425716  0.492262  0.623619  0.589314  0.531729  0.422762  0.747716  0.444567  0.681319  0.571376  0.431578  0.522208  0.342223  0.781275  0.586831 
37  0.519206  0.843813  0.768847  0.457200  0.567754  0.850484  0.739876  0.920794  0.546894  0.509671  0.782506  0.750202  0.625040  0.601261  0.676571  0.759695  0.758150  0.809701  0.592559  0.637895  0.726885  0.691570  0.651575  0.743448  0.680797  0.538293  0.534135  0.536091  0.850172  0.719202  0.811292  0.815358  0.641990  0.581580  0.594449  0.648315  0.590478 0.0  0.651314  0.757926  0.744989  0.722285  0.566881  0.554000  0.392871  0.719348  0.391985  0.602822  0.560972  0.725296  0.539717  0.840977  0.611289  0.380879  0.609206  0.580429  0.463025  0.577919  0.680170  0.808702 
38  0.484475  0.983798  0.862218  0.575424  0.635197  0.854404  0.955310  0.968445  0.311354  0.551763  0.803014  0.687963  0.390730  0.496342  0.733189  0.836550  0.679631  0.859546  0.588545  0.506478  0.650542  0.279017  0.560820  0.757103  0.632082  0.689978  0.477311  0.611448  0.834161  0.495241  0.654832  0.738709  0.534752  0.816198  0.483990  0.676065  0.303026  0.651314 0.0  0.525776  0.806693  0.416876  0.600418  0.542094  0.635092  0.503420  0.543485  0.496781  0.544543  0.639727  0.582065  0.634905  0.366906  0.464655  0.670937  0.482388  0.622317  0.492953  0.773937  0.496812 
39  0.750098  0.786988  0.630798  0.603749  0.642520  0.918107  0.800560  0.845001  0.571920  0.621649  0.741265  0.652444  0.403437  0.666602  0.667878  0.788671  0.796369  0.737157  0.516311  0.438965  0.822005  0.548891  0.735039  0.862046  0.723071  0.637215  0.572532  0.714782  0.666683  0.593227  0.763665  0.761324  0.454941  0.804829  0.505743  0.573689  0.550172  0.757926  0.525776 0.0  0.671957  0.306659  0.522778  0.608284  0.550756  0.813131  0.670650  0.656597  0.573015  0.650099  0.657933  0.776220  0.490112  0.581245  0.519124  0.561868  0.663383  0.479527  0.647138  0.419142 
40  0.796138  0.580911  0.359264  0.834865  0.643718  0.561793  0.453437  0.550261  0.780117  0.544767  0.713839  0.347912  0.599365  0.856679  0.432746  0.796803  0.658967  0.484560  0.736484  0.532188  0.585271  0.818538  0.693784  0.599595  0.666849  0.793995  0.717415  0.754615  0.661360  0.810632  0.581280  0.354761  0.621163  0.620960  0.750795  0.563818  0.895983  0.744989  0.806693  0.671957 0.0  0.679937  0.732453  0.928841  0.787618  0.651885  0.670337  0.855361  0.757555  0.832963  0.775452  0.658414  0.967440  0.824375  0.739927  0.764833  0.735458  0.839887  0.378870  0.678231 
41  0.463945  0.807919  0.649555  0.644008  0.682561  0.814063  0.670120  0.729664  0.552913  0.586734  0.615239  0.753503  0.440096  0.530633  0.732779  0.769673  0.700065  0.713626  0.646960  0.665689  0.608477  0.399066  0.661161  0.796811  0.672154  0.594418  0.607732  0.671602  0.718605  0.622280  0.707452  0.711766  0.528563  0.807435  0.581218  0.583267  0.499326  0.722285  0.416876  0.306659  0.679937 0.0  0.616621  0.562060  0.631444  0.694783  0.527438  0.635489  0.583748  0.586066  0.578526  0.675692  0.511853  0.770400  0.504660  0.639861  0.697968  0.503199  0.669032  0.508434 
42  0.543782  0.805106  0.805502  0.479587  0.560560  0.862034  0.826140  0.805084  0.520750  0.627014  0.742881  0.704824  0.633976  0.575403  0.710866  0.662611  0.741179  0.847631  0.545102  0.601057  0.752049  0.442375  0.528366  0.910361  0.752846  0.627965  0.515608  0.618123  0.570218  0.682995  0.722175  0.735732  0.585242  0.744170  0.500418  0.639532  0.494703  0.566881  0.600418  0.522778  0.732453  0.616621 0.0  0.406391  0.570028  0.428526  0.607711  0.504305  0.425470  0.477764  0.524126  0.681642  0.548770  0.520341  0.356282  0.255730  0.561312  0.612254  0.814436  0.648387 
43  0.317170  0.757874  0.850701  0.348254  0.437957  0.802898  0.844848  0.876267  0.426560  0.517726  0.767653  0.753445  0.641809  0.360350  0.659889  0.816184  0.652157  0.771593  0.446339  0.651178  0.773169  0.619435  0.592930  0.806867  0.659862  0.314473  0.333397  0.586274  0.792628  0.677942  0.730174  0.864253  0.655805  0.647105  0.488313  0.717437  0.693792  0.554000  0.542094  0.608284  0.928841  0.562060  0.406391 0.0  0.491405  0.643536  0.508942  0.407065  0.723876  0.525853  0.476958  0.759695  0.522228  0.510198  0.655030  0.633764  0.501213  0.626047  0.743590  0.636232 
44  0.590323  0.857053  0.792257  0.409100  0.645939  0.882954  0.729770  0.891397  0.582497  0.684822  0.846953  0.765678  0.636243  0.534181  0.678521  0.756846  0.776347  0.854891  0.421978  0.630001  0.797533  0.667965  0.684284  0.809887  0.652061  0.531425  0.453472  0.467173  0.814553  0.646804  0.691865  0.815823  0.625042  0.709533  0.576927  0.755202  0.537347  0.392871  0.635092  0.550756  0.787618  0.631444  0.570028  0.491405 0.0  0.714785  0.214568  0.509694  0.597888  0.591192  0.492505  0.814066  0.550364  0.419307  0.626788  0.542207  0.585855  0.522461  0.680129  0.699488 
45  0.685732  0.866006  0.635427  0.627015  0.686028  0.670378  0.682280  0.820617  0.644382  0.639343  0.761455  0.703358  0.704897  0.504497  0.744229  0.814331  0.677951  0.691731  0.755645  0.740867  0.738806  0.555351  0.599968  0.720323  0.497899  0.595757  0.693730  0.700294  0.469823  0.784249  0.617276  0.677036  0.926916  0.807395  0.592310  0.486856  0.425716  0.719348  0.503420  0.813131  0.651885  0.694783  0.428526  0.643536  0.714785 0.0  0.713295  0.605116  0.763536  0.586535  0.546116  0.728952  0.685923  0.686317  0.781997  0.598872  0.722113  0.766134  0.669258  0.769210 
46  0.449429  0.797330  0.845235  0.523460  0.649027  0.829949  0.797515  0.838770  0.546196  0.547309  0.864575  0.706079  0.663016  0.541033  0.558115  0.856786  0.771504  0.837313  0.452910  0.531020  0.740377  0.574387  0.612399  0.714276  0.738565  0.452181  0.456161  0.459148  0.762366  0.648913  0.512456  0.704141  0.590469  0.746393  0.651653  0.629182  0.492262  0.391985  0.543485  0.670650  0.670337  0.527438  0.607711  0.508942  0.214568  0.713295 0.0  0.626735  0.568458  0.675183  0.449144  0.760083  0.509187  0.510789  0.622252  0.590936  0.486474  0.646799  0.739878  0.759133 
47  0.429805  0.861676  0.858434  0.527244  0.666344  0.748961  0.838135  0.889021  0.526527  0.661425  0.804035  0.787941  0.644338  0.502812  0.727672  0.871796  0.743044  0.856434  0.568398  0.630142  0.812469  0.520247  0.603698  0.730236  0.690381  0.428995  0.387492  0.525232  0.583019  0.699503  0.768662  0.763129  0.630238  0.691185  0.649046  0.690549  0.623619  0.602822  0.496781  0.656597  0.855361  0.635489  0.504305  0.407065  0.509694  0.605116  0.626735 0.0  0.636875  0.540539  0.517268  0.669891  0.542919  0.522575  0.556206  0.543101  0.494051  0.617246  0.735441  0.644671 
48  0.724171  0.766014  0.695316  0.703979  0.591281  0.855651  0.733728  0.842885  0.495581  0.753427  0.637002  0.508228  0.605351  0.608468  0.602127  0.662142  0.743416  0.765788  0.572004  0.465147  0.640123  0.537507  0.608314  0.829111  0.688473  0.679626  0.626126  0.592869  0.547008  0.670411  0.826100  0.711418  0.495780  0.694027  0.576738  0.654409  0.589314  0.560972  0.544543  0.573015  0.757555  0.583748  0.425470  0.723876  0.597888  0.763536  0.568458  0.636875 0.0  0.511959  0.586175  0.435534  0.585165  0.508165  0.456654  0.443261  0.570426  0.822233  0.764239  0.625738 
49  0.600291  0.909979  0.700918  0.554117  0.728808  0.817205  0.700528  0.921008  0.526836  0.668250  0.771881  0.665304  0.560587  0.564335  0.754320  0.529088  0.687186  0.839927  0.631603  0.717570  0.649530  0.576495  0.661509  0.779765  0.668366  0.515742  0.539682  0.711837  0.643023  0.645970  0.717181  0.703947  0.691944  0.765383  0.522236  0.672823  0.531729  0.725296  0.639727  0.650099  0.832963  0.586066  0.477764  0.525853  0.591192  0.586535  0.675183  0.540539  0.511959 0.0  0.491801  0.621136  0.521900  0.592938  0.521123  0.431185  0.579968  0.726471  0.736756  0.625946 
50  0.376226  0.739718  0.762745  0.435181  0.643574  0.787555  0.850892  0.781932  0.470980  0.645572  0.828137  0.729656  0.690427  0.259081  0.746185  0.835093  0.679531  0.950579  0.499177  0.573438  0.705602  0.449565  0.632793  0.862790  0.691743  0.576687  0.589293  0.547214  0.618206  0.514580  0.603396  0.817985  0.522454  0.859490  0.491699  0.708462  0.422762  0.539717  0.582065  0.657933  0.775452  0.578526  0.524126  0.476958  0.492505  0.546116  0.449144  0.517268  0.586175  0.491801 0.0  0.691409  0.599566  0.438926  0.670696  0.573951  0.588763  0.426339  0.703635  0.644988 
51  0.646759  0.887383  0.537631  0.805427  0.637383  0.712284  0.720055  0.727648  0.668555  0.628628  0.808479  0.657617  0.681914  0.657139  0.619216  0.389596  0.708666  0.625384  0.797136  0.707920  0.363173  0.701784  0.873375  0.921305  0.609877  0.688965  0.690223  0.796323  0.635158  0.856120  0.701163  0.703180  0.730708  0.812433  0.686484  0.672538  0.747716  0.840977  0.634905  0.776220  0.658414  0.675692  0.681642  0.759695  0.814066  0.728952  0.760083  0.669891  0.435534  0.621136  0.691409 0.0  0.784248  0.819879  0.575284  0.694466  0.754180  0.777902  0.614395  0.389308 
52  0.592003  0.872416  0.768743  0.453481  0.574569  0.804862  0.869002  0.845731  0.345476  0.576167  0.823231  0.764788  0.473583  0.446866  0.753899  0.761828  0.752108  0.855632  0.588314  0.684756  0.778773  0.372456  0.558237  0.718734  0.739683  0.511243  0.452555  0.549334  0.702056  0.313514  0.672323  0.779910  0.504789  0.700734  0.391095  0.669299  0.444567  0.611289  0.366906  0.490112  0.967440  0.511853  0.548770  0.522228  0.550364  0.685923  0.509187  0.542919  0.585165  0.521900  0.599566  0.784248 0.0  0.509755  0.676222  0.600886  0.574218  0.463910  0.748047  0.477048 
53  0.419944  0.903500  0.731500  0.368559  0.595777  0.787282  0.825232  0.899601  0.498977  0.669440  0.866177  0.814317  0.576231  0.508867  0.746961  0.783012  0.673282  0.926437  0.399511  0.603705  0.719921  0.536173  0.638570  0.811959  0.733992  0.446033  0.456571  0.568513  0.610413  0.535936  0.673000  0.790924  0.567668  0.806713  0.536804  0.615085  0.681319  0.380879  0.464655  0.581245  0.824375  0.770400  0.520341  0.510198  0.419307  0.686317  0.510789  0.522575  0.508165  0.592938  0.438926  0.819879  0.509755 0.0  0.560152  0.453180  0.409484  0.542064  0.799688  0.773005 
54  0.680032  0.774233  0.589406  0.566563  0.767918  0.900160  0.642248  0.781615  0.647104  0.632522  0.714923  0.606977  0.493874  0.633782  0.625341  0.611694  0.698328  0.745040  0.569872  0.678271  0.540896  0.651772  0.686391  0.910789  0.669148  0.610182  0.595586  0.652201  0.592884  0.901459  0.742455  0.661386  0.605756  0.782968  0.694871  0.638567  0.571376  0.609206  0.670937  0.519124  0.739927  0.504660  0.356282  0.655030  0.626788  0.781997  0.622252  0.556206  0.456654  0.521123  0.670696  0.575284  0.676222  0.560152 0.0  0.422845  0.634405  0.627661  0.615836  0.585680 
55  0.550172  0.837341  0.782858  0.495247  0.686623  0.737482  0.810209  0.900707  0.427372  0.696614  0.727420  0.654499  0.536160  0.594136  0.781988  0.640107  0.790991  0.782374  0.563643  0.676273  0.638510  0.489001  0.629982  0.734206  0.737859  0.569648  0.549093  0.688386  0.785395  0.556955  0.662251  0.787430  0.539752  0.698998  0.506565  0.733267  0.431578  0.580429  0.482388  0.561868  0.764833  0.639861  0.255730  0.633764  0.542207  0.598872  0.590936  0.543101  0.443261  0.431185  0.573951  0.694466  0.600886  0.453180  0.422845 0.0  0.489532  0.622516  0.676888  0.708934 
56  0.514658  0.915949  0.852052  0.486909  0.545370  0.888722  0.763715  0.907241  0.533374  0.591112  0.853570  0.801128  0.647860  0.665258  0.603918  0.730279  0.689511  0.822283  0.244651  0.750594  0.817238  0.625218  0.657028  0.806018  0.743717  0.572893  0.533369  0.423881  0.730177  0.730653  0.580043  0.710720  0.580667  0.595288  0.649747  0.718420  0.522208  0.463025  0.622317  0.663383  0.735458  0.697968  0.561312  0.501213  0.585855  0.722113  0.486474  0.494051  0.570426  0.579968  0.588763  0.754180  0.574218  0.409484  0.634405  0.489532 0.0  0.609953  0.812599  0.702991 
57  0.790813  0.805615  0.817954  0.496444  0.697176  0.747516  0.844674  0.787233  0.414458  0.698053  0.869608  0.858386  0.525036  0.670521  0.781457  0.868681  0.780307  0.808988  0.626590  0.719023  0.770061  0.356348  0.629591  0.732333  0.728337  0.710916  0.650592  0.623587  0.719288  0.499826  0.762907  0.866190  0.461883  0.821298  0.495873  0.757438  0.342223  0.577919  0.492953  0.479527  0.839887  0.503199  0.612254  0.626047  0.522461  0.766134  0.646799  0.617246  0.822233  0.726471  0.426339  0.777902  0.463910  0.542064  0.627661  0.622516  0.609953 0.0  0.797142  0.620298 
58  0.832810  0.420163  0.403973  0.813537  0.681323  0.641770  0.435405  0.405995  0.783769  0.499049  0.778623  0.327124  0.724604  0.755402  0.524193  0.758364  0.721063  0.487440  0.734121  0.536992  0.661590  0.767195  0.654625  0.428885  0.800340  0.797614  0.816661  0.739902  0.569446  0.777888  0.593011  0.370799  0.636146  0.491135  0.692159  0.603246  0.781275  0.680170  0.773937  0.647138  0.378870  0.669032  0.814436  0.743590  0.680129  0.669258  0.739878  0.735441  0.764239  0.736756  0.703635  0.614395  0.748047  0.799688  0.615836  0.676888  0.812599  0.797142 0.0  0.609610 
59  0.824209  0.820263  0.618801  0.743983  0.743062  0.854166  0.695374  0.771555  0.686132  0.533042  0.756029  0.658071  0.542513  0.758219  0.672536  0.518933  0.710764  0.580648  0.671723  0.553574  0.428022  0.538806  0.768090  0.760350  0.658328  0.726862  0.711642  0.591395  0.661331  0.756180  0.587317  0.664518  0.619597  0.663514  0.576354  0.644962  0.586831  0.808702  0.496812  0.419142  0.678231  0.508434  0.648387  0.636232  0.699488  0.769210  0.759133  0.644671  0.625738  0.625946  0.644988  0.389308  0.477048  0.773005  0.585680  0.708934  0.702991  0.620298  0.609610 0.0 
