60
0 0.0  0.937885  0.794049  0.400374  0.644320  0.864067  0.798194  0.967843  0.474742  0.682705  0.773918  0.716065  0.618569  0.464382  0.720692  0.728324  0.642059  0.831052  0.429040  0.531418  0.733920  0.558002  0.734590  0.734557  0.739631  0.153746  0.265873  0.549721  0.794373  0.565661  0.730965  0.714063  0.683217  0.749021  0.596578  0.737567  0.568757  0.570640  0.597818  0.636723  0.796024  0.706613  0.457184  0.274795  0.404176  0.642742  0.452510  0.344775  0.635950  0.567364  0.518028  0.862140  0.426502  0.510880  0.570082  0.435749  0.444893  0.739544  0.810997  0.748020 
1  0.937885 0.0  0.623215  0.880779  0.777335  0.561066  0.510738  0.425603  0.840149  0.657759  0.721713  0.521257  0.798861  0.859618  0.597511  0.820550  0.836214  0.416530  0.935839  0.689982  0.921427  0.781191  0.788039  0.375160  0.822756  0.853906  0.856009  0.790233  0.778372  0.757527  0.653546  0.534388  0.839081  0.735243  0.858768  0.736181  0.942246  0.833481  0.906984  0.827329  0.538440  0.827016  0.799562  0.921759  0.892114  0.834529  0.829291  0.883463  0.789963  0.882528  0.852281  0.810057  0.887858  0.861067  0.889435  0.872171  0.909329  0.782929  0.531810  0.780422 
2  0.794049  0.623215 0.0  0.855081  0.726236  0.679562  0.373589  0.465348  0.810354  0.558465  0.743477  0.328209  0.756070  0.784020  0.468844  0.706700  0.702131  0.372629  0.725763  0.550420  0.658106  0.793756  0.746780  0.723201  0.750276  0.887981  0.894035  0.950436  0.615399  0.982984  0.533220  0.430547  0.723334  0.644335  0.834497  0.599340  0.683047  0.775522  0.810549  0.777567  0.303162  0.808135  0.729183  0.877255  0.803623  0.722936  0.711658  0.767417  0.643106  0.845449  0.820959  0.706841  0.821684  0.700860  0.607079  0.711255  0.786727  0.834009  0.385523  0.634803 
3  0.400374  0.880779  0.855081 0.0  0.672919  0.737763  0.739539  0.880680  0.377613  0.655792  0.927668  0.934084  0.578384  0.479245  0.604563  0.674644  0.733466  0.932892  0.447061  0.715846  0.744187  0.501166  0.626670  0.896426  0.654703  0.470732  0.486083  0.483810  0.823223  0.504277  0.667449  0.773734  0.626502  0.750417  0.638818  0.630047  0.607832  0.514037  0.524508  0.553648  0.765588  0.696134  0.536237  0.339042  0.529191  0.613997  0.386596  0.400077  0.533119  0.560062  0.551583  0.784205  0.467032  0.472193  0.641671  0.540752  0.471214  0.635114  0.826236  0.802940 
4  0.644320  0.777335  0.726236  0.672919 0.0  0.685470  0.665229  0.765514  0.705878  0.516366  0.602689  0.553151  0.578658  0.680809  0.624928  0.610874  0.715798  0.639176  0.705032  0.581175  0.688845  0.596793  0.607181  0.697391  0.878342  0.686585  0.557710  0.683429  0.733071  0.781913  0.588778  0.676235  0.565362  0.561597  0.540590  0.547546  0.592595  0.631205  0.669342  0.749402  0.570605  0.731920  0.590941  0.686199  0.675132  0.658981  0.638660  0.599029  0.648859  0.701838  0.510793  0.658180  0.507346  0.607156  0.590327  0.597982  0.614354  0.631056  0.626309  0.782691 
5  0.864067  0.561066  0.679562  0.737763  0.685470 0.0  0.544356  0.560848  0.747547  0.762772  0.740310  0.661553  0.807881  0.864577  0.538477  0.890837  0.755290  0.661918  0.759432  0.601478  0.950934  0.728513  0.792171  0.444557  0.739976  0.897165  0.782578  0.980048  0.811108  0.813325  0.810598  0.635629  0.741912  0.625567  0.837170  0.725939  0.882680  0.968947  0.842661  0.922985  0.635112  0.882613  0.812277  0.758550  0.768727  0.747316  0.889956  0.731432  0.855344  0.810025  0.900682  0.828437  0.829511  0.878483  0.910856  0.739132  0.837727  0.637485  0.498293  0.791882 
6  0.798194  0.510738  0.373589  0.739539  0.665229  0.544356 0.0  0.452679  0.801667  0.764425  0.745318  0.460865  0.806497  0.897154  0.486403  0.715401  0.802606  0.558969  0.831779  0.635243  0.757298  0.788208  0.686616  0.696319  0.913167  0.932862  0.726149  0.842040  0.690504  0.785868  0.816873  0.495253  0.772619  0.675955  0.909379  0.732884  0.805966  0.733676  0.898948  0.664905  0.458135  0.691046  0.751589  0.912231  0.809686  0.729103  0.856014  0.757351  0.813989  0.807796  0.880191  0.837773  0.921997  0.751517  0.751448  0.812256  0.983600  0.759834  0.556203  0.816574 
7  0.967843  0.425603  0.465348  0.880680  0.765514  0.560848  0.452679 0.0  0.787148  0.758348  0.658452  0.388835  0.901783  0.862243  0.578816  0.740359  0.930199  0.439372  0.771630  0.760465  0.845355  0.918324  0.809618  0.560604  0.981510  0.905045  0.888380  0.846781  0.670269  0.675976  0.637412  0.566414  0.673876  0.635763  0.880723  0.759513  0.913889  0.826064  0.851363  0.760193  0.501882  0.840642  0.933403  0.804789  0.777246  0.821578  0.897414  0.859830  0.847048  0.805001  0.920944  0.814227  0.698981  0.920454  0.841127  0.832026  0.877000  0.851480  0.417514  0.669387 
8  0.474742  0.840149  0.810354  0.377613  0.705878  0.747547  0.801667  0.787148 0.0  0.577774  0.805956  0.839788  0.525493  0.512901  0.684946  0.766322  0.694125  0.900257  0.557128  0.620108  0.689972  0.267112  0.594607  0.742730  0.755774  0.521257  0.564353  0.698305  0.706595  0.625927  0.627562  0.816038  0.400892  0.702069  0.313948  0.694067  0.317912  0.635835  0.435547  0.532673  0.842654  0.652254  0.487739  0.541241  0.498849  0.735007  0.599227  0.490023  0.624474  0.498201  0.439232  0.713393  0.294939  0.450944  0.680652  0.519506  0.584658  0.452025  0.812692  0.633337 
9  0.682705  0.657759  0.558465  0.655792  0.516366  0.762772  0.764425  0.758348  0.577774 0.0  0.863637  0.665352  0.528242  0.631613  0.650605  0.607375  0.686312  0.823625  0.599596  0.576112  0.751709  0.627647  0.628169  0.755839  0.689126  0.640253  0.578384  0.670872  0.606965  0.803223  0.601196  0.687591  0.626861  0.597429  0.606265  0.577032  0.586830  0.645289  0.579560  0.551141  0.613504  0.627716  0.585037  0.527141  0.719045  0.560974  0.594917  0.489695  0.645853  0.607281  0.692719  0.614275  0.680415  0.660006  0.583931  0.541657  0.558637  0.712956  0.681511  0.537370 
10  0.773918  0.721713  0.743477  0.927668  0.602689  0.740310  0.745318  0.658452  0.805956  0.863637 0.0  0.912279  0.795538  0.822212  0.886790  0.674507  0.766489  0.729862  0.775333  0.547870  0.763216  0.901893  0.625076  0.916664  0.864927  0.899381  0.768541  0.912073  0.713322  0.851890  0.729380  0.774151  0.772651  0.928055  0.710302  0.823355  0.866668  0.776610  0.811487  0.735089  0.775125  0.713707  0.801814  0.855623  0.887186  0.726531  0.763430  0.733837  0.857967  0.786629  0.781485  0.726089  0.921586  0.868062  0.745039  0.934069  0.805555  0.795769  0.665828  0.811562 
11  0.716065  0.521257  0.328209  0.934084  0.553151  0.661553  0.460865  0.388835  0.839788  0.665352  0.912279 0.0  0.786348  0.739654  0.403974  0.814266  0.757215  0.340584  0.796484  0.612798  0.711102  0.742132  0.655028  0.522112  0.796126  0.786215  0.866183  0.770872  0.692106  0.884999  0.630258  0.270952  0.659153  0.688429  0.864137  0.645464  0.747312  0.860514  0.645714  0.723537  0.353698  0.685345  0.755043  0.797150  0.881040  0.618571  0.723403  0.727657  0.721706  0.751578  0.812017  0.661246  0.762112  0.684646  0.635401  0.794880  0.792179  0.884599  0.345249  0.732163 
12  0.618569  0.798861  0.756070  0.578384  0.578658  0.807881  0.806497  0.901783  0.525493  0.528242  0.795538  0.786348 0.0  0.552790  0.706032  0.688594  0.766141  0.846558  0.541132  0.527653  0.846300  0.412803  0.687352  0.950725  0.862367  0.693046  0.768541  0.707540  0.573064  0.689126  0.896665  0.796555  0.378272  0.750236  0.481904  0.645085  0.507713  0.593515  0.564403  0.439921  0.748694  0.507032  0.641680  0.595424  0.638321  0.718256  0.534483  0.611015  0.469183  0.569686  0.627915  0.679267  0.544210  0.593367  0.623608  0.497708  0.558066  0.545171  0.632444  0.492757 
13  0.464382  0.859618  0.784020  0.479245  0.680809  0.864577  0.897154  0.862243  0.512901  0.631613  0.822212  0.739654  0.552790 0.0  0.718087  0.750647  0.681575  0.790655  0.446222  0.637493  0.853551  0.420957  0.552291  0.863531  0.634715  0.427319  0.498650  0.580138  0.674348  0.669153  0.714407  0.768341  0.488950  0.776007  0.511026  0.627552  0.591566  0.487920  0.601109  0.632614  0.806334  0.521868  0.550826  0.576844  0.482984  0.686163  0.441852  0.578739  0.545278  0.510165  0.215278  0.862705  0.518172  0.447384  0.526987  0.639702  0.472625  0.629851  0.723676  0.824862 
14  0.720692  0.597511  0.468844  0.604563  0.624928  0.538477  0.486403  0.578816  0.684946  0.650605  0.886790  0.403974  0.706032  0.718087 0.0  0.718702  0.670250  0.522212  0.726649  0.608487  0.705716  0.761105  0.767879  0.569775  0.933606  0.722389  0.796597  0.775419  0.671813  0.759467  0.581014  0.513398  0.697360  0.495907  0.842346  0.613493  0.840131  0.752856  0.904118  0.684570  0.460384  0.725854  0.763502  0.701299  0.689883  0.597257  0.641365  0.734135  0.641744  0.687277  0.755712  0.619845  0.753591  0.797954  0.705049  0.789576  0.752553  0.840438  0.377586  0.670580 
15  0.728324  0.820550  0.706700  0.674644  0.610874  0.890837  0.715401  0.740359  0.766322  0.607375  0.674507  0.814266  0.688594  0.750647  0.718702 0.0  0.772158  0.658841  0.749667  0.763515  0.329528  0.773664  0.795624  0.809941  0.763528  0.807246  0.801900  0.731894  0.745362  0.791876  0.820727  0.680944  0.728446  0.895333  0.793308  0.784486  0.716503  0.747281  0.918222  0.884275  0.733156  0.847627  0.559488  0.802263  0.806232  0.717138  0.936468  0.833639  0.616464  0.717560  0.795458  0.441004  0.673664  0.707387  0.629779  0.683462  0.733161  0.830234  0.742837  0.454966 
16  0.642059  0.836214  0.702131  0.733466  0.715798  0.755290  0.802606  0.930199  0.694125  0.686312  0.766489  0.757215  0.766141  0.681575  0.670250  0.772158 0.0  0.720596  0.707205  0.651168  0.856471  0.483404  0.631601  0.766842  0.335458  0.643510  0.585650  0.730872  0.672618  0.697244  0.640457  0.661885  0.778012  0.671623  0.651052  0.646446  0.762218  0.737290  0.703940  0.730417  0.625558  0.806754  0.676442  0.760219  0.758323  0.730770  0.690325  0.706864  0.615627  0.700478  0.682640  0.771733  0.652839  0.743775  0.787767  0.658943  0.764477  0.822471  0.720233  0.643058 
17  0.831052  0.416530  0.372629  0.932892  0.639176  0.661918  0.558969  0.439372  0.900257  0.823625  0.729862  0.340584  0.846558  0.790655  0.522212  0.658841  0.720596 0.0  0.814493  0.683564  0.693348  0.831096  0.719648  0.552605  0.850873  0.904833  0.841069  0.911835  0.615254  0.973027  0.729872  0.504314  0.765488  0.688038  0.857031  0.602635  0.934996  0.890783  0.810870  0.743692  0.380023  0.771517  0.695595  0.790831  0.794230  0.683453  0.841978  0.915695  0.872782  0.744209  0.819149  0.684890  0.915741  0.818164  0.701408  0.798073  0.924513  0.872461  0.427375  0.646665 
18  0.429040  0.935839  0.725763  0.447061  0.705032  0.759432  0.831779  0.771630  0.557128  0.599596  0.775333  0.796484  0.541132  0.446222  0.726649  0.749667  0.707205  0.814493 0.0  0.560118  0.838893  0.546173  0.608032  0.859211  0.672767  0.394084  0.443213  0.353106  0.637404  0.709562  0.727236  0.770147  0.568738  0.693360  0.437071  0.692202  0.616339  0.552944  0.561904  0.723250  0.814550  0.593441  0.525022  0.480891  0.429637  0.674574  0.393452  0.605387  0.615465  0.720413  0.436316  0.829928  0.639797  0.298014  0.503066  0.544642  0.293825  0.669397  0.747311  0.761117 
19  0.531418  0.689982  0.550420  0.715846  0.581175  0.601478  0.635243  0.760465  0.620108  0.576112  0.547870  0.612798  0.527653  0.637493  0.608487  0.763515  0.651168  0.683564  0.560118 0.0  0.508983  0.671558  0.714797  0.600851  0.769605  0.562881  0.692975  0.598749  0.561627  0.768679  0.677292  0.514940  0.606635  0.698484  0.660660  0.648351  0.620258  0.674841  0.551921  0.551690  0.649903  0.550592  0.637200  0.607436  0.724074  0.737011  0.604627  0.636841  0.546637  0.743422  0.628171  0.698371  0.478590  0.699099  0.529145  0.505979  0.697393  0.718954  0.660513  0.605636 
20  0.733920  0.921427  0.658106  0.744187  0.688845  0.950934  0.757298  0.845355  0.689972  0.751709  0.763216  0.711102  0.846300  0.853551  0.705716  0.329528  0.856471  0.693348  0.838893  0.508983 0.0  0.624342  0.775829  0.852155  0.763836  0.753153  0.835685  0.727870  0.742211  0.944970  0.725537  0.682182  0.713110  0.779205  0.845600  0.750108  0.720208  0.838762  0.864935  0.748895  0.581518  0.732095  0.609466  0.800909  0.821202  0.824437  0.755517  0.845280  0.624005  0.592421  0.610364  0.275297  0.714745  0.734445  0.656127  0.594547  0.813551  0.657590  0.729117  0.441247 
21  0.558002  0.781191  0.793756  0.501166  0.596793  0.728513  0.788208  0.918324  0.267112  0.627647  0.901893  0.742132  0.412803  0.420957  0.761105  0.773664  0.483404  0.831096  0.546173  0.671558  0.624342 0.0  0.615964  0.607993  0.780270  0.578746  0.566865  0.578073  0.743153  0.434300  0.555329  0.733148  0.388347  0.734648  0.281410  0.831664  0.366292  0.617316  0.472391  0.514752  0.908632  0.498542  0.405262  0.526750  0.641866  0.595499  0.733702  0.448690  0.600851  0.450369  0.531669  0.781779  0.430389  0.557246  0.618138  0.504593  0.663968  0.441554  0.608178  0.567372 
22  0.734590  0.788039  0.746780  0.626670  0.607181  0.792171  0.686616  0.809618  0.594607  0.628169  0.625076  0.655028  0.687352  0.552291  0.767879  0.795624  0.631601  0.719648  0.608032  0.714797  0.775829  0.615964 0.0  0.774713  0.691299  0.535886  0.590508  0.784356  0.603113  0.730751  0.685290  0.764351  0.516401  0.756677  0.690959  0.783980  0.516758  0.644527  0.616613  0.603590  0.644227  0.659199  0.571274  0.503667  0.743466  0.634025  0.640395  0.631300  0.758595  0.628506  0.601680  0.607335  0.618648  0.471933  0.879481  0.586115  0.572845  0.742574  0.702268  0.757394 
23  0.734557  0.375160  0.723201  0.896426  0.697391  0.444557  0.696319  0.560604  0.742730  0.755839  0.916664  0.522112  0.950725  0.863531  0.569775  0.809941  0.766842  0.552605  0.859211  0.600851  0.852155  0.607993  0.774713 0.0  0.772133  0.779761  0.851977  0.817229  0.827808  0.774565  0.659152  0.546578  0.837803  0.590486  0.817839  0.707512  0.810207  0.862103  0.934656  0.882559  0.744043  0.939588  0.821346  0.756688  0.854865  0.746993  0.803376  0.709266  0.966730  0.684473  0.834086  0.815387  0.915728  0.775487  0.777999  0.821090  0.851864  0.697535  0.411700  0.804866 
24  0.739631  0.822756  0.750276  0.654703  0.878342  0.739976  0.913167  0.981510  0.755774  0.689126  0.864927  0.796126  0.862367  0.634715  0.933606  0.763528  0.335458  0.850873  0.672767  0.769605  0.763836  0.780270  0.691299  0.772133 0.0  0.699611  0.603229  0.660661  0.634629  0.824470  0.635145  0.730711  0.742425  0.771761  0.776506  0.825256  0.690962  0.797485  0.725900  0.629095  0.870329  0.700087  0.800547  0.649467  0.712528  0.688529  0.657862  0.701366  0.875046  0.687255  0.672476  0.750475  0.583965  0.694247  0.827040  0.722656  0.800019  0.753528  0.739970  0.659167 
25  0.153746  0.853906  0.887981  0.470732  0.686585  0.897165  0.932862  0.905045  0.521257  0.640253  0.899381  0.786215  0.693046  0.427319  0.722389  0.807246  0.643510  0.904833  0.394084  0.562881  0.753153  0.578746  0.535886  0.779761  0.699611 0.0  0.307784  0.646293  0.743592  0.573345  0.668091  0.823524  0.582943  0.635173  0.571949  0.744408  0.606318  0.641797  0.632927  0.691644  0.826439  0.722767  0.496531  0.370314  0.626179  0.657085  0.478453  0.325381  0.659699  0.614332  0.474278  0.718438  0.567041  0.410644  0.624795  0.460274  0.514266  0.641516  0.714860  0.776219 
26  0.265873  0.856009  0.894035  0.486083  0.557710  0.782578  0.726149  0.888380  0.564353  0.578384  0.768541  0.866183  0.768541  0.498650  0.796597  0.801900  0.585650  0.841069  0.443213  0.692975  0.835685  0.566865  0.590508  0.851977  0.603229  0.307784 0.0  0.528946  0.763550  0.584540  0.662187  0.885554  0.602127  0.561632  0.709640  0.652011  0.629526  0.432592  0.601003  0.600895  0.714148  0.681836  0.524568  0.350659  0.504619  0.638983  0.509539  0.337542  0.485276  0.501344  0.553319  0.817327  0.591651  0.399715  0.587044  0.608389  0.509138  0.667025  0.699373  0.659393 
27  0.549721  0.790233  0.950436  0.483810  0.683429  0.980048  0.842040  0.846781  0.698305  0.670872  0.912073  0.770872  0.707540  0.580138  0.775419  0.731894  0.730872  0.911835  0.353106  0.598749  0.727870  0.578073  0.784356  0.817229  0.660661  0.646293  0.528946 0.0  0.710319  0.779065  0.768776  0.768003  0.551594  0.654044  0.674262  0.745643  0.747725  0.398409  0.612582  0.589148  0.816311  0.698721  0.568433  0.650312  0.470302  0.709835  0.522345  0.638377  0.621488  0.643980  0.575031  0.698974  0.756244  0.513618  0.628301  0.699613  0.474485  0.671577  0.712425  0.664143 
28  0.794373  0.778372  0.615399  0.823223  0.733071  0.811108  0.690504  0.670269  0.706595  0.606965  0.713322  0.692106  0.573064  0.674348  0.671813  0.745362  0.672618  0.615254  0.637404  0.561627  0.742211  0.743153  0.603113  0.827808  0.634629  0.743592  0.763550  0.710319 0.0  0.706901  0.681557  0.559246  0.778908  0.770786  0.839655  0.534010  0.739441  0.724561  0.792443  0.715830  0.566290  0.623673  0.751461  0.575475  0.665930  0.453765  0.686291  0.693750  0.575138  0.623735  0.771531  0.729518  0.574432  0.688805  0.515660  0.821709  0.829412  0.882066  0.599718  0.685224 
29  0.565661  0.757527  0.982984  0.504277  0.781913  0.813325  0.785868  0.675976  0.625927  0.803223  0.851890  0.884999  0.689126  0.669153  0.759467  0.791876  0.697244  0.973027  0.709562  0.768679  0.944970  0.434300  0.730751  0.774565  0.824470  0.573345  0.584540  0.779065  0.706901 0.0  0.744092  0.930655  0.556074  0.856965  0.462910  0.841625  0.438035  0.794858  0.478606  0.698706  0.959570  0.657914  0.639403  0.679191  0.785396  0.707032  0.690521  0.694918  0.781190  0.706619  0.521412  0.943731  0.530790  0.712142  0.721710  0.699786  0.696645  0.589521  0.903279  0.657936 
30  0.730965  0.653546  0.533220  0.667449  0.588778  0.810598  0.816873  0.637412  0.627562  0.601196  0.729380  0.630258  0.896665  0.714407  0.581014  0.820727  0.640457  0.729872  0.727236  0.677292  0.725537  0.555329  0.685290  0.659152  0.635145  0.668091  0.662187  0.768776  0.681557  0.744092 0.0  0.656061  0.831759  0.435094  0.613022  0.728162  0.745047  0.596676  0.676211  0.683300  0.610280  0.884078  0.780122  0.722122  0.736224  0.652229  0.710296  0.639381  0.733419  0.790922  0.747294  0.665061  0.822000  0.684706  0.863972  0.733900  0.754837  0.731593  0.617093  0.694691 
31  0.714063  0.534388  0.430547  0.773734  0.676235  0.635629  0.495253  0.566414  0.816038  0.687591  0.774151  0.270952  0.796555  0.768341  0.513398  0.680944  0.661885  0.504314  0.770147  0.514940  0.682182  0.733148  0.764351  0.546578  0.730711  0.823524  0.885554  0.768003  0.559246  0.930655  0.656061 0.0  0.718537  0.606196  0.767465  0.624583  0.779743  0.858988  0.757434  0.757821  0.292975  0.690804  0.628119  0.834381  0.795234  0.733985  0.748503  0.814796  0.653616  0.801431  0.633715  0.507447  0.847608  0.866138  0.555647  0.822627  0.797427  0.883797  0.398263  0.660348 
32  0.683217  0.839081  0.723334  0.626502  0.565362  0.741912  0.772619  0.673876  0.400892  0.626861  0.772651  0.659153  0.378272  0.488950  0.697360  0.728446  0.778012  0.765488  0.568738  0.606635  0.713110  0.388347  0.516401  0.837803  0.742425  0.582943  0.602127  0.551594  0.778908  0.556074  0.831759  0.718537 0.0  0.744108  0.481386  0.589917  0.371223  0.715378  0.506155  0.599167  0.631897  0.396840  0.613073  0.638829  0.525846  0.723826  0.556134  0.614484  0.500949  0.612140  0.534251  0.664587  0.412282  0.628129  0.647514  0.507918  0.547959  0.367751  0.694621  0.620770 
33  0.749021  0.735243  0.644335  0.750417  0.561597  0.625567  0.675955  0.635763  0.702069  0.597429  0.928055  0.688429  0.750236  0.776007  0.495907  0.895333  0.671623  0.688038  0.693360  0.698484  0.779205  0.734648  0.756677  0.590486  0.771761  0.635173  0.561632  0.654044  0.770786  0.856965  0.435094  0.606196  0.744108 0.0  0.725808  0.700050  0.764154  0.793458  0.767568  0.804021  0.636280  0.830926  0.711942  0.727950  0.754946  0.763571  0.720577  0.697989  0.847822  0.869988  0.681621  0.706456  0.762588  0.642942  0.761247  0.834422  0.591526  0.702147  0.554163  0.607503 
34  0.596578  0.858768  0.834497  0.638818  0.540590  0.837170  0.909379  0.880723  0.313948  0.606265  0.710302  0.864137  0.481904  0.511026  0.842346  0.793308  0.651052  0.857031  0.437071  0.660660  0.845600  0.281410  0.690959  0.817839  0.776506  0.571949  0.709640  0.674262  0.839655  0.462910  0.613022  0.767465  0.481386  0.725808 0.0  0.659562  0.477090  0.562057  0.414573  0.558139  0.870398  0.531617  0.503224  0.466576  0.622892  0.599962  0.661362  0.544783  0.650502  0.496453  0.459269  0.807071  0.345780  0.524776  0.549368  0.502434  0.667530  0.465738  0.827219  0.584283 
35  0.737567  0.736181  0.599340  0.630047  0.547546  0.725939  0.732884  0.759513  0.694067  0.577032  0.823355  0.645464  0.645085  0.627552  0.613493  0.784486  0.646446  0.602635  0.692202  0.648351  0.750108  0.831664  0.783980  0.707512  0.825256  0.744408  0.652011  0.745643  0.534010  0.841625  0.728162  0.624583  0.589917  0.700050  0.659562 0.0  0.617033  0.775682  0.615586  0.747978  0.620553  0.756970  0.723025  0.634020  0.780879  0.605994  0.592155  0.711706  0.575010  0.744997  0.705248  0.692363  0.643582  0.736333  0.499389  0.697208  0.771620  0.619710  0.545404  0.620107 
36  0.568757  0.942246  0.683047  0.607832  0.592595  0.882680  0.805966  0.913889  0.317912  0.586830  0.866668  0.747312  0.507713  0.591566  0.840131  0.716503  0.762218  0.934996  0.616339  0.620258  0.720208  0.366292  0.516758  0.810207  0.690962  0.606318  0.629526  0.747725  0.739441  0.438035  0.745047  0.779743  0.371223  0.764154  0.477090  0.617033 0.0  0.609299  0.459645  0.620262  0.729623  0.471515  0.481780  0.591742  0.622405  0.731575  0.691124  0.687199  0.661419  0.582582  0.583000  0.873663  0.401132  0.688509  0.526064  0.548003  0.667146  0.384793  0.701731  0.547860 
37  0.570640  0.833481  0.775522  0.514037  0.631205  0.968947  0.733676  0.826064  0.635835  0.645289  0.776610  0.860514  0.593515  0.487920  0.752856  0.747281  0.737290  0.890783  0.552944  0.674841  0.838762  0.617316  0.644527  0.862103  0.797485  0.641797  0.432592  0.398409  0.724561  0.794858  0.596676  0.858988  0.715378  0.793458  0.562057  0.775682  0.609299 0.0  0.679502  0.611912  0.766971  0.646627  0.530895  0.445853  0.368190  0.767201  0.466209  0.703018  0.633608  0.633987  0.415580  0.898723  0.511010  0.554739  0.657663  0.536075  0.473293  0.722794  0.814322  0.725103 
38  0.597818  0.906984  0.810549  0.524508  0.669342  0.842661  0.898948  0.851363  0.435547  0.579560  0.811487  0.645714  0.564403  0.601109  0.904118  0.918222  0.703940  0.810870  0.561904  0.551921  0.864935  0.472391  0.616613  0.934656  0.725900  0.632927  0.601003  0.612582  0.792443  0.478606  0.676211  0.757434  0.506155  0.767568  0.414573  0.615586  0.459645  0.679502 0.0  0.535129  0.841513  0.525535  0.573474  0.598941  0.575820  0.631741  0.578160  0.483955  0.675935  0.455148  0.413705  0.679813  0.474313  0.514449  0.531840  0.540945  0.647895  0.471904  0.898151  0.610782 
39  0.636723  0.827329  0.777567  0.553648  0.749402  0.922985  0.664905  0.760193  0.532673  0.551141  0.735089  0.723537  0.439921  0.632614  0.684570  0.884275  0.730417  0.743692  0.723250  0.551690  0.748895  0.514752  0.603590  0.882559  0.629095  0.691644  0.600895  0.589148  0.715830  0.698706  0.683300  0.757821  0.599167  0.804021  0.558139  0.747978  0.620262  0.611912  0.535129 0.0  0.763555  0.273862  0.588941  0.573494  0.655489  0.724233  0.670046  0.555982  0.543394  0.641214  0.655188  0.707711  0.583910  0.583452  0.545791  0.488386  0.760606  0.619352  0.638767  0.503633 
40  0.796024  0.538440  0.303162  0.765588  0.570605  0.635112  0.458135  0.501882  0.842654  0.613504  0.775125  0.353698  0.748694  0.806334  0.460384  0.733156  0.625558  0.380023  0.814550  0.649903  0.581518  0.908632  0.644227  0.744043  0.870329  0.826439  0.714148  0.816311  0.566290  0.959570  0.610280  0.292975  0.631897  0.636280  0.870398  0.620553  0.729623  0.766971  0.841513  0.763555 0.0  0.717243  0.750926  0.715376  0.862937  0.608381  0.782004  0.900248  0.707918  0.864507  0.775729  0.555543  0.708923  0.847970  0.796733  0.754850  0.835753  0.898706  0.370346  0.695481 
41  0.706613  0.827016  0.808135  0.696134  0.731920  0.882613  0.691046  0.840642  0.652254  0.627716  0.713707  0.685345  0.507032  0.521868  0.725854  0.847627  0.806754  0.771517  0.593441  0.550592  0.732095  0.498542  0.659199  0.939588  0.700087  0.722767  0.681836  0.698721  0.623673  0.657914  0.884078  0.690804  0.396840  0.830926  0.531617  0.756970  0.471515  0.646627  0.525535  0.273862  0.717243 0.0  0.546153  0.670832  0.546832  0.839316  0.612993  0.605719  0.574808  0.658526  0.543948  0.625866  0.519034  0.628773  0.546188  0.545890  0.704424  0.647940  0.705080  0.566207 
42  0.457184  0.799562  0.729183  0.536237  0.590941  0.812277  0.751589  0.933403  0.487739  0.585037  0.801814  0.755043  0.641680  0.550826  0.763502  0.559488  0.676442  0.695595  0.525022  0.637200  0.609466  0.405262  0.571274  0.821346  0.800547  0.496531  0.524568  0.568433  0.751461  0.639403  0.780122  0.628119  0.613073  0.711942  0.503224  0.723025  0.481780  0.530895  0.573474  0.588941  0.750926  0.546153 0.0  0.598043  0.607713  0.573518  0.538936  0.487894  0.311978  0.306689  0.697604  0.599853  0.536916  0.591914  0.374046  0.345653  0.514260  0.680368  0.751502  0.705137 
43  0.274795  0.921759  0.877255  0.339042  0.686199  0.758550  0.912231  0.804789  0.541241  0.527141  0.855623  0.797150  0.595424  0.576844  0.701299  0.802263  0.760219  0.790831  0.480891  0.607436  0.800909  0.526750  0.503667  0.756688  0.649467  0.370314  0.350659  0.650312  0.575475  0.679191  0.722122  0.834381  0.638829  0.727950  0.466576  0.634020  0.591742  0.445853  0.598941  0.573494  0.715376  0.670832  0.598043 0.0  0.454520  0.752455  0.472512  0.376093  0.632288  0.567013  0.629217  0.811310  0.456836  0.509743  0.719108  0.513120  0.541211  0.775855  0.736962  0.652244 
44  0.404176  0.892114  0.803623  0.529191  0.675132  0.768727  0.809686  0.777246  0.498849  0.719045  0.887186  0.881040  0.638321  0.482984  0.689883  0.806232  0.758323  0.794230  0.429637  0.724074  0.821202  0.641866  0.743466  0.854865  0.712528  0.626179  0.504619  0.470302  0.665930  0.785396  0.736224  0.795234  0.525846  0.754946  0.622892  0.780879  0.622405  0.368190  0.575820  0.655489  0.862937  0.546832  0.607713  0.454520 0.0  0.742484  0.348127  0.548157  0.619856  0.677202  0.611126  0.707616  0.656425  0.470019  0.629221  0.492435  0.532122  0.527071  0.749010  0.755564 
45  0.642742  0.834529  0.722936  0.613997  0.658981  0.747316  0.729103  0.821578  0.735007  0.560974  0.726531  0.618571  0.718256  0.686163  0.597257  0.717138  0.730770  0.683453  0.674574  0.737011  0.824437  0.595499  0.634025  0.746993  0.688529  0.657085  0.638983  0.709835  0.453765  0.707032  0.652229  0.733985  0.723826  0.763571  0.599962  0.605994  0.731575  0.767201  0.631741  0.724233  0.608381  0.839316  0.573518  0.752455  0.742484 0.0  0.732928  0.605807  0.606859  0.519572  0.699499  0.634498  0.622707  0.551255  0.652455  0.684068  0.778210  0.787538  0.692223  0.770111 
46  0.452510  0.829291  0.711658  0.386596  0.638660  0.889956  0.856014  0.897414  0.599227  0.594917  0.763430  0.723403  0.534483  0.441852  0.641365  0.936468  0.690325  0.841978  0.393452  0.604627  0.755517  0.733702  0.640395  0.803376  0.657862  0.478453  0.509539  0.522345  0.686291  0.690521  0.710296  0.748503  0.556134  0.720577  0.661362  0.592155  0.691124  0.466209  0.578160  0.670046  0.782004  0.612993  0.538936  0.472512  0.348127  0.732928 0.0  0.498059  0.575730  0.476147  0.562141  0.738613  0.561184  0.474038  0.560820  0.598062  0.462945  0.693716  0.694218  0.706310 
47  0.344775  0.883463  0.767417  0.400077  0.599029  0.731432  0.757351  0.859830  0.490023  0.489695  0.733837  0.727657  0.611015  0.578739  0.734135  0.833639  0.706864  0.915695  0.605387  0.636841  0.845280  0.448690  0.631300  0.709266  0.701366  0.325381  0.337542  0.638377  0.693750  0.694918  0.639381  0.814796  0.614484  0.697989  0.544783  0.711706  0.687199  0.703018  0.483955  0.555982  0.900248  0.605719  0.487894  0.376093  0.548157  0.605807  0.498059 0.0  0.603927  0.573209  0.562295  0.678611  0.548520  0.469276  0.604605  0.488152  0.425509  0.717319  0.831219  0.658372 
48  0.635950  0.789963  0.643106  0.533119  0.648859  0.855344  0.813989  0.847048  0.624474  0.645853  0.857967  0.721706  0.469183  0.545278  0.641744  0.616464  0.615627  0.872782  0.615465  0.546637  0.624005  0.600851  0.758595  0.966730  0.875046  0.659699  0.485276  0.621488  0.575138  0.781190  0.733419  0.653616  0.500949  0.847822  0.650502  0.575010  0.661419  0.633608  0.675935  0.543394  0.707918  0.574808  0.311978  0.632288  0.619856  0.606859  0.575730  0.603927 0.0  0.502430  0.509138  0.592196  0.658732  0.643782  0.468223  0.469547  0.678257  0.693942  0.526996  0.729373 
49  0.567364  0.882528  0.845449  0.560062  0.701838  0.810025  0.807796  0.805001  0.498201  0.607281  0.786629  0.751578  0.569686  0.510165  0.687277  0.717560  0.700478  0.744209  0.720413  0.743422  0.592421  0.450369  0.628506  0.684473  0.687255  0.614332  0.501344  0.643980  0.623735  0.706619  0.790922  0.801431  0.612140  0.869988  0.496453  0.744997  0.582582  0.633987  0.455148  0.641214  0.864507  0.658526  0.306689  0.567013  0.677202  0.519572  0.476147  0.573209  0.502430 0.0  0.574452  0.624833  0.606734  0.471949  0.532438  0.467065  0.718844  0.628783  0.768929  0.680483 
50  0.518028  0.852281  0.820959  0.551583  0.510793  0.900682  0.880191  0.920944  0.439232  0.692719  0.781485  0.812017  0.627915  0.215278  0.755712  0.795458  0.682640  0.819149  0.436316  0.628171  0.610364  0.531669  0.601680  0.834086  0.672476  0.474278  0.553319  0.575031  0.771531  0.521412  0.747294  0.633715  0.534251  0.681621  0.459269  0.705248  0.583000  0.415580  0.413705  0.655188  0.775729  0.543948  0.697604  0.629217  0.611126  0.699499  0.562141  0.562295  0.509138  0.574452 0.0  0.699356  0.421169  0.434209  0.454253  0.506404  0.531206  0.617009  0.777215  0.718320 
51  0.862140  0.810057  0.706841  0.784205  0.658180  0.828437  0.837773  0.814227  0.713393  0.614275  0.726089  0.661246  0.679267  0.862705  0.619845  0.441004  0.771733  0.684890  0.829928  0.698371  0.275297  0.781779  0.607335  0.815387  0.750475  0.718438  0.817327  0.698974  0.729518  0.943731  0.665061  0.507447  0.664587  0.706456  0.807071  0.692363  0.873663  0.898723  0.679813  0.707711  0.555543  0.625866  0.599853  0.811310  0.707616  0.634498  0.738613  0.678611  0.592196  0.624833  0.699356 0.0  0.796045  0.740016  0.574000  0.556280  0.673080  0.803642  0.813172  0.474992 
52  0.426502  0.887858  0.821684  0.467032  0.507346  0.829511  0.921997  0.698981  0.294939  0.680415  0.921586  0.762112  0.544210  0.518172  0.753591  0.673664  0.652839  0.915741  0.639797  0.478590  0.714745  0.430389  0.618648  0.915728  0.583965  0.567041  0.591651  0.756244  0.574432  0.530790  0.822000  0.847608  0.412282  0.762588  0.345780  0.643582  0.401132  0.511010  0.474313  0.583910  0.708923  0.519034  0.536916  0.456836  0.656425  0.622707  0.561184  0.548520  0.658732  0.606734  0.421169  0.796045 0.0  0.531635  0.702224  0.500432  0.575309  0.413455  0.794079  0.469658 
53  0.510880  0.861067  0.700860  0.472193  0.607156  0.878483  0.751517  0.920454  0.450944  0.660006  0.868062  0.684646  0.593367  0.447384  0.797954  0.707387  0.743775  0.818164  0.298014  0.699099  0.734445  0.557246  0.471933  0.775487  0.694247  0.410644  0.399715  0.513618  0.688805  0.712142  0.684706  0.866138  0.628129  0.642942  0.524776  0.736333  0.688509  0.554739  0.514449  0.583452  0.847970  0.628773  0.591914  0.509743  0.470019  0.551255  0.474038  0.469276  0.643782  0.471949  0.434209  0.740016  0.531635 0.0  0.539076  0.479695  0.322368  0.688399  0.753797  0.579635 
54  0.570082  0.889435  0.607079  0.641671  0.590327  0.910856  0.751448  0.841127  0.680652  0.583931  0.745039  0.635401  0.623608  0.526987  0.705049  0.629779  0.787767  0.701408  0.503066  0.529145  0.656127  0.618138  0.879481  0.777999  0.827040  0.624795  0.587044  0.628301  0.515660  0.721710  0.863972  0.555647  0.647514  0.761247  0.549368  0.499389  0.526064  0.657663  0.531840  0.545791  0.796733  0.546188  0.374046  0.719108  0.629221  0.652455  0.560820  0.604605  0.468223  0.532438  0.454253  0.574000  0.702224  0.539076 0.0  0.533422  0.595243  0.711968  0.614277  0.626168 
55  0.435749  0.872171  0.711255  0.540752  0.597982  0.739132  0.812256  0.832026  0.519506  0.541657  0.934069  0.794880  0.497708  0.639702  0.789576  0.683462  0.658943  0.798073  0.544642  0.505979  0.594547  0.504593  0.586115  0.821090  0.722656  0.460274  0.608389  0.699613  0.821709  0.699786  0.733900  0.822627  0.507918  0.834422  0.502434  0.697208  0.548003  0.536075  0.540945  0.488386  0.754850  0.545890  0.345653  0.513120  0.492435  0.684068  0.598062  0.488152  0.469547  0.467065  0.506404  0.556280  0.500432  0.479695  0.533422 0.0  0.523824  0.578068  0.687814  0.708444 
56  0.444893  0.909329  0.786727  0.471214  0.614354  0.837727  0.983600  0.877000  0.584658  0.558637  0.805555  0.792179  0.558066  0.472625  0.752553  0.733161  0.764477  0.924513  0.293825  0.697393  0.813551  0.663968  0.572845  0.851864  0.800019  0.514266  0.509138  0.474485  0.829412  0.696645  0.754837  0.797427  0.547959  0.591526  0.667530  0.771620  0.667146  0.473293  0.647895  0.760606  0.835753  0.704424  0.514260  0.541211  0.532122  0.778210  0.462945  0.425509  0.678257  0.718844  0.531206  0.673080  0.575309  0.322368  0.595243  0.523824 0.0  0.780245  0.797752  0.820221 
57  0.739544  0.782929  0.834009  0.635114  0.631056  0.637485  0.759834  0.851480  0.452025  0.712956  0.795769  0.884599  0.545171  0.629851  0.840438  0.830234  0.822471  0.872461  0.669397  0.718954  0.657590  0.441554  0.742574  0.697535  0.753528  0.641516  0.667025  0.671577  0.882066  0.589521  0.731593  0.883797  0.367751  0.702147  0.465738  0.619710  0.384793  0.722794  0.471904  0.619352  0.898706  0.647940  0.680368  0.775855  0.527071  0.787538  0.693716  0.717319  0.693942  0.628783  0.617009  0.803642  0.413455  0.688399  0.711968  0.578068  0.780245 0.0  1.000000  0.598152 
58  0.810997  0.531810  0.385523  0.826236  0.626309  0.498293  0.556203  0.417514  0.812692  0.681511  0.665828  0.345249  0.632444  0.723676  0.377586  0.742837  0.720233  0.427375  0.747311  0.660513  0.729117  0.608178  0.702268  0.411700  0.739970  0.714860  0.699373  0.712425  0.599718  0.903279  0.617093  0.398263  0.694621  0.554163  0.827219  0.545404  0.701731  0.814322  0.898151  0.638767  0.370346  0.705080  0.751502  0.736962  0.749010  0.692223  0.694218  0.831219  0.526996  0.768929  0.777215  0.813172  0.794079  0.753797  0.614277  0.687814  0.797752  1.000000 0.0  0.579999 
59  0.748020  0.780422  0.634803  0.802940  0.782691  0.791882  0.816574  0.669387  0.633337  0.537370  0.811562  0.732163  0.492757  0.824862  0.670580  0.454966  0.643058  0.646665  0.761117  0.605636  0.441247  0.567372  0.757394  0.804866  0.659167  0.776219  0.659393  0.664143  0.685224  0.657936  0.694691  0.660348  0.620770  0.607503  0.584283  0.620107  0.547860  0.725103  0.610782  0.503633  0.695481  0.566207  0.705137  0.652244  0.755564  0.770111  0.706310  0.658372  0.729373  0.680483  0.718320  0.474992  0.469658  0.579635  0.626168  0.708444  0.820221  0.598152  0.579999 0.0 
