60
0 0.0  0.782598  0.867601  0.393603  0.639455  0.923034  0.871202  0.872444  0.532642  0.733204  0.886040  0.853858  0.654942  0.479446  0.761571  0.756928  0.781507  0.884221  0.526908  0.626336  0.754819  0.472544  0.636524  0.760473  0.671403  0.383479  0.427080  0.568169  0.789040  0.552405  0.614893  0.795315  0.732112  0.821952  0.515914  0.669016  0.570106  0.564298  0.527310  0.645369  0.708208  0.640148  0.465255  0.365300  0.566560  0.607757  0.491477  0.464547  0.704430  0.590377  0.452827  0.848669  0.512245  0.446357  0.596952  0.420012  0.428537  0.657773  0.779320  0.800399 
1  0.782598 0.0  0.595488  0.737441  0.731234  0.544100  0.385073  0.317530  0.801939  0.736984  0.764823  0.525232  0.843076  0.858582  0.477980  0.637065  0.785135  0.448912  0.823238  0.736532  0.875647  0.867995  0.857868  0.303945  0.872720  0.859768  0.804023  0.922085  0.644140  0.734407  0.601544  0.469644  0.837627  0.664710  0.883133  0.667988  0.840637  0.980197  0.777919  0.714529  0.567747  0.824460  0.869774  0.853985  0.891568  0.840247  0.744053  0.859385  0.729032  0.767091  0.853794  0.826463  0.784833  0.860352  0.750122  0.844409  0.820826  0.825919  0.446773  0.738515 
2  0.867601  0.595488 0.0  0.897566  0.618903  0.613044  0.400930  0.547736  0.670359  0.582411  0.819065  0.281327  0.828400  0.758708  0.443201  0.713136  0.751616  0.402906  0.757688  0.578789  0.674651  0.871040  0.701770  0.633847  0.639511  0.828929  0.880856  0.709466  0.620674  0.889498  0.596498  0.369610  0.580982  0.617001  0.843666  0.564053  0.725635  0.828930  0.808073  0.684676  0.352048  0.604801  0.828407  0.870546  0.803309  0.684926  0.720801  0.867600  0.660975  0.794154  0.854327  0.717219  0.755616  0.687105  0.758383  0.794271  0.752282  0.933665  0.395722  0.743040 
3  0.393603  0.737441  0.897566 0.0  0.605922  0.864340  0.842653  0.832422  0.509231  0.634916  0.762697  0.702153  0.558859  0.613215  0.707230  0.760159  0.623231  0.887272  0.398279  0.601367  0.833309  0.512917  0.588251  0.876208  0.711898  0.427312  0.508284  0.440867  0.572027  0.600157  0.654969  0.831439  0.595235  0.640975  0.460487  0.702061  0.587498  0.466431  0.603741  0.629838  0.823619  0.749803  0.514295  0.394610  0.492418  0.625992  0.382012  0.386800  0.497284  0.553330  0.501334  0.742763  0.463718  0.415353  0.605633  0.533910  0.418840  0.644116  0.791944  0.729767 
4  0.639455  0.731234  0.618903  0.605922 0.0  0.776413  0.704400  0.701649  0.552063  0.524127  0.637821  0.787542  0.600798  0.567884  0.598326  0.614931  0.662588  0.640796  0.623472  0.499827  0.663451  0.584050  0.686305  0.674910  0.719627  0.588729  0.697064  0.793327  0.678860  0.683901  0.643457  0.770773  0.541439  0.665685  0.629926  0.622128  0.592498  0.559828  0.613879  0.691761  0.671263  0.671964  0.618567  0.609383  0.635199  0.692535  0.666794  0.578482  0.709463  0.648668  0.546037  0.733680  0.591854  0.579266  0.666275  0.593954  0.522757  0.567401  0.572622  0.670483 
5  0.923034  0.544100  0.613044  0.864340  0.776413 0.0  0.431985  0.481691  0.727485  0.733142  0.654698  0.583547  0.899680  0.857065  0.503343  0.871264  0.832885  0.655935  0.971122  0.815301  0.914968  0.900698  0.667616  0.532052  0.788547  0.847329  0.919417  0.932300  0.909526  0.836536  0.623643  0.569475  0.852914  0.745390  0.709607  0.828065  0.826904  0.958010  0.745643  0.876448  0.581527  0.929950  0.856489  0.795666  0.876874  0.707245  0.795468  0.807513  0.880983  0.707090  0.815663  0.869355  0.854259  0.821923  0.797053  0.782426  0.947654  0.796504  0.467047  0.835249 
6  0.871202  0.385073  0.400930  0.842653  0.704400  0.431985 0.0  0.467200  0.794837  0.675471  0.638519  0.465682  0.869652  0.839450  0.447136  0.629280  0.820656  0.478187  0.850567  0.590795  0.707918  0.752588  0.761036  0.571520  0.677255  0.831890  0.785882  0.806091  0.576568  0.786882  0.666860  0.440803  0.689700  0.591901  0.985484  0.717606  0.846151  0.823735  0.799317  0.699628  0.472065  0.915920  0.839283  0.861432  0.865376  0.807001  0.810619  0.770912  0.712069  0.820688  0.869737  0.589862  0.905831  0.886115  0.766145  0.788514  0.796775  0.801096  0.391427  0.638362 
7  0.872444  0.317530  0.547736  0.832422  0.701649  0.481691  0.467200 0.0  0.793741  0.732086  0.649822  0.608239  0.849091  0.878230  0.379531  0.795080  0.898015  0.392172  0.904301  0.621775  0.774729  0.893287  0.810625  0.322492  0.924824  0.857889  0.915088  0.938419  0.756443  0.873109  0.720877  0.514234  0.789929  0.583023  0.895469  0.574893  0.806682  0.786837  0.853018  0.770658  0.467631  0.722453  0.978669  0.819064  0.864606  0.779341  0.802438  0.904904  0.747862  0.858215  0.893836  0.849301  0.832675  0.843264  0.807738  0.851774  0.773600  0.681899  0.587038  0.838804 
8  0.532642  0.801939  0.670359  0.509231  0.552063  0.727485  0.794837  0.793741 0.0  0.553514  0.852812  0.751298  0.493692  0.435612  0.729281  0.808478  0.795135  0.829645  0.571547  0.632798  0.857671  0.337251  0.607604  0.659200  0.653269  0.454219  0.538812  0.644885  0.664925  0.571139  0.690152  0.771901  0.446102  0.620762  0.299125  0.657582  0.264206  0.692400  0.347972  0.515683  0.794090  0.543066  0.517686  0.558751  0.627231  0.614082  0.630568  0.698421  0.601612  0.496130  0.477298  0.709925  0.284285  0.487930  0.626328  0.629631  0.644568  0.465629  0.778351  0.549378 
9  0.733204  0.736984  0.582411  0.634916  0.524127  0.733142  0.675471  0.732086  0.553514 0.0  0.790091  0.580083  0.594284  0.698377  0.604375  0.594325  0.593704  0.622331  0.675538  0.676867  0.642023  0.720509  0.652813  0.725977  0.691056  0.621697  0.567136  0.696610  0.523900  0.736531  0.592626  0.495125  0.663008  0.534993  0.753512  0.503405  0.550244  0.606185  0.618760  0.621023  0.566571  0.645919  0.548733  0.682031  0.626445  0.675517  0.684728  0.644411  0.630216  0.613265  0.670785  0.616754  0.684061  0.478082  0.586748  0.578859  0.518476  0.755908  0.593517  0.589524 
10  0.886040  0.764823  0.819065  0.762697  0.637821  0.654698  0.638519  0.649822  0.852812  0.790091 0.0  0.798013  0.685144  0.836791  0.734836  0.705551  0.777502  0.710932  0.739900  0.646937  0.919658  0.832352  0.596603  0.791135  0.867419  0.803780  0.756882  0.801974  0.838198  0.715647  0.911654  0.786694  0.732115  0.831412  0.766220  0.848815  0.920113  0.869366  0.768778  0.764467  0.752536  0.819133  0.718083  0.807751  0.817336  0.935154  0.819495  0.775633  0.742310  0.788668  0.826891  0.685437  0.824844  0.867574  0.773583  0.762465  0.832662  0.645255  0.685256  0.708679 
11  0.853858  0.525232  0.281327  0.702153  0.787542  0.583547  0.465682  0.608239  0.751298  0.580083  0.798013 0.0  0.564260  0.670689  0.373145  0.714353  0.762628  0.391740  0.859496  0.478463  0.648410  0.831559  0.686832  0.617952  0.742200  0.783826  0.771416  0.832385  0.525772  1.000000  0.553660  0.384781  0.734758  0.565149  0.809282  0.684887  0.845244  0.854057  0.859499  0.745507  0.337948  0.653460  0.745192  0.642289  0.770072  0.704729  0.738214  0.625807  0.673451  0.655752  0.753267  0.753293  0.736856  0.749761  0.680082  0.816267  0.651994  0.986460  0.323079  0.655911 
12  0.654942  0.843076  0.828400  0.558859  0.600798  0.899680  0.869652  0.849091  0.493692  0.594284  0.685144  0.564260 0.0  0.554311  0.629441  0.717227  0.597860  0.863289  0.615160  0.546686  0.652492  0.495234  0.640316  0.838045  0.803198  0.595613  0.740799  0.753104  0.734514  0.644437  0.731653  0.868938  0.508707  0.721261  0.562450  0.564639  0.469413  0.596690  0.523823  0.409379  0.628915  0.489213  0.641921  0.642053  0.622324  0.729659  0.629135  0.630513  0.518845  0.677457  0.529819  0.663081  0.604147  0.567084  0.518766  0.588727  0.670018  0.514166  0.680924  0.552498 
13  0.479446  0.858582  0.758708  0.613215  0.567884  0.857065  0.839450  0.878230  0.435612  0.698377  0.836791  0.670689  0.554311 0.0  0.804683  0.799543  0.573092  0.896564  0.490465  0.619900  0.742014  0.335340  0.543786  0.879349  0.733458  0.502187  0.521722  0.523985  0.812038  0.641992  0.732537  0.883122  0.564215  0.820966  0.483034  0.722061  0.439043  0.435172  0.467932  0.634373  0.782010  0.642422  0.612091  0.539880  0.588169  0.645740  0.451170  0.546883  0.703065  0.433585  0.401545  0.746571  0.434874  0.478456  0.681809  0.577976  0.441417  0.624447  0.703289  0.742152 
14  0.761571  0.477980  0.443201  0.707230  0.598326  0.503343  0.447136  0.379531  0.729281  0.604375  0.734836  0.373145  0.629441  0.804683 0.0  0.708365  0.689688  0.423232  0.722992  0.474357  0.724525  0.655019  0.611941  0.653406  0.777208  0.789134  0.733873  0.808774  0.601362  0.890236  0.741366  0.506061  0.684604  0.594052  0.941259  0.722116  0.841999  0.889151  0.775198  0.784887  0.417141  0.702735  0.836856  0.712454  0.741832  0.823186  0.773374  0.807016  0.696828  0.738738  0.780294  0.696540  0.700662  0.809999  0.774700  0.691784  0.665354  0.745133  0.325038  0.637220 
15  0.756928  0.637065  0.713136  0.760159  0.614931  0.871264  0.629280  0.795080  0.808478  0.594325  0.705551  0.714353  0.717227  0.799543  0.708365 0.0  0.678671  0.591042  0.820881  0.734575  0.337514  0.892268  0.836826  0.704820  0.689891  0.717251  0.794105  0.767306  0.755221  0.699115  0.798071  0.816967  0.933582  0.749438  0.748409  0.759198  0.761128  0.791466  0.791413  0.773984  0.760127  0.725368  0.610661  0.769576  0.770834  0.731458  0.781434  0.905624  0.571105  0.653270  0.846581  0.416320  0.823355  0.851470  0.602495  0.668949  0.776171  0.748840  0.698085  0.466562 
16  0.781507  0.785135  0.751616  0.623231  0.662588  0.832885  0.820656  0.898015  0.795135  0.593704  0.777502  0.762628  0.597860  0.573092  0.689688  0.678671 0.0  0.785202  0.723174  0.716709  0.662860  0.590721  0.611542  0.782383  0.269361  0.831729  0.806669  0.775352  0.796627  0.686084  0.723742  0.747733  0.666371  0.735934  0.582515  0.743585  0.694090  0.657756  0.626918  0.707432  0.838119  0.770700  0.694821  0.666555  0.770181  0.638359  0.852969  0.638725  0.748350  0.669581  0.651478  0.721345  0.626442  0.683209  0.669854  0.693591  0.701812  0.775346  0.801130  0.806709 
17  0.884221  0.448912  0.402906  0.887272  0.640796  0.655935  0.478187  0.392172  0.829645  0.622331  0.710932  0.391740  0.863289  0.896564  0.423232  0.591042  0.785202 0.0  0.800140  0.707228  0.617241  0.870887  0.797926  0.507423  0.915550  0.929273  0.905143  0.938646  0.675277  0.776992  0.546813  0.397327  0.777195  0.626396  0.810838  0.617028  0.878201  0.853000  0.889061  0.681344  0.423977  0.753170  0.833497  0.898232  0.873355  0.732536  0.763942  0.785392  0.780959  0.740656  0.843575  0.573891  0.872847  0.988162  0.721889  0.805681  0.859509  0.877725  0.562975  0.699638 
18  0.526908  0.823238  0.757688  0.398279  0.623472  0.971122  0.850567  0.904301  0.571547  0.675538  0.739900  0.859496  0.615160  0.490465  0.722992  0.820881  0.723174  0.800140 0.0  0.647494  0.797684  0.626593  0.727343  0.868381  0.799991  0.570863  0.506428  0.370986  0.745116  0.778921  0.617038  0.750511  0.637905  0.744777  0.581700  0.739134  0.561845  0.563528  0.686244  0.651949  0.790917  0.660932  0.611274  0.371907  0.347100  0.792589  0.511692  0.511850  0.584508  0.661390  0.568200  0.765915  0.583027  0.394610  0.570276  0.625962  0.348050  0.598549  0.826600  0.657993 
19  0.626336  0.736532  0.578789  0.601367  0.499827  0.815301  0.590795  0.621775  0.632798  0.676867  0.646937  0.478463  0.546686  0.619900  0.474357  0.734575  0.716709  0.707228  0.647494 0.0  0.661290  0.640471  0.614792  0.758063  0.669152  0.578878  0.608453  0.631448  0.624299  0.660240  0.632020  0.567755  0.642754  0.658970  0.633635  0.625890  0.703657  0.633309  0.509664  0.594404  0.601220  0.550223  0.589614  0.663480  0.576587  0.620758  0.591040  0.568809  0.650078  0.783807  0.633422  0.654933  0.634505  0.570310  0.669369  0.635674  0.632843  0.614611  0.588695  0.520181 
20  0.754819  0.875647  0.674651  0.833309  0.663451  0.914968  0.707918  0.774729  0.857671  0.642023  0.919658  0.648410  0.652492  0.742014  0.724525  0.337514  0.662860  0.617241  0.797684  0.661290 0.0  0.820819  0.666437  0.860676  0.569135  0.686541  0.712065  0.679815  0.645942  0.840201  0.820669  0.477395  0.783357  0.648398  0.771404  0.646264  0.673889  0.814370  0.633893  0.736249  0.671117  0.743260  0.586550  0.862609  0.770806  0.696488  0.771223  0.603995  0.620171  0.505448  0.644614  0.467891  0.719622  0.834543  0.600318  0.719644  0.794367  0.809833  0.728229  0.472221 
21  0.472544  0.867995  0.871040  0.512917  0.584050  0.900698  0.752588  0.893287  0.337251  0.720509  0.832352  0.831559  0.495234  0.335340  0.655019  0.892268  0.590721  0.870887  0.626593  0.640471  0.820819 0.0  0.492542  0.846671  0.748090  0.448166  0.590947  0.821971  0.571127  0.471811  0.719535  0.752662  0.382333  0.750776  0.423311  0.685095  0.227271  0.601751  0.413082  0.598487  0.871644  0.517151  0.539329  0.445300  0.556828  0.658405  0.637264  0.596135  0.659255  0.552255  0.500291  0.768494  0.310376  0.540981  0.615809  0.481818  0.696912  0.445680  0.819857  0.463288 
22  0.636524  0.857868  0.701770  0.588251  0.686305  0.667616  0.761036  0.810625  0.607604  0.652813  0.596603  0.686832  0.640316  0.543786  0.611941  0.836826  0.611542  0.797926  0.727343  0.614792  0.666437  0.492542 0.0  0.882096  0.738149  0.500116  0.566592  0.719572  0.710500  0.798781  0.618466  0.603055  0.732721  0.710764  0.584885  0.660594  0.535532  0.732058  0.531468  0.623535  0.725211  0.668489  0.595048  0.667642  0.683622  0.614216  0.630074  0.585815  0.627184  0.686048  0.518646  0.705264  0.667676  0.480484  0.585729  0.561250  0.736446  0.706517  0.702957  0.625362 
23  0.760473  0.303945  0.633847  0.876208  0.674910  0.532052  0.571520  0.322492  0.659200  0.725977  0.791135  0.617952  0.838045  0.879349  0.653406  0.704820  0.782383  0.507423  0.868381  0.758063  0.860676  0.846671  0.882096 0.0  0.904885  0.833413  0.835428  0.818936  0.788485  0.650281  0.623538  0.534184  0.794060  0.735082  0.776338  0.786968  0.825959  0.860905  0.799096  0.699059  0.583632  0.897519  0.932192  0.858230  0.794406  0.684564  0.802586  0.797951  0.837192  0.732686  0.716540  0.774640  0.774322  0.867616  0.870080  0.876405  0.803070  0.899214  0.577956  0.832107 
24  0.671403  0.872720  0.639511  0.711898  0.719627  0.788547  0.677255  0.924824  0.653269  0.691056  0.867419  0.742200  0.803198  0.733458  0.777208  0.689891  0.269361  0.915550  0.799991  0.669152  0.569135  0.748090  0.738149  0.904885 0.0  0.737478  0.662572  0.778092  0.684084  0.719831  0.740874  0.718712  0.707213  0.783355  0.584339  0.712368  0.623340  0.733247  0.741666  0.785066  0.745023  0.684765  0.729000  0.596430  0.696684  0.597359  0.715364  0.670801  0.931769  0.704425  0.604334  0.754056  0.723616  0.733487  0.731426  0.727240  0.815329  0.859123  0.835231  0.791688 
25  0.383479  0.859768  0.828929  0.427312  0.588729  0.847329  0.831890  0.857889  0.454219  0.621697  0.803780  0.783826  0.595613  0.502187  0.789134  0.717251  0.831729  0.929273  0.570863  0.578878  0.686541  0.448166  0.500116  0.833413  0.737478 0.0  0.278844  0.574935  0.653417  0.729624  0.578682  0.788294  0.619067  0.630601  0.668363  0.729196  0.530689  0.454657  0.592279  0.694991  0.801565  0.631758  0.609795  0.507412  0.517370  0.673320  0.553993  0.338659  0.653574  0.501234  0.451745  0.770953  0.522249  0.446097  0.619706  0.548273  0.575299  0.644890  0.780173  0.739108 
26  0.427080  0.804023  0.880856  0.508284  0.697064  0.919417  0.785882  0.915088  0.538812  0.567136  0.756882  0.771416  0.740799  0.521722  0.733873  0.794105  0.806669  0.905143  0.506428  0.608453  0.712065  0.590947  0.566592  0.835428  0.662572  0.278844 0.0  0.447995  0.616141  0.656808  0.721664  0.905289  0.581686  0.652456  0.650437  0.741879  0.593981  0.510931  0.471830  0.586966  0.758078  0.655376  0.627931  0.323004  0.547365  0.651404  0.548997  0.537876  0.632946  0.451746  0.478312  0.735530  0.637849  0.539746  0.598497  0.686429  0.545791  0.769924  0.737936  0.759432 
27  0.568169  0.922085  0.709466  0.440867  0.793327  0.932300  0.806091  0.938419  0.644885  0.696610  0.801974  0.832385  0.753104  0.523985  0.808774  0.767306  0.775352  0.938646  0.370986  0.631448  0.679815  0.821971  0.719572  0.818936  0.778092  0.574935  0.447995 0.0  0.760281  0.773952  0.771042  0.837889  0.725576  0.763790  0.583249  0.686515  0.663726  0.471819  0.669111  0.622305  0.876653  0.746032  0.647119  0.573998  0.465316  0.725495  0.382333  0.566186  0.669714  0.637506  0.547658  0.701467  0.705061  0.499300  0.489313  0.585832  0.480142  0.608763  0.692329  0.833000 
28  0.789040  0.644140  0.620674  0.572027  0.678860  0.909526  0.576568  0.756443  0.664925  0.523900  0.838198  0.525772  0.734514  0.812038  0.601362  0.755221  0.796627  0.675277  0.745116  0.624299  0.645942  0.571127  0.710500  0.788485  0.684084  0.653417  0.616141  0.760281 0.0  0.761430  0.690531  0.626759  0.706099  0.736172  0.731685  0.433850  0.679315  0.771513  0.667279  0.631625  0.496773  0.551667  0.665649  0.561349  0.725975  0.482576  0.637408  0.677337  0.654051  0.644520  0.767923  0.580092  0.636200  0.682169  0.527147  0.711453  0.727229  0.716034  0.548869  0.628296 
29  0.552405  0.734407  0.889498  0.600157  0.683901  0.836536  0.786882  0.873109  0.571139  0.736531  0.715647  1.000000  0.644437  0.641992  0.890236  0.699115  0.686084  0.776992  0.778921  0.660240  0.840201  0.471811  0.798781  0.650281  0.719831  0.729624  0.656808  0.773952  0.761430 0.0  0.793452  0.777699  0.612938  0.733924  0.480296  0.781508  0.468254  0.764378  0.520436  0.688767  0.848475  0.760863  0.662427  0.612788  0.803118  0.868272  0.507391  0.662492  0.677570  0.673489  0.567981  0.887746  0.605620  0.643734  0.811441  0.629163  0.755979  0.377207  0.839080  0.675886 
30  0.614893  0.601544  0.596498  0.654969  0.643457  0.623643  0.666860  0.720877  0.690152  0.592626  0.911654  0.553660  0.731653  0.732537  0.741366  0.798071  0.723742  0.546813  0.617038  0.632020  0.820669  0.719535  0.618466  0.623538  0.740874  0.578682  0.721664  0.771042  0.690531  0.793452 0.0  0.549613  0.732914  0.534853  0.685215  0.641631  0.702670  0.655539  0.616137  0.669455  0.581741  0.740250  0.592394  0.701266  0.657856  0.658595  0.694631  0.571203  0.818550  0.596041  0.694865  0.769813  0.571841  0.639731  0.907712  0.636705  0.699731  0.734115  0.585425  0.799805 
31  0.795315  0.469644  0.369610  0.831439  0.770773  0.569475  0.440803  0.514234  0.771901  0.495125  0.786694  0.384781  0.868938  0.883122  0.506061  0.816967  0.747733  0.397327  0.750511  0.567755  0.477395  0.752662  0.603055  0.534184  0.718712  0.788294  0.905289  0.837889  0.626759  0.777699  0.549613 0.0  0.807936  0.580951  0.747980  0.698328  0.737918  0.824443  0.797758  0.623906  0.401282  0.714299  0.811164  0.955102  0.771143  0.677812  0.800980  0.748039  0.684087  0.701177  0.896617  0.622526  0.855056  0.751753  0.664502  0.831415  0.763524  0.872501  0.473738  0.539729 
32  0.732112  0.837627  0.580982  0.595235  0.541439  0.852914  0.689700  0.789929  0.446102  0.663008  0.732115  0.734758  0.508707  0.564215  0.684604  0.933582  0.666371  0.777195  0.637905  0.642754  0.783357  0.382333  0.732721  0.794060  0.707213  0.619067  0.581686  0.725576  0.706099  0.612938  0.732914  0.807936 0.0  0.768492  0.508929  0.675251  0.454699  0.709974  0.396339  0.456204  0.596799  0.538340  0.565080  0.614292  0.647259  0.887322  0.494083  0.631330  0.596128  0.682372  0.489347  0.638360  0.370436  0.527931  0.569846  0.621489  0.647669  0.393630  0.769480  0.559898 
33  0.821952  0.664710  0.617001  0.640975  0.665685  0.745390  0.591901  0.583023  0.620762  0.534993  0.831412  0.565149  0.721261  0.820966  0.594052  0.749438  0.735934  0.626396  0.744777  0.658970  0.648398  0.750776  0.710764  0.735082  0.783355  0.630601  0.652456  0.763790  0.736172  0.733924  0.534853  0.580951  0.768492 0.0  0.715735  0.775066  0.806032  0.687399  0.800778  0.771788  0.571815  0.706462  0.811434  0.763962  0.773841  0.692136  0.580460  0.659435  0.619314  0.708049  0.838202  0.734104  0.645972  0.663148  0.890769  0.733385  0.777204  0.785010  0.571880  0.677609 
34  0.515914  0.883133  0.843666  0.460487  0.629926  0.709607  0.985484  0.895469  0.299125  0.753512  0.766220  0.809282  0.562450  0.483034  0.941259  0.748409  0.582515  0.810838  0.581700  0.633635  0.771404  0.423311  0.584885  0.776338  0.584339  0.668363  0.650437  0.583249  0.731685  0.480296  0.685215  0.747980  0.508929  0.715735 0.0  0.695499  0.374056  0.567361  0.435257  0.594341  0.869376  0.591315  0.578907  0.478832  0.633061  0.623580  0.583539  0.588098  0.586810  0.545283  0.467442  0.706261  0.293079  0.513486  0.610226  0.479651  0.566990  0.507639  0.727002  0.609735 
35  0.669016  0.667988  0.564053  0.702061  0.622128  0.828065  0.717606  0.574893  0.657582  0.503405  0.848815  0.684887  0.564639  0.722061  0.722116  0.759198  0.743585  0.617028  0.739134  0.625890  0.646264  0.685095  0.660594  0.786968  0.712368  0.729196  0.741879  0.686515  0.433850  0.781508  0.641631  0.698328  0.675251  0.775066  0.695499 0.0  0.759637  0.733908  0.721622  0.752171  0.545732  0.674255  0.715271  0.717634  0.727519  0.527929  0.730917  0.622502  0.651987  0.553552  0.656381  0.559584  0.775841  0.626918  0.568019  0.735771  0.767207  0.789137  0.660726  0.693490 
36  0.570106  0.840637  0.725635  0.587498  0.592498  0.826904  0.846151  0.806682  0.264206  0.550244  0.920113  0.845244  0.469413  0.439043  0.841999  0.761128  0.694090  0.878201  0.561845  0.703657  0.673889  0.227271  0.535532  0.825959  0.623340  0.530689  0.593981  0.663726  0.679315  0.468254  0.702670  0.737918  0.454699  0.806032  0.374056  0.759637 0.0  0.642712  0.482141  0.450822  0.837419  0.494876  0.515557  0.548604  0.610426  0.558789  0.642786  0.470808  0.620168  0.606407  0.574507  0.731931  0.392477  0.482880  0.551625  0.546193  0.633914  0.334856  0.776124  0.646258 
37  0.564298  0.980197  0.828930  0.466431  0.559828  0.958010  0.823735  0.786837  0.692400  0.606185  0.869366  0.854057  0.596690  0.435172  0.889151  0.791466  0.657756  0.853000  0.563528  0.633309  0.814370  0.601751  0.732058  0.860905  0.733247  0.454657  0.510931  0.471819  0.771513  0.764378  0.655539  0.824443  0.709974  0.687399  0.567361  0.733908  0.642712 0.0  0.596187  0.713856  0.837224  0.681209  0.448783  0.444578  0.450143  0.821190  0.342934  0.532702  0.576611  0.591510  0.490904  0.728688  0.584361  0.434204  0.766507  0.588996  0.441603  0.599944  0.738374  0.664799 
38  0.527310  0.777919  0.808073  0.603741  0.613879  0.745643  0.799317  0.853018  0.347972  0.618760  0.768778  0.859499  0.523823  0.467932  0.775198  0.791413  0.626918  0.889061  0.686244  0.509664  0.633893  0.413082  0.531468  0.799096  0.741666  0.592279  0.471830  0.669111  0.667279  0.520436  0.616137  0.797758  0.396339  0.800778  0.435257  0.721622  0.482141  0.596187 0.0  0.351385  0.844019  0.531530  0.496510  0.511044  0.592850  0.699159  0.597727  0.552521  0.514832  0.650097  0.423826  0.776355  0.496993  0.529690  0.672919  0.404375  0.534003  0.572830  0.738082  0.680070 
39  0.645369  0.714529  0.684676  0.629838  0.691761  0.876448  0.699628  0.770658  0.515683  0.621023  0.764467  0.745507  0.409379  0.634373  0.784887  0.773984  0.707432  0.681344  0.651949  0.594404  0.736249  0.598487  0.623535  0.699059  0.785066  0.694991  0.586966  0.622305  0.631625  0.688767  0.669455  0.623906  0.456204  0.771788  0.594341  0.752171  0.450822  0.713856  0.351385 0.0  0.694044  0.385739  0.508897  0.671674  0.597430  0.711909  0.616888  0.615222  0.505387  0.633624  0.551909  0.765006  0.563752  0.679163  0.616509  0.572048  0.777134  0.615390  0.723586  0.482507 
40  0.708208  0.567747  0.352048  0.823619  0.671263  0.581527  0.472065  0.467631  0.794090  0.566571  0.752536  0.337948  0.628915  0.782010  0.417141  0.760127  0.838119  0.423977  0.790917  0.601220  0.671117  0.871644  0.725211  0.583632  0.745023  0.801565  0.758078  0.876653  0.496773  0.848475  0.581741  0.401282  0.596799  0.571815  0.869376  0.545732  0.837419  0.837224  0.844019  0.694044 0.0  0.733560  0.708597  0.803075  0.851375  0.709577  0.763999  0.804353  0.643653  0.715858  0.816810  0.634145  0.915704  0.770396  0.686893  0.747658  0.753711  0.859169  0.340974  0.599256 
41  0.640148  0.824460  0.604801  0.749803  0.671964  0.929950  0.915920  0.722453  0.543066  0.645919  0.819133  0.653460  0.489213  0.642422  0.702735  0.725368  0.770700  0.753170  0.660932  0.550223  0.743260  0.517151  0.668489  0.897519  0.684765  0.631758  0.655376  0.746032  0.551667  0.760863  0.740250  0.714299  0.538340  0.706462  0.591315  0.674255  0.494876  0.681209  0.531530  0.385739  0.733560 0.0  0.661114  0.713004  0.678035  0.799700  0.606824  0.679656  0.599509  0.669784  0.631003  0.727216  0.636323  0.640812  0.614432  0.531865  0.668099  0.602077  0.671861  0.577795 
42  0.465255  0.869774  0.828407  0.514295  0.618567  0.856489  0.839283  0.978669  0.517686  0.548733  0.718083  0.745192  0.641921  0.612091  0.836856  0.610661  0.694821  0.833497  0.611274  0.589614  0.586550  0.539329  0.595048  0.932192  0.729000  0.609795  0.627931  0.647119  0.665649  0.662427  0.592394  0.811164  0.565080  0.811434  0.578907  0.715271  0.515557  0.448783  0.496510  0.508897  0.708597  0.661114 0.0  0.523122  0.522625  0.621276  0.534795  0.544438  0.523567  0.375248  0.646811  0.541527  0.534811  0.526772  0.432588  0.290704  0.606557  0.657541  0.726346  0.609113 
43  0.365300  0.853985  0.870546  0.394610  0.609383  0.795666  0.861432  0.819064  0.558751  0.682031  0.807751  0.642289  0.642053  0.539880  0.712454  0.769576  0.666555  0.898232  0.371907  0.663480  0.862609  0.445300  0.667642  0.858230  0.596430  0.507412  0.323004  0.573998  0.561349  0.612788  0.701266  0.955102  0.614292  0.763962  0.478832  0.717634  0.548604  0.444578  0.511044  0.671674  0.803075  0.713004  0.523122 0.0  0.454356  0.657312  0.519644  0.428600  0.627722  0.482683  0.572890  0.632044  0.339298  0.458254  0.666870  0.565693  0.469790  0.526669  0.792158  0.672364 
44  0.566560  0.891568  0.803309  0.492418  0.635199  0.876874  0.865376  0.864606  0.627231  0.626445  0.817336  0.770072  0.622324  0.588169  0.741832  0.770834  0.770181  0.873355  0.347100  0.576587  0.770806  0.556828  0.683622  0.794406  0.696684  0.517370  0.547365  0.465316  0.725975  0.803118  0.657856  0.771143  0.647259  0.773841  0.633061  0.727519  0.610426  0.450143  0.592850  0.597430  0.851375  0.678035  0.522625  0.454356 0.0  0.792826  0.318471  0.570934  0.694493  0.702383  0.551250  0.691302  0.626313  0.481284  0.530540  0.634548  0.416339  0.534598  0.832058  0.710321 
45  0.607757  0.840247  0.684926  0.625992  0.692535  0.707245  0.807001  0.779341  0.614082  0.675517  0.935154  0.704729  0.729659  0.645740  0.823186  0.731458  0.638359  0.732536  0.792589  0.620758  0.696488  0.658405  0.614216  0.684564  0.597359  0.673320  0.651404  0.725495  0.482576  0.868272  0.658595  0.677812  0.887322  0.692136  0.623580  0.527929  0.558789  0.821190  0.699159  0.711909  0.709577  0.799700  0.621276  0.657312  0.792826 0.0  0.798162  0.692506  0.755196  0.481344  0.539384  0.863663  0.698917  0.600719  0.600892  0.630795  0.764207  0.722461  0.636399  0.802495 
46  0.491477  0.744053  0.720801  0.382012  0.666794  0.795468  0.810619  0.802438  0.630568  0.684728  0.819495  0.738214  0.629135  0.451170  0.773374  0.781434  0.852969  0.763942  0.511692  0.591040  0.771223  0.637264  0.630074  0.802586  0.715364  0.553993  0.548997  0.382333  0.637408  0.507391  0.694631  0.800980  0.494083  0.580460  0.583539  0.730917  0.642786  0.342934  0.597727  0.616888  0.763999  0.606824  0.534795  0.519644  0.318471  0.798162 0.0  0.481894  0.603639  0.620393  0.448111  0.719425  0.605905  0.487712  0.629866  0.585298  0.351181  0.810374  0.820999  0.620362 
47  0.464547  0.859385  0.867600  0.386800  0.578482  0.807513  0.770912  0.904904  0.698421  0.644411  0.775633  0.625807  0.630513  0.546883  0.807016  0.905624  0.638725  0.785392  0.511850  0.568809  0.603995  0.596135  0.585815  0.797951  0.670801  0.338659  0.537876  0.566186  0.677337  0.662492  0.571203  0.748039  0.631330  0.659435  0.588098  0.622502  0.470808  0.532702  0.552521  0.615222  0.804353  0.679656  0.544438  0.428600  0.570934  0.692506  0.481894 0.0  0.593763  0.584859  0.533664  0.634571  0.510354  0.506402  0.520313  0.504865  0.612814  0.767164  0.657813  0.720260 
48  0.704430  0.729032  0.660975  0.497284  0.709463  0.880983  0.712069  0.747862  0.601612  0.630216  0.742310  0.673451  0.518845  0.703065  0.696828  0.571105  0.748350  0.780959  0.584508  0.650078  0.620171  0.659255  0.627184  0.837192  0.931769  0.653574  0.632946  0.669714  0.654051  0.677570  0.818550  0.684087  0.596128  0.619314  0.586810  0.651987  0.620168  0.576611  0.514832  0.505387  0.643653  0.599509  0.523567  0.627722  0.694493  0.755196  0.603639  0.593763 0.0  0.563309  0.482644  0.528608  0.550017  0.607140  0.510375  0.499575  0.619261  0.639819  0.595107  0.632302 
49  0.590377  0.767091  0.794154  0.553330  0.648668  0.707090  0.820688  0.858215  0.496130  0.613265  0.788668  0.655752  0.677457  0.433585  0.738738  0.653270  0.669581  0.740656  0.661390  0.783807  0.505448  0.552255  0.686048  0.732686  0.704425  0.501234  0.451746  0.637506  0.644520  0.673489  0.596041  0.701177  0.682372  0.708049  0.545283  0.553552  0.606407  0.591510  0.650097  0.633624  0.715858  0.669784  0.375248  0.482683  0.702383  0.481344  0.620393  0.584859  0.563309 0.0  0.541314  0.616307  0.644625  0.588387  0.518273  0.359769  0.756033  0.812168  0.696157  0.639681 
50  0.452827  0.853794  0.854327  0.501334  0.546037  0.815663  0.869737  0.893836  0.477298  0.670785  0.826891  0.753267  0.529819  0.401545  0.780294  0.846581  0.651478  0.843575  0.568200  0.633422  0.644614  0.500291  0.518646  0.716540  0.604334  0.451745  0.478312  0.547658  0.767923  0.567981  0.694865  0.896617  0.489347  0.838202  0.467442  0.656381  0.574507  0.490904  0.423826  0.551909  0.816810  0.631003  0.646811  0.572890  0.551250  0.539384  0.448111  0.533664  0.482644  0.541314 0.0  0.754483  0.480185  0.436451  0.636170  0.578156  0.651792  0.619065  0.885139  0.685615 
51  0.848669  0.826463  0.717219  0.742763  0.733680  0.869355  0.589862  0.849301  0.709925  0.616754  0.685437  0.753293  0.663081  0.746571  0.696540  0.416320  0.721345  0.573891  0.765915  0.654933  0.467891  0.768494  0.705264  0.774640  0.754056  0.770953  0.735530  0.701467  0.580092  0.887746  0.769813  0.622526  0.638360  0.734104  0.706261  0.559584  0.731931  0.728688  0.776355  0.765006  0.634145  0.727216  0.541527  0.632044  0.691302  0.863663  0.719425  0.634571  0.528608  0.616307  0.754483 0.0  0.715717  0.689311  0.545060  0.611598  0.726610  0.862145  0.699711  0.488359 
52  0.512245  0.784833  0.755616  0.463718  0.591854  0.854259  0.905831  0.832675  0.284285  0.684061  0.824844  0.736856  0.604147  0.434874  0.700662  0.823355  0.626442  0.872847  0.583027  0.634505  0.719622  0.310376  0.667676  0.774322  0.723616  0.522249  0.637849  0.705061  0.636200  0.605620  0.571841  0.855056  0.370436  0.645972  0.293079  0.775841  0.392477  0.584361  0.496993  0.563752  0.915704  0.636323  0.534811  0.339298  0.626313  0.698917  0.605905  0.510354  0.550017  0.644625  0.480185  0.715717 0.0  0.485392  0.614413  0.571053  0.597210  0.448347  0.740690  0.621477 
53  0.446357  0.860352  0.687105  0.415353  0.579266  0.821923  0.886115  0.843264  0.487930  0.478082  0.867574  0.749761  0.567084  0.478456  0.809999  0.851470  0.683209  0.988162  0.394610  0.570310  0.834543  0.540981  0.480484  0.867616  0.733487  0.446097  0.539746  0.499300  0.682169  0.643734  0.639731  0.751753  0.527931  0.663148  0.513486  0.626918  0.482880  0.434204  0.529690  0.679163  0.770396  0.640812  0.526772  0.458254  0.481284  0.600719  0.487712  0.506402  0.607140  0.588387  0.436451  0.689311  0.485392 0.0  0.552076  0.537425  0.343637  0.638493  0.724158  0.711898 
54  0.596952  0.750122  0.758383  0.605633  0.666275  0.797053  0.766145  0.807738  0.626328  0.586748  0.773583  0.680082  0.518766  0.681809  0.774700  0.602495  0.669854  0.721889  0.570276  0.669369  0.600318  0.615809  0.585729  0.870080  0.731426  0.619706  0.598497  0.489313  0.527147  0.811441  0.907712  0.664502  0.569846  0.890769  0.610226  0.568019  0.551625  0.766507  0.672919  0.616509  0.686893  0.614432  0.432588  0.666870  0.530540  0.600892  0.629866  0.520313  0.510375  0.518273  0.636170  0.545060  0.614413  0.552076 0.0  0.386292  0.640392  0.649037  0.761971  0.487252 
55  0.420012  0.844409  0.794271  0.533910  0.593954  0.782426  0.788514  0.851774  0.629631  0.578859  0.762465  0.816267  0.588727  0.577976  0.691784  0.668949  0.693591  0.805681  0.625962  0.635674  0.719644  0.481818  0.561250  0.876405  0.727240  0.548273  0.686429  0.585832  0.711453  0.629163  0.636705  0.831415  0.621489  0.733385  0.479651  0.735771  0.546193  0.588996  0.404375  0.572048  0.747658  0.531865  0.290704  0.565693  0.634548  0.630795  0.585298  0.504865  0.499575  0.359769  0.578156  0.611598  0.571053  0.537425  0.386292 0.0  0.644286  0.554915  0.690907  0.667155 
56  0.428537  0.820826  0.752282  0.418840  0.522757  0.947654  0.796775  0.773600  0.644568  0.518476  0.832662  0.651994  0.670018  0.441417  0.665354  0.776171  0.701812  0.859509  0.348050  0.632843  0.794367  0.696912  0.736446  0.803070  0.815329  0.575299  0.545791  0.480142  0.727229  0.755979  0.699731  0.763524  0.647669  0.777204  0.566990  0.767207  0.633914  0.441603  0.534003  0.777134  0.753711  0.668099  0.606557  0.469790  0.416339  0.764207  0.351181  0.612814  0.619261  0.756033  0.651792  0.726610  0.597210  0.343637  0.640392  0.644286 0.0  0.647299  0.700854  0.701548 
57  0.657773  0.825919  0.933665  0.644116  0.567401  0.796504  0.801096  0.681899  0.465629  0.755908  0.645255  0.986460  0.514166  0.624447  0.745133  0.748840  0.775346  0.877725  0.598549  0.614611  0.809833  0.445680  0.706517  0.899214  0.859123  0.644890  0.769924  0.608763  0.716034  0.377207  0.734115  0.872501  0.393630  0.785010  0.507639  0.789137  0.334856  0.599944  0.572830  0.615390  0.859169  0.602077  0.657541  0.526669  0.534598  0.722461  0.810374  0.767164  0.639819  0.812168  0.619065  0.862145  0.448347  0.638493  0.649037  0.554915  0.647299 0.0  0.796376  0.692577 
58  0.779320  0.446773  0.395722  0.791944  0.572622  0.467047  0.391427  0.587038  0.778351  0.593517  0.685256  0.323079  0.680924  0.703289  0.325038  0.698085  0.801130  0.562975  0.826600  0.588695  0.728229  0.819857  0.702957  0.577956  0.835231  0.780173  0.737936  0.692329  0.548869  0.839080  0.585425  0.473738  0.769480  0.571880  0.727002  0.660726  0.776124  0.738374  0.738082  0.723586  0.340974  0.671861  0.726346  0.792158  0.832058  0.636399  0.820999  0.657813  0.595107  0.696157  0.885139  0.699711  0.740690  0.724158  0.761971  0.690907  0.700854  0.796376 0.0  0.575077 
59  0.800399  0.738515  0.743040  0.729767  0.670483  0.835249  0.638362  0.838804  0.549378  0.589524  0.708679  0.655911  0.552498  0.742152  0.637220  0.466562  0.806709  0.699638  0.657993  0.520181  0.472221  0.463288  0.625362  0.832107  0.791688  0.739108  0.759432  0.833000  0.628296  0.675886  0.799805  0.539729  0.559898  0.677609  0.609735  0.693490  0.646258  0.664799  0.680070  0.482507  0.599256  0.577795  0.609113  0.672364  0.710321  0.802495  0.620362  0.720260  0.632302  0.639681  0.685615  0.488359  0.621477  0.711898  0.487252  0.667155  0.701548  0.692577  0.575077 0.0 
