60
0 0.0  0.815603  0.726116  0.437319  0.648794  0.728808  0.845782  0.981534  0.601851  0.650664  0.655518  0.761762  0.647752  0.383991  0.701160  0.777724  0.656013  0.780469  0.476652  0.688165  0.697298  0.582974  0.571716  0.742798  0.687001  0.387990  0.231869  0.546727  0.720073  0.707469  0.678896  0.854581  0.646997  0.683076  0.571810  0.717476  0.576274  0.423428  0.527758  0.794433  0.743045  0.631138  0.486573  0.275208  0.545782  0.516066  0.500129  0.385275  0.768197  0.493573  0.353891  0.774813  0.544317  0.466716  0.608961  0.496666  0.457713  0.624151  0.701857  0.670261 
1  0.815603 0.0  0.488566  0.743432  0.720738  0.515074  0.513127  0.369530  0.886265  0.790058  0.697349  0.464997  0.733701  0.872993  0.493735  0.686453  0.905353  0.382120  0.896492  0.718308  0.821070  0.829302  0.847306  0.363929  0.791712  0.875766  0.953886  0.816020  0.808576  0.687620  0.578283  0.414455  0.687081  0.596386  0.988278  0.607108  0.905997  0.872732  0.820249  0.759376  0.462021  0.804650  0.855210  0.864831  0.719086  0.719851  0.916761  0.824474  0.680931  0.767232  0.865480  0.866862  0.844937  0.807173  0.764126  0.846294  0.818409  0.737066  0.409859  0.686101 
2  0.726116  0.488566 0.0  0.785643  0.621587  0.620900  0.417184  0.453421  0.790458  0.669787  0.685776  0.282322  0.699872  0.698372  0.393657  0.781417  0.727761  0.413945  0.678583  0.566692  0.551184  0.625968  0.763490  0.483927  0.766640  0.826928  0.718167  0.738414  0.555460  0.844021  0.550210  0.313886  0.644776  0.563969  0.796547  0.565033  0.725702  0.793151  0.721842  0.687147  0.391463  0.722270  0.725887  0.708739  0.730971  0.701704  0.717173  0.789596  0.689577  0.727332  0.832343  0.607658  0.717745  0.692549  0.546106  0.707182  0.751512  0.832971  0.390773  0.667446 
3  0.437319  0.743432  0.785643 0.0  0.623533  0.818140  0.840932  0.803970  0.435229  0.730669  0.875886  0.670996  0.489694  0.501734  0.762351  0.827141  0.666526  0.841141  0.363722  0.666814  0.745378  0.422689  0.634752  0.733308  0.676475  0.390513  0.635214  0.454277  0.651513  0.592285  0.607128  0.725795  0.599499  0.651582  0.508675  0.629211  0.533229  0.481117  0.601474  0.590558  0.702042  0.596620  0.497988  0.400822  0.467711  0.636982  0.445426  0.450480  0.664080  0.562022  0.437013  0.848658  0.483851  0.396247  0.540905  0.498404  0.319908  0.630488  0.828657  0.779127 
4  0.648794  0.720738  0.621587  0.623533 0.0  0.573267  0.585100  0.804261  0.718961  0.433130  0.711008  0.617050  0.548172  0.577697  0.596588  0.692241  0.802106  0.552989  0.496652  0.649804  0.633221  0.475852  0.612430  0.694260  0.739475  0.673454  0.589443  0.595786  0.613169  0.635043  0.588109  0.624888  0.468016  0.570669  0.605893  0.665588  0.640021  0.582610  0.539783  0.634598  0.587111  0.689325  0.601502  0.543411  0.540235  0.565533  0.580502  0.559457  0.593716  0.647536  0.629379  0.767751  0.566671  0.661504  0.747715  0.610484  0.596627  0.674361  0.632604  0.677792 
5  0.728808  0.515074  0.620900  0.818140  0.573267 0.0  0.507950  0.504223  0.850241  0.642041  0.715209  0.545574  1.000000  0.782462  0.606705  0.835725  0.817100  0.556214  0.862250  0.794585  0.735331  0.767914  0.690241  0.551404  0.764816  0.756175  0.888155  0.881221  0.858911  0.830168  0.631947  0.690139  0.915526  0.638130  0.829180  0.714398  0.860165  0.825277  0.834998  0.753492  0.545912  0.798299  0.853755  0.806252  0.835694  0.643758  0.812014  0.815115  0.794328  0.787800  0.742556  0.830917  0.788259  0.800244  0.727733  0.787680  0.742112  0.831768  0.391119  0.672992 
6  0.845782  0.513127  0.417184  0.840932  0.585100  0.507950 0.0  0.507127  0.855770  0.630218  0.672884  0.366510  0.842291  0.758452  0.483534  0.777996  0.839926  0.367532  0.792096  0.622770  0.712803  0.820678  0.718889  0.503456  0.760069  0.899758  0.846879  0.866890  0.581625  0.686995  0.715471  0.502974  0.752510  0.538583  0.790575  0.555326  0.857329  0.777175  0.942582  0.758935  0.447952  0.654191  0.636919  0.878574  0.644701  0.821202  0.833580  0.953048  0.765936  0.781334  0.727299  0.666908  0.767708  0.739682  0.660562  0.749165  0.751203  0.788059  0.378113  0.674845 
7  0.981534  0.369530  0.453421  0.803970  0.804261  0.504223  0.507127 0.0  0.787127  0.726196  0.731142  0.551099  0.654388  0.851687  0.452808  0.679670  0.844775  0.440843  0.778315  0.719564  0.804545  0.887131  0.814299  0.425940  0.755483  0.826219  0.798909  0.882596  0.749466  0.775133  0.671761  0.524234  0.726151  0.568044  0.778627  0.663463  0.872648  0.806519  0.784984  0.793105  0.424511  0.817181  0.727552  0.847297  0.938427  0.739619  0.841939  0.933153  0.809612  0.881602  0.748940  0.763714  0.829979  0.774746  0.715892  0.870539  0.853070  0.816834  0.493385  0.687083 
8  0.601851  0.886265  0.790458  0.435229  0.718961  0.850241  0.855770  0.787127 0.0  0.619615  0.804178  0.715251  0.548246  0.474678  0.631125  0.817263  0.599977  0.885097  0.541839  0.605058  0.760081  0.362911  0.610565  0.742065  0.664131  0.488642  0.594341  0.614697  0.684741  0.543918  0.668144  0.752894  0.551838  0.579674  0.160729  0.597540  0.244551  0.660831  0.421415  0.468824  0.780113  0.666180  0.425455  0.477943  0.594160  0.487243  0.605063  0.531243  0.566357  0.597131  0.358049  0.709542  0.281790  0.447825  0.651110  0.489822  0.628618  0.456914  0.700828  0.441973 
9  0.650664  0.790058  0.669787  0.730669  0.433130  0.642041  0.630218  0.726196  0.619615 0.0  0.707869  0.588852  0.599380  0.562402  0.636937  0.648431  0.664706  0.715569  0.621834  0.661484  0.630207  0.601746  0.639630  0.662914  0.576465  0.746550  0.566585  0.664862  0.540224  0.697930  0.775876  0.580880  0.627444  0.546892  0.628483  0.637246  0.589221  0.525936  0.610771  0.607250  0.570907  0.493118  0.520551  0.648797  0.583404  0.577347  0.626836  0.620347  0.607950  0.562349  0.605683  0.700354  0.597173  0.615924  0.566864  0.566699  0.571272  0.707969  0.580214  0.436372 
10  0.655518  0.697349  0.685776  0.875886  0.711008  0.715209  0.672884  0.731142  0.804178  0.707869 0.0  0.748306  0.629885  0.717258  0.770183  0.721828  0.905469  0.675254  0.760262  0.723114  0.788298  0.714882  0.665206  0.854606  0.804830  0.739297  0.822337  0.763538  0.746796  0.830088  0.813108  0.722491  0.809860  0.759288  0.738700  0.709806  0.663998  0.760702  0.824237  0.722881  0.852362  0.793980  0.808587  0.929707  0.858702  0.737487  0.804110  0.688044  0.630049  0.754377  0.732904  0.756999  0.785039  0.814842  0.744931  0.753310  0.815672  0.811007  0.707900  0.695125 
11  0.761762  0.464997  0.282322  0.670996  0.617050  0.545574  0.366510  0.551099  0.715251  0.588852  0.748306 0.0  0.747343  0.659468  0.365846  0.765554  0.735800  0.458234  0.778805  0.486856  0.679572  0.708298  0.637692  0.539803  0.774136  0.855254  0.809001  0.779625  0.661770  0.873072  0.657405  0.414471  0.595917  0.660753  0.800488  0.594973  0.709478  0.764464  0.876124  0.666823  0.364087  0.722085  0.709802  0.619891  0.842980  0.672845  0.571666  0.795651  0.662278  0.677598  0.705922  0.722645  0.804723  0.720791  0.687466  0.747666  0.767823  0.816208  0.270482  0.559186 
12  0.647752  0.733701  0.699872  0.489694  0.548172  1.000000  0.842291  0.654388  0.548246  0.599380  0.629885  0.747343 0.0  0.546813  0.655485  0.655517  0.659094  0.742208  0.506407  0.534451  0.656149  0.506002  0.565167  0.849776  0.758759  0.635196  0.514000  0.644136  0.620809  0.534586  0.775349  0.692420  0.487520  0.557762  0.515285  0.611320  0.442372  0.605502  0.459144  0.435728  0.745955  0.480999  0.551598  0.627113  0.597016  0.793931  0.536754  0.626924  0.497108  0.586469  0.605560  0.618169  0.492716  0.577338  0.474941  0.430578  0.675722  0.527333  0.634363  0.458957 
13  0.383991  0.872993  0.698372  0.501734  0.577697  0.782462  0.758452  0.851687  0.474678  0.562402  0.717258  0.659468  0.546813 0.0  0.806509  0.803348  0.639095  0.876348  0.500442  0.606404  0.682255  0.419298  0.689403  0.781417  0.645881  0.467130  0.524787  0.633551  0.676723  0.525530  0.675375  0.812000  0.596406  0.692780  0.467801  0.656534  0.462827  0.443676  0.517125  0.504487  0.749724  0.551392  0.516446  0.401144  0.549100  0.673629  0.550757  0.456679  0.573005  0.576824  0.385659  0.819248  0.540492  0.521018  0.642459  0.570444  0.466383  0.566567  0.706063  0.643354 
14  0.701160  0.493735  0.393657  0.762351  0.596588  0.606705  0.483534  0.452808  0.631125  0.636937  0.770183  0.365846  0.655485  0.806509 0.0  0.726400  0.733473  0.546430  0.787315  0.484088  0.494491  0.708763  0.608054  0.723651  0.650089  0.908236  0.825332  0.707636  0.578951  0.804012  0.594903  0.482176  0.707087  0.610907  0.781180  0.472226  0.712448  0.751817  0.813290  0.653887  0.406295  0.672535  0.655835  0.710282  0.788351  0.696523  0.736904  0.815336  0.611968  0.787538  0.661267  0.734954  0.700156  0.768330  0.713380  0.796356  0.700909  0.814536  0.352009  0.605775 
15  0.777724  0.686453  0.781417  0.827141  0.692241  0.835725  0.777996  0.679670  0.817263  0.648431  0.721828  0.765554  0.655517  0.803348  0.726400 0.0  0.685990  0.757072  0.761403  0.707559  0.376948  0.790310  0.701945  0.772882  0.597225  0.805238  0.829574  0.763230  0.739646  0.889156  0.699053  0.673253  0.684587  0.670595  0.813178  0.646826  0.828402  0.844764  0.816247  0.767352  0.658958  0.816626  0.620170  0.765940  0.812620  0.649521  0.688286  0.866808  0.713508  0.672620  0.940276  0.405300  0.721754  0.764393  0.681925  0.630946  0.715020  0.890781  0.707492  0.457794 
16  0.656013  0.905353  0.727761  0.666526  0.802106  0.817100  0.839926  0.844775  0.599977  0.664706  0.905469  0.735800  0.659094  0.639095  0.733473  0.685990 0.0  0.820136  0.675316  0.653439  0.656250  0.600335  0.667323  0.771443  0.160547  0.670564  0.600386  0.700965  0.574741  0.761068  0.625859  0.692299  0.787440  0.651328  0.576189  0.715413  0.532185  0.698286  0.633309  0.787107  0.590622  0.718532  0.650544  0.530308  0.621587  0.604801  0.666480  0.661096  0.679642  0.549764  0.744282  0.682223  0.696290  0.644132  0.707770  0.660102  0.729604  0.836006  0.662897  0.799712 
17  0.780469  0.382120  0.413945  0.841141  0.552989  0.556214  0.367532  0.440843  0.885097  0.715569  0.675254  0.458234  0.742208  0.876348  0.546430  0.757072  0.820136 0.0  0.805256  0.646937  0.710189  0.870232  0.827072  0.581637  0.770901  0.879979  0.943151  0.927891  0.571852  0.812363  0.674419  0.403454  0.793435  0.687006  0.862381  0.511436  0.870935  0.800608  0.833689  0.830702  0.320816  0.768576  0.737524  0.853212  0.780165  0.679611  0.802524  0.928804  0.725133  0.897204  0.767621  0.675980  0.816858  0.738844  0.643217  0.789594  0.751502  0.786291  0.465538  0.640395 
18  0.476652  0.896492  0.678583  0.363722  0.496652  0.862250  0.792096  0.778315  0.541839  0.621834  0.760262  0.778805  0.506407  0.500442  0.787315  0.761403  0.675316  0.805256 0.0  0.659067  0.810266  0.698465  0.599071  0.951136  0.739288  0.485199  0.504002  0.437840  0.612002  0.721314  0.732416  0.859841  0.522736  0.755687  0.530290  0.664284  0.575072  0.532048  0.598295  0.655046  0.734239  0.578344  0.643428  0.516231  0.369665  0.670427  0.400979  0.555590  0.542231  0.579529  0.509292  0.667367  0.590338  0.293360  0.605132  0.482811  0.266832  0.592836  0.748920  0.725371 
19  0.688165  0.718308  0.566692  0.666814  0.649804  0.794585  0.622770  0.719564  0.605058  0.661484  0.723114  0.486856  0.534451  0.606404  0.484088  0.707559  0.653439  0.646937  0.659067 0.0  0.530892  0.598582  0.547025  0.649472  0.692846  0.542169  0.634085  0.663322  0.595158  0.729190  0.569715  0.564908  0.550314  0.715608  0.611372  0.550069  0.549522  0.629428  0.530033  0.508451  0.500276  0.604044  0.564826  0.576753  0.636970  0.658983  0.633325  0.681086  0.460184  0.725954  0.687593  0.646164  0.563488  0.596305  0.576495  0.632613  0.758673  0.610931  0.542904  0.569786 
20  0.697298  0.821070  0.551184  0.745378  0.633221  0.735331  0.712803  0.804545  0.760081  0.630207  0.788298  0.679572  0.656149  0.682255  0.494491  0.376948  0.656250  0.710189  0.810266  0.530892 0.0  0.599203  0.728585  0.743919  0.709345  0.702023  0.806126  0.814407  0.677918  0.879798  0.709408  0.540601  0.689898  0.776791  0.737129  0.666291  0.726843  0.830391  0.671966  0.710615  0.582728  0.707445  0.667225  0.766132  0.739149  0.744372  0.647715  0.751198  0.449510  0.644704  0.719845  0.428935  0.683378  0.722673  0.494657  0.721027  0.727249  0.778970  0.652772  0.373657 
21  0.582974  0.829302  0.625968  0.422689  0.475852  0.767914  0.820678  0.887131  0.362911  0.601746  0.714882  0.708298  0.506002  0.419298  0.708763  0.790310  0.600335  0.870232  0.698465  0.598582  0.599203 0.0  0.653251  0.728813  0.675235  0.528652  0.580188  0.577876  0.685865  0.478621  0.666738  0.656770  0.336132  0.786875  0.317395  0.678334  0.259482  0.696288  0.421911  0.602386  0.749637  0.422348  0.441506  0.460352  0.598328  0.599510  0.581968  0.443783  0.573042  0.564033  0.491191  0.741144  0.287887  0.600786  0.614019  0.527988  0.595308  0.463676  0.786007  0.561506 
22  0.571716  0.847306  0.763490  0.634752  0.612430  0.690241  0.718889  0.814299  0.610565  0.639630  0.665206  0.637692  0.565167  0.689403  0.608054  0.701945  0.667323  0.827072  0.599071  0.547025  0.728585  0.653251 0.0  0.735551  0.664685  0.508992  0.576090  0.638977  0.646260  0.597629  0.551120  0.666552  0.660073  0.660387  0.561408  0.626088  0.569739  0.722904  0.545316  0.598647  0.700976  0.691192  0.610935  0.573972  0.681163  0.493978  0.690219  0.528466  0.705122  0.590769  0.615365  0.605686  0.572808  0.563245  0.739226  0.588091  0.685144  0.762313  0.674730  0.662340 
23  0.742798  0.363929  0.483927  0.733308  0.694260  0.551404  0.503456  0.425940  0.742065  0.662914  0.854606  0.539803  0.849776  0.781417  0.723651  0.772882  0.771443  0.581637  0.951136  0.649472  0.743919  0.728813  0.735551 0.0  0.746059  0.826394  0.912658  0.871159  0.716973  0.677291  0.744156  0.636278  0.746068  0.577743  0.743498  0.705562  0.652837  0.867321  0.719512  0.783125  0.540983  0.851399  0.746789  0.767352  0.811929  0.672189  0.856490  0.791099  0.823935  0.742066  0.747933  0.794337  0.888491  0.677553  0.934325  0.753105  0.722481  0.821802  0.568738  0.776553 
24  0.687001  0.791712  0.766640  0.676475  0.739475  0.764816  0.760069  0.755483  0.664131  0.576465  0.804830  0.774136  0.758759  0.645881  0.650089  0.597225  0.160547  0.770901  0.739288  0.692846  0.709345  0.675235  0.664685  0.746059 0.0  0.752264  0.614663  0.768876  0.699355  0.819216  0.722716  0.682060  0.786880  0.589630  0.749285  0.736803  0.704969  0.786200  0.640100  0.705451  0.603954  0.647422  0.553388  0.769137  0.742644  0.704769  0.630320  0.755046  0.829248  0.704538  0.683940  0.597122  0.657481  0.653015  0.751161  0.777871  0.739887  0.781801  0.734266  0.724237 
25  0.387990  0.875766  0.826928  0.390513  0.673454  0.756175  0.899758  0.826219  0.488642  0.746550  0.739297  0.855254  0.635196  0.467130  0.908236  0.805238  0.670564  0.879979  0.485199  0.542169  0.702023  0.528652  0.508992  0.826394  0.752264 0.0  0.331217  0.550571  0.589884  0.674652  0.721259  0.866808  0.515552  0.641300  0.525343  0.664022  0.579055  0.525526  0.543373  0.617591  0.744528  0.698409  0.468858  0.379244  0.488842  0.606496  0.446363  0.409881  0.599210  0.584719  0.460863  0.839425  0.471644  0.315068  0.773002  0.641397  0.551573  0.701302  0.788664  0.681386 
26  0.231869  0.953886  0.718167  0.635214  0.589443  0.888155  0.846879  0.798909  0.594341  0.566585  0.822337  0.809001  0.514000  0.524787  0.825332  0.829574  0.600386  0.943151  0.504002  0.634085  0.806126  0.580188  0.576090  0.912658  0.614663  0.331217 0.0  0.491890  0.666825  0.656865  0.604326  0.814346  0.567290  0.729375  0.600190  0.644160  0.540633  0.396728  0.564901  0.545552  0.862536  0.655756  0.478976  0.437709  0.434879  0.671807  0.464435  0.335615  0.648789  0.642106  0.494527  0.616678  0.584878  0.512371  0.682117  0.556447  0.537443  0.562141  0.806829  0.663330 
27  0.546727  0.816020  0.738414  0.454277  0.595786  0.881221  0.866890  0.882596  0.614697  0.664862  0.763538  0.779625  0.644136  0.633551  0.707636  0.763230  0.700965  0.927891  0.437840  0.663322  0.814407  0.577876  0.638977  0.871159  0.768876  0.550571  0.491890 0.0  0.757549  0.762289  0.686992  0.721628  0.562326  0.700245  0.745621  0.677799  0.597163  0.484074  0.604526  0.661524  0.830616  0.605189  0.641662  0.497191  0.442129  0.645664  0.393100  0.602476  0.624964  0.615279  0.520657  0.791302  0.659578  0.570044  0.574038  0.646314  0.515058  0.475012  0.734501  0.681143 
28  0.720073  0.808576  0.555460  0.651513  0.613169  0.858911  0.581625  0.749466  0.684741  0.540224  0.746796  0.661770  0.620809  0.676723  0.578951  0.739646  0.574741  0.571852  0.612002  0.595158  0.677918  0.685865  0.646260  0.716973  0.699355  0.589884  0.666825  0.757549 0.0  0.838483  0.667797  0.549506  0.576281  0.748223  0.782281  0.420932  0.787498  0.754236  0.684215  0.663893  0.547162  0.595959  0.659885  0.763151  0.864756  0.605988  0.653183  0.725216  0.591948  0.703731  0.674815  0.658324  0.734091  0.784086  0.585072  0.683011  0.640148  0.850396  0.732514  0.556387 
29  0.707469  0.687620  0.844021  0.592285  0.635043  0.830168  0.686995  0.775133  0.543918  0.697930  0.830088  0.873072  0.534586  0.525530  0.804012  0.889156  0.761068  0.812363  0.721314  0.729190  0.879798  0.478621  0.597629  0.677291  0.819216  0.674652  0.656865  0.762289  0.838483 0.0  0.707925  0.920172  0.504507  0.769982  0.466044  0.824833  0.500438  0.725110  0.496291  0.699231  0.923112  0.621054  0.647477  0.688937  0.754701  0.762869  0.728604  0.599516  0.695883  0.717160  0.551348  0.817319  0.506808  0.606494  0.734280  0.502941  0.678782  0.385030  0.880961  0.641329 
30  0.678896  0.578283  0.550210  0.607128  0.588109  0.631947  0.715471  0.671761  0.668144  0.775876  0.813108  0.657405  0.775349  0.675375  0.594903  0.699053  0.625859  0.674419  0.732416  0.569715  0.709408  0.666738  0.551120  0.744156  0.722716  0.721259  0.604326  0.686992  0.667797  0.707925 0.0  0.547795  0.691809  0.427920  0.641505  0.736659  0.606744  0.620224  0.576008  0.814253  0.514922  0.666517  0.533823  0.698698  0.684679  0.594769  0.641379  0.669738  0.774789  0.716297  0.525523  0.809764  0.696256  0.769656  0.583276  0.663619  0.698084  0.752937  0.459760  0.699175 
31  0.854581  0.414455  0.313886  0.725795  0.624888  0.690139  0.502974  0.524234  0.752894  0.580880  0.722491  0.414471  0.692420  0.812000  0.482176  0.673253  0.692299  0.403454  0.859841  0.564908  0.540601  0.656770  0.666552  0.636278  0.682060  0.866808  0.814346  0.721628  0.549506  0.920172  0.547795 0.0  0.677891  0.467929  0.679499  0.569610  0.830957  0.804622  0.746713  0.709639  0.198698  0.654067  0.646252  0.893401  0.680963  0.719723  0.748913  0.792289  0.634559  0.876740  0.794621  0.728324  0.792116  0.831265  0.526863  0.800644  0.862889  0.839550  0.305604  0.646751 
32  0.646997  0.687081  0.644776  0.599499  0.468016  0.915526  0.752510  0.726151  0.551838  0.627444  0.809860  0.595917  0.487520  0.596406  0.707087  0.684587  0.787440  0.793435  0.522736  0.550314  0.689898  0.336132  0.660073  0.746068  0.786880  0.515552  0.567290  0.562326  0.576281  0.504507  0.691809  0.677891 0.0  0.719098  0.547624  0.742947  0.356459  0.587031  0.400609  0.533763  0.617307  0.558303  0.666540  0.545164  0.492016  0.708700  0.492969  0.546953  0.495241  0.560631  0.495158  0.675783  0.523801  0.597734  0.446941  0.503958  0.576752  0.413298  0.638681  0.497048 
33  0.683076  0.596386  0.563969  0.651582  0.570669  0.638130  0.538583  0.568044  0.579674  0.546892  0.759288  0.660753  0.557762  0.692780  0.610907  0.670595  0.651328  0.687006  0.755687  0.715608  0.776791  0.786875  0.660387  0.577743  0.589630  0.641300  0.729375  0.700245  0.748223  0.769982  0.427920  0.467929  0.719098 0.0  0.694361  0.677777  0.678346  0.691670  0.752802  0.744926  0.543812  0.695744  0.705496  0.717027  0.597997  0.742410  0.684347  0.689614  0.733519  0.795198  0.621994  0.793751  0.688748  0.781965  0.800099  0.714105  0.547819  0.742113  0.640331  0.881169 
34  0.571810  0.988278  0.796547  0.508675  0.605893  0.829180  0.790575  0.778627  0.160729  0.628483  0.738700  0.800488  0.515285  0.467801  0.781180  0.813178  0.576189  0.862381  0.530290  0.611372  0.737129  0.317395  0.561408  0.743498  0.749285  0.525343  0.600190  0.745621  0.782281  0.466044  0.641505  0.679499  0.547624  0.694361 0.0  0.727297  0.447378  0.587374  0.422422  0.575833  0.725741  0.558714  0.485457  0.478996  0.563277  0.588484  0.526451  0.571345  0.517097  0.555511  0.480334  0.716564  0.345326  0.469955  0.551470  0.628927  0.538793  0.447163  0.714476  0.481415 
35  0.717476  0.607108  0.565033  0.629211  0.665588  0.714398  0.555326  0.663463  0.597540  0.637246  0.709806  0.594973  0.611320  0.656534  0.472226  0.646826  0.715413  0.511436  0.664284  0.550069  0.666291  0.678334  0.626088  0.705562  0.736803  0.664022  0.644160  0.677799  0.420932  0.824833  0.736659  0.569610  0.742947  0.677777  0.727297 0.0  0.695546  0.771123  0.728985  0.615170  0.610890  0.639814  0.731026  0.684189  0.806047  0.469496  0.678087  0.718391  0.674727  0.674927  0.782546  0.537783  0.611436  0.646864  0.510447  0.664391  0.715237  0.651796  0.726738  0.623402 
36  0.576274  0.905997  0.725702  0.533229  0.640021  0.860165  0.857329  0.872648  0.244551  0.589221  0.663998  0.709478  0.442372  0.462827  0.712448  0.828402  0.532185  0.870935  0.575072  0.549522  0.726843  0.259482  0.569739  0.652837  0.704969  0.579055  0.540633  0.597163  0.787498  0.500438  0.606744  0.830957  0.356459  0.678346  0.447378  0.695546 0.0  0.547469  0.394325  0.560907  0.707874  0.509573  0.407273  0.464872  0.628137  0.612533  0.510836  0.577467  0.630658  0.490436  0.551447  0.810047  0.407316  0.571041  0.618990  0.564853  0.592631  0.319313  0.703118  0.678553 
37  0.423428  0.872732  0.793151  0.481117  0.582610  0.825277  0.777175  0.806519  0.660831  0.525936  0.760702  0.764464  0.605502  0.443676  0.751817  0.844764  0.698286  0.800608  0.532048  0.629428  0.830391  0.696288  0.722904  0.867321  0.786200  0.525526  0.396728  0.484074  0.754236  0.725110  0.620224  0.804622  0.587031  0.691670  0.587374  0.771123  0.547469 0.0  0.441438  0.738189  0.730151  0.714774  0.689856  0.455287  0.248877  0.657125  0.320091  0.534103  0.555191  0.621902  0.512407  0.846877  0.582110  0.359350  0.688995  0.589867  0.409478  0.692894  0.719298  0.832151 
38  0.527758  0.820249  0.721842  0.601474  0.539783  0.834998  0.942582  0.784984  0.421415  0.610771  0.824237  0.876124  0.459144  0.517125  0.813290  0.816247  0.633309  0.833689  0.598295  0.530033  0.671966  0.421911  0.545316  0.719512  0.640100  0.543373  0.564901  0.604526  0.684215  0.496291  0.576008  0.746713  0.400609  0.752802  0.422422  0.728985  0.394325  0.441438 0.0  0.436120  0.901743  0.550360  0.521824  0.519964  0.560108  0.615780  0.532993  0.600950  0.646361  0.600143  0.543627  0.737170  0.430692  0.585496  0.501713  0.615072  0.631274  0.419791  0.661675  0.635904 
39  0.794433  0.759376  0.687147  0.590558  0.634598  0.753492  0.758935  0.793105  0.468824  0.607250  0.722881  0.666823  0.435728  0.504487  0.653887  0.767352  0.787107  0.830702  0.655046  0.508451  0.710615  0.602386  0.598647  0.783125  0.705451  0.617591  0.545552  0.661524  0.663893  0.699231  0.814253  0.709639  0.533763  0.744926  0.575833  0.615170  0.560907  0.738189  0.436120 0.0  0.633112  0.285469  0.607677  0.563945  0.638135  0.676503  0.565710  0.692114  0.510336  0.666015  0.631872  0.596742  0.610330  0.584131  0.610599  0.383693  0.756839  0.522135  0.724190  0.581600 
40  0.743045  0.462021  0.391463  0.702042  0.587111  0.545912  0.447952  0.424511  0.780113  0.570907  0.852362  0.364087  0.745955  0.749724  0.406295  0.658958  0.590622  0.320816  0.734239  0.500276  0.582728  0.749637  0.700976  0.540983  0.603954  0.744528  0.862536  0.830616  0.547162  0.923112  0.514922  0.198698  0.617307  0.543812  0.725741  0.610890  0.707874  0.730151  0.901743  0.633112 0.0  0.704086  0.733550  0.835634  0.796203  0.699715  0.738367  0.797297  0.659059  0.720300  0.789606  0.644351  0.813884  0.888314  0.611259  0.753562  0.708694  0.773583  0.476528  0.599197 
41  0.631138  0.804650  0.722270  0.596620  0.689325  0.798299  0.654191  0.817181  0.666180  0.493118  0.793980  0.722085  0.480999  0.551392  0.672535  0.816626  0.718532  0.768576  0.578344  0.604044  0.707445  0.422348  0.691192  0.851399  0.647422  0.698409  0.655756  0.605189  0.595959  0.621054  0.666517  0.654067  0.558303  0.695744  0.558714  0.639814  0.509573  0.714774  0.550360  0.285469  0.704086 0.0  0.579020  0.595996  0.615064  0.733357  0.585155  0.606328  0.497263  0.541100  0.591820  0.645211  0.501504  0.648811  0.517933  0.538513  0.678600  0.596073  0.696189  0.616720 
42  0.486573  0.855210  0.725887  0.497988  0.601502  0.853755  0.636919  0.727552  0.425455  0.520551  0.808587  0.709802  0.551598  0.516446  0.655835  0.620170  0.650544  0.737524  0.643428  0.564826  0.667225  0.441506  0.610935  0.746789  0.553388  0.468858  0.478976  0.641662  0.659885  0.647477  0.533823  0.646252  0.666540  0.705496  0.485457  0.731026  0.407273  0.689856  0.521824  0.607677  0.733550  0.579020 0.0  0.383028  0.588274  0.650398  0.603421  0.428727  0.474480  0.401434  0.523196  0.591708  0.600496  0.455302  0.430554  0.292654  0.507091  0.659436  0.581182  0.564100 
43  0.275208  0.864831  0.708739  0.400822  0.543411  0.806252  0.878574  0.847297  0.477943  0.648797  0.929707  0.619891  0.627113  0.401144  0.710282  0.765940  0.530308  0.853212  0.516231  0.576753  0.766132  0.460352  0.573972  0.767352  0.769137  0.379244  0.437709  0.497191  0.763151  0.688937  0.698698  0.893401  0.545164  0.717027  0.478996  0.684189  0.464872  0.455287  0.519964  0.563945  0.835634  0.595996  0.383028 0.0  0.451154  0.529496  0.511592  0.411919  0.665279  0.491681  0.555439  0.792463  0.520640  0.380535  0.548979  0.576721  0.568294  0.656326  0.747017  0.710421 
44  0.545782  0.719086  0.730971  0.467711  0.540235  0.835694  0.644701  0.938427  0.594160  0.583404  0.858702  0.842980  0.597016  0.549100  0.788351  0.812620  0.621587  0.780165  0.369665  0.636970  0.739149  0.598328  0.681163  0.811929  0.742644  0.488842  0.434879  0.442129  0.864756  0.754701  0.684679  0.680963  0.492016  0.597997  0.563277  0.806047  0.628137  0.248877  0.560108  0.638135  0.796203  0.615064  0.588274  0.451154 0.0  0.674305  0.348199  0.504065  0.557682  0.658408  0.485258  0.798762  0.585383  0.445446  0.732350  0.606584  0.528036  0.573283  0.818478  0.749937 
45  0.516066  0.719851  0.701704  0.636982  0.565533  0.643758  0.821202  0.739619  0.487243  0.577347  0.737487  0.672845  0.793931  0.673629  0.696523  0.649521  0.604801  0.679611  0.670427  0.658983  0.744372  0.599510  0.493978  0.672189  0.704769  0.606496  0.671807  0.645664  0.605988  0.762869  0.594769  0.719723  0.708700  0.742410  0.588484  0.469496  0.612533  0.657125  0.615780  0.676503  0.699715  0.733357  0.650398  0.529496  0.674305 0.0  0.635392  0.627654  0.656212  0.558605  0.544057  0.704256  0.581653  0.584246  0.689125  0.698519  0.859942  0.751510  0.667607  0.628585 
46  0.500129  0.916761  0.717173  0.445426  0.580502  0.812014  0.833580  0.841939  0.605063  0.626836  0.804110  0.571666  0.536754  0.550757  0.736904  0.688286  0.666480  0.802524  0.400979  0.633325  0.647715  0.581968  0.690219  0.856490  0.630320  0.446363  0.464435  0.393100  0.653183  0.728604  0.641379  0.748913  0.492969  0.684347  0.526451  0.678087  0.510836  0.320091  0.532993  0.565710  0.738367  0.585155  0.603421  0.511592  0.348199  0.635392 0.0  0.461124  0.705332  0.557370  0.487931  0.709754  0.658693  0.434166  0.630357  0.511796  0.442166  0.699419  0.664720  0.690274 
47  0.385275  0.824474  0.789596  0.450480  0.559457  0.815115  0.953048  0.933153  0.531243  0.620347  0.688044  0.795651  0.626924  0.456679  0.815336  0.866808  0.661096  0.928804  0.555590  0.681086  0.751198  0.443783  0.528466  0.791099  0.755046  0.409881  0.335615  0.602476  0.725216  0.599516  0.669738  0.792289  0.546953  0.689614  0.571345  0.718391  0.577467  0.534103  0.600950  0.692114  0.797297  0.606328  0.428727  0.411919  0.504065  0.627654  0.461124 0.0  0.477847  0.625863  0.395866  0.707323  0.576736  0.535992  0.656718  0.512649  0.513948  0.766979  0.797247  0.694909 
48  0.768197  0.680931  0.689577  0.664080  0.593716  0.794328  0.765936  0.809612  0.566357  0.607950  0.630049  0.662278  0.497108  0.573005  0.611968  0.713508  0.679642  0.725133  0.542231  0.460184  0.449510  0.573042  0.705122  0.823935  0.829248  0.599210  0.648789  0.624964  0.591948  0.695883  0.774789  0.634559  0.495241  0.733519  0.517097  0.674727  0.630658  0.555191  0.646361  0.510336  0.659059  0.497263  0.474480  0.665279  0.557682  0.656212  0.705332  0.477847 0.0  0.438111  0.583699  0.534127  0.524154  0.556652  0.342957  0.407989  0.727618  0.647742  0.715214  0.638761 
49  0.493573  0.767232  0.727332  0.562022  0.647536  0.787800  0.781334  0.881602  0.597131  0.562349  0.754377  0.677598  0.586469  0.576824  0.787538  0.672620  0.549764  0.897204  0.579529  0.725954  0.644704  0.564033  0.590769  0.742066  0.704538  0.584719  0.642106  0.615279  0.703731  0.717160  0.716297  0.876740  0.560631  0.795198  0.555511  0.674927  0.490436  0.621902  0.600143  0.666015  0.720300  0.541100  0.401434  0.491681  0.658408  0.558605  0.557370  0.625863  0.438111 0.0  0.511764  0.581323  0.541063  0.557129  0.454294  0.331213  0.594443  0.734838  0.754313  0.689896 
50  0.353891  0.865480  0.832343  0.437013  0.629379  0.742556  0.727299  0.748940  0.358049  0.605683  0.732904  0.705922  0.605560  0.385659  0.661267  0.940276  0.744282  0.767621  0.509292  0.687593  0.719845  0.491191  0.615365  0.747933  0.683940  0.460863  0.494527  0.520657  0.674815  0.551348  0.525523  0.794621  0.495158  0.621994  0.480334  0.782546  0.551447  0.512407  0.543627  0.631872  0.789606  0.591820  0.523196  0.555439  0.485258  0.544057  0.487931  0.395866  0.583699  0.511764 0.0  0.794582  0.584682  0.353402  0.593354  0.631504  0.428628  0.742630  0.816141  0.732210 
51  0.774813  0.866862  0.607658  0.848658  0.767751  0.830917  0.666908  0.763714  0.709542  0.700354  0.756999  0.722645  0.618169  0.819248  0.734954  0.405300  0.682223  0.675980  0.667367  0.646164  0.428935  0.741144  0.605686  0.794337  0.597122  0.839425  0.616678  0.791302  0.658324  0.817319  0.809764  0.728324  0.675783  0.793751  0.716564  0.537783  0.810047  0.846877  0.737170  0.596742  0.644351  0.645211  0.591708  0.792463  0.798762  0.704256  0.709754  0.707323  0.534127  0.581323  0.794582 0.0  0.749992  0.748833  0.490792  0.679207  0.808796  0.784425  0.564713  0.472576 
52  0.544317  0.844937  0.717745  0.483851  0.566671  0.788259  0.767708  0.829979  0.281790  0.597173  0.785039  0.804723  0.492716  0.540492  0.700156  0.721754  0.696290  0.816858  0.590338  0.563488  0.683378  0.287887  0.572808  0.888491  0.657481  0.471644  0.584878  0.659578  0.734091  0.506808  0.696256  0.792116  0.523801  0.688748  0.345326  0.611436  0.407316  0.582110  0.430692  0.610330  0.813884  0.501504  0.600496  0.520640  0.585383  0.581653  0.658693  0.576736  0.524154  0.541063  0.584682  0.749992 0.0  0.550388  0.578253  0.424393  0.608635  0.461836  0.700507  0.574234 
53  0.466716  0.807173  0.692549  0.396247  0.661504  0.800244  0.739682  0.774746  0.447825  0.615924  0.814842  0.720791  0.577338  0.521018  0.768330  0.764393  0.644132  0.738844  0.293360  0.596305  0.722673  0.600786  0.563245  0.677553  0.653015  0.315068  0.512371  0.570044  0.784086  0.606494  0.769656  0.831265  0.597734  0.781965  0.469955  0.646864  0.571041  0.359350  0.585496  0.584131  0.888314  0.648811  0.455302  0.380535  0.445446  0.584246  0.434166  0.535992  0.556652  0.557129  0.353402  0.748833  0.550388 0.0  0.565208  0.505087  0.368157  0.507488  0.732152  0.747972 
54  0.608961  0.764126  0.546106  0.540905  0.747715  0.727733  0.660562  0.715892  0.651110  0.566864  0.744931  0.687466  0.474941  0.642459  0.713380  0.681925  0.707770  0.643217  0.605132  0.576495  0.494657  0.614019  0.739226  0.934325  0.751161  0.773002  0.682117  0.574038  0.585072  0.734280  0.583276  0.526863  0.446941  0.800099  0.551470  0.510447  0.618990  0.688995  0.501713  0.610599  0.611259  0.517933  0.430554  0.548979  0.732350  0.689125  0.630357  0.656718  0.342957  0.454294  0.593354  0.490792  0.578253  0.565208 0.0  0.424259  0.712222  0.724362  0.702380  0.648432 
55  0.496666  0.846294  0.707182  0.498404  0.610484  0.787680  0.749165  0.870539  0.489822  0.566699  0.753310  0.747666  0.430578  0.570444  0.796356  0.630946  0.660102  0.789594  0.482811  0.632613  0.721027  0.527988  0.588091  0.753105  0.777871  0.641397  0.556447  0.646314  0.683011  0.502941  0.663619  0.800644  0.503958  0.714105  0.628927  0.664391  0.564853  0.589867  0.615072  0.383693  0.753562  0.538513  0.292654  0.576721  0.606584  0.698519  0.511796  0.512649  0.407989  0.331213  0.631504  0.679207  0.424393  0.505087  0.424259 0.0  0.523261  0.599693  0.732281  0.560013 
56  0.457713  0.818409  0.751512  0.319908  0.596627  0.742112  0.751203  0.853070  0.628618  0.571272  0.815672  0.767823  0.675722  0.466383  0.700909  0.715020  0.729604  0.751502  0.266832  0.758673  0.727249  0.595308  0.685144  0.722481  0.739887  0.551573  0.537443  0.515058  0.640148  0.678782  0.698084  0.862889  0.576752  0.547819  0.538793  0.715237  0.592631  0.409478  0.631274  0.756839  0.708694  0.678600  0.507091  0.568294  0.528036  0.859942  0.442166  0.513948  0.727618  0.594443  0.428628  0.808796  0.608635  0.368157  0.712222  0.523261 0.0  0.606216  0.710102  0.727470 
57  0.624151  0.737066  0.832971  0.630488  0.674361  0.831768  0.788059  0.816834  0.456914  0.707969  0.811007  0.816208  0.527333  0.566567  0.814536  0.890781  0.836006  0.786291  0.592836  0.610931  0.778970  0.463676  0.762313  0.821802  0.781801  0.701302  0.562141  0.475012  0.850396  0.385030  0.752937  0.839550  0.413298  0.742113  0.447163  0.651796  0.319313  0.692894  0.419791  0.522135  0.773583  0.596073  0.659436  0.656326  0.573283  0.751510  0.699419  0.766979  0.647742  0.734838  0.742630  0.784425  0.461836  0.507488  0.724362  0.599693  0.606216 0.0  0.829333  0.697522 
58  0.701857  0.409859  0.390773  0.828657  0.632604  0.391119  0.378113  0.493385  0.700828  0.580214  0.707900  0.270482  0.634363  0.706063  0.352009  0.707492  0.662897  0.465538  0.748920  0.542904  0.652772  0.786007  0.674730  0.568738  0.734266  0.788664  0.806829  0.734501  0.732514  0.880961  0.459760  0.305604  0.638681  0.640331  0.714476  0.726738  0.703118  0.719298  0.661675  0.724190  0.476528  0.696189  0.581182  0.747017  0.818478  0.667607  0.664720  0.797247  0.715214  0.754313  0.816141  0.564713  0.700507  0.732152  0.702380  0.732281  0.710102  0.829333 0.0  0.741254 
59  0.670261  0.686101  0.667446  0.779127  0.677792  0.672992  0.674845  0.687083  0.441973  0.436372  0.695125  0.559186  0.458957  0.643354  0.605775  0.457794  0.799712  0.640395  0.725371  0.569786  0.373657  0.561506  0.662340  0.776553  0.724237  0.681386  0.663330  0.681143  0.556387  0.641329  0.699175  0.646751  0.497048  0.881169  0.481415  0.623402  0.678553  0.832151  0.635904  0.581600  0.599197  0.616720  0.564100  0.710421  0.749937  0.628585  0.690274  0.694909  0.638761  0.689896  0.732210  0.472576  0.574234  0.747972  0.648432  0.560013  0.727470  0.697522  0.741254 0.0 
