60
0 0.0  0.835414  0.791715  0.499345  0.628595  0.828906  0.759784  0.854610  0.551466  0.690081  0.796540  0.876671  0.566089  0.501775  0.805191  0.819492  0.669843  0.877360  0.465616  0.688973  0.744756  0.495565  0.658944  0.709765  0.704111  0.333858  0.340675  0.672271  0.765370  0.588602  0.748302  0.779507  0.520505  0.613792  0.497177  0.814317  0.429707  0.496527  0.530990  0.703060  0.798766  0.645984  0.508195  0.354682  0.462385  0.646658  0.476224  0.358309  0.687211  0.575220  0.435443  0.723690  0.565650  0.389620  0.710659  0.595587  0.476002  0.643671  0.732476  0.732319 
1  0.835414 0.0  0.571165  0.783585  0.739753  0.595404  0.521944  0.373619  0.861722  0.770540  0.778291  0.473020  0.756670  0.868062  0.403788  0.679189  0.835286  0.479921  0.936616  0.777853  0.860347  0.848627  0.800596  0.486975  0.896517  0.830113  0.783815  0.838590  0.831632  0.693913  0.714325  0.544306  0.882978  0.744784  0.749681  0.704238  0.807131  0.786282  0.912138  0.799452  0.465345  0.936663  0.785811  0.784656  0.932967  0.786146  0.714011  0.810628  0.671765  0.851781  0.924072  0.760147  0.944567  0.822785  0.831015  0.827563  0.942561  0.713379  0.444780  0.821330 
2  0.791715  0.571165 0.0  0.815500  0.698245  0.669019  0.337063  0.577016  0.774044  0.579588  0.787262  0.413152  0.801869  0.798580  0.413630  0.695357  0.698525  0.357965  0.837261  0.539174  0.549514  0.690697  0.675888  0.636482  0.690248  0.857175  0.888211  0.863742  0.538265  0.755747  0.716388  0.414473  0.730444  0.722495  0.778918  0.562332  0.837378  0.821082  0.663576  0.660579  0.331741  0.672712  0.758875  0.800915  0.777592  0.643272  0.757644  0.724218  0.745274  0.815494  0.783280  0.588628  0.804357  0.832680  0.723332  0.854407  0.754076  0.872203  0.302443  0.623309 
3  0.499345  0.783585  0.815500 0.0  0.529446  0.786269  0.931073  0.827849  0.448394  0.608525  0.811367  0.834699  0.643694  0.549934  0.674873  0.831146  0.624884  0.769118  0.466444  0.601475  0.657023  0.542402  0.510058  0.813191  0.645982  0.445873  0.428162  0.397173  0.670968  0.555670  0.638685  0.818788  0.624896  0.679765  0.586248  0.783113  0.502355  0.523708  0.501667  0.715838  0.854420  0.610539  0.507070  0.424379  0.503934  0.630267  0.502358  0.491828  0.683771  0.489972  0.488788  0.826201  0.449052  0.455654  0.695339  0.652559  0.494647  0.631544  0.553365  0.693346 
4  0.628595  0.739753  0.698245  0.529446 0.0  0.637759  0.623103  0.732957  0.535160  0.487235  0.758567  0.493528  0.555584  0.627279  0.644294  0.724207  0.674706  0.775302  0.569122  0.650154  0.656101  0.543687  0.530521  0.636497  0.676371  0.638996  0.693150  0.631821  0.718989  0.678143  0.633980  0.643703  0.555673  0.545893  0.605627  0.719596  0.477766  0.456703  0.690064  0.683887  0.734052  0.628355  0.549241  0.507341  0.610498  0.717290  0.667140  0.617137  0.571998  0.617111  0.597404  0.703389  0.633206  0.707234  0.689694  0.572858  0.576078  0.623210  0.681741  0.678640 
5  0.828906  0.595404  0.669019  0.786269  0.637759 0.0  0.619586  0.529736  0.841855  0.687589  0.771708  0.637738  0.880292  0.861600  0.483511  0.777379  0.713855  0.583843  0.871924  0.687921  0.810329  0.823059  0.773170  0.441417  0.736276  0.871318  0.928999  0.839202  0.773595  0.802712  0.642843  0.577528  0.892203  0.730003  0.721137  0.819768  0.869810  0.897352  0.818661  0.860088  0.723308  0.806251  0.669805  0.849693  0.906016  0.757775  0.955932  0.827217  0.796491  0.709504  0.863902  0.811756  0.778613  0.817948  0.834385  0.723028  0.889749  0.916370  0.537766  0.780123 
6  0.759784  0.521944  0.337063  0.931073  0.623103  0.619586 0.0  0.374643  0.811427  0.718260  0.648262  0.477504  0.802373  0.928035  0.472256  0.632270  0.761978  0.469544  0.689700  0.705988  0.836412  0.786722  0.828512  0.601334  0.732240  0.891528  0.798681  0.715631  0.618683  0.756457  0.651396  0.487384  0.756243  0.560871  0.779506  0.639651  0.840734  0.794826  0.952157  0.799889  0.451769  0.694628  0.910150  0.777409  0.875693  0.638449  0.883898  0.809572  0.724518  0.747061  0.822887  0.694817  0.722266  0.863233  0.704395  0.820404  0.825998  0.733410  0.335820  0.737960 
7  0.854610  0.373619  0.577016  0.827849  0.732957  0.529736  0.374643 0.0  0.791745  0.810958  0.774153  0.618542  0.865144  0.871367  0.492065  0.845208  0.821487  0.523537  0.890022  0.694045  0.896227  0.848267  0.764917  0.413560  0.865175  0.781014  0.799061  0.818236  0.771845  0.753611  0.658684  0.623171  0.835110  0.592293  1.000000  0.679763  0.940110  0.742815  0.829450  0.847417  0.553146  0.904116  0.870621  0.858121  0.908288  0.758218  0.839529  0.928594  0.759977  0.804862  0.894247  0.665322  0.890836  0.834155  0.755800  0.927357  0.804302  0.824827  0.535934  0.694958 
8  0.551466  0.861722  0.774044  0.448394  0.535160  0.841855  0.811427  0.791745 0.0  0.614303  0.791466  0.756494  0.522771  0.485532  0.630344  0.848851  0.666383  0.821179  0.636620  0.656854  0.807367  0.408223  0.567095  0.790386  0.615452  0.390252  0.455780  0.601090  0.760682  0.533741  0.632986  0.868698  0.427777  0.754752  0.332121  0.662656  0.321741  0.552078  0.372954  0.585811  0.876045  0.536784  0.603901  0.452125  0.582001  0.627194  0.715023  0.591500  0.544925  0.648157  0.490414  0.765459  0.282554  0.487755  0.547940  0.522896  0.615067  0.515267  0.723244  0.684759 
9  0.690081  0.770540  0.579588  0.608525  0.487235  0.687589  0.718260  0.810958  0.614303 0.0  0.766838  0.668675  0.619087  0.659244  0.711953  0.661864  0.787288  0.591903  0.551236  0.687501  0.539862  0.580684  0.547418  0.824489  0.723574  0.662202  0.690877  0.663686  0.629152  0.646184  0.551663  0.528667  0.595385  0.596227  0.670929  0.657147  0.583596  0.423666  0.548003  0.645248  0.633869  0.651674  0.462616  0.764857  0.694307  0.591854  0.734924  0.499717  0.605111  0.584855  0.659991  0.569168  0.646917  0.644216  0.557010  0.579864  0.537182  0.730720  0.638937  0.594733 
10  0.796540  0.778291  0.787262  0.811367  0.758567  0.771708  0.648262  0.774153  0.791466  0.766838 0.0  0.736102  0.738847  0.748295  0.739745  0.786331  0.912625  0.562544  0.732061  0.640985  0.774274  0.894989  0.590997  0.817357  0.867665  0.775830  0.810805  0.840399  0.817402  0.789812  0.901388  0.699974  0.847088  0.784262  0.780565  0.738525  0.817628  0.800641  0.836937  0.785174  0.746310  0.703158  0.822848  0.791049  0.791425  0.774136  0.839481  0.736200  0.757492  0.689224  0.755915  0.773442  0.898297  0.809301  0.684308  0.777563  0.720462  0.655435  0.844013  0.698925 
11  0.876671  0.473020  0.413152  0.834699  0.493528  0.637738  0.477504  0.618542  0.756494  0.668675  0.736102 0.0  0.738540  0.812336  0.461688  0.715978  0.749118  0.448054  0.788235  0.621226  0.644410  0.723098  0.756358  0.551490  0.671273  0.819470  0.845286  0.734193  0.634964  0.909041  0.660782  0.419214  0.797246  0.503367  0.842263  0.588797  0.676683  0.871344  0.793476  0.698506  0.319455  0.764453  0.803723  0.862950  0.660512  0.602764  0.818172  0.739461  0.595206  0.805595  0.745728  0.696021  0.826113  0.665247  0.799824  0.807484  0.728720  0.859671  0.306228  0.623483 
12  0.566089  0.756670  0.801869  0.643694  0.555584  0.880292  0.802373  0.865144  0.522771  0.619087  0.738847  0.738540 0.0  0.606372  0.742451  0.785334  0.684796  0.841077  0.598205  0.559160  0.795530  0.488841  0.752693  0.945698  0.693158  0.672750  0.616732  0.601857  0.645543  0.671413  0.782506  0.557586  0.432608  0.753365  0.468650  0.732958  0.518222  0.623550  0.642814  0.414130  0.812733  0.517657  0.626628  0.612134  0.718123  0.679952  0.539462  0.663426  0.480533  0.627833  0.651944  0.772890  0.551264  0.670595  0.470717  0.654771  0.639380  0.487372  0.802029  0.560578 
13  0.501775  0.868062  0.798580  0.549934  0.627279  0.861600  0.928035  0.871367  0.485532  0.659244  0.748295  0.812336  0.606372 0.0  0.816298  0.691459  0.645210  0.926580  0.500808  0.768603  0.742690  0.435359  0.613641  0.647190  0.658678  0.588624  0.628526  0.542593  0.683041  0.543682  0.591271  0.815543  0.535190  0.673821  0.546276  0.736702  0.477872  0.578919  0.503635  0.637213  0.894032  0.592027  0.581250  0.538150  0.501269  0.606534  0.496553  0.502760  0.704550  0.530803  0.361251  0.801737  0.522709  0.510451  0.621217  0.639740  0.597839  0.649127  0.772282  0.705392 
14  0.805191  0.403788  0.413630  0.674873  0.644294  0.483511  0.472256  0.492065  0.630344  0.711953  0.739745  0.461688  0.742451  0.816298 0.0  0.850273  0.735391  0.581788  0.692628  0.616544  0.589760  0.733430  0.607197  0.629259  0.722349  0.598820  0.837385  0.867039  0.587754  0.828812  0.699889  0.404727  0.602982  0.621871  0.765294  0.613501  0.795565  0.732220  0.722101  0.682440  0.406654  0.630287  0.735936  0.732907  0.664413  0.795929  0.754379  0.870947  0.722213  0.698951  0.790449  0.757743  0.669702  0.764163  0.709960  0.707115  0.775711  0.710882  0.278336  0.672742 
15  0.819492  0.679189  0.695357  0.831146  0.724207  0.777379  0.632270  0.845208  0.848851  0.661864  0.786331  0.715978  0.785334  0.691459  0.850273 0.0  0.709788  0.703649  0.817868  0.742717  0.431112  0.866203  0.763005  0.771856  0.714089  0.832472  0.703134  0.788243  0.608443  0.742548  0.751252  0.746059  0.774161  0.693603  0.818938  0.693713  0.635537  0.722861  0.738461  0.780572  0.766907  0.765415  0.643639  0.799298  0.906886  0.810646  0.879917  0.725019  0.754343  0.651466  0.782815  0.443780  0.778995  0.812351  0.628869  0.761117  0.779645  0.847486  0.762202  0.577256 
16  0.669843  0.835286  0.698525  0.624884  0.674706  0.713855  0.761978  0.821487  0.666383  0.787288  0.912625  0.749118  0.684796  0.645210  0.735391  0.709788 0.0  0.736164  0.795587  0.577893  0.727894  0.726329  0.706460  0.846703  0.380176  0.550130  0.551401  0.733522  0.682789  0.824946  0.576816  0.819784  0.758791  0.763179  0.653200  0.741432  0.680130  0.694122  0.620457  0.705068  0.697504  0.742572  0.621184  0.621816  0.795719  0.699698  0.605283  0.662011  0.767514  0.728558  0.643583  0.714688  0.657583  0.601866  0.702302  0.731620  0.736212  0.815348  0.735710  0.815617 
17  0.877360  0.479921  0.357965  0.769118  0.775302  0.583843  0.469544  0.523537  0.821179  0.591903  0.562544  0.448054  0.841077  0.926580  0.581788  0.703649  0.736164 0.0  0.742124  0.672485  0.652294  0.797077  0.773788  0.471878  0.782428  0.835755  0.864181  0.889468  0.618394  0.772217  0.777892  0.480102  0.805411  0.598359  0.889836  0.561326  0.803733  0.919379  0.934356  0.737936  0.550142  0.709386  0.787522  0.836375  0.887552  0.637517  0.836578  0.764214  0.807089  0.722121  0.880137  0.657158  0.945821  0.960081  0.738677  0.818523  0.789884  0.812924  0.440805  0.623865 
18  0.465616  0.936616  0.837261  0.466444  0.569122  0.871924  0.689700  0.890022  0.636620  0.551236  0.732061  0.788235  0.598205  0.500808  0.692628  0.817868  0.795587  0.742124 0.0  0.591081  0.808245  0.617830  0.769659  0.767029  0.753416  0.463870  0.557513  0.314881  0.769577  0.614662  0.682581  0.719774  0.477916  0.659158  0.697652  0.686644  0.589834  0.548578  0.624305  0.688101  0.781913  0.664384  0.540816  0.530308  0.398057  0.702111  0.462572  0.572513  0.624476  0.671893  0.563770  0.808376  0.596066  0.438920  0.627917  0.488039  0.415349  0.444249  0.788097  0.625729 
19  0.688973  0.777853  0.539174  0.601475  0.650154  0.687921  0.705988  0.694045  0.656854  0.687501  0.640985  0.621226  0.559160  0.768603  0.616544  0.742717  0.577893  0.672485  0.591081 0.0  0.677930  0.530432  0.576076  0.614644  0.687255  0.634114  0.647817  0.502102  0.612416  0.821498  0.630601  0.578426  0.575620  0.620927  0.655022  0.627093  0.572141  0.673714  0.453003  0.561956  0.580059  0.570261  0.672572  0.554842  0.647576  0.687423  0.547377  0.542210  0.451841  0.655370  0.604252  0.580539  0.535500  0.625775  0.644946  0.592545  0.695494  0.678171  0.550103  0.568724 
20  0.744756  0.860347  0.549514  0.657023  0.656101  0.810329  0.836412  0.896227  0.807367  0.539862  0.774274  0.644410  0.795530  0.742690  0.589760  0.431112  0.727894  0.652294  0.808245  0.677930 0.0  0.783761  0.584446  0.906573  0.584231  0.660231  0.756566  0.720959  0.660499  0.856261  0.749078  0.716858  0.692506  0.692503  0.738152  0.543859  0.659076  0.711639  0.733903  0.638211  0.614060  0.677332  0.614489  0.569406  0.734006  0.807621  0.779267  0.802482  0.530257  0.653366  0.708689  0.392870  0.815170  0.794088  0.589143  0.723106  0.754647  0.842893  0.644235  0.538626 
21  0.495565  0.848627  0.690697  0.542402  0.543687  0.823059  0.786722  0.848267  0.408223  0.580684  0.894989  0.723098  0.488841  0.435359  0.733430  0.866203  0.726329  0.797077  0.617830  0.530432  0.783761 0.0  0.678287  0.799953  0.765688  0.562403  0.502182  0.556067  0.613815  0.385228  0.667781  0.815776  0.341458  0.652967  0.504649  0.665881  0.284351  0.684862  0.464555  0.577527  0.738369  0.518142  0.509207  0.631388  0.585705  0.537396  0.594549  0.468648  0.568162  0.563043  0.464139  0.781963  0.404207  0.496006  0.659655  0.566403  0.594928  0.446954  0.786378  0.595508 
22  0.658944  0.800596  0.675888  0.510058  0.530521  0.773170  0.828512  0.764917  0.567095  0.547418  0.590997  0.756358  0.752693  0.613641  0.607197  0.763005  0.706460  0.773788  0.769659  0.576076  0.584446  0.678287 0.0  0.799114  0.633228  0.586264  0.586520  0.646745  0.715240  0.623468  0.623036  0.701806  0.580451  0.534890  0.595300  0.668202  0.588021  0.717544  0.613745  0.669258  0.751330  0.723624  0.664214  0.612224  0.848607  0.615367  0.674331  0.526697  0.559592  0.670554  0.618539  0.638629  0.651681  0.515484  0.646665  0.531022  0.586407  0.671850  0.687096  0.706807 
23  0.709765  0.486975  0.636482  0.813191  0.636497  0.441417  0.601334  0.413560  0.790386  0.824489  0.817357  0.551490  0.945698  0.647190  0.629259  0.771856  0.846703  0.471878  0.767029  0.614644  0.906573  0.799953  0.799114 0.0  0.778488  0.760806  0.813387  0.821162  0.687701  0.643812  0.554876  0.685396  0.831869  0.624007  0.782773  0.817216  0.912789  0.923137  0.725934  0.857739  0.558839  0.920420  0.664047  0.810669  0.939417  0.697052  0.860947  0.832142  0.946371  0.669828  0.802516  0.943361  0.805177  0.830666  0.743589  0.785026  0.870174  0.700651  0.536237  0.709728 
24  0.704111  0.896517  0.690248  0.645982  0.676371  0.736276  0.732240  0.865175  0.615452  0.723574  0.867665  0.671273  0.693158  0.658678  0.722349  0.714089  0.380176  0.782428  0.753416  0.687255  0.584231  0.765688  0.633228  0.778488 0.0  0.666390  0.735152  0.811770  0.666311  0.746322  0.618648  0.778831  0.705557  0.687999  0.686152  0.674780  0.680602  0.765925  0.746229  0.792903  0.721190  0.706277  0.778093  0.669576  0.729212  0.632996  0.709328  0.680766  0.664400  0.590584  0.693794  0.782984  0.789415  0.643818  0.633147  0.653959  0.728884  0.741681  0.859205  0.682650 
25  0.333858  0.830113  0.857175  0.445873  0.638996  0.871318  0.891528  0.781014  0.390252  0.662202  0.775830  0.819470  0.672750  0.588624  0.598820  0.832472  0.550130  0.835755  0.463870  0.634114  0.660231  0.562403  0.586264  0.760806  0.666390 0.0  0.317884  0.365434  0.661546  0.784972  0.700147  0.749964  0.643198  0.785953  0.616574  0.642565  0.433253  0.546457  0.628420  0.686638  0.767801  0.643301  0.598667  0.397534  0.420325  0.723107  0.435468  0.338495  0.749423  0.615444  0.444525  0.750120  0.613696  0.424762  0.533051  0.545530  0.535555  0.605353  0.694854  0.741667 
26  0.340675  0.783815  0.888211  0.428162  0.693150  0.928999  0.798681  0.799061  0.455780  0.690877  0.810805  0.845286  0.616732  0.628526  0.837385  0.703134  0.551401  0.864181  0.557513  0.647817  0.756566  0.502182  0.586520  0.813387  0.735152  0.317884 0.0  0.618750  0.675151  0.588835  0.592699  0.766985  0.652223  0.743531  0.523136  0.768098  0.489844  0.473842  0.394596  0.741816  0.841565  0.668773  0.449423  0.323577  0.437126  0.636132  0.400277  0.448717  0.755150  0.628068  0.582357  0.763594  0.657164  0.415576  0.660548  0.503897  0.373612  0.614958  0.770089  0.744518 
27  0.672271  0.838590  0.863742  0.397173  0.631821  0.839202  0.715631  0.818236  0.601090  0.663686  0.840399  0.734193  0.601857  0.542593  0.867039  0.788243  0.733522  0.889468  0.314881  0.502102  0.720959  0.556067  0.646745  0.821162  0.811770  0.365434  0.618750 0.0  0.588527  0.721919  0.752610  0.844744  0.565956  0.634128  0.619336  0.677434  0.556619  0.467886  0.603093  0.703831  0.778596  0.672345  0.639653  0.544903  0.337586  0.643063  0.551651  0.519722  0.597775  0.598053  0.575973  0.723724  0.580466  0.428293  0.621790  0.588187  0.518463  0.661676  0.762783  0.639306 
28  0.765370  0.831632  0.538265  0.670968  0.718989  0.773595  0.618683  0.771845  0.760682  0.629152  0.817402  0.634964  0.645543  0.683041  0.587754  0.608443  0.682789  0.618394  0.769577  0.612416  0.660499  0.613815  0.715240  0.687701  0.666311  0.661546  0.675151  0.588527 0.0  0.697996  0.732383  0.599484  0.610785  0.756808  0.730029  0.405460  0.711551  0.769160  0.708129  0.576395  0.577510  0.643854  0.675325  0.714796  0.639236  0.534806  0.696951  0.698630  0.547861  0.699549  0.662284  0.513764  0.811168  0.710960  0.603631  0.602909  0.737220  0.607997  0.609224  0.577025 
29  0.588602  0.693913  0.755747  0.555670  0.678143  0.802712  0.756457  0.753611  0.533741  0.646184  0.789812  0.909041  0.671413  0.543682  0.828812  0.742548  0.824946  0.772217  0.614662  0.821498  0.856261  0.385228  0.623468  0.643812  0.746322  0.784972  0.588835  0.721919  0.697996 0.0  0.631379  0.957134  0.565279  0.825415  0.465654  0.741412  0.425856  0.683775  0.538210  0.679586  0.946814  0.710290  0.608003  0.657685  0.796650  0.714126  0.744289  0.674767  0.716609  0.628779  0.585513  0.890236  0.395318  0.603314  0.795295  0.612404  0.759682  0.482446  0.909026  0.711202 
30  0.748302  0.714325  0.716388  0.638685  0.633980  0.642843  0.651396  0.658684  0.632986  0.551663  0.901388  0.660782  0.782506  0.591271  0.699889  0.751252  0.576816  0.777892  0.682581  0.630601  0.749078  0.667781  0.623036  0.554876  0.618648  0.700147  0.592699  0.752610  0.732383  0.631379 0.0  0.613367  0.680276  0.373465  0.739588  0.677100  0.733818  0.648725  0.689855  0.694762  0.628140  0.757544  0.751277  0.693778  0.760713  0.696761  0.679497  0.769949  0.676266  0.694115  0.712418  0.762427  0.624878  0.547301  0.782873  0.821042  0.696848  0.749379  0.610303  0.704661 
31  0.779507  0.544306  0.414473  0.818788  0.643703  0.577528  0.487384  0.623171  0.868698  0.528667  0.699974  0.419214  0.557586  0.815543  0.404727  0.746059  0.819784  0.480102  0.719774  0.578426  0.716858  0.815776  0.701806  0.685396  0.778831  0.749964  0.766985  0.844744  0.599484  0.957134  0.613367 0.0  0.617410  0.505906  0.816516  0.604499  0.864780  0.742326  0.896979  0.593923  0.257378  0.530478  0.792260  0.821073  0.841259  0.578897  0.766496  0.706660  0.766232  0.733248  0.747379  0.618786  0.817496  0.757607  0.629379  0.719153  0.795183  0.787853  0.253029  0.584812 
32  0.520505  0.882978  0.730444  0.624896  0.555673  0.892203  0.756243  0.835110  0.427777  0.595385  0.847088  0.797246  0.432608  0.535190  0.602982  0.774161  0.758791  0.805411  0.477916  0.575620  0.692506  0.341458  0.580451  0.831869  0.705557  0.643198  0.652223  0.565956  0.610785  0.565279  0.680276  0.617410 0.0  0.737926  0.340664  0.690230  0.373609  0.585875  0.462717  0.477304  0.704474  0.510199  0.679405  0.559204  0.554573  0.714140  0.634416  0.504047  0.566496  0.658671  0.545903  0.739072  0.435548  0.580405  0.482729  0.524539  0.602445  0.498973  0.633883  0.512587 
33  0.613792  0.744784  0.722495  0.679765  0.545893  0.730003  0.560871  0.592293  0.754752  0.596227  0.784262  0.503367  0.753365  0.673821  0.621871  0.693603  0.763179  0.598359  0.659158  0.620927  0.692503  0.652967  0.534890  0.624007  0.687999  0.785953  0.743531  0.634128  0.756808  0.825415  0.373465  0.505906  0.737926 0.0  0.687950  0.613809  0.682584  0.581136  0.735630  0.693080  0.715809  0.725028  0.747743  0.672242  0.737869  0.689077  0.631825  0.705973  0.792007  0.724058  0.693876  0.798739  0.695862  0.770475  0.829069  0.817867  0.608239  0.777332  0.658549  0.650630 
34  0.497177  0.749681  0.778918  0.586248  0.605627  0.721137  0.779506  1.000000  0.332121  0.670929  0.780565  0.842263  0.468650  0.546276  0.765294  0.818938  0.653200  0.889836  0.697652  0.655022  0.738152  0.504649  0.595300  0.782773  0.686152  0.616574  0.523136  0.619336  0.730029  0.465654  0.739588  0.816516  0.340664  0.687950 0.0  0.725981  0.415452  0.625563  0.471902  0.507747  0.851212  0.479705  0.477449  0.541169  0.629591  0.667727  0.620809  0.609391  0.642009  0.499852  0.498455  0.740875  0.435036  0.578683  0.580419  0.485075  0.599385  0.553227  0.736835  0.577707 
35  0.814317  0.704238  0.562332  0.783113  0.719596  0.819768  0.639651  0.679763  0.662656  0.657147  0.738525  0.588797  0.732958  0.736702  0.613501  0.693713  0.741432  0.561326  0.686644  0.627093  0.543859  0.665881  0.668202  0.817216  0.674780  0.642565  0.768098  0.677434  0.405460  0.741412  0.677100  0.604499  0.690230  0.613809  0.725981 0.0  0.705592  0.869326  0.640434  0.601918  0.529010  0.726526  0.650560  0.695112  0.731187  0.504963  0.722920  0.698261  0.641870  0.667906  0.674556  0.579713  0.671939  0.753001  0.611961  0.566073  0.776097  0.755670  0.740089  0.580939 
36  0.429707  0.807131  0.837378  0.502355  0.477766  0.869810  0.840734  0.940110  0.321741  0.583596  0.817628  0.676683  0.518222  0.477872  0.795565  0.635537  0.680130  0.803733  0.589834  0.572141  0.659076  0.284351  0.588021  0.912789  0.680602  0.433253  0.489844  0.556619  0.711551  0.425856  0.733818  0.864780  0.373609  0.682584  0.415452  0.705592 0.0  0.626772  0.443717  0.584383  0.810313  0.560662  0.556067  0.574598  0.732180  0.698465  0.574826  0.565158  0.661213  0.399227  0.532756  0.775348  0.474507  0.612266  0.685754  0.549334  0.612920  0.364305  0.776698  0.490540 
37  0.496527  0.786282  0.821082  0.523708  0.456703  0.897352  0.794826  0.742815  0.552078  0.423666  0.800641  0.871344  0.623550  0.578919  0.732220  0.722861  0.694122  0.919379  0.548578  0.673714  0.711639  0.684862  0.717544  0.923137  0.765925  0.546457  0.473842  0.467886  0.769160  0.683775  0.648725  0.742326  0.585875  0.581136  0.625563  0.869326  0.626772 0.0  0.626757  0.694303  0.816182  0.675368  0.690409  0.519991  0.388773  0.756067  0.347064  0.504587  0.479590  0.563985  0.543462  0.745340  0.504954  0.468771  0.571965  0.528632  0.515221  0.654268  0.776250  0.720361 
38  0.530990  0.912138  0.663576  0.501667  0.690064  0.818661  0.952157  0.829450  0.372954  0.548003  0.836937  0.793476  0.642814  0.503635  0.722101  0.738461  0.620457  0.934356  0.624305  0.453003  0.733903  0.464555  0.613745  0.725934  0.746229  0.628420  0.394596  0.603093  0.708129  0.538210  0.689855  0.896979  0.462717  0.735630  0.471902  0.640434  0.443717  0.626757 0.0  0.531742  0.794179  0.412151  0.577974  0.568713  0.538386  0.640286  0.572027  0.524007  0.564253  0.410235  0.552817  0.665763  0.509103  0.516650  0.614472  0.621709  0.587058  0.540173  0.796745  0.520803 
39  0.703060  0.799452  0.660579  0.715838  0.683887  0.860088  0.799889  0.847417  0.585811  0.645248  0.785174  0.698506  0.414130  0.637213  0.682440  0.780572  0.705068  0.737936  0.688101  0.561956  0.638211  0.577527  0.669258  0.857739  0.792903  0.686638  0.741816  0.703831  0.576395  0.679586  0.694762  0.593923  0.477304  0.693080  0.507747  0.601918  0.584383  0.694303  0.531742 0.0  0.694863  0.368907  0.534134  0.668402  0.699201  0.805823  0.605173  0.564282  0.603758  0.604423  0.588249  0.769177  0.509794  0.710034  0.624895  0.564016  0.739253  0.567758  0.712654  0.501752 
40  0.798766  0.465345  0.331741  0.854420  0.734052  0.723308  0.451769  0.553146  0.876045  0.633869  0.746310  0.319455  0.812733  0.894032  0.406654  0.766907  0.697504  0.550142  0.781913  0.580059  0.614060  0.738369  0.751330  0.558839  0.721190  0.767801  0.841565  0.778596  0.577510  0.946814  0.628140  0.257378  0.704474  0.715809  0.851212  0.529010  0.810313  0.816182  0.794179  0.694863 0.0  0.719545  0.838944  0.808952  0.699458  0.662814  0.780542  0.803244  0.778093  0.872200  0.803829  0.717327  0.748052  0.772427  0.673773  0.767780  0.782794  0.860748  0.351776  0.609864 
41  0.645984  0.936663  0.672712  0.610539  0.628355  0.806251  0.694628  0.904116  0.536784  0.651674  0.703158  0.764453  0.517657  0.592027  0.630287  0.765415  0.742572  0.709386  0.664384  0.570261  0.677332  0.518142  0.723624  0.920420  0.706277  0.643301  0.668773  0.672345  0.643854  0.710290  0.757544  0.530478  0.510199  0.725028  0.479705  0.726526  0.560662  0.675368  0.412151  0.368907  0.719545 0.0  0.663162  0.542250  0.622069  0.846216  0.623043  0.603848  0.564807  0.672404  0.702026  0.711844  0.552425  0.658834  0.610707  0.680613  0.728604  0.524996  0.673964  0.656573 
42  0.508195  0.785811  0.758875  0.507070  0.549241  0.669805  0.910150  0.870621  0.603901  0.462616  0.822848  0.803723  0.626628  0.581250  0.735936  0.643639  0.621184  0.787522  0.540816  0.672572  0.614489  0.509207  0.664214  0.664047  0.778093  0.598667  0.449423  0.639653  0.675325  0.608003  0.751277  0.792260  0.679405  0.747743  0.477449  0.650560  0.556067  0.690409  0.577974  0.534134  0.838944  0.663162 0.0  0.527415  0.669901  0.549164  0.529795  0.461443  0.469403  0.399304  0.458275  0.664438  0.529915  0.527661  0.474952  0.313123  0.552160  0.575083  0.693447  0.687325 
43  0.354682  0.784656  0.800915  0.424379  0.507341  0.849693  0.777409  0.858121  0.452125  0.764857  0.791049  0.862950  0.612134  0.538150  0.732907  0.799298  0.621816  0.836375  0.530308  0.554842  0.569406  0.631388  0.612224  0.810669  0.669576  0.397534  0.323577  0.544903  0.714796  0.657685  0.693778  0.821073  0.559204  0.672242  0.541169  0.695112  0.574598  0.519991  0.568713  0.668402  0.808952  0.542250  0.527415 0.0  0.538012  0.660741  0.562843  0.334284  0.695672  0.572663  0.485032  0.825347  0.441408  0.403519  0.624190  0.458422  0.501601  0.659528  0.765541  0.679463 
44  0.462385  0.932967  0.777592  0.503934  0.610498  0.906016  0.875693  0.908288  0.582001  0.694307  0.791425  0.660512  0.718123  0.501269  0.664413  0.906886  0.795719  0.887552  0.398057  0.647576  0.734006  0.585705  0.848607  0.939417  0.729212  0.420325  0.437126  0.337586  0.639236  0.796650  0.760713  0.841259  0.554573  0.737869  0.629591  0.731187  0.732180  0.388773  0.538386  0.699201  0.699458  0.622069  0.669901  0.538012 0.0  0.787524  0.416062  0.488044  0.626004  0.680750  0.513892  0.829578  0.514753  0.419597  0.643066  0.527005  0.390276  0.518720  0.787323  0.819529 
45  0.646658  0.786146  0.643272  0.630267  0.717290  0.757775  0.638449  0.758218  0.627194  0.591854  0.774136  0.602764  0.679952  0.606534  0.795929  0.810646  0.699698  0.637517  0.702111  0.687423  0.807621  0.537396  0.615367  0.697052  0.632996  0.723107  0.636132  0.643063  0.534806  0.714126  0.696761  0.578897  0.714140  0.689077  0.667727  0.504963  0.698465  0.756067  0.640286  0.805823  0.662814  0.846216  0.549164  0.660741  0.787524 0.0  0.765097  0.627141  0.620501  0.624439  0.746198  0.568125  0.670119  0.646754  0.726302  0.744174  0.792848  0.851368  0.768841  0.750049 
46  0.476224  0.714011  0.757644  0.502358  0.667140  0.955932  0.883898  0.839529  0.715023  0.734924  0.839481  0.818172  0.539462  0.496553  0.754379  0.879917  0.605283  0.836578  0.462572  0.547377  0.779267  0.594549  0.674331  0.860947  0.709328  0.435468  0.400277  0.551651  0.696951  0.744289  0.679497  0.766496  0.634416  0.631825  0.620809  0.722920  0.574826  0.347064  0.572027  0.605173  0.780542  0.623043  0.529795  0.562843  0.416062  0.765097 0.0  0.514873  0.590868  0.622496  0.494922  0.686091  0.528210  0.483390  0.581887  0.594170  0.408944  0.727590  0.541250  0.628578 
47  0.358309  0.810628  0.724218  0.491828  0.617137  0.827217  0.809572  0.928594  0.591500  0.499717  0.736200  0.739461  0.663426  0.502760  0.870947  0.725019  0.662011  0.764214  0.572513  0.542210  0.802482  0.468648  0.526697  0.832142  0.680766  0.338495  0.448717  0.519722  0.698630  0.674767  0.769949  0.706660  0.504047  0.705973  0.609391  0.698261  0.565158  0.504587  0.524007  0.564282  0.803244  0.603848  0.461443  0.334284  0.488044  0.627141  0.514873 0.0  0.498468  0.595770  0.572034  0.670805  0.626233  0.388622  0.632374  0.460125  0.570574  0.687994  0.746801  0.700735 
48  0.687211  0.671765  0.745274  0.683771  0.571998  0.796491  0.724518  0.759977  0.544925  0.605111  0.757492  0.595206  0.480533  0.704550  0.722213  0.754343  0.767514  0.807089  0.624476  0.451841  0.530257  0.568162  0.559592  0.946371  0.664400  0.749423  0.755150  0.597775  0.547861  0.716609  0.676266  0.766232  0.566496  0.792007  0.642009  0.641870  0.661213  0.479590  0.564253  0.603758  0.778093  0.564807  0.469403  0.695672  0.626004  0.620501  0.590868  0.498468 0.0  0.401001  0.636881  0.562699  0.648428  0.608503  0.508665  0.511060  0.543345  0.613075  0.603655  0.557800 
49  0.575220  0.851781  0.815494  0.489972  0.617111  0.709504  0.747061  0.804862  0.648157  0.584855  0.689224  0.805595  0.627833  0.530803  0.698951  0.651466  0.728558  0.722121  0.671893  0.655370  0.653366  0.563043  0.670554  0.669828  0.590584  0.615444  0.628068  0.598053  0.699549  0.628779  0.694115  0.733248  0.658671  0.724058  0.499852  0.667906  0.399227  0.563985  0.410235  0.604423  0.872200  0.672404  0.399304  0.572663  0.680750  0.624439  0.622496  0.595770  0.401001 0.0  0.488199  0.635922  0.600206  0.495293  0.531118  0.349915  0.598291  0.602476  0.820893  0.660359 
50  0.435443  0.924072  0.783280  0.488788  0.597404  0.863902  0.822887  0.894247  0.490414  0.659991  0.755915  0.745728  0.651944  0.361251  0.790449  0.782815  0.643583  0.880137  0.563770  0.604252  0.708689  0.464139  0.618539  0.802516  0.693794  0.444525  0.582357  0.575973  0.662284  0.585513  0.712418  0.747379  0.545903  0.693876  0.498455  0.674556  0.532756  0.543462  0.552817  0.588249  0.803829  0.702026  0.458275  0.485032  0.513892  0.746198  0.494922  0.572034  0.636881  0.488199 0.0  0.767245  0.385147  0.578525  0.716300  0.490087  0.385899  0.631372  0.688939  0.724401 
51  0.723690  0.760147  0.588628  0.826201  0.703389  0.811756  0.694817  0.665322  0.765459  0.569168  0.773442  0.696021  0.772890  0.801737  0.757743  0.443780  0.714688  0.657158  0.808376  0.580539  0.392870  0.781963  0.638629  0.943361  0.782984  0.750120  0.763594  0.723724  0.513764  0.890236  0.762427  0.618786  0.739072  0.798739  0.740875  0.579713  0.775348  0.745340  0.665763  0.769177  0.717327  0.711844  0.664438  0.825347  0.829578  0.568125  0.686091  0.670805  0.562699  0.635922  0.767245 0.0  0.777174  0.742997  0.553299  0.691822  0.774566  0.746991  0.729232  0.591565 
52  0.565650  0.944567  0.804357  0.449052  0.633206  0.778613  0.722266  0.890836  0.282554  0.646917  0.898297  0.826113  0.551264  0.522709  0.669702  0.778995  0.657583  0.945821  0.596066  0.535500  0.815170  0.404207  0.651681  0.805177  0.789415  0.613696  0.657164  0.580466  0.811168  0.395318  0.624878  0.817496  0.435548  0.695862  0.435036  0.671939  0.474507  0.504954  0.509103  0.509794  0.748052  0.552425  0.529915  0.441408  0.514753  0.670119  0.528210  0.626233  0.648428  0.600206  0.385147  0.777174 0.0  0.549039  0.550822  0.595494  0.561103  0.432213  0.835126  0.625035 
53  0.389620  0.822785  0.832680  0.455654  0.707234  0.817948  0.863233  0.834155  0.487755  0.644216  0.809301  0.665247  0.670595  0.510451  0.764163  0.812351  0.601866  0.960081  0.438920  0.625775  0.794088  0.496006  0.515484  0.830666  0.643818  0.424762  0.415576  0.428293  0.710960  0.603314  0.547301  0.757607  0.580405  0.770475  0.578683  0.753001  0.612266  0.468771  0.516650  0.710034  0.772427  0.658834  0.527661  0.403519  0.419597  0.646754  0.483390  0.388622  0.608503  0.495293  0.578525  0.742997  0.549039 0.0  0.605631  0.550099  0.440092  0.798168  0.618346  0.707575 
54  0.710659  0.831015  0.723332  0.695339  0.689694  0.834385  0.704395  0.755800  0.547940  0.557010  0.684308  0.799824  0.470717  0.621217  0.709960  0.628869  0.702302  0.738677  0.627917  0.644946  0.589143  0.659655  0.646665  0.743589  0.633147  0.533051  0.660548  0.621790  0.603631  0.795295  0.782873  0.629379  0.482729  0.829069  0.580419  0.611961  0.685754  0.571965  0.614472  0.624895  0.673773  0.610707  0.474952  0.624190  0.643066  0.726302  0.581887  0.632374  0.508665  0.531118  0.716300  0.553299  0.550822  0.605631 0.0  0.452315  0.749242  0.792882  0.732562  0.568127 
55  0.595587  0.827563  0.854407  0.652559  0.572858  0.723028  0.820404  0.927357  0.522896  0.579864  0.777563  0.807484  0.654771  0.639740  0.707115  0.761117  0.731620  0.818523  0.488039  0.592545  0.723106  0.566403  0.531022  0.785026  0.653959  0.545530  0.503897  0.588187  0.602909  0.612404  0.821042  0.719153  0.524539  0.817867  0.485075  0.566073  0.549334  0.528632  0.621709  0.564016  0.767780  0.680613  0.313123  0.458422  0.527005  0.744174  0.594170  0.460125  0.511060  0.349915  0.490087  0.691822  0.595494  0.550099  0.452315 0.0  0.556688  0.669762  0.705930  0.679025 
56  0.476002  0.942561  0.754076  0.494647  0.576078  0.889749  0.825998  0.804302  0.615067  0.537182  0.720462  0.728720  0.639380  0.597839  0.775711  0.779645  0.736212  0.789884  0.415349  0.695494  0.754647  0.594928  0.586407  0.870174  0.728884  0.535555  0.373612  0.518463  0.737220  0.759682  0.696848  0.795183  0.602445  0.608239  0.599385  0.776097  0.612920  0.515221  0.587058  0.739253  0.782794  0.728604  0.552160  0.501601  0.390276  0.792848  0.408944  0.570574  0.543345  0.598291  0.385899  0.774566  0.561103  0.440092  0.749242  0.556688 0.0  0.677179  0.633138  0.788008 
57  0.643671  0.713379  0.872203  0.631544  0.623210  0.916370  0.733410  0.824827  0.515267  0.730720  0.655435  0.859671  0.487372  0.649127  0.710882  0.847486  0.815348  0.812924  0.444249  0.678171  0.842893  0.446954  0.671850  0.700651  0.741681  0.605353  0.614958  0.661676  0.607997  0.482446  0.749379  0.787853  0.498973  0.777332  0.553227  0.755670  0.364305  0.654268  0.540173  0.567758  0.860748  0.524996  0.575083  0.659528  0.518720  0.851368  0.727590  0.687994  0.613075  0.602476  0.631372  0.746991  0.432213  0.798168  0.792882  0.669762  0.677179 0.0  0.815472  0.616555 
58  0.732476  0.444780  0.302443  0.553365  0.681741  0.537766  0.335820  0.535934  0.723244  0.638937  0.844013  0.306228  0.802029  0.772282  0.278336  0.762202  0.735710  0.440805  0.788097  0.550103  0.644235  0.786378  0.687096  0.536237  0.859205  0.694854  0.770089  0.762783  0.609224  0.909026  0.610303  0.253029  0.633883  0.658549  0.736835  0.740089  0.776698  0.776250  0.796745  0.712654  0.351776  0.673964  0.693447  0.765541  0.787323  0.768841  0.541250  0.746801  0.603655  0.820893  0.688939  0.729232  0.835126  0.618346  0.732562  0.705930  0.633138  0.815472 0.0  0.688873 
59  0.732319  0.821330  0.623309  0.693346  0.678640  0.780123  0.737960  0.694958  0.684759  0.594733  0.698925  0.623483  0.560578  0.705392  0.672742  0.577256  0.815617  0.623865  0.625729  0.568724  0.538626  0.595508  0.706807  0.709728  0.682650  0.741667  0.744518  0.639306  0.577025  0.711202  0.704661  0.584812  0.512587  0.650630  0.577707  0.580939  0.490540  0.720361  0.520803  0.501752  0.609864  0.656573  0.687325  0.679463  0.819529  0.750049  0.628578  0.700735  0.557800  0.660359  0.724401  0.591565  0.625035  0.707575  0.568127  0.679025  0.788008  0.616555  0.688873 0.0 
