60
0 0.0  0.788919  0.778372  0.537669  0.674766  0.838021  0.757796  0.808856  0.553057  0.704168  0.888658  0.727128  0.606294  0.436922  0.831510  0.681079  0.652194  0.866377  0.493998  0.538824  0.749971  0.508379  0.602355  0.789017  0.587173  0.316727  0.265748  0.505046  0.612783  0.659500  0.683797  0.869095  0.554174  0.748215  0.435283  0.784782  0.626977  0.509067  0.448311  0.716718  0.725122  0.561829  0.483881  0.430606  0.491408  0.603320  0.382616  0.487189  0.593394  0.478501  0.457998  0.767006  0.526311  0.471904  0.618799  0.460477  0.452952  0.671066  0.796243  0.656261 
1  0.788919 0.0  0.581937  0.817196  0.697300  0.605429  0.366341  0.401475  0.800545  0.627151  0.703062  0.318109  0.758679  0.910364  0.520502  0.779730  0.770461  0.550624  0.844021  0.716208  0.854228  0.795191  0.792777  0.359172  0.791966  0.873400  0.905489  0.834994  0.716886  0.747613  0.679418  0.511553  0.801386  0.671102  0.890655  0.768069  0.851286  0.759080  0.811441  0.716099  0.517175  0.776186  0.805001  0.817859  0.790479  0.771069  0.947204  0.867719  0.772656  0.788781  0.844939  0.770606  0.905500  0.819712  0.813630  0.866940  0.796555  0.884295  0.386509  0.743934 
2  0.778372  0.581937 0.0  0.824478  0.546329  0.568823  0.384345  0.620210  0.844143  0.668266  0.741193  0.321653  0.780578  0.843829  0.493051  0.673594  0.721310  0.323484  0.742934  0.472046  0.587267  0.789889  0.664376  0.520154  0.811005  0.798628  0.817187  0.842206  0.544886  0.814210  0.592173  0.387189  0.648575  0.663580  0.793723  0.629188  0.715728  0.757505  0.736401  0.692840  0.307690  0.700691  0.704240  0.720454  0.710864  0.562241  0.717399  0.757205  0.717947  0.897876  0.741693  0.672661  0.706603  0.781593  0.603220  0.746078  0.819591  0.859440  0.288742  0.607189 
3  0.537669  0.817196  0.824478 0.0  0.586524  0.653276  0.870611  0.815347  0.437975  0.605396  0.794020  0.799413  0.640270  0.454878  0.760662  0.752100  0.587720  0.844948  0.433246  0.628861  0.807177  0.526918  0.659184  0.779183  0.730815  0.443505  0.452643  0.535254  0.618953  0.679864  0.689127  0.664280  0.563213  0.719860  0.507595  0.684996  0.524488  0.516667  0.615524  0.581384  0.733768  0.653182  0.465086  0.347094  0.518198  0.585074  0.424017  0.418973  0.613254  0.644636  0.426251  0.852586  0.400294  0.329230  0.595568  0.489773  0.386853  0.547201  0.918618  0.636553 
4  0.674766  0.697300  0.546329  0.586524 0.0  0.636886  0.742806  0.714938  0.575318  0.633537  0.771411  0.616894  0.591253  0.687221  0.681468  0.571418  0.601450  0.625298  0.588320  0.616679  0.724433  0.497378  0.545506  0.668139  0.629836  0.549912  0.534232  0.599871  0.686282  0.752481  0.556966  0.648017  0.758464  0.435893  0.553502  0.700217  0.544662  0.616226  0.607089  0.621157  0.537055  0.606017  0.532119  0.621775  0.633788  0.629668  0.625037  0.530876  0.580878  0.581899  0.538619  0.702880  0.604255  0.556132  0.728496  0.644737  0.578342  0.664298  0.623888  0.635298 
5  0.838021  0.605429  0.568823  0.653276  0.636886 0.0  0.543191  0.604848  0.758402  0.686368  0.703639  0.570884  0.871844  0.764513  0.503942  0.873925  0.762341  0.625721  0.948947  0.691868  0.745660  0.721482  0.711378  0.558650  0.692110  0.790137  0.796979  0.891472  0.659237  0.663417  0.594375  0.610805  0.818894  0.563628  0.678173  0.815711  0.784083  0.798009  0.745834  0.835516  0.530916  0.841290  0.808479  0.718130  0.947126  0.593444  0.843981  0.806496  0.889448  0.714110  0.809054  0.681790  0.804885  0.901211  0.817451  0.785650  0.938626  0.808810  0.551163  0.884201 
6  0.757796  0.366341  0.384345  0.870611  0.742806  0.543191 0.0  0.529513  0.745666  0.626736  0.626470  0.430638  0.657526  0.755510  0.367272  0.842224  0.672493  0.425778  0.739513  0.618972  0.612351  0.842649  0.734513  0.498069  0.794321  0.814712  0.924568  0.843017  0.610883  0.771980  0.547431  0.524164  0.661222  0.562265  0.890782  0.575619  0.819039  0.730224  0.751006  0.742289  0.523357  0.728930  0.788060  0.869549  0.673487  0.627744  0.899378  0.885648  0.920934  0.860215  0.872807  0.741256  0.747601  0.913252  0.727443  0.740438  0.710323  0.750495  0.387922  0.694805 
7  0.808856  0.401475  0.620210  0.815347  0.714938  0.604848  0.529513 0.0  0.744124  0.675503  0.665483  0.524021  0.803744  0.825076  0.471818  0.718463  0.678256  0.485361  0.850392  0.669737  0.809402  0.922341  0.770102  0.576650  0.871034  0.946859  0.781834  0.879502  0.674373  0.749590  0.650449  0.539335  0.666942  0.608223  0.730342  0.764740  0.812308  0.828703  0.745524  0.709701  0.481260  0.822836  0.700401  0.803961  0.865601  0.831971  0.886334  0.903203  0.766394  0.825611  0.823449  0.777503  0.866345  0.833224  0.721202  0.816904  0.749964  0.792147  0.521219  0.743853 
8  0.553057  0.800545  0.844143  0.437975  0.575318  0.758402  0.745666  0.744124 0.0  0.705516  0.808060  0.724551  0.565580  0.423190  0.691070  0.768165  0.724589  0.774676  0.529639  0.736051  0.762204  0.369922  0.636410  0.682621  0.632585  0.535643  0.515894  0.684531  0.686291  0.510046  0.640427  0.734236  0.366477  0.656213  0.283319  0.693572  0.389750  0.602108  0.429641  0.455658  0.681351  0.535516  0.461319  0.511562  0.609457  0.659655  0.581039  0.549865  0.608741  0.638621  0.370549  0.827411  0.286198  0.456188  0.592996  0.482479  0.541947  0.416735  0.693757  0.604177 
9  0.704168  0.627151  0.668266  0.605396  0.633537  0.686368  0.626736  0.675503  0.705516 0.0  0.682615  0.657993  0.553649  0.592084  0.642828  0.610131  0.694740  0.631645  0.636032  0.545748  0.616566  0.635164  0.510976  0.658892  0.507297  0.531318  0.634723  0.615669  0.618065  0.704849  0.593519  0.506144  0.517811  0.538610  0.617120  0.502498  0.649979  0.482982  0.735931  0.674982  0.622219  0.633730  0.532757  0.543204  0.686523  0.607409  0.572438  0.659728  0.699367  0.643893  0.662745  0.778291  0.638388  0.564950  0.521469  0.448438  0.562704  0.739184  0.644239  0.636942 
10  0.888658  0.703062  0.741193  0.794020  0.771411  0.703639  0.626470  0.665483  0.808060  0.682615 0.0  0.780924  0.620821  0.828907  0.705070  0.725780  0.891602  0.715608  0.911466  0.569158  0.710327  0.717401  0.677539  0.750601  0.807783  0.741395  0.896255  0.905942  0.728727  0.727784  0.833130  0.809756  0.702824  0.745759  0.781443  0.793184  0.807826  0.839936  0.758242  0.841405  0.761695  0.594993  0.906903  0.811575  0.838147  0.855731  0.787636  0.764892  0.774319  0.852139  0.788884  0.676663  0.904201  0.756354  0.698781  0.843019  0.864906  0.815402  0.690744  0.737289 
11  0.727128  0.318109  0.321653  0.799413  0.616894  0.570884  0.430638  0.524021  0.724551  0.657993  0.780924 0.0  0.697995  0.658161  0.431706  0.860688  0.794108  0.403806  0.711528  0.618454  0.635598  0.829764  0.711687  0.384022  0.673062  0.730691  0.790100  0.743225  0.569002  0.860008  0.473219  0.253994  0.685670  0.528622  0.662058  0.663982  0.697193  0.758130  0.688599  0.721900  0.431937  0.716546  0.743270  0.751209  0.784868  0.640328  0.865780  0.705295  0.599863  0.723069  0.801337  0.632637  0.842361  0.719106  0.605287  0.644956  0.873648  0.872006  0.408436  0.623878 
12  0.606294  0.758679  0.780578  0.640270  0.591253  0.871844  0.657526  0.803744  0.565580  0.553649  0.620821  0.697995 0.0  0.536961  0.651254  0.725559  0.600918  0.754291  0.612928  0.582415  0.513000  0.500426  0.740487  1.000000  0.724252  0.557199  0.586485  0.578014  0.608411  0.666918  0.737976  0.695334  0.461417  0.758497  0.634821  0.542686  0.491441  0.589841  0.504755  0.396589  0.805841  0.489993  0.614670  0.645614  0.655528  0.679857  0.599499  0.673948  0.529059  0.717703  0.555520  0.771319  0.447097  0.658653  0.638784  0.647290  0.577917  0.484470  0.712939  0.560652 
13  0.436922  0.910364  0.843829  0.454878  0.687221  0.764513  0.755510  0.825076  0.423190  0.592084  0.828907  0.658161  0.536961 0.0  0.873345  0.708437  0.732054  0.874282  0.437354  0.505270  0.787378  0.420081  0.645888  0.845584  0.711846  0.417278  0.418147  0.573177  0.716803  0.565141  0.670106  0.823521  0.470414  0.726190  0.559692  0.621330  0.412076  0.534498  0.559573  0.570016  0.710894  0.550028  0.549783  0.538741  0.443986  0.529827  0.543157  0.593695  0.539737  0.534789  0.351824  0.640390  0.449067  0.493849  0.566827  0.582555  0.428117  0.549871  0.724596  0.759029 
14  0.831510  0.520502  0.493051  0.760662  0.681468  0.503942  0.367272  0.471818  0.691070  0.642828  0.705070  0.431706  0.651254  0.873345 0.0  0.806508  0.883461  0.509496  0.773786  0.551331  0.597767  0.732688  0.719495  0.477337  0.702173  0.730680  0.713334  0.809609  0.657833  0.801447  0.559567  0.456208  0.644057  0.572318  0.719788  0.726198  0.772234  0.723924  0.726825  0.588799  0.403896  0.695556  0.690023  0.643750  0.859068  0.726704  0.746759  0.679400  0.771683  0.738732  0.712491  0.562422  0.744519  0.681661  0.691568  0.742100  0.802486  0.663019  0.298611  0.594678 
15  0.681079  0.779730  0.673594  0.752100  0.571418  0.873925  0.842224  0.718463  0.768165  0.610131  0.725780  0.860688  0.725559  0.708437  0.806508 0.0  0.784408  0.644401  0.795312  0.653416  0.404720  0.763646  0.669084  0.789546  0.675938  0.767338  0.823064  0.750973  0.640694  0.709540  0.759937  0.743238  0.720933  0.668034  0.865185  0.644180  0.689976  0.754763  0.792332  0.807469  0.691719  0.774135  0.648603  0.810322  0.843270  0.721541  0.724994  0.831280  0.642841  0.678205  0.786795  0.397962  0.823224  0.775760  0.654184  0.562698  0.660138  0.700339  0.749233  0.590802 
16  0.652194  0.770461  0.721310  0.587720  0.601450  0.762341  0.672493  0.678256  0.724589  0.694740  0.891602  0.794108  0.600918  0.732054  0.883461  0.784408 0.0  0.768603  0.765434  0.637906  0.577294  0.612457  0.704185  0.849513  0.258946  0.707249  0.636991  0.685900  0.709893  0.676810  0.696072  0.704819  0.658460  0.769669  0.615489  0.714051  0.587200  0.660821  0.718124  0.645669  0.689821  0.596013  0.591551  0.672257  0.656877  0.615902  0.685934  0.763041  0.716006  0.761616  0.629068  0.653739  0.587675  0.683056  0.827384  0.682708  0.742894  0.785193  0.802667  0.599264 
17  0.866377  0.550624  0.323484  0.844948  0.625298  0.625721  0.425778  0.485361  0.774676  0.631645  0.715608  0.403806  0.754291  0.874282  0.509496  0.644401  0.768603 0.0  0.810745  0.547175  0.609182  0.870066  0.686766  0.652550  0.793643  0.725363  0.875943  0.913160  0.676208  0.852454  0.645071  0.423134  0.765661  0.587457  0.874755  0.555729  0.880874  0.771902  0.769987  0.807384  0.290737  0.723072  0.922989  0.862946  0.719777  0.601601  0.827071  0.908413  0.728654  0.701775  0.836233  0.625380  0.861801  0.873972  0.558742  0.915587  0.685725  0.747777  0.447114  0.528470 
18  0.493998  0.844021  0.742934  0.433246  0.588320  0.948947  0.739513  0.850392  0.529639  0.636032  0.911466  0.711528  0.612928  0.437354  0.773786  0.795312  0.765434  0.810745 0.0  0.697547  0.782270  0.522624  0.635959  0.914250  0.741458  0.439859  0.479856  0.231886  0.539893  0.643222  0.676005  0.766530  0.613618  0.630895  0.515437  0.636765  0.586057  0.542121  0.503972  0.614336  0.773261  0.688001  0.540740  0.570920  0.403618  0.651443  0.439074  0.563843  0.635555  0.508241  0.446373  0.660089  0.496528  0.319019  0.664986  0.612759  0.268887  0.534111  0.743280  0.682303 
19  0.538824  0.716208  0.472046  0.628861  0.616679  0.691868  0.618972  0.669737  0.736051  0.545748  0.569158  0.618454  0.582415  0.505270  0.551331  0.653416  0.637906  0.547175  0.697547 0.0  0.715810  0.628281  0.671539  0.703883  0.621111  0.600584  0.642626  0.721980  0.582302  0.623374  0.707418  0.467777  0.570076  0.650709  0.560423  0.569322  0.626805  0.513494  0.501051  0.612575  0.519820  0.600608  0.468974  0.658105  0.699463  0.707267  0.573761  0.524560  0.521191  0.615788  0.547545  0.575594  0.531010  0.642151  0.588783  0.675117  0.649216  0.657455  0.513183  0.553420 
20  0.749971  0.854228  0.587267  0.807177  0.724433  0.745660  0.612351  0.809402  0.762204  0.616566  0.710327  0.635598  0.513000  0.787378  0.597767  0.404720  0.577294  0.609182  0.782270  0.715810 0.0  0.734042  0.709471  0.763326  0.625600  0.728418  0.682483  0.784058  0.602591  0.894718  0.817822  0.611040  0.645993  0.889350  0.664341  0.690491  0.728660  0.672781  0.712865  0.624743  0.507885  0.725635  0.723929  0.692833  0.778114  0.684472  0.719450  0.819062  0.655174  0.628857  0.798495  0.436619  0.680163  0.733143  0.438439  0.700926  0.798330  0.842019  0.598797  0.492069 
21  0.508379  0.795191  0.789889  0.526918  0.497378  0.721482  0.842649  0.922341  0.369922  0.635164  0.717401  0.829764  0.500426  0.420081  0.732688  0.763646  0.612457  0.870066  0.522624  0.628281  0.734042 0.0  0.613893  0.750379  0.587225  0.557677  0.652160  0.600443  0.692269  0.459902  0.750084  0.730671  0.445413  0.646035  0.348614  0.685219  0.295031  0.668887  0.364386  0.681520  0.767684  0.509787  0.540293  0.498536  0.637141  0.603233  0.575302  0.584575  0.602106  0.649349  0.426355  0.671931  0.272633  0.644545  0.656454  0.432419  0.556419  0.396549  0.723898  0.568442 
22  0.602355  0.792777  0.664376  0.659184  0.545506  0.711378  0.734513  0.770102  0.636410  0.510976  0.677539  0.711687  0.740487  0.645888  0.719495  0.669084  0.704185  0.686766  0.635959  0.671539  0.709471  0.613893 0.0  0.724495  0.652471  0.568999  0.553912  0.587862  0.727242  0.660939  0.541972  0.722217  0.663063  0.684473  0.624889  0.708168  0.613591  0.631769  0.576585  0.660881  0.720245  0.731946  0.485819  0.569671  0.687312  0.626131  0.590562  0.605451  0.628460  0.632163  0.729161  0.728556  0.584221  0.579605  0.711553  0.571593  0.666783  0.665935  0.590103  0.525277 
23  0.789017  0.359172  0.520154  0.779183  0.668139  0.558650  0.498069  0.576650  0.682621  0.658892  0.750601  0.384022  1.000000  0.845584  0.477337  0.789546  0.849513  0.652550  0.914250  0.703883  0.763326  0.750379  0.724495 0.0  0.778823  0.705452  0.796282  0.867857  0.737182  0.777063  0.508404  0.688914  0.818956  0.718541  0.804814  0.713792  0.761321  0.723764  0.804132  0.767965  0.573433  0.824161  0.805155  0.759179  0.777223  0.683209  0.668938  0.735654  0.746543  0.637508  0.720591  0.855692  0.693711  0.789458  0.764252  0.741761  0.863071  0.833372  0.500661  0.778476 
24  0.587173  0.791966  0.811005  0.730815  0.629836  0.692110  0.794321  0.871034  0.632585  0.507297  0.807783  0.673062  0.724252  0.711846  0.702173  0.675938  0.258946  0.793643  0.741458  0.621111  0.625600  0.587225  0.652471  0.778823 0.0  0.555179  0.716179  0.700850  0.677495  0.845587  0.734813  0.716845  0.694822  0.656298  0.728975  0.695378  0.714348  0.773019  0.708908  0.742210  0.733392  0.694427  0.673877  0.788753  0.697655  0.623090  0.825030  0.568211  0.761582  0.521145  0.649937  0.642680  0.726758  0.704742  0.660031  0.825946  0.807345  0.690652  0.807775  0.658715 
25  0.316727  0.873400  0.798628  0.443505  0.549912  0.790137  0.814712  0.946859  0.535643  0.531318  0.741395  0.730691  0.557199  0.417278  0.730680  0.767338  0.707249  0.725363  0.439859  0.600584  0.728418  0.557677  0.568999  0.705452  0.555179 0.0  0.306496  0.517850  0.568713  0.654276  0.716779  0.785659  0.558613  0.674884  0.576463  0.756500  0.517573  0.520596  0.560065  0.654216  0.746196  0.685588  0.483105  0.210101  0.526519  0.610160  0.371538  0.314364  0.597577  0.504176  0.547952  0.753048  0.489979  0.487386  0.567510  0.483010  0.505516  0.571368  0.631089  0.741443 
26  0.265748  0.905489  0.817187  0.452643  0.534232  0.796979  0.924568  0.781834  0.515894  0.634723  0.896255  0.790100  0.586485  0.418147  0.713334  0.823064  0.636991  0.875943  0.479856  0.642626  0.682483  0.652160  0.553912  0.796282  0.716179  0.306496 0.0  0.477723  0.785985  0.710710  0.656667  0.889252  0.581498  0.757935  0.568176  0.661853  0.745551  0.555899  0.537547  0.661653  0.869594  0.501803  0.425815  0.451096  0.529529  0.688640  0.450438  0.466805  0.581368  0.543297  0.503808  0.788404  0.555571  0.460135  0.658458  0.428378  0.480903  0.771602  0.819925  0.643960 
27  0.505046  0.834994  0.842206  0.535254  0.599871  0.891472  0.843017  0.879502  0.684531  0.615669  0.905942  0.743225  0.578014  0.573177  0.809609  0.750973  0.685900  0.913160  0.231886  0.721980  0.784058  0.600443  0.587862  0.867857  0.700850  0.517850  0.477723 0.0  0.690310  0.737186  0.793255  0.761290  0.623155  0.836825  0.633360  0.740644  0.632374  0.499863  0.571726  0.679044  0.787891  0.685839  0.628036  0.594937  0.430596  0.612312  0.466677  0.654570  0.628324  0.656236  0.554305  0.795166  0.574829  0.515289  0.685754  0.512043  0.386572  0.624223  0.671577  0.643635 
28  0.612783  0.716886  0.544886  0.618953  0.686282  0.659237  0.610883  0.674373  0.686291  0.618065  0.728727  0.569002  0.608411  0.716803  0.657833  0.640694  0.709893  0.676208  0.539893  0.582302  0.602591  0.692269  0.727242  0.737182  0.677495  0.568713  0.785985  0.690310 0.0  0.934071  0.621971  0.525680  0.710744  0.635328  0.608461  0.317867  0.720896  0.670370  0.670212  0.661861  0.569011  0.668630  0.674757  0.656649  0.710468  0.504897  0.616314  0.654287  0.684701  0.621104  0.703719  0.612210  0.651603  0.759983  0.609589  0.570035  0.725472  0.767516  0.651637  0.573783 
29  0.659500  0.747613  0.814210  0.679864  0.752481  0.663417  0.771980  0.749590  0.510046  0.704849  0.727784  0.860008  0.666918  0.565141  0.801447  0.709540  0.676810  0.852454  0.643222  0.623374  0.894718  0.459902  0.660939  0.777063  0.845587  0.654276  0.710710  0.737186  0.934071 0.0  0.733688  0.879423  0.479081  0.814753  0.562580  0.846324  0.530586  0.825148  0.519364  0.645459  0.937307  0.717628  0.569743  0.644087  0.684126  0.672605  0.763075  0.678891  0.532432  0.701261  0.521417  0.909951  0.448217  0.543356  0.742021  0.641484  0.677210  0.447591  0.956304  0.660264 
30  0.683797  0.679418  0.592173  0.689127  0.556966  0.594375  0.547431  0.650449  0.640427  0.593519  0.833130  0.473219  0.737976  0.670106  0.559567  0.759937  0.696072  0.645071  0.676005  0.707418  0.817822  0.750084  0.541972  0.508404  0.734813  0.716779  0.656667  0.793255  0.621971  0.733688 0.0  0.492399  0.866011  0.441922  0.673155  0.671496  0.720888  0.711922  0.722236  0.716975  0.586718  0.700872  0.778411  0.686167  0.778685  0.710380  0.672801  0.651941  0.767983  0.624148  0.641225  0.633352  0.699554  0.709068  0.671261  0.648544  0.788038  0.695752  0.552664  0.570983 
31  0.869095  0.511553  0.387189  0.664280  0.648017  0.610805  0.524164  0.539335  0.734236  0.506144  0.809756  0.253994  0.695334  0.823521  0.456208  0.743238  0.704819  0.423134  0.766530  0.467777  0.611040  0.730671  0.722217  0.688914  0.716845  0.785659  0.889252  0.761290  0.525680  0.879423  0.492399 0.0  0.651729  0.532165  0.800176  0.535822  0.861982  0.796282  0.765307  0.602142  0.240960  0.597134  0.830125  0.873229  0.771505  0.632753  0.770613  0.739237  0.563751  0.694721  0.839067  0.632892  0.838571  0.793622  0.583581  0.687860  0.727941  0.886794  0.364512  0.706580 
32  0.554174  0.801386  0.648575  0.563213  0.758464  0.818894  0.661222  0.666942  0.366477  0.517811  0.702824  0.685670  0.461417  0.470414  0.644057  0.720933  0.658460  0.765661  0.613618  0.570076  0.645993  0.445413  0.663063  0.818956  0.694822  0.558613  0.581498  0.623155  0.710744  0.479081  0.866011  0.651729 0.0  0.680806  0.344306  0.838191  0.355685  0.655933  0.489396  0.515506  0.712185  0.513878  0.673565  0.570823  0.600120  0.633683  0.624845  0.674857  0.483719  0.584740  0.605974  0.749183  0.436085  0.575312  0.630269  0.491496  0.596959  0.408166  0.591266  0.444106 
33  0.748215  0.671102  0.663580  0.719860  0.435893  0.563628  0.562265  0.608223  0.656213  0.538610  0.745759  0.528622  0.758497  0.726190  0.572318  0.668034  0.769669  0.587457  0.630895  0.650709  0.889350  0.646035  0.684473  0.718541  0.656298  0.674884  0.757935  0.836825  0.635328  0.814753  0.441922  0.532165  0.680806 0.0  0.673471  0.676602  0.700154  0.686929  0.710408  0.779985  0.516194  0.804594  0.766945  0.663405  0.706414  0.624035  0.676798  0.746408  0.611997  0.754544  0.662695  0.640946  0.695113  0.619761  0.767429  0.730634  0.733578  0.788070  0.540248  0.721192 
34  0.435283  0.890655  0.793723  0.507595  0.553502  0.678173  0.890782  0.730342  0.283319  0.617120  0.781443  0.662058  0.634821  0.559692  0.719788  0.865185  0.615489  0.874755  0.515437  0.560423  0.664341  0.348614  0.624889  0.804814  0.728975  0.576463  0.568176  0.633360  0.608461  0.562580  0.673155  0.800176  0.344306  0.673471 0.0  0.762848  0.339995  0.571692  0.386759  0.496983  0.801862  0.481936  0.456669  0.446591  0.503863  0.600868  0.554805  0.507784  0.540409  0.483907  0.424973  0.706576  0.319636  0.523963  0.551561  0.544052  0.483480  0.447933  0.657969  0.600169 
35  0.784782  0.768069  0.629188  0.684996  0.700217  0.815711  0.575619  0.764740  0.693572  0.502498  0.793184  0.663982  0.542686  0.621330  0.726198  0.644180  0.714051  0.555729  0.636765  0.569322  0.690491  0.685219  0.708168  0.713792  0.695378  0.756500  0.661853  0.740644  0.317867  0.846324  0.671496  0.535822  0.838191  0.676602  0.762848 0.0  0.639993  0.767278  0.676916  0.682324  0.567568  0.696009  0.601849  0.564558  0.766006  0.435980  0.586036  0.699009  0.653977  0.638417  0.700602  0.651512  0.691864  0.701092  0.579406  0.650497  0.708145  0.695598  0.571560  0.742068 
36  0.626977  0.851286  0.715728  0.524488  0.544662  0.784083  0.819039  0.812308  0.389750  0.649979  0.807826  0.697193  0.491441  0.412076  0.772234  0.689976  0.587200  0.880874  0.586057  0.626805  0.728660  0.295031  0.613591  0.761321  0.714348  0.517573  0.745551  0.632374  0.720896  0.530586  0.720888  0.861982  0.355685  0.700154  0.339995  0.639993 0.0  0.559750  0.382804  0.527484  0.816327  0.462421  0.542483  0.535735  0.640282  0.552338  0.656842  0.593495  0.578086  0.501633  0.461730  0.764379  0.391811  0.585595  0.533681  0.570829  0.505248  0.417306  0.603809  0.627644 
37  0.509067  0.759080  0.757505  0.516667  0.616226  0.798009  0.730224  0.828703  0.602108  0.482982  0.839936  0.758130  0.589841  0.534498  0.723924  0.754763  0.660821  0.771902  0.542121  0.513494  0.672781  0.668887  0.631769  0.723764  0.773019  0.520596  0.555899  0.499863  0.670370  0.825148  0.711922  0.796282  0.655933  0.686929  0.571692  0.767278  0.559750 0.0  0.639263  0.696070  0.839204  0.667860  0.558551  0.501820  0.393267  0.707322  0.379241  0.546465  0.587012  0.617725  0.576609  0.903539  0.568309  0.525179  0.700108  0.661101  0.379064  0.675992  0.745395  0.730689 
38  0.448311  0.811441  0.736401  0.615524  0.607089  0.745834  0.751006  0.745524  0.429641  0.735931  0.758242  0.688599  0.504755  0.559573  0.726825  0.792332  0.718124  0.769987  0.503972  0.501051  0.712865  0.364386  0.576585  0.804132  0.708908  0.560065  0.537547  0.571726  0.670212  0.519364  0.722236  0.765307  0.489396  0.710408  0.386759  0.676916  0.382804  0.639263 0.0  0.510766  0.746111  0.451597  0.591861  0.511792  0.644814  0.655234  0.559844  0.515809  0.565370  0.573877  0.622932  0.716639  0.317090  0.618822  0.503754  0.628416  0.613837  0.538852  0.696146  0.551875 
39  0.716718  0.716099  0.692840  0.581384  0.621157  0.835516  0.742289  0.709701  0.455658  0.674982  0.841405  0.721900  0.396589  0.570016  0.588799  0.807469  0.645669  0.807384  0.614336  0.612575  0.624743  0.681520  0.660881  0.767965  0.742210  0.654216  0.661653  0.679044  0.661861  0.645459  0.716975  0.602142  0.515506  0.779985  0.496983  0.682324  0.527484  0.696070  0.510766 0.0  0.732768  0.446926  0.604423  0.634728  0.620016  0.699265  0.568147  0.601187  0.518125  0.558652  0.575820  0.719129  0.512236  0.570510  0.543001  0.547751  0.691920  0.492845  0.568392  0.590810 
40  0.725122  0.517175  0.307690  0.733768  0.537055  0.530916  0.523357  0.481260  0.681351  0.622219  0.761695  0.431937  0.805841  0.710894  0.403896  0.691719  0.689821  0.290737  0.773261  0.519820  0.507885  0.767684  0.720245  0.573433  0.733392  0.746196  0.869594  0.787891  0.569011  0.937307  0.586718  0.240960  0.712185  0.516194  0.801862  0.567568  0.816327  0.839204  0.746111  0.732768 0.0  0.722913  0.725025  0.799909  0.685190  0.733853  0.831383  0.850812  0.708966  0.713072  0.735115  0.584397  0.837952  0.724446  0.582928  0.802988  0.800685  0.694884  0.453078  0.638219 
41  0.561829  0.776186  0.700691  0.653182  0.606017  0.841290  0.728930  0.822836  0.535516  0.633730  0.594993  0.716546  0.489993  0.550028  0.695556  0.774135  0.596013  0.723072  0.688001  0.600608  0.725635  0.509787  0.731946  0.824161  0.694427  0.685588  0.501803  0.685839  0.668630  0.717628  0.700872  0.597134  0.513878  0.804594  0.481936  0.696009  0.462421  0.667860  0.451597  0.446926  0.722913 0.0  0.658547  0.547413  0.549313  0.762342  0.612062  0.630104  0.554489  0.686271  0.610138  0.587947  0.479214  0.590289  0.541522  0.570204  0.616952  0.495835  0.660325  0.474928 
42  0.483881  0.805001  0.704240  0.465086  0.532119  0.808479  0.788060  0.700401  0.461319  0.532757  0.906903  0.743270  0.614670  0.549783  0.690023  0.648603  0.591551  0.922989  0.540740  0.468974  0.723929  0.540293  0.485819  0.805155  0.673877  0.483105  0.425815  0.628036  0.674757  0.569743  0.778411  0.830125  0.673565  0.766945  0.456669  0.601849  0.542483  0.558551  0.591861  0.604423  0.725025  0.658547 0.0  0.511731  0.595420  0.631194  0.556934  0.484261  0.475809  0.378714  0.555806  0.646721  0.454002  0.574554  0.536092  0.346798  0.618211  0.698675  0.724229  0.627694 
43  0.430606  0.817859  0.720454  0.347094  0.621775  0.718130  0.869549  0.803961  0.511562  0.543204  0.811575  0.751209  0.645614  0.538741  0.643750  0.810322  0.672257  0.862946  0.570920  0.658105  0.692833  0.498536  0.569671  0.759179  0.788753  0.210101  0.451096  0.594937  0.656649  0.644087  0.686167  0.873229  0.570823  0.663405  0.446591  0.564558  0.535735  0.501820  0.511792  0.634728  0.799909  0.547413  0.511731 0.0  0.410412  0.399024  0.531530  0.354565  0.692043  0.542913  0.487857  0.654918  0.438812  0.454531  0.567714  0.483296  0.514717  0.650297  0.662295  0.701702 
44  0.491408  0.790479  0.710864  0.518198  0.633788  0.947126  0.673487  0.865601  0.609457  0.686523  0.838147  0.784868  0.655528  0.443986  0.859068  0.843270  0.656877  0.719777  0.403618  0.699463  0.778114  0.637141  0.687312  0.777223  0.697655  0.526519  0.529529  0.430596  0.710468  0.684126  0.778685  0.771505  0.600120  0.706414  0.503863  0.766006  0.640282  0.393267  0.644814  0.620016  0.685190  0.549313  0.595420  0.410412 0.0  0.702623  0.295601  0.533448  0.512295  0.673337  0.451131  0.716293  0.582769  0.456067  0.653726  0.574153  0.437049  0.653172  0.696097  0.706485 
45  0.603320  0.771069  0.562241  0.585074  0.629668  0.593444  0.627744  0.831971  0.659655  0.607409  0.855731  0.640328  0.679857  0.529827  0.726704  0.721541  0.615902  0.601601  0.651443  0.707267  0.684472  0.603233  0.626131  0.683209  0.623090  0.610160  0.688640  0.612312  0.504897  0.672605  0.710380  0.632753  0.633683  0.624035  0.600868  0.435980  0.552338  0.707322  0.655234  0.699265  0.733853  0.762342  0.631194  0.399024  0.702623 0.0  0.651520  0.591916  0.695810  0.560051  0.625985  0.747825  0.561864  0.516042  0.691651  0.596398  0.682332  0.821578  0.677232  0.670584 
46  0.382616  0.947204  0.717399  0.424017  0.625037  0.843981  0.899378  0.886334  0.581039  0.572438  0.787636  0.865780  0.599499  0.543157  0.746759  0.724994  0.685934  0.827071  0.439074  0.573761  0.719450  0.575302  0.590562  0.668938  0.825030  0.371538  0.450438  0.466677  0.616314  0.763075  0.672801  0.770613  0.624845  0.676798  0.554805  0.586036  0.656842  0.379241  0.559844  0.568147  0.831383  0.612062  0.556934  0.531530  0.295601  0.651520 0.0  0.571310  0.571505  0.621272  0.481850  0.792423  0.597987  0.339275  0.555158  0.572631  0.349208  0.686243  0.664504  0.684508 
47  0.487189  0.867719  0.757205  0.418973  0.530876  0.806496  0.885648  0.903203  0.549865  0.659728  0.764892  0.705295  0.673948  0.593695  0.679400  0.831280  0.763041  0.908413  0.563843  0.524560  0.819062  0.584575  0.605451  0.735654  0.568211  0.314364  0.466805  0.654570  0.654287  0.678891  0.651941  0.739237  0.674857  0.746408  0.507784  0.699009  0.593495  0.546465  0.515809  0.601187  0.850812  0.630104  0.484261  0.354565  0.533448  0.591916  0.571310 0.0  0.579817  0.526102  0.491496  0.707215  0.609779  0.466460  0.573272  0.606921  0.523440  0.629967  0.810624  0.686026 
48  0.593394  0.772656  0.717947  0.613254  0.580878  0.889448  0.920934  0.766394  0.608741  0.699367  0.774319  0.599863  0.529059  0.539737  0.771683  0.642841  0.716006  0.728654  0.635555  0.521191  0.655174  0.602106  0.628460  0.746543  0.761582  0.597577  0.581368  0.628324  0.684701  0.532432  0.767983  0.563751  0.483719  0.611997  0.540409  0.653977  0.578086  0.587012  0.565370  0.518125  0.708966  0.554489  0.475809  0.692043  0.512295  0.695810  0.571505  0.579817 0.0  0.434089  0.674830  0.586822  0.715531  0.575727  0.448330  0.354897  0.497675  0.649792  0.624153  0.506404 
49  0.478501  0.788781  0.897876  0.644636  0.581899  0.714110  0.860215  0.825611  0.638621  0.643893  0.852139  0.723069  0.717703  0.534789  0.738732  0.678205  0.761616  0.701775  0.508241  0.615788  0.628857  0.649349  0.632163  0.637508  0.521145  0.504176  0.543297  0.656236  0.621104  0.701261  0.624148  0.694721  0.584740  0.754544  0.483907  0.638417  0.501633  0.617725  0.573877  0.558652  0.713072  0.686271  0.378714  0.542913  0.673337  0.560051  0.621272  0.526102  0.434089 0.0  0.487899  0.722928  0.653837  0.527199  0.531904  0.384245  0.537956  0.558625  0.751910  0.641611 
50  0.457998  0.844939  0.741693  0.426251  0.538619  0.809054  0.872807  0.823449  0.370549  0.662745  0.788884  0.801337  0.555520  0.351824  0.712491  0.786795  0.629068  0.836233  0.446373  0.547545  0.798495  0.426355  0.729161  0.720591  0.649937  0.547952  0.503808  0.554305  0.703719  0.521417  0.641225  0.839067  0.605974  0.662695  0.424973  0.700602  0.461730  0.576609  0.622932  0.575820  0.735115  0.610138  0.555806  0.487857  0.451131  0.625985  0.481850  0.491496  0.674830  0.487899 0.0  0.734695  0.560873  0.576117  0.518145  0.503046  0.395449  0.706989  0.807539  0.608136 
51  0.767006  0.770606  0.672661  0.852586  0.702880  0.681790  0.741256  0.777503  0.827411  0.778291  0.676663  0.632637  0.771319  0.640390  0.562422  0.397962  0.653739  0.625380  0.660089  0.575594  0.436619  0.671931  0.728556  0.855692  0.642680  0.753048  0.788404  0.795166  0.612210  0.909951  0.633352  0.632892  0.749183  0.640946  0.706576  0.651512  0.764379  0.903539  0.716639  0.719129  0.584397  0.587947  0.646721  0.654918  0.716293  0.747825  0.792423  0.707215  0.586822  0.722928  0.734695 0.0  0.708474  0.780576  0.518084  0.589811  0.775114  0.840167  0.655172  0.385874 
52  0.526311  0.905500  0.706603  0.400294  0.604255  0.804885  0.747601  0.866345  0.286198  0.638388  0.904201  0.842361  0.447097  0.449067  0.744519  0.823224  0.587675  0.861801  0.496528  0.531010  0.680163  0.272633  0.584221  0.693711  0.726758  0.489979  0.555571  0.574829  0.651603  0.448217  0.699554  0.838571  0.436085  0.695113  0.319636  0.691864  0.391811  0.568309  0.317090  0.512236  0.837952  0.479214  0.454002  0.438812  0.582769  0.561864  0.597987  0.609779  0.715531  0.653837  0.560873  0.708474 0.0  0.545045  0.760866  0.572376  0.593548  0.462324  0.718407  0.514678 
53  0.471904  0.819712  0.781593  0.329230  0.556132  0.901211  0.913252  0.833224  0.456188  0.564950  0.756354  0.719106  0.658653  0.493849  0.681661  0.775760  0.683056  0.873972  0.319019  0.642151  0.733143  0.644545  0.579605  0.789458  0.704742  0.487386  0.460135  0.515289  0.759983  0.543356  0.709068  0.793622  0.575312  0.619761  0.523963  0.701092  0.585595  0.525179  0.618822  0.570510  0.724446  0.590289  0.574554  0.454531  0.456067  0.516042  0.339275  0.466460  0.575727  0.527199  0.576117  0.780576  0.545045 0.0  0.651094  0.556460  0.411276  0.591471  0.722258  0.697242 
54  0.618799  0.813630  0.603220  0.595568  0.728496  0.817451  0.727443  0.721202  0.592996  0.521469  0.698781  0.605287  0.638784  0.566827  0.691568  0.654184  0.827384  0.558742  0.664986  0.588783  0.438439  0.656454  0.711553  0.764252  0.660031  0.567510  0.658458  0.685754  0.609589  0.742021  0.671261  0.583581  0.630269  0.767429  0.551561  0.579406  0.533681  0.700108  0.503754  0.543001  0.582928  0.541522  0.536092  0.567714  0.653726  0.691651  0.555158  0.573272  0.448330  0.531904  0.518145  0.518084  0.760866  0.651094 0.0  0.455577  0.685217  0.648661  0.725692  0.593091 
55  0.460477  0.866940  0.746078  0.489773  0.644737  0.785650  0.740438  0.816904  0.482479  0.448438  0.843019  0.644956  0.647290  0.582555  0.742100  0.562698  0.682708  0.915587  0.612759  0.675117  0.700926  0.432419  0.571593  0.741761  0.825946  0.483010  0.428378  0.512043  0.570035  0.641484  0.648544  0.687860  0.491496  0.730634  0.544052  0.650497  0.570829  0.661101  0.628416  0.547751  0.802988  0.570204  0.346798  0.483296  0.574153  0.596398  0.572631  0.606921  0.354897  0.384245  0.503046  0.589811  0.572376  0.556460  0.455577 0.0  0.624861  0.600432  0.756756  0.711972 
56  0.452952  0.796555  0.819591  0.386853  0.578342  0.938626  0.710323  0.749964  0.541947  0.562704  0.864906  0.873648  0.577917  0.428117  0.802486  0.660138  0.742894  0.685725  0.268887  0.649216  0.798330  0.556419  0.666783  0.863071  0.807345  0.505516  0.480903  0.386572  0.725472  0.677210  0.788038  0.727941  0.596959  0.733578  0.483480  0.708145  0.505248  0.379064  0.613837  0.691920  0.800685  0.616952  0.618211  0.514717  0.437049  0.682332  0.349208  0.523440  0.497675  0.537956  0.395449  0.775114  0.593548  0.411276  0.685217  0.624861 0.0  0.538180  0.763517  0.735569 
57  0.671066  0.884295  0.859440  0.547201  0.664298  0.808810  0.750495  0.792147  0.416735  0.739184  0.815402  0.872006  0.484470  0.549871  0.663019  0.700339  0.785193  0.747777  0.534111  0.657455  0.842019  0.396549  0.665935  0.833372  0.690652  0.571368  0.771602  0.624223  0.767516  0.447591  0.695752  0.886794  0.408166  0.788070  0.447933  0.695598  0.417306  0.675992  0.538852  0.492845  0.694884  0.495835  0.698675  0.650297  0.653172  0.821578  0.686243  0.629967  0.649792  0.558625  0.706989  0.840167  0.462324  0.591471  0.648661  0.600432  0.538180 0.0  0.826250  0.646479 
58  0.796243  0.386509  0.288742  0.918618  0.623888  0.551163  0.387922  0.521219  0.693757  0.644239  0.690744  0.408436  0.712939  0.724596  0.298611  0.749233  0.802667  0.447114  0.743280  0.513183  0.598797  0.723898  0.590103  0.500661  0.807775  0.631089  0.819925  0.671577  0.651637  0.956304  0.552664  0.364512  0.591266  0.540248  0.657969  0.571560  0.603809  0.745395  0.696146  0.568392  0.453078  0.660325  0.724229  0.662295  0.696097  0.677232  0.664504  0.810624  0.624153  0.751910  0.807539  0.655172  0.718407  0.722258  0.725692  0.756756  0.763517  0.826250 0.0  0.783331 
59  0.656261  0.743934  0.607189  0.636553  0.635298  0.884201  0.694805  0.743853  0.604177  0.636942  0.737289  0.623878  0.560652  0.759029  0.594678  0.590802  0.599264  0.528470  0.682303  0.553420  0.492069  0.568442  0.525277  0.778476  0.658715  0.741443  0.643960  0.643635  0.573783  0.660264  0.570983  0.706580  0.444106  0.721192  0.600169  0.742068  0.627644  0.730689  0.551875  0.590810  0.638219  0.474928  0.627694  0.701702  0.706485  0.670584  0.684508  0.686026  0.506404  0.641611  0.608136  0.385874  0.514678  0.697242  0.593091  0.711972  0.735569  0.646479  0.783331 0.0 
