146
0 0.0  0.834084  0.803447  0.347529  0.433684  0.509894  0.246568  0.406198  0.461688  0.366412  0.184409  0.445601  0.435159  0.690922  0.408020  0.327584  0.733132  0.560632  0.361065  0.552498  0.292156  0.770210  0.432727  0.562094  0.689027  0.738851  0.422165  0.374871  0.372062  0.347498  0.397398  0.265768  0.304739  0.508551  0.806992  0.255752  0.407558  0.618772  0.246627  0.674787  0.694716  0.316959  0.229593  0.257624  0.783677  0.411657  0.464077  0.258135  0.350370  0.454098  0.251376  0.436527  0.172307  0.361490  0.516751  0.252312  0.465532  0.394469  0.453249  0.325607  0.303554  0.317235  0.436080  0.785367  0.403075  0.214782  0.226672  0.677129  0.725882  0.397542  0.304876  0.286977  0.458122  0.356390  0.488915  0.171563  0.312391  0.271934  0.399737  0.740379  0.376819  0.330313  0.737316  0.360294  0.326180  0.377340  0.490158  0.489547  0.667451  0.408118  0.454731  0.393461  0.345951  0.628083  0.204550  0.566138  0.417612  0.773208  0.382442  0.388288  0.320948  0.383055  0.508268  0.446047  0.344119  0.551364  0.428246  0.707755  0.203921  0.349099  0.347677  0.300144  0.242022  0.293020  0.419306  0.273381  0.406766  0.369620  0.318177  0.771379  0.515666  0.342525  0.174417  0.675763  0.144191  0.384723  0.344027  0.440780  0.766588  0.307320  0.395774  0.242833  0.421917  0.458125  0.682756  0.298294  0.435561  0.337038  0.494222  0.688968  0.432862  0.338087  0.601911  0.435012  0.389117  0.262150 
1  0.834084 0.0  0.382840  0.782421  0.740842  0.753390  0.710528  0.811651  0.828455  0.750522  0.750058  0.772890  0.679199  0.593128  0.736388  0.771962  0.758372  0.613712  0.849978  0.691153  0.696149  0.430654  0.707493  0.344807  0.712354  0.661542  0.844842  0.739248  0.789759  0.840685  0.763098  0.730629  0.741948  0.830019  0.487174  0.668753  0.662200  0.568521  0.780058  0.274698  0.640691  0.746322  0.757319  0.764237  0.561618  0.744279  0.653725  0.707854  0.666280  0.753888  0.817849  0.743603  0.748245  0.854618  0.700558  0.775667  0.846220  0.600525  0.483143  0.827088  0.836156  0.736983  0.704092  0.718215  0.770508  0.797283  0.743593  0.571005  0.776562  0.614060  0.833472  0.656220  0.726682  0.713656  0.887630  0.810223  0.848991  0.761301  0.564590  0.455097  0.848651  0.864453  0.700905  0.772254  0.699806  0.680261  0.652157  0.740472  0.599674  0.788975  0.880027  0.754737  0.741077  0.476310  0.829895  0.847491  0.820706  0.447341  0.693128  0.690890  0.726825  0.754144  0.936798  0.872467  0.830149  0.850436  0.789619  0.613815  0.732350  0.794307  0.700434  0.792025  0.806007  0.740876  0.738401  0.785233  0.420032  0.787488  0.851832  0.451824  0.743481  0.721051  0.854772  0.316147  0.858958  0.658466  0.615777  0.717706  0.567456  0.697333  0.814712  0.755675  0.668770  0.773428  0.787213  0.709216  0.796037  0.758745  0.774178  0.588490  0.804631  0.758375  0.652354  0.756767  0.763744  0.702804 
2  0.803447  0.382840 0.0  0.740298  0.675944  0.665270  0.680606  0.820410  0.743040  0.739161  0.754452  0.718721  0.733521  0.658582  0.849359  0.722122  0.798079  0.554195  0.792182  0.591092  0.674407  0.460020  0.723589  0.472847  0.684081  0.595728  0.766758  0.759574  0.774183  0.748711  0.689682  0.724869  0.763650  0.784579  0.513241  0.677140  0.626111  0.592834  0.788297  0.271973  0.682628  0.798717  0.718093  0.725491  0.690287  0.832048  0.686465  0.733316  0.763783  0.782252  0.691311  0.718487  0.719046  0.771779  0.730196  0.810455  0.678976  0.759697  0.497007  0.697763  0.729736  0.718433  0.746947  0.735154  0.920724  0.786828  0.802159  0.447536  0.766038  0.597408  0.843290  0.806443  0.670551  0.769355  0.883769  0.788580  0.771770  0.784822  0.577980  0.474348  0.767942  0.879245  0.649079  0.701425  0.645395  0.774715  0.679372  0.780810  0.597025  0.722033  0.785560  0.702660  0.791150  0.438969  0.773638  0.777099  0.809005  0.390332  0.796870  0.735027  0.643261  0.686909  0.841510  0.707790  0.714041  0.753987  0.775821  0.566994  0.738943  0.656453  0.680553  0.800874  0.846967  0.801485  0.694291  0.744379  0.520624  0.752872  0.717612  0.445883  0.822331  0.768196  0.791024  0.453247  0.765261  0.779900  0.652092  0.770883  0.644218  0.761864  0.764485  0.748192  0.663366  0.669736  0.648246  0.757972  0.736146  0.785696  0.775616  0.635296  0.856638  0.837651  0.613365  0.716709  0.755098  0.676380 
3  0.347529  0.782421  0.740298 0.0  0.295497  0.567815  0.245802  0.482915  0.410838  0.441534  0.285324  0.375255  0.395165  0.771519  0.297293  0.331369  0.672021  0.602371  0.292294  0.399577  0.199709  0.676465  0.428866  0.610414  0.605162  0.740992  0.400355  0.376925  0.402321  0.362397  0.302175  0.346269  0.363411  0.428928  0.811440  0.304554  0.555583  0.615992  0.496711  0.578511  0.684764  0.322886  0.331421  0.123563  0.798832  0.338130  0.307937  0.229797  0.388198  0.419147  0.177790  0.432601  0.222635  0.332226  0.612364  0.295624  0.406269  0.324929  0.517836  0.399984  0.288441  0.386082  0.395996  0.820089  0.401596  0.203403  0.252465  0.643660  0.790272  0.359054  0.264884  0.373921  0.359215  0.458081  0.496200  0.260666  0.312355  0.395585  0.224679  0.760984  0.276995  0.438205  0.705657  0.273476  0.264553  0.215016  0.519998  0.495721  0.652193  0.414178  0.541894  0.418222  0.480161  0.484385  0.187774  0.577021  0.524328  0.757074  0.370872  0.374355  0.481222  0.269363  0.508760  0.359451  0.389771  0.367617  0.359852  0.821701  0.294860  0.305509  0.369062  0.355366  0.407296  0.234563  0.533489  0.369117  0.493225  0.426422  0.383791  0.748739  0.448378  0.244992  0.337055  0.684995  0.294853  0.243423  0.283849  0.460277  0.720079  0.380541  0.352416  0.254185  0.411913  0.524239  0.704248  0.271390  0.367177  0.380943  0.426184  0.653414  0.417886  0.366107  0.588143  0.413141  0.378702  0.313195 
4  0.433684  0.740842  0.675944  0.295497 0.0  0.586514  0.312306  0.395792  0.496309  0.343985  0.349473  0.345459  0.361010  0.662827  0.447108  0.341411  0.626527  0.533562  0.362456  0.444392  0.336838  0.742286  0.381810  0.516640  0.734720  0.723999  0.509165  0.301889  0.423872  0.222211  0.393381  0.193677  0.280557  0.467082  0.695793  0.349762  0.499018  0.646666  0.198642  0.732865  0.571544  0.489780  0.298440  0.266785  0.631040  0.375908  0.336401  0.322396  0.340174  0.457753  0.417684  0.348707  0.348798  0.332112  0.497098  0.327011  0.419178  0.354727  0.498147  0.324508  0.455258  0.362564  0.450014  0.695989  0.496243  0.338164  0.402993  0.749613  0.666580  0.447699  0.366460  0.251467  0.379142  0.452526  0.441400  0.371813  0.266811  0.322178  0.245488  0.707955  0.409789  0.463705  0.703228  0.265387  0.302527  0.408506  0.369316  0.355148  0.668817  0.367998  0.395868  0.324370  0.550398  0.543811  0.249583  0.580982  0.373766  0.931155  0.432678  0.433741  0.393591  0.491081  0.502255  0.491353  0.336381  0.350507  0.506723  0.836430  0.291420  0.346396  0.337795  0.174671  0.123880  0.297867  0.425356  0.183106  0.562779  0.414584  0.427759  0.667194  0.424606  0.297121  0.270377  0.541570  0.408124  0.403805  0.381491  0.450036  0.732000  0.399354  0.421752  0.186147  0.393335  0.411748  0.722420  0.350673  0.382963  0.540607  0.332767  0.688224  0.397344  0.179506  0.649049  0.388326  0.443422  0.362872 
5  0.509894  0.753390  0.665270  0.567815  0.586514 0.0  0.538963  0.577360  0.571434  0.556617  0.679759  0.603293  0.636104  0.620326  0.518441  0.540034  0.696093  0.582856  0.560023  0.284791  0.581519  0.589789  0.625509  0.676174  0.676144  0.753474  0.550030  0.540119  0.703917  0.578159  0.666228  0.577060  0.624847  0.660301  0.832468  0.604787  0.556822  0.641018  0.641642  0.637026  0.690134  0.444828  0.573011  0.564294  0.678066  0.573313  0.663040  0.532674  0.552735  0.811813  0.605397  0.619941  0.582966  0.619902  0.459484  0.676169  0.678916  0.321351  0.587549  0.659383  0.523881  0.617062  0.642041  0.791280  0.745092  0.539906  0.523853  0.736843  0.771751  0.464637  0.582643  0.523929  0.667410  0.464933  0.695742  0.608172  0.605856  0.619385  0.611003  0.729100  0.663496  0.603523  0.661158  0.496470  0.623178  0.655463  0.410027  0.624716  0.605442  0.672481  0.639528  0.594442  0.169213  0.528445  0.463228  0.213563  0.723965  0.726212  0.644374  0.574046  0.699706  0.514663  0.713947  0.667456  0.647487  0.601778  0.591155  0.689703  0.418418  0.663547  0.652341  0.626557  0.707141  0.531203  0.588173  0.549541  0.507389  0.520614  0.645490  0.807519  0.714785  0.635205  0.639760  0.579394  0.513714  0.709598  0.599626  0.546428  0.798433  0.697036  0.550744  0.548870  0.479775  0.426055  0.763650  0.558658  0.713561  0.608663  0.645409  0.593447  0.606828  0.613983  0.609374  0.596897  0.667559  0.490319 
6  0.246568  0.710528  0.680606  0.245802  0.312306  0.538963 0.0  0.418805  0.495149  0.446404  0.379621  0.385782  0.302146  0.776757  0.420328  0.274886  0.653134  0.603279  0.333856  0.364675  0.193839  0.653077  0.390187  0.581222  0.543850  0.617659  0.455475  0.421886  0.401981  0.373252  0.411517  0.306609  0.316281  0.464409  0.654867  0.309968  0.409674  0.698883  0.344955  0.733991  0.653536  0.440645  0.273909  0.196335  0.715931  0.330433  0.374797  0.238538  0.296239  0.387180  0.305977  0.447321  0.362156  0.353205  0.426390  0.336615  0.313439  0.390559  0.543474  0.329259  0.462706  0.362401  0.405475  0.689347  0.497448  0.175550  0.268357  0.664811  0.816745  0.396750  0.261497  0.325008  0.283188  0.462735  0.503686  0.266668  0.268275  0.406631  0.175739  0.780842  0.360674  0.457910  0.727165  0.340347  0.342421  0.418519  0.339547  0.436799  0.661615  0.389116  0.417995  0.420862  0.567113  0.449507  0.225444  0.557134  0.345961  0.806222  0.330667  0.404113  0.446424  0.455173  0.488378  0.535633  0.373628  0.395550  0.390093  0.588253  0.230502  0.294091  0.306667  0.378026  0.434230  0.207444  0.391092  0.257200  0.462472  0.383437  0.370704  0.696138  0.434186  0.208285  0.378578  0.626858  0.349059  0.342514  0.308900  0.567048  0.688119  0.419009  0.334665  0.355757  0.480681  0.436808  0.672283  0.366751  0.400623  0.458635  0.398975  0.595649  0.409110  0.342501  0.666681  0.356622  0.421529  0.314586 
7  0.406198  0.811651  0.820410  0.482915  0.395792  0.577360  0.418805 0.0  0.455040  0.264174  0.426517  0.278661  0.331737  0.701476  0.395205  0.419182  0.623135  0.658598  0.182156  0.433650  0.334119  0.697352  0.225779  0.515143  0.696498  0.748517  0.108159  0.194375  0.249897  0.405244  0.349504  0.477839  0.292290  0.341500  0.776221  0.264962  0.234278  0.762431  0.489959  0.592631  0.740790  0.446904  0.393453  0.344280  0.711199  0.399815  0.240065  0.408179  0.230994  0.343086  0.314612  0.374447  0.394494  0.264999  0.519442  0.142333  0.342915  0.379054  0.458803  0.249369  0.380558  0.215228  0.160743  0.766628  0.215122  0.516691  0.407438  0.631454  0.773024  0.356545  0.346520  0.372454  0.343995  0.405565  0.410849  0.317885  0.363898  0.388267  0.291788  0.800907  0.158786  0.201147  0.630187  0.340931  0.398827  0.455839  0.376597  0.187577  0.653909  0.263870  0.317461  0.242525  0.475489  0.559287  0.399165  0.628469  0.127705  0.877818  0.314548  0.175123  0.278614  0.096342  0.433593  0.206675  0.430752  0.292786  0.202488  0.676637  0.367274  0.362948  0.424710  0.456686  0.470834  0.443691  0.314337  0.469479  0.547626  0.424740  0.476609  0.623713  0.230088  0.420514  0.408354  0.616979  0.459159  0.321739  0.316241  0.504023  0.737915  0.409539  0.210151  0.338452  0.535862  0.497400  0.776072  0.395383  0.277507  0.416399  0.238369  0.667300  0.336704  0.363033  0.582289  0.350147  0.234287  0.249196 
8  0.461688  0.828455  0.743040  0.410838  0.496309  0.571434  0.495149  0.455040 0.0  0.406924  0.410824  0.453377  0.582556  0.690335  0.182775  0.552812  0.719091  0.492135  0.379725  0.318776  0.480316  0.742254  0.500146  0.539178  0.618677  0.731790  0.468524  0.367856  0.536607  0.417463  0.516749  0.543230  0.546866  0.585556  0.738165  0.513297  0.474571  0.693627  0.374505  0.642879  0.620685  0.243598  0.446096  0.418862  0.779509  0.326855  0.480889  0.479176  0.400344  0.488753  0.384003  0.509824  0.269395  0.549126  0.402675  0.546299  0.490896  0.362132  0.448649  0.501374  0.347998  0.542614  0.440451  0.755797  0.568516  0.476762  0.537868  0.804670  0.689048  0.401115  0.486890  0.421155  0.482790  0.241519  0.459823  0.446466  0.432147  0.502526  0.358751  0.780055  0.491467  0.502551  0.737943  0.448955  0.510679  0.462356  0.447500  0.509859  0.640637  0.495233  0.572363  0.484658  0.421318  0.471849  0.437734  0.458274  0.461066  0.788423  0.526686  0.564561  0.382521  0.496278  0.611092  0.490052  0.515617  0.466418  0.508705  0.815894  0.376026  0.486157  0.476648  0.451335  0.505125  0.428697  0.517285  0.477919  0.527866  0.223965  0.507283  0.766220  0.517151  0.484821  0.379315  0.672652  0.535595  0.435031  0.492851  0.552420  0.694165  0.481192  0.485021  0.402338  0.431807  0.448086  0.691547  0.445063  0.540932  0.427297  0.557744  0.552666  0.435137  0.482019  0.588679  0.502392  0.535125  0.414375 
9  0.366412  0.750522  0.739161  0.441534  0.343985  0.556617  0.446404  0.264174  0.406924 0.0  0.444350  0.178431  0.266518  0.814433  0.535497  0.417915  0.710378  0.587098  0.365102  0.448062  0.395172  0.749392  0.224931  0.529073  0.626709  0.694553  0.215388  0.128207  0.288018  0.265109  0.366227  0.367585  0.351707  0.383235  0.743362  0.400919  0.344154  0.647055  0.350095  0.726764  0.677594  0.519886  0.432952  0.325407  0.688123  0.351184  0.288063  0.363171  0.244587  0.305297  0.383663  0.321320  0.249647  0.200652  0.535410  0.267449  0.192178  0.348717  0.546398  0.322679  0.389457  0.323825  0.278391  0.697621  0.229564  0.426190  0.329030  0.738790  0.731602  0.434100  0.447157  0.360862  0.322514  0.444805  0.241939  0.441438  0.472472  0.366565  0.341723  0.813830  0.341914  0.321019  0.757345  0.377128  0.343402  0.333088  0.376916  0.318176  0.667417  0.402009  0.239272  0.333855  0.599756  0.457949  0.350400  0.569543  0.178991  0.718081  0.319677  0.339787  0.338010  0.184938  0.340825  0.340504  0.326968  0.132631  0.313014  0.702447  0.400488  0.400197  0.358874  0.408607  0.335438  0.415528  0.314494  0.354823  0.495442  0.461229  0.369236  0.662953  0.338543  0.430909  0.319093  0.573060  0.467425  0.370216  0.375319  0.537797  0.731690  0.390983  0.279620  0.311104  0.502723  0.506619  0.786505  0.279748  0.317802  0.352362  0.135225  0.649254  0.232772  0.368470  0.664570  0.317801  0.378802  0.307140 
10  0.184409  0.750058  0.754452  0.285324  0.349473  0.679759  0.379621  0.426517  0.410824  0.444350 0.0  0.325527  0.456517  0.670924  0.470819  0.297241  0.634808  0.522850  0.415783  0.472335  0.339952  0.653876  0.377695  0.504907  0.728925  0.635382  0.496170  0.401884  0.413974  0.386309  0.417722  0.316934  0.379302  0.579745  0.692572  0.362881  0.428962  0.793857  0.288724  0.671417  0.701919  0.368157  0.227319  0.337511  0.746094  0.242225  0.432702  0.289527  0.457013  0.388043  0.246043  0.406353  0.202142  0.465966  0.548046  0.442914  0.437000  0.522546  0.519713  0.508897  0.460111  0.370012  0.488216  0.756186  0.524154  0.237657  0.285729  0.630268  0.708111  0.460957  0.276301  0.300998  0.420611  0.386394  0.430933  0.164420  0.334863  0.299524  0.322460  0.736673  0.351910  0.387068  0.727511  0.267708  0.211909  0.306212  0.431600  0.364406  0.681277  0.515806  0.509155  0.516937  0.582048  0.400517  0.210903  0.634007  0.460985  0.806027  0.442441  0.469897  0.366402  0.405913  0.588081  0.439759  0.327748  0.441042  0.379468  0.710122  0.207726  0.279122  0.285964  0.281757  0.357634  0.285236  0.436111  0.375484  0.507382  0.480874  0.348733  0.629501  0.438224  0.273056  0.133882  0.741847  0.243345  0.325512  0.272114  0.589092  0.726162  0.343275  0.443961  0.338731  0.396814  0.390776  0.641064  0.243129  0.426804  0.314680  0.420567  0.663015  0.416113  0.196744  0.717520  0.422191  0.364219  0.335374 
11  0.445601  0.772890  0.718721  0.375255  0.345459  0.603293  0.385782  0.278661  0.453377  0.178431  0.325527 0.0  0.331161  0.660294  0.400380  0.348959  0.749370  0.635006  0.333538  0.523791  0.335130  0.748263  0.241950  0.373488  0.712179  0.732083  0.307422  0.166598  0.150658  0.415359  0.275120  0.506037  0.331994  0.258363  0.810186  0.286888  0.193760  0.727732  0.336206  0.724096  0.638751  0.396207  0.358412  0.308959  0.464626  0.405989  0.231474  0.487736  0.252884  0.221659  0.438628  0.128239  0.333107  0.301237  0.481474  0.327672  0.123173  0.434660  0.418067  0.222662  0.349911  0.311814  0.238818  0.653413  0.244488  0.369882  0.349147  0.602660  0.703441  0.342018  0.302061  0.512525  0.312703  0.541800  0.295980  0.378623  0.515546  0.464925  0.199661  0.795704  0.265331  0.308564  0.689869  0.248423  0.442339  0.375213  0.356297  0.306783  0.575377  0.285516  0.280195  0.353385  0.595498  0.424637  0.383523  0.563553  0.307709  0.735495  0.285153  0.414889  0.305177  0.335087  0.261907  0.372390  0.342202  0.333650  0.231928  0.706060  0.305225  0.340624  0.158383  0.412533  0.464847  0.347721  0.319914  0.430236  0.434933  0.616898  0.329615  0.717602  0.295727  0.308527  0.302169  0.621869  0.420970  0.315118  0.300824  0.475888  0.646774  0.373811  0.249526  0.228304  0.428323  0.425162  0.635111  0.371671  0.285170  0.424247  0.296678  0.515032  0.280611  0.412637  0.654063  0.171355  0.403602  0.337133 
12  0.435159  0.679199  0.733521  0.395165  0.361010  0.636104  0.302146  0.331737  0.582556  0.266518  0.456517  0.331161 0.0  0.630611  0.403152  0.368480  0.593700  0.677292  0.224169  0.500186  0.315835  0.706255  0.280630  0.509052  0.747919  0.743323  0.326927  0.321644  0.293989  0.339804  0.415332  0.385574  0.355222  0.396695  0.839325  0.352068  0.331858  0.732001  0.359008  0.579819  0.692941  0.358609  0.413612  0.337080  0.637226  0.410015  0.201969  0.314366  0.317906  0.234958  0.335165  0.203622  0.348935  0.337779  0.519570  0.397074  0.315845  0.381540  0.504553  0.371511  0.328353  0.284854  0.400388  0.711397  0.269016  0.402946  0.336356  0.698421  0.756913  0.377720  0.340069  0.415111  0.322029  0.403342  0.281763  0.343576  0.345000  0.379780  0.264487  0.728043  0.318032  0.308663  0.726396  0.289179  0.406516  0.408619  0.449555  0.396072  0.655160  0.397733  0.441933  0.392375  0.556701  0.529664  0.376645  0.531828  0.334525  0.706262  0.401890  0.238841  0.371319  0.359331  0.451683  0.291049  0.320764  0.276248  0.412538  0.677950  0.310785  0.441615  0.239185  0.425305  0.307638  0.408479  0.355171  0.285473  0.397598  0.410193  0.369209  0.744664  0.343706  0.363312  0.351286  0.776539  0.372164  0.255733  0.367080  0.557620  0.696667  0.285152  0.287328  0.303583  0.486861  0.444509  0.675373  0.358648  0.273015  0.421831  0.317911  0.555562  0.350720  0.324779  0.553431  0.365498  0.268222  0.432288 
13  0.690922  0.593128  0.658582  0.771519  0.662827  0.620326  0.776757  0.701476  0.690335  0.814433  0.670924  0.660294  0.630611 0.0  0.652387  0.679175  0.608008  0.612331  0.692848  0.706013  0.624177  0.607001  0.767749  0.623063  0.796031  0.707488  0.602172  0.738955  0.650365  0.801848  0.757451  0.637959  0.631524  0.814061  0.642077  0.769155  0.769683  0.697376  0.736902  0.533746  0.693855  0.713403  0.673328  0.745194  0.251946  0.706685  0.718963  0.658182  0.695475  0.687423  0.759591  0.740699  0.685582  0.855108  0.738233  0.779826  0.738664  0.629831  0.575024  0.749245  0.720272  0.809175  0.740858  0.796799  0.683347  0.630772  0.644369  0.642307  0.613649  0.680218  0.785164  0.707402  0.610381  0.722598  0.865801  0.703613  0.676379  0.708530  0.732340  0.647017  0.673014  0.688635  0.740722  0.652029  0.611177  0.877111  0.527668  0.804281  0.567576  0.756434  0.754712  0.666606  0.674211  0.507351  0.797437  0.796685  0.682450  0.558478  0.665273  0.768133  0.679185  0.735073  0.796383  0.779534  0.652049  0.704409  0.668902  0.608215  0.698229  0.697910  0.672327  0.720160  0.681612  0.686156  0.687638  0.717792  0.602366  0.716189  0.614059  0.612510  0.745764  0.736964  0.727834  0.654041  0.741070  0.685260  0.706188  0.658897  0.537534  0.782220  0.740721  0.621692  0.585966  0.712897  0.705253  0.715034  0.611024  0.680420  0.764870  0.568226  0.739452  0.751812  0.584163  0.669870  0.639861  0.644827 
14  0.408020  0.736388  0.849359  0.297293  0.447108  0.518441  0.420328  0.395205  0.182775  0.535497  0.470819  0.400380  0.403152  0.652387 0.0  0.479912  0.694911  0.651373  0.370805  0.466084  0.491663  0.722463  0.451125  0.532937  0.617869  0.702323  0.403238  0.526189  0.449718  0.423612  0.440487  0.452162  0.446702  0.629591  0.795342  0.458586  0.503027  0.687376  0.374918  0.620199  0.711378  0.127826  0.433280  0.546651  0.771567  0.437246  0.512636  0.426949  0.465489  0.445981  0.429145  0.596018  0.323431  0.509649  0.485136  0.485138  0.464886  0.316302  0.458179  0.495665  0.415113  0.452119  0.608845  0.643245  0.484527  0.470104  0.399862  0.677228  0.678482  0.427259  0.507700  0.416514  0.434159  0.187686  0.513702  0.429193  0.524459  0.433472  0.517897  0.702994  0.495230  0.445930  0.657433  0.484653  0.406914  0.410396  0.379171  0.532429  0.667999  0.409221  0.570957  0.546093  0.435978  0.566809  0.409421  0.559355  0.386856  0.693928  0.486874  0.505397  0.464034  0.418854  0.553154  0.499544  0.481153  0.474484  0.442508  0.749183  0.322988  0.540357  0.379705  0.460619  0.511710  0.377447  0.592519  0.397259  0.521546  0.240379  0.380379  0.784346  0.534572  0.463835  0.433927  0.758130  0.432413  0.400133  0.458914  0.529857  0.729403  0.460751  0.524501  0.372935  0.406562  0.494617  0.815209  0.368155  0.419472  0.436713  0.423212  0.705971  0.405555  0.511698  0.702738  0.387037  0.517252  0.310771 
15  0.327584  0.771962  0.722122  0.331369  0.341411  0.540034  0.274886  0.419182  0.552812  0.417915  0.297241  0.348959  0.368480  0.679175  0.479912 0.0  0.649699  0.603828  0.350282  0.417654  0.220344  0.578508  0.287091  0.509766  0.741615  0.659994  0.430962  0.334944  0.387322  0.275254  0.245622  0.270258  0.271551  0.411489  0.742753  0.206689  0.359988  0.725254  0.351719  0.659359  0.586760  0.399144  0.297359  0.257793  0.763658  0.313289  0.177969  0.279138  0.336961  0.384661  0.338613  0.390602  0.394378  0.311366  0.413919  0.305413  0.323736  0.427620  0.530546  0.358605  0.332673  0.324398  0.356033  0.624948  0.455494  0.312122  0.255141  0.654753  0.767692  0.385500  0.283530  0.423256  0.358489  0.454874  0.376988  0.345749  0.360916  0.390240  0.316480  0.582869  0.336039  0.355346  0.631398  0.180228  0.224927  0.187936  0.387131  0.410673  0.583957  0.432764  0.461515  0.288908  0.557880  0.421401  0.350355  0.592771  0.398028  0.727981  0.310380  0.404071  0.398100  0.300815  0.425158  0.404485  0.152916  0.370154  0.421311  0.734837  0.273438  0.259086  0.224907  0.335075  0.313184  0.272680  0.462847  0.341960  0.491677  0.452275  0.263338  0.720599  0.391893  0.304658  0.344375  0.560406  0.375327  0.170897  0.258605  0.502708  0.705202  0.245197  0.388110  0.199059  0.395356  0.453921  0.682007  0.280365  0.404661  0.426913  0.362170  0.577492  0.282240  0.357528  0.621919  0.409762  0.358758  0.365814 
16  0.733132  0.758372  0.798079  0.672021  0.626527  0.696093  0.653134  0.623135  0.719091  0.710378  0.634808  0.749370  0.593700  0.608008  0.694911  0.649699 0.0  0.601711  0.691676  0.679924  0.692408  0.614115  0.591583  0.507973  0.628096  0.570930  0.674893  0.679072  0.681906  0.767861  0.714888  0.670051  0.610513  0.699723  0.693146  0.662686  0.625195  0.553390  0.693549  0.655378  0.457203  0.691544  0.649810  0.794630  0.576536  0.665868  0.636969  0.647166  0.669803  0.667852  0.686406  0.661221  0.708713  0.612801  0.699858  0.677719  0.664182  0.552945  0.468651  0.785630  0.606511  0.536784  0.657419  0.716189  0.686256  0.705582  0.673718  0.614096  0.610654  0.573873  0.608890  0.590011  0.709927  0.675646  0.801499  0.620499  0.717802  0.761669  0.737132  0.619306  0.762888  0.701535  0.536428  0.558797  0.628185  0.578954  0.557216  0.654608  0.377026  0.599782  0.770116  0.751253  0.611606  0.476021  0.626743  0.612118  0.733275  0.639898  0.745013  0.582676  0.677781  0.636265  0.727084  0.704866  0.697111  0.633237  0.714343  0.651979  0.648172  0.733644  0.608846  0.590873  0.762315  0.669234  0.683529  0.787718  0.436544  0.647415  0.561921  0.603438  0.820736  0.690964  0.640868  0.589008  0.701402  0.535281  0.671503  0.620834  0.641923  0.631845  0.672452  0.684822  0.619621  0.696778  0.519577  0.650136  0.599687  0.603166  0.747534  0.447296  0.633614  0.630999  0.632279  0.831877  0.740172  0.616478 
17  0.560632  0.613712  0.554195  0.602371  0.533562  0.582856  0.603279  0.658598  0.492135  0.587098  0.522850  0.635006  0.677292  0.612331  0.651373  0.603828  0.601711 0.0  0.587863  0.536972  0.598841  0.597694  0.577367  0.417727  0.634983  0.530796  0.659350  0.578793  0.487696  0.599880  0.555787  0.623180  0.637967  0.607734  0.609035  0.631531  0.540814  0.449475  0.615681  0.518799  0.616481  0.614515  0.685100  0.652333  0.486343  0.649781  0.608004  0.525080  0.619114  0.537159  0.579132  0.630821  0.669780  0.589514  0.616043  0.674204  0.545781  0.671844  0.467197  0.676786  0.563729  0.620681  0.587202  0.608634  0.668237  0.663176  0.621163  0.494683  0.525718  0.512800  0.610268  0.667238  0.647071  0.638614  0.660870  0.603248  0.499150  0.655036  0.597236  0.593876  0.611539  0.631749  0.510093  0.561136  0.459327  0.653033  0.557177  0.588196  0.539276  0.600093  0.630237  0.666816  0.589551  0.493246  0.696237  0.561672  0.657347  0.514250  0.577556  0.611445  0.505409  0.541262  0.653826  0.603133  0.603086  0.601126  0.692798  0.574441  0.427496  0.597769  0.631933  0.564022  0.617474  0.578670  0.508274  0.661364  0.383882  0.679000  0.493269  0.490854  0.725847  0.587535  0.556334  0.565046  0.590125  0.537413  0.526799  0.505610  0.529614  0.505002  0.603996  0.576977  0.599393  0.582711  0.552889  0.525408  0.665107  0.643790  0.581854  0.514728  0.667140  0.534880  0.606596  0.564242  0.609444  0.636733 
18  0.361065  0.849978  0.792182  0.292294  0.362456  0.560023  0.333856  0.182156  0.379725  0.365102  0.415783  0.333538  0.224169  0.692848  0.370805  0.350282  0.691676  0.587863 0.0  0.488796  0.312760  0.714514  0.383529  0.581476  0.619668  0.723207  0.242476  0.271699  0.346484  0.394285  0.312412  0.395339  0.314340  0.382771  0.825555  0.373731  0.391958  0.669559  0.331910  0.696276  0.677996  0.343793  0.338477  0.351650  0.738884  0.306865  0.287571  0.287317  0.327067  0.279645  0.324054  0.326725  0.290515  0.281255  0.557952  0.329054  0.317626  0.460225  0.567515  0.311702  0.313468  0.381924  0.384462  0.744661  0.303469  0.364712  0.273086  0.791044  0.672764  0.369531  0.470519  0.347310  0.400320  0.368364  0.322195  0.256653  0.283902  0.413178  0.369006  0.875835  0.291787  0.326563  0.709046  0.302939  0.366816  0.308792  0.454913  0.230717  0.751377  0.308021  0.366289  0.379362  0.545402  0.530176  0.335527  0.537440  0.267025  0.793851  0.344689  0.319785  0.363516  0.348571  0.421427  0.326154  0.346578  0.323204  0.198284  0.731406  0.266700  0.368869  0.388954  0.361719  0.332224  0.348411  0.409715  0.322233  0.452131  0.437494  0.249310  0.705922  0.395513  0.341342  0.420220  0.730218  0.331344  0.323460  0.327905  0.554148  0.787419  0.337989  0.402419  0.429417  0.411865  0.557376  0.738931  0.428828  0.336032  0.315969  0.309522  0.576341  0.329310  0.345598  0.607745  0.304243  0.363060  0.283180 
19  0.552498  0.691153  0.591092  0.399577  0.444392  0.284791  0.364675  0.433650  0.318776  0.448062  0.472335  0.523791  0.500186  0.706013  0.466084  0.417654  0.679924  0.536972  0.488796 0.0  0.391221  0.616894  0.565956  0.459375  0.683095  0.625633  0.510911  0.350208  0.466778  0.430081  0.464804  0.530451  0.380599  0.437462  0.698987  0.471191  0.488776  0.600046  0.393018  0.665766  0.608537  0.480434  0.358427  0.470255  0.547553  0.494407  0.536648  0.473018  0.491510  0.593124  0.487694  0.578274  0.469382  0.398483  0.413874  0.428050  0.491392  0.325430  0.490356  0.553279  0.418031  0.512846  0.491440  0.746053  0.507016  0.385775  0.436683  0.666107  0.607777  0.377941  0.488651  0.380630  0.409109  0.455732  0.476558  0.401321  0.395168  0.459745  0.522858  0.625105  0.481713  0.472928  0.587984  0.395166  0.385166  0.370502  0.494925  0.504395  0.514716  0.486154  0.491738  0.520453  0.241221  0.557411  0.454061  0.195251  0.435046  0.584160  0.385669  0.554465  0.427651  0.390242  0.552952  0.532992  0.493754  0.471301  0.392489  0.785768  0.420227  0.514095  0.459394  0.331991  0.488982  0.379205  0.555278  0.400745  0.480945  0.416776  0.568929  0.665426  0.533743  0.457114  0.426853  0.600110  0.471602  0.357761  0.360365  0.420601  0.640316  0.490514  0.419170  0.459314  0.412970  0.344279  0.668664  0.432402  0.526897  0.452509  0.517248  0.533746  0.349347  0.451881  0.661989  0.354069  0.512595  0.497076 
20  0.292156  0.696149  0.674407  0.199709  0.336838  0.581519  0.193839  0.334119  0.480316  0.395172  0.339952  0.335130  0.315835  0.624177  0.491663  0.220344  0.692408  0.598841  0.312760  0.391221 0.0  0.702404  0.365660  0.508076  0.682064  0.663231  0.229328  0.354617  0.262507  0.329502  0.362702  0.292711  0.177308  0.412964  0.714615  0.218964  0.307106  0.682272  0.353917  0.601102  0.557733  0.354472  0.399176  0.289283  0.710279  0.270424  0.240099  0.257103  0.343508  0.353220  0.245815  0.388643  0.284332  0.355123  0.578745  0.309818  0.328435  0.431477  0.520062  0.454392  0.320256  0.342832  0.295262  0.749609  0.406832  0.312769  0.346346  0.564297  0.679417  0.476190  0.239012  0.399972  0.356200  0.524374  0.438275  0.287613  0.393950  0.339344  0.239550  0.688803  0.322608  0.348618  0.673382  0.160649  0.214775  0.171861  0.449679  0.264056  0.637078  0.376774  0.316694  0.323606  0.629408  0.466613  0.197299  0.526088  0.302079  0.584695  0.257993  0.446422  0.349712  0.314131  0.417683  0.375615  0.265213  0.262039  0.370799  0.690284  0.243513  0.307636  0.154472  0.290016  0.331842  0.312211  0.388384  0.299255  0.541601  0.465871  0.236612  0.656524  0.393038  0.203356  0.309878  0.541161  0.304877  0.200840  0.217820  0.494354  0.688032  0.168773  0.308986  0.151796  0.405718  0.430507  0.726295  0.286973  0.349574  0.309376  0.311864  0.632642  0.213335  0.301910  0.545628  0.335682  0.453155  0.179521 
21  0.770210  0.430654  0.460020  0.676465  0.742286  0.589789  0.653077  0.697352  0.742254  0.749392  0.653876  0.748263  0.706255  0.607001  0.722463  0.578508  0.614115  0.597694  0.714514  0.616894  0.702404 0.0  0.809989  0.462960  0.625039  0.640815  0.629856  0.697189  0.748745  0.652485  0.668196  0.816287  0.686580  0.730789  0.239877  0.652573  0.644090  0.646544  0.825516  0.485943  0.742721  0.724667  0.770320  0.736701  0.650995  0.738323  0.596930  0.797704  0.671651  0.779098  0.729658  0.717967  0.739883  0.737891  0.630391  0.758559  0.792702  0.591530  0.386458  0.742812  0.711757  0.743692  0.709801  0.585518  0.708548  0.809681  0.700990  0.226328  0.627236  0.539213  0.666650  0.757107  0.802483  0.629591  0.817353  0.667889  0.660415  0.870323  0.625803  0.374819  0.742812  0.614335  0.662295  0.577944  0.698272  0.683781  0.555340  0.718362  0.523525  0.738679  0.767593  0.741336  0.674395  0.453442  0.702995  0.668720  0.717921  0.419650  0.797230  0.699374  0.589033  0.660083  0.764989  0.790030  0.705995  0.686614  0.791013  0.611932  0.588399  0.673054  0.708581  0.688742  0.739194  0.508228  0.710067  0.729579  0.398985  0.713500  0.751481  0.227824  0.805206  0.788169  0.686842  0.398500  0.704054  0.642503  0.721824  0.650796  0.695050  0.722814  0.646478  0.759282  0.542517  0.703457  0.779640  0.621294  0.893401  0.746469  0.703784  0.503879  0.766215  0.742946  0.489894  0.813618  0.827440  0.671407 
22  0.432727  0.707493  0.723589  0.428866  0.381810  0.625509  0.390187  0.225779  0.500146  0.224931  0.377695  0.241950  0.280630  0.767749  0.451125  0.287091  0.591583  0.577367  0.383529  0.565956  0.365660  0.809989 0.0  0.460682  0.720641  0.753544  0.272704  0.290582  0.259481  0.383144  0.241953  0.450395  0.421860  0.308911  0.714506  0.398949  0.169284  0.601744  0.416673  0.693122  0.646960  0.434695  0.458350  0.409153  0.710386  0.327861  0.251678  0.343553  0.202921  0.285752  0.414423  0.317814  0.392177  0.221510  0.527698  0.194956  0.275044  0.487186  0.417315  0.207091  0.264145  0.305474  0.254758  0.652957  0.228018  0.467299  0.351391  0.697081  0.772282  0.295026  0.366824  0.447626  0.301128  0.549227  0.331412  0.409869  0.448211  0.399709  0.153272  0.702630  0.235612  0.375784  0.695044  0.301718  0.331944  0.425371  0.424828  0.235483  0.590824  0.186907  0.265687  0.291737  0.596239  0.486276  0.350319  0.596947  0.158935  0.689554  0.371859  0.259958  0.321434  0.295744  0.277995  0.267587  0.314584  0.291828  0.275286  0.702670  0.374083  0.410819  0.297875  0.386374  0.503936  0.328243  0.350376  0.403509  0.471003  0.604604  0.377964  0.718295  0.236125  0.413316  0.412612  0.572052  0.370023  0.337878  0.220459  0.516906  0.709754  0.284322  0.282495  0.367112  0.469795  0.413872  0.648372  0.467963  0.251212  0.290157  0.276559  0.631792  0.235893  0.392154  0.689154  0.265789  0.227287  0.371924 
23  0.562094  0.344807  0.472847  0.610414  0.516640  0.676174  0.581222  0.515143  0.539178  0.529073  0.504907  0.373488  0.509052  0.623063  0.532937  0.509766  0.507973  0.417727  0.581476  0.459375  0.508076  0.462960  0.460682 0.0  0.568948  0.548532  0.498845  0.507467  0.407753  0.522925  0.397952  0.625216  0.472815  0.390171  0.493382  0.464359  0.384795  0.431094  0.572581  0.452774  0.373508  0.454038  0.592630  0.478783  0.405735  0.492169  0.361827  0.513711  0.430448  0.437876  0.478461  0.463283  0.576559  0.440077  0.539824  0.516467  0.435316  0.521795  0.523637  0.528241  0.494641  0.474425  0.426998  0.539027  0.512156  0.578434  0.447653  0.300217  0.572567  0.456446  0.442096  0.576189  0.554069  0.599164  0.515468  0.520893  0.562793  0.597284  0.409362  0.441319  0.516118  0.564416  0.424726  0.432150  0.466080  0.432908  0.541551  0.493818  0.549092  0.525523  0.420496  0.493916  0.508756  0.490935  0.467503  0.557731  0.539792  0.424201  0.472459  0.538010  0.435536  0.535383  0.516400  0.500686  0.401350  0.397738  0.422250  0.685632  0.558644  0.508975  0.414158  0.417788  0.536571  0.498935  0.478383  0.550373  0.485073  0.563635  0.511480  0.459441  0.407019  0.409986  0.476833  0.491185  0.490423  0.486462  0.376722  0.511801  0.467115  0.284138  0.459071  0.372713  0.579050  0.422252  0.527434  0.436317  0.482196  0.498164  0.584652  0.513963  0.508411  0.548699  0.463183  0.479479  0.502249  0.370447 
24  0.689027  0.712354  0.684081  0.605162  0.734720  0.676144  0.543850  0.696498  0.618677  0.626709  0.728925  0.712179  0.747919  0.796031  0.617869  0.741615  0.628096  0.634983  0.619668  0.683095  0.682064  0.625039  0.720641  0.568948 0.0  0.259006  0.694964  0.691304  0.654864  0.674211  0.723580  0.729598  0.742554  0.790817  0.751052  0.779038  0.762576  0.425033  0.692923  0.641214  0.519839  0.632497  0.645621  0.549467  0.715793  0.684575  0.721843  0.762818  0.678742  0.746647  0.591041  0.699216  0.663641  0.727454  0.712273  0.614668  0.738489  0.536270  0.395943  0.662053  0.603158  0.623348  0.832957  0.672022  0.643728  0.617539  0.583979  0.690196  0.714844  0.638711  0.692332  0.697259  0.692174  0.671132  0.855034  0.734467  0.698961  0.617472  0.727248  0.722106  0.813795  0.624500  0.666423  0.826518  0.723419  0.713231  0.616720  0.801805  0.560488  0.711601  0.791802  0.790887  0.613032  0.564924  0.607876  0.646102  0.731352  0.628320  0.759009  0.640590  0.538221  0.688571  0.874033  0.738407  0.722291  0.704442  0.810047  0.672570  0.646172  0.701251  0.795801  0.735147  0.689486  0.629209  0.692369  0.575438  0.434154  0.637022  0.694452  0.768782  0.775771  0.678211  0.769239  0.649457  0.753330  0.792183  0.767928  0.793676  0.750559  0.761412  0.690131  0.796526  0.590328  0.540978  0.755371  0.755503  0.830975  0.731766  0.817441  0.401097  0.713920  0.690175  0.645317  0.783960  0.766854  0.800411 
25  0.738851  0.661542  0.595728  0.740992  0.723999  0.753474  0.617659  0.748517  0.731790  0.694553  0.635382  0.732083  0.743323  0.707488  0.702323  0.659994  0.570930  0.530796  0.723207  0.625633  0.663231  0.640815  0.753544  0.548532  0.259006 0.0  0.714935  0.750788  0.750021  0.797002  0.651125  0.654013  0.811018  0.788073  0.710321  0.759216  0.723621  0.456723  0.708214  0.596841  0.534081  0.764763  0.737103  0.709866  0.711662  0.773312  0.615583  0.792180  0.699948  0.718321  0.624694  0.795029  0.711579  0.655827  0.745624  0.729416  0.712819  0.663226  0.337552  0.741708  0.726393  0.672844  0.633362  0.718091  0.718701  0.817726  0.780080  0.614514  0.612115  0.611933  0.631869  0.706508  0.665126  0.713002  0.813784  0.720486  0.669605  0.752523  0.693072  0.703261  0.740969  0.720755  0.672417  0.757784  0.693685  0.759493  0.475263  0.791988  0.448620  0.755326  0.778733  0.764276  0.663329  0.509250  0.690829  0.731438  0.652264  0.769451  0.756629  0.740643  0.723769  0.626963  0.815475  0.679927  0.784496  0.645671  0.732270  0.633155  0.759124  0.787738  0.664253  0.669803  0.771307  0.621480  0.667869  0.686532  0.515027  0.647007  0.672654  0.721139  0.784392  0.713320  0.721401  0.679568  0.692739  0.636011  0.678520  0.646766  0.645630  0.640697  0.715529  0.697145  0.612309  0.567349  0.644930  0.774415  0.765730  0.674306  0.763761  0.354874  0.684822  0.779292  0.501831  0.742559  0.787863  0.633623 
26  0.422165  0.844842  0.766758  0.400355  0.509165  0.550030  0.455475  0.108159  0.468524  0.215388  0.496170  0.307422  0.326927  0.602172  0.403238  0.430962  0.674893  0.659350  0.242476  0.510911  0.229328  0.629856  0.272704  0.498845  0.694964  0.714935 0.0  0.302065  0.309052  0.437728  0.253067  0.470656  0.324029  0.366033  0.843133  0.428363  0.230010  0.675048  0.353624  0.764344  0.723439  0.432105  0.377567  0.327802  0.795814  0.362118  0.438025  0.430795  0.352758  0.258922  0.419381  0.306626  0.416930  0.230612  0.486750  0.106980  0.289355  0.376042  0.607062  0.226038  0.267050  0.307446  0.278470  0.720892  0.231127  0.443512  0.334565  0.682069  0.756177  0.452596  0.346433  0.456357  0.385076  0.427003  0.336083  0.444088  0.440544  0.419337  0.301660  0.767873  0.143123  0.302843  0.674630  0.414107  0.358213  0.337117  0.481588  0.241856  0.734048  0.215711  0.311199  0.310100  0.541869  0.522926  0.421154  0.567933  0.187589  0.777187  0.344142  0.194321  0.350531  0.232028  0.419983  0.220351  0.365638  0.134155  0.188845  0.806959  0.248257  0.420098  0.366824  0.358631  0.462792  0.416769  0.455837  0.388962  0.467366  0.402227  0.398635  0.812294  0.328238  0.433016  0.431226  0.654893  0.328896  0.378613  0.340976  0.513931  0.766552  0.384774  0.266110  0.360113  0.420912  0.486284  0.762717  0.297397  0.234198  0.417349  0.311086  0.657231  0.227339  0.417907  0.711799  0.293186  0.336051  0.232039 
