146
0 0.0  0.808547  0.852471  0.234277  0.295250  0.574104  0.230674  0.337276  0.429795  0.344595  0.253049  0.395385  0.323193  0.717762  0.410895  0.308555  0.704642  0.619045  0.306778  0.389934  0.269429  0.756943  0.360228  0.550362  0.671604  0.673426  0.362591  0.377820  0.395583  0.354656  0.365077  0.305008  0.295485  0.469821  0.744183  0.283347  0.391834  0.708225  0.289811  0.748382  0.726087  0.376385  0.208304  0.222162  0.784844  0.290837  0.362994  0.234219  0.401944  0.402622  0.269892  0.358833  0.190634  0.285566  0.445802  0.366509  0.357687  0.327042  0.450360  0.354299  0.310443  0.351374  0.414680  0.665730  0.394708  0.248817  0.264643  0.680372  0.640182  0.327368  0.256269  0.286843  0.387889  0.414860  0.453470  0.224655  0.298973  0.290271  0.353308  0.665430  0.331526  0.341060  0.662235  0.287755  0.277901  0.309064  0.430028  0.434788  0.610056  0.392617  0.472881  0.321715  0.507256  0.454316  0.196984  0.552581  0.290300  0.823309  0.332434  0.329222  0.373995  0.348546  0.493203  0.409414  0.347254  0.320095  0.326238  0.794902  0.225940  0.323567  0.374436  0.335224  0.342330  0.255507  0.419695  0.285513  0.578225  0.404589  0.310230  0.637048  0.424903  0.269265  0.253936  0.654676  0.218765  0.321095  0.283758  0.547070  0.647697  0.375969  0.380400  0.277953  0.456676  0.488850  0.808063  0.256071  0.359610  0.354440  0.354253  0.702029  0.353997  0.328110  0.627166  0.397343  0.410853  0.295751 
1  0.808547 0.0  0.266437  0.737069  0.578347  0.729550  0.706140  0.929732  0.839528  0.769902  0.936688  0.770476  0.726009  0.621844  0.774639  0.688410  0.654998  0.579154  0.733626  0.770914  0.630544  0.464550  0.755092  0.397689  0.689214  0.682160  0.725764  0.884597  0.548497  0.716447  0.735621  0.887941  0.778816  0.795764  0.482232  0.866883  0.715285  0.623093  0.815281  0.306134  0.709374  0.948375  0.811918  0.809613  0.643631  0.835865  0.817322  0.893349  0.758313  0.704822  0.623551  0.843952  0.885461  0.786817  0.766350  0.861352  0.795574  0.656588  0.523213  0.744711  0.878648  0.810261  0.886303  0.860163  0.869655  0.851662  0.764676  0.444403  0.721992  0.500686  0.779727  0.724912  0.610368  0.720237  0.862653  0.816450  0.813908  0.795042  0.659386  0.455393  0.887971  0.934737  0.684765  0.674958  0.815254  0.727496  0.551168  0.716931  0.579194  0.840640  0.760101  0.794107  0.717542  0.484451  0.699494  0.670568  0.924526  0.379798  0.721531  0.690036  0.639997  0.783288  0.860278  0.712524  0.723072  0.858577  0.857907  0.861835  0.671629  0.610185  0.744032  0.808484  0.851795  0.768116  0.591502  0.716769  0.491822  0.844766  0.753099  0.436556  0.863038  0.715672  0.690058  0.423490  0.767813  0.645120  0.681080  0.872283  0.678149  0.690620  0.698371  0.765723  0.723572  0.602917  0.561198  0.734393  0.798416  0.755799  0.812968  0.625099  0.653027  0.765883  0.669667  0.814989  0.771351  0.637252 
2  0.852471  0.266437 0.0  0.845811  0.656782  0.751867  0.784195  0.723333  0.694311  0.857774  0.634779  0.724606  0.766776  0.604375  0.758226  0.597600  0.621944  0.534770  0.712231  0.650272  0.719858  0.534844  0.667736  0.475234  0.781718  0.755136  0.633645  0.783489  0.816582  0.695442  0.768279  0.751965  0.677378  0.727257  0.545122  0.721262  0.686382  0.589590  0.877619  0.307979  0.630929  0.692668  0.830657  0.769448  0.569125  0.915018  0.778954  0.753093  0.779751  0.746845  0.792709  0.738607  0.857038  0.853202  0.723865  0.848074  0.806087  0.552195  0.443632  0.872341  0.718836  0.910503  0.855663  0.621890  0.726348  0.732063  0.775663  0.406692  0.755915  0.563124  0.773225  0.732463  0.786342  0.774940  0.784115  0.727784  0.848890  0.836832  0.716224  0.490228  0.735414  0.820398  0.679195  0.552424  0.663837  0.622985  0.618418  0.702533  0.597786  0.818186  0.834975  0.976459  0.706658  0.455507  0.829328  0.718483  0.722288  0.371496  0.745894  0.796998  0.701096  0.734238  0.760078  0.681879  0.780067  0.742933  0.778254  0.729337  0.754623  0.694580  0.656593  0.739169  0.761315  0.675780  0.683572  0.767204  0.505000  0.720081  0.831034  0.406304  0.758142  0.699071  0.646528  0.373915  0.947172  0.668626  0.693666  0.723229  0.594684  0.744763  0.714388  0.799296  0.604424  0.622734  0.841145  0.599564  0.745595  0.768097  0.751087  0.548183  0.854471  0.689173  0.576598  0.727028  0.681624  0.653310 
3  0.234277  0.737069  0.845811 0.0  0.272882  0.482755  0.204648  0.250270  0.365287  0.346890  0.269776  0.334279  0.326300  0.685552  0.329584  0.289652  0.640757  0.617353  0.225890  0.415499  0.248975  0.715184  0.359470  0.578146  0.726292  0.739176  0.379306  0.360819  0.382928  0.316079  0.359313  0.300825  0.289615  0.441508  0.711968  0.269736  0.398216  0.736783  0.353609  0.643023  0.713348  0.293566  0.203676  0.170289  0.654357  0.302451  0.335729  0.197797  0.338360  0.430696  0.203667  0.360264  0.166983  0.322147  0.437087  0.323122  0.368503  0.320404  0.509126  0.384879  0.229743  0.329603  0.395807  0.740466  0.369042  0.164450  0.186242  0.694205  0.715175  0.355323  0.244794  0.327900  0.305805  0.417118  0.402758  0.214154  0.372539  0.307280  0.292177  0.818721  0.336412  0.359201  0.793808  0.235229  0.263955  0.288115  0.415121  0.382415  0.715067  0.364160  0.447168  0.400296  0.472854  0.497983  0.188810  0.531681  0.370962  0.870420  0.311911  0.297745  0.352441  0.373221  0.501922  0.367646  0.278580  0.340911  0.363016  0.679329  0.169594  0.338520  0.324182  0.290501  0.354636  0.239385  0.381409  0.310581  0.600536  0.334986  0.328580  0.896052  0.432967  0.273194  0.302425  0.687119  0.255327  0.235228  0.306712  0.526732  0.757825  0.351292  0.394933  0.259909  0.432638  0.451715  0.721701  0.225934  0.391081  0.357901  0.399722  0.669613  0.303826  0.342431  0.691388  0.297611  0.348168  0.290811 
4  0.295250  0.578347  0.656782  0.272882 0.0  0.464331  0.332688  0.362817  0.469397  0.299294  0.227186  0.313312  0.322997  0.754505  0.372948  0.244054  0.709874  0.546375  0.311695  0.395583  0.246665  0.670959  0.390364  0.432615  0.758070  0.675572  0.363922  0.311118  0.401505  0.246834  0.340488  0.245281  0.337576  0.389174  0.651433  0.265813  0.353556  0.634836  0.219951  0.721695  0.704389  0.400215  0.234481  0.250570  0.742245  0.360636  0.331695  0.290163  0.338212  0.387457  0.238435  0.333118  0.280018  0.331442  0.486988  0.375808  0.336789  0.466046  0.529914  0.432933  0.378357  0.330112  0.411294  0.768505  0.415033  0.276561  0.323264  0.660911  0.729199  0.453639  0.282270  0.258714  0.337023  0.387249  0.432971  0.271052  0.273092  0.225536  0.258664  0.827070  0.340838  0.393232  0.700365  0.290468  0.270360  0.294549  0.390882  0.350955  0.602689  0.380609  0.417687  0.341828  0.504567  0.456860  0.262111  0.431474  0.354007  0.762256  0.379208  0.423304  0.352614  0.364131  0.491351  0.432749  0.293117  0.341219  0.388667  0.719834  0.277642  0.311937  0.291705  0.219726  0.219847  0.255640  0.378325  0.209769  0.464106  0.350827  0.321079  0.791460  0.445224  0.256408  0.212463  0.724901  0.268167  0.377673  0.286064  0.486339  0.694376  0.283235  0.308060  0.312668  0.422018  0.451393  0.796954  0.264178  0.440006  0.360790  0.325749  0.619201  0.379480  0.249879  0.663159  0.367426  0.435859  0.295972 
5  0.574104  0.729550  0.751867  0.482755  0.464331 0.0  0.505677  0.551432  0.459203  0.667539  0.583116  0.680570  0.503610  0.739736  0.481555  0.464187  0.666408  0.627796  0.525545  0.295267  0.553953  0.708665  0.639664  0.594982  0.620513  0.625714  0.589659  0.641876  0.670260  0.592598  0.472904  0.654984  0.634505  0.711462  0.771849  0.557812  0.640712  0.748053  0.544004  0.696511  0.645245  0.450458  0.438309  0.496837  0.711720  0.497703  0.745959  0.478677  0.662643  0.670077  0.621378  0.496080  0.528970  0.592413  0.426056  0.656847  0.605102  0.363874  0.542125  0.705884  0.526129  0.516810  0.606227  0.835219  0.685872  0.565711  0.553785  0.804745  0.669678  0.345273  0.524502  0.535031  0.523325  0.434876  0.585163  0.535075  0.592451  0.579946  0.536286  0.649223  0.554308  0.581725  0.613988  0.561145  0.592235  0.508555  0.384513  0.558236  0.659898  0.699445  0.618380  0.530103  0.182667  0.492327  0.483402  0.228962  0.645267  0.776647  0.593614  0.516117  0.614075  0.645491  0.765076  0.493051  0.660922  0.596962  0.556770  0.812297  0.483393  0.657278  0.631792  0.668751  0.619325  0.558567  0.556470  0.570555  0.475009  0.468875  0.699391  0.793799  0.569526  0.487935  0.542738  0.710310  0.526220  0.527857  0.648145  0.448786  0.766217  0.546587  0.577788  0.560314  0.416991  0.405445  0.602060  0.468864  0.689090  0.597565  0.631248  0.585063  0.650374  0.662871  0.586767  0.557475  0.649076  0.540982 
6  0.230674  0.706140  0.784195  0.204648  0.332688  0.505677 0.0  0.374477  0.432929  0.347376  0.273449  0.330024  0.311207  0.693083  0.410116  0.323703  0.703004  0.615386  0.297281  0.464952  0.248169  0.651960  0.356277  0.520522  0.645747  0.732876  0.309706  0.364141  0.360223  0.310065  0.332169  0.259516  0.292553  0.441011  0.735444  0.307562  0.342848  0.725447  0.317329  0.736360  0.685064  0.332571  0.244211  0.213555  0.692194  0.365748  0.327221  0.222243  0.343911  0.381167  0.230955  0.296866  0.243728  0.286170  0.498041  0.350560  0.324157  0.380370  0.526404  0.345886  0.326254  0.302416  0.312362  0.728308  0.422908  0.203334  0.214749  0.749628  0.722618  0.393666  0.267372  0.315268  0.327585  0.330887  0.465610  0.224149  0.298447  0.283936  0.290844  0.729104  0.368328  0.387782  0.735510  0.259927  0.265767  0.305235  0.355751  0.321160  0.743799  0.409574  0.394687  0.407857  0.546076  0.498769  0.233815  0.569027  0.353452  0.783367  0.328515  0.373639  0.317577  0.360348  0.478934  0.354807  0.317259  0.365237  0.365998  0.685832  0.216415  0.353990  0.287174  0.289687  0.249589  0.299267  0.393374  0.275985  0.527283  0.392576  0.300239  0.676354  0.405522  0.225758  0.320503  0.633194  0.251666  0.292035  0.274140  0.473457  0.818922  0.292239  0.364881  0.273418  0.417630  0.432235  0.700136  0.261887  0.428298  0.346981  0.373322  0.668542  0.357793  0.338976  0.654530  0.314868  0.380897  0.302723 
7  0.337276  0.929732  0.723333  0.250270  0.362817  0.551432  0.374477 0.0  0.505928  0.256103  0.373519  0.285289  0.278377  0.785706  0.387462  0.333809  0.709157  0.543790  0.247009  0.535971  0.300276  0.677476  0.204932  0.509391  0.663726  0.653652  0.150402  0.256929  0.198592  0.361331  0.297788  0.380859  0.266320  0.348488  0.785746  0.277116  0.216557  0.732988  0.374706  0.824210  0.700092  0.360699  0.413085  0.401962  0.827931  0.371735  0.333440  0.376178  0.266597  0.238626  0.345697  0.302784  0.302946  0.198331  0.504007  0.184977  0.235552  0.409517  0.463379  0.174707  0.285001  0.246643  0.195647  0.883233  0.244391  0.315506  0.374719  0.807127  0.750251  0.398871  0.407014  0.389374  0.273844  0.425815  0.371493  0.319373  0.350389  0.357504  0.274798  0.757516  0.142501  0.278216  0.626842  0.364206  0.356313  0.372582  0.423310  0.217552  0.654157  0.257314  0.246871  0.272944  0.590369  0.487040  0.334041  0.489819  0.170159  0.714892  0.251512  0.168461  0.275637  0.142903  0.383816  0.209545  0.339083  0.204161  0.188443  0.795057  0.349561  0.358300  0.308539  0.413291  0.431912  0.320264  0.333451  0.336445  0.516018  0.434772  0.382514  0.793454  0.299461  0.391075  0.411184  0.717498  0.360874  0.241341  0.294751  0.478523  0.782360  0.383562  0.227924  0.337127  0.469964  0.414771  0.782692  0.350636  0.250844  0.297013  0.273212  0.643672  0.154267  0.446941  0.651521  0.278776  0.288041  0.299880 
8  0.429795  0.839528  0.694311  0.365287  0.469397  0.459203  0.432929  0.505928 0.0  0.449805  0.397476  0.422840  0.402965  0.722719  0.167463  0.475543  0.653483  0.617351  0.375911  0.390034  0.474021  0.686296  0.542386  0.539322  0.710446  0.634441  0.487533  0.419355  0.484830  0.344184  0.454952  0.477180  0.499055  0.532977  0.649388  0.437361  0.466145  0.668212  0.450326  0.676838  0.785030  0.216972  0.302492  0.370167  0.761405  0.360487  0.550246  0.327708  0.364527  0.471611  0.390346  0.517354  0.397938  0.412738  0.437957  0.417798  0.476231  0.355844  0.565240  0.452988  0.304449  0.417114  0.412463  0.795101  0.440790  0.369201  0.353807  0.605550  0.607109  0.394068  0.484443  0.412529  0.399522  0.194350  0.534185  0.420021  0.450370  0.399411  0.439788  0.633878  0.462897  0.459687  0.722967  0.425119  0.414389  0.465923  0.434121  0.371279  0.694520  0.480856  0.571581  0.480698  0.414565  0.459171  0.342799  0.442042  0.439800  0.717473  0.513109  0.491687  0.397126  0.462706  0.576425  0.360870  0.453081  0.441616  0.478437  0.782742  0.348668  0.421101  0.469740  0.422557  0.399812  0.395619  0.415200  0.451368  0.482308  0.279206  0.430414  0.600629  0.505499  0.368590  0.439440  0.628722  0.343399  0.478904  0.452127  0.535710  0.595590  0.465989  0.449397  0.420918  0.456456  0.397759  0.675812  0.461598  0.422539  0.509713  0.401497  0.697364  0.443553  0.457472  0.717215  0.406491  0.489995  0.395590 
9  0.344595  0.769902  0.857774  0.346890  0.299294  0.667539  0.347376  0.256103  0.449805 0.0  0.369155  0.195134  0.294990  0.821991  0.525647  0.306903  0.639292  0.616780  0.365840  0.474576  0.341089  0.736958  0.224850  0.501041  0.812473  0.785805  0.263282  0.235063  0.234723  0.351699  0.215105  0.314506  0.358418  0.343708  0.730996  0.332957  0.271699  0.638121  0.368587  0.904561  0.551708  0.329384  0.382552  0.319199  0.835072  0.331448  0.305496  0.357570  0.232488  0.274302  0.347082  0.244154  0.339156  0.220653  0.578035  0.235972  0.243282  0.455272  0.576808  0.285039  0.320398  0.362318  0.241349  0.721013  0.321484  0.343938  0.302637  0.645116  0.747786  0.398122  0.325932  0.333303  0.276735  0.478689  0.328802  0.354818  0.350438  0.408473  0.242946  0.764942  0.271078  0.267715  0.734713  0.320733  0.336338  0.288166  0.401588  0.227804  0.643221  0.312968  0.254511  0.254827  0.552339  0.562165  0.294063  0.549602  0.251924  0.624021  0.314040  0.208604  0.277701  0.225663  0.388110  0.258930  0.323407  0.221069  0.278084  0.741392  0.323012  0.346896  0.327285  0.269736  0.339224  0.340360  0.290693  0.324370  0.485392  0.444718  0.302236  0.555113  0.287630  0.321725  0.316253  0.668916  0.362793  0.326670  0.293008  0.503318  0.769507  0.293691  0.253378  0.372865  0.484118  0.429653  0.800387  0.309748  0.263553  0.299841  0.247886  0.652043  0.268631  0.305416  0.696154  0.328495  0.269764  0.279577 
10  0.253049  0.936688  0.634779  0.269776  0.227186  0.583116  0.273449  0.373519  0.397476  0.369155 0.0  0.295346  0.343797  0.591176  0.386249  0.330683  0.752008  0.597064  0.328961  0.508518  0.286164  0.686043  0.352199  0.531101  0.673075  0.721067  0.373849  0.342482  0.464634  0.278369  0.339744  0.322325  0.274887  0.451652  0.720547  0.317259  0.364924  0.723658  0.273476  0.735049  0.548205  0.364036  0.216280  0.279657  0.633607  0.306859  0.336320  0.251816  0.382632  0.364196  0.247355  0.349315  0.225751  0.351658  0.452663  0.359062  0.371464  0.431286  0.501011  0.385735  0.333864  0.335178  0.417514  0.570531  0.458070  0.240452  0.279118  0.725410  0.744261  0.396364  0.285264  0.300867  0.396988  0.491867  0.414215  0.210869  0.278747  0.297819  0.311240  0.776974  0.289341  0.382124  0.715633  0.295977  0.275128  0.355843  0.373275  0.361220  0.677917  0.443245  0.423750  0.367190  0.646933  0.538630  0.245751  0.608401  0.344811  0.681203  0.392870  0.326929  0.319595  0.350908  0.516793  0.391725  0.307979  0.384236  0.405177  0.832121  0.243864  0.324030  0.323298  0.286125  0.254047  0.248735  0.388584  0.331003  0.478825  0.383754  0.353612  0.715419  0.438064  0.271381  0.279422  0.641856  0.259817  0.303895  0.290628  0.559313  0.814746  0.299975  0.343659  0.333016  0.425684  0.609869  0.720293  0.247165  0.421311  0.362623  0.361567  0.680693  0.419004  0.326452  0.685725  0.394553  0.380765  0.329133 
11  0.395385  0.770476  0.724606  0.334279  0.313312  0.680570  0.330024  0.285289  0.422840  0.195134  0.295346 0.0  0.268753  0.691075  0.467883  0.313472  0.732570  0.557918  0.348377  0.462824  0.281723  0.843436  0.219122  0.451950  0.741992  0.628542  0.272786  0.250427  0.207466  0.294681  0.177247  0.345805  0.264748  0.262609  0.860452  0.263634  0.213470  0.593895  0.388073  0.799058  0.661625  0.443653  0.378930  0.332030  0.684582  0.332954  0.272904  0.397476  0.207007  0.278154  0.325345  0.177157  0.374050  0.265677  0.551667  0.276748  0.173430  0.404639  0.548104  0.311183  0.344999  0.244721  0.239226  0.759399  0.318866  0.364319  0.330083  0.751468  0.743274  0.367039  0.362811  0.376022  0.263285  0.433372  0.286504  0.355142  0.364003  0.347433  0.179784  0.648855  0.354305  0.338117  0.652127  0.252403  0.294093  0.283470  0.384410  0.231392  0.576388  0.240000  0.241157  0.261785  0.528352  0.499917  0.345522  0.598786  0.299865  0.870740  0.283493  0.307012  0.285577  0.263132  0.346570  0.308795  0.288100  0.290224  0.277392  0.647880  0.310077  0.274589  0.245202  0.353247  0.349767  0.311504  0.263570  0.312103  0.446726  0.425988  0.291077  0.657953  0.299781  0.335284  0.313728  0.587571  0.345148  0.335974  0.245772  0.494722  0.693331  0.299599  0.227358  0.314292  0.433972  0.375206  0.753465  0.389946  0.273376  0.296879  0.271324  0.576625  0.287238  0.347429  0.661299  0.242123  0.258102  0.220693 
12  0.323193  0.726009  0.766776  0.326300  0.322997  0.503610  0.311207  0.278377  0.402965  0.294990  0.343797  0.268753 0.0  0.632743  0.426086  0.238624  0.687053  0.615581  0.247079  0.489237  0.293356  0.766200  0.314509  0.512697  0.719703  0.792647  0.304782  0.306607  0.314312  0.369251  0.300733  0.288648  0.273125  0.341401  0.669597  0.292648  0.286746  0.715649  0.324260  0.720836  0.709616  0.378717  0.325263  0.340387  0.866150  0.294622  0.280869  0.349044  0.322769  0.306692  0.336228  0.291104  0.341353  0.306297  0.581830  0.279958  0.271272  0.418735  0.487372  0.282224  0.322837  0.326480  0.278790  0.718641  0.251203  0.296948  0.391379  0.753120  0.761830  0.381749  0.292665  0.334380  0.319647  0.406349  0.346828  0.317037  0.316046  0.332389  0.293732  0.671439  0.322470  0.337179  0.803968  0.267747  0.297904  0.295461  0.373728  0.291445  0.617768  0.283274  0.326144  0.295833  0.498746  0.583798  0.314152  0.554758  0.246512  0.646985  0.321475  0.304317  0.345149  0.311617  0.351592  0.303950  0.281588  0.303871  0.295932  0.656215  0.269860  0.360881  0.307138  0.328748  0.359582  0.357250  0.356290  0.315642  0.519883  0.531413  0.327062  0.671742  0.365580  0.305375  0.326070  0.707563  0.343151  0.318491  0.318974  0.523317  0.630298  0.328302  0.295036  0.322755  0.482959  0.451949  0.664897  0.352488  0.240697  0.368060  0.299673  0.591120  0.271950  0.342773  0.661084  0.344546  0.342997  0.309070 
13  0.717762  0.621844  0.604375  0.685552  0.754505  0.739736  0.693083  0.785706  0.722719  0.821991  0.591176  0.691075  0.632743 0.0  0.607771  0.695310  0.693195  0.564340  0.655571  0.736743  0.684993  0.586520  0.681039  0.575236  0.594317  0.657843  0.756252  0.813744  0.837542  0.609502  0.799846  0.655546  0.778106  0.865741  0.634224  0.733260  0.869440  0.581751  0.676351  0.676739  0.694015  0.615371  0.712522  0.789368  0.287699  0.685882  0.623264  0.728300  0.668585  0.675935  0.731404  0.646758  0.748602  0.845294  0.642747  0.763440  0.697380  0.644152  0.550128  0.849548  0.802357  0.802724  0.764187  0.699977  0.800998  0.821266  0.815382  0.650736  0.733613  0.575298  0.709764  0.698597  0.728198  0.756398  0.903992  0.803789  0.730952  0.688633  0.690813  0.553763  0.824946  0.840396  0.700280  0.752358  0.738213  0.688561  0.618431  0.723065  0.574201  0.810839  0.839075  0.801370  0.760338  0.526839  0.691298  0.718249  0.866594  0.664127  0.704502  0.700949  0.747062  0.802085  0.775326  0.592846  0.820413  0.691546  0.706544  0.658888  0.683337  0.752018  0.772081  0.814358  0.685138  0.736032  0.645756  0.707154  0.553863  0.789482  0.607137  0.598096  0.734894  0.679239  0.739298  0.644211  0.666986  0.636144  0.781019  0.746956  0.515334  0.726460  0.790866  0.641732  0.708589  0.689815  0.640438  0.662016  0.686152  0.620085  0.769177  0.591284  0.760967  0.739175  0.573947  0.802314  0.746308  0.688245 
14  0.410895  0.774639  0.758226  0.329584  0.372948  0.481555  0.410116  0.387462  0.167463  0.525647  0.386249  0.467883  0.426086  0.607771 0.0  0.459447  0.599178  0.604851  0.329363  0.426839  0.389428  0.602610  0.354054  0.563770  0.677013  0.705991  0.424673  0.362590  0.472014  0.409343  0.467183  0.398424  0.412938  0.569749  0.803739  0.428963  0.423602  0.720349  0.495607  0.624212  0.686420  0.199407  0.354503  0.406384  0.628754  0.385443  0.387828  0.298574  0.404210  0.445326  0.356949  0.453092  0.358371  0.469965  0.443718  0.423748  0.468220  0.321938  0.486929  0.419309  0.302951  0.418550  0.443039  0.839472  0.556124  0.356248  0.432644  0.763035  0.698077  0.399069  0.424881  0.419970  0.421509  0.223592  0.463331  0.330166  0.427614  0.434634  0.424771  0.780834  0.478061  0.418038  0.716160  0.475282  0.434212  0.449159  0.434947  0.448076  0.634590  0.415639  0.501323  0.519913  0.421582  0.477519  0.319591  0.436082  0.494686  0.714262  0.439053  0.418031  0.443136  0.430326  0.515972  0.547938  0.354599  0.420208  0.446541  0.760555  0.378066  0.407796  0.369396  0.484952  0.467039  0.417312  0.407753  0.387273  0.505087  0.248953  0.449196  0.732808  0.592580  0.345274  0.445970  0.610308  0.344333  0.410841  0.432419  0.451417  0.711681  0.420619  0.394179  0.385458  0.389913  0.409086  0.626734  0.382886  0.491488  0.387575  0.441003  0.627923  0.446107  0.446204  0.665049  0.372775  0.493619  0.354215 
15  0.308555  0.688410  0.597600  0.289652  0.244054  0.464187  0.323703  0.333809  0.475543  0.306903  0.330683  0.313472  0.238624  0.695310  0.459447 0.0  0.642535  0.578776  0.306276  0.522711  0.186254  0.777069  0.339745  0.488570  0.840622  0.483320  0.400647  0.294993  0.351567  0.283246  0.322203  0.256609  0.240178  0.353780  0.846364  0.204555  0.313207  0.703998  0.290079  0.668944  0.654089  0.432898  0.276543  0.311212  0.727629  0.368215  0.169202  0.321953  0.324696  0.369721  0.317713  0.285938  0.284834  0.314791  0.419416  0.378789  0.328069  0.414665  0.480850  0.373273  0.363302  0.325525  0.327501  0.722220  0.316072  0.297078  0.393138  0.667225  0.758306  0.394601  0.345599  0.302787  0.344574  0.404547  0.468824  0.292362  0.302143  0.346392  0.214174  0.630256  0.318329  0.417660  0.836299  0.203648  0.187348  0.179191  0.391811  0.346577  0.646704  0.334850  0.368494  0.312046  0.582253  0.406159  0.338583  0.556155  0.339403  0.760309  0.314588  0.372925  0.318794  0.330623  0.391339  0.412332  0.203996  0.417362  0.368129  0.766295  0.307030  0.223960  0.189886  0.296747  0.282755  0.291848  0.353445  0.287020  0.464203  0.356251  0.218132  0.718221  0.374227  0.282319  0.271661  0.635341  0.321361  0.201591  0.202428  0.566748  0.812181  0.195570  0.333575  0.235885  0.426630  0.471237  0.607053  0.277438  0.343479  0.349031  0.326524  0.651408  0.374593  0.301358  0.540804  0.312277  0.329755  0.293049 
16  0.704642  0.654998  0.621944  0.640757  0.709874  0.666408  0.703004  0.709157  0.653483  0.639292  0.752008  0.732570  0.687053  0.693195  0.599178  0.642535 0.0  0.539967  0.638235  0.707068  0.627811  0.612042  0.517811  0.473391  0.630706  0.649844  0.640857  0.706998  0.694716  0.751307  0.591058  0.638628  0.766326  0.698828  0.606998  0.573229  0.833152  0.553189  0.729289  0.669471  0.669107  0.694770  0.691223  0.812400  0.651747  0.651569  0.593629  0.522057  0.744767  0.705389  0.735090  0.627604  0.632295  0.781024  0.543950  0.584845  0.756870  0.599861  0.485935  0.668608  0.647569  0.698362  0.645540  0.794455  0.680716  0.623537  0.714763  0.560046  0.678649  0.482844  0.674181  0.663900  0.678086  0.675291  0.831079  0.674796  0.733414  0.736939  0.680075  0.650582  0.655937  0.757663  0.703287  0.593499  0.610487  0.646142  0.631458  0.683745  0.306080  0.715991  0.710230  0.704755  0.654833  0.466396  0.634912  0.761156  0.644880  0.662895  0.646032  0.833964  0.636849  0.763170  0.728749  0.667258  0.742093  0.724565  0.596400  0.731954  0.610723  0.700446  0.657306  0.664548  0.733800  0.583414  0.681079  0.638308  0.488723  0.768737  0.753743  0.568780  0.737735  0.659163  0.650143  0.584008  0.686777  0.818268  0.644746  0.590879  0.656454  0.743021  0.716823  0.608874  0.697831  0.627764  0.695896  0.598519  0.797629  0.717524  0.758659  0.518697  0.771953  0.651418  0.561338  0.690395  0.692359  0.627649 
17  0.619045  0.579154  0.534770  0.617353  0.546375  0.627796  0.615386  0.543790  0.617351  0.616780  0.597064  0.557918  0.615581  0.564340  0.604851  0.578776  0.539967 0.0  0.582579  0.629918  0.630704  0.457416  0.546548  0.447083  0.577473  0.586948  0.553908  0.563229  0.600760  0.638257  0.579993  0.542430  0.563123  0.717166  0.565588  0.588928  0.588149  0.571403  0.544164  0.645549  0.633787  0.678432  0.648672  0.614597  0.594206  0.615166  0.569395  0.547380  0.594809  0.574476  0.537068  0.602169  0.678907  0.674838  0.613519  0.679604  0.588315  0.581537  0.463649  0.606749  0.549695  0.521887  0.523270  0.439458  0.585095  0.584770  0.558396  0.545093  0.552481  0.507044  0.602416  0.644228  0.568561  0.543821  0.607716  0.571207  0.577518  0.604049  0.553291  0.548297  0.606737  0.633660  0.534586  0.652591  0.594386  0.604515  0.532458  0.614641  0.574544  0.670833  0.602532  0.656538  0.538794  0.440287  0.670410  0.562740  0.608262  0.560323  0.582768  0.628650  0.649690  0.670661  0.684525  0.608359  0.548014  0.658826  0.588445  0.579508  0.534837  0.527330  0.693984  0.544297  0.671541  0.611620  0.492242  0.602242  0.332181  0.608770  0.565738  0.531333  0.705794  0.551557  0.565527  0.602926  0.512555  0.611462  0.533859  0.589060  0.471482  0.519494  0.701531  0.619881  0.578547  0.586216  0.559177  0.616179  0.652962  0.598668  0.654798  0.520544  0.683134  0.598268  0.713196  0.564361  0.599063  0.475099 
18  0.306778  0.733626  0.712231  0.225890  0.311695  0.525545  0.297281  0.247009  0.375911  0.365840  0.328961  0.348377  0.247079  0.655571  0.329363  0.306276  0.638235  0.582579 0.0  0.532827  0.337539  0.701084  0.324140  0.558920  0.730807  0.810742  0.256901  0.308602  0.346593  0.352668  0.291902  0.321534  0.335028  0.340430  0.685852  0.294694  0.405130  0.671328  0.316183  0.728859  0.728441  0.342628  0.294578  0.298592  0.646526  0.260278  0.344918  0.243505  0.330737  0.311507  0.256466  0.363730  0.258386  0.335699  0.445676  0.293109  0.314552  0.352710  0.552495  0.313127  0.234357  0.338466  0.355940  0.892787  0.320004  0.268035  0.309792  0.733005  0.660998  0.376732  0.269030  0.325948  0.343911  0.399766  0.368736  0.276007  0.355985  0.320549  0.303352  0.846196  0.250516  0.250935  0.738404  0.317011  0.336841  0.365509  0.471207  0.293310  0.708738  0.291610  0.390186  0.270021  0.370681  0.474129  0.254325  0.540069  0.282911  0.825881  0.277460  0.294878  0.338288  0.255471  0.436787  0.282614  0.289346  0.280819  0.282157  0.850254  0.313903  0.366787  0.342821  0.338325  0.338276  0.312465  0.385766  0.341566  0.502962  0.322674  0.353691  0.811301  0.344119  0.387241  0.357401  0.637416  0.289414  0.263008  0.355041  0.518421  0.844777  0.352252  0.326924  0.335558  0.483046  0.469333  0.724042  0.350325  0.296204  0.287613  0.293755  0.617227  0.275492  0.369683  0.624469  0.383159  0.346390  0.276060 
19  0.389934  0.770914  0.650272  0.415499  0.395583  0.295267  0.464952  0.535971  0.390034  0.474576  0.508518  0.462824  0.489237  0.736743  0.426839  0.522711  0.707068  0.629918  0.532827 0.0  0.406665  0.624119  0.511224  0.544611  0.627574  0.512793  0.466477  0.453191  0.523421  0.469346  0.428670  0.475337  0.490675  0.492655  0.692084  0.500342  0.518045  0.621382  0.451744  0.706178  0.603492  0.401045  0.360823  0.426182  0.636141  0.432755  0.404975  0.448534  0.412144  0.516859  0.415015  0.465618  0.464145  0.459781  0.428236  0.429967  0.524261  0.351972  0.435290  0.459660  0.387069  0.367429  0.531959  0.754496  0.478533  0.427401  0.423324  0.683830  0.633558  0.322583  0.443680  0.464815  0.475971  0.398040  0.616178  0.471256  0.517083  0.438490  0.413850  0.610926  0.433259  0.385811  0.648287  0.551282  0.444804  0.392028  0.384454  0.481946  0.645442  0.489315  0.562145  0.530270  0.274097  0.476797  0.477390  0.262368  0.455333  0.511761  0.395584  0.451049  0.460545  0.526237  0.593498  0.506896  0.440934  0.443214  0.420099  0.805711  0.418354  0.502288  0.499296  0.462782  0.496040  0.477062  0.464385  0.445681  0.434834  0.381753  0.505214  0.613998  0.545162  0.457284  0.455507  0.678285  0.416602  0.376179  0.451669  0.434614  0.692523  0.431772  0.495070  0.427439  0.438069  0.390727  0.654604  0.461092  0.493705  0.410265  0.475404  0.537956  0.481785  0.471453  0.688564  0.449913  0.599553  0.446943 
20  0.269429  0.630544  0.719858  0.248975  0.246665  0.553953  0.248169  0.300276  0.474021  0.341089  0.286164  0.281723  0.293356  0.684993  0.389428  0.186254  0.627811  0.630704  0.337539  0.406665 0.0  0.694913  0.265364  0.444772  0.789741  0.723392  0.334929  0.354970  0.264744  0.267052  0.309214  0.279610  0.214303  0.400199  0.630796  0.181554  0.306666  0.539055  0.228791  0.740555  0.629299  0.415298  0.271782  0.261326  0.750789  0.357372  0.191793  0.279018  0.252531  0.352111  0.258315  0.332877  0.265039  0.369017  0.485382  0.297286  0.242850  0.358883  0.585380  0.342494  0.306085  0.304199  0.228258  0.773432  0.334787  0.301669  0.285784  0.687877  0.642442  0.359816  0.236183  0.263296  0.292536  0.344246  0.381700  0.268279  0.345894  0.313648  0.224025  0.722319  0.321922  0.344192  0.716832  0.182884  0.175575  0.209327  0.348250  0.306066  0.663510  0.319040  0.335767  0.318027  0.527650  0.532489  0.251161  0.521678  0.357280  0.703869  0.279561  0.315432  0.274441  0.342158  0.455395  0.303471  0.237068  0.333221  0.341980  0.674359  0.253715  0.242984  0.191261  0.260510  0.295248  0.252382  0.330287  0.257652  0.426681  0.402691  0.208331  0.721642  0.390145  0.253365  0.305608  0.611098  0.274156  0.220005  0.155803  0.556308  0.764569  0.185332  0.307251  0.207684  0.414869  0.335294  0.670039  0.279129  0.291735  0.329520  0.362902  0.630895  0.365778  0.262290  0.638295  0.286900  0.325296  0.229516 
21  0.756943  0.464550  0.534844  0.715184  0.670959  0.708665  0.651960  0.677476  0.686296  0.736958  0.686043  0.843436  0.766200  0.586520  0.602610  0.777069  0.612042  0.457416  0.701084  0.624119  0.694913 0.0  0.760860  0.496817  0.771425  0.718962  0.776173  0.729338  0.682862  0.681156  0.673480  0.822281  0.843764  0.733134  0.234525  0.743287  0.629405  0.715672  0.711832  0.406583  0.633415  0.742297  0.607025  0.820531  0.750369  0.739122  0.723425  0.591254  0.680922  0.720947  0.691268  0.702397  0.629730  0.745110  0.670572  0.716221  0.820115  0.662836  0.500595  0.844591  0.760259  0.682102  0.816605  0.707609  0.727728  0.778471  0.751100  0.295812  0.782246  0.562975  0.722305  0.755979  0.680035  0.717330  0.736194  0.730479  0.765952  0.703043  0.650558  0.368996  0.782763  0.726330  0.672707  0.660704  0.733220  0.532082  0.603145  0.724627  0.639736  0.677112  0.784433  0.627337  0.700469  0.438099  0.728768  0.708860  0.684532  0.515782  0.820374  0.822279  0.766685  0.757935  0.887380  0.867599  0.705168  0.836151  0.795300  0.720443  0.672277  0.784816  0.683081  0.749390  0.720426  0.580814  0.694740  0.717194  0.492103  0.677337  0.690079  0.253211  0.901905  0.628846  0.627137  0.430192  0.690731  0.772980  0.806682  0.674408  0.620687  0.646294  0.776051  0.595802  0.608167  0.678365  0.672822  0.740476  0.702428  0.675143  0.834616  0.605329  0.716468  0.836079  0.665300  0.651850  0.785504  0.684962 
22  0.360228  0.755092  0.667736  0.359470  0.390364  0.639664  0.356277  0.204932  0.542386  0.224850  0.352199  0.219122  0.314509  0.681039  0.354054  0.339745  0.517811  0.546548  0.324140  0.511224  0.265364  0.760860 0.0  0.462770  0.779012  0.870468  0.239931  0.227027  0.193490  0.358513  0.213193  0.308291  0.311770  0.271370  0.863828  0.270907  0.161333  0.577215  0.331650  0.733297  0.693484  0.401248  0.369316  0.340120  0.576053  0.390009  0.346345  0.363348  0.207254  0.200185  0.354656  0.267312  0.335323  0.257154  0.444714  0.267609  0.237047  0.427598  0.510650  0.249470  0.338488  0.339538  0.182431  0.778783  0.244343  0.424462  0.388833  0.708321  0.834558  0.396022  0.339493  0.313421  0.284130  0.469521  0.308249  0.336814  0.405812  0.384459  0.262513  0.804281  0.281745  0.273397  0.635444  0.314708  0.333085  0.330548  0.429587  0.234394  0.643936  0.275249  0.229955  0.225742  0.610900  0.531192  0.363241  0.575856  0.241249  0.728597  0.268927  0.237773  0.257670  0.237226  0.290911  0.249675  0.312881  0.238479  0.240321  0.736370  0.417775  0.362721  0.287271  0.357976  0.432412  0.304243  0.265925  0.323930  0.548519  0.438240  0.368955  0.683287  0.259254  0.361579  0.315387  0.629956  0.370087  0.346729  0.291039  0.477123  0.685743  0.311483  0.225008  0.322393  0.426526  0.402032  0.654011  0.349330  0.240950  0.284700  0.267787  0.558610  0.242277  0.318556  0.605739  0.240948  0.236025  0.272899 
23  0.550362  0.397689  0.475234  0.578146  0.432615  0.594982  0.520522  0.509391  0.539322  0.501041  0.531101  0.451950  0.512697  0.575236  0.563770  0.488570  0.473391  0.447083  0.558920  0.544611  0.444772  0.496817  0.462770 0.0  0.499526  0.506023  0.457696  0.473484  0.440570  0.508414  0.391751  0.523713  0.445798  0.433296  0.483222  0.433812  0.417081  0.377413  0.548717  0.440301  0.400709  0.547353  0.471088  0.512909  0.482347  0.533143  0.464016  0.565826  0.407325  0.437792  0.503466  0.490581  0.475650  0.508154  0.550521  0.550786  0.479258  0.504286  0.522109  0.533025  0.514374  0.519439  0.515290  0.593655  0.504787  0.533236  0.484974  0.357553  0.511751  0.416935  0.432659  0.532612  0.427398  0.571672  0.476954  0.486634  0.517406  0.465370  0.443361  0.408125  0.538431  0.544321  0.486568  0.463606  0.423112  0.414763  0.512344  0.480287  0.503226  0.499653  0.480121  0.514951  0.493569  0.388110  0.492816  0.571280  0.475506  0.482791  0.432723  0.512378  0.385895  0.480524  0.515246  0.491340  0.485148  0.554694  0.471505  0.593098  0.601593  0.408831  0.498092  0.418192  0.461234  0.463062  0.447480  0.532204  0.532924  0.472401  0.561785  0.439854  0.508044  0.506026  0.457373  0.445198  0.498236  0.436351  0.463415  0.438355  0.430796  0.416986  0.548263  0.466288  0.452659  0.537878  0.444675  0.478923  0.427607  0.420136  0.538338  0.519804  0.503867  0.439484  0.443882  0.401645  0.556327  0.398838 
24  0.671604  0.689214  0.781718  0.726292  0.758070  0.620513  0.645747  0.663726  0.710446  0.812473  0.673075  0.741992  0.719703  0.594317  0.677013  0.840622  0.630706  0.577473  0.730807  0.627574  0.789741  0.771425  0.779012  0.499526 0.0  0.214848  0.675559  0.701883  0.756044  0.892448  0.740778  0.840669  0.720031  0.811581  0.822149  0.876096  0.796479  0.465258  0.615171  0.595433  0.436921  0.796272  0.686027  0.671273  0.766722  0.700484  0.732840  0.724764  0.629466  0.800728  0.740350  0.815902  0.798909  0.724894  0.666452  0.850506  0.734800  0.650600  0.535410  0.765000  0.618742  0.703416  0.691501  0.712473  0.784002  0.729974  0.680820  0.758510  0.866783  0.610498  0.832210  0.746250  0.700817  0.630865  0.810836  0.637401  0.854366  0.695582  0.669705  0.674170  0.805489  0.824851  0.657872  0.738226  0.815092  0.761033  0.577028  0.757864  0.584906  0.766834  0.862113  0.739578  0.659415  0.554783  0.696703  0.610225  0.709512  0.664318  0.728763  0.702178  0.756121  0.803786  0.703765  0.604784  0.746709  0.691007  0.708470  0.731193  0.611519  0.720935  0.733922  0.777855  0.662488  0.704217  0.709919  0.785901  0.473514  0.600377  0.727886  0.815625  0.835502  0.770321  0.715653  0.665459  0.694152  0.766373  0.840461  0.637180  0.589308  0.664464  0.753432  0.759336  0.734933  0.486512  0.657355  0.723392  0.696579  0.681537  0.793194  0.332817  0.750649  0.677793  0.694087  0.788985  0.849929  0.732858 
25  0.673426  0.682160  0.755136  0.739176  0.675572  0.625714  0.732876  0.653652  0.634441  0.785805  0.721067  0.628542  0.792647  0.657843  0.705991  0.483320  0.649844  0.586948  0.810742  0.512793  0.723392  0.718962  0.870468  0.506023  0.214848 0.0  0.822957  0.751296  0.748117  0.752940  0.645503  0.754085  0.691833  0.713176  0.619768  0.755261  0.738066  0.466981  0.802230  0.579377  0.423315  0.727488  0.827690  0.754412  0.691146  0.663340  0.667018  0.658560  0.779615  0.631696  0.651565  0.688036  0.622836  0.701057  0.747926  0.833451  0.707467  0.507312  0.447234  0.707300  0.750595  0.760647  0.811394  0.744863  0.713280  0.694453  0.727197  0.745524  0.633381  0.727841  0.781090  0.782476  0.654019  0.691819  0.807122  0.814583  0.682017  0.706889  0.716655  0.660185  0.774658  0.677346  0.629790  0.728198  0.643824  0.746072  0.637153  0.786485  0.526658  0.818288  0.743073  0.680486  0.705228  0.509464  0.721355  0.844713  0.835670  0.645190  0.758569  0.773589  0.678370  0.818408  0.753310  0.776820  0.856781  0.726008  0.798444  0.709417  0.818244  0.671915  0.692220  0.764991  0.834218  0.733765  0.718677  0.721952  0.433991  0.677676  0.717188  0.667793  0.774448  0.713208  0.756608  0.683538  0.729592  0.766418  0.691913  0.783760  0.737848  0.666583  0.683071  0.726713  0.684058  0.658925  0.712439  0.666430  0.798474  0.682658  0.746523  0.367413  0.709403  0.840334  0.555363  0.688085  0.672215  0.796061 
26  0.362591  0.725764  0.633645  0.379306  0.363922  0.589659  0.309706  0.150402  0.487533  0.263282  0.373849  0.272786  0.304782  0.756252  0.424673  0.400647  0.640857  0.553908  0.256901  0.466477  0.334929  0.776173  0.239931  0.457696  0.675559  0.822957 0.0  0.278703  0.249213  0.407833  0.263005  0.375640  0.325275  0.311224  0.826716  0.349327  0.241141  0.772199  0.405664  0.741556  0.644876  0.393049  0.312223  0.348663  0.779698  0.360450  0.322983  0.384048  0.259829  0.251115  0.328907  0.351524  0.346408  0.203470  0.602934  0.221914  0.334084  0.389712  0.462068  0.184660  0.353502  0.320852  0.241009  0.812257  0.232270  0.349334  0.367002  0.677000  0.840438  0.350564  0.348302  0.361726  0.313229  0.424147  0.328808  0.366470  0.351471  0.375590  0.273017  0.762521  0.167873  0.230535  0.663007  0.358309  0.362702  0.368963  0.442872  0.209106  0.675471  0.215422  0.299962  0.232459  0.493667  0.492950  0.353171  0.614338  0.179675  0.800312  0.261765  0.226622  0.277471  0.158811  0.381334  0.224024  0.343173  0.227526  0.177410  0.704163  0.373301  0.371944  0.347154  0.406569  0.473651  0.361605  0.290485  0.360085  0.540773  0.411630  0.346917  0.799722  0.342620  0.364303  0.378014  0.732477  0.346919  0.272066  0.329493  0.539212  0.776909  0.413041  0.192804  0.327122  0.474520  0.452242  0.906318  0.313488  0.242860  0.297419  0.270246  0.593848  0.176775  0.403951  0.528709  0.305485  0.277515  0.241464 
