146
0 0.0  0.586525  0.754375  0.236130  0.264427  0.559654  0.202659  0.332232  0.379829  0.409598  0.207525  0.355322  0.289578  0.703983  0.433233  0.352082  0.707978  0.587000  0.282456  0.434890  0.286213  0.664768  0.350140  0.547917  0.742640  0.717366  0.307555  0.326968  0.395583  0.296116  0.398214  0.277006  0.304449  0.405619  0.820653  0.256299  0.369108  0.591999  0.264254  0.661056  0.659839  0.358700  0.206799  0.246490  0.599671  0.274702  0.321993  0.254266  0.361951  0.310868  0.255178  0.359754  0.181499  0.367354  0.392599  0.272791  0.367540  0.349976  0.505720  0.388408  0.279204  0.278451  0.388928  0.821880  0.379336  0.273828  0.256596  0.735551  0.790325  0.329204  0.208695  0.270195  0.340200  0.369328  0.453210  0.217721  0.297779  0.303969  0.275644  0.647504  0.350640  0.309683  0.680643  0.328146  0.282336  0.338768  0.380635  0.339526  0.690769  0.329428  0.349322  0.342478  0.448083  0.517055  0.191563  0.532659  0.364811  0.779958  0.339553  0.319740  0.265334  0.350273  0.463671  0.327615  0.312464  0.379129  0.322056  0.792676  0.219912  0.278249  0.329937  0.278708  0.343908  0.256941  0.417382  0.261767  0.489185  0.356295  0.306382  0.628168  0.458432  0.268595  0.254440  0.601072  0.212039  0.291554  0.320393  0.543814  0.734885  0.310534  0.367554  0.280824  0.421323  0.407672  0.804989  0.222243  0.383916  0.361499  0.291207  0.707659  0.331654  0.288877  0.647872  0.298361  0.440863  0.291865 
1  0.586525 0.0  0.235394  0.855959  0.811427  0.721589  0.721016  0.776045  1.000000  0.741817  0.741600  0.705994  0.747847  0.528457  0.713293  0.762661  0.533025  0.630388  0.748080  0.646527  0.684258  0.558127  0.684691  0.407057  0.687820  0.773758  0.613739  0.667610  0.726051  0.686233  0.651690  0.752884  0.688052  0.704222  0.453103  0.738169  0.759835  0.738936  0.824233  0.265198  0.643282  0.692278  0.720323  0.562513  0.550134  0.638667  0.655031  0.683547  0.610305  0.749558  0.775666  0.731866  0.796842  0.725675  0.706908  0.758504  0.766656  0.687932  0.479703  0.730301  0.817512  0.814205  0.662915  0.817447  0.685099  0.744689  0.743253  0.384450  0.684739  0.555432  0.734588  0.686391  0.721951  0.719704  0.909757  0.795347  0.818511  0.772631  0.653280  0.475371  0.862019  0.788014  0.658889  0.643712  0.772408  0.659729  0.688247  0.665237  0.603963  0.861793  0.796174  0.771158  0.829029  0.449037  0.856525  0.550460  0.697736  0.346999  0.618162  0.894027  0.736245  0.787084  0.897998  0.766158  0.666071  0.798273  0.678028  0.605609  0.774436  0.740083  0.753229  0.720199  0.787841  0.683502  0.794564  0.724829  0.466299  0.787827  0.659426  0.450631  0.760137  0.840581  0.781744  0.390325  0.726828  0.663795  0.664416  0.788106  0.542624  0.827691  0.807553  0.756907  0.625453  0.492552  0.755944  0.685504  0.707270  0.854054  0.835073  0.562019  0.747436  0.763327  0.670780  0.825344  0.661990  0.644176 
2  0.754375  0.235394 0.0  0.803723  0.833066  0.755012  0.678997  0.765365  0.748248  0.661909  0.691926  0.766971  0.743523  0.685826  0.773926  0.717709  0.604918  0.629854  0.673149  0.691763  0.582437  0.447018  0.653415  0.498779  0.572086  0.742784  0.875007  0.874107  0.765401  0.662208  0.636200  0.723016  0.744876  0.615913  0.464325  0.656884  0.699615  0.570042  0.766102  0.308821  0.675305  0.654165  0.744120  0.796716  0.579188  0.738241  0.738192  0.889986  0.695199  0.684558  0.769743  0.660627  0.799278  0.825689  0.794129  0.792035  0.688476  0.559499  0.486075  0.556210  0.653558  0.640677  0.912183  0.728880  0.841239  0.695799  0.849140  0.444893  0.669537  0.629291  0.842090  0.742040  0.679729  0.575021  0.723839  0.658737  0.745907  0.775170  0.638225  0.437973  0.794047  0.698173  0.672504  0.664214  0.787754  0.776782  0.619913  0.639925  0.492881  0.765108  0.911292  0.717665  0.786482  0.488297  0.824650  0.653381  0.780591  0.345787  0.779304  0.834529  0.760679  0.786476  0.801948  0.694462  0.650426  0.759846  0.673622  0.667737  0.866379  0.629281  0.661644  0.697112  0.678193  0.802597  0.757093  0.665984  0.522164  0.712383  0.612961  0.368395  0.768027  0.621982  0.710287  0.394203  0.697479  0.799817  0.627490  0.743146  0.629002  0.750437  0.733693  0.726777  0.714195  0.585182  0.706757  0.764536  0.780233  0.682989  0.796454  0.633247  0.670315  0.739008  0.627394  0.737116  0.772589  0.560426 
3  0.236130  0.855959  0.803723 0.0  0.262626  0.463432  0.199752  0.290779  0.370229  0.291398  0.258277  0.372983  0.316295  0.670883  0.333649  0.266356  0.645987  0.619509  0.256815  0.414963  0.249560  0.751003  0.339590  0.433811  0.684361  0.725825  0.320198  0.284597  0.352273  0.321020  0.354435  0.267820  0.271927  0.352302  0.717638  0.263455  0.405047  0.654151  0.293450  0.604824  0.631085  0.308318  0.205867  0.166684  0.701858  0.294541  0.295901  0.159236  0.335246  0.384947  0.210875  0.353322  0.174248  0.299117  0.468570  0.295516  0.305366  0.323783  0.566393  0.411575  0.244855  0.262178  0.418293  0.698238  0.341558  0.145554  0.207682  0.681056  0.721402  0.353741  0.252901  0.315914  0.304330  0.343740  0.437248  0.188917  0.334118  0.314190  0.300232  0.633549  0.320856  0.337520  0.658423  0.275109  0.243261  0.286879  0.391232  0.390108  0.592230  0.346101  0.373388  0.402726  0.426168  0.426270  0.192635  0.534032  0.295141  0.648959  0.304457  0.354327  0.359000  0.317065  0.480292  0.356326  0.326489  0.351582  0.298329  0.675580  0.153675  0.312483  0.295158  0.277497  0.342270  0.247033  0.450251  0.254282  0.484409  0.348731  0.296851  0.730789  0.367183  0.239510  0.272500  0.599208  0.205340  0.229490  0.248177  0.445585  0.614047  0.302903  0.384347  0.267342  0.470471  0.363662  0.751186  0.252509  0.356144  0.346546  0.358922  0.700696  0.306979  0.333263  0.621256  0.327318  0.356216  0.259407 
4  0.264427  0.811427  0.833066  0.262626 0.0  0.587397  0.250302  0.336931  0.343280  0.315334  0.278986  0.315673  0.352128  0.772497  0.411016  0.272229  0.666911  0.496301  0.298736  0.388266  0.242702  0.665689  0.330073  0.446262  0.750539  0.817525  0.416666  0.293653  0.347690  0.249869  0.308605  0.244084  0.333478  0.390826  0.717112  0.278641  0.360236  0.625642  0.217010  0.675417  0.641006  0.395908  0.211242  0.272256  0.619617  0.328799  0.333986  0.268805  0.284459  0.328064  0.295214  0.325694  0.307973  0.298837  0.488778  0.385699  0.345759  0.402492  0.629116  0.347111  0.328434  0.326323  0.345186  0.739436  0.362559  0.282462  0.321054  0.699325  0.664524  0.377650  0.275814  0.264454  0.324094  0.388993  0.384177  0.288788  0.273677  0.219191  0.243121  0.728572  0.322094  0.300316  0.627840  0.284687  0.274587  0.278531  0.395316  0.344499  0.567680  0.336845  0.390178  0.303043  0.437987  0.455003  0.308474  0.615878  0.329744  0.638023  0.357607  0.390197  0.334903  0.364562  0.442133  0.404946  0.321830  0.355251  0.371948  0.581564  0.265022  0.301726  0.305268  0.228976  0.189385  0.237532  0.334627  0.187566  0.498739  0.395265  0.283560  0.722086  0.460650  0.245225  0.221501  0.708463  0.270576  0.309770  0.278775  0.523352  0.634106  0.264150  0.352678  0.323723  0.422939  0.387940  0.697723  0.268914  0.392723  0.373982  0.335870  0.531057  0.370595  0.237568  0.635787  0.341328  0.414582  0.288747 
5  0.559654  0.721589  0.755012  0.463432  0.587397 0.0  0.565108  0.589702  0.551621  0.552546  0.520581  0.623334  0.515251  0.660814  0.456166  0.600278  0.612026  0.551818  0.535582  0.245955  0.566489  0.640662  0.615195  0.454942  0.632426  0.617153  0.580505  0.539938  0.571091  0.561313  0.604446  0.602969  0.582238  0.740389  0.703176  0.567772  0.620780  0.745054  0.557804  0.569020  0.590898  0.353118  0.535159  0.504291  0.730216  0.465526  0.494838  0.481768  0.544095  0.579077  0.460697  0.628516  0.483561  0.595123  0.485402  0.674548  0.560798  0.328437  0.508330  0.687120  0.546799  0.570560  0.526601  0.723083  0.608691  0.535794  0.516596  0.749520  0.703456  0.423030  0.560731  0.511684  0.521366  0.558283  0.599506  0.572753  0.559348  0.539051  0.618718  0.836158  0.560782  0.568839  0.630789  0.587343  0.595399  0.588548  0.383771  0.507588  0.628412  0.602993  0.649543  0.535663  0.165864  0.463859  0.517393  0.224280  0.660686  0.815006  0.523898  0.540625  0.520014  0.645897  0.757325  0.616914  0.602766  0.615312  0.478792  0.765837  0.484672  0.576522  0.584677  0.589204  0.623166  0.454499  0.503298  0.543677  0.457379  0.480660  0.525893  0.765437  0.603648  0.544729  0.626405  0.612580  0.517450  0.562548  0.507663  0.491977  0.648441  0.655277  0.620206  0.552874  0.360461  0.402964  0.696983  0.496654  0.673400  0.554105  0.548473  0.571059  0.636437  0.569827  0.542617  0.546765  0.632239  0.418819 
6  0.202659  0.721016  0.678997  0.199752  0.250302  0.565108 0.0  0.308330  0.437894  0.349587  0.261275  0.330792  0.322327  0.781446  0.371047  0.275629  0.687292  0.581455  0.324065  0.460955  0.229740  0.729274  0.310660  0.444644  0.758600  0.656126  0.367131  0.299614  0.310902  0.286971  0.319054  0.279393  0.247010  0.457059  0.776081  0.294964  0.347656  0.667258  0.278088  0.646547  0.676072  0.372659  0.241285  0.178026  0.750427  0.324644  0.327090  0.204116  0.348453  0.329988  0.233818  0.398550  0.266106  0.331003  0.457301  0.341502  0.313258  0.357498  0.462524  0.411133  0.285016  0.286111  0.288504  0.768840  0.393736  0.198371  0.219451  0.513645  0.599267  0.385427  0.263121  0.295797  0.337426  0.358217  0.463794  0.199510  0.251931  0.285608  0.235174  0.666409  0.324061  0.338632  0.663902  0.248994  0.277918  0.280421  0.383319  0.358603  0.591620  0.368952  0.434106  0.334563  0.437528  0.437731  0.273701  0.589997  0.364676  0.853143  0.344371  0.355935  0.315851  0.345542  0.482322  0.320138  0.320742  0.306315  0.357274  0.863986  0.184366  0.275561  0.298112  0.268738  0.266483  0.213364  0.356248  0.298609  0.511885  0.383699  0.282309  0.699864  0.435088  0.214578  0.279395  0.629743  0.276691  0.279988  0.278253  0.478634  0.709384  0.259489  0.330087  0.268576  0.424036  0.434039  0.618461  0.217955  0.372215  0.376125  0.311765  0.686939  0.331434  0.301967  0.595667  0.278486  0.375597  0.279405 
7  0.332232  0.776045  0.765365  0.290779  0.336931  0.589702  0.308330 0.0  0.418042  0.252131  0.375934  0.258325  0.252056  0.700347  0.422394  0.301059  0.688292  0.633214  0.273506  0.435851  0.265155  0.678805  0.188522  0.480778  0.672190  0.727333  0.135273  0.241675  0.232036  0.330656  0.262326  0.315797  0.263526  0.310990  0.725327  0.303956  0.208812  0.704347  0.410013  0.734524  0.610102  0.397477  0.349959  0.302697  0.766613  0.354829  0.291863  0.328447  0.214383  0.249845  0.330584  0.273535  0.309129  0.225272  0.495922  0.161005  0.254157  0.374427  0.552943  0.150481  0.330352  0.285481  0.195455  0.795213  0.258922  0.379551  0.325422  0.752322  0.773071  0.350258  0.352117  0.337811  0.299142  0.447282  0.327697  0.278801  0.322925  0.395890  0.231582  0.801615  0.159687  0.249443  0.643912  0.350247  0.304087  0.368795  0.368040  0.217083  0.608408  0.224467  0.287158  0.238063  0.510508  0.469835  0.297867  0.453883  0.183052  0.834103  0.259703  0.185585  0.229621  0.132031  0.326338  0.183283  0.305792  0.209615  0.182165  0.776963  0.377384  0.346277  0.341476  0.351499  0.359233  0.373703  0.318832  0.262694  0.440869  0.432806  0.319221  0.801350  0.288276  0.387789  0.384853  0.622838  0.335290  0.263182  0.322843  0.536747  0.723724  0.320279  0.184909  0.316396  0.463995  0.468461  0.806812  0.273569  0.236807  0.263687  0.246496  0.648704  0.150603  0.374623  0.625694  0.256967  0.256338  0.261293 
8  0.379829  1.000000  0.748248  0.370229  0.343280  0.551621  0.437894  0.418042 0.0  0.375991  0.402690  0.411889  0.400913  0.792419  0.149535  0.436781  0.646857  0.558915  0.407928  0.363692  0.454329  0.750936  0.439502  0.477621  0.622061  0.696298  0.457401  0.406546  0.493366  0.422115  0.458669  0.422762  0.482306  0.478775  0.741907  0.482931  0.530347  0.661264  0.360233  0.630583  0.659173  0.232787  0.319036  0.340832  0.625925  0.330344  0.492376  0.383406  0.456728  0.493618  0.399457  0.349215  0.305605  0.456050  0.422966  0.380687  0.441019  0.310802  0.500980  0.423029  0.350339  0.402006  0.387421  0.860430  0.516901  0.331461  0.354540  0.616161  0.762808  0.388953  0.410418  0.438764  0.436201  0.195636  0.520065  0.391708  0.373873  0.404218  0.368604  0.805585  0.483810  0.425858  0.685747  0.429523  0.382667  0.424856  0.395355  0.410201  0.699911  0.486564  0.516472  0.409588  0.427146  0.523042  0.341284  0.515729  0.474200  0.846796  0.468929  0.472560  0.392317  0.398325  0.549551  0.440207  0.436487  0.429475  0.438563  0.630481  0.298087  0.472921  0.430831  0.417828  0.421111  0.349907  0.492462  0.385693  0.389297  0.241503  0.444758  0.638620  0.440161  0.348709  0.390311  0.749870  0.420641  0.451513  0.422068  0.500619  0.679957  0.450666  0.423142  0.334943  0.377385  0.430313  0.686790  0.359550  0.512688  0.422264  0.443537  0.670667  0.481095  0.391421  0.610207  0.480772  0.486080  0.388812 
9  0.409598  0.741817  0.661909  0.291398  0.315334  0.552546  0.349587  0.252131  0.375991 0.0  0.327311  0.216475  0.282150  0.785142  0.441570  0.297345  0.567489  0.607807  0.294378  0.473339  0.333650  0.753071  0.233025  0.511048  0.687223  0.724193  0.257050  0.205329  0.245093  0.270634  0.241194  0.346561  0.343584  0.313535  0.646041  0.295831  0.233577  0.590107  0.320982  0.636490  0.694677  0.365779  0.359753  0.341696  0.719071  0.327070  0.333230  0.366118  0.204425  0.226284  0.371446  0.304257  0.363511  0.242168  0.506999  0.223769  0.238168  0.381138  0.492919  0.303177  0.325080  0.318166  0.234369  0.835748  0.262936  0.326489  0.345332  0.799952  0.709075  0.397468  0.356161  0.341767  0.286610  0.378324  0.360670  0.335756  0.345007  0.335217  0.290883  0.801221  0.273591  0.277685  0.641850  0.340772  0.290261  0.304540  0.421580  0.247872  0.682779  0.271950  0.241934  0.273184  0.579999  0.466036  0.330655  0.543953  0.248982  0.797371  0.282691  0.245905  0.247227  0.251954  0.390121  0.262222  0.279325  0.218642  0.248383  0.778203  0.303628  0.342580  0.244311  0.300289  0.304358  0.278645  0.268995  0.321671  0.443323  0.455383  0.333302  0.819641  0.246059  0.285801  0.319480  0.750343  0.338401  0.315727  0.302127  0.543695  0.754735  0.338069  0.231381  0.304755  0.408085  0.426318  0.692022  0.326754  0.274230  0.298222  0.218804  0.644369  0.292713  0.323263  0.644865  0.308753  0.270317  0.294676 
10  0.207525  0.741600  0.691926  0.258277  0.278986  0.520581  0.261275  0.375934  0.402690  0.327311 0.0  0.389083  0.303762  0.756478  0.416580  0.255371  0.640838  0.612416  0.307638  0.395086  0.276803  0.747754  0.363822  0.454810  0.554453  0.608155  0.339589  0.397167  0.400726  0.291819  0.326222  0.285217  0.283386  0.420268  0.814010  0.279488  0.335569  0.602020  0.263221  0.632263  0.616138  0.328418  0.201827  0.281740  0.694942  0.357096  0.303905  0.236387  0.361714  0.428560  0.285388  0.367606  0.228104  0.290280  0.452626  0.348570  0.367014  0.396468  0.514220  0.371988  0.372850  0.321644  0.387801  0.782711  0.355156  0.298299  0.239860  0.718138  0.564120  0.421951  0.262406  0.303491  0.322864  0.311385  0.439633  0.197706  0.281312  0.308445  0.217284  0.665384  0.327544  0.364797  0.569515  0.265702  0.295214  0.324064  0.391044  0.395074  0.595967  0.397022  0.449789  0.364350  0.600971  0.453517  0.245145  0.574654  0.376621  0.832777  0.379798  0.379828  0.355407  0.379988  0.488675  0.380658  0.296771  0.345552  0.351243  0.723926  0.272259  0.277906  0.295201  0.286711  0.242111  0.250010  0.360843  0.310146  0.552436  0.365572  0.268149  0.749881  0.395193  0.260993  0.283356  0.719850  0.263163  0.297483  0.293261  0.549848  0.799355  0.335094  0.338568  0.256144  0.393367  0.426357  0.636006  0.226239  0.362540  0.357034  0.331456  0.672378  0.356330  0.284608  0.732306  0.346712  0.317614  0.264256 
11  0.355322  0.705994  0.766971  0.372983  0.315673  0.623334  0.330792  0.258325  0.411889  0.216475  0.389083 0.0  0.235260  0.670021  0.456292  0.310192  0.694690  0.560201  0.293220  0.421914  0.254358  0.732856  0.228854  0.409428  0.639060  0.564709  0.281204  0.233242  0.191170  0.321972  0.173792  0.329018  0.294680  0.251174  0.640211  0.268441  0.209761  0.661662  0.411889  0.673744  0.624691  0.464036  0.336892  0.338123  0.606240  0.322598  0.264292  0.374503  0.238793  0.265875  0.353757  0.172019  0.317045  0.281397  0.478065  0.236521  0.154319  0.433874  0.429554  0.288665  0.300145  0.280895  0.191668  0.782608  0.292716  0.343107  0.322588  0.679275  0.773476  0.369387  0.343418  0.364867  0.246460  0.415866  0.282765  0.330839  0.356051  0.310368  0.208789  0.648885  0.284957  0.315453  0.668353  0.277859  0.294371  0.264133  0.357071  0.243214  0.680700  0.256930  0.275839  0.243221  0.535934  0.414269  0.350472  0.553679  0.258360  0.739332  0.259658  0.269487  0.232264  0.269766  0.330945  0.267345  0.278006  0.265216  0.258993  0.640769  0.310226  0.280853  0.227928  0.325532  0.328453  0.299139  0.274745  0.333380  0.475729  0.441805  0.277890  0.608431  0.292824  0.282629  0.329885  0.565961  0.356274  0.286224  0.236649  0.462648  0.726176  0.291724  0.240069  0.323615  0.438135  0.357278  0.791265  0.317114  0.258253  0.244884  0.243744  0.498826  0.268776  0.281848  0.475031  0.219726  0.252685  0.230543 
12  0.289578  0.747847  0.743523  0.316295  0.352128  0.515251  0.322327  0.252056  0.400913  0.282150  0.303762  0.235260 0.0  0.581434  0.424837  0.274990  0.639876  0.609002  0.214588  0.406236  0.334159  0.714328  0.246299  0.488321  0.681117  0.680991  0.280080  0.260951  0.265261  0.339198  0.299528  0.272104  0.254503  0.344790  0.677783  0.305490  0.295503  0.746876  0.329811  0.704543  0.720832  0.369143  0.350652  0.291852  0.659416  0.271538  0.299796  0.296821  0.275553  0.243920  0.335887  0.299939  0.313679  0.278674  0.490621  0.311651  0.316285  0.440764  0.497120  0.337115  0.278662  0.287145  0.285023  0.713262  0.329671  0.265269  0.333877  0.743170  0.833616  0.390132  0.299805  0.327095  0.309719  0.373068  0.302614  0.275735  0.329301  0.329507  0.276432  0.712702  0.287141  0.351180  0.739616  0.343672  0.288485  0.289666  0.407223  0.348422  0.739491  0.314925  0.315259  0.292439  0.567759  0.458966  0.323409  0.491696  0.294919  0.777627  0.275186  0.275936  0.332579  0.307665  0.383789  0.273791  0.281800  0.263435  0.288917  0.761643  0.299117  0.314125  0.265231  0.350519  0.283842  0.320235  0.347232  0.316644  0.502134  0.429114  0.281698  0.736222  0.346513  0.356311  0.272385  0.824379  0.355522  0.278425  0.285409  0.532378  0.832476  0.361820  0.302640  0.271397  0.463228  0.474047  0.665751  0.281034  0.313666  0.323888  0.262276  0.646521  0.264470  0.324731  0.639227  0.330038  0.264900  0.296945 
13  0.703983  0.528457  0.685826  0.670883  0.772497  0.660814  0.781446  0.700347  0.792419  0.785142  0.756478  0.670021  0.581434 0.0  0.571658  0.743203  0.734487  0.520221  0.731668  0.643843  0.694374  0.596559  0.639902  0.519558  0.656749  0.634201  0.785618  0.693144  0.724886  0.690753  0.658678  0.617035  0.764915  0.679278  0.619488  0.675066  0.724429  0.713203  0.741048  0.597773  0.630008  0.531935  0.664010  0.652312  0.270067  0.702334  0.658388  0.729286  0.772957  0.638055  0.681897  0.537593  0.636160  0.774452  0.632918  0.719289  0.633003  0.512700  0.528787  0.789371  0.652415  0.748615  0.737760  0.751046  0.723276  0.696332  0.656619  0.607769  0.504430  0.605270  0.668022  0.694136  0.611685  0.611874  0.806048  0.688212  0.807622  0.806936  0.658966  0.599242  0.759063  0.669116  0.655532  0.692397  0.659423  0.602935  0.628537  0.757476  0.501523  0.804433  0.809766  0.765193  0.656927  0.505516  0.641766  0.691425  0.548305  0.666785  0.617020  0.736920  0.694204  0.751159  0.890370  0.742536  0.723736  0.677176  0.692245  0.691840  0.768660  0.700650  0.618906  0.714299  0.734037  0.680811  0.730634  0.735555  0.452287  0.657313  0.663203  0.738928  0.702194  0.729314  0.641015  0.573156  0.700675  0.645963  0.672651  0.649771  0.420389  0.714925  0.717364  0.729449  0.616291  0.678127  0.743312  0.769287  0.727871  0.724448  0.736243  0.618777  0.688439  0.623042  0.632463  0.642646  0.724807  0.651175 
14  0.433233  0.713293  0.773926  0.333649  0.411016  0.456166  0.371047  0.422394  0.149535  0.441570  0.416580  0.456292  0.424837  0.571658 0.0  0.441194  0.676342  0.580777  0.359743  0.361366  0.389964  0.601251  0.413740  0.494967  0.653957  0.688833  0.364943  0.418440  0.431446  0.392904  0.469839  0.377771  0.326669  0.500294  0.733947  0.416464  0.450786  0.459511  0.422268  0.701489  0.694806  0.192754  0.330750  0.381345  0.667897  0.358178  0.411977  0.356846  0.385130  0.391158  0.341550  0.435021  0.296545  0.372308  0.478383  0.432245  0.434254  0.303916  0.479197  0.468665  0.317651  0.415153  0.478653  0.748234  0.459755  0.375864  0.393703  0.740405  0.766082  0.353889  0.373333  0.386889  0.426469  0.201021  0.504745  0.372627  0.366660  0.377824  0.376547  0.835353  0.463754  0.365464  0.570634  0.387332  0.499292  0.376413  0.354709  0.413650  0.654495  0.462497  0.497850  0.472291  0.382583  0.409530  0.328147  0.393819  0.378077  0.731420  0.423507  0.357114  0.421820  0.397068  0.565076  0.370603  0.419309  0.410685  0.420736  0.688618  0.318742  0.429098  0.329021  0.374438  0.382036  0.293448  0.390681  0.366548  0.530260  0.228226  0.451710  0.728443  0.580894  0.382679  0.388898  0.609991  0.374396  0.317175  0.384451  0.404019  0.708684  0.390335  0.435112  0.368521  0.395327  0.435175  0.696981  0.361224  0.438741  0.337078  0.487432  0.631564  0.365801  0.507492  0.560748  0.375037  0.453233  0.353153 
15  0.352082  0.762661  0.717709  0.266356  0.272229  0.600278  0.275629  0.301059  0.436781  0.297345  0.255371  0.310192  0.274990  0.743203  0.441194 0.0  0.608806  0.570876  0.320967  0.375292  0.172137  0.709959  0.305154  0.398480  0.746724  0.824140  0.347336  0.321620  0.356224  0.330390  0.274718  0.235418  0.200689  0.354527  0.609915  0.195246  0.285706  0.750883  0.299912  0.562856  0.646045  0.328811  0.288965  0.290912  0.679646  0.326133  0.171550  0.298485  0.329810  0.307475  0.277159  0.299600  0.273999  0.356564  0.504705  0.328297  0.326300  0.425670  0.499953  0.396798  0.343392  0.291839  0.334712  0.659342  0.395260  0.318539  0.278808  0.715274  0.729077  0.425123  0.275268  0.323844  0.321436  0.412597  0.399521  0.282126  0.289659  0.293645  0.220825  0.698034  0.421043  0.356184  0.655543  0.203718  0.179174  0.170854  0.396584  0.287000  0.614660  0.390730  0.368449  0.310213  0.581816  0.449480  0.312548  0.608216  0.313886  0.689911  0.313439  0.356247  0.306767  0.365920  0.460734  0.369085  0.229783  0.296542  0.335554  0.685681  0.278501  0.181615  0.214233  0.294577  0.292578  0.282470  0.358240  0.282344  0.432439  0.389638  0.190116  0.638190  0.364812  0.252651  0.241936  0.607801  0.337546  0.204747  0.206479  0.520925  0.682917  0.204780  0.257762  0.214916  0.501182  0.394842  0.659734  0.280635  0.342875  0.344309  0.280873  0.667654  0.312424  0.290670  0.625295  0.323922  0.327147  0.280584 
16  0.707978  0.533025  0.604918  0.645987  0.666911  0.612026  0.687292  0.688292  0.646857  0.567489  0.640838  0.694690  0.639876  0.734487  0.676342  0.608806 0.0  0.563477  0.748199  0.651947  0.676755  0.612019  0.592962  0.511552  0.602061  0.515631  0.689375  0.570756  0.668099  0.701543  0.558138  0.769411  0.678769  0.691218  0.579064  0.738691  0.602746  0.565138  0.695962  0.604466  0.560744  0.635528  0.585910  0.735095  0.564500  0.718802  0.636649  0.717070  0.657555  0.588403  0.679263  0.653096  0.693306  0.725136  0.649880  0.657223  0.507912  0.645977  0.445699  0.683972  0.678243  0.691053  0.731038  0.604421  0.634267  0.671928  0.675841  0.640991  0.562456  0.558380  0.613698  0.561618  0.683147  0.730950  0.737222  0.543882  0.791546  0.681524  0.564211  0.553743  0.700928  0.710293  0.655249  0.580573  0.713156  0.659759  0.509810  0.693583  0.295690  0.553958  0.798360  0.653395  0.741242  0.459410  0.549294  0.607638  0.740018  0.645090  0.696106  0.613317  0.583226  0.621540  0.852783  0.634333  0.710012  0.689376  0.644373  0.714388  0.624116  0.641734  0.645834  0.731722  0.596529  0.551861  0.607817  0.645925  0.398122  0.725219  0.592975  0.675941  0.683499  0.630466  0.569466  0.633192  0.551547  0.696111  0.666769  0.670534  0.601798  0.622660  0.634143  0.576733  0.636285  0.613331  0.495042  0.699612  0.682037  0.600991  0.690486  0.583558  0.583934  0.639470  0.615723  0.590195  0.770863  0.717862 
17  0.587000  0.630388  0.629854  0.619509  0.496301  0.551818  0.581455  0.633214  0.558915  0.607807  0.612416  0.560201  0.609002  0.520221  0.580777  0.570876  0.563477 0.0  0.520136  0.651718  0.577865  0.532771  0.573845  0.401772  0.578920  0.518181  0.601693  0.602317  0.523331  0.580947  0.572583  0.602637  0.568702  0.546623  0.510847  0.487584  0.615227  0.480863  0.468015  0.625683  0.540741  0.500358  0.618753  0.569815  0.573219  0.614390  0.565775  0.657327  0.592100  0.623915  0.577889  0.572979  0.576933  0.553096  0.555034  0.579562  0.549523  0.542861  0.477514  0.589165  0.579278  0.518700  0.640449  0.666981  0.628193  0.620636  0.615827  0.475644  0.543464  0.524831  0.552320  0.580060  0.500163  0.521569  0.634710  0.656029  0.524051  0.561688  0.525855  0.547981  0.609943  0.520261  0.523579  0.575259  0.575309  0.613888  0.571047  0.639638  0.513232  0.685911  0.639742  0.534827  0.507022  0.458701  0.478103  0.520507  0.606339  0.552141  0.561361  0.562198  0.587339  0.730404  0.751389  0.659000  0.584135  0.605399  0.628711  0.654379  0.619977  0.607802  0.588845  0.649210  0.635756  0.601992  0.503541  0.540156  0.418008  0.544942  0.569159  0.583056  0.578059  0.529519  0.540773  0.525222  0.510387  0.620551  0.553013  0.545523  0.498723  0.560106  0.599378  0.478058  0.500755  0.467764  0.553422  0.579149  0.663138  0.544096  0.573444  0.535973  0.555845  0.599914  0.465802  0.574690  0.555527  0.505822 
18  0.282456  0.748080  0.673149  0.256815  0.298736  0.535582  0.324065  0.273506  0.407928  0.294378  0.307638  0.293220  0.214588  0.731668  0.359743  0.320967  0.748199  0.520136 0.0  0.490044  0.310371  0.717424  0.275706  0.524402  0.665369  0.801258  0.283478  0.268054  0.294670  0.341434  0.334744  0.293861  0.289662  0.348744  0.650953  0.240830  0.305278  0.671580  0.313595  0.653004  0.638770  0.332741  0.298734  0.252148  0.756997  0.309125  0.324264  0.247620  0.310819  0.332589  0.293313  0.315981  0.238170  0.277999  0.485601  0.272988  0.301828  0.343361  0.503785  0.281461  0.255565  0.316240  0.296942  0.754092  0.308366  0.241366  0.314057  0.646969  0.814486  0.341029  0.270241  0.290798  0.331670  0.368168  0.374475  0.276232  0.345426  0.352173  0.270620  0.760666  0.275583  0.270986  0.671691  0.357547  0.286704  0.322662  0.374168  0.298264  0.636750  0.292178  0.332708  0.287223  0.484664  0.466437  0.266188  0.405485  0.285547  0.761625  0.261183  0.294707  0.271431  0.295662  0.451951  0.270587  0.336917  0.237681  0.218779  0.699149  0.243775  0.341827  0.316069  0.304613  0.364734  0.303554  0.328690  0.248115  0.563219  0.325275  0.350181  0.896455  0.393494  0.323836  0.342758  0.740079  0.288992  0.274814  0.341475  0.434378  0.719686  0.312810  0.295138  0.353988  0.464650  0.365505  0.653672  0.275015  0.320181  0.354745  0.286035  0.632659  0.248137  0.335467  0.593150  0.262333  0.370813  0.284796 
19  0.434890  0.646527  0.691763  0.414963  0.388266  0.245955  0.460955  0.435851  0.363692  0.473339  0.395086  0.421914  0.406236  0.643843  0.361366  0.375292  0.651947  0.651718  0.490044 0.0  0.424545  0.614003  0.450583  0.419345  0.617911  0.675538  0.375471  0.479188  0.426387  0.406766  0.456108  0.487681  0.436100  0.480131  0.756401  0.484967  0.489206  0.532337  0.380021  0.609274  0.495893  0.422576  0.394108  0.385817  0.693989  0.474770  0.426737  0.432840  0.465268  0.417497  0.393990  0.491194  0.416080  0.438287  0.398812  0.442767  0.430506  0.327785  0.484439  0.478845  0.432343  0.487171  0.437001  0.618487  0.494991  0.413339  0.463433  0.569473  0.588225  0.331437  0.448447  0.436288  0.497270  0.447586  0.602070  0.368351  0.472016  0.413381  0.418453  0.664873  0.435884  0.429848  0.676916  0.444904  0.430011  0.383988  0.315632  0.472237  0.598582  0.511104  0.565777  0.537894  0.271672  0.486263  0.365723  0.290958  0.416268  0.595010  0.464369  0.492902  0.350385  0.487740  0.527847  0.484539  0.385330  0.411484  0.454265  0.702688  0.433297  0.502990  0.448650  0.389530  0.399072  0.403885  0.421232  0.397756  0.435209  0.397583  0.453186  0.653367  0.545651  0.457402  0.455104  0.630322  0.463469  0.473364  0.442562  0.414162  0.592876  0.521667  0.474945  0.465663  0.358570  0.371335  0.657318  0.497059  0.415610  0.444346  0.469317  0.551913  0.396973  0.463315  0.624103  0.414792  0.531240  0.432357 
20  0.286213  0.684258  0.582437  0.249560  0.242702  0.566489  0.229740  0.265155  0.454329  0.333650  0.276803  0.254358  0.334159  0.694374  0.389964  0.172137  0.676755  0.577865  0.310371  0.424545 0.0  0.723243  0.285675  0.462982  0.780245  0.695956  0.286593  0.313049  0.303204  0.261377  0.276940  0.285706  0.191658  0.345597  0.713188  0.184996  0.288252  0.652571  0.252861  0.665257  0.583769  0.372458  0.273551  0.238753  0.653466  0.316319  0.196346  0.292890  0.249419  0.294678  0.275781  0.298493  0.272693  0.334240  0.491668  0.312417  0.293342  0.419479  0.484365  0.268668  0.294012  0.263541  0.299775  0.709624  0.299597  0.275100  0.264890  0.670113  0.632110  0.320590  0.248018  0.256870  0.293454  0.426404  0.377669  0.267027  0.324510  0.274328  0.223865  0.737981  0.341149  0.368204  0.753292  0.180856  0.153545  0.185015  0.358943  0.274880  0.529764  0.313999  0.357894  0.322801  0.534126  0.407454  0.255807  0.417771  0.329003  0.684886  0.273102  0.282190  0.255964  0.306568  0.459298  0.281043  0.213459  0.261945  0.308883  0.664477  0.226353  0.199813  0.179352  0.285966  0.269849  0.248685  0.320538  0.244296  0.419478  0.431958  0.210440  0.701100  0.351998  0.214348  0.270686  0.651604  0.225250  0.206219  0.140340  0.456365  0.619408  0.183386  0.284288  0.208526  0.380984  0.405374  0.712946  0.262307  0.319515  0.286831  0.339457  0.586684  0.341920  0.254922  0.642614  0.251500  0.322183  0.229293 
21  0.664768  0.558127  0.447018  0.751003  0.665689  0.640662  0.729274  0.678805  0.750936  0.753071  0.747754  0.732856  0.714328  0.596559  0.601251  0.709959  0.612019  0.532771  0.717424  0.614003  0.723243 0.0  0.717318  0.414052  0.671293  0.586087  0.706507  0.689472  0.708712  0.645372  0.622777  0.706858  0.713694  0.820598  0.229909  0.717034  0.732639  0.613797  0.712038  0.452564  0.563243  0.610581  0.692408  0.742012  0.715095  0.645348  0.611922  0.810366  0.683559  0.717886  0.697014  0.770430  0.763679  0.665391  0.661405  0.696224  0.674536  0.668669  0.494693  0.680181  0.649257  0.708705  0.710962  0.716871  0.719980  0.693649  0.702931  0.240465  0.612207  0.561550  0.734924  0.659029  0.707516  0.796642  0.686194  0.755924  0.691621  0.683289  0.704118  0.427487  0.690946  0.639737  0.679691  0.647208  0.701170  0.685222  0.599485  0.694844  0.546222  0.718208  0.747993  0.662926  0.832677  0.421833  0.604821  0.662703  0.634331  0.517641  0.673515  0.726125  0.761551  0.764727  0.934394  0.791441  0.735470  0.754850  0.619061  0.755122  0.641885  0.691422  0.662219  0.813050  0.770104  0.640134  0.772834  0.816427  0.446573  0.709392  0.622439  0.228454  0.782913  0.761351  0.700902  0.337232  0.763565  0.727979  0.698536  0.699509  0.644109  0.686126  0.575207  0.713366  0.608976  0.598959  0.691768  0.658193  0.612119  0.717299  0.747060  0.559959  0.665486  0.737548  0.553387  0.714556  0.728654  0.633732 
22  0.350140  0.684691  0.653415  0.339590  0.330073  0.615195  0.310660  0.188522  0.439502  0.233025  0.363822  0.228854  0.246299  0.639902  0.413740  0.305154  0.592962  0.573845  0.275706  0.450583  0.285675  0.717318 0.0  0.419268  0.772818  0.749556  0.220505  0.211182  0.176487  0.336231  0.226378  0.397100  0.318665  0.297559  0.722667  0.302667  0.134604  0.602177  0.332520  0.670203  0.719414  0.387364  0.333957  0.392391  0.708373  0.331221  0.278276  0.374421  0.204764  0.258222  0.336436  0.279026  0.333843  0.220998  0.453695  0.217931  0.200762  0.389274  0.513903  0.225150  0.339754  0.333709  0.180822  0.718437  0.237461  0.385705  0.362089  0.735015  0.638479  0.382236  0.341708  0.336077  0.255167  0.407274  0.279482  0.325586  0.365925  0.352343  0.242468  0.682040  0.266882  0.254916  0.570541  0.305415  0.321063  0.340054  0.368923  0.223949  0.612312  0.253751  0.229476  0.200891  0.612053  0.506926  0.362121  0.491972  0.226312  0.695346  0.277161  0.204367  0.259530  0.210372  0.290380  0.211508  0.312098  0.242479  0.244150  0.522090  0.357065  0.343398  0.284605  0.314185  0.344843  0.324710  0.257657  0.318257  0.422716  0.442510  0.324140  0.791282  0.285795  0.319883  0.321013  0.644593  0.327176  0.344508  0.281554  0.598707  0.630714  0.260173  0.218262  0.360156  0.397241  0.395500  0.632174  0.294119  0.232113  0.256222  0.242217  0.611221  0.211522  0.371167  0.604219  0.240702  0.187206  0.253849 
23  0.547917  0.407057  0.498779  0.433811  0.446262  0.454942  0.444644  0.480778  0.477621  0.511048  0.454810  0.409428  0.488321  0.519558  0.494967  0.398480  0.511552  0.401772  0.524402  0.419345  0.462982  0.414052  0.419268 0.0  0.467733  0.476213  0.438303  0.533415  0.422220  0.478668  0.361314  0.466972  0.480545  0.473539  0.417890  0.434859  0.416471  0.478700  0.509434  0.441656  0.409608  0.537369  0.568282  0.442084  0.479065  0.506324  0.457511  0.473621  0.401905  0.451721  0.471432  0.399600  0.473301  0.476304  0.507605  0.445850  0.456373  0.538961  0.462189  0.515846  0.461839  0.501294  0.446447  0.602246  0.515175  0.480769  0.460448  0.355753  0.450652  0.448479  0.513553  0.555315  0.417637  0.429185  0.498532  0.420773  0.489103  0.450096  0.407960  0.309177  0.561178  0.520416  0.622261  0.428326  0.452726  0.458306  0.473401  0.559690  0.438992  0.466497  0.446454  0.442003  0.630700  0.383744  0.479949  0.475710  0.533894  0.459737  0.459667  0.478052  0.433994  0.425421  0.539781  0.526338  0.423248  0.510296  0.469949  0.702594  0.488665  0.448548  0.442077  0.459987  0.414431  0.497917  0.414878  0.533720  0.465358  0.515409  0.537640  0.472833  0.494237  0.490886  0.485438  0.454053  0.491744  0.566170  0.420776  0.401205  0.418609  0.381806  0.449138  0.395894  0.513280  0.480788  0.499705  0.478319  0.497232  0.446831  0.485950  0.439332  0.480901  0.501082  0.407955  0.392944  0.457708  0.397172 
24  0.742640  0.687820  0.572086  0.684361  0.750539  0.632426  0.758600  0.672190  0.622061  0.687223  0.554453  0.639060  0.681117  0.656749  0.653957  0.746724  0.602061  0.578920  0.665369  0.617911  0.780245  0.671293  0.772818  0.467733 0.0  0.198721  0.750891  0.895036  0.695648  0.714034  0.784191  0.695166  0.723991  0.598817  0.826835  0.615473  0.822816  0.472033  0.776740  0.680679  0.437715  0.642494  0.595972  0.500977  0.586543  0.569076  0.767571  0.593176  0.730603  0.713977  0.715966  0.744198  0.660824  0.694637  0.686387  0.611671  0.706372  0.525788  0.446582  0.834368  0.593510  0.670735  0.859145  0.805305  0.756807  0.636185  0.630097  0.650839  0.630148  0.623460  0.641710  0.669524  0.660164  0.610014  0.860381  0.602485  0.699490  0.780651  0.604674  0.667010  0.730143  0.704913  0.621796  0.660118  0.613574  0.754085  0.682523  0.785788  0.649488  0.678212  0.697963  0.859993  0.637221  0.448773  0.674286  0.652204  0.705691  0.720264  0.624993  0.868184  0.708215  0.770613  0.812848  0.698156  0.606891  0.717843  0.641730  0.656633  0.586079  0.781187  0.705736  0.694069  0.685821  0.640702  0.747015  0.639750  0.512811  0.648794  0.654239  0.645494  0.733779  0.695393  0.708919  0.583642  0.544343  0.669893  0.566353  0.726316  0.622516  0.776693  0.631268  0.754620  0.489838  0.491445  0.703657  0.661937  0.667349  0.734488  0.610418  0.358137  0.736679  0.629411  0.657531  0.642974  0.712059  0.611413 
25  0.717366  0.773758  0.742784  0.725825  0.817525  0.617153  0.656126  0.727333  0.696298  0.724193  0.608155  0.564709  0.680991  0.634201  0.688833  0.824140  0.515631  0.518181  0.801258  0.675538  0.695956  0.586087  0.749556  0.476213  0.198721 0.0  0.663265  0.736305  0.687735  0.696989  0.697122  0.736396  0.639086  0.780429  0.609755  0.682965  0.698626  0.439902  0.784520  0.639263  0.413765  0.574714  0.629236  0.750603  0.608426  0.605055  0.698578  0.677703  0.612701  0.758859  0.746283  0.707994  0.713915  0.707995  0.770124  0.663979  0.631883  0.561810  0.428012  0.763166  0.646305  0.598125  0.717285  0.685135  0.839144  0.670398  0.754845  0.789456  0.729782  0.558189  0.583582  0.790446  0.743127  0.603210  0.780639  0.627577  0.661823  0.724727  0.662396  0.656609  0.823007  0.660579  0.586269  0.706815  0.783518  0.703048  0.545694  0.760432  0.424066  0.678713  0.722441  0.644952  0.654396  0.515462  0.657385  0.691536  0.746854  0.684642  0.707391  0.675868  0.625095  0.700473  0.818209  0.681460  0.618012  0.652974  0.778215  0.740062  0.734437  0.820802  0.746077  0.705661  0.715121  0.711097  0.702991  0.718596  0.474788  0.709070  0.775916  0.661959  0.746277  0.728840  0.800726  0.564051  0.721100  0.552076  0.600146  0.720279  0.779628  0.761232  0.801990  0.826513  0.624218  0.719968  0.680453  0.634482  0.681113  0.698335  0.634325  0.378145  0.652572  0.618290  0.659126  0.676758  0.693428  0.692321 
26  0.307555  0.613739  0.875007  0.320198  0.416666  0.580505  0.367131  0.135273  0.457401  0.257050  0.339589  0.281204  0.280080  0.785618  0.364943  0.347336  0.689375  0.601693  0.283478  0.375471  0.286593  0.706507  0.220505  0.438303  0.750891  0.663265 0.0  0.214402  0.257055  0.385850  0.316721  0.339382  0.308060  0.349361  0.786626  0.307921  0.259872  0.701743  0.372978  0.782836  0.719792  0.390628  0.391084  0.251115  0.758722  0.330490  0.274386  0.340979  0.252881  0.276923  0.326070  0.279377  0.357508  0.202655  0.479270  0.208556  0.297168  0.400869  0.621382  0.179364  0.298754  0.256784  0.232219  0.845108  0.267004  0.374638  0.376637  0.809240  0.764475  0.410846  0.304432  0.335172  0.264794  0.438318  0.326534  0.379042  0.341828  0.401086  0.262350  0.735224  0.163637  0.229093  0.595219  0.349916  0.366398  0.367156  0.371409  0.202185  0.596938  0.259224  0.277071  0.247530  0.403351  0.556561  0.317880  0.513709  0.180184  0.710036  0.284636  0.178828  0.281464  0.143602  0.353776  0.212055  0.334991  0.202819  0.168616  0.780114  0.340490  0.391384  0.345912  0.365527  0.413082  0.327241  0.352309  0.336817  0.492886  0.398776  0.367679  0.683374  0.303039  0.357207  0.373692  0.602119  0.380814  0.270640  0.317253  0.510515  0.686490  0.395507  0.201131  0.375280  0.488020  0.526443  0.761617  0.372560  0.242323  0.309764  0.251012  0.620579  0.163761  0.339717  0.665513  0.278612  0.295088  0.295459 
