146
0 0.0  0.801329  0.829503  0.241444  0.293302  0.515720  0.228710  0.310381  0.333411  0.399504  0.215228  0.358959  0.311498  0.724257  0.421879  0.353076  0.726940  0.666695  0.289757  0.418070  0.282107  0.690683  0.389317  0.560157  0.834045  0.654232  0.379529  0.300008  0.387940  0.319595  0.353422  0.319578  0.296180  0.453160  0.737648  0.294163  0.384241  0.734781  0.291667  0.760010  0.772923  0.337083  0.164427  0.283361  0.706511  0.331081  0.343760  0.247517  0.373335  0.371262  0.229834  0.398191  0.180344  0.369090  0.469680  0.350712  0.353293  0.371111  0.532761  0.380585  0.327463  0.351668  0.382577  0.862164  0.308810  0.244778  0.251016  0.800513  0.694629  0.432921  0.247667  0.313446  0.410469  0.387636  0.440333  0.223394  0.294148  0.332680  0.322829  0.726470  0.344167  0.343948  0.753514  0.335541  0.251336  0.402267  0.370305  0.367215  0.635923  0.381258  0.441941  0.394997  0.475525  0.497247  0.216130  0.544678  0.293649  0.749987  0.374878  0.377428  0.328181  0.357207  0.431571  0.359408  0.303630  0.341357  0.296858  0.629766  0.238124  0.322504  0.347549  0.310046  0.325491  0.241042  0.425618  0.304990  0.521813  0.379337  0.321162  0.825907  0.458423  0.284969  0.305820  0.708734  0.220100  0.355827  0.324286  0.498547  0.788501  0.340115  0.359489  0.271465  0.396654  0.423289  0.664162  0.239239  0.464770  0.357513  0.398369  0.581222  0.320250  0.309260  0.772243  0.359044  0.439176  0.294580 
1  0.801329 0.0  0.251157  0.775815  0.720999  0.737594  0.701256  0.854386  0.706775  0.891401  0.711695  0.784984  0.794673  0.773691  0.769792  0.817620  0.703234  0.610305  0.700433  0.608848  0.740517  0.553613  0.703557  0.446009  0.592189  0.659809  0.912634  0.766015  0.800038  0.719930  0.668232  0.744375  0.613622  0.824197  0.457041  0.740760  0.700960  0.588522  0.762405  0.323097  0.574830  0.747931  0.941053  0.773468  0.637472  0.649668  0.786968  0.758511  0.735899  0.731766  0.675148  0.630542  0.866748  0.778762  0.635900  0.778622  0.782835  0.642101  0.612455  0.678203  0.766515  0.688681  0.710698  0.752140  0.768097  0.790923  0.704524  0.427696  0.647942  0.634583  0.759737  0.770688  0.608468  0.815213  0.841124  0.824640  0.718060  0.701021  0.699765  0.463194  0.770636  0.823149  0.784212  0.739323  0.796924  0.733502  0.579047  0.882057  0.540432  0.762494  0.626640  0.709347  0.804647  0.453895  0.752944  0.670461  0.813551  0.351158  0.695986  0.705855  0.738395  0.723301  0.840492  0.723617  0.783011  0.666445  0.770172  0.648833  0.704479  0.757553  0.717435  0.696983  0.963913  0.769667  0.542493  0.748177  0.485388  0.811687  0.798267  0.462826  0.770759  0.843991  0.882859  0.432171  0.765265  0.792258  0.674172  0.738043  0.740590  0.794604  0.579184  0.744702  0.672708  0.607323  0.775400  0.708440  0.836937  0.642832  0.702438  0.656807  0.773485  0.796508  0.582961  0.740940  0.792671  0.705724 
2  0.829503  0.251157 0.0  0.662443  0.721282  0.740434  0.743636  0.757062  0.753020  0.900613  0.766307  0.647208  0.739271  0.678620  0.628662  0.614473  0.634499  0.622275  0.758309  0.664132  0.719174  0.476752  0.762210  0.510749  0.686009  0.791283  0.727110  0.794067  0.762222  0.763188  0.797549  0.744691  0.701763  0.759258  0.412822  0.751854  0.752099  0.714958  0.744270  0.285718  0.646845  0.666923  0.733107  0.773955  0.542772  0.684047  0.739224  0.774062  0.726458  0.814101  0.832410  0.791667  0.840518  0.754898  0.714867  0.848322  0.726598  0.604149  0.601293  0.767939  0.798890  0.698780  0.853305  0.565401  0.685655  0.723079  0.671378  0.428377  0.659406  0.631698  0.801865  0.843612  0.785861  0.780235  0.864143  0.726973  0.789849  0.721828  0.674327  0.496922  0.832074  0.675485  0.669715  0.799780  0.673448  0.662414  0.603971  0.594077  0.643232  0.795361  0.579485  0.745654  0.792984  0.439441  0.788098  0.777299  0.794234  0.314237  0.782974  0.778808  0.659787  0.789507  0.869366  0.695846  0.845101  0.702649  0.797401  0.579996  0.853795  0.604452  0.670884  0.761712  0.712377  0.684879  0.666545  0.710022  0.520562  0.665933  0.721544  0.358097  0.684813  0.777925  0.721220  0.412432  0.768817  0.703544  0.784423  0.746591  0.601769  0.712162  0.748689  0.729647  0.697585  0.634837  0.631691  0.801078  0.765728  0.756925  0.684679  0.610578  0.800287  0.787020  0.697382  0.819024  0.830623  0.650844 
3  0.241444  0.775815  0.662443 0.0  0.298432  0.487317  0.200884  0.345578  0.391846  0.345646  0.259457  0.401157  0.298644  0.624327  0.330459  0.317769  0.646119  0.592650  0.234947  0.395781  0.222970  0.761148  0.387231  0.493118  0.641665  0.691457  0.315895  0.400053  0.348972  0.252275  0.382737  0.300259  0.266339  0.433193  0.856615  0.298230  0.338797  0.720779  0.359613  0.656360  0.698453  0.327159  0.192317  0.163930  0.631211  0.274292  0.327137  0.193251  0.364727  0.354408  0.199315  0.391796  0.182258  0.393389  0.559736  0.283831  0.334254  0.299322  0.507094  0.296735  0.241632  0.303978  0.434327  0.693261  0.407787  0.160197  0.181337  0.771580  0.778535  0.390295  0.243605  0.325160  0.353678  0.443806  0.469355  0.192312  0.346337  0.319263  0.275959  0.735357  0.359451  0.345690  0.625979  0.295715  0.247636  0.318576  0.396441  0.334856  0.671352  0.357516  0.400523  0.399167  0.440469  0.527179  0.199172  0.606059  0.279641  0.702044  0.315797  0.344188  0.338284  0.329790  0.500158  0.356316  0.308202  0.310330  0.353990  0.707304  0.164743  0.355063  0.314641  0.280666  0.336392  0.249552  0.406751  0.247166  0.530561  0.296896  0.267736  0.750402  0.418142  0.238914  0.313972  0.687103  0.258584  0.238663  0.253137  0.482888  0.801768  0.325022  0.374690  0.288379  0.435944  0.433574  0.749536  0.248746  0.349098  0.349310  0.331606  0.602080  0.349072  0.311592  0.651128  0.312699  0.370968  0.257027 
4  0.293302  0.720999  0.721282  0.298432 0.0  0.483256  0.296549  0.393619  0.457361  0.309075  0.299407  0.344452  0.340212  0.760317  0.397314  0.308605  0.704894  0.504907  0.302383  0.457177  0.253054  0.734492  0.325769  0.463992  0.709075  0.703452  0.378496  0.355708  0.426790  0.202058  0.321579  0.230416  0.356455  0.401405  0.724187  0.288149  0.386776  0.670671  0.241085  0.564224  0.759212  0.377579  0.261405  0.292344  0.582776  0.378332  0.333843  0.289902  0.346858  0.372866  0.290373  0.301655  0.284075  0.364027  0.485291  0.363438  0.359301  0.388735  0.438441  0.380473  0.357329  0.301725  0.377519  0.728873  0.386261  0.273731  0.285778  0.795555  0.821720  0.426208  0.262893  0.285058  0.330513  0.420377  0.488445  0.277884  0.287981  0.243345  0.282386  0.739939  0.406217  0.400041  0.698826  0.280966  0.281911  0.317050  0.404163  0.350115  0.710932  0.343728  0.392820  0.361809  0.576039  0.466364  0.293154  0.526459  0.375302  0.751714  0.358141  0.350913  0.374753  0.344835  0.490306  0.389883  0.296073  0.341264  0.405355  0.807894  0.269800  0.302347  0.277754  0.242234  0.209057  0.240002  0.320054  0.188389  0.532897  0.405223  0.297539  0.701846  0.406114  0.241703  0.210233  0.694217  0.285428  0.339988  0.239609  0.452557  0.748229  0.298745  0.288365  0.284065  0.488410  0.436190  0.824100  0.272207  0.355432  0.380198  0.325078  0.575820  0.395122  0.252869  0.741911  0.398241  0.398082  0.313276 
5  0.515720  0.737594  0.740434  0.487317  0.483256 0.0  0.551598  0.601532  0.452118  0.639319  0.517723  0.584074  0.532184  0.624593  0.502747  0.589312  0.695992  0.638162  0.521011  0.243941  0.573854  0.631471  0.582277  0.608766  0.722522  0.666700  0.598665  0.526739  0.676174  0.522582  0.493440  0.518614  0.569629  0.722299  0.819541  0.555842  0.565747  0.622387  0.592369  0.650391  0.627177  0.447832  0.564954  0.471397  0.601379  0.526919  0.657954  0.423600  0.536322  0.605602  0.570842  0.607406  0.475819  0.623804  0.454287  0.535050  0.551378  0.318832  0.395909  0.557361  0.497643  0.474298  0.575526  0.641381  0.515533  0.529842  0.543589  0.703946  0.746406  0.394525  0.650487  0.595548  0.581201  0.470137  0.673781  0.538866  0.639681  0.544513  0.592243  0.636539  0.658034  0.704382  0.577026  0.594089  0.614821  0.506894  0.418329  0.682521  0.650313  0.688662  0.669332  0.589424  0.167626  0.543260  0.518311  0.223166  0.585891  0.794808  0.580539  0.586048  0.567361  0.667214  0.698525  0.536510  0.604549  0.559103  0.541489  0.714967  0.513687  0.595049  0.600578  0.485484  0.582240  0.583248  0.566062  0.609746  0.410892  0.425234  0.657236  0.740095  0.691226  0.609691  0.622056  0.655517  0.542042  0.621975  0.496516  0.432536  0.730655  0.617404  0.529839  0.598284  0.418692  0.406525  0.678834  0.517098  0.724508  0.574904  0.463693  0.673434  0.624923  0.662978  0.675113  0.555285  0.513198  0.546910 
6  0.228710  0.701256  0.743636  0.200884  0.296549  0.551598 0.0  0.342725  0.427133  0.309761  0.248716  0.319206  0.323629  0.611029  0.434106  0.276341  0.733099  0.557435  0.330386  0.495013  0.243160  0.714088  0.362803  0.559830  0.688147  0.779237  0.330964  0.316357  0.370863  0.276682  0.307051  0.317171  0.263662  0.447649  0.810583  0.269265  0.352169  0.544954  0.300768  0.612539  0.614568  0.396371  0.232736  0.192152  0.702606  0.339175  0.277516  0.213540  0.365011  0.370047  0.249158  0.320213  0.244502  0.345548  0.466591  0.383967  0.374656  0.403936  0.538833  0.415177  0.283125  0.318231  0.334978  0.865655  0.437234  0.215134  0.237001  0.668785  0.627555  0.419222  0.252848  0.341287  0.323473  0.328718  0.421002  0.225573  0.253324  0.299417  0.266348  0.649975  0.337083  0.321491  0.675477  0.271018  0.268314  0.331934  0.406260  0.340570  0.682379  0.380272  0.430461  0.372298  0.495369  0.509941  0.250294  0.534941  0.363218  0.809809  0.361705  0.309494  0.334658  0.332390  0.486232  0.341962  0.290818  0.329478  0.369062  0.650037  0.199397  0.283171  0.241393  0.294403  0.317284  0.222298  0.380581  0.290050  0.533800  0.347427  0.304084  0.580322  0.428538  0.208499  0.284018  0.725634  0.248914  0.292165  0.269574  0.516458  0.641188  0.326083  0.429302  0.290915  0.419113  0.463950  0.598346  0.247455  0.371347  0.384355  0.335106  0.585552  0.282771  0.289363  0.744046  0.350921  0.343992  0.305589 
7  0.310381  0.854386  0.757062  0.345578  0.393619  0.601532  0.342725 0.0  0.463153  0.278706  0.377775  0.254767  0.297288  0.689941  0.410884  0.335560  0.634759  0.593577  0.271919  0.439154  0.304541  0.789397  0.199677  0.450209  0.726542  0.629715  0.141940  0.276893  0.257443  0.428963  0.279117  0.371710  0.308641  0.288762  0.868365  0.295504  0.228376  0.763295  0.381142  0.730788  0.717354  0.392276  0.381649  0.352200  0.683374  0.385167  0.307670  0.358334  0.244933  0.249444  0.348213  0.296845  0.387784  0.205826  0.534942  0.187867  0.275175  0.410092  0.542159  0.161914  0.306654  0.238880  0.199532  0.850413  0.256192  0.390077  0.341360  0.735173  0.769433  0.407436  0.348150  0.354711  0.274948  0.452952  0.334358  0.357644  0.385754  0.412506  0.269853  0.736153  0.158404  0.279570  0.700248  0.341257  0.281629  0.386138  0.396780  0.197282  0.667583  0.208393  0.304679  0.244844  0.547799  0.433319  0.357000  0.570142  0.169850  0.853763  0.251632  0.196679  0.269061  0.138644  0.332918  0.203783  0.347934  0.226246  0.191080  0.784513  0.353332  0.373986  0.352489  0.421211  0.392874  0.359547  0.296336  0.319164  0.455578  0.424531  0.357045  0.756116  0.316204  0.390059  0.378819  0.633877  0.372542  0.268262  0.277419  0.545633  0.700815  0.388731  0.210504  0.272475  0.483927  0.520652  0.789725  0.312516  0.212786  0.312346  0.289478  0.619741  0.174122  0.432466  0.562849  0.234183  0.296072  0.226626 
8  0.333411  0.706775  0.753020  0.391846  0.457361  0.452118  0.427133  0.463153 0.0  0.387480  0.437858  0.372240  0.497022  0.699813  0.165304  0.428197  0.596287  0.597095  0.373699  0.360136  0.394699  0.625009  0.422647  0.447421  0.599442  0.576863  0.414011  0.392129  0.490223  0.409804  0.443919  0.454943  0.507176  0.514407  0.696400  0.502918  0.455628  0.594951  0.467718  0.612835  0.616590  0.218988  0.376772  0.390000  0.860130  0.287231  0.414912  0.356516  0.449666  0.476934  0.339792  0.497426  0.376381  0.420552  0.491843  0.452436  0.466246  0.371331  0.474321  0.514714  0.358742  0.447234  0.509230  0.803914  0.514329  0.327743  0.366450  0.713790  0.624352  0.396119  0.459976  0.394931  0.452517  0.184957  0.480968  0.434081  0.422257  0.397008  0.355642  0.698182  0.431067  0.479625  0.699730  0.468043  0.460684  0.425905  0.432856  0.443389  0.698935  0.473545  0.579469  0.436966  0.413671  0.514532  0.346039  0.522217  0.474359  0.698755  0.423194  0.436008  0.390155  0.489131  0.506340  0.404716  0.486796  0.477316  0.435049  0.626112  0.356647  0.412163  0.414076  0.431813  0.446026  0.350353  0.407724  0.450475  0.481043  0.251118  0.447438  0.625410  0.461252  0.369280  0.455705  0.618400  0.403104  0.419576  0.422358  0.494947  0.546158  0.446099  0.500715  0.321177  0.474418  0.465091  0.780446  0.331796  0.492135  0.426852  0.487948  0.659895  0.481563  0.471551  0.637877  0.535841  0.484369  0.405188 
9  0.399504  0.891401  0.900613  0.345646  0.309075  0.639319  0.309761  0.278706  0.387480 0.0  0.393566  0.203180  0.273295  0.805077  0.519039  0.296010  0.662646  0.594712  0.308325  0.463060  0.307653  0.789607  0.219507  0.441851  0.820776  0.757716  0.228420  0.229176  0.214629  0.298474  0.219825  0.379099  0.326683  0.354917  0.710389  0.327051  0.270076  0.607274  0.323354  0.686222  0.680584  0.398178  0.351652  0.309446  0.713886  0.389060  0.348876  0.356197  0.235092  0.250586  0.327508  0.262874  0.340598  0.200033  0.557217  0.254136  0.249391  0.378327  0.652525  0.286360  0.327331  0.389318  0.242071  0.710740  0.268741  0.327478  0.336964  0.666077  0.689830  0.387253  0.295598  0.326164  0.297187  0.424253  0.339499  0.315383  0.347934  0.384272  0.249810  0.724573  0.297081  0.300397  0.658848  0.347871  0.330056  0.331923  0.446048  0.221581  0.663972  0.254955  0.271907  0.220927  0.493950  0.472516  0.390870  0.584089  0.313100  0.898103  0.319086  0.235305  0.267914  0.246955  0.382562  0.281644  0.363904  0.259106  0.266552  0.780230  0.328444  0.359772  0.310851  0.294268  0.327224  0.283242  0.289310  0.323062  0.470947  0.433130  0.339898  0.795792  0.292701  0.297297  0.332507  0.622251  0.412548  0.341484  0.334537  0.524727  0.736695  0.384429  0.246616  0.322471  0.472301  0.403096  0.655531  0.345352  0.265236  0.307349  0.237009  0.594211  0.285615  0.348642  0.691414  0.298792  0.291750  0.313178 
10  0.215228  0.711695  0.766307  0.259457  0.299407  0.517723  0.248716  0.377775  0.437858  0.393566 0.0  0.296463  0.349033  0.687754  0.413439  0.283007  0.614771  0.632560  0.340506  0.433324  0.290019  0.653669  0.363131  0.459821  0.649293  0.700042  0.411651  0.321621  0.355799  0.275977  0.367009  0.274802  0.301514  0.461445  0.831290  0.277626  0.406595  0.752188  0.297790  0.722925  0.639881  0.335763  0.222986  0.242775  0.754502  0.352628  0.349913  0.236901  0.378825  0.382480  0.292176  0.401073  0.246418  0.321272  0.469224  0.339261  0.351652  0.402547  0.499258  0.406983  0.354793  0.345983  0.376204  0.627167  0.404221  0.276207  0.252812  0.690339  0.801527  0.395081  0.292059  0.283998  0.380857  0.412506  0.435694  0.208036  0.306103  0.296078  0.269617  0.698244  0.340290  0.366143  0.620727  0.307758  0.286968  0.316342  0.410621  0.416787  0.624120  0.404644  0.399876  0.383382  0.484683  0.505123  0.264754  0.551809  0.340360  0.746164  0.386564  0.408560  0.343109  0.400212  0.514032  0.418154  0.298855  0.351715  0.354379  0.780179  0.295183  0.327543  0.315528  0.289530  0.268503  0.265166  0.368349  0.308765  0.525528  0.350977  0.316712  0.655461  0.404718  0.279009  0.268611  0.699867  0.261905  0.312815  0.305877  0.495846  0.728839  0.300496  0.422406  0.278510  0.487044  0.484830  0.745536  0.269439  0.470606  0.366852  0.338871  0.684915  0.376665  0.279195  0.640759  0.372445  0.391576  0.309037 
11  0.358959  0.784984  0.647208  0.401157  0.344452  0.584074  0.319206  0.254767  0.372240  0.203180  0.296463 0.0  0.270803  0.782678  0.544713  0.309240  0.667849  0.602623  0.295360  0.436054  0.277120  0.625307  0.234450  0.382519  0.614816  0.817979  0.298688  0.246713  0.186179  0.348328  0.175036  0.340543  0.271296  0.306082  0.638816  0.268520  0.203444  0.658111  0.346886  0.731371  0.621958  0.397061  0.385985  0.385502  0.772206  0.338355  0.292569  0.314729  0.204184  0.244262  0.305250  0.166588  0.340381  0.261244  0.563898  0.252501  0.167699  0.492257  0.452468  0.301440  0.297902  0.322013  0.232624  0.725626  0.300394  0.383969  0.329654  0.604110  0.691853  0.359564  0.340456  0.406581  0.287452  0.447647  0.350570  0.305902  0.335753  0.284412  0.183061  0.673350  0.281098  0.302820  0.692977  0.297882  0.283743  0.304099  0.367178  0.303885  0.647557  0.285201  0.268562  0.234680  0.586211  0.436847  0.366428  0.578514  0.268906  0.697542  0.277231  0.228790  0.229744  0.249740  0.340432  0.303443  0.254397  0.268927  0.282016  0.766962  0.299838  0.265906  0.241132  0.331780  0.387667  0.339518  0.251068  0.345894  0.487246  0.478828  0.265670  0.672487  0.302222  0.339922  0.385437  0.636352  0.371319  0.319519  0.239547  0.537776  0.664436  0.294675  0.248804  0.284522  0.495555  0.366769  0.683869  0.373163  0.258132  0.286791  0.277806  0.614904  0.268271  0.345152  0.711319  0.235697  0.254871  0.220387 
12  0.311498  0.794673  0.739271  0.298644  0.340212  0.532184  0.323629  0.297288  0.497022  0.273295  0.349033  0.270803 0.0  0.650476  0.404831  0.355616  0.764750  0.608331  0.229377  0.482899  0.298449  0.747559  0.284353  0.458690  0.753742  0.841742  0.265655  0.329594  0.301953  0.335802  0.282186  0.304918  0.304555  0.401640  0.719674  0.266913  0.330106  0.706425  0.387733  0.688471  0.622214  0.427003  0.318164  0.336926  0.747905  0.326086  0.298263  0.343556  0.292958  0.267404  0.303606  0.279220  0.354968  0.299179  0.596232  0.281587  0.257464  0.432195  0.572782  0.315550  0.319431  0.377506  0.317768  0.778977  0.347023  0.300415  0.312470  0.707774  0.718420  0.362213  0.316688  0.337752  0.267330  0.366812  0.394102  0.325496  0.315858  0.298176  0.280043  0.705879  0.337697  0.286283  0.645974  0.312713  0.314629  0.284793  0.456137  0.285911  0.693585  0.305362  0.329403  0.329872  0.462201  0.465036  0.304608  0.589574  0.302657  0.725489  0.295879  0.293430  0.297345  0.316374  0.426457  0.286510  0.291458  0.293417  0.279004  0.894894  0.298054  0.300900  0.295770  0.316540  0.378836  0.353890  0.396947  0.329728  0.557986  0.435650  0.301770  0.681091  0.392318  0.333973  0.358979  0.742749  0.392349  0.288409  0.269034  0.571709  0.687414  0.342949  0.288226  0.252393  0.459010  0.534116  0.611077  0.317797  0.274644  0.295704  0.307874  0.623299  0.292927  0.353360  0.637923  0.361516  0.297412  0.280386 
13  0.724257  0.773691  0.678620  0.624327  0.760317  0.624593  0.611029  0.689941  0.699813  0.805077  0.687754  0.782678  0.650476 0.0  0.685182  0.566019  0.590003  0.530207  0.732621  0.611764  0.717373  0.743309  0.770109  0.463878  0.706587  0.729922  0.836541  0.761874  0.872718  0.705180  0.770902  0.664676  0.745100  0.797053  0.660229  0.653795  0.721927  0.682597  0.704450  0.553302  0.716548  0.625980  0.679585  0.734353  0.283150  0.721703  0.793620  0.707468  0.823238  0.752742  0.606055  0.759781  0.672264  0.726374  0.630478  0.734392  0.694622  0.580694  0.514413  0.826278  0.712795  0.762506  0.734355  0.701992  0.829692  0.637799  0.694715  0.659084  0.671591  0.619648  0.666293  0.756008  0.669431  0.629553  0.900504  0.644060  0.719608  0.776707  0.811339  0.572878  0.645351  0.720136  0.748945  0.790087  0.748458  0.718859  0.473259  0.790336  0.615158  0.757693  0.750484  0.666216  0.642750  0.499560  0.736011  0.634283  0.812529  0.670660  0.746534  0.731070  0.845149  0.777636  0.956116  0.786253  0.716649  0.745252  0.786980  0.644240  0.690819  0.669009  0.639064  0.714042  0.611468  0.621929  0.711772  0.801375  0.511561  0.792046  0.877178  0.549793  0.820311  0.750972  0.669403  0.654185  0.639507  0.678506  0.827417  0.783771  0.455539  0.654982  0.714691  0.778594  0.676067  0.613851  0.654684  0.739638  0.757182  0.696047  0.717113  0.500919  0.801488  0.739161  0.682213  0.690993  0.770318  0.722100 
14  0.421879  0.769792  0.628662  0.330459  0.397314  0.502747  0.434106  0.410884  0.165304  0.519039  0.413439  0.544713  0.404831  0.685182 0.0  0.396133  0.670959  0.547820  0.352307  0.422939  0.464784  0.663478  0.417781  0.560298  0.733828  0.645780  0.415086  0.367783  0.490670  0.494098  0.407175  0.424872  0.402909  0.542409  0.790480  0.423122  0.418475  0.640710  0.431145  0.632278  0.740736  0.197567  0.395681  0.384738  0.809791  0.386181  0.469691  0.380913  0.453246  0.472166  0.330813  0.408759  0.365929  0.371263  0.498234  0.346849  0.401139  0.304272  0.522773  0.403774  0.298435  0.369539  0.408342  0.667628  0.488193  0.361597  0.424775  0.785673  0.669808  0.364599  0.469563  0.385396  0.372436  0.202025  0.558761  0.308742  0.446776  0.346573  0.421233  0.726721  0.500377  0.388659  0.614789  0.431667  0.424163  0.449243  0.389634  0.445764  0.606251  0.508183  0.495172  0.489070  0.469066  0.437431  0.325902  0.436991  0.407067  0.741619  0.408234  0.436361  0.405677  0.419410  0.500163  0.414046  0.390855  0.460538  0.442770  0.638015  0.311037  0.444199  0.413601  0.414795  0.450786  0.344581  0.452450  0.412158  0.459453  0.237513  0.435929  0.681355  0.476509  0.351098  0.474561  0.648685  0.400616  0.385007  0.446466  0.471195  0.742184  0.461806  0.383042  0.453395  0.473928  0.439774  0.687077  0.416988  0.352127  0.353293  0.442559  0.572193  0.465036  0.460920  0.605580  0.414121  0.494572  0.320811 
15  0.353076  0.817620  0.614473  0.317769  0.308605  0.589312  0.276341  0.335560  0.428197  0.296010  0.283007  0.309240  0.355616  0.566019  0.396133 0.0  0.630545  0.639805  0.351703  0.467090  0.203615  0.761978  0.291447  0.490679  0.725487  0.704277  0.381977  0.322228  0.323280  0.300164  0.288837  0.295928  0.237304  0.359217  0.688242  0.205772  0.287556  0.735143  0.271468  0.705617  0.704174  0.382692  0.337507  0.303165  0.742122  0.350977  0.188931  0.300770  0.308403  0.351088  0.307662  0.274023  0.347168  0.316478  0.476724  0.343398  0.327535  0.471324  0.604967  0.346853  0.331466  0.264254  0.329943  0.794729  0.391892  0.288164  0.351396  0.633700  0.691418  0.408112  0.255267  0.277221  0.337010  0.409541  0.394146  0.349239  0.306936  0.324243  0.229024  0.741415  0.384004  0.394736  0.699738  0.210198  0.183508  0.181752  0.370225  0.336490  0.683174  0.365713  0.378029  0.339651  0.578058  0.418855  0.355651  0.545133  0.337559  0.737816  0.319631  0.351575  0.328234  0.370882  0.479038  0.393206  0.197470  0.342687  0.327569  0.686204  0.307254  0.228665  0.197044  0.289307  0.260734  0.230335  0.357898  0.320009  0.565077  0.414339  0.215824  0.649191  0.374071  0.240562  0.282816  0.620712  0.322500  0.209627  0.189160  0.591786  0.831861  0.215131  0.312522  0.270929  0.474756  0.450775  0.559711  0.287311  0.307235  0.325907  0.323517  0.543251  0.351984  0.307855  0.649578  0.302112  0.390901  0.285747 
16  0.726940  0.703234  0.634499  0.646119  0.704894  0.695992  0.733099  0.634759  0.596287  0.662646  0.614771  0.667849  0.764750  0.590003  0.670959  0.630545 0.0  0.612630  0.683805  0.645597  0.718847  0.586101  0.694959  0.498413  0.626830  0.649384  0.548295  0.665482  0.616060  0.667623  0.634134  0.733424  0.704716  0.696599  0.560557  0.599919  0.640303  0.459332  0.636659  0.615158  0.662225  0.674762  0.677814  0.650146  0.651860  0.625193  0.528561  0.683445  0.752385  0.669969  0.626415  0.733767  0.712667  0.781484  0.622076  0.767372  0.602256  0.646510  0.394235  0.651389  0.659369  0.665267  0.546834  0.607247  0.659614  0.569942  0.611004  0.546514  0.578773  0.482195  0.685462  0.607214  0.729928  0.686940  0.687671  0.764394  0.671165  0.673424  0.619981  0.636739  0.709643  0.747028  0.623780  0.651278  0.700747  0.658976  0.630871  0.683390  0.334234  0.609668  0.754319  0.754146  0.696395  0.498661  0.670841  0.621418  0.667633  0.666918  0.658947  0.576072  0.606503  0.719623  0.780002  0.637617  0.667645  0.655439  0.677406  0.605680  0.587079  0.657696  0.588477  0.837301  0.628013  0.528688  0.604493  0.624953  0.423480  0.665719  0.734896  0.607956  0.741089  0.628423  0.781683  0.566614  0.700219  0.599946  0.645299  0.676871  0.624908  0.571053  0.762322  0.639116  0.555735  0.565102  0.686993  0.745236  0.712640  0.681022  0.730612  0.481296  0.612602  0.713762  0.702061  0.713093  0.591609  0.556502 
17  0.666695  0.610305  0.622275  0.592650  0.504907  0.638162  0.557435  0.593577  0.597095  0.594712  0.632560  0.602623  0.608331  0.530207  0.547820  0.639805  0.612630 0.0  0.598475  0.470561  0.541639  0.557214  0.586641  0.465997  0.570571  0.549815  0.562669  0.691981  0.612280  0.566365  0.628892  0.623490  0.551864  0.598789  0.521494  0.657321  0.633316  0.558942  0.593437  0.669217  0.579706  0.570314  0.569164  0.516872  0.565251  0.602117  0.635190  0.656137  0.490629  0.583989  0.586428  0.572221  0.584652  0.520387  0.569700  0.612898  0.553685  0.647493  0.445279  0.635386  0.513857  0.597910  0.694420  0.711500  0.612935  0.631933  0.548886  0.549464  0.596120  0.476711  0.487437  0.631832  0.560202  0.663058  0.699177  0.550948  0.612499  0.527482  0.528231  0.661091  0.476007  0.618124  0.494877  0.614833  0.560477  0.608579  0.521196  0.602955  0.548894  0.648896  0.620714  0.570260  0.525130  0.404845  0.623189  0.591682  0.629180  0.577695  0.557338  0.557156  0.593320  0.563394  0.725100  0.624883  0.538848  0.677802  0.586744  0.656681  0.621898  0.576734  0.579232  0.627952  0.640236  0.528379  0.567381  0.621490  0.367496  0.595616  0.506738  0.452404  0.689724  0.624099  0.608201  0.530596  0.525613  0.568199  0.549495  0.582123  0.524278  0.579754  0.649398  0.616108  0.535421  0.513321  0.596504  0.601899  0.580802  0.512034  0.641986  0.556175  0.565258  0.599576  0.426381  0.615498  0.614108  0.612687 
18  0.289757  0.700433  0.758309  0.234947  0.302383  0.521011  0.330386  0.271919  0.373699  0.308325  0.340506  0.295360  0.229377  0.732621  0.352307  0.351703  0.683805  0.598475 0.0  0.483028  0.287286  0.785530  0.283088  0.490958  0.657015  0.783620  0.282737  0.285892  0.318008  0.262688  0.268782  0.313006  0.309579  0.318036  0.773157  0.243090  0.309876  0.735183  0.339968  0.639074  0.736311  0.348407  0.297892  0.314826  0.815156  0.289944  0.319763  0.280230  0.301360  0.292310  0.269786  0.350160  0.236317  0.265546  0.532629  0.293657  0.326808  0.308058  0.576099  0.298532  0.261029  0.274456  0.345965  0.742981  0.310766  0.250473  0.306787  0.745706  0.787632  0.359935  0.280055  0.288892  0.346739  0.373801  0.385892  0.288971  0.349182  0.346812  0.331708  0.914437  0.313997  0.311873  0.595294  0.313982  0.325370  0.337013  0.426211  0.292275  0.696076  0.299169  0.355300  0.339209  0.365378  0.507470  0.239747  0.507762  0.296602  0.705554  0.303634  0.309625  0.355612  0.295250  0.443995  0.281002  0.332194  0.279369  0.254898  0.793712  0.271039  0.334410  0.312206  0.369104  0.367557  0.346114  0.335699  0.336011  0.544289  0.303956  0.339647  0.838757  0.406584  0.367280  0.335586  0.766591  0.353219  0.321782  0.319249  0.495067  0.680076  0.338668  0.283847  0.312338  0.434145  0.529621  0.705670  0.326280  0.346184  0.356847  0.260924  0.781213  0.251151  0.378613  0.632187  0.354327  0.340644  0.271969 
19  0.418070  0.608848  0.664132  0.395781  0.457177  0.243941  0.495013  0.439154  0.360136  0.463060  0.433324  0.436054  0.482899  0.611764  0.422939  0.467090  0.645597  0.470561  0.483028 0.0  0.424349  0.546434  0.482690  0.510310  0.654690  0.710777  0.528149  0.500862  0.482248  0.461987  0.444647  0.414786  0.434602  0.531470  0.668123  0.453252  0.492250  0.658331  0.387999  0.670021  0.625542  0.467128  0.439178  0.379231  0.610001  0.386840  0.395294  0.386837  0.489240  0.544358  0.495428  0.459886  0.369930  0.445746  0.382646  0.460608  0.438325  0.381878  0.438367  0.545263  0.433629  0.480653  0.460746  0.715056  0.463198  0.392536  0.486536  0.660269  0.631403  0.339259  0.478535  0.443317  0.399088  0.396378  0.466252  0.473490  0.422292  0.505055  0.491359  0.706042  0.472593  0.437007  0.619837  0.451914  0.451812  0.403044  0.367196  0.471178  0.559360  0.451778  0.561138  0.445424  0.315684  0.494335  0.404169  0.271163  0.523980  0.745385  0.495091  0.444555  0.401793  0.495399  0.662123  0.413056  0.434611  0.410124  0.471244  0.665361  0.440722  0.502609  0.435115  0.437508  0.491662  0.387071  0.436385  0.332805  0.517630  0.443702  0.486614  0.579294  0.523915  0.421093  0.487331  0.635756  0.420806  0.397090  0.398279  0.401515  0.653125  0.443031  0.444233  0.457241  0.416886  0.459729  0.587657  0.396253  0.456699  0.388503  0.437087  0.532293  0.496123  0.517917  0.606507  0.407178  0.498028  0.452003 
20  0.282107  0.740517  0.719174  0.222970  0.253054  0.573854  0.243160  0.304541  0.394699  0.307653  0.290019  0.277120  0.298449  0.717373  0.464784  0.203615  0.718847  0.541639  0.287286  0.424349 0.0  0.647103  0.289006  0.481396  0.638140  0.630048  0.318349  0.356719  0.321537  0.270962  0.305630  0.288011  0.208987  0.407325  0.635722  0.190381  0.292071  0.698614  0.295022  0.670045  0.562830  0.437358  0.282533  0.266632  0.743314  0.347286  0.182134  0.287142  0.300863  0.285604  0.263005  0.293691  0.290777  0.301188  0.555070  0.330357  0.266019  0.418044  0.538748  0.342638  0.324610  0.267702  0.274179  0.824890  0.352791  0.268428  0.246235  0.605042  0.730134  0.361875  0.238667  0.307753  0.255996  0.431067  0.352638  0.246093  0.338965  0.291972  0.207663  0.663399  0.298647  0.382975  0.507884  0.219132  0.182179  0.209321  0.375435  0.333280  0.653032  0.397022  0.321123  0.334786  0.530127  0.452042  0.248949  0.597918  0.318946  0.776672  0.275678  0.331565  0.288681  0.301841  0.475893  0.297811  0.221888  0.314556  0.346611  0.619740  0.260638  0.228315  0.188094  0.270742  0.282093  0.254535  0.305840  0.221103  0.460342  0.443984  0.205067  0.761648  0.418029  0.260407  0.269650  0.601232  0.286880  0.227135  0.168892  0.478608  0.738218  0.215777  0.243357  0.207973  0.455664  0.399153  0.694656  0.265048  0.325576  0.273658  0.313682  0.633647  0.320349  0.289346  0.698642  0.277352  0.328111  0.243449 
21  0.690683  0.553613  0.476752  0.761148  0.734492  0.631471  0.714088  0.789397  0.625009  0.789607  0.653669  0.625307  0.747559  0.743309  0.663478  0.761978  0.586101  0.557214  0.785530  0.546434  0.647103 0.0  0.814242  0.468793  0.671446  0.616840  0.801655  0.741156  0.692483  0.653826  0.665075  0.798420  0.756863  0.794074  0.246906  0.757745  0.750952  0.635296  0.741832  0.450282  0.574984  0.686745  0.725082  0.660085  0.621560  0.682426  0.654036  0.819657  0.717408  0.792045  0.707131  0.752967  0.704671  0.702760  0.655333  0.755896  0.740077  0.583198  0.466219  0.749792  0.644109  0.708024  0.748711  0.797648  0.813558  0.767582  0.675288  0.263575  0.626333  0.540767  0.618037  0.633853  0.596947  0.682099  0.883511  0.709628  0.769121  0.761751  0.612312  0.315198  0.648323  0.747382  0.736019  0.743076  0.660076  0.659321  0.614795  0.761452  0.572839  0.752388  0.653313  0.747769  0.705618  0.504240  0.759685  0.772842  0.764923  0.607720  0.731196  0.701335  0.796512  0.776486  0.842713  0.630909  0.694068  0.657426  0.704775  0.686493  0.648154  0.725165  0.777265  0.607402  0.726832  0.649725  0.783479  0.715810  0.503778  0.716593  0.601477  0.252710  0.816554  0.708839  0.766020  0.348580  0.692941  0.669787  0.753466  0.688487  0.776164  0.675876  0.781263  0.685455  0.658301  0.628941  0.715050  0.796065  0.854897  0.664013  0.747349  0.565745  0.668794  0.709602  0.618019  0.577045  0.680356  0.652753 
22  0.389317  0.703557  0.762210  0.387231  0.325769  0.582277  0.362803  0.199677  0.422647  0.219507  0.363131  0.234450  0.284353  0.770109  0.417781  0.291447  0.694959  0.586641  0.283088  0.482690  0.289006  0.814242 0.0  0.463425  0.759594  0.740607  0.231403  0.242701  0.169349  0.319369  0.244262  0.341129  0.338163  0.301994  0.668365  0.313905  0.148733  0.639426  0.355788  0.588394  0.660153  0.409884  0.364461  0.354980  0.701156  0.350592  0.333946  0.394110  0.182564  0.226893  0.349458  0.279798  0.397719  0.240867  0.508890  0.247814  0.204788  0.385711  0.424968  0.242435  0.308175  0.337268  0.198146  0.713815  0.250546  0.360726  0.399328  0.666259  0.810352  0.343017  0.392595  0.350041  0.240259  0.457267  0.276323  0.343921  0.425941  0.406872  0.250142  0.684383  0.282356  0.277260  0.682603  0.324048  0.298823  0.308634  0.422496  0.196187  0.672708  0.272439  0.250836  0.232968  0.600121  0.566742  0.381631  0.569302  0.233406  0.715812  0.284205  0.236776  0.261482  0.204157  0.306406  0.234002  0.349859  0.229606  0.247967  0.693588  0.373080  0.334965  0.274598  0.327593  0.441564  0.300424  0.256479  0.326517  0.402825  0.433565  0.339626  0.764625  0.269383  0.362673  0.337795  0.690447  0.397551  0.365638  0.290405  0.463957  0.817877  0.289838  0.211598  0.308905  0.483532  0.431546  0.644710  0.341989  0.224357  0.304946  0.254639  0.625992  0.249373  0.390928  0.563240  0.229141  0.199595  0.281957 
23  0.560157  0.446009  0.510749  0.493118  0.463992  0.608766  0.559830  0.450209  0.447421  0.441851  0.459821  0.382519  0.458690  0.463878  0.560298  0.490679  0.498413  0.465997  0.490958  0.510310  0.481396  0.468793  0.463425 0.0  0.457290  0.530983  0.536645  0.546749  0.445319  0.453709  0.377586  0.588930  0.508805  0.463997  0.406593  0.423081  0.443848  0.463231  0.571240  0.459768  0.473048  0.539716  0.534127  0.480762  0.521376  0.502256  0.452722  0.490731  0.421427  0.505636  0.468232  0.443833  0.594957  0.450060  0.481566  0.548436  0.411263  0.608649  0.444354  0.499464  0.465128  0.405774  0.456875  0.543503  0.434712  0.539272  0.473339  0.424344  0.422715  0.475683  0.445302  0.513452  0.485816  0.484677  0.500596  0.504876  0.586498  0.464873  0.446019  0.455849  0.494351  0.539928  0.563625  0.524086  0.487025  0.450477  0.586092  0.532759  0.435295  0.501079  0.486966  0.444309  0.490576  0.369702  0.504769  0.478297  0.558731  0.433315  0.470551  0.514048  0.437219  0.465649  0.583391  0.477422  0.480387  0.521688  0.514370  0.696239  0.533723  0.419267  0.482989  0.508079  0.447426  0.400625  0.409947  0.522039  0.455280  0.563286  0.448348  0.482369  0.551542  0.451564  0.411695  0.454841  0.571245  0.491680  0.321869  0.498450  0.415703  0.345012  0.467429  0.450754  0.507202  0.488121  0.515172  0.475053  0.399173  0.484186  0.517115  0.579000  0.484828  0.479835  0.423820  0.500618  0.540268  0.392056 
24  0.834045  0.592189  0.686009  0.641665  0.709075  0.722522  0.688147  0.726542  0.599442  0.820776  0.649293  0.614816  0.753742  0.706587  0.733828  0.725487  0.626830  0.570571  0.657015  0.654690  0.638140  0.671446  0.759594  0.457290 0.0  0.208384  0.677236  0.810673  0.741257  0.499200  0.831463  0.685896  0.769192  0.864009  0.663478  0.738527  0.725259  0.456938  0.767427  0.643176  0.391524  0.587655  0.682997  0.644256  0.644820  0.645631  0.694683  0.715422  0.742620  0.702976  0.516562  0.699730  0.701365  0.771240  0.516345  0.721629  0.707697  0.620529  0.445304  0.885656  0.669249  0.683669  0.726642  0.774702  0.684118  0.736706  0.641445  0.706474  0.666299  0.644354  0.713834  0.679526  0.735225  0.616496  0.846591  0.727987  0.780565  0.623343  0.675868  0.626164  0.746260  0.784408  0.684069  0.780266  0.503638  0.771235  0.641420  0.662583  0.569675  0.827052  0.793687  0.741694  0.568996  0.542303  0.627000  0.655422  0.839640  0.794283  0.698215  0.707945  0.745956  0.766658  0.811660  0.722843  0.795547  0.858601  0.738323  0.610269  0.589766  0.706159  0.767291  0.729075  0.868620  0.760414  0.744877  0.762325  0.518836  0.669550  0.717064  0.651498  0.658503  0.694906  0.732421  0.579684  0.659463  0.673402  0.683193  0.712480  0.749168  0.663074  0.702319  0.739291  0.661108  0.612509  0.721545  0.639562  0.852986  0.587025  0.733373  0.400400  0.784346  0.811157  0.688477  0.753663  0.729604  0.669981 
25  0.654232  0.659809  0.791283  0.691457  0.703452  0.666700  0.779237  0.629715  0.576863  0.757716  0.700042  0.817979  0.841742  0.729922  0.645780  0.704277  0.649384  0.549815  0.783620  0.710777  0.630048  0.616840  0.740607  0.530983  0.208384 0.0  0.741073  0.839761  0.744399  0.745453  0.644706  0.687559  0.740530  0.784867  0.665672  0.682063  0.764008  0.402563  0.713343  0.685656  0.472738  0.564168  0.707813  0.648260  0.755778  0.748033  0.739898  0.677636  0.712582  0.854347  0.746479  0.649704  0.655533  0.749828  0.785686  0.762758  0.743615  0.512006  0.443179  0.746909  0.753115  0.624523  0.819731  0.653344  0.720171  0.706409  0.735258  0.737527  0.619602  0.543723  0.758545  0.747067  0.760329  0.837777  1.000000  0.798943  0.688223  0.727371  0.794894  0.721302  0.670713  0.668370  0.611716  0.654312  0.706982  0.657745  0.595134  0.734471  0.554394  0.735304  0.680854  0.659731  0.644972  0.518225  0.774912  0.614091  0.857619  0.668200  0.789442  0.617571  0.742478  0.645561  0.835003  0.715422  0.760418  0.796539  0.729147  0.671769  0.673620  0.740025  0.735575  0.623736  0.710975  0.624820  0.561205  0.731326  0.487202  0.712523  0.787905  0.663256  0.832785  0.652199  0.697046  0.674818  0.780104  0.755322  0.669774  0.688941  0.545294  0.787930  0.807612  0.645694  0.562130  0.744496  0.577307  0.744456  0.816112  0.619732  0.756895  0.342184  0.639890  0.793344  0.669937  0.678181  0.742910  0.682076 
26  0.379529  0.912634  0.727110  0.315895  0.378496  0.598665  0.330964  0.141940  0.414011  0.228420  0.411651  0.298688  0.265655  0.836541  0.415086  0.381977  0.548295  0.562669  0.282737  0.528149  0.318349  0.801655  0.231403  0.536645  0.677236  0.741073 0.0  0.262550  0.255383  0.350721  0.297325  0.314074  0.347786  0.361581  0.799126  0.344930  0.264439  0.767908  0.365319  0.766312  0.630307  0.417165  0.418246  0.359182  0.787471  0.372677  0.360131  0.322817  0.274028  0.275185  0.339961  0.325487  0.362964  0.217308  0.492301  0.211432  0.294435  0.332224  0.526011  0.188468  0.301016  0.272654  0.218104  0.768888  0.248467  0.403409  0.392748  0.723225  0.760752  0.364156  0.373902  0.377151  0.319871  0.377922  0.339450  0.319912  0.387202  0.431517  0.297159  0.777847  0.153323  0.255508  0.700292  0.361924  0.265192  0.350336  0.395305  0.201656  0.603684  0.210346  0.328945  0.241752  0.526745  0.482139  0.370454  0.503947  0.195249  0.751451  0.301870  0.205102  0.267499  0.146415  0.335529  0.220135  0.303002  0.225674  0.192971  0.739359  0.351861  0.365852  0.389327  0.362106  0.368473  0.359185  0.296438  0.319330  0.557706  0.444908  0.322659  0.729545  0.342791  0.334843  0.417594  0.750354  0.391656  0.303241  0.373485  0.475021  0.717476  0.422512  0.202755  0.318337  0.436084  0.458453  0.732879  0.344766  0.244749  0.305363  0.292407  0.692269  0.165802  0.396842  0.663809  0.238023  0.275964  0.294122 
