146
0 0.0  0.838035  0.786220  0.213435  0.265500  0.541074  0.230450  0.284528  0.367734  0.376067  0.221584  0.348546  0.308331  0.714285  0.351031  0.332955  0.700999  0.639852  0.300969  0.394135  0.272198  0.706703  0.389876  0.533361  0.735728  0.649553  0.320447  0.284943  0.422017  0.233719  0.367939  0.290430  0.286453  0.454211  0.715117  0.342008  0.380883  0.721278  0.315621  0.700472  0.755243  0.307904  0.213711  0.254757  0.636641  0.290203  0.324088  0.207242  0.390808  0.324232  0.261839  0.361247  0.171185  0.313875  0.489516  0.356377  0.397078  0.324488  0.488916  0.349923  0.277274  0.356098  0.350865  0.807006  0.399839  0.232294  0.269605  0.610504  0.674465  0.382195  0.244753  0.295256  0.421182  0.394443  0.438345  0.201998  0.326049  0.311846  0.248670  0.566967  0.335225  0.286956  0.678688  0.253313  0.260179  0.319294  0.387935  0.375875  0.664028  0.341541  0.416666  0.368232  0.520227  0.508693  0.189229  0.457110  0.320195  0.758101  0.381754  0.323041  0.340104  0.321228  0.425874  0.337042  0.328896  0.356655  0.325742  0.615555  0.242395  0.367960  0.318439  0.296042  0.282769  0.274628  0.382791  0.279911  0.403391  0.351282  0.289615  0.834360  0.478481  0.278617  0.348712  0.678097  0.210323  0.245564  0.287571  0.406590  0.618531  0.337289  0.362231  0.282692  0.427066  0.423642  0.703080  0.237567  0.357137  0.312052  0.357058  0.673041  0.329904  0.297959  0.672115  0.327548  0.399229  0.281964 
1  0.838035 0.0  0.263696  0.793396  0.665971  0.774480  0.741223  0.721750  0.691113  0.811347  0.653060  0.710049  0.686512  0.675503  0.720134  0.728976  0.700382  0.561949  0.774312  0.660488  0.666440  0.492381  0.747185  0.416503  0.658549  0.759645  0.721913  0.696885  0.643243  0.813402  0.715549  0.760310  0.719672  0.717619  0.467695  0.701892  0.627832  0.650626  0.843626  0.288030  0.515089  0.784923  0.862664  0.838729  0.624210  0.777266  0.722051  0.801305  0.757747  0.707380  0.672863  0.728675  0.725379  0.719998  0.665832  0.766705  0.651638  0.591183  0.457949  0.587601  0.708888  0.731661  0.720269  0.868978  0.729418  0.762731  0.706332  0.390897  0.633240  0.646566  0.706942  0.772708  0.699910  0.842706  0.683531  0.737960  0.649661  0.769279  0.632646  0.365899  0.811375  0.859699  0.783361  0.657207  0.661310  0.747525  0.594332  0.754597  0.556224  0.769769  0.770906  0.706953  0.726301  0.491931  0.778438  0.787894  0.792756  0.348903  0.670472  0.704410  0.753503  0.753578  0.760862  0.727555  0.706347  0.873196  0.673670  0.689140  0.690720  0.671368  0.775955  0.751717  0.701249  0.770390  0.598816  0.874218  0.399705  0.668910  0.693991  0.446650  0.844333  0.735488  0.744493  0.356650  0.956304  0.776499  0.613851  0.714543  0.654509  0.672855  0.825927  0.750456  0.769428  0.600312  0.728970  0.736842  0.846801  0.645035  0.789402  0.486059  0.734899  0.779271  0.607037  0.825476  0.712718  0.578360 
2  0.786220  0.263696 0.0  0.788087  0.780005  0.684310  0.707038  0.659898  0.733009  0.664072  0.623273  0.616754  0.766179  0.677452  0.748872  0.660346  0.548637  0.597904  0.686432  0.713957  0.734568  0.558976  0.720070  0.425226  0.639635  0.747275  0.765534  0.801594  0.629314  0.711061  0.700300  0.664331  0.679101  0.767590  0.373141  0.719894  0.638247  0.616904  0.727841  0.305650  0.638387  0.725747  0.708794  0.797170  0.670338  0.772004  0.751276  0.880846  0.648126  0.626461  0.784895  0.791464  0.754048  0.798534  0.667227  0.820125  0.694683  0.560789  0.539216  0.696993  0.702659  0.662420  0.610128  0.755168  0.703155  0.654882  0.650061  0.368390  0.708409  0.596015  0.697729  0.668998  0.696560  0.755359  0.776181  0.669447  0.619024  0.880597  0.627250  0.458994  0.775962  0.700267  0.756346  0.617166  0.736786  0.690331  0.637377  0.601211  0.563064  0.734014  0.738441  0.858825  0.706034  0.517637  0.793325  0.579106  0.732277  0.359921  0.791728  0.738928  0.724454  0.676689  0.713894  0.804556  0.676760  0.676207  0.784151  0.661975  0.672188  0.740981  0.649187  0.739678  0.845040  0.655913  0.725882  0.791204  0.455473  0.739379  0.672209  0.387335  0.669274  0.625733  0.806876  0.345914  0.906363  0.620882  0.742607  0.750188  0.740202  0.633281  0.799408  0.685289  0.809930  0.670845  0.660945  0.680139  0.720004  0.773713  0.689786  0.546951  0.649681  0.688498  0.686731  0.722027  0.646558  0.708795 
3  0.213435  0.793396  0.788087 0.0  0.261258  0.487131  0.182775  0.343299  0.395128  0.343516  0.233240  0.347951  0.280349  0.672064  0.343379  0.276441  0.685007  0.655942  0.239957  0.393426  0.231058  0.811513  0.346693  0.446381  0.671975  0.696497  0.284142  0.342105  0.345555  0.315427  0.342474  0.302005  0.243565  0.406530  0.652976  0.239417  0.329978  0.697973  0.275476  0.752456  0.725382  0.273937  0.204868  0.162353  0.642521  0.266554  0.303560  0.183601  0.298693  0.315368  0.200088  0.350807  0.180897  0.313602  0.485342  0.313332  0.311269  0.292471  0.511888  0.338892  0.241651  0.271695  0.361609  0.728529  0.408681  0.161951  0.167771  0.790508  0.725670  0.355601  0.231578  0.325453  0.372774  0.382694  0.424440  0.202785  0.335234  0.302750  0.285680  0.667001  0.331955  0.336316  0.704863  0.278871  0.252160  0.310515  0.398812  0.315003  0.629299  0.334854  0.383793  0.401108  0.448860  0.457807  0.179393  0.466020  0.287928  0.783301  0.291417  0.307610  0.376775  0.298637  0.528150  0.379564  0.270077  0.307938  0.338380  0.653644  0.154181  0.314158  0.291874  0.303923  0.289818  0.215096  0.321001  0.248953  0.568009  0.325876  0.283969  0.717372  0.399512  0.222210  0.311070  0.715715  0.222272  0.244932  0.263563  0.447482  0.702644  0.320744  0.365098  0.230183  0.403357  0.385870  0.708077  0.228491  0.352367  0.340069  0.345917  0.577216  0.285430  0.309416  0.601889  0.274334  0.403443  0.237831 
4  0.265500  0.665971  0.780005  0.261258 0.0  0.554460  0.314904  0.383384  0.316915  0.283420  0.269300  0.355329  0.289493  0.701189  0.434796  0.290431  0.677701  0.561259  0.272056  0.391971  0.259913  0.760485  0.291177  0.530954  0.764943  0.754189  0.361764  0.314297  0.391005  0.251046  0.356111  0.231699  0.327247  0.382995  0.674446  0.266363  0.333678  0.629021  0.236477  0.615495  0.748320  0.350371  0.219121  0.258191  0.660395  0.345091  0.302691  0.234498  0.302634  0.318586  0.269785  0.321835  0.319663  0.312949  0.454616  0.363064  0.301573  0.371636  0.453601  0.365965  0.306861  0.347489  0.362377  0.720283  0.363040  0.269401  0.293067  0.725792  0.647351  0.430635  0.278241  0.255377  0.323094  0.410098  0.407514  0.225318  0.207260  0.231705  0.235798  0.671048  0.358654  0.374922  0.718222  0.286572  0.287342  0.306487  0.401210  0.380775  0.560923  0.337739  0.377674  0.356612  0.407794  0.545142  0.293184  0.451482  0.333376  0.740575  0.351571  0.391310  0.281009  0.375340  0.458220  0.396018  0.291757  0.364522  0.375164  0.732540  0.261259  0.287043  0.285875  0.209333  0.211100  0.240308  0.362458  0.173305  0.476048  0.402162  0.282653  0.712080  0.367530  0.238015  0.202490  0.638777  0.292717  0.304285  0.270746  0.371227  0.613014  0.267193  0.297614  0.294348  0.470725  0.357965  0.721560  0.253378  0.423801  0.311967  0.337127  0.569382  0.370743  0.199758  0.557162  0.363267  0.438336  0.261060 
5  0.541074  0.774480  0.684310  0.487131  0.554460 0.0  0.533414  0.599320  0.439964  0.615188  0.559792  0.521899  0.548831  0.600230  0.482413  0.512769  0.584349  0.553844  0.421753  0.255243  0.573018  0.701602  0.564399  0.457378  0.642995  0.624710  0.601618  0.566730  0.526961  0.609781  0.516242  0.552976  0.654227  0.645730  0.717523  0.525439  0.546314  0.600800  0.588713  0.625290  0.718455  0.416102  0.471749  0.542067  0.529866  0.513808  0.615465  0.563121  0.591099  0.500809  0.542349  0.557334  0.494486  0.588893  0.474701  0.489176  0.677329  0.328196  0.456955  0.654668  0.474835  0.517834  0.545116  0.772195  0.666918  0.419584  0.482632  0.504346  0.668356  0.323945  0.545289  0.553529  0.523782  0.505616  0.694262  0.530898  0.571849  0.494978  0.535673  0.689548  0.619958  0.673379  0.620115  0.518213  0.580184  0.550644  0.392865  0.625544  0.600036  0.559670  0.726925  0.581684  0.173813  0.464796  0.507165  0.193979  0.635128  0.666442  0.563960  0.583986  0.490532  0.591994  0.668559  0.532914  0.576847  0.510115  0.614349  0.842007  0.519368  0.542444  0.615452  0.518438  0.555151  0.479194  0.556125  0.563083  0.518802  0.337693  0.533320  0.609244  0.657891  0.612792  0.554753  0.584661  0.536261  0.527123  0.559362  0.517030  0.725704  0.550955  0.600797  0.529530  0.423496  0.374311  0.685605  0.485026  0.625885  0.584100  0.565074  0.558805  0.625602  0.528901  0.531681  0.626076  0.589180  0.449200 
6  0.230450  0.741223  0.707038  0.182775  0.314904  0.533414 0.0  0.304994  0.374529  0.303664  0.266285  0.315609  0.341322  0.695081  0.393378  0.268713  0.696163  0.566339  0.302922  0.398004  0.230148  0.730496  0.312832  0.506986  0.697838  0.711408  0.368064  0.327617  0.376868  0.288940  0.275400  0.287940  0.285845  0.429915  0.743071  0.268394  0.328685  0.716859  0.284442  0.665531  0.635919  0.348304  0.235073  0.190677  0.682008  0.325726  0.275398  0.205056  0.295828  0.318708  0.275914  0.339125  0.262180  0.311555  0.439583  0.352504  0.365376  0.363945  0.551788  0.365056  0.325937  0.321969  0.318207  0.609823  0.390281  0.203197  0.197441  0.645648  0.672375  0.352041  0.226695  0.300122  0.337472  0.350898  0.437756  0.212804  0.242115  0.270133  0.259654  0.660965  0.340465  0.329827  0.534604  0.264446  0.241580  0.316535  0.338885  0.311803  0.630437  0.346731  0.357456  0.286923  0.407780  0.523912  0.200484  0.512287  0.325632  0.705607  0.304598  0.295052  0.318414  0.297372  0.514169  0.354993  0.314682  0.365086  0.325547  0.760394  0.197841  0.268265  0.269700  0.273795  0.260461  0.221954  0.316467  0.253923  0.514947  0.359055  0.282127  0.701040  0.481569  0.210468  0.300278  0.724945  0.235672  0.300532  0.268870  0.442686  0.689941  0.298955  0.301064  0.243272  0.477354  0.431243  0.611283  0.232407  0.370398  0.340560  0.335843  0.689816  0.359381  0.317221  0.559069  0.328233  0.392266  0.245471 
7  0.284528  0.721750  0.659898  0.343299  0.383384  0.599320  0.304994 0.0  0.501103  0.259066  0.327202  0.275616  0.268232  0.737218  0.444488  0.297135  0.634092  0.548174  0.272471  0.459413  0.268516  0.700541  0.201196  0.520683  0.673336  0.698310  0.135204  0.270299  0.215975  0.381851  0.272536  0.347188  0.290492  0.289474  0.776263  0.281235  0.213053  0.658224  0.379506  0.651292  0.655483  0.369841  0.339609  0.307824  0.743193  0.313680  0.295497  0.338862  0.211319  0.244453  0.300189  0.261100  0.329550  0.202869  0.527916  0.198521  0.266017  0.363771  0.472026  0.164089  0.285042  0.257270  0.195629  0.707722  0.219017  0.306458  0.374519  0.773204  0.631229  0.345500  0.383351  0.335091  0.290479  0.415381  0.369943  0.323512  0.345658  0.347255  0.290519  0.826349  0.155443  0.242607  0.708499  0.321130  0.310472  0.373877  0.348680  0.225509  0.701730  0.232490  0.298714  0.233432  0.460538  0.375303  0.311407  0.625992  0.175863  0.814367  0.250164  0.167065  0.237272  0.125589  0.327553  0.193312  0.315318  0.214005  0.176867  0.750823  0.331160  0.367316  0.327584  0.311862  0.434175  0.342837  0.311321  0.321520  0.493505  0.408431  0.337917  0.747703  0.277658  0.338498  0.376713  0.522535  0.341074  0.249976  0.332302  0.441560  0.688878  0.363073  0.178343  0.357797  0.448689  0.459470  0.643386  0.329548  0.255338  0.223430  0.228147  0.657982  0.163032  0.364601  0.486158  0.269906  0.231936  0.297807 
8  0.367734  0.691113  0.733009  0.395128  0.316915  0.439964  0.374529  0.501103 0.0  0.413919  0.400351  0.418334  0.451471  0.691606  0.152076  0.514348  0.672664  0.553653  0.302878  0.366388  0.498236  0.763650  0.488914  0.447584  0.651881  0.598550  0.390267  0.476559  0.456555  0.395105  0.473068  0.481032  0.410016  0.469857  0.652664  0.417793  0.432620  0.711584  0.430894  0.700919  0.717073  0.215077  0.325207  0.400777  0.671282  0.297627  0.470036  0.384862  0.377839  0.459603  0.328580  0.499352  0.328437  0.404563  0.457136  0.357935  0.439449  0.333803  0.418193  0.394638  0.413678  0.354803  0.404175  0.730367  0.490032  0.337303  0.365579  0.693403  0.689009  0.372618  0.460993  0.378011  0.469473  0.182840  0.455571  0.391607  0.404890  0.400429  0.390318  0.719189  0.450889  0.407806  0.635993  0.405854  0.426699  0.377955  0.358311  0.444316  0.629450  0.411166  0.523483  0.439359  0.432323  0.465084  0.311197  0.399931  0.514017  0.759643  0.433455  0.378417  0.371942  0.454537  0.514582  0.432461  0.466781  0.379147  0.490692  0.770709  0.268555  0.406131  0.413651  0.372470  0.446014  0.365499  0.426210  0.404336  0.501254  0.292070  0.411115  0.710147  0.531130  0.352121  0.415443  0.621732  0.382360  0.415299  0.425503  0.414740  0.664559  0.442550  0.451274  0.358127  0.386161  0.369836  0.727096  0.366925  0.467026  0.442414  0.425373  0.634430  0.499814  0.468285  0.668650  0.362645  0.498307  0.356605 
9  0.376067  0.811347  0.664072  0.343516  0.283420  0.615188  0.303664  0.259066  0.413919 0.0  0.339202  0.191708  0.254756  0.649129  0.411171  0.271894  0.663718  0.603418  0.277449  0.424954  0.345131  0.791467  0.205433  0.474456  0.729689  0.701071  0.233913  0.213256  0.222753  0.246510  0.238229  0.344579  0.338654  0.306384  0.739232  0.302546  0.237946  0.681898  0.312994  0.796468  0.642589  0.452762  0.288790  0.311439  0.714168  0.318432  0.324660  0.326753  0.256676  0.228900  0.385189  0.236532  0.362066  0.209267  0.473722  0.221585  0.219503  0.403108  0.491361  0.289550  0.335119  0.361082  0.231189  0.742777  0.287075  0.363503  0.306858  0.703072  0.633157  0.363617  0.370225  0.342809  0.257461  0.337930  0.353182  0.300760  0.400424  0.320495  0.248803  0.811386  0.275364  0.291456  0.697445  0.339597  0.319794  0.300073  0.444424  0.222694  0.588549  0.208999  0.247079  0.223508  0.506723  0.539659  0.350992  0.519510  0.279706  0.677149  0.254250  0.218152  0.262461  0.253774  0.350932  0.232925  0.297692  0.240422  0.280935  0.679886  0.310183  0.301083  0.268185  0.280889  0.297280  0.254990  0.302958  0.339991  0.580006  0.380775  0.338236  0.861975  0.306688  0.250223  0.320265  0.661172  0.355398  0.312678  0.280032  0.511725  0.628181  0.340395  0.217372  0.357680  0.466049  0.474782  0.780693  0.332237  0.282528  0.284718  0.236743  0.635826  0.269414  0.285818  0.553111  0.313294  0.254965  0.293654 
10  0.221584  0.653060  0.623273  0.233240  0.269300  0.559792  0.266285  0.327202  0.400351  0.339202 0.0  0.336520  0.336515  0.687742  0.458620  0.275556  0.581072  0.595394  0.313747  0.350578  0.283684  0.728144  0.356169  0.458911  0.693099  0.705232  0.373505  0.346755  0.367051  0.273588  0.329833  0.236642  0.272840  0.439546  0.802020  0.294577  0.290282  0.713122  0.335737  0.593859  0.721652  0.326353  0.206958  0.283202  0.760614  0.310904  0.294296  0.239767  0.304472  0.396032  0.267108  0.351611  0.237098  0.332533  0.478739  0.316535  0.356342  0.418973  0.481766  0.385179  0.333769  0.328427  0.422131  0.690767  0.402469  0.243645  0.275402  0.635632  0.610009  0.353670  0.260062  0.300805  0.386856  0.354155  0.440467  0.200004  0.277506  0.259108  0.239410  0.548579  0.356597  0.373423  0.805818  0.244443  0.271386  0.328219  0.378242  0.395640  0.497719  0.367978  0.412375  0.282050  0.474039  0.503668  0.246068  0.617216  0.379446  0.592067  0.400684  0.365945  0.351473  0.339910  0.468389  0.394154  0.264723  0.396718  0.368804  0.686416  0.257205  0.301253  0.328031  0.296084  0.272069  0.255438  0.416737  0.314492  0.543030  0.375908  0.321805  0.686658  0.423470  0.217768  0.270880  0.543796  0.256687  0.298125  0.299814  0.570182  0.817884  0.293369  0.333093  0.307813  0.489492  0.398940  0.677109  0.257738  0.369154  0.348556  0.332521  0.628088  0.329785  0.273573  0.675775  0.367781  0.360461  0.311747 
11  0.348546  0.710049  0.616754  0.347951  0.355329  0.521899  0.315609  0.275616  0.418334  0.191708  0.336520 0.0  0.284678  0.660494  0.411151  0.315145  0.670454  0.493912  0.291763  0.428247  0.279157  0.796962  0.200536  0.429009  0.698152  0.664985  0.261899  0.218218  0.179598  0.277650  0.164120  0.313095  0.316532  0.281086  0.734680  0.280150  0.199339  0.689880  0.329704  0.735058  0.724069  0.413072  0.351432  0.356915  0.693527  0.341695  0.249935  0.357411  0.216372  0.241713  0.293030  0.177797  0.385345  0.240023  0.434829  0.298074  0.154003  0.449139  0.448928  0.274294  0.338273  0.277352  0.196678  0.732993  0.272904  0.395686  0.303450  0.625386  0.678922  0.368869  0.322834  0.320259  0.240731  0.473038  0.270657  0.291519  0.346636  0.338951  0.193845  0.699942  0.314660  0.310688  0.611574  0.276385  0.306148  0.279333  0.406456  0.270140  0.567668  0.264350  0.263992  0.232834  0.515768  0.469908  0.342999  0.523032  0.272784  0.616884  0.257221  0.251735  0.250712  0.243460  0.301642  0.321422  0.292692  0.240101  0.272927  0.799646  0.335135  0.264021  0.254066  0.333738  0.327078  0.297592  0.265447  0.315170  0.409268  0.414663  0.263772  0.654257  0.320013  0.299883  0.349604  0.646867  0.388394  0.307594  0.238082  0.502647  0.661830  0.324719  0.253896  0.321063  0.418196  0.383625  0.626130  0.360097  0.240027  0.268631  0.299575  0.530879  0.256735  0.326929  0.510298  0.250878  0.254677  0.226933 
12  0.308331  0.686512  0.766179  0.280349  0.289493  0.548831  0.341322  0.268232  0.451471  0.254756  0.336515  0.284678 0.0  0.612347  0.424787  0.283188  0.810451  0.651874  0.201550  0.443678  0.290645  0.680393  0.272534  0.470216  0.742697  0.650534  0.304351  0.269973  0.260594  0.302343  0.256860  0.328202  0.281261  0.323242  0.686761  0.250724  0.319745  0.665266  0.305710  0.631429  0.696839  0.367803  0.340853  0.269432  0.592304  0.281013  0.278496  0.266524  0.308494  0.285661  0.292165  0.251924  0.294204  0.291625  0.562852  0.263859  0.264150  0.363721  0.570720  0.318241  0.271235  0.247961  0.255904  0.687587  0.325880  0.295670  0.330203  0.590177  0.725339  0.404690  0.314899  0.297890  0.293637  0.339274  0.343943  0.305833  0.294701  0.298248  0.294158  0.685090  0.269480  0.276003  0.719317  0.312434  0.284271  0.293888  0.375975  0.260619  0.655417  0.307838  0.290247  0.303967  0.560220  0.482992  0.281390  0.577495  0.238438  0.690219  0.277139  0.290755  0.317908  0.310630  0.330061  0.262630  0.299488  0.276040  0.303258  0.782294  0.258669  0.323174  0.294233  0.301027  0.320446  0.343608  0.406061  0.307477  0.445984  0.427506  0.269303  0.613880  0.369583  0.297176  0.298987  0.726112  0.344154  0.228137  0.298030  0.579933  0.665440  0.319470  0.286533  0.331241  0.459182  0.521266  0.641675  0.294087  0.285201  0.357936  0.300207  0.646755  0.291738  0.317700  0.647856  0.322632  0.320178  0.254262 
13  0.714285  0.675503  0.677452  0.672064  0.701189  0.600230  0.695081  0.737218  0.691606  0.649129  0.687742  0.660494  0.612347 0.0  0.614950  0.710797  0.709266  0.630630  0.652580  0.606869  0.690219  0.679158  0.749901  0.415839  0.721393  0.766106  0.709668  0.690511  0.655560  0.769799  0.749883  0.754008  0.611595  0.720180  0.641570  0.641164  0.737036  0.579140  0.647507  0.585028  0.726071  0.677312  0.736852  0.650083  0.258494  0.774004  0.737944  0.751741  0.776990  0.635809  0.638174  0.691823  0.604929  0.718227  0.699369  0.743316  0.683545  0.519784  0.566147  0.757581  0.687378  0.688987  0.829899  0.727409  0.649144  0.676155  0.657127  0.676671  0.676480  0.624646  0.605188  0.601009  0.756431  0.630219  0.837441  0.614898  0.768064  0.628102  0.667916  0.572918  0.687776  0.724998  0.681272  0.679016  0.585294  0.802721  0.530956  0.735571  0.576010  0.780250  0.791927  0.607916  0.593831  0.459424  0.761866  0.630875  0.775264  0.720464  0.764635  0.774106  0.800563  0.722809  0.883122  0.681324  0.664174  0.695596  0.730702  0.726155  0.762173  0.627606  0.707756  0.629609  0.736252  0.785850  0.598224  0.682670  0.519090  0.625930  0.672679  0.636168  0.792563  0.644816  0.748065  0.658321  0.538271  0.724187  0.648997  0.779265  0.493472  0.781712  0.747209  0.585711  0.618385  0.706675  0.658086  0.688351  0.897209  0.611181  0.746690  0.586989  0.714575  0.764264  0.618126  0.702218  0.826223  0.613294 
14  0.351031  0.720134  0.748872  0.343379  0.434796  0.482413  0.393378  0.444488  0.152076  0.411171  0.458620  0.411151  0.424787  0.614950 0.0  0.408006  0.694968  0.602593  0.327212  0.385606  0.346580  0.617814  0.385500  0.599302  0.669661  0.633667  0.419191  0.475578  0.501368  0.467885  0.421479  0.389101  0.429316  0.556796  0.737915  0.379328  0.415846  0.712492  0.399210  0.584591  0.565883  0.197521  0.365558  0.341924  0.616802  0.448772  0.484585  0.282708  0.376143  0.444425  0.356461  0.422618  0.356015  0.390597  0.428778  0.492845  0.467098  0.326869  0.515720  0.404719  0.353023  0.383729  0.422291  0.781618  0.413687  0.331655  0.360981  0.735138  0.591215  0.310463  0.401634  0.355850  0.401881  0.174446  0.594082  0.401865  0.466943  0.444075  0.387497  0.737510  0.411709  0.385740  0.694108  0.449209  0.401474  0.359575  0.374207  0.444163  0.703997  0.419078  0.440553  0.506974  0.373772  0.409286  0.335710  0.498915  0.383761  0.719413  0.421653  0.410295  0.355282  0.395184  0.610758  0.455464  0.414136  0.387253  0.404821  0.687941  0.329205  0.415735  0.410406  0.419477  0.425536  0.392215  0.458625  0.394342  0.468128  0.242330  0.460508  0.663145  0.497973  0.410509  0.347791  0.645384  0.333745  0.320976  0.357100  0.410548  0.673524  0.389794  0.456625  0.426361  0.405293  0.431648  0.756488  0.331299  0.426880  0.382970  0.346042  0.654255  0.442729  0.443654  0.619009  0.392256  0.494876  0.334660 
15  0.332955  0.728976  0.660346  0.276441  0.290431  0.512769  0.268713  0.297135  0.514348  0.271894  0.275556  0.315145  0.283188  0.710797  0.408006 0.0  0.652614  0.547297  0.323485  0.519258  0.212691  0.671494  0.331154  0.409558  0.598843  0.666995  0.350641  0.325307  0.301367  0.295478  0.322312  0.273830  0.193607  0.378612  0.745809  0.205522  0.292989  0.655895  0.285009  0.745420  0.691131  0.328789  0.309588  0.300690  0.622403  0.317013  0.177300  0.269397  0.322126  0.370907  0.285332  0.284346  0.284014  0.340478  0.543341  0.382499  0.320376  0.480215  0.536036  0.368176  0.331726  0.323814  0.319138  0.774234  0.350742  0.329356  0.297501  0.571922  0.725811  0.402942  0.281965  0.300741  0.320808  0.424476  0.396645  0.321301  0.280950  0.325712  0.212511  0.630520  0.314374  0.337607  0.680001  0.175968  0.192047  0.192610  0.434710  0.300433  0.614693  0.357417  0.325880  0.369566  0.554348  0.430213  0.271094  0.462176  0.335036  0.557178  0.313949  0.352667  0.335773  0.291237  0.421153  0.343260  0.221748  0.341381  0.290950  0.708083  0.249357  0.167605  0.181806  0.260996  0.293122  0.226059  0.327518  0.281257  0.479274  0.457317  0.203142  0.695762  0.364435  0.242522  0.250659  0.638710  0.309081  0.204178  0.213088  0.484041  0.736645  0.201138  0.313573  0.243944  0.459002  0.414816  0.538627  0.274086  0.341418  0.319861  0.340954  0.694435  0.316819  0.240377  0.493694  0.325922  0.324998  0.231337 
16  0.700999  0.700382  0.548637  0.685007  0.677701  0.584349  0.696163  0.634092  0.672664  0.663718  0.581072  0.670454  0.810451  0.709266  0.694968  0.652614 0.0  0.435423  0.683253  0.588811  0.620963  0.603762  0.602700  0.484430  0.581964  0.623367  0.620390  0.684052  0.535675  0.707861  0.625069  0.691939  0.687852  0.744218  0.728455  0.648924  0.676804  0.543944  0.698761  0.647183  0.628764  0.745492  0.709332  0.658911  0.549479  0.753089  0.664205  0.686212  0.697188  0.728983  0.583836  0.697799  0.759382  0.810479  0.717534  0.679410  0.698602  0.557058  0.430281  0.718892  0.682687  0.594819  0.696902  0.651383  0.649223  0.635245  0.723276  0.659465  0.597072  0.598269  0.583007  0.691323  0.579258  0.635852  0.695459  0.735196  0.710596  0.656219  0.638858  0.711272  0.574560  0.734279  0.620253  0.688518  0.663070  0.656444  0.575152  0.719125  0.296434  0.717260  0.661366  0.625813  0.719386  0.417418  0.709681  0.679588  0.680689  0.633761  0.688588  0.684275  0.606682  0.634043  0.780629  0.711562  0.779062  0.702267  0.739430  0.686199  0.694951  0.595717  0.729765  0.655205  0.684660  0.524419  0.634421  0.564107  0.374841  0.524700  0.613292  0.623528  0.704936  0.675349  0.615231  0.518694  0.771693  0.624233  0.649156  0.627833  0.655427  0.703909  0.613224  0.690923  0.651812  0.617840  0.674452  0.659835  0.762010  0.630722  0.652494  0.495998  0.672524  0.644663  0.589964  0.644402  0.666611  0.677360 
17  0.639852  0.561949  0.597904  0.655942  0.561259  0.553844  0.566339  0.548174  0.553653  0.603418  0.595394  0.493912  0.651874  0.630630  0.602593  0.547297  0.435423 0.0  0.584699  0.484273  0.534663  0.536952  0.522859  0.457846  0.616886  0.531230  0.529806  0.634341  0.698630  0.600913  0.549273  0.549464  0.599625  0.637330  0.615721  0.566869  0.613136  0.494900  0.532904  0.604225  0.488278  0.576848  0.556447  0.704647  0.618636  0.541418  0.610236  0.522694  0.617514  0.582217  0.558065  0.477150  0.686459  0.606788  0.526768  0.632393  0.617248  0.496985  0.511123  0.708910  0.601646  0.569973  0.604328  0.587915  0.602048  0.623323  0.541393  0.672545  0.495962  0.530072  0.563985  0.563812  0.551390  0.604239  0.761653  0.584282  0.531861  0.556399  0.493944  0.516320  0.611336  0.659033  0.530526  0.619799  0.574086  0.512758  0.497193  0.471183  0.543873  0.664437  0.632873  0.599989  0.527195  0.394480  0.596920  0.572487  0.584294  0.501945  0.474070  0.574477  0.567776  0.605170  0.701249  0.617933  0.486780  0.612995  0.565336  0.701927  0.595321  0.588033  0.596378  0.534976  0.571179  0.610351  0.486047  0.484000  0.370891  0.491352  0.627085  0.561177  0.749245  0.505384  0.557080  0.473110  0.627140  0.565116  0.452160  0.502818  0.501512  0.630922  0.574775  0.530085  0.588300  0.546503  0.442155  0.502388  0.504637  0.539180  0.612102  0.592526  0.551023  0.553985  0.493485  0.591616  0.556222  0.556950 
18  0.300969  0.774312  0.686432  0.239957  0.272056  0.421753  0.302922  0.272471  0.302878  0.277449  0.313747  0.291763  0.201550  0.652580  0.327212  0.323485  0.683253  0.584699 0.0  0.452942  0.295162  0.745359  0.285905  0.489762  0.746530  0.658142  0.265638  0.334790  0.319174  0.357707  0.322401  0.299408  0.293185  0.354450  0.762679  0.282126  0.356295  0.636273  0.356584  0.667419  0.775952  0.315863  0.240687  0.278971  0.691781  0.297424  0.298951  0.237000  0.265033  0.320726  0.257996  0.327683  0.254757  0.268095  0.489284  0.276396  0.292745  0.394592  0.483605  0.281953  0.228488  0.336986  0.335414  0.833748  0.322091  0.240759  0.271445  0.696906  0.762804  0.378693  0.300337  0.328679  0.338234  0.350440  0.365318  0.243979  0.336896  0.313565  0.328250  0.717107  0.266831  0.275878  0.749521  0.322199  0.309531  0.327162  0.358936  0.280329  0.692925  0.314890  0.320944  0.312034  0.465451  0.482822  0.260123  0.521541  0.246100  0.676395  0.322946  0.306384  0.295385  0.270254  0.398106  0.305504  0.265622  0.265616  0.294388  0.673532  0.253648  0.352040  0.307536  0.296295  0.365316  0.327562  0.321806  0.287232  0.570832  0.361093  0.322597  0.656624  0.340213  0.305712  0.349685  0.649195  0.315908  0.270860  0.306973  0.432153  0.685539  0.330923  0.291383  0.294314  0.434009  0.429329  0.673688  0.306068  0.322485  0.351034  0.257440  0.745002  0.254822  0.381048  0.693473  0.305559  0.352198  0.279592 
19  0.394135  0.660488  0.713957  0.393426  0.391971  0.255243  0.398004  0.459413  0.366388  0.424954  0.350578  0.428247  0.443678  0.606869  0.385606  0.519258  0.588811  0.484273  0.452942 0.0  0.399800  0.710924  0.468790  0.434700  0.617084  0.641910  0.409412  0.403938  0.441985  0.438804  0.440619  0.461567  0.475014  0.518044  0.614783  0.404322  0.446685  0.570903  0.459354  0.548001  0.490605  0.379733  0.400911  0.389379  0.594153  0.495740  0.479049  0.371559  0.450700  0.486973  0.426800  0.435491  0.417460  0.456351  0.327422  0.493894  0.458120  0.322025  0.444404  0.433561  0.384786  0.428526  0.532196  0.612180  0.474540  0.403282  0.449239  0.741809  0.722766  0.337449  0.437364  0.440877  0.454706  0.389875  0.612743  0.440410  0.443880  0.489333  0.508467  0.577498  0.427723  0.468189  0.669147  0.485051  0.475129  0.460562  0.378644  0.465995  0.505610  0.405620  0.479398  0.389527  0.261984  0.536598  0.415915  0.286382  0.441276  0.643622  0.348763  0.439351  0.497189  0.483403  0.609272  0.447027  0.484393  0.373639  0.484937  0.615962  0.406844  0.486018  0.420039  0.453333  0.482134  0.381748  0.446946  0.447485  0.445847  0.400934  0.455143  0.644332  0.545237  0.418817  0.323935  0.587958  0.479138  0.400449  0.416602  0.380774  0.653524  0.418959  0.449086  0.464655  0.399988  0.356140  0.554414  0.355161  0.429254  0.379505  0.480515  0.587220  0.439747  0.454713  0.665859  0.461959  0.487098  0.418857 
20  0.272198  0.666440  0.734568  0.231058  0.259913  0.573018  0.230148  0.268516  0.498236  0.345131  0.283684  0.279157  0.290645  0.690219  0.346580  0.212691  0.620963  0.534663  0.295162  0.399800 0.0  0.673299  0.267057  0.380063  0.627253  0.692936  0.297087  0.317193  0.246789  0.252175  0.274080  0.287968  0.215137  0.369472  0.730218  0.175891  0.268598  0.532453  0.223567  0.630658  0.598546  0.398028  0.291505  0.269074  0.689222  0.333535  0.179801  0.259544  0.243307  0.276441  0.227642  0.294171  0.261659  0.331497  0.459130  0.310445  0.281905  0.380141  0.495806  0.306802  0.270814  0.310767  0.273281  0.782611  0.327050  0.309278  0.261332  0.601503  0.573586  0.357525  0.227760  0.274147  0.280586  0.364722  0.348265  0.270716  0.250295  0.295065  0.202705  0.676976  0.324236  0.349375  0.622990  0.181002  0.167448  0.199192  0.359583  0.307552  0.624336  0.300188  0.314125  0.307180  0.544511  0.396887  0.267341  0.490438  0.357822  0.783258  0.287549  0.320552  0.232978  0.319065  0.379245  0.307883  0.209309  0.293341  0.305433  0.737505  0.245021  0.211809  0.173887  0.293210  0.269520  0.224912  0.271135  0.235405  0.503048  0.399008  0.187384  0.672722  0.387326  0.221513  0.267116  0.495251  0.245002  0.194095  0.165593  0.467785  0.574583  0.181648  0.264492  0.186492  0.430041  0.356931  0.638040  0.278670  0.302259  0.287592  0.331481  0.509632  0.238655  0.264222  0.585689  0.264504  0.297413  0.216914 
21  0.706703  0.492381  0.558976  0.811513  0.760485  0.701602  0.730496  0.700541  0.763650  0.791467  0.728144  0.796962  0.680393  0.679158  0.617814  0.671494  0.603762  0.536952  0.745359  0.710924  0.673299 0.0  0.604248  0.454374  0.589119  0.677053  0.712589  0.746555  0.819227  0.738373  0.684597  0.768350  0.649549  0.685045  0.239670  0.697818  0.797548  0.643824  0.715028  0.379119  0.570248  0.597452  0.759535  0.621342  0.635430  0.726351  0.692127  0.716574  0.791368  0.760201  0.773272  0.630400  0.713754  0.723518  0.787848  0.786632  0.763890  0.617777  0.399588  0.726872  0.682444  0.631950  0.654666  0.598608  0.749027  0.659976  0.650241  0.270031  0.709682  0.570387  0.617415  0.640861  0.657182  0.674772  0.667102  0.712686  0.718905  0.661837  0.770821  0.367376  0.698990  0.760716  0.704612  0.658726  0.651733  0.706551  0.620534  0.671891  0.679166  0.777960  0.820633  0.767917  0.620840  0.431702  0.672246  0.623868  0.710509  0.417066  0.698160  0.825557  0.642443  0.761915  0.912758  0.782231  0.608273  0.667160  0.798786  0.749770  0.637422  0.743625  0.611295  0.632407  0.619171  0.729692  0.690929  0.696032  0.518574  0.582200  0.682480  0.236298  0.788396  0.752647  0.662936  0.436830  0.597410  0.591193  0.648507  0.806869  0.616712  0.708079  0.600295  0.670881  0.599375  0.626210  0.683583  0.717442  0.882680  0.619452  0.789396  0.584803  0.631024  0.737650  0.607786  0.666062  0.834989  0.605541 
22  0.389876  0.747185  0.720070  0.346693  0.291177  0.564399  0.312832  0.201196  0.488914  0.205433  0.356169  0.200536  0.272534  0.749901  0.385500  0.331154  0.602700  0.522859  0.285905  0.468790  0.267057  0.604248 0.0  0.464105  0.630353  0.691496  0.225607  0.204543  0.163477  0.359137  0.216297  0.380726  0.313314  0.297089  0.775219  0.260894  0.150369  0.695971  0.367630  0.742599  0.593794  0.382525  0.372774  0.314230  0.694183  0.421923  0.283564  0.371861  0.199313  0.238932  0.329916  0.281188  0.348723  0.254943  0.494554  0.195363  0.198716  0.392819  0.399222  0.247745  0.280875  0.312118  0.171213  0.683083  0.254396  0.348426  0.309843  0.568144  0.655477  0.372859  0.315471  0.330180  0.236595  0.415252  0.297976  0.316373  0.392337  0.317364  0.234193  0.706478  0.252578  0.262495  0.662010  0.291095  0.305458  0.315379  0.405180  0.207237  0.580871  0.241922  0.219626  0.212716  0.444893  0.432811  0.375747  0.616857  0.238340  0.674532  0.241117  0.235495  0.228151  0.203687  0.304616  0.230218  0.302873  0.250932  0.255920  0.661526  0.341106  0.312124  0.273864  0.288726  0.395462  0.308799  0.262915  0.323202  0.490785  0.486848  0.352768  0.728087  0.242960  0.296414  0.301196  0.527934  0.352678  0.330220  0.273570  0.479578  0.713024  0.259847  0.186094  0.277673  0.499577  0.406941  0.545580  0.357311  0.245734  0.291831  0.254301  0.621926  0.244208  0.363737  0.668988  0.232154  0.223459  0.222600 
23  0.533361  0.416503  0.425226  0.446381  0.530954  0.457378  0.506986  0.520683  0.447584  0.474456  0.458911  0.429009  0.470216  0.415839  0.599302  0.409558  0.484430  0.457846  0.489762  0.434700  0.380063  0.454374  0.464105 0.0  0.582020  0.537249  0.464651  0.491721  0.427992  0.438843  0.437735  0.509384  0.412806  0.346971  0.421895  0.475938  0.378095  0.479447  0.521553  0.475997  0.513735  0.660939  0.510341  0.482086  0.479523  0.504733  0.368578  0.514610  0.372099  0.474471  0.462839  0.512678  0.576401  0.485314  0.518371  0.528418  0.470446  0.533300  0.468322  0.548953  0.462673  0.474568  0.546324  0.672635  0.469419  0.490831  0.460107  0.399388  0.496986  0.427748  0.439269  0.472986  0.408036  0.465295  0.465772  0.445117  0.649874  0.519413  0.363324  0.439231  0.460152  0.558629  0.423488  0.520682  0.491163  0.348737  0.465878  0.490442  0.524375  0.443182  0.530659  0.448037  0.446658  0.463860  0.477833  0.439055  0.589184  0.468986  0.434488  0.487817  0.379466  0.549836  0.599826  0.513162  0.397407  0.478054  0.489639  0.663433  0.465064  0.398188  0.501688  0.469170  0.449524  0.481355  0.454070  0.487613  0.457909  0.523292  0.449179  0.381395  0.450884  0.466539  0.479743  0.405928  0.549570  0.412571  0.445306  0.515657  0.383954  0.400759  0.551060  0.454777  0.454325  0.447169  0.505350  0.439336  0.490263  0.366590  0.392489  0.527625  0.537070  0.437790  0.457981  0.451799  0.401986  0.324445 
24  0.735728  0.658549  0.639635  0.671975  0.764943  0.642995  0.697838  0.673336  0.651881  0.729689  0.693099  0.698152  0.742697  0.721393  0.669661  0.598843  0.581964  0.616886  0.746530  0.617084  0.627253  0.589119  0.630353  0.582020 0.0  0.218745  0.818102  0.875327  0.751492  0.677779  0.706643  0.794313  0.705059  0.654765  0.628896  0.703276  0.768569  0.474974  0.765357  0.724138  0.443034  0.548763  0.744002  0.599485  0.593947  0.509429  0.685855  0.613300  0.658937  0.664506  0.674079  0.620995  0.711066  0.656473  0.670501  0.619486  0.644308  0.537653  0.463117  0.711637  0.583371  0.719461  0.664066  0.721763  0.659021  0.627747  0.561992  0.737064  0.647524  0.522976  0.570767  0.675440  0.529013  0.606358  0.803273  0.617005  0.671141  0.653624  0.704596  0.761370  0.644974  0.662481  0.667940  0.740857  0.725792  0.850300  0.544561  0.719069  0.491665  0.683055  0.670271  0.729586  0.593577  0.446094  0.619028  0.665539  0.643104  0.628754  0.622772  0.702041  0.714973  0.712707  0.745294  0.664644  0.753916  0.610006  0.664803  0.676222  0.655769  0.756345  0.753055  0.602083  0.558918  0.660899  0.723959  0.702114  0.444246  0.598318  0.715651  0.732555  0.802522  0.745976  0.638492  0.617377  0.703983  0.788069  0.594518  0.672178  0.711884  0.726660  0.791086  0.714637  0.680120  0.628013  0.551493  0.555206  0.719753  0.620627  0.553263  0.346870  0.748584  0.771896  0.551508  0.740201  0.830779  0.482058 
25  0.649553  0.759645  0.747275  0.696497  0.754189  0.624710  0.711408  0.698310  0.598550  0.701071  0.705232  0.664985  0.650534  0.766106  0.633667  0.666995  0.623367  0.531230  0.658142  0.641910  0.692936  0.677053  0.691496  0.537249  0.218745 0.0  0.687525  0.725924  0.695836  0.723457  0.755798  0.782827  0.673518  0.781209  0.665202  0.662388  0.793098  0.469257  0.792552  0.704308  0.407042  0.763947  0.789743  0.721555  0.599875  0.739142  0.642496  0.591168  0.693393  0.713345  0.547959  0.694074  0.705033  0.664346  0.802906  0.689943  0.673388  0.530713  0.429232  0.813952  0.673434  0.670254  0.752248  0.625871  0.837205  0.721922  0.816246  0.674163  0.642712  0.586409  0.716748  0.641963  0.765577  0.687372  0.747168  0.644089  0.719348  0.742738  0.702684  0.617937  0.662767  0.697678  0.572466  0.740580  0.718905  0.766692  0.651405  0.840426  0.592685  0.745788  0.638078  0.709465  0.717975  0.462741  0.724468  0.678308  0.688889  0.619914  0.664451  0.771926  0.667023  0.619970  0.818693  0.796082  0.702238  0.765336  0.709355  0.614436  0.658337  0.665900  0.616760  0.674757  0.720032  0.719657  0.567972  0.809388  0.477893  0.626576  0.668563  0.621677  0.764224  0.691939  0.739189  0.734352  0.705281  0.754396  0.652358  0.674228  0.625438  0.658580  0.664486  0.575396  0.698456  0.711239  0.630215  0.670713  0.660594  0.778805  0.729467  0.281339  0.622079  0.600052  0.569882  0.710386  0.881568  0.695004 
26  0.320447  0.721913  0.765534  0.284142  0.361764  0.601618  0.368064  0.135204  0.390267  0.233913  0.373505  0.261899  0.304351  0.709668  0.419191  0.350641  0.620390  0.529806  0.265638  0.409412  0.297087  0.712589  0.225607  0.464651  0.818102  0.687525 0.0  0.287990  0.244386  0.394034  0.290434  0.348267  0.312380  0.307748  0.851625  0.277460  0.240026  0.718967  0.362555  0.797358  0.756303  0.407906  0.350093  0.346176  0.761356  0.269200  0.359189  0.355524  0.258637  0.245293  0.377619  0.289623  0.298779  0.197554  0.451281  0.180945  0.255375  0.363403  0.505352  0.167071  0.282695  0.300356  0.203562  0.805302  0.271253  0.377438  0.331751  0.669983  0.706389  0.355801  0.296886  0.397376  0.318901  0.418236  0.345592  0.331646  0.338821  0.348036  0.309187  0.796950  0.163985  0.241715  0.654659  0.357766  0.295929  0.315372  0.418487  0.223597  0.582701  0.216309  0.259314  0.223848  0.611002  0.524273  0.344726  0.597373  0.196126  0.679770  0.253880  0.195606  0.235969  0.144041  0.337934  0.213965  0.323218  0.212125  0.189975  0.658760  0.366014  0.338885  0.383680  0.366301  0.433272  0.371763  0.303537  0.293678  0.454063  0.398597  0.292141  0.809299  0.316153  0.406043  0.380161  0.741939  0.354599  0.297226  0.381025  0.496997  0.750667  0.320970  0.199743  0.315278  0.469317  0.500884  0.695793  0.333387  0.254463  0.239749  0.244692  0.588000  0.180420  0.373796  0.748342  0.271029  0.290040  0.288672 
