146
0 0.0  0.793507  0.795270  0.350130  0.326509  0.525590  0.300450  0.378841  0.410900  0.394627  0.214475  0.483813  0.354093  0.683797  0.388762  0.439405  0.759063  0.698117  0.314488  0.420864  0.335560  0.696985  0.479727  0.575635  0.727718  0.785105  0.431039  0.345709  0.423605  0.423985  0.376552  0.380503  0.325747  0.458313  0.811427  0.420479  0.401286  0.767408  0.412444  0.727362  0.748721  0.316924  0.185892  0.296342  0.778688  0.420911  0.452103  0.338436  0.457314  0.376314  0.322198  0.499119  0.173984  0.376213  0.595260  0.377313  0.350446  0.373631  0.458179  0.517888  0.276368  0.344026  0.487010  0.831632  0.409707  0.262693  0.426773  0.779761  0.830896  0.454926  0.237206  0.294037  0.627351  0.482082  0.627699  0.165390  0.391930  0.329640  0.346856  0.745508  0.285394  0.329478  0.788562  0.342695  0.352680  0.346732  0.460208  0.353698  0.685725  0.484586  0.441763  0.387320  0.492459  0.591051  0.294310  0.612397  0.436636  0.908415  0.346257  0.410009  0.453143  0.481016  0.538081  0.476542  0.444026  0.423708  0.363112  0.800198  0.290311  0.427375  0.405902  0.362463  0.370190  0.295414  0.457808  0.263769  0.588025  0.305350  0.303590  0.800688  0.508432  0.236773  0.293236  0.767222  0.176314  0.303367  0.413906  0.494874  0.822522  0.442444  0.458384  0.318473  0.433003  0.476886  0.724793  0.290066  0.413882  0.360568  0.278495  0.721118  0.348238  0.346090  0.729141  0.406892  0.554814  0.397342 
1  0.793507 0.0  0.192288  0.851627  0.853790  0.768692  0.767870  0.868063  0.845970  0.815665  0.851388  0.874823  0.782868  0.748099  0.846803  0.869946  0.694010  0.576120  0.906305  0.695851  0.762509  0.551863  0.675670  0.464120  0.792784  0.665975  0.878908  0.829991  0.850021  0.793147  0.819032  0.896060  0.751290  0.808852  0.565317  0.699661  0.790531  0.716922  0.964665  0.304888  0.651356  0.903258  0.875357  0.789672  0.695027  0.884051  0.804515  0.839346  0.740947  0.726004  0.749205  0.802200  0.880769  0.869452  0.710717  0.872583  0.777152  0.734928  0.492111  0.842799  0.814835  0.864128  0.837973  0.781827  0.873143  0.824867  0.879829  0.468860  0.771572  0.601331  0.815955  0.860248  0.882539  0.749480  0.909323  0.929559  0.930035  0.871019  0.657847  0.545781  0.913466  0.834883  0.828417  0.758462  0.784060  0.711233  0.700721  0.821989  0.630666  0.778301  0.810441  0.725911  0.816812  0.574045  0.849259  0.766003  0.856181  0.398495  0.845920  0.937112  0.888968  0.868170  0.966126  0.907920  0.813944  0.827834  0.802829  0.666587  0.829079  0.673078  0.748387  0.854483  0.926023  0.770531  0.819264  0.883922  0.484685  0.892340  0.848811  0.484491  0.847662  0.885390  0.839716  0.422253  0.841708  0.801426  0.754568  0.819550  0.696535  0.742201  0.801657  0.811383  0.762524  0.719062  0.754854  0.805201  0.803436  0.780889  0.739840  0.653249  0.778821  0.837611  0.725354  0.850986  0.761311  0.779815 
2  0.795270  0.192288 0.0  0.845011  0.896153  0.798213  0.817444  0.721095  0.799679  0.886013  0.728973  0.709415  0.848062  0.680467  0.929391  0.763130  0.651760  0.577126  0.829742  0.635941  0.719914  0.555248  0.819624  0.435200  0.821137  0.738146  0.852259  0.850453  0.783422  0.851747  0.709410  0.819205  0.852135  0.858744  0.579490  0.699704  0.814960  0.678870  0.826966  0.287263  0.673394  0.789050  0.831946  0.846807  0.655490  0.823056  0.734968  0.919088  0.855555  0.849770  0.859628  0.730440  0.818517  0.770273  0.780621  0.819644  0.766348  0.751898  0.562979  0.826391  0.796567  0.803216  0.746677  0.774865  0.797688  0.808115  0.815372  0.496519  0.705801  0.741132  0.803705  0.726337  0.826489  0.809530  0.852226  0.792394  0.909556  0.868933  0.658663  0.582328  0.877472  0.962394  0.791749  0.751006  0.790166  0.711837  0.724183  0.832529  0.511483  0.819507  0.857687  0.745085  0.843483  0.539454  0.830426  0.938708  0.774492  0.460267  0.861781  0.809556  0.867288  0.864886  0.838310  0.885763  0.649003  0.900930  0.759471  0.696886  0.816478  0.757510  0.751894  0.800088  0.830494  0.862306  0.724762  0.846238  0.532262  0.867338  0.681558  0.540071  0.789714  0.759564  0.812141  0.446658  0.841512  0.797040  0.739487  0.835942  0.782845  0.777237  0.717126  0.797832  0.740076  0.616142  0.738210  0.694086  0.831261  0.820105  0.802260  0.610051  0.866045  0.716964  0.701787  0.825488  0.831006  0.734188 
3  0.350130  0.851627  0.845011 0.0  0.409392  0.657772  0.274069  0.405641  0.479980  0.347798  0.305871  0.431425  0.399153  0.880985  0.344796  0.424194  0.701017  0.691343  0.276985  0.456764  0.268648  0.683846  0.428287  0.668590  0.671171  0.790181  0.507665  0.426057  0.503425  0.413595  0.551066  0.452777  0.356605  0.411308  0.852886  0.272929  0.440756  0.782261  0.431847  0.675145  0.678530  0.396338  0.287956  0.212969  0.825685  0.432369  0.323693  0.283725  0.421043  0.407963  0.220466  0.385856  0.286219  0.375299  0.589919  0.350565  0.380652  0.330429  0.651474  0.328795  0.397671  0.349967  0.476439  0.828930  0.426621  0.193996  0.237186  0.801285  0.801187  0.526156  0.268110  0.326383  0.475299  0.429429  0.499430  0.316082  0.391831  0.422763  0.356155  0.835140  0.340396  0.372875  0.699797  0.342842  0.362473  0.415705  0.502985  0.445197  0.762818  0.444635  0.480895  0.478577  0.596562  0.574661  0.226138  0.520225  0.465220  0.950574  0.395708  0.348591  0.349771  0.383644  0.537027  0.406531  0.419065  0.493124  0.454820  0.808487  0.122861  0.403707  0.431046  0.396097  0.302486  0.318634  0.504412  0.234117  0.579547  0.324642  0.378617  0.748481  0.493897  0.296844  0.367912  0.737137  0.320357  0.218229  0.422670  0.577400  0.775249  0.513217  0.475984  0.375457  0.420649  0.420122  0.788214  0.269373  0.412471  0.458793  0.419572  0.675263  0.292497  0.461308  0.623600  0.405472  0.407510  0.374080 
4  0.326509  0.853790  0.896153  0.409392 0.0  0.605515  0.343434  0.482521  0.429044  0.305131  0.398168  0.380220  0.292685  0.793714  0.555663  0.274865  0.749704  0.552840  0.390842  0.485252  0.288364  0.787915  0.554917  0.561777  0.714155  0.816673  0.384899  0.365759  0.456106  0.280558  0.470367  0.387184  0.466882  0.491074  0.828136  0.373572  0.477152  0.662700  0.238644  0.698196  0.763750  0.461120  0.254858  0.390533  0.808458  0.388763  0.308668  0.328690  0.407862  0.410335  0.458819  0.501067  0.451960  0.457357  0.492110  0.263936  0.423941  0.489930  0.618401  0.467472  0.382324  0.383178  0.457775  0.802857  0.552093  0.409838  0.364433  0.851584  0.856585  0.347136  0.345355  0.346454  0.526580  0.404629  0.458022  0.300617  0.306118  0.170362  0.389732  0.800060  0.478339  0.396504  0.799228  0.264481  0.253275  0.310233  0.367115  0.437898  0.589047  0.483126  0.536130  0.560287  0.545753  0.448920  0.370558  0.613597  0.356830  0.772421  0.474413  0.374803  0.500406  0.480155  0.589037  0.484778  0.419046  0.445895  0.425550  0.787630  0.370794  0.354761  0.407418  0.214352  0.174684  0.321672  0.446360  0.219814  0.584165  0.500702  0.356183  0.743606  0.542461  0.391806  0.142723  0.644307  0.427850  0.368445  0.363656  0.522501  0.790109  0.312733  0.468621  0.346677  0.561623  0.413748  0.751732  0.373392  0.536178  0.475708  0.413534  0.630263  0.337334  0.195919  0.707544  0.477447  0.566809  0.329295 
5  0.525590  0.768692  0.798213  0.657772  0.605515 0.0  0.526522  0.608936  0.421711  0.701880  0.655905  0.678922  0.504655  0.802378  0.534034  0.681493  0.720128  0.678155  0.645951  0.296180  0.561601  0.800221  0.608612  0.665948  0.630802  0.707478  0.756059  0.687700  0.817948  0.616340  0.629706  0.581549  0.662999  0.737671  0.841269  0.710039  0.694409  0.748073  0.625864  0.686292  0.712346  0.520596  0.565286  0.655807  0.655703  0.602358  0.710139  0.541216  0.717031  0.695510  0.582700  0.703248  0.616688  0.604692  0.510351  0.636301  0.615097  0.446499  0.519106  0.610142  0.617165  0.614595  0.648914  0.769159  0.735539  0.503954  0.533831  0.818954  0.690914  0.478772  0.555487  0.600839  0.672589  0.569806  0.733870  0.533814  0.606238  0.572103  0.663851  0.825885  0.733237  0.587501  0.744512  0.640684  0.801465  0.644723  0.486661  0.586258  0.705824  0.715321  0.773832  0.736469  0.246638  0.615853  0.549171  0.280262  0.719461  0.836930  0.691024  0.565175  0.726889  0.648812  0.705587  0.658532  0.748924  0.566566  0.658898  0.763956  0.568471  0.666656  0.732764  0.550772  0.630615  0.530982  0.664774  0.660067  0.605858  0.527252  0.724012  0.831248  0.693584  0.577984  0.679471  0.620814  0.622890  0.641590  0.645851  0.591558  0.764463  0.754493  0.645797  0.673200  0.444990  0.454312  0.722985  0.499992  0.710108  0.664993  0.710633  0.586387  0.619640  0.702210  0.659404  0.699271  0.693334  0.657815 
6  0.300450  0.767870  0.817444  0.274069  0.343434  0.526522 0.0  0.365682  0.478108  0.397889  0.328897  0.428021  0.346698  0.809231  0.360520  0.375261  0.762185  0.649403  0.404054  0.469643  0.300051  0.863008  0.489839  0.425692  0.782305  0.737882  0.352403  0.430307  0.445983  0.350808  0.395800  0.348621  0.412123  0.509578  0.866277  0.429994  0.402110  0.742020  0.339699  0.857326  0.697494  0.515820  0.236379  0.271472  0.794923  0.374376  0.439678  0.289446  0.418518  0.406916  0.350052  0.444980  0.272861  0.302585  0.543877  0.440507  0.477036  0.421573  0.593713  0.507696  0.464248  0.361443  0.335796  0.761923  0.510166  0.300009  0.273336  0.764264  0.861079  0.469642  0.330240  0.479501  0.380306  0.367913  0.539088  0.301983  0.360767  0.448006  0.337697  0.798992  0.383096  0.414532  0.743645  0.281275  0.230307  0.236312  0.422559  0.451270  0.707034  0.367724  0.482327  0.388040  0.580499  0.531633  0.277226  0.584961  0.395153  0.821343  0.385661  0.448240  0.525205  0.459608  0.547427  0.375586  0.441441  0.429116  0.415250  0.797333  0.274622  0.402979  0.286152  0.232892  0.376732  0.278940  0.466595  0.313520  0.543024  0.372006  0.359236  0.794104  0.486304  0.205666  0.413134  0.556431  0.312969  0.338529  0.306877  0.600570  0.725231  0.421829  0.429805  0.345280  0.413781  0.479098  0.715541  0.205657  0.503243  0.421034  0.482733  0.755064  0.435101  0.408275  0.684821  0.476875  0.557052  0.234570 
7  0.378841  0.868063  0.721095  0.405641  0.482521  0.608936  0.365682 0.0  0.444624  0.306956  0.435027  0.268973  0.330912  0.879167  0.489785  0.424023  0.669209  0.664445  0.251051  0.419433  0.387623  0.814401  0.233241  0.474303  0.765954  0.846177  0.167688  0.156191  0.262848  0.617133  0.302320  0.516044  0.310554  0.335317  0.853983  0.386274  0.155107  0.791275  0.441539  0.803229  0.693039  0.419494  0.421510  0.534660  0.797349  0.434882  0.372482  0.406712  0.273413  0.242805  0.344770  0.310378  0.447078  0.230714  0.632395  0.282183  0.396529  0.520354  0.523803  0.223492  0.358161  0.329624  0.130870  0.808496  0.335675  0.442011  0.499001  0.651927  0.712565  0.421171  0.439241  0.451689  0.346717  0.558767  0.386861  0.397808  0.433610  0.427689  0.391924  0.804820  0.187106  0.257768  0.808539  0.322691  0.446193  0.479532  0.436916  0.369346  0.788365  0.307952  0.297070  0.258796  0.646859  0.499871  0.340288  0.671175  0.168971  0.898658  0.357368  0.231640  0.347949  0.185954  0.382758  0.204239  0.469484  0.311251  0.172938  0.832405  0.472671  0.428783  0.344225  0.491714  0.399634  0.453690  0.401224  0.327804  0.513827  0.397493  0.396018  0.797172  0.310061  0.372637  0.481187  0.715818  0.379696  0.289745  0.438583  0.547459  0.817637  0.331126  0.332837  0.439749  0.490477  0.513367  0.737341  0.422371  0.294885  0.327797  0.260508  0.684753  0.165773  0.433716  0.708916  0.302749  0.322351  0.389460 
8  0.410900  0.845970  0.799679  0.479980  0.429044  0.421711  0.478108  0.444624 0.0  0.467313  0.473779  0.517349  0.475071  0.670991  0.211400  0.581908  0.792370  0.604359  0.421848  0.485861  0.421581  0.813961  0.410846  0.537760  0.604766  0.740192  0.574154  0.490519  0.542675  0.434691  0.543433  0.538906  0.558356  0.540174  0.731890  0.463558  0.507857  0.741234  0.493655  0.811049  0.739290  0.239495  0.504237  0.489154  0.651868  0.370941  0.601540  0.431388  0.464578  0.555677  0.440783  0.425922  0.375279  0.546240  0.486929  0.554363  0.572719  0.326392  0.494071  0.420283  0.409297  0.430407  0.403234  0.802439  0.646409  0.392776  0.444024  0.758991  0.903756  0.479736  0.528473  0.380220  0.464138  0.212976  0.523013  0.457739  0.484313  0.474637  0.517594  0.872203  0.552723  0.581842  0.670432  0.421300  0.500151  0.465061  0.459955  0.470748  0.706057  0.501934  0.522605  0.582960  0.444620  0.650281  0.385186  0.607718  0.609640  0.888659  0.496939  0.429422  0.509836  0.577258  0.626575  0.552801  0.569336  0.481394  0.510318  0.751854  0.470910  0.529304  0.451731  0.497829  0.557141  0.483354  0.478169  0.527353  0.564155  0.298221  0.526889  0.902648  0.587606  0.422468  0.445881  0.652626  0.489359  0.485916  0.530970  0.426825  0.711434  0.406816  0.619016  0.530569  0.426978  0.508511  0.862866  0.483514  0.511971  0.501661  0.508057  0.669940  0.619067  0.446475  0.611812  0.455227  0.610384  0.315393 
9  0.394627  0.815665  0.886013  0.347798  0.305131  0.701880  0.397889  0.306956  0.467313 0.0  0.481073  0.329386  0.279623  0.796477  0.547226  0.419067  0.740089  0.647618  0.422756  0.546972  0.392430  0.817786  0.331790  0.581363  0.752487  0.827436  0.345066  0.142830  0.195676  0.351522  0.245520  0.477645  0.412804  0.359098  0.945261  0.335754  0.325190  0.784567  0.329058  0.862605  0.697293  0.488221  0.438380  0.311165  0.671475  0.459248  0.402925  0.433417  0.263292  0.325297  0.359660  0.377029  0.437494  0.320454  0.632086  0.179655  0.272009  0.492863  0.473273  0.285552  0.396148  0.443527  0.244493  0.740467  0.259121  0.423410  0.307900  0.753703  0.761052  0.466334  0.528039  0.492926  0.369463  0.528262  0.401568  0.513477  0.551444  0.379742  0.321109  0.886321  0.331897  0.346878  0.753875  0.469232  0.364018  0.283762  0.500395  0.290443  0.686788  0.263140  0.224843  0.235826  0.631800  0.510778  0.537907  0.660610  0.298260  0.870963  0.424406  0.313801  0.327410  0.290712  0.351825  0.190263  0.445250  0.301869  0.324470  0.809852  0.384771  0.440991  0.381782  0.345500  0.402542  0.332106  0.435203  0.460465  0.550275  0.501990  0.397018  0.789705  0.330413  0.424656  0.393195  0.698771  0.392790  0.448990  0.399952  0.562906  0.781853  0.274161  0.306798  0.468347  0.646284  0.414484  0.733751  0.338231  0.317829  0.284479  0.265601  0.662720  0.298589  0.385812  0.708767  0.317368  0.368911  0.371368 
10  0.214475  0.851388  0.728973  0.305871  0.398168  0.655905  0.328897  0.435027  0.473779  0.481073 0.0  0.432460  0.417220  0.721212  0.473077  0.441441  0.718377  0.537695  0.366409  0.509944  0.302397  0.772997  0.444753  0.493884  0.728012  0.831647  0.537544  0.380308  0.513315  0.390780  0.351718  0.337688  0.315784  0.651801  0.814180  0.362321  0.414881  0.663886  0.374687  0.689911  0.777465  0.437573  0.270558  0.312503  0.711672  0.390969  0.370671  0.247877  0.452774  0.360495  0.355818  0.375901  0.302697  0.350970  0.516187  0.539805  0.500077  0.530396  0.650176  0.449196  0.419024  0.391701  0.459725  0.859733  0.469470  0.413579  0.297482  0.756080  0.846462  0.448919  0.311584  0.341415  0.520617  0.411070  0.564579  0.230655  0.314521  0.393970  0.381293  0.777506  0.390986  0.449247  0.750515  0.450815  0.375112  0.413767  0.509929  0.483410  0.674147  0.532132  0.568109  0.421851  0.525493  0.552338  0.326372  0.617467  0.511170  0.741116  0.475019  0.371211  0.473649  0.367504  0.477371  0.425819  0.365057  0.526661  0.511136  0.807150  0.360997  0.382009  0.328509  0.361320  0.333180  0.379696  0.458933  0.437550  0.595527  0.434784  0.329709  0.646090  0.552749  0.386384  0.419146  0.750008  0.296441  0.378716  0.436021  0.561041  0.841400  0.341035  0.490514  0.405582  0.566853  0.527368  0.728975  0.314944  0.477444  0.345833  0.421088  0.731666  0.476302  0.289577  0.796702  0.542463  0.517315  0.381011 
11  0.483813  0.874823  0.709415  0.431425  0.380220  0.678922  0.428021  0.268973  0.517349  0.329386  0.432460 0.0  0.280872  0.809437  0.594060  0.348252  0.655020  0.679267  0.373835  0.461259  0.334176  0.796546  0.257024  0.361976  0.784772  0.825028  0.360550  0.228872  0.153533  0.447795  0.231466  0.417438  0.356049  0.331101  0.847482  0.342942  0.247555  0.646330  0.423018  0.733870  0.695825  0.536374  0.422575  0.422951  0.645951  0.344660  0.338417  0.487135  0.224172  0.279811  0.500461  0.205308  0.454446  0.273180  0.574624  0.413799  0.165485  0.459018  0.508887  0.347733  0.504476  0.389641  0.286403  0.801903  0.311298  0.431684  0.368456  0.717573  0.733852  0.357317  0.446496  0.449381  0.299696  0.559726  0.257653  0.416124  0.419470  0.426017  0.189032  0.648554  0.551769  0.303433  0.724946  0.392932  0.330304  0.371471  0.465191  0.331396  0.694509  0.351300  0.270345  0.319200  0.683532  0.477749  0.364833  0.634338  0.271095  0.901205  0.339002  0.234322  0.298560  0.301708  0.262015  0.286231  0.269782  0.296101  0.315921  0.791644  0.363482  0.371352  0.233389  0.423719  0.447970  0.350121  0.297969  0.521235  0.489422  0.510463  0.250561  0.784700  0.345727  0.462161  0.477137  0.682459  0.450453  0.356304  0.250649  0.601436  0.661104  0.329305  0.257006  0.292853  0.468981  0.322301  0.784332  0.418371  0.387124  0.348504  0.217010  0.568930  0.354093  0.443146  0.722702  0.331091  0.278386  0.229209 
12  0.354093  0.782868  0.848062  0.399153  0.292685  0.504655  0.346698  0.330912  0.475071  0.279623  0.417220  0.280872 0.0  0.777708  0.499875  0.358895  0.850816  0.663004  0.314393  0.404098  0.320542  0.754038  0.408060  0.472566  0.783059  0.772605  0.310085  0.353837  0.364244  0.485411  0.401968  0.375948  0.356214  0.433595  0.838884  0.347332  0.383245  0.777752  0.286870  0.772024  0.785748  0.467074  0.411869  0.380408  0.741606  0.356773  0.374323  0.304498  0.318295  0.311877  0.376278  0.398441  0.300394  0.435184  0.559115  0.367515  0.262868  0.530727  0.548372  0.438998  0.301952  0.345749  0.363147  0.800267  0.359070  0.372078  0.300451  0.723157  0.826771  0.447353  0.306688  0.399779  0.390791  0.496070  0.369716  0.328014  0.334903  0.443821  0.385054  0.764581  0.342072  0.426745  0.671744  0.306088  0.442368  0.276428  0.429005  0.290316  0.731226  0.352798  0.475567  0.331784  0.538353  0.556787  0.398824  0.633900  0.228557  0.808100  0.318200  0.337100  0.445053  0.292285  0.362822  0.284299  0.330546  0.304020  0.252840  0.722758  0.466562  0.330631  0.390606  0.306775  0.341108  0.384616  0.457778  0.442934  0.533548  0.552283  0.304388  0.768824  0.462541  0.360980  0.334846  0.688220  0.400743  0.258186  0.318995  0.686793  0.787013  0.400887  0.368580  0.300483  0.553456  0.486562  0.676384  0.428541  0.325557  0.434306  0.417571  0.696329  0.328986  0.452180  0.667725  0.436427  0.347806  0.344305 
13  0.683797  0.748099  0.680467  0.880985  0.793714  0.802378  0.809231  0.879167  0.670991  0.796477  0.721212  0.809437  0.777708 0.0  0.707203  0.765458  0.705789  0.606859  0.825010  0.620041  0.768326  0.724060  0.771274  0.569010  0.786893  0.693883  0.889802  0.893058  0.796441  0.802201  0.732895  0.737185  0.683541  0.745962  0.831847  0.690020  0.886048  0.618553  0.745034  0.627042  0.711343  0.695838  0.739253  0.808468  0.341665  0.829460  0.877711  0.767040  0.801883  0.839476  0.718632  0.711187  0.727173  0.803517  0.827934  0.820210  0.794873  0.597438  0.630948  0.778284  0.777592  0.729189  0.760178  0.745272  0.817278  0.762880  0.700071  0.714090  0.590866  0.622474  0.738084  0.821896  0.807021  0.810531  0.838427  0.686123  0.833030  0.847649  0.780904  0.713739  0.800870  0.779621  0.659034  0.750432  0.717235  0.756544  0.641601  0.791784  0.651699  0.779554  0.892092  0.856376  0.689481  0.592293  0.725427  0.687910  0.785076  0.637729  0.764395  0.677616  0.734160  0.756977  0.920211  0.836134  0.788491  0.833622  0.723253  0.749319  0.782639  0.713501  0.731250  0.829597  0.742198  0.746062  0.815143  0.794985  0.552747  0.687940  0.731775  0.735803  0.761995  0.857670  0.787268  0.706866  0.832422  0.737960  0.809822  0.612718  0.547834  0.803275  0.727230  0.821363  0.720834  0.764540  0.804291  0.730014  0.775298  0.648104  0.774112  0.631340  0.762457  0.684877  0.614470  0.682645  0.721259  0.805491 
14  0.388762  0.846803  0.929391  0.344796  0.555663  0.534034  0.360520  0.489785  0.211400  0.547226  0.473077  0.594060  0.499875  0.707203 0.0  0.505381  0.767246  0.612707  0.380790  0.332439  0.497687  0.815135  0.563412  0.663621  0.648502  0.695136  0.518472  0.592723  0.548106  0.584798  0.468508  0.430298  0.537817  0.586610  0.882282  0.552889  0.545965  0.749155  0.486278  0.723743  0.832142  0.162009  0.507028  0.421534  0.745945  0.431592  0.578793  0.542648  0.503558  0.518782  0.449200  0.543033  0.402197  0.504439  0.476830  0.644253  0.513048  0.340506  0.536038  0.565846  0.464113  0.492755  0.573902  0.819233  0.602677  0.470133  0.450351  0.811189  0.823881  0.412693  0.503132  0.505487  0.568038  0.221347  0.660241  0.478000  0.432574  0.451015  0.548387  0.774838  0.458985  0.528364  0.719109  0.566334  0.462255  0.495498  0.412664  0.555316  0.641865  0.563367  0.566426  0.589021  0.509572  0.565890  0.474072  0.499946  0.474686  0.811087  0.498444  0.462673  0.446804  0.494068  0.708664  0.374689  0.473304  0.483418  0.459630  0.687868  0.412913  0.587769  0.453703  0.464249  0.468610  0.450265  0.526118  0.473891  0.595196  0.192598  0.399585  0.878053  0.575185  0.499959  0.551164  0.694825  0.504256  0.454252  0.537465  0.543170  0.768926  0.530302  0.462866  0.480645  0.405469  0.502047  0.833197  0.539602  0.508935  0.413093  0.556957  0.603661  0.477358  0.413213  0.735915  0.389840  0.580073  0.408945 
15  0.439405  0.869946  0.763130  0.424194  0.274865  0.681493  0.375261  0.424023  0.581908  0.419067  0.441441  0.348252  0.358895  0.765458  0.505381 0.0  0.621038  0.650202  0.362391  0.490148  0.206805  0.688375  0.457757  0.491646  0.781421  0.767696  0.325162  0.367641  0.456469  0.303911  0.234100  0.351412  0.221041  0.424236  0.878569  0.228569  0.385316  0.714127  0.301346  0.721827  0.669227  0.395744  0.408337  0.418052  0.787163  0.394909  0.291305  0.307797  0.332773  0.408399  0.299409  0.275525  0.381227  0.417838  0.491951  0.446117  0.418109  0.469630  0.502778  0.406394  0.407086  0.358892  0.343704  0.739519  0.405201  0.410056  0.434607  0.738687  0.694696  0.321523  0.432441  0.260407  0.457708  0.452583  0.488831  0.267846  0.380477  0.432254  0.365819  0.682623  0.389913  0.413289  0.669948  0.250185  0.242209  0.161029  0.378757  0.306293  0.831259  0.317179  0.469917  0.416527  0.673180  0.374671  0.381908  0.607966  0.403286  0.867210  0.522924  0.370240  0.499874  0.364690  0.471006  0.422606  0.187334  0.469245  0.382271  0.696049  0.349634  0.256125  0.234641  0.334147  0.323765  0.299004  0.397900  0.365644  0.529639  0.534614  0.258045  0.749901  0.484921  0.368128  0.316675  0.651560  0.447832  0.276978  0.224689  0.589445  0.804525  0.273056  0.437412  0.302703  0.541630  0.385103  0.674636  0.302280  0.506971  0.462421  0.358740  0.687806  0.406738  0.488782  0.622127  0.403776  0.390309  0.459239 
16  0.759063  0.694010  0.651760  0.701017  0.749704  0.720128  0.762185  0.669209  0.792370  0.740089  0.718377  0.655020  0.850816  0.705789  0.767246  0.621038 0.0  0.568906  0.724967  0.673463  0.655009  0.678592  0.758121  0.595271  0.640917  0.745748  0.550075  0.675926  0.719881  0.748873  0.725922  0.744705  0.627405  0.688081  0.671176  0.666579  0.748502  0.622523  0.750566  0.674149  0.712953  0.734922  0.813342  0.742605  0.670733  0.712634  0.661597  0.831278  0.775662  0.723974  0.662281  0.745969  0.673168  0.699496  0.678304  0.695802  0.797619  0.679437  0.613623  0.795660  0.705646  0.680834  0.716516  0.726658  0.720843  0.830393  0.809584  0.720964  0.666156  0.617458  0.695971  0.757500  0.780968  0.820525  0.803307  0.756405  0.727086  0.723069  0.725722  0.642909  0.748963  0.822447  0.613275  0.742245  0.645999  0.721323  0.536969  0.580695  0.268894  0.583824  0.776778  0.770597  0.767524  0.564635  0.722460  0.799565  0.669070  0.777432  0.681555  0.742979  0.653466  0.776509  0.829369  0.749734  0.736612  0.786772  0.832202  0.777953  0.829224  0.726076  0.773814  0.769760  0.798619  0.754603  0.637618  0.619313  0.542213  0.738103  0.697179  0.738233  0.658537  0.799820  0.712026  0.681915  0.775955  0.635287  0.719596  0.718388  0.646803  0.668014  0.782692  0.686318  0.684463  0.784260  0.771664  0.770732  0.776799  0.609351  0.792808  0.581037  0.687110  0.753881  0.648510  0.721441  0.723374  0.646704 
17  0.698117  0.576120  0.577126  0.691343  0.552840  0.678155  0.649403  0.664445  0.604359  0.647618  0.537695  0.679267  0.663004  0.606859  0.612707  0.650202  0.568906 0.0  0.587717  0.607571  0.599689  0.525774  0.607104  0.404250  0.639990  0.627387  0.650778  0.607072  0.649903  0.618510  0.536437  0.588145  0.624340  0.751654  0.770755  0.641110  0.626481  0.569514  0.624528  0.672145  0.711894  0.610385  0.656031  0.589153  0.606276  0.643343  0.531337  0.667296  0.563604  0.642821  0.637707  0.694318  0.679133  0.666696  0.593519  0.664492  0.596155  0.696313  0.443996  0.646570  0.593246  0.602745  0.612000  0.673160  0.628167  0.738117  0.649590  0.515026  0.567834  0.620671  0.667860  0.661920  0.629369  0.705927  0.634171  0.718278  0.686268  0.591969  0.614419  0.669791  0.659887  0.713139  0.566693  0.637018  0.629392  0.602782  0.706656  0.587725  0.624958  0.693393  0.700119  0.693959  0.644958  0.411918  0.714507  0.644006  0.568613  0.685774  0.587980  0.678323  0.673482  0.680181  0.729659  0.650518  0.624831  0.733904  0.671628  0.671883  0.698137  0.617018  0.740611  0.610374  0.642243  0.663559  0.582194  0.673146  0.442039  0.631091  0.498389  0.637203  0.699693  0.546924  0.589692  0.500413  0.630352  0.699135  0.562885  0.559096  0.447850  0.568510  0.684590  0.542037  0.665807  0.546699  0.647776  0.613406  0.604802  0.597312  0.561453  0.592887  0.607039  0.567411  0.613242  0.655891  0.747518  0.674531 
18  0.314488  0.906305  0.829742  0.276985  0.390842  0.645951  0.404054  0.251051  0.421848  0.422756  0.366409  0.373835  0.314393  0.825010  0.380790  0.362391  0.724967  0.587717 0.0  0.550371  0.430741  0.739236  0.455598  0.544779  0.831452  0.714945  0.302642  0.318001  0.378576  0.376192  0.380987  0.382766  0.334747  0.509784  0.790398  0.412686  0.319701  0.757059  0.402519  0.797312  0.816853  0.445262  0.417157  0.406286  0.815074  0.320449  0.353087  0.285833  0.376843  0.372237  0.337268  0.272297  0.247322  0.355736  0.666749  0.321783  0.336348  0.368508  0.536960  0.403132  0.251693  0.448926  0.384226  0.808034  0.329989  0.271596  0.419450  0.720713  0.725076  0.439021  0.322957  0.442120  0.399039  0.474724  0.412378  0.403066  0.340586  0.427747  0.435868  0.882824  0.242390  0.245016  0.676383  0.398115  0.440072  0.281680  0.414645  0.360492  0.696833  0.410389  0.460724  0.352621  0.563235  0.657074  0.264364  0.633776  0.265026  0.985990  0.395482  0.272436  0.384975  0.379056  0.523747  0.420432  0.407105  0.264088  0.371198  0.686386  0.253860  0.376829  0.320542  0.486337  0.395182  0.387890  0.391249  0.404159  0.539615  0.343673  0.444555  0.875437  0.301527  0.358060  0.433011  0.718573  0.286587  0.352643  0.403659  0.579554  0.889112  0.460571  0.225007  0.286840  0.529516  0.537067  0.806006  0.307513  0.315616  0.389892  0.279369  0.695025  0.250647  0.416805  0.667837  0.387945  0.430557  0.362472 
19  0.420864  0.695851  0.635941  0.456764  0.485252  0.296180  0.469643  0.419433  0.485861  0.546972  0.509944  0.461259  0.404098  0.620041  0.332439  0.490148  0.673463  0.607571  0.550371 0.0  0.415927  0.680287  0.514895  0.572342  0.608347  0.718058  0.546601  0.548426  0.649565  0.437159  0.549925  0.497245  0.405023  0.541694  0.712874  0.464431  0.521784  0.728339  0.515077  0.735804  0.725449  0.561665  0.464049  0.508847  0.561401  0.499785  0.521993  0.512742  0.507969  0.564205  0.466116  0.394560  0.501283  0.539088  0.450094  0.552099  0.478363  0.434710  0.519368  0.509656  0.572304  0.535548  0.523515  0.796658  0.537910  0.464774  0.581082  0.690429  0.691011  0.420207  0.467510  0.497984  0.412277  0.397351  0.591709  0.402546  0.557292  0.450608  0.524919  0.737975  0.372627  0.469288  0.701120  0.604686  0.473918  0.495951  0.388932  0.476144  0.610278  0.464404  0.546589  0.537950  0.312846  0.487575  0.469038  0.375953  0.443241  0.715548  0.484875  0.423589  0.367884  0.578879  0.752960  0.483976  0.466323  0.412641  0.589885  0.776946  0.549410  0.470112  0.573715  0.452189  0.463188  0.370870  0.401924  0.474826  0.404689  0.331649  0.491903  0.685745  0.573712  0.430220  0.473187  0.659570  0.466302  0.529061  0.496725  0.467094  0.632803  0.488901  0.487929  0.606507  0.440755  0.428645  0.659612  0.513538  0.594892  0.499234  0.632618  0.700109  0.474560  0.538315  0.655291  0.576926  0.711749  0.553593 
20  0.335560  0.762509  0.719914  0.268648  0.288364  0.561601  0.300051  0.387623  0.421581  0.392430  0.302397  0.334176  0.320542  0.768326  0.497687  0.206805  0.655009  0.599689  0.430741  0.415927 0.0  0.773980  0.358154  0.465203  0.735845  0.759477  0.413161  0.341193  0.342232  0.243568  0.443146  0.307703  0.168966  0.469816  0.779905  0.279658  0.376489  0.740542  0.277634  0.654411  0.682826  0.418733  0.355406  0.260540  0.698075  0.420718  0.277982  0.282652  0.285481  0.444143  0.291252  0.297434  0.280064  0.370954  0.638372  0.281638  0.352600  0.389101  0.459968  0.361695  0.224755  0.362650  0.241581  0.771502  0.423940  0.442174  0.335857  0.724027  0.656686  0.372809  0.324515  0.334690  0.325182  0.406395  0.431982  0.253928  0.361054  0.427040  0.223715  0.792840  0.397527  0.412044  0.774184  0.254555  0.233649  0.377681  0.451869  0.372126  0.674497  0.363061  0.440989  0.423489  0.692491  0.434623  0.334710  0.692893  0.387744  0.764666  0.326499  0.382434  0.416933  0.242598  0.487625  0.397190  0.225809  0.344422  0.275569  0.716087  0.367135  0.310516  0.230261  0.399374  0.281715  0.208086  0.484307  0.237726  0.414382  0.427465  0.209632  0.694805  0.390452  0.364264  0.301536  0.646037  0.225432  0.269466  0.183564  0.430399  0.846893  0.201333  0.280449  0.227836  0.454235  0.480583  0.806110  0.278136  0.405944  0.420936  0.407135  0.585562  0.333928  0.380826  0.754625  0.430836  0.485824  0.336950 
21  0.696985  0.551863  0.555248  0.683846  0.787915  0.800221  0.863008  0.814401  0.813961  0.817786  0.772997  0.796546  0.754038  0.724060  0.815135  0.688375  0.678592  0.525774  0.739236  0.680287  0.773980 0.0  0.747099  0.396981  0.779109  0.718116  0.783478  0.749506  0.790052  0.798675  0.803446  0.794575  0.765222  0.943695  0.133664  0.842606  0.790845  0.783320  0.794448  0.464683  0.659910  0.669001  0.857463  0.769402  0.770754  0.795462  0.770936  0.820312  0.685042  0.669617  0.756054  0.782544  0.830742  0.763334  0.695703  0.808388  0.796785  0.681438  0.583806  0.773966  0.764173  0.773792  0.750291  0.725880  0.794388  0.804746  0.755425  0.336522  0.678929  0.534221  0.735240  0.864272  0.800866  0.723490  0.765442  0.794957  0.754340  0.794859  0.616794  0.450540  0.829700  0.826559  0.681046  0.738057  0.661877  0.719256  0.628949  0.782484  0.545516  0.758010  0.903258  0.783479  0.668301  0.496420  0.845138  0.716120  0.870124  0.536258  0.782621  0.838982  0.801941  0.797456  0.957515  0.807667  0.767034  0.785951  0.685526  0.738655  0.725153  0.731129  0.789044  0.830403  0.802009  0.659532  0.697305  0.668479  0.488919  0.690727  0.826362  0.206789  0.911442  0.878945  0.801854  0.423125  0.843059  0.784058  0.677992  0.715781  0.807352  0.764682  0.808527  0.777053  0.688794  0.792552  0.731329  0.773274  0.810566  0.623820  0.742203  0.626576  0.863136  0.774304  0.657946  0.857308  0.832226  0.754033 
22  0.479727  0.675670  0.819624  0.428287  0.554917  0.608612  0.489839  0.233241  0.410846  0.331790  0.444753  0.257024  0.408060  0.771274  0.563412  0.457757  0.758121  0.607104  0.455598  0.514895  0.358154  0.747099 0.0  0.451474  0.716714  0.790856  0.285608  0.220007  0.269143  0.402144  0.276154  0.470438  0.451398  0.298541  0.776772  0.244155  0.252391  0.684241  0.550464  0.788219  0.712944  0.441970  0.447894  0.342817  0.815746  0.459841  0.423702  0.486865  0.343245  0.267724  0.476630  0.444886  0.420978  0.348736  0.547089  0.233225  0.324858  0.450065  0.478509  0.385053  0.342609  0.449210  0.259722  0.705270  0.182670  0.453941  0.423154  0.724962  0.773116  0.492159  0.541057  0.363249  0.378781  0.561517  0.288186  0.511421  0.464235  0.457616  0.273986  0.747959  0.388216  0.336468  0.788521  0.363893  0.382398  0.334767  0.542033  0.230799  0.646468  0.169903  0.238964  0.277874  0.622592  0.555381  0.499983  0.693635  0.375958  0.872483  0.263861  0.143069  0.351929  0.236436  0.306398  0.328141  0.485084  0.332582  0.242339  0.802876  0.381577  0.505383  0.374122  0.409975  0.503475  0.279358  0.294747  0.330990  0.472406  0.641189  0.400684  0.721052  0.365909  0.391272  0.445713  0.729339  0.468360  0.409514  0.304596  0.560209  0.679647  0.399539  0.333525  0.390600  0.460938  0.452049  0.753386  0.454804  0.286373  0.393547  0.271021  0.621859  0.254311  0.416435  0.619096  0.292570  0.233434  0.266155 
23  0.575635  0.464120  0.435200  0.668590  0.561777  0.665948  0.425692  0.474303  0.537760  0.581363  0.493884  0.361976  0.472566  0.569010  0.663621  0.491646  0.595271  0.404250  0.544779  0.572342  0.465203  0.396981  0.451474 0.0  0.631361  0.581353  0.637204  0.476815  0.517664  0.545440  0.487344  0.499676  0.491476  0.449269  0.556885  0.436511  0.504385  0.449724  0.550030  0.438799  0.564536  0.590995  0.538349  0.508975  0.547156  0.419497  0.571965  0.514146  0.499837  0.509623  0.512269  0.475227  0.512176  0.626380  0.523764  0.623289  0.422512  0.699678  0.507992  0.548936  0.585284  0.507431  0.426887  0.664137  0.596858  0.596358  0.500939  0.500355  0.513050  0.532969  0.556414  0.557951  0.531450  0.476291  0.521345  0.562235  0.555298  0.543749  0.505640  0.389924  0.637578  0.608281  0.548521  0.523733  0.487137  0.462759  0.520032  0.636525  0.580059  0.541361  0.520632  0.499032  0.568027  0.513676  0.527648  0.475318  0.615254  0.516691  0.555107  0.508600  0.427583  0.517231  0.627585  0.485551  0.531983  0.511330  0.557871  0.764988  0.546913  0.474444  0.418698  0.574616  0.549467  0.564272  0.418628  0.614131  0.469025  0.526210  0.435663  0.476976  0.580525  0.519948  0.451231  0.471978  0.551922  0.526177  0.412904  0.635652  0.422040  0.471027  0.555159  0.391866  0.504341  0.420941  0.522266  0.508756  0.604141  0.512435  0.540019  0.399473  0.517350  0.607476  0.496907  0.515180  0.492930  0.434300 
24  0.727718  0.792784  0.821137  0.671171  0.714155  0.630802  0.782305  0.765954  0.604766  0.752487  0.728012  0.784772  0.783059  0.786893  0.648502  0.781421  0.640917  0.639990  0.831452  0.608347  0.735845  0.779109  0.716714  0.631361 0.0  0.234667  0.734570  0.770567  0.726147  0.767675  0.808300  0.761874  0.783497  0.830959  0.832760  0.882346  0.816614  0.506652  0.712184  0.706716  0.558578  0.711151  0.748853  0.621045  0.716874  0.654543  0.759175  0.694715  0.707438  0.900788  0.868030  0.747806  0.808858  0.661916  0.737913  0.721977  0.773303  0.527663  0.496269  0.859473  0.707402  0.832911  0.789434  0.837078  0.753644  0.723111  0.650075  0.674478  0.691073  0.672249  0.738565  0.654213  0.800232  0.689483  0.873549  0.671372  0.790509  0.721857  0.786462  0.819658  0.802232  0.785603  0.653113  0.740910  0.770348  0.832666  0.631647  0.861094  0.614752  0.910596  0.753521  0.926627  0.741338  0.449549  0.798926  0.680827  0.694813  0.835037  0.789980  0.695564  0.788570  0.780992  0.873927  0.724353  0.866205  0.714490  0.738369  0.753805  0.640502  0.756304  0.808703  0.721767  0.649337  0.678215  0.757572  0.856807  0.470199  0.645301  0.842679  0.795762  0.789915  0.709036  0.731480  0.737945  0.858431  0.737212  0.690931  0.661496  0.688085  0.795006  0.835764  0.734840  0.700603  0.657411  0.729157  0.831815  0.824106  0.829457  0.761917  0.381295  0.787238  0.735601  0.666601  0.833998  0.888534  0.730706 
25  0.785105  0.665975  0.738146  0.790181  0.816673  0.707478  0.737882  0.846177  0.740192  0.827436  0.831647  0.825028  0.772605  0.693883  0.695136  0.767696  0.745748  0.627387  0.714945  0.718058  0.759477  0.718116  0.790856  0.581353  0.234667 0.0  0.779694  0.790446  0.717775  0.888808  0.716747  0.835640  0.702671  0.842427  0.761666  0.700768  0.755547  0.411938  0.788948  0.652986  0.434306  0.739203  0.778997  0.760766  0.627762  0.876922  0.729463  0.812655  0.730781  0.785694  0.733895  0.822022  0.803968  0.774474  0.715845  0.736208  0.766459  0.615002  0.473187  0.817762  0.750560  0.695671  0.805159  0.720560  0.817333  0.743059  0.759376  0.710307  0.708207  0.465991  0.731770  0.795721  0.798196  0.631140  0.922113  0.753493  0.746196  0.769135  0.775134  0.819545  0.813127  0.866544  0.724459  0.749092  0.732828  0.785007  0.545032  0.754733  0.494326  0.872694  0.888632  0.711773  0.757108  0.570376  0.689895  0.741124  0.729028  0.787635  0.811017  0.763771  0.823868  0.802163  0.928482  0.829523  0.742980  0.631507  0.858701  0.616851  0.743355  0.675683  0.803749  0.907274  0.739066  0.631429  0.765567  0.791352  0.513587  0.746855  0.762591  0.675012  0.792482  0.799203  0.700040  0.671641  0.713491  0.695847  0.708028  0.736099  0.624322  0.819471  0.764991  0.815292  0.666040  0.665989  0.717494  0.765384  0.849923  0.724477  0.768686  0.439305  0.815159  0.695168  0.637303  0.670030  0.762074  0.682522 
26  0.431039  0.878908  0.852259  0.507665  0.384899  0.756059  0.352403  0.167688  0.574154  0.345066  0.537544  0.360550  0.310085  0.889802  0.518472  0.325162  0.550075  0.650778  0.302642  0.546601  0.413161  0.783478  0.285608  0.637204  0.734570  0.779694 0.0  0.323725  0.309471  0.430884  0.284790  0.473469  0.384443  0.431973  0.792259  0.397215  0.280707  0.830430  0.397672  0.651727  0.744048  0.484941  0.371866  0.532629  0.900553  0.380498  0.465673  0.408300  0.366119  0.351637  0.360484  0.332970  0.360849  0.400634  0.641344  0.243099  0.267466  0.414140  0.509521  0.182769  0.278646  0.343291  0.244817  0.818781  0.219489  0.376154  0.507833  0.815581  0.828453  0.407676  0.493781  0.408104  0.287000  0.577997  0.512387  0.475878  0.382299  0.514772  0.410337  0.788246  0.191480  0.405582  0.741808  0.414615  0.299447  0.319161  0.483622  0.221273  0.755660  0.237387  0.393531  0.341593  0.583374  0.562832  0.469897  0.694693  0.167623  0.924172  0.323378  0.236859  0.420211  0.207246  0.360469  0.329852  0.392494  0.245889  0.229512  0.765923  0.459262  0.452524  0.334417  0.335035  0.489250  0.427860  0.361263  0.353514  0.500589  0.406228  0.442626  0.875266  0.304820  0.466291  0.485943  0.707514  0.322846  0.327354  0.379025  0.664627  0.785079  0.440497  0.190698  0.403589  0.425905  0.517108  0.857407  0.409040  0.288070  0.365444  0.314842  0.785114  0.277785  0.445357  0.718036  0.327484  0.424747  0.359700 
