146
0 0.0  0.786442  0.826612  0.238211  0.291982  0.681817  0.222255  0.408418  0.396078  0.381662  0.233924  0.437611  0.310936  0.780377  0.354836  0.398433  0.638880  0.695923  0.343651  0.446997  0.238938  0.758294  0.460616  0.520283  0.685518  0.687177  0.376753  0.439892  0.456721  0.421862  0.452472  0.392269  0.352418  0.490117  0.852197  0.332473  0.479662  0.678380  0.353760  0.707321  0.624776  0.425025  0.207474  0.328816  0.607863  0.387801  0.277071  0.231523  0.339848  0.478041  0.283077  0.494366  0.149263  0.443192  0.521755  0.397049  0.384685  0.384063  0.553809  0.466300  0.348778  0.363589  0.464884  0.726527  0.418891  0.256691  0.338325  0.675255  0.748265  0.437018  0.255599  0.405856  0.414572  0.386421  0.457308  0.224824  0.354278  0.285815  0.343824  0.759932  0.343532  0.344875  0.751353  0.331414  0.393905  0.457671  0.451870  0.515487  0.649943  0.402624  0.471834  0.445223  0.389800  0.466544  0.271022  0.472009  0.392604  0.815612  0.396162  0.414482  0.366575  0.333507  0.613484  0.387224  0.292746  0.392355  0.353561  0.749539  0.159649  0.429489  0.412861  0.362504  0.321939  0.300717  0.505675  0.337948  0.625732  0.312132  0.298437  0.708813  0.543041  0.332985  0.375465  0.738420  0.167586  0.235621  0.418459  0.461027  0.836711  0.383738  0.452310  0.306514  0.537618  0.467330  0.794937  0.325044  0.396281  0.360005  0.386981  0.745819  0.339282  0.352712  0.637466  0.383291  0.442829  0.294318 
1  0.786442 0.0  0.275684  0.858975  0.759917  0.697225  0.716624  0.744954  0.743093  0.715427  0.752542  0.730455  0.797891  0.692172  0.873578  0.810937  0.692973  0.535217  0.848069  0.719808  0.683754  0.526990  0.843796  0.351927  0.755724  0.696674  0.857856  0.831368  0.801740  0.802930  0.793351  0.889904  0.765069  0.712519  0.561173  0.713165  0.725273  0.622406  0.849032  0.346447  0.669649  0.761495  0.858743  0.823141  0.545885  0.856158  0.713099  0.752961  0.817433  0.734999  0.721103  0.807375  0.911609  0.810590  0.772548  0.848439  0.735132  0.816901  0.543332  0.838913  0.836615  0.823505  0.724071  0.801334  0.788379  0.841200  0.833390  0.441680  0.741963  0.618198  0.798742  0.831078  0.824738  0.745979  0.744337  0.902412  0.844329  0.884613  0.599911  0.461381  0.865275  0.823317  0.680926  0.753478  0.757134  0.710236  0.607613  0.701821  0.618261  0.805545  0.728938  0.792800  0.892120  0.455079  0.857821  0.798274  0.756689  0.389024  0.850683  0.838519  0.832983  0.777159  0.800857  0.839591  0.748439  0.808317  0.907961  0.673566  0.802580  0.746889  0.684837  0.853360  0.838281  0.821386  0.681362  0.815176  0.599337  0.807488  0.619881  0.489208  0.770656  0.792716  0.871126  0.448364  0.907401  0.782518  0.620650  0.785896  0.761356  0.801520  0.800841  0.748401  0.613383  0.759243  0.808090  0.747612  0.769844  0.646812  0.764139  0.600252  0.882074  0.796156  0.597925  0.757413  0.804196  0.660026 
2  0.826612  0.275684 0.0  0.826548  0.801053  0.790556  0.691041  0.898816  0.784460  0.857560  0.836843  0.737578  0.764808  0.680176  0.782422  0.724110  0.776872  0.636005  0.829382  0.617319  0.682511  0.629569  0.730872  0.479481  0.746877  0.724403  0.782437  0.711349  0.695161  0.754624  0.693218  0.859240  0.747149  0.806457  0.484289  0.795439  0.695104  0.605112  0.876720  0.385615  0.737026  0.778814  0.757669  0.857842  0.652297  0.798540  0.685546  0.841210  0.812878  0.750741  0.757809  0.809502  0.826711  0.741326  0.823195  0.678892  0.799061  0.687865  0.438148  0.863885  0.708110  0.803045  0.686228  0.718395  0.821362  0.758576  0.838975  0.372439  0.803402  0.582038  0.773019  0.666962  0.782350  0.818246  0.751850  0.769562  0.729125  0.824730  0.618603  0.562731  0.768076  0.866256  0.693387  0.690360  0.736186  0.667025  0.719871  0.713998  0.707553  0.787794  0.755159  0.659161  0.781088  0.370686  0.825990  0.887086  0.846022  0.416940  0.837235  0.846192  0.713696  0.687947  0.835244  0.799149  0.845634  0.838633  0.950235  0.660826  0.709158  0.719280  0.672378  0.825695  0.791640  0.822272  0.703750  0.828151  0.532343  0.867234  0.734655  0.397713  0.700671  0.743141  0.805100  0.379455  0.887225  0.796879  0.693591  0.690544  0.706553  0.845509  0.719304  0.823157  0.693900  0.660646  0.849575  0.749352  0.824167  0.701617  0.613601  0.710580  0.855954  0.791084  0.685688  0.722186  0.693866  0.676523 
3  0.238211  0.858975  0.826548 0.0  0.255614  0.584584  0.272687  0.328278  0.477506  0.423779  0.289042  0.417188  0.346881  0.623746  0.351454  0.420142  0.658963  0.726480  0.330650  0.419329  0.378200  0.715167  0.422877  0.598907  0.718387  0.758810  0.411109  0.360470  0.422228  0.372504  0.350501  0.415560  0.362429  0.493003  0.923864  0.409893  0.396078  0.796366  0.364756  0.689885  0.760162  0.371516  0.285542  0.316034  0.777906  0.317159  0.345791  0.311042  0.394946  0.605695  0.235575  0.424221  0.185055  0.333082  0.614043  0.363070  0.433248  0.264368  0.548846  0.401382  0.241055  0.257374  0.495708  0.772444  0.414730  0.196802  0.161541  0.670429  0.754856  0.506297  0.273941  0.328485  0.414810  0.478805  0.433597  0.273895  0.400764  0.339464  0.275256  0.825127  0.279715  0.421069  0.716792  0.352134  0.297236  0.389208  0.374748  0.531080  0.614869  0.405346  0.442004  0.537264  0.499378  0.527985  0.179017  0.551981  0.318071  0.860828  0.348291  0.333332  0.316194  0.418245  0.587505  0.403395  0.331688  0.453434  0.383442  0.796897  0.145066  0.479527  0.425363  0.393047  0.433789  0.249973  0.470384  0.309671  0.478564  0.351770  0.355933  0.758627  0.413112  0.220786  0.331911  0.684864  0.256898  0.281118  0.328269  0.516857  0.845359  0.431279  0.439865  0.335383  0.473025  0.425838  0.846133  0.245940  0.420986  0.374481  0.406510  0.750616  0.373243  0.301808  0.741688  0.405404  0.482398  0.318426 
4  0.291982  0.759917  0.801053  0.255614 0.0  0.568031  0.357133  0.440422  0.401749  0.297217  0.361160  0.426698  0.365210  0.782220  0.502715  0.309607  0.694242  0.597682  0.521806  0.418471  0.409112  0.730057  0.434358  0.546888  0.713166  0.647082  0.389623  0.343365  0.442181  0.208900  0.451389  0.301512  0.417808  0.533663  0.766036  0.298883  0.469301  0.710878  0.296421  0.642104  0.788399  0.282499  0.257647  0.340454  0.833075  0.356247  0.350171  0.268835  0.507838  0.374851  0.349463  0.362901  0.329063  0.286310  0.562499  0.453265  0.508670  0.366250  0.532479  0.456440  0.463474  0.475443  0.421044  0.681190  0.372917  0.442068  0.329929  0.725801  0.698171  0.476089  0.327141  0.285294  0.384163  0.448730  0.455250  0.339914  0.278086  0.193844  0.301961  0.718182  0.360541  0.361279  0.653589  0.355461  0.333681  0.423215  0.455387  0.472019  0.562775  0.500159  0.415328  0.522651  0.522156  0.502126  0.252285  0.482507  0.448742  0.844656  0.519781  0.434881  0.354540  0.473465  0.606248  0.352239  0.348682  0.446308  0.367349  0.833737  0.229916  0.337828  0.379557  0.231298  0.166563  0.289138  0.415095  0.288830  0.509640  0.459863  0.261639  0.834214  0.390531  0.268537  0.254189  0.626564  0.332257  0.435885  0.253258  0.523462  0.711181  0.421170  0.377427  0.327557  0.403754  0.585490  0.774756  0.365910  0.462306  0.424070  0.396451  0.685177  0.453542  0.212988  0.694989  0.408488  0.548467  0.359657 
5  0.681817  0.697225  0.790556  0.584584  0.568031 0.0  0.633072  0.684341  0.612310  0.577382  0.645557  0.689714  0.601905  0.776520  0.632214  0.618095  0.693803  0.685241  0.662257  0.294677  0.604703  0.646099  0.711250  0.610802  0.700355  0.729955  0.603605  0.591370  0.652609  0.566037  0.653143  0.688935  0.671643  0.731861  0.697770  0.600144  0.666037  0.639816  0.641826  0.678790  0.642193  0.573537  0.540560  0.586071  0.653027  0.630261  0.699359  0.536229  0.548825  0.750660  0.600087  0.652128  0.467545  0.525775  0.499674  0.710362  0.661494  0.341647  0.467208  0.644123  0.599576  0.598720  0.543328  0.811203  0.698125  0.436538  0.479553  0.793081  0.774679  0.413662  0.647290  0.537227  0.716401  0.502877  0.667155  0.612748  0.650201  0.626920  0.544913  0.813590  0.684841  0.736661  0.618436  0.751384  0.594843  0.642954  0.459560  0.675681  0.659236  0.619156  0.643651  0.632486  0.213110  0.495004  0.581094  0.341901  0.718023  0.852631  0.673445  0.694675  0.561444  0.685352  0.633841  0.618257  0.676713  0.598964  0.695595  0.733255  0.470286  0.764876  0.655989  0.641965  0.568057  0.675205  0.636954  0.605636  0.583061  0.486753  0.622108  0.757665  0.677199  0.687569  0.623628  0.671126  0.549273  0.691844  0.632109  0.517435  0.738255  0.614614  0.631604  0.592970  0.411092  0.489179  0.689820  0.549723  0.699164  0.584457  0.673032  0.545189  0.644562  0.602384  0.671574  0.630927  0.722455  0.527843 
6  0.222255  0.716624  0.691041  0.272687  0.357133  0.633072 0.0  0.327400  0.511894  0.296810  0.357781  0.285431  0.416972  0.757231  0.416037  0.282917  0.701523  0.663310  0.412542  0.516359  0.144995  0.727347  0.423880  0.440673  0.797406  0.682301  0.313757  0.425043  0.455336  0.462314  0.428715  0.352598  0.325872  0.545952  0.756395  0.364234  0.309553  0.763830  0.308198  0.663734  0.633976  0.422180  0.218893  0.248769  0.762376  0.404878  0.280279  0.243629  0.392428  0.483859  0.296970  0.344306  0.313813  0.290144  0.529454  0.436305  0.311608  0.432930  0.487901  0.436759  0.314076  0.304456  0.417653  0.766748  0.482411  0.223811  0.252544  0.733318  0.717630  0.409073  0.293931  0.338063  0.406979  0.489782  0.448007  0.265499  0.351229  0.314221  0.316402  0.763741  0.402678  0.507635  0.679767  0.277790  0.231947  0.368503  0.358682  0.325733  0.594505  0.401965  0.466813  0.434810  0.639670  0.641933  0.329980  0.446961  0.323550  0.724021  0.457516  0.388622  0.368238  0.446784  0.395611  0.395753  0.459818  0.449711  0.414488  0.768920  0.295401  0.337056  0.407956  0.168935  0.232236  0.308871  0.385249  0.280671  0.531958  0.437102  0.418482  0.691514  0.419976  0.377191  0.430949  0.656766  0.274266  0.365425  0.354618  0.559364  0.659225  0.455711  0.290242  0.350140  0.431707  0.403676  0.680012  0.305320  0.405351  0.379007  0.371021  0.568037  0.426237  0.371756  0.757293  0.326547  0.452610  0.375707 
7  0.408418  0.744954  0.898816  0.328278  0.440422  0.684341  0.327400 0.0  0.524837  0.229092  0.477748  0.312821  0.468343  0.755573  0.522113  0.373064  0.685925  0.701378  0.285419  0.556285  0.361444  0.731103  0.251910  0.529381  0.763273  0.774140  0.106265  0.210146  0.297013  0.475401  0.331853  0.416268  0.272778  0.416601  0.868968  0.303116  0.251903  0.678920  0.427398  0.799271  0.744431  0.317076  0.464156  0.403078  0.728426  0.439387  0.353592  0.526773  0.266278  0.385723  0.385910  0.268494  0.347456  0.220456  0.561053  0.263796  0.268603  0.361748  0.515192  0.240255  0.367168  0.373711  0.239054  0.769647  0.225979  0.403278  0.495543  0.715609  0.870874  0.420327  0.291418  0.494412  0.281142  0.477149  0.367076  0.364294  0.398161  0.391913  0.367093  0.777918  0.161670  0.310093  0.681848  0.287680  0.362206  0.269786  0.380314  0.177383  0.785535  0.289493  0.362119  0.240391  0.583222  0.498954  0.359905  0.682622  0.138553  0.831343  0.275343  0.133489  0.284208  0.092229  0.443766  0.275828  0.404036  0.266043  0.281407  0.770852  0.324284  0.340054  0.414770  0.388577  0.439916  0.465627  0.284873  0.359525  0.541211  0.335011  0.381137  0.743169  0.332066  0.398416  0.466704  0.697543  0.435406  0.350421  0.294673  0.520942  0.772885  0.380179  0.190102  0.416012  0.483168  0.520482  0.785550  0.374999  0.275832  0.302263  0.259788  0.672511  0.161186  0.444977  0.603445  0.302440  0.303092  0.306961 
8  0.396078  0.743093  0.784460  0.477506  0.401749  0.612310  0.511894  0.524837 0.0  0.410916  0.510186  0.463550  0.499857  0.787517  0.230415  0.638091  0.733338  0.656079  0.434569  0.385724  0.517667  0.799750  0.558275  0.538171  0.619997  0.763277  0.492726  0.450340  0.465886  0.473984  0.441128  0.486721  0.437108  0.484648  0.759247  0.559766  0.481683  0.713841  0.530423  0.776864  0.743961  0.244846  0.331851  0.400275  0.744229  0.357215  0.615084  0.517385  0.454041  0.567776  0.373451  0.490585  0.380090  0.553924  0.553400  0.431140  0.447111  0.348184  0.454030  0.553642  0.378645  0.509180  0.499448  0.720937  0.632135  0.410124  0.380086  0.694437  0.817796  0.358784  0.432025  0.495362  0.404320  0.270747  0.499277  0.438149  0.479129  0.486195  0.422164  0.751042  0.502373  0.517136  0.678550  0.475047  0.384582  0.527928  0.437058  0.506645  0.628182  0.415221  0.472910  0.605730  0.558098  0.589027  0.445031  0.548376  0.524525  0.777657  0.531916  0.592161  0.372499  0.529845  0.686642  0.497590  0.546161  0.562114  0.526538  0.739224  0.362242  0.526423  0.424018  0.427835  0.375821  0.404829  0.583676  0.544810  0.566452  0.308314  0.526047  0.750529  0.631166  0.468419  0.478853  0.674696  0.490694  0.517188  0.486395  0.533553  0.662297  0.522879  0.499613  0.471002  0.495448  0.349818  0.722871  0.494746  0.595905  0.491883  0.553881  0.611142  0.574738  0.500191  0.593265  0.497260  0.512432  0.430578 
9  0.381662  0.715427  0.857560  0.423779  0.297217  0.577382  0.296810  0.229092  0.410916 0.0  0.392482  0.294034  0.211886  0.857648  0.486394  0.393895  0.745684  0.473224  0.309315  0.527947  0.384217  0.688437  0.246629  0.470683  0.784770  0.717170  0.247182  0.209025  0.306166  0.369942  0.264098  0.405163  0.379126  0.350084  0.709481  0.404658  0.300548  0.716644  0.525150  0.735147  0.713970  0.437199  0.430108  0.442799  0.782676  0.354001  0.337726  0.421056  0.243854  0.215988  0.371570  0.330881  0.517776  0.292804  0.579834  0.294097  0.354469  0.482726  0.432519  0.413832  0.348412  0.429721  0.303557  0.776900  0.262448  0.464699  0.434041  0.721808  0.673679  0.487391  0.369568  0.431779  0.304904  0.513833  0.260334  0.344969  0.374760  0.452630  0.394011  0.691616  0.321696  0.288528  0.697850  0.342814  0.330103  0.310128  0.453578  0.230162  0.594519  0.367587  0.311894  0.279707  0.701727  0.523707  0.473322  0.709512  0.387193  0.809180  0.376386  0.308652  0.362704  0.275015  0.360733  0.245922  0.360960  0.158710  0.397148  0.678339  0.435106  0.426694  0.282782  0.376162  0.464723  0.363312  0.422572  0.329184  0.450248  0.503844  0.463058  0.749205  0.268807  0.337564  0.395488  0.691037  0.360364  0.312357  0.310997  0.559713  0.684006  0.372155  0.241195  0.383148  0.521027  0.482001  0.626639  0.343479  0.253841  0.325380  0.283578  0.559091  0.198001  0.324630  0.698106  0.350060  0.333145  0.291128 
10  0.233924  0.752542  0.836843  0.289042  0.361160  0.645557  0.357781  0.477748  0.510186  0.392482 0.0  0.436079  0.352794  0.699020  0.426318  0.472310  0.595844  0.613066  0.498795  0.490085  0.302216  0.720978  0.355432  0.457326  0.749764  0.759548  0.439114  0.376087  0.464846  0.461766  0.420835  0.284301  0.368231  0.551640  0.805414  0.342050  0.473019  0.715342  0.316118  0.686724  0.714959  0.356929  0.247560  0.217554  0.685394  0.457815  0.459373  0.301548  0.518711  0.454025  0.313688  0.372722  0.262061  0.359528  0.464626  0.430818  0.472862  0.434912  0.581961  0.400661  0.341553  0.392457  0.626563  0.746200  0.486899  0.455159  0.272458  0.727657  0.799826  0.493077  0.312331  0.352921  0.442470  0.430070  0.485966  0.264417  0.350119  0.339827  0.239331  0.717499  0.384817  0.423410  0.825814  0.397713  0.249883  0.406716  0.388331  0.413367  0.659582  0.426726  0.536140  0.397692  0.621619  0.537848  0.320304  0.596257  0.425269  0.828266  0.407219  0.416867  0.462902  0.343778  0.509203  0.399707  0.372147  0.529571  0.351327  0.696543  0.317425  0.361844  0.241665  0.341670  0.325163  0.348332  0.428805  0.252766  0.464245  0.425214  0.303389  0.628747  0.535006  0.268791  0.334851  0.652961  0.273479  0.405907  0.379509  0.524543  0.785665  0.413234  0.460454  0.303677  0.545804  0.477336  0.721470  0.283938  0.450324  0.438354  0.400018  0.599648  0.525486  0.372609  0.646972  0.448278  0.406016  0.373025 
11  0.437611  0.730455  0.737578  0.417188  0.426698  0.689714  0.285431  0.312821  0.463550  0.294034  0.436079 0.0  0.335781  0.760351  0.502880  0.369636  0.605021  0.495129  0.391492  0.509902  0.380834  0.714056  0.182680  0.415376  0.678611  0.761902  0.245198  0.242951  0.232213  0.363818  0.247423  0.388230  0.242464  0.372835  0.708940  0.244041  0.224912  0.546979  0.373957  0.705950  0.720724  0.441533  0.405379  0.442281  0.741246  0.449820  0.344559  0.424576  0.258337  0.337668  0.365346  0.183868  0.464082  0.317631  0.646791  0.374932  0.139322  0.555303  0.448495  0.481200  0.383640  0.361442  0.232795  0.774546  0.245996  0.495280  0.387014  0.625720  0.649555  0.328820  0.413797  0.372538  0.292833  0.502428  0.384267  0.357764  0.444211  0.465450  0.226602  0.714255  0.379090  0.361620  0.746660  0.315067  0.367115  0.313471  0.496962  0.430969  0.712218  0.326816  0.360352  0.298064  0.698722  0.536344  0.530063  0.527977  0.264415  0.760929  0.357321  0.300425  0.276187  0.288699  0.344846  0.386411  0.198662  0.325540  0.377044  0.702086  0.413352  0.337173  0.351907  0.426577  0.488956  0.404243  0.298394  0.473738  0.378572  0.540844  0.416236  0.677825  0.398767  0.299240  0.370115  0.631560  0.330194  0.296920  0.178039  0.462890  0.678257  0.321409  0.324708  0.263897  0.541452  0.364339  0.740613  0.410225  0.311391  0.311202  0.288586  0.610192  0.356328  0.339571  0.636188  0.257300  0.319112  0.246834 
12  0.310936  0.797891  0.764808  0.346881  0.365210  0.601905  0.416972  0.468343  0.499857  0.211886  0.352794  0.335781 0.0  0.707052  0.351341  0.418823  0.731974  0.677760  0.376380  0.550456  0.217447  0.806324  0.346230  0.528655  0.773292  0.633156  0.359153  0.364982  0.354668  0.359601  0.419016  0.400420  0.279697  0.262198  0.793156  0.375711  0.344107  0.722164  0.296735  0.681408  0.714242  0.383541  0.486684  0.365587  0.772894  0.354415  0.237521  0.369361  0.366701  0.301153  0.289193  0.342186  0.428212  0.293978  0.479691  0.307924  0.340558  0.434897  0.515994  0.351640  0.339049  0.356621  0.225522  0.681021  0.392414  0.304503  0.397658  0.738056  0.743192  0.372442  0.263880  0.293538  0.406672  0.514833  0.377907  0.368788  0.371660  0.334358  0.395306  0.732689  0.350345  0.386734  0.660369  0.323064  0.333642  0.215704  0.499414  0.319937  0.614656  0.268302  0.287132  0.262825  0.665430  0.503893  0.355271  0.640423  0.339140  0.635312  0.386538  0.353039  0.394024  0.387076  0.399546  0.395462  0.262817  0.298773  0.374947  0.712558  0.386772  0.279885  0.377023  0.380191  0.393026  0.393109  0.346040  0.322484  0.617878  0.502274  0.328232  0.749097  0.303849  0.429828  0.326486  0.639644  0.352800  0.219995  0.296245  0.593816  0.659440  0.329580  0.335198  0.427326  0.547118  0.550369  0.765603  0.319779  0.342690  0.401775  0.262988  0.677070  0.212955  0.365831  0.696879  0.374297  0.338238  0.292506 
13  0.780377  0.692172  0.680176  0.623746  0.782220  0.776520  0.757231  0.755573  0.787517  0.857648  0.699020  0.760351  0.707052 0.0  0.637683  0.798302  0.543558  0.641677  0.772574  0.592873  0.772606  0.675614  0.717382  0.567862  0.776179  0.657456  0.778705  0.785543  0.728241  0.592532  0.739679  0.730649  0.725315  0.755674  0.649556  0.806577  0.662377  0.749002  0.686998  0.618183  0.651642  0.642286  0.671341  0.772775  0.302039  0.673826  0.715094  0.751638  0.777926  0.808943  0.697287  0.744166  0.761505  0.745125  0.715241  0.697428  0.782535  0.611341  0.428323  0.775463  0.728485  0.724619  0.706482  0.761683  0.749750  0.786296  0.792040  0.736319  0.731531  0.607725  0.667343  0.763200  0.702009  0.752887  0.845780  0.711892  0.634195  0.673117  0.773790  0.681873  0.735039  0.728484  0.688759  0.754849  0.694268  0.710864  0.576728  0.690569  0.577203  0.805434  0.868309  0.776559  0.680310  0.537777  0.754564  0.672392  0.704503  0.753207  0.593807  0.670323  0.739994  0.746166  0.867104  0.766592  0.733150  0.752581  0.760243  0.730936  0.754395  0.813098  0.842791  0.711067  0.669362  0.673779  0.752758  0.721608  0.354659  0.654420  0.773778  0.723869  0.803035  0.700648  0.703112  0.645229  0.698981  0.690398  0.797719  0.684764  0.569810  0.737438  0.734808  0.667130  0.626124  0.680381  0.711122  0.755027  0.790764  0.725056  0.869198  0.621614  0.766459  0.828634  0.699353  0.784024  0.757791  0.683369 
14  0.354836  0.873578  0.782422  0.351454  0.502715  0.632214  0.416037  0.522113  0.230415  0.486394  0.426318  0.502880  0.351341  0.637683 0.0  0.534560  0.756160  0.677379  0.448242  0.424203  0.478768  0.714383  0.544039  0.495279  0.678965  0.705862  0.293914  0.529144  0.567628  0.484667  0.461242  0.454889  0.435662  0.576716  0.852969  0.473034  0.539066  0.731219  0.508181  0.677288  0.666726  0.221017  0.380751  0.431414  0.881985  0.480927  0.527763  0.326908  0.416187  0.598218  0.444818  0.632250  0.396988  0.421152  0.491988  0.492891  0.462267  0.281351  0.583498  0.450430  0.311461  0.466150  0.428655  0.802656  0.488826  0.540444  0.488797  0.714937  0.781456  0.483380  0.476729  0.382131  0.402175  0.210779  0.592162  0.484151  0.484258  0.458230  0.401216  0.752411  0.461564  0.385817  0.731749  0.505051  0.388951  0.446770  0.367323  0.600124  0.692700  0.482018  0.527432  0.583956  0.420613  0.547150  0.506549  0.614060  0.466764  0.778411  0.446151  0.410564  0.419845  0.403092  0.596037  0.509991  0.513448  0.485884  0.439246  0.666084  0.375696  0.404638  0.555579  0.464706  0.433962  0.426478  0.525474  0.470503  0.539614  0.312315  0.465196  0.850125  0.496262  0.519062  0.400160  0.713613  0.515073  0.401152  0.381982  0.481595  0.784538  0.555770  0.524020  0.332106  0.412885  0.421432  0.815007  0.422694  0.508718  0.369548  0.560776  0.574872  0.541904  0.544528  0.684086  0.485182  0.505630  0.322691 
15  0.398433  0.810937  0.724110  0.420142  0.309607  0.618095  0.282917  0.373064  0.638091  0.393895  0.472310  0.369636  0.418823  0.798302  0.534560 0.0  0.744162  0.583987  0.424315  0.453564  0.204694  0.713190  0.366758  0.485859  0.713731  0.669283  0.425179  0.271790  0.405634  0.366664  0.456144  0.388362  0.214809  0.419873  0.835314  0.275648  0.403308  0.688732  0.426684  0.734040  0.708142  0.370700  0.375290  0.412435  0.693794  0.387513  0.209513  0.356856  0.375162  0.415128  0.314859  0.262847  0.428816  0.477964  0.634761  0.337365  0.437321  0.478787  0.534944  0.476661  0.362505  0.334049  0.331238  0.792984  0.440332  0.350051  0.326742  0.687306  0.761947  0.311494  0.368878  0.288198  0.376517  0.555279  0.433260  0.387511  0.337986  0.411290  0.240544  0.709585  0.366703  0.362907  0.745271  0.330490  0.205853  0.147881  0.429467  0.400118  0.687371  0.523616  0.389196  0.398664  0.587302  0.422902  0.311187  0.602811  0.308195  0.766161  0.435203  0.378670  0.339638  0.367189  0.504274  0.469815  0.233918  0.344881  0.399837  0.750367  0.425365  0.228030  0.299856  0.283475  0.335324  0.296369  0.446526  0.385962  0.376164  0.481197  0.247997  0.652033  0.454602  0.386505  0.280860  0.576041  0.404213  0.298026  0.228660  0.585019  0.841176  0.249601  0.391474  0.262879  0.530407  0.415352  0.686210  0.086176  0.357851  0.379457  0.324026  0.646601  0.262330  0.342009  0.654162  0.366748  0.345231  0.302889 
16  0.638880  0.692973  0.776872  0.658963  0.694242  0.693803  0.701523  0.685925  0.733338  0.745684  0.595844  0.605021  0.731974  0.543558  0.756160  0.744162 0.0  0.524833  0.682548  0.686343  0.670169  0.551813  0.705786  0.500697  0.679505  0.607069  0.648490  0.669064  0.678330  0.755574  0.617714  0.710759  0.556505  0.608096  0.715423  0.631176  0.660223  0.697802  0.759019  0.704407  0.575985  0.689981  0.675003  0.774968  0.692082  0.647639  0.633872  0.695202  0.602631  0.675410  0.628076  0.715512  0.660211  0.630512  0.687408  0.610609  0.639734  0.617930  0.377173  0.637693  0.686955  0.654075  0.640217  0.742964  0.571780  0.716746  0.800808  0.690675  0.600142  0.596699  0.601454  0.785863  0.698155  0.754799  0.851206  0.740887  0.637471  0.770750  0.673202  0.609153  0.780321  0.773076  0.566185  0.588149  0.692827  0.681678  0.586694  0.737863  0.371675  0.659161  0.783216  0.622258  0.691481  0.522715  0.727957  0.653129  0.654944  0.673529  0.740350  0.718837  0.627864  0.752466  0.690189  0.659157  0.811437  0.639459  0.684345  0.721451  0.783946  0.686898  0.641069  0.675924  0.671153  0.717711  0.641980  0.687999  0.463940  0.676184  0.718168  0.624398  0.728250  0.637543  0.786728  0.563139  0.703302  0.638191  0.763229  0.701107  0.680411  0.609817  0.705114  0.622168  0.644601  0.607817  0.727061  0.680825  0.698004  0.672151  0.830568  0.505306  0.668728  0.754084  0.549315  0.651976  0.699713  0.667882 
17  0.695923  0.535217  0.636005  0.726480  0.597682  0.685241  0.663310  0.701378  0.656079  0.473224  0.613066  0.495129  0.677760  0.641677  0.677379  0.583987  0.524833 0.0  0.684768  0.637918  0.623701  0.592030  0.571662  0.458196  0.618266  0.539900  0.634036  0.689804  0.499296  0.609179  0.529868  0.658876  0.587237  0.651643  0.675237  0.583682  0.600384  0.419011  0.577368  0.631910  0.555485  0.663026  0.642796  0.607219  0.575439  0.623243  0.509280  0.647677  0.740349  0.718032  0.516703  0.626703  0.544676  0.524793  0.598773  0.676168  0.542987  0.726368  0.472173  0.639481  0.572371  0.599963  0.602873  0.544022  0.599729  0.515168  0.681455  0.575409  0.576186  0.529924  0.686200  0.630616  0.623423  0.656969  0.794360  0.643763  0.651439  0.557004  0.641624  0.553841  0.698762  0.715458  0.579582  0.664535  0.616232  0.604399  0.522277  0.589005  0.574176  0.643391  0.503805  0.754461  0.647367  0.523062  0.667116  0.657425  0.562855  0.678401  0.630071  0.601795  0.553946  0.664665  0.712226  0.592478  0.543341  0.621181  0.601288  0.579209  0.644505  0.558483  0.609549  0.539372  0.634083  0.583686  0.488390  0.640875  0.416019  0.586386  0.560255  0.641562  0.670407  0.613124  0.648674  0.581904  0.655500  0.641933  0.516612  0.630896  0.657648  0.618590  0.543788  0.595523  0.541946  0.577441  0.587454  0.657301  0.607081  0.561379  0.724937  0.580181  0.510456  0.674119  0.562704  0.592983  0.717168  0.627300 
18  0.343651  0.848069  0.829382  0.330650  0.521806  0.662257  0.412542  0.285419  0.434569  0.309315  0.498795  0.391492  0.376380  0.772574  0.448242  0.424315  0.682548  0.684768 0.0  0.414471  0.279926  0.723824  0.401982  0.553954  0.750292  0.746591  0.232815  0.224601  0.348879  0.378968  0.387271  0.434537  0.263576  0.409703  0.820142  0.331353  0.386028  0.688889  0.324397  0.752058  0.763691  0.345043  0.328959  0.336924  0.775052  0.270640  0.406636  0.337806  0.305068  0.295141  0.319250  0.354642  0.229251  0.251957  0.528483  0.251472  0.385209  0.388515  0.587086  0.357337  0.165622  0.377920  0.300631  0.772034  0.261754  0.227503  0.300867  0.766391  0.688064  0.477741  0.398878  0.422522  0.401123  0.359249  0.317499  0.349338  0.334306  0.395734  0.332047  0.778855  0.298279  0.278335  0.731704  0.331043  0.420315  0.341277  0.463823  0.278835  0.573038  0.361610  0.390018  0.364497  0.588590  0.511384  0.372783  0.618702  0.260116  0.744664  0.373282  0.199223  0.412513  0.274658  0.435160  0.311504  0.392698  0.344842  0.331738  0.849272  0.394900  0.416152  0.320760  0.433154  0.431516  0.419575  0.343131  0.396268  0.523637  0.456657  0.446122  0.727158  0.418170  0.422271  0.317035  0.724564  0.408548  0.342062  0.368978  0.609191  0.802216  0.409707  0.407831  0.340566  0.494326  0.555979  0.744120  0.284174  0.308074  0.432735  0.305227  0.650866  0.218788  0.418884  0.598107  0.422227  0.378297  0.252849 
19  0.446997  0.719808  0.617319  0.419329  0.418471  0.294677  0.516359  0.556285  0.385724  0.527947  0.490085  0.509902  0.550456  0.592873  0.424203  0.453564  0.686343  0.637918  0.414471 0.0  0.425041  0.669223  0.416664  0.477477  0.589241  0.723603  0.427248  0.431338  0.605969  0.461304  0.548982  0.454011  0.469477  0.636360  0.729800  0.527477  0.562014  0.673618  0.480546  0.669851  0.707863  0.415109  0.449881  0.451746  0.558097  0.484652  0.474126  0.487909  0.513351  0.522304  0.538965  0.512030  0.409237  0.428333  0.488046  0.409474  0.451836  0.331593  0.457466  0.467959  0.400440  0.386816  0.517443  0.735927  0.574657  0.425547  0.475938  0.689155  0.601294  0.274790  0.357340  0.491917  0.616196  0.428981  0.709905  0.408388  0.552119  0.446875  0.495198  0.724382  0.374255  0.440186  0.712892  0.505606  0.511178  0.548647  0.420230  0.541831  0.589793  0.508600  0.627008  0.548050  0.312460  0.603604  0.414985  0.335595  0.395222  0.734432  0.375470  0.473525  0.434863  0.414313  0.612278  0.477096  0.550076  0.556099  0.581298  0.698923  0.338951  0.561313  0.471172  0.458717  0.434965  0.458178  0.526051  0.453881  0.512446  0.486932  0.432123  0.652314  0.535631  0.492517  0.330606  0.621928  0.414788  0.521806  0.412169  0.345258  0.629033  0.447088  0.524069  0.525559  0.373603  0.327447  0.591788  0.465482  0.479746  0.412201  0.472043  0.588918  0.490577  0.398393  0.518434  0.409560  0.608269  0.509461 
20  0.238938  0.683754  0.682511  0.378200  0.409112  0.604703  0.144995  0.361444  0.517667  0.384217  0.302216  0.380834  0.217447  0.772606  0.478768  0.204694  0.670169  0.623701  0.279926  0.425041 0.0  0.717414  0.355392  0.560606  0.832942  0.676315  0.432878  0.221968  0.278631  0.306833  0.351958  0.423284  0.343696  0.265194  0.826145  0.203546  0.361385  0.595535  0.410674  0.696298  0.663944  0.421022  0.303313  0.268378  0.739575  0.439046  0.310565  0.357038  0.313405  0.303464  0.227321  0.408020  0.325729  0.320105  0.475998  0.286290  0.405344  0.443876  0.512526  0.386437  0.335281  0.347472  0.356498  0.800024  0.288066  0.334773  0.350597  0.724029  0.798625  0.281413  0.375409  0.278352  0.290219  0.448478  0.440635  0.206243  0.364060  0.440109  0.228903  0.759128  0.345472  0.435372  0.626910  0.268857  0.133952  0.116803  0.407811  0.341468  0.533900  0.476793  0.334807  0.372374  0.512505  0.478805  0.299146  0.616643  0.332083  0.836138  0.332583  0.346754  0.343723  0.414999  0.413022  0.411741  0.200188  0.382423  0.320674  0.755654  0.377570  0.280012  0.203126  0.272367  0.272922  0.222551  0.367506  0.286198  0.443400  0.381086  0.249959  0.702267  0.382329  0.290383  0.298350  0.604112  0.310638  0.338902  0.255857  0.548936  0.620591  0.247980  0.282247  0.253879  0.548018  0.332325  0.778014  0.285135  0.229395  0.357500  0.349924  0.571982  0.441672  0.326315  0.686940  0.374406  0.340068  0.326897 
21  0.758294  0.526990  0.629569  0.715167  0.730057  0.646099  0.727347  0.731103  0.799750  0.688437  0.720978  0.714056  0.806324  0.675614  0.714383  0.713190  0.551813  0.592030  0.723824  0.669223  0.717414 0.0  0.774139  0.528110  0.667379  0.704358  0.676002  0.763681  0.763271  0.753825  0.712771  0.848812  0.708475  0.859733  0.157428  0.530491  0.694508  0.638099  0.777168  0.510328  0.559925  0.733127  0.752988  0.714602  0.723670  0.654333  0.773418  0.662034  0.787232  0.668115  0.756078  0.780437  0.734639  0.773986  0.698367  0.717086  0.789675  0.637864  0.489477  0.771547  0.587549  0.627700  0.777906  0.686442  0.813002  0.777364  0.701139  0.270793  0.677555  0.640964  0.707007  0.783770  0.733068  0.718231  0.819178  0.789910  0.763109  0.809052  0.583279  0.486474  0.692597  0.773788  0.680985  0.697410  0.713985  0.679796  0.586798  0.732630  0.653391  0.754702  0.732912  0.760787  0.648482  0.439970  0.770587  0.665804  0.784054  0.415796  0.769055  0.748252  0.807068  0.759014  0.887506  0.785817  0.634076  0.670720  0.763615  0.655797  0.676955  0.769761  0.700760  0.734794  0.817723  0.697567  0.755899  0.719717  0.523868  0.673876  0.801673  0.240456  0.857228  0.755240  0.782464  0.448641  0.734402  0.794612  0.711178  0.644053  0.617461  0.862384  0.745859  0.672615  0.572511  0.665782  0.699354  0.715734  0.789259  0.788058  0.798034  0.712649  0.719500  0.863282  0.560351  0.791512  0.850483  0.724075 
22  0.460616  0.843796  0.730872  0.422877  0.434358  0.711250  0.423880  0.251910  0.558275  0.246629  0.355432  0.182680  0.346230  0.717382  0.544039  0.366758  0.705786  0.571662  0.401982  0.416664  0.355392  0.774139 0.0  0.521817  0.690757  0.704993  0.255468  0.284238  0.156256  0.361572  0.266753  0.434331  0.341230  0.252512  0.646441  0.423624  0.216938  0.694101  0.510853  0.719213  0.734505  0.481467  0.529286  0.424968  0.693641  0.418820  0.289002  0.421388  0.150086  0.334261  0.411337  0.395468  0.433201  0.288271  0.525357  0.257659  0.234946  0.421261  0.553962  0.418545  0.350625  0.398688  0.249667  0.759236  0.171781  0.441540  0.400239  0.766022  0.842881  0.434547  0.431326  0.409466  0.286563  0.476019  0.322181  0.320888  0.377113  0.539993  0.184598  0.722184  0.297595  0.229879  0.663926  0.324709  0.409849  0.328947  0.315318  0.316105  0.678595  0.348788  0.325398  0.160968  0.600885  0.626535  0.395831  0.667882  0.175730  0.807679  0.386596  0.160008  0.258902  0.224692  0.262282  0.226406  0.365298  0.244380  0.257828  0.657536  0.420712  0.362317  0.283696  0.408191  0.413805  0.287076  0.313834  0.449265  0.462543  0.564766  0.373749  0.831236  0.304566  0.398129  0.411455  0.557228  0.374963  0.406821  0.378529  0.551134  0.695872  0.433752  0.211739  0.417714  0.429695  0.432683  0.729891  0.520900  0.213388  0.321420  0.199367  0.615443  0.223566  0.353406  0.581264  0.311512  0.242996  0.269450 
23  0.520283  0.351927  0.479481  0.598907  0.546888  0.610802  0.440673  0.529381  0.538171  0.470683  0.457326  0.415376  0.528655  0.567862  0.495279  0.485859  0.500697  0.458196  0.553954  0.477477  0.560606  0.528110  0.521817 0.0  0.499671  0.483705  0.595615  0.465240  0.419387  0.489862  0.406058  0.556103  0.413630  0.409745  0.550153  0.392485  0.443193  0.418240  0.503202  0.472763  0.477769  0.562484  0.528883  0.512521  0.459860  0.536780  0.447810  0.567653  0.450330  0.351026  0.537418  0.453773  0.587614  0.467362  0.590846  0.476972  0.435300  0.681054  0.477769  0.613285  0.471204  0.532898  0.396468  0.581361  0.515632  0.551817  0.542001  0.389088  0.530002  0.547414  0.617276  0.602879  0.490739  0.578828  0.440615  0.465013  0.626502  0.505135  0.343378  0.396939  0.607240  0.595112  0.464437  0.504758  0.402065  0.369104  0.595181  0.477333  0.499046  0.482041  0.400762  0.442543  0.586772  0.613793  0.516910  0.608133  0.411582  0.536738  0.594570  0.620814  0.485824  0.516568  0.553981  0.522552  0.471343  0.541706  0.494736  0.682488  0.505977  0.324524  0.463864  0.602661  0.505207  0.508618  0.448444  0.500299  0.425849  0.572191  0.543851  0.500459  0.551798  0.511915  0.610724  0.534875  0.561728  0.513701  0.375391  0.454391  0.552437  0.449839  0.559016  0.519003  0.460560  0.410826  0.570069  0.489494  0.470123  0.465972  0.475585  0.457419  0.445033  0.582665  0.459693  0.431389  0.475488  0.385478 
24  0.685518  0.755724  0.746877  0.718387  0.713166  0.700355  0.797406  0.763273  0.619997  0.784770  0.749764  0.678611  0.773292  0.776179  0.678965  0.713731  0.679505  0.618266  0.750292  0.589241  0.832942  0.667379  0.690757  0.499671 0.0  0.221671  0.695128  0.762627  0.756644  0.869152  0.746211  0.679415  0.807594  0.733940  0.724438  0.778123  0.784614  0.475659  0.675309  0.714725  0.497151  0.657518  0.690973  0.639211  0.739972  0.695629  0.688172  0.785452  0.703915  0.774164  0.640233  0.783141  0.705375  0.771697  0.827220  0.724210  0.714590  0.517560  0.527938  0.763954  0.636609  0.751332  0.740165  0.698999  0.821211  0.688747  0.703197  0.729632  0.715113  0.615799  0.734651  0.724486  0.728901  0.519084  0.867897  0.636970  0.663701  0.706492  0.759151  0.809121  0.622293  0.693721  0.645693  0.694540  0.685450  0.712689  0.575539  0.829906  0.481393  0.733477  0.697430  0.778772  0.619179  0.447310  0.676711  0.713859  0.821311  0.884498  0.664792  0.768401  0.807458  0.745027  0.749843  0.711375  0.794330  0.739887  0.723653  0.706581  0.671612  0.693170  0.692810  0.665103  0.637726  0.689366  0.639321  0.767273  0.576552  0.631155  0.788010  0.760916  0.764894  0.722451  0.769381  0.690224  0.670108  0.800515  0.751323  0.709687  0.651617  0.677791  0.750537  0.663739  0.555203  0.608962  0.755912  0.701827  0.704736  0.793578  0.796985  0.400578  0.907273  0.681493  0.626697  0.710239  0.852674  0.729973 
25  0.687177  0.696674  0.724403  0.758810  0.647082  0.729955  0.682301  0.774140  0.763277  0.717170  0.759548  0.761902  0.633156  0.657456  0.705862  0.669283  0.607069  0.539900  0.746591  0.723603  0.676315  0.704358  0.704993  0.483705  0.221671 0.0  0.789637  0.680323  0.642744  0.740840  0.740827  0.783761  0.814102  0.824900  0.748633  0.681999  0.729623  0.396879  0.661915  0.660631  0.509216  0.688776  0.668967  0.731479  0.603205  0.693660  0.738923  0.757876  0.792621  0.722300  0.739716  0.772037  0.733463  0.704272  0.737709  0.631514  0.731737  0.653473  0.472449  0.753242  0.825682  0.744103  0.764048  0.818466  0.733449  0.743723  0.733336  0.760863  0.571933  0.663314  0.734498  0.755710  0.744507  0.883274  0.816279  0.620842  0.769518  0.744124  0.701147  0.725501  0.720627  0.816901  0.668281  0.709646  0.749821  0.697439  0.641806  0.683371  0.595276  0.752850  0.683488  0.762635  0.636591  0.539595  0.710361  0.700803  0.827065  0.595804  0.757786  0.807550  0.748319  0.802528  0.871210  0.754102  0.786573  0.727174  0.799620  0.602976  0.724880  0.722086  0.740763  0.762574  0.748151  0.829099  0.696286  0.777060  0.414748  0.747314  0.728891  0.713886  0.819288  0.716135  0.709607  0.680415  0.711737  0.623841  0.569199  0.795724  0.677584  0.716837  0.758799  0.697401  0.663713  0.741348  0.644624  0.641049  0.777103  0.667477  0.762573  0.373607  0.704591  0.791756  0.651981  0.747408  0.783082  0.684520 
26  0.376753  0.857856  0.782437  0.411109  0.389623  0.603605  0.313757  0.106265  0.492726  0.247182  0.439114  0.245198  0.359153  0.778705  0.293914  0.425179  0.648490  0.634036  0.232815  0.427248  0.432878  0.676002  0.255468  0.595615  0.695128  0.789637 0.0  0.243020  0.325708  0.480554  0.398758  0.465708  0.465324  0.385161  0.782561  0.426778  0.256733  0.729439  0.477495  0.744314  0.799806  0.484120  0.301727  0.384611  0.813759  0.356780  0.378596  0.373277  0.313570  0.260604  0.397129  0.357483  0.420243  0.152894  0.561186  0.216863  0.301792  0.369354  0.587382  0.217220  0.301666  0.355911  0.178739  0.872647  0.273317  0.445076  0.377046  0.755183  0.805583  0.368534  0.309135  0.453709  0.347339  0.599805  0.297602  0.358077  0.427670  0.425928  0.376357  0.842920  0.213556  0.198457  0.709482  0.414420  0.365309  0.501854  0.485282  0.174959  0.585423  0.375798  0.300629  0.362585  0.511670  0.672286  0.393661  0.577829  0.213190  0.874897  0.296421  0.222777  0.351479  0.123785  0.464760  0.322067  0.306924  0.299767  0.215628  0.756561  0.354043  0.519908  0.399176  0.394621  0.470567  0.484123  0.365540  0.408184  0.472232  0.439882  0.401273  0.828113  0.440090  0.540021  0.346726  0.581497  0.382881  0.295492  0.445996  0.523432  0.760606  0.474307  0.196940  0.309954  0.567028  0.538043  0.796336  0.416540  0.296598  0.363686  0.315178  0.627180  0.255460  0.477173  0.620511  0.387099  0.313048  0.348140 
