146
0 0.0  0.838826  0.991847  0.294834  0.377112  0.542548  0.307672  0.395891  0.362550  0.379020  0.324822  0.422683  0.408057  0.698927  0.509479  0.429200  0.762340  0.561704  0.268403  0.388695  0.394059  0.788738  0.469154  0.552383  0.689582  0.734285  0.356365  0.387833  0.460564  0.382537  0.478133  0.393108  0.282287  0.568540  0.764700  0.329553  0.465832  0.761723  0.252614  0.689546  0.701936  0.394456  0.251489  0.347537  0.874121  0.381354  0.276351  0.278616  0.498444  0.336359  0.329595  0.370344  0.215832  0.406637  0.564404  0.416087  0.385186  0.336274  0.553475  0.381099  0.368702  0.407714  0.528307  0.788266  0.435261  0.275765  0.369948  0.791814  0.715515  0.441720  0.369664  0.331792  0.463888  0.293901  0.611096  0.260044  0.272344  0.311518  0.405351  0.749594  0.362084  0.396035  0.792348  0.341986  0.356445  0.357320  0.321984  0.475994  0.632022  0.410962  0.487617  0.421532  0.537543  0.475183  0.287547  0.501975  0.473551  0.764275  0.449376  0.347481  0.448924  0.427278  0.420999  0.476834  0.332130  0.399991  0.424538  0.707458  0.281060  0.385110  0.453918  0.316490  0.419921  0.245204  0.535545  0.445449  0.555125  0.427067  0.306608  0.799056  0.535393  0.338183  0.299164  0.736565  0.259165  0.303798  0.306167  0.600054  0.911989  0.320060  0.487292  0.422340  0.481043  0.477894  0.802462  0.275678  0.498077  0.341111  0.425573  0.631128  0.454506  0.405838  0.701630  0.392935  0.506205  0.319644 
1  0.838826 0.0  0.231718  0.899124  0.857106  0.890185  0.835697  0.888363  0.768915  0.816804  0.773859  0.834973  0.794241  0.700524  0.832294  0.753717  0.603163  0.573879  0.828738  0.636852  0.713278  0.597793  0.829465  0.313490  0.849960  0.703141  0.880213  0.806502  0.760309  0.862886  0.708636  0.854297  0.794318  0.786156  0.514057  0.741002  0.717884  0.635535  0.723919  0.320425  0.628855  0.811556  0.812709  0.842344  0.651047  0.794453  0.766958  0.875659  0.768338  0.833268  0.889662  0.758567  0.916604  0.925079  0.756395  0.835571  0.903548  0.647969  0.616250  0.804571  0.803157  0.693416  0.853623  0.863463  0.874336  0.833119  0.788391  0.420396  0.867445  0.656670  0.830330  0.762065  0.786673  0.855490  0.727375  0.844609  0.849380  0.828437  0.669970  0.504628  0.928570  0.866590  0.782845  0.758219  0.832558  0.676387  0.744818  0.812742  0.555755  0.818600  0.831755  0.775733  0.798823  0.430392  0.866581  0.747341  0.808961  0.347669  0.875418  0.743125  0.760198  0.793568  0.982742  0.798299  0.878004  0.817128  0.807555  0.659263  0.890753  0.648848  0.760922  0.878155  0.814011  0.786781  0.702987  0.855615  0.590758  0.822652  0.830419  0.432145  0.876446  0.816247  0.891320  0.404224  0.854643  0.703869  0.700597  0.720459  0.606711  0.764311  0.766017  0.797017  0.741525  0.758696  0.875370  0.812518  0.747922  0.737265  0.933053  0.659883  0.815883  0.910144  0.640386  0.865442  0.813602  0.699547 
2  0.991847  0.231718 0.0  0.787600  0.825979  0.780101  0.770176  0.876854  0.756165  0.896103  0.880719  0.734394  0.705309  0.779366  0.827275  0.683434  0.675630  0.582462  0.873741  0.816744  0.785614  0.567175  0.885853  0.351096  0.849864  0.692119  0.810511  0.826372  0.816103  0.760091  0.814406  0.839026  0.738758  0.896901  0.535509  0.727322  0.700896  0.687051  0.756930  0.485833  0.665074  0.842481  0.899776  0.828405  0.639276  0.881234  0.806999  0.840750  0.818095  0.792329  0.781698  0.772276  0.876697  0.797333  0.723968  0.848040  0.785199  0.663607  0.573819  0.768170  0.726306  0.724589  0.819639  0.779584  0.851525  0.878902  0.786294  0.490520  0.763192  0.652115  0.764282  0.821510  0.756916  0.863728  0.857076  0.901308  0.771342  0.628689  0.769695  0.543572  0.796854  0.845379  0.724370  0.712387  0.810003  0.707025  0.593909  0.684283  0.640195  0.792961  0.824292  0.721090  0.884499  0.488313  0.758373  0.787509  0.798494  0.444813  0.883223  0.849798  0.734676  0.787107  0.874479  0.845645  0.836368  0.847769  0.685014  0.715864  0.748350  0.670437  0.752041  0.742816  0.682848  0.786740  0.704784  0.860522  0.609753  0.841477  0.713797  0.541406  0.898016  0.818244  0.902348  0.377393  0.906873  0.841333  0.883828  0.835518  0.729479  0.749501  0.790604  0.772047  0.750125  0.645180  0.808946  0.733019  0.826325  0.766029  0.822449  0.665073  0.907116  0.773081  0.760291  0.829104  0.752140  0.630494 
3  0.294834  0.899124  0.787600 0.0  0.366277  0.560299  0.216177  0.420937  0.392170  0.400524  0.346115  0.415569  0.310876  0.733171  0.482739  0.446431  0.795787  0.651897  0.321755  0.413144  0.320053  0.719086  0.409612  0.573862  0.798457  0.725735  0.413498  0.424036  0.367384  0.330961  0.434516  0.388928  0.310053  0.471345  0.762117  0.396461  0.552656  0.730606  0.407804  0.781566  0.841699  0.446450  0.249523  0.267396  0.799069  0.365330  0.348428  0.161397  0.306486  0.500206  0.298837  0.425344  0.343813  0.327209  0.513189  0.400508  0.443604  0.391840  0.483050  0.323497  0.264170  0.452825  0.467080  0.868422  0.344469  0.125958  0.223728  0.821121  0.808486  0.493666  0.346550  0.395842  0.412944  0.444160  0.608568  0.307210  0.450226  0.429975  0.360195  0.784467  0.430090  0.338499  0.733640  0.287735  0.357789  0.369724  0.386564  0.374939  0.831547  0.387821  0.406522  0.449313  0.550311  0.557179  0.265625  0.585174  0.354772  0.915184  0.313054  0.374802  0.456995  0.420001  0.626688  0.355926  0.403660  0.384706  0.324585  0.792946  0.144882  0.379101  0.352873  0.406794  0.429298  0.247910  0.480239  0.473725  0.574790  0.308336  0.307907  0.820817  0.430741  0.264562  0.321685  0.733980  0.292477  0.325459  0.413814  0.597092  0.808024  0.436454  0.434116  0.309324  0.431590  0.423449  0.766259  0.319443  0.444598  0.423401  0.427909  0.618160  0.438870  0.401054  0.628953  0.466735  0.385196  0.251338 
4  0.377112  0.857106  0.825979  0.366277 0.0  0.550289  0.350353  0.495953  0.368239  0.336202  0.340707  0.442147  0.392236  0.796606  0.412585  0.374306  0.669585  0.622163  0.365930  0.284808  0.273060  0.773244  0.335944  0.594789  0.819013  0.755099  0.413157  0.344488  0.391967  0.307458  0.456609  0.356517  0.407021  0.576762  0.771971  0.377401  0.399983  0.648325  0.227045  0.703026  0.711747  0.399634  0.277070  0.367728  0.772562  0.433647  0.379745  0.423202  0.349674  0.448349  0.344348  0.421628  0.416008  0.441209  0.567619  0.376842  0.447712  0.408576  0.603425  0.474738  0.366100  0.349918  0.407467  0.756392  0.476683  0.454808  0.344807  0.722136  0.733799  0.347533  0.385174  0.352738  0.449427  0.518628  0.459436  0.347843  0.313080  0.304261  0.348707  0.697795  0.374022  0.474879  0.743861  0.340085  0.293565  0.326930  0.453843  0.505487  0.642575  0.402138  0.440822  0.436086  0.525053  0.602924  0.291819  0.741283  0.368267  0.804267  0.518086  0.409574  0.338019  0.513009  0.577670  0.500849  0.411905  0.402963  0.361408  0.720995  0.326169  0.365047  0.323443  0.181602  0.112269  0.363033  0.480045  0.227821  0.512737  0.459025  0.484699  0.681541  0.427276  0.261178  0.190008  0.771374  0.399667  0.437310  0.396994  0.437375  0.674252  0.384885  0.441941  0.400801  0.457751  0.485856  0.727903  0.373753  0.487437  0.352992  0.381370  0.681855  0.412317  0.307683  0.762241  0.428613  0.526982  0.372028 
5  0.542548  0.890185  0.780101  0.560299  0.550289 0.0  0.551447  0.689924  0.475908  0.621077  0.637738  0.626299  0.658267  0.820966  0.530613  0.666099  0.819357  0.691079  0.608462  0.351924  0.635784  0.770669  0.680260  0.614340  0.717021  0.774924  0.647540  0.596214  0.698648  0.704803  0.767223  0.688064  0.626878  0.840860  0.812396  0.776747  0.638301  0.740255  0.608339  0.698590  0.749255  0.439521  0.554676  0.569767  0.675419  0.540073  0.654977  0.706865  0.633555  0.749701  0.609184  0.555158  0.541243  0.577124  0.489022  0.690437  0.809055  0.373484  0.547514  0.658212  0.586872  0.541564  0.675521  0.862588  0.732415  0.565315  0.491664  0.766154  0.735886  0.393450  0.777097  0.583247  0.702745  0.524938  0.770640  0.625483  0.616036  0.601399  0.704609  0.790991  0.637442  0.576413  0.745368  0.717984  0.611663  0.613236  0.429283  0.704609  0.703067  0.704044  0.722753  0.707483  0.105150  0.571033  0.452505  0.181210  0.710245  0.901626  0.691874  0.672965  0.604717  0.690494  0.809461  0.562280  0.667156  0.647706  0.651854  0.717199  0.626051  0.710850  0.677680  0.655075  0.660623  0.576240  0.691188  0.620927  0.628503  0.544384  0.649282  0.797788  0.805718  0.600228  0.636964  0.673564  0.652719  0.718682  0.480472  0.478633  0.845463  0.756838  0.729209  0.614025  0.347992  0.466280  0.694395  0.621880  0.768995  0.588539  0.577291  0.734547  0.677875  0.752374  0.649984  0.626161  0.669275  0.646333 
6  0.307672  0.835697  0.770176  0.216177  0.350353  0.551447 0.0  0.363929  0.520957  0.361316  0.365976  0.425423  0.333864  0.740041  0.411180  0.335550  0.646790  0.718265  0.431795  0.426612  0.281229  0.702861  0.406774  0.458574  0.702768  0.871994  0.342113  0.397642  0.400763  0.347371  0.335334  0.388889  0.409042  0.477271  0.728375  0.370994  0.344775  0.719008  0.300805  0.692814  0.647659  0.375719  0.218851  0.220214  0.690972  0.507996  0.411822  0.235611  0.293816  0.524033  0.342070  0.465408  0.313667  0.374945  0.549494  0.385399  0.453874  0.381142  0.519554  0.372917  0.334993  0.452051  0.463935  0.850459  0.348137  0.272270  0.255015  0.745469  0.786722  0.379458  0.205227  0.258043  0.451476  0.436169  0.560943  0.300401  0.364116  0.288583  0.422954  0.731048  0.430924  0.493990  0.588142  0.249963  0.374066  0.345024  0.352737  0.438375  0.711048  0.355640  0.521471  0.467604  0.589604  0.454991  0.302963  0.594933  0.425878  0.806221  0.415546  0.357079  0.392794  0.362595  0.544078  0.517615  0.374188  0.469511  0.469801  0.678382  0.243897  0.327400  0.355586  0.355242  0.156533  0.257502  0.548176  0.401197  0.435954  0.315369  0.315409  0.777157  0.481090  0.274056  0.399699  0.541528  0.286558  0.415075  0.335411  0.551788  0.721228  0.355334  0.408865  0.401829  0.418999  0.538980  0.723605  0.253927  0.383602  0.351000  0.330361  0.653893  0.447966  0.343286  0.682172  0.471145  0.431726  0.344887 
7  0.395891  0.888363  0.876854  0.420937  0.495953  0.689924  0.363929 0.0  0.519736  0.297950  0.431769  0.363020  0.396281  0.728475  0.584081  0.394791  0.702944  0.560836  0.299510  0.606999  0.314025  0.759097  0.257538  0.443300  0.795314  0.734623  0.104285  0.272087  0.342773  0.519965  0.308387  0.447671  0.277952  0.322467  0.817213  0.319809  0.218021  0.765364  0.499087  0.651148  0.722200  0.480019  0.460913  0.403960  0.828250  0.382908  0.336093  0.427757  0.336916  0.317192  0.356138  0.417895  0.404464  0.236024  0.639485  0.137045  0.289776  0.448161  0.510770  0.212832  0.403495  0.322324  0.237398  0.780034  0.218595  0.416939  0.354748  0.772030  0.783454  0.454413  0.447635  0.490209  0.452295  0.648761  0.403867  0.391623  0.470957  0.470572  0.302316  0.740671  0.158292  0.198651  0.663902  0.417682  0.392612  0.386510  0.402402  0.295452  0.692488  0.180657  0.211064  0.377867  0.570986  0.565157  0.455102  0.606718  0.184839  0.853235  0.322812  0.224721  0.372987  0.216339  0.276994  0.165891  0.410632  0.281674  0.089541  0.809735  0.390766  0.482068  0.364363  0.427067  0.420329  0.429350  0.459260  0.445388  0.571539  0.435731  0.424735  0.786402  0.402298  0.381041  0.448275  0.690021  0.368204  0.365176  0.289488  0.476853  0.811119  0.365107  0.287026  0.306736  0.475334  0.486416  0.724861  0.397342  0.320616  0.335768  0.388128  0.687596  0.231060  0.445693  0.751562  0.354432  0.313536  0.335479 
8  0.362550  0.768915  0.756165  0.392170  0.368239  0.475908  0.520957  0.519736 0.0  0.478365  0.490259  0.387088  0.410617  0.746659  0.081591  0.559236  0.580852  0.611620  0.484127  0.490651  0.474422  0.702835  0.577463  0.507958  0.703976  0.719262  0.489793  0.514266  0.464315  0.418639  0.520693  0.562033  0.555900  0.541307  0.851668  0.653321  0.520317  0.722486  0.472529  0.730808  0.710830  0.251726  0.415093  0.433169  0.771591  0.381490  0.453173  0.456283  0.414499  0.530271  0.493154  0.525250  0.366376  0.540400  0.369079  0.484848  0.498702  0.370463  0.495708  0.526581  0.452790  0.526628  0.480357  0.753969  0.451530  0.473509  0.524783  0.803783  0.921366  0.484688  0.563014  0.500910  0.592774  0.208021  0.523842  0.471756  0.528462  0.486712  0.426709  0.746153  0.513933  0.421758  0.698724  0.374292  0.476834  0.480707  0.455547  0.510373  0.658101  0.520832  0.548615  0.502432  0.539689  0.543155  0.392085  0.525934  0.612455  0.822192  0.610497  0.480257  0.574321  0.434335  0.662501  0.513567  0.470381  0.501528  0.569217  0.666619  0.370342  0.442438  0.496280  0.430487  0.488146  0.422305  0.566392  0.467836  0.557697  0.312028  0.542337  0.869482  0.506378  0.543165  0.576778  0.736276  0.557631  0.475228  0.470646  0.468403  0.798127  0.522095  0.532468  0.550356  0.411812  0.394758  0.712048  0.496563  0.582765  0.544900  0.426636  0.638649  0.477016  0.549447  0.653985  0.456290  0.530776  0.562382 
9  0.379020  0.816804  0.896103  0.400524  0.336202  0.621077  0.361316  0.297950  0.478365 0.0  0.481815  0.261656  0.381908  0.766838  0.555457  0.365422  0.648440  0.594808  0.328018  0.612729  0.427490  0.705410  0.182152  0.536303  0.906559  0.705048  0.262642  0.153755  0.217959  0.237347  0.205789  0.524791  0.442067  0.346758  0.812536  0.316823  0.377512  0.791747  0.427164  0.808139  0.687667  0.504847  0.458924  0.465984  0.812665  0.378429  0.357440  0.409095  0.258230  0.275611  0.427692  0.234503  0.439301  0.281069  0.529346  0.302351  0.340949  0.459615  0.476211  0.431558  0.429520  0.334921  0.158865  0.695115  0.345817  0.423435  0.475203  0.838138  0.827409  0.460415  0.334550  0.582926  0.313497  0.583094  0.396151  0.376769  0.475460  0.492863  0.363227  0.781037  0.348124  0.306975  0.760484  0.332069  0.471764  0.405551  0.455223  0.278684  0.705758  0.321375  0.279279  0.364387  0.688888  0.481410  0.408536  0.703377  0.341598  0.823647  0.399736  0.323175  0.383834  0.264824  0.413162  0.179626  0.421095  0.253257  0.296003  0.743680  0.401802  0.402625  0.322809  0.383039  0.442208  0.314252  0.418548  0.393946  0.473827  0.503628  0.368523  0.799367  0.336506  0.355671  0.442283  0.763771  0.452744  0.444864  0.383826  0.589515  0.753725  0.378301  0.273087  0.431689  0.476660  0.581116  0.781103  0.438376  0.242199  0.349643  0.228702  0.635805  0.329083  0.341047  0.726624  0.320265  0.435338  0.343832 
10  0.324822  0.773859  0.880719  0.346115  0.340707  0.637738  0.365976  0.431769  0.490259  0.481815 0.0  0.455036  0.411059  0.725902  0.427401  0.334041  0.762459  0.719900  0.439394  0.401842  0.240938  0.712997  0.498982  0.603451  0.706074  0.752953  0.389306  0.388257  0.485770  0.351640  0.369441  0.366867  0.431917  0.574158  0.895487  0.449653  0.460218  0.721350  0.402111  0.610869  0.768492  0.412878  0.318783  0.398950  0.768554  0.326870  0.329362  0.346609  0.386462  0.402059  0.300415  0.482411  0.326257  0.395270  0.602090  0.475168  0.427395  0.463213  0.510833  0.450047  0.391993  0.411800  0.457488  0.797599  0.549496  0.267600  0.346111  0.773339  0.781533  0.422194  0.368390  0.351721  0.448374  0.460502  0.597537  0.225497  0.292423  0.294274  0.395795  0.796917  0.438563  0.442441  0.751774  0.342583  0.344406  0.372116  0.454405  0.555778  0.646927  0.513082  0.390575  0.415742  0.582059  0.463319  0.288821  0.658876  0.484267  0.779364  0.377697  0.412564  0.447810  0.450883  0.618573  0.500354  0.370231  0.441708  0.492506  0.757921  0.289118  0.475096  0.385974  0.423805  0.386217  0.226194  0.458753  0.292495  0.545758  0.365296  0.383422  0.779088  0.579559  0.266305  0.468807  0.574620  0.335677  0.395066  0.404692  0.565961  0.820877  0.362189  0.588025  0.396208  0.385627  0.463190  0.726464  0.288239  0.554425  0.433870  0.368043  0.669600  0.484468  0.313319  0.734608  0.566891  0.478206  0.368718 
11  0.422683  0.834973  0.734394  0.415569  0.442147  0.626299  0.425423  0.363020  0.387088  0.261656  0.455036 0.0  0.354066  0.715506  0.623053  0.303116  0.742923  0.554212  0.401695  0.452781  0.220355  0.775737  0.363021  0.413738  0.771968  0.777197  0.384095  0.284325  0.297628  0.416885  0.269514  0.494206  0.382290  0.284741  0.732225  0.379645  0.302214  0.701541  0.482795  0.823995  0.651638  0.502142  0.349231  0.397015  0.747162  0.496000  0.235239  0.449249  0.184154  0.335236  0.428217  0.175637  0.435355  0.277389  0.686539  0.217136  0.233574  0.400905  0.488925  0.285811  0.280070  0.351755  0.247946  0.870190  0.245962  0.461994  0.473088  0.691539  0.693384  0.435028  0.359340  0.374905  0.343849  0.440995  0.342403  0.458964  0.407920  0.409917  0.187929  0.717478  0.404096  0.356721  0.752365  0.383720  0.269801  0.329787  0.419563  0.294723  0.707039  0.401003  0.248380  0.202992  0.722137  0.580866  0.391707  0.670740  0.371611  0.830245  0.380969  0.394408  0.262272  0.335535  0.312517  0.314036  0.330316  0.354150  0.335938  0.706204  0.415096  0.330013  0.298369  0.389248  0.464484  0.431336  0.298786  0.425682  0.413211  0.507610  0.419409  0.745892  0.333227  0.565237  0.560922  0.652307  0.480889  0.311383  0.254780  0.513547  0.735114  0.319178  0.274654  0.273128  0.410634  0.451383  0.822518  0.402839  0.313371  0.409262  0.333627  0.520799  0.293895  0.570695  0.692320  0.264063  0.315122  0.264640 
12  0.408057  0.794241  0.705309  0.310876  0.392236  0.658267  0.333864  0.396281  0.410617  0.381908  0.411059  0.354066 0.0  0.781459  0.453988  0.341622  0.649220  0.689293  0.326975  0.511772  0.260856  0.898290  0.336320  0.561590  0.730340  0.780175  0.341147  0.391122  0.296719  0.413461  0.344085  0.294083  0.289895  0.517649  0.738916  0.360644  0.386655  0.708888  0.408794  0.648622  0.766192  0.523132  0.258605  0.308198  0.718224  0.291722  0.334635  0.444593  0.382312  0.318205  0.475055  0.347237  0.348403  0.371969  0.594031  0.292217  0.382805  0.472089  0.554303  0.288584  0.298847  0.386220  0.339644  0.752830  0.312325  0.235215  0.357827  0.770055  0.831728  0.416786  0.338032  0.362213  0.396825  0.412755  0.508350  0.285603  0.348350  0.383314  0.424126  0.724491  0.357990  0.401046  0.747936  0.269565  0.317721  0.356591  0.470787  0.344787  0.644134  0.334708  0.311852  0.306292  0.712532  0.480357  0.431983  0.673531  0.302877  0.825720  0.388661  0.336857  0.404735  0.296100  0.441066  0.413843  0.404092  0.313977  0.336207  0.680457  0.410780  0.301316  0.275399  0.331169  0.311843  0.357985  0.377911  0.340141  0.503406  0.525224  0.322182  0.753956  0.393454  0.331184  0.367156  0.715821  0.448498  0.345281  0.357564  0.608647  0.726962  0.375976  0.286802  0.393394  0.489051  0.467397  0.746619  0.373696  0.364521  0.418511  0.352098  0.699073  0.387452  0.402709  0.649681  0.374719  0.383605  0.418940 
13  0.698927  0.700524  0.779366  0.733171  0.796606  0.820966  0.740041  0.728475  0.746659  0.766838  0.725902  0.715506  0.781459 0.0  0.772564  0.756806  0.657347  0.615892  0.751073  0.653950  0.772653  0.684407  0.832900  0.598731  0.781782  0.620269  0.769312  0.830032  0.938980  0.804593  0.780788  0.714359  0.660840  0.715783  0.683105  0.773734  0.793163  0.673754  0.819016  0.633543  0.654959  0.644512  0.833514  0.713231  0.310872  0.796945  0.835278  0.672678  0.777152  0.701020  0.781348  0.761328  0.755721  0.744301  0.835923  0.838995  0.648248  0.620915  0.558042  0.674431  0.785119  0.698171  0.862163  0.729321  0.736409  0.731228  0.803888  0.726446  0.724497  0.636256  0.809314  0.830240  0.764853  0.715589  0.920762  0.721918  0.814459  0.779361  0.793399  0.634058  0.833230  0.828525  0.692927  0.722303  0.653865  0.683382  0.599037  0.816767  0.558303  0.717737  0.825987  0.755230  0.685546  0.492122  0.818600  0.698685  0.830955  0.664687  0.685763  0.673794  0.697216  0.776702  1.000000  0.809375  0.845379  0.808384  0.743295  0.659600  0.756413  0.824402  0.815538  0.908229  0.803728  0.701638  0.672028  0.819861  0.550732  0.537135  0.725139  0.704296  0.837788  0.678444  0.651506  0.647872  0.758613  0.786855  0.724742  0.770040  0.544034  0.816239  0.734511  0.817570  0.675838  0.779420  0.638011  0.676279  0.819764  0.739310  0.747618  0.714208  0.761242  0.855197  0.686938  0.623833  0.748296  0.666591 
14  0.509479  0.832294  0.827275  0.482739  0.412585  0.530613  0.411180  0.584081  0.081591  0.555457  0.427401  0.623053  0.453988  0.772564 0.0  0.469264  0.786075  0.623531  0.450744  0.469847  0.520240  0.689004  0.418545  0.540542  0.684560  0.743420  0.384509  0.441570  0.570283  0.487487  0.542447  0.473138  0.401100  0.476683  0.866516  0.444747  0.483590  0.730602  0.573172  0.650821  0.700072  0.315357  0.471073  0.411241  0.775959  0.482780  0.532901  0.345463  0.449819  0.590405  0.453870  0.490810  0.453982  0.517448  0.553705  0.469712  0.538317  0.294301  0.581829  0.466529  0.412712  0.479994  0.570071  0.832040  0.496280  0.340922  0.427734  0.835204  0.776586  0.438937  0.536365  0.531798  0.489481  0.281420  0.619677  0.492575  0.492757  0.355811  0.470003  0.738769  0.522909  0.419777  0.688917  0.484362  0.448123  0.542385  0.490107  0.579325  0.751750  0.509562  0.669075  0.580085  0.510897  0.688689  0.436406  0.621029  0.424023  0.737562  0.479525  0.596112  0.442421  0.514695  0.686268  0.455453  0.573337  0.475343  0.477986  0.834654  0.341822  0.521858  0.472647  0.466799  0.527090  0.471314  0.520445  0.489764  0.514447  0.291947  0.570428  0.772905  0.596654  0.471224  0.448471  0.625567  0.383208  0.551856  0.523966  0.547407  0.751938  0.504912  0.546268  0.477918  0.452237  0.411917  0.774446  0.467300  0.462990  0.498668  0.524799  0.657977  0.518385  0.446118  0.660583  0.525679  0.599743  0.391843 
15  0.429200  0.753717  0.683434  0.446431  0.374306  0.666099  0.335550  0.394791  0.559236  0.365422  0.334041  0.303116  0.341622  0.756806  0.469264 0.0  0.661528  0.708907  0.295747  0.450765  0.287889  0.773866  0.414977  0.545947  0.702570  0.752421  0.333276  0.347890  0.436805  0.254636  0.361076  0.266270  0.270985  0.454520  0.862130  0.167177  0.431375  0.697145  0.348175  0.693844  0.706682  0.387529  0.277777  0.377023  0.716026  0.311918  0.196482  0.476506  0.292845  0.373983  0.311863  0.412025  0.302471  0.212271  0.512575  0.340959  0.385389  0.468770  0.535690  0.449021  0.318501  0.357623  0.391019  0.767335  0.429012  0.398748  0.406883  0.674973  0.730780  0.395193  0.399013  0.371702  0.409058  0.459729  0.474117  0.347239  0.302056  0.620220  0.306841  0.633137  0.434895  0.509953  0.745350  0.231658  0.262990  0.115424  0.390569  0.343935  0.633791  0.457079  0.401753  0.292508  0.607907  0.514886  0.352809  0.692879  0.365009  0.717750  0.416252  0.365111  0.331183  0.376368  0.494393  0.394947  0.248233  0.352974  0.475976  0.766021  0.426178  0.316825  0.174357  0.331762  0.368408  0.421050  0.460340  0.273993  0.555147  0.471621  0.337587  0.783808  0.496451  0.314864  0.325243  0.548988  0.281137  0.290542  0.197692  0.545230  0.861649  0.165515  0.325335  0.252761  0.422362  0.450059  0.691061  0.402159  0.420803  0.369578  0.394572  0.671430  0.468958  0.399111  0.677063  0.398124  0.551292  0.235119 
16  0.762340  0.603163  0.675630  0.795787  0.669585  0.819357  0.646790  0.702944  0.580852  0.648440  0.762459  0.742923  0.649220  0.657347  0.786075  0.661528 0.0  0.631049  0.755351  0.612800  0.667093  0.565772  0.625221  0.572960  0.723280  0.649593  0.661828  0.714631  0.731297  0.714017  0.635734  0.827026  0.692125  0.766687  0.732745  0.714349  0.777576  0.565718  0.799791  0.637302  0.661464  0.691115  0.702221  0.823542  0.698941  0.793861  0.761589  0.730672  0.651107  0.629174  0.687864  0.725070  0.772683  0.763655  0.715011  0.712262  0.766715  0.655764  0.504065  0.768687  0.730203  0.679424  0.757312  0.751510  0.764968  0.760891  0.736558  0.520279  0.580837  0.531419  0.629195  0.768106  0.792340  0.703537  0.734426  0.742340  0.707436  0.789367  0.700500  0.661401  0.668752  0.750953  0.671468  0.637227  0.687360  0.694030  0.639512  0.612393  0.339253  0.780257  0.713383  0.803546  0.799079  0.512484  0.754034  0.810292  0.649646  0.785020  0.748446  0.681822  0.679329  0.761261  0.937611  0.693388  0.766697  0.766305  0.789433  0.649027  0.701389  0.662029  0.673673  0.723171  0.725858  0.793155  0.732645  0.744401  0.413116  0.651832  0.656175  0.662107  0.822218  0.644762  0.724932  0.776359  0.834513  0.583396  0.608941  0.781837  0.726147  0.743643  0.659846  0.610598  0.706305  0.632121  0.717953  0.734559  0.791036  0.685906  0.753015  0.520563  0.703018  0.707415  0.633555  0.734457  0.741924  0.680092 
17  0.561704  0.573879  0.582462  0.651897  0.622163  0.691079  0.718265  0.560836  0.611620  0.594808  0.719900  0.554212  0.689293  0.615892  0.623531  0.708907  0.631049 0.0  0.607896  0.634676  0.594109  0.670508  0.670491  0.494228  0.728770  0.608392  0.563517  0.610111  0.542486  0.584186  0.481640  0.736605  0.660663  0.649404  0.593036  0.691124  0.797350  0.477125  0.694194  0.655253  0.532708  0.664223  0.613113  0.593551  0.586288  0.584275  0.577864  0.610780  0.666831  0.563727  0.715007  0.647396  0.690255  0.490396  0.596946  0.581800  0.643896  0.703684  0.552858  0.672603  0.596389  0.704663  0.550861  0.599514  0.614259  0.682154  0.699295  0.568672  0.577685  0.602691  0.585930  0.647192  0.685159  0.679588  0.726110  0.620784  0.682145  0.570327  0.587233  0.611583  0.728765  0.617865  0.560822  0.605853  0.588617  0.708804  0.554961  0.598191  0.498736  0.657108  0.515472  0.592604  0.574297  0.447706  0.651476  0.667017  0.754589  0.633493  0.760872  0.681720  0.521826  0.667836  0.752280  0.646911  0.675881  0.641634  0.727542  0.713300  0.601978  0.644274  0.515700  0.694844  0.610473  0.646342  0.608343  0.616668  0.504418  0.592844  0.645939  0.636239  0.654937  0.620487  0.542771  0.559146  0.609590  0.584987  0.585860  0.596195  0.487566  0.538117  0.637646  0.607167  0.695351  0.629530  0.627365  0.755123  0.666892  0.720554  0.687030  0.583196  0.653081  0.593462  0.644527  0.701785  0.772070  0.541906 
18  0.268403  0.828738  0.873741  0.321755  0.365930  0.608462  0.431795  0.299510  0.484127  0.328018  0.439394  0.401695  0.326975  0.751073  0.450744  0.295747  0.755351  0.607896 0.0  0.462719  0.305527  0.766344  0.311072  0.602423  0.708442  0.779982  0.323311  0.365567  0.375444  0.367148  0.392379  0.501601  0.405243  0.378318  0.805584  0.268472  0.373419  0.770193  0.420743  0.713521  0.724507  0.345631  0.425962  0.356088  0.844932  0.450439  0.402504  0.317580  0.446174  0.323432  0.369515  0.377645  0.360306  0.283470  0.546449  0.288467  0.372667  0.416714  0.625929  0.394295  0.332384  0.245991  0.265201  0.886151  0.308352  0.322071  0.388304  0.764404  0.677572  0.410099  0.268470  0.412649  0.359256  0.475532  0.365134  0.291457  0.455075  0.337822  0.361342  0.873614  0.302631  0.351667  0.683663  0.447615  0.352188  0.376180  0.469701  0.331670  0.714034  0.378096  0.478430  0.465695  0.575714  0.579470  0.396330  0.447906  0.306033  0.834703  0.476508  0.285516  0.424686  0.368371  0.468809  0.334250  0.375835  0.252433  0.347875  0.728660  0.365882  0.431518  0.385355  0.365429  0.343407  0.459480  0.386422  0.305650  0.508950  0.489368  0.350213  0.802642  0.342470  0.403975  0.309050  0.713209  0.456795  0.293118  0.374094  0.550899  0.823844  0.506227  0.351503  0.324748  0.426073  0.553222  0.866656  0.390299  0.310563  0.332823  0.268602  0.696530  0.273722  0.441443  0.650841  0.331930  0.378352  0.377870 
19  0.388695  0.636852  0.816744  0.413144  0.284808  0.351924  0.426612  0.606999  0.490651  0.612729  0.401842  0.452781  0.511772  0.653950  0.469847  0.450765  0.612800  0.634676  0.462719 0.0  0.472172  0.732611  0.536924  0.475699  0.642567  0.676847  0.460401  0.507344  0.573011  0.526628  0.583518  0.529624  0.539503  0.628559  0.743113  0.524000  0.544118  0.670135  0.474760  0.728163  0.630796  0.419225  0.472025  0.434526  0.668816  0.529793  0.620258  0.553036  0.502785  0.522655  0.447795  0.502575  0.543019  0.547907  0.446510  0.486292  0.539308  0.391117  0.534284  0.504574  0.394261  0.498159  0.467204  0.702715  0.578432  0.519531  0.488569  0.775837  0.767762  0.387449  0.451444  0.503127  0.535787  0.508215  0.596885  0.391195  0.491740  0.489698  0.455526  0.670242  0.481125  0.477962  0.658092  0.482213  0.480122  0.581662  0.378831  0.471979  0.624297  0.537061  0.507380  0.599502  0.364070  0.479764  0.464227  0.285758  0.575171  0.666940  0.511597  0.511836  0.418508  0.438140  0.665127  0.465315  0.487949  0.493385  0.415796  0.720243  0.439378  0.522491  0.498634  0.460443  0.442774  0.359289  0.523812  0.442662  0.507381  0.419180  0.475815  0.656476  0.674790  0.480508  0.504791  0.700831  0.469030  0.479899  0.522264  0.397811  0.624743  0.437845  0.500451  0.557346  0.500119  0.367396  0.658844  0.412816  0.532462  0.417083  0.460477  0.615568  0.517307  0.512093  0.686670  0.547531  0.554044  0.501232 
20  0.394059  0.713278  0.785614  0.320053  0.273060  0.635784  0.281229  0.314025  0.474422  0.427490  0.240938  0.220355  0.260856  0.772653  0.520240  0.287889  0.667093  0.594109  0.305527  0.472172 0.0  0.723280  0.395904  0.528817  0.677276  0.696417  0.351968  0.346800  0.316216  0.266474  0.380579  0.306528  0.222916  0.343171  0.830653  0.229443  0.331276  0.647419  0.307669  0.707344  0.633111  0.454053  0.408231  0.279798  0.712664  0.351951  0.290556  0.360229  0.367505  0.298680  0.279129  0.229943  0.351567  0.404131  0.531191  0.386714  0.323491  0.427315  0.556914  0.361287  0.393733  0.339571  0.196068  0.790663  0.367007  0.313665  0.309299  0.728708  0.788449  0.320738  0.251011  0.393135  0.410342  0.580391  0.438995  0.315431  0.476378  0.368695  0.290433  0.653374  0.395994  0.541375  0.724823  0.176000  0.267371  0.207325  0.429303  0.336155  0.635100  0.389586  0.419314  0.437581  0.621685  0.530628  0.337356  0.668441  0.312609  0.739766  0.178132  0.271652  0.380175  0.384606  0.519633  0.397890  0.382753  0.432433  0.224936  0.750513  0.258552  0.246050  0.239830  0.225602  0.327435  0.226888  0.413375  0.304026  0.491651  0.583336  0.207515  0.783487  0.453461  0.304063  0.301427  0.651987  0.387998  0.221882  0.167924  0.528885  0.716403  0.249163  0.322780  0.196740  0.589207  0.498642  0.652302  0.293194  0.364612  0.314632  0.376905  0.658533  0.369779  0.383116  0.641616  0.285612  0.510039  0.266902 
21  0.788738  0.597793  0.567175  0.719086  0.773244  0.770669  0.702861  0.759097  0.702835  0.705410  0.712997  0.775737  0.898290  0.684407  0.689004  0.773866  0.565772  0.670508  0.766344  0.732611  0.723280 0.0  0.749319  0.435721  0.627771  0.636463  0.760842  0.807142  0.776094  0.751954  0.807617  0.834925  0.829223  0.853566  0.315883  0.705015  0.761940  0.768779  0.732231  0.574694  0.750132  0.802473  0.783339  0.736805  0.672711  0.718285  0.731680  0.699050  0.650583  0.760280  0.872059  0.784297  0.792067  0.744203  0.714606  0.774084  0.782291  0.613740  0.556778  0.757697  0.797960  0.724429  0.825832  0.685532  0.854609  0.803422  0.681267  0.242211  0.698898  0.568529  0.770652  0.675145  0.852408  0.819885  0.879330  0.724152  0.876393  0.719931  0.710686  0.487798  0.722846  0.873433  0.640598  0.834379  0.655442  0.773062  0.637023  0.705994  0.595221  0.822842  0.852064  0.840172  0.762458  0.374643  0.649914  0.659719  0.783370  0.549377  0.841173  0.801623  0.805941  0.675557  0.827809  0.816887  0.770888  0.843808  0.754424  0.654376  0.769591  0.812281  0.732974  0.685012  0.782714  0.721626  0.678161  0.764265  0.536792  0.796345  0.658863  0.215401  0.750135  0.660696  0.726838  0.406925  0.733405  0.814036  0.734065  0.680669  0.734161  0.676012  0.815675  0.683700  0.641156  0.632737  0.803648  0.782761  0.802505  0.648942  0.824762  0.633708  0.764968  0.765033  0.677595  0.732173  0.749015  0.723590 
22  0.469154  0.829465  0.885853  0.409612  0.335944  0.680260  0.406774  0.257538  0.577463  0.182152  0.498982  0.363021  0.336320  0.832900  0.418545  0.414977  0.625221  0.670491  0.311072  0.536924  0.395904  0.749319 0.0  0.399212  0.755114  0.727875  0.355553  0.234426  0.192385  0.456437  0.322781  0.493171  0.361175  0.307941  0.759365  0.405108  0.208859  0.673963  0.461462  0.765386  0.849267  0.486958  0.376876  0.504322  0.750816  0.384455  0.391104  0.450853  0.210115  0.278572  0.407203  0.231012  0.444588  0.283264  0.574541  0.266176  0.304393  0.486168  0.461771  0.312869  0.387022  0.388974  0.268210  0.709529  0.275354  0.540694  0.346143  0.721132  0.818794  0.360372  0.463456  0.375347  0.366102  0.434926  0.303630  0.462640  0.443937  0.378244  0.352983  0.734771  0.332725  0.370543  0.750664  0.392421  0.410336  0.444802  0.528316  0.226330  0.651891  0.291514  0.350150  0.273844  0.584640  0.564289  0.397878  0.676078  0.232881  0.843132  0.255675  0.279403  0.256105  0.340544  0.277919  0.272376  0.442574  0.367291  0.222384  0.675781  0.400663  0.365078  0.487374  0.378143  0.392078  0.377219  0.388069  0.382115  0.437961  0.523427  0.338656  0.678886  0.382776  0.442458  0.417925  0.729463  0.416386  0.438942  0.253391  0.547986  0.674586  0.351066  0.174366  0.446545  0.523273  0.433557  0.767562  0.428793  0.214674  0.349937  0.249425  0.738162  0.288601  0.477053  0.627535  0.310412  0.308679  0.328945 
23  0.552383  0.313490  0.351096  0.573862  0.594789  0.614340  0.458574  0.443300  0.507958  0.536303  0.603451  0.413738  0.561590  0.598731  0.540542  0.545947  0.572960  0.494228  0.602423  0.475699  0.528817  0.435721  0.399212 0.0  0.547967  0.426694  0.494922  0.463583  0.512592  0.518544  0.474965  0.649439  0.510613  0.460433  0.423982  0.440159  0.351617  0.476630  0.525612  0.439369  0.570504  0.513369  0.582659  0.539810  0.530229  0.662912  0.447166  0.579238  0.471051  0.421292  0.521590  0.557093  0.521385  0.502761  0.572053  0.510486  0.407516  0.675743  0.467276  0.577236  0.426852  0.542017  0.546639  0.712758  0.579401  0.485404  0.545919  0.380399  0.471078  0.588264  0.525457  0.602990  0.477368  0.536487  0.516287  0.585896  0.628478  0.572164  0.384690  0.414196  0.565092  0.533171  0.427955  0.467613  0.410920  0.398625  0.585545  0.555390  0.536386  0.420767  0.457307  0.593358  0.591627  0.435137  0.666848  0.598484  0.528513  0.489774  0.606694  0.488797  0.476025  0.505824  0.511511  0.504563  0.458029  0.526587  0.596812  0.753847  0.619126  0.418896  0.407741  0.580850  0.607532  0.432647  0.373139  0.520146  0.586269  0.636155  0.506488  0.417276  0.647440  0.535611  0.546253  0.473403  0.445265  0.466199  0.455852  0.382983  0.430210  0.427549  0.483388  0.445123  0.491163  0.562147  0.597437  0.553624  0.435127  0.540074  0.510035  0.502258  0.581065  0.590158  0.524443  0.494155  0.569184  0.372010 
24  0.689582  0.849960  0.849864  0.798457  0.819013  0.717021  0.702768  0.795314  0.703976  0.906559  0.706074  0.771968  0.730340  0.781782  0.684560  0.702570  0.723280  0.728770  0.708442  0.642567  0.677276  0.627771  0.755114  0.547967 0.0  0.216224  0.774621  0.716109  0.723069  0.757514  0.755505  0.770277  0.713419  0.732500  0.788944  0.762707  0.772284  0.514154  0.834081  0.678497  0.491787  0.653848  0.593487  0.690295  0.691475  0.738586  0.787994  0.704615  0.715286  0.768069  0.774727  0.722890  0.620168  0.737186  0.616697  0.604529  0.875874  0.617246  0.493089  0.760694  0.618932  0.758918  0.792244  0.781627  0.900718  0.694622  0.648978  0.823313  0.815410  0.582006  0.788630  0.815257  0.801098  0.748177  0.806813  0.724260  0.659074  0.748241  0.813151  0.835700  0.726756  0.754286  0.694261  0.752944  0.757982  0.754695  0.591625  0.745884  0.633270  0.856521  0.824640  0.791890  0.653438  0.622183  0.645623  0.703662  0.792363  0.738524  0.634056  0.819983  0.852872  0.745112  0.857586  0.742699  0.764951  0.727583  0.826510  0.783418  0.666304  0.790416  0.713780  0.748441  0.724402  0.768885  0.847220  0.757410  0.486395  0.626851  0.825827  0.659022  0.909675  0.693446  0.746220  0.802195  0.842703  0.881609  0.651162  0.732418  0.670967  0.803078  0.797485  0.837066  0.632792  0.677722  0.783823  0.736964  0.815669  0.750297  0.750398  0.270171  0.773843  0.751716  0.595573  0.818931  0.873678  0.710180 
25  0.734285  0.703141  0.692119  0.725735  0.755099  0.774924  0.871994  0.734623  0.719262  0.705048  0.752953  0.777197  0.780175  0.620269  0.743420  0.752421  0.649593  0.608392  0.779982  0.676847  0.696417  0.636463  0.727875  0.426694  0.216224 0.0  0.844263  0.778785  0.805077  0.840499  0.808584  0.839001  0.718916  0.767165  0.685973  0.617689  0.867134  0.373373  0.807447  0.627990  0.469999  0.739005  0.707454  0.738604  0.770266  0.746506  0.853075  0.700356  0.730207  0.764922  0.720853  0.744488  0.707678  0.707550  0.759858  0.705652  0.745042  0.697214  0.515297  0.716329  0.659170  0.810224  0.690473  0.770608  0.880897  0.766581  0.821257  0.663821  0.696767  0.589859  0.660791  0.785926  0.793514  0.781402  0.867258  0.831112  0.723136  0.724012  0.787689  0.656801  0.680175  0.719435  0.712961  0.768078  0.667663  0.754625  0.596571  0.762742  0.548802  0.797425  0.754105  0.788318  0.699710  0.578255  0.770307  0.736061  0.790803  0.763035  0.652112  0.821459  0.709766  0.779139  0.925571  0.757739  0.704511  0.813930  0.788518  0.609791  0.870068  0.781432  0.689941  0.673216  0.729886  0.745659  0.681030  0.787285  0.485445  0.671393  0.765248  0.705672  0.828785  0.685566  0.775532  0.728986  0.795022  0.668642  0.662478  0.735863  0.774164  0.830241  0.737351  0.702918  0.739454  0.729746  0.773464  0.723280  0.806659  0.750384  0.786724  0.306591  0.759325  0.743322  0.690446  0.724917  0.827244  0.756665 
26  0.356365  0.880213  0.810511  0.413498  0.413157  0.647540  0.342113  0.104285  0.489793  0.262642  0.389306  0.384095  0.341147  0.769312  0.384509  0.333276  0.661828  0.563517  0.323311  0.460401  0.351968  0.760842  0.355553  0.494922  0.774621  0.844263 0.0  0.332505  0.286190  0.574863  0.422070  0.510848  0.349829  0.278815  0.841896  0.323947  0.335538  0.735854  0.463514  0.805088  0.602243  0.515404  0.427873  0.380963  0.791065  0.330272  0.410724  0.519022  0.314642  0.228716  0.388145  0.390054  0.384740  0.209839  0.638224  0.142892  0.326817  0.409850  0.528552  0.224430  0.298543  0.351408  0.247791  0.828374  0.283482  0.420748  0.465530  0.847411  0.822038  0.443116  0.359721  0.495493  0.307134  0.475701  0.421727  0.389687  0.382063  0.515328  0.336545  0.907949  0.205544  0.411394  0.768666  0.462934  0.429843  0.496009  0.446318  0.247871  0.732967  0.398006  0.294723  0.245639  0.595031  0.479039  0.336047  0.711634  0.238909  0.814171  0.387417  0.196350  0.299051  0.209637  0.344839  0.265680  0.440569  0.289129  0.301519  0.786856  0.456688  0.438092  0.327822  0.430290  0.487831  0.423788  0.400805  0.374868  0.549288  0.487866  0.446036  0.817090  0.360213  0.427053  0.390814  0.719392  0.275285  0.343763  0.386510  0.519561  0.823941  0.484773  0.226889  0.418308  0.489266  0.557227  0.787029  0.433574  0.277111  0.332273  0.399992  0.620724  0.262840  0.456027  0.621158  0.427302  0.309449  0.276992 
