146
0 0.0  0.679115  0.864028  0.322399  0.350929  0.644120  0.299535  0.423469  0.323444  0.344723  0.212549  0.448511  0.453390  0.635772  0.408939  0.384118  0.637271  0.635040  0.370035  0.513794  0.286163  0.754294  0.384388  0.602155  0.801866  0.684103  0.383559  0.452939  0.477174  0.454466  0.398133  0.299366  0.401120  0.448446  0.825164  0.334005  0.534767  0.720472  0.365296  0.671367  0.691856  0.317280  0.278669  0.355079  0.771201  0.432593  0.416556  0.249062  0.374872  0.481146  0.209680  0.498574  0.233955  0.365258  0.488014  0.333243  0.384262  0.390557  0.568199  0.467445  0.315394  0.337289  0.549154  0.784146  0.446150  0.246024  0.293854  0.806945  0.845172  0.419416  0.347305  0.426079  0.458824  0.464082  0.484836  0.217915  0.431816  0.388598  0.331445  0.917882  0.412832  0.409876  0.692498  0.417715  0.312589  0.406585  0.458305  0.357625  0.760371  0.396133  0.489096  0.492796  0.502463  0.617863  0.306563  0.596712  0.459519  0.881923  0.399653  0.293227  0.388495  0.413585  0.603314  0.425034  0.354657  0.490113  0.392463  0.746747  0.215739  0.452958  0.392118  0.385392  0.514316  0.187660  0.541336  0.243171  0.518390  0.352174  0.483642  0.751848  0.567145  0.374898  0.265885  0.745251  0.351438  0.263742  0.384851  0.540288  0.800798  0.445536  0.370525  0.268342  0.493476  0.392618  0.804328  0.348144  0.388691  0.400658  0.280894  0.749347  0.455200  0.453499  0.702261  0.422374  0.486723  0.405370 
1  0.679115 0.0  0.212074  0.848789  0.858670  0.775583  0.828071  0.847882  0.836046  0.875377  0.912400  0.863892  0.753005  0.778800  0.833435  0.732603  0.626632  0.670166  0.896728  0.669352  0.688779  0.563748  0.811884  0.382245  0.652887  0.716604  0.938094  0.866358  0.849939  0.836428  0.778673  0.862420  0.623005  0.750037  0.514699  0.715657  0.706782  0.796517  0.796226  0.256011  0.648947  0.849340  0.896536  0.790066  0.620150  0.820823  0.723686  0.824789  0.834561  0.717512  0.781092  0.813703  0.773679  0.806332  0.759385  0.822275  0.798783  0.746675  0.667724  0.875614  0.983554  0.805972  0.833384  0.749204  0.885329  0.882585  0.765318  0.428289  0.779268  0.621733  0.732704  0.808250  0.791848  0.838768  0.897964  0.808916  0.817096  0.822388  0.659619  0.612949  0.888784  0.831392  0.890503  0.754594  0.657517  0.786288  0.707041  0.833386  0.662219  0.854349  0.794814  0.814790  0.902900  0.482848  0.894975  0.754401  0.829475  0.426116  0.818300  0.725363  0.739420  0.770565  0.795566  0.842913  0.795168  0.909129  0.919276  0.645039  0.874668  0.771128  0.688810  0.864226  0.826951  0.794829  0.709587  0.865366  0.432049  0.861819  0.830101  0.399835  0.871248  0.784068  0.916276  0.550306  0.811631  0.767865  0.756304  0.787972  0.750472  0.698394  0.847902  0.819749  0.786791  0.733258  0.824097  0.681615  0.771634  0.768514  0.765877  0.526978  0.821253  0.807956  0.750290  0.836056  0.741658  0.809401 
2  0.864028  0.212074 0.0  0.864144  0.747652  0.886674  0.751405  0.852087  0.918646  0.731258  0.754748  0.725308  0.861724  0.724071  0.837639  0.690681  0.708296  0.619211  0.873291  0.726430  0.693496  0.512260  0.746304  0.419792  0.669162  0.710108  0.836935  0.892450  0.782443  0.842594  0.742061  0.858411  0.824264  0.829512  0.688236  0.723441  0.854270  0.651654  0.829927  0.368186  0.617954  0.733826  0.857409  0.842827  0.662294  0.791448  0.789368  0.795759  0.717163  0.705619  0.746248  0.738151  0.806779  0.810739  0.903501  0.756098  0.806547  0.774025  0.523105  0.872309  0.827547  0.856680  0.696341  0.696664  0.775259  0.890676  0.757290  0.644963  0.805310  0.616904  0.828384  0.826892  0.835801  0.752782  0.835516  0.782250  0.849970  0.824185  0.703309  0.455439  0.788047  1.000000  0.719823  0.785644  0.784509  0.697893  0.623572  0.756797  0.669978  0.780237  0.758295  0.810266  0.793279  0.499194  0.793574  0.866748  0.817368  0.374097  0.884204  0.747190  0.771184  0.814826  0.815649  0.842261  0.753438  0.767914  0.893912  0.682355  0.794315  0.756497  0.768322  0.713243  0.804983  0.797702  0.745748  0.892921  0.528174  0.908991  0.730188  0.424117  0.684997  0.696378  0.871807  0.413946  0.807730  0.780908  0.741788  0.715155  0.686812  0.687711  0.689379  0.780733  0.755992  0.749102  0.741571  0.815826  0.733560  0.746953  0.749976  0.620641  0.894821  0.818772  0.789580  0.768576  0.857115  0.700967 
3  0.322399  0.848789  0.864144 0.0  0.372915  0.595333  0.223418  0.342786  0.488115  0.416397  0.339069  0.439706  0.266073  0.742312  0.459187  0.290300  0.643550  0.701436  0.279880  0.481652  0.318265  0.873352  0.515522  0.556143  0.752202  0.661149  0.418674  0.476385  0.498104  0.395109  0.464105  0.484153  0.439247  0.463618  0.831550  0.283100  0.421272  0.813145  0.379250  0.725493  0.809608  0.403707  0.339798  0.258930  0.860020  0.336357  0.394445  0.380091  0.394009  0.473457  0.312532  0.339088  0.246270  0.415407  0.597580  0.424712  0.422673  0.330928  0.519362  0.404306  0.364613  0.323495  0.438256  0.852560  0.540104  0.195441  0.174110  0.705101  0.795936  0.431642  0.330016  0.434974  0.452287  0.462004  0.592143  0.229453  0.348974  0.472665  0.356413  0.805306  0.336116  0.443837  0.728922  0.237807  0.434491  0.408097  0.398532  0.513436  0.707027  0.407625  0.395333  0.461581  0.465462  0.588105  0.260821  0.649465  0.358308  0.826926  0.389790  0.444753  0.402190  0.429570  0.606365  0.400004  0.278490  0.369892  0.327418  0.793775  0.225200  0.425691  0.615111  0.347663  0.462398  0.339581  0.544644  0.360512  0.597169  0.506063  0.316411  0.862819  0.516095  0.197632  0.402535  0.701850  0.345103  0.415710  0.274941  0.496755  0.802793  0.399090  0.373487  0.410610  0.412194  0.511800  0.801116  0.364368  0.530913  0.442929  0.424066  0.694086  0.527809  0.437343  0.720265  0.316051  0.357303  0.367013 
4  0.350929  0.858670  0.747652  0.372915 0.0  0.528919  0.340391  0.440183  0.474274  0.412581  0.402791  0.406897  0.363708  0.731436  0.384878  0.359722  0.640002  0.556850  0.313115  0.478916  0.331480  0.718650  0.436393  0.453210  0.758718  0.777064  0.480593  0.365563  0.441333  0.326159  0.429371  0.305074  0.369348  0.420611  0.774390  0.441299  0.635214  0.686596  0.192861  0.665646  0.690201  0.470394  0.327509  0.351573  0.788749  0.386786  0.408892  0.272893  0.551076  0.449935  0.311536  0.475159  0.368195  0.385527  0.426749  0.402040  0.503548  0.398092  0.511939  0.567089  0.380786  0.413311  0.467966  0.688512  0.471902  0.371680  0.287753  0.690964  0.694945  0.421038  0.319446  0.344166  0.401014  0.527299  0.478783  0.388979  0.311810  0.227678  0.298442  0.871225  0.395230  0.410839  0.808957  0.365175  0.303850  0.384288  0.383857  0.453612  0.523715  0.494081  0.479985  0.470174  0.609400  0.470554  0.226310  0.549680  0.431806  0.884518  0.369643  0.451135  0.396268  0.393122  0.570536  0.487441  0.441322  0.371816  0.335309  0.760076  0.364407  0.389786  0.188418  0.201997  0.182551  0.309591  0.484221  0.229391  0.534496  0.529790  0.362832  0.754655  0.579017  0.353363  0.252274  0.623383  0.383248  0.480195  0.279968  0.519987  0.635208  0.402170  0.427445  0.413215  0.461894  0.426899  0.702059  0.279059  0.512569  0.417954  0.489464  0.591849  0.342898  0.226402  0.700532  0.453435  0.564557  0.410418 
5  0.644120  0.775583  0.886674  0.595333  0.528919 0.0  0.620929  0.693455  0.531324  0.611435  0.702032  0.622153  0.545660  0.759785  0.623924  0.676653  0.750507  0.642580  0.629764  0.333024  0.621782  0.781035  0.665006  0.622819  0.692718  0.736500  0.663360  0.593576  0.657232  0.650176  0.727848  0.607805  0.721317  0.725066  0.789088  0.711063  0.677007  0.685874  0.647629  0.701161  0.623484  0.485879  0.624221  0.645148  0.698626  0.513923  0.717039  0.639259  0.612754  0.660372  0.513243  0.681213  0.486434  0.595925  0.465907  0.629923  0.695750  0.454917  0.570993  0.632050  0.549938  0.709464  0.651068  0.845690  0.659694  0.557625  0.569668  0.778515  0.891594  0.386721  0.738258  0.629679  0.708750  0.512263  0.687341  0.597622  0.637002  0.642895  0.516965  0.786541  0.670356  0.587470  0.722738  0.693014  0.597777  0.665386  0.383663  0.680068  0.716404  0.648855  0.670888  0.616062  0.241905  0.609173  0.457569  0.304711  0.798440  0.815879  0.638255  0.580160  0.594056  0.604399  0.816569  0.606294  0.673614  0.566996  0.698689  0.683164  0.531400  0.773071  0.640227  0.717041  0.664860  0.513794  0.657243  0.657904  0.581458  0.497168  0.629027  0.803119  0.727642  0.700438  0.660427  0.692226  0.524513  0.698896  0.720506  0.528953  0.743916  0.695760  0.696332  0.666473  0.456435  0.351166  0.776306  0.601638  0.710314  0.618136  0.671019  0.656940  0.644350  0.733273  0.690649  0.606699  0.653685  0.529943 
6  0.299535  0.828071  0.751405  0.223418  0.340391  0.620929 0.0  0.511025  0.441969  0.426901  0.364082  0.416656  0.339232  0.776097  0.391652  0.360724  0.720224  0.705505  0.326367  0.567442  0.285776  0.781564  0.418708  0.508380  0.800740  0.731741  0.351530  0.398158  0.487764  0.437754  0.430227  0.371029  0.385826  0.469007  0.847309  0.366529  0.413844  0.667015  0.356866  0.692733  0.691257  0.396223  0.326451  0.323785  0.715715  0.377401  0.419952  0.192928  0.386169  0.468891  0.316370  0.436990  0.266702  0.404901  0.447635  0.318296  0.453714  0.470930  0.532228  0.528575  0.445837  0.330215  0.439999  0.777303  0.500116  0.250541  0.228615  0.720522  0.765477  0.387969  0.188358  0.301025  0.435743  0.489651  0.441593  0.393319  0.432071  0.377203  0.322199  0.899698  0.359134  0.404789  0.636843  0.366279  0.354527  0.384755  0.442827  0.436620  0.603404  0.460047  0.331022  0.399074  0.533741  0.577983  0.282314  0.642085  0.347186  0.834019  0.448921  0.432664  0.426798  0.363961  0.505977  0.375199  0.342821  0.413150  0.398948  0.769167  0.277790  0.384983  0.378112  0.290002  0.297639  0.290584  0.431095  0.264227  0.556031  0.483271  0.388593  0.695480  0.430315  0.333088  0.323090  0.653907  0.295656  0.408621  0.390921  0.584322  0.823628  0.404377  0.424599  0.327277  0.462337  0.492407  0.737536  0.355113  0.461130  0.435191  0.458094  0.604352  0.336285  0.441696  0.651868  0.392431  0.571079  0.381652 
7  0.423469  0.847882  0.852087  0.342786  0.440183  0.693455  0.511025 0.0  0.435065  0.364631  0.434141  0.313166  0.376267  0.749183  0.399363  0.360479  0.709762  0.732852  0.218507  0.583515  0.313456  0.790535  0.271934  0.539679  0.565311  0.722386  0.150934  0.360014  0.334051  0.381776  0.354937  0.368717  0.397244  0.310285  0.889738  0.394154  0.228727  0.752526  0.568475  0.719189  0.740250  0.426562  0.512867  0.520570  0.759349  0.412991  0.334023  0.455706  0.290425  0.353665  0.369141  0.311000  0.377968  0.235554  0.620889  0.212663  0.398653  0.519166  0.604114  0.225575  0.410283  0.358497  0.296612  0.856109  0.295548  0.481543  0.364819  0.712652  0.843407  0.345280  0.386303  0.448487  0.378587  0.600460  0.477727  0.431841  0.392614  0.414580  0.430233  0.781442  0.156761  0.346212  0.689432  0.426630  0.361116  0.436308  0.387938  0.259575  0.766715  0.318161  0.428435  0.267111  0.622309  0.590088  0.472717  0.661211  0.226220  0.848202  0.269330  0.247603  0.307228  0.104049  0.426091  0.178811  0.443326  0.293137  0.142285  0.791499  0.413658  0.483784  0.452261  0.472892  0.480954  0.391439  0.418471  0.377765  0.567957  0.456043  0.416304  0.832431  0.358276  0.427125  0.390179  0.755752  0.495272  0.323154  0.358912  0.517721  0.758439  0.467396  0.183246  0.402972  0.471324  0.514081  0.815262  0.320021  0.235048  0.407423  0.251597  0.709633  0.280317  0.422158  0.622962  0.253600  0.340127  0.301942 
8  0.323444  0.836046  0.918646  0.488115  0.474274  0.531324  0.441969  0.435065 0.0  0.557047  0.468456  0.467118  0.467664  0.795765  0.270269  0.600109  0.716964  0.639477  0.402681  0.474584  0.550827  0.749270  0.486395  0.522437  0.684303  0.732101  0.536230  0.480162  0.550229  0.504740  0.495256  0.449990  0.490123  0.682904  0.750801  0.574036  0.585755  0.728255  0.572529  0.701893  0.826171  0.177446  0.334599  0.433470  0.656053  0.568205  0.581895  0.499777  0.518681  0.552206  0.404365  0.497946  0.375322  0.472795  0.469635  0.416160  0.508532  0.393430  0.488138  0.535492  0.451095  0.476818  0.495272  0.874710  0.598270  0.446080  0.345637  0.760027  0.709518  0.416608  0.532328  0.462369  0.527159  0.132638  0.581873  0.349017  0.503368  0.445607  0.375422  0.714981  0.463257  0.425335  0.720173  0.511763  0.436970  0.643811  0.461420  0.548642  0.562204  0.702407  0.580801  0.555776  0.549494  0.611563  0.350690  0.477617  0.531598  0.797679  0.565506  0.556114  0.507596  0.503951  0.651167  0.606459  0.599080  0.494378  0.522273  0.739637  0.452299  0.490223  0.514987  0.388270  0.422017  0.430574  0.448825  0.478463  0.524838  0.331006  0.562361  0.761632  0.658048  0.443112  0.547711  0.697282  0.484208  0.409337  0.426456  0.599462  0.766815  0.590098  0.524076  0.404959  0.510749  0.386240  0.769586  0.448203  0.579733  0.502909  0.480568  0.647255  0.634373  0.431262  0.633929  0.630758  0.617705  0.461815 
9  0.344723  0.875377  0.731258  0.416397  0.412581  0.611435  0.426901  0.364631  0.557047 0.0  0.316914  0.231955  0.346523  0.814606  0.454688  0.429195  0.699557  0.622326  0.298214  0.383155  0.330235  0.871164  0.213269  0.445521  0.654456  0.806945  0.378618  0.241686  0.234440  0.411843  0.283612  0.489426  0.427961  0.303057  0.762376  0.328682  0.333552  0.701324  0.426741  0.667217  0.763298  0.429684  0.399430  0.424869  0.745292  0.404858  0.423979  0.354035  0.172937  0.479747  0.317047  0.354562  0.453780  0.187741  0.522045  0.311012  0.241949  0.403782  0.540570  0.292277  0.349361  0.373242  0.344671  0.710830  0.341919  0.452815  0.449995  0.828868  0.765374  0.389926  0.454961  0.488084  0.422726  0.453366  0.325174  0.319303  0.403270  0.444429  0.358925  0.765922  0.288127  0.316960  0.705311  0.374082  0.438195  0.399846  0.424731  0.322083  0.577759  0.306131  0.275991  0.313371  0.661768  0.470385  0.478603  0.616717  0.320885  0.811304  0.391325  0.353752  0.393798  0.320094  0.497091  0.246967  0.394120  0.297277  0.322737  0.797462  0.479067  0.349628  0.330899  0.425637  0.391946  0.345475  0.337521  0.407765  0.412411  0.590490  0.455064  0.873825  0.329216  0.401129  0.351598  0.704294  0.518662  0.377052  0.333327  0.557130  0.879736  0.367416  0.363779  0.394814  0.547895  0.529223  0.697886  0.407804  0.219385  0.497719  0.283439  0.575743  0.322388  0.410360  0.659261  0.378986  0.415921  0.270374 
10  0.212549  0.912400  0.754748  0.339069  0.402791  0.702032  0.364082  0.434141  0.468456  0.316914 0.0  0.482484  0.385741  0.689496  0.436576  0.445983  0.810435  0.634016  0.471244  0.378331  0.473929  0.726254  0.423082  0.466378  0.768837  0.777927  0.408829  0.434418  0.507659  0.263055  0.481372  0.312669  0.307406  0.521658  0.764665  0.401113  0.418143  0.756436  0.436267  0.658611  0.692639  0.383696  0.279410  0.372991  0.774305  0.413645  0.391345  0.363095  0.482975  0.403938  0.285905  0.454070  0.299286  0.389049  0.517079  0.473497  0.414218  0.501774  0.572983  0.414935  0.466336  0.391162  0.391251  0.806383  0.459475  0.429175  0.338716  0.775250  0.828262  0.453982  0.383606  0.416682  0.435281  0.465262  0.452875  0.293156  0.337533  0.394799  0.401910  0.781519  0.457170  0.434285  0.645076  0.293651  0.336926  0.478268  0.438227  0.460132  0.620301  0.497928  0.543332  0.319451  0.596313  0.499629  0.447231  0.650315  0.409872  0.804543  0.428121  0.493341  0.419054  0.530303  0.576992  0.595949  0.316178  0.490046  0.401290  0.769116  0.294002  0.389540  0.463481  0.307582  0.370687  0.350324  0.411211  0.295407  0.519171  0.420270  0.401410  0.711779  0.605064  0.319130  0.400593  0.696584  0.280284  0.334739  0.425213  0.495430  0.760010  0.383354  0.421197  0.365377  0.490571  0.542685  0.763944  0.276321  0.465230  0.497232  0.426071  0.689950  0.478503  0.443746  0.683804  0.453925  0.485264  0.312915 
11  0.448511  0.863892  0.725308  0.439706  0.406897  0.622153  0.416656  0.313166  0.467118  0.231955  0.482484 0.0  0.325283  0.744919  0.501199  0.310060  0.721191  0.647145  0.436068  0.547701  0.271507  0.824467  0.232841  0.375036  0.744615  0.750428  0.417580  0.277070  0.267540  0.397929  0.203136  0.466681  0.332385  0.421634  0.742439  0.276093  0.219337  0.581894  0.379769  0.711845  0.703395  0.469410  0.438479  0.390155  0.739614  0.470700  0.403500  0.445457  0.284993  0.334436  0.338225  0.202053  0.477764  0.289199  0.611893  0.318085  0.244522  0.379266  0.370357  0.356443  0.356771  0.334353  0.179800  0.706275  0.377797  0.448656  0.517671  0.687862  0.652211  0.454925  0.426811  0.514107  0.345754  0.486474  0.292524  0.435372  0.505132  0.423374  0.259218  0.732786  0.379892  0.381137  0.708790  0.355720  0.377422  0.303286  0.462408  0.338541  0.617547  0.275735  0.263628  0.385075  0.683725  0.473339  0.372007  0.683666  0.300750  0.728266  0.413524  0.276610  0.362850  0.390051  0.332705  0.391210  0.335518  0.443815  0.237258  0.762932  0.363525  0.304891  0.262626  0.360357  0.411280  0.404614  0.364481  0.454070  0.420824  0.528860  0.442646  0.620676  0.267803  0.391423  0.433683  0.602449  0.516486  0.352602  0.272464  0.630124  0.720831  0.319237  0.300058  0.290091  0.410099  0.432016  0.794894  0.447869  0.371681  0.363305  0.242057  0.679460  0.293980  0.455023  0.594441  0.184230  0.404944  0.191923 
12  0.453390  0.753005  0.861724  0.266073  0.363708  0.545660  0.339232  0.376267  0.467664  0.346523  0.385741  0.325283 0.0  0.726019  0.440068  0.328880  0.656327  0.707706  0.212026  0.468987  0.306043  0.705508  0.451982  0.582386  0.812875  0.785524  0.256874  0.376964  0.286202  0.383469  0.409887  0.347110  0.293032  0.399039  0.746172  0.346416  0.356369  0.604277  0.384130  0.704649  0.723505  0.430556  0.326998  0.306848  0.767514  0.363409  0.332424  0.367733  0.278466  0.432220  0.356444  0.324411  0.360062  0.359044  0.561366  0.331256  0.390120  0.468699  0.495402  0.354948  0.304898  0.231990  0.340432  0.756610  0.346061  0.380067  0.352325  0.763087  0.789411  0.486179  0.371289  0.335137  0.394832  0.574124  0.442212  0.311588  0.393653  0.342304  0.407664  0.837941  0.330234  0.327051  0.745448  0.373456  0.365371  0.262001  0.396615  0.335697  0.619982  0.411284  0.381324  0.423175  0.650856  0.659174  0.376820  0.573824  0.356228  0.910000  0.399520  0.341070  0.316800  0.217784  0.553935  0.291635  0.409351  0.384017  0.291793  0.752808  0.434667  0.369895  0.393455  0.371706  0.440435  0.331075  0.467964  0.428069  0.500371  0.582541  0.296200  0.751662  0.428929  0.373729  0.398719  0.675777  0.391770  0.248702  0.380830  0.528028  0.776169  0.363496  0.227094  0.380760  0.518846  0.543261  0.756239  0.425204  0.355627  0.364574  0.335325  0.547338  0.341385  0.419032  0.731246  0.341995  0.310352  0.321383 
13  0.635772  0.778800  0.724071  0.742312  0.731436  0.759785  0.776097  0.749183  0.795765  0.814606  0.689496  0.744919  0.726019 0.0  0.639976  0.826369  0.763202  0.609191  0.768629  0.655709  0.733350  0.712545  0.782528  0.581207  0.775599  0.692658  0.730171  0.842316  0.867683  0.842706  0.832207  0.826878  0.783479  0.675543  0.775139  0.778463  0.796004  0.792693  0.783977  0.697214  0.733706  0.674810  0.827642  0.807590  0.435033  0.704664  0.824013  0.759375  0.811825  0.799575  0.768358  0.804111  0.753584  0.811352  0.822080  0.863086  0.831725  0.636706  0.586752  0.754627  0.776011  0.818564  0.780475  0.789647  0.811786  0.782820  0.815791  0.705138  0.758147  0.496588  0.708722  0.843852  0.756725  0.702419  0.934185  0.682825  0.789837  0.808615  0.753266  0.666049  0.712385  0.771735  0.793216  0.739885  0.734194  0.806697  0.605983  0.799396  0.621217  0.742086  0.842014  0.798336  0.684992  0.596782  0.781270  0.758475  0.706415  0.759245  0.699978  0.833625  0.739642  0.743835  0.892454  0.784340  0.603677  0.812243  0.798214  0.713699  0.754796  0.699456  0.901449  0.792185  0.703851  0.634128  0.749482  0.699955  0.516859  0.697479  0.686558  0.739420  0.871200  0.801637  0.745454  0.647253  0.807927  0.750497  0.804254  0.681458  0.569687  0.813816  0.822251  0.686360  0.632485  0.640030  0.719358  0.736040  0.792452  0.629834  0.730867  0.635775  0.655924  0.768313  0.723261  0.701222  0.776623  0.784690 
14  0.408939  0.833435  0.837639  0.459187  0.384878  0.623924  0.391652  0.399363  0.270269  0.454688  0.436576  0.501199  0.440068  0.639976 0.0  0.570618  0.667703  0.700222  0.506846  0.401692  0.406498  0.757820  0.542391  0.631455  0.701285  0.709308  0.504106  0.480543  0.544035  0.496784  0.473623  0.454125  0.364199  0.578047  0.752514  0.497333  0.540818  0.784033  0.469093  0.718850  0.692413  0.323988  0.364251  0.413420  0.712737  0.415685  0.490380  0.563786  0.436937  0.491507  0.527341  0.522063  0.297492  0.558751  0.546313  0.460652  0.447442  0.364052  0.519842  0.541388  0.453971  0.489832  0.556043  0.937617  0.568818  0.449068  0.426240  0.764737  0.720266  0.443037  0.470334  0.476903  0.566098  0.230498  0.619805  0.406040  0.554948  0.517495  0.560107  0.741864  0.480606  0.442213  0.652229  0.506922  0.370539  0.488593  0.549043  0.476683  0.677206  0.576161  0.548735  0.574509  0.594383  0.531786  0.424688  0.436214  0.460011  0.817809  0.502928  0.514286  0.438940  0.453826  0.672135  0.528463  0.455210  0.627270  0.424286  0.771504  0.463138  0.441050  0.598399  0.457406  0.519808  0.435846  0.547389  0.470094  0.605165  0.237092  0.488069  0.806743  0.592723  0.426598  0.393169  0.638493  0.437896  0.436069  0.534216  0.500744  0.816326  0.517866  0.433478  0.471259  0.479442  0.388596  0.760146  0.428810  0.518426  0.346687  0.574343  0.733591  0.513755  0.570432  0.742715  0.498063  0.507958  0.355228 
15  0.384118  0.732603  0.690681  0.290300  0.359722  0.676653  0.360724  0.360479  0.600109  0.429195  0.445983  0.310060  0.328880  0.826369  0.570618 0.0  0.712040  0.644665  0.316602  0.508590  0.285125  0.739378  0.365742  0.443122  0.727411  0.742636  0.406738  0.375613  0.409781  0.373056  0.401691  0.299618  0.246233  0.521188  0.822514  0.274347  0.351702  0.750236  0.374896  0.718702  0.665517  0.427763  0.333143  0.348911  0.666807  0.410409  0.316644  0.404463  0.398838  0.419594  0.326357  0.331519  0.405095  0.288375  0.499090  0.416942  0.450437  0.518165  0.544854  0.405273  0.408992  0.395833  0.315317  0.801601  0.459098  0.394827  0.337365  0.664010  0.765054  0.440017  0.381401  0.363563  0.383461  0.475390  0.411152  0.335531  0.428857  0.437578  0.382352  0.722117  0.416748  0.350510  0.710782  0.230425  0.270166  0.189783  0.424653  0.271521  0.675492  0.421069  0.349538  0.431092  0.663359  0.476838  0.429270  0.750376  0.302485  0.863692  0.421987  0.382659  0.497568  0.433722  0.506508  0.450244  0.204894  0.378305  0.355469  0.630981  0.376071  0.271475  0.141567  0.391083  0.336291  0.323427  0.448073  0.289449  0.553164  0.537648  0.170989  0.829912  0.550291  0.422810  0.393786  0.686584  0.378546  0.317185  0.255980  0.540656  0.735762  0.329452  0.408578  0.246865  0.438972  0.575184  0.745341  0.465690  0.321112  0.557483  0.335489  0.696183  0.476447  0.369913  0.709165  0.380984  0.493170  0.322338 
16  0.637271  0.626632  0.708296  0.643550  0.640002  0.750507  0.720224  0.709762  0.716964  0.699557  0.810435  0.721191  0.656327  0.763202  0.667703  0.712040 0.0  0.561688  0.800602  0.646731  0.716274  0.627371  0.721286  0.569302  0.597005  0.589598  0.732691  0.700300  0.767726  0.680042  0.764398  0.763606  0.789769  0.854042  0.740818  0.637805  0.719965  0.688259  0.777685  0.766794  0.640444  0.681741  0.639904  0.869698  0.629635  0.732728  0.691523  0.678471  0.618728  0.705495  0.721560  0.724453  0.778150  0.751202  0.678883  0.681488  0.656955  0.676586  0.548374  0.655516  0.613938  0.652690  0.710058  0.704068  0.658141  0.595340  0.684157  0.613767  0.711175  0.570825  0.642112  0.684685  0.759420  0.654232  0.696276  0.810563  0.740331  0.805597  0.751665  0.684133  0.677503  0.850365  0.683828  0.639677  0.641747  0.680048  0.562347  0.737767  0.348318  0.722710  0.706520  0.786810  0.773891  0.542125  0.746031  0.767369  0.701564  0.729173  0.726086  0.797245  0.737952  0.774281  0.747671  0.685498  0.784597  0.766997  0.637082  0.760087  0.698931  0.586765  0.654297  0.772347  0.648945  0.647101  0.749666  0.686066  0.394024  0.673923  0.680340  0.697905  0.726322  0.682159  0.733271  0.666737  0.708883  0.693542  0.733828  0.742690  0.637044  0.718592  0.703075  0.631277  0.624870  0.665740  0.744367  0.718669  0.719319  0.692881  0.768821  0.621491  0.699390  0.718786  0.544691  0.716296  0.750239  0.729122 
17  0.635040  0.670166  0.619211  0.701436  0.556850  0.642580  0.705505  0.732852  0.639477  0.622326  0.634016  0.647145  0.707706  0.609191  0.700222  0.644665  0.561688 0.0  0.663554  0.658065  0.655306  0.541129  0.547946  0.510397  0.603476  0.716804  0.622021  0.618360  0.620194  0.585221  0.651549  0.654193  0.542004  0.655295  0.626666  0.528529  0.632228  0.514039  0.602588  0.624557  0.604099  0.705717  0.696449  0.603450  0.493779  0.575467  0.626206  0.638536  0.693069  0.592387  0.568665  0.592182  0.646940  0.628610  0.559679  0.668423  0.605660  0.669502  0.480762  0.538944  0.631552  0.659184  0.579594  0.597083  0.616032  0.746368  0.735447  0.561185  0.545159  0.615311  0.533551  0.629978  0.601045  0.559406  0.647796  0.587897  0.689545  0.662776  0.648855  0.582394  0.685237  0.600460  0.684758  0.588531  0.638567  0.683939  0.546679  0.669593  0.675718  0.616942  0.621471  0.610366  0.708752  0.513414  0.623888  0.492178  0.541922  0.565910  0.723584  0.648827  0.618240  0.729472  0.712480  0.680410  0.631552  0.540607  0.613522  0.708790  0.591695  0.577623  0.579673  0.744594  0.557093  0.557178  0.562865  0.696947  0.464273  0.639010  0.678586  0.609063  0.723299  0.592033  0.587761  0.641834  0.740165  0.517366  0.523969  0.579714  0.557885  0.582720  0.531495  0.609312  0.665759  0.535938  0.543644  0.691636  0.710538  0.560190  0.627439  0.541803  0.629913  0.595641  0.528421  0.583021  0.617073  0.594099 
18  0.370035  0.896728  0.873291  0.279880  0.313115  0.629764  0.326367  0.218507  0.402681  0.298214  0.471244  0.436068  0.212026  0.768629  0.506846  0.316602  0.800602  0.663554 0.0  0.482567  0.376533  0.800150  0.318908  0.629749  0.805075  0.793379  0.325634  0.355657  0.239125  0.365416  0.342226  0.392868  0.288242  0.514628  0.854399  0.292684  0.399680  0.667056  0.379071  0.769598  0.764525  0.419948  0.341540  0.398159  0.724608  0.229736  0.371638  0.424587  0.364477  0.337292  0.403379  0.291069  0.321030  0.324839  0.558527  0.330959  0.391317  0.408889  0.546331  0.355230  0.217857  0.385444  0.261832  0.746380  0.430029  0.266067  0.319347  0.827302  0.785875  0.474216  0.375886  0.295898  0.348120  0.476035  0.448266  0.359722  0.427130  0.431109  0.411381  0.751851  0.361710  0.281876  0.749123  0.300445  0.396963  0.430968  0.387646  0.348427  0.737196  0.463584  0.371261  0.433587  0.605082  0.499853  0.368612  0.554683  0.256359  0.815892  0.390837  0.383473  0.475846  0.422195  0.523989  0.328121  0.392753  0.344436  0.361602  0.724959  0.449409  0.518125  0.334489  0.445751  0.408425  0.398224  0.477130  0.331397  0.658291  0.491571  0.374334  0.806971  0.411803  0.401050  0.418879  0.725719  0.315508  0.319292  0.389221  0.637086  0.860348  0.339207  0.330218  0.397645  0.467144  0.500611  0.901086  0.383814  0.463530  0.363423  0.354440  0.822307  0.284414  0.467371  0.648402  0.358945  0.495827  0.384455 
19  0.513794  0.669352  0.726430  0.481652  0.478916  0.333024  0.567442  0.583515  0.474584  0.383155  0.378331  0.547701  0.468987  0.655709  0.401692  0.508590  0.646731  0.658065  0.482567 0.0  0.484229  0.623969  0.572569  0.520016  0.649764  0.727009  0.474547  0.342896  0.607013  0.458239  0.516660  0.424476  0.397477  0.651113  0.672866  0.522099  0.517172  0.720214  0.334020  0.683724  0.594064  0.485759  0.536185  0.487056  0.720470  0.496579  0.501812  0.382705  0.523242  0.573682  0.453908  0.537196  0.427227  0.460020  0.516613  0.564291  0.501053  0.402721  0.495714  0.545725  0.366934  0.527173  0.417141  0.753476  0.477924  0.398355  0.433821  0.617428  0.610588  0.371404  0.447506  0.520183  0.529559  0.397288  0.592930  0.411861  0.519755  0.553129  0.397939  0.670175  0.487517  0.545655  0.638284  0.495859  0.437870  0.563419  0.401659  0.552121  0.515031  0.548803  0.543047  0.542827  0.335671  0.465365  0.518674  0.316716  0.495398  0.738862  0.556943  0.484620  0.380744  0.556254  0.631415  0.502911  0.494796  0.489870  0.449035  0.656867  0.472914  0.578019  0.398008  0.533278  0.441530  0.455867  0.553191  0.451793  0.424112  0.457190  0.491321  0.759677  0.558760  0.521657  0.384382  0.572441  0.507983  0.479236  0.400381  0.406700  0.657884  0.479489  0.514607  0.508330  0.387450  0.452237  0.620784  0.467389  0.632138  0.528414  0.572274  0.575198  0.499404  0.536222  0.630553  0.473152  0.561237  0.452093 
20  0.286163  0.688779  0.693496  0.318265  0.331480  0.621782  0.285776  0.313456  0.550827  0.330235  0.473929  0.271507  0.306043  0.733350  0.406498  0.285125  0.716274  0.655306  0.376533  0.484229 0.0  0.765952  0.301164  0.477583  0.761854  0.683138  0.383041  0.290103  0.345356  0.388833  0.284423  0.335002  0.178106  0.329691  0.685918  0.228219  0.339258  0.693866  0.295762  0.663230  0.717915  0.364619  0.373910  0.234616  0.710807  0.347095  0.200384  0.329796  0.369445  0.444157  0.239074  0.365708  0.254315  0.453565  0.419331  0.480019  0.345794  0.411965  0.516113  0.395150  0.399191  0.320147  0.318475  0.754866  0.322761  0.371290  0.291081  0.690114  0.662317  0.502808  0.319721  0.334094  0.318597  0.525108  0.422299  0.311831  0.408514  0.466348  0.170178  0.784530  0.501347  0.390995  0.604255  0.189053  0.199144  0.119231  0.455841  0.300808  0.708631  0.469388  0.383785  0.309263  0.559455  0.524281  0.245801  0.617061  0.348085  0.715772  0.385419  0.308593  0.420050  0.320818  0.545776  0.398667  0.353726  0.408459  0.398947  0.710954  0.354847  0.280033  0.164499  0.415181  0.395818  0.289701  0.432750  0.191964  0.412747  0.471834  0.289031  0.749214  0.419227  0.196579  0.303497  0.561095  0.473844  0.277771  0.208746  0.577254  0.774953  0.229920  0.347290  0.230450  0.488446  0.446726  0.739125  0.304935  0.405131  0.471572  0.466931  0.602759  0.288680  0.287119  0.669565  0.370642  0.457079  0.291739 
21  0.754294  0.563748  0.512260  0.873352  0.718650  0.781035  0.781564  0.790535  0.749270  0.871164  0.726254  0.824467  0.705508  0.712545  0.757820  0.739378  0.627371  0.541129  0.800150  0.623969  0.765952 0.0  0.818283  0.403913  0.718612  0.658217  0.903894  0.750969  0.841328  0.823639  0.732005  0.803171  0.791841  0.827659  0.333621  0.669396  0.834376  0.763909  0.735918  0.484536  0.724591  0.638866  0.768401  0.674194  0.658682  0.727614  0.685723  0.785646  0.725581  0.750365  0.789464  0.817386  0.685870  0.799863  0.734792  0.699383  0.624737  0.578266  0.536724  0.816303  0.752948  0.686096  0.744567  0.811751  0.832495  0.769482  0.608154  0.427245  0.730819  0.618521  0.765061  0.818550  0.769253  0.815147  0.851760  0.697474  0.783980  0.863663  0.724110  0.384981  0.831181  0.830073  0.685841  0.721928  0.731592  0.766475  0.598259  0.754600  0.624608  0.784069  0.842933  0.643839  0.741172  0.449418  0.723418  0.728180  0.817308  0.515936  0.859301  0.731025  0.832099  0.738562  0.990960  0.762882  0.721213  0.736051  0.832604  0.681782  0.649358  0.806430  0.802896  0.758363  0.784821  0.794567  0.648702  0.880172  0.473136  0.682157  0.786524  0.220363  0.936906  0.686718  0.697236  0.474520  0.761802  0.729632  0.641409  0.763335  0.670529  0.704366  0.691516  0.644286  0.736649  0.683611  0.764989  0.722398  0.821223  0.680523  0.812772  0.574492  0.676927  0.770559  0.629506  0.736518  0.820110  0.740392 
22  0.384388  0.811884  0.746304  0.515522  0.436393  0.665006  0.418708  0.271934  0.486395  0.213269  0.423082  0.232841  0.451982  0.782528  0.542391  0.365742  0.721286  0.547946  0.318908  0.572569  0.301164  0.818283 0.0  0.373120  0.710988  0.712715  0.255635  0.210108  0.207828  0.441370  0.197763  0.505317  0.430666  0.251257  0.694811  0.322586  0.204676  0.759997  0.348495  0.765966  0.734307  0.507389  0.397750  0.476429  0.760664  0.344278  0.318870  0.425270  0.174732  0.288887  0.464184  0.377896  0.541727  0.236441  0.536726  0.240291  0.266562  0.473468  0.517330  0.223336  0.378858  0.324420  0.166824  0.757746  0.242022  0.486990  0.319311  0.673794  0.747874  0.326884  0.475243  0.471772  0.306559  0.557417  0.287277  0.481409  0.479278  0.536459  0.233991  0.753151  0.368903  0.239027  0.656952  0.364361  0.268613  0.386019  0.492761  0.270727  0.669156  0.275213  0.318042  0.175784  0.499490  0.573944  0.355907  0.626435  0.404402  0.726656  0.370963  0.188711  0.459037  0.272184  0.320738  0.283919  0.465918  0.253359  0.269958  0.732043  0.362655  0.517861  0.318113  0.370229  0.418683  0.457753  0.374920  0.447945  0.432390  0.506267  0.428217  0.813548  0.444177  0.389201  0.456282  0.640809  0.492191  0.327630  0.422773  0.479783  0.696788  0.290236  0.270745  0.384189  0.434083  0.497527  0.848050  0.413729  0.327753  0.400090  0.202018  0.640092  0.354941  0.525358  0.645380  0.327940  0.247292  0.193828 
23  0.602155  0.382245  0.419792  0.556143  0.453210  0.622819  0.508380  0.539679  0.522437  0.445521  0.466378  0.375036  0.582386  0.581207  0.631455  0.443122  0.569302  0.510397  0.629749  0.520016  0.477583  0.403913  0.373120 0.0  0.600140  0.443417  0.538810  0.570375  0.468043  0.505855  0.570665  0.549015  0.556429  0.455328  0.473392  0.510683  0.563933  0.466739  0.558051  0.445303  0.498882  0.641603  0.647683  0.536437  0.430959  0.448685  0.488007  0.501941  0.524676  0.502598  0.618282  0.416382  0.560726  0.535401  0.519760  0.624521  0.512675  0.604772  0.516466  0.594752  0.589135  0.399741  0.443650  0.658789  0.458817  0.591719  0.508523  0.504817  0.530335  0.615644  0.573873  0.566616  0.634473  0.607486  0.537174  0.542486  0.513794  0.542134  0.365988  0.366924  0.593367  0.705477  0.528751  0.529107  0.533929  0.476956  0.495438  0.558832  0.556200  0.589095  0.424612  0.540771  0.655771  0.536441  0.520793  0.484750  0.495238  0.486900  0.498672  0.521295  0.462680  0.569393  0.515008  0.610751  0.431111  0.500552  0.496006  0.685746  0.537333  0.380330  0.445183  0.622030  0.637295  0.478834  0.428244  0.589721  0.472807  0.565445  0.574540  0.504991  0.578356  0.499868  0.530450  0.430578  0.531948  0.537427  0.422246  0.522736  0.490834  0.448809  0.485258  0.512299  0.630539  0.476355  0.511780  0.503375  0.498008  0.469309  0.584720  0.433245  0.526791  0.598280  0.430892  0.391420  0.468460  0.350160 
24  0.801866  0.652887  0.669162  0.752202  0.758718  0.692718  0.800740  0.565311  0.684303  0.654456  0.768837  0.744615  0.812875  0.775599  0.701285  0.727411  0.597005  0.603476  0.805075  0.649764  0.761854  0.718612  0.710988  0.600140 0.0  0.226682  0.761345  0.789314  0.692306  0.763131  0.780042  0.836040  0.630813  0.796801  0.773313  0.762223  0.749043  0.442582  0.691737  0.665009  0.558554  0.706855  0.682732  0.694142  0.656143  0.573893  0.844777  0.761308  0.728373  0.843157  0.820922  0.847183  0.657300  0.669018  0.703667  0.714844  0.752513  0.564928  0.569409  0.714075  0.785441  0.786379  0.729168  0.651888  0.697995  0.688712  0.771664  0.827525  0.779277  0.592337  0.652924  0.769027  0.758429  0.730460  0.808808  0.771520  0.795744  0.693670  0.779115  0.673365  0.759018  0.752075  0.578764  0.758515  0.791681  0.701500  0.630909  0.760536  0.615978  0.789376  0.861483  0.939959  0.696698  0.529027  0.653640  0.631156  0.799566  0.857031  0.735852  0.783735  0.706076  0.620935  0.933692  0.719745  0.829579  0.746338  0.813106  0.808463  0.727146  0.821900  0.794070  0.607105  0.692284  0.682744  0.702666  0.790376  0.511558  0.732303  0.688304  0.701454  0.859891  0.703466  0.744600  0.643016  0.604090  0.675033  0.797563  0.741058  0.775151  0.871826  0.713463  0.776213  0.659994  0.711313  0.802274  0.786806  0.879559  0.855220  0.750352  0.405406  0.836856  0.737542  0.687754  0.736516  0.891475  0.685593 
25  0.684103  0.716604  0.710108  0.661149  0.777064  0.736500  0.731741  0.722386  0.732101  0.806945  0.777927  0.750428  0.785524  0.692658  0.709308  0.742636  0.589598  0.716804  0.793379  0.727009  0.683138  0.658217  0.712715  0.443417  0.226682 0.0  0.695024  0.683095  0.792401  0.746542  0.869143  0.714810  0.781089  0.822909  0.672477  0.690684  0.847877  0.563274  0.749701  0.706162  0.449469  0.612471  0.665419  0.747467  0.667290  0.796369  0.878353  0.777309  0.743653  0.804287  0.782066  0.759716  0.851699  0.716783  0.705954  0.707475  0.755578  0.566786  0.468200  0.794357  0.716498  0.772847  0.738147  0.793835  0.706736  0.725646  0.788137  0.686945  0.870353  0.595154  0.745797  0.711292  0.739660  0.781844  0.789152  0.673656  0.789447  0.766381  0.820267  0.788567  0.786854  0.730476  0.648853  0.776118  0.666079  0.690874  0.679738  0.832177  0.565920  0.809902  0.747184  0.802109  0.684785  0.526275  0.692605  0.767307  0.789409  0.653487  0.804928  0.722167  0.774259  0.784907  0.837441  0.822646  0.637812  0.684542  0.709619  0.710060  0.705156  0.750886  0.866871  0.715271  0.678538  0.825134  0.748992  0.794187  0.404435  0.763105  0.790735  0.764242  0.849830  0.874470  0.691839  0.746056  0.723544  0.674613  0.766817  0.736908  0.627565  0.664086  0.726308  0.675109  0.758939  0.682454  0.663959  0.804563  0.687743  0.788262  0.722875  0.395814  0.723811  0.719403  0.654555  0.771502  0.928267  0.727937 
26  0.383559  0.938094  0.836935  0.418674  0.480593  0.663360  0.351530  0.150934  0.536230  0.378618  0.408829  0.417580  0.256874  0.730171  0.504106  0.406738  0.732691  0.622021  0.325634  0.474547  0.383041  0.903894  0.255635  0.538810  0.761345  0.695024 0.0  0.312100  0.241187  0.462955  0.330169  0.342276  0.382197  0.398794  0.869065  0.394090  0.301330  0.760358  0.454683  0.594832  0.678038  0.473659  0.372658  0.497249  0.777964  0.415711  0.361934  0.388215  0.335820  0.303453  0.345515  0.355638  0.469082  0.304849  0.602905  0.208730  0.358139  0.415383  0.611403  0.165672  0.312749  0.344520  0.222531  0.747779  0.274495  0.467179  0.492162  0.855571  0.751462  0.373220  0.425623  0.326238  0.311357  0.445043  0.479332  0.370869  0.427068  0.426746  0.405197  0.803792  0.200625  0.331940  0.624265  0.423445  0.472904  0.390984  0.396992  0.241804  0.595181  0.240852  0.344002  0.390881  0.590757  0.645320  0.414694  0.583299  0.203512  0.860077  0.488611  0.273307  0.327149  0.337607  0.486576  0.275961  0.410094  0.241649  0.334876  0.798745  0.438851  0.467151  0.363483  0.438045  0.499016  0.429645  0.414731  0.482578  0.527065  0.439813  0.379126  0.723455  0.328168  0.511768  0.476669  0.823395  0.450568  0.288613  0.455340  0.609620  0.894947  0.444121  0.326157  0.423824  0.526459  0.502220  0.763936  0.372980  0.371275  0.313456  0.393448  0.683484  0.237012  0.466681  0.633718  0.304231  0.423173  0.417558 
