146
0 0.0  0.829837  0.859390  0.246429  0.315792  0.624176  0.269662  0.467737  0.511071  0.442310  0.253925  0.407132  0.362292  0.717476  0.374735  0.382240  0.763805  0.695454  0.289813  0.478990  0.357151  0.829786  0.497107  0.686008  0.693341  0.744519  0.400701  0.332310  0.461512  0.371250  0.408171  0.382500  0.441214  0.493469  0.833446  0.344283  0.509789  0.788409  0.363955  0.643952  0.781028  0.294620  0.204654  0.296747  0.840152  0.439765  0.300260  0.242897  0.466091  0.442407  0.265021  0.433225  0.271534  0.433939  0.525606  0.356524  0.512808  0.424707  0.563344  0.345833  0.305579  0.340105  0.489565  0.797390  0.523872  0.292196  0.268777  0.827640  0.814001  0.499870  0.238719  0.347111  0.549908  0.365707  0.531580  0.172055  0.267668  0.445932  0.310973  0.805430  0.367989  0.325682  0.764220  0.367623  0.306821  0.431508  0.342224  0.496561  0.684358  0.491628  0.504929  0.531681  0.585206  0.577266  0.206916  0.470087  0.357615  0.943212  0.417157  0.438850  0.397646  0.442283  0.561889  0.421335  0.399888  0.414694  0.361254  0.887729  0.240776  0.357142  0.395819  0.371516  0.312496  0.278901  0.496509  0.284761  0.603809  0.330853  0.375527  0.770558  0.438958  0.350964  0.394994  0.727201  0.177091  0.267313  0.424888  0.547097  0.823967  0.443869  0.402483  0.391284  0.422101  0.451542  0.887940  0.254293  0.519839  0.450624  0.414277  0.625728  0.408102  0.365620  0.582199  0.447504  0.461780  0.299975 
1  0.829837 0.0  0.363387  0.799380  0.828431  0.957922  0.757453  0.861445  0.884969  0.857179  0.759152  0.811823  0.905831  0.695603  0.958889  0.731756  0.724510  0.670547  0.882851  0.741842  0.894415  0.578218  0.704921  0.469164  0.811183  0.709774  0.878759  0.872084  0.811713  0.873227  0.762751  0.779539  0.826270  0.809017  0.679222  0.718405  0.780659  0.664827  0.862762  0.316329  0.673772  0.886629  0.890690  0.830298  0.688242  0.744553  0.694430  0.973114  0.809877  0.781849  0.829886  0.895462  0.725752  0.843135  0.774252  0.914651  0.824439  0.742227  0.468420  0.822807  0.833204  0.747064  0.891789  0.697228  0.842511  0.973856  0.870256  0.552108  0.767419  0.757368  0.889051  0.855673  0.724554  0.834157  0.896699  0.904634  0.892702  0.855555  0.661089  0.391090  0.892167  0.857567  0.720792  0.729031  0.761443  0.808070  0.622616  0.845908  0.651395  0.892962  0.736714  0.756881  0.868366  0.555573  0.846967  0.923668  0.966891  0.426354  0.872047  0.795753  0.895170  0.824528  0.925227  0.872874  0.803042  0.850496  0.859237  0.736051  0.870173  0.818528  0.734807  0.950763  0.836297  0.637339  0.726064  0.778615  0.487815  0.830737  0.794116  0.420930  0.886526  0.806845  0.844051  0.336326  0.903645  0.752149  0.750157  0.814646  0.758682  0.784380  0.869766  0.852179  0.656733  0.748284  0.783637  0.846065  0.823526  0.831472  0.779781  0.729527  0.859277  0.859422  0.686302  0.858292  0.833277  0.710327 
2  0.859390  0.363387 0.0  0.881729  0.769886  0.858281  0.732333  0.899943  0.829363  0.913156  0.778952  0.780458  0.672725  0.878580  0.862297  0.729964  0.788175  0.758367  0.937208  0.814384  0.781063  0.590344  0.834332  0.428618  0.703497  0.722252  0.831636  0.757432  0.831876  0.887520  0.759979  0.847480  0.716965  0.811174  0.527791  0.771393  0.830991  0.766409  0.792450  0.303507  0.705256  0.893776  0.811262  0.878139  0.634782  0.778339  0.806327  0.834675  0.853105  0.788047  0.732560  0.721232  0.831055  0.801986  0.832717  0.816499  0.750788  0.827912  0.537988  0.795742  0.728708  0.776459  0.878860  0.834062  0.918633  0.797880  0.906876  0.439293  0.774142  0.676217  0.773534  0.723164  0.778193  0.828567  0.882565  0.825137  0.783277  0.913560  0.709193  0.535872  0.787231  0.993123  0.708465  0.816491  0.771414  0.790903  0.661363  0.846705  0.694466  0.904469  0.716319  0.762544  0.905159  0.540788  0.782860  0.718780  0.802660  0.362518  0.772653  0.785565  0.780702  0.832582  0.834309  0.752806  0.773546  0.902757  0.806325  0.615754  0.812200  0.753655  0.703417  0.909402  0.899895  0.835287  0.714798  0.905216  0.516880  0.838945  0.879577  0.566518  0.843104  0.869754  0.778024  0.367751  0.947658  0.842904  0.747094  0.882866  0.718293  0.738524  0.798008  0.649268  0.847312  0.748950  0.765868  0.793929  0.797172  0.819999  0.881204  0.627566  0.913997  0.838361  0.637696  0.685118  0.834697  0.678672 
3  0.246429  0.799380  0.881729 0.0  0.277759  0.615339  0.160697  0.372487  0.564845  0.400293  0.349554  0.437297  0.438585  0.779605  0.477423  0.451217  0.758741  0.558785  0.266374  0.503762  0.306279  0.828031  0.275266  0.632941  0.856975  0.887426  0.409386  0.376151  0.496839  0.411004  0.463274  0.328978  0.356780  0.545240  0.843578  0.297574  0.414448  0.710429  0.408791  0.659946  0.802103  0.392416  0.225459  0.217158  0.844693  0.386540  0.237807  0.144587  0.393040  0.325159  0.260607  0.387094  0.207973  0.402604  0.608107  0.442533  0.500189  0.377828  0.578584  0.379005  0.347657  0.298877  0.389425  0.814852  0.521681  0.104607  0.264452  0.848355  0.761411  0.402177  0.354665  0.333525  0.401800  0.474895  0.495964  0.233792  0.320834  0.352999  0.324761  0.776104  0.344966  0.367081  0.756334  0.414249  0.279135  0.350344  0.546443  0.427445  0.703350  0.492942  0.567485  0.406783  0.583996  0.558270  0.292027  0.537229  0.391279  0.808831  0.388101  0.432836  0.473003  0.391568  0.529121  0.600557  0.414852  0.453400  0.387577  0.762570  0.198108  0.364000  0.367922  0.374144  0.262559  0.343805  0.537356  0.400871  0.498079  0.309357  0.313208  0.761606  0.543936  0.190969  0.319099  0.758094  0.353383  0.401885  0.294413  0.551978  0.831882  0.374276  0.459383  0.307707  0.425236  0.544103  0.805595  0.270478  0.431057  0.540042  0.297710  0.648855  0.429357  0.472386  0.678813  0.504433  0.530502  0.410004 
4  0.315792  0.828431  0.769886  0.277759 0.0  0.672842  0.281362  0.439683  0.521248  0.257958  0.350033  0.511616  0.319404  0.780598  0.500769  0.342108  0.771094  0.526837  0.379713  0.577771  0.422071  0.784441  0.418208  0.523166  0.713025  0.847870  0.479513  0.423406  0.420264  0.409194  0.402991  0.296844  0.378146  0.425256  0.902835  0.407200  0.480788  0.721094  0.210705  0.720952  0.717480  0.514351  0.300776  0.336328  0.728608  0.367042  0.303966  0.313982  0.452063  0.392115  0.236122  0.318428  0.303333  0.444795  0.547111  0.504207  0.374462  0.467971  0.510171  0.513604  0.469092  0.565166  0.483246  0.768219  0.550139  0.378165  0.307648  0.742302  0.809269  0.360536  0.303968  0.426389  0.475371  0.464192  0.498005  0.218476  0.211718  0.155975  0.319283  0.709362  0.385928  0.419772  0.630708  0.368593  0.317775  0.380269  0.513509  0.484678  0.641032  0.506919  0.535453  0.428241  0.573324  0.578449  0.274640  0.676486  0.415897  0.861470  0.426039  0.402055  0.330053  0.496235  0.581144  0.414998  0.389923  0.489007  0.444953  0.773167  0.331676  0.479710  0.457915  0.191720  0.197450  0.307832  0.488224  0.214679  0.525395  0.419033  0.371215  0.762697  0.572729  0.295667  0.199353  0.671267  0.226298  0.513683  0.485083  0.547549  0.806189  0.381300  0.437185  0.317326  0.438657  0.363560  0.743553  0.284856  0.574418  0.360078  0.462309  0.812246  0.471490  0.212366  0.799020  0.498389  0.615570  0.279566 
5  0.624176  0.957922  0.858281  0.615339  0.672842 0.0  0.576272  0.706702  0.508270  0.612478  0.728390  0.752790  0.616559  0.775390  0.506166  0.745589  0.786160  0.638790  0.589659  0.266888  0.625865  0.757797  0.674578  0.580448  0.693134  0.751654  0.564408  0.677776  0.743884  0.627759  0.742065  0.652850  0.618133  0.793284  0.801950  0.596696  0.749285  0.761894  0.641524  0.734007  0.730308  0.413527  0.529651  0.656028  0.704489  0.613963  0.748027  0.529789  0.652866  0.664648  0.649885  0.639681  0.546376  0.719940  0.533086  0.719693  0.767298  0.391423  0.613134  0.648681  0.610115  0.730455  0.681232  0.811740  0.691620  0.545287  0.535875  0.803979  0.829638  0.426130  0.719637  0.525867  0.611009  0.462026  0.767433  0.588053  0.579624  0.769405  0.610585  0.816096  0.643004  0.713682  0.709172  0.673663  0.657048  0.782482  0.427705  0.667550  0.640895  0.834394  0.752642  0.657946  0.118309  0.550123  0.482146  0.261282  0.722273  0.867861  0.686464  0.615522  0.709174  0.662048  0.860707  0.684723  0.737297  0.702107  0.752330  0.753261  0.405326  0.731027  0.602980  0.722941  0.535873  0.588260  0.674267  0.730972  0.473221  0.486059  0.616403  0.839960  0.783297  0.769250  0.714486  0.714131  0.554092  0.696058  0.623658  0.469686  0.891800  0.805696  0.734731  0.632650  0.555535  0.350919  0.720523  0.663947  0.651403  0.740850  0.751953  0.610052  0.712448  0.659641  0.701979  0.679068  0.705678  0.557937 
6  0.269662  0.757453  0.732333  0.160697  0.281362  0.576272 0.0  0.336568  0.549048  0.344452  0.346639  0.379730  0.391352  0.828693  0.481496  0.274888  0.745160  0.603455  0.416533  0.487513  0.297798  0.810212  0.362423  0.474879  0.689979  0.726256  0.416496  0.370551  0.470000  0.278381  0.460178  0.284794  0.320961  0.593414  0.764567  0.342460  0.412631  0.806776  0.357936  0.652250  0.696872  0.456604  0.360472  0.245826  0.775608  0.430356  0.332682  0.293952  0.277019  0.434827  0.322219  0.411967  0.267316  0.428278  0.386498  0.430686  0.409007  0.378725  0.486616  0.438773  0.336835  0.331123  0.421662  0.760668  0.528522  0.205642  0.239363  0.842925  0.809404  0.386363  0.343143  0.393120  0.418342  0.445754  0.525895  0.331036  0.360987  0.380733  0.326971  0.826025  0.384437  0.314043  0.771063  0.394326  0.245867  0.338635  0.349582  0.473845  0.772800  0.535689  0.477911  0.490910  0.515707  0.604933  0.367863  0.609309  0.380911  0.916148  0.403917  0.436115  0.452854  0.413156  0.533376  0.272379  0.400356  0.313733  0.513776  0.865975  0.311554  0.379831  0.311773  0.298654  0.309722  0.280890  0.444223  0.356784  0.446275  0.494810  0.433569  0.766257  0.622273  0.363655  0.234301  0.605775  0.362264  0.430767  0.441733  0.625729  0.801023  0.333168  0.490177  0.323221  0.439187  0.496074  0.723194  0.272105  0.440337  0.342275  0.387441  0.762863  0.420017  0.364662  0.752577  0.559150  0.430561  0.437204 
7  0.467737  0.861445  0.899943  0.372487  0.439683  0.706702  0.336568 0.0  0.670029  0.263928  0.446159  0.392215  0.368973  0.864902  0.423754  0.457328  0.728061  0.743088  0.184347  0.460158  0.235456  0.755393  0.316222  0.591091  0.675499  0.745897  0.213228  0.241081  0.224939  0.454243  0.363279  0.512409  0.350416  0.328768  0.897865  0.393443  0.306759  0.797338  0.437888  0.715095  0.809649  0.317979  0.500882  0.376038  0.728888  0.428726  0.399967  0.472743  0.312673  0.222808  0.336607  0.282781  0.408235  0.274146  0.649207  0.143111  0.346359  0.418854  0.544712  0.156072  0.304253  0.292142  0.248706  0.871821  0.375130  0.348446  0.452236  0.747964  0.775894  0.396414  0.401323  0.457386  0.283875  0.556658  0.436939  0.396758  0.421316  0.557152  0.315172  0.803189  0.169862  0.268502  0.774947  0.425221  0.437218  0.387734  0.509831  0.200422  0.711931  0.272464  0.246764  0.225840  0.583923  0.536632  0.354035  0.689830  0.222311  0.835626  0.334382  0.220721  0.361668  0.289250  0.383711  0.274565  0.428588  0.335142  0.158555  0.738258  0.344172  0.419011  0.335792  0.446196  0.535063  0.457866  0.416282  0.421228  0.518736  0.420472  0.526698  0.709278  0.351962  0.396807  0.355401  0.706224  0.343220  0.351981  0.370026  0.611958  0.901284  0.480437  0.206726  0.406468  0.531664  0.517442  0.825771  0.473462  0.219701  0.456285  0.285724  0.692813  0.192191  0.411294  0.649977  0.337845  0.399733  0.296695 
8  0.511071  0.884969  0.829363  0.564845  0.521248  0.508270  0.549048  0.670029 0.0  0.343114  0.510057  0.612579  0.493988  0.689897  0.229178  0.534527  0.776223  0.556747  0.490133  0.412738  0.587562  0.795657  0.498540  0.649537  0.738540  0.702474  0.488102  0.531741  0.437178  0.499931  0.412014  0.553544  0.578236  0.511555  0.853417  0.508873  0.618163  0.712530  0.569050  0.649785  0.769263  0.240148  0.475835  0.432391  0.659454  0.381608  0.459062  0.415013  0.505149  0.591844  0.476564  0.600004  0.411781  0.552611  0.468998  0.570869  0.501762  0.357291  0.491963  0.528084  0.350928  0.416933  0.507118  0.757860  0.508877  0.381926  0.389539  0.805061  0.784307  0.379157  0.590159  0.522850  0.595363  0.249235  0.565989  0.566839  0.477315  0.480368  0.555702  0.692551  0.543691  0.604035  0.785117  0.486262  0.510215  0.602546  0.534980  0.574849  0.763236  0.602174  0.640690  0.523130  0.487174  0.609678  0.377199  0.558175  0.488490  0.884014  0.597325  0.542879  0.424522  0.460673  0.613298  0.525298  0.500707  0.560287  0.558990  0.814230  0.473198  0.573144  0.442022  0.511619  0.328090  0.492825  0.586359  0.639468  0.502851  0.309874  0.571844  0.824547  0.600805  0.434187  0.525615  0.695402  0.465216  0.566585  0.492222  0.603541  0.792287  0.554278  0.491060  0.602257  0.474182  0.396393  0.783654  0.468712  0.588923  0.510441  0.514422  0.574305  0.518379  0.531158  0.600517  0.473476  0.568812  0.438656 
9  0.442310  0.857179  0.913156  0.400293  0.257958  0.612478  0.344452  0.263928  0.343114 0.0  0.567052  0.217722  0.300094  0.843222  0.419967  0.409525  0.688064  0.677879  0.360657  0.505534  0.351094  0.825822  0.297994  0.505525  0.853028  0.818975  0.227328  0.196505  0.290874  0.365854  0.283695  0.438554  0.394796  0.385471  0.785505  0.333328  0.316760  0.753296  0.379442  0.654087  0.744748  0.591752  0.398219  0.514921  0.785342  0.323564  0.495852  0.346711  0.190552  0.298387  0.475329  0.278182  0.392970  0.348508  0.581825  0.154822  0.274736  0.488548  0.534240  0.353426  0.342580  0.409790  0.276323  0.754744  0.312931  0.393629  0.356325  0.816203  0.846561  0.450353  0.433230  0.425109  0.325518  0.387724  0.352396  0.443770  0.386686  0.396941  0.270912  0.844397  0.352114  0.381842  0.678888  0.368352  0.325324  0.402533  0.498814  0.276592  0.572701  0.352705  0.222517  0.260384  0.623496  0.511425  0.377879  0.632736  0.237083  0.800891  0.311226  0.274630  0.302470  0.287637  0.337103  0.315631  0.336617  0.238603  0.350446  0.710533  0.317553  0.378082  0.416740  0.373733  0.456974  0.257896  0.361247  0.482875  0.518896  0.643679  0.355133  0.846562  0.360548  0.333650  0.400697  0.746952  0.460923  0.448739  0.358694  0.494421  0.822408  0.460620  0.166461  0.376028  0.561345  0.545439  0.788940  0.395097  0.376586  0.336200  0.326778  0.671366  0.247260  0.339616  0.662388  0.348032  0.320575  0.266520 
10  0.253925  0.759152  0.778952  0.349554  0.350033  0.728390  0.346639  0.446159  0.510057  0.567052 0.0  0.457807  0.458988  0.748069  0.517760  0.297383  0.661415  0.718658  0.400023  0.487121  0.403875  0.754025  0.496547  0.470296  0.778578  0.830459  0.535200  0.403818  0.449869  0.366631  0.440024  0.364363  0.375817  0.538688  0.790845  0.406464  0.511293  0.696205  0.396989  0.741001  0.824248  0.427840  0.235311  0.362534  0.822876  0.362067  0.458057  0.428221  0.438821  0.419759  0.422417  0.341564  0.319972  0.383190  0.549258  0.530805  0.600916  0.420258  0.596340  0.594325  0.414635  0.323951  0.430855  0.853919  0.452864  0.337843  0.244395  0.723809  0.915795  0.448765  0.411083  0.253571  0.496915  0.442060  0.504400  0.194497  0.332089  0.441658  0.204254  0.736147  0.510079  0.434221  0.770777  0.392597  0.407385  0.451597  0.430160  0.427811  0.584408  0.401347  0.438325  0.475352  0.548114  0.454995  0.361331  0.635467  0.386256  0.783555  0.469554  0.368836  0.434161  0.475693  0.671521  0.301172  0.330268  0.437486  0.431023  0.865981  0.291928  0.287848  0.419452  0.349430  0.210169  0.346921  0.379383  0.325681  0.520228  0.388665  0.437105  0.813162  0.560732  0.359592  0.397447  0.749629  0.295913  0.457837  0.334283  0.579812  0.823044  0.350889  0.413110  0.402765  0.601742  0.431226  0.748520  0.294010  0.568137  0.404889  0.426496  0.705393  0.507044  0.459243  0.669611  0.489236  0.413420  0.484877 
11  0.407132  0.811823  0.780458  0.437297  0.511616  0.752790  0.379730  0.392215  0.612579  0.217722  0.457807 0.0  0.349111  0.763399  0.509487  0.332952  0.755057  0.721490  0.342181  0.469659  0.353188  0.785386  0.191337  0.437745  0.737167  0.759339  0.264335  0.248256  0.201296  0.381174  0.123066  0.481732  0.318511  0.327600  0.801260  0.363108  0.244718  0.629029  0.471643  0.679093  0.695728  0.568608  0.461633  0.414047  0.651224  0.506655  0.309598  0.357452  0.282031  0.274783  0.460011  0.095187  0.417944  0.326886  0.641017  0.337721  0.200064  0.552552  0.426414  0.409046  0.332390  0.340393  0.217788  0.833900  0.346242  0.389638  0.321600  0.718946  0.780919  0.199072  0.448236  0.374439  0.396878  0.607606  0.166258  0.412992  0.441514  0.458475  0.220594  0.749333  0.407149  0.446531  0.798107  0.336907  0.271768  0.335619  0.314151  0.273709  0.563256  0.303322  0.228033  0.258768  0.653884  0.486095  0.444978  0.721799  0.435949  0.872342  0.316852  0.335242  0.274091  0.375516  0.406231  0.387142  0.360095  0.324543  0.297197  0.744023  0.321269  0.353186  0.304664  0.400688  0.430323  0.303218  0.282929  0.444101  0.333071  0.611016  0.329634  0.821894  0.310512  0.332175  0.408670  0.625130  0.434157  0.438782  0.259568  0.555134  0.863678  0.274897  0.303297  0.377091  0.532238  0.449175  0.793170  0.398838  0.227157  0.387135  0.300509  0.501889  0.323035  0.546632  0.748640  0.184886  0.285611  0.267667 
12  0.362292  0.905831  0.672725  0.438585  0.319404  0.616559  0.391352  0.368973  0.493988  0.300094  0.458988  0.349111 0.0  0.785022  0.507213  0.373278  0.651302  0.648599  0.227469  0.488695  0.421391  0.807933  0.273501  0.516332  0.612056  0.781647  0.251894  0.256397  0.230993  0.438135  0.285131  0.348153  0.324172  0.388254  0.763069  0.313002  0.467400  0.695092  0.266470  0.765614  0.611107  0.425863  0.371939  0.328525  0.662953  0.339537  0.296593  0.410032  0.395572  0.297571  0.475645  0.285873  0.448138  0.417181  0.547664  0.296677  0.256649  0.436128  0.542992  0.320370  0.366721  0.310539  0.271761  0.881331  0.372227  0.400616  0.332706  0.772826  0.788963  0.451695  0.324146  0.405861  0.391627  0.439441  0.268582  0.397412  0.506537  0.455556  0.241578  0.824561  0.330270  0.419064  0.834733  0.392334  0.178821  0.303893  0.366075  0.334412  0.732839  0.426780  0.328774  0.486019  0.586371  0.472693  0.301032  0.773487  0.307675  0.795817  0.322425  0.403945  0.391748  0.355613  0.439522  0.257382  0.302412  0.382010  0.334479  0.692522  0.355948  0.352280  0.340795  0.362012  0.481246  0.330599  0.396948  0.372585  0.453950  0.479762  0.406203  0.803629  0.482073  0.371876  0.399332  0.696407  0.409436  0.360127  0.294876  0.556125  0.768318  0.291507  0.315942  0.216683  0.578395  0.532848  0.723061  0.404153  0.302548  0.338161  0.299824  0.827155  0.264696  0.467188  0.746434  0.464773  0.404287  0.394163 
13  0.717476  0.695603  0.878580  0.779605  0.780598  0.775390  0.828693  0.864902  0.689897  0.843222  0.748069  0.763399  0.785022 0.0  0.753836  0.760979  0.725299  0.674198  0.742458  0.556308  0.750261  0.732290  0.810133  0.655954  0.667675  0.727042  0.810810  0.821352  0.880694  0.763128  0.779952  0.660580  0.782298  0.860253  0.754934  0.807191  0.869985  0.725726  0.812262  0.690334  0.706139  0.825532  0.725402  0.796087  0.386962  0.818091  0.797969  0.821349  0.807043  0.736046  0.741356  0.852106  0.785273  0.789555  0.686709  0.738649  0.843191  0.660707  0.622649  0.825424  0.708566  0.767419  0.835739  0.694002  0.673766  0.794351  0.827287  0.792243  0.712231  0.578867  0.740322  0.739876  0.788639  0.799812  0.946595  0.633782  0.798269  0.831899  0.741529  0.747000  0.774923  0.835336  0.695497  0.673347  0.794043  0.749831  0.605064  0.824134  0.817309  0.773242  0.841432  0.718591  0.717132  0.625159  0.949423  0.664602  0.740809  0.809112  0.827272  0.753076  0.700441  0.843759  0.906683  0.889524  0.873013  0.869317  0.820371  0.739849  0.705063  0.759371  0.657574  0.780007  0.781698  0.668712  0.716948  0.812196  0.569834  0.780162  0.712438  0.729578  0.822373  0.724541  0.744076  0.708177  0.716552  0.695847  0.864196  0.710373  0.536966  0.760947  0.854835  0.771336  0.731663  0.652428  0.931550  0.741552  0.826665  0.706133  0.804988  0.630928  0.774104  0.770608  0.676776  0.760994  0.872436  0.720853 
14  0.374735  0.958889  0.862297  0.477423  0.500769  0.506166  0.481496  0.423754  0.229178  0.419967  0.517760  0.509487  0.507213  0.753836 0.0  0.489890  0.775899  0.629366  0.490633  0.364671  0.601202  0.770930  0.529862  0.535918  0.812904  0.751588  0.437699  0.530402  0.492558  0.530113  0.517188  0.516577  0.535914  0.613293  0.934141  0.392183  0.565087  0.853631  0.509146  0.702474  0.793355  0.218157  0.409050  0.432302  0.777434  0.485452  0.570127  0.469223  0.547167  0.639872  0.520475  0.406115  0.310118  0.520861  0.496607  0.525859  0.428853  0.372698  0.583317  0.520499  0.388407  0.499152  0.448119  0.944909  0.453512  0.425848  0.418727  0.803626  0.687201  0.355725  0.509852  0.460800  0.560072  0.274664  0.487702  0.474480  0.527346  0.362344  0.464667  0.719534  0.542524  0.478537  0.749234  0.508423  0.373233  0.484594  0.439747  0.455895  0.667028  0.483539  0.573695  0.547615  0.454131  0.555381  0.376958  0.592560  0.487378  0.915139  0.503002  0.528062  0.466309  0.640539  0.569553  0.553690  0.399485  0.516736  0.366931  0.771977  0.396927  0.559954  0.475854  0.483321  0.543514  0.437213  0.554762  0.386391  0.574753  0.332532  0.488280  0.763781  0.572925  0.462492  0.512087  0.643204  0.515389  0.394449  0.407753  0.497393  0.714048  0.627553  0.542732  0.486320  0.539301  0.477856  0.765859  0.382886  0.509801  0.410450  0.512820  0.745576  0.523850  0.468352  0.699415  0.550224  0.620266  0.450392 
15  0.382240  0.731756  0.729964  0.451217  0.342108  0.745589  0.274888  0.457328  0.534527  0.409525  0.297383  0.332952  0.373278  0.760979  0.489890 0.0  0.690032  0.616019  0.409197  0.524422  0.188304  0.785111  0.336886  0.488050  0.798133  0.744843  0.372988  0.296810  0.327173  0.451463  0.360101  0.249653  0.383361  0.423996  0.844690  0.195270  0.357855  0.721319  0.278612  0.835388  0.676230  0.456871  0.337184  0.395123  0.739073  0.327750  0.187842  0.428286  0.285186  0.492117  0.365699  0.302303  0.254627  0.338155  0.694829  0.483063  0.498366  0.481734  0.651058  0.491136  0.247234  0.344080  0.258136  0.753205  0.465865  0.390360  0.382658  0.726238  0.867357  0.415243  0.260324  0.320715  0.495486  0.441952  0.457879  0.355594  0.317885  0.368001  0.246347  0.768644  0.470661  0.398602  0.637247  0.248237  0.258813  0.192608  0.380995  0.422907  0.631675  0.414949  0.382784  0.347115  0.700706  0.525440  0.385051  0.632066  0.368999  0.874655  0.433871  0.414444  0.372591  0.365691  0.462351  0.414506  0.177613  0.437526  0.403289  0.741543  0.441037  0.274482  0.178577  0.315619  0.320802  0.379221  0.514074  0.299589  0.566074  0.557934  0.228920  0.729800  0.511952  0.312886  0.319982  0.610569  0.316551  0.335739  0.200136  0.562683  0.776855  0.251896  0.477619  0.169989  0.456773  0.461903  0.688000  0.421688  0.474054  0.456278  0.435024  0.602303  0.415618  0.387611  0.635940  0.378775  0.409552  0.360845 
16  0.763805  0.724510  0.788175  0.758741  0.771094  0.786160  0.745160  0.728061  0.776223  0.688064  0.661415  0.755057  0.651302  0.725299  0.775899  0.690032 0.0  0.601598  0.760292  0.735016  0.700579  0.657787  0.554520  0.662242  0.676538  0.660235  0.750111  0.724545  0.670778  0.792354  0.714481  0.769074  0.712923  0.842535  0.704427  0.703552  0.840309  0.550942  0.715561  0.731959  0.601159  0.835609  0.755076  0.858553  0.677388  0.640859  0.672243  0.811388  0.734942  0.678804  0.717210  0.740748  0.786555  0.817379  0.621421  0.800291  0.650164  0.753201  0.494838  0.819959  0.725844  0.678639  0.698671  0.729065  0.723519  0.707824  0.770621  0.778443  0.590980  0.528124  0.678272  0.821730  0.767440  0.747317  0.939506  0.811480  0.721208  0.712667  0.750951  0.724970  0.768132  0.828371  0.735593  0.668563  0.659020  0.742092  0.531307  0.792173  0.384423  0.703995  0.803743  0.848070  0.760357  0.451312  0.817790  0.657499  0.681789  0.554906  0.793044  0.737431  0.676747  0.731991  0.875525  0.707030  0.703968  0.703273  0.633491  0.546742  0.787261  0.685793  0.678373  0.729670  0.737225  0.667207  0.698363  0.721617  0.398803  0.745458  0.782617  0.617257  0.792442  0.763386  0.764204  0.611806  0.660895  0.764782  0.651128  0.750341  0.717906  0.758559  0.671810  0.683731  0.610358  0.658558  0.721882  0.693029  0.711228  0.695534  0.809790  0.623974  0.694461  0.774871  0.731527  0.706745  0.760399  0.608935 
17  0.695454  0.670547  0.758367  0.558785  0.526837  0.638790  0.603455  0.743088  0.556747  0.677879  0.718658  0.721490  0.648599  0.674198  0.629366  0.616019  0.601598 0.0  0.701212  0.621652  0.650415  0.522570  0.679202  0.497153  0.601883  0.586473  0.672687  0.608343  0.727147  0.549697  0.593227  0.797062  0.654243  0.625981  0.682655  0.691614  0.666663  0.535713  0.685816  0.665193  0.487156  0.689608  0.607517  0.630840  0.542357  0.731164  0.559833  0.719815  0.628805  0.609759  0.685425  0.618754  0.676874  0.668888  0.576142  0.649413  0.595882  0.643519  0.407409  0.697347  0.666181  0.668210  0.573010  0.643619  0.661223  0.725229  0.604312  0.566213  0.536260  0.613534  0.613493  0.690926  0.620530  0.682781  0.633055  0.759840  0.663309  0.635446  0.646282  0.623484  0.642769  0.733660  0.619629  0.591062  0.700811  0.558688  0.571162  0.622385  0.610353  0.598215  0.710026  0.714652  0.568094  0.543772  0.656043  0.656091  0.629736  0.583866  0.666526  0.652235  0.646338  0.703537  0.745517  0.650141  0.523718  0.638593  0.631837  0.679746  0.679569  0.717515  0.615187  0.620094  0.614235  0.645097  0.543123  0.673457  0.439667  0.561299  0.704954  0.534299  0.759767  0.583659  0.666896  0.603779  0.763146  0.631680  0.545100  0.557025  0.540570  0.614702  0.690917  0.657955  0.591817  0.517015  0.488198  0.719829  0.799471  0.659625  0.620041  0.503222  0.679096  0.712002  0.653887  0.625081  0.681174  0.610720 
18  0.289813  0.882851  0.937208  0.266374  0.379713  0.589659  0.416533  0.184347  0.490133  0.360657  0.400023  0.342181  0.227469  0.742458  0.490633  0.409197  0.760292  0.701212 0.0  0.568459  0.346936  0.835973  0.395233  0.523091  0.747070  0.749721  0.251009  0.374404  0.465528  0.415462  0.302412  0.392536  0.339535  0.381606  0.887793  0.296087  0.393609  0.715963  0.414015  0.746700  0.830723  0.471891  0.291409  0.311850  0.831639  0.278694  0.313054  0.329639  0.419605  0.323295  0.242716  0.406306  0.211574  0.287998  0.571027  0.321138  0.366956  0.392528  0.561183  0.373635  0.355103  0.285994  0.381281  0.783910  0.350081  0.313571  0.421474  0.869632  0.738923  0.473799  0.406519  0.423656  0.430214  0.433682  0.500230  0.428996  0.408541  0.465425  0.365599  0.856191  0.311656  0.274665  0.759508  0.340017  0.341429  0.390118  0.383242  0.392951  0.752410  0.337242  0.315917  0.319751  0.557147  0.566712  0.363910  0.656295  0.221369  0.781224  0.283627  0.266062  0.461297  0.233695  0.490571  0.333173  0.479330  0.291295  0.277077  0.738913  0.303727  0.427562  0.427837  0.383845  0.453352  0.445135  0.465166  0.330390  0.491994  0.465964  0.351402  0.880323  0.358035  0.491891  0.410443  0.719501  0.471455  0.279392  0.295140  0.504657  0.871539  0.370272  0.375939  0.269066  0.583384  0.560543  0.827878  0.443574  0.357261  0.440044  0.384023  0.783907  0.308684  0.412924  0.782714  0.441621  0.317714  0.316486 
19  0.478990  0.741842  0.814384  0.503762  0.577771  0.266888  0.487513  0.460158  0.412738  0.505534  0.487121  0.469659  0.488695  0.556308  0.364671  0.524422  0.735016  0.621652  0.568459 0.0  0.535981  0.691433  0.449345  0.532999  0.704702  0.719343  0.495936  0.473184  0.480353  0.434799  0.536859  0.506806  0.438066  0.510594  0.693829  0.527746  0.451637  0.664772  0.564676  0.685672  0.761521  0.403254  0.492042  0.439454  0.694751  0.481372  0.526425  0.501693  0.536203  0.485115  0.454093  0.561673  0.432117  0.566223  0.410727  0.486679  0.478497  0.453415  0.515913  0.473556  0.454226  0.451016  0.532697  0.664641  0.441824  0.360067  0.489611  0.647774  0.724096  0.390346  0.475397  0.457143  0.495712  0.373595  0.462682  0.397497  0.469495  0.484034  0.592545  0.748417  0.522410  0.532710  0.637843  0.564176  0.565661  0.529122  0.443674  0.593896  0.631150  0.537358  0.521376  0.470685  0.367754  0.505693  0.489574  0.252670  0.556925  0.734906  0.499201  0.471274  0.493744  0.554134  0.629100  0.479650  0.463416  0.494440  0.479427  0.743969  0.456301  0.616352  0.459975  0.460612  0.512787  0.456988  0.479676  0.479796  0.537734  0.477182  0.507495  0.763435  0.571595  0.416057  0.508016  0.561827  0.452825  0.539142  0.492271  0.458935  0.683131  0.444530  0.466464  0.460008  0.444002  0.449109  0.600701  0.487993  0.524392  0.481023  0.535843  0.484085  0.473394  0.559301  0.715473  0.513490  0.643927  0.539267 
20  0.357151  0.894415  0.781063  0.306279  0.422071  0.625865  0.297798  0.235456  0.587562  0.351094  0.403875  0.353188  0.421391  0.750261  0.601202  0.188304  0.700579  0.650415  0.346936  0.535981 0.0  0.671610  0.366094  0.467081  0.735118  0.782416  0.476535  0.402466  0.419840  0.364931  0.311338  0.365616  0.214840  0.408624  0.757188  0.227708  0.380045  0.655271  0.233356  0.703889  0.626118  0.427390  0.310294  0.241620  0.761603  0.353265  0.291960  0.310458  0.319165  0.427882  0.376930  0.327546  0.212579  0.272103  0.537246  0.461332  0.340859  0.452099  0.459341  0.388587  0.437523  0.301817  0.354307  0.796614  0.424659  0.174193  0.349057  0.704131  0.679357  0.468494  0.288716  0.415386  0.290191  0.538475  0.422471  0.209740  0.417978  0.354492  0.220803  0.763039  0.336962  0.292013  0.647049  0.297569  0.178014  0.297035  0.405348  0.418676  0.652453  0.394147  0.362598  0.457750  0.567335  0.483063  0.293092  0.636186  0.388482  0.811977  0.314987  0.300826  0.316573  0.385376  0.501802  0.391241  0.270487  0.368130  0.388260  0.719152  0.377997  0.353513  0.195953  0.356303  0.350609  0.248520  0.447839  0.357467  0.381301  0.483151  0.203469  0.696124  0.409760  0.354854  0.324575  0.690003  0.444765  0.147658  0.299020  0.350870  0.765513  0.177795  0.359545  0.214025  0.569786  0.486979  0.777287  0.316203  0.375038  0.294396  0.377324  0.752407  0.438995  0.436566  0.753942  0.285253  0.399805  0.437174 
21  0.829786  0.578218  0.590344  0.828031  0.784441  0.757797  0.810212  0.755393  0.795657  0.825822  0.754025  0.785386  0.807933  0.732290  0.770930  0.785111  0.657787  0.522570  0.835973  0.691433  0.671610 0.0  0.685463  0.512737  0.758105  0.679200  0.755942  0.751190  0.754926  0.737401  0.774719  0.841035  0.696480  0.894748  0.133552  0.789143  0.663395  0.655890  0.783384  0.453748  0.730012  0.689812  0.805628  0.802975  0.597711  0.766715  0.757082  0.766145  0.699435  0.678233  0.800567  0.800021  0.704203  0.732830  0.668491  0.752349  0.780926  0.667777  0.548732  0.817010  0.770528  0.807086  0.792586  0.748209  0.802118  0.728534  0.711501  0.350360  0.640075  0.606455  0.839871  0.827265  0.753658  0.779545  0.749795  0.791619  0.784858  0.836995  0.725296  0.500333  0.760108  0.760345  0.796399  0.727095  0.842094  0.778786  0.617211  0.793393  0.503952  0.784625  0.794791  0.702006  0.819631  0.555386  0.713492  0.849303  0.744411  0.512970  0.838273  0.857990  0.686571  0.706465  0.937001  0.808377  0.755054  0.764265  0.888756  0.643663  0.750491  0.793410  0.700377  0.766366  0.738008  0.760993  0.707797  0.843138  0.644818  0.759071  0.747596  0.345940  0.782854  0.786632  0.834757  0.524195  0.812693  0.728263  0.752448  0.774460  0.635479  0.808555  0.766275  0.656220  0.737980  0.738216  0.754054  0.723024  0.744003  0.816311  0.786049  0.601894  0.809365  0.846418  0.735937  0.758872  0.863081  0.678186 
22  0.497107  0.704921  0.834332  0.275266  0.418208  0.674578  0.362423  0.316222  0.498540  0.297994  0.496547  0.191337  0.273501  0.810133  0.529862  0.336886  0.554520  0.679202  0.395233  0.449345  0.366094  0.685463 0.0  0.472903  0.694534  0.749721  0.238218  0.254530  0.105281  0.439034  0.302268  0.568770  0.342289  0.402105  0.859495  0.351734  0.239055  0.780527  0.426083  0.792131  0.641482  0.438221  0.462498  0.528878  0.818506  0.424293  0.385062  0.483696  0.239908  0.329768  0.355803  0.305652  0.380840  0.309590  0.555227  0.227075  0.253327  0.436931  0.543648  0.260224  0.318798  0.287042  0.208429  0.752491  0.282423  0.496111  0.434362  0.654537  0.812773  0.359672  0.471268  0.474385  0.359067  0.585419  0.309805  0.340606  0.516270  0.462311  0.316577  0.744790  0.346697  0.245430  0.662705  0.395744  0.307983  0.282758  0.416165  0.238725  0.709536  0.229853  0.334866  0.291565  0.686490  0.547366  0.365150  0.636414  0.261010  0.725851  0.412983  0.194068  0.281417  0.201077  0.230861  0.343347  0.457432  0.320718  0.360047  0.705616  0.371247  0.425696  0.296475  0.344588  0.419830  0.460757  0.359650  0.447378  0.478453  0.473756  0.465932  0.753535  0.302518  0.406819  0.402840  0.675844  0.513158  0.420017  0.262323  0.494067  0.836381  0.365781  0.183901  0.307069  0.558227  0.477746  0.795462  0.431798  0.262340  0.336207  0.306581  0.609070  0.177721  0.414276  0.696597  0.221785  0.259595  0.318397 
23  0.686008  0.469164  0.428618  0.632941  0.523166  0.580448  0.474879  0.591091  0.649537  0.505525  0.470296  0.437745  0.516332  0.655954  0.535918  0.488050  0.662242  0.497153  0.523091  0.532999  0.467081  0.512737  0.472903 0.0  0.567864  0.475537  0.622904  0.564889  0.493073  0.613546  0.509480  0.672995  0.445636  0.400119  0.498317  0.456178  0.407199  0.425130  0.572563  0.481990  0.599287  0.533893  0.619893  0.537288  0.519584  0.555716  0.380585  0.619722  0.528470  0.544498  0.503440  0.498392  0.563726  0.550001  0.476112  0.631669  0.451051  0.567440  0.458758  0.501349  0.611606  0.439171  0.578816  0.539391  0.547091  0.663131  0.556986  0.445198  0.520127  0.513298  0.559839  0.492676  0.564301  0.486986  0.489150  0.587624  0.546730  0.623640  0.444881  0.419724  0.534613  0.572370  0.550523  0.533720  0.437536  0.459879  0.591844  0.488396  0.542779  0.470093  0.433400  0.679454  0.675973  0.454525  0.580311  0.598411  0.577899  0.527020  0.567965  0.433503  0.458220  0.549084  0.587525  0.455243  0.473189  0.519755  0.570227  0.582496  0.505286  0.418598  0.369474  0.545168  0.585092  0.452337  0.459885  0.599614  0.425288  0.655818  0.407185  0.429566  0.516705  0.443746  0.572551  0.381259  0.591721  0.488689  0.382647  0.571500  0.414803  0.382316  0.482934  0.392569  0.592047  0.498023  0.629445  0.474198  0.542439  0.496112  0.585139  0.471897  0.622829  0.524112  0.544457  0.457667  0.573567  0.419232 
24  0.693341  0.811183  0.703497  0.856975  0.713025  0.693134  0.689979  0.675499  0.738540  0.853028  0.778578  0.737167  0.612056  0.667675  0.812904  0.798133  0.676538  0.601883  0.747070  0.704702  0.735118  0.758105  0.694534  0.567864 0.0  0.328983  0.809242  0.787931  0.756274  0.682399  0.780830  0.749271  0.721201  0.824787  0.747067  0.835040  0.805419  0.578206  0.606067  0.721819  0.540881  0.640532  0.706900  0.742143  0.672783  0.722788  0.842680  0.655275  0.706118  0.756933  0.741875  0.812039  0.669384  0.721788  0.679537  0.763226  0.808473  0.569950  0.486475  0.831759  0.704983  0.783540  0.718476  0.718991  0.829165  0.759348  0.735347  0.742572  0.819408  0.671478  0.666852  0.767323  0.734685  0.621425  0.926873  0.774880  0.729253  0.807623  0.672880  0.755512  0.768978  0.746902  0.676331  0.833324  0.808628  0.793741  0.590577  0.749302  0.620175  0.910383  0.850068  0.823820  0.729164  0.518152  0.713283  0.734072  0.751245  0.676377  0.776534  0.826636  0.818064  0.766034  0.921210  0.734739  0.770439  0.750557  0.742043  0.810383  0.755228  0.865840  0.697038  0.747063  0.834861  0.787052  0.798367  0.783010  0.511753  0.640816  0.770852  0.838637  0.754384  0.674388  0.903133  0.585578  0.825895  0.900500  0.692136  0.644244  0.766434  0.836165  0.814450  0.838993  0.626473  0.715499  0.703306  0.690317  0.836456  0.828250  0.846132  0.364629  0.879530  0.799873  0.631561  0.878148  0.857953  0.731396 
25  0.744519  0.709774  0.722252  0.887426  0.847870  0.751654  0.726256  0.745897  0.702474  0.818975  0.830459  0.759339  0.781647  0.727042  0.751588  0.744843  0.660235  0.586473  0.749721  0.719343  0.782416  0.679200  0.749721  0.475537  0.328983 0.0  0.804210  0.769260  0.716255  0.824923  0.732821  0.748012  0.667295  0.806412  0.856410  0.784459  0.870815  0.359007  0.777935  0.759986  0.508577  0.788038  0.781362  0.777302  0.724422  0.701748  0.683924  0.748087  0.711275  0.810726  0.710762  0.728686  0.777431  0.781875  0.799665  0.741529  0.754263  0.608869  0.459334  0.729309  0.642375  0.616368  0.936567  0.847585  0.791538  0.807922  0.788458  0.706346  0.706800  0.636022  0.674923  0.708855  0.846132  0.765541  0.743916  0.682286  0.786941  0.732791  0.845975  0.668460  0.805673  0.746844  0.755019  0.711703  0.762629  0.787766  0.661858  0.785008  0.516128  0.818760  0.757598  0.874627  0.734220  0.485280  0.702434  0.748247  0.769262  0.679678  0.772036  0.670433  0.707597  0.812323  0.862902  0.742518  0.791347  0.713354  0.751513  0.704197  0.758577  0.763425  0.738439  0.780711  0.842656  0.803803  0.785752  0.787899  0.422349  0.768623  0.794918  0.707173  0.798184  0.731973  0.816242  0.608823  0.808335  0.743654  0.846559  0.750896  0.659915  0.744468  0.821306  0.702130  0.690987  0.696831  0.842603  0.791422  0.771153  0.809371  0.640366  0.376823  0.793573  0.791081  0.819851  0.641251  0.696055  0.661907 
26  0.400701  0.878759  0.831636  0.409386  0.479513  0.564408  0.416496  0.213228  0.488102  0.227328  0.535200  0.264335  0.251894  0.810810  0.437699  0.372988  0.750111  0.672687  0.251009  0.495936  0.476535  0.755942  0.238218  0.622904  0.809242  0.804210 0.0  0.246855  0.301932  0.553067  0.342405  0.417557  0.479906  0.386088  0.894455  0.463014  0.275767  0.766887  0.497003  0.790299  0.851270  0.414177  0.519109  0.432057  0.828345  0.484344  0.345526  0.373039  0.353030  0.314469  0.263914  0.383563  0.418383  0.283442  0.518378  0.182562  0.344708  0.364544  0.539968  0.198677  0.395014  0.436512  0.238464  0.953753  0.179670  0.408216  0.468113  0.899922  0.723592  0.447702  0.575309  0.523695  0.440684  0.587055  0.394967  0.474476  0.405508  0.460782  0.366052  0.927971  0.242670  0.251567  0.715388  0.394296  0.344532  0.412377  0.419387  0.318423  0.742868  0.233727  0.247451  0.318407  0.510640  0.581474  0.392019  0.609353  0.223793  0.829014  0.316253  0.231799  0.465921  0.232847  0.468115  0.377861  0.393422  0.375120  0.219196  0.783265  0.305663  0.491846  0.442906  0.462932  0.550226  0.468329  0.463975  0.506728  0.500596  0.422725  0.384439  0.809175  0.386853  0.416800  0.475317  0.736876  0.465660  0.375977  0.484872  0.516799  0.822656  0.396148  0.221000  0.429050  0.445724  0.553964  0.759433  0.441032  0.255219  0.333697  0.301585  0.568213  0.167394  0.432561  0.711207  0.296458  0.270128  0.421882 
