146
0 0.0  0.930852  0.826065  0.101520  0.383608  0.642514  0.326977  0.342044  0.492608  0.436896  0.332091  0.457056  0.297548  0.787476  0.470385  0.290219  0.746456  0.604876  0.275331  0.525739  0.234163  0.786709  0.477844  0.480990  0.663044  0.742555  0.419083  0.374723  0.436397  0.369531  0.489909  0.417970  0.459525  0.427774  0.965958  0.424078  0.495595  0.721467  0.393788  0.702923  0.747568  0.366806  0.282500  0.304269  0.800614  0.348803  0.414375  0.272030  0.444866  0.486696  0.241026  0.423807  0.156232  0.511631  0.587801  0.477785  0.440007  0.348682  0.577980  0.379504  0.353735  0.408201  0.476630  0.864176  0.408831  0.263844  0.242064  0.794462  0.696067  0.422773  0.279220  0.446249  0.470562  0.323773  0.552604  0.252247  0.334219  0.439150  0.359413  0.704634  0.383147  0.416851  0.796251  0.364307  0.364870  0.481044  0.450739  0.392720  0.635505  0.434691  0.610308  0.486585  0.543098  0.601644  0.180218  0.509761  0.512718  0.741059  0.298720  0.380406  0.405573  0.358092  0.540686  0.394941  0.291109  0.337990  0.320245  0.767671  0.320315  0.400475  0.400691  0.299996  0.293280  0.128400  0.537091  0.263770  0.482006  0.409412  0.392341  0.823999  0.520936  0.404216  0.334906  0.783032  0.196061  0.343320  0.394835  0.463410  0.674751  0.451236  0.448738  0.342852  0.421832  0.505577  0.724136  0.251675  0.365131  0.394129  0.461234  0.672194  0.425137  0.311652  0.645584  0.524250  0.517326  0.420670 
1  0.930852 0.0  0.232944  0.809055  0.843035  0.872144  0.806252  0.853535  0.748681  0.829611  0.826694  0.736068  0.766906  0.710264  0.830880  0.860725  0.607932  0.552901  0.871520  0.672294  0.763015  0.617775  0.772805  0.442652  0.655058  0.661807  0.816657  0.801751  0.862320  0.683860  0.823722  0.985693  0.821681  0.816103  0.527739  0.650906  0.769555  0.664167  0.821183  0.269913  0.746739  0.837278  0.878856  0.881196  0.553245  0.791963  0.690254  0.871849  0.719889  0.746253  0.875733  0.866972  0.806005  0.881085  0.845701  0.916983  0.756024  0.702353  0.505960  0.906123  0.898120  0.745943  0.790717  0.906423  0.846371  0.848705  0.932966  0.390621  0.800629  0.553461  0.838109  0.818744  0.811995  0.798552  0.872971  0.831987  0.936174  1.000000  0.694948  0.460311  0.872251  0.882740  0.710257  0.704189  0.794062  0.834890  0.593531  0.873662  0.612938  0.753445  0.858875  0.698495  0.834476  0.493922  0.798635  0.873224  0.840616  0.460190  0.866788  0.780285  0.768985  0.765779  0.864999  0.832810  0.718442  0.844332  0.803938  0.709046  0.844470  0.723041  0.714361  0.886022  0.898664  0.874859  0.699126  0.917076  0.496909  0.832077  0.809413  0.488962  0.817045  0.954468  0.862715  0.388972  0.797560  0.737507  0.813056  0.685172  0.674091  0.775780  0.766526  0.774916  0.741327  0.660542  0.773997  0.838994  0.876546  0.781595  0.824538  0.624510  0.937530  0.853828  0.647857  0.803412  0.816537  0.706726 
2  0.826065  0.232944 0.0  0.835477  0.850235  0.820356  0.718412  0.874752  0.756629  0.825146  0.733809  0.742123  0.852420  0.757644  0.892948  0.825031  0.766207  0.639277  0.700021  0.779803  0.829032  0.538590  0.761508  0.470013  0.801874  0.841695  0.788891  0.802531  0.855808  0.713886  0.801571  0.826235  0.797867  0.818161  0.489228  0.745125  0.776895  0.691654  0.829939  0.335258  0.719258  0.867020  0.796870  0.861146  0.602707  0.816867  0.771620  0.814555  0.787649  0.941468  0.706842  0.738633  0.989629  0.766102  0.763256  0.774017  0.811182  0.693530  0.472047  0.792659  0.754335  0.741884  0.825588  0.777666  0.903594  0.826393  0.752598  0.439711  0.693200  0.678538  0.746187  0.725714  0.680700  0.868817  0.854301  0.885469  0.825321  0.753429  0.615185  0.430932  0.791934  0.821585  0.719834  0.716983  0.748677  0.793507  0.654691  0.806099  0.641446  0.827161  0.780921  0.785438  0.845493  0.426327  0.772601  0.696882  0.794544  0.387558  0.791463  0.940062  0.747604  0.809675  0.845045  0.942579  0.797905  0.886193  0.783977  0.680826  0.798257  0.676931  0.715289  0.751254  0.799159  0.866764  0.736546  0.765151  0.547745  0.824475  0.841534  0.507157  0.898677  0.717541  0.858771  0.424424  0.868859  0.827375  0.730371  0.707794  0.835452  0.799926  0.857772  0.763286  0.741246  0.816091  0.748622  0.805188  0.756263  0.735816  0.721260  0.627942  0.850134  0.851320  0.691798  0.809105  0.772632  0.662227 
3  0.101520  0.809055  0.835477 0.0  0.445189  0.657282  0.146653  0.403217  0.486669  0.392554  0.302619  0.470934  0.410415  0.705362  0.323273  0.374279  0.675063  0.621802  0.322927  0.451138  0.331619  0.674761  0.431724  0.549172  0.654824  0.852948  0.387586  0.379133  0.304996  0.384570  0.404407  0.465030  0.356007  0.538840  0.883274  0.367722  0.430167  0.719940  0.430252  0.746369  0.744417  0.272970  0.282303  0.112380  0.873959  0.427617  0.341951  0.220979  0.491915  0.572913  0.254419  0.417123  0.295833  0.296612  0.524995  0.421493  0.373695  0.313630  0.536350  0.390719  0.296509  0.254738  0.475645  0.899532  0.376486  0.242492  0.128033  0.802743  0.824910  0.398259  0.231025  0.333411  0.490838  0.509277  0.479712  0.205481  0.448651  0.395125  0.413186  0.797255  0.339666  0.479863  0.743343  0.423057  0.347841  0.432183  0.438458  0.469727  0.710008  0.407104  0.523826  0.483193  0.495138  0.537816  0.251019  0.511069  0.363835  0.861827  0.314265  0.359319  0.446942  0.378788  0.638018  0.478732  0.391071  0.437163  0.295439  0.749895  0.326314  0.379950  0.385572  0.367096  0.389448  0.421282  0.521194  0.338905  0.599825  0.309675  0.410935  0.735150  0.375960  0.272863  0.377296  0.666993  0.312416  0.285502  0.346991  0.527534  0.787622  0.367334  0.463357  0.258479  0.492066  0.428104  0.835338  0.411456  0.414168  0.479925  0.342916  0.694576  0.396515  0.336561  0.664404  0.440016  0.425568  0.218153 
4  0.383608  0.843035  0.850235  0.445189 0.0  0.659211  0.401285  0.399402  0.462747  0.353136  0.314634  0.513206  0.372735  0.778095  0.496940  0.303108  0.631998  0.626141  0.464461  0.413459  0.216069  0.807192  0.475692  0.476416  0.742577  0.750661  0.459082  0.448759  0.483270  0.285026  0.432915  0.394816  0.362883  0.472047  0.791213  0.347068  0.420692  0.730401  0.254359  0.753485  0.727909  0.339730  0.241173  0.390300  0.693896  0.419284  0.384461  0.443476  0.341286  0.402503  0.275297  0.442212  0.304688  0.330510  0.499858  0.420282  0.480968  0.413358  0.543316  0.413072  0.496259  0.405361  0.415752  0.728979  0.490264  0.405657  0.443175  0.861995  0.776437  0.440579  0.428538  0.244653  0.430496  0.378494  0.579985  0.280230  0.260277  0.329639  0.296666  0.752330  0.307966  0.380794  0.762772  0.423686  0.311367  0.480719  0.482183  0.400911  0.756420  0.473834  0.561603  0.522532  0.607981  0.539821  0.422153  0.645516  0.322976  0.837617  0.428327  0.527755  0.423677  0.415899  0.549536  0.431041  0.369245  0.465204  0.448386  0.784166  0.325652  0.282278  0.452818  0.283981  0.261989  0.263456  0.437498  0.222884  0.582337  0.363677  0.300400  0.717475  0.414684  0.274005  0.303002  0.668125  0.308080  0.453864  0.378971  0.387109  0.725991  0.359086  0.447613  0.377059  0.502943  0.385939  0.752817  0.281948  0.505263  0.496829  0.420960  0.711379  0.476351  0.288904  0.740895  0.354881  0.584771  0.424567 
5  0.642514  0.872144  0.820356  0.657282  0.659211 0.0  0.601919  0.689338  0.584411  0.809202  0.735149  0.613669  0.633884  0.713500  0.572267  0.649392  0.705893  0.603533  0.677820  0.251843  0.675009  0.821683  0.656332  0.664020  0.601055  0.762161  0.648278  0.779760  0.704491  0.642077  0.700568  0.547165  0.738271  0.724923  0.821748  0.701278  0.638179  0.632782  0.551315  0.728127  0.792288  0.468752  0.559211  0.621997  0.720983  0.573900  0.667587  0.546676  0.603595  0.624950  0.702652  0.714448  0.517372  0.668692  0.581976  0.754369  0.760566  0.398532  0.566768  0.678826  0.594094  0.568885  0.724758  0.715443  0.656088  0.538937  0.633970  0.778834  0.726369  0.369394  0.680819  0.563556  0.730887  0.469699  0.720907  0.690639  0.675606  0.552410  0.661011  0.820342  0.714282  0.725562  0.656168  0.713710  0.579691  0.735463  0.429254  0.652969  0.589748  0.725552  0.697046  0.734142  0.146392  0.492656  0.447436  0.225540  0.675708  0.764857  0.661685  0.701623  0.646262  0.613645  0.858691  0.649723  0.712477  0.590753  0.546954  0.745784  0.548566  0.599831  0.628623  0.630879  0.585767  0.537256  0.676489  0.676959  0.557790  0.462031  0.786504  0.721550  0.748340  0.735627  0.626527  0.716943  0.602506  0.700113  0.674626  0.444231  0.757503  0.653053  0.721983  0.612160  0.450780  0.452137  0.810655  0.585897  0.757152  0.662966  0.571341  0.730845  0.734749  0.547842  0.655964  0.640036  0.685862  0.585266 
6  0.326977  0.806252  0.718412  0.146653  0.401285  0.601919 0.0  0.371781  0.586200  0.348497  0.356411  0.390293  0.424015  0.738176  0.450967  0.337941  0.716218  0.641529  0.396804  0.524524  0.263631  0.748096  0.415925  0.524130  0.714922  0.657393  0.328886  0.317170  0.506444  0.407891  0.438491  0.307697  0.374775  0.449655  0.802241  0.377305  0.383091  0.662632  0.390071  0.759913  0.758615  0.437822  0.335931  0.229201  0.732632  0.456532  0.409761  0.232724  0.390375  0.483177  0.342824  0.493184  0.363090  0.377533  0.445495  0.357047  0.454272  0.364820  0.462699  0.394431  0.336486  0.418586  0.357275  0.756638  0.473358  0.222744  0.225188  0.704797  0.794237  0.387249  0.349265  0.312628  0.345629  0.368676  0.500349  0.251191  0.305133  0.437791  0.327401  0.755559  0.407862  0.363270  0.714367  0.256150  0.264279  0.314314  0.400757  0.356173  0.641401  0.449176  0.418128  0.280711  0.607209  0.508319  0.325803  0.580196  0.459851  0.852274  0.414067  0.367870  0.505737  0.394950  0.642616  0.396285  0.310727  0.454668  0.482172  0.752537  0.191989  0.392425  0.399878  0.244142  0.344791  0.207107  0.396051  0.410819  0.564279  0.478927  0.417241  0.843395  0.509888  0.294640  0.385377  0.731732  0.179182  0.369789  0.418094  0.509119  0.698323  0.331449  0.525980  0.380626  0.381329  0.585093  0.648037  0.330178  0.445137  0.363352  0.438673  0.598377  0.376715  0.373067  0.628896  0.437541  0.521341  0.298529 
7  0.342044  0.853535  0.874752  0.403217  0.399402  0.689338  0.371781 0.0  0.461039  0.365904  0.491602  0.290034  0.295976  0.773695  0.437782  0.426109  0.727920  0.704792  0.274568  0.476022  0.352482  0.752830  0.191104  0.592654  0.794628  0.731298  0.306772  0.297008  0.222509  0.459443  0.283313  0.455271  0.352546  0.393632  0.822878  0.325181  0.216462  0.737604  0.427569  0.761953  0.671912  0.420037  0.514878  0.560464  0.658309  0.458887  0.380466  0.384750  0.353154  0.280146  0.376646  0.346267  0.393847  0.312145  0.571621  0.214423  0.258524  0.438682  0.595007  0.127829  0.374820  0.271750  0.306334  0.825698  0.286622  0.412274  0.472721  0.693872  0.864165  0.396541  0.525883  0.437813  0.273879  0.523439  0.451120  0.440984  0.402753  0.442192  0.349514  0.853396  0.218842  0.249207  0.725570  0.402131  0.494427  0.460986  0.420612  0.254375  0.673253  0.208604  0.216361  0.290365  0.599798  0.563091  0.500149  0.675370  0.151327  0.743002  0.385268  0.167612  0.351738  0.081015  0.406302  0.243268  0.344968  0.267529  0.225464  0.774976  0.478320  0.377387  0.359496  0.386516  0.497280  0.441587  0.369781  0.339316  0.486806  0.450337  0.503060  0.714302  0.234600  0.434834  0.456233  0.712370  0.487745  0.251690  0.345036  0.609827  0.791070  0.507280  0.259095  0.343015  0.516259  0.428923  0.825702  0.485188  0.203630  0.292926  0.282212  0.646288  0.279771  0.461407  0.769910  0.254100  0.325108  0.252056 
8  0.492608  0.748681  0.756629  0.486669  0.462747  0.584411  0.586200  0.461039 0.0  0.495502  0.542732  0.469052  0.473931  0.689564  0.124616  0.556382  0.723649  0.601494  0.553486  0.405152  0.369768  0.734306  0.549969  0.508109  0.639910  0.792331  0.516231  0.423171  0.597418  0.475829  0.578487  0.502446  0.503411  0.667051  0.830796  0.555881  0.690560  0.671544  0.433999  0.782535  0.793737  0.182973  0.485321  0.376223  0.732605  0.351031  0.492844  0.441505  0.397843  0.522161  0.463253  0.467442  0.520536  0.533123  0.565332  0.515346  0.527416  0.354559  0.480212  0.532706  0.381257  0.433414  0.417737  0.793606  0.530843  0.430141  0.419684  0.758034  0.756174  0.417278  0.506220  0.412878  0.386722  0.104360  0.594706  0.436301  0.529576  0.387907  0.468295  0.727391  0.568402  0.507928  0.756339  0.465610  0.535080  0.525647  0.435768  0.516587  0.684394  0.549816  0.529393  0.587882  0.454657  0.595483  0.390784  0.450848  0.592855  0.932618  0.481213  0.563093  0.453071  0.503454  0.609813  0.566145  0.526773  0.485812  0.486697  0.820128  0.398984  0.525549  0.515718  0.400903  0.378387  0.579971  0.561450  0.556660  0.567746  0.314701  0.534708  0.756353  0.586608  0.403305  0.505584  0.766123  0.479348  0.512535  0.511224  0.436804  0.750984  0.585649  0.531652  0.517690  0.447059  0.305924  0.766227  0.474953  0.556987  0.512080  0.482010  0.667201  0.544040  0.556591  0.680333  0.380720  0.532815  0.486034 
9  0.436896  0.829611  0.825146  0.392554  0.353136  0.809202  0.348497  0.365904  0.495502 0.0  0.467248  0.407161  0.362155  0.713736  0.514722  0.426460  0.710923  0.535282  0.399939  0.559476  0.319579  0.758131  0.264359  0.550029  0.782657  0.794849  0.237973  0.314127  0.206374  0.421481  0.188379  0.419049  0.489354  0.286498  0.742484  0.359667  0.302281  0.614725  0.440598  0.751769  0.840983  0.505373  0.417592  0.371088  0.780982  0.333040  0.340562  0.393553  0.294465  0.233771  0.386459  0.370298  0.452740  0.196755  0.576779  0.323595  0.290995  0.512239  0.392763  0.257995  0.377484  0.442115  0.327086  0.699721  0.317363  0.314889  0.337891  0.791194  0.744210  0.418391  0.461088  0.429759  0.425897  0.509743  0.330064  0.443839  0.592710  0.346740  0.337905  0.761526  0.442141  0.316815  0.661249  0.415730  0.472109  0.348216  0.446486  0.277889  0.619369  0.266145  0.309583  0.160307  0.629810  0.570672  0.444356  0.710340  0.287976  0.819233  0.451896  0.305987  0.324427  0.289449  0.349129  0.377377  0.419251  0.259340  0.297862  0.749160  0.366387  0.459493  0.410896  0.368997  0.448624  0.437997  0.399197  0.403950  0.496942  0.517056  0.218022  0.859192  0.304942  0.415594  0.530443  0.768487  0.475140  0.328358  0.419155  0.527496  0.773596  0.392973  0.320928  0.363742  0.447999  0.532144  0.613094  0.342340  0.227483  0.386454  0.188439  0.747192  0.269563  0.396242  0.706761  0.303860  0.509574  0.381634 
10  0.332091  0.826694  0.733809  0.302619  0.314634  0.735149  0.356411  0.491602  0.542732  0.467248 0.0  0.414861  0.336241  0.665411  0.472001  0.382512  0.799441  0.697093  0.346107  0.564407  0.289322  0.814978  0.449972  0.565307  0.738220  0.711214  0.475234  0.400960  0.395300  0.325313  0.467176  0.325448  0.397970  0.524551  0.736474  0.398944  0.404317  0.755359  0.250877  0.734418  0.821630  0.428147  0.268818  0.402834  0.671136  0.376837  0.312316  0.315977  0.473922  0.474872  0.336108  0.445545  0.271975  0.433137  0.479822  0.469838  0.416387  0.430779  0.572491  0.493035  0.586513  0.357118  0.517661  0.820725  0.580253  0.300499  0.405711  0.739083  0.822636  0.447005  0.390010  0.384672  0.556605  0.453984  0.599050  0.191757  0.380271  0.286001  0.326472  0.751198  0.448651  0.501120  0.685863  0.377351  0.312856  0.405711  0.466663  0.372940  0.690543  0.449992  0.561554  0.495125  0.664444  0.480629  0.211621  0.738192  0.366481  0.750386  0.514097  0.541274  0.466979  0.396035  0.621343  0.455413  0.428626  0.493604  0.454749  0.717964  0.311253  0.305392  0.370611  0.378521  0.275908  0.333993  0.390693  0.309391  0.459472  0.350150  0.465494  0.719020  0.558292  0.308641  0.215412  0.682977  0.364857  0.343587  0.315320  0.555628  0.759343  0.422922  0.481445  0.361693  0.593145  0.406404  0.756324  0.275066  0.423328  0.362717  0.392136  0.603277  0.546456  0.333135  0.787274  0.447457  0.491450  0.287109 
11  0.457056  0.736068  0.742123  0.470934  0.513206  0.613669  0.390293  0.290034  0.469052  0.407161  0.414861 0.0  0.500079  0.783977  0.533993  0.335817  0.731481  0.545047  0.325169  0.511483  0.262143  0.734841  0.286902  0.407183  0.785652  0.755472  0.250979  0.325466  0.258659  0.331638  0.154658  0.476101  0.269987  0.339760  0.884245  0.248180  0.292736  0.698111  0.516548  0.632108  0.772987  0.486291  0.467239  0.401593  0.645075  0.218811  0.313453  0.450354  0.206614  0.250054  0.375585  0.182900  0.350585  0.260985  0.563560  0.241026  0.153017  0.488071  0.373179  0.340678  0.379859  0.359149  0.217835  0.718156  0.439714  0.372090  0.453357  0.686769  0.764902  0.382010  0.447637  0.262251  0.297705  0.516602  0.352416  0.451863  0.484285  0.360935  0.263005  0.700701  0.436813  0.324681  0.732680  0.258035  0.369665  0.385916  0.452979  0.344699  0.595490  0.328820  0.236683  0.241422  0.665148  0.526446  0.364191  0.743412  0.317079  0.711914  0.427394  0.301309  0.332322  0.303472  0.306179  0.276862  0.321409  0.233610  0.326409  0.784839  0.373596  0.308415  0.232935  0.344779  0.483447  0.371925  0.340512  0.428267  0.405043  0.438652  0.390078  0.773266  0.423270  0.336574  0.449145  0.595313  0.462425  0.386564  0.216364  0.617979  0.753395  0.291228  0.324931  0.321636  0.527546  0.427759  0.712788  0.353869  0.374204  0.279135  0.244912  0.591087  0.322000  0.291886  0.632402  0.241182  0.307571  0.177339 
12  0.297548  0.766906  0.852420  0.410415  0.372735  0.633884  0.424015  0.295976  0.473931  0.362155  0.336241  0.500079 0.0  0.778103  0.532102  0.263342  0.642582  0.669942  0.160937  0.462707  0.283935  0.830988  0.323576  0.381356  0.855505  0.774692  0.414673  0.301730  0.385931  0.405091  0.332451  0.475336  0.351026  0.405966  0.807547  0.346756  0.300486  0.660020  0.415664  0.654677  0.752182  0.372018  0.372349  0.403259  0.695453  0.305690  0.352238  0.296066  0.390628  0.367981  0.335306  0.273615  0.364225  0.257646  0.524758  0.295242  0.348746  0.471718  0.461721  0.306468  0.315137  0.314860  0.309850  0.777938  0.288983  0.370265  0.417600  0.729818  0.733857  0.465142  0.494609  0.375475  0.357963  0.464050  0.401528  0.341059  0.331619  0.352920  0.375991  0.753111  0.313434  0.291867  0.815122  0.332956  0.316449  0.282862  0.420265  0.306936  0.664805  0.365818  0.465096  0.427337  0.601583  0.536189  0.395398  0.597696  0.280651  0.801669  0.387124  0.337912  0.352294  0.279912  0.497312  0.359593  0.259070  0.339914  0.347057  0.805499  0.439447  0.323273  0.256085  0.454752  0.336516  0.304869  0.393420  0.382619  0.498265  0.550647  0.347916  0.835244  0.471766  0.243675  0.393390  0.818479  0.414289  0.373372  0.424184  0.537917  0.741666  0.399594  0.326129  0.230889  0.483545  0.509116  0.704402  0.366937  0.236243  0.354437  0.238442  0.710756  0.260970  0.357728  0.631237  0.397613  0.455136  0.332584 
13  0.787476  0.710264  0.757644  0.705362  0.778095  0.713500  0.738176  0.773695  0.689564  0.713736  0.665411  0.783977  0.778103 0.0  0.757011  0.761936  0.757427  0.542522  0.782610  0.672586  0.840367  0.723591  0.725991  0.630328  0.748394  0.728746  0.724050  0.848993  0.926997  0.747484  0.785833  0.639664  0.765075  0.818874  0.697103  0.760802  0.686392  0.709018  0.772044  0.728183  0.706010  0.694939  0.763537  0.700425  0.390131  0.673990  0.858636  0.765460  0.807973  0.801813  0.745830  0.826639  0.849527  0.723147  0.629918  0.830097  0.805204  0.513306  0.571538  0.657511  0.753586  0.686703  0.778722  0.805951  0.789945  0.811990  0.793798  0.738053  0.757591  0.709744  0.714271  0.812778  0.701100  0.701474  0.782020  0.788880  0.739957  0.782001  0.691656  0.621143  0.797566  0.859426  0.691238  0.769194  0.803580  0.840099  0.652073  0.835192  0.663229  0.734979  0.859923  0.839051  0.780365  0.510302  0.763205  0.754406  0.777824  0.749180  0.886591  0.777500  0.768389  0.757501  0.901697  0.863197  0.728428  0.774618  0.753416  0.785897  0.742289  0.717806  0.789213  0.839785  0.671150  0.711134  0.695505  0.764160  0.528872  0.637306  0.650333  0.692240  0.741338  0.658474  0.744348  0.697597  0.797833  0.706019  0.852322  0.662136  0.547262  0.773095  0.836614  0.733109  0.692006  0.685351  0.656355  0.726049  0.831449  0.760138  0.705338  0.617874  0.755863  0.719263  0.753779  0.686195  0.743895  0.716657 
14  0.470385  0.830880  0.892948  0.323273  0.496940  0.572267  0.450967  0.437782  0.124616  0.514722  0.472001  0.533993  0.532102  0.757011 0.0  0.522701  0.703809  0.699142  0.421140  0.486010  0.490160  0.757898  0.521334  0.696899  0.657288  0.702174  0.456455  0.482551  0.532509  0.571272  0.508991  0.535387  0.364297  0.649566  0.824286  0.425941  0.412366  0.805561  0.386940  0.839713  0.833418  0.186725  0.500428  0.520440  0.908626  0.469590  0.610809  0.394513  0.435442  0.569609  0.487398  0.456053  0.347805  0.644027  0.525667  0.562510  0.394162  0.289530  0.500498  0.581623  0.347158  0.402570  0.564066  0.832541  0.475083  0.426411  0.468290  0.761053  0.710025  0.497623  0.518162  0.402171  0.481427  0.270711  0.644617  0.548461  0.418250  0.501455  0.366378  0.869433  0.484030  0.485620  0.726056  0.467811  0.454460  0.500364  0.389120  0.515054  0.641709  0.518067  0.650258  0.548939  0.495057  0.575231  0.496219  0.452069  0.478800  0.755906  0.512003  0.521394  0.477737  0.463584  0.576087  0.595820  0.515125  0.474994  0.413194  0.738482  0.381451  0.435980  0.513831  0.464573  0.525522  0.478036  0.551417  0.430983  0.532022  0.289049  0.470937  0.933827  0.483626  0.444441  0.473852  0.757682  0.386543  0.476983  0.605768  0.480392  0.778762  0.518407  0.483715  0.477220  0.422936  0.560433  0.877266  0.457819  0.476716  0.498060  0.541803  0.569789  0.458653  0.497669  0.662053  0.436301  0.551489  0.466400 
15  0.290219  0.860725  0.825031  0.374279  0.303108  0.649392  0.337941  0.426109  0.556382  0.426460  0.382512  0.335817  0.263342  0.761936  0.522701 0.0  0.699914  0.698837  0.365089  0.494036  0.291269  0.737822  0.376501  0.566876  0.780692  0.774063  0.443825  0.364593  0.286890  0.452911  0.382305  0.331240  0.104486  0.512022  0.774663  0.260812  0.400425  0.743215  0.329593  0.727697  0.680535  0.550824  0.368465  0.369599  0.723702  0.385558  0.158490  0.328826  0.333342  0.343407  0.367547  0.441651  0.452638  0.354692  0.549345  0.329481  0.462196  0.498105  0.494071  0.454644  0.345824  0.385194  0.332680  0.771811  0.436163  0.391003  0.370542  0.762877  0.691071  0.446562  0.383078  0.406306  0.429937  0.422016  0.391399  0.341608  0.293068  0.397372  0.280596  0.731088  0.395281  0.437324  0.731518  0.214351  0.226088  0.217489  0.335459  0.468978  0.573765  0.442302  0.504071  0.262754  0.649586  0.413619  0.335910  0.699287  0.477169  0.873405  0.383294  0.307473  0.403255  0.476261  0.489792  0.392635  0.249975  0.426443  0.394164  0.775448  0.367565  0.159063  0.243083  0.373249  0.313005  0.424794  0.468859  0.482027  0.715361  0.414939  0.151656  0.760744  0.416963  0.311216  0.323718  0.537984  0.347698  0.269899  0.271651  0.594809  0.796196  0.193072  0.481662  0.295457  0.428160  0.495809  0.727597  0.306860  0.397617  0.409303  0.367762  0.673935  0.323125  0.338082  0.567291  0.427032  0.470700  0.329984 
16  0.746456  0.607932  0.766207  0.675063  0.631998  0.705893  0.716218  0.727920  0.723649  0.710923  0.799441  0.731481  0.642582  0.757427  0.703809  0.699914 0.0  0.640607  0.652841  0.666115  0.526698  0.687201  0.662665  0.468148  0.620049  0.652825  0.720204  0.684315  0.721935  0.684923  0.604218  0.784139  0.674190  0.827550  0.672333  0.587703  0.729448  0.521335  0.769289  0.664479  0.620247  0.719054  0.770383  0.726004  0.523922  0.753661  0.676173  0.714680  0.689750  0.585057  0.667845  0.625069  0.694675  0.725586  0.727861  0.695532  0.661146  0.628561  0.388948  0.737396  0.669227  0.639874  0.770809  0.689282  0.751781  0.755187  0.672800  0.763485  0.591175  0.617275  0.735667  0.833585  0.691289  0.771334  0.817774  0.700165  0.732310  0.761266  0.637887  0.639602  0.706854  0.658764  0.646778  0.593649  0.749784  0.717561  0.612315  0.796605  0.250789  0.782823  0.703770  0.718010  0.742238  0.504080  0.629623  0.705719  0.695512  0.715043  0.768926  0.502847  0.619531  0.733547  0.812986  0.823004  0.715926  0.760182  0.753376  0.596845  0.748888  0.719583  0.648303  0.776355  0.763530  0.601245  0.717712  0.771593  0.487336  0.608160  0.707445  0.761342  0.810363  0.717370  0.797003  0.663482  0.636906  0.766398  0.644089  0.663911  0.640933  0.709917  0.744284  0.694764  0.586567  0.642482  0.727567  0.695369  0.632407  0.669797  0.830477  0.663201  0.706070  0.779948  0.588695  0.671017  0.821236  0.660991 
17  0.604876  0.552901  0.639277  0.621802  0.626141  0.603533  0.641529  0.704792  0.601494  0.535282  0.697093  0.545047  0.669942  0.542522  0.699142  0.698837  0.640607 0.0  0.626535  0.656665  0.646005  0.557351  0.589218  0.505791  0.623241  0.645238  0.687261  0.523781  0.659621  0.582157  0.555290  0.764811  0.662188  0.695482  0.652722  0.576022  0.549652  0.598061  0.583234  0.635425  0.463546  0.624253  0.660469  0.616588  0.535328  0.635396  0.642872  0.614098  0.598982  0.614474  0.569054  0.707863  0.669192  0.562777  0.633047  0.732876  0.564749  0.599249  0.511372  0.704221  0.645627  0.550089  0.688750  0.702174  0.663235  0.653030  0.599439  0.542465  0.533791  0.517269  0.652712  0.670874  0.653756  0.609654  0.726797  0.619137  0.658393  0.711103  0.595463  0.562634  0.725120  0.640707  0.565783  0.655184  0.640400  0.749620  0.499178  0.709830  0.645074  0.630071  0.602529  0.631220  0.649999  0.589693  0.693770  0.563091  0.702441  0.526347  0.711599  0.786853  0.577386  0.746285  0.678144  0.691940  0.548487  0.628567  0.650260  0.658690  0.693131  0.526043  0.498405  0.596930  0.653713  0.534838  0.609900  0.620013  0.430098  0.707288  0.571384  0.533936  0.671665  0.604373  0.669092  0.557249  0.602235  0.606626  0.546470  0.594542  0.459534  0.585343  0.614318  0.677474  0.570687  0.560123  0.486831  0.563471  0.691193  0.630341  0.616787  0.455391  0.702327  0.546796  0.497688  0.665110  0.692308  0.664259 
18  0.275331  0.871520  0.700021  0.322927  0.464461  0.677820  0.396804  0.274568  0.553486  0.399939  0.346107  0.325169  0.160937  0.782610  0.421140  0.365089  0.652841  0.626535 0.0  0.430228  0.359864  0.648720  0.339569  0.594867  0.641819  0.773408  0.344999  0.347989  0.424541  0.383238  0.380226  0.385190  0.249350  0.383536  0.840877  0.261258  0.519803  0.751963  0.478595  0.741957  0.877305  0.343916  0.293948  0.363587  0.806087  0.323692  0.318102  0.274404  0.369714  0.409693  0.336251  0.396478  0.286230  0.349496  0.574010  0.336428  0.296865  0.470070  0.637402  0.228648  0.222838  0.404765  0.299810  0.787593  0.354215  0.306752  0.344586  0.735651  0.765201  0.488695  0.377997  0.358561  0.377121  0.488328  0.454521  0.363586  0.343289  0.485829  0.356179  0.881708  0.314224  0.274317  0.700064  0.378852  0.376687  0.448953  0.445230  0.300197  0.619259  0.462571  0.306147  0.380033  0.521222  0.430628  0.293761  0.611329  0.354404  0.846909  0.421716  0.257387  0.391117  0.329200  0.437834  0.349423  0.425376  0.294012  0.250683  0.729660  0.391945  0.429373  0.437329  0.396805  0.400610  0.496228  0.444296  0.274651  0.554211  0.418924  0.404300  0.859236  0.463368  0.334620  0.361340  0.656695  0.295701  0.311254  0.342770  0.523460  0.808047  0.411092  0.279291  0.322686  0.571561  0.455186  0.853776  0.324610  0.303044  0.400371  0.330342  0.759038  0.389160  0.460950  0.682349  0.370358  0.410538  0.307379 
19  0.525739  0.672294  0.779803  0.451138  0.413459  0.251843  0.524524  0.476022  0.405152  0.559476  0.564407  0.511483  0.462707  0.672586  0.486010  0.494036  0.666115  0.656665  0.430228 0.0  0.475655  0.628720  0.543312  0.505078  0.613951  0.694814  0.537990  0.521360  0.414933  0.507559  0.442662  0.569505  0.452831  0.533801  0.686669  0.540807  0.459723  0.670230  0.412412  0.729011  0.769471  0.431699  0.440073  0.563524  0.711964  0.482343  0.467543  0.512213  0.497253  0.558108  0.463270  0.567310  0.434062  0.485992  0.475039  0.540941  0.511635  0.352660  0.480720  0.465875  0.511484  0.475131  0.488724  0.708324  0.588167  0.452342  0.372912  0.717352  0.718167  0.474187  0.484122  0.404339  0.580872  0.464726  0.517237  0.414138  0.438610  0.441724  0.496177  0.700864  0.484251  0.578636  0.590852  0.474641  0.409044  0.479848  0.466442  0.534323  0.556591  0.514051  0.618777  0.474315  0.290797  0.533753  0.510158  0.285342  0.440803  0.688002  0.604620  0.503211  0.466262  0.551607  0.662054  0.468119  0.546163  0.410605  0.480466  0.641162  0.413302  0.418750  0.562313  0.413248  0.381687  0.571797  0.384474  0.478330  0.624093  0.399544  0.514612  0.754515  0.615850  0.379676  0.504412  0.753108  0.339182  0.545141  0.608008  0.438334  0.597861  0.559814  0.448793  0.523348  0.437894  0.426700  0.642676  0.527542  0.535947  0.615600  0.540023  0.549459  0.494019  0.502530  0.648667  0.478086  0.561752  0.418217 
20  0.234163  0.763015  0.829032  0.331619  0.216069  0.675009  0.263631  0.352482  0.369768  0.319579  0.289322  0.262143  0.283935  0.840367  0.490160  0.291269  0.526698  0.646005  0.359864  0.475655 0.0  0.656912  0.349786  0.524235  0.739818  0.730295  0.408283  0.435572  0.447290  0.254572  0.305758  0.393964  0.337832  0.528162  0.825121  0.229013  0.381312  0.679160  0.294411  0.727855  0.615990  0.452354  0.371016  0.324355  0.661831  0.417772  0.131569  0.294094  0.270181  0.379219  0.314619  0.406788  0.353738  0.320061  0.563385  0.487918  0.379942  0.523708  0.495151  0.399235  0.348991  0.433021  0.330495  0.690706  0.413015  0.266802  0.343635  0.676174  0.807201  0.348129  0.299079  0.305438  0.388822  0.482090  0.446744  0.198012  0.328191  0.324638  0.256628  0.764631  0.441610  0.415134  0.648474  0.171622  0.204923  0.222596  0.490737  0.317575  0.594383  0.362904  0.379394  0.405489  0.649523  0.448552  0.312285  0.590500  0.355906  0.763464  0.378399  0.429220  0.356365  0.415452  0.406786  0.408019  0.296656  0.414887  0.266687  0.796185  0.350841  0.313654  0.143612  0.387004  0.246790  0.336730  0.443688  0.318240  0.469671  0.515599  0.229470  0.654421  0.455345  0.323815  0.355472  0.641330  0.265012  0.276244  0.286715  0.552872  0.765904  0.256377  0.310492  0.275389  0.444428  0.453255  0.669502  0.297656  0.375414  0.340687  0.412466  0.551048  0.352794  0.359606  0.622092  0.364403  0.506174  0.263000 
21  0.786709  0.617775  0.538590  0.674761  0.807192  0.821683  0.748096  0.752830  0.734306  0.758131  0.814978  0.734841  0.830988  0.723591  0.757898  0.737822  0.687201  0.557351  0.648720  0.628720  0.656912 0.0  0.801155  0.506341  0.666143  0.703437  0.829204  0.748713  0.880364  0.808212  0.785514  0.838235  0.710043  0.887089  0.241564  0.746247  0.818566  0.619575  0.905665  0.517668  0.616162  0.706854  0.762589  0.826967  0.701471  0.662509  0.681130  0.824662  0.875747  0.792664  0.741028  0.868123  0.689421  0.730275  0.604361  0.724053  0.770696  0.640039  0.593064  0.873207  0.731552  0.609576  0.714040  0.797174  0.818078  0.808544  0.763547  0.408921  0.684666  0.650279  0.703648  0.828893  0.813563  0.730824  0.775838  0.660253  0.924245  0.742206  0.736601  0.413113  0.787573  0.802020  0.665994  0.789898  0.737413  0.816278  0.691505  0.656243  0.587266  0.743183  0.771010  0.774274  0.850443  0.497940  0.637156  0.680908  0.762400  0.588653  0.785045  0.751134  0.810652  0.695291  0.829862  0.746718  0.766816  0.745870  0.771654  0.658792  0.769396  0.896686  0.648265  0.728115  0.807513  0.694892  0.733800  0.675825  0.542980  0.697684  0.704107  0.298874  0.786947  0.780387  0.941588  0.476775  0.763297  0.643730  0.779208  0.687269  0.783747  0.850508  0.701166  0.761517  0.731705  0.730506  0.707923  0.775091  0.814000  0.852751  0.737377  0.571523  0.797915  0.805948  0.585429  0.852264  0.853303  0.756836 
22  0.477844  0.772805  0.761508  0.431724  0.475692  0.656332  0.415925  0.191104  0.549969  0.264359  0.449972  0.286902  0.323576  0.725991  0.521334  0.376501  0.662665  0.589218  0.339569  0.543312  0.349786  0.801155 0.0  0.435096  0.771176  0.692036  0.296231  0.214669  0.170818  0.418098  0.213528  0.527154  0.399389  0.335366  0.744491  0.302004  0.140026  0.726999  0.376915  0.743933  0.776782  0.492606  0.431457  0.389319  0.845824  0.502404  0.379290  0.392143  0.175289  0.211423  0.426472  0.237806  0.435252  0.257095  0.554127  0.255622  0.307110  0.483026  0.523938  0.269901  0.386170  0.281579  0.279831  0.829340  0.227943  0.444729  0.466152  0.659963  0.848825  0.289795  0.395104  0.402206  0.295312  0.441017  0.261761  0.452914  0.535015  0.436181  0.206258  0.744267  0.218828  0.313003  0.815598  0.326724  0.414961  0.368282  0.499220  0.198466  0.601414  0.267788  0.330816  0.268954  0.561429  0.528910  0.447886  0.606182  0.381074  0.800668  0.351606  0.210760  0.333520  0.379841  0.368854  0.264862  0.433921  0.272348  0.204497  0.713300  0.419448  0.304497  0.319927  0.452912  0.524307  0.342365  0.368389  0.469867  0.448075  0.495790  0.463785  0.738705  0.272340  0.458834  0.383659  0.641033  0.457852  0.353005  0.325673  0.598305  0.858025  0.331866  0.256349  0.311762  0.464399  0.512379  0.779660  0.448160  0.262603  0.332322  0.285447  0.650134  0.363936  0.447105  0.565246  0.248725  0.227318  0.265143 
23  0.480990  0.442652  0.470013  0.549172  0.476416  0.664020  0.524130  0.592654  0.508109  0.550029  0.565307  0.407183  0.381356  0.630328  0.696899  0.566876  0.468148  0.505791  0.594867  0.505078  0.524235  0.506341  0.435096 0.0  0.569358  0.470307  0.556338  0.508784  0.349593  0.560945  0.418880  0.556139  0.489295  0.474520  0.448652  0.396793  0.424758  0.520522  0.519843  0.545947  0.427725  0.556116  0.606275  0.706248  0.451460  0.468656  0.404925  0.569116  0.417447  0.507693  0.501272  0.503813  0.618825  0.611473  0.495857  0.592915  0.501318  0.684020  0.484971  0.535660  0.521387  0.530583  0.527284  0.595208  0.474663  0.627931  0.621180  0.331944  0.503915  0.546882  0.550909  0.588675  0.570859  0.596480  0.567345  0.545225  0.565929  0.558265  0.324812  0.338459  0.536830  0.695383  0.512429  0.539144  0.502918  0.489523  0.560086  0.636965  0.556084  0.457237  0.381053  0.486083  0.585702  0.453629  0.518664  0.668913  0.576249  0.517500  0.514101  0.475113  0.467086  0.577649  0.686875  0.627047  0.486557  0.480506  0.564233  0.595232  0.614117  0.390856  0.412660  0.477441  0.665678  0.402515  0.460211  0.529521  0.552429  0.621045  0.493077  0.445969  0.523841  0.542847  0.605824  0.498019  0.593136  0.497731  0.305460  0.611840  0.445641  0.467217  0.534018  0.379773  0.581351  0.535474  0.649008  0.570052  0.415130  0.540899  0.484696  0.622155  0.586930  0.687222  0.417131  0.485453  0.517774  0.477703 
24  0.663044  0.655058  0.801874  0.654824  0.742577  0.601055  0.714922  0.794628  0.639910  0.782657  0.738220  0.785652  0.855505  0.748394  0.657288  0.780692  0.620049  0.623241  0.641819  0.613951  0.739818  0.666143  0.771176  0.569358 0.0  0.263404  0.718111  0.780813  0.698714  0.684077  0.778193  0.778940  0.703292  0.741651  0.724333  0.797193  0.961862  0.418195  0.706973  0.607814  0.547035  0.707213  0.613524  0.636355  0.669000  0.774084  0.803761  0.747689  0.826152  0.776482  0.677972  0.817532  0.702892  0.768919  0.721351  0.767914  0.836296  0.613558  0.427278  0.666779  0.731024  0.751585  0.926633  0.775120  0.734071  0.634935  0.790773  0.700953  0.696629  0.563765  0.771014  0.837768  0.786162  0.623640  0.960731  0.814974  0.670962  0.698319  0.785356  0.698411  0.819102  0.889027  0.654090  0.769041  0.720468  0.731343  0.639331  0.918396  0.613476  0.809616  0.885943  0.768400  0.759188  0.612676  0.670656  0.715656  0.782761  0.782513  0.745974  0.778741  0.824598  0.674170  0.918942  0.758435  0.800700  0.699606  0.873969  0.768007  0.676992  0.802312  0.805777  0.719515  0.682581  0.675432  0.778143  0.890037  0.401018  0.702379  0.805884  0.741600  0.806574  0.829993  0.818079  0.718318  0.794384  0.792908  0.835863  0.675082  0.728941  0.815054  0.802350  0.817086  0.648195  0.657757  0.701697  0.760305  0.771087  0.665667  0.812349  0.417772  0.733248  0.831674  0.610885  0.792789  0.767308  0.856767 
25  0.742555  0.661807  0.841695  0.852948  0.750661  0.762161  0.657393  0.731298  0.792331  0.794849  0.711214  0.755472  0.774692  0.728746  0.702174  0.774063  0.652825  0.645238  0.773408  0.694814  0.730295  0.703437  0.692036  0.470307  0.263404 0.0  0.762051  0.705223  0.881934  0.765820  0.722631  0.688688  0.789361  0.767287  0.649715  0.798980  0.756804  0.520250  0.766933  0.661389  0.371671  0.687900  0.710857  0.699624  0.715135  0.829416  0.712596  0.734135  0.723875  0.730445  0.738531  0.735394  0.712825  0.717325  0.700653  0.697264  0.794169  0.616702  0.478301  0.780876  0.788188  0.784450  0.784074  0.830680  0.823899  0.730264  0.750124  0.722261  0.704758  0.507552  0.703507  0.800156  0.746614  0.711373  0.749230  0.652073  0.716415  0.722192  0.850215  0.670953  0.803331  0.847402  0.715528  0.732290  0.697618  0.738458  0.668606  0.815265  0.528813  0.771962  0.737969  0.640622  0.682052  0.518753  0.721847  0.766083  0.724561  0.693099  0.707939  0.740899  0.724757  0.663287  0.821874  0.873438  0.728192  0.713422  0.779685  0.725302  0.693670  0.819811  0.786146  0.798722  0.830883  0.675026  0.769774  0.709826  0.547939  0.642426  0.801173  0.711516  0.799902  0.722798  0.765913  0.621722  0.821293  0.629352  0.766028  0.843955  0.662201  0.699104  0.732305  0.700282  0.621165  0.646524  0.771240  0.823772  0.731766  0.802792  0.772502  0.367712  0.701319  0.807191  0.677182  0.819497  0.801620  0.728590 
26  0.419083  0.816657  0.788891  0.387586  0.459082  0.648278  0.328886  0.306772  0.516231  0.237973  0.475234  0.250979  0.414673  0.724050  0.456455  0.443825  0.720204  0.687261  0.344999  0.537990  0.408283  0.829204  0.296231  0.556338  0.718111  0.762051 0.0  0.330906  0.347236  0.453425  0.367833  0.471281  0.372479  0.390728  0.814341  0.319889  0.351394  0.857051  0.446335  0.784091  0.748075  0.329151  0.310378  0.418083  0.841602  0.435988  0.408185  0.531870  0.295732  0.316434  0.514753  0.322787  0.407548  0.375939  0.548830  0.180124  0.303752  0.464251  0.648412  0.181837  0.274615  0.237899  0.232034  0.785660  0.268379  0.397757  0.455874  0.783834  0.819093  0.435784  0.421597  0.529162  0.387796  0.495194  0.482609  0.364334  0.393922  0.377024  0.336024  0.846951  0.119855  0.291406  0.681481  0.460604  0.452467  0.407268  0.447095  0.233030  0.735417  0.274702  0.306917  0.261347  0.522112  0.580105  0.408506  0.653769  0.142014  0.849794  0.322574  0.280614  0.396271  0.231905  0.379895  0.290336  0.385235  0.185591  0.178407  0.789047  0.315098  0.436955  0.436900  0.408227  0.475109  0.405228  0.336686  0.408872  0.480111  0.423313  0.492804  0.867068  0.467504  0.430174  0.412773  0.687328  0.384107  0.353255  0.371175  0.625309  0.814715  0.426528  0.179498  0.344399  0.469949  0.532483  0.776403  0.397583  0.322562  0.314116  0.303014  0.740524  0.233654  0.455493  0.661013  0.279875  0.331320  0.363745 
