146
0 0.0  0.932002  0.845219  0.261048  0.334002  0.599951  0.276749  0.401930  0.542919  0.382285  0.202165  0.450784  0.282048  0.671496  0.417665  0.285761  0.779776  0.662238  0.380315  0.451691  0.337019  0.762066  0.454067  0.671791  0.780437  0.728769  0.323065  0.418899  0.570704  0.438114  0.494861  0.287840  0.388524  0.598835  0.900205  0.335347  0.487639  0.741078  0.380331  0.774972  0.751697  0.258375  0.317557  0.387067  0.839147  0.403232  0.372625  0.380626  0.434331  0.430763  0.312098  0.375697  0.229257  0.368333  0.551338  0.479770  0.469285  0.386512  0.645386  0.465964  0.455110  0.328281  0.491518  0.826122  0.434096  0.229993  0.404203  0.866512  0.760256  0.435441  0.330000  0.254975  0.365428  0.495083  0.561996  0.319727  0.356210  0.370719  0.294799  0.928214  0.439448  0.345783  0.712186  0.380733  0.320688  0.388393  0.488979  0.550775  0.725378  0.491341  0.473457  0.498937  0.536113  0.490050  0.338757  0.579670  0.465854  0.891927  0.515598  0.517819  0.483175  0.531158  0.569759  0.479804  0.261897  0.488906  0.418505  0.913133  0.327611  0.519915  0.417343  0.415913  0.364539  0.295570  0.559464  0.240330  0.429713  0.464784  0.435448  0.851734  0.485512  0.273249  0.425651  0.808232  0.212350  0.352635  0.346394  0.567888  0.828878  0.362212  0.389069  0.408212  0.414355  0.509550  0.932669  0.217772  0.470756  0.481653  0.322430  0.738374  0.430617  0.381923  0.768250  0.523501  0.448043  0.336381 
1  0.932002 0.0  0.364081  0.896595  0.841298  0.862774  0.781976  0.847413  0.905758  0.847473  0.803244  0.867837  0.833835  0.772849  0.938076  0.777084  0.598712  0.635815  0.728264  0.615060  0.701326  0.534441  0.790020  0.364097  0.888322  0.690203  0.885006  0.921698  0.832703  0.891577  0.921766  0.902241  0.727603  0.809926  0.595010  0.821647  0.804010  0.702949  0.887446  0.271843  0.762063  0.917259  0.819655  0.914480  0.734358  0.888205  0.634644  0.895939  0.849745  0.894751  0.950556  0.829094  0.913592  0.856505  0.786344  0.780234  0.861204  0.754011  0.476483  0.898882  0.935602  0.764631  0.880076  0.798999  0.832406  0.989412  0.980509  0.401651  0.788920  0.632298  0.931455  0.896937  0.858038  0.858089  0.787403  0.878324  0.813372  0.863607  0.781877  0.486783  0.926871  0.959477  0.729512  0.837306  0.803751  0.809361  0.790887  0.777907  0.676814  0.875510  0.794884  0.850297  0.915598  0.465395  0.928951  0.893751  0.818360  0.420104  0.849387  0.904306  0.753531  0.828327  0.912627  0.856345  0.885015  0.791638  0.963508  0.714447  0.837400  0.710770  0.730348  0.886069  0.885265  0.864393  0.700051  0.828669  0.571523  0.907277  0.836760  0.501579  0.899934  0.789801  0.941993  0.488867  0.945417  0.836601  0.711551  0.736800  0.765882  0.744411  0.893010  0.767094  0.665306  0.688730  0.851328  0.865655  0.793967  0.845612  0.836567  0.666006  0.940511  0.901907  0.674648  0.890875  0.711005  0.712316 
2  0.845219  0.364081 0.0  0.868802  0.850169  0.830767  0.825609  0.893684  0.787093  0.766034  0.874440  0.754728  0.722566  0.676666  0.862122  0.671553  0.764764  0.729396  0.750717  0.692892  0.765671  0.473714  0.825211  0.426280  0.878461  0.746000  0.858915  0.791616  0.822956  0.773142  0.735984  0.859983  0.809250  0.839943  0.562479  0.718714  0.719017  0.667140  0.886223  0.388145  0.620364  0.803344  0.830456  0.956900  0.617418  0.827462  0.767148  0.883643  0.834456  0.705688  0.771529  0.821968  0.912208  0.854447  0.824327  0.832220  0.856377  0.730499  0.544793  0.771775  0.798702  0.848373  0.847506  0.940584  0.889281  0.755607  0.863815  0.475956  0.777126  0.781536  0.858019  0.903404  0.947961  0.883923  0.876570  0.816114  0.851541  0.862604  0.711028  0.474276  0.789466  0.948484  0.737709  0.822172  0.690948  0.850454  0.701393  0.845197  0.726595  0.803479  0.756715  0.800765  0.907253  0.452545  0.849637  0.771252  0.832565  0.395193  0.809523  0.936816  0.682689  0.844116  0.913154  0.831678  0.797940  0.920563  0.853175  0.716981  0.869663  0.691436  0.737443  0.878316  0.837136  0.801586  0.767509  0.829007  0.474843  0.879157  0.740316  0.437825  0.862721  0.711694  0.900690  0.484468  0.774881  0.869233  0.817256  0.783452  0.736170  0.717402  0.825904  0.762035  0.807346  0.644038  0.762378  0.813583  0.989543  0.780310  0.819231  0.540315  0.875652  0.741795  0.611051  0.709206  0.850151  0.712785 
3  0.261048  0.896595  0.868802 0.0  0.417334  0.610822  0.193459  0.356573  0.419816  0.469214  0.349738  0.416505  0.325345  0.810203  0.453417  0.347833  0.850018  0.686472  0.306634  0.453849  0.257325  0.715017  0.485513  0.609697  0.795669  0.719554  0.358179  0.523577  0.425428  0.447452  0.417225  0.393896  0.285766  0.604773  0.827740  0.268163  0.508678  0.733718  0.251823  0.753074  0.809737  0.417139  0.305298  0.313528  0.735232  0.437661  0.240904  0.304215  0.449543  0.521560  0.359328  0.476952  0.210073  0.433469  0.575344  0.442280  0.536051  0.274151  0.546465  0.437269  0.410106  0.388378  0.370948  0.829079  0.469948  0.270341  0.110574  0.860664  0.805314  0.350332  0.290301  0.424891  0.452226  0.482058  0.536358  0.248273  0.375490  0.440104  0.338041  0.970831  0.405936  0.363449  0.887235  0.357467  0.371390  0.317661  0.452990  0.501080  0.809230  0.401667  0.422706  0.473357  0.407567  0.580481  0.261579  0.599388  0.451612  0.846057  0.356359  0.457035  0.457449  0.377014  0.527398  0.480767  0.404946  0.521143  0.414194  0.718216  0.164404  0.500936  0.368771  0.417875  0.556388  0.321748  0.441005  0.291879  0.612575  0.396035  0.367628  0.807575  0.527576  0.285474  0.371678  0.728675  0.331428  0.313191  0.282282  0.460568  0.800246  0.390483  0.441988  0.418044  0.583794  0.591687  0.919737  0.274467  0.501121  0.384922  0.481778  0.696398  0.457338  0.450892  0.742323  0.288822  0.590296  0.374571 
4  0.334002  0.841298  0.850169  0.417334 0.0  0.652539  0.342576  0.485253  0.406986  0.399188  0.355596  0.498701  0.333539  0.732766  0.584778  0.288121  0.730745  0.627398  0.405467  0.608022  0.255321  0.874671  0.543418  0.653805  0.614995  0.833823  0.460433  0.378362  0.547983  0.209545  0.380228  0.308651  0.489409  0.424048  0.796884  0.419847  0.385914  0.648147  0.395131  0.837473  0.779833  0.357514  0.311642  0.362774  0.737185  0.405803  0.475521  0.431235  0.359545  0.413061  0.413737  0.452127  0.363667  0.274564  0.611727  0.413652  0.447464  0.338200  0.597912  0.443247  0.443705  0.429969  0.464858  0.740367  0.463687  0.348599  0.384728  0.804917  0.691841  0.511083  0.315738  0.300491  0.500624  0.553375  0.356598  0.289500  0.353970  0.273541  0.353840  0.777262  0.421266  0.495126  0.834285  0.306923  0.362669  0.361845  0.447743  0.431000  0.732041  0.413291  0.532859  0.490545  0.657564  0.537420  0.366822  0.642228  0.490845  0.876100  0.484467  0.454793  0.470041  0.413734  0.490799  0.511685  0.510541  0.537549  0.533636  0.748430  0.370700  0.429349  0.377083  0.233278  0.175302  0.373115  0.456692  0.233239  0.548331  0.554460  0.451370  0.719121  0.509950  0.428795  0.209093  0.614780  0.272742  0.370172  0.342947  0.446171  0.793403  0.392293  0.363425  0.413229  0.404498  0.475487  0.849577  0.316651  0.483240  0.519656  0.398091  0.711577  0.451518  0.324413  0.696775  0.510837  0.570932  0.421130 
5  0.599951  0.862774  0.830767  0.610822  0.652539 0.0  0.585785  0.711818  0.611122  0.658709  0.677282  0.700565  0.692712  0.683472  0.520324  0.616812  0.722255  0.573700  0.565061  0.253273  0.683627  0.780975  0.710112  0.534300  0.641299  0.810676  0.603387  0.709017  0.749403  0.602352  0.655493  0.534857  0.647031  0.839012  0.836924  0.678703  0.575685  0.677245  0.707307  0.632839  0.749739  0.425768  0.526898  0.660880  0.823601  0.733319  0.702396  0.697391  0.627183  0.778618  0.546799  0.597198  0.648948  0.730464  0.515717  0.651174  0.683501  0.379851  0.508614  0.742121  0.635655  0.640551  0.742460  0.819457  0.757496  0.622192  0.649519  0.717414  0.831304  0.410303  0.656232  0.573641  0.790968  0.552362  0.795040  0.630821  0.515306  0.600290  0.677235  0.869678  0.804492  0.655721  0.805012  0.683542  0.688552  0.695994  0.422381  0.607499  0.737596  0.814372  0.771151  0.720325  0.233890  0.649687  0.575122  0.251787  0.636636  0.826554  0.761833  0.643785  0.632810  0.601304  0.774059  0.558736  0.742070  0.802436  0.733902  0.820320  0.477362  0.678456  0.701526  0.699094  0.663388  0.574461  0.787659  0.735983  0.515774  0.460498  0.785340  0.860992  0.807905  0.597125  0.598058  0.736322  0.719012  0.696698  0.701910  0.531014  0.771971  0.779264  0.625793  0.712850  0.486121  0.481876  0.832387  0.573419  0.831143  0.608834  0.717425  0.736274  0.714339  0.768847  0.647223  0.686499  0.786035  0.505345 
6  0.276749  0.781976  0.825609  0.193459  0.342576  0.585785 0.0  0.408774  0.462653  0.459356  0.356737  0.434567  0.381494  0.704109  0.542355  0.311079  0.772504  0.620939  0.285129  0.494210  0.257911  0.813701  0.334916  0.459779  0.706317  0.672988  0.413263  0.398819  0.518439  0.316211  0.423831  0.482078  0.389174  0.479783  0.769545  0.388717  0.455635  0.694615  0.350965  0.721133  0.630802  0.371972  0.260052  0.205424  0.733671  0.427502  0.378124  0.252463  0.393000  0.519293  0.274970  0.506412  0.181393  0.444250  0.506534  0.507064  0.452809  0.424054  0.551930  0.458159  0.415017  0.395548  0.421320  0.812858  0.509475  0.205554  0.230726  0.707209  0.772329  0.551931  0.273691  0.467867  0.365936  0.382756  0.594816  0.308473  0.339517  0.446026  0.326915  0.790929  0.385934  0.475366  0.655435  0.332147  0.422807  0.405949  0.463268  0.465047  0.729942  0.414232  0.495363  0.445610  0.568014  0.497551  0.349469  0.653311  0.407655  0.813724  0.471555  0.453864  0.336704  0.322792  0.582557  0.392593  0.294635  0.506196  0.512037  0.741847  0.213725  0.317838  0.404681  0.310325  0.513536  0.263782  0.525870  0.354353  0.601769  0.474121  0.392357  0.834395  0.529767  0.252256  0.344927  0.777649  0.262190  0.349876  0.372681  0.605041  0.758469  0.344704  0.508782  0.307091  0.445659  0.547358  0.662476  0.383851  0.520384  0.443032  0.362040  0.682043  0.401189  0.414328  0.739315  0.570744  0.484573  0.297572 
7  0.401930  0.847413  0.893684  0.356573  0.485253  0.711818  0.408774 0.0  0.557207  0.342772  0.395086  0.253221  0.339009  0.735764  0.544470  0.393827  0.690786  0.720471  0.314196  0.465585  0.417770  0.686835  0.290938  0.614993  0.812961  0.762593  0.160380  0.163556  0.206603  0.508651  0.314246  0.388648  0.261116  0.357453  0.799489  0.396757  0.274471  0.786990  0.475858  0.669406  0.863422  0.425327  0.497983  0.414481  0.807801  0.320740  0.519500  0.257629  0.263875  0.314047  0.359255  0.330315  0.410423  0.245550  0.551812  0.166098  0.355340  0.374602  0.566604  0.189359  0.325964  0.417013  0.205825  0.903223  0.440801  0.499399  0.391450  0.868482  0.804160  0.360413  0.363650  0.426313  0.338557  0.552168  0.487994  0.460678  0.393468  0.494246  0.269647  0.801973  0.211957  0.311439  0.677166  0.400320  0.428211  0.459802  0.430179  0.218504  0.818878  0.276668  0.327146  0.305399  0.632142  0.490644  0.384799  0.686653  0.122367  0.870640  0.409534  0.218255  0.245804  0.177235  0.433442  0.289492  0.451885  0.338625  0.269410  0.717168  0.449528  0.547031  0.482673  0.514107  0.533230  0.581975  0.347123  0.436064  0.476397  0.431865  0.372389  0.865262  0.412050  0.440988  0.391658  0.698949  0.388645  0.277391  0.394474  0.641396  0.783148  0.380968  0.271071  0.380332  0.499372  0.546644  0.770733  0.484069  0.268065  0.340240  0.276394  0.729636  0.284162  0.602795  0.687611  0.299072  0.309417  0.412806 
8  0.542919  0.905758  0.787093  0.419816  0.406986  0.611122  0.462653  0.557207 0.0  0.551032  0.599216  0.390633  0.563781  0.720443  0.158682  0.554277  0.643500  0.738467  0.466658  0.474369  0.513217  0.748165  0.506907  0.483146  0.660668  0.814509  0.524322  0.466413  0.572849  0.462883  0.479125  0.618067  0.464131  0.538821  0.831327  0.636498  0.621132  0.733204  0.460095  0.705260  0.779692  0.203228  0.548418  0.415746  0.741147  0.465126  0.524555  0.471300  0.465196  0.492496  0.462635  0.605795  0.354654  0.542307  0.495061  0.497344  0.516075  0.517617  0.496488  0.532008  0.407244  0.449741  0.529045  0.793968  0.609031  0.450073  0.458775  0.852046  0.856962  0.328733  0.540095  0.583354  0.567341  0.242911  0.562271  0.472313  0.379996  0.515464  0.562426  0.854010  0.601983  0.542639  0.788375  0.580501  0.476013  0.446079  0.505990  0.652569  0.715840  0.543496  0.565215  0.512193  0.558422  0.518351  0.533335  0.621319  0.610432  0.838607  0.570632  0.630311  0.456274  0.553074  0.740801  0.554793  0.601884  0.495060  0.554423  0.781709  0.278654  0.598163  0.592300  0.518413  0.406808  0.439509  0.534301  0.536538  0.502376  0.278456  0.623288  0.802932  0.683402  0.479719  0.492220  0.809595  0.504757  0.586111  0.474918  0.669508  0.721890  0.622287  0.601890  0.465430  0.472980  0.475919  0.909640  0.464317  0.595884  0.522104  0.501425  0.651925  0.603290  0.584685  0.781408  0.525777  0.576955  0.519910 
9  0.382285  0.847473  0.766034  0.469214  0.399188  0.658709  0.459356  0.342772  0.551032 0.0  0.500562  0.368129  0.321553  0.768098  0.488208  0.463252  0.704329  0.638604  0.401268  0.594810  0.334654  0.662595  0.266651  0.613201  0.753846  0.810951  0.294243  0.124655  0.245865  0.364759  0.360734  0.563119  0.509803  0.340357  0.729583  0.390078  0.373911  0.771277  0.463405  0.782986  0.734572  0.519652  0.440570  0.461510  0.741799  0.426416  0.363707  0.384971  0.308764  0.303170  0.520483  0.356437  0.430452  0.301718  0.577979  0.266703  0.393004  0.446659  0.651481  0.337825  0.440280  0.354427  0.321533  0.740203  0.189298  0.475410  0.392820  0.922088  0.837369  0.537886  0.352556  0.438081  0.322100  0.431615  0.367631  0.393212  0.441902  0.470069  0.281217  0.927513  0.340577  0.383996  0.707591  0.407124  0.349714  0.445880  0.441175  0.306727  0.592527  0.293870  0.319676  0.331135  0.722540  0.633876  0.404813  0.640141  0.332728  0.898647  0.309272  0.355555  0.311832  0.250451  0.324199  0.282222  0.359562  0.275952  0.356813  0.717177  0.383441  0.542922  0.345552  0.424501  0.453371  0.436617  0.374717  0.353325  0.416615  0.542587  0.436937  0.845887  0.390748  0.337229  0.474295  0.726890  0.487662  0.426190  0.429877  0.580996  0.771343  0.380792  0.228119  0.419080  0.497423  0.420850  0.807582  0.311317  0.313949  0.384039  0.240073  0.628400  0.359594  0.369890  0.649319  0.451451  0.383889  0.447030 
10  0.202165  0.803244  0.874440  0.349738  0.355596  0.677282  0.356737  0.395086  0.599216  0.500562 0.0  0.434818  0.465579  0.812156  0.468101  0.348260  0.739515  0.627791  0.447901  0.447384  0.292004  0.850743  0.359520  0.547909  0.838350  0.850304  0.472577  0.390074  0.505866  0.366272  0.438790  0.263690  0.491215  0.531166  0.839616  0.478477  0.423409  0.748262  0.445420  0.721533  0.851280  0.457735  0.218698  0.435003  0.773701  0.480353  0.374020  0.319351  0.514875  0.437778  0.316669  0.518506  0.281793  0.396692  0.653130  0.272487  0.426567  0.572385  0.590784  0.580206  0.483674  0.395863  0.506017  0.762580  0.569757  0.340344  0.341728  0.778258  0.720564  0.561667  0.332138  0.411516  0.350152  0.452907  0.588771  0.245987  0.317348  0.426882  0.248935  0.750468  0.387659  0.525110  0.801988  0.394979  0.384318  0.365805  0.457057  0.520358  0.757570  0.451125  0.420681  0.492478  0.683195  0.605799  0.301151  0.679691  0.378158  0.766674  0.454182  0.552345  0.452652  0.497768  0.523804  0.547561  0.365840  0.573204  0.417392  0.750714  0.214657  0.378558  0.427486  0.477356  0.354981  0.281419  0.460664  0.259886  0.592281  0.419746  0.339116  0.779105  0.548541  0.313121  0.349503  0.748860  0.300303  0.505953  0.474451  0.650299  0.833680  0.394830  0.378201  0.367819  0.536552  0.548809  0.808569  0.247967  0.527436  0.479272  0.401856  0.769573  0.422245  0.221354  0.676754  0.382235  0.495276  0.298084 
11  0.450784  0.867837  0.754728  0.416505  0.498701  0.700565  0.434567  0.253221  0.390633  0.368129  0.434818 0.0  0.300520  0.795715  0.581186  0.332548  0.727801  0.621053  0.369065  0.651002  0.326679  0.902881  0.283171  0.416504  0.833935  0.679911  0.231095  0.362336  0.384441  0.317213  0.220629  0.429829  0.377192  0.323658  0.768404  0.294269  0.159077  0.665928  0.466764  0.753089  0.632476  0.444818  0.550226  0.325522  0.752051  0.419489  0.394673  0.374474  0.288789  0.385055  0.413664  0.194645  0.470317  0.288558  0.573781  0.313367  0.219772  0.503351  0.413414  0.414319  0.338782  0.425975  0.193950  0.766445  0.363371  0.584065  0.358810  0.560538  0.685151  0.465067  0.429901  0.450315  0.306901  0.634029  0.372655  0.468070  0.470578  0.446220  0.177249  0.712154  0.330490  0.395736  0.801448  0.263214  0.257534  0.267552  0.396858  0.333755  0.676334  0.336910  0.337989  0.340362  0.661930  0.551270  0.497935  0.752085  0.362044  0.757587  0.436434  0.355875  0.368844  0.314589  0.234834  0.360094  0.474429  0.374141  0.313314  0.723230  0.358009  0.345899  0.260802  0.367063  0.387829  0.280053  0.383462  0.454038  0.576210  0.565822  0.452545  0.850349  0.302724  0.428497  0.353014  0.604432  0.483317  0.394554  0.296801  0.422380  0.679160  0.297061  0.356697  0.352585  0.480114  0.465704  0.827657  0.520139  0.282286  0.317309  0.288053  0.694310  0.285333  0.507462  0.696454  0.329327  0.406227  0.274107 
12  0.282048  0.833835  0.722566  0.325345  0.333539  0.692712  0.381494  0.339009  0.563781  0.321553  0.465579  0.300520 0.0  0.830901  0.369172  0.266340  0.713166  0.618752  0.229244  0.456185  0.334611  0.706274  0.296840  0.575098  0.894999  0.801550  0.281772  0.376419  0.321481  0.364938  0.349081  0.417364  0.359935  0.218073  0.777564  0.267881  0.392432  0.767472  0.467113  0.760567  0.838083  0.426245  0.395871  0.335170  0.809013  0.345528  0.278188  0.485837  0.377827  0.321377  0.353908  0.315195  0.256629  0.368050  0.614438  0.324816  0.399805  0.525232  0.702342  0.407192  0.333726  0.347396  0.380410  0.792156  0.312492  0.288583  0.323220  0.792287  0.812035  0.397885  0.397036  0.357978  0.382152  0.543560  0.473823  0.359645  0.436750  0.505847  0.291410  0.857786  0.302112  0.444075  0.705760  0.353938  0.434145  0.430557  0.463212  0.342716  0.584808  0.334940  0.217873  0.340557  0.568032  0.484596  0.484438  0.621677  0.378623  0.827346  0.281874  0.274272  0.316306  0.323943  0.448320  0.306995  0.300127  0.392151  0.285666  0.782422  0.281232  0.447768  0.398371  0.443572  0.524713  0.518927  0.473862  0.340220  0.520700  0.529553  0.360919  0.800924  0.364324  0.451873  0.400274  0.732602  0.352755  0.413637  0.468756  0.608973  0.671657  0.417897  0.385808  0.338893  0.613240  0.413596  0.687547  0.445000  0.385238  0.442552  0.335886  0.765809  0.372689  0.438256  0.625939  0.452842  0.282243  0.320409 
13  0.671496  0.772849  0.676666  0.810203  0.732766  0.683472  0.704109  0.735764  0.720443  0.768098  0.812156  0.795715  0.830901 0.0  0.614007  0.765467  0.677965  0.614983  0.788478  0.665828  0.769295  0.738467  0.950948  0.610154  0.659327  0.712929  0.895178  0.784355  0.703907  0.861108  0.771199  0.758139  0.743013  0.805479  0.803105  0.758809  0.787997  0.778604  0.767577  0.761726  0.737904  0.732595  0.879892  0.791271  0.299479  0.726349  0.651710  0.692117  0.748503  0.830513  0.784004  0.776408  0.746378  0.776411  0.701710  0.799405  0.821428  0.645387  0.443354  0.905755  0.711086  0.702095  0.855475  0.831437  0.761420  0.817869  0.727765  0.844579  0.758962  0.770076  0.796879  0.767365  0.835073  0.791948  0.833162  0.819292  0.858776  0.745294  0.891548  0.637976  0.823897  0.783708  0.598047  0.856610  0.780201  0.780142  0.657938  0.790379  0.537902  0.768931  0.819540  0.748858  0.651380  0.410796  0.712742  0.760342  0.780244  0.776581  0.768333  0.730205  0.758490  0.786629  0.887434  0.814388  0.787365  0.855364  0.798979  0.766139  0.800880  0.760979  0.861151  0.748718  0.879139  0.860014  0.735713  0.642981  0.560746  0.763339  0.779581  0.749425  0.844397  0.766577  0.854201  0.739935  0.693263  0.903940  0.778955  0.781194  0.601081  0.793342  0.834251  0.744625  0.662181  0.746789  0.761268  0.566419  0.821992  0.721414  0.793868  0.668133  0.769970  0.750896  0.688425  0.776528  0.765787  0.742374 
14  0.417665  0.938076  0.862122  0.453417  0.584778  0.520324  0.542355  0.544470  0.158682  0.488208  0.468101  0.581186  0.369172  0.614007 0.0  0.423698  0.723563  0.680104  0.519213  0.419388  0.456025  0.801778  0.562513  0.611259  0.598303  0.809097  0.411771  0.552992  0.579635  0.578335  0.542181  0.432493  0.448778  0.575795  0.786164  0.476765  0.493045  0.763191  0.574548  0.731658  0.776592  0.240627  0.396361  0.475549  0.815976  0.361545  0.633025  0.385774  0.579463  0.460492  0.616273  0.498712  0.354358  0.476941  0.426244  0.451924  0.409210  0.353162  0.579591  0.630081  0.370237  0.619297  0.507171  0.725515  0.577548  0.469538  0.443930  0.759461  0.790256  0.371361  0.558149  0.461954  0.524574  0.211654  0.588208  0.478426  0.565860  0.420119  0.385186  0.844967  0.495178  0.512834  0.729496  0.574178  0.467147  0.588471  0.453920  0.550477  0.732189  0.507910  0.616288  0.509039  0.465161  0.549390  0.342470  0.527324  0.390702  0.871747  0.528792  0.521128  0.507007  0.380631  0.581331  0.413949  0.596285  0.583428  0.570030  0.794103  0.492279  0.566837  0.521307  0.480881  0.459454  0.349458  0.565971  0.514720  0.562171  0.265276  0.511855  0.779197  0.597836  0.448429  0.330343  0.723819  0.483534  0.484354  0.453547  0.513519  0.787326  0.519115  0.462127  0.442956  0.458540  0.454387  0.835938  0.515316  0.535977  0.420514  0.434812  0.795248  0.471542  0.554554  0.714008  0.459128  0.603476  0.447204 
15  0.285761  0.777084  0.671553  0.347833  0.288121  0.616812  0.311079  0.393827  0.554277  0.463252  0.348260  0.332548  0.266340  0.765467  0.423698 0.0  0.648014  0.674145  0.350344  0.520618  0.238092  0.728828  0.365900  0.423675  0.848892  0.749840  0.426564  0.328670  0.427032  0.341797  0.321519  0.306314  0.338604  0.504175  0.845005  0.259927  0.481719  0.784625  0.374988  0.741949  0.711288  0.328791  0.379686  0.375749  0.796007  0.371353  0.331771  0.406060  0.437633  0.434576  0.400553  0.380635  0.457738  0.384117  0.512832  0.399419  0.404611  0.442735  0.368916  0.446043  0.375056  0.454136  0.281183  0.834086  0.452346  0.347665  0.477972  0.955388  0.782682  0.415952  0.409306  0.351377  0.471689  0.515475  0.512955  0.388782  0.374892  0.457872  0.424561  0.770180  0.382766  0.406332  0.650122  0.214190  0.283708  0.177220  0.395694  0.330432  0.687923  0.434401  0.554664  0.337953  0.651941  0.488633  0.399847  0.602649  0.303674  0.869315  0.443200  0.416960  0.414465  0.275007  0.543238  0.493775  0.191361  0.492485  0.420173  0.877387  0.355294  0.300662  0.341126  0.353017  0.332355  0.355864  0.484141  0.431230  0.477201  0.496422  0.328802  0.755317  0.504482  0.305400  0.352646  0.642121  0.411500  0.289170  0.201947  0.483406  0.826057  0.207593  0.514064  0.309337  0.576624  0.561526  0.799079  0.353893  0.378432  0.400043  0.401144  0.692045  0.518563  0.382085  0.673394  0.453418  0.457600  0.435539 
16  0.779776  0.598712  0.764764  0.850018  0.730745  0.722255  0.772504  0.690786  0.643500  0.704329  0.739515  0.727801  0.713166  0.677965  0.723563  0.648014 0.0  0.578341  0.864687  0.622070  0.683682  0.603102  0.683914  0.511109  0.723214  0.662815  0.744079  0.657297  0.657199  0.756067  0.699142  0.762595  0.645402  0.816621  0.625496  0.697439  0.758798  0.567402  0.726859  0.749236  0.665094  0.713796  0.789306  0.780217  0.712628  0.632426  0.788750  0.866854  0.750262  0.799735  0.713958  0.742286  0.825802  0.771909  0.925167  0.711733  0.629173  0.701464  0.427990  0.855941  0.725397  0.587603  0.738353  0.661664  0.756669  0.733469  0.708448  0.689268  0.678440  0.560602  0.698300  0.776970  0.774646  0.759728  0.837431  0.709793  0.766588  0.692927  0.687599  0.719401  0.679439  0.814296  0.678298  0.729624  0.813167  0.605563  0.610162  0.781964  0.285097  0.794719  0.804484  0.723753  0.608994  0.607296  0.705637  0.739292  0.705892  0.750807  0.794247  0.747271  0.674141  0.715412  0.868653  0.747245  0.786375  0.769068  0.752037  0.745593  0.745431  0.686878  0.802351  0.714021  0.778640  0.678014  0.799255  0.685143  0.411528  0.677190  0.746055  0.648464  0.769103  0.724017  0.805728  0.655101  0.763907  0.636548  0.623759  0.721953  0.516279  0.736579  0.713390  0.696305  0.751866  0.757184  0.770092  0.736177  0.730377  0.585374  0.695947  0.606919  0.701725  0.727781  0.665713  0.820047  0.842015  0.652653 
17  0.662238  0.635815  0.729396  0.686472  0.627398  0.573700  0.620939  0.720471  0.738467  0.638604  0.627791  0.621053  0.618752  0.614983  0.680104  0.674145  0.578341 0.0  0.742994  0.577058  0.466397  0.697813  0.733130  0.410689  0.700674  0.593045  0.718708  0.598888  0.635665  0.655967  0.633226  0.735688  0.620398  0.699418  0.494512  0.499574  0.691224  0.591815  0.681619  0.682377  0.656613  0.701445  0.712802  0.588950  0.693096  0.555228  0.649690  0.653980  0.700327  0.692725  0.675234  0.685433  0.705336  0.652356  0.602867  0.645548  0.647414  0.608352  0.579451  0.642665  0.715577  0.725131  0.580344  0.673499  0.744558  0.647856  0.720643  0.557155  0.525429  0.619522  0.595301  0.702265  0.558366  0.766122  0.694585  0.720863  0.790934  0.772505  0.620794  0.647911  0.804808  0.689342  0.578098  0.643568  0.607481  0.615790  0.525433  0.655129  0.566755  0.659837  0.603926  0.648316  0.715456  0.519276  0.657352  0.591980  0.656468  0.524795  0.530348  0.733798  0.625508  0.672919  0.736685  0.700417  0.695567  0.760341  0.677207  0.775719  0.667755  0.574053  0.673028  0.604453  0.712758  0.631899  0.610833  0.593525  0.491408  0.656897  0.741439  0.636070  0.705141  0.569128  0.632689  0.573468  0.680204  0.681621  0.646378  0.665322  0.574437  0.582357  0.688440  0.540581  0.687760  0.645624  0.617911  0.620603  0.726934  0.701885  0.717778  0.565164  0.690593  0.638343  0.751246  0.606423  0.715346  0.644273 
18  0.380315  0.728264  0.750717  0.306634  0.405467  0.565061  0.285129  0.314196  0.466658  0.401268  0.447901  0.369065  0.229244  0.788478  0.519213  0.350344  0.864687  0.742994 0.0  0.493417  0.328184  0.791707  0.437180  0.601550  0.782042  0.786076  0.312949  0.228965  0.492217  0.428344  0.453371  0.487689  0.406909  0.500092  0.860102  0.347949  0.331262  0.673357  0.388080  0.744192  0.829115  0.409768  0.318584  0.398733  0.861009  0.358096  0.310113  0.335553  0.406878  0.462844  0.357403  0.410730  0.213075  0.325488  0.603855  0.194874  0.465352  0.435857  0.589334  0.313454  0.336296  0.450311  0.402695  0.907484  0.325918  0.287841  0.319779  0.885901  0.718230  0.441152  0.410049  0.405111  0.360102  0.385554  0.433237  0.409906  0.308403  0.397505  0.404279  0.848671  0.300868  0.383757  0.825582  0.381001  0.288008  0.425899  0.490730  0.296536  0.722235  0.428695  0.369907  0.315583  0.519615  0.589765  0.274409  0.632806  0.374569  0.835834  0.263753  0.296311  0.298580  0.317367  0.430365  0.337567  0.321169  0.371183  0.345264  0.787208  0.392677  0.462923  0.421654  0.364897  0.437545  0.399442  0.600387  0.411234  0.674354  0.348369  0.352728  0.800247  0.506276  0.453048  0.417073  0.816493  0.357781  0.332195  0.510716  0.585818  0.857304  0.513509  0.383002  0.319309  0.421309  0.584251  0.769175  0.376490  0.444583  0.400815  0.307096  0.778046  0.334710  0.384827  0.858451  0.450515  0.483916  0.410305 
19  0.451691  0.615060  0.692892  0.453849  0.608022  0.253273  0.494210  0.465585  0.474369  0.594810  0.447384  0.651002  0.456185  0.665828  0.419388  0.520618  0.622070  0.577058  0.493417 0.0  0.572062  0.690193  0.552787  0.488079  0.786605  0.648724  0.572756  0.612696  0.504119  0.489529  0.547733  0.541438  0.469403  0.577679  0.744362  0.469827  0.549326  0.716767  0.432717  0.699143  0.731481  0.515744  0.490326  0.421838  0.673193  0.552888  0.522829  0.516743  0.505910  0.579817  0.555284  0.552077  0.351134  0.576543  0.442633  0.408797  0.465614  0.383221  0.495327  0.595123  0.492834  0.415971  0.561483  0.816892  0.574804  0.546653  0.576573  0.738443  0.678341  0.374009  0.495733  0.504040  0.588481  0.499407  0.563869  0.525378  0.563775  0.530336  0.510184  0.655513  0.554577  0.496028  0.515479  0.540986  0.461963  0.470549  0.435734  0.508157  0.657657  0.560055  0.487705  0.650250  0.278964  0.524234  0.417931  0.409744  0.561334  0.689182  0.420602  0.536132  0.491556  0.532834  0.637693  0.500293  0.460655  0.473179  0.478076  0.713911  0.558209  0.552478  0.578762  0.486358  0.329869  0.409484  0.541936  0.445362  0.523187  0.404706  0.408199  0.693651  0.593990  0.569998  0.568351  0.688102  0.472634  0.466779  0.510606  0.487666  0.748791  0.497176  0.465611  0.470264  0.511696  0.472316  0.738990  0.491337  0.616146  0.478380  0.535899  0.548437  0.558650  0.526373  0.598823  0.404600  0.537328  0.396034 
20  0.337019  0.701326  0.765671  0.257325  0.255321  0.683627  0.257911  0.417770  0.513217  0.334654  0.292004  0.326679  0.334611  0.769295  0.456025  0.238092  0.683682  0.466397  0.328184  0.572062 0.0  0.729958  0.332809  0.426042  0.751320  0.790284  0.490197  0.386146  0.310109  0.361460  0.312586  0.382578  0.189519  0.375744  0.772216  0.190053  0.455593  0.720832  0.227265  0.795747  0.648221  0.513208  0.340853  0.326281  0.784278  0.441323  0.231672  0.420868  0.362941  0.347739  0.350604  0.484268  0.321598  0.429929  0.576494  0.364656  0.430486  0.479109  0.545419  0.338875  0.402913  0.379290  0.344176  0.879959  0.336390  0.366439  0.394589  0.753859  0.752950  0.359148  0.273686  0.323828  0.347733  0.560939  0.492187  0.303263  0.457481  0.348818  0.199177  0.823549  0.467951  0.463544  0.829907  0.195167  0.263182  0.231434  0.413445  0.274363  0.680134  0.326010  0.398295  0.424181  0.553435  0.456497  0.382843  0.692891  0.347873  0.603094  0.290971  0.434319  0.297609  0.378620  0.569231  0.412026  0.252976  0.308893  0.419805  0.890075  0.270253  0.226709  0.145294  0.388723  0.384499  0.268246  0.296483  0.327018  0.474539  0.423557  0.224659  0.720667  0.450308  0.404140  0.356036  0.736247  0.319964  0.255213  0.251963  0.497724  0.787100  0.174887  0.382754  0.276295  0.586415  0.436799  0.760391  0.354649  0.418584  0.453837  0.377694  0.690108  0.297962  0.422724  0.610122  0.376190  0.436500  0.419780 
21  0.762066  0.534441  0.473714  0.715017  0.874671  0.780975  0.813701  0.686835  0.748165  0.662595  0.850743  0.902881  0.706274  0.738467  0.801778  0.728828  0.603102  0.697813  0.791707  0.690193  0.729958 0.0  0.825867  0.538944  0.773160  0.728088  0.814713  0.851945  0.845497  0.891620  0.813303  0.750939  0.817823  0.954625  0.120369  0.805577  0.841789  0.601947  0.825206  0.476127  0.755873  0.755940  0.767097  0.737870  0.767774  0.739244  0.790952  0.674121  0.774720  0.627496  0.857713  0.790545  0.710488  0.730055  0.713974  0.699378  0.788582  0.731321  0.491381  0.774291  0.872575  0.702676  0.788599  0.763921  0.858556  0.824264  0.796231  0.287652  0.681291  0.532838  0.851943  0.772543  0.836153  0.742886  0.976133  0.750329  0.858289  0.837254  0.739340  0.376260  0.795977  0.772887  0.623476  0.817370  0.806140  0.701271  0.642695  0.706360  0.676079  0.891841  0.791974  0.821274  0.722405  0.437302  0.683934  0.686129  0.715791  0.570352  0.808378  0.700432  0.760787  0.920897  0.960652  0.894377  0.780744  0.764183  0.912259  0.767530  0.743786  0.820592  0.813332  0.815273  0.824864  0.755926  0.835604  0.810278  0.425379  0.781443  0.687533  0.402846  0.847088  0.837188  0.827670  0.376253  0.716740  0.823788  0.776275  0.716185  0.691822  0.763081  0.759231  0.732902  0.687195  0.758730  0.791401  0.768132  0.857540  0.816094  0.834680  0.698887  0.790311  0.905696  0.645579  0.777953  0.845892  0.689122 
22  0.454067  0.790020  0.825211  0.485513  0.543418  0.710112  0.334916  0.290938  0.506907  0.266651  0.359520  0.283171  0.296840  0.950948  0.562513  0.365900  0.683914  0.733130  0.437180  0.552787  0.332809  0.825867 0.0  0.554022  0.786121  0.853783  0.340812  0.245218  0.216910  0.571901  0.292645  0.517087  0.396301  0.273068  0.890551  0.414444  0.122519  0.705595  0.440600  0.737575  0.744042  0.444263  0.449394  0.376044  0.844452  0.402411  0.341538  0.544125  0.258756  0.150348  0.495405  0.295007  0.420623  0.360832  0.722008  0.318450  0.359138  0.551599  0.510484  0.268714  0.297585  0.399250  0.292453  0.771936  0.387348  0.511891  0.377774  0.716691  0.830389  0.427162  0.387603  0.423667  0.302016  0.559225  0.278539  0.382777  0.625249  0.361372  0.449327  0.740038  0.288047  0.364951  0.639643  0.308330  0.382364  0.395960  0.393552  0.215372  0.633270  0.217278  0.202462  0.234319  0.685722  0.606972  0.402923  0.711789  0.277019  0.907584  0.269764  0.171609  0.383178  0.258769  0.274131  0.305177  0.398522  0.346993  0.337743  0.735496  0.299621  0.458372  0.430450  0.466847  0.549773  0.316452  0.440180  0.415783  0.455946  0.548010  0.464019  0.703540  0.293344  0.494502  0.533957  0.762921  0.531572  0.402674  0.199966  0.694786  0.727863  0.336959  0.236016  0.388866  0.564747  0.485103  0.835645  0.481201  0.207069  0.471465  0.364967  0.686751  0.289838  0.502364  0.752296  0.347754  0.293601  0.308019 
23  0.671791  0.364097  0.426280  0.609697  0.653805  0.534300  0.459779  0.614993  0.483146  0.613201  0.547909  0.416504  0.575098  0.610154  0.611259  0.423675  0.511109  0.410689  0.601550  0.488079  0.426042  0.538944  0.554022 0.0  0.620747  0.606672  0.641741  0.498897  0.605050  0.522634  0.511484  0.525130  0.440857  0.449016  0.430108  0.479800  0.559408  0.425981  0.602981  0.559078  0.582609  0.580949  0.654234  0.637235  0.470712  0.462700  0.493389  0.622923  0.455325  0.515720  0.562890  0.536402  0.548843  0.498566  0.598736  0.647046  0.537189  0.651438  0.533340  0.564093  0.605712  0.551833  0.513565  0.535185  0.478023  0.484141  0.545265  0.446682  0.568479  0.585264  0.527509  0.537834  0.509428  0.609818  0.556047  0.681122  0.591597  0.541076  0.442331  0.428317  0.553532  0.487236  0.587566  0.534396  0.504034  0.586441  0.530459  0.688044  0.497320  0.421387  0.540395  0.510328  0.678161  0.525355  0.554671  0.492949  0.391964  0.612590  0.574944  0.534239  0.527045  0.472625  0.560141  0.391329  0.377290  0.530370  0.576201  0.802078  0.646704  0.543085  0.439079  0.623183  0.588408  0.546774  0.459828  0.534378  0.519121  0.641249  0.557882  0.510759  0.611524  0.549304  0.492919  0.471341  0.514836  0.473860  0.372482  0.530598  0.465908  0.436213  0.547987  0.532125  0.432710  0.478171  0.532059  0.615312  0.498964  0.586743  0.632023  0.516705  0.658803  0.543604  0.563077  0.471315  0.588871  0.426654 
24  0.780437  0.888322  0.878461  0.795669  0.614995  0.641299  0.706317  0.812961  0.660668  0.753846  0.838350  0.833935  0.894999  0.659327  0.598303  0.848892  0.723214  0.700674  0.782042  0.786605  0.751320  0.773160  0.786121  0.620747 0.0  0.260108  0.849123  0.728517  0.682772  0.770544  0.772511  0.778951  0.740289  0.863278  0.726072  0.766883  0.866272  0.509038  0.699147  0.631804  0.534316  0.746518  0.727025  0.816341  0.799172  0.684445  0.795368  0.760034  0.788056  0.828705  0.869943  0.796780  0.740154  0.648514  0.740911  0.959835  0.768652  0.576604  0.566910  0.835161  0.621736  0.824753  0.873661  0.827896  0.860310  0.829074  0.763742  0.724106  0.748351  0.668301  0.731412  0.812110  0.784921  0.722358  0.886894  0.700704  0.800116  0.860784  0.721445  0.773840  0.836069  0.786559  0.634427  0.822292  0.756527  0.811800  0.763263  0.795012  0.563930  0.853681  0.796461  0.837354  0.751377  0.569884  0.765511  0.725010  0.789281  0.645695  0.727476  0.881056  0.802629  0.736428  0.760716  0.715944  0.853558  0.700375  0.805292  0.683049  0.650016  0.837178  0.772090  0.731250  0.821964  0.698989  0.726668  0.765360  0.527800  0.729040  0.900268  0.758088  0.819091  0.804411  0.721577  0.751758  0.759250  0.686162  0.774617  0.661129  0.698031  0.824554  0.840294  0.765642  0.720981  0.670892  0.773043  0.744277  0.772830  0.707290  0.693043  0.399807  0.835802  0.747367  0.686167  0.708152  0.779375  0.661149 
25  0.728769  0.690203  0.746000  0.719554  0.833823  0.810676  0.672988  0.762593  0.814509  0.810951  0.850304  0.679911  0.801550  0.712929  0.809097  0.749840  0.662815  0.593045  0.786076  0.648724  0.790284  0.728088  0.853783  0.606672  0.260108 0.0  0.845648  0.863139  0.832165  0.789496  0.699149  0.733022  0.822298  0.859203  0.638552  0.777613  0.878089  0.461664  0.756662  0.753001  0.498841  0.748842  0.738645  0.786990  0.778744  0.851505  0.824138  0.754721  0.692781  0.852289  0.827365  0.838498  0.769570  0.807349  0.872961  0.787652  0.788493  0.561659  0.503200  0.799103  0.769992  0.745889  0.718881  0.679344  0.806540  0.900251  0.836912  0.752786  0.701376  0.623232  0.815894  0.758706  0.784934  0.750169  0.854762  0.799103  0.772684  0.737369  0.823527  0.760961  0.784247  0.727275  0.750036  0.803198  0.771615  0.696167  0.594414  0.701622  0.688026  0.922197  0.868152  0.858313  0.768758  0.586244  0.785861  0.764660  0.800241  0.638454  0.702089  0.788044  0.780208  0.725665  0.973892  0.773651  0.774239  0.819128  0.829861  0.837554  0.738539  0.757630  0.799818  0.800296  0.733652  0.609548  0.632989  0.897030  0.469259  0.768937  0.686449  0.664528  0.790080  0.768905  0.815059  0.703762  0.718488  0.793625  0.900383  0.817758  0.774797  0.808307  0.752190  0.737882  0.683193  0.641757  0.641515  0.790934  0.768736  0.772440  0.772639  0.358357  0.783050  0.715038  0.697952  0.753225  0.903505  0.632326 
26  0.323065  0.885006  0.858915  0.358179  0.460433  0.603387  0.413263  0.160380  0.524322  0.294243  0.472577  0.231095  0.281772  0.895178  0.411771  0.426564  0.744079  0.718708  0.312949  0.572756  0.490197  0.814713  0.340812  0.641741  0.849123  0.845648 0.0  0.298376  0.325066  0.533826  0.290054  0.469285  0.401213  0.375741  0.902519  0.500744  0.284788  0.783039  0.469148  0.763864  0.759274  0.324611  0.387047  0.409460  0.784976  0.485860  0.428272  0.421240  0.352922  0.314673  0.487187  0.418341  0.366225  0.223416  0.611626  0.326009  0.326911  0.329186  0.578906  0.171822  0.413729  0.335162  0.312177  0.886625  0.233869  0.521143  0.427406  0.798798  0.829741  0.439564  0.410564  0.474376  0.286309  0.601440  0.389432  0.337112  0.458796  0.524872  0.347511  0.920816  0.209791  0.237639  0.772244  0.359028  0.349019  0.398033  0.348048  0.354952  0.770375  0.343372  0.294494  0.249429  0.602487  0.595922  0.399700  0.622054  0.205232  0.921820  0.315017  0.372920  0.338733  0.204358  0.488502  0.316742  0.380171  0.132692  0.249115  0.767475  0.415673  0.421437  0.426289  0.444820  0.513958  0.445030  0.369411  0.333560  0.612649  0.470598  0.397778  0.851323  0.331907  0.378999  0.533808  0.863954  0.405397  0.406208  0.337570  0.698965  0.860035  0.444830  0.210138  0.443328  0.468704  0.613765  0.885064  0.427723  0.216465  0.382858  0.195569  0.768191  0.267953  0.513249  0.745020  0.286283  0.422105  0.321351 
