146
0 0.0  0.773025  0.714430  0.288710  0.333481  0.615370  0.308250  0.313795  0.444723  0.445575  0.244985  0.391730  0.361814  0.738193  0.384883  0.361095  0.727691  0.626177  0.285999  0.497107  0.300820  0.780048  0.451230  0.530900  0.752415  0.762065  0.294745  0.420563  0.456744  0.411167  0.464314  0.238779  0.374115  0.462860  0.765016  0.395264  0.509436  0.720952  0.322805  0.721961  0.725618  0.363644  0.311043  0.250156  0.762800  0.358936  0.307263  0.297566  0.400743  0.368295  0.299498  0.463259  0.186317  0.407578  0.504154  0.420665  0.433097  0.328809  0.491176  0.404658  0.311129  0.420507  0.444137  0.787431  0.435001  0.258874  0.287545  0.800827  0.796991  0.383840  0.398666  0.294515  0.426931  0.420984  0.512574  0.159894  0.428997  0.339514  0.314777  0.789839  0.313401  0.387043  0.734431  0.385435  0.301702  0.263578  0.338390  0.511953  0.651943  0.424240  0.558294  0.439341  0.544053  0.685138  0.235465  0.474888  0.329490  0.780806  0.390159  0.319794  0.505668  0.400905  0.516781  0.430169  0.349381  0.388467  0.410785  0.750562  0.243295  0.455739  0.326848  0.369591  0.440631  0.231238  0.453560  0.381771  0.510475  0.433724  0.348098  0.842740  0.521522  0.413400  0.220754  0.733827  0.251147  0.265262  0.345912  0.404554  0.700889  0.442084  0.391176  0.416669  0.527261  0.372414  0.748766  0.332752  0.333802  0.387528  0.357921  0.611949  0.322820  0.327046  0.693599  0.384630  0.514000  0.308323 
1  0.773025 0.0  0.310159  0.760669  0.730599  0.803379  0.825355  0.673590  0.730878  0.921911  0.855838  0.720957  0.640453  0.601790  0.715353  0.771303  0.715438  0.540519  0.819053  0.719165  0.829918  0.533323  0.786248  0.428871  0.670382  0.690037  0.799382  0.786008  0.790531  0.846501  0.682059  0.784921  0.783769  0.683341  0.546284  0.791968  0.723436  0.691444  0.742722  0.326092  0.642746  0.758142  0.891984  0.806853  0.624318  0.821626  0.682897  0.864368  0.773459  0.755647  0.792727  0.749703  0.766561  0.745049  0.783500  0.794246  0.699792  0.719509  0.510803  0.783165  0.684780  0.725336  0.776360  0.637165  0.827323  0.792774  0.881911  0.479685  0.821207  0.663992  0.790529  0.804554  0.687147  0.792734  0.809560  0.894346  0.863754  0.853637  0.529579  0.435883  0.834067  0.783543  0.688289  0.756677  0.846455  0.759114  0.726781  0.783669  0.762346  0.933487  0.908756  0.716423  0.806964  0.584184  0.754703  0.768493  0.838717  0.405096  0.767750  0.744137  0.721286  0.763966  0.871757  0.798938  0.721279  0.784384  0.715559  0.661990  0.773873  0.714428  0.651630  0.745569  0.804435  0.766851  0.715943  0.847044  0.440050  0.772334  0.816570  0.569796  0.893064  0.827436  0.823390  0.566635  0.861116  0.686512  0.718981  0.827212  0.572226  0.784480  0.762030  0.653631  0.730817  0.696480  0.720475  0.806867  0.805583  0.681172  0.791750  0.612503  0.836293  0.781100  0.636785  0.662656  0.787920  0.673481 
2  0.714430  0.310159 0.0  0.842872  0.830495  0.800368  0.777989  0.830119  0.832541  0.771957  0.772779  0.685503  0.839401  0.686136  0.757025  0.760125  0.718603  0.579218  0.842621  0.780660  0.758144  0.531995  0.730160  0.455460  0.774622  0.592374  0.815474  0.816824  0.766415  0.705025  0.727297  0.747462  0.821048  0.806484  0.483465  0.803405  0.690122  0.600563  0.815365  0.242041  0.601086  0.851171  0.817228  0.858995  0.631571  0.798079  0.750887  0.939389  0.783068  0.749609  0.876575  0.769753  0.868418  0.831700  0.694585  0.735503  0.766136  0.614418  0.517943  0.779919  0.687701  0.717988  0.727855  0.733786  0.772392  0.879769  0.866847  0.508886  0.717727  0.602690  0.808206  0.800952  0.764614  0.745399  0.835862  0.731805  0.866508  0.782707  0.689818  0.379542  0.860808  0.797366  0.845725  0.759336  0.801631  0.641290  0.598727  0.789786  0.523794  0.839699  0.801626  0.665983  0.798889  0.560637  0.845379  0.726102  0.793325  0.403474  0.783051  0.730683  0.720104  0.738132  0.823590  0.801044  0.689571  0.877246  0.727284  0.675549  0.731170  0.689179  0.812125  0.805297  0.815158  0.828831  0.849109  0.764724  0.518558  0.856755  0.661334  0.416668  0.759403  0.765553  0.766672  0.317773  0.810014  0.705344  0.661811  0.699998  0.639811  0.798765  0.770322  0.699791  0.675120  0.670988  0.723860  0.778899  0.706882  0.626592  0.780892  0.650590  0.754657  0.821459  0.650718  0.737624  0.670413  0.705697 
3  0.288710  0.760669  0.842872 0.0  0.334341  0.548989  0.187720  0.412506  0.447059  0.400209  0.294050  0.388217  0.471296  0.787813  0.438079  0.395658  0.738963  0.650129  0.276768  0.442733  0.250670  0.613647  0.475938  0.572453  0.657497  0.769499  0.333554  0.442974  0.442872  0.381194  0.384842  0.431424  0.276687  0.402610  0.827982  0.303814  0.449485  0.598049  0.419939  0.667123  0.704029  0.300914  0.275455  0.281784  0.729273  0.307530  0.341483  0.335787  0.387856  0.484233  0.200984  0.441301  0.241478  0.334732  0.499478  0.407046  0.491662  0.265763  0.527545  0.405857  0.355236  0.318318  0.466909  0.785996  0.459456  0.261627  0.211723  0.723320  0.697780  0.360152  0.280886  0.493344  0.439478  0.483854  0.446641  0.233618  0.357928  0.324659  0.389384  0.695136  0.358872  0.387965  0.719424  0.276447  0.316703  0.327467  0.419944  0.395507  0.660008  0.323004  0.435656  0.350961  0.435405  0.561723  0.265484  0.595369  0.388571  0.818303  0.466942  0.280920  0.395678  0.405284  0.542325  0.446704  0.449204  0.437167  0.312254  0.691903  0.259726  0.359772  0.327996  0.376831  0.326262  0.263591  0.503779  0.360124  0.518078  0.404989  0.419357  0.623496  0.332501  0.271297  0.326923  0.690086  0.285316  0.380894  0.362122  0.529265  0.812718  0.454819  0.394005  0.236200  0.460342  0.489574  0.769603  0.259425  0.415726  0.470202  0.302837  0.684815  0.409833  0.355599  0.683072  0.380772  0.476299  0.395702 
4  0.333481  0.730599  0.830495  0.334341 0.0  0.635361  0.377101  0.517738  0.406690  0.349853  0.239940  0.507641  0.305179  0.683013  0.477471  0.355204  0.769343  0.654011  0.316157  0.433713  0.271423  0.724770  0.349006  0.492976  0.724002  0.735837  0.397468  0.420914  0.322919  0.306457  0.362504  0.239405  0.371064  0.451867  0.691586  0.417284  0.343015  0.624033  0.216881  0.710078  0.779081  0.375708  0.208198  0.301049  0.647025  0.331940  0.342130  0.358711  0.433858  0.497809  0.433409  0.333224  0.331885  0.443490  0.448576  0.480344  0.514658  0.403795  0.471448  0.420515  0.490573  0.475643  0.369666  0.723371  0.372440  0.444318  0.373960  0.746683  0.745412  0.501193  0.328486  0.350496  0.418063  0.458294  0.519979  0.291766  0.199220  0.313306  0.349170  0.782803  0.421037  0.332394  0.776776  0.405206  0.301458  0.414598  0.512862  0.413968  0.658550  0.392781  0.478664  0.397476  0.559052  0.559360  0.216074  0.695061  0.456758  0.811332  0.471899  0.491117  0.408088  0.404514  0.502195  0.470901  0.372786  0.233483  0.342829  0.764755  0.301876  0.450345  0.345434  0.241480  0.190863  0.196404  0.392232  0.218727  0.522096  0.497900  0.392593  0.775558  0.522695  0.247472  0.259241  0.615242  0.355200  0.452781  0.357755  0.486274  0.791792  0.377902  0.460067  0.332891  0.416505  0.422530  0.725925  0.465713  0.456978  0.408073  0.381775  0.635739  0.336167  0.257652  0.709277  0.439964  0.569615  0.329411 
5  0.615370  0.803379  0.800368  0.548989  0.635361 0.0  0.586709  0.630810  0.486455  0.613279  0.674705  0.667701  0.507063  0.661941  0.555303  0.539106  0.758446  0.585337  0.464784  0.340885  0.585013  0.716744  0.614553  0.653345  0.673842  0.627498  0.587850  0.515100  0.626032  0.625174  0.667362  0.733952  0.584247  0.657697  0.734660  0.770369  0.644477  0.654660  0.591208  0.725010  0.754698  0.545000  0.527728  0.626713  0.737637  0.595892  0.600811  0.596608  0.660634  0.793296  0.639209  0.645149  0.518145  0.520662  0.564508  0.596388  0.649425  0.351019  0.449891  0.680341  0.666205  0.598101  0.625141  0.877448  0.781548  0.574153  0.621188  0.803643  0.802420  0.440158  0.788632  0.518486  0.630279  0.471188  0.726642  0.553677  0.568660  0.634509  0.547308  0.774840  0.616497  0.602492  0.755773  0.565915  0.652299  0.695233  0.475407  0.554189  0.610908  0.634372  0.700726  0.574962  0.184771  0.594260  0.546079  0.298698  0.672398  0.896070  0.688886  0.778327  0.560926  0.647631  0.766565  0.627858  0.609704  0.555538  0.583634  0.745902  0.543428  0.708449  0.726731  0.592805  0.603493  0.517038  0.663586  0.651282  0.583986  0.576646  0.635558  0.792997  0.780274  0.546938  0.669383  0.762899  0.616093  0.669016  0.695081  0.477080  0.754112  0.629357  0.565060  0.579142  0.384640  0.446556  0.672681  0.562645  0.743245  0.607441  0.501337  0.573696  0.663631  0.635805  0.654658  0.593660  0.684815  0.586438 
6  0.308250  0.825355  0.777989  0.187720  0.377101  0.586709 0.0  0.416679  0.484241  0.385023  0.319690  0.364175  0.380121  0.731830  0.429159  0.308202  0.603452  0.643692  0.395657  0.409192  0.262809  0.710694  0.343748  0.523222  0.882080  0.696078  0.422974  0.385363  0.436810  0.396756  0.362367  0.414696  0.271051  0.487137  0.696901  0.373774  0.379376  0.682532  0.363976  0.629301  0.760929  0.496282  0.266082  0.166524  0.677462  0.313063  0.429791  0.217251  0.314973  0.318326  0.244087  0.336643  0.207729  0.338051  0.427598  0.383449  0.443962  0.410836  0.648711  0.481308  0.377355  0.361107  0.378360  0.727502  0.513542  0.145525  0.311189  0.734026  0.691687  0.420513  0.290115  0.364653  0.333826  0.417179  0.460110  0.284113  0.310763  0.412577  0.284907  0.775153  0.408829  0.468298  0.598898  0.314817  0.329542  0.282151  0.396925  0.383773  0.682509  0.362822  0.358569  0.424012  0.476202  0.627714  0.337277  0.621810  0.420476  0.732191  0.353067  0.475634  0.449332  0.427119  0.573511  0.394697  0.351662  0.472085  0.345371  0.671321  0.214304  0.360657  0.287414  0.365064  0.376646  0.299715  0.333706  0.366976  0.552358  0.404881  0.329065  0.784618  0.404006  0.311117  0.338309  0.686142  0.230098  0.425615  0.369889  0.573363  0.770413  0.346529  0.381389  0.254907  0.475222  0.449139  0.732334  0.166410  0.443144  0.384539  0.312798  0.659259  0.394985  0.360163  0.636996  0.483596  0.497050  0.345151 
7  0.313795  0.673590  0.830119  0.412506  0.517738  0.630810  0.416679 0.0  0.418476  0.240757  0.390922  0.225274  0.324147  0.705052  0.417573  0.341929  0.698595  0.761227  0.344809  0.496214  0.322497  0.682191  0.136028  0.464885  0.659808  0.751752  0.191156  0.237955  0.301440  0.500230  0.352568  0.435829  0.317662  0.297529  0.864607  0.309355  0.227134  0.614944  0.437412  0.797138  0.740183  0.419411  0.395805  0.387838  0.758609  0.282858  0.359114  0.358798  0.315213  0.314033  0.431319  0.343792  0.419832  0.307056  0.581371  0.173082  0.271421  0.501394  0.457337  0.198159  0.280291  0.394602  0.225110  0.759838  0.182371  0.321203  0.458616  0.692831  0.768395  0.366724  0.377501  0.405095  0.341938  0.471595  0.336678  0.395976  0.330067  0.501603  0.286165  0.802582  0.149816  0.296045  0.689776  0.372989  0.403827  0.391108  0.434696  0.269199  0.793911  0.305140  0.350213  0.303305  0.556140  0.463304  0.393373  0.554219  0.250918  0.739405  0.342099  0.128414  0.334333  0.112958  0.462640  0.194873  0.382862  0.273161  0.145336  0.824947  0.187810  0.410510  0.379377  0.502648  0.467390  0.430793  0.322472  0.472491  0.546341  0.383562  0.494012  0.856508  0.322388  0.450205  0.393594  0.725409  0.447397  0.330628  0.380312  0.432302  0.760549  0.437639  0.156121  0.421056  0.429420  0.485019  0.894087  0.389239  0.397617  0.283658  0.217969  0.666476  0.172924  0.456776  0.630649  0.336864  0.274641  0.315552 
8  0.444723  0.730878  0.832541  0.447059  0.406690  0.486455  0.484241  0.418476 0.0  0.547045  0.549096  0.470072  0.509238  0.710444  0.320845  0.539679  0.833545  0.628691  0.471628  0.434891  0.347516  0.739701  0.508865  0.469853  0.650706  0.651552  0.494850  0.457952  0.481564  0.487954  0.488735  0.536541  0.491339  0.543078  0.747508  0.538125  0.493338  0.621203  0.433254  0.694264  0.769501  0.251144  0.430019  0.460267  0.700523  0.454157  0.583541  0.424889  0.518493  0.578582  0.465280  0.561277  0.354502  0.426983  0.418220  0.470410  0.473833  0.458527  0.518337  0.479269  0.366500  0.410763  0.466681  0.777822  0.528704  0.358159  0.354754  0.809619  0.697332  0.375140  0.564765  0.527780  0.495662  0.139300  0.494582  0.491799  0.464461  0.368609  0.415043  0.722551  0.429035  0.491517  0.731850  0.517515  0.451600  0.471699  0.451653  0.488360  0.601223  0.559832  0.524375  0.528122  0.549381  0.557122  0.336981  0.477014  0.598822  0.762356  0.503135  0.489005  0.538030  0.496706  0.576107  0.471694  0.585974  0.538049  0.527476  0.660538  0.327154  0.546571  0.559105  0.459786  0.510760  0.445170  0.479197  0.485420  0.559503  0.354426  0.509014  0.712069  0.511282  0.509876  0.542970  0.645373  0.392117  0.460414  0.411491  0.518994  0.721804  0.465138  0.525476  0.417042  0.366516  0.410261  0.809444  0.466347  0.512190  0.435337  0.519152  0.626593  0.515118  0.491211  0.627470  0.540321  0.617638  0.432367 
9  0.445575  0.921911  0.771957  0.400209  0.349853  0.613279  0.385023  0.240757  0.547045 0.0  0.500311  0.221959  0.353601  0.886831  0.525587  0.429530  0.666779  0.594667  0.341251  0.532189  0.402069  0.789091  0.303329  0.445880  0.790504  0.728507  0.287984  0.292663  0.292941  0.462872  0.271182  0.436602  0.388747  0.372242  0.714865  0.330593  0.455748  0.734090  0.460172  0.778074  0.638113  0.457494  0.340641  0.390552  0.710578  0.384132  0.278035  0.354154  0.319767  0.337836  0.383297  0.337986  0.449250  0.223263  0.518027  0.278566  0.280664  0.417041  0.536502  0.371881  0.431480  0.425870  0.262940  0.683163  0.272493  0.395657  0.316551  0.815059  0.803296  0.439411  0.461354  0.438138  0.369711  0.456400  0.344304  0.451960  0.501528  0.370816  0.326238  0.748447  0.423966  0.347060  0.715078  0.300677  0.398308  0.395180  0.472599  0.178358  0.673655  0.299324  0.415754  0.290000  0.608444  0.514441  0.410418  0.590119  0.277914  0.718378  0.360110  0.309868  0.376547  0.300101  0.316419  0.268721  0.432423  0.181120  0.326624  0.701965  0.439874  0.472870  0.366540  0.374886  0.395761  0.355261  0.373988  0.356950  0.446846  0.483400  0.336140  0.718049  0.414593  0.407613  0.385282  0.685122  0.301727  0.312135  0.404027  0.571753  0.781860  0.442603  0.277321  0.364584  0.621224  0.446773  0.705008  0.335719  0.341285  0.354047  0.220671  0.650302  0.235115  0.361076  0.676217  0.300780  0.382826  0.331770 
10  0.244985  0.855838  0.772779  0.294050  0.239940  0.674705  0.319690  0.390922  0.549096  0.500311 0.0  0.458578  0.400287  0.730691  0.443414  0.311206  0.684279  0.652175  0.415114  0.436051  0.378248  0.650230  0.433270  0.487178  0.714096  0.813866  0.496875  0.375810  0.478607  0.404426  0.438516  0.354619  0.375113  0.485127  0.746741  0.428533  0.361845  0.793097  0.398944  0.709666  0.727406  0.318966  0.274306  0.317391  0.734913  0.314883  0.393639  0.165936  0.420299  0.451277  0.400311  0.432102  0.343472  0.354921  0.429209  0.412821  0.424765  0.486532  0.535152  0.383625  0.470858  0.306932  0.493200  0.691228  0.640668  0.350902  0.321985  0.801169  0.718521  0.339605  0.272773  0.494377  0.444918  0.360109  0.540352  0.221410  0.322460  0.328352  0.243939  0.780874  0.419698  0.445514  0.754724  0.324188  0.260875  0.327354  0.454505  0.434436  0.570104  0.488573  0.469824  0.442503  0.570718  0.489673  0.250438  0.595174  0.386994  0.846349  0.345764  0.373753  0.410415  0.470261  0.579690  0.355065  0.459855  0.435497  0.463221  0.630737  0.281579  0.260920  0.445356  0.416467  0.249172  0.256828  0.390250  0.386918  0.566115  0.403076  0.356915  0.682142  0.538708  0.355855  0.350916  0.703633  0.290722  0.463099  0.240202  0.505540  0.656416  0.367318  0.462440  0.434835  0.442245  0.584868  0.738893  0.185861  0.443831  0.502802  0.417444  0.695543  0.462401  0.301657  0.707258  0.540463  0.382678  0.311189 
11  0.391730  0.720957  0.685503  0.388217  0.507641  0.667701  0.364175  0.225274  0.470072  0.221959  0.458578 0.0  0.461161  0.672544  0.571338  0.294630  0.686272  0.554550  0.314266  0.479956  0.234809  0.818690  0.351850  0.460999  0.647162  0.710900  0.340978  0.220080  0.271364  0.352047  0.234124  0.448995  0.307641  0.365934  0.752515  0.373748  0.193723  0.644823  0.446296  0.611104  0.593325  0.422335  0.385201  0.535522  0.573780  0.348730  0.336352  0.512289  0.337161  0.246743  0.342636  0.140389  0.356470  0.266031  0.529714  0.290845  0.145140  0.561301  0.423724  0.305648  0.348629  0.377914  0.224974  0.657502  0.357910  0.432454  0.386778  0.703007  0.757583  0.402105  0.337333  0.423053  0.391207  0.559828  0.380979  0.446455  0.532259  0.439836  0.183406  0.798862  0.434436  0.391546  0.818208  0.409812  0.388560  0.285738  0.358777  0.304367  0.641644  0.350468  0.284329  0.343381  0.718450  0.479712  0.363692  0.615371  0.304649  0.768322  0.406249  0.354167  0.396000  0.244990  0.423772  0.322498  0.382821  0.398709  0.407096  0.617147  0.374657  0.264414  0.312347  0.397754  0.457569  0.392409  0.311076  0.476991  0.458225  0.502740  0.358310  0.670792  0.270934  0.435629  0.421614  0.584241  0.451876  0.351632  0.213753  0.509023  0.539728  0.357035  0.205991  0.257329  0.480567  0.323497  0.764130  0.363686  0.245817  0.293255  0.374560  0.618454  0.279377  0.359858  0.607087  0.233275  0.257937  0.314491 
12  0.361814  0.640453  0.839401  0.471296  0.305179  0.507063  0.380121  0.324147  0.509238  0.353601  0.400287  0.461161 0.0  0.771705  0.505577  0.334996  0.660932  0.654216  0.215452  0.620289  0.297672  0.803504  0.368357  0.558564  0.732641  0.663998  0.311360  0.401383  0.304600  0.442772  0.322602  0.327917  0.283472  0.355195  0.742082  0.320375  0.339649  0.671328  0.404227  0.700167  0.696848  0.452401  0.407531  0.281806  0.749675  0.282675  0.290210  0.370606  0.390212  0.382472  0.286673  0.175251  0.333468  0.375631  0.457870  0.314073  0.284374  0.396830  0.524133  0.307260  0.290423  0.337769  0.376889  0.760009  0.450081  0.359558  0.313143  0.710125  0.710671  0.428728  0.318380  0.373763  0.395226  0.414045  0.452167  0.329252  0.300850  0.339799  0.203841  0.853310  0.403076  0.256003  0.663853  0.318811  0.260739  0.322254  0.409767  0.296533  0.639212  0.325975  0.377221  0.365176  0.626848  0.561063  0.340451  0.489847  0.362806  0.821968  0.382724  0.366652  0.340561  0.371622  0.418700  0.365392  0.262694  0.315261  0.304335  0.807995  0.280990  0.421655  0.279246  0.361990  0.335855  0.428422  0.372506  0.438273  0.544609  0.529779  0.353784  0.769979  0.458025  0.380164  0.340072  0.553151  0.400363  0.428990  0.351990  0.455914  0.745438  0.384002  0.376914  0.272975  0.533940  0.508161  0.747132  0.350979  0.393848  0.372027  0.391392  0.619128  0.347369  0.350827  0.662490  0.411242  0.269690  0.349210 
13  0.738193  0.601790  0.686136  0.787813  0.683013  0.661941  0.731830  0.705052  0.710444  0.886831  0.730691  0.672544  0.771705 0.0  0.647966  0.791107  0.623491  0.631657  0.633349  0.645902  0.728793  0.637940  0.711038  0.539583  0.815797  0.698949  0.782082  0.720242  0.838493  0.780584  0.769291  0.638056  0.765749  0.662416  0.620383  0.735126  0.713260  0.660458  0.787164  0.633850  0.708066  0.659574  0.663702  0.688568  0.254090  0.692964  0.720877  0.725834  0.782167  0.792246  0.688251  0.715422  0.702406  0.770322  0.576124  0.712747  0.833609  0.617126  0.555152  0.672530  0.754943  0.743023  0.861961  0.787300  0.667411  0.811735  0.706909  0.746060  0.643346  0.604642  0.629608  0.777388  0.706616  0.678868  0.784005  0.716378  0.714399  0.721852  0.669818  0.722381  0.738097  0.742130  0.777163  0.733099  0.701295  0.649379  0.626195  0.650622  0.663147  0.817317  0.793378  0.762776  0.757017  0.512353  0.811317  0.610868  0.740439  0.609727  0.654022  0.721350  0.725169  0.839332  0.897285  0.727966  0.785121  0.675452  0.647308  0.661285  0.678201  0.793598  0.684096  0.765185  0.667586  0.698827  0.712905  0.659253  0.389153  0.718120  0.664916  0.696862  0.875348  0.729026  0.699717  0.743159  0.719946  0.717855  0.664465  0.694151  0.491107  0.731984  0.774528  0.654309  0.681226  0.664438  0.654916  0.744214  0.765293  0.693086  0.711828  0.526493  0.698026  0.765331  0.644837  0.720848  0.757176  0.653854 
14  0.384883  0.715353  0.757025  0.438079  0.477471  0.555303  0.429159  0.417573  0.320845  0.525587  0.443414  0.571338  0.505577  0.647966 0.0  0.467698  0.751865  0.666072  0.464946  0.502129  0.415511  0.694624  0.484483  0.691283  0.748543  0.722396  0.505708  0.499128  0.473143  0.447627  0.493735  0.578481  0.413897  0.570028  0.770303  0.496548  0.567730  0.626263  0.391839  0.706985  0.754976  0.261893  0.491484  0.398203  0.765924  0.374194  0.524502  0.485852  0.429130  0.519646  0.522361  0.467759  0.398644  0.448748  0.545542  0.543024  0.463971  0.304601  0.452298  0.570391  0.404558  0.427492  0.555619  0.754224  0.536229  0.403921  0.421273  0.716791  0.769798  0.493596  0.629651  0.446550  0.484102  0.217125  0.606720  0.390943  0.518424  0.438172  0.424246  0.751711  0.422953  0.507968  0.609089  0.552191  0.490118  0.464249  0.448862  0.565269  0.731120  0.581143  0.592913  0.548721  0.536419  0.603366  0.383740  0.629544  0.401616  0.831720  0.444149  0.481211  0.454428  0.500060  0.625729  0.491348  0.464375  0.603046  0.536648  0.670431  0.446331  0.497312  0.459187  0.443591  0.478215  0.420007  0.589384  0.401586  0.583462  0.378459  0.469457  0.781990  0.595702  0.350399  0.446727  0.672974  0.400754  0.422858  0.517163  0.477418  0.715320  0.508703  0.524905  0.509923  0.385992  0.391923  0.825900  0.460503  0.586086  0.384522  0.467548  0.631786  0.580639  0.465638  0.572722  0.434458  0.642886  0.419398 
15  0.361095  0.771303  0.760125  0.395658  0.355204  0.539106  0.308202  0.341929  0.539679  0.429530  0.311206  0.294630  0.334996  0.791107  0.467698 0.0  0.815458  0.613786  0.355939  0.494799  0.211679  0.762840  0.359271  0.443602  0.701256  0.653280  0.384853  0.282805  0.372022  0.392032  0.278225  0.337784  0.184817  0.494083  0.696568  0.131079  0.378057  0.684664  0.372915  0.684667  0.645151  0.396315  0.408518  0.314765  0.623043  0.288800  0.283200  0.359092  0.381294  0.429158  0.454657  0.488924  0.278221  0.334103  0.486371  0.411329  0.413231  0.484262  0.581683  0.442474  0.347535  0.393625  0.282214  0.854047  0.420146  0.369067  0.351591  0.597079  0.751563  0.452373  0.271935  0.251387  0.379075  0.482824  0.413236  0.334525  0.416817  0.409215  0.324416  0.659378  0.466039  0.431666  0.727245  0.213860  0.231312  0.241172  0.323228  0.354810  0.547273  0.412579  0.442548  0.403688  0.657060  0.449108  0.216178  0.593697  0.382462  0.755753  0.393142  0.335147  0.415437  0.321324  0.467801  0.484200  0.211797  0.387288  0.433860  0.726738  0.359771  0.238963  0.145487  0.382078  0.274401  0.301807  0.473601  0.342630  0.560550  0.459558  0.198074  0.675241  0.499016  0.308670  0.280459  0.647910  0.345154  0.195211  0.288187  0.580912  0.741252  0.267469  0.388795  0.291712  0.483108  0.541516  0.747019  0.348448  0.294965  0.424363  0.315255  0.651129  0.418331  0.333255  0.609026  0.359529  0.469098  0.318850 
16  0.727691  0.715438  0.718603  0.738963  0.769343  0.758446  0.603452  0.698595  0.833545  0.666779  0.684279  0.686272  0.660932  0.623491  0.751865  0.815458 0.0  0.687912  0.742797  0.550860  0.617989  0.599087  0.579636  0.552212  0.586507  0.609561  0.619807  0.638738  0.721615  0.782210  0.643630  0.772908  0.663722  0.687151  0.622381  0.677729  0.760663  0.633223  0.795262  0.708432  0.684303  0.753132  0.694990  0.712376  0.644054  0.692813  0.690037  0.699282  0.806312  0.689335  0.605131  0.697758  0.778936  0.698524  0.583855  0.717998  0.710036  0.732022  0.406417  0.696695  0.694162  0.582217  0.619431  0.634589  0.681035  0.696511  0.590854  0.571661  0.620705  0.637320  0.703289  0.737833  0.745469  0.672923  0.792929  0.724333  0.780935  0.683030  0.670022  0.635334  0.618908  0.751930  0.534733  0.612745  0.682112  0.628144  0.500768  0.766512  0.316059  0.709732  0.731655  0.714000  0.620342  0.533940  0.662156  0.754608  0.732318  0.685543  0.701999  0.697056  0.718417  0.607788  0.793221  0.659363  0.741442  0.712442  0.683386  0.708482  0.611109  0.670422  0.634515  0.750262  0.720710  0.680070  0.787478  0.718821  0.459656  0.669203  0.704628  0.639048  0.633046  0.636766  0.607416  0.613158  0.677953  0.697222  0.627595  0.642525  0.628841  0.719550  0.677590  0.683866  0.577930  0.698041  0.688413  0.698610  0.666238  0.780814  0.743665  0.539716  0.650625  0.637045  0.569541  0.726098  0.780259  0.623104 
17  0.626177  0.540519  0.579218  0.650129  0.654011  0.585337  0.643692  0.761227  0.628691  0.594667  0.652175  0.554550  0.654216  0.631657  0.666072  0.613786  0.687912 0.0  0.629576  0.547464  0.671916  0.634333  0.639295  0.426512  0.657374  0.511284  0.692995  0.565008  0.634829  0.640685  0.549170  0.623214  0.662024  0.658996  0.578728  0.651067  0.590697  0.539555  0.614742  0.596546  0.556675  0.687220  0.529079  0.595881  0.638934  0.598106  0.584134  0.641689  0.547513  0.603447  0.620714  0.582068  0.725976  0.557860  0.560443  0.630874  0.519961  0.535831  0.439189  0.541965  0.601157  0.701676  0.621833  0.556900  0.622049  0.666205  0.558880  0.575790  0.607716  0.484614  0.548992  0.637968  0.774511  0.542667  0.611155  0.685590  0.707903  0.633595  0.538361  0.502749  0.636782  0.650486  0.653846  0.597487  0.520350  0.599843  0.581673  0.556706  0.587874  0.655762  0.744048  0.700954  0.671212  0.555477  0.590474  0.701265  0.551449  0.629955  0.652673  0.563202  0.658686  0.648170  0.642750  0.614930  0.607686  0.610029  0.613470  0.651778  0.507009  0.502204  0.563310  0.659519  0.595724  0.622198  0.462043  0.589242  0.462243  0.643602  0.537759  0.718835  0.672885  0.540691  0.643203  0.618402  0.651309  0.523104  0.583848  0.540053  0.455704  0.499176  0.538216  0.623381  0.606955  0.607163  0.548155  0.563428  0.693519  0.606107  0.602558  0.524951  0.652949  0.607645  0.686060  0.656955  0.631585  0.569075 
18  0.285999  0.819053  0.842621  0.276768  0.316157  0.464784  0.395657  0.344809  0.471628  0.341251  0.415114  0.314266  0.215452  0.633349  0.464946  0.355939  0.742797  0.629576 0.0  0.408036  0.280650  0.725134  0.316485  0.653157  0.676857  0.703077  0.284936  0.255994  0.293510  0.388582  0.310554  0.409651  0.245547  0.331942  0.924240  0.300006  0.328507  0.680748  0.347212  0.731809  0.751208  0.419594  0.390419  0.422184  0.708822  0.253908  0.443592  0.307755  0.430673  0.249431  0.346355  0.410371  0.208303  0.246433  0.447446  0.302554  0.370935  0.459865  0.518943  0.292833  0.350524  0.527295  0.394472  0.712311  0.328615  0.271820  0.244345  0.780879  0.759408  0.475348  0.348075  0.415332  0.373257  0.427074  0.439405  0.403232  0.392298  0.322241  0.436321  0.810244  0.259987  0.403204  0.664684  0.425006  0.321664  0.361169  0.449732  0.387677  0.670857  0.347646  0.384677  0.403477  0.597605  0.548217  0.344133  0.503862  0.295996  0.817045  0.373505  0.206272  0.423281  0.301817  0.441476  0.333040  0.313378  0.256192  0.320773  0.727799  0.344387  0.329059  0.372750  0.437994  0.379187  0.389342  0.485713  0.299866  0.547111  0.391538  0.294920  0.725052  0.386195  0.406472  0.382236  0.668362  0.402580  0.264874  0.386589  0.508521  0.815233  0.410228  0.257091  0.371811  0.462463  0.495329  0.734393  0.345232  0.345316  0.406742  0.210050  0.652626  0.217439  0.467678  0.671034  0.308985  0.391894  0.302898 
19  0.497107  0.719165  0.780660  0.442733  0.433713  0.340885  0.409192  0.496214  0.434891  0.532189  0.436051  0.479956  0.620289  0.645902  0.502129  0.494799  0.550860  0.547464  0.408036 0.0  0.416515  0.668195  0.509254  0.517547  0.628771  0.716960  0.513846  0.527194  0.397333  0.445647  0.391502  0.469173  0.513633  0.554849  0.666623  0.527602  0.504677  0.718350  0.430093  0.627074  0.680429  0.457251  0.416493  0.463452  0.587403  0.506505  0.465870  0.456754  0.543867  0.349663  0.471010  0.478028  0.430884  0.450893  0.385308  0.568937  0.487839  0.422484  0.521955  0.453579  0.441484  0.520669  0.382700  0.701051  0.479107  0.451034  0.542056  0.761233  0.577773  0.368667  0.502483  0.364952  0.543121  0.388218  0.576074  0.307228  0.494988  0.435985  0.459508  0.700677  0.515570  0.480927  0.585599  0.536640  0.523522  0.476662  0.404340  0.586622  0.622460  0.452720  0.467206  0.538860  0.275837  0.452322  0.495288  0.281838  0.410296  0.708840  0.506042  0.499043  0.443792  0.570323  0.699329  0.543400  0.485522  0.463833  0.399756  0.668437  0.381792  0.556599  0.453196  0.436710  0.545092  0.413354  0.561101  0.362895  0.486601  0.436297  0.488751  0.740850  0.540314  0.471235  0.442488  0.546558  0.368933  0.396600  0.487313  0.367882  0.612475  0.541052  0.465974  0.527387  0.481820  0.419352  0.706796  0.448765  0.551480  0.438085  0.594275  0.653953  0.556406  0.499997  0.674089  0.490731  0.507194  0.434281 
20  0.300820  0.829918  0.758144  0.250670  0.271423  0.585013  0.262809  0.322497  0.347516  0.402069  0.378248  0.234809  0.297672  0.728793  0.415511  0.211679  0.617989  0.671916  0.280650  0.416515 0.0  0.615244  0.296171  0.514628  0.779133  0.644316  0.307553  0.392077  0.393253  0.277239  0.360026  0.383100  0.276701  0.439997  0.795259  0.317834  0.435840  0.605446  0.245588  0.665829  0.585416  0.424277  0.319056  0.277950  0.687493  0.316322  0.151941  0.325190  0.318047  0.323650  0.257140  0.295514  0.325804  0.469975  0.506256  0.391231  0.245467  0.375735  0.438427  0.342287  0.329911  0.360858  0.357015  0.706882  0.393610  0.331515  0.269724  0.707767  0.680980  0.416505  0.263213  0.282410  0.285733  0.507011  0.311062  0.264822  0.434364  0.359285  0.259934  0.714937  0.349887  0.438970  0.663812  0.161116  0.225372  0.236133  0.401939  0.360697  0.645370  0.449532  0.457530  0.338642  0.573773  0.484742  0.233099  0.547659  0.344411  0.743067  0.342216  0.202344  0.356306  0.368333  0.398783  0.343534  0.275091  0.305402  0.399344  0.703403  0.392821  0.247392  0.137978  0.287111  0.284921  0.162059  0.417988  0.376553  0.515387  0.440929  0.209825  0.718546  0.374939  0.273521  0.278816  0.682322  0.240015  0.240780  0.194812  0.549364  0.640974  0.193094  0.293516  0.335001  0.487121  0.537361  0.690004  0.298410  0.391266  0.443436  0.320130  0.570722  0.487242  0.337328  0.552970  0.343956  0.363447  0.290590 
21  0.780048  0.533323  0.531995  0.613647  0.724770  0.716744  0.710694  0.682191  0.739701  0.789091  0.650230  0.818690  0.803504  0.637940  0.694624  0.762840  0.599087  0.634333  0.725134  0.668195  0.615244 0.0  0.665866  0.589937  0.656540  0.761922  0.871227  0.780032  0.817208  0.688070  0.723273  0.831691  0.660452  0.784416  0.333123  0.697651  0.820974  0.707292  0.744556  0.504214  0.651409  0.714794  0.734793  0.707726  0.675839  0.823512  0.649686  0.719552  0.732464  0.660373  0.786429  0.786124  0.742566  0.701292  0.761305  0.752045  0.740217  0.630591  0.473208  0.724515  0.707697  0.740511  0.748718  0.728701  0.795509  0.729636  0.758727  0.335628  0.739624  0.588726  0.652989  0.786650  0.790215  0.758464  0.785769  0.650024  0.727644  0.757281  0.584925  0.418253  0.800965  0.717498  0.757156  0.714916  0.613657  0.635699  0.546666  0.771787  0.577024  0.767801  0.833267  0.652802  0.689773  0.324030  0.684244  0.628074  0.765456  0.534789  0.708835  0.683089  0.776309  0.802880  0.848643  0.851982  0.690374  0.671495  0.756629  0.642734  0.721579  0.765274  0.724673  0.739876  0.700612  0.636212  0.758111  0.747142  0.500860  0.669753  0.815857  0.271064  0.828635  0.841461  0.782106  0.380456  0.740842  0.767859  0.678982  0.728321  0.735412  0.579001  0.728105  0.700257  0.705374  0.671916  0.788645  0.688419  0.803403  0.752176  0.743085  0.596970  0.686941  0.824909  0.547867  0.724523  0.795528  0.643650 
22  0.451230  0.786248  0.730160  0.475938  0.349006  0.614553  0.343748  0.136028  0.508865  0.303329  0.433270  0.351850  0.368357  0.711038  0.484483  0.359271  0.579636  0.639295  0.316485  0.509254  0.296171  0.665866 0.0  0.434713  0.840560  0.731380  0.285780  0.188110  0.180600  0.311288  0.149505  0.350958  0.424639  0.323122  0.791862  0.271163  0.231694  0.656743  0.456497  0.681008  0.708718  0.352363  0.401523  0.417662  0.770654  0.315932  0.385523  0.459707  0.292096  0.338679  0.356613  0.348378  0.477574  0.289827  0.506185  0.246615  0.260264  0.463828  0.387392  0.290165  0.341788  0.292361  0.132018  0.645347  0.288888  0.430674  0.412600  0.703619  0.888505  0.454724  0.394204  0.463284  0.355889  0.450255  0.256099  0.363486  0.412861  0.399658  0.298192  0.742279  0.286070  0.307123  0.756428  0.329189  0.424583  0.355390  0.478465  0.200768  0.617408  0.306537  0.299830  0.397588  0.601676  0.508378  0.322278  0.587267  0.365155  0.874973  0.323372  0.265556  0.407869  0.290626  0.275542  0.303131  0.280787  0.371542  0.252602  0.741437  0.442762  0.343423  0.335087  0.433152  0.474897  0.422400  0.318835  0.409794  0.396633  0.558349  0.406262  0.692283  0.243443  0.437746  0.387168  0.605788  0.298949  0.314691  0.326985  0.453462  0.655413  0.401461  0.138091  0.314185  0.525638  0.388994  0.732925  0.435719  0.298575  0.438183  0.312024  0.681005  0.199639  0.335483  0.618676  0.309543  0.272635  0.312199 
23  0.530900  0.428871  0.455460  0.572453  0.492976  0.653345  0.523222  0.464885  0.469853  0.445880  0.487178  0.460999  0.558564  0.539583  0.691283  0.443602  0.552212  0.426512  0.653157  0.517547  0.514628  0.589937  0.434713 0.0  0.479275  0.462204  0.604903  0.443141  0.442053  0.408158  0.467589  0.526481  0.441360  0.416756  0.476329  0.451229  0.355066  0.412328  0.513202  0.501307  0.383402  0.542552  0.516320  0.572054  0.543082  0.654275  0.339838  0.501056  0.448908  0.531003  0.484032  0.424539  0.587091  0.518301  0.579448  0.515017  0.460157  0.626206  0.474410  0.500556  0.447239  0.512298  0.449234  0.662979  0.521115  0.524742  0.523065  0.410599  0.445890  0.576382  0.559255  0.590178  0.552132  0.492738  0.537873  0.512699  0.491524  0.606341  0.458082  0.397987  0.566392  0.537012  0.550835  0.343826  0.462675  0.412145  0.530226  0.559167  0.501417  0.477734  0.460977  0.470709  0.464689  0.399698  0.566130  0.603566  0.467195  0.487021  0.589665  0.581415  0.442084  0.533406  0.522029  0.464248  0.474789  0.462834  0.594538  0.623518  0.534503  0.420489  0.360093  0.514351  0.559108  0.525144  0.457798  0.533234  0.434775  0.553532  0.450579  0.404988  0.571337  0.429763  0.563926  0.474874  0.571736  0.452049  0.231988  0.561313  0.355241  0.399003  0.445457  0.435118  0.492910  0.466025  0.504834  0.456852  0.455126  0.460225  0.450239  0.522031  0.533371  0.527291  0.462242  0.403421  0.463535  0.411874 
24  0.752415  0.670382  0.774622  0.657497  0.724002  0.673842  0.882080  0.659808  0.650706  0.790504  0.714096  0.647162  0.732641  0.815797  0.748543  0.701256  0.586507  0.657374  0.676857  0.628771  0.779133  0.656540  0.840560  0.479275 0.0  0.287713  0.800532  0.770897  0.792440  0.756814  0.773260  0.762080  0.763980  0.912037  0.752512  0.772794  0.745792  0.477739  0.724332  0.605193  0.488265  0.700151  0.744422  0.610668  0.704919  0.668849  0.715150  0.663334  0.738913  0.756227  0.641274  0.768847  0.686579  0.697793  0.772188  0.733405  0.782138  0.569679  0.511235  0.785810  0.716679  0.639900  0.809994  0.670469  0.785659  0.709206  0.691906  0.763600  0.671296  0.592279  0.762768  0.767830  0.639387  0.569980  0.770316  0.658789  0.748930  0.737406  0.771969  0.719125  0.726516  0.803009  0.706518  0.706787  0.651839  0.764738  0.602289  0.796579  0.614283  0.749569  0.761950  0.711704  0.561096  0.566921  0.659518  0.664960  0.763464  0.783387  0.764651  0.631813  0.684845  0.762723  0.942442  0.713905  0.813264  0.752891  0.745869  0.698589  0.744335  0.714092  0.774684  0.671565  0.724719  0.663059  0.728119  0.791676  0.459525  0.698495  0.718268  0.678980  0.841366  0.709054  0.726371  0.651706  0.811007  0.711091  0.656803  0.718207  0.727797  0.822748  0.766318  0.741074  0.655874  0.724083  0.717854  0.723382  0.806706  0.693953  0.788486  0.396602  0.684867  0.712510  0.658749  0.762565  0.747642  0.750193 
25  0.762065  0.690037  0.592374  0.769499  0.735837  0.627498  0.696078  0.751752  0.651552  0.728507  0.813866  0.710900  0.663998  0.698949  0.722396  0.653280  0.609561  0.511284  0.703077  0.716960  0.644316  0.761922  0.731380  0.462204  0.287713 0.0  0.705938  0.758090  0.764560  0.751478  0.661271  0.729747  0.587469  0.760404  0.672667  0.700201  0.781216  0.525238  0.698984  0.655252  0.454527  0.634100  0.839569  0.549221  0.597223  0.615661  0.752644  0.736909  0.663411  0.773999  0.716395  0.759093  0.788949  0.803704  0.670780  0.818959  0.716034  0.555415  0.527299  0.739537  0.753250  0.688275  0.673087  0.740318  0.768646  0.846573  0.712162  0.727168  0.677303  0.571357  0.668342  0.799809  0.734899  0.731542  0.809544  0.734264  0.859866  0.722580  0.801694  0.684333  0.721824  0.766069  0.691488  0.701780  0.748800  0.646023  0.573688  0.737527  0.452502  0.785572  0.763008  0.806519  0.737750  0.597915  0.682673  0.801236  0.814214  0.642930  0.755452  0.745978  0.726528  0.736951  0.750554  0.797801  0.707833  0.790388  0.771410  0.718259  0.728776  0.682057  0.617836  0.687711  0.709165  0.700591  0.679808  0.672639  0.498944  0.777328  0.668134  0.737181  0.873361  0.716215  0.740174  0.619021  0.690479  0.695705  0.767454  0.845591  0.625222  0.760525  0.693946  0.737658  0.627776  0.668539  0.669320  0.704353  0.686118  0.716294  0.763290  0.258787  0.738713  0.852367  0.668585  0.705389  0.794709  0.783917 
26  0.294745  0.799382  0.815474  0.333554  0.397468  0.587850  0.422974  0.191156  0.494850  0.287984  0.496875  0.340978  0.311360  0.782082  0.505708  0.384853  0.619807  0.692995  0.284936  0.513846  0.307553  0.871227  0.285780  0.604903  0.800532  0.705938 0.0  0.329076  0.298235  0.466868  0.349030  0.461185  0.459726  0.308706  0.850108  0.373905  0.342021  0.680622  0.420170  0.706827  0.794416  0.437706  0.334074  0.438899  0.704629  0.367528  0.453510  0.392526  0.345235  0.361482  0.371620  0.345645  0.423850  0.369467  0.569607  0.224053  0.315848  0.390521  0.501058  0.214628  0.317391  0.319520  0.284660  0.867103  0.304352  0.445803  0.455471  0.739379  0.693745  0.370498  0.343283  0.412683  0.255865  0.505621  0.221694  0.447267  0.489794  0.511434  0.272824  0.787408  0.164549  0.333333  0.738323  0.450767  0.406816  0.323182  0.341341  0.238986  0.730642  0.356438  0.386345  0.283635  0.536070  0.563120  0.387654  0.601653  0.212874  0.699447  0.210341  0.279846  0.292072  0.146236  0.451029  0.281273  0.402321  0.247843  0.194420  0.710061  0.438792  0.509880  0.376157  0.429089  0.497096  0.426949  0.420479  0.297161  0.511876  0.402667  0.299720  0.870642  0.358335  0.475570  0.354422  0.680605  0.434237  0.391818  0.370803  0.456329  0.842141  0.471745  0.303002  0.292113  0.497975  0.430254  0.753034  0.433696  0.313600  0.267598  0.285409  0.709381  0.150588  0.393245  0.723731  0.275876  0.320171  0.309502 
