146
0 0.0  0.831512  0.838669  0.259869  0.309319  0.590417  0.310559  0.365588  0.430209  0.433585  0.275817  0.474806  0.398257  0.717700  0.431257  0.438422  0.751857  0.678227  0.456514  0.440877  0.296539  0.870653  0.421293  0.661773  0.754719  0.797922  0.363641  0.299011  0.403131  0.385857  0.352026  0.407199  0.389265  0.546716  0.866043  0.448303  0.446258  0.814383  0.357282  0.742777  0.682039  0.380315  0.284584  0.255129  0.677967  0.355681  0.340085  0.242483  0.391808  0.417986  0.227682  0.469583  0.159810  0.376395  0.448897  0.455039  0.480349  0.381539  0.465568  0.377040  0.365250  0.436223  0.431081  0.734951  0.421658  0.278424  0.286511  0.751976  0.812116  0.367860  0.257577  0.364925  0.432332  0.494704  0.461063  0.251122  0.380099  0.398745  0.352442  0.830285  0.342338  0.343663  0.684537  0.346540  0.359565  0.371300  0.492097  0.502798  0.714082  0.452806  0.434621  0.503370  0.547447  0.418836  0.153581  0.441549  0.346476  0.839321  0.450421  0.426474  0.440175  0.471377  0.584513  0.392580  0.361510  0.353791  0.384543  0.751191  0.205798  0.442695  0.413232  0.339852  0.358028  0.258082  0.519970  0.280835  0.575473  0.411418  0.428173  0.868208  0.433703  0.270867  0.387069  0.687659  0.254855  0.285950  0.404467  0.572339  0.799858  0.448945  0.465410  0.372926  0.541661  0.486066  0.798514  0.301573  0.414120  0.366458  0.396931  0.739280  0.437933  0.364881  0.632844  0.400090  0.427013  0.387120 
1  0.831512 0.0  0.221182  0.963159  0.994234  0.770968  0.818447  0.816159  0.852339  0.789553  0.819902  0.765951  0.758503  0.684662  0.847242  0.835589  0.695728  0.682371  0.808838  0.742557  0.754190  0.498957  0.806211  0.428663  0.761300  0.717789  0.928267  0.854004  0.856929  0.771452  0.657363  1.000000  0.786517  0.728504  0.598610  0.670656  0.771376  0.695548  0.930684  0.298722  0.628858  0.792312  0.832864  0.837147  0.683340  0.821159  0.725147  0.827173  0.704280  0.812574  0.816803  0.802355  0.754374  0.733926  0.763396  0.725134  0.786553  0.703840  0.520126  0.815457  0.852617  0.799622  0.839356  0.776874  0.917368  0.832484  0.891536  0.438258  0.755578  0.708744  0.831336  0.779222  0.821111  0.780101  0.929477  0.746764  0.916779  0.804022  0.644620  0.413488  0.938210  0.887698  0.791873  0.801165  0.755714  0.861398  0.679617  0.877733  0.657189  0.844829  0.853712  0.820679  0.857967  0.523264  0.839076  0.746553  0.829701  0.400529  0.831021  0.880377  0.734899  0.827610  0.990101  0.814563  0.804719  0.849695  0.805324  0.763616  0.793762  0.776638  0.774868  0.781299  0.829528  0.753210  0.731975  0.824817  0.493304  0.754955  0.751746  0.523041  0.855301  0.759940  0.819646  0.469624  0.794601  0.837493  0.892164  0.745004  0.661512  0.786342  0.885072  0.681916  0.801416  0.793617  0.845651  0.801301  0.895987  0.742948  0.929170  0.682027  0.825468  0.800016  0.619198  0.776489  0.823752  0.659580 
2  0.838669  0.221182 0.0  0.873358  0.816734  0.859793  0.849145  0.828258  0.849969  0.693838  0.771124  0.716516  0.752931  0.730111  0.800976  0.727144  0.740850  0.693218  0.878031  0.745918  0.783862  0.480534  0.795847  0.423546  0.716653  0.651607  0.838726  0.729772  0.801767  0.693709  0.871089  0.740804  0.666482  0.731382  0.525439  0.785808  0.699208  0.668698  0.906722  0.423688  0.554828  0.768344  0.842411  0.890699  0.574505  0.796813  0.645547  0.849763  0.686613  0.784924  0.838411  0.733431  0.772165  0.834824  0.768441  0.775380  0.945002  0.762887  0.372726  0.835419  0.862482  0.903272  0.795318  0.747248  0.868865  0.942681  0.752181  0.405832  0.728902  0.634025  0.859090  0.753891  0.834118  0.832651  0.889087  0.787848  0.879197  0.820946  0.734054  0.414397  0.815996  0.853284  0.809860  0.740570  0.760845  0.689182  0.690297  0.821868  0.534133  0.691766  0.795330  0.828293  0.822782  0.541588  0.882380  0.851633  0.755204  0.432745  0.872553  0.845819  0.780542  0.739566  0.881412  0.914624  0.650429  0.734745  0.832621  0.682305  0.782022  0.690076  0.710942  0.812245  0.808373  0.741574  0.702954  0.861629  0.437663  0.825021  0.740081  0.361977  0.833525  0.813213  0.783043  0.523402  0.857757  0.846114  0.641681  0.672771  0.744423  0.750660  0.716696  0.721502  0.727211  0.727897  0.724106  0.801770  0.805941  0.874469  0.831966  0.651831  0.868051  0.834617  0.661485  0.806733  0.722671  0.702660 
3  0.259869  0.963159  0.873358 0.0  0.355756  0.659672  0.260062  0.357719  0.395178  0.483257  0.337974  0.376912  0.425470  0.671933  0.374035  0.343866  0.697169  0.669160  0.266335  0.476108  0.244607  0.743231  0.385225  0.600611  0.719650  0.841607  0.347524  0.419461  0.448709  0.397570  0.460591  0.347282  0.415452  0.521132  0.775101  0.379675  0.380272  0.763147  0.281470  0.601654  0.720210  0.441889  0.120058  0.225702  0.869618  0.406072  0.425688  0.207407  0.392732  0.417806  0.262791  0.470412  0.197978  0.436420  0.629591  0.367385  0.399659  0.468908  0.633805  0.359939  0.399451  0.436038  0.544274  0.850190  0.385158  0.183667  0.144556  0.860817  0.757322  0.416520  0.342491  0.264787  0.438739  0.306641  0.534009  0.266539  0.527056  0.443439  0.313173  0.735022  0.333609  0.354268  0.804536  0.364496  0.281521  0.382050  0.435104  0.441477  0.653552  0.353404  0.537203  0.413783  0.494187  0.628661  0.227594  0.567242  0.463173  0.801315  0.360119  0.468237  0.358217  0.322463  0.505871  0.377096  0.331322  0.368628  0.403719  0.750714  0.285829  0.412984  0.340203  0.455597  0.449951  0.348280  0.526055  0.313872  0.542430  0.424994  0.384191  0.748796  0.459699  0.272330  0.363568  0.735695  0.356064  0.281381  0.386659  0.573984  0.771145  0.423420  0.400753  0.364881  0.356119  0.482817  0.811006  0.246572  0.360412  0.394589  0.374688  0.743621  0.422699  0.278891  0.678245  0.396267  0.473625  0.363533 
4  0.309319  0.994234  0.816734  0.355756 0.0  0.626211  0.431201  0.412630  0.448134  0.354130  0.403222  0.308690  0.430873  0.755221  0.523290  0.361139  0.724602  0.538863  0.429769  0.498556  0.333125  0.755823  0.334376  0.594302  0.705698  0.695863  0.402280  0.328898  0.330975  0.365680  0.353323  0.244137  0.458311  0.498561  0.686776  0.446070  0.457762  0.639013  0.238952  0.652074  0.788221  0.414774  0.268135  0.349263  0.791293  0.399574  0.383157  0.237681  0.334239  0.396702  0.281372  0.393669  0.492532  0.343665  0.584809  0.468533  0.509963  0.427283  0.438315  0.551609  0.491486  0.362305  0.351936  0.798257  0.510116  0.390146  0.418644  0.742122  0.754563  0.419178  0.334481  0.224254  0.469589  0.385672  0.504559  0.392038  0.343906  0.228484  0.299374  0.823214  0.479855  0.423078  0.811290  0.385366  0.332169  0.315371  0.440619  0.379476  0.607483  0.460660  0.450470  0.318446  0.540342  0.590560  0.253228  0.640127  0.481584  0.842680  0.518513  0.423951  0.392773  0.484345  0.549021  0.394647  0.359772  0.482798  0.441187  0.780483  0.358439  0.367915  0.428121  0.280193  0.271606  0.250244  0.312991  0.139212  0.461892  0.375158  0.425217  0.684153  0.420836  0.307644  0.290556  0.627707  0.421881  0.499325  0.416518  0.578011  0.713339  0.489755  0.429883  0.306337  0.440046  0.501607  0.718771  0.327318  0.418252  0.482004  0.513005  0.709741  0.434661  0.222695  0.708805  0.419254  0.575072  0.405542 
5  0.590417  0.770968  0.859793  0.659672  0.626211 0.0  0.604886  0.759791  0.511837  0.584831  0.605208  0.702644  0.587767  0.758967  0.522626  0.594779  0.608281  0.656042  0.678790  0.386986  0.706286  0.722262  0.660010  0.512312  0.628863  0.768529  0.573038  0.739688  0.766247  0.638882  0.663486  0.670213  0.571609  0.797998  0.770472  0.669964  0.652544  0.752649  0.587606  0.644558  0.706524  0.500634  0.551563  0.613223  0.730516  0.571507  0.634352  0.549368  0.562632  0.706177  0.710903  0.717235  0.629675  0.565290  0.456044  0.783735  0.709842  0.480768  0.603866  0.660001  0.582344  0.502146  0.636916  0.826174  0.639825  0.602963  0.580274  0.719065  0.801863  0.374936  0.548611  0.556418  0.705689  0.583970  0.768461  0.652799  0.498729  0.610940  0.721736  0.787289  0.726831  0.596546  0.749978  0.660553  0.612674  0.680006  0.378309  0.694373  0.645923  0.703071  0.693639  0.706577  0.208021  0.616676  0.592218  0.343132  0.616040  0.837314  0.707813  0.681586  0.638900  0.610827  0.813412  0.680674  0.638828  0.729235  0.710460  0.852335  0.533108  0.703863  0.636159  0.558123  0.659664  0.618234  0.689786  0.721473  0.442011  0.456714  0.710496  0.841838  0.701619  0.617294  0.733147  0.629514  0.569995  0.775977  0.600436  0.438413  0.829073  0.745075  0.776850  0.544622  0.484374  0.456001  0.685315  0.602118  0.735197  0.592712  0.750201  0.696038  0.672457  0.553804  0.693204  0.542388  0.688095  0.518509 
6  0.310559  0.818447  0.849145  0.260062  0.431201  0.604886 0.0  0.430108  0.396247  0.365535  0.344818  0.323840  0.355335  0.899123  0.451124  0.347095  0.672963  0.643634  0.324681  0.497274  0.308715  0.772887  0.420099  0.590916  0.781590  0.760701  0.455614  0.441607  0.444680  0.289496  0.429674  0.223636  0.328716  0.520356  0.837160  0.370364  0.414390  0.702007  0.427523  0.624548  0.722599  0.421279  0.249907  0.188306  0.806100  0.323688  0.307958  0.302349  0.345196  0.436293  0.242631  0.415681  0.314820  0.412561  0.373217  0.390803  0.449206  0.462286  0.620304  0.546353  0.385460  0.396518  0.455314  0.781425  0.479235  0.258860  0.225666  0.764742  0.803726  0.487495  0.277170  0.341592  0.360511  0.545264  0.324159  0.321238  0.345259  0.343917  0.347022  0.836209  0.398335  0.477715  0.844597  0.315596  0.346244  0.294481  0.443565  0.450703  0.682809  0.345324  0.549863  0.464131  0.460669  0.639772  0.370877  0.574760  0.417817  0.845181  0.419295  0.422424  0.369650  0.398957  0.516094  0.449506  0.409222  0.402994  0.509314  0.811568  0.268544  0.486679  0.448945  0.316577  0.435302  0.272906  0.465709  0.350543  0.595788  0.381882  0.360196  0.736895  0.528534  0.162165  0.365999  0.793658  0.241689  0.318143  0.252926  0.574958  0.733923  0.403549  0.352300  0.340559  0.397144  0.458201  0.766176  0.202378  0.420730  0.429377  0.341874  0.711153  0.359753  0.332318  0.653893  0.400751  0.448181  0.339258 
7  0.365588  0.816159  0.828258  0.357719  0.412630  0.759791  0.430108 0.0  0.469956  0.245763  0.444052  0.286054  0.322620  0.687420  0.507262  0.376006  0.758939  0.601178  0.294169  0.511337  0.414153  0.732910  0.287384  0.498457  0.692590  0.772547  0.158475  0.405853  0.282604  0.414015  0.260775  0.451383  0.320664  0.342358  0.865796  0.359670  0.317294  0.800997  0.436873  0.776047  0.689600  0.489341  0.394401  0.487760  0.891623  0.450812  0.362904  0.405061  0.187301  0.300281  0.491488  0.344403  0.252290  0.193726  0.636878  0.224699  0.256986  0.380724  0.493597  0.161620  0.347968  0.271658  0.255523  0.745408  0.251194  0.494594  0.400760  0.718854  0.791343  0.448711  0.409312  0.466574  0.324269  0.575162  0.358864  0.402165  0.408610  0.384412  0.247245  0.738433  0.285513  0.193612  0.785211  0.307046  0.439220  0.399062  0.415456  0.317835  0.745358  0.232780  0.228969  0.355131  0.545338  0.631555  0.403434  0.521435  0.089203  0.771865  0.281051  0.201560  0.356313  0.081625  0.341818  0.270547  0.493174  0.261968  0.203879  0.678029  0.412597  0.424420  0.494212  0.367513  0.354946  0.515339  0.396690  0.520594  0.501913  0.436892  0.435298  0.767740  0.404076  0.557546  0.543428  0.729719  0.411508  0.439342  0.442717  0.584932  0.742151  0.355391  0.301173  0.406309  0.593852  0.525425  0.850425  0.424572  0.277811  0.319970  0.311168  0.617274  0.170966  0.507611  0.622054  0.244266  0.378249  0.243416 
8  0.430209  0.852339  0.849969  0.395178  0.448134  0.511837  0.396247  0.469956 0.0  0.549009  0.459134  0.488983  0.352709  0.694862  0.177317  0.480418  0.649766  0.556424  0.460634  0.396368  0.545976  0.754361  0.460556  0.580962  0.725490  0.716541  0.487508  0.458787  0.532534  0.498067  0.530605  0.524888  0.518801  0.700762  0.785613  0.520598  0.494014  0.792417  0.514931  0.729459  0.688375  0.255691  0.443753  0.478854  0.731694  0.383822  0.553805  0.462100  0.457889  0.570673  0.526828  0.518406  0.371287  0.477890  0.381563  0.618191  0.471137  0.482278  0.460535  0.541871  0.413907  0.426974  0.508114  0.776457  0.486986  0.389178  0.461644  0.819373  0.814286  0.482245  0.473598  0.437122  0.497203  0.209753  0.597403  0.461339  0.458106  0.538982  0.452878  0.812697  0.571782  0.532249  0.741018  0.522650  0.434021  0.505075  0.556967  0.512000  0.647098  0.501849  0.623308  0.521806  0.471601  0.616305  0.359139  0.468087  0.610849  0.844682  0.571126  0.511089  0.378836  0.558227  0.577170  0.573617  0.602811  0.510478  0.481181  0.834046  0.485293  0.539136  0.493397  0.462103  0.432370  0.390348  0.451910  0.506108  0.498348  0.308596  0.526081  0.815285  0.618886  0.449527  0.468776  0.663268  0.528016  0.467698  0.409512  0.413212  0.698607  0.578631  0.624556  0.451898  0.459334  0.436579  0.808218  0.474018  0.401415  0.605385  0.548594  0.652617  0.535012  0.504650  0.558876  0.475987  0.608563  0.409267 
9  0.433585  0.789553  0.693838  0.483257  0.354130  0.584831  0.365535  0.245763  0.549009 0.0  0.392005  0.307909  0.356739  0.817447  0.508254  0.363684  0.699340  0.643666  0.385545  0.480209  0.414048  0.802002  0.219028  0.528061  0.766414  0.778131  0.316456  0.275875  0.290017  0.302216  0.182751  0.420455  0.466970  0.301442  0.810674  0.355578  0.216891  0.754531  0.412623  0.815252  0.672775  0.509896  0.466407  0.490378  0.712872  0.436876  0.343595  0.450901  0.192809  0.175705  0.369977  0.280367  0.411120  0.251417  0.486260  0.268735  0.235955  0.495339  0.566219  0.342533  0.403338  0.441236  0.310577  0.755589  0.232798  0.440890  0.352157  0.765981  0.797626  0.491451  0.374126  0.424901  0.341912  0.475348  0.355273  0.343002  0.460578  0.400441  0.291210  0.844917  0.258727  0.426571  0.640772  0.334523  0.413797  0.346420  0.432481  0.212425  0.617569  0.351352  0.344742  0.303713  0.746806  0.596439  0.471125  0.550520  0.267703  0.833361  0.261800  0.309939  0.279289  0.260601  0.405018  0.155343  0.354452  0.281758  0.284575  0.776910  0.340181  0.422259  0.362098  0.394393  0.409896  0.427598  0.355531  0.375282  0.560535  0.513843  0.211873  0.804518  0.297511  0.409180  0.407930  0.696596  0.440055  0.441483  0.359070  0.602927  0.759939  0.342537  0.321718  0.445478  0.467182  0.488677  0.797416  0.360639  0.328044  0.419985  0.152200  0.617292  0.307684  0.343382  0.572759  0.409000  0.359187  0.333253 
10  0.275817  0.819902  0.771124  0.337974  0.403222  0.605208  0.344818  0.444052  0.459134  0.392005 0.0  0.377905  0.380238  0.789580  0.459584  0.297929  0.814532  0.712389  0.557632  0.486702  0.249353  0.700995  0.354368  0.501837  0.646985  0.725396  0.438949  0.384663  0.517308  0.310692  0.356846  0.324016  0.340588  0.577252  0.719846  0.357497  0.422733  0.690820  0.268752  0.734881  0.682856  0.419686  0.291657  0.373030  0.808970  0.296566  0.437337  0.333715  0.534884  0.453587  0.434395  0.446564  0.331079  0.472306  0.605502  0.519112  0.430553  0.329593  0.546796  0.430474  0.379071  0.427623  0.495847  0.772193  0.544884  0.379195  0.232685  0.742595  0.857477  0.430938  0.311359  0.297754  0.480050  0.486334  0.561771  0.291427  0.292532  0.431248  0.277398  0.722691  0.498263  0.407025  0.755467  0.206010  0.413105  0.357959  0.399874  0.495442  0.607576  0.456074  0.485538  0.362197  0.576033  0.535996  0.183341  0.602082  0.417926  0.815788  0.417441  0.492349  0.510317  0.415677  0.574336  0.523007  0.413476  0.475414  0.480205  0.644074  0.296165  0.381787  0.324717  0.386523  0.255773  0.301710  0.481130  0.340526  0.570235  0.405734  0.414783  0.683131  0.508540  0.388155  0.399897  0.597447  0.312146  0.384966  0.304688  0.583152  0.765425  0.305466  0.353996  0.331112  0.488159  0.571726  0.741592  0.332559  0.495798  0.375302  0.445769  0.781544  0.465292  0.384587  0.721023  0.450201  0.422815  0.420838 
11  0.474806  0.765951  0.716516  0.376912  0.308690  0.702644  0.323840  0.286054  0.488983  0.307909  0.377905 0.0  0.246808  0.687234  0.507266  0.365725  0.686907  0.728174  0.293101  0.577660  0.365085  0.799956  0.239545  0.331498  0.777247  0.756392  0.329119  0.242171  0.168490  0.323743  0.203189  0.400006  0.425333  0.302737  0.821408  0.241544  0.234796  0.703263  0.424344  0.614251  0.694817  0.423201  0.370977  0.355488  0.628216  0.335813  0.306121  0.543134  0.227478  0.256223  0.356078  0.143206  0.384142  0.327886  0.649343  0.260629  0.224704  0.536649  0.401002  0.328954  0.346604  0.306327  0.239184  0.809595  0.358489  0.467471  0.331594  0.638663  0.802329  0.453951  0.445589  0.375794  0.294176  0.515979  0.328244  0.428990  0.409618  0.419615  0.279659  0.720965  0.384252  0.318261  0.737885  0.280726  0.347350  0.445729  0.476589  0.261832  0.752042  0.337532  0.300153  0.284884  0.599423  0.483816  0.389315  0.690814  0.250853  0.777011  0.383638  0.336021  0.288326  0.239460  0.297375  0.349724  0.304760  0.340423  0.275942  0.687218  0.463885  0.357684  0.208112  0.349727  0.475450  0.380738  0.244274  0.372993  0.425482  0.584895  0.406095  0.790718  0.297658  0.321605  0.518780  0.735593  0.496559  0.432086  0.268740  0.474995  0.715106  0.480715  0.314287  0.243568  0.483926  0.424686  0.761324  0.434036  0.359348  0.228212  0.247227  0.538376  0.308632  0.434430  0.644674  0.243566  0.401655  0.138989 
12  0.398257  0.758503  0.752931  0.425470  0.430873  0.587767  0.355335  0.322620  0.352709  0.356739  0.380238  0.246808 0.0  0.746449  0.483363  0.406023  0.748578  0.665834  0.296695  0.498540  0.427711  0.714659  0.320714  0.517996  0.799498  0.794228  0.304848  0.294528  0.348691  0.402577  0.323883  0.401000  0.316531  0.419878  0.780841  0.366926  0.320431  0.700950  0.340731  0.675471  0.667315  0.465397  0.423155  0.365386  0.795523  0.316940  0.339389  0.427040  0.278562  0.264575  0.352756  0.313713  0.370979  0.431597  0.567890  0.301311  0.309149  0.618740  0.589079  0.368475  0.378773  0.404625  0.331202  0.755452  0.338373  0.378367  0.333481  0.671069  0.802969  0.500819  0.389220  0.351939  0.408742  0.406643  0.479420  0.283400  0.433893  0.378440  0.356753  0.872397  0.392276  0.398627  0.770588  0.324866  0.298469  0.217418  0.437030  0.282974  0.756497  0.306604  0.331531  0.400142  0.685571  0.519720  0.397555  0.631410  0.318887  0.716263  0.309447  0.181291  0.346878  0.297114  0.555302  0.317101  0.445915  0.390474  0.376692  0.740460  0.381058  0.345277  0.276635  0.444129  0.418595  0.317834  0.377478  0.325338  0.549591  0.532219  0.354488  0.724610  0.347043  0.309474  0.347817  0.686824  0.527144  0.280187  0.369597  0.539797  0.736775  0.338386  0.323977  0.276723  0.549246  0.504549  0.747302  0.337903  0.220941  0.398016  0.278393  0.710143  0.347806  0.304636  0.699367  0.454784  0.273364  0.341413 
13  0.717700  0.684662  0.730111  0.671933  0.755221  0.758967  0.899123  0.687420  0.694862  0.817447  0.789580  0.687234  0.746449 0.0  0.680859  0.647993  0.714897  0.602533  0.791869  0.707716  0.771829  0.759665  0.773154  0.553917  0.748603  0.725814  0.712607  0.824423  0.900961  0.785896  0.828402  0.701379  0.659345  0.866061  0.730165  0.827034  0.761082  0.688944  0.762733  0.693402  0.756525  0.662589  0.642325  0.768302  0.494145  0.803017  0.807011  0.753522  0.844241  0.755191  0.761732  0.789002  0.749547  0.752326  0.751489  0.775905  0.785927  0.620866  0.620016  0.682055  0.666762  0.706029  0.781673  0.817496  0.728966  0.739426  0.802456  0.781529  0.773304  0.655563  0.693354  0.822456  0.759626  0.771008  0.862466  0.667089  0.757233  0.762899  0.814545  0.699480  0.676518  0.761431  0.724854  0.778776  0.734925  0.799697  0.582029  0.833832  0.644777  0.785153  0.853007  0.768294  0.786772  0.578449  0.709633  0.718876  0.752270  0.729972  0.695176  0.761759  0.731444  0.779402  0.863904  0.843751  0.825499  0.787859  0.708413  0.677864  0.799070  0.835593  0.767689  0.741322  0.785736  0.803092  0.719265  0.821741  0.459852  0.673079  0.660872  0.721958  0.833716  0.728657  0.704546  0.683737  0.661426  0.655778  0.790660  0.798173  0.556970  0.754955  0.697767  0.778322  0.786407  0.711089  0.724228  0.802792  0.775429  0.683352  0.771724  0.624136  0.789789  0.710016  0.756161  0.698407  0.706823  0.721048 
14  0.431257  0.847242  0.800976  0.374035  0.523290  0.522626  0.451124  0.507262  0.177317  0.508254  0.459584  0.507266  0.483363  0.680859 0.0  0.448156  0.781182  0.701601  0.429822  0.394305  0.472677  0.756076  0.486644  0.501121  0.687683  0.665993  0.387648  0.534229  0.453985  0.465727  0.444544  0.511168  0.458607  0.564291  0.736871  0.494336  0.460418  0.661763  0.493652  0.617734  0.767194  0.230104  0.497495  0.573940  0.739779  0.517229  0.505108  0.412118  0.517687  0.538979  0.482765  0.527102  0.340745  0.555601  0.429806  0.591474  0.509001  0.403476  0.511746  0.551039  0.323958  0.391843  0.501983  0.813592  0.573782  0.378043  0.498176  0.664750  0.708996  0.397333  0.493385  0.367461  0.508563  0.290793  0.549189  0.399451  0.536438  0.470639  0.465538  0.734540  0.450422  0.570382  0.753346  0.592239  0.419437  0.526010  0.496073  0.479948  0.658812  0.522042  0.578256  0.579352  0.461470  0.516862  0.313756  0.418571  0.484307  0.869464  0.595814  0.524779  0.449056  0.511086  0.606730  0.397399  0.530113  0.580137  0.445712  0.733351  0.334341  0.500507  0.500652  0.545784  0.480859  0.522220  0.641885  0.439553  0.552747  0.241205  0.466202  0.869983  0.618395  0.562276  0.478957  0.696857  0.495999  0.497898  0.531855  0.529893  0.736898  0.463007  0.542461  0.411149  0.488377  0.501366  0.841874  0.423557  0.441453  0.370259  0.536970  0.676361  0.503430  0.562399  0.603041  0.504303  0.668969  0.307725 
15  0.438422  0.835589  0.727144  0.343866  0.361139  0.594779  0.347095  0.376006  0.480418  0.363684  0.297929  0.365725  0.406023  0.647993  0.448156 0.0  0.590065  0.636888  0.496270  0.513624  0.226978  0.757783  0.374734  0.440887  0.813442  0.738229  0.403604  0.337839  0.498598  0.327470  0.316068  0.357587  0.313051  0.469405  0.728575  0.289686  0.438801  0.782522  0.429523  0.762573  0.663920  0.430522  0.329872  0.419003  0.732978  0.347935  0.249964  0.435619  0.423542  0.411667  0.376525  0.410897  0.371114  0.402851  0.554774  0.286348  0.354284  0.420624  0.522627  0.497326  0.429126  0.349612  0.444161  0.679378  0.433119  0.327576  0.492612  0.732628  0.796741  0.509101  0.219404  0.282502  0.457579  0.514722  0.532056  0.522396  0.293130  0.410912  0.344749  0.706951  0.467313  0.487190  0.703090  0.242587  0.223924  0.298606  0.470730  0.363606  0.645561  0.413740  0.473789  0.447209  0.596104  0.523410  0.378128  0.622891  0.431998  0.830899  0.368240  0.443351  0.384623  0.376240  0.499993  0.434534  0.272221  0.431454  0.400256  0.751462  0.283466  0.230426  0.361531  0.360923  0.351676  0.345662  0.494436  0.202825  0.512881  0.426509  0.218803  0.758187  0.393944  0.332377  0.301918  0.608801  0.486572  0.222493  0.154457  0.459874  0.842177  0.249663  0.304722  0.197464  0.518510  0.555941  0.732082  0.244534  0.425505  0.363151  0.350869  0.573623  0.333786  0.326124  0.679745  0.355006  0.477742  0.330963 
16  0.751857  0.695728  0.740850  0.697169  0.724602  0.608281  0.672963  0.758939  0.649766  0.699340  0.814532  0.686907  0.748578  0.714897  0.781182  0.590065 0.0  0.572138  0.701550  0.763477  0.678661  0.627477  0.621686  0.494365  0.695105  0.548125  0.736044  0.635608  0.570881  0.718269  0.567872  0.790111  0.777256  0.695149  0.594139  0.699885  0.713717  0.650695  0.743356  0.637636  0.565687  0.725062  0.643992  0.738865  0.703151  0.675898  0.725999  0.727431  0.669505  0.696067  0.660756  0.754708  0.699979  0.634313  0.706484  0.702126  0.585606  0.688340  0.575906  0.758119  0.650748  0.748627  0.768190  0.658841  0.762492  0.773337  0.794287  0.696606  0.571592  0.558837  0.679818  0.864338  0.672788  0.696350  0.671852  0.757707  0.843589  0.726675  0.722738  0.657724  0.780442  0.807783  0.634251  0.683590  0.673655  0.643645  0.547945  0.692339  0.270027  0.625328  0.756000  0.772053  0.785075  0.488692  0.751090  0.691195  0.771028  0.694245  0.792472  0.653865  0.672012  0.671277  0.781917  0.728610  0.868226  0.760860  0.749378  0.680535  0.704891  0.765908  0.644887  0.820830  0.746823  0.601180  0.673718  0.694623  0.419802  0.625987  0.715941  0.719023  0.825272  0.662094  0.773636  0.611464  0.822274  0.690538  0.717418  0.668634  0.670852  0.694622  0.766007  0.619780  0.632205  0.782995  0.685327  0.758446  0.701881  0.643356  0.705149  0.459354  0.765173  0.775159  0.613775  0.731804  0.755160  0.670140 
17  0.678227  0.682371  0.693218  0.669160  0.538863  0.656042  0.643634  0.601178  0.556424  0.643666  0.712389  0.728174  0.665834  0.602533  0.701601  0.636888  0.572138 0.0  0.656930  0.570680  0.537466  0.532473  0.601752  0.429868  0.626956  0.592120  0.612369  0.656625  0.528261  0.678647  0.620472  0.675636  0.602561  0.723067  0.650034  0.567706  0.570778  0.548783  0.623251  0.548118  0.584907  0.757398  0.621917  0.620177  0.725929  0.627214  0.470225  0.681165  0.536118  0.540815  0.502805  0.700641  0.754957  0.630933  0.612747  0.685509  0.579926  0.568576  0.462161  0.641542  0.687280  0.621468  0.689884  0.725172  0.599199  0.672765  0.572511  0.522039  0.633568  0.508147  0.681226  0.671257  0.629594  0.582579  0.699563  0.648958  0.692157  0.588423  0.579476  0.565232  0.597080  0.677523  0.589944  0.654019  0.643201  0.672839  0.657671  0.647203  0.633665  0.761207  0.661952  0.665855  0.683873  0.552050  0.677381  0.647279  0.606184  0.660589  0.654978  0.680928  0.676025  0.608539  0.640770  0.649249  0.643184  0.602229  0.651059  0.540748  0.594808  0.611582  0.669279  0.595583  0.589602  0.524918  0.615871  0.597673  0.498440  0.707428  0.589365  0.572709  0.630341  0.550808  0.756788  0.578008  0.624730  0.591651  0.564133  0.588864  0.661579  0.515646  0.652724  0.605383  0.602146  0.563797  0.527493  0.673943  0.682006  0.650020  0.650513  0.460582  0.744347  0.623748  0.558576  0.607821  0.689257  0.652991 
18  0.456514  0.808838  0.878031  0.266335  0.429769  0.678790  0.324681  0.294169  0.460634  0.385545  0.557632  0.293101  0.296695  0.791869  0.429822  0.496270  0.701550  0.656930 0.0  0.461444  0.335724  0.716498  0.339438  0.615258  0.858951  0.725667  0.301141  0.282967  0.298120  0.486722  0.395637  0.428002  0.369238  0.375890  0.838962  0.302557  0.344912  0.616973  0.452319  0.771372  0.795474  0.465358  0.398196  0.390243  0.774149  0.238478  0.282172  0.333141  0.330836  0.339943  0.285481  0.326659  0.232928  0.308991  0.554298  0.273471  0.455609  0.427945  0.586064  0.399192  0.348584  0.217520  0.361233  0.910954  0.369165  0.328152  0.333523  0.779064  0.695278  0.556559  0.183473  0.361580  0.427299  0.426007  0.451174  0.297444  0.307497  0.317582  0.253138  0.845533  0.379328  0.331596  0.627402  0.285461  0.368367  0.333703  0.312060  0.335288  0.655730  0.423632  0.481769  0.430235  0.546871  0.513865  0.298307  0.643364  0.316749  0.909164  0.294195  0.279934  0.278217  0.333140  0.401306  0.293156  0.471293  0.239316  0.331217  0.830104  0.355397  0.303621  0.409322  0.312313  0.415693  0.436867  0.394324  0.176294  0.464773  0.328626  0.305701  0.776715  0.490647  0.429676  0.361969  0.717178  0.318914  0.311975  0.325275  0.568854  0.820300  0.415123  0.303081  0.303912  0.491091  0.496526  0.902623  0.244342  0.357693  0.409058  0.364229  0.677341  0.274110  0.427763  0.578913  0.372827  0.384859  0.445509 
19  0.440877  0.742557  0.745918  0.476108  0.498556  0.386986  0.497274  0.511337  0.396368  0.480209  0.486702  0.577660  0.498540  0.707716  0.394305  0.513624  0.763477  0.570680  0.461444 0.0  0.457986  0.559300  0.530445  0.566281  0.593291  0.707668  0.496679  0.454962  0.502888  0.519704  0.511070  0.552441  0.484481  0.576229  0.756716  0.473689  0.530798  0.641190  0.398431  0.653300  0.694675  0.576800  0.610701  0.422281  0.720388  0.356469  0.500380  0.356313  0.412155  0.575804  0.442165  0.455079  0.487944  0.438610  0.356732  0.505701  0.586196  0.395663  0.531877  0.511793  0.387653  0.464279  0.534872  0.719956  0.490469  0.565624  0.531330  0.702029  0.735937  0.413128  0.419892  0.458622  0.503648  0.484354  0.544205  0.436516  0.462282  0.459350  0.565902  0.665511  0.359679  0.523638  0.628841  0.514806  0.431893  0.608216  0.362926  0.436035  0.622107  0.579615  0.488298  0.582422  0.312846  0.571402  0.299527  0.209614  0.428820  0.762670  0.618672  0.455557  0.439586  0.434500  0.526184  0.421904  0.486334  0.472785  0.492361  0.740692  0.390680  0.543528  0.485687  0.506182  0.532785  0.544363  0.502510  0.386667  0.447666  0.465831  0.604064  0.744903  0.592459  0.521156  0.481003  0.654098  0.423142  0.611164  0.466129  0.445290  0.607439  0.457057  0.593523  0.399185  0.401129  0.449455  0.663353  0.432917  0.507127  0.501027  0.461054  0.562380  0.478859  0.513173  0.630524  0.474303  0.588313  0.514824 
20  0.296539  0.754190  0.783862  0.244607  0.333125  0.706286  0.308715  0.414153  0.545976  0.414048  0.249353  0.365085  0.427711  0.771829  0.472677  0.226978  0.678661  0.537466  0.335724  0.457986 0.0  0.715987  0.362356  0.579553  0.739248  0.739583  0.364434  0.344216  0.343937  0.294736  0.396575  0.325118  0.180340  0.397888  0.728345  0.203983  0.345906  0.644046  0.330030  0.726579  0.688937  0.372959  0.298632  0.296575  0.633974  0.469567  0.198863  0.355290  0.367905  0.442755  0.276239  0.371757  0.272245  0.327508  0.515505  0.416583  0.292871  0.533011  0.572359  0.371128  0.233157  0.328479  0.370686  0.693009  0.414013  0.273688  0.277250  0.663200  0.691868  0.402794  0.246949  0.264312  0.235824  0.472060  0.394091  0.330482  0.397353  0.426453  0.264255  0.634381  0.446893  0.433430  0.630161  0.134793  0.163038  0.167497  0.499746  0.346341  0.613754  0.333064  0.302371  0.467955  0.639792  0.511308  0.286841  0.783444  0.355281  0.829145  0.247547  0.265480  0.297050  0.273760  0.500751  0.336116  0.153542  0.416504  0.343334  0.700510  0.477161  0.224433  0.295857  0.414402  0.358315  0.318230  0.420972  0.383253  0.512397  0.468991  0.280867  0.693399  0.441909  0.266901  0.297764  0.612188  0.401891  0.243601  0.215089  0.530886  0.734383  0.202590  0.296020  0.224508  0.461465  0.454700  0.669797  0.297946  0.227296  0.375803  0.345852  0.630239  0.321557  0.362334  0.606394  0.338517  0.402183  0.312273 
21  0.870653  0.498957  0.480534  0.743231  0.755823  0.722262  0.772887  0.732910  0.754361  0.802002  0.700995  0.799956  0.714659  0.759665  0.756076  0.757783  0.627477  0.532473  0.716498  0.559300  0.715987 0.0  0.677775  0.547752  0.774168  0.664631  0.804034  0.795416  0.824211  0.719602  0.737184  0.835486  0.667030  0.805880  0.307837  0.849560  0.745358  0.601415  0.760031  0.516452  0.619362  0.743722  0.767057  0.758532  0.637619  0.669885  0.680263  0.796683  0.695332  0.778751  0.816716  0.861529  0.641666  0.758896  0.721684  0.724330  0.707207  0.590434  0.604882  0.832924  0.737536  0.780331  0.914123  0.800138  0.790339  0.820224  0.752821  0.371884  0.760777  0.613689  0.696535  0.740456  0.781161  0.795375  0.886340  0.709008  0.834300  0.795332  0.798310  0.444115  0.833135  0.762545  0.567727  0.734901  0.777575  0.690344  0.576221  0.863593  0.470831  0.797403  0.806272  0.849058  0.711711  0.501291  0.750601  0.745775  0.819347  0.483667  0.746224  0.759262  0.710531  0.785975  0.951481  0.854167  0.797900  0.840606  0.737786  0.666176  0.772821  0.774400  0.704236  0.830362  0.794816  0.749481  0.683307  0.770042  0.502487  0.565770  0.702642  0.256232  0.763264  0.738814  0.737996  0.466344  0.737720  0.661475  0.735538  0.775829  0.669386  0.716163  0.791049  0.812179  0.726498  0.650508  0.816941  0.817024  0.772338  0.734773  0.808672  0.613644  0.655967  0.801745  0.616294  0.850425  0.801420  0.763417 
22  0.421293  0.806211  0.795847  0.385225  0.334376  0.660010  0.420099  0.287384  0.460556  0.219028  0.354368  0.239545  0.320714  0.773154  0.486644  0.374734  0.621686  0.601752  0.339438  0.530445  0.362356  0.677775 0.0  0.437091  0.664504  0.630370  0.358699  0.246563  0.192854  0.406521  0.202244  0.554646  0.457207  0.238177  0.768528  0.403578  0.211602  0.682510  0.460133  0.704680  0.655794  0.528330  0.466824  0.489166  0.710730  0.428765  0.327432  0.485538  0.223575  0.241521  0.365938  0.413194  0.451590  0.258690  0.499000  0.376791  0.283757  0.413034  0.537429  0.316369  0.366335  0.337291  0.281073  0.724024  0.245262  0.478751  0.431945  0.767206  0.834216  0.379892  0.447374  0.499855  0.332359  0.541859  0.433870  0.426236  0.457295  0.445570  0.286300  0.784418  0.273920  0.210100  0.732080  0.402835  0.404767  0.368248  0.360380  0.217091  0.669442  0.312849  0.227479  0.301541  0.650724  0.513605  0.491642  0.729600  0.284328  0.805398  0.284153  0.287835  0.279294  0.190973  0.340041  0.290941  0.341627  0.297306  0.323826  0.649938  0.382363  0.451722  0.340019  0.372599  0.425735  0.328372  0.323654  0.387719  0.431641  0.562205  0.395166  0.773945  0.309737  0.400187  0.463318  0.739900  0.463002  0.301165  0.370116  0.569365  0.762431  0.281879  0.236778  0.378046  0.500307  0.335105  0.686985  0.361947  0.357001  0.334642  0.359274  0.712624  0.295841  0.509506  0.586908  0.305539  0.181141  0.268862 
23  0.661773  0.428663  0.423546  0.600611  0.594302  0.512312  0.590916  0.498457  0.580962  0.528061  0.501837  0.331498  0.517996  0.553917  0.501121  0.440887  0.494365  0.429868  0.615258  0.566281  0.579553  0.547752  0.437091 0.0  0.469003  0.652958  0.542526  0.548085  0.452302  0.446280  0.456362  0.680870  0.463466  0.427355  0.488568  0.478848  0.442653  0.472244  0.581974  0.436428  0.593458  0.584898  0.599787  0.566206  0.485194  0.525966  0.491188  0.636902  0.416089  0.487979  0.469386  0.554131  0.592272  0.549805  0.584805  0.462070  0.514129  0.590976  0.455275  0.477891  0.570417  0.593044  0.461255  0.678466  0.495196  0.594905  0.479919  0.254037  0.469942  0.549929  0.527465  0.494751  0.521105  0.499826  0.562061  0.577405  0.611482  0.610908  0.311166  0.376179  0.626311  0.571862  0.529986  0.355674  0.418224  0.452535  0.549504  0.498089  0.522903  0.529285  0.448411  0.509237  0.605809  0.490327  0.708963  0.546790  0.478351  0.433106  0.561915  0.508245  0.569452  0.497547  0.535847  0.487893  0.498455  0.540516  0.627182  0.675387  0.595477  0.541718  0.462104  0.427453  0.564265  0.516309  0.480775  0.678174  0.379584  0.614966  0.610336  0.511535  0.581489  0.519782  0.449729  0.542288  0.530995  0.392323  0.484072  0.518709  0.398792  0.422178  0.580721  0.513426  0.569066  0.511211  0.587933  0.431430  0.456070  0.477437  0.557025  0.496911  0.500654  0.543474  0.568262  0.471759  0.597028  0.303035 
24  0.754719  0.761300  0.716653  0.719650  0.705698  0.628863  0.781590  0.692590  0.725490  0.766414  0.646985  0.777247  0.799498  0.748603  0.687683  0.813442  0.695105  0.626956  0.858951  0.593291  0.739248  0.774168  0.664504  0.469003 0.0  0.169153  0.726060  0.756607  0.756800  0.767735  0.693554  0.848294  0.775410  0.800092  0.747621  0.787837  0.853019  0.418034  0.726343  0.729792  0.473898  0.727752  0.612227  0.704719  0.700712  0.615460  0.853474  0.676452  0.726687  0.854839  0.669823  0.655022  0.670256  0.709175  0.780006  0.735059  0.730268  0.627796  0.495931  0.726300  0.681569  0.754328  0.760937  0.600833  0.719800  0.821762  0.688097  0.750823  0.806133  0.541523  0.674081  0.816596  0.729555  0.666640  0.865684  0.728329  0.739363  0.716126  0.797044  0.723435  0.818492  0.680059  0.577929  0.634813  0.739660  0.872628  0.676773  0.705094  0.583185  0.737134  0.741809  0.826875  0.624725  0.565094  0.664378  0.644171  0.802323  0.710464  0.792737  0.646984  0.719095  0.739437  0.850711  0.649193  0.783049  0.724247  0.728799  0.755639  0.668586  0.742200  0.769873  0.694287  0.781335  0.762681  0.758269  0.742465  0.504789  0.649449  0.830107  0.802667  0.800321  0.716416  0.707086  0.730511  0.692975  0.700310  0.886028  0.683190  0.712179  0.798628  0.813184  0.659475  0.722479  0.766262  0.651348  0.698772  0.831900  0.762984  0.866334  0.346396  0.794621  0.777883  0.600661  0.764060  0.827974  0.727009 
25  0.797922  0.717789  0.651607  0.841607  0.695863  0.768529  0.760701  0.772547  0.716541  0.778131  0.725396  0.756392  0.794228  0.725814  0.665993  0.738229  0.548125  0.592120  0.725667  0.707668  0.739583  0.664631  0.630370  0.652958  0.169153 0.0  0.742029  0.789275  0.781596  0.715619  0.733637  0.860392  0.733235  0.749942  0.666808  0.783711  0.616215  0.425439  0.828101  0.699648  0.447350  0.761147  0.824757  0.748956  0.655135  0.695240  0.774967  0.703662  0.750816  0.701941  0.694769  0.781698  0.788293  0.805950  0.701635  0.815261  0.760541  0.565712  0.500901  0.817143  0.740414  0.653912  0.726639  0.697668  0.725409  0.803878  0.847841  0.806802  0.684625  0.577537  0.756021  0.650702  0.847969  0.694569  0.880844  0.839687  0.718962  0.753725  0.768064  0.651672  0.785243  0.795277  0.529778  0.756216  0.676230  0.694059  0.605719  0.747164  0.520745  0.755437  0.882323  0.741931  0.644134  0.547542  0.711157  0.589946  0.760859  0.769453  0.747760  0.699295  0.646537  0.780816  0.806032  0.755358  0.754190  0.725625  0.747133  0.742509  0.795127  0.937150  0.691544  0.776274  0.702584  0.714289  0.745401  0.729104  0.416275  0.682494  0.708385  0.670176  0.840363  0.730567  0.804576  0.597076  0.724503  0.739863  0.780013  0.767143  0.709028  0.795879  0.780434  0.724698  0.636639  0.786618  0.738011  0.691835  0.787797  0.676258  0.772296  0.300155  0.712608  0.647347  0.623337  0.696026  0.817348  0.695132 
26  0.363641  0.928267  0.838726  0.347524  0.402280  0.573038  0.455614  0.158475  0.487508  0.316456  0.438949  0.329119  0.304848  0.712607  0.387648  0.403604  0.736044  0.612369  0.301141  0.496679  0.364434  0.804034  0.358699  0.542526  0.726060  0.742029 0.0  0.282885  0.336012  0.463943  0.426721  0.406460  0.408117  0.383751  0.969335  0.392504  0.390471  0.784179  0.480299  0.715288  0.737652  0.507459  0.352243  0.337054  0.688415  0.415650  0.349661  0.370997  0.207067  0.303313  0.417694  0.315632  0.412725  0.262199  0.516972  0.315472  0.336198  0.452608  0.570746  0.324864  0.275290  0.321775  0.302944  0.783357  0.341065  0.461554  0.434308  0.914195  0.836288  0.400036  0.525799  0.337607  0.361790  0.467604  0.371259  0.372800  0.407751  0.448468  0.380379  0.898956  0.218973  0.302278  0.773805  0.488627  0.462473  0.422226  0.304589  0.225038  0.688144  0.316393  0.372470  0.363935  0.548382  0.495476  0.443604  0.640942  0.204100  0.782511  0.268265  0.162061  0.367401  0.188388  0.392018  0.251039  0.411973  0.281855  0.214431  0.764173  0.472785  0.401784  0.303899  0.423860  0.532634  0.413850  0.446073  0.459197  0.574368  0.406794  0.488207  0.803400  0.399823  0.473722  0.364609  0.766430  0.384239  0.269764  0.426795  0.590271  0.789661  0.376823  0.241951  0.373847  0.522541  0.509174  0.838183  0.439481  0.379027  0.357805  0.324021  0.734894  0.276238  0.477520  0.592779  0.335389  0.350648  0.366805 
