146
0 0.0  0.887842  0.870341  0.288598  0.347461  0.704874  0.361566  0.399878  0.367316  0.380247  0.161124  0.463603  0.368626  0.796650  0.375322  0.254956  0.752968  0.552911  0.210832  0.492721  0.262450  0.743454  0.417837  0.580369  0.766967  0.770277  0.401242  0.401590  0.484750  0.379919  0.420244  0.415117  0.352915  0.515081  0.789910  0.382823  0.351365  0.781289  0.385869  0.711277  0.730566  0.337914  0.239198  0.291271  0.759402  0.400586  0.414727  0.121048  0.422918  0.491110  0.221511  0.447103  0.231240  0.370684  0.528924  0.421224  0.502296  0.508674  0.623474  0.474248  0.391590  0.384863  0.561813  0.854305  0.476133  0.256953  0.216351  0.761972  0.813605  0.376017  0.302711  0.303323  0.402154  0.459541  0.562549  0.209356  0.409047  0.306707  0.354755  0.828242  0.330335  0.346347  0.782864  0.331920  0.265429  0.430186  0.472431  0.391794  0.694636  0.418952  0.557765  0.401031  0.525863  0.574117  0.171792  0.627149  0.381271  0.788082  0.393145  0.474341  0.396422  0.518935  0.579671  0.413022  0.389941  0.480392  0.363606  0.780469  0.214367  0.427554  0.401259  0.330567  0.352695  0.316842  0.405144  0.308734  0.543270  0.305814  0.327311  0.802998  0.434120  0.314017  0.322189  0.812525  0.207831  0.290354  0.405468  0.453207  0.818068  0.473382  0.407419  0.257225  0.514637  0.355783  0.888201  0.309697  0.409855  0.415793  0.329690  0.711570  0.425761  0.456108  0.580102  0.367125  0.574020  0.333268 
1  0.887842 0.0  0.255996  0.860124  0.834738  0.798334  0.745273  0.855514  0.885750  0.820085  0.802230  0.798775  0.820446  0.637577  0.889905  0.727160  0.719415  0.584675  0.857217  0.725118  0.773956  0.553251  0.813433  0.276521  0.775358  0.617871  0.811432  0.774612  0.860541  0.814496  0.805093  0.893632  0.840021  0.812737  0.555920  0.798038  0.733805  0.647608  0.903180  0.371688  0.584838  0.897941  0.956254  0.865600  0.644818  0.804574  0.691857  0.847252  0.767488  0.747914  0.880617  0.836737  0.819643  0.837263  0.785330  0.912059  0.891714  0.715979  0.488479  0.815567  0.874792  0.877458  0.889724  0.763315  0.843826  0.772250  0.801501  0.488639  0.803393  0.673882  0.771883  0.845805  0.727558  0.801563  0.815318  0.871943  0.800788  0.886806  0.786697  0.558225  0.920727  0.806406  0.780424  0.768825  0.896439  0.796723  0.756573  0.883743  0.608177  0.754934  0.724822  0.810519  0.973891  0.480141  0.978230  0.754251  0.815654  0.428331  0.814012  0.802873  0.810125  0.849416  0.900812  0.910568  0.855326  0.799971  0.771222  0.576875  0.894940  0.813006  0.757808  0.808533  0.799600  0.797523  0.700043  0.899961  0.526112  0.872048  0.723608  0.422267  0.844230  0.825984  0.943086  0.387382  0.873508  0.799408  0.792148  0.837971  0.682590  0.771980  0.788438  0.736970  0.745683  0.620032  0.688531  0.796839  0.896791  0.691303  0.826144  0.581022  0.826592  0.893919  0.740744  0.839104  0.705797  0.762937 
2  0.870341  0.255996 0.0  0.820407  0.832282  0.823647  0.748634  0.775081  0.856832  0.842566  0.787109  0.711286  0.788038  0.742248  0.896006  0.784807  0.764038  0.563868  0.812086  0.668347  0.836067  0.507237  0.829123  0.331815  0.758882  0.825509  0.835789  0.806680  0.789646  0.803125  0.786494  0.800803  0.813095  0.869871  0.476789  0.684754  0.730563  0.702929  0.877650  0.342271  0.756785  0.819666  0.874587  0.846997  0.602522  0.903827  0.703922  0.882400  0.790108  0.779168  0.739535  0.742794  0.780115  0.804402  0.773646  0.742750  0.817292  0.744239  0.423242  0.732505  0.869227  0.744756  0.769821  0.799030  0.737976  0.830971  0.847707  0.526498  0.722946  0.635439  0.833158  0.813789  0.820261  0.769007  0.888157  0.805827  0.811911  0.798230  0.754145  0.556738  0.823466  0.944807  0.738293  0.615671  0.738415  0.735704  0.724225  0.919045  0.606258  0.855126  0.758201  0.784980  0.928549  0.474068  0.815555  0.686110  0.784705  0.427671  0.936338  0.764998  0.780261  0.806661  0.907257  0.761015  0.825151  0.887906  0.921330  0.722389  0.895613  0.786231  0.767635  0.725658  0.816649  0.905215  0.767883  0.845588  0.581006  0.882206  0.686226  0.487115  0.722783  0.815854  0.788952  0.292495  0.850052  0.839500  0.758668  0.656615  0.737657  0.725699  0.842421  0.737807  0.754602  0.681548  0.867581  0.823940  0.778066  0.834244  0.760714  0.593744  0.865025  0.797045  0.779585  0.837283  0.774112  0.760398 
3  0.288598  0.860124  0.820407 0.0  0.349614  0.742866  0.248444  0.492295  0.492580  0.399056  0.274042  0.506316  0.443664  0.663298  0.336419  0.337168  0.677885  0.716182  0.304560  0.484687  0.216136  0.809929  0.398955  0.493623  0.731650  0.833818  0.327649  0.488363  0.344959  0.445526  0.376929  0.382452  0.301174  0.506280  0.897658  0.354819  0.546945  0.728177  0.432973  0.745090  0.699320  0.419915  0.337800  0.252289  0.828778  0.379373  0.347929  0.259870  0.383432  0.451818  0.202877  0.399567  0.325647  0.358632  0.502737  0.395141  0.371641  0.301842  0.541533  0.473050  0.312040  0.312099  0.428368  0.886168  0.416010  0.161118  0.192133  0.810230  0.876705  0.380072  0.264219  0.243445  0.536895  0.441527  0.470869  0.306702  0.466982  0.379821  0.310485  0.885754  0.375239  0.392101  0.783231  0.334807  0.262815  0.433924  0.392453  0.493615  0.683567  0.388061  0.371933  0.412113  0.500172  0.562262  0.249530  0.633932  0.371129  0.827135  0.428476  0.397707  0.338709  0.364234  0.533434  0.431610  0.392642  0.307340  0.395584  0.771000  0.172471  0.353212  0.402110  0.500166  0.405928  0.350912  0.564921  0.323183  0.520172  0.457797  0.292012  0.779338  0.435630  0.232382  0.447315  0.712534  0.337395  0.320814  0.372027  0.432424  0.902457  0.462455  0.498586  0.329799  0.350869  0.437892  0.709515  0.336054  0.396493  0.341201  0.353972  0.690706  0.364240  0.497773  0.682384  0.275807  0.477604  0.358607 
4  0.347461  0.834738  0.832282  0.349614 0.0  0.642406  0.291980  0.439336  0.497338  0.409642  0.355907  0.363417  0.357198  0.798404  0.412981  0.341149  0.761260  0.604077  0.393914  0.535104  0.403064  0.768549  0.468343  0.440880  0.664672  0.746076  0.481130  0.395659  0.502443  0.224333  0.349297  0.314260  0.418587  0.488531  0.767229  0.452189  0.470703  0.823321  0.202306  0.700244  0.688950  0.375922  0.246713  0.344629  0.805022  0.395837  0.377092  0.300706  0.480796  0.449255  0.306441  0.383823  0.335038  0.369846  0.489956  0.519336  0.543681  0.465907  0.488595  0.464971  0.540668  0.478847  0.430875  0.664948  0.386241  0.351783  0.401703  0.723932  0.769797  0.466375  0.407837  0.292281  0.378734  0.524776  0.530433  0.462621  0.220910  0.274267  0.330427  0.765066  0.407412  0.435354  0.691484  0.335680  0.288438  0.386615  0.411009  0.432288  0.633568  0.347344  0.427243  0.477096  0.574409  0.499711  0.369037  0.553116  0.426884  0.874665  0.509109  0.468670  0.396732  0.490120  0.563158  0.473305  0.300664  0.393507  0.450034  0.758662  0.326354  0.365596  0.395103  0.295201  0.302441  0.299986  0.520787  0.228348  0.591692  0.448144  0.372011  0.739836  0.445876  0.426827  0.268327  0.652391  0.353050  0.403943  0.296504  0.657995  0.657344  0.431623  0.443789  0.343555  0.440748  0.538055  0.700751  0.323847  0.445862  0.375795  0.501982  0.707183  0.487137  0.167468  0.750110  0.383738  0.487534  0.400095 
5  0.704874  0.798334  0.823647  0.742866  0.642406 0.0  0.660372  0.763709  0.613610  0.633479  0.570707  0.703728  0.585464  0.737542  0.589644  0.569220  0.655858  0.744919  0.580361  0.340070  0.661151  0.708989  0.682593  0.623722  0.537854  0.806466  0.725150  0.554015  0.726808  0.667058  0.721884  0.717222  0.583970  0.762586  0.951778  0.649912  0.794100  0.556049  0.568014  0.674426  0.735641  0.527641  0.522964  0.593601  0.713224  0.591045  0.727569  0.554788  0.670118  0.772065  0.655189  0.759009  0.674584  0.699409  0.503199  0.668255  0.678580  0.379604  0.449310  0.732962  0.706664  0.654680  0.635823  0.777751  0.723608  0.575206  0.597912  0.752812  0.730245  0.486131  0.743530  0.608906  0.658372  0.535062  0.742284  0.593459  0.527574  0.579875  0.656042  0.736077  0.637460  0.698655  0.644190  0.663037  0.629933  0.718500  0.420809  0.643379  0.744085  0.688980  0.712932  0.664178  0.215016  0.538953  0.621093  0.229091  0.790081  0.923011  0.709587  0.774963  0.679273  0.628518  0.725425  0.628682  0.788875  0.649024  0.701736  0.761587  0.543449  0.724018  0.622655  0.568285  0.656423  0.570027  0.754868  0.630997  0.654211  0.536921  0.830079  0.763211  0.758347  0.686873  0.624966  0.737554  0.625854  0.551386  0.702891  0.523298  0.788229  0.650070  0.759490  0.592364  0.545048  0.455411  0.696488  0.580246  0.793472  0.616524  0.612805  0.743994  0.638555  0.647012  0.638372  0.642929  0.685838  0.605817 
6  0.361566  0.745273  0.748634  0.248444  0.291980  0.660372 0.0  0.414748  0.422550  0.452930  0.318907  0.385382  0.362134  0.799779  0.514597  0.377912  0.741400  0.707619  0.335410  0.355113  0.366062  0.696100  0.410428  0.441590  0.703794  0.818533  0.356641  0.471947  0.375683  0.283271  0.372575  0.382228  0.329463  0.529173  0.793350  0.364910  0.439339  0.657732  0.356672  0.662366  0.613282  0.439067  0.351279  0.232671  0.754933  0.377768  0.412100  0.201596  0.299023  0.431173  0.398512  0.446898  0.284757  0.355386  0.489880  0.429946  0.390819  0.269928  0.568235  0.523278  0.465578  0.384315  0.406053  0.790802  0.460263  0.301652  0.195388  0.772357  0.774679  0.327893  0.209117  0.372469  0.490186  0.323130  0.581143  0.349190  0.362216  0.291877  0.434810  0.748306  0.429065  0.400562  0.772968  0.458085  0.312041  0.385765  0.473319  0.433524  0.650595  0.453152  0.439682  0.372062  0.539116  0.479204  0.292692  0.608409  0.365450  0.804245  0.418501  0.275782  0.398084  0.345618  0.619386  0.328059  0.307918  0.473964  0.506711  0.919097  0.262633  0.307831  0.322411  0.277867  0.389644  0.161449  0.473843  0.400040  0.591204  0.458593  0.405376  0.629864  0.526913  0.287252  0.424907  0.609507  0.298935  0.309659  0.459086  0.542791  0.697228  0.352916  0.396734  0.274136  0.437712  0.534239  0.753422  0.322544  0.423468  0.456587  0.362458  0.603449  0.428349  0.382879  0.624992  0.404153  0.471402  0.237080 
7  0.399878  0.855514  0.775081  0.492295  0.439336  0.763709  0.414748 0.0  0.591317  0.296381  0.396888  0.239031  0.313728  0.774386  0.406603  0.464382  0.631276  0.630029  0.187672  0.474657  0.375948  0.768764  0.278775  0.436748  0.677934  0.781281  0.109833  0.253703  0.279402  0.432068  0.265296  0.405339  0.372896  0.254146  0.984750  0.396656  0.195901  0.862631  0.487048  0.722647  0.709740  0.425711  0.483451  0.461742  0.654785  0.382686  0.406710  0.436668  0.244129  0.298315  0.373087  0.395939  0.368500  0.244156  0.576739  0.188953  0.320929  0.411078  0.524359  0.309250  0.233518  0.212998  0.166886  0.749428  0.161763  0.442073  0.485820  0.760266  0.731188  0.448511  0.283298  0.382900  0.261282  0.520266  0.447020  0.422413  0.425507  0.432373  0.377510  0.807305  0.077988  0.332615  0.709454  0.506409  0.390805  0.441367  0.505981  0.275495  0.801628  0.318531  0.224723  0.154109  0.585377  0.511733  0.405231  0.587787  0.155540  0.895035  0.284377  0.223287  0.303697  0.120190  0.377813  0.245996  0.416343  0.341335  0.128741  0.889228  0.349604  0.462034  0.494126  0.414124  0.419781  0.487883  0.309789  0.385655  0.489340  0.336974  0.325516  0.796425  0.312183  0.584550  0.447873  0.709686  0.449122  0.339864  0.352235  0.560376  0.752993  0.349921  0.211421  0.361128  0.407545  0.638693  0.839971  0.365055  0.317163  0.334926  0.265047  0.641880  0.168420  0.434901  0.696760  0.311261  0.383766  0.201839 
8  0.367316  0.885750  0.856832  0.492580  0.497338  0.613610  0.422550  0.591317 0.0  0.505182  0.363950  0.443187  0.501317  0.812903  0.167537  0.483336  0.790038  0.634122  0.512810  0.435225  0.513191  0.773346  0.413320  0.594759  0.652867  0.812485  0.444233  0.490352  0.611555  0.451224  0.471945  0.564398  0.507552  0.510657  0.817305  0.564030  0.502393  0.580107  0.514913  0.623946  0.733266  0.220107  0.469818  0.432440  0.724729  0.497501  0.463996  0.434978  0.490093  0.559075  0.503468  0.545550  0.500153  0.506007  0.504707  0.352459  0.563431  0.383703  0.481984  0.521471  0.498260  0.436518  0.539769  0.847129  0.567261  0.472519  0.429907  0.741137  0.826937  0.428902  0.593352  0.364100  0.567663  0.233255  0.616723  0.507521  0.497508  0.442741  0.368821  0.811543  0.534448  0.492882  0.730670  0.392000  0.469829  0.503615  0.485790  0.484470  0.719261  0.487667  0.513751  0.530291  0.438277  0.570004  0.412400  0.622094  0.494963  0.875505  0.597883  0.679593  0.621478  0.471455  0.529444  0.469164  0.473187  0.499726  0.557668  0.661756  0.459724  0.518415  0.472278  0.395612  0.475148  0.502814  0.547529  0.490749  0.419590  0.298872  0.542956  0.790759  0.649769  0.470903  0.414080  0.746009  0.427448  0.550252  0.437621  0.534242  0.733265  0.499137  0.580509  0.455955  0.444447  0.411484  0.806053  0.474135  0.564146  0.507825  0.482108  0.690892  0.522983  0.463556  0.637883  0.558451  0.537880  0.525298 
9  0.380247  0.820085  0.842566  0.399056  0.409642  0.633479  0.452930  0.296381  0.505182 0.0  0.462344  0.240397  0.335239  0.827314  0.483057  0.305007  0.685189  0.554401  0.331213  0.593248  0.414528  0.795673  0.207016  0.464488  0.795267  0.759538  0.190092  0.296238  0.307025  0.436840  0.208005  0.465296  0.271047  0.400076  0.848631  0.347920  0.212610  0.709147  0.436253  0.672205  0.824965  0.456956  0.414846  0.405482  0.823370  0.439382  0.346709  0.394337  0.315600  0.261944  0.332397  0.320479  0.465815  0.229740  0.520730  0.247240  0.200487  0.584972  0.507985  0.304875  0.303782  0.396179  0.379266  0.699959  0.262106  0.468844  0.397132  0.742927  0.799883  0.414077  0.407202  0.457617  0.286002  0.593819  0.415600  0.412055  0.434850  0.329928  0.414627  0.823416  0.403532  0.285737  0.728871  0.402295  0.474496  0.265470  0.368077  0.206290  0.566133  0.254337  0.300638  0.389537  0.703539  0.474744  0.394970  0.718107  0.274016  0.851975  0.391044  0.328612  0.322930  0.298355  0.297887  0.331776  0.379316  0.306370  0.256465  0.831817  0.318120  0.401438  0.339097  0.377436  0.467006  0.284801  0.447213  0.426495  0.513484  0.525277  0.377278  0.863300  0.348398  0.501638  0.221699  0.718444  0.447159  0.377070  0.431596  0.583492  0.833409  0.387844  0.367605  0.510069  0.428460  0.442148  0.796449  0.415660  0.323425  0.265353  0.332344  0.702618  0.315749  0.481674  0.697948  0.289584  0.389432  0.340728 
10  0.161124  0.802230  0.787109  0.274042  0.355907  0.570707  0.318907  0.396888  0.363950  0.462344 0.0  0.450935  0.397318  0.803170  0.490025  0.215825  0.770062  0.648666  0.402761  0.500762  0.266373  0.735554  0.556833  0.559612  0.599344  0.807928  0.495352  0.389440  0.467205  0.325069  0.345107  0.331106  0.443656  0.568303  0.697133  0.481800  0.437671  0.753692  0.403419  0.701324  0.850641  0.405946  0.240657  0.362381  0.670534  0.487857  0.326682  0.299503  0.510835  0.453028  0.302984  0.420884  0.283746  0.339315  0.617365  0.507217  0.504557  0.488345  0.512516  0.510236  0.362079  0.382459  0.449503  0.726591  0.490791  0.399172  0.174350  0.779922  0.831287  0.409291  0.283648  0.365904  0.421313  0.415013  0.450755  0.255833  0.246242  0.364539  0.309039  0.680104  0.301629  0.378601  0.767331  0.364335  0.338989  0.438578  0.470610  0.438074  0.610527  0.547243  0.497692  0.380156  0.682989  0.656620  0.307314  0.623224  0.408002  0.780367  0.424657  0.497493  0.332289  0.409167  0.617674  0.391102  0.359451  0.558726  0.527133  0.746574  0.301230  0.375363  0.433327  0.314921  0.298306  0.239986  0.439779  0.315682  0.512035  0.402476  0.337284  0.802599  0.530175  0.420992  0.320983  0.720524  0.304321  0.427095  0.450504  0.604257  0.881359  0.337487  0.426340  0.372975  0.618514  0.481953  0.822456  0.310287  0.485869  0.376616  0.419289  0.724956  0.424387  0.418586  0.631079  0.439350  0.547557  0.332817 
11  0.463603  0.798775  0.711286  0.506316  0.363417  0.703728  0.385382  0.239031  0.443187  0.240397  0.450935 0.0  0.355455  0.780740  0.495823  0.349246  0.703237  0.608767  0.273228  0.520559  0.372891  0.754885  0.264124  0.399471  0.784389  0.708168  0.271599  0.243584  0.139914  0.346531  0.157962  0.497594  0.371550  0.216582  0.744894  0.226677  0.292300  0.664644  0.299918  0.743567  0.662956  0.399105  0.414099  0.372966  0.707040  0.424542  0.255706  0.376261  0.242884  0.390667  0.467213  0.216036  0.491559  0.225298  0.559578  0.322192  0.238382  0.524590  0.382510  0.426378  0.342041  0.345058  0.182843  0.750488  0.485366  0.348875  0.498993  0.696398  0.778639  0.361975  0.387957  0.507135  0.414820  0.452489  0.357578  0.393570  0.427038  0.381571  0.331086  0.704094  0.411212  0.352381  0.819679  0.272270  0.309637  0.344297  0.409361  0.237052  0.682850  0.334519  0.230823  0.362024  0.571785  0.530580  0.463126  0.733218  0.348012  0.832031  0.408837  0.343031  0.259261  0.314677  0.315677  0.368017  0.339534  0.296061  0.349569  0.658029  0.437024  0.283888  0.261949  0.349061  0.343001  0.316782  0.389028  0.435372  0.451341  0.601944  0.387510  0.710378  0.421533  0.442361  0.532527  0.592445  0.470350  0.338563  0.188723  0.570305  0.747238  0.148058  0.279472  0.360094  0.399632  0.456314  0.784876  0.452252  0.309623  0.359949  0.422175  0.556388  0.336610  0.384282  0.672710  0.263929  0.170090  0.228734 
12  0.368626  0.820446  0.788038  0.443664  0.357198  0.585464  0.362134  0.313728  0.501317  0.335239  0.397318  0.355455 0.0  0.839073  0.469429  0.389300  0.707591  0.604576  0.160347  0.537756  0.382481  0.776001  0.383814  0.449464  0.875376  0.819014  0.321721  0.230576  0.291928  0.394084  0.331381  0.427017  0.325216  0.407542  0.740831  0.366959  0.389707  0.824346  0.416312  0.852323  0.742902  0.428158  0.401107  0.312353  0.709669  0.258916  0.353478  0.369552  0.262203  0.383300  0.408767  0.230780  0.391188  0.336607  0.567375  0.346156  0.331868  0.436627  0.442166  0.329069  0.316541  0.302239  0.365362  0.818532  0.333954  0.371676  0.330871  0.564514  0.759622  0.519948  0.287646  0.482631  0.337653  0.430488  0.335490  0.286213  0.433445  0.347360  0.248812  0.782775  0.291496  0.372114  0.755846  0.342128  0.329578  0.424613  0.425852  0.438024  0.708795  0.255760  0.288760  0.363867  0.528301  0.479395  0.337093  0.550877  0.317276  0.822221  0.397928  0.342182  0.219157  0.322726  0.415588  0.273011  0.332839  0.324672  0.334868  0.772055  0.303658  0.344905  0.352929  0.311958  0.293503  0.378695  0.366104  0.437028  0.587623  0.545983  0.250179  0.761956  0.279667  0.281191  0.447365  0.604738  0.367432  0.375113  0.419877  0.604639  0.795217  0.326873  0.314586  0.317568  0.572668  0.602574  0.714112  0.420658  0.279622  0.355237  0.347048  0.609046  0.298225  0.439670  0.597522  0.443183  0.369327  0.475877 
13  0.796650  0.637577  0.742248  0.663298  0.798404  0.737542  0.799779  0.774386  0.812903  0.827314  0.803170  0.780740  0.839073 0.0  0.800608  0.687665  0.714411  0.601306  0.746909  0.705480  0.757076  0.601090  0.823892  0.565996  0.779515  0.781613  0.832116  0.756157  0.712194  0.815096  0.825503  0.819126  0.790100  0.841159  0.760803  0.811887  0.706112  0.660654  0.747019  0.720241  0.749323  0.733178  0.762798  0.764029  0.364712  0.743801  0.797878  0.722356  0.889934  0.747929  0.687142  0.723876  0.783452  0.786193  0.735423  0.871171  0.779630  0.501921  0.539711  0.750558  0.716573  0.691256  0.836587  0.712863  0.851091  0.757534  0.829713  0.682431  0.699846  0.688933  0.717109  0.758422  0.755358  0.683334  0.996156  0.768433  0.818160  0.772489  0.794024  0.711242  0.736333  0.797061  0.627166  0.722886  0.810849  0.822843  0.596591  0.874328  0.585892  0.829047  0.806376  0.764401  0.696119  0.601871  0.730628  0.703628  0.704608  0.678137  0.827516  0.844686  0.744671  0.756389  0.914252  0.900308  0.807031  0.796083  0.784936  0.694376  0.743749  0.784685  0.823172  0.770601  0.703167  0.718471  0.780877  0.749298  0.583500  0.718798  0.689928  0.737148  0.879397  0.698041  0.715993  0.768340  0.728498  0.783073  0.824132  0.632509  0.523737  0.762338  0.678529  0.793709  0.831755  0.768823  0.697929  0.789026  0.740728  0.616818  0.912146  0.661660  0.781113  0.781172  0.702952  0.750907  0.721455  0.699118 
14  0.375322  0.889905  0.896006  0.336419  0.412981  0.589644  0.514597  0.406603  0.167537  0.483057  0.490025  0.495823  0.469429  0.800608 0.0  0.604416  0.820996  0.607331  0.455823  0.527222  0.563212  0.819195  0.544900  0.664365  0.692439  0.836726  0.375518  0.578503  0.579408  0.353656  0.498746  0.513879  0.628971  0.565314  0.811864  0.492579  0.552401  0.713098  0.484838  0.675843  0.675784  0.173200  0.403246  0.552087  0.719459  0.384450  0.538965  0.422046  0.540971  0.611835  0.478541  0.472592  0.308680  0.472841  0.505512  0.405651  0.434037  0.440699  0.539617  0.586628  0.336453  0.569813  0.536066  0.648325  0.542655  0.422555  0.509464  0.790691  0.705545  0.434627  0.419516  0.401671  0.421695  0.241317  0.683784  0.401343  0.458993  0.373001  0.402976  0.763723  0.601889  0.438128  0.753641  0.574502  0.386246  0.639031  0.342840  0.549229  0.609798  0.560886  0.629267  0.593308  0.432124  0.578453  0.412828  0.555530  0.424310  0.888885  0.502985  0.454080  0.475864  0.568121  0.591921  0.448309  0.497789  0.587764  0.462926  0.783832  0.352977  0.545148  0.470359  0.597774  0.565009  0.353003  0.524234  0.473043  0.655849  0.274669  0.495657  0.897081  0.576634  0.491657  0.479257  0.719112  0.431062  0.393345  0.482968  0.566484  0.722276  0.528946  0.499687  0.532107  0.469966  0.526535  0.797608  0.375598  0.539233  0.483551  0.567214  0.638518  0.474994  0.558618  0.640566  0.418401  0.594704  0.461754 
15  0.254956  0.727160  0.784807  0.337168  0.341149  0.569220  0.377912  0.464382  0.483336  0.305007  0.215825  0.349246  0.389300  0.687665  0.604416 0.0  0.849364  0.615528  0.301037  0.564448  0.212065  0.832250  0.389095  0.471845  0.827433  0.823070  0.351308  0.333006  0.375097  0.384889  0.466520  0.373312  0.183545  0.415344  0.788672  0.170563  0.342263  0.713225  0.384487  0.698901  0.631439  0.371548  0.273563  0.326213  0.725661  0.454047  0.146509  0.371546  0.318729  0.346159  0.334884  0.446905  0.438860  0.346501  0.640587  0.374593  0.411887  0.441231  0.623352  0.455293  0.333184  0.366937  0.372334  0.765937  0.452778  0.284950  0.401740  0.700195  0.732110  0.343982  0.324971  0.333423  0.395885  0.447877  0.547307  0.324213  0.373787  0.463015  0.287532  0.696762  0.350596  0.415018  0.802850  0.229315  0.316409  0.188335  0.506845  0.304388  0.596102  0.485979  0.414761  0.318132  0.666518  0.349047  0.394256  0.623781  0.366639  0.726194  0.417762  0.328031  0.352331  0.383489  0.540759  0.389398  0.232361  0.416026  0.470557  0.911324  0.394774  0.225539  0.216648  0.371421  0.228819  0.342292  0.468574  0.386412  0.614866  0.516777  0.123795  0.764661  0.531108  0.357322  0.421402  0.656125  0.338035  0.232801  0.174897  0.599495  0.845700  0.165484  0.327423  0.204614  0.511266  0.439430  0.755430  0.339967  0.427397  0.389518  0.409476  0.575910  0.493213  0.353011  0.683903  0.387392  0.414002  0.317543 
16  0.752968  0.719415  0.764038  0.677885  0.761260  0.655858  0.741400  0.631276  0.790038  0.685189  0.770062  0.703237  0.707591  0.714411  0.820996  0.849364 0.0  0.588045  0.681759  0.678100  0.584856  0.669232  0.679847  0.528061  0.676429  0.627936  0.754085  0.750425  0.683533  0.771429  0.676290  0.798376  0.744333  0.747092  0.744338  0.637949  0.758545  0.558908  0.691177  0.627226  0.681517  0.739506  0.741567  0.722208  0.753143  0.640994  0.817147  0.693939  0.653188  0.757817  0.692915  0.745282  0.751906  0.633197  0.642471  0.596565  0.706912  0.572301  0.471003  0.710426  0.673450  0.638028  0.748928  0.680863  0.851689  0.700973  0.770201  0.696162  0.679316  0.583475  0.709466  0.762283  0.632994  0.825885  0.689686  0.728264  0.744406  0.803288  0.744499  0.726726  0.798409  0.688587  0.580975  0.741785  0.754416  0.769526  0.551064  0.754523  0.336251  0.597129  0.801304  0.794297  0.728546  0.555813  0.753114  0.778169  0.768351  0.729821  0.631720  0.811037  0.605872  0.727579  0.788462  0.840402  0.671326  0.783833  0.680723  0.741242  0.694226  0.717217  0.732877  0.699247  0.667615  0.696418  0.726752  0.677409  0.495975  0.739086  0.585705  0.665157  0.776713  0.682232  0.656956  0.698541  0.710828  0.645496  0.768702  0.624116  0.651608  0.689568  0.752158  0.760277  0.703497  0.714985  0.790705  0.765870  0.826548  0.725228  0.708812  0.564427  0.664312  0.863117  0.675766  0.750058  0.762564  0.625434 
17  0.552911  0.584675  0.563868  0.716182  0.604077  0.744919  0.707619  0.630029  0.634122  0.554401  0.648666  0.608767  0.604576  0.601306  0.607331  0.615528  0.588045 0.0  0.612540  0.563965  0.571078  0.578265  0.632373  0.417552  0.687596  0.612556  0.759120  0.547493  0.543491  0.564236  0.617395  0.599940  0.563096  0.777150  0.686307  0.637293  0.514588  0.564525  0.547355  0.664703  0.493968  0.647136  0.641613  0.664248  0.576911  0.721043  0.591503  0.732929  0.698230  0.569369  0.564731  0.628311  0.626651  0.630808  0.518915  0.658694  0.557811  0.582106  0.542253  0.725168  0.737430  0.583783  0.569818  0.676929  0.605234  0.725047  0.652596  0.560625  0.573887  0.727521  0.532081  0.675599  0.645680  0.642526  0.731146  0.613282  0.665546  0.555998  0.711633  0.591109  0.678453  0.571736  0.535208  0.535799  0.660459  0.548901  0.516301  0.707835  0.536755  0.693433  0.648646  0.742909  0.638795  0.476335  0.623673  0.618253  0.602446  0.603345  0.659180  0.708391  0.637028  0.575177  0.796412  0.599965  0.699236  0.596218  0.598664  0.801624  0.628168  0.590630  0.636923  0.590907  0.689134  0.615603  0.429117  0.619950  0.395125  0.625734  0.676768  0.613602  0.753001  0.611778  0.688014  0.549608  0.724467  0.771244  0.607207  0.608262  0.616002  0.591005  0.589682  0.562352  0.545682  0.705733  0.647503  0.502772  0.639461  0.619112  0.793992  0.722088  0.690451  0.700869  0.642378  0.538633  0.654751  0.653895 
18  0.210832  0.857217  0.812086  0.304560  0.393914  0.580361  0.335410  0.187672  0.512810  0.331213  0.402761  0.273228  0.160347  0.746909  0.455823  0.301037  0.681759  0.612540 0.0  0.487997  0.393259  0.715803  0.354360  0.607910  0.737639  0.723381  0.278871  0.332653  0.251607  0.346613  0.460999  0.315024  0.255354  0.413017  0.820722  0.373354  0.276011  0.725106  0.298918  0.702928  0.792811  0.406974  0.289528  0.395317  0.808489  0.258801  0.350266  0.334518  0.337985  0.356870  0.322568  0.421823  0.236732  0.303280  0.552858  0.273686  0.225363  0.416086  0.541425  0.329585  0.283935  0.286071  0.386534  0.816987  0.384860  0.273628  0.280692  0.730135  0.766563  0.502713  0.383723  0.410627  0.289323  0.447120  0.394931  0.320155  0.348598  0.312436  0.399226  0.796143  0.307544  0.424626  0.678698  0.437206  0.229111  0.391812  0.373828  0.335915  0.675090  0.302556  0.469070  0.362945  0.585702  0.554739  0.324075  0.645448  0.276309  0.860416  0.396413  0.242612  0.419799  0.441686  0.437123  0.282238  0.352221  0.373338  0.336106  0.796382  0.299252  0.366163  0.373676  0.440633  0.481100  0.467731  0.407228  0.225919  0.525806  0.385481  0.377380  0.864454  0.381406  0.494204  0.365427  0.806980  0.371307  0.433134  0.369246  0.594351  0.824843  0.316523  0.372724  0.283921  0.476224  0.544053  0.831581  0.358966  0.460096  0.438107  0.214302  0.727411  0.225536  0.329103  0.713697  0.438165  0.481453  0.260178 
19  0.492721  0.725118  0.668347  0.484687  0.535104  0.340070  0.355113  0.474657  0.435225  0.593248  0.500762  0.520559  0.537756  0.705480  0.527222  0.564448  0.678100  0.563965  0.487997 0.0  0.436406  0.662759  0.462282  0.594638  0.727125  0.684282  0.503575  0.443091  0.646556  0.560200  0.467262  0.647360  0.441899  0.661426  0.747184  0.491730  0.506546  0.701419  0.468559  0.768895  0.694114  0.456459  0.492770  0.520493  0.692587  0.390072  0.474685  0.460077  0.409010  0.467354  0.528722  0.446450  0.459556  0.565096  0.485160  0.414743  0.479929  0.436712  0.484631  0.564362  0.452353  0.448050  0.446410  0.757146  0.573327  0.455523  0.463463  0.742772  0.781157  0.377451  0.542537  0.458420  0.529883  0.491306  0.728295  0.448488  0.467812  0.479120  0.455688  0.661645  0.408693  0.526677  0.638796  0.530540  0.499659  0.490514  0.379618  0.521514  0.626248  0.567910  0.507552  0.517711  0.257620  0.492002  0.358016  0.259248  0.490714  0.712093  0.577262  0.491343  0.491113  0.467570  0.664387  0.491466  0.585033  0.541594  0.528089  0.769981  0.406903  0.519016  0.449387  0.501588  0.467386  0.434656  0.414461  0.489281  0.449221  0.318884  0.559649  0.710937  0.621621  0.422665  0.401552  0.691387  0.489962  0.552671  0.548851  0.370311  0.689126  0.515540  0.461275  0.512245  0.444659  0.438959  0.878305  0.461161  0.560102  0.418611  0.424072  0.649650  0.583423  0.418875  0.649805  0.465970  0.629265  0.599022 
20  0.262450  0.773956  0.836067  0.216136  0.403064  0.661151  0.366062  0.375948  0.513191  0.414528  0.266373  0.372891  0.382481  0.757076  0.563212  0.212065  0.584856  0.571078  0.393259  0.436406 0.0  0.754718  0.340369  0.462103  0.778184  0.732128  0.386255  0.374173  0.346187  0.347270  0.320024  0.441273  0.241096  0.372509  0.804998  0.157938  0.356656  0.643930  0.278897  0.700542  0.657790  0.437672  0.239476  0.282595  0.816912  0.447205  0.206147  0.319668  0.352279  0.402528  0.275341  0.313513  0.332476  0.406177  0.664962  0.360423  0.293433  0.423128  0.578400  0.364132  0.352963  0.434539  0.329072  0.750931  0.264254  0.301240  0.351491  0.731486  0.740156  0.341341  0.284200  0.361529  0.306945  0.526213  0.503748  0.211204  0.457225  0.371888  0.279019  0.722749  0.423617  0.430926  0.584737  0.336175  0.229476  0.228064  0.346009  0.362320  0.650713  0.405023  0.350267  0.462486  0.628841  0.580190  0.290399  0.546398  0.445323  0.795364  0.448202  0.406277  0.365750  0.355292  0.467235  0.376366  0.263823  0.301026  0.394265  0.697375  0.254297  0.197924  0.211987  0.289007  0.433349  0.347300  0.377868  0.308729  0.507148  0.472931  0.241372  0.730926  0.361983  0.311999  0.363769  0.690162  0.360714  0.292472  0.164353  0.538729  0.664667  0.306118  0.299680  0.201529  0.498445  0.454403  0.780168  0.198834  0.312719  0.412178  0.337485  0.594588  0.379162  0.261094  0.679567  0.301905  0.399363  0.254282 
21  0.743454  0.553251  0.507237  0.809929  0.768549  0.708989  0.696100  0.768764  0.773346  0.795673  0.735554  0.754885  0.776001  0.601090  0.819195  0.832250  0.669232  0.578265  0.715803  0.662759  0.754718 0.0  0.817076  0.498410  0.638844  0.827031  0.852343  0.693706  0.760819  0.679166  0.718991  0.874086  0.779093  0.856171  0.228192  0.721517  0.763439  0.667182  0.780788  0.434878  0.651377  0.716823  0.778432  0.761892  0.643781  0.812007  0.721682  0.831346  0.750089  0.621984  0.815792  0.828495  0.705622  0.684760  0.701139  0.718758  0.844893  0.626066  0.467065  0.750861  0.749658  0.771460  0.660693  0.672730  0.858267  0.784753  0.736547  0.275685  0.704762  0.629992  0.686409  0.818064  0.852501  0.768479  0.908517  0.839437  0.766432  0.797399  0.681626  0.410986  0.656658  0.761720  0.749134  0.785721  0.686245  0.739042  0.593000  0.745675  0.631069  0.822825  0.745216  0.791327  0.764197  0.371592  0.720407  0.717936  0.747845  0.558008  0.773104  0.673566  0.736384  0.830517  0.841181  0.766548  0.802887  0.711233  0.672036  0.613809  0.701338  0.835825  0.777462  0.785944  0.808691  0.717307  0.718724  0.772706  0.430935  0.699195  0.712565  0.229859  0.861476  0.739443  0.725352  0.526613  0.775680  0.756876  0.690785  0.742267  0.588864  0.813837  0.820683  0.628228  0.752791  0.688404  0.753085  0.820775  0.864885  0.755473  0.758286  0.622858  0.728044  0.740212  0.675607  0.837585  0.886074  0.666189 
22  0.417837  0.813433  0.829123  0.398955  0.468343  0.682593  0.410428  0.278775  0.413320  0.207016  0.556833  0.264124  0.383814  0.823892  0.544900  0.389095  0.679847  0.632373  0.354360  0.462282  0.340369  0.817076 0.0  0.496515  0.772967  0.853125  0.256864  0.240706  0.227843  0.340231  0.291219  0.491873  0.524544  0.313777  0.865085  0.231026  0.119456  0.661388  0.469009  0.772984  0.640246  0.490552  0.535553  0.422154  0.758071  0.474168  0.354683  0.518044  0.293547  0.319114  0.375888  0.283983  0.476271  0.297957  0.533481  0.295200  0.349576  0.406392  0.450989  0.305565  0.439443  0.359694  0.252600  0.704043  0.280764  0.501589  0.385884  0.747928  0.773557  0.449851  0.405042  0.423116  0.358523  0.520283  0.287063  0.459655  0.519989  0.523106  0.281188  0.719266  0.303892  0.381906  0.670561  0.390336  0.318371  0.284851  0.553398  0.196712  0.677522  0.352736  0.192654  0.233527  0.634877  0.629833  0.462011  0.585671  0.313006  0.592380  0.325058  0.424759  0.301499  0.218233  0.373700  0.208493  0.357654  0.311403  0.269558  0.795822  0.440755  0.395008  0.298832  0.431548  0.443166  0.375123  0.183423  0.399000  0.465953  0.501678  0.412983  0.724363  0.211931  0.460843  0.399904  0.667979  0.515083  0.453298  0.414443  0.489820  0.780427  0.251710  0.274934  0.390312  0.587968  0.456826  0.725278  0.335713  0.173485  0.276500  0.304866  0.636459  0.291423  0.382944  0.634824  0.265372  0.299012  0.287050 
23  0.580369  0.276521  0.331815  0.493623  0.440880  0.623722  0.441590  0.436748  0.594759  0.464488  0.559612  0.399471  0.449464  0.565996  0.664365  0.471845  0.528061  0.417552  0.607910  0.594638  0.462103  0.498410  0.496515 0.0  0.493995  0.560667  0.553089  0.596763  0.476269  0.494827  0.346849  0.625004  0.459560  0.469874  0.547625  0.503766  0.454805  0.467969  0.569520  0.502928  0.591741  0.579380  0.605142  0.601796  0.445118  0.573277  0.527026  0.618943  0.362151  0.467815  0.583508  0.633329  0.556601  0.479719  0.509018  0.597464  0.549040  0.631634  0.436316  0.453647  0.461769  0.470870  0.469064  0.692576  0.439602  0.586974  0.476397  0.368088  0.440265  0.515132  0.536008  0.645390  0.512457  0.531957  0.576302  0.484640  0.533787  0.595712  0.323363  0.410524  0.531240  0.562153  0.574010  0.484590  0.576727  0.556085  0.585031  0.544403  0.627532  0.491925  0.408750  0.590012  0.656036  0.396243  0.624919  0.564793  0.573779  0.542271  0.535504  0.652612  0.457446  0.620840  0.527624  0.583591  0.467904  0.567898  0.507377  0.737041  0.543523  0.487287  0.462263  0.514583  0.533450  0.496629  0.507535  0.493880  0.476081  0.529901  0.563395  0.483781  0.498161  0.504566  0.655904  0.382293  0.534405  0.513140  0.488145  0.544020  0.492475  0.453636  0.541749  0.461671  0.585894  0.469349  0.603700  0.495318  0.495239  0.487847  0.570688  0.544545  0.567206  0.561687  0.503399  0.417879  0.556938  0.348269 
24  0.766967  0.775358  0.758882  0.731650  0.664672  0.537854  0.703794  0.677934  0.652867  0.795267  0.599344  0.784389  0.875376  0.779515  0.692439  0.827433  0.676429  0.687596  0.737639  0.727125  0.778184  0.638844  0.772967  0.493995 0.0  0.076459  0.716691  0.765765  0.734858  0.754853  0.715298  0.787885  0.821127  0.759769  0.764216  0.776870  0.764723  0.460155  0.820248  0.600547  0.390592  0.716666  0.708255  0.623647  0.757516  0.720660  0.776527  0.763947  0.666951  0.852695  0.722594  0.730567  0.687646  0.801777  0.712935  0.671314  0.773525  0.644894  0.440221  0.756176  0.646545  0.835868  0.879531  0.869293  0.814738  0.611804  0.787645  0.876465  0.767078  0.710898  0.753367  0.741881  0.673878  0.631955  0.917777  0.755485  0.753380  0.764240  0.783421  0.819019  0.747760  0.849285  0.714161  0.761788  0.777116  0.720260  0.664263  0.665231  0.710035  0.817528  0.843007  0.865224  0.737153  0.539392  0.670834  0.594378  0.826876  0.760056  0.839138  0.775529  0.619295  0.748445  0.838970  0.785897  0.711658  0.831936  0.771025  0.638418  0.681454  0.783479  0.735033  0.746239  0.740538  0.697701  0.832107  0.623734  0.516234  0.670420  0.789724  0.831227  0.811242  0.933019  0.837673  0.589424  0.767628  0.787471  0.722448  0.635326  0.752331  0.779416  0.776634  0.733725  0.568369  0.658391  0.745585  0.720777  0.877102  0.771783  0.838118  0.436757  0.728177  0.857249  0.711784  0.728034  0.886745  0.724600 
25  0.770277  0.617871  0.825509  0.833818  0.746076  0.806466  0.818533  0.781281  0.812485  0.759538  0.807928  0.708168  0.819014  0.781613  0.836726  0.823070  0.627936  0.612556  0.723381  0.684282  0.732128  0.827031  0.853125  0.560667  0.076459 0.0  0.785679  0.804386  0.743324  0.670278  0.785876  0.703165  0.783050  0.862885  0.744262  0.749557  0.818191  0.504838  0.751989  0.661619  0.464979  0.716257  0.814685  0.873891  0.677429  0.668240  0.723744  0.873334  0.788875  0.708409  0.719407  0.827242  0.850684  0.872472  0.767922  0.810396  0.756981  0.667651  0.499257  0.714214  0.747198  0.745166  0.838896  0.787485  0.837319  0.813958  0.795406  0.726561  0.724110  0.618775  0.642908  0.742422  0.809156  0.733729  0.807409  0.808718  0.749334  0.810467  0.770525  0.788897  0.790684  0.716368  0.618682  0.747629  0.782524  0.811536  0.628040  0.747858  0.600974  0.868102  0.800909  0.727546  0.795331  0.537619  0.716977  0.730426  0.813699  0.716977  0.889411  0.736717  0.774787  0.727179  0.829388  0.808937  0.783526  0.704093  0.756175  0.686647  0.796039  0.864697  0.757235  0.851504  0.624975  0.724396  0.770631  0.754731  0.574895  0.636098  0.719870  0.731003  0.882613  0.743090  0.713525  0.589320  0.699912  0.892166  0.680019  0.705975  0.712642  0.654609  0.849545  0.799165  0.610319  0.621358  0.754937  0.725799  0.878291  0.748396  0.768692  0.355312  0.768495  0.835094  0.709191  0.801356  0.883448  0.802857 
26  0.401242  0.811432  0.835789  0.327649  0.481130  0.725150  0.356641  0.109833  0.444233  0.190092  0.495352  0.271599  0.321721  0.832116  0.375518  0.351308  0.754085  0.759120  0.278871  0.503575  0.386255  0.852343  0.256864  0.553089  0.716691  0.785679 0.0  0.251358  0.236101  0.418992  0.270942  0.415046  0.436769  0.414452  1.000000  0.400670  0.359480  0.769387  0.493847  0.693394  0.779510  0.419446  0.339458  0.401486  0.777021  0.275229  0.342570  0.497804  0.286896  0.414748  0.410614  0.381512  0.351257  0.288669  0.644852  0.258810  0.229848  0.377577  0.498734  0.239792  0.292754  0.351927  0.246268  0.867123  0.259441  0.504530  0.403500  0.876238  0.780285  0.591714  0.438373  0.451155  0.284673  0.577555  0.457370  0.422329  0.509685  0.487092  0.339499  0.863739  0.227637  0.321606  0.785880  0.437025  0.286696  0.545335  0.414852  0.142079  0.624379  0.150341  0.294556  0.276312  0.531657  0.567695  0.277999  0.704338  0.182376  0.859932  0.349564  0.229356  0.272683  0.098340  0.372084  0.244764  0.409234  0.130733  0.260740  0.885836  0.369839  0.430610  0.479310  0.361037  0.358557  0.371210  0.343377  0.434250  0.518116  0.479671  0.444300  0.913989  0.351637  0.399086  0.410456  0.741315  0.420272  0.311674  0.382227  0.575178  0.795226  0.459776  0.253372  0.428349  0.568587  0.560753  0.831986  0.422171  0.372764  0.406777  0.336103  0.598092  0.129772  0.308208  0.604782  0.332961  0.328112  0.281810 
