146
0 0.0  0.722756  0.873443  0.178417  0.384928  0.629430  0.192897  0.320383  0.437044  0.393410  0.261726  0.466364  0.327237  0.861378  0.400600  0.273453  0.844828  0.558088  0.406400  0.437599  0.350402  0.770189  0.386977  0.517647  0.772466  0.812456  0.440199  0.428445  0.503172  0.291913  0.452518  0.302711  0.288533  0.440052  0.772491  0.420269  0.459271  0.734430  0.239401  0.647529  0.705801  0.373614  0.187630  0.214866  0.755401  0.358337  0.354627  0.209619  0.368836  0.435811  0.312070  0.450691  0.121612  0.334781  0.551569  0.348162  0.373628  0.405235  0.638801  0.408248  0.279252  0.361165  0.492118  0.807728  0.423165  0.222072  0.269506  0.850699  0.733776  0.450627  0.310105  0.315189  0.311938  0.458764  0.518700  0.260541  0.317220  0.315169  0.404377  0.805688  0.332521  0.392450  0.629411  0.353450  0.328923  0.398348  0.421317  0.359801  0.719251  0.380424  0.476543  0.485437  0.655137  0.524984  0.156016  0.612931  0.410590  0.789803  0.322760  0.377673  0.330386  0.391202  0.544133  0.392270  0.375242  0.430764  0.390028  0.679651  0.333589  0.370655  0.403927  0.354937  0.365774  0.273598  0.505867  0.277192  0.605770  0.349420  0.292209  0.732731  0.493881  0.372372  0.320803  0.769019  0.218308  0.364837  0.354660  0.357691  0.688340  0.381762  0.441990  0.325286  0.433598  0.419978  0.729695  0.165201  0.443937  0.379714  0.439745  0.669231  0.414659  0.233966  0.665847  0.399183  0.570474  0.311717 
1  0.722756 0.0  0.200493  0.863464  0.753177  0.864674  0.782506  0.828660  0.814866  0.746488  0.826246  0.760540  0.813653  0.761652  0.808953  0.723925  0.671545  0.510993  0.852368  0.727590  0.788909  0.736351  0.848224  0.374295  0.739584  0.692032  0.770871  0.803001  0.791354  0.837081  0.770294  0.846884  0.738399  0.811515  0.460200  0.782824  0.729345  0.733592  0.746133  0.285941  0.719802  0.773228  0.889380  0.821292  0.699690  0.885005  0.838786  0.798447  0.782929  0.788911  0.893408  0.713863  0.880121  0.846276  0.767066  0.809400  0.743442  0.803890  0.438515  0.828712  0.817273  0.805141  0.701093  0.700394  0.839687  0.857334  0.801734  0.512788  0.808192  0.609828  0.780628  0.897279  0.901527  0.659708  0.876945  0.770642  0.843706  0.899411  0.679810  0.448614  0.854514  0.814229  0.822899  0.758174  0.612160  0.739915  0.731869  0.863605  0.669366  0.749240  0.855440  0.824154  0.861112  0.422956  0.832210  0.793939  0.894045  0.428251  0.922972  0.780063  0.738130  0.797238  0.786417  0.787855  0.807406  0.799365  0.864159  0.696963  0.854303  0.699828  0.782228  0.850233  0.736706  0.842591  0.721843  0.782867  0.423753  0.837302  0.786130  0.494741  0.868414  0.760661  0.909625  0.387055  0.825184  0.915105  0.822428  0.739626  0.774888  0.739064  0.856829  0.743298  0.660599  0.712685  0.790759  0.787029  0.783802  0.792870  0.762873  0.714496  0.882582  0.819967  0.670731  0.698739  0.751074  0.748789 
2  0.873443  0.200493 0.0  0.797647  0.775961  0.773485  0.730698  0.766842  0.831727  0.799725  0.810457  0.784798  0.818366  0.752519  0.770973  0.705871  0.647123  0.587895  0.847685  0.673181  0.773547  0.500675  0.828622  0.541883  0.653924  0.655186  0.839801  0.751416  0.806071  0.655022  0.772686  0.806294  0.761137  0.892841  0.532992  0.681573  0.671862  0.618664  0.783171  0.309261  0.603585  0.774390  0.787766  0.799094  0.659709  0.894099  0.725524  0.854891  0.730257  0.821364  0.807310  0.821438  0.751813  0.867953  0.727062  0.812999  0.834800  0.699910  0.589205  0.903234  0.812278  0.703470  0.799452  0.643540  0.805755  0.857923  0.714921  0.494560  0.810746  0.583368  0.716816  0.888383  0.790033  0.813484  0.784951  0.791151  0.810325  0.770242  0.699976  0.414850  0.764880  0.853789  0.704556  0.667254  0.714675  0.708436  0.698970  0.728778  0.560662  0.831494  0.839479  0.708764  0.796005  0.545241  0.821657  0.845592  0.838118  0.373942  0.827601  0.768650  0.832425  0.820542  0.825014  0.787608  0.705583  0.836398  0.827955  0.559698  0.920294  0.690161  0.683170  0.800874  0.819551  0.682794  0.792173  0.832599  0.574018  0.736118  0.795531  0.337388  0.834210  0.774475  0.745109  0.455269  0.895190  0.730449  0.737049  0.663039  0.688484  0.786245  0.839115  0.695894  0.768902  0.675872  0.678747  0.775010  0.800572  0.748602  0.846412  0.671960  0.726818  0.785813  0.655204  0.765735  0.724749  0.751898 
3  0.178417  0.863464  0.797647 0.0  0.333311  0.573065  0.215697  0.292338  0.493497  0.459484  0.406214  0.368620  0.375921  0.667913  0.428887  0.356391  0.743875  0.705435  0.239711  0.432122  0.329694  0.741476  0.333468  0.496882  0.721289  0.697567  0.356357  0.516622  0.322820  0.334986  0.319513  0.400921  0.287148  0.439360  0.700305  0.339354  0.395561  0.725671  0.379468  0.652824  0.769045  0.357884  0.335938  0.312337  0.736004  0.380759  0.370417  0.127798  0.359085  0.421524  0.260039  0.344558  0.172555  0.402627  0.467217  0.359476  0.494952  0.286350  0.485144  0.382899  0.234149  0.393712  0.322376  0.778401  0.319361  0.130268  0.280769  0.772196  0.782936  0.432087  0.427075  0.278747  0.523992  0.382532  0.499145  0.233648  0.461602  0.355741  0.356606  0.772008  0.442234  0.426557  0.729180  0.281782  0.262286  0.451526  0.416464  0.355673  0.661797  0.424298  0.463072  0.492239  0.448556  0.582244  0.252050  0.654170  0.369512  0.704463  0.394181  0.395564  0.584797  0.427922  0.544082  0.417590  0.343220  0.427055  0.338250  0.662305  0.205734  0.401528  0.319014  0.391674  0.373317  0.353076  0.553012  0.348397  0.532789  0.453185  0.273368  0.709185  0.504822  0.261524  0.433140  0.742809  0.309139  0.331096  0.280294  0.617821  0.881289  0.365046  0.397298  0.263890  0.611538  0.433340  0.759969  0.211297  0.436232  0.350385  0.332856  0.640610  0.362044  0.409537  0.615395  0.341888  0.552045  0.312839 
4  0.384928  0.753177  0.775961  0.333311 0.0  0.597370  0.269263  0.398755  0.331019  0.421587  0.412421  0.310973  0.342622  0.839077  0.583113  0.380642  0.768604  0.622228  0.408878  0.436184  0.375407  0.720396  0.376438  0.491088  0.640361  0.705309  0.406231  0.411672  0.401639  0.280875  0.342612  0.352517  0.395806  0.530593  0.729364  0.443981  0.425532  0.620433  0.179387  0.721231  0.630015  0.367176  0.289095  0.344641  0.778457  0.386836  0.439420  0.322364  0.408319  0.408220  0.310093  0.345030  0.439256  0.401345  0.480195  0.450116  0.432564  0.321545  0.497924  0.438373  0.393394  0.453976  0.521570  0.718501  0.461664  0.383392  0.412114  0.790520  0.721520  0.337507  0.273277  0.269651  0.315100  0.367466  0.491309  0.391928  0.308259  0.290059  0.268560  0.750963  0.495119  0.446085  0.690976  0.333370  0.364546  0.351263  0.431852  0.471066  0.620571  0.473276  0.437167  0.371433  0.557925  0.576874  0.395364  0.587462  0.436544  0.840428  0.411388  0.386788  0.342060  0.422553  0.522475  0.414861  0.389430  0.383384  0.312521  0.799760  0.313050  0.355312  0.393688  0.240567  0.284666  0.262063  0.472360  0.163047  0.602500  0.528266  0.322650  0.800175  0.526873  0.359865  0.170371  0.652838  0.265384  0.367259  0.371082  0.517033  0.762417  0.343484  0.377238  0.288326  0.454667  0.450083  0.776022  0.243141  0.539257  0.418628  0.423034  0.694947  0.530221  0.279735  0.718880  0.442169  0.520292  0.273367 
5  0.629430  0.864674  0.773485  0.573065  0.597370 0.0  0.538869  0.803834  0.622876  0.621934  0.623190  0.660854  0.599278  0.747150  0.497764  0.607691  0.603679  0.659013  0.600801  0.267568  0.704905  0.814929  0.576990  0.546564  0.719845  0.722456  0.566242  0.639158  0.599203  0.664983  0.668157  0.598340  0.619811  0.575442  0.688194  0.684910  0.632881  0.635203  0.648012  0.756348  0.720797  0.588389  0.499925  0.568398  0.648242  0.605212  0.685523  0.605630  0.657911  0.699039  0.506580  0.722944  0.545146  0.681314  0.552267  0.614442  0.707680  0.294893  0.483955  0.784309  0.615998  0.665615  0.709304  0.817269  0.649184  0.510329  0.483425  0.753227  0.807728  0.482145  0.679628  0.576049  0.668718  0.494963  0.728214  0.623369  0.632929  0.501038  0.548589  0.845759  0.732489  0.677839  0.762059  0.687456  0.507393  0.661293  0.464965  0.618229  0.690569  0.762158  0.748919  0.674860  0.254799  0.494709  0.552451  0.289291  0.667570  0.799768  0.685823  0.691862  0.591780  0.650218  0.800020  0.629994  0.799062  0.630717  0.708559  0.732160  0.511603  0.611674  0.629520  0.569310  0.583942  0.481028  0.570743  0.626452  0.542245  0.584471  0.711555  0.769120  0.668691  0.649581  0.575083  0.670492  0.604344  0.759781  0.704436  0.523844  0.674508  0.589246  0.739066  0.532139  0.409459  0.534981  0.773430  0.599424  0.723962  0.684912  0.631157  0.563746  0.699047  0.685164  0.847112  0.616982  0.690861  0.543858 
6  0.192897  0.782506  0.730698  0.215697  0.269263  0.538869 0.0  0.458846  0.404315  0.396431  0.276138  0.347175  0.303797  0.701148  0.449953  0.397627  0.749608  0.576110  0.262323  0.395556  0.296934  0.799551  0.236833  0.485053  0.690296  0.748293  0.342709  0.383365  0.313312  0.248739  0.337089  0.332288  0.417025  0.501592  0.750512  0.300259  0.349593  0.744620  0.313599  0.699591  0.747288  0.278349  0.287319  0.310470  0.755818  0.365945  0.378839  0.224523  0.346024  0.483938  0.211482  0.444904  0.333103  0.398819  0.531205  0.408289  0.456967  0.396399  0.522728  0.390472  0.285802  0.388577  0.349674  0.832740  0.481415  0.203968  0.235688  0.750028  0.725551  0.312494  0.221476  0.247089  0.473022  0.549744  0.447262  0.213081  0.280372  0.304840  0.393832  0.768500  0.401283  0.373211  0.648601  0.329884  0.267416  0.230651  0.531921  0.372428  0.651745  0.364542  0.393263  0.435706  0.577865  0.612768  0.341399  0.551157  0.353358  0.764122  0.385675  0.297245  0.358778  0.448106  0.534643  0.332477  0.373191  0.487526  0.389090  0.717560  0.261873  0.430137  0.334037  0.273923  0.493222  0.278744  0.428837  0.382521  0.521490  0.430443  0.360897  0.809476  0.435367  0.218845  0.340476  0.636514  0.454160  0.291719  0.284767  0.476747  0.785947  0.445174  0.396285  0.286292  0.506362  0.521467  0.804644  0.295665  0.474781  0.390239  0.443557  0.676877  0.397134  0.226507  0.629654  0.393812  0.379225  0.246026 
7  0.320383  0.828660  0.766842  0.292338  0.398755  0.803834  0.458846 0.0  0.556421  0.287891  0.397639  0.307296  0.350739  0.672754  0.530196  0.341133  0.684499  0.654672  0.231143  0.355717  0.397807  0.744578  0.291008  0.436509  0.816239  0.739786  0.125242  0.260180  0.216483  0.491889  0.323172  0.497314  0.309871  0.347434  0.762121  0.413034  0.200045  0.777022  0.411840  0.660488  0.751161  0.390733  0.440270  0.354888  0.742688  0.311605  0.305578  0.373089  0.316036  0.368245  0.390561  0.348760  0.521542  0.286401  0.555304  0.231986  0.329895  0.401162  0.442633  0.201920  0.325435  0.399552  0.183897  0.756737  0.247419  0.398516  0.362990  0.773681  0.725272  0.370501  0.374701  0.424616  0.357886  0.440188  0.361476  0.381254  0.498266  0.410906  0.247452  0.764377  0.251086  0.303541  0.697345  0.282164  0.455728  0.426247  0.450073  0.286835  0.718730  0.214452  0.458327  0.265945  0.618931  0.458112  0.361263  0.584196  0.201139  0.838349  0.293652  0.156160  0.336841  0.195395  0.383194  0.215963  0.262477  0.268565  0.211321  0.702301  0.390104  0.536882  0.405739  0.435649  0.400876  0.287277  0.354429  0.343012  0.544453  0.457066  0.429151  0.704290  0.393221  0.353618  0.461007  0.730692  0.387534  0.334675  0.381262  0.603951  0.780730  0.425495  0.213278  0.238359  0.421657  0.485450  0.767416  0.358783  0.282678  0.231589  0.320525  0.695146  0.149495  0.416424  0.807260  0.304972  0.281035  0.302858 
8  0.437044  0.814866  0.831727  0.493497  0.331019  0.622876  0.404315  0.556421 0.0  0.441415  0.506195  0.463816  0.507550  0.695972  0.099932  0.559338  0.793826  0.579155  0.439333  0.399546  0.517447  0.769647  0.408026  0.557299  0.640096  0.670397  0.468935  0.423734  0.574557  0.462507  0.435166  0.471646  0.545903  0.621655  0.790400  0.534445  0.547428  0.711920  0.536277  0.610254  0.665430  0.209057  0.482937  0.518044  0.727639  0.445730  0.531198  0.453488  0.383117  0.500765  0.391357  0.570211  0.389366  0.487030  0.448461  0.393196  0.497727  0.395601  0.494013  0.509273  0.299696  0.538363  0.423966  0.720002  0.486049  0.386537  0.441486  0.772986  0.772131  0.380165  0.583752  0.431945  0.448423  0.166958  0.659760  0.525266  0.471294  0.424053  0.503031  0.806291  0.582217  0.429982  0.689314  0.538007  0.490931  0.521557  0.442305  0.469834  0.652906  0.587631  0.495854  0.565064  0.602661  0.585906  0.444425  0.536116  0.469315  0.792026  0.564361  0.478285  0.457001  0.503847  0.585707  0.573128  0.501196  0.498587  0.509216  0.756165  0.414070  0.486081  0.353431  0.572798  0.471689  0.508916  0.532733  0.529507  0.526385  0.313954  0.510480  0.765559  0.583959  0.584559  0.445632  0.642934  0.472687  0.621633  0.413732  0.475638  0.701603  0.429375  0.518522  0.509182  0.440768  0.438315  0.796121  0.372543  0.579736  0.468077  0.458468  0.645048  0.394752  0.425963  0.676784  0.528520  0.614746  0.345426 
9  0.393410  0.746488  0.799725  0.459484  0.421587  0.621934  0.396431  0.287891  0.441415 0.0  0.427840  0.316834  0.175105  0.811752  0.486789  0.279334  0.693409  0.507956  0.351647  0.551756  0.300443  0.730299  0.196683  0.587072  0.731893  0.757914  0.240591  0.248247  0.323811  0.409061  0.352517  0.461665  0.372038  0.325523  0.705065  0.383913  0.234121  0.713709  0.396887  0.715124  0.750839  0.500985  0.410810  0.342083  0.753659  0.440395  0.303854  0.404707  0.233826  0.275336  0.404687  0.362299  0.376324  0.243532  0.676015  0.283687  0.240047  0.407142  0.493625  0.301184  0.308788  0.323801  0.198192  0.739215  0.301292  0.398523  0.309039  0.812281  0.783138  0.398793  0.392153  0.363392  0.448474  0.325492  0.272114  0.499198  0.378510  0.350510  0.239116  0.656388  0.344744  0.301192  0.697880  0.349744  0.480632  0.411653  0.455046  0.244883  0.532350  0.232666  0.323772  0.409581  0.679551  0.452548  0.346151  0.627659  0.353198  0.690978  0.308731  0.245056  0.321517  0.347124  0.388348  0.320757  0.407641  0.289228  0.334382  0.716799  0.387872  0.425640  0.383431  0.403411  0.401843  0.310741  0.303575  0.312621  0.460234  0.576838  0.385621  0.888240  0.387115  0.397838  0.454305  0.692149  0.472496  0.392748  0.349313  0.556564  0.782492  0.507195  0.263985  0.342288  0.526209  0.468752  0.696949  0.294611  0.358847  0.447419  0.325508  0.519107  0.345011  0.288686  0.742586  0.310914  0.333260  0.278489 
10  0.261726  0.826246  0.810457  0.406214  0.412421  0.623190  0.276138  0.397639  0.506195  0.427840 0.0  0.458738  0.444036  0.715237  0.377644  0.388791  0.735699  0.626814  0.390448  0.471093  0.396611  0.670695  0.363128  0.393137  0.790991  0.724863  0.433200  0.437726  0.471178  0.372370  0.313463  0.354972  0.347716  0.520553  0.793366  0.367813  0.453816  0.674832  0.268043  0.704875  0.770177  0.401144  0.214306  0.309452  0.824128  0.394051  0.412555  0.306655  0.482555  0.350566  0.205846  0.503924  0.316268  0.332666  0.437739  0.418550  0.430802  0.530249  0.561177  0.387158  0.336121  0.381363  0.484674  0.795905  0.603294  0.343997  0.388179  0.714031  0.794150  0.472188  0.306130  0.374711  0.459057  0.399571  0.422978  0.250534  0.300382  0.335570  0.334089  0.769302  0.484618  0.435989  0.636153  0.384615  0.276436  0.457757  0.401376  0.482706  0.674195  0.371544  0.459323  0.445413  0.573460  0.473488  0.283526  0.670247  0.456245  0.824244  0.434105  0.425442  0.383131  0.480096  0.472839  0.388213  0.415123  0.415480  0.441191  0.855039  0.293408  0.374934  0.250619  0.333331  0.385551  0.345309  0.386002  0.255934  0.597362  0.450694  0.373793  0.623678  0.482248  0.378936  0.408954  0.648749  0.264602  0.380910  0.437385  0.497017  0.790401  0.352068  0.490648  0.332754  0.483565  0.530855  0.761174  0.306312  0.468291  0.409696  0.440586  0.653153  0.531164  0.407628  0.691406  0.461857  0.497340  0.237069 
11  0.466364  0.760540  0.784798  0.368620  0.310973  0.660854  0.347175  0.307296  0.463816  0.316834  0.458738 0.0  0.277109  0.861824  0.541687  0.352576  0.649358  0.494095  0.381764  0.435919  0.309722  0.713555  0.204643  0.357110  0.799348  0.733264  0.293099  0.295901  0.200752  0.456914  0.183539  0.409131  0.375189  0.291987  0.796816  0.335120  0.273667  0.618461  0.484675  0.721666  0.681664  0.391448  0.535583  0.384255  0.642276  0.388666  0.240405  0.331354  0.274527  0.320283  0.451704  0.169249  0.342438  0.223934  0.546721  0.209075  0.193784  0.469968  0.490280  0.312899  0.328003  0.315023  0.131722  0.804536  0.357172  0.499858  0.331689  0.568810  0.690374  0.359586  0.463129  0.354905  0.271172  0.431846  0.323439  0.496313  0.473794  0.368861  0.196880  0.751924  0.322707  0.429204  0.749991  0.305549  0.299380  0.413110  0.425331  0.259854  0.701343  0.314072  0.260181  0.331745  0.567384  0.493421  0.419630  0.589609  0.261687  0.818028  0.418319  0.430697  0.228493  0.302494  0.314862  0.320651  0.329802  0.389443  0.304291  0.685120  0.422697  0.274903  0.273812  0.452829  0.460469  0.296568  0.308895  0.540779  0.459690  0.579887  0.358479  0.647039  0.315091  0.316833  0.332812  0.702838  0.480020  0.321453  0.317686  0.567382  0.700555  0.340975  0.298583  0.383379  0.466747  0.365281  0.757486  0.386723  0.271506  0.417512  0.301080  0.611630  0.312793  0.372813  0.622095  0.289868  0.306270  0.298327 
12  0.327237  0.813653  0.818366  0.375921  0.342622  0.599278  0.303797  0.350739  0.507550  0.175105  0.444036  0.277109 0.0  0.662910  0.436014  0.360819  0.755245  0.608160  0.187325  0.548502  0.427971  0.793119  0.276145  0.567571  0.721518  0.713824  0.251452  0.248636  0.292702  0.301698  0.243022  0.282605  0.378966  0.310030  0.838869  0.322791  0.288883  0.677680  0.363742  0.742656  0.743245  0.464507  0.453624  0.408058  0.729702  0.225886  0.401625  0.290340  0.304677  0.433244  0.280113  0.280462  0.401736  0.312320  0.562503  0.405138  0.305409  0.537225  0.623508  0.402636  0.284961  0.396507  0.270393  0.792242  0.496989  0.357018  0.301497  0.727422  0.647399  0.402969  0.323789  0.368632  0.278752  0.330643  0.394472  0.351551  0.380777  0.452243  0.346934  0.722315  0.305349  0.365442  0.779066  0.319763  0.366788  0.330688  0.357781  0.382852  0.614523  0.318916  0.345722  0.380073  0.587479  0.475325  0.365309  0.538541  0.251807  0.672317  0.360662  0.373058  0.387800  0.291721  0.493104  0.323495  0.217599  0.275951  0.381240  0.660626  0.357666  0.380149  0.337042  0.353079  0.323518  0.399843  0.310654  0.408859  0.631704  0.440811  0.350897  0.798336  0.382678  0.283136  0.367515  0.697359  0.322531  0.312935  0.401675  0.533726  0.661765  0.479281  0.313605  0.399572  0.435583  0.519288  0.699256  0.484828  0.314206  0.300127  0.264244  0.490567  0.376795  0.262691  0.687070  0.393816  0.403887  0.352916 
13  0.861378  0.761652  0.752519  0.667913  0.839077  0.747150  0.701148  0.672754  0.695972  0.811752  0.715237  0.861824  0.662910 0.0  0.682739  0.775114  0.686614  0.644831  0.740309  0.581727  0.655035  0.722211  0.875399  0.505704  0.634805  0.706229  0.710819  0.907739  0.783444  0.740533  0.788102  0.687819  0.635027  0.667347  0.608800  0.602745  0.740294  0.603317  0.712882  0.726671  0.729126  0.609682  0.759398  0.720285  0.373002  0.634503  0.677012  0.789212  0.658110  0.834986  0.685178  0.744150  0.661798  0.904729  0.732811  0.720572  0.778381  0.560344  0.555982  0.718180  0.817954  0.777441  0.790421  0.782629  0.835657  0.731863  0.761595  0.627865  0.711425  0.567936  0.778564  0.703785  0.786285  0.803221  0.841506  0.679435  0.721312  0.750259  0.797398  0.714301  0.788485  0.858027  0.641435  0.745003  0.809245  0.761367  0.620264  0.722330  0.576819  0.746046  0.750591  0.750269  0.757332  0.463590  0.803384  0.679091  0.798084  0.727159  0.780246  0.808226  0.808983  0.721354  0.800549  0.704071  0.693846  0.904881  0.710987  0.733088  0.756092  0.662095  0.771960  0.803533  0.856654  0.695147  0.700070  0.728851  0.589794  0.613561  0.779164  0.599914  0.893718  0.681123  0.681796  0.647187  0.594426  0.698018  0.677919  0.712244  0.562762  0.722363  0.729378  0.682171  0.674163  0.714887  0.744622  0.735514  0.820554  0.643861  0.772979  0.650843  0.768246  0.728676  0.613391  0.662557  0.742260  0.754345 
14  0.400600  0.808953  0.770973  0.428887  0.583113  0.497764  0.449953  0.530196  0.099932  0.486789  0.377644  0.541687  0.436014  0.682739 0.0  0.426861  0.730247  0.597963  0.358225  0.402586  0.568908  0.742756  0.398469  0.549085  0.719702  0.704907  0.360314  0.560011  0.506731  0.523989  0.460060  0.550938  0.536205  0.583887  0.815882  0.390720  0.463410  0.682451  0.432265  0.681625  0.765297  0.300461  0.379565  0.512068  0.663630  0.341498  0.494956  0.399156  0.403776  0.478052  0.401624  0.542835  0.316537  0.488607  0.421027  0.518885  0.428679  0.397202  0.534950  0.437454  0.329261  0.470063  0.458369  0.793081  0.466176  0.466062  0.411194  0.716938  0.703257  0.386506  0.437401  0.490061  0.392077  0.271173  0.607823  0.371443  0.508007  0.515821  0.452391  0.755846  0.517514  0.551496  0.809820  0.425047  0.470723  0.548329  0.395126  0.516459  0.752307  0.569343  0.537562  0.486899  0.526385  0.527344  0.402476  0.532665  0.431090  0.779154  0.442617  0.422124  0.549050  0.444254  0.617186  0.459053  0.507611  0.455568  0.404555  0.801750  0.451526  0.578748  0.456973  0.387009  0.352360  0.431531  0.507446  0.471337  0.523675  0.335162  0.574838  0.874339  0.518215  0.418714  0.461485  0.690194  0.447191  0.465160  0.465176  0.454454  0.768937  0.579397  0.470302  0.460023  0.441133  0.501291  0.777976  0.578428  0.481358  0.464411  0.466320  0.686029  0.490812  0.612415  0.603502  0.452005  0.572383  0.393149 
15  0.273453  0.723925  0.705871  0.356391  0.380642  0.607691  0.397627  0.341133  0.559338  0.279334  0.388791  0.352576  0.360819  0.775114  0.426861 0.0  0.674960  0.646713  0.267065  0.439460  0.152434  0.808079  0.373581  0.448914  0.728947  0.691897  0.379447  0.370085  0.493384  0.286532  0.370560  0.373903  0.261860  0.413080  0.789161  0.347211  0.377474  0.700974  0.284379  0.749171  0.731370  0.454609  0.334613  0.264924  0.690166  0.441080  0.264889  0.321414  0.404015  0.298654  0.358005  0.437406  0.272754  0.361689  0.551890  0.451604  0.441081  0.423152  0.567097  0.408357  0.321683  0.382188  0.287220  0.714919  0.465067  0.368377  0.446639  0.688787  0.700015  0.429265  0.334884  0.332557  0.435447  0.548422  0.354333  0.247981  0.232764  0.439372  0.321924  0.727477  0.394265  0.405789  0.788850  0.212521  0.201396  0.200147  0.380531  0.364316  0.536910  0.384920  0.453556  0.366229  0.535956  0.462332  0.359390  0.505214  0.290511  0.660365  0.265426  0.385899  0.362153  0.449480  0.589644  0.393313  0.316664  0.376868  0.383259  0.700504  0.386643  0.164973  0.284000  0.430030  0.320045  0.370842  0.407117  0.395015  0.375217  0.362537  0.302871  0.650004  0.464813  0.272160  0.343413  0.669773  0.332169  0.358887  0.306602  0.498147  0.769151  0.266512  0.406020  0.279513  0.570679  0.406065  0.620922  0.396129  0.356400  0.326024  0.402799  0.592316  0.381599  0.362269  0.734581  0.373651  0.410139  0.374683 
16  0.844828  0.671545  0.647123  0.743875  0.768604  0.603679  0.749608  0.684499  0.793826  0.693409  0.735699  0.649358  0.755245  0.686614  0.730247  0.674960 0.0  0.609860  0.748455  0.684141  0.637521  0.693618  0.651115  0.569424  0.599507  0.599341  0.793286  0.664639  0.651761  0.722823  0.634160  0.746797  0.723068  0.676313  0.614300  0.728695  0.706106  0.644232  0.745865  0.667052  0.706193  0.681263  0.766783  0.650329  0.617832  0.752956  0.630018  0.652618  0.668669  0.624146  0.838594  0.630763  0.714403  0.608501  0.648431  0.696428  0.648446  0.687661  0.447681  0.701561  0.662560  0.644962  0.702364  0.746077  0.685501  0.788658  0.658903  0.721828  0.567616  0.550425  0.698464  0.833159  0.724550  0.787676  0.760482  0.687518  0.735399  0.768068  0.733653  0.800691  0.803654  0.664356  0.600740  0.673998  0.667009  0.663228  0.513499  0.695992  0.261055  0.730703  0.737564  0.708573  0.657103  0.522766  0.708683  0.681688  0.677678  0.762241  0.756624  0.627023  0.666121  0.666535  0.835776  0.819959  0.593957  0.787496  0.665272  0.617450  0.724841  0.677878  0.743510  0.722482  0.676912  0.645352  0.719997  0.722298  0.485388  0.653250  0.677047  0.735074  0.694131  0.694098  0.582106  0.564472  0.674897  0.756090  0.626543  0.707867  0.625998  0.677484  0.754891  0.643202  0.613862  0.786524  0.671918  0.614425  0.674329  0.715559  0.720324  0.503788  0.660204  0.728795  0.554684  0.753360  0.792665  0.721830 
17  0.558088  0.510993  0.587895  0.705435  0.622228  0.659013  0.576110  0.654672  0.579155  0.507956  0.626814  0.494095  0.608160  0.644831  0.597963  0.646713  0.609860 0.0  0.613391  0.584386  0.651114  0.717908  0.680225  0.460668  0.622645  0.696879  0.708257  0.707787  0.624034  0.583394  0.614017  0.663289  0.565177  0.698114  0.546979  0.586595  0.602500  0.528383  0.557150  0.593679  0.565587  0.714109  0.657587  0.574336  0.543279  0.653554  0.570705  0.746916  0.573231  0.582604  0.685802  0.686421  0.685156  0.528772  0.528263  0.695639  0.574948  0.651272  0.440230  0.712557  0.718105  0.626089  0.676210  0.654526  0.758984  0.631894  0.606270  0.604380  0.633723  0.558413  0.590681  0.751444  0.643890  0.486382  0.613299  0.693989  0.661269  0.564290  0.498746  0.607546  0.721646  0.614878  0.569455  0.688311  0.594704  0.643992  0.503045  0.535776  0.567279  0.668805  0.652173  0.677270  0.567203  0.567821  0.638883  0.637488  0.522914  0.558850  0.651711  0.640699  0.493268  0.592437  0.637436  0.625739  0.660413  0.629594  0.597349  0.682448  0.587954  0.597286  0.602690  0.586551  0.662687  0.588467  0.497101  0.687728  0.366890  0.522587  0.610558  0.518971  0.772885  0.658285  0.539540  0.602414  0.611724  0.555463  0.555633  0.651982  0.633449  0.662693  0.622394  0.547926  0.607797  0.553781  0.513333  0.644889  0.616574  0.578499  0.708134  0.559685  0.667484  0.678203  0.681913  0.560316  0.686870  0.603556 
18  0.406400  0.852368  0.847685  0.239711  0.408878  0.600801  0.262323  0.231143  0.439333  0.351647  0.390448  0.381764  0.187325  0.740309  0.358225  0.267065  0.748455  0.613391 0.0  0.545165  0.219987  0.672587  0.337335  0.453481  0.711123  0.733910  0.372631  0.362282  0.343563  0.418098  0.371475  0.383709  0.420691  0.432224  0.748616  0.331462  0.358707  0.681077  0.343337  0.722856  0.758259  0.511831  0.350566  0.311673  0.752618  0.306742  0.325116  0.316574  0.293815  0.413300  0.395411  0.414291  0.335500  0.282916  0.576951  0.293528  0.371278  0.375946  0.541160  0.243113  0.421957  0.285730  0.309927  0.696986  0.389448  0.248200  0.356323  0.713777  0.694586  0.433551  0.282989  0.387326  0.423205  0.387982  0.417387  0.345927  0.441294  0.431006  0.307854  0.786224  0.321642  0.341732  0.767096  0.382817  0.401089  0.377506  0.380633  0.337847  0.755041  0.379804  0.394590  0.287844  0.434522  0.468795  0.251218  0.541243  0.326413  0.800100  0.323104  0.320700  0.329314  0.268550  0.434689  0.251872  0.338006  0.322762  0.352561  0.738193  0.372484  0.371515  0.326957  0.429513  0.413116  0.396776  0.392124  0.275514  0.558813  0.385463  0.301957  0.749226  0.433679  0.438722  0.399587  0.676944  0.462400  0.259742  0.294965  0.538251  0.811579  0.346529  0.308534  0.351311  0.465355  0.474219  0.648899  0.412562  0.346731  0.286981  0.291304  0.711675  0.308060  0.347996  0.718513  0.499537  0.350617  0.291023 
19  0.437599  0.727590  0.673181  0.432122  0.436184  0.267568  0.395556  0.355717  0.399546  0.551756  0.471093  0.435919  0.548502  0.581727  0.402586  0.439460  0.684141  0.584386  0.545165 0.0  0.421668  0.613018  0.405338  0.557699  0.577196  0.815107  0.364661  0.471192  0.547432  0.420958  0.411367  0.501610  0.427074  0.545748  0.611848  0.505172  0.559804  0.706735  0.465086  0.758814  0.561491  0.489140  0.419993  0.502558  0.683368  0.389847  0.387005  0.439880  0.462574  0.561597  0.506078  0.491688  0.494581  0.483930  0.401763  0.520785  0.468185  0.412741  0.460717  0.619488  0.458861  0.444154  0.501793  0.762261  0.539282  0.476611  0.547175  0.800325  0.708157  0.400991  0.403145  0.544724  0.540724  0.465158  0.572203  0.488138  0.531543  0.514877  0.534770  0.600970  0.423265  0.421441  0.671327  0.599429  0.442408  0.375383  0.465149  0.535685  0.682809  0.499079  0.477639  0.514396  0.216958  0.472239  0.490189  0.377041  0.472171  0.697911  0.524622  0.543816  0.373499  0.438737  0.607527  0.495464  0.582898  0.432690  0.552932  0.653613  0.557869  0.513238  0.454478  0.490553  0.357664  0.505480  0.516695  0.467370  0.502416  0.334536  0.500267  0.711252  0.664915  0.460778  0.427886  0.664454  0.522142  0.562964  0.454561  0.402279  0.474705  0.547461  0.448090  0.534175  0.371996  0.405542  0.581240  0.562701  0.507421  0.490598  0.534633  0.621715  0.465022  0.428856  0.671716  0.498284  0.512212  0.465710 
20  0.350402  0.788909  0.773547  0.329694  0.375407  0.704905  0.296934  0.397807  0.517447  0.300443  0.396611  0.309722  0.427971  0.655035  0.568908  0.152434  0.637521  0.651114  0.219987  0.421668 0.0  0.700985  0.407232  0.394787  0.748800  0.742463  0.272417  0.366973  0.315620  0.313697  0.302371  0.368493  0.189262  0.417023  0.742294  0.193772  0.383372  0.598737  0.307237  0.648927  0.672175  0.319839  0.294402  0.292476  0.735986  0.397285  0.269197  0.333986  0.378942  0.321979  0.207514  0.406129  0.355173  0.359297  0.556132  0.429076  0.339870  0.449263  0.471852  0.278669  0.413990  0.303404  0.355674  0.764933  0.353793  0.242097  0.321380  0.596105  0.712706  0.330339  0.346680  0.260260  0.430103  0.413620  0.406870  0.238520  0.386215  0.368116  0.276396  0.683519  0.390623  0.425745  0.717561  0.191309  0.234039  0.188360  0.424391  0.355947  0.664400  0.437321  0.447399  0.353488  0.644266  0.522835  0.326687  0.622971  0.363092  0.771101  0.402692  0.304598  0.443071  0.379626  0.445605  0.434096  0.262836  0.405011  0.450404  0.765511  0.290349  0.291816  0.178638  0.344473  0.330983  0.250683  0.385018  0.311599  0.491458  0.438112  0.159426  0.716662  0.454698  0.248072  0.293419  0.595547  0.268975  0.140386  0.246664  0.428542  0.751400  0.268117  0.363013  0.224567  0.396786  0.395886  0.737084  0.339851  0.403398  0.305690  0.509484  0.645501  0.359170  0.309980  0.652320  0.489418  0.336377  0.238798 
21  0.770189  0.736351  0.500675  0.741476  0.720396  0.814929  0.799551  0.744578  0.769647  0.730299  0.670695  0.713555  0.793119  0.722211  0.742756  0.808079  0.693618  0.717908  0.672587  0.613018  0.700985 0.0  0.741805  0.496942  0.619492  0.663427  0.786348  0.731346  0.721198  0.832265  0.750094  0.788986  0.711551  0.757020  0.253043  0.729240  0.698556  0.653968  0.700254  0.517170  0.641213  0.686015  0.691089  0.746513  0.706169  0.729239  0.646091  0.718765  0.621967  0.743792  0.851827  0.868424  0.768006  0.790643  0.699297  0.685282  0.718176  0.588223  0.462867  0.856650  0.728177  0.780972  0.854330  0.675783  0.831378  0.732981  0.735786  0.239707  0.626712  0.748049  0.672173  0.717235  0.881189  0.795321  0.830750  0.701635  0.795433  0.826983  0.650378  0.493209  0.822105  0.784770  0.728870  0.779570  0.753998  0.664514  0.627816  0.769553  0.460515  0.790285  0.733676  0.776415  0.811407  0.526598  0.675435  0.772772  0.777703  0.532739  0.805806  0.741200  0.698244  0.642522  0.809206  0.734936  0.719827  0.708746  0.777529  0.705661  0.691294  0.816311  0.665813  0.788514  0.816321  0.685813  0.658125  0.766881  0.435635  0.745749  0.696254  0.252328  0.896519  0.788850  0.743202  0.471132  0.751758  0.803979  0.768597  0.709540  0.781958  0.881330  0.755985  0.710250  0.743787  0.644099  0.764258  0.683856  0.718380  0.719226  0.789223  0.614396  0.651659  0.691208  0.581221  0.765712  0.808946  0.716604 
22  0.386977  0.848224  0.828622  0.333468  0.376438  0.576990  0.236833  0.291008  0.408026  0.196683  0.363128  0.204643  0.276145  0.875399  0.398469  0.373581  0.651115  0.680225  0.337335  0.405338  0.407232  0.741805 0.0  0.549710  0.704237  0.773859  0.250532  0.110191  0.181978  0.510339  0.377971  0.505496  0.258245  0.253731  0.804909  0.297617  0.124976  0.684234  0.375144  0.699121  0.705245  0.584657  0.382170  0.425044  0.733678  0.390057  0.275307  0.496652  0.262037  0.249200  0.377402  0.246771  0.419036  0.330746  0.544704  0.233155  0.216624  0.460269  0.406040  0.359159  0.429189  0.334575  0.230386  0.623088  0.134857  0.420278  0.396574  0.772320  0.749272  0.498354  0.402378  0.394766  0.322489  0.460411  0.262089  0.368266  0.472494  0.358922  0.147321  0.843937  0.217111  0.377535  0.771216  0.404079  0.336962  0.313965  0.377403  0.352370  0.594969  0.269717  0.272575  0.235931  0.602812  0.463211  0.569094  0.674675  0.284296  0.808439  0.186778  0.222831  0.301735  0.280396  0.258315  0.288136  0.368593  0.350506  0.395144  0.662125  0.416424  0.388584  0.271501  0.303009  0.424766  0.333226  0.321325  0.430791  0.482723  0.583309  0.380458  0.747929  0.274815  0.408070  0.357588  0.606767  0.357809  0.405145  0.293747  0.614578  0.719137  0.313699  0.101546  0.336581  0.518551  0.442877  0.711633  0.417941  0.168336  0.374265  0.191359  0.659266  0.309057  0.460911  0.648358  0.268876  0.213941  0.311394 
23  0.517647  0.374295  0.541883  0.496882  0.491088  0.546564  0.485053  0.436509  0.557299  0.587072  0.393137  0.357110  0.567571  0.505704  0.549085  0.448914  0.569424  0.460668  0.453481  0.557699  0.394787  0.496942  0.549710 0.0  0.550326  0.549987  0.541820  0.404516  0.463135  0.436067  0.491003  0.573388  0.437034  0.458822  0.471385  0.524637  0.399401  0.411382  0.475190  0.500672  0.613909  0.563062  0.502417  0.590863  0.415614  0.498752  0.473568  0.616412  0.545291  0.452239  0.547046  0.436693  0.575170  0.613509  0.508474  0.594432  0.544375  0.661479  0.468210  0.651349  0.461995  0.498544  0.602729  0.627447  0.521489  0.528287  0.508895  0.406166  0.535128  0.480991  0.652269  0.493636  0.531265  0.623029  0.466407  0.505619  0.552257  0.526805  0.425315  0.309669  0.605916  0.599976  0.491512  0.501921  0.440731  0.515018  0.695053  0.547417  0.549897  0.488801  0.440203  0.485522  0.496516  0.398157  0.412413  0.556391  0.514258  0.415808  0.410309  0.526207  0.460592  0.520784  0.531935  0.509206  0.442995  0.543763  0.387396  0.625397  0.552875  0.416778  0.361582  0.540228  0.517378  0.455191  0.454271  0.506558  0.437198  0.502527  0.500129  0.427171  0.437273  0.501318  0.535563  0.489048  0.543407  0.427749  0.454855  0.623630  0.480968  0.460628  0.557803  0.348346  0.494531  0.488295  0.583013  0.512724  0.475095  0.536254  0.495623  0.476660  0.585660  0.560163  0.424029  0.509858  0.492638  0.279716 
24  0.772466  0.739584  0.653924  0.721289  0.640361  0.719845  0.690296  0.816239  0.640096  0.731893  0.790991  0.799348  0.721518  0.634805  0.719702  0.728947  0.599507  0.622645  0.711123  0.577196  0.748800  0.619492  0.704237  0.550326 0.0  0.268293  0.629643  0.790750  0.806353  0.785144  0.705488  0.788896  0.667108  0.812079  0.666399  0.746276  0.901264  0.484320  0.796211  0.605562  0.471572  0.583198  0.613170  0.660389  0.639824  0.714552  0.740700  0.667466  0.717095  0.714403  0.656318  0.676894  0.795674  0.688039  0.554989  0.764330  0.764133  0.548298  0.578099  0.777859  0.754746  0.690579  0.781022  0.742389  0.746558  0.764832  0.656069  0.730811  0.755454  0.527496  0.781998  0.686437  0.634566  0.617201  0.855480  0.771356  0.598503  0.792119  0.746716  0.758845  0.732797  0.624979  0.618616  0.767966  0.706803  0.892445  0.611016  0.866231  0.616177  0.766259  0.799365  0.810117  0.577978  0.491240  0.645120  0.801004  0.855849  0.683062  0.727688  0.769429  0.748186  0.694571  0.937083  0.679719  0.740628  0.797970  0.845921  0.685049  0.643520  0.736474  0.801679  0.777183  0.738296  0.703812  0.803044  0.735601  0.423700  0.630243  0.774479  0.744774  0.761589  0.750576  0.808926  0.770044  0.698056  0.765885  0.654178  0.576108  0.648415  0.823218  0.853291  0.706067  0.607457  0.618104  0.690540  0.719502  0.837003  0.703374  0.705013  0.334371  0.821335  0.757871  0.530134  0.653763  0.861887  0.698782 
25  0.812456  0.692032  0.655186  0.697567  0.705309  0.722456  0.748293  0.739786  0.670397  0.757914  0.724863  0.733264  0.713824  0.706229  0.704907  0.691897  0.599341  0.696879  0.733910  0.815107  0.742463  0.663427  0.773859  0.549987  0.268293 0.0  0.806987  0.716846  0.717650  0.835199  0.715418  0.788290  0.648830  0.744646  0.678908  0.727547  0.762078  0.531415  0.738546  0.706115  0.551838  0.712543  0.713247  0.693803  0.744901  0.632390  0.655237  0.783999  0.870126  0.709206  0.763670  0.705403  0.682377  0.764670  0.775167  0.742199  0.677093  0.605274  0.523991  0.776410  0.577611  0.769788  0.747029  0.658145  0.759811  0.751752  0.713238  0.732725  0.695453  0.738947  0.697928  0.776565  0.730406  0.695274  0.845474  0.734093  0.803085  0.745652  0.750447  0.725614  0.846829  0.794209  0.604046  0.731586  0.684504  0.752316  0.629143  0.698821  0.577798  0.719403  0.714840  0.882257  0.738908  0.524313  0.673292  0.648768  0.809703  0.665472  0.755862  0.748745  0.664056  0.796016  0.801228  0.792955  0.776859  0.756799  0.803239  0.608217  0.723357  0.781200  0.753367  0.740956  0.775194  0.710998  0.728768  0.815216  0.529681  0.698605  0.739886  0.652094  0.925421  0.748136  0.675288  0.629407  0.750621  0.797881  0.752835  0.600662  0.638648  0.700143  0.647929  0.757080  0.729926  0.749157  0.736570  0.801312  0.820980  0.750788  0.770386  0.357320  0.768674  0.767819  0.691734  0.719388  0.845619  0.745643 
26  0.440199  0.770871  0.839801  0.356357  0.406231  0.566242  0.342709  0.125242  0.468935  0.240591  0.433200  0.293099  0.251452  0.710819  0.360314  0.379447  0.793286  0.708257  0.372631  0.364661  0.272417  0.786348  0.250532  0.541820  0.629643  0.806987 0.0  0.347952  0.377800  0.501957  0.269012  0.327177  0.453514  0.365666  0.863160  0.391983  0.331253  0.789831  0.476773  0.723297  0.820589  0.331903  0.385533  0.339443  0.774581  0.457287  0.438205  0.390649  0.292247  0.338898  0.327103  0.325501  0.391256  0.259178  0.641751  0.133979  0.295324  0.475721  0.547943  0.186570  0.380583  0.325194  0.223015  0.752627  0.322970  0.352235  0.385674  0.687790  0.761634  0.349474  0.491203  0.391619  0.331923  0.332824  0.359509  0.318617  0.416487  0.463346  0.380036  0.764747  0.219779  0.237446  0.749274  0.336146  0.377744  0.316060  0.396136  0.267706  0.649155  0.303292  0.215641  0.264548  0.473504  0.403456  0.344577  0.563358  0.122730  0.854255  0.389287  0.171839  0.282818  0.073591  0.419753  0.228089  0.434191  0.269833  0.209339  0.744764  0.499580  0.388055  0.336717  0.366668  0.435193  0.451883  0.404051  0.448594  0.548714  0.381821  0.374400  0.767381  0.316652  0.433629  0.432170  0.732819  0.392010  0.300560  0.402182  0.532215  0.730090  0.385112  0.352406  0.406776  0.433020  0.529777  0.882748  0.376528  0.354743  0.335780  0.283305  0.721505  0.238047  0.384012  0.605930  0.284821  0.354435  0.312505 
