146
0 0.0  0.940171  0.888805  0.207648  0.223560  0.666261  0.344426  0.266919  0.490298  0.387111  0.322795  0.466629  0.332439  0.779270  0.443816  0.403957  0.838549  0.623241  0.266200  0.423259  0.388541  0.807759  0.487651  0.584398  0.753509  0.862951  0.355370  0.422697  0.437804  0.364953  0.474530  0.304151  0.366037  0.497254  0.871542  0.310262  0.478825  0.755660  0.408101  0.706454  0.631716  0.391761  0.282236  0.263169  0.805349  0.310665  0.377984  0.261297  0.399806  0.533589  0.297972  0.448667  0.170525  0.338514  0.519273  0.419744  0.410978  0.353469  0.565289  0.444234  0.374676  0.381453  0.384900  0.885816  0.448410  0.299060  0.323783  0.833497  0.769779  0.361738  0.192656  0.309939  0.437857  0.512554  0.581267  0.281200  0.386509  0.366758  0.429429  0.840534  0.400450  0.321524  0.778305  0.364059  0.269694  0.285189  0.418425  0.469129  0.672849  0.373267  0.470531  0.389147  0.556260  0.522363  0.220094  0.566957  0.304317  0.865302  0.437514  0.473766  0.372762  0.378080  0.506880  0.384298  0.310279  0.364204  0.368911  0.860218  0.282070  0.410564  0.416311  0.343672  0.402802  0.239574  0.506004  0.357997  0.485372  0.357873  0.357798  0.861615  0.484164  0.373288  0.345769  0.678465  0.260363  0.324467  0.285961  0.487406  0.841921  0.438988  0.424617  0.432750  0.352989  0.419680  0.734107  0.290619  0.527261  0.416634  0.401818  0.645393  0.424806  0.273157  0.697250  0.417492  0.553132  0.335854 
1  0.940171 0.0  0.243548  0.878206  0.904773  0.816200  0.752449  0.786598  0.816142  0.833521  0.943914  0.737001  0.730948  0.787815  0.924255  0.723005  0.687652  0.571462  0.860075  0.794359  0.978104  0.531190  0.754737  0.410832  0.897732  0.712368  0.927239  0.737246  0.794397  0.861318  0.757553  0.788240  0.863669  0.827306  0.517793  0.769110  0.789211  0.651870  0.912116  0.232258  0.819542  0.901750  0.866336  0.787897  0.694852  0.896488  0.760346  0.839393  0.862137  0.828954  0.823818  0.677876  0.911474  0.898446  0.821036  0.771572  0.820677  0.804883  0.536366  0.850594  0.887506  0.766045  0.764608  0.773828  0.776050  0.821174  0.930200  0.396817  0.946445  0.590416  0.884447  0.924741  0.697691  0.845624  0.912074  0.738812  0.856560  0.858480  0.691065  0.436073  0.944345  0.884109  0.720977  0.742625  0.875489  0.823331  0.741659  0.888601  0.584240  0.836355  0.771982  0.761484  0.837577  0.424985  0.860845  0.778940  0.857595  0.404738  0.798787  0.868709  0.779677  0.770154  0.867676  0.924109  0.731014  0.781498  0.812842  0.681557  0.775491  0.677727  0.838618  0.913452  0.821363  0.733289  0.717938  0.832497  0.441187  0.902881  0.667601  0.435328  0.832808  0.800475  0.870080  0.436234  0.966644  0.803242  0.802202  0.768646  0.733381  0.757861  0.795071  0.781059  0.665302  0.760096  0.792820  0.853628  0.821889  0.778205  0.854160  0.689961  0.824680  0.809198  0.620045  0.799781  0.715054  0.715884 
2  0.888805  0.243548 0.0  0.774324  0.795681  0.807007  0.779840  0.787575  0.810833  0.835541  0.814891  0.781574  0.839483  0.726816  0.833975  0.789774  0.693020  0.654738  0.820947  0.697044  0.812910  0.556244  0.825544  0.458205  0.650799  0.724497  0.809025  0.776637  0.825494  0.842401  0.755117  0.816641  0.748980  0.744016  0.568706  0.746301  0.773111  0.762274  0.870005  0.368074  0.648120  0.818636  0.905062  0.834455  0.586733  0.774766  0.819002  0.784784  0.753136  0.785595  0.688760  0.786149  0.947312  0.840803  0.774414  0.747069  0.823587  0.651415  0.438239  0.789222  0.849116  0.780288  0.815998  0.799449  0.884244  0.854119  0.889871  0.507106  0.630400  0.738923  0.696888  0.861708  0.824636  0.819970  0.840572  0.868649  0.785728  0.773444  0.662676  0.516328  0.831197  0.912898  0.765257  0.825827  0.763935  0.723797  0.657295  0.833134  0.648752  0.833874  0.751779  0.890790  0.858519  0.525685  0.814556  0.760229  0.714995  0.359085  0.833566  0.834397  0.697323  0.798718  0.964931  0.752742  0.790042  0.937999  0.870570  0.712760  0.802959  0.713153  0.689050  0.819757  0.777906  0.882296  0.779234  0.812721  0.455098  0.812874  0.842156  0.478328  0.800760  0.743358  0.793648  0.522863  0.901516  0.794358  0.783153  0.732690  0.740417  0.675434  0.807461  0.765580  0.749039  0.770792  0.725764  0.775937  0.833123  0.791032  0.802869  0.560620  0.863031  0.833690  0.728463  0.808703  0.834876  0.833726 
3  0.207648  0.878206  0.774324 0.0  0.310860  0.687312  0.282760  0.338072  0.386574  0.398539  0.290609  0.454351  0.390511  0.822022  0.369658  0.364437  0.694910  0.719450  0.342077  0.543967  0.353266  0.718196  0.473946  0.608903  0.751802  0.797661  0.362196  0.407438  0.496826  0.322773  0.370588  0.373969  0.389739  0.450004  0.870518  0.358792  0.417724  0.863412  0.346086  0.710553  0.788124  0.226055  0.354116  0.271277  0.764623  0.358269  0.399347  0.315403  0.475536  0.504846  0.267059  0.413047  0.152596  0.271247  0.572162  0.459751  0.499203  0.393286  0.611324  0.463955  0.293161  0.373318  0.437795  0.845161  0.482894  0.148022  0.240328  0.873715  0.802540  0.398883  0.324920  0.211394  0.365000  0.458874  0.551580  0.134015  0.373711  0.443811  0.275535  0.825046  0.394791  0.374850  0.710103  0.338221  0.340881  0.367380  0.357297  0.567276  0.816146  0.464401  0.495977  0.501506  0.571867  0.548955  0.255295  0.602749  0.387796  0.824229  0.287471  0.391565  0.482489  0.382410  0.500010  0.448114  0.370825  0.380010  0.444226  0.763724  0.224731  0.425435  0.443479  0.399809  0.510791  0.234818  0.610963  0.343925  0.663133  0.445855  0.391532  0.759580  0.426896  0.164011  0.320250  0.750975  0.208742  0.362327  0.353927  0.555001  0.817159  0.422671  0.424615  0.292352  0.402433  0.501731  0.779711  0.345669  0.342867  0.356202  0.409885  0.614694  0.478275  0.438304  0.649149  0.340820  0.390046  0.413048 
4  0.223560  0.904773  0.795681  0.310860 0.0  0.641295  0.343550  0.408106  0.433319  0.411252  0.307657  0.383399  0.402407  0.797759  0.424286  0.357828  0.764887  0.627533  0.438773  0.414595  0.257644  0.796999  0.366924  0.601802  0.818277  0.795195  0.504416  0.432092  0.398774  0.290012  0.432701  0.231161  0.537013  0.513426  0.839755  0.374353  0.420018  0.715758  0.284027  0.712060  0.650682  0.424621  0.288502  0.351676  0.852700  0.346269  0.404796  0.317187  0.465491  0.335332  0.394801  0.470025  0.383249  0.453138  0.389831  0.439929  0.408263  0.443432  0.578273  0.522354  0.448924  0.440550  0.395535  0.862980  0.429303  0.433402  0.439733  0.805095  0.805834  0.432875  0.375044  0.363930  0.452187  0.555255  0.469393  0.413286  0.366071  0.368838  0.368851  0.773658  0.449773  0.452560  0.684847  0.341555  0.345890  0.449354  0.453827  0.404442  0.674523  0.496853  0.580377  0.508068  0.706824  0.465402  0.332438  0.687292  0.463944  0.848169  0.469266  0.392637  0.448315  0.452004  0.558422  0.429408  0.421091  0.440504  0.516659  0.749488  0.324008  0.418216  0.455071  0.324365  0.252900  0.272250  0.423135  0.282718  0.554554  0.526690  0.396642  0.722339  0.521888  0.441431  0.243862  0.661818  0.385718  0.416690  0.342382  0.452658  0.792685  0.253531  0.370265  0.374659  0.341796  0.575205  0.790313  0.386155  0.437151  0.441115  0.434879  0.740005  0.458540  0.258539  0.576141  0.503330  0.493430  0.472671 
5  0.666261  0.816200  0.807007  0.687312  0.641295 0.0  0.662946  0.722296  0.487956  0.569895  0.589567  0.685574  0.627408  0.713531  0.567025  0.722146  0.714461  0.545785  0.538738  0.342058  0.573945  0.710852  0.703497  0.582158  0.673120  0.727429  0.617106  0.626708  0.681156  0.713263  0.709441  0.526673  0.768043  0.833453  0.854749  0.687453  0.617008  0.703032  0.706599  0.631853  0.805943  0.515486  0.518995  0.643665  0.836293  0.557661  0.708089  0.518455  0.613369  0.684137  0.583276  0.699804  0.633127  0.677963  0.540341  0.741419  0.646454  0.386017  0.425667  0.637707  0.602989  0.650442  0.576419  0.778482  0.720108  0.646036  0.635262  0.814670  0.762167  0.452684  0.699781  0.593583  0.642519  0.443038  0.696861  0.631673  0.598728  0.551467  0.645058  0.763556  0.710181  0.588578  0.735477  0.671140  0.585407  0.699279  0.452207  0.649704  0.806304  0.747730  0.676670  0.690619  0.130613  0.551979  0.609694  0.232876  0.842430  0.738843  0.664687  0.608170  0.487924  0.766964  0.855932  0.607345  0.679459  0.716660  0.632592  0.759163  0.622066  0.779866  0.689908  0.594380  0.552626  0.569378  0.744824  0.633496  0.566137  0.540269  0.671110  0.707429  0.665992  0.586035  0.647320  0.782940  0.575266  0.628518  0.564812  0.533211  0.790121  0.617671  0.644466  0.674227  0.536252  0.481212  0.784393  0.619579  0.772530  0.660011  0.701619  0.663432  0.655825  0.644287  0.586449  0.742727  0.777368  0.565063 
6  0.344426  0.752449  0.779840  0.282760  0.343550  0.662946 0.0  0.386990  0.465942  0.511418  0.319099  0.421147  0.359631  0.847500  0.418367  0.300624  0.755674  0.659823  0.415222  0.433053  0.235838  0.646981  0.500709  0.450325  0.742054  0.798787  0.447620  0.334878  0.469815  0.481942  0.577076  0.356111  0.517498  0.508549  0.853515  0.380078  0.469783  0.782744  0.279685  0.699796  0.657084  0.323120  0.361315  0.157534  0.752024  0.386891  0.375830  0.277955  0.370383  0.336125  0.273124  0.356159  0.322338  0.391866  0.573662  0.455291  0.421248  0.425879  0.417400  0.334417  0.343236  0.298332  0.503160  0.758533  0.474448  0.281903  0.214588  0.812277  0.692226  0.406709  0.327803  0.287802  0.429277  0.543580  0.581622  0.310138  0.355085  0.256099  0.419539  0.725720  0.486441  0.294754  0.791315  0.278452  0.359829  0.333238  0.431133  0.455855  0.612025  0.412661  0.479046  0.445997  0.604532  0.569881  0.230049  0.635109  0.501044  0.859035  0.530155  0.364459  0.508092  0.346905  0.563326  0.394254  0.445447  0.398420  0.393971  0.840831  0.093844  0.308976  0.299235  0.318034  0.326736  0.353337  0.383394  0.355967  0.552687  0.491416  0.448029  0.722939  0.548513  0.308772  0.317216  0.721422  0.275832  0.352430  0.357518  0.561222  0.728453  0.410707  0.425439  0.294210  0.502185  0.548091  0.742967  0.234923  0.453120  0.525170  0.378619  0.689990  0.351355  0.331695  0.764063  0.481863  0.477805  0.358676 
7  0.266919  0.786598  0.787575  0.338072  0.408106  0.722296  0.386990 0.0  0.601680  0.289349  0.502769  0.348085  0.353249  0.758176  0.552803  0.418797  0.638460  0.631138  0.329542  0.478416  0.264180  0.683893  0.206185  0.600790  0.733427  0.884196  0.278288  0.312395  0.249723  0.503316  0.232898  0.384577  0.399503  0.280782  0.862091  0.322531  0.170232  0.688348  0.535374  0.724564  0.730031  0.355233  0.489520  0.478344  0.722241  0.429548  0.363793  0.423389  0.350699  0.349660  0.383239  0.417931  0.408537  0.207570  0.567496  0.222230  0.321641  0.397484  0.506423  0.201171  0.432648  0.297249  0.198588  0.768689  0.152381  0.472779  0.419026  0.778350  0.816553  0.402314  0.461397  0.382098  0.344167  0.591491  0.454547  0.490878  0.402239  0.505567  0.342200  0.820516  0.156004  0.205535  0.605103  0.397854  0.415194  0.401716  0.525697  0.147451  0.692587  0.220234  0.233725  0.245666  0.584981  0.486155  0.481712  0.619010  0.201775  0.870996  0.347775  0.206503  0.206823  0.191391  0.416863  0.305510  0.367590  0.187272  0.134388  0.877784  0.409184  0.462521  0.348598  0.451851  0.558867  0.415561  0.393647  0.378680  0.608012  0.365025  0.414914  0.813879  0.274497  0.570581  0.507863  0.694864  0.460293  0.291335  0.500986  0.590871  0.797924  0.341131  0.287591  0.335340  0.543621  0.510100  0.737725  0.360703  0.282881  0.344205  0.208440  0.638463  0.192009  0.467211  0.658471  0.345363  0.366107  0.362468 
8  0.490298  0.816142  0.810833  0.386574  0.433319  0.487956  0.465942  0.601680 0.0  0.517005  0.480685  0.516158  0.550429  0.773229  0.138682  0.393255  0.738317  0.579010  0.306882  0.538545  0.469638  0.727400  0.515183  0.485936  0.713296  0.708271  0.401677  0.477482  0.487709  0.440351  0.482352  0.513587  0.460696  0.594840  0.782463  0.477869  0.508856  0.746510  0.627973  0.614342  0.743582  0.247624  0.442550  0.399577  0.747565  0.449509  0.545809  0.369138  0.510707  0.567608  0.492047  0.595127  0.579192  0.493972  0.443004  0.466724  0.459268  0.404895  0.445320  0.551088  0.581320  0.491598  0.543631  0.881359  0.561744  0.400604  0.422378  0.698502  0.827625  0.514675  0.535913  0.430801  0.487723  0.233080  0.559383  0.524721  0.398959  0.390893  0.275122  0.786727  0.599502  0.462300  0.836319  0.491263  0.455149  0.427163  0.440353  0.542330  0.654440  0.495954  0.586430  0.454308  0.540694  0.538206  0.379374  0.559279  0.506005  0.837924  0.590529  0.506328  0.463058  0.553540  0.586035  0.484884  0.549486  0.638341  0.596933  0.757354  0.469929  0.611152  0.479570  0.509708  0.351412  0.309023  0.548035  0.473604  0.595198  0.234561  0.538349  0.743333  0.550603  0.484663  0.487224  0.710611  0.451403  0.519004  0.491620  0.526938  0.781840  0.559523  0.462486  0.549246  0.481145  0.410567  0.789246  0.482297  0.643396  0.433477  0.528761  0.565197  0.572383  0.503671  0.669576  0.391172  0.519717  0.498333 
9  0.387111  0.833521  0.835541  0.398539  0.411252  0.569895  0.511418  0.289349  0.517005 0.0  0.470921  0.278194  0.343671  0.865629  0.571894  0.387054  0.644150  0.624609  0.397289  0.449530  0.440028  0.807688  0.159032  0.553711  0.657929  0.701267  0.239052  0.205978  0.294777  0.362644  0.390723  0.466665  0.485808  0.328283  0.827837  0.356101  0.314977  0.774202  0.449594  0.756581  0.763419  0.472767  0.437189  0.231762  0.819173  0.365932  0.394682  0.443758  0.289781  0.260746  0.420706  0.320895  0.463161  0.240220  0.602028  0.262426  0.233787  0.487341  0.567268  0.284347  0.449604  0.426819  0.286556  0.815629  0.287838  0.390189  0.532717  0.710052  0.807175  0.423327  0.414608  0.421384  0.368767  0.454943  0.299546  0.399771  0.402409  0.486320  0.385058  0.841168  0.270048  0.353051  0.741792  0.304878  0.381746  0.321401  0.356052  0.198857  0.636687  0.284573  0.305208  0.210265  0.627719  0.557669  0.432937  0.604548  0.307326  0.779549  0.343962  0.335321  0.392903  0.324443  0.534862  0.271007  0.368382  0.211562  0.326201  0.815456  0.360934  0.452045  0.328551  0.420329  0.524672  0.332331  0.309579  0.332487  0.554541  0.386027  0.258462  0.871863  0.337697  0.403928  0.413450  0.711168  0.401537  0.360931  0.266819  0.594713  0.773336  0.422762  0.319969  0.468034  0.519181  0.571516  0.760906  0.407658  0.391286  0.362324  0.336104  0.665150  0.313546  0.339230  0.616888  0.425359  0.293505  0.426511 
10  0.322795  0.943914  0.814891  0.290609  0.307657  0.589567  0.319099  0.502769  0.480685  0.470921 0.0  0.382457  0.382402  0.674396  0.437019  0.392786  0.762431  0.552839  0.372439  0.443500  0.410619  0.730214  0.533123  0.453806  0.795960  0.823691  0.403378  0.437976  0.480119  0.339114  0.501682  0.315458  0.451909  0.523793  0.837700  0.456882  0.444608  0.704138  0.419514  0.662580  0.847147  0.444447  0.265950  0.243492  0.788364  0.486597  0.454412  0.375734  0.509914  0.419970  0.324718  0.416067  0.288186  0.385205  0.571769  0.551804  0.442538  0.404950  0.598646  0.431930  0.369766  0.415537  0.568391  0.738483  0.534427  0.447535  0.430669  0.822116  0.771763  0.509233  0.339472  0.248754  0.432646  0.417015  0.660712  0.245590  0.345320  0.373366  0.349430  0.633777  0.449535  0.421863  0.832406  0.422279  0.303861  0.431525  0.304313  0.360829  0.586156  0.377555  0.518749  0.403736  0.538163  0.620171  0.222215  0.587548  0.522161  0.850777  0.379939  0.409701  0.500777  0.464240  0.628866  0.492736  0.409082  0.537316  0.400446  0.773992  0.342263  0.349526  0.318374  0.383669  0.306711  0.274297  0.557341  0.380293  0.558638  0.380179  0.373017  0.836136  0.552321  0.285076  0.335693  0.612574  0.266555  0.353002  0.365162  0.591295  0.728616  0.342737  0.489105  0.339279  0.491259  0.553822  0.800698  0.307211  0.462303  0.388861  0.483762  0.738644  0.538326  0.345111  0.668063  0.573810  0.446996  0.356666 
11  0.466629  0.737001  0.781574  0.454351  0.383399  0.685574  0.421147  0.348085  0.516158  0.278194  0.382457 0.0  0.356831  0.831155  0.577431  0.422102  0.747175  0.592493  0.306117  0.525543  0.350472  0.754513  0.301109  0.421717  0.778529  0.817694  0.335516  0.256461  0.208457  0.387096  0.232453  0.435058  0.426466  0.365719  0.771987  0.310530  0.228812  0.722354  0.391235  0.638412  0.816943  0.436286  0.379451  0.388618  0.688251  0.420763  0.388786  0.526261  0.139494  0.245424  0.444376  0.200863  0.391589  0.339131  0.672207  0.290183  0.201599  0.469508  0.512861  0.282728  0.463941  0.239112  0.168444  0.658117  0.364686  0.390940  0.300784  0.615018  0.800973  0.369360  0.455638  0.388059  0.311783  0.560350  0.265179  0.426078  0.463928  0.473581  0.259851  0.810795  0.320745  0.339053  0.682259  0.348936  0.400166  0.366636  0.424594  0.313157  0.650478  0.321998  0.311832  0.309355  0.655820  0.597986  0.357266  0.657002  0.340344  0.830780  0.357786  0.236936  0.306708  0.262477  0.373447  0.377716  0.319816  0.431757  0.385255  0.725794  0.441347  0.308063  0.230517  0.433459  0.421508  0.368762  0.327981  0.474452  0.403007  0.590543  0.372345  0.693749  0.337800  0.361440  0.304593  0.677030  0.415351  0.325969  0.272042  0.522465  0.695389  0.265968  0.277284  0.329653  0.497553  0.401716  0.828375  0.375924  0.251152  0.368424  0.266696  0.615645  0.340818  0.373333  0.702408  0.204434  0.403423  0.250707 
12  0.332439  0.730948  0.839483  0.390511  0.402407  0.627408  0.359631  0.353249  0.550429  0.343671  0.382402  0.356831 0.0  0.694285  0.450214  0.373632  0.733836  0.589309  0.391430  0.613395  0.394285  0.851055  0.388658  0.528162  0.717009  0.786131  0.237492  0.375135  0.342700  0.399994  0.300717  0.371253  0.370123  0.394753  0.834265  0.313970  0.397185  0.559079  0.362163  0.692116  0.713531  0.547313  0.316489  0.407951  0.729516  0.310278  0.371545  0.385791  0.422704  0.337235  0.380769  0.301539  0.344578  0.350964  0.516871  0.318128  0.313707  0.420023  0.503099  0.303847  0.281318  0.343223  0.347426  0.842112  0.326698  0.443590  0.416396  0.776965  0.780754  0.468584  0.405166  0.339491  0.405482  0.480373  0.373489  0.273557  0.311332  0.277255  0.285236  0.853402  0.357361  0.320172  0.837920  0.294155  0.390596  0.337376  0.591427  0.343652  0.634883  0.381885  0.327842  0.327830  0.653760  0.548637  0.455288  0.583348  0.303156  0.810730  0.263305  0.240229  0.335115  0.357483  0.345092  0.376178  0.244103  0.293133  0.357640  0.775892  0.352295  0.373561  0.326908  0.384872  0.493249  0.347824  0.348714  0.286210  0.535310  0.412582  0.333582  0.734430  0.385283  0.388592  0.389098  0.666299  0.382128  0.351526  0.398677  0.523394  0.686911  0.346374  0.386630  0.464186  0.512654  0.540010  0.817695  0.353067  0.370203  0.355394  0.367330  0.689942  0.360964  0.364802  0.699696  0.408320  0.446933  0.341227 
13  0.779270  0.787815  0.726816  0.822022  0.797759  0.713531  0.847500  0.758176  0.773229  0.865629  0.674396  0.831155  0.694285 0.0  0.644160  0.679873  0.675096  0.680846  0.780964  0.766316  0.762261  0.785898  0.933015  0.537278  0.762814  0.742447  0.786780  0.844068  0.791343  0.759057  0.734819  0.764429  0.855383  0.854850  0.789433  0.745286  0.782136  0.716470  0.844128  0.721994  0.771784  0.673328  0.763247  0.803905  0.305116  0.799777  0.748130  0.697552  0.734265  0.764532  0.718823  0.807860  0.739559  0.772686  0.775325  0.884060  0.829646  0.592853  0.456410  0.688209  0.751770  0.807122  0.843944  0.934579  0.864628  0.716573  0.758666  0.716658  0.685276  0.679652  0.663998  0.750613  0.697626  0.714285  0.879024  0.832420  0.866604  0.776551  0.857480  0.737615  0.744882  0.728269  0.829081  0.698684  0.745519  0.771679  0.750497  0.824878  0.691962  0.757354  0.801018  0.802486  0.625217  0.381804  0.768445  0.736279  0.729645  0.701574  0.818949  0.605552  0.658338  0.779062  0.831354  0.792536  0.727661  0.846369  0.749583  0.771833  0.872018  0.854153  0.786204  0.797083  0.729204  0.833461  0.742051  0.761638  0.441867  0.667361  0.818887  0.726721  0.843095  0.749581  0.762543  0.755830  0.741110  0.735977  0.804714  0.849561  0.541320  0.708183  0.753948  0.710470  0.666936  0.681056  0.789281  0.764971  0.757264  0.634161  0.756594  0.705030  0.814897  0.720100  0.756478  0.768198  0.758117  0.693045 
14  0.443816  0.924255  0.833975  0.369658  0.424286  0.567025  0.418367  0.552803  0.138682  0.571894  0.437019  0.577431  0.450214  0.644160 0.0  0.627751  0.657012  0.687890  0.469278  0.460188  0.516632  0.728808  0.456827  0.539011  0.756889  0.734983  0.455754  0.551954  0.360806  0.446300  0.617775  0.544047  0.437997  0.631743  0.711480  0.407991  0.537936  0.796039  0.456533  0.636402  0.656806  0.294261  0.467811  0.430614  0.734647  0.424751  0.573930  0.414252  0.510846  0.591878  0.413057  0.517342  0.388337  0.488661  0.466613  0.573662  0.429071  0.407257  0.599704  0.562918  0.387099  0.460761  0.494905  0.799008  0.475417  0.368924  0.449791  0.750339  0.802470  0.334487  0.505151  0.439398  0.576203  0.258601  0.628188  0.504718  0.451068  0.490647  0.510126  0.912041  0.510231  0.479250  0.727296  0.525884  0.413163  0.458195  0.449746  0.607478  0.672778  0.390293  0.522798  0.455413  0.374425  0.559578  0.431626  0.454206  0.479580  0.745605  0.479910  0.550233  0.390301  0.412688  0.563964  0.625971  0.426882  0.568769  0.629718  0.718324  0.421161  0.514650  0.527030  0.416970  0.528054  0.495442  0.561018  0.509168  0.521273  0.266094  0.473785  0.676855  0.674931  0.431504  0.449771  0.714136  0.518180  0.521311  0.550359  0.508049  0.763385  0.560704  0.516908  0.395605  0.418383  0.496194  0.748453  0.392616  0.486375  0.448407  0.479141  0.606591  0.557824  0.512067  0.550696  0.419633  0.599885  0.420197 
15  0.403957  0.723005  0.789774  0.364437  0.357828  0.722146  0.300624  0.418797  0.393255  0.387054  0.392786  0.422102  0.373632  0.679873  0.627751 0.0  0.734094  0.612194  0.376405  0.418251  0.350951  0.779743  0.334682  0.506645  0.716119  0.744336  0.439930  0.303383  0.425630  0.313504  0.386133  0.426998  0.216696  0.545313  0.775260  0.163371  0.325112  0.737184  0.454403  0.741765  0.696702  0.392574  0.404177  0.355636  0.756945  0.333889  0.156416  0.338215  0.336774  0.392373  0.438146  0.355097  0.401414  0.346882  0.608620  0.428530  0.323117  0.338850  0.601685  0.448833  0.390746  0.369906  0.324593  0.780985  0.435009  0.352318  0.379661  0.730735  0.783861  0.444024  0.445857  0.398227  0.440577  0.522604  0.604426  0.283417  0.411029  0.381760  0.317574  0.763491  0.450294  0.452935  0.670331  0.173180  0.186294  0.201699  0.492088  0.361025  0.602236  0.400997  0.496437  0.353245  0.614467  0.485403  0.426836  0.648715  0.399333  0.805723  0.478675  0.388676  0.461250  0.468400  0.571289  0.419578  0.148129  0.427471  0.453706  0.747404  0.458610  0.232105  0.228030  0.388973  0.331415  0.416460  0.465260  0.416187  0.545197  0.407381  0.186874  0.775970  0.470721  0.376824  0.346179  0.557355  0.443414  0.314599  0.262115  0.569430  0.739875  0.158305  0.411599  0.281808  0.482138  0.427255  0.688936  0.351280  0.349883  0.417881  0.254462  0.635039  0.451943  0.419468  0.720456  0.396495  0.335629  0.306125 
16  0.838549  0.687652  0.693020  0.694910  0.764887  0.714461  0.755674  0.638460  0.738317  0.644150  0.762431  0.747175  0.733836  0.675096  0.657012  0.734094 0.0  0.653068  0.824313  0.674918  0.656395  0.643094  0.612067  0.560760  0.640379  0.819829  0.722940  0.677600  0.603275  0.712665  0.737262  0.744414  0.723989  0.789749  0.771597  0.598306  0.738425  0.644316  0.740981  0.673665  0.628769  0.751881  0.844785  0.745746  0.656677  0.776074  0.753333  0.735040  0.758102  0.667897  0.723778  0.678146  0.722615  0.620512  0.771200  0.709167  0.671830  0.651117  0.506881  0.731660  0.706234  0.678908  0.679436  0.709039  0.722564  0.758820  0.758396  0.733393  0.682267  0.637920  0.600289  0.785877  0.714663  0.777320  0.756290  0.755865  0.834497  0.717173  0.725531  0.688375  0.825631  0.818348  0.709542  0.571785  0.640587  0.712073  0.522932  0.717292  0.341674  0.656710  0.758683  0.790680  0.723426  0.548814  0.721264  0.646254  0.724840  0.727540  0.696368  0.655393  0.747692  0.754342  0.809206  0.673327  0.744603  0.746637  0.705016  0.679652  0.690069  0.657966  0.782480  0.729837  0.774776  0.719682  0.675375  0.679384  0.494846  0.721435  0.720027  0.632007  0.816758  0.683741  0.679087  0.679863  0.823058  0.713915  0.736427  0.647342  0.689241  0.737159  0.762438  0.618343  0.600400  0.564935  0.792813  0.753507  0.696689  0.666909  0.677671  0.519738  0.772810  0.723117  0.615945  0.711690  0.666401  0.708406 
17  0.623241  0.571462  0.654738  0.719450  0.627533  0.545785  0.659823  0.631138  0.579010  0.624609  0.552839  0.592493  0.589309  0.680846  0.687890  0.612194  0.653068 0.0  0.608871  0.552837  0.562444  0.592171  0.581161  0.490609  0.619619  0.668437  0.662840  0.667110  0.690737  0.684056  0.586950  0.686327  0.690828  0.715730  0.523550  0.497600  0.666637  0.563225  0.709457  0.598594  0.514815  0.599445  0.710088  0.568695  0.568788  0.555224  0.614479  0.692236  0.590736  0.678164  0.671997  0.717495  0.731632  0.697443  0.572894  0.662967  0.620262  0.631742  0.513799  0.688894  0.671636  0.594811  0.718545  0.638053  0.705940  0.675459  0.608195  0.614192  0.603475  0.652557  0.677872  0.606802  0.643270  0.552075  0.649145  0.606075  0.776357  0.665951  0.662678  0.552392  0.696008  0.669986  0.588114  0.599635  0.700011  0.678412  0.540743  0.665357  0.603318  0.671483  0.609756  0.623525  0.736581  0.398935  0.594892  0.696420  0.636865  0.687662  0.744326  0.610262  0.606793  0.731706  0.700748  0.484445  0.650877  0.686684  0.696707  0.831002  0.675619  0.497390  0.715163  0.631075  0.612526  0.592903  0.483997  0.678709  0.468018  0.575095  0.685924  0.584205  0.668280  0.592130  0.662768  0.466678  0.703172  0.726008  0.677352  0.560181  0.635429  0.622066  0.625787  0.671504  0.590836  0.584464  0.590808  0.670659  0.714221  0.586359  0.613030  0.567648  0.641663  0.726449  0.587249  0.643426  0.663077  0.656908 
18  0.266200  0.860075  0.820947  0.342077  0.438773  0.538738  0.415222  0.329542  0.306882  0.397289  0.372439  0.306117  0.391430  0.780964  0.469278  0.376405  0.824313  0.608871 0.0  0.575634  0.351939  0.832110  0.376730  0.553882  0.733603  0.826192  0.378747  0.320042  0.423924  0.376192  0.392590  0.419412  0.389796  0.447989  0.878547  0.337977  0.417485  0.697895  0.456086  0.676144  0.909187  0.377972  0.379230  0.313341  0.678990  0.400574  0.297357  0.298682  0.425042  0.381027  0.439876  0.390556  0.262414  0.321726  0.571167  0.310859  0.390168  0.451284  0.579281  0.399738  0.264840  0.354759  0.299695  0.851183  0.491945  0.365223  0.254918  0.814265  0.681682  0.363170  0.364460  0.276610  0.391759  0.419042  0.457941  0.354447  0.465462  0.427613  0.325326  0.753297  0.274682  0.432059  0.753641  0.393738  0.359340  0.308921  0.403261  0.446023  0.663876  0.361762  0.401583  0.355382  0.509808  0.550246  0.275733  0.655714  0.344673  0.875066  0.315942  0.366634  0.285427  0.270312  0.410523  0.274772  0.354110  0.355798  0.248721  0.749655  0.352889  0.443549  0.372671  0.426854  0.424632  0.347567  0.389990  0.495715  0.602419  0.502638  0.378721  0.792294  0.446851  0.502887  0.340403  0.685690  0.482930  0.248072  0.334834  0.585920  0.795428  0.360487  0.437158  0.311146  0.531607  0.564571  0.827037  0.344598  0.437759  0.436312  0.378801  0.708211  0.336911  0.513337  0.773284  0.392122  0.269755  0.419096 
19  0.423259  0.794359  0.697044  0.543967  0.414595  0.342058  0.433053  0.478416  0.538545  0.449530  0.443500  0.525543  0.613395  0.766316  0.460188  0.418251  0.674918  0.552837  0.575634 0.0  0.448548  0.673230  0.486855  0.488878  0.622108  0.595332  0.517392  0.557333  0.585164  0.535535  0.487074  0.539811  0.593088  0.623472  0.733699  0.449736  0.503976  0.691398  0.492059  0.623257  0.725503  0.465509  0.466743  0.519504  0.721520  0.485672  0.458997  0.437880  0.447789  0.560101  0.480453  0.560265  0.505070  0.560134  0.440923  0.507160  0.481889  0.402702  0.543845  0.546785  0.463496  0.419324  0.535805  0.635975  0.652406  0.463480  0.611216  0.710626  0.721559  0.384682  0.422713  0.385979  0.502837  0.551146  0.748245  0.539547  0.455668  0.458805  0.498336  0.675805  0.498114  0.539320  0.718613  0.505262  0.565895  0.502414  0.422939  0.461977  0.652056  0.551206  0.552394  0.620670  0.270141  0.483506  0.405384  0.316412  0.503932  0.711987  0.511828  0.567118  0.489730  0.500169  0.562654  0.466571  0.468480  0.577546  0.506246  0.773857  0.463843  0.504337  0.547821  0.441795  0.520684  0.470610  0.472397  0.481805  0.512994  0.461388  0.502463  0.711041  0.608674  0.543443  0.436281  0.690539  0.453224  0.492128  0.477062  0.404422  0.663970  0.599882  0.464347  0.567405  0.464746  0.494507  0.562054  0.613835  0.690619  0.430397  0.517678  0.634893  0.461776  0.498760  0.712562  0.596365  0.545697  0.410675 
20  0.388541  0.978104  0.812910  0.353266  0.257644  0.573945  0.235838  0.264180  0.469638  0.440028  0.410619  0.350472  0.394285  0.762261  0.516632  0.350951  0.656395  0.562444  0.351939  0.448548 0.0  0.665979  0.280003  0.539521  0.802190  0.632284  0.382110  0.330416  0.300002  0.372523  0.399966  0.289499  0.202791  0.298012  0.861729  0.230006  0.425472  0.652566  0.268943  0.728751  0.673446  0.402497  0.437785  0.264269  0.606072  0.319149  0.275835  0.340932  0.294496  0.354092  0.245822  0.272880  0.321250  0.378290  0.446557  0.418434  0.388288  0.532643  0.553151  0.503282  0.350404  0.371872  0.373894  0.775532  0.384511  0.327169  0.260369  0.625128  0.702294  0.297784  0.234879  0.332249  0.299655  0.496972  0.375271  0.249873  0.343359  0.440277  0.229762  0.697078  0.407943  0.467469  0.576370  0.245828  0.280372  0.202992  0.403907  0.333835  0.620497  0.429807  0.357192  0.456306  0.608870  0.497874  0.340502  0.561987  0.289335  0.852504  0.345812  0.280862  0.336675  0.364560  0.477261  0.271007  0.214971  0.405637  0.399867  0.730336  0.389687  0.312854  0.134679  0.310024  0.365244  0.320930  0.416268  0.293957  0.527238  0.429694  0.290346  0.715418  0.342253  0.379964  0.383643  0.581440  0.287884  0.297904  0.218911  0.460281  0.885346  0.226877  0.381693  0.233999  0.499444  0.513924  0.662590  0.324127  0.383234  0.347300  0.371784  0.648115  0.354554  0.365983  0.607382  0.353518  0.384384  0.324341 
21  0.807759  0.531190  0.556244  0.718196  0.796999  0.710852  0.646981  0.683893  0.727400  0.807688  0.730214  0.754513  0.851055  0.785898  0.728808  0.779743  0.643094  0.592171  0.832110  0.673230  0.665979 0.0  0.815080  0.511971  0.759407  0.671843  0.724257  0.777145  0.843294  0.790062  0.723815  0.838852  0.664001  0.767702  0.307030  0.679596  0.874062  0.689752  0.799997  0.413345  0.718968  0.677973  0.857728  0.775285  0.782156  0.767342  0.678212  0.690885  0.748418  0.721630  0.821726  0.725894  0.796466  0.759308  0.791563  0.680142  0.859439  0.582241  0.579601  0.797744  0.723782  0.812486  0.808161  0.702655  0.837372  0.831714  0.846051  0.222523  0.707387  0.637336  0.740587  0.838875  0.865238  0.724151  0.874815  0.823654  0.737036  0.827009  0.699959  0.480915  0.779787  0.713334  0.689650  0.750249  0.663086  0.763185  0.643632  0.799386  0.635926  0.758161  0.721081  0.800174  0.684761  0.512634  0.691604  0.689851  0.758426  0.492677  0.705672  0.810544  0.844660  0.721955  0.863096  0.828808  0.809470  0.801373  0.806262  0.702114  0.789418  0.763115  0.633739  0.770379  0.697017  0.784178  0.674729  0.840949  0.557659  0.823064  0.668768  0.259528  0.827276  0.835121  0.777630  0.414113  0.829381  0.843999  0.661908  0.690949  0.827716  0.717292  0.790419  0.741028  0.689917  0.697705  0.697920  0.804154  0.686671  0.686788  0.758874  0.690921  0.705211  0.750999  0.693998  0.787260  0.821721  0.677928 
22  0.487651  0.754737  0.825544  0.473946  0.366924  0.703497  0.500709  0.206185  0.515183  0.159032  0.533123  0.301109  0.388658  0.933015  0.456827  0.334682  0.612067  0.581161  0.376730  0.486855  0.280003  0.815080 0.0  0.528003  0.795674  0.872303  0.184458  0.291180  0.285202  0.406942  0.259870  0.413664  0.383392  0.361512  0.871020  0.373767  0.254308  0.636518  0.429059  0.791599  0.756980  0.582786  0.492103  0.343564  0.611294  0.453715  0.320191  0.409400  0.292489  0.402983  0.363526  0.335718  0.499533  0.363881  0.621832  0.172986  0.295203  0.470094  0.635870  0.292709  0.439334  0.395705  0.231092  0.769700  0.221293  0.559127  0.415514  0.905448  0.799206  0.377890  0.469716  0.432428  0.232788  0.529977  0.375388  0.418134  0.447230  0.479728  0.212859  0.786848  0.344115  0.303436  0.781629  0.299928  0.419364  0.465996  0.451252  0.254622  0.646677  0.255126  0.405063  0.081026  0.635468  0.578145  0.433129  0.701630  0.244723  0.819969  0.407939  0.255604  0.352240  0.273779  0.229785  0.262964  0.259663  0.374719  0.206734  0.775329  0.462976  0.469809  0.418598  0.357846  0.444179  0.459637  0.316753  0.467198  0.514116  0.564649  0.475031  0.769935  0.308005  0.391000  0.517167  0.678811  0.578765  0.423893  0.300573  0.578037  0.704268  0.267165  0.180578  0.385995  0.528170  0.396937  0.755095  0.393994  0.349242  0.446871  0.293508  0.703915  0.303040  0.561363  0.639538  0.337550  0.272457  0.299296 
23  0.584398  0.410832  0.458205  0.608903  0.601802  0.582158  0.450325  0.600790  0.485936  0.553711  0.453806  0.421717  0.528162  0.537278  0.539011  0.506645  0.560760  0.490609  0.553882  0.488878  0.539521  0.511971  0.528003 0.0  0.520802  0.499178  0.665229  0.539897  0.535786  0.534659  0.347118  0.583030  0.549751  0.573875  0.512732  0.462729  0.389774  0.509245  0.516708  0.423030  0.447080  0.591095  0.664062  0.571370  0.489277  0.580987  0.536378  0.671386  0.430983  0.577924  0.563717  0.556863  0.504284  0.600977  0.557404  0.453553  0.529442  0.584845  0.558284  0.518568  0.566002  0.449765  0.448785  0.619233  0.575693  0.540946  0.479271  0.364478  0.550623  0.460953  0.633417  0.579426  0.535846  0.617675  0.579813  0.486966  0.495831  0.571336  0.449699  0.382007  0.552049  0.566406  0.472057  0.500788  0.591142  0.495675  0.638680  0.516209  0.461437  0.578011  0.472610  0.496563  0.650319  0.437153  0.495051  0.579095  0.485767  0.487871  0.447457  0.591494  0.480107  0.510629  0.622197  0.568597  0.413402  0.572935  0.673826  0.686852  0.485960  0.472452  0.450936  0.523688  0.536680  0.514988  0.405184  0.570330  0.634797  0.557309  0.488403  0.487491  0.589817  0.441649  0.630375  0.583443  0.554438  0.372004  0.422308  0.563256  0.383897  0.452676  0.490304  0.509985  0.470120  0.406620  0.577531  0.532769  0.511212  0.443474  0.488545  0.571382  0.538012  0.518934  0.364289  0.468545  0.593090  0.413384 
24  0.753509  0.897732  0.650799  0.751802  0.818277  0.673120  0.742054  0.733427  0.713296  0.657929  0.795960  0.778529  0.717009  0.762814  0.756889  0.716119  0.640379  0.619619  0.733603  0.622108  0.802190  0.759407  0.795674  0.520802 0.0  0.303698  0.744665  0.819324  0.707202  0.667228  0.677001  0.873220  0.823129  0.692493  0.759379  0.908105  0.857655  0.497563  0.799195  0.717881  0.512734  0.711392  0.738957  0.746879  0.811212  0.701831  0.787556  0.613542  0.807208  0.714134  0.744271  0.747003  0.722989  0.791001  0.706843  0.738890  0.752306  0.560953  0.508389  0.853025  0.764005  0.756136  0.818375  0.707963  0.754346  0.663909  0.724726  0.704001  0.809174  0.688768  0.698660  0.687906  0.645114  0.753889  0.825076  0.804458  0.769588  0.644747  0.728269  0.750690  0.802410  0.762756  0.662423  0.814402  0.794592  0.875458  0.791211  0.741124  0.599053  0.785820  0.757858  0.925028  0.644486  0.512168  0.713982  0.706928  0.817605  0.738316  0.809869  0.758315  0.797741  0.761166  0.923309  0.704254  0.719617  0.825831  0.847080  0.785532  0.644774  0.847749  0.719132  0.678914  0.642855  0.730909  0.733803  0.773536  0.478682  0.693729  0.820481  0.787254  0.895156  0.809195  0.712300  0.572275  0.729463  0.842889  0.825809  0.703996  0.721399  0.846676  0.776744  0.836475  0.694667  0.635320  0.755383  0.723610  0.802255  0.658029  0.847266  0.460776  0.795769  0.736350  0.600125  0.745261  0.900977  0.751823 
25  0.862951  0.712368  0.724497  0.797661  0.795195  0.727429  0.798787  0.884196  0.708271  0.701267  0.823691  0.817694  0.786131  0.742447  0.734983  0.744336  0.819829  0.668437  0.826192  0.595332  0.632284  0.671843  0.872303  0.499178  0.303698 0.0  0.783250  0.746523  0.736268  0.605275  0.811890  0.742211  0.875067  0.829251  0.667377  0.747194  0.675467  0.495939  0.760109  0.596115  0.462467  0.700894  0.812195  0.816734  0.689689  0.758718  0.794459  0.755154  0.745455  0.810586  0.666708  0.792024  0.824033  0.755305  0.654474  0.695663  0.713909  0.575247  0.417523  0.862553  0.779276  0.794039  0.663006  0.716005  0.789394  0.702057  0.736142  0.703213  0.699405  0.564275  0.693663  0.770127  0.806671  0.723603  0.917048  0.748700  0.805812  0.674973  0.707196  0.753439  0.748313  0.766832  0.679625  0.764931  0.784989  0.707766  0.583060  0.746200  0.583409  0.699817  0.812073  0.912736  0.673079  0.621688  0.808056  0.752417  0.816468  0.798815  0.782248  0.742632  0.761379  0.851361  0.841441  0.836675  0.860570  0.800327  0.766565  0.667399  0.687140  0.773964  0.846500  0.698729  0.809174  0.770689  0.683247  0.799287  0.560011  0.807311  0.612646  0.677002  0.891242  0.768379  0.809285  0.626622  0.822657  0.780062  0.704289  0.696464  0.637060  0.814534  0.703328  0.701485  0.810637  0.719122  0.708523  0.752275  0.705604  0.783452  0.744256  0.373930  0.763684  0.796521  0.597248  0.677042  0.801837  0.743295 
26  0.355370  0.927239  0.809025  0.362196  0.504416  0.617106  0.447620  0.278288  0.401677  0.239052  0.403378  0.335516  0.237492  0.786780  0.455754  0.439930  0.722940  0.662840  0.378747  0.517392  0.382110  0.724257  0.184458  0.665229  0.744665  0.783250 0.0  0.322184  0.224183  0.459116  0.355240  0.469819  0.280405  0.363529  1.000000  0.350676  0.327956  0.736665  0.426597  0.757954  0.702129  0.462556  0.510505  0.435997  0.733561  0.431638  0.470065  0.388546  0.338981  0.304889  0.368265  0.429122  0.340039  0.251489  0.600285  0.164378  0.258646  0.402945  0.531248  0.248811  0.408972  0.295135  0.228428  0.740136  0.307999  0.490879  0.541073  0.788539  0.805810  0.451212  0.348580  0.482250  0.303869  0.411167  0.412360  0.326866  0.440436  0.332029  0.381687  0.825289  0.153066  0.299962  0.719159  0.477419  0.374732  0.539921  0.336193  0.276843  0.699029  0.228541  0.376851  0.313910  0.519805  0.614699  0.453476  0.579793  0.277279  0.867062  0.401130  0.284777  0.333697  0.115708  0.402917  0.283634  0.450442  0.234328  0.280396  0.823599  0.357514  0.453270  0.361021  0.584874  0.435930  0.403230  0.409857  0.402816  0.581164  0.457666  0.434926  0.798773  0.362307  0.456450  0.379497  0.740202  0.446655  0.422414  0.388977  0.553013  0.779137  0.369789  0.203077  0.482311  0.468298  0.574816  0.703902  0.379106  0.284090  0.259820  0.298056  0.638644  0.223917  0.465249  0.598476  0.357470  0.305255  0.328756 
