146
0 0.0  0.847412  0.763806  0.315143  0.296578  0.553257  0.344393  0.390548  0.487706  0.438499  0.270381  0.380451  0.346740  0.775116  0.378283  0.448791  0.686216  0.638890  0.340037  0.403841  0.335526  0.764008  0.447446  0.597430  0.647526  0.743448  0.338719  0.405983  0.524208  0.386900  0.496237  0.322274  0.220354  0.571041  0.828166  0.372932  0.545139  0.821956  0.360238  0.720272  0.741983  0.307428  0.250378  0.149104  0.614203  0.278627  0.351481  0.261103  0.538671  0.462107  0.261127  0.456261  0.080457  0.374358  0.507809  0.352554  0.460719  0.406752  0.570690  0.428313  0.314365  0.309227  0.472244  0.892261  0.471429  0.330355  0.223616  0.741924  0.789380  0.392340  0.355625  0.267303  0.413558  0.416229  0.525920  0.256348  0.341265  0.453910  0.495116  0.818162  0.387783  0.372591  0.789308  0.299232  0.320347  0.355294  0.450678  0.384901  0.688061  0.477781  0.486493  0.508850  0.506652  0.617286  0.250294  0.459223  0.451908  0.891394  0.521818  0.339897  0.402960  0.417539  0.519213  0.383916  0.389659  0.463734  0.510650  0.774018  0.260277  0.373423  0.492372  0.266214  0.354299  0.289065  0.602824  0.352703  0.561234  0.312965  0.330005  0.795134  0.496887  0.327268  0.310627  0.714286  0.308811  0.367290  0.446393  0.388583  0.814246  0.515862  0.406069  0.364046  0.507774  0.494112  0.725090  0.187716  0.454418  0.334360  0.352055  0.818569  0.438929  0.353172  0.696637  0.378387  0.400983  0.303406 
1  0.847412 0.0  0.270956  0.788672  0.831756  0.803218  0.787533  0.856787  0.811402  0.822349  0.841449  0.809779  0.844543  0.818576  0.849495  0.764773  0.774101  0.586712  0.785786  0.624561  0.750794  0.552018  0.736751  0.423102  0.799670  0.724008  0.946987  0.699277  0.750623  0.836455  0.745051  0.924339  0.786666  0.739929  0.465891  0.797209  0.749059  0.714018  0.914582  0.295178  0.742431  0.778397  0.824680  0.761394  0.660553  0.781230  0.717279  0.837001  0.654537  0.721148  0.877729  0.810609  0.797217  0.838338  0.731615  0.837597  0.802799  0.791900  0.474408  0.867268  0.840950  0.729564  0.660032  0.707921  0.943490  0.795449  0.801461  0.423378  0.787100  0.706844  0.932496  0.888021  0.740949  0.740809  0.791895  0.833034  0.787782  0.933770  0.702156  0.381755  1.000000  0.820285  0.658794  0.755207  0.788359  0.755178  0.675736  0.881340  0.723684  0.771146  0.783029  0.742830  0.846346  0.386809  0.830599  0.858722  0.954823  0.397946  0.713985  0.809681  0.859394  0.871625  0.916158  0.828122  0.727717  0.734145  0.835519  0.645425  0.901227  0.783833  0.716635  0.813227  0.806329  0.741294  0.730403  0.901147  0.488389  0.767056  0.746857  0.480898  0.905942  0.778270  0.922826  0.388043  0.818361  0.850219  0.691423  0.776477  0.729122  0.731134  0.801059  0.714753  0.699917  0.749612  0.724713  0.755915  0.826350  0.911056  0.785574  0.641972  0.783145  0.820938  0.691034  0.775227  0.675719  0.733533 
2  0.763806  0.270956 0.0  0.880077  0.872934  0.814256  0.797821  0.788091  0.869501  0.847373  0.719143  0.766826  0.776916  0.621617  0.847504  0.820884  0.806584  0.653056  0.852567  0.713042  0.749005  0.646159  0.753248  0.421551  0.721917  0.727325  0.910431  0.899881  0.857837  0.797056  0.793017  0.858189  0.760796  0.880318  0.623416  0.739437  0.758930  0.725806  0.760085  0.250496  0.681498  0.874833  0.888031  0.856267  0.692011  0.864771  0.721824  0.916738  0.779832  0.755681  0.861367  0.773637  0.899697  0.865001  0.789279  0.865786  0.873544  0.712357  0.504872  0.869326  0.781145  0.743154  0.817871  0.807581  0.851615  0.770579  0.877188  0.483129  0.879070  0.658964  0.885057  0.915823  0.767887  0.865696  0.828983  0.805494  0.857184  0.887215  0.662904  0.442914  0.762258  0.854851  0.784874  0.735340  0.817619  0.744359  0.679531  0.877841  0.630266  0.831968  0.741045  0.760603  0.921000  0.428726  0.785044  0.863742  0.821513  0.454461  0.835628  0.826662  0.806074  0.768369  0.855914  0.884028  0.763603  0.793124  0.875698  0.739861  0.836462  0.822305  0.746983  0.823590  0.834133  0.788734  0.735064  0.893571  0.501875  0.850522  0.770604  0.474734  0.889177  0.699339  0.746270  0.363785  0.826398  0.796306  0.720601  0.707011  0.563714  0.796224  0.884814  0.694700  0.647914  0.698412  0.704167  0.770771  0.824394  0.721015  0.795010  0.696407  0.820116  0.728687  0.571942  0.790755  0.900757  0.790226 
3  0.315143  0.788672  0.880077 0.0  0.344326  0.607190  0.272536  0.449951  0.477712  0.534231  0.402588  0.359686  0.368419  0.712519  0.451702  0.376317  0.728378  0.702856  0.283151  0.386867  0.333585  0.750096  0.521089  0.522715  0.692430  0.878825  0.373765  0.427391  0.374618  0.392001  0.447154  0.407327  0.316434  0.445951  0.863218  0.364449  0.417956  0.686448  0.359640  0.700446  0.777687  0.381474  0.225995  0.257918  0.777594  0.355523  0.405471  0.291981  0.335095  0.493549  0.252403  0.410455  0.269219  0.379142  0.628146  0.398659  0.477131  0.238196  0.454517  0.423621  0.292389  0.436204  0.338471  0.940180  0.475792  0.194782  0.312070  0.736150  0.760193  0.497428  0.273986  0.400345  0.436980  0.379333  0.511536  0.185283  0.350946  0.373365  0.331879  0.803620  0.470992  0.398785  0.703385  0.441543  0.269635  0.418164  0.460409  0.545002  0.593785  0.409810  0.466273  0.524014  0.488114  0.598101  0.264594  0.623196  0.385367  0.792848  0.417701  0.426506  0.416663  0.435499  0.593443  0.353278  0.443666  0.319128  0.425613  0.788738  0.138583  0.481489  0.422571  0.365484  0.391232  0.268067  0.533137  0.344494  0.600097  0.394953  0.322601  0.795931  0.483320  0.319935  0.315968  0.782667  0.261954  0.283559  0.307934  0.598056  0.711336  0.348503  0.430347  0.314588  0.470683  0.425897  0.790895  0.268895  0.471791  0.371780  0.365542  0.719641  0.442377  0.363892  0.647686  0.387892  0.506394  0.405245 
4  0.296578  0.831756  0.872934  0.344326 0.0  0.554286  0.386200  0.481458  0.452373  0.418952  0.420702  0.474997  0.356209  0.707358  0.573387  0.252473  0.611822  0.639742  0.361002  0.448786  0.254817  0.694255  0.377980  0.557660  0.841346  0.799521  0.482091  0.310329  0.523750  0.231786  0.429312  0.278626  0.432625  0.459955  0.759084  0.351706  0.332389  0.685056  0.322864  0.801584  0.701940  0.407190  0.218716  0.314916  0.709281  0.432384  0.353225  0.324464  0.346871  0.383626  0.438709  0.467894  0.262218  0.462477  0.482501  0.323336  0.411308  0.422669  0.555325  0.440434  0.476351  0.436055  0.423847  0.876226  0.568946  0.362657  0.356333  0.671635  0.791224  0.430311  0.362972  0.382370  0.363131  0.484541  0.358414  0.366595  0.205614  0.304670  0.314485  0.693395  0.554397  0.483980  0.824628  0.406753  0.348391  0.360631  0.535157  0.380136  0.616699  0.493450  0.576992  0.351267  0.565405  0.558368  0.325490  0.617280  0.394503  0.989231  0.524633  0.389760  0.461978  0.431582  0.597255  0.442721  0.391372  0.417852  0.335283  0.754710  0.287793  0.385224  0.323584  0.229994  0.150885  0.209306  0.480526  0.248847  0.493166  0.433392  0.381163  0.846784  0.580765  0.335425  0.237954  0.624138  0.354580  0.427969  0.379480  0.463000  0.851054  0.435959  0.403672  0.412168  0.460114  0.416197  0.813986  0.353167  0.425289  0.384356  0.444569  0.675199  0.382303  0.258921  0.664043  0.501790  0.495355  0.365530 
5  0.553257  0.803218  0.814256  0.607190  0.554286 0.0  0.578146  0.666823  0.494545  0.634301  0.663657  0.610217  0.664636  0.769716  0.580315  0.650336  0.740073  0.645646  0.554981  0.189734  0.614017  0.764164  0.653508  0.553100  0.723617  0.724282  0.654950  0.634544  0.673242  0.637636  0.681490  0.626449  0.626308  0.773081  0.770621  0.573215  0.706862  0.687736  0.607331  0.624209  0.712348  0.481222  0.709213  0.579005  0.830638  0.599392  0.689113  0.721941  0.633160  0.669067  0.718902  0.736056  0.593306  0.716632  0.493403  0.760032  0.694350  0.419522  0.644481  0.681850  0.531404  0.596724  0.584998  0.795372  0.794822  0.453197  0.594873  0.794071  0.804155  0.441439  0.666138  0.592910  0.710600  0.475530  0.809598  0.636072  0.556187  0.604502  0.629214  0.861554  0.751772  0.637444  0.664066  0.606754  0.598930  0.595811  0.396487  0.622533  0.675236  0.710735  0.736530  0.621290  0.292759  0.620784  0.475258  0.217769  0.654133  0.709036  0.774049  0.678740  0.615520  0.754272  0.804804  0.667146  0.803630  0.663513  0.718930  0.855171  0.509313  0.743939  0.635282  0.613342  0.595085  0.528658  0.636902  0.586756  0.532962  0.576021  0.545416  0.769957  0.782249  0.731251  0.590739  0.662246  0.631259  0.668572  0.677276  0.528672  0.808106  0.637066  0.590182  0.728812  0.467122  0.472761  0.821910  0.507736  0.568548  0.657090  0.594327  0.695928  0.693005  0.594054  0.684643  0.728336  0.611425  0.642958 
6  0.344393  0.787533  0.797821  0.272536  0.386200  0.578146 0.0  0.509991  0.491648  0.348293  0.381926  0.440033  0.400171  0.754505  0.404882  0.310860  0.649618  0.604526  0.324311  0.439372  0.340626  0.780594  0.462281  0.490855  0.746072  0.736528  0.318138  0.228426  0.482594  0.393433  0.348745  0.297524  0.348739  0.510345  0.769775  0.376986  0.317896  0.670191  0.266375  0.743278  0.738839  0.474824  0.356472  0.205036  0.737884  0.581613  0.352339  0.257913  0.378392  0.482345  0.323813  0.416860  0.334711  0.334482  0.551280  0.365038  0.374330  0.478569  0.514844  0.499244  0.327154  0.353281  0.386342  0.787256  0.447789  0.277390  0.139069  0.804453  0.717835  0.510821  0.282128  0.336786  0.379537  0.471880  0.501148  0.231449  0.351074  0.309588  0.338734  0.756299  0.531995  0.431179  0.765130  0.318907  0.371532  0.412290  0.441091  0.368232  0.687566  0.442771  0.507026  0.513815  0.595896  0.468086  0.268599  0.571814  0.350666  0.819463  0.413817  0.405912  0.361429  0.414020  0.418604  0.440762  0.279925  0.368774  0.431534  0.745397  0.130941  0.320562  0.284400  0.389859  0.338920  0.382838  0.448793  0.445733  0.590455  0.430503  0.366806  0.773611  0.533778  0.347427  0.392814  0.591080  0.259503  0.401324  0.250785  0.651552  0.741359  0.337484  0.407382  0.416433  0.439382  0.405473  0.729845  0.275879  0.474850  0.413994  0.368214  0.773986  0.443666  0.415673  0.696465  0.414066  0.524035  0.301931 
7  0.390548  0.856787  0.788091  0.449951  0.481458  0.666823  0.509991 0.0  0.561391  0.243012  0.565276  0.230568  0.287562  0.850962  0.465733  0.387597  0.781608  0.697968  0.271419  0.513099  0.386255  0.775509  0.230245  0.527170  0.764289  0.648685  0.136740  0.225703  0.261361  0.451013  0.308766  0.362663  0.326782  0.306340  0.835922  0.446545  0.307273  0.708541  0.483812  0.772013  0.855632  0.537026  0.472425  0.401835  0.699859  0.280863  0.392024  0.367372  0.176975  0.253963  0.328635  0.400938  0.396568  0.266750  0.543592  0.231512  0.333812  0.485124  0.535493  0.117214  0.273325  0.301611  0.129151  0.922770  0.202917  0.493238  0.355091  0.765290  0.818180  0.462834  0.486522  0.468210  0.311662  0.493838  0.344793  0.436193  0.445678  0.538818  0.290030  0.948068  0.195615  0.336057  0.641262  0.394136  0.289210  0.465224  0.476896  0.207613  0.664731  0.207283  0.283405  0.295568  0.516276  0.610353  0.314829  0.548092  0.239593  0.838103  0.398022  0.250411  0.319512  0.148108  0.442756  0.273712  0.480165  0.161213  0.153122  0.770440  0.385169  0.576484  0.508111  0.429027  0.453446  0.368477  0.388547  0.349768  0.698526  0.465336  0.408074  0.819250  0.379317  0.501162  0.556804  0.653112  0.413574  0.283648  0.398999  0.567573  0.859586  0.364235  0.241439  0.465575  0.514899  0.496178  0.912472  0.514506  0.239058  0.296506  0.188111  0.769126  0.235478  0.469160  0.731091  0.289640  0.319431  0.314433 
8  0.487706  0.811402  0.869501  0.477712  0.452373  0.494545  0.491648  0.561391 0.0  0.500504  0.597726  0.477983  0.509997  0.751892  0.150982  0.511806  0.661245  0.602350  0.379820  0.462786  0.547309  0.836450  0.515235  0.543627  0.726408  0.695722  0.580891  0.509593  0.580101  0.410975  0.523084  0.520629  0.441058  0.639044  0.784711  0.525755  0.572944  0.782943  0.476607  0.774041  0.671710  0.229568  0.438679  0.444617  0.761994  0.381777  0.530755  0.343312  0.473619  0.601615  0.498276  0.466934  0.436688  0.540751  0.540962  0.524444  0.542635  0.378058  0.479059  0.544930  0.415166  0.457447  0.587748  0.837979  0.560581  0.503783  0.444814  0.782779  0.791083  0.427397  0.579227  0.517037  0.580964  0.252121  0.573474  0.408438  0.375056  0.432488  0.555902  0.805347  0.568021  0.497949  0.709113  0.469934  0.589628  0.404605  0.493068  0.597947  0.671444  0.560822  0.576706  0.554114  0.431866  0.679249  0.328726  0.634744  0.485729  0.779249  0.593481  0.528715  0.502989  0.387480  0.554945  0.561234  0.561939  0.533261  0.530291  0.823940  0.393918  0.492288  0.446541  0.506996  0.433499  0.480620  0.501405  0.564591  0.466032  0.250019  0.463934  0.780206  0.549899  0.434366  0.441741  0.654232  0.560178  0.470883  0.466793  0.585624  0.659994  0.489457  0.538291  0.514881  0.387575  0.443411  0.695225  0.450036  0.561378  0.540620  0.592978  0.565719  0.571060  0.504953  0.733737  0.531033  0.494158  0.435548 
9  0.438499  0.822349  0.847373  0.534231  0.418952  0.634301  0.348293  0.243012  0.500504 0.0  0.332510  0.307773  0.329451  0.668099  0.486007  0.360996  0.716386  0.663140  0.324261  0.528076  0.322020  0.769854  0.182339  0.453910  0.814030  0.780118  0.328535  0.240696  0.229131  0.466023  0.332874  0.470197  0.389660  0.417948  0.835005  0.498442  0.294402  0.755407  0.469858  0.708187  0.818278  0.502775  0.463539  0.257223  0.710719  0.378039  0.362416  0.399986  0.262179  0.185255  0.350156  0.411268  0.508851  0.222258  0.656778  0.401653  0.357678  0.385350  0.644174  0.344125  0.352815  0.439199  0.310957  0.880003  0.245836  0.378435  0.421521  0.771074  0.699893  0.385906  0.323449  0.441005  0.246998  0.457721  0.383216  0.398548  0.471355  0.480539  0.418720  0.768649  0.425013  0.319907  0.683230  0.380240  0.417517  0.377823  0.444563  0.283278  0.657825  0.407291  0.250411  0.382182  0.696254  0.553017  0.334059  0.698589  0.284021  0.889008  0.365098  0.271745  0.333579  0.254027  0.388660  0.277960  0.423118  0.271686  0.295609  0.674858  0.379471  0.398894  0.426655  0.429483  0.564149  0.359088  0.387475  0.374333  0.536172  0.543887  0.338472  0.759669  0.470038  0.381932  0.358769  0.733911  0.395882  0.433828  0.337003  0.595600  0.785114  0.394610  0.249034  0.417970  0.499041  0.486537  0.821219  0.487668  0.196134  0.447642  0.229386  0.605246  0.312123  0.482013  0.675232  0.224764  0.361830  0.408406 
10  0.270381  0.841449  0.719143  0.402588  0.420702  0.663657  0.381926  0.565276  0.597726  0.332510 0.0  0.458021  0.385689  0.788090  0.503968  0.355492  0.709003  0.690334  0.477557  0.592150  0.279629  0.725372  0.535384  0.492048  0.658080  0.781652  0.423248  0.402066  0.475403  0.444267  0.481224  0.355099  0.404931  0.481325  0.827673  0.418457  0.449937  0.752067  0.287271  0.647374  0.723530  0.294557  0.258896  0.371458  0.745466  0.498211  0.361777  0.309920  0.492530  0.440673  0.281118  0.478486  0.242061  0.343603  0.457657  0.516858  0.432649  0.413425  0.539103  0.491544  0.449967  0.341745  0.412372  0.856535  0.573244  0.297471  0.256420  0.754552  0.658872  0.550525  0.380152  0.315380  0.484388  0.413082  0.655477  0.203706  0.420742  0.240486  0.264556  0.848763  0.458135  0.480590  0.817613  0.399091  0.328578  0.362510  0.395489  0.432928  0.645529  0.452027  0.562419  0.439186  0.644867  0.490610  0.393034  0.668387  0.502413  0.770030  0.526494  0.507118  0.307662  0.415225  0.533721  0.398444  0.379906  0.556430  0.458990  0.710430  0.303967  0.413712  0.422072  0.330160  0.309670  0.292140  0.441135  0.345484  0.519946  0.433289  0.511780  0.727622  0.397111  0.310263  0.242677  0.664259  0.364719  0.432459  0.452943  0.453563  0.739303  0.445842  0.455140  0.346244  0.529973  0.426482  0.750720  0.258324  0.535570  0.498611  0.476676  0.761096  0.433308  0.372744  0.790520  0.390946  0.424214  0.298465 
11  0.380451  0.809779  0.766826  0.359686  0.474997  0.610217  0.440033  0.230568  0.477983  0.307773  0.458021 0.0  0.420763  0.772332  0.495504  0.323395  0.632469  0.557282  0.427052  0.480211  0.323983  0.784629  0.189468  0.476203  0.689911  0.791347  0.294458  0.126908  0.147450  0.482872  0.196328  0.460664  0.357993  0.307896  0.766101  0.233311  0.187884  0.658166  0.492063  0.728222  0.692412  0.543927  0.484862  0.422268  0.657113  0.447512  0.318013  0.315895  0.305742  0.306147  0.310648  0.135480  0.509624  0.342683  0.616398  0.360688  0.321936  0.637694  0.414635  0.252657  0.351797  0.404400  0.270403  0.768684  0.377695  0.414995  0.443548  0.676450  0.825687  0.468112  0.433767  0.412982  0.330448  0.551479  0.333747  0.384207  0.441613  0.448328  0.165163  0.741094  0.332191  0.346962  0.665841  0.242510  0.326645  0.390934  0.536718  0.188184  0.543082  0.454207  0.249010  0.297675  0.723610  0.471437  0.535169  0.679756  0.180313  0.698730  0.393836  0.283808  0.389372  0.390808  0.312175  0.261988  0.293290  0.335665  0.380778  0.756620  0.480247  0.336861  0.159216  0.446911  0.386494  0.439562  0.309665  0.462338  0.497993  0.508412  0.350644  0.687882  0.389260  0.360622  0.437683  0.685982  0.556427  0.368432  0.215518  0.517527  0.774602  0.364156  0.272745  0.334227  0.492426  0.424737  0.852791  0.407030  0.360932  0.295276  0.487588  0.591785  0.350607  0.414094  0.590643  0.316139  0.371871  0.259333 
12  0.346740  0.844543  0.776916  0.368419  0.356209  0.664636  0.400171  0.287562  0.509997  0.329451  0.385689  0.420763 0.0  0.865040  0.532041  0.366570  0.735978  0.690431  0.297815  0.432490  0.271729  0.766633  0.331898  0.519619  0.773674  0.758080  0.301546  0.326618  0.286327  0.353998  0.348628  0.311307  0.344334  0.472401  0.761430  0.360008  0.351214  0.638703  0.351208  0.776814  0.655370  0.369203  0.413462  0.355914  0.736010  0.328442  0.342661  0.359862  0.337363  0.375288  0.347599  0.368682  0.453331  0.352233  0.617122  0.291135  0.322065  0.417587  0.582798  0.358015  0.386938  0.322747  0.209399  0.841158  0.246193  0.387524  0.396545  0.710480  0.761535  0.512087  0.332408  0.372050  0.369753  0.494842  0.424573  0.355854  0.406655  0.315637  0.354000  0.770308  0.417556  0.237623  0.879301  0.404042  0.346555  0.357181  0.432586  0.248065  0.636529  0.417324  0.364068  0.460275  0.603027  0.555767  0.310857  0.630333  0.386289  0.805365  0.422596  0.347647  0.342330  0.229591  0.401779  0.191452  0.306381  0.340037  0.356474  0.750874  0.384947  0.410606  0.332082  0.371693  0.446651  0.361145  0.476967  0.387851  0.603771  0.569631  0.268063  0.845666  0.460608  0.348471  0.482083  0.684287  0.297765  0.463660  0.398404  0.624997  0.777912  0.417732  0.301372  0.299744  0.481668  0.476456  0.708364  0.409134  0.293488  0.374989  0.297363  0.658509  0.317550  0.337251  0.665339  0.409355  0.396359  0.359628 
13  0.775116  0.818576  0.621617  0.712519  0.707358  0.769716  0.754505  0.850962  0.751892  0.668099  0.788090  0.772332  0.865040 0.0  0.787763  0.860233  0.692698  0.681821  0.722313  0.599586  0.690884  0.718714  0.686321  0.579294  0.770241  0.800844  0.820491  0.746619  0.908902  0.771459  0.730764  0.750689  0.793904  0.867141  0.726240  0.792921  0.788257  0.743583  0.734580  0.638981  0.676854  0.776074  0.751072  0.709027  0.311113  0.687763  0.710746  0.668292  0.792532  0.762666  0.719840  0.793291  0.735309  0.784048  0.780703  0.837074  0.815605  0.650473  0.574381  0.796630  0.729043  0.617321  0.859352  0.767015  0.752871  0.818420  0.855333  0.721226  0.758168  0.701226  0.676203  0.779319  0.751635  0.822058  0.863860  0.711136  0.774631  0.799208  0.828809  0.656423  0.790023  0.776250  0.731294  0.754847  0.685490  0.770741  0.599847  0.840404  0.652473  0.784195  0.787289  0.789730  0.814404  0.508861  0.832559  0.725885  0.835440  0.649217  0.814956  0.681892  0.724449  0.795985  0.985551  0.882786  0.704066  0.780546  0.735270  0.687103  0.758607  0.795131  0.657120  0.845973  0.701162  0.823955  0.697388  0.717997  0.566842  0.715785  0.851603  0.729519  0.839428  0.655406  0.748291  0.763480  0.756535  0.713898  0.804054  0.727213  0.589008  0.673012  0.771194  0.816674  0.704092  0.824035  0.725835  0.830934  0.803233  0.707664  0.721192  0.686051  0.849182  0.743603  0.645414  0.812766  0.694591  0.660234 
14  0.378283  0.849495  0.847504  0.451702  0.573387  0.580315  0.404882  0.465733  0.150982  0.486007  0.503968  0.495504  0.532041  0.787763 0.0  0.451985  0.927961  0.685250  0.497159  0.302537  0.531714  0.793127  0.534991  0.622754  0.806170  0.778324  0.288237  0.558527  0.459199  0.540764  0.426203  0.442341  0.543040  0.511947  0.853344  0.450025  0.570560  0.779521  0.408466  0.721843  0.779923  0.171101  0.497803  0.521062  0.685114  0.494274  0.551148  0.409959  0.480031  0.549748  0.406839  0.533764  0.384112  0.472690  0.520315  0.565618  0.527358  0.452263  0.595277  0.379249  0.354595  0.498050  0.576257  0.751534  0.544877  0.458513  0.449266  0.790659  0.770579  0.461629  0.525148  0.500463  0.571453  0.188383  0.521907  0.375863  0.392907  0.485554  0.473315  0.810795  0.481809  0.424612  0.708858  0.531224  0.493773  0.518763  0.461442  0.460161  0.693986  0.501361  0.529049  0.554090  0.531196  0.588660  0.329541  0.553051  0.545010  0.853901  0.521155  0.449626  0.518956  0.600448  0.674782  0.488487  0.402854  0.498613  0.462849  0.728974  0.373395  0.451861  0.578036  0.508805  0.514699  0.426448  0.514694  0.432467  0.468783  0.152547  0.609657  0.736844  0.561372  0.480145  0.413210  0.732727  0.474105  0.450970  0.536915  0.554340  0.715565  0.501326  0.487168  0.417489  0.546171  0.523083  0.845995  0.567697  0.511285  0.495926  0.481250  0.662539  0.442394  0.483350  0.721074  0.363979  0.580454  0.293408 
15  0.448791  0.764773  0.820884  0.376317  0.252473  0.650336  0.310860  0.387597  0.511806  0.360996  0.355492  0.323395  0.366570  0.860233  0.451985 0.0  0.661797  0.622252  0.344210  0.528713  0.203494  0.568787  0.369729  0.623285  0.676316  0.766435  0.408227  0.328420  0.578969  0.464718  0.317802  0.335413  0.256509  0.556029  0.801068  0.222846  0.349952  0.759241  0.445941  0.721418  0.729427  0.488585  0.450206  0.337359  0.748051  0.449383  0.206537  0.368757  0.394057  0.369945  0.309583  0.367140  0.306499  0.416075  0.608733  0.331295  0.383035  0.439946  0.579287  0.443798  0.342076  0.331984  0.369356  0.703360  0.402990  0.425906  0.423436  0.702581  0.804195  0.396422  0.392790  0.421498  0.337880  0.615832  0.485515  0.255306  0.386320  0.420677  0.288985  0.654280  0.500422  0.550792  0.728064  0.282569  0.167804  0.231919  0.470691  0.323302  0.516252  0.304786  0.411849  0.261854  0.575081  0.344935  0.379020  0.679040  0.330594  0.697603  0.420254  0.337949  0.470836  0.433198  0.531294  0.432332  0.265200  0.366666  0.406366  0.811483  0.409457  0.228713  0.204706  0.267944  0.279071  0.270086  0.431636  0.320095  0.481000  0.457581  0.177837  0.750220  0.484994  0.506929  0.313291  0.605348  0.415795  0.366341  0.250634  0.507511  0.858458  0.177960  0.412998  0.269195  0.460863  0.413819  0.647831  0.313926  0.428313  0.463701  0.374066  0.638405  0.319272  0.454946  0.683199  0.395816  0.430732  0.239507 
16  0.686216  0.774101  0.806584  0.728378  0.611822  0.740073  0.649618  0.781608  0.661245  0.716386  0.709003  0.632469  0.735978  0.692698  0.927961  0.661797 0.0  0.667603  0.746464  0.607211  0.661311  0.642565  0.647431  0.544576  0.572073  0.637883  0.782917  0.736574  0.669471  0.704815  0.614992  0.746044  0.659293  0.696705  0.660844  0.780364  0.724841  0.518329  0.719468  0.682994  0.596232  0.643150  0.725142  0.666105  0.636285  0.764619  0.628148  0.665034  0.728313  0.653577  0.680093  0.736165  0.701488  0.734370  0.710541  0.809136  0.732895  0.673571  0.525583  0.770436  0.587480  0.714754  0.636639  0.641704  0.777914  0.720653  0.762973  0.697539  0.618448  0.516131  0.650779  0.766223  0.816213  0.783292  0.743594  0.756560  0.806929  0.788960  0.791216  0.659571  0.754413  0.811894  0.668186  0.667540  0.692975  0.730238  0.493467  0.787955  0.264031  0.703523  0.766570  0.716997  0.647244  0.452600  0.697979  0.785359  0.629976  0.760657  0.731278  0.730802  0.661359  0.692784  0.827955  0.726015  0.670624  0.707122  0.660960  0.671349  0.691166  0.721593  0.669692  0.673279  0.709121  0.710056  0.659954  0.785190  0.537635  0.691878  0.809750  0.692316  0.802241  0.728140  0.730369  0.596663  0.803591  0.583171  0.545721  0.722533  0.694976  0.695772  0.852007  0.716756  0.731228  0.682459  0.629779  0.734126  0.819205  0.708560  0.692291  0.618599  0.814579  0.733478  0.632893  0.704594  0.865482  0.638696 
17  0.638890  0.586712  0.653056  0.702856  0.639742  0.645646  0.604526  0.697968  0.602350  0.663140  0.690334  0.557282  0.690431  0.681821  0.685250  0.622252  0.667603 0.0  0.612426  0.647600  0.654398  0.515682  0.613264  0.485282  0.676945  0.642170  0.526756  0.568019  0.588108  0.576974  0.640117  0.705243  0.702379  0.613385  0.591804  0.667989  0.650822  0.618792  0.572370  0.659851  0.643543  0.633765  0.653767  0.619954  0.559444  0.529210  0.643721  0.716075  0.616538  0.608978  0.646041  0.639356  0.692372  0.609208  0.663011  0.730000  0.609270  0.606238  0.453854  0.516654  0.691010  0.593393  0.684677  0.591077  0.631440  0.695561  0.536417  0.554382  0.558789  0.578212  0.647412  0.678205  0.713048  0.641556  0.729015  0.659797  0.704172  0.714528  0.512940  0.561472  0.598350  0.762433  0.510565  0.659028  0.600733  0.702677  0.580836  0.646970  0.565875  0.677249  0.634896  0.581474  0.660461  0.462704  0.594205  0.602891  0.518305  0.605103  0.627528  0.713205  0.599837  0.611011  0.628572  0.663095  0.623214  0.594841  0.680583  0.742727  0.641622  0.486807  0.548530  0.582297  0.609913  0.636843  0.477581  0.691069  0.500202  0.674993  0.664672  0.609508  0.692849  0.614232  0.564989  0.604456  0.652828  0.689293  0.543920  0.718991  0.568177  0.613631  0.646771  0.616945  0.556220  0.491824  0.541395  0.577953  0.668953  0.693545  0.602607  0.583289  0.628163  0.666930  0.595529  0.733579  0.703402  0.592143 
18  0.340037  0.785786  0.852567  0.283151  0.361002  0.554981  0.324311  0.271419  0.379820  0.324261  0.477557  0.427052  0.297815  0.722313  0.497159  0.344210  0.746464  0.612426 0.0  0.589033  0.373779  0.780101  0.380099  0.563674  0.652673  0.802764  0.284201  0.351805  0.367844  0.468776  0.475566  0.356847  0.334720  0.430728  0.826322  0.337299  0.374003  0.677511  0.394772  0.762618  0.688171  0.471002  0.262947  0.425994  0.742742  0.384841  0.380888  0.331999  0.347756  0.376426  0.383531  0.359179  0.271962  0.281513  0.624325  0.287649  0.479881  0.479133  0.466711  0.325858  0.258381  0.370806  0.342092  0.791254  0.380296  0.371679  0.335077  0.822901  0.712662  0.367371  0.240516  0.340568  0.332313  0.563124  0.469673  0.279188  0.350923  0.482107  0.503840  0.748996  0.317396  0.214664  0.781280  0.402144  0.361155  0.348552  0.390192  0.336394  0.750929  0.300137  0.412145  0.322854  0.599463  0.564230  0.260004  0.608319  0.301983  0.890448  0.371723  0.266310  0.460746  0.248170  0.432200  0.404284  0.415347  0.312066  0.303419  0.780172  0.378249  0.384931  0.376906  0.440993  0.345060  0.382017  0.352888  0.361376  0.570063  0.432685  0.204627  0.844396  0.419202  0.348100  0.418699  0.794267  0.364322  0.300262  0.416344  0.559445  0.728645  0.453362  0.265832  0.305798  0.479847  0.554615  0.844960  0.376837  0.316206  0.379056  0.257987  0.693647  0.290467  0.400210  0.736510  0.463949  0.483145  0.349011 
19  0.403841  0.624561  0.713042  0.386867  0.448786  0.189734  0.439372  0.513099  0.462786  0.528076  0.592150  0.480211  0.432490  0.599586  0.302537  0.528713  0.607211  0.647600  0.589033 0.0  0.504206  0.641988  0.565433  0.524849  0.589805  0.684815  0.479385  0.565397  0.565556  0.590639  0.525755  0.574573  0.532512  0.614031  0.738679  0.497406  0.662730  0.587500  0.436921  0.753359  0.707243  0.496394  0.433723  0.485195  0.727333  0.437574  0.472372  0.409450  0.555051  0.486372  0.521749  0.379857  0.392437  0.507742  0.393718  0.546584  0.566646  0.386721  0.480899  0.671208  0.491829  0.525617  0.499359  0.701117  0.630671  0.420249  0.428720  0.644049  0.643151  0.414107  0.407919  0.494764  0.485978  0.456083  0.554742  0.432853  0.495143  0.540158  0.587631  0.675669  0.525884  0.610404  0.714957  0.482677  0.446735  0.458819  0.355192  0.533937  0.591218  0.548735  0.518482  0.624851  0.318856  0.456401  0.440981  0.360252  0.606619  0.791707  0.427259  0.558434  0.511676  0.457485  0.689808  0.485492  0.483690  0.442104  0.521399  0.715359  0.375365  0.525267  0.453292  0.483091  0.393656  0.385970  0.537145  0.486894  0.593258  0.329219  0.491358  0.729321  0.535198  0.508107  0.434200  0.678603  0.455401  0.497575  0.449475  0.453082  0.630856  0.559833  0.412623  0.468159  0.434567  0.328776  0.602633  0.517267  0.468044  0.508353  0.552613  0.682956  0.368972  0.554217  0.712583  0.552097  0.503699  0.478666 
20  0.335526  0.750794  0.749005  0.333585  0.254817  0.614017  0.340626  0.386255  0.547309  0.322020  0.279629  0.323983  0.271729  0.690884  0.531714  0.203494  0.661311  0.654398  0.373779  0.504206 0.0  0.826498  0.308074  0.486135  0.803686  0.721719  0.347671  0.372913  0.293889  0.231325  0.360627  0.409582  0.159906  0.406561  0.858634  0.174087  0.408165  0.743499  0.342510  0.711775  0.637582  0.406025  0.398752  0.406045  0.691664  0.457704  0.180228  0.276629  0.358435  0.390168  0.386783  0.318192  0.367262  0.360629  0.417757  0.337453  0.405098  0.403778  0.487604  0.432623  0.391725  0.253792  0.223400  0.751621  0.380150  0.392233  0.352276  0.636176  0.755568  0.399796  0.297521  0.346969  0.317012  0.457975  0.421832  0.302553  0.439475  0.465990  0.271679  0.747695  0.482762  0.469455  0.714163  0.092509  0.135172  0.195692  0.443801  0.413003  0.611011  0.456770  0.441934  0.388296  0.580491  0.597726  0.393890  0.577157  0.369225  0.871409  0.339001  0.349621  0.323825  0.441058  0.447527  0.407969  0.238736  0.367232  0.402925  0.809015  0.348066  0.293002  0.264756  0.322594  0.397353  0.290108  0.466559  0.334314  0.498169  0.392023  0.293152  0.671399  0.366379  0.237337  0.295000  0.560414  0.358962  0.273412  0.156054  0.542551  0.765133  0.363177  0.279536  0.265634  0.499015  0.394421  0.733355  0.225269  0.337954  0.364759  0.405925  0.646923  0.378103  0.263729  0.738623  0.452518  0.356447  0.141584 
21  0.764008  0.552018  0.646159  0.750096  0.694255  0.764164  0.780594  0.775509  0.836450  0.769854  0.725372  0.784629  0.766633  0.718714  0.793127  0.568787  0.642565  0.515682  0.780101  0.641988  0.826498 0.0  0.710101  0.589343  0.683632  0.726661  0.767059  0.714662  0.882208  0.779988  0.744674  0.826388  0.677731  0.851462  0.326264  0.787484  0.848582  0.671061  0.716030  0.480010  0.695727  0.724574  0.818590  0.721011  0.734188  0.761977  0.760636  0.803940  0.712926  0.681450  0.827750  0.878319  0.831595  0.703792  0.727446  0.773619  0.689296  0.685146  0.505290  0.749663  0.695756  0.742179  0.792679  0.687302  0.805847  0.793757  0.784395  0.298955  0.799936  0.617161  0.819077  0.841206  0.751431  0.713222  0.873133  0.740450  0.765776  0.712747  0.737020  0.481684  0.749679  0.803386  0.729111  0.695631  0.794416  0.659395  0.640595  0.739566  0.566424  0.758785  0.784345  0.690540  0.674492  0.467882  0.633196  0.639746  0.680013  0.556312  0.762328  0.712924  0.696819  0.737307  0.908982  0.791595  0.791904  0.815443  0.797998  0.582970  0.844756  0.763477  0.696777  0.799002  0.838752  0.765483  0.745107  0.764012  0.463359  0.728317  0.757936  0.247462  0.872451  0.806032  0.881688  0.440137  0.709672  0.765695  0.691629  0.731627  0.683593  0.673487  0.732660  0.708887  0.673510  0.740506  0.715187  0.813086  0.763710  0.815375  0.733452  0.574526  0.765088  0.872055  0.682403  0.821941  0.701337  0.653046 
22  0.447446  0.736751  0.753248  0.521089  0.377980  0.653508  0.462281  0.230245  0.515235  0.182339  0.535384  0.189468  0.331898  0.686321  0.534991  0.369729  0.647431  0.613264  0.380099  0.565433  0.308074  0.710101 0.0  0.531565  0.676847  0.766585  0.309556  0.222200  0.290794  0.408694  0.288735  0.428290  0.480663  0.369433  0.832258  0.326188  0.171418  0.704747  0.407473  0.731875  0.637876  0.423664  0.475212  0.404104  0.681724  0.418574  0.334913  0.477565  0.222506  0.274692  0.436496  0.353216  0.467220  0.257465  0.577920  0.293746  0.178910  0.498243  0.408866  0.201232  0.347546  0.389986  0.301152  0.728665  0.298023  0.448653  0.522977  0.716984  0.847217  0.510043  0.470220  0.407654  0.343739  0.486005  0.296252  0.404297  0.577327  0.433774  0.377749  0.687268  0.427082  0.382703  0.672306  0.307199  0.459272  0.507298  0.500785  0.292679  0.649878  0.297167  0.273467  0.286544  0.565103  0.562110  0.429082  0.640869  0.375680  0.742164  0.336094  0.344210  0.386052  0.315636  0.293609  0.337097  0.266390  0.374468  0.222016  0.790677  0.390420  0.370784  0.413496  0.277394  0.433146  0.407903  0.275408  0.418152  0.423060  0.513445  0.390127  0.796446  0.242704  0.488120  0.419747  0.642688  0.500714  0.342953  0.328834  0.599572  0.683560  0.388759  0.193275  0.411513  0.480189  0.371288  0.738840  0.461309  0.259987  0.368143  0.252006  0.605471  0.315155  0.527841  0.681504  0.280118  0.285181  0.374266 
23  0.597430  0.423102  0.421551  0.522715  0.557660  0.553100  0.490855  0.527170  0.543627  0.453910  0.492048  0.476203  0.519619  0.579294  0.622754  0.623285  0.544576  0.485282  0.563674  0.524849  0.486135  0.589343  0.531565 0.0  0.530019  0.575595  0.653564  0.452817  0.418767  0.442230  0.467917  0.615276  0.484653  0.428255  0.539949  0.372917  0.410265  0.528171  0.639171  0.615411  0.421482  0.564361  0.637653  0.592767  0.450821  0.608688  0.452047  0.565337  0.465490  0.498809  0.559960  0.477278  0.631062  0.586313  0.464181  0.630842  0.522899  0.623459  0.454915  0.592163  0.516272  0.522375  0.574268  0.647579  0.431203  0.519689  0.607853  0.476570  0.469983  0.463602  0.517131  0.585914  0.520433  0.497890  0.536769  0.558068  0.513738  0.421897  0.411659  0.245979  0.607830  0.620930  0.542461  0.515065  0.502202  0.433193  0.605786  0.565531  0.633948  0.642423  0.477158  0.544478  0.481370  0.509026  0.536673  0.587336  0.556052  0.561887  0.517745  0.450590  0.529853  0.552739  0.585189  0.574649  0.491804  0.652030  0.523373  0.666162  0.518435  0.481615  0.386434  0.564697  0.540812  0.495975  0.522239  0.603606  0.418069  0.627928  0.543962  0.389655  0.597560  0.504154  0.597977  0.367938  0.522435  0.514609  0.449544  0.589715  0.482950  0.409280  0.609201  0.420333  0.587027  0.514235  0.563550  0.594927  0.443192  0.592930  0.601633  0.552079  0.485491  0.518502  0.448587  0.411624  0.462521  0.399388 
24  0.647526  0.799670  0.721917  0.692430  0.841346  0.723617  0.746072  0.764289  0.726408  0.814030  0.658080  0.689911  0.773674  0.770241  0.806170  0.676316  0.572073  0.676945  0.652673  0.589805  0.803686  0.683632  0.676847  0.530019 0.0  0.197531  0.723995  0.799490  0.721423  0.706800  0.792997  0.732026  0.706486  0.772105  0.697075  0.710989  0.896179  0.550270  0.798345  0.647849  0.470933  0.666726  0.660052  0.742293  0.851907  0.626013  0.736162  0.698211  0.752810  0.858099  0.716300  0.783685  0.807242  0.798621  0.642791  0.795870  0.845723  0.621895  0.501887  0.755001  0.678395  0.839060  0.847656  0.783331  0.796052  0.692175  0.722424  0.767907  0.762551  0.650079  0.733123  0.682207  0.783520  0.712525  0.850109  0.758763  0.697084  0.760506  0.671944  0.807464  0.750690  0.751635  0.768079  0.978317  0.695442  0.691136  0.752178  0.812363  0.587109  0.779471  0.702586  0.837607  0.617019  0.550044  0.646252  0.762830  0.832592  0.673641  0.744159  0.878141  0.773337  0.741912  0.853198  0.776845  0.872966  0.746052  0.744120  0.763171  0.689556  0.820670  0.752668  0.673968  0.718472  0.635447  0.759756  0.832186  0.443362  0.666763  0.787214  0.711961  0.652947  0.682396  0.754901  0.746558  0.891346  0.683877  0.778625  0.754273  0.799767  0.796908  0.776455  0.657988  0.547421  0.661320  0.806329  0.798353  0.875814  0.695920  0.794297  0.456472  0.750428  0.772197  0.698768  0.692400  0.826913  0.755163 
25  0.743448  0.724008  0.727325  0.878825  0.799521  0.724282  0.736528  0.648685  0.695722  0.780118  0.781652  0.791347  0.758080  0.800844  0.778324  0.766435  0.637883  0.642170  0.802764  0.684815  0.721719  0.726661  0.766585  0.575595  0.197531 0.0  0.722713  0.787652  0.760713  0.847422  0.741598  0.840946  0.740160  0.746792  0.677741  0.794325  0.827050  0.475435  0.711569  0.770802  0.531618  0.767405  0.704035  0.814566  0.652726  0.773672  0.652762  0.854443  0.670443  0.799635  0.778951  0.775347  0.707141  0.725053  0.761933  0.749169  0.766183  0.576352  0.444797  0.818710  0.802509  0.776924  0.621103  0.755465  0.784285  0.784964  0.760729  0.792261  0.733540  0.556740  0.759857  0.712299  0.741758  0.736851  0.795267  0.803141  0.781887  0.764644  0.680773  0.764182  0.709815  0.670802  0.631631  0.864753  0.767870  0.744961  0.644279  0.729324  0.591994  0.823297  0.831366  0.873294  0.836875  0.542094  0.764049  0.781785  0.762291  0.721235  0.786680  0.713304  0.751871  0.638854  0.906914  0.723773  0.719033  0.713456  0.611520  0.616084  0.774284  0.700142  0.697426  0.737285  0.735895  0.810380  0.694834  0.791950  0.531704  0.759128  0.683832  0.771895  0.898143  0.737775  0.729363  0.690564  0.853559  0.704399  0.754200  0.670407  0.671825  0.721550  0.726868  0.750562  0.654276  0.641357  0.790080  0.747509  0.824803  0.739073  0.829336  0.355689  0.661747  0.812629  0.616602  0.735594  0.823705  0.618174 
26  0.338719  0.946987  0.910431  0.373765  0.482091  0.654950  0.318138  0.136740  0.580891  0.328535  0.423248  0.294458  0.301546  0.820491  0.288237  0.408227  0.782917  0.526756  0.284201  0.479385  0.347671  0.767059  0.309556  0.653564  0.723995  0.722713 0.0  0.323748  0.370394  0.406483  0.301883  0.345222  0.330030  0.349713  0.846821  0.438626  0.387370  0.633710  0.485401  0.875466  0.830614  0.362299  0.456933  0.484011  0.899830  0.420142  0.327562  0.418428  0.265436  0.283991  0.274903  0.390509  0.364553  0.296619  0.593730  0.205152  0.309992  0.286859  0.570123  0.234868  0.269758  0.283109  0.352983  0.735712  0.248383  0.402143  0.470939  0.881553  0.888440  0.436530  0.306762  0.395001  0.291780  0.435529  0.386446  0.415851  0.380834  0.397178  0.358507  0.936681  0.238719  0.292573  0.770123  0.305496  0.396940  0.430146  0.521684  0.206215  0.709742  0.354829  0.401518  0.302684  0.595278  0.543427  0.447057  0.591974  0.315307  0.811908  0.384062  0.187568  0.353301  0.273880  0.373101  0.370474  0.327198  0.248007  0.164686  0.789989  0.361215  0.409308  0.389950  0.492184  0.349499  0.472772  0.368164  0.499068  0.575581  0.409344  0.324434  0.914538  0.348085  0.503603  0.382967  0.708089  0.526224  0.314309  0.503135  0.503117  0.878436  0.477710  0.130992  0.365720  0.526936  0.534173  0.766467  0.421337  0.263075  0.393974  0.318121  0.732303  0.173484  0.449359  0.647678  0.258354  0.367617  0.323618 
