146
0 0.0  0.694878  0.742474  0.229124  0.304009  0.557837  0.229245  0.341292  0.393230  0.308206  0.228888  0.376918  0.337411  0.793768  0.396252  0.330811  0.788917  0.477413  0.325007  0.390497  0.274596  0.765446  0.377305  0.564453  0.600958  0.737728  0.359669  0.342548  0.356524  0.287579  0.361747  0.319177  0.377143  0.427013  0.785884  0.330768  0.361433  0.612712  0.337722  0.700104  0.725461  0.314121  0.252983  0.271209  0.657560  0.354591  0.346430  0.254875  0.419961  0.423364  0.265112  0.389986  0.189922  0.361431  0.511555  0.290311  0.369699  0.363380  0.552522  0.349435  0.322429  0.324095  0.429333  0.755286  0.368275  0.260759  0.266829  0.757189  0.834831  0.414394  0.260992  0.312077  0.457939  0.392921  0.518581  0.251393  0.311653  0.330187  0.375397  0.815617  0.368651  0.346658  0.815851  0.329833  0.337738  0.266659  0.361958  0.407807  0.679455  0.383199  0.466528  0.365032  0.489835  0.533365  0.212303  0.572939  0.351095  0.760809  0.398435  0.388511  0.324151  0.405465  0.432133  0.426229  0.355103  0.359468  0.389783  0.720612  0.285440  0.315371  0.362919  0.330005  0.328795  0.279068  0.418585  0.281724  0.514248  0.388451  0.335738  0.863575  0.407478  0.313344  0.282777  0.721185  0.231992  0.310872  0.374146  0.385846  0.756801  0.364622  0.356420  0.302663  0.381371  0.431215  0.706412  0.226336  0.390131  0.359834  0.398739  0.667807  0.348679  0.334851  0.675133  0.381424  0.403014  0.301713 
1  0.694878 0.0  0.264786  0.963457  0.851622  0.733143  0.724899  0.788020  0.789842  0.761151  0.848026  0.826831  0.851333  0.716273  0.916824  0.814386  0.604416  0.583272  0.752149  0.700913  0.840240  0.466213  0.764186  0.420920  0.743925  0.743709  1.000000  0.898468  0.808867  0.772102  0.810513  0.875820  0.764864  0.825260  0.560487  0.724842  0.784771  0.693516  0.832177  0.314018  0.639110  0.818459  0.901872  0.797109  0.643422  0.771108  0.779075  0.868594  0.743903  0.714924  0.794378  0.697955  0.896145  0.864350  0.843963  0.741533  0.669083  0.774693  0.535198  0.845746  0.788183  0.779249  0.790531  0.739622  0.904525  0.736426  0.882424  0.422767  0.702596  0.586104  0.847716  0.857865  0.710699  0.859754  0.822501  0.790102  0.846300  0.826670  0.623419  0.533546  0.753294  0.919533  0.726773  0.693677  0.761892  0.760323  0.656493  0.839999  0.620072  0.852222  0.771168  0.750454  0.904966  0.475284  0.785464  0.779458  0.882555  0.366630  0.736204  0.832807  0.726484  0.657175  0.963593  0.817819  0.607429  0.755724  0.899235  0.702817  0.695523  0.782165  0.675138  0.705599  0.871540  0.771372  0.698141  0.806668  0.490372  0.648247  0.764008  0.502894  0.737308  0.937445  0.712101  0.460352  0.881320  0.765773  0.766542  0.835003  0.614196  0.759959  0.653013  0.734968  0.657838  0.629716  0.736277  0.540490  0.813603  0.656039  0.848974  0.634865  0.767657  0.862896  0.718499  0.690711  0.863063  0.714266 
2  0.742474  0.264786 0.0  0.806201  0.794021  0.694656  0.628169  0.861458  0.768442  0.811909  0.799723  0.767170  0.819133  0.729219  0.731848  0.659133  0.654780  0.590786  0.922082  0.618741  0.809060  0.568976  0.731832  0.390870  0.774894  0.704900  0.938795  0.949797  0.762799  0.690157  0.639510  0.798133  0.761762  0.813718  0.510308  0.861170  0.813385  0.642811  0.777396  0.303201  0.650126  0.792497  0.776224  0.910527  0.645304  0.830923  0.715868  0.737505  0.768959  0.800179  0.790164  0.943714  0.786153  0.878266  0.701245  0.829205  0.720421  0.660064  0.538358  0.810479  0.809546  0.709508  0.817263  0.666808  0.831399  0.797793  0.704880  0.463110  0.737808  0.718380  0.544411  0.673727  0.829739  0.714853  0.682996  0.769632  0.832596  0.754596  0.642528  0.478254  0.874929  0.800904  0.653463  0.717860  0.708235  0.691796  0.598173  0.796850  0.631391  0.780176  0.768235  0.701084  0.816863  0.539864  0.810844  0.764221  0.626208  0.331433  0.826109  0.817969  0.777772  0.850853  0.904099  0.740178  0.767752  0.765593  0.821384  0.705457  0.786030  0.616941  0.608965  0.827763  0.974315  0.832731  0.763872  0.767902  0.483958  0.843112  0.769037  0.387462  0.805408  0.790351  0.773966  0.409115  0.729507  0.661627  0.778376  0.637135  0.736243  0.657079  0.845540  0.672850  0.709816  0.555419  0.776717  0.714206  0.719531  0.778550  0.787988  0.646353  0.784355  0.699939  0.698198  0.680226  0.824484  0.746916 
3  0.229124  0.963457  0.806201 0.0  0.304509  0.551358  0.194494  0.337404  0.361412  0.335909  0.226171  0.358043  0.342121  0.734697  0.356117  0.253206  0.776366  0.564364  0.234712  0.502651  0.277901  0.719889  0.397927  0.536332  0.674523  0.675879  0.306183  0.331228  0.402101  0.330019  0.400889  0.307364  0.291507  0.459482  0.775308  0.272797  0.349814  0.672000  0.313383  0.640965  0.756527  0.303411  0.204636  0.181347  0.668218  0.271649  0.299806  0.204037  0.317063  0.437242  0.242131  0.366696  0.184040  0.389332  0.562895  0.379976  0.415148  0.345489  0.575381  0.362744  0.224016  0.356421  0.322213  0.753543  0.461156  0.168998  0.198403  0.771587  0.765228  0.358352  0.229439  0.312811  0.328817  0.372514  0.469510  0.231313  0.357394  0.340611  0.221370  0.809413  0.383455  0.322805  0.743051  0.335462  0.309724  0.285211  0.323562  0.384566  0.728984  0.398323  0.439841  0.417175  0.516139  0.493511  0.188867  0.596882  0.349011  0.698941  0.336721  0.370982  0.312738  0.368794  0.475639  0.400436  0.297721  0.388198  0.368283  0.681533  0.163558  0.318645  0.348425  0.284664  0.333397  0.264550  0.392602  0.288837  0.539814  0.335693  0.347925  0.763994  0.444805  0.217421  0.333784  0.676179  0.262419  0.279815  0.273082  0.511270  0.764180  0.381173  0.381808  0.277083  0.453315  0.418683  0.891148  0.263397  0.412549  0.350020  0.364753  0.683635  0.367424  0.356455  0.630190  0.342925  0.412568  0.265209 
4  0.304009  0.851622  0.794021  0.304509 0.0  0.529396  0.328788  0.420583  0.432568  0.351634  0.316409  0.408044  0.369234  0.794901  0.466020  0.324674  0.760220  0.552682  0.343542  0.438267  0.260008  0.733546  0.334664  0.484794  0.690934  0.649970  0.388935  0.348680  0.379687  0.233868  0.360793  0.241250  0.361019  0.461955  0.777354  0.306126  0.362595  0.771759  0.252357  0.682928  0.701567  0.397495  0.227369  0.302203  0.812534  0.327617  0.315931  0.278388  0.355711  0.398522  0.297486  0.368533  0.298208  0.330080  0.485230  0.331226  0.364471  0.381128  0.548030  0.367124  0.397458  0.409627  0.392870  0.694268  0.365372  0.277461  0.324307  0.775277  0.677540  0.406901  0.280899  0.276583  0.375328  0.466393  0.458957  0.245346  0.250926  0.237879  0.270075  0.816342  0.391299  0.373501  0.728382  0.318264  0.257211  0.267073  0.397236  0.388300  0.575103  0.391498  0.428992  0.350512  0.486410  0.501485  0.260778  0.600189  0.407860  0.678999  0.338432  0.417059  0.394548  0.381594  0.498892  0.393219  0.293206  0.369160  0.390674  0.564709  0.280042  0.300417  0.336969  0.215622  0.209901  0.257869  0.412009  0.192173  0.475416  0.400871  0.324995  0.794031  0.452335  0.230501  0.213137  0.609497  0.281737  0.325506  0.319446  0.485704  0.768394  0.312421  0.317513  0.311372  0.424189  0.439965  0.781240  0.265409  0.428885  0.358401  0.340149  0.677703  0.365164  0.224547  0.700118  0.341641  0.387760  0.293970 
5  0.557837  0.733143  0.694656  0.551358  0.529396 0.0  0.516031  0.717242  0.547487  0.725361  0.547408  0.584505  0.611985  0.560345  0.570702  0.587297  0.681981  0.634487  0.523538  0.285530  0.518504  0.725146  0.672659  0.486508  0.591495  0.592696  0.622447  0.641800  0.588857  0.661335  0.644985  0.575917  0.622686  0.680673  0.800526  0.665235  0.668931  0.577180  0.530376  0.777999  0.720977  0.459228  0.402173  0.551498  0.678245  0.568470  0.691540  0.548984  0.624218  0.571633  0.636000  0.566065  0.541704  0.602103  0.456671  0.586794  0.539158  0.341975  0.524726  0.664596  0.503963  0.478257  0.620586  0.879328  0.749612  0.463748  0.560959  0.744946  0.720035  0.353042  0.694629  0.620681  0.593379  0.568474  0.678531  0.600509  0.536601  0.578466  0.516374  0.708993  0.646436  0.562237  0.730916  0.614200  0.481146  0.628381  0.413959  0.664405  0.685346  0.747818  0.637325  0.571996  0.190157  0.486930  0.444427  0.241028  0.644408  0.790060  0.593361  0.663959  0.575621  0.699879  0.738903  0.591439  0.750941  0.619941  0.522551  0.825082  0.619590  0.611417  0.636239  0.604433  0.624634  0.488907  0.596111  0.689958  0.568184  0.420278  0.539595  0.776334  0.624180  0.673945  0.497395  0.729026  0.616500  0.647668  0.573064  0.499152  0.750810  0.689008  0.601551  0.538548  0.450006  0.409237  0.623450  0.539877  0.600669  0.608520  0.578744  0.616547  0.642567  0.571697  0.660682  0.583853  0.567087  0.466933 
6  0.229245  0.724899  0.628169  0.194494  0.328788  0.516031 0.0  0.353832  0.451044  0.341124  0.246682  0.341122  0.363342  0.671068  0.401204  0.349328  0.703828  0.549954  0.326640  0.523742  0.259645  0.825450  0.339190  0.479321  0.795469  0.783468  0.339132  0.316961  0.331175  0.297637  0.338118  0.301056  0.315803  0.443561  0.872111  0.278863  0.337439  0.708537  0.311860  0.767622  0.686932  0.399984  0.274264  0.198702  0.650860  0.356232  0.314856  0.249353  0.325014  0.409808  0.271256  0.348557  0.269176  0.364132  0.480115  0.383395  0.328935  0.360577  0.557777  0.369297  0.325053  0.345081  0.355955  0.670442  0.416629  0.209732  0.216424  0.685244  0.650725  0.388470  0.253357  0.332849  0.322922  0.415724  0.407867  0.237252  0.289545  0.341479  0.287459  0.601528  0.371442  0.388485  0.615927  0.268799  0.249328  0.301582  0.500937  0.333322  0.670386  0.353865  0.373881  0.403058  0.562358  0.442665  0.253796  0.529145  0.357139  0.770940  0.344982  0.345155  0.402377  0.330584  0.498816  0.396751  0.342364  0.360382  0.404928  0.667855  0.215171  0.333498  0.311927  0.292269  0.282230  0.246436  0.399069  0.291242  0.569364  0.456492  0.347766  0.809857  0.469394  0.233096  0.304288  0.741786  0.285957  0.325206  0.303541  0.517083  0.720293  0.358698  0.390116  0.290673  0.354590  0.436042  0.692157  0.279825  0.401250  0.348441  0.351746  0.699214  0.349635  0.315489  0.663297  0.345586  0.402516  0.250219 
7  0.341292  0.788020  0.861458  0.337404  0.420583  0.717242  0.353832 0.0  0.530069  0.266767  0.365492  0.284361  0.293967  0.756343  0.456219  0.307882  0.732120  0.668266  0.245856  0.446808  0.303133  0.859567  0.211084  0.488495  0.757191  0.763784  0.140579  0.261686  0.230490  0.414621  0.318573  0.403444  0.292913  0.345606  0.739113  0.330804  0.227990  0.726696  0.401826  0.777245  0.761731  0.375948  0.373783  0.354401  0.769039  0.350740  0.324068  0.396125  0.264691  0.245730  0.337790  0.345490  0.365856  0.205407  0.544615  0.198404  0.250187  0.354859  0.553684  0.189963  0.298654  0.261472  0.197668  0.711268  0.275414  0.330306  0.371858  0.743046  0.673056  0.391991  0.334925  0.386030  0.340379  0.402314  0.331192  0.390178  0.376048  0.357801  0.305638  0.805088  0.165522  0.258125  0.734196  0.401338  0.326105  0.374101  0.396275  0.208076  0.721873  0.241583  0.321050  0.271713  0.593878  0.592255  0.336321  0.661957  0.174685  0.835311  0.246624  0.203520  0.270928  0.135033  0.417291  0.210391  0.362559  0.210901  0.208404  0.814120  0.391412  0.360164  0.376210  0.410488  0.435291  0.317112  0.311903  0.376189  0.512608  0.412911  0.327165  0.745766  0.306598  0.396611  0.377446  0.807719  0.349799  0.255211  0.360407  0.479664  0.867206  0.344375  0.204199  0.330365  0.457807  0.410989  0.864002  0.353944  0.231000  0.300675  0.293753  0.710652  0.198001  0.404660  0.590938  0.261539  0.272002  0.273093 
8  0.393230  0.789842  0.768442  0.361412  0.432568  0.547487  0.451044  0.530069 0.0  0.499915  0.419619  0.446564  0.474153  0.728908  0.176500  0.493517  0.747022  0.688089  0.377015  0.427386  0.378372  0.740846  0.455820  0.454223  0.640466  0.641427  0.494710  0.417801  0.448856  0.405601  0.435418  0.447939  0.475381  0.537991  0.819928  0.496411  0.490601  0.757852  0.456121  0.713375  0.867661  0.236968  0.394602  0.396996  0.812521  0.335331  0.627625  0.326476  0.470251  0.457605  0.404210  0.510993  0.355383  0.463854  0.472393  0.510123  0.424899  0.300373  0.630728  0.441834  0.390953  0.469464  0.430312  0.777792  0.547868  0.338278  0.379696  0.629698  0.625208  0.354142  0.358312  0.366735  0.416473  0.173294  0.632976  0.439653  0.394896  0.441087  0.338453  0.837070  0.470427  0.431649  0.760049  0.460328  0.393131  0.429596  0.457203  0.467610  0.548483  0.491294  0.566580  0.443729  0.474528  0.433056  0.380561  0.466723  0.446670  0.835050  0.559705  0.431310  0.381203  0.482000  0.564273  0.472659  0.474091  0.488802  0.490541  0.720814  0.381066  0.451315  0.469246  0.449384  0.394017  0.357998  0.486548  0.452459  0.569993  0.267608  0.535647  0.678889  0.458275  0.458596  0.405409  0.705847  0.398937  0.415021  0.463520  0.446299  0.686815  0.410319  0.531018  0.411410  0.362150  0.370951  0.781215  0.362786  0.495476  0.461742  0.541922  0.644477  0.558720  0.464357  0.676149  0.382021  0.601859  0.401359 
9  0.308206  0.761151  0.811909  0.335909  0.351634  0.725361  0.341124  0.266767  0.499915 0.0  0.386289  0.203534  0.357264  0.726563  0.477113  0.319128  0.778339  0.661019  0.287040  0.539533  0.306106  0.759993  0.227979  0.496961  0.705670  0.702526  0.261618  0.244156  0.220334  0.322311  0.213549  0.387172  0.351949  0.316825  0.818004  0.335335  0.269678  0.779112  0.304807  0.776462  0.689647  0.449355  0.368989  0.318115  0.668095  0.329268  0.336038  0.341902  0.249246  0.268704  0.352777  0.271348  0.367827  0.209467  0.530265  0.267037  0.260280  0.454983  0.529269  0.311160  0.357516  0.409101  0.249124  0.796918  0.282838  0.353518  0.375619  0.737474  0.837156  0.420309  0.339725  0.349684  0.276108  0.384717  0.347122  0.308826  0.386473  0.338978  0.276158  0.752257  0.315685  0.298172  0.685638  0.343036  0.337515  0.298777  0.495618  0.265035  0.617678  0.297636  0.290736  0.267981  0.520024  0.546139  0.340278  0.559727  0.286223  0.671931  0.259410  0.268417  0.271484  0.250311  0.403554  0.260728  0.322396  0.269288  0.247348  0.838127  0.311213  0.348699  0.311500  0.305519  0.362324  0.317849  0.317314  0.301446  0.488287  0.510991  0.342222  0.769517  0.307024  0.338165  0.354114  0.603550  0.421312  0.335840  0.284926  0.531632  0.706783  0.352021  0.273440  0.368081  0.500178  0.419970  0.766800  0.379900  0.257034  0.343278  0.282616  0.697963  0.264675  0.340291  0.747069  0.322879  0.258162  0.291893 
10  0.228888  0.848026  0.799723  0.226171  0.316409  0.547408  0.246682  0.365492  0.419619  0.386289 0.0  0.411804  0.359097  0.648229  0.364683  0.287164  0.851705  0.674327  0.332717  0.544793  0.314410  0.672393  0.361186  0.529726  0.747854  0.771288  0.371844  0.392673  0.446288  0.320564  0.379657  0.332681  0.315379  0.473520  0.693714  0.319934  0.359599  0.711569  0.315010  0.702193  0.773404  0.397436  0.243317  0.279730  0.743726  0.387972  0.299865  0.237059  0.363421  0.391917  0.268981  0.432394  0.226322  0.322283  0.606647  0.353669  0.385965  0.413076  0.467975  0.413663  0.375055  0.343908  0.392067  0.861389  0.418256  0.278449  0.277052  0.743652  0.792146  0.431811  0.278065  0.276835  0.415084  0.399577  0.523100  0.191543  0.281025  0.256421  0.256497  0.625702  0.422071  0.432831  0.703841  0.310205  0.341182  0.307805  0.415561  0.446924  0.620304  0.429736  0.401196  0.370111  0.408590  0.520198  0.231048  0.546367  0.353089  0.744047  0.375782  0.399180  0.387673  0.414282  0.522103  0.407441  0.316585  0.402699  0.412393  0.770988  0.238005  0.355252  0.320660  0.315990  0.313743  0.260313  0.428236  0.287632  0.606444  0.356221  0.296129  0.652715  0.562270  0.269593  0.290376  0.628696  0.270451  0.312458  0.313802  0.537974  0.863687  0.314710  0.394274  0.346024  0.396004  0.493507  0.765077  0.269894  0.389463  0.362739  0.401197  0.753278  0.407917  0.318500  0.732986  0.386352  0.462776  0.304319 
11  0.376918  0.826831  0.767170  0.358043  0.408044  0.584505  0.341122  0.284361  0.446564  0.203534  0.411804 0.0  0.300183  0.793510  0.424892  0.303162  0.773653  0.679487  0.303106  0.511210  0.266331  0.585627  0.247375  0.488072  0.750459  0.886707  0.277199  0.260882  0.169672  0.306624  0.162676  0.374875  0.297310  0.295288  0.726340  0.251476  0.229156  0.651560  0.369456  0.625495  0.661043  0.399624  0.398102  0.353640  0.650933  0.383984  0.288591  0.392392  0.233970  0.263076  0.362782  0.181866  0.410393  0.265465  0.515008  0.276354  0.165973  0.412182  0.545236  0.327750  0.362050  0.297587  0.217139  0.717062  0.316973  0.410519  0.326094  0.677215  0.863335  0.367284  0.382444  0.384659  0.274238  0.530246  0.336358  0.274884  0.340762  0.364279  0.191972  0.777125  0.325027  0.338562  0.700841  0.277373  0.298463  0.322391  0.402601  0.283324  0.690092  0.265171  0.272902  0.295568  0.514284  0.501788  0.355172  0.591297  0.288673  0.768968  0.246188  0.303285  0.234925  0.264880  0.352644  0.273417  0.316283  0.271473  0.331368  0.724951  0.355303  0.335680  0.273426  0.352667  0.384920  0.304453  0.322727  0.336865  0.483953  0.437660  0.313832  0.720740  0.291339  0.280875  0.329075  0.622403  0.405167  0.352082  0.247815  0.506409  0.782024  0.302541  0.251497  0.302162  0.478476  0.432184  0.640697  0.329375  0.260943  0.306121  0.320694  0.581735  0.259158  0.324823  0.703880  0.271890  0.271054  0.283251 
12  0.337411  0.851333  0.819133  0.342121  0.369234  0.611985  0.363342  0.293967  0.474153  0.357264  0.359097  0.300183 0.0  0.711215  0.391042  0.311126  0.707217  0.658560  0.258972  0.542201  0.286990  0.738477  0.301219  0.570423  0.817279  0.741477  0.259831  0.313448  0.312990  0.336802  0.307012  0.327574  0.316216  0.376958  0.673880  0.330452  0.312965  0.659948  0.395226  0.752929  0.699540  0.408042  0.334014  0.308142  0.680132  0.315192  0.316113  0.348410  0.292266  0.325426  0.328095  0.324403  0.308928  0.302726  0.533172  0.313200  0.275430  0.417899  0.622221  0.303205  0.280335  0.282609  0.326783  0.881734  0.333150  0.332446  0.326006  0.714671  0.878688  0.421639  0.303490  0.289663  0.315836  0.395279  0.348230  0.342706  0.350984  0.316328  0.319764  0.733290  0.283276  0.333767  0.754586  0.312762  0.346982  0.297602  0.399898  0.303472  0.653612  0.328268  0.324854  0.322035  0.532362  0.553708  0.328594  0.521924  0.271351  0.616443  0.350396  0.299311  0.296010  0.316659  0.346900  0.322981  0.316466  0.303322  0.297426  0.935752  0.396214  0.350298  0.332536  0.354165  0.356522  0.376533  0.362189  0.307854  0.499998  0.460402  0.315202  0.880561  0.328866  0.380066  0.339147  0.690664  0.379292  0.249638  0.316385  0.464744  0.786752  0.330487  0.351483  0.311853  0.482912  0.479204  0.742529  0.327523  0.290544  0.341914  0.374683  0.645847  0.284162  0.369937  0.563417  0.289121  0.337456  0.362117 
13  0.793768  0.716273  0.729219  0.734697  0.794901  0.560345  0.671068  0.756343  0.728908  0.726563  0.648229  0.793510  0.711215 0.0  0.784030  0.703945  0.668863  0.564377  0.709174  0.630282  0.693199  0.708793  0.749973  0.507769  0.750623  0.756460  0.712193  0.613519  0.816210  0.799884  0.826950  0.671810  0.803500  0.813004  0.672444  0.715453  0.812632  0.584856  0.676057  0.707333  0.751255  0.633533  0.758990  0.742163  0.308993  0.732806  0.824902  0.703782  0.787002  0.809329  0.653658  0.772997  0.739937  0.695222  0.664191  0.866364  0.796955  0.585149  0.507757  0.809953  0.721661  0.787073  0.865034  0.746737  0.735577  0.680276  0.676625  0.656405  0.675059  0.589410  0.666121  0.664845  0.789928  0.724982  0.878158  0.693614  0.749271  0.765647  0.773048  0.639403  0.702047  0.726903  0.651622  0.707157  0.744205  0.705948  0.538845  0.746310  0.630187  0.851799  0.713696  0.866055  0.753059  0.519648  0.697829  0.676107  0.723840  0.662493  0.742633  0.650245  0.752608  0.731849  0.774125  0.756427  0.830658  0.876225  0.699504  0.750070  0.808113  0.690236  0.722855  0.591216  0.734864  0.596063  0.737961  0.734847  0.511836  0.580760  0.667074  0.748766  0.880796  0.827050  0.602344  0.634716  0.644444  0.741848  0.756910  0.701183  0.532677  0.729262  0.728156  0.792691  0.606951  0.771953  0.810392  0.694417  0.797793  0.709926  0.687664  0.441509  0.863173  0.637620  0.592067  0.619732  0.756565  0.717307 
14  0.396252  0.916824  0.731848  0.356117  0.466020  0.570702  0.401204  0.456219  0.176500  0.477113  0.364683  0.424892  0.391042  0.784030 0.0  0.451526  0.675933  0.594050  0.385247  0.434084  0.448094  0.713976  0.492534  0.479943  0.790044  0.700770  0.398164  0.382026  0.463688  0.432458  0.404691  0.447832  0.473363  0.527124  0.771387  0.381421  0.479435  0.669211  0.453725  0.643415  0.768546  0.217185  0.382140  0.397519  0.734743  0.383617  0.446232  0.352601  0.394467  0.435576  0.373532  0.431857  0.336489  0.391690  0.533103  0.464537  0.429922  0.317794  0.559542  0.561485  0.333536  0.355200  0.463105  0.865961  0.400237  0.350090  0.349801  0.725478  0.687316  0.370050  0.412591  0.401753  0.404296  0.217970  0.523050  0.357321  0.471306  0.407332  0.359553  0.889131  0.433122  0.475632  0.667012  0.498713  0.413341  0.393638  0.414881  0.441038  0.701615  0.519440  0.551908  0.527633  0.400161  0.453176  0.279589  0.476320  0.418606  0.743689  0.432503  0.477215  0.390716  0.417522  0.628406  0.519596  0.478959  0.525285  0.480928  0.778862  0.355138  0.508777  0.427705  0.447477  0.452610  0.360110  0.436708  0.425256  0.561557  0.239848  0.450002  0.678417  0.480149  0.455937  0.427781  0.731281  0.439958  0.421856  0.408840  0.508334  0.602355  0.448172  0.443837  0.431869  0.460538  0.433078  0.792010  0.417642  0.435583  0.397667  0.381361  0.628091  0.472380  0.426959  0.650543  0.477505  0.503971  0.325818 
15  0.330811  0.814386  0.659133  0.253206  0.324674  0.587297  0.349328  0.307882  0.493517  0.319128  0.287164  0.303162  0.311126  0.703945  0.451526 0.0  0.679503  0.725408  0.351444  0.445142  0.207576  0.693573  0.330708  0.494785  0.731515  0.766249  0.369900  0.415674  0.301604  0.304801  0.329531  0.313691  0.257269  0.358854  0.724899  0.234677  0.282546  0.644805  0.300414  0.727550  0.670758  0.418058  0.299306  0.311273  0.773858  0.302398  0.187360  0.274089  0.333106  0.326154  0.275130  0.301123  0.342311  0.336896  0.529717  0.381642  0.295338  0.417856  0.542570  0.367850  0.353114  0.305098  0.357990  0.630983  0.453034  0.365663  0.329541  0.746000  0.639529  0.403577  0.296341  0.326063  0.335710  0.433473  0.485037  0.282389  0.331626  0.346222  0.249771  0.712001  0.387765  0.371967  0.539102  0.209197  0.200924  0.184552  0.401607  0.336283  0.611625  0.379267  0.418651  0.356807  0.558297  0.484987  0.310041  0.547223  0.363585  0.725772  0.321525  0.328680  0.351295  0.327033  0.515194  0.401885  0.209916  0.321715  0.417148  0.770656  0.341623  0.243678  0.188476  0.300642  0.236064  0.296835  0.363625  0.281856  0.533525  0.467224  0.219046  0.733829  0.377720  0.304146  0.283750  0.552646  0.324042  0.234855  0.207628  0.502367  0.645454  0.223314  0.350735  0.229344  0.486642  0.495310  0.767681  0.296903  0.367265  0.335260  0.337958  0.639109  0.379027  0.281532  0.669384  0.324017  0.400180  0.261501 
16  0.788917  0.604416  0.654780  0.776366  0.760220  0.681981  0.703828  0.732120  0.747022  0.778339  0.851705  0.773653  0.707217  0.668863  0.675933  0.679503 0.0  0.579728  0.657080  0.745589  0.529774  0.646242  0.754803  0.533586  0.606936  0.665078  0.726224  0.725860  0.724949  0.667344  0.684982  0.655523  0.774081  0.713703  0.625656  0.644567  0.806089  0.601012  0.660313  0.622900  0.617897  0.619652  0.735617  0.628938  0.672169  0.622185  0.647423  0.747481  0.708326  0.765159  0.596293  0.695949  0.665190  0.759522  0.718179  0.714943  0.626646  0.565001  0.454609  0.693270  0.586182  0.642161  0.815870  0.708608  0.784638  0.648014  0.602472  0.650365  0.515977  0.585254  0.690230  0.735320  0.765383  0.740474  0.637770  0.724671  0.754044  0.739718  0.698878  0.607107  0.640807  0.747630  0.743626  0.600134  0.706885  0.693890  0.593932  0.746968  0.298838  0.774021  0.737370  0.700350  0.676526  0.437475  0.686348  0.602543  0.721269  0.603101  0.662550  0.739515  0.709058  0.742080  0.723782  0.828869  0.762886  0.687901  0.792520  0.725949  0.707018  0.775924  0.681373  0.659003  0.802776  0.675721  0.611644  0.663885  0.516735  0.664368  0.688630  0.648886  0.852111  0.601066  0.745774  0.574730  0.683675  0.640176  0.657803  0.615670  0.604415  0.745009  0.649311  0.626738  0.542311  0.685080  0.534518  0.839725  0.721637  0.690578  0.751736  0.623725  0.703251  0.670237  0.656582  0.721851  0.724068  0.751390 
17  0.477413  0.583272  0.590786  0.564364  0.552682  0.634487  0.549954  0.668266  0.688089  0.661019  0.674327  0.679487  0.658560  0.564377  0.594050  0.725408  0.579728 0.0  0.579583  0.645316  0.608203  0.589386  0.575598  0.479902  0.532842  0.609095  0.624766  0.633076  0.626520  0.530194  0.589387  0.705220  0.618446  0.629388  0.610571  0.559154  0.554934  0.532633  0.639484  0.588507  0.593846  0.636208  0.611423  0.698941  0.573844  0.652258  0.657148  0.664167  0.685080  0.525798  0.633517  0.556819  0.685033  0.674985  0.644405  0.710640  0.614503  0.623654  0.415280  0.636659  0.696405  0.715623  0.607597  0.625908  0.711784  0.697577  0.659193  0.561149  0.531202  0.551076  0.584647  0.633380  0.603322  0.685369  0.608290  0.638645  0.548363  0.611157  0.600888  0.576210  0.570566  0.673069  0.607046  0.636700  0.546324  0.610577  0.606532  0.633495  0.581695  0.638715  0.660702  0.675422  0.658691  0.439348  0.568502  0.485839  0.725308  0.656036  0.686719  0.665604  0.591454  0.685710  0.698503  0.688408  0.566274  0.675876  0.604246  0.632992  0.597192  0.635998  0.661626  0.593695  0.620859  0.461696  0.561573  0.610807  0.403723  0.699016  0.672888  0.637474  0.677659  0.629139  0.599096  0.441714  0.615962  0.629764  0.579512  0.563111  0.534168  0.611082  0.587731  0.617824  0.593617  0.674090  0.677997  0.597977  0.574465  0.662645  0.661896  0.686303  0.711764  0.569080  0.590491  0.629803  0.582365  0.606519 
18  0.325007  0.752149  0.922082  0.234712  0.343542  0.523538  0.326640  0.245856  0.377015  0.287040  0.332717  0.303106  0.258972  0.709174  0.385247  0.351444  0.657080  0.579583 0.0  0.465816  0.352929  0.825910  0.309539  0.526992  0.709150  0.702946  0.275113  0.321893  0.301736  0.341055  0.330162  0.317356  0.309958  0.427664  0.957388  0.299895  0.355290  0.750621  0.386553  0.751051  0.802812  0.369992  0.298505  0.296300  0.798052  0.240052  0.308719  0.260355  0.295875  0.306723  0.304982  0.356433  0.268419  0.330791  0.553958  0.332365  0.329736  0.377444  0.510765  0.305977  0.246530  0.331216  0.307908  0.648909  0.330874  0.239767  0.314331  0.853898  0.679852  0.436748  0.270772  0.349942  0.393681  0.437772  0.396824  0.285936  0.383674  0.374003  0.330962  0.934941  0.277147  0.332161  0.685776  0.316856  0.322498  0.327099  0.424970  0.326083  0.603095  0.282901  0.345130  0.359554  0.423473  0.522621  0.260873  0.512068  0.293842  0.855981  0.270996  0.281699  0.321839  0.302054  0.458575  0.307907  0.306871  0.261780  0.295192  0.844162  0.278187  0.404768  0.311567  0.358683  0.335315  0.334618  0.375537  0.297928  0.511190  0.326301  0.337607  0.697911  0.433745  0.396796  0.379281  0.683560  0.329279  0.313233  0.310250  0.514235  0.719269  0.363374  0.265213  0.326543  0.505279  0.468740  0.841692  0.322804  0.342026  0.392183  0.309418  0.814652  0.298631  0.397436  0.701198  0.350383  0.334418  0.334442 
19  0.390497  0.700913  0.618741  0.502651  0.438267  0.285530  0.523742  0.446808  0.427386  0.539533  0.544793  0.511210  0.542201  0.630282  0.434084  0.445142  0.745589  0.645316  0.465816 0.0  0.430032  0.695465  0.526622  0.486113  0.671723  0.552924  0.473621  0.521827  0.520880  0.421840  0.435525  0.518436  0.455254  0.657263  0.684896  0.476114  0.495793  0.653497  0.466445  0.680516  0.702333  0.456615  0.497653  0.500014  0.594334  0.419240  0.511869  0.450372  0.597740  0.468706  0.450670  0.459868  0.384058  0.476449  0.391388  0.441679  0.448893  0.366250  0.526358  0.535900  0.401728  0.446266  0.530657  0.751871  0.534627  0.438286  0.405949  0.660862  0.715050  0.334695  0.416049  0.478471  0.366091  0.367687  0.601675  0.478953  0.498247  0.449019  0.467318  0.577966  0.428038  0.486394  0.578140  0.457637  0.428815  0.431727  0.371698  0.477540  0.589717  0.445920  0.561494  0.565863  0.290992  0.526713  0.441461  0.259381  0.495082  0.634222  0.435136  0.480966  0.513350  0.461735  0.600542  0.519323  0.462773  0.444955  0.431865  0.880294  0.471034  0.489851  0.518855  0.494327  0.468970  0.377876  0.486835  0.402846  0.425662  0.415041  0.426747  0.779927  0.599896  0.459830  0.497793  0.682385  0.495337  0.433676  0.516813  0.402496  0.591658  0.516622  0.441019  0.464495  0.444772  0.388154  0.619786  0.475972  0.443035  0.459282  0.456011  0.649235  0.486128  0.441616  0.761416  0.389344  0.525138  0.426795 
20  0.274596  0.840240  0.809060  0.277901  0.260008  0.518504  0.259645  0.303133  0.378372  0.306106  0.314410  0.266331  0.286990  0.693199  0.448094  0.207576  0.529774  0.608203  0.352929  0.430032 0.0  0.773492  0.267234  0.434348  0.694020  0.684206  0.330442  0.320536  0.296624  0.290569  0.343005  0.271196  0.233436  0.382591  0.723190  0.186027  0.329183  0.696185  0.252345  0.630372  0.692244  0.395898  0.266259  0.301704  0.751661  0.306082  0.185127  0.319218  0.258831  0.268390  0.237697  0.304119  0.265994  0.370387  0.508453  0.323029  0.264500  0.382498  0.539289  0.364806  0.301382  0.276723  0.270960  0.671695  0.368878  0.278752  0.276767  0.627230  0.734399  0.361267  0.280818  0.271680  0.335276  0.438997  0.402661  0.240562  0.339800  0.314085  0.213302  0.621864  0.306673  0.352671  0.709038  0.176140  0.180447  0.204759  0.351087  0.279861  0.590100  0.334141  0.351604  0.351123  0.563173  0.593348  0.244672  0.613553  0.294649  0.798961  0.299704  0.327616  0.277352  0.365235  0.441028  0.349220  0.228959  0.360363  0.318933  0.788242  0.294645  0.223285  0.182971  0.255613  0.292426  0.224514  0.281350  0.249458  0.445612  0.481366  0.231893  0.671886  0.361838  0.271635  0.309181  0.599255  0.307317  0.218380  0.167746  0.540257  0.721819  0.208882  0.300409  0.221537  0.455319  0.381775  0.702524  0.287041  0.359194  0.296212  0.389312  0.574130  0.297025  0.274943  0.659334  0.300333  0.368980  0.249079 
21  0.765446  0.466213  0.568976  0.719889  0.733546  0.725146  0.825450  0.859567  0.740846  0.759993  0.672393  0.585627  0.738477  0.708793  0.713976  0.693573  0.646242  0.589386  0.825910  0.695465  0.773492 0.0  0.807081  0.472674  0.695461  0.778530  0.769487  0.732252  0.778965  0.690399  0.738041  0.788072  0.611397  0.701291  0.235874  0.775066  0.673355  0.558176  0.760835  0.436269  0.686071  0.688288  0.808959  0.654329  0.728453  0.768036  0.692882  0.742513  0.634139  0.981888  0.628880  0.752967  0.821295  0.720078  0.705278  0.884569  0.696075  0.592221  0.447450  0.680274  0.700856  0.791044  0.853747  0.686346  0.652255  0.809978  0.727409  0.291162  0.653100  0.638626  0.760413  0.785894  0.825731  0.700743  0.870822  0.723237  0.811004  0.731754  0.805916  0.385389  0.699180  0.836717  0.747454  0.805725  0.744799  0.710098  0.710691  0.744098  0.719993  0.810756  0.751279  0.749081  0.783310  0.504424  0.762600  0.689216  0.713853  0.460036  0.799305  0.866315  0.807112  0.658046  0.921122  0.866354  0.772540  0.665982  0.793974  0.613716  0.742643  0.750121  0.667342  0.759916  0.861856  0.712623  0.669218  0.829322  0.435807  0.742041  0.772557  0.235750  0.826988  0.715203  0.739203  0.399657  0.858822  0.755976  0.727912  0.696794  0.606661  0.663484  0.790036  0.703847  0.628131  0.621866  0.818782  0.752419  0.746740  0.658441  0.902554  0.593009  0.735990  0.722588  0.577584  0.751800  0.810155  0.663357 
22  0.377305  0.764186  0.731832  0.397927  0.334664  0.672659  0.339190  0.211084  0.455820  0.227979  0.361186  0.247375  0.301219  0.749973  0.492534  0.330708  0.754803  0.575598  0.309539  0.526622  0.267234  0.807081 0.0  0.434193  0.748455  0.705813  0.256423  0.217520  0.201959  0.313428  0.209947  0.378987  0.404374  0.327648  0.694676  0.288802  0.148996  0.602570  0.415211  0.689555  0.671661  0.394433  0.410377  0.337087  0.663321  0.392984  0.301444  0.397341  0.214125  0.233277  0.366085  0.263025  0.337495  0.253524  0.533366  0.250271  0.189764  0.404207  0.488346  0.254601  0.381441  0.359921  0.209017  0.680066  0.248466  0.489168  0.346344  0.780614  0.772974  0.411655  0.393099  0.406500  0.261749  0.408194  0.324112  0.343579  0.362366  0.349514  0.247720  0.726464  0.289948  0.284875  0.881578  0.332240  0.310921  0.364857  0.379971  0.227261  0.523898  0.276311  0.260253  0.234808  0.563933  0.582997  0.366171  0.536984  0.261696  0.809702  0.276244  0.205857  0.253514  0.230824  0.306008  0.211627  0.331041  0.230532  0.268144  0.796046  0.339852  0.365767  0.309107  0.361740  0.358741  0.366965  0.267388  0.367871  0.431070  0.518683  0.369640  0.777545  0.301315  0.288887  0.346780  0.650699  0.433290  0.344623  0.287616  0.563459  0.682364  0.342301  0.218679  0.321730  0.502924  0.387611  0.758906  0.423764  0.246192  0.277722  0.287828  0.564068  0.288044  0.382239  0.660183  0.266839  0.229524  0.253650 
23  0.564453  0.420920  0.390870  0.536332  0.484794  0.486508  0.479321  0.488495  0.454223  0.496961  0.529726  0.488072  0.570423  0.507769  0.479943  0.494785  0.533586  0.479902  0.526992  0.486113  0.434348  0.472674  0.434193 0.0  0.590417  0.536286  0.542183  0.508288  0.528857  0.549229  0.474262  0.503844  0.514438  0.459532  0.427813  0.465487  0.418631  0.529724  0.488687  0.495720  0.499367  0.506676  0.488760  0.488691  0.427869  0.572087  0.441956  0.648043  0.431426  0.487150  0.476179  0.442155  0.593831  0.533539  0.584643  0.602289  0.475330  0.607336  0.582001  0.475590  0.533677  0.484796  0.451999  0.620745  0.584639  0.624280  0.621749  0.428339  0.470303  0.479977  0.511506  0.536926  0.507937  0.512080  0.510206  0.548772  0.454090  0.566322  0.386479  0.485183  0.626387  0.660601  0.528453  0.525250  0.495794  0.457418  0.582106  0.549822  0.573047  0.435413  0.508060  0.441959  0.447463  0.353019  0.503148  0.554768  0.519890  0.494629  0.468104  0.565735  0.394472  0.489848  0.527550  0.628312  0.533860  0.447155  0.599968  0.742408  0.416240  0.454330  0.402784  0.475472  0.583755  0.413123  0.404289  0.530189  0.522474  0.566240  0.562224  0.440690  0.637694  0.432196  0.471842  0.424730  0.525780  0.488018  0.402762  0.606416  0.455722  0.369192  0.523504  0.466983  0.545915  0.520411  0.540261  0.507405  0.457360  0.401380  0.495078  0.519529  0.533091  0.577247  0.469930  0.474517  0.453844  0.445402 
24  0.600958  0.743925  0.774894  0.674523  0.690934  0.591495  0.795469  0.757191  0.640466  0.705670  0.747854  0.750459  0.817279  0.750623  0.790044  0.731515  0.606936  0.532842  0.709150  0.671723  0.694020  0.695461  0.748455  0.590417 0.0  0.214499  0.795309  0.873078  0.733492  0.797750  0.746954  0.737995  0.831507  0.764577  0.786743  0.726387  0.841774  0.471970  0.727281  0.700178  0.479186  0.758688  0.672265  0.608064  0.732861  0.674724  0.623681  0.636206  0.813174  0.813497  0.665996  0.729984  0.641567  0.712428  0.730017  0.703119  0.708224  0.657766  0.527458  0.735024  0.816686  0.766811  0.638619  0.868657  0.924011  0.671054  0.630935  0.677405  0.652969  0.647807  0.716448  0.774526  0.619265  0.728723  0.827307  0.751428  0.820345  0.750167  0.701951  0.766132  0.774702  0.792854  0.691589  0.830027  0.805760  0.818911  0.686319  0.681318  0.543753  0.738484  0.953918  0.937891  0.693347  0.536477  0.671268  0.705185  0.858303  0.789028  0.750850  0.735790  0.689265  0.703930  0.771538  0.817022  0.842811  0.831994  0.815802  0.658686  0.634336  0.845189  0.753755  0.650002  0.712795  0.668793  0.748784  0.774827  0.555065  0.707258  0.692099  0.664275  0.805237  0.859420  0.749769  0.685821  0.764549  0.751601  0.768613  0.693107  0.637466  0.676554  0.752657  0.591458  0.570277  0.676253  0.617812  0.679383  0.765462  0.800948  0.837093  0.377687  0.769836  0.748026  0.648774  0.694119  0.765808  0.739246 
25  0.737728  0.743709  0.704900  0.675879  0.649970  0.592696  0.783468  0.763784  0.641427  0.702526  0.771288  0.886707  0.741477  0.756460  0.700770  0.766249  0.665078  0.609095  0.702946  0.552924  0.684206  0.778530  0.705813  0.536286  0.214499 0.0  0.784648  0.755184  0.729578  0.641443  0.737117  0.843064  0.808882  0.743672  0.680143  0.834765  0.676340  0.443108  0.691836  0.738422  0.451392  0.692622  0.720596  0.743843  0.699232  0.748334  0.732251  0.713811  0.705354  0.733523  0.674536  0.759602  0.818906  0.845927  0.625692  0.674669  0.815115  0.614744  0.476940  0.749074  0.710152  0.746060  0.669578  0.773162  0.826928  0.711912  0.733423  0.726574  0.704077  0.515602  0.731643  0.745756  0.625585  0.655361  0.958556  0.662675  0.656563  0.673674  0.680753  0.662729  0.883574  0.727606  0.786581  0.672370  0.741249  0.635486  0.566073  0.823794  0.632658  0.885094  0.820835  0.658702  0.680427  0.559701  0.857682  0.713883  0.828509  0.707672  0.846756  0.760264  0.772808  0.729595  0.825189  0.757062  0.772842  0.693671  0.698473  0.783709  0.650179  0.736163  0.751163  0.629057  0.827768  0.703523  0.654873  0.809009  0.448634  0.759224  0.632045  0.675420  0.772586  0.796381  0.754131  0.678028  0.828421  0.834182  0.678746  0.686570  0.625795  0.876332  0.805219  0.740405  0.718855  0.670718  0.603691  0.707984  0.881486  0.768895  0.748382  0.348850  0.875134  0.705641  0.725108  0.812127  0.808368  0.732758 
26  0.359669  1.000000  0.938795  0.306183  0.388935  0.622447  0.339132  0.140579  0.494710  0.261618  0.371844  0.277199  0.259831  0.712193  0.398164  0.369900  0.726224  0.624766  0.275113  0.473621  0.330442  0.769487  0.256423  0.542183  0.795309  0.784648 0.0  0.273135  0.286197  0.397828  0.288458  0.388935  0.301957  0.390447  0.852361  0.338161  0.303564  0.733119  0.373300  0.840172  0.737339  0.425503  0.378452  0.307643  0.741929  0.398061  0.383622  0.391529  0.285969  0.273967  0.416155  0.330510  0.337240  0.198956  0.486525  0.239072  0.286731  0.353877  0.519327  0.202547  0.340687  0.332397  0.231625  0.898963  0.275011  0.399544  0.407544  0.663949  0.773818  0.438820  0.396124  0.373453  0.329752  0.427203  0.342287  0.313698  0.364576  0.414034  0.274326  0.801301  0.174420  0.265455  0.827566  0.369261  0.369044  0.417144  0.378601  0.211333  0.631915  0.255152  0.302308  0.244646  0.542917  0.548467  0.358359  0.612800  0.180600  0.706943  0.323071  0.207827  0.265190  0.155640  0.380070  0.235163  0.343135  0.229887  0.216259  0.722511  0.400893  0.343808  0.388488  0.391163  0.411680  0.369576  0.347379  0.309577  0.447218  0.398058  0.313106  0.751752  0.339228  0.432696  0.381631  0.761126  0.398730  0.298576  0.384296  0.499689  0.834664  0.430449  0.190580  0.384519  0.584309  0.482850  0.691747  0.326680  0.268871  0.298670  0.286088  0.722176  0.186150  0.452745  0.722148  0.302524  0.309511  0.293807 
