146
0 0.0  0.736603  0.760705  0.240205  0.384088  0.569379  0.297233  0.366451  0.415390  0.422507  0.314256  0.483031  0.352442  0.788325  0.465119  0.331600  0.724710  0.601705  0.263963  0.452085  0.285007  0.746676  0.516778  0.467559  0.681497  0.761120  0.395254  0.385132  0.441555  0.360910  0.491392  0.327913  0.318297  0.399830  0.734954  0.390903  0.508788  0.686333  0.334255  0.704832  0.719555  0.314587  0.129279  0.224507  0.838997  0.385476  0.413328  0.236598  0.479376  0.324730  0.166242  0.381808  0.127827  0.406677  0.442678  0.438134  0.403093  0.293431  0.552267  0.355725  0.367457  0.299778  0.528065  0.680350  0.460030  0.255403  0.301655  0.708142  0.766842  0.292499  0.220707  0.361375  0.361249  0.446212  0.526116  0.181279  0.322903  0.312980  0.374488  0.794271  0.360141  0.376636  0.710055  0.372998  0.372442  0.392307  0.436300  0.373563  0.670824  0.382297  0.513711  0.405147  0.484580  0.536035  0.220572  0.538570  0.420470  0.703952  0.352644  0.400259  0.400056  0.428425  0.539773  0.405438  0.363554  0.311429  0.398785  0.737534  0.234495  0.396137  0.483568  0.280269  0.467747  0.245235  0.463660  0.263887  0.576841  0.342286  0.330191  0.787555  0.450164  0.388474  0.388673  0.762561  0.238927  0.308286  0.414699  0.514339  0.804351  0.355678  0.328439  0.292485  0.363085  0.506578  0.781775  0.260483  0.445172  0.416490  0.399388  0.742603  0.437313  0.314425  0.745348  0.429539  0.496147  0.315793 
1  0.736603 0.0  0.267113  0.794481  0.877837  0.775688  0.787698  0.775645  0.845615  0.834683  0.791105  0.712242  0.802735  0.709723  0.854758  0.828059  0.651893  0.513119  0.840136  0.709472  0.666277  0.488514  0.790480  0.439928  0.763164  0.661762  0.956656  0.681016  0.826063  0.809829  0.746808  0.842170  0.739620  0.782579  0.443456  0.730073  0.634414  0.639429  0.867858  0.331949  0.704147  0.795889  0.773645  0.783455  0.560118  0.776636  0.689205  0.969977  0.718759  0.816046  0.758913  0.761020  0.863897  0.879676  0.685973  0.779922  0.824815  0.727305  0.488538  0.755499  0.801028  0.763959  0.674852  0.772122  0.738126  0.866341  0.863109  0.376071  0.763891  0.517439  0.764285  0.787501  0.812921  0.826872  0.746605  0.835552  0.796870  0.849915  0.639039  0.488720  0.794397  0.821118  0.686860  0.770847  0.740752  0.750671  0.683032  0.769946  0.672046  0.795456  0.836739  0.782656  0.866124  0.478532  0.801226  0.789036  0.871723  0.367176  0.754079  0.797639  0.793726  0.791608  0.831893  0.794221  0.783074  0.802505  0.783622  0.735668  0.849267  0.675916  0.829364  0.765817  0.831682  0.742341  0.717248  0.826265  0.495017  0.853737  0.689768  0.467669  0.793756  0.700260  0.828482  0.458602  0.914635  0.785483  0.710636  0.772509  0.605177  0.837483  0.773327  0.726627  0.679898  0.713940  0.736539  0.819151  0.816463  0.629441  0.793924  0.534844  0.854352  0.815053  0.603072  0.756530  0.749516  0.755624 
2  0.760705  0.267113 0.0  0.751548  0.845970  0.806991  0.762933  0.750102  0.772578  0.796116  0.702419  0.739827  0.685617  0.613637  0.826191  0.720426  0.676021  0.673765  0.831726  0.666095  0.739671  0.468000  0.680457  0.446117  0.732094  0.694895  0.784306  0.823903  0.741498  0.778774  0.756080  0.769906  0.840823  0.778031  0.541110  0.737737  0.688611  0.631182  0.732518  0.294309  0.610874  0.720444  0.762027  0.785116  0.581577  0.792886  0.699628  0.774302  0.814824  0.867019  0.825956  0.765228  0.804987  0.874755  0.774898  0.712567  0.746542  0.683309  0.395616  0.760715  0.746305  0.752950  0.666449  0.735422  0.804397  0.799794  0.826395  0.484013  0.721526  0.573611  0.624850  0.777062  0.753638  0.720308  0.834912  0.889533  0.777407  0.788064  0.605471  0.455396  0.781041  0.841698  0.706782  0.756193  0.809224  0.797606  0.588329  0.823825  0.645729  0.846635  0.779451  0.672396  0.912587  0.489698  0.726491  0.793800  0.812349  0.375850  0.788941  0.707215  0.765365  0.759836  0.758392  0.702221  0.844832  0.798553  0.850826  0.645204  0.878510  0.795839  0.713199  0.800156  0.836302  0.693171  0.655389  0.800151  0.544240  0.870218  0.775014  0.433676  0.777860  0.689855  0.688642  0.428199  0.801274  0.807397  0.655243  0.727006  0.792410  0.746996  0.807744  0.708888  0.689529  0.665585  0.675727  0.756984  0.795870  0.656754  0.787565  0.566755  0.776372  0.809897  0.702199  0.796472  0.729347  0.589935 
3  0.240205  0.794481  0.751548 0.0  0.400374  0.447120  0.236083  0.356817  0.417877  0.459582  0.307194  0.382042  0.349729  0.652415  0.455013  0.321143  0.696021  0.700212  0.238334  0.442832  0.333933  0.736302  0.478436  0.511793  0.698431  0.759855  0.383799  0.314147  0.488156  0.408031  0.520951  0.290964  0.354846  0.434841  0.760536  0.365514  0.426556  0.683576  0.380181  0.688978  0.820325  0.452630  0.274934  0.145329  0.729910  0.262731  0.323054  0.247382  0.401101  0.435777  0.277022  0.442984  0.275548  0.352910  0.581547  0.500205  0.496134  0.245521  0.599582  0.482189  0.372931  0.384896  0.337303  0.831991  0.340912  0.226107  0.109930  0.730266  0.780975  0.484070  0.358356  0.312619  0.361312  0.443537  0.498331  0.287423  0.423481  0.412129  0.333692  0.674497  0.343870  0.259443  0.612671  0.283649  0.210917  0.375612  0.443631  0.470887  0.815002  0.295797  0.375494  0.514211  0.458494  0.571829  0.273590  0.562159  0.404707  0.756778  0.301802  0.482974  0.449621  0.298465  0.562088  0.402284  0.329164  0.398363  0.297185  0.789424  0.212359  0.343954  0.321148  0.277134  0.427046  0.331259  0.573679  0.313579  0.492960  0.384163  0.383685  0.807403  0.488451  0.349198  0.260166  0.744980  0.257100  0.323187  0.293622  0.520603  0.831719  0.346972  0.372413  0.253655  0.472764  0.522255  0.821722  0.295562  0.440491  0.396627  0.332911  0.658196  0.282002  0.376163  0.694883  0.411001  0.451446  0.358861 
4  0.384088  0.877837  0.845970  0.400374 0.0  0.536871  0.284636  0.529957  0.440623  0.340270  0.312519  0.337170  0.344631  0.704251  0.494281  0.355338  0.686459  0.608333  0.434467  0.434137  0.180218  0.654098  0.428702  0.504629  0.724304  0.673880  0.454632  0.281115  0.420540  0.320856  0.473413  0.292409  0.441478  0.411855  0.667246  0.370117  0.498341  0.682071  0.213436  0.724495  0.689940  0.463899  0.230812  0.321209  0.803534  0.309459  0.352444  0.378142  0.384239  0.482979  0.323085  0.376576  0.393533  0.412318  0.505987  0.509733  0.436536  0.388777  0.531393  0.429558  0.481770  0.445027  0.468900  0.718117  0.469694  0.379693  0.407413  0.634866  0.801215  0.506329  0.246242  0.260879  0.394751  0.412886  0.427031  0.301956  0.315079  0.185720  0.356419  0.727214  0.408245  0.417574  0.708689  0.280676  0.385446  0.394156  0.503600  0.403186  0.597435  0.411038  0.371887  0.455684  0.574502  0.457171  0.349957  0.543230  0.438950  0.817719  0.445246  0.501213  0.390419  0.377092  0.606186  0.417508  0.397507  0.360174  0.504536  0.733306  0.344714  0.434008  0.280084  0.267297  0.127164  0.252764  0.378090  0.278607  0.605029  0.453186  0.422144  0.639304  0.576032  0.299271  0.281519  0.649008  0.356358  0.453218  0.241286  0.413626  0.662384  0.429230  0.317662  0.302390  0.437252  0.427420  0.716580  0.344697  0.439720  0.469237  0.409640  0.650506  0.435180  0.309306  0.545206  0.371771  0.418545  0.405032 
5  0.569379  0.775688  0.806991  0.447120  0.536871 0.0  0.540667  0.611008  0.507541  0.717267  0.574357  0.672442  0.528922  0.783910  0.557382  0.606240  0.648907  0.556975  0.505697  0.326893  0.565561  0.804672  0.588970  0.540071  0.677438  0.698854  0.555964  0.512349  0.821707  0.683962  0.670283  0.671666  0.666147  0.705248  0.748597  0.625571  0.689218  0.621644  0.560440  0.789008  0.629950  0.422913  0.580368  0.570248  0.676715  0.621960  0.553777  0.475095  0.622648  0.741343  0.667163  0.667485  0.548676  0.603147  0.465805  0.647696  0.611522  0.349955  0.471890  0.664490  0.562412  0.560340  0.628860  0.843476  0.719529  0.512500  0.476147  0.786678  0.807464  0.361213  0.660302  0.522879  0.683116  0.480662  0.711925  0.640076  0.591969  0.628506  0.564457  0.908677  0.689869  0.670577  0.595957  0.607269  0.624170  0.645797  0.589919  0.612590  0.673361  0.681563  0.700934  0.616428  0.229217  0.614854  0.559225  0.256395  0.686526  0.807534  0.608456  0.625510  0.648954  0.643660  0.763933  0.676040  0.635353  0.553343  0.594121  0.781706  0.481062  0.612443  0.619613  0.562563  0.594420  0.505425  0.678097  0.643947  0.558067  0.526878  0.545342  0.782544  0.660836  0.569316  0.675406  0.748824  0.663854  0.610249  0.700629  0.497050  0.700674  0.721297  0.635089  0.716829  0.415737  0.495471  0.698939  0.556563  0.729335  0.550778  0.571892  0.597779  0.730949  0.638156  0.733291  0.627244  0.707763  0.485893 
6  0.297233  0.787698  0.762933  0.236083  0.284636  0.540667 0.0  0.358882  0.497190  0.315941  0.260729  0.437415  0.355108  0.687745  0.457770  0.317084  0.565858  0.709075  0.326006  0.424458  0.242451  0.772385  0.460604  0.485306  0.734275  0.652359  0.364051  0.344900  0.510064  0.322113  0.374623  0.330204  0.380792  0.494367  0.765742  0.325949  0.444349  0.710672  0.340475  0.704382  0.789252  0.406614  0.372670  0.266841  0.676368  0.333345  0.312303  0.298041  0.572332  0.450258  0.247928  0.474044  0.212566  0.313122  0.494892  0.382170  0.361793  0.426114  0.398065  0.405340  0.353417  0.318662  0.356670  0.689395  0.482095  0.299436  0.229645  0.663720  0.707682  0.411573  0.302472  0.277635  0.479923  0.415275  0.402719  0.279700  0.315802  0.277686  0.385871  0.643347  0.351386  0.397590  0.725891  0.334598  0.280808  0.388503  0.388211  0.340338  0.640957  0.425975  0.487697  0.342276  0.694560  0.460856  0.362135  0.621434  0.517452  0.728683  0.343689  0.436615  0.309273  0.465021  0.564378  0.400930  0.342794  0.334179  0.495411  0.761400  0.276461  0.340866  0.337839  0.338302  0.332600  0.350836  0.441944  0.302659  0.584644  0.441148  0.360066  0.726156  0.441322  0.301994  0.363069  0.678924  0.278691  0.369004  0.349802  0.559109  0.728359  0.401542  0.434176  0.310614  0.526316  0.511252  0.777151  0.307641  0.378389  0.349344  0.359098  0.633190  0.406624  0.352183  0.620971  0.470403  0.521821  0.379667 
7  0.366451  0.775645  0.750102  0.356817  0.529957  0.611008  0.358882 0.0  0.553568  0.303478  0.414132  0.260826  0.356202  0.786049  0.458842  0.466302  0.795761  0.665407  0.297856  0.440142  0.347190  0.718449  0.197092  0.517557  0.672767  0.724859  0.097840  0.262868  0.206243  0.490123  0.327178  0.420585  0.423712  0.257091  0.828318  0.229723  0.372280  0.812204  0.425604  0.757418  0.691249  0.365481  0.387767  0.423519  0.709818  0.388363  0.327677  0.377353  0.198044  0.406671  0.361379  0.383752  0.421658  0.253983  0.670136  0.127604  0.330668  0.417647  0.560569  0.316908  0.298002  0.388113  0.274898  0.725546  0.149387  0.360407  0.461176  0.799120  0.757903  0.396523  0.511099  0.426657  0.407788  0.451179  0.412793  0.314875  0.447561  0.490859  0.231054  0.758051  0.248232  0.227313  0.692898  0.451572  0.335429  0.423264  0.405872  0.190697  0.701320  0.278740  0.214873  0.283127  0.526838  0.500747  0.459333  0.612666  0.145001  0.760842  0.374416  0.088230  0.314703  0.183836  0.340880  0.187752  0.485934  0.165199  0.235698  0.638491  0.365217  0.392868  0.312602  0.348041  0.516780  0.439824  0.421903  0.466786  0.551973  0.326088  0.431255  0.787606  0.290249  0.393758  0.407057  0.699359  0.334689  0.379840  0.345173  0.507896  0.741558  0.426730  0.237350  0.467215  0.467126  0.505217  0.685635  0.335121  0.290058  0.349964  0.287001  0.677709  0.198614  0.525911  0.662728  0.373750  0.377990  0.214909 
8  0.415390  0.845615  0.772578  0.417877  0.440623  0.507541  0.497190  0.553568 0.0  0.542761  0.428021  0.428052  0.482225  0.683728  0.190932  0.560627  0.705780  0.690233  0.452596  0.450059  0.447854  0.737151  0.495503  0.554791  0.626757  0.804387  0.461071  0.498400  0.520429  0.432147  0.426455  0.569362  0.589119  0.560898  0.713479  0.613339  0.420494  0.643214  0.463704  0.711857  0.688245  0.268436  0.395242  0.460629  0.771232  0.415295  0.480729  0.520461  0.489563  0.574295  0.495410  0.472828  0.450710  0.476556  0.453555  0.483361  0.505263  0.345631  0.357381  0.550788  0.463888  0.555747  0.426231  0.758303  0.419277  0.466067  0.451859  0.711156  0.710646  0.464050  0.567321  0.456016  0.406432  0.202800  0.521372  0.413192  0.432580  0.626749  0.439562  0.672866  0.529262  0.454691  0.718452  0.523097  0.521869  0.479013  0.400909  0.533603  0.638879  0.557635  0.597884  0.596186  0.399338  0.505322  0.364744  0.518378  0.420047  0.847383  0.488548  0.529336  0.474052  0.452701  0.596873  0.513742  0.559463  0.488915  0.542278  0.720605  0.397718  0.540088  0.470886  0.543812  0.493684  0.432121  0.521056  0.486594  0.550944  0.278276  0.469027  0.678355  0.512736  0.505852  0.497715  0.671756  0.471803  0.468938  0.527944  0.504275  0.770979  0.571359  0.513830  0.455595  0.421164  0.409900  0.841317  0.511464  0.556406  0.462077  0.486357  0.566908  0.436722  0.448871  0.570324  0.413327  0.532044  0.425290 
9  0.422507  0.834683  0.796116  0.459582  0.340270  0.717267  0.315941  0.303478  0.542761 0.0  0.482997  0.298675  0.395950  0.713948  0.483826  0.399439  0.631750  0.574791  0.318924  0.467821  0.386904  0.721367  0.221812  0.574827  0.706388  0.686257  0.252532  0.277349  0.172392  0.322578  0.332317  0.513086  0.447011  0.350075  0.708698  0.429829  0.325714  0.728605  0.373931  0.745164  0.718134  0.455946  0.490704  0.417300  0.743852  0.393468  0.355338  0.450234  0.190963  0.261282  0.492940  0.390163  0.316317  0.251932  0.509778  0.258749  0.233542  0.447404  0.516933  0.312628  0.383188  0.324555  0.360147  0.749169  0.266643  0.427900  0.355422  0.568397  0.722873  0.410903  0.430433  0.422482  0.399414  0.428646  0.355502  0.366002  0.391716  0.494012  0.330899  0.813934  0.434367  0.340345  0.714482  0.387556  0.349607  0.367434  0.421810  0.307287  0.593430  0.246798  0.203450  0.290744  0.539326  0.472183  0.248022  0.542379  0.203650  0.784938  0.283794  0.338272  0.345582  0.382574  0.284966  0.342170  0.448544  0.161431  0.362057  0.778483  0.285531  0.399702  0.334748  0.278010  0.402117  0.320475  0.294852  0.411645  0.517602  0.528614  0.384708  0.616546  0.294529  0.331843  0.329854  0.713548  0.429843  0.325603  0.312263  0.578989  0.764414  0.377504  0.369664  0.383692  0.521478  0.457456  0.651388  0.397257  0.311341  0.450657  0.317466  0.706996  0.204515  0.303321  0.585602  0.342120  0.319088  0.404243 
10  0.314256  0.791105  0.702419  0.307194  0.312519  0.574357  0.260729  0.414132  0.428021  0.482997 0.0  0.330066  0.352844  0.715582  0.357158  0.314968  0.636288  0.629678  0.333456  0.405356  0.277515  0.785771  0.477075  0.472133  0.710019  0.741990  0.450580  0.429055  0.504934  0.441799  0.370188  0.377055  0.337724  0.447879  0.761465  0.351674  0.424229  0.647144  0.267923  0.742300  0.771757  0.351997  0.303075  0.310131  0.800563  0.474307  0.285119  0.185714  0.403148  0.514170  0.341244  0.529488  0.134119  0.381486  0.524158  0.566080  0.422925  0.539596  0.576797  0.476887  0.467741  0.380342  0.355943  0.689370  0.500299  0.395055  0.311661  0.785213  0.802657  0.439214  0.353464  0.344058  0.544785  0.431271  0.490416  0.215663  0.292285  0.419287  0.319332  0.768192  0.448019  0.435421  0.824790  0.296629  0.305013  0.365411  0.460360  0.440883  0.535873  0.462580  0.542958  0.417425  0.640616  0.558724  0.218673  0.642611  0.425741  0.758505  0.377731  0.393239  0.388046  0.375509  0.657803  0.444643  0.413310  0.518784  0.473628  0.639394  0.322223  0.287902  0.351505  0.375233  0.360963  0.230763  0.357699  0.276873  0.490450  0.389489  0.450376  0.702303  0.532115  0.323541  0.454935  0.646313  0.280181  0.313472  0.474137  0.649628  0.807382  0.317777  0.447716  0.360203  0.435580  0.537773  0.716363  0.399592  0.420107  0.465523  0.470402  0.687593  0.479626  0.379446  0.713518  0.406133  0.396802  0.297259 
11  0.483031  0.712242  0.739827  0.382042  0.337170  0.672442  0.437415  0.260826  0.428052  0.298675  0.330066 0.0  0.391464  0.750416  0.573751  0.290771  0.751615  0.488202  0.350261  0.447444  0.300952  0.764935  0.256128  0.462813  0.744465  0.683155  0.362476  0.312005  0.225412  0.321138  0.219558  0.471705  0.344668  0.348383  0.727419  0.251516  0.295628  0.703356  0.489669  0.718013  0.598019  0.393773  0.460196  0.358728  0.540401  0.371403  0.303840  0.489999  0.163976  0.401373  0.456064  0.240772  0.379038  0.226652  0.602311  0.230454  0.134847  0.511925  0.484124  0.388717  0.360850  0.266120  0.293321  0.734995  0.265474  0.406125  0.423988  0.678322  0.694747  0.382177  0.402400  0.400060  0.375584  0.409554  0.307347  0.453063  0.435990  0.411629  0.252247  0.771576  0.314518  0.307534  0.756362  0.462580  0.315326  0.382744  0.321700  0.343611  0.623526  0.303490  0.278828  0.312543  0.543087  0.451565  0.405168  0.684430  0.303306  0.790072  0.359152  0.238121  0.245484  0.333815  0.407173  0.318028  0.288665  0.346015  0.379892  0.648763  0.417285  0.404112  0.267622  0.440170  0.426297  0.443283  0.353690  0.358430  0.421209  0.540549  0.320714  0.778499  0.378588  0.362136  0.361133  0.653880  0.350430  0.341291  0.258890  0.549369  0.648243  0.348419  0.291106  0.281527  0.469372  0.408455  0.783087  0.327560  0.308985  0.285793  0.259147  0.626874  0.364629  0.439691  0.567522  0.204432  0.275414  0.149575 
12  0.352442  0.802735  0.685617  0.349729  0.344631  0.528922  0.355108  0.356202  0.482225  0.395950  0.352844  0.391464 0.0  0.719401  0.516940  0.220225  0.673789  0.611812  0.242872  0.498254  0.425722  0.653240  0.329025  0.461101  0.721940  0.680199  0.295496  0.288345  0.323552  0.280335  0.326873  0.338785  0.286738  0.365890  0.803247  0.348518  0.333999  0.659421  0.412694  0.810654  0.756757  0.395153  0.311357  0.315840  0.620918  0.326185  0.301485  0.548103  0.260275  0.298422  0.320606  0.270729  0.266785  0.261054  0.534346  0.384721  0.250072  0.338823  0.519160  0.317655  0.311320  0.384814  0.292290  0.803899  0.277165  0.379706  0.301894  0.651456  0.686185  0.449010  0.387072  0.272092  0.409201  0.563541  0.463740  0.412220  0.317783  0.401124  0.395425  0.680943  0.270439  0.368741  0.721460  0.283488  0.312186  0.224166  0.455084  0.272016  0.582250  0.258411  0.291942  0.237826  0.562178  0.536308  0.280343  0.552874  0.232924  0.710953  0.237842  0.311930  0.283331  0.338095  0.378811  0.361175  0.378827  0.333267  0.325907  0.741661  0.383452  0.294048  0.313112  0.267879  0.409281  0.361610  0.300993  0.374794  0.575734  0.489279  0.368266  0.626151  0.411649  0.372040  0.387029  0.654452  0.451224  0.313245  0.338748  0.562230  0.721482  0.371979  0.268866  0.398399  0.468686  0.492758  0.697102  0.349204  0.360199  0.319305  0.321365  0.639860  0.302570  0.388201  0.570124  0.377992  0.389610  0.245229 
13  0.788325  0.709723  0.613637  0.652415  0.704251  0.783910  0.687745  0.786049  0.683728  0.713948  0.715582  0.750416  0.719401 0.0  0.662719  0.737214  0.716213  0.549379  0.784377  0.687210  0.802299  0.722672  0.789643  0.558103  0.678798  0.756222  0.723173  0.772751  0.773842  0.655003  0.810322  0.679099  0.683736  0.798133  0.667322  0.664855  0.779000  0.687854  0.675840  0.657266  0.720307  0.672314  0.742753  0.733011  0.306015  0.764369  0.696017  0.723441  0.807601  0.820474  0.683479  0.759000  0.667197  0.819450  0.675446  0.736687  0.718151  0.675853  0.541074  0.763275  0.754289  0.675960  0.801261  0.749146  0.767910  0.655146  0.712276  0.668373  0.734671  0.614443  0.689052  0.727072  0.683676  0.659217  0.761321  0.789261  0.632465  0.614144  0.722024  0.680650  0.670510  0.730971  0.634882  0.781088  0.718690  0.721215  0.650820  0.760313  0.603276  0.706901  0.709045  0.758036  0.701389  0.545627  0.747888  0.736985  0.817910  0.676687  0.725198  0.656444  0.803531  0.760521  0.854100  0.780499  0.692346  0.729936  0.770595  0.605979  0.764396  0.793140  0.712294  0.741098  0.728039  0.692399  0.749300  0.716974  0.531088  0.633433  0.719936  0.708234  0.845661  0.723073  0.754774  0.751399  0.785198  0.627187  0.641145  0.669039  0.520431  0.733898  0.798621  0.673318  0.748453  0.735509  0.768143  0.759208  0.732376  0.705701  0.655327  0.546605  0.756940  0.773700  0.728426  0.747530  0.664488  0.699266 
14  0.465119  0.854758  0.826191  0.455013  0.494281  0.557382  0.457770  0.458842  0.190932  0.483826  0.357158  0.573751  0.516940  0.662719 0.0  0.414504  0.742528  0.641692  0.368964  0.436910  0.477828  0.714266  0.468481  0.543876  0.716168  0.668630  0.435293  0.591470  0.362866  0.510397  0.554976  0.453343  0.539598  0.644592  0.791042  0.497843  0.560638  0.651537  0.363977  0.615062  0.780263  0.297288  0.457177  0.469965  0.657538  0.389501  0.422233  0.371925  0.578313  0.581011  0.569096  0.617945  0.344267  0.492305  0.450946  0.536359  0.500308  0.369616  0.573008  0.461448  0.330990  0.429093  0.413944  0.762123  0.474299  0.444206  0.507011  0.695696  0.785932  0.413818  0.446106  0.419522  0.460434  0.149009  0.571971  0.543069  0.464897  0.496781  0.479277  0.783958  0.498189  0.436083  0.692750  0.483153  0.435570  0.438242  0.396265  0.456928  0.656344  0.547161  0.512913  0.531079  0.597867  0.550447  0.410179  0.588004  0.476663  0.777990  0.518784  0.423294  0.426397  0.427186  0.593019  0.529653  0.513568  0.573654  0.552663  0.587409  0.475912  0.501508  0.579131  0.467310  0.509403  0.523039  0.613267  0.399882  0.439857  0.299577  0.544263  0.747245  0.619842  0.475567  0.547581  0.633970  0.477638  0.420908  0.485331  0.542123  0.787653  0.491788  0.504158  0.481593  0.428266  0.405432  0.783074  0.481659  0.489154  0.501747  0.501496  0.663632  0.513032  0.535879  0.528229  0.502812  0.600070  0.515525 
15  0.331600  0.828059  0.720426  0.321143  0.355338  0.606240  0.317084  0.466302  0.560627  0.399439  0.314968  0.290771  0.220225  0.737214  0.414504 0.0  0.691082  0.669385  0.346845  0.552239  0.230272  0.719866  0.289113  0.530167  0.721552  0.738008  0.450755  0.239155  0.353044  0.316107  0.321887  0.333621  0.227872  0.435627  0.778583  0.186490  0.306218  0.720040  0.335762  0.688556  0.679461  0.415293  0.308327  0.270168  0.641950  0.449292  0.211985  0.309606  0.345691  0.380659  0.271183  0.382951  0.406383  0.223423  0.523226  0.343825  0.471442  0.410078  0.410843  0.399284  0.254936  0.421392  0.323860  0.720983  0.398225  0.333422  0.347809  0.798300  0.722067  0.367445  0.293156  0.350215  0.397038  0.452988  0.410362  0.358909  0.316833  0.326806  0.262387  0.669373  0.431908  0.337760  0.685402  0.225698  0.232629  0.274034  0.364782  0.378885  0.641154  0.377168  0.394753  0.375194  0.525316  0.528620  0.266250  0.648710  0.349256  0.749617  0.403323  0.441949  0.331634  0.337723  0.490692  0.380947  0.172885  0.386762  0.333210  0.685648  0.330356  0.163919  0.211850  0.270489  0.368139  0.380712  0.481313  0.360013  0.516473  0.459609  0.215922  0.755192  0.359925  0.365672  0.307187  0.620685  0.365421  0.366655  0.162761  0.517469  0.750630  0.317262  0.351200  0.188260  0.520683  0.481934  0.697838  0.321525  0.358752  0.389616  0.338885  0.620675  0.412828  0.319992  0.612291  0.399932  0.431906  0.325170 
16  0.724710  0.651893  0.676021  0.696021  0.686459  0.648907  0.565858  0.795761  0.705780  0.631750  0.636288  0.751615  0.673789  0.716213  0.742528  0.691082 0.0  0.575054  0.673428  0.533051  0.553658  0.647309  0.710572  0.493104  0.726278  0.535115  0.639918  0.738822  0.581203  0.721520  0.664364  0.674722  0.654168  0.747697  0.630591  0.609078  0.704394  0.604971  0.689430  0.619200  0.537979  0.762282  0.622750  0.778856  0.691737  0.679860  0.650488  0.720627  0.704422  0.735161  0.675386  0.698180  0.676847  0.692547  0.599281  0.736204  0.584264  0.649012  0.405490  0.807283  0.678946  0.685412  0.588183  0.709532  0.679210  0.732721  0.727807  0.609706  0.691157  0.604840  0.710822  0.760506  0.758739  0.733991  0.826674  0.746435  0.771808  0.735993  0.640600  0.679836  0.631793  0.707926  0.674091  0.551212  0.589254  0.732715  0.446651  0.612737  0.272297  0.728744  0.749625  0.755669  0.696458  0.472871  0.715201  0.696202  0.762057  0.722262  0.736618  0.668287  0.722631  0.664142  0.858690  0.643066  0.801348  0.748820  0.629209  0.683945  0.680342  0.647601  0.681223  0.707031  0.756284  0.734120  0.625394  0.673396  0.461983  0.725040  0.608085  0.657513  0.751347  0.633586  0.652819  0.602399  0.656835  0.657415  0.676093  0.646063  0.594044  0.598269  0.750702  0.593984  0.567860  0.715944  0.644789  0.662735  0.763050  0.594276  0.714753  0.541785  0.794751  0.702116  0.677030  0.741096  0.659385  0.693502 
17  0.601705  0.513119  0.673765  0.700212  0.608333  0.556975  0.709075  0.665407  0.690233  0.574791  0.629678  0.488202  0.611812  0.549379  0.641692  0.669385  0.575054 0.0  0.733179  0.546831  0.691785  0.624442  0.569126  0.416955  0.539372  0.627047  0.603362  0.598694  0.646175  0.496600  0.584253  0.668694  0.646714  0.675136  0.591402  0.620876  0.626607  0.486908  0.571106  0.569977  0.576231  0.577575  0.665766  0.522088  0.624606  0.560088  0.585792  0.573236  0.577470  0.692908  0.599869  0.656748  0.604876  0.617901  0.615869  0.670113  0.603225  0.649272  0.444387  0.578597  0.574372  0.652579  0.706313  0.566475  0.649551  0.721891  0.669893  0.580632  0.543806  0.606714  0.557249  0.605688  0.618868  0.616708  0.555909  0.533225  0.682337  0.651102  0.627932  0.576752  0.624254  0.619916  0.534927  0.595992  0.678927  0.538994  0.565704  0.652722  0.554259  0.584054  0.587124  0.598282  0.580574  0.547487  0.717863  0.588682  0.642371  0.550269  0.731894  0.609681  0.619407  0.685419  0.731747  0.530335  0.610619  0.664653  0.506102  0.641445  0.576322  0.529058  0.535203  0.582196  0.586990  0.513522  0.600617  0.645230  0.395810  0.613260  0.710155  0.470204  0.627288  0.548680  0.552413  0.506948  0.751491  0.513804  0.495103  0.606777  0.504176  0.532967  0.642650  0.493841  0.609666  0.605757  0.579102  0.701242  0.641567  0.631898  0.647162  0.677297  0.721135  0.556195  0.648184  0.597168  0.577532  0.575988 
18  0.263963  0.840136  0.831726  0.238334  0.434467  0.505697  0.326006  0.297856  0.452596  0.318924  0.333456  0.350261  0.242872  0.784377  0.368964  0.346845  0.673428  0.733179 0.0  0.506710  0.326378  0.658569  0.361559  0.526301  0.649133  0.687619  0.303254  0.275233  0.423651  0.468844  0.283783  0.444966  0.367940  0.352453  0.755237  0.343902  0.522992  0.672563  0.446781  0.676678  0.677318  0.400964  0.329294  0.320122  0.746077  0.384320  0.280571  0.349918  0.216106  0.296658  0.334713  0.301826  0.172989  0.286104  0.500644  0.325694  0.311823  0.400440  0.582112  0.315749  0.310724  0.319468  0.332383  0.798463  0.320123  0.303434  0.283156  0.738503  0.767159  0.322017  0.301749  0.417406  0.460494  0.468456  0.518889  0.357648  0.277989  0.455027  0.303216  0.796819  0.286829  0.434412  0.687721  0.348527  0.321791  0.474163  0.417391  0.342844  0.684955  0.418551  0.379705  0.359100  0.566805  0.625527  0.351620  0.462326  0.292790  0.807859  0.355453  0.347182  0.374245  0.374845  0.434663  0.237016  0.366403  0.383703  0.346573  0.789839  0.325072  0.414811  0.343465  0.380145  0.414181  0.418062  0.373260  0.308012  0.561863  0.347866  0.289075  0.785524  0.423520  0.379178  0.325684  0.689940  0.353549  0.322779  0.315497  0.604711  0.841918  0.386545  0.326254  0.402261  0.486756  0.432334  0.790477  0.308798  0.323067  0.407934  0.339257  0.644734  0.348790  0.490693  0.694178  0.461848  0.358778  0.326667 
19  0.452085  0.709472  0.666095  0.442832  0.434137  0.326893  0.424458  0.440142  0.450059  0.467821  0.405356  0.447444  0.498254  0.687210  0.436910  0.552239  0.533051  0.546831  0.506710 0.0  0.353295  0.684333  0.535884  0.538559  0.705814  0.643799  0.449120  0.414458  0.485849  0.489572  0.514012  0.493661  0.622627  0.486918  0.592290  0.432349  0.571473  0.712916  0.423661  0.724893  0.660135  0.402393  0.467997  0.493140  0.625830  0.464300  0.594345  0.411034  0.506836  0.473019  0.404972  0.493712  0.384663  0.503859  0.446708  0.393252  0.504687  0.455622  0.503928  0.577164  0.426664  0.514151  0.538315  0.679349  0.482901  0.475074  0.446862  0.679380  0.669542  0.394424  0.542730  0.512848  0.460920  0.376166  0.644428  0.490798  0.491690  0.574575  0.572855  0.707670  0.447934  0.444566  0.563062  0.537326  0.449360  0.433606  0.453451  0.451033  0.546896  0.538898  0.556224  0.667741  0.265291  0.514249  0.494254  0.322930  0.501830  0.649478  0.444226  0.484610  0.445137  0.519468  0.651094  0.484058  0.496638  0.430728  0.432081  0.735072  0.523411  0.480071  0.509935  0.474335  0.468848  0.460844  0.516407  0.536617  0.454010  0.451391  0.502282  0.577157  0.544699  0.476082  0.388641  0.641300  0.413464  0.482788  0.496939  0.542002  0.674581  0.497264  0.529966  0.533693  0.493291  0.407202  0.573281  0.520964  0.653770  0.455443  0.513247  0.572319  0.491726  0.491872  0.632270  0.591493  0.513916  0.401960 
20  0.285007  0.666277  0.739671  0.333933  0.180218  0.565561  0.242451  0.347190  0.447854  0.386904  0.277515  0.300952  0.425722  0.802299  0.477828  0.230272  0.553658  0.691785  0.326378  0.353295 0.0  0.701922  0.370370  0.461156  0.680882  0.662613  0.364816  0.259733  0.327552  0.302535  0.250562  0.362319  0.189143  0.372989  0.694169  0.227481  0.339415  0.635358  0.290256  0.725924  0.638734  0.525562  0.413806  0.273950  0.662638  0.410972  0.285040  0.420381  0.331334  0.469153  0.290667  0.309276  0.356599  0.381140  0.556511  0.375513  0.441685  0.482295  0.447334  0.320304  0.332231  0.319553  0.269129  0.729814  0.331968  0.275069  0.384854  0.613733  0.588237  0.354728  0.252267  0.270506  0.346557  0.425351  0.360187  0.253006  0.375645  0.409764  0.311063  0.662425  0.415446  0.449217  0.565424  0.285168  0.129888  0.256629  0.424522  0.287904  0.727333  0.424441  0.414875  0.300313  0.576940  0.550576  0.304272  0.580160  0.350231  0.759186  0.312849  0.347497  0.261059  0.326006  0.425946  0.352996  0.360284  0.447517  0.322063  0.720504  0.280450  0.274994  0.175632  0.322015  0.377965  0.295818  0.382983  0.377412  0.472093  0.496362  0.250706  0.810169  0.393293  0.315299  0.297289  0.633218  0.283175  0.250618  0.227112  0.486727  0.762612  0.237477  0.263218  0.256216  0.478332  0.425518  0.634975  0.258339  0.323057  0.316098  0.352728  0.574508  0.322601  0.325799  0.595262  0.410709  0.399667  0.289903 
21  0.746676  0.488514  0.468000  0.736302  0.654098  0.804672  0.772385  0.718449  0.737151  0.721367  0.785771  0.764935  0.653240  0.722672  0.714266  0.719866  0.647309  0.624442  0.658569  0.684333  0.701922 0.0  0.692200  0.540263  0.685913  0.674886  0.764737  0.548757  0.682199  0.724559  0.657021  0.716686  0.723808  0.777737  0.313897  0.744471  0.812342  0.653295  0.718950  0.407853  0.634472  0.651541  0.776258  0.757106  0.667219  0.724773  0.739334  0.755293  0.783361  0.715613  0.766991  0.764640  0.730754  0.733671  0.608026  0.666700  0.707394  0.553986  0.496278  0.654657  0.784026  0.698357  0.695844  0.580114  0.747622  0.674266  0.712393  0.300073  0.654464  0.645461  0.770693  0.771666  0.656843  0.707211  0.957481  0.785771  0.708070  0.735972  0.670106  0.384098  0.766360  0.732226  0.593776  0.746088  0.732609  0.764716  0.580412  0.779485  0.631798  0.728414  0.761617  0.688715  0.680704  0.430914  0.693329  0.674924  0.631936  0.505113  0.750209  0.784230  0.780908  0.644792  0.862815  0.838634  0.790190  0.794242  0.773550  0.678014  0.745427  0.807055  0.775515  0.776870  0.735795  0.709242  0.781551  0.606619  0.465794  0.663108  0.750791  0.237428  0.840781  0.726448  0.753876  0.480441  0.711182  0.747314  0.779155  0.692925  0.677281  0.632514  0.749001  0.735376  0.651207  0.597791  0.676596  0.654912  0.768141  0.734292  0.752601  0.621927  0.714926  0.711353  0.538945  0.747116  0.809372  0.649821 
22  0.516778  0.790480  0.680457  0.478436  0.428702  0.588970  0.460604  0.197092  0.495503  0.221812  0.477075  0.256128  0.329025  0.789643  0.468481  0.289113  0.710572  0.569126  0.361559  0.535884  0.370370  0.692200 0.0  0.440887  0.627305  0.769995  0.276018  0.177324  0.233225  0.316797  0.310290  0.401161  0.352869  0.258089  0.841207  0.356917  0.192159  0.600107  0.463684  0.700235  0.669264  0.432874  0.435321  0.473154  0.778091  0.424016  0.359994  0.354286  0.250157  0.264483  0.380882  0.285266  0.415835  0.236279  0.442088  0.287168  0.305654  0.502994  0.459991  0.307139  0.316012  0.331046  0.172772  0.655335  0.200684  0.464209  0.509510  0.685677  0.798196  0.389294  0.475429  0.487899  0.227594  0.520994  0.387957  0.421674  0.482951  0.394967  0.331131  0.613048  0.316743  0.365692  0.711155  0.301587  0.388909  0.438091  0.401260  0.342985  0.619800  0.328755  0.184180  0.329480  0.636651  0.495061  0.463187  0.549367  0.114616  0.756908  0.369716  0.271436  0.224353  0.252821  0.481883  0.257027  0.375202  0.255207  0.308997  0.705588  0.396937  0.493623  0.326151  0.448734  0.467954  0.391547  0.309278  0.376347  0.458799  0.515055  0.491756  0.768345  0.278574  0.367081  0.376262  0.653545  0.409356  0.329839  0.237223  0.504901  0.541735  0.423659  0.246449  0.384566  0.527441  0.436087  0.702574  0.408820  0.251939  0.322354  0.222772  0.586802  0.274133  0.521365  0.599470  0.312418  0.301181  0.240316 
23  0.467559  0.439928  0.446117  0.511793  0.504629  0.540071  0.485306  0.517557  0.554791  0.574827  0.472133  0.462813  0.461101  0.558103  0.543876  0.530167  0.493104  0.416955  0.526301  0.538559  0.461156  0.540263  0.440887 0.0  0.482066  0.439739  0.493125  0.565421  0.473834  0.456937  0.421681  0.701826  0.461682  0.436735  0.488982  0.433424  0.490943  0.467411  0.604578  0.509194  0.599838  0.550445  0.505582  0.570578  0.496521  0.520535  0.428029  0.446140  0.441564  0.474616  0.420060  0.395246  0.489075  0.520850  0.568435  0.521196  0.422308  0.531128  0.526472  0.442997  0.492683  0.424501  0.447350  0.563075  0.555365  0.568067  0.463465  0.426439  0.499222  0.564506  0.485732  0.561624  0.444104  0.530636  0.527570  0.457118  0.631039  0.457636  0.479224  0.343320  0.501541  0.508933  0.542641  0.461109  0.454789  0.433124  0.636814  0.477819  0.551994  0.449990  0.423439  0.624534  0.605527  0.488730  0.535186  0.570720  0.497219  0.360764  0.506057  0.519826  0.414537  0.549987  0.506616  0.486353  0.416984  0.510720  0.582025  0.655157  0.514282  0.467561  0.496901  0.502608  0.537218  0.479369  0.460800  0.487614  0.531569  0.555974  0.526739  0.479539  0.511034  0.417214  0.515369  0.440992  0.493455  0.445778  0.368774  0.465371  0.488917  0.392067  0.541215  0.506674  0.556430  0.466006  0.524527  0.539266  0.451346  0.462695  0.487373  0.470428  0.502010  0.466773  0.456165  0.420460  0.550086  0.329403 
24  0.681497  0.763164  0.732094  0.698431  0.724304  0.677438  0.734275  0.672767  0.626757  0.706388  0.710019  0.744465  0.721940  0.678798  0.716168  0.721552  0.726278  0.539372  0.649133  0.705814  0.680882  0.685913  0.627305  0.482066 0.0  0.149737  0.739993  0.828569  0.714710  0.699975  0.648835  0.679193  0.708603  0.794860  0.686629  0.708278  0.760239  0.433109  0.674572  0.598738  0.503566  0.657480  0.690433  0.655379  0.771012  0.601592  0.700518  0.703814  0.682224  0.756115  0.688753  0.771496  0.716467  0.744738  0.658210  0.755339  0.717477  0.525516  0.467879  0.758870  0.616142  0.744920  0.748032  0.695832  0.682806  0.687714  0.583191  0.774462  0.712381  0.532494  0.688576  0.802629  0.691443  0.561309  0.738295  0.699477  0.771899  0.690504  0.716135  0.655891  0.667831  0.823931  0.708695  0.763801  0.835652  0.679073  0.704211  0.723468  0.517955  0.780807  0.759701  0.873374  0.716641  0.486521  0.613260  0.642638  0.715356  0.642927  0.701347  0.698839  0.665347  0.686722  0.772226  0.688141  0.744093  0.779435  0.866105  0.778565  0.662601  0.718487  0.749611  0.617937  0.697559  0.762119  0.660696  0.734149  0.448506  0.658693  0.742289  0.716096  0.822504  0.720116  0.611235  0.623186  0.655835  0.732118  0.673931  0.658449  0.652831  0.809315  0.740922  0.742367  0.606749  0.594040  0.764323  0.784282  1.000000  0.695254  0.834613  0.403266  0.828234  0.770756  0.639610  0.762989  0.886584  0.788278 
25  0.761120  0.661762  0.694895  0.759855  0.673880  0.698854  0.652359  0.724859  0.804387  0.686257  0.741990  0.683155  0.680199  0.756222  0.668630  0.738008  0.535115  0.627047  0.687619  0.643799  0.662613  0.674886  0.769995  0.439739  0.149737 0.0  0.730389  0.703870  0.717747  0.687641  0.737755  0.760054  0.744000  0.715544  0.707100  0.683936  0.788869  0.452872  0.669727  0.614701  0.451383  0.799848  0.761128  0.723389  0.666462  0.722139  0.703700  0.762179  0.708568  0.671056  0.705610  0.717965  0.798274  0.735335  0.730144  0.744459  0.627677  0.625594  0.439732  0.781550  0.662199  0.794020  0.575117  0.681295  0.775657  0.792404  0.769086  0.667121  0.582879  0.641985  0.653698  0.730398  0.758854  0.835084  0.743195  0.682020  0.658202  0.691190  0.753404  0.699516  0.689571  0.796520  0.713863  0.699433  0.688190  0.726975  0.602595  0.746794  0.591453  0.804755  0.790980  0.742378  0.759719  0.593325  0.815774  0.785311  0.758019  0.658348  0.741918  0.790180  0.660128  0.818780  0.677260  0.750191  0.753795  0.744973  0.688541  0.597412  0.698784  0.819610  0.688051  0.771227  0.813415  0.770751  0.736183  0.667049  0.526617  0.668100  0.753822  0.598579  0.757528  0.730431  0.645108  0.637200  0.763129  0.803059  0.754270  0.780626  0.658120  0.719001  0.683272  0.733484  0.644167  0.704082  0.623320  0.707776  0.793749  0.697720  0.706588  0.366756  0.655050  0.758047  0.594309  0.721658  0.701273  0.578102 
26  0.395254  0.956656  0.784306  0.383799  0.454632  0.555964  0.364051  0.097840  0.461071  0.252532  0.450580  0.362476  0.295496  0.723173  0.435293  0.450755  0.639918  0.603362  0.303254  0.449120  0.364816  0.764737  0.276018  0.493125  0.739993  0.730389 0.0  0.258341  0.285670  0.395410  0.373065  0.427129  0.371566  0.376155  0.797018  0.487896  0.321961  0.675226  0.387851  0.672731  0.785139  0.447004  0.416029  0.312727  0.816798  0.363502  0.317749  0.395061  0.291329  0.196412  0.481381  0.325917  0.320297  0.197797  0.628839  0.295949  0.349073  0.338862  0.496409  0.209375  0.324174  0.328514  0.266044  0.777247  0.244723  0.370933  0.428463  0.804374  0.730145  0.481851  0.387293  0.433536  0.378478  0.444619  0.361289  0.406144  0.340960  0.438682  0.397707  0.733064  0.180742  0.179504  0.645154  0.318557  0.504365  0.338828  0.398411  0.273724  0.651675  0.226095  0.276874  0.232253  0.475668  0.519825  0.374723  0.592911  0.166646  0.740320  0.334206  0.211437  0.341678  0.229765  0.426395  0.296632  0.393922  0.155714  0.223150  0.724806  0.474846  0.388711  0.385066  0.473136  0.474488  0.366778  0.423089  0.393181  0.546175  0.501102  0.353366  0.836094  0.400159  0.370134  0.369548  0.716940  0.439426  0.240450  0.369041  0.554233  0.724432  0.407596  0.292077  0.421148  0.439503  0.566770  0.809950  0.436707  0.312999  0.353978  0.330982  0.608346  0.206061  0.360338  0.607922  0.337134  0.293862  0.379804 
