146
0 0.0  0.853428  0.741094  0.253781  0.305349  0.524330  0.208554  0.374992  0.442913  0.363042  0.233193  0.354349  0.300771  0.666139  0.399477  0.294267  0.656473  0.572121  0.304468  0.352299  0.234607  0.753815  0.466913  0.478656  0.642437  0.601173  0.329068  0.325462  0.366792  0.324244  0.389656  0.267157  0.274968  0.435615  0.798784  0.303109  0.383082  0.643400  0.297239  0.568411  0.773743  0.360083  0.207609  0.227221  0.726704  0.318056  0.275164  0.234413  0.341254  0.329400  0.241342  0.402446  0.178731  0.329028  0.463012  0.346693  0.396821  0.350007  0.510954  0.391012  0.326337  0.363544  0.329810  0.748464  0.370479  0.254288  0.300650  0.825096  0.626681  0.378132  0.228104  0.280421  0.416322  0.428332  0.461784  0.214318  0.304335  0.288247  0.320328  0.755884  0.330244  0.320603  0.688333  0.320335  0.273554  0.352661  0.377351  0.374260  0.600121  0.334587  0.397540  0.397471  0.469911  0.490689  0.228969  0.440151  0.301309  0.819506  0.391079  0.388484  0.348464  0.351948  0.544311  0.356662  0.317093  0.342078  0.389557  0.745411  0.193694  0.325668  0.311444  0.315232  0.333362  0.245008  0.389744  0.274411  0.512069  0.395818  0.304729  0.860286  0.467512  0.279985  0.269344  0.668536  0.234258  0.222997  0.295879  0.465221  0.650145  0.343261  0.336329  0.262128  0.413093  0.475022  0.626894  0.238272  0.377381  0.338439  0.330960  0.680393  0.329904  0.314137  0.638223  0.353925  0.377884  0.334114 
1  0.853428 0.0  0.290539  0.836230  0.720938  0.670113  0.748229  0.782502  0.723637  0.726834  0.733762  0.746806  0.676591  0.723393  0.842639  0.634185  0.723420  0.558599  0.801640  0.757975  0.750380  0.465401  0.715173  0.447756  0.652136  0.737795  0.757037  0.634978  0.853252  0.787183  0.706462  0.685981  0.756785  0.849024  0.495298  0.719146  0.729229  0.636132  0.637744  0.289555  0.686123  0.800787  0.876438  0.848534  0.529095  0.708363  0.707265  0.845443  0.736863  0.803860  0.737065  0.802723  0.806116  0.687721  0.667653  0.750464  0.786061  0.723994  0.496587  0.718199  0.751735  0.743490  0.705234  0.774594  0.853371  0.723317  0.738282  0.480520  0.644713  0.707509  0.909715  0.816845  0.718045  0.818466  0.697694  0.870043  0.941824  0.763580  0.641727  0.444189  0.867712  0.797558  0.721925  0.714344  0.734751  0.734191  0.553202  0.776989  0.586218  0.786737  0.742404  0.775559  0.841009  0.447050  0.776713  0.715651  0.690879  0.303061  0.668644  0.726570  0.605096  0.802668  0.744122  0.775395  0.677833  0.799836  0.749040  0.569411  0.752379  0.698528  0.732621  0.635742  0.740392  0.667279  0.663635  0.789317  0.487147  0.820954  0.767987  0.467304  0.869277  0.850801  0.719692  0.349866  0.782047  0.815238  0.787431  0.603556  0.535385  0.686324  0.612064  0.695261  0.718486  0.601476  0.685761  0.696587  0.745982  0.672547  0.736552  0.528065  0.778835  0.698180  0.726073  0.796866  0.710883  0.622600 
2  0.741094  0.290539 0.0  0.730151  0.749267  0.745712  0.758656  0.741073  0.630881  0.725201  0.701808  0.736525  0.796870  0.643880  0.778392  0.687525  0.625156  0.618488  0.863810  0.717086  0.776100  0.490514  0.897579  0.395597  0.710693  0.665863  0.812928  0.848578  0.748290  0.562105  0.647582  0.700235  0.738213  0.832398  0.473676  0.747306  0.698380  0.590517  0.714872  0.284532  0.615817  0.769344  0.702951  0.767178  0.664682  0.581185  0.732090  0.799267  0.757022  0.816523  0.714761  0.839768  0.811365  0.826561  0.672960  0.792051  0.793291  0.657861  0.499139  0.665602  0.707479  0.774390  0.663584  0.649919  0.797596  0.768173  0.703369  0.429278  0.740862  0.558374  0.650287  0.934120  0.702324  0.747822  0.846275  0.723192  0.784318  0.669345  0.705918  0.429931  0.746484  0.775889  0.664342  0.804675  0.742169  0.684756  0.569240  0.754823  0.575658  0.694978  0.830108  0.735916  0.876391  0.475946  0.772997  0.794012  0.682689  0.353816  0.575188  0.898273  0.680877  0.719117  0.817292  0.882644  0.767694  0.799447  0.729418  0.614304  0.637993  0.718760  0.658146  0.792568  0.613318  0.690822  0.709737  0.758386  0.543471  0.742593  0.684020  0.445824  0.752641  0.672843  0.766198  0.422189  0.768865  0.757285  0.705428  0.763679  0.723119  0.747871  0.745600  0.768873  0.657120  0.571123  0.677073  0.670206  0.891793  0.676902  0.762515  0.708432  0.855220  0.818033  0.626367  0.765635  0.662028  0.603753 
3  0.253781  0.836230  0.730151 0.0  0.304142  0.517629  0.200276  0.373052  0.405057  0.368682  0.277161  0.372441  0.310149  0.749607  0.319756  0.284249  0.641010  0.601827  0.264787  0.403086  0.234838  0.661174  0.327922  0.536251  0.621474  0.674764  0.293508  0.307674  0.315042  0.278371  0.348580  0.296054  0.276952  0.392831  0.770466  0.260737  0.315268  0.581186  0.301796  0.635203  0.749979  0.288219  0.209011  0.154471  0.724012  0.233256  0.328919  0.168306  0.353132  0.418184  0.194768  0.308982  0.172120  0.274986  0.484501  0.318315  0.393486  0.287599  0.594749  0.343739  0.251095  0.308353  0.397092  0.749102  0.424421  0.141106  0.182715  0.671348  0.642039  0.422268  0.237667  0.288550  0.369652  0.444149  0.434114  0.187692  0.349445  0.298384  0.272700  0.804124  0.301628  0.295097  0.718063  0.291414  0.269203  0.276693  0.397269  0.342088  0.664487  0.325631  0.397281  0.378006  0.443504  0.571581  0.187719  0.568025  0.321591  0.681833  0.307148  0.333803  0.358826  0.354358  0.486920  0.422157  0.293475  0.342437  0.347335  0.800747  0.178940  0.345487  0.291942  0.299572  0.305496  0.231435  0.392742  0.270232  0.518946  0.344616  0.323492  0.642898  0.337774  0.197113  0.304307  0.678417  0.241130  0.248278  0.259509  0.552889  0.608761  0.301692  0.289319  0.263699  0.425898  0.430294  0.815654  0.228965  0.362258  0.365757  0.346824  0.700872  0.313607  0.321008  0.624249  0.335183  0.385135  0.255233 
4  0.305349  0.720938  0.749267  0.304142 0.0  0.609110  0.293531  0.390862  0.346440  0.333623  0.307877  0.331525  0.282455  0.768203  0.416110  0.239444  0.684718  0.598166  0.294212  0.405036  0.251637  0.665273  0.276296  0.475844  0.726068  0.760142  0.321939  0.327845  0.389179  0.212279  0.322820  0.223828  0.327316  0.400651  0.594968  0.279998  0.399895  0.661525  0.217939  0.777034  0.727055  0.361658  0.210912  0.296178  0.624105  0.339652  0.296857  0.283492  0.307254  0.330155  0.273163  0.354147  0.302106  0.386350  0.444984  0.324714  0.316508  0.431082  0.547588  0.346441  0.364549  0.345116  0.356555  0.751969  0.405653  0.233493  0.356765  0.694941  0.691717  0.399598  0.283261  0.259369  0.338490  0.376082  0.442452  0.293743  0.253371  0.230377  0.231814  0.744469  0.328610  0.319068  0.647350  0.237987  0.229001  0.317633  0.393057  0.327810  0.636719  0.297646  0.374779  0.324485  0.468097  0.434762  0.279744  0.544300  0.341589  0.679414  0.337011  0.313893  0.283937  0.362646  0.475635  0.349868  0.291365  0.342099  0.391708  0.636803  0.270825  0.272271  0.255240  0.205696  0.220950  0.236221  0.354656  0.205737  0.491341  0.428229  0.290987  0.783520  0.443267  0.264685  0.202870  0.734963  0.259659  0.353515  0.277713  0.477079  0.681397  0.313466  0.316542  0.302691  0.450637  0.371510  0.665887  0.296893  0.303435  0.371564  0.354475  0.694381  0.405131  0.222202  0.672149  0.370744  0.398461  0.294561 
5  0.524330  0.670113  0.745712  0.517629  0.609110 0.0  0.511092  0.585701  0.500327  0.629595  0.539236  0.532399  0.505540  0.616186  0.439791  0.566218  0.538390  0.537929  0.504249  0.268726  0.609823  0.686139  0.485459  0.457757  0.720369  0.733617  0.594766  0.575787  0.655430  0.551955  0.521694  0.581808  0.413094  0.667205  0.755273  0.557455  0.643838  0.625608  0.569895  0.690178  0.669625  0.385372  0.475823  0.504824  0.756553  0.475908  0.614461  0.530350  0.526613  0.695041  0.527566  0.521412  0.522403  0.495452  0.464168  0.571473  0.580769  0.327880  0.443909  0.660817  0.470565  0.458755  0.554941  0.795881  0.643495  0.449824  0.594351  0.668048  0.799675  0.318474  0.541563  0.513698  0.511930  0.459939  0.609177  0.596633  0.549770  0.581791  0.478448  0.756602  0.602883  0.566856  0.499350  0.542958  0.536120  0.542271  0.449232  0.555261  0.596582  0.634939  0.608483  0.623904  0.177302  0.491815  0.485535  0.184649  0.597056  0.581099  0.610099  0.618372  0.551776  0.621175  0.731846  0.594321  0.548739  0.602256  0.576981  0.763687  0.459664  0.597256  0.548913  0.597698  0.509810  0.439547  0.530460  0.549794  0.507059  0.458621  0.609443  0.732416  0.532716  0.563328  0.563207  0.667478  0.426185  0.488266  0.631324  0.486002  0.540021  0.573181  0.538365  0.602626  0.409123  0.399765  0.665425  0.561426  0.657612  0.609826  0.557885  0.602761  0.561132  0.544501  0.625412  0.630911  0.671263  0.435112 
6  0.208554  0.748229  0.758656  0.200276  0.293531  0.511092 0.0  0.395058  0.415785  0.321980  0.265255  0.327498  0.287268  0.695685  0.373289  0.263792  0.613157  0.568364  0.294234  0.505073  0.261319  0.705810  0.350041  0.450343  0.678224  0.598575  0.340475  0.333233  0.361549  0.288969  0.329894  0.254824  0.276373  0.432871  0.739784  0.307417  0.332641  0.608955  0.261218  0.567607  0.512804  0.319444  0.237566  0.200852  0.639772  0.334086  0.309209  0.211308  0.328092  0.359641  0.236285  0.332735  0.230214  0.295247  0.527805  0.310344  0.343283  0.393662  0.509467  0.377148  0.325204  0.331955  0.312910  0.751658  0.393545  0.211463  0.196328  0.763078  0.776709  0.377720  0.250182  0.333346  0.317352  0.389604  0.484538  0.242621  0.314821  0.288213  0.246343  0.688009  0.306016  0.297006  0.541894  0.299069  0.303172  0.226851  0.385301  0.330328  0.572657  0.323348  0.436164  0.370493  0.540858  0.572709  0.257580  0.572322  0.334955  0.748689  0.324116  0.342145  0.355482  0.388048  0.442256  0.327747  0.292222  0.337520  0.360817  0.799824  0.203767  0.308824  0.305270  0.242958  0.266260  0.245910  0.415321  0.280412  0.475563  0.403499  0.295102  0.757326  0.393328  0.208244  0.277080  0.645390  0.264267  0.319518  0.272259  0.433509  0.664315  0.323762  0.357622  0.255835  0.499881  0.396213  0.701758  0.226356  0.374559  0.361903  0.291030  0.628396  0.315517  0.295270  0.625480  0.397988  0.331911  0.291364 
7  0.374992  0.782502  0.741073  0.373052  0.390862  0.585701  0.395058 0.0  0.427372  0.258672  0.364454  0.279076  0.280584  0.799975  0.452332  0.363313  0.760644  0.603994  0.291144  0.483345  0.289256  0.699146  0.206574  0.508130  0.744626  0.778435  0.137476  0.253974  0.225989  0.429592  0.232448  0.381380  0.248349  0.299196  0.916211  0.268016  0.206678  0.615607  0.388499  0.791956  0.678812  0.415555  0.359454  0.318906  0.713952  0.390305  0.300886  0.322360  0.252418  0.261329  0.383050  0.269783  0.338517  0.180830  0.433388  0.164941  0.315286  0.383647  0.550375  0.189106  0.303687  0.297709  0.208386  0.771298  0.223538  0.360496  0.383242  0.729622  0.711474  0.332897  0.339474  0.387052  0.259609  0.462973  0.322887  0.346464  0.331297  0.375672  0.257140  0.773756  0.143263  0.245655  0.728787  0.343051  0.300063  0.367171  0.433420  0.195101  0.694472  0.233750  0.280459  0.262458  0.540983  0.592665  0.372569  0.467820  0.176062  0.800472  0.243673  0.180265  0.250343  0.148432  0.365828  0.175198  0.283452  0.215293  0.181966  0.766671  0.357358  0.370510  0.274529  0.319760  0.395351  0.341402  0.302232  0.365598  0.567204  0.441914  0.321988  0.833654  0.319139  0.313844  0.358877  0.608237  0.340529  0.205732  0.277044  0.555597  0.755331  0.353965  0.191727  0.307983  0.482582  0.420735  0.854243  0.328677  0.249121  0.275042  0.247783  0.689960  0.166978  0.382319  0.531359  0.248450  0.266972  0.217501 
8  0.442913  0.723637  0.630881  0.405057  0.346440  0.500327  0.415785  0.427372 0.0  0.371986  0.479583  0.429531  0.451442  0.763934  0.169822  0.429684  0.633100  0.501962  0.354783  0.403765  0.446124  0.780631  0.435040  0.495314  0.650402  0.773065  0.461572  0.402466  0.424438  0.411539  0.460797  0.482368  0.422222  0.456626  0.769265  0.459556  0.423136  0.707921  0.423338  0.682609  0.810352  0.221458  0.330153  0.420353  0.765244  0.318185  0.462495  0.387323  0.354578  0.480271  0.425252  0.388252  0.352241  0.418705  0.520119  0.413289  0.422369  0.388528  0.538477  0.400383  0.362873  0.455224  0.386102  0.717062  0.484012  0.371881  0.400719  0.663770  0.810387  0.411121  0.393572  0.422129  0.460906  0.183166  0.607139  0.338546  0.453881  0.359760  0.381680  0.753341  0.483964  0.468531  0.613181  0.380972  0.383704  0.475617  0.401600  0.450953  0.637051  0.409288  0.478285  0.465487  0.453035  0.469154  0.310444  0.466717  0.534591  0.712245  0.421508  0.447861  0.448845  0.430399  0.495610  0.482955  0.425934  0.412590  0.471161  0.782320  0.364021  0.419033  0.445708  0.424939  0.417870  0.365793  0.380738  0.387864  0.505993  0.243698  0.426184  0.756589  0.546589  0.345650  0.350807  0.652813  0.464612  0.466554  0.425690  0.462034  0.672647  0.435543  0.400499  0.450477  0.456441  0.392503  0.643459  0.426903  0.525550  0.410829  0.419255  0.629524  0.493092  0.499093  0.666553  0.455211  0.530770  0.407865 
9  0.363042  0.726834  0.725201  0.368682  0.333623  0.629595  0.321980  0.258672  0.371986 0.0  0.322441  0.264625  0.306446  0.670707  0.442088  0.299520  0.653955  0.446229  0.279792  0.439021  0.275282  0.772454  0.197483  0.469284  0.751112  0.677203  0.236111  0.221278  0.232622  0.329256  0.230109  0.358210  0.346024  0.311070  0.859300  0.304816  0.284739  0.741449  0.334875  0.744272  0.745569  0.442980  0.355621  0.329807  0.661137  0.310078  0.334199  0.337068  0.225073  0.262569  0.350428  0.261718  0.293756  0.210936  0.469377  0.243910  0.231566  0.444362  0.487609  0.269276  0.338152  0.366044  0.243009  0.761461  0.273420  0.354696  0.396998  0.763510  0.858159  0.373565  0.315914  0.365369  0.298737  0.435631  0.290368  0.326022  0.334190  0.298080  0.253139  0.723896  0.261786  0.248507  0.760782  0.338418  0.328719  0.292317  0.400127  0.207076  0.679502  0.237983  0.275806  0.262748  0.520897  0.458733  0.380797  0.555448  0.309348  0.826059  0.302478  0.252774  0.260124  0.256633  0.375683  0.290878  0.279719  0.239205  0.262359  0.746244  0.275605  0.347709  0.295526  0.303069  0.332231  0.294264  0.297559  0.309929  0.439269  0.447514  0.343154  0.726750  0.290939  0.309070  0.359109  0.741607  0.347411  0.318646  0.325764  0.494314  0.724123  0.366531  0.223568  0.360281  0.473611  0.389776  0.765043  0.323348  0.261744  0.292234  0.252438  0.615583  0.260166  0.337843  0.685156  0.305675  0.257790  0.331048 
10  0.233193  0.733762  0.701808  0.277161  0.307877  0.539236  0.265255  0.364454  0.479583  0.322441 0.0  0.399136  0.331416  0.686589  0.429558  0.305828  0.624593  0.515992  0.292358  0.396737  0.269366  0.690828  0.359598  0.485411  0.709803  0.630821  0.363651  0.365853  0.416917  0.287582  0.376620  0.294678  0.325937  0.482756  0.807232  0.336246  0.378875  0.602907  0.296007  0.620550  0.624560  0.290484  0.187867  0.267494  0.707816  0.301007  0.343317  0.227719  0.353462  0.375290  0.256222  0.355568  0.222746  0.367649  0.530659  0.307056  0.395365  0.414847  0.508680  0.399293  0.315866  0.339767  0.434410  0.732341  0.409589  0.260832  0.229646  0.748026  0.833777  0.422986  0.279163  0.261278  0.414095  0.362711  0.423098  0.196950  0.274297  0.298375  0.253406  0.737720  0.349795  0.364267  0.689520  0.270407  0.299773  0.284969  0.334748  0.374590  0.587711  0.414133  0.401881  0.359136  0.435431  0.485323  0.243710  0.483249  0.348617  0.733345  0.375050  0.385751  0.347541  0.395447  0.449307  0.387747  0.298913  0.334114  0.384935  0.721950  0.257089  0.316044  0.291531  0.297200  0.274087  0.237188  0.359668  0.317836  0.436037  0.310734  0.258244  0.660818  0.391356  0.255537  0.285556  0.697423  0.260779  0.317491  0.303292  0.510583  0.689558  0.302376  0.373373  0.291969  0.392700  0.524469  0.683780  0.255481  0.420783  0.424368  0.362726  0.705328  0.407549  0.274540  0.723499  0.340367  0.391562  0.248056 
11  0.354349  0.746806  0.736525  0.372441  0.331525  0.532399  0.327498  0.279076  0.429531  0.264625  0.399136 0.0  0.271094  0.836926  0.477557  0.255499  0.721471  0.532620  0.278431  0.394507  0.236555  0.756185  0.228755  0.406650  0.720473  0.660591  0.259739  0.246012  0.188794  0.303591  0.165053  0.327877  0.241375  0.282542  0.799337  0.277737  0.194349  0.673746  0.347463  0.581563  0.687175  0.459704  0.327103  0.326403  0.733607  0.376054  0.280769  0.353812  0.175294  0.239959  0.342269  0.158586  0.359918  0.256126  0.515831  0.276902  0.149345  0.442827  0.421373  0.290625  0.317736  0.326261  0.200640  0.588984  0.286389  0.356721  0.324063  0.713362  0.659500  0.370205  0.299593  0.372684  0.285455  0.422979  0.331471  0.350186  0.347741  0.299184  0.197491  0.675334  0.271375  0.300860  0.800613  0.280170  0.268263  0.285107  0.366526  0.247805  0.601928  0.282121  0.237322  0.262965  0.470775  0.461713  0.303727  0.578643  0.282966  0.730484  0.282423  0.280108  0.207414  0.277930  0.308230  0.292450  0.261387  0.259133  0.288553  0.643496  0.346876  0.281094  0.245643  0.300155  0.343915  0.319375  0.252353  0.339525  0.457526  0.483809  0.282029  0.678528  0.279332  0.313455  0.286834  0.646545  0.376681  0.271490  0.238106  0.484678  0.668471  0.315711  0.260474  0.276247  0.469933  0.387412  0.622502  0.367467  0.247627  0.266324  0.281998  0.572766  0.279829  0.330878  0.572760  0.235377  0.256308  0.256081 
12  0.300771  0.676591  0.796870  0.310149  0.282455  0.505540  0.287268  0.280584  0.451442  0.306446  0.331416  0.271094 0.0  0.645100  0.406489  0.322122  0.667150  0.680205  0.226094  0.532189  0.268663  0.748232  0.310674  0.501783  0.675972  0.755873  0.280265  0.303630  0.298816  0.310289  0.269547  0.291651  0.274650  0.356227  0.616858  0.294055  0.278528  0.683168  0.388170  0.721199  0.741342  0.390850  0.320230  0.274007  0.725400  0.347153  0.302464  0.308553  0.280247  0.296211  0.290557  0.282415  0.280423  0.237501  0.500941  0.313956  0.262615  0.445936  0.438698  0.344593  0.350093  0.300819  0.295149  0.756437  0.314133  0.255277  0.357046  0.600107  0.611280  0.403337  0.320138  0.347803  0.309427  0.405912  0.376097  0.309661  0.289180  0.350331  0.272780  0.583184  0.302131  0.290166  0.680355  0.322327  0.306012  0.261409  0.376356  0.299852  0.652696  0.297278  0.285099  0.297450  0.442202  0.455171  0.324246  0.505972  0.280215  0.688834  0.299360  0.287785  0.315903  0.280024  0.353506  0.292950  0.311777  0.260886  0.294360  0.748664  0.285109  0.325762  0.291474  0.330931  0.346780  0.269409  0.285013  0.330960  0.523582  0.442856  0.322464  0.746298  0.377529  0.357544  0.320528  0.590036  0.343132  0.273760  0.320384  0.515610  0.645968  0.272849  0.255436  0.320371  0.443260  0.419754  0.701666  0.354692  0.326729  0.310106  0.332223  0.632125  0.240132  0.340532  0.680401  0.301585  0.340626  0.256620 
13  0.666139  0.723393  0.643880  0.749607  0.768203  0.616186  0.695685  0.799975  0.763934  0.670707  0.686589  0.836926  0.645100 0.0  0.646157  0.753666  0.579836  0.557043  0.657454  0.579777  0.709498  0.619812  0.723256  0.455672  0.622961  0.815782  0.823551  0.656810  0.628373  0.707112  0.765565  0.753435  0.646726  0.766693  0.792722  0.676116  0.807023  0.725913  0.661522  0.542883  0.566611  0.651305  0.773236  0.655119  0.265238  0.685955  0.610087  0.727006  0.911182  0.688423  0.756902  0.619797  0.726100  0.739723  0.567285  0.746276  0.787317  0.458813  0.478376  0.660374  0.741495  0.695361  0.641529  0.902045  0.802757  0.677055  0.655408  0.693253  0.754886  0.562703  0.638542  0.790682  0.645591  0.740707  0.757408  0.754683  0.703926  0.704584  0.692860  0.669499  0.676257  0.779554  0.644847  0.751888  0.705902  0.785196  0.534708  0.738992  0.595135  0.776528  0.762466  0.647170  0.622420  0.431475  0.803964  0.675892  0.731183  0.711684  0.739452  0.611748  0.719473  0.730808  0.696429  0.767157  0.754604  0.763621  0.594346  0.683275  0.767907  0.621918  0.642797  0.707015  0.733107  0.860105  0.650530  0.799199  0.502940  0.616995  0.650505  0.614939  0.637166  0.691259  0.709626  0.539156  0.703065  0.676789  0.667803  0.549681  0.487724  0.638972  0.736043  0.578694  0.705654  0.727963  0.646205  0.695345  0.775927  0.774450  0.721983  0.546535  0.745114  0.661696  0.679280  0.623512  0.636555  0.582389 
14  0.399477  0.842639  0.778392  0.319756  0.416110  0.439791  0.373289  0.452332  0.169822  0.442088  0.429558  0.477557  0.406489  0.646157 0.0  0.463555  0.751835  0.588109  0.358095  0.375140  0.423849  0.657234  0.386446  0.499620  0.584202  0.694720  0.443845  0.427517  0.443884  0.411118  0.434643  0.419362  0.394918  0.547151  0.717172  0.401409  0.467473  0.677864  0.424484  0.592096  0.742687  0.207501  0.349734  0.375983  0.664275  0.378665  0.414410  0.355360  0.354942  0.471375  0.378341  0.451377  0.335261  0.476065  0.407421  0.411578  0.372794  0.312561  0.463899  0.392202  0.293126  0.347377  0.413539  0.630274  0.480311  0.343107  0.377087  0.720700  0.721000  0.339983  0.398710  0.399492  0.389721  0.207152  0.494638  0.290429  0.399649  0.408365  0.339889  0.850340  0.399957  0.413892  0.602389  0.452354  0.371652  0.373669  0.370280  0.466750  0.580932  0.454913  0.500536  0.452899  0.372806  0.447960  0.345808  0.466965  0.411495  0.745521  0.440835  0.434096  0.408172  0.459051  0.526447  0.416332  0.396072  0.430722  0.403767  0.712253  0.336547  0.400916  0.419309  0.381192  0.362536  0.372670  0.443081  0.375924  0.458545  0.223351  0.452329  0.667753  0.561393  0.414455  0.397902  0.638925  0.374100  0.438176  0.429051  0.437058  0.725907  0.478582  0.412305  0.430238  0.435949  0.483323  0.708843  0.385892  0.455351  0.398293  0.380489  0.583888  0.444842  0.443378  0.623890  0.336059  0.533631  0.306493 
15  0.294267  0.634185  0.687525  0.284249  0.239444  0.566218  0.263792  0.363313  0.429684  0.299520  0.305828  0.255499  0.322122  0.753666  0.463555 0.0  0.582601  0.618578  0.301074  0.462329  0.214358  0.844213  0.348699  0.450019  0.615277  0.742789  0.400786  0.382789  0.296836  0.284273  0.288025  0.278681  0.202883  0.433381  0.774958  0.199735  0.241735  0.765938  0.262167  0.857290  0.543966  0.381049  0.277552  0.336041  0.714471  0.317862  0.197486  0.291211  0.339186  0.336553  0.293467  0.304925  0.287598  0.323449  0.487172  0.352372  0.324725  0.449695  0.570030  0.329600  0.296704  0.310461  0.300663  0.854375  0.361717  0.291024  0.335109  0.755014  0.728619  0.409953  0.276216  0.317432  0.334474  0.390830  0.465392  0.305993  0.320536  0.323795  0.237820  0.704602  0.354590  0.377364  0.633016  0.185987  0.189500  0.183306  0.423271  0.291089  0.640869  0.323056  0.355111  0.392315  0.584522  0.450078  0.310295  0.501080  0.326362  0.901564  0.305354  0.327469  0.306433  0.305834  0.498958  0.346635  0.220020  0.382603  0.342214  0.652733  0.349391  0.199802  0.191668  0.284363  0.287380  0.258948  0.379856  0.303555  0.540087  0.388565  0.175991  0.664060  0.361634  0.256916  0.254041  0.691404  0.314479  0.243029  0.210471  0.545714  0.626643  0.204720  0.281021  0.207112  0.477779  0.417602  0.773607  0.256799  0.322845  0.317383  0.310834  0.621391  0.334660  0.272282  0.463020  0.355818  0.334425  0.250583 
16  0.656473  0.723420  0.625156  0.641010  0.684718  0.538390  0.613157  0.760644  0.633100  0.653955  0.624593  0.721471  0.667150  0.579836  0.751835  0.582601 0.0  0.595584  0.692894  0.769293  0.609195  0.668237  0.599953  0.475224  0.571921  0.618653  0.727103  0.705700  0.617458  0.659873  0.610308  0.731508  0.611442  0.675256  0.680898  0.613673  0.809784  0.571292  0.662794  0.686914  0.575185  0.690794  0.609523  0.616508  0.500902  0.666236  0.683176  0.607490  0.615711  0.606778  0.632747  0.574116  0.678005  0.601316  0.635709  0.739956  0.679176  0.520474  0.417916  0.671106  0.593905  0.624543  0.616981  0.702884  0.665114  0.681726  0.747161  0.569738  0.611538  0.559619  0.694636  0.690084  0.754080  0.716005  0.873373  0.619113  0.696908  0.575405  0.673278  0.750987  0.610554  0.638324  0.577360  0.672617  0.653046  0.654733  0.542116  0.751215  0.301630  0.679458  0.649192  0.695021  0.643465  0.490871  0.673985  0.664229  0.698101  0.643116  0.764059  0.636805  0.614665  0.650764  0.772758  0.591729  0.664742  0.772208  0.704405  0.676122  0.543930  0.716155  0.721078  0.634809  0.816153  0.630810  0.698188  0.676429  0.471098  0.618068  0.740789  0.649625  0.751686  0.512427  0.738429  0.504874  0.694052  0.509618  0.488634  0.620978  0.591666  0.651775  0.692669  0.825153  0.601011  0.616284  0.628467  0.614290  0.602551  0.578772  0.659896  0.489983  0.626259  0.673315  0.630641  0.678469  0.686811  0.613203 
17  0.572121  0.558599  0.618488  0.601827  0.598166  0.537929  0.568364  0.603994  0.501962  0.446229  0.515992  0.532620  0.680205  0.557043  0.588109  0.618578  0.595584 0.0  0.666782  0.568102  0.593445  0.638569  0.679383  0.517801  0.614486  0.551370  0.581130  0.593869  0.581020  0.498565  0.549496  0.576271  0.547901  0.638848  0.572587  0.530702  0.476054  0.588942  0.600388  0.589817  0.480672  0.629410  0.624477  0.563318  0.488536  0.517955  0.540886  0.563296  0.594527  0.591662  0.533496  0.614778  0.581457  0.625102  0.502997  0.589473  0.505148  0.524542  0.469785  0.687310  0.573070  0.568990  0.707614  0.662244  0.568926  0.660823  0.583995  0.502381  0.519019  0.472085  0.559181  0.659845  0.590582  0.517336  0.655518  0.632242  0.683139  0.594535  0.499583  0.539136  0.538035  0.683784  0.627226  0.505156  0.531215  0.652901  0.515647  0.749619  0.588062  0.653732  0.589374  0.567537  0.537549  0.465986  0.528060  0.580003  0.649716  0.571042  0.540333  0.566463  0.575364  0.562404  0.605941  0.594695  0.617415  0.706651  0.515585  0.722123  0.589461  0.591229  0.567773  0.656770  0.617758  0.603626  0.459934  0.577157  0.324809  0.595021  0.479301  0.581806  0.622944  0.524096  0.535299  0.550371  0.607301  0.599815  0.553542  0.584897  0.478617  0.504370  0.536198  0.588586  0.547321  0.463315  0.570739  0.606685  0.542638  0.555208  0.576640  0.477749  0.587003  0.622096  0.534660  0.527806  0.536940  0.581356 
18  0.304468  0.801640  0.863810  0.264787  0.294212  0.504249  0.294234  0.291144  0.354783  0.279792  0.292358  0.278431  0.226094  0.657454  0.358095  0.301074  0.692894  0.666782 0.0  0.378264  0.294800  0.700686  0.298235  0.515546  0.691635  0.805992  0.258823  0.312254  0.304177  0.348565  0.302723  0.289175  0.268800  0.310360  0.720217  0.287011  0.332197  0.571528  0.350199  0.774191  0.733070  0.333854  0.253162  0.254560  0.791484  0.279384  0.377469  0.275316  0.288834  0.310131  0.250303  0.315793  0.238669  0.266714  0.491940  0.268054  0.254670  0.381902  0.567702  0.288530  0.251884  0.326126  0.329145  0.570777  0.304737  0.240690  0.292629  0.672044  0.691058  0.359481  0.302735  0.355206  0.325006  0.377666  0.369714  0.293282  0.325023  0.326129  0.308011  0.783648  0.258527  0.291992  0.752288  0.304498  0.293775  0.302231  0.460379  0.296317  0.614672  0.337451  0.328862  0.340231  0.449212  0.510309  0.258860  0.516873  0.289215  0.640686  0.304554  0.256127  0.351221  0.292827  0.390980  0.253902  0.281345  0.242466  0.263568  0.832337  0.255373  0.323652  0.343091  0.321784  0.314098  0.362071  0.361356  0.311685  0.498201  0.337350  0.312173  0.583843  0.393571  0.379028  0.325107  0.678780  0.321915  0.271703  0.332472  0.551929  0.845434  0.354601  0.277797  0.327565  0.416662  0.470859  0.715771  0.331330  0.308793  0.319009  0.280350  0.617591  0.271151  0.397147  0.599702  0.332542  0.301214  0.294299 
19  0.352299  0.757975  0.717086  0.403086  0.405036  0.268726  0.505073  0.483345  0.403765  0.439021  0.396737  0.394507  0.532189  0.579777  0.375140  0.462329  0.769293  0.568102  0.378264 0.0  0.419208  0.554729  0.396817  0.482171  0.578496  0.641039  0.424643  0.426431  0.421010  0.419590  0.497601  0.485286  0.438322  0.529227  0.680790  0.517873  0.485600  0.671456  0.463130  0.597606  0.645457  0.369505  0.432106  0.378969  0.587843  0.453190  0.469940  0.497308  0.465204  0.510709  0.429922  0.424412  0.401970  0.416454  0.370027  0.456811  0.434270  0.328431  0.402408  0.483624  0.386201  0.445271  0.489922  0.674392  0.491988  0.403721  0.440546  0.550946  0.578842  0.369258  0.474598  0.523818  0.440432  0.475104  0.555269  0.441610  0.442229  0.488250  0.452186  0.671460  0.432555  0.476296  0.690930  0.516088  0.488089  0.489890  0.327635  0.435255  0.626435  0.429208  0.539474  0.490480  0.273815  0.423249  0.368770  0.308762  0.473715  0.682204  0.435415  0.453455  0.453206  0.431468  0.588257  0.412627  0.489268  0.440838  0.454274  0.627498  0.365737  0.504429  0.492739  0.362280  0.460818  0.424233  0.402913  0.445628  0.464332  0.392111  0.471262  0.676544  0.509623  0.529752  0.403490  0.632581  0.380541  0.468133  0.464275  0.365394  0.604583  0.431623  0.424229  0.408736  0.391860  0.408645  0.593958  0.458552  0.524745  0.401095  0.486585  0.601669  0.505307  0.416812  0.589026  0.468833  0.505979  0.455032 
20  0.234607  0.750380  0.776100  0.234838  0.251637  0.609823  0.261319  0.289256  0.446124  0.275282  0.269366  0.236555  0.268663  0.709498  0.423849  0.214358  0.609195  0.593445  0.294800  0.419208 0.0  0.737725  0.278689  0.434951  0.780573  0.593928  0.278368  0.316052  0.265605  0.210411  0.317935  0.316876  0.215615  0.351660  0.807638  0.197789  0.250480  0.631554  0.264604  0.655862  0.603798  0.452145  0.266168  0.256512  0.738041  0.310666  0.189841  0.281015  0.261307  0.283772  0.249352  0.291252  0.244965  0.292403  0.445717  0.309816  0.259420  0.363567  0.502808  0.291405  0.294636  0.275422  0.288590  0.791251  0.279344  0.272575  0.242533  0.660796  0.712007  0.295616  0.233117  0.296988  0.322366  0.357277  0.408949  0.247776  0.316918  0.312805  0.204738  0.795816  0.295593  0.290042  0.698460  0.169841  0.160338  0.188960  0.361115  0.342035  0.642557  0.305196  0.341922  0.283517  0.485089  0.464707  0.232294  0.579685  0.267027  0.680184  0.302804  0.310159  0.278747  0.317658  0.403798  0.297043  0.211086  0.391379  0.292287  0.659182  0.273460  0.217397  0.194399  0.264312  0.317657  0.225319  0.306296  0.241298  0.448694  0.396433  0.217629  0.711395  0.349646  0.213863  0.279271  0.499028  0.246669  0.203383  0.153059  0.434576  0.709982  0.180949  0.279294  0.213543  0.386470  0.412174  0.643573  0.254904  0.315013  0.275146  0.332850  0.648555  0.321227  0.282875  0.545186  0.269047  0.312327  0.207965 
21  0.753815  0.465401  0.490514  0.661174  0.665273  0.686139  0.705810  0.699146  0.780631  0.772454  0.690828  0.756185  0.748232  0.619812  0.657234  0.844213  0.668237  0.638569  0.700686  0.554729  0.737725 0.0  0.760553  0.465724  0.579810  0.609847  0.753357  0.624421  0.675340  0.614292  0.855500  0.776295  0.674787  0.820516  0.228226  0.650815  0.817772  0.611430  0.727243  0.477546  0.684677  0.637884  0.732103  0.760101  0.691653  0.663817  0.801354  0.686014  0.779790  0.713907  0.675632  0.651815  0.727453  0.755726  0.595332  0.657979  0.577041  0.598057  0.448307  0.776476  0.616301  0.647775  0.776278  0.668416  0.791373  0.634615  0.757435  0.268653  0.541620  0.545215  0.727130  0.853247  0.709564  0.734219  0.831066  0.778387  0.767399  0.793911  0.637975  0.352321  0.644237  0.574320  0.656841  0.661443  0.638665  0.684745  0.660192  0.671113  0.598267  0.695626  0.823299  0.742101  0.695642  0.393510  0.582659  0.621700  0.718381  0.419153  0.820722  0.751006  0.712366  0.696990  0.681877  0.754667  0.787697  0.708913  0.744065  0.624667  0.607265  0.801172  0.765165  0.776918  0.616740  0.644170  0.698429  0.685096  0.468443  0.774317  0.644445  0.218488  0.771433  0.746248  0.667155  0.392609  0.637231  0.679224  0.712944  0.693220  0.659669  0.597677  0.792774  0.757918  0.620116  0.754905  0.658919  0.690310  0.741136  0.659614  0.642441  0.632591  0.710690  0.699420  0.729306  0.758151  0.862596  0.736598 
22  0.466913  0.715173  0.897579  0.327922  0.276296  0.485459  0.350041  0.206574  0.435040  0.197483  0.359598  0.228755  0.310674  0.723256  0.386446  0.348699  0.599953  0.679383  0.298235  0.396817  0.278689  0.760553 0.0  0.452740  0.717734  0.668794  0.223071  0.238401  0.169791  0.324980  0.242967  0.363183  0.305641  0.313067  0.764343  0.304310  0.135140  0.640890  0.333205  0.688658  0.656515  0.384797  0.404538  0.364791  0.626669  0.311079  0.295946  0.394002  0.178959  0.260156  0.294207  0.255002  0.338344  0.238544  0.627126  0.270016  0.225473  0.389272  0.419177  0.248622  0.295775  0.281355  0.182150  0.797662  0.225804  0.403346  0.334343  0.655120  0.686630  0.370082  0.366917  0.348377  0.238810  0.424385  0.261572  0.351064  0.347109  0.352881  0.240307  0.635263  0.279628  0.252911  0.723850  0.337147  0.289709  0.295714  0.421772  0.236345  0.505906  0.236591  0.250378  0.225025  0.531232  0.536780  0.421165  0.546508  0.249507  0.835045  0.252238  0.203630  0.258290  0.249145  0.286003  0.219250  0.319135  0.263381  0.262134  0.772072  0.358677  0.289354  0.291668  0.335065  0.338047  0.316310  0.265394  0.295249  0.441112  0.458861  0.351558  0.674341  0.232998  0.350335  0.334157  0.644608  0.337487  0.337864  0.254601  0.553892  0.651405  0.270254  0.221752  0.339955  0.466091  0.390805  0.717219  0.361887  0.234043  0.284397  0.274682  0.645533  0.240021  0.330799  0.733579  0.252726  0.189452  0.242474 
23  0.478656  0.447756  0.395597  0.536251  0.475844  0.457757  0.450343  0.508130  0.495314  0.469284  0.485411  0.406650  0.501783  0.455672  0.499620  0.450019  0.475224  0.517801  0.515546  0.482171  0.434951  0.465724  0.452740 0.0  0.460220  0.550900  0.567126  0.510564  0.423083  0.493592  0.406627  0.577873  0.497605  0.487675  0.408273  0.456670  0.415078  0.492244  0.474569  0.472052  0.455632  0.398838  0.431290  0.514301  0.435849  0.516309  0.408687  0.556648  0.385766  0.472851  0.482679  0.497096  0.492669  0.479908  0.495862  0.512007  0.469072  0.575357  0.490759  0.461176  0.507440  0.466368  0.445321  0.606985  0.513970  0.497409  0.551460  0.393749  0.530459  0.523143  0.426170  0.474870  0.354311  0.493416  0.510313  0.430795  0.473963  0.411942  0.407649  0.437771  0.588696  0.534263  0.576103  0.449839  0.513019  0.430249  0.529220  0.500378  0.504493  0.484862  0.453296  0.533434  0.439344  0.405787  0.455202  0.552362  0.518278  0.383793  0.442421  0.553414  0.417215  0.500789  0.499339  0.486783  0.458779  0.512041  0.557479  0.688614  0.539460  0.449732  0.391247  0.468781  0.448492  0.437237  0.480793  0.502109  0.494264  0.564796  0.423623  0.392792  0.541323  0.490292  0.449903  0.445495  0.467995  0.510238  0.387980  0.529889  0.442873  0.351687  0.452528  0.456043  0.464204  0.390299  0.542586  0.405784  0.375061  0.402872  0.580982  0.526265  0.504164  0.559893  0.329579  0.400106  0.490984  0.405493 
24  0.642437  0.652136  0.710693  0.621474  0.726068  0.720369  0.678224  0.744626  0.650402  0.751112  0.709803  0.720473  0.675972  0.622961  0.584202  0.615277  0.571921  0.614486  0.691635  0.578496  0.780573  0.579810  0.717734  0.460220 0.0  0.199455  0.787943  0.704049  0.705767  0.609359  0.708704  0.745396  0.747218  0.726590  0.725639  0.748106  0.862411  0.395901  0.746030  0.635567  0.470895  0.617750  0.630325  0.732069  0.523324  0.662638  0.706507  0.526557  0.719113  0.855389  0.649220  0.791164  0.716418  0.596864  0.637714  0.712957  0.808137  0.663318  0.468536  0.683354  0.684232  0.683024  0.752555  0.777696  0.819642  0.641666  0.700652  0.721876  0.766194  0.522831  0.764303  0.636700  0.743071  0.657275  0.726106  0.742185  0.670823  0.712068  0.674190  0.681363  0.700105  0.701694  0.611448  0.656663  0.715830  0.712397  0.673168  0.824932  0.572983  0.694494  0.714590  0.639050  0.612753  0.453440  0.626234  0.649079  0.668653  0.694542  0.777867  0.790918  0.607220  0.629754  1.000000  0.714023  0.880541  0.734330  0.675395  0.702927  0.583763  0.677817  0.672002  0.596445  0.884524  0.693044  0.727806  0.778565  0.507436  0.581646  0.766342  0.660019  0.781870  0.671123  0.692970  0.586526  0.720377  0.661510  0.730541  0.654701  0.530404  0.768584  0.698671  0.658579  0.693657  0.583923  0.774895  0.798152  0.847831  0.697612  0.634491  0.381293  0.823496  0.767876  0.671237  0.756759  0.776837  0.737175 
25  0.601173  0.737795  0.665863  0.674764  0.760142  0.733617  0.598575  0.778435  0.773065  0.677203  0.630821  0.660591  0.755873  0.815782  0.694720  0.742789  0.618653  0.551370  0.805992  0.641039  0.593928  0.609847  0.668794  0.550900  0.199455 0.0  0.750924  0.774729  0.740526  0.738879  0.740007  0.686849  0.793798  0.794952  0.747049  0.718427  0.722342  0.442030  0.868901  0.705358  0.401208  0.731391  0.767403  0.645845  0.692924  0.727980  0.684115  0.772316  0.639009  0.682223  0.639928  0.691688  0.581526  0.699709  0.771942  0.755537  0.705656  0.594776  0.475379  0.736854  0.621163  0.685701  0.676828  0.706625  0.831668  0.615210  0.752844  0.686918  0.697491  0.616559  0.619716  0.755192  0.707776  0.628698  0.800560  0.712974  0.799122  0.754395  0.801990  0.703562  0.612033  0.711389  0.738752  0.647343  0.676279  0.653273  0.673383  0.788477  0.586144  0.734055  0.674920  0.756529  0.668075  0.509805  0.733900  0.650576  0.613539  0.578207  0.759186  0.799234  0.578371  0.840601  0.971153  0.827531  0.628171  0.703345  0.821409  0.667602  0.679337  0.611910  0.656236  0.713191  0.744402  0.689564  0.660638  0.793799  0.486939  0.784984  0.580972  0.751294  0.738169  0.779852  0.692328  0.718586  0.693115  0.706384  0.781919  0.724927  0.661745  0.857486  0.687375  0.636228  0.663950  0.634334  0.704548  0.686707  0.882388  0.779516  0.701247  0.358374  0.744086  0.701807  0.618717  0.740104  0.784452  0.714994 
26  0.329068  0.757037  0.812928  0.293508  0.321939  0.594766  0.340475  0.137476  0.461572  0.236111  0.363651  0.259739  0.280265  0.823551  0.443845  0.400786  0.727103  0.581130  0.258823  0.424643  0.278368  0.753357  0.223071  0.567126  0.787943  0.750924 0.0  0.251907  0.246559  0.387187  0.272943  0.331469  0.294787  0.326096  0.753103  0.276324  0.241121  0.638329  0.312121  0.755415  0.725438  0.408118  0.360849  0.358369  0.803735  0.350748  0.318591  0.322889  0.296063  0.257307  0.355197  0.282195  0.308716  0.220782  0.533448  0.193156  0.303222  0.407428  0.509026  0.174967  0.300118  0.287617  0.214387  0.783039  0.236487  0.311952  0.397657  0.836700  0.757275  0.324446  0.453253  0.412970  0.266865  0.458982  0.344535  0.365419  0.311855  0.378589  0.282955  0.791773  0.160103  0.247636  0.622709  0.349905  0.293450  0.345409  0.406676  0.214159  0.651166  0.203399  0.282154  0.209138  0.506701  0.490975  0.372360  0.539527  0.174276  0.607833  0.272402  0.203587  0.255824  0.150823  0.315585  0.241865  0.295149  0.188884  0.198828  0.749478  0.365077  0.351674  0.349383  0.317616  0.404867  0.335514  0.300204  0.293206  0.484575  0.363790  0.362971  0.833147  0.281002  0.334439  0.368727  0.644135  0.292658  0.274517  0.354634  0.536821  0.889141  0.413804  0.200510  0.308317  0.461254  0.530438  0.684495  0.387079  0.260244  0.279214  0.274093  0.570358  0.170232  0.332463  0.634894  0.280995  0.297431  0.257069 
