146
0 0.0  0.865096  0.878386  0.261422  0.391651  0.535987  0.356053  0.357282  0.511363  0.422109  0.204267  0.501603  0.348711  0.752893  0.363926  0.342869  0.766263  0.607524  0.172775  0.456206  0.310425  0.697150  0.493200  0.561500  0.692639  0.842008  0.424749  0.485243  0.510971  0.422748  0.360059  0.338007  0.428701  0.452797  0.851705  0.358303  0.431868  0.682878  0.312685  0.802663  0.701896  0.347120  0.260325  0.271756  0.779725  0.350007  0.359868  0.267606  0.432750  0.506688  0.325014  0.377054  0.215023  0.354344  0.473764  0.426518  0.383222  0.389146  0.693931  0.398784  0.327957  0.479767  0.461704  0.750284  0.491080  0.368906  0.218449  0.822744  0.759015  0.357540  0.278901  0.359828  0.481677  0.482406  0.488774  0.278007  0.399824  0.305762  0.419370  0.831612  0.278870  0.385446  0.757818  0.253943  0.290331  0.343977  0.404775  0.456164  0.691896  0.439994  0.555741  0.552158  0.589687  0.482531  0.230735  0.571645  0.458559  0.925721  0.410741  0.459152  0.407066  0.437602  0.609517  0.475583  0.464987  0.504621  0.373116  0.755015  0.273767  0.454670  0.496981  0.320821  0.444541  0.281879  0.538433  0.373144  0.501683  0.411729  0.354078  0.801311  0.511823  0.387761  0.281495  0.757019  0.235667  0.246239  0.408394  0.510264  0.682769  0.456026  0.432348  0.325452  0.491531  0.498395  0.846679  0.330005  0.438755  0.352977  0.378658  0.635653  0.405299  0.348205  0.736398  0.448247  0.516519  0.295713 
1  0.865096 0.0  0.134073  0.827773  0.944133  0.795436  0.879737  0.917853  0.844139  0.834150  0.736642  0.946196  0.797745  0.727609  0.916513  0.758969  0.652873  0.642653  0.815217  0.789920  0.809509  0.631399  0.891891  0.295072  0.851220  0.714117  0.856196  0.846434  0.904470  0.890767  0.888121  0.868276  0.751221  0.735389  0.533181  0.717490  0.761138  0.644141  0.813382  0.377381  0.664872  0.851123  0.862179  0.878084  0.634122  0.821468  0.747615  0.780737  0.743008  0.787716  0.868921  0.760676  0.803838  0.799388  0.812413  0.855310  0.840178  0.787008  0.509484  0.818401  0.839671  0.818829  0.760481  0.819681  0.902424  0.957796  0.848502  0.537024  0.824837  0.639719  0.909685  0.856354  0.752833  0.783779  0.890378  0.850466  0.935910  0.877588  0.644786  0.473319  0.887663  0.897993  0.746543  0.823771  0.571183  0.731335  0.683914  0.866176  0.655577  0.841566  0.793699  0.838908  0.951329  0.500579  0.864738  0.831907  0.896074  0.359549  0.920830  1.000000  0.912363  0.776166  0.905103  0.825417  0.832074  0.870728  0.729066  0.670619  0.789000  0.808894  0.769972  0.854719  0.872774  0.828277  0.824862  0.762526  0.515435  0.769220  0.755873  0.462798  0.882919  0.847862  0.926004  0.435272  0.757665  0.802341  0.744786  0.842212  0.646483  0.746698  0.906189  0.748799  0.748723  0.742858  0.766280  0.724862  0.878617  0.807938  0.816591  0.581368  0.865451  0.903872  0.733993  0.872624  0.759521  0.646066 
2  0.878386  0.134073 0.0  0.883698  0.803166  0.770305  0.832714  0.798518  0.884962  0.788427  0.711831  0.759170  0.770018  0.703317  0.852148  0.861570  0.739125  0.746220  0.813777  0.804087  0.753007  0.525271  0.731612  0.407714  0.765278  0.749434  0.883392  0.692088  0.716565  0.785828  0.676100  0.955257  0.739313  0.842271  0.614242  0.688781  0.679224  0.730665  0.813245  0.372153  0.641689  0.800438  0.812392  0.786281  0.692225  0.978157  0.713084  0.867333  0.836882  0.841245  0.841886  0.729652  0.741663  0.776211  0.681887  0.791481  0.764183  0.679041  0.470603  0.814469  0.759123  0.812446  0.718591  0.784078  0.867255  0.829053  0.867085  0.551442  0.770489  0.694698  0.754844  0.836472  0.812314  0.860155  0.803123  0.739617  0.845607  0.830725  0.718166  0.497731  0.842338  0.802135  0.856825  0.861006  0.762231  0.812275  0.688229  0.834746  0.628193  0.862831  0.763243  0.812023  0.817035  0.452176  0.881101  0.753210  0.867436  0.325008  0.856311  0.933969  0.725487  0.831251  0.887422  0.854624  0.918070  0.814172  0.761099  0.702546  0.865044  0.744867  0.869561  0.812652  0.832787  0.781018  0.738415  0.896976  0.507002  0.903568  0.867455  0.365011  0.886415  0.854060  0.766257  0.355949  0.725943  0.795623  0.756754  0.784092  0.784987  0.635163  0.861819  0.770249  0.734686  0.815718  0.771192  0.823543  0.752498  0.795821  0.795597  0.685594  0.949524  0.877838  0.673394  0.786781  0.738868  0.804179 
3  0.261422  0.827773  0.883698 0.0  0.376883  0.725642  0.169583  0.375718  0.464148  0.513008  0.303516  0.377013  0.400013  0.783769  0.391763  0.285876  0.807541  0.615582  0.327743  0.459077  0.185645  0.632230  0.461226  0.548982  0.747983  0.772728  0.469872  0.440168  0.490854  0.451686  0.432504  0.291224  0.292682  0.616622  0.883173  0.399732  0.434407  0.738548  0.365922  0.653042  0.824438  0.258216  0.205810  0.265687  0.804647  0.436279  0.428359  0.297439  0.464811  0.433853  0.292410  0.362775  0.273871  0.388737  0.564388  0.483232  0.499213  0.330116  0.571051  0.380238  0.346922  0.381305  0.386699  0.883231  0.457599  0.237806  0.249227  0.835119  0.774328  0.398575  0.364413  0.305083  0.408653  0.438798  0.596480  0.262926  0.446142  0.290475  0.257616  0.855791  0.310771  0.435617  0.653480  0.377201  0.399759  0.343913  0.334075  0.379749  0.767697  0.469712  0.513583  0.519187  0.516739  0.555041  0.278235  0.631090  0.393634  0.849846  0.483253  0.326173  0.250953  0.422180  0.546598  0.415048  0.436932  0.422982  0.367935  0.894853  0.202456  0.403376  0.429727  0.332947  0.280758  0.308244  0.482032  0.422800  0.601762  0.381630  0.291050  0.827627  0.528973  0.260176  0.381046  0.746698  0.307743  0.345836  0.363099  0.386840  0.784253  0.421282  0.444629  0.250445  0.429213  0.549799  0.798880  0.255876  0.454048  0.524643  0.380655  0.767122  0.443397  0.347051  0.706474  0.259181  0.442971  0.328410 
4  0.391651  0.944133  0.803166  0.376883 0.0  0.584912  0.430862  0.497435  0.381105  0.429694  0.343252  0.433146  0.450328  0.734533  0.593237  0.453227  0.662896  0.648194  0.477602  0.509000  0.283105  0.667148  0.405194  0.551281  0.794841  0.809708  0.403652  0.332080  0.378490  0.287213  0.345703  0.327202  0.341684  0.496065  0.834875  0.370932  0.465457  0.644870  0.191082  0.687103  0.767614  0.435824  0.295426  0.317092  0.802520  0.422454  0.470417  0.299097  0.461043  0.491787  0.418119  0.445620  0.378474  0.417112  0.536815  0.398262  0.479080  0.423180  0.579791  0.438874  0.508707  0.526708  0.396620  0.709977  0.416532  0.362521  0.363569  0.698551  0.789276  0.382936  0.364549  0.270567  0.491972  0.353758  0.501370  0.272199  0.309215  0.329508  0.363339  0.841015  0.412210  0.472288  0.823714  0.443797  0.373928  0.385135  0.496955  0.428960  0.728637  0.466775  0.418418  0.458707  0.559546  0.536828  0.267269  0.606015  0.384855  0.829875  0.458534  0.364175  0.412925  0.477311  0.435964  0.437698  0.344296  0.369503  0.327739  0.871578  0.279801  0.282720  0.390844  0.149398  0.130369  0.297634  0.452152  0.202925  0.595802  0.546417  0.319233  0.839340  0.428414  0.344775  0.216129  0.637698  0.354600  0.428102  0.310384  0.498611  0.814540  0.388488  0.346759  0.371499  0.443547  0.402623  0.730234  0.344383  0.556215  0.482420  0.395184  0.673591  0.508592  0.246231  0.695843  0.475043  0.431738  0.263710 
5  0.535987  0.795436  0.770305  0.725642  0.584912 0.0  0.602370  0.731777  0.519691  0.531964  0.712102  0.726067  0.688242  0.670785  0.473575  0.744365  0.698467  0.576438  0.655890  0.276854  0.601408  0.728272  0.672695  0.573898  0.623028  0.748188  0.663179  0.681709  0.720042  0.751086  0.584453  0.642224  0.758991  0.777213  0.750117  0.831631  0.694247  0.701538  0.573552  0.681825  0.695305  0.499229  0.545573  0.594208  0.732720  0.577147  0.774720  0.641500  0.539408  0.654266  0.576905  0.685959  0.564685  0.635833  0.617029  0.590940  0.665674  0.411229  0.364970  0.643924  0.656015  0.638426  0.567208  0.817522  0.780114  0.607604  0.535898  0.700966  0.855457  0.503209  0.554192  0.646489  0.653631  0.429118  0.803083  0.602672  0.586010  0.597313  0.601568  0.723237  0.661844  0.670969  0.768532  0.633100  0.532732  0.638145  0.422364  0.600091  0.646628  0.672096  0.784370  0.768441  0.144038  0.518477  0.535969  0.210371  0.841488  0.833914  0.707096  0.714817  0.644154  0.727634  0.776132  0.566411  0.780454  0.715362  0.589583  0.731321  0.662271  0.733774  0.723086  0.603645  0.542058  0.501526  0.714374  0.629023  0.475376  0.429151  0.694448  0.805540  0.698628  0.641218  0.717650  0.732588  0.602408  0.692096  0.594629  0.504267  0.735320  0.717670  0.638722  0.659406  0.548022  0.488509  0.693180  0.598605  0.689427  0.595789  0.690022  0.728771  0.743103  0.644920  0.661992  0.686338  0.785656  0.608492 
6  0.356053  0.879737  0.832714  0.169583  0.430862  0.602370 0.0  0.395090  0.485315  0.405095  0.338183  0.425377  0.295570  0.676059  0.511581  0.338236  0.753338  0.673363  0.402900  0.461579  0.382172  0.799599  0.341571  0.375286  0.849926  0.778608  0.465639  0.452578  0.447163  0.317915  0.399055  0.342690  0.419794  0.561779  0.816810  0.389048  0.507466  0.789102  0.341620  0.797866  0.718467  0.385745  0.281741  0.248265  0.684053  0.416233  0.316539  0.223580  0.407240  0.385008  0.335681  0.303115  0.357462  0.394717  0.422252  0.390150  0.416237  0.415970  0.551111  0.496760  0.365617  0.384004  0.442076  0.788330  0.534169  0.231437  0.328754  0.826167  0.693041  0.465421  0.357059  0.359974  0.401557  0.393019  0.500227  0.370840  0.360211  0.347350  0.344471  0.812842  0.428322  0.466954  0.716052  0.318027  0.278231  0.310501  0.347794  0.401871  0.641813  0.477364  0.521039  0.439467  0.469329  0.614855  0.329889  0.573854  0.265820  0.935311  0.408457  0.522235  0.488343  0.334848  0.464966  0.400578  0.420103  0.401447  0.378517  0.773710  0.338281  0.426457  0.469738  0.403833  0.291106  0.352484  0.400098  0.379035  0.547811  0.449168  0.298395  0.798362  0.576984  0.280662  0.323340  0.751657  0.286794  0.375516  0.407318  0.529561  0.724608  0.301650  0.315001  0.265285  0.526758  0.505789  0.726681  0.315127  0.456815  0.479365  0.432540  0.689512  0.413636  0.377576  0.652484  0.417766  0.435996  0.377620 
7  0.357282  0.917853  0.798518  0.375718  0.497435  0.731777  0.395090 0.0  0.603198  0.264815  0.500256  0.322256  0.405055  0.833044  0.521018  0.404024  0.748910  0.638340  0.130070  0.398053  0.344620  0.747142  0.308567  0.538692  0.771011  0.774110  0.191753  0.327155  0.280023  0.463965  0.261464  0.477657  0.333244  0.377563  0.835790  0.409043  0.344858  0.856454  0.462365  0.711273  0.823212  0.300021  0.458758  0.506904  0.829258  0.377301  0.399019  0.416147  0.351333  0.292124  0.368415  0.407424  0.383955  0.428757  0.646673  0.264553  0.397862  0.412526  0.575781  0.153988  0.319379  0.304206  0.255026  0.911387  0.186904  0.443840  0.434546  0.799397  0.855407  0.381391  0.443890  0.481138  0.295751  0.493284  0.403506  0.402585  0.435365  0.387902  0.388387  0.750299  0.269218  0.321763  0.692561  0.368657  0.419198  0.392411  0.486311  0.224114  0.743476  0.221454  0.249975  0.221009  0.585290  0.570215  0.446298  0.669621  0.129432  0.841352  0.296993  0.230445  0.400815  0.148194  0.386120  0.171459  0.394106  0.207320  0.325791  0.902547  0.495684  0.451595  0.344710  0.518580  0.452295  0.432407  0.338192  0.323443  0.412444  0.428366  0.342231  0.804536  0.396162  0.537720  0.409777  0.699399  0.526267  0.383292  0.383766  0.594877  0.805088  0.509172  0.253339  0.426335  0.535048  0.605777  0.795442  0.332261  0.201925  0.267239  0.352816  0.740399  0.146872  0.454417  0.657050  0.387779  0.336026  0.274340 
8  0.511363  0.844139  0.884962  0.464148  0.381105  0.519691  0.485315  0.603198 0.0  0.437548  0.531200  0.519909  0.562137  0.734591  0.141274  0.597088  0.726114  0.713705  0.481443  0.449395  0.487061  0.752492  0.533287  0.472901  0.741880  0.763963  0.538811  0.446845  0.508453  0.426582  0.467998  0.503044  0.476952  0.637550  0.791961  0.529627  0.527964  0.698550  0.532169  0.672721  0.695988  0.319594  0.414923  0.371912  0.732485  0.350347  0.507920  0.502199  0.469669  0.492861  0.495764  0.586990  0.406667  0.467131  0.478925  0.505553  0.478392  0.388004  0.490820  0.570818  0.394170  0.529814  0.465955  0.871842  0.569139  0.535689  0.357190  0.786946  0.705465  0.366499  0.489588  0.459299  0.608309  0.135186  0.675799  0.544714  0.517352  0.443086  0.497959  0.792058  0.520596  0.549511  0.671724  0.588236  0.533371  0.582889  0.431073  0.434668  0.775586  0.600725  0.598694  0.615287  0.496477  0.672655  0.473143  0.639371  0.506816  0.840677  0.527337  0.509795  0.501700  0.599315  0.575348  0.601713  0.475173  0.453136  0.495976  0.865686  0.333574  0.495340  0.545480  0.501906  0.422856  0.457487  0.618783  0.434380  0.620048  0.260253  0.507006  0.858825  0.595254  0.442980  0.487706  0.668982  0.557528  0.508801  0.499872  0.516546  0.675288  0.604860  0.506189  0.532066  0.538938  0.472415  0.845873  0.525629  0.500679  0.360670  0.532022  0.779370  0.614400  0.425912  0.752510  0.519194  0.602553  0.467947 
9  0.422109  0.834150  0.788427  0.513008  0.429694  0.531964  0.405095  0.264815  0.437548 0.0  0.396302  0.261906  0.426336  0.792624  0.500921  0.366831  0.662885  0.753215  0.330864  0.481554  0.369864  0.836584  0.157601  0.570042  0.730018  0.743667  0.297637  0.294583  0.200058  0.405168  0.289915  0.440578  0.382190  0.536908  0.781655  0.392626  0.358852  0.643648  0.324201  0.734782  0.678214  0.464904  0.426388  0.352926  0.782183  0.415452  0.318620  0.365660  0.234075  0.276076  0.304571  0.416371  0.402584  0.295093  0.560146  0.443637  0.342730  0.345249  0.544247  0.310430  0.401552  0.358250  0.269253  0.809818  0.319494  0.414151  0.414879  0.824277  0.820976  0.424493  0.459019  0.362379  0.344726  0.452590  0.335912  0.400975  0.480398  0.560737  0.391044  0.778741  0.355882  0.231675  0.757143  0.449699  0.504686  0.404058  0.465203  0.315186  0.625325  0.336202  0.309271  0.386005  0.636186  0.496629  0.378912  0.534170  0.375065  0.828862  0.321346  0.287320  0.324357  0.417775  0.368265  0.396448  0.439282  0.309882  0.171082  0.731377  0.393472  0.361487  0.261838  0.276918  0.399935  0.332404  0.458565  0.442548  0.485563  0.560336  0.303897  0.872349  0.354788  0.452638  0.369696  0.700489  0.376192  0.328554  0.332525  0.602059  0.825372  0.434879  0.311277  0.434109  0.557590  0.501931  0.871028  0.436265  0.265421  0.356847  0.256405  0.671858  0.301718  0.387124  0.746940  0.359181  0.346112  0.288815 
10  0.204267  0.736642  0.711831  0.303516  0.343252  0.712102  0.338183  0.500256  0.531200  0.396302 0.0  0.479676  0.372892  0.667458  0.386970  0.351060  0.839536  0.735002  0.475945  0.474335  0.384240  0.693424  0.529486  0.518748  0.731133  0.706053  0.394730  0.405280  0.485398  0.413182  0.438614  0.329303  0.312375  0.549725  0.846864  0.356290  0.485271  0.714653  0.316612  0.697193  0.705355  0.428503  0.204315  0.332084  0.842703  0.298834  0.419290  0.299497  0.439241  0.433156  0.367327  0.472893  0.258839  0.406918  0.500943  0.426430  0.442095  0.432247  0.556405  0.520108  0.334032  0.409823  0.463966  0.859231  0.525356  0.370649  0.318999  0.751392  0.812868  0.344360  0.375512  0.348003  0.478999  0.491046  0.521268  0.226312  0.361831  0.385940  0.388551  0.713076  0.390693  0.424832  0.669904  0.294200  0.342338  0.444441  0.482707  0.422633  0.678496  0.476559  0.575314  0.429554  0.562681  0.508676  0.364412  0.584642  0.400018  0.817760  0.547910  0.479885  0.504131  0.349495  0.652748  0.481538  0.485679  0.455959  0.456168  0.737758  0.266826  0.358467  0.366067  0.429186  0.366577  0.273764  0.451171  0.351627  0.637189  0.538254  0.354885  0.614942  0.532756  0.297001  0.384344  0.630914  0.349745  0.497884  0.425379  0.515245  0.785180  0.304510  0.544871  0.267740  0.443147  0.542079  0.839047  0.342845  0.429575  0.498111  0.453071  0.661899  0.490508  0.372664  0.709851  0.480684  0.526034  0.371463 
11  0.501603  0.946196  0.759170  0.377013  0.433146  0.726067  0.425377  0.322256  0.519909  0.261906  0.479676 0.0  0.250317  0.772307  0.461597  0.416873  0.701120  0.575121  0.345564  0.427368  0.322935  0.780894  0.286228  0.530201  0.686391  0.726189  0.327015  0.215912  0.135324  0.493123  0.257753  0.437790  0.389988  0.231721  0.766787  0.338173  0.193534  0.695083  0.449116  0.743572  0.653643  0.404929  0.404980  0.380061  0.706732  0.479656  0.316531  0.530725  0.250835  0.365935  0.304394  0.206577  0.322144  0.277961  0.537771  0.306170  0.210735  0.538171  0.462819  0.307051  0.415983  0.491975  0.236406  0.726078  0.325590  0.439598  0.325230  0.672710  0.754536  0.432288  0.475362  0.463260  0.413518  0.515021  0.316803  0.377178  0.469972  0.339998  0.124729  0.628793  0.395845  0.297104  0.710679  0.286980  0.375079  0.400798  0.365211  0.206249  0.654466  0.206892  0.211149  0.368395  0.647261  0.568228  0.518089  0.668581  0.300966  0.833530  0.443125  0.365916  0.259493  0.182262  0.330415  0.348999  0.399923  0.306661  0.309075  0.659484  0.410676  0.353362  0.217191  0.458872  0.462362  0.306843  0.331341  0.540946  0.454433  0.520625  0.334652  0.732651  0.193688  0.422653  0.510850  0.564105  0.482065  0.367956  0.313766  0.594985  0.713785  0.244449  0.350891  0.317671  0.433013  0.371101  0.843845  0.459189  0.231986  0.243276  0.305525  0.600019  0.250674  0.479695  0.625647  0.301000  0.481328  0.233663 
12  0.348711  0.797745  0.770018  0.400013  0.450328  0.688242  0.295570  0.405055  0.562137  0.426336  0.372892  0.250317 0.0  0.735512  0.523465  0.402937  0.658938  0.533769  0.215214  0.507909  0.353922  0.755104  0.361414  0.574401  0.690441  0.781068  0.333709  0.316189  0.337534  0.391183  0.248797  0.246604  0.391670  0.379707  0.812787  0.312628  0.370219  0.566589  0.519320  0.778782  0.662833  0.562762  0.409439  0.386255  0.770379  0.410130  0.291902  0.390874  0.381556  0.261649  0.343818  0.263813  0.407837  0.293036  0.474912  0.387472  0.320598  0.463690  0.595366  0.443905  0.240410  0.327154  0.227039  0.760502  0.376894  0.415565  0.285527  0.773478  0.722132  0.424328  0.291799  0.516030  0.326409  0.454752  0.441216  0.371613  0.429870  0.398294  0.379616  0.774401  0.348548  0.241130  0.783632  0.381768  0.320299  0.362214  0.447815  0.271239  0.726159  0.576669  0.431820  0.432048  0.622847  0.451609  0.363712  0.642082  0.385113  0.867100  0.424045  0.428263  0.455753  0.311193  0.408238  0.399205  0.374386  0.328860  0.377098  0.798260  0.413811  0.342329  0.398745  0.356975  0.324909  0.375566  0.340247  0.398336  0.505552  0.435560  0.270532  0.786088  0.477468  0.317141  0.506785  0.715544  0.399746  0.235094  0.351261  0.567437  0.726641  0.287429  0.307951  0.444261  0.527984  0.682940  0.734075  0.385424  0.350350  0.416979  0.360563  0.677695  0.313303  0.376208  0.779675  0.337807  0.373902  0.335244 
13  0.752893  0.727609  0.703317  0.783769  0.734533  0.670785  0.676059  0.833044  0.734591  0.792624  0.667458  0.772307  0.735512 0.0  0.624436  0.724830  0.609561  0.568018  0.844823  0.682958  0.705435  0.730928  0.797016  0.514854  0.754117  0.749924  0.858734  0.763444  0.840122  0.788769  0.795006  0.801549  0.818631  0.890408  0.759143  0.784425  0.725489  0.799492  0.772881  0.675589  0.716765  0.691703  0.835722  0.739011  0.342138  0.786289  0.751237  0.699742  0.793510  0.760773  0.764584  0.756953  0.699717  0.756216  0.637643  0.824883  0.723161  0.592428  0.559372  0.829065  0.639819  0.740722  0.859549  0.827101  0.807657  0.676494  0.725696  0.687386  0.644440  0.645054  0.788371  0.829526  0.816998  0.809091  0.909210  0.790014  0.783139  0.778376  0.830739  0.797177  0.799778  0.737678  0.708067  0.744041  0.836871  0.821935  0.750550  0.808716  0.675519  0.768601  0.767824  0.794240  0.699893  0.612844  0.745434  0.722018  0.741209  0.634852  0.727248  0.784005  0.856395  0.865315  0.873306  0.844415  0.740646  0.734666  0.780224  0.812800  0.854860  0.819727  0.760394  0.814194  0.808718  0.742329  0.757392  0.747728  0.608294  0.661590  0.858756  0.870248  0.878398  0.731817  0.740744  0.766484  0.703985  0.754708  0.693759  0.655851  0.596132  0.834052  0.805374  0.656692  0.774640  0.679526  0.762430  0.788134  0.754933  0.743239  0.764674  0.551738  0.752176  0.714675  0.739067  0.730272  0.815084  0.789150 
14  0.363926  0.916513  0.852148  0.391763  0.593237  0.473575  0.511581  0.521018  0.141274  0.500921  0.386970  0.461597  0.523465  0.624436 0.0  0.466337  0.673315  0.764189  0.504015  0.387070  0.553352  0.715147  0.616227  0.591367  0.663714  0.728861  0.427971  0.537470  0.502562  0.485194  0.560983  0.498233  0.474154  0.498462  0.874686  0.529838  0.467699  0.776645  0.426677  0.660618  0.749234  0.297458  0.468317  0.413987  0.759284  0.409068  0.530977  0.493317  0.366314  0.554761  0.480609  0.478416  0.560479  0.617885  0.539306  0.412352  0.369134  0.327433  0.537691  0.546537  0.383851  0.436387  0.556058  0.874688  0.448345  0.440858  0.440466  0.760887  0.713394  0.458688  0.443329  0.492505  0.540760  0.229665  0.641228  0.530472  0.483204  0.441901  0.557930  0.810151  0.532039  0.448477  0.637400  0.641444  0.435140  0.509952  0.403642  0.513703  0.699524  0.520656  0.546930  0.508920  0.487869  0.607387  0.438697  0.494371  0.503859  0.820543  0.566499  0.387372  0.573741  0.394069  0.657443  0.492823  0.488118  0.565432  0.479066  0.691543  0.450397  0.539480  0.556778  0.531358  0.475173  0.490540  0.592096  0.523973  0.654741  0.317348  0.479058  0.886553  0.649794  0.456154  0.362340  0.845006  0.461022  0.508289  0.548018  0.556496  0.751290  0.584369  0.445526  0.576334  0.421702  0.457410  0.895074  0.426724  0.525769  0.504710  0.550880  0.722163  0.467576  0.385246  0.612820  0.424048  0.493829  0.381194 
15  0.342869  0.758969  0.861570  0.285876  0.453227  0.744365  0.338236  0.404024  0.597088  0.366831  0.351060  0.416873  0.402937  0.724830  0.466337 0.0  0.744433  0.605434  0.372539  0.515243  0.195495  0.747127  0.418887  0.565111  0.810208  0.727118  0.351614  0.274380  0.409928  0.315695  0.448775  0.338602  0.279026  0.514180  0.851247  0.185975  0.314605  0.685556  0.345135  0.687156  0.684996  0.516263  0.349560  0.374452  0.717692  0.369645  0.162594  0.322403  0.311216  0.446710  0.271458  0.363462  0.283676  0.361689  0.519980  0.313356  0.442204  0.498957  0.582187  0.504620  0.383747  0.388420  0.413925  0.835547  0.454559  0.500615  0.392148  0.758275  0.759661  0.443892  0.351083  0.401212  0.423885  0.525723  0.441744  0.380700  0.357410  0.413515  0.223964  0.756790  0.334412  0.415773  0.723386  0.217565  0.235273  0.251102  0.369817  0.357742  0.699331  0.280483  0.499608  0.348503  0.565859  0.508395  0.401004  0.793256  0.382357  0.839047  0.482025  0.350686  0.421361  0.381431  0.539793  0.365911  0.239019  0.443565  0.329187  0.697434  0.488845  0.262473  0.201075  0.394380  0.374019  0.356209  0.432398  0.451340  0.469380  0.517331  0.245366  0.763314  0.391849  0.335364  0.352611  0.650465  0.437437  0.189801  0.259411  0.600059  0.696994  0.322172  0.381769  0.307576  0.471753  0.477476  0.686796  0.293883  0.377136  0.435976  0.391173  0.617461  0.358520  0.312885  0.654142  0.476989  0.472524  0.369239 
16  0.766263  0.652873  0.739125  0.807541  0.662896  0.698467  0.753338  0.748910  0.726114  0.662885  0.839536  0.701120  0.658938  0.609561  0.673315  0.744433 0.0  0.638141  0.645505  0.774955  0.714533  0.728259  0.598614  0.543629  0.632080  0.634551  0.661432  0.675888  0.694327  0.797901  0.692558  0.686812  0.665145  0.763054  0.662815  0.621938  0.786772  0.576135  0.730479  0.714321  0.770685  0.702184  0.772038  0.816938  0.642042  0.813788  0.678379  0.742732  0.764201  0.702972  0.772207  0.663891  0.774326  0.732873  0.719978  0.703603  0.672272  0.681534  0.477412  0.726264  0.741128  0.693881  0.775143  0.668283  0.765273  0.761753  0.747647  0.728204  0.590850  0.606063  0.711897  0.707674  0.967374  0.771473  0.776815  0.667284  0.771709  0.878239  0.757329  0.644641  0.677412  0.800104  0.593359  0.627943  0.695139  0.822886  0.636146  0.738431  0.336894  0.644661  0.762463  0.868820  0.694665  0.454423  0.743626  0.870326  0.681637  0.677449  0.766094  0.864911  0.618314  0.793036  0.744814  0.853774  0.777634  0.662478  0.750172  0.779204  0.754136  0.695853  0.598941  0.727952  0.845686  0.702993  0.683346  0.734179  0.371366  0.644603  0.715109  0.691855  0.692449  0.685050  0.750740  0.608950  0.683201  0.702400  0.621969  0.675503  0.699782  0.794769  0.694612  0.707031  0.719619  0.645488  0.678793  0.780543  0.679615  0.582503  0.813588  0.608743  0.739396  0.695082  0.637183  0.709112  0.779487  0.674669 
17  0.607524  0.642653  0.746220  0.615582  0.648194  0.576438  0.673363  0.638340  0.713705  0.753215  0.735002  0.575121  0.533769  0.568018  0.764189  0.605434  0.638141 0.0  0.786487  0.538723  0.466496  0.578248  0.625079  0.664281  0.531328  0.623800  0.670345  0.739152  0.635686  0.561916  0.531719  0.621412  0.536121  0.710003  0.535798  0.662605  0.650406  0.466175  0.608079  0.684832  0.535897  0.588001  0.708233  0.624631  0.654251  0.592068  0.617350  0.747317  0.627236  0.613790  0.573464  0.621527  0.633045  0.696286  0.593578  0.699722  0.673196  0.688601  0.523733  0.664885  0.765236  0.651425  0.736669  0.637665  0.677304  0.677574  0.635596  0.577268  0.580707  0.605593  0.670890  0.691283  0.643585  0.638744  0.830003  0.610581  0.712330  0.729895  0.514619  0.608479  0.768483  0.632458  0.494930  0.680714  0.705552  0.616433  0.639736  0.618977  0.669845  0.741471  0.651420  0.642464  0.735692  0.542293  0.496773  0.567162  0.635623  0.599688  0.610046  0.687541  0.659120  0.746990  0.701810  0.646388  0.621188  0.691179  0.724899  0.749344  0.603842  0.661258  0.568863  0.556373  0.651215  0.528707  0.566491  0.677954  0.381548  0.680471  0.580178  0.575594  0.689736  0.611663  0.547041  0.524198  0.611037  0.650018  0.551092  0.555403  0.554640  0.608032  0.812784  0.667099  0.564101  0.573423  0.625871  0.677767  0.598867  0.585960  0.610615  0.522490  0.653773  0.685776  0.591631  0.614783  0.726385  0.721371 
18  0.172775  0.815217  0.813777  0.327743  0.477602  0.655890  0.402900  0.130070  0.481443  0.330864  0.475945  0.345564  0.215214  0.844823  0.504015  0.372539  0.645505  0.786487 0.0  0.499017  0.374964  0.721278  0.223322  0.502488  0.805267  0.745109  0.264376  0.304284  0.333572  0.414383  0.316215  0.369418  0.378546  0.388100  0.779015  0.304519  0.520563  0.872605  0.424734  0.752885  0.831574  0.386415  0.307651  0.414540  0.777029  0.427430  0.338460  0.332371  0.365521  0.269060  0.375067  0.452119  0.331415  0.375422  0.566343  0.327557  0.324936  0.413712  0.572579  0.353977  0.291380  0.329241  0.398897  0.786373  0.372427  0.285666  0.324263  0.783905  0.802577  0.419506  0.353343  0.376209  0.360664  0.427275  0.495811  0.279007  0.381520  0.471334  0.448831  0.808188  0.290724  0.237491  0.795188  0.330591  0.320200  0.392624  0.527241  0.437096  0.721836  0.382468  0.389898  0.432506  0.554871  0.528867  0.280289  0.591844  0.355474  0.903572  0.211248  0.289769  0.314542  0.330426  0.457977  0.294490  0.304189  0.312359  0.330951  0.790099  0.323144  0.336846  0.402252  0.425086  0.391360  0.412348  0.411510  0.283605  0.552667  0.548214  0.294224  0.732682  0.493207  0.455160  0.416554  0.756352  0.367927  0.285581  0.419179  0.521841  0.833133  0.448933  0.405248  0.298039  0.517939  0.570788  0.789819  0.353558  0.366359  0.313938  0.261211  0.764980  0.303198  0.414174  0.631666  0.352361  0.443170  0.460510 
19  0.456206  0.789920  0.804087  0.459077  0.509000  0.276854  0.461579  0.398053  0.449395  0.481554  0.474335  0.427368  0.507909  0.682958  0.387070  0.515243  0.774955  0.538723  0.499017 0.0  0.516636  0.734299  0.485467  0.526829  0.632230  0.760514  0.466616  0.506449  0.498368  0.485169  0.450175  0.405499  0.528220  0.559278  0.713497  0.539561  0.582649  0.605777  0.489349  0.678319  0.648008  0.452364  0.568735  0.503430  0.718628  0.519002  0.483634  0.591849  0.494573  0.525093  0.439537  0.518027  0.371009  0.596743  0.456292  0.476876  0.553602  0.356674  0.475652  0.545211  0.521731  0.479295  0.553327  0.722650  0.456816  0.471420  0.445851  0.653687  0.770589  0.511397  0.417076  0.424735  0.501141  0.381443  0.696137  0.428842  0.411263  0.533302  0.560673  0.668507  0.477090  0.435282  0.549687  0.537030  0.479056  0.538154  0.468121  0.518312  0.706187  0.462225  0.425631  0.619548  0.280451  0.621238  0.400828  0.402447  0.499115  0.690074  0.494345  0.519810  0.479640  0.466699  0.613899  0.662088  0.544001  0.521794  0.488844  0.667392  0.452232  0.540124  0.441757  0.502237  0.462227  0.383952  0.492806  0.369722  0.486719  0.468929  0.555198  0.706633  0.622680  0.508672  0.447369  0.564169  0.504946  0.603135  0.402686  0.419792  0.715695  0.570188  0.468029  0.494230  0.410909  0.472638  0.611667  0.385374  0.504217  0.391307  0.519254  0.695670  0.560341  0.502298  0.649766  0.535060  0.530870  0.474466 
20  0.310425  0.809509  0.753007  0.185645  0.283105  0.601408  0.382172  0.344620  0.487061  0.369864  0.384240  0.322935  0.353922  0.705435  0.553352  0.195495  0.714533  0.466496  0.374964  0.516636 0.0  0.839997  0.242539  0.471121  0.682852  0.784962  0.273353  0.352626  0.341013  0.343942  0.380879  0.367122  0.254676  0.356721  0.822468  0.215040  0.429324  0.720808  0.265419  0.693206  0.556450  0.520223  0.384318  0.174651  0.778224  0.288048  0.243663  0.347959  0.331226  0.383976  0.286846  0.425331  0.263773  0.285281  0.515255  0.388104  0.413083  0.390015  0.550922  0.419765  0.385492  0.375966  0.252619  0.765632  0.367704  0.412710  0.283143  0.653373  0.728680  0.385938  0.273849  0.295379  0.337451  0.584363  0.395912  0.198185  0.422114  0.418884  0.245662  0.832600  0.367257  0.393169  0.675178  0.210264  0.275189  0.316080  0.296910  0.363631  0.737511  0.446686  0.407140  0.442684  0.604177  0.585020  0.302308  0.644103  0.429271  0.689626  0.411960  0.403976  0.406364  0.357387  0.487303  0.370952  0.272694  0.401977  0.303225  0.632319  0.278491  0.180344  0.174442  0.316573  0.303734  0.325897  0.388126  0.409030  0.539990  0.405265  0.268236  0.758756  0.458093  0.264862  0.277360  0.770103  0.345104  0.239818  0.163339  0.522478  0.747037  0.220202  0.299805  0.234735  0.522755  0.374093  0.690052  0.256541  0.376931  0.413905  0.395498  0.641171  0.384326  0.357442  0.702493  0.404975  0.397449  0.255491 
21  0.697150  0.631399  0.525271  0.632230  0.667148  0.728272  0.799599  0.747142  0.752492  0.836584  0.693424  0.780894  0.755104  0.730928  0.715147  0.747127  0.728259  0.578248  0.721278  0.734299  0.839997 0.0  0.808101  0.533646  0.694544  0.746099  0.754560  0.812708  0.809137  0.741414  0.790805  0.797096  0.781913  0.832360  0.264414  0.726769  0.751435  0.722580  0.750440  0.487492  0.745528  0.672294  0.859507  0.847948  0.705960  0.667386  0.798728  0.697579  0.761003  0.772129  0.790117  0.858309  0.841672  0.730778  0.731619  0.748714  0.844722  0.688988  0.492987  0.816915  0.769267  0.643095  0.775911  0.773542  0.790711  0.728386  0.690870  0.303857  0.748307  0.683613  0.755467  0.860179  0.817770  0.769741  0.855701  0.805784  0.854743  0.759675  0.642964  0.383026  0.764205  0.771699  0.821612  0.778215  0.774830  0.794599  0.571540  0.716808  0.618325  0.822216  0.847890  0.764617  0.715484  0.470189  0.799800  0.771630  0.763165  0.693439  0.852242  0.754486  0.784775  0.782158  0.911937  0.825841  0.774792  0.761156  0.844929  0.707090  0.770408  0.867518  0.832703  0.835365  0.839114  0.755604  0.671472  0.748378  0.572225  0.838006  0.783491  0.269603  0.859789  0.728506  0.748779  0.362690  0.626016  0.711255  0.764977  0.695290  0.739513  0.809904  0.822862  0.659130  0.616601  0.680659  0.695518  0.753134  0.848963  0.687463  0.732807  0.703888  0.769466  0.712499  0.582106  0.787212  0.836391  0.668860 
22  0.493200  0.891891  0.731612  0.461226  0.405194  0.672695  0.341571  0.308567  0.533287  0.157601  0.529486  0.286228  0.361414  0.797016  0.616227  0.418887  0.598614  0.625079  0.223322  0.485467  0.242539  0.808101 0.0  0.424463  0.724302  0.872979  0.292226  0.372949  0.269323  0.375108  0.362312  0.443869  0.475160  0.439989  0.848975  0.472586  0.297269  0.740582  0.402772  0.712027  0.687313  0.432507  0.483413  0.486160  0.814268  0.332193  0.452997  0.540255  0.221225  0.236415  0.386227  0.304456  0.403553  0.308128  0.574333  0.315065  0.223344  0.595246  0.507599  0.272128  0.219961  0.332985  0.200980  0.820864  0.274304  0.417685  0.475128  0.716561  0.898453  0.340329  0.395509  0.421594  0.372991  0.555487  0.331784  0.443624  0.570289  0.417404  0.325566  0.770867  0.321239  0.278985  0.696716  0.395379  0.362214  0.481364  0.503486  0.251950  0.625668  0.210645  0.309912  0.253362  0.619531  0.639527  0.519722  0.703469  0.277918  0.831778  0.364336  0.309602  0.177618  0.199961  0.251815  0.142121  0.405541  0.394249  0.240782  0.816699  0.497747  0.224472  0.361061  0.421111  0.464986  0.472581  0.264202  0.441578  0.349770  0.647091  0.324528  0.822149  0.379656  0.291378  0.444138  0.557623  0.350162  0.484229  0.276812  0.479158  0.741843  0.392366  0.329891  0.383948  0.535491  0.564537  0.838225  0.342908  0.291235  0.215660  0.167544  0.633497  0.241456  0.506433  0.601617  0.402701  0.209801  0.315600 
23  0.561500  0.295072  0.407714  0.548982  0.551281  0.573898  0.375286  0.538692  0.472901  0.570042  0.518748  0.530201  0.574401  0.514854  0.591367  0.565111  0.543629  0.664281  0.502488  0.526829  0.471121  0.533646  0.424463 0.0  0.635050  0.530149  0.644085  0.542634  0.599204  0.549914  0.311876  0.543588  0.445619  0.513643  0.507458  0.405554  0.376330  0.508068  0.625322  0.450919  0.471213  0.525313  0.676772  0.512618  0.419234  0.523349  0.416452  0.594345  0.450440  0.485744  0.474382  0.509131  0.531977  0.510209  0.618437  0.658885  0.477580  0.633140  0.505629  0.613787  0.460385  0.575782  0.567768  0.570705  0.513427  0.633120  0.526366  0.447692  0.543436  0.582341  0.600660  0.517155  0.554907  0.576327  0.578878  0.566444  0.575905  0.555585  0.455981  0.469861  0.554926  0.574101  0.572685  0.483718  0.497246  0.488661  0.498761  0.554335  0.649044  0.418078  0.541783  0.489994  0.604789  0.420573  0.611810  0.544643  0.413906  0.506334  0.593657  0.483605  0.424135  0.582076  0.540983  0.640796  0.485441  0.564585  0.549679  0.768754  0.553827  0.492858  0.365877  0.658703  0.614047  0.482267  0.536312  0.635348  0.616944  0.542662  0.503024  0.411214  0.579887  0.651245  0.447260  0.379379  0.504305  0.522409  0.457980  0.505235  0.468242  0.369037  0.544277  0.396116  0.562023  0.444763  0.613719  0.542144  0.530851  0.460092  0.576862  0.513106  0.524771  0.518839  0.481480  0.595633  0.589308  0.408750 
24  0.692639  0.851220  0.765278  0.747983  0.794841  0.623028  0.849926  0.771011  0.741880  0.730018  0.731133  0.686391  0.690441  0.754117  0.663714  0.810208  0.632080  0.531328  0.805267  0.632230  0.682852  0.694544  0.724302  0.635050 0.0  0.240973  0.808179  0.832113  0.742931  0.707300  0.854294  0.837669  0.736962  0.792877  0.772463  0.834421  0.825964  0.536165  0.727993  0.709772  0.492570  0.861509  0.696200  0.690123  0.721790  0.724823  0.878060  0.670626  0.656855  0.846367  0.658334  0.743661  0.812015  0.717206  0.668733  0.770225  0.891546  0.641063  0.542628  0.759934  0.695078  0.855237  0.852744  0.711898  0.788222  0.778268  0.661722  0.879434  0.788378  0.700846  0.722008  0.747876  0.763430  0.643767  0.803920  0.712691  0.823845  0.737613  0.845618  0.758019  0.759273  0.799844  0.816601  0.808311  0.691304  0.688755  0.686070  0.825722  0.733111  0.771202  0.803858  0.829657  0.639448  0.555632  0.751141  0.772678  0.772125  0.865010  0.839009  0.831686  0.930668  0.740369  0.915664  0.708075  0.869570  0.633599  0.900018  0.806472  0.712084  0.877300  0.819653  0.737031  0.833754  0.709771  0.723174  0.715749  0.532144  0.796409  0.788435  0.733382  0.826040  0.735292  0.737607  0.735132  0.729082  0.853215  0.743736  0.718368  0.683050  0.888804  0.807467  0.735968  0.695596  0.746073  0.754422  0.698226  0.855199  0.842574  0.827538  0.445747  0.727063  0.819930  0.643352  0.835538  0.853384  0.753593 
25  0.842008  0.714117  0.749434  0.772728  0.809708  0.748188  0.778608  0.774110  0.763963  0.743667  0.706053  0.726189  0.781068  0.749924  0.728861  0.727118  0.634551  0.623800  0.745109  0.760514  0.784962  0.746099  0.872979  0.530149  0.240973 0.0  0.767676  0.811196  0.716887  0.880711  0.742738  0.742506  0.748585  0.937788  0.710230  0.713939  0.899514  0.493095  0.813223  0.665458  0.396929  0.858150  0.760611  0.722744  0.732695  0.703298  0.727425  0.719889  0.769412  0.745959  0.731271  0.738902  0.785446  0.765189  0.788612  0.770385  0.769727  0.645531  0.490138  0.804280  0.668821  0.743631  0.786736  0.691654  0.775834  0.790532  0.684056  0.722539  0.701247  0.638513  0.727448  0.824814  0.793081  0.744668  0.859657  0.793781  0.772612  0.845990  0.750278  0.737326  0.652695  0.816003  0.760757  0.713361  0.794394  0.800518  0.657624  0.733001  0.618612  0.904391  0.713137  0.752577  0.758802  0.396018  0.702171  0.758516  0.762286  0.643235  0.806442  0.742742  0.822471  0.775994  0.881333  0.713244  0.670663  0.733690  0.807998  0.804155  0.705440  0.818977  0.720571  0.752496  0.803483  0.762027  0.681192  0.734855  0.554245  0.834440  0.729240  0.654255  0.801299  0.734783  0.793966  0.642535  0.793795  0.748993  0.712598  0.755973  0.719844  0.829521  0.733705  0.775985  0.680349  0.781800  0.689946  0.668161  0.824945  0.706615  0.821604  0.446622  0.666491  0.860650  0.648984  0.771598  0.786658  0.705267 
26  0.424749  0.856196  0.883392  0.469872  0.403652  0.663179  0.465639  0.191753  0.538811  0.297637  0.394730  0.327015  0.333709  0.858734  0.427971  0.351614  0.661432  0.670345  0.264376  0.466616  0.273353  0.754560  0.292226  0.644085  0.808179  0.767676 0.0  0.278640  0.293187  0.416852  0.351614  0.497483  0.442788  0.374176  0.835509  0.438797  0.382005  0.775553  0.439823  0.766661  0.760242  0.392152  0.530133  0.510269  0.863633  0.368762  0.465024  0.352535  0.321044  0.365884  0.433697  0.386044  0.336281  0.240722  0.563018  0.317256  0.281381  0.357731  0.521276  0.117900  0.425191  0.467325  0.208643  0.829028  0.279797  0.383144  0.433998  0.861602  0.857214  0.434588  0.444199  0.420222  0.330837  0.452194  0.292496  0.551081  0.447001  0.521525  0.364755  0.888742  0.272239  0.229377  0.760235  0.452827  0.514384  0.484682  0.416465  0.250223  0.644802  0.298618  0.414278  0.424279  0.625815  0.570212  0.440742  0.593746  0.204610  0.925907  0.416302  0.213749  0.323584  0.250452  0.405622  0.175861  0.391375  0.239849  0.315940  0.798565  0.472849  0.412317  0.432834  0.490734  0.460577  0.340024  0.279530  0.372471  0.568800  0.439422  0.284844  0.882911  0.404629  0.462244  0.627458  0.651803  0.408084  0.369165  0.393894  0.542837  0.718113  0.427584  0.238459  0.467077  0.613291  0.537076  0.785350  0.458634  0.273333  0.395963  0.223710  0.730935  0.209618  0.449725  0.683459  0.388535  0.355217  0.272254 
