89
0 0.0  0.280873  0.074069  0.171441  0.246911  0.280310  0.173993  0.097924  0.279095  0.487370  0.173296  0.328372  0.160980  0.387269  0.074069  0.343603  0.422973  0.352665  0.074069  0.307226  0.188279  0.419481  0.216337  0.159566  0.494692  0.246755  0.595535  0.289142  0.396455  0.180628  0.218838  0.100807  0.186951  0.222474  0.300447  0.389023  0.431582  0.225520  0.103055  0.466238  0.297649  0.249268  0.501461  0.268740  0.155801  0.155082  0.358126  0.245051  0.135517  0.340403  0.162971  0.074069  0.120683  0.405828  0.412779  0.110581  0.158528  0.271070  0.090695  0.074069  0.106285  0.174719  0.295144  0.440423  0.531151  0.472345  0.303096  0.105131  0.164517  0.312245  0.451891  0.210015  0.500397  0.390134  0.078906  0.273948  0.321511  0.293822  0.304501  0.306694  0.303955  0.338627  0.110725  0.454453  0.476788  0.267515  0.532470  0.292054  0.343853 
1  0.280873 0.0  0.149929  0.253582  0.365483  0.435240  0.199664  0.278255  0.150308  0.620576  0.216771  0.447173  0.150536  0.538657  0.161692  0.380231  0.296645  0.378674  0.392899  0.452045  0.235791  0.435804  0.314061  0.406434  0.554673  0.396802  0.443744  0.443346  0.602330  0.115057  0.119747  0.259978  0.231838  0.372499  0.405448  0.537214  0.502783  0.244744  0.256447  0.296160  0.176991  0.174791  0.631955  0.103030  0.229683  0.125766  0.341875  0.289582  0.231557  0.540176  0.278710  0.219441  0.266428  0.460863  0.588324  0.221204  0.318031  0.494322  0.276712  0.187116  0.278172  0.212787  0.448504  0.673689  0.685033  0.672614  0.334874  0.237770  0.176517  0.291265  0.636500  0.395881  0.578406  0.404020  0.171207  0.422562  0.560430  0.349978  0.452079  0.419681  0.337217  0.306048  0.350632  0.574298  0.637215  0.380162  0.580238  0.160432  0.544219 
2  0.074069  0.149929 0.0  0.184567  0.125904  0.278900  0.165947  0.201021  0.202424  0.535874  0.154373  0.368071  0.270434  0.401229  0.155799  0.420051  0.466478  0.371628  0.209355  0.271522  0.105474  0.473761  0.215188  0.156312  0.613844  0.361377  0.449140  0.389418  0.511568  0.172844  0.134216  0.195174  0.309490  0.178889  0.331846  0.375171  0.571995  0.138285  0.135270  0.498242  0.294798  0.313900  0.508279  0.239461  0.244738  0.150935  0.327437  0.120335  0.156665  0.397058  0.281538  0.176086  0.309005  0.345650  0.444227  0.144367  0.176783  0.266853  0.186550  0.234936  0.147198  0.074069  0.370084  0.509262  0.660566  0.617075  0.132893  0.226524  0.178814  0.209863  0.474660  0.270712  0.548603  0.296086  0.160602  0.359593  0.512302  0.143933  0.530972  0.442278  0.297318  0.281764  0.251203  0.535722  0.446784  0.262704  0.469753  0.340824  0.540875 
3  0.171441  0.253582  0.184567 0.0  0.085168  0.258761  0.096583  0.192843  0.282679  0.470723  0.088073  0.377959  0.206252  0.307520  0.079854  0.172178  0.522177  0.333590  0.222355  0.282578  0.099471  0.424066  0.159604  0.139696  0.508719  0.285738  0.454215  0.087731  0.426703  0.152906  0.080909  0.116374  0.256085  0.297094  0.234673  0.317932  0.457508  0.284889  0.158137  0.351721  0.260726  0.317048  0.477372  0.102544  0.179573  0.197135  0.226737  0.074069  0.074069  0.334257  0.248496  0.074069  0.105502  0.534457  0.469086  0.148284  0.104053  0.173839  0.130633  0.157625  0.074069  0.198745  0.218217  0.531203  0.556908  0.534095  0.216716  0.215296  0.133341  0.268898  0.416061  0.206625  0.589037  0.278350  0.207461  0.186645  0.443072  0.095174  0.300654  0.308458  0.189241  0.211962  0.268365  0.512776  0.471340  0.368620  0.453873  0.233160  0.599570 
4  0.246911  0.365483  0.125904  0.085168 0.0  0.220491  0.164365  0.251537  0.340929  0.422347  0.104973  0.331343  0.296097  0.381355  0.243254  0.199552  0.455915  0.203556  0.305252  0.130117  0.186475  0.352766  0.172848  0.105820  0.443671  0.194326  0.594081  0.296841  0.449264  0.309409  0.164517  0.222601  0.256208  0.205878  0.279396  0.267514  0.412805  0.209804  0.170485  0.588867  0.220651  0.258110  0.374915  0.278420  0.174051  0.214231  0.203271  0.155198  0.074069  0.289502  0.087704  0.074069  0.248685  0.381813  0.464639  0.245508  0.129483  0.152106  0.074069  0.142499  0.131351  0.277522  0.268434  0.523971  0.618914  0.412212  0.181698  0.097151  0.127852  0.383462  0.316759  0.149398  0.290719  0.286543  0.074069  0.315561  0.393848  0.074069  0.313746  0.306564  0.251940  0.119753  0.166302  0.456191  0.333012  0.284533  0.431028  0.324684  0.381940 
5  0.280310  0.435240  0.278900  0.258761  0.220491 0.0  0.334513  0.239495  0.402848  0.445584  0.216818  0.132427  0.333361  0.255782  0.262989  0.074069  0.602005  0.074069  0.153432  0.146012  0.183274  0.373175  0.277318  0.094877  0.260840  0.155610  0.647025  0.074069  0.337402  0.431878  0.203249  0.198806  0.322234  0.259148  0.074069  0.130560  0.315279  0.348813  0.177961  0.535174  0.295300  0.414317  0.336574  0.407066  0.239632  0.423744  0.074069  0.264972  0.224796  0.151150  0.244990  0.297223  0.217919  0.455181  0.189375  0.363186  0.357106  0.213341  0.225167  0.256186  0.202524  0.292190  0.074069  0.259689  0.289574  0.403983  0.330927  0.373857  0.313520  0.410428  0.276390  0.074069  0.358902  0.165373  0.276018  0.119552  0.285261  0.125361  0.221234  0.080881  0.180075  0.249944  0.261450  0.271034  0.323043  0.137666  0.223697  0.378728  0.236270 
6  0.173993  0.199664  0.165947  0.096583  0.164365  0.334513 0.0  0.257472  0.215478  0.635750  0.210239  0.519660  0.179809  0.402416  0.264751  0.328052  0.347356  0.411108  0.246974  0.309168  0.089850  0.509343  0.204046  0.256379  0.648296  0.508791  0.420314  0.378301  0.566363  0.252516  0.074069  0.268085  0.318619  0.125868  0.360603  0.463139  0.621434  0.266043  0.289812  0.421400  0.186502  0.290049  0.579090  0.241443  0.236544  0.084257  0.366020  0.116769  0.227056  0.482618  0.081334  0.356954  0.260736  0.321459  0.493104  0.201540  0.180756  0.334786  0.182602  0.240717  0.124835  0.109508  0.333408  0.515968  0.661017  0.559661  0.084868  0.244341  0.123861  0.128136  0.509163  0.458834  0.486168  0.463004  0.238042  0.352381  0.505961  0.235378  0.414003  0.411212  0.416725  0.340637  0.297600  0.568742  0.532518  0.381829  0.492586  0.266830  0.477103 
7  0.097924  0.278255  0.201021  0.192843  0.251537  0.239495  0.257472 0.0  0.346706  0.455843  0.152265  0.241397  0.202328  0.451445  0.161187  0.229746  0.641374  0.265701  0.136458  0.213462  0.214286  0.443411  0.168160  0.165858  0.438537  0.287424  0.630005  0.254635  0.482708  0.320569  0.265538  0.216718  0.250037  0.325065  0.185772  0.280549  0.473408  0.342115  0.178346  0.215884  0.181990  0.295993  0.468436  0.323128  0.208826  0.292395  0.201378  0.210635  0.116584  0.277437  0.296495  0.089110  0.074069  0.411506  0.514624  0.234467  0.257644  0.249126  0.139979  0.230852  0.213393  0.319477  0.305938  0.416566  0.506937  0.475431  0.265155  0.074069  0.252807  0.436352  0.380448  0.202954  0.512779  0.355016  0.161578  0.416218  0.447971  0.152938  0.263278  0.371213  0.199233  0.318542  0.230677  0.514773  0.481479  0.260129  0.571357  0.265528  0.477070 
8  0.279095  0.150308  0.202424  0.282679  0.340929  0.402848  0.215478  0.346706 0.0  0.782915  0.382933  0.479176  0.137427  0.620802  0.239412  0.456182  0.341556  0.489104  0.311384  0.290548  0.353308  0.567979  0.278341  0.290537  0.607913  0.531313  0.423428  0.484455  0.514951  0.074069  0.318097  0.317330  0.121182  0.448393  0.453000  0.402362  0.650332  0.371179  0.265109  0.231802  0.131865  0.100581  0.753466  0.232251  0.257385  0.239524  0.379084  0.295942  0.270202  0.465754  0.414792  0.260412  0.294169  0.561569  0.596648  0.175352  0.298213  0.411914  0.170398  0.266828  0.223566  0.362588  0.478357  0.687539  0.721576  0.587477  0.171877  0.289675  0.222616  0.405671  0.620950  0.368962  0.627380  0.508989  0.262006  0.404727  0.540965  0.304919  0.477879  0.488583  0.384741  0.348412  0.279135  0.646650  0.711618  0.471280  0.701403  0.243218  0.609375 
9  0.487370  0.620576  0.535874  0.470723  0.422347  0.445584  0.635750  0.455843  0.782915 0.0  0.523518  0.354175  0.458024  0.215030  0.494331  0.369056  0.863872  0.324702  0.301381  0.384275  0.539050  0.187970  0.448517  0.638438  0.135298  0.311036  0.912493  0.418954  0.218855  0.574816  0.559407  0.499258  0.638176  0.443333  0.503057  0.229415  0.164659  0.469855  0.693234  0.933424  0.782986  0.616164  0.086536  0.752529  0.582647  0.619556  0.331233  0.648904  0.627164  0.212178  0.400614  0.441024  0.470980  0.720028  0.296832  0.624819  0.485420  0.392061  0.570744  0.541975  0.578547  0.579794  0.263405  0.221209  0.074069  0.154330  0.519211  0.572758  0.654854  0.599184  0.259938  0.444438  0.185182  0.314078  0.582553  0.335571  0.171310  0.477568  0.285703  0.475098  0.417001  0.449146  0.496259  0.107576  0.079722  0.346118  0.135150  0.762174  0.195776 
10  0.173296  0.216771  0.154373  0.088073  0.104973  0.216818  0.210239  0.152265  0.382933  0.523518 0.0  0.335626  0.222520  0.244539  0.116466  0.213709  0.518669  0.273957  0.147194  0.322164  0.074069  0.426196  0.074069  0.265689  0.543163  0.300478  0.537753  0.287336  0.293267  0.315331  0.196584  0.074069  0.259344  0.194249  0.148436  0.291654  0.412864  0.205708  0.198642  0.423985  0.332298  0.298074  0.367657  0.267463  0.263978  0.125483  0.262099  0.101515  0.089804  0.343546  0.098274  0.134711  0.241060  0.389502  0.266142  0.209501  0.074069  0.328175  0.131755  0.099262  0.074069  0.074069  0.322004  0.470516  0.478365  0.494549  0.321531  0.266393  0.089294  0.225422  0.436551  0.255612  0.361314  0.322940  0.219086  0.362554  0.358610  0.118488  0.299291  0.261293  0.242125  0.249657  0.150607  0.566804  0.413422  0.235061  0.388389  0.299397  0.361900 
11  0.328372  0.447173  0.368071  0.377959  0.331343  0.132427  0.519660  0.241397  0.479176  0.354175  0.335626 0.0  0.422587  0.123838  0.323263  0.111586  0.745531  0.126257  0.186310  0.165583  0.327140  0.225374  0.250870  0.175162  0.227490  0.146940  0.723106  0.113598  0.128572  0.548214  0.400007  0.225804  0.488274  0.368834  0.074069  0.074069  0.298743  0.495603  0.215189  0.554810  0.560952  0.511562  0.231437  0.333167  0.297165  0.509669  0.119865  0.397666  0.211254  0.074069  0.381004  0.209654  0.323459  0.642091  0.120569  0.420184  0.452098  0.198677  0.232169  0.381615  0.274568  0.471237  0.104347  0.261296  0.353764  0.175323  0.501217  0.317303  0.403728  0.407951  0.245013  0.118113  0.158970  0.141294  0.300696  0.074069  0.297030  0.238502  0.074069  0.100923  0.165330  0.292513  0.271173  0.241841  0.319688  0.102151  0.270780  0.574463  0.203835 
12  0.160980  0.150536  0.270434  0.206252  0.296097  0.333361  0.179809  0.202328  0.137427  0.458024  0.222520  0.422587 0.0  0.493322  0.202104  0.312811  0.390779  0.349799  0.233130  0.267266  0.277018  0.452559  0.302260  0.212427  0.498888  0.368750  0.551680  0.335040  0.508257  0.122410  0.275753  0.200474  0.135062  0.332700  0.311770  0.508257  0.517108  0.346559  0.163248  0.261806  0.173461  0.102019  0.529182  0.125355  0.134174  0.099957  0.217987  0.309394  0.108430  0.439349  0.290035  0.174380  0.189402  0.492232  0.579456  0.084773  0.287744  0.324715  0.155949  0.174223  0.188079  0.176872  0.381089  0.483635  0.649889  0.524398  0.305676  0.173345  0.250268  0.470575  0.612872  0.396656  0.572769  0.328319  0.172443  0.362013  0.487596  0.267195  0.535087  0.398760  0.323349  0.223669  0.303121  0.632993  0.578014  0.302576  0.556659  0.359984  0.489120 
13  0.387269  0.538657  0.401229  0.307520  0.381355  0.255782  0.402416  0.451445  0.620802  0.215030  0.244539  0.123838  0.493322 0.0  0.433938  0.161199  0.768187  0.188046  0.296399  0.281291  0.462139  0.210021  0.411968  0.264463  0.114123  0.257364  0.885230  0.208067  0.137843  0.481816  0.390424  0.275284  0.503278  0.445396  0.287555  0.173259  0.233726  0.455373  0.356230  0.711117  0.551495  0.444827  0.170098  0.488914  0.396267  0.482214  0.157929  0.599821  0.256652  0.190895  0.327078  0.311822  0.422474  0.672521  0.074069  0.433533  0.368394  0.187380  0.475201  0.453515  0.465960  0.408703  0.184894  0.122821  0.261294  0.243009  0.568402  0.379092  0.504031  0.549593  0.155723  0.261843  0.074069  0.174771  0.507239  0.192173  0.081928  0.353213  0.208248  0.212310  0.156485  0.252985  0.251276  0.074069  0.093273  0.106828  0.146840  0.597166  0.201340 
14  0.074069  0.161692  0.155799  0.079854  0.243254  0.262989  0.264751  0.161187  0.239412  0.494331  0.116466  0.323263  0.202104  0.433938 0.0  0.276083  0.419274  0.304316  0.190884  0.129116  0.138049  0.427583  0.098993  0.132375  0.540591  0.269253  0.643005  0.318161  0.465664  0.239286  0.129053  0.152467  0.266265  0.305635  0.306195  0.426526  0.464398  0.177867  0.075228  0.361682  0.277515  0.262854  0.340824  0.239805  0.123478  0.243760  0.227070  0.197870  0.074069  0.278293  0.202031  0.074069  0.117375  0.404779  0.335178  0.137366  0.156123  0.306914  0.078164  0.139520  0.074069  0.148991  0.210521  0.521469  0.538316  0.490231  0.340294  0.118244  0.136211  0.172025  0.379048  0.228204  0.287734  0.311199  0.157474  0.250802  0.331667  0.100737  0.229526  0.335779  0.350514  0.181440  0.133936  0.449441  0.466315  0.285361  0.492040  0.300668  0.465323 
15  0.343603  0.380231  0.420051  0.172178  0.199552  0.074069  0.328052  0.229746  0.456182  0.369056  0.213709  0.111586  0.312811  0.161199  0.276083 0.0  0.598542  0.161830  0.221512  0.166990  0.148131  0.321879  0.342725  0.074069  0.363273  0.111211  0.750910  0.074069  0.300358  0.405024  0.231846  0.296429  0.348779  0.392017  0.074069  0.234621  0.323475  0.311434  0.269737  0.554712  0.366543  0.371360  0.341801  0.387231  0.311923  0.377639  0.124406  0.469330  0.300071  0.198581  0.263181  0.241615  0.074069  0.512610  0.242198  0.391496  0.309107  0.116526  0.084507  0.208105  0.343123  0.338030  0.078251  0.318341  0.376787  0.323727  0.423842  0.307183  0.342014  0.419662  0.302622  0.074069  0.240445  0.087657  0.267071  0.079000  0.175583  0.251793  0.139730  0.097001  0.145926  0.122992  0.146424  0.335227  0.243531  0.133326  0.266335  0.463007  0.309523 
16  0.422973  0.296645  0.466478  0.522177  0.455915  0.602005  0.347356  0.641374  0.341556  0.863872  0.518669  0.745531  0.390779  0.768187  0.419274  0.598542 0.0  0.714397  0.587036  0.737005  0.438903  0.872375  0.603017  0.636611  0.926535  0.667339  0.235052  0.700140  0.848449  0.408292  0.364221  0.589700  0.464758  0.405768  0.659085  0.730401  0.844066  0.443800  0.564059  0.493479  0.407393  0.421465  0.895772  0.458388  0.535313  0.373980  0.634336  0.397563  0.538777  0.725169  0.397628  0.420210  0.641983  0.340168  0.756472  0.402115  0.525319  0.648302  0.425213  0.417480  0.509590  0.435877  0.658640  0.945893  0.883021  0.816373  0.418688  0.491709  0.458499  0.352615  0.733792  0.672992  0.876576  0.648835  0.391680  0.713608  0.758482  0.484137  0.706007  0.691633  0.699042  0.674370  0.603949  0.905090  0.907178  0.645700  0.846901  0.245697  0.854863 
17  0.352665  0.378674  0.371628  0.333590  0.203556  0.074069  0.411108  0.265701  0.489104  0.324702  0.273957  0.126257  0.349799  0.188046  0.304316  0.161830  0.714397 0.0  0.187324  0.140335  0.306147  0.203614  0.230828  0.284075  0.138118  0.149739  0.683878  0.103704  0.224133  0.456451  0.322409  0.218539  0.414777  0.317519  0.074069  0.132704  0.404782  0.380127  0.251832  0.573708  0.457717  0.437945  0.311829  0.323759  0.373126  0.377513  0.217607  0.317789  0.280445  0.232926  0.376953  0.201438  0.323036  0.626120  0.145387  0.421170  0.345927  0.186042  0.313608  0.355227  0.268723  0.450048  0.123537  0.329984  0.366071  0.312303  0.427387  0.240772  0.286395  0.455861  0.257886  0.144727  0.181226  0.074069  0.311065  0.074069  0.215328  0.348432  0.098331  0.148454  0.114937  0.277332  0.252002  0.231300  0.232693  0.186014  0.246621  0.421857  0.297833 
18  0.074069  0.392899  0.209355  0.222355  0.305252  0.153432  0.246974  0.136458  0.311384  0.301381  0.147194  0.186310  0.233130  0.296399  0.190884  0.221512  0.587036  0.187324 0.0  0.074069  0.216869  0.231393  0.105939  0.130947  0.346961  0.225091  0.681224  0.074069  0.404799  0.219688  0.286162  0.117217  0.361300  0.347923  0.214608  0.270868  0.312794  0.352183  0.196948  0.440668  0.382633  0.340425  0.400095  0.233010  0.318161  0.248123  0.115847  0.231335  0.247713  0.337962  0.184365  0.137627  0.123454  0.591827  0.319662  0.269582  0.187440  0.135152  0.233402  0.098580  0.274111  0.310106  0.218863  0.332932  0.299646  0.398775  0.295470  0.144443  0.273914  0.360377  0.304003  0.225624  0.438267  0.221338  0.219678  0.104202  0.290817  0.074069  0.229276  0.150168  0.168798  0.173992  0.098857  0.443298  0.304545  0.219702  0.368139  0.323738  0.349635 
19  0.307226  0.452045  0.271522  0.282578  0.130117  0.146012  0.309168  0.213462  0.290548  0.384275  0.322164  0.165583  0.267266  0.281291  0.129116  0.166990  0.737005  0.140335  0.074069 0.0  0.150964  0.260593  0.231765  0.074069  0.329258  0.250226  0.719619  0.121076  0.297715  0.391167  0.291629  0.178079  0.333022  0.432782  0.105842  0.233986  0.341158  0.336850  0.185343  0.526718  0.310362  0.366711  0.279456  0.418532  0.124218  0.354463  0.074069  0.366664  0.269050  0.248677  0.250758  0.178145  0.097913  0.503217  0.317523  0.331760  0.202903  0.158808  0.221257  0.139767  0.191620  0.346774  0.074069  0.224186  0.325671  0.258458  0.295720  0.238643  0.401103  0.460637  0.323406  0.100023  0.327312  0.103690  0.230977  0.150253  0.213495  0.193458  0.190966  0.239977  0.105541  0.164655  0.116877  0.351828  0.364522  0.094554  0.314246  0.401472  0.339423 
20  0.188279  0.235791  0.105474  0.099471  0.186475  0.183274  0.089850  0.214286  0.353308  0.539050  0.074069  0.327140  0.277018  0.462139  0.138049  0.148131  0.438903  0.306147  0.216869  0.150964 0.0  0.368094  0.083141  0.143194  0.514139  0.311753  0.537157  0.265524  0.418043  0.304698  0.209771  0.223651  0.265665  0.120151  0.219368  0.398202  0.460464  0.227235  0.221602  0.556827  0.342544  0.357869  0.421720  0.311139  0.302343  0.074069  0.258959  0.284512  0.150650  0.433169  0.095293  0.074069  0.241472  0.340041  0.343187  0.253971  0.074069  0.379281  0.117619  0.212292  0.139127  0.109894  0.324403  0.578905  0.517923  0.585613  0.241961  0.203827  0.221070  0.328984  0.380404  0.257008  0.381759  0.309663  0.134739  0.368464  0.421980  0.215902  0.353154  0.224954  0.242019  0.262215  0.074069  0.460432  0.449397  0.213854  0.451625  0.233090  0.511274 
21  0.419481  0.435804  0.473761  0.424066  0.352766  0.373175  0.509343  0.443411  0.567979  0.187970  0.426196  0.225374  0.452559  0.210021  0.427583  0.321879  0.872375  0.203614  0.231393  0.260593  0.368094 0.0  0.380516  0.336704  0.241237  0.292139  0.873943  0.167250  0.099473  0.594541  0.408798  0.345031  0.605123  0.486919  0.270659  0.114855  0.093418  0.479637  0.435209  0.689330  0.499021  0.604851  0.109964  0.571548  0.490224  0.558296  0.137467  0.573205  0.413339  0.126702  0.395342  0.408378  0.303170  0.787548  0.074069  0.593289  0.415935  0.204548  0.277176  0.450909  0.405274  0.537779  0.280802  0.121671  0.183634  0.199112  0.487884  0.432218  0.408718  0.651711  0.074069  0.107021  0.225465  0.174303  0.447422  0.264527  0.097398  0.412110  0.133905  0.199307  0.281019  0.383705  0.371852  0.110481  0.188666  0.122016  0.131342  0.565945  0.074069 
22  0.216337  0.314061  0.215188  0.159604  0.172848  0.277318  0.204046  0.168160  0.278341  0.448517  0.074069  0.250870  0.302260  0.411968  0.098993  0.342725  0.603017  0.230828  0.105939  0.231765  0.083141  0.380516 0.0  0.131294  0.451311  0.259866  0.704762  0.245748  0.438582  0.362820  0.135366  0.160973  0.303961  0.228681  0.276552  0.366411  0.520194  0.240643  0.154258  0.454009  0.326099  0.354886  0.430129  0.268168  0.229497  0.195665  0.181021  0.101329  0.197126  0.327788  0.116371  0.107386  0.176430  0.400554  0.384755  0.148031  0.074069  0.269761  0.074069  0.074069  0.074069  0.102464  0.304816  0.515091  0.616562  0.427168  0.232460  0.329337  0.154865  0.311641  0.504253  0.289492  0.425504  0.252526  0.178092  0.310363  0.400816  0.158499  0.428357  0.309280  0.199354  0.279050  0.166767  0.525312  0.473122  0.347301  0.358090  0.260869  0.504504 
23  0.159566  0.406434  0.156312  0.139696  0.105820  0.094877  0.256379  0.165858  0.290537  0.638438  0.265689  0.175162  0.212427  0.264463  0.132375  0.074069  0.636611  0.284075  0.130947  0.074069  0.143194  0.336704  0.131294 0.0  0.385379  0.262054  0.658625  0.219390  0.323004  0.369535  0.257529  0.162878  0.231028  0.403542  0.152941  0.213787  0.375063  0.303227  0.144328  0.492105  0.268344  0.343991  0.502641  0.343871  0.185022  0.185388  0.142954  0.247922  0.155774  0.218293  0.165624  0.080898  0.212789  0.552802  0.326879  0.183278  0.242680  0.180942  0.074069  0.095317  0.089577  0.196007  0.233418  0.357116  0.489907  0.406906  0.264414  0.074069  0.264240  0.351807  0.345971  0.151924  0.363800  0.172366  0.131456  0.122462  0.334038  0.149396  0.287171  0.280866  0.156952  0.224587  0.135389  0.349985  0.404009  0.266067  0.380058  0.377091  0.492033 
24  0.494692  0.554673  0.613844  0.508719  0.443671  0.260840  0.648296  0.438537  0.607913  0.135298  0.543163  0.227490  0.498888  0.114123  0.540591  0.363273  0.926535  0.138118  0.346961  0.329258  0.514139  0.241237  0.451311  0.385379 0.0  0.256011  0.932552  0.343933  0.106761  0.693117  0.572922  0.304130  0.730505  0.637488  0.205629  0.254594  0.088629  0.436043  0.520698  0.756373  0.605791  0.646748  0.162437  0.624536  0.465478  0.510002  0.370007  0.480344  0.357874  0.248139  0.482955  0.582370  0.474636  0.753334  0.154939  0.590365  0.486434  0.196068  0.500685  0.505606  0.500356  0.591367  0.303510  0.156472  0.143031  0.179699  0.666349  0.475862  0.447397  0.578641  0.189625  0.312884  0.074069  0.282968  0.528804  0.290832  0.124694  0.455756  0.238463  0.302464  0.400854  0.364296  0.477201  0.113283  0.100285  0.340914  0.113334  0.631419  0.074069 
25  0.246755  0.396802  0.361377  0.285738  0.194326  0.155610  0.508791  0.287424  0.531313  0.311036  0.300478  0.146940  0.368750  0.257364  0.269253  0.111211  0.667339  0.149739  0.225091  0.250226  0.311753  0.292139  0.259866  0.262054  0.256011 0.0  0.756043  0.074069  0.178404  0.493357  0.411566  0.205701  0.458000  0.375469  0.077587  0.079778  0.348259  0.356269  0.321658  0.568123  0.475847  0.348156  0.296823  0.462139  0.325549  0.503093  0.115742  0.439722  0.277903  0.109335  0.453891  0.280007  0.216374  0.606360  0.094270  0.339501  0.270730  0.142495  0.373910  0.289586  0.296166  0.310493  0.093105  0.277051  0.373621  0.364208  0.487577  0.305337  0.370437  0.451748  0.157783  0.205987  0.407485  0.074069  0.273541  0.251345  0.122839  0.259117  0.074069  0.081423  0.158168  0.096022  0.288287  0.220648  0.349975  0.104251  0.198461  0.562890  0.177605 
26  0.595535  0.443744  0.449140  0.454215  0.594081  0.647025  0.420314  0.630005  0.423428  0.912493  0.537753  0.723106  0.551680  0.885230  0.643005  0.750910  0.235052  0.683878  0.681224  0.719619  0.537157  0.873943  0.704762  0.658625  0.932552  0.756043 0.0  0.790819  0.845950  0.408695  0.505158  0.712719  0.445882  0.527557  0.721218  0.856507  1.000000  0.625380  0.660661  0.597179  0.625246  0.530147  0.927132  0.416503  0.609433  0.480178  0.640258  0.478497  0.453233  0.789459  0.446240  0.529293  0.546391  0.366987  0.893068  0.492558  0.532207  0.747333  0.438110  0.648742  0.501750  0.428937  0.816884  0.895201  0.914758  0.934658  0.388572  0.603212  0.452860  0.372801  0.846537  0.775312  0.919683  0.753720  0.592604  0.781158  0.815875  0.682282  0.714328  0.795202  0.736291  0.571829  0.691579  0.853853  0.968425  0.734084  0.976451  0.365717  0.922170 
27  0.289142  0.443346  0.389418  0.087731  0.296841  0.074069  0.378301  0.254635  0.484455  0.418954  0.287336  0.113598  0.335040  0.208067  0.318161  0.074069  0.700140  0.103704  0.074069  0.121076  0.265524  0.167250  0.245748  0.219390  0.343933  0.074069  0.790819 0.0  0.212509  0.451105  0.256648  0.142863  0.396899  0.403067  0.074069  0.176330  0.331724  0.418036  0.210341  0.677664  0.422678  0.427444  0.287649  0.342096  0.345101  0.427847  0.074069  0.320108  0.331504  0.117615  0.269605  0.218266  0.198341  0.621245  0.296921  0.357864  0.273248  0.074069  0.294080  0.342614  0.291065  0.324013  0.082171  0.360721  0.354244  0.404480  0.329294  0.230627  0.305720  0.486576  0.278407  0.074069  0.332151  0.074069  0.259984  0.126360  0.302879  0.256561  0.111508  0.074069  0.129236  0.239035  0.132069  0.372280  0.411384  0.146282  0.374960  0.585302  0.265787 
28  0.396455  0.602330  0.511568  0.426703  0.449264  0.337402  0.566363  0.482708  0.514951  0.218855  0.293267  0.128572  0.508257  0.137843  0.465664  0.300358  0.848449  0.224133  0.404799  0.297715  0.418043  0.099473  0.438582  0.323004  0.106761  0.178404  0.845950  0.212509 0.0  0.543250  0.364694  0.379287  0.563017  0.497705  0.323128  0.177792  0.088263  0.467580  0.307013  0.689603  0.634630  0.531218  0.125334  0.546106  0.433123  0.546491  0.313775  0.541055  0.518752  0.175135  0.463092  0.357639  0.536157  0.786051  0.074069  0.567409  0.403229  0.209486  0.394181  0.485934  0.455983  0.432626  0.178433  0.074069  0.138855  0.204303  0.571452  0.414506  0.540455  0.529452  0.089238  0.291875  0.127398  0.212982  0.364309  0.222868  0.125166  0.337245  0.100674  0.243073  0.272346  0.339095  0.275960  0.082750  0.074069  0.199718  0.188776  0.644756  0.089414 
29  0.180628  0.115057  0.172844  0.152906  0.309409  0.431878  0.252516  0.320569  0.074069  0.574816  0.315331  0.548214  0.122410  0.481816  0.239286  0.405024  0.408292  0.456451  0.219688  0.391167  0.304698  0.594541  0.362820  0.369535  0.693117  0.493357  0.408695  0.451105  0.543250 0.0  0.164045  0.314500  0.131034  0.214369  0.500582  0.652264  0.604205  0.421123  0.326681  0.315855  0.140246  0.185047  0.716864  0.074069  0.309127  0.142334  0.343865  0.227936  0.270684  0.348714  0.272319  0.397315  0.218201  0.359619  0.611727  0.142563  0.288986  0.615625  0.201708  0.279558  0.194079  0.224691  0.425836  0.628089  0.687132  0.690318  0.331839  0.215479  0.098883  0.339670  0.558353  0.437352  0.642078  0.389284  0.270002  0.515033  0.671856  0.336639  0.439535  0.260459  0.427348  0.349387  0.236264  0.639986  0.749747  0.505799  0.639928  0.074069  0.670484 
30  0.218838  0.119747  0.134216  0.080909  0.164517  0.203249  0.074069  0.265538  0.318097  0.559407  0.196584  0.400007  0.275753  0.390424  0.129053  0.231846  0.364221  0.322409  0.286162  0.291629  0.209771  0.408798  0.135366  0.257529  0.572922  0.411566  0.505158  0.256648  0.364694  0.164045 0.0  0.262981  0.163839  0.234806  0.270061  0.352179  0.588256  0.268278  0.255052  0.424648  0.340379  0.248078  0.560736  0.192492  0.187022  0.104792  0.183861  0.074069  0.120085  0.458782  0.139870  0.084110  0.238778  0.395364  0.552942  0.118074  0.158014  0.360519  0.098678  0.166497  0.118264  0.097605  0.250685  0.530844  0.535647  0.488946  0.074069  0.190645  0.074069  0.285870  0.517565  0.261073  0.502270  0.287097  0.109662  0.279274  0.549547  0.152110  0.358916  0.303896  0.290152  0.314787  0.287671  0.513261  0.551614  0.392722  0.590082  0.106609  0.451965 
31  0.100807  0.259978  0.195174  0.116374  0.222601  0.198806  0.268085  0.216718  0.317330  0.499258  0.074069  0.225804  0.200474  0.275284  0.152467  0.296429  0.589700  0.218539  0.117217  0.178079  0.223651  0.345031  0.160973  0.162878  0.304130  0.205701  0.712719  0.142863  0.379287  0.314500  0.262981 0.0  0.327722  0.329895  0.195484  0.221572  0.400523  0.218258  0.167384  0.352534  0.350244  0.266759  0.498355  0.250934  0.098775  0.339469  0.074069  0.270781  0.193708  0.261190  0.172918  0.139435  0.154114  0.598564  0.387822  0.354576  0.246778  0.188342  0.140402  0.129234  0.136828  0.187744  0.131886  0.416184  0.410062  0.350781  0.296768  0.167305  0.209044  0.347673  0.374871  0.180895  0.429718  0.074069  0.074069  0.298770  0.327387  0.192397  0.147801  0.157162  0.149935  0.230222  0.096565  0.493626  0.390645  0.166872  0.360082  0.388105  0.358803 
32  0.186951  0.231838  0.309490  0.256085  0.256208  0.322234  0.318619  0.250037  0.121182  0.638176  0.259344  0.488274  0.135062  0.503278  0.266265  0.348779  0.464758  0.414777  0.361300  0.333022  0.265665  0.605123  0.303961  0.231028  0.730505  0.458000  0.445882  0.396899  0.563017  0.131034  0.163839  0.327722 0.0  0.415802  0.367466  0.377030  0.596727  0.340570  0.248965  0.197972  0.092677  0.186473  0.608134  0.193570  0.093316  0.222744  0.429617  0.271715  0.299327  0.463081  0.310139  0.278419  0.130970  0.527725  0.459659  0.109925  0.382811  0.352569  0.303072  0.305139  0.391082  0.258537  0.473318  0.609809  0.593963  0.596046  0.261651  0.210224  0.239036  0.402471  0.611668  0.468634  0.619575  0.516519  0.218093  0.413207  0.463164  0.287913  0.446728  0.444813  0.364298  0.427105  0.332455  0.604490  0.627384  0.506961  0.583109  0.292979  0.497913 
33  0.222474  0.372499  0.178889  0.297094  0.205878  0.259148  0.125868  0.325065  0.448393  0.443333  0.194249  0.368834  0.332700  0.445396  0.305635  0.392017  0.405768  0.317519  0.347923  0.432782  0.120151  0.486919  0.228681  0.403542  0.637488  0.375469  0.527557  0.403067  0.497705  0.214369  0.234806  0.329895  0.415802 0.0  0.327313  0.361347  0.510934  0.099202  0.161060  0.485775  0.410116  0.389607  0.424553  0.438308  0.377879  0.224940  0.236928  0.206739  0.247942  0.518017  0.220538  0.183580  0.329022  0.350852  0.471904  0.157202  0.194565  0.255081  0.084971  0.303359  0.201932  0.149775  0.470905  0.546923  0.620393  0.604807  0.261645  0.330330  0.204229  0.108596  0.510251  0.399107  0.559431  0.303817  0.277145  0.398169  0.483584  0.227112  0.356902  0.342198  0.385192  0.334766  0.111889  0.499698  0.493148  0.363056  0.486872  0.292376  0.551915 
34  0.300447  0.405448  0.331846  0.234673  0.279396  0.074069  0.360603  0.185772  0.453000  0.503057  0.148436  0.074069  0.311770  0.287555  0.306195  0.074069  0.659085  0.074069  0.214608  0.105842  0.219368  0.270659  0.276552  0.152941  0.205629  0.077587  0.721218  0.074069  0.323128  0.500582  0.270061  0.195484  0.367466  0.327313 0.0  0.190907  0.352348  0.304696  0.227383  0.643171  0.314583  0.299903  0.199323  0.567105  0.329270  0.238096  0.119161  0.404510  0.242031  0.190997  0.248932  0.230764  0.170749  0.619622  0.247456  0.348394  0.210298  0.095522  0.271695  0.275476  0.246064  0.363476  0.074069  0.174096  0.334593  0.259984  0.307508  0.326455  0.135462  0.428738  0.243266  0.096573  0.329591  0.127325  0.343624  0.074947  0.251642  0.166152  0.098108  0.074069  0.118698  0.153647  0.249756  0.296250  0.326905  0.120786  0.303265  0.376242  0.373527 
35  0.389023  0.537214  0.375171  0.317932  0.267514  0.130560  0.463139  0.280549  0.402362  0.229415  0.291654  0.074069  0.508257  0.173259  0.426526  0.234621  0.730401  0.132704  0.270868  0.233986  0.398202  0.114855  0.366411  0.213787  0.254594  0.079778  0.856507  0.176330  0.177792  0.652264  0.352179  0.221572  0.377030  0.361347  0.190907 0.0  0.162642  0.364924  0.354930  0.477664  0.516265  0.461134  0.188662  0.474496  0.413866  0.558582  0.205580  0.390918  0.313498  0.136752  0.396035  0.287563  0.365586  0.712808  0.151973  0.548938  0.307795  0.162049  0.217376  0.356185  0.347581  0.448241  0.151232  0.203418  0.366988  0.283765  0.452286  0.353006  0.392217  0.451714  0.074069  0.143055  0.199943  0.115476  0.372908  0.238609  0.121043  0.263566  0.074069  0.074069  0.221350  0.206947  0.193739  0.265578  0.168836  0.163904  0.282299  0.558021  0.074069 
36  0.431582  0.502783  0.571995  0.457508  0.412805  0.315279  0.621434  0.473408  0.650332  0.164659  0.412864  0.298743  0.517108  0.233726  0.464398  0.323475  0.844066  0.404782  0.312794  0.341158  0.460464  0.093418  0.520194  0.375063  0.088629  0.348259  1.000000  0.331724  0.088263  0.604205  0.588256  0.400523  0.596727  0.510934  0.352348  0.162642 0.0  0.496792  0.406245  0.758173  0.667154  0.643948  0.160431  0.487292  0.436952  0.651634  0.270923  0.530637  0.462763  0.223008  0.420175  0.424668  0.429974  0.744994  0.140028  0.583034  0.457370  0.308341  0.484609  0.419407  0.425380  0.517699  0.231010  0.074069  0.093341  0.101593  0.568005  0.562170  0.447821  0.473604  0.118618  0.377791  0.104312  0.248667  0.419334  0.319056  0.149851  0.406858  0.255902  0.255597  0.305485  0.389309  0.350373  0.080846  0.128640  0.271694  0.100732  0.783552  0.093171 
37  0.225520  0.244744  0.138285  0.284889  0.209804  0.348813  0.266043  0.342115  0.371179  0.469855  0.205708  0.495603  0.346559  0.455373  0.177867  0.311434  0.443800  0.380127  0.352183  0.336850  0.227235  0.479637  0.240643  0.303227  0.436043  0.356269  0.625380  0.418036  0.467580  0.421123  0.268278  0.218258  0.340570  0.099202  0.304696  0.364924  0.496792 0.0  0.296931  0.516971  0.485829  0.398678  0.445805  0.279696  0.281768  0.214084  0.311159  0.228357  0.300078  0.298534  0.086502  0.138307  0.286542  0.242289  0.412523  0.349260  0.262782  0.386380  0.147601  0.254364  0.334926  0.141523  0.276788  0.473505  0.523334  0.468735  0.108874  0.237054  0.276159  0.249851  0.438790  0.357886  0.510627  0.417129  0.349641  0.377698  0.429203  0.164550  0.393004  0.325227  0.334387  0.209728  0.078596  0.502694  0.492692  0.279781  0.421496  0.292822  0.466259 
38  0.103055  0.256447  0.135270  0.158137  0.170485  0.177961  0.289812  0.178346  0.265109  0.693234  0.198642  0.215189  0.163248  0.356230  0.075228  0.269737  0.564059  0.251832  0.196948  0.185343  0.221602  0.435209  0.154258  0.144328  0.520698  0.321658  0.660661  0.210341  0.307013  0.326681  0.255052  0.167384  0.248965  0.161060  0.227383  0.354930  0.406245  0.296931 0.0  0.412192  0.283540  0.249715  0.414711  0.282551  0.074069  0.220958  0.162941  0.315482  0.074069  0.352792  0.208027  0.074951  0.157387  0.467496  0.315568  0.168777  0.221168  0.338856  0.206492  0.132528  0.212075  0.268297  0.324227  0.472664  0.533044  0.368009  0.339102  0.157883  0.206950  0.333998  0.425115  0.182859  0.512487  0.222478  0.167404  0.180604  0.558364  0.143361  0.261918  0.234364  0.241137  0.255448  0.203974  0.483268  0.372220  0.261565  0.472837  0.363886  0.404236 
39  0.466238  0.296160  0.498242  0.351721  0.588867  0.535174  0.421400  0.215884  0.231802  0.933424  0.423985  0.554810  0.261806  0.711117  0.361682  0.554712  0.493479  0.573708  0.440668  0.526718  0.556827  0.689330  0.454009  0.492105  0.756373  0.568123  0.597179  0.677664  0.689603  0.315855  0.424648  0.352534  0.197972  0.485775  0.643171  0.477664  0.758173  0.516971  0.412192 0.0  0.136746  0.118669  0.752343  0.178356  0.293068  0.391382  0.472181  0.394086  0.436290  0.579914  0.476262  0.553327  0.346074  0.577293  0.692351  0.341362  0.524358  0.566289  0.361883  0.390701  0.403767  0.271030  0.610415  0.713272  0.856639  0.762872  0.444007  0.320461  0.369730  0.686598  0.715443  0.568524  0.770926  0.494593  0.400339  0.546900  0.601977  0.518089  0.591273  0.649377  0.563733  0.477356  0.483915  0.768435  0.839875  0.446601  0.686548  0.263669  0.750217 
40  0.297649  0.176991  0.294798  0.260726  0.220651  0.295300  0.186502  0.181990  0.131865  0.782986  0.332298  0.560952  0.173461  0.551495  0.277515  0.366543  0.407393  0.457717  0.382633  0.310362  0.342544  0.499021  0.326099  0.268344  0.605791  0.475847  0.625246  0.422678  0.634630  0.140246  0.340379  0.350244  0.092677  0.410116  0.314583  0.516265  0.667154  0.485829  0.283540  0.136746 0.0  0.123514  0.615528  0.104213  0.181808  0.171868  0.365247  0.281491  0.269213  0.397438  0.298219  0.315749  0.279925  0.557708  0.484700  0.152741  0.309376  0.346016  0.211925  0.310537  0.306877  0.261683  0.445568  0.504989  0.666399  0.620844  0.320822  0.130478  0.198587  0.470797  0.706221  0.318442  0.653648  0.420262  0.211736  0.379907  0.599858  0.275321  0.507310  0.439016  0.401230  0.395580  0.346216  0.762559  0.707835  0.522225  0.593090  0.167120  0.607134 
41  0.249268  0.174791  0.313900  0.317048  0.258110  0.414317  0.290049  0.295993  0.100581  0.616164  0.298074  0.511562  0.102019  0.444827  0.262854  0.371360  0.421465  0.437945  0.340425  0.366711  0.357869  0.604851  0.354886  0.343991  0.646748  0.348156  0.530147  0.427444  0.531218  0.185047  0.248078  0.266759  0.186473  0.389607  0.299903  0.461134  0.643948  0.398678  0.249715  0.118669  0.123514 0.0  0.603907  0.099121  0.236815  0.256461  0.386183  0.249761  0.319899  0.462973  0.333313  0.308140  0.267293  0.654101  0.479101  0.322046  0.258761  0.540687  0.190545  0.322172  0.401605  0.223655  0.342512  0.694475  0.717301  0.592230  0.325707  0.235250  0.231350  0.381681  0.622017  0.394597  0.517275  0.434155  0.234075  0.384421  0.563781  0.301510  0.461995  0.345697  0.385922  0.341958  0.318297  0.542217  0.647286  0.346030  0.636415  0.268462  0.695875 
42  0.501461  0.631955  0.508279  0.477372  0.374915  0.336574  0.579090  0.468436  0.753466  0.086536  0.367657  0.231437  0.529182  0.170098  0.340824  0.341801  0.895772  0.311829  0.400095  0.279456  0.421720  0.109964  0.430129  0.502641  0.162437  0.296823  0.927132  0.287649  0.125334  0.716864  0.560736  0.498355  0.608134  0.424553  0.199323  0.188662  0.160431  0.445805  0.414711  0.752343  0.615528  0.603907 0.0  0.652471  0.423076  0.495322  0.405326  0.587767  0.522569  0.186057  0.433785  0.368630  0.516809  0.712985  0.176654  0.671911  0.487727  0.312671  0.572643  0.488037  0.502383  0.524431  0.389773  0.233341  0.074069  0.126823  0.623531  0.474032  0.519980  0.650445  0.163914  0.350629  0.095559  0.212455  0.599762  0.175543  0.297512  0.287555  0.252671  0.283086  0.252534  0.244329  0.512164  0.134974  0.117162  0.276207  0.227234  0.672988  0.074069 
43  0.268740  0.103030  0.239461  0.102544  0.278420  0.407066  0.241443  0.323128  0.232251  0.752529  0.267463  0.333167  0.125355  0.488914  0.239805  0.387231  0.458388  0.323759  0.233010  0.418532  0.311139  0.571548  0.268168  0.343871  0.624536  0.462139  0.416503  0.342096  0.546106  0.074069  0.192492  0.250934  0.193570  0.438308  0.567105  0.474496  0.487292  0.279696  0.282551  0.178356  0.104213  0.099121  0.652471 0.0  0.250780  0.234742  0.313255  0.107860  0.207049  0.483795  0.197400  0.314853  0.158142  0.403244  0.455951  0.228226  0.255440  0.429821  0.218564  0.276716  0.259851  0.226623  0.411394  0.653070  0.678752  0.644566  0.166175  0.195013  0.339971  0.298676  0.496211  0.402197  0.551057  0.505535  0.196767  0.416370  0.568542  0.301875  0.472806  0.324615  0.315750  0.325916  0.337026  0.547440  0.657474  0.381152  0.591001  0.146629  0.583290 
44  0.155801  0.229683  0.244738  0.179573  0.174051  0.239632  0.236544  0.208826  0.257385  0.582647  0.263978  0.297165  0.134174  0.396267  0.123478  0.311923  0.535313  0.373126  0.318161  0.124218  0.302343  0.490224  0.229497  0.185022  0.465478  0.325549  0.609433  0.345101  0.433123  0.309127  0.187022  0.098775  0.093316  0.377879  0.329270  0.413866  0.436952  0.281768  0.074069  0.293068  0.181808  0.236815  0.423076  0.250780 0.0  0.376292  0.192556  0.253105  0.223884  0.323772  0.185686  0.245422  0.141003  0.510292  0.466745  0.209162  0.201368  0.281076  0.191951  0.243066  0.195770  0.317664  0.220436  0.378668  0.625748  0.539734  0.308505  0.169558  0.203869  0.420089  0.361052  0.166724  0.410135  0.278082  0.135474  0.286305  0.382996  0.170211  0.307146  0.316958  0.261280  0.356264  0.171704  0.504186  0.445044  0.285285  0.561164  0.412758  0.469648 
