89
0 0.0  0.210647  0.133416  0.126760  0.283566  0.265416  0.141476  0.154031  0.264596  0.478282  0.126118  0.254170  0.187674  0.457515  0.098250  0.320437  0.466078  0.220652  0.150321  0.269234  0.122926  0.427784  0.123024  0.226099  0.481994  0.254231  0.558187  0.378108  0.474264  0.234998  0.096043  0.126413  0.290798  0.286245  0.275489  0.326035  0.412667  0.287806  0.159802  0.386828  0.278413  0.263033  0.392443  0.201485  0.193961  0.181550  0.298986  0.146151  0.096043  0.353205  0.151130  0.182390  0.155392  0.408693  0.389070  0.288970  0.116762  0.296181  0.096043  0.153744  0.096043  0.131330  0.275999  0.466733  0.446865  0.415855  0.256579  0.152513  0.221962  0.356148  0.311397  0.219841  0.485479  0.349085  0.166691  0.212756  0.361658  0.143297  0.307446  0.281218  0.241526  0.338591  0.296576  0.442569  0.404230  0.295236  0.578637  0.298888  0.536265 
1  0.210647 0.0  0.258077  0.319614  0.378880  0.345207  0.173186  0.204028  0.161182  0.674670  0.249964  0.437547  0.190173  0.570062  0.238027  0.405147  0.269105  0.417204  0.327711  0.340284  0.171055  0.529561  0.265858  0.289892  0.681485  0.454596  0.412974  0.478951  0.594601  0.096043  0.143799  0.465050  0.244818  0.341605  0.344028  0.499983  0.577929  0.254407  0.303678  0.252757  0.222886  0.096043  0.618951  0.169248  0.195715  0.212599  0.347525  0.199399  0.292129  0.473898  0.347047  0.256568  0.197280  0.476368  0.534607  0.096043  0.315093  0.410414  0.096043  0.268771  0.212704  0.238063  0.342476  0.551377  0.764303  0.638325  0.220414  0.190567  0.244054  0.399846  0.531589  0.413363  0.615541  0.361621  0.250165  0.351842  0.617085  0.318092  0.460102  0.390263  0.327318  0.370928  0.377680  0.669348  0.555222  0.467277  0.636939  0.262059  0.536626 
2  0.133416  0.258077 0.0  0.203847  0.232656  0.262307  0.206333  0.338845  0.240412  0.526744  0.158942  0.473278  0.184245  0.509423  0.138605  0.301022  0.426189  0.436305  0.252315  0.379642  0.155159  0.433039  0.155551  0.219139  0.480735  0.233689  0.379834  0.244837  0.564151  0.160578  0.141643  0.158372  0.302008  0.248843  0.377675  0.333127  0.554158  0.248323  0.204147  0.417448  0.345502  0.398171  0.552044  0.302810  0.228178  0.188211  0.289214  0.125612  0.151021  0.497519  0.111734  0.270784  0.208848  0.384666  0.498701  0.213943  0.217735  0.367962  0.163924  0.198558  0.268404  0.096043  0.355826  0.474718  0.517828  0.528420  0.200474  0.300066  0.119628  0.160327  0.529702  0.454165  0.468638  0.411833  0.200721  0.391552  0.414043  0.218861  0.426457  0.348557  0.299763  0.314258  0.257250  0.545119  0.483187  0.308162  0.530209  0.249263  0.533861 
3  0.126760  0.319614  0.203847 0.0  0.147954  0.243672  0.176881  0.215653  0.280686  0.523731  0.096043  0.289732  0.227261  0.354833  0.147673  0.150917  0.503431  0.281986  0.197201  0.177209  0.096043  0.412426  0.193757  0.186203  0.445983  0.285777  0.505145  0.263489  0.499136  0.330917  0.207618  0.213742  0.200271  0.251327  0.302072  0.394711  0.447878  0.131384  0.208430  0.375840  0.273737  0.310654  0.571109  0.277532  0.173859  0.336125  0.264582  0.132539  0.123485  0.380822  0.117457  0.107317  0.175942  0.428854  0.400424  0.254582  0.099917  0.371680  0.167774  0.221521  0.096043  0.197975  0.306444  0.402382  0.530406  0.541665  0.208489  0.117400  0.202429  0.336951  0.404275  0.187539  0.539574  0.304116  0.138416  0.253746  0.378330  0.120145  0.259409  0.199382  0.297991  0.227587  0.187170  0.494209  0.520743  0.282935  0.465137  0.282386  0.426813 
4  0.283566  0.378880  0.232656  0.147954 0.0  0.237391  0.202796  0.230107  0.334749  0.313225  0.224542  0.250104  0.218163  0.412829  0.096043  0.216491  0.397658  0.321458  0.143507  0.155253  0.210918  0.409566  0.178744  0.188413  0.478177  0.232957  0.607630  0.278798  0.422500  0.205281  0.233308  0.130129  0.395415  0.303110  0.122893  0.209365  0.426673  0.187361  0.254910  0.402258  0.299692  0.352310  0.388828  0.333622  0.162861  0.166372  0.249307  0.096043  0.096043  0.277599  0.184010  0.096043  0.129241  0.451441  0.343552  0.182818  0.096043  0.341192  0.180314  0.096043  0.096043  0.184561  0.295126  0.369578  0.410968  0.466843  0.230381  0.197514  0.140148  0.297354  0.376275  0.331406  0.368353  0.298329  0.170030  0.218656  0.430143  0.130414  0.335439  0.218985  0.276808  0.196178  0.228095  0.426932  0.394072  0.234643  0.421231  0.293434  0.371257 
5  0.265416  0.345207  0.262307  0.243672  0.237391 0.0  0.395105  0.276961  0.309186  0.287344  0.261098  0.137389  0.248134  0.281146  0.309774  0.096043  0.667779  0.096043  0.188214  0.156655  0.309204  0.297382  0.245522  0.216174  0.423093  0.316073  0.679535  0.112002  0.230292  0.375801  0.341132  0.133311  0.304211  0.285197  0.096043  0.190435  0.348569  0.361868  0.290863  0.369312  0.266546  0.487788  0.422595  0.439962  0.320008  0.378538  0.137808  0.269631  0.301556  0.128385  0.154608  0.175208  0.260596  0.523782  0.263410  0.423358  0.276829  0.120009  0.274586  0.239807  0.316555  0.322792  0.175871  0.340089  0.384965  0.369005  0.319408  0.204692  0.387115  0.391460  0.309395  0.096043  0.262959  0.096043  0.196817  0.149184  0.342685  0.150592  0.258704  0.125822  0.122590  0.254181  0.150696  0.347250  0.318755  0.122084  0.314791  0.513005  0.329462 
6  0.141476  0.173186  0.206333  0.176881  0.202796  0.395105 0.0  0.288394  0.246626  0.578201  0.217608  0.414768  0.290035  0.483607  0.153014  0.608621  0.314265  0.444433  0.308529  0.363741  0.275484  0.562347  0.273292  0.247470  0.557572  0.373481  0.497097  0.404890  0.517198  0.142170  0.191427  0.206158  0.242990  0.245725  0.360163  0.401989  0.548597  0.320551  0.231961  0.323539  0.295225  0.254637  0.594251  0.206917  0.290613  0.126203  0.334050  0.112950  0.190182  0.381358  0.096043  0.305407  0.229926  0.412875  0.548550  0.122736  0.211195  0.498712  0.165494  0.200203  0.222056  0.096043  0.425426  0.535071  0.684841  0.507579  0.152884  0.360230  0.192604  0.170183  0.567901  0.244185  0.604405  0.358177  0.270581  0.434700  0.555908  0.204650  0.453168  0.343480  0.382979  0.329802  0.342500  0.599777  0.616023  0.438923  0.524544  0.244425  0.485471 
7  0.154031  0.204028  0.338845  0.215653  0.230107  0.276961  0.288394 0.0  0.284658  0.475371  0.172013  0.295246  0.178046  0.410568  0.106031  0.256640  0.555128  0.304142  0.120670  0.179617  0.300625  0.399185  0.276758  0.195182  0.455039  0.306551  0.614652  0.221683  0.409408  0.342109  0.282552  0.145444  0.267162  0.340129  0.316680  0.297019  0.438424  0.429427  0.106707  0.384408  0.225875  0.158867  0.501138  0.203301  0.141029  0.182805  0.267445  0.159479  0.108016  0.333998  0.252312  0.260013  0.258802  0.559348  0.419259  0.263519  0.199844  0.326488  0.245503  0.163132  0.198578  0.193125  0.270659  0.431447  0.554607  0.451976  0.334336  0.134064  0.250501  0.445647  0.389373  0.257751  0.432761  0.203309  0.096072  0.260223  0.489104  0.249779  0.344717  0.374039  0.223609  0.265209  0.277054  0.457902  0.538582  0.344511  0.463344  0.339586  0.449011 
8  0.264596  0.161182  0.240412  0.280686  0.334749  0.309186  0.246626  0.284658 0.0  0.607833  0.436429  0.515126  0.174706  0.530199  0.225763  0.522766  0.399759  0.460459  0.330683  0.368799  0.340193  0.583673  0.358168  0.331804  0.684479  0.499042  0.541825  0.371929  0.646419  0.096043  0.314718  0.392062  0.137225  0.374787  0.445177  0.424220  0.634609  0.426675  0.224040  0.296852  0.156904  0.168001  0.635004  0.138614  0.167043  0.276176  0.399578  0.324906  0.208127  0.510692  0.349445  0.350521  0.278940  0.467329  0.544762  0.183094  0.372784  0.357286  0.201089  0.239160  0.238460  0.141207  0.426065  0.717267  0.738881  0.668515  0.233047  0.276612  0.314624  0.374501  0.569703  0.534017  0.639520  0.453441  0.277396  0.530698  0.606533  0.436575  0.596183  0.426165  0.562150  0.294024  0.401802  0.609059  0.591602  0.460093  0.630150  0.141600  0.605846 
9  0.478282  0.674670  0.526744  0.523731  0.313225  0.287344  0.578201  0.475371  0.607833 0.0  0.496049  0.329631  0.605018  0.303595  0.520659  0.356349  0.956034  0.237011  0.478781  0.338588  0.492718  0.261248  0.487169  0.497872  0.145692  0.170336  1.000000  0.364160  0.132560  0.703230  0.607955  0.490907  0.649517  0.635539  0.341462  0.198469  0.210545  0.456092  0.535659  0.771371  0.654010  0.560046  0.104679  0.729574  0.474340  0.695041  0.286141  0.542879  0.522056  0.385233  0.459763  0.481873  0.541717  0.800817  0.151341  0.673546  0.502006  0.413560  0.380415  0.454739  0.631333  0.707799  0.320108  0.233849  0.096043  0.175553  0.597559  0.500418  0.653864  0.578159  0.208627  0.321736  0.241347  0.322519  0.502736  0.358673  0.208637  0.386320  0.403160  0.397204  0.481219  0.375435  0.501919  0.231729  0.138731  0.399814  0.161776  0.683608  0.166818 
10  0.126118  0.249964  0.158942  0.096043  0.224542  0.261098  0.217608  0.172013  0.436429  0.496049 0.0  0.340484  0.189246  0.371747  0.096043  0.262310  0.431941  0.314834  0.193771  0.265419  0.132211  0.456047  0.150139  0.208899  0.532718  0.237590  0.638152  0.303784  0.410079  0.307325  0.133128  0.122186  0.330298  0.185137  0.158958  0.307618  0.450257  0.170085  0.245825  0.474705  0.392233  0.399140  0.376878  0.297622  0.170385  0.220191  0.246631  0.165482  0.262662  0.445241  0.100130  0.141249  0.203548  0.447342  0.346698  0.296011  0.143961  0.233188  0.170563  0.195628  0.197788  0.178711  0.306149  0.523384  0.513355  0.441598  0.244640  0.197554  0.127396  0.258578  0.472769  0.194900  0.432219  0.274867  0.276035  0.251101  0.364054  0.157986  0.282032  0.299654  0.283560  0.213764  0.157966  0.438144  0.465752  0.352872  0.305227  0.409555  0.460557 
11  0.254170  0.437547  0.473278  0.289732  0.250104  0.137389  0.414768  0.295246  0.515126  0.329631  0.340484 0.0  0.459751  0.199888  0.259145  0.200851  0.715713  0.096043  0.220855  0.157932  0.304191  0.170220  0.362092  0.217570  0.273030  0.096043  0.755128  0.176394  0.210545  0.513166  0.371468  0.270493  0.405006  0.261459  0.237505  0.147425  0.306699  0.320640  0.239101  0.538010  0.455274  0.360127  0.207851  0.460500  0.379601  0.515285  0.210286  0.405508  0.421689  0.108188  0.397967  0.273454  0.340002  0.620956  0.128415  0.411698  0.410552  0.097147  0.271318  0.320950  0.319213  0.468947  0.189492  0.278743  0.313467  0.268881  0.511115  0.363628  0.351613  0.457148  0.181540  0.152632  0.151796  0.096043  0.286502  0.138928  0.130537  0.344666  0.156963  0.291197  0.158066  0.225181  0.248846  0.198091  0.171334  0.153878  0.243900  0.455405  0.273355 
12  0.187674  0.190173  0.184245  0.227261  0.218163  0.248134  0.290035  0.178046  0.174706  0.605018  0.189246  0.459751 0.0  0.486429  0.120892  0.387891  0.489765  0.398058  0.206409  0.277807  0.234661  0.582121  0.309944  0.357062  0.509275  0.378506  0.604671  0.336388  0.460386  0.134350  0.212053  0.267508  0.138664  0.431729  0.391778  0.479100  0.484352  0.399880  0.217241  0.355857  0.247513  0.103802  0.551801  0.137992  0.177799  0.273754  0.343528  0.261548  0.208501  0.462792  0.321600  0.266581  0.201280  0.554748  0.333233  0.119041  0.283328  0.375746  0.175706  0.224050  0.346816  0.251010  0.515056  0.594528  0.579841  0.579298  0.244392  0.212438  0.363654  0.370621  0.446016  0.370198  0.492254  0.481748  0.133517  0.307329  0.414448  0.248511  0.351348  0.327844  0.343298  0.370152  0.349448  0.531639  0.491553  0.453573  0.646125  0.183994  0.609049 
13  0.457515  0.570062  0.509423  0.354833  0.412829  0.281146  0.483607  0.410568  0.530199  0.303595  0.371747  0.199888  0.486429 0.0  0.376229  0.241880  0.844045  0.179395  0.331206  0.234850  0.462027  0.096043  0.433565  0.322995  0.209473  0.167366  0.898271  0.241079  0.154258  0.469507  0.439265  0.363343  0.518785  0.520110  0.171607  0.205556  0.136250  0.395235  0.328879  0.654191  0.591508  0.498217  0.293305  0.585945  0.328813  0.538089  0.299044  0.509186  0.410912  0.129106  0.426940  0.322511  0.378050  0.702013  0.096043  0.463498  0.414152  0.236475  0.307447  0.366042  0.446934  0.458002  0.254348  0.183505  0.324048  0.129716  0.517297  0.422075  0.451517  0.508918  0.150255  0.233702  0.179502  0.251639  0.427541  0.280946  0.158074  0.325362  0.160290  0.254076  0.232762  0.243504  0.268969  0.096043  0.195958  0.186933  0.204692  0.639889  0.188576 
14  0.098250  0.238027  0.138605  0.147673  0.096043  0.309774  0.153014  0.106031  0.225763  0.520659  0.096043  0.259145  0.120892  0.376229 0.0  0.273110  0.533349  0.326717  0.134681  0.263915  0.096043  0.420086  0.106020  0.145228  0.521055  0.277167  0.561399  0.271618  0.390338  0.171547  0.108800  0.128528  0.261214  0.327689  0.247085  0.318524  0.466140  0.117827  0.164562  0.484193  0.252829  0.301059  0.441848  0.216464  0.244051  0.219553  0.199367  0.161035  0.115806  0.429597  0.262294  0.104783  0.096043  0.506667  0.430018  0.126474  0.181985  0.244090  0.096043  0.135234  0.096043  0.103411  0.297495  0.493814  0.448397  0.517661  0.338445  0.133539  0.188832  0.226030  0.547045  0.161337  0.453297  0.250200  0.145087  0.215410  0.431726  0.140344  0.398275  0.268378  0.280047  0.108793  0.196535  0.475590  0.414376  0.355591  0.542942  0.347494  0.465743 
15  0.320437  0.405147  0.301022  0.150917  0.216491  0.096043  0.608621  0.256640  0.522766  0.356349  0.262310  0.200851  0.387891  0.241880  0.273110 0.0  0.675530  0.096043  0.216734  0.133401  0.342276  0.185203  0.287000  0.261344  0.374826  0.110191  0.738487  0.205583  0.296678  0.435087  0.334726  0.139425  0.402280  0.302486  0.096043  0.259875  0.233920  0.387821  0.309483  0.482260  0.276035  0.395596  0.301273  0.491525  0.261748  0.400352  0.169041  0.351649  0.262148  0.197353  0.209050  0.145387  0.305258  0.622255  0.269409  0.300718  0.229475  0.195061  0.333291  0.205204  0.285203  0.287558  0.116694  0.284583  0.350300  0.386013  0.378842  0.292297  0.295238  0.383495  0.258231  0.111108  0.360978  0.103250  0.234334  0.113015  0.204205  0.226637  0.139224  0.164709  0.186574  0.145213  0.238144  0.293069  0.329540  0.178745  0.334369  0.534473  0.364548 
16  0.466078  0.269105  0.426189  0.503431  0.397658  0.667779  0.314265  0.555128  0.399759  0.956034  0.431941  0.715713  0.489765  0.844045  0.533349  0.675530 0.0  0.748403  0.713836  0.713732  0.521724  0.810316  0.548531  0.625369  0.924119  0.792625  0.096043  0.705463  0.801194  0.426155  0.389695  0.607206  0.549295  0.514022  0.718240  0.603074  0.847983  0.407758  0.603977  0.488869  0.631358  0.570614  0.808379  0.374284  0.520368  0.274261  0.615482  0.434080  0.547942  0.769190  0.424682  0.449260  0.578420  0.355626  0.855273  0.381551  0.494040  0.559000  0.475897  0.491558  0.482272  0.473333  0.658570  0.788203  0.761950  0.900642  0.282855  0.564534  0.419504  0.423846  0.742410  0.595532  0.881910  0.708370  0.357135  0.585906  0.672749  0.574442  0.844620  0.659994  0.639997  0.641759  0.573983  0.938290  0.914733  0.635813  0.892544  0.341986  0.860760 
17  0.220652  0.417204  0.436305  0.281986  0.321458  0.096043  0.444433  0.304142  0.460459  0.237011  0.314834  0.096043  0.398058  0.179395  0.326717  0.096043  0.748403 0.0  0.255836  0.253779  0.379524  0.157690  0.323406  0.251572  0.322371  0.139000  0.731951  0.110576  0.096043  0.304753  0.350869  0.261508  0.391540  0.499327  0.096043  0.096043  0.233603  0.354167  0.198679  0.573044  0.347511  0.460082  0.350819  0.484341  0.372824  0.450636  0.098438  0.316367  0.215184  0.190399  0.235514  0.245407  0.244313  0.651741  0.190014  0.353408  0.283397  0.107074  0.299492  0.242116  0.333682  0.390038  0.096043  0.301834  0.241930  0.361123  0.441568  0.282016  0.264620  0.474561  0.240740  0.096043  0.228585  0.096043  0.311374  0.121644  0.216070  0.267512  0.096043  0.096043  0.149728  0.244500  0.096043  0.279325  0.297423  0.147019  0.317200  0.592722  0.231855 
18  0.150321  0.327711  0.252315  0.197201  0.143507  0.188214  0.308529  0.120670  0.330683  0.478781  0.193771  0.220855  0.206409  0.331206  0.134681  0.216734  0.713836  0.255836 0.0  0.117601  0.218929  0.321981  0.169349  0.112977  0.432382  0.229991  0.578474  0.144779  0.310212  0.375134  0.186372  0.193106  0.324038  0.305460  0.196388  0.197992  0.359638  0.341897  0.156884  0.436262  0.302654  0.420020  0.336636  0.339378  0.285389  0.384757  0.096043  0.202295  0.096043  0.337673  0.252427  0.105034  0.198274  0.632241  0.340008  0.259204  0.309609  0.230793  0.270092  0.166844  0.266699  0.293145  0.195537  0.398981  0.390966  0.487460  0.300505  0.236998  0.288147  0.342727  0.409787  0.175327  0.490431  0.221671  0.146998  0.222968  0.297140  0.113457  0.193943  0.096043  0.173510  0.179892  0.150493  0.447077  0.321553  0.261233  0.378981  0.428100  0.397668 
19  0.269234  0.340284  0.379642  0.177209  0.155253  0.156655  0.363741  0.179617  0.368799  0.338588  0.265419  0.157932  0.277807  0.234850  0.263915  0.133401  0.713732  0.253779  0.117601 0.0  0.338540  0.315202  0.244502  0.199931  0.286721  0.228656  0.669820  0.114218  0.302932  0.429170  0.235343  0.147505  0.365220  0.323576  0.150960  0.202944  0.265003  0.314160  0.252411  0.511378  0.308450  0.320205  0.342432  0.255961  0.191348  0.315703  0.181286  0.313019  0.316890  0.192058  0.198549  0.194537  0.278196  0.562476  0.288293  0.307842  0.261357  0.114003  0.144494  0.373649  0.167958  0.347915  0.116860  0.302500  0.432915  0.413667  0.365891  0.201206  0.278962  0.383896  0.222783  0.096043  0.299159  0.130166  0.209255  0.226095  0.189066  0.205568  0.120662  0.174860  0.099549  0.187910  0.215027  0.253786  0.248094  0.126204  0.312653  0.378839  0.454540 
20  0.122926  0.171055  0.155159  0.096043  0.210918  0.309204  0.275484  0.300625  0.340193  0.492718  0.132211  0.304191  0.234661  0.462027  0.096043  0.342276  0.521724  0.379524  0.218929  0.338540 0.0  0.421812  0.171224  0.279022  0.606106  0.249099  0.494902  0.327882  0.382040  0.249336  0.221726  0.288193  0.195975  0.175820  0.425250  0.342864  0.376349  0.124125  0.291813  0.417951  0.303937  0.347555  0.559078  0.268633  0.236024  0.310564  0.318380  0.211410  0.185423  0.366525  0.142447  0.143798  0.249203  0.350075  0.321435  0.247590  0.153194  0.289201  0.185743  0.146927  0.259996  0.165419  0.350536  0.434391  0.484636  0.441269  0.309330  0.096043  0.141252  0.307008  0.436090  0.413172  0.554472  0.393351  0.160801  0.195754  0.322256  0.153625  0.283497  0.262794  0.300698  0.168568  0.106694  0.399431  0.450351  0.220702  0.562944  0.221675  0.485980 
21  0.427784  0.529561  0.433039  0.412426  0.409566  0.297382  0.562347  0.399185  0.583673  0.261248  0.456047  0.170220  0.582121  0.096043  0.420086  0.185203  0.810316  0.157690  0.321981  0.315202  0.421812 0.0  0.383599  0.408764  0.161162  0.166928  0.812183  0.222259  0.121529  0.602530  0.450161  0.299880  0.565538  0.498930  0.286970  0.102134  0.172534  0.421367  0.273589  0.695553  0.477493  0.555608  0.154321  0.574234  0.422439  0.531769  0.249655  0.515607  0.408131  0.156741  0.368611  0.326678  0.452217  0.731642  0.096043  0.450925  0.346435  0.201972  0.400166  0.446032  0.331318  0.593001  0.181520  0.229250  0.184679  0.281902  0.508425  0.347948  0.520674  0.530510  0.096734  0.313733  0.108714  0.294962  0.398776  0.210736  0.143902  0.325226  0.223987  0.198168  0.217228  0.240910  0.237644  0.154870  0.225977  0.257463  0.096043  0.504808  0.196100 
22  0.123024  0.265858  0.155551  0.193757  0.178744  0.245522  0.273292  0.276758  0.358168  0.487169  0.150139  0.362092  0.309944  0.433565  0.106020  0.287000  0.548531  0.323406  0.169349  0.244502  0.171224  0.383599 0.0  0.253515  0.397466  0.365141  0.597939  0.307729  0.417027  0.212765  0.096043  0.172646  0.292340  0.198747  0.248228  0.320432  0.384373  0.112812  0.148630  0.394488  0.240356  0.383913  0.415030  0.351480  0.180140  0.168518  0.197754  0.096043  0.208925  0.277712  0.165845  0.101132  0.288030  0.314934  0.384779  0.154467  0.144412  0.318987  0.197636  0.175559  0.096043  0.265417  0.280654  0.401972  0.448391  0.450289  0.161023  0.236051  0.097233  0.235340  0.362541  0.325674  0.378257  0.358209  0.252818  0.214808  0.363770  0.115067  0.292572  0.295844  0.284686  0.144358  0.114321  0.481841  0.441496  0.262222  0.499928  0.341307  0.418212 
23  0.226099  0.289892  0.219139  0.186203  0.188413  0.216174  0.247470  0.195182  0.331804  0.497872  0.208899  0.217570  0.357062  0.322995  0.145228  0.261344  0.625369  0.251572  0.112977  0.199931  0.279022  0.408764  0.253515 0.0  0.435785  0.164504  0.624745  0.138830  0.365592  0.345801  0.206009  0.097136  0.278199  0.342932  0.217434  0.243047  0.300492  0.285069  0.111592  0.413565  0.300364  0.232303  0.504885  0.409269  0.182479  0.372720  0.186327  0.240862  0.148583  0.240919  0.222884  0.096043  0.271981  0.557475  0.329721  0.273842  0.235905  0.217826  0.258636  0.185370  0.188833  0.221325  0.251718  0.439541  0.436295  0.558840  0.300470  0.214869  0.326770  0.382801  0.402669  0.096043  0.411939  0.220341  0.204160  0.162517  0.337357  0.096043  0.273391  0.118944  0.284529  0.108797  0.161612  0.489041  0.413150  0.371154  0.326944  0.417344  0.435286 
24  0.481994  0.681485  0.480735  0.445983  0.478177  0.423093  0.557572  0.455039  0.684479  0.145692  0.532718  0.273030  0.509275  0.209473  0.521055  0.374826  0.924119  0.322371  0.432382  0.286721  0.606106  0.161162  0.397466  0.435785 0.0  0.253850  0.875992  0.390462  0.103855  0.654497  0.508249  0.416665  0.603601  0.466393  0.310895  0.212850  0.096043  0.543261  0.490327  0.731154  0.635452  0.669619  0.266581  0.598120  0.532798  0.646223  0.433845  0.538858  0.417411  0.320468  0.488822  0.481314  0.536356  0.749252  0.160888  0.520125  0.474487  0.195802  0.454639  0.520171  0.428470  0.551247  0.279423  0.122203  0.113170  0.103650  0.661975  0.515671  0.444933  0.636115  0.097234  0.372871  0.131616  0.186242  0.624827  0.376785  0.098712  0.447412  0.378259  0.327294  0.345786  0.421279  0.352629  0.096043  0.168114  0.393113  0.133890  0.837201  0.096043 
25  0.254231  0.454596  0.233689  0.285777  0.232957  0.316073  0.373481  0.306551  0.499042  0.170336  0.237590  0.096043  0.378506  0.167366  0.277167  0.110191  0.792625  0.139000  0.229991  0.228656  0.249099  0.166928  0.365141  0.164504  0.253850 0.0  0.643374  0.144498  0.280229  0.519998  0.398608  0.269185  0.384673  0.297943  0.129371  0.222791  0.342169  0.299190  0.290130  0.576364  0.516083  0.426545  0.305532  0.493824  0.294556  0.411821  0.324363  0.463588  0.236843  0.096043  0.386478  0.326195  0.348110  0.688017  0.221411  0.459468  0.282675  0.161016  0.350653  0.271512  0.341610  0.460459  0.176151  0.260015  0.392462  0.316939  0.428388  0.309869  0.426025  0.409311  0.212981  0.108122  0.162628  0.153146  0.331782  0.196825  0.218152  0.259318  0.123948  0.096043  0.124230  0.145022  0.206042  0.250821  0.322412  0.204022  0.243793  0.572831  0.210924 
26  0.558187  0.412974  0.379834  0.505145  0.607630  0.679535  0.497097  0.614652  0.541825  1.000000  0.638152  0.755128  0.604671  0.898271  0.561399  0.738487  0.096043  0.731951  0.578474  0.669820  0.494902  0.812183  0.597939  0.624745  0.875992  0.643374 0.0  0.700612  0.743144  0.407426  0.457927  0.582192  0.461090  0.441794  0.733650  0.719624  0.971222  0.539797  0.514163  0.596588  0.540943  0.566518  0.846517  0.489156  0.585375  0.456662  0.787997  0.481495  0.621288  0.751051  0.577099  0.541308  0.509078  0.344503  0.915812  0.432359  0.628611  0.796367  0.369110  0.565221  0.562703  0.518428  0.693324  0.851531  0.995551  0.975062  0.349898  0.594529  0.454704  0.513368  0.831279  0.660977  0.816601  0.821112  0.527321  0.824392  0.779961  0.615327  0.813731  0.717890  0.759336  0.555951  0.624964  0.869113  0.901468  0.682191  0.932594  0.315631  0.896918 
27  0.378108  0.478951  0.244837  0.263489  0.278798  0.112002  0.404890  0.221683  0.371929  0.364160  0.303784  0.176394  0.336388  0.241079  0.271618  0.205583  0.705463  0.110576  0.144779  0.114218  0.327882  0.222259  0.307729  0.138830  0.390462  0.144498  0.700612 0.0  0.238992  0.501491  0.303806  0.218600  0.364396  0.357741  0.096043  0.204100  0.271309  0.360099  0.209678  0.455021  0.405049  0.444322  0.333115  0.458864  0.346433  0.415217  0.118442  0.395740  0.268830  0.113434  0.295808  0.241945  0.343762  0.560042  0.365120  0.457718  0.333417  0.096043  0.289601  0.203685  0.277200  0.316809  0.102471  0.188020  0.332998  0.238248  0.382169  0.213800  0.443628  0.291860  0.257515  0.096043  0.268266  0.096043  0.265131  0.096043  0.218069  0.314594  0.165983  0.110991  0.099494  0.274449  0.224043  0.337713  0.306778  0.096043  0.338320  0.457003  0.237894 
28  0.474264  0.594601  0.564151  0.499136  0.422500  0.230292  0.517198  0.409408  0.646419  0.132560  0.410079  0.210545  0.460386  0.154258  0.390338  0.296678  0.801194  0.096043  0.310212  0.302932  0.382040  0.121529  0.417027  0.365592  0.103855  0.280229  0.743144  0.238992 0.0  0.523034  0.504942  0.402480  0.585390  0.529511  0.326513  0.181335  0.178336  0.419015  0.422690  0.725300  0.549424  0.595712  0.254860  0.544836  0.418674  0.549298  0.246451  0.508546  0.427468  0.233842  0.297767  0.372675  0.534867  0.672186  0.096043  0.518266  0.335296  0.309947  0.362437  0.424991  0.418978  0.484486  0.196071  0.096043  0.157993  0.233095  0.495626  0.465312  0.515833  0.478333  0.096043  0.290366  0.171474  0.251072  0.453512  0.155353  0.147357  0.405659  0.207963  0.293013  0.330051  0.272931  0.431690  0.096043  0.100608  0.286959  0.096043  0.655348  0.188745 
29  0.234998  0.096043  0.160578  0.330917  0.205281  0.375801  0.142170  0.342109  0.096043  0.703230  0.307325  0.513166  0.134350  0.469507  0.171547  0.435087  0.426155  0.304753  0.375134  0.429170  0.249336  0.602530  0.212765  0.345801  0.654497  0.519998  0.407426  0.501491  0.523034 0.0  0.260564  0.429209  0.228062  0.256676  0.330885  0.512365  0.720460  0.355691  0.152417  0.290069  0.328239  0.246860  0.516133  0.101896  0.328667  0.202509  0.279162  0.299271  0.250905  0.505209  0.321976  0.341280  0.344796  0.433178  0.539061  0.141831  0.248467  0.506417  0.163603  0.207419  0.262150  0.350515  0.427916  0.628289  0.693287  0.616787  0.258482  0.173212  0.207078  0.333064  0.594669  0.391862  0.688662  0.410208  0.247627  0.446775  0.559669  0.379003  0.430136  0.449817  0.419413  0.325600  0.292359  0.627049  0.666396  0.411601  0.691454  0.146628  0.688834 
30  0.096043  0.143799  0.141643  0.207618  0.233308  0.341132  0.191427  0.282552  0.314718  0.607955  0.133128  0.371468  0.212053  0.439265  0.108800  0.334726  0.389695  0.350869  0.186372  0.235343  0.221726  0.450161  0.096043  0.206009  0.508249  0.398608  0.457927  0.303806  0.504942  0.260564 0.0  0.372208  0.261782  0.199674  0.286315  0.483359  0.578719  0.232679  0.234805  0.435424  0.259362  0.223325  0.592395  0.249459  0.238605  0.154889  0.244998  0.202361  0.221348  0.458942  0.107776  0.122285  0.209182  0.342714  0.449278  0.296387  0.236144  0.259901  0.106134  0.127126  0.147485  0.096043  0.324092  0.529067  0.601571  0.533610  0.222900  0.240225  0.148823  0.312105  0.510701  0.319026  0.454137  0.351762  0.153327  0.270096  0.278496  0.311944  0.361828  0.394674  0.305218  0.277121  0.258752  0.504230  0.615581  0.400624  0.418290  0.252171  0.446358 
31  0.126413  0.465050  0.158372  0.213742  0.130129  0.133311  0.206158  0.145444  0.392062  0.490907  0.122186  0.270493  0.267508  0.363343  0.128528  0.139425  0.607206  0.261508  0.193106  0.147505  0.288193  0.299880  0.172646  0.097136  0.416665  0.269185  0.582192  0.218600  0.402480  0.429209  0.372208 0.0  0.329352  0.285808  0.345771  0.335983  0.474850  0.165067  0.199743  0.394847  0.353852  0.273227  0.416405  0.305475  0.159795  0.334494  0.158565  0.307442  0.293101  0.277219  0.242482  0.125054  0.146435  0.526355  0.247157  0.253107  0.180511  0.280907  0.103955  0.166569  0.110226  0.250451  0.186514  0.474811  0.424656  0.340141  0.281507  0.236044  0.177512  0.253867  0.407555  0.190673  0.347122  0.238204  0.136575  0.193550  0.369118  0.154037  0.299646  0.135108  0.192068  0.126031  0.198832  0.404526  0.294605  0.306066  0.388432  0.402781  0.449825 
32  0.290798  0.244818  0.302008  0.200271  0.395415  0.304211  0.242990  0.267162  0.137225  0.649517  0.330298  0.405006  0.138664  0.518785  0.261214  0.402280  0.549295  0.391540  0.324038  0.365220  0.195975  0.565538  0.292340  0.278199  0.603601  0.384673  0.461090  0.364396  0.585390  0.228062  0.261782  0.329352 0.0  0.355920  0.394648  0.502654  0.557809  0.459929  0.217706  0.194666  0.096043  0.096043  0.504313  0.132059  0.096043  0.290712  0.414936  0.185075  0.256462  0.467690  0.255715  0.260444  0.216771  0.443889  0.537062  0.194142  0.301418  0.387067  0.363671  0.301594  0.416440  0.268999  0.363250  0.541704  0.641944  0.662931  0.260944  0.238973  0.214942  0.331335  0.560505  0.389334  0.483704  0.485364  0.232861  0.407386  0.496216  0.313822  0.420270  0.415293  0.403711  0.367654  0.441998  0.534888  0.597169  0.380391  0.546738  0.380755  0.582733 
33  0.286245  0.341605  0.248843  0.251327  0.303110  0.285197  0.245725  0.340129  0.374787  0.635539  0.185137  0.261459  0.431729  0.520110  0.327689  0.302486  0.514022  0.499327  0.305460  0.323576  0.175820  0.498930  0.198747  0.342932  0.466393  0.297943  0.441794  0.357741  0.529511  0.256676  0.199674  0.285808  0.355920 0.0  0.299604  0.371500  0.440798  0.096043  0.426855  0.446422  0.427053  0.336520  0.442262  0.307110  0.224253  0.274475  0.274753  0.270996  0.307645  0.353573  0.290944  0.327500  0.319952  0.332089  0.382685  0.210489  0.173299  0.266268  0.204271  0.204733  0.228771  0.230234  0.405996  0.445830  0.560924  0.529184  0.172315  0.291129  0.096043  0.096043  0.452587  0.313479  0.652818  0.322834  0.325691  0.409724  0.428997  0.158071  0.412180  0.331298  0.305074  0.328160  0.184547  0.455297  0.548931  0.326452  0.391209  0.213530  0.455567 
34  0.275489  0.344028  0.377675  0.302072  0.122893  0.096043  0.360163  0.316680  0.445177  0.341462  0.158958  0.237505  0.391778  0.171607  0.247085  0.096043  0.718240  0.096043  0.196388  0.150960  0.425250  0.286970  0.248228  0.217434  0.310895  0.129371  0.733650  0.096043  0.326513  0.330885  0.286315  0.345771  0.394648  0.299604 0.0  0.171506  0.240963  0.337055  0.144518  0.518490  0.362108  0.409771  0.330305  0.358030  0.346904  0.372867  0.096043  0.397063  0.237212  0.160723  0.287258  0.261931  0.246008  0.547639  0.329377  0.349036  0.312951  0.202664  0.350716  0.348247  0.245993  0.281007  0.096043  0.321674  0.418223  0.389697  0.453728  0.266349  0.226951  0.456021  0.218704  0.103179  0.162587  0.096043  0.116282  0.096043  0.198001  0.232640  0.236031  0.096043  0.167890  0.199748  0.272900  0.369637  0.351030  0.096043  0.269869  0.511958  0.301718 
35  0.326035  0.499983  0.333127  0.394711  0.209365  0.190435  0.401989  0.297019  0.424220  0.198469  0.307618  0.147425  0.479100  0.205556  0.318524  0.259875  0.603074  0.096043  0.197992  0.202944  0.342864  0.102134  0.320432  0.243047  0.212850  0.222791  0.719624  0.204100  0.181335  0.512365  0.483359  0.335983  0.502654  0.371500  0.171506 0.0  0.207217  0.404740  0.336910  0.641006  0.577459  0.488002  0.246910  0.541495  0.345117  0.449879  0.294753  0.438343  0.338255  0.133132  0.369892  0.367399  0.380718  0.670522  0.211913  0.426198  0.308941  0.189154  0.416471  0.393143  0.301783  0.325313  0.171696  0.337231  0.270182  0.187930  0.470496  0.394218  0.418869  0.386758  0.264320  0.203273  0.409656  0.161936  0.402701  0.156892  0.116371  0.204599  0.096043  0.104618  0.221306  0.302969  0.274205  0.259636  0.269907  0.096043  0.260461  0.494488  0.214701 
36  0.412667  0.577929  0.554158  0.447878  0.426673  0.348569  0.548597  0.438424  0.634609  0.210545  0.450257  0.306699  0.484352  0.136250  0.466140  0.233920  0.847983  0.233603  0.359638  0.265003  0.376349  0.172534  0.384373  0.300492  0.096043  0.342169  0.971222  0.271309  0.178336  0.720460  0.578719  0.474850  0.557809  0.440798  0.240963  0.207217 0.0  0.485004  0.487566  0.788513  0.526017  0.580635  0.096043  0.577731  0.459558  0.614922  0.363352  0.520430  0.328054  0.168069  0.426922  0.363869  0.431191  0.748887  0.187505  0.601693  0.460735  0.294212  0.411812  0.417146  0.467992  0.505717  0.261238  0.118539  0.178876  0.109668  0.583777  0.342834  0.513289  0.552706  0.244740  0.323801  0.108661  0.252318  0.509552  0.209080  0.142668  0.349593  0.261869  0.241402  0.303251  0.309225  0.319630  0.142388  0.131817  0.238053  0.096043  0.607955  0.111763 
37  0.287806  0.254407  0.248323  0.131384  0.187361  0.361868  0.320551  0.429427  0.426675  0.456092  0.170085  0.320640  0.399880  0.395235  0.117827  0.387821  0.407758  0.354167  0.341897  0.314160  0.124125  0.421367  0.112812  0.285069  0.543261  0.299190  0.539797  0.360099  0.419015  0.355691  0.232679  0.165067  0.459929  0.096043  0.337055  0.404740  0.485004 0.0  0.288364  0.481554  0.398521  0.491724  0.514718  0.366520  0.331726  0.344629  0.288143  0.222187  0.202934  0.385144  0.237809  0.230634  0.288724  0.290031  0.398122  0.313556  0.218749  0.350109  0.253086  0.406549  0.205960  0.190091  0.357423  0.466319  0.382168  0.406853  0.229389  0.278288  0.167341  0.117336  0.458362  0.266641  0.435392  0.420986  0.247089  0.308231  0.334513  0.265276  0.434808  0.342434  0.407637  0.278352  0.187670  0.488895  0.498842  0.320549  0.435268  0.268272  0.598340 
38  0.159802  0.303678  0.204147  0.208430  0.254910  0.290863  0.231961  0.106707  0.224040  0.535659  0.245825  0.239101  0.217241  0.328879  0.164562  0.309483  0.603977  0.198679  0.156884  0.252411  0.291813  0.273589  0.148630  0.111592  0.490327  0.290130  0.514163  0.209678  0.422690  0.152417  0.234805  0.199743  0.217706  0.426855  0.144518  0.336910  0.487566  0.288364 0.0  0.365285  0.262322  0.254027  0.427714  0.276678  0.096043  0.326525  0.300384  0.220718  0.096043  0.374272  0.159806  0.114502  0.096043  0.444670  0.442928  0.253820  0.234617  0.288059  0.161368  0.282498  0.206923  0.214988  0.288717  0.384126  0.423828  0.484561  0.381974  0.096043  0.194176  0.404479  0.414802  0.344597  0.275903  0.338193  0.172609  0.261690  0.342289  0.127564  0.290408  0.288613  0.242214  0.313447  0.191018  0.477733  0.425294  0.226985  0.372084  0.394123  0.401547 
39  0.386828  0.252757  0.417448  0.375840  0.402258  0.369312  0.323539  0.384408  0.296852  0.771371  0.474705  0.538010  0.355857  0.654191  0.484193  0.482260  0.488869  0.573044  0.436262  0.511378  0.417951  0.695553  0.394488  0.413565  0.731154  0.576364  0.596588  0.455021  0.725300  0.290069  0.435424  0.394847  0.194666  0.446422  0.518490  0.641006  0.788513  0.481554  0.365285 0.0  0.165913  0.262058  0.730157  0.303424  0.368609  0.389316  0.423654  0.417084  0.406740  0.633122  0.455976  0.343613  0.426925  0.658536  0.593069  0.320661  0.502226  0.483192  0.404730  0.438746  0.480705  0.294337  0.596471  0.703249  0.774269  0.682547  0.484412  0.348846  0.458961  0.494335  0.676228  0.570027  0.710057  0.572530  0.314988  0.561906  0.703217  0.449563  0.636621  0.594912  0.442009  0.469830  0.509202  0.789488  0.683864  0.604486  0.733128  0.469048  0.716539 
40  0.278413  0.222886  0.345502  0.273737  0.299692  0.266546  0.295225  0.225875  0.156904  0.654010  0.392233  0.455274  0.247513  0.591508  0.252829  0.276035  0.631358  0.347511  0.302654  0.308450  0.303937  0.477493  0.240356  0.300364  0.635452  0.516083  0.540943  0.405049  0.549424  0.328239  0.259362  0.353852  0.096043  0.427053  0.362108  0.577459  0.526017  0.398521  0.262322  0.165913 0.0  0.096043  0.640622  0.096043  0.305552  0.232447  0.238155  0.333930  0.351377  0.516341  0.345549  0.354523  0.131815  0.494780  0.578869  0.251764  0.276188  0.426433  0.320695  0.241286  0.391039  0.238463  0.409883  0.562808  0.697127  0.607460  0.430660  0.365861  0.263317  0.419400  0.704220  0.397785  0.655462  0.465364  0.222895  0.350582  0.642129  0.228562  0.413842  0.347944  0.413363  0.382218  0.361560  0.635571  0.497182  0.491106  0.569159  0.310007  0.548256 
41  0.263033  0.096043  0.398171  0.310654  0.352310  0.487788  0.254637  0.158867  0.168001  0.560046  0.399140  0.360127  0.103802  0.498217  0.301059  0.395596  0.570614  0.460082  0.420020  0.320205  0.347555  0.555608  0.383913  0.232303  0.669619  0.426545  0.566518  0.444322  0.595712  0.246860  0.223325  0.273227  0.096043  0.336520  0.409771  0.488002  0.580635  0.491724  0.254027  0.262058  0.096043 0.0  0.578288  0.100586  0.207840  0.230491  0.425353  0.201833  0.363674  0.519092  0.257341  0.294430  0.172923  0.512640  0.538153  0.254878  0.378090  0.403856  0.202396  0.263942  0.383210  0.342147  0.320750  0.636923  0.654439  0.573886  0.258737  0.164827  0.281138  0.412544  0.484178  0.478773  0.618299  0.443845  0.166587  0.432786  0.574770  0.313237  0.446345  0.436536  0.462941  0.482316  0.488915  0.630715  0.648530  0.426142  0.647192  0.191454  0.605399 
42  0.392443  0.618951  0.552044  0.571109  0.388828  0.422595  0.594251  0.501138  0.635004  0.104679  0.376878  0.207851  0.551801  0.293305  0.441848  0.301273  0.808379  0.350819  0.336636  0.342432  0.559078  0.154321  0.415030  0.504885  0.266581  0.305532  0.846517  0.333115  0.254860  0.516133  0.592395  0.416405  0.504313  0.442262  0.330305  0.246910  0.096043  0.514718  0.427714  0.730157  0.640622  0.578288 0.0  0.616876  0.460099  0.542978  0.308130  0.439882  0.514318  0.233144  0.438640  0.466093  0.400793  0.657535  0.289271  0.591492  0.420936  0.275237  0.455142  0.422369  0.455769  0.556267  0.332567  0.141880  0.096043  0.096043  0.590308  0.395054  0.470069  0.517481  0.251538  0.304646  0.149634  0.258194  0.489743  0.294236  0.114748  0.436144  0.198074  0.270190  0.275422  0.425811  0.264269  0.179124  0.153655  0.306996  0.207777  0.682945  0.167224 
43  0.201485  0.169248  0.302810  0.277532  0.333622  0.439962  0.206917  0.203301  0.138614  0.729574  0.297622  0.460500  0.137992  0.585945  0.216464  0.491525  0.374284  0.484341  0.339378  0.255961  0.268633  0.574234  0.351480  0.409269  0.598120  0.493824  0.489156  0.458864  0.544836  0.101896  0.249459  0.305475  0.132059  0.307110  0.358030  0.541495  0.577731  0.366520  0.276678  0.303424  0.096043  0.100586  0.616876 0.0  0.233419  0.307715  0.398201  0.197319  0.190328  0.479988  0.246794  0.232620  0.178431  0.403285  0.482513  0.164632  0.361041  0.368109  0.258572  0.217530  0.272859  0.296386  0.366314  0.684279  0.703638  0.600944  0.333560  0.257430  0.209228  0.405894  0.580636  0.384098  0.628265  0.475920  0.225420  0.418777  0.516328  0.305882  0.526972  0.360639  0.389130  0.421712  0.408599  0.671295  0.637864  0.386211  0.674516  0.266785  0.542868 
44  0.193961  0.195715  0.228178  0.173859  0.162861  0.320008  0.290613  0.141029  0.167043  0.474340  0.170385  0.379601  0.177799  0.328813  0.244051  0.261748  0.520368  0.372824  0.285389  0.191348  0.236024  0.422439  0.180140  0.182479  0.532798  0.294556  0.585375  0.346433  0.418674  0.328667  0.238605  0.159795  0.096043  0.224253  0.346904  0.345117  0.459558  0.331726  0.096043  0.368609  0.305552  0.207840  0.460099  0.233419 0.0  0.182842  0.157172  0.164188  0.243607  0.302285  0.204971  0.161123  0.181541  0.463654  0.542137  0.282683  0.153458  0.219481  0.138902  0.119170  0.192935  0.173522  0.359915  0.582559  0.618948  0.567969  0.339859  0.112365  0.292458  0.368435  0.454517  0.265828  0.415837  0.393637  0.136945  0.253109  0.418034  0.317717  0.367473  0.358646  0.279864  0.221036  0.338584  0.437284  0.531225  0.305561  0.476459  0.335201  0.482415 
