89
0 0.0  0.145715  0.160873  0.082734  0.124006  0.192321  0.209038  0.195347  0.248130  0.399441  0.103180  0.270528  0.261524  0.367090  0.067349  0.178853  0.582379  0.313970  0.118078  0.240970  0.106477  0.409277  0.119558  0.080897  0.480886  0.182643  0.449877  0.145365  0.440111  0.266955  0.130428  0.187227  0.177166  0.239490  0.218620  0.329602  0.407138  0.277359  0.204493  0.407326  0.225092  0.289447  0.509784  0.183666  0.157535  0.199391  0.191040  0.188870  0.131662  0.387286  0.222033  0.232075  0.067349  0.369271  0.476565  0.227591  0.140334  0.258930  0.067349  0.067349  0.140233  0.067349  0.301339  0.511044  0.482373  0.542662  0.225297  0.078943  0.096119  0.263861  0.418931  0.198815  0.445749  0.237197  0.136086  0.206850  0.431193  0.172878  0.240579  0.247901  0.281655  0.227740  0.303910  0.538574  0.458255  0.281224  0.404100  0.249031  0.470654 
1  0.145715 0.0  0.189761  0.206636  0.219325  0.297633  0.143853  0.262811  0.202410  0.813379  0.265519  0.444626  0.122800  0.416913  0.221168  0.308081  0.446644  0.420308  0.334552  0.316542  0.235611  0.512059  0.261327  0.308859  0.623777  0.369084  0.424550  0.485076  0.557172  0.067349  0.218443  0.327774  0.197654  0.231614  0.413241  0.542842  0.649616  0.358178  0.258842  0.217013  0.143672  0.129769  0.631763  0.203930  0.252619  0.195383  0.308962  0.084917  0.268987  0.402032  0.246390  0.268090  0.175925  0.405229  0.622803  0.118263  0.259152  0.448169  0.077465  0.338010  0.234853  0.222758  0.439668  0.572323  0.721013  0.676966  0.324898  0.253482  0.260937  0.355728  0.613073  0.305183  0.630786  0.384641  0.143015  0.408577  0.436432  0.259263  0.475273  0.427936  0.420724  0.331060  0.282832  0.682908  0.650115  0.397514  0.585980  0.166775  0.565916 
2  0.160873  0.189761 0.0  0.067349  0.143349  0.346976  0.080162  0.314462  0.241388  0.479427  0.188978  0.432498  0.234861  0.453760  0.191493  0.344164  0.412231  0.378392  0.334081  0.418119  0.140609  0.506754  0.221088  0.246393  0.368138  0.392784  0.396585  0.282249  0.497701  0.143157  0.120972  0.246364  0.351611  0.067349  0.219990  0.466974  0.584325  0.210169  0.206746  0.379731  0.274940  0.255316  0.558602  0.388484  0.125078  0.161816  0.356044  0.102829  0.179281  0.395882  0.067349  0.136057  0.181397  0.321912  0.459765  0.107427  0.114173  0.349297  0.102856  0.278911  0.150263  0.067349  0.302510  0.525993  0.560313  0.466309  0.181558  0.246055  0.164249  0.234395  0.539045  0.260517  0.568103  0.379795  0.190441  0.355531  0.429357  0.237772  0.396545  0.318105  0.235651  0.292019  0.259575  0.511526  0.494571  0.387345  0.499284  0.186189  0.465320 
3  0.082734  0.206636  0.067349 0.0  0.067349  0.211963  0.164383  0.312095  0.355018  0.424844  0.141860  0.354213  0.221209  0.398626  0.074486  0.329202  0.424338  0.348041  0.210484  0.238947  0.075483  0.394929  0.075645  0.200004  0.578812  0.372344  0.557109  0.402763  0.429176  0.186191  0.145908  0.209392  0.334590  0.177078  0.330943  0.296399  0.457333  0.257632  0.142316  0.399408  0.319262  0.280335  0.397426  0.193095  0.124473  0.067349  0.251978  0.162104  0.067349  0.361873  0.171831  0.123162  0.085554  0.314964  0.409646  0.072660  0.199209  0.378089  0.157325  0.084478  0.168309  0.123236  0.222073  0.458402  0.529600  0.441442  0.202873  0.256075  0.214651  0.305574  0.393970  0.325244  0.418457  0.304471  0.102132  0.268991  0.456524  0.112346  0.301420  0.285948  0.319546  0.159517  0.178889  0.545333  0.415141  0.362083  0.476713  0.277804  0.441655 
4  0.124006  0.219325  0.143349  0.067349 0.0  0.240720  0.183321  0.120611  0.312962  0.492061  0.067349  0.322852  0.180421  0.387698  0.118490  0.160743  0.375038  0.211153  0.168661  0.126987  0.172964  0.374905  0.162547  0.154135  0.368759  0.253689  0.637419  0.318748  0.249014  0.385153  0.152795  0.102701  0.381129  0.247410  0.214630  0.240601  0.527586  0.275349  0.148366  0.430818  0.306841  0.308123  0.407900  0.279683  0.273206  0.284084  0.206022  0.185055  0.094416  0.399549  0.196122  0.155210  0.184876  0.513551  0.441598  0.161074  0.135252  0.240093  0.278593  0.086455  0.108083  0.115810  0.128030  0.408132  0.436807  0.458984  0.108783  0.115466  0.091715  0.164999  0.375739  0.213513  0.412727  0.258614  0.219797  0.178985  0.321946  0.118495  0.305979  0.192451  0.160270  0.169532  0.220220  0.437858  0.472004  0.318567  0.415059  0.281581  0.425936 
5  0.192321  0.297633  0.346976  0.211963  0.240720 0.0  0.349396  0.167963  0.473499  0.397912  0.181368  0.092115  0.388048  0.189923  0.186943  0.067349  0.608312  0.088234  0.132048  0.135773  0.299960  0.313302  0.253383  0.139178  0.297683  0.264584  0.676189  0.089399  0.204769  0.382963  0.258607  0.209855  0.284016  0.373469  0.103789  0.096512  0.299368  0.339559  0.239413  0.474729  0.381011  0.325106  0.337296  0.272844  0.281048  0.283325  0.104745  0.193000  0.165398  0.250485  0.255084  0.109199  0.136191  0.658135  0.124527  0.217837  0.161313  0.099580  0.241523  0.290783  0.318934  0.368699  0.104676  0.216042  0.335302  0.317281  0.446510  0.259225  0.349450  0.403407  0.239013  0.117182  0.300963  0.127580  0.162991  0.067349  0.218105  0.241045  0.175648  0.067349  0.067349  0.261481  0.090256  0.343505  0.282024  0.097752  0.296070  0.517099  0.282273 
6  0.209038  0.143853  0.080162  0.164383  0.183321  0.349396 0.0  0.336718  0.222423  0.609043  0.219417  0.361535  0.269452  0.643125  0.114110  0.295142  0.336156  0.377838  0.317805  0.313391  0.182938  0.521869  0.157562  0.331680  0.514485  0.317487  0.400813  0.331534  0.645492  0.196244  0.206409  0.309617  0.206228  0.195599  0.316528  0.522638  0.531929  0.212264  0.277229  0.339127  0.258372  0.307485  0.606402  0.197972  0.315196  0.106716  0.389409  0.067349  0.222873  0.367522  0.096848  0.200903  0.233427  0.357261  0.539902  0.087898  0.270872  0.412246  0.251818  0.177214  0.226076  0.191833  0.419877  0.486115  0.658818  0.464951  0.156535  0.227037  0.115288  0.182612  0.475097  0.343188  0.510308  0.375181  0.160254  0.357448  0.428100  0.208124  0.424651  0.355636  0.331646  0.281370  0.302228  0.576688  0.542508  0.499952  0.596897  0.127504  0.519286 
7  0.195347  0.262811  0.314462  0.312095  0.120611  0.167963  0.336718 0.0  0.309214  0.500885  0.128058  0.311584  0.137722  0.381847  0.154539  0.173085  0.493547  0.311234  0.174530  0.180370  0.198927  0.402020  0.194828  0.199052  0.491085  0.182676  0.575668  0.264842  0.365129  0.255837  0.187080  0.186304  0.067349  0.425594  0.351515  0.288640  0.415702  0.327201  0.171698  0.281873  0.232785  0.168330  0.457490  0.381877  0.103043  0.278835  0.159809  0.123071  0.233124  0.358925  0.236178  0.142977  0.146382  0.553692  0.441086  0.186441  0.187019  0.230805  0.182968  0.187504  0.274648  0.206634  0.189553  0.457320  0.473566  0.498375  0.259454  0.067349  0.233165  0.410114  0.534686  0.152697  0.529157  0.280761  0.154784  0.258833  0.438276  0.099165  0.241790  0.286082  0.257752  0.246942  0.226947  0.440806  0.507541  0.220450  0.472827  0.359195  0.465733 
8  0.248130  0.202410  0.241388  0.355018  0.312962  0.473499  0.222423  0.309214 0.0  0.675448  0.280404  0.512174  0.167377  0.558375  0.332643  0.456021  0.421295  0.422582  0.341334  0.323645  0.398083  0.524508  0.295584  0.329648  0.608036  0.510203  0.494875  0.448888  0.554940  0.188550  0.214616  0.405470  0.143149  0.235430  0.238922  0.455610  0.713286  0.377155  0.231687  0.186584  0.265611  0.245540  0.722247  0.080866  0.203357  0.156963  0.385972  0.111735  0.275127  0.479494  0.345688  0.332053  0.163979  0.538543  0.541478  0.108440  0.255637  0.494368  0.184158  0.276979  0.276480  0.197949  0.440680  0.646032  0.676102  0.609692  0.271212  0.337752  0.245643  0.283752  0.586385  0.353165  0.659870  0.398568  0.254161  0.407200  0.604862  0.329740  0.539003  0.453878  0.447592  0.308516  0.331360  0.693346  0.750525  0.395014  0.693941  0.266653  0.673384 
9  0.399441  0.813379  0.479427  0.424844  0.492061  0.397912  0.609043  0.500885  0.675448 0.0  0.600694  0.288166  0.524512  0.340352  0.518741  0.459116  0.910153  0.196284  0.431836  0.300000  0.467949  0.133762  0.555112  0.481027  0.100145  0.256161  0.975965  0.428382  0.079445  0.585193  0.637458  0.504843  0.651596  0.549820  0.325387  0.345832  0.183432  0.433254  0.463532  0.797423  0.615084  0.691415  0.129624  0.640785  0.629322  0.584383  0.481619  0.614836  0.480822  0.298554  0.475420  0.467722  0.499103  0.766724  0.231345  0.548394  0.565546  0.400643  0.616622  0.571775  0.415529  0.646703  0.319798  0.218959  0.114169  0.148486  0.519836  0.541729  0.619043  0.605954  0.258814  0.340410  0.067349  0.337502  0.500989  0.358485  0.197200  0.432847  0.223255  0.351864  0.383575  0.277893  0.296099  0.067349  0.110236  0.335257  0.067349  0.675802  0.175323 
10  0.103180  0.265519  0.188978  0.141860  0.067349  0.181368  0.219417  0.128058  0.280404  0.600694 0.0  0.362175  0.285767  0.381880  0.095844  0.300254  0.492909  0.278053  0.281805  0.250757  0.072742  0.287496  0.067349  0.151726  0.387925  0.239217  0.612475  0.201917  0.410711  0.284255  0.154284  0.112199  0.398265  0.107893  0.199075  0.415190  0.358030  0.158839  0.164854  0.503834  0.452376  0.273099  0.445526  0.248370  0.100647  0.238662  0.292151  0.228438  0.119810  0.376056  0.098686  0.188124  0.340766  0.477124  0.534163  0.162406  0.160905  0.308983  0.105859  0.165594  0.079857  0.194751  0.193336  0.285119  0.383164  0.375782  0.213873  0.266979  0.114836  0.221406  0.430854  0.237011  0.468643  0.332158  0.203164  0.140307  0.484412  0.067349  0.300673  0.317359  0.256382  0.273625  0.132397  0.428803  0.519038  0.223800  0.459972  0.236084  0.533175 
11  0.270528  0.444626  0.432498  0.354213  0.322852  0.092115  0.361535  0.311584  0.512174  0.288166  0.362175 0.0  0.430332  0.209407  0.248190  0.137579  0.800017  0.117763  0.247180  0.287452  0.249186  0.163501  0.300697  0.258240  0.251704  0.067349  0.832665  0.217883  0.233986  0.485242  0.333259  0.297520  0.483276  0.404816  0.224652  0.163431  0.228662  0.374034  0.262084  0.616641  0.454244  0.552230  0.288004  0.410311  0.367144  0.434372  0.079476  0.317997  0.400887  0.141091  0.374747  0.188832  0.374618  0.624072  0.141221  0.510280  0.311423  0.120008  0.299345  0.312270  0.316943  0.455776  0.194207  0.245416  0.410167  0.258583  0.371867  0.333927  0.367791  0.476964  0.214457  0.202048  0.242132  0.067349  0.340544  0.158461  0.224687  0.220837  0.067349  0.124388  0.189781  0.264602  0.245389  0.207823  0.273137  0.229211  0.182398  0.531925  0.227030 
12  0.261524  0.122800  0.234861  0.221209  0.180421  0.388048  0.269452  0.137722  0.167377  0.524512  0.285767  0.430332 0.0  0.474976  0.148860  0.247920  0.419180  0.434069  0.267125  0.303616  0.234091  0.436154  0.304683  0.274290  0.483430  0.275870  0.542408  0.432520  0.485433  0.169931  0.222950  0.281510  0.097747  0.363280  0.346076  0.441868  0.544671  0.383140  0.286512  0.262273  0.305768  0.115294  0.609950  0.195783  0.146955  0.166909  0.307497  0.236395  0.122284  0.400143  0.232307  0.177106  0.168665  0.569072  0.503089  0.122703  0.258456  0.442061  0.190059  0.194754  0.167101  0.154020  0.429535  0.555544  0.619227  0.553714  0.226425  0.137272  0.209383  0.256535  0.425263  0.369692  0.611996  0.338389  0.213568  0.310684  0.535967  0.247881  0.347884  0.435778  0.332430  0.320708  0.306998  0.608637  0.588924  0.341145  0.459522  0.221280  0.489096 
13  0.367090  0.416913  0.453760  0.398626  0.387698  0.189923  0.643125  0.381847  0.558375  0.340352  0.381880  0.209407  0.474976 0.0  0.361822  0.282189  0.766737  0.178916  0.306991  0.358762  0.405086  0.139049  0.377708  0.352071  0.259285  0.132403  0.822291  0.231150  0.159582  0.572395  0.472745  0.275793  0.495124  0.409528  0.304308  0.067349  0.132234  0.528800  0.437378  0.754656  0.596685  0.486039  0.185021  0.499904  0.380223  0.618411  0.283930  0.430416  0.229854  0.129310  0.328890  0.367345  0.316574  0.740469  0.067349  0.499977  0.389726  0.181255  0.433044  0.370949  0.454672  0.369013  0.277678  0.202782  0.225897  0.240262  0.498183  0.337239  0.492871  0.581613  0.067349  0.293664  0.076850  0.151226  0.394172  0.152267  0.067349  0.326594  0.186168  0.179582  0.242911  0.337018  0.343398  0.127227  0.168969  0.193573  0.085295  0.614236  0.082328 
14  0.067349  0.221168  0.191493  0.074486  0.118490  0.186943  0.114110  0.154539  0.332643  0.518741  0.095844  0.248190  0.148860  0.361822 0.0  0.382140  0.412660  0.355011  0.214579  0.319523  0.078029  0.375651  0.077555  0.124053  0.396295  0.331255  0.620079  0.214094  0.426767  0.294971  0.088877  0.217271  0.286669  0.206065  0.340662  0.361168  0.399163  0.178921  0.078810  0.255667  0.284852  0.346598  0.462455  0.207542  0.161989  0.169500  0.252639  0.108513  0.067349  0.282474  0.099329  0.067349  0.209002  0.457027  0.389527  0.169616  0.139331  0.294899  0.067349  0.113221  0.120659  0.171850  0.182902  0.412447  0.443952  0.488119  0.227241  0.095771  0.197250  0.276018  0.482498  0.231287  0.559359  0.351457  0.126806  0.233481  0.252197  0.214889  0.324117  0.265417  0.209196  0.201095  0.124222  0.392021  0.462952  0.304720  0.417277  0.265156  0.536430 
15  0.178853  0.308081  0.344164  0.329202  0.160743  0.067349  0.295142  0.173085  0.456021  0.459116  0.300254  0.137579  0.247920  0.282189  0.382140 0.0  0.637939  0.142943  0.197248  0.199850  0.259079  0.260492  0.206792  0.122972  0.305802  0.067349  0.608598  0.067349  0.184125  0.442093  0.267439  0.231760  0.265930  0.359008  0.067349  0.095242  0.152094  0.294211  0.184957  0.434578  0.426118  0.369178  0.279604  0.342582  0.169612  0.403492  0.188431  0.314956  0.209744  0.177760  0.400637  0.349380  0.265319  0.608144  0.219274  0.402395  0.206741  0.141735  0.291439  0.191355  0.229895  0.302121  0.112623  0.193179  0.335273  0.414498  0.380441  0.105455  0.264201  0.454129  0.237787  0.116763  0.307736  0.145756  0.267950  0.223923  0.277904  0.153360  0.242069  0.145736  0.127999  0.195935  0.119577  0.387121  0.227307  0.153374  0.290521  0.424703  0.257215 
16  0.582379  0.446644  0.412231  0.424338  0.375038  0.608312  0.336156  0.493547  0.421295  0.910153  0.492909  0.800017  0.419180  0.766737  0.412660  0.637939 0.0  0.677278  0.557506  0.521459  0.414128  0.885505  0.613488  0.632935  0.804916  0.699391  0.113876  0.652393  0.883441  0.309769  0.380759  0.597753  0.386947  0.469718  0.666149  0.745092  0.883198  0.520817  0.530857  0.385518  0.424413  0.473141  0.817479  0.369748  0.504181  0.324076  0.562290  0.477208  0.486657  0.697909  0.550080  0.495390  0.626018  0.369889  0.846841  0.395941  0.617132  0.631217  0.485547  0.422846  0.490458  0.323294  0.700819  0.859329  0.873874  0.911511  0.343571  0.409775  0.431255  0.299689  0.820196  0.605765  0.880890  0.530355  0.497226  0.730602  0.737024  0.536588  0.710660  0.671722  0.662117  0.597326  0.608853  0.815218  0.768366  0.661244  0.848619  0.325806  0.789106 
17  0.313970  0.420308  0.378392  0.348041  0.211153  0.088234  0.377838  0.311234  0.422582  0.196284  0.278053  0.117763  0.434069  0.178916  0.355011  0.142943  0.677278 0.0  0.182191  0.133513  0.348637  0.208652  0.257598  0.247436  0.286357  0.067349  0.876030  0.131189  0.097777  0.385515  0.318166  0.182520  0.428136  0.482097  0.108340  0.106359  0.211036  0.369291  0.235551  0.460370  0.481971  0.525490  0.208095  0.410424  0.318321  0.369880  0.067349  0.348237  0.311383  0.067349  0.306657  0.322806  0.258275  0.671008  0.301360  0.469069  0.334202  0.114932  0.295321  0.348012  0.223756  0.362585  0.089470  0.174967  0.398471  0.232819  0.401858  0.311206  0.307366  0.493233  0.075829  0.146867  0.238119  0.075680  0.396334  0.087137  0.222119  0.168435  0.167490  0.120764  0.069185  0.211899  0.281316  0.278623  0.210080  0.104534  0.289772  0.419124  0.240465 
18  0.118078  0.334552  0.334081  0.210484  0.168661  0.132048  0.317805  0.174530  0.341334  0.431836  0.281805  0.247180  0.267125  0.306991  0.214579  0.197248  0.557506  0.182191 0.0  0.067349  0.220508  0.168984  0.115792  0.167552  0.457418  0.215856  0.637516  0.248173  0.325640  0.354101  0.167467  0.114295  0.172836  0.226548  0.154036  0.189660  0.475902  0.338035  0.223150  0.458040  0.335923  0.373097  0.475499  0.335149  0.177477  0.332365  0.112046  0.183869  0.285436  0.263480  0.188306  0.218745  0.127476  0.490440  0.303880  0.240367  0.206003  0.253033  0.170728  0.100532  0.249971  0.201904  0.158831  0.350692  0.380455  0.414176  0.329268  0.181217  0.261314  0.324327  0.279764  0.193575  0.414728  0.197116  0.205484  0.257257  0.314027  0.171365  0.211113  0.196399  0.222417  0.173578  0.189514  0.396767  0.387788  0.126151  0.328953  0.346646  0.405327 
19  0.240970  0.316542  0.418119  0.238947  0.126987  0.135773  0.313391  0.180370  0.323645  0.300000  0.250757  0.287452  0.303616  0.358762  0.319523  0.199850  0.521459  0.133513  0.067349 0.0  0.389897  0.223389  0.250964  0.207622  0.316920  0.159309  0.576661  0.193129  0.257544  0.390649  0.219164  0.138480  0.384326  0.349876  0.112961  0.196149  0.334985  0.231136  0.240584  0.462837  0.337615  0.412236  0.461610  0.416020  0.346021  0.331222  0.067349  0.284403  0.286841  0.157524  0.251897  0.209123  0.202590  0.569110  0.346349  0.222747  0.223442  0.069744  0.241056  0.134098  0.305831  0.246070  0.239986  0.302218  0.356995  0.327808  0.263984  0.181353  0.294039  0.389678  0.330309  0.118432  0.296413  0.077123  0.248933  0.121952  0.261619  0.122806  0.144410  0.092732  0.067349  0.273098  0.280331  0.344874  0.401140  0.177642  0.226098  0.425757  0.326235 
20  0.106477  0.235611  0.140609  0.075483  0.172964  0.299960  0.182938  0.198927  0.398083  0.467949  0.072742  0.249186  0.234091  0.405086  0.078029  0.259079  0.414128  0.348637  0.220508  0.389897 0.0  0.352802  0.069280  0.206762  0.570642  0.299509  0.461872  0.358937  0.403589  0.243739  0.228405  0.138478  0.335703  0.171863  0.211308  0.314709  0.463313  0.288328  0.132785  0.369984  0.334342  0.189869  0.576167  0.331581  0.304119  0.274945  0.169492  0.067349  0.095701  0.360554  0.067349  0.127043  0.137757  0.405690  0.391178  0.237900  0.082204  0.377435  0.261153  0.171287  0.083670  0.148013  0.229676  0.411226  0.439205  0.524235  0.129456  0.241968  0.099006  0.176412  0.454823  0.153375  0.399561  0.319348  0.270110  0.271266  0.533770  0.082496  0.389360  0.211537  0.283683  0.286952  0.196022  0.484433  0.506648  0.262116  0.469902  0.311067  0.295364 
21  0.409277  0.512059  0.506754  0.394929  0.374905  0.313302  0.521869  0.402020  0.524508  0.133762  0.287496  0.163501  0.436154  0.139049  0.375651  0.260492  0.885505  0.208652  0.168984  0.223389  0.352802 0.0  0.480218  0.388054  0.093783  0.174934  0.865102  0.250780  0.067349  0.609368  0.498861  0.305672  0.450281  0.523426  0.224171  0.258667  0.067349  0.351055  0.485229  0.640565  0.490379  0.643306  0.109406  0.532705  0.432779  0.578210  0.284502  0.497461  0.459924  0.067349  0.419580  0.354468  0.382048  0.761896  0.067349  0.718972  0.405486  0.110810  0.268847  0.373689  0.389781  0.522825  0.216611  0.113964  0.165128  0.204579  0.547472  0.403992  0.418162  0.477166  0.110575  0.312095  0.128729  0.248455  0.442234  0.237905  0.067349  0.351129  0.089648  0.068997  0.259212  0.286674  0.360459  0.204465  0.084272  0.170590  0.142765  0.552710  0.125902 
22  0.119558  0.261327  0.221088  0.075645  0.162547  0.253383  0.157562  0.194828  0.295584  0.555112  0.067349  0.300697  0.304683  0.377708  0.077555  0.206792  0.613488  0.257598  0.115792  0.250964  0.069280  0.480218 0.0  0.276757  0.492399  0.367514  0.509950  0.170192  0.344024  0.233490  0.162479  0.200887  0.308466  0.181085  0.266337  0.338697  0.346239  0.152548  0.270393  0.453308  0.360068  0.297802  0.469972  0.315822  0.216885  0.393423  0.202938  0.146231  0.082696  0.266133  0.107481  0.067349  0.145488  0.421888  0.345991  0.192760  0.176336  0.311116  0.172134  0.106186  0.067349  0.117255  0.404215  0.518280  0.397186  0.495914  0.161895  0.217914  0.141174  0.232309  0.445098  0.137687  0.396066  0.373915  0.177181  0.177484  0.450931  0.067349  0.316236  0.249485  0.330330  0.123303  0.135171  0.381610  0.451170  0.212533  0.377471  0.253874  0.372228 
23  0.080897  0.308859  0.246393  0.200004  0.154135  0.139178  0.331680  0.199052  0.329648  0.481027  0.151726  0.258240  0.274290  0.352071  0.124053  0.122972  0.632935  0.247436  0.167552  0.207622  0.206762  0.388054  0.276757 0.0  0.462822  0.128800  0.709727  0.245121  0.304150  0.417731  0.144866  0.131901  0.283736  0.348264  0.129200  0.175517  0.321703  0.284303  0.185296  0.336398  0.286521  0.298208  0.341974  0.289406  0.120825  0.286435  0.133900  0.268675  0.130066  0.291791  0.232031  0.135136  0.067349  0.562825  0.403355  0.316938  0.173180  0.067349  0.140424  0.304442  0.130291  0.264378  0.223447  0.330067  0.412531  0.353977  0.290109  0.235613  0.267924  0.335692  0.321071  0.215764  0.383184  0.280283  0.132722  0.140927  0.360393  0.132780  0.346357  0.179311  0.256761  0.153004  0.128474  0.305340  0.350781  0.158154  0.301158  0.252611  0.303808 
24  0.480886  0.623777  0.368138  0.578812  0.368759  0.297683  0.514485  0.491085  0.608036  0.100145  0.387925  0.251704  0.483430  0.259285  0.396295  0.305802  0.804916  0.286357  0.457418  0.316920  0.570642  0.093783  0.492399  0.462822 0.0  0.257315  0.918371  0.200569  0.193839  0.735446  0.519250  0.411109  0.661270  0.400919  0.409955  0.245161  0.067349  0.570114  0.498184  0.631785  0.650705  0.572519  0.185226  0.516271  0.648222  0.596416  0.199445  0.536804  0.564768  0.152303  0.518415  0.421394  0.455162  0.657581  0.148864  0.597889  0.482750  0.410837  0.503896  0.480790  0.525460  0.443077  0.302408  0.188363  0.117481  0.067349  0.503981  0.446682  0.552094  0.554192  0.140871  0.301351  0.080358  0.261801  0.572228  0.257892  0.136912  0.439356  0.212814  0.318386  0.414657  0.436723  0.344222  0.110389  0.067349  0.208046  0.089771  0.719175  0.067349 
25  0.182643  0.369084  0.392784  0.372344  0.253689  0.264584  0.317487  0.182676  0.510203  0.256161  0.239217  0.067349  0.275870  0.132403  0.331255  0.067349  0.699391  0.067349  0.215856  0.159309  0.299509  0.174934  0.367514  0.128800  0.257315 0.0  0.707037  0.085803  0.212575  0.597297  0.455720  0.133457  0.462915  0.489013  0.067349  0.168202  0.173234  0.282286  0.290954  0.583761  0.490993  0.357492  0.286809  0.480168  0.380042  0.327152  0.067349  0.309417  0.329829  0.090525  0.330704  0.156938  0.291247  0.590151  0.203955  0.394568  0.318795  0.094068  0.135812  0.325302  0.296598  0.404569  0.081475  0.082845  0.318032  0.296973  0.365955  0.295249  0.391188  0.371137  0.259994  0.138856  0.280426  0.067349  0.332954  0.110746  0.200156  0.208160  0.112709  0.196650  0.193514  0.224574  0.246065  0.232334  0.299966  0.083043  0.357539  0.458779  0.287663 
26  0.449877  0.424550  0.396585  0.557109  0.637419  0.676189  0.400813  0.575668  0.494875  0.975965  0.612475  0.832665  0.542408  0.822291  0.620079  0.608598  0.113876  0.876030  0.637516  0.576661  0.461872  0.865102  0.509950  0.709727  0.918371  0.707037 0.0  0.709693  0.834579  0.441187  0.563606  0.575548  0.571668  0.579254  0.743603  0.749635  0.884709  0.470463  0.608783  0.545549  0.519843  0.427728  0.898726  0.539890  0.579951  0.477380  0.625030  0.396045  0.588179  0.802052  0.614362  0.583310  0.552147  0.323480  0.913543  0.378093  0.497557  0.709945  0.473871  0.575339  0.557592  0.373408  0.712132  0.843901  0.895254  0.898450  0.398827  0.625812  0.445803  0.419494  0.920474  0.762682  0.835986  0.876716  0.701049  0.681536  0.858746  0.486236  0.863713  0.719702  0.682222  0.689300  0.643312  1.000000  0.906669  0.775899  0.941726  0.407016  0.840379 
27  0.145365  0.485076  0.282249  0.402763  0.318748  0.089399  0.331534  0.264842  0.448888  0.428382  0.201917  0.217883  0.432520  0.231150  0.214094  0.067349  0.652393  0.131189  0.248173  0.193129  0.358937  0.250780  0.170192  0.245121  0.200569  0.085803  0.709693 0.0  0.224382  0.361199  0.238414  0.137751  0.402319  0.419336  0.067349  0.191124  0.180702  0.201961  0.387565  0.504659  0.369016  0.411295  0.269096  0.337613  0.279629  0.283413  0.100807  0.347724  0.240105  0.067349  0.276990  0.304135  0.279412  0.554250  0.172721  0.323207  0.152356  0.067349  0.252729  0.306554  0.246366  0.369568  0.067349  0.158687  0.342874  0.374768  0.405646  0.226230  0.489263  0.427899  0.251111  0.067349  0.203529  0.077505  0.288224  0.067349  0.181513  0.217335  0.122789  0.115069  0.093214  0.219054  0.252828  0.322692  0.347998  0.088343  0.362347  0.485305  0.191894 
28  0.440111  0.557172  0.497701  0.429176  0.249014  0.204769  0.645492  0.365129  0.554940  0.079445  0.410711  0.233986  0.485433  0.159582  0.426767  0.184125  0.883441  0.097777  0.325640  0.257544  0.403589  0.067349  0.344024  0.304150  0.193839  0.212575  0.834579  0.224382 0.0  0.526198  0.459635  0.298700  0.569710  0.509642  0.213217  0.179808  0.109902  0.451570  0.451704  0.742228  0.614445  0.513371  0.088989  0.513134  0.445054  0.550661  0.306795  0.640139  0.434711  0.169948  0.419683  0.425713  0.485831  0.603957  0.072571  0.468683  0.424777  0.122977  0.460494  0.409319  0.510911  0.553744  0.319586  0.127234  0.212193  0.099238  0.633241  0.430090  0.428398  0.504963  0.078799  0.296133  0.110794  0.151143  0.554024  0.176241  0.103163  0.392724  0.158389  0.157734  0.335378  0.473864  0.287823  0.140040  0.106552  0.286122  0.180948  0.710392  0.075466 
29  0.266955  0.067349  0.143157  0.186191  0.385153  0.382963  0.196244  0.255837  0.188550  0.585193  0.284255  0.485242  0.169931  0.572395  0.294971  0.442093  0.309769  0.385515  0.354101  0.390649  0.243739  0.609368  0.233490  0.417731  0.735446  0.597297  0.441187  0.361199  0.526198 0.0  0.067349  0.205575  0.231242  0.279416  0.281663  0.527681  0.627739  0.377649  0.258234  0.323658  0.304774  0.210937  0.523894  0.193049  0.164030  0.166077  0.351728  0.181742  0.205676  0.433167  0.396229  0.207844  0.261366  0.425793  0.615038  0.067349  0.304062  0.440649  0.175391  0.179580  0.218373  0.216944  0.471733  0.618036  0.683910  0.568995  0.173688  0.224881  0.251590  0.300670  0.569420  0.394568  0.633633  0.396681  0.214347  0.393700  0.622642  0.356652  0.504824  0.434408  0.479221  0.354561  0.286612  0.637703  0.609986  0.539787  0.719422  0.236554  0.584081 
30  0.130428  0.218443  0.120972  0.145908  0.152795  0.258607  0.206409  0.187080  0.214616  0.637458  0.154284  0.333259  0.222950  0.472745  0.088877  0.267439  0.380759  0.318166  0.167467  0.219164  0.228405  0.498861  0.162479  0.144866  0.519250  0.455720  0.563606  0.238414  0.459635  0.067349 0.0  0.174761  0.132409  0.216864  0.205470  0.448155  0.507865  0.142727  0.152122  0.350222  0.250917  0.373929  0.600178  0.067349  0.227316  0.122090  0.236059  0.067349  0.067349  0.379714  0.175792  0.081325  0.190997  0.439479  0.505475  0.132075  0.186940  0.258375  0.112869  0.128129  0.067349  0.206918  0.322619  0.448968  0.606817  0.584451  0.224122  0.147208  0.216423  0.229139  0.387984  0.294207  0.588210  0.294695  0.138421  0.356379  0.580752  0.131418  0.540208  0.379358  0.298595  0.322187  0.204487  0.531815  0.490821  0.355612  0.507630  0.197929  0.460013 
31  0.187227  0.327774  0.246364  0.209392  0.102701  0.209855  0.309617  0.186304  0.405470  0.504843  0.112199  0.297520  0.281510  0.275793  0.217271  0.231760  0.597753  0.182520  0.114295  0.138480  0.138478  0.305672  0.200887  0.131901  0.411109  0.133457  0.575548  0.137751  0.298700  0.205575  0.174761 0.0  0.253921  0.362550  0.087600  0.281081  0.365010  0.238300  0.098615  0.400955  0.310935  0.362997  0.406638  0.301890  0.184934  0.330073  0.151253  0.259450  0.179336  0.328512  0.304259  0.113085  0.203705  0.558681  0.288989  0.287588  0.204602  0.206011  0.180476  0.234760  0.277100  0.271035  0.134079  0.484400  0.420931  0.417524  0.285124  0.173400  0.199062  0.411811  0.257776  0.175357  0.421770  0.225518  0.225937  0.159053  0.323539  0.067349  0.188247  0.311486  0.129807  0.210574  0.187607  0.435232  0.336830  0.210100  0.252666  0.367518  0.415344 
32  0.177166  0.197654  0.351611  0.334590  0.381129  0.284016  0.206228  0.067349  0.143149  0.651596  0.398265  0.483276  0.097747  0.495124  0.286669  0.265930  0.386947  0.428136  0.172836  0.384326  0.335703  0.450281  0.308466  0.283736  0.661270  0.462915  0.571668  0.402319  0.569710  0.231242  0.132409  0.253921 0.0  0.344559  0.327332  0.533916  0.606007  0.406678  0.169714  0.232902  0.103457  0.067349  0.668388  0.147244  0.162776  0.190115  0.237714  0.301291  0.290432  0.367044  0.361014  0.268206  0.135269  0.603099  0.454630  0.185817  0.360311  0.465670  0.158305  0.152268  0.299037  0.155783  0.324775  0.724865  0.588797  0.694666  0.259326  0.204804  0.279405  0.466935  0.552356  0.452177  0.645496  0.387054  0.154964  0.387331  0.567082  0.258386  0.387029  0.338722  0.363490  0.311754  0.360449  0.671577  0.625364  0.408177  0.573615  0.185219  0.525244 
33  0.239490  0.231614  0.067349  0.177078  0.247410  0.373469  0.195599  0.425594  0.235430  0.549820  0.107893  0.404816  0.363280  0.409528  0.206065  0.359008  0.469718  0.482097  0.226548  0.349876  0.171863  0.523426  0.181085  0.348264  0.400919  0.489013  0.579254  0.419336  0.509642  0.279416  0.216864  0.362550  0.344559 0.0  0.288314  0.477547  0.484153  0.236702  0.315147  0.474796  0.444639  0.316359  0.561524  0.412693  0.359154  0.326124  0.343933  0.243988  0.254821  0.463877  0.250970  0.178636  0.379105  0.227835  0.399470  0.188535  0.240159  0.305277  0.231058  0.243150  0.108948  0.335847  0.380384  0.458171  0.587704  0.644351  0.138961  0.379137  0.236059  0.067349  0.411157  0.332054  0.567132  0.293843  0.224077  0.361261  0.389407  0.224700  0.330271  0.427244  0.354590  0.292086  0.274787  0.509728  0.563069  0.340864  0.553191  0.258605  0.504182 
34  0.218620  0.413241  0.219990  0.330943  0.214630  0.103789  0.316528  0.351515  0.238922  0.325387  0.199075  0.224652  0.346076  0.304308  0.340662  0.067349  0.666149  0.108340  0.154036  0.112961  0.211308  0.224171  0.266337  0.129200  0.409955  0.067349  0.743603  0.067349  0.213217  0.281663  0.205470  0.087600  0.327332  0.288314 0.0  0.249713  0.187836  0.371660  0.256780  0.467109  0.417413  0.344548  0.266171  0.434468  0.164179  0.458201  0.236935  0.276895  0.328258  0.067349  0.268067  0.196757  0.350585  0.617010  0.183970  0.325644  0.200217  0.163168  0.213744  0.177083  0.172922  0.228994  0.138722  0.280049  0.328299  0.314195  0.454121  0.353086  0.280299  0.361779  0.219581  0.195148  0.218411  0.081970  0.211971  0.067349  0.245126  0.166068  0.268389  0.099985  0.071108  0.307041  0.215260  0.295709  0.266567  0.159580  0.383615  0.625427  0.380369 
35  0.329602  0.542842  0.466974  0.296399  0.240601  0.096512  0.522638  0.288640  0.455610  0.345832  0.415190  0.163431  0.441868  0.067349  0.361168  0.095242  0.745092  0.106359  0.189660  0.196149  0.314709  0.258667  0.338697  0.175517  0.245161  0.168202  0.749635  0.191124  0.179808  0.527681  0.448155  0.281081  0.533916  0.477547  0.249713 0.0  0.175795  0.380769  0.313433  0.641754  0.534158  0.437199  0.152216  0.483844  0.420727  0.418823  0.244060  0.415830  0.369310  0.137179  0.329287  0.399690  0.291903  0.675058  0.118284  0.422918  0.441990  0.067349  0.440662  0.296511  0.461592  0.410293  0.168135  0.178356  0.307016  0.236177  0.502853  0.259970  0.320302  0.499011  0.152759  0.203432  0.221371  0.148141  0.308116  0.118191  0.204438  0.262438  0.167263  0.067349  0.162179  0.132446  0.259731  0.200576  0.269338  0.106140  0.218933  0.508696  0.171733 
36  0.407138  0.649616  0.584325  0.457333  0.527586  0.299368  0.531929  0.415702  0.713286  0.183432  0.358030  0.228662  0.544671  0.132234  0.399163  0.152094  0.883198  0.211036  0.475902  0.334985  0.463313  0.067349  0.346239  0.321703  0.067349  0.173234  0.884709  0.180702  0.109902  0.627739  0.507865  0.365010  0.606007  0.484153  0.187836  0.175795 0.0  0.617397  0.321263  0.741324  0.584279  0.574849  0.159798  0.629717  0.487180  0.451011  0.253656  0.542065  0.477056  0.230171  0.389346  0.388175  0.429879  0.770316  0.097020  0.477187  0.411971  0.306532  0.468486  0.497250  0.520984  0.446985  0.318205  0.135877  0.125167  0.117032  0.548691  0.483565  0.464902  0.449053  0.119495  0.322541  0.089381  0.149648  0.489168  0.273413  0.145702  0.348620  0.156084  0.259874  0.298275  0.405011  0.379985  0.135817  0.189704  0.269735  0.076696  0.685719  0.067349 
37  0.277359  0.358178  0.210169  0.257632  0.275349  0.339559  0.212264  0.327201  0.377155  0.433254  0.158839  0.374034  0.383140  0.528800  0.178921  0.294211  0.520817  0.369291  0.338035  0.231136  0.288328  0.351055  0.152548  0.284303  0.570114  0.282286  0.470463  0.201961  0.451570  0.377649  0.142727  0.238300  0.406678  0.236702  0.371660  0.380769  0.617397 0.0  0.240956  0.639424  0.376103  0.451439  0.505880  0.434926  0.303068  0.226755  0.351409  0.296184  0.200453  0.369586  0.231699  0.301026  0.348359  0.284352  0.442862  0.223173  0.175888  0.438888  0.310141  0.177169  0.117338  0.232566  0.312208  0.460936  0.561022  0.456835  0.168149  0.188474  0.186063  0.206838  0.484442  0.302287  0.343920  0.384924  0.297399  0.323575  0.297778  0.291114  0.256723  0.494505  0.317961  0.163650  0.177281  0.441100  0.395673  0.269577  0.506541  0.314886  0.477255 
38  0.204493  0.258842  0.206746  0.142316  0.148366  0.239413  0.277229  0.171698  0.231687  0.463532  0.164854  0.262084  0.286512  0.437378  0.078810  0.184957  0.530857  0.235551  0.223150  0.240584  0.132785  0.485229  0.270393  0.185296  0.498184  0.290954  0.608783  0.387565  0.451704  0.258234  0.152122  0.098615  0.169714  0.315147  0.256780  0.313433  0.321263  0.240956 0.0  0.399132  0.178784  0.161657  0.283917  0.321140  0.218925  0.239294  0.069572  0.153393  0.129217  0.288108  0.134315  0.169222  0.067349  0.512260  0.362915  0.305842  0.114228  0.294845  0.106479  0.236332  0.217056  0.298586  0.177339  0.429509  0.542949  0.513372  0.295439  0.114651  0.155367  0.339603  0.344197  0.217547  0.501625  0.390099  0.067349  0.195213  0.372294  0.080339  0.323663  0.226687  0.124287  0.216813  0.119867  0.445370  0.424977  0.273717  0.514967  0.267449  0.488315 
39  0.407326  0.217013  0.379731  0.399408  0.430818  0.474729  0.339127  0.281873  0.186584  0.797423  0.503834  0.616641  0.262273  0.754656  0.255667  0.434578  0.385518  0.460370  0.458040  0.462837  0.369984  0.640565  0.453308  0.336398  0.631785  0.583761  0.545549  0.504659  0.742228  0.323658  0.350222  0.400955  0.232902  0.474796  0.467109  0.641754  0.741324  0.639424  0.399132 0.0  0.210255  0.162032  0.847377  0.293853  0.301264  0.423630  0.486982  0.564839  0.367907  0.589667  0.437465  0.417820  0.383030  0.573891  0.794359  0.313066  0.443286  0.556230  0.397306  0.374122  0.418988  0.389647  0.518984  0.751301  0.799696  0.734157  0.415236  0.315209  0.433015  0.570702  0.810766  0.525537  0.674596  0.618474  0.356803  0.641056  0.713719  0.530888  0.614733  0.626517  0.618668  0.439220  0.471697  0.770535  0.712539  0.616790  0.762269  0.466144  0.793133 
40  0.225092  0.143672  0.274940  0.319262  0.306841  0.381011  0.258372  0.232785  0.265611  0.615084  0.452376  0.454244  0.305768  0.596685  0.284852  0.426118  0.424413  0.481971  0.335923  0.337615  0.334342  0.490379  0.360068  0.286521  0.650705  0.490993  0.519843  0.369016  0.614445  0.304774  0.250917  0.310935  0.103457  0.444639  0.417413  0.534158  0.584279  0.376103  0.178784  0.210255 0.0  0.067349  0.716241  0.093566  0.168140  0.185210  0.346183  0.208740  0.363332  0.473295  0.365240  0.387067  0.248153  0.395871  0.636445  0.217154  0.311289  0.358741  0.307438  0.147114  0.311875  0.372487  0.411935  0.525026  0.637765  0.625268  0.361577  0.220446  0.371004  0.502563  0.632885  0.387191  0.675043  0.386467  0.146783  0.393354  0.560899  0.289758  0.405566  0.410912  0.294167  0.365727  0.309712  0.662730  0.687747  0.503057  0.623539  0.263432  0.565167 
41  0.289447  0.129769  0.255316  0.280335  0.308123  0.325106  0.307485  0.168330  0.245540  0.691415  0.273099  0.552230  0.115294  0.486039  0.346598  0.369178  0.473141  0.525490  0.373097  0.412236  0.189869  0.643306  0.297802  0.298208  0.572519  0.357492  0.427728  0.411295  0.513371  0.210937  0.373929  0.362997  0.067349  0.316359  0.344548  0.437199  0.574849  0.451439  0.161657  0.162032  0.067349 0.0  0.559302  0.134800  0.252359  0.236491  0.289121  0.229053  0.365533  0.454329  0.316405  0.215282  0.243825  0.513382  0.549197  0.305948  0.302131  0.413426  0.210138  0.276110  0.296091  0.231007  0.400754  0.447217  0.724598  0.694126  0.338861  0.098914  0.421467  0.414831  0.635686  0.399425  0.602204  0.434538  0.149182  0.361309  0.588124  0.382473  0.453912  0.387651  0.294413  0.357691  0.408026  0.595938  0.586846  0.394390  0.596641  0.366894  0.642492 
42  0.509784  0.631763  0.558602  0.397426  0.407900  0.337296  0.606402  0.457490  0.722247  0.129624  0.445526  0.288004  0.609950  0.185021  0.462455  0.279604  0.817479  0.208095  0.475499  0.461610  0.576167  0.109406  0.469972  0.341974  0.185226  0.286809  0.898726  0.269096  0.088989  0.523894  0.600178  0.406638  0.668388  0.561524  0.266171  0.152216  0.159798  0.505880  0.283917  0.847377  0.716241  0.559302 0.0  0.623212  0.525329  0.678950  0.417794  0.574599  0.494472  0.234333  0.473812  0.533795  0.543799  0.772612  0.089507  0.611474  0.463094  0.364630  0.366806  0.582912  0.403802  0.537604  0.280730  0.116044  0.077546  0.071269  0.540322  0.553100  0.488214  0.512808  0.202438  0.301517  0.193496  0.279359  0.486415  0.321320  0.157230  0.365196  0.179807  0.289613  0.209634  0.451588  0.410747  0.210822  0.166057  0.307228  0.187577  0.661954  0.067349 
43  0.183666  0.203930  0.388484  0.193095  0.279683  0.272844  0.197972  0.381877  0.080866  0.640785  0.248370  0.410311  0.195783  0.499904  0.207542  0.342582  0.369748  0.410424  0.335149  0.416020  0.331581  0.532705  0.315822  0.289406  0.516271  0.480168  0.539890  0.337613  0.513134  0.193049  0.067349  0.301890  0.147244  0.412693  0.434468  0.483844  0.629717  0.434926  0.321140  0.293853  0.093566  0.134800  0.623212 0.0  0.109677  0.120407  0.317882  0.199896  0.285340  0.451482  0.356756  0.189689  0.236857  0.501928  0.523749  0.194499  0.233210  0.497735  0.193727  0.310091  0.241683  0.340715  0.338516  0.596982  0.562526  0.635776  0.299360  0.086577  0.275180  0.380041  0.462481  0.398764  0.496055  0.385006  0.200180  0.414800  0.462327  0.430008  0.464303  0.382431  0.436263  0.332147  0.291823  0.653059  0.567845  0.430835  0.579272  0.316480  0.624066 
44  0.157535  0.252619  0.125078  0.124473  0.273206  0.281048  0.315196  0.103043  0.203357  0.629322  0.100647  0.367144  0.146955  0.380223  0.161989  0.169612  0.504181  0.318321  0.177477  0.346021  0.304119  0.432779  0.216885  0.120825  0.648222  0.380042  0.579951  0.279629  0.445054  0.164030  0.227316  0.184934  0.162776  0.359154  0.164179  0.420727  0.487180  0.303068  0.218925  0.301264  0.168140  0.252359  0.525329  0.109677 0.0  0.150595  0.173752  0.232142  0.280834  0.388442  0.154011  0.184949  0.067349  0.517820  0.477666  0.127085  0.218641  0.248709  0.199558  0.109108  0.172333  0.252861  0.264324  0.497210  0.455269  0.474084  0.249436  0.067349  0.182247  0.298320  0.382246  0.300776  0.446416  0.262308  0.133768  0.265975  0.410822  0.217763  0.267593  0.265394  0.256468  0.218218  0.301844  0.457236  0.523902  0.285834  0.548514  0.320956  0.442680 
