89
0 0.0  0.215128  0.164365  0.093057  0.118022  0.248654  0.183589  0.144585  0.229769  0.498078  0.135952  0.325375  0.189942  0.375171  0.089630  0.229790  0.463109  0.291224  0.155089  0.219306  0.138849  0.385863  0.120585  0.160721  0.446892  0.280651  0.485184  0.242331  0.392253  0.236412  0.126465  0.142626  0.227824  0.235137  0.243275  0.301237  0.394479  0.206632  0.116641  0.382957  0.247547  0.230029  0.488312  0.219888  0.134696  0.181633  0.202456  0.150534  0.091684  0.304639  0.160190  0.101134  0.142240  0.430128  0.380005  0.176236  0.132911  0.307306  0.089365  0.078368  0.108589  0.180766  0.233709  0.422398  0.466421  0.442187  0.198934  0.137799  0.151574  0.281119  0.370004  0.217844  0.465742  0.287566  0.104410  0.240189  0.357069  0.135717  0.284572  0.241491  0.253410  0.200859  0.178250  0.455375  0.507027  0.264310  0.442213  0.240454  0.404536 
1  0.215128 0.0  0.182843  0.206306  0.216075  0.351191  0.175368  0.243693  0.106988  0.690230  0.261752  0.417639  0.160136  0.501727  0.212328  0.465345  0.336425  0.368784  0.290760  0.372011  0.215312  0.577404  0.227644  0.273070  0.576039  0.346141  0.422914  0.374797  0.555328  0.093840  0.164719  0.290193  0.147012  0.313461  0.297310  0.375371  0.622469  0.356313  0.254311  0.255805  0.164164  0.158295  0.531248  0.126046  0.221809  0.140753  0.306225  0.166415  0.210086  0.455578  0.259091  0.234190  0.225560  0.406403  0.518937  0.122575  0.239562  0.416373  0.192037  0.185865  0.223647  0.180814  0.372262  0.508274  0.633342  0.526280  0.208243  0.218614  0.210061  0.294448  0.508354  0.357668  0.541109  0.462953  0.212396  0.417395  0.527189  0.269957  0.467826  0.363574  0.345603  0.312650  0.343816  0.543663  0.536412  0.413444  0.615205  0.169155  0.588815 
2  0.164365  0.182843 0.0  0.146787  0.172129  0.324889  0.111390  0.210269  0.259322  0.496734  0.165607  0.315171  0.220334  0.469093  0.155763  0.297319  0.399601  0.341740  0.237595  0.280465  0.129015  0.485801  0.161752  0.220279  0.520966  0.375155  0.432469  0.318175  0.442225  0.195576  0.116946  0.218349  0.232607  0.166194  0.291723  0.414478  0.481753  0.195798  0.237371  0.396119  0.293404  0.243274  0.482740  0.211390  0.226083  0.139366  0.283828  0.105207  0.161505  0.394925  0.144938  0.179230  0.223070  0.339266  0.435185  0.158679  0.152606  0.298495  0.180957  0.182366  0.142961  0.087528  0.319461  0.457113  0.554031  0.560060  0.124655  0.205219  0.100773  0.189645  0.475259  0.315979  0.560702  0.339166  0.177211  0.296496  0.411262  0.183953  0.419284  0.268256  0.336973  0.225029  0.206351  0.499759  0.494867  0.321677  0.504152  0.207970  0.580467 
3  0.093057  0.206306  0.146787 0.0  0.103321  0.209301  0.173757  0.181446  0.255723  0.489431  0.129261  0.326686  0.199759  0.348721  0.079694  0.213410  0.442403  0.239591  0.169383  0.214885  0.127146  0.413651  0.105852  0.156612  0.475429  0.277414  0.573989  0.276927  0.407437  0.226643  0.133329  0.137239  0.228832  0.188549  0.250193  0.314302  0.426327  0.201764  0.143509  0.349777  0.291499  0.270427  0.437601  0.220565  0.150214  0.173650  0.178991  0.134904  0.083040  0.289549  0.127873  0.093488  0.159764  0.396057  0.381758  0.176897  0.123246  0.268046  0.108993  0.096423  0.089914  0.153720  0.246840  0.355491  0.418256  0.482632  0.190322  0.140939  0.136583  0.206890  0.388540  0.214019  0.417950  0.266406  0.127600  0.215662  0.311488  0.125896  0.305641  0.259048  0.226274  0.161297  0.165094  0.405661  0.385942  0.239505  0.442137  0.278536  0.413981 
4  0.118022  0.216075  0.172129  0.103321 0.0  0.194202  0.216850  0.172606  0.286666  0.474756  0.105118  0.255253  0.229988  0.330714  0.104117  0.215118  0.504908  0.266217  0.134706  0.197905  0.124050  0.358259  0.093925  0.155910  0.457023  0.227351  0.471504  0.243123  0.401356  0.288971  0.149969  0.128223  0.258300  0.224140  0.242440  0.334331  0.384270  0.202629  0.126528  0.394316  0.310534  0.277237  0.429124  0.267756  0.186360  0.206754  0.178586  0.160334  0.094780  0.248997  0.127254  0.101034  0.172324  0.439593  0.359545  0.184894  0.102310  0.239604  0.128125  0.111646  0.105090  0.180591  0.207818  0.365806  0.476428  0.402141  0.222869  0.164597  0.136602  0.246276  0.427453  0.210355  0.443431  0.230787  0.140868  0.207288  0.366969  0.103389  0.264848  0.225504  0.211753  0.144197  0.131904  0.382987  0.439829  0.234878  0.397428  0.266043  0.419508 
5  0.248654  0.351191  0.324889  0.209301  0.194202 0.0  0.312082  0.206903  0.319369  0.388618  0.226186  0.160268  0.255899  0.236771  0.218788  0.086278  0.584267  0.137020  0.134943  0.084660  0.257130  0.239554  0.224418  0.154711  0.334597  0.139572  0.651386  0.101537  0.264764  0.369155  0.266403  0.147783  0.259363  0.288869  0.087807  0.172205  0.289780  0.275892  0.184730  0.495989  0.339258  0.332337  0.323866  0.344559  0.229772  0.334469  0.095457  0.322274  0.201450  0.174297  0.254638  0.207027  0.222977  0.569647  0.258752  0.313399  0.217759  0.117231  0.225211  0.218202  0.233456  0.323546  0.100324  0.266207  0.342406  0.302543  0.388132  0.218987  0.298084  0.352707  0.239860  0.089242  0.269966  0.116973  0.186811  0.112009  0.259340  0.180329  0.157310  0.101834  0.093262  0.174058  0.168882  0.296339  0.294329  0.122002  0.312294  0.393667  0.285188 
6  0.183589  0.175368  0.111390  0.173757  0.216850  0.312082 0.0  0.255939  0.219867  0.562746  0.184866  0.383415  0.184813  0.543937  0.172332  0.329678  0.389242  0.382985  0.267227  0.242501  0.158778  0.526355  0.169888  0.270461  0.487566  0.363308  0.392891  0.364377  0.472666  0.166024  0.131389  0.266626  0.210757  0.186893  0.332931  0.444429  0.546672  0.250233  0.215754  0.326951  0.271524  0.209234  0.556861  0.231928  0.227099  0.092744  0.311404  0.116740  0.164711  0.392966  0.178937  0.203773  0.254712  0.381927  0.450401  0.141553  0.187506  0.352725  0.168643  0.195635  0.172229  0.099094  0.344495  0.457172  0.539601  0.524213  0.122910  0.217921  0.132509  0.207551  0.475758  0.318285  0.503541  0.430077  0.178314  0.370272  0.388102  0.225257  0.354231  0.372895  0.304860  0.261067  0.241064  0.453964  0.489922  0.311571  0.524459  0.172552  0.521033 
7  0.144585  0.243693  0.210269  0.181446  0.172606  0.206903  0.255939 0.0  0.229688  0.495102  0.202394  0.283659  0.148883  0.374753  0.161554  0.239904  0.521786  0.264902  0.163540  0.193799  0.203147  0.351268  0.206123  0.145836  0.465858  0.226386  0.515665  0.257928  0.376180  0.267385  0.186472  0.171249  0.188667  0.318984  0.222899  0.352862  0.439576  0.343705  0.110962  0.345546  0.193007  0.204519  0.461279  0.224486  0.109307  0.221527  0.175235  0.216778  0.177403  0.322493  0.246790  0.164934  0.090877  0.566619  0.420292  0.185967  0.220378  0.263472  0.158507  0.148358  0.191334  0.203592  0.228088  0.403760  0.518473  0.379331  0.287174  0.103187  0.192703  0.363173  0.365273  0.231281  0.371959  0.256433  0.123375  0.227288  0.354338  0.203634  0.266484  0.255346  0.216818  0.230773  0.230389  0.454921  0.402205  0.263304  0.462386  0.355270  0.392461 
8  0.229769  0.106988  0.259322  0.255723  0.286666  0.319369  0.219867  0.229688 0.0  0.697990  0.308094  0.467271  0.169597  0.570277  0.266760  0.386810  0.326335  0.375864  0.296616  0.387517  0.279630  0.512751  0.258429  0.306251  0.616651  0.482922  0.464083  0.471685  0.610323  0.125215  0.200720  0.320285  0.141319  0.370413  0.353860  0.459026  0.510135  0.356128  0.250842  0.234154  0.143820  0.123964  0.712774  0.107182  0.204884  0.187953  0.331961  0.222376  0.289604  0.365351  0.298388  0.296011  0.229730  0.439879  0.582576  0.138034  0.327220  0.378122  0.212176  0.255918  0.210573  0.216061  0.411135  0.571949  0.566023  0.648152  0.231763  0.242988  0.266108  0.371717  0.554016  0.356676  0.648091  0.435006  0.253266  0.426996  0.486259  0.277839  0.478428  0.377091  0.479846  0.368435  0.379014  0.575286  0.542642  0.418916  0.619088  0.223693  0.597081 
9  0.498078  0.690230  0.496734  0.489431  0.474756  0.388618  0.562746  0.495102  0.697990 0.0  0.447508  0.260396  0.581853  0.209262  0.468419  0.319885  0.793459  0.301016  0.413778  0.342941  0.463064  0.208193  0.508084  0.499530  0.130771  0.292928  0.892494  0.324080  0.188027  0.644278  0.494284  0.387832  0.618903  0.553044  0.314159  0.266834  0.168810  0.423273  0.436206  0.746304  0.635687  0.584201  0.114950  0.551461  0.403017  0.620003  0.364361  0.421206  0.500771  0.251517  0.471990  0.523284  0.496848  0.738700  0.203286  0.498649  0.411829  0.359163  0.483233  0.508381  0.525186  0.492899  0.379316  0.151421  0.079659  0.124866  0.545998  0.524902  0.422553  0.499774  0.188177  0.360504  0.147411  0.301221  0.481626  0.306511  0.179876  0.371172  0.281402  0.308382  0.337813  0.357123  0.410944  0.145882  0.135624  0.305759  0.150110  0.728757  0.149540 
10  0.135952  0.261752  0.165607  0.129261  0.105118  0.226186  0.184866  0.202394  0.308094  0.447508 0.0  0.258228  0.262330  0.380866  0.125274  0.251063  0.409595  0.243575  0.182123  0.226563  0.100535  0.406925  0.082198  0.184931  0.394432  0.264928  0.529695  0.239291  0.394094  0.274207  0.156409  0.151333  0.291519  0.184242  0.245215  0.319526  0.410521  0.157989  0.168568  0.492516  0.324654  0.269205  0.377897  0.285131  0.195205  0.199883  0.193887  0.163320  0.118862  0.259444  0.102371  0.128596  0.181122  0.394343  0.327863  0.209011  0.077049  0.221983  0.153567  0.132749  0.109957  0.152854  0.240631  0.432639  0.381994  0.452550  0.177253  0.175747  0.134936  0.219284  0.307420  0.232045  0.376253  0.277105  0.173272  0.221583  0.392483  0.131234  0.305637  0.249356  0.259809  0.160909  0.132285  0.435569  0.387185  0.259040  0.411177  0.255300  0.342090 
11  0.325375  0.417639  0.315171  0.326686  0.255253  0.160268  0.383415  0.283659  0.467271  0.260396  0.258228 0.0  0.343583  0.139591  0.350051  0.143418  0.668502  0.107571  0.220019  0.160820  0.349395  0.165974  0.260172  0.233445  0.233483  0.085446  0.870103  0.115855  0.186423  0.438430  0.362783  0.208660  0.481743  0.372835  0.137384  0.098337  0.195790  0.350659  0.257626  0.509115  0.460332  0.440667  0.199211  0.402817  0.289090  0.416886  0.172001  0.384745  0.313022  0.098860  0.314077  0.261414  0.281494  0.524521  0.169626  0.398480  0.299043  0.110943  0.247228  0.273240  0.311073  0.354739  0.126396  0.188262  0.254170  0.262808  0.358307  0.285270  0.358470  0.413570  0.177081  0.148757  0.205567  0.104241  0.280794  0.129328  0.158995  0.255320  0.077430  0.120384  0.137984  0.236205  0.220951  0.218859  0.205719  0.111294  0.253682  0.493882  0.191283 
12  0.189942  0.160136  0.220334  0.199759  0.229988  0.255899  0.184813  0.148883  0.169597  0.581853  0.262330  0.343583 0.0  0.432130  0.203389  0.365247  0.477885  0.359238  0.232042  0.328104  0.237348  0.475827  0.227131  0.256877  0.537241  0.331802  0.515832  0.335899  0.588331  0.180710  0.167256  0.237935  0.110983  0.289000  0.364597  0.413911  0.457086  0.311447  0.183520  0.271625  0.136030  0.130262  0.618880  0.120267  0.133601  0.180847  0.293938  0.190194  0.171107  0.401075  0.296118  0.197810  0.164589  0.444702  0.494001  0.138163  0.231670  0.305567  0.168374  0.166759  0.218859  0.221637  0.343709  0.509122  0.536746  0.546855  0.259120  0.180676  0.235680  0.321804  0.487696  0.349031  0.511020  0.362673  0.165532  0.322781  0.423142  0.263608  0.381291  0.310399  0.293988  0.316912  0.296339  0.507766  0.480922  0.363947  0.488657  0.247567  0.418007 
13  0.375171  0.501727  0.469093  0.348721  0.330714  0.236771  0.543937  0.374753  0.570277  0.209262  0.380866  0.139591  0.432130 0.0  0.369903  0.207276  0.835161  0.183580  0.274271  0.245710  0.344414  0.082995  0.318001  0.300949  0.148276  0.170097  0.721712  0.213561  0.105421  0.463595  0.430188  0.313205  0.485156  0.512303  0.213998  0.129571  0.117053  0.347493  0.303288  0.618060  0.515564  0.406787  0.177465  0.518429  0.389845  0.547753  0.250866  0.431235  0.381110  0.130132  0.394680  0.330837  0.320212  0.574474  0.088213  0.483082  0.358536  0.199336  0.368238  0.389338  0.357772  0.426072  0.220618  0.129481  0.202372  0.147371  0.475481  0.379158  0.393146  0.491982  0.090589  0.213264  0.137841  0.183263  0.424365  0.206720  0.123278  0.307844  0.150725  0.183804  0.204717  0.276746  0.255479  0.151255  0.146765  0.199446  0.140848  0.539034  0.117415 
14  0.089630  0.212328  0.155763  0.079694  0.104117  0.218788  0.172332  0.161554  0.266760  0.468419  0.125274  0.350051  0.203389  0.369903 0.0  0.228713  0.424853  0.237809  0.158616  0.203922  0.129959  0.390750  0.112733  0.162172  0.445393  0.279199  0.509847  0.255564  0.331608  0.222921  0.116257  0.152148  0.253760  0.206894  0.245172  0.352285  0.358482  0.207646  0.136165  0.376277  0.258164  0.237326  0.405778  0.241850  0.168896  0.189517  0.190683  0.140720  0.083584  0.293602  0.139448  0.096597  0.145220  0.394590  0.340502  0.176484  0.114152  0.255696  0.104072  0.094400  0.095027  0.154777  0.241994  0.473837  0.459147  0.491428  0.223085  0.146088  0.124489  0.244014  0.335409  0.205872  0.429932  0.287190  0.119985  0.258658  0.360799  0.133624  0.278560  0.254841  0.236408  0.174990  0.166199  0.417659  0.487033  0.249437  0.452563  0.295686  0.398174 
15  0.229790  0.465345  0.297319  0.213410  0.215118  0.086278  0.329678  0.239904  0.386810  0.319885  0.251063  0.143418  0.365247  0.207276  0.228713 0.0  0.687481  0.106873  0.144612  0.094093  0.258602  0.228473  0.238139  0.149285  0.278446  0.126732  0.770080  0.090531  0.238825  0.364169  0.293182  0.165495  0.386898  0.310014  0.084716  0.155987  0.257068  0.313126  0.197813  0.435177  0.345031  0.396596  0.347319  0.342156  0.233031  0.342735  0.111118  0.340308  0.235644  0.140583  0.273487  0.209490  0.204782  0.485772  0.242279  0.346420  0.247552  0.095658  0.222932  0.206010  0.225521  0.350932  0.086714  0.281356  0.343731  0.300498  0.349865  0.255774  0.244318  0.389838  0.247793  0.089405  0.258867  0.102150  0.238940  0.108203  0.226169  0.196980  0.148283  0.091954  0.083104  0.180157  0.187691  0.286531  0.316559  0.126103  0.285926  0.452258  0.260617 
16  0.463109  0.336425  0.399601  0.442403  0.504908  0.584267  0.389242  0.521786  0.326335  0.793459  0.409595  0.668502  0.477885  0.835161  0.424853  0.687481 0.0  0.674548  0.464493  0.629393  0.394146  0.716355  0.477244  0.548881  0.758007  0.622265  0.143809  0.607905  0.726853  0.353710  0.387307  0.533392  0.479559  0.369428  0.568016  0.744641  0.913772  0.427898  0.528934  0.377104  0.512386  0.375477  0.688494  0.311763  0.472283  0.310326  0.676653  0.422387  0.411279  0.759796  0.466167  0.517444  0.434567  0.364947  0.874785  0.330517  0.472052  0.618652  0.362105  0.492212  0.430859  0.398430  0.681025  0.706054  0.821416  0.877173  0.337909  0.528642  0.396917  0.332659  0.687565  0.528367  0.805357  0.671916  0.475830  0.638120  0.742790  0.403215  0.572553  0.690249  0.663179  0.514645  0.506072  0.786029  0.752315  0.645682  0.728000  0.261466  0.869606 
17  0.291224  0.368784  0.341740  0.239591  0.266217  0.137020  0.382985  0.264902  0.375864  0.301016  0.243575  0.107571  0.359238  0.183580  0.237809  0.106873  0.674548 0.0  0.179444  0.132813  0.308826  0.197531  0.268744  0.195175  0.231181  0.091837  0.666918  0.098264  0.212384  0.369068  0.334657  0.193618  0.389998  0.378047  0.110793  0.113479  0.233990  0.310497  0.254741  0.548948  0.386208  0.391937  0.279244  0.329576  0.311333  0.416410  0.145731  0.342338  0.257386  0.106410  0.281068  0.260495  0.262447  0.564743  0.189630  0.356571  0.299059  0.087197  0.300555  0.269851  0.313763  0.307213  0.102447  0.226661  0.286161  0.264437  0.416040  0.220559  0.370568  0.402584  0.171727  0.111562  0.273787  0.083321  0.277824  0.111990  0.190229  0.217603  0.112570  0.097946  0.109795  0.209287  0.195274  0.253009  0.242968  0.110450  0.258169  0.505883  0.257165 
18  0.155089  0.290760  0.237595  0.169383  0.134706  0.134943  0.267227  0.163540  0.296616  0.413778  0.182123  0.220019  0.232042  0.274271  0.158616  0.144612  0.464493  0.179444 0.0  0.133378  0.201811  0.293997  0.171611  0.084102  0.410053  0.234011  0.581416  0.161227  0.317914  0.272113  0.226512  0.096173  0.275018  0.278682  0.145036  0.233120  0.340481  0.265103  0.137832  0.448178  0.268796  0.268574  0.403288  0.291316  0.165283  0.253503  0.119504  0.224844  0.157217  0.223449  0.225843  0.143497  0.134110  0.472564  0.264192  0.251775  0.175619  0.175246  0.158814  0.145464  0.171676  0.235743  0.169505  0.305436  0.435571  0.365426  0.284129  0.152570  0.186757  0.343649  0.311000  0.144791  0.307665  0.182061  0.172693  0.165308  0.260792  0.138392  0.201129  0.168580  0.136322  0.150875  0.165781  0.358448  0.367828  0.170623  0.397788  0.320338  0.290532 
19  0.219306  0.372011  0.280465  0.214885  0.197905  0.084660  0.242501  0.193799  0.387517  0.342941  0.226563  0.160820  0.328104  0.245710  0.203922  0.094093  0.629393  0.132813  0.133378 0.0  0.225457  0.254061  0.190391  0.127795  0.307636  0.154687  0.624433  0.109875  0.284487  0.359183  0.239437  0.146730  0.338925  0.334951  0.104536  0.179194  0.274230  0.276452  0.162088  0.383491  0.369668  0.340756  0.321225  0.327508  0.225969  0.297738  0.088764  0.262363  0.192622  0.175513  0.249523  0.183977  0.185423  0.487228  0.263076  0.282952  0.192122  0.132294  0.222386  0.191555  0.217646  0.301240  0.114606  0.311890  0.348684  0.277192  0.355847  0.189671  0.275837  0.361011  0.252915  0.103214  0.266002  0.126709  0.220931  0.120134  0.266314  0.189369  0.158948  0.114382  0.103111  0.150960  0.164156  0.335398  0.322937  0.130002  0.293240  0.435721  0.265547 
20  0.138849  0.215312  0.129015  0.127146  0.124050  0.257130  0.158778  0.203147  0.279630  0.463064  0.100535  0.349395  0.237348  0.344414  0.129959  0.258602  0.394146  0.308826  0.201811  0.225457 0.0  0.365508  0.100143  0.206921  0.412472  0.349161  0.488160  0.249305  0.360853  0.253116  0.152560  0.182950  0.250257  0.159766  0.256270  0.383786  0.419213  0.173985  0.180742  0.397192  0.311627  0.326405  0.420680  0.289078  0.200581  0.183132  0.218425  0.139504  0.125551  0.358850  0.088046  0.129238  0.197944  0.342657  0.454412  0.198334  0.098694  0.295860  0.144022  0.143774  0.101678  0.141661  0.316188  0.394383  0.524328  0.443436  0.166518  0.183611  0.114231  0.212527  0.401193  0.229423  0.443633  0.270059  0.183182  0.251358  0.393512  0.157861  0.340371  0.264987  0.249167  0.176469  0.175756  0.418260  0.386761  0.275758  0.405217  0.253838  0.390591 
21  0.385863  0.577404  0.485801  0.413651  0.358259  0.239554  0.526355  0.351268  0.512751  0.208193  0.406925  0.165974  0.475827  0.082995  0.390750  0.228473  0.716355  0.197531  0.293997  0.254061  0.365508 0.0  0.347515  0.309854  0.150418  0.164403  0.702557  0.196404  0.094529  0.473537  0.431206  0.319563  0.423947  0.356160  0.224055  0.138152  0.118811  0.415077  0.364827  0.643515  0.536536  0.559662  0.166515  0.546272  0.388584  0.450690  0.272072  0.375476  0.359312  0.148676  0.434459  0.382325  0.417306  0.757797  0.079892  0.547364  0.378228  0.226310  0.409955  0.352630  0.344176  0.445521  0.220881  0.121188  0.196983  0.164870  0.482483  0.365665  0.395998  0.520705  0.082965  0.210587  0.125649  0.161131  0.376191  0.194141  0.128653  0.339093  0.154899  0.204656  0.238891  0.271995  0.311011  0.142039  0.150767  0.182732  0.141143  0.620093  0.108978 
22  0.120585  0.227644  0.161752  0.105852  0.093925  0.224418  0.169888  0.206123  0.258429  0.508084  0.082198  0.260172  0.227131  0.318001  0.112733  0.238139  0.477244  0.268744  0.171611  0.190391  0.100143  0.347515 0.0  0.189012  0.410366  0.285650  0.463238  0.226301  0.414575  0.289449  0.152193  0.142836  0.278121  0.159292  0.233246  0.290051  0.366426  0.182485  0.156898  0.396564  0.309233  0.310403  0.420862  0.296944  0.189465  0.219450  0.192036  0.152050  0.113624  0.347022  0.099274  0.116233  0.189897  0.330860  0.373243  0.184156  0.081590  0.255533  0.140300  0.129218  0.103482  0.167567  0.238824  0.394627  0.437371  0.432944  0.185524  0.180095  0.136223  0.230140  0.363044  0.216061  0.424465  0.262271  0.163683  0.236200  0.332440  0.122313  0.270559  0.250416  0.237348  0.151696  0.147954  0.432491  0.423537  0.227036  0.460178  0.293344  0.403929 
23  0.160721  0.273070  0.220279  0.156612  0.155910  0.154711  0.270461  0.145836  0.306251  0.499530  0.184931  0.233445  0.256877  0.300949  0.162172  0.149285  0.548881  0.195175  0.084102  0.127795  0.206921  0.309854  0.189012 0.0  0.353352  0.234348  0.631050  0.165818  0.323910  0.301418  0.186216  0.096720  0.272820  0.272340  0.164029  0.237772  0.379366  0.257565  0.120820  0.406576  0.318393  0.258296  0.396910  0.257956  0.161468  0.292599  0.132398  0.212884  0.140219  0.223871  0.186312  0.139033  0.150026  0.561394  0.375003  0.241402  0.159360  0.179471  0.155695  0.141728  0.159230  0.244789  0.166363  0.325955  0.421742  0.370716  0.275239  0.135524  0.225919  0.359295  0.329660  0.167439  0.370627  0.182088  0.150571  0.159581  0.292446  0.141234  0.217341  0.161690  0.173574  0.163993  0.175602  0.343828  0.400741  0.182026  0.321900  0.371916  0.312025 
24  0.446892  0.576039  0.520966  0.475429  0.457023  0.334597  0.487566  0.465858  0.616651  0.130771  0.394432  0.233483  0.537241  0.148276  0.445393  0.278446  0.758007  0.231181  0.410053  0.307636  0.412472  0.150418  0.410366  0.353352 0.0  0.252469  0.822510  0.257197  0.125310  0.638770  0.498329  0.365905  0.568690  0.548451  0.266859  0.231124  0.098737  0.503836  0.461169  0.720226  0.513527  0.664430  0.108203  0.496457  0.452149  0.636534  0.307248  0.396533  0.467598  0.192012  0.397327  0.400366  0.400979  0.806479  0.148993  0.621545  0.453858  0.297136  0.457163  0.453654  0.470637  0.367741  0.284712  0.101556  0.121735  0.080811  0.541529  0.407429  0.501483  0.466646  0.139209  0.285675  0.093938  0.244019  0.459758  0.295940  0.175024  0.344861  0.200039  0.297096  0.258100  0.347818  0.371519  0.078368  0.078208  0.268798  0.083768  0.675106  0.104471 
25  0.280651  0.346141  0.375155  0.277414  0.227351  0.139572  0.363308  0.226386  0.482922  0.292928  0.264928  0.085446  0.331802  0.170097  0.279199  0.126732  0.622265  0.091837  0.234011  0.154687  0.349161  0.164403  0.285650  0.234348  0.252469 0.0  0.702974  0.114871  0.191744  0.464623  0.293614  0.228285  0.406380  0.274938  0.121511  0.105953  0.174487  0.325699  0.238182  0.545122  0.414777  0.415056  0.235276  0.386877  0.322599  0.429895  0.154978  0.364701  0.311676  0.100395  0.303831  0.258062  0.300445  0.649005  0.186799  0.377083  0.258591  0.101602  0.309615  0.272736  0.277758  0.357780  0.114706  0.205863  0.266951  0.237885  0.399392  0.251189  0.365041  0.416453  0.195608  0.115533  0.245359  0.091930  0.300121  0.118154  0.182798  0.240129  0.092446  0.098936  0.121388  0.245549  0.196347  0.229037  0.244358  0.106013  0.237417  0.508561  0.236371 
26  0.485184  0.422914  0.432469  0.573989  0.471504  0.651386  0.392891  0.515665  0.464083  0.892494  0.529695  0.870103  0.515832  0.721712  0.509847  0.770080  0.143809  0.666918  0.581416  0.624433  0.488160  0.702557  0.463238  0.631050  0.822510  0.702974 0.0  0.666082  0.811873  0.381856  0.533598  0.539880  0.473508  0.449066  0.734572  0.712548  0.966538  0.581362  0.560306  0.462722  0.485213  0.462277  0.833406  0.427278  0.484452  0.322901  0.580366  0.409566  0.454140  0.632327  0.446408  0.548579  0.458414  0.278343  0.732583  0.430212  0.528244  0.726355  0.491128  0.470652  0.532502  0.413158  0.698027  0.790635  0.892165  0.759871  0.401199  0.592416  0.383602  0.375696  0.738248  0.743225  0.873871  0.741986  0.463435  0.657193  0.813741  0.537516  0.777223  0.709908  0.700039  0.637080  0.527436  0.864904  0.666816  0.512633  1.000000  0.304625  0.757581 
27  0.242331  0.374797  0.318175  0.276927  0.243123  0.101537  0.364377  0.257928  0.471685  0.324080  0.239291  0.115855  0.335899  0.213561  0.255564  0.090531  0.607905  0.098264  0.161227  0.109875  0.249305  0.196404  0.226301  0.165818  0.257197  0.114871  0.666082 0.0  0.227285  0.356276  0.298658  0.185668  0.326945  0.347527  0.087756  0.147235  0.238412  0.274458  0.190388  0.447530  0.303473  0.372632  0.279014  0.348402  0.272580  0.369854  0.115229  0.333268  0.226698  0.139162  0.245218  0.231713  0.242233  0.589068  0.225285  0.377566  0.267345  0.086379  0.215518  0.222872  0.261950  0.285333  0.075063  0.268820  0.333186  0.307055  0.373623  0.268734  0.355950  0.417007  0.214960  0.091208  0.254471  0.095355  0.220254  0.103323  0.207806  0.201053  0.124214  0.084874  0.083058  0.191293  0.199142  0.248559  0.285270  0.113387  0.269970  0.412672  0.272110 
28  0.392253  0.555328  0.442225  0.407437  0.401356  0.264764  0.472666  0.376180  0.610323  0.188027  0.394094  0.186423  0.588331  0.105421  0.331608  0.238825  0.726853  0.212384  0.317914  0.284487  0.360853  0.094529  0.414575  0.323910  0.125310  0.191744  0.811873  0.227285 0.0  0.448177  0.453159  0.305718  0.477385  0.408386  0.238096  0.151826  0.098968  0.442713  0.386443  0.720380  0.455453  0.553969  0.141260  0.497487  0.466314  0.560839  0.267659  0.459825  0.411599  0.160640  0.407675  0.328493  0.365785  0.705486  0.090289  0.495592  0.354065  0.190782  0.344629  0.405275  0.464493  0.469136  0.219356  0.103607  0.171198  0.143327  0.491026  0.393939  0.432526  0.496694  0.083649  0.190470  0.109602  0.210948  0.422965  0.234304  0.128668  0.318824  0.169418  0.218680  0.223795  0.325603  0.312636  0.119970  0.132011  0.187126  0.118432  0.558130  0.092063 
29  0.236412  0.093840  0.195576  0.226643  0.288971  0.369155  0.166024  0.267385  0.125215  0.644278  0.274207  0.438430  0.180710  0.463595  0.222921  0.364169  0.353710  0.369068  0.272113  0.359183  0.253116  0.473537  0.289449  0.301418  0.638770  0.464623  0.381856  0.356276  0.448177 0.0  0.175585  0.314279  0.165138  0.331300  0.356276  0.439485  0.557913  0.340818  0.230764  0.252140  0.206658  0.167818  0.578476  0.150560  0.179819  0.135220  0.354806  0.195282  0.268524  0.437482  0.232296  0.231908  0.259538  0.430280  0.581083  0.135749  0.261697  0.436070  0.203413  0.232942  0.221664  0.189650  0.333051  0.533522  0.558858  0.595175  0.205599  0.249969  0.189359  0.283309  0.588406  0.408715  0.658055  0.423139  0.210564  0.345632  0.505397  0.266720  0.517550  0.427240  0.403607  0.312199  0.332293  0.662394  0.580118  0.374710  0.617982  0.139947  0.604742 
30  0.126465  0.164719  0.116946  0.133329  0.149969  0.266403  0.131389  0.186472  0.200720  0.494284  0.156409  0.362783  0.167256  0.430188  0.116257  0.293182  0.387307  0.334657  0.226512  0.239437  0.152560  0.431206  0.152193  0.186216  0.498329  0.293614  0.533598  0.298658  0.453159  0.175585 0.0  0.220569  0.219047  0.214865  0.280765  0.390386  0.410490  0.225657  0.174210  0.330297  0.222513  0.181957  0.537669  0.201657  0.165135  0.146258  0.240160  0.099472  0.132665  0.332308  0.157541  0.150657  0.157501  0.356580  0.429347  0.121851  0.153998  0.333550  0.129762  0.133176  0.122484  0.123728  0.314396  0.404014  0.434939  0.526616  0.161918  0.171319  0.120593  0.221767  0.394036  0.261184  0.484076  0.292002  0.131273  0.277316  0.382018  0.184867  0.394386  0.280520  0.310360  0.217017  0.213876  0.475727  0.548395  0.317041  0.508278  0.215414  0.456291 
31  0.142626  0.290193  0.218349  0.137239  0.128223  0.147783  0.266626  0.171249  0.320285  0.387832  0.151333  0.208660  0.237935  0.313205  0.152148  0.165495  0.533392  0.193618  0.096173  0.146730  0.182950  0.319563  0.142836  0.096720  0.365905  0.228285  0.539880  0.185668  0.305718  0.314279  0.220569 0.0  0.266190  0.274244  0.150729  0.243634  0.344978  0.256628  0.126159  0.355942  0.291079  0.289520  0.307595  0.257929  0.171047  0.276491  0.125942  0.215843  0.128684  0.221879  0.200192  0.118599  0.157138  0.473316  0.289772  0.209086  0.176443  0.178769  0.159492  0.139464  0.168720  0.248576  0.175767  0.359301  0.418714  0.445425  0.276521  0.143693  0.204429  0.308876  0.302829  0.159820  0.351461  0.177982  0.153347  0.176857  0.322677  0.111050  0.218682  0.161415  0.164001  0.166409  0.137758  0.410075  0.378491  0.187295  0.323956  0.352925  0.358484 
32  0.227824  0.147012  0.232607  0.228832  0.258300  0.259363  0.210757  0.188667  0.141319  0.618903  0.291519  0.481743  0.110983  0.485156  0.253760  0.386898  0.479559  0.389998  0.275018  0.338925  0.250257  0.423947  0.278121  0.272820  0.568690  0.406380  0.473508  0.326945  0.477385  0.165138  0.219047  0.266190 0.0  0.392395  0.345246  0.483224  0.498283  0.365359  0.200223  0.224490  0.108322  0.088433  0.542879  0.092761  0.175061  0.212008  0.315593  0.209901  0.238930  0.466162  0.275520  0.236914  0.202570  0.482516  0.552476  0.172795  0.273631  0.389355  0.218741  0.213648  0.248708  0.221498  0.408325  0.498610  0.676038  0.563867  0.254606  0.222488  0.252514  0.392821  0.447387  0.426381  0.559673  0.362892  0.184768  0.361132  0.450927  0.273668  0.467126  0.404746  0.348577  0.340757  0.311735  0.642734  0.578913  0.358082  0.584237  0.256251  0.635484 
33  0.235137  0.313461  0.166194  0.188549  0.224140  0.288869  0.186893  0.318984  0.370413  0.553044  0.184242  0.372835  0.289000  0.512303  0.206894  0.310014  0.369428  0.378047  0.278682  0.334951  0.159766  0.356160  0.159292  0.272340  0.548451  0.274938  0.449066  0.347527  0.408386  0.331300  0.214865  0.274244  0.392395 0.0  0.330773  0.337005  0.452187  0.115377  0.285797  0.444632  0.409805  0.344702  0.400853  0.300235  0.280538  0.221047  0.314149  0.209320  0.208302  0.427227  0.148153  0.229538  0.304120  0.318598  0.396452  0.237075  0.185089  0.316210  0.277139  0.232536  0.185023  0.189717  0.327223  0.429702  0.415867  0.455575  0.166359  0.289980  0.153958  0.133758  0.470248  0.335245  0.503443  0.403284  0.206263  0.298010  0.378224  0.197438  0.384134  0.345509  0.337936  0.228753  0.227689  0.486795  0.410265  0.327633  0.513730  0.282574  0.469323 
34  0.243275  0.297310  0.291723  0.250193  0.242440  0.087807  0.332931  0.222899  0.353860  0.314159  0.245215  0.137384  0.364597  0.213998  0.245172  0.084716  0.568016  0.110793  0.145036  0.104536  0.256270  0.224055  0.233246  0.164029  0.266859  0.121511  0.734572  0.087756  0.238096  0.356276  0.280765  0.150729  0.345246  0.330773 0.0  0.149717  0.265486  0.309184  0.221878  0.548814  0.448342  0.323530  0.306305  0.369138  0.257919  0.358305  0.111950  0.321640  0.220105  0.149825  0.254986  0.229361  0.242162  0.480672  0.229977  0.331939  0.225495  0.097316  0.252052  0.249189  0.251447  0.351441  0.084429  0.269659  0.379775  0.375782  0.353405  0.240537  0.289505  0.386838  0.229255  0.079257  0.262216  0.099994  0.257612  0.093142  0.237775  0.184641  0.129051  0.088877  0.076638  0.182006  0.173580  0.302194  0.291603  0.120767  0.262495  0.458362  0.262343 
35  0.301237  0.375371  0.414478  0.314302  0.334331  0.172205  0.444429  0.352862  0.459026  0.266834  0.319526  0.098337  0.413911  0.129571  0.352285  0.155987  0.744641  0.113479  0.233120  0.179194  0.383786  0.138152  0.290051  0.237772  0.231124  0.105953  0.712548  0.147235  0.151826  0.439485  0.390386  0.243634  0.483224  0.337005  0.149717 0.0  0.193778  0.376065  0.277543  0.630218  0.539187  0.382063  0.228230  0.472648  0.302834  0.374539  0.185121  0.382040  0.285538  0.086571  0.372488  0.247253  0.336200  0.679766  0.145786  0.421000  0.289569  0.131915  0.322508  0.269757  0.334502  0.395433  0.140919  0.181093  0.258510  0.209773  0.425200  0.279308  0.352063  0.456763  0.156318  0.156371  0.187506  0.120635  0.312816  0.146385  0.144502  0.246841  0.090589  0.144633  0.156127  0.235113  0.258986  0.200902  0.207876  0.147035  0.184680  0.459214  0.180693 
36  0.394479  0.622469  0.481753  0.426327  0.384270  0.289780  0.546672  0.439576  0.510135  0.168810  0.410521  0.195790  0.457086  0.117053  0.358482  0.257068  0.913772  0.233990  0.340481  0.274230  0.419213  0.118811  0.366426  0.379366  0.098737  0.174487  0.966538  0.238412  0.098968  0.557913  0.410490  0.344978  0.498283  0.452187  0.265486  0.193778 0.0  0.456585  0.407664  0.601518  0.518053  0.583709  0.141049  0.490389  0.472652  0.538308  0.254528  0.463494  0.420702  0.214927  0.416748  0.415357  0.459321  0.567694  0.112702  0.539565  0.366232  0.263595  0.378346  0.396599  0.384039  0.493172  0.239358  0.089671  0.141964  0.103665  0.567959  0.400521  0.577495  0.552532  0.107992  0.287997  0.090971  0.238293  0.405676  0.242679  0.133061  0.366119  0.203210  0.256559  0.279063  0.318101  0.371268  0.099880  0.098381  0.197426  0.093266  0.590069  0.081135 
37  0.206632  0.356313  0.195798  0.201764  0.202629  0.275892  0.250233  0.343705  0.356128  0.423273  0.157989  0.350659  0.311447  0.347493  0.207646  0.313126  0.427898  0.310497  0.265103  0.276452  0.173985  0.415077  0.182485  0.257565  0.503836  0.325699  0.581362  0.274458  0.442713  0.340818  0.225657  0.256628  0.365359  0.115377  0.309184  0.376065  0.456585 0.0  0.298135  0.578727  0.339929  0.358741  0.437107  0.366951  0.310133  0.265603  0.271798  0.204462  0.208368  0.371497  0.147203  0.207729  0.329336  0.325764  0.383746  0.288185  0.166110  0.316185  0.266088  0.219767  0.209216  0.217456  0.291180  0.418917  0.476193  0.487417  0.193747  0.276346  0.214755  0.198824  0.395447  0.289320  0.441253  0.281178  0.260645  0.280377  0.352317  0.197329  0.288393  0.283921  0.313126  0.197954  0.191806  0.464784  0.473139  0.239807  0.468626  0.260697  0.374272 
38  0.116641  0.254311  0.237371  0.143509  0.126528  0.184730  0.215754  0.110962  0.250842  0.436206  0.168568  0.257626  0.183520  0.303288  0.136165  0.197813  0.528934  0.254741  0.137832  0.162088  0.180742  0.364827  0.156898  0.120820  0.461169  0.238182  0.560306  0.190388  0.386443  0.230764  0.174210  0.126159  0.200223  0.285797  0.221878  0.277543  0.407664  0.298135 0.0  0.416153  0.239658  0.216386  0.428234  0.238937  0.120818  0.249095  0.172644  0.187164  0.126255  0.289625  0.195502  0.121625  0.096815  0.493285  0.327327  0.201606  0.185771  0.216654  0.113461  0.116982  0.158802  0.211379  0.221196  0.388753  0.469987  0.411508  0.265171  0.088602  0.195117  0.324708  0.356205  0.201335  0.415352  0.254315  0.105299  0.217357  0.343032  0.162067  0.301093  0.220126  0.213460  0.208047  0.183919  0.463061  0.427883  0.226761  0.427043  0.352622  0.320285 
39  0.382957  0.255805  0.396119  0.349777  0.394316  0.495989  0.326951  0.345546  0.234154  0.746304  0.492516  0.509115  0.271625  0.618060  0.376277  0.435177  0.377104  0.548948  0.448178  0.383491  0.397192  0.643515  0.396564  0.406576  0.720226  0.545122  0.462722  0.447530  0.720380  0.252140  0.330297  0.355942  0.224490  0.444632  0.548814  0.630218  0.601518  0.578727  0.416153 0.0  0.196749  0.214326  0.773523  0.217640  0.231003  0.332838  0.387016  0.388434  0.394346  0.470558  0.400330  0.381442  0.285717  0.538674  0.609640  0.269269  0.422225  0.545899  0.364494  0.321791  0.387410  0.388168  0.496547  0.694993  0.667934  0.646031  0.391680  0.346910  0.407505  0.491645  0.683286  0.547948  0.765406  0.543577  0.380831  0.512510  0.617957  0.453008  0.498414  0.472366  0.463363  0.422730  0.478597  0.654201  0.663771  0.465613  0.677684  0.345198  0.736985 
40  0.247547  0.164164  0.293404  0.291499  0.310534  0.339258  0.271524  0.193007  0.143820  0.635687  0.324654  0.460332  0.136030  0.515564  0.258164  0.345031  0.512386  0.386208  0.268796  0.369668  0.311627  0.536536  0.309233  0.318393  0.513527  0.414777  0.485213  0.303473  0.455453  0.206658  0.222513  0.291079  0.108322  0.409805  0.448342  0.539187  0.518053  0.339929  0.239658  0.196749 0.0  0.101116  0.584058  0.123344  0.214117  0.228813  0.315216  0.296149  0.251422  0.429014  0.339158  0.267135  0.228771  0.558222  0.556304  0.201094  0.324346  0.377083  0.234081  0.238967  0.284328  0.299686  0.379619  0.543073  0.676993  0.581412  0.333870  0.224879  0.253219  0.390194  0.597247  0.386055  0.571461  0.407111  0.192148  0.358656  0.479314  0.318065  0.397113  0.323503  0.403635  0.310970  0.372136  0.643988  0.592104  0.361146  0.580348  0.292451  0.543386 
41  0.230029  0.158295  0.243274  0.270427  0.277237  0.332337  0.209234  0.204519  0.123964  0.584201  0.269205  0.440667  0.130262  0.406787  0.237326  0.396596  0.375477  0.391937  0.268574  0.340756  0.326405  0.559662  0.310403  0.258296  0.664430  0.415056  0.462277  0.372632  0.553969  0.167818  0.181957  0.289520  0.088433  0.344702  0.323530  0.382063  0.583709  0.358741  0.216386  0.214326  0.101116 0.0  0.615733  0.102595  0.194010  0.197970  0.317562  0.216635  0.257946  0.408548  0.301154  0.280916  0.213729  0.474809  0.485971  0.166952  0.293951  0.392277  0.217121  0.260826  0.232955  0.268588  0.385097  0.621601  0.620959  0.589329  0.251955  0.192185  0.254777  0.321179  0.551258  0.442536  0.549888  0.421058  0.206484  0.383867  0.586840  0.317485  0.461007  0.384975  0.409633  0.347313  0.377139  0.690105  0.576196  0.358834  0.647219  0.234214  0.438048 
42  0.488312  0.531248  0.482740  0.437601  0.429124  0.323866  0.556861  0.461279  0.712774  0.114950  0.377897  0.199211  0.618880  0.177465  0.405778  0.347319  0.688494  0.279244  0.403288  0.321225  0.420680  0.166515  0.420862  0.396910  0.108203  0.235276  0.833406  0.279014  0.141260  0.578476  0.537669  0.307595  0.542879  0.400853  0.306305  0.228230  0.141049  0.437107  0.428234  0.773523  0.584058  0.615733 0.0  0.448048  0.405566  0.590442  0.330832  0.512011  0.484039  0.247639  0.477008  0.398229  0.478017  0.680680  0.157162  0.486991  0.394001  0.235176  0.438145  0.426293  0.445633  0.467597  0.287046  0.124117  0.114048  0.106869  0.470173  0.394694  0.485141  0.514398  0.166484  0.278216  0.109886  0.250314  0.429630  0.306728  0.149356  0.421339  0.239176  0.252921  0.280821  0.318412  0.369130  0.118884  0.112763  0.250663  0.112722  0.582401  0.128306 
43  0.219888  0.126046  0.211390  0.220565  0.267756  0.344559  0.231928  0.224486  0.107182  0.551461  0.285131  0.402817  0.120267  0.518429  0.241850  0.342156  0.311763  0.329576  0.291316  0.327508  0.289078  0.546272  0.296944  0.257956  0.496457  0.386877  0.427278  0.348402  0.497487  0.150560  0.201657  0.257929  0.092761  0.300235  0.369138  0.472648  0.490389  0.366951  0.238937  0.217640  0.123344  0.102595  0.448048 0.0  0.200988  0.197554  0.309166  0.176381  0.251865  0.410237  0.291015  0.256988  0.182954  0.394681  0.525724  0.153646  0.300397  0.426550  0.210564  0.217321  0.252870  0.224363  0.338779  0.530809  0.665184  0.639386  0.289953  0.200030  0.249597  0.355636  0.508540  0.381748  0.549388  0.358774  0.194499  0.354828  0.525579  0.291973  0.425369  0.356488  0.364978  0.329236  0.335637  0.499720  0.485264  0.478713  0.509187  0.211195  0.547227 
44  0.134696  0.221809  0.226083  0.150214  0.186360  0.229772  0.227099  0.109307  0.204884  0.403017  0.195205  0.289090  0.133601  0.389845  0.168896  0.233031  0.472283  0.311333  0.165283  0.225969  0.200581  0.388584  0.189465  0.161468  0.452149  0.322599  0.484452  0.272580  0.466314  0.179819  0.165135  0.171047  0.175061  0.280538  0.257919  0.302834  0.472652  0.310133  0.120818  0.231003  0.214117  0.194010  0.405566  0.200988 0.0  0.218509  0.215233  0.187538  0.154078  0.298691  0.212410  0.157794  0.092727  0.505151  0.351121  0.177011  0.195971  0.253183  0.132839  0.135817  0.183255  0.218359  0.295448  0.410747  0.478041  0.478314  0.269547  0.100750  0.205887  0.321635  0.361069  0.245902  0.361338  0.287831  0.105869  0.262610  0.394907  0.193545  0.289725  0.266503  0.220282  0.247788  0.236981  0.538621  0.484085  0.286238  0.478335  0.310708  0.515346 
