89
0 0.0  0.208998  0.189058  0.106328  0.132959  0.222120  0.193611  0.170424  0.255682  0.485145  0.146100  0.324245  0.198522  0.355922  0.100485  0.251130  0.530229  0.262093  0.169969  0.222827  0.143270  0.412021  0.145733  0.162307  0.504062  0.353473  0.485717  0.271412  0.424794  0.253759  0.139570  0.153604  0.194176  0.262947  0.239938  0.304347  0.414987  0.206248  0.134359  0.383631  0.251535  0.245010  0.455387  0.234410  0.170156  0.204753  0.211198  0.160077  0.103332  0.315910  0.167964  0.108696  0.143983  0.444218  0.433503  0.186866  0.146458  0.258580  0.100029  0.091858  0.118818  0.186476  0.256776  0.396938  0.490503  0.466068  0.226727  0.143185  0.160554  0.272161  0.439880  0.263723  0.435786  0.281748  0.114130  0.265442  0.335297  0.157120  0.307218  0.253913  0.244017  0.207849  0.203976  0.486549  0.473972  0.281415  0.488247  0.251550  0.382652 
1  0.208998 0.0  0.201772  0.255783  0.256261  0.346940  0.182496  0.209020  0.137360  0.621194  0.255959  0.415927  0.165748  0.466598  0.241497  0.332633  0.347205  0.441762  0.310508  0.366981  0.253651  0.505866  0.250311  0.317375  0.476891  0.419139  0.437234  0.409160  0.600278  0.111205  0.202759  0.312740  0.159596  0.284531  0.402594  0.425192  0.511935  0.341957  0.253111  0.297908  0.175775  0.171753  0.650389  0.139003  0.218374  0.153928  0.330174  0.187242  0.259493  0.489489  0.258087  0.246526  0.235380  0.389812  0.570341  0.130250  0.278317  0.439891  0.237915  0.216442  0.237696  0.196219  0.372456  0.589544  0.660726  0.588847  0.217823  0.223711  0.217514  0.347029  0.502329  0.394042  0.587524  0.391326  0.223486  0.364988  0.593240  0.279256  0.412250  0.424090  0.378801  0.318432  0.307486  0.599918  0.638776  0.432029  0.622557  0.178039  0.528819 
2  0.189058  0.201772 0.0  0.154214  0.171818  0.295950  0.124991  0.251139  0.237564  0.528626  0.160709  0.353581  0.253262  0.465206  0.175901  0.339390  0.424761  0.350201  0.287617  0.303245  0.146005  0.393803  0.173056  0.261708  0.458502  0.328834  0.457717  0.344237  0.497664  0.223914  0.137604  0.241009  0.274724  0.173357  0.326733  0.374874  0.483946  0.229512  0.241945  0.387352  0.285200  0.260637  0.497105  0.226363  0.257165  0.138399  0.286695  0.123175  0.173007  0.398933  0.169228  0.198252  0.260938  0.341534  0.451156  0.177241  0.175019  0.347468  0.190619  0.172612  0.162613  0.097903  0.335073  0.482717  0.467676  0.558099  0.131661  0.229902  0.110009  0.192232  0.559177  0.288533  0.535443  0.316242  0.202383  0.348802  0.378725  0.227718  0.404608  0.312164  0.354877  0.251784  0.243929  0.539585  0.482658  0.338110  0.486805  0.215943  0.482405 
3  0.106328  0.255783  0.154214 0.0  0.114745  0.215219  0.200867  0.174538  0.246348  0.499514  0.132872  0.314327  0.227335  0.363966  0.092663  0.271042  0.477861  0.279763  0.180137  0.236523  0.122699  0.363548  0.117168  0.175082  0.463169  0.259233  0.520814  0.282223  0.421744  0.247663  0.140491  0.159402  0.258783  0.205151  0.246966  0.286215  0.332012  0.217647  0.153158  0.388056  0.300939  0.253764  0.485687  0.224306  0.167871  0.216181  0.216762  0.148372  0.094556  0.292376  0.150673  0.110420  0.159375  0.398451  0.373962  0.196012  0.123500  0.289379  0.124501  0.110391  0.105927  0.165936  0.232668  0.365989  0.454394  0.416843  0.220829  0.167546  0.141949  0.239918  0.410548  0.237413  0.442014  0.284570  0.145152  0.238393  0.356716  0.140789  0.322830  0.252761  0.244644  0.189966  0.183345  0.416907  0.483291  0.257439  0.481226  0.262045  0.452306 
4  0.132959  0.256261  0.171818  0.114745 0.0  0.208622  0.223485  0.208068  0.333128  0.484167  0.111735  0.270925  0.251075  0.344825  0.114619  0.237774  0.466687  0.268676  0.159395  0.216568  0.135226  0.376432  0.113209  0.150793  0.385721  0.239089  0.512316  0.236780  0.444006  0.266799  0.155355  0.143569  0.240413  0.210916  0.221636  0.303385  0.403661  0.210244  0.151480  0.463854  0.326600  0.295415  0.412006  0.274374  0.181954  0.243212  0.198518  0.170587  0.109441  0.299428  0.132998  0.118785  0.185543  0.432718  0.348648  0.209160  0.118428  0.241266  0.135904  0.131012  0.128983  0.186847  0.230762  0.371447  0.480254  0.374384  0.220654  0.176565  0.166173  0.269299  0.361145  0.216180  0.377182  0.236101  0.158150  0.217217  0.352073  0.113908  0.274404  0.223921  0.241043  0.162654  0.155357  0.396288  0.449501  0.229805  0.405143  0.323437  0.366643 
5  0.222120  0.346940  0.295950  0.215219  0.208622 0.0  0.323881  0.220762  0.354244  0.338327  0.224243  0.162879  0.315316  0.229239  0.236414  0.100360  0.646937  0.146399  0.146725  0.097301  0.269694  0.226500  0.225165  0.159004  0.300731  0.158363  0.638387  0.115671  0.304116  0.462234  0.261176  0.158297  0.306834  0.338492  0.101454  0.175966  0.306754  0.278019  0.211629  0.437003  0.375363  0.381043  0.322450  0.428756  0.265084  0.359604  0.113276  0.317613  0.268486  0.171978  0.278737  0.232695  0.241832  0.556075  0.254018  0.318486  0.234679  0.128250  0.227285  0.217281  0.216677  0.311060  0.111142  0.300383  0.359383  0.317612  0.329900  0.217689  0.306724  0.405360  0.249522  0.108148  0.297612  0.138157  0.226647  0.132526  0.236641  0.175325  0.178327  0.112563  0.107371  0.173730  0.184448  0.317406  0.330321  0.148651  0.254448  0.401763  0.287066 
6  0.193611  0.182496  0.124991  0.200867  0.223485  0.323881 0.0  0.240334  0.233196  0.692414  0.211799  0.406348  0.241905  0.417162  0.172634  0.367845  0.353264  0.365181  0.270074  0.282875  0.171236  0.398043  0.188970  0.281429  0.539718  0.411685  0.420998  0.363905  0.506834  0.172391  0.145574  0.248698  0.202843  0.235290  0.337321  0.455045  0.504762  0.259903  0.277882  0.375092  0.278823  0.250026  0.564286  0.233929  0.220795  0.103894  0.305806  0.127514  0.196221  0.382853  0.156127  0.221653  0.229745  0.299875  0.550965  0.145498  0.207349  0.364538  0.181465  0.191161  0.173468  0.111623  0.403052  0.462527  0.555379  0.627516  0.133431  0.208724  0.148760  0.213122  0.545533  0.314820  0.615220  0.421432  0.220634  0.360463  0.450366  0.246407  0.419302  0.308873  0.380583  0.278040  0.267401  0.580739  0.520330  0.368989  0.536555  0.167114  0.510446 
7  0.170424  0.209020  0.251139  0.174538  0.208068  0.220762  0.240334 0.0  0.246479  0.506185  0.240383  0.275270  0.182847  0.362992  0.187757  0.252650  0.520309  0.265539  0.178642  0.198296  0.224443  0.347740  0.217235  0.174421  0.520909  0.295095  0.628916  0.260949  0.419579  0.275311  0.194573  0.181753  0.224702  0.371086  0.233787  0.337015  0.411310  0.305500  0.116917  0.353301  0.238592  0.225599  0.522643  0.237145  0.114232  0.228630  0.205531  0.213939  0.195916  0.299735  0.218465  0.173836  0.107096  0.539446  0.350274  0.219513  0.236908  0.271483  0.161194  0.157005  0.199476  0.229806  0.246299  0.433092  0.511057  0.481857  0.310865  0.116464  0.218894  0.362974  0.385160  0.260310  0.462401  0.286551  0.134520  0.248719  0.355047  0.189596  0.316297  0.245978  0.239475  0.252865  0.257029  0.467440  0.427453  0.280028  0.411249  0.284712  0.521522 
8  0.255682  0.137360  0.237564  0.246348  0.333128  0.354244  0.233196  0.246479 0.0  0.657172  0.306040  0.545789  0.177251  0.569130  0.255354  0.375486  0.443039  0.398008  0.310662  0.380157  0.301860  0.557010  0.313751  0.292387  0.627124  0.496124  0.430319  0.410904  0.635784  0.140965  0.232334  0.335929  0.148254  0.365586  0.381986  0.521454  0.753138  0.397561  0.301485  0.252886  0.157733  0.148314  0.539130  0.124690  0.226310  0.203222  0.442380  0.221216  0.284597  0.488686  0.278330  0.268838  0.256862  0.485882  0.544586  0.170091  0.290161  0.427292  0.244933  0.242956  0.293692  0.243158  0.480516  0.539094  0.733663  0.582007  0.240920  0.276557  0.277332  0.369574  0.584022  0.405023  0.678259  0.411634  0.235825  0.376549  0.586293  0.325768  0.502981  0.411536  0.439840  0.338876  0.340467  0.595895  0.753571  0.468200  0.594412  0.202778  0.648081 
9  0.485145  0.621194  0.528626  0.499514  0.484167  0.338327  0.692414  0.506185  0.657172 0.0  0.467276  0.291155  0.644109  0.220599  0.446338  0.303794  0.817539  0.309166  0.406434  0.333881  0.443079  0.221557  0.483879  0.436538  0.145832  0.291299  0.822680  0.325785  0.170381  0.622111  0.493450  0.416183  0.642984  0.487875  0.368370  0.249771  0.183735  0.411625  0.446420  0.630849  0.575745  0.638133  0.122896  0.737088  0.473480  0.546913  0.411861  0.533824  0.472019  0.282976  0.529579  0.499748  0.539615  0.744290  0.199864  0.478287  0.439878  0.349371  0.465449  0.472357  0.489346  0.536447  0.342911  0.168567  0.093227  0.143125  0.570469  0.562378  0.540874  0.548427  0.193984  0.366589  0.154746  0.325955  0.493618  0.280859  0.215201  0.465462  0.270581  0.301565  0.348671  0.454039  0.422815  0.163898  0.147390  0.301267  0.154960  0.537239  0.171859 
10  0.146100  0.255959  0.160709  0.132872  0.111735  0.224243  0.211799  0.240383  0.306040  0.467276 0.0  0.299047  0.260174  0.353633  0.135049  0.233328  0.465296  0.259657  0.185684  0.208347  0.114568  0.393386  0.094260  0.174418  0.368335  0.314701  0.531593  0.244136  0.345398  0.255819  0.171470  0.174632  0.313150  0.180420  0.243524  0.333404  0.403839  0.175140  0.187067  0.455757  0.344809  0.284603  0.399517  0.278043  0.228097  0.222859  0.200344  0.177586  0.130299  0.348667  0.108872  0.142020  0.189951  0.363899  0.370694  0.241524  0.089466  0.266589  0.166155  0.151577  0.118197  0.205376  0.257871  0.409578  0.463285  0.406670  0.207463  0.209931  0.149960  0.273056  0.415423  0.223075  0.462317  0.246567  0.184344  0.264409  0.336935  0.138066  0.263220  0.257994  0.257701  0.169051  0.161415  0.425545  0.399422  0.218205  0.468578  0.293731  0.397544 
11  0.324245  0.415927  0.353581  0.314327  0.270925  0.162879  0.406348  0.275270  0.545789  0.291155  0.299047 0.0  0.357950  0.148114  0.330831  0.150021  0.775151  0.120592  0.231043  0.164201  0.327402  0.174817  0.306059  0.239348  0.238205  0.104150  0.694080  0.143158  0.177290  0.448267  0.371722  0.245258  0.443638  0.339353  0.154019  0.108243  0.214527  0.387006  0.273300  0.597440  0.447187  0.376428  0.265549  0.485744  0.329639  0.457283  0.179616  0.367207  0.274831  0.110114  0.298553  0.301796  0.306179  0.665708  0.170645  0.417646  0.289825  0.125260  0.284867  0.290494  0.327391  0.405097  0.134530  0.214311  0.279334  0.272454  0.425595  0.312463  0.384849  0.397567  0.180970  0.149898  0.222080  0.114502  0.344170  0.143864  0.170144  0.229454  0.090687  0.127065  0.146773  0.243003  0.240553  0.197995  0.230002  0.130535  0.220529  0.505098  0.236641 
12  0.198522  0.165748  0.253262  0.227335  0.251075  0.315316  0.241905  0.182847  0.177251  0.644109  0.260174  0.357950 0.0  0.400119  0.214533  0.313017  0.465553  0.386382  0.250932  0.276674  0.227752  0.477592  0.224380  0.277228  0.458062  0.355656  0.518067  0.329145  0.507884  0.172305  0.186334  0.224722  0.130394  0.375035  0.329153  0.430986  0.466756  0.310084  0.186853  0.291140  0.148610  0.137944  0.531595  0.133934  0.148344  0.212092  0.271090  0.214423  0.211208  0.469715  0.272562  0.229170  0.181999  0.545487  0.457607  0.173397  0.264945  0.351650  0.194059  0.218844  0.190268  0.237308  0.321560  0.503470  0.649745  0.443255  0.272232  0.169274  0.240859  0.370562  0.448978  0.286776  0.581257  0.356100  0.174051  0.294116  0.413807  0.241695  0.400711  0.305461  0.350060  0.341782  0.264240  0.532593  0.560739  0.396127  0.454695  0.206783  0.471166 
13  0.355922  0.466598  0.465206  0.363966  0.344825  0.229239  0.417162  0.362992  0.569130  0.220599  0.353633  0.148114  0.400119 0.0  0.389827  0.225068  0.741994  0.175300  0.311164  0.231666  0.409743  0.095584  0.336204  0.332357  0.170228  0.171084  0.729838  0.211333  0.115846  0.550169  0.382991  0.331029  0.581279  0.447740  0.249776  0.148994  0.140075  0.409134  0.328745  0.747442  0.522333  0.586998  0.183391  0.489197  0.353327  0.510132  0.242288  0.469997  0.358911  0.147516  0.351586  0.337446  0.398276  0.721528  0.099366  0.504815  0.365420  0.189453  0.376004  0.375170  0.430300  0.412427  0.231816  0.145038  0.204512  0.187990  0.502483  0.349617  0.387609  0.508486  0.107041  0.217463  0.146366  0.203514  0.403371  0.225214  0.138873  0.322883  0.160717  0.186312  0.227245  0.284550  0.303718  0.173724  0.170061  0.212244  0.158624  0.590144  0.131132 
14  0.100485  0.241497  0.175901  0.092663  0.114619  0.236414  0.172634  0.187757  0.255354  0.446338  0.135049  0.330831  0.214533  0.389827 0.0  0.258887  0.474146  0.301468  0.164648  0.236550  0.145979  0.409482  0.121962  0.177083  0.396477  0.280129  0.520031  0.259919  0.397258  0.266684  0.133722  0.158289  0.244395  0.195985  0.272023  0.358075  0.439865  0.230108  0.155937  0.477668  0.267706  0.258568  0.422236  0.241469  0.171973  0.201813  0.229460  0.158792  0.095967  0.304873  0.150086  0.109561  0.164180  0.434370  0.411758  0.175603  0.126222  0.278872  0.112812  0.106215  0.109738  0.169067  0.252886  0.410345  0.510019  0.431765  0.215146  0.151428  0.148572  0.231805  0.401504  0.221291  0.444019  0.257308  0.134741  0.285903  0.409065  0.148642  0.321822  0.277407  0.239489  0.215769  0.190865  0.477548  0.432825  0.265497  0.493225  0.271573  0.343174 
15  0.251130  0.332633  0.339390  0.271042  0.237774  0.100360  0.367845  0.252650  0.375486  0.303794  0.233328  0.150021  0.313017  0.225068  0.258887 0.0  0.594134  0.120961  0.156248  0.111309  0.260456  0.221174  0.249713  0.174976  0.341657  0.137116  0.608414  0.100747  0.258163  0.390274  0.361243  0.174405  0.302182  0.312642  0.098841  0.163710  0.285316  0.298564  0.233639  0.481538  0.404469  0.372716  0.305853  0.386282  0.231291  0.342890  0.126218  0.318192  0.232623  0.169716  0.281060  0.228418  0.219340  0.628927  0.253967  0.315733  0.250352  0.112630  0.249003  0.235733  0.261361  0.368232  0.099407  0.291086  0.350055  0.286927  0.378641  0.238317  0.298261  0.420785  0.253142  0.102111  0.247179  0.122617  0.276900  0.120540  0.252631  0.194621  0.156170  0.110072  0.097104  0.195972  0.205150  0.317194  0.294695  0.132270  0.305071  0.478348  0.266783 
16  0.530229  0.347205  0.424761  0.477861  0.466687  0.646937  0.353264  0.520309  0.443039  0.817539  0.465296  0.775151  0.465553  0.741994  0.474146  0.594134 0.0  0.690286  0.660608  0.609816  0.439172  0.758198  0.473833  0.512762  0.843512  0.626195  0.165549  0.569048  0.701112  0.351686  0.393374  0.579649  0.400004  0.453690  0.590031  0.663807  0.710481  0.457282  0.520442  0.455590  0.435368  0.426056  0.821080  0.441671  0.451494  0.352830  0.560203  0.413462  0.490469  0.648800  0.390944  0.461858  0.504655  0.346583  0.752345  0.356598  0.447275  0.745807  0.452295  0.434922  0.453786  0.428254  0.479895  0.829652  0.769967  0.821123  0.348814  0.519530  0.375480  0.324176  0.759632  0.591065  0.828076  0.526033  0.435876  0.681540  0.625854  0.520517  0.661855  0.586337  0.634264  0.558053  0.618224  1.000000  0.799902  0.597684  0.899924  0.259604  0.725803 
17  0.262093  0.441762  0.350201  0.279763  0.268676  0.146399  0.365181  0.265539  0.398008  0.309166  0.259657  0.120592  0.386382  0.175300  0.301468  0.120961  0.690286 0.0  0.221438  0.141501  0.280620  0.182674  0.266854  0.202360  0.242679  0.106475  0.714360  0.111960  0.232194  0.407295  0.301433  0.197382  0.387448  0.359624  0.125530  0.129029  0.278514  0.356427  0.261292  0.500701  0.419629  0.349111  0.292246  0.460155  0.304391  0.405375  0.163866  0.373230  0.245102  0.120377  0.315128  0.248917  0.280017  0.489129  0.200909  0.327362  0.277733  0.100971  0.277976  0.293357  0.287022  0.398967  0.110235  0.243511  0.338319  0.260887  0.414709  0.266849  0.369754  0.456401  0.196343  0.123426  0.229966  0.098225  0.298228  0.125457  0.210429  0.220630  0.120333  0.110913  0.120976  0.194911  0.231374  0.230889  0.256653  0.127309  0.285711  0.474487  0.246840 
18  0.169969  0.310508  0.287617  0.180137  0.159395  0.146725  0.270074  0.178642  0.310662  0.406434  0.185684  0.231043  0.250932  0.311164  0.164648  0.156248  0.660608  0.221438 0.0  0.138976  0.228475  0.321681  0.182185  0.094516  0.367630  0.211054  0.593400  0.175249  0.365473  0.362797  0.204956  0.107412  0.308053  0.281243  0.165842  0.234510  0.310097  0.287296  0.142054  0.439320  0.296499  0.338885  0.346581  0.290190  0.185142  0.271448  0.131705  0.227366  0.171954  0.257065  0.209068  0.149463  0.161536  0.481414  0.312911  0.263930  0.187169  0.187842  0.185839  0.168683  0.205719  0.243873  0.180492  0.345446  0.428911  0.393075  0.313907  0.149476  0.225515  0.363621  0.286928  0.181238  0.335204  0.200395  0.171711  0.171549  0.319667  0.133308  0.234497  0.184381  0.159264  0.160973  0.162387  0.404389  0.372545  0.203153  0.400548  0.396551  0.373331 
19  0.222827  0.366981  0.303245  0.236523  0.216568  0.097301  0.282875  0.198296  0.380157  0.333881  0.208347  0.164201  0.276674  0.231666  0.236550  0.111309  0.609816  0.141501  0.138976 0.0  0.212882  0.223422  0.212627  0.147971  0.347635  0.162700  0.538321  0.119975  0.272033  0.365742  0.296559  0.148570  0.360577  0.318077  0.113725  0.185560  0.318699  0.314155  0.203042  0.422769  0.370283  0.349267  0.308298  0.281019  0.236181  0.299158  0.105205  0.286297  0.214298  0.195332  0.227376  0.195205  0.194351  0.543778  0.246833  0.304067  0.253653  0.142956  0.219137  0.222768  0.245493  0.277886  0.114018  0.276129  0.381811  0.332566  0.329464  0.205288  0.282743  0.326769  0.276573  0.111382  0.307071  0.144143  0.228081  0.121491  0.248229  0.186801  0.186239  0.131351  0.118754  0.195594  0.193116  0.279237  0.342835  0.151203  0.295086  0.385605  0.330628 
20  0.143270  0.253651  0.146005  0.122699  0.135226  0.269694  0.171236  0.224443  0.301860  0.443079  0.114568  0.327402  0.227752  0.409743  0.145979  0.260456  0.439172  0.280620  0.228475  0.212882 0.0  0.399111  0.111945  0.201474  0.424367  0.302008  0.462130  0.264473  0.455258  0.249066  0.161207  0.189445  0.274699  0.165100  0.259286  0.375474  0.472352  0.180414  0.209044  0.397204  0.291097  0.287130  0.432615  0.307692  0.232773  0.203606  0.226041  0.147888  0.148901  0.348784  0.100232  0.151949  0.218208  0.388618  0.478938  0.223844  0.110131  0.271918  0.159150  0.169689  0.119623  0.145089  0.259437  0.430099  0.517415  0.451578  0.188792  0.207107  0.119584  0.215708  0.435091  0.243908  0.384032  0.330552  0.192791  0.285039  0.375495  0.150750  0.334017  0.280766  0.265156  0.190964  0.184765  0.415408  0.445843  0.288314  0.458705  0.287406  0.424459 
21  0.412021  0.505866  0.393803  0.363548  0.376432  0.226500  0.398043  0.347740  0.557010  0.221557  0.393386  0.174817  0.477592  0.095584  0.409482  0.221174  0.758198  0.182674  0.321681  0.223422  0.399111 0.0  0.383863  0.307215  0.171489  0.182733  0.773462  0.208220  0.111618  0.580738  0.420976  0.292019  0.534295  0.420799  0.229628  0.162113  0.135778  0.359004  0.331960  0.601841  0.506721  0.504829  0.173082  0.486805  0.417596  0.544764  0.261345  0.469666  0.347404  0.169995  0.417750  0.379844  0.315579  0.610951  0.093564  0.490393  0.363365  0.222551  0.373537  0.405431  0.438440  0.496516  0.220074  0.131697  0.200650  0.173158  0.440576  0.365097  0.431891  0.481607  0.098506  0.247079  0.154718  0.200669  0.399020  0.215802  0.136622  0.318370  0.179918  0.208809  0.262530  0.323910  0.287006  0.157238  0.153217  0.218845  0.146735  0.508690  0.130570 
22  0.145733  0.250311  0.173056  0.117168  0.113209  0.225165  0.188970  0.217235  0.313751  0.483879  0.094260  0.306059  0.224380  0.336204  0.121962  0.249713  0.473833  0.266854  0.182185  0.212627  0.111945  0.383863 0.0  0.186485  0.343069  0.252528  0.484922  0.245714  0.393058  0.262037  0.171681  0.162724  0.293677  0.207596  0.253100  0.334130  0.411505  0.179699  0.168681  0.416712  0.286499  0.297003  0.438295  0.292971  0.215742  0.215557  0.225164  0.168078  0.126803  0.292090  0.124624  0.132970  0.217988  0.414698  0.388002  0.220649  0.094345  0.258982  0.158742  0.141206  0.114228  0.184890  0.244170  0.418797  0.496118  0.504523  0.187504  0.171509  0.130677  0.242525  0.429259  0.243932  0.366556  0.270241  0.177865  0.252937  0.356180  0.130451  0.333683  0.255146  0.241314  0.165921  0.162191  0.454293  0.413671  0.229176  0.431325  0.285699  0.381073 
23  0.162307  0.317375  0.261708  0.175082  0.150793  0.159004  0.281429  0.174421  0.292387  0.436538  0.174418  0.239348  0.277228  0.332357  0.177083  0.174976  0.512762  0.202360  0.094516  0.147971  0.201474  0.307215  0.186485 0.0  0.385063  0.234884  0.612724  0.184500  0.349791  0.330002  0.238394  0.106473  0.330453  0.289937  0.179403  0.241752  0.392372  0.310822  0.134960  0.507358  0.302906  0.300446  0.388861  0.276197  0.191217  0.266675  0.135459  0.233410  0.169359  0.260037  0.224245  0.148795  0.166148  0.432070  0.332733  0.242653  0.198272  0.199143  0.175258  0.157976  0.166856  0.278048  0.180002  0.353316  0.384924  0.354100  0.287385  0.139601  0.240643  0.350823  0.308193  0.180561  0.374372  0.189988  0.162217  0.200179  0.326342  0.137708  0.234297  0.192365  0.177805  0.177963  0.157589  0.415949  0.384372  0.207977  0.366482  0.394770  0.369242 
24  0.504062  0.476891  0.458502  0.463169  0.385721  0.300731  0.539718  0.520909  0.627124  0.145832  0.368335  0.238205  0.458062  0.170228  0.396477  0.341657  0.843512  0.242679  0.367630  0.347635  0.424367  0.171489  0.343069  0.385063 0.0  0.250540  0.798425  0.299791  0.137657  0.683749  0.518125  0.463221  0.521293  0.479344  0.284123  0.228947  0.112920  0.477962  0.463008  0.695590  0.590125  0.471828  0.127905  0.598553  0.475066  0.579497  0.319163  0.498819  0.471026  0.240119  0.470252  0.417471  0.503503  0.659981  0.158896  0.438319  0.462633  0.299546  0.489136  0.420853  0.353211  0.527006  0.280064  0.117165  0.144113  0.093498  0.593172  0.458149  0.484824  0.475703  0.140154  0.283837  0.103708  0.294951  0.433795  0.286448  0.164891  0.398724  0.217465  0.281130  0.278308  0.356973  0.365911  0.091057  0.091001  0.277123  0.098014  0.612022  0.117606 
25  0.353473  0.419139  0.328834  0.259233  0.239089  0.158363  0.411685  0.295095  0.496124  0.291299  0.314701  0.104150  0.355656  0.171084  0.280129  0.137116  0.626195  0.106475  0.211054  0.162700  0.302008  0.182733  0.252528  0.234884  0.250540 0.0  0.716496  0.131101  0.228822  0.429649  0.339037  0.225268  0.357915  0.403426  0.131548  0.117166  0.221901  0.332357  0.269080  0.561491  0.402852  0.478182  0.253858  0.417334  0.319735  0.405380  0.179877  0.363323  0.272257  0.114144  0.267852  0.255793  0.262434  0.623605  0.180202  0.354662  0.294715  0.115248  0.307826  0.302927  0.254883  0.393208  0.122961  0.209035  0.308121  0.264472  0.409835  0.267260  0.373550  0.433013  0.191140  0.144005  0.237547  0.103344  0.276357  0.136854  0.188464  0.223968  0.104756  0.121071  0.128735  0.227184  0.206936  0.251292  0.231555  0.122606  0.265104  0.430088  0.218290 
26  0.485717  0.437234  0.457717  0.520814  0.512316  0.638387  0.420998  0.628916  0.430319  0.822680  0.531593  0.694080  0.518067  0.729838  0.520031  0.608414  0.165549  0.714360  0.593400  0.538321  0.462130  0.773462  0.484922  0.612724  0.798425  0.716496 0.0  0.801682  0.870567  0.427839  0.485194  0.640745  0.413545  0.484536  0.623802  0.763159  0.808620  0.541983  0.456523  0.470757  0.537337  0.490604  0.842999  0.428988  0.566547  0.402339  0.748544  0.494687  0.573791  0.725172  0.415760  0.553145  0.566801  0.356407  0.818490  0.390567  0.478573  0.666645  0.454032  0.591158  0.460075  0.466805  0.764191  0.759111  0.888994  0.838042  0.366744  0.578086  0.496866  0.401245  0.923484  0.730861  0.800684  0.649817  0.507346  0.608042  0.703394  0.559472  0.778386  0.731942  0.716207  0.660080  0.706064  0.875309  0.865979  0.714999  0.744326  0.310136  0.974075 
27  0.271412  0.409160  0.344237  0.282223  0.236780  0.115671  0.363905  0.260949  0.410904  0.325785  0.244136  0.143158  0.329145  0.211333  0.259919  0.100747  0.569048  0.111960  0.175249  0.119975  0.264473  0.208220  0.245714  0.184500  0.299791  0.131101  0.801682 0.0  0.226768  0.410072  0.293341  0.191314  0.413954  0.324922  0.101963  0.154700  0.292164  0.306647  0.241564  0.534078  0.371155  0.417861  0.320137  0.357961  0.266839  0.335649  0.139401  0.324542  0.255005  0.153997  0.330892  0.252483  0.255208  0.613450  0.247195  0.361786  0.250934  0.097890  0.254754  0.267995  0.291266  0.354418  0.088475  0.298050  0.310162  0.289447  0.359118  0.242272  0.299274  0.442856  0.227571  0.107095  0.297103  0.106904  0.270349  0.116263  0.233368  0.200463  0.134217  0.101281  0.098207  0.218239  0.208948  0.326385  0.350819  0.141861  0.279892  0.515852  0.260325 
28  0.424794  0.600278  0.497664  0.421744  0.444006  0.304116  0.506834  0.419579  0.635784  0.170381  0.345398  0.177290  0.507884  0.115846  0.397258  0.258163  0.701112  0.232194  0.365473  0.272033  0.455258  0.111618  0.393058  0.349791  0.137657  0.228822  0.870567  0.226768 0.0  0.565468  0.478409  0.346890  0.563738  0.464649  0.254553  0.173530  0.110412  0.341616  0.363265  0.710633  0.555009  0.535467  0.158467  0.588823  0.394522  0.506542  0.282409  0.564056  0.447963  0.185483  0.416772  0.406366  0.462789  0.661171  0.103132  0.527040  0.392857  0.238318  0.470443  0.416164  0.414866  0.516076  0.236292  0.118155  0.182044  0.150037  0.462678  0.373271  0.443532  0.492846  0.098254  0.237770  0.117372  0.237663  0.391421  0.220916  0.143418  0.342469  0.167114  0.244549  0.263844  0.301936  0.300920  0.131027  0.139790  0.213472  0.124186  0.618484  0.103813 
29  0.253759  0.111205  0.223914  0.247663  0.266799  0.462234  0.172391  0.275311  0.140965  0.622111  0.255819  0.448267  0.172305  0.550169  0.266684  0.390274  0.351686  0.407295  0.362797  0.365742  0.249066  0.580738  0.262037  0.330002  0.683749  0.429649  0.427839  0.410072  0.565468 0.0  0.195983  0.283574  0.188340  0.298561  0.394430  0.501091  0.631694  0.318084  0.260526  0.262964  0.243068  0.204319  0.618484  0.169403  0.211173  0.159159  0.381470  0.209696  0.243914  0.431342  0.262772  0.230945  0.267876  0.365062  0.585000  0.151070  0.263048  0.440143  0.231597  0.246676  0.236303  0.207736  0.406795  0.596247  0.610354  0.608844  0.218497  0.222483  0.245411  0.269263  0.526034  0.409271  0.551729  0.434329  0.256302  0.404164  0.540835  0.294853  0.460411  0.466213  0.436536  0.329654  0.375574  0.563912  0.525096  0.458763  0.530294  0.154109  0.563054 
30  0.139570  0.202759  0.137604  0.140491  0.155355  0.261176  0.145574  0.194573  0.232334  0.493450  0.171470  0.371722  0.186334  0.382991  0.133722  0.361243  0.393374  0.301433  0.204956  0.296559  0.161207  0.420976  0.171681  0.238394  0.518125  0.339037  0.485194  0.293341  0.478409  0.195983 0.0  0.213201  0.236009  0.229662  0.276804  0.353776  0.491947  0.246324  0.175369  0.349859  0.230330  0.214010  0.530298  0.198316  0.167045  0.152622  0.257425  0.110041  0.142533  0.427592  0.164982  0.144959  0.173817  0.457304  0.493614  0.129533  0.169828  0.328567  0.136013  0.149834  0.129196  0.132410  0.290359  0.494947  0.543811  0.557965  0.194184  0.186379  0.139050  0.257457  0.462980  0.269678  0.491056  0.367821  0.148038  0.320067  0.439226  0.200234  0.350200  0.301982  0.270791  0.244253  0.262249  0.528632  0.499785  0.302382  0.482231  0.247812  0.472167 
31  0.153604  0.312740  0.241009  0.159402  0.143569  0.158297  0.248698  0.181753  0.335929  0.416183  0.174632  0.245258  0.224722  0.331029  0.158289  0.174405  0.579649  0.197382  0.107412  0.148570  0.189445  0.292019  0.162724  0.106473  0.463221  0.225268  0.640745  0.191314  0.346890  0.283574  0.213201 0.0  0.293297  0.259528  0.162804  0.262323  0.387693  0.269979  0.139634  0.459389  0.263071  0.277441  0.371346  0.301956  0.169839  0.256785  0.138021  0.227641  0.157707  0.254672  0.180384  0.127521  0.189698  0.511349  0.351439  0.282589  0.175941  0.201202  0.163113  0.150241  0.165613  0.224817  0.200161  0.366215  0.427248  0.425611  0.289005  0.167508  0.233369  0.310129  0.306807  0.188194  0.371791  0.204105  0.161915  0.186727  0.360229  0.129714  0.229566  0.181647  0.174798  0.157202  0.164924  0.348072  0.419680  0.183979  0.389423  0.346093  0.362775 
32  0.194176  0.159596  0.274724  0.258783  0.240413  0.306834  0.202843  0.224702  0.148254  0.642984  0.313150  0.443638  0.130394  0.581279  0.244395  0.302182  0.400004  0.387448  0.308053  0.360577  0.274699  0.534295  0.293677  0.330453  0.521293  0.357915  0.413545  0.413954  0.563738  0.188340  0.236009  0.293297 0.0  0.377768  0.383561  0.454018  0.463382  0.377589  0.223562  0.249105  0.118982  0.101397  0.629343  0.114573  0.191912  0.222077  0.368565  0.183895  0.262049  0.449640  0.280858  0.255903  0.215798  0.513459  0.461738  0.191933  0.266119  0.403239  0.206846  0.209901  0.263841  0.266000  0.339127  0.530085  0.595956  0.574292  0.269748  0.201066  0.273321  0.338236  0.449588  0.316185  0.550738  0.303792  0.187327  0.374555  0.594249  0.281287  0.419513  0.376969  0.331671  0.343213  0.336333  0.604669  0.523831  0.419642  0.600271  0.228701  0.438049 
33  0.262947  0.284531  0.173357  0.205151  0.210916  0.338492  0.235290  0.371086  0.365586  0.487875  0.180420  0.339353  0.375035  0.447740  0.195985  0.312642  0.453690  0.359624  0.281243  0.318077  0.165100  0.420799  0.207596  0.289937  0.479344  0.403426  0.484536  0.324922  0.464649  0.298561  0.229662  0.259528  0.377768 0.0  0.272383  0.428635  0.485948  0.129050  0.325601  0.501861  0.384530  0.400411  0.452682  0.353148  0.286122  0.218442  0.288448  0.197820  0.227785  0.448606  0.166406  0.253457  0.301465  0.303312  0.477050  0.264754  0.185902  0.379861  0.279573  0.226660  0.207971  0.193308  0.329274  0.501332  0.596249  0.451157  0.178488  0.279621  0.188679  0.140742  0.378530  0.342651  0.499827  0.358958  0.276916  0.341654  0.441160  0.247521  0.374900  0.361076  0.355388  0.276744  0.219782  0.528437  0.470039  0.350537  0.457896  0.308460  0.469794 
34  0.239938  0.402594  0.326733  0.246966  0.221636  0.101454  0.337321  0.233787  0.381986  0.368370  0.243524  0.154019  0.329153  0.249776  0.272023  0.098841  0.590031  0.125530  0.165842  0.113725  0.259286  0.229628  0.253100  0.179403  0.284123  0.131548  0.623802  0.101963  0.254553  0.394430  0.276804  0.162804  0.383561  0.272383 0.0  0.175324  0.271000  0.318292  0.238156  0.593773  0.394957  0.390283  0.299377  0.394732  0.235930  0.381901  0.126043  0.338285  0.226161  0.150927  0.283103  0.202533  0.270860  0.689705  0.257357  0.343661  0.254995  0.107934  0.241081  0.236424  0.225252  0.351978  0.100205  0.258356  0.326153  0.318127  0.366008  0.223073  0.333119  0.424584  0.246387  0.092625  0.306775  0.114647  0.257544  0.108852  0.212194  0.179189  0.146736  0.102343  0.090156  0.197898  0.187128  0.321101  0.250036  0.135480  0.299735  0.471734  0.238212 
35  0.304347  0.425192  0.374874  0.286215  0.303385  0.175966  0.455045  0.337015  0.521454  0.249771  0.333404  0.108243  0.430986  0.148994  0.358075  0.163710  0.663807  0.129029  0.234510  0.185560  0.375474  0.162113  0.334130  0.241752  0.228947  0.117166  0.763159  0.154700  0.173530  0.501091  0.353776  0.262323  0.454018  0.428635  0.175324 0.0  0.206687  0.397812  0.237020  0.565212  0.352798  0.495103  0.232168  0.420998  0.372344  0.444532  0.211403  0.393820  0.281004  0.098876  0.305244  0.305603  0.280846  0.592287  0.169647  0.393032  0.367053  0.130683  0.360969  0.297990  0.311226  0.390447  0.156828  0.212054  0.294523  0.252829  0.442544  0.289263  0.344069  0.450534  0.173278  0.165161  0.189008  0.138004  0.313900  0.152657  0.179815  0.267716  0.113813  0.143290  0.179195  0.266253  0.245620  0.211366  0.228874  0.156121  0.240139  0.523506  0.182761 
36  0.414987  0.511935  0.483946  0.332012  0.403661  0.306754  0.504762  0.411310  0.753138  0.183735  0.403839  0.214527  0.466756  0.140075  0.439865  0.285316  0.710481  0.278514  0.310097  0.318699  0.472352  0.135778  0.411505  0.392372  0.112920  0.221901  0.808620  0.292164  0.110412  0.631694  0.491947  0.387693  0.463382  0.485948  0.271000  0.206687 0.0  0.484331  0.430840  0.675935  0.545425  0.516182  0.139682  0.499940  0.447211  0.470869  0.264793  0.535662  0.412551  0.211888  0.473151  0.392214  0.443588  0.684232  0.134110  0.468423  0.413042  0.237360  0.484112  0.455128  0.391510  0.457260  0.263853  0.101052  0.161561  0.123385  0.581909  0.467604  0.516408  0.544539  0.121179  0.241780  0.102099  0.263550  0.439739  0.273878  0.150966  0.363615  0.190331  0.251673  0.297045  0.324134  0.336196  0.109863  0.110121  0.219304  0.105111  0.614215  0.093583 
37  0.206248  0.341957  0.229512  0.217647  0.210244  0.278019  0.259903  0.305500  0.397561  0.411625  0.175140  0.387006  0.310084  0.409134  0.230108  0.298564  0.457282  0.356427  0.287296  0.314155  0.180414  0.359004  0.179699  0.310822  0.477962  0.332357  0.541983  0.306647  0.341616  0.318084  0.246324  0.269979  0.377589  0.129050  0.318292  0.397812  0.484331 0.0  0.295661  0.551071  0.378168  0.366185  0.407203  0.348012  0.339788  0.284253  0.288763  0.213656  0.252038  0.374701  0.155431  0.210022  0.314432  0.351233  0.460918  0.275365  0.189101  0.299604  0.270569  0.236103  0.220579  0.219450  0.300886  0.363033  0.480029  0.525936  0.234225  0.316127  0.218895  0.163087  0.413711  0.332610  0.438616  0.282997  0.297862  0.289913  0.358622  0.202893  0.364713  0.329692  0.315466  0.195106  0.207869  0.415188  0.463726  0.281513  0.481093  0.322565  0.475529 
38  0.134359  0.253111  0.241945  0.153158  0.151480  0.211629  0.277882  0.116917  0.301485  0.446420  0.187067  0.273300  0.186853  0.328745  0.155937  0.233639  0.520442  0.261292  0.142054  0.203042  0.209044  0.331960  0.168681  0.134960  0.463008  0.269080  0.456523  0.241564  0.363265  0.260526  0.175369  0.139634  0.223562  0.325601  0.238156  0.237020  0.430840  0.295661 0.0  0.374636  0.221773  0.237415  0.391255  0.251405  0.121490  0.211675  0.189746  0.185331  0.138196  0.312689  0.224389  0.136006  0.115135  0.517353  0.436256  0.208994  0.190792  0.265886  0.132678  0.132080  0.164110  0.209642  0.206831  0.444922  0.449503  0.393778  0.256346  0.101555  0.215064  0.313147  0.381508  0.196956  0.388499  0.262556  0.120589  0.222391  0.387797  0.166588  0.278138  0.222028  0.221156  0.215553  0.229201  0.430428  0.402722  0.256765  0.453949  0.335135  0.372019 
39  0.383631  0.297908  0.387352  0.388056  0.463854  0.437003  0.375092  0.353301  0.252886  0.630849  0.455757  0.597440  0.291140  0.747442  0.477668  0.481538  0.455590  0.500701  0.439320  0.422769  0.397204  0.601841  0.416712  0.507358  0.695590  0.561491  0.470757  0.534078  0.710633  0.262964  0.349859  0.459389  0.249105  0.501861  0.593773  0.565212  0.675935  0.551071  0.374636 0.0  0.213709  0.229894  0.667834  0.253487  0.346157  0.340922  0.426606  0.413641  0.451030  0.555978  0.463496  0.438880  0.311621  0.616169  0.561802  0.330923  0.432812  0.487430  0.363908  0.384261  0.371383  0.409585  0.523733  0.673641  0.626673  0.517692  0.424269  0.373592  0.425836  0.567343  0.530052  0.484516  0.708945  0.557144  0.329945  0.449845  0.667635  0.499451  0.638151  0.481915  0.528697  0.465029  0.501911  0.654623  0.737026  0.623989  0.659573  0.371339  0.696454 
40  0.251535  0.175775  0.285200  0.300939  0.326600  0.375363  0.278823  0.238592  0.157733  0.575745  0.344809  0.447187  0.148610  0.522333  0.267706  0.404469  0.435368  0.419629  0.296499  0.370283  0.291097  0.506721  0.286499  0.302906  0.590125  0.402852  0.537337  0.371155  0.555009  0.243068  0.230330  0.263071  0.118982  0.384530  0.394957  0.352798  0.545425  0.378168  0.221773  0.213709 0.0  0.113295  0.625637  0.136230  0.195773  0.250260  0.302840  0.268239  0.282017  0.423368  0.335343  0.252946  0.224410  0.545187  0.622623  0.203626  0.296903  0.347089  0.264519  0.266556  0.292893  0.262122  0.403959  0.542290  0.579604  0.599500  0.329765  0.238438  0.298499  0.390498  0.454570  0.362517  0.513289  0.396456  0.237250  0.434930  0.488074  0.321668  0.403552  0.384746  0.385026  0.393585  0.322169  0.568265  0.635085  0.418835  0.685622  0.281786  0.517367 
41  0.245010  0.171753  0.260637  0.253764  0.295415  0.381043  0.250026  0.225599  0.148314  0.638133  0.284603  0.376428  0.137944  0.586998  0.258568  0.372716  0.426056  0.349111  0.338885  0.349267  0.287130  0.504829  0.297003  0.300446  0.471828  0.478182  0.490604  0.417861  0.535467  0.204319  0.214010  0.277441  0.101397  0.400411  0.390283  0.495103  0.516182  0.366185  0.237415  0.229894  0.113295 0.0  0.488349  0.113266  0.201526  0.254990  0.350860  0.230436  0.260767  0.430472  0.331074  0.253318  0.194333  0.566359  0.557847  0.176265  0.303275  0.443316  0.233240  0.237038  0.290523  0.299754  0.380422  0.532979  0.605410  0.593814  0.290246  0.245153  0.254891  0.391614  0.499733  0.365955  0.588399  0.387730  0.201227  0.397942  0.586439  0.333555  0.448353  0.420509  0.364103  0.348848  0.398566  0.501060  0.609379  0.373828  0.509288  0.265514  0.556033 
42  0.455387  0.650389  0.497105  0.485687  0.412006  0.322450  0.564286  0.522643  0.539130  0.122896  0.399517  0.265549  0.531595  0.183391  0.422236  0.305853  0.821080  0.292246  0.346581  0.308298  0.432615  0.173082  0.438295  0.388861  0.127905  0.253858  0.842999  0.320137  0.158467  0.618484  0.530298  0.371346  0.629343  0.452682  0.299377  0.232168  0.139682  0.407203  0.391255  0.667834  0.625637  0.488349 0.0  0.649386  0.518012  0.519429  0.305247  0.508072  0.458974  0.256217  0.447932  0.394095  0.452275  0.749326  0.184831  0.561129  0.488940  0.280977  0.445037  0.434029  0.534544  0.402300  0.289691  0.124420  0.126373  0.125763  0.562706  0.449856  0.450452  0.560602  0.168100  0.316957  0.124980  0.263945  0.506844  0.321438  0.155559  0.384420  0.246235  0.276446  0.313890  0.358094  0.400036  0.125042  0.135094  0.265713  0.129658  0.551972  0.151277 
43  0.234410  0.139003  0.226363  0.224306  0.274374  0.428756  0.233929  0.237145  0.124690  0.737088  0.278043  0.485744  0.133934  0.489197  0.241469  0.386282  0.441671  0.460155  0.290190  0.281019  0.307692  0.486805  0.292971  0.276197  0.598553  0.417334  0.428988  0.357961  0.588823  0.169403  0.198316  0.301956  0.114573  0.353148  0.394732  0.420998  0.499940  0.348012  0.251405  0.253487  0.136230  0.113266  0.649386 0.0  0.203996  0.207244  0.299104  0.214416  0.248656  0.378196  0.305319  0.262316  0.217430  0.496238  0.568983  0.163481  0.266338  0.335590  0.238102  0.214950  0.263913  0.230135  0.451536  0.615496  0.564255  0.604416  0.261526  0.237814  0.235760  0.339597  0.477534  0.328529  0.574960  0.430603  0.210936  0.416374  0.501891  0.278636  0.491104  0.400178  0.325773  0.340331  0.339955  0.647435  0.558542  0.375396  0.551971  0.206620  0.573201 
44  0.170156  0.218374  0.257165  0.167871  0.181954  0.265084  0.220795  0.114232  0.226310  0.473480  0.228097  0.329639  0.148344  0.353327  0.171973  0.231291  0.451494  0.304391  0.185142  0.236181  0.232773  0.417596  0.215742  0.191217  0.475066  0.319735  0.566547  0.266839  0.394522  0.211173  0.167045  0.169839  0.191912  0.286122  0.235930  0.372344  0.447211  0.339788  0.121490  0.346157  0.195773  0.201526  0.518012  0.203996 0.0  0.233775  0.227275  0.186380  0.182122  0.276572  0.228633  0.165456  0.106077  0.444568  0.452071  0.192629  0.216493  0.300805  0.142010  0.148062  0.182135  0.248241  0.241197  0.446825  0.500055  0.458395  0.282562  0.114472  0.217585  0.348744  0.408417  0.254619  0.422933  0.323996  0.126762  0.244929  0.410025  0.197090  0.317267  0.274623  0.290926  0.252992  0.230575  0.452567  0.414619  0.259658  0.505171  0.305453  0.434506 
