89
0 0.0  0.239852  0.185318  0.095681  0.095681  0.308688  0.249712  0.154955  0.270532  0.461243  0.129681  0.307490  0.158967  0.449126  0.127772  0.307005  0.434350  0.222716  0.257177  0.242744  0.114412  0.465179  0.201557  0.173450  0.406749  0.351169  0.539311  0.324359  0.445344  0.288397  0.115363  0.229739  0.292946  0.255104  0.274426  0.277436  0.517066  0.270533  0.122724  0.416868  0.258261  0.312606  0.556482  0.209727  0.218891  0.249934  0.223837  0.095681  0.095681  0.450325  0.164537  0.255983  0.152680  0.477936  0.374747  0.205541  0.095681  0.231831  0.160625  0.095681  0.153989  0.262367  0.313679  0.380606  0.481950  0.483462  0.238678  0.183455  0.147894  0.331004  0.274705  0.213185  0.541420  0.352934  0.106001  0.185011  0.361366  0.267733  0.362940  0.267450  0.305588  0.323998  0.211955  0.493191  0.597713  0.323585  0.411308  0.309131  0.439686 
1  0.239852 0.0  0.115872  0.227202  0.372564  0.476129  0.176144  0.324940  0.305179  0.598198  0.273390  0.413589  0.116879  0.676026  0.275268  0.413843  0.465103  0.438023  0.258225  0.419515  0.266101  0.502365  0.279025  0.313828  0.643608  0.401667  0.337398  0.444759  0.481603  0.153423  0.169458  0.285286  0.181253  0.276102  0.328125  0.474963  0.757391  0.384982  0.263460  0.304276  0.179032  0.226374  0.639416  0.097691  0.106113  0.306927  0.338828  0.248827  0.328835  0.475769  0.352751  0.227471  0.325345  0.392502  0.597912  0.174081  0.305258  0.421641  0.207508  0.254717  0.156067  0.227372  0.349950  0.551225  0.751066  0.609141  0.408076  0.230015  0.196677  0.359644  0.599015  0.407245  0.606768  0.490926  0.175951  0.407172  0.526678  0.244287  0.442871  0.412677  0.396808  0.226169  0.362586  0.667592  0.601326  0.490094  0.652880  0.256202  0.609757 
2  0.185318  0.115872 0.0  0.095681  0.257531  0.360785  0.095681  0.411663  0.278647  0.496272  0.143357  0.478444  0.337668  0.490917  0.258801  0.313920  0.424542  0.471259  0.383319  0.338362  0.095681  0.457351  0.245209  0.292136  0.554126  0.538734  0.440940  0.433974  0.503199  0.252587  0.199128  0.268084  0.265737  0.193403  0.371843  0.489426  0.574344  0.231411  0.233543  0.425939  0.376118  0.353443  0.613914  0.412494  0.226077  0.116053  0.280926  0.143021  0.132566  0.478403  0.095681  0.210163  0.222496  0.309328  0.476615  0.241349  0.108483  0.354279  0.265446  0.231273  0.118032  0.117489  0.433793  0.472036  0.500353  0.612466  0.158693  0.218183  0.095681  0.282398  0.513364  0.336887  0.532631  0.467903  0.131711  0.417650  0.388812  0.283409  0.464263  0.363504  0.313105  0.225990  0.259685  0.612739  0.404045  0.338483  0.519381  0.289713  0.601959 
3  0.095681  0.227202  0.095681 0.0  0.095681  0.312711  0.257640  0.281416  0.375610  0.576401  0.139832  0.351879  0.243187  0.289186  0.095681  0.359004  0.490179  0.248208  0.095681  0.300492  0.117254  0.450945  0.137468  0.207604  0.493273  0.262983  0.529701  0.317709  0.439406  0.222020  0.119172  0.163147  0.228081  0.337967  0.292537  0.419206  0.474099  0.268048  0.150889  0.484476  0.260764  0.305638  0.400865  0.215553  0.203727  0.335097  0.219216  0.160441  0.095681  0.367257  0.200808  0.199395  0.176658  0.439142  0.429978  0.231415  0.152739  0.300853  0.112225  0.095681  0.095681  0.138644  0.288413  0.425418  0.613240  0.482200  0.221351  0.148615  0.149832  0.417058  0.370700  0.190706  0.541106  0.196181  0.169442  0.228430  0.451265  0.244191  0.267784  0.292963  0.167857  0.177573  0.127646  0.439835  0.568430  0.288704  0.393610  0.211599  0.434016 
4  0.095681  0.372564  0.257531  0.095681 0.0  0.358694  0.241017  0.234961  0.351039  0.570159  0.095681  0.244403  0.318432  0.316898  0.166633  0.186228  0.554609  0.233321  0.261734  0.233482  0.095681  0.505817  0.183032  0.164540  0.456625  0.295242  0.473272  0.318788  0.310649  0.386095  0.164930  0.172436  0.357017  0.215550  0.186020  0.326780  0.434342  0.279126  0.244159  0.409754  0.227086  0.376924  0.584316  0.324704  0.171697  0.346135  0.095681  0.210331  0.095681  0.354321  0.139515  0.095681  0.197282  0.492846  0.367556  0.237404  0.095681  0.362532  0.185487  0.095681  0.095681  0.193382  0.156827  0.391561  0.512690  0.498340  0.276077  0.321403  0.161374  0.194731  0.372394  0.283143  0.429835  0.337781  0.302497  0.269533  0.364648  0.160807  0.270589  0.250258  0.213012  0.116250  0.109699  0.418198  0.455600  0.263624  0.457205  0.292478  0.507710 
5  0.308688  0.476129  0.360785  0.312711  0.358694 0.0  0.454721  0.257332  0.461698  0.362546  0.378616  0.118698  0.274135  0.328443  0.252904  0.187585  0.682612  0.095681  0.207961  0.124027  0.297807  0.299571  0.248641  0.095681  0.335837  0.171123  0.648434  0.120423  0.330161  0.387891  0.338926  0.206826  0.417931  0.445922  0.095681  0.230934  0.399791  0.276468  0.256700  0.490854  0.316164  0.517170  0.349396  0.487540  0.249780  0.348122  0.095681  0.394145  0.342737  0.243489  0.309304  0.213703  0.259411  0.608965  0.261438  0.321437  0.236591  0.130342  0.277865  0.244559  0.239529  0.329152  0.095681  0.222673  0.406248  0.414052  0.424604  0.255468  0.319763  0.456940  0.316748  0.095681  0.378144  0.108820  0.221092  0.244657  0.357071  0.283209  0.204061  0.095681  0.095681  0.127137  0.188400  0.252934  0.293404  0.152795  0.273912  0.441706  0.246284 
6  0.249712  0.176144  0.095681  0.257640  0.241017  0.454721 0.0  0.319112  0.354788  0.737674  0.184441  0.381021  0.328144  0.525132  0.252228  0.328006  0.419746  0.412363  0.359209  0.271579  0.231432  0.521942  0.142232  0.312339  0.598908  0.474576  0.499275  0.376138  0.591375  0.272878  0.191185  0.283048  0.431987  0.186550  0.403944  0.465488  0.649209  0.224155  0.201382  0.383094  0.238497  0.316239  0.630251  0.161966  0.171688  0.114258  0.370370  0.210175  0.251332  0.483045  0.224214  0.242103  0.185920  0.353689  0.534693  0.183348  0.306945  0.363725  0.249988  0.235208  0.160212  0.247982  0.326694  0.512594  0.684408  0.694724  0.192675  0.191800  0.129069  0.230538  0.496631  0.410217  0.514721  0.400045  0.226872  0.353350  0.575059  0.194862  0.455567  0.518500  0.382563  0.274675  0.296719  0.570375  0.653340  0.419256  0.701402  0.232423  0.628030 
7  0.154955  0.324940  0.411663  0.281416  0.234961  0.257332  0.319112 0.0  0.333760  0.668916  0.229437  0.386782  0.151817  0.503220  0.217187  0.303730  0.668217  0.299868  0.200191  0.232400  0.214382  0.352842  0.113534  0.197996  0.445522  0.352298  0.574702  0.203250  0.554808  0.227995  0.276600  0.152274  0.265707  0.305798  0.238549  0.368995  0.471366  0.366458  0.125363  0.441332  0.188915  0.210003  0.483581  0.295268  0.122304  0.319038  0.291102  0.197274  0.109929  0.386440  0.232103  0.137600  0.095681  0.583167  0.477719  0.211769  0.159679  0.251813  0.134446  0.098030  0.171942  0.306579  0.299040  0.495875  0.488325  0.574162  0.366568  0.141943  0.215838  0.424930  0.451309  0.293815  0.536747  0.219162  0.185677  0.236873  0.511671  0.194199  0.291630  0.195794  0.244875  0.272027  0.180962  0.613186  0.537360  0.320095  0.516777  0.301146  0.473599 
8  0.270532  0.305179  0.278647  0.375610  0.351039  0.461698  0.354788  0.333760 0.0  0.679424  0.343283  0.440944  0.181569  0.487180  0.353528  0.423765  0.377119  0.499895  0.375823  0.412901  0.371528  0.582634  0.404181  0.354050  0.692727  0.495710  0.506738  0.427045  0.661780  0.177865  0.187208  0.313053  0.186192  0.414046  0.417229  0.549656  0.650856  0.417156  0.305791  0.183816  0.108515  0.236323  0.591485  0.226546  0.238591  0.217911  0.498805  0.304924  0.256321  0.635485  0.274179  0.317816  0.238054  0.484846  0.672873  0.157603  0.349667  0.466937  0.341378  0.336830  0.307638  0.287250  0.459129  0.707709  0.699931  0.644010  0.284565  0.230427  0.271310  0.365352  0.757536  0.575628  0.727333  0.445292  0.374928  0.401095  0.545761  0.358699  0.600101  0.424855  0.450802  0.530324  0.353666  0.669040  0.733259  0.564566  0.675215  0.111833  0.663335 
9  0.461243  0.598198  0.496272  0.576401  0.570159  0.362546  0.737674  0.668916  0.679424 0.0  0.441595  0.301428  0.696460  0.254271  0.546326  0.422841  0.931668  0.385738  0.364566  0.458268  0.503544  0.208044  0.485426  0.563119  0.128946  0.225515  0.959830  0.318667  0.188852  0.649619  0.594559  0.404811  0.679547  0.469786  0.337300  0.373890  0.180266  0.493560  0.436387  0.800571  0.660349  0.688929  0.251468  0.588672  0.603726  0.684192  0.450104  0.640086  0.495281  0.389656  0.580068  0.568997  0.569483  0.820364  0.154620  0.563703  0.469266  0.311352  0.528144  0.585256  0.534647  0.599803  0.404213  0.176509  0.095681  0.154338  0.697488  0.473049  0.625244  0.581204  0.242355  0.464504  0.138550  0.439608  0.577826  0.450041  0.176231  0.460884  0.360621  0.343926  0.381455  0.503093  0.467432  0.141608  0.156494  0.372541  0.285352  0.724927  0.171211 
10  0.129681  0.273390  0.143357  0.139832  0.095681  0.378616  0.184441  0.229437  0.343283  0.441595 0.0  0.343744  0.158538  0.393065  0.108609  0.378450  0.538346  0.371584  0.189484  0.286185  0.110314  0.391504  0.205735  0.164396  0.474536  0.253667  0.584271  0.250437  0.353189  0.291598  0.155563  0.095681  0.434485  0.251509  0.283773  0.358500  0.448796  0.268900  0.217526  0.481009  0.341953  0.361791  0.552438  0.317154  0.322652  0.256480  0.170148  0.217101  0.134363  0.326698  0.103228  0.138557  0.167140  0.471918  0.446708  0.204498  0.095681  0.279543  0.120365  0.214038  0.214600  0.249416  0.173046  0.531516  0.386900  0.449410  0.220051  0.253450  0.181957  0.220649  0.297909  0.250010  0.439877  0.344665  0.234387  0.243843  0.508895  0.129618  0.314974  0.226228  0.307778  0.205078  0.146672  0.498947  0.417656  0.247951  0.420269  0.378312  0.494735 
11  0.307490  0.413589  0.478444  0.351879  0.244403  0.118698  0.381021  0.386782  0.440944  0.301428  0.343744 0.0  0.432194  0.161053  0.482285  0.095681  0.751455  0.199140  0.332986  0.259638  0.279097  0.124845  0.400089  0.275643  0.224320  0.095681  0.875678  0.166726  0.360363  0.566495  0.394161  0.250206  0.432182  0.395191  0.191536  0.109578  0.253909  0.308449  0.297917  0.570063  0.522258  0.460329  0.315962  0.451299  0.347662  0.402303  0.234702  0.315146  0.282761  0.095681  0.334872  0.302022  0.361612  0.640815  0.155947  0.530643  0.420301  0.095681  0.388196  0.390833  0.291545  0.376022  0.312426  0.316859  0.259213  0.283418  0.554895  0.307203  0.358297  0.365485  0.221091  0.226055  0.356272  0.137419  0.371311  0.095681  0.233952  0.186334  0.108841  0.133931  0.172109  0.290854  0.193723  0.299354  0.204426  0.245850  0.274893  0.530626  0.138155 
12  0.158967  0.116879  0.337668  0.243187  0.318432  0.274135  0.328144  0.151817  0.181569  0.696460  0.158538  0.432194 0.0  0.553618  0.125028  0.345664  0.400185  0.462618  0.234408  0.250558  0.220105  0.411528  0.173849  0.248933  0.605526  0.364118  0.545198  0.383023  0.548014  0.198183  0.169545  0.254791  0.141648  0.401113  0.337136  0.345157  0.558950  0.406229  0.109575  0.301547  0.164083  0.179318  0.609284  0.193264  0.143672  0.161858  0.333658  0.232854  0.254171  0.376154  0.213607  0.177295  0.224410  0.534917  0.580187  0.185985  0.148608  0.495995  0.095681  0.234488  0.212006  0.159648  0.405715  0.540883  0.584274  0.671847  0.338791  0.167548  0.291453  0.354252  0.531542  0.506643  0.541079  0.505100  0.327811  0.300970  0.540714  0.182825  0.392276  0.364185  0.333949  0.286828  0.362931  0.601759  0.626020  0.384379  0.573913  0.310232  0.539528 
13  0.449126  0.676026  0.490917  0.289186  0.316898  0.328443  0.525132  0.503220  0.487180  0.254271  0.393065  0.161053  0.553618 0.0  0.379297  0.357583  0.737041  0.138499  0.245772  0.327032  0.509889  0.095681  0.493809  0.380485  0.138834  0.201792  0.875870  0.219039  0.108018  0.598204  0.469828  0.309289  0.494051  0.568360  0.147800  0.174039  0.152653  0.382751  0.444891  0.718029  0.607119  0.649765  0.264436  0.532867  0.371183  0.462804  0.222491  0.490430  0.324058  0.211122  0.438584  0.346069  0.468573  0.651997  0.098486  0.536143  0.390213  0.204478  0.294994  0.398968  0.412083  0.442202  0.228605  0.169286  0.216807  0.217433  0.608166  0.373540  0.474197  0.533621  0.095681  0.213047  0.106212  0.200900  0.333777  0.190239  0.277124  0.394103  0.268285  0.243064  0.334121  0.312223  0.361302  0.201527  0.128862  0.143390  0.142883  0.614337  0.145322 
14  0.127772  0.275268  0.258801  0.095681  0.166633  0.252904  0.252228  0.217187  0.353528  0.546326  0.108609  0.482285  0.125028  0.379297 0.0  0.277255  0.425785  0.324353  0.156887  0.225362  0.213440  0.422828  0.129560  0.224526  0.524552  0.338384  0.552758  0.284607  0.520929  0.388130  0.122422  0.106569  0.282206  0.316424  0.250284  0.345264  0.383420  0.224167  0.127993  0.412943  0.348149  0.271323  0.432379  0.280510  0.211091  0.190770  0.156675  0.165593  0.129957  0.343386  0.105584  0.207619  0.293942  0.485504  0.379892  0.095681  0.237901  0.316347  0.230548  0.221517  0.136041  0.221444  0.309927  0.487234  0.473130  0.617286  0.163725  0.149219  0.227456  0.244831  0.502056  0.301757  0.425757  0.300294  0.221424  0.303977  0.471043  0.203508  0.349137  0.183147  0.301981  0.243940  0.218813  0.527729  0.431064  0.356111  0.491927  0.260418  0.524839 
15  0.307005  0.413843  0.313920  0.359004  0.186228  0.187585  0.328006  0.303730  0.423765  0.422841  0.378450  0.095681  0.345664  0.357583  0.277255 0.0  0.656024  0.224983  0.303355  0.170065  0.296503  0.266716  0.323706  0.279034  0.267305  0.142329  0.755682  0.170854  0.281827  0.442619  0.254139  0.227474  0.394311  0.383715  0.095681  0.164902  0.415533  0.366074  0.279597  0.647930  0.439765  0.413400  0.318349  0.425463  0.315613  0.370710  0.096849  0.271215  0.295302  0.236491  0.222029  0.296193  0.251983  0.682664  0.283248  0.298655  0.256751  0.232545  0.190598  0.285979  0.257237  0.411060  0.203795  0.297967  0.380859  0.332041  0.407761  0.256037  0.230394  0.366139  0.255155  0.194182  0.323815  0.095681  0.254137  0.115314  0.237269  0.205065  0.233896  0.095681  0.159595  0.166608  0.127091  0.361383  0.341997  0.126359  0.270081  0.486282  0.268841 
16  0.434350  0.465103  0.424542  0.490179  0.554609  0.682612  0.419746  0.668217  0.377119  0.931668  0.538346  0.751455  0.400185  0.737041  0.425785  0.656024 0.0  0.709506  0.559818  0.711279  0.582026  0.918381  0.549544  0.566274  0.936397  0.754169  0.134554  0.641933  0.948203  0.283251  0.513467  0.561613  0.557509  0.535561  0.622925  0.824159  0.816152  0.569192  0.530946  0.418663  0.503868  0.444520  0.897016  0.475880  0.463092  0.371602  0.717657  0.447542  0.683626  0.799895  0.487080  0.504803  0.592453  0.354774  0.823383  0.356236  0.594628  0.679792  0.537089  0.511295  0.409637  0.461651  0.577474  0.815815  0.954864  0.878289  0.455968  0.409334  0.527360  0.478667  0.929903  0.664868  0.816654  0.796886  0.457869  0.715969  0.775026  0.528127  0.757290  0.624928  0.675719  0.683120  0.592168  0.963808  0.876505  0.650659  0.933944  0.275159  0.934297 
17  0.222716  0.438023  0.471259  0.248208  0.233321  0.095681  0.412363  0.299868  0.499895  0.385738  0.371584  0.199140  0.462618  0.138499  0.324353  0.224983  0.709506 0.0  0.177813  0.272771  0.255298  0.251409  0.350534  0.266132  0.270646  0.275332  0.856701  0.113962  0.283932  0.413662  0.345488  0.225460  0.445363  0.420311  0.095681  0.150815  0.294532  0.347212  0.360866  0.603066  0.342105  0.480573  0.342456  0.525501  0.338671  0.395896  0.220734  0.346846  0.313942  0.095681  0.211743  0.245412  0.305661  0.546915  0.161195  0.416849  0.295814  0.105096  0.166391  0.285224  0.393175  0.274006  0.101435  0.254344  0.441638  0.255495  0.424991  0.314118  0.391614  0.491416  0.269293  0.095681  0.192556  0.118218  0.250281  0.177053  0.208779  0.303088  0.168154  0.139031  0.203474  0.263507  0.352097  0.355224  0.267520  0.141337  0.321730  0.503021  0.193490 
18  0.257177  0.258225  0.383319  0.095681  0.261734  0.207961  0.359209  0.200191  0.375823  0.364566  0.189484  0.332986  0.234408  0.245772  0.156887  0.303355  0.559818  0.177813 0.0  0.095681  0.332985  0.422354  0.196960  0.231818  0.333518  0.223792  0.570005  0.232540  0.379954  0.271076  0.220883  0.194495  0.199623  0.350595  0.144664  0.309008  0.481170  0.277075  0.148683  0.495799  0.293186  0.298378  0.414681  0.372011  0.176612  0.342555  0.095681  0.233864  0.137730  0.241374  0.250302  0.194237  0.303946  0.471070  0.370766  0.305521  0.346410  0.095681  0.095681  0.195063  0.157350  0.288705  0.138704  0.257468  0.361776  0.403829  0.349604  0.203090  0.198537  0.488879  0.246145  0.245881  0.384501  0.119663  0.148871  0.103469  0.310357  0.204526  0.288003  0.247352  0.265659  0.097335  0.127336  0.432833  0.489520  0.216690  0.404460  0.318010  0.431428 
19  0.242744  0.419515  0.338362  0.300492  0.233482  0.124027  0.271579  0.232400  0.412901  0.458268  0.286185  0.259638  0.250558  0.327032  0.225362  0.170065  0.711279  0.272771  0.095681 0.0  0.263043  0.287392  0.236115  0.154297  0.347606  0.169106  0.771231  0.162519  0.335193  0.314501  0.248553  0.095681  0.440652  0.339414  0.095681  0.205830  0.358666  0.313762  0.269441  0.621013  0.391933  0.371846  0.352033  0.261542  0.299408  0.351024  0.095681  0.270846  0.276679  0.214555  0.351921  0.237090  0.190559  0.553138  0.307530  0.322500  0.289209  0.234682  0.303025  0.150585  0.289949  0.316836  0.121614  0.386595  0.459348  0.323198  0.478405  0.277711  0.291753  0.442378  0.237262  0.156925  0.262066  0.208278  0.275026  0.177909  0.351352  0.317339  0.182354  0.266315  0.095681  0.219289  0.302733  0.332824  0.299484  0.095681  0.349537  0.436827  0.261711 
20  0.114412  0.266101  0.095681  0.117254  0.095681  0.297807  0.231432  0.214382  0.371528  0.503544  0.110314  0.279097  0.220105  0.509889  0.213440  0.296503  0.582026  0.255298  0.332985  0.263043 0.0  0.512177  0.156612  0.239214  0.473370  0.410276  0.624533  0.268001  0.491926  0.217173  0.212795  0.122840  0.303401  0.227048  0.234043  0.367373  0.454912  0.265503  0.136842  0.418148  0.310294  0.400437  0.569175  0.329938  0.303068  0.211398  0.197558  0.163378  0.118745  0.330709  0.173461  0.148916  0.284193  0.335934  0.451241  0.334088  0.131426  0.212947  0.194334  0.204208  0.095681  0.170588  0.319881  0.462408  0.513319  0.493772  0.327028  0.296952  0.098156  0.146246  0.564506  0.217260  0.461429  0.281268  0.244659  0.313006  0.485117  0.237280  0.364130  0.323656  0.345229  0.140816  0.141087  0.561710  0.532495  0.426784  0.430604  0.304006  0.436747 
21  0.465179  0.502365  0.457351  0.450945  0.505817  0.299571  0.521942  0.352842  0.582634  0.208044  0.391504  0.124845  0.411528  0.095681  0.422828  0.266716  0.918381  0.251409  0.422354  0.287392  0.512177 0.0  0.333494  0.480191  0.149070  0.106079  0.980770  0.207958  0.128856  0.570975  0.486977  0.398129  0.592382  0.433271  0.232537  0.132254  0.095681  0.421460  0.430153  0.652301  0.524281  0.638940  0.190599  0.596337  0.506109  0.564741  0.298373  0.613707  0.404802  0.095681  0.438821  0.303645  0.471922  0.622418  0.095681  0.463486  0.457771  0.095681  0.392171  0.481730  0.373633  0.500706  0.174667  0.232387  0.168212  0.206902  0.508820  0.499418  0.319154  0.438778  0.216415  0.231208  0.246757  0.244934  0.383099  0.250852  0.095681  0.320388  0.095681  0.283045  0.426486  0.284529  0.438850  0.124717  0.151851  0.211178  0.095681  0.607119  0.128427 
22  0.201557  0.279025  0.245209  0.137468  0.183032  0.248641  0.142232  0.113534  0.404181  0.485426  0.205735  0.400089  0.173849  0.493809  0.129560  0.323706  0.549544  0.350534  0.196960  0.236115  0.156612  0.333494 0.0  0.258367  0.504457  0.231009  0.552218  0.245251  0.381296  0.455954  0.201797  0.151229  0.285895  0.174776  0.257926  0.411238  0.433417  0.300277  0.317450  0.540556  0.304976  0.336013  0.415803  0.358923  0.242109  0.236957  0.278371  0.191236  0.122835  0.379942  0.185813  0.124920  0.188293  0.520271  0.384466  0.095681  0.198221  0.342676  0.252274  0.236178  0.209748  0.117690  0.288157  0.361880  0.518578  0.439018  0.237918  0.267248  0.209927  0.303220  0.521956  0.247644  0.490594  0.267346  0.228492  0.312990  0.314986  0.240974  0.312153  0.246973  0.243899  0.192288  0.287149  0.503608  0.424360  0.255768  0.361147  0.257137  0.399576 
23  0.173450  0.313828  0.292136  0.207604  0.164540  0.095681  0.312339  0.197996  0.354050  0.563119  0.164396  0.275643  0.248933  0.380485  0.224526  0.279034  0.566274  0.266132  0.231818  0.154297  0.239214  0.480191  0.258367 0.0  0.433601  0.273261  0.713033  0.246566  0.429622  0.413205  0.254960  0.144365  0.370326  0.341455  0.216602  0.218932  0.499976  0.175822  0.179733  0.477331  0.414559  0.320535  0.472738  0.277693  0.213369  0.323071  0.204175  0.205090  0.243923  0.328363  0.196017  0.107751  0.258557  0.601599  0.416655  0.319695  0.248307  0.181097  0.180928  0.178756  0.095681  0.261576  0.219268  0.376697  0.489937  0.351585  0.180519  0.095681  0.335858  0.397017  0.392403  0.222489  0.460270  0.108000  0.201633  0.261980  0.300584  0.095681  0.256161  0.200810  0.219853  0.216210  0.191870  0.391089  0.429975  0.184009  0.449981  0.310600  0.365303 
24  0.406749  0.643608  0.554126  0.493273  0.456625  0.335837  0.598908  0.445522  0.692727  0.128946  0.474536  0.224320  0.605526  0.138834  0.524552  0.267305  0.936397  0.270646  0.333518  0.347606  0.473370  0.149070  0.504457  0.433601 0.0  0.321085  0.984031  0.385773  0.095681  0.702931  0.589558  0.396278  0.650117  0.521312  0.321039  0.278686  0.095681  0.489212  0.390424  0.738336  0.714680  0.631549  0.095681  0.671157  0.663577  0.626698  0.367155  0.603310  0.522431  0.252023  0.570558  0.487694  0.478082  0.744721  0.203483  0.633238  0.526642  0.282498  0.481460  0.437499  0.452081  0.557993  0.294615  0.095681  0.175537  0.101389  0.545648  0.555815  0.594180  0.634275  0.117916  0.344967  0.147299  0.233637  0.416740  0.302986  0.166142  0.438826  0.335054  0.399353  0.259326  0.347036  0.407490  0.095681  0.127548  0.235841  0.119848  0.817518  0.178471 
25  0.351169  0.401667  0.538734  0.262983  0.295242  0.171123  0.474576  0.352298  0.495710  0.225515  0.253667  0.095681  0.364118  0.201792  0.338384  0.142329  0.754169  0.275332  0.223792  0.169106  0.410276  0.106079  0.231009  0.273261  0.321085 0.0  0.778076  0.098867  0.221300  0.512098  0.317226  0.225270  0.399062  0.394271  0.196486  0.190290  0.292837  0.285261  0.246283  0.547921  0.494084  0.378015  0.181205  0.367268  0.404043  0.387847  0.213673  0.478218  0.309673  0.123309  0.327017  0.374073  0.244254  0.661882  0.208133  0.530671  0.256365  0.161884  0.375627  0.373073  0.322232  0.415293  0.163115  0.159769  0.341610  0.330493  0.497747  0.268049  0.431109  0.469257  0.109135  0.095681  0.266889  0.167439  0.240058  0.199022  0.198354  0.366810  0.166105  0.167439  0.219116  0.232385  0.214539  0.223471  0.300063  0.095681  0.275553  0.424891  0.287027 
26  0.539311  0.337398  0.440940  0.529701  0.473272  0.648434  0.499275  0.574702  0.506738  0.959830  0.584271  0.875678  0.545198  0.875870  0.552758  0.755682  0.134554  0.856701  0.570005  0.771231  0.624533  0.980770  0.552218  0.713033  0.984031  0.778076 0.0  0.636147  0.935904  0.301532  0.605078  0.636636  0.480713  0.513848  0.796403  0.895161  0.963184  0.638157  0.554095  0.605201  0.473209  0.527583  0.983455  0.459574  0.604695  0.414562  0.619585  0.465310  0.519982  0.816268  0.462561  0.617892  0.596973  0.328364  0.828920  0.491575  0.514004  0.709561  0.564131  0.519096  0.471092  0.526633  0.736294  0.940400  0.917890  1.000000  0.538312  0.519684  0.471023  0.441158  0.987729  0.729661  0.916961  0.743302  0.621483  0.842642  0.947774  0.562568  0.791975  0.781798  0.788739  0.595290  0.506027  0.900308  0.941737  0.691857  0.876808  0.339268  0.916626 
27  0.324359  0.444759  0.433974  0.317709  0.318788  0.120423  0.376138  0.203250  0.427045  0.318667  0.250437  0.166726  0.383023  0.219039  0.284607  0.170854  0.641933  0.113962  0.232540  0.162519  0.268001  0.207958  0.245251  0.246566  0.385773  0.098867  0.636147 0.0  0.245701  0.478312  0.364901  0.252765  0.431834  0.275700  0.095681  0.237944  0.323870  0.419586  0.208776  0.566169  0.288771  0.323132  0.289585  0.488867  0.325030  0.488940  0.251780  0.317247  0.283538  0.149779  0.294785  0.244448  0.418185  0.571893  0.254219  0.534537  0.224345  0.095681  0.333914  0.381162  0.316592  0.308247  0.111716  0.303534  0.373614  0.315130  0.448396  0.228762  0.225599  0.371395  0.347862  0.237844  0.284058  0.154961  0.277103  0.143224  0.336077  0.285053  0.234976  0.188644  0.155277  0.264756  0.256126  0.227716  0.258379  0.110019  0.361646  0.503082  0.255598 
28  0.445344  0.481603  0.503199  0.439406  0.310649  0.330161  0.591375  0.554808  0.661780  0.188852  0.353189  0.360363  0.548014  0.108018  0.520929  0.281827  0.948203  0.283932  0.379954  0.335193  0.491926  0.128856  0.381296  0.429622  0.095681  0.221300  0.935904  0.245701 0.0  0.479234  0.524539  0.363250  0.733180  0.557959  0.127949  0.191742  0.098770  0.461683  0.352545  0.654754  0.625977  0.690722  0.230710  0.520126  0.493327  0.620213  0.410167  0.479621  0.430795  0.154495  0.518276  0.421987  0.523566  0.752624  0.095681  0.548003  0.412432  0.236571  0.551410  0.460815  0.517124  0.420925  0.274976  0.120132  0.273978  0.233165  0.551258  0.283603  0.423696  0.582027  0.142430  0.312996  0.122983  0.128980  0.502333  0.236925  0.219488  0.336792  0.210885  0.169174  0.243494  0.333207  0.292348  0.095681  0.192811  0.367399  0.095681  0.698549  0.095681 
29  0.288397  0.153423  0.252587  0.222020  0.386095  0.387891  0.272878  0.227995  0.177865  0.649619  0.291598  0.566495  0.198183  0.598204  0.388130  0.442619  0.283251  0.413662  0.271076  0.314501  0.217173  0.570975  0.455954  0.413205  0.702931  0.512098  0.301532  0.478312  0.479234 0.0  0.231112  0.351707  0.244227  0.261916  0.477051  0.469102  0.617662  0.361263  0.301887  0.364618  0.191228  0.188659  0.704835  0.132957  0.235610  0.203731  0.367562  0.209064  0.316506  0.507750  0.368882  0.350392  0.395809  0.402085  0.696702  0.224884  0.254289  0.473425  0.276564  0.298172  0.380943  0.184772  0.381472  0.747942  0.676954  0.756932  0.143284  0.297364  0.332250  0.381083  0.579509  0.404355  0.593139  0.483552  0.265625  0.493664  0.497521  0.446315  0.547637  0.514668  0.440272  0.380260  0.301015  0.608956  0.646775  0.472856  0.593391  0.150076  0.682510 
30  0.115363  0.169458  0.199128  0.119172  0.164930  0.338926  0.191185  0.276600  0.187208  0.594559  0.155563  0.394161  0.169545  0.469828  0.122422  0.254139  0.513467  0.345488  0.220883  0.248553  0.212795  0.486977  0.201797  0.254960  0.589558  0.317226  0.605078  0.364901  0.524539  0.231112 0.0  0.320695  0.211708  0.257601  0.317834  0.308217  0.502635  0.243712  0.158645  0.389287  0.169978  0.265300  0.520824  0.293273  0.152813  0.273678  0.289008  0.095681  0.216774  0.402897  0.280176  0.287431  0.228580  0.498692  0.380121  0.185481  0.199187  0.195206  0.167085  0.120115  0.265847  0.140556  0.390095  0.601802  0.469829  0.441931  0.231402  0.232257  0.213935  0.348785  0.454199  0.158000  0.546315  0.422643  0.160023  0.296374  0.632289  0.164061  0.381665  0.294538  0.322840  0.259006  0.276951  0.478372  0.553185  0.282337  0.585523  0.261231  0.560841 
31  0.229739  0.285286  0.268084  0.163147  0.172436  0.206826  0.283048  0.152274  0.313053  0.404811  0.095681  0.250206  0.254791  0.309289  0.106569  0.227474  0.561613  0.225460  0.194495  0.095681  0.122840  0.398129  0.151229  0.144365  0.396278  0.225270  0.636636  0.252765  0.363250  0.351707  0.320695 0.0  0.321688  0.210905  0.149444  0.284059  0.473855  0.234457  0.095681  0.383478  0.342528  0.356670  0.493614  0.431618  0.188557  0.249093  0.169539  0.236201  0.170162  0.322325  0.207503  0.105946  0.106690  0.587682  0.267017  0.148259  0.227965  0.220233  0.100164  0.215805  0.255844  0.310744  0.332748  0.364390  0.470567  0.443604  0.307301  0.166443  0.277530  0.376108  0.305818  0.227579  0.461187  0.140713  0.227578  0.233153  0.295612  0.095681  0.264994  0.227330  0.130683  0.143481  0.148096  0.454876  0.331745  0.210382  0.349772  0.344354  0.327520 
32  0.292946  0.181253  0.265737  0.228081  0.357017  0.417931  0.431987  0.265707  0.186192  0.679547  0.434485  0.432182  0.141648  0.494051  0.282206  0.394311  0.557509  0.445363  0.199623  0.440652  0.303401  0.592382  0.285895  0.370326  0.650117  0.399062  0.480713  0.431834  0.733180  0.244227  0.211708  0.321688 0.0  0.347216  0.447136  0.449087  0.555943  0.404176  0.297154  0.248947  0.095681  0.209541  0.600879  0.095681  0.177234  0.242838  0.282352  0.252090  0.303632  0.571154  0.356454  0.318474  0.186799  0.522738  0.476790  0.212864  0.344046  0.419365  0.331430  0.224375  0.186962  0.226425  0.389906  0.622156  0.547793  0.603249  0.394415  0.224984  0.209680  0.368965  0.545880  0.397013  0.568410  0.334220  0.173736  0.434922  0.505083  0.388223  0.378570  0.380596  0.358720  0.384184  0.466573  0.744687  0.538562  0.367721  0.652295  0.238638  0.646064 
33  0.255104  0.276102  0.193403  0.337967  0.215550  0.445922  0.186550  0.305798  0.414046  0.469786  0.251509  0.395191  0.401113  0.568360  0.316424  0.383715  0.535561  0.420311  0.350595  0.339414  0.227048  0.433271  0.174776  0.341455  0.521312  0.394271  0.513848  0.275700  0.557959  0.261916  0.257601  0.210905  0.347216 0.0  0.379341  0.384886  0.468334  0.131456  0.324783  0.561531  0.499120  0.398742  0.550507  0.429174  0.370286  0.174326  0.316924  0.153305  0.213903  0.431774  0.297000  0.253695  0.298663  0.289655  0.490351  0.350783  0.238615  0.334324  0.243306  0.183536  0.224943  0.178637  0.500130  0.579027  0.412408  0.430956  0.164540  0.319557  0.201520  0.150437  0.516779  0.350537  0.519291  0.339094  0.416995  0.315326  0.427903  0.303625  0.406325  0.399052  0.375496  0.344331  0.196925  0.428199  0.556730  0.309629  0.561869  0.339114  0.443809 
34  0.274426  0.328125  0.371843  0.292537  0.186020  0.095681  0.403944  0.238549  0.417229  0.337300  0.283773  0.191536  0.337136  0.147800  0.250284  0.095681  0.622925  0.095681  0.144664  0.095681  0.234043  0.232537  0.257926  0.216602  0.321039  0.196486  0.796403  0.095681  0.127949  0.477051  0.317834  0.149444  0.447136  0.379341 0.0  0.104242  0.303133  0.356455  0.317607  0.572040  0.411175  0.449570  0.450900  0.400296  0.236218  0.416925  0.095681  0.366670  0.250495  0.185816  0.272619  0.306368  0.239270  0.600078  0.192808  0.451560  0.224027  0.095681  0.313228  0.293777  0.213609  0.321016  0.128396  0.392046  0.411120  0.327599  0.420641  0.178059  0.251626  0.323325  0.372569  0.102221  0.304654  0.095681  0.315131  0.095681  0.280493  0.257343  0.176385  0.142493  0.117580  0.143404  0.251456  0.429070  0.327788  0.194385  0.417148  0.454850  0.221822 
35  0.277436  0.474963  0.489426  0.419206  0.326780  0.230934  0.465488  0.368995  0.549656  0.373890  0.358500  0.109578  0.345157  0.174039  0.345264  0.164902  0.824159  0.150815  0.309008  0.205830  0.367373  0.132254  0.411238  0.218932  0.278686  0.190290  0.895161  0.237944  0.191742  0.469102  0.308217  0.284059  0.449087  0.384886  0.104242 0.0  0.095681  0.316492  0.362661  0.581816  0.439845  0.409941  0.225605  0.425142  0.413668  0.491410  0.320263  0.409491  0.298664  0.095681  0.403597  0.322031  0.337477  0.703753  0.217726  0.474595  0.251079  0.145351  0.423050  0.372732  0.400140  0.344327  0.122673  0.261214  0.301544  0.281769  0.452626  0.310265  0.324726  0.575636  0.236856  0.259111  0.248703  0.179096  0.403074  0.185674  0.116682  0.451004  0.123716  0.320589  0.171051  0.214682  0.399109  0.244334  0.164985  0.260045  0.213365  0.529170  0.243470 
36  0.517066  0.757391  0.574344  0.474099  0.434342  0.399791  0.649209  0.471366  0.650856  0.180266  0.448796  0.253909  0.558950  0.152653  0.383420  0.415533  0.816152  0.294532  0.481170  0.358666  0.454912  0.095681  0.433417  0.499976  0.095681  0.292837  0.963184  0.323870  0.098770  0.617662  0.502635  0.473855  0.555943  0.468334  0.303133  0.095681 0.0  0.550157  0.474119  0.754196  0.630085  0.650617  0.095681  0.597284  0.597599  0.572744  0.419196  0.532552  0.561101  0.272740  0.462339  0.423552  0.447026  0.713614  0.133568  0.614608  0.522391  0.207183  0.456074  0.466541  0.580444  0.504136  0.297663  0.195600  0.148298  0.176660  0.591208  0.425184  0.515094  0.481844  0.147924  0.220615  0.197475  0.254608  0.522095  0.316241  0.230881  0.345839  0.305285  0.225447  0.284005  0.411193  0.513285  0.106531  0.189538  0.230962  0.095681  0.674020  0.117781 
37  0.270533  0.384982  0.231411  0.268048  0.279126  0.276468  0.224155  0.366458  0.417156  0.493560  0.268900  0.308449  0.406229  0.382751  0.224167  0.366074  0.569192  0.347212  0.277075  0.313762  0.265503  0.421460  0.300277  0.175822  0.489212  0.285261  0.638157  0.419586  0.461683  0.361263  0.243712  0.234457  0.404176  0.131456  0.356455  0.316492  0.550157 0.0  0.325254  0.556440  0.480280  0.415740  0.386238  0.390330  0.356009  0.266102  0.319093  0.354637  0.165113  0.333142  0.144906  0.218780  0.368905  0.387807  0.385520  0.388448  0.214057  0.280011  0.322475  0.218888  0.276294  0.312309  0.466437  0.365236  0.501014  0.496033  0.187227  0.363385  0.164083  0.191539  0.474198  0.283853  0.455309  0.285964  0.337627  0.398618  0.365653  0.331910  0.489314  0.299376  0.425705  0.217671  0.263463  0.622840  0.461933  0.348920  0.460114  0.319337  0.400270 
38  0.122724  0.263460  0.233543  0.150889  0.244159  0.256700  0.201382  0.125363  0.305791  0.436387  0.217526  0.297917  0.109575  0.444891  0.127993  0.279597  0.530946  0.360866  0.148683  0.269441  0.136842  0.430153  0.317450  0.179733  0.390424  0.246283  0.554095  0.208776  0.352545  0.301887  0.158645  0.095681  0.297154  0.324783  0.317607  0.362661  0.474119  0.325254 0.0  0.482701  0.404990  0.290656  0.423879  0.211179  0.164854  0.364067  0.159400  0.153536  0.172219  0.398033  0.173473  0.149078  0.135495  0.576598  0.404093  0.241029  0.191648  0.326007  0.112706  0.095681  0.206831  0.249429  0.224505  0.447133  0.517475  0.526724  0.254238  0.121302  0.183123  0.306408  0.387023  0.283069  0.403692  0.277139  0.095681  0.282649  0.384128  0.095681  0.341930  0.318427  0.256717  0.263828  0.234701  0.473791  0.453589  0.207699  0.481232  0.300511  0.435214 
39  0.416868  0.304276  0.425939  0.484476  0.409754  0.490854  0.383094  0.441332  0.183816  0.800571  0.481009  0.570063  0.301547  0.718029  0.412943  0.647930  0.418663  0.603066  0.495799  0.621013  0.418148  0.652301  0.540556  0.477331  0.738336  0.547921  0.605201  0.566169  0.654754  0.364618  0.389287  0.383478  0.248947  0.561531  0.572040  0.581816  0.754196  0.556440  0.482701 0.0  0.134014  0.258226  0.721297  0.286742  0.341849  0.377484  0.612788  0.432253  0.394611  0.557167  0.489190  0.340666  0.393658  0.715639  0.707970  0.414281  0.462579  0.508721  0.403780  0.423372  0.449461  0.392553  0.465407  0.744920  0.792491  0.761648  0.385031  0.355600  0.395822  0.588910  0.693600  0.579101  0.698960  0.581178  0.345384  0.518106  0.721888  0.639474  0.602339  0.557678  0.531580  0.574738  0.554166  0.858052  0.769722  0.571906  0.700213  0.364061  0.688696 
40  0.258261  0.179032  0.376118  0.260764  0.227086  0.316164  0.238497  0.188915  0.108515  0.660349  0.341953  0.522258  0.164083  0.607119  0.348149  0.439765  0.503868  0.342105  0.293186  0.391933  0.310294  0.524281  0.304976  0.414559  0.714680  0.494084  0.473209  0.288771  0.625977  0.191228  0.169978  0.342528  0.095681  0.499120  0.411175  0.439845  0.630085  0.480280  0.404990  0.134014 0.0  0.199824  0.800445  0.169773  0.159140  0.334542  0.392588  0.357842  0.254462  0.445323  0.290720  0.380228  0.219245  0.499207  0.597829  0.201224  0.374397  0.422597  0.223987  0.289677  0.313456  0.331085  0.386306  0.694957  0.754081  0.628848  0.371889  0.302109  0.342337  0.356009  0.464864  0.507274  0.665149  0.483747  0.325358  0.389894  0.648994  0.430526  0.465351  0.368317  0.371861  0.388210  0.393360  0.644142  0.710850  0.470298  0.695745  0.405026  0.648346 
41  0.312606  0.226374  0.353443  0.305638  0.376924  0.517170  0.316239  0.210003  0.236323  0.688929  0.361791  0.460329  0.179318  0.649765  0.271323  0.413400  0.444520  0.480573  0.298378  0.371846  0.400437  0.638940  0.336013  0.320535  0.631549  0.378015  0.527583  0.323132  0.690722  0.188659  0.265300  0.356670  0.209541  0.398742  0.449570  0.409941  0.650617  0.415740  0.290656  0.258226  0.199824 0.0  0.733695  0.095681  0.302821  0.275530  0.443945  0.241392  0.317790  0.575333  0.276941  0.228632  0.297700  0.431095  0.555157  0.156146  0.442951  0.495383  0.306533  0.295220  0.397423  0.188321  0.448508  0.555769  0.674554  0.743646  0.328792  0.253721  0.409714  0.477150  0.626075  0.365099  0.700453  0.406516  0.308549  0.466655  0.502449  0.414950  0.461556  0.461458  0.424771  0.386284  0.359774  0.705426  0.669197  0.390095  0.642761  0.378369  0.646931 
42  0.556482  0.639416  0.613914  0.400865  0.584316  0.349396  0.630251  0.483581  0.591485  0.251468  0.552438  0.315962  0.609284  0.264436  0.432379  0.318349  0.897016  0.342456  0.414681  0.352033  0.569175  0.190599  0.415803  0.472738  0.095681  0.181205  0.983455  0.289585  0.230710  0.704835  0.520824  0.493614  0.600879  0.550507  0.450900  0.225605  0.095681  0.386238  0.423879  0.721297  0.800445  0.733695 0.0  0.748919  0.583961  0.598067  0.409679  0.523381  0.583956  0.296027  0.453214  0.435705  0.396612  0.690946  0.157134  0.560099  0.419194  0.376415  0.539550  0.408694  0.560529  0.647288  0.335207  0.115677  0.207987  0.158644  0.523999  0.454845  0.484312  0.564785  0.095681  0.357773  0.172967  0.339261  0.454031  0.338553  0.220032  0.357137  0.303439  0.278112  0.261443  0.425658  0.379103  0.149937  0.137681  0.279412  0.237098  0.730412  0.166391 
43  0.209727  0.097691  0.412494  0.215553  0.324704  0.487540  0.161966  0.295268  0.226546  0.588672  0.317154  0.451299  0.193264  0.532867  0.280510  0.425463  0.475880  0.525501  0.372011  0.261542  0.329938  0.596337  0.358923  0.277693  0.671157  0.367268  0.459574  0.488867  0.520126  0.132957  0.293273  0.431618  0.095681  0.429174  0.400296  0.425142  0.597284  0.390330  0.211179  0.286742  0.169773  0.095681  0.748919 0.0  0.202664  0.185650  0.393472  0.372625  0.308779  0.583284  0.323213  0.270102  0.215500  0.452606  0.578115  0.233108  0.399067  0.340659  0.245562  0.247256  0.245191  0.248305  0.391821  0.644419  0.737985  0.648361  0.342091  0.316958  0.204041  0.348834  0.624993  0.536079  0.553235  0.393300  0.231864  0.440186  0.529994  0.283579  0.479437  0.356309  0.401292  0.345057  0.326255  0.679975  0.632277  0.433436  0.666979  0.434900  0.566143 
44  0.218891  0.106113  0.226077  0.203727  0.171697  0.249780  0.171688  0.122304  0.238591  0.603726  0.322652  0.347662  0.143672  0.371183  0.211091  0.315613  0.463092  0.338671  0.176612  0.299408  0.303068  0.506109  0.242109  0.213369  0.663577  0.404043  0.604695  0.325030  0.493327  0.235610  0.152813  0.188557  0.177234  0.370286  0.236218  0.413668  0.597599  0.356009  0.164854  0.341849  0.159140  0.302821  0.583961  0.202664 0.0  0.258164  0.354971  0.221694  0.134876  0.396607  0.200535  0.158283  0.146638  0.484005  0.405215  0.349570  0.270733  0.368491  0.295535  0.224459  0.197291  0.249002  0.331175  0.616157  0.493997  0.538424  0.282153  0.169005  0.262712  0.349423  0.496107  0.324076  0.640594  0.298336  0.095681  0.279211  0.469141  0.095681  0.310439  0.186836  0.201811  0.205194  0.156769  0.451216  0.473681  0.337289  0.558660  0.336263  0.534324 
