89
0 0.0  0.247716  0.078287  0.155688  0.110339  0.279102  0.172622  0.114581  0.236301  0.474386  0.078287  0.353872  0.253456  0.423266  0.078287  0.247284  0.459411  0.242210  0.225501  0.239281  0.198619  0.359156  0.171049  0.194821  0.531978  0.261502  0.445181  0.251961  0.383214  0.142120  0.203518  0.078287  0.192116  0.203566  0.287494  0.375742  0.482122  0.197063  0.103082  0.409022  0.291469  0.138358  0.525579  0.240738  0.158966  0.137554  0.179209  0.127306  0.148971  0.267119  0.262852  0.122862  0.148193  0.460800  0.402959  0.242897  0.098616  0.378198  0.120641  0.105067  0.154161  0.083682  0.335929  0.477896  0.607973  0.439315  0.203929  0.155659  0.082817  0.319086  0.351192  0.255791  0.294013  0.371977  0.169207  0.385469  0.348885  0.145891  0.407338  0.281410  0.271111  0.155921  0.132715  0.384611  0.459120  0.345721  0.453989  0.292245  0.463671 
1  0.247716 0.0  0.258053  0.320915  0.248710  0.299485  0.176549  0.148339  0.106431  0.566271  0.275303  0.453149  0.177289  0.573141  0.299774  0.285430  0.347400  0.447029  0.205384  0.349677  0.250419  0.470692  0.289440  0.268104  0.566190  0.558391  0.363227  0.420347  0.602062  0.078287  0.115938  0.253701  0.203465  0.367238  0.397245  0.476622  0.623162  0.319363  0.173366  0.293638  0.204619  0.178006  0.688799  0.083936  0.188029  0.147954  0.410460  0.189666  0.206629  0.505853  0.156003  0.229452  0.192745  0.398142  0.611669  0.120301  0.126951  0.319057  0.233415  0.293063  0.105555  0.237349  0.402110  0.494067  0.702464  0.562783  0.262394  0.263114  0.295263  0.274851  0.567881  0.353498  0.607171  0.382471  0.181181  0.408943  0.528303  0.305511  0.465260  0.434849  0.424105  0.333559  0.334192  0.654039  0.580776  0.531544  0.538714  0.204682  0.560084 
2  0.078287  0.258053 0.0  0.122471  0.172214  0.282535  0.218118  0.275027  0.145869  0.511504  0.140095  0.423906  0.128251  0.470228  0.141278  0.395837  0.429581  0.470186  0.327859  0.304555  0.167842  0.524560  0.314576  0.289403  0.546079  0.325222  0.372451  0.375712  0.369048  0.184140  0.101036  0.209799  0.256442  0.274959  0.344995  0.471861  0.369150  0.269324  0.297064  0.395372  0.228387  0.283930  0.523155  0.259436  0.222563  0.133347  0.199485  0.136291  0.228528  0.420624  0.158538  0.271385  0.337919  0.300858  0.533282  0.146586  0.124564  0.373720  0.208700  0.288079  0.209616  0.140708  0.403331  0.546685  0.595723  0.646743  0.129139  0.206102  0.078287  0.207461  0.456539  0.301549  0.536868  0.368884  0.194787  0.352856  0.573844  0.115575  0.398405  0.381688  0.391697  0.210377  0.217888  0.562840  0.533294  0.359016  0.508788  0.276149  0.518078 
3  0.155688  0.320915  0.122471 0.0  0.078287  0.249340  0.214223  0.132080  0.276293  0.502714  0.078287  0.298928  0.265913  0.323028  0.078287  0.305824  0.540204  0.330885  0.230052  0.129022  0.118654  0.493845  0.148336  0.196598  0.541137  0.247975  0.600380  0.276527  0.418268  0.222835  0.167945  0.078287  0.226411  0.142473  0.156010  0.270702  0.445531  0.250860  0.128288  0.379942  0.276332  0.364603  0.506049  0.216664  0.256345  0.126061  0.252325  0.113421  0.078287  0.302979  0.178414  0.160126  0.190695  0.507448  0.300306  0.140905  0.104191  0.280104  0.078287  0.179597  0.242591  0.171622  0.244543  0.510915  0.549442  0.514113  0.185886  0.108636  0.140812  0.244407  0.462527  0.230097  0.369607  0.350351  0.253122  0.233087  0.348944  0.190268  0.338632  0.326555  0.322948  0.123501  0.154380  0.446566  0.479307  0.269118  0.340106  0.269010  0.345846 
4  0.110339  0.248710  0.172214  0.078287 0.0  0.265034  0.192459  0.240654  0.353473  0.461264  0.078287  0.213399  0.172569  0.332569  0.158353  0.250554  0.442422  0.227149  0.197962  0.193270  0.125242  0.260136  0.180261  0.078287  0.516794  0.254771  0.471694  0.324357  0.400882  0.332997  0.078287  0.138765  0.288736  0.264963  0.313829  0.300229  0.416937  0.208141  0.252989  0.344163  0.174672  0.110065  0.466680  0.168442  0.131212  0.241284  0.171691  0.233340  0.078287  0.318626  0.171671  0.078287  0.267335  0.374303  0.364517  0.150615  0.131050  0.246295  0.186905  0.082412  0.109049  0.254712  0.175015  0.379855  0.518064  0.467266  0.274200  0.248797  0.145193  0.378011  0.370908  0.234935  0.470146  0.341295  0.100469  0.249399  0.381152  0.155558  0.277249  0.248824  0.175739  0.185704  0.177970  0.366916  0.423903  0.228932  0.436148  0.283988  0.402704 
5  0.279102  0.299485  0.282535  0.249340  0.265034 0.0  0.376399  0.244791  0.415879  0.337864  0.123841  0.140753  0.277744  0.200220  0.279752  0.097113  0.663449  0.148134  0.125657  0.078287  0.266023  0.250890  0.346797  0.209707  0.317482  0.163740  0.808886  0.121108  0.280937  0.340632  0.225863  0.079912  0.422487  0.315679  0.103037  0.236638  0.361963  0.333692  0.111915  0.472209  0.454140  0.369654  0.368702  0.410687  0.303133  0.415971  0.199290  0.292931  0.170995  0.217245  0.261405  0.139184  0.312256  0.578782  0.232836  0.239248  0.110903  0.132114  0.208445  0.242740  0.258324  0.353355  0.101868  0.268047  0.340600  0.295124  0.358331  0.146655  0.231950  0.451399  0.224473  0.078287  0.216913  0.172418  0.209559  0.220115  0.216687  0.206375  0.168454  0.129884  0.119337  0.140133  0.254512  0.364416  0.368759  0.078287  0.377235  0.438805  0.344239 
6  0.172622  0.176549  0.218118  0.214223  0.192459  0.376399 0.0  0.304539  0.242331  0.659748  0.257736  0.467973  0.156175  0.410435  0.163234  0.310550  0.345521  0.363291  0.316537  0.253654  0.232859  0.520597  0.254883  0.312145  0.607056  0.437168  0.410796  0.277304  0.606833  0.214279  0.227352  0.286947  0.258228  0.311827  0.276305  0.388515  0.551139  0.244557  0.254175  0.421117  0.286845  0.115536  0.567955  0.153065  0.305772  0.120146  0.322997  0.103758  0.132264  0.435231  0.191225  0.181004  0.157163  0.385835  0.505263  0.208678  0.176761  0.364003  0.180390  0.222075  0.212402  0.078287  0.372669  0.562859  0.608876  0.591956  0.190168  0.257163  0.078287  0.261727  0.506506  0.359419  0.542629  0.368600  0.156321  0.419801  0.561910  0.245342  0.458730  0.259132  0.337292  0.319768  0.383739  0.465046  0.677630  0.490392  0.582900  0.134730  0.539688 
7  0.114581  0.148339  0.275027  0.132080  0.240654  0.244791  0.304539 0.0  0.258283  0.537035  0.223123  0.324624  0.141219  0.365359  0.278954  0.198351  0.480083  0.319572  0.097905  0.122482  0.334817  0.489262  0.207896  0.163070  0.478104  0.281599  0.717592  0.325523  0.482790  0.324728  0.157236  0.211325  0.241973  0.382081  0.282692  0.394252  0.440077  0.255888  0.146448  0.317501  0.322710  0.206912  0.469083  0.202383  0.157448  0.310105  0.223416  0.182128  0.314047  0.406171  0.386213  0.192512  0.100799  0.576814  0.414631  0.307766  0.184072  0.349049  0.215446  0.139564  0.173031  0.247508  0.324338  0.537993  0.560991  0.433199  0.296360  0.115082  0.341832  0.340208  0.394373  0.182686  0.470412  0.215965  0.167505  0.315134  0.385453  0.302829  0.238447  0.290155  0.277404  0.312904  0.271426  0.537202  0.415714  0.244613  0.417904  0.173347  0.458865 
8  0.236301  0.106431  0.145869  0.276293  0.353473  0.415879  0.242331  0.258283 0.0  0.693349  0.302030  0.472088  0.210762  0.620366  0.266147  0.414351  0.206618  0.423398  0.412535  0.360315  0.290647  0.573402  0.353519  0.279351  0.610573  0.409780  0.536395  0.449062  0.508932  0.078287  0.296639  0.215033  0.120443  0.348561  0.461922  0.491588  0.584993  0.409098  0.239648  0.266543  0.225751  0.078287  0.650032  0.155923  0.201637  0.146242  0.336985  0.178446  0.239822  0.498053  0.248755  0.164225  0.306112  0.482144  0.579397  0.230231  0.252532  0.503465  0.356121  0.172307  0.319421  0.174855  0.389704  0.614922  0.735849  0.743386  0.307429  0.284883  0.239568  0.263112  0.532147  0.405359  0.665613  0.455135  0.203636  0.471037  0.579643  0.322016  0.408561  0.394888  0.473717  0.337586  0.341898  0.590223  0.694193  0.435427  0.689873  0.264084  0.549179 
9  0.474386  0.566271  0.511504  0.502714  0.461264  0.337864  0.659748  0.537035  0.693349 0.0  0.421628  0.417265  0.588595  0.312499  0.524056  0.278975  0.796910  0.304768  0.526259  0.373402  0.444966  0.232340  0.480383  0.527526  0.110421  0.383574  0.952211  0.369721  0.163237  0.731670  0.472282  0.509750  0.722468  0.458462  0.493987  0.239629  0.078287  0.437339  0.488747  0.830463  0.652455  0.663880  0.163403  0.647356  0.495629  0.682551  0.245419  0.617328  0.500969  0.310606  0.469092  0.478584  0.556113  0.772688  0.256142  0.720672  0.434164  0.299103  0.508059  0.467049  0.470940  0.626003  0.360205  0.131387  0.091930  0.078287  0.587998  0.495848  0.567674  0.646182  0.221683  0.316069  0.109129  0.253614  0.550488  0.370258  0.084368  0.525313  0.221315  0.392749  0.333337  0.321275  0.408109  0.096415  0.125973  0.288961  0.218326  0.709081  0.097476 
10  0.078287  0.275303  0.140095  0.078287  0.078287  0.123841  0.257736  0.223123  0.302030  0.421628 0.0  0.389046  0.348693  0.298093  0.164279  0.341935  0.478779  0.257610  0.238416  0.256252  0.096556  0.382767  0.078287  0.268224  0.435694  0.273520  0.594475  0.289846  0.399173  0.273189  0.192549  0.104716  0.316063  0.170681  0.298060  0.276808  0.422932  0.102693  0.097313  0.408377  0.295347  0.352715  0.393442  0.284546  0.275982  0.271453  0.112279  0.078287  0.078287  0.300454  0.078287  0.247017  0.236801  0.473167  0.337661  0.254740  0.078287  0.225104  0.098563  0.163907  0.135508  0.227525  0.311344  0.434626  0.455069  0.414529  0.276833  0.157292  0.156864  0.151148  0.384005  0.282540  0.401334  0.318679  0.160753  0.272912  0.368305  0.170069  0.297278  0.256466  0.207933  0.179011  0.078287  0.442958  0.460353  0.319538  0.492569  0.220731  0.353360 
11  0.353872  0.453149  0.423906  0.298928  0.213399  0.140753  0.467973  0.324624  0.472088  0.417265  0.389046 0.0  0.406584  0.118209  0.255220  0.081477  0.627810  0.167498  0.138459  0.153720  0.319626  0.120005  0.273171  0.215278  0.415209  0.214865  0.669533  0.142767  0.123536  0.479318  0.333189  0.250921  0.509266  0.431509  0.187176  0.229669  0.199113  0.352538  0.285025  0.553970  0.418842  0.448024  0.284638  0.547138  0.324242  0.458582  0.128677  0.361356  0.449244  0.078287  0.360011  0.297668  0.269924  0.594958  0.078287  0.303206  0.314648  0.106630  0.394886  0.267682  0.349144  0.401224  0.172715  0.240163  0.275286  0.214654  0.443635  0.230485  0.389766  0.441346  0.222387  0.169738  0.216431  0.154399  0.298307  0.090472  0.151134  0.259402  0.103183  0.078287  0.102392  0.230974  0.277141  0.082728  0.127013  0.094201  0.235123  0.544880  0.289151 
12  0.253456  0.177289  0.128251  0.265913  0.172569  0.277744  0.156175  0.141219  0.210762  0.588595  0.348693  0.406584 0.0  0.566673  0.140511  0.323200  0.432218  0.307621  0.298866  0.368224  0.255492  0.482624  0.267854  0.255424  0.604317  0.416030  0.463007  0.373097  0.595086  0.202855  0.148608  0.210171  0.095076  0.306735  0.262356  0.398761  0.536566  0.352364  0.078964  0.387316  0.165512  0.136062  0.549093  0.119359  0.139856  0.298262  0.329622  0.209378  0.207087  0.412188  0.252887  0.351863  0.164497  0.479877  0.524503  0.113146  0.198408  0.383862  0.227251  0.252284  0.224137  0.193258  0.382774  0.444567  0.559812  0.555111  0.280667  0.243290  0.266366  0.321782  0.442530  0.325857  0.499476  0.345899  0.170768  0.272874  0.428057  0.285443  0.400133  0.330100  0.416353  0.392868  0.303551  0.505787  0.603162  0.367334  0.627841  0.364554  0.589832 
13  0.423266  0.573141  0.470228  0.323028  0.332569  0.200220  0.410435  0.365359  0.620366  0.312499  0.298093  0.118209  0.566673 0.0  0.381624  0.314222  0.800894  0.180130  0.352462  0.245962  0.493218  0.078287  0.377726  0.339841  0.146643  0.213007  0.771113  0.281972  0.138477  0.648584  0.582394  0.327564  0.533958  0.407398  0.200496  0.105189  0.092675  0.323771  0.339683  0.706235  0.530444  0.456904  0.106099  0.537122  0.400062  0.522280  0.301350  0.437456  0.410909  0.181748  0.407985  0.416429  0.421470  0.755308  0.094296  0.508939  0.412153  0.281462  0.436834  0.430888  0.354908  0.451815  0.258029  0.205459  0.141460  0.201310  0.522282  0.334986  0.610597  0.370122  0.087784  0.209017  0.188217  0.145881  0.501050  0.201086  0.136342  0.273991  0.185516  0.242263  0.098345  0.307367  0.254138  0.214326  0.222485  0.364647  0.136502  0.526558  0.120489 
14  0.078287  0.299774  0.141278  0.078287  0.158353  0.279752  0.163234  0.278954  0.266147  0.524056  0.164279  0.255220  0.140511  0.381624 0.0  0.250234  0.479708  0.331643  0.158378  0.117263  0.134400  0.421196  0.141750  0.111144  0.535654  0.328500  0.610606  0.357044  0.440787  0.286102  0.104840  0.156449  0.231784  0.168419  0.220291  0.391739  0.362628  0.228901  0.217932  0.445870  0.257713  0.321582  0.505968  0.269337  0.193000  0.178197  0.289214  0.159482  0.150865  0.386276  0.078287  0.078287  0.190526  0.369627  0.385118  0.147188  0.164298  0.252052  0.142792  0.078287  0.112776  0.199788  0.281990  0.510892  0.580205  0.454730  0.271259  0.130362  0.145733  0.318470  0.369672  0.173420  0.418021  0.251105  0.090008  0.165375  0.379121  0.148247  0.314795  0.303629  0.250036  0.231303  0.199580  0.585522  0.464315  0.269127  0.419190  0.352844  0.535971 
15  0.247284  0.285430  0.395837  0.305824  0.250554  0.097113  0.310550  0.198351  0.414351  0.278975  0.341935  0.081477  0.323200  0.314222  0.250234 0.0  0.624385  0.145566  0.182920  0.134207  0.244733  0.253865  0.181057  0.147216  0.338110  0.202086  0.622719  0.078287  0.271318  0.448028  0.307733  0.300497  0.325422  0.290650  0.078287  0.318051  0.242248  0.298708  0.173558  0.602908  0.444611  0.277592  0.355948  0.332616  0.337809  0.384933  0.173141  0.289364  0.238944  0.188458  0.265110  0.123712  0.195513  0.561653  0.210703  0.390724  0.265392  0.089524  0.182228  0.254437  0.258076  0.331364  0.078287  0.254557  0.343085  0.368770  0.376753  0.219509  0.273000  0.480702  0.173332  0.185145  0.237151  0.119954  0.281644  0.148673  0.279464  0.266234  0.118822  0.143993  0.160627  0.206320  0.227931  0.308532  0.333788  0.204323  0.289536  0.460830  0.304081 
16  0.459411  0.347400  0.429581  0.540204  0.442422  0.663449  0.345521  0.480083  0.206618  0.796910  0.478779  0.627810  0.432218  0.800894  0.479708  0.624385 0.0  0.758547  0.571594  0.566030  0.436147  0.768886  0.511512  0.669425  0.829550  0.776498  0.261561  0.638710  0.807166  0.375470  0.409038  0.478722  0.486098  0.378809  0.676143  0.654310  0.846010  0.443831  0.500194  0.424761  0.463133  0.332726  1.000000  0.376639  0.502461  0.397219  0.665158  0.405881  0.491145  0.691079  0.471097  0.477092  0.551067  0.320746  0.871237  0.441102  0.479572  0.654551  0.496109  0.550875  0.396053  0.474519  0.753041  0.872154  0.843103  0.895478  0.335251  0.425485  0.442461  0.350106  0.656207  0.607431  0.878966  0.649416  0.452536  0.609302  0.858155  0.589093  0.741476  0.593701  0.620610  0.585981  0.545061  0.829018  0.871985  0.558049  0.841006  0.190281  0.740021 
17  0.242210  0.447029  0.470186  0.330885  0.227149  0.148134  0.363291  0.319572  0.423398  0.304768  0.257610  0.167498  0.307621  0.180130  0.331643  0.145566  0.758547 0.0  0.169005  0.154525  0.228442  0.267955  0.306496  0.158422  0.134566  0.078287  0.722930  0.123873  0.251888  0.401876  0.435567  0.197229  0.436257  0.253680  0.216409  0.078287  0.310115  0.318030  0.289043  0.433370  0.429382  0.379484  0.284128  0.344718  0.236083  0.334759  0.206708  0.288950  0.392736  0.195330  0.266062  0.251966  0.364802  0.614366  0.160940  0.344672  0.366172  0.106956  0.309192  0.364698  0.337962  0.439100  0.139817  0.249661  0.322456  0.268460  0.464967  0.334161  0.338102  0.370515  0.231889  0.206492  0.184321  0.166919  0.248570  0.160348  0.225527  0.189076  0.125526  0.128093  0.078287  0.249800  0.239798  0.193254  0.274627  0.127359  0.268866  0.487188  0.195129 
18  0.225501  0.205384  0.327859  0.230052  0.197962  0.125657  0.316537  0.097905  0.412535  0.526259  0.238416  0.138459  0.298866  0.352462  0.158378  0.182920  0.571594  0.169005 0.0  0.139403  0.174547  0.273503  0.162411  0.078287  0.378325  0.287724  0.673888  0.219091  0.292998  0.303847  0.172498  0.097289  0.267850  0.356972  0.144895  0.359555  0.352596  0.242903  0.163519  0.498759  0.270427  0.212157  0.417108  0.404150  0.096951  0.309816  0.134766  0.272149  0.156407  0.179871  0.231990  0.144625  0.098866  0.545458  0.329418  0.269534  0.242025  0.107068  0.176412  0.133201  0.306631  0.336136  0.251093  0.333382  0.448716  0.415348  0.321464  0.174724  0.268448  0.239563  0.375870  0.222127  0.344943  0.183770  0.213915  0.239659  0.300885  0.170903  0.255081  0.195046  0.115182  0.216761  0.148529  0.427585  0.366576  0.085580  0.363843  0.448581  0.395961 
19  0.239281  0.349677  0.304555  0.129022  0.193270  0.078287  0.253654  0.122482  0.360315  0.373402  0.256252  0.153720  0.368224  0.245962  0.117263  0.134207  0.566030  0.154525  0.139403 0.0  0.272857  0.312944  0.234174  0.114105  0.330127  0.097287  0.555943  0.180095  0.368338  0.413159  0.223742  0.166781  0.335318  0.328533  0.078287  0.186839  0.357272  0.344348  0.147297  0.479498  0.291695  0.300364  0.336734  0.307212  0.244613  0.358935  0.097038  0.307773  0.153152  0.242014  0.222309  0.163349  0.172785  0.565928  0.276907  0.464096  0.187319  0.169683  0.184651  0.184459  0.212637  0.287808  0.118706  0.332093  0.356942  0.395860  0.362685  0.160212  0.301745  0.363972  0.200646  0.208043  0.268604  0.277906  0.243967  0.078287  0.362172  0.252303  0.158660  0.150101  0.078287  0.167351  0.205315  0.372532  0.323491  0.145086  0.298772  0.453101  0.355290 
20  0.198619  0.250419  0.167842  0.118654  0.125242  0.266023  0.232859  0.334817  0.290647  0.444966  0.096556  0.319626  0.255492  0.493218  0.134400  0.244733  0.436147  0.228442  0.174547  0.272857 0.0  0.485691  0.133471  0.100057  0.522960  0.455592  0.424018  0.212845  0.395291  0.290535  0.083682  0.106046  0.364726  0.230737  0.404437  0.458837  0.371519  0.284894  0.213480  0.443148  0.336366  0.314758  0.451685  0.354497  0.180845  0.078287  0.240271  0.091525  0.078287  0.308297  0.206778  0.170945  0.265828  0.253451  0.464190  0.297078  0.164604  0.342105  0.262348  0.112107  0.165679  0.182975  0.332053  0.427883  0.492695  0.506099  0.248507  0.230319  0.213269  0.165219  0.388399  0.319436  0.545599  0.349821  0.119037  0.330449  0.383150  0.166294  0.424969  0.348301  0.291457  0.187078  0.090524  0.414250  0.532912  0.248154  0.484753  0.328835  0.437281 
21  0.359156  0.470692  0.524560  0.493845  0.260136  0.250890  0.520597  0.489262  0.573402  0.232340  0.382767  0.120005  0.482624  0.078287  0.421196  0.253865  0.768886  0.267955  0.273503  0.312944  0.485691 0.0  0.378326  0.371861  0.131867  0.172755  0.938377  0.178574  0.078287  0.553155  0.469379  0.214077  0.574285  0.507534  0.282203  0.133525  0.078287  0.354308  0.395277  0.656564  0.520546  0.584256  0.151606  0.486262  0.513969  0.507315  0.199010  0.446240  0.409269  0.253342  0.483660  0.427813  0.505439  0.628529  0.080227  0.496257  0.434923  0.211907  0.490024  0.366325  0.286226  0.455467  0.124588  0.078287  0.193627  0.173062  0.484431  0.396704  0.489928  0.527785  0.171029  0.229129  0.078287  0.160268  0.424155  0.245459  0.190963  0.245915  0.171579  0.205607  0.201937  0.308431  0.372345  0.146661  0.176446  0.271526  0.130182  0.647010  0.090378 
22  0.171049  0.289440  0.314576  0.148336  0.180261  0.346797  0.254883  0.207896  0.353519  0.480383  0.078287  0.273171  0.267854  0.377726  0.141750  0.181057  0.511512  0.306496  0.162411  0.234174  0.133471  0.378326 0.0  0.201186  0.470117  0.366699  0.544419  0.249759  0.435659  0.244000  0.092066  0.204105  0.348952  0.143920  0.296386  0.356549  0.424850  0.179076  0.170450  0.505036  0.257996  0.285557  0.470129  0.327707  0.292147  0.289912  0.246972  0.120984  0.151366  0.275089  0.081041  0.078287  0.279121  0.459586  0.318502  0.214469  0.078287  0.300034  0.091881  0.138658  0.105280  0.219313  0.201405  0.450158  0.460878  0.414829  0.212656  0.169216  0.136239  0.223285  0.309559  0.238666  0.443790  0.272823  0.140599  0.234364  0.238816  0.078287  0.335873  0.199829  0.219189  0.229355  0.160077  0.354431  0.558484  0.340155  0.317626  0.202748  0.395249 
23  0.194821  0.268104  0.289403  0.196598  0.078287  0.209707  0.312145  0.163070  0.279351  0.527526  0.268224  0.215278  0.255424  0.339841  0.111144  0.147216  0.669425  0.158422  0.078287  0.114105  0.100057  0.371861  0.201186 0.0  0.467603  0.270936  0.632381  0.299497  0.382309  0.305335  0.253811  0.078287  0.398784  0.298647  0.250177  0.281941  0.309442  0.299742  0.103249  0.463241  0.318928  0.263040  0.433059  0.270194  0.150789  0.241637  0.098442  0.148417  0.106491  0.129002  0.202730  0.158106  0.152122  0.519176  0.392663  0.333149  0.262418  0.166424  0.255571  0.157503  0.325263  0.209881  0.337735  0.266783  0.394393  0.405984  0.276395  0.181188  0.313717  0.390050  0.307990  0.160860  0.477582  0.210479  0.261945  0.204946  0.322100  0.214360  0.203475  0.162496  0.205510  0.215421  0.193349  0.470137  0.423243  0.181095  0.341277  0.299404  0.367119 
24  0.531978  0.566190  0.546079  0.541137  0.516794  0.317482  0.607056  0.478104  0.610573  0.110421  0.435694  0.415209  0.604317  0.146643  0.535654  0.338110  0.829550  0.134566  0.378325  0.330127  0.522960  0.131867  0.470117  0.467603 0.0  0.344584  0.896535  0.282974  0.164734  0.680752  0.529182  0.391076  0.647567  0.464292  0.261438  0.182278  0.199683  0.376614  0.433662  0.697443  0.568841  0.540324  0.109189  0.617903  0.515457  0.690708  0.362307  0.612472  0.390926  0.279293  0.426743  0.374189  0.486057  0.571021  0.122589  0.611547  0.538929  0.404603  0.493954  0.403873  0.422465  0.617601  0.283968  0.145339  0.160917  0.162639  0.615304  0.484177  0.581609  0.602138  0.078287  0.383528  0.147302  0.314230  0.523759  0.369542  0.155740  0.416080  0.256561  0.406122  0.340854  0.359607  0.416743  0.078287  0.137543  0.321047  0.078287  0.656432  0.130334 
25  0.261502  0.558391  0.325222  0.247975  0.254771  0.163740  0.437168  0.281599  0.409780  0.383574  0.273520  0.214865  0.416030  0.213007  0.328500  0.202086  0.776498  0.078287  0.287724  0.097287  0.455592  0.172755  0.366699  0.270936  0.344584 0.0  0.809192  0.127063  0.307290  0.590698  0.334767  0.118549  0.559366  0.286443  0.220929  0.144428  0.201438  0.396313  0.327949  0.557402  0.410019  0.443085  0.288111  0.470973  0.342078  0.553502  0.230275  0.401223  0.370192  0.078287  0.422909  0.321307  0.317518  0.579243  0.166100  0.409405  0.259801  0.149863  0.300761  0.247236  0.258842  0.377069  0.234512  0.182160  0.271891  0.217427  0.513336  0.288937  0.322344  0.314873  0.120302  0.124991  0.264493  0.078287  0.299265  0.178919  0.168839  0.194550  0.181387  0.108962  0.121036  0.136878  0.339953  0.286225  0.219241  0.103772  0.269278  0.493545  0.180482 
26  0.445181  0.363227  0.372451  0.600380  0.471694  0.808886  0.410796  0.717592  0.536395  0.952211  0.594475  0.669533  0.463007  0.771113  0.610606  0.622719  0.261561  0.722930  0.673888  0.555943  0.424018  0.938377  0.544419  0.632381  0.896535  0.809192 0.0  0.674841  0.859619  0.328577  0.369719  0.652006  0.529577  0.431060  0.652049  0.908166  0.935998  0.516036  0.631188  0.526156  0.525731  0.588785  0.840892  0.514297  0.528634  0.495421  0.676249  0.387125  0.527857  0.843381  0.438997  0.439304  0.644810  0.393528  0.869177  0.375759  0.529815  0.610702  0.529456  0.605838  0.547977  0.482785  0.670122  0.768155  0.932693  0.881707  0.363594  0.633932  0.534167  0.469212  0.752352  0.749323  0.877888  0.742671  0.493586  0.687034  0.798019  0.650252  0.763338  0.622673  0.703418  0.585782  0.551914  0.844660  0.836604  0.627711  0.930153  0.343405  0.898041 
27  0.251961  0.420347  0.375712  0.276527  0.324357  0.121108  0.277304  0.325523  0.449062  0.369721  0.289846  0.142767  0.373097  0.281972  0.357044  0.078287  0.638710  0.123873  0.219091  0.180095  0.212845  0.178574  0.249759  0.299497  0.282974  0.127063  0.674841 0.0  0.383448  0.467752  0.336401  0.136797  0.354602  0.425617  0.078287  0.148778  0.298133  0.264367  0.185323  0.513482  0.396104  0.321709  0.258571  0.351002  0.262210  0.365612  0.112540  0.316944  0.316770  0.128456  0.265740  0.203019  0.211345  0.565645  0.213257  0.353340  0.248867  0.099630  0.279621  0.310469  0.248567  0.313785  0.209437  0.244214  0.487065  0.413014  0.363977  0.154334  0.261613  0.400059  0.254343  0.167663  0.298512  0.102126  0.328457  0.110858  0.207572  0.256192  0.181498  0.078287  0.078287  0.225840  0.078287  0.211339  0.274405  0.157166  0.231770  0.368128  0.250011 
28  0.383214  0.602062  0.369048  0.418268  0.400882  0.280937  0.606833  0.482790  0.508932  0.163237  0.399173  0.123536  0.595086  0.138477  0.440787  0.271318  0.807166  0.251888  0.292998  0.368338  0.395291  0.078287  0.435659  0.382309  0.164734  0.307290  0.859619  0.383448 0.0  0.594813  0.463563  0.367519  0.595505  0.454078  0.254188  0.199509  0.158068  0.403533  0.453374  0.696276  0.472750  0.591515  0.159654  0.517229  0.436589  0.538665  0.295140  0.468102  0.396391  0.188617  0.460399  0.399361  0.466098  0.693553  0.078287  0.595736  0.325101  0.255402  0.471867  0.330011  0.402070  0.533394  0.185092  0.078287  0.243323  0.201470  0.553277  0.361108  0.492608  0.522293  0.099982  0.226989  0.099157  0.254222  0.418667  0.205856  0.177676  0.280002  0.245688  0.235406  0.249040  0.312397  0.450119  0.148363  0.122565  0.301828  0.178957  0.584919  0.114522 
29  0.142120  0.078287  0.184140  0.222835  0.332997  0.340632  0.214279  0.324728  0.078287  0.731670  0.273189  0.479318  0.202855  0.648584  0.286102  0.448028  0.375470  0.401876  0.303847  0.413159  0.290535  0.553155  0.244000  0.305335  0.680752  0.590698  0.328577  0.467752  0.594813 0.0  0.122221  0.302685  0.196049  0.267896  0.450945  0.486433  0.622877  0.424796  0.375723  0.411545  0.226834  0.147731  0.676268  0.274532  0.303129  0.124748  0.389266  0.207802  0.173714  0.463932  0.273172  0.233039  0.301330  0.404316  0.486284  0.094508  0.288510  0.437347  0.135101  0.164940  0.210848  0.183277  0.425689  0.560190  0.720729  0.682528  0.318786  0.241456  0.227603  0.328019  0.626325  0.464772  0.692740  0.363687  0.363173  0.446048  0.517303  0.240868  0.562291  0.470501  0.420432  0.444000  0.325116  0.595317  0.716487  0.305543  0.628349  0.208578  0.605105 
30  0.203518  0.115938  0.101036  0.167945  0.078287  0.225863  0.227352  0.157236  0.296639  0.472282  0.192549  0.333189  0.148608  0.582394  0.104840  0.307733  0.409038  0.435567  0.172498  0.223742  0.083682  0.469379  0.092066  0.253811  0.529182  0.334767  0.369719  0.336401  0.463563  0.122221 0.0  0.260342  0.271234  0.322387  0.236887  0.290661  0.538778  0.294217  0.205483  0.292445  0.240748  0.203541  0.548777  0.163407  0.133913  0.169986  0.179956  0.084621  0.134061  0.373300  0.171660  0.151968  0.132460  0.421119  0.446471  0.146503  0.178331  0.239070  0.095179  0.122241  0.138740  0.140689  0.267426  0.489244  0.561626  0.399053  0.135812  0.167310  0.078287  0.273871  0.427416  0.248620  0.488426  0.365774  0.078287  0.359553  0.394143  0.228175  0.421162  0.190969  0.381118  0.297562  0.288027  0.425135  0.387830  0.453401  0.363615  0.220679  0.565746 
31  0.078287  0.253701  0.209799  0.078287  0.138765  0.079912  0.286947  0.211325  0.215033  0.509750  0.104716  0.250921  0.210171  0.327564  0.156449  0.300497  0.478722  0.197229  0.097289  0.166781  0.106046  0.214077  0.204105  0.078287  0.391076  0.118549  0.652006  0.136797  0.367519  0.302685  0.260342 0.0  0.192809  0.285439  0.113154  0.260098  0.379867  0.283568  0.127818  0.470298  0.256398  0.312357  0.387664  0.311830  0.197024  0.272513  0.146114  0.311088  0.110611  0.365211  0.078287  0.198619  0.120521  0.385425  0.295036  0.199055  0.147633  0.346857  0.080272  0.166159  0.153425  0.229743  0.148610  0.391523  0.460208  0.383211  0.363426  0.206840  0.306060  0.340549  0.423739  0.239683  0.433792  0.238540  0.296710  0.301993  0.333009  0.123229  0.290622  0.186829  0.236888  0.175823  0.224010  0.512908  0.430817  0.266192  0.412166  0.366840  0.402365 
32  0.192116  0.203465  0.256442  0.226411  0.288736  0.422487  0.258228  0.241973  0.120443  0.722468  0.316063  0.509266  0.095076  0.533958  0.231784  0.325422  0.486098  0.436257  0.267850  0.335318  0.364726  0.574285  0.348952  0.398784  0.647567  0.559366  0.529577  0.354602  0.595505  0.196049  0.271234  0.192809 0.0  0.353642  0.330195  0.380329  0.601760  0.439871  0.250247  0.209437  0.104090  0.136626  0.641295  0.078287  0.161472  0.316796  0.276153  0.313137  0.336237  0.499892  0.382607  0.312474  0.121694  0.479379  0.456204  0.214324  0.427785  0.388371  0.234215  0.279081  0.256945  0.213879  0.354738  0.533193  0.509898  0.601023  0.373883  0.263823  0.305858  0.366427  0.524264  0.390654  0.625852  0.476859  0.212171  0.420677  0.432597  0.249965  0.410674  0.414505  0.424515  0.386873  0.331099  0.602693  0.507030  0.409243  0.700051  0.284769  0.567011 
33  0.203566  0.367238  0.274959  0.142473  0.264963  0.315679  0.311827  0.382081  0.348561  0.458462  0.170681  0.431509  0.306735  0.407398  0.168419  0.290650  0.378809  0.253680  0.356972  0.328533  0.230737  0.507534  0.143920  0.298647  0.464292  0.286443  0.431060  0.425617  0.454078  0.267896  0.322387  0.285439  0.353642 0.0  0.283900  0.425451  0.517070  0.184899  0.274389  0.485930  0.360908  0.433833  0.362303  0.429296  0.350107  0.301796  0.265815  0.254006  0.315242  0.392684  0.152811  0.195913  0.296260  0.330624  0.477722  0.160859  0.084050  0.357086  0.147458  0.317460  0.203610  0.172440  0.352398  0.604997  0.519257  0.554347  0.177418  0.360843  0.174348  0.141666  0.431120  0.335246  0.424407  0.327601  0.342120  0.315272  0.373629  0.200296  0.420336  0.338928  0.297978  0.189285  0.271162  0.545625  0.529358  0.312929  0.487059  0.346286  0.440875 
34  0.287494  0.397245  0.344995  0.156010  0.313829  0.103037  0.276305  0.282692  0.461922  0.493987  0.298060  0.187176  0.262356  0.200496  0.220291  0.078287  0.676143  0.216409  0.144895  0.078287  0.404437  0.282203  0.296386  0.250177  0.261438  0.220929  0.652049  0.078287  0.254188  0.450945  0.236887  0.113154  0.330195  0.283900 0.0  0.135773  0.311307  0.307579  0.270121  0.541332  0.394592  0.451560  0.419936  0.417468  0.374919  0.275132  0.112504  0.374924  0.202382  0.166914  0.219922  0.273313  0.226897  0.480100  0.270481  0.368067  0.333171  0.100361  0.331879  0.220944  0.320047  0.254714  0.078287  0.236466  0.361082  0.301833  0.361107  0.359011  0.282477  0.429932  0.194864  0.118315  0.259748  0.165941  0.253963  0.104061  0.211906  0.158385  0.136039  0.106513  0.092948  0.230866  0.171379  0.379511  0.392102  0.157544  0.425290  0.339695  0.313427 
35  0.375742  0.476622  0.471861  0.270702  0.300229  0.236638  0.388515  0.394252  0.491588  0.239629  0.276808  0.229669  0.398761  0.105189  0.391739  0.318051  0.654310  0.078287  0.359555  0.186839  0.458837  0.133525  0.356549  0.281941  0.182278  0.144428  0.908166  0.148778  0.199509  0.486433  0.290661  0.260098  0.380329  0.425451  0.135773 0.0  0.284103  0.389847  0.305571  0.686122  0.510152  0.482438  0.199623  0.479867  0.420880  0.419789  0.220789  0.481564  0.357982  0.078287  0.426513  0.283236  0.327592  0.604008  0.105742  0.544041  0.318047  0.120279  0.341600  0.369822  0.316481  0.511035  0.078287  0.227265  0.307675  0.274777  0.416682  0.289415  0.383474  0.534069  0.171875  0.209982  0.236942  0.098729  0.353806  0.160203  0.138850  0.320809  0.078287  0.103435  0.094201  0.145263  0.272127  0.240889  0.314778  0.105250  0.299624  0.663044  0.161872 
36  0.482122  0.623162  0.369150  0.445531  0.416937  0.361963  0.551139  0.440077  0.584993  0.078287  0.422932  0.199113  0.536566  0.092675  0.362628  0.242248  0.846010  0.310115  0.352596  0.357272  0.371519  0.078287  0.424850  0.309442  0.199683  0.201438  0.935998  0.298133  0.158068  0.622877  0.538778  0.379867  0.601760  0.517070  0.311307  0.284103 0.0  0.423097  0.380973  0.665060  0.630621  0.655173  0.097220  0.552890  0.566051  0.605341  0.338144  0.487567  0.492817  0.269733  0.486881  0.337963  0.419591  0.710817  0.128725  0.590590  0.501202  0.278187  0.449744  0.410922  0.467107  0.608707  0.280987  0.165393  0.229332  0.145571  0.520300  0.430213  0.471266  0.603692  0.169814  0.229631  0.129457  0.262427  0.421808  0.231759  0.160179  0.397341  0.223853  0.218180  0.248522  0.315524  0.462169  0.078287  0.144021  0.237262  0.078287  0.637983  0.078287 
37  0.197063  0.319363  0.269324  0.250860  0.208141  0.333692  0.244557  0.255888  0.409098  0.437339  0.102693  0.352538  0.352364  0.323771  0.228901  0.298708  0.443831  0.318030  0.242903  0.344348  0.284894  0.354308  0.179076  0.299742  0.376614  0.396313  0.516036  0.264367  0.403533  0.424796  0.294217  0.283568  0.439871  0.184899  0.307579  0.389847  0.423097 0.0  0.274771  0.548430  0.406802  0.296286  0.497387  0.411807  0.345875  0.309104  0.331179  0.296042  0.258900  0.335608  0.156635  0.198853  0.326785  0.474295  0.382338  0.279349  0.144332  0.362956  0.177485  0.183302  0.272710  0.255472  0.273756  0.479813  0.386113  0.451397  0.184094  0.294603  0.084651  0.198559  0.401371  0.278948  0.397175  0.281961  0.318801  0.361531  0.420873  0.255061  0.372164  0.376306  0.377182  0.192695  0.078287  0.401485  0.485610  0.283501  0.475825  0.279010  0.356241 
38  0.103082  0.173366  0.297064  0.128288  0.252989  0.111915  0.254175  0.146448  0.239648  0.488747  0.097313  0.285025  0.078964  0.339683  0.217932  0.173558  0.500194  0.289043  0.163519  0.147297  0.213480  0.395277  0.170450  0.103249  0.433662  0.327949  0.631188  0.185323  0.453374  0.375723  0.205483  0.127818  0.250247  0.274389  0.270121  0.305571  0.380973  0.274771 0.0  0.431598  0.376706  0.205123  0.458566  0.208848  0.078287  0.272060  0.149875  0.211834  0.173432  0.273094  0.257660  0.131095  0.078287  0.471359  0.373084  0.161456  0.145698  0.231125  0.094820  0.106356  0.094904  0.270066  0.353650  0.399678  0.584871  0.448698  0.277580  0.078287  0.188430  0.363951  0.319631  0.249899  0.437762  0.256053  0.078287  0.367731  0.378534  0.173996  0.200989  0.236401  0.271639  0.195202  0.160138  0.407592  0.472454  0.217651  0.454228  0.350325  0.323236 
39  0.409022  0.293638  0.395372  0.379942  0.344163  0.472209  0.421117  0.317501  0.266543  0.830463  0.408377  0.553970  0.387316  0.706235  0.445870  0.602908  0.424761  0.433370  0.498759  0.479498  0.443148  0.656564  0.505036  0.463241  0.697443  0.557402  0.526156  0.513482  0.696276  0.411545  0.292445  0.470298  0.209437  0.485930  0.541332  0.686122  0.665060  0.548430  0.431598 0.0  0.255804  0.143007  0.690979  0.286391  0.334802  0.426349  0.487589  0.431462  0.383288  0.529759  0.295280  0.435367  0.289820  0.671577  0.554688  0.251790  0.464311  0.584904  0.370629  0.424991  0.455915  0.422942  0.568902  0.683118  0.774524  0.644008  0.335373  0.418744  0.327353  0.642217  0.683706  0.518935  0.737268  0.636868  0.329941  0.450955  0.624182  0.538281  0.402555  0.536369  0.581804  0.569063  0.503263  0.781555  0.617673  0.443030  0.661365  0.338454  0.664725 
40  0.291469  0.204619  0.228387  0.276332  0.174672  0.454140  0.286845  0.322710  0.225751  0.652455  0.295347  0.418842  0.165512  0.530444  0.257713  0.444611  0.463133  0.429382  0.270427  0.291695  0.336366  0.520546  0.257996  0.318928  0.568841  0.410019  0.525731  0.396104  0.472750  0.226834  0.240748  0.256398  0.104090  0.360908  0.394592  0.510152  0.630621  0.406802  0.376706  0.255804 0.0  0.120255  0.669423  0.084564  0.186568  0.234768  0.372288  0.255573  0.280321  0.406611  0.354084  0.343149  0.178279  0.592021  0.543634  0.116545  0.296549  0.451571  0.319094  0.285117  0.252454  0.227631  0.303767  0.528009  0.680654  0.632752  0.259572  0.219225  0.383259  0.457487  0.514987  0.376870  0.663615  0.480398  0.187096  0.444602  0.587670  0.299166  0.565499  0.458613  0.416581  0.422088  0.315840  0.614898  0.763219  0.338085  0.539098  0.355666  0.586522 
41  0.138358  0.178006  0.283930  0.364603  0.110065  0.369654  0.115536  0.206912  0.078287  0.663880  0.352715  0.448024  0.136062  0.456904  0.321582  0.277592  0.332726  0.379484  0.212157  0.300364  0.314758  0.584256  0.285557  0.263040  0.540324  0.443085  0.588785  0.321709  0.591515  0.147731  0.203541  0.312357  0.136626  0.433833  0.451560  0.482438  0.655173  0.296286  0.205123  0.143007  0.120255 0.0  0.611551  0.169045  0.136123  0.174746  0.426253  0.340882  0.227295  0.382649  0.287983  0.316417  0.195239  0.506256  0.525150  0.178521  0.219879  0.375880  0.242862  0.150302  0.289037  0.274031  0.381389  0.532240  0.709212  0.524693  0.221300  0.220902  0.362519  0.332673  0.554344  0.389536  0.656171  0.530168  0.208951  0.347869  0.530033  0.371564  0.472822  0.438230  0.428711  0.333118  0.341086  0.599450  0.580216  0.330674  0.558760  0.287161  0.566717 
42  0.525579  0.688799  0.523155  0.506049  0.466680  0.368702  0.567955  0.469083  0.650032  0.163403  0.393442  0.284638  0.549093  0.106099  0.505968  0.355948  1.000000  0.284128  0.417108  0.336734  0.451685  0.151606  0.470129  0.433059  0.109189  0.288111  0.840892  0.258571  0.159654  0.676268  0.548777  0.387664  0.641295  0.362303  0.419936  0.199623  0.097220  0.497387  0.458566  0.690979  0.669423  0.611551 0.0  0.548693  0.550847  0.609208  0.361862  0.653149  0.435685  0.336267  0.547514  0.309026  0.455532  0.721361  0.184612  0.507738  0.455873  0.347749  0.472989  0.425102  0.462924  0.529534  0.334743  0.085382  0.078287  0.178187  0.461568  0.446272  0.624006  0.507938  0.147466  0.241031  0.209679  0.296006  0.503282  0.308523  0.174291  0.439740  0.243242  0.228071  0.203573  0.350011  0.406743  0.165638  0.078287  0.182453  0.132239  0.696292  0.205366 
43  0.240738  0.083936  0.259436  0.216664  0.168442  0.410687  0.153065  0.202383  0.155923  0.647356  0.284546  0.547138  0.119359  0.537122  0.269337  0.332616  0.376639  0.344718  0.404150  0.307212  0.354497  0.486262  0.327707  0.270194  0.617903  0.470973  0.514297  0.351002  0.517229  0.274532  0.163407  0.311830  0.078287  0.429296  0.417468  0.479867  0.552890  0.411807  0.208848  0.286391  0.084564  0.169045  0.548693 0.0  0.283952  0.242603  0.346210  0.201798  0.208195  0.531549  0.236065  0.210934  0.183826  0.428047  0.438526  0.090305  0.278314  0.403781  0.096081  0.316885  0.197017  0.286980  0.426581  0.625583  0.652688  0.554358  0.231534  0.227803  0.130360  0.359835  0.455664  0.413243  0.656011  0.304872  0.264110  0.365562  0.480946  0.351045  0.448626  0.329375  0.397168  0.360537  0.377891  0.507123  0.623878  0.355264  0.595235  0.386322  0.568619 
44  0.158966  0.188029  0.222563  0.256345  0.131212  0.303133  0.305772  0.157448  0.201637  0.495629  0.275982  0.324242  0.139856  0.400062  0.193000  0.337809  0.502461  0.236083  0.096951  0.244613  0.180845  0.513969  0.292147  0.150789  0.515457  0.342078  0.528634  0.262210  0.436589  0.303129  0.133913  0.197024  0.161472  0.350107  0.374919  0.420880  0.566051  0.345875  0.078287  0.334802  0.186568  0.136123  0.550847  0.283952 0.0  0.226033  0.206613  0.136896  0.080901  0.333640  0.220738  0.214774  0.078287  0.483902  0.432523  0.293368  0.162465  0.245359  0.103133  0.231201  0.246036  0.186156  0.266370  0.534284  0.583891  0.462129  0.350489  0.125010  0.209375  0.408311  0.439630  0.229061  0.535234  0.207811  0.144355  0.260847  0.376598  0.179658  0.310126  0.265898  0.231462  0.273366  0.309621  0.523116  0.508432  0.291528  0.540815  0.328537  0.432439 
