89
0 0.0  0.268874  0.193670  0.091313  0.182981  0.214587  0.144399  0.084463  0.300715  0.516708  0.262185  0.372420  0.193929  0.349287  0.079647  0.260006  0.510765  0.340142  0.120084  0.173430  0.069323  0.339762  0.145484  0.223834  0.479817  0.258412  0.361416  0.192661  0.361791  0.171736  0.075665  0.165462  0.277843  0.288984  0.353910  0.359378  0.508521  0.279996  0.231918  0.465337  0.217691  0.242911  0.487447  0.231801  0.105028  0.091381  0.258635  0.210072  0.092079  0.327718  0.257988  0.145457  0.162267  0.450767  0.487911  0.129801  0.250554  0.309975  0.069323  0.069323  0.069323  0.260525  0.344676  0.456986  0.514727  0.403168  0.233179  0.135227  0.219504  0.259976  0.435739  0.160546  0.432520  0.244303  0.137508  0.224374  0.354997  0.203804  0.326951  0.327315  0.230971  0.261711  0.195396  0.443621  0.519810  0.208873  0.484898  0.239607  0.379437 
1  0.268874 0.0  0.225034  0.258120  0.316156  0.350416  0.238481  0.246551  0.132685  0.626450  0.212980  0.352114  0.225830  0.583080  0.228599  0.447030  0.392398  0.370868  0.226937  0.257628  0.309622  0.607444  0.376008  0.302246  0.690441  0.372967  0.457076  0.478742  0.566615  0.069323  0.069323  0.315204  0.158167  0.320415  0.419518  0.491613  0.612125  0.378317  0.186600  0.236700  0.244466  0.069323  0.729983  0.229438  0.243089  0.207406  0.258914  0.162693  0.205669  0.529013  0.230992  0.268306  0.261200  0.511201  0.600539  0.069323  0.208380  0.465747  0.320787  0.226644  0.253680  0.186109  0.467488  0.451405  0.755816  0.599251  0.273693  0.201134  0.161916  0.274274  0.639471  0.388544  0.597842  0.447285  0.201848  0.288790  0.684355  0.294291  0.347650  0.352065  0.354713  0.363116  0.448657  0.657954  0.630775  0.394907  0.525835  0.101662  0.596591 
2  0.193670  0.225034 0.0  0.224431  0.187173  0.265152  0.101932  0.260438  0.289568  0.587359  0.159747  0.435197  0.348233  0.453765  0.148117  0.271567  0.451538  0.384616  0.236940  0.302150  0.209206  0.545538  0.171811  0.269440  0.547838  0.296265  0.490233  0.335322  0.494016  0.257512  0.069323  0.199271  0.195388  0.141648  0.388408  0.343461  0.485101  0.251808  0.246333  0.472947  0.344251  0.418081  0.599182  0.210197  0.240245  0.110425  0.282422  0.104438  0.231310  0.384025  0.069323  0.118783  0.178078  0.351924  0.441547  0.143362  0.235569  0.353447  0.182512  0.180105  0.129653  0.069323  0.408919  0.543599  0.555122  0.480299  0.069323  0.207677  0.173617  0.225777  0.483960  0.323273  0.498946  0.404468  0.165775  0.332489  0.443290  0.141525  0.419541  0.387652  0.355730  0.289880  0.270474  0.540806  0.578229  0.365408  0.680719  0.194331  0.596286 
3  0.091313  0.258120  0.224431 0.0  0.209298  0.289606  0.115558  0.313899  0.236043  0.552808  0.191196  0.345034  0.172777  0.418035  0.110882  0.114437  0.504466  0.169463  0.247938  0.188481  0.069323  0.384513  0.069323  0.135486  0.474107  0.199371  0.573713  0.175705  0.402043  0.300124  0.116955  0.189573  0.259884  0.229746  0.187860  0.373346  0.412385  0.224030  0.100778  0.431292  0.177986  0.263347  0.600247  0.198611  0.069323  0.235932  0.227978  0.201669  0.069323  0.374328  0.082072  0.175048  0.166735  0.414587  0.369685  0.169527  0.143627  0.379789  0.069323  0.069323  0.073952  0.076346  0.322520  0.364580  0.592904  0.471460  0.256954  0.069323  0.192156  0.365250  0.418915  0.254900  0.402140  0.331842  0.183511  0.252411  0.354282  0.129062  0.397324  0.211811  0.155174  0.198633  0.192156  0.482697  0.526290  0.198377  0.403995  0.282744  0.405815 
4  0.182981  0.316156  0.187173  0.209298 0.0  0.245649  0.301642  0.216985  0.295116  0.413559  0.111371  0.372095  0.236718  0.274012  0.179471  0.221979  0.501950  0.378820  0.176747  0.275333  0.136923  0.400286  0.069323  0.236789  0.539254  0.312705  0.517886  0.257823  0.371266  0.247272  0.238251  0.141949  0.328198  0.307847  0.152909  0.275016  0.409675  0.172668  0.235717  0.453500  0.306941  0.178938  0.380703  0.323413  0.189949  0.175378  0.150533  0.128457  0.080922  0.259830  0.158108  0.069323  0.157008  0.366797  0.403208  0.211374  0.134948  0.189804  0.165813  0.232231  0.069323  0.152170  0.195678  0.386917  0.538406  0.520873  0.251284  0.252154  0.188521  0.353141  0.366506  0.308617  0.424625  0.227687  0.181602  0.137497  0.401876  0.069323  0.286248  0.331275  0.305970  0.163803  0.116104  0.439889  0.430151  0.210934  0.392690  0.319199  0.321919 
5  0.214587  0.350416  0.265152  0.289606  0.245649 0.0  0.363678  0.247378  0.427614  0.343550  0.232003  0.230500  0.316663  0.353105  0.219110  0.070038  0.557869  0.099109  0.140621  0.230620  0.261937  0.171353  0.156463  0.172539  0.364254  0.069323  0.545788  0.114276  0.182909  0.451973  0.299358  0.122320  0.421893  0.413836  0.069323  0.087085  0.178090  0.315907  0.099371  0.471112  0.351112  0.443534  0.293275  0.460322  0.263686  0.385382  0.187306  0.277385  0.139002  0.118826  0.224929  0.090455  0.174902  0.545453  0.218420  0.320033  0.251750  0.114941  0.262552  0.235142  0.180434  0.207659  0.088080  0.328003  0.404641  0.337473  0.307324  0.363453  0.338430  0.320436  0.301219  0.069323  0.252839  0.069323  0.232366  0.122022  0.217898  0.247041  0.102090  0.082112  0.107524  0.138632  0.141318  0.354701  0.341100  0.189756  0.450187  0.486954  0.267324 
6  0.144399  0.238481  0.101932  0.115558  0.301642  0.363678 0.0  0.265791  0.270698  0.622682  0.206752  0.546563  0.258861  0.587327  0.145996  0.371147  0.377523  0.375408  0.283784  0.337580  0.184546  0.519813  0.216424  0.323683  0.669316  0.394010  0.410356  0.411349  0.599202  0.153243  0.164260  0.269999  0.217406  0.227965  0.367371  0.495973  0.630490  0.240982  0.228556  0.350316  0.265196  0.294194  0.577125  0.219391  0.226821  0.144284  0.339576  0.075003  0.271540  0.518558  0.069323  0.192876  0.257350  0.348291  0.494220  0.158733  0.220977  0.400153  0.137540  0.138379  0.253332  0.121563  0.380680  0.450932  0.740466  0.580894  0.153894  0.212985  0.219686  0.265736  0.489358  0.367573  0.538401  0.506286  0.204723  0.282273  0.505247  0.430604  0.496737  0.387043  0.384705  0.155174  0.190959  0.655034  0.484580  0.366309  0.597822  0.249218  0.541086 
7  0.084463  0.246551  0.260438  0.313899  0.216985  0.247378  0.265791 0.0  0.342144  0.504338  0.172056  0.281621  0.069323  0.370052  0.195084  0.190606  0.510282  0.254051  0.136159  0.289305  0.248787  0.430795  0.166399  0.165078  0.532367  0.298566  0.491268  0.207021  0.450767  0.222372  0.190387  0.125168  0.179776  0.342651  0.259667  0.343435  0.452520  0.424985  0.248714  0.321799  0.246686  0.222705  0.535239  0.187205  0.069323  0.296112  0.376940  0.239554  0.216064  0.245930  0.284308  0.259455  0.094648  0.545634  0.414984  0.164098  0.130239  0.297793  0.253187  0.069323  0.290458  0.169105  0.297157  0.378447  0.515161  0.537568  0.281077  0.142269  0.244384  0.495288  0.530089  0.184258  0.548256  0.186764  0.081779  0.256190  0.517125  0.120718  0.187949  0.213736  0.225405  0.234005  0.240924  0.535073  0.479152  0.316127  0.496778  0.292260  0.424712 
8  0.300715  0.132685  0.289568  0.236043  0.295116  0.427614  0.270698  0.342144 0.0  0.705003  0.324922  0.521315  0.171730  0.588971  0.341731  0.385457  0.381134  0.385903  0.299526  0.441957  0.294767  0.566255  0.334063  0.337860  0.562938  0.581906  0.429346  0.410179  0.587461  0.164834  0.152929  0.341053  0.138901  0.301273  0.451517  0.563826  0.631785  0.460258  0.299580  0.202628  0.158560  0.085816  0.598179  0.069323  0.207440  0.191392  0.504360  0.232769  0.265935  0.510850  0.287377  0.277908  0.308951  0.363294  0.707359  0.209111  0.280141  0.427830  0.231234  0.283949  0.326678  0.149395  0.523236  0.572702  0.747305  0.619863  0.233945  0.192078  0.271109  0.234707  0.638257  0.465682  0.679762  0.480340  0.238383  0.373824  0.527971  0.373434  0.446951  0.541773  0.455581  0.497703  0.364258  0.678615  0.665626  0.472298  0.687997  0.201664  0.664423 
9  0.516708  0.626450  0.587359  0.552808  0.413559  0.343550  0.622682  0.504338  0.705003 0.0  0.534950  0.253167  0.486339  0.246612  0.573658  0.452267  0.882898  0.437132  0.432013  0.227332  0.542449  0.196630  0.489174  0.441212  0.239954  0.291215  0.881371  0.279981  0.211334  0.688745  0.610253  0.457816  0.666482  0.521531  0.431879  0.201528  0.251241  0.391444  0.450757  0.695100  0.550410  0.676604  0.186635  0.744130  0.553527  0.580193  0.394655  0.553795  0.534192  0.192202  0.581443  0.451193  0.515995  0.643162  0.171108  0.608495  0.486815  0.378811  0.500124  0.591981  0.602472  0.624089  0.366951  0.069323  0.077105  0.086224  0.682093  0.567153  0.489305  0.567873  0.365757  0.328477  0.169558  0.366223  0.469764  0.319367  0.147700  0.382609  0.406327  0.292273  0.375064  0.347696  0.521232  0.120136  0.071530  0.238375  0.147650  0.717003  0.181267 
10  0.262185  0.212980  0.159747  0.191196  0.111371  0.232003  0.206752  0.172056  0.324922  0.534950 0.0  0.347898  0.313185  0.361738  0.132763  0.313012  0.528564  0.303790  0.306846  0.211701  0.147635  0.464056  0.153763  0.219354  0.456475  0.296248  0.543558  0.308806  0.460822  0.265543  0.081515  0.258879  0.340967  0.167092  0.297939  0.338843  0.431658  0.231877  0.146574  0.566210  0.335468  0.375610  0.411180  0.239153  0.159328  0.131530  0.300849  0.132362  0.151773  0.320111  0.127684  0.248274  0.290377  0.369067  0.323194  0.219993  0.078352  0.226223  0.069323  0.140160  0.069323  0.203728  0.262992  0.417933  0.412751  0.470597  0.187681  0.197291  0.082229  0.289663  0.450344  0.223771  0.479697  0.324306  0.173252  0.267974  0.479166  0.122038  0.358153  0.245517  0.386676  0.114821  0.152737  0.460360  0.427049  0.138708  0.355762  0.324640  0.397621 
11  0.372420  0.352114  0.435197  0.345034  0.372095  0.230500  0.546563  0.281621  0.521315  0.253167  0.347898 0.0  0.399979  0.076332  0.242141  0.069323  0.771489  0.139559  0.266905  0.356646  0.410519  0.107387  0.303345  0.180262  0.257008  0.069323  0.800040  0.172375  0.178298  0.412578  0.350515  0.217020  0.454622  0.327306  0.069323  0.069323  0.145941  0.406671  0.244454  0.491056  0.477208  0.381192  0.191492  0.442204  0.387160  0.355262  0.113803  0.389650  0.205295  0.165401  0.265617  0.240812  0.212521  0.643586  0.148967  0.425718  0.265330  0.174126  0.212782  0.259467  0.404807  0.415502  0.098363  0.195116  0.262471  0.434313  0.484310  0.340024  0.204661  0.504445  0.134927  0.239134  0.345631  0.180702  0.381389  0.124658  0.152443  0.258677  0.086228  0.091858  0.163386  0.282250  0.187122  0.198328  0.207109  0.089433  0.190680  0.516457  0.210611 
12  0.193929  0.225830  0.348233  0.172777  0.236718  0.316663  0.258861  0.069323  0.171730  0.486339  0.313185  0.399979 0.0  0.500567  0.115288  0.272016  0.472447  0.269616  0.271033  0.300805  0.229289  0.525264  0.249525  0.132269  0.520871  0.385800  0.607224  0.290780  0.510616  0.190785  0.146538  0.244350  0.069323  0.315287  0.393954  0.457661  0.501531  0.205737  0.154703  0.267284  0.146484  0.150202  0.564491  0.107217  0.197903  0.176084  0.316155  0.245050  0.255620  0.375257  0.267280  0.280874  0.081438  0.532485  0.441061  0.138032  0.326799  0.518131  0.249998  0.282475  0.285834  0.309455  0.364618  0.494349  0.678458  0.558815  0.313659  0.173967  0.325216  0.353957  0.475623  0.293858  0.553556  0.372503  0.154750  0.384920  0.502447  0.177710  0.429912  0.272397  0.377816  0.394239  0.360449  0.583842  0.453090  0.339715  0.679827  0.123289  0.658168 
13  0.349287  0.583080  0.453765  0.418035  0.274012  0.353105  0.587327  0.370052  0.588971  0.246612  0.361738  0.076332  0.500567 0.0  0.440811  0.195847  0.829861  0.167970  0.267383  0.152165  0.294949  0.069323  0.431894  0.324247  0.087319  0.225780  0.837194  0.193464  0.102927  0.616108  0.354456  0.399825  0.525612  0.494403  0.196997  0.158266  0.108395  0.287653  0.353529  0.700651  0.436739  0.527693  0.147930  0.578618  0.433535  0.450604  0.232726  0.438327  0.361190  0.230977  0.425138  0.409061  0.332784  0.614174  0.148984  0.497721  0.418140  0.304905  0.258918  0.480978  0.389052  0.346632  0.225220  0.167081  0.220623  0.160041  0.559986  0.405818  0.402920  0.477669  0.069323  0.246855  0.082389  0.138783  0.368505  0.189087  0.154250  0.360208  0.127370  0.123322  0.264053  0.234378  0.229725  0.118083  0.276631  0.197963  0.069323  0.562235  0.092373 
14  0.079647  0.228599  0.148117  0.110882  0.179471  0.219110  0.145996  0.195084  0.341731  0.573658  0.132763  0.242141  0.115288  0.440811 0.0  0.295856  0.442207  0.313344  0.184585  0.149362  0.125864  0.391600  0.159965  0.114306  0.465862  0.271586  0.504216  0.278062  0.455313  0.215604  0.069323  0.194483  0.243488  0.188372  0.216087  0.321004  0.499330  0.265441  0.142141  0.362468  0.236307  0.285229  0.430258  0.207393  0.232073  0.130285  0.125724  0.083939  0.069323  0.265950  0.197251  0.118151  0.127298  0.452290  0.375596  0.141805  0.111341  0.289642  0.094204  0.225523  0.102428  0.240940  0.250862  0.544808  0.516599  0.421514  0.087434  0.094022  0.075238  0.348889  0.368713  0.291368  0.510705  0.219180  0.150361  0.217252  0.381679  0.223008  0.283487  0.370504  0.244570  0.224619  0.232026  0.451659  0.535960  0.304868  0.425720  0.315038  0.462412 
15  0.260006  0.447030  0.271567  0.114437  0.221979  0.070038  0.371147  0.190606  0.385457  0.452267  0.313012  0.069323  0.272016  0.195847  0.295856 0.0  0.723821  0.119181  0.141484  0.069323  0.262321  0.283439  0.233015  0.256433  0.357531  0.091642  0.710598  0.147519  0.240397  0.495916  0.269933  0.211836  0.388390  0.377036  0.101635  0.213733  0.244845  0.364865  0.215703  0.542796  0.311324  0.472193  0.311037  0.342830  0.165446  0.441589  0.158788  0.323614  0.296545  0.069323  0.319263  0.188734  0.245890  0.578243  0.234924  0.291368  0.275555  0.165728  0.173353  0.255409  0.332041  0.311680  0.092280  0.265772  0.433870  0.403017  0.258040  0.306155  0.395799  0.288612  0.253927  0.126753  0.288068  0.087444  0.211423  0.125291  0.240512  0.303043  0.170889  0.153016  0.069323  0.155201  0.238012  0.213628  0.351431  0.069323  0.339162  0.579461  0.319717 
16  0.510765  0.392398  0.451538  0.504466  0.501950  0.557869  0.377523  0.510282  0.381134  0.882898  0.528564  0.771489  0.472447  0.829861  0.442207  0.723821 0.0  0.754603  0.654717  0.747662  0.465126  0.857257  0.542230  0.623141  0.908970  0.770777  0.120138  0.707015  0.826615  0.344213  0.417305  0.557826  0.283153  0.478768  0.733050  0.768626  0.927265  0.488130  0.390954  0.489888  0.443663  0.511495  0.753187  0.448218  0.412025  0.353508  0.549758  0.287835  0.539481  0.798215  0.387472  0.641653  0.429857  0.297834  0.851954  0.380139  0.558057  0.663879  0.390735  0.528341  0.475972  0.225089  0.654578  0.856032  1.000000  0.892422  0.452655  0.502534  0.352954  0.378669  0.771374  0.688350  0.786649  0.697241  0.487427  0.723903  0.831593  0.543835  0.703479  0.647264  0.788236  0.606339  0.557351  0.930498  0.957438  0.567128  0.875181  0.214282  0.849053 
17  0.340142  0.370868  0.384616  0.169463  0.378820  0.099109  0.375408  0.254051  0.385903  0.437132  0.303790  0.139559  0.269616  0.167970  0.313344  0.119181  0.754603 0.0  0.149101  0.069323  0.342925  0.257533  0.221816  0.130522  0.144510  0.069323  0.837019  0.069323  0.126166  0.492362  0.336439  0.187168  0.274916  0.355666  0.180274  0.180062  0.205253  0.407026  0.253862  0.540665  0.494000  0.454412  0.237826  0.479690  0.375630  0.448464  0.076046  0.371711  0.276620  0.147067  0.351953  0.224987  0.256515  0.661014  0.173180  0.481442  0.358011  0.131815  0.295052  0.360264  0.290144  0.245222  0.086628  0.156395  0.419739  0.251302  0.430158  0.333562  0.354654  0.528311  0.191517  0.082976  0.304284  0.075779  0.266732  0.113473  0.226824  0.298965  0.162308  0.091863  0.069323  0.288499  0.233137  0.232528  0.348743  0.218697  0.229762  0.478331  0.210344 
18  0.120084  0.226937  0.236940  0.247938  0.176747  0.140621  0.283784  0.136159  0.299526  0.432013  0.306846  0.266905  0.271033  0.267383  0.184585  0.141484  0.654717  0.149101 0.0  0.147445  0.154041  0.284485  0.147701  0.069323  0.396907  0.321368  0.575062  0.122327  0.366428  0.272030  0.162550  0.106724  0.364209  0.346546  0.070159  0.196663  0.355812  0.281819  0.153795  0.374356  0.284213  0.310809  0.496231  0.306547  0.142526  0.332011  0.153085  0.276387  0.208892  0.139833  0.240308  0.194751  0.112395  0.507162  0.269718  0.322412  0.173951  0.207023  0.263706  0.150068  0.211426  0.221126  0.233836  0.310327  0.398209  0.361932  0.327939  0.124121  0.189433  0.443831  0.356909  0.110591  0.363524  0.123245  0.232444  0.069483  0.266379  0.194863  0.153762  0.163623  0.219375  0.202932  0.134180  0.393383  0.406707  0.069323  0.373962  0.285089  0.340132 
19  0.173430  0.257628  0.302150  0.188481  0.275333  0.230620  0.337580  0.289305  0.441957  0.227332  0.211701  0.356646  0.300805  0.152165  0.149362  0.069323  0.747662  0.069323  0.147445 0.0  0.207907  0.225857  0.173760  0.118620  0.320329  0.220070  0.600193  0.143573  0.269004  0.378532  0.341484  0.090258  0.351338  0.300871  0.091203  0.242027  0.318826  0.279516  0.162271  0.546854  0.341613  0.341216  0.261390  0.282702  0.201684  0.419003  0.119198  0.287404  0.326398  0.166141  0.186936  0.160678  0.200778  0.594339  0.221748  0.272200  0.319533  0.069323  0.206714  0.287732  0.308981  0.268769  0.069323  0.272500  0.305831  0.441329  0.372620  0.157439  0.326325  0.335680  0.243475  0.107786  0.351904  0.128698  0.249443  0.088867  0.221655  0.093045  0.225366  0.107178  0.069323  0.161402  0.158131  0.414480  0.300803  0.069323  0.354704  0.395207  0.318275 
20  0.069323  0.309622  0.209206  0.069323  0.136923  0.261937  0.184546  0.248787  0.294767  0.542449  0.147635  0.410519  0.229289  0.294949  0.125864  0.262321  0.465126  0.342925  0.154041  0.207907 0.0  0.461120  0.069323  0.252514  0.541168  0.325841  0.532704  0.220763  0.529661  0.254063  0.272106  0.246128  0.253273  0.221481  0.357909  0.395372  0.468263  0.144616  0.298178  0.425659  0.409853  0.309056  0.412731  0.319357  0.223846  0.246192  0.159860  0.158642  0.070162  0.301242  0.069323  0.129098  0.343835  0.407129  0.369451  0.267320  0.069323  0.309406  0.104624  0.201984  0.069323  0.086154  0.131297  0.492323  0.520461  0.489313  0.155490  0.235901  0.114279  0.249752  0.464919  0.270144  0.425070  0.334435  0.135854  0.256658  0.398871  0.069323  0.341029  0.267095  0.328629  0.155217  0.158575  0.515486  0.639571  0.285596  0.454244  0.231355  0.396238 
21  0.339762  0.607444  0.545538  0.384513  0.400286  0.171353  0.519813  0.430795  0.566255  0.196630  0.464056  0.107387  0.525264  0.069323  0.391600  0.283439  0.857257  0.257533  0.284485  0.225857  0.461120 0.0  0.399414  0.270967  0.069323  0.194238  0.824032  0.235260  0.077226  0.499271  0.543986  0.324580  0.536066  0.475930  0.258399  0.119789  0.082812  0.495070  0.382758  0.677943  0.591078  0.521039  0.188309  0.592998  0.502428  0.537904  0.201593  0.515037  0.419734  0.114777  0.497247  0.415412  0.370707  0.647003  0.069323  0.464134  0.480646  0.200832  0.441820  0.361273  0.401819  0.540913  0.245902  0.212618  0.175139  0.159976  0.478727  0.351253  0.459773  0.547628  0.077302  0.186861  0.169640  0.255929  0.449897  0.149726  0.129066  0.369325  0.090343  0.299539  0.337414  0.234081  0.432496  0.098975  0.184930  0.232638  0.131706  0.634922  0.096767 
22  0.145484  0.376008  0.171811  0.069323  0.069323  0.156463  0.216424  0.166399  0.334063  0.489174  0.153763  0.303345  0.249525  0.431894  0.159965  0.233015  0.542230  0.221816  0.147701  0.173760  0.069323  0.399414 0.0  0.153065  0.361726  0.273524  0.461023  0.254915  0.309069  0.179635  0.089095  0.069323  0.251035  0.131324  0.306890  0.386562  0.374365  0.112910  0.249285  0.419657  0.401182  0.341117  0.432943  0.175300  0.193154  0.248283  0.244475  0.213550  0.190505  0.280829  0.069323  0.118730  0.305833  0.453820  0.328092  0.149227  0.081340  0.431614  0.103120  0.092150  0.069323  0.150208  0.263170  0.455220  0.500719  0.341227  0.265875  0.206408  0.097352  0.410941  0.448561  0.325643  0.461825  0.290493  0.307824  0.173037  0.360447  0.142069  0.376227  0.221946  0.167594  0.098746  0.198440  0.369191  0.419748  0.294571  0.426465  0.310949  0.433762 
23  0.223834  0.302246  0.269440  0.135486  0.236789  0.172539  0.323683  0.165078  0.337860  0.441212  0.219354  0.180262  0.132269  0.324247  0.114306  0.256433  0.623141  0.130522  0.069323  0.118620  0.252514  0.270967  0.153065 0.0  0.308647  0.169453  0.580866  0.252096  0.348662  0.273163  0.267514  0.069323  0.251978  0.373677  0.194816  0.264353  0.409156  0.311379  0.190619  0.374297  0.331862  0.283169  0.394885  0.266969  0.216704  0.284667  0.194034  0.222502  0.113745  0.348118  0.171318  0.136807  0.125105  0.546278  0.360739  0.334867  0.187182  0.157518  0.167130  0.161450  0.110249  0.262679  0.150279  0.375072  0.364343  0.395821  0.301822  0.069323  0.122275  0.386012  0.404234  0.119009  0.397705  0.160041  0.145081  0.213226  0.321366  0.146637  0.204812  0.208574  0.085231  0.178048  0.205938  0.341928  0.454595  0.274537  0.411376  0.305563  0.336189 
24  0.479817  0.690441  0.547838  0.474107  0.539254  0.364254  0.669316  0.532367  0.562938  0.239954  0.456475  0.257008  0.520871  0.087319  0.465862  0.357531  0.908970  0.144510  0.396907  0.320329  0.541168  0.069323  0.361726  0.308647 0.0  0.215912  0.888605  0.252058  0.157677  0.576678  0.568232  0.386694  0.577112  0.586839  0.203624  0.165554  0.080750  0.428018  0.469836  0.775055  0.651022  0.704986  0.069323  0.699611  0.494300  0.542317  0.369882  0.545670  0.551527  0.179728  0.462951  0.411234  0.627031  0.720439  0.160558  0.641738  0.377292  0.281015  0.544722  0.474514  0.450886  0.605365  0.328236  0.069323  0.154432  0.078788  0.589515  0.487172  0.528365  0.678910  0.133705  0.287730  0.069323  0.240096  0.474050  0.323734  0.132870  0.386387  0.241226  0.312611  0.236138  0.333448  0.303825  0.142262  0.115368  0.216517  0.107172  0.579348  0.069323 
25  0.258412  0.372967  0.296265  0.199371  0.312705  0.069323  0.394010  0.298566  0.581906  0.291215  0.296248  0.069323  0.385800  0.225780  0.271586  0.091642  0.770777  0.069323  0.321368  0.220070  0.325841  0.194238  0.273524  0.169453  0.215912 0.0  0.801234  0.139207  0.251869  0.458336  0.332800  0.210153  0.502276  0.429726  0.121158  0.186424  0.292012  0.310409  0.287497  0.676207  0.446080  0.352811  0.222041  0.412253  0.361325  0.527987  0.146726  0.436141  0.225976  0.208430  0.399934  0.307761  0.199264  0.614445  0.207558  0.418698  0.366171  0.198877  0.325240  0.291873  0.348684  0.469524  0.069323  0.155333  0.223868  0.224696  0.434627  0.131796  0.345365  0.511534  0.127401  0.104270  0.179989  0.194471  0.398564  0.112318  0.137885  0.203506  0.069323  0.102889  0.143128  0.225912  0.173049  0.327779  0.200233  0.121004  0.247643  0.468818  0.258017 
26  0.361416  0.457076  0.490233  0.573713  0.517886  0.545788  0.410356  0.491268  0.429346  0.881371  0.543558  0.800040  0.607224  0.837194  0.504216  0.710598  0.120138  0.837019  0.575062  0.600193  0.532704  0.824032  0.461023  0.580866  0.888605  0.801234 0.0  0.702128  0.766913  0.380376  0.564176  0.666403  0.584737  0.394816  0.681286  0.819859  0.976582  0.540004  0.590457  0.481976  0.529902  0.508310  0.852386  0.499017  0.550458  0.414713  0.579493  0.435916  0.532967  0.805860  0.533188  0.541220  0.535406  0.362740  0.871555  0.351285  0.576109  0.665028  0.545377  0.518685  0.620764  0.445968  0.676847  0.869147  0.941127  0.903389  0.370508  0.661408  0.607141  0.489889  0.893715  0.712882  0.964614  0.834878  0.602654  0.834020  0.850800  0.530262  0.828231  0.721130  0.664795  0.638669  0.451073  0.910985  0.910747  0.755390  0.880251  0.286728  0.865756 
27  0.192661  0.478742  0.335322  0.175705  0.257823  0.114276  0.411349  0.207021  0.410179  0.279981  0.308806  0.172375  0.290780  0.193464  0.278062  0.147519  0.707015  0.069323  0.122327  0.143573  0.220763  0.235260  0.254915  0.252096  0.252058  0.139207  0.702128 0.0  0.165251  0.424434  0.399627  0.133563  0.391915  0.348159  0.133766  0.166747  0.252453  0.354366  0.220352  0.631189  0.460599  0.454487  0.389862  0.390834  0.175399  0.349863  0.109853  0.305051  0.281606  0.149747  0.202941  0.211824  0.346194  0.548898  0.165518  0.369427  0.227842  0.069323  0.254937  0.147919  0.353941  0.343678  0.079291  0.228044  0.349103  0.307954  0.395259  0.069323  0.308981  0.428004  0.147143  0.069323  0.437865  0.156293  0.217710  0.158865  0.234423  0.210628  0.213954  0.069323  0.109640  0.099097  0.143396  0.329587  0.263910  0.069323  0.250074  0.496560  0.333933 
28  0.361791  0.566615  0.494016  0.402043  0.371266  0.182909  0.599202  0.450767  0.587461  0.211334  0.460822  0.178298  0.510616  0.102927  0.455313  0.240397  0.826615  0.126166  0.366428  0.269004  0.529661  0.077226  0.309069  0.348662  0.157677  0.251869  0.766913  0.165251 0.0  0.563359  0.414638  0.270322  0.665056  0.505057  0.267425  0.210394  0.184209  0.461937  0.401895  0.604277  0.485457  0.549342  0.201691  0.575598  0.506373  0.578655  0.260065  0.516241  0.472838  0.187675  0.408786  0.449827  0.459121  0.662961  0.164793  0.556724  0.443226  0.273921  0.558185  0.386308  0.514111  0.483570  0.221058  0.087344  0.181375  0.211191  0.535825  0.384817  0.387220  0.600838  0.195578  0.247608  0.069323  0.237401  0.473419  0.213785  0.169000  0.364146  0.102912  0.184456  0.122385  0.435194  0.351092  0.106035  0.119293  0.224916  0.147231  0.640419  0.069323 
29  0.171736  0.069323  0.257512  0.300124  0.247272  0.451973  0.153243  0.222372  0.164834  0.688745  0.265543  0.412578  0.190785  0.616108  0.215604  0.495916  0.344213  0.492362  0.272030  0.378532  0.254063  0.499271  0.179635  0.273163  0.576678  0.458336  0.380376  0.424434  0.563359 0.0  0.156325  0.305865  0.144041  0.238943  0.368935  0.556206  0.659991  0.291702  0.268366  0.367093  0.201198  0.204916  0.676082  0.167538  0.163357  0.169682  0.352919  0.173929  0.336923  0.432262  0.279698  0.327126  0.338299  0.487612  0.626192  0.232313  0.155638  0.414589  0.405602  0.294363  0.194896  0.168500  0.424982  0.587935  0.661168  0.660857  0.087433  0.246575  0.147040  0.354230  0.601191  0.541868  0.602400  0.292646  0.241376  0.415305  0.502076  0.237530  0.509812  0.454729  0.419171  0.359484  0.328627  0.647033  0.608793  0.514085  0.525800  0.189218  0.705504 
30  0.075665  0.069323  0.069323  0.116955  0.238251  0.299358  0.164260  0.190387  0.152929  0.610253  0.081515  0.350515  0.146538  0.354456  0.069323  0.269933  0.417305  0.336439  0.162550  0.341484  0.272106  0.543986  0.089095  0.267514  0.568232  0.332800  0.564176  0.399627  0.414638  0.156325 0.0  0.197455  0.133949  0.209498  0.253342  0.288815  0.531437  0.303306  0.189035  0.364544  0.284056  0.185424  0.471979  0.193252  0.202095  0.069323  0.264674  0.089686  0.069323  0.297651  0.224919  0.091073  0.094660  0.450039  0.410704  0.106641  0.069323  0.289331  0.069323  0.194742  0.113428  0.081055  0.314230  0.535006  0.677575  0.529097  0.252083  0.069323  0.144102  0.224482  0.414048  0.365535  0.478795  0.276285  0.093950  0.274788  0.375622  0.202600  0.420781  0.291844  0.343083  0.255185  0.218296  0.618168  0.534173  0.268629  0.501183  0.231223  0.407098 
31  0.165462  0.315204  0.199271  0.189573  0.141949  0.122320  0.269999  0.125168  0.341053  0.457816  0.258879  0.217020  0.244350  0.399825  0.194483  0.211836  0.557826  0.187168  0.106724  0.090258  0.246128  0.324580  0.069323  0.069323  0.386694  0.210153  0.666403  0.133563  0.270322  0.305865  0.197455 0.0  0.419564  0.292735  0.209823  0.158078  0.258571  0.347585  0.157039  0.442119  0.298434  0.322479  0.412331  0.256061  0.181801  0.307859  0.169111  0.164854  0.203315  0.320843  0.264401  0.094866  0.144955  0.480351  0.462227  0.403940  0.130119  0.180105  0.244393  0.143234  0.169769  0.262713  0.229744  0.352661  0.476767  0.504741  0.238938  0.123362  0.265407  0.414904  0.191561  0.235088  0.411203  0.250527  0.127395  0.117865  0.336900  0.141976  0.274083  0.177968  0.082838  0.140817  0.200609  0.388179  0.396109  0.133005  0.377836  0.391790  0.397020 
32  0.277843  0.158167  0.195388  0.259884  0.328198  0.421893  0.217406  0.179776  0.138901  0.666482  0.340967  0.454622  0.069323  0.525612  0.243488  0.388390  0.283153  0.274916  0.364209  0.351338  0.253273  0.536066  0.251035  0.251978  0.577112  0.502276  0.584737  0.391915  0.665056  0.144041  0.133949  0.419564 0.0  0.436490  0.261545  0.414312  0.518544  0.460219  0.169468  0.209623  0.174377  0.069323  0.709599  0.104713  0.230569  0.220150  0.346436  0.151926  0.295065  0.400566  0.176418  0.195122  0.170985  0.549026  0.539438  0.201351  0.224520  0.434382  0.230003  0.300797  0.235232  0.282287  0.421378  0.529219  0.628588  0.644246  0.359216  0.241745  0.193278  0.339086  0.549550  0.238795  0.576674  0.320983  0.269381  0.375351  0.488487  0.370865  0.435976  0.431047  0.361045  0.343323  0.307243  0.681112  0.640914  0.526413  0.612260  0.226578  0.697573 
33  0.288984  0.320415  0.141648  0.229746  0.307847  0.413836  0.227965  0.342651  0.301273  0.521531  0.167092  0.327306  0.315287  0.494403  0.188372  0.377036  0.478768  0.355666  0.346546  0.300871  0.221481  0.475930  0.131324  0.373677  0.586839  0.429726  0.394816  0.348159  0.505057  0.238943  0.209498  0.292735  0.436490 0.0  0.383506  0.396876  0.515060  0.174280  0.258307  0.534235  0.427372  0.399121  0.531392  0.354813  0.399880  0.200306  0.292325  0.259539  0.159172  0.540823  0.185115  0.322685  0.241639  0.425523  0.533642  0.357481  0.267281  0.361292  0.192161  0.260900  0.250267  0.275156  0.365589  0.414535  0.553700  0.566316  0.069323  0.227024  0.209103  0.078389  0.397001  0.396862  0.463730  0.308825  0.258387  0.401929  0.407334  0.236833  0.349153  0.297285  0.337060  0.160749  0.276443  0.474832  0.511627  0.334337  0.555366  0.329132  0.522160 
34  0.353910  0.419518  0.388408  0.187860  0.152909  0.069323  0.367371  0.259667  0.451517  0.431879  0.297939  0.069323  0.393954  0.196997  0.216087  0.101635  0.733050  0.180274  0.070159  0.091203  0.357909  0.258399  0.306890  0.194816  0.203624  0.121158  0.681286  0.133766  0.267425  0.368935  0.253342  0.209823  0.261545  0.383506 0.0  0.139206  0.295775  0.338239  0.203239  0.516968  0.336525  0.302230  0.319570  0.292065  0.292354  0.394981  0.195880  0.289438  0.335216  0.123806  0.250196  0.279502  0.116680  0.562604  0.248661  0.377616  0.224175  0.100256  0.203224  0.275649  0.239858  0.236268  0.069323  0.238222  0.309792  0.382081  0.234390  0.301561  0.250581  0.476553  0.218806  0.094961  0.246572  0.069323  0.345723  0.094671  0.259176  0.212145  0.164197  0.117776  0.097099  0.136067  0.160077  0.336601  0.362644  0.166811  0.338787  0.448389  0.254026 
35  0.359378  0.491613  0.343461  0.373346  0.275016  0.087085  0.495973  0.343435  0.563826  0.201528  0.338843  0.069323  0.457661  0.158266  0.321004  0.213733  0.768626  0.180062  0.196663  0.242027  0.395372  0.119789  0.386562  0.264353  0.165554  0.186424  0.819859  0.166747  0.210394  0.556206  0.288815  0.158078  0.414312  0.396876  0.139206 0.0  0.216321  0.216156  0.270032  0.598104  0.476390  0.465179  0.296372  0.508806  0.373269  0.448602  0.106389  0.481837  0.301668  0.132292  0.347789  0.241654  0.380325  0.614272  0.190362  0.478867  0.378326  0.069323  0.378447  0.384108  0.262090  0.480909  0.166935  0.274337  0.295339  0.187206  0.502543  0.387017  0.390259  0.578958  0.079058  0.141366  0.201974  0.069323  0.318971  0.137667  0.069323  0.369604  0.140456  0.069323  0.259602  0.177933  0.272600  0.221852  0.225555  0.117250  0.274569  0.494358  0.169071 
36  0.508521  0.612125  0.485101  0.412385  0.409675  0.178090  0.630490  0.452520  0.631785  0.251241  0.431658  0.145941  0.501531  0.108395  0.499330  0.244845  0.927265  0.205253  0.355812  0.318826  0.468263  0.082812  0.374365  0.409156  0.080750  0.292012  0.976582  0.252453  0.184209  0.659991  0.531437  0.258571  0.518544  0.515060  0.295775  0.216321 0.0  0.594889  0.370112  0.772668  0.604626  0.457488  0.069323  0.529062  0.453142  0.508826  0.357849  0.578076  0.408064  0.230560  0.425408  0.409543  0.527178  0.722912  0.069323  0.597216  0.377560  0.224766  0.407823  0.472463  0.429659  0.520709  0.368818  0.089385  0.096097  0.069323  0.628988  0.447944  0.544137  0.539620  0.069323  0.277136  0.183040  0.306277  0.455216  0.273455  0.090978  0.455239  0.168522  0.159366  0.211239  0.334648  0.360397  0.086516  0.069323  0.243104  0.119982  0.763159  0.106345 
37  0.279996  0.378317  0.251808  0.224030  0.172668  0.315907  0.240982  0.424985  0.460258  0.391444  0.231877  0.406671  0.205737  0.287653  0.265441  0.364865  0.488130  0.407026  0.281819  0.279516  0.144616  0.495070  0.112910  0.311379  0.428018  0.310409  0.540004  0.354366  0.461937  0.291702  0.303306  0.347585  0.460219  0.174280  0.338239  0.216156  0.594889 0.0  0.316657  0.472455  0.326149  0.411931  0.380238  0.283977  0.276301  0.302416  0.166080  0.317664  0.213099  0.356341  0.265284  0.227483  0.330107  0.347448  0.604063  0.322053  0.180747  0.309522  0.092066  0.236720  0.184620  0.093962  0.324964  0.408140  0.470027  0.603204  0.192264  0.252154  0.116202  0.273163  0.430622  0.304072  0.453188  0.317894  0.173912  0.203262  0.339360  0.177985  0.278971  0.329626  0.145656  0.181305  0.096806  0.275341  0.449523  0.274968  0.374459  0.332173  0.443334 
38  0.231918  0.186600  0.246333  0.100778  0.235717  0.099371  0.228556  0.248714  0.299580  0.450757  0.146574  0.244454  0.154703  0.353529  0.142141  0.215703  0.390954  0.253862  0.153795  0.162271  0.298178  0.382758  0.249285  0.190619  0.469836  0.287497  0.590457  0.220352  0.401895  0.268366  0.189035  0.157039  0.169468  0.258307  0.203239  0.270032  0.370112  0.316657 0.0  0.464887  0.277391  0.267862  0.508460  0.274632  0.098281  0.271159  0.214960  0.272903  0.193478  0.274801  0.250560  0.225264  0.069323  0.512601  0.333654  0.141724  0.130605  0.209598  0.074242  0.111346  0.152546  0.209356  0.287005  0.441218  0.503955  0.527780  0.271162  0.069323  0.265354  0.418480  0.398381  0.207276  0.439005  0.238351  0.126727  0.257561  0.422995  0.233663  0.325993  0.241989  0.331185  0.194128  0.179441  0.446223  0.525425  0.250629  0.423837  0.306739  0.472851 
39  0.465337  0.236700  0.472947  0.431292  0.453500  0.471112  0.350316  0.321799  0.202628  0.695100  0.566210  0.491056  0.267284  0.700651  0.362468  0.542796  0.489888  0.540665  0.374356  0.546854  0.425659  0.677943  0.419657  0.374297  0.775055  0.676207  0.481976  0.631189  0.604277  0.367093  0.364544  0.442119  0.209623  0.534235  0.516968  0.598104  0.772668  0.472455  0.464887 0.0  0.229577  0.257567  0.728728  0.315457  0.349368  0.494937  0.482354  0.441426  0.394758  0.564778  0.556243  0.504100  0.263277  0.727105  0.717286  0.298618  0.550299  0.454004  0.436022  0.354975  0.363800  0.328630  0.368899  0.787699  0.812196  0.675647  0.392767  0.398815  0.485575  0.412385  0.663634  0.610533  0.716452  0.613973  0.329608  0.513324  0.824605  0.473040  0.569075  0.570090  0.555862  0.479636  0.663200  0.795048  0.747284  0.559027  0.766584  0.369738  0.658421 
40  0.217691  0.244466  0.344251  0.177986  0.306941  0.351112  0.265196  0.246686  0.158560  0.550410  0.335468  0.477208  0.146484  0.436739  0.236307  0.311324  0.443663  0.494000  0.284213  0.341613  0.409853  0.591078  0.401182  0.331862  0.651022  0.446080  0.529902  0.460599  0.485457  0.201198  0.284056  0.298434  0.174377  0.427372  0.336525  0.476390  0.604626  0.326149  0.277391  0.229577 0.0  0.184113  0.717228  0.150319  0.313182  0.241196  0.443133  0.309521  0.342386  0.445683  0.379845  0.279361  0.189345  0.512473  0.499975  0.160146  0.168060  0.405277  0.348234  0.360915  0.225503  0.303633  0.514972  0.492151  0.681774  0.694796  0.329840  0.245225  0.255185  0.482689  0.520054  0.380397  0.649293  0.360693  0.188762  0.408880  0.491544  0.303086  0.405474  0.503992  0.553543  0.407040  0.365376  0.606143  0.647061  0.511606  0.569013  0.379059  0.564071 
41  0.242911  0.069323  0.418081  0.263347  0.178938  0.443534  0.294194  0.222705  0.085816  0.676604  0.375610  0.381192  0.150202  0.527693  0.285229  0.472193  0.511495  0.454412  0.310809  0.341216  0.309056  0.521039  0.341117  0.283169  0.704986  0.352811  0.508310  0.454487  0.549342  0.204916  0.185424  0.322479  0.069323  0.399121  0.302230  0.465179  0.457488  0.411931  0.267862  0.257567  0.184113 0.0  0.509978  0.069323  0.161831  0.186562  0.313639  0.344671  0.292125  0.464117  0.292801  0.298563  0.185936  0.513983  0.577036  0.166936  0.290530  0.381677  0.142068  0.239849  0.353076  0.272724  0.464734  0.494806  0.720027  0.644702  0.248324  0.245915  0.201619  0.344763  0.609054  0.464279  0.631114  0.455222  0.189170  0.373730  0.542850  0.336150  0.547308  0.362864  0.357191  0.467407  0.355884  0.611458  0.694381  0.399529  0.586768  0.263366  0.555056 
42  0.487447  0.729983  0.599182  0.600247  0.380703  0.293275  0.577125  0.535239  0.598179  0.186635  0.411180  0.191492  0.564491  0.147930  0.430258  0.311037  0.753187  0.237826  0.496231  0.261390  0.412731  0.188309  0.432943  0.394885  0.069323  0.222041  0.852386  0.389862  0.201691  0.676082  0.471979  0.412331  0.709599  0.531392  0.319570  0.296372  0.069323  0.380238  0.508460  0.728728  0.717228  0.509978 0.0  0.636869  0.481636  0.571925  0.336161  0.557715  0.474380  0.267712  0.516060  0.407258  0.592130  0.680006  0.196620  0.531324  0.411820  0.269950  0.385157  0.445255  0.615068  0.629765  0.282090  0.069323  0.195804  0.159063  0.605081  0.339379  0.357559  0.525134  0.279534  0.241048  0.175830  0.323661  0.500213  0.211035  0.103087  0.328279  0.220928  0.246443  0.351243  0.325581  0.502344  0.069323  0.199354  0.319498  0.069323  0.623959  0.167499 
43  0.231801  0.229438  0.210197  0.198611  0.323413  0.460322  0.219391  0.187205  0.069323  0.744130  0.239153  0.442204  0.107217  0.578618  0.207393  0.342830  0.448218  0.479690  0.306547  0.282702  0.319357  0.592998  0.175300  0.266969  0.699611  0.412253  0.499017  0.390834  0.575598  0.167538  0.193252  0.256061  0.104713  0.354813  0.292065  0.508806  0.529062  0.283977  0.274632  0.315457  0.150319  0.069323  0.636869 0.0  0.145889  0.219156  0.418883  0.153784  0.245844  0.400081  0.293300  0.273865  0.253206  0.516107  0.569351  0.217543  0.324471  0.449228  0.189370  0.226007  0.270922  0.110597  0.342757  0.653894  0.617537  0.676148  0.328302  0.134279  0.219863  0.495876  0.557412  0.520985  0.602198  0.418764  0.209621  0.436277  0.485697  0.445991  0.433913  0.450076  0.302280  0.315585  0.240105  0.626474  0.671672  0.484831  0.641775  0.175659  0.654279 
44  0.105028  0.243089  0.240245  0.069323  0.189949  0.263686  0.226821  0.069323  0.207440  0.553527  0.159328  0.387160  0.197903  0.433535  0.232073  0.165446  0.412025  0.375630  0.142526  0.201684  0.223846  0.502428  0.193154  0.216704  0.494300  0.361325  0.550458  0.175399  0.506373  0.163357  0.202095  0.181801  0.230569  0.399880  0.292354  0.373269  0.453142  0.276301  0.098281  0.349368  0.313182  0.161831  0.481636  0.145889 0.0  0.360171  0.227942  0.079716  0.213144  0.418180  0.272479  0.154573  0.069323  0.565355  0.538324  0.191792  0.219618  0.315475  0.123674  0.181243  0.240126  0.240065  0.302519  0.487184  0.480504  0.464888  0.270704  0.158880  0.281267  0.318022  0.438054  0.214851  0.405380  0.310915  0.086486  0.297167  0.463133  0.235264  0.398564  0.247403  0.131110  0.227476  0.248773  0.518718  0.567716  0.301591  0.467009  0.315397  0.461493 
