89
0 0.0  0.136782  0.079814  0.117489  0.204198  0.159744  0.273697  0.160475  0.295755  0.543310  0.093916  0.258301  0.108470  0.367327  0.101805  0.285436  0.471609  0.242987  0.199312  0.179833  0.168797  0.440290  0.171193  0.155932  0.413554  0.301740  0.567088  0.274765  0.430965  0.204325  0.196190  0.102582  0.220514  0.304002  0.351862  0.381537  0.433586  0.302112  0.123127  0.459316  0.255213  0.308942  0.538837  0.257575  0.238365  0.158028  0.183056  0.079814  0.149632  0.275994  0.185546  0.215033  0.171979  0.451499  0.474407  0.323797  0.186082  0.206820  0.136495  0.179335  0.133978  0.177826  0.270053  0.452655  0.463526  0.420804  0.234826  0.172554  0.081571  0.389678  0.481304  0.201714  0.497437  0.316762  0.129689  0.201137  0.433077  0.149719  0.325630  0.235168  0.209240  0.254686  0.155620  0.537313  0.396534  0.251496  0.512677  0.324028  0.395556 
1  0.136782 0.0  0.133903  0.255564  0.264598  0.327166  0.269669  0.198886  0.181036  0.575764  0.329499  0.474656  0.257965  0.648778  0.174317  0.364333  0.532738  0.445756  0.303109  0.378319  0.362392  0.500074  0.232099  0.211852  0.596892  0.452700  0.457634  0.343386  0.620179  0.079814  0.233490  0.360026  0.121281  0.204679  0.290416  0.423203  0.596469  0.390706  0.260647  0.344994  0.160951  0.261186  0.594210  0.079814  0.198932  0.079814  0.403351  0.133531  0.295614  0.453504  0.295998  0.245276  0.242416  0.349662  0.501509  0.163601  0.277010  0.420598  0.240561  0.103577  0.266210  0.170854  0.327773  0.578802  0.693897  0.600422  0.195231  0.102963  0.215252  0.296193  0.543809  0.397124  0.482384  0.359721  0.259626  0.489715  0.498492  0.235997  0.543844  0.369430  0.405342  0.433693  0.304708  0.616167  0.653638  0.371148  0.581108  0.193055  0.689637 
2  0.079814  0.133903 0.0  0.228571  0.240515  0.252159  0.140467  0.136343  0.208483  0.617249  0.079814  0.528418  0.204554  0.501559  0.142481  0.310998  0.404848  0.417020  0.200915  0.349730  0.097692  0.467169  0.209312  0.317035  0.686731  0.459412  0.506193  0.454807  0.632493  0.232940  0.192691  0.297848  0.300713  0.210764  0.287698  0.444297  0.626584  0.215275  0.242007  0.299852  0.309040  0.300785  0.604184  0.153996  0.255009  0.094811  0.266806  0.137439  0.162538  0.433802  0.103767  0.182372  0.310718  0.329097  0.465801  0.176371  0.140808  0.260802  0.136572  0.189464  0.098603  0.079814  0.326525  0.470254  0.577346  0.473514  0.144294  0.232929  0.119209  0.105098  0.458575  0.392249  0.611434  0.402302  0.175826  0.363747  0.438670  0.237773  0.364186  0.317984  0.334038  0.323607  0.282044  0.508681  0.668053  0.256318  0.561284  0.337358  0.564446 
3  0.117489  0.255564  0.228571 0.0  0.100776  0.230373  0.178563  0.246673  0.371806  0.523172  0.150815  0.367476  0.133519  0.446668  0.079814  0.296996  0.525355  0.294666  0.251442  0.208053  0.079814  0.452135  0.095305  0.223978  0.492247  0.348241  0.527839  0.233261  0.386150  0.286020  0.115860  0.124886  0.245409  0.248994  0.237980  0.248276  0.327102  0.246191  0.095318  0.448446  0.225580  0.248284  0.482533  0.292782  0.214717  0.177220  0.261878  0.237256  0.103264  0.263846  0.095830  0.139126  0.284482  0.431881  0.459488  0.211866  0.079814  0.296671  0.079814  0.100765  0.217473  0.158342  0.219709  0.454947  0.514054  0.438128  0.173189  0.114781  0.185706  0.293421  0.392624  0.231397  0.449373  0.339029  0.136885  0.293761  0.500648  0.129870  0.215560  0.237843  0.228860  0.186423  0.263496  0.506353  0.494832  0.290885  0.552002  0.224226  0.436175 
4  0.204198  0.264598  0.240515  0.100776 0.0  0.200492  0.277625  0.130172  0.287118  0.474687  0.196841  0.246266  0.237876  0.320494  0.128021  0.209454  0.480545  0.275658  0.163044  0.263329  0.150013  0.406426  0.082097  0.118219  0.456879  0.251001  0.583451  0.224723  0.377569  0.242784  0.079814  0.165990  0.339159  0.245315  0.251494  0.254545  0.410867  0.205591  0.107776  0.490982  0.255245  0.166411  0.389669  0.185837  0.184414  0.260340  0.169666  0.240737  0.226000  0.383898  0.079814  0.159279  0.095632  0.445455  0.535485  0.211818  0.079814  0.264444  0.079814  0.158291  0.114843  0.269866  0.210927  0.541675  0.416341  0.466374  0.200827  0.160123  0.079814  0.240361  0.364070  0.241492  0.501693  0.312902  0.202517  0.264237  0.320168  0.081795  0.262199  0.208600  0.306864  0.097441  0.164915  0.441796  0.354964  0.181634  0.528402  0.359108  0.513136 
5  0.159744  0.327166  0.252159  0.230373  0.200492 0.0  0.230342  0.185126  0.320321  0.291932  0.172492  0.190561  0.262721  0.204526  0.344867  0.079814  0.521959  0.107595  0.129839  0.079814  0.319141  0.309069  0.185472  0.095980  0.314880  0.271368  0.649219  0.079814  0.249810  0.435919  0.387066  0.236820  0.312925  0.447558  0.197891  0.211791  0.276215  0.400066  0.207591  0.613740  0.401076  0.377650  0.315471  0.347227  0.309967  0.376171  0.226503  0.300664  0.273497  0.194346  0.258565  0.223408  0.177828  0.599696  0.321113  0.383518  0.357082  0.106047  0.260590  0.300613  0.317562  0.387719  0.079814  0.297695  0.304655  0.389364  0.393994  0.164527  0.285859  0.417339  0.219128  0.079814  0.258146  0.085127  0.238580  0.079814  0.157164  0.159809  0.161287  0.079814  0.079814  0.219307  0.263638  0.316488  0.289514  0.175486  0.422641  0.452892  0.250271 
6  0.273697  0.269669  0.140467  0.178563  0.277625  0.230342 0.0  0.235833  0.187923  0.574792  0.263460  0.363082  0.232727  0.501698  0.250611  0.363210  0.290468  0.348906  0.198291  0.484623  0.276533  0.583089  0.220982  0.366578  0.586085  0.361590  0.337802  0.301974  0.530015  0.163750  0.114314  0.243777  0.246573  0.102198  0.442262  0.499861  0.533646  0.330169  0.299234  0.438392  0.303455  0.286492  0.519297  0.190140  0.323916  0.079814  0.409792  0.159048  0.250337  0.525167  0.220325  0.227239  0.292481  0.446931  0.503052  0.079814  0.334688  0.432163  0.169377  0.262510  0.227919  0.148863  0.332235  0.460632  0.592381  0.510122  0.159660  0.246506  0.157459  0.280199  0.524708  0.372601  0.535982  0.380187  0.269906  0.367151  0.469627  0.290478  0.449375  0.413186  0.454393  0.246513  0.176126  0.473199  0.541301  0.310018  0.465833  0.113598  0.553998 
7  0.160475  0.198886  0.136343  0.246673  0.130172  0.185126  0.235833 0.0  0.239922  0.467866  0.181758  0.272763  0.209554  0.431429  0.113354  0.186386  0.509737  0.299732  0.081791  0.142088  0.215567  0.347973  0.253518  0.109721  0.497331  0.388416  0.638810  0.230369  0.397872  0.318233  0.138700  0.199754  0.218635  0.232724  0.214860  0.282330  0.421760  0.305791  0.084591  0.332047  0.182419  0.128870  0.528529  0.211517  0.084284  0.293794  0.138979  0.192925  0.217751  0.432442  0.253686  0.217510  0.130910  0.500448  0.409126  0.141927  0.302023  0.186866  0.114814  0.130040  0.109162  0.228789  0.241333  0.473404  0.437010  0.454271  0.360840  0.151053  0.254500  0.362130  0.465372  0.332999  0.475319  0.355700  0.113943  0.200716  0.429034  0.223968  0.390423  0.385727  0.264242  0.165145  0.297335  0.487877  0.540274  0.248250  0.503433  0.437896  0.431708 
8  0.295755  0.181036  0.208483  0.371806  0.287118  0.320321  0.187923  0.239922 0.0  0.790852  0.353087  0.519137  0.118460  0.447019  0.248345  0.392208  0.427166  0.477193  0.271186  0.485099  0.322347  0.535586  0.401587  0.313402  0.637246  0.467037  0.508588  0.440671  0.554329  0.095070  0.289652  0.310849  0.140235  0.386160  0.428539  0.579551  0.636853  0.417802  0.221421  0.139977  0.128306  0.079814  0.594645  0.134468  0.313722  0.210190  0.345002  0.190423  0.254399  0.460555  0.302385  0.248267  0.299847  0.447325  0.612126  0.277861  0.280371  0.470764  0.337694  0.312958  0.171555  0.274236  0.410354  0.643042  0.693805  0.603152  0.262172  0.269376  0.318724  0.400424  0.545609  0.295978  0.683635  0.431238  0.204007  0.434384  0.530864  0.348717  0.461717  0.409462  0.337678  0.413460  0.359393  0.624185  0.600679  0.486424  0.650659  0.217736  0.652124 
9  0.543310  0.575764  0.617249  0.523172  0.474687  0.291932  0.574792  0.467866  0.790852 0.0  0.487881  0.339769  0.693933  0.266842  0.600869  0.351643  0.862206  0.391181  0.387860  0.342649  0.448290  0.194047  0.339636  0.462174  0.202951  0.306655  0.819024  0.262429  0.225301  0.749183  0.539431  0.342048  0.727876  0.535735  0.523425  0.250575  0.100887  0.445146  0.516977  0.756153  0.682878  0.811225  0.210713  0.743715  0.568701  0.780209  0.398694  0.543616  0.587221  0.291371  0.438553  0.453368  0.540772  0.797966  0.192411  0.662654  0.548897  0.353475  0.423090  0.643107  0.520246  0.601510  0.325115  0.144627  0.079814  0.145753  0.558534  0.487982  0.587373  0.622949  0.317960  0.351263  0.163529  0.221647  0.553040  0.395529  0.157178  0.446805  0.275486  0.420699  0.294078  0.366997  0.451996  0.130275  0.207505  0.336891  0.171190  0.780358  0.090950 
10  0.093916  0.329499  0.079814  0.150815  0.196841  0.172492  0.263460  0.181758  0.353087  0.487881 0.0  0.383807  0.189165  0.372646  0.127850  0.265615  0.507841  0.254746  0.204033  0.281899  0.079814  0.244228  0.156369  0.199992  0.524031  0.268717  0.605145  0.166928  0.370249  0.249625  0.172616  0.116031  0.290724  0.218979  0.185773  0.418284  0.437606  0.256829  0.193676  0.432445  0.430506  0.269948  0.479210  0.298997  0.292742  0.321910  0.202723  0.161657  0.118806  0.350023  0.079814  0.079814  0.256666  0.473440  0.477232  0.264324  0.154676  0.254848  0.186967  0.106393  0.178990  0.147637  0.231001  0.357075  0.437392  0.410059  0.317104  0.198867  0.240515  0.326061  0.391011  0.263090  0.409905  0.265104  0.117428  0.334068  0.451421  0.159430  0.369665  0.199223  0.377032  0.163983  0.202548  0.506658  0.375488  0.274346  0.405531  0.309294  0.392722 
11  0.258301  0.474656  0.528418  0.367476  0.246266  0.190561  0.363082  0.272763  0.519137  0.339769  0.383807 0.0  0.486277  0.116216  0.284895  0.289799  0.678228  0.079814  0.230330  0.246880  0.315094  0.264925  0.192000  0.329198  0.249062  0.137049  0.834954  0.151481  0.213023  0.612670  0.395112  0.214013  0.492539  0.358112  0.199176  0.079814  0.250350  0.355219  0.264018  0.582230  0.539138  0.521501  0.401024  0.476628  0.278983  0.420559  0.223715  0.438488  0.346286  0.118925  0.300497  0.299858  0.347148  0.625667  0.132377  0.474381  0.218539  0.079814  0.443507  0.217294  0.357707  0.402812  0.169302  0.206153  0.288181  0.186487  0.391455  0.338587  0.354749  0.357592  0.111067  0.202128  0.255899  0.141180  0.232176  0.105926  0.167149  0.234981  0.130486  0.173896  0.099354  0.162357  0.088808  0.238073  0.230222  0.163052  0.253484  0.526633  0.222376 
12  0.108470  0.257965  0.204554  0.133519  0.237876  0.262721  0.232727  0.209554  0.118460  0.693933  0.189165  0.486277 0.0  0.481722  0.258685  0.259270  0.432136  0.372659  0.285672  0.379437  0.260432  0.486184  0.294585  0.215710  0.598197  0.329162  0.570653  0.348463  0.491443  0.239064  0.091138  0.187985  0.232084  0.378815  0.341875  0.381401  0.442380  0.366448  0.214405  0.360390  0.152300  0.079814  0.546352  0.084091  0.079814  0.164880  0.242338  0.193884  0.216652  0.362497  0.239348  0.214862  0.079814  0.455667  0.431303  0.082023  0.202167  0.440099  0.158255  0.130034  0.219357  0.156806  0.282558  0.524575  0.550329  0.620984  0.287315  0.161665  0.232130  0.247358  0.523415  0.339286  0.543650  0.374375  0.123055  0.376718  0.577730  0.262690  0.309855  0.284878  0.352756  0.339277  0.374417  0.636325  0.478009  0.360883  0.534768  0.313768  0.499090 
13  0.367327  0.648778  0.501559  0.446668  0.320494  0.204526  0.501698  0.431429  0.447019  0.266842  0.372646  0.116216  0.481722 0.0  0.386794  0.290977  0.910187  0.218016  0.426984  0.287696  0.410403  0.079814  0.368409  0.318729  0.085171  0.129311  0.815174  0.285168  0.146113  0.492328  0.459817  0.341375  0.375889  0.496275  0.229657  0.130385  0.212922  0.482467  0.316953  0.722705  0.631825  0.584091  0.118151  0.388183  0.312476  0.453023  0.310233  0.320161  0.286248  0.208204  0.367975  0.395878  0.418893  0.648281  0.130615  0.519936  0.377720  0.183904  0.454514  0.291515  0.403621  0.442135  0.079814  0.154794  0.305740  0.182504  0.515877  0.383522  0.392100  0.481714  0.169677  0.228028  0.186799  0.241494  0.292496  0.079814  0.199287  0.233260  0.243087  0.179819  0.143018  0.314153  0.314984  0.240577  0.280436  0.190790  0.130248  0.654975  0.162781 
14  0.101805  0.174317  0.142481  0.079814  0.128021  0.344867  0.250611  0.113354  0.248345  0.600869  0.127850  0.284895  0.258685  0.386794 0.0  0.249137  0.477533  0.253480  0.141895  0.283894  0.141211  0.443529  0.079814  0.205668  0.399025  0.249842  0.660724  0.142631  0.440857  0.196457  0.120381  0.201039  0.276250  0.239257  0.288223  0.314415  0.465571  0.206581  0.217499  0.462263  0.245041  0.178627  0.426569  0.250522  0.235278  0.126709  0.165708  0.079814  0.079814  0.378207  0.140894  0.079814  0.187820  0.357557  0.424718  0.222235  0.131685  0.193090  0.128725  0.100582  0.093359  0.093279  0.280343  0.419979  0.506562  0.549372  0.230505  0.216157  0.079814  0.190652  0.460554  0.306001  0.422227  0.269182  0.162681  0.211725  0.490986  0.127801  0.327755  0.313826  0.339307  0.234887  0.248027  0.511195  0.416922  0.356007  0.433353  0.238884  0.345317 
15  0.285436  0.364333  0.310998  0.296996  0.209454  0.079814  0.363210  0.186386  0.392208  0.351643  0.265615  0.289799  0.259270  0.290977  0.249137 0.0  0.587257  0.114359  0.171700  0.079814  0.363260  0.138027  0.294919  0.151806  0.256915  0.109882  0.704391  0.138562  0.322260  0.460373  0.316316  0.164568  0.428083  0.408584  0.079814  0.159331  0.295686  0.345361  0.225546  0.563653  0.296997  0.347362  0.341015  0.437483  0.327803  0.414833  0.087942  0.356197  0.201522  0.167834  0.345300  0.199155  0.279568  0.661570  0.213653  0.310717  0.224298  0.079814  0.335449  0.235455  0.260064  0.499956  0.079814  0.238838  0.394187  0.397737  0.304909  0.215911  0.372434  0.458548  0.291891  0.181657  0.236713  0.219994  0.319275  0.115858  0.206847  0.109535  0.152639  0.098460  0.079814  0.204764  0.298431  0.354209  0.310653  0.094359  0.384888  0.471722  0.356384 
16  0.471609  0.532738  0.404848  0.525355  0.480545  0.521959  0.290468  0.509737  0.427166  0.862206  0.507841  0.678228  0.432136  0.910187  0.477533  0.587257 0.0  0.719491  0.563834  0.666844  0.494518  0.730505  0.560468  0.491476  0.948955  0.718566  0.115533  0.659396  0.913817  0.339123  0.361621  0.651224  0.406028  0.543998  0.618062  0.861328  0.853778  0.561685  0.480144  0.452570  0.360359  0.443461  0.769578  0.390714  0.544108  0.375827  0.523734  0.488397  0.546325  0.661244  0.454066  0.533135  0.520136  0.419878  0.846603  0.407221  0.531037  0.674891  0.455854  0.488564  0.529676  0.222443  0.682383  0.874366  0.913895  0.895334  0.426752  0.604238  0.472394  0.388772  0.880825  0.574865  0.969889  0.742898  0.478501  0.778365  0.850535  0.579392  0.713566  0.684060  0.727796  0.509814  0.563640  1.000000  0.901042  0.722227  0.896114  0.280483  0.848196 
17  0.242987  0.445756  0.417020  0.294666  0.275658  0.107595  0.348906  0.299732  0.477193  0.391181  0.254746  0.079814  0.372659  0.218016  0.253480  0.114359  0.719491 0.0  0.249752  0.164028  0.279483  0.150800  0.345803  0.124976  0.218034  0.079814  0.791371  0.088304  0.229405  0.451893  0.365577  0.278751  0.297878  0.404806  0.144900  0.079814  0.316211  0.378839  0.178932  0.610425  0.393607  0.372807  0.197324  0.386603  0.343293  0.328608  0.111337  0.240050  0.386068  0.163223  0.332464  0.370014  0.306253  0.659750  0.218504  0.430006  0.312269  0.188516  0.297575  0.314127  0.300501  0.300290  0.100421  0.144740  0.246374  0.249483  0.455823  0.388247  0.369120  0.337822  0.182790  0.079814  0.371961  0.079814  0.273227  0.159777  0.290468  0.124233  0.221633  0.079814  0.079814  0.206558  0.243094  0.239907  0.281391  0.119880  0.313527  0.564803  0.328153 
18  0.199312  0.303109  0.200915  0.251442  0.163044  0.129839  0.198291  0.081791  0.271186  0.387860  0.204033  0.230330  0.285672  0.426984  0.141895  0.171700  0.563834  0.249752 0.0  0.129760  0.199651  0.314641  0.225980  0.079814  0.357462  0.220109  0.574052  0.104071  0.264018  0.384148  0.295426  0.197082  0.273469  0.293226  0.167138  0.222804  0.536428  0.322188  0.130650  0.471033  0.393377  0.333641  0.445849  0.274924  0.154438  0.328885  0.121001  0.283934  0.232164  0.222948  0.250447  0.203418  0.149914  0.456969  0.344925  0.169276  0.148412  0.173964  0.213806  0.166950  0.169573  0.195153  0.139810  0.322211  0.485160  0.480746  0.243034  0.086708  0.330641  0.235604  0.470989  0.233856  0.376289  0.169525  0.079814  0.157803  0.208024  0.126638  0.325510  0.131799  0.185465  0.206778  0.160722  0.442551  0.351891  0.181794  0.348576  0.390310  0.464954 
19  0.179833  0.378319  0.349730  0.208053  0.263329  0.079814  0.484623  0.142088  0.485099  0.342649  0.281899  0.246880  0.379437  0.287696  0.283894  0.079814  0.666844  0.164028  0.129760 0.0  0.255969  0.302196  0.269831  0.079814  0.332370  0.079814  0.607619  0.155904  0.318347  0.383756  0.363537  0.197235  0.248650  0.416668  0.079814  0.151870  0.313177  0.339681  0.243951  0.558908  0.337619  0.389935  0.276359  0.370389  0.236490  0.328361  0.114596  0.229010  0.144253  0.248145  0.220747  0.167485  0.246992  0.532632  0.235391  0.239018  0.205490  0.195820  0.218329  0.255161  0.292016  0.289344  0.079814  0.380706  0.465574  0.429392  0.463892  0.272022  0.227309  0.347055  0.335912  0.153312  0.328418  0.122191  0.268312  0.230647  0.248234  0.279955  0.161629  0.208470  0.200857  0.144803  0.149425  0.427363  0.406155  0.168907  0.338224  0.446344  0.366812 
20  0.168797  0.362392  0.097692  0.079814  0.150013  0.319141  0.276533  0.215567  0.322347  0.448290  0.079814  0.315094  0.260432  0.410403  0.141211  0.363260  0.494518  0.279483  0.199651  0.255969 0.0  0.494970  0.142400  0.246298  0.482758  0.323946  0.552392  0.265836  0.435248  0.158221  0.198822  0.095119  0.244163  0.220235  0.290361  0.395482  0.449916  0.101872  0.136439  0.452014  0.287992  0.307989  0.454547  0.258026  0.288832  0.263117  0.257997  0.174805  0.184901  0.325967  0.105814  0.079814  0.141440  0.351725  0.419162  0.236112  0.097713  0.356895  0.189138  0.172996  0.108526  0.120560  0.291297  0.404836  0.622315  0.473322  0.191671  0.266348  0.079814  0.231223  0.546592  0.205161  0.585943  0.260016  0.167997  0.144697  0.450877  0.185348  0.303532  0.206922  0.234609  0.276652  0.207306  0.433906  0.472521  0.204612  0.418226  0.206017  0.509162 
21  0.440290  0.500074  0.467169  0.452135  0.406426  0.309069  0.583089  0.347973  0.535586  0.194047  0.244228  0.264925  0.486184  0.079814  0.443529  0.138027  0.730505  0.150800  0.314641  0.302196  0.494970 0.0  0.389929  0.455358  0.157472  0.234092  0.957009  0.228343  0.134687  0.540953  0.436283  0.299459  0.492563  0.473787  0.303429  0.167780  0.206758  0.459145  0.303692  0.689118  0.551212  0.580740  0.271306  0.559200  0.368016  0.483302  0.271570  0.420458  0.390646  0.144894  0.436203  0.359317  0.494049  0.752463  0.120722  0.501040  0.539784  0.219133  0.426255  0.448322  0.499567  0.456736  0.167005  0.163045  0.183117  0.224470  0.444207  0.443943  0.471535  0.428391  0.079814  0.317121  0.126268  0.145561  0.356225  0.242538  0.249532  0.396305  0.297671  0.214399  0.197858  0.247761  0.367372  0.156406  0.135244  0.200208  0.242981  0.664516  0.153219 
22  0.171193  0.232099  0.209312  0.095305  0.082097  0.185472  0.220982  0.253518  0.401587  0.339636  0.156369  0.192000  0.294585  0.368409  0.079814  0.294919  0.560468  0.345803  0.225980  0.269831  0.142400  0.389929 0.0  0.196035  0.419502  0.342899  0.470965  0.247542  0.379895  0.298093  0.184382  0.079814  0.270747  0.254346  0.274127  0.362259  0.447660  0.196480  0.136449  0.509327  0.315269  0.342676  0.441335  0.256865  0.239769  0.162585  0.153180  0.133149  0.171658  0.326870  0.198311  0.172493  0.116490  0.521694  0.382280  0.214609  0.119915  0.245236  0.141534  0.164344  0.137105  0.094228  0.226850  0.319038  0.339277  0.498839  0.305981  0.244313  0.106634  0.208810  0.444308  0.274061  0.357381  0.130961  0.213866  0.294713  0.381025  0.167229  0.294446  0.237576  0.270048  0.178841  0.169419  0.331659  0.523691  0.131081  0.453332  0.206843  0.294634 
23  0.155932  0.211852  0.317035  0.223978  0.118219  0.095980  0.366578  0.109721  0.313402  0.462174  0.199992  0.329198  0.215710  0.318729  0.205668  0.151806  0.491476  0.124976  0.079814  0.079814  0.246298  0.455358  0.196035 0.0  0.439745  0.289294  0.479875  0.189704  0.453769  0.401320  0.311202  0.152022  0.330779  0.324524  0.172741  0.246721  0.268070  0.312573  0.110113  0.428186  0.334575  0.212729  0.494436  0.288653  0.285807  0.219472  0.092037  0.179139  0.185744  0.195152  0.216090  0.180877  0.141197  0.518252  0.308534  0.279228  0.203725  0.352614  0.093581  0.195813  0.232197  0.242731  0.128884  0.476510  0.419990  0.380078  0.333167  0.088032  0.138543  0.377785  0.326122  0.110178  0.241083  0.263266  0.079814  0.195948  0.329833  0.245150  0.347785  0.252371  0.304813  0.187387  0.168014  0.383420  0.478169  0.172907  0.457258  0.476002  0.337123 
24  0.413554  0.596892  0.686731  0.492247  0.456879  0.314880  0.586085  0.497331  0.637246  0.202951  0.524031  0.249062  0.598197  0.085171  0.399025  0.256915  0.948955  0.218034  0.357462  0.332370  0.482758  0.157472  0.419502  0.439745 0.0  0.256773  0.854656  0.384732  0.079814  0.561387  0.493922  0.411155  0.688408  0.567570  0.410947  0.150618  0.103790  0.423694  0.342140  0.838195  0.592115  0.706488  0.156433  0.606021  0.544815  0.631410  0.379723  0.580324  0.445030  0.160277  0.326998  0.420182  0.430984  0.769055  0.123386  0.566656  0.476041  0.220210  0.448181  0.572156  0.456968  0.583691  0.262449  0.108811  0.142373  0.079814  0.590239  0.514882  0.559422  0.557298  0.236614  0.295813  0.116989  0.250120  0.482028  0.242254  0.219506  0.365969  0.189433  0.355021  0.359102  0.363766  0.361232  0.079814  0.111526  0.275224  0.094297  0.642102  0.151153 
25  0.301740  0.452700  0.459412  0.348241  0.251001  0.271368  0.361590  0.388416  0.467037  0.306655  0.268717  0.137049  0.329162  0.129311  0.249842  0.109882  0.718566  0.079814  0.220109  0.079814  0.323946  0.234092  0.342899  0.289294  0.256773 0.0  0.807655  0.097360  0.232950  0.471098  0.401871  0.236582  0.466477  0.460386  0.170581  0.079814  0.143907  0.209906  0.266880  0.632822  0.489719  0.433307  0.381807  0.464140  0.334226  0.455292  0.133775  0.360952  0.368125  0.138925  0.283070  0.315305  0.273772  0.630075  0.172649  0.453942  0.346603  0.160415  0.302968  0.323344  0.282162  0.538324  0.093731  0.304545  0.353526  0.230395  0.446360  0.257514  0.403400  0.479331  0.280031  0.138268  0.225727  0.079814  0.320826  0.080573  0.263704  0.348850  0.079814  0.145773  0.206340  0.194441  0.233504  0.226639  0.299467  0.131228  0.177788  0.557153  0.289915 
26  0.567088  0.457634  0.506193  0.527839  0.583451  0.649219  0.337802  0.638810  0.508588  0.819024  0.605145  0.834954  0.570653  0.815174  0.660724  0.704391  0.115533  0.791371  0.574052  0.607619  0.552392  0.957009  0.470965  0.479875  0.854656  0.807655 0.0  0.694238  0.797526  0.387856  0.547226  0.642385  0.586948  0.494114  0.762265  0.816723  0.840945  0.482694  0.637207  0.558232  0.563941  0.516992  0.901377  0.473374  0.634457  0.450410  0.606837  0.367142  0.486281  0.750264  0.604520  0.550773  0.525020  0.455581  0.872385  0.450885  0.614174  0.913225  0.487857  0.640164  0.541726  0.381727  0.705744  0.821984  0.876988  0.914518  0.439390  0.482259  0.507660  0.454298  0.805946  0.645120  0.967457  0.724875  0.592590  0.639280  0.789158  0.509547  0.807718  0.759204  0.811265  0.599992  0.722273  0.834419  0.916936  0.799252  0.890729  0.388874  0.871746 
27  0.274765  0.343386  0.454807  0.233261  0.224723  0.079814  0.301974  0.230369  0.440671  0.262429  0.166928  0.151481  0.348463  0.285168  0.142631  0.138562  0.659396  0.088304  0.104071  0.155904  0.265836  0.228343  0.247542  0.189704  0.384732  0.097360  0.694238 0.0  0.299208  0.345377  0.368211  0.137480  0.365119  0.301196  0.079814  0.325864  0.355889  0.380745  0.308165  0.485524  0.514675  0.375787  0.330825  0.420384  0.401548  0.418100  0.089212  0.238516  0.209228  0.162310  0.341153  0.253557  0.202178  0.536976  0.274076  0.352659  0.242864  0.079814  0.259715  0.377879  0.256838  0.340939  0.089232  0.343601  0.398311  0.312378  0.397113  0.220693  0.335086  0.435024  0.199451  0.079814  0.223679  0.166434  0.358468  0.166222  0.185088  0.139400  0.134406  0.079814  0.210602  0.309424  0.244203  0.227695  0.258014  0.153925  0.285150  0.468802  0.290760 
28  0.430965  0.620179  0.632493  0.386150  0.377569  0.249810  0.530015  0.397872  0.554329  0.225301  0.370249  0.213023  0.491443  0.146113  0.440857  0.322260  0.913817  0.229405  0.264018  0.318347  0.435248  0.134687  0.379895  0.453769  0.079814  0.232950  0.797526  0.299208 0.0  0.590928  0.578091  0.351523  0.574681  0.454339  0.261027  0.196161  0.106303  0.426550  0.394459  0.729417  0.550103  0.598528  0.147740  0.531963  0.495936  0.502398  0.142712  0.480422  0.331435  0.079814  0.411111  0.459019  0.486974  0.636778  0.079814  0.525544  0.272839  0.252361  0.340616  0.380314  0.521021  0.464207  0.241978  0.110413  0.229271  0.141969  0.544926  0.409906  0.458420  0.618220  0.127424  0.240605  0.109528  0.204480  0.357353  0.257271  0.182293  0.344067  0.250915  0.166912  0.228519  0.252006  0.344651  0.133000  0.153468  0.259335  0.157480  0.590687  0.108889 
29  0.204325  0.079814  0.232940  0.286020  0.242784  0.435919  0.163750  0.318233  0.095070  0.749183  0.249625  0.612670  0.239064  0.492328  0.196457  0.460373  0.339123  0.451893  0.384148  0.383756  0.158221  0.540953  0.298093  0.401320  0.561387  0.471098  0.387856  0.345377  0.590928 0.0  0.265836  0.350677  0.240639  0.332125  0.432434  0.469364  0.562520  0.377329  0.279424  0.265800  0.147137  0.209981  0.500473  0.199464  0.329719  0.178606  0.371539  0.148931  0.210244  0.499655  0.289412  0.288634  0.212766  0.512926  0.546022  0.129941  0.306872  0.326697  0.297205  0.228453  0.343707  0.188892  0.449090  0.662135  0.734465  0.627505  0.120232  0.248701  0.210151  0.378515  0.604948  0.459356  0.534630  0.480522  0.190256  0.394460  0.586157  0.199212  0.456570  0.512952  0.405989  0.344457  0.343288  0.639027  0.579286  0.364658  0.603945  0.079814  0.640767 
30  0.196190  0.233490  0.192691  0.115860  0.079814  0.387066  0.114314  0.138700  0.289652  0.539431  0.172616  0.395112  0.091138  0.459817  0.120381  0.316316  0.361621  0.365577  0.295426  0.363537  0.198822  0.436283  0.184382  0.311202  0.493922  0.401871  0.547226  0.368211  0.578091  0.265836 0.0  0.292904  0.164804  0.203885  0.286491  0.360816  0.389241  0.176560  0.180764  0.339872  0.221160  0.158094  0.465618  0.297285  0.183083  0.122397  0.190358  0.085674  0.123260  0.382236  0.249328  0.168418  0.127930  0.462363  0.500193  0.160990  0.079814  0.239680  0.194143  0.126467  0.092244  0.079814  0.321482  0.397009  0.558464  0.564442  0.302145  0.181629  0.134541  0.159879  0.475398  0.265647  0.454921  0.370080  0.124623  0.290118  0.488899  0.266959  0.316259  0.310979  0.317082  0.339400  0.234540  0.574972  0.440185  0.286169  0.479892  0.243383  0.553231 
31  0.102582  0.360026  0.297848  0.124886  0.165990  0.236820  0.243777  0.199754  0.310849  0.342048  0.116031  0.214013  0.187985  0.341375  0.201039  0.164568  0.651224  0.278751  0.197082  0.197235  0.095119  0.299459  0.079814  0.152022  0.411155  0.236582  0.642385  0.137480  0.351523  0.350677  0.292904 0.0  0.272659  0.257611  0.136826  0.261056  0.363301  0.278262  0.079814  0.426304  0.235966  0.345783  0.418713  0.242126  0.140086  0.261992  0.157172  0.178584  0.079814  0.259468  0.251293  0.091503  0.188153  0.424365  0.367305  0.211131  0.210054  0.167929  0.183505  0.136379  0.188912  0.153329  0.135826  0.408697  0.456697  0.479574  0.309251  0.148219  0.253518  0.233250  0.347541  0.227901  0.487471  0.130014  0.163869  0.215464  0.370249  0.142059  0.215754  0.272876  0.095424  0.140277  0.208939  0.412525  0.340548  0.240185  0.420805  0.295823  0.411171 
32  0.220514  0.121281  0.300713  0.245409  0.339159  0.312925  0.246573  0.218635  0.140235  0.727876  0.290724  0.492539  0.232084  0.375889  0.276250  0.428083  0.406028  0.297878  0.273469  0.248650  0.244163  0.492563  0.270747  0.330779  0.688408  0.466477  0.586948  0.365119  0.574681  0.240639  0.164804  0.272659 0.0  0.413339  0.445133  0.425152  0.646228  0.363300  0.195283  0.193017  0.079814  0.126384  0.461057  0.079814  0.255210  0.301179  0.349578  0.254665  0.240824  0.499522  0.317923  0.132190  0.226992  0.533842  0.596753  0.079814  0.298960  0.350411  0.288939  0.223732  0.261947  0.238848  0.316999  0.565112  0.775661  0.533171  0.295957  0.208290  0.227733  0.410583  0.550342  0.385525  0.740536  0.319431  0.271962  0.404171  0.500601  0.196175  0.400688  0.405128  0.390564  0.368706  0.338886  0.551850  0.647630  0.430904  0.526796  0.277249  0.559316 
33  0.304002  0.204679  0.210764  0.248994  0.245315  0.447558  0.102198  0.232724  0.386160  0.535735  0.218979  0.358112  0.378815  0.496275  0.239257  0.408584  0.543998  0.404806  0.293226  0.416668  0.220235  0.473787  0.254346  0.324524  0.567570  0.460386  0.494114  0.301196  0.454339  0.332125  0.203885  0.257611  0.413339 0.0  0.307493  0.432887  0.515688  0.241997  0.302312  0.464136  0.383764  0.419809  0.562626  0.350287  0.252275  0.341205  0.356349  0.110032  0.247295  0.476362  0.158311  0.260842  0.304707  0.283018  0.420394  0.319894  0.297259  0.277243  0.211516  0.298911  0.182539  0.155295  0.465133  0.496222  0.466795  0.537662  0.298297  0.354656  0.205596  0.230943  0.458224  0.325343  0.482050  0.393501  0.391416  0.389705  0.459690  0.158787  0.292560  0.382690  0.370527  0.182151  0.161333  0.559478  0.495743  0.333037  0.487957  0.374482  0.543165 
34  0.351862  0.290416  0.287698  0.237980  0.251494  0.197891  0.442262  0.214860  0.428539  0.523425  0.185773  0.199176  0.341875  0.229657  0.288223  0.079814  0.618062  0.144900  0.167138  0.079814  0.290361  0.303429  0.274127  0.172741  0.410947  0.170581  0.762265  0.079814  0.261027  0.432434  0.286491  0.136826  0.445133  0.307493 0.0  0.135402  0.290712  0.299214  0.257818  0.668153  0.295790  0.407863  0.317769  0.306801  0.254959  0.351272  0.079814  0.319320  0.235972  0.182729  0.292282  0.198098  0.254962  0.506898  0.237436  0.371067  0.289140  0.133141  0.257564  0.340388  0.339796  0.472672  0.079814  0.278873  0.280062  0.267021  0.401701  0.252277  0.278678  0.258258  0.336313  0.120955  0.229787  0.097440  0.223873  0.079814  0.164185  0.151255  0.079814  0.079814  0.079814  0.160017  0.206891  0.306385  0.267517  0.079814  0.407820  0.516147  0.209495 
35  0.381537  0.423203  0.444297  0.248276  0.254545  0.211791  0.499861  0.282330  0.579551  0.250575  0.418284  0.079814  0.381401  0.130385  0.314415  0.159331  0.861328  0.079814  0.222804  0.151870  0.395482  0.167780  0.362259  0.246721  0.150618  0.079814  0.816723  0.325864  0.196161  0.469364  0.360816  0.261056  0.425152  0.432887  0.135402 0.0  0.213913  0.291585  0.309376  0.670296  0.542014  0.472010  0.347579  0.400581  0.326511  0.411378  0.168025  0.284834  0.421812  0.139888  0.207937  0.280688  0.364275  0.650199  0.217783  0.472403  0.307235  0.079814  0.402576  0.295444  0.270125  0.420894  0.172751  0.136336  0.334981  0.211229  0.445011  0.277279  0.466777  0.579647  0.229040  0.125067  0.193404  0.166954  0.392313  0.128359  0.115833  0.342526  0.187174  0.179576  0.211806  0.232975  0.271728  0.250539  0.164329  0.164312  0.347406  0.539285  0.106542 
36  0.433586  0.596469  0.626584  0.327102  0.410867  0.276215  0.533646  0.421760  0.636853  0.100887  0.437606  0.250350  0.442380  0.212922  0.465571  0.295686  0.853778  0.316211  0.536428  0.313177  0.449916  0.206758  0.447660  0.268070  0.103790  0.143907  0.840945  0.355889  0.106303  0.562520  0.389241  0.363301  0.646228  0.515688  0.290712  0.213913 0.0  0.500784  0.407189  0.757493  0.513747  0.625970  0.179893  0.637988  0.442980  0.610950  0.213561  0.617765  0.429660  0.111451  0.421726  0.309502  0.430107  0.719202  0.079814  0.590268  0.420780  0.310595  0.421631  0.494510  0.476087  0.562059  0.266890  0.079814  0.102886  0.111906  0.533922  0.401321  0.471590  0.591715  0.107402  0.214675  0.118097  0.230535  0.504284  0.290907  0.198411  0.368913  0.194620  0.318669  0.222507  0.399123  0.367174  0.141339  0.152558  0.179382  0.079814  0.615697  0.079814 
37  0.302112  0.390706  0.215275  0.246191  0.205591  0.400066  0.330169  0.305791  0.417802  0.445146  0.256829  0.355219  0.366448  0.482467  0.206581  0.345361  0.561685  0.378839  0.322188  0.339681  0.101872  0.459145  0.196480  0.312573  0.423694  0.209906  0.482694  0.380745  0.426550  0.377329  0.176560  0.278262  0.363300  0.241997  0.299214  0.291585  0.500784 0.0  0.348229  0.625564  0.248204  0.410046  0.471166  0.347792  0.306669  0.270058  0.150085  0.276194  0.245335  0.378612  0.112498  0.191835  0.321883  0.340104  0.518896  0.250377  0.183782  0.337344  0.325993  0.224610  0.255334  0.171570  0.330818  0.409210  0.432771  0.547113  0.200180  0.319626  0.231828  0.224588  0.512029  0.424510  0.474574  0.368415  0.197414  0.374777  0.414543  0.226299  0.354827  0.313047  0.409250  0.231044  0.140105  0.443464  0.383448  0.358681  0.440084  0.317495  0.364928 
38  0.123127  0.260647  0.242007  0.095318  0.107776  0.207591  0.299234  0.084591  0.221421  0.516977  0.193676  0.264018  0.214405  0.316953  0.217499  0.225546  0.480144  0.178932  0.130650  0.243951  0.136439  0.303692  0.136449  0.110113  0.342140  0.266880  0.637207  0.308165  0.394459  0.279424  0.180764  0.079814  0.195283  0.302312  0.257818  0.309376  0.407189  0.348229 0.0  0.313699  0.252348  0.174979  0.482820  0.278125  0.137649  0.210306  0.164596  0.240956  0.198771  0.422658  0.191783  0.165388  0.079814  0.507368  0.444002  0.180784  0.166726  0.200535  0.113143  0.120863  0.212679  0.190676  0.262699  0.507265  0.421437  0.508470  0.160903  0.079814  0.168511  0.312249  0.424009  0.227015  0.465333  0.242658  0.188842  0.282525  0.372738  0.079814  0.343867  0.235313  0.172206  0.268285  0.302097  0.584748  0.455832  0.339271  0.478321  0.296653  0.421228 
39  0.459316  0.344994  0.299852  0.448446  0.490982  0.613740  0.438392  0.332047  0.139977  0.756153  0.432445  0.582230  0.360390  0.722705  0.462263  0.563653  0.452570  0.610425  0.471033  0.558908  0.452014  0.689118  0.509327  0.428186  0.838195  0.632822  0.558232  0.485524  0.729417  0.265800  0.339872  0.426304  0.193017  0.464136  0.668153  0.670296  0.757493  0.625564  0.313699 0.0  0.210013  0.201541  0.752747  0.216025  0.344323  0.399293  0.582734  0.334754  0.429784  0.514784  0.464175  0.360048  0.254214  0.567355  0.752906  0.360745  0.454323  0.501027  0.402256  0.452622  0.510924  0.498580  0.568333  0.640011  0.757567  0.782739  0.371841  0.356701  0.470684  0.606245  0.719607  0.421723  0.832346  0.602809  0.397363  0.453080  0.841472  0.490854  0.596508  0.555064  0.518824  0.562795  0.495775  0.771329  0.712004  0.502201  0.791630  0.419286  0.740775 
40  0.255213  0.160951  0.309040  0.225580  0.255245  0.401076  0.303455  0.182419  0.128306  0.682878  0.430506  0.539138  0.152300  0.631825  0.245041  0.296997  0.360359  0.393607  0.393377  0.337619  0.287992  0.551212  0.315269  0.334575  0.592115  0.489719  0.563941  0.514675  0.550103  0.147137  0.221160  0.235966  0.079814  0.383764  0.295790  0.542014  0.513747  0.248204  0.252348  0.210013 0.0  0.093068  0.572206  0.108725  0.086269  0.330788  0.389533  0.254424  0.304306  0.489773  0.331247  0.324783  0.161218  0.610752  0.489341  0.191036  0.249385  0.321620  0.255518  0.244180  0.254937  0.277503  0.440809  0.525037  0.677042  0.654896  0.352087  0.345073  0.296468  0.343735  0.586279  0.374798  0.633708  0.454482  0.195129  0.443768  0.635431  0.332426  0.595671  0.357031  0.438252  0.394950  0.415351  0.657413  0.727202  0.383781  0.598533  0.442019  0.621570 
41  0.308942  0.261186  0.300785  0.248284  0.166411  0.377650  0.286492  0.128870  0.079814  0.811225  0.269948  0.521501  0.079814  0.584091  0.178627  0.347362  0.443461  0.372807  0.333641  0.389935  0.307989  0.580740  0.342676  0.212729  0.706488  0.433307  0.516992  0.375787  0.598528  0.209981  0.158094  0.345783  0.126384  0.419809  0.407863  0.472010  0.625970  0.410046  0.174979  0.201541  0.093068 0.0  0.638463  0.119760  0.153101  0.279308  0.311408  0.179825  0.300952  0.476612  0.296012  0.234578  0.113094  0.500802  0.529688  0.151489  0.484274  0.338376  0.225124  0.274619  0.389182  0.213055  0.397108  0.541282  0.659278  0.654091  0.235387  0.289051  0.433636  0.297367  0.593985  0.511527  0.661394  0.422528  0.292111  0.487187  0.554275  0.294019  0.500667  0.384151  0.377350  0.426331  0.369281  0.653269  0.663948  0.486964  0.608352  0.104090  0.546987 
42  0.538837  0.594210  0.604184  0.482533  0.389669  0.315471  0.519297  0.528529  0.594645  0.210713  0.479210  0.401024  0.546352  0.118151  0.426569  0.341015  0.769578  0.197324  0.445849  0.276359  0.454547  0.271306  0.441335  0.494436  0.156433  0.381807  0.901377  0.330825  0.147740  0.500473  0.465618  0.418713  0.461057  0.562626  0.317769  0.347579  0.179893  0.471166  0.482820  0.752747  0.572206  0.638463 0.0  0.664639  0.505072  0.593132  0.333665  0.566482  0.405937  0.197682  0.492146  0.546201  0.558934  0.684248  0.215118  0.604103  0.475746  0.346741  0.562100  0.500267  0.503025  0.526588  0.198352  0.168180  0.105797  0.079814  0.618112  0.491382  0.496958  0.569132  0.174105  0.346285  0.199686  0.321021  0.507630  0.284227  0.177062  0.462885  0.276026  0.299287  0.354844  0.285462  0.378716  0.086599  0.084616  0.173900  0.132311  0.718171  0.130081 
43  0.257575  0.079814  0.153996  0.292782  0.185837  0.347227  0.190140  0.211517  0.134468  0.743715  0.298997  0.476628  0.084091  0.388183  0.250522  0.437483  0.390714  0.386603  0.274924  0.370389  0.258026  0.559200  0.256865  0.288653  0.606021  0.464140  0.473374  0.420384  0.531963  0.199464  0.297285  0.242126  0.079814  0.350287  0.306801  0.400581  0.637988  0.347792  0.278125  0.216025  0.108725  0.119760  0.664639 0.0  0.231507  0.195878  0.378629  0.268217  0.212963  0.461693  0.192126  0.255058  0.288882  0.542799  0.518981  0.121666  0.287517  0.472233  0.238366  0.234103  0.254722  0.220800  0.377295  0.568904  0.709951  0.613008  0.276903  0.197677  0.310985  0.444053  0.509197  0.365396  0.518965  0.486518  0.204632  0.404131  0.565208  0.264480  0.405324  0.337338  0.434952  0.328740  0.319750  0.713245  0.589361  0.472116  0.609524  0.332532  0.466606 
44  0.238365  0.198932  0.255009  0.214717  0.184414  0.309967  0.323916  0.084284  0.313722  0.568701  0.292742  0.278983  0.079814  0.312476  0.235278  0.327803  0.544108  0.343293  0.154438  0.236490  0.288832  0.368016  0.239769  0.285807  0.544815  0.334226  0.634457  0.401548  0.495936  0.329719  0.183083  0.140086  0.255210  0.252275  0.254959  0.326511  0.442980  0.306669  0.137649  0.344323  0.086269  0.153101  0.505072  0.231507 0.0  0.155974  0.208723  0.309115  0.144179  0.325625  0.189617  0.150511  0.079814  0.450665  0.454741  0.081720  0.257096  0.300026  0.170213  0.079814  0.298074  0.312842  0.258350  0.548724  0.634443  0.504331  0.236276  0.079814  0.266266  0.404502  0.379113  0.331905  0.509304  0.319087  0.116955  0.207565  0.464947  0.156402  0.300154  0.283375  0.244633  0.220992  0.206009  0.460620  0.609450  0.252658  0.501771  0.367636  0.452747 
