89
0 0.0  0.195449  0.164682  0.213797  0.097259  0.262896  0.189432  0.228889  0.234276  0.478309  0.185329  0.340880  0.277207  0.350906  0.085494  0.308564  0.543599  0.243678  0.085494  0.278745  0.322639  0.449111  0.196726  0.191522  0.507925  0.287297  0.559772  0.359089  0.509126  0.301063  0.175742  0.132483  0.258805  0.259925  0.258906  0.344440  0.458746  0.350566  0.229706  0.434909  0.263229  0.240144  0.437936  0.347365  0.166764  0.161116  0.369381  0.171393  0.085494  0.476128  0.085494  0.085494  0.301781  0.565496  0.433359  0.236203  0.142095  0.207747  0.092232  0.218719  0.113064  0.218966  0.276937  0.394126  0.530111  0.474832  0.287632  0.161909  0.085494  0.380650  0.472447  0.275029  0.506777  0.339482  0.111239  0.308412  0.419895  0.212453  0.316355  0.304908  0.261622  0.251831  0.238285  0.420740  0.544330  0.216812  0.589178  0.299347  0.394470 
1  0.195449 0.0  0.196147  0.268585  0.301541  0.525937  0.185979  0.176944  0.131650  0.810071  0.180686  0.450443  0.209370  0.657423  0.203269  0.326093  0.390906  0.445404  0.290562  0.341053  0.235650  0.470473  0.276981  0.260105  0.699722  0.502284  0.519842  0.503657  0.535493  0.111616  0.258621  0.331080  0.162653  0.285596  0.481775  0.469649  0.496841  0.394782  0.152604  0.271698  0.128370  0.167511  0.641024  0.157285  0.176782  0.187821  0.543518  0.154833  0.270877  0.518715  0.296725  0.272602  0.184918  0.500420  0.709233  0.145367  0.347057  0.361719  0.195817  0.185917  0.191989  0.229246  0.497174  0.704910  0.672656  0.736192  0.252785  0.295818  0.249213  0.328024  0.509912  0.433473  0.674384  0.499974  0.218177  0.375155  0.596511  0.214005  0.449356  0.489383  0.391975  0.300956  0.370106  0.701973  0.585662  0.411801  0.578441  0.226652  0.628332 
2  0.164682  0.196147 0.0  0.130510  0.223071  0.393706  0.140514  0.339117  0.222058  0.668596  0.147296  0.411112  0.206853  0.462415  0.253441  0.448701  0.406247  0.460749  0.282820  0.305846  0.112467  0.502570  0.184865  0.241637  0.463759  0.368442  0.515569  0.362836  0.510539  0.283483  0.172092  0.174617  0.255327  0.172230  0.338126  0.462641  0.534014  0.243031  0.207754  0.513819  0.280046  0.212815  0.446879  0.218484  0.271430  0.134078  0.247381  0.207794  0.216603  0.350496  0.157681  0.196704  0.341265  0.287107  0.595814  0.085494  0.152639  0.441906  0.190074  0.169998  0.170004  0.092290  0.382947  0.643576  0.582699  0.653172  0.085494  0.292724  0.098039  0.273990  0.583888  0.448077  0.473659  0.436223  0.202694  0.346437  0.364529  0.130617  0.487269  0.305634  0.172297  0.344315  0.209167  0.450288  0.686459  0.406315  0.540031  0.188898  0.467165 
3  0.213797  0.268585  0.130510 0.0  0.138266  0.244932  0.104928  0.181622  0.281745  0.550082  0.106233  0.384711  0.172978  0.402464  0.085494  0.252254  0.541575  0.367555  0.226370  0.126115  0.144821  0.511612  0.126449  0.108779  0.451832  0.260834  0.570487  0.220925  0.464989  0.255237  0.168656  0.173183  0.261442  0.334633  0.248357  0.290718  0.450079  0.173698  0.167778  0.379792  0.227319  0.214585  0.457777  0.311318  0.208022  0.145869  0.282849  0.219417  0.144783  0.333624  0.099484  0.085494  0.217301  0.352212  0.421699  0.165686  0.250486  0.164137  0.176454  0.126078  0.193536  0.181625  0.368399  0.417368  0.611018  0.483314  0.169257  0.145117  0.085494  0.209833  0.489941  0.374640  0.421728  0.344908  0.191364  0.278694  0.378177  0.085494  0.355629  0.255731  0.288124  0.181815  0.228823  0.585712  0.498324  0.288802  0.415864  0.304000  0.499145 
4  0.097259  0.301541  0.223071  0.138266 0.0  0.269971  0.134535  0.235065  0.320301  0.447472  0.193854  0.294349  0.260252  0.409057  0.166191  0.248456  0.508781  0.294617  0.188011  0.258065  0.185148  0.393976  0.085494  0.096913  0.489050  0.315634  0.491777  0.182800  0.476698  0.305744  0.235932  0.181781  0.403065  0.176663  0.125528  0.402900  0.481118  0.188973  0.239200  0.573957  0.424369  0.290370  0.477646  0.423444  0.141381  0.318733  0.144005  0.293446  0.085494  0.200837  0.145173  0.090994  0.201531  0.453837  0.389847  0.263927  0.135128  0.247528  0.148759  0.111421  0.085494  0.169258  0.145666  0.481919  0.526679  0.483514  0.220225  0.182428  0.113504  0.286897  0.332056  0.218584  0.530497  0.269438  0.177225  0.204947  0.436191  0.085494  0.383773  0.221360  0.233450  0.085494  0.125500  0.402966  0.518371  0.402215  0.591231  0.278352  0.516077 
5  0.262896  0.525937  0.393706  0.244932  0.269971 0.0  0.331554  0.270133  0.355519  0.441190  0.299922  0.132427  0.401912  0.290948  0.292426  0.096878  0.614270  0.205134  0.182061  0.098266  0.384101  0.212771  0.235446  0.179607  0.294643  0.176880  0.641109  0.174001  0.244999  0.284694  0.334418  0.228298  0.290029  0.360051  0.195864  0.313678  0.279519  0.250518  0.240728  0.574335  0.376793  0.432497  0.343991  0.310418  0.245533  0.315930  0.085494  0.338766  0.252777  0.120589  0.206377  0.227861  0.167453  0.600483  0.282472  0.323030  0.176563  0.085494  0.349023  0.230008  0.273217  0.422425  0.166495  0.348874  0.306420  0.344054  0.431631  0.247223  0.318261  0.458854  0.340993  0.085494  0.324442  0.239137  0.194001  0.101213  0.190353  0.167312  0.235661  0.085494  0.085494  0.238021  0.103635  0.369794  0.301103  0.127409  0.271317  0.450549  0.353651 
6  0.189432  0.185979  0.140514  0.104928  0.134535  0.331554 0.0  0.237211  0.145269  0.625372  0.215239  0.547607  0.276216  0.427082  0.254946  0.269317  0.508894  0.375956  0.296589  0.364864  0.215601  0.605523  0.288218  0.292824  0.539000  0.493450  0.314024  0.539826  0.491689  0.098827  0.205542  0.338035  0.205721  0.251668  0.329280  0.403859  0.571098  0.246622  0.309946  0.290031  0.268436  0.215346  0.591783  0.218192  0.326405  0.095211  0.344673  0.187596  0.317603  0.328356  0.190834  0.199029  0.284749  0.325828  0.533881  0.085494  0.085494  0.485481  0.178350  0.240982  0.159261  0.110545  0.392308  0.599967  0.621916  0.601628  0.139835  0.183757  0.100989  0.133073  0.589760  0.398360  0.625302  0.391677  0.284349  0.426058  0.479955  0.315027  0.512122  0.330109  0.313377  0.259274  0.135168  0.643752  0.607018  0.385639  0.600309  0.306360  0.563149 
7  0.228889  0.176944  0.339117  0.181622  0.235065  0.270133  0.237211 0.0  0.282950  0.590432  0.238601  0.286715  0.162798  0.333255  0.173454  0.292535  0.560738  0.321669  0.109615  0.261551  0.233757  0.378130  0.238301  0.192511  0.527625  0.314878  0.633450  0.225511  0.358866  0.250119  0.184893  0.085494  0.237674  0.295864  0.201245  0.260599  0.468866  0.398742  0.085494  0.370680  0.269898  0.197120  0.616076  0.307895  0.237913  0.189973  0.176795  0.225622  0.220127  0.320360  0.288990  0.188741  0.112340  0.614535  0.366948  0.243697  0.316082  0.276607  0.138145  0.200832  0.143973  0.286137  0.377773  0.446676  0.518508  0.464161  0.407352  0.167046  0.241723  0.447944  0.464102  0.252926  0.543913  0.280773  0.158383  0.267405  0.369796  0.220458  0.346806  0.346596  0.181767  0.210269  0.350792  0.431820  0.461160  0.327521  0.514459  0.370320  0.433281 
8  0.234276  0.131650  0.222058  0.281745  0.320301  0.355519  0.145269  0.282950 0.0  0.690989  0.370259  0.526679  0.168830  0.528429  0.316917  0.381009  0.401908  0.474834  0.282763  0.409461  0.312011  0.465580  0.256692  0.396200  0.728549  0.406814  0.445964  0.530691  0.703343  0.085494  0.194393  0.262450  0.094709  0.341945  0.440959  0.490202  0.693982  0.501765  0.205010  0.172254  0.282915  0.090775  0.638405  0.195352  0.296193  0.244120  0.446821  0.195222  0.396446  0.437362  0.403936  0.398307  0.246576  0.539525  0.545378  0.201222  0.264381  0.447530  0.283065  0.237235  0.266530  0.222438  0.471715  0.714082  0.615567  0.647449  0.242449  0.234205  0.352917  0.491172  0.524840  0.362858  0.601845  0.480151  0.295190  0.401987  0.569096  0.381414  0.577620  0.566472  0.464300  0.389012  0.316509  0.560075  0.595549  0.460540  0.695301  0.176313  0.575078 
9  0.478309  0.810071  0.668596  0.550082  0.447472  0.441190  0.625372  0.590432  0.690989 0.0  0.592872  0.282525  0.606090  0.250960  0.526648  0.403081  0.951208  0.319967  0.433843  0.396754  0.509329  0.229510  0.498712  0.574925  0.124671  0.347529  0.932274  0.275961  0.170794  0.720750  0.555925  0.462427  0.592792  0.431815  0.260810  0.294840  0.148377  0.513500  0.425201  0.773225  0.699702  0.722944  0.200725  0.744109  0.590902  0.634677  0.512905  0.596631  0.490008  0.316510  0.409223  0.528742  0.690117  0.799698  0.266019  0.635506  0.505076  0.295536  0.603179  0.448258  0.473846  0.680933  0.435424  0.159116  0.085494  0.128017  0.682514  0.553888  0.590290  0.575776  0.242159  0.389724  0.174053  0.338990  0.531096  0.420814  0.188075  0.403102  0.269758  0.428241  0.444009  0.358921  0.403222  0.163904  0.098060  0.397776  0.100388  0.686893  0.234638 
10  0.185329  0.180686  0.147296  0.106233  0.193854  0.299922  0.215239  0.238601  0.370259  0.592872 0.0  0.268597  0.212679  0.376260  0.154762  0.337536  0.532285  0.343721  0.287927  0.345001  0.151536  0.402756  0.096700  0.247996  0.505588  0.328807  0.600738  0.176023  0.375480  0.410110  0.172993  0.215233  0.411017  0.169370  0.180924  0.375289  0.558581  0.185020  0.325274  0.483663  0.330089  0.253069  0.527956  0.294730  0.358490  0.281293  0.237347  0.229175  0.085494  0.327374  0.181703  0.085494  0.253051  0.451251  0.363260  0.193076  0.087899  0.228451  0.179615  0.085494  0.085494  0.214242  0.286971  0.469618  0.488496  0.445387  0.213813  0.247495  0.085660  0.313260  0.502558  0.257366  0.459448  0.320972  0.253597  0.287083  0.263532  0.191550  0.289114  0.298572  0.324836  0.158723  0.183800  0.459812  0.382370  0.265691  0.508562  0.399311  0.489600 
11  0.340880  0.450443  0.411112  0.384711  0.294349  0.132427  0.547607  0.286715  0.526679  0.282525  0.268597 0.0  0.347432  0.085494  0.290304  0.121278  0.759874  0.085494  0.258671  0.137518  0.261492  0.271487  0.167227  0.167200  0.213097  0.182957  0.839350  0.123510  0.141585  0.535005  0.397454  0.313762  0.543973  0.361555  0.174937  0.232425  0.189703  0.249485  0.321935  0.625105  0.493156  0.481683  0.303963  0.539623  0.329216  0.455886  0.169384  0.404185  0.267258  0.087494  0.250623  0.192595  0.333633  0.637817  0.218094  0.418539  0.287437  0.141613  0.440048  0.303830  0.427556  0.415532  0.164207  0.271742  0.313233  0.284193  0.408059  0.304556  0.370032  0.471837  0.229311  0.117464  0.232503  0.111342  0.378850  0.085494  0.205371  0.281589  0.163685  0.109017  0.163333  0.307298  0.212950  0.266601  0.266040  0.085494  0.226369  0.542806  0.145670 
12  0.277207  0.209370  0.206853  0.172978  0.260252  0.401912  0.276216  0.162798  0.168830  0.606090  0.212679  0.347432 0.0  0.470853  0.166419  0.429590  0.554720  0.437641  0.280949  0.288608  0.246184  0.497913  0.210637  0.336027  0.558208  0.345429  0.503975  0.251880  0.628225  0.186181  0.183913  0.312790  0.085494  0.429067  0.424754  0.500581  0.571351  0.354019  0.278092  0.263533  0.158304  0.106783  0.609862  0.126369  0.115248  0.205763  0.238182  0.135233  0.126522  0.516364  0.146510  0.268303  0.159851  0.430655  0.498574  0.256206  0.291063  0.366023  0.153544  0.261764  0.171809  0.257974  0.308417  0.446466  0.688911  0.542846  0.305742  0.240837  0.234709  0.286591  0.497931  0.291875  0.497360  0.450158  0.128292  0.404990  0.471378  0.307835  0.457549  0.394209  0.283545  0.316184  0.281604  0.534696  0.537141  0.434103  0.516967  0.252329  0.591845 
13  0.350906  0.657423  0.462415  0.402464  0.409057  0.290948  0.427082  0.333255  0.528429  0.250960  0.376260  0.085494  0.470853 0.0  0.345481  0.234028  0.903961  0.271009  0.231272  0.256921  0.336615  0.085494  0.410018  0.300018  0.156672  0.145310  0.903865  0.085494  0.099455  0.621179  0.469557  0.350178  0.557958  0.349941  0.310909  0.118906  0.135991  0.390354  0.449727  0.706189  0.581953  0.655324  0.269510  0.564838  0.414821  0.572273  0.248435  0.513469  0.419128  0.171289  0.490197  0.325354  0.410752  0.686808  0.148688  0.539502  0.385063  0.301241  0.517563  0.441431  0.442896  0.520133  0.189166  0.155526  0.225100  0.166328  0.444179  0.415026  0.431617  0.534921  0.085494  0.262880  0.150203  0.161833  0.350917  0.289105  0.161911  0.247247  0.141740  0.220020  0.229362  0.259339  0.342129  0.085494  0.227321  0.267960  0.199371  0.657264  0.085494 
14  0.085494  0.203269  0.253441  0.085494  0.166191  0.292426  0.254946  0.173454  0.316917  0.526648  0.154762  0.290304  0.166419  0.345481 0.0  0.257983  0.552842  0.329327  0.099910  0.325779  0.177239  0.467415  0.114746  0.179970  0.475970  0.223429  0.538642  0.249946  0.428673  0.326095  0.130069  0.120225  0.343308  0.190900  0.285920  0.359717  0.577312  0.272570  0.168423  0.377029  0.275482  0.303336  0.534342  0.307939  0.212478  0.208052  0.246288  0.184408  0.103162  0.402304  0.102671  0.085494  0.123726  0.384243  0.474904  0.152543  0.261572  0.428499  0.085494  0.085494  0.118381  0.232126  0.217108  0.520362  0.424693  0.523444  0.369196  0.249595  0.128484  0.249258  0.380596  0.358014  0.489945  0.333465  0.085494  0.329648  0.457788  0.085494  0.203548  0.308181  0.263281  0.218673  0.205178  0.475220  0.464109  0.295763  0.373856  0.356564  0.380075 
15  0.308564  0.326093  0.448701  0.252254  0.248456  0.096878  0.269317  0.292535  0.381009  0.403081  0.337536  0.121278  0.429590  0.234028  0.257983 0.0  0.759146  0.209787  0.097252  0.092416  0.208132  0.210893  0.247884  0.086471  0.361064  0.182197  0.667932  0.122399  0.342831  0.486429  0.302613  0.283979  0.398657  0.311381  0.103596  0.177200  0.358985  0.247728  0.305495  0.522899  0.353247  0.429631  0.333372  0.328627  0.267339  0.386571  0.200484  0.348493  0.221858  0.169601  0.229408  0.354685  0.184755  0.576810  0.245026  0.397234  0.252215  0.182119  0.204190  0.231982  0.169123  0.352701  0.085494  0.311131  0.261991  0.358660  0.378405  0.247671  0.315468  0.498936  0.303059  0.104371  0.286045  0.085494  0.164413  0.085494  0.298665  0.222274  0.217998  0.085494  0.103030  0.234255  0.173756  0.294580  0.293041  0.148918  0.251931  0.543550  0.252322 
16  0.543599  0.390906  0.406247  0.541575  0.508781  0.614270  0.508894  0.560738  0.401908  0.951208  0.532285  0.759874  0.554720  0.903961  0.552842  0.759146 0.0  0.702155  0.564122  0.661749  0.403739  0.903757  0.542368  0.648517  0.885915  0.725851  0.207566  0.677915  0.800014  0.467234  0.455361  0.701281  0.433867  0.401990  0.743779  0.694899  0.801689  0.585184  0.532580  0.341398  0.480614  0.380171  0.962224  0.367416  0.429162  0.380674  0.764479  0.531522  0.244731  0.787927  0.409063  0.505116  0.446987  0.333801  0.882550  0.362026  0.558272  0.615459  0.511848  0.454376  0.511229  0.299457  0.665137  0.849712  0.914162  0.913595  0.268342  0.491702  0.384844  0.380411  0.842168  0.691093  0.849893  0.716212  0.477722  0.654062  0.871840  0.636738  0.754563  0.786865  0.720354  0.541939  0.468315  0.837030  0.861775  0.806409  0.792215  0.307658  0.702195 
17  0.243678  0.445404  0.460749  0.367555  0.294617  0.205134  0.375956  0.321669  0.474834  0.319967  0.343721  0.085494  0.437641  0.271009  0.329327  0.209787  0.702155 0.0  0.212647  0.187635  0.268468  0.189833  0.255039  0.150156  0.290016  0.094267  0.911027  0.085494  0.155586  0.440315  0.307387  0.259807  0.362465  0.399322  0.085494  0.085494  0.348881  0.289806  0.242137  0.539660  0.423570  0.496773  0.400986  0.429969  0.301822  0.497257  0.195199  0.397431  0.244170  0.188620  0.350894  0.285713  0.268723  0.640910  0.202931  0.460882  0.286719  0.117506  0.311334  0.246310  0.414171  0.410144  0.085494  0.349657  0.330696  0.334601  0.409142  0.337134  0.440955  0.421037  0.118592  0.207909  0.264318  0.101195  0.312186  0.085494  0.144779  0.162778  0.200886  0.085494  0.085494  0.278035  0.249712  0.330612  0.356736  0.085494  0.232475  0.534875  0.385004 
18  0.085494  0.290562  0.282820  0.226370  0.188011  0.182061  0.296589  0.109615  0.282763  0.433843  0.287927  0.258671  0.280949  0.231272  0.099910  0.097252  0.564122  0.212647 0.0  0.085494  0.195422  0.322077  0.233985  0.112266  0.345653  0.153323  0.713527  0.110679  0.401644  0.227495  0.309735  0.143702  0.339233  0.334942  0.110021  0.285851  0.447485  0.292529  0.212079  0.534332  0.265881  0.284534  0.283228  0.342142  0.245422  0.259510  0.097557  0.188468  0.171109  0.258750  0.201837  0.126012  0.193232  0.592869  0.373216  0.276799  0.185191  0.233616  0.151661  0.115469  0.191684  0.182210  0.272544  0.401020  0.502554  0.423814  0.425993  0.207289  0.224485  0.294943  0.339071  0.085494  0.395795  0.273197  0.228911  0.103495  0.275798  0.141342  0.230577  0.137039  0.178528  0.093955  0.154703  0.340515  0.411045  0.163669  0.482347  0.309369  0.346008 
19  0.278745  0.341053  0.305846  0.126115  0.258065  0.098266  0.364864  0.261551  0.409461  0.396754  0.345001  0.137518  0.288608  0.256921  0.325779  0.092416  0.661749  0.187635  0.085494 0.0  0.152412  0.260676  0.363185  0.195622  0.378769  0.168928  0.669981  0.221466  0.332432  0.410990  0.317414  0.218265  0.371401  0.326580  0.085494  0.145240  0.291529  0.333936  0.258351  0.481690  0.273708  0.345986  0.372712  0.348216  0.246799  0.361150  0.090578  0.287252  0.171941  0.158323  0.389600  0.166009  0.238686  0.639202  0.302374  0.272342  0.242857  0.090687  0.300633  0.224335  0.343398  0.374966  0.094172  0.421298  0.343116  0.242572  0.457418  0.217800  0.300194  0.442908  0.313002  0.128544  0.386642  0.086617  0.221743  0.088528  0.240607  0.120448  0.140887  0.166717  0.139009  0.211749  0.214347  0.371422  0.379125  0.089681  0.293520  0.546170  0.399347 
20  0.322639  0.235650  0.112467  0.144821  0.185148  0.384101  0.215601  0.233757  0.312011  0.509329  0.151536  0.261492  0.246184  0.336615  0.177239  0.208132  0.403739  0.268468  0.195422  0.152412 0.0  0.402327  0.146131  0.234446  0.552436  0.354375  0.570107  0.335989  0.454412  0.257950  0.205335  0.147641  0.334548  0.141460  0.298427  0.447536  0.465195  0.226687  0.220007  0.472528  0.400504  0.271986  0.517511  0.263862  0.233583  0.304456  0.217759  0.106444  0.212961  0.397045  0.240096  0.204661  0.293400  0.382290  0.494808  0.240047  0.197082  0.207715  0.145948  0.115985  0.174037  0.258372  0.248164  0.594802  0.497464  0.411884  0.168601  0.332933  0.147256  0.280512  0.496295  0.199296  0.553881  0.380597  0.262912  0.249225  0.394791  0.194694  0.435258  0.342310  0.169671  0.085494  0.194506  0.451803  0.485119  0.409097  0.508290  0.299826  0.458256 
21  0.449111  0.470473  0.502570  0.511612  0.393976  0.212771  0.605523  0.378130  0.465580  0.229510  0.402756  0.271487  0.497913  0.085494  0.467415  0.210893  0.903757  0.189833  0.322077  0.260676  0.402327 0.0  0.317131  0.381090  0.205754  0.216734  0.724947  0.145969  0.085494  0.657853  0.388320  0.396324  0.485966  0.401407  0.199978  0.161764  0.085494  0.466292  0.383935  0.645599  0.511777  0.560722  0.153041  0.558956  0.462630  0.530615  0.388970  0.549720  0.440085  0.249606  0.381527  0.324756  0.395372  0.724542  0.101408  0.512638  0.337151  0.229640  0.461552  0.382130  0.480666  0.565998  0.312336  0.155091  0.164747  0.139472  0.531516  0.439757  0.524480  0.686248  0.085494  0.268844  0.085494  0.234760  0.345061  0.217406  0.145059  0.379838  0.105600  0.239149  0.298994  0.315453  0.300531  0.189472  0.116172  0.299321  0.158500  0.673959  0.085494 
22  0.196726  0.276981  0.184865  0.126449  0.085494  0.235446  0.288218  0.238301  0.256692  0.498712  0.096700  0.167227  0.210637  0.410018  0.114746  0.247884  0.542368  0.255039  0.233985  0.363185  0.146131  0.317131 0.0  0.191172  0.409529  0.397218  0.685842  0.385839  0.507487  0.310616  0.191977  0.194114  0.287220  0.225488  0.249604  0.335013  0.472705  0.164491  0.311669  0.515105  0.293835  0.372358  0.398238  0.312727  0.265522  0.203093  0.208047  0.247670  0.126128  0.314332  0.119297  0.140735  0.223326  0.516889  0.391897  0.150797  0.085494  0.224741  0.161695  0.223707  0.085494  0.267656  0.270092  0.352453  0.511499  0.606653  0.304903  0.124613  0.168442  0.170387  0.419147  0.284151  0.421137  0.211680  0.233097  0.352572  0.406568  0.207619  0.379994  0.336661  0.377056  0.219682  0.085494  0.434275  0.515870  0.307100  0.400421  0.260223  0.527784 
23  0.191522  0.260105  0.241637  0.108779  0.096913  0.179607  0.292824  0.192511  0.396200  0.574925  0.247996  0.167200  0.336027  0.300018  0.179970  0.086471  0.648517  0.150156  0.112266  0.195622  0.234446  0.381090  0.191172 0.0  0.476041  0.178858  0.637719  0.164294  0.430827  0.324545  0.249694  0.085494  0.382489  0.257426  0.170120  0.246481  0.413537  0.272662  0.179110  0.457714  0.355402  0.390925  0.427849  0.300886  0.236494  0.325584  0.110245  0.236515  0.124968  0.230472  0.248287  0.256941  0.207029  0.645022  0.362493  0.315702  0.205811  0.180186  0.180045  0.196232  0.242450  0.220155  0.240041  0.377262  0.491202  0.424813  0.332338  0.085494  0.213992  0.335701  0.302669  0.196988  0.374128  0.241201  0.145987  0.265152  0.415908  0.157804  0.257417  0.218713  0.266290  0.259371  0.194830  0.377393  0.471662  0.132807  0.395217  0.384362  0.410243 
24  0.507925  0.699722  0.463759  0.451832  0.489050  0.294643  0.539000  0.527625  0.728549  0.124671  0.505588  0.213097  0.558208  0.156672  0.475970  0.361064  0.885915  0.290016  0.345653  0.378769  0.552436  0.205754  0.409529  0.476041 0.0  0.318747  1.000000  0.264635  0.103958  0.497326  0.642559  0.336631  0.723479  0.464650  0.320589  0.223634  0.085494  0.468410  0.542316  0.714269  0.628749  0.613453  0.118517  0.694698  0.481519  0.529963  0.342079  0.573337  0.416236  0.226428  0.501567  0.569877  0.458162  0.742332  0.181249  0.604869  0.432781  0.314727  0.637712  0.488900  0.518210  0.522442  0.300570  0.194706  0.131890  0.166215  0.700379  0.403736  0.510741  0.561995  0.165331  0.317732  0.092385  0.206835  0.505606  0.328240  0.196930  0.477707  0.266227  0.382391  0.393504  0.398892  0.392521  0.085494  0.126679  0.232787  0.085494  0.697344  0.236543 
25  0.287297  0.502284  0.368442  0.260834  0.315634  0.176880  0.493450  0.314878  0.406814  0.347529  0.328807  0.182957  0.345429  0.145310  0.223429  0.182197  0.725851  0.094267  0.153323  0.168928  0.354375  0.216734  0.397218  0.178858  0.318747 0.0  0.738252  0.112841  0.188276  0.572233  0.340017  0.261746  0.395172  0.411642  0.229913  0.087974  0.197863  0.253363  0.276940  0.652045  0.554762  0.479299  0.355793  0.506475  0.361949  0.346479  0.113581  0.434024  0.359119  0.085494  0.303917  0.278203  0.274206  0.531443  0.185338  0.427184  0.307388  0.193342  0.394367  0.348686  0.283348  0.415120  0.110326  0.166929  0.301536  0.306837  0.528289  0.322378  0.352383  0.541264  0.188585  0.120914  0.249313  0.085494  0.259594  0.085494  0.174432  0.231561  0.161247  0.085494  0.120061  0.279585  0.329402  0.332391  0.284942  0.098992  0.266595  0.546292  0.184604 
26  0.559772  0.519842  0.515569  0.570487  0.491777  0.641109  0.314024  0.633450  0.445964  0.932274  0.600738  0.839350  0.503975  0.903865  0.538642  0.667932  0.207566  0.911027  0.713527  0.669981  0.570107  0.724947  0.685842  0.637719  1.000000  0.738252 0.0  0.687349  0.815289  0.379084  0.529336  0.583391  0.501498  0.500030  0.722953  0.774091  0.884392  0.600094  0.606121  0.604270  0.440339  0.505704  0.906130  0.593034  0.589450  0.392984  0.748058  0.508715  0.577813  0.827983  0.489408  0.488711  0.532368  0.361888  0.847019  0.500528  0.588688  0.703479  0.428833  0.486026  0.600231  0.455935  0.756759  0.878319  0.955766  0.960358  0.427222  0.666026  0.498199  0.339359  0.837358  0.720555  0.864838  0.755495  0.596650  0.701328  0.825498  0.547332  0.943478  0.695903  0.675261  0.731277  0.577819  0.941474  0.971135  0.750686  0.876157  0.411164  0.963651 
27  0.359089  0.503657  0.362836  0.220925  0.182800  0.174001  0.539826  0.225511  0.530691  0.275961  0.176023  0.123510  0.251880  0.085494  0.249946  0.122399  0.677915  0.085494  0.110679  0.221466  0.335989  0.145969  0.385839  0.164294  0.264635  0.112841  0.687349 0.0  0.278195  0.457534  0.257642  0.191257  0.386141  0.384159  0.134415  0.161519  0.296011  0.255155  0.323750  0.460189  0.444558  0.390975  0.271385  0.454956  0.263703  0.417190  0.116162  0.358634  0.333300  0.287346  0.334046  0.194500  0.313217  0.631453  0.236486  0.319020  0.261062  0.229414  0.332214  0.349561  0.264190  0.303668  0.085494  0.466576  0.382250  0.435115  0.379668  0.262174  0.442331  0.433584  0.093964  0.085494  0.252071  0.106069  0.433594  0.129125  0.272955  0.185888  0.085494  0.151901  0.149018  0.275968  0.201844  0.370812  0.247508  0.089373  0.323922  0.461501  0.270164 
28  0.509126  0.535493  0.510539  0.464989  0.476698  0.244999  0.491689  0.358866  0.703343  0.170794  0.375480  0.141585  0.628225  0.099455  0.428673  0.342831  0.800014  0.155586  0.401644  0.332432  0.454412  0.085494  0.507487  0.430827  0.103958  0.188276  0.815289  0.278195 0.0  0.627593  0.591828  0.336169  0.578939  0.476296  0.329357  0.085494  0.141500  0.387867  0.314586  0.636329  0.600707  0.600086  0.182489  0.511773  0.450191  0.493172  0.210604  0.460663  0.518392  0.168732  0.598898  0.379637  0.520230  0.709144  0.141724  0.398378  0.449916  0.275121  0.530515  0.357556  0.514512  0.492562  0.235325  0.085494  0.172612  0.097581  0.422512  0.420429  0.490902  0.556332  0.085494  0.234592  0.085494  0.131359  0.432807  0.209813  0.157330  0.369647  0.287359  0.316531  0.267537  0.219119  0.259596  0.154064  0.194754  0.353895  0.181889  0.715493  0.118697 
29  0.301063  0.111616  0.283483  0.255237  0.305744  0.284694  0.098827  0.250119  0.085494  0.720750  0.410110  0.535005  0.186181  0.621179  0.326095  0.486429  0.467234  0.440315  0.227495  0.410990  0.257950  0.657853  0.310616  0.324545  0.497326  0.572233  0.379084  0.457534  0.627593 0.0  0.222151  0.399033  0.194832  0.343779  0.497257  0.460269  0.714766  0.423894  0.290669  0.223672  0.189073  0.189650  0.660053  0.085494  0.295771  0.174831  0.252051  0.085494  0.296123  0.556022  0.352972  0.262811  0.285354  0.448395  0.550327  0.129322  0.338002  0.425534  0.211184  0.231337  0.242163  0.288351  0.412298  0.730037  0.758192  0.546845  0.335439  0.318614  0.354902  0.294250  0.567047  0.324750  0.548581  0.400739  0.204292  0.415266  0.589316  0.396187  0.530855  0.376186  0.527203  0.383126  0.422630  0.589370  0.602588  0.541670  0.738377  0.185826  0.647941 
30  0.175742  0.258621  0.172092  0.168656  0.235932  0.334418  0.205542  0.184893  0.194393  0.555925  0.172993  0.397454  0.183913  0.469557  0.130069  0.302613  0.455361  0.307387  0.309735  0.317414  0.205335  0.388320  0.191977  0.249694  0.642559  0.340017  0.529336  0.257642  0.591828  0.222151 0.0  0.252240  0.178867  0.237799  0.307313  0.448920  0.454305  0.271770  0.202732  0.414842  0.250864  0.155855  0.538711  0.274175  0.183842  0.143433  0.288339  0.127003  0.233285  0.269495  0.111833  0.158114  0.091891  0.427301  0.448472  0.204313  0.161559  0.347196  0.107980  0.085494  0.163848  0.126037  0.373083  0.471008  0.639412  0.578142  0.358696  0.186212  0.092601  0.280273  0.471257  0.293360  0.541862  0.396298  0.126879  0.380125  0.488928  0.176010  0.380960  0.341844  0.375051  0.283465  0.261446  0.624093  0.547028  0.352076  0.423131  0.287403  0.598389 
31  0.132483  0.331080  0.174617  0.173183  0.181781  0.228298  0.338035  0.085494  0.262450  0.462427  0.215233  0.313762  0.312790  0.350178  0.120225  0.283979  0.701281  0.259807  0.143702  0.218265  0.147641  0.396324  0.194114  0.085494  0.336631  0.261746  0.583391  0.191257  0.336169  0.399033  0.252240 0.0  0.299858  0.242196  0.144410  0.270771  0.442490  0.266946  0.085494  0.467707  0.258220  0.314250  0.422229  0.298658  0.145371  0.244596  0.116470  0.387464  0.130012  0.326094  0.146679  0.147001  0.144778  0.616421  0.360319  0.252871  0.103993  0.144860  0.175289  0.156755  0.186759  0.288262  0.163920  0.399138  0.391853  0.418178  0.384727  0.120136  0.215247  0.531433  0.282885  0.146317  0.373896  0.259010  0.129002  0.182447  0.335343  0.256518  0.293951  0.107664  0.199548  0.160853  0.198541  0.394443  0.451613  0.213979  0.564342  0.423803  0.370281 
32  0.258805  0.162653  0.255327  0.261442  0.403065  0.290029  0.205721  0.237674  0.094709  0.592792  0.411017  0.543973  0.085494  0.557958  0.343308  0.398657  0.433867  0.362465  0.339233  0.371401  0.334548  0.485966  0.287220  0.382489  0.723479  0.395172  0.501498  0.386141  0.578939  0.194832  0.178867  0.299858 0.0  0.373928  0.508355  0.428020  0.543805  0.506265  0.252844  0.217020  0.140250  0.110440  0.800213  0.176481  0.267413  0.280369  0.334415  0.313791  0.162537  0.387659  0.259903  0.254575  0.161271  0.702384  0.491963  0.218358  0.335939  0.266120  0.324732  0.309065  0.273045  0.168369  0.379459  0.528744  0.643256  0.713923  0.439513  0.157184  0.286541  0.430503  0.486761  0.416872  0.655070  0.307833  0.218641  0.402385  0.677182  0.370226  0.512831  0.444261  0.462567  0.453889  0.448036  0.724300  0.600204  0.404831  0.607424  0.352312  0.550413 
33  0.259925  0.285596  0.172230  0.334633  0.176663  0.360051  0.251668  0.295864  0.341945  0.431815  0.169370  0.361555  0.429067  0.349941  0.190900  0.311381  0.401990  0.399322  0.334942  0.326580  0.141460  0.401407  0.225488  0.257426  0.464650  0.411642  0.500030  0.384159  0.476296  0.343779  0.237799  0.242196  0.373928 0.0  0.374615  0.424897  0.587898  0.219783  0.325204  0.511487  0.372128  0.348341  0.540691  0.329922  0.273813  0.225122  0.381512  0.252449  0.199968  0.426252  0.149546  0.226899  0.405875  0.326400  0.418629  0.318572  0.257491  0.450707  0.374838  0.322319  0.309204  0.135126  0.397369  0.539683  0.595516  0.518796  0.299250  0.256310  0.256357  0.177514  0.471942  0.365458  0.446984  0.334962  0.368722  0.301707  0.467681  0.326440  0.401777  0.466201  0.333037  0.236377  0.251318  0.578438  0.561198  0.341996  0.641142  0.294966  0.512132 
34  0.258906  0.481775  0.338126  0.248357  0.125528  0.195864  0.329280  0.201245  0.440959  0.260810  0.180924  0.174937  0.424754  0.310909  0.285920  0.103596  0.743779  0.085494  0.110021  0.085494  0.298427  0.199978  0.249604  0.170120  0.320589  0.229913  0.722953  0.134415  0.329357  0.497257  0.307313  0.144410  0.508355  0.374615 0.0  0.241587  0.291156  0.257586  0.285850  0.460031  0.338931  0.426039  0.283107  0.403618  0.185304  0.363276  0.085494  0.365180  0.359682  0.202505  0.303459  0.199494  0.307443  0.666794  0.162840  0.384317  0.354578  0.124396  0.233981  0.214215  0.230893  0.364318  0.109036  0.335296  0.450692  0.309084  0.353222  0.324286  0.225261  0.322247  0.334402  0.085494  0.252488  0.154222  0.291211  0.085494  0.303044  0.185109  0.195379  0.132878  0.085494  0.085494  0.184961  0.199289  0.297445  0.159312  0.309876  0.481919  0.354185 
35  0.344440  0.469649  0.462641  0.290718  0.402900  0.313678  0.403859  0.260599  0.490202  0.294840  0.375289  0.232425  0.500581  0.118906  0.359717  0.177200  0.694899  0.085494  0.285851  0.145240  0.447536  0.161764  0.335013  0.246481  0.223634  0.087974  0.774091  0.161519  0.085494  0.460269  0.448920  0.270771  0.428020  0.424897  0.241587 0.0  0.099153  0.307622  0.248072  0.647807  0.483236  0.566476  0.225277  0.475312  0.328384  0.482931  0.305732  0.328930  0.396391  0.085494  0.432785  0.210482  0.341686  0.770018  0.098461  0.485085  0.270458  0.127208  0.423294  0.459848  0.474771  0.444458  0.202047  0.085494  0.309485  0.183449  0.452252  0.318341  0.330534  0.529301  0.300715  0.185332  0.306608  0.095236  0.469964  0.163675  0.103068  0.236671  0.085494  0.121387  0.258138  0.281314  0.217474  0.252505  0.252253  0.232750  0.232581  0.537497  0.191794 
36  0.458746  0.496841  0.534014  0.450079  0.481118  0.279519  0.571098  0.468866  0.693982  0.148377  0.558581  0.189703  0.571351  0.135991  0.577312  0.358985  0.801689  0.348881  0.447485  0.291529  0.465195  0.085494  0.472705  0.413537  0.085494  0.197863  0.884392  0.296011  0.141500  0.714766  0.454305  0.442490  0.543805  0.587898  0.291156  0.099153 0.0  0.433764  0.426764  0.902181  0.662988  0.611756  0.157613  0.674524  0.492332  0.570854  0.349708  0.512129  0.472746  0.268357  0.451797  0.471814  0.386941  0.721514  0.119305  0.635345  0.390526  0.305262  0.534602  0.424568  0.554287  0.496597  0.435475  0.113679  0.166140  0.232704  0.565601  0.533781  0.434336  0.465191  0.149810  0.307041  0.085494  0.273228  0.468604  0.318069  0.133862  0.352072  0.274404  0.246594  0.254791  0.393908  0.469178  0.184763  0.087416  0.322936  0.085494  0.731826  0.085494 
37  0.350566  0.394782  0.243031  0.173698  0.188973  0.250518  0.246622  0.398742  0.501765  0.513500  0.185020  0.249485  0.354019  0.390354  0.272570  0.247728  0.585184  0.289806  0.292529  0.333936  0.226687  0.466292  0.164491  0.272662  0.468410  0.253363  0.600094  0.255155  0.387867  0.423894  0.271770  0.266946  0.506265  0.219783  0.257586  0.307622  0.433764 0.0  0.118222  0.467125  0.411930  0.482072  0.619800  0.307160  0.307406  0.209700  0.258604  0.191732  0.233790  0.381106  0.096966  0.255397  0.338155  0.425403  0.363744  0.326818  0.313165  0.401684  0.294581  0.225378  0.233368  0.235027  0.305235  0.463585  0.565058  0.485387  0.201089  0.265909  0.263030  0.138917  0.383094  0.416665  0.422169  0.384753  0.305280  0.306830  0.367195  0.229582  0.469880  0.290665  0.375880  0.105370  0.246755  0.483918  0.457810  0.274599  0.526574  0.327100  0.417297 
38  0.229706  0.152604  0.207754  0.167778  0.239200  0.240728  0.309946  0.085494  0.205010  0.425201  0.325274  0.321935  0.278092  0.449727  0.168423  0.305495  0.532580  0.242137  0.212079  0.258351  0.220007  0.383935  0.311669  0.179110  0.542316  0.276940  0.606121  0.323750  0.314586  0.290669  0.202732  0.085494  0.252844  0.325204  0.285850  0.248072  0.426764  0.118222 0.0  0.423992  0.225848  0.180028  0.450581  0.185614  0.086513  0.303942  0.305026  0.165817  0.137693  0.396968  0.173654  0.180367  0.172423  0.492975  0.399808  0.207473  0.194019  0.224213  0.140675  0.168361  0.234600  0.209298  0.134661  0.407915  0.555391  0.417236  0.301293  0.171028  0.238203  0.347126  0.408893  0.287989  0.519106  0.211912  0.090433  0.187960  0.406976  0.187112  0.304557  0.282564  0.183607  0.299009  0.198623  0.464513  0.570639  0.301160  0.449277  0.409483  0.312093 
39  0.434909  0.271698  0.513819  0.379792  0.573957  0.574335  0.290031  0.370680  0.172254  0.773225  0.483663  0.625105  0.263533  0.706189  0.377029  0.522899  0.341398  0.539660  0.534332  0.481690  0.472528  0.645599  0.515105  0.457714  0.714269  0.652045  0.604270  0.460189  0.636329  0.223672  0.414842  0.467707  0.217020  0.511487  0.460031  0.647807  0.902181  0.467125  0.423992 0.0  0.275702  0.085494  0.760197  0.289073  0.350397  0.383507  0.497630  0.395872  0.401920  0.730242  0.483921  0.459027  0.386494  0.665030  0.751025  0.383308  0.513562  0.534964  0.386879  0.379700  0.350021  0.437547  0.533383  0.710847  0.906382  0.787531  0.524256  0.505217  0.374070  0.619096  0.771022  0.537951  0.780293  0.548286  0.372213  0.550791  0.762798  0.519674  0.511320  0.565662  0.550516  0.445670  0.447690  0.814386  0.804852  0.567147  0.783833  0.477415  0.696338 
40  0.263229  0.128370  0.280046  0.227319  0.424369  0.376793  0.268436  0.269898  0.282915  0.699702  0.330089  0.493156  0.158304  0.581953  0.275482  0.353247  0.480614  0.423570  0.265881  0.273708  0.400504  0.511777  0.293835  0.355402  0.628749  0.554762  0.440339  0.444558  0.600707  0.189073  0.250864  0.258220  0.140250  0.372128  0.338931  0.483236  0.662988  0.411930  0.225848  0.275702 0.0  0.085494  0.637367  0.106714  0.179855  0.286752  0.457028  0.199433  0.238305  0.476369  0.326124  0.341602  0.085999  0.570694  0.672978  0.182244  0.427697  0.520377  0.295007  0.309909  0.286187  0.354004  0.360988  0.691039  0.656979  0.639949  0.409953  0.248708  0.378944  0.461474  0.626145  0.513933  0.618305  0.421236  0.142483  0.393764  0.632178  0.381081  0.497642  0.490206  0.537980  0.408263  0.344091  0.741102  0.654476  0.433667  0.770790  0.315553  0.583190 
41  0.240144  0.167511  0.212815  0.214585  0.290370  0.432497  0.215346  0.197120  0.090775  0.722944  0.253069  0.481683  0.106783  0.655324  0.303336  0.429631  0.380171  0.496773  0.284534  0.345986  0.271986  0.560722  0.372358  0.390925  0.613453  0.479299  0.505704  0.390975  0.600086  0.189650  0.155855  0.314250  0.110440  0.348341  0.426039  0.566476  0.611756  0.482072  0.180028  0.085494  0.085494 0.0  0.563099  0.253518  0.190754  0.095957  0.533268  0.148791  0.209811  0.585180  0.330994  0.321299  0.171108  0.608560  0.460466  0.165091  0.304571  0.463059  0.338007  0.383979  0.327393  0.282746  0.391704  0.678426  0.718726  0.697054  0.321977  0.249508  0.328937  0.358660  0.586229  0.402332  0.790203  0.389660  0.258306  0.410100  0.555742  0.359628  0.455907  0.361884  0.431637  0.430323  0.538304  0.659671  0.582859  0.355605  0.534361  0.292384  0.591893 
42  0.437936  0.641024  0.446879  0.457777  0.477646  0.343991  0.591783  0.616076  0.638405  0.200725  0.527956  0.303963  0.609862  0.269510  0.534342  0.333372  0.962224  0.400986  0.283228  0.372712  0.517511  0.153041  0.398238  0.427849  0.118517  0.355793  0.906130  0.271385  0.182489  0.660053  0.538711  0.422229  0.800213  0.540691  0.283107  0.225277  0.157613  0.619800  0.450581  0.760197  0.637367  0.563099 0.0  0.635105  0.561865  0.534446  0.231280  0.564328  0.382779  0.269450  0.502901  0.460604  0.436054  0.784069  0.150353  0.658126  0.424801  0.324156  0.519832  0.468359  0.548455  0.551926  0.258482  0.144638  0.103876  0.098622  0.638616  0.390002  0.563672  0.527157  0.149104  0.322052  0.232146  0.336747  0.573278  0.251985  0.202471  0.394591  0.288862  0.247100  0.235132  0.398320  0.428434  0.250533  0.200332  0.337422  0.273276  0.654403  0.085494 
43  0.347365  0.157285  0.218484  0.311318  0.423444  0.310418  0.218192  0.307895  0.195352  0.744109  0.294730  0.539623  0.126369  0.564838  0.307939  0.328627  0.367416  0.429969  0.342142  0.348216  0.263862  0.558956  0.312727  0.300886  0.694698  0.506475  0.593034  0.454956  0.511773  0.085494  0.274175  0.298658  0.176481  0.329922  0.403618  0.475312  0.674524  0.307160  0.185614  0.289073  0.106714  0.253518  0.635105 0.0  0.225092  0.160818  0.455718  0.296466  0.270705  0.494248  0.319647  0.297327  0.228329  0.501087  0.512181  0.091721  0.327617  0.451618  0.205723  0.332625  0.267352  0.331658  0.368363  0.593149  0.673947  0.623738  0.276231  0.225297  0.266075  0.380328  0.594676  0.426909  0.549964  0.426167  0.276195  0.481242  0.613737  0.342871  0.447495  0.371811  0.424722  0.457100  0.388421  0.650159  0.738659  0.450538  0.585668  0.327012  0.613213 
44  0.166764  0.176782  0.271430  0.208022  0.141381  0.245533  0.326405  0.237913  0.296193  0.590902  0.358490  0.329216  0.115248  0.414821  0.212478  0.267339  0.429162  0.301822  0.245422  0.246799  0.233583  0.462630  0.265522  0.236494  0.481519  0.361949  0.589450  0.263703  0.450191  0.295771  0.183842  0.145371  0.267413  0.273813  0.185304  0.328384  0.492332  0.307406  0.086513  0.350397  0.179855  0.190754  0.561865  0.225092 0.0  0.194096  0.341234  0.180742  0.193707  0.324263  0.184531  0.232912  0.161328  0.498864  0.416014  0.136165  0.172662  0.259023  0.161793  0.256436  0.190915  0.231819  0.230851  0.429879  0.594834  0.589957  0.267041  0.153241  0.200049  0.298824  0.481312  0.254158  0.460879  0.344838  0.085494  0.250343  0.505689  0.270238  0.404354  0.284398  0.253608  0.334202  0.324111  0.594601  0.414097  0.278212  0.459995  0.277792  0.468624 
