89
0 0.0  0.158234  0.156520  0.093400  0.138141  0.341631  0.218073  0.248271  0.226652  0.486217  0.167501  0.307990  0.215769  0.395283  0.179409  0.262418  0.487883  0.200354  0.100196  0.214830  0.142953  0.437517  0.172033  0.107911  0.446602  0.335709  0.568212  0.236995  0.485154  0.257824  0.121004  0.254298  0.291757  0.232726  0.244408  0.348866  0.371293  0.197734  0.130029  0.478185  0.279274  0.218334  0.450453  0.228860  0.126363  0.194470  0.206243  0.222548  0.152799  0.367037  0.159681  0.084979  0.212203  0.430599  0.342787  0.229105  0.107055  0.354890  0.085140  0.075096  0.219715  0.161560  0.421221  0.523663  0.596289  0.460184  0.216295  0.145024  0.160191  0.216262  0.358925  0.198520  0.432308  0.375391  0.203847  0.283506  0.489482  0.262634  0.240605  0.231466  0.312305  0.154115  0.112395  0.472481  0.493118  0.323104  0.508178  0.310193  0.534742 
1  0.158234 0.0  0.257548  0.281399  0.309656  0.432627  0.151987  0.252652  0.231821  0.720365  0.326921  0.422500  0.179388  0.500187  0.196248  0.421429  0.411251  0.471518  0.313938  0.423541  0.352673  0.613217  0.454180  0.354783  0.635198  0.370904  0.450430  0.474433  0.536384  0.185074  0.173719  0.269109  0.184504  0.247435  0.520963  0.569731  0.641366  0.319227  0.256028  0.308140  0.228131  0.173209  0.774749  0.136397  0.226246  0.160500  0.371936  0.213497  0.253659  0.472483  0.190830  0.201070  0.202460  0.488163  0.513563  0.133401  0.358784  0.401300  0.187332  0.310265  0.148709  0.131260  0.393986  0.624079  0.582460  0.681245  0.288317  0.278293  0.248523  0.243796  0.596251  0.468632  0.649558  0.442409  0.262734  0.419671  0.568237  0.345787  0.492735  0.412612  0.432529  0.334076  0.406147  0.623589  0.753644  0.367786  0.616832  0.194117  0.557596 
2  0.156520  0.257548 0.0  0.210829  0.292246  0.313625  0.075096  0.216286  0.252153  0.578882  0.180678  0.375090  0.253778  0.533424  0.166337  0.305883  0.389336  0.388452  0.220704  0.181696  0.075096  0.523492  0.134272  0.252050  0.595154  0.446690  0.460124  0.399003  0.520149  0.113625  0.083498  0.241659  0.215185  0.232674  0.270823  0.409865  0.533866  0.159281  0.282773  0.471865  0.314445  0.369405  0.426968  0.351132  0.239444  0.106832  0.329679  0.089794  0.075096  0.404337  0.075096  0.181763  0.174892  0.429975  0.523001  0.238784  0.144639  0.433674  0.222566  0.250439  0.119208  0.127869  0.265653  0.605742  0.659194  0.459067  0.176172  0.277276  0.084481  0.120889  0.426690  0.214548  0.618762  0.416088  0.214200  0.288734  0.467755  0.201972  0.454876  0.335633  0.352027  0.182424  0.225503  0.476328  0.554531  0.553559  0.574207  0.246479  0.594311 
3  0.093400  0.281399  0.210829 0.0  0.075096  0.136330  0.247164  0.204469  0.223524  0.608963  0.147522  0.358418  0.209304  0.315444  0.145266  0.222176  0.483164  0.285239  0.187904  0.247526  0.141803  0.427110  0.075096  0.135473  0.612550  0.339024  0.550411  0.151456  0.470852  0.288893  0.075096  0.234605  0.275112  0.292643  0.300502  0.357871  0.568476  0.214153  0.149969  0.459422  0.281124  0.212385  0.606468  0.258198  0.190607  0.210442  0.252981  0.102798  0.075096  0.233258  0.075096  0.079670  0.135540  0.442529  0.446495  0.221075  0.134540  0.266985  0.239601  0.075096  0.093273  0.249251  0.258948  0.460420  0.563595  0.403511  0.345403  0.075096  0.156891  0.262141  0.303238  0.298670  0.525690  0.267870  0.103286  0.155794  0.402467  0.107501  0.422124  0.198659  0.258276  0.192000  0.075096  0.491040  0.389360  0.324937  0.407373  0.339531  0.591000 
4  0.138141  0.309656  0.292246  0.075096 0.0  0.266139  0.173872  0.272867  0.329248  0.393644  0.075096  0.289801  0.190164  0.363521  0.117959  0.193150  0.418764  0.241315  0.145924  0.252275  0.140634  0.480832  0.124410  0.144127  0.286426  0.328298  0.577348  0.197508  0.295184  0.430471  0.151303  0.203790  0.247459  0.133072  0.243473  0.274203  0.384342  0.329126  0.149686  0.383068  0.249094  0.256757  0.405006  0.198244  0.195537  0.227246  0.240764  0.160350  0.131602  0.379465  0.075096  0.211919  0.167691  0.434342  0.404421  0.281259  0.099592  0.232131  0.249014  0.178832  0.124728  0.152664  0.172479  0.391957  0.453076  0.396870  0.204488  0.258763  0.194671  0.372448  0.253564  0.176978  0.338354  0.393490  0.172483  0.221909  0.320448  0.075096  0.353405  0.217185  0.228180  0.224055  0.130644  0.366941  0.501201  0.189634  0.429706  0.315512  0.483284 
5  0.341631  0.432627  0.313625  0.136330  0.266139 0.0  0.359566  0.252895  0.496756  0.455771  0.262954  0.179815  0.320189  0.159719  0.231521  0.105672  0.739271  0.140258  0.203469  0.075096  0.235460  0.183523  0.267565  0.208164  0.411485  0.169360  0.808543  0.119691  0.219370  0.390585  0.277517  0.183353  0.329728  0.407792  0.115842  0.184650  0.305479  0.262323  0.232129  0.506263  0.381765  0.374302  0.428633  0.427554  0.252023  0.309432  0.075096  0.311826  0.176718  0.114713  0.341140  0.194606  0.195401  0.552562  0.266696  0.275115  0.271451  0.183450  0.257869  0.207157  0.354041  0.361531  0.126995  0.328832  0.428120  0.351540  0.431866  0.235277  0.282892  0.413441  0.281496  0.084109  0.396417  0.169523  0.258493  0.220319  0.314704  0.176107  0.151467  0.169085  0.112693  0.146136  0.193647  0.310103  0.330761  0.140358  0.287894  0.372575  0.250331 
6  0.218073  0.151987  0.075096  0.247164  0.173872  0.359566 0.0  0.280132  0.341854  0.656505  0.198510  0.452550  0.272731  0.576338  0.160947  0.366494  0.231766  0.404292  0.253331  0.324892  0.215606  0.620116  0.198226  0.330805  0.605325  0.423960  0.449023  0.413805  0.519018  0.129724  0.159891  0.159801  0.100309  0.325312  0.260462  0.487053  0.622395  0.332552  0.214478  0.468582  0.288294  0.244705  0.695846  0.294821  0.218231  0.075096  0.271602  0.155445  0.149074  0.483047  0.158436  0.255974  0.222178  0.374471  0.567158  0.333033  0.220361  0.429144  0.256618  0.210179  0.200424  0.152065  0.448335  0.699472  0.673311  0.542264  0.115008  0.191084  0.080736  0.247701  0.505464  0.414133  0.555916  0.415500  0.204581  0.458720  0.461920  0.272044  0.349927  0.461504  0.364983  0.392481  0.322731  0.721010  0.615262  0.347808  0.695992  0.119727  0.581813 
7  0.248271  0.252652  0.216286  0.204469  0.272867  0.252895  0.280132 0.0  0.227195  0.510171  0.312507  0.299344  0.075096  0.344958  0.233208  0.238445  0.524808  0.332823  0.207424  0.158131  0.166413  0.447943  0.145683  0.150619  0.538095  0.302519  0.593811  0.242586  0.381661  0.273440  0.295047  0.188789  0.165313  0.294150  0.297204  0.288970  0.341671  0.366502  0.123701  0.416819  0.304428  0.196642  0.635538  0.233790  0.075096  0.258940  0.199073  0.245607  0.216688  0.283804  0.258244  0.075096  0.076684  0.509599  0.383669  0.287190  0.197764  0.271251  0.217958  0.229941  0.174555  0.360969  0.170231  0.398053  0.541645  0.462129  0.285316  0.171460  0.252406  0.542124  0.402840  0.185844  0.426157  0.297167  0.205936  0.237922  0.388804  0.296568  0.325266  0.259996  0.172614  0.298334  0.274978  0.470877  0.501396  0.272094  0.543627  0.365463  0.463640 
8  0.226652  0.231821  0.252153  0.223524  0.329248  0.496756  0.341854  0.227195 0.0  0.645853  0.347076  0.493515  0.254852  0.616959  0.299113  0.516833  0.465418  0.504760  0.444184  0.422011  0.377113  0.530725  0.309721  0.371365  0.792145  0.495928  0.547359  0.456892  0.678899  0.088075  0.225558  0.338887  0.087781  0.368351  0.468040  0.522019  0.618315  0.342016  0.203233  0.437272  0.098190  0.200149  0.696750  0.083189  0.221230  0.229088  0.389083  0.272495  0.360477  0.625612  0.317343  0.257519  0.247587  0.326292  0.555999  0.248836  0.279424  0.479663  0.367074  0.289370  0.336299  0.296761  0.462546  0.637277  0.819196  0.791247  0.171124  0.248755  0.235615  0.518824  0.654176  0.465655  0.607302  0.554801  0.199493  0.374760  0.616413  0.316084  0.522384  0.526779  0.335458  0.382646  0.480459  0.659243  0.783684  0.456439  0.650835  0.265959  0.594178 
9  0.486217  0.720365  0.578882  0.608963  0.393644  0.455771  0.656505  0.510171  0.645853 0.0  0.446095  0.227768  0.702673  0.213278  0.545800  0.315261  0.814344  0.423672  0.484429  0.409356  0.471012  0.196070  0.432195  0.444946  0.180315  0.253781  0.916694  0.298967  0.109909  0.577506  0.570311  0.463509  0.669431  0.580714  0.360204  0.390794  0.217798  0.542587  0.466086  0.887898  0.657421  0.654271  0.108238  0.627277  0.504171  0.641146  0.440356  0.575016  0.572489  0.366820  0.454477  0.502194  0.584479  0.682918  0.244130  0.664651  0.458841  0.500183  0.548165  0.536318  0.492785  0.589407  0.320795  0.115064  0.075096  0.075096  0.567644  0.489454  0.530905  0.589973  0.203781  0.322419  0.195465  0.440170  0.569264  0.331745  0.161269  0.569473  0.412115  0.376400  0.416668  0.385502  0.380463  0.127129  0.136426  0.279256  0.137096  0.752320  0.157308 
10  0.167501  0.326921  0.180678  0.147522  0.075096  0.262954  0.198510  0.312507  0.347076  0.446095 0.0  0.255573  0.327788  0.244552  0.106281  0.202868  0.507022  0.332499  0.188038  0.188624  0.075096  0.381309  0.110177  0.195080  0.539768  0.259533  0.502683  0.265887  0.409593  0.278019  0.108033  0.180814  0.382875  0.147820  0.348709  0.335772  0.515375  0.170316  0.075096  0.577050  0.274277  0.281113  0.497345  0.314864  0.269814  0.227542  0.213285  0.132478  0.206772  0.411446  0.155256  0.241075  0.235663  0.309263  0.463947  0.119723  0.094427  0.287581  0.075096  0.075096  0.120282  0.156033  0.392821  0.441238  0.531460  0.428166  0.123116  0.221646  0.079008  0.238364  0.441622  0.218888  0.399952  0.186161  0.130760  0.097943  0.357436  0.177301  0.376525  0.169652  0.325952  0.141092  0.176361  0.524349  0.402167  0.311725  0.433955  0.264912  0.495499 
11  0.307990  0.422500  0.375090  0.358418  0.289801  0.179815  0.452550  0.299344  0.493515  0.227768  0.255573 0.0  0.361011  0.170934  0.303430  0.078039  0.708382  0.082586  0.213382  0.125632  0.340656  0.146094  0.403709  0.233222  0.239416  0.159431  0.726323  0.146275  0.198400  0.503552  0.373173  0.295315  0.506846  0.375215  0.152464  0.075096  0.137777  0.307730  0.289522  0.665001  0.444238  0.469438  0.274746  0.431726  0.238055  0.480752  0.213908  0.473732  0.322659  0.099237  0.327480  0.204163  0.246107  0.642827  0.217988  0.432886  0.322026  0.097330  0.397517  0.404052  0.339763  0.377431  0.155736  0.243413  0.269327  0.192068  0.458370  0.234023  0.327140  0.441409  0.206169  0.253390  0.292500  0.168078  0.364830  0.155113  0.152427  0.300310  0.075096  0.075096  0.313403  0.262623  0.226850  0.348567  0.233852  0.120040  0.167708  0.622749  0.205331 
12  0.215769  0.179388  0.253778  0.209304  0.190164  0.320189  0.272731  0.075096  0.254852  0.702673  0.327788  0.361011 0.0  0.580496  0.251583  0.339451  0.442433  0.276039  0.252118  0.367304  0.168844  0.360905  0.346298  0.187044  0.539305  0.439350  0.506160  0.450018  0.577111  0.215681  0.187164  0.301125  0.115407  0.252866  0.344073  0.465511  0.578978  0.451818  0.222747  0.201634  0.161154  0.232378  0.538860  0.094451  0.177362  0.204964  0.342170  0.152520  0.283553  0.346510  0.352322  0.209042  0.215687  0.541314  0.473441  0.143878  0.253683  0.338352  0.122027  0.191039  0.228087  0.239040  0.298718  0.647718  0.576199  0.545344  0.304016  0.225860  0.254989  0.392263  0.523823  0.478541  0.587508  0.339277  0.131916  0.376670  0.553127  0.419501  0.517126  0.503332  0.328471  0.327795  0.321311  0.597951  0.604420  0.231048  0.539071  0.386799  0.500044 
13  0.395283  0.500187  0.533424  0.315444  0.363521  0.159719  0.576338  0.344958  0.616959  0.213278  0.244552  0.170934  0.580496 0.0  0.388880  0.210398  0.766358  0.180387  0.293449  0.256432  0.412267  0.075096  0.268381  0.278365  0.177845  0.107784  0.953011  0.237668  0.075096  0.605744  0.550636  0.379912  0.574946  0.500991  0.204327  0.075096  0.112798  0.394963  0.403086  0.697149  0.449516  0.522294  0.176250  0.595456  0.396154  0.593770  0.231687  0.472268  0.360309  0.123387  0.560584  0.380567  0.421789  0.694928  0.075096  0.446415  0.339295  0.144900  0.525372  0.361540  0.400932  0.443311  0.250824  0.164146  0.261686  0.170831  0.513067  0.541872  0.542624  0.549813  0.112468  0.115165  0.216607  0.172226  0.522334  0.258849  0.167960  0.378622  0.263423  0.176748  0.228122  0.332826  0.277167  0.127141  0.241627  0.311765  0.292118  0.618991  0.165711 
14  0.179409  0.196248  0.166337  0.145266  0.117959  0.231521  0.160947  0.233208  0.299113  0.545800  0.106281  0.303430  0.251583  0.388880 0.0  0.249790  0.413153  0.294443  0.104249  0.283445  0.101239  0.410446  0.075096  0.213144  0.449924  0.408002  0.532097  0.301242  0.485388  0.302936  0.112154  0.181200  0.258152  0.279548  0.260335  0.323276  0.515140  0.139531  0.237884  0.386559  0.241146  0.238397  0.544429  0.284304  0.076304  0.235754  0.186895  0.121083  0.126836  0.345660  0.075096  0.075096  0.229303  0.402772  0.396207  0.134604  0.125402  0.331522  0.254308  0.075096  0.095793  0.153799  0.309418  0.523236  0.574014  0.515982  0.262760  0.207226  0.128437  0.234179  0.451887  0.259034  0.419318  0.366677  0.115091  0.207661  0.442382  0.211129  0.289142  0.172133  0.357585  0.283190  0.207587  0.578463  0.418413  0.421869  0.434139  0.224242  0.432331 
15  0.262418  0.421429  0.305883  0.222176  0.193150  0.105672  0.366494  0.238445  0.516833  0.315261  0.202868  0.078039  0.339451  0.210398  0.249790 0.0  0.637748  0.135833  0.075096  0.130480  0.147429  0.218172  0.133158  0.243718  0.375770  0.197460  0.748374  0.075096  0.209598  0.485776  0.321153  0.110011  0.411842  0.381545  0.107915  0.210187  0.239022  0.354534  0.261286  0.533120  0.427016  0.342818  0.400436  0.356308  0.295831  0.299840  0.135854  0.417495  0.286378  0.170896  0.311794  0.261000  0.075096  0.565455  0.226199  0.284205  0.304809  0.090743  0.312209  0.231727  0.267244  0.404876  0.075096  0.241749  0.402655  0.332265  0.574506  0.183257  0.376006  0.358663  0.228625  0.191120  0.254183  0.075096  0.328559  0.075096  0.291423  0.168632  0.100423  0.123300  0.172509  0.169131  0.152605  0.347900  0.292425  0.147643  0.348067  0.403568  0.344626 
16  0.487883  0.411251  0.389336  0.483164  0.418764  0.739271  0.231766  0.524808  0.465418  0.814344  0.507022  0.708382  0.442433  0.766358  0.413153  0.637748 0.0  0.626358  0.654351  0.586218  0.504186  0.694767  0.553576  0.462785  0.971582  0.724366  0.095449  0.676109  0.861957  0.353562  0.397234  0.604591  0.440844  0.445573  0.730190  0.864174  0.893984  0.534822  0.542741  0.478636  0.475307  0.453747  0.872074  0.461334  0.483419  0.368293  0.621795  0.522211  0.498051  0.668293  0.397463  0.447058  0.500694  0.465773  0.914216  0.356551  0.482262  0.657560  0.544392  0.492845  0.492054  0.470471  0.729177  0.825988  0.874473  0.973045  0.437346  0.601614  0.401486  0.432588  0.957894  0.723336  0.943781  0.699789  0.477454  0.697165  0.722354  0.595820  0.789192  0.735009  0.688346  0.656218  0.565254  0.829872  0.805875  0.781197  1.000000  0.306816  0.875206 
17  0.200354  0.471518  0.388452  0.285239  0.241315  0.140258  0.404292  0.332823  0.504760  0.423672  0.332499  0.082586  0.276039  0.180387  0.294443  0.135833  0.626358 0.0  0.078951  0.075096  0.308594  0.075096  0.262126  0.111723  0.210811  0.075096  0.811307  0.102986  0.271323  0.556858  0.307147  0.154014  0.399707  0.401885  0.075096  0.083926  0.278251  0.388859  0.274212  0.551947  0.539260  0.391377  0.279461  0.406242  0.278102  0.467157  0.208339  0.406669  0.304879  0.150276  0.307364  0.229738  0.243445  0.635499  0.196996  0.449515  0.316436  0.075096  0.420839  0.280189  0.305862  0.476631  0.131203  0.328633  0.400301  0.354247  0.326623  0.189607  0.465723  0.539546  0.161326  0.082531  0.276166  0.075096  0.254990  0.160053  0.203574  0.197219  0.075096  0.106104  0.099435  0.295544  0.292770  0.331345  0.327905  0.075096  0.183190  0.559450  0.277549 
18  0.100196  0.313938  0.220704  0.187904  0.145924  0.203469  0.253331  0.207424  0.444184  0.484429  0.188038  0.213382  0.252118  0.293449  0.104249  0.075096  0.654351  0.078951 0.0  0.075096  0.225240  0.397141  0.270412  0.120589  0.417767  0.130462  0.739452  0.228114  0.386500  0.342744  0.345867  0.092208  0.261680  0.352357  0.253015  0.253596  0.331495  0.296486  0.126143  0.492158  0.326584  0.262633  0.482325  0.305028  0.211034  0.401422  0.075096  0.228104  0.151079  0.229951  0.208718  0.132660  0.203356  0.496300  0.197071  0.210364  0.135223  0.136986  0.223507  0.170313  0.262151  0.362400  0.113668  0.305552  0.534600  0.320934  0.377666  0.208491  0.171877  0.447097  0.373651  0.211161  0.387455  0.156849  0.140336  0.116742  0.410352  0.159582  0.244379  0.170248  0.170640  0.239267  0.221990  0.359410  0.330974  0.162698  0.435133  0.424277  0.273329 
19  0.214830  0.423541  0.181696  0.247526  0.252275  0.075096  0.324892  0.158131  0.422011  0.409356  0.188624  0.125632  0.367304  0.256432  0.283445  0.130480  0.586218  0.075096  0.075096 0.0  0.273817  0.248375  0.183298  0.113962  0.463355  0.130755  0.766524  0.159222  0.304564  0.431397  0.252511  0.169298  0.289892  0.342968  0.075096  0.159654  0.372551  0.303707  0.185060  0.439426  0.391385  0.336649  0.234396  0.377747  0.183849  0.452324  0.075096  0.286082  0.231794  0.189303  0.211547  0.187039  0.075096  0.681618  0.115309  0.367460  0.321673  0.144410  0.266456  0.263176  0.216423  0.343605  0.154636  0.324616  0.423306  0.371366  0.381187  0.192336  0.307052  0.426808  0.283164  0.127320  0.340708  0.081572  0.162888  0.075096  0.224629  0.148550  0.128627  0.138691  0.075096  0.230637  0.175954  0.364867  0.257512  0.167282  0.332953  0.437546  0.365452 
20  0.142953  0.352673  0.075096  0.141803  0.140634  0.235460  0.215606  0.166413  0.377113  0.471012  0.075096  0.340656  0.168844  0.412267  0.101239  0.147429  0.504186  0.308594  0.225240  0.273817 0.0  0.506059  0.158415  0.279338  0.574824  0.348916  0.410200  0.244639  0.407334  0.235000  0.191820  0.158792  0.318995  0.249213  0.339929  0.387827  0.468635  0.147438  0.113112  0.383882  0.330343  0.323832  0.442366  0.229705  0.261809  0.140670  0.205372  0.239209  0.196546  0.345733  0.083286  0.173548  0.235526  0.446841  0.463486  0.235195  0.114901  0.352791  0.188324  0.230222  0.075096  0.132831  0.364883  0.420313  0.496640  0.476691  0.173284  0.240533  0.086448  0.214296  0.354085  0.194144  0.500065  0.344623  0.124151  0.355140  0.374897  0.242565  0.367987  0.385627  0.327490  0.218223  0.138969  0.459816  0.526079  0.224824  0.543588  0.338466  0.476495 
21  0.437517  0.613217  0.523492  0.427110  0.480832  0.183523  0.620116  0.447943  0.530725  0.196070  0.381309  0.146094  0.360905  0.075096  0.410446  0.218172  0.694767  0.075096  0.397141  0.248375  0.506059 0.0  0.435283  0.314253  0.222588  0.164030  0.784864  0.252375  0.131862  0.654902  0.496682  0.392349  0.452939  0.377737  0.281962  0.114498  0.116908  0.397895  0.362475  0.807057  0.678826  0.553177  0.105396  0.575197  0.490251  0.584109  0.337069  0.544133  0.418554  0.188478  0.454117  0.381459  0.419342  0.686551  0.075096  0.493153  0.385076  0.310160  0.424673  0.413214  0.426597  0.579146  0.233906  0.143552  0.274460  0.156949  0.669134  0.463989  0.535275  0.592726  0.182766  0.281166  0.243811  0.332625  0.405639  0.154681  0.194536  0.345061  0.176954  0.282391  0.318914  0.287757  0.415858  0.215870  0.116934  0.181355  0.075096  0.692061  0.177946 
22  0.172033  0.454180  0.134272  0.075096  0.124410  0.267565  0.198226  0.145683  0.309721  0.432195  0.110177  0.403709  0.346298  0.268381  0.075096  0.133158  0.553576  0.262126  0.270412  0.183298  0.158415  0.435283 0.0  0.113881  0.403493  0.334981  0.571552  0.248962  0.474456  0.291653  0.144247  0.115589  0.216920  0.252739  0.153579  0.199833  0.448361  0.173493  0.187924  0.422474  0.372094  0.371532  0.442737  0.366852  0.238325  0.295814  0.176824  0.176960  0.162125  0.316833  0.149239  0.075146  0.220500  0.452122  0.446499  0.276800  0.082897  0.320610  0.148740  0.189991  0.146167  0.134056  0.247866  0.455303  0.500485  0.516306  0.257407  0.168814  0.075096  0.260185  0.436435  0.182427  0.446782  0.137505  0.108628  0.279341  0.282778  0.219141  0.387266  0.195589  0.178600  0.111723  0.075096  0.460378  0.501840  0.302784  0.416661  0.384087  0.290430 
23  0.107911  0.354783  0.252050  0.135473  0.144127  0.208164  0.330805  0.150619  0.371365  0.444946  0.195080  0.233222  0.187044  0.278365  0.213144  0.243718  0.462785  0.111723  0.120589  0.113962  0.279338  0.314253  0.113881 0.0  0.435012  0.215088  0.614761  0.218437  0.336944  0.257068  0.234796  0.075096  0.180724  0.221434  0.204388  0.246221  0.338530  0.324966  0.075096  0.367104  0.272456  0.219936  0.417172  0.287528  0.216016  0.284271  0.118889  0.262557  0.075096  0.196714  0.250570  0.163142  0.172249  0.539245  0.359756  0.222044  0.190461  0.170185  0.167871  0.232624  0.137408  0.218630  0.176759  0.435383  0.463540  0.414997  0.370032  0.127480  0.296462  0.286027  0.303673  0.166273  0.466690  0.150388  0.201246  0.267640  0.310233  0.165187  0.337226  0.173094  0.323916  0.164851  0.261436  0.383279  0.395881  0.175900  0.392382  0.445720  0.359785 
24  0.446602  0.635198  0.595154  0.612550  0.286426  0.411485  0.605325  0.538095  0.792145  0.180315  0.539768  0.239416  0.539305  0.177845  0.449924  0.375770  0.971582  0.210811  0.417767  0.463355  0.574824  0.222588  0.403493  0.435012 0.0  0.136601  0.875326  0.299489  0.079499  0.634112  0.632540  0.258096  0.736807  0.570411  0.299093  0.281471  0.086333  0.538891  0.382607  0.805524  0.786277  0.692793  0.172362  0.687126  0.540867  0.595515  0.320811  0.601086  0.401178  0.210220  0.584953  0.569970  0.566785  0.853531  0.155789  0.574500  0.569438  0.198667  0.552886  0.536939  0.531972  0.583785  0.285889  0.131727  0.085045  0.122546  0.463036  0.484348  0.562129  0.641842  0.087308  0.350351  0.075682  0.249247  0.448486  0.279172  0.237756  0.473263  0.378981  0.370777  0.311333  0.389767  0.377123  0.075096  0.075096  0.240295  0.075096  0.696190  0.132323 
25  0.335709  0.370904  0.446690  0.339024  0.328298  0.169360  0.423960  0.302519  0.495928  0.253781  0.259533  0.159431  0.439350  0.107784  0.408002  0.197460  0.724366  0.075096  0.130462  0.130755  0.348916  0.164030  0.334981  0.215088  0.136601 0.0  0.738485  0.120019  0.310940  0.424339  0.384769  0.280187  0.390579  0.405873  0.075096  0.146830  0.277643  0.364826  0.475776  0.630333  0.456959  0.429178  0.153113  0.422478  0.405487  0.391567  0.128897  0.356310  0.364009  0.075465  0.309627  0.225494  0.241335  0.725339  0.081852  0.349165  0.191686  0.075096  0.441841  0.266914  0.378589  0.425579  0.075096  0.156631  0.319334  0.330425  0.382025  0.358524  0.365220  0.480777  0.136909  0.105997  0.226687  0.075096  0.383120  0.111723  0.149337  0.290174  0.114166  0.134583  0.147272  0.266620  0.275733  0.364570  0.293423  0.136899  0.261949  0.527798  0.340446 
26  0.568212  0.450430  0.460124  0.550411  0.577348  0.808543  0.449023  0.593811  0.547359  0.916694  0.502683  0.726323  0.506160  0.953011  0.532097  0.748374  0.095449  0.811307  0.739452  0.766524  0.410200  0.784864  0.571552  0.614761  0.875326  0.738485 0.0  0.719064  0.887054  0.448445  0.579173  0.483668  0.561226  0.483880  0.730496  0.807287  0.932861  0.432208  0.534828  0.661092  0.573670  0.482868  0.863723  0.453923  0.628453  0.407455  0.761165  0.511216  0.484889  0.780306  0.513392  0.606804  0.678033  0.308551  0.890232  0.453810  0.554624  0.800753  0.523293  0.536766  0.446123  0.471341  0.837889  0.914005  0.980910  0.938160  0.371255  0.726534  0.476144  0.355121  0.933230  0.671015  0.899366  0.750550  0.625297  0.823851  0.860700  0.726115  0.851787  0.763144  0.719919  0.635461  0.709812  0.944142  0.920503  0.754222  0.919824  0.421611  0.862568 
27  0.236995  0.474433  0.399003  0.151456  0.197508  0.119691  0.413805  0.242586  0.456892  0.298967  0.265887  0.146275  0.450018  0.237668  0.301242  0.075096  0.676109  0.102986  0.228114  0.159222  0.244639  0.252375  0.248962  0.218437  0.299489  0.120019  0.719064 0.0  0.227224  0.455585  0.343714  0.117188  0.404905  0.466162  0.075096  0.196481  0.237352  0.403430  0.220461  0.519578  0.545211  0.420872  0.357592  0.410155  0.288802  0.438342  0.078066  0.393559  0.375472  0.100096  0.360460  0.257092  0.289305  0.741548  0.281908  0.411476  0.259873  0.185657  0.263543  0.292142  0.287464  0.325234  0.075096  0.256353  0.348322  0.250345  0.359286  0.275954  0.283180  0.447928  0.271555  0.083444  0.380083  0.140256  0.161236  0.111208  0.290211  0.228796  0.205296  0.109401  0.203428  0.256300  0.183596  0.296657  0.200716  0.279075  0.356971  0.516823  0.300603 
28  0.485154  0.536384  0.520149  0.470852  0.295184  0.219370  0.519018  0.381661  0.678899  0.109909  0.409593  0.198400  0.577111  0.075096  0.485388  0.209598  0.861957  0.271323  0.386500  0.304564  0.407334  0.131862  0.474456  0.336944  0.079499  0.310940  0.887054  0.227224 0.0  0.684258  0.509270  0.365610  0.628854  0.628876  0.383782  0.299204  0.153895  0.408327  0.445964  0.608428  0.578295  0.525241  0.075096  0.587729  0.455406  0.666415  0.295848  0.443765  0.411868  0.183502  0.401377  0.512318  0.346477  0.787358  0.075096  0.429957  0.461624  0.235987  0.438724  0.359031  0.398321  0.452329  0.164579  0.204468  0.176525  0.216982  0.536481  0.396340  0.540501  0.557765  0.075096  0.231968  0.107165  0.209947  0.477866  0.144429  0.098214  0.410577  0.219014  0.301027  0.325514  0.369283  0.293235  0.075096  0.201806  0.297057  0.093780  0.624841  0.156080 
29  0.257824  0.185074  0.113625  0.288893  0.430471  0.390585  0.129724  0.273440  0.088075  0.577506  0.278019  0.503552  0.215681  0.605744  0.302936  0.485776  0.353562  0.556858  0.342744  0.431397  0.235000  0.654902  0.291653  0.257068  0.634112  0.424339  0.448445  0.455585  0.684258 0.0  0.195139  0.271851  0.156161  0.297707  0.464417  0.563109  0.651756  0.302573  0.329717  0.308883  0.098812  0.224196  0.552904  0.191059  0.289015  0.189271  0.379648  0.274848  0.268698  0.547638  0.197371  0.245006  0.329976  0.355434  0.654607  0.193762  0.229980  0.386257  0.177230  0.260589  0.296505  0.221753  0.404256  0.657764  0.740748  0.685787  0.222413  0.323030  0.165548  0.276107  0.636363  0.389262  0.649975  0.447979  0.179908  0.497164  0.525400  0.393467  0.491495  0.495084  0.636810  0.350131  0.308475  0.762958  0.641223  0.438764  0.603757  0.268065  0.574137 
30  0.121004  0.173719  0.083498  0.075096  0.151303  0.277517  0.159891  0.295047  0.225558  0.570311  0.108033  0.373173  0.187164  0.550636  0.112154  0.321153  0.397234  0.307147  0.345867  0.252511  0.191820  0.496682  0.144247  0.234796  0.632540  0.384769  0.579173  0.343714  0.509270  0.195139 0.0  0.191385  0.217618  0.276730  0.390882  0.375930  0.511396  0.218417  0.257805  0.421471  0.236972  0.299600  0.609018  0.247087  0.206751  0.075096  0.202454  0.147283  0.189781  0.432404  0.158526  0.261811  0.232148  0.477373  0.494838  0.190542  0.190370  0.289218  0.075096  0.109729  0.104033  0.133394  0.289105  0.574885  0.523759  0.557894  0.214532  0.200818  0.192851  0.223565  0.386411  0.321831  0.498504  0.455265  0.172298  0.237626  0.447055  0.220140  0.364480  0.323381  0.296120  0.178985  0.260800  0.475911  0.663167  0.391801  0.418674  0.196712  0.525339 
31  0.254298  0.269109  0.241659  0.234605  0.203790  0.183353  0.159801  0.188789  0.338887  0.463509  0.180814  0.295315  0.301125  0.379912  0.181200  0.110011  0.604591  0.154014  0.092208  0.169298  0.158792  0.392349  0.115589  0.075096  0.258096  0.280187  0.483668  0.117188  0.365610  0.271851  0.191385 0.0  0.398914  0.178527  0.137187  0.204058  0.386800  0.311099  0.202898  0.498927  0.352596  0.123539  0.439203  0.236187  0.168352  0.238364  0.075096  0.256809  0.153127  0.227347  0.206100  0.140142  0.132032  0.534456  0.309221  0.273474  0.184809  0.230114  0.116687  0.132690  0.152769  0.289986  0.228029  0.484805  0.565885  0.380555  0.345013  0.075096  0.238376  0.390908  0.306948  0.234855  0.328390  0.191330  0.199674  0.091321  0.333172  0.105767  0.283051  0.260623  0.162458  0.183902  0.170493  0.396141  0.458097  0.191078  0.472774  0.359490  0.339983 
32  0.291757  0.184504  0.215185  0.275112  0.247459  0.329728  0.100309  0.165313  0.087781  0.669431  0.382875  0.506846  0.115407  0.574946  0.258152  0.411842  0.440844  0.399707  0.261680  0.289892  0.318995  0.452939  0.216920  0.180724  0.736807  0.390579  0.561226  0.404905  0.628854  0.156161  0.217618  0.398914 0.0  0.382675  0.416740  0.452289  0.531887  0.492626  0.158727  0.330584  0.075096  0.075096  0.592959  0.075096  0.117083  0.275930  0.330560  0.339790  0.203386  0.454708  0.149300  0.308752  0.149776  0.466487  0.582978  0.164802  0.268934  0.386233  0.140041  0.245747  0.327319  0.186631  0.397973  0.604107  0.732575  0.656873  0.249604  0.205699  0.312628  0.424988  0.586119  0.308194  0.582073  0.400226  0.220517  0.322286  0.511196  0.195192  0.452569  0.377777  0.371537  0.405046  0.452206  0.653203  0.587284  0.411325  0.685045  0.213232  0.626588 
33  0.232726  0.247435  0.232674  0.292643  0.133072  0.407792  0.325312  0.294150  0.368351  0.580714  0.147820  0.375215  0.252866  0.500991  0.279548  0.381545  0.445573  0.401885  0.352357  0.342968  0.249213  0.377737  0.252739  0.221434  0.570411  0.405873  0.483880  0.466162  0.628876  0.297707  0.276730  0.178527  0.382675 0.0  0.314496  0.469996  0.553865  0.176551  0.262658  0.540814  0.393240  0.411389  0.514640  0.396769  0.256877  0.215072  0.320196  0.152695  0.123415  0.416300  0.200415  0.304445  0.273730  0.337555  0.512839  0.259091  0.264820  0.448030  0.236553  0.320862  0.267637  0.163996  0.419384  0.506294  0.679505  0.507294  0.217467  0.326192  0.134375  0.173371  0.463382  0.410169  0.478059  0.413998  0.212679  0.398313  0.448471  0.164987  0.437880  0.329296  0.325129  0.266809  0.168034  0.619740  0.574747  0.493355  0.478739  0.300646  0.572717 
34  0.244408  0.520963  0.270823  0.300502  0.243473  0.115842  0.260462  0.297204  0.468040  0.360204  0.348709  0.152464  0.344073  0.204327  0.260335  0.107915  0.730190  0.075096  0.253015  0.075096  0.339929  0.281962  0.153579  0.204388  0.299093  0.075096  0.730496  0.075096  0.383782  0.464417  0.390882  0.137187  0.416740  0.314496 0.0  0.209134  0.335565  0.477408  0.226677  0.504877  0.314276  0.374374  0.305763  0.268217  0.389410  0.318646  0.075096  0.325771  0.181422  0.148628  0.258482  0.297816  0.311621  0.456658  0.212259  0.329322  0.184185  0.075096  0.259631  0.282904  0.319618  0.477872  0.075096  0.259280  0.398309  0.310886  0.481748  0.193053  0.310722  0.501209  0.270152  0.085849  0.303168  0.109490  0.349223  0.129590  0.318264  0.195750  0.075096  0.075096  0.075096  0.167904  0.196537  0.256310  0.229697  0.197171  0.365904  0.457879  0.116390 
35  0.348866  0.569731  0.409865  0.357871  0.274203  0.184650  0.487053  0.288970  0.522019  0.390794  0.335772  0.075096  0.465511  0.075096  0.323276  0.210187  0.864174  0.083926  0.253596  0.159654  0.387827  0.114498  0.199833  0.246221  0.281471  0.146830  0.807287  0.196481  0.299204  0.563109  0.375930  0.204058  0.452289  0.469996  0.209134 0.0  0.221423  0.264013  0.337860  0.623030  0.488689  0.533692  0.247658  0.519552  0.398120  0.511918  0.238987  0.363577  0.267749  0.139308  0.417724  0.303101  0.341667  0.602269  0.108102  0.412036  0.372595  0.181222  0.368252  0.471727  0.426628  0.344337  0.209750  0.263006  0.209716  0.258867  0.526020  0.299924  0.412283  0.593670  0.126555  0.217488  0.093239  0.202551  0.535594  0.139411  0.202528  0.368645  0.075096  0.164948  0.137565  0.322993  0.197209  0.243672  0.269854  0.109696  0.349603  0.635623  0.161235 
36  0.371293  0.641366  0.533866  0.568476  0.384342  0.305479  0.622395  0.341671  0.618315  0.217798  0.515375  0.137777  0.578978  0.112798  0.515140  0.239022  0.893984  0.278251  0.331495  0.372551  0.468635  0.116908  0.448361  0.338530  0.086333  0.277643  0.932861  0.237352  0.153895  0.651756  0.511396  0.386800  0.531887  0.553865  0.335565  0.221423 0.0  0.499062  0.380398  0.767496  0.574772  0.631787  0.239834  0.591844  0.563302  0.560417  0.336393  0.488523  0.432956  0.184618  0.471941  0.464758  0.521437  0.788316  0.189073  0.504887  0.509771  0.182785  0.433385  0.424629  0.457392  0.609566  0.269143  0.075096  0.289349  0.146940  0.681512  0.485660  0.475588  0.525724  0.075096  0.206195  0.078629  0.209255  0.463004  0.272168  0.075096  0.360285  0.250329  0.253800  0.376691  0.305295  0.298384  0.113216  0.240598  0.374694  0.138953  0.662237  0.075096 
37  0.197734  0.319227  0.159281  0.214153  0.329126  0.262323  0.332552  0.366502  0.342016  0.542587  0.170316  0.307730  0.451818  0.394963  0.139531  0.354534  0.534822  0.388859  0.296486  0.303707  0.147438  0.397895  0.173493  0.324966  0.538891  0.364826  0.432208  0.403430  0.408327  0.302573  0.218417  0.311099  0.492626  0.176551  0.477408  0.264013  0.499062 0.0  0.287248  0.610116  0.352533  0.364787  0.383182  0.442137  0.381435  0.258547  0.333701  0.225040  0.311419  0.282188  0.181012  0.219250  0.259188  0.398498  0.450517  0.323030  0.135847  0.310773  0.182130  0.206787  0.171989  0.135411  0.419857  0.514293  0.622053  0.487732  0.335724  0.361157  0.156835  0.166163  0.449882  0.373619  0.532808  0.479139  0.238094  0.410165  0.349636  0.232151  0.353945  0.289568  0.419728  0.126703  0.233066  0.436860  0.563077  0.161251  0.471781  0.318108  0.440994 
38  0.130029  0.256028  0.282773  0.149969  0.149686  0.232129  0.214478  0.123701  0.203233  0.466086  0.075096  0.289522  0.222747  0.403086  0.237884  0.261286  0.542741  0.274212  0.126143  0.185060  0.113112  0.362475  0.187924  0.075096  0.382607  0.475776  0.534828  0.220461  0.445964  0.329717  0.257805  0.202898  0.158727  0.262658  0.226677  0.337860  0.380398  0.287248 0.0  0.426698  0.265466  0.346540  0.303557  0.274523  0.128368  0.182108  0.216948  0.145687  0.207694  0.312179  0.300114  0.104824  0.172433  0.576300  0.359037  0.210093  0.179970  0.348585  0.191519  0.108622  0.193380  0.262562  0.242484  0.404091  0.592713  0.451838  0.297108  0.192118  0.252714  0.496115  0.419384  0.220648  0.385577  0.250872  0.106079  0.191441  0.474260  0.254178  0.229202  0.205016  0.169412  0.310436  0.166872  0.554287  0.423386  0.265373  0.536015  0.366177  0.412813 
39  0.478185  0.308140  0.471865  0.459422  0.383068  0.506263  0.468582  0.416819  0.437272  0.887898  0.577050  0.665001  0.201634  0.697149  0.386559  0.533120  0.478636  0.551947  0.492158  0.439426  0.383882  0.807057  0.422474  0.367104  0.805524  0.630333  0.661092  0.519578  0.608428  0.308883  0.421471  0.498927  0.330584  0.540814  0.504877  0.623030  0.767496  0.610116  0.426698 0.0  0.116889  0.174980  0.735851  0.357221  0.385930  0.375622  0.512947  0.441223  0.377093  0.573151  0.536047  0.375961  0.384107  0.566880  0.728557  0.317785  0.452494  0.544572  0.293969  0.414269  0.390363  0.453128  0.456596  0.757833  0.856797  0.844167  0.428775  0.441983  0.497991  0.487545  0.781044  0.443594  0.697702  0.594856  0.371652  0.402564  0.694309  0.564767  0.655138  0.667918  0.569004  0.511324  0.550978  0.636548  0.741512  0.569961  0.602135  0.324516  0.859418 
40  0.279274  0.228131  0.314445  0.281124  0.249094  0.381765  0.288294  0.304428  0.098190  0.657421  0.274277  0.444238  0.161154  0.449516  0.241146  0.427016  0.475307  0.539260  0.326584  0.391385  0.330343  0.678826  0.372094  0.272456  0.786277  0.456959  0.573670  0.545211  0.578295  0.098812  0.236972  0.352596  0.075096  0.393240  0.314276  0.488689  0.574772  0.352533  0.265466  0.116889 0.0  0.160389  0.614561  0.075096  0.322231  0.315069  0.449440  0.292991  0.282742  0.496030  0.361148  0.338433  0.243695  0.558029  0.606932  0.076281  0.259926  0.368285  0.281861  0.324055  0.307366  0.278650  0.519979  0.660596  0.688278  0.759814  0.426790  0.314866  0.328944  0.374266  0.485164  0.429212  0.669864  0.468204  0.242826  0.463528  0.664594  0.336662  0.478509  0.463938  0.406292  0.461378  0.366452  0.756476  0.617377  0.471875  0.718544  0.272773  0.719353 
41  0.218334  0.173209  0.369405  0.212385  0.256757  0.374302  0.244705  0.196642  0.200149  0.654271  0.281113  0.469438  0.232378  0.522294  0.238397  0.342818  0.453747  0.391377  0.262633  0.336649  0.323832  0.553177  0.371532  0.219936  0.692793  0.429178  0.482868  0.420872  0.525241  0.224196  0.299600  0.123539  0.075096  0.411389  0.374374  0.533692  0.631787  0.364787  0.346540  0.174980  0.160389 0.0  0.607976  0.075096  0.328824  0.222513  0.286756  0.253731  0.299519  0.487341  0.307443  0.268096  0.269078  0.598980  0.557202  0.327085  0.370744  0.476893  0.272343  0.215889  0.246765  0.342496  0.462422  0.596049  0.727759  0.732491  0.401934  0.262332  0.327700  0.479542  0.597153  0.427383  0.508366  0.428744  0.195938  0.389045  0.598487  0.367508  0.554140  0.411891  0.355590  0.278252  0.325118  0.622534  0.612972  0.542828  0.636814  0.247044  0.648885 
42  0.450453  0.774749  0.426968  0.606468  0.405006  0.428633  0.695846  0.635538  0.696750  0.108238  0.497345  0.274746  0.538860  0.176250  0.544429  0.400436  0.872074  0.279461  0.482325  0.234396  0.442366  0.105396  0.442737  0.417172  0.172362  0.153113  0.863723  0.357592  0.075096  0.552904  0.609018  0.439203  0.592959  0.514640  0.305763  0.247658  0.239834  0.383182  0.303557  0.735851  0.614561  0.607976 0.0  0.688325  0.554233  0.599345  0.401201  0.557609  0.545752  0.130578  0.525378  0.406722  0.509434  0.785229  0.188876  0.684106  0.491645  0.253520  0.592676  0.512563  0.604019  0.476869  0.307378  0.080835  0.075096  0.129206  0.630052  0.555236  0.358942  0.480447  0.250145  0.334785  0.093939  0.307164  0.514432  0.232551  0.230052  0.382804  0.292220  0.355613  0.293790  0.485693  0.294430  0.093405  0.075096  0.296055  0.097192  0.713196  0.130546 
43  0.228860  0.136397  0.351132  0.258198  0.198244  0.427554  0.294821  0.233790  0.083189  0.627277  0.314864  0.431726  0.094451  0.595456  0.284304  0.356308  0.461334  0.406242  0.305028  0.377747  0.229705  0.575197  0.366852  0.287528  0.687126  0.422478  0.453923  0.410155  0.587729  0.191059  0.247087  0.236187  0.075096  0.396769  0.268217  0.519552  0.591844  0.442137  0.274523  0.357221  0.075096  0.075096  0.688325 0.0  0.194382  0.187419  0.300448  0.257399  0.343613  0.528388  0.423699  0.135377  0.244718  0.470366  0.582972  0.075096  0.293879  0.427193  0.127074  0.272777  0.170267  0.269088  0.455571  0.650955  0.630214  0.682812  0.304870  0.235818  0.237008  0.406846  0.566481  0.378065  0.573503  0.558862  0.205928  0.328673  0.612378  0.323510  0.561780  0.397439  0.463701  0.413503  0.265658  0.728608  0.581855  0.417824  0.577190  0.215995  0.555622 
44  0.126363  0.226246  0.239444  0.190607  0.195537  0.252023  0.218231  0.075096  0.221230  0.504171  0.269814  0.238055  0.177362  0.396154  0.076304  0.295831  0.483419  0.278102  0.211034  0.183849  0.261809  0.490251  0.238325  0.216016  0.540867  0.405487  0.628453  0.288802  0.455406  0.289015  0.206751  0.168352  0.117083  0.256877  0.389410  0.398120  0.563302  0.381435  0.128368  0.385930  0.322231  0.328824  0.554233  0.194382 0.0  0.293375  0.161053  0.206893  0.158577  0.313882  0.304439  0.212134  0.139220  0.571414  0.440703  0.164999  0.332226  0.347809  0.179376  0.115856  0.144284  0.291007  0.322741  0.490050  0.403562  0.508036  0.397588  0.109814  0.243651  0.369930  0.440524  0.316003  0.497807  0.298033  0.075096  0.281789  0.458657  0.252405  0.323997  0.166059  0.211515  0.345793  0.243136  0.580046  0.329043  0.349843  0.502107  0.281537  0.502998 
