89
0 0.0  0.113457  0.195306  0.138096  0.177006  0.236726  0.204542  0.206378  0.246667  0.486121  0.170135  0.272317  0.132154  0.329389  0.122207  0.240469  0.502600  0.172545  0.126348  0.229575  0.085946  0.272215  0.093534  0.178667  0.478847  0.389532  0.428394  0.243100  0.405547  0.232927  0.152917  0.185061  0.154282  0.245525  0.264959  0.321298  0.395706  0.232987  0.099244  0.384841  0.263850  0.282060  0.404113  0.202903  0.178698  0.134168  0.210528  0.130407  0.120290  0.307502  0.214950  0.109444  0.112814  0.400486  0.334283  0.201120  0.122047  0.297612  0.117526  0.085946  0.140118  0.182870  0.254435  0.473949  0.462126  0.425637  0.192992  0.190592  0.127926  0.354836  0.405795  0.157796  0.425721  0.269519  0.128802  0.301357  0.441957  0.220122  0.291730  0.305954  0.235871  0.206480  0.242155  0.450744  0.453513  0.326594  0.360198  0.329875  0.486181 
1  0.113457 0.0  0.133224  0.200565  0.220762  0.332124  0.209244  0.232804  0.085946  0.644082  0.185678  0.485732  0.236402  0.576276  0.202421  0.374183  0.388355  0.316475  0.378986  0.339550  0.310434  0.631611  0.261588  0.253736  0.620900  0.406617  0.389460  0.327611  0.609627  0.250194  0.155878  0.299143  0.118735  0.181187  0.347330  0.437759  0.583061  0.383764  0.186965  0.281789  0.253880  0.162848  0.569141  0.144246  0.256892  0.128051  0.349980  0.268310  0.228026  0.405854  0.246518  0.249408  0.266569  0.429124  0.664785  0.111655  0.151503  0.453214  0.182063  0.215762  0.233501  0.127803  0.403215  0.562507  0.568321  0.578640  0.319177  0.233133  0.219955  0.295409  0.468439  0.381434  0.562220  0.426838  0.170259  0.448737  0.491794  0.260362  0.455401  0.339306  0.369640  0.412468  0.334085  0.536803  0.582727  0.351425  0.579544  0.128803  0.516455 
2  0.195306  0.133224 0.0  0.142865  0.274662  0.350852  0.165327  0.146529  0.213424  0.632389  0.135775  0.387894  0.289681  0.418765  0.189794  0.274334  0.381658  0.424139  0.188232  0.268369  0.163920  0.455320  0.145179  0.256993  0.508013  0.443808  0.425396  0.416466  0.582920  0.216843  0.158696  0.185767  0.170386  0.304714  0.276984  0.385248  0.445581  0.142187  0.284982  0.415107  0.332921  0.332303  0.532636  0.265056  0.189675  0.184556  0.323046  0.121762  0.198283  0.382145  0.202930  0.252299  0.254641  0.407020  0.399112  0.191361  0.153914  0.363407  0.224657  0.132389  0.245716  0.085946  0.289367  0.432273  0.550954  0.598951  0.115482  0.129768  0.090207  0.232489  0.415581  0.357664  0.482961  0.402326  0.146222  0.301271  0.361899  0.264489  0.354284  0.327068  0.327852  0.202201  0.248022  0.493277  0.528381  0.338929  0.544144  0.198544  0.496077 
3  0.138096  0.200565  0.142865 0.0  0.131360  0.171835  0.235385  0.284734  0.262094  0.461535  0.142463  0.380752  0.190109  0.385515  0.108792  0.209348  0.437331  0.203475  0.136772  0.183320  0.085946  0.410397  0.175423  0.110368  0.365448  0.334983  0.570455  0.266554  0.378273  0.152097  0.233763  0.232306  0.283393  0.184987  0.262843  0.353394  0.523405  0.255186  0.148865  0.364611  0.301390  0.251305  0.458288  0.280875  0.186166  0.266871  0.249142  0.192368  0.085946  0.355727  0.116594  0.089291  0.216499  0.397743  0.373302  0.097721  0.089635  0.302151  0.093517  0.193797  0.085946  0.307115  0.305665  0.391262  0.425297  0.370360  0.200805  0.118808  0.179940  0.273913  0.433544  0.241690  0.461220  0.293478  0.146877  0.273945  0.402585  0.155915  0.326786  0.245394  0.236475  0.144332  0.201388  0.424986  0.505960  0.227050  0.392447  0.251991  0.226914 
4  0.177006  0.220762  0.274662  0.131360 0.0  0.179076  0.156642  0.137238  0.248751  0.326400  0.134432  0.210882  0.129504  0.366413  0.085946  0.207457  0.485676  0.120782  0.175617  0.085946  0.124869  0.345481  0.102892  0.101655  0.383426  0.231740  0.538894  0.191010  0.316175  0.301592  0.180156  0.210002  0.308552  0.258441  0.186576  0.289371  0.343861  0.161876  0.159318  0.403213  0.362338  0.244085  0.370319  0.265621  0.240361  0.252319  0.244547  0.183598  0.125102  0.284841  0.129432  0.085946  0.129809  0.539693  0.435828  0.203870  0.116523  0.219304  0.200100  0.090311  0.176188  0.161019  0.124357  0.304741  0.427244  0.333109  0.191340  0.218967  0.259558  0.175977  0.283145  0.305957  0.436448  0.255880  0.174687  0.223731  0.298706  0.165554  0.314466  0.182979  0.242030  0.142190  0.200872  0.325674  0.375088  0.141300  0.435265  0.351159  0.317969 
5  0.236726  0.332124  0.350852  0.171835  0.179076 0.0  0.311881  0.119573  0.363289  0.322894  0.260788  0.176321  0.288073  0.283261  0.211259  0.085946  0.581730  0.122302  0.135707  0.085946  0.224867  0.249856  0.171017  0.154888  0.281700  0.213137  0.621698  0.116646  0.246430  0.403326  0.188545  0.085946  0.381573  0.392834  0.085946  0.160542  0.323956  0.380029  0.154063  0.517677  0.326797  0.362093  0.318333  0.364220  0.223350  0.440040  0.156033  0.296618  0.232865  0.085946  0.354866  0.190719  0.204306  0.562241  0.310960  0.334464  0.322816  0.111511  0.109427  0.203308  0.269574  0.244412  0.111782  0.301388  0.440813  0.357174  0.352483  0.233612  0.183967  0.353453  0.182013  0.087965  0.261115  0.142433  0.159284  0.153783  0.302602  0.265032  0.141664  0.107269  0.138330  0.282763  0.168413  0.342857  0.359906  0.108947  0.257415  0.496012  0.300196 
6  0.204542  0.209244  0.165327  0.235385  0.156642  0.311881 0.0  0.335133  0.092420  0.586449  0.245744  0.471269  0.340802  0.450084  0.189448  0.344446  0.338964  0.352519  0.239152  0.241494  0.139779  0.425348  0.187999  0.372143  0.529863  0.413195  0.358183  0.437841  0.474095  0.214221  0.142326  0.304984  0.194129  0.221524  0.343204  0.436000  0.566072  0.292311  0.224817  0.406724  0.200643  0.222988  0.577989  0.288531  0.125470  0.156155  0.257061  0.117679  0.133080  0.385930  0.230057  0.200615  0.186264  0.298044  0.448483  0.255253  0.258977  0.402556  0.234053  0.183612  0.166076  0.220998  0.325409  0.561763  0.509676  0.618355  0.228126  0.200887  0.219928  0.174702  0.581127  0.304683  0.515411  0.397768  0.233370  0.341184  0.479213  0.285404  0.486165  0.450117  0.291081  0.181784  0.270321  0.506732  0.552658  0.311565  0.584531  0.125910  0.464537 
7  0.206378  0.232804  0.146529  0.284734  0.137238  0.119573  0.335133 0.0  0.319733  0.508898  0.215665  0.303798  0.132797  0.317087  0.175398  0.116475  0.493961  0.244961  0.295849  0.175265  0.262969  0.298265  0.221438  0.219079  0.426552  0.302801  0.539213  0.333137  0.410101  0.201799  0.238099  0.114909  0.169475  0.390128  0.210254  0.370443  0.462017  0.244296  0.151454  0.392202  0.283109  0.241403  0.376024  0.226374  0.087862  0.330078  0.204111  0.181880  0.176428  0.267611  0.192251  0.175241  0.085946  0.588425  0.349734  0.239026  0.219136  0.217132  0.121234  0.160789  0.131683  0.193073  0.152299  0.407907  0.398648  0.508548  0.421000  0.089639  0.308892  0.381710  0.335162  0.231171  0.429291  0.257938  0.183608  0.232525  0.381613  0.228453  0.306688  0.288121  0.241032  0.281384  0.240509  0.397943  0.434065  0.218770  0.313013  0.283134  0.378839 
8  0.246667  0.085946  0.213424  0.262094  0.248751  0.363289  0.092420  0.319733 0.0  0.639198  0.339044  0.425346  0.125140  0.473290  0.172329  0.370884  0.340514  0.391525  0.354356  0.447236  0.262775  0.519760  0.155126  0.442694  0.564960  0.457385  0.411065  0.357544  0.575188  0.192007  0.219756  0.235752  0.164607  0.340755  0.432874  0.437570  0.511179  0.363911  0.357446  0.263165  0.222010  0.196923  0.623792  0.103702  0.221026  0.207701  0.418864  0.196491  0.283563  0.447189  0.243320  0.300363  0.156257  0.543636  0.550021  0.172163  0.290635  0.491483  0.291210  0.183752  0.189096  0.247859  0.349080  0.672908  0.658664  0.613570  0.189844  0.318452  0.218076  0.350776  0.512856  0.457277  0.615507  0.462436  0.191709  0.438421  0.629018  0.367236  0.450260  0.477712  0.349222  0.343041  0.303447  0.559306  0.672992  0.385175  0.696706  0.161898  0.612141 
9  0.486121  0.644082  0.632389  0.461535  0.326400  0.322894  0.586449  0.508898  0.639198 0.0  0.484088  0.285018  0.461191  0.179224  0.465704  0.352974  0.855205  0.327739  0.428410  0.353828  0.381441  0.153037  0.402333  0.420888  0.151662  0.258738  0.862172  0.301580  0.103477  0.592805  0.587147  0.499246  0.600413  0.564045  0.363820  0.248268  0.132331  0.485987  0.534868  0.758757  0.701351  0.669496  0.085946  0.585192  0.520470  0.604136  0.359273  0.538126  0.412454  0.231378  0.563961  0.502456  0.504840  0.687790  0.249924  0.649345  0.495700  0.415176  0.498937  0.536075  0.426323  0.517421  0.404487  0.117213  0.092058  0.085946  0.548120  0.512683  0.450203  0.533477  0.211954  0.330507  0.147063  0.279386  0.451390  0.149858  0.143896  0.377299  0.322918  0.384024  0.264165  0.341351  0.392387  0.125981  0.170478  0.263505  0.200005  0.664474  0.110167 
10  0.170135  0.185678  0.135775  0.142463  0.134432  0.260788  0.245744  0.215665  0.339044  0.484088 0.0  0.267999  0.225498  0.362187  0.182566  0.106468  0.432463  0.242285  0.144882  0.239705  0.085946  0.287121  0.125687  0.158753  0.453176  0.323517  0.530349  0.344369  0.428057  0.254301  0.260331  0.193285  0.325839  0.215665  0.225546  0.354182  0.433267  0.202418  0.209557  0.363612  0.304606  0.388456  0.447370  0.223592  0.244367  0.223590  0.216674  0.215093  0.154108  0.307119  0.092279  0.085946  0.146434  0.519687  0.365595  0.199914  0.085946  0.304188  0.108609  0.115848  0.085946  0.161381  0.182980  0.431369  0.424756  0.415997  0.143729  0.227727  0.175817  0.249140  0.303908  0.338267  0.316973  0.213921  0.194910  0.268023  0.276792  0.141923  0.258134  0.398669  0.226588  0.119759  0.108265  0.431907  0.465970  0.181071  0.451921  0.308627  0.345588 
11  0.272317  0.485732  0.387894  0.380752  0.210882  0.176321  0.471269  0.303798  0.425346  0.285018  0.267999 0.0  0.327580  0.108035  0.323094  0.115858  0.621367  0.085946  0.264925  0.184131  0.442415  0.180664  0.274463  0.274719  0.220340  0.113905  0.631559  0.144584  0.101485  0.416467  0.326960  0.247550  0.487545  0.418869  0.085946  0.085946  0.220445  0.422340  0.339985  0.538825  0.404349  0.437946  0.237843  0.389741  0.229326  0.359736  0.136892  0.327117  0.171182  0.085946  0.269591  0.312525  0.337001  0.710083  0.169138  0.416582  0.269343  0.119682  0.361393  0.299150  0.354436  0.331330  0.143988  0.250204  0.283461  0.266856  0.356907  0.287448  0.388432  0.438892  0.127152  0.168094  0.312266  0.159049  0.354985  0.136290  0.261468  0.202021  0.114648  0.164812  0.239946  0.197097  0.248062  0.193002  0.243325  0.138360  0.309157  0.448306  0.315613 
12  0.132154  0.236402  0.289681  0.190109  0.129504  0.288073  0.340802  0.132797  0.125140  0.461191  0.225498  0.327580 0.0  0.486956  0.284907  0.312010  0.412326  0.319691  0.253095  0.361379  0.170233  0.500715  0.238896  0.289663  0.536929  0.398448  0.573897  0.303853  0.473350  0.151468  0.159869  0.285212  0.085946  0.293518  0.323728  0.396730  0.534810  0.245185  0.115866  0.220891  0.104862  0.091450  0.504547  0.096654  0.218385  0.113304  0.305525  0.193545  0.204567  0.402837  0.205306  0.124277  0.189282  0.457537  0.483001  0.091270  0.281172  0.230616  0.210338  0.202827  0.085946  0.182622  0.363339  0.499387  0.493636  0.466735  0.267556  0.132168  0.269388  0.319004  0.533430  0.278695  0.599384  0.296292  0.133188  0.281679  0.396600  0.172675  0.359780  0.355142  0.290072  0.236175  0.376747  0.507789  0.439063  0.435541  0.465025  0.289815  0.535442 
13  0.329389  0.576276  0.418765  0.385515  0.366413  0.283261  0.450084  0.317087  0.473290  0.179224  0.362187  0.108035  0.486956 0.0  0.391124  0.096362  0.693411  0.202001  0.307149  0.240143  0.368924  0.085946  0.414112  0.193004  0.289920  0.132317  0.866609  0.273126  0.085946  0.501920  0.352054  0.265650  0.453002  0.360964  0.249451  0.085946  0.199182  0.388827  0.303452  0.663925  0.502228  0.623609  0.122359  0.618524  0.381189  0.466756  0.265580  0.325558  0.325212  0.114205  0.353173  0.229583  0.363898  0.591679  0.085946  0.374627  0.337202  0.163282  0.439493  0.346671  0.425076  0.421919  0.085946  0.117214  0.199067  0.162018  0.445881  0.390236  0.404904  0.495769  0.105945  0.149522  0.108054  0.175810  0.415912  0.205854  0.102693  0.347351  0.188421  0.209171  0.201327  0.282010  0.353419  0.143823  0.199296  0.199832  0.251857  0.534534  0.157184 
14  0.122207  0.202421  0.189794  0.108792  0.085946  0.211259  0.189448  0.175398  0.172329  0.465704  0.182566  0.323094  0.284907  0.391124 0.0  0.252646  0.464431  0.283688  0.133336  0.297925  0.155389  0.366333  0.103807  0.163281  0.446929  0.224352  0.497728  0.292318  0.425071  0.289134  0.176494  0.246096  0.264025  0.297182  0.260646  0.324081  0.576120  0.265468  0.122251  0.462337  0.270912  0.187503  0.430107  0.218760  0.194135  0.239365  0.177765  0.121872  0.085946  0.221670  0.165550  0.113231  0.123349  0.370290  0.439390  0.132685  0.117029  0.224292  0.085946  0.085946  0.171658  0.149216  0.191595  0.457930  0.521658  0.505472  0.191835  0.113417  0.116123  0.237630  0.511802  0.252648  0.484302  0.290279  0.085946  0.312217  0.371650  0.207519  0.282286  0.229767  0.173354  0.212867  0.129018  0.437053  0.458083  0.335920  0.427057  0.235206  0.385828 
15  0.240469  0.374183  0.274334  0.209348  0.207457  0.085946  0.344446  0.116475  0.370884  0.352974  0.106468  0.115858  0.312010  0.096362  0.252646 0.0  0.601976  0.109150  0.085946  0.085946  0.235082  0.219152  0.230272  0.085946  0.346127  0.085946  0.663864  0.110864  0.242206  0.457555  0.256393  0.138917  0.333611  0.320155  0.095745  0.127512  0.310555  0.287441  0.188916  0.477292  0.374895  0.350254  0.340329  0.316499  0.222693  0.328693  0.145952  0.338135  0.192795  0.172079  0.196279  0.277454  0.231007  0.520478  0.177638  0.321966  0.329874  0.175012  0.320333  0.209658  0.256384  0.345937  0.085946  0.253830  0.355611  0.262911  0.320111  0.294919  0.246352  0.341709  0.304883  0.148766  0.337897  0.127809  0.194161  0.121105  0.368410  0.085946  0.162438  0.134017  0.113902  0.198453  0.211448  0.324611  0.335852  0.165280  0.354413  0.400183  0.275024 
16  0.502600  0.388355  0.381658  0.437331  0.485676  0.581730  0.338964  0.493961  0.340514  0.855205  0.432463  0.621367  0.412326  0.693411  0.464431  0.601976 0.0  0.565443  0.583900  0.585194  0.385985  0.708357  0.494854  0.565029  0.871441  0.551038  0.148420  0.689643  0.840987  0.282002  0.355589  0.496914  0.351950  0.412289  0.665909  0.642262  0.846130  0.540214  0.400174  0.395844  0.439696  0.469556  0.755848  0.301299  0.500096  0.399278  0.568919  0.354734  0.349634  0.744135  0.502157  0.469831  0.454414  0.357099  0.754866  0.379649  0.468746  0.669770  0.473349  0.468654  0.332477  0.352692  0.570591  0.732128  0.830116  0.827946  0.316832  0.523641  0.329895  0.492628  0.696663  0.607733  0.787686  0.675123  0.461291  0.532865  0.727473  0.535044  0.713950  0.555998  0.647525  0.529619  0.546457  0.760371  0.760243  0.645928  0.800322  0.260932  0.655024 
17  0.172545  0.316475  0.424139  0.203475  0.120782  0.122302  0.352519  0.244961  0.391525  0.327739  0.242285  0.085946  0.319691  0.202001  0.283688  0.109150  0.565443 0.0  0.204955  0.123387  0.337275  0.233562  0.289803  0.243979  0.324701  0.085946  0.653914  0.162669  0.177703  0.310660  0.328604  0.304586  0.452037  0.339275  0.103315  0.138328  0.257548  0.333702  0.207949  0.483428  0.346085  0.472581  0.225975  0.350943  0.379406  0.314913  0.234272  0.363204  0.291616  0.151545  0.290646  0.253163  0.272717  0.581448  0.086188  0.348771  0.294679  0.165459  0.246983  0.365701  0.265681  0.291349  0.178199  0.160402  0.397716  0.263934  0.537108  0.244493  0.308505  0.464102  0.085946  0.210979  0.290566  0.085946  0.333393  0.167644  0.220035  0.158768  0.100760  0.208480  0.130079  0.215351  0.198085  0.281398  0.242040  0.085967  0.247367  0.506677  0.362508 
18  0.126348  0.378986  0.188232  0.136772  0.175617  0.135707  0.239152  0.295849  0.354356  0.428410  0.144882  0.264925  0.253095  0.307149  0.133336  0.085946  0.583900  0.204955 0.0  0.143921  0.230504  0.316891  0.198674  0.162292  0.398037  0.275618  0.500071  0.169570  0.213992  0.322294  0.175593  0.085946  0.307208  0.395630  0.231110  0.323238  0.356875  0.250588  0.159879  0.425763  0.215141  0.334872  0.413833  0.243550  0.310851  0.178623  0.159341  0.251212  0.202305  0.263943  0.175765  0.166160  0.185592  0.481182  0.282904  0.340963  0.317133  0.207671  0.217129  0.114314  0.214500  0.177489  0.264973  0.308755  0.415258  0.360662  0.261326  0.136584  0.202031  0.430719  0.264619  0.157085  0.419959  0.126965  0.218982  0.160616  0.406017  0.124701  0.244307  0.179910  0.085946  0.141269  0.129442  0.434226  0.447190  0.203104  0.451694  0.371863  0.327539 
19  0.229575  0.339550  0.268369  0.183320  0.085946  0.085946  0.241494  0.175265  0.447236  0.353828  0.239705  0.184131  0.361379  0.240143  0.297925  0.085946  0.585194  0.123387  0.143921 0.0  0.262401  0.211120  0.188097  0.124243  0.338772  0.128587  0.592140  0.168679  0.186253  0.382730  0.209863  0.115677  0.370871  0.349047  0.087167  0.208111  0.310120  0.281645  0.221529  0.445885  0.378217  0.324332  0.323996  0.273013  0.374604  0.304607  0.128889  0.326902  0.307415  0.212838  0.175936  0.180728  0.213005  0.479617  0.271110  0.319796  0.222671  0.180049  0.284351  0.167227  0.085946  0.256698  0.112735  0.262279  0.333291  0.339739  0.292416  0.195697  0.329716  0.377292  0.267016  0.146787  0.260661  0.204045  0.333929  0.113715  0.214294  0.168499  0.194180  0.112474  0.085946  0.243138  0.134915  0.274232  0.263950  0.085946  0.350921  0.338498  0.287561 
20  0.085946  0.310434  0.163920  0.085946  0.124869  0.224867  0.139779  0.262969  0.262775  0.381441  0.085946  0.442415  0.170233  0.368924  0.155389  0.235082  0.385985  0.337275  0.230504  0.262401 0.0  0.439446  0.140278  0.243443  0.493529  0.350661  0.421977  0.274707  0.458259  0.225308  0.163258  0.116510  0.283468  0.145139  0.303737  0.263251  0.463883  0.111909  0.131737  0.366366  0.266834  0.323170  0.459527  0.188605  0.191357  0.199924  0.089791  0.246179  0.164508  0.407117  0.100035  0.113569  0.243484  0.435996  0.322517  0.125941  0.085946  0.250521  0.148371  0.146817  0.085946  0.232012  0.270951  0.434957  0.496626  0.506640  0.117173  0.120280  0.133867  0.261259  0.436967  0.298455  0.423333  0.293600  0.201258  0.314512  0.433491  0.209599  0.238154  0.297664  0.223117  0.094825  0.133068  0.311159  0.462957  0.270552  0.437655  0.190167  0.471665 
21  0.272215  0.631611  0.455320  0.410397  0.345481  0.249856  0.425348  0.298265  0.519760  0.153037  0.287121  0.180664  0.500715  0.085946  0.366333  0.219152  0.708357  0.233562  0.316891  0.211120  0.439446 0.0  0.294541  0.262492  0.172190  0.235516  0.847542  0.309295  0.125733  0.517499  0.560930  0.317581  0.450874  0.467704  0.213433  0.085946  0.201581  0.365235  0.396730  0.549417  0.568457  0.483174  0.262170  0.525641  0.388551  0.545274  0.276225  0.492313  0.303357  0.132371  0.380209  0.358750  0.337280  0.726981  0.122769  0.416576  0.342181  0.206193  0.438220  0.446174  0.344156  0.444101  0.169531  0.136089  0.331135  0.170748  0.530181  0.362123  0.455328  0.462223  0.149453  0.261916  0.178529  0.142319  0.413279  0.148690  0.119956  0.307453  0.121380  0.187542  0.237220  0.297797  0.293082  0.171988  0.161196  0.127792  0.085946  0.613532  0.085946 
22  0.093534  0.261588  0.145179  0.175423  0.102892  0.171017  0.187999  0.221438  0.155126  0.402333  0.125687  0.274463  0.238896  0.414112  0.103807  0.230272  0.494854  0.289803  0.198674  0.188097  0.140278  0.294541 0.0  0.118516  0.456944  0.324371  0.514712  0.199987  0.375214  0.301455  0.095938  0.212099  0.295329  0.161936  0.201642  0.354447  0.365673  0.085946  0.184646  0.423230  0.304321  0.322035  0.467438  0.263824  0.238531  0.264008  0.239413  0.233931  0.130630  0.208945  0.085946  0.085946  0.174667  0.482477  0.411669  0.086585  0.141099  0.285068  0.085946  0.114776  0.186811  0.085946  0.174289  0.394369  0.377466  0.373709  0.147669  0.126171  0.269069  0.261179  0.445156  0.241394  0.441343  0.238622  0.203847  0.318698  0.337322  0.123885  0.288551  0.274153  0.301663  0.174495  0.113108  0.455557  0.487277  0.240877  0.462662  0.265363  0.375827 
23  0.178667  0.253736  0.256993  0.110368  0.101655  0.154888  0.372143  0.219079  0.442694  0.420888  0.158753  0.274719  0.289663  0.193004  0.163281  0.085946  0.565029  0.243979  0.162292  0.124243  0.243443  0.262492  0.118516 0.0  0.382745  0.197945  0.581048  0.146857  0.332175  0.214769  0.196589  0.142097  0.231298  0.216395  0.085946  0.250295  0.350207  0.127066  0.085946  0.379813  0.384391  0.336947  0.370714  0.291978  0.218785  0.253858  0.187962  0.195814  0.216009  0.265148  0.213417  0.098121  0.105589  0.395256  0.337113  0.145827  0.097150  0.152361  0.085946  0.134540  0.158414  0.253517  0.194391  0.483110  0.375441  0.428860  0.302189  0.159721  0.205910  0.335552  0.365944  0.177393  0.282965  0.199380  0.154778  0.170709  0.320518  0.101482  0.157121  0.170380  0.171818  0.137827  0.145823  0.409951  0.315414  0.192681  0.525763  0.363483  0.406013 
24  0.478847  0.620900  0.508013  0.365448  0.383426  0.281700  0.529863  0.426552  0.564960  0.151662  0.453176  0.220340  0.536929  0.289920  0.446929  0.346127  0.871441  0.324701  0.398037  0.338772  0.493529  0.172190  0.456944  0.382745 0.0  0.261911  0.763139  0.370064  0.129922  0.601663  0.498609  0.256658  0.591024  0.459443  0.307375  0.200472  0.135155  0.468640  0.492847  0.703483  0.592270  0.542559  0.085946  0.604500  0.492140  0.545961  0.349415  0.487528  0.437111  0.327756  0.406991  0.444079  0.448281  0.702158  0.139705  0.493943  0.397550  0.247946  0.445999  0.465843  0.415752  0.554459  0.315493  0.085946  0.153586  0.131050  0.645711  0.380939  0.489649  0.501986  0.209703  0.274581  0.119628  0.295078  0.436844  0.229268  0.162129  0.322181  0.245398  0.241130  0.336931  0.387184  0.325420  0.085946  0.123206  0.323398  0.085946  0.572223  0.148972 
25  0.389532  0.406617  0.443808  0.334983  0.231740  0.213137  0.413195  0.302801  0.457385  0.258738  0.323517  0.113905  0.398448  0.132317  0.224352  0.085946  0.551038  0.085946  0.275618  0.128587  0.350661  0.235516  0.324371  0.197945  0.261911 0.0  0.692471  0.186566  0.205632  0.522702  0.351535  0.250264  0.417353  0.333247  0.152975  0.105598  0.269296  0.286579  0.241624  0.599495  0.468765  0.346974  0.326045  0.363376  0.289789  0.349378  0.121607  0.305389  0.309419  0.085946  0.312858  0.181385  0.281293  0.570833  0.085946  0.469915  0.425053  0.105507  0.283796  0.298919  0.224078  0.300457  0.138948  0.226659  0.360426  0.291756  0.470043  0.208290  0.294177  0.400832  0.232743  0.129474  0.298302  0.119255  0.282625  0.131482  0.277129  0.196904  0.155121  0.146013  0.085946  0.275632  0.209771  0.268476  0.283753  0.085946  0.207143  0.579094  0.227251 
26  0.428394  0.389460  0.425396  0.570455  0.538894  0.621698  0.358183  0.539213  0.411065  0.862172  0.530349  0.631559  0.573897  0.866609  0.497728  0.663864  0.148420  0.653914  0.500071  0.592140  0.421977  0.847542  0.514712  0.581048  0.763139  0.692471 0.0  0.748161  0.750448  0.372597  0.452887  0.528968  0.494278  0.506565  0.636342  0.687338  0.725485  0.566360  0.499513  0.470822  0.551122  0.513710  0.822410  0.417944  0.501606  0.385106  0.532850  0.388058  0.544669  0.707846  0.430678  0.519459  0.482945  0.241872  0.794179  0.441582  0.425682  0.807224  0.436595  0.417075  0.458217  0.477017  0.668507  0.820742  0.884495  0.872060  0.313740  0.607373  0.287396  0.476221  0.851059  0.586840  0.866482  0.635401  0.434194  0.651030  0.717915  0.506750  0.747827  0.714573  0.646840  0.605313  0.490922  0.911275  1.000000  0.675657  0.819400  0.246448  0.816432 
27  0.243100  0.327611  0.416466  0.266554  0.191010  0.116646  0.437841  0.333137  0.357544  0.301580  0.344369  0.144584  0.303853  0.273126  0.292318  0.110864  0.689643  0.162669  0.169570  0.168679  0.274707  0.309295  0.199987  0.146857  0.370064  0.186566  0.748161 0.0  0.126835  0.404077  0.357997  0.100899  0.290210  0.235734  0.085946  0.155395  0.320939  0.308204  0.218169  0.536833  0.413762  0.430177  0.302968  0.329490  0.221208  0.375166  0.210414  0.279829  0.236241  0.127865  0.251668  0.261783  0.293893  0.602986  0.221487  0.316400  0.293033  0.085946  0.231814  0.272772  0.340013  0.313405  0.109178  0.299694  0.241540  0.279566  0.356971  0.214225  0.336731  0.298376  0.177033  0.085946  0.310232  0.226854  0.293733  0.085946  0.225785  0.253096  0.122553  0.085946  0.085946  0.280059  0.210089  0.352003  0.312928  0.209466  0.341767  0.432306  0.307494 
28  0.405547  0.609627  0.582920  0.378273  0.316175  0.246430  0.474095  0.410101  0.575188  0.103477  0.428057  0.101485  0.473350  0.085946  0.425071  0.242206  0.840987  0.177703  0.213992  0.186253  0.458259  0.125733  0.375214  0.332175  0.129922  0.205632  0.750448  0.126835 0.0  0.472719  0.446160  0.350382  0.470089  0.410701  0.333932  0.207986  0.139580  0.395763  0.299461  0.599483  0.489539  0.516935  0.168285  0.466855  0.392637  0.527798  0.295778  0.462602  0.419731  0.149335  0.393542  0.410547  0.376359  0.677327  0.205878  0.372556  0.368574  0.255134  0.367733  0.496730  0.403941  0.432403  0.326521  0.149962  0.240140  0.131478  0.504166  0.342814  0.501561  0.509448  0.131066  0.264103  0.085946  0.228190  0.371192  0.249215  0.103691  0.368553  0.188429  0.229708  0.212728  0.312825  0.233486  0.169802  0.128062  0.248728  0.127768  0.546037  0.085946 
29  0.232927  0.250194  0.216843  0.152097  0.301592  0.403326  0.214221  0.201799  0.192007  0.592805  0.254301  0.416467  0.151468  0.501920  0.289134  0.457555  0.282002  0.310660  0.322294  0.382730  0.225308  0.517499  0.301455  0.214769  0.601663  0.522702  0.372597  0.404077  0.472719 0.0  0.155204  0.239538  0.119993  0.328122  0.401562  0.570037  0.509756  0.334615  0.262367  0.237845  0.267181  0.085946  0.720041  0.234744  0.241012  0.123448  0.365147  0.190074  0.278459  0.354162  0.224005  0.261697  0.319743  0.399852  0.518531  0.186417  0.335382  0.349929  0.144461  0.248568  0.282598  0.165109  0.458669  0.551922  0.559120  0.645584  0.225744  0.251752  0.215318  0.343456  0.541981  0.383626  0.529228  0.339272  0.183671  0.361553  0.552306  0.244059  0.441838  0.475933  0.413762  0.353426  0.339741  0.551050  0.551289  0.475207  0.563187  0.122645  0.505487 
30  0.152917  0.155878  0.158696  0.233763  0.180156  0.188545  0.142326  0.238099  0.219756  0.587147  0.260331  0.326960  0.159869  0.352054  0.176494  0.256393  0.355589  0.328604  0.175593  0.209863  0.163258  0.560930  0.095938  0.196589  0.498609  0.351535  0.452887  0.357997  0.446160  0.155204 0.0  0.158247  0.186145  0.234443  0.262940  0.387380  0.492531  0.229169  0.192379  0.309537  0.213057  0.239479  0.493120  0.181922  0.208159  0.159254  0.235785  0.132078  0.201391  0.442170  0.187063  0.170721  0.270808  0.355502  0.402867  0.211106  0.251710  0.323126  0.112757  0.096172  0.114822  0.085946  0.328267  0.561410  0.576958  0.421962  0.168800  0.184636  0.110490  0.170533  0.409769  0.337984  0.505716  0.297747  0.192647  0.223349  0.396564  0.166914  0.338493  0.270402  0.241510  0.234211  0.170942  0.490209  0.569352  0.393516  0.436498  0.269817  0.467864 
31  0.185061  0.299143  0.185767  0.232306  0.210002  0.085946  0.304984  0.114909  0.235752  0.499246  0.193285  0.247550  0.285212  0.265650  0.246096  0.138917  0.496914  0.304586  0.085946  0.115677  0.116510  0.317581  0.212099  0.142097  0.256658  0.250264  0.528968  0.100899  0.350382  0.239538  0.158247 0.0  0.228544  0.277343  0.253864  0.246789  0.365706  0.399153  0.116677  0.442935  0.355583  0.233170  0.424349  0.357540  0.228502  0.227483  0.117222  0.192107  0.219272  0.281963  0.287855  0.106542  0.089755  0.508622  0.282427  0.292548  0.172871  0.214130  0.085946  0.156161  0.219981  0.247230  0.184425  0.356888  0.466029  0.411311  0.248886  0.132632  0.362920  0.300166  0.337128  0.205481  0.307290  0.165224  0.188170  0.165133  0.261317  0.185926  0.235032  0.126188  0.239759  0.160301  0.236008  0.315978  0.444827  0.094067  0.389336  0.414988  0.350514 
32  0.154282  0.118735  0.170386  0.283393  0.308552  0.381573  0.194129  0.169475  0.164607  0.600413  0.325839  0.487545  0.085946  0.453002  0.264025  0.333611  0.351950  0.452037  0.307208  0.370871  0.283468  0.450874  0.295329  0.231298  0.591024  0.417353  0.494278  0.290210  0.470089  0.119993  0.186145  0.228544 0.0  0.372218  0.335833  0.347511  0.493741  0.438585  0.189750  0.223475  0.161192  0.085946  0.489857  0.120654  0.241177  0.227004  0.294588  0.268714  0.201866  0.420963  0.358823  0.248368  0.180765  0.519054  0.458230  0.085946  0.278001  0.416375  0.256437  0.162751  0.267255  0.214864  0.390045  0.506075  0.665897  0.590507  0.319871  0.221086  0.223811  0.325600  0.482946  0.264052  0.533341  0.383540  0.189764  0.330688  0.426106  0.301441  0.410263  0.347224  0.308461  0.343868  0.297958  0.531585  0.590713  0.403568  0.538424  0.216854  0.524508 
33  0.245525  0.181187  0.304714  0.184987  0.258441  0.392834  0.221524  0.390128  0.340755  0.564045  0.215665  0.418869  0.293518  0.360964  0.297182  0.320155  0.412289  0.339275  0.395630  0.349047  0.145139  0.467704  0.161936  0.216395  0.459443  0.333247  0.506565  0.235734  0.410701  0.328122  0.234443  0.277343  0.372218 0.0  0.346492  0.327841  0.483059  0.202969  0.229992  0.530290  0.430491  0.307563  0.504366  0.279115  0.202329  0.138242  0.353620  0.265706  0.227306  0.353693  0.145718  0.208342  0.286754  0.287208  0.380008  0.286717  0.206525  0.354187  0.135104  0.215972  0.212662  0.162215  0.349233  0.456591  0.490118  0.392438  0.232479  0.319548  0.160467  0.139685  0.505656  0.290722  0.405366  0.323768  0.295305  0.178160  0.332358  0.164967  0.440268  0.329069  0.355328  0.199462  0.252433  0.500303  0.494213  0.248903  0.462771  0.329246  0.438146 
34  0.264959  0.347330  0.276984  0.262843  0.186576  0.085946  0.343204  0.210254  0.432874  0.363820  0.225546  0.085946  0.323728  0.249451  0.260646  0.095745  0.665909  0.103315  0.231110  0.087167  0.303737  0.213433  0.201642  0.085946  0.307375  0.152975  0.636342  0.085946  0.333932  0.401562  0.262940  0.253864  0.335833  0.346492 0.0  0.085946  0.237193  0.276199  0.281568  0.549103  0.458158  0.500847  0.373438  0.425970  0.316664  0.399182  0.160954  0.293422  0.223967  0.143279  0.222414  0.250970  0.238935  0.547993  0.238297  0.337629  0.168917  0.159510  0.188037  0.144133  0.229551  0.364518  0.085946  0.278212  0.306730  0.333288  0.444579  0.211245  0.341582  0.346803  0.248609  0.085946  0.268480  0.085946  0.249469  0.085946  0.216401  0.281834  0.162983  0.085946  0.105185  0.199404  0.205563  0.311612  0.323528  0.095500  0.253121  0.415019  0.191083 
35  0.321298  0.437759  0.385248  0.353394  0.289371  0.160542  0.436000  0.370443  0.437570  0.248268  0.354182  0.085946  0.396730  0.085946  0.324081  0.127512  0.642262  0.138328  0.323238  0.208111  0.263251  0.085946  0.354447  0.250295  0.200472  0.105598  0.687338  0.155395  0.207986  0.570037  0.387380  0.246789  0.347511  0.327841  0.085946 0.0  0.218948  0.438016  0.251522  0.452322  0.386992  0.393092  0.213578  0.412668  0.314516  0.372559  0.224331  0.395377  0.293840  0.093696  0.372469  0.273783  0.391658  0.685855  0.085946  0.328497  0.287751  0.156959  0.266043  0.401209  0.257060  0.411709  0.180968  0.252327  0.338046  0.300115  0.479654  0.253816  0.387144  0.462904  0.237841  0.123522  0.201701  0.125787  0.323563  0.154557  0.151103  0.267294  0.132540  0.193725  0.085946  0.168778  0.180749  0.196763  0.201742  0.207037  0.231799  0.504201  0.144465 
36  0.395706  0.583061  0.445581  0.523405  0.343861  0.323956  0.566072  0.462017  0.511179  0.132331  0.433267  0.220445  0.534810  0.199182  0.576120  0.310555  0.846130  0.257548  0.356875  0.310120  0.463883  0.201581  0.365673  0.350207  0.135155  0.269296  0.725485  0.320939  0.139580  0.509756  0.492531  0.365706  0.493741  0.483059  0.237193  0.218948 0.0  0.523506  0.338610  0.655987  0.556568  0.616742  0.134458  0.573623  0.304410  0.615462  0.361369  0.535454  0.486253  0.185503  0.388266  0.419967  0.387981  0.683784  0.111447  0.482358  0.450259  0.336166  0.493292  0.372019  0.501995  0.495943  0.331144  0.085946  0.199385  0.085946  0.601642  0.363406  0.425994  0.428895  0.201505  0.289123  0.085946  0.172741  0.403706  0.316058  0.096121  0.415865  0.179242  0.176311  0.276449  0.355217  0.302777  0.088047  0.153725  0.282499  0.085946  0.661796  0.085946 
37  0.232987  0.383764  0.142187  0.255186  0.161876  0.380029  0.292311  0.244296  0.363911  0.485987  0.202418  0.422340  0.245185  0.388827  0.265468  0.287441  0.540214  0.333702  0.250588  0.281645  0.111909  0.365235  0.085946  0.127066  0.468640  0.286579  0.566360  0.308204  0.395763  0.334615  0.229169  0.399153  0.438585  0.202969  0.276199  0.438016  0.523506 0.0  0.335968  0.462505  0.431960  0.467682  0.426558  0.251751  0.283593  0.309691  0.333221  0.282929  0.175714  0.349589  0.145763  0.270126  0.320779  0.312241  0.393250  0.199372  0.226751  0.325790  0.147801  0.346957  0.153099  0.285461  0.296453  0.442085  0.438702  0.531112  0.265769  0.288324  0.194981  0.199500  0.459913  0.327026  0.422699  0.346294  0.314432  0.243258  0.384546  0.142581  0.423463  0.367885  0.322917  0.237543  0.269591  0.449976  0.437716  0.297683  0.362462  0.347068  0.417932 
38  0.099244  0.186965  0.284982  0.148865  0.159318  0.154063  0.224817  0.151454  0.357446  0.534868  0.209557  0.339985  0.115866  0.303452  0.122251  0.188916  0.400174  0.207949  0.159879  0.221529  0.131737  0.396730  0.184646  0.085946  0.492847  0.241624  0.499513  0.218169  0.299461  0.262367  0.192379  0.116677  0.189750  0.229992  0.281568  0.251522  0.338610  0.335968 0.0  0.434983  0.206475  0.241368  0.328070  0.188776  0.129308  0.149908  0.206422  0.136052  0.141523  0.300829  0.141093  0.100595  0.094118  0.478234  0.449240  0.190858  0.172126  0.230329  0.163276  0.095730  0.161111  0.157198  0.152749  0.393348  0.502154  0.469633  0.311479  0.128402  0.172692  0.332294  0.323707  0.186444  0.418479  0.218110  0.121580  0.264252  0.324505  0.233136  0.338946  0.260373  0.230816  0.324343  0.286868  0.369410  0.434802  0.257533  0.386364  0.341784  0.406530 
39  0.384841  0.281789  0.415107  0.364611  0.403213  0.517677  0.406724  0.392202  0.263165  0.758757  0.363612  0.538825  0.220891  0.663925  0.462337  0.477292  0.395844  0.483428  0.425763  0.445885  0.366366  0.549417  0.423230  0.379813  0.703483  0.599495  0.470822  0.536833  0.599483  0.237845  0.309537  0.442935  0.223475  0.530290  0.549103  0.452322  0.655987  0.462505  0.434983 0.0  0.228190  0.207773  0.750436  0.261919  0.290175  0.398741  0.432272  0.362921  0.379442  0.566198  0.431780  0.471677  0.306918  0.586716  0.645439  0.233094  0.340391  0.627140  0.482077  0.369994  0.444912  0.373772  0.457522  0.686030  0.855267  0.666712  0.361199  0.375983  0.407639  0.450500  0.666534  0.424379  0.674161  0.524859  0.316718  0.581912  0.588837  0.378208  0.604294  0.463620  0.541723  0.474612  0.487708  0.660827  0.573138  0.543467  0.734696  0.327261  0.799736 
40  0.263850  0.253880  0.332921  0.301390  0.362338  0.326797  0.200643  0.283109  0.222010  0.701351  0.304606  0.404349  0.104862  0.502228  0.270912  0.374895  0.439696  0.346085  0.215141  0.378217  0.266834  0.568457  0.304321  0.384391  0.592270  0.468765  0.551122  0.413762  0.489539  0.267181  0.213057  0.355583  0.161192  0.430491  0.458158  0.386992  0.556568  0.431960  0.206475  0.228190 0.0  0.112579  0.594569  0.206149  0.161309  0.293478  0.321731  0.216798  0.185978  0.431669  0.287227  0.284559  0.262034  0.470572  0.522369  0.235854  0.315411  0.418766  0.185568  0.257349  0.277758  0.332055  0.363795  0.566215  0.639654  0.520588  0.270090  0.321976  0.309767  0.431570  0.539502  0.481325  0.555808  0.469191  0.192981  0.406574  0.537320  0.393886  0.463327  0.325685  0.290243  0.342310  0.330300  0.629916  0.536018  0.356757  0.690248  0.305958  0.424936 
41  0.282060  0.162848  0.332303  0.251305  0.244085  0.362093  0.222988  0.241403  0.196923  0.669496  0.388456  0.437946  0.091450  0.623609  0.187503  0.350254  0.469556  0.472581  0.334872  0.324332  0.323170  0.483174  0.322035  0.336947  0.542559  0.346974  0.513710  0.430177  0.516935  0.085946  0.239479  0.233170  0.085946  0.307563  0.500847  0.393092  0.616742  0.467682  0.241368  0.207773  0.112579 0.0  0.575836  0.110674  0.157869  0.123666  0.493827  0.285992  0.225967  0.385934  0.344150  0.223435  0.210402  0.532159  0.492837  0.192178  0.245611  0.446681  0.144948  0.212941  0.288540  0.289131  0.427618  0.638769  0.626357  0.681159  0.276361  0.310043  0.191927  0.503174  0.475690  0.430782  0.560946  0.322038  0.223021  0.328917  0.492848  0.272906  0.532381  0.309807  0.240218  0.382654  0.379047  0.564571  0.547926  0.271205  0.541856  0.234312  0.657106 
42  0.404113  0.569141  0.532636  0.458288  0.370319  0.318333  0.577989  0.376024  0.623792  0.085946  0.447370  0.237843  0.504547  0.122359  0.430107  0.340329  0.755848  0.225975  0.413833  0.323996  0.459527  0.262170  0.467438  0.370714  0.085946  0.326045  0.822410  0.302968  0.168285  0.720041  0.493120  0.424349  0.489857  0.504366  0.373438  0.213578  0.134458  0.426558  0.328070  0.750436  0.594569  0.575836 0.0  0.524589  0.486343  0.508118  0.335282  0.531913  0.395620  0.180316  0.384462  0.360442  0.515346  0.676224  0.201232  0.513166  0.479628  0.224022  0.403888  0.431484  0.316762  0.553924  0.190255  0.185278  0.094802  0.085946  0.541551  0.378004  0.457971  0.499859  0.174095  0.385137  0.085946  0.149402  0.459945  0.239516  0.141573  0.451957  0.236562  0.351198  0.208322  0.367797  0.333559  0.218722  0.097672  0.263069  0.085946  0.713525  0.183751 
43  0.202903  0.144246  0.265056  0.280875  0.265621  0.364220  0.288531  0.226374  0.103702  0.585192  0.223592  0.389741  0.096654  0.618524  0.218760  0.316499  0.301299  0.350943  0.243550  0.273013  0.188605  0.525641  0.263824  0.291978  0.604500  0.363376  0.417944  0.329490  0.466855  0.234744  0.181922  0.357540  0.120654  0.279115  0.425970  0.412668  0.573623  0.251751  0.188776  0.261919  0.206149  0.110674  0.524589 0.0  0.194665  0.257429  0.316132  0.255123  0.241509  0.415903  0.347292  0.233663  0.128483  0.435548  0.473628  0.128611  0.275605  0.392135  0.108300  0.256317  0.278705  0.225320  0.363077  0.548971  0.670481  0.481136  0.235558  0.092437  0.191711  0.380941  0.548641  0.336064  0.566923  0.366882  0.292604  0.453632  0.440860  0.324394  0.331524  0.295641  0.443015  0.415435  0.390545  0.499877  0.622112  0.424789  0.615979  0.204167  0.569538 
44  0.178698  0.256892  0.189675  0.186166  0.240361  0.223350  0.125470  0.087862  0.221026  0.520470  0.244367  0.229326  0.218385  0.381189  0.194135  0.222693  0.500096  0.379406  0.310851  0.374604  0.191357  0.388551  0.238531  0.218785  0.492140  0.289789  0.501606  0.221208  0.392637  0.241012  0.208159  0.228502  0.241177  0.202329  0.316664  0.314516  0.304410  0.283593  0.129308  0.290175  0.161309  0.157869  0.486343  0.194665 0.0  0.291457  0.313294  0.229322  0.165553  0.410260  0.173456  0.131339  0.157857  0.495940  0.435616  0.195697  0.338547  0.325344  0.195297  0.209583  0.211459  0.273237  0.262371  0.424881  0.521929  0.449767  0.350447  0.222679  0.173835  0.365406  0.383795  0.250845  0.433801  0.353197  0.113327  0.320771  0.437906  0.235809  0.375318  0.254746  0.282343  0.309766  0.198076  0.472114  0.525494  0.328879  0.499475  0.288257  0.443253 
