89
0 0.0  0.329228  0.205601  0.086820  0.116751  0.192123  0.180056  0.124192  0.278288  0.541464  0.212194  0.277744  0.164698  0.324131  0.161384  0.343076  0.430185  0.369556  0.180715  0.261562  0.096763  0.319722  0.113919  0.148610  0.412638  0.249214  0.460107  0.239633  0.488112  0.189287  0.130308  0.214392  0.300773  0.324354  0.277972  0.289101  0.397701  0.343779  0.083658  0.382797  0.307340  0.300593  0.456486  0.259344  0.096435  0.192403  0.133636  0.083658  0.112733  0.265873  0.147146  0.126621  0.083658  0.542136  0.372062  0.090253  0.083658  0.311163  0.083658  0.083658  0.153360  0.246060  0.176045  0.452377  0.425548  0.469572  0.246268  0.179920  0.140101  0.215035  0.382071  0.181861  0.310124  0.192956  0.190965  0.192626  0.346611  0.173521  0.264734  0.197829  0.187637  0.314579  0.192368  0.431059  0.540531  0.278255  0.537674  0.231116  0.446592 
1  0.329228 0.0  0.175379  0.207191  0.251180  0.364506  0.139480  0.295972  0.205110  0.580878  0.234775  0.369896  0.171521  0.554843  0.235735  0.332936  0.353794  0.477547  0.359125  0.257087  0.245275  0.558430  0.294074  0.339661  0.602956  0.454773  0.399808  0.359770  0.528559  0.083658  0.231351  0.283808  0.191352  0.339723  0.403984  0.403478  0.534927  0.304322  0.294272  0.269762  0.230511  0.168292  0.588138  0.149916  0.226747  0.155995  0.279918  0.169109  0.257613  0.450596  0.198254  0.212461  0.266568  0.474893  0.602771  0.122438  0.283245  0.428278  0.106649  0.176292  0.186868  0.173506  0.366907  0.529478  0.614703  0.578422  0.285273  0.332162  0.171007  0.272014  0.432500  0.440879  0.553432  0.436142  0.155565  0.405710  0.493639  0.259817  0.396476  0.303893  0.344899  0.370254  0.322917  0.539189  0.587316  0.305671  0.540136  0.149292  0.584416 
2  0.205601  0.175379 0.0  0.158010  0.167918  0.301276  0.087260  0.251715  0.265551  0.548529  0.181467  0.364500  0.191494  0.476415  0.197152  0.171623  0.334201  0.421493  0.222194  0.415272  0.172672  0.441732  0.201923  0.194599  0.468413  0.384369  0.375193  0.310715  0.405470  0.138101  0.105694  0.170875  0.208951  0.103366  0.333405  0.393494  0.428487  0.210247  0.184658  0.393380  0.325455  0.271299  0.569782  0.256019  0.179949  0.100353  0.248988  0.164123  0.116765  0.395934  0.223461  0.192213  0.262627  0.282471  0.431864  0.184226  0.159179  0.365567  0.134337  0.171035  0.194671  0.083658  0.298754  0.465781  0.542708  0.566108  0.083658  0.218710  0.107752  0.087405  0.428421  0.309987  0.504562  0.302901  0.220527  0.247768  0.409417  0.138872  0.272936  0.342037  0.331598  0.179921  0.195326  0.444126  0.521750  0.463216  0.417899  0.286693  0.547898 
3  0.086820  0.207191  0.158010 0.0  0.113184  0.280381  0.211552  0.164706  0.261135  0.413479  0.173434  0.299977  0.180823  0.349237  0.083658  0.229985  0.438227  0.285015  0.192961  0.214349  0.171158  0.402971  0.188195  0.125811  0.358258  0.348417  0.505694  0.188601  0.402593  0.184245  0.122938  0.185517  0.228818  0.295833  0.238488  0.374835  0.381762  0.196023  0.172340  0.342022  0.345767  0.181202  0.294721  0.295556  0.132395  0.226911  0.222250  0.146412  0.083658  0.349935  0.168980  0.096078  0.203009  0.381416  0.265160  0.083658  0.115888  0.219258  0.201923  0.178912  0.083658  0.206511  0.248633  0.414259  0.556284  0.399373  0.246531  0.203941  0.229139  0.259429  0.461283  0.188033  0.448941  0.213127  0.083658  0.322122  0.207248  0.315267  0.335063  0.276756  0.316858  0.187756  0.107060  0.489360  0.397722  0.342361  0.431644  0.248554  0.402140 
4  0.116751  0.251180  0.167918  0.113184 0.0  0.241718  0.197441  0.244892  0.320679  0.490368  0.083658  0.189093  0.249923  0.405375  0.117039  0.209861  0.523954  0.293908  0.083658  0.200413  0.136355  0.437327  0.083658  0.132704  0.474070  0.307727  0.542439  0.307355  0.366219  0.314584  0.150594  0.157699  0.185984  0.204774  0.231228  0.311582  0.420408  0.170482  0.138850  0.406526  0.380224  0.283194  0.417326  0.256456  0.178213  0.181449  0.283558  0.276974  0.153468  0.395868  0.182700  0.090326  0.131229  0.365167  0.383738  0.236063  0.083658  0.228569  0.098875  0.117691  0.110139  0.169206  0.235221  0.377965  0.454105  0.436336  0.226062  0.166731  0.114062  0.280398  0.298382  0.230226  0.382841  0.246007  0.147358  0.214811  0.462515  0.216491  0.195005  0.220052  0.212860  0.144117  0.135428  0.479335  0.394347  0.209611  0.335885  0.274389  0.407967 
5  0.192123  0.364506  0.301276  0.280381  0.241718 0.0  0.264727  0.268101  0.378532  0.319560  0.207965  0.248413  0.305419  0.296408  0.181347  0.083658  0.606128  0.089563  0.128033  0.083658  0.239400  0.174917  0.233613  0.259117  0.276967  0.186768  0.663430  0.191654  0.176617  0.381941  0.324059  0.129621  0.370331  0.338068  0.098792  0.201004  0.265752  0.293150  0.167630  0.494646  0.342998  0.324897  0.316675  0.362893  0.191953  0.319119  0.083658  0.414821  0.289875  0.087901  0.319429  0.212273  0.282473  0.485717  0.226953  0.247724  0.291183  0.165021  0.247558  0.181763  0.289091  0.229004  0.171423  0.249773  0.420330  0.375997  0.335982  0.189676  0.337668  0.409535  0.230776  0.103774  0.297385  0.111972  0.262283  0.125105  0.230104  0.171825  0.113135  0.091832  0.083658  0.128812  0.182719  0.332874  0.253566  0.083658  0.288526  0.418847  0.309495 
6  0.180056  0.139480  0.087260  0.211552  0.197441  0.264727 0.0  0.235240  0.295174  0.562931  0.193075  0.367759  0.183044  0.394912  0.130334  0.353856  0.357374  0.404881  0.286563  0.389568  0.121690  0.347629  0.333264  0.328929  0.616708  0.367055  0.337325  0.381795  0.507164  0.254301  0.100991  0.319250  0.304372  0.150812  0.288397  0.416841  0.544847  0.199216  0.355445  0.397888  0.325806  0.260855  0.561967  0.083658  0.201027  0.167270  0.295658  0.136545  0.140445  0.415144  0.271286  0.185081  0.283311  0.380877  0.534375  0.120506  0.205192  0.326478  0.285643  0.093837  0.209160  0.176859  0.364847  0.519553  0.576623  0.558277  0.083658  0.277809  0.114287  0.265117  0.456147  0.318651  0.519235  0.263067  0.257707  0.274428  0.438522  0.264297  0.397340  0.305255  0.306166  0.326054  0.245821  0.600560  0.441158  0.407417  0.501782  0.277873  0.496099 
7  0.124192  0.295972  0.251715  0.164706  0.244892  0.268101  0.235240 0.0  0.225289  0.416020  0.206188  0.272298  0.162868  0.338517  0.214678  0.352514  0.483602  0.375479  0.135154  0.224293  0.164453  0.332462  0.205896  0.216150  0.497281  0.265743  0.569209  0.289182  0.407994  0.339269  0.180396  0.219058  0.236132  0.405408  0.204105  0.343931  0.393996  0.310416  0.164024  0.253528  0.200672  0.227186  0.435880  0.146808  0.083658  0.209412  0.199187  0.233907  0.209164  0.241643  0.204482  0.115012  0.083658  0.471917  0.415525  0.240045  0.235674  0.305115  0.232708  0.224683  0.083658  0.289975  0.262083  0.330328  0.460136  0.497235  0.310794  0.210824  0.180902  0.358195  0.374444  0.220721  0.429844  0.238607  0.083658  0.233837  0.361820  0.195880  0.291510  0.195818  0.349867  0.252785  0.222038  0.500062  0.439398  0.211500  0.406568  0.347097  0.286447 
8  0.278288  0.205110  0.265551  0.261135  0.320679  0.378532  0.295174  0.225289 0.0  0.660002  0.304526  0.490831  0.170887  0.548968  0.216270  0.340158  0.344267  0.386801  0.262761  0.263260  0.268768  0.473956  0.340665  0.304701  0.562801  0.484785  0.327021  0.333602  0.488654  0.118188  0.083658  0.291371  0.114395  0.306032  0.426737  0.374470  0.614065  0.309841  0.220510  0.203635  0.218554  0.083658  0.620193  0.137887  0.261850  0.229222  0.399878  0.182067  0.298305  0.441740  0.295867  0.361468  0.308232  0.457224  0.536659  0.193418  0.280822  0.384103  0.223652  0.245421  0.235482  0.165800  0.408699  0.677788  0.571877  0.637588  0.306174  0.293000  0.221016  0.366297  0.457947  0.488463  0.551562  0.468141  0.242339  0.285993  0.491745  0.265978  0.543526  0.422673  0.391358  0.359651  0.401302  0.601443  0.582706  0.528359  0.536270  0.159407  0.598425 
9  0.541464  0.580878  0.548529  0.413479  0.490368  0.319560  0.562931  0.416020  0.660002 0.0  0.429915  0.252780  0.558890  0.227299  0.471296  0.370399  0.869331  0.355004  0.428679  0.315613  0.457001  0.108261  0.489469  0.375829  0.083658  0.294471  0.872896  0.338454  0.134946  0.639698  0.575456  0.392732  0.612386  0.514756  0.343794  0.308529  0.207846  0.368756  0.553541  0.768496  0.571575  0.666405  0.083658  0.611845  0.521821  0.620955  0.329938  0.485797  0.433903  0.262057  0.415390  0.427284  0.565628  0.629996  0.247757  0.629115  0.428985  0.306583  0.494990  0.577369  0.470742  0.534461  0.338030  0.114695  0.083658  0.237070  0.579574  0.487569  0.570126  0.611377  0.248055  0.284935  0.175573  0.340869  0.505547  0.276400  0.300269  0.428772  0.315925  0.281027  0.404180  0.469817  0.472102  0.155451  0.156313  0.274161  0.186489  0.667094  0.141254 
10  0.212194  0.234775  0.181467  0.173434  0.083658  0.207965  0.193075  0.206188  0.304526  0.429915 0.0  0.331654  0.197128  0.346261  0.083658  0.237862  0.446924  0.214625  0.207913  0.192432  0.139607  0.319263  0.083658  0.203643  0.338532  0.306254  0.505532  0.323106  0.391273  0.266865  0.218669  0.177274  0.325774  0.282742  0.216061  0.337774  0.440680  0.167159  0.204937  0.428843  0.297400  0.244936  0.472380  0.336577  0.149752  0.198158  0.083669  0.216446  0.156613  0.347277  0.093264  0.206148  0.193774  0.302813  0.329650  0.229443  0.083658  0.255140  0.231770  0.122033  0.083658  0.144945  0.212815  0.336067  0.410186  0.391525  0.129986  0.164194  0.171717  0.258539  0.444072  0.177038  0.306812  0.339858  0.158778  0.259090  0.383353  0.083658  0.356510  0.253975  0.204155  0.148070  0.083658  0.437587  0.431167  0.304478  0.478677  0.282397  0.446222 
11  0.277744  0.369896  0.364500  0.299977  0.189093  0.248413  0.367759  0.272298  0.490831  0.252780  0.331654 0.0  0.397735  0.182844  0.319119  0.227199  0.644443  0.187643  0.139576  0.214629  0.266181  0.108747  0.185096  0.302033  0.247292  0.083658  0.758586  0.170789  0.216300  0.404890  0.290558  0.211653  0.432647  0.372772  0.084704  0.141254  0.140279  0.363095  0.277711  0.633466  0.349133  0.434835  0.257335  0.474318  0.303139  0.513160  0.083658  0.320502  0.210172  0.128259  0.365237  0.311372  0.333676  0.570389  0.085660  0.420211  0.383626  0.137630  0.322063  0.243193  0.298858  0.406707  0.126570  0.171494  0.179728  0.219636  0.396082  0.317303  0.294449  0.400088  0.223682  0.251858  0.297793  0.090031  0.344679  0.109600  0.102274  0.284545  0.100723  0.083658  0.083658  0.155047  0.139598  0.275402  0.184743  0.170081  0.126042  0.483979  0.193325 
12  0.164698  0.171521  0.191494  0.180823  0.249923  0.305419  0.183044  0.162868  0.170887  0.558890  0.197128  0.397735 0.0  0.528417  0.228209  0.320752  0.408178  0.495182  0.225614  0.241313  0.251981  0.421385  0.140815  0.321676  0.513423  0.327764  0.471993  0.400784  0.526608  0.198310  0.149176  0.210570  0.176061  0.382833  0.343287  0.327768  0.495309  0.197871  0.197258  0.279507  0.216875  0.083658  0.572082  0.149485  0.144335  0.179569  0.389293  0.223082  0.210675  0.379448  0.259106  0.301978  0.203021  0.422989  0.568628  0.130377  0.224432  0.302455  0.130356  0.282251  0.269293  0.223318  0.326497  0.457349  0.457759  0.451739  0.325974  0.225857  0.250293  0.320300  0.389686  0.325677  0.525035  0.372478  0.083658  0.350698  0.515916  0.287580  0.301635  0.305754  0.330505  0.314123  0.317291  0.470077  0.546936  0.309069  0.565132  0.291125  0.548978 
13  0.324131  0.554843  0.476415  0.349237  0.405375  0.296408  0.394912  0.338517  0.548968  0.227299  0.346261  0.182844  0.528417 0.0  0.355139  0.263454  0.655893  0.240478  0.283846  0.245416  0.376578  0.189813  0.276876  0.332984  0.202101  0.083658  0.717361  0.219110  0.095292  0.614290  0.340797  0.269235  0.518065  0.462644  0.273017  0.117813  0.115589  0.382501  0.378716  0.632772  0.521241  0.415455  0.143999  0.460449  0.398226  0.491496  0.184221  0.394462  0.248419  0.094196  0.392098  0.328525  0.282001  0.668557  0.083658  0.452789  0.380935  0.158613  0.398267  0.295031  0.361225  0.329328  0.177097  0.213646  0.133481  0.148755  0.495984  0.316773  0.415184  0.488822  0.083658  0.277943  0.152838  0.200507  0.360227  0.174033  0.096868  0.287034  0.201609  0.219995  0.276665  0.223277  0.307274  0.159668  0.083658  0.196575  0.159508  0.583222  0.185320 
14  0.161384  0.235735  0.197152  0.083658  0.117039  0.181347  0.130334  0.214678  0.216270  0.471296  0.083658  0.319119  0.228209  0.355139 0.0  0.222246  0.338496  0.259827  0.174842  0.276560  0.198179  0.353164  0.154792  0.123511  0.321817  0.207024  0.462133  0.255856  0.376551  0.320074  0.155331  0.160349  0.225809  0.264955  0.211045  0.347768  0.454425  0.144726  0.083658  0.426472  0.326312  0.204095  0.432069  0.253586  0.170521  0.177002  0.193083  0.113734  0.083658  0.242787  0.170661  0.083658  0.220412  0.425468  0.487342  0.158596  0.107728  0.234705  0.089716  0.137357  0.083658  0.245589  0.331677  0.444817  0.440266  0.427695  0.214087  0.246482  0.228517  0.268405  0.334091  0.269856  0.414273  0.260309  0.083658  0.216350  0.379065  0.083658  0.259344  0.202489  0.303230  0.269755  0.204184  0.392815  0.429000  0.259522  0.425026  0.288629  0.348626 
15  0.343076  0.332936  0.171623  0.229985  0.209861  0.083658  0.353856  0.352514  0.340158  0.370399  0.237862  0.227199  0.320752  0.263454  0.222246 0.0  0.706671  0.175378  0.131722  0.164282  0.221723  0.237274  0.245612  0.123066  0.252928  0.240899  0.707521  0.083658  0.235633  0.342475  0.303559  0.299466  0.414243  0.377361  0.124200  0.235600  0.203292  0.267362  0.166710  0.401011  0.438216  0.353726  0.372541  0.396811  0.227586  0.351345  0.083658  0.295979  0.227049  0.209234  0.231562  0.300913  0.298163  0.522906  0.234903  0.248999  0.289338  0.083658  0.237166  0.177601  0.310978  0.321544  0.083658  0.350381  0.381087  0.305416  0.404316  0.227315  0.282360  0.350562  0.331671  0.194478  0.347298  0.084150  0.218860  0.083658  0.166846  0.116870  0.251900  0.140715  0.163456  0.224951  0.108765  0.297456  0.369777  0.127850  0.263668  0.460031  0.285465 
16  0.430185  0.353794  0.334201  0.438227  0.523954  0.606128  0.357374  0.483602  0.344267  0.869331  0.446924  0.644443  0.408178  0.655893  0.338496  0.706671 0.0  0.666905  0.593628  0.558108  0.437764  0.646381  0.480197  0.607818  0.871087  0.581007  0.098100  0.711233  0.894270  0.225115  0.373847  0.530192  0.306601  0.409043  0.574291  0.649701  0.784101  0.485849  0.567642  0.509709  0.583648  0.431763  0.745472  0.469523  0.439499  0.324362  0.572437  0.359190  0.433814  0.583763  0.423157  0.507963  0.467194  0.276046  0.675383  0.381320  0.428038  0.696716  0.505339  0.482218  0.374853  0.358186  0.626300  0.728633  0.805244  0.833386  0.361267  0.541180  0.360518  0.375640  0.648662  0.612889  0.793130  0.648358  0.528977  0.607692  0.634345  0.480054  0.677799  0.661728  0.478680  0.592126  0.477807  0.855985  0.850556  0.609931  0.881719  0.293030  0.784584 
17  0.369556  0.477547  0.421493  0.285015  0.293908  0.089563  0.404881  0.375479  0.386801  0.355004  0.214625  0.187643  0.495182  0.240478  0.259827  0.175378  0.666905 0.0  0.217647  0.125186  0.243485  0.192691  0.300509  0.207319  0.303960  0.150769  0.562416  0.088614  0.207088  0.570752  0.310208  0.224064  0.256332  0.491868  0.083658  0.159681  0.163852  0.300801  0.203091  0.444572  0.365230  0.483756  0.259119  0.407208  0.272282  0.427325  0.125034  0.331207  0.232763  0.096456  0.258423  0.258088  0.286124  0.610748  0.228998  0.299870  0.344771  0.083658  0.329473  0.236706  0.241265  0.414195  0.083658  0.226315  0.245440  0.189576  0.396957  0.284204  0.405947  0.376070  0.208378  0.206955  0.243209  0.157973  0.224216  0.095064  0.219771  0.212268  0.129001  0.083658  0.083658  0.183644  0.110939  0.284768  0.213520  0.147243  0.292803  0.412763  0.264395 
18  0.180715  0.359125  0.222194  0.192961  0.083658  0.128033  0.286563  0.135154  0.262761  0.428679  0.207913  0.139576  0.225614  0.283846  0.174842  0.131722  0.593628  0.217647 0.0  0.083658  0.222849  0.295482  0.169592  0.083658  0.372787  0.145444  0.562390  0.222174  0.397433  0.308419  0.162562  0.123609  0.254169  0.214337  0.089050  0.218850  0.375502  0.348651  0.083658  0.364120  0.290771  0.350761  0.420417  0.200747  0.168862  0.246096  0.090265  0.225448  0.191493  0.237097  0.205113  0.098144  0.249890  0.474671  0.322931  0.305566  0.234970  0.171820  0.169067  0.172771  0.247082  0.319083  0.261867  0.421686  0.425727  0.365540  0.255376  0.083658  0.250058  0.318150  0.233233  0.147637  0.317207  0.175542  0.203117  0.208474  0.250119  0.194900  0.217038  0.083964  0.144484  0.240549  0.212933  0.319037  0.350560  0.149022  0.331302  0.292324  0.376104 
19  0.261562  0.257087  0.415272  0.214349  0.200413  0.083658  0.389568  0.224293  0.263260  0.315613  0.192432  0.214629  0.241313  0.245416  0.276560  0.164282  0.558108  0.125186  0.083658 0.0  0.256313  0.245976  0.255550  0.083658  0.299938  0.168879  0.667590  0.193734  0.210386  0.300572  0.333568  0.084490  0.382423  0.308932  0.083658  0.182753  0.250959  0.257806  0.221038  0.434089  0.376232  0.361489  0.300068  0.387046  0.194732  0.321275  0.097972  0.242468  0.204099  0.193206  0.254456  0.303739  0.194252  0.421147  0.248370  0.260219  0.174202  0.161151  0.174036  0.263201  0.227614  0.320172  0.140591  0.365120  0.296615  0.322259  0.291021  0.267404  0.201330  0.368985  0.267862  0.083658  0.213467  0.088394  0.235842  0.189031  0.255861  0.083658  0.161048  0.120585  0.132759  0.213939  0.173786  0.378654  0.261698  0.159932  0.219073  0.534482  0.256283 
20  0.096763  0.245275  0.172672  0.171158  0.136355  0.239400  0.121690  0.164453  0.268768  0.457001  0.139607  0.266181  0.251981  0.376578  0.198179  0.221723  0.437764  0.243485  0.222849  0.256313 0.0  0.460958  0.177307  0.221907  0.448711  0.324304  0.573743  0.285289  0.449379  0.283980  0.204831  0.254499  0.261427  0.175693  0.275120  0.313430  0.453175  0.130232  0.160114  0.511554  0.336030  0.336406  0.446976  0.229274  0.155635  0.270832  0.274795  0.125385  0.083658  0.336213  0.140327  0.136218  0.322782  0.340337  0.346997  0.243932  0.188337  0.268794  0.226368  0.096704  0.177993  0.164414  0.269428  0.402887  0.442147  0.466553  0.173452  0.219098  0.135978  0.292896  0.340319  0.298951  0.388709  0.216983  0.176095  0.186554  0.373993  0.099308  0.335799  0.230290  0.421735  0.229542  0.162750  0.441773  0.421347  0.268060  0.413992  0.332742  0.450120 
21  0.319722  0.558430  0.441732  0.402971  0.437327  0.174917  0.347629  0.332462  0.473956  0.108261  0.319263  0.108747  0.421385  0.189813  0.353164  0.237274  0.646381  0.192691  0.295482  0.245976  0.460958 0.0  0.312740  0.354195  0.169374  0.166581  0.703438  0.248733  0.162771  0.485598  0.392243  0.344094  0.500316  0.413993  0.257728  0.147466  0.096241  0.388664  0.312837  0.605509  0.429266  0.559458  0.238052  0.563849  0.463049  0.506688  0.260455  0.447051  0.322737  0.155144  0.397446  0.345416  0.393688  0.537683  0.155185  0.538664  0.297024  0.136837  0.387488  0.402907  0.369906  0.457082  0.239503  0.083658  0.196957  0.145448  0.420099  0.382522  0.412845  0.514028  0.083806  0.261578  0.231230  0.294964  0.307777  0.217155  0.083658  0.233340  0.142591  0.303649  0.261907  0.401350  0.279354  0.145362  0.231902  0.179977  0.178375  0.561005  0.098031 
22  0.113919  0.294074  0.201923  0.188195  0.083658  0.233613  0.333264  0.205896  0.340665  0.489469  0.083658  0.185096  0.140815  0.276876  0.154792  0.245612  0.480197  0.300509  0.169592  0.255550  0.177307  0.312740 0.0  0.145330  0.417772  0.309396  0.515191  0.163736  0.421488  0.241589  0.233399  0.229300  0.339322  0.166613  0.248378  0.332429  0.478813  0.091975  0.272215  0.455769  0.266453  0.148456  0.379451  0.322491  0.161436  0.261126  0.246753  0.146329  0.176919  0.281404  0.086436  0.135846  0.196372  0.399229  0.410012  0.122459  0.130619  0.253379  0.122744  0.171507  0.083658  0.280337  0.245919  0.471016  0.460351  0.447754  0.284256  0.236750  0.141114  0.253276  0.432401  0.234010  0.478507  0.191741  0.271538  0.266974  0.381332  0.232989  0.403035  0.375932  0.253708  0.251787  0.118984  0.454646  0.552782  0.316876  0.418604  0.369530  0.372264 
23  0.148610  0.339661  0.194599  0.125811  0.132704  0.259117  0.328929  0.216150  0.304701  0.375829  0.203643  0.302033  0.321676  0.332984  0.123511  0.123066  0.607818  0.207319  0.083658  0.083658  0.221907  0.354195  0.145330 0.0  0.390326  0.307825  0.581414  0.177636  0.357732  0.277575  0.158580  0.096935  0.326560  0.353949  0.240064  0.284232  0.374981  0.263053  0.173820  0.407405  0.331871  0.290576  0.390951  0.200629  0.170602  0.244834  0.117194  0.226335  0.146517  0.241205  0.279328  0.097929  0.162024  0.534958  0.248800  0.164784  0.147203  0.146983  0.213707  0.158014  0.206008  0.273697  0.184310  0.321429  0.433214  0.336785  0.280107  0.219828  0.248076  0.345951  0.318108  0.299444  0.430237  0.227502  0.198119  0.083658  0.348014  0.157920  0.204000  0.174704  0.133448  0.247083  0.200770  0.446151  0.444030  0.131720  0.383688  0.344854  0.388113 
24  0.412638  0.602956  0.468413  0.358258  0.474070  0.276967  0.616708  0.497281  0.562801  0.083658  0.338532  0.247292  0.513423  0.202101  0.321817  0.252928  0.871087  0.303960  0.372787  0.299938  0.448711  0.169374  0.417772  0.390326 0.0  0.237348  0.872811  0.190086  0.083658  0.649790  0.414660  0.291092  0.591166  0.444986  0.270274  0.173153  0.104176  0.463752  0.391942  0.702968  0.547652  0.592139  0.161209  0.545197  0.372633  0.506983  0.456441  0.498487  0.390227  0.177387  0.442210  0.420280  0.446822  0.689055  0.083658  0.529325  0.429839  0.320994  0.471663  0.489277  0.362021  0.524979  0.304289  0.107304  0.110963  0.096432  0.490989  0.523021  0.447066  0.522640  0.127396  0.291779  0.137361  0.245828  0.386069  0.306257  0.152228  0.427434  0.235164  0.226380  0.336436  0.253748  0.393886  0.171111  0.111294  0.278974  0.097653  0.612537  0.177970 
25  0.249214  0.454773  0.384369  0.348417  0.307727  0.186768  0.367055  0.265743  0.484785  0.294471  0.306254  0.083658  0.327764  0.083658  0.207024  0.240899  0.581007  0.150769  0.145444  0.168879  0.324304  0.166581  0.309396  0.307825  0.237348 0.0  0.658198  0.094196  0.186307  0.421475  0.343713  0.181863  0.481224  0.400778  0.122459  0.083658  0.250213  0.315578  0.285419  0.536138  0.399212  0.468195  0.256527  0.424463  0.286366  0.378091  0.141784  0.326688  0.249882  0.145069  0.256348  0.206949  0.293070  0.582625  0.164592  0.354083  0.211136  0.155912  0.364659  0.262775  0.284584  0.406898  0.089541  0.285564  0.494776  0.177351  0.328470  0.330591  0.338123  0.373059  0.099067  0.083658  0.228999  0.106682  0.348649  0.083658  0.159828  0.234330  0.083658  0.083658  0.184527  0.219655  0.240018  0.338753  0.186053  0.106679  0.273922  0.284530  0.221708 
26  0.460107  0.399808  0.375193  0.505694  0.542439  0.663430  0.337325  0.569209  0.327021  0.872896  0.505532  0.758586  0.471993  0.717361  0.462133  0.707521  0.098100  0.562416  0.562390  0.667590  0.573743  0.703438  0.515191  0.581414  0.872811  0.658198 0.0  0.728781  0.723228  0.399722  0.526628  0.526450  0.503133  0.511479  0.678320  0.670564  0.766057  0.447671  0.476768  0.485215  0.481861  0.500755  0.804179  0.473119  0.490376  0.376148  0.547414  0.439051  0.410090  0.623361  0.471165  0.437029  0.555850  0.311644  0.730399  0.517941  0.557355  0.693325  0.427926  0.435005  0.530537  0.449004  0.635894  0.885065  1.000000  0.783345  0.383673  0.501112  0.471623  0.365390  0.784941  0.547645  0.807569  0.757676  0.489286  0.734945  0.730358  0.626281  0.746652  0.688733  0.626572  0.591300  0.571517  0.901009  0.856747  0.729998  0.793656  0.396421  0.867041 
27  0.239633  0.359770  0.310715  0.188601  0.307355  0.191654  0.381795  0.289182  0.333602  0.338454  0.323106  0.170789  0.400784  0.219110  0.255856  0.083658  0.711233  0.088614  0.222174  0.193734  0.285289  0.248733  0.163736  0.177636  0.190086  0.094196  0.728781 0.0  0.256318  0.376702  0.191255  0.185070  0.344857  0.225177  0.233761  0.198299  0.209103  0.342728  0.226275  0.427972  0.307279  0.345849  0.408163  0.356419  0.315626  0.299145  0.090262  0.338114  0.186028  0.108461  0.311763  0.226754  0.216244  0.514854  0.281840  0.428702  0.257387  0.171872  0.346275  0.299257  0.249926  0.324231  0.083658  0.325494  0.296199  0.418899  0.386647  0.157653  0.340149  0.355785  0.232037  0.109054  0.313856  0.092269  0.263883  0.155384  0.215264  0.296359  0.191535  0.100841  0.083658  0.252386  0.245125  0.258395  0.281700  0.083658  0.299920  0.399280  0.260521 
28  0.488112  0.528559  0.405470  0.402593  0.366219  0.176617  0.507164  0.407994  0.488654  0.134946  0.391273  0.216300  0.526608  0.095292  0.376551  0.235633  0.894270  0.207088  0.397433  0.210386  0.449379  0.162771  0.421488  0.357732  0.083658  0.186307  0.723228  0.256318 0.0  0.576820  0.488386  0.276647  0.516708  0.458993  0.215846  0.208845  0.083658  0.438470  0.288800  0.676913  0.601722  0.443737  0.249785  0.459608  0.472261  0.443772  0.176387  0.409903  0.394737  0.216553  0.342509  0.485136  0.416955  0.746846  0.083658  0.487434  0.376179  0.245598  0.344773  0.533522  0.434622  0.547325  0.180081  0.150053  0.154556  0.126581  0.523884  0.343612  0.417023  0.521019  0.083658  0.309751  0.194010  0.121734  0.449899  0.156408  0.168977  0.319525  0.229130  0.188133  0.163104  0.319013  0.346658  0.108479  0.112503  0.146583  0.162608  0.568680  0.087706 
29  0.189287  0.083658  0.138101  0.184245  0.314584  0.381941  0.254301  0.339269  0.118188  0.639698  0.266865  0.404890  0.198310  0.614290  0.320074  0.342475  0.225115  0.570752  0.308419  0.300572  0.283980  0.485598  0.241589  0.277575  0.649790  0.421475  0.399722  0.376702  0.576820 0.0  0.172076  0.308533  0.183506  0.313481  0.308230  0.399021  0.579027  0.405753  0.248913  0.252356  0.212166  0.176758  0.591846  0.133749  0.360030  0.257132  0.399022  0.120395  0.281986  0.508494  0.246428  0.184337  0.233661  0.267705  0.458735  0.083658  0.221708  0.463149  0.127813  0.299234  0.225389  0.207915  0.424014  0.565956  0.578292  0.575961  0.205590  0.139983  0.102371  0.312381  0.595561  0.324551  0.616949  0.426807  0.217509  0.344065  0.509070  0.286416  0.366031  0.324470  0.399829  0.314148  0.370705  0.696290  0.610093  0.323451  0.581069  0.126718  0.465271 
30  0.130308  0.231351  0.105694  0.122938  0.150594  0.324059  0.100991  0.180396  0.083658  0.575456  0.218669  0.290558  0.149176  0.340797  0.155331  0.303559  0.373847  0.310208  0.162562  0.333568  0.204831  0.392243  0.233399  0.158580  0.414660  0.343713  0.526628  0.191255  0.488386  0.172076 0.0  0.195744  0.270028  0.165731  0.228146  0.412387  0.447537  0.253847  0.175051  0.352931  0.275551  0.272327  0.546665  0.248738  0.223059  0.159317  0.277798  0.098596  0.136648  0.280900  0.168560  0.230415  0.231399  0.310389  0.342572  0.184532  0.151093  0.366868  0.083658  0.083658  0.107673  0.192712  0.282867  0.503660  0.458423  0.449301  0.250984  0.145497  0.162088  0.271386  0.438596  0.297898  0.452733  0.300155  0.083658  0.305274  0.444985  0.190114  0.320118  0.295450  0.277978  0.341942  0.223792  0.521129  0.443203  0.317004  0.477221  0.204022  0.574973 
31  0.214392  0.283808  0.170875  0.185517  0.157699  0.129621  0.319250  0.219058  0.291371  0.392732  0.177274  0.211653  0.210570  0.269235  0.160349  0.299466  0.530192  0.224064  0.123609  0.084490  0.254499  0.344094  0.229300  0.096935  0.291092  0.181863  0.526450  0.185070  0.276647  0.308533  0.195744 0.0  0.210202  0.198744  0.210526  0.303714  0.329736  0.243286  0.092208  0.461818  0.260451  0.272551  0.428554  0.330631  0.220625  0.236754  0.161277  0.220360  0.224105  0.218261  0.220360  0.126187  0.151143  0.465183  0.269200  0.217424  0.152777  0.221985  0.164461  0.083658  0.101653  0.337709  0.239460  0.422140  0.497650  0.376771  0.291077  0.239881  0.205133  0.318280  0.253228  0.182754  0.393702  0.177293  0.118676  0.099543  0.299288  0.112894  0.231287  0.242100  0.106280  0.127731  0.173683  0.412303  0.454822  0.160095  0.441856  0.329910  0.372335 
32  0.300773  0.191352  0.208951  0.228818  0.185984  0.370331  0.304372  0.236132  0.114395  0.612386  0.325774  0.432647  0.176061  0.518065  0.225809  0.414243  0.306601  0.256332  0.254169  0.382423  0.261427  0.500316  0.339322  0.326560  0.591166  0.481224  0.503133  0.344857  0.516708  0.183506  0.270028  0.210202 0.0  0.380655  0.328706  0.400331  0.527372  0.322061  0.280954  0.265993  0.151258  0.204031  0.518797  0.109236  0.090888  0.240404  0.260228  0.185286  0.259875  0.357898  0.276293  0.279043  0.169449  0.367705  0.480581  0.083658  0.226401  0.282070  0.168911  0.229649  0.295280  0.185683  0.310567  0.523483  0.599549  0.559517  0.306299  0.244209  0.199079  0.362160  0.497024  0.349496  0.578966  0.388690  0.235332  0.352405  0.504738  0.382754  0.271322  0.336506  0.273701  0.327942  0.393233  0.520057  0.508656  0.313488  0.583112  0.288548  0.633316 
33  0.324354  0.339723  0.103366  0.295833  0.204774  0.338068  0.150812  0.405408  0.306032  0.514756  0.282742  0.372772  0.382833  0.462644  0.264955  0.377361  0.409043  0.491868  0.214337  0.308932  0.175693  0.413993  0.166613  0.353949  0.444986  0.400778  0.511479  0.225177  0.458993  0.313481  0.165731  0.198744  0.380655 0.0  0.419599  0.441407  0.393059  0.083658  0.376307  0.488170  0.372533  0.356217  0.453849  0.387098  0.267254  0.215340  0.196838  0.200966  0.242038  0.331129  0.118076  0.222659  0.287558  0.304842  0.471121  0.214231  0.140349  0.310574  0.217870  0.178486  0.181841  0.144761  0.366767  0.464420  0.510940  0.483609  0.165128  0.242093  0.223989  0.110642  0.499637  0.354558  0.493568  0.302688  0.240917  0.310609  0.372586  0.222199  0.390366  0.375841  0.410087  0.138756  0.261727  0.474741  0.406292  0.336480  0.436644  0.268264  0.428557 
34  0.277972  0.403984  0.333405  0.238488  0.231228  0.098792  0.288397  0.204105  0.426737  0.343794  0.216061  0.084704  0.343287  0.273017  0.211045  0.124200  0.574291  0.083658  0.089050  0.083658  0.275120  0.257728  0.248378  0.240064  0.270274  0.122459  0.678320  0.233761  0.215846  0.308230  0.228146  0.210526  0.328706  0.419599 0.0  0.289651  0.302479  0.297312  0.230486  0.482719  0.292622  0.392401  0.285372  0.447234  0.231794  0.337585  0.110971  0.255326  0.315154  0.179415  0.303097  0.250239  0.286138  0.574095  0.237865  0.404502  0.174616  0.118571  0.277762  0.250641  0.195050  0.308021  0.083658  0.300415  0.422548  0.272705  0.372494  0.199109  0.200654  0.252302  0.242345  0.083658  0.188137  0.126802  0.272508  0.107087  0.231726  0.125508  0.107247  0.181409  0.125544  0.255728  0.134954  0.175444  0.279959  0.143356  0.407876  0.455148  0.299286 
35  0.289101  0.403478  0.393494  0.374835  0.311582  0.201004  0.416841  0.343931  0.374470  0.308529  0.337774  0.141254  0.327768  0.117813  0.347768  0.235600  0.649701  0.159681  0.218850  0.182753  0.313430  0.147466  0.332429  0.284232  0.173153  0.083658  0.670564  0.198299  0.208845  0.399021  0.412387  0.303714  0.400331  0.441407  0.289651 0.0  0.208769  0.307605  0.360517  0.572378  0.426580  0.432867  0.178169  0.477889  0.352578  0.440626  0.152317  0.410767  0.368998  0.112875  0.317831  0.320862  0.313482  0.620312  0.083658  0.355949  0.322261  0.235202  0.379582  0.270321  0.326417  0.388143  0.169777  0.268098  0.290146  0.172567  0.506964  0.327227  0.308132  0.455198  0.083658  0.105523  0.159656  0.083658  0.363692  0.163454  0.198439  0.241356  0.135459  0.129436  0.131608  0.256897  0.266394  0.207710  0.257267  0.096785  0.171095  0.597281  0.210775 
36  0.397701  0.534927  0.428487  0.381762  0.420408  0.265752  0.544847  0.393996  0.614065  0.207846  0.440680  0.140279  0.495309  0.115589  0.454425  0.203292  0.784101  0.163852  0.375502  0.250959  0.453175  0.096241  0.478813  0.374981  0.104176  0.250213  0.766057  0.209103  0.083658  0.579027  0.447537  0.329736  0.527372  0.393059  0.302479  0.208769 0.0  0.432443  0.400490  0.713221  0.533835  0.518199  0.115546  0.596323  0.486013  0.629352  0.354499  0.488985  0.366605  0.224449  0.353299  0.404754  0.361934  0.614036  0.127155  0.415256  0.360434  0.241021  0.461227  0.395088  0.432417  0.465629  0.186253  0.083658  0.178906  0.208387  0.540463  0.411130  0.530111  0.554781  0.184707  0.288063  0.090589  0.258681  0.417037  0.317411  0.118295  0.433837  0.195062  0.214596  0.275538  0.364031  0.259884  0.175185  0.083658  0.340586  0.083658  0.531278  0.132583 
37  0.343779  0.304322  0.210247  0.196023  0.170482  0.293150  0.199216  0.310416  0.309841  0.368756  0.167159  0.363095  0.197871  0.382501  0.144726  0.267362  0.485849  0.300801  0.348651  0.257806  0.130232  0.388664  0.091975  0.263053  0.463752  0.315578  0.447671  0.342728  0.438470  0.405753  0.253847  0.243286  0.322061  0.083658  0.297312  0.307605  0.432443 0.0  0.304722  0.425301  0.465257  0.306072  0.401695  0.377452  0.276774  0.326161  0.335421  0.197362  0.266665  0.358384  0.200600  0.209975  0.236331  0.369958  0.442387  0.307217  0.189477  0.200367  0.276996  0.123677  0.301066  0.145434  0.320923  0.361217  0.501756  0.461999  0.248949  0.313359  0.134790  0.083658  0.462936  0.288789  0.434213  0.292850  0.233971  0.256605  0.426118  0.244565  0.278833  0.208085  0.324891  0.222035  0.143881  0.548644  0.332046  0.382619  0.496927  0.214717  0.433962 
38  0.083658  0.294272  0.184658  0.172340  0.138850  0.167630  0.355445  0.164024  0.220510  0.553541  0.204937  0.277711  0.197258  0.378716  0.083658  0.166710  0.567642  0.203091  0.083658  0.221038  0.160114  0.312837  0.272215  0.173820  0.391942  0.285419  0.476768  0.226275  0.288800  0.248913  0.175051  0.092208  0.280954  0.376307  0.230486  0.360517  0.400490  0.304722 0.0  0.419577  0.349490  0.271087  0.454156  0.182621  0.162256  0.135346  0.201725  0.163974  0.174068  0.283429  0.095334  0.160951  0.117517  0.591546  0.400081  0.208198  0.160252  0.173789  0.126865  0.083658  0.083658  0.235987  0.276330  0.392140  0.522187  0.450834  0.214608  0.190494  0.123675  0.330854  0.343148  0.283636  0.435599  0.225787  0.125563  0.219009  0.319235  0.134297  0.205260  0.317530  0.275384  0.203987  0.224819  0.494659  0.491025  0.261847  0.420281  0.328600  0.372089 
39  0.382797  0.269762  0.393380  0.342022  0.406526  0.494646  0.397888  0.253528  0.203635  0.768496  0.428843  0.633466  0.279507  0.632772  0.426472  0.401011  0.509709  0.444572  0.364120  0.434089  0.511554  0.605509  0.455769  0.407405  0.702968  0.536138  0.485215  0.427972  0.676913  0.252356  0.352931  0.461818  0.265993  0.488170  0.482719  0.572378  0.713221  0.425301  0.419577 0.0  0.301213  0.188110  0.700121  0.171834  0.289969  0.511819  0.396814  0.363217  0.495158  0.595403  0.447707  0.274872  0.316831  0.632416  0.652528  0.324979  0.523691  0.478639  0.314032  0.276224  0.471638  0.377770  0.477187  0.578621  0.662657  0.642191  0.402657  0.287393  0.333222  0.494796  0.638848  0.523732  0.712168  0.506524  0.303588  0.384605  0.620475  0.423693  0.489702  0.517232  0.545451  0.513255  0.451578  0.629959  0.767943  0.501964  0.658241  0.331254  0.803676 
40  0.307340  0.230511  0.325455  0.345767  0.380224  0.342998  0.325806  0.200672  0.218554  0.571575  0.297400  0.349133  0.216875  0.521241  0.326312  0.438216  0.583648  0.365230  0.290771  0.376232  0.336030  0.429266  0.266453  0.331871  0.547652  0.399212  0.481861  0.307279  0.601722  0.212166  0.275551  0.260451  0.151258  0.372533  0.292622  0.426580  0.533835  0.465257  0.349490  0.301213 0.0  0.138161  0.649228  0.122656  0.178914  0.222411  0.396101  0.362701  0.215624  0.438365  0.303491  0.230798  0.303369  0.469957  0.494526  0.193643  0.268872  0.332029  0.243189  0.271117  0.340344  0.315816  0.441446  0.614556  0.564609  0.558436  0.252300  0.256697  0.252044  0.362480  0.515730  0.362464  0.524296  0.420873  0.247911  0.293324  0.480951  0.395464  0.334542  0.397962  0.441757  0.358505  0.418947  0.504202  0.549918  0.380329  0.599613  0.227224  0.554303 
41  0.300593  0.168292  0.271299  0.181202  0.283194  0.324897  0.260855  0.227186  0.083658  0.666405  0.244936  0.434835  0.083658  0.415455  0.204095  0.353726  0.431763  0.483756  0.350761  0.361489  0.336406  0.559458  0.148456  0.290576  0.592139  0.468195  0.500755  0.345849  0.443737  0.176758  0.272327  0.272551  0.204031  0.356217  0.392401  0.432867  0.518199  0.306072  0.271087  0.188110  0.138161 0.0  0.589359  0.132749  0.205988  0.220769  0.322294  0.254995  0.348690  0.462568  0.332189  0.265074  0.253632  0.557045  0.496417  0.146990  0.299384  0.349878  0.236261  0.268082  0.232107  0.201862  0.403971  0.552865  0.623460  0.602933  0.332626  0.216888  0.311993  0.488718  0.476051  0.360310  0.619223  0.345637  0.240900  0.339044  0.501234  0.251519  0.432442  0.416989  0.266540  0.290541  0.289571  0.586836  0.594146  0.425891  0.560054  0.127065  0.490053 
42  0.456486  0.588138  0.569782  0.294721  0.417326  0.316675  0.561967  0.435880  0.620193  0.083658  0.472380  0.257335  0.572082  0.143999  0.432069  0.372541  0.745472  0.259119  0.420417  0.300068  0.446976  0.238052  0.379451  0.390951  0.161209  0.256527  0.804179  0.408163  0.249785  0.591846  0.546665  0.428554  0.518797  0.453849  0.285372  0.178169  0.115546  0.401695  0.454156  0.700121  0.649228  0.589359 0.0  0.571725  0.439160  0.530801  0.321779  0.555288  0.444604  0.257704  0.390326  0.490216  0.455084  0.622724  0.167383  0.533353  0.336400  0.186818  0.434276  0.481051  0.462015  0.481535  0.241363  0.122590  0.149114  0.122912  0.674076  0.540721  0.451279  0.480737  0.190252  0.283071  0.124359  0.306009  0.393071  0.258904  0.160102  0.392863  0.249636  0.196983  0.291816  0.393351  0.314579  0.083658  0.140884  0.214576  0.083658  0.500139  0.126368 
43  0.259344  0.149916  0.256019  0.295556  0.256456  0.362893  0.083658  0.146808  0.137887  0.611845  0.336577  0.474318  0.149485  0.460449  0.253586  0.396811  0.469523  0.407208  0.200747  0.387046  0.229274  0.563849  0.322491  0.200629  0.545197  0.424463  0.473119  0.356419  0.459608  0.133749  0.248738  0.330631  0.109236  0.387098  0.447234  0.477889  0.596323  0.377452  0.182621  0.171834  0.122656  0.132749  0.571725 0.0  0.134381  0.189730  0.325405  0.139417  0.210893  0.446541  0.261725  0.226277  0.238381  0.474571  0.506809  0.159141  0.195795  0.286231  0.254643  0.197106  0.229394  0.156978  0.393245  0.547792  0.606667  0.650024  0.290693  0.173326  0.287365  0.404072  0.526359  0.405737  0.564234  0.368827  0.315974  0.434964  0.433560  0.285157  0.330392  0.410786  0.322844  0.462934  0.288736  0.583603  0.675461  0.374925  0.441839  0.147230  0.616809 
44  0.096435  0.226747  0.179949  0.132395  0.178213  0.191953  0.201027  0.083658  0.261850  0.521821  0.149752  0.303139  0.144335  0.398226  0.170521  0.227586  0.439499  0.272282  0.168862  0.194732  0.155635  0.463049  0.161436  0.170602  0.372633  0.286366  0.490376  0.315626  0.472261  0.360030  0.223059  0.220625  0.090888  0.267254  0.231794  0.352578  0.486013  0.276774  0.162256  0.289969  0.178914  0.205988  0.439160  0.134381 0.0  0.240039  0.312426  0.321111  0.222612  0.381486  0.248958  0.139873  0.131678  0.462719  0.573438  0.231746  0.189485  0.333758  0.170793  0.083658  0.208373  0.183312  0.213638  0.430003  0.588095  0.441529  0.240027  0.083658  0.226385  0.341204  0.483474  0.278666  0.454754  0.344450  0.148285  0.227501  0.391150  0.145326  0.320809  0.267338  0.289787  0.164045  0.218510  0.510503  0.489287  0.257645  0.476502  0.315593  0.397746 
