89
0 0.0  0.308118  0.239519  0.089076  0.146980  0.171472  0.167635  0.108342  0.320995  0.474192  0.180079  0.357865  0.143642  0.470572  0.157046  0.317771  0.543009  0.271926  0.197510  0.272042  0.180814  0.385101  0.089076  0.168927  0.538976  0.300998  0.539031  0.306292  0.402887  0.160585  0.199855  0.124680  0.182509  0.214520  0.256924  0.329141  0.501778  0.363240  0.162738  0.345254  0.286307  0.174587  0.480234  0.256124  0.236499  0.292294  0.181240  0.208820  0.132446  0.299013  0.132585  0.089076  0.151708  0.513475  0.402536  0.269972  0.146335  0.262074  0.089076  0.120575  0.221959  0.180246  0.347064  0.456331  0.508003  0.428092  0.291069  0.162160  0.115681  0.335596  0.419575  0.235996  0.420025  0.382298  0.089076  0.299111  0.438186  0.129355  0.366984  0.197657  0.288106  0.276606  0.182678  0.489427  0.508471  0.340997  0.557137  0.193695  0.421641 
1  0.308118 0.0  0.201749  0.268568  0.281679  0.447162  0.296955  0.283617  0.228408  0.684827  0.281684  0.398458  0.177108  0.512243  0.220523  0.473474  0.297409  0.420944  0.354461  0.382255  0.264297  0.525417  0.283518  0.217658  0.610630  0.543856  0.436898  0.455307  0.591410  0.089076  0.220805  0.270292  0.163874  0.386156  0.456508  0.440616  0.662690  0.332373  0.336130  0.274045  0.142429  0.180966  0.629028  0.164608  0.258001  0.136146  0.331411  0.277121  0.275032  0.472033  0.253613  0.228261  0.290690  0.466201  0.462434  0.106740  0.342969  0.533914  0.234516  0.158228  0.244393  0.103667  0.442569  0.574149  0.617750  0.682315  0.256038  0.288009  0.144177  0.394563  0.592417  0.415815  0.605746  0.435071  0.208199  0.429469  0.566055  0.253426  0.523007  0.378944  0.351995  0.313976  0.351833  0.660749  0.691218  0.375788  0.485046  0.219806  0.559494 
2  0.239519  0.201749 0.0  0.293053  0.177325  0.222562  0.113933  0.276432  0.354728  0.532146  0.212386  0.322921  0.397704  0.513817  0.130128  0.283926  0.408607  0.430193  0.262871  0.210672  0.214779  0.509228  0.089076  0.236949  0.530649  0.483238  0.463258  0.323620  0.504323  0.234749  0.089076  0.146025  0.325958  0.171365  0.306284  0.397692  0.627784  0.258397  0.128847  0.421759  0.405239  0.336843  0.512084  0.230386  0.197775  0.163993  0.328591  0.228122  0.250512  0.485633  0.194332  0.256249  0.174665  0.434755  0.466247  0.155137  0.198882  0.439700  0.131205  0.241419  0.089076  0.099035  0.328162  0.513093  0.489652  0.531856  0.111067  0.232974  0.089076  0.131718  0.549312  0.339552  0.561180  0.362098  0.140090  0.304136  0.489499  0.235353  0.317092  0.465474  0.277975  0.200208  0.266912  0.570642  0.541473  0.255214  0.486100  0.279447  0.535945 
3  0.089076  0.268568  0.293053 0.0  0.213647  0.197305  0.256517  0.201282  0.347100  0.585940  0.138327  0.297484  0.192792  0.451441  0.145952  0.349928  0.502163  0.339070  0.245776  0.336461  0.157334  0.458184  0.169579  0.176366  0.451762  0.201332  0.568033  0.318697  0.323448  0.262502  0.106139  0.158647  0.277219  0.269557  0.236550  0.418997  0.376879  0.287419  0.101048  0.421935  0.272835  0.383161  0.613164  0.345263  0.122240  0.297249  0.292852  0.098702  0.103611  0.296561  0.200973  0.089076  0.165590  0.408892  0.403013  0.179966  0.089076  0.315880  0.151345  0.218468  0.117098  0.140542  0.249718  0.516419  0.503783  0.427458  0.331449  0.188983  0.122207  0.349713  0.492077  0.313682  0.458398  0.297515  0.181960  0.274046  0.443848  0.089076  0.337958  0.207206  0.313772  0.160609  0.164333  0.375829  0.445303  0.138139  0.525968  0.301014  0.450895 
4  0.146980  0.281679  0.177325  0.213647 0.0  0.169834  0.212104  0.198434  0.356101  0.424606  0.173346  0.317071  0.296698  0.463289  0.089076  0.244129  0.530373  0.331371  0.199188  0.243633  0.089076  0.390777  0.110925  0.234588  0.574709  0.262786  0.552730  0.255192  0.443020  0.287485  0.160909  0.149321  0.260135  0.225115  0.260819  0.300863  0.336265  0.336061  0.132509  0.378046  0.296833  0.435894  0.501663  0.301507  0.262127  0.298974  0.166367  0.178516  0.153784  0.378121  0.231451  0.089076  0.224277  0.439917  0.364945  0.231506  0.089076  0.209841  0.186754  0.168880  0.100240  0.270472  0.265969  0.422929  0.399646  0.454193  0.222495  0.137495  0.209888  0.182142  0.425847  0.185127  0.473625  0.191540  0.135510  0.246865  0.407108  0.101498  0.318109  0.223926  0.333062  0.250633  0.181126  0.465047  0.439664  0.194791  0.421887  0.310929  0.428470 
5  0.171472  0.447162  0.222562  0.197305  0.169834 0.0  0.411616  0.328771  0.397213  0.378132  0.190829  0.256451  0.220235  0.256460  0.248069  0.099829  0.624668  0.162653  0.137262  0.089076  0.183991  0.221045  0.187727  0.207540  0.426553  0.125611  0.733440  0.089076  0.355960  0.395056  0.334634  0.160023  0.295750  0.333330  0.256288  0.154247  0.253638  0.392318  0.254586  0.488956  0.458701  0.380544  0.318857  0.434116  0.326723  0.388690  0.104679  0.272677  0.154548  0.171046  0.386615  0.166478  0.280989  0.570512  0.388048  0.370970  0.242962  0.089076  0.271601  0.274717  0.369770  0.273250  0.211511  0.263280  0.276383  0.284576  0.395458  0.255890  0.257850  0.370057  0.253294  0.272929  0.381588  0.153151  0.284760  0.196866  0.259509  0.195471  0.162380  0.089076  0.190052  0.217592  0.255896  0.366511  0.337282  0.164870  0.290509  0.500977  0.322573 
6  0.167635  0.296955  0.113933  0.256517  0.212104  0.411616 0.0  0.296220  0.177674  0.607419  0.154347  0.371709  0.276365  0.580973  0.245016  0.406485  0.484881  0.292017  0.232824  0.341205  0.242808  0.436613  0.322114  0.292521  0.519615  0.364242  0.463432  0.360127  0.542836  0.187384  0.203166  0.169924  0.277497  0.231908  0.405298  0.380564  0.565281  0.288824  0.297696  0.453583  0.233092  0.343843  0.567059  0.208949  0.207820  0.099804  0.387341  0.143540  0.148314  0.502975  0.218081  0.252405  0.318991  0.264954  0.479203  0.160019  0.210306  0.370897  0.229447  0.190279  0.100867  0.100017  0.391461  0.633102  0.701431  0.652786  0.216225  0.233761  0.121480  0.269212  0.563217  0.386058  0.488580  0.504477  0.293848  0.424375  0.470941  0.299343  0.399425  0.441512  0.382264  0.449295  0.209528  0.517966  0.515224  0.410943  0.566528  0.093108  0.540352 
7  0.108342  0.283617  0.276432  0.201282  0.198434  0.328771  0.296220 0.0  0.311180  0.605870  0.226982  0.261995  0.167777  0.387322  0.260600  0.333457  0.507945  0.324119  0.207019  0.295037  0.346839  0.475656  0.191163  0.146940  0.453046  0.353821  0.612189  0.287166  0.402742  0.353363  0.241744  0.217981  0.275529  0.389496  0.313357  0.401963  0.510110  0.274703  0.134320  0.332655  0.221332  0.247172  0.442071  0.264315  0.134872  0.192070  0.171628  0.271238  0.156696  0.377573  0.314376  0.303529  0.089076  0.462252  0.417202  0.299655  0.254360  0.285699  0.179675  0.240304  0.172286  0.348277  0.252195  0.405561  0.581237  0.514736  0.338572  0.123234  0.178907  0.369298  0.367007  0.229811  0.445937  0.243829  0.227553  0.181042  0.393415  0.192965  0.331364  0.277472  0.293135  0.412843  0.257282  0.457946  0.506397  0.185642  0.385100  0.516902  0.425163 
8  0.320995  0.228408  0.354728  0.347100  0.356101  0.397213  0.177674  0.311180 0.0  0.657772  0.351178  0.516039  0.201563  0.573480  0.336378  0.526801  0.443636  0.438332  0.190835  0.417964  0.384393  0.650853  0.323529  0.310210  0.712630  0.449584  0.423042  0.350805  0.598410  0.228419  0.332034  0.315126  0.156186  0.458768  0.533727  0.631305  0.633050  0.322757  0.249880  0.245611  0.177868  0.089076  0.652312  0.140824  0.208420  0.118400  0.323318  0.251659  0.173506  0.495250  0.253474  0.285219  0.323340  0.466848  0.529103  0.170366  0.325587  0.503024  0.349656  0.139050  0.280368  0.342776  0.486660  0.781918  0.628054  0.700647  0.314243  0.311567  0.301884  0.283117  0.549118  0.458354  0.762323  0.490733  0.208768  0.496581  0.620706  0.381501  0.493284  0.477546  0.328593  0.512510  0.381821  0.618528  0.586989  0.456918  0.697155  0.255732  0.602562 
9  0.474192  0.684827  0.532146  0.585940  0.424606  0.378132  0.607419  0.605870  0.657772 0.0  0.446983  0.452115  0.682102  0.285259  0.499887  0.424279  0.952462  0.441459  0.392263  0.319251  0.527822  0.150058  0.534366  0.376480  0.097467  0.320120  0.833332  0.373447  0.205567  0.714967  0.591369  0.556838  0.692417  0.560327  0.448775  0.260962  0.089076  0.535432  0.574671  0.767540  0.684604  0.766932  0.184578  0.614995  0.554071  0.596915  0.370678  0.594583  0.501300  0.238595  0.554223  0.453131  0.596432  0.758648  0.246511  0.565221  0.472833  0.249211  0.481423  0.546536  0.531061  0.633759  0.314600  0.190803  0.182273  0.164054  0.620115  0.445724  0.666073  0.557373  0.169602  0.357065  0.107782  0.326767  0.568446  0.276084  0.316263  0.532776  0.330313  0.263867  0.333333  0.407792  0.475476  0.106061  0.206451  0.256559  0.109523  0.757319  0.214548 
10  0.180079  0.281684  0.212386  0.138327  0.173346  0.190829  0.154347  0.226982  0.351178  0.446983 0.0  0.258913  0.346359  0.537711  0.089076  0.381662  0.497166  0.134317  0.170397  0.161896  0.140412  0.340155  0.220181  0.181260  0.514998  0.256449  0.590021  0.331695  0.485275  0.338640  0.201747  0.296769  0.312892  0.232964  0.132634  0.426077  0.401502  0.197742  0.296413  0.408841  0.376209  0.185916  0.379067  0.341983  0.272216  0.227842  0.212010  0.178097  0.098925  0.262924  0.089076  0.156645  0.182997  0.345763  0.467017  0.269877  0.100224  0.207029  0.198284  0.089076  0.105928  0.207209  0.351048  0.398197  0.509553  0.475785  0.194127  0.158313  0.091719  0.287356  0.394097  0.199434  0.446417  0.234617  0.136136  0.267570  0.357057  0.171827  0.295224  0.249204  0.335637  0.158132  0.227430  0.485927  0.487679  0.186907  0.492867  0.281414  0.516604 
11  0.357865  0.398458  0.322921  0.297484  0.317071  0.256451  0.371709  0.261995  0.516039  0.452115  0.258913 0.0  0.389087  0.181341  0.340141  0.137889  0.757574  0.089076  0.223890  0.273891  0.414464  0.122662  0.329376  0.185121  0.197470  0.101585  0.707753  0.089076  0.191829  0.518970  0.424347  0.294851  0.426762  0.388402  0.242912  0.128812  0.102642  0.299494  0.224972  0.595421  0.474193  0.492314  0.222838  0.573105  0.289824  0.484465  0.204591  0.312189  0.367595  0.089076  0.279736  0.280130  0.207757  0.656886  0.171889  0.436815  0.375782  0.161799  0.304570  0.152479  0.370876  0.381953  0.239292  0.131843  0.344071  0.298384  0.378928  0.297547  0.416428  0.481717  0.223466  0.116061  0.194383  0.089076  0.374164  0.183097  0.089076  0.258439  0.136244  0.089076  0.116458  0.289496  0.224246  0.255977  0.258387  0.159177  0.173227  0.528326  0.224034 
12  0.143642  0.177108  0.397704  0.192792  0.296698  0.220235  0.276365  0.167777  0.201563  0.682102  0.346359  0.389087 0.0  0.484790  0.168972  0.317057  0.477003  0.480671  0.241597  0.326416  0.353485  0.465525  0.211176  0.453121  0.675294  0.446211  0.516122  0.312464  0.480173  0.186982  0.219190  0.348037  0.101743  0.357771  0.308560  0.573775  0.547944  0.354840  0.164526  0.302768  0.227235  0.248606  0.609201  0.123098  0.146969  0.285825  0.225805  0.246800  0.195879  0.507166  0.240405  0.301544  0.284933  0.483146  0.464447  0.176040  0.363652  0.343082  0.103643  0.218256  0.179895  0.271833  0.361248  0.556973  0.601795  0.576933  0.340624  0.189488  0.177266  0.389362  0.482455  0.432118  0.457337  0.319791  0.204249  0.347420  0.410188  0.327380  0.404942  0.314763  0.266486  0.357477  0.453611  0.617099  0.556653  0.373711  0.412957  0.289295  0.413165 
13  0.470572  0.512243  0.513817  0.451441  0.463289  0.256460  0.580973  0.387322  0.573480  0.285259  0.537711  0.181341  0.484790 0.0  0.321613  0.156355  0.816885  0.181276  0.357488  0.283944  0.443412  0.103079  0.329089  0.236943  0.208073  0.203789  0.819533  0.267666  0.126104  0.547552  0.377083  0.332825  0.578139  0.382339  0.250156  0.149821  0.179798  0.424347  0.327952  0.624777  0.481853  0.535071  0.215132  0.564450  0.427236  0.462651  0.281720  0.424333  0.367558  0.169943  0.430537  0.417781  0.340679  0.714562  0.150376  0.528308  0.405817  0.175703  0.401978  0.344888  0.413194  0.490362  0.157404  0.097669  0.117329  0.111256  0.553449  0.385414  0.466818  0.499308  0.127579  0.188953  0.299015  0.259602  0.452767  0.246369  0.150546  0.319844  0.089076  0.285565  0.189536  0.365009  0.301705  0.176838  0.182462  0.195260  0.194387  0.682792  0.262467 
14  0.157046  0.220523  0.130128  0.145952  0.089076  0.248069  0.245016  0.260600  0.336378  0.499887  0.089076  0.340141  0.168972  0.321613 0.0  0.159810  0.372603  0.351363  0.273797  0.301265  0.242576  0.397762  0.155885  0.247858  0.453492  0.399193  0.585268  0.301737  0.460026  0.257449  0.089076  0.116230  0.238999  0.254615  0.221326  0.388066  0.349987  0.252951  0.142584  0.481508  0.367143  0.231912  0.499776  0.325598  0.089076  0.320523  0.227857  0.179327  0.117779  0.364744  0.107822  0.204819  0.176480  0.495912  0.308317  0.215780  0.254599  0.339780  0.135054  0.098375  0.093124  0.189923  0.234104  0.598099  0.531009  0.481054  0.178495  0.184128  0.122060  0.266466  0.297401  0.273171  0.502129  0.374048  0.101652  0.207107  0.400386  0.155236  0.409752  0.350207  0.203648  0.250058  0.268830  0.339794  0.493286  0.155493  0.427360  0.306756  0.460545 
15  0.317771  0.473474  0.283926  0.349928  0.244129  0.099829  0.406485  0.333457  0.526801  0.424279  0.381662  0.137889  0.317057  0.156355  0.159810 0.0  0.671406  0.141112  0.208716  0.151665  0.256623  0.180136  0.204975  0.188361  0.412960  0.219520  0.682396  0.111051  0.372351  0.449489  0.318474  0.153582  0.382505  0.372182  0.089076  0.089076  0.291656  0.412306  0.212365  0.485476  0.452595  0.389989  0.365077  0.418419  0.363992  0.369343  0.113878  0.387741  0.251862  0.157170  0.307670  0.255416  0.321247  0.596641  0.282977  0.339379  0.353028  0.089076  0.296129  0.259265  0.240901  0.354598  0.140178  0.250378  0.409951  0.369427  0.531509  0.265539  0.371745  0.332276  0.325166  0.116770  0.359371  0.246407  0.198394  0.089076  0.306041  0.118375  0.135472  0.162223  0.174351  0.154900  0.178096  0.325074  0.267959  0.089076  0.217649  0.426114  0.340032 
16  0.543009  0.297409  0.408607  0.502163  0.530373  0.624668  0.484881  0.507945  0.443636  0.952462  0.497166  0.757574  0.477003  0.816885  0.372603  0.671406 0.0  0.703370  0.471362  0.564789  0.479301  0.830253  0.481025  0.578492  0.884892  0.748929  0.133160  0.748200  0.749924  0.289880  0.452326  0.497890  0.456481  0.507820  0.561447  0.749102  0.849054  0.496974  0.562008  0.466411  0.511945  0.387211  0.947620  0.491649  0.574797  0.365020  0.597331  0.407031  0.520533  0.686106  0.465625  0.387989  0.548605  0.334864  0.906694  0.315164  0.641509  0.760624  0.537474  0.590861  0.467510  0.316784  0.680955  0.917948  0.846423  0.820963  0.288466  0.537033  0.436957  0.360695  0.805287  0.612666  0.865830  0.676250  0.494516  0.731447  0.785663  0.533239  0.678523  0.844309  0.693659  0.491379  0.596644  0.806953  0.843723  0.730409  0.822548  0.327239  0.867707 
17  0.271926  0.420944  0.430193  0.339070  0.331371  0.162653  0.292017  0.324119  0.438332  0.441459  0.134317  0.089076  0.480671  0.181276  0.351363  0.141112  0.703370 0.0  0.184295  0.155132  0.355529  0.145460  0.258714  0.272676  0.341255  0.101489  0.711263  0.233567  0.104868  0.460248  0.347552  0.175636  0.407340  0.316114  0.160819  0.152044  0.160650  0.478428  0.264957  0.521811  0.406516  0.422063  0.304087  0.426453  0.339308  0.341828  0.300195  0.383108  0.329560  0.175643  0.278562  0.262138  0.293318  0.612204  0.229397  0.340378  0.276064  0.155581  0.406648  0.340440  0.376187  0.358431  0.134240  0.230690  0.389069  0.303773  0.437549  0.241135  0.315390  0.426562  0.170029  0.188516  0.160869  0.167762  0.331711  0.194665  0.269585  0.355857  0.089076  0.157955  0.089076  0.247181  0.273090  0.282282  0.334893  0.159696  0.248400  0.597772  0.243278 
18  0.197510  0.354461  0.262871  0.245776  0.199188  0.137262  0.232824  0.207019  0.190835  0.392263  0.170397  0.223890  0.241597  0.357488  0.273797  0.208716  0.471362  0.184295 0.0  0.178443  0.267960  0.231484  0.177719  0.089076  0.455910  0.163765  0.628725  0.094596  0.422632  0.294709  0.157670  0.091526  0.238732  0.221588  0.130328  0.265495  0.320062  0.142014  0.183237  0.408944  0.274139  0.349929  0.482922  0.198515  0.157980  0.259475  0.129657  0.257749  0.133670  0.261337  0.307974  0.149122  0.134203  0.532040  0.243115  0.251232  0.189109  0.193155  0.191960  0.234792  0.263054  0.199472  0.181463  0.392212  0.384990  0.394606  0.211825  0.214822  0.256036  0.323379  0.357213  0.293820  0.264442  0.089076  0.134299  0.238913  0.268794  0.156877  0.278878  0.219157  0.196109  0.090778  0.163032  0.400048  0.360412  0.135295  0.436055  0.325809  0.352758 
19  0.272042  0.382255  0.210672  0.336461  0.243633  0.089076  0.341205  0.295037  0.417964  0.319251  0.161896  0.273891  0.326416  0.283944  0.301265  0.151665  0.564789  0.155132  0.178443 0.0  0.141948  0.333380  0.220463  0.295182  0.351827  0.332084  0.678149  0.146488  0.252361  0.422345  0.305498  0.235218  0.312237  0.362118  0.089076  0.143182  0.355295  0.328880  0.252409  0.509133  0.439330  0.361065  0.364665  0.454362  0.301353  0.375674  0.228596  0.243044  0.211990  0.190914  0.307470  0.203304  0.261917  0.580824  0.321182  0.405632  0.241061  0.089076  0.304733  0.215621  0.175686  0.304045  0.150694  0.380302  0.365843  0.297011  0.406701  0.169072  0.217182  0.431999  0.292498  0.089076  0.433004  0.089076  0.239782  0.110464  0.254871  0.224291  0.170876  0.090940  0.152058  0.236384  0.108671  0.388022  0.432403  0.165383  0.279014  0.472991  0.293327 
20  0.180814  0.264297  0.214779  0.157334  0.089076  0.183991  0.242808  0.346839  0.384393  0.527822  0.140412  0.414464  0.353485  0.443412  0.242576  0.256623  0.479301  0.355529  0.267960  0.141948 0.0  0.456236  0.097481  0.188662  0.563486  0.311615  0.598567  0.330605  0.417277  0.352287  0.177707  0.227905  0.363361  0.180840  0.274783  0.287609  0.496197  0.089076  0.216699  0.367186  0.282616  0.294317  0.492903  0.295597  0.206468  0.127166  0.271277  0.093921  0.161751  0.413901  0.089076  0.089076  0.128185  0.360491  0.366070  0.221775  0.109679  0.353577  0.249870  0.172230  0.142865  0.210006  0.309925  0.411316  0.417805  0.464591  0.193945  0.183339  0.129564  0.157844  0.565511  0.263996  0.369381  0.334935  0.192911  0.293697  0.507330  0.119857  0.245090  0.327628  0.185194  0.210546  0.188497  0.536214  0.548609  0.234810  0.493366  0.361343  0.428413 
21  0.385101  0.525417  0.509228  0.458184  0.390777  0.221045  0.436613  0.475656  0.650853  0.150058  0.340155  0.122662  0.465525  0.103079  0.397762  0.180136  0.830253  0.145460  0.231484  0.333380  0.456236 0.0  0.373703  0.308815  0.134285  0.195389  0.802976  0.218400  0.113477  0.516880  0.413220  0.420888  0.534036  0.488009  0.365598  0.245456  0.109402  0.305394  0.538322  0.652388  0.579611  0.583701  0.264877  0.651604  0.459495  0.464450  0.331078  0.498475  0.509791  0.195175  0.445274  0.376422  0.376625  0.756449  0.139561  0.468709  0.412070  0.164231  0.342617  0.466482  0.360250  0.419846  0.230194  0.142076  0.210960  0.138420  0.475392  0.367437  0.477184  0.563995  0.132190  0.205119  0.174403  0.261936  0.364073  0.331024  0.089076  0.389401  0.174073  0.154893  0.176745  0.383391  0.378120  0.125869  0.223289  0.354799  0.122772  0.555329  0.190472 
22  0.089076  0.283518  0.089076  0.169579  0.110925  0.187727  0.322114  0.191163  0.323529  0.534366  0.220181  0.329376  0.211176  0.329089  0.155885  0.204975  0.481025  0.258714  0.177719  0.220463  0.097481  0.373703 0.0  0.232434  0.530388  0.266063  0.663857  0.299279  0.325963  0.360928  0.121462  0.169470  0.385633  0.214464  0.360710  0.320141  0.471391  0.223367  0.113663  0.625053  0.273230  0.301861  0.502278  0.309906  0.216966  0.214100  0.211198  0.131216  0.197211  0.343584  0.146197  0.178469  0.244726  0.469021  0.400831  0.207174  0.089076  0.236797  0.106795  0.201985  0.092181  0.237170  0.335202  0.456163  0.429887  0.425736  0.229411  0.177622  0.235662  0.167233  0.509794  0.225228  0.465126  0.249726  0.185558  0.312406  0.409889  0.161682  0.377906  0.194767  0.264688  0.154535  0.129613  0.492569  0.507096  0.316175  0.517387  0.267934  0.468161 
23  0.168927  0.217658  0.236949  0.176366  0.234588  0.207540  0.292521  0.146940  0.310210  0.376480  0.181260  0.185121  0.453121  0.236943  0.247858  0.188361  0.578492  0.272676  0.089076  0.295182  0.188662  0.308815  0.232434 0.0  0.383467  0.233830  0.604173  0.276520  0.329221  0.388006  0.251840  0.089076  0.296829  0.320639  0.155291  0.339001  0.355002  0.330413  0.089076  0.424745  0.313894  0.384799  0.395202  0.313618  0.165270  0.337670  0.124796  0.351892  0.158918  0.242747  0.191308  0.127792  0.220768  0.412696  0.284379  0.314234  0.233942  0.164329  0.237734  0.214089  0.226650  0.276501  0.207906  0.363757  0.475113  0.427162  0.304636  0.172724  0.302226  0.405044  0.350617  0.118660  0.374028  0.209078  0.145137  0.348586  0.258785  0.117447  0.165712  0.185156  0.279013  0.262612  0.254398  0.387013  0.351658  0.150546  0.343488  0.361141  0.328568 
24  0.538976  0.610630  0.530649  0.451762  0.574709  0.426553  0.519615  0.453046  0.712630  0.097467  0.514998  0.197470  0.675294  0.208073  0.453492  0.412960  0.884892  0.341255  0.455910  0.351827  0.563486  0.134285  0.530388  0.383467 0.0  0.230082  0.921026  0.225825  0.122165  0.666222  0.596576  0.481468  0.653154  0.463763  0.240328  0.245905  0.092829  0.406808  0.482987  0.749828  0.627452  0.578195  0.235619  0.611743  0.493134  0.688621  0.395187  0.545077  0.500920  0.171189  0.406255  0.404956  0.593915  0.818710  0.089076  0.600402  0.481707  0.307899  0.475174  0.508177  0.476546  0.574177  0.376070  0.131712  0.174402  0.089076  0.572836  0.520469  0.539318  0.636722  0.144423  0.297876  0.089076  0.297156  0.493146  0.287550  0.211078  0.375193  0.199184  0.378401  0.343576  0.360337  0.416252  0.089076  0.089076  0.283557  0.089076  0.788110  0.089076 
25  0.300998  0.543856  0.483238  0.201332  0.262786  0.125611  0.364242  0.353821  0.449584  0.320120  0.256449  0.101585  0.446211  0.203789  0.399193  0.219520  0.748929  0.101489  0.163765  0.332084  0.311615  0.195389  0.266063  0.233830  0.230082 0.0  0.736354  0.089076  0.254151  0.496551  0.386147  0.221396  0.463880  0.380255  0.089076  0.144842  0.251570  0.337739  0.277973  0.508321  0.383853  0.340116  0.367927  0.439957  0.233799  0.293791  0.203555  0.372260  0.230239  0.089076  0.355197  0.235900  0.303695  0.641915  0.150918  0.306684  0.341075  0.098620  0.312363  0.379443  0.345832  0.364431  0.106759  0.304876  0.343302  0.251729  0.513065  0.280205  0.410906  0.431675  0.249742  0.164803  0.255389  0.089076  0.328979  0.187184  0.211413  0.364895  0.183305  0.139977  0.166310  0.125260  0.325202  0.309488  0.237034  0.089076  0.283145  0.465353  0.364020 
26  0.539031  0.436898  0.463258  0.568033  0.552730  0.733440  0.463432  0.612189  0.423042  0.833332  0.590021  0.707753  0.516122  0.819533  0.585268  0.682396  0.133160  0.711263  0.628725  0.678149  0.598567  0.802976  0.663857  0.604173  0.921026  0.736354 0.0  0.740220  0.881664  0.411871  0.373132  0.544374  0.534398  0.564779  0.759070  0.699928  0.910982  0.599189  0.560086  0.518356  0.555856  0.585527  0.928950  0.486771  0.571048  0.347743  0.667107  0.397410  0.575222  0.730906  0.528719  0.650079  0.553664  0.382593  0.865152  0.613847  0.538880  0.738780  0.513239  0.479808  0.578805  0.446629  0.724326  0.878461  1.000000  0.886551  0.428168  0.745576  0.538000  0.482793  0.797981  0.740930  0.854493  0.727998  0.412264  0.809206  0.814121  0.649644  0.765611  0.791313  0.735276  0.682857  0.601491  0.884853  0.977163  0.692492  0.844488  0.341488  0.886778 
27  0.306292  0.455307  0.323620  0.318697  0.255192  0.089076  0.360127  0.287166  0.350805  0.373447  0.331695  0.089076  0.312464  0.267666  0.301737  0.111051  0.748200  0.233567  0.094596  0.146488  0.330605  0.218400  0.299279  0.276520  0.225825  0.089076  0.740220 0.0  0.247296  0.395451  0.198359  0.193488  0.358787  0.314205  0.150709  0.209595  0.306501  0.321637  0.178316  0.526493  0.435014  0.496483  0.314796  0.392000  0.367794  0.459065  0.118981  0.330084  0.113375  0.234025  0.259967  0.176168  0.286328  0.604349  0.127683  0.474707  0.321288  0.122780  0.303529  0.207335  0.185942  0.346166  0.130064  0.367943  0.325921  0.234360  0.435757  0.179889  0.298409  0.425263  0.331963  0.089076  0.369412  0.089076  0.288785  0.089076  0.269630  0.203572  0.161269  0.095383  0.089076  0.133714  0.307739  0.371593  0.256462  0.235799  0.236048  0.396898  0.278450 
28  0.402887  0.591410  0.504323  0.323448  0.443020  0.355960  0.542836  0.402742  0.598410  0.205567  0.485275  0.191829  0.480173  0.126104  0.460026  0.372351  0.749924  0.104868  0.422632  0.252361  0.417277  0.113477  0.325963  0.329221  0.122165  0.254151  0.881664  0.247296 0.0  0.540638  0.491815  0.336046  0.533764  0.408529  0.251100  0.089076  0.126678  0.418854  0.451472  0.593301  0.602211  0.635451  0.191856  0.550779  0.418688  0.680651  0.297858  0.447933  0.362612  0.182088  0.349954  0.500969  0.475994  0.682509  0.089076  0.611964  0.477996  0.218721  0.461615  0.466936  0.423138  0.581567  0.178900  0.089076  0.191922  0.154392  0.501640  0.513657  0.484784  0.602701  0.108028  0.330536  0.180709  0.243228  0.434632  0.161122  0.177331  0.286009  0.233940  0.328076  0.314540  0.320048  0.314519  0.119314  0.144425  0.158868  0.195982  0.583794  0.121225 
29  0.160585  0.089076  0.234749  0.262502  0.287485  0.395056  0.187384  0.353363  0.228419  0.714967  0.338640  0.518970  0.186982  0.547552  0.257449  0.449489  0.289880  0.460248  0.294709  0.422345  0.352287  0.516880  0.360928  0.388006  0.666222  0.496551  0.411871  0.395451  0.540638 0.0  0.222825  0.298369  0.163970  0.279789  0.403714  0.504559  0.653408  0.339225  0.275902  0.295081  0.261779  0.181549  0.642528  0.174335  0.300417  0.106695  0.389482  0.187534  0.350112  0.495388  0.207299  0.294599  0.343214  0.375860  0.531066  0.113581  0.245076  0.479445  0.159586  0.304968  0.355822  0.145586  0.434282  0.643137  0.703651  0.704094  0.189675  0.213434  0.300761  0.335028  0.656517  0.523062  0.583605  0.428315  0.203905  0.348824  0.517239  0.241137  0.532762  0.491402  0.472354  0.369244  0.348148  0.690149  0.578728  0.547467  0.705694  0.089076  0.521293 
30  0.199855  0.220805  0.089076  0.106139  0.160909  0.334634  0.203166  0.241744  0.332034  0.591369  0.201747  0.424347  0.219190  0.377083  0.089076  0.318474  0.452326  0.347552  0.157670  0.305498  0.177707  0.413220  0.121462  0.251840  0.596576  0.386147  0.373132  0.198359  0.491815  0.222825 0.0  0.319876  0.149441  0.284503  0.195998  0.364083  0.574207  0.235638  0.139482  0.261717  0.257633  0.256166  0.496177  0.277569  0.167072  0.260768  0.276275  0.171988  0.158744  0.335760  0.102850  0.113163  0.244692  0.479761  0.505741  0.176168  0.181495  0.383048  0.157299  0.153941  0.183031  0.155322  0.363583  0.481930  0.526714  0.583190  0.171703  0.161258  0.213311  0.347638  0.384063  0.318606  0.363597  0.291943  0.149372  0.328396  0.451783  0.208919  0.341112  0.284871  0.322269  0.193548  0.256117  0.559326  0.489767  0.340361  0.564411  0.200151  0.507783 
31  0.124680  0.270292  0.146025  0.158647  0.149321  0.160023  0.169924  0.217981  0.315126  0.556838  0.296769  0.294851  0.348037  0.332825  0.116230  0.153582  0.497890  0.175636  0.091526  0.235218  0.227905  0.420888  0.169470  0.089076  0.481468  0.221396  0.544374  0.193488  0.336046  0.298369  0.319876 0.0  0.325126  0.287376  0.128781  0.313235  0.407328  0.335078  0.141754  0.430357  0.357099  0.289741  0.446019  0.256082  0.199035  0.165427  0.110758  0.295240  0.137772  0.223190  0.173176  0.107987  0.117323  0.588767  0.391985  0.249189  0.189685  0.187420  0.089076  0.114362  0.152386  0.212714  0.177534  0.333929  0.393043  0.430173  0.326749  0.242994  0.232686  0.305049  0.323451  0.097531  0.441785  0.234616  0.089191  0.145361  0.428212  0.089076  0.315855  0.237744  0.230363  0.172980  0.138431  0.325191  0.376416  0.178580  0.406355  0.381481  0.333548 
32  0.182509  0.163874  0.325958  0.277219  0.260135  0.295750  0.277497  0.275529  0.156186  0.692417  0.312892  0.426762  0.101743  0.578139  0.238999  0.382505  0.456481  0.407340  0.238732  0.312237  0.363361  0.534036  0.385633  0.296829  0.653154  0.463880  0.534398  0.358787  0.533764  0.163970  0.149441  0.325126 0.0  0.389320  0.419234  0.471965  0.523946  0.365987  0.298377  0.197725  0.168920  0.187966  0.586491  0.123085  0.199578  0.232286  0.409282  0.237520  0.282001  0.385367  0.390748  0.314354  0.290415  0.592648  0.571943  0.181292  0.239641  0.384348  0.180278  0.203132  0.178377  0.274771  0.443365  0.617233  0.603566  0.626366  0.363352  0.246929  0.337383  0.410322  0.603124  0.287418  0.573217  0.416019  0.194161  0.326041  0.468498  0.329530  0.455659  0.484394  0.468403  0.294044  0.391352  0.598204  0.618360  0.478616  0.596974  0.343676  0.562005 
33  0.214520  0.386156  0.171365  0.269557  0.225115  0.333330  0.231908  0.389496  0.458768  0.560327  0.232964  0.388402  0.357771  0.382339  0.254615  0.372182  0.507820  0.316114  0.221588  0.362118  0.180840  0.488009  0.214464  0.320639  0.463763  0.380255  0.564779  0.314205  0.408529  0.279789  0.284503  0.287376  0.389320 0.0  0.328443  0.436962  0.466334  0.128121  0.218444  0.591108  0.367093  0.343744  0.469290  0.446218  0.339835  0.337979  0.346210  0.214853  0.220266  0.394795  0.133108  0.283479  0.260588  0.253948  0.624703  0.240543  0.189102  0.382861  0.234291  0.307861  0.193856  0.252395  0.364768  0.503637  0.527008  0.521637  0.153744  0.361709  0.220628  0.233180  0.543919  0.344589  0.467590  0.280293  0.276565  0.368284  0.475785  0.321919  0.413429  0.388519  0.328026  0.358255  0.218395  0.491903  0.575379  0.470599  0.547049  0.308797  0.478590 
34  0.256924  0.456508  0.306284  0.236550  0.260819  0.256288  0.405298  0.313357  0.533727  0.448775  0.132634  0.242912  0.308560  0.250156  0.221326  0.089076  0.561447  0.160819  0.130328  0.089076  0.274783  0.365598  0.360710  0.155291  0.240328  0.089076  0.759070  0.150709  0.251100  0.403714  0.195998  0.128781  0.419234  0.328443 0.0  0.174268  0.359569  0.419771  0.304371  0.567226  0.459584  0.392321  0.379526  0.330174  0.307647  0.369797  0.160692  0.331508  0.285592  0.231440  0.279975  0.125901  0.384196  0.498482  0.212645  0.360577  0.130698  0.089076  0.330851  0.275156  0.299512  0.261536  0.165392  0.222158  0.328912  0.328676  0.307114  0.280824  0.263233  0.444007  0.274045  0.136966  0.383211  0.089076  0.285392  0.133167  0.225540  0.144799  0.190172  0.099539  0.089076  0.302779  0.244519  0.258532  0.382021  0.174625  0.325497  0.439357  0.296293 
35  0.329141  0.440616  0.397692  0.418997  0.300863  0.154247  0.380564  0.401963  0.631305  0.260962  0.426077  0.128812  0.573775  0.149821  0.388066  0.089076  0.749102  0.152044  0.265495  0.143182  0.287609  0.245456  0.320141  0.339001  0.245905  0.144842  0.699928  0.209595  0.089076  0.504559  0.364083  0.313235  0.471965  0.436962  0.174268 0.0  0.188988  0.260385  0.370721  0.649545  0.402277  0.425686  0.183656  0.494570  0.304788  0.510645  0.199890  0.389247  0.422451  0.089076  0.279937  0.353807  0.447249  0.669511  0.167431  0.304763  0.306702  0.106838  0.194750  0.421310  0.373216  0.413198  0.247707  0.300933  0.337117  0.316380  0.527806  0.357013  0.372430  0.518167  0.230931  0.272637  0.209186  0.121210  0.341353  0.176780  0.256329  0.276019  0.178398  0.170586  0.257230  0.185816  0.266444  0.178147  0.207196  0.179817  0.240771  0.651005  0.274412 
36  0.501778  0.662690  0.627784  0.376879  0.336265  0.253638  0.565281  0.510110  0.633050  0.089076  0.401502  0.102642  0.547944  0.179798  0.349987  0.291656  0.849054  0.160650  0.320062  0.355295  0.496197  0.109402  0.471391  0.355002  0.092829  0.251570  0.910982  0.306501  0.126678  0.653408  0.574207  0.407328  0.523946  0.466334  0.359569  0.188988 0.0  0.413946  0.440208  0.758861  0.579420  0.620674  0.089076  0.622597  0.441455  0.591450  0.308429  0.548094  0.532682  0.260581  0.353315  0.445284  0.448552  0.770501  0.154277  0.618411  0.389742  0.284683  0.457292  0.499422  0.393082  0.525467  0.225864  0.127251  0.174157  0.118045  0.515288  0.414748  0.600930  0.563864  0.089076  0.275752  0.122676  0.189168  0.508332  0.273785  0.127612  0.384616  0.304027  0.324381  0.267103  0.343813  0.316322  0.089076  0.122106  0.289995  0.089076  0.647951  0.089076 
37  0.363240  0.332373  0.258397  0.287419  0.336061  0.392318  0.288824  0.274703  0.322757  0.535432  0.197742  0.299494  0.354840  0.424347  0.252951  0.412306  0.496974  0.478428  0.142014  0.328880  0.089076  0.305394  0.223367  0.330413  0.406808  0.337739  0.599189  0.321637  0.418854  0.339225  0.235638  0.335078  0.365987  0.128121  0.419771  0.260385  0.413946 0.0  0.292093  0.617582  0.513751  0.441895  0.525432  0.430385  0.343232  0.218056  0.323466  0.256425  0.178015  0.309290  0.208113  0.206262  0.236082  0.455814  0.292419  0.273848  0.199581  0.409891  0.351173  0.252292  0.215260  0.212291  0.368499  0.400620  0.500579  0.545784  0.266976  0.359278  0.095288  0.237821  0.362714  0.331708  0.456554  0.267057  0.284186  0.218997  0.398658  0.201401  0.338606  0.330686  0.286024  0.220302  0.170485  0.514791  0.412779  0.274841  0.398588  0.353982  0.477751 
38  0.162738  0.336130  0.128847  0.101048  0.132509  0.254586  0.297696  0.134320  0.249880  0.574671  0.296413  0.224972  0.164526  0.327952  0.142584  0.212365  0.562008  0.264957  0.183237  0.252409  0.216699  0.538322  0.113663  0.089076  0.482987  0.277973  0.560086  0.178316  0.451472  0.275902  0.139482  0.141754  0.298377  0.218444  0.304371  0.370721  0.440208  0.292093 0.0  0.373587  0.202188  0.173855  0.382936  0.241344  0.103610  0.266508  0.183636  0.144218  0.222927  0.293056  0.236839  0.089076  0.089076  0.512510  0.443036  0.274524  0.257451  0.258255  0.160566  0.245406  0.263659  0.260464  0.264235  0.476609  0.480366  0.571000  0.353369  0.100727  0.223926  0.401158  0.332751  0.274963  0.339041  0.161921  0.155197  0.308256  0.422754  0.219023  0.286769  0.221331  0.171846  0.174229  0.240389  0.410108  0.510724  0.330181  0.525526  0.278233  0.450020 
39  0.345254  0.274045  0.421759  0.421935  0.378046  0.488956  0.453583  0.332655  0.245611  0.767540  0.408841  0.595421  0.302768  0.624777  0.481508  0.485476  0.466411  0.521811  0.408944  0.509133  0.367186  0.652388  0.625053  0.424745  0.749828  0.508321  0.518356  0.526493  0.593301  0.295081  0.261717  0.430357  0.197725  0.591108  0.567226  0.649545  0.758861  0.617582  0.373587 0.0  0.220941  0.162012  0.721331  0.266237  0.350697  0.391916  0.458118  0.381762  0.497965  0.614844  0.600476  0.582336  0.423983  0.557353  0.645350  0.342642  0.497171  0.575589  0.438011  0.390037  0.492763  0.443662  0.602569  0.790313  0.903387  0.694963  0.382066  0.301710  0.424230  0.528618  0.583984  0.547973  0.670306  0.512569  0.368159  0.551763  0.714034  0.510565  0.596329  0.477751  0.482679  0.522149  0.606905  0.730455  0.755932  0.561079  0.867117  0.373431  0.681706 
40  0.286307  0.142429  0.405239  0.272835  0.296833  0.458701  0.233092  0.221332  0.177868  0.684604  0.376209  0.474193  0.227235  0.481853  0.367143  0.452595  0.511945  0.406516  0.274139  0.439330  0.282616  0.579611  0.273230  0.313894  0.627452  0.383853  0.555856  0.435014  0.602211  0.261779  0.257633  0.357099  0.168920  0.367093  0.459584  0.402277  0.579420  0.513751  0.202188  0.220941 0.0  0.168333  0.652202  0.101290  0.156821  0.297614  0.309303  0.313831  0.235249  0.399596  0.358138  0.272825  0.261669  0.488317  0.593081  0.241868  0.315781  0.417370  0.250976  0.294274  0.295796  0.259823  0.413486  0.570773  0.626189  0.613332  0.319980  0.329935  0.324813  0.388758  0.559581  0.419742  0.540018  0.444173  0.113368  0.393159  0.620450  0.341426  0.546484  0.476831  0.461552  0.467017  0.423323  0.625042  0.614380  0.461565  0.701595  0.218644  0.588437 
41  0.174587  0.180966  0.336843  0.383161  0.435894  0.380544  0.343843  0.247172  0.089076  0.766932  0.185916  0.492314  0.248606  0.535071  0.231912  0.389989  0.387211  0.422063  0.349929  0.361065  0.294317  0.583701  0.301861  0.384799  0.578195  0.340116  0.585527  0.496483  0.635451  0.181549  0.256166  0.289741  0.187966  0.343744  0.392321  0.425686  0.620674  0.441895  0.173855  0.162012  0.168333 0.0  0.585595  0.167824  0.209238  0.246315  0.282564  0.270875  0.333675  0.392550  0.384754  0.212029  0.174323  0.596656  0.648616  0.190440  0.251374  0.455536  0.242994  0.255032  0.237053  0.245389  0.359496  0.610214  0.658359  0.606925  0.337814  0.213000  0.334794  0.343571  0.695339  0.377896  0.581326  0.417509  0.343273  0.411931  0.488639  0.321011  0.517449  0.295077  0.261776  0.339473  0.321024  0.533260  0.599554  0.490719  0.685977  0.236174  0.515492 
42  0.480234  0.629028  0.512084  0.613164  0.501663  0.318857  0.567059  0.442071  0.652312  0.184578  0.379067  0.222838  0.609201  0.215132  0.499776  0.365077  0.947620  0.304087  0.482922  0.364665  0.492903  0.264877  0.502278  0.395202  0.235619  0.367927  0.928950  0.314796  0.191856  0.642528  0.496177  0.446019  0.586491  0.469290  0.379526  0.183656  0.089076  0.525432  0.382936  0.721331  0.652202  0.585595 0.0  0.627427  0.504015  0.639352  0.432035  0.469100  0.361499  0.253664  0.524082  0.561149  0.485869  0.626686  0.116866  0.636531  0.414001  0.315515  0.468907  0.510410  0.505713  0.545275  0.194011  0.099230  0.108155  0.089076  0.511432  0.518774  0.551094  0.595908  0.221724  0.407650  0.183118  0.359629  0.433291  0.341507  0.110410  0.475851  0.300101  0.317438  0.402655  0.338011  0.384399  0.173061  0.159175  0.327408  0.117357  0.701577  0.180490 
43  0.256124  0.164608  0.230386  0.345263  0.301507  0.434116  0.208949  0.264315  0.140824  0.614995  0.341983  0.573105  0.123098  0.564450  0.325598  0.418419  0.491649  0.426453  0.198515  0.454362  0.295597  0.651604  0.309906  0.313618  0.611743  0.439957  0.486771  0.392000  0.550779  0.174335  0.277569  0.256082  0.123085  0.446218  0.330174  0.494570  0.622597  0.430385  0.241344  0.266237  0.101290  0.167824  0.627427 0.0  0.289132  0.185970  0.443200  0.167839  0.286898  0.542312  0.440715  0.335411  0.294069  0.614097  0.437876  0.142280  0.342264  0.390330  0.281413  0.244849  0.277644  0.227146  0.379566  0.661499  0.544848  0.654169  0.235564  0.256866  0.257698  0.349660  0.535812  0.314395  0.619557  0.449596  0.164611  0.344274  0.552803  0.368835  0.509554  0.407836  0.373801  0.287283  0.342080  0.628193  0.604010  0.421687  0.569025  0.255146  0.518499 
44  0.236499  0.258001  0.197775  0.122240  0.262127  0.326723  0.207820  0.134872  0.208420  0.554071  0.272216  0.289824  0.146969  0.427236  0.089076  0.363992  0.574797  0.339308  0.157980  0.301353  0.206468  0.459495  0.216966  0.165270  0.493134  0.233799  0.571048  0.367794  0.418688  0.300417  0.167072  0.199035  0.199578  0.339835  0.307647  0.304788  0.441455  0.343232  0.103610  0.350697  0.156821  0.209238  0.504015  0.289132 0.0  0.258390  0.154667  0.187313  0.120551  0.298357  0.303832  0.223940  0.089076  0.574775  0.407685  0.177706  0.279317  0.254944  0.108418  0.148017  0.146548  0.226137  0.261024  0.487235  0.600265  0.380613  0.269303  0.140834  0.196238  0.318906  0.439387  0.297093  0.461613  0.301205  0.150721  0.263971  0.460766  0.230289  0.374211  0.288365  0.371438  0.282425  0.294757  0.501985  0.521534  0.246743  0.395508  0.322807  0.448168 
