89
0 0.0  0.212560  0.226426  0.084024  0.084024  0.352030  0.084024  0.232937  0.155043  0.606454  0.201371  0.185857  0.207767  0.479298  0.217793  0.283792  0.453069  0.263878  0.207232  0.197463  0.113675  0.454279  0.099535  0.148560  0.513087  0.296545  0.556238  0.297956  0.463083  0.296894  0.138745  0.140180  0.166171  0.211803  0.223153  0.429663  0.435868  0.271182  0.167884  0.405333  0.175855  0.276544  0.402114  0.269659  0.156688  0.244236  0.169479  0.198229  0.124766  0.355181  0.154737  0.084024  0.196691  0.430183  0.392906  0.084024  0.155104  0.223111  0.140818  0.142146  0.201082  0.347246  0.291760  0.417221  0.610623  0.401120  0.250232  0.084024  0.196605  0.268018  0.434006  0.380951  0.601874  0.251493  0.084024  0.362744  0.495050  0.084024  0.390209  0.314994  0.174436  0.175788  0.141251  0.535728  0.483280  0.308262  0.548744  0.330300  0.457654 
1  0.212560 0.0  0.276812  0.340738  0.248100  0.354459  0.162183  0.208293  0.133338  0.637967  0.140328  0.445634  0.113987  0.547277  0.270239  0.467902  0.378548  0.440520  0.305453  0.426937  0.159532  0.531137  0.223911  0.210734  0.595634  0.517043  0.381122  0.401472  0.592808  0.118539  0.195866  0.256452  0.201492  0.238131  0.404277  0.454546  0.672679  0.348997  0.166769  0.392594  0.137004  0.089188  0.636026  0.084024  0.294141  0.228207  0.397045  0.084024  0.293537  0.485327  0.268230  0.300857  0.220862  0.490246  0.621643  0.084024  0.256698  0.403867  0.194252  0.105607  0.289709  0.144476  0.524387  0.636174  0.577046  0.585917  0.280335  0.186946  0.246096  0.376511  0.586389  0.358676  0.627300  0.419522  0.302003  0.374868  0.542725  0.350702  0.352839  0.351678  0.432623  0.401124  0.238513  0.655217  0.574106  0.421467  0.531536  0.160871  0.644019 
2  0.226426  0.276812 0.0  0.159046  0.182308  0.318911  0.084024  0.352983  0.340672  0.516670  0.154388  0.436226  0.184460  0.562666  0.158580  0.520702  0.443703  0.345120  0.240778  0.381758  0.150549  0.422772  0.191434  0.336245  0.593115  0.335181  0.469834  0.407621  0.536175  0.268306  0.084024  0.250774  0.268724  0.195640  0.300602  0.420941  0.480524  0.213463  0.311995  0.418999  0.309133  0.352371  0.523000  0.306107  0.307745  0.227861  0.408177  0.159654  0.235996  0.554003  0.140795  0.295728  0.262373  0.319420  0.506353  0.238301  0.162015  0.367880  0.183908  0.131591  0.175312  0.107930  0.300051  0.721487  0.499118  0.570647  0.144816  0.238914  0.160668  0.184707  0.555265  0.371938  0.562585  0.368913  0.311528  0.414971  0.478915  0.226824  0.543177  0.388431  0.285243  0.212259  0.300394  0.554477  0.570165  0.277348  0.664111  0.275929  0.541023 
3  0.084024  0.340738  0.159046 0.0  0.104925  0.276366  0.231100  0.265090  0.296809  0.412095  0.185037  0.396049  0.120077  0.418974  0.084024  0.203047  0.496608  0.372122  0.196394  0.251936  0.157127  0.414550  0.153840  0.131783  0.460165  0.338357  0.397602  0.168583  0.367235  0.361615  0.298670  0.085388  0.153317  0.295922  0.251284  0.330802  0.463099  0.231278  0.219138  0.304294  0.196190  0.314510  0.547306  0.225252  0.129871  0.196927  0.284514  0.284582  0.084024  0.263892  0.274000  0.091312  0.123104  0.495961  0.491346  0.215881  0.084024  0.288008  0.094384  0.162653  0.167126  0.162638  0.273134  0.345397  0.528164  0.600970  0.307362  0.102036  0.163247  0.317121  0.325146  0.254388  0.582345  0.304035  0.165981  0.304198  0.461868  0.142790  0.337218  0.273348  0.347226  0.244220  0.125176  0.536099  0.433237  0.302793  0.403371  0.270687  0.361034 
4  0.084024  0.248100  0.182308  0.104925 0.0  0.182615  0.187507  0.224643  0.350114  0.451772  0.115935  0.343683  0.273687  0.249705  0.193624  0.266768  0.613975  0.218518  0.227797  0.147656  0.084024  0.350098  0.137251  0.150087  0.521726  0.307940  0.655597  0.245100  0.288262  0.289980  0.104027  0.167571  0.268769  0.174038  0.179945  0.288230  0.522849  0.234008  0.113027  0.554833  0.282813  0.269795  0.408078  0.246497  0.207446  0.252339  0.158221  0.193895  0.187114  0.349455  0.173761  0.135647  0.213394  0.379716  0.528324  0.202496  0.084024  0.320925  0.157219  0.124117  0.102514  0.230625  0.255024  0.424367  0.593296  0.440738  0.234228  0.175532  0.131178  0.224442  0.454153  0.307691  0.428093  0.255590  0.175111  0.253524  0.411224  0.084024  0.189987  0.156445  0.308544  0.084024  0.153826  0.406627  0.434035  0.311119  0.445402  0.192961  0.403100 
5  0.352030  0.354459  0.318911  0.276366  0.182615 0.0  0.382879  0.143357  0.331886  0.423014  0.206788  0.118296  0.333123  0.385127  0.271360  0.144555  0.730928  0.121858  0.210899  0.084024  0.265124  0.250861  0.084024  0.121737  0.302486  0.227534  0.470577  0.134309  0.251647  0.385145  0.298914  0.103623  0.402677  0.455665  0.119262  0.168533  0.227692  0.311944  0.211259  0.522421  0.216179  0.391837  0.432305  0.379541  0.257357  0.307647  0.208308  0.346867  0.316958  0.125601  0.353114  0.167971  0.240029  0.619838  0.284458  0.360939  0.157435  0.108214  0.220528  0.175630  0.252270  0.415738  0.084024  0.278952  0.365944  0.349629  0.513233  0.278424  0.326244  0.428315  0.219343  0.084024  0.290001  0.132260  0.293015  0.142264  0.231148  0.189896  0.265494  0.147070  0.109517  0.203643  0.264548  0.295239  0.258907  0.140119  0.519494  0.434280  0.216979 
6  0.084024  0.162183  0.084024  0.231100  0.187507  0.382879 0.0  0.242613  0.245575  0.564697  0.298064  0.438973  0.132106  0.483039  0.138950  0.373241  0.521538  0.518744  0.277066  0.308512  0.232931  0.451825  0.231346  0.365178  0.587345  0.388540  0.357761  0.412521  0.504840  0.252534  0.153257  0.252168  0.260268  0.255657  0.325517  0.507523  0.525217  0.210684  0.252873  0.294525  0.336738  0.290866  0.559287  0.183951  0.158415  0.105450  0.376338  0.088275  0.180002  0.404280  0.230148  0.198681  0.282464  0.319684  0.594928  0.110908  0.167630  0.414486  0.214314  0.296066  0.220443  0.109599  0.328175  0.622319  0.525545  0.589421  0.313997  0.257215  0.187069  0.282684  0.567693  0.368057  0.615640  0.380380  0.245706  0.378104  0.501624  0.218357  0.469843  0.453471  0.384675  0.264471  0.263718  0.706372  0.702407  0.394885  0.530342  0.204491  0.504136 
7  0.232937  0.208293  0.352983  0.265090  0.224643  0.143357  0.242613 0.0  0.220799  0.618524  0.231325  0.295218  0.095446  0.420388  0.195447  0.267302  0.580954  0.432722  0.259846  0.274692  0.276801  0.427230  0.216652  0.217663  0.464797  0.361616  0.582447  0.218758  0.455651  0.331798  0.218034  0.162195  0.258824  0.369323  0.297246  0.397445  0.536795  0.361547  0.084024  0.361041  0.282953  0.319257  0.532799  0.218965  0.165044  0.278162  0.202214  0.291815  0.204648  0.365851  0.240020  0.218055  0.084024  0.525928  0.423473  0.206631  0.120616  0.349562  0.087601  0.220831  0.156362  0.313405  0.311601  0.419485  0.520324  0.533131  0.448521  0.161074  0.320565  0.343318  0.410849  0.261733  0.433979  0.230808  0.164898  0.201238  0.495278  0.239422  0.325569  0.153714  0.394143  0.298453  0.236635  0.432368  0.493120  0.369721  0.374544  0.364201  0.490616 
8  0.155043  0.133338  0.340672  0.296809  0.350114  0.331886  0.245575  0.220799 0.0  0.756599  0.338405  0.569089  0.237687  0.505803  0.305639  0.435071  0.481812  0.593077  0.331549  0.430966  0.288677  0.565586  0.308953  0.378690  0.637747  0.617590  0.381659  0.523150  0.642666  0.160931  0.315404  0.404974  0.180539  0.395617  0.513079  0.504055  0.698562  0.285347  0.259872  0.245974  0.161769  0.116685  0.641076  0.156897  0.341550  0.316776  0.352831  0.324673  0.247746  0.502882  0.320669  0.358990  0.206538  0.452970  0.631710  0.187143  0.328562  0.491662  0.258440  0.382395  0.372481  0.270885  0.490196  0.668227  0.761933  0.726984  0.423654  0.299550  0.254801  0.379852  0.610444  0.476976  0.607786  0.477970  0.316428  0.361046  0.570645  0.264694  0.582401  0.373968  0.503197  0.375578  0.401345  0.814988  0.694289  0.474200  0.590228  0.279913  0.755021 
9  0.606454  0.637967  0.516670  0.412095  0.451772  0.423014  0.564697  0.618524  0.756599 0.0  0.501371  0.330567  0.620905  0.253874  0.575876  0.522976  0.987047  0.355941  0.464819  0.435347  0.549511  0.182493  0.603291  0.488194  0.191953  0.364967  0.983985  0.226691  0.297057  0.699617  0.464054  0.518988  0.611945  0.533797  0.320215  0.246735  0.173168  0.457290  0.519719  0.817998  0.776418  0.626155  0.229563  0.615690  0.547207  0.692649  0.378234  0.717990  0.496235  0.249812  0.423168  0.459380  0.605289  0.746998  0.237529  0.675534  0.550169  0.327803  0.531820  0.515482  0.500594  0.534440  0.290376  0.145217  0.084024  0.084024  0.656488  0.526283  0.558076  0.666455  0.161532  0.360408  0.130795  0.355745  0.546038  0.373153  0.167245  0.503758  0.264484  0.429874  0.423313  0.342089  0.377998  0.211409  0.166512  0.260354  0.114944  0.750609  0.271718 
10  0.201371  0.140328  0.154388  0.185037  0.115935  0.206788  0.298064  0.231325  0.338405  0.501371 0.0  0.321077  0.312501  0.285956  0.148774  0.344167  0.573769  0.300006  0.163477  0.248017  0.184582  0.461815  0.098032  0.113446  0.516285  0.433660  0.661394  0.323721  0.436144  0.322629  0.183132  0.084024  0.386410  0.260586  0.268901  0.350890  0.402671  0.198088  0.193479  0.402216  0.319010  0.297632  0.485247  0.424620  0.245511  0.252444  0.275309  0.214680  0.084024  0.292138  0.224015  0.190168  0.301908  0.406994  0.409635  0.204020  0.103408  0.257128  0.210344  0.084024  0.146897  0.214729  0.307017  0.419647  0.463185  0.450969  0.239304  0.127783  0.195693  0.187564  0.490933  0.208329  0.436232  0.286726  0.168885  0.107101  0.313652  0.139562  0.205213  0.203268  0.200124  0.084024  0.084024  0.378090  0.508041  0.140294  0.453495  0.350478  0.481018 
11  0.185857  0.445634  0.436226  0.396049  0.343683  0.118296  0.438973  0.295218  0.569089  0.330567  0.321077 0.0  0.427552  0.218300  0.316192  0.126286  0.874496  0.122599  0.264805  0.091834  0.320591  0.131208  0.336930  0.253335  0.190741  0.084024  0.893508  0.138727  0.085286  0.418256  0.436158  0.124554  0.466908  0.542986  0.124972  0.084024  0.222284  0.388377  0.294012  0.636359  0.466562  0.503211  0.206356  0.576139  0.292751  0.481412  0.199088  0.393787  0.272845  0.178808  0.306242  0.429673  0.307506  0.550290  0.171118  0.404871  0.389238  0.092789  0.342210  0.348878  0.355518  0.436282  0.189795  0.223126  0.372353  0.292918  0.438520  0.388833  0.275230  0.485134  0.190329  0.084024  0.259132  0.216635  0.408613  0.194398  0.303161  0.295554  0.084024  0.111137  0.084024  0.272678  0.216691  0.084024  0.178423  0.203017  0.294589  0.542184  0.217124 
12  0.207767  0.113987  0.184460  0.120077  0.273687  0.333123  0.132106  0.095446  0.237687  0.620905  0.312501  0.427552 0.0  0.499051  0.189267  0.288600  0.433169  0.411428  0.318532  0.349288  0.336269  0.549036  0.192816  0.113322  0.538184  0.324541  0.538659  0.272010  0.505708  0.314292  0.131002  0.178710  0.182844  0.427142  0.327205  0.451915  0.615368  0.370163  0.167204  0.301617  0.164540  0.084024  0.533401  0.105485  0.198669  0.198931  0.358765  0.262457  0.152861  0.457967  0.169370  0.133632  0.157394  0.503752  0.450601  0.084024  0.200570  0.324564  0.122997  0.155129  0.173696  0.251160  0.396357  0.615614  0.653522  0.533071  0.346952  0.222995  0.260538  0.456178  0.586500  0.255031  0.702669  0.411133  0.115935  0.275750  0.490112  0.282365  0.342327  0.192914  0.333553  0.308430  0.371503  0.520665  0.481723  0.360235  0.629684  0.316575  0.486738 
13  0.479298  0.547277  0.562666  0.418974  0.249705  0.385127  0.483039  0.420388  0.505803  0.253874  0.285956  0.218300  0.499051 0.0  0.339148  0.225452  0.898629  0.084024  0.253135  0.283184  0.332818  0.084024  0.402720  0.162565  0.253208  0.353988  0.896627  0.199018  0.103060  0.522971  0.432643  0.307980  0.568149  0.370519  0.237296  0.242166  0.106492  0.415137  0.340584  0.755979  0.469051  0.545607  0.317845  0.563053  0.357899  0.545098  0.284696  0.457083  0.402786  0.161320  0.422021  0.253569  0.413707  0.691724  0.084024  0.562156  0.398345  0.336837  0.406758  0.439530  0.425019  0.470457  0.252915  0.130806  0.152109  0.255563  0.515536  0.384395  0.510110  0.565300  0.213311  0.224743  0.084024  0.155624  0.503405  0.240178  0.155128  0.436754  0.261427  0.234366  0.228708  0.220841  0.385453  0.199644  0.205803  0.356684  0.160026  0.616820  0.171011 
14  0.217793  0.270239  0.158580  0.084024  0.193624  0.271360  0.138950  0.195447  0.305639  0.575876  0.148774  0.316192  0.189267  0.339148 0.0  0.176428  0.449972  0.276181  0.125929  0.256035  0.084024  0.385107  0.204948  0.084024  0.531612  0.305754  0.608661  0.218979  0.407492  0.288072  0.123422  0.176759  0.288322  0.177439  0.269704  0.323245  0.458836  0.234807  0.208913  0.389303  0.307652  0.247895  0.513143  0.125938  0.203127  0.176982  0.084024  0.084024  0.117964  0.326613  0.084024  0.186671  0.136850  0.334929  0.431603  0.253864  0.093241  0.240238  0.116076  0.103334  0.113907  0.222716  0.299778  0.323332  0.590788  0.478575  0.250655  0.185793  0.205679  0.419849  0.482610  0.150053  0.456713  0.250544  0.156137  0.297384  0.509081  0.191563  0.252104  0.282998  0.249501  0.261420  0.282172  0.497728  0.473662  0.323902  0.450113  0.277678  0.424423 
15  0.283792  0.467902  0.520702  0.203047  0.266768  0.144555  0.373241  0.267302  0.435071  0.522976  0.344167  0.126286  0.288600  0.225452  0.176428 0.0  0.654872  0.173314  0.192988  0.137390  0.373853  0.184537  0.203561  0.189516  0.300234  0.133781  0.723704  0.084024  0.261313  0.363913  0.302284  0.131811  0.385092  0.411986  0.165707  0.234787  0.173025  0.257263  0.265280  0.562397  0.407553  0.412633  0.277935  0.428482  0.274558  0.345864  0.107036  0.408662  0.302964  0.122246  0.279259  0.192425  0.264238  0.592557  0.237697  0.345934  0.186447  0.084024  0.257510  0.250719  0.368655  0.349912  0.084024  0.292278  0.387242  0.411879  0.441104  0.288810  0.297904  0.296431  0.108844  0.147034  0.372868  0.131289  0.236840  0.127851  0.379368  0.215107  0.155883  0.084024  0.084024  0.209903  0.119129  0.345767  0.247709  0.187667  0.292326  0.516029  0.304871 
16  0.453069  0.378548  0.443703  0.496608  0.613975  0.730928  0.521538  0.580954  0.481812  0.987047  0.573769  0.874496  0.433169  0.898629  0.449972  0.654872 0.0  0.725311  0.521529  0.650680  0.483041  0.829710  0.629575  0.530881  0.804655  0.687982  0.141360  0.717959  0.843130  0.338441  0.422670  0.544408  0.533933  0.447383  0.724695  0.824748  0.835708  0.549665  0.567929  0.496064  0.428635  0.491535  0.831054  0.434411  0.523344  0.362139  0.558654  0.416803  0.522787  0.707029  0.462842  0.549954  0.550913  0.409252  0.838624  0.369764  0.570818  0.729253  0.508030  0.558987  0.448827  0.409274  0.681470  0.951380  0.959850  0.850689  0.356510  0.518922  0.433873  0.309910  0.874546  0.652624  0.837356  0.753925  0.539436  0.569060  0.783222  0.692057  0.640068  0.685733  0.720057  0.534952  0.588802  0.771523  0.921041  0.636278  0.926324  0.232670  0.831545 
17  0.263878  0.440520  0.345120  0.372122  0.218518  0.121858  0.518744  0.432722  0.593077  0.355941  0.300006  0.122599  0.411428  0.084024  0.276181  0.173314  0.725311 0.0  0.226616  0.084024  0.340433  0.190807  0.199209  0.168933  0.373247  0.097942  0.763078  0.145582  0.196202  0.327119  0.402721  0.243553  0.296342  0.369334  0.178076  0.172374  0.192211  0.341080  0.260352  0.578878  0.547899  0.491757  0.352860  0.437296  0.271799  0.461540  0.244890  0.376681  0.310713  0.084024  0.399809  0.387878  0.441365  0.664728  0.235820  0.449290  0.289643  0.116876  0.259224  0.243130  0.305808  0.354777  0.177237  0.332186  0.293814  0.233666  0.414297  0.297716  0.294036  0.471842  0.258225  0.084024  0.268810  0.084024  0.297273  0.225637  0.239037  0.284995  0.116467  0.084024  0.084024  0.261178  0.243631  0.261540  0.335468  0.084024  0.246434  0.479163  0.170293 
18  0.207232  0.305453  0.240778  0.196394  0.227797  0.210899  0.277066  0.259846  0.331549  0.464819  0.163477  0.264805  0.318532  0.253135  0.125929  0.192988  0.521529  0.226616 0.0  0.121083  0.132139  0.224448  0.221998  0.099280  0.399656  0.161845  0.663127  0.161849  0.309125  0.363824  0.197748  0.168990  0.325281  0.371181  0.195143  0.281941  0.266648  0.385292  0.117941  0.445363  0.193247  0.414132  0.476752  0.338405  0.177803  0.237517  0.084024  0.321049  0.161643  0.232574  0.189817  0.155123  0.123466  0.560968  0.256847  0.209582  0.231287  0.326169  0.123909  0.155991  0.260211  0.232657  0.233347  0.355510  0.402586  0.346358  0.372672  0.182400  0.217923  0.332473  0.269040  0.223796  0.383716  0.265690  0.231446  0.141057  0.299897  0.165803  0.341320  0.171061  0.175863  0.216757  0.247273  0.434645  0.436974  0.252867  0.442655  0.442054  0.375204 
19  0.197463  0.426937  0.381758  0.251936  0.147656  0.084024  0.308512  0.274692  0.430966  0.435347  0.248017  0.091834  0.349288  0.283184  0.256035  0.137390  0.650680  0.084024  0.121083 0.0  0.306255  0.326676  0.220097  0.084024  0.447359  0.205154  0.627470  0.126309  0.280903  0.541042  0.303715  0.130195  0.467463  0.388515  0.220515  0.311487  0.278086  0.302716  0.159429  0.510795  0.433723  0.374275  0.273512  0.295623  0.219626  0.348360  0.084024  0.208112  0.181903  0.171895  0.199001  0.251499  0.231090  0.610843  0.398082  0.339513  0.197932  0.177373  0.223898  0.119257  0.178893  0.406331  0.102194  0.256031  0.414694  0.376975  0.349752  0.174246  0.310077  0.343979  0.211887  0.119208  0.270984  0.105548  0.207185  0.162142  0.277383  0.195938  0.159322  0.139011  0.196075  0.121441  0.113425  0.486496  0.356654  0.234627  0.306972  0.396896  0.286909 
20  0.113675  0.159532  0.150549  0.157127  0.084024  0.265124  0.232931  0.276801  0.288677  0.549511  0.184582  0.320591  0.336269  0.332818  0.084024  0.373853  0.483041  0.340433  0.132139  0.306255 0.0  0.484038  0.117459  0.216691  0.519915  0.298429  0.525141  0.297232  0.549993  0.273506  0.230615  0.175174  0.264399  0.084024  0.283638  0.296448  0.469002  0.245794  0.212525  0.420335  0.298621  0.368984  0.478810  0.359086  0.267224  0.155481  0.262596  0.324407  0.115126  0.314044  0.084024  0.084024  0.195813  0.329805  0.446998  0.096243  0.151696  0.263440  0.183212  0.196723  0.084314  0.104699  0.433848  0.564821  0.488337  0.473713  0.183702  0.184191  0.084024  0.190223  0.484552  0.335906  0.579358  0.331858  0.140184  0.219577  0.244546  0.253132  0.424509  0.432236  0.296015  0.298344  0.115887  0.412834  0.469237  0.271847  0.562197  0.299321  0.414554 
21  0.454279  0.531137  0.422772  0.414550  0.350098  0.250861  0.451825  0.427230  0.565586  0.182493  0.461815  0.131208  0.549036  0.084024  0.385107  0.184537  0.829710  0.190807  0.224448  0.326676  0.484038 0.0  0.382436  0.371159  0.165071  0.126000  0.873933  0.286749  0.084024  0.645950  0.397082  0.331607  0.607577  0.585780  0.286390  0.116840  0.104222  0.302826  0.423902  0.657457  0.547090  0.586648  0.305552  0.713598  0.368314  0.565906  0.272679  0.525756  0.544839  0.143368  0.494680  0.367517  0.285650  0.844316  0.192204  0.509815  0.395257  0.215049  0.464560  0.517519  0.381995  0.656070  0.154421  0.158586  0.244737  0.340348  0.598290  0.304541  0.490496  0.586747  0.135053  0.305071  0.145905  0.238485  0.489083  0.221090  0.091465  0.419233  0.084024  0.202409  0.306530  0.227191  0.337547  0.167118  0.276286  0.282051  0.119953  0.644530  0.084024 
22  0.099535  0.223911  0.191434  0.153840  0.137251  0.084024  0.231346  0.216652  0.308953  0.603291  0.098032  0.336930  0.192816  0.402720  0.204948  0.203561  0.629575  0.199209  0.221998  0.220097  0.117459  0.382436 0.0  0.261463  0.541829  0.332826  0.528278  0.312174  0.482317  0.307000  0.186636  0.188865  0.376445  0.220214  0.308405  0.339992  0.379220  0.140193  0.171606  0.526807  0.153733  0.337297  0.510101  0.389830  0.274177  0.257343  0.128150  0.130471  0.236214  0.338531  0.143054  0.084024  0.167678  0.367024  0.430861  0.259786  0.084024  0.232311  0.160264  0.084024  0.144882  0.154316  0.400032  0.398879  0.464902  0.562298  0.287681  0.128649  0.141265  0.331306  0.418148  0.243818  0.425692  0.272315  0.152509  0.304592  0.412910  0.084024  0.361044  0.177576  0.292706  0.133686  0.268100  0.543547  0.555236  0.198279  0.518922  0.298935  0.428737 
23  0.148560  0.210734  0.336245  0.131783  0.150087  0.121737  0.365178  0.217663  0.378690  0.488194  0.113446  0.253335  0.113322  0.162565  0.084024  0.189516  0.530881  0.168933  0.099280  0.084024  0.216691  0.371159  0.261463 0.0  0.485116  0.290270  0.657166  0.232085  0.321681  0.172000  0.262841  0.162047  0.337682  0.330904  0.144006  0.366041  0.336134  0.366326  0.146248  0.384399  0.310386  0.308378  0.459796  0.271900  0.213922  0.205327  0.136561  0.293111  0.121263  0.226303  0.335828  0.150465  0.184478  0.507592  0.302089  0.239296  0.222317  0.222515  0.122525  0.106697  0.143816  0.231645  0.184665  0.420038  0.436281  0.431319  0.277836  0.185805  0.156100  0.435161  0.350653  0.129022  0.328137  0.187964  0.131025  0.169408  0.330355  0.158963  0.274787  0.156764  0.210221  0.195011  0.230772  0.367891  0.427832  0.255216  0.406889  0.373039  0.435114 
24  0.513087  0.595634  0.593115  0.460165  0.521726  0.302486  0.587345  0.464797  0.637747  0.191953  0.516285  0.190741  0.538184  0.253208  0.531612  0.300234  0.804655  0.373247  0.399656  0.447359  0.519915  0.165071  0.541829  0.485116 0.0  0.281368  0.976186  0.389830  0.132691  0.631851  0.623988  0.428640  0.588973  0.482277  0.307763  0.213349  0.188442  0.490781  0.422308  0.753218  0.615576  0.712852  0.180319  0.634312  0.386050  0.575524  0.422778  0.508412  0.438120  0.255578  0.521081  0.388705  0.442316  0.817371  0.191105  0.692738  0.524879  0.374711  0.489632  0.558752  0.432835  0.544030  0.313422  0.124422  0.146015  0.182453  0.721573  0.519291  0.494262  0.492729  0.084024  0.308034  0.178777  0.233642  0.539410  0.247812  0.282404  0.408096  0.135163  0.262517  0.294021  0.294087  0.447075  0.084024  0.084024  0.236238  0.147830  0.681663  0.212730 
25  0.296545  0.517043  0.335181  0.338357  0.307940  0.227534  0.388540  0.361616  0.617590  0.364967  0.433660  0.084024  0.324541  0.353988  0.305754  0.133781  0.687982  0.097942  0.161845  0.205154  0.298429  0.126000  0.332826  0.290270  0.281368 0.0  0.774258  0.098027  0.261787  0.486873  0.395278  0.213080  0.532973  0.344629  0.155474  0.128686  0.178273  0.460858  0.303967  0.673123  0.434051  0.356278  0.342983  0.440077  0.362719  0.357223  0.191272  0.360854  0.256721  0.084024  0.201126  0.231845  0.346152  0.582410  0.161052  0.438698  0.425050  0.118366  0.309735  0.378514  0.253915  0.390115  0.112709  0.231124  0.314009  0.228345  0.489506  0.275574  0.314131  0.468903  0.207437  0.168920  0.217625  0.115047  0.338420  0.152692  0.255953  0.318989  0.100827  0.139010  0.145323  0.251928  0.226976  0.223060  0.244282  0.153108  0.168768  0.517899  0.202919 
26  0.556238  0.381122  0.469834  0.397602  0.655597  0.470577  0.357761  0.582447  0.381659  0.983985  0.661394  0.893508  0.538659  0.896627  0.608661  0.723704  0.141360  0.763078  0.663127  0.627470  0.525141  0.873933  0.528278  0.657166  0.976186  0.774258 0.0  0.772890  0.762767  0.421362  0.475488  0.691760  0.553039  0.560328  0.749070  0.793323  0.893326  0.596603  0.648872  0.601579  0.539317  0.523243  0.987819  0.563887  0.675277  0.398918  0.724208  0.475368  0.582802  0.852280  0.539584  0.468004  0.603443  0.438468  0.923692  0.401031  0.471826  0.767002  0.559055  0.556542  0.614599  0.466553  0.739464  1.000000  0.906767  0.968011  0.412831  0.628266  0.498118  0.518599  0.829073  0.741283  0.946798  0.722378  0.585786  0.852195  0.873082  0.601607  0.810198  0.661208  0.796660  0.670194  0.660049  0.887698  0.958051  0.820038  0.913598  0.388911  0.979869 
27  0.297956  0.401472  0.407621  0.168583  0.245100  0.134309  0.412521  0.218758  0.523150  0.226691  0.323721  0.138727  0.272010  0.199018  0.218979  0.084024  0.717959  0.145582  0.161849  0.126309  0.297232  0.286749  0.312174  0.232085  0.389830  0.098027  0.772890 0.0  0.289690  0.450481  0.390008  0.193386  0.390287  0.431072  0.103969  0.099247  0.412022  0.239648  0.084024  0.547586  0.339337  0.478162  0.289875  0.305263  0.275388  0.335176  0.155648  0.290896  0.254707  0.084024  0.349964  0.363609  0.309499  0.560192  0.255744  0.460471  0.233247  0.084024  0.269347  0.290886  0.387910  0.389870  0.084024  0.360259  0.373711  0.356329  0.472501  0.331101  0.315012  0.576399  0.169567  0.090190  0.203136  0.084024  0.356822  0.137525  0.084024  0.224135  0.235549  0.122239  0.084024  0.186714  0.155425  0.326622  0.197825  0.155683  0.282685  0.520207  0.322371 
28  0.463083  0.592808  0.536175  0.367235  0.288262  0.251647  0.504840  0.455651  0.642666  0.297057  0.436144  0.085286  0.505708  0.103060  0.407492  0.261313  0.843130  0.196202  0.309125  0.280903  0.549993  0.084024  0.482317  0.321681  0.132691  0.261787  0.762767  0.289690 0.0  0.568898  0.565298  0.348302  0.664012  0.483197  0.207654  0.252675  0.084024  0.292486  0.368895  0.642090  0.501608  0.651141  0.103314  0.615485  0.501223  0.599009  0.320797  0.403797  0.449472  0.166049  0.434282  0.376534  0.401476  0.744414  0.143142  0.514895  0.359636  0.258970  0.409194  0.508892  0.486070  0.563578  0.261750  0.192874  0.250964  0.120405  0.504101  0.479437  0.464339  0.510837  0.084024  0.187531  0.154986  0.157932  0.530124  0.202258  0.109589  0.375391  0.163986  0.208174  0.314195  0.240952  0.353067  0.094896  0.130737  0.190327  0.096561  0.768178  0.105477 
29  0.296894  0.118539  0.268306  0.361615  0.289980  0.385145  0.252534  0.331798  0.160931  0.699617  0.322629  0.418256  0.314292  0.522971  0.288072  0.363913  0.338441  0.327119  0.363824  0.541042  0.273506  0.645950  0.307000  0.172000  0.631851  0.486873  0.421362  0.450481  0.568898 0.0  0.127511  0.247502  0.197921  0.382449  0.430201  0.595082  0.656179  0.474211  0.310123  0.297803  0.124231  0.139066  0.587744  0.224230  0.261048  0.181303  0.423850  0.084024  0.305879  0.535530  0.365895  0.407182  0.178934  0.456145  0.691982  0.166690  0.293697  0.468958  0.317927  0.357006  0.275656  0.204951  0.466817  0.640153  0.717543  0.690463  0.187616  0.299197  0.154578  0.272968  0.619182  0.311133  0.695446  0.403115  0.191527  0.411049  0.510592  0.245466  0.586226  0.497964  0.399063  0.355288  0.329856  0.696729  0.674801  0.451351  0.669378  0.221426  0.588406 
30  0.138745  0.195866  0.084024  0.298670  0.104027  0.298914  0.153257  0.218034  0.315404  0.464054  0.183132  0.436158  0.131002  0.432643  0.123422  0.302284  0.422670  0.402721  0.197748  0.303715  0.230615  0.397082  0.186636  0.262841  0.623988  0.395278  0.475488  0.390008  0.565298  0.127511 0.0  0.122671  0.084024  0.242300  0.342433  0.338677  0.472817  0.234649  0.251594  0.406700  0.306963  0.205234  0.536893  0.262801  0.265747  0.084024  0.249333  0.092423  0.239610  0.495243  0.249623  0.104395  0.288407  0.425676  0.426413  0.152573  0.084024  0.315505  0.184853  0.152113  0.084024  0.091219  0.322932  0.554141  0.546568  0.514277  0.228815  0.233074  0.088763  0.326731  0.593774  0.289937  0.565718  0.280328  0.084024  0.378172  0.503554  0.206561  0.380681  0.303225  0.416470  0.226335  0.257324  0.542265  0.557108  0.297329  0.472249  0.281083  0.510429 
31  0.140180  0.256452  0.250774  0.085388  0.167571  0.103623  0.252168  0.162195  0.404974  0.518988  0.084024  0.124554  0.178710  0.307980  0.176759  0.131811  0.544408  0.243553  0.168990  0.130195  0.175174  0.331607  0.188865  0.162047  0.428640  0.213080  0.691760  0.193386  0.348302  0.247502  0.122671 0.0  0.292021  0.291491  0.114999  0.289422  0.417003  0.184805  0.110566  0.492804  0.406478  0.289327  0.405913  0.326562  0.182086  0.218372  0.210320  0.189462  0.182595  0.371389  0.232050  0.136486  0.084024  0.463315  0.322775  0.251108  0.236940  0.182334  0.151639  0.143695  0.117090  0.273153  0.205618  0.346751  0.416509  0.367929  0.273047  0.139222  0.208991  0.341469  0.434443  0.196973  0.354382  0.181829  0.196887  0.172806  0.242626  0.126420  0.243780  0.165577  0.168416  0.122922  0.118244  0.350246  0.405422  0.253084  0.403084  0.344827  0.380402 
32  0.166171  0.201492  0.268724  0.153317  0.268769  0.402677  0.260268  0.258824  0.180539  0.611945  0.386410  0.466908  0.182844  0.568149  0.288322  0.385092  0.533933  0.296342  0.325281  0.467463  0.264399  0.607577  0.376445  0.337682  0.588973  0.532973  0.553039  0.390287  0.664012  0.197921  0.084024  0.292021 0.0  0.459980  0.308919  0.475260  0.606153  0.560980  0.181554  0.305947  0.118906  0.217313  0.658366  0.084024  0.177693  0.162231  0.266596  0.284404  0.265640  0.454998  0.338247  0.193376  0.246376  0.605443  0.658964  0.084024  0.404889  0.516734  0.178723  0.259233  0.249096  0.331073  0.352934  0.586849  0.694532  0.615707  0.270501  0.180209  0.203323  0.404507  0.610874  0.414942  0.581880  0.386407  0.167758  0.377770  0.521330  0.308253  0.363113  0.365872  0.403623  0.388747  0.370900  0.668417  0.668929  0.380958  0.566102  0.418983  0.556019 
33  0.211803  0.238131  0.195640  0.295922  0.174038  0.455665  0.255657  0.369323  0.395617  0.533797  0.260586  0.542986  0.427142  0.370519  0.177439  0.411986  0.447383  0.369334  0.371181  0.388515  0.084024  0.585780  0.220214  0.330904  0.482277  0.344629  0.560328  0.431072  0.483197  0.382449  0.242300  0.291491  0.459980 0.0  0.403191  0.309125  0.555802  0.208171  0.293842  0.576372  0.461061  0.349582  0.546745  0.394343  0.358309  0.251605  0.357402  0.203532  0.229645  0.358800  0.084024  0.175485  0.267698  0.344722  0.585206  0.271998  0.152811  0.369677  0.247574  0.299810  0.275527  0.234221  0.336087  0.505723  0.577199  0.516208  0.297746  0.359706  0.084024  0.150753  0.399970  0.295402  0.551311  0.386278  0.287446  0.380857  0.442511  0.337761  0.412234  0.341559  0.297666  0.354023  0.289695  0.562094  0.584729  0.349543  0.463413  0.281750  0.473931 
34  0.223153  0.404277  0.300602  0.251284  0.179945  0.119262  0.325517  0.297246  0.513079  0.320215  0.268901  0.124972  0.327205  0.237296  0.269704  0.165707  0.724695  0.178076  0.195143  0.220515  0.283638  0.286390  0.308405  0.144006  0.307763  0.155474  0.749070  0.103969  0.207654  0.430201  0.342433  0.114999  0.308919  0.403191 0.0  0.249413  0.224813  0.210298  0.317016  0.495129  0.435265  0.396802  0.327217  0.464136  0.181158  0.338799  0.087126  0.419044  0.167994  0.198152  0.187077  0.196010  0.265591  0.499098  0.301396  0.331509  0.368592  0.084024  0.239660  0.320576  0.213566  0.339920  0.108094  0.294736  0.357970  0.352314  0.451639  0.244833  0.358254  0.458422  0.331792  0.130222  0.252072  0.127802  0.251972  0.119006  0.162332  0.275174  0.085526  0.147108  0.119907  0.256440  0.257007  0.368867  0.177178  0.171790  0.271750  0.475902  0.252333 
35  0.429663  0.454546  0.420941  0.330802  0.288230  0.168533  0.507523  0.397445  0.504055  0.246735  0.350890  0.084024  0.451915  0.242166  0.323245  0.234787  0.824748  0.172374  0.281941  0.311487  0.296448  0.116840  0.339992  0.366041  0.213349  0.128686  0.793323  0.099247  0.252675  0.595082  0.338677  0.289422  0.475260  0.309125  0.249413 0.0  0.239065  0.318288  0.369179  0.574705  0.519350  0.493673  0.224925  0.492808  0.378003  0.468547  0.223782  0.394887  0.374935  0.194750  0.351004  0.310044  0.441072  0.678093  0.172329  0.453313  0.319786  0.192748  0.326090  0.225823  0.380790  0.521769  0.214832  0.213803  0.397716  0.216517  0.475498  0.407716  0.400574  0.603386  0.089802  0.084024  0.276556  0.084024  0.392449  0.115321  0.271614  0.312890  0.187735  0.185418  0.084024  0.357101  0.279106  0.248268  0.273435  0.084024  0.205983  0.565874  0.145335 
36  0.435868  0.672679  0.480524  0.463099  0.522849  0.227692  0.525217  0.536795  0.698562  0.173168  0.402671  0.222284  0.615368  0.106492  0.458836  0.173025  0.835708  0.192211  0.266648  0.278086  0.469002  0.104222  0.379220  0.336134  0.188442  0.178273  0.893326  0.412022  0.084024  0.656179  0.472817  0.417003  0.606153  0.555802  0.224813  0.239065 0.0  0.449057  0.387617  0.808785  0.680947  0.550544  0.091564  0.682004  0.482411  0.592203  0.377495  0.557607  0.499672  0.235141  0.451696  0.479072  0.455073  0.686864  0.084024  0.592961  0.464574  0.275052  0.446255  0.448108  0.496188  0.540736  0.281201  0.119584  0.186453  0.206203  0.670732  0.427793  0.525525  0.583032  0.109894  0.242257  0.125480  0.247140  0.548020  0.113870  0.172203  0.296206  0.165809  0.300248  0.241034  0.272614  0.375489  0.084024  0.084024  0.316454  0.110225  0.624626  0.084024 
37  0.271182  0.348997  0.213463  0.231278  0.234008  0.311944  0.210684  0.361547  0.285347  0.457290  0.198088  0.388377  0.370163  0.415137  0.234807  0.257263  0.549665  0.341080  0.385292  0.302716  0.245794  0.302826  0.140193  0.366326  0.490781  0.460858  0.596603  0.239648  0.292486  0.474211  0.234649  0.184805  0.560980  0.208171  0.210298  0.318288  0.449057 0.0  0.415963  0.603926  0.420361  0.357808  0.484900  0.453234  0.298259  0.287721  0.198917  0.323252  0.234930  0.379352  0.098202  0.185049  0.210767  0.421160  0.424301  0.249063  0.210469  0.259612  0.251497  0.370401  0.254254  0.235948  0.290346  0.449233  0.556986  0.355075  0.202535  0.266810  0.238134  0.119147  0.399377  0.278667  0.469641  0.441025  0.272376  0.337038  0.415670  0.221383  0.277409  0.412923  0.327846  0.307971  0.197981  0.418681  0.535834  0.281838  0.549685  0.395942  0.408769 
38  0.167884  0.166769  0.311995  0.219138  0.113027  0.211259  0.252873  0.084024  0.259872  0.519719  0.193479  0.294012  0.167204  0.340584  0.208913  0.265280  0.567929  0.260352  0.117941  0.159429  0.212525  0.423902  0.171606  0.146248  0.422308  0.303967  0.648872  0.084024  0.368895  0.310123  0.251594  0.110566  0.181554  0.293842  0.317016  0.369179  0.387617  0.415963 0.0  0.428197  0.367718  0.084024  0.598931  0.215751  0.132682  0.245729  0.179994  0.245928  0.165431  0.171463  0.294373  0.116364  0.084024  0.604373  0.344222  0.240683  0.190123  0.385130  0.216962  0.084024  0.176946  0.297019  0.223677  0.548420  0.573924  0.538866  0.297256  0.116996  0.230914  0.371983  0.427007  0.237430  0.473737  0.361688  0.145237  0.242815  0.342670  0.181124  0.351973  0.125512  0.172824  0.289935  0.175904  0.504967  0.361251  0.250588  0.364059  0.341345  0.471456 
39  0.405333  0.392594  0.418999  0.304294  0.554833  0.522421  0.294525  0.361041  0.245974  0.817998  0.402216  0.636359  0.301617  0.755979  0.389303  0.562397  0.496064  0.578878  0.445363  0.510795  0.420335  0.657457  0.526807  0.384399  0.753218  0.673123  0.601579  0.547586  0.642090  0.297803  0.406700  0.492804  0.305947  0.576372  0.495129  0.574705  0.808785  0.603926  0.428197 0.0  0.160688  0.183568  0.721423  0.186535  0.287383  0.437535  0.506216  0.439488  0.499695  0.631709  0.406099  0.337223  0.427354  0.748977  0.644538  0.267361  0.446435  0.507940  0.455038  0.360127  0.397717  0.381302  0.496169  0.696650  0.752472  0.751031  0.513054  0.360869  0.496952  0.570126  0.740080  0.548225  0.759518  0.619780  0.385870  0.626322  0.629756  0.460021  0.633791  0.729299  0.488637  0.533593  0.554108  0.769548  0.729479  0.513569  0.796738  0.384979  0.785865 
40  0.175855  0.137004  0.309133  0.196190  0.282813  0.216179  0.336738  0.282953  0.161769  0.776418  0.319010  0.466562  0.164540  0.469051  0.307652  0.407553  0.428635  0.547899  0.193247  0.433723  0.298621  0.547090  0.153733  0.310386  0.615576  0.434051  0.539317  0.339337  0.501608  0.124231  0.306963  0.406478  0.118906  0.461061  0.435265  0.519350  0.680947  0.420361  0.367718  0.160688 0.0  0.084024  0.622421  0.146637  0.207195  0.215223  0.319704  0.304093  0.347263  0.513063  0.381752  0.262688  0.302473  0.624106  0.564311  0.114369  0.258832  0.516713  0.284219  0.244778  0.249822  0.292783  0.427390  0.521969  0.673762  0.850652  0.327066  0.257214  0.257315  0.434160  0.563044  0.453390  0.652206  0.327959  0.261046  0.450970  0.557565  0.424795  0.437824  0.428328  0.384524  0.509683  0.375769  0.626813  0.698746  0.441741  0.598933  0.318924  0.603898 
41  0.276544  0.089188  0.352371  0.314510  0.269795  0.391837  0.290866  0.319257  0.116685  0.626155  0.297632  0.503211  0.084024  0.545607  0.247895  0.412633  0.491535  0.491757  0.414132  0.374275  0.368984  0.586648  0.337297  0.308378  0.712852  0.356278  0.523243  0.478162  0.651141  0.139066  0.205234  0.289327  0.217313  0.349582  0.396802  0.493673  0.550544  0.357808  0.084024  0.183568  0.084024 0.0  0.538425  0.084024  0.170477  0.279324  0.427042  0.236051  0.320399  0.434531  0.379831  0.219431  0.152861  0.586743  0.576814  0.209272  0.320878  0.429623  0.213081  0.212663  0.365657  0.291993  0.341546  0.599061  0.656369  0.622536  0.236078  0.324219  0.261112  0.431474  0.635508  0.376878  0.653205  0.449420  0.159406  0.432776  0.423181  0.306103  0.547659  0.384441  0.444717  0.307020  0.317233  0.631403  0.583063  0.526340  0.598045  0.275802  0.646765 
42  0.402114  0.636026  0.523000  0.547306  0.408078  0.432305  0.559287  0.532799  0.641076  0.229563  0.485247  0.206356  0.533401  0.317845  0.513143  0.277935  0.831054  0.352860  0.476752  0.273512  0.478810  0.305552  0.510101  0.459796  0.180319  0.342983  0.987819  0.289875  0.103314  0.587744  0.536893  0.405913  0.658366  0.546745  0.327217  0.224925  0.091564  0.484900  0.598931  0.721423  0.622421  0.538425 0.0  0.672948  0.570838  0.705135  0.364225  0.547648  0.667869  0.148961  0.585458  0.400778  0.481590  0.751696  0.084024  0.724160  0.407952  0.380175  0.456431  0.690673  0.447618  0.523962  0.324894  0.184860  0.174733  0.084024  0.638005  0.549532  0.503988  0.581332  0.221258  0.317048  0.165577  0.280614  0.497954  0.337189  0.277421  0.422052  0.222272  0.445635  0.325509  0.386085  0.336153  0.144042  0.133884  0.231499  0.172514  0.697253  0.183795 
43  0.269659  0.084024  0.306107  0.225252  0.246497  0.379541  0.183951  0.218965  0.156897  0.615690  0.424620  0.576139  0.105485  0.563053  0.125938  0.428482  0.434411  0.437296  0.338405  0.295623  0.359086  0.713598  0.389830  0.271900  0.634312  0.440077  0.563887  0.305263  0.615485  0.224230  0.262801  0.326562  0.084024  0.394343  0.464136  0.492808  0.682004  0.453234  0.215751  0.186535  0.146637  0.084024  0.672948 0.0  0.212543  0.263768  0.299886  0.227176  0.318471  0.471420  0.210328  0.230725  0.342439  0.473285  0.563306  0.109444  0.219033  0.363721  0.196304  0.179220  0.285560  0.281672  0.404420  0.732865  0.802800  0.754650  0.287760  0.253975  0.277585  0.362622  0.626512  0.483936  0.530132  0.306664  0.224728  0.495803  0.601460  0.330590  0.448505  0.384426  0.407051  0.312651  0.324482  0.682617  0.577091  0.450423  0.601480  0.236264  0.558068 
44  0.156688  0.294141  0.307745  0.129871  0.207446  0.257357  0.158415  0.165044  0.341550  0.547207  0.245511  0.292751  0.198669  0.357899  0.203127  0.274558  0.523344  0.271799  0.177803  0.219626  0.267224  0.368314  0.274177  0.213922  0.386050  0.362719  0.675277  0.275388  0.501223  0.261048  0.265747  0.182086  0.177693  0.358309  0.181158  0.378003  0.482411  0.298259  0.132682  0.287383  0.207195  0.170477  0.570838  0.212543 0.0  0.356101  0.269274  0.138638  0.167673  0.422639  0.164812  0.181095  0.084024  0.508636  0.461800  0.318640  0.276838  0.316725  0.198088  0.260914  0.124270  0.166902  0.341939  0.510165  0.461050  0.459222  0.290819  0.132024  0.229731  0.293374  0.350500  0.269221  0.479028  0.224589  0.242308  0.341693  0.402389  0.179850  0.330686  0.280278  0.230351  0.271883  0.299701  0.515428  0.473869  0.252636  0.469167  0.477382  0.562426 
