89
0 0.0  0.240932  0.189596  0.113301  0.135113  0.245239  0.204371  0.180552  0.306406  0.508476  0.157638  0.345135  0.197141  0.351221  0.104691  0.268110  0.504518  0.290437  0.162080  0.230646  0.149480  0.388521  0.149662  0.169257  0.488687  0.282202  0.572558  0.266870  0.446485  0.252766  0.142185  0.156367  0.265905  0.262877  0.275157  0.376346  0.441425  0.270056  0.146343  0.420357  0.260154  0.267583  0.538958  0.238370  0.161263  0.223118  0.235977  0.166474  0.108109  0.380379  0.168609  0.115416  0.154794  0.435559  0.363829  0.178950  0.157856  0.274573  0.102703  0.095052  0.114752  0.174420  0.286591  0.409350  0.480196  0.461142  0.241860  0.151718  0.160058  0.288242  0.435955  0.273379  0.502246  0.254393  0.122293  0.288038  0.405577  0.157700  0.361542  0.272058  0.262808  0.210925  0.201198  0.466280  0.461469  0.304034  0.500051  0.301045  0.389276 
1  0.240932 0.0  0.227572  0.228746  0.298005  0.353750  0.182703  0.275032  0.139723  0.668825  0.236950  0.487793  0.165443  0.497712  0.225423  0.376949  0.359584  0.434106  0.305601  0.401451  0.265495  0.531838  0.292050  0.298371  0.562634  0.468364  0.451942  0.437691  0.586777  0.111791  0.187270  0.279322  0.151600  0.312023  0.367209  0.497079  0.547917  0.331600  0.256334  0.280438  0.192814  0.172403  0.657382  0.151668  0.220224  0.158613  0.369867  0.188765  0.259373  0.396362  0.270601  0.262254  0.222186  0.444709  0.493483  0.135395  0.270502  0.411726  0.201147  0.226564  0.205362  0.204102  0.437123  0.602792  0.623246  0.625143  0.250381  0.219235  0.252594  0.273136  0.586268  0.376122  0.554510  0.406235  0.204635  0.372790  0.582453  0.308193  0.498759  0.390989  0.375377  0.335969  0.297613  0.603097  0.678687  0.396596  0.484447  0.193455  0.576322 
2  0.189596  0.227572 0.0  0.180349  0.177021  0.274247  0.124248  0.280339  0.260686  0.644847  0.188112  0.348777  0.236147  0.501435  0.180173  0.335451  0.438400  0.384005  0.250589  0.309399  0.145860  0.444909  0.167194  0.331867  0.594562  0.420275  0.451710  0.408538  0.505670  0.224851  0.147826  0.237854  0.306020  0.211294  0.340422  0.432497  0.484861  0.216456  0.242814  0.385022  0.316374  0.288499  0.469320  0.242909  0.239755  0.145782  0.303485  0.121112  0.180917  0.432370  0.151511  0.220312  0.241944  0.315526  0.492772  0.164978  0.177608  0.346208  0.194863  0.194877  0.146310  0.104012  0.357428  0.525937  0.594521  0.508706  0.138602  0.241623  0.116501  0.207227  0.408041  0.370663  0.579309  0.372393  0.221177  0.311873  0.442578  0.211052  0.324543  0.275322  0.325486  0.239954  0.210791  0.530751  0.577764  0.333822  0.484531  0.200640  0.482043 
3  0.113301  0.228746  0.180349 0.0  0.121823  0.231862  0.203608  0.186301  0.299601  0.453530  0.134967  0.315779  0.232893  0.425352  0.095706  0.263418  0.436402  0.284719  0.180412  0.214104  0.136772  0.419237  0.124849  0.188663  0.477165  0.319129  0.445538  0.270431  0.450619  0.258173  0.151078  0.168596  0.246937  0.228252  0.272675  0.297427  0.402921  0.238806  0.161565  0.445309  0.289658  0.261991  0.499625  0.281544  0.203938  0.205917  0.213580  0.176067  0.098651  0.301283  0.148371  0.112945  0.181113  0.490519  0.381316  0.203130  0.131081  0.263484  0.123232  0.120256  0.108984  0.183565  0.271330  0.466683  0.543872  0.502956  0.204753  0.167029  0.149992  0.234843  0.366219  0.263180  0.417926  0.278617  0.147426  0.258264  0.326486  0.142393  0.322505  0.249775  0.261682  0.192263  0.195489  0.432894  0.459680  0.259512  0.414045  0.281038  0.434375 
4  0.135113  0.298005  0.177021  0.121823 0.0  0.202201  0.222747  0.195093  0.309678  0.425114  0.118243  0.302554  0.237176  0.403290  0.125055  0.225469  0.506264  0.271703  0.165847  0.201498  0.142813  0.391641  0.112509  0.144244  0.455512  0.274055  0.538336  0.272708  0.360877  0.297344  0.168854  0.141647  0.272501  0.207831  0.245465  0.309712  0.399541  0.207966  0.160839  0.404641  0.325584  0.316903  0.392080  0.265589  0.187301  0.214857  0.195571  0.165131  0.108932  0.284418  0.149935  0.113606  0.205060  0.379728  0.358009  0.221827  0.113229  0.244833  0.143130  0.137436  0.135807  0.200557  0.244677  0.515199  0.484188  0.494920  0.240470  0.178345  0.148478  0.280667  0.366706  0.224188  0.470820  0.228945  0.168448  0.237806  0.356353  0.123618  0.276295  0.228654  0.229283  0.167736  0.158233  0.403354  0.456019  0.243378  0.358235  0.331990  0.405689 
5  0.245239  0.353750  0.274247  0.231862  0.202201 0.0  0.371041  0.203375  0.402002  0.298560  0.235760  0.154354  0.333232  0.212157  0.240252  0.101052  0.669492  0.145804  0.146291  0.099763  0.227579  0.239129  0.263157  0.155161  0.324366  0.152402  0.747707  0.118846  0.288811  0.438490  0.290626  0.167162  0.358490  0.338722  0.107672  0.184430  0.321980  0.288514  0.211208  0.525205  0.391820  0.426053  0.342221  0.368779  0.263994  0.419793  0.113722  0.353462  0.238905  0.188521  0.286639  0.225195  0.234481  0.622412  0.284682  0.322433  0.225247  0.128636  0.239609  0.211570  0.236769  0.322258  0.115531  0.292306  0.386450  0.327810  0.341571  0.239938  0.261719  0.342542  0.294382  0.104181  0.289221  0.143277  0.254192  0.136225  0.236280  0.184320  0.169330  0.121854  0.107289  0.193056  0.194345  0.352889  0.301359  0.151978  0.302882  0.406674  0.282693 
6  0.204371  0.182703  0.124248  0.203608  0.222747  0.371041 0.0  0.251083  0.215399  0.445294  0.222760  0.422375  0.229838  0.513805  0.204612  0.346807  0.399866  0.373817  0.335823  0.380919  0.189305  0.418809  0.206298  0.305425  0.519984  0.377477  0.484811  0.391136  0.507386  0.184265  0.161877  0.285622  0.244915  0.222432  0.360858  0.521581  0.510852  0.237808  0.259302  0.418500  0.308909  0.274724  0.632629  0.228378  0.256473  0.112249  0.331775  0.131379  0.197218  0.470722  0.172773  0.218184  0.238507  0.354425  0.484355  0.138570  0.216666  0.354109  0.196483  0.221689  0.183079  0.116317  0.367007  0.537487  0.558629  0.600658  0.140910  0.219859  0.142261  0.229665  0.440730  0.326710  0.473450  0.373885  0.214200  0.350040  0.482778  0.245395  0.427394  0.385523  0.377960  0.295776  0.283701  0.501130  0.625291  0.364489  0.594565  0.182762  0.575798 
7  0.180552  0.275032  0.280339  0.186301  0.195093  0.203375  0.251083 0.0  0.266535  0.581952  0.268951  0.303581  0.170341  0.447922  0.199034  0.231782  0.476636  0.339325  0.197299  0.214973  0.215653  0.392309  0.194503  0.182598  0.491138  0.296071  0.614499  0.249117  0.427798  0.285868  0.199162  0.187194  0.206372  0.373939  0.249333  0.346041  0.453700  0.387918  0.130521  0.377396  0.239739  0.225073  0.448749  0.230389  0.119215  0.266837  0.213151  0.226125  0.178113  0.369861  0.257524  0.180792  0.112188  0.575903  0.414547  0.223952  0.222771  0.266321  0.171045  0.175955  0.200502  0.246938  0.258332  0.455362  0.577641  0.374731  0.335810  0.128468  0.225759  0.338414  0.420428  0.224280  0.428642  0.264710  0.143823  0.294740  0.407634  0.212758  0.305418  0.275225  0.230201  0.243624  0.272119  0.536021  0.461920  0.284816  0.453089  0.331017  0.525454 
8  0.306406  0.139723  0.260686  0.299601  0.309678  0.402002  0.215399  0.266535 0.0  0.818320  0.331548  0.489440  0.179027  0.551163  0.291708  0.384366  0.389939  0.348824  0.322751  0.345281  0.315063  0.601555  0.329022  0.311631  0.683895  0.480754  0.423929  0.424808  0.630664  0.150114  0.221775  0.316101  0.153879  0.345043  0.397324  0.528230  0.652056  0.398941  0.293387  0.231176  0.162682  0.151519  0.686990  0.126958  0.237714  0.181654  0.405348  0.261179  0.303971  0.523659  0.318118  0.266989  0.251953  0.500577  0.599749  0.189634  0.313580  0.428917  0.260158  0.259381  0.278744  0.219177  0.405377  0.616845  0.665651  0.617595  0.270095  0.244605  0.284477  0.363221  0.552003  0.436107  0.528907  0.401031  0.247117  0.401351  0.669949  0.361315  0.527489  0.361559  0.356697  0.428035  0.325358  0.670201  0.709475  0.512610  0.606079  0.208589  0.583753 
9  0.508476  0.668825  0.644847  0.453530  0.425114  0.298560  0.445294  0.581952  0.818320 0.0  0.527450  0.324362  0.690055  0.241762  0.533983  0.316219  0.762157  0.335680  0.418211  0.396599  0.493535  0.226870  0.491118  0.484628  0.149358  0.342670  0.769473  0.331414  0.217619  0.668849  0.499897  0.469951  0.643599  0.502048  0.362707  0.297957  0.178077  0.446662  0.554324  0.768913  0.627173  0.675141  0.129920  0.705748  0.530413  0.515044  0.385662  0.635298  0.439940  0.275100  0.492096  0.478989  0.511328  0.678338  0.200254  0.608206  0.488980  0.302456  0.583986  0.480225  0.579529  0.611248  0.370142  0.164942  0.096489  0.133653  0.506869  0.461274  0.545064  0.638257  0.205762  0.334514  0.148971  0.383423  0.509009  0.348816  0.217082  0.440975  0.284066  0.340333  0.356935  0.368584  0.389859  0.154963  0.152455  0.356642  0.162034  0.798096  0.167719 
10  0.157638  0.236950  0.188112  0.134967  0.118243  0.235760  0.222760  0.268951  0.331548  0.527450 0.0  0.286394  0.243378  0.348114  0.133370  0.267518  0.485380  0.294911  0.182893  0.234408  0.116632  0.427677  0.097237  0.194184  0.404280  0.272702  0.573856  0.267376  0.474063  0.285458  0.172315  0.186074  0.297166  0.196981  0.246729  0.275623  0.444863  0.190791  0.189309  0.411921  0.312221  0.348670  0.484396  0.294329  0.233537  0.239508  0.219943  0.175339  0.131784  0.265905  0.118935  0.141120  0.232063  0.421063  0.317054  0.244200  0.093186  0.299837  0.172387  0.164915  0.127653  0.187136  0.280061  0.426444  0.527762  0.420962  0.206251  0.201030  0.147577  0.272629  0.350261  0.215680  0.334351  0.279050  0.191889  0.249575  0.382264  0.134909  0.330979  0.248374  0.256809  0.164013  0.160440  0.476514  0.422623  0.277543  0.443162  0.321126  0.374254 
11  0.345135  0.487793  0.348777  0.315779  0.302554  0.154354  0.422375  0.303581  0.489440  0.324362  0.286394 0.0  0.427758  0.175953  0.358005  0.158509  0.586821  0.116205  0.236913  0.184262  0.322280  0.182116  0.267360  0.246456  0.236592  0.102223  0.730650  0.150962  0.183736  0.441570  0.373898  0.268543  0.433326  0.366644  0.151949  0.112880  0.224645  0.352523  0.303704  0.540046  0.570315  0.490647  0.257656  0.449926  0.333591  0.425035  0.195473  0.370863  0.288953  0.112863  0.352690  0.262235  0.315533  0.639033  0.165857  0.422844  0.296983  0.125414  0.327004  0.361784  0.371479  0.372898  0.147266  0.219480  0.255306  0.270461  0.425123  0.294011  0.329342  0.439336  0.180119  0.150178  0.233971  0.124964  0.324197  0.140516  0.183196  0.258789  0.093743  0.138702  0.154672  0.241262  0.269451  0.272394  0.239372  0.123335  0.250918  0.495867  0.184343 
12  0.197141  0.165443  0.236147  0.232893  0.237176  0.333232  0.229838  0.170341  0.179027  0.690055  0.243378  0.427758 0.0  0.499832  0.232231  0.365157  0.440585  0.337729  0.249728  0.311428  0.256010  0.422656  0.265184  0.238436  0.498032  0.326023  0.452805  0.331002  0.555090  0.210402  0.214035  0.221886  0.122403  0.349135  0.307887  0.422885  0.525910  0.363221  0.183250  0.310662  0.164786  0.135816  0.498125  0.145057  0.157376  0.200556  0.280004  0.219310  0.229624  0.352504  0.284117  0.227330  0.162924  0.497990  0.497412  0.175894  0.261424  0.368816  0.182978  0.203457  0.219972  0.240974  0.331967  0.563968  0.546264  0.531893  0.241404  0.181987  0.244500  0.388455  0.494824  0.357123  0.497870  0.348060  0.177232  0.318340  0.425454  0.248534  0.444996  0.354365  0.304834  0.303300  0.320566  0.566294  0.570121  0.408367  0.531214  0.237061  0.517225 
13  0.351221  0.497712  0.501435  0.425352  0.403290  0.212157  0.513805  0.447922  0.551163  0.241762  0.348114  0.175953  0.499832 0.0  0.372426  0.213258  0.754499  0.195818  0.314040  0.245335  0.439061  0.100295  0.415746  0.320526  0.168397  0.173999  0.924691  0.230556  0.118950  0.565388  0.460447  0.307571  0.449397  0.498379  0.231565  0.143380  0.146029  0.408400  0.403021  0.631332  0.519936  0.581786  0.186503  0.536851  0.388253  0.488162  0.239793  0.456564  0.344966  0.168806  0.367855  0.333742  0.379641  0.672669  0.104722  0.499971  0.363189  0.202018  0.440627  0.431692  0.473940  0.395080  0.238557  0.152174  0.221599  0.168785  0.520757  0.413700  0.484015  0.431848  0.109538  0.215344  0.160426  0.186008  0.405834  0.251808  0.142688  0.314931  0.164774  0.217555  0.212080  0.308009  0.325432  0.181298  0.190301  0.204967  0.160234  0.531268  0.140949 
14  0.104691  0.225423  0.180173  0.095706  0.125055  0.240252  0.204612  0.199034  0.291708  0.533983  0.133370  0.358005  0.232231  0.372426 0.0  0.229280  0.471374  0.307010  0.190604  0.222046  0.141928  0.395273  0.134615  0.174347  0.411373  0.313560  0.507698  0.262305  0.414077  0.256034  0.142261  0.166880  0.262945  0.220551  0.253314  0.340825  0.446283  0.212909  0.161467  0.416115  0.284297  0.249629  0.485683  0.249626  0.180934  0.239575  0.222207  0.150576  0.101650  0.355270  0.143847  0.111920  0.172095  0.406176  0.333685  0.195851  0.145833  0.277739  0.120513  0.115320  0.111538  0.167072  0.272950  0.480255  0.435523  0.486476  0.229353  0.164496  0.150902  0.272879  0.383821  0.290325  0.406301  0.264117  0.133891  0.270703  0.304308  0.150714  0.279511  0.270428  0.264777  0.187701  0.196114  0.479133  0.513639  0.269205  0.487941  0.272180  0.405297 
15  0.268110  0.376949  0.335451  0.263418  0.225469  0.101052  0.346807  0.231782  0.384366  0.316219  0.267518  0.158509  0.365157  0.213258  0.229280 0.0  0.683544  0.134988  0.156847  0.110124  0.245357  0.251370  0.226073  0.169925  0.355506  0.152067  0.713127  0.105709  0.269537  0.424723  0.303141  0.188088  0.346102  0.290054  0.100402  0.174767  0.278757  0.334296  0.225262  0.475021  0.414855  0.360841  0.303986  0.340356  0.228789  0.371953  0.137830  0.319934  0.237473  0.156043  0.286405  0.227064  0.253700  0.480885  0.268117  0.319897  0.225901  0.119225  0.248803  0.231685  0.276334  0.348780  0.105545  0.283647  0.348944  0.355276  0.462373  0.241051  0.264953  0.394895  0.246331  0.107403  0.267216  0.122855  0.239885  0.121198  0.250967  0.198745  0.169433  0.111715  0.100623  0.190374  0.217377  0.255252  0.283971  0.138786  0.295446  0.405833  0.257754 
16  0.504518  0.359584  0.438400  0.436402  0.506264  0.669492  0.399866  0.476636  0.389939  0.762157  0.485380  0.586821  0.440585  0.754499  0.471374  0.683544 0.0  0.685598  0.612279  0.498907  0.429839  0.704446  0.550532  0.566677  0.937720  0.601103  0.179468  0.657289  0.874790  0.328116  0.433662  0.538434  0.439948  0.460866  0.578484  0.601996  0.844589  0.485791  0.482907  0.489068  0.421615  0.420737  0.811631  0.407396  0.512022  0.322238  0.652269  0.414119  0.421285  0.748953  0.430781  0.480871  0.455825  0.382216  0.794072  0.392465  0.533148  0.657044  0.428918  0.437844  0.449828  0.364012  0.710229  0.824783  0.883169  0.937686  0.338366  0.545242  0.456805  0.417642  0.689607  0.563415  0.858542  0.675577  0.405296  0.681317  0.772277  0.532637  0.617772  0.561916  0.618259  0.611439  0.559078  0.857522  0.902311  0.632160  0.839816  0.268771  0.862437 
17  0.290437  0.434106  0.384005  0.284719  0.271703  0.145804  0.373817  0.339325  0.348824  0.335680  0.294911  0.116205  0.337729  0.195818  0.307010  0.134988  0.685598 0.0  0.217378  0.158954  0.350709  0.203273  0.270353  0.216880  0.264344  0.110336  0.701356  0.115620  0.211312  0.497962  0.334751  0.229714  0.354079  0.386274  0.119090  0.142389  0.239515  0.355174  0.259169  0.583286  0.427514  0.349338  0.287019  0.456777  0.299507  0.420222  0.161944  0.335915  0.258514  0.129284  0.327261  0.277437  0.303002  0.654587  0.200578  0.401384  0.274593  0.104742  0.297771  0.273231  0.289253  0.402404  0.118015  0.247814  0.337767  0.264816  0.444113  0.286605  0.375560  0.429399  0.206977  0.126420  0.235050  0.100993  0.303645  0.131962  0.195081  0.225911  0.127265  0.115772  0.121051  0.221167  0.221581  0.277841  0.273577  0.125388  0.263136  0.501309  0.230093 
18  0.162080  0.305601  0.250589  0.180412  0.165847  0.146291  0.335823  0.197299  0.322751  0.418211  0.182893  0.236913  0.249728  0.314040  0.190604  0.156847  0.612279  0.217378 0.0  0.142843  0.222083  0.333296  0.185874  0.100087  0.408971  0.223188  0.659314  0.181005  0.362636  0.317866  0.240629  0.112392  0.320168  0.311704  0.169651  0.278729  0.352981  0.295640  0.150830  0.502168  0.324774  0.326581  0.389867  0.313596  0.193237  0.292848  0.130626  0.257412  0.173213  0.223119  0.212462  0.161594  0.174372  0.538587  0.371493  0.279150  0.199718  0.176890  0.192559  0.178669  0.184337  0.279786  0.184503  0.363905  0.414229  0.398149  0.317756  0.166324  0.223392  0.344167  0.311670  0.187985  0.301586  0.183394  0.177358  0.178110  0.291579  0.135840  0.202966  0.189854  0.166164  0.177557  0.181836  0.362226  0.324361  0.168738  0.381859  0.360761  0.421300 
19  0.230646  0.401451  0.309399  0.214104  0.201498  0.099763  0.380919  0.214973  0.345281  0.396599  0.234408  0.184262  0.311428  0.245335  0.222046  0.110124  0.498907  0.158954  0.142843 0.0  0.269734  0.271358  0.224619  0.151841  0.363787  0.170782  0.675095  0.131319  0.312397  0.420576  0.321927  0.157445  0.299415  0.327709  0.120671  0.194637  0.337886  0.294219  0.187091  0.430061  0.351007  0.416432  0.371029  0.366603  0.254321  0.338979  0.108653  0.286534  0.229645  0.198764  0.303368  0.205145  0.221551  0.504669  0.288299  0.344561  0.214704  0.139915  0.232871  0.232621  0.230295  0.319499  0.132246  0.262234  0.413890  0.324265  0.366960  0.218150  0.277235  0.395266  0.251273  0.125618  0.324538  0.140387  0.215924  0.137849  0.286547  0.167617  0.189452  0.134388  0.123687  0.173675  0.193014  0.327266  0.325809  0.169204  0.324161  0.373230  0.305407 
20  0.149480  0.265495  0.145860  0.136772  0.142813  0.227579  0.189305  0.215653  0.315063  0.493535  0.116632  0.322280  0.256010  0.439061  0.141928  0.245357  0.429839  0.350709  0.222083  0.269734 0.0  0.455557  0.117288  0.212496  0.478715  0.302927  0.546077  0.282586  0.388772  0.273133  0.172166  0.194003  0.245752  0.170852  0.246447  0.331640  0.449748  0.186527  0.212390  0.430645  0.353565  0.321435  0.443799  0.284277  0.218360  0.220019  0.239633  0.172666  0.138070  0.333292  0.102773  0.154903  0.222952  0.433871  0.442941  0.240315  0.113818  0.232562  0.175624  0.171995  0.117866  0.167122  0.299719  0.344024  0.474218  0.415180  0.186042  0.211741  0.124303  0.211242  0.392425  0.241981  0.409109  0.347749  0.203175  0.310229  0.370448  0.165732  0.320679  0.270927  0.254030  0.197985  0.204004  0.489470  0.467289  0.300213  0.422181  0.251005  0.428624 
21  0.388521  0.531838  0.444909  0.419237  0.391641  0.239129  0.418809  0.392309  0.601555  0.226870  0.427677  0.182116  0.422656  0.100295  0.395273  0.251370  0.704446  0.203273  0.333296  0.271358  0.455557 0.0  0.425298  0.306018  0.154569  0.184580  0.785346  0.240194  0.117096  0.634422  0.531672  0.369814  0.532022  0.498941  0.251397  0.170593  0.138109  0.398846  0.388897  0.566423  0.612580  0.592218  0.176641  0.519809  0.426374  0.495721  0.260858  0.377918  0.396187  0.161146  0.412798  0.398442  0.447486  0.774414  0.096257  0.463000  0.355728  0.216952  0.422907  0.430451  0.411003  0.489036  0.210576  0.139149  0.202395  0.170180  0.529933  0.406407  0.473358  0.508781  0.100172  0.259350  0.152092  0.224128  0.390351  0.232537  0.151937  0.348269  0.164416  0.234566  0.244743  0.318642  0.305568  0.153241  0.148945  0.214269  0.168875  0.655118  0.134256 
22  0.149662  0.292050  0.167194  0.124849  0.112509  0.263157  0.206298  0.194503  0.329022  0.491118  0.097237  0.267360  0.265184  0.415746  0.134615  0.226073  0.550532  0.270353  0.185874  0.224619  0.117288  0.425298 0.0  0.180384  0.468920  0.276692  0.544848  0.267114  0.367540  0.292093  0.173637  0.166047  0.291160  0.183948  0.255405  0.285364  0.370536  0.220108  0.195178  0.475779  0.322397  0.333360  0.495091  0.277262  0.247659  0.222624  0.218778  0.162528  0.124507  0.280853  0.123232  0.133922  0.202167  0.401519  0.363826  0.229805  0.098922  0.227172  0.153863  0.158097  0.122387  0.192673  0.242438  0.463384  0.399885  0.493145  0.218545  0.216438  0.150003  0.231782  0.381599  0.237821  0.414570  0.295633  0.163284  0.233401  0.389044  0.145864  0.319820  0.289045  0.253697  0.165742  0.156917  0.378141  0.437246  0.259217  0.444192  0.284088  0.392871 
23  0.169257  0.298371  0.331867  0.188663  0.144244  0.155161  0.305425  0.182598  0.311631  0.484628  0.194184  0.246456  0.238436  0.320526  0.174347  0.169925  0.566677  0.216880  0.100087  0.151841  0.212496  0.306018  0.180384 0.0  0.406729  0.224720  0.643339  0.196238  0.310424  0.269598  0.229290  0.117008  0.284875  0.279417  0.176410  0.246642  0.368086  0.271959  0.144883  0.443492  0.295630  0.309977  0.428130  0.282159  0.176357  0.298410  0.143411  0.258059  0.173692  0.267598  0.249473  0.152610  0.172868  0.477798  0.324378  0.259923  0.192446  0.226067  0.181133  0.164737  0.214626  0.238810  0.189450  0.314189  0.408202  0.400483  0.311420  0.155510  0.225280  0.324336  0.338200  0.154527  0.386167  0.204084  0.170236  0.183145  0.327910  0.140950  0.240094  0.198022  0.171438  0.192627  0.184384  0.411199  0.409627  0.199520  0.421759  0.415731  0.392212 
24  0.488687  0.562634  0.594562  0.477165  0.455512  0.324366  0.519984  0.491138  0.683895  0.149358  0.404280  0.236592  0.498032  0.168397  0.411373  0.355506  0.937720  0.264344  0.408971  0.363787  0.478715  0.154569  0.468920  0.406729 0.0  0.253991  0.840820  0.293271  0.138618  0.610048  0.456207  0.381059  0.563727  0.520389  0.313786  0.255873  0.118856  0.424682  0.432466  0.693480  0.486700  0.525575  0.131926  0.627314  0.517809  0.581291  0.320938  0.549236  0.443428  0.233517  0.427682  0.392195  0.502106  0.613632  0.162211  0.560660  0.446146  0.261235  0.530916  0.447576  0.445729  0.534194  0.304518  0.123398  0.143235  0.096522  0.632056  0.448482  0.484920  0.575538  0.156627  0.313975  0.110199  0.271879  0.400419  0.288703  0.170081  0.483299  0.247185  0.277565  0.315176  0.311444  0.406607  0.094054  0.094046  0.254472  0.101447  0.630400  0.120598 
25  0.282202  0.468364  0.420275  0.319129  0.274055  0.152402  0.377477  0.296071  0.480754  0.342670  0.272702  0.102223  0.326023  0.173999  0.313560  0.152067  0.601103  0.110336  0.223188  0.170782  0.302927  0.184580  0.276692  0.224720  0.253991 0.0  0.899179  0.133460  0.217554  0.447171  0.325122  0.264412  0.377145  0.411736  0.136351  0.121915  0.240775  0.343748  0.292086  0.571828  0.424290  0.443684  0.274187  0.450331  0.320430  0.409270  0.177687  0.349190  0.300892  0.118277  0.342795  0.319286  0.314761  0.590777  0.202988  0.383466  0.276582  0.120545  0.295187  0.337859  0.326111  0.409492  0.126532  0.254588  0.312519  0.250509  0.394486  0.306680  0.337631  0.418427  0.201843  0.143050  0.227141  0.109332  0.307854  0.127706  0.201415  0.245733  0.107818  0.124438  0.134620  0.212409  0.250371  0.255539  0.230276  0.126443  0.267093  0.476474  0.207723 
26  0.572558  0.451942  0.451710  0.445538  0.538336  0.747707  0.484811  0.614499  0.423929  0.769473  0.573856  0.730650  0.452805  0.924691  0.507698  0.713127  0.179468  0.701356  0.659314  0.675095  0.546077  0.785346  0.544848  0.643339  0.840820  0.899179 0.0  0.598477  1.000000  0.444124  0.477552  0.634784  0.445374  0.560515  0.698970  0.674852  0.802476  0.460749  0.601274  0.481326  0.517809  0.547352  0.856546  0.496780  0.562949  0.392558  0.655981  0.484188  0.557817  0.779603  0.516122  0.542253  0.638306  0.300011  0.787775  0.450273  0.536457  0.723808  0.585503  0.559913  0.450845  0.405789  0.675413  0.890521  0.809595  0.659739  0.456344  0.629658  0.534880  0.385532  0.733563  0.665581  0.932488  0.737555  0.520018  0.552826  0.715865  0.464068  0.777247  0.645143  0.616155  0.631129  0.619331  0.808215  0.875906  0.679442  0.848448  0.368760  0.886967 
27  0.266870  0.437691  0.408538  0.270431  0.272708  0.118846  0.391136  0.249117  0.424808  0.331414  0.267376  0.150962  0.331002  0.230556  0.262305  0.105709  0.657289  0.115620  0.181005  0.131319  0.282586  0.240194  0.267114  0.196238  0.293271  0.133460  0.598477 0.0  0.260361  0.404872  0.311250  0.187260  0.379694  0.315702  0.103801  0.172712  0.249553  0.308998  0.238463  0.549639  0.384826  0.424101  0.302854  0.383901  0.265577  0.342833  0.147756  0.338534  0.249493  0.150851  0.294036  0.227410  0.259179  0.603637  0.240735  0.379339  0.254870  0.105113  0.267571  0.270456  0.270617  0.322914  0.091662  0.282920  0.309678  0.324068  0.381845  0.215016  0.353840  0.447667  0.248610  0.110544  0.263127  0.112889  0.272011  0.120805  0.239404  0.220450  0.154849  0.100622  0.103125  0.189438  0.222064  0.255716  0.311352  0.133078  0.291151  0.466628  0.270415 
28  0.446485  0.586777  0.505670  0.450619  0.360877  0.288811  0.507386  0.427798  0.630664  0.217619  0.474063  0.183736  0.555090  0.118950  0.414077  0.269537  0.874790  0.211312  0.362636  0.312397  0.388772  0.117096  0.367540  0.310424  0.138618  0.217554  1.000000  0.260361 0.0  0.622125  0.446090  0.312293  0.512138  0.443657  0.243818  0.171726  0.112651  0.457197  0.416765  0.698673  0.577802  0.485262  0.148280  0.526793  0.507596  0.593611  0.291329  0.416628  0.409357  0.189486  0.419792  0.390054  0.389724  0.773137  0.107608  0.455903  0.413282  0.226728  0.474003  0.412082  0.451738  0.479724  0.227277  0.116124  0.186127  0.154919  0.559015  0.399392  0.470567  0.496492  0.102963  0.234719  0.127378  0.224934  0.465112  0.262713  0.148835  0.326924  0.211152  0.256826  0.259837  0.324682  0.313562  0.142786  0.144158  0.246556  0.137192  0.643192  0.111499 
29  0.252766  0.111791  0.224851  0.258173  0.297344  0.438490  0.184265  0.285868  0.150114  0.668849  0.285458  0.441570  0.210402  0.565388  0.256034  0.424723  0.328116  0.497962  0.317866  0.420576  0.273133  0.634422  0.292093  0.269598  0.610048  0.447171  0.444124  0.404872  0.622125 0.0  0.199295  0.290854  0.190030  0.291108  0.418746  0.441815  0.597689  0.338337  0.286851  0.308558  0.199293  0.210824  0.757238  0.165189  0.252717  0.163344  0.347265  0.211275  0.266101  0.403682  0.229066  0.292479  0.277005  0.408896  0.483587  0.148521  0.304155  0.440130  0.242916  0.242149  0.272598  0.220262  0.406867  0.615850  0.636869  0.601518  0.195225  0.274685  0.225176  0.315504  0.597776  0.442349  0.567661  0.448346  0.238038  0.385386  0.486304  0.286791  0.545196  0.502277  0.429688  0.355291  0.352775  0.529939  0.601501  0.402507  0.610569  0.170113  0.588631 
30  0.142185  0.187270  0.147826  0.151078  0.168854  0.290626  0.161877  0.199162  0.221775  0.499897  0.172315  0.373898  0.214035  0.460447  0.142261  0.303141  0.433662  0.334751  0.240629  0.321927  0.172166  0.531672  0.173637  0.229290  0.456207  0.325122  0.477552  0.311250  0.446090  0.199295 0.0  0.191313  0.206498  0.205188  0.308922  0.377401  0.493347  0.235737  0.181774  0.389925  0.262481  0.226771  0.448249  0.221278  0.190764  0.151271  0.271236  0.110332  0.150928  0.385007  0.166531  0.155715  0.196356  0.341825  0.480481  0.146134  0.157176  0.332107  0.146116  0.149764  0.145881  0.149827  0.296861  0.419237  0.501015  0.548476  0.186601  0.181287  0.133245  0.278737  0.493385  0.297543  0.470332  0.304893  0.164483  0.310604  0.409602  0.193947  0.346826  0.291470  0.321326  0.245488  0.249164  0.535999  0.560845  0.315902  0.485149  0.240213  0.481464 
31  0.156367  0.279322  0.237854  0.168596  0.141647  0.167162  0.285622  0.187194  0.316101  0.469951  0.186074  0.268543  0.221886  0.307571  0.166880  0.188088  0.538434  0.229714  0.112392  0.157445  0.194003  0.369814  0.166047  0.117008  0.381059  0.264412  0.634784  0.187260  0.312293  0.290854  0.191313 0.0  0.294775  0.291587  0.186829  0.264864  0.341582  0.249892  0.148840  0.459541  0.383252  0.344413  0.431794  0.288626  0.194539  0.292768  0.146395  0.247341  0.157407  0.271879  0.190189  0.140058  0.168881  0.487546  0.314516  0.242651  0.189023  0.210106  0.156934  0.145594  0.199415  0.244208  0.184403  0.368315  0.436029  0.399118  0.277551  0.170178  0.243317  0.290162  0.365906  0.184872  0.417098  0.194971  0.163860  0.202151  0.290758  0.130100  0.268114  0.213384  0.180539  0.157484  0.170152  0.402176  0.400298  0.205321  0.402926  0.415276  0.337796 
32  0.265905  0.151600  0.306020  0.246937  0.272501  0.358490  0.244915  0.206372  0.153879  0.643599  0.297166  0.433326  0.122403  0.449397  0.262945  0.346102  0.439948  0.354079  0.320168  0.299415  0.245752  0.532022  0.291160  0.284875  0.563727  0.377145  0.445374  0.379694  0.512138  0.190030  0.206498  0.294775 0.0  0.364877  0.433850  0.424787  0.569908  0.383425  0.258045  0.229279  0.121696  0.105546  0.618636  0.120808  0.196990  0.226516  0.288838  0.215004  0.223639  0.404816  0.322866  0.246537  0.210120  0.496986  0.559914  0.195493  0.308393  0.358653  0.213825  0.226919  0.258129  0.239390  0.392164  0.461131  0.698069  0.512009  0.308583  0.213038  0.276179  0.412018  0.495908  0.329312  0.614103  0.396327  0.207907  0.386852  0.470111  0.299109  0.410899  0.353212  0.385799  0.342294  0.313852  0.621525  0.622388  0.424193  0.584500  0.285173  0.609474 
33  0.262877  0.312023  0.211294  0.228252  0.207831  0.338722  0.222432  0.373939  0.345043  0.502048  0.196981  0.366644  0.349135  0.498379  0.220551  0.290054  0.460866  0.386274  0.311704  0.327709  0.170852  0.498941  0.183948  0.279417  0.520389  0.411736  0.560515  0.315702  0.443657  0.291108  0.205188  0.291587  0.364877 0.0  0.315293  0.398324  0.487113  0.132211  0.282524  0.503437  0.409931  0.337973  0.522583  0.327360  0.334578  0.270592  0.315078  0.204308  0.232650  0.410767  0.178006  0.269572  0.271488  0.349590  0.422157  0.290619  0.189883  0.345856  0.256226  0.287379  0.201286  0.204769  0.348906  0.511364  0.552341  0.528868  0.193116  0.330500  0.194427  0.152863  0.444216  0.363024  0.554651  0.351184  0.272689  0.317314  0.385713  0.215723  0.340657  0.324333  0.333472  0.248024  0.226546  0.499287  0.541503  0.336810  0.464954  0.296650  0.498418 
34  0.275157  0.367209  0.340422  0.272675  0.245465  0.107672  0.360858  0.249333  0.397324  0.362707  0.246729  0.151949  0.307887  0.231565  0.253314  0.100402  0.578484  0.119090  0.169651  0.120671  0.246447  0.251397  0.255405  0.176410  0.313786  0.136351  0.698970  0.103801  0.243818  0.418746  0.308922  0.186829  0.433850  0.315293 0.0  0.160416  0.260621  0.266016  0.243457  0.534038  0.350636  0.384392  0.300624  0.326879  0.262848  0.388732  0.116437  0.331439  0.238994  0.167480  0.307937  0.252616  0.237103  0.536329  0.272682  0.299266  0.280003  0.115135  0.258966  0.230148  0.270942  0.383595  0.105825  0.297803  0.370515  0.307239  0.358822  0.245485  0.346779  0.384718  0.258948  0.096913  0.323445  0.118811  0.270773  0.111605  0.252960  0.214444  0.143638  0.104061  0.093495  0.186401  0.196322  0.300096  0.313093  0.123743  0.305706  0.403918  0.310610 
35  0.376346  0.497079  0.432497  0.297427  0.309712  0.184430  0.521581  0.346041  0.528230  0.297957  0.275623  0.112880  0.422885  0.143380  0.340825  0.174767  0.601996  0.142389  0.278729  0.194637  0.331640  0.170593  0.285364  0.246642  0.255873  0.121915  0.674852  0.172712  0.171726  0.441815  0.377401  0.264864  0.424787  0.398324  0.160416 0.0  0.199728  0.389461  0.306850  0.485449  0.449552  0.465358  0.229446  0.437658  0.351639  0.424396  0.216018  0.401348  0.316865  0.099830  0.339940  0.356174  0.309763  0.666989  0.167295  0.384955  0.379314  0.149127  0.314216  0.322891  0.323199  0.463756  0.165081  0.183815  0.267769  0.201530  0.492033  0.350772  0.374198  0.503535  0.176165  0.167706  0.216744  0.136433  0.318085  0.169473  0.171968  0.276983  0.116247  0.146041  0.172892  0.287492  0.275178  0.234457  0.221380  0.164895  0.239580  0.571999  0.203707 
36  0.441425  0.547917  0.484861  0.402921  0.399541  0.321980  0.510852  0.453700  0.652056  0.178077  0.444863  0.224645  0.525910  0.146029  0.446283  0.278757  0.844589  0.239515  0.352981  0.337886  0.449748  0.138109  0.370536  0.368086  0.118856  0.240775  0.802476  0.249553  0.112651  0.597689  0.493347  0.341582  0.569908  0.487113  0.260621  0.199728 0.0  0.493174  0.424878  0.753582  0.579175  0.608006  0.143091  0.563771  0.467407  0.624662  0.321144  0.489785  0.429299  0.210219  0.482634  0.419169  0.410331  0.685992  0.128940  0.500652  0.417909  0.267799  0.391127  0.414893  0.528448  0.563247  0.296235  0.105988  0.158408  0.128620  0.360302  0.459975  0.506400  0.578719  0.131221  0.248177  0.107190  0.255479  0.432328  0.275762  0.156038  0.352838  0.232871  0.253027  0.315025  0.355397  0.345435  0.113762  0.112803  0.225637  0.111396  0.586373  0.097444 
37  0.270056  0.331600  0.216456  0.238806  0.207966  0.288514  0.237808  0.387918  0.398941  0.446662  0.190791  0.352523  0.363221  0.408400  0.212909  0.334296  0.485791  0.355174  0.295640  0.294219  0.186527  0.398846  0.220108  0.271959  0.424682  0.343748  0.460749  0.308998  0.457197  0.338337  0.235737  0.249892  0.383425  0.132211  0.266016  0.389461  0.493174 0.0  0.315210  0.491607  0.359193  0.409769  0.454242  0.353400  0.308330  0.278578  0.251617  0.207324  0.234727  0.337591  0.179252  0.268887  0.319852  0.335756  0.404146  0.275615  0.202166  0.343567  0.274561  0.235317  0.207455  0.255462  0.380550  0.376876  0.437986  0.458286  0.205768  0.319106  0.193716  0.178907  0.449277  0.319580  0.427512  0.308426  0.279574  0.279405  0.427381  0.230855  0.346861  0.333824  0.288809  0.220290  0.199681  0.479014  0.499897  0.265080  0.525301  0.313621  0.374902 
38  0.146343  0.256334  0.242814  0.161565  0.160839  0.211208  0.259302  0.130521  0.293387  0.554324  0.189309  0.303704  0.183250  0.403021  0.161467  0.225262  0.482907  0.259169  0.150830  0.187091  0.212390  0.388897  0.195178  0.144883  0.432466  0.292086  0.601274  0.238463  0.416765  0.286851  0.181774  0.148840  0.258045  0.282524  0.243457  0.306850  0.424878  0.315210 0.0  0.360496  0.225036  0.230230  0.426578  0.243560  0.130031  0.260539  0.194679  0.215366  0.146437  0.287154  0.223413  0.148466  0.118101  0.521069  0.364232  0.239759  0.188264  0.248274  0.127656  0.139179  0.192525  0.242863  0.258247  0.377291  0.519343  0.462447  0.255427  0.103000  0.236972  0.361865  0.460750  0.241869  0.447457  0.272601  0.119537  0.249927  0.371217  0.166931  0.300994  0.281234  0.262599  0.212838  0.210757  0.448382  0.473499  0.256698  0.453047  0.355589  0.368188 
39  0.420357  0.280438  0.385022  0.445309  0.404641  0.525205  0.418500  0.377396  0.231176  0.768913  0.411921  0.540046  0.310662  0.631332  0.416115  0.475021  0.489068  0.583286  0.502168  0.430061  0.430645  0.566423  0.475779  0.443492  0.693480  0.571828  0.481326  0.549639  0.698673  0.308558  0.389925  0.459541  0.229279  0.503437  0.534038  0.485449  0.753582  0.491607  0.360496 0.0  0.207052  0.235243  0.746656  0.258541  0.322195  0.350380  0.449179  0.431608  0.430245  0.583616  0.466130  0.409673  0.345625  0.657489  0.729067  0.326985  0.463150  0.477276  0.425441  0.375870  0.346644  0.452235  0.550994  0.654764  0.817329  0.854760  0.464665  0.353749  0.414701  0.501123  0.673875  0.497373  0.608620  0.515825  0.373821  0.536457  0.693029  0.482453  0.526693  0.522893  0.474159  0.498783  0.534539  0.783834  0.741115  0.533710  0.699574  0.372612  0.659701 
40  0.260154  0.192814  0.316374  0.289658  0.325584  0.391820  0.308909  0.239739  0.162682  0.627173  0.312221  0.570315  0.164786  0.519936  0.284297  0.414855  0.421615  0.427514  0.324774  0.351007  0.353565  0.612580  0.322397  0.295630  0.486700  0.424290  0.517809  0.384826  0.577802  0.199293  0.262481  0.383252  0.121696  0.409931  0.350636  0.449552  0.579175  0.359193  0.225036  0.207052 0.0  0.112655  0.709319  0.141111  0.228519  0.259512  0.376731  0.245417  0.306855  0.425540  0.281989  0.319585  0.213098  0.530070  0.518235  0.207364  0.337513  0.431185  0.256019  0.264666  0.300028  0.357760  0.369967  0.595584  0.646623  0.600014  0.327548  0.237872  0.336957  0.462656  0.577020  0.375721  0.625096  0.413711  0.247443  0.450329  0.541632  0.330051  0.453482  0.390796  0.381573  0.412011  0.399087  0.608889  0.621059  0.409714  0.645136  0.316766  0.565980 
41  0.267583  0.172403  0.288499  0.261991  0.316903  0.426053  0.274724  0.225073  0.151519  0.675141  0.348670  0.490647  0.135816  0.581786  0.249629  0.360841  0.420737  0.349338  0.326581  0.416432  0.321435  0.592218  0.333360  0.309977  0.525575  0.443684  0.547352  0.424101  0.485262  0.210824  0.226771  0.344413  0.105546  0.337973  0.384392  0.465358  0.608006  0.409769  0.230230  0.235243  0.112655 0.0  0.608787  0.117987  0.191042  0.270382  0.334281  0.252590  0.284255  0.473705  0.345782  0.281982  0.213057  0.443448  0.567352  0.197298  0.362006  0.420604  0.244695  0.226663  0.260733  0.245772  0.387103  0.671301  0.640092  0.645475  0.314150  0.228534  0.281720  0.334475  0.549740  0.382548  0.574337  0.436566  0.204056  0.432436  0.533136  0.311463  0.469634  0.388710  0.375079  0.307350  0.311088  0.629946  0.634096  0.397773  0.527686  0.274363  0.634670 
42  0.538958  0.657382  0.469320  0.499625  0.392080  0.342221  0.632629  0.448749  0.686990  0.129920  0.484396  0.257656  0.498125  0.186503  0.485683  0.303986  0.811631  0.287019  0.389867  0.371029  0.443799  0.176641  0.495091  0.428130  0.131926  0.274187  0.856546  0.302854  0.148280  0.757238  0.448249  0.431794  0.618636  0.522583  0.300624  0.229446  0.143091  0.454242  0.426578  0.746656  0.709319  0.608787 0.0  0.619763  0.520016  0.582814  0.358107  0.467039  0.424007  0.251499  0.452428  0.405509  0.505321  0.669361  0.192108  0.550274  0.403457  0.302431  0.490351  0.507128  0.486984  0.453841  0.320314  0.134492  0.128477  0.118471  0.434214  0.502120  0.516615  0.564572  0.180084  0.298382  0.134268  0.267167  0.487550  0.299955  0.159864  0.405761  0.264765  0.314878  0.290431  0.328673  0.373193  0.127658  0.121168  0.273602  0.131986  0.697299  0.149415 
43  0.238370  0.151668  0.242909  0.281544  0.265589  0.368779  0.228378  0.230389  0.126958  0.705748  0.294329  0.449926  0.145057  0.536851  0.249626  0.340356  0.407396  0.456777  0.313596  0.366603  0.284277  0.519809  0.277262  0.282159  0.627314  0.450331  0.496780  0.383901  0.526793  0.165189  0.221278  0.288626  0.120808  0.327360  0.326879  0.437658  0.563771  0.353400  0.243560  0.258541  0.141111  0.117987  0.619763 0.0  0.220172  0.209722  0.367378  0.226177  0.267688  0.437014  0.296403  0.274731  0.208104  0.515480  0.526944  0.165295  0.306853  0.410170  0.223890  0.213974  0.259161  0.227826  0.402784  0.654337  0.683963  0.659765  0.271035  0.215943  0.243796  0.364038  0.562258  0.351609  0.515248  0.455384  0.216134  0.415674  0.499469  0.306377  0.454549  0.434707  0.371822  0.369790  0.344669  0.668965  0.668094  0.452404  0.649503  0.246350  0.583558 
44  0.161263  0.220224  0.239755  0.203938  0.187301  0.263994  0.256473  0.119215  0.237714  0.530413  0.233537  0.333591  0.157376  0.388253  0.180934  0.228789  0.512022  0.299507  0.193237  0.254321  0.218360  0.426374  0.247659  0.176357  0.517809  0.320430  0.562949  0.265577  0.507596  0.252717  0.190764  0.194539  0.196990  0.334578  0.262848  0.351639  0.467407  0.308330  0.130031  0.322195  0.228519  0.191042  0.520016  0.220172 0.0  0.245414  0.262997  0.208415  0.184083  0.305916  0.213943  0.168929  0.106564  0.531472  0.414113  0.201139  0.238793  0.288715  0.145802  0.156701  0.204917  0.230856  0.280796  0.443664  0.562157  0.458217  0.298749  0.119722  0.221657  0.351234  0.411986  0.268829  0.438069  0.291464  0.122520  0.303779  0.421093  0.199454  0.352155  0.260162  0.282514  0.225609  0.280327  0.500480  0.456987  0.297053  0.438927  0.287889  0.476643 
