89
0 0.0  0.227752  0.179492  0.107199  0.138919  0.225274  0.192364  0.177131  0.290099  0.525621  0.140534  0.316711  0.182052  0.357622  0.104827  0.222922  0.477757  0.297094  0.183694  0.221748  0.159515  0.409956  0.140447  0.171411  0.449597  0.339640  0.482563  0.265875  0.450294  0.240305  0.131876  0.155893  0.257114  0.211980  0.263119  0.359635  0.403366  0.234767  0.147766  0.333761  0.284173  0.226448  0.434914  0.223870  0.152332  0.209841  0.217380  0.149665  0.104130  0.305542  0.159645  0.108194  0.165914  0.440848  0.405516  0.162679  0.143552  0.280767  0.103307  0.093257  0.125352  0.167752  0.235275  0.468054  0.442768  0.510812  0.210684  0.145655  0.160663  0.295483  0.402093  0.241024  0.471102  0.268807  0.123364  0.266323  0.424470  0.157836  0.333285  0.257912  0.249784  0.184257  0.198459  0.470717  0.450726  0.250111  0.477811  0.315824  0.465979 
1  0.227752 0.0  0.218929  0.214784  0.303401  0.386675  0.181718  0.253519  0.136602  0.603869  0.285963  0.397929  0.172689  0.569651  0.244969  0.341171  0.361289  0.473923  0.307116  0.364672  0.256083  0.498936  0.279774  0.287731  0.672939  0.446999  0.443824  0.415462  0.528190  0.110151  0.195479  0.285750  0.173625  0.330511  0.363745  0.400523  0.587473  0.385761  0.243160  0.265200  0.183547  0.159916  0.597125  0.128988  0.203385  0.166508  0.368397  0.183415  0.232933  0.514981  0.251327  0.248627  0.224700  0.419578  0.480369  0.128081  0.264934  0.415419  0.219140  0.230286  0.213638  0.187141  0.383940  0.638036  0.639318  0.568286  0.216333  0.213058  0.218808  0.310414  0.525487  0.371881  0.589623  0.426238  0.211380  0.343602  0.539492  0.289005  0.453527  0.398100  0.349082  0.308421  0.318212  0.605131  0.576388  0.386346  0.557653  0.180480  0.562027 
2  0.179492  0.218929 0.0  0.172871  0.183375  0.309388  0.127813  0.232981  0.292460  0.509337  0.179130  0.351691  0.242576  0.403206  0.164100  0.301878  0.372617  0.374629  0.250977  0.279069  0.149929  0.486700  0.170904  0.275029  0.498580  0.402597  0.415237  0.355567  0.484274  0.211386  0.138977  0.245945  0.265580  0.187599  0.293556  0.432191  0.526831  0.205830  0.227130  0.373193  0.313121  0.270793  0.480837  0.273516  0.238257  0.153052  0.288522  0.118750  0.181977  0.412216  0.156424  0.195141  0.213803  0.327089  0.436631  0.188594  0.157358  0.322251  0.183107  0.177881  0.150266  0.098700  0.357684  0.469337  0.558953  0.502753  0.136308  0.224067  0.110230  0.181858  0.460607  0.352228  0.501687  0.335728  0.207564  0.325718  0.469206  0.226246  0.420377  0.332054  0.321424  0.224404  0.258558  0.477157  0.600987  0.296479  0.589734  0.232335  0.484605 
3  0.107199  0.214784  0.172871 0.0  0.116683  0.240757  0.186499  0.196007  0.259092  0.493393  0.131972  0.311104  0.215768  0.374856  0.093625  0.274934  0.451801  0.279224  0.181077  0.246690  0.132001  0.392350  0.120369  0.175230  0.407280  0.297610  0.508865  0.283378  0.409824  0.221458  0.143601  0.155030  0.253145  0.261639  0.263140  0.355961  0.420890  0.191717  0.160823  0.365575  0.310937  0.258911  0.428652  0.248327  0.183118  0.207633  0.195628  0.155005  0.095141  0.328611  0.153574  0.112281  0.163557  0.406353  0.441267  0.160689  0.125293  0.280457  0.117759  0.114782  0.106878  0.167364  0.221441  0.445958  0.463622  0.475991  0.220019  0.177601  0.150262  0.253608  0.390015  0.242360  0.475875  0.272063  0.140005  0.239992  0.390406  0.144796  0.323767  0.283586  0.261855  0.197244  0.185288  0.482523  0.493537  0.262259  0.403067  0.286451  0.426676 
4  0.138919  0.303401  0.183375  0.116683 0.0  0.207130  0.202013  0.194095  0.330226  0.446037  0.109969  0.267704  0.226318  0.405784  0.121260  0.226291  0.482228  0.257960  0.164637  0.222314  0.126947  0.362671  0.111655  0.169530  0.427605  0.279939  0.525054  0.224753  0.403800  0.334017  0.160716  0.146386  0.299185  0.190669  0.226979  0.351762  0.439191  0.217271  0.175066  0.399777  0.295213  0.303968  0.370637  0.313668  0.209510  0.252761  0.204053  0.179782  0.108478  0.314955  0.146591  0.113320  0.189208  0.415879  0.374228  0.208500  0.119581  0.265987  0.151820  0.128094  0.128971  0.186781  0.251061  0.417693  0.496067  0.484116  0.245339  0.174106  0.160021  0.253554  0.364403  0.226085  0.438036  0.269617  0.171272  0.224097  0.366238  0.119923  0.255700  0.230080  0.237063  0.159643  0.160959  0.445029  0.380572  0.221584  0.459587  0.291770  0.346438 
5  0.225274  0.386675  0.309388  0.240757  0.207130 0.0  0.369029  0.250676  0.414823  0.350345  0.235903  0.166557  0.320790  0.244358  0.231593  0.102261  0.523240  0.142610  0.145542  0.099413  0.274186  0.250187  0.225873  0.152842  0.329099  0.159950  0.706806  0.120159  0.259726  0.395400  0.295011  0.151277  0.388788  0.322720  0.104127  0.170311  0.292408  0.308129  0.197578  0.559177  0.347085  0.348569  0.332934  0.346087  0.242508  0.375920  0.110570  0.318938  0.195993  0.175076  0.250036  0.223465  0.233468  0.485841  0.232721  0.294521  0.231704  0.125593  0.264493  0.234936  0.264828  0.272200  0.118401  0.267374  0.343575  0.372813  0.323207  0.214333  0.320140  0.357801  0.243227  0.109055  0.300010  0.145613  0.224659  0.121663  0.246975  0.178677  0.175196  0.119269  0.108727  0.192183  0.190990  0.304790  0.328354  0.145725  0.291357  0.435687  0.250463 
6  0.192364  0.181718  0.127813  0.186499  0.202013  0.369029 0.0  0.273900  0.235742  0.519409  0.211410  0.343594  0.225817  0.571232  0.191691  0.319344  0.351879  0.395114  0.308900  0.310386  0.175451  0.527822  0.187695  0.257118  0.573908  0.343031  0.361435  0.375575  0.470714  0.176886  0.149671  0.280220  0.255458  0.220336  0.331679  0.429626  0.497134  0.251897  0.247203  0.409042  0.268332  0.240965  0.538284  0.229121  0.246800  0.109895  0.300942  0.116609  0.189047  0.370431  0.197940  0.226381  0.260232  0.371230  0.502592  0.157806  0.211100  0.388394  0.219884  0.201873  0.167078  0.117463  0.389186  0.457839  0.532843  0.648149  0.135486  0.242397  0.139888  0.208626  0.532566  0.411029  0.570807  0.395037  0.210438  0.353741  0.411094  0.252989  0.427076  0.358141  0.342741  0.273806  0.260224  0.585566  0.478853  0.428523  0.558423  0.184491  0.482360 
7  0.177131  0.253519  0.232981  0.196007  0.194095  0.250676  0.273900 0.0  0.233188  0.508712  0.222486  0.329548  0.173742  0.350958  0.193703  0.228233  0.539238  0.270451  0.166692  0.244275  0.256439  0.399855  0.239415  0.168251  0.472889  0.292435  0.648067  0.252666  0.433718  0.273061  0.221757  0.181745  0.195094  0.315019  0.245891  0.317284  0.410580  0.322590  0.121742  0.350481  0.211103  0.216602  0.483942  0.211173  0.117715  0.285156  0.195776  0.209856  0.193630  0.335144  0.252296  0.186677  0.108296  0.491425  0.412598  0.213163  0.253518  0.217182  0.162902  0.166117  0.205694  0.261024  0.271581  0.470811  0.392395  0.437223  0.308881  0.125380  0.225068  0.367950  0.435721  0.227338  0.485827  0.239176  0.147459  0.250148  0.356968  0.225955  0.314565  0.275055  0.252420  0.262700  0.249211  0.394955  0.456264  0.298634  0.460272  0.355027  0.413034 
8  0.290099  0.136602  0.292460  0.259092  0.330226  0.414823  0.235742  0.233188 0.0  0.676963  0.334146  0.510261  0.182499  0.533016  0.241395  0.431832  0.332882  0.446489  0.336716  0.411364  0.295781  0.499457  0.305869  0.327028  0.677886  0.479919  0.395990  0.468288  0.500827  0.139234  0.210099  0.353063  0.152869  0.389264  0.445474  0.439292  0.591433  0.303386  0.260984  0.271225  0.153104  0.143982  0.647132  0.125163  0.210159  0.187220  0.386226  0.230662  0.286475  0.589703  0.346805  0.323865  0.261748  0.469175  0.564517  0.184835  0.332701  0.325864  0.237220  0.273148  0.271161  0.280034  0.445764  0.575650  0.673478  0.595244  0.260160  0.249838  0.274568  0.322364  0.491716  0.419402  0.591742  0.469994  0.269044  0.428957  0.573914  0.309925  0.482779  0.365736  0.395440  0.424334  0.334223  0.746786  0.544401  0.401207  0.576640  0.219866  0.633728 
9  0.525621  0.603869  0.509337  0.493393  0.446037  0.350345  0.519409  0.508712  0.676963 0.0  0.485355  0.289974  0.570669  0.220192  0.504157  0.350269  0.894209  0.320791  0.437628  0.361907  0.448243  0.198299  0.534990  0.424747  0.145140  0.326981  0.973889  0.330915  0.191252  0.718752  0.638816  0.483961  0.577564  0.459841  0.344429  0.300622  0.172309  0.455056  0.495682  0.838682  0.632372  0.680876  0.127850  0.613497  0.584033  0.624156  0.369853  0.628481  0.495107  0.281956  0.516302  0.456337  0.470533  0.708040  0.186977  0.596092  0.492496  0.335499  0.478121  0.469700  0.622581  0.680194  0.359139  0.170471  0.095394  0.138429  0.606290  0.431971  0.495589  0.481416  0.185644  0.333022  0.160455  0.338495  0.541209  0.336679  0.202237  0.417874  0.261494  0.334310  0.343313  0.367574  0.452215  0.145311  0.143707  0.297283  0.149173  0.702245  0.175842 
10  0.140534  0.285963  0.179130  0.131972  0.109969  0.235903  0.211410  0.222486  0.334146  0.485355 0.0  0.325996  0.239747  0.374254  0.135757  0.214211  0.438396  0.305007  0.182782  0.225891  0.114400  0.369895  0.095623  0.181576  0.467352  0.259611  0.499061  0.297490  0.413739  0.275030  0.171519  0.166355  0.300347  0.193188  0.252022  0.322385  0.490974  0.179058  0.195597  0.453060  0.302828  0.313568  0.445305  0.302479  0.224480  0.224322  0.213461  0.182251  0.130669  0.281991  0.115988  0.137243  0.211809  0.419785  0.369800  0.245623  0.091158  0.247452  0.169715  0.159448  0.129140  0.174931  0.260599  0.417147  0.551263  0.472273  0.203260  0.210680  0.154191  0.230995  0.373507  0.258404  0.440497  0.288287  0.176143  0.229927  0.364945  0.138741  0.303683  0.250636  0.276532  0.158294  0.146109  0.477232  0.439543  0.256015  0.374552  0.303181  0.469138 
11  0.316711  0.397929  0.351691  0.311104  0.267704  0.166557  0.343594  0.329548  0.510261  0.289974  0.325996 0.0  0.381423  0.162555  0.338380  0.152540  0.674102  0.119936  0.204737  0.181332  0.315904  0.162403  0.296933  0.234807  0.260945  0.100970  0.673920  0.136716  0.178309  0.552274  0.440327  0.233141  0.398167  0.406879  0.156812  0.111347  0.203978  0.352228  0.293655  0.447740  0.443143  0.434605  0.234436  0.475784  0.351930  0.437919  0.190423  0.361233  0.295050  0.108557  0.331856  0.280793  0.326425  0.642241  0.170666  0.370738  0.308540  0.136778  0.313716  0.278153  0.333017  0.354953  0.142962  0.200628  0.255655  0.271637  0.425248  0.268507  0.335248  0.437990  0.174025  0.166541  0.217952  0.122385  0.257818  0.137434  0.191231  0.219924  0.092058  0.136498  0.137969  0.219763  0.240870  0.228938  0.225995  0.125211  0.249461  0.526706  0.197649 
12  0.182052  0.172689  0.242576  0.215768  0.226318  0.320790  0.225817  0.173742  0.182499  0.570669  0.239747  0.381423 0.0  0.426489  0.201041  0.333533  0.405230  0.382871  0.238516  0.290443  0.250522  0.503843  0.237579  0.232432  0.575101  0.368021  0.529424  0.374376  0.533791  0.195390  0.181743  0.217546  0.124106  0.330960  0.321250  0.453009  0.510212  0.358985  0.204084  0.257827  0.171656  0.135145  0.541526  0.140024  0.150262  0.226212  0.327346  0.207316  0.211750  0.361991  0.263256  0.232783  0.176064  0.534148  0.437938  0.170319  0.281512  0.360424  0.189589  0.197886  0.221001  0.207876  0.341628  0.576696  0.669185  0.532828  0.266280  0.186022  0.247765  0.323992  0.510332  0.285455  0.602462  0.393870  0.164610  0.353692  0.471012  0.270685  0.402796  0.350508  0.295018  0.309433  0.288634  0.554408  0.533116  0.373534  0.549220  0.292990  0.516001 
13  0.357622  0.569651  0.403206  0.374856  0.405784  0.244358  0.571232  0.350958  0.533016  0.220192  0.374254  0.162555  0.426489 0.0  0.385231  0.222931  0.880978  0.186561  0.311897  0.255448  0.391898  0.097263  0.365450  0.324878  0.165275  0.157413  0.805097  0.227371  0.120819  0.605831  0.419632  0.320930  0.417511  0.453762  0.215467  0.141215  0.141034  0.419265  0.385737  0.688921  0.560041  0.527476  0.202085  0.550826  0.428007  0.464029  0.270014  0.413381  0.344530  0.160903  0.384699  0.340775  0.343663  0.570307  0.101551  0.505710  0.366364  0.193457  0.404944  0.329300  0.399147  0.392756  0.220656  0.150020  0.229538  0.160665  0.507780  0.359510  0.394356  0.489170  0.101950  0.234258  0.153888  0.192313  0.379549  0.221609  0.151321  0.357489  0.160608  0.195727  0.218770  0.302474  0.291243  0.175742  0.163829  0.202711  0.162332  0.538074  0.139253 
14  0.104827  0.244969  0.164100  0.093625  0.121260  0.231593  0.191691  0.193703  0.241395  0.504157  0.135757  0.338380  0.201041  0.385231 0.0  0.257849  0.523000  0.276652  0.186682  0.256153  0.150208  0.378185  0.129969  0.172756  0.440865  0.307388  0.413316  0.241816  0.423391  0.233948  0.131798  0.162009  0.238967  0.222501  0.212550  0.306204  0.382272  0.230190  0.146974  0.379637  0.289444  0.272926  0.428551  0.243510  0.157334  0.206923  0.212178  0.146757  0.100713  0.314653  0.153728  0.116910  0.174167  0.441814  0.373902  0.194880  0.138416  0.285387  0.116871  0.108514  0.108586  0.178403  0.286729  0.455075  0.490066  0.410106  0.196451  0.148077  0.141426  0.278475  0.454023  0.225936  0.436405  0.295382  0.137601  0.248067  0.430540  0.141670  0.317151  0.284754  0.246457  0.182012  0.217806  0.408585  0.476970  0.313783  0.435298  0.269758  0.449424 
15  0.222922  0.341171  0.301878  0.274934  0.226291  0.102261  0.319344  0.228233  0.431832  0.350269  0.214211  0.152540  0.333533  0.222931  0.257849 0.0  0.624964  0.130067  0.169247  0.110186  0.253971  0.253684  0.238132  0.157548  0.357901  0.146529  0.682890  0.103602  0.260127  0.358777  0.262636  0.166730  0.364119  0.284262  0.098635  0.166326  0.279464  0.330540  0.211266  0.476904  0.421309  0.364787  0.331346  0.376080  0.268712  0.398522  0.125036  0.322644  0.228814  0.171053  0.281775  0.202688  0.226622  0.529663  0.250536  0.372604  0.229949  0.116926  0.259755  0.239507  0.256293  0.327398  0.104800  0.282184  0.376467  0.330860  0.381313  0.244279  0.335002  0.360379  0.231812  0.106650  0.296352  0.123205  0.241126  0.122670  0.213989  0.189518  0.153595  0.109150  0.099860  0.200090  0.215224  0.291054  0.296644  0.139512  0.297088  0.430466  0.276079 
16  0.477757  0.361289  0.372617  0.451801  0.482228  0.523240  0.351879  0.539238  0.332882  0.894209  0.438396  0.674102  0.405230  0.880978  0.523000  0.624964 0.0  0.723683  0.549854  0.549605  0.422939  0.748621  0.513880  0.581021  1.000000  0.660611  0.158068  0.606532  0.745638  0.373360  0.417905  0.505559  0.453192  0.433023  0.641833  0.752343  0.886700  0.556479  0.585920  0.453345  0.442830  0.423862  0.716577  0.397857  0.512426  0.346024  0.580230  0.433554  0.478695  0.693599  0.447975  0.531331  0.494885  0.385547  0.836005  0.372691  0.492633  0.642943  0.430470  0.380764  0.414809  0.373846  0.523283  0.807220  0.899591  0.864544  0.346714  0.447982  0.408417  0.387928  0.864784  0.690510  0.850374  0.701452  0.452030  0.553397  0.895046  0.493187  0.737157  0.574749  0.595194  0.491835  0.461334  0.951428  0.760924  0.736431  0.794463  0.272194  0.772503 
17  0.297094  0.473923  0.374629  0.279224  0.257960  0.142610  0.395114  0.270451  0.446489  0.320791  0.305007  0.119936  0.382871  0.186561  0.276652  0.130067  0.723683 0.0  0.209541  0.140164  0.319467  0.183003  0.298206  0.219408  0.294196  0.105174  0.727599  0.115012  0.208455  0.419634  0.339776  0.217228  0.353906  0.396420  0.131033  0.131851  0.219758  0.338442  0.270678  0.548849  0.502632  0.457562  0.337506  0.424322  0.315828  0.350456  0.164022  0.343580  0.279679  0.120395  0.320345  0.270059  0.267154  0.606015  0.226750  0.390483  0.286546  0.100613  0.264962  0.250747  0.316064  0.387923  0.112804  0.256350  0.321438  0.276402  0.439270  0.242113  0.364664  0.397112  0.206930  0.125435  0.258187  0.099528  0.316019  0.128744  0.219080  0.243478  0.119188  0.115654  0.130142  0.244087  0.220829  0.259776  0.270356  0.125066  0.264407  0.512628  0.240204 
18  0.183694  0.307116  0.250977  0.181077  0.164637  0.145542  0.308900  0.166692  0.336716  0.437628  0.182782  0.204737  0.238516  0.311897  0.186682  0.169247  0.549854  0.209541 0.0  0.135711  0.207514  0.313419  0.209589  0.095693  0.393800  0.205522  0.609105  0.169456  0.359356  0.325642  0.227807  0.104752  0.291477  0.224955  0.155661  0.231353  0.309975  0.272964  0.136633  0.387613  0.330075  0.319388  0.369597  0.257900  0.168974  0.317466  0.132228  0.249918  0.159609  0.229665  0.244045  0.159268  0.169467  0.520937  0.282733  0.259568  0.197481  0.176177  0.178695  0.173959  0.174130  0.274332  0.184941  0.367286  0.417922  0.379613  0.315834  0.160980  0.237109  0.332764  0.283471  0.162564  0.335459  0.188278  0.174438  0.184216  0.288950  0.127400  0.223339  0.174269  0.166331  0.180324  0.170374  0.387499  0.358237  0.201516  0.354521  0.355106  0.293405 
19  0.221748  0.364672  0.279069  0.246690  0.222314  0.099413  0.310386  0.244275  0.411364  0.361907  0.225891  0.181332  0.290443  0.255448  0.256153  0.110186  0.549605  0.140164  0.135711 0.0  0.274376  0.259775  0.234739  0.143865  0.326545  0.162216  0.599218  0.126524  0.288193  0.393633  0.289348  0.161279  0.353532  0.308983  0.116885  0.178671  0.328814  0.290720  0.207588  0.476228  0.357762  0.344956  0.349456  0.360141  0.245942  0.350965  0.105984  0.293835  0.220289  0.185295  0.220161  0.205414  0.222345  0.578363  0.278576  0.327770  0.210899  0.144123  0.237603  0.219351  0.254420  0.313499  0.125575  0.291808  0.386823  0.373034  0.370972  0.198955  0.306239  0.376526  0.253529  0.121014  0.363825  0.149712  0.214085  0.134806  0.241563  0.176063  0.182013  0.123511  0.114603  0.210010  0.176138  0.322273  0.308179  0.154649  0.348607  0.481542  0.304324 
20  0.159515  0.256083  0.149929  0.132001  0.126947  0.274186  0.175451  0.256439  0.295781  0.448243  0.114400  0.315904  0.250522  0.391898  0.150208  0.253971  0.422939  0.319467  0.207514  0.274376 0.0  0.394019  0.111514  0.194078  0.462432  0.320766  0.517884  0.269034  0.417339  0.256844  0.155861  0.195237  0.285889  0.180423  0.245674  0.320980  0.443660  0.187522  0.178102  0.378587  0.315500  0.295279  0.389796  0.267978  0.234431  0.192238  0.259858  0.148853  0.137807  0.293875  0.101954  0.163118  0.231686  0.382872  0.442195  0.203701  0.109826  0.280314  0.166897  0.161080  0.124725  0.154223  0.297023  0.393735  0.429876  0.459101  0.182247  0.191494  0.118289  0.210593  0.450779  0.257238  0.485172  0.249499  0.190049  0.257735  0.415933  0.161809  0.304998  0.285079  0.299972  0.193698  0.187263  0.464574  0.486104  0.300547  0.470776  0.260069  0.476445 
21  0.409956  0.498936  0.486700  0.392350  0.362671  0.250187  0.527822  0.399855  0.499457  0.198299  0.369895  0.162403  0.503843  0.097263  0.378185  0.253684  0.748621  0.183003  0.313419  0.259775  0.394019 0.0  0.382648  0.341377  0.163937  0.161583  0.815357  0.221943  0.104726  0.559713  0.397766  0.324437  0.523954  0.494733  0.228058  0.156634  0.138496  0.433486  0.398605  0.520335  0.567768  0.518685  0.193595  0.571814  0.361338  0.504121  0.248606  0.445132  0.369927  0.167231  0.432153  0.364708  0.373112  0.654367  0.093925  0.497586  0.356869  0.221539  0.440224  0.403390  0.426846  0.480490  0.209667  0.141763  0.202510  0.155834  0.425794  0.389434  0.460525  0.532353  0.098280  0.226098  0.141437  0.195103  0.397304  0.235724  0.146538  0.322250  0.173812  0.220078  0.211238  0.293906  0.338206  0.158874  0.147035  0.217939  0.154862  0.518812  0.133771 
22  0.140447  0.279774  0.170904  0.120369  0.111655  0.225873  0.187695  0.239415  0.305869  0.534990  0.095623  0.296933  0.237579  0.365450  0.129969  0.238132  0.513880  0.298206  0.209589  0.234739  0.111514  0.382648 0.0  0.181195  0.461923  0.310717  0.545250  0.289430  0.406091  0.271211  0.169371  0.157758  0.268859  0.186304  0.262564  0.329290  0.418222  0.191731  0.185014  0.437666  0.338163  0.286232  0.458680  0.298027  0.220638  0.225739  0.196354  0.161208  0.120065  0.275035  0.120134  0.135773  0.213058  0.406134  0.342287  0.227407  0.096032  0.262266  0.171588  0.157120  0.116906  0.170370  0.248255  0.387822  0.481587  0.409333  0.227081  0.207373  0.148576  0.264889  0.401200  0.235352  0.405774  0.269557  0.187479  0.250279  0.334343  0.143445  0.311657  0.264588  0.255572  0.161817  0.156366  0.486572  0.390163  0.231780  0.475615  0.296028  0.365555 
23  0.171411  0.287731  0.275029  0.175230  0.169530  0.152842  0.257118  0.168251  0.327028  0.424747  0.181576  0.234807  0.232432  0.324878  0.172756  0.157548  0.581021  0.219408  0.095693  0.143865  0.194078  0.341377  0.181195 0.0  0.423990  0.228845  0.628397  0.183820  0.340830  0.320209  0.231496  0.109738  0.305421  0.314062  0.176878  0.239216  0.359055  0.261649  0.137521  0.372225  0.347826  0.268172  0.444127  0.253609  0.174319  0.264986  0.136518  0.218659  0.160812  0.261851  0.217763  0.164131  0.152572  0.480674  0.285378  0.280655  0.189981  0.192857  0.163607  0.164275  0.199423  0.281689  0.165303  0.353695  0.450836  0.346633  0.262848  0.147000  0.228630  0.389170  0.288306  0.171295  0.330508  0.196277  0.159657  0.194284  0.338427  0.140859  0.238584  0.206019  0.168606  0.176719  0.182719  0.363611  0.387572  0.202004  0.353084  0.331565  0.380336 
24  0.449597  0.672939  0.498580  0.407280  0.427605  0.329099  0.573908  0.472889  0.677886  0.145140  0.467352  0.260945  0.575101  0.165275  0.440865  0.357901  1.000000  0.294196  0.393800  0.326545  0.462432  0.163937  0.461923  0.423990 0.0  0.272218  0.790154  0.307551  0.152281  0.606579  0.542433  0.342473  0.683122  0.472075  0.293360  0.214556  0.116566  0.451728  0.499061  0.656509  0.579116  0.629783  0.123741  0.559100  0.584269  0.607774  0.393463  0.468289  0.470040  0.228000  0.450904  0.421069  0.492254  0.571003  0.158661  0.521414  0.488538  0.300547  0.490942  0.453495  0.496430  0.556753  0.255914  0.120856  0.137979  0.095555  0.478209  0.498250  0.499204  0.661918  0.158810  0.250055  0.106191  0.278921  0.530201  0.306415  0.171994  0.419596  0.248577  0.289702  0.313492  0.344878  0.374328  0.092152  0.093824  0.273264  0.097829  0.642669  0.123277 
25  0.339640  0.446999  0.402597  0.297610  0.279939  0.159950  0.343031  0.292435  0.479919  0.326981  0.259611  0.100970  0.368021  0.157413  0.307388  0.146529  0.660611  0.105174  0.205522  0.162216  0.320766  0.161583  0.310717  0.228845  0.272218 0.0  0.680387  0.134360  0.209505  0.456621  0.361918  0.224149  0.466114  0.358766  0.132514  0.122862  0.231474  0.342818  0.264621  0.557626  0.441877  0.433860  0.292084  0.441098  0.319807  0.457708  0.183220  0.350609  0.283974  0.116930  0.300568  0.287306  0.316978  0.564723  0.180987  0.416662  0.297026  0.113219  0.314708  0.316122  0.291795  0.410538  0.122475  0.230484  0.324931  0.264528  0.373991  0.238172  0.308025  0.425121  0.196540  0.141319  0.220648  0.106922  0.321072  0.129876  0.197699  0.246478  0.108598  0.120490  0.135664  0.212464  0.237944  0.257010  0.236256  0.122298  0.236485  0.424341  0.213673 
26  0.482563  0.443824  0.415237  0.508865  0.525054  0.706806  0.361435  0.648067  0.395990  0.973889  0.499061  0.673920  0.529424  0.805097  0.413316  0.682890  0.158068  0.727599  0.609105  0.599218  0.517884  0.815357  0.545250  0.628397  0.790154  0.680387 0.0  0.730179  0.769508  0.390185  0.429191  0.630640  0.478235  0.479442  0.658909  0.659647  0.830832  0.558543  0.544041  0.479869  0.523548  0.453538  0.747171  0.491013  0.526533  0.388804  0.662973  0.446207  0.577106  0.696484  0.572354  0.542700  0.601411  0.280272  0.699112  0.491552  0.520041  0.772525  0.547011  0.555397  0.569462  0.406857  0.768721  0.892533  0.940299  0.837925  0.418661  0.559014  0.445716  0.368227  0.671764  0.654252  0.868184  0.729213  0.518373  0.719419  0.911236  0.564593  0.779291  0.619342  0.574190  0.649835  0.614411  0.958881  0.867295  0.647624  0.920992  0.379924  0.825726 
27  0.265875  0.415462  0.355567  0.283378  0.224753  0.120159  0.375575  0.252666  0.468288  0.330915  0.297490  0.136716  0.374376  0.227371  0.241816  0.103602  0.606532  0.115012  0.169456  0.126524  0.269034  0.221943  0.289430  0.183820  0.307551  0.134360  0.730179 0.0  0.254050  0.389077  0.311906  0.184291  0.359906  0.351584  0.100481  0.153067  0.270194  0.288016  0.264321  0.480095  0.385148  0.421432  0.326121  0.377891  0.292699  0.353973  0.148731  0.320455  0.251392  0.144744  0.274611  0.235314  0.239391  0.618088  0.229652  0.400561  0.266258  0.098418  0.269090  0.264700  0.246643  0.349801  0.089382  0.228556  0.300992  0.292445  0.344255  0.222846  0.314579  0.391282  0.240358  0.106772  0.299212  0.107066  0.258590  0.119658  0.230058  0.228376  0.154089  0.098826  0.097860  0.192459  0.204998  0.295095  0.283592  0.129543  0.214909  0.517911  0.265308 
28  0.450294  0.528190  0.484274  0.409824  0.403800  0.259726  0.470714  0.433718  0.500827  0.191252  0.413739  0.178309  0.533791  0.120819  0.423391  0.260127  0.745638  0.208455  0.359356  0.288193  0.417339  0.104726  0.406091  0.340830  0.152281  0.209505  0.769508  0.254050 0.0  0.547354  0.497851  0.384447  0.567946  0.469255  0.277622  0.176399  0.111859  0.435881  0.389402  0.616459  0.508201  0.544369  0.156480  0.585481  0.370134  0.473813  0.273494  0.565384  0.389542  0.195998  0.416345  0.364587  0.476725  0.639232  0.103437  0.476506  0.332697  0.204754  0.386653  0.437592  0.454511  0.499156  0.261218  0.116835  0.185168  0.154983  0.520434  0.428586  0.444485  0.526462  0.102000  0.234257  0.120639  0.222208  0.414144  0.250733  0.142263  0.324287  0.173233  0.267111  0.249839  0.344819  0.338418  0.133916  0.134262  0.212877  0.126662  0.607228  0.106924 
29  0.240305  0.110151  0.211386  0.221458  0.334017  0.395400  0.176886  0.273061  0.139234  0.718752  0.275030  0.552274  0.195390  0.605831  0.233948  0.358777  0.373360  0.419634  0.325642  0.393633  0.256844  0.559713  0.271211  0.320209  0.606579  0.456621  0.390185  0.389077  0.547354 0.0  0.215144  0.312612  0.182099  0.320334  0.356662  0.435484  0.609151  0.341405  0.274322  0.272779  0.199408  0.175952  0.566871  0.149099  0.251510  0.162868  0.386844  0.208341  0.262122  0.501569  0.279924  0.277601  0.283504  0.404460  0.498786  0.145966  0.272841  0.383363  0.235794  0.253201  0.272423  0.220838  0.419927  0.626087  0.748547  0.596941  0.211412  0.271747  0.200980  0.292064  0.481289  0.375116  0.515173  0.430393  0.249048  0.387466  0.520414  0.303172  0.458263  0.387313  0.414788  0.349826  0.376854  0.712202  0.574353  0.405308  0.558949  0.162373  0.679091 
30  0.131876  0.195479  0.138977  0.143601  0.160716  0.295011  0.149671  0.221757  0.210099  0.638816  0.171519  0.440327  0.181743  0.419632  0.131798  0.262636  0.417905  0.339776  0.227807  0.289348  0.155861  0.397766  0.169371  0.231496  0.542433  0.361918  0.429191  0.311906  0.497851  0.215144 0.0  0.201571  0.220437  0.211462  0.293337  0.369368  0.422162  0.248255  0.181420  0.357819  0.241733  0.246254  0.447184  0.200688  0.182707  0.153682  0.230178  0.116957  0.151132  0.403244  0.175510  0.159790  0.179968  0.439121  0.476321  0.147059  0.176354  0.334251  0.140871  0.146397  0.136826  0.136513  0.267209  0.485185  0.543285  0.474236  0.183080  0.181343  0.135138  0.234151  0.442342  0.293481  0.468983  0.313586  0.158193  0.328465  0.430623  0.163972  0.330512  0.315465  0.315790  0.265039  0.214473  0.547439  0.518136  0.314438  0.438756  0.250076  0.432317 
31  0.155893  0.285750  0.245945  0.155030  0.146386  0.151277  0.280220  0.181745  0.353063  0.483961  0.166355  0.233141  0.217546  0.320930  0.162009  0.166730  0.505559  0.217228  0.104752  0.161279  0.195237  0.324437  0.157758  0.109738  0.342473  0.224149  0.630640  0.184291  0.384447  0.312612  0.201571 0.0  0.278399  0.265165  0.174932  0.251417  0.359769  0.278697  0.143752  0.440844  0.292224  0.272466  0.421135  0.326594  0.196477  0.301642  0.149007  0.205284  0.145723  0.242676  0.197471  0.133800  0.168360  0.474741  0.339936  0.253362  0.170830  0.191544  0.175209  0.151985  0.182778  0.215789  0.187477  0.367433  0.458649  0.395416  0.312492  0.171907  0.201098  0.313176  0.308959  0.177654  0.377727  0.202904  0.168190  0.176596  0.318752  0.120790  0.243280  0.167077  0.179049  0.166339  0.178005  0.397380  0.376381  0.190949  0.372477  0.357810  0.322803 
32  0.257114  0.173625  0.265580  0.253145  0.299185  0.388788  0.255458  0.195094  0.152869  0.577564  0.300347  0.398167  0.124106  0.417511  0.238967  0.364119  0.453192  0.353906  0.291477  0.353532  0.285889  0.523954  0.268859  0.305421  0.683122  0.466114  0.478235  0.359906  0.567946  0.182099  0.220437  0.278399 0.0  0.340949  0.401922  0.468104  0.554008  0.347593  0.228511  0.246339  0.124485  0.103125  0.524331  0.112947  0.204095  0.200395  0.308011  0.260787  0.222477  0.397082  0.266236  0.247638  0.216214  0.478316  0.469351  0.191965  0.311918  0.371799  0.213005  0.242712  0.250104  0.244641  0.398662  0.565257  0.605350  0.584067  0.291418  0.214093  0.263955  0.385850  0.504720  0.363109  0.603962  0.342215  0.207874  0.397496  0.485401  0.292318  0.419488  0.357743  0.351255  0.419873  0.353455  0.570150  0.592063  0.380820  0.571676  0.251456  0.548119 
33  0.211980  0.330511  0.187599  0.261639  0.190669  0.322720  0.220336  0.315019  0.389264  0.459841  0.193188  0.406879  0.330960  0.453762  0.222501  0.284262  0.433023  0.396420  0.224955  0.308983  0.180423  0.494733  0.186304  0.314062  0.472075  0.358766  0.479442  0.351584  0.469255  0.320334  0.211462  0.265165  0.340949 0.0  0.319647  0.420705  0.469432  0.127645  0.298026  0.543870  0.404653  0.357715  0.499230  0.358382  0.277138  0.266101  0.298543  0.217228  0.252166  0.395863  0.152191  0.265724  0.286086  0.358709  0.422210  0.299648  0.184067  0.379384  0.272436  0.271858  0.206127  0.209307  0.322918  0.468762  0.477852  0.474772  0.178332  0.326090  0.187746  0.144237  0.400914  0.339113  0.466795  0.359744  0.269189  0.315043  0.435291  0.252817  0.447662  0.384050  0.299301  0.221041  0.238903  0.553294  0.486700  0.337386  0.453667  0.269402  0.499556 
34  0.263119  0.363745  0.293556  0.263140  0.226979  0.104127  0.331679  0.245891  0.445474  0.344429  0.252022  0.156812  0.321250  0.215467  0.212550  0.098635  0.641833  0.131033  0.155661  0.116885  0.245674  0.228058  0.262564  0.176878  0.293360  0.132514  0.658909  0.100481  0.277622  0.356662  0.293337  0.174932  0.401922  0.319647 0.0  0.148604  0.295648  0.299296  0.239866  0.491959  0.359426  0.351812  0.293320  0.411140  0.231555  0.320576  0.117499  0.302979  0.244193  0.174659  0.271409  0.218517  0.233969  0.507168  0.221900  0.340269  0.253941  0.106741  0.271729  0.239039  0.272481  0.349564  0.099720  0.280700  0.366925  0.291691  0.409546  0.236910  0.285123  0.392579  0.248599  0.093087  0.248328  0.116545  0.250807  0.110660  0.222114  0.198723  0.151015  0.103745  0.090733  0.183642  0.177413  0.321145  0.314266  0.128680  0.278643  0.440881  0.308128 
35  0.359635  0.400523  0.432191  0.355961  0.351762  0.170311  0.429626  0.317284  0.439292  0.300622  0.322385  0.111347  0.453009  0.141215  0.306204  0.166326  0.752343  0.131851  0.231353  0.178671  0.320980  0.156634  0.329290  0.239216  0.214556  0.122862  0.659647  0.153067  0.176399  0.435484  0.369368  0.251417  0.468104  0.420705  0.148604 0.0  0.215868  0.359765  0.303159  0.525419  0.421493  0.433568  0.247329  0.411676  0.340651  0.431124  0.195899  0.382119  0.323529  0.098025  0.366802  0.327212  0.324731  0.634979  0.146036  0.424578  0.376609  0.141927  0.335284  0.350131  0.308639  0.397205  0.156564  0.191783  0.280161  0.231782  0.479699  0.284075  0.366154  0.402006  0.177160  0.180015  0.201439  0.147766  0.317250  0.149198  0.183817  0.245466  0.110574  0.160325  0.167160  0.251076  0.271573  0.218102  0.243217  0.152978  0.211704  0.475384  0.192628 
36  0.403366  0.587473  0.526831  0.420890  0.439191  0.292408  0.497134  0.410580  0.591433  0.172309  0.490974  0.203978  0.510212  0.141034  0.382272  0.279464  0.886700  0.219758  0.309975  0.328814  0.443660  0.138496  0.418222  0.359055  0.116566  0.231474  0.830832  0.270194  0.111859  0.609151  0.422162  0.359769  0.554008  0.469432  0.295648  0.215868 0.0  0.441798  0.384115  0.857457  0.579605  0.513063  0.148772  0.499462  0.412618  0.517525  0.321589  0.567754  0.402527  0.189462  0.503747  0.446809  0.422840  0.658479  0.114518  0.465838  0.399962  0.259977  0.451140  0.511654  0.474996  0.582935  0.255800  0.104330  0.164857  0.125721  0.533519  0.454829  0.481147  0.543166  0.121989  0.265669  0.104142  0.226111  0.462268  0.288868  0.154413  0.385773  0.231293  0.267930  0.255757  0.342216  0.335694  0.111507  0.110389  0.261737  0.109852  0.563182  0.096121 
37  0.234767  0.385761  0.205830  0.191717  0.217271  0.308129  0.251897  0.322590  0.303386  0.455056  0.179058  0.352228  0.358985  0.419265  0.230190  0.330540  0.556479  0.338442  0.272964  0.290720  0.187522  0.433486  0.191731  0.261649  0.451728  0.342818  0.558543  0.288016  0.435881  0.341405  0.248255  0.278697  0.347593  0.127645  0.299296  0.359765  0.441798 0.0  0.276713  0.525486  0.451011  0.360276  0.402110  0.442885  0.274525  0.285079  0.299285  0.251617  0.233634  0.312212  0.171757  0.223180  0.297717  0.296575  0.394196  0.273400  0.178563  0.322749  0.273145  0.230354  0.219194  0.225464  0.280874  0.453664  0.449354  0.409533  0.225165  0.320664  0.206270  0.175565  0.364890  0.273693  0.405832  0.347100  0.284623  0.293300  0.397550  0.192940  0.383516  0.296032  0.301785  0.215060  0.195766  0.427962  0.478553  0.298939  0.515579  0.325187  0.491965 
38  0.147766  0.243160  0.227130  0.160823  0.175066  0.197578  0.247203  0.121742  0.260984  0.495682  0.195597  0.293655  0.204084  0.385737  0.146974  0.211266  0.585920  0.270678  0.136633  0.207588  0.178102  0.398605  0.185014  0.137521  0.499061  0.264621  0.544041  0.264321  0.389402  0.274322  0.181420  0.143752  0.228511  0.298026  0.239866  0.303159  0.384115  0.276713 0.0  0.380370  0.265374  0.248505  0.422994  0.256231  0.135340  0.255146  0.184613  0.211516  0.146819  0.293568  0.191821  0.134082  0.117251  0.533094  0.399405  0.199231  0.206005  0.241502  0.129579  0.128450  0.168463  0.227977  0.251655  0.376436  0.455867  0.397417  0.274446  0.102717  0.214382  0.313529  0.421302  0.229107  0.385964  0.260697  0.120239  0.239033  0.334444  0.164904  0.282763  0.236994  0.218788  0.218594  0.216805  0.457343  0.431776  0.263047  0.446633  0.338652  0.379555 
39  0.333761  0.265200  0.373193  0.365575  0.399777  0.559177  0.409042  0.350481  0.271225  0.838682  0.453060  0.447740  0.257827  0.688921  0.379637  0.476904  0.453345  0.548849  0.387613  0.476228  0.378587  0.520335  0.437666  0.372225  0.656509  0.557626  0.479869  0.480095  0.616459  0.272779  0.357819  0.440844  0.246339  0.543870  0.491959  0.525419  0.857457  0.525486  0.380370 0.0  0.189778  0.239276  0.716880  0.232195  0.355803  0.403527  0.527126  0.364548  0.418765  0.587963  0.521625  0.404369  0.347387  0.697061  0.702556  0.321204  0.458586  0.511489  0.332494  0.377373  0.424502  0.382831  0.527835  0.671519  0.772482  0.786032  0.480797  0.408726  0.428091  0.532277  0.641550  0.573944  0.653856  0.509671  0.343369  0.517809  0.636438  0.425408  0.604226  0.506775  0.459183  0.491969  0.417605  0.706082  0.755105  0.588900  0.673378  0.400495  0.651244 
40  0.284173  0.183547  0.313121  0.310937  0.295213  0.347085  0.268332  0.211103  0.153104  0.632372  0.302828  0.443143  0.171656  0.560041  0.289444  0.421309  0.442830  0.502632  0.330075  0.357762  0.315500  0.567768  0.338163  0.347826  0.579116  0.441877  0.523548  0.385148  0.508201  0.199408  0.241733  0.292224  0.124485  0.404653  0.359426  0.421493  0.579605  0.451011  0.265374  0.189778 0.0  0.116010  0.516646  0.132288  0.203940  0.268930  0.339338  0.274705  0.281769  0.396521  0.367286  0.295629  0.244259  0.578960  0.491540  0.190443  0.339946  0.425751  0.254837  0.249233  0.278983  0.274340  0.334964  0.582085  0.725085  0.563785  0.316117  0.240566  0.314374  0.389892  0.550369  0.379549  0.615516  0.419041  0.249337  0.409928  0.459456  0.308518  0.397854  0.373469  0.387130  0.373531  0.335369  0.607899  0.628752  0.378231  0.607320  0.283258  0.638350 
41  0.226448  0.159916  0.270793  0.258911  0.303968  0.348569  0.240965  0.216602  0.143982  0.680876  0.313568  0.434605  0.135145  0.527476  0.272926  0.364787  0.423862  0.457562  0.319388  0.344956  0.295279  0.518685  0.286232  0.268172  0.629783  0.433860  0.453538  0.421432  0.544369  0.175952  0.246254  0.272466  0.103125  0.357715  0.351812  0.433568  0.513063  0.360276  0.248505  0.239276  0.116010 0.0  0.606682  0.113125  0.180607  0.246548  0.340802  0.260137  0.303546  0.453034  0.311124  0.267082  0.234943  0.459954  0.495943  0.188276  0.305355  0.362568  0.232321  0.259679  0.299276  0.263683  0.391187  0.494747  0.588199  0.588390  0.313624  0.221220  0.283801  0.332169  0.557690  0.398115  0.638701  0.389746  0.239903  0.423011  0.498893  0.304395  0.450653  0.363457  0.384182  0.360831  0.400984  0.570273  0.585237  0.403152  0.543592  0.280046  0.558442 
42  0.434914  0.597125  0.480837  0.428652  0.370637  0.332934  0.538284  0.483942  0.647132  0.127850  0.445305  0.234436  0.541526  0.202085  0.428551  0.331346  0.716577  0.337506  0.369597  0.349456  0.389796  0.193595  0.458680  0.444127  0.123741  0.292084  0.747171  0.326121  0.156480  0.566871  0.447184  0.421135  0.524331  0.499230  0.293320  0.247329  0.148772  0.402110  0.422994  0.716880  0.516646  0.606682 0.0  0.597680  0.456548  0.570948  0.309902  0.502714  0.470261  0.257587  0.432381  0.438516  0.483668  0.680203  0.169043  0.544351  0.470554  0.286190  0.473527  0.443152  0.448020  0.543601  0.289903  0.137992  0.127334  0.120099  0.515436  0.432623  0.409917  0.552591  0.170337  0.248499  0.131060  0.277673  0.492473  0.304435  0.164112  0.406786  0.229416  0.314328  0.321789  0.369670  0.412965  0.131531  0.124450  0.254563  0.131969  0.653507  0.138604 
43  0.223870  0.128988  0.273516  0.248327  0.313668  0.346087  0.229121  0.211173  0.125163  0.613497  0.302479  0.475784  0.140024  0.550826  0.243510  0.376080  0.397857  0.424322  0.257900  0.360141  0.267978  0.571814  0.298027  0.253609  0.559100  0.441098  0.491013  0.377891  0.585481  0.149099  0.200688  0.326594  0.112947  0.358382  0.411140  0.411676  0.499462  0.442885  0.256231  0.232195  0.132288  0.113125  0.597680 0.0  0.177066  0.196769  0.376331  0.216713  0.233702  0.450843  0.294688  0.238888  0.186686  0.461323  0.511452  0.154620  0.283684  0.343421  0.225952  0.217547  0.258475  0.213935  0.372703  0.558236  0.693161  0.482425  0.273888  0.226569  0.267989  0.386126  0.561297  0.359850  0.626834  0.378452  0.219383  0.373111  0.467400  0.293002  0.436922  0.357784  0.349601  0.374065  0.337022  0.583178  0.605360  0.404161  0.591662  0.239761  0.541138 
44  0.152332  0.203385  0.238257  0.183118  0.209510  0.242508  0.246800  0.117715  0.210159  0.584033  0.224480  0.351930  0.150262  0.428007  0.157334  0.268712  0.512426  0.315828  0.168974  0.245942  0.234431  0.361338  0.220638  0.174319  0.584269  0.319807  0.526533  0.292699  0.370134  0.251510  0.182707  0.196477  0.204095  0.277138  0.231555  0.340651  0.412618  0.274525  0.135340  0.355803  0.203940  0.180607  0.456548  0.177066 0.0  0.229230  0.236758  0.181223  0.178094  0.353412  0.247294  0.184290  0.109193  0.490403  0.386963  0.193925  0.203829  0.290577  0.138296  0.160986  0.180815  0.252636  0.279912  0.474985  0.524146  0.480632  0.292061  0.115900  0.189737  0.314389  0.451195  0.274806  0.436033  0.300190  0.123237  0.272615  0.442527  0.209304  0.306060  0.292588  0.275381  0.276522  0.202152  0.453835  0.490673  0.297060  0.543300  0.282650  0.430745 
