89
0 0.0  0.200966  0.146315  0.130523  0.191338  0.134478  0.214176  0.185224  0.185736  0.498933  0.189483  0.327003  0.143171  0.365146  0.085431  0.249994  0.405768  0.341499  0.172416  0.327949  0.111945  0.355236  0.128288  0.214155  0.450007  0.223519  0.459694  0.337334  0.463854  0.208142  0.121515  0.133712  0.174160  0.225548  0.156678  0.300516  0.521412  0.306648  0.085431  0.391558  0.248556  0.198202  0.484553  0.286588  0.122647  0.161909  0.260797  0.150368  0.085431  0.367807  0.190734  0.189141  0.220430  0.439742  0.378316  0.211366  0.122631  0.229955  0.142017  0.132674  0.085431  0.189107  0.260024  0.376323  0.397890  0.504293  0.295641  0.246667  0.085431  0.269133  0.403992  0.211247  0.385676  0.332977  0.124643  0.271047  0.327796  0.150830  0.370987  0.381909  0.303550  0.161330  0.209943  0.466739  0.393024  0.278506  0.348163  0.363484  0.449447 
1  0.200966 0.0  0.181996  0.354274  0.306908  0.338437  0.227028  0.221470  0.126389  0.606800  0.253035  0.491062  0.177692  0.488706  0.134848  0.401396  0.304072  0.329824  0.339216  0.375964  0.235855  0.508862  0.210512  0.252477  0.570434  0.436661  0.375042  0.431374  0.504408  0.085431  0.257966  0.356611  0.210264  0.241206  0.369980  0.435750  0.665138  0.377027  0.242934  0.284281  0.142695  0.129545  0.666126  0.192879  0.209634  0.150261  0.368789  0.308668  0.269887  0.512427  0.251156  0.315255  0.170712  0.387493  0.487809  0.138667  0.269403  0.425904  0.243716  0.166206  0.210036  0.207521  0.402606  0.646971  0.573239  0.592494  0.286446  0.240052  0.293304  0.343872  0.415660  0.413689  0.597808  0.380674  0.171164  0.428916  0.605293  0.277695  0.468241  0.360286  0.400823  0.297797  0.382138  0.630837  0.578131  0.307479  0.580506  0.207672  0.643270 
2  0.146315  0.181996 0.0  0.181254  0.165105  0.286901  0.144480  0.228771  0.263968  0.499339  0.313305  0.429459  0.289699  0.343841  0.189859  0.226711  0.309808  0.310717  0.256383  0.365134  0.085431  0.360524  0.149578  0.270529  0.489206  0.355996  0.401966  0.318009  0.533517  0.138311  0.148379  0.193048  0.301221  0.104771  0.392345  0.451316  0.403139  0.191468  0.221380  0.351992  0.341381  0.293036  0.567499  0.277666  0.152240  0.182392  0.327458  0.091127  0.191418  0.436785  0.135101  0.186019  0.298860  0.381634  0.452599  0.142824  0.147220  0.332083  0.195673  0.182206  0.114499  0.131807  0.263138  0.466102  0.532958  0.444674  0.146633  0.236628  0.085431  0.259133  0.458059  0.409407  0.433000  0.342634  0.264940  0.352135  0.401978  0.153456  0.393539  0.392963  0.316107  0.175015  0.265504  0.566224  0.532084  0.315931  0.603419  0.232204  0.534115 
3  0.130523  0.354274  0.181254 0.0  0.174079  0.200427  0.287636  0.210664  0.169067  0.462986  0.142865  0.386797  0.218573  0.362961  0.085431  0.205589  0.492116  0.333031  0.149511  0.141190  0.170608  0.399574  0.118227  0.174407  0.533077  0.277625  0.531950  0.236924  0.442153  0.155836  0.167435  0.106273  0.256554  0.250479  0.254704  0.237783  0.436673  0.230005  0.212076  0.446991  0.231538  0.217840  0.430620  0.267622  0.167799  0.162217  0.197732  0.154417  0.158677  0.289981  0.085431  0.167658  0.110634  0.388647  0.468580  0.150398  0.216568  0.246703  0.100120  0.147895  0.118190  0.164871  0.296015  0.503904  0.575804  0.432499  0.147194  0.085431  0.201532  0.224566  0.411508  0.206514  0.473961  0.342416  0.153142  0.296007  0.433310  0.147491  0.192712  0.289102  0.205788  0.186958  0.184903  0.375733  0.332715  0.329176  0.427492  0.326972  0.497923 
4  0.191338  0.306908  0.165105  0.174079 0.0  0.255751  0.265497  0.232773  0.309764  0.568395  0.086400  0.175519  0.203245  0.355909  0.101068  0.187858  0.554778  0.228197  0.127450  0.258318  0.202341  0.384444  0.138099  0.139185  0.363470  0.296293  0.528443  0.152961  0.357934  0.294313  0.136285  0.104459  0.320621  0.276032  0.184067  0.377938  0.350063  0.166925  0.128715  0.436049  0.274902  0.236790  0.287585  0.343097  0.282134  0.356762  0.209559  0.237223  0.158058  0.330907  0.113614  0.117679  0.085431  0.437045  0.450969  0.153479  0.161743  0.311171  0.204067  0.115001  0.170364  0.104963  0.203469  0.348160  0.444501  0.360605  0.262254  0.189951  0.178197  0.213682  0.316383  0.176859  0.455694  0.246096  0.211099  0.288444  0.412697  0.121727  0.257069  0.232792  0.222278  0.125793  0.130966  0.487358  0.544544  0.219354  0.503373  0.216827  0.487616 
5  0.134478  0.338437  0.286901  0.200427  0.255751 0.0  0.439064  0.258280  0.422807  0.450891  0.232216  0.122950  0.289306  0.221831  0.170058  0.085431  0.603629  0.143962  0.208461  0.155829  0.256010  0.193289  0.277442  0.155517  0.363613  0.316629  0.675249  0.085431  0.258266  0.369733  0.262102  0.305749  0.408115  0.314604  0.162079  0.165934  0.306516  0.308248  0.178526  0.413119  0.350609  0.394467  0.217969  0.323950  0.212235  0.384070  0.085431  0.329320  0.211256  0.232435  0.284792  0.301417  0.197904  0.561033  0.295728  0.286772  0.231647  0.183150  0.197255  0.193697  0.278801  0.309040  0.085431  0.373423  0.452751  0.425080  0.353184  0.144336  0.193468  0.462760  0.315903  0.085431  0.313699  0.101123  0.245440  0.085766  0.292970  0.085431  0.119030  0.085431  0.085431  0.136444  0.158382  0.305069  0.286830  0.167329  0.337188  0.479927  0.259511 
6  0.214176  0.227028  0.144480  0.287636  0.265497  0.439064 0.0  0.209742  0.184440  0.645888  0.221627  0.444090  0.186862  0.505541  0.189666  0.414605  0.353706  0.431822  0.259102  0.351196  0.193563  0.512935  0.213289  0.235418  0.573076  0.375768  0.312732  0.335731  0.474965  0.094544  0.140636  0.233359  0.205083  0.281222  0.329570  0.444675  0.529746  0.310288  0.195185  0.373663  0.270371  0.260712  0.517563  0.244299  0.216904  0.085431  0.328172  0.143340  0.215117  0.385111  0.188303  0.262315  0.366477  0.333038  0.460208  0.194445  0.205812  0.336219  0.141195  0.130311  0.116982  0.092817  0.343197  0.589689  0.602416  0.605361  0.144709  0.280121  0.116113  0.251371  0.445471  0.506809  0.551586  0.453934  0.167401  0.374101  0.485521  0.213347  0.425332  0.319143  0.450641  0.285465  0.223425  0.514376  0.596160  0.365969  0.580189  0.137629  0.546522 
7  0.185224  0.221470  0.228771  0.210664  0.232773  0.258280  0.209742 0.0  0.280591  0.483151  0.298043  0.355640  0.234695  0.324414  0.137279  0.306850  0.504028  0.281968  0.201104  0.240843  0.288809  0.371455  0.212133  0.161540  0.505606  0.372100  0.563894  0.342213  0.393310  0.273295  0.185442  0.085431  0.144309  0.308368  0.221717  0.326896  0.462572  0.310037  0.085431  0.368680  0.170445  0.204444  0.478758  0.185286  0.143938  0.232865  0.185955  0.180851  0.085431  0.352465  0.264761  0.173714  0.133419  0.512231  0.476877  0.175341  0.283543  0.246988  0.093794  0.174952  0.226164  0.279292  0.306365  0.516612  0.425640  0.432996  0.318541  0.095849  0.243112  0.291356  0.431149  0.212385  0.435159  0.331368  0.143943  0.306019  0.460164  0.254125  0.313776  0.161997  0.174510  0.325417  0.374913  0.388103  0.496769  0.229113  0.551232  0.424868  0.472297 
8  0.185736  0.126389  0.263968  0.169067  0.309764  0.422807  0.184440  0.280591 0.0  0.588133  0.264346  0.440678  0.168994  0.524561  0.337791  0.359498  0.291202  0.441278  0.257694  0.380555  0.210304  0.515087  0.254798  0.364041  0.584675  0.463120  0.378393  0.361329  0.586972  0.186076  0.192514  0.409851  0.163348  0.381420  0.437423  0.474182  0.652116  0.465419  0.178347  0.249800  0.189133  0.085431  0.603331  0.085431  0.189219  0.324560  0.401364  0.245499  0.315562  0.480829  0.323318  0.292084  0.287865  0.525514  0.615816  0.131602  0.345384  0.409662  0.226296  0.306862  0.254696  0.265569  0.375580  0.628640  0.615895  0.683719  0.260452  0.286531  0.224712  0.371216  0.625538  0.405088  0.627791  0.322421  0.284319  0.404666  0.545545  0.305814  0.462477  0.378044  0.432281  0.433754  0.449572  0.570973  0.647602  0.511810  0.612701  0.225014  0.622277 
9  0.498933  0.606800  0.499339  0.462986  0.568395  0.450891  0.645888  0.483151  0.588133 0.0  0.513455  0.304292  0.611294  0.182456  0.591566  0.395011  1.000000  0.298518  0.400480  0.345455  0.547330  0.254286  0.425195  0.495344  0.085973  0.291776  0.921580  0.289088  0.221620  0.661542  0.472356  0.426525  0.548049  0.555504  0.366393  0.215094  0.150698  0.323735  0.681452  0.741295  0.627920  0.586854  0.100347  0.642072  0.436612  0.685307  0.363329  0.583562  0.382280  0.204603  0.468688  0.429165  0.536779  0.647417  0.236961  0.548628  0.512773  0.326337  0.524848  0.470506  0.512868  0.565956  0.339101  0.169652  0.085431  0.143051  0.604313  0.531472  0.549564  0.593625  0.190018  0.277038  0.085431  0.325917  0.554145  0.276670  0.208547  0.398278  0.291918  0.277924  0.328765  0.377975  0.538664  0.085431  0.134994  0.394957  0.164761  0.694477  0.191679 
10  0.189483  0.253035  0.313305  0.142865  0.086400  0.232216  0.221627  0.298043  0.264346  0.513455 0.0  0.334956  0.112655  0.320817  0.193780  0.155670  0.517704  0.208292  0.205401  0.297927  0.143829  0.287941  0.094461  0.285544  0.472520  0.285520  0.502407  0.276756  0.376100  0.208269  0.267499  0.193559  0.301875  0.286322  0.205205  0.367627  0.433629  0.144652  0.307267  0.482252  0.376724  0.321683  0.423079  0.274342  0.231884  0.231175  0.124495  0.307913  0.149056  0.186621  0.085431  0.085431  0.125698  0.388040  0.488946  0.183044  0.145987  0.267405  0.280322  0.085431  0.213787  0.218929  0.284317  0.472218  0.363886  0.479715  0.235681  0.172138  0.105886  0.161794  0.331757  0.239517  0.366724  0.280187  0.141988  0.272459  0.355218  0.114495  0.352536  0.278088  0.283655  0.216321  0.179894  0.408211  0.414230  0.221324  0.461985  0.349225  0.404366 
11  0.327003  0.491062  0.429459  0.386797  0.175519  0.122950  0.444090  0.355640  0.440678  0.304292  0.334956 0.0  0.391976  0.198390  0.312218  0.129409  0.681988  0.128674  0.245256  0.218872  0.353336  0.174322  0.334740  0.292505  0.284685  0.170771  0.755402  0.221067  0.181977  0.360390  0.302793  0.252182  0.494414  0.428966  0.164792  0.092511  0.259245  0.449087  0.281081  0.518612  0.491390  0.511768  0.272777  0.470688  0.295659  0.371428  0.178341  0.331319  0.313255  0.116647  0.396575  0.293745  0.288234  0.575606  0.225539  0.398115  0.398407  0.157653  0.346974  0.340068  0.302020  0.445260  0.150280  0.133758  0.309976  0.311518  0.468176  0.266767  0.360350  0.384894  0.085431  0.173953  0.229521  0.085431  0.237939  0.162691  0.197331  0.261192  0.095875  0.194240  0.163209  0.236304  0.261354  0.251841  0.123956  0.085431  0.218652  0.495456  0.195449 
12  0.143171  0.177692  0.289699  0.218573  0.203245  0.289306  0.186862  0.234695  0.168994  0.611294  0.112655  0.391976 0.0  0.414517  0.209262  0.340718  0.381814  0.413713  0.211549  0.245194  0.353835  0.429081  0.153458  0.332837  0.546475  0.339276  0.548840  0.384372  0.465019  0.166121  0.252154  0.191412  0.211663  0.353058  0.358398  0.410453  0.429963  0.394044  0.210627  0.287522  0.171654  0.085431  0.582414  0.116705  0.099528  0.160880  0.142778  0.137350  0.164742  0.360308  0.285487  0.170509  0.126330  0.489668  0.497961  0.206380  0.352002  0.376873  0.282872  0.219533  0.211515  0.127718  0.376306  0.491893  0.645413  0.428389  0.311318  0.175687  0.165485  0.302612  0.417244  0.309241  0.464837  0.332241  0.264961  0.305107  0.536262  0.175735  0.410391  0.302830  0.351799  0.337036  0.313392  0.535583  0.601980  0.261672  0.580006  0.255288  0.528767 
13  0.365146  0.488706  0.343841  0.362961  0.355909  0.221831  0.505541  0.324414  0.524561  0.182456  0.320817  0.198390  0.414517 0.0  0.412876  0.279759  0.751652  0.163346  0.308454  0.228575  0.357342  0.085431  0.395135  0.293228  0.114984  0.109342  0.925333  0.154914  0.096661  0.575903  0.489107  0.164687  0.416328  0.427267  0.306964  0.085431  0.141863  0.286482  0.412423  0.746707  0.497089  0.529323  0.183546  0.439285  0.459620  0.483291  0.312457  0.468542  0.424439  0.171651  0.387322  0.398452  0.412062  0.568061  0.085431  0.460986  0.423984  0.256597  0.412739  0.341270  0.436391  0.431825  0.141566  0.120994  0.260127  0.085920  0.586420  0.325624  0.408859  0.401836  0.085431  0.185579  0.245097  0.237074  0.335250  0.185326  0.101221  0.309276  0.159391  0.252289  0.174897  0.328914  0.254806  0.085431  0.148046  0.232156  0.240502  0.694425  0.138777 
14  0.085431  0.134848  0.189859  0.085431  0.101068  0.170058  0.189666  0.137279  0.337791  0.591566  0.193780  0.312218  0.209262  0.412876 0.0  0.194989  0.442572  0.312364  0.159609  0.273820  0.217249  0.367224  0.085431  0.152554  0.552174  0.230657  0.447644  0.302873  0.355552  0.256111  0.146584  0.085431  0.238527  0.235453  0.231893  0.336974  0.406600  0.278745  0.120541  0.388287  0.263455  0.324416  0.494006  0.287251  0.238442  0.189934  0.205794  0.189831  0.085431  0.352193  0.109964  0.136785  0.136406  0.442843  0.433177  0.235159  0.135585  0.215079  0.085431  0.087978  0.130360  0.258910  0.227881  0.446907  0.487494  0.499411  0.172681  0.215797  0.172618  0.262336  0.406280  0.307047  0.431722  0.298345  0.204546  0.297753  0.400103  0.103251  0.297051  0.271364  0.220399  0.216901  0.127056  0.448763  0.401680  0.247379  0.391167  0.307147  0.433617 
15  0.249994  0.401396  0.226711  0.205589  0.187858  0.085431  0.414605  0.306850  0.359498  0.395011  0.155670  0.129409  0.340718  0.279759  0.194989 0.0  0.602756  0.121693  0.148623  0.146643  0.227973  0.219003  0.267705  0.145862  0.362340  0.137974  0.608706  0.119693  0.317064  0.383161  0.338597  0.257110  0.358469  0.298825  0.124577  0.167144  0.284456  0.352011  0.234065  0.513401  0.372943  0.273973  0.316132  0.397809  0.206229  0.397789  0.133462  0.328750  0.274412  0.175954  0.274264  0.273682  0.216840  0.456288  0.207768  0.243253  0.258586  0.140412  0.245731  0.198799  0.207870  0.338179  0.090807  0.315113  0.271485  0.287560  0.423483  0.155649  0.271647  0.438601  0.296196  0.085431  0.228405  0.178370  0.269125  0.085431  0.316072  0.087763  0.140978  0.147465  0.141279  0.247251  0.166825  0.398668  0.238624  0.170544  0.380503  0.441920  0.414583 
16  0.405768  0.304072  0.309808  0.492116  0.554778  0.603629  0.353706  0.504028  0.291202  1.000000  0.517704  0.681988  0.381814  0.751652  0.442572  0.602756 0.0  0.661640  0.601728  0.603167  0.414236  0.701264  0.457206  0.586891  0.893187  0.625156  0.212044  0.763874  0.728638  0.340527  0.499692  0.574183  0.383689  0.424939  0.673099  0.714039  0.698663  0.605862  0.450023  0.412977  0.486547  0.413231  0.887106  0.346562  0.467263  0.291954  0.697359  0.355627  0.413634  0.793451  0.525050  0.532407  0.426083  0.399094  0.712600  0.287745  0.505931  0.720968  0.422943  0.385438  0.383740  0.426789  0.630234  0.845112  0.874868  0.802909  0.353329  0.515484  0.454744  0.422598  0.869413  0.667912  0.780561  0.587499  0.472853  0.620351  0.719092  0.501349  0.693455  0.629084  0.576955  0.530805  0.518743  0.842650  0.763793  0.610631  0.874657  0.315164  0.820987 
17  0.341499  0.329824  0.310717  0.333031  0.228197  0.143962  0.431822  0.281968  0.441278  0.298518  0.208292  0.128674  0.413713  0.163346  0.312364  0.121693  0.661640 0.0  0.172843  0.141817  0.245078  0.138309  0.370192  0.227151  0.172833  0.145355  0.717440  0.102292  0.186779  0.335491  0.379446  0.105194  0.393413  0.372497  0.085431  0.139358  0.236934  0.279582  0.225648  0.588569  0.504582  0.516496  0.300078  0.429465  0.302405  0.391336  0.190351  0.246621  0.179295  0.162365  0.255872  0.203019  0.249438  0.606332  0.174115  0.347599  0.278839  0.135631  0.313165  0.382112  0.324577  0.326053  0.085431  0.222642  0.190077  0.252675  0.348832  0.277739  0.320662  0.535372  0.229579  0.142168  0.251109  0.176382  0.331052  0.174953  0.244483  0.239188  0.089231  0.137789  0.085431  0.232050  0.284718  0.213762  0.307722  0.153788  0.256219  0.391554  0.132161 
18  0.172416  0.339216  0.256383  0.149511  0.127450  0.208461  0.259102  0.201104  0.257694  0.400480  0.205401  0.245256  0.211549  0.308454  0.159609  0.148623  0.601728  0.172843 0.0  0.170531  0.219680  0.325130  0.162022  0.167369  0.369082  0.177451  0.623591  0.192386  0.302953  0.267699  0.286297  0.138360  0.286393  0.292746  0.287283  0.224477  0.282663  0.283844  0.115654  0.451444  0.191190  0.289137  0.371486  0.337345  0.196125  0.267047  0.131620  0.252124  0.108806  0.221216  0.106562  0.159159  0.136597  0.451729  0.299811  0.228425  0.200541  0.090066  0.294717  0.129518  0.256836  0.291579  0.156779  0.344500  0.391347  0.335644  0.275327  0.255030  0.236485  0.344056  0.336373  0.208093  0.295339  0.148863  0.124236  0.098701  0.399153  0.195427  0.199537  0.125459  0.144979  0.183789  0.245738  0.425058  0.423812  0.190640  0.407062  0.359994  0.331136 
19  0.327949  0.375964  0.365134  0.141190  0.258318  0.155829  0.351196  0.240843  0.380555  0.345455  0.297927  0.218872  0.245194  0.228575  0.273820  0.146643  0.603167  0.141817  0.170531 0.0  0.285066  0.246263  0.195812  0.085431  0.233254  0.181154  0.645306  0.095528  0.277128  0.440493  0.304342  0.184184  0.384506  0.194124  0.085431  0.146653  0.279014  0.342036  0.170706  0.516613  0.312400  0.311068  0.283809  0.311993  0.179545  0.313285  0.104527  0.324224  0.192107  0.250816  0.254239  0.250182  0.218690  0.513643  0.202697  0.298044  0.228317  0.085431  0.264702  0.308955  0.230051  0.352066  0.102272  0.330122  0.299427  0.303231  0.283942  0.170747  0.305741  0.345979  0.225171  0.091507  0.346863  0.136438  0.274735  0.150246  0.275491  0.159348  0.227959  0.162969  0.141483  0.110364  0.200437  0.313890  0.293051  0.109160  0.335932  0.419726  0.359830 
20  0.111945  0.235855  0.085431  0.170608  0.202341  0.256010  0.193563  0.288809  0.210304  0.547330  0.143829  0.353336  0.353835  0.357342  0.217249  0.227973  0.414236  0.245078  0.219680  0.285066 0.0  0.475342  0.119053  0.238248  0.475853  0.363094  0.480659  0.223637  0.321649  0.276085  0.188324  0.216490  0.196711  0.226311  0.321681  0.353552  0.420151  0.180808  0.146128  0.353871  0.355129  0.307026  0.492175  0.170621  0.272322  0.193427  0.253645  0.196538  0.102260  0.403752  0.218790  0.099426  0.279418  0.412194  0.469527  0.263778  0.097050  0.274023  0.102792  0.128609  0.086205  0.125663  0.326258  0.583976  0.387199  0.572729  0.198941  0.208627  0.102700  0.245846  0.409191  0.262207  0.441997  0.220596  0.177675  0.227045  0.265042  0.123453  0.347643  0.239884  0.282954  0.163935  0.133201  0.412647  0.313531  0.279191  0.414679  0.184341  0.312172 
21  0.355236  0.508862  0.360524  0.399574  0.384444  0.193289  0.512935  0.371455  0.515087  0.254286  0.287941  0.174322  0.429081  0.085431  0.367224  0.219003  0.701264  0.138309  0.325130  0.246263  0.475342 0.0  0.340922  0.366262  0.103985  0.130475  0.768346  0.218878  0.085431  0.521409  0.391721  0.277174  0.575539  0.382790  0.291528  0.152692  0.218297  0.427302  0.394222  0.625266  0.502718  0.554894  0.138793  0.521011  0.364903  0.479064  0.279872  0.485061  0.375991  0.123169  0.370725  0.316291  0.387401  0.750073  0.085431  0.442379  0.394315  0.272944  0.305206  0.285804  0.353497  0.493165  0.262057  0.191064  0.189112  0.298708  0.416346  0.295437  0.357768  0.498673  0.085431  0.302003  0.279304  0.141907  0.397538  0.177281  0.175972  0.393854  0.142784  0.291391  0.253658  0.287130  0.283993  0.121287  0.195852  0.226536  0.127399  0.629970  0.125035 
22  0.128288  0.210512  0.149578  0.118227  0.138099  0.277442  0.213289  0.212133  0.254798  0.425195  0.094461  0.334740  0.153458  0.395135  0.085431  0.267705  0.457206  0.370192  0.162022  0.195812  0.119053  0.340922 0.0  0.199251  0.343833  0.339982  0.455448  0.306748  0.328078  0.315644  0.090810  0.102211  0.362748  0.133828  0.234262  0.294309  0.448959  0.128233  0.181085  0.481990  0.317769  0.280472  0.450444  0.261829  0.187166  0.205339  0.234890  0.085431  0.100730  0.359858  0.217032  0.145227  0.174867  0.412158  0.429457  0.221806  0.085431  0.167796  0.225122  0.085431  0.111405  0.208708  0.333594  0.399796  0.460862  0.473200  0.158251  0.184302  0.174777  0.304348  0.344530  0.248025  0.508580  0.294886  0.183723  0.290280  0.394602  0.139137  0.308067  0.260364  0.229761  0.112702  0.144647  0.470062  0.373689  0.356636  0.390705  0.347224  0.356471 
23  0.214155  0.252477  0.270529  0.174407  0.139185  0.155517  0.235418  0.161540  0.364041  0.495344  0.285544  0.292505  0.332837  0.293228  0.152554  0.145862  0.586891  0.227151  0.167369  0.085431  0.238248  0.366262  0.199251 0.0  0.491620  0.280494  0.623410  0.249745  0.387991  0.310210  0.126852  0.106899  0.260610  0.332909  0.180223  0.220156  0.352218  0.204763  0.240498  0.402081  0.281480  0.289878  0.361484  0.258066  0.112780  0.239883  0.171352  0.331341  0.177182  0.255411  0.165026  0.183220  0.176810  0.454765  0.212579  0.263242  0.169046  0.200424  0.246352  0.180752  0.172651  0.291575  0.170032  0.335963  0.395697  0.413003  0.301108  0.091988  0.226438  0.291671  0.279188  0.220354  0.302012  0.212287  0.107656  0.236942  0.281541  0.095756  0.177870  0.177278  0.200162  0.187348  0.148423  0.369726  0.461953  0.144908  0.349669  0.323778  0.361752 
24  0.450007  0.570434  0.489206  0.533077  0.363470  0.363613  0.573076  0.505606  0.584675  0.085973  0.472520  0.284685  0.546475  0.114984  0.552174  0.362340  0.893187  0.172833  0.369082  0.233254  0.475853  0.103985  0.343833  0.491620 0.0  0.321404  0.857079  0.277452  0.250525  0.720184  0.516241  0.379988  0.560865  0.461900  0.294612  0.329188  0.085431  0.394828  0.400047  0.712918  0.630539  0.606934  0.201971  0.532882  0.454302  0.568899  0.389939  0.533620  0.469344  0.280798  0.370907  0.413807  0.468254  0.637532  0.156710  0.486326  0.429999  0.226018  0.367448  0.499897  0.458481  0.639967  0.250502  0.094718  0.112701  0.139047  0.581933  0.423015  0.522562  0.642380  0.109947  0.340557  0.184723  0.221213  0.471418  0.222525  0.190671  0.360245  0.265874  0.318569  0.347743  0.317551  0.346071  0.085431  0.085431  0.230367  0.146654  0.671122  0.085431 
25  0.223519  0.436661  0.355996  0.277625  0.296293  0.316629  0.375768  0.372100  0.463120  0.291776  0.285520  0.170771  0.339276  0.109342  0.230657  0.137974  0.625156  0.145355  0.177451  0.181154  0.363094  0.130475  0.339982  0.280494  0.321404 0.0  0.751577  0.143054  0.258938  0.448330  0.447416  0.271701  0.439164  0.394345  0.113028  0.085431  0.240811  0.334472  0.209801  0.579736  0.439156  0.306754  0.307431  0.556909  0.283694  0.395928  0.242254  0.338407  0.312490  0.144729  0.214353  0.342448  0.334813  0.564026  0.311522  0.400595  0.301226  0.085431  0.299037  0.375592  0.316008  0.479120  0.085431  0.243613  0.281983  0.223808  0.352285  0.284344  0.329545  0.451045  0.135212  0.085431  0.149171  0.135043  0.204824  0.155142  0.123352  0.233577  0.129921  0.156474  0.104623  0.232966  0.234083  0.344237  0.210432  0.085431  0.299905  0.482966  0.202987 
26  0.459694  0.375042  0.401966  0.531950  0.528443  0.675249  0.312732  0.563894  0.378393  0.921580  0.502407  0.755402  0.548840  0.925333  0.447644  0.608706  0.212044  0.717440  0.623591  0.645306  0.480659  0.768346  0.455448  0.623410  0.857079  0.751577 0.0  0.688497  0.773076  0.283748  0.460237  0.624422  0.514481  0.504327  0.743485  0.756723  0.776024  0.457139  0.583219  0.601987  0.503653  0.424406  0.763397  0.451622  0.534196  0.379806  0.606653  0.464283  0.534001  0.738578  0.413975  0.475256  0.553772  0.309508  0.849331  0.405820  0.480479  0.679806  0.632532  0.476266  0.450296  0.390951  0.664845  0.818520  0.883866  0.893736  0.458781  0.590057  0.508707  0.432183  0.712807  0.679589  0.895369  0.721967  0.387588  0.631853  0.764708  0.527931  0.754887  0.718368  0.681386  0.580558  0.513691  0.831114  0.884447  0.606131  0.825348  0.415043  0.786523 
27  0.337334  0.431374  0.318009  0.236924  0.152961  0.085431  0.335731  0.342213  0.361329  0.289088  0.276756  0.221067  0.384372  0.154914  0.302873  0.119693  0.763874  0.102292  0.192386  0.095528  0.223637  0.218878  0.306748  0.249745  0.277452  0.143054  0.688497 0.0  0.306749  0.420367  0.293613  0.216995  0.282022  0.306097  0.085431  0.196072  0.257663  0.337075  0.266408  0.463731  0.379765  0.458457  0.330082  0.425998  0.293938  0.339442  0.166188  0.355044  0.163818  0.262408  0.375741  0.290133  0.195515  0.609599  0.135765  0.284397  0.351093  0.135811  0.274654  0.333798  0.237913  0.453846  0.114482  0.290240  0.253620  0.300778  0.463645  0.351052  0.329944  0.399499  0.291625  0.085431  0.235827  0.135820  0.254686  0.164988  0.246743  0.174825  0.155851  0.097523  0.085431  0.263256  0.189621  0.291674  0.267949  0.095720  0.318718  0.574928  0.233886 
28  0.463854  0.504408  0.533517  0.442153  0.357934  0.258266  0.474965  0.393310  0.586972  0.221620  0.376100  0.181977  0.465019  0.096661  0.355552  0.317064  0.728638  0.186779  0.302953  0.277128  0.321649  0.085431  0.328078  0.387991  0.250525  0.258938  0.773076  0.306749 0.0  0.592521  0.485732  0.281392  0.582151  0.439178  0.258458  0.170543  0.169530  0.411482  0.334692  0.651940  0.627581  0.544550  0.171652  0.559378  0.429364  0.500736  0.217477  0.457874  0.383193  0.186530  0.445342  0.412944  0.376609  0.641757  0.193130  0.469571  0.346568  0.187370  0.477109  0.495136  0.388050  0.423865  0.222586  0.085431  0.174195  0.140646  0.475277  0.377661  0.423718  0.447040  0.116615  0.201058  0.107837  0.226235  0.413992  0.348774  0.114606  0.276644  0.223139  0.233089  0.269722  0.279813  0.261036  0.085431  0.085431  0.218732  0.135664  0.623162  0.085431 
29  0.208142  0.085431  0.138311  0.155836  0.294313  0.369733  0.094544  0.273295  0.186076  0.661542  0.208269  0.360390  0.166121  0.575903  0.256111  0.383161  0.340527  0.335491  0.267699  0.440493  0.276085  0.521409  0.315644  0.310210  0.720184  0.448330  0.283748  0.420367  0.592521 0.0  0.217671  0.290315  0.245134  0.269671  0.445634  0.334411  0.546226  0.410155  0.325402  0.307080  0.268225  0.123857  0.560948  0.180247  0.222061  0.085431  0.435944  0.199999  0.203017  0.599626  0.332157  0.222246  0.290821  0.396056  0.586475  0.125771  0.298035  0.506768  0.230682  0.287007  0.200543  0.154123  0.441941  0.569125  0.682630  0.645693  0.234342  0.329147  0.201292  0.434416  0.517878  0.330076  0.585097  0.353190  0.231147  0.302572  0.518334  0.295198  0.538049  0.395119  0.417702  0.369496  0.395922  0.600455  0.476782  0.394301  0.623499  0.180808  0.624690 
30  0.121515  0.257966  0.148379  0.167435  0.136285  0.262102  0.140636  0.185442  0.192514  0.472356  0.267499  0.302793  0.252154  0.489107  0.146584  0.338597  0.499692  0.379446  0.286297  0.304342  0.188324  0.391721  0.090810  0.126852  0.516241  0.447416  0.460237  0.293613  0.485732  0.217671 0.0  0.244003  0.181946  0.353580  0.274393  0.364280  0.528238  0.263383  0.138901  0.445587  0.361019  0.226684  0.426112  0.307001  0.122343  0.169122  0.232849  0.137684  0.085431  0.219583  0.154445  0.113146  0.201309  0.355906  0.442211  0.203800  0.215321  0.235914  0.154336  0.085431  0.091701  0.142863  0.246471  0.512159  0.433315  0.537060  0.145968  0.193342  0.085431  0.235485  0.377273  0.287971  0.450390  0.335070  0.283929  0.286081  0.493020  0.242394  0.401783  0.309525  0.207077  0.261363  0.125441  0.370169  0.509779  0.322968  0.462907  0.208058  0.463282 
31  0.133712  0.356611  0.193048  0.106273  0.104459  0.305749  0.233359  0.085431  0.409851  0.426525  0.193559  0.252182  0.191412  0.164687  0.085431  0.257110  0.574183  0.105194  0.138360  0.184184  0.216490  0.277174  0.102211  0.106899  0.379988  0.271701  0.624422  0.216995  0.281392  0.290315  0.244003 0.0  0.303760  0.389354  0.145671  0.242979  0.330061  0.232090  0.118108  0.440968  0.260714  0.300572  0.424146  0.124692  0.153857  0.301181  0.236363  0.210465  0.179848  0.218879  0.259219  0.193461  0.085431  0.480108  0.349246  0.282951  0.144007  0.231241  0.208256  0.107507  0.160247  0.203985  0.157002  0.383110  0.430282  0.475998  0.262771  0.199261  0.165922  0.199422  0.221568  0.212487  0.427216  0.245300  0.121026  0.139566  0.316146  0.187711  0.161861  0.165751  0.192355  0.175080  0.161137  0.356801  0.342787  0.168594  0.422827  0.419149  0.408824 
32  0.174160  0.210264  0.301221  0.256554  0.320621  0.408115  0.205083  0.144309  0.163348  0.548049  0.301875  0.494414  0.211663  0.416328  0.238527  0.358469  0.383689  0.393413  0.286393  0.384506  0.196711  0.575539  0.362748  0.260610  0.560865  0.439164  0.514481  0.282022  0.582151  0.245134  0.181946  0.303760 0.0  0.423458  0.371049  0.467472  0.604554  0.318371  0.206326  0.273391  0.195114  0.195636  0.513413  0.108823  0.131389  0.192973  0.320679  0.278080  0.233113  0.403138  0.276552  0.203030  0.096814  0.474760  0.479460  0.215701  0.322248  0.363407  0.272897  0.186071  0.421095  0.260402  0.327719  0.484432  0.605901  0.722314  0.255618  0.236441  0.274491  0.440258  0.528432  0.388471  0.590131  0.452525  0.140105  0.386294  0.436768  0.308799  0.395994  0.364885  0.402677  0.324788  0.359407  0.563066  0.565915  0.464201  0.554375  0.263932  0.538100 
33  0.225548  0.241206  0.104771  0.250479  0.276032  0.314604  0.281222  0.308368  0.381420  0.555504  0.286322  0.428966  0.353058  0.427267  0.235453  0.298825  0.424939  0.372497  0.292746  0.194124  0.226311  0.382790  0.133828  0.332909  0.461900  0.394345  0.504327  0.306097  0.439178  0.269671  0.353580  0.389354  0.423458 0.0  0.378611  0.453384  0.462172  0.094153  0.187855  0.460131  0.422515  0.366513  0.417509  0.341130  0.349502  0.238073  0.268341  0.198819  0.244401  0.535945  0.122208  0.276839  0.319952  0.273474  0.443366  0.177384  0.188341  0.363698  0.207933  0.302522  0.253162  0.225884  0.352259  0.406622  0.548131  0.420427  0.187416  0.284858  0.104675  0.233365  0.471311  0.191718  0.474097  0.263256  0.320563  0.290098  0.377563  0.226485  0.416006  0.314192  0.303190  0.220706  0.307606  0.540787  0.422345  0.204114  0.472068  0.261308  0.540276 
34  0.156678  0.369980  0.392345  0.254704  0.184067  0.162079  0.329570  0.221717  0.437423  0.366393  0.205205  0.164792  0.358398  0.306964  0.231893  0.124577  0.673099  0.085431  0.287283  0.085431  0.321681  0.291528  0.234262  0.180223  0.294612  0.113028  0.743485  0.085431  0.258458  0.445634  0.274393  0.145671  0.371049  0.378611 0.0  0.176842  0.192263  0.399028  0.251291  0.450607  0.391417  0.375237  0.308538  0.507536  0.292327  0.367820  0.090330  0.360579  0.189126  0.157253  0.196438  0.231411  0.193651  0.536259  0.218034  0.274935  0.306005  0.085431  0.238074  0.206053  0.283688  0.245713  0.121212  0.304094  0.348232  0.395297  0.303633  0.236200  0.352285  0.362082  0.217899  0.085431  0.190203  0.114513  0.246559  0.095214  0.267118  0.144795  0.085431  0.100371  0.085431  0.135844  0.236914  0.335699  0.251050  0.171653  0.200262  0.416981  0.266916 
35  0.300516  0.435750  0.451316  0.237783  0.377938  0.165934  0.444675  0.326896  0.474182  0.215094  0.367627  0.092511  0.410453  0.085431  0.336974  0.167144  0.714039  0.139358  0.224477  0.146653  0.353552  0.152692  0.294309  0.220156  0.329188  0.085431  0.756723  0.196072  0.170543  0.334411  0.364280  0.242979  0.467472  0.453384  0.176842 0.0  0.122272  0.450224  0.358417  0.574204  0.383250  0.511986  0.352603  0.437975  0.370984  0.464332  0.162004  0.471678  0.357185  0.088185  0.343561  0.294078  0.334746  0.617906  0.212503  0.458842  0.310531  0.152135  0.305877  0.349675  0.359773  0.369142  0.147279  0.088617  0.217990  0.282037  0.435542  0.297428  0.371667  0.485003  0.120330  0.219964  0.161679  0.094551  0.322269  0.233621  0.244397  0.265094  0.166147  0.147961  0.165925  0.196088  0.205540  0.122173  0.216179  0.208749  0.186367  0.592780  0.219129 
36  0.521412  0.665138  0.403139  0.436673  0.350063  0.306516  0.529746  0.462572  0.652116  0.150698  0.433629  0.259245  0.429963  0.141863  0.406600  0.284456  0.698663  0.236934  0.282663  0.279014  0.420151  0.218297  0.448959  0.352218  0.085431  0.240811  0.776024  0.257663  0.169530  0.546226  0.528238  0.330061  0.604554  0.462172  0.192263  0.122272 0.0  0.412397  0.344686  0.663681  0.516011  0.666052  0.170078  0.633152  0.460436  0.481993  0.317489  0.549534  0.436320  0.258047  0.440937  0.393489  0.443684  0.757426  0.101801  0.473158  0.419481  0.273728  0.388838  0.497596  0.445589  0.520946  0.306644  0.149599  0.198877  0.144262  0.562284  0.391230  0.406964  0.494521  0.210963  0.199173  0.085431  0.230785  0.490029  0.189621  0.091865  0.447767  0.185572  0.281263  0.243927  0.404706  0.282811  0.085431  0.121652  0.235974  0.085431  0.596612  0.085431 
37  0.306648  0.377027  0.191468  0.230005  0.166925  0.308248  0.310288  0.310037  0.465419  0.323735  0.144652  0.449087  0.394044  0.286482  0.278745  0.352011  0.605862  0.279582  0.283844  0.342036  0.180808  0.427302  0.128233  0.204763  0.394828  0.334472  0.457139  0.337075  0.411482  0.410155  0.263383  0.232090  0.318371  0.094153  0.399028  0.450224  0.412397 0.0  0.330571  0.551554  0.531441  0.401900  0.405859  0.299729  0.307913  0.235231  0.222738  0.173569  0.181046  0.377915  0.184764  0.333605  0.367038  0.323785  0.489877  0.283734  0.117216  0.326778  0.177591  0.292455  0.265676  0.307201  0.354790  0.428872  0.415183  0.551555  0.258511  0.261594  0.212697  0.213312  0.473102  0.231285  0.425015  0.448048  0.253068  0.356307  0.295557  0.271033  0.367605  0.319208  0.223095  0.192983  0.200787  0.445508  0.436353  0.300860  0.402910  0.411190  0.425854 
38  0.085431  0.242934  0.221380  0.212076  0.128715  0.178526  0.195185  0.085431  0.178347  0.681452  0.307267  0.281081  0.210627  0.412423  0.120541  0.234065  0.450023  0.225648  0.115654  0.170706  0.146128  0.394222  0.181085  0.240498  0.400047  0.209801  0.583219  0.266408  0.334692  0.325402  0.138901  0.118108  0.206326  0.187855  0.251291  0.358417  0.344686  0.330571 0.0  0.296472  0.264522  0.285498  0.478660  0.179001  0.129809  0.283487  0.285933  0.166259  0.147335  0.258833  0.189338  0.204893  0.131621  0.586994  0.371134  0.233691  0.298939  0.230287  0.095586  0.144519  0.182891  0.201281  0.248564  0.426877  0.454296  0.485089  0.287221  0.085431  0.201087  0.328771  0.356053  0.295129  0.497397  0.233621  0.103866  0.165602  0.387543  0.258675  0.260725  0.112328  0.192770  0.188692  0.254027  0.463513  0.514896  0.212180  0.377665  0.240804  0.384511 
39  0.391558  0.284281  0.351992  0.446991  0.436049  0.413119  0.373663  0.368680  0.249800  0.741295  0.482252  0.518612  0.287522  0.746707  0.388287  0.513401  0.412977  0.588569  0.451444  0.516613  0.353871  0.625266  0.481990  0.402081  0.712918  0.579736  0.601987  0.463731  0.651940  0.307080  0.445587  0.440968  0.273391  0.460131  0.450607  0.574204  0.663681  0.551554  0.296472 0.0  0.233854  0.108942  0.725227  0.327858  0.330417  0.387875  0.507330  0.399323  0.461613  0.573047  0.461893  0.299489  0.291796  0.540054  0.748023  0.351701  0.435467  0.509286  0.385747  0.407191  0.474627  0.326073  0.476488  0.695132  0.653713  0.762424  0.445353  0.330545  0.360276  0.563975  0.635732  0.471186  0.771851  0.516501  0.423245  0.577862  0.618847  0.475168  0.590432  0.530831  0.498670  0.491403  0.493023  0.657868  0.791550  0.523890  0.635958  0.436408  0.733388 
40  0.248556  0.142695  0.341381  0.231538  0.274902  0.350609  0.270371  0.170445  0.189133  0.627920  0.376724  0.491390  0.171654  0.497089  0.263455  0.372943  0.486547  0.504582  0.191190  0.312400  0.355129  0.502718  0.317769  0.281480  0.630539  0.439156  0.503653  0.379765  0.627581  0.268225  0.361019  0.260714  0.195114  0.422515  0.391417  0.383250  0.516011  0.531441  0.264522  0.233854 0.0  0.112042  0.554009  0.085431  0.180449  0.266425  0.349415  0.369783  0.318783  0.482608  0.275569  0.274580  0.272074  0.514510  0.523327  0.085431  0.404534  0.279825  0.365574  0.285225  0.273337  0.299586  0.412120  0.544071  0.609115  0.692849  0.199556  0.273667  0.402217  0.363526  0.532415  0.299670  0.568359  0.337516  0.153372  0.411237  0.480499  0.351803  0.481714  0.437478  0.414837  0.402430  0.303058  0.579055  0.622449  0.458820  0.597596  0.369605  0.492840 
41  0.198202  0.129545  0.293036  0.217840  0.236790  0.394467  0.260712  0.204444  0.085431  0.586854  0.321683  0.511768  0.085431  0.529323  0.324416  0.273973  0.413231  0.516496  0.289137  0.311068  0.307026  0.554894  0.280472  0.289878  0.606934  0.306754  0.424406  0.458457  0.544550  0.123857  0.226684  0.300572  0.195636  0.366513  0.375237  0.511986  0.666052  0.401900  0.285498  0.108942  0.112042 0.0  0.652638  0.111041  0.218433  0.261046  0.360908  0.297060  0.195430  0.413839  0.283423  0.374642  0.176403  0.513719  0.454423  0.228049  0.280317  0.345910  0.173492  0.221736  0.270267  0.167353  0.339438  0.553421  0.597627  0.504322  0.232733  0.254017  0.392269  0.353343  0.602523  0.331997  0.660908  0.381262  0.285032  0.424706  0.530963  0.356801  0.429196  0.423223  0.388205  0.425793  0.319547  0.554022  0.607539  0.445335  0.561056  0.287236  0.602703 
42  0.484553  0.666126  0.567499  0.430620  0.287585  0.217969  0.517563  0.478758  0.603331  0.100347  0.423079  0.272777  0.582414  0.183546  0.494006  0.316132  0.887106  0.300078  0.371486  0.283809  0.492175  0.138793  0.450444  0.361484  0.201971  0.307431  0.763397  0.330082  0.171652  0.560948  0.426112  0.424146  0.513413  0.417509  0.308538  0.352603  0.170078  0.405859  0.478660  0.725227  0.554009  0.652638 0.0  0.635360  0.489829  0.677484  0.409856  0.410213  0.434079  0.249072  0.461957  0.378790  0.470835  0.840148  0.147045  0.637173  0.454655  0.346845  0.485739  0.373518  0.401063  0.495481  0.310361  0.085431  0.115089  0.197566  0.514785  0.516505  0.565590  0.623667  0.183327  0.306347  0.177863  0.261965  0.426176  0.232312  0.145554  0.375474  0.173230  0.221611  0.265523  0.435113  0.343584  0.207141  0.163495  0.248545  0.119377  0.707410  0.085431 
43  0.286588  0.192879  0.277666  0.267622  0.343097  0.323950  0.244299  0.185286  0.085431  0.642072  0.274342  0.470688  0.116705  0.439285  0.287251  0.397809  0.346562  0.429465  0.337345  0.311993  0.170621  0.521011  0.261829  0.258066  0.532882  0.556909  0.451622  0.425998  0.559378  0.180247  0.307001  0.124692  0.108823  0.341130  0.507536  0.437975  0.633152  0.299729  0.179001  0.327858  0.085431  0.111041  0.635360 0.0  0.180918  0.198316  0.272636  0.108461  0.282232  0.423255  0.256431  0.238719  0.224752  0.476595  0.574734  0.131515  0.257639  0.417130  0.189032  0.255577  0.321918  0.148337  0.292905  0.620692  0.676931  0.587583  0.299296  0.222923  0.199408  0.392003  0.478146  0.260281  0.584469  0.437393  0.251196  0.374421  0.424801  0.277551  0.445189  0.481255  0.360184  0.346841  0.435259  0.615202  0.732211  0.458172  0.600221  0.369038  0.571499 
44  0.122647  0.209634  0.152240  0.167799  0.282134  0.212235  0.216904  0.143938  0.189219  0.436612  0.231884  0.295659  0.099528  0.459620  0.238442  0.206229  0.467263  0.302405  0.196125  0.179545  0.272322  0.364903  0.187166  0.112780  0.454302  0.283694  0.534196  0.293938  0.429364  0.222061  0.122343  0.153857  0.131389  0.349502  0.292327  0.370984  0.460436  0.307913  0.129809  0.330417  0.180449  0.218433  0.489829  0.180918 0.0  0.278343  0.264613  0.123427  0.231303  0.391821  0.237074  0.149825  0.085431  0.487234  0.545750  0.213682  0.152674  0.386840  0.085431  0.217812  0.167367  0.242169  0.364282  0.361718  0.515777  0.510390  0.196805  0.085431  0.198254  0.391335  0.324113  0.275230  0.447953  0.289351  0.190186  0.273172  0.441561  0.131536  0.337493  0.301500  0.295849  0.228431  0.248850  0.496517  0.524533  0.283437  0.443644  0.344936  0.491089 
