89
0 0.0  0.208400  0.160746  0.093634  0.117087  0.224730  0.160853  0.163950  0.245568  0.513975  0.137928  0.290807  0.186855  0.332262  0.091483  0.259730  0.487444  0.265398  0.164287  0.220397  0.145650  0.322989  0.120946  0.147561  0.457340  0.285922  0.517722  0.287998  0.435045  0.226879  0.127370  0.148030  0.227285  0.239344  0.227812  0.280919  0.455389  0.223689  0.128981  0.368296  0.230672  0.244822  0.492599  0.199538  0.138132  0.207639  0.203494  0.135992  0.093260  0.298195  0.146486  0.100963  0.139188  0.483066  0.445559  0.176096  0.133868  0.265423  0.088100  0.079573  0.114835  0.180416  0.244381  0.397067  0.468663  0.380240  0.225917  0.144781  0.152836  0.273305  0.443362  0.236922  0.394344  0.285472  0.103128  0.238656  0.379573  0.152995  0.334235  0.240583  0.217871  0.174004  0.197810  0.408825  0.382712  0.262493  0.460180  0.233446  0.400881 
1  0.208400 0.0  0.205875  0.224356  0.245635  0.366486  0.178184  0.238179  0.121886  0.647588  0.270310  0.430012  0.151354  0.557923  0.255327  0.387953  0.398494  0.446367  0.266846  0.354346  0.234095  0.451605  0.240825  0.306858  0.571821  0.484583  0.448452  0.397578  0.571027  0.099632  0.174365  0.311241  0.155576  0.310714  0.405331  0.355948  0.578848  0.366461  0.243427  0.314075  0.188508  0.151475  0.619390  0.128078  0.202025  0.144890  0.405902  0.149246  0.251778  0.480268  0.250137  0.225251  0.257106  0.441673  0.550809  0.119154  0.249815  0.372606  0.225777  0.226345  0.194768  0.197978  0.396167  0.658157  0.648430  0.622709  0.206882  0.227991  0.215080  0.284730  0.551476  0.372711  0.550747  0.389639  0.189002  0.340044  0.489418  0.298513  0.417465  0.393436  0.425718  0.347635  0.337999  0.573474  0.570335  0.420772  0.501688  0.184277  0.508896 
2  0.160746  0.205875 0.0  0.168570  0.167100  0.325099  0.121601  0.254626  0.278840  0.544394  0.168924  0.377232  0.240332  0.450122  0.158034  0.328187  0.341607  0.369266  0.253495  0.288966  0.134163  0.459373  0.167993  0.240620  0.490878  0.365097  0.475075  0.309974  0.411229  0.210304  0.124138  0.231562  0.252858  0.174019  0.370928  0.323438  0.490014  0.211773  0.189063  0.357830  0.301442  0.247643  0.472929  0.234580  0.225495  0.135030  0.261682  0.107765  0.163967  0.429818  0.131196  0.197412  0.225921  0.320607  0.529949  0.159230  0.138710  0.385847  0.177558  0.171611  0.144589  0.087843  0.310089  0.464755  0.529990  0.512295  0.124062  0.218158  0.102921  0.183384  0.472866  0.291380  0.473535  0.394023  0.188586  0.354069  0.433977  0.198899  0.381645  0.371004  0.305202  0.230937  0.243771  0.532977  0.503949  0.394765  0.550248  0.210794  0.508294 
3  0.093634  0.224356  0.168570 0.0  0.099671  0.231451  0.173295  0.177247  0.288214  0.475459  0.117932  0.286476  0.184841  0.349661  0.079870  0.209883  0.487551  0.251281  0.171991  0.207655  0.121894  0.361674  0.111759  0.169706  0.448302  0.285892  0.498378  0.269304  0.421889  0.255496  0.125639  0.157406  0.227513  0.225541  0.237398  0.328359  0.410302  0.242886  0.137694  0.422978  0.296557  0.256823  0.448117  0.224025  0.142333  0.206295  0.183880  0.147326  0.080676  0.336111  0.146822  0.098390  0.157309  0.393002  0.364198  0.177302  0.112513  0.257099  0.108014  0.092241  0.092377  0.154540  0.230170  0.387019  0.466122  0.485514  0.210717  0.139775  0.141311  0.238076  0.385652  0.222913  0.395786  0.258201  0.140089  0.245930  0.400446  0.129191  0.314378  0.250107  0.254112  0.171463  0.158209  0.474667  0.479329  0.256820  0.469579  0.266869  0.465961 
4  0.117087  0.245635  0.167100  0.099671 0.0  0.222223  0.214563  0.169585  0.321601  0.463687  0.103284  0.334407  0.224300  0.340591  0.106379  0.203745  0.510645  0.296621  0.154407  0.200754  0.122102  0.369443  0.101992  0.159108  0.328905  0.293909  0.527008  0.210969  0.341764  0.290610  0.170118  0.137209  0.257028  0.221277  0.211048  0.302508  0.371565  0.194667  0.160577  0.378285  0.321003  0.284440  0.408399  0.268724  0.174407  0.253419  0.173114  0.181932  0.096337  0.303089  0.128956  0.098022  0.168539  0.416252  0.380400  0.214689  0.103683  0.191222  0.139186  0.120728  0.107897  0.185005  0.225673  0.422484  0.399416  0.418691  0.222861  0.139014  0.150332  0.258006  0.450566  0.205799  0.407716  0.235273  0.167471  0.187805  0.290627  0.099688  0.277336  0.234928  0.218638  0.152647  0.150313  0.386604  0.430579  0.246182  0.348409  0.298754  0.406190 
5  0.224730  0.366486  0.325099  0.231451  0.222223 0.0  0.302316  0.215797  0.365771  0.350362  0.220656  0.158741  0.301136  0.259186  0.234007  0.088601  0.530809  0.122432  0.135803  0.084121  0.294723  0.247804  0.231432  0.142365  0.299660  0.142604  0.802808  0.108451  0.285209  0.350137  0.287462  0.140299  0.313362  0.305012  0.090886  0.188207  0.298778  0.270212  0.189962  0.514257  0.407196  0.369755  0.314688  0.366191  0.251958  0.362884  0.098757  0.298247  0.209274  0.151123  0.250690  0.182473  0.201179  0.569500  0.227102  0.300369  0.234313  0.111034  0.227446  0.235894  0.223656  0.337014  0.099915  0.260581  0.344925  0.331292  0.297795  0.233110  0.292574  0.391665  0.260806  0.091134  0.289183  0.117089  0.236441  0.110325  0.247198  0.160404  0.166538  0.110812  0.091175  0.167941  0.181543  0.269672  0.303610  0.143534  0.302917  0.449156  0.286701 
6  0.160853  0.178184  0.121601  0.173295  0.214563  0.302316 0.0  0.237414  0.221614  0.576438  0.200455  0.362812  0.244622  0.449104  0.173625  0.337041  0.356104  0.391815  0.275250  0.339425  0.171111  0.510570  0.194074  0.299936  0.570105  0.398628  0.388293  0.376425  0.606174  0.160678  0.140667  0.262240  0.222685  0.213899  0.303322  0.411493  0.600010  0.223144  0.223814  0.338302  0.259055  0.262207  0.590000  0.233384  0.240139  0.099833  0.334230  0.111321  0.182827  0.394908  0.178016  0.211191  0.246333  0.257493  0.475041  0.139616  0.194464  0.360656  0.208439  0.178749  0.175365  0.100093  0.362008  0.414409  0.562239  0.637806  0.130626  0.218316  0.127233  0.221790  0.558400  0.376728  0.521977  0.332572  0.181652  0.406993  0.542451  0.260924  0.429525  0.366622  0.358573  0.256964  0.273227  0.539912  0.565217  0.393259  0.453967  0.175116  0.521283 
7  0.163950  0.238179  0.254626  0.177247  0.169585  0.215797  0.237414 0.0  0.235453  0.554524  0.198453  0.291959  0.163501  0.397700  0.178707  0.247825  0.513321  0.272615  0.166397  0.208501  0.228219  0.389032  0.245560  0.163559  0.496431  0.261691  0.648844  0.259420  0.321294  0.287250  0.183181  0.166474  0.191638  0.287204  0.224813  0.350791  0.417473  0.283977  0.122578  0.361883  0.202870  0.233858  0.420116  0.220676  0.097880  0.200784  0.196329  0.217491  0.183168  0.287876  0.237785  0.158017  0.093192  0.487280  0.379728  0.199604  0.229316  0.240772  0.151959  0.166307  0.181533  0.242567  0.253433  0.436845  0.537196  0.397278  0.300091  0.104251  0.210502  0.356179  0.396752  0.224078  0.437052  0.279205  0.132141  0.249497  0.371147  0.205955  0.321816  0.224283  0.253491  0.254686  0.243810  0.362064  0.464689  0.286488  0.478124  0.339576  0.423457 
8  0.245568  0.121886  0.278840  0.288214  0.321601  0.365771  0.221614  0.235453 0.0  0.646540  0.349922  0.549744  0.151727  0.564936  0.254019  0.345514  0.419160  0.427421  0.336243  0.353246  0.289271  0.635584  0.306473  0.342164  0.616758  0.395977  0.442880  0.362323  0.563725  0.131129  0.224672  0.273892  0.145834  0.330029  0.385939  0.504398  0.581873  0.370834  0.279437  0.233892  0.150300  0.137902  0.624690  0.107077  0.244856  0.196530  0.370648  0.237134  0.249963  0.502829  0.321490  0.250655  0.255161  0.486349  0.592771  0.150659  0.260899  0.439958  0.235513  0.251213  0.256254  0.237563  0.428998  0.556381  0.676289  0.701566  0.276713  0.252955  0.296755  0.377569  0.523345  0.388479  0.576534  0.463306  0.236027  0.380915  0.538871  0.333484  0.540990  0.418679  0.371791  0.375270  0.377545  0.594156  0.552542  0.353442  0.653946  0.211146  0.572695 
9  0.513975  0.647588  0.544394  0.475459  0.463687  0.350362  0.576438  0.554524  0.646540 0.0  0.502275  0.289196  0.509894  0.200779  0.514769  0.386797  0.986902  0.339591  0.423114  0.344860  0.461326  0.206265  0.426710  0.446821  0.131800  0.279540  0.820802  0.356790  0.181441  0.633671  0.432691  0.465419  0.702708  0.504801  0.366357  0.267810  0.156967  0.472499  0.421814  0.780120  0.654048  0.659645  0.122350  0.549841  0.508225  0.531191  0.375925  0.492955  0.472264  0.306958  0.484677  0.492020  0.527523  0.659332  0.194020  0.712811  0.619221  0.314629  0.523664  0.480670  0.484653  0.549230  0.347240  0.166680  0.081858  0.126589  0.538564  0.492266  0.568987  0.536189  0.217969  0.287612  0.143688  0.273076  0.482652  0.339989  0.187573  0.477041  0.299484  0.307502  0.355433  0.386447  0.389503  0.149105  0.134120  0.316049  0.148921  0.524341  0.174594 
10  0.137928  0.270310  0.168924  0.117932  0.103284  0.220656  0.200455  0.198453  0.349922  0.502275 0.0  0.289433  0.245293  0.373570  0.111169  0.249127  0.446140  0.252453  0.181928  0.252802  0.098933  0.354596  0.081544  0.181576  0.453856  0.253225  0.549192  0.259278  0.362165  0.241993  0.172106  0.164971  0.305312  0.184020  0.211870  0.334017  0.432754  0.167635  0.181921  0.468671  0.262334  0.281273  0.381138  0.261558  0.219958  0.184442  0.208698  0.159886  0.126221  0.304365  0.101634  0.129227  0.184353  0.338181  0.382055  0.219512  0.076947  0.256206  0.158042  0.144009  0.110595  0.171051  0.257645  0.446068  0.481322  0.508061  0.176943  0.179302  0.134501  0.233847  0.370983  0.229225  0.357817  0.282571  0.163590  0.216956  0.366796  0.138821  0.301803  0.241768  0.262222  0.152394  0.138078  0.398343  0.378831  0.245782  0.423789  0.261128  0.418762 
11  0.290807  0.430012  0.377232  0.286476  0.334407  0.158741  0.362812  0.291959  0.549744  0.289196  0.289433 0.0  0.378839  0.149359  0.330573  0.141599  0.644302  0.106958  0.235551  0.173863  0.301031  0.153590  0.278116  0.257723  0.228229  0.089419  0.677945  0.133484  0.188405  0.483588  0.357893  0.244993  0.429573  0.402581  0.127957  0.093942  0.183210  0.340028  0.310839  0.580784  0.455100  0.396464  0.258015  0.428082  0.323291  0.427665  0.174766  0.365428  0.306474  0.095050  0.271345  0.268489  0.297528  0.580593  0.153381  0.389659  0.308030  0.105059  0.338253  0.295769  0.338252  0.350442  0.138326  0.177920  0.280751  0.225573  0.427007  0.309999  0.342994  0.418306  0.162490  0.128206  0.193455  0.107078  0.328226  0.135450  0.156982  0.231581  0.078058  0.124258  0.137087  0.253364  0.246213  0.247075  0.258508  0.108389  0.219550  0.470750  0.185175 
12  0.186855  0.151354  0.240332  0.184841  0.224300  0.301136  0.244622  0.163501  0.151727  0.509894  0.245293  0.378839 0.0  0.516221  0.177767  0.299170  0.446808  0.340968  0.249450  0.264777  0.248680  0.468844  0.234788  0.233453  0.525765  0.427816  0.520992  0.319965  0.534045  0.163875  0.177991  0.217954  0.109240  0.320351  0.305124  0.402363  0.610506  0.328953  0.163364  0.269500  0.127863  0.118362  0.449286  0.127385  0.124836  0.207015  0.264179  0.191724  0.205077  0.349062  0.218180  0.199004  0.148345  0.458472  0.487339  0.149252  0.242458  0.335940  0.196422  0.183198  0.209138  0.212444  0.307636  0.498630  0.640927  0.437693  0.274539  0.176532  0.221162  0.345324  0.504912  0.320251  0.488899  0.341785  0.158043  0.349870  0.486596  0.209542  0.358624  0.357880  0.283905  0.269740  0.313160  0.454271  0.456391  0.363953  0.549976  0.251166  0.598600 
13  0.332262  0.557923  0.450122  0.349661  0.340591  0.259186  0.449104  0.397700  0.564936  0.200779  0.373570  0.149359  0.516221 0.0  0.428848  0.214276  0.802776  0.175051  0.299144  0.237102  0.378849  0.084183  0.321777  0.327242  0.149259  0.166663  0.894978  0.199983  0.109023  0.585389  0.432457  0.322473  0.440850  0.403737  0.210142  0.138363  0.123707  0.359347  0.367518  0.657280  0.497447  0.458780  0.173258  0.549599  0.388085  0.564789  0.233447  0.461057  0.384746  0.149264  0.357980  0.369114  0.380999  0.707999  0.086273  0.451879  0.371411  0.169938  0.402315  0.355517  0.386769  0.457010  0.210707  0.126353  0.198200  0.158339  0.436761  0.345405  0.464775  0.476439  0.094260  0.223107  0.145599  0.163962  0.336683  0.211483  0.127115  0.296277  0.145765  0.190938  0.205279  0.288537  0.295759  0.150229  0.150779  0.176570  0.156496  0.523726  0.125163 
14  0.091483  0.255327  0.158034  0.079870  0.106379  0.234007  0.173625  0.178707  0.254019  0.514769  0.111169  0.330573  0.177767  0.428848 0.0  0.241030  0.461978  0.301393  0.183189  0.210359  0.127820  0.355160  0.117291  0.170201  0.441205  0.269176  0.523973  0.244080  0.440376  0.214565  0.115592  0.155264  0.203819  0.237910  0.246531  0.331283  0.453675  0.223969  0.135768  0.416359  0.244668  0.244450  0.434624  0.230700  0.169677  0.186802  0.182936  0.155017  0.083419  0.328708  0.134345  0.101376  0.142678  0.425677  0.409599  0.155349  0.120844  0.268835  0.108614  0.097722  0.095302  0.151298  0.233774  0.446221  0.456318  0.551287  0.198756  0.143905  0.143244  0.261635  0.445828  0.241922  0.390551  0.225723  0.118787  0.252533  0.359254  0.144660  0.274106  0.241159  0.253012  0.192576  0.176952  0.456149  0.479003  0.247234  0.445601  0.273030  0.404947 
15  0.259730  0.387953  0.328187  0.209883  0.203745  0.088601  0.337041  0.247825  0.345514  0.386797  0.249127  0.141599  0.299170  0.214276  0.241030 0.0  0.580973  0.110668  0.149637  0.097792  0.255684  0.208561  0.235617  0.154048  0.336959  0.134162  0.629708  0.085952  0.258734  0.374229  0.258957  0.182593  0.360968  0.343891  0.086265  0.152579  0.287217  0.295303  0.196475  0.476477  0.383643  0.346847  0.314412  0.379361  0.249821  0.329664  0.114731  0.264752  0.222504  0.158692  0.299999  0.218294  0.210414  0.559389  0.231923  0.321213  0.258945  0.101999  0.232339  0.203897  0.246170  0.322228  0.090429  0.248081  0.350462  0.325265  0.379362  0.207118  0.294457  0.357844  0.225186  0.090804  0.286101  0.114907  0.261831  0.109903  0.263771  0.184058  0.153924  0.098493  0.083972  0.179475  0.185391  0.321179  0.274961  0.129235  0.307296  0.414037  0.269838 
16  0.487444  0.398494  0.341607  0.487551  0.510645  0.530809  0.356104  0.513321  0.419160  0.986902  0.446140  0.644302  0.446808  0.802776  0.461978  0.580973 0.0  0.714211  0.592487  0.552119  0.412629  0.809942  0.479540  0.559101  0.965427  0.719632  0.156083  0.634097  0.872986  0.306249  0.448581  0.510252  0.416644  0.391086  0.595342  0.814401  0.843158  0.491882  0.494945  0.469510  0.393085  0.445714  0.668748  0.426702  0.520921  0.283095  0.595340  0.408174  0.501992  0.642446  0.449653  0.521004  0.502288  0.313074  0.700108  0.346295  0.459049  0.749627  0.500588  0.469514  0.416986  0.322989  0.594726  0.737393  0.964766  0.878192  0.332185  0.589699  0.407290  0.356497  0.753815  0.633693  0.715807  0.624583  0.474311  0.626248  0.788212  0.534879  0.695956  0.692087  0.669087  0.563540  0.474018  0.849850  0.873496  0.635373  0.657932  0.255315  0.815929 
17  0.265398  0.446367  0.369266  0.251281  0.296621  0.122432  0.391815  0.272615  0.427421  0.339591  0.252453  0.106958  0.340968  0.175051  0.301393  0.110668  0.714211 0.0  0.205206  0.133944  0.275575  0.206034  0.258015  0.189219  0.255941  0.093683  0.807750  0.102205  0.239290  0.444662  0.291945  0.223011  0.338366  0.331038  0.116809  0.122428  0.252105  0.310495  0.268014  0.626557  0.434958  0.449097  0.251311  0.375413  0.269977  0.409619  0.146985  0.316548  0.257395  0.115145  0.290506  0.250054  0.296321  0.623527  0.181916  0.386771  0.276016  0.090187  0.290541  0.307202  0.276634  0.368156  0.096942  0.197360  0.277470  0.288548  0.449071  0.247454  0.290728  0.374242  0.177894  0.110797  0.262113  0.085008  0.275893  0.112942  0.205764  0.211391  0.106929  0.098647  0.116749  0.229157  0.209711  0.245550  0.240188  0.105836  0.235943  0.505346  0.217918 
18  0.164287  0.266846  0.253495  0.171991  0.154407  0.135803  0.275250  0.166397  0.336243  0.423114  0.181928  0.235551  0.249450  0.299144  0.183189  0.149637  0.592487  0.205206 0.0  0.126328  0.206173  0.275284  0.159030  0.083709  0.334646  0.203984  0.480358  0.159337  0.320975  0.337994  0.212479  0.091642  0.313051  0.296150  0.169722  0.220962  0.387958  0.257851  0.135607  0.423892  0.288228  0.263948  0.399222  0.268560  0.197265  0.281010  0.121385  0.237918  0.156776  0.258683  0.177170  0.132364  0.150616  0.585061  0.360565  0.231103  0.178639  0.175833  0.155659  0.156887  0.194059  0.267985  0.175726  0.386819  0.412083  0.361872  0.330651  0.140124  0.240733  0.395245  0.339431  0.148094  0.356241  0.195273  0.149496  0.190781  0.282699  0.124150  0.218684  0.179108  0.149456  0.161914  0.166516  0.364057  0.410745  0.187562  0.416003  0.374531  0.316374 
19  0.220397  0.354346  0.288966  0.207655  0.200754  0.084121  0.339425  0.208501  0.353246  0.344860  0.252802  0.173863  0.264777  0.237102  0.210359  0.097792  0.552119  0.133944  0.126328 0.0  0.259231  0.242132  0.199924  0.144618  0.323653  0.164687  0.685262  0.105645  0.278841  0.324206  0.270482  0.157413  0.333740  0.323663  0.101615  0.181178  0.295639  0.293891  0.176296  0.463238  0.328814  0.352577  0.318522  0.341967  0.211596  0.332894  0.096004  0.281323  0.223927  0.179403  0.252805  0.200985  0.208191  0.442057  0.275944  0.311566  0.220146  0.120257  0.211910  0.216719  0.239515  0.297572  0.115015  0.294729  0.403024  0.339676  0.381951  0.197411  0.284142  0.360025  0.275442  0.103568  0.313561  0.131452  0.223900  0.112714  0.241000  0.162786  0.157423  0.113717  0.105853  0.157259  0.181808  0.318448  0.312409  0.141990  0.267388  0.488467  0.288899 
20  0.145650  0.234095  0.134163  0.121894  0.122102  0.294723  0.171111  0.228219  0.289271  0.461326  0.098933  0.301031  0.248680  0.378849  0.127820  0.255684  0.412629  0.275575  0.206173  0.259231 0.0  0.410395  0.103856  0.182264  0.455539  0.287531  0.495425  0.274705  0.413608  0.244145  0.138838  0.192872  0.310179  0.175457  0.282662  0.321221  0.462480  0.165034  0.195918  0.425441  0.316369  0.300095  0.415876  0.288436  0.245449  0.194687  0.243479  0.163608  0.128407  0.328794  0.085153  0.143716  0.208900  0.441709  0.397145  0.193200  0.095245  0.267349  0.161709  0.138023  0.106472  0.146354  0.304977  0.413084  0.418357  0.468294  0.179288  0.199231  0.102979  0.215925  0.454721  0.254970  0.480760  0.256624  0.183498  0.247476  0.378204  0.141083  0.360797  0.237810  0.257048  0.177744  0.163798  0.484420  0.388773  0.281903  0.442744  0.261824  0.413366 
21  0.322989  0.451605  0.459373  0.361674  0.369443  0.247804  0.510570  0.389032  0.635584  0.206265  0.354596  0.153590  0.468844  0.084183  0.355160  0.208561  0.809942  0.206034  0.275284  0.242132  0.410395 0.0  0.354863  0.283090  0.143353  0.181261  0.790318  0.208071  0.100068  0.478767  0.420567  0.330616  0.525857  0.450555  0.206946  0.136725  0.117807  0.473672  0.371968  0.599641  0.501719  0.536769  0.171809  0.432776  0.427473  0.555441  0.252895  0.453514  0.417162  0.151979  0.459421  0.377760  0.429551  0.602970  0.081517  0.536921  0.376303  0.177475  0.417646  0.390787  0.396423  0.501664  0.193495  0.124068  0.220654  0.154046  0.472382  0.361794  0.484111  0.413623  0.083481  0.222013  0.140891  0.186380  0.426783  0.183490  0.126154  0.327468  0.147979  0.216122  0.185818  0.290193  0.292930  0.150778  0.142453  0.191907  0.155249  0.578488  0.130893 
22  0.120946  0.240825  0.167993  0.111759  0.101992  0.231432  0.194074  0.245560  0.306473  0.426710  0.081544  0.278116  0.234788  0.321777  0.117291  0.235617  0.479540  0.258015  0.159030  0.199924  0.103856  0.354863 0.0  0.178716  0.431785  0.242830  0.544056  0.242257  0.353355  0.269799  0.146967  0.149273  0.306531  0.204100  0.233325  0.292774  0.400863  0.165899  0.179420  0.480008  0.300981  0.276326  0.406212  0.289450  0.201630  0.203691  0.178246  0.153205  0.113141  0.316969  0.102840  0.126186  0.175518  0.434656  0.423511  0.214724  0.081628  0.282150  0.138590  0.133573  0.106960  0.160142  0.272455  0.396815  0.473737  0.441338  0.209070  0.173226  0.133033  0.236180  0.368359  0.223158  0.424395  0.295206  0.151024  0.226027  0.388288  0.123103  0.291137  0.251348  0.222593  0.165770  0.159366  0.406467  0.493306  0.252010  0.364769  0.278402  0.452664 
23  0.147561  0.306858  0.240620  0.169706  0.159108  0.142365  0.299936  0.163559  0.342164  0.446821  0.181576  0.257723  0.233453  0.327242  0.170201  0.154048  0.559101  0.189219  0.083709  0.144618  0.182264  0.283090  0.178716 0.0  0.357633  0.217465  0.512600  0.160063  0.336020  0.350774  0.195050  0.096173  0.238726  0.291376  0.156474  0.256402  0.334186  0.245908  0.122649  0.410927  0.273941  0.277877  0.349151  0.314343  0.163350  0.274592  0.123232  0.223720  0.137061  0.217413  0.205754  0.135682  0.156217  0.466206  0.329683  0.247841  0.195870  0.178889  0.152130  0.150508  0.200435  0.250000  0.161706  0.328844  0.455258  0.345311  0.319693  0.136821  0.225082  0.339578  0.321374  0.150370  0.375780  0.210780  0.167973  0.160219  0.281982  0.141282  0.258844  0.171764  0.159282  0.178529  0.171255  0.419507  0.334500  0.201454  0.339658  0.377703  0.373873 
24  0.457340  0.571821  0.490878  0.448302  0.328905  0.299660  0.570105  0.496431  0.616758  0.131800  0.453856  0.228229  0.525765  0.149259  0.441205  0.336959  0.965427  0.255941  0.334646  0.323653  0.455539  0.143353  0.431785  0.357633 0.0  0.227074  0.807550  0.294614  0.121386  0.564312  0.529260  0.420207  0.642395  0.514102  0.319435  0.219260  0.101315  0.509994  0.394294  0.640088  0.605223  0.664706  0.105907  0.634973  0.389350  0.589586  0.342549  0.549726  0.360686  0.218964  0.488343  0.408517  0.420269  0.693307  0.145112  0.547976  0.416423  0.247879  0.427112  0.432770  0.491486  0.550678  0.246960  0.106876  0.129793  0.082577  0.549120  0.345436  0.462041  0.549212  0.133389  0.295272  0.095591  0.257606  0.507159  0.307279  0.164473  0.418199  0.255722  0.272952  0.304331  0.375696  0.395870  0.078786  0.079074  0.263399  0.085684  0.649864  0.111524 
25  0.285922  0.484583  0.365097  0.285892  0.293909  0.142604  0.398628  0.261691  0.395977  0.279540  0.253225  0.089419  0.427816  0.166663  0.269176  0.134162  0.719632  0.093683  0.203984  0.164687  0.287531  0.181261  0.242830  0.217465  0.227074 0.0  0.740605  0.112724  0.185747  0.400309  0.327686  0.197695  0.426525  0.424333  0.118064  0.114567  0.205511  0.371036  0.270420  0.552967  0.391605  0.352355  0.255781  0.433588  0.351776  0.404498  0.159488  0.371912  0.276570  0.095733  0.298803  0.278549  0.283455  0.546551  0.167162  0.393508  0.280370  0.103577  0.283970  0.295422  0.307584  0.408404  0.115229  0.203737  0.285302  0.231953  0.427367  0.284320  0.324543  0.493182  0.190883  0.130019  0.255744  0.093242  0.263938  0.109705  0.172817  0.257668  0.092956  0.104920  0.113123  0.206100  0.203713  0.240526  0.231382  0.113354  0.219142  0.483687  0.217399 
26  0.517722  0.448452  0.475075  0.498378  0.527008  0.802808  0.388293  0.648844  0.442880  0.820802  0.549192  0.677945  0.520992  0.894978  0.523973  0.629708  0.156083  0.807750  0.480358  0.685262  0.495425  0.790318  0.544056  0.512600  0.807550  0.740605 0.0  0.644765  1.000000  0.432413  0.449421  0.624214  0.452423  0.455889  0.635587  0.741740  0.811513  0.490028  0.528648  0.584810  0.558227  0.472059  0.793351  0.468104  0.556615  0.436291  0.611942  0.445464  0.525490  0.700331  0.460862  0.540614  0.565238  0.294315  0.627771  0.490503  0.479365  0.626670  0.517195  0.419799  0.472469  0.306194  0.653981  0.924710  0.937892  0.932422  0.379376  0.576081  0.428846  0.447322  0.681942  0.654722  0.675425  0.705489  0.496038  0.827712  0.888641  0.462413  0.649808  0.667300  0.636252  0.593689  0.648033  0.802498  0.897255  0.658945  0.792492  0.375864  0.758925 
27  0.287998  0.397578  0.309974  0.269304  0.210969  0.108451  0.376425  0.259420  0.362323  0.356790  0.259278  0.133484  0.319965  0.199983  0.244080  0.085952  0.634097  0.102205  0.159337  0.105645  0.274705  0.208071  0.242257  0.160063  0.294614  0.112724  0.644765 0.0  0.244190  0.393946  0.308158  0.181257  0.356287  0.356146  0.087937  0.152478  0.256367  0.323358  0.215782  0.453464  0.370008  0.377748  0.285494  0.358343  0.252882  0.370732  0.124162  0.302925  0.233003  0.141410  0.280040  0.222846  0.247844  0.555849  0.207893  0.335790  0.273740  0.086426  0.219215  0.248219  0.229647  0.358034  0.075673  0.247056  0.337162  0.247523  0.429094  0.243454  0.299927  0.382499  0.228658  0.091695  0.241273  0.096765  0.229603  0.102969  0.243964  0.197921  0.129863  0.084767  0.084997  0.184500  0.177185  0.300016  0.282241  0.122528  0.313412  0.423545  0.260837 
28  0.435045  0.571027  0.411229  0.421889  0.341764  0.285209  0.606174  0.321294  0.563725  0.181441  0.362165  0.188405  0.534045  0.109023  0.440376  0.258734  0.872986  0.239290  0.320975  0.278841  0.413608  0.100068  0.353355  0.336020  0.121386  0.185747  1.000000  0.244190 0.0  0.567170  0.426957  0.331304  0.526899  0.464576  0.248429  0.162109  0.097564  0.364386  0.399332  0.616488  0.520846  0.512644  0.139132  0.617277  0.439586  0.534487  0.283652  0.501732  0.395212  0.172848  0.453729  0.419594  0.366283  0.578651  0.090536  0.488381  0.374486  0.222965  0.384708  0.437099  0.389043  0.409910  0.208298  0.100972  0.189729  0.140317  0.517525  0.388905  0.452561  0.530503  0.086682  0.279262  0.106864  0.215314  0.475448  0.230986  0.129440  0.291282  0.172070  0.208154  0.248436  0.315957  0.335470  0.123582  0.122430  0.227481  0.120690  0.643662  0.092789 
29  0.226879  0.099632  0.210304  0.255496  0.290610  0.350137  0.160678  0.287250  0.131129  0.633671  0.241993  0.483588  0.163875  0.585389  0.214565  0.374229  0.306249  0.444662  0.337994  0.324206  0.244145  0.478767  0.269799  0.350774  0.564312  0.400309  0.432413  0.393946  0.567170 0.0  0.200485  0.308011  0.187026  0.281182  0.375468  0.464010  0.535346  0.324073  0.236883  0.278557  0.191109  0.180917  0.635663  0.148424  0.202223  0.131620  0.351899  0.188065  0.244545  0.470489  0.274789  0.242452  0.246245  0.362069  0.527105  0.133663  0.280323  0.396369  0.204678  0.216158  0.246700  0.197496  0.425165  0.497574  0.638129  0.630269  0.185170  0.268044  0.238161  0.306903  0.581215  0.407546  0.571437  0.404505  0.228813  0.424031  0.448189  0.270156  0.463457  0.395272  0.379877  0.312592  0.311239  0.607974  0.676986  0.391667  0.552574  0.158600  0.599687 
30  0.127370  0.174365  0.124138  0.125639  0.170118  0.287462  0.140667  0.183181  0.224672  0.432691  0.172106  0.357893  0.177991  0.432457  0.115592  0.258957  0.448581  0.291945  0.212479  0.270482  0.138838  0.420567  0.146967  0.195050  0.529260  0.327686  0.449421  0.308158  0.426957  0.200485 0.0  0.202958  0.207454  0.236060  0.283306  0.382297  0.363627  0.210497  0.163810  0.331561  0.262993  0.219240  0.414578  0.208310  0.165353  0.139814  0.265099  0.098207  0.140533  0.366244  0.161439  0.150771  0.165979  0.371166  0.407924  0.124310  0.161188  0.310608  0.130197  0.124459  0.113191  0.122937  0.320508  0.457884  0.490087  0.490140  0.173926  0.164312  0.115406  0.245446  0.438117  0.268196  0.504851  0.314725  0.128535  0.268093  0.412226  0.186363  0.407888  0.297502  0.279503  0.241262  0.231123  0.498397  0.488783  0.331435  0.569620  0.203378  0.490414 
31  0.148030  0.311241  0.231562  0.157406  0.137209  0.140299  0.262240  0.166474  0.273892  0.465419  0.164971  0.244993  0.217954  0.322473  0.155264  0.182593  0.510252  0.223011  0.091642  0.157413  0.192872  0.330616  0.149273  0.096173  0.420207  0.197695  0.624214  0.181257  0.331304  0.308011  0.202958 0.0  0.275961  0.288958  0.168559  0.235040  0.379328  0.264648  0.133085  0.424730  0.255943  0.297620  0.395406  0.242050  0.189019  0.242378  0.130312  0.205384  0.141326  0.222908  0.194537  0.128543  0.171883  0.525134  0.326553  0.222127  0.162386  0.167555  0.132837  0.131118  0.158783  0.250336  0.169367  0.308628  0.358474  0.464195  0.265527  0.143301  0.204768  0.269262  0.335674  0.142816  0.379713  0.190800  0.158502  0.198540  0.294287  0.115380  0.222403  0.185632  0.175800  0.145228  0.144390  0.349457  0.342796  0.195597  0.341779  0.323706  0.315601 
32  0.227285  0.155576  0.252858  0.227513  0.257028  0.313362  0.222685  0.191638  0.145834  0.702708  0.305312  0.429573  0.109240  0.440850  0.203819  0.360968  0.416644  0.338366  0.313051  0.333740  0.310179  0.525857  0.306531  0.238726  0.642395  0.426525  0.452423  0.356287  0.526899  0.187026  0.207454  0.275961 0.0  0.340667  0.331115  0.472751  0.567536  0.419031  0.221045  0.246506  0.105528  0.088580  0.631328  0.103015  0.171146  0.218425  0.324423  0.214331  0.231792  0.434944  0.259215  0.218983  0.218330  0.545771  0.526713  0.168722  0.255109  0.320795  0.181651  0.217288  0.239356  0.248890  0.374070  0.502513  0.640013  0.615206  0.340123  0.209437  0.250689  0.377424  0.442544  0.341062  0.634713  0.377956  0.201935  0.390254  0.457486  0.309494  0.463092  0.326447  0.362217  0.374955  0.352552  0.515632  0.594796  0.426200  0.626990  0.268349  0.573618 
33  0.239344  0.310714  0.174019  0.225541  0.221277  0.305012  0.213899  0.287204  0.330029  0.504801  0.184020  0.402581  0.320351  0.403737  0.237910  0.343891  0.391086  0.331038  0.296150  0.323663  0.175457  0.450555  0.204100  0.291376  0.514102  0.424333  0.455889  0.356146  0.464576  0.281182  0.236060  0.288958  0.340667 0.0  0.330565  0.380969  0.428093  0.112473  0.323221  0.511035  0.408549  0.330407  0.511749  0.351138  0.329923  0.241630  0.315323  0.202590  0.229131  0.333311  0.139571  0.248978  0.248808  0.292441  0.461821  0.258870  0.171248  0.360088  0.228842  0.259577  0.205313  0.190138  0.359895  0.415299  0.519898  0.508949  0.181143  0.294817  0.183509  0.141747  0.410281  0.358714  0.459642  0.397336  0.249101  0.316028  0.368368  0.243303  0.389549  0.333271  0.284094  0.244457  0.209508  0.469311  0.464248  0.387497  0.495098  0.238593  0.404844 
34  0.227812  0.405331  0.370928  0.237398  0.211048  0.090886  0.303322  0.224813  0.385939  0.366357  0.211870  0.127957  0.305124  0.210142  0.246531  0.086265  0.595342  0.116809  0.169722  0.101615  0.282662  0.206946  0.233325  0.156474  0.319435  0.118064  0.635587  0.087937  0.248429  0.375468  0.283306  0.168559  0.331115  0.330565 0.0  0.158353  0.267531  0.272656  0.211397  0.485321  0.436577  0.352428  0.299034  0.348403  0.237046  0.323261  0.104372  0.295508  0.217433  0.136456  0.260914  0.238298  0.216056  0.470947  0.228080  0.307660  0.228051  0.095561  0.210582  0.224450  0.249567  0.287883  0.089329  0.292919  0.343366  0.294085  0.309830  0.205752  0.295443  0.344086  0.217435  0.080854  0.255851  0.105977  0.241725  0.091212  0.217079  0.190188  0.143368  0.085864  0.077698  0.176746  0.168959  0.293983  0.293198  0.110714  0.251173  0.436841  0.285185 
35  0.280919  0.355948  0.323438  0.328359  0.302508  0.188207  0.411493  0.350791  0.504398  0.267810  0.334017  0.093942  0.402363  0.138363  0.331283  0.152579  0.814401  0.122428  0.220962  0.181178  0.321221  0.136725  0.292774  0.256402  0.219260  0.114567  0.741740  0.152478  0.162109  0.464010  0.382297  0.235040  0.472751  0.380969  0.158353 0.0  0.194833  0.352882  0.278066  0.573488  0.372785  0.380352  0.186307  0.406000  0.292459  0.462586  0.200571  0.325574  0.286208  0.086003  0.337806  0.341073  0.340739  0.697097  0.141126  0.371690  0.324488  0.133981  0.322623  0.349411  0.339602  0.373558  0.141958  0.192696  0.274904  0.260195  0.444399  0.379449  0.347779  0.463239  0.173819  0.154784  0.187057  0.119513  0.356920  0.146350  0.152419  0.235816  0.098330  0.138173  0.154241  0.251031  0.260897  0.217230  0.197771  0.147716  0.183444  0.484787  0.189241 
36  0.455389  0.578848  0.490014  0.410302  0.371565  0.298778  0.600010  0.417473  0.581873  0.156967  0.432754  0.183210  0.610506  0.123707  0.453675  0.287217  0.843158  0.252105  0.387958  0.295639  0.462480  0.117807  0.400863  0.334186  0.101315  0.205511  0.811513  0.256367  0.097564  0.535346  0.363627  0.379328  0.567536  0.428093  0.267531  0.194833 0.0  0.478721  0.415235  0.673122  0.588157  0.630066  0.135763  0.596445  0.456229  0.476775  0.313444  0.409324  0.465315  0.211245  0.442009  0.455465  0.418088  0.694858  0.114098  0.485366  0.395607  0.229254  0.410682  0.434554  0.391185  0.493824  0.263937  0.087378  0.155880  0.109454  0.568013  0.396559  0.465062  0.472156  0.113760  0.286977  0.091098  0.244187  0.475944  0.246099  0.142116  0.359388  0.197080  0.257799  0.306607  0.343095  0.367430  0.095868  0.100137  0.198225  0.092169  0.648805  0.082604 
37  0.223689  0.366461  0.211773  0.242886  0.194667  0.270212  0.223144  0.283977  0.370834  0.472499  0.167635  0.340028  0.328953  0.359347  0.223969  0.295303  0.491882  0.310495  0.257851  0.293891  0.165034  0.473672  0.165899  0.245908  0.509994  0.371036  0.490028  0.323358  0.364386  0.324073  0.210497  0.264648  0.419031  0.112473  0.272656  0.352882  0.478721 0.0  0.269394  0.480360  0.355408  0.352519  0.423371  0.349618  0.314527  0.260073  0.264153  0.241843  0.217616  0.363436  0.154902  0.223248  0.289854  0.353446  0.408864  0.283927  0.158731  0.300992  0.247716  0.241613  0.203409  0.209015  0.324403  0.337716  0.474899  0.435462  0.227514  0.268052  0.202220  0.179290  0.493246  0.329318  0.424083  0.359298  0.240239  0.305066  0.390356  0.216360  0.319891  0.324075  0.307805  0.208873  0.199189  0.487252  0.408092  0.311050  0.465364  0.382080  0.401131 
38  0.128981  0.243427  0.189063  0.137694  0.160577  0.189962  0.223814  0.122578  0.279437  0.421814  0.181921  0.310839  0.163364  0.367518  0.135768  0.196475  0.494945  0.268014  0.135607  0.176296  0.195918  0.371968  0.179420  0.122649  0.394294  0.270420  0.528648  0.215782  0.399332  0.236883  0.163810  0.133085  0.221045  0.323221  0.211397  0.278066  0.415235  0.269394 0.0  0.376431  0.238716  0.226445  0.452481  0.246445  0.110875  0.232139  0.187374  0.197264  0.136498  0.292849  0.203572  0.119157  0.108223  0.448308  0.397115  0.171695  0.179723  0.229310  0.118088  0.123444  0.156564  0.233396  0.211517  0.452275  0.461878  0.400263  0.271311  0.090817  0.205492  0.311559  0.377762  0.218960  0.440341  0.243852  0.106462  0.231835  0.410650  0.155241  0.280723  0.215171  0.226707  0.194858  0.217251  0.443291  0.452832  0.260506  0.431201  0.309959  0.391149 
39  0.368296  0.314075  0.357830  0.422978  0.378285  0.514257  0.338302  0.361883  0.233892  0.780120  0.468671  0.580784  0.269500  0.657280  0.416359  0.476477  0.469510  0.626557  0.423892  0.463238  0.425441  0.599641  0.480008  0.410927  0.640088  0.552967  0.584810  0.453464  0.616488  0.278557  0.331561  0.424730  0.246506  0.511035  0.485321  0.573488  0.673122  0.480360  0.376431 0.0  0.176140  0.223540  0.721865  0.237297  0.292912  0.355698  0.476473  0.408284  0.446682  0.509653  0.457927  0.368763  0.348029  0.727607  0.691059  0.297281  0.463100  0.527573  0.307193  0.380130  0.392742  0.412915  0.561583  0.676324  0.709611  0.788191  0.367740  0.338307  0.441316  0.531666  0.641247  0.537826  0.771085  0.485050  0.327587  0.495206  0.603247  0.525090  0.498947  0.503544  0.537434  0.555716  0.406294  0.744300  0.717458  0.530167  0.703326  0.367699  0.681096 
40  0.230672  0.188508  0.301442  0.296557  0.321003  0.407196  0.259055  0.202870  0.150300  0.654048  0.262334  0.455100  0.127863  0.497447  0.244668  0.383643  0.393085  0.434958  0.288228  0.328814  0.316369  0.501719  0.300981  0.273941  0.605223  0.391605  0.558227  0.370008  0.520846  0.191109  0.262993  0.255943  0.105528  0.408549  0.436577  0.372785  0.588157  0.355408  0.238716  0.176140 0.0  0.102032  0.550239  0.121794  0.216013  0.251277  0.357274  0.269894  0.251233  0.451849  0.297893  0.308696  0.224059  0.521573  0.569008  0.189686  0.315146  0.416802  0.228133  0.261659  0.325105  0.296282  0.431172  0.578728  0.557501  0.578594  0.254944  0.238505  0.286644  0.442442  0.554478  0.431675  0.624783  0.408379  0.218346  0.412402  0.478292  0.326904  0.454974  0.415356  0.399045  0.335451  0.380623  0.624869  0.610038  0.438987  0.515346  0.290702  0.516622 
41  0.244822  0.151475  0.247643  0.256823  0.284440  0.369755  0.262207  0.233858  0.137902  0.659645  0.281273  0.396464  0.118362  0.458780  0.244450  0.346847  0.445714  0.449097  0.263948  0.352577  0.300095  0.536769  0.276326  0.277877  0.664706  0.352355  0.472059  0.377748  0.512644  0.180917  0.219240  0.297620  0.088580  0.330407  0.352428  0.380352  0.630066  0.352519  0.226445  0.223540  0.102032 0.0  0.585682  0.095627  0.182182  0.233962  0.347130  0.218134  0.235639  0.461655  0.323049  0.266599  0.203142  0.553577  0.451271  0.183152  0.316057  0.348006  0.248191  0.240071  0.293506  0.240564  0.368580  0.577419  0.666228  0.593537  0.286284  0.218177  0.259796  0.384874  0.606507  0.407219  0.535957  0.366623  0.207597  0.296681  0.475694  0.341646  0.453861  0.389381  0.379014  0.383251  0.350328  0.533063  0.647773  0.413242  0.510038  0.257717  0.643685 
42  0.492599  0.619390  0.472929  0.448117  0.408399  0.314688  0.590000  0.420116  0.624690  0.122350  0.381138  0.258015  0.449286  0.173258  0.434624  0.314412  0.668748  0.251311  0.399222  0.318522  0.415876  0.171809  0.406212  0.349151  0.105907  0.255781  0.793351  0.285494  0.139132  0.635663  0.414578  0.395406  0.631328  0.511749  0.299034  0.186307  0.135763  0.423371  0.452481  0.721865  0.550239  0.585682 0.0  0.591528  0.477281  0.547764  0.370201  0.565525  0.437604  0.274903  0.412141  0.449013  0.446708  0.718934  0.164099  0.537139  0.411671  0.292308  0.410091  0.471673  0.509361  0.488875  0.336533  0.125021  0.106807  0.103774  0.590265  0.399184  0.374223  0.491673  0.181530  0.274268  0.110970  0.233992  0.470492  0.276403  0.152092  0.411908  0.237660  0.292083  0.304406  0.366016  0.299876  0.111019  0.105218  0.274231  0.113890  0.563672  0.130837 
43  0.199538  0.128078  0.234580  0.224025  0.268724  0.366191  0.233384  0.220676  0.107077  0.549841  0.261558  0.428082  0.127385  0.549599  0.230700  0.379361  0.426702  0.375413  0.268560  0.341967  0.288436  0.432776  0.289450  0.314343  0.634973  0.433588  0.468104  0.358343  0.617277  0.148424  0.208310  0.242050  0.103015  0.351138  0.348403  0.406000  0.596445  0.349618  0.246445  0.237297  0.121794  0.095627  0.591528 0.0  0.195521  0.201137  0.338527  0.224936  0.242887  0.470188  0.269621  0.262810  0.204838  0.399522  0.527571  0.146970  0.282215  0.373227  0.212783  0.217992  0.223094  0.253683  0.313110  0.558085  0.591957  0.617926  0.270204  0.228366  0.211727  0.331586  0.518168  0.330659  0.568602  0.398825  0.204555  0.416716  0.459067  0.232299  0.455039  0.343824  0.385608  0.301823  0.315602  0.575102  0.658583  0.356637  0.661126  0.204267  0.640300 
44  0.138132  0.202025  0.225495  0.142333  0.174407  0.251958  0.240139  0.097880  0.244856  0.508225  0.219958  0.323291  0.124836  0.388085  0.169677  0.249821  0.520921  0.269977  0.197265  0.211596  0.245449  0.427473  0.201630  0.163350  0.389350  0.351776  0.556615  0.252882  0.439586  0.202223  0.165353  0.189019  0.171146  0.329923  0.237046  0.292459  0.456229  0.314527  0.110875  0.292912  0.216013  0.182182  0.477281  0.195521 0.0  0.232653  0.242543  0.172353  0.155552  0.306313  0.210154  0.148000  0.095605  0.517715  0.395651  0.176375  0.219325  0.239740  0.132088  0.147079  0.174457  0.206709  0.293690  0.424477  0.505538  0.455750  0.253637  0.106118  0.212724  0.354836  0.376832  0.283674  0.436036  0.302417  0.116623  0.245229  0.335979  0.221371  0.327823  0.258032  0.225975  0.245593  0.225513  0.412850  0.448570  0.320486  0.405338  0.302887  0.438070 
