89
0 0.0  0.248901  0.117368  0.096927  0.168964  0.212045  0.332218  0.199617  0.317534  0.634886  0.178974  0.310761  0.230220  0.290593  0.083633  0.320513  0.481141  0.257501  0.113101  0.244546  0.122484  0.354121  0.148295  0.202424  0.539338  0.325446  0.615378  0.244766  0.480564  0.178556  0.104709  0.211522  0.300397  0.259281  0.258676  0.331976  0.485709  0.216113  0.083633  0.489888  0.288666  0.264936  0.458742  0.174724  0.141504  0.203116  0.235618  0.083633  0.083633  0.396274  0.180493  0.151705  0.135709  0.441260  0.467277  0.217683  0.083633  0.232119  0.114177  0.083633  0.083633  0.217503  0.213347  0.484335  0.414205  0.581907  0.213482  0.138689  0.228424  0.303996  0.307803  0.207126  0.471268  0.213418  0.115305  0.162116  0.343796  0.156367  0.272419  0.312321  0.276973  0.151694  0.181767  0.498833  0.422456  0.263704  0.410771  0.341588  0.433668 
1  0.248901 0.0  0.346984  0.278015  0.355090  0.390954  0.266738  0.136833  0.206573  0.745093  0.272157  0.445139  0.122000  0.498198  0.239037  0.394580  0.325052  0.485296  0.397083  0.299836  0.214718  0.535776  0.328273  0.256865  0.695309  0.417141  0.568055  0.426044  0.685382  0.089849  0.108125  0.402689  0.188944  0.281491  0.383009  0.475558  0.640077  0.415309  0.227102  0.375131  0.208717  0.130313  0.587152  0.195630  0.230651  0.083633  0.398773  0.181100  0.266098  0.490061  0.220486  0.250656  0.264939  0.391329  0.543110  0.083633  0.265268  0.388407  0.174885  0.218514  0.258631  0.277031  0.372476  0.590384  0.699665  0.572872  0.192103  0.164356  0.249137  0.297932  0.514758  0.374116  0.596892  0.442554  0.210015  0.370515  0.493837  0.336501  0.592062  0.397364  0.368494  0.340372  0.433888  0.583797  0.572720  0.464963  0.619758  0.197144  0.613923 
2  0.117368  0.346984 0.0  0.147187  0.109631  0.445864  0.195187  0.189841  0.316076  0.512292  0.160206  0.373756  0.228562  0.498004  0.145342  0.253692  0.460520  0.387479  0.170861  0.356011  0.083633  0.466732  0.133853  0.313840  0.461815  0.471395  0.499173  0.364194  0.532084  0.083633  0.172054  0.203966  0.258468  0.190247  0.309225  0.477980  0.519817  0.278357  0.264498  0.366577  0.348574  0.406906  0.583989  0.368389  0.251894  0.138796  0.250132  0.162434  0.130813  0.413253  0.128099  0.143583  0.263997  0.304243  0.447026  0.210698  0.124329  0.372791  0.319354  0.216049  0.151176  0.192813  0.418851  0.442186  0.546868  0.470931  0.103597  0.224642  0.083633  0.246861  0.470728  0.330533  0.531255  0.335343  0.328724  0.415980  0.491139  0.220439  0.355045  0.243500  0.441830  0.246931  0.130190  0.536388  0.447322  0.372358  0.521615  0.206147  0.488135 
3  0.096927  0.278015  0.147187 0.0  0.158757  0.264419  0.243350  0.292368  0.237180  0.451162  0.083633  0.385847  0.277144  0.354684  0.083633  0.313062  0.557077  0.290426  0.200824  0.241827  0.166263  0.429363  0.113718  0.083633  0.450540  0.296697  0.646284  0.210518  0.455239  0.243468  0.104209  0.102168  0.237721  0.181478  0.192246  0.441323  0.441717  0.279205  0.193153  0.318548  0.368820  0.280799  0.568352  0.306244  0.083633  0.237309  0.280993  0.109825  0.083633  0.386677  0.117258  0.181715  0.090855  0.449254  0.421416  0.233325  0.084955  0.362620  0.142286  0.129017  0.083633  0.134320  0.271818  0.448777  0.541767  0.535960  0.264897  0.165737  0.083633  0.236305  0.447144  0.305182  0.503591  0.341341  0.226406  0.292365  0.341459  0.162307  0.367929  0.341270  0.336798  0.235393  0.223510  0.532752  0.542294  0.275122  0.421165  0.311672  0.454742 
4  0.168964  0.355090  0.109631  0.158757 0.0  0.150383  0.181672  0.248217  0.368245  0.547600  0.107392  0.228930  0.274806  0.382181  0.103566  0.264778  0.693403  0.218924  0.152154  0.207371  0.083633  0.323794  0.184130  0.189206  0.529027  0.185855  0.616923  0.248032  0.435567  0.246392  0.101795  0.165230  0.264385  0.253632  0.288535  0.272531  0.383795  0.235453  0.083633  0.294882  0.179670  0.327535  0.488678  0.335373  0.217922  0.294867  0.149389  0.200344  0.159899  0.313168  0.088170  0.133196  0.231622  0.458364  0.389000  0.201574  0.083633  0.361156  0.150013  0.127651  0.133564  0.127800  0.200264  0.470762  0.397872  0.488331  0.199780  0.083633  0.251836  0.291658  0.342932  0.218754  0.435594  0.316578  0.099527  0.236600  0.405842  0.083633  0.320599  0.231075  0.210826  0.150349  0.183430  0.392852  0.499579  0.218006  0.388939  0.370115  0.451850 
5  0.212045  0.390954  0.445864  0.264419  0.150383 0.0  0.352568  0.201023  0.465002  0.378254  0.237022  0.203901  0.243371  0.252207  0.204552  0.133184  0.576941  0.190019  0.150164  0.116072  0.243778  0.232244  0.207706  0.203961  0.258528  0.193946  0.580527  0.083633  0.167732  0.432246  0.296312  0.133909  0.435812  0.440538  0.162066  0.170133  0.296320  0.417933  0.231476  0.543623  0.291623  0.370882  0.299087  0.455467  0.264469  0.316006  0.197004  0.204788  0.233200  0.253034  0.265214  0.215985  0.118900  0.589091  0.261335  0.313995  0.208809  0.083633  0.217798  0.290455  0.285886  0.342552  0.083633  0.332276  0.428886  0.388892  0.411747  0.222166  0.276874  0.314932  0.246610  0.199773  0.411809  0.246503  0.212697  0.083633  0.259679  0.150201  0.170294  0.114119  0.083633  0.183402  0.279244  0.350782  0.370204  0.186954  0.361684  0.461297  0.371486 
6  0.332218  0.266738  0.195187  0.243350  0.181672  0.352568 0.0  0.306766  0.191711  0.693945  0.168280  0.478618  0.250346  0.419740  0.128031  0.482797  0.335069  0.348700  0.312416  0.210554  0.174080  0.463069  0.245945  0.235659  0.601097  0.301302  0.356924  0.367357  0.545733  0.124233  0.121308  0.201720  0.251645  0.190146  0.415322  0.467336  0.493370  0.297318  0.227680  0.389103  0.254156  0.172029  0.586014  0.136479  0.179470  0.083739  0.368188  0.139140  0.211401  0.454140  0.181627  0.223827  0.251837  0.479226  0.555912  0.198175  0.134880  0.387773  0.237646  0.177572  0.095527  0.164376  0.358661  0.490514  0.684223  0.575766  0.215295  0.192967  0.138289  0.270121  0.495556  0.340195  0.485851  0.390232  0.250462  0.330023  0.541909  0.206352  0.298614  0.388203  0.379299  0.222588  0.351823  0.556270  0.530998  0.408526  0.654606  0.195714  0.545877 
7  0.199617  0.136833  0.189841  0.292368  0.248217  0.201023  0.306766 0.0  0.204721  0.453537  0.214293  0.370078  0.187793  0.306803  0.190005  0.217821  0.536603  0.181492  0.143825  0.227163  0.237010  0.450901  0.184223  0.251451  0.500052  0.306024  0.570804  0.274982  0.528137  0.262080  0.186626  0.222052  0.228248  0.305525  0.238180  0.368252  0.435221  0.387698  0.107796  0.317090  0.201430  0.189125  0.534931  0.253812  0.131871  0.251569  0.284511  0.236251  0.170148  0.374469  0.238095  0.154247  0.095176  0.436738  0.493834  0.143393  0.295173  0.172705  0.083633  0.189256  0.191039  0.298533  0.345089  0.486466  0.540585  0.578306  0.252565  0.083633  0.262070  0.271612  0.413677  0.237810  0.462134  0.205758  0.083633  0.210580  0.372791  0.141053  0.302152  0.298499  0.203349  0.280925  0.230740  0.447427  0.445497  0.226626  0.462483  0.341790  0.565739 
8  0.317534  0.206573  0.316076  0.237180  0.368245  0.465002  0.191711  0.204721 0.0  0.784050  0.241212  0.447243  0.188824  0.564924  0.286103  0.447953  0.467586  0.521132  0.424909  0.386970  0.263167  0.584226  0.330943  0.289560  0.676618  0.322925  0.392119  0.443824  0.524270  0.128811  0.273177  0.167037  0.146227  0.356920  0.450825  0.503477  0.570047  0.448527  0.230379  0.272456  0.197501  0.155394  0.630688  0.086838  0.153820  0.273414  0.341449  0.155190  0.301172  0.548616  0.365550  0.331870  0.322277  0.413606  0.552178  0.154895  0.264748  0.520013  0.189744  0.161332  0.353199  0.255522  0.321325  0.619498  0.704368  0.673203  0.237023  0.290396  0.253355  0.457688  0.592767  0.509210  0.691236  0.457957  0.225866  0.497334  0.605098  0.296026  0.500624  0.367385  0.402068  0.447160  0.470927  0.694775  0.611378  0.352848  0.624514  0.215934  0.655973 
9  0.634886  0.745093  0.512292  0.451162  0.547600  0.378254  0.693945  0.453537  0.784050 0.0  0.585994  0.197597  0.568888  0.176594  0.593371  0.364670  0.923848  0.350508  0.399699  0.396137  0.543948  0.171962  0.561959  0.499928  0.151877  0.291332  0.988732  0.304297  0.142019  0.662044  0.660875  0.340798  0.656652  0.590244  0.322982  0.305172  0.199805  0.498384  0.478368  0.772622  0.678469  0.584848  0.083633  0.613298  0.596515  0.672814  0.445998  0.530065  0.418756  0.219562  0.517181  0.442337  0.560166  0.660812  0.284334  0.656521  0.430041  0.405245  0.553602  0.586588  0.501431  0.575787  0.351974  0.157122  0.093148  0.088086  0.672322  0.516395  0.563178  0.731348  0.310330  0.397812  0.190212  0.271213  0.344489  0.353704  0.145736  0.396608  0.319317  0.296256  0.307366  0.287168  0.385604  0.186783  0.125340  0.358020  0.166410  0.686374  0.158285 
10  0.178974  0.272157  0.160206  0.083633  0.107392  0.237022  0.168280  0.214293  0.241212  0.585994 0.0  0.335929  0.399202  0.338478  0.122222  0.310611  0.452643  0.242535  0.190755  0.256627  0.083633  0.426267  0.133960  0.146390  0.498157  0.420745  0.630276  0.122270  0.466767  0.226202  0.202760  0.140250  0.205746  0.237792  0.244484  0.354335  0.387746  0.186085  0.137768  0.500105  0.357600  0.379638  0.425403  0.209186  0.299604  0.167092  0.181324  0.245259  0.160962  0.389763  0.120747  0.127644  0.256602  0.457926  0.340302  0.294663  0.089276  0.294954  0.228762  0.083633  0.129358  0.200239  0.329891  0.546916  0.467555  0.393375  0.252883  0.136542  0.148376  0.223524  0.373519  0.294132  0.448166  0.083910  0.223049  0.263928  0.372759  0.119197  0.323833  0.255456  0.272908  0.108853  0.206183  0.339877  0.406008  0.355503  0.477398  0.284876  0.451995 
11  0.310761  0.445139  0.373756  0.385847  0.228930  0.203901  0.478618  0.370078  0.447243  0.197597  0.335929 0.0  0.321048  0.149191  0.310905  0.111291  0.602526  0.119116  0.239467  0.176786  0.370895  0.175288  0.383720  0.240052  0.299293  0.083633  0.691845  0.091524  0.242434  0.506021  0.377312  0.194381  0.424595  0.411183  0.118087  0.083633  0.219081  0.333456  0.286542  0.554482  0.556980  0.426179  0.297310  0.498292  0.259281  0.435331  0.207137  0.392749  0.317743  0.136706  0.312957  0.254100  0.374458  0.645067  0.187264  0.406659  0.218029  0.132015  0.234091  0.443887  0.388736  0.391259  0.083633  0.237387  0.305751  0.155246  0.384386  0.346949  0.432968  0.563776  0.267374  0.186736  0.257850  0.159650  0.228356  0.153230  0.169203  0.217664  0.083633  0.140405  0.181231  0.211291  0.248012  0.178265  0.304842  0.114145  0.203195  0.375390  0.219988 
12  0.230220  0.122000  0.228562  0.277144  0.274806  0.243371  0.250346  0.187793  0.188824  0.568888  0.399202  0.321048 0.0  0.546668  0.211874  0.291946  0.557082  0.368181  0.260866  0.310184  0.207097  0.456544  0.312166  0.298857  0.570133  0.452905  0.508879  0.328536  0.451804  0.322082  0.172663  0.252048  0.119941  0.511579  0.315101  0.413968  0.521823  0.329339  0.216423  0.208304  0.175515  0.199323  0.615705  0.215810  0.156853  0.225888  0.273992  0.177595  0.282339  0.449962  0.226878  0.212101  0.157564  0.525919  0.446143  0.160078  0.316709  0.339659  0.256315  0.178603  0.150993  0.242242  0.444468  0.497194  0.576171  0.595612  0.254036  0.263761  0.314141  0.319924  0.383495  0.362555  0.484784  0.358765  0.125653  0.363033  0.494281  0.217619  0.425128  0.384237  0.364743  0.309259  0.161717  0.562807  0.596365  0.460406  0.593334  0.272317  0.492277 
13  0.290593  0.498198  0.498004  0.354684  0.382181  0.252207  0.419740  0.306803  0.564924  0.176594  0.338478  0.149191  0.546668 0.0  0.455943  0.276970  0.832283  0.224948  0.367907  0.294702  0.346667  0.083633  0.399011  0.334925  0.215258  0.200119  0.822258  0.109623  0.154651  0.479224  0.444735  0.375057  0.410211  0.513228  0.236968  0.083633  0.151786  0.383943  0.360707  0.640436  0.562885  0.570388  0.238240  0.465489  0.351357  0.620460  0.285550  0.427553  0.428438  0.205323  0.453786  0.424316  0.354121  0.647631  0.184365  0.512038  0.508286  0.262138  0.427512  0.414977  0.330942  0.515291  0.265481  0.144927  0.266590  0.158952  0.520002  0.378059  0.356293  0.516155  0.113798  0.296614  0.083633  0.083633  0.410662  0.228930  0.207974  0.419532  0.154137  0.141032  0.250530  0.180894  0.238945  0.269958  0.083633  0.173724  0.148600  0.651798  0.090893 
14  0.083633  0.239037  0.145342  0.083633  0.103566  0.204552  0.128031  0.190005  0.286103  0.593371  0.122222  0.310905  0.211874  0.455943 0.0  0.265864  0.440038  0.241922  0.146753  0.210947  0.083633  0.427824  0.146047  0.104465  0.565477  0.264113  0.653424  0.264343  0.433352  0.179463  0.110243  0.136286  0.255139  0.257009  0.261060  0.370992  0.467775  0.265160  0.108408  0.446084  0.325485  0.289297  0.561885  0.266658  0.177853  0.245893  0.156534  0.150728  0.083633  0.437090  0.172882  0.083633  0.134680  0.426440  0.367746  0.187988  0.211959  0.294484  0.107415  0.083633  0.142214  0.171118  0.310634  0.488249  0.512376  0.474098  0.273767  0.115704  0.132253  0.268158  0.414961  0.237457  0.459274  0.366548  0.259259  0.371713  0.249994  0.258715  0.323552  0.287155  0.201100  0.234623  0.208081  0.510138  0.628388  0.324776  0.448841  0.311688  0.397090 
15  0.320513  0.394580  0.253692  0.313062  0.264778  0.133184  0.482797  0.217821  0.447953  0.364670  0.310611  0.111291  0.291946  0.276970  0.265864 0.0  0.609748  0.196406  0.133754  0.128099  0.149241  0.265849  0.322066  0.154001  0.300340  0.108343  0.603307  0.119108  0.178177  0.500586  0.403640  0.151504  0.351020  0.396860  0.083745  0.083633  0.297095  0.269245  0.312102  0.532238  0.442882  0.386266  0.276456  0.284822  0.216120  0.397076  0.196922  0.414891  0.213505  0.212889  0.352051  0.115650  0.252612  0.548642  0.221758  0.312220  0.218774  0.107155  0.256463  0.167011  0.262590  0.361946  0.235294  0.418908  0.397039  0.388523  0.318446  0.367659  0.244320  0.471988  0.272651  0.095990  0.290104  0.085469  0.178026  0.102645  0.174762  0.216158  0.198679  0.083633  0.174964  0.180092  0.178520  0.251205  0.363867  0.231935  0.382358  0.441101  0.253257 
16  0.481141  0.325052  0.460520  0.557077  0.693403  0.576941  0.335069  0.536603  0.467586  0.923848  0.452643  0.602526  0.557082  0.832283  0.440038  0.609748 0.0  0.747887  0.500276  0.647142  0.537410  0.959913  0.467324  0.487232  0.899679  0.721932  0.204207  0.691499  0.809826  0.246858  0.420703  0.542186  0.401817  0.524265  0.522633  0.711020  0.731648  0.463348  0.422279  0.439691  0.497167  0.494118  0.832625  0.353862  0.413621  0.378803  0.661017  0.423406  0.511421  0.736823  0.487331  0.451711  0.561647  0.339658  0.773014  0.387607  0.554636  0.697667  0.483977  0.475936  0.480006  0.328301  0.698515  0.799751  0.941475  0.856966  0.287528  0.534883  0.464411  0.309547  0.817674  0.612304  0.765716  0.674076  0.324348  0.574916  0.709821  0.518808  0.748645  0.721883  0.717876  0.589354  0.671196  0.931045  0.912913  0.659089  0.869498  0.324397  0.701757 
17  0.257501  0.485296  0.387479  0.290426  0.218924  0.190019  0.348700  0.181492  0.521132  0.350508  0.242535  0.119116  0.368181  0.224948  0.241922  0.196406  0.747887 0.0  0.179199  0.149191  0.321306  0.226210  0.250742  0.083633  0.318573  0.090409  0.716507  0.120669  0.283392  0.500859  0.282603  0.231154  0.427443  0.356100  0.112285  0.191575  0.236588  0.325838  0.250024  0.556998  0.385274  0.319542  0.304105  0.267058  0.312949  0.435057  0.092217  0.317584  0.307243  0.115672  0.323190  0.291810  0.320910  0.534555  0.221974  0.539429  0.144412  0.096418  0.281713  0.195705  0.359937  0.360669  0.118156  0.254084  0.258085  0.264218  0.394686  0.195930  0.352313  0.465897  0.201514  0.089714  0.290763  0.145544  0.244031  0.158935  0.172721  0.191070  0.083633  0.145354  0.108745  0.092756  0.137354  0.225037  0.305564  0.197209  0.279427  0.603965  0.268439 
18  0.113101  0.397083  0.170861  0.200824  0.152154  0.150164  0.312416  0.143825  0.424909  0.399699  0.190755  0.239467  0.260866  0.367907  0.146753  0.133754  0.500276  0.179199 0.0  0.083633  0.173421  0.242096  0.144473  0.083633  0.281367  0.243659  0.639505  0.191608  0.285907  0.207100  0.315161  0.137574  0.259473  0.334937  0.153645  0.370612  0.403721  0.303329  0.146405  0.302372  0.226875  0.392589  0.406015  0.245965  0.197977  0.298213  0.156936  0.291369  0.169361  0.292274  0.304663  0.161482  0.218549  0.564654  0.228782  0.318502  0.195784  0.135904  0.180128  0.092662  0.213236  0.344251  0.120401  0.375651  0.435132  0.447313  0.311370  0.087183  0.269887  0.373745  0.380226  0.149710  0.431390  0.230641  0.123607  0.277219  0.347697  0.128638  0.284069  0.192837  0.137803  0.225914  0.306621  0.399574  0.346365  0.215750  0.409226  0.421790  0.358563 
19  0.244546  0.299836  0.356011  0.241827  0.207371  0.116072  0.210554  0.227163  0.386970  0.396137  0.256627  0.176786  0.310184  0.294702  0.210947  0.128099  0.647142  0.149191  0.083633 0.0  0.186525  0.264876  0.345863  0.160275  0.428028  0.189254  0.680266  0.083633  0.361401  0.485092  0.233242  0.112182  0.354979  0.219673  0.083633  0.229281  0.272081  0.272942  0.169621  0.551226  0.414785  0.480007  0.336396  0.297896  0.426661  0.348497  0.138432  0.252579  0.204678  0.211722  0.314961  0.145421  0.216605  0.580746  0.298692  0.335639  0.309311  0.155982  0.248902  0.217053  0.201713  0.365104  0.117577  0.386218  0.357542  0.316702  0.378595  0.264418  0.291773  0.353955  0.308700  0.115531  0.234973  0.209671  0.232818  0.158120  0.317096  0.130709  0.138275  0.156400  0.174833  0.227114  0.199732  0.343840  0.318655  0.222809  0.338388  0.495777  0.290418 
20  0.122484  0.214718  0.083633  0.166263  0.083633  0.243778  0.174080  0.237010  0.263167  0.543948  0.083633  0.370895  0.207097  0.346667  0.083633  0.149241  0.537410  0.321306  0.173421  0.186525 0.0  0.507702  0.099533  0.192195  0.447611  0.401026  0.447174  0.342729  0.484943  0.162010  0.285418  0.243958  0.083633  0.188591  0.189362  0.427036  0.532216  0.189295  0.215063  0.451324  0.283858  0.291078  0.508841  0.247574  0.178979  0.108439  0.215662  0.083633  0.179079  0.393187  0.083633  0.083633  0.258836  0.317355  0.373082  0.236095  0.090547  0.238046  0.111402  0.197323  0.083633  0.171481  0.324456  0.328394  0.481553  0.526573  0.097127  0.306066  0.135718  0.202815  0.477404  0.311832  0.478030  0.350382  0.198501  0.131119  0.386320  0.119698  0.296231  0.346978  0.344347  0.273483  0.200329  0.405235  0.542209  0.279324  0.424681  0.289017  0.527902 
21  0.354121  0.535776  0.466732  0.429363  0.323794  0.232244  0.463069  0.450901  0.584226  0.171962  0.426267  0.175288  0.456544  0.083633  0.427824  0.265849  0.959913  0.226210  0.242096  0.264876  0.507702 0.0  0.462629  0.341772  0.122429  0.235286  0.790651  0.185927  0.083633  0.607897  0.471260  0.325748  0.555774  0.485798  0.146510  0.163048  0.180182  0.316089  0.333070  0.649345  0.496925  0.592271  0.083633  0.646877  0.465064  0.502506  0.316659  0.548392  0.332271  0.224488  0.355630  0.401756  0.465497  0.683585  0.083633  0.549546  0.324180  0.201966  0.397572  0.526298  0.499219  0.400464  0.301348  0.200828  0.227450  0.240722  0.479924  0.288460  0.435231  0.440581  0.083633  0.176289  0.207839  0.229768  0.466366  0.179344  0.136481  0.349143  0.114454  0.202723  0.172165  0.356177  0.276816  0.149422  0.083633  0.262410  0.210688  0.684168  0.158583 
22  0.148295  0.328273  0.133853  0.113718  0.184130  0.207706  0.245945  0.184223  0.330943  0.561959  0.133960  0.383720  0.312166  0.399011  0.146047  0.322066  0.467324  0.250742  0.144473  0.345863  0.099533  0.462629 0.0  0.267213  0.377348  0.333661  0.447032  0.261480  0.459279  0.291004  0.121656  0.126960  0.209457  0.222194  0.268645  0.275561  0.529043  0.150158  0.321441  0.496193  0.275359  0.312694  0.519274  0.223851  0.227500  0.360094  0.193661  0.127922  0.133188  0.302479  0.083633  0.083680  0.207671  0.435853  0.356202  0.221588  0.127890  0.258605  0.118269  0.094321  0.127447  0.154477  0.279855  0.404879  0.559420  0.495919  0.255719  0.092079  0.220078  0.247612  0.503083  0.198738  0.409948  0.206608  0.196819  0.243764  0.373159  0.204289  0.188424  0.326744  0.192819  0.211266  0.144217  0.347478  0.432365  0.302211  0.475512  0.299263  0.379377 
23  0.202424  0.256865  0.313840  0.083633  0.189206  0.203961  0.235659  0.251451  0.289560  0.499928  0.146390  0.240052  0.298857  0.334925  0.104465  0.154001  0.487232  0.083633  0.083633  0.160275  0.192195  0.341772  0.267213 0.0  0.375798  0.179704  0.605108  0.301199  0.358116  0.359801  0.198457  0.083633  0.336604  0.252592  0.207887  0.242996  0.361353  0.363290  0.090260  0.467585  0.256610  0.279755  0.398856  0.216413  0.116673  0.402714  0.221755  0.218645  0.157648  0.283328  0.306580  0.206064  0.083633  0.531135  0.353446  0.384713  0.193194  0.147843  0.216068  0.199832  0.083633  0.147830  0.194945  0.362609  0.426245  0.530418  0.284018  0.116589  0.340746  0.224048  0.280801  0.123794  0.408580  0.083633  0.189219  0.241489  0.381179  0.285396  0.187703  0.210114  0.199599  0.214344  0.228460  0.402992  0.430297  0.261540  0.397164  0.472466  0.291540 
24  0.539338  0.695309  0.461815  0.450540  0.529027  0.258528  0.601097  0.500052  0.676618  0.151877  0.498157  0.299293  0.570133  0.215258  0.565477  0.300340  0.899679  0.318573  0.281367  0.428028  0.447611  0.122429  0.377348  0.375798 0.0  0.221591  0.831989  0.334936  0.176445  0.654859  0.464114  0.416894  0.571263  0.549737  0.447125  0.278605  0.187773  0.493643  0.441134  0.786446  0.661456  0.644374  0.083633  0.604819  0.462744  0.618984  0.384549  0.480798  0.504487  0.361105  0.471385  0.479475  0.492994  0.669941  0.169326  0.693010  0.576421  0.367954  0.451455  0.494605  0.508865  0.617020  0.412157  0.083633  0.173048  0.118590  0.599232  0.488252  0.560950  0.579653  0.124646  0.310242  0.083633  0.255755  0.518312  0.271736  0.096183  0.410889  0.164459  0.290680  0.337555  0.329880  0.356643  0.083633  0.122398  0.264324  0.097002  0.763315  0.170710 
25  0.325446  0.417141  0.471395  0.296697  0.185855  0.193946  0.301302  0.306024  0.322925  0.291332  0.420745  0.083633  0.452905  0.200119  0.264113  0.108343  0.721932  0.090409  0.243659  0.189254  0.401026  0.235286  0.333661  0.179704  0.221591 0.0  0.719413  0.143577  0.166776  0.546509  0.332178  0.110209  0.442920  0.314759  0.202334  0.172556  0.284866  0.334100  0.331816  0.500152  0.432469  0.445274  0.307564  0.368001  0.240497  0.392594  0.141891  0.282805  0.249827  0.083633  0.334075  0.306218  0.296301  0.526874  0.114617  0.434235  0.290153  0.126026  0.353064  0.351791  0.349536  0.448076  0.191453  0.189686  0.287755  0.201961  0.446638  0.274558  0.331753  0.371695  0.170301  0.160733  0.185133  0.155807  0.289421  0.265900  0.182886  0.232091  0.083633  0.175367  0.083633  0.240852  0.256432  0.301809  0.226340  0.199400  0.247241  0.513685  0.257866 
26  0.615378  0.568055  0.499173  0.646284  0.616923  0.580527  0.356924  0.570804  0.392119  0.988732  0.630276  0.691845  0.508879  0.822258  0.653424  0.603307  0.204207  0.716507  0.639505  0.680266  0.447174  0.790651  0.447032  0.605108  0.831989  0.719413 0.0  0.790957  0.881153  0.462402  0.546567  0.561633  0.498406  0.469429  0.681325  0.696491  0.885106  0.574068  0.630721  0.545724  0.611583  0.449785  0.858255  0.492235  0.699525  0.389323  0.656378  0.511388  0.578760  0.819076  0.599759  0.549804  0.600312  0.295486  0.894236  0.517006  0.511647  0.768554  0.594186  0.523455  0.501518  0.413578  0.675386  0.940396  1.000000  0.972448  0.396154  0.571143  0.435351  0.445345  0.852054  0.676641  0.856346  0.669300  0.644480  0.635440  0.760867  0.605414  0.803044  0.832799  0.784648  0.667144  0.654375  0.835038  0.964838  0.723896  0.960531  0.321488  0.833473 
27  0.244766  0.426044  0.364194  0.210518  0.248032  0.083633  0.367357  0.274982  0.443824  0.304297  0.122270  0.091524  0.328536  0.109623  0.264343  0.119108  0.691499  0.120669  0.191608  0.083633  0.342729  0.185927  0.261480  0.301199  0.334936  0.143577  0.790957 0.0  0.210567  0.419652  0.241073  0.220417  0.397751  0.426219  0.136360  0.156738  0.310368  0.293147  0.233297  0.519653  0.386898  0.529123  0.346328  0.394741  0.227532  0.363066  0.090144  0.339118  0.185554  0.105550  0.230399  0.164866  0.280788  0.631160  0.277976  0.323013  0.214486  0.083633  0.340959  0.292581  0.333751  0.323202  0.096451  0.280922  0.475599  0.298234  0.351969  0.188462  0.386317  0.483236  0.294403  0.131227  0.431975  0.156746  0.279494  0.147071  0.185340  0.183465  0.095416  0.104051  0.214732  0.200517  0.249517  0.279199  0.228503  0.161647  0.298644  0.470483  0.184847 
28  0.480564  0.685382  0.532084  0.455239  0.435567  0.167732  0.545733  0.528137  0.524270  0.142019  0.466767  0.242434  0.451804  0.154651  0.433352  0.178177  0.809826  0.283392  0.285907  0.361401  0.484943  0.083633  0.459279  0.358116  0.176445  0.166776  0.881153  0.210567 0.0  0.613999  0.441820  0.454924  0.645412  0.354020  0.337102  0.226693  0.133677  0.376112  0.368588  0.711596  0.492261  0.450083  0.107746  0.493900  0.393125  0.621388  0.259689  0.458204  0.449830  0.235397  0.466383  0.405403  0.469099  0.722563  0.083633  0.473498  0.479266  0.319024  0.448147  0.361913  0.457455  0.413218  0.193436  0.183301  0.307524  0.175190  0.470423  0.350424  0.450297  0.510164  0.083633  0.187245  0.158166  0.249979  0.506588  0.244947  0.111682  0.369847  0.209188  0.120038  0.289138  0.420854  0.394260  0.117762  0.083633  0.369416  0.137805  0.471966  0.083633 
29  0.178556  0.089849  0.083633  0.243468  0.246392  0.432246  0.124233  0.262080  0.128811  0.662044  0.226202  0.506021  0.322082  0.479224  0.179463  0.500586  0.246858  0.500859  0.207100  0.485092  0.162010  0.607897  0.291004  0.359801  0.654859  0.546509  0.462402  0.419652  0.613999 0.0  0.252263  0.420644  0.297340  0.305264  0.305904  0.504384  0.475967  0.295167  0.238862  0.209052  0.180233  0.083633  0.616127  0.239356  0.161619  0.240809  0.383550  0.169493  0.227334  0.525283  0.272562  0.256527  0.365066  0.504809  0.679982  0.149778  0.240879  0.379568  0.185940  0.221820  0.237024  0.237544  0.469570  0.707672  0.668446  0.664170  0.288643  0.242697  0.168396  0.461089  0.604594  0.566557  0.593321  0.403717  0.376657  0.531830  0.557507  0.279672  0.494612  0.413109  0.452150  0.396564  0.406580  0.603495  0.677519  0.424091  0.612401  0.153102  0.569953 
30  0.104709  0.108125  0.172054  0.104209  0.101795  0.296312  0.121308  0.186626  0.273177  0.660875  0.202760  0.377312  0.172663  0.444735  0.110243  0.403640  0.420703  0.282603  0.315161  0.233242  0.285418  0.471260  0.121656  0.198457  0.464114  0.332178  0.546567  0.241073  0.441820  0.252263 0.0  0.258675  0.199423  0.163100  0.243866  0.426048  0.580722  0.242908  0.271083  0.438651  0.341818  0.273302  0.494946  0.204944  0.197974  0.215468  0.318277  0.083633  0.219110  0.353883  0.225359  0.120013  0.217605  0.423628  0.522443  0.083633  0.227521  0.312259  0.149745  0.174726  0.210249  0.199381  0.287916  0.490394  0.536799  0.536719  0.164951  0.208309  0.095135  0.205121  0.533811  0.294166  0.444956  0.384446  0.083633  0.284978  0.430077  0.204961  0.339475  0.294419  0.303186  0.261153  0.239466  0.446658  0.522969  0.391782  0.533972  0.139777  0.478517 
31  0.211522  0.402689  0.203966  0.102168  0.165230  0.133909  0.201720  0.222052  0.167037  0.340798  0.140250  0.194381  0.252048  0.375057  0.136286  0.151504  0.542186  0.231154  0.137574  0.112182  0.243958  0.325748  0.126960  0.083633  0.416894  0.110209  0.561633  0.220417  0.454924  0.420644  0.258675 0.0  0.313167  0.211006  0.190757  0.368481  0.304606  0.220421  0.107730  0.394621  0.393698  0.320268  0.501225  0.329091  0.166799  0.203622  0.148701  0.155522  0.146533  0.216183  0.234411  0.204888  0.146929  0.446004  0.382380  0.239154  0.216520  0.133093  0.204783  0.258707  0.209502  0.155171  0.181028  0.422611  0.423029  0.437698  0.365045  0.201228  0.250478  0.235596  0.389284  0.193961  0.441563  0.125332  0.195576  0.172029  0.287353  0.083633  0.199535  0.176721  0.142439  0.161358  0.136816  0.317261  0.330195  0.134390  0.411736  0.233664  0.389378 
32  0.300397  0.188944  0.258468  0.237721  0.264385  0.435812  0.251645  0.228248  0.146227  0.656652  0.205746  0.424595  0.119941  0.410211  0.255139  0.351020  0.401817  0.427443  0.259473  0.354979  0.083633  0.555774  0.209457  0.336604  0.571263  0.442920  0.498406  0.397751  0.645412  0.297340  0.199423  0.313167 0.0  0.422834  0.406906  0.489570  0.550102  0.419147  0.265702  0.333638  0.102267  0.114506  0.620679  0.083633  0.168870  0.222463  0.246626  0.181526  0.182448  0.386818  0.358451  0.281423  0.195023  0.543588  0.512371  0.083633  0.357947  0.322580  0.261258  0.222569  0.382746  0.377156  0.434302  0.597065  0.563842  0.600540  0.334907  0.216065  0.243433  0.488551  0.525490  0.365475  0.538880  0.425554  0.150863  0.466433  0.566595  0.340745  0.483234  0.408453  0.360952  0.304089  0.390974  0.600716  0.535090  0.447663  0.631544  0.228936  0.478856 
33  0.259281  0.281491  0.190247  0.181478  0.253632  0.440538  0.190146  0.305525  0.356920  0.590244  0.237792  0.411183  0.511579  0.513228  0.257009  0.396860  0.524265  0.356100  0.334937  0.219673  0.188591  0.485798  0.222194  0.252592  0.549737  0.314759  0.469429  0.426219  0.354020  0.305264  0.163100  0.211006  0.422834 0.0  0.307124  0.385398  0.497395  0.179880  0.232387  0.447096  0.394530  0.380257  0.523568  0.420099  0.253408  0.186514  0.289758  0.247485  0.188149  0.473835  0.176796  0.229834  0.299371  0.322916  0.628856  0.162785  0.156623  0.331399  0.200073  0.190826  0.090334  0.270412  0.311370  0.479756  0.542671  0.548416  0.192516  0.352901  0.085764  0.103619  0.411034  0.381653  0.415833  0.422744  0.318136  0.395592  0.441558  0.318060  0.317988  0.297056  0.365129  0.182575  0.296869  0.497791  0.395153  0.341881  0.560550  0.255866  0.384170 
34  0.258676  0.383009  0.309225  0.192246  0.288535  0.162066  0.415322  0.238180  0.450825  0.322982  0.244484  0.118087  0.315101  0.236968  0.261060  0.083745  0.522633  0.112285  0.153645  0.083633  0.189362  0.146510  0.268645  0.207887  0.447125  0.202334  0.681325  0.136360  0.337102  0.305904  0.243866  0.190757  0.406906  0.307124 0.0  0.173203  0.245306  0.220905  0.301267  0.525511  0.305227  0.401324  0.388238  0.542658  0.110576  0.432034  0.122813  0.258803  0.263659  0.186914  0.240245  0.220359  0.369515  0.577718  0.279937  0.288237  0.249852  0.114969  0.271398  0.277194  0.333696  0.277655  0.116713  0.332353  0.476890  0.323624  0.401351  0.299844  0.316672  0.419863  0.205603  0.128088  0.296749  0.181698  0.252116  0.083633  0.143255  0.275254  0.127421  0.149690  0.083633  0.220478  0.241764  0.308789  0.276022  0.208335  0.366155  0.429754  0.307360 
35  0.331976  0.475558  0.477980  0.441323  0.272531  0.170133  0.467336  0.368252  0.503477  0.305172  0.354335  0.083633  0.413968  0.083633  0.370992  0.083633  0.711020  0.191575  0.370612  0.229281  0.427036  0.163048  0.275561  0.242996  0.278605  0.172556  0.696491  0.156738  0.226693  0.504384  0.426048  0.368481  0.489570  0.385398  0.173203 0.0  0.166336  0.358646  0.284080  0.562604  0.441853  0.567905  0.247943  0.585877  0.292757  0.433329  0.140007  0.323763  0.179955  0.083633  0.391754  0.284703  0.282356  0.681109  0.159272  0.566481  0.474606  0.187061  0.270135  0.356001  0.441121  0.402530  0.091839  0.117389  0.311939  0.169366  0.552103  0.321706  0.509915  0.548227  0.130901  0.211255  0.269051  0.125352  0.459887  0.144564  0.262009  0.315545  0.083633  0.176258  0.123898  0.239756  0.254763  0.241709  0.251047  0.173219  0.164807  0.575665  0.143084 
36  0.485709  0.640077  0.519817  0.441717  0.383795  0.296320  0.493370  0.435221  0.570047  0.199805  0.387746  0.219081  0.521823  0.151786  0.467775  0.297095  0.731648  0.236588  0.403721  0.272081  0.532216  0.180182  0.529043  0.361353  0.187773  0.284866  0.885106  0.310368  0.133677  0.475967  0.580722  0.304606  0.550102  0.497395  0.245306  0.166336 0.0  0.395260  0.422400  0.714363  0.545340  0.532759  0.172447  0.572589  0.427643  0.469270  0.288028  0.527105  0.367238  0.199453  0.436787  0.467660  0.453791  0.685486  0.083633  0.552048  0.378768  0.245961  0.455761  0.522732  0.487301  0.471869  0.297426  0.090480  0.180148  0.083633  0.595952  0.452973  0.554179  0.519644  0.083633  0.253856  0.083633  0.282574  0.463917  0.299404  0.196408  0.364404  0.158594  0.232903  0.395274  0.307673  0.398171  0.104723  0.083633  0.223975  0.206843  0.644205  0.108853 
37  0.216113  0.415309  0.278357  0.279205  0.235453  0.417933  0.297318  0.387698  0.448527  0.498384  0.186085  0.333456  0.329339  0.383943  0.265160  0.269245  0.463348  0.325838  0.303329  0.272942  0.189295  0.316089  0.150158  0.363290  0.493643  0.334100  0.574068  0.293147  0.376112  0.295167  0.242908  0.220421  0.419147  0.179880  0.220905  0.358646  0.395260 0.0  0.312079  0.532418  0.424427  0.406107  0.462786  0.515974  0.333553  0.297174  0.327411  0.213401  0.145138  0.351367  0.215716  0.355709  0.353902  0.349245  0.434761  0.326165  0.236070  0.301545  0.229451  0.187920  0.140486  0.233506  0.273642  0.519306  0.622794  0.371111  0.257941  0.304752  0.200484  0.083633  0.386248  0.266746  0.547604  0.263118  0.257283  0.213586  0.406687  0.205891  0.412809  0.277714  0.212659  0.202909  0.178071  0.400576  0.443424  0.358866  0.539019  0.269399  0.336988 
38  0.083633  0.227102  0.264498  0.193153  0.083633  0.231476  0.227680  0.107796  0.230379  0.478368  0.137768  0.286542  0.216423  0.360707  0.108408  0.312102  0.422279  0.250024  0.146405  0.169621  0.215063  0.333070  0.321441  0.090260  0.441134  0.331816  0.630721  0.233297  0.368588  0.238862  0.271083  0.107730  0.265702  0.232387  0.301267  0.284080  0.422400  0.312079 0.0  0.241095  0.315324  0.230733  0.377462  0.176240  0.132009  0.248574  0.083633  0.245524  0.121964  0.335807  0.212483  0.123106  0.083633  0.540141  0.382880  0.206417  0.109489  0.241373  0.083633  0.205278  0.152474  0.304678  0.188439  0.359137  0.598766  0.494425  0.258411  0.095788  0.228294  0.300491  0.381993  0.242129  0.472221  0.274086  0.090592  0.207683  0.322645  0.206911  0.282552  0.327875  0.196699  0.323214  0.249171  0.393028  0.450823  0.297992  0.511831  0.311435  0.568007 
39  0.489888  0.375131  0.366577  0.318548  0.294882  0.543623  0.389103  0.317090  0.272456  0.772622  0.500105  0.554482  0.208304  0.640436  0.446084  0.532238  0.439691  0.556998  0.302372  0.551226  0.451324  0.649345  0.496193  0.467585  0.786446  0.500152  0.545724  0.519653  0.711596  0.209052  0.438651  0.394621  0.333638  0.447096  0.525511  0.562604  0.714363  0.532418  0.241095 0.0  0.333987  0.233033  0.733622  0.359880  0.383109  0.382041  0.574294  0.372241  0.541438  0.650064  0.529408  0.314040  0.342296  0.739104  0.579224  0.374930  0.474996  0.428271  0.352823  0.475672  0.395748  0.406728  0.590845  0.747851  0.731133  0.687759  0.363533  0.384621  0.385010  0.616096  0.636845  0.527682  0.654801  0.596348  0.301855  0.495043  0.818572  0.485940  0.546882  0.557003  0.513209  0.395965  0.489919  0.738819  0.607813  0.487344  0.758473  0.334523  0.724791 
40  0.288666  0.208717  0.348574  0.368820  0.179670  0.291623  0.254156  0.201430  0.197501  0.678469  0.357600  0.556980  0.175515  0.562885  0.325485  0.442882  0.497167  0.385274  0.226875  0.414785  0.283858  0.496925  0.275359  0.256610  0.661456  0.432469  0.611583  0.386898  0.492261  0.180233  0.341818  0.393698  0.102267  0.394530  0.305227  0.441853  0.545340  0.424427  0.315324  0.333987 0.0  0.122104  0.572543  0.198326  0.189913  0.180968  0.345106  0.376941  0.222500  0.402863  0.456196  0.203290  0.164411  0.607281  0.549985  0.145402  0.312050  0.382284  0.295358  0.382046  0.298527  0.250467  0.391746  0.640663  0.723374  0.640531  0.343719  0.219384  0.427257  0.506630  0.584253  0.409808  0.532465  0.447497  0.276540  0.431734  0.587343  0.384645  0.509134  0.361781  0.408726  0.326298  0.441113  0.577833  0.663699  0.347280  0.619178  0.261527  0.534839 
41  0.264936  0.130313  0.406906  0.280799  0.327535  0.370882  0.172029  0.189125  0.155394  0.584848  0.379638  0.426179  0.199323  0.570388  0.289297  0.386266  0.494118  0.319542  0.392589  0.480007  0.291078  0.592271  0.312694  0.279755  0.644374  0.445274  0.449785  0.529123  0.450083  0.083633  0.273302  0.320268  0.114506  0.380257  0.401324  0.567905  0.532759  0.406107  0.230733  0.233033  0.122104 0.0  0.642809  0.083633  0.150807  0.337309  0.299098  0.276239  0.249485  0.435646  0.269180  0.208662  0.188826  0.574424  0.582521  0.140348  0.325212  0.496302  0.327217  0.194405  0.229576  0.202356  0.418431  0.588956  0.633179  0.710823  0.276409  0.347468  0.396905  0.356861  0.510135  0.350552  0.533524  0.424688  0.237856  0.464579  0.492329  0.395351  0.380365  0.422457  0.444278  0.454096  0.368199  0.613939  0.731944  0.432665  0.605008  0.269549  0.634805 
42  0.458742  0.587152  0.583989  0.568352  0.488678  0.299087  0.586014  0.534931  0.630688  0.083633  0.425403  0.297310  0.615705  0.238240  0.561885  0.276456  0.832625  0.304105  0.406015  0.336396  0.508841  0.083633  0.519274  0.398856  0.083633  0.307564  0.858255  0.346328  0.107746  0.616127  0.494946  0.501225  0.620679  0.523568  0.388238  0.247943  0.172447  0.462786  0.377462  0.733622  0.572543  0.642809 0.0  0.575576  0.524129  0.587672  0.370414  0.558825  0.448985  0.253177  0.430522  0.383374  0.511961  0.794937  0.254184  0.596140  0.457336  0.276262  0.479566  0.573754  0.474989  0.611223  0.353167  0.104842  0.085298  0.100422  0.585686  0.525024  0.482905  0.533828  0.265097  0.368958  0.123448  0.272751  0.494271  0.340106  0.135049  0.513035  0.271096  0.358888  0.243988  0.449962  0.391579  0.134184  0.083633  0.276855  0.083633  0.686938  0.149406 
43  0.174724  0.195630  0.368389  0.306244  0.335373  0.455467  0.136479  0.253812  0.086838  0.613298  0.209186  0.498292  0.215810  0.465489  0.266658  0.284822  0.353862  0.267058  0.245965  0.297896  0.247574  0.646877  0.223851  0.216413  0.604819  0.368001  0.492235  0.394741  0.493900  0.239356  0.204944  0.329091  0.083633  0.420099  0.542658  0.585877  0.572589  0.515974  0.176240  0.359880  0.198326  0.083633  0.575576 0.0  0.216505  0.242608  0.392212  0.262713  0.218111  0.427649  0.238057  0.282985  0.221069  0.385668  0.558062  0.169575  0.209169  0.424532  0.182374  0.169378  0.179303  0.238446  0.287249  0.529702  0.694717  0.655934  0.260149  0.221030  0.223467  0.424373  0.559029  0.376523  0.632676  0.537668  0.297804  0.472378  0.585047  0.280916  0.451696  0.465142  0.401448  0.318133  0.338671  0.608689  0.531984  0.405339  0.641204  0.330232  0.491112 
44  0.141504  0.230651  0.251894  0.083633  0.217922  0.264469  0.179470  0.131871  0.153820  0.596515  0.299604  0.259281  0.156853  0.351357  0.177853  0.216120  0.413621  0.312949  0.197977  0.426661  0.178979  0.465064  0.227500  0.116673  0.462744  0.240497  0.699525  0.227532  0.393125  0.161619  0.197974  0.166799  0.168870  0.253408  0.110576  0.292757  0.427643  0.333553  0.132009  0.383109  0.189913  0.150807  0.524129  0.216505 0.0  0.273499  0.174784  0.167496  0.170505  0.274269  0.199763  0.139089  0.170499  0.440492  0.350591  0.212090  0.194085  0.257264  0.125138  0.158369  0.167572  0.219745  0.241152  0.419792  0.505472  0.578523  0.224246  0.188579  0.135888  0.270566  0.476731  0.346672  0.579493  0.237787  0.178494  0.333153  0.425158  0.224530  0.408795  0.249918  0.266377  0.339383  0.263098  0.591515  0.457240  0.306798  0.542999  0.348936  0.410750 
