89
0 0.0  0.203371  0.181067  0.104884  0.133372  0.242233  0.202419  0.161188  0.255582  0.581018  0.150746  0.296311  0.192207  0.383105  0.102537  0.256165  0.465427  0.296300  0.183568  0.203692  0.159382  0.377668  0.136928  0.176139  0.449222  0.287899  0.458323  0.246823  0.391309  0.245508  0.128053  0.151621  0.248663  0.235651  0.244302  0.327462  0.456709  0.239621  0.137690  0.417399  0.271121  0.256806  0.446984  0.224511  0.163940  0.201620  0.196888  0.154141  0.107502  0.286036  0.168694  0.105431  0.148422  0.368557  0.354110  0.192406  0.165920  0.275703  0.100816  0.091983  0.125569  0.182768  0.255390  0.388274  0.497804  0.483330  0.203713  0.138766  0.155111  0.232524  0.389268  0.251824  0.444891  0.306397  0.116644  0.234772  0.359940  0.149038  0.306132  0.245760  0.225011  0.200913  0.189942  0.420222  0.433986  0.259568  0.421222  0.277266  0.410715 
1  0.203371 0.0  0.211823  0.215181  0.245160  0.343680  0.190163  0.219425  0.136270  0.614977  0.258558  0.443302  0.171686  0.493380  0.218934  0.326546  0.341797  0.343424  0.312592  0.350034  0.235415  0.480107  0.253773  0.272159  0.479695  0.493716  0.400470  0.405005  0.450363  0.105662  0.174144  0.278816  0.157162  0.317710  0.371389  0.455971  0.586638  0.335315  0.247511  0.283814  0.199810  0.161742  0.598603  0.136484  0.202247  0.157586  0.348431  0.189627  0.230994  0.464902  0.254113  0.265295  0.214995  0.446318  0.501251  0.126259  0.263371  0.355828  0.208259  0.202033  0.215311  0.204211  0.330817  0.494986  0.593140  0.639481  0.237629  0.280175  0.206891  0.275918  0.470596  0.373037  0.591203  0.412555  0.210841  0.402177  0.510222  0.296026  0.463258  0.335076  0.378963  0.379019  0.317530  0.639252  0.544337  0.396548  0.612522  0.185953  0.700179 
2  0.181067  0.211823 0.0  0.158082  0.182313  0.309648  0.122697  0.258730  0.261782  0.429463  0.170144  0.334937  0.236663  0.433015  0.155790  0.301916  0.360497  0.373164  0.227958  0.281972  0.137845  0.389935  0.172564  0.267392  0.450357  0.330497  0.448178  0.312817  0.499442  0.188569  0.139250  0.241017  0.273664  0.175053  0.337251  0.419600  0.457680  0.223511  0.232022  0.387369  0.285211  0.280161  0.489289  0.257770  0.222419  0.134598  0.294712  0.120150  0.176007  0.374447  0.146996  0.198090  0.228944  0.299002  0.433729  0.166802  0.159694  0.337314  0.201304  0.185484  0.151112  0.099401  0.339763  0.475265  0.584647  0.569723  0.131429  0.239386  0.110728  0.194858  0.464277  0.333974  0.554816  0.349568  0.212538  0.354373  0.432664  0.215114  0.390074  0.338807  0.356086  0.235970  0.234600  0.490379  0.478293  0.377972  0.529877  0.209785  0.472203 
3  0.104884  0.215181  0.158082 0.0  0.113244  0.246042  0.196756  0.194732  0.278836  0.438608  0.131475  0.300349  0.207053  0.339146  0.091288  0.246772  0.480810  0.288226  0.164317  0.213461  0.129545  0.386207  0.119895  0.169048  0.446140  0.313031  0.456515  0.265225  0.385311  0.258301  0.139812  0.157197  0.257289  0.242182  0.227957  0.293066  0.371831  0.210220  0.146121  0.398168  0.281302  0.281101  0.443812  0.288876  0.173128  0.195625  0.182391  0.154974  0.095366  0.324272  0.150164  0.114970  0.162362  0.362955  0.429964  0.178232  0.126386  0.310204  0.122851  0.110672  0.106089  0.170555  0.240649  0.369723  0.537031  0.401602  0.233521  0.158802  0.144815  0.277817  0.336891  0.247659  0.473837  0.296082  0.144105  0.244696  0.336014  0.150493  0.275019  0.277595  0.257996  0.186494  0.175922  0.437696  0.438374  0.289791  0.423726  0.295307  0.398805 
4  0.133372  0.245160  0.182313  0.113244 0.0  0.182009  0.218143  0.205842  0.280278  0.483194  0.115148  0.263659  0.240229  0.324900  0.116449  0.213422  0.465139  0.238797  0.163759  0.219806  0.137729  0.335272  0.110764  0.152894  0.439512  0.298912  0.563956  0.227215  0.392014  0.275245  0.170785  0.156815  0.290969  0.190301  0.204643  0.300362  0.463820  0.215264  0.161669  0.398531  0.293036  0.276686  0.400557  0.282408  0.183702  0.213933  0.193766  0.165596  0.110806  0.312880  0.131051  0.114962  0.180041  0.394809  0.385161  0.190297  0.120370  0.247309  0.141841  0.131478  0.113300  0.195630  0.237296  0.409590  0.378653  0.478859  0.225896  0.159109  0.158800  0.249373  0.357200  0.223804  0.369291  0.259591  0.155894  0.229607  0.336419  0.121624  0.264952  0.235454  0.206068  0.165117  0.157170  0.433191  0.406990  0.254211  0.391261  0.301300  0.360033 
5  0.242233  0.343680  0.309648  0.246042  0.182009 0.0  0.316475  0.217729  0.324630  0.378274  0.256587  0.165260  0.337241  0.232522  0.241190  0.099707  0.592775  0.143726  0.149179  0.095645  0.230307  0.261259  0.241573  0.151381  0.355283  0.153205  0.591158  0.115331  0.273536  0.330298  0.268717  0.171027  0.352585  0.316640  0.102897  0.170476  0.302028  0.267364  0.210599  0.502114  0.378389  0.409861  0.286212  0.326210  0.262331  0.352527  0.107779  0.293948  0.233585  0.166622  0.260799  0.205848  0.217987  0.488697  0.258740  0.318777  0.256148  0.125427  0.256577  0.207904  0.257952  0.306069  0.109924  0.287299  0.358920  0.288150  0.341267  0.233161  0.277661  0.384624  0.250576  0.104637  0.305846  0.132573  0.222765  0.123420  0.248600  0.184339  0.167223  0.117154  0.104128  0.197196  0.183288  0.319396  0.283990  0.148229  0.330335  0.386911  0.275221 
6  0.202419  0.190163  0.122697  0.196756  0.218143  0.316475 0.0  0.271763  0.218004  0.574371  0.210640  0.380555  0.222299  0.470152  0.193841  0.353652  0.374609  0.340489  0.267672  0.324531  0.197864  0.542384  0.209316  0.283924  0.538388  0.408547  0.426235  0.376334  0.524531  0.163404  0.151602  0.250306  0.256009  0.240051  0.324561  0.350360  0.590889  0.222236  0.247722  0.338103  0.271128  0.220475  0.599196  0.215307  0.233949  0.109558  0.345981  0.124951  0.200177  0.415710  0.196509  0.205873  0.235052  0.386671  0.524726  0.144905  0.205579  0.394378  0.185022  0.192908  0.162753  0.111859  0.380848  0.550195  0.654131  0.554774  0.130725  0.231729  0.140404  0.192632  0.553144  0.376773  0.584184  0.383145  0.218911  0.400491  0.477960  0.237387  0.399143  0.386763  0.344148  0.249915  0.261915  0.464307  0.559672  0.351803  0.594280  0.159314  0.482730 
7  0.161188  0.219425  0.258730  0.194732  0.205842  0.217729  0.271763 0.0  0.245507  0.445179  0.219224  0.322556  0.172973  0.376293  0.178317  0.239059  0.494488  0.290910  0.170495  0.204170  0.240175  0.354569  0.206587  0.167348  0.488583  0.282173  0.596321  0.232845  0.351983  0.271262  0.217947  0.171562  0.211400  0.257579  0.254911  0.287184  0.441832  0.346633  0.126685  0.312091  0.224378  0.190675  0.418127  0.240307  0.115282  0.246568  0.210417  0.220105  0.196880  0.314755  0.264490  0.171586  0.101948  0.397414  0.426979  0.195088  0.215899  0.264013  0.158341  0.161793  0.192912  0.260094  0.250801  0.466087  0.462619  0.480002  0.325190  0.113848  0.231171  0.353773  0.454445  0.247798  0.430453  0.251435  0.145667  0.278585  0.403630  0.204101  0.286618  0.282279  0.272524  0.256581  0.251169  0.380533  0.461272  0.274051  0.519276  0.299873  0.408051 
8  0.255582  0.136270  0.261782  0.278836  0.280278  0.324630  0.218004  0.245507 0.0  0.545212  0.312866  0.434568  0.180449  0.575072  0.230320  0.391198  0.369522  0.394781  0.363088  0.435774  0.299711  0.501172  0.265258  0.346369  0.566119  0.469781  0.419858  0.443455  0.506484  0.142920  0.202210  0.305090  0.155970  0.343527  0.419007  0.479230  0.620418  0.409363  0.271898  0.217261  0.159305  0.146691  0.513312  0.121929  0.207607  0.217338  0.385556  0.232508  0.244107  0.518719  0.323839  0.326456  0.236709  0.486064  0.577367  0.185783  0.305492  0.365949  0.266289  0.276534  0.274786  0.237899  0.428600  0.537005  0.593237  0.560030  0.286924  0.246150  0.282492  0.349254  0.579182  0.444233  0.551242  0.406172  0.241048  0.443543  0.564388  0.316745  0.425297  0.461559  0.426469  0.365672  0.359458  0.548526  0.595530  0.417911  0.575826  0.195802  0.545618 
9  0.581018  0.614977  0.429463  0.438608  0.483194  0.378274  0.574371  0.445179  0.545212 0.0  0.414999  0.287337  0.504809  0.234769  0.437805  0.372711  0.857429  0.348645  0.428468  0.364772  0.494686  0.220600  0.452081  0.440466  0.150469  0.288350  0.812914  0.337962  0.193164  0.711663  0.576709  0.407596  0.483544  0.486994  0.340264  0.289726  0.187924  0.469268  0.498726  0.714476  0.583556  0.608867  0.131027  0.705959  0.530307  0.642509  0.367879  0.547004  0.448448  0.272290  0.509545  0.431180  0.515557  0.714168  0.185936  0.535174  0.480883  0.322453  0.513288  0.468917  0.432628  0.549007  0.370420  0.172521  0.094079  0.137507  0.694349  0.513236  0.464513  0.552576  0.211898  0.368451  0.158698  0.308257  0.525665  0.299063  0.212745  0.377927  0.311435  0.353076  0.335946  0.419218  0.396789  0.150564  0.145669  0.286712  0.151383  0.751908  0.178270 
10  0.150746  0.258558  0.170144  0.131475  0.115148  0.256587  0.210640  0.219224  0.312866  0.414999 0.0  0.326584  0.227465  0.299625  0.132333  0.256291  0.417815  0.263873  0.195216  0.212096  0.111720  0.409242  0.093058  0.190273  0.425175  0.305661  0.537112  0.228184  0.385937  0.277132  0.153364  0.170799  0.267536  0.174219  0.225499  0.290145  0.375496  0.184064  0.193213  0.427749  0.319883  0.275041  0.392493  0.282842  0.224972  0.207024  0.216945  0.180548  0.123113  0.261560  0.119577  0.143939  0.207160  0.352955  0.399815  0.215310  0.090211  0.277222  0.159399  0.160663  0.127955  0.200754  0.250807  0.381566  0.457097  0.497067  0.207733  0.182662  0.152548  0.241348  0.393149  0.253242  0.456798  0.243455  0.178892  0.230735  0.354281  0.137649  0.307073  0.245706  0.272958  0.160785  0.157734  0.444589  0.455544  0.256596  0.395633  0.323390  0.392329 
11  0.296311  0.443302  0.334937  0.300349  0.263659  0.165260  0.380555  0.322556  0.434568  0.287337  0.326584 0.0  0.347972  0.168522  0.320772  0.143298  0.701494  0.117313  0.223351  0.189992  0.280728  0.179526  0.288173  0.225748  0.226519  0.099714  0.653886  0.135376  0.188104  0.469022  0.363493  0.219231  0.408967  0.383744  0.160331  0.109159  0.182161  0.330451  0.281138  0.549545  0.413508  0.444578  0.227884  0.435258  0.317262  0.371837  0.188583  0.405491  0.301745  0.108581  0.301328  0.301139  0.279099  0.597791  0.169518  0.331840  0.295103  0.131772  0.342193  0.305503  0.348166  0.367550  0.139353  0.221914  0.251869  0.250063  0.425724  0.345938  0.337039  0.477728  0.171916  0.141133  0.219865  0.119201  0.317883  0.134884  0.168706  0.238350  0.090955  0.145474  0.135546  0.229720  0.243230  0.243336  0.213580  0.130321  0.226399  0.554946  0.200733 
12  0.192207  0.171686  0.236663  0.207053  0.240229  0.337241  0.222299  0.172973  0.180449  0.504809  0.227465  0.347972 0.0  0.456974  0.205371  0.314595  0.388273  0.331163  0.232508  0.319539  0.238293  0.505376  0.251546  0.229567  0.500012  0.369114  0.511269  0.349892  0.535628  0.198346  0.184328  0.252676  0.129520  0.359590  0.340528  0.399682  0.534627  0.327910  0.215610  0.293223  0.157406  0.150982  0.570571  0.140213  0.154821  0.212201  0.274931  0.185772  0.210073  0.394404  0.245259  0.208225  0.168307  0.485611  0.464172  0.158013  0.262583  0.361296  0.178520  0.192475  0.243237  0.233155  0.335589  0.545289  0.496176  0.576437  0.239448  0.174678  0.234012  0.388632  0.432201  0.324624  0.471174  0.347073  0.161136  0.335958  0.519398  0.278152  0.393552  0.310161  0.366522  0.295985  0.294995  0.562617  0.505318  0.381623  0.513652  0.265782  0.553296 
13  0.383105  0.493380  0.433015  0.339146  0.324900  0.232522  0.470152  0.376293  0.575072  0.234769  0.299625  0.168522  0.456974 0.0  0.411538  0.227185  0.741291  0.182310  0.313175  0.244508  0.398675  0.095969  0.384758  0.318569  0.175718  0.170103  0.664987  0.219440  0.119559  0.557153  0.423619  0.305884  0.506475  0.349719  0.228410  0.138898  0.131962  0.345836  0.307726  0.555903  0.494581  0.462829  0.172078  0.449783  0.379313  0.526866  0.270043  0.382209  0.386081  0.162653  0.387649  0.345952  0.389982  0.652773  0.100593  0.504327  0.363789  0.197722  0.406748  0.355968  0.376528  0.406068  0.218806  0.131307  0.233070  0.184470  0.426379  0.369454  0.457956  0.452199  0.104989  0.238576  0.155784  0.187739  0.322959  0.227042  0.146066  0.303632  0.159057  0.178628  0.230791  0.262884  0.304955  0.164598  0.160793  0.191900  0.161684  0.537683  0.134407 
14  0.102537  0.218934  0.155790  0.091288  0.116449  0.241190  0.193841  0.178317  0.230320  0.437805  0.132333  0.320772  0.205371  0.411538 0.0  0.243925  0.460850  0.288369  0.172966  0.205611  0.143280  0.383313  0.126981  0.170036  0.478682  0.275097  0.422222  0.249530  0.409724  0.236715  0.138636  0.169086  0.249623  0.220560  0.242827  0.313507  0.435647  0.237107  0.141206  0.373749  0.289597  0.237865  0.387141  0.242720  0.170954  0.221972  0.200803  0.145646  0.097035  0.323694  0.146350  0.111081  0.158428  0.434683  0.418032  0.169758  0.133328  0.251214  0.115556  0.110592  0.110316  0.177181  0.275937  0.399775  0.536206  0.466236  0.220126  0.151798  0.130869  0.226704  0.417860  0.231753  0.426541  0.249666  0.135353  0.249488  0.382765  0.149341  0.274938  0.225456  0.262434  0.187324  0.175657  0.429363  0.403405  0.283076  0.465369  0.288981  0.436171 
15  0.256165  0.326546  0.301916  0.246772  0.213422  0.099707  0.353652  0.239059  0.391198  0.372711  0.256291  0.143298  0.314595  0.227185  0.243925 0.0  0.610978  0.129028  0.161109  0.112740  0.269050  0.236556  0.235515  0.165700  0.253528  0.142694  0.627423  0.102392  0.243115  0.431041  0.296057  0.168119  0.365865  0.323880  0.096401  0.177855  0.246293  0.327465  0.187548  0.535279  0.401125  0.373383  0.288782  0.334150  0.261728  0.351768  0.121554  0.303462  0.226870  0.160258  0.255574  0.219003  0.223855  0.556004  0.260862  0.320528  0.250699  0.114042  0.264809  0.243131  0.245190  0.311338  0.101675  0.264190  0.324763  0.319343  0.394129  0.220444  0.341954  0.411068  0.249742  0.102865  0.281112  0.125151  0.258703  0.119523  0.227679  0.205322  0.153657  0.106745  0.096230  0.197665  0.193726  0.304265  0.289183  0.138244  0.295559  0.410584  0.232831 
16  0.465427  0.341797  0.360497  0.480810  0.465139  0.592775  0.374609  0.494488  0.369522  0.857429  0.417815  0.701494  0.388273  0.741291  0.460850  0.610978 0.0  0.617454  0.551182  0.653719  0.413459  0.762676  0.498277  0.574331  1.000000  0.733680  0.161413  0.662062  0.753140  0.349181  0.412132  0.595289  0.454228  0.419029  0.620483  0.791492  0.809816  0.429549  0.470604  0.510410  0.412347  0.403426  0.920301  0.357447  0.497335  0.367339  0.603135  0.365487  0.412439  0.725846  0.428663  0.492870  0.483278  0.314400  0.885314  0.375320  0.483438  0.596011  0.501359  0.440052  0.469763  0.407897  0.629645  0.756088  0.842288  0.932052  0.313866  0.465101  0.372265  0.342862  0.840225  0.594845  0.749692  0.641412  0.492962  0.595222  0.670471  0.440852  0.699453  0.596151  0.650169  0.525973  0.576078  0.834071  0.897645  0.549881  0.777309  0.264408  0.789349 
17  0.296300  0.343424  0.373164  0.288226  0.238797  0.143726  0.340489  0.290910  0.394781  0.348645  0.263873  0.117313  0.331163  0.182310  0.288369  0.129028  0.617454 0.0  0.215018  0.146566  0.303055  0.203768  0.285836  0.216055  0.296405  0.105351  0.823841  0.113085  0.211152  0.408249  0.378555  0.205937  0.348363  0.351200  0.125706  0.135543  0.267193  0.343027  0.241876  0.540689  0.470839  0.445481  0.305984  0.349512  0.336620  0.392458  0.156597  0.348951  0.283985  0.115135  0.313370  0.298160  0.267851  0.549325  0.189376  0.336136  0.292951  0.102104  0.316063  0.284262  0.279503  0.358484  0.116504  0.243171  0.355662  0.261261  0.425176  0.272138  0.337513  0.431438  0.206743  0.122361  0.251874  0.100065  0.300489  0.128831  0.218022  0.235522  0.125284  0.112437  0.119058  0.213624  0.242955  0.275752  0.267011  0.132228  0.283992  0.463179  0.235652 
18  0.183568  0.312592  0.227958  0.164317  0.163759  0.149179  0.267672  0.170495  0.363088  0.428468  0.195216  0.223351  0.232508  0.313175  0.172966  0.161109  0.551182  0.215018 0.0  0.136167  0.220530  0.322285  0.161754  0.095013  0.347632  0.241332  0.594318  0.171826  0.313056  0.350834  0.198325  0.103588  0.262692  0.273463  0.160435  0.234450  0.359747  0.282902  0.137237  0.409894  0.295188  0.267561  0.412894  0.273488  0.177223  0.304773  0.135102  0.244294  0.155198  0.249552  0.249885  0.162641  0.184103  0.481602  0.337801  0.266347  0.184180  0.186577  0.163508  0.187276  0.190455  0.288977  0.181378  0.336099  0.414138  0.399321  0.330994  0.147156  0.232020  0.329730  0.308224  0.164348  0.402087  0.201139  0.177623  0.186564  0.303109  0.143756  0.234565  0.181758  0.167389  0.170427  0.167349  0.353925  0.351875  0.193353  0.390175  0.380961  0.353080 
19  0.203692  0.350034  0.281972  0.213461  0.219806  0.095645  0.324531  0.204170  0.435774  0.364772  0.212096  0.189992  0.319539  0.244508  0.205611  0.112740  0.653719  0.146566  0.136167 0.0  0.265207  0.256549  0.235893  0.142549  0.306193  0.148611  0.591593  0.114844  0.270912  0.376369  0.262512  0.153084  0.350850  0.311502  0.115526  0.190331  0.329851  0.324117  0.190700  0.464040  0.338274  0.300999  0.309227  0.356690  0.234073  0.313848  0.107309  0.326398  0.204190  0.174113  0.241716  0.186030  0.213189  0.538060  0.281661  0.298174  0.211580  0.133025  0.221596  0.241840  0.231321  0.292905  0.124011  0.308553  0.341933  0.353985  0.359891  0.204964  0.274943  0.356935  0.243519  0.117370  0.313598  0.136078  0.236634  0.130180  0.253436  0.180878  0.192761  0.130547  0.110839  0.165938  0.187972  0.268130  0.322074  0.142940  0.313709  0.389133  0.274941 
20  0.159382  0.235415  0.137845  0.129545  0.137729  0.230307  0.197864  0.240175  0.299711  0.494686  0.111720  0.280728  0.238293  0.398675  0.143280  0.269050  0.413459  0.303055  0.220530  0.265207 0.0  0.426148  0.113120  0.215233  0.460126  0.301772  0.455800  0.312817  0.398644  0.228029  0.159905  0.204839  0.279070  0.172051  0.220813  0.383473  0.490615  0.187730  0.203025  0.398148  0.338803  0.284557  0.432026  0.278506  0.221883  0.207012  0.231419  0.155808  0.136891  0.358076  0.101568  0.156864  0.210138  0.427264  0.415597  0.211978  0.110220  0.299149  0.160666  0.153487  0.115912  0.153814  0.307797  0.403244  0.517446  0.470804  0.180485  0.224894  0.116550  0.228311  0.411484  0.277184  0.460935  0.297029  0.178738  0.295141  0.341203  0.155812  0.338556  0.270101  0.321706  0.196884  0.164715  0.422493  0.467811  0.293348  0.525567  0.248084  0.427155 
21  0.377668  0.480107  0.389935  0.386207  0.335272  0.261259  0.542384  0.354569  0.501172  0.220600  0.409242  0.179526  0.505376  0.095969  0.383313  0.236556  0.762676  0.203768  0.322285  0.256549  0.426148 0.0  0.418170  0.323417  0.157730  0.170527  0.657043  0.237698  0.108908  0.540645  0.406777  0.296584  0.481461  0.429249  0.218629  0.152000  0.133743  0.387672  0.362977  0.609187  0.511021  0.577539  0.170937  0.456331  0.419313  0.516961  0.278105  0.427443  0.347580  0.171548  0.421734  0.324043  0.421286  0.659340  0.093394  0.476542  0.423228  0.201621  0.412464  0.361927  0.429023  0.445861  0.212297  0.126257  0.202569  0.169713  0.470529  0.341692  0.418566  0.545811  0.096281  0.223093  0.147579  0.179092  0.441496  0.201807  0.143113  0.345886  0.168289  0.223486  0.232874  0.272507  0.271086  0.161318  0.155480  0.198659  0.159770  0.555460  0.126374 
22  0.136928  0.253773  0.172564  0.119895  0.110764  0.241573  0.209316  0.206587  0.265258  0.452081  0.093058  0.288173  0.251546  0.384758  0.126981  0.235515  0.498277  0.285836  0.161754  0.235893  0.113120  0.418170 0.0  0.180175  0.387222  0.303899  0.467617  0.270546  0.377669  0.265561  0.162053  0.171732  0.276606  0.202345  0.220396  0.307595  0.449407  0.187086  0.185355  0.470325  0.307969  0.275543  0.389761  0.266886  0.218777  0.245612  0.202754  0.168076  0.121620  0.274887  0.112117  0.134805  0.208623  0.401290  0.379860  0.206290  0.094561  0.282505  0.160980  0.139741  0.113857  0.167388  0.237270  0.389583  0.439470  0.476886  0.203138  0.188284  0.139081  0.249986  0.417234  0.230633  0.436966  0.260655  0.180898  0.222241  0.381794  0.129473  0.298155  0.281362  0.238549  0.158428  0.168095  0.351450  0.450517  0.231612  0.409518  0.301603  0.398829 
23  0.176139  0.272159  0.267392  0.169048  0.152894  0.151381  0.283924  0.167348  0.346369  0.440466  0.190273  0.225748  0.229567  0.318569  0.170036  0.165700  0.574331  0.216055  0.095013  0.142549  0.215233  0.323417  0.180175 0.0  0.397599  0.215045  0.554790  0.179029  0.352625  0.285882  0.221824  0.104492  0.260300  0.283011  0.170749  0.251769  0.312956  0.255097  0.137135  0.487563  0.326941  0.301899  0.370582  0.272707  0.190220  0.258319  0.136265  0.221272  0.160433  0.222024  0.233415  0.140482  0.159371  0.531964  0.351968  0.267826  0.177742  0.182815  0.175257  0.154246  0.186943  0.227067  0.194645  0.352911  0.420328  0.385750  0.259775  0.146234  0.224342  0.361491  0.342913  0.166401  0.327687  0.201988  0.173189  0.169787  0.356188  0.149520  0.212839  0.202849  0.186337  0.181376  0.196455  0.357162  0.392690  0.198621  0.416233  0.370187  0.378968 
24  0.449222  0.479695  0.450357  0.446140  0.439512  0.355283  0.538388  0.488583  0.566119  0.150469  0.425175  0.226519  0.500012  0.175718  0.478682  0.253528  1.000000  0.296405  0.347632  0.306193  0.460126  0.157730  0.387222  0.397599 0.0  0.210089  0.866645  0.292700  0.140413  0.591878  0.522662  0.342000  0.525339  0.519758  0.249059  0.213984  0.115844  0.462171  0.411872  0.631249  0.623430  0.560349  0.112882  0.625431  0.462027  0.528251  0.340159  0.533059  0.433381  0.251908  0.438325  0.396179  0.378148  0.724982  0.153734  0.549866  0.371051  0.287707  0.473335  0.394762  0.482751  0.524700  0.266062  0.116758  0.138849  0.092362  0.543794  0.478372  0.430466  0.614909  0.150266  0.326836  0.104291  0.280351  0.405505  0.305625  0.158407  0.337340  0.236135  0.268681  0.319838  0.429205  0.399894  0.092280  0.092121  0.254460  0.097746  0.662962  0.119527 
25  0.287899  0.493716  0.330497  0.313031  0.298912  0.153205  0.408547  0.282173  0.469781  0.288350  0.305661  0.099714  0.369114  0.170103  0.275097  0.142694  0.733680  0.105351  0.241332  0.148611  0.301772  0.170527  0.303899  0.215045  0.210089 0.0  0.733050  0.123219  0.194133  0.470314  0.282832  0.216629  0.415937  0.369935  0.130291  0.114676  0.217498  0.303909  0.268057  0.539881  0.400395  0.372446  0.255102  0.454493  0.288907  0.413910  0.165649  0.277045  0.275950  0.113177  0.329891  0.259128  0.333841  0.621733  0.201253  0.402066  0.308221  0.110540  0.320128  0.324010  0.301239  0.408865  0.126205  0.231750  0.281566  0.245055  0.404922  0.300145  0.352679  0.401903  0.182828  0.134246  0.237696  0.106383  0.269818  0.135242  0.192506  0.239295  0.105558  0.117644  0.129527  0.213102  0.223215  0.250074  0.235847  0.121657  0.220645  0.494665  0.214739 
26  0.458323  0.400470  0.448178  0.456515  0.563956  0.591158  0.426235  0.596321  0.419858  0.812914  0.537112  0.653886  0.511269  0.664987  0.422222  0.627423  0.161413  0.823841  0.594318  0.591593  0.455800  0.657043  0.467617  0.554790  0.866645  0.733050 0.0  0.614093  0.798865  0.356776  0.486234  0.558171  0.464236  0.560414  0.698394  0.818502  0.809792  0.498826  0.596615  0.534503  0.497119  0.470464  0.865203  0.414053  0.480023  0.448671  0.732681  0.433350  0.494580  0.815950  0.548703  0.545634  0.549660  0.303398  0.714395  0.436020  0.532207  0.639681  0.480857  0.523671  0.456477  0.436900  0.689309  0.704985  0.956159  0.858060  0.383707  0.551132  0.455244  0.396401  0.920803  0.718028  0.723274  0.749724  0.470609  0.584533  0.717213  0.483159  0.671341  0.628721  0.747407  0.602859  0.530791  0.823720  0.711661  0.630741  0.980717  0.296250  0.834460 
27  0.246823  0.405005  0.312817  0.265225  0.227215  0.115331  0.376334  0.232845  0.443455  0.337962  0.228184  0.135376  0.349892  0.219440  0.249530  0.102392  0.662062  0.113085  0.171826  0.114844  0.312817  0.237698  0.270546  0.179029  0.292700  0.123219  0.614093 0.0  0.257588  0.385947  0.334306  0.181631  0.393472  0.403302  0.101971  0.145933  0.260417  0.297698  0.242571  0.508426  0.400267  0.374307  0.288235  0.364608  0.281514  0.364810  0.131289  0.329005  0.263154  0.151528  0.264290  0.209462  0.222923  0.573350  0.244421  0.382885  0.255704  0.096754  0.265912  0.246382  0.264919  0.351842  0.088503  0.248324  0.352899  0.314021  0.410643  0.249557  0.328718  0.339748  0.236262  0.101796  0.295761  0.111085  0.261485  0.117427  0.215448  0.226605  0.158413  0.097712  0.096631  0.185668  0.204972  0.316707  0.316925  0.129486  0.312021  0.489374  0.267017 
28  0.391309  0.450363  0.499442  0.385311  0.392014  0.273536  0.524531  0.351983  0.506484  0.193164  0.385937  0.188104  0.535628  0.119559  0.409724  0.243115  0.753140  0.211152  0.313056  0.270912  0.398644  0.108908  0.377669  0.352625  0.140413  0.194133  0.798865  0.257588 0.0  0.524352  0.463053  0.305378  0.605020  0.473305  0.240739  0.172338  0.112759  0.422698  0.410144  0.707896  0.527742  0.553355  0.144032  0.466262  0.414066  0.516340  0.269904  0.484803  0.431936  0.176200  0.462910  0.353057  0.336345  0.646613  0.104184  0.470631  0.386006  0.219181  0.426845  0.448349  0.338445  0.456104  0.238887  0.111745  0.186990  0.143469  0.469657  0.353569  0.477462  0.481659  0.096207  0.218045  0.130547  0.214823  0.384457  0.236386  0.137834  0.352216  0.179318  0.243924  0.254192  0.295782  0.345643  0.135895  0.137369  0.191035  0.132731  0.598128  0.102877 
29  0.245508  0.105662  0.188569  0.258301  0.275245  0.330298  0.163404  0.271262  0.142920  0.711663  0.277132  0.469022  0.198346  0.557153  0.236715  0.431041  0.349181  0.408249  0.350834  0.376369  0.228029  0.540645  0.265561  0.285882  0.591878  0.470314  0.356776  0.385947  0.524352 0.0  0.202170  0.300314  0.176708  0.262016  0.408841  0.571102  0.503509  0.337215  0.245738  0.307563  0.219049  0.184480  0.546603  0.161957  0.223417  0.156443  0.327505  0.186688  0.254857  0.496203  0.232656  0.286733  0.267075  0.392266  0.500497  0.143351  0.268635  0.424579  0.217710  0.227834  0.225133  0.197764  0.377195  0.639210  0.564975  0.564402  0.223190  0.259449  0.226200  0.304566  0.585901  0.386034  0.561604  0.453708  0.265548  0.374515  0.520367  0.338324  0.402017  0.389597  0.391180  0.350590  0.301626  0.577786  0.582716  0.442554  0.671237  0.169249  0.530584 
30  0.128053  0.174144  0.139250  0.139812  0.170785  0.268717  0.151602  0.217947  0.202210  0.576709  0.153364  0.363493  0.184328  0.423619  0.138636  0.296057  0.412132  0.378555  0.198325  0.262512  0.159905  0.406777  0.162053  0.221824  0.522662  0.282832  0.486234  0.334306  0.463053  0.202170 0.0  0.216717  0.216815  0.241145  0.319188  0.411504  0.457503  0.229540  0.185779  0.340860  0.240777  0.241073  0.531078  0.207319  0.162103  0.146595  0.256874  0.108704  0.149629  0.338264  0.168595  0.173875  0.188198  0.374025  0.409243  0.139772  0.178332  0.328937  0.136314  0.135775  0.126700  0.135598  0.323650  0.470790  0.508858  0.535794  0.186805  0.176251  0.137727  0.248206  0.444926  0.282414  0.472594  0.309840  0.156977  0.304005  0.443465  0.215616  0.350931  0.290192  0.296262  0.239945  0.247770  0.535043  0.488580  0.295550  0.449608  0.243757  0.473488 
31  0.151621  0.278816  0.241017  0.157197  0.156815  0.171027  0.250306  0.171562  0.305090  0.407596  0.170799  0.219231  0.252676  0.305884  0.169086  0.168119  0.595289  0.205937  0.103588  0.153084  0.204839  0.296584  0.171732  0.104492  0.342000  0.216629  0.558171  0.181631  0.305378  0.300314  0.216717 0.0  0.267676  0.252152  0.166637  0.244743  0.358945  0.264262  0.135319  0.426002  0.325862  0.300305  0.405104  0.282616  0.194876  0.272799  0.140061  0.215209  0.150992  0.253285  0.200013  0.145688  0.171861  0.469911  0.327792  0.270829  0.165114  0.197035  0.185350  0.157171  0.176959  0.221124  0.176779  0.347515  0.450606  0.431900  0.299728  0.166694  0.235189  0.315543  0.371383  0.167684  0.368558  0.205129  0.163010  0.181620  0.316149  0.124984  0.202637  0.172874  0.168261  0.172759  0.162025  0.366864  0.413194  0.206637  0.370404  0.352235  0.361233 
32  0.248663  0.157162  0.273664  0.257289  0.290969  0.352585  0.256009  0.211400  0.155970  0.483544  0.267536  0.408967  0.129520  0.506475  0.249623  0.365865  0.454228  0.348363  0.262692  0.350850  0.279070  0.481461  0.276606  0.260300  0.525339  0.415937  0.464236  0.393472  0.605020  0.176708  0.216815  0.267676 0.0  0.338269  0.307226  0.445769  0.549262  0.412435  0.238467  0.240799  0.114278  0.101558  0.597753  0.110370  0.169450  0.225409  0.329955  0.244632  0.242997  0.524198  0.329541  0.219918  0.220856  0.539335  0.470974  0.181278  0.303353  0.320093  0.199825  0.222316  0.234788  0.218306  0.349557  0.543110  0.696204  0.602852  0.265167  0.209290  0.252326  0.399383  0.477767  0.408910  0.597066  0.421626  0.203837  0.375269  0.531103  0.326614  0.442557  0.376316  0.358144  0.277309  0.345583  0.558224  0.555842  0.409398  0.580347  0.283541  0.474157 
33  0.235651  0.317710  0.175053  0.242182  0.190301  0.316640  0.240051  0.257579  0.343527  0.486994  0.174219  0.383744  0.359590  0.349719  0.220560  0.323880  0.419029  0.351200  0.273463  0.311502  0.172051  0.429249  0.202345  0.283011  0.519758  0.369935  0.560414  0.403302  0.473305  0.262016  0.241145  0.252152  0.338269 0.0  0.321696  0.398973  0.470842  0.129126  0.320086  0.481190  0.356122  0.345031  0.454157  0.345610  0.299961  0.221218  0.315860  0.228515  0.240203  0.372070  0.178583  0.238510  0.318347  0.295442  0.425369  0.302376  0.185718  0.352013  0.238855  0.258423  0.194669  0.215656  0.337426  0.475152  0.482781  0.461638  0.188903  0.306442  0.176971  0.146587  0.412030  0.366959  0.421467  0.340878  0.283321  0.335430  0.470030  0.234310  0.342996  0.294842  0.317796  0.240475  0.228421  0.459850  0.440015  0.299218  0.429148  0.300827  0.431265 
34  0.244302  0.371389  0.337251  0.227957  0.204643  0.102897  0.324561  0.254911  0.419007  0.340264  0.225499  0.160331  0.340528  0.228410  0.242827  0.096401  0.620483  0.125706  0.160435  0.115526  0.220813  0.218629  0.220396  0.170749  0.249059  0.130291  0.698394  0.101971  0.240739  0.408841  0.319188  0.166637  0.307226  0.321696 0.0  0.165566  0.287097  0.333090  0.233242  0.491127  0.417926  0.364215  0.278227  0.323120  0.252280  0.364801  0.126126  0.288036  0.244592  0.150785  0.250776  0.227939  0.236096  0.569340  0.232231  0.312053  0.245795  0.113218  0.251522  0.252293  0.281183  0.334475  0.100755  0.278776  0.346408  0.288986  0.386722  0.218992  0.326745  0.385903  0.239584  0.093092  0.284941  0.118597  0.250848  0.112560  0.227736  0.190905  0.141106  0.102119  0.090839  0.173886  0.198980  0.284836  0.286147  0.135526  0.273045  0.485636  0.268934 
35  0.327462  0.455971  0.419600  0.293066  0.300362  0.170476  0.350360  0.287184  0.479230  0.289726  0.290145  0.109159  0.399682  0.138898  0.313507  0.177855  0.791492  0.135543  0.234450  0.190331  0.383473  0.152000  0.307595  0.251769  0.213984  0.114676  0.818502  0.145933  0.172338  0.571102  0.411504  0.244743  0.445769  0.398973  0.165566 0.0  0.208934  0.337366  0.262060  0.616345  0.503660  0.499098  0.241636  0.471227  0.352333  0.416209  0.172793  0.361299  0.323492  0.100050  0.323965  0.314535  0.300002  0.583889  0.166594  0.383911  0.326978  0.139531  0.302074  0.304371  0.363433  0.376251  0.143581  0.202863  0.246215  0.250051  0.377804  0.290475  0.351349  0.464140  0.166941  0.169424  0.197259  0.143647  0.324714  0.153208  0.184471  0.244010  0.105104  0.151758  0.161447  0.266106  0.248183  0.228767  0.237400  0.145158  0.232001  0.505839  0.171728 
36  0.456709  0.586638  0.457680  0.371831  0.463820  0.302028  0.590889  0.441832  0.620418  0.187924  0.375496  0.182161  0.534627  0.131962  0.435647  0.246293  0.809816  0.267193  0.359747  0.329851  0.490615  0.133743  0.449407  0.312956  0.115844  0.217498  0.809792  0.260417  0.112759  0.503509  0.457503  0.358945  0.549262  0.470842  0.287097  0.208934 0.0  0.429447  0.297382  0.644731  0.431529  0.529010  0.143183  0.619874  0.417406  0.578819  0.272860  0.465122  0.407298  0.229844  0.444777  0.374595  0.370012  0.691173  0.135429  0.494512  0.368618  0.262572  0.498465  0.476817  0.456331  0.485336  0.253247  0.101021  0.161148  0.124023  0.425047  0.464720  0.422294  0.599763  0.119537  0.304563  0.104493  0.266123  0.460651  0.284214  0.137022  0.370939  0.216933  0.261392  0.276344  0.317556  0.336653  0.109656  0.109087  0.247958  0.106602  0.595861  0.094470 
37  0.239621  0.335315  0.223511  0.210220  0.215264  0.267364  0.222236  0.346633  0.409363  0.469268  0.184064  0.330451  0.327910  0.345836  0.237107  0.327465  0.429549  0.343027  0.282902  0.324117  0.187730  0.387672  0.187086  0.255097  0.462171  0.303909  0.498826  0.297698  0.422698  0.337215  0.229540  0.264262  0.412435  0.129126  0.333090  0.337366  0.429447 0.0  0.221811  0.567890  0.366557  0.350457  0.464306  0.362846  0.292090  0.265582  0.272761  0.215717  0.178782  0.308687  0.142859  0.232279  0.327845  0.340391  0.410330  0.275466  0.178396  0.334350  0.264883  0.251240  0.220710  0.245362  0.287518  0.469043  0.479150  0.474040  0.229718  0.308352  0.210716  0.190790  0.440839  0.293314  0.463621  0.285661  0.237918  0.300408  0.337387  0.207190  0.318452  0.317660  0.314112  0.217299  0.211773  0.370432  0.448513  0.312990  0.419426  0.348834  0.525131 
38  0.137690  0.247511  0.232022  0.146121  0.161669  0.210599  0.247722  0.126685  0.271898  0.498726  0.193213  0.281138  0.215610  0.307726  0.141206  0.187548  0.470604  0.241876  0.137237  0.190700  0.203025  0.362977  0.185355  0.137135  0.411872  0.268057  0.596615  0.242571  0.410144  0.245738  0.185779  0.135319  0.238467  0.320086  0.233242  0.262060  0.297382  0.221811 0.0  0.309160  0.220929  0.247978  0.392261  0.261633  0.135403  0.258950  0.205414  0.217530  0.140494  0.283462  0.213869  0.141264  0.113499  0.432073  0.350022  0.210863  0.177872  0.250466  0.127588  0.129080  0.168590  0.258558  0.239652  0.415583  0.407288  0.448587  0.271798  0.098716  0.212452  0.306650  0.415968  0.212345  0.454655  0.249870  0.120591  0.208392  0.404884  0.168621  0.289529  0.241043  0.203925  0.200491  0.213401  0.377361  0.497205  0.252259  0.438266  0.320743  0.421070 
39  0.417399  0.283814  0.387369  0.398168  0.398531  0.502114  0.338103  0.312091  0.217261  0.714476  0.427749  0.549545  0.293223  0.555903  0.373749  0.535279  0.510410  0.540689  0.409894  0.464040  0.398148  0.609187  0.470325  0.487563  0.631249  0.539881  0.534503  0.508426  0.707896  0.307563  0.340860  0.426002  0.240799  0.481190  0.491127  0.616345  0.644731  0.567890  0.309160 0.0  0.203121  0.226202  0.729869  0.239623  0.320677  0.379910  0.514265  0.389743  0.375786  0.565252  0.461704  0.371245  0.309807  0.633234  0.685637  0.310133  0.426412  0.473743  0.371066  0.349269  0.358244  0.341880  0.539025  0.716413  0.658961  0.688363  0.393819  0.386049  0.428320  0.460465  0.684308  0.463431  0.663927  0.553500  0.340928  0.583987  0.678676  0.375144  0.574642  0.481177  0.500368  0.502039  0.400597  0.762693  0.750979  0.557126  0.740943  0.309776  0.794747 
40  0.271121  0.199810  0.285211  0.281302  0.293036  0.378389  0.271128  0.224378  0.159305  0.583556  0.319883  0.413508  0.157406  0.494581  0.289597  0.401125  0.412347  0.470839  0.295188  0.338274  0.338803  0.511021  0.307969  0.326941  0.623430  0.400395  0.497119  0.400267  0.527742  0.219049  0.240777  0.325862  0.114278  0.356122  0.417926  0.503660  0.431529  0.366557  0.220929  0.203121 0.0  0.112331  0.599359  0.142496  0.183491  0.274511  0.397738  0.246497  0.286582  0.426408  0.323916  0.286674  0.217061  0.614055  0.541586  0.239982  0.340475  0.372535  0.248309  0.265871  0.290765  0.271653  0.396069  0.523133  0.555966  0.596451  0.338734  0.222861  0.300425  0.425383  0.508119  0.417361  0.634773  0.419232  0.234563  0.394807  0.501785  0.314830  0.411845  0.448725  0.368353  0.349215  0.358231  0.662189  0.504680  0.381195  0.592744  0.270269  0.553871 
41  0.256806  0.161742  0.280161  0.281101  0.276686  0.409861  0.220475  0.190675  0.146691  0.608867  0.275041  0.444578  0.150982  0.462829  0.237865  0.373383  0.403426  0.445481  0.267561  0.300999  0.284557  0.577539  0.275543  0.301899  0.560349  0.372446  0.470464  0.374307  0.553355  0.184480  0.241073  0.300305  0.101558  0.345031  0.364215  0.499098  0.529010  0.350457  0.247978  0.226202  0.112331 0.0  0.538323  0.109285  0.205465  0.232138  0.311467  0.270090  0.275215  0.456936  0.277465  0.257407  0.203985  0.415937  0.626169  0.211865  0.286452  0.375457  0.213336  0.243655  0.257615  0.242034  0.396928  0.563781  0.550775  0.625277  0.292173  0.251133  0.263138  0.385731  0.546507  0.358166  0.581783  0.423127  0.233335  0.362489  0.455409  0.302041  0.465874  0.384353  0.369975  0.346414  0.308360  0.590901  0.641372  0.402887  0.589101  0.270731  0.522494 
42  0.446984  0.598603  0.489289  0.443812  0.400557  0.286212  0.599196  0.418127  0.513312  0.131027  0.392493  0.227884  0.570571  0.172078  0.387141  0.288782  0.920301  0.305984  0.412894  0.309227  0.432026  0.170937  0.389761  0.370582  0.112882  0.255102  0.865203  0.288235  0.144032  0.546603  0.531078  0.405104  0.597753  0.454157  0.278227  0.241636  0.143183  0.464306  0.392261  0.729869  0.599359  0.538323 0.0  0.595808  0.494309  0.577185  0.287416  0.445809  0.453603  0.261905  0.468671  0.443891  0.498959  0.681194  0.180653  0.545576  0.449435  0.300407  0.409442  0.459405  0.447005  0.444129  0.275422  0.135974  0.128505  0.125053  0.573047  0.455390  0.477326  0.560639  0.182590  0.300193  0.127846  0.255997  0.507152  0.294122  0.142342  0.391709  0.236525  0.253553  0.287422  0.336105  0.333384  0.123721  0.125227  0.261688  0.134229  0.643992  0.132405 
43  0.224511  0.136484  0.257770  0.288876  0.282408  0.326210  0.215307  0.240307  0.121929  0.705959  0.282842  0.435258  0.140213  0.449783  0.242720  0.334150  0.357447  0.349512  0.273488  0.356690  0.278506  0.456331  0.266886  0.272707  0.625431  0.454493  0.414053  0.364608  0.466262  0.161957  0.207319  0.282616  0.110370  0.345610  0.323120  0.471227  0.619874  0.362846  0.261633  0.239623  0.142496  0.109285  0.595808 0.0  0.209604  0.215136  0.348884  0.228094  0.242343  0.375486  0.309789  0.266163  0.206983  0.479554  0.562974  0.170696  0.293050  0.362191  0.228994  0.210766  0.268860  0.227974  0.356248  0.563803  0.553454  0.407334  0.249792  0.235738  0.262387  0.317737  0.536605  0.287602  0.579235  0.438190  0.202723  0.391763  0.546072  0.299183  0.435741  0.404560  0.347500  0.367396  0.371685  0.646135  0.545646  0.388665  0.582895  0.201967  0.559325 
44  0.163940  0.202247  0.222419  0.173128  0.183702  0.262331  0.233949  0.115282  0.207607  0.530307  0.224972  0.317262  0.154821  0.379313  0.170954  0.261728  0.497335  0.336620  0.177223  0.234073  0.221883  0.419313  0.218777  0.190220  0.462027  0.288907  0.480023  0.281514  0.414066  0.223417  0.162103  0.194876  0.169450  0.299961  0.252280  0.352333  0.417406  0.292090  0.135403  0.320677  0.183491  0.205465  0.494309  0.209604 0.0  0.217372  0.238547  0.190614  0.172430  0.313351  0.212342  0.185911  0.105859  0.490866  0.369672  0.179902  0.222221  0.303275  0.138969  0.146582  0.184481  0.225652  0.272680  0.396645  0.413359  0.520315  0.279699  0.119384  0.248611  0.311969  0.393315  0.261531  0.497468  0.273486  0.122407  0.289979  0.460355  0.191454  0.278524  0.249457  0.293050  0.244884  0.221162  0.454901  0.411270  0.304773  0.471093  0.271808  0.378542 
