62
0 0.0  0.701602  0.776931  0.790220  0.751887  0.773285  0.753833  0.739379  0.426127  0.638366  0.810528  0.771360  0.358630  0.800083  0.668014  0.783745  0.069996  0.675985  0.784261  0.776317  0.732893  0.758291  0.689293  0.807141  0.740959  0.829241  0.308018  0.865443  0.430594  0.616708  0.808443  0.818590  0.591028  0.758266  0.708035  0.771084  0.735096  0.706491  0.697584  0.793947  0.775546  0.777636  0.779584  0.756029  0.301176  0.232985  0.883042  0.806278  0.787660  0.288199  0.729035  0.095382  0.738416  0.256632  0.657552  0.716569  0.678006  0.713610  0.782057  0.752666  0.719714  0.804571 
1  0.701602 0.0  0.475488  0.087816  0.812546  0.140739  0.069996  0.069996  0.648416  0.929632  0.786184  0.887734  0.703497  0.763892  0.463290  0.520934  0.746664  0.725474  0.866677  0.766755  0.870781  0.882216  0.836076  0.885422  0.176531  0.719140  0.738013  0.728140  0.581353  0.698191  0.767471  0.771535  0.764319  0.762433  0.652916  0.806389  0.793013  0.776976  0.765834  0.795448  0.774861  0.658214  0.368888  0.751158  0.674229  0.795700  0.927921  0.770963  0.759706  0.745878  0.783810  0.804719  0.542983  0.774845  0.880588  0.853267  0.535991  0.525853  0.778782  0.799962  0.809100  0.792997 
2  0.776931  0.475488 0.0  0.639836  0.886866  0.416609  0.504196  0.565219  0.667476  0.773238  0.787898  0.802877  0.482746  0.845186  0.213925  0.511120  0.784214  0.412672  0.836109  0.869389  0.904240  0.769016  0.806907  0.903863  0.546126  0.773918  0.451139  0.801157  0.758181  0.811094  0.852558  0.866879  0.805222  0.885736  0.663547  0.819341  0.813602  0.723632  0.785003  0.801166  0.812187  0.866392  0.539948  0.836070  0.796666  0.750070  0.808374  0.925424  0.910318  0.820438  0.801551  0.759530  0.140912  0.779075  0.887807  0.909211  0.208377  0.120961  0.828451  0.843646  0.758051  0.820118 
3  0.790220  0.087816  0.639836 0.0  0.783935  0.159648  0.099335  0.074016  0.727499  0.786720  0.740063  0.768044  0.707299  0.775692  0.461575  0.519687  0.878642  0.765939  0.880784  0.804500  0.798889  0.771634  0.787691  0.821236  0.291015  0.770973  0.748284  0.779925  0.565757  0.838407  0.809756  0.848681  0.868306  0.881480  0.695735  0.814061  0.847507  0.785606  0.826744  0.768210  0.780926  0.820327  0.313170  0.870735  0.757456  0.847680  0.694257  0.847233  0.769299  0.777924  0.776561  0.807294  0.538118  0.812202  0.800160  0.793335  0.561244  0.502782  0.797020  0.807169  0.799606  0.798594 
4  0.751887  0.812546  0.886866  0.783935 0.0  0.822782  0.767908  0.749523  0.703334  0.512393  0.820813  0.758832  0.745293  0.591822  0.864263  0.526237  0.750133  0.818349  0.907891  0.918323  0.181866  0.483908  0.227426  0.524403  0.770048  0.305571  0.610407  0.730472  0.802307  0.256380  0.328807  0.538698  0.458954  0.445868  0.345925  0.510957  0.417938  0.576948  0.513756  0.372588  0.418398  0.074355  0.864228  0.326199  0.725644  0.814889  0.252030  0.320794  0.457882  0.834003  0.230469  0.803657  0.823487  0.753556  0.314502  0.499374  0.861109  0.871766  0.678715  0.378615  0.837391  0.851935 
5  0.773285  0.140739  0.416609  0.159648  0.822782 0.0  0.069996  0.146006  0.653448  0.879414  0.711787  0.843098  0.763519  0.859023  0.447313  0.503853  0.765631  0.636430  0.797801  0.769237  0.788743  0.849473  0.829856  0.779307  0.085593  0.806315  0.706979  0.831631  0.538006  0.833862  0.713933  0.844551  0.741208  0.784441  0.722444  0.850083  0.800363  0.777624  0.853928  0.846043  0.729305  0.840907  0.240109  0.761814  0.808056  0.834852  0.833588  0.805253  0.804288  0.818901  0.815130  0.819741  0.599531  0.810470  0.780601  0.833137  0.622002  0.424177  0.660642  0.755662  0.818158  0.720525 
6  0.753833  0.069996  0.504196  0.099335  0.767908  0.069996 0.0  0.069996  0.737297  0.712769  0.721809  0.888054  0.727024  0.940697  0.585549  0.571547  0.689956  0.750840  0.818540  0.833562  0.799539  0.789311  0.764049  0.909413  0.232745  0.925121  0.625657  0.795544  0.600211  0.824371  0.829270  0.769227  0.876786  0.819182  0.728449  0.873700  0.731579  0.834299  0.817802  0.835471  0.836063  0.788926  0.215678  0.859138  0.765690  0.744044  0.763959  0.806426  0.901843  0.793194  0.824581  0.769369  0.516651  0.755359  0.707602  0.859582  0.475784  0.549993  0.759886  0.853892  0.812967  0.776333 
7  0.739379  0.069996  0.565219  0.074016  0.749523  0.146006  0.069996 0.0  0.698422  0.773260  0.761168  0.767581  0.657967  0.844170  0.521812  0.555937  0.695747  0.771746  0.898309  0.893824  0.771059  0.802555  0.872885  0.863962  0.219464  0.845875  0.634301  0.839512  0.524020  0.841867  0.830995  0.730573  0.771840  0.778413  0.685061  0.825103  0.805179  0.803272  0.767754  0.799178  0.785282  0.845850  0.308730  0.856512  0.766255  0.833724  0.856207  0.891064  0.800148  0.687671  0.866811  0.668708  0.564768  0.772853  0.715159  0.899035  0.426783  0.537452  0.833423  0.681616  0.739166  0.684866 
8  0.426127  0.648416  0.667476  0.727499  0.703334  0.653448  0.737297  0.698422 0.0  0.769485  0.694459  0.713508  0.275897  0.696263  0.785367  0.528429  0.320535  0.649238  0.441197  0.331157  0.665523  0.691259  0.776455  0.731079  0.679164  0.683880  0.305448  0.668846  0.345141  0.802189  0.730981  0.596240  0.734557  0.674233  0.642024  0.692521  0.689575  0.749517  0.738679  0.651467  0.735210  0.696034  0.655272  0.665743  0.399901  0.328498  0.671378  0.649922  0.616296  0.305642  0.731575  0.324730  0.842658  0.293165  0.755227  0.688507  0.647003  0.718039  0.741562  0.677075  0.391601  0.421305 
9  0.638366  0.929632  0.773238  0.786720  0.512393  0.879414  0.712769  0.773260  0.769485 0.0  0.815007  0.802756  0.709325  0.308046  0.809923  0.469978  0.497279  0.741740  0.777346  0.896308  0.644349  0.559333  0.507416  0.532623  0.793980  0.521388  0.702797  0.732819  0.819498  0.376466  0.498409  0.303997  0.272141  0.549829  0.287912  0.293860  0.567373  0.325336  0.644551  0.497337  0.500663  0.554513  0.813383  0.353900  0.562730  0.633433  0.259484  0.549425  0.563792  0.404105  0.567689  0.489354  0.769695  0.524887  0.619634  0.488219  0.864660  0.756462  0.764295  0.469266  0.889148  0.865564 
10  0.810528  0.786184  0.787898  0.740063  0.820813  0.711787  0.721809  0.761168  0.694459  0.815007 0.0  0.246387  0.771762  0.772284  0.702785  0.562099  0.784968  0.584961  0.718920  0.773768  0.761075  0.720337  0.743282  0.730255  0.813223  0.749476  0.728717  0.199785  0.827677  0.748503  0.802465  0.842560  0.729104  0.811131  0.722356  0.694783  0.830030  0.765717  0.893100  0.706823  0.794504  0.746374  0.781499  0.719126  0.795316  0.789594  0.790936  0.830384  0.843236  0.874958  0.776226  0.789046  0.757636  0.828218  0.787202  0.812167  0.744355  0.791570  0.480957  0.737615  0.708639  0.766975 
11  0.771360  0.887734  0.802877  0.768044  0.758832  0.843098  0.888054  0.767581  0.713508  0.802756  0.246387 0.0  0.758369  0.820408  0.803362  0.508388  0.725854  0.750623  0.756018  0.763200  0.837191  0.825484  0.898305  0.841418  0.828874  0.879760  0.615484  0.137707  0.714617  0.878414  0.851796  0.830121  0.811266  0.808595  0.659487  0.784883  0.799434  0.826485  0.694003  0.746833  0.829669  0.781800  0.763923  0.845718  0.827481  0.725127  0.816626  0.756448  0.866203  0.748212  0.772417  0.777843  0.771484  0.728660  0.931381  0.875308  0.855473  0.761515  0.461520  0.772549  0.800250  0.804867 
12  0.358630  0.703497  0.482746  0.707299  0.745293  0.763519  0.727024  0.657967  0.275897  0.709325  0.771762  0.758369 0.0  0.625545  0.422343  0.519944  0.345500  0.315707  0.715997  0.703969  0.699755  0.751417  0.787679  0.615964  0.662038  0.717905  0.135276  0.710742  0.290293  0.780823  0.715399  0.641917  0.631629  0.735262  0.737140  0.672770  0.676713  0.701485  0.736098  0.720067  0.707524  0.762561  0.595452  0.781854  0.378316  0.358819  0.718610  0.736419  0.703026  0.355430  0.747410  0.265775  0.429508  0.289382  0.678351  0.743418  0.558863  0.390265  0.744954  0.643794  0.744740  0.722853 
13  0.800083  0.763892  0.845186  0.775692  0.591822  0.859023  0.940697  0.844170  0.696263  0.308046  0.772284  0.820408  0.625545 0.0  0.872679  0.536857  0.810285  0.749117  0.892485  0.869764  0.673958  0.200763  0.640921  0.368497  0.816337  0.287484  0.656426  0.761754  0.853081  0.512785  0.558049  0.118717  0.554107  0.389146  0.386368  0.136760  0.292961  0.181723  0.319651  0.387616  0.362827  0.638964  0.827918  0.347320  0.913632  0.714233  0.406629  0.560310  0.357377  0.764889  0.543809  0.721705  0.885303  0.736787  0.526381  0.385366  0.853304  0.773155  0.753127  0.256316  0.835671  0.755702 
14  0.668014  0.463290  0.213925  0.461575  0.864263  0.447313  0.585549  0.521812  0.785367  0.809923  0.702785  0.803362  0.422343  0.872679 0.0  0.561518  0.817000  0.432645  0.792921  0.800914  0.879928  0.809235  0.853999  0.844342  0.545358  0.840954  0.359317  0.796090  0.791580  0.830395  0.921415  0.942520  0.761886  0.825753  0.711795  0.738999  0.854749  0.869925  0.861586  0.815263  0.917500  0.784904  0.616751  0.950267  0.832900  0.764723  0.834195  0.841932  0.913810  0.803866  0.908585  0.688564  0.104807  0.843660  0.896619  0.864862  0.181700  0.134120  0.700939  0.831097  0.911025  0.884458 
15  0.783745  0.520934  0.511120  0.519687  0.526237  0.503853  0.571547  0.555937  0.528429  0.469978  0.562099  0.508388  0.519944  0.536857  0.561518 0.0  0.509135  0.484922  0.574603  0.542736  0.606582  0.484728  0.610944  0.606021  0.497332  0.523333  0.535931  0.579078  0.478935  0.569243  0.690899  0.573227  0.599151  0.523673  0.541289  0.504979  0.499822  0.585625  0.516232  0.497461  0.542204  0.607266  0.554418  0.463770  0.622756  0.562241  0.544132  0.490451  0.421700  0.531299  0.504733  0.586191  0.582844  0.600948  0.551553  0.531000  0.516630  0.524800  0.557383  0.535788  0.535869  0.384869 
16  0.069996  0.746664  0.784214  0.878642  0.750133  0.765631  0.689956  0.695747  0.320535  0.497279  0.784968  0.725854  0.345500  0.810285  0.817000  0.509135 0.0  0.673540  0.727270  0.890001  0.794349  0.797025  0.832654  0.849835  0.703638  0.791829  0.366167  0.887049  0.454234  0.581771  0.748820  0.788224  0.599719  0.850015  0.716352  0.784081  0.831714  0.676665  0.787751  0.794925  0.710613  0.719003  0.798426  0.764608  0.169876  0.262636  0.864591  0.762691  0.670278  0.205766  0.731799  0.205880  0.683811  0.233148  0.800663  0.771904  0.755086  0.803408  0.829530  0.650800  0.702969  0.767284 
17  0.675985  0.725474  0.412672  0.765939  0.818349  0.636430  0.750840  0.771746  0.649238  0.741740  0.584961  0.750623  0.315707  0.749117  0.432645  0.484922  0.673540 0.0  0.300751  0.272664  0.719343  0.721958  0.778440  0.683582  0.763593  0.770092  0.495382  0.554573  0.756780  0.662570  0.778683  0.688914  0.725713  0.629366  0.665110  0.768151  0.713227  0.706424  0.689491  0.636709  0.665487  0.745452  0.763705  0.802367  0.688870  0.688925  0.724581  0.693531  0.682334  0.778284  0.692612  0.728251  0.448620  0.625224  0.690133  0.684749  0.464917  0.352820  0.580853  0.665164  0.321725  0.414585 
18  0.784261  0.866677  0.836109  0.880784  0.907891  0.797801  0.818540  0.898309  0.441197  0.777346  0.718920  0.756018  0.715997  0.892485  0.792921  0.574603  0.727270  0.300751 0.0  0.163538  0.890298  0.812810  0.858726  0.847799  0.852375  0.864421  0.672605  0.869073  0.757786  0.816924  0.792494  0.805463  0.855479  0.761646  0.672304  0.817487  0.769633  0.842078  0.900408  0.819022  0.938615  0.829515  0.785773  0.865678  0.726708  0.735839  0.832106  0.855386  0.790296  0.755437  0.788867  0.767403  0.807761  0.830386  0.727965  0.876383  0.867254  0.834464  0.796426  0.888311  0.069996  0.069996 
19  0.776317  0.766755  0.869389  0.804500  0.918323  0.769237  0.833562  0.893824  0.331157  0.896308  0.773768  0.763200  0.703969  0.869764  0.800914  0.542736  0.890001  0.272664  0.163538 0.0  0.845477  0.667720  0.802117  0.893621  0.841418  0.862732  0.718063  0.749090  0.772496  0.876612  0.867834  0.912365  0.870967  0.744683  0.713250  0.694035  0.790521  0.715254  0.839203  0.791630  0.851051  0.851645  0.863213  0.847848  0.866195  0.698532  0.812938  0.932480  0.838237  0.775726  0.803085  0.807375  0.894895  0.740519  0.922884  0.923051  0.804178  0.714825  0.828368  0.817115  0.069996  0.149548 
20  0.732893  0.870781  0.904240  0.798889  0.181866  0.788743  0.799539  0.771059  0.665523  0.644349  0.761075  0.837191  0.699755  0.673958  0.879928  0.606582  0.794349  0.719343  0.890298  0.845477 0.0  0.385455  0.168488  0.433977  0.881340  0.425567  0.686279  0.765500  0.780867  0.309933  0.298597  0.644279  0.367331  0.420794  0.218780  0.575866  0.442401  0.534005  0.426756  0.441663  0.505136  0.174528  0.798959  0.411884  0.802746  0.749839  0.328895  0.294285  0.497315  0.734549  0.234816  0.913353  0.835380  0.864155  0.264063  0.564051  0.768187  0.921985  0.777323  0.365315  0.858339  0.858130 
21  0.758291  0.882216  0.769016  0.771634  0.483908  0.849473  0.789311  0.802555  0.691259  0.559333  0.720337  0.825484  0.751417  0.200763  0.809235  0.484728  0.797025  0.721958  0.812810  0.667720  0.385455 0.0  0.403846  0.121961  0.805075  0.126441  0.691592  0.802630  0.748875  0.451088  0.377834  0.346454  0.417799  0.086514  0.278495  0.320052  0.152528  0.412727  0.101835  0.135103  0.141501  0.362548  0.859293  0.552830  0.606459  0.757253  0.492549  0.373701  0.183685  0.723605  0.426709  0.861480  0.751702  0.826687  0.423269  0.158581  0.761948  0.838504  0.732640  0.255862  0.799142  0.935626 
22  0.689293  0.836076  0.806907  0.787691  0.227426  0.829856  0.764049  0.872885  0.776455  0.507416  0.743282  0.898305  0.787679  0.640921  0.853999  0.610944  0.832654  0.778440  0.858726  0.802117  0.168488  0.403846 0.0  0.368107  0.920783  0.355603  0.678982  0.804477  0.880614  0.356123  0.204169  0.580375  0.344329  0.316700  0.360106  0.611338  0.422742  0.528979  0.374057  0.384928  0.407674  0.157912  0.773909  0.398289  0.850480  0.907343  0.378895  0.177076  0.291275  0.734005  0.100226  0.823121  0.801091  0.786998  0.103204  0.311286  0.875894  0.792412  0.888611  0.347350  0.858868  0.816659 
23  0.807141  0.885422  0.903863  0.821236  0.524403  0.779307  0.909413  0.863962  0.731079  0.532623  0.730255  0.841418  0.615964  0.368497  0.844342  0.606021  0.849835  0.683582  0.847799  0.893621  0.433977  0.121961  0.368107 0.0  0.822178  0.113613  0.741218  0.827014  0.764075  0.375202  0.354611  0.447539  0.451943  0.069996  0.312447  0.290896  0.162868  0.280442  0.128997  0.239619  0.294723  0.427887  0.778391  0.605260  0.760223  0.771792  0.545275  0.374855  0.208171  0.793059  0.242702  0.789776  0.798377  0.720931  0.495359  0.258807  0.838789  0.837294  0.831737  0.175506  0.777209  0.861549 
24  0.740959  0.176531  0.546126  0.291015  0.770048  0.085593  0.232745  0.219464  0.679164  0.793980  0.813223  0.828874  0.662038  0.816337  0.545358  0.497332  0.703638  0.763593  0.852375  0.841418  0.881340  0.805075  0.920783  0.822178 0.0  0.886033  0.703178  0.798518  0.611161  0.786081  0.804605  0.859454  0.837747  0.817399  0.721191  0.830493  0.823407  0.831584  0.773621  0.849958  0.881958  0.859002  0.389621  0.839137  0.804867  0.770479  0.780007  0.752876  0.842086  0.767228  0.843580  0.722449  0.499660  0.691260  0.780554  0.757551  0.619659  0.550226  0.738158  0.798410  0.892225  0.803022 
25  0.829241  0.719140  0.773918  0.770973  0.305571  0.806315  0.925121  0.845875  0.683880  0.521388  0.749476  0.879760  0.717905  0.287484  0.840954  0.523333  0.791829  0.770092  0.864421  0.862732  0.425567  0.126441  0.355603  0.113613  0.886033 0.0  0.618991  0.794001  0.782053  0.290150  0.323541  0.288702  0.313021  0.165134  0.293619  0.336062  0.235220  0.333314  0.165554  0.069996  0.229932  0.285306  0.848507  0.569482  0.753113  0.659800  0.550528  0.386172  0.069996  0.762797  0.345911  0.811434  0.830711  0.755448  0.441258  0.146255  0.769129  0.855212  0.764325  0.136748  0.872283  0.823488 
26  0.308018  0.738013  0.451139  0.748284  0.610407  0.706979  0.625657  0.634301  0.305448  0.702797  0.728717  0.615484  0.135276  0.656426  0.359317  0.535931  0.366167  0.495382  0.672605  0.718063  0.686279  0.691592  0.678982  0.741218  0.703178  0.618991 0.0  0.710747  0.358470  0.704686  0.746912  0.782978  0.707866  0.650573  0.670416  0.774493  0.626290  0.725775  0.708104  0.760001  0.627141  0.752127  0.648488  0.696924  0.435874  0.243153  0.594827  0.699728  0.725056  0.375570  0.691765  0.301895  0.465932  0.377382  0.728023  0.734492  0.471896  0.520496  0.773545  0.727497  0.685559  0.662340 
27  0.865443  0.728140  0.801157  0.779925  0.730472  0.831631  0.795544  0.839512  0.668846  0.732819  0.199785  0.137707  0.710742  0.761754  0.796090  0.579078  0.887049  0.554573  0.869073  0.749090  0.765500  0.802630  0.804477  0.827014  0.798518  0.794001  0.710747 0.0  0.708755  0.754645  0.803147  0.721706  0.758818  0.783061  0.710823  0.762228  0.706599  0.650311  0.836329  0.706081  0.737290  0.738222  0.856401  0.705081  0.720843  0.807118  0.807486  0.784710  0.803875  0.695170  0.833038  0.707365  0.753003  0.796759  0.829040  0.860767  0.667720  0.862555  0.496161  0.743614  0.768133  0.872869 
28  0.430594  0.581353  0.758181  0.565757  0.802307  0.538006  0.600211  0.524020  0.345141  0.819498  0.827677  0.714617  0.290293  0.853081  0.791580  0.478935  0.454234  0.756780  0.757786  0.772496  0.780867  0.748875  0.880614  0.764075  0.611161  0.782053  0.358470  0.708755 0.0  0.725854  0.763212  0.786602  0.695329  0.714384  0.744929  0.705477  0.829765  0.786093  0.807820  0.786262  0.746262  0.735340  0.631148  0.798981  0.556638  0.399352  0.798643  0.783881  0.819189  0.352525  0.764402  0.501877  0.708603  0.462867  0.809521  0.786961  0.821890  0.818482  0.817398  0.841352  0.773424  0.810053 
29  0.616708  0.698191  0.811094  0.838407  0.256380  0.833862  0.824371  0.841867  0.802189  0.376466  0.748503  0.878414  0.780823  0.512785  0.830395  0.569243  0.581771  0.662570  0.816924  0.876612  0.309933  0.451088  0.356123  0.375202  0.786081  0.290150  0.704686  0.754645  0.725854 0.0  0.325107  0.559712  0.179260  0.371408  0.281022  0.502528  0.386333  0.484695  0.484035  0.354008  0.353299  0.312174  0.865063  0.535502  0.528949  0.501979  0.454241  0.361200  0.477195  0.537564  0.373050  0.608794  0.795420  0.597767  0.371429  0.375006  0.790349  0.824828  0.836964  0.370836  0.806520  0.756309 
30  0.808443  0.767471  0.852558  0.809756  0.328807  0.713933  0.829270  0.830995  0.730981  0.498409  0.802465  0.851796  0.715399  0.558049  0.921415  0.690899  0.748820  0.778683  0.792494  0.867834  0.298597  0.377834  0.204169  0.354611  0.804605  0.323541  0.746912  0.803147  0.763212  0.325107 0.0  0.656711  0.428962  0.458264  0.393970  0.458615  0.397839  0.552824  0.434691  0.342083  0.328290  0.282854  0.877673  0.420095  0.755072  0.796373  0.405586  0.103486  0.473748  0.717643  0.130486  0.819646  0.897680  0.803001  0.233132  0.423150  0.686294  0.796152  0.660921  0.496078  0.782987  0.918268 
31  0.818590  0.771535  0.866879  0.848681  0.538698  0.844551  0.769227  0.730573  0.596240  0.303997  0.842560  0.830121  0.641917  0.118717  0.942520  0.573227  0.788224  0.688914  0.805463  0.912365  0.644279  0.346454  0.580375  0.447539  0.859454  0.288702  0.782978  0.721706  0.786602  0.559712  0.656711 0.0  0.521159  0.393870  0.308361  0.143817  0.304426  0.168979  0.444142  0.346814  0.370393  0.576318  0.858881  0.318868  0.796409  0.802847  0.362442  0.620848  0.425632  0.828276  0.622742  0.727678  0.813214  0.699364  0.548179  0.356673  0.826380  0.790021  0.799881  0.324486  0.803721  0.922452 
32  0.591028  0.764319  0.805222  0.868306  0.458954  0.741208  0.876786  0.771840  0.734557  0.272141  0.729104  0.811266  0.631629  0.554107  0.761886  0.599151  0.599719  0.725713  0.855479  0.870967  0.367331  0.417799  0.344329  0.451943  0.837747  0.313021  0.707866  0.758818  0.695329  0.179260  0.428962  0.521159 0.0  0.474834  0.416021  0.527773  0.382454  0.617658  0.523615  0.294475  0.267219  0.322072  0.838244  0.556358  0.559910  0.459822  0.631367  0.368784  0.504855  0.505175  0.353355  0.581032  0.797852  0.523408  0.400230  0.339630  0.793390  0.819145  0.763735  0.319736  0.860378  0.864581 
33  0.758266  0.762433  0.885736  0.881480  0.445868  0.784441  0.819182  0.778413  0.674233  0.549829  0.811131  0.808595  0.735262  0.389146  0.825753  0.523673  0.850015  0.629366  0.761646  0.744683  0.420794  0.086514  0.316700  0.069996  0.817399  0.165134  0.650573  0.783061  0.714384  0.371408  0.458264  0.393870  0.474834 0.0  0.308778  0.467414  0.149568  0.213641  0.100811  0.181846  0.278669  0.367931  0.952136  0.533847  0.805737  0.811934  0.557452  0.392344  0.097420  0.714002  0.395293  0.814644  0.863155  0.777938  0.534590  0.279110  0.803320  0.948713  0.819752  0.227246  0.887083  0.797416 
34  0.708035  0.652916  0.663547  0.695735  0.345925  0.722444  0.728449  0.685061  0.642024  0.287912  0.722356  0.659487  0.737140  0.386368  0.711795  0.541289  0.716352  0.665110  0.672304  0.713250  0.218780  0.278495  0.360106  0.312447  0.721191  0.293619  0.670416  0.710823  0.744929  0.281022  0.393970  0.308361  0.416021  0.308778 0.0  0.307410  0.322454  0.262789  0.363744  0.292857  0.336550  0.280009  0.676391  0.262769  0.719924  0.692001  0.316081  0.322756  0.261416  0.652597  0.307980  0.702468  0.661515  0.637728  0.277868  0.375746  0.639959  0.648923  0.666605  0.363864  0.791462  0.718204 
35  0.771084  0.806389  0.819341  0.814061  0.510957  0.850083  0.873700  0.825103  0.692521  0.293860  0.694783  0.784883  0.672770  0.136760  0.738999  0.504979  0.784081  0.768151  0.817487  0.694035  0.575866  0.320052  0.611338  0.290896  0.830493  0.336062  0.774493  0.762228  0.705477  0.502528  0.458615  0.143817  0.527773  0.467414  0.307410 0.0  0.267998  0.069996  0.418526  0.321279  0.296299  0.593417  0.759616  0.400245  0.732533  0.783618  0.308558  0.497917  0.336967  0.677865  0.676663  0.675654  0.706709  0.795643  0.475650  0.323640  0.733403  0.832797  0.731425  0.367870  0.864847  0.790141 
36  0.735096  0.793013  0.813602  0.847507  0.417938  0.800363  0.731579  0.805179  0.689575  0.567373  0.830030  0.799434  0.676713  0.292961  0.854749  0.499822  0.831714  0.713227  0.769633  0.790521  0.442401  0.152528  0.422742  0.162868  0.823407  0.235220  0.626290  0.706599  0.829765  0.386333  0.397839  0.304426  0.382454  0.149568  0.322454  0.267998 0.0  0.293861  0.237165  0.119937  0.142669  0.416244  0.759035  0.615237  0.726706  0.707443  0.531612  0.336510  0.141444  0.826815  0.363657  0.829539  0.896828  0.680913  0.390719  0.078766  0.892045  0.867973  0.824347  0.069996  0.879075  0.793341 
37  0.706491  0.776976  0.723632  0.785606  0.576948  0.777624  0.834299  0.803272  0.749517  0.325336  0.765717  0.826485  0.701485  0.181723  0.869925  0.585625  0.676665  0.706424  0.842078  0.715254  0.534005  0.412727  0.528979  0.280442  0.831584  0.333314  0.725775  0.650311  0.786093  0.484695  0.552824  0.168979  0.617658  0.213641  0.262789  0.069996  0.293861 0.0  0.281769  0.332747  0.353984  0.576653  0.787567  0.371791  0.806667  0.853865  0.288158  0.416948  0.325351  0.754861  0.525725  0.709529  0.785339  0.772429  0.426779  0.266759  0.801906  0.826439  0.899499  0.446610  0.748530  0.918229 
38  0.697584  0.765834  0.785003  0.826744  0.513756  0.853928  0.817802  0.767754  0.738679  0.644551  0.893100  0.694003  0.736098  0.319651  0.861586  0.516232  0.787751  0.689491  0.900408  0.839203  0.426756  0.101835  0.374057  0.128997  0.773621  0.165554  0.708104  0.836329  0.807820  0.484035  0.434691  0.444142  0.523615  0.100811  0.363744  0.418526  0.237165  0.281769 0.0  0.074617  0.249604  0.352881  0.866177  0.597381  0.741542  0.781292  0.613463  0.421684  0.109234  0.783013  0.340688  0.738625  0.811694  0.871453  0.422271  0.186087  0.744369  0.838408  0.849451  0.166153  0.845426  0.907687 
39  0.793947  0.795448  0.801166  0.768210  0.372588  0.846043  0.835471  0.799178  0.651467  0.497337  0.706823  0.746833  0.720067  0.387616  0.815263  0.497461  0.794925  0.636709  0.819022  0.791630  0.441663  0.135103  0.384928  0.239619  0.849958  0.069996  0.760001  0.706081  0.786262  0.354008  0.342083  0.346814  0.294475  0.181846  0.292857  0.321279  0.119937  0.332747  0.074617 0.0  0.185927  0.385358  0.751028  0.521839  0.760696  0.780151  0.541672  0.402604  0.253179  0.880387  0.401733  0.775623  0.825371  0.782599  0.386651  0.135823  0.904875  0.877198  0.736798  0.074712  0.851601  0.766266 
40  0.775546  0.774861  0.812187  0.780926  0.418398  0.729305  0.836063  0.785282  0.735210  0.500663  0.794504  0.829669  0.707524  0.362827  0.917500  0.542204  0.710613  0.665487  0.938615  0.851051  0.505136  0.141501  0.407674  0.294723  0.881958  0.229932  0.627141  0.737290  0.746262  0.353299  0.328290  0.370393  0.267219  0.278669  0.336550  0.296299  0.142669  0.353984  0.249604  0.185927 0.0  0.482281  0.804109  0.577937  0.808310  0.783950  0.511562  0.254460  0.290616  0.735381  0.440923  0.737690  0.867308  0.871973  0.362663  0.240571  0.899610  0.842238  0.778157  0.221953  0.883729  0.814842 
41  0.777636  0.658214  0.866392  0.820327  0.074355  0.840907  0.788926  0.845850  0.696034  0.554513  0.746374  0.781800  0.762561  0.638964  0.784904  0.607266  0.719003  0.745452  0.829515  0.851645  0.174528  0.362548  0.157912  0.427887  0.859002  0.285306  0.752127  0.738222  0.735340  0.312174  0.282854  0.576318  0.322072  0.367931  0.280009  0.593417  0.416244  0.576653  0.352881  0.385358  0.482281 0.0  0.718854  0.403060  0.705504  0.860095  0.370067  0.210865  0.410137  0.745829  0.245779  0.745152  0.740723  0.820633  0.244209  0.406944  0.897196  0.843545  0.813942  0.387958  0.878070  0.824535 
42  0.779584  0.368888  0.539948  0.313170  0.864228  0.240109  0.215678  0.308730  0.655272  0.813383  0.781499  0.763923  0.595452  0.827918  0.616751  0.554418  0.798426  0.763705  0.785773  0.863213  0.798959  0.859293  0.773909  0.778391  0.389621  0.848507  0.648488  0.856401  0.631148  0.865063  0.877673  0.858881  0.838244  0.952136  0.676391  0.759616  0.759035  0.787567  0.866177  0.751028  0.804109  0.718854 0.0  0.903624  0.860659  0.757588  0.875183  0.775697  0.861132  0.805091  0.867207  0.748971  0.524092  0.775620  0.891825  0.771029  0.556610  0.531358  0.667470  0.722947  0.814261  0.864234 
43  0.756029  0.751158  0.836070  0.870735  0.326199  0.761814  0.859138  0.856512  0.665743  0.353900  0.719126  0.845718  0.781854  0.347320  0.950267  0.463770  0.764608  0.802367  0.865678  0.847848  0.411884  0.552830  0.398289  0.605260  0.839137  0.569482  0.696924  0.705081  0.798981  0.535502  0.420095  0.318868  0.556358  0.533847  0.262769  0.400245  0.615237  0.371791  0.597381  0.521839  0.577937  0.403060  0.903624 0.0  0.797383  0.807450  0.279484  0.365802  0.630027  0.870867  0.334478  0.708691  0.882093  0.750484  0.276550  0.599403  0.793943  0.805970  0.766763  0.479367  0.840714  0.862922 
44  0.301176  0.674229  0.796666  0.757456  0.725644  0.808056  0.765690  0.766255  0.399901  0.562730  0.795316  0.827481  0.378316  0.913632  0.832900  0.622756  0.169876  0.688870  0.726708  0.866195  0.802746  0.606459  0.850480  0.760223  0.804867  0.753113  0.435874  0.720843  0.556638  0.528949  0.755072  0.796409  0.559910  0.805737  0.719924  0.732533  0.726706  0.806667  0.741542  0.760696  0.808310  0.705504  0.860659  0.797383 0.0  0.085756  0.742243  0.864367  0.820027  0.274595  0.754536  0.295587  0.806570  0.253581  0.772944  0.775032  0.743932  0.758309  0.744754  0.749961  0.751505  0.789556 
45  0.232985  0.795700  0.750070  0.847680  0.814889  0.834852  0.744044  0.833724  0.328498  0.633433  0.789594  0.725127  0.358819  0.714233  0.764723  0.562241  0.262636  0.688925  0.735839  0.698532  0.749839  0.757253  0.907343  0.771792  0.770479  0.659800  0.243153  0.807118  0.399352  0.501979  0.796373  0.802847  0.459822  0.811934  0.692001  0.783618  0.707443  0.853865  0.781292  0.780151  0.783950  0.860095  0.757588  0.807450  0.085756 0.0  0.770013  0.885423  0.819887  0.291520  0.701644  0.145151  0.815759  0.200759  0.789863  0.791645  0.747469  0.723765  0.827989  0.763454  0.813595  0.795163 
46  0.883042  0.927921  0.808374  0.694257  0.252030  0.833588  0.763959  0.856207  0.671378  0.259484  0.790936  0.816626  0.718610  0.406629  0.834195  0.544132  0.864591  0.724581  0.832106  0.812938  0.328895  0.492549  0.378895  0.545275  0.780007  0.550528  0.594827  0.807486  0.798643  0.454241  0.405586  0.362442  0.631367  0.557452  0.316081  0.308558  0.531612  0.288158  0.613463  0.541672  0.511562  0.370067  0.875183  0.279484  0.742243  0.770013 0.0  0.361880  0.544827  0.734753  0.219283  0.696727  0.821870  0.752145  0.285921  0.500717  0.803476  0.876525  0.773644  0.494008  0.805713  0.801570 
47  0.806278  0.770963  0.925424  0.847233  0.320794  0.805253  0.806426  0.891064  0.649922  0.549425  0.830384  0.756448  0.736419  0.560310  0.841932  0.490451  0.762691  0.693531  0.855386  0.932480  0.294285  0.373701  0.177076  0.374855  0.752876  0.386172  0.699728  0.784710  0.783881  0.361200  0.103486  0.620848  0.368784  0.392344  0.322756  0.497917  0.336510  0.416948  0.421684  0.402604  0.254460  0.210865  0.775697  0.365802  0.864367  0.885423  0.361880 0.0  0.467173  0.786913  0.211925  0.657743  0.822474  0.733484  0.085533  0.528545  0.866846  0.849236  0.820559  0.237253  0.858814  0.912042 
48  0.787660  0.759706  0.910318  0.769299  0.457882  0.804288  0.901843  0.800148  0.616296  0.563792  0.843236  0.866203  0.703026  0.357377  0.913810  0.421700  0.670278  0.682334  0.790296  0.838237  0.497315  0.183685  0.291275  0.208171  0.842086  0.069996  0.725056  0.803875  0.819189  0.477195  0.473748  0.425632  0.504855  0.097420  0.261416  0.336967  0.141444  0.325351  0.109234  0.253179  0.290616  0.410137  0.861132  0.630027  0.820027  0.819887  0.544827  0.467173 0.0  0.740180  0.373124  0.671936  0.948101  0.755399  0.482780  0.303287  0.743086  0.736514  0.739928  0.172771  0.886274  0.863305 
49  0.288199  0.745878  0.820438  0.777924  0.834003  0.818901  0.793194  0.687671  0.305642  0.404105  0.874958  0.748212  0.355430  0.764889  0.803866  0.531299  0.205766  0.778284  0.755437  0.775726  0.734549  0.723605  0.734005  0.793059  0.767228  0.762797  0.375570  0.695170  0.352525  0.537564  0.717643  0.828276  0.505175  0.714002  0.652597  0.677865  0.826815  0.754861  0.783013  0.880387  0.735381  0.745829  0.805091  0.870867  0.274595  0.291520  0.734753  0.786913  0.740180 0.0  0.732794  0.101237  0.781514  0.161567  0.711107  0.703110  0.739804  0.755544  0.783399  0.773145  0.771027  0.742365 
50  0.729035  0.783810  0.801551  0.776561  0.230469  0.815130  0.824581  0.866811  0.731575  0.567689  0.776226  0.772417  0.747410  0.543809  0.908585  0.504733  0.731799  0.692612  0.788867  0.803085  0.234816  0.426709  0.100226  0.242702  0.843580  0.345911  0.691765  0.833038  0.764402  0.373050  0.130486  0.622742  0.353355  0.395293  0.307980  0.676663  0.363657  0.525725  0.340688  0.401733  0.440923  0.245779  0.867207  0.334478  0.754536  0.701644  0.219283  0.211925  0.373124  0.732794 0.0  0.777044  0.875078  0.785800  0.219836  0.308246  0.932322  0.745507  0.779890  0.369705  0.862934  0.835368 
51  0.095382  0.804719  0.759530  0.807294  0.803657  0.819741  0.769369  0.668708  0.324730  0.489354  0.789046  0.777843  0.265775  0.721705  0.688564  0.586191  0.205880  0.728251  0.767403  0.807375  0.913353  0.861480  0.823121  0.789776  0.722449  0.811434  0.301895  0.707365  0.501877  0.608794  0.819646  0.727678  0.581032  0.814644  0.702468  0.675654  0.829539  0.709529  0.738625  0.775623  0.737690  0.745152  0.748971  0.708691  0.295587  0.145151  0.696727  0.657743  0.671936  0.101237  0.777044 0.0  0.796138  0.298191  0.822886  0.723760  0.822121  0.760498  0.831163  0.722132  0.735483  0.806322 
52  0.738416  0.542983  0.140912  0.538118  0.823487  0.599531  0.516651  0.564768  0.842658  0.769695  0.757636  0.771484  0.429508  0.885303  0.104807  0.582844  0.683811  0.448620  0.807761  0.894895  0.835380  0.751702  0.801091  0.798377  0.499660  0.830711  0.465932  0.753003  0.708603  0.795420  0.897680  0.813214  0.797852  0.863155  0.661515  0.706709  0.896828  0.785339  0.811694  0.825371  0.867308  0.740723  0.524092  0.882093  0.806570  0.815759  0.821870  0.822474  0.948101  0.781514  0.875078  0.796138 0.0  0.816079  0.961874  0.829858  0.255538  0.135831  0.858871  0.818446  1.000000  0.864009 
53  0.256632  0.774845  0.779075  0.812202  0.753556  0.810470  0.755359  0.772853  0.293165  0.524887  0.828218  0.728660  0.289382  0.736787  0.843660  0.600948  0.233148  0.625224  0.830386  0.740519  0.864155  0.826687  0.786998  0.720931  0.691260  0.755448  0.377382  0.796759  0.462867  0.597767  0.803001  0.699364  0.523408  0.777938  0.637728  0.795643  0.680913  0.772429  0.871453  0.782599  0.871973  0.820633  0.775620  0.750484  0.253581  0.200759  0.752145  0.733484  0.755399  0.161567  0.785800  0.298191  0.816079 0.0  0.826142  0.776704  0.776561  0.862698  0.763120  0.767508  0.831843  0.708092 
54  0.657552  0.880588  0.887807  0.800160  0.314502  0.780601  0.707602  0.715159  0.755227  0.619634  0.787202  0.931381  0.678351  0.526381  0.896619  0.551553  0.800663  0.690133  0.727965  0.922884  0.264063  0.423269  0.103204  0.495359  0.780554  0.441258  0.728023  0.829040  0.809521  0.371429  0.233132  0.548179  0.400230  0.534590  0.277868  0.475650  0.390719  0.426779  0.422271  0.386651  0.362663  0.244209  0.891825  0.276550  0.772944  0.789863  0.285921  0.085533  0.482780  0.711107  0.219836  0.822886  0.961874  0.826142 0.0  0.453266  0.805500  0.781870  0.862892  0.342856  0.876269  0.928379 
55  0.716569  0.853267  0.909211  0.793335  0.499374  0.833137  0.859582  0.899035  0.688507  0.488219  0.812167  0.875308  0.743418  0.385366  0.864862  0.531000  0.771904  0.684749  0.876383  0.923051  0.564051  0.158581  0.311286  0.258807  0.757551  0.146255  0.734492  0.860767  0.786961  0.375006  0.423150  0.356673  0.339630  0.279110  0.375746  0.323640  0.078766  0.266759  0.186087  0.135823  0.240571  0.406944  0.771029  0.599403  0.775032  0.791645  0.500717  0.528545  0.303287  0.703110  0.308246  0.723760  0.829858  0.776704  0.453266 0.0  0.856540  0.713824  0.801578  0.207503  0.769539  0.852912 
56  0.678006  0.535991  0.208377  0.561244  0.861109  0.622002  0.475784  0.426783  0.647003  0.864660  0.744355  0.855473  0.558863  0.853304  0.181700  0.516630  0.755086  0.464917  0.867254  0.804178  0.768187  0.761948  0.875894  0.838789  0.619659  0.769129  0.471896  0.667720  0.821890  0.790349  0.686294  0.826380  0.793390  0.803320  0.639959  0.733403  0.892045  0.801906  0.744369  0.904875  0.899610  0.897196  0.556610  0.793943  0.743932  0.747469  0.803476  0.866846  0.743086  0.739804  0.932322  0.822121  0.255538  0.776561  0.805500  0.856540 0.0  0.174052  0.785642  0.811208  0.838543  0.749577 
57  0.713610  0.525853  0.120961  0.502782  0.871766  0.424177  0.549993  0.537452  0.718039  0.756462  0.791570  0.761515  0.390265  0.773155  0.134120  0.524800  0.803408  0.352820  0.834464  0.714825  0.921985  0.838504  0.792412  0.837294  0.550226  0.855212  0.520496  0.862555  0.818482  0.824828  0.796152  0.790021  0.819145  0.948713  0.648923  0.832797  0.867973  0.826439  0.838408  0.877198  0.842238  0.843545  0.531358  0.805970  0.758309  0.723765  0.876525  0.849236  0.736514  0.755544  0.745507  0.760498  0.135831  0.862698  0.781870  0.713824  0.174052 0.0  0.804659  0.818187  0.806920  0.797599 
58  0.782057  0.778782  0.828451  0.797020  0.678715  0.660642  0.759886  0.833423  0.741562  0.764295  0.480957  0.461520  0.744954  0.753127  0.700939  0.557383  0.829530  0.580853  0.796426  0.828368  0.777323  0.732640  0.888611  0.831737  0.738158  0.764325  0.773545  0.496161  0.817398  0.836964  0.660921  0.799881  0.763735  0.819752  0.666605  0.731425  0.824347  0.899499  0.849451  0.736798  0.778157  0.813942  0.667470  0.766763  0.744754  0.827989  0.773644  0.820559  0.739928  0.783399  0.779890  0.831163  0.858871  0.763120  0.862892  0.801578  0.785642  0.804659 0.0  0.752914  0.664107  0.775640 
59  0.752666  0.799962  0.843646  0.807169  0.378615  0.755662  0.853892  0.681616  0.677075  0.469266  0.737615  0.772549  0.643794  0.256316  0.831097  0.535788  0.650800  0.665164  0.888311  0.817115  0.365315  0.255862  0.347350  0.175506  0.798410  0.136748  0.727497  0.743614  0.841352  0.370836  0.496078  0.324486  0.319736  0.227246  0.363864  0.367870  0.069996  0.446610  0.166153  0.074712  0.221953  0.387958  0.722947  0.479367  0.749961  0.763454  0.494008  0.237253  0.172771  0.773145  0.369705  0.722132  0.818446  0.767508  0.342856  0.207503  0.811208  0.818187  0.752914 0.0  0.759922  0.905061 
60  0.719714  0.809100  0.758051  0.799606  0.837391  0.818158  0.812967  0.739166  0.391601  0.889148  0.708639  0.800250  0.744740  0.835671  0.911025  0.535869  0.702969  0.321725  0.069996  0.069996  0.858339  0.799142  0.858868  0.777209  0.892225  0.872283  0.685559  0.768133  0.773424  0.806520  0.782987  0.803721  0.860378  0.887083  0.791462  0.864847  0.879075  0.748530  0.845426  0.851601  0.883729  0.878070  0.814261  0.840714  0.751505  0.813595  0.805713  0.858814  0.886274  0.771027  0.862934  0.735483  1.000000  0.831843  0.876269  0.769539  0.838543  0.806920  0.664107  0.759922 0.0  0.112065 
61  0.804571  0.792997  0.820118  0.798594  0.851935  0.720525  0.776333  0.684866  0.421305  0.865564  0.766975  0.804867  0.722853  0.755702  0.884458  0.384869  0.767284  0.414585  0.069996  0.149548  0.858130  0.935626  0.816659  0.861549  0.803022  0.823488  0.662340  0.872869  0.810053  0.756309  0.918268  0.922452  0.864581  0.797416  0.718204  0.790141  0.793341  0.918229  0.907687  0.766266  0.814842  0.824535  0.864234  0.862922  0.789556  0.795163  0.801570  0.912042  0.863305  0.742365  0.835368  0.806322  0.864009  0.708092  0.928379  0.852912  0.749577  0.797599  0.775640  0.905061  0.112065 0.0 
