62
0 0.0  0.654577  0.659814  0.730362  0.723352  0.672782  0.665011  0.650961  0.250013  0.485743  0.685486  0.636829  0.278801  0.587677  0.675682  0.430873  0.071370  0.692531  0.610503  0.683081  0.598734  0.664661  0.632968  0.725988  0.763492  0.665824  0.277266  0.630534  0.384899  0.475918  0.772237  0.700236  0.462006  0.658593  0.574666  0.588670  0.650689  0.742315  0.691624  0.552213  0.745412  0.694119  0.656144  0.660127  0.197742  0.186634  0.674081  0.701743  0.680108  0.198837  0.743616  0.187192  0.612034  0.201768  0.757355  0.643510  0.678949  0.645539  0.607686  0.634211  0.695034  0.706454 
1  0.654577 0.0  0.395753  0.071370  0.728531  0.071370  0.071370  0.071370  0.663158  0.643896  0.656084  0.610067  0.586284  0.731648  0.525954  0.481557  0.686118  0.563269  0.694217  0.731335  0.692566  0.774037  0.681235  0.699202  0.152629  0.760529  0.621241  0.662570  0.533987  0.600276  0.629873  0.633913  0.783039  0.804255  0.624356  0.799809  0.675837  0.631656  0.726702  0.651822  0.732764  0.659911  0.295770  0.632809  0.651953  0.810945  0.588945  0.680879  0.694603  0.663259  0.727052  0.667493  0.428833  0.725235  0.696758  0.692289  0.389921  0.435460  0.659929  0.650875  0.748516  0.689573 
2  0.659814  0.395753 0.0  0.416731  0.716189  0.406837  0.435084  0.422392  0.632284  0.684889  0.632066  0.707751  0.402239  0.638300  0.140787  0.463824  0.675385  0.349169  0.710866  0.779106  0.634057  0.745008  0.585541  0.711430  0.385688  0.868052  0.402446  0.640287  0.667020  0.636612  0.657861  0.749033  0.730370  0.789387  0.589446  0.682206  0.721462  0.736794  0.764403  0.726542  0.787108  0.672447  0.447922  0.639376  0.614173  0.643373  0.600719  0.784888  0.841798  0.660150  0.755539  0.722346  0.142731  0.655705  0.782523  0.733535  0.158213  0.140553  0.694102  0.771586  0.769203  0.767979 
3  0.730362  0.071370  0.416731 0.0  0.670039  0.071370  0.071370  0.071370  0.627433  0.562472  0.757461  0.766362  0.579911  0.752870  0.498585  0.528501  0.526328  0.687923  0.735153  0.713610  0.673786  0.680109  0.666302  0.773234  0.144952  0.762609  0.621510  0.749881  0.461779  0.754384  0.650274  0.657131  0.680847  0.706748  0.591763  0.787832  0.847298  0.734468  0.717751  0.743184  0.743995  0.721676  0.252577  0.693828  0.644750  0.619072  0.722085  0.730122  0.779913  0.683056  0.656358  0.612783  0.371269  0.657370  0.626966  0.674438  0.460810  0.423652  0.705434  0.719394  0.576488  0.755756 
4  0.723352  0.728531  0.716189  0.670039 0.0  0.703148  0.660883  0.806363  0.629342  0.449710  0.632119  0.598784  0.530551  0.475029  0.701713  0.454382  0.657851  0.558505  0.723824  0.704771  0.101433  0.350522  0.138099  0.348345  0.683913  0.311225  0.618734  0.697531  0.557505  0.239006  0.204775  0.465838  0.374477  0.371226  0.284445  0.366186  0.360912  0.462656  0.372274  0.334926  0.360196  0.071370  0.722027  0.313121  0.704934  0.715921  0.273639  0.212385  0.409371  0.638463  0.180506  0.710918  0.707490  0.662148  0.201153  0.337103  0.709534  0.643139  0.611016  0.352358  0.726986  0.747111 
5  0.672782  0.071370  0.406837  0.071370  0.703148 0.0  0.071370  0.071370  0.588291  0.735153  0.688303  0.639441  0.582068  0.689249  0.432554  0.499584  0.669394  0.654039  0.629911  0.787496  0.808962  0.660213  0.718809  0.727968  0.154995  0.772227  0.634749  0.658086  0.456349  0.785157  0.745088  0.758062  0.691592  0.666498  0.629406  0.719553  0.705042  0.612175  0.727767  0.691179  0.715617  0.757130  0.254107  0.748164  0.622418  0.613240  0.803062  0.753370  0.734052  0.615223  0.710895  0.761352  0.471733  0.502892  0.763253  0.668749  0.426243  0.485111  0.706462  0.765967  0.585716  0.709680 
6  0.665011  0.071370  0.435084  0.071370  0.660883  0.071370 0.0  0.071370  0.652584  0.768530  0.624316  0.700102  0.697775  0.582839  0.433362  0.495074  0.642912  0.613051  0.696851  0.676266  0.697265  0.734664  0.666871  0.691073  0.158833  0.700512  0.622790  0.696729  0.440609  0.732838  0.748940  0.694880  0.651483  0.729211  0.565528  0.654642  0.717228  0.765674  0.701173  0.649778  0.678624  0.757180  0.258698  0.820327  0.634122  0.634122  0.649985  0.757594  0.719895  0.763058  0.658146  0.779304  0.443284  0.703415  0.786937  0.758307  0.481226  0.503317  0.641834  0.720746  0.641047  0.685047 
7  0.650961  0.071370  0.422392  0.071370  0.806363  0.071370  0.071370 0.0  0.665690  0.660049  0.714049  0.854509  0.679370  0.671877  0.462774  0.520094  0.552632  0.629188  0.814481  0.650549  0.709379  0.698624  0.581253  0.657798  0.150273  0.725650  0.567578  0.656863  0.380956  0.753436  0.664101  0.672729  0.711396  0.767173  0.633214  0.715026  0.750930  0.783378  0.639084  0.843704  0.727636  0.800985  0.259737  0.664704  0.599122  0.546866  0.649325  0.798254  0.691815  0.719848  0.675325  0.641794  0.519935  0.630280  0.775397  0.633695  0.433538  0.473338  0.731426  0.717863  0.683853  0.700770 
8  0.250013  0.663158  0.632284  0.627433  0.629342  0.588291  0.652584  0.665690 0.0  0.544960  0.669482  0.584248  0.300990  0.683599  0.625784  0.428993  0.251670  0.641585  0.387480  0.386332  0.550880  0.650001  0.609508  0.537513  0.680683  0.652486  0.333245  0.662339  0.266321  0.503596  0.586559  0.621494  0.761423  0.623373  0.602024  0.619256  0.502010  0.608920  0.659905  0.597238  0.616757  0.572477  0.587163  0.583328  0.323916  0.290340  0.591475  0.626535  0.483575  0.286860  0.624961  0.234791  0.631807  0.286053  0.579558  0.616016  0.641887  0.611861  0.543713  0.602518  0.422701  0.372312 
9  0.485743  0.643896  0.684889  0.562472  0.449710  0.735153  0.768530  0.660049  0.544960 0.0  0.673116  0.625042  0.629926  0.294167  0.596744  0.535642  0.518961  0.579431  0.877932  0.753225  0.499971  0.398084  0.416977  0.441502  0.649027  0.398471  0.628936  0.654342  0.650802  0.302727  0.436406  0.295714  0.264909  0.447290  0.271726  0.315624  0.409838  0.334902  0.460361  0.447206  0.468148  0.422985  0.664377  0.268553  0.470286  0.418763  0.302727  0.433097  0.457618  0.432152  0.516995  0.550324  0.699188  0.476895  0.467208  0.488879  0.739456  0.653842  0.581343  0.419680  0.705091  0.726069 
10  0.685486  0.656084  0.632066  0.757461  0.632119  0.688303  0.624316  0.714049  0.669482  0.673116 0.0  0.177804  0.615966  0.673343  0.696938  0.442737  0.653702  0.643139  0.783142  0.714277  0.729991  0.668848  0.734177  0.702331  0.541392  0.775416  0.601909  0.158758  0.578623  0.643138  0.773711  0.648231  0.593473  0.569630  0.543947  0.663709  0.666549  0.671302  0.697172  0.758119  0.673757  0.551502  0.665439  0.641640  0.675203  0.620110  0.677205  0.775081  0.686538  0.654067  0.522634  0.550552  0.727582  0.852715  0.703739  0.691431  0.676700  0.644054  0.332074  0.706991  0.703317  0.771990 
11  0.636829  0.610067  0.707751  0.766362  0.598784  0.639441  0.700102  0.854509  0.584248  0.625042  0.177804 0.0  0.544478  0.655847  0.606249  0.522156  0.621175  0.680167  0.655849  0.589403  0.709712  0.742377  0.688204  0.775134  0.659708  0.648827  0.742054  0.188076  0.644276  0.703743  0.736218  0.734536  0.776987  0.691090  0.650178  0.703243  0.646914  0.780855  0.723079  0.754640  0.741840  0.639430  0.711352  0.666398  0.626650  0.660765  0.666427  0.733274  0.721633  0.661163  0.671092  0.653931  0.726465  0.543573  0.660295  0.630065  0.662542  0.817031  0.406422  0.765949  0.744363  0.791073 
12  0.278801  0.586284  0.402239  0.579911  0.530551  0.582068  0.697775  0.679370  0.300990  0.629926  0.615966  0.544478 0.0  0.628861  0.349106  0.498652  0.285037  0.402631  0.621166  0.586472  0.660206  0.656512  0.553070  0.625240  0.583498  0.594970  0.071370  0.637694  0.310795  0.492420  0.543923  0.535600  0.622561  0.636640  0.622821  0.596807  0.581882  0.682565  0.704016  0.523315  0.594443  0.553553  0.629856  0.743031  0.279875  0.268598  0.576706  0.708745  0.554082  0.293987  0.599361  0.276421  0.392582  0.314924  0.640969  0.658028  0.376037  0.414314  0.604277  0.603630  0.595838  0.761369 
13  0.587677  0.731648  0.638300  0.752870  0.475029  0.689249  0.582839  0.671877  0.683599  0.294167  0.673343  0.655847  0.628861 0.0  0.659548  0.472697  0.673362  0.598142  0.696423  0.779788  0.420228  0.248274  0.504892  0.280041  0.700264  0.265321  0.597247  0.688093  0.641657  0.450353  0.477734  0.115613  0.403589  0.275993  0.289688  0.150176  0.280987  0.139839  0.291862  0.270859  0.237396  0.523573  0.746247  0.281978  0.586798  0.690933  0.298701  0.465792  0.285816  0.740980  0.481220  0.648265  0.685672  0.615445  0.525995  0.318138  0.630197  0.610537  0.788243  0.311427  0.731866  0.778562 
14  0.675682  0.525954  0.140787  0.498585  0.701713  0.432554  0.433362  0.462774  0.625784  0.596744  0.696938  0.606249  0.349106  0.659548 0.0  0.540367  0.673502  0.429838  0.822641  0.703773  0.764535  0.731420  0.697640  0.729100  0.326603  0.815767  0.426303  0.683664  0.717236  0.722404  0.755566  0.711604  0.713940  0.756022  0.702409  0.674680  0.632681  0.626361  0.745426  0.586551  0.669354  0.765330  0.475160  0.704968  0.724631  0.667876  0.618153  0.789632  0.739819  0.676582  0.683446  0.661022  0.098517  0.618411  0.772669  0.674338  0.140832  0.151986  0.634802  0.705307  0.730115  0.648251 
15  0.430873  0.481557  0.463824  0.528501  0.454382  0.499584  0.495074  0.520094  0.428993  0.535642  0.442737  0.522156  0.498652  0.472697  0.540367 0.0  0.522802  0.401005  0.515999  0.480471  0.453813  0.521336  0.423807  0.482352  0.519926  0.470705  0.491302  0.464601  0.462153  0.439364  0.476077  0.446711  0.488096  0.491169  0.442415  0.527146  0.463772  0.464962  0.469403  0.484804  0.462295  0.444196  0.551404  0.448561  0.495042  0.537384  0.461715  0.456245  0.489580  0.485470  0.507246  0.505527  0.496140  0.474757  0.553316  0.536488  0.504141  0.453082  0.538353  0.467845  0.495446  0.508529 
16  0.071370  0.686118  0.675385  0.526328  0.657851  0.669394  0.642912  0.552632  0.251670  0.518961  0.653702  0.621175  0.285037  0.673362  0.673502  0.522802 0.0  0.469937  0.707679  0.629701  0.643120  0.611361  0.607599  0.667603  0.683631  0.732565  0.260949  0.778263  0.375499  0.448195  0.650574  0.649105  0.552651  0.535726  0.609666  0.662506  0.631188  0.635362  0.744036  0.639476  0.759959  0.738153  0.538281  0.669240  0.198413  0.196187  0.680605  0.717798  0.684686  0.166899  0.627416  0.207261  0.669284  0.193723  0.623165  0.742097  0.650898  0.773903  0.698611  0.695323  0.666661  0.639058 
17  0.692531  0.563269  0.349169  0.687923  0.558505  0.654039  0.613051  0.629188  0.641585  0.579431  0.643139  0.680167  0.402631  0.598142  0.429838  0.401005  0.469937 0.0  0.284431  0.311481  0.579631  0.633957  0.644983  0.608652  0.535019  0.572348  0.370906  0.573875  0.701301  0.667340  0.526889  0.674526  0.613779  0.583103  0.623496  0.586541  0.651342  0.613832  0.558249  0.648991  0.664593  0.593342  0.611532  0.563651  0.673895  0.551145  0.574356  0.540759  0.627456  0.682613  0.576001  0.580838  0.439576  0.652866  0.638705  0.659456  0.374857  0.379249  0.638199  0.497604  0.286043  0.290434 
18  0.610503  0.694217  0.710866  0.735153  0.723824  0.629911  0.696851  0.814481  0.387480  0.877932  0.783142  0.655849  0.621166  0.696423  0.822641  0.515999  0.707679  0.284431 0.0  0.100038  0.802186  0.781590  0.702828  0.793604  0.738456  0.701939  0.591612  0.656118  0.669842  0.737614  0.734230  0.719917  0.785942  0.554728  0.581548  0.668332  0.781026  0.741691  0.703292  0.719066  0.704146  0.813492  0.771778  0.775512  0.662495  0.622056  0.765971  0.837130  0.709872  0.674731  0.757258  0.749846  0.610661  0.740432  0.686620  0.907713  0.694978  0.844944  0.832070  0.678804  0.071370  0.092052 
19  0.683081  0.731335  0.779106  0.713610  0.704771  0.787496  0.676266  0.650549  0.386332  0.753225  0.714277  0.589403  0.586472  0.779788  0.703773  0.480471  0.629701  0.311481  0.100038 0.0  0.622920  0.729858  0.660705  0.811646  0.782080  0.664038  0.564237  0.678231  0.668875  0.614745  0.766824  0.727057  0.663672  0.676481  0.696961  0.633616  0.585274  0.672279  0.709111  0.769989  0.734893  0.688369  0.702584  0.689492  0.740431  0.691973  0.715518  0.709546  0.693269  0.701742  0.628991  0.619334  0.759166  0.782297  0.772847  0.748594  0.716424  0.587398  0.659177  0.654097  0.103811  0.103231 
20  0.598734  0.692566  0.634057  0.673786  0.101433  0.808962  0.697265  0.709379  0.550880  0.499971  0.729991  0.709712  0.660206  0.420228  0.764535  0.453813  0.643120  0.579631  0.802186  0.622920 0.0  0.280146  0.150631  0.323182  0.719083  0.281599  0.559979  0.556744  0.726595  0.241337  0.212539  0.508950  0.405580  0.402150  0.291981  0.406261  0.349237  0.414554  0.378948  0.336669  0.361710  0.100072  0.598192  0.280130  0.616305  0.709506  0.247480  0.211975  0.368597  0.703121  0.185924  0.598605  0.631505  0.641569  0.214232  0.372181  0.632708  0.812989  0.747192  0.365970  0.742807  0.596809 
21  0.664661  0.774037  0.745008  0.680109  0.350522  0.660213  0.734664  0.698624  0.650001  0.398084  0.668848  0.742377  0.656512  0.248274  0.731420  0.521336  0.611361  0.633957  0.781590  0.729858  0.280146 0.0  0.302201  0.147365  0.675224  0.149496  0.660230  0.598912  0.734222  0.310961  0.345412  0.264954  0.309463  0.141567  0.291752  0.266425  0.144316  0.294678  0.143543  0.144816  0.155160  0.320018  0.783416  0.417077  0.685684  0.593480  0.407217  0.337791  0.151784  0.766032  0.316427  0.644479  0.709979  0.715664  0.341959  0.137197  0.701060  0.718927  0.671428  0.148008  0.556918  0.682759 
22  0.632968  0.681235  0.585541  0.666302  0.138099  0.718809  0.666871  0.581253  0.609508  0.416977  0.734177  0.688204  0.553070  0.504892  0.697640  0.423807  0.607599  0.644983  0.702828  0.660705  0.150631  0.302201 0.0  0.352668  0.697221  0.301277  0.677130  0.616533  0.805935  0.307893  0.135598  0.475483  0.297477  0.274485  0.295390  0.432458  0.317877  0.419350  0.318118  0.328407  0.288366  0.146918  0.764937  0.261267  0.738467  0.652140  0.256506  0.145081  0.295941  0.686610  0.148305  0.698880  0.733382  0.543126  0.137386  0.252543  0.781083  0.706460  0.603529  0.311999  0.743333  0.575829 
23  0.725988  0.699202  0.711430  0.773234  0.348345  0.727968  0.691073  0.657798  0.537513  0.441502  0.702331  0.775134  0.625240  0.280041  0.729100  0.482352  0.667603  0.608652  0.793604  0.811646  0.323182  0.147365  0.352668 0.0  0.760747  0.132361  0.646951  0.647935  0.727030  0.332983  0.358051  0.330819  0.364384  0.071370  0.233649  0.254465  0.148037  0.243484  0.117624  0.162562  0.186798  0.313412  0.789395  0.438750  0.720388  0.718733  0.436965  0.357485  0.114379  0.755065  0.278090  0.582778  0.701844  0.633158  0.388912  0.183470  0.731607  0.669093  0.633997  0.131261  0.695952  0.712402 
24  0.763492  0.152629  0.385688  0.144952  0.683913  0.154995  0.158833  0.150273  0.680683  0.649027  0.541392  0.659708  0.583498  0.700264  0.326603  0.519926  0.683631  0.535019  0.738456  0.782080  0.719083  0.675224  0.697221  0.760747 0.0  0.772675  0.595528  0.691329  0.463438  0.781171  0.835686  0.702437  0.624797  0.771714  0.662338  0.754762  0.623372  0.714589  0.729147  0.597969  0.717129  0.659750  0.292898  0.675015  0.718216  0.578857  0.809132  0.577511  0.859149  0.665355  0.724027  0.737221  0.417924  0.675002  0.689112  0.725099  0.368984  0.498504  0.644689  0.729324  0.725056  0.666561 
25  0.665824  0.760529  0.868052  0.762609  0.311225  0.772227  0.700512  0.725650  0.652486  0.398471  0.775416  0.648827  0.594970  0.265321  0.815767  0.470705  0.732565  0.572348  0.701939  0.664038  0.281599  0.149496  0.301277  0.132361  0.772675 0.0  0.559469  0.699260  0.679680  0.385667  0.336599  0.210570  0.316831  0.141701  0.267051  0.254556  0.152193  0.264870  0.155662  0.127419  0.133147  0.322332  0.680303  0.387504  0.704827  0.737516  0.463209  0.319459  0.137380  0.636802  0.339419  0.738212  0.576585  0.664125  0.288344  0.135973  0.713948  0.781192  0.655405  0.149307  0.657600  0.714090 
26  0.277266  0.621241  0.402446  0.621510  0.618734  0.634749  0.622790  0.567578  0.333245  0.628936  0.601909  0.742054  0.071370  0.597247  0.426303  0.491302  0.260949  0.370906  0.591612  0.564237  0.559979  0.660230  0.677130  0.646951  0.595528  0.559469 0.0  0.540510  0.274573  0.630574  0.568549  0.566006  0.560592  0.576320  0.614227  0.668640  0.572780  0.624082  0.628651  0.695496  0.628024  0.585112  0.608959  0.688576  0.326544  0.293369  0.635941  0.645178  0.704383  0.314144  0.711891  0.277136  0.414886  0.270510  0.578407  0.614155  0.416760  0.442263  0.590448  0.664455  0.666436  0.619703 
27  0.630534  0.662570  0.640287  0.749881  0.697531  0.658086  0.696729  0.656863  0.662339  0.654342  0.158758  0.188076  0.637694  0.688093  0.683664  0.464601  0.778263  0.573875  0.656118  0.678231  0.556744  0.598912  0.616533  0.647935  0.691329  0.699260  0.540510 0.0  0.687437  0.669454  0.670742  0.794676  0.686591  0.679094  0.644485  0.722423  0.697592  0.763852  0.731213  0.697505  0.612024  0.576798  0.598626  0.691446  0.640666  0.696992  0.662267  0.803383  0.624717  0.674049  0.706669  0.780445  0.608215  0.757011  0.701456  0.663916  0.603058  0.676214  0.422991  0.677981  0.691954  0.762349 
28  0.384899  0.533987  0.667020  0.461779  0.557505  0.456349  0.440609  0.380956  0.266321  0.650802  0.578623  0.644276  0.310795  0.641657  0.717236  0.462153  0.375499  0.701301  0.669842  0.668875  0.726595  0.734222  0.805935  0.727030  0.463438  0.679680  0.274573  0.687437 0.0  0.618246  0.753981  0.555595  0.659584  0.606552  0.709114  0.668013  0.615084  0.703538  0.670196  0.697513  0.684665  0.663444  0.426001  0.684362  0.385190  0.412328  0.709042  0.605032  0.671034  0.324545  0.759556  0.406475  0.664247  0.376056  0.683143  0.658650  0.768003  0.667054  0.726566  0.744527  0.615047  0.688026 
29  0.475918  0.600276  0.636612  0.754384  0.239006  0.785157  0.732838  0.753436  0.503596  0.302727  0.643138  0.703743  0.492420  0.450353  0.722404  0.439364  0.448195  0.667340  0.737614  0.614745  0.241337  0.310961  0.307893  0.332983  0.781171  0.385667  0.630574  0.669454  0.618246 0.0  0.329102  0.521987  0.148027  0.275868  0.318201  0.361115  0.346906  0.423006  0.294717  0.271226  0.339351  0.257111  0.716633  0.427371  0.472977  0.526701  0.386151  0.323308  0.329204  0.539559  0.345124  0.530591  0.784752  0.458397  0.299679  0.313039  0.621784  0.742293  0.648944  0.336094  0.694075  0.769302 
30  0.772237  0.629873  0.657861  0.650274  0.204775  0.745088  0.748940  0.664101  0.586559  0.436406  0.773711  0.736218  0.543923  0.477734  0.755566  0.476077  0.650574  0.526889  0.734230  0.766824  0.212539  0.345412  0.135598  0.358051  0.835686  0.336599  0.568549  0.670742  0.753981  0.329102 0.0  0.498469  0.249118  0.318220  0.301242  0.399974  0.322757  0.456581  0.351012  0.338826  0.265172  0.204504  0.712940  0.266985  0.786579  0.563264  0.242749  0.097295  0.401924  0.625683  0.192973  0.647441  0.743628  0.620522  0.099453  0.334286  0.676621  0.695449  0.723758  0.307077  0.868178  0.732679 
31  0.700236  0.633913  0.749033  0.657131  0.465838  0.758062  0.694880  0.672729  0.621494  0.295714  0.648231  0.734536  0.535600  0.115613  0.711604  0.446711  0.649105  0.674526  0.719917  0.727057  0.508950  0.264954  0.475483  0.330819  0.702437  0.210570  0.566006  0.794676  0.555595  0.521987  0.498469 0.0  0.476388  0.282843  0.251905  0.137358  0.256793  0.147203  0.317531  0.269892  0.276259  0.529059  0.727774  0.317413  0.702068  0.661418  0.352163  0.391069  0.322478  0.681728  0.451307  0.686368  0.782865  0.640445  0.449022  0.271914  0.705486  0.643066  0.760327  0.265040  0.746115  0.819445 
32  0.462006  0.783039  0.730370  0.680847  0.374477  0.691592  0.651483  0.711396  0.761423  0.264909  0.593473  0.776987  0.622561  0.403589  0.713940  0.488096  0.552651  0.613779  0.785942  0.663672  0.405580  0.309463  0.297477  0.364384  0.624797  0.316831  0.560592  0.686591  0.659584  0.148027  0.249118  0.476388 0.0  0.393747  0.294388  0.435230  0.318160  0.433104  0.357126  0.310128  0.297648  0.345404  0.862389  0.516206  0.410493  0.467179  0.452735  0.264979  0.311529  0.540583  0.356757  0.413349  0.722563  0.359939  0.265185  0.349472  0.716966  0.706156  0.808955  0.304041  0.708601  0.776815 
33  0.658593  0.804255  0.789387  0.706748  0.371226  0.666498  0.729211  0.767173  0.623373  0.447290  0.569630  0.691090  0.636640  0.275993  0.756022  0.491169  0.535726  0.583103  0.554728  0.676481  0.402150  0.141567  0.274485  0.071370  0.771714  0.141701  0.576320  0.679094  0.606552  0.275868  0.318220  0.282843  0.393747 0.0  0.257984  0.274769  0.160415  0.264819  0.114092  0.146332  0.183764  0.357552  0.721754  0.516142  0.646184  0.630382  0.428823  0.344334  0.116852  0.639188  0.294066  0.697267  0.754239  0.735555  0.399078  0.192157  0.673071  0.739302  0.688923  0.155326  0.676396  0.678108 
34  0.574666  0.624356  0.589446  0.591763  0.284445  0.629406  0.565528  0.633214  0.602024  0.271726  0.543947  0.650178  0.622821  0.289688  0.702409  0.442415  0.609666  0.623496  0.581548  0.696961  0.291981  0.291752  0.295390  0.233649  0.662338  0.267051  0.614227  0.644485  0.709114  0.318201  0.301242  0.251905  0.294388  0.257984 0.0  0.258758  0.298785  0.269608  0.245642  0.319845  0.323075  0.293431  0.623684  0.263533  0.603612  0.579126  0.282593  0.294788  0.300094  0.547744  0.312520  0.525088  0.681656  0.665650  0.320911  0.317639  0.595390  0.633044  0.609777  0.321011  0.617412  0.739629 
35  0.588670  0.799809  0.682206  0.787832  0.366186  0.719553  0.654642  0.715026  0.619256  0.315624  0.663709  0.703243  0.596807  0.150176  0.674680  0.527146  0.662506  0.586541  0.668332  0.633616  0.406261  0.266425  0.432458  0.254465  0.754762  0.254556  0.668640  0.722423  0.668013  0.361115  0.399974  0.137358  0.435230  0.274769  0.258758 0.0  0.252431  0.071370  0.281064  0.244537  0.268663  0.464734  0.714524  0.318619  0.775457  0.715619  0.249652  0.408036  0.239823  0.526821  0.400030  0.662394  0.729110  0.777358  0.392640  0.310039  0.631647  0.846366  0.811013  0.254341  0.690141  0.636072 
36  0.650689  0.675837  0.721462  0.847298  0.360912  0.705042  0.717228  0.750930  0.502010  0.409838  0.666549  0.646914  0.581882  0.280987  0.632681  0.463772  0.631188  0.651342  0.781026  0.585274  0.349237  0.144316  0.317877  0.148037  0.623372  0.152193  0.572780  0.697592  0.615084  0.346906  0.322757  0.256793  0.318160  0.160415  0.298785  0.252431 0.0  0.242044  0.144318  0.071370  0.152593  0.312923  0.649417  0.470239  0.634445  0.725524  0.433635  0.326810  0.150955  0.587186  0.368678  0.742084  0.664444  0.571272  0.323481  0.148511  0.670277  0.670603  0.651176  0.071370  0.657500  0.701379 
37  0.742315  0.631656  0.736794  0.734468  0.462656  0.612175  0.765674  0.783378  0.608920  0.334902  0.671302  0.780855  0.682565  0.139839  0.626361  0.464962  0.635362  0.613832  0.741691  0.672279  0.414554  0.294678  0.419350  0.243484  0.714589  0.264870  0.624082  0.763852  0.703538  0.423006  0.456581  0.147203  0.433104  0.264819  0.269608  0.071370  0.242044 0.0  0.249610  0.268332  0.254909  0.429712  0.686944  0.334736  0.626971  0.788419  0.275151  0.454982  0.275357  0.741379  0.511321  0.737314  0.703711  0.621291  0.414890  0.277882  0.753858  0.619421  0.593708  0.230119  0.675909  0.652984 
38  0.691624  0.726702  0.764403  0.717751  0.372274  0.727767  0.701173  0.639084  0.659905  0.460361  0.697172  0.723079  0.704016  0.291862  0.745426  0.469403  0.744036  0.558249  0.703292  0.709111  0.378948  0.143543  0.318118  0.117624  0.729147  0.155662  0.628651  0.731213  0.670196  0.294717  0.351012  0.317531  0.357126  0.114092  0.245642  0.281064  0.144318  0.249610 0.0  0.147677  0.186239  0.377333  0.648305  0.470273  0.733558  0.576845  0.463225  0.368216  0.096785  0.721207  0.268334  0.635131  0.882318  0.679739  0.413406  0.197148  0.673512  0.676899  0.787928  0.138373  0.742436  0.764955 
39  0.552213  0.651822  0.726542  0.743184  0.334926  0.691179  0.649778  0.843704  0.597238  0.447206  0.758119  0.754640  0.523315  0.270859  0.586551  0.484804  0.639476  0.648991  0.719066  0.769989  0.336669  0.144816  0.328407  0.162562  0.597969  0.127419  0.695496  0.697505  0.697513  0.271226  0.338826  0.269892  0.310128  0.146332  0.319845  0.244537  0.071370  0.268332  0.147677 0.0  0.153148  0.370576  0.633286  0.490826  0.732574  0.660964  0.400571  0.297256  0.155738  0.602498  0.312205  0.714497  0.733414  0.555187  0.292337  0.138736  0.718959  0.695165  0.697450  0.071370  0.654563  0.758555 
40  0.745412  0.732764  0.787108  0.743995  0.360196  0.715617  0.678624  0.727636  0.616757  0.468148  0.673757  0.741840  0.594443  0.237396  0.669354  0.462295  0.759959  0.664593  0.704146  0.734893  0.361710  0.155160  0.288366  0.186798  0.717129  0.133147  0.628024  0.612024  0.684665  0.339351  0.265172  0.276259  0.297648  0.183764  0.323075  0.268663  0.152593  0.254909  0.186239  0.153148 0.0  0.390662  0.720659  0.476442  0.669460  0.736019  0.401626  0.265888  0.184331  0.638027  0.360423  0.662900  0.763210  0.630901  0.291858  0.191222  0.588020  0.730750  0.649029  0.143339  0.703355  0.772020 
41  0.694119  0.659911  0.672447  0.721676  0.071370  0.757130  0.757180  0.800985  0.572477  0.422985  0.551502  0.639430  0.553553  0.523573  0.765330  0.444196  0.738153  0.593342  0.813492  0.688369  0.100072  0.320018  0.146918  0.313412  0.659750  0.322332  0.585112  0.576798  0.663444  0.257111  0.204504  0.529059  0.345404  0.357552  0.293431  0.464734  0.312923  0.429712  0.377333  0.370576  0.390662 0.0  0.762386  0.253749  0.715998  0.618683  0.277634  0.213911  0.308660  0.698168  0.171127  0.748581  0.614628  0.663211  0.221676  0.359431  0.758973  0.749579  0.763423  0.335036  0.688658  0.786962 
42  0.656144  0.295770  0.447922  0.252577  0.722027  0.254107  0.258698  0.259737  0.587163  0.664377  0.665439  0.711352  0.629856  0.746247  0.475160  0.551404  0.538281  0.611532  0.771778  0.702584  0.598192  0.783416  0.764937  0.789395  0.292898  0.680303  0.608959  0.598626  0.426001  0.716633  0.712940  0.727774  0.862389  0.721754  0.623684  0.714524  0.649417  0.686944  0.648305  0.633286  0.720659  0.762386 0.0  0.787893  0.669205  0.655397  0.721275  0.728827  0.749353  0.680141  0.767078  0.608070  0.540944  0.668943  0.857243  0.757877  0.400587  0.414658  0.579365  0.752769  0.791618  0.833873 
43  0.660127  0.632809  0.639376  0.693828  0.313121  0.748164  0.820327  0.664704  0.583328  0.268553  0.641640  0.666398  0.743031  0.281978  0.704968  0.448561  0.669240  0.563651  0.775512  0.689492  0.280130  0.417077  0.261267  0.438750  0.675015  0.387504  0.688576  0.691446  0.684362  0.427371  0.266985  0.317413  0.516206  0.516142  0.263533  0.318619  0.470239  0.334736  0.470273  0.490826  0.476442  0.253749  0.787893 0.0  0.614895  0.743731  0.145771  0.280324  0.462541  0.610024  0.272419  0.647801  0.717728  0.625318  0.324940  0.438922  0.744627  0.753790  0.674836  0.441017  0.791984  0.715966 
44  0.197742  0.651953  0.614173  0.644750  0.704934  0.622418  0.634122  0.599122  0.323916  0.470286  0.675203  0.626650  0.279875  0.586798  0.724631  0.495042  0.198413  0.673895  0.662495  0.740431  0.616305  0.685684  0.738467  0.720388  0.718216  0.704827  0.326544  0.640666  0.385190  0.472977  0.786579  0.702068  0.410493  0.646184  0.603612  0.775457  0.634445  0.626971  0.733558  0.732574  0.669460  0.715998  0.669205  0.614895 0.0  0.071370  0.665629  0.529232  0.631917  0.196995  0.703980  0.212648  0.749376  0.196601  0.757879  0.599530  0.752294  0.687246  0.631907  0.721824  0.675858  0.823695 
45  0.186634  0.810945  0.643373  0.619072  0.715921  0.613240  0.634122  0.546866  0.290340  0.418763  0.620110  0.660765  0.268598  0.690933  0.667876  0.537384  0.196187  0.551145  0.622056  0.691973  0.709506  0.593480  0.652140  0.718733  0.578857  0.737516  0.293369  0.696992  0.412328  0.526701  0.563264  0.661418  0.467179  0.630382  0.579126  0.715619  0.725524  0.788419  0.576845  0.660964  0.736019  0.618683  0.655397  0.743731  0.071370 0.0  0.737729  0.693497  0.631255  0.203858  0.665377  0.183336  0.619586  0.223564  0.710057  0.588422  0.621597  0.614936  0.599317  0.756786  0.737433  0.626130 
46  0.674081  0.588945  0.600719  0.722085  0.273639  0.803062  0.649985  0.649325  0.591475  0.302727  0.677205  0.666427  0.576706  0.298701  0.618153  0.461715  0.680605  0.574356  0.765971  0.715518  0.247480  0.407217  0.256506  0.436965  0.809132  0.463209  0.635941  0.662267  0.709042  0.386151  0.242749  0.352163  0.452735  0.428823  0.282593  0.249652  0.433635  0.275151  0.463225  0.400571  0.401626  0.277634  0.721275  0.145771  0.665629  0.737729 0.0  0.271272  0.394491  0.678799  0.212864  0.631646  0.711940  0.688873  0.267740  0.466057  0.685437  0.706729  0.716721  0.461100  0.728325  0.921749 
47  0.701743  0.680879  0.784888  0.730122  0.212385  0.753370  0.757594  0.798254  0.626535  0.433097  0.775081  0.733274  0.708745  0.465792  0.789632  0.456245  0.717798  0.540759  0.837130  0.709546  0.211975  0.337791  0.145081  0.357485  0.577511  0.319459  0.645178  0.803383  0.605032  0.323308  0.097295  0.391069  0.264979  0.344334  0.294788  0.408036  0.326810  0.454982  0.368216  0.297256  0.265888  0.213911  0.728827  0.280324  0.529232  0.693497  0.271272 0.0  0.413175  0.602783  0.199030  0.621687  0.761547  0.653907  0.071370  0.352294  0.603837  0.715238  0.641497  0.322486  0.806076  0.745738 
48  0.680108  0.694603  0.841798  0.779913  0.409371  0.734052  0.719895  0.691815  0.483575  0.457618  0.686538  0.721633  0.554082  0.285816  0.739819  0.489580  0.684686  0.627456  0.709872  0.693269  0.368597  0.151784  0.295941  0.114379  0.859149  0.137380  0.704383  0.624717  0.671034  0.329204  0.401924  0.322478  0.311529  0.116852  0.300094  0.239823  0.150955  0.275357  0.096785  0.155738  0.184331  0.308660  0.749353  0.462541  0.631917  0.631255  0.394491  0.413175 0.0  0.697579  0.286208  0.624867  0.704896  0.679362  0.356797  0.188196  0.546839  0.693784  0.758053  0.139432  0.807571  0.757381 
49  0.198837  0.663259  0.660150  0.683056  0.638463  0.615223  0.763058  0.719848  0.286860  0.432152  0.654067  0.661163  0.293987  0.740980  0.676582  0.485470  0.166899  0.682613  0.674731  0.701742  0.703121  0.766032  0.686610  0.755065  0.665355  0.636802  0.314144  0.674049  0.324545  0.539559  0.625683  0.681728  0.540583  0.639188  0.547744  0.526821  0.587186  0.741379  0.721207  0.602498  0.638027  0.698168  0.680141  0.610024  0.196995  0.203858  0.678799  0.602783  0.697579 0.0  0.658354  0.204405  0.762981  0.193685  0.660225  0.598180  0.555619  0.602554  0.727753  0.654810  0.766259  0.501594 
50  0.743616  0.727052  0.755539  0.656358  0.180506  0.710895  0.658146  0.675325  0.624961  0.516995  0.522634  0.671092  0.599361  0.481220  0.683446  0.507246  0.627416  0.576001  0.757258  0.628991  0.185924  0.316427  0.148305  0.278090  0.724027  0.339419  0.711891  0.706669  0.759556  0.345124  0.192973  0.451307  0.356757  0.294066  0.312520  0.400030  0.368678  0.511321  0.268334  0.312205  0.360423  0.171127  0.767078  0.272419  0.703980  0.665377  0.212864  0.199030  0.286208  0.658354 0.0  0.774639  0.843309  0.656707  0.177014  0.367196  0.813997  0.680936  0.680495  0.290361  0.795103  0.671567 
51  0.187192  0.667493  0.722346  0.612783  0.710918  0.761352  0.779304  0.641794  0.234791  0.550324  0.550552  0.653931  0.276421  0.648265  0.661022  0.505527  0.207261  0.580838  0.749846  0.619334  0.598605  0.644479  0.698880  0.582778  0.737221  0.738212  0.277136  0.780445  0.406475  0.530591  0.647441  0.686368  0.413349  0.697267  0.525088  0.662394  0.742084  0.737314  0.635131  0.714497  0.662900  0.748581  0.608070  0.647801  0.212648  0.183336  0.631646  0.621687  0.624867  0.204405  0.774639 0.0  0.604732  0.190235  0.712112  0.791270  0.709219  0.731561  0.698503  0.556793  0.739942  0.714402 
52  0.612034  0.428833  0.142731  0.371269  0.707490  0.471733  0.443284  0.519935  0.631807  0.699188  0.727582  0.726465  0.392582  0.685672  0.098517  0.496140  0.669284  0.439576  0.610661  0.759166  0.631505  0.709979  0.733382  0.701844  0.417924  0.576585  0.414886  0.608215  0.664247  0.784752  0.743628  0.782865  0.722563  0.754239  0.681656  0.729110  0.664444  0.703711  0.882318  0.733414  0.763210  0.614628  0.540944  0.717728  0.749376  0.619586  0.711940  0.761547  0.704896  0.762981  0.843309  0.604732 0.0  0.738370  0.784637  0.771098  0.139324  0.147751  0.704992  0.655894  1.000000  0.692678 
53  0.201768  0.725235  0.655705  0.657370  0.662148  0.502892  0.703415  0.630280  0.286053  0.476895  0.852715  0.543573  0.314924  0.615445  0.618411  0.474757  0.193723  0.652866  0.740432  0.782297  0.641569  0.715664  0.543126  0.633158  0.675002  0.664125  0.270510  0.757011  0.376056  0.458397  0.620522  0.640445  0.359939  0.735555  0.665650  0.777358  0.571272  0.621291  0.679739  0.555187  0.630901  0.663211  0.668943  0.625318  0.196601  0.223564  0.688873  0.653907  0.679362  0.193685  0.656707  0.190235  0.738370 0.0  0.564783  0.640203  0.683469  0.669857  0.702277  0.633486  0.645709  0.581020 
54  0.757355  0.696758  0.782523  0.626966  0.201153  0.763253  0.786937  0.775397  0.579558  0.467208  0.703739  0.660295  0.640969  0.525995  0.772669  0.553316  0.623165  0.638705  0.686620  0.772847  0.214232  0.341959  0.137386  0.388912  0.689112  0.288344  0.578407  0.701456  0.683143  0.299679  0.099453  0.449022  0.265185  0.399078  0.320911  0.392640  0.323481  0.414890  0.413406  0.292337  0.291858  0.221676  0.857243  0.324940  0.757879  0.710057  0.267740  0.071370  0.356797  0.660225  0.177014  0.712112  0.784637  0.564783 0.0  0.359001  0.762165  0.768904  0.618800  0.352527  0.675736  0.645538 
55  0.643510  0.692289  0.733535  0.674438  0.337103  0.668749  0.758307  0.633695  0.616016  0.488879  0.691431  0.630065  0.658028  0.318138  0.674338  0.536488  0.742097  0.659456  0.907713  0.748594  0.372181  0.137197  0.252543  0.183470  0.725099  0.135973  0.614155  0.663916  0.658650  0.313039  0.334286  0.271914  0.349472  0.192157  0.317639  0.310039  0.148511  0.277882  0.197148  0.138736  0.191222  0.359431  0.757877  0.438922  0.599530  0.588422  0.466057  0.352294  0.188196  0.598180  0.367196  0.791270  0.771098  0.640203  0.359001 0.0  0.769352  0.707417  0.582157  0.144609  0.732706  0.699460 
56  0.678949  0.389921  0.158213  0.460810  0.709534  0.426243  0.481226  0.433538  0.641887  0.739456  0.676700  0.662542  0.376037  0.630197  0.140832  0.504141  0.650898  0.374857  0.694978  0.716424  0.632708  0.701060  0.781083  0.731607  0.368984  0.713948  0.416760  0.603058  0.768003  0.621784  0.676621  0.705486  0.716966  0.673071  0.595390  0.631647  0.670277  0.753858  0.673512  0.718959  0.588020  0.758973  0.400587  0.744627  0.752294  0.621597  0.685437  0.603837  0.546839  0.555619  0.813997  0.709219  0.139324  0.683469  0.762165  0.769352 0.0  0.071370  0.666329  0.648335  0.620841  0.793317 
57  0.645539  0.435460  0.140553  0.423652  0.643139  0.485111  0.503317  0.473338  0.611861  0.653842  0.644054  0.817031  0.414314  0.610537  0.151986  0.453082  0.773903  0.379249  0.844944  0.587398  0.812989  0.718927  0.706460  0.669093  0.498504  0.781192  0.442263  0.676214  0.667054  0.742293  0.695449  0.643066  0.706156  0.739302  0.633044  0.846366  0.670603  0.619421  0.676899  0.695165  0.730750  0.749579  0.414658  0.753790  0.687246  0.614936  0.706729  0.715238  0.693784  0.602554  0.680936  0.731561  0.147751  0.669857  0.768904  0.707417  0.071370 0.0  0.660892  0.648666  0.709387  0.717606 
58  0.607686  0.659929  0.694102  0.705434  0.611016  0.706462  0.641834  0.731426  0.543713  0.581343  0.332074  0.406422  0.604277  0.788243  0.634802  0.538353  0.698611  0.638199  0.832070  0.659177  0.747192  0.671428  0.603529  0.633997  0.644689  0.655405  0.590448  0.422991  0.726566  0.648944  0.723758  0.760327  0.808955  0.688923  0.609777  0.811013  0.651176  0.593708  0.787928  0.697450  0.649029  0.763423  0.579365  0.674836  0.631907  0.599317  0.716721  0.641497  0.758053  0.727753  0.680495  0.698503  0.704992  0.702277  0.618800  0.582157  0.666329  0.660892 0.0  0.734779  0.657497  0.614411 
59  0.634211  0.650875  0.771586  0.719394  0.352358  0.765967  0.720746  0.717863  0.602518  0.419680  0.706991  0.765949  0.603630  0.311427  0.705307  0.467845  0.695323  0.497604  0.678804  0.654097  0.365970  0.148008  0.311999  0.131261  0.729324  0.149307  0.664455  0.677981  0.744527  0.336094  0.307077  0.265040  0.304041  0.155326  0.321011  0.254341  0.071370  0.230119  0.138373  0.071370  0.143339  0.335036  0.752769  0.441017  0.721824  0.756786  0.461100  0.322486  0.139432  0.654810  0.290361  0.556793  0.655894  0.633486  0.352527  0.144609  0.648335  0.648666  0.734779 0.0  0.782236  0.709700 
60  0.695034  0.748516  0.769203  0.576488  0.726986  0.585716  0.641047  0.683853  0.422701  0.705091  0.703317  0.744363  0.595838  0.731866  0.730115  0.495446  0.666661  0.286043  0.071370  0.103811  0.742807  0.556918  0.743333  0.695952  0.725056  0.657600  0.666436  0.691954  0.615047  0.694075  0.868178  0.746115  0.708601  0.676396  0.617412  0.690141  0.657500  0.675909  0.742436  0.654563  0.703355  0.688658  0.791618  0.791984  0.675858  0.737433  0.728325  0.806076  0.807571  0.766259  0.795103  0.739942  1.000000  0.645709  0.675736  0.732706  0.620841  0.709387  0.657497  0.782236 0.0  0.091024 
61  0.706454  0.689573  0.767979  0.755756  0.747111  0.709680  0.685047  0.700770  0.372312  0.726069  0.771990  0.791073  0.761369  0.778562  0.648251  0.508529  0.639058  0.290434  0.092052  0.103231  0.596809  0.682759  0.575829  0.712402  0.666561  0.714090  0.619703  0.762349  0.688026  0.769302  0.732679  0.819445  0.776815  0.678108  0.739629  0.636072  0.701379  0.652984  0.764955  0.758555  0.772020  0.786962  0.833873  0.715966  0.823695  0.626130  0.921749  0.745738  0.757381  0.501594  0.671567  0.714402  0.692678  0.581020  0.645538  0.699460  0.793317  0.717606  0.614411  0.709700  0.091024 0.0 
