62
0 0.0  0.896493  0.770837  0.894287  0.775972  0.730420  0.742236  0.744742  0.403382  0.569093  0.808990  0.791196  0.534383  0.826963  0.771873  0.567187  0.089130  0.766137  0.721366  0.728295  0.799765  0.728859  0.847477  0.862880  0.755346  0.695457  0.381298  0.785369  0.529971  0.488766  0.722280  0.838430  0.507928  0.742551  0.759147  0.731836  0.738999  0.764058  0.748888  0.825691  0.817818  0.720155  0.845126  0.718671  0.213154  0.139357  0.709874  0.634257  0.695024  0.237391  0.822222  0.166731  0.842900  0.210953  0.757503  0.712247  0.738408  0.779601  0.789593  0.725222  0.806415  0.871777 
1  0.896493 0.0  0.410929  0.093132  0.792072  0.077503  0.077503  0.137483  0.635977  0.832713  0.765114  0.801430  0.697329  0.767319  0.517261  0.667650  0.800765  0.785632  0.843456  0.804472  0.729380  0.861647  0.853841  0.791289  0.277022  0.794636  0.732593  0.811606  0.563974  0.871822  0.845007  0.815839  0.844678  0.891821  0.778305  0.749393  0.841047  0.781995  0.829752  0.810105  0.835465  0.868063  0.273695  0.760331  0.754588  0.832528  0.818559  0.765341  0.849520  0.759647  0.803489  0.753425  0.584212  0.819194  0.813499  0.782466  0.472922  0.582965  0.841448  0.728098  0.756901  0.805884 
2  0.770837  0.410929 0.0  0.561931  0.761652  0.482528  0.537224  0.472747  0.750728  0.830033  0.849870  0.796049  0.407279  0.861577  0.239990  0.554395  0.743208  0.440489  0.909814  0.821002  0.882287  0.830926  0.873988  0.852459  0.551136  0.740104  0.439535  0.739500  0.771800  0.821226  0.813206  0.885975  0.836180  0.865065  0.646347  0.735019  0.847712  0.887724  0.720178  0.758426  0.928742  0.835476  0.581196  0.818923  0.834249  0.820782  0.830545  0.818594  0.758344  0.749426  0.817495  0.784656  0.195436  0.816938  0.789781  0.824764  0.192960  0.169192  0.795261  0.851754  0.814008  0.936574 
3  0.894287  0.093132  0.561931 0.0  0.765895  0.077503  0.077503  0.077503  0.740658  0.820407  0.718908  0.808300  0.748764  0.769882  0.489664  0.620355  0.770979  0.683837  0.795593  0.818616  0.870624  0.747206  0.886239  0.758451  0.208634  0.870731  0.629317  0.727333  0.654227  0.867854  0.719932  0.818396  0.849562  0.866549  0.738032  0.850013  0.846749  0.731131  0.843895  0.807087  0.831399  0.858364  0.239781  0.830033  0.852975  0.770190  0.821761  0.971451  0.850962  0.784350  0.791657  0.772651  0.510481  0.843732  0.795079  0.814664  0.558914  0.536892  0.842607  0.804833  0.842057  0.841822 
4  0.775972  0.792072  0.761652  0.765895 0.0  0.813075  0.821241  0.780363  0.675033  0.683072  0.767175  0.790774  0.634537  0.590392  0.876664  0.606949  0.748524  0.667047  0.728679  0.868998  0.131078  0.428228  0.161688  0.363072  0.852939  0.422204  0.633704  0.820675  0.787610  0.287228  0.184406  0.537068  0.378991  0.430720  0.360810  0.598807  0.413850  0.588070  0.326141  0.364815  0.406520  0.084218  0.877291  0.339119  0.756721  0.883947  0.302841  0.265465  0.381266  0.764257  0.233272  0.830727  0.827688  0.742233  0.243524  0.441081  0.809928  0.841649  0.746668  0.381822  0.759370  0.789648 
5  0.730420  0.077503  0.482528  0.077503  0.813075 0.0  0.134831  0.077503  0.646789  0.779679  0.831712  0.780448  0.704318  0.860387  0.590572  0.569434  0.816760  0.700318  0.840355  0.889877  0.726507  0.694823  0.970197  0.716299  0.176068  0.817655  0.680987  0.741594  0.625143  0.831705  0.859595  0.841448  0.855105  0.768303  0.677768  0.876930  0.794855  0.780274  0.763192  0.963205  0.794517  0.855553  0.268968  0.717822  0.756551  0.796286  0.756860  0.920514  0.811513  0.710834  0.880389  0.767814  0.411194  0.759190  0.830123  0.846683  0.584994  0.491544  0.859770  0.921843  0.793667  0.892726 
6  0.742236  0.077503  0.537224  0.077503  0.821241  0.134831 0.0  0.077503  0.743900  0.740202  0.811517  0.868200  0.674856  0.892418  0.557900  0.589642  0.770673  0.697573  0.812850  0.778196  0.792510  0.836838  0.775093  0.764559  0.191619  0.853893  0.733812  0.827255  0.443791  0.808918  0.824783  0.850169  0.831534  0.895675  0.661752  0.801523  0.709638  0.869570  0.774024  0.808225  0.844895  0.831142  0.304468  0.886174  0.793303  0.822426  0.902922  0.783702  0.860398  0.858079  0.900166  0.744213  0.413254  0.729987  0.812709  0.822908  0.589621  0.562425  0.775594  0.752247  0.820386  0.832233 
7  0.744742  0.137483  0.472747  0.077503  0.780363  0.077503  0.077503 0.0  0.472028  0.790658  0.798828  0.871785  0.738278  0.802733  0.568570  0.625188  0.837449  0.676949  0.783392  0.808891  0.728435  0.868380  0.895024  0.857388  0.203195  0.823910  0.739598  0.813385  0.603154  0.774996  0.740302  0.764995  0.835289  0.887063  0.620349  0.710069  0.865548  0.800011  0.878534  0.809092  0.836246  0.810867  0.367997  0.793388  0.839037  0.769040  0.804464  0.798608  0.774869  0.846433  0.872575  0.744139  0.596902  0.871503  0.856318  0.893799  0.519900  0.591850  0.722369  0.849115  0.911793  0.795215 
8  0.403382  0.635977  0.750728  0.740658  0.675033  0.646789  0.743900  0.472028 0.0  0.710579  0.603314  0.703654  0.344339  0.759459  0.649881  0.521270  0.331559  0.773661  0.491403  0.427324  0.661365  0.750977  0.622629  0.748004  0.731025  0.749648  0.344939  0.678194  0.290658  0.715516  0.789735  0.657526  0.630344  0.688020  0.656358  0.755066  0.658703  0.602776  0.615113  0.661695  0.715223  0.762776  0.693562  0.734513  0.439194  0.378084  0.725205  0.662022  0.751169  0.400426  0.747170  0.328151  0.710099  0.366229  0.692622  0.733500  0.761144  0.736622  0.771817  0.731701  0.419832  0.418864 
9  0.569093  0.832713  0.830033  0.820407  0.683072  0.779679  0.740202  0.790658  0.710579 0.0  0.824772  0.919164  0.683279  0.410848  0.921734  0.612595  0.637579  0.669401  0.887653  0.737459  0.577058  0.463089  0.498549  0.531025  0.831779  0.479808  0.629961  0.779879  0.746353  0.387723  0.560821  0.360003  0.302672  0.620285  0.303168  0.450840  0.453305  0.364697  0.607780  0.543194  0.593181  0.675389  0.854766  0.266198  0.618452  0.561889  0.366578  0.535896  0.472319  0.580958  0.601045  0.589947  0.798466  0.538010  0.600366  0.570427  0.809102  0.863745  0.849041  0.551803  0.888980  0.841522 
10  0.808990  0.765114  0.849870  0.718908  0.767175  0.831712  0.811517  0.798828  0.603314  0.824772 0.0  0.191970  0.713022  0.761559  0.780294  0.518961  0.807407  0.805768  0.801279  0.843031  0.758835  0.760262  0.721986  0.695418  0.782538  0.775695  0.748080  0.191119  0.750578  0.719047  0.742695  0.719897  0.803658  0.810948  0.695940  0.859982  0.710097  0.773692  0.805949  0.798731  0.808861  0.720566  0.847071  0.773785  0.768670  0.778777  0.787419  0.801565  0.808589  0.770061  0.769824  0.822971  0.688900  0.773216  0.724194  0.873712  0.692556  0.884431  0.458424  0.805555  0.860352  0.811569 
11  0.791196  0.801430  0.796049  0.808300  0.790774  0.780448  0.868200  0.871785  0.703654  0.919164  0.191970 0.0  0.712372  0.787413  0.900369  0.558900  0.752770  0.735348  0.753832  0.851501  0.879691  0.766736  0.779230  0.887508  0.730741  0.816640  0.734273  0.189639  0.778252  0.776275  0.872720  0.797903  0.880299  0.814586  0.632182  0.886386  0.782183  0.860769  0.723980  0.835077  0.783644  0.885881  0.895520  0.729442  0.769622  0.816839  0.751634  0.796989  0.751649  0.792965  0.900283  0.858367  0.922781  0.774372  0.738567  0.826276  0.714605  0.785612  0.423125  0.841743  0.773990  0.821783 
12  0.534383  0.697329  0.407279  0.748764  0.634537  0.704318  0.674856  0.738278  0.344339  0.683279  0.713022  0.712372 0.0  0.771250  0.447310  0.592227  0.434219  0.512564  0.703390  0.763378  0.629721  0.709777  0.662844  0.721412  0.644449  0.628964  0.083704  0.709250  0.388061  0.776290  0.745395  0.730875  0.700084  0.675311  0.646713  0.688385  0.612014  0.661536  0.752555  0.690910  0.755432  0.723100  0.685189  0.741180  0.525638  0.319448  0.733665  0.664628  0.722121  0.357494  0.712834  0.316463  0.418107  0.362509  0.691508  0.689816  0.468551  0.446534  0.665254  0.722159  0.711841  0.613016 
13  0.826963  0.767319  0.861577  0.769882  0.590392  0.860387  0.892418  0.802733  0.759459  0.410848  0.761559  0.787413  0.771250 0.0  0.812112  0.521774  0.751780  0.699014  0.863858  0.814888  0.501916  0.407149  0.509170  0.488424  0.755752  0.397624  0.669095  0.653761  0.756164  0.483375  0.561988  0.152416  0.492857  0.353068  0.380003  0.191645  0.252832  0.161416  0.407423  0.340565  0.383892  0.601282  0.819550  0.452810  0.740377  0.742512  0.351558  0.485805  0.351068  0.806651  0.591861  0.716317  0.851904  0.766114  0.624492  0.359011  0.817798  0.844108  0.841270  0.256798  0.867039  0.854462 
14  0.771873  0.517261  0.239990  0.489664  0.876664  0.590572  0.557900  0.568570  0.649881  0.921734  0.780294  0.900369  0.447310  0.812112 0.0  0.501036  0.685626  0.437184  0.798559  0.968583  0.914393  0.811259  0.780251  0.830819  0.483613  0.885336  0.470583  0.754265  0.663228  0.790839  0.799015  0.776236  0.757261  0.796837  0.662419  0.829746  0.737680  0.737962  0.800224  0.795904  0.892166  0.953852  0.653866  0.774589  0.836123  0.878038  0.742886  0.668606  0.911119  0.788265  0.923187  0.707438  0.130235  0.806093  0.908972  0.962499  0.105990  0.102833  0.805549  0.779246  0.818597  0.872689 
15  0.567187  0.667650  0.554395  0.620355  0.606949  0.569434  0.589642  0.625188  0.521270  0.612595  0.518961  0.558900  0.592227  0.521774  0.501036 0.0  0.598907  0.520994  0.528852  0.469306  0.462132  0.467265  0.524594  0.542490  0.621946  0.579294  0.519195  0.544991  0.613589  0.551338  0.551821  0.609141  0.493747  0.596849  0.653879  0.547949  0.539489  0.549467  0.610669  0.575223  0.575606  0.510172  0.568048  0.582289  0.557311  0.555237  0.469718  0.550455  0.598224  0.592993  0.567919  0.544644  0.518055  0.561059  0.471193  0.508645  0.544220  0.509096  0.477065  0.641221  0.564934  0.539829 
16  0.089130  0.800765  0.743208  0.770979  0.748524  0.816760  0.770673  0.837449  0.331559  0.637579  0.807407  0.752770  0.434219  0.751780  0.685626  0.598907 0.0  0.742937  0.736517  0.850636  0.807617  0.802661  0.928508  0.840047  0.850549  0.745151  0.317462  0.727356  0.383268  0.639110  0.784354  0.827554  0.568060  0.754031  0.630170  0.719556  0.795212  0.811368  0.724479  0.779169  0.738868  0.776274  0.776901  0.846279  0.241188  0.192758  0.778745  0.855041  0.787697  0.190737  0.732816  0.186722  0.746753  0.251634  0.777965  0.786361  0.753537  0.778454  0.779533  0.769526  0.721693  0.799418 
17  0.766137  0.785632  0.440489  0.683837  0.667047  0.700318  0.697573  0.676949  0.773661  0.669401  0.805768  0.735348  0.512564  0.699014  0.437184  0.520994  0.742937 0.0  0.322002  0.379205  0.745097  0.701723  0.805500  0.769891  0.672707  0.713887  0.458656  0.782047  0.675546  0.807658  0.703337  0.723757  0.731551  0.760103  0.757688  0.545584  0.768232  0.711491  0.673911  0.645068  0.651462  0.699271  0.677082  0.826167  0.724127  0.632782  0.764679  0.730354  0.790457  0.771493  0.678093  0.695875  0.372950  0.649051  0.743146  0.739576  0.423519  0.413904  0.713020  0.727134  0.354646  0.340622 
18  0.721366  0.843456  0.909814  0.795593  0.728679  0.840355  0.812850  0.783392  0.491403  0.887653  0.801279  0.753832  0.703390  0.863858  0.798559  0.528852  0.736517  0.322002 0.0  0.239456  0.934931  0.786791  0.786355  1.000000  0.906257  0.860619  0.811172  0.807874  0.741873  0.795244  0.814147  0.839106  0.803131  0.871658  0.675442  0.817242  0.742403  0.795421  0.818830  0.722954  0.765449  0.813210  0.888169  0.770452  0.731809  0.811166  0.837088  0.846254  0.875470  0.782141  0.792845  0.774877  0.922133  0.726667  0.779063  0.809991  0.842518  0.856188  0.718698  0.832767  0.077503  0.077503 
19  0.728295  0.804472  0.821002  0.818616  0.868998  0.889877  0.778196  0.808891  0.427324  0.737459  0.843031  0.851501  0.763378  0.814888  0.968583  0.469306  0.850636  0.379205  0.239456 0.0  0.873650  0.965060  0.793105  0.857660  0.876415  0.938345  0.763330  0.710488  0.736800  0.834589  0.950384  0.829217  0.789988  0.832644  0.725782  0.778880  0.769704  0.911234  0.893588  0.851490  0.867083  0.885809  0.853191  0.745045  0.760871  0.817699  0.838027  0.913542  0.822204  0.812853  0.724888  0.707259  0.804611  0.828198  0.925130  0.828095  0.848062  0.771894  0.711153  0.786527  0.123511  0.130298 
20  0.799765  0.729380  0.882287  0.870624  0.131078  0.726507  0.792510  0.728435  0.661365  0.577058  0.758835  0.879691  0.629721  0.501916  0.914393  0.462132  0.807617  0.745097  0.934931  0.873650 0.0  0.473979  0.293651  0.340379  0.752024  0.336371  0.703129  0.813317  0.705634  0.291325  0.223771  0.712695  0.375570  0.485236  0.323456  0.599524  0.337427  0.465312  0.458771  0.437833  0.424091  0.120224  0.953815  0.394584  0.777064  0.810000  0.335696  0.263490  0.417959  0.785129  0.152909  0.778086  0.865464  0.798010  0.335467  0.476650  0.780046  0.870222  0.801160  0.396793  0.827895  0.781943 
21  0.728859  0.861647  0.830926  0.747206  0.428228  0.694823  0.836838  0.868380  0.750977  0.463089  0.760262  0.766736  0.709777  0.407149  0.811259  0.467265  0.802661  0.701723  0.786791  0.965060  0.473979 0.0  0.409018  0.199809  0.832156  0.234639  0.774782  0.703523  0.771218  0.459731  0.378633  0.271589  0.384890  0.203694  0.412404  0.275713  0.132090  0.346270  0.118418  0.104650  0.177844  0.371804  0.862223  0.600425  0.791198  0.826018  0.499470  0.361500  0.252185  0.811135  0.391970  0.758411  0.890135  0.771367  0.416832  0.205566  0.865757  0.857736  0.645856  0.134735  0.812963  0.751021 
22  0.847477  0.853841  0.873988  0.886239  0.161688  0.970197  0.775093  0.895024  0.622629  0.498549  0.721986  0.779230  0.662844  0.509170  0.780251  0.524594  0.928508  0.805500  0.786355  0.793105  0.293651  0.409018 0.0  0.409317  0.803761  0.422280  0.665922  0.737745  0.729861  0.419407  0.108649  0.573532  0.444165  0.463958  0.250733  0.480198  0.378111  0.531128  0.394214  0.450161  0.396111  0.107902  0.812892  0.324392  0.711873  0.810051  0.312038  0.224464  0.440681  0.732043  0.268558  0.711777  0.768212  0.788042  0.239647  0.274790  0.843761  0.855829  0.716373  0.327746  0.801405  0.795210 
23  0.862880  0.791289  0.852459  0.758451  0.363072  0.716299  0.764559  0.857388  0.748004  0.531025  0.695418  0.887508  0.721412  0.488424  0.830819  0.542490  0.840047  0.769891  1.000000  0.857660  0.340379  0.199809  0.409317 0.0  0.863182  0.177322  0.671399  0.666427  0.794055  0.375750  0.454472  0.278848  0.478848  0.085265  0.289246  0.358303  0.241698  0.301384  0.199642  0.136922  0.282253  0.482218  0.773654  0.568198  0.746862  0.831977  0.602353  0.418988  0.149596  0.739715  0.357107  0.710341  0.929372  0.750403  0.438238  0.235683  0.887247  0.798320  0.738938  0.114259  0.877291  0.808980 
24  0.755346  0.277022  0.551136  0.208634  0.852939  0.176068  0.191619  0.203195  0.731025  0.831779  0.782538  0.730741  0.644449  0.755752  0.483613  0.621946  0.850549  0.672707  0.906257  0.876415  0.752024  0.832156  0.803761  0.863182 0.0  0.883958  0.750273  0.792241  0.521046  0.793318  0.822492  0.848029  0.834762  0.852676  0.674871  0.898763  0.883406  0.871925  0.753196  0.808448  0.806183  0.856724  0.256199  0.878082  0.822100  0.903149  0.901083  0.828645  0.775812  0.772033  0.774226  0.707549  0.510579  0.764930  0.811822  0.816044  0.462008  0.445961  0.756060  0.858065  0.788672  0.742796 
25  0.695457  0.794636  0.740104  0.870731  0.422204  0.817655  0.853893  0.823910  0.749648  0.479808  0.775695  0.816640  0.628964  0.397624  0.885336  0.579294  0.745151  0.713887  0.860619  0.938345  0.336371  0.234639  0.422280  0.177322  0.883958 0.0  0.694970  0.811292  0.805487  0.363195  0.355336  0.292534  0.364360  0.147889  0.369758  0.305287  0.125918  0.271182  0.304884  0.077503  0.129665  0.488530  0.786955  0.570072  0.745122  0.806412  0.608987  0.386800  0.119675  0.805052  0.299366  0.760537  0.786667  0.820930  0.395372  0.180864  0.816957  0.857921  0.749669  0.193360  0.828885  0.717911 
26  0.381298  0.732593  0.439535  0.629317  0.633704  0.680987  0.733812  0.739598  0.344939  0.629961  0.748080  0.734273  0.083704  0.669095  0.470583  0.519195  0.317462  0.458656  0.811172  0.763330  0.703129  0.774782  0.665922  0.671399  0.750273  0.694970 0.0  0.732925  0.386779  0.600281  0.747015  0.747244  0.743789  0.733896  0.719509  0.648042  0.659753  0.681526  0.677492  0.638200  0.742443  0.755550  0.671507  0.758569  0.280501  0.358172  0.697849  0.747088  0.670565  0.346016  0.668328  0.499047  0.491942  0.330231  0.686585  0.832203  0.510547  0.412141  0.723319  0.719195  0.798738  0.733125 
27  0.785369  0.811606  0.739500  0.727333  0.820675  0.741594  0.827255  0.813385  0.678194  0.779879  0.191119  0.189639  0.709250  0.653761  0.754265  0.544991  0.727356  0.782047  0.807874  0.710488  0.813317  0.703523  0.737745  0.666427  0.792241  0.811292  0.732925 0.0  0.684409  0.829667  0.784914  0.766043  0.791027  0.773242  0.707989  0.786373  0.787297  0.762977  0.910352  0.871106  0.666300  0.808795  0.755269  0.875841  0.752588  0.797157  0.761890  0.775697  0.786004  0.760519  0.743385  0.865433  0.698376  0.822415  0.742292  0.745607  0.703833  0.807233  0.442924  0.796997  0.799257  0.765143 
28  0.529971  0.563974  0.771800  0.654227  0.787610  0.625143  0.443791  0.603154  0.290658  0.746353  0.750578  0.778252  0.388061  0.756164  0.663228  0.613589  0.383268  0.675546  0.741873  0.736800  0.705634  0.771218  0.729861  0.794055  0.521046  0.805487  0.386779  0.684409 0.0  0.724859  0.738741  0.726867  0.814889  0.869194  0.707949  0.774829  0.799215  0.688982  0.834347  0.754701  0.786453  0.832247  0.432724  0.761705  0.438353  0.559296  0.791818  0.825299  0.690087  0.405005  0.880545  0.405649  0.781479  0.488354  0.786771  0.800286  0.855998  0.776970  0.793775  0.813002  0.813328  0.741069 
29  0.488766  0.871822  0.821226  0.867854  0.287228  0.831705  0.808918  0.774996  0.715516  0.387723  0.719047  0.776275  0.776290  0.483375  0.790839  0.551338  0.639110  0.807658  0.795244  0.834589  0.291325  0.459731  0.419407  0.375750  0.793318  0.363195  0.600281  0.829667  0.724859 0.0  0.362543  0.586083  0.157794  0.452031  0.302384  0.436786  0.456918  0.493388  0.339491  0.401855  0.286919  0.285343  0.870349  0.400821  0.624247  0.653336  0.549122  0.358943  0.513830  0.582434  0.407929  0.512099  0.781403  0.578296  0.326516  0.457591  0.782062  0.809339  0.851668  0.387652  0.858958  0.831252 
30  0.722280  0.845007  0.813206  0.719932  0.184406  0.859595  0.824783  0.740302  0.789735  0.560821  0.742695  0.872720  0.745395  0.561988  0.799015  0.551821  0.784354  0.703337  0.814147  0.950384  0.223771  0.378633  0.108649  0.454472  0.822492  0.355336  0.747015  0.784914  0.738741  0.362543 0.0  0.605116  0.353401  0.377803  0.353791  0.548480  0.390783  0.532973  0.471294  0.389271  0.213513  0.283219  0.823007  0.272107  0.762122  0.843921  0.290095  0.119058  0.608112  0.773702  0.182299  0.833685  0.801222  0.757020  0.077503  0.472463  0.715396  0.805952  0.732995  0.366155  0.807239  0.855979 
31  0.838430  0.815839  0.885975  0.818396  0.537068  0.841448  0.850169  0.764995  0.657526  0.360003  0.719897  0.797903  0.730875  0.152416  0.776236  0.609141  0.827554  0.723757  0.839106  0.829217  0.712695  0.271589  0.573532  0.278848  0.848029  0.292534  0.747244  0.766043  0.726867  0.586083  0.605116 0.0  0.591759  0.373400  0.362546  0.204568  0.347919  0.136290  0.436883  0.275936  0.452452  0.627963  0.984231  0.346808  0.761895  0.819016  0.407190  0.690713  0.433729  0.652442  0.517108  0.788680  0.775538  0.690109  0.675349  0.340951  0.788725  0.842366  0.734059  0.388185  0.789334  0.877504 
32  0.507928  0.844678  0.836180  0.849562  0.378991  0.855105  0.831534  0.835289  0.630344  0.302672  0.803658  0.880299  0.700084  0.492857  0.757261  0.493747  0.568060  0.731551  0.803131  0.789988  0.375570  0.384890  0.444165  0.478848  0.834762  0.364360  0.743789  0.791027  0.814889  0.157794  0.353401  0.591759 0.0  0.352861  0.302381  0.634459  0.281936  0.461605  0.487529  0.397077  0.434639  0.446823  0.798726  0.658986  0.554025  0.509334  0.473832  0.318782  0.511839  0.481485  0.360043  0.603803  0.839859  0.561651  0.264513  0.442347  0.797844  0.770397  0.699130  0.333238  0.737233  0.788776 
33  0.742551  0.891821  0.865065  0.866549  0.430720  0.768303  0.895675  0.887063  0.688020  0.620285  0.810948  0.814586  0.675311  0.353068  0.796837  0.596849  0.754031  0.760103  0.871658  0.832644  0.485236  0.203694  0.463958  0.085265  0.852676  0.147889  0.733896  0.773242  0.869194  0.452031  0.377803  0.373400  0.352861 0.0  0.297831  0.334584  0.261124  0.354272  0.167581  0.164017  0.222739  0.436507  0.818830  0.560586  0.758857  0.776030  0.591719  0.379213  0.109098  0.772050  0.256643  0.671304  0.860157  0.786466  0.490465  0.231523  0.808618  0.867509  0.809546  0.096573  0.833658  0.827186 
34  0.759147  0.778305  0.646347  0.738032  0.360810  0.677768  0.661752  0.620349  0.656358  0.303168  0.695940  0.632182  0.646713  0.380003  0.662419  0.653879  0.630170  0.757688  0.675442  0.725782  0.323456  0.412404  0.250733  0.289246  0.674871  0.369758  0.719509  0.707989  0.707949  0.302384  0.353791  0.362546  0.302381  0.297831 0.0  0.350574  0.411161  0.299271  0.389178  0.375198  0.258936  0.389081  0.699292  0.379574  0.745559  0.759445  0.304748  0.374934  0.347661  0.648291  0.259326  0.761620  0.694782  0.672604  0.358409  0.417800  0.695818  0.641417  0.771602  0.369033  0.743658  0.629427 
35  0.731836  0.749393  0.735019  0.850013  0.598807  0.876930  0.801523  0.710069  0.755066  0.450840  0.859982  0.886386  0.688385  0.191645  0.829746  0.547949  0.719556  0.545584  0.817242  0.778880  0.599524  0.275713  0.480198  0.358303  0.898763  0.305287  0.648042  0.786373  0.774829  0.436786  0.548480  0.204568  0.634459  0.334584  0.350574 0.0  0.462598  0.077503  0.358499  0.408221  0.282615  0.497199  0.792321  0.455608  0.770414  0.769205  0.252326  0.444897  0.334007  0.773350  0.535733  0.820796  0.836470  0.854332  0.588796  0.294717  0.766804  0.772357  0.806760  0.297474  0.837941  0.811306 
36  0.738999  0.841047  0.847712  0.846749  0.413850  0.794855  0.709638  0.865548  0.658703  0.453305  0.710097  0.782183  0.612014  0.252832  0.737680  0.539489  0.795212  0.768232  0.742403  0.769704  0.337427  0.132090  0.378111  0.241698  0.883406  0.125918  0.659753  0.787297  0.799215  0.456918  0.390783  0.347919  0.281936  0.261124  0.411161  0.462598 0.0  0.319225  0.178499  0.077503  0.127463  0.423202  0.763792  0.548150  0.865137  0.747055  0.457298  0.268035  0.209282  0.761499  0.378076  0.802881  0.742821  0.759815  0.430432  0.117121  0.830813  0.782311  0.783106  0.098884  0.801465  0.753524 
37  0.764058  0.781995  0.887724  0.731131  0.588070  0.780274  0.869570  0.800011  0.602776  0.364697  0.773692  0.860769  0.661536  0.161416  0.737962  0.549467  0.811368  0.711491  0.795421  0.911234  0.465312  0.346270  0.531128  0.301384  0.871925  0.271182  0.681526  0.762977  0.688982  0.493388  0.532973  0.136290  0.461605  0.354272  0.299271  0.077503  0.319225 0.0  0.292299  0.336825  0.308112  0.555822  0.794373  0.401406  0.794705  0.801193  0.326569  0.652727  0.368363  0.772490  0.583690  0.840772  0.836878  0.851084  0.521438  0.373024  0.905957  0.746365  0.708965  0.348068  0.842187  0.790470 
38  0.748888  0.829752  0.720178  0.843895  0.326141  0.763192  0.774024  0.878534  0.615113  0.607780  0.805949  0.723980  0.752555  0.407423  0.800224  0.610669  0.724479  0.673911  0.818830  0.893588  0.458771  0.118418  0.394214  0.199642  0.753196  0.304884  0.677492  0.910352  0.834347  0.339491  0.471294  0.436883  0.487529  0.167581  0.389178  0.358499  0.178499  0.292299 0.0  0.197877  0.221428  0.394749  0.829207  0.601319  0.789097  0.696551  0.528079  0.491250  0.077503  0.743191  0.374204  0.786714  0.798737  0.783965  0.491681  0.196805  0.765776  0.685420  0.748457  0.095061  0.830389  0.822294 
39  0.825691  0.810105  0.758426  0.807087  0.364815  0.963205  0.808225  0.809092  0.661695  0.543194  0.798731  0.835077  0.690910  0.340565  0.795904  0.575223  0.779169  0.645068  0.722954  0.851490  0.437833  0.104650  0.450161  0.136922  0.808448  0.077503  0.638200  0.871106  0.754701  0.401855  0.389271  0.275936  0.397077  0.164017  0.375198  0.408221  0.077503  0.336825  0.197877 0.0  0.141030  0.397788  0.788357  0.464524  0.726397  0.596699  0.511674  0.330465  0.151707  0.816239  0.307974  0.830295  0.811800  0.794765  0.416602  0.087649  0.809664  0.855758  0.853039  0.077503  0.781325  0.831113 
40  0.817818  0.835465  0.928742  0.831399  0.406520  0.794517  0.844895  0.836246  0.715223  0.593181  0.808861  0.783644  0.755432  0.383892  0.892166  0.575606  0.738868  0.651462  0.765449  0.867083  0.424091  0.177844  0.396111  0.282253  0.806183  0.129665  0.742443  0.666300  0.786453  0.286919  0.213513  0.452452  0.434639  0.222739  0.258936  0.282615  0.127463  0.308112  0.221428  0.141030 0.0  0.460516  0.895234  0.620544  0.744691  0.817565  0.466962  0.350736  0.195906  0.750668  0.369798  0.828143  0.832893  0.819536  0.338058  0.186211  0.756935  0.850472  0.789279  0.200298  0.811274  0.914730 
41  0.720155  0.868063  0.835476  0.858364  0.084218  0.855553  0.831142  0.810867  0.762776  0.675389  0.720566  0.885881  0.723100  0.601282  0.953852  0.510172  0.776274  0.699271  0.813210  0.885809  0.120224  0.371804  0.107902  0.482218  0.856724  0.488530  0.755550  0.808795  0.832247  0.285343  0.283219  0.627963  0.446823  0.436507  0.389081  0.497199  0.423202  0.555822  0.394749  0.397788  0.460516 0.0  0.782965  0.412083  0.789074  0.885961  0.294471  0.358753  0.470363  0.757826  0.256125  0.685984  0.814971  0.734764  0.267134  0.492501  0.871571  0.877803  0.770247  0.371071  0.871109  0.934158 
42  0.845126  0.273695  0.581196  0.239781  0.877291  0.268968  0.304468  0.367997  0.693562  0.854766  0.847071  0.895520  0.685189  0.819550  0.653866  0.568048  0.776901  0.677082  0.888169  0.853191  0.953815  0.862223  0.812892  0.773654  0.256199  0.786955  0.671507  0.755269  0.432724  0.870349  0.823007  0.984231  0.798726  0.818830  0.699292  0.792321  0.763792  0.794373  0.829207  0.788357  0.895234  0.782965 0.0  0.852260  0.778391  0.801828  0.839113  0.942985  0.877795  0.740539  0.838212  0.863117  0.557961  0.839811  0.825585  0.744528  0.537385  0.545693  0.745712  0.782895  0.882375  0.846582 
43  0.718671  0.760331  0.818923  0.830033  0.339119  0.717822  0.886174  0.793388  0.734513  0.266198  0.773785  0.729442  0.741180  0.452810  0.774589  0.582289  0.846279  0.826167  0.770452  0.745045  0.394584  0.600425  0.324392  0.568198  0.878082  0.570072  0.758569  0.875841  0.761705  0.400821  0.272107  0.346808  0.658986  0.560586  0.379574  0.455608  0.548150  0.401406  0.601319  0.464524  0.620544  0.412083  0.852260 0.0  0.786736  0.807539  0.257898  0.332022  0.661170  0.841393  0.315761  0.699604  0.839175  0.788398  0.361437  0.551836  0.827245  0.806345  0.791557  0.503240  0.844622  0.859601 
44  0.213154  0.754588  0.834249  0.852975  0.756721  0.756551  0.793303  0.839037  0.439194  0.618452  0.768670  0.769622  0.525638  0.740377  0.836123  0.557311  0.241188  0.724127  0.731809  0.760871  0.777064  0.791198  0.711873  0.746862  0.822100  0.745122  0.280501  0.752588  0.438353  0.624247  0.762122  0.761895  0.554025  0.758857  0.745559  0.770414  0.865137  0.794705  0.789097  0.726397  0.744691  0.789074  0.778391  0.786736 0.0  0.077503  0.822461  0.779167  0.784097  0.321096  0.806884  0.245154  0.752757  0.228349  0.722343  0.849628  0.746495  0.709595  0.808309  0.796685  0.813733  0.760117 
45  0.139357  0.832528  0.820782  0.770190  0.883947  0.796286  0.822426  0.769040  0.378084  0.561889  0.778777  0.816839  0.319448  0.742512  0.878038  0.555237  0.192758  0.632782  0.811166  0.817699  0.810000  0.826018  0.810051  0.831977  0.903149  0.806412  0.358172  0.797157  0.559296  0.653336  0.843921  0.819016  0.509334  0.776030  0.759445  0.769205  0.747055  0.801193  0.696551  0.596699  0.817565  0.885961  0.801828  0.807539  0.077503 0.0  0.762971  0.786850  0.850841  0.213228  0.752050  0.279689  0.757577  0.174756  0.782550  0.797718  0.794128  0.782634  0.717503  0.836874  0.806740  0.759505 
46  0.709874  0.818559  0.830545  0.821761  0.302841  0.756860  0.902922  0.804464  0.725205  0.366578  0.787419  0.751634  0.733665  0.351558  0.742886  0.469718  0.778745  0.764679  0.837088  0.838027  0.335696  0.499470  0.312038  0.602353  0.901083  0.608987  0.697849  0.761890  0.791818  0.549122  0.290095  0.407190  0.473832  0.591719  0.304748  0.252326  0.457298  0.326569  0.528079  0.511674  0.466962  0.294471  0.839113  0.257898  0.822461  0.762971 0.0  0.276190  0.599980  0.741683  0.327764  0.777210  0.886451  0.762990  0.285580  0.592222  0.826217  0.757525  0.760598  0.534522  0.805315  0.776028 
47  0.634257  0.765341  0.818594  0.971451  0.265465  0.920514  0.783702  0.798608  0.662022  0.535896  0.801565  0.796989  0.664628  0.485805  0.668606  0.550455  0.855041  0.730354  0.846254  0.913542  0.263490  0.361500  0.224464  0.418988  0.828645  0.386800  0.747088  0.775697  0.825299  0.358943  0.119058  0.690713  0.318782  0.379213  0.374934  0.444897  0.268035  0.652727  0.491250  0.330465  0.350736  0.358753  0.942985  0.332022  0.779167  0.786850  0.276190 0.0  0.455676  0.688956  0.256855  0.814788  0.848835  0.842173  0.077503  0.514581  0.831897  0.758245  0.693611  0.398176  0.788922  0.752334 
48  0.695024  0.849520  0.758344  0.850962  0.381266  0.811513  0.860398  0.774869  0.751169  0.472319  0.808589  0.751649  0.722121  0.351068  0.911119  0.598224  0.787697  0.790457  0.875470  0.822204  0.417959  0.252185  0.440681  0.149596  0.775812  0.119675  0.670565  0.786004  0.690087  0.513830  0.608112  0.433729  0.511839  0.109098  0.347661  0.334007  0.209282  0.368363  0.077503  0.151707  0.195906  0.470363  0.877795  0.661170  0.784097  0.850841  0.599980  0.455676 0.0  0.739493  0.346971  0.678057  0.853216  0.782813  0.444327  0.292426  0.823595  0.883019  0.736819  0.161241  0.853415  0.881668 
49  0.237391  0.759647  0.749426  0.784350  0.764257  0.710834  0.858079  0.846433  0.400426  0.580958  0.770061  0.792965  0.357494  0.806651  0.788265  0.592993  0.190737  0.771493  0.782141  0.812853  0.785129  0.811135  0.732043  0.739715  0.772033  0.805052  0.346016  0.760519  0.405005  0.582434  0.773702  0.652442  0.481485  0.772050  0.648291  0.773350  0.761499  0.772490  0.743191  0.816239  0.750668  0.757826  0.740539  0.841393  0.321096  0.213228  0.741683  0.688956  0.739493 0.0  0.738867  0.190416  0.710529  0.221279  0.737672  0.811909  0.753937  0.836154  0.840441  0.757809  0.729862  0.777806 
50  0.822222  0.803489  0.817495  0.791657  0.233272  0.880389  0.900166  0.872575  0.747170  0.601045  0.769824  0.900283  0.712834  0.591861  0.923187  0.567919  0.732816  0.678093  0.792845  0.724888  0.152909  0.391970  0.268558  0.357107  0.774226  0.299366  0.668328  0.743385  0.880545  0.407929  0.182299  0.517108  0.360043  0.256643  0.259326  0.535733  0.378076  0.583690  0.374204  0.307974  0.369798  0.256125  0.838212  0.315761  0.806884  0.752050  0.327764  0.256855  0.346971  0.738867 0.0  0.649469  0.907906  0.726616  0.282705  0.498763  0.842627  0.817062  0.761464  0.351537  0.786186  0.895378 
51  0.166731  0.753425  0.784656  0.772651  0.830727  0.767814  0.744213  0.744139  0.328151  0.589947  0.822971  0.858367  0.316463  0.716317  0.707438  0.544644  0.186722  0.695875  0.774877  0.707259  0.778086  0.758411  0.711777  0.710341  0.707549  0.760537  0.499047  0.865433  0.405649  0.512099  0.833685  0.788680  0.603803  0.671304  0.761620  0.820796  0.802881  0.840772  0.786714  0.830295  0.828143  0.685984  0.863117  0.699604  0.245154  0.279689  0.777210  0.814788  0.678057  0.190416  0.649469 0.0  0.687687  0.255188  0.742116  0.801959  0.773379  0.745362  0.796495  0.763144  0.841178  0.666269 
52  0.842900  0.584212  0.195436  0.510481  0.827688  0.411194  0.413254  0.596902  0.710099  0.798466  0.688900  0.922781  0.418107  0.851904  0.130235  0.518055  0.746753  0.372950  0.922133  0.804611  0.865464  0.890135  0.768212  0.929372  0.510579  0.786667  0.491942  0.698376  0.781479  0.781403  0.801222  0.775538  0.839859  0.860157  0.694782  0.836470  0.742821  0.836878  0.798737  0.811800  0.832893  0.814971  0.557961  0.839175  0.752757  0.757577  0.886451  0.848835  0.853216  0.710529  0.907906  0.687687 0.0  0.721975  0.798516  0.800311  0.178676  0.147420  0.806316  0.800738  0.918669  0.822894 
53  0.210953  0.819194  0.816938  0.843732  0.742233  0.759190  0.729987  0.871503  0.366229  0.538010  0.773216  0.774372  0.362509  0.766114  0.806093  0.561059  0.251634  0.649051  0.726667  0.828198  0.798010  0.771367  0.788042  0.750403  0.764930  0.820930  0.330231  0.822415  0.488354  0.578296  0.757020  0.690109  0.561651  0.786466  0.672604  0.854332  0.759815  0.851084  0.783965  0.794765  0.819536  0.734764  0.839811  0.788398  0.228349  0.174756  0.762990  0.842173  0.782813  0.221279  0.726616  0.255188  0.721975 0.0  0.773802  0.798508  0.769994  0.803203  0.757151  0.832169  0.811161  0.663442 
54  0.757503  0.813499  0.789781  0.795079  0.243524  0.830123  0.812709  0.856318  0.692622  0.600366  0.724194  0.738567  0.691508  0.624492  0.908972  0.471193  0.777965  0.743146  0.779063  0.925130  0.335467  0.416832  0.239647  0.438238  0.811822  0.395372  0.686585  0.742292  0.786771  0.326516  0.077503  0.675349  0.264513  0.490465  0.358409  0.588796  0.430432  0.521438  0.491681  0.416602  0.338058  0.267134  0.825585  0.361437  0.722343  0.782550  0.285580  0.077503  0.444327  0.737672  0.282705  0.742116  0.798516  0.773802 0.0  0.454802  0.775153  0.838393  0.778304  0.460516  0.791642  0.830308 
55  0.712247  0.782466  0.824764  0.814664  0.441081  0.846683  0.822908  0.893799  0.733500  0.570427  0.873712  0.826276  0.689816  0.359011  0.962499  0.508645  0.786361  0.739576  0.809991  0.828095  0.476650  0.205566  0.274790  0.235683  0.816044  0.180864  0.832203  0.745607  0.800286  0.457591  0.472463  0.340951  0.442347  0.231523  0.417800  0.294717  0.117121  0.373024  0.196805  0.087649  0.186211  0.492501  0.744528  0.551836  0.849628  0.797718  0.592222  0.514581  0.292426  0.811909  0.498763  0.801959  0.800311  0.798508  0.454802 0.0  0.779957  0.747949  0.741192  0.234505  0.779135  0.912681 
56  0.738408  0.472922  0.192960  0.558914  0.809928  0.584994  0.589621  0.519900  0.761144  0.809102  0.692556  0.714605  0.468551  0.817798  0.105990  0.544220  0.753537  0.423519  0.842518  0.848062  0.780046  0.865757  0.843761  0.887247  0.462008  0.816957  0.510547  0.703833  0.855998  0.782062  0.715396  0.788725  0.797844  0.808618  0.695818  0.766804  0.830813  0.905957  0.765776  0.809664  0.756935  0.871571  0.537385  0.827245  0.746495  0.794128  0.826217  0.831897  0.823595  0.753937  0.842627  0.773379  0.178676  0.769994  0.775153  0.779957 0.0  0.077503  0.835414  0.820904  0.815623  0.842547 
57  0.779601  0.582965  0.169192  0.536892  0.841649  0.491544  0.562425  0.591850  0.736622  0.863745  0.884431  0.785612  0.446534  0.844108  0.102833  0.509096  0.778454  0.413904  0.856188  0.771894  0.870222  0.857736  0.855829  0.798320  0.445961  0.857921  0.412141  0.807233  0.776970  0.809339  0.805952  0.842366  0.770397  0.867509  0.641417  0.772357  0.782311  0.746365  0.685420  0.855758  0.850472  0.877803  0.545693  0.806345  0.709595  0.782634  0.757525  0.758245  0.883019  0.836154  0.817062  0.745362  0.147420  0.803203  0.838393  0.747949  0.077503 0.0  0.810702  0.864908  0.761346  0.885772 
58  0.789593  0.841448  0.795261  0.842607  0.746668  0.859770  0.775594  0.722369  0.771817  0.849041  0.458424  0.423125  0.665254  0.841270  0.805549  0.477065  0.779533  0.713020  0.718698  0.711153  0.801160  0.645856  0.716373  0.738938  0.756060  0.749669  0.723319  0.442924  0.793775  0.851668  0.732995  0.734059  0.699130  0.809546  0.771602  0.806760  0.783106  0.708965  0.748457  0.853039  0.789279  0.770247  0.745712  0.791557  0.808309  0.717503  0.760598  0.693611  0.736819  0.840441  0.761464  0.796495  0.806316  0.757151  0.778304  0.741192  0.835414  0.810702 0.0  0.678274  0.812867  0.793248 
59  0.725222  0.728098  0.851754  0.804833  0.381822  0.921843  0.752247  0.849115  0.731701  0.551803  0.805555  0.841743  0.722159  0.256798  0.779246  0.641221  0.769526  0.727134  0.832767  0.786527  0.396793  0.134735  0.327746  0.114259  0.858065  0.193360  0.719195  0.796997  0.813002  0.387652  0.366155  0.388185  0.333238  0.096573  0.369033  0.297474  0.098884  0.348068  0.095061  0.077503  0.200298  0.371071  0.782895  0.503240  0.796685  0.836874  0.534522  0.398176  0.161241  0.757809  0.351537  0.763144  0.800738  0.832169  0.460516  0.234505  0.820904  0.864908  0.678274 0.0  0.821192  0.844401 
60  0.806415  0.756901  0.814008  0.842057  0.759370  0.793667  0.820386  0.911793  0.419832  0.888980  0.860352  0.773990  0.711841  0.867039  0.818597  0.564934  0.721693  0.354646  0.077503  0.123511  0.827895  0.812963  0.801405  0.877291  0.788672  0.828885  0.798738  0.799257  0.813328  0.858958  0.807239  0.789334  0.737233  0.833658  0.743658  0.837941  0.801465  0.842187  0.830389  0.781325  0.811274  0.871109  0.882375  0.844622  0.813733  0.806740  0.805315  0.788922  0.853415  0.729862  0.786186  0.841178  0.918669  0.811161  0.791642  0.779135  0.815623  0.761346  0.812867  0.821192 0.0  0.086400 
61  0.871777  0.805884  0.936574  0.841822  0.789648  0.892726  0.832233  0.795215  0.418864  0.841522  0.811569  0.821783  0.613016  0.854462  0.872689  0.539829  0.799418  0.340622  0.077503  0.130298  0.781943  0.751021  0.795210  0.808980  0.742796  0.717911  0.733125  0.765143  0.741069  0.831252  0.855979  0.877504  0.788776  0.827186  0.629427  0.811306  0.753524  0.790470  0.822294  0.831113  0.914730  0.934158  0.846582  0.859601  0.760117  0.759505  0.776028  0.752334  0.881668  0.777806  0.895378  0.666269  0.822894  0.663442  0.830308  0.912681  0.842547  0.885772  0.793248  0.844401  0.086400 0.0 
