62
0 0.0  0.718892  0.800226  0.850134  0.839064  0.885189  0.732552  0.813457  0.462986  0.560886  0.764193  0.774560  0.354956  0.768339  0.813184  0.512133  0.086130  0.737016  0.723092  0.795374  0.738282  0.839758  0.874179  0.802746  0.829790  0.767767  0.357432  0.787481  0.431122  0.643447  0.694054  0.838461  0.565032  0.731911  0.744636  0.858351  0.861263  0.749347  0.789604  0.858359  0.763971  0.786941  0.700317  0.808508  0.267146  0.250797  0.775198  0.818279  0.787161  0.294593  0.914406  0.226421  0.756312  0.238379  0.792783  0.761024  0.716380  0.831968  0.818236  0.727786  0.868315  0.835614 
1  0.718892 0.0  0.574366  0.086130  0.978235  0.151415  0.103861  0.086130  0.724487  0.911173  0.713670  0.852339  0.769312  0.951072  0.529595  0.572039  0.817683  0.755116  0.834317  0.847892  0.797247  0.777680  0.863506  0.918200  0.217640  0.904627  0.764679  0.824057  0.620063  0.904187  0.911453  0.838361  0.855446  0.712663  0.732368  0.820691  0.811219  0.855799  0.795900  0.885598  0.889952  0.904193  0.251049  0.788902  0.868808  0.759584  0.814366  0.867888  0.871391  0.707298  0.921998  0.858236  0.440016  0.808420  0.903851  0.827715  0.505178  0.548942  0.890022  0.824371  0.788032  0.819329 
2  0.800226  0.574366 0.0  0.505465  0.921665  0.578473  0.511713  0.617076  0.764193  0.868777  0.830478  0.866775  0.434997  0.821489  0.179755  0.573458  0.754415  0.499748  0.869512  0.927803  0.830137  0.817032  0.935016  0.842172  0.554529  0.838434  0.445079  0.890406  0.733900  0.848593  0.876122  0.916476  0.751103  0.896417  0.749250  0.870259  0.779069  0.860395  0.825171  0.895831  0.846696  0.874958  0.526396  0.896529  0.797919  0.815726  1.000000  0.850788  0.859720  0.837227  0.933774  0.759048  0.129640  0.702163  0.905605  0.751108  0.197651  0.086130  0.835960  0.919718  0.892702  0.811152 
3  0.850134  0.086130  0.505465 0.0  0.869887  0.125051  0.114917  0.086130  0.750005  0.799394  0.819901  0.754913  0.795820  0.743730  0.493844  0.491732  0.823378  0.768218  0.885610  0.838297  0.761714  0.830672  0.868021  0.818778  0.185586  0.782777  0.805544  0.735765  0.534868  0.725194  0.818465  0.830967  0.830855  0.816456  0.694958  0.892099  0.842593  0.798853  0.773067  0.855328  0.847100  0.922200  0.316675  0.915698  0.798119  0.814917  0.795254  0.845173  0.806459  0.798682  0.769052  0.821870  0.586722  0.810773  0.805713  0.770531  0.535410  0.433253  0.862674  0.839596  0.925358  0.845090 
4  0.839064  0.978235  0.921665  0.869887 0.0  0.887766  0.832163  0.863232  0.665435  0.573592  0.828895  0.893560  0.725131  0.538452  0.927058  0.557541  0.881762  0.860734  0.919443  0.972607  0.155406  0.402923  0.140532  0.509304  0.756691  0.398736  0.666682  0.853946  0.762662  0.359319  0.324732  0.630194  0.426722  0.495857  0.357743  0.508258  0.420303  0.570106  0.465319  0.369934  0.471537  0.086130  0.878938  0.305481  0.817853  0.685090  0.402745  0.324451  0.592434  0.772520  0.208027  0.752839  0.847705  0.899367  0.293726  0.499131  0.746380  0.794680  0.894519  0.400165  0.807445  0.881290 
5  0.885189  0.151415  0.578473  0.125051  0.887766 0.0  0.160591  0.086130  0.781224  0.881942  0.847914  0.820932  0.711233  0.765069  0.517227  0.552523  0.773166  0.679153  0.795324  0.684605  0.736037  0.836210  0.844108  0.799667  0.139598  0.838942  0.769431  0.798492  0.614471  0.827005  0.813414  0.916015  0.787782  0.824905  0.716787  0.888165  0.770346  0.820869  0.862802  0.836672  0.799086  0.856868  0.345101  0.877491  0.748049  0.806074  0.789175  0.839764  0.783276  0.859033  0.956800  0.765537  0.516125  0.878453  0.813074  0.801787  0.642172  0.446397  0.824535  0.895421  0.913746  0.810441 
6  0.732552  0.103861  0.511713  0.114917  0.832163  0.160591 0.0  0.096438  0.723731  0.816251  0.822018  0.826358  0.753410  0.795957  0.603863  0.646010  0.800465  0.751474  0.949122  0.882536  0.850459  0.815838  0.825969  0.792357  0.184764  0.836048  0.614823  0.829052  0.594711  0.807983  0.797662  0.854273  0.959409  0.876545  0.672981  0.780402  0.832799  0.825912  0.747929  0.829970  0.805070  0.914132  0.383613  0.819394  0.680176  0.865921  0.754305  0.864288  0.828822  0.753612  0.747334  0.875920  0.631982  0.720014  0.787268  0.792741  0.554544  0.541270  0.761517  0.788544  0.773194  0.825478 
7  0.813457  0.086130  0.617076  0.086130  0.863232  0.086130  0.096438 0.0  0.831912  0.932683  0.866926  0.936672  0.691541  0.884991  0.528879  0.625262  0.869857  0.724498  0.835318  0.827246  0.828136  0.805218  0.855841  0.872844  0.232446  0.812283  0.776845  0.839935  0.573282  0.814836  0.781420  0.798833  0.795270  0.774289  0.642572  0.813256  0.783971  0.897287  0.833025  0.931003  0.856291  0.826926  0.326007  0.813564  0.711091  0.747045  0.875001  0.841803  0.840721  0.748323  0.738109  0.867791  0.553935  0.746422  0.897352  0.884273  0.595998  0.539045  0.727057  0.814714  0.845190  0.868444 
8  0.462986  0.724487  0.764193  0.750005  0.665435  0.781224  0.723731  0.831912 0.0  0.651855  0.769054  0.797819  0.370473  0.726417  0.714511  0.587069  0.286505  0.714333  0.480955  0.499310  0.622005  0.698623  0.742813  0.697762  0.783756  0.756833  0.321148  0.682816  0.293431  0.638438  0.643459  0.633436  0.656785  0.811948  0.640427  0.683232  0.691271  0.698292  0.714510  0.699228  0.760593  0.713254  0.777709  0.747361  0.352856  0.317704  0.619809  0.729773  0.658491  0.441459  0.639899  0.319989  0.719442  0.380560  0.668668  0.678576  0.762448  0.688491  0.726141  0.618782  0.519712  0.431596 
9  0.560886  0.911173  0.868777  0.799394  0.573592  0.881942  0.816251  0.932683  0.651855 0.0  0.746199  0.815282  0.609051  0.338249  0.863899  0.589163  0.592328  0.755133  0.911322  0.882191  0.579769  0.504493  0.525968  0.661044  0.894773  0.564859  0.681224  0.846345  0.857738  0.293735  0.610668  0.367269  0.368589  0.585209  0.270397  0.409196  0.402783  0.493926  0.583766  0.477804  0.552027  0.566866  0.933057  0.222084  0.522093  0.540608  0.394386  0.580732  0.667599  0.466571  0.496169  0.437692  0.799002  0.564281  0.582665  0.631267  0.790709  0.783125  0.838096  0.509470  0.882168  0.899464 
10  0.764193  0.713670  0.830478  0.819901  0.828895  0.847914  0.822018  0.866926  0.769054  0.746199 0.0  0.212782  0.725586  0.855790  0.837431  0.593029  0.823618  0.756877  0.802531  0.778295  0.809622  0.829905  0.830720  0.798850  0.770293  0.764411  0.731101  0.244720  0.820630  0.786937  0.789688  0.778084  0.848051  0.835725  0.730517  0.747278  0.771632  0.727658  0.712639  0.840901  0.695154  0.801705  0.761810  0.815169  0.748579  0.779321  0.813441  0.836011  0.825507  0.795009  0.768941  0.774302  0.812981  0.784945  0.862334  0.846551  0.952563  0.776220  0.366800  0.845028  0.920282  0.789381 
11  0.774560  0.852339  0.866775  0.754913  0.893560  0.820932  0.826358  0.936672  0.797819  0.815282  0.212782 0.0  0.640082  0.798295  0.880842  0.650698  0.878506  0.687947  0.881293  0.909199  0.811243  0.781269  0.857144  0.744074  0.796615  0.771171  0.730492  0.170830  0.813396  0.834088  0.868005  0.833855  0.833967  0.787970  0.730022  0.853738  0.869587  0.886416  0.908481  0.809940  0.893944  0.807055  0.879548  0.844847  0.953183  0.771454  0.913180  0.798419  0.752334  0.857006  0.942012  0.806188  0.831338  0.888394  0.766101  0.921500  0.857244  0.739713  0.478474  0.954830  0.819247  0.871733 
12  0.354956  0.769312  0.434997  0.795820  0.725131  0.711233  0.753410  0.691541  0.370473  0.609051  0.725586  0.640082 0.0  0.670444  0.490464  0.538907  0.310890  0.439001  0.744339  0.763108  0.692618  0.722730  0.798609  0.735649  0.675731  0.678910  0.161119  0.677861  0.482756  0.766347  0.717724  0.746601  0.735589  0.740105  0.779877  0.829034  0.738994  0.711754  0.807814  0.669707  0.636310  0.743303  0.783927  0.713303  0.299890  0.435042  0.651304  0.782395  0.755201  0.300327  0.654104  0.402403  0.410234  0.353199  0.710282  0.652650  0.467566  0.522575  0.751865  0.756097  0.740207  0.691103 
13  0.768339  0.951072  0.821489  0.743730  0.538452  0.765069  0.795957  0.884991  0.726417  0.338249  0.855790  0.798295  0.670444 0.0  0.816536  0.564842  0.806761  0.718864  0.877457  0.869383  0.551067  0.356564  0.449368  0.376470  0.782086  0.339262  0.796274  0.819399  0.783847  0.486373  0.664505  0.111514  0.579845  0.483835  0.286645  0.237255  0.367858  0.197553  0.324837  0.310437  0.445990  0.543672  0.858582  0.384959  0.854174  0.773865  0.455662  0.654041  0.366193  0.799971  0.593655  0.751120  0.834297  0.759691  0.679950  0.326692  0.773482  0.841902  0.720689  0.401864  0.910168  0.868917 
14  0.813184  0.529595  0.179755  0.493844  0.927058  0.517227  0.603863  0.528879  0.714511  0.863899  0.837431  0.880842  0.490464  0.816536 0.0  0.647035  0.867044  0.477580  0.837421  0.890166  0.794021  0.803424  0.866947  0.850402  0.691122  0.816177  0.505384  0.874024  0.707000  0.837523  0.792852  0.879023  0.863798  0.804138  0.795211  0.916495  0.951942  0.956127  0.832494  0.786490  0.917724  0.879548  0.684572  0.843387  0.744660  0.817447  0.811336  0.800236  0.834764  0.835565  0.851817  0.805127  0.174644  0.882434  0.891788  0.886892  0.229725  0.096420  0.774907  0.854779  0.885264  0.875337 
15  0.512133  0.572039  0.573458  0.491732  0.557541  0.552523  0.646010  0.625262  0.587069  0.589163  0.593029  0.650698  0.538907  0.564842  0.647035 0.0  0.589644  0.613685  0.579263  0.494527  0.582805  0.631168  0.565623  0.672505  0.558523  0.550705  0.543894  0.521793  0.626822  0.587819  0.528484  0.593459  0.628648  0.561805  0.637263  0.575857  0.495835  0.637690  0.510789  0.456735  0.672869  0.647283  0.580696  0.554897  0.664651  0.617765  0.613599  0.622611  0.559308  0.559713  0.591826  0.516731  0.649842  0.540955  0.571581  0.590904  0.595934  0.557581  0.488814  0.568750  0.527048  0.597430 
16  0.086130  0.817683  0.754415  0.823378  0.881762  0.773166  0.800465  0.869857  0.286505  0.592328  0.823618  0.878506  0.310890  0.806761  0.867044  0.589644 0.0  0.658500  0.691852  0.892340  0.847026  0.825977  0.817639  0.792528  0.841119  0.764954  0.379864  0.905124  0.429763  0.664341  0.795737  0.766999  0.603099  0.833328  0.671678  0.815734  0.736415  0.877959  0.803120  0.753757  0.822712  0.762350  0.848629  0.751122  0.296978  0.310968  0.776912  0.738795  0.765299  0.265376  0.804584  0.226591  0.800346  0.291638  0.761463  0.784757  0.721803  0.780270  0.707547  0.801216  0.759409  0.750285 
17  0.737016  0.755116  0.499748  0.768218  0.860734  0.679153  0.751474  0.724498  0.714333  0.755133  0.756877  0.687947  0.439001  0.718864  0.477580  0.613685  0.658500 0.0  0.301908  0.393597  0.719331  0.712838  0.661249  0.834931  0.728505  0.758055  0.530355  0.785635  0.742947  0.692054  0.761869  0.642286  0.764810  0.749950  0.660307  0.752636  0.832529  0.760931  0.694307  0.705920  0.672253  0.740491  0.731077  0.759854  0.763446  0.668452  0.708791  0.699337  0.702345  0.709142  0.692725  0.785998  0.349870  0.724288  0.730234  0.745948  0.513270  0.464717  0.717401  0.790094  0.270128  0.343527 
18  0.723092  0.834317  0.869512  0.885610  0.919443  0.795324  0.949122  0.835318  0.480955  0.911322  0.802531  0.881293  0.744339  0.877457  0.837421  0.579263  0.691852  0.301908 0.0  0.086130  0.958088  0.908449  0.842820  0.823753  0.870383  0.835530  0.683056  0.771600  0.880657  0.877250  0.880838  0.876675  0.855853  0.865351  0.710449  0.841680  0.826053  0.811219  0.860154  0.790438  0.847767  0.918238  0.787164  0.872646  0.808713  0.785198  0.889711  0.917056  0.756669  0.801928  0.901978  0.780442  0.858475  0.783361  0.976328  0.906042  0.771529  0.838780  0.771821  0.807206  0.086130  0.179697 
19  0.795374  0.847892  0.927803  0.838297  0.972607  0.684605  0.882536  0.827246  0.499310  0.882191  0.778295  0.909199  0.763108  0.869383  0.890166  0.494527  0.892340  0.393597  0.086130 0.0  0.700738  0.886241  0.807302  0.848943  0.844718  0.864260  0.684432  0.795407  0.833926  0.866358  0.898000  0.969943  0.870177  0.900583  0.733286  0.871297  0.834571  0.857053  0.896939  0.899639  0.790455  0.862245  0.898891  0.948308  0.832716  0.822048  0.912609  0.904103  0.885111  0.685958  0.849068  0.772863  0.819838  0.800842  0.819214  0.783080  0.893065  0.786281  0.732104  0.787324  0.177073  0.220929 
20  0.738282  0.797247  0.830137  0.761714  0.155406  0.736037  0.850459  0.828136  0.622005  0.579769  0.809622  0.811243  0.692618  0.551067  0.794021  0.582805  0.847026  0.719331  0.958088  0.700738 0.0  0.437358  0.086130  0.436691  0.771628  0.432383  0.719253  0.728681  0.833456  0.229056  0.209993  0.613188  0.476316  0.470286  0.466275  0.533195  0.371537  0.591338  0.444860  0.305952  0.403757  0.192208  0.847366  0.383558  0.817303  0.770208  0.331774  0.305198  0.368775  0.822037  0.315460  0.817613  0.806589  0.790013  0.299012  0.395801  0.834012  0.842184  0.812078  0.477519  0.846085  0.922809 
21  0.839758  0.777680  0.817032  0.830672  0.402923  0.836210  0.815838  0.805218  0.698623  0.504493  0.829905  0.781269  0.722730  0.356564  0.803424  0.631168  0.825977  0.712838  0.908449  0.886241  0.437358 0.0  0.287361  0.207087  0.844653  0.131007  0.797279  0.820473  0.851722  0.500475  0.444181  0.306120  0.420570  0.168980  0.412824  0.370960  0.277299  0.264581  0.213028  0.170919  0.163088  0.316601  0.865263  0.585767  0.800925  0.777750  0.578384  0.454522  0.174594  0.720654  0.342377  0.723970  0.847409  0.758520  0.403414  0.248753  0.919411  0.882865  0.751947  0.352883  0.744737  0.899371 
22  0.874179  0.863506  0.935016  0.868021  0.140532  0.844108  0.825969  0.855841  0.742813  0.525968  0.830720  0.857144  0.798609  0.449368  0.866947  0.565623  0.817639  0.661249  0.842820  0.807302  0.086130  0.287361 0.0  0.414257  0.756004  0.490791  0.643209  0.743078  0.772828  0.382297  0.314702  0.658304  0.353313  0.392279  0.432150  0.488035  0.417286  0.584161  0.514274  0.352089  0.375283  0.196424  0.814553  0.335558  0.835570  0.818729  0.348345  0.296770  0.408063  0.804247  0.152028  0.799858  0.825398  0.793644  0.134725  0.309995  0.876683  0.826496  0.819138  0.366962  0.786445  0.821635 
23  0.802746  0.918200  0.842172  0.818778  0.509304  0.799667  0.792357  0.872844  0.697762  0.661044  0.798850  0.744074  0.735649  0.376470  0.850402  0.672505  0.792528  0.834931  0.823753  0.848943  0.436691  0.207087  0.414257 0.0  0.764039  0.330312  0.862960  0.775214  0.730343  0.300399  0.483286  0.402692  0.536474  0.096273  0.371389  0.260800  0.105191  0.324740  0.167963  0.178257  0.263501  0.400785  0.757130  0.568462  0.699040  0.790106  0.562734  0.454562  0.202584  0.721694  0.406337  0.753018  0.838573  0.733067  0.535161  0.185261  0.818627  0.792443  0.739101  0.125439  0.858950  0.812121 
24  0.829790  0.217640  0.554529  0.185586  0.756691  0.139598  0.184764  0.232446  0.783756  0.894773  0.770293  0.796615  0.675731  0.782086  0.691122  0.558523  0.841119  0.728505  0.870383  0.844718  0.771628  0.844653  0.756004  0.764039 0.0  0.805931  0.799062  0.797683  0.649980  0.851415  0.851626  0.886232  0.755632  0.805936  0.686054  0.832274  0.883001  0.841670  0.835398  0.878715  0.870712  0.772944  0.366696  0.857135  0.893853  0.772196  0.905531  0.830389  0.854851  0.745391  0.823129  0.863070  0.475452  0.794900  0.824685  0.879636  0.533422  0.561152  0.768152  0.830500  0.784255  0.809570 
25  0.767767  0.904627  0.838434  0.782777  0.398736  0.838942  0.836048  0.812283  0.756833  0.564859  0.764411  0.771171  0.678910  0.339262  0.816177  0.550705  0.764954  0.758055  0.835530  0.864260  0.432383  0.131007  0.490791  0.330312  0.805931 0.0  0.665954  0.812483  0.858185  0.424061  0.445238  0.408352  0.464813  0.120713  0.316801  0.329237  0.183202  0.326031  0.180778  0.148306  0.267289  0.390545  0.843813  0.596021  0.767858  0.797047  0.525850  0.518767  0.127472  0.753529  0.345546  0.739116  0.861165  0.785584  0.344352  0.144755  0.866015  0.903063  0.868869  0.233652  0.866524  0.851205 
26  0.357432  0.764679  0.445079  0.805544  0.666682  0.769431  0.614823  0.776845  0.321148  0.681224  0.731101  0.730492  0.161119  0.796274  0.505384  0.543894  0.379864  0.530355  0.683056  0.684432  0.719253  0.797279  0.643209  0.862960  0.799062  0.665954 0.0  0.730001  0.418601  0.789307  0.659341  0.674376  0.675669  0.792691  0.790047  0.753420  0.729437  0.747034  0.756845  0.749977  0.727153  0.755659  0.676536  0.673876  0.376174  0.385099  0.733840  0.665838  0.721992  0.312402  0.638925  0.399559  0.424362  0.379903  0.699691  0.842527  0.366055  0.496535  0.616900  0.692106  0.763842  0.833732 
27  0.787481  0.824057  0.890406  0.735765  0.853946  0.798492  0.829052  0.839935  0.682816  0.846345  0.244720  0.170830  0.677861  0.819399  0.874024  0.521793  0.905124  0.785635  0.771600  0.795407  0.728681  0.820473  0.743078  0.775214  0.797683  0.812483  0.730001 0.0  0.749761  0.815247  0.827854  0.801921  0.872794  0.784335  0.755904  0.770820  0.816468  0.763023  0.805881  0.847001  0.791697  0.762068  0.835713  0.808737  0.834007  0.756917  0.892053  0.754926  0.859340  0.807753  0.877281  0.791230  0.810639  0.864650  0.789117  0.708895  0.861285  0.740185  0.420653  0.712199  0.728154  0.846892 
28  0.431122  0.620063  0.733900  0.534868  0.762662  0.614471  0.594711  0.573282  0.293431  0.857738  0.820630  0.813396  0.482756  0.783847  0.707000  0.626822  0.429763  0.742947  0.880657  0.833926  0.833456  0.851722  0.772828  0.730343  0.649980  0.858185  0.418601  0.749761 0.0  0.862503  0.731037  0.863343  0.714181  0.792079  0.632199  0.803841  0.781485  0.738388  0.730838  0.692499  0.761814  0.732204  0.594414  0.756304  0.507205  0.534785  0.832366  0.730797  0.740053  0.537767  0.762154  0.476528  0.699684  0.561674  0.804117  0.905537  0.780593  0.830044  0.692077  0.835517  0.780965  0.721876 
29  0.643447  0.904187  0.848593  0.725194  0.359319  0.827005  0.807983  0.814836  0.638438  0.293735  0.786937  0.834088  0.766347  0.486373  0.837523  0.587819  0.664341  0.692054  0.877250  0.866358  0.229056  0.500475  0.382297  0.300399  0.851415  0.424061  0.789307  0.815247  0.862503 0.0  0.406346  0.567611  0.206826  0.411138  0.331264  0.501262  0.454066  0.552537  0.427367  0.307364  0.430257  0.348370  0.794917  0.522736  0.557703  0.510738  0.469938  0.460777  0.399361  0.616158  0.291007  0.561597  0.846109  0.569174  0.392453  0.461681  0.895600  0.713475  0.839602  0.439489  0.850340  0.805658 
30  0.694054  0.911453  0.876122  0.818465  0.324732  0.813414  0.797662  0.781420  0.643459  0.610668  0.789688  0.868005  0.717724  0.664505  0.792852  0.528484  0.795737  0.761869  0.880838  0.898000  0.209993  0.444181  0.314702  0.483286  0.851626  0.445238  0.659341  0.827854  0.731037  0.406346 0.0  0.694128  0.373598  0.488764  0.382156  0.563601  0.393018  0.525450  0.416950  0.405398  0.406697  0.289983  0.829323  0.403355  0.837168  0.813125  0.307416  0.131833  0.441381  0.743224  0.222163  0.785259  0.792523  0.769796  0.114285  0.456352  0.757975  0.794167  0.713744  0.340823  0.790311  0.922035 
31  0.838461  0.838361  0.916476  0.830967  0.630194  0.916015  0.854273  0.798833  0.633436  0.367269  0.778084  0.833855  0.746601  0.111514  0.879023  0.593459  0.766999  0.642286  0.876675  0.969943  0.613188  0.306120  0.658304  0.402692  0.886232  0.408352  0.674376  0.801921  0.863343  0.567611  0.694128 0.0  0.489503  0.393749  0.409746  0.187399  0.331147  0.132234  0.487410  0.235691  0.384540  0.694107  0.850400  0.257348  0.809634  0.821151  0.403747  0.633028  0.420908  0.795788  0.576307  0.854516  0.972329  0.760664  0.666804  0.335023  0.855496  0.859543  0.867267  0.395939  0.831463  0.906820 
32  0.565032  0.855446  0.751103  0.830855  0.426722  0.787782  0.959409  0.795270  0.656785  0.368589  0.848051  0.833967  0.735589  0.579845  0.863798  0.628648  0.603099  0.764810  0.855853  0.870177  0.476316  0.420570  0.353313  0.536474  0.755632  0.464813  0.675669  0.872794  0.714181  0.206826  0.373598  0.489503 0.0  0.560148  0.305930  0.548791  0.459504  0.596386  0.473364  0.436417  0.438508  0.430675  0.878437  0.669518  0.609862  0.518704  0.390241  0.396420  0.414644  0.624599  0.515547  0.556489  0.816805  0.492307  0.399056  0.436749  0.877132  0.888682  0.808881  0.304087  0.894238  0.967234 
33  0.731911  0.712663  0.896417  0.816456  0.495857  0.824905  0.876545  0.774289  0.811948  0.585209  0.835725  0.787970  0.740105  0.483835  0.804138  0.561805  0.833328  0.749950  0.865351  0.900583  0.470286  0.168980  0.392279  0.096273  0.805936  0.120713  0.792691  0.784335  0.792079  0.411138  0.488764  0.393749  0.560148 0.0  0.335467  0.314591  0.244341  0.239935  0.097917  0.219859  0.245037  0.508223  0.886143  0.682449  0.926321  0.799202  0.571415  0.350060  0.131177  0.832080  0.429456  0.786442  0.892395  0.737679  0.463512  0.316323  0.780576  0.813351  0.854927  0.251427  0.921067  0.829030 
34  0.744636  0.732368  0.749250  0.694958  0.357743  0.716787  0.672981  0.642572  0.640427  0.270397  0.730517  0.730022  0.779877  0.286645  0.795211  0.637263  0.671678  0.660307  0.710449  0.733286  0.466275  0.412824  0.432150  0.371389  0.686054  0.316801  0.790047  0.755904  0.632199  0.331264  0.382156  0.409746  0.305930  0.335467 0.0  0.316725  0.416721  0.386672  0.250044  0.455763  0.389376  0.368697  0.732079  0.398298  0.789218  0.741380  0.350773  0.282930  0.354329  0.673290  0.479309  0.773126  0.771124  0.737541  0.338934  0.368711  0.765417  0.708955  0.718680  0.383888  0.820596  0.734247 
35  0.858351  0.820691  0.870259  0.892099  0.508258  0.888165  0.780402  0.813256  0.683232  0.409196  0.747278  0.853738  0.829034  0.237255  0.916495  0.575857  0.815734  0.752636  0.841680  0.871297  0.533195  0.370960  0.488035  0.260800  0.832274  0.329237  0.753420  0.770820  0.803841  0.501262  0.563601  0.187399  0.548791  0.314591  0.316725 0.0  0.346610  0.115087  0.328496  0.280476  0.369620  0.560544  0.770522  0.444642  0.728724  0.777858  0.253648  0.557872  0.414368  0.773091  0.514595  0.805219  0.811037  0.843751  0.471911  0.341262  0.749048  0.800305  0.785879  0.382768  0.954000  0.840736 
36  0.861263  0.811219  0.779069  0.842593  0.420303  0.770346  0.832799  0.783971  0.691271  0.402783  0.771632  0.869587  0.738994  0.367858  0.951942  0.495835  0.736415  0.832529  0.826053  0.834571  0.371537  0.277299  0.417286  0.105191  0.883001  0.183202  0.729437  0.816468  0.781485  0.454066  0.393018  0.331147  0.459504  0.244341  0.416721  0.346610 0.0  0.346597  0.230033  0.143578  0.119306  0.325048  0.791104  0.557748  0.717080  0.753387  0.636440  0.306567  0.179505  0.828472  0.338145  0.870742  0.740820  0.800117  0.410439  0.138476  0.800736  0.814308  0.748514  0.086130  0.881717  0.743240 
37  0.749347  0.855799  0.860395  0.798853  0.570106  0.820869  0.825912  0.897287  0.698292  0.493926  0.727658  0.886416  0.711754  0.197553  0.956127  0.637690  0.877959  0.760931  0.811219  0.857053  0.591338  0.264581  0.584161  0.324740  0.841670  0.326031  0.747034  0.763023  0.738388  0.552537  0.525450  0.132234  0.596386  0.239935  0.386672  0.115087  0.346597 0.0  0.259364  0.387417  0.311595  0.539336  0.815930  0.403428  0.808741  0.804741  0.291823  0.553653  0.322570  0.779364  0.613667  0.739348  0.893478  0.819971  0.551654  0.371544  0.915332  0.840075  0.738983  0.221334  0.889531  0.822704 
38  0.789604  0.795900  0.825171  0.773067  0.465319  0.862802  0.747929  0.833025  0.714510  0.583766  0.712639  0.908481  0.807814  0.324837  0.832494  0.510789  0.803120  0.694307  0.860154  0.896939  0.444860  0.213028  0.514274  0.167963  0.835398  0.180778  0.756845  0.805881  0.730838  0.427367  0.416950  0.487410  0.473364  0.097917  0.250044  0.328496  0.230033  0.259364 0.0  0.206492  0.142854  0.519785  0.776996  0.585712  0.825296  0.822635  0.471980  0.445958  0.086130  0.762952  0.303293  0.715693  0.835521  0.781001  0.511123  0.302690  0.828706  0.906842  0.896621  0.221526  0.841552  0.910093 
39  0.858359  0.885598  0.895831  0.855328  0.369934  0.836672  0.829970  0.931003  0.699228  0.477804  0.840901  0.809940  0.669707  0.310437  0.786490  0.456735  0.753757  0.705920  0.790438  0.899639  0.305952  0.170919  0.352089  0.178257  0.878715  0.148306  0.749977  0.847001  0.692499  0.307364  0.405398  0.235691  0.436417  0.219859  0.455763  0.280476  0.143578  0.387417  0.206492 0.0  0.086130  0.397130  0.831203  0.522346  0.832221  0.834798  0.588100  0.410487  0.087060  0.804259  0.366254  0.736762  0.841905  0.780185  0.359656  0.181071  0.822799  0.885312  0.879921  0.100867  0.904076  0.874180 
40  0.763971  0.889952  0.846696  0.847100  0.471537  0.799086  0.805070  0.856291  0.760593  0.552027  0.695154  0.893944  0.636310  0.445990  0.917724  0.672869  0.822712  0.672253  0.847767  0.790455  0.403757  0.163088  0.375283  0.263501  0.870712  0.267289  0.727153  0.791697  0.761814  0.430257  0.406697  0.384540  0.438508  0.245037  0.389376  0.369620  0.119306  0.311595  0.142854  0.086130 0.0  0.456126  0.843089  0.570704  0.794698  0.856268  0.404736  0.297377  0.177367  0.730231  0.448239  0.804045  0.876832  0.780811  0.180396  0.215789  0.772234  0.808817  0.746750  0.140537  0.814843  0.825404 
41  0.786941  0.904193  0.874958  0.922200  0.086130  0.856868  0.914132  0.826926  0.713254  0.566866  0.801705  0.807055  0.743303  0.543672  0.879548  0.647283  0.762350  0.740491  0.918238  0.862245  0.192208  0.316601  0.196424  0.400785  0.772944  0.390545  0.755659  0.762068  0.732204  0.348370  0.289983  0.694107  0.430675  0.508223  0.368697  0.560544  0.325048  0.539336  0.519785  0.397130  0.456126 0.0  0.836925  0.386062  0.893847  0.768952  0.361496  0.252854  0.505415  0.812312  0.299496  0.719765  0.936889  0.769604  0.229135  0.452977  0.803886  0.870462  0.842094  0.369067  0.888272  0.885076 
42  0.700317  0.251049  0.526396  0.316675  0.878938  0.345101  0.383613  0.326007  0.777709  0.933057  0.761810  0.879548  0.783927  0.858582  0.684572  0.580696  0.848629  0.731077  0.787164  0.898891  0.847366  0.865263  0.814553  0.757130  0.366696  0.843813  0.676536  0.835713  0.594414  0.794917  0.829323  0.850400  0.878437  0.886143  0.732079  0.770522  0.791104  0.815930  0.776996  0.831203  0.843089  0.836925 0.0  0.820958  0.778798  0.826646  0.695478  0.916496  0.897511  0.848654  0.763983  0.782921  0.658671  0.846663  0.921869  0.841326  0.610707  0.532560  0.817557  0.912911  0.833466  0.969599 
43  0.808508  0.788902  0.896529  0.915698  0.305481  0.877491  0.819394  0.813564  0.747361  0.222084  0.815169  0.844847  0.713303  0.384959  0.843387  0.554897  0.751122  0.759854  0.872646  0.948308  0.383558  0.585767  0.335558  0.568462  0.857135  0.596021  0.673876  0.808737  0.756304  0.522736  0.403355  0.257348  0.669518  0.682449  0.398298  0.444642  0.557748  0.403428  0.585712  0.522346  0.570704  0.386062  0.820958 0.0  0.734348  0.914121  0.109815  0.472517  0.569088  0.765081  0.376784  0.741670  0.719939  0.738678  0.371064  0.506527  0.670207  0.867589  0.774130  0.536908  0.929081  0.944416 
44  0.267146  0.868808  0.797919  0.798119  0.817853  0.748049  0.680176  0.711091  0.352856  0.522093  0.748579  0.953183  0.299890  0.854174  0.744660  0.664651  0.296978  0.763446  0.808713  0.832716  0.817303  0.800925  0.835570  0.699040  0.893853  0.767858  0.376174  0.834007  0.507205  0.557703  0.837168  0.809634  0.609862  0.926321  0.789218  0.728724  0.717080  0.808741  0.825296  0.832221  0.794698  0.893847  0.778798  0.734348 0.0  0.086130  0.721910  0.776683  0.793360  0.242562  0.843467  0.270762  0.813162  0.296427  0.859294  0.810010  0.776626  0.817098  0.861939  0.853428  0.860108  0.779917 
45  0.250797  0.759584  0.815726  0.814917  0.685090  0.806074  0.865921  0.747045  0.317704  0.540608  0.779321  0.771454  0.435042  0.773865  0.817447  0.617765  0.310968  0.668452  0.785198  0.822048  0.770208  0.777750  0.818729  0.790106  0.772196  0.797047  0.385099  0.756917  0.534785  0.510738  0.813125  0.821151  0.518704  0.799202  0.741380  0.777858  0.753387  0.804741  0.822635  0.834798  0.856268  0.768952  0.826646  0.914121  0.086130 0.0  0.780576  0.800579  0.860867  0.136946  0.785158  0.261487  0.799632  0.299306  0.666711  0.849926  0.849581  0.818184  0.661956  0.715970  0.768902  0.748445 
46  0.775198  0.814366  1.000000  0.795254  0.402745  0.789175  0.754305  0.875001  0.619809  0.394386  0.813441  0.913180  0.651304  0.455662  0.811336  0.613599  0.776912  0.708791  0.889711  0.912609  0.331774  0.578384  0.348345  0.562734  0.905531  0.525850  0.733840  0.892053  0.832366  0.469938  0.307416  0.403747  0.390241  0.571415  0.350773  0.253648  0.636440  0.291823  0.471980  0.588100  0.404736  0.361496  0.695478  0.109815  0.721910  0.780576 0.0  0.268554  0.512053  0.840671  0.338837  0.788438  0.823057  0.767809  0.392720  0.463410  0.750212  0.929353  0.769912  0.602971  0.935318  0.932729 
47  0.818279  0.867888  0.850788  0.845173  0.324451  0.839764  0.864288  0.841803  0.729773  0.580732  0.836011  0.798419  0.782395  0.654041  0.800236  0.622611  0.738795  0.699337  0.917056  0.904103  0.305198  0.454522  0.296770  0.454562  0.830389  0.518767  0.665838  0.754926  0.730797  0.460777  0.131833  0.633028  0.396420  0.350060  0.282930  0.557872  0.306567  0.553653  0.445958  0.410487  0.297377  0.252854  0.916496  0.472517  0.776683  0.800579  0.268554 0.0  0.433114  0.780384  0.264273  0.780061  0.908810  0.751708  0.086130  0.524965  0.849905  0.808673  0.737632  0.373363  0.879768  0.818981 
48  0.787161  0.871391  0.859720  0.806459  0.592434  0.783276  0.828822  0.840721  0.658491  0.667599  0.825507  0.752334  0.755201  0.366193  0.834764  0.559308  0.765299  0.702345  0.756669  0.885111  0.368775  0.174594  0.408063  0.202584  0.854851  0.127472  0.721992  0.859340  0.740053  0.399361  0.441381  0.420908  0.414644  0.131177  0.354329  0.414368  0.179505  0.322570  0.086130  0.087060  0.177367  0.505415  0.897511  0.569088  0.793360  0.860867  0.512053  0.433114 0.0  0.745368  0.325059  0.702476  0.883781  0.806441  0.545797  0.266444  0.808651  0.776994  0.784637  0.199129  0.861981  0.868748 
49  0.294593  0.707298  0.837227  0.798682  0.772520  0.859033  0.753612  0.748323  0.441459  0.466571  0.795009  0.857006  0.300327  0.799971  0.835565  0.559713  0.265376  0.709142  0.801928  0.685958  0.822037  0.720654  0.804247  0.721694  0.745391  0.753529  0.312402  0.807753  0.537767  0.616158  0.743224  0.795788  0.624599  0.832080  0.673290  0.773091  0.828472  0.779364  0.762952  0.804259  0.730231  0.812312  0.848654  0.765081  0.242562  0.136946  0.840671  0.780384  0.745368 0.0  0.734590  0.206004  0.744260  0.228664  0.760717  0.810836  0.774577  0.836796  0.705809  0.820073  0.779578  0.727226 
50  0.914406  0.921998  0.933774  0.769052  0.208027  0.956800  0.747334  0.738109  0.639899  0.496169  0.768941  0.942012  0.654104  0.593655  0.851817  0.591826  0.804584  0.692725  0.901978  0.849068  0.315460  0.342377  0.152028  0.406337  0.823129  0.345546  0.638925  0.877281  0.762154  0.291007  0.222163  0.576307  0.515547  0.429456  0.479309  0.514595  0.338145  0.613667  0.303293  0.366254  0.448239  0.299496  0.763983  0.376784  0.843467  0.785158  0.338837  0.264273  0.325059  0.734590 0.0  0.814830  0.864775  0.792348  0.303536  0.488828  0.899064  0.837805  0.925981  0.359224  0.902969  0.793133 
51  0.226421  0.858236  0.759048  0.821870  0.752839  0.765537  0.875920  0.867791  0.319989  0.437692  0.774302  0.806188  0.402403  0.751120  0.805127  0.516731  0.226591  0.785998  0.780442  0.772863  0.817613  0.723970  0.799858  0.753018  0.863070  0.739116  0.399559  0.791230  0.476528  0.561597  0.785259  0.854516  0.556489  0.786442  0.773126  0.805219  0.870742  0.739348  0.715693  0.736762  0.804045  0.719765  0.782921  0.741670  0.270762  0.261487  0.788438  0.780061  0.702476  0.206004  0.814830 0.0  0.654839  0.277403  0.812291  0.782288  0.784720  0.754826  0.763220  0.867058  0.816884  0.822542 
52  0.756312  0.440016  0.129640  0.586722  0.847705  0.516125  0.631982  0.553935  0.719442  0.799002  0.812981  0.831338  0.410234  0.834297  0.174644  0.649842  0.800346  0.349870  0.858475  0.819838  0.806589  0.847409  0.825398  0.838573  0.475452  0.861165  0.424362  0.810639  0.699684  0.846109  0.792523  0.972329  0.816805  0.892395  0.771124  0.811037  0.740820  0.893478  0.835521  0.841905  0.876832  0.936889  0.658671  0.719939  0.813162  0.799632  0.823057  0.908810  0.883781  0.744260  0.864775  0.654839 0.0  0.796721  0.861314  0.848068  0.131456  0.151955  0.876219  0.770888  0.830272  0.793897 
53  0.238379  0.808420  0.702163  0.810773  0.899367  0.878453  0.720014  0.746422  0.380560  0.564281  0.784945  0.888394  0.353199  0.759691  0.882434  0.540955  0.291638  0.724288  0.783361  0.800842  0.790013  0.758520  0.793644  0.733067  0.794900  0.785584  0.379903  0.864650  0.561674  0.569174  0.769796  0.760664  0.492307  0.737679  0.737541  0.843751  0.800117  0.819971  0.781001  0.780185  0.780811  0.769604  0.846663  0.738678  0.296427  0.299306  0.767809  0.751708  0.806441  0.228664  0.792348  0.277403  0.796721 0.0  0.825840  0.793023  0.840199  0.772928  0.896094  0.810724  0.759904  0.827341 
54  0.792783  0.903851  0.905605  0.805713  0.293726  0.813074  0.787268  0.897352  0.668668  0.582665  0.862334  0.766101  0.710282  0.679950  0.891788  0.571581  0.761463  0.730234  0.976328  0.819214  0.299012  0.403414  0.134725  0.535161  0.824685  0.344352  0.699691  0.789117  0.804117  0.392453  0.114285  0.666804  0.399056  0.463512  0.338934  0.471911  0.410439  0.551654  0.511123  0.359656  0.180396  0.229135  0.921869  0.371064  0.859294  0.666711  0.392720  0.086130  0.545797  0.760717  0.303536  0.812291  0.861314  0.825840 0.0  0.450707  0.844221  0.923724  0.736977  0.361425  0.933415  0.876825 
55  0.761024  0.827715  0.751108  0.770531  0.499131  0.801787  0.792741  0.884273  0.678576  0.631267  0.846551  0.921500  0.652650  0.326692  0.886892  0.590904  0.784757  0.745948  0.906042  0.783080  0.395801  0.248753  0.309995  0.185261  0.879636  0.144755  0.842527  0.708895  0.905537  0.461681  0.456352  0.335023  0.436749  0.316323  0.368711  0.341262  0.138476  0.371544  0.302690  0.181071  0.215789  0.452977  0.841326  0.506527  0.810010  0.849926  0.463410  0.524965  0.266444  0.810836  0.488828  0.782288  0.848068  0.793023  0.450707 0.0  0.834567  0.822522  0.717875  0.222446  0.899563  0.787977 
56  0.716380  0.505178  0.197651  0.535410  0.746380  0.642172  0.554544  0.595998  0.762448  0.790709  0.952563  0.857244  0.467566  0.773482  0.229725  0.595934  0.721803  0.513270  0.771529  0.893065  0.834012  0.919411  0.876683  0.818627  0.533422  0.866015  0.366055  0.861285  0.780593  0.895600  0.757975  0.855496  0.877132  0.780576  0.765417  0.749048  0.800736  0.915332  0.828706  0.822799  0.772234  0.803886  0.610707  0.670207  0.776626  0.849581  0.750212  0.849905  0.808651  0.774577  0.899064  0.784720  0.131456  0.840199  0.844221  0.834567 0.0  0.112588  0.959363  0.842660  0.839424  0.847415 
57  0.831968  0.548942  0.086130  0.433253  0.794680  0.446397  0.541270  0.539045  0.688491  0.783125  0.776220  0.739713  0.522575  0.841902  0.096420  0.557581  0.780270  0.464717  0.838780  0.786281  0.842184  0.882865  0.826496  0.792443  0.561152  0.903063  0.496535  0.740185  0.830044  0.713475  0.794167  0.859543  0.888682  0.813351  0.708955  0.800305  0.814308  0.840075  0.906842  0.885312  0.808817  0.870462  0.532560  0.867589  0.817098  0.818184  0.929353  0.808673  0.776994  0.836796  0.837805  0.754826  0.151955  0.772928  0.923724  0.822522  0.112588 0.0  0.863412  0.838359  0.831929  0.787497 
58  0.818236  0.890022  0.835960  0.862674  0.894519  0.824535  0.761517  0.727057  0.726141  0.838096  0.366800  0.478474  0.751865  0.720689  0.774907  0.488814  0.707547  0.717401  0.771821  0.732104  0.812078  0.751947  0.819138  0.739101  0.768152  0.868869  0.616900  0.420653  0.692077  0.839602  0.713744  0.867267  0.808881  0.854927  0.718680  0.785879  0.748514  0.738983  0.896621  0.879921  0.746750  0.842094  0.817557  0.774130  0.861939  0.661956  0.769912  0.737632  0.784637  0.705809  0.925981  0.763220  0.876219  0.896094  0.736977  0.717875  0.959363  0.863412 0.0  0.834549  0.864553  0.874870 
59  0.727786  0.824371  0.919718  0.839596  0.400165  0.895421  0.788544  0.814714  0.618782  0.509470  0.845028  0.954830  0.756097  0.401864  0.854779  0.568750  0.801216  0.790094  0.807206  0.787324  0.477519  0.352883  0.366962  0.125439  0.830500  0.233652  0.692106  0.712199  0.835517  0.439489  0.340823  0.395939  0.304087  0.251427  0.383888  0.382768  0.086130  0.221334  0.221526  0.100867  0.140537  0.369067  0.912911  0.536908  0.853428  0.715970  0.602971  0.373363  0.199129  0.820073  0.359224  0.867058  0.770888  0.810724  0.361425  0.222446  0.842660  0.838359  0.834549 0.0  0.826332  0.828757 
60  0.868315  0.788032  0.892702  0.925358  0.807445  0.913746  0.773194  0.845190  0.519712  0.882168  0.920282  0.819247  0.740207  0.910168  0.885264  0.527048  0.759409  0.270128  0.086130  0.177073  0.846085  0.744737  0.786445  0.858950  0.784255  0.866524  0.763842  0.728154  0.780965  0.850340  0.790311  0.831463  0.894238  0.921067  0.820596  0.954000  0.881717  0.889531  0.841552  0.904076  0.814843  0.888272  0.833466  0.929081  0.860108  0.768902  0.935318  0.879768  0.861981  0.779578  0.902969  0.816884  0.830272  0.759904  0.933415  0.899563  0.839424  0.831929  0.864553  0.826332 0.0  0.111005 
61  0.835614  0.819329  0.811152  0.845090  0.881290  0.810441  0.825478  0.868444  0.431596  0.899464  0.789381  0.871733  0.691103  0.868917  0.875337  0.597430  0.750285  0.343527  0.179697  0.220929  0.922809  0.899371  0.821635  0.812121  0.809570  0.851205  0.833732  0.846892  0.721876  0.805658  0.922035  0.906820  0.967234  0.829030  0.734247  0.840736  0.743240  0.822704  0.910093  0.874180  0.825404  0.885076  0.969599  0.944416  0.779917  0.748445  0.932729  0.818981  0.868748  0.727226  0.793133  0.822542  0.793897  0.827341  0.876825  0.787977  0.847415  0.787497  0.874870  0.828757  0.111005 0.0 
