62
0 0.0  0.866329  0.730676  0.695589  0.658872  0.668719  0.655633  0.751587  0.271014  0.541118  0.721414  0.751675  0.317746  0.681948  0.685652  0.483315  0.085311  0.656632  0.785699  0.738928  0.686631  0.700411  0.687312  0.734583  0.587390  0.719243  0.279966  0.681396  0.431636  0.561624  0.874072  0.692592  0.455587  0.677916  0.693270  0.719459  0.664762  0.661105  0.793681  0.661317  0.756179  0.743028  0.685621  0.847307  0.202658  0.202686  0.600673  0.808470  0.832745  0.240415  0.816827  0.220364  0.684844  0.231765  0.784953  0.711470  0.777324  0.763833  0.592643  0.645714  0.747591  0.733846 
1  0.866329 0.0  0.502800  0.085311  0.702748  0.085311  0.085311  0.085311  0.718750  0.768133  0.693661  0.745557  0.685648  0.839600  0.424842  0.470270  0.739077  0.666697  0.721271  0.830344  0.755429  0.739688  0.757131  0.891798  0.157017  0.839978  0.554548  0.712736  0.454065  0.849630  0.842625  0.684462  0.714471  0.732420  0.640103  0.735781  0.877391  0.698803  0.702581  0.796687  0.763690  0.739646  0.300738  0.712110  0.851746  0.721595  0.843392  0.782128  0.764945  0.637213  0.735744  0.753178  0.474503  0.722967  0.724400  0.727320  0.545886  0.446770  0.662564  0.835063  0.808492  0.702158 
2  0.730676  0.502800 0.0  0.415601  0.858526  0.446808  0.503905  0.501810  0.703021  0.836281  0.725355  0.718779  0.439905  0.885818  0.164906  0.462285  0.779130  0.423708  0.804539  0.784638  0.801073  0.812283  0.741433  0.721601  0.460474  0.701825  0.440632  0.715586  0.662364  0.875163  0.766979  0.746058  0.804287  0.629685  0.662820  0.769297  0.802307  0.857945  0.875608  0.784034  0.791893  0.694595  0.542654  0.784466  0.745874  0.730528  0.779829  0.727557  0.783002  0.705781  0.728515  0.702041  0.166072  0.614496  0.830177  0.761474  0.165960  0.164996  0.826155  0.742710  0.801108  0.905493 
3  0.695589  0.085311  0.415601 0.0  0.840854  0.085311  0.085311  0.085311  0.624974  0.753102  0.674283  0.789913  0.675154  0.826126  0.453692  0.505375  0.795011  0.733193  0.662029  0.743890  0.670349  0.730283  0.802055  0.931803  0.166180  0.708190  0.646396  0.753265  0.519831  0.785652  0.782905  0.847879  0.755004  0.784617  0.776915  0.733027  0.785190  0.693130  0.763214  0.732575  0.825850  0.747384  0.271829  0.822739  0.847186  0.733005  0.878694  0.849476  0.756126  0.757103  0.739200  0.676258  0.426888  0.669241  0.904759  0.721007  0.479509  0.498552  0.754726  0.853218  0.774408  0.878704 
4  0.658872  0.702748  0.858526  0.840854 0.0  0.680142  0.812211  0.752043  0.675943  0.520845  0.745969  0.799339  0.666468  0.457765  0.808489  0.496395  0.664641  0.574128  0.861353  0.827548  0.118355  0.324119  0.158699  0.338044  0.689748  0.294820  0.746628  0.671389  0.706804  0.267342  0.241197  0.579987  0.427739  0.368607  0.312244  0.366086  0.367979  0.532556  0.374374  0.362656  0.451381  0.085311  0.720906  0.309996  0.770180  0.777303  0.329900  0.260412  0.365289  0.669326  0.207036  0.879329  0.835540  0.771817  0.241035  0.388311  0.747612  0.684664  0.769421  0.376144  0.711588  0.934051 
5  0.668719  0.085311  0.446808  0.085311  0.680142 0.0  0.085311  0.085311  0.578211  0.772239  0.790830  0.766863  0.623561  0.820746  0.464735  0.562337  0.885565  0.702008  0.715783  0.700324  0.769052  0.816657  0.697374  0.749842  0.172124  0.855630  0.584919  0.699075  0.506743  0.729871  0.810693  0.717132  0.753088  0.776525  0.674516  0.841379  0.699657  0.746432  0.753663  0.798735  0.673707  0.854924  0.312894  0.700107  0.791400  0.773934  0.766782  0.760184  0.856384  0.799669  0.834184  0.765521  0.500087  0.779865  0.743560  0.706484  0.506625  0.492534  0.669834  0.785883  0.905377  0.637103 
6  0.655633  0.085311  0.503905  0.085311  0.812211  0.085311 0.0  0.085311  0.595506  0.662549  0.767362  0.831384  0.676739  0.795852  0.473497  0.480036  0.806233  0.669978  0.784343  0.851949  0.757698  0.793731  0.752972  0.838227  0.155097  0.780929  0.722864  0.713364  0.546651  0.817559  0.866743  0.786638  0.823231  0.830351  0.691782  0.707804  0.762887  0.727808  0.707313  0.685982  0.717445  0.809758  0.307453  0.730966  0.728958  0.741752  0.738546  0.737369  0.712651  0.696588  0.793446  0.842533  0.429385  0.718489  0.738975  0.697406  0.369134  0.459921  0.647400  0.757057  0.809082  0.716893 
7  0.751587  0.085311  0.501810  0.085311  0.752043  0.085311  0.085311 0.0  0.691422  0.737645  0.690091  0.867383  0.722764  0.876847  0.443397  0.521054  0.762295  0.780535  0.700702  0.856273  0.655310  0.753305  0.684994  0.773779  0.149401  0.813918  0.642161  0.758906  0.491212  0.689353  0.864504  0.810773  0.666073  0.707874  0.583651  0.837887  0.798618  0.844843  0.862385  0.756555  0.773576  0.900087  0.278310  0.762426  0.690439  0.708042  0.783420  0.786806  0.706598  0.709813  0.771916  0.703357  0.462706  0.804982  0.755886  0.873371  0.526014  0.491951  0.795046  0.749388  0.832888  0.813373 
8  0.271014  0.718750  0.703021  0.624974  0.675943  0.578211  0.595506  0.691422 0.0  0.697582  0.660942  0.807847  0.342654  0.764116  0.801177  0.501025  0.342002  0.698406  0.473308  0.388032  0.571477  0.710343  0.617234  0.679085  0.747446  0.601191  0.282159  0.643217  0.321955  0.736330  0.677189  0.669564  0.563844  0.690959  0.767483  0.752812  0.615102  0.654507  0.689110  0.711081  0.620108  0.633807  0.620987  0.723831  0.322740  0.306418  0.701874  0.633284  0.681030  0.272757  0.677580  0.323428  0.628831  0.287705  0.693736  0.705638  0.622099  0.680324  0.751766  0.696518  0.458301  0.458643 
9  0.541118  0.768133  0.836281  0.753102  0.520845  0.772239  0.662549  0.737645  0.697582 0.0  0.723725  0.777095  0.695240  0.320182  0.689856  0.538020  0.514054  0.594382  0.885767  0.789316  0.494754  0.483336  0.434229  0.576625  0.721694  0.494189  0.715218  0.764244  0.750729  0.283131  0.500060  0.282664  0.265041  0.485252  0.330714  0.404885  0.491552  0.336136  0.512710  0.428347  0.518208  0.449923  0.743948  0.347281  0.526814  0.463197  0.328646  0.507623  0.417266  0.514765  0.487544  0.562076  0.791638  0.601523  0.475984  0.547507  0.768617  0.828208  0.788609  0.511749  0.811279  0.777228 
10  0.721414  0.693661  0.725355  0.674283  0.745969  0.790830  0.767362  0.690091  0.660942  0.723725 0.0  0.235011  0.741973  0.689049  0.788670  0.454824  0.811390  0.638587  0.726468  0.777954  0.562291  0.803211  0.732767  0.739592  0.753994  0.771207  0.653117  0.236377  0.701268  0.743262  0.641019  0.596747  0.844267  0.709610  0.562790  0.715134  0.763108  0.710002  0.701969  0.697873  0.721117  0.781879  0.629757  0.720686  0.658774  0.787018  0.784111  0.576289  0.668134  0.748650  0.794351  0.568016  0.697688  0.744465  0.778953  0.683835  0.790782  0.641869  0.416488  0.759753  0.683652  0.700592 
11  0.751675  0.745557  0.718779  0.789913  0.799339  0.766863  0.831384  0.867383  0.807847  0.777095  0.235011 0.0  0.558290  0.827978  0.767639  0.595213  0.836160  0.642092  0.755961  0.763453  0.716576  0.702885  0.879445  0.730246  0.776334  0.755911  0.684338  0.218461  0.736951  0.793934  0.802172  0.775882  0.809603  0.800647  0.719514  0.818419  0.784038  0.780711  0.727465  0.735955  0.779220  0.815286  0.744389  0.775367  0.681748  0.661090  0.763690  0.834639  0.741793  0.720393  0.582452  0.855646  0.757776  0.815329  0.832641  0.806328  0.714785  0.811868  0.397366  0.710505  0.810983  0.750579 
12  0.317746  0.685648  0.439905  0.675154  0.666468  0.623561  0.676739  0.722764  0.342654  0.695240  0.741973  0.558290 0.0  0.549905  0.471525  0.483561  0.306928  0.445711  0.555331  0.650893  0.665441  0.727775  0.737187  0.654966  0.697515  0.631843  0.085311  0.701087  0.355920  0.680572  0.649304  0.575008  0.655532  0.646410  0.711613  0.617193  0.702935  0.694912  0.643758  0.661863  0.604851  0.636407  0.711397  0.656212  0.375007  0.290722  0.714928  0.600484  0.619538  0.337132  0.681319  0.336158  0.433450  0.303713  0.736666  0.586772  0.431661  0.476399  0.657172  0.634176  0.795081  0.623934 
13  0.681948  0.839600  0.885818  0.826126  0.457765  0.820746  0.795852  0.876847  0.764116  0.320182  0.689049  0.827978  0.549905 0.0  0.871171  0.547063  0.754727  0.709560  0.824268  0.893764  0.458759  0.324321  0.437624  0.340278  0.784268  0.235748  0.544183  0.709261  0.821172  0.465088  0.540514  0.125530  0.459937  0.333120  0.310720  0.153570  0.297484  0.183779  0.358238  0.271988  0.350465  0.506348  0.764247  0.240599  0.709122  0.806103  0.334116  0.539794  0.307912  0.733888  0.556878  0.662897  0.767342  0.739725  0.477493  0.345701  0.749401  0.855571  0.717885  0.294312  0.868562  0.872433 
14  0.685652  0.424842  0.164906  0.453692  0.808489  0.464735  0.473497  0.443397  0.801177  0.689856  0.788670  0.767639  0.471525  0.871171 0.0  0.548394  0.751930  0.523145  0.845930  0.819797  0.767674  0.730291  0.822481  0.763554  0.521537  0.694805  0.459163  0.727797  0.806300  0.795360  0.689996  0.772390  0.914744  0.842942  0.627886  0.786092  0.871612  0.820976  0.813698  0.688972  0.809392  0.752624  0.443075  0.817573  0.809006  0.674369  0.744179  0.835022  0.889157  0.760124  0.887726  0.727845  0.120619  0.576427  0.840158  0.744111  0.162089  0.172511  0.751671  0.794301  0.914544  0.804140 
15  0.483315  0.470270  0.462285  0.505375  0.496395  0.562337  0.480036  0.521054  0.501025  0.538020  0.454824  0.595213  0.483561  0.547063  0.548394 0.0  0.489521  0.520405  0.549846  0.538107  0.547688  0.486007  0.618067  0.503270  0.541487  0.535686  0.497701  0.514686  0.480601  0.543172  0.500083  0.580965  0.502487  0.512924  0.542564  0.582350  0.559215  0.497394  0.496433  0.482479  0.534615  0.539500  0.419274  0.561457  0.470648  0.553300  0.561465  0.565996  0.584306  0.520234  0.555219  0.580261  0.545442  0.579185  0.520348  0.539100  0.521863  0.396145  0.626094  0.541216  0.563270  0.568142 
16  0.085311  0.739077  0.779130  0.795011  0.664641  0.885565  0.806233  0.762295  0.342002  0.514054  0.811390  0.836160  0.306928  0.754727  0.751930  0.489521 0.0  0.598500  0.695255  0.698992  0.770088  0.842468  0.685115  0.806141  0.698681  0.791940  0.312611  0.694144  0.442932  0.549549  0.675875  0.641788  0.509331  0.686585  0.686022  0.657132  0.749903  0.741005  0.741844  0.810917  0.755233  0.747760  0.795014  0.715059  0.200779  0.205589  0.683682  0.658156  0.683824  0.215449  0.698495  0.232106  0.729800  0.199237  0.776705  0.835917  0.690722  0.803744  0.702714  0.737707  0.660366  0.799729 
17  0.656632  0.666697  0.423708  0.733193  0.574128  0.702008  0.669978  0.780535  0.698406  0.594382  0.638587  0.642092  0.445711  0.709560  0.523145  0.520405  0.598500 0.0  0.317958  0.350114  0.743807  0.614876  0.688174  0.735019  0.802132  0.638164  0.391916  0.700697  0.709144  0.758854  0.680133  0.629964  0.616182  0.615582  0.621178  0.646604  0.739734  0.661063  0.666856  0.744139  0.710797  0.693446  0.677581  0.667639  0.664687  0.633082  0.511199  0.744382  0.718563  0.728305  0.813628  0.638416  0.462743  0.641022  0.682334  0.623052  0.426659  0.456813  0.698911  0.794287  0.296419  0.322959 
18  0.785699  0.721271  0.804539  0.662029  0.861353  0.715783  0.784343  0.700702  0.473308  0.885767  0.726468  0.755961  0.555331  0.824268  0.845930  0.549846  0.695255  0.317958 0.0  0.118630  1.000000  0.609147  0.768119  0.832308  0.739546  0.927524  0.666002  0.752743  0.772062  0.656385  0.800424  0.781319  0.879966  0.685796  0.648880  0.750647  0.781846  0.673195  0.729481  0.832121  0.773272  0.720224  0.852543  0.751644  0.773985  0.760468  0.793115  0.678591  0.731366  0.828124  0.801186  0.606455  0.865108  0.755885  0.926761  0.850337  0.840853  0.840410  0.675037  0.731497  0.085311  0.110482 
19  0.738928  0.830344  0.784638  0.743890  0.827548  0.700324  0.851949  0.856273  0.388032  0.789316  0.777954  0.763453  0.650893  0.893764  0.819797  0.538107  0.698992  0.350114  0.118630 0.0  0.806533  0.723377  0.885236  0.796892  0.726018  0.714007  0.785882  0.697152  0.806672  0.868720  0.704561  0.755751  0.728367  0.824276  0.613318  0.684082  0.857433  0.851060  0.766722  0.894925  0.774090  0.853206  0.886857  0.745172  0.624171  0.642033  0.694898  0.812320  0.754421  0.721593  0.751173  0.661615  0.761892  0.798650  0.847879  0.706533  0.611809  0.815262  0.655456  0.794812  0.117568  0.119414 
20  0.686631  0.755429  0.801073  0.670349  0.118355  0.769052  0.757698  0.655310  0.571477  0.494754  0.562291  0.716576  0.665441  0.458759  0.767674  0.547688  0.770088  0.743807  1.000000  0.806533 0.0  0.320249  0.159818  0.411404  0.726633  0.393239  0.498064  0.790333  0.635876  0.293367  0.235733  0.546376  0.401414  0.376871  0.288865  0.485722  0.328833  0.510864  0.426983  0.362258  0.432832  0.115346  0.890868  0.310209  0.694369  0.705487  0.266167  0.261960  0.490219  0.796447  0.206191  0.754834  0.897914  0.825607  0.255584  0.416467  0.605413  0.780368  0.819403  0.319820  0.882977  0.924472 
21  0.700411  0.739688  0.812283  0.730283  0.324119  0.816657  0.793731  0.753305  0.710343  0.483336  0.803211  0.702885  0.727775  0.324321  0.730291  0.486007  0.842468  0.614876  0.609147  0.723377  0.320249 0.0  0.314939  0.156356  0.847618  0.159994  0.681111  0.718799  0.707896  0.340387  0.339617  0.314520  0.373041  0.159218  0.304783  0.318973  0.170844  0.285517  0.172788  0.163080  0.143525  0.361389  0.753810  0.523660  0.856116  0.889774  0.470020  0.336349  0.161975  0.718242  0.399699  0.769059  0.968981  0.721844  0.353311  0.153368  0.825244  0.772382  0.787012  0.173362  0.739929  0.719052 
22  0.687312  0.757131  0.741433  0.802055  0.158699  0.697374  0.752972  0.684994  0.617234  0.434229  0.732767  0.879445  0.737187  0.437624  0.822481  0.618067  0.685115  0.688174  0.768119  0.885236  0.159818  0.314939 0.0  0.349480  0.751156  0.372512  0.577117  0.624487  0.611331  0.337747  0.148069  0.408416  0.343127  0.376510  0.359708  0.531144  0.366622  0.540622  0.340341  0.418296  0.364246  0.169774  0.768838  0.314147  0.856742  0.769925  0.265753  0.163740  0.410450  0.806644  0.160998  0.704296  0.796874  0.804634  0.161175  0.317046  0.843872  0.586418  0.865828  0.342487  0.773890  0.764746 
23  0.734583  0.891798  0.721601  0.931803  0.338044  0.749842  0.838227  0.773779  0.679085  0.576625  0.739592  0.730246  0.654966  0.340278  0.763554  0.503270  0.806141  0.735019  0.832308  0.796892  0.411404  0.156356  0.349480 0.0  0.719776  0.154379  0.556189  0.791732  0.666080  0.353680  0.404107  0.329467  0.389237  0.085311  0.323624  0.294431  0.167532  0.281351  0.143587  0.180851  0.217748  0.394717  0.890334  0.471533  0.737909  0.673586  0.523821  0.388480  0.136892  0.822576  0.306258  0.808380  0.781343  0.722414  0.412752  0.221596  0.870911  0.761068  0.743056  0.176448  0.768696  0.739364 
24  0.587390  0.157017  0.460474  0.166180  0.689748  0.172124  0.155097  0.149401  0.747446  0.721694  0.753994  0.776334  0.697515  0.784268  0.521537  0.541487  0.698681  0.802132  0.739546  0.726018  0.726633  0.847618  0.751156  0.719776 0.0  0.734228  0.798949  0.660098  0.499642  0.835982  0.753779  0.735228  0.798848  0.790254  0.646278  0.744301  0.622312  0.713425  0.874835  0.661559  0.817553  0.634442  0.296743  0.765758  0.826753  0.785510  0.650835  0.843728  0.822837  0.644498  0.806624  0.802999  0.460840  0.670049  0.790732  0.675750  0.468347  0.481277  0.711772  0.843404  0.726115  0.855807 
25  0.719243  0.839978  0.701825  0.708190  0.294820  0.855630  0.780929  0.813918  0.601191  0.494189  0.771207  0.755911  0.631843  0.235748  0.694805  0.535686  0.791940  0.638164  0.927524  0.714007  0.393239  0.159994  0.372512  0.154379  0.734228 0.0  0.700158  0.679160  0.846007  0.332691  0.386799  0.296659  0.356099  0.165615  0.306262  0.263557  0.163579  0.319935  0.162782  0.175323  0.178192  0.338575  0.721485  0.479507  0.693337  0.632456  0.447642  0.380273  0.183824  0.634703  0.322237  0.707239  0.699651  0.810707  0.379953  0.171540  0.738554  0.717492  0.809684  0.174948  0.844920  0.726274 
26  0.279966  0.554548  0.440632  0.646396  0.746628  0.584919  0.722864  0.642161  0.282159  0.715218  0.653117  0.684338  0.085311  0.544183  0.459163  0.497701  0.312611  0.391916  0.666002  0.785882  0.498064  0.681111  0.577117  0.556189  0.798949  0.700158 0.0  0.663451  0.326336  0.845527  0.606056  0.658425  0.749324  0.682963  0.646885  0.622127  0.731019  0.679048  0.770651  0.639399  0.650149  0.594925  0.628205  0.683140  0.309670  0.338816  0.660806  0.792344  0.681900  0.347332  0.675389  0.305018  0.415526  0.333261  0.755260  0.727284  0.388037  0.391983  0.736529  0.643561  0.670349  0.687946 
27  0.681396  0.712736  0.715586  0.753265  0.671389  0.699075  0.713364  0.758906  0.643217  0.764244  0.236377  0.218461  0.701087  0.709261  0.727797  0.514686  0.694144  0.700697  0.752743  0.697152  0.790333  0.718799  0.624487  0.791732  0.660098  0.679160  0.663451 0.0  0.736697  0.728265  0.729859  0.726065  0.784091  0.852047  0.713997  0.809741  0.695395  0.775067  0.808049  0.777651  0.780175  0.665785  0.711269  0.813852  0.656844  0.740729  0.667953  0.743634  0.744037  0.757745  0.711363  0.691769  0.658343  0.908569  0.689354  0.723985  0.767211  0.614089  0.462917  0.776635  0.682043  0.812877 
28  0.431636  0.454065  0.662364  0.519831  0.706804  0.506743  0.546651  0.491212  0.321955  0.750729  0.701268  0.736951  0.355920  0.821172  0.806300  0.480601  0.442932  0.709144  0.772062  0.806672  0.635876  0.707896  0.611331  0.666080  0.499642  0.846007  0.326336  0.736697 0.0  0.674407  0.675791  0.822695  0.705780  0.661443  0.686915  0.778664  0.607089  0.725438  0.760429  0.588308  0.767564  0.777393  0.489117  0.738038  0.423930  0.492800  0.722503  0.750076  0.742720  0.437427  0.749627  0.382633  0.844490  0.440908  0.773409  0.772539  0.817181  0.762130  0.751229  0.612415  0.484546  0.758005 
29  0.561624  0.849630  0.875163  0.785652  0.267342  0.729871  0.817559  0.689353  0.736330  0.283131  0.743262  0.793934  0.680572  0.465088  0.795360  0.543172  0.549549  0.758854  0.656385  0.868720  0.293367  0.340387  0.337747  0.353680  0.835982  0.332691  0.845527  0.728265  0.674407 0.0  0.362561  0.507691  0.163278  0.397712  0.346507  0.501910  0.345352  0.442439  0.369886  0.380478  0.321704  0.281675  0.801470  0.488102  0.522347  0.455318  0.441222  0.350139  0.390038  0.456194  0.302127  0.511197  0.667262  0.585072  0.388684  0.330681  0.708257  0.765131  0.804007  0.304141  0.777042  0.690529 
30  0.874072  0.842625  0.766979  0.782905  0.241197  0.810693  0.866743  0.864504  0.677189  0.500060  0.641019  0.802172  0.649304  0.540514  0.689996  0.500083  0.675875  0.680133  0.800424  0.704561  0.235733  0.339617  0.148069  0.404107  0.753779  0.386799  0.606056  0.729859  0.675791  0.362561 0.0  0.561147  0.335616  0.367096  0.303890  0.495970  0.314287  0.439091  0.489087  0.347898  0.304950  0.238696  0.926016  0.389933  0.775289  0.719471  0.287686  0.114748  0.428423  0.747152  0.226045  0.742015  0.790263  0.693561  0.110301  0.343563  0.783074  0.810400  0.810456  0.348887  0.905135  0.846485 
31  0.692592  0.684462  0.746058  0.847879  0.579987  0.717132  0.786638  0.810773  0.669564  0.282664  0.596747  0.775882  0.575008  0.125530  0.772390  0.580965  0.641788  0.629964  0.781319  0.755751  0.546376  0.314520  0.408416  0.329467  0.735228  0.296659  0.658425  0.726065  0.822695  0.507691  0.561147 0.0  0.499924  0.303863  0.344529  0.152172  0.270568  0.163422  0.370098  0.293930  0.323286  0.599130  0.770780  0.350521  0.770299  0.740360  0.296390  0.481708  0.352839  0.814777  0.485109  0.764467  0.908516  0.776477  0.481296  0.330365  0.752634  0.744049  0.757252  0.325678  0.809795  0.783559 
32  0.455587  0.714471  0.804287  0.755004  0.427739  0.753088  0.823231  0.666073  0.563844  0.265041  0.844267  0.809603  0.655532  0.459937  0.914744  0.502487  0.509331  0.616182  0.879966  0.728367  0.401414  0.373041  0.343127  0.389237  0.798848  0.356099  0.749324  0.784091  0.705780  0.163278  0.335616  0.499924 0.0  0.412975  0.302139  0.536690  0.331462  0.559702  0.385997  0.359551  0.315277  0.355566  0.748457  0.553450  0.517852  0.601881  0.532183  0.311669  0.352951  0.527188  0.391018  0.536012  0.720006  0.527322  0.310450  0.353784  0.792212  0.822779  0.730238  0.360739  0.778852  0.801896 
33  0.677916  0.732420  0.629685  0.784617  0.368607  0.776525  0.830351  0.707874  0.690959  0.485252  0.709610  0.800647  0.646410  0.333120  0.842942  0.512924  0.686585  0.615582  0.685796  0.824276  0.376871  0.159218  0.376510  0.085311  0.790254  0.165615  0.682963  0.852047  0.661443  0.397712  0.367096  0.303863  0.412975 0.0  0.318147  0.300985  0.174211  0.310569  0.141659  0.167804  0.212583  0.435048  0.769822  0.524254  0.762339  0.753571  0.507487  0.362897  0.141101  0.708341  0.274353  0.728240  0.781589  0.715430  0.418682  0.216001  0.726992  0.690205  0.708636  0.146696  0.801289  0.778442 
34  0.693270  0.640103  0.662820  0.776915  0.312244  0.674516  0.691782  0.583651  0.767483  0.330714  0.562790  0.719514  0.711613  0.310720  0.627886  0.542564  0.686022  0.621178  0.648880  0.613318  0.288865  0.304783  0.359708  0.323624  0.646278  0.306262  0.646885  0.713997  0.686915  0.346507  0.303890  0.344529  0.302139  0.318147 0.0  0.285295  0.367488  0.307238  0.344317  0.301192  0.285633  0.348220  0.614076  0.277656  0.555163  0.664418  0.295811  0.346776  0.297602  0.703582  0.293785  0.573904  0.729110  0.625844  0.310337  0.256655  0.721828  0.643242  0.579428  0.344099  0.800906  0.753286 
35  0.719459  0.735781  0.769297  0.733027  0.366086  0.841379  0.707804  0.837887  0.752812  0.404885  0.715134  0.818419  0.617193  0.153570  0.786092  0.582350  0.657132  0.646604  0.750647  0.684082  0.485722  0.318973  0.531144  0.294431  0.744301  0.263557  0.622127  0.809741  0.778664  0.501910  0.495970  0.152172  0.536690  0.300985  0.285295 0.0  0.290688  0.085311  0.259724  0.300492  0.284726  0.488408  0.772864  0.330209  0.559900  0.725543  0.337396  0.489985  0.304041  0.822162  0.507781  0.711813  0.633214  0.696468  0.401599  0.279956  0.811831  0.757183  0.870390  0.305568  0.838493  0.693238 
36  0.664762  0.877391  0.802307  0.785190  0.367979  0.699657  0.762887  0.798618  0.615102  0.491552  0.763108  0.784038  0.702935  0.297484  0.871612  0.559215  0.749903  0.739734  0.781846  0.857433  0.328833  0.170844  0.366622  0.167532  0.622312  0.163579  0.731019  0.695395  0.607089  0.345352  0.314287  0.270568  0.331462  0.174211  0.367488  0.290688 0.0  0.321602  0.157300  0.085311  0.163619  0.347988  0.692047  0.498564  0.745877  0.787834  0.506829  0.318642  0.162543  0.623942  0.357824  0.823972  0.786192  0.686469  0.365901  0.162203  0.902502  0.786591  0.633523  0.085311  0.808906  0.842935 
37  0.661105  0.698803  0.857945  0.693130  0.532556  0.746432  0.727808  0.844843  0.654507  0.336136  0.710002  0.780711  0.694912  0.183779  0.820976  0.497394  0.741005  0.661063  0.673195  0.851060  0.510864  0.285517  0.540622  0.281351  0.713425  0.319935  0.679048  0.775067  0.725438  0.442439  0.439091  0.163422  0.559702  0.310569  0.307238  0.085311  0.321602 0.0  0.293352  0.263873  0.266867  0.470806  0.796505  0.304810  0.724496  0.722759  0.263586  0.543443  0.280164  0.742539  0.491549  0.684233  0.820915  0.862925  0.480027  0.306494  0.737179  0.629475  0.724779  0.324825  0.819817  0.752182 
38  0.793681  0.702581  0.875608  0.763214  0.374374  0.753663  0.707313  0.862385  0.689110  0.512710  0.701969  0.727465  0.643758  0.358238  0.813698  0.496433  0.741844  0.666856  0.729481  0.766722  0.426983  0.172788  0.340341  0.143587  0.874835  0.162782  0.770651  0.808049  0.760429  0.369886  0.489087  0.370098  0.385997  0.141659  0.344317  0.259724  0.157300  0.293352 0.0  0.161049  0.203838  0.470470  0.791913  0.502581  0.730814  0.796714  0.549035  0.447027  0.116398  0.717363  0.302758  0.762995  0.761596  0.587559  0.408597  0.222619  0.848532  0.816158  0.783031  0.169632  0.924185  0.840880 
39  0.661317  0.796687  0.784034  0.732575  0.362656  0.798735  0.685982  0.756555  0.711081  0.428347  0.697873  0.735955  0.661863  0.271988  0.688972  0.482479  0.810917  0.744139  0.832121  0.894925  0.362258  0.163080  0.418296  0.180851  0.661559  0.175323  0.639399  0.777651  0.588308  0.380478  0.347898  0.293930  0.359551  0.167804  0.301192  0.300492  0.085311  0.263873  0.161049 0.0  0.169070  0.362632  0.742469  0.524720  0.745685  0.736797  0.474626  0.322008  0.162342  0.737576  0.370576  0.798214  0.705720  0.768149  0.365340  0.175516  0.699090  0.735934  0.799377  0.085311  0.823110  0.716957 
40  0.756179  0.763690  0.791893  0.825850  0.451381  0.673707  0.717445  0.773576  0.620108  0.518208  0.721117  0.779220  0.604851  0.350465  0.809392  0.534615  0.755233  0.710797  0.773272  0.774090  0.432832  0.143525  0.364246  0.217748  0.817553  0.178192  0.650149  0.780175  0.767564  0.321704  0.304950  0.323286  0.315277  0.212583  0.285633  0.284726  0.163619  0.266867  0.203838  0.169070 0.0  0.387773  0.904123  0.575787  0.759003  0.650569  0.498342  0.311244  0.203410  0.734341  0.409570  0.728009  0.794265  0.738394  0.345421  0.212466  0.797252  0.672272  0.634354  0.164463  0.771831  0.730320 
41  0.743028  0.739646  0.694595  0.747384  0.085311  0.854924  0.809758  0.900087  0.633807  0.449923  0.781879  0.815286  0.636407  0.506348  0.752624  0.539500  0.747760  0.693446  0.720224  0.853206  0.115346  0.361389  0.169774  0.394717  0.634442  0.338575  0.594925  0.665785  0.777393  0.281675  0.238696  0.599130  0.355566  0.435048  0.348220  0.488408  0.347988  0.470806  0.470470  0.362632  0.387773 0.0  0.785019  0.354269  0.704621  0.791510  0.263911  0.233687  0.433432  0.800253  0.208310  0.787564  0.727449  0.791725  0.227243  0.392401  0.924003  0.787053  0.680633  0.324567  0.866436  0.808749 
42  0.685621  0.300738  0.542654  0.271829  0.720906  0.312894  0.307453  0.278310  0.620987  0.743948  0.629757  0.744389  0.711397  0.764247  0.443075  0.419274  0.795014  0.677581  0.852543  0.886857  0.890868  0.753810  0.768838  0.890334  0.296743  0.721485  0.628205  0.711269  0.489117  0.801470  0.926016  0.770780  0.748457  0.769822  0.614076  0.772864  0.692047  0.796505  0.791913  0.742469  0.904123  0.785019 0.0  0.916038  0.717358  0.857596  0.811734  0.783965  0.907870  0.804115  0.813613  0.681388  0.476892  0.725345  0.845901  0.886669  0.508384  0.504713  0.792305  0.813252  0.799307  0.758015 
43  0.847307  0.712110  0.784466  0.822739  0.309996  0.700107  0.730966  0.762426  0.723831  0.347281  0.720686  0.775367  0.656212  0.240599  0.817573  0.561457  0.715059  0.667639  0.751644  0.745172  0.310209  0.523660  0.314147  0.471533  0.765758  0.479507  0.683140  0.813852  0.738038  0.488102  0.389933  0.350521  0.553450  0.524254  0.277656  0.330209  0.498564  0.304810  0.502581  0.524720  0.575787  0.354269  0.916038 0.0  0.675956  0.674823  0.160951  0.324420  0.484958  0.738588  0.287525  0.777890  0.917392  0.678464  0.304482  0.538118  0.788811  0.904773  0.728102  0.439188  0.886553  0.806949 
44  0.202658  0.851746  0.745874  0.847186  0.770180  0.791400  0.728958  0.690439  0.322740  0.526814  0.658774  0.681748  0.375007  0.709122  0.809006  0.470648  0.200779  0.664687  0.773985  0.624171  0.694369  0.856116  0.856742  0.737909  0.826753  0.693337  0.309670  0.656844  0.423930  0.522347  0.775289  0.770299  0.517852  0.762339  0.555163  0.559900  0.745877  0.724496  0.730814  0.745685  0.759003  0.704621  0.717358  0.675956 0.0  0.085311  0.724594  0.705275  0.757871  0.206251  0.675948  0.222988  0.807822  0.217894  0.755197  0.687862  0.600174  0.795710  0.766384  0.691403  0.713469  0.743949 
45  0.202686  0.721595  0.730528  0.733005  0.777303  0.773934  0.741752  0.708042  0.306418  0.463197  0.787018  0.661090  0.290722  0.806103  0.674369  0.553300  0.205589  0.633082  0.760468  0.642033  0.705487  0.889774  0.769925  0.673586  0.785510  0.632456  0.338816  0.740729  0.492800  0.455318  0.719471  0.740360  0.601881  0.753571  0.664418  0.725543  0.787834  0.722759  0.796714  0.736797  0.650569  0.791510  0.857596  0.674823  0.085311 0.0  0.702877  0.689182  0.699752  0.242991  0.674864  0.219525  0.617250  0.218692  0.684479  0.847627  0.699037  0.702712  0.694162  0.764764  0.798988  0.724033 
46  0.600673  0.843392  0.779829  0.878694  0.329900  0.766782  0.738546  0.783420  0.701874  0.328646  0.784111  0.763690  0.714928  0.334116  0.744179  0.561465  0.683682  0.511199  0.793115  0.694898  0.266167  0.470020  0.265753  0.523821  0.650835  0.447642  0.660806  0.667953  0.722503  0.441222  0.287686  0.296390  0.532183  0.507487  0.295811  0.337396  0.506829  0.263586  0.549035  0.474626  0.498342  0.263911  0.811734  0.160951  0.724594  0.702877 0.0  0.276355  0.507318  0.777306  0.260934  0.908016  0.821729  0.769539  0.272488  0.417303  0.873668  0.753895  0.781737  0.492184  0.819347  0.700812 
47  0.808470  0.782128  0.727557  0.849476  0.260412  0.760184  0.737369  0.786806  0.633284  0.507623  0.576289  0.834639  0.600484  0.539794  0.835022  0.565996  0.658156  0.744382  0.678591  0.812320  0.261960  0.336349  0.163740  0.388480  0.843728  0.380273  0.792344  0.743634  0.750076  0.350139  0.114748  0.481708  0.311669  0.362897  0.346776  0.489985  0.318642  0.543443  0.447027  0.322008  0.311244  0.233687  0.783965  0.324420  0.705275  0.689182  0.276355 0.0  0.416595  0.761514  0.195709  0.774622  0.661008  0.851465  0.085311  0.427298  0.653528  0.834583  0.619337  0.380844  0.861810  0.799540 
48  0.832745  0.764945  0.783002  0.756126  0.365289  0.856384  0.712651  0.706598  0.681030  0.417266  0.668134  0.741793  0.619538  0.307912  0.889157  0.584306  0.683824  0.718563  0.731366  0.754421  0.490219  0.161975  0.410450  0.136892  0.822837  0.183824  0.681900  0.744037  0.742720  0.390038  0.428423  0.352839  0.352951  0.141101  0.297602  0.304041  0.162543  0.280164  0.116398  0.162342  0.203410  0.433432  0.907870  0.484958  0.757871  0.699752  0.507318  0.416595 0.0  0.669877  0.330614  0.727155  0.632590  0.676922  0.390825  0.208564  0.828005  0.792286  0.734596  0.171246  0.876200  0.736604 
49  0.240415  0.637213  0.705781  0.757103  0.669326  0.799669  0.696588  0.709813  0.272757  0.514765  0.748650  0.720393  0.337132  0.733888  0.760124  0.520234  0.215449  0.728305  0.828124  0.721593  0.796447  0.718242  0.806644  0.822576  0.644498  0.634703  0.347332  0.757745  0.437427  0.456194  0.747152  0.814777  0.527188  0.708341  0.703582  0.822162  0.623942  0.742539  0.717363  0.737576  0.734341  0.800253  0.804115  0.738588  0.206251  0.242991  0.777306  0.761514  0.669877 0.0  0.707471  0.214596  0.772496  0.227007  0.644532  0.796267  0.730926  0.845631  0.747644  0.829618  0.677841  0.629768 
50  0.816827  0.735744  0.728515  0.739200  0.207036  0.834184  0.793446  0.771916  0.677580  0.487544  0.794351  0.582452  0.681319  0.556878  0.887726  0.555219  0.698495  0.813628  0.801186  0.751173  0.206191  0.399699  0.160998  0.306258  0.806624  0.322237  0.675389  0.711363  0.749627  0.302127  0.226045  0.485109  0.391018  0.274353  0.293785  0.507781  0.357824  0.491549  0.302758  0.370576  0.409570  0.208310  0.813613  0.287525  0.675948  0.674864  0.260934  0.195709  0.330614  0.707471 0.0  0.765085  0.737378  0.765131  0.239369  0.361028  0.809596  0.917623  0.709603  0.353843  0.749193  0.785681 
51  0.220364  0.753178  0.702041  0.676258  0.879329  0.765521  0.842533  0.703357  0.323428  0.562076  0.568016  0.855646  0.336158  0.662897  0.727845  0.580261  0.232106  0.638416  0.606455  0.661615  0.754834  0.769059  0.704296  0.808380  0.802999  0.707239  0.305018  0.691769  0.382633  0.511197  0.742015  0.764467  0.536012  0.728240  0.573904  0.711813  0.823972  0.684233  0.762995  0.798214  0.728009  0.787564  0.681388  0.777890  0.222988  0.219525  0.908016  0.774622  0.727155  0.214596  0.765085 0.0  0.755334  0.222911  0.767412  0.723277  0.758178  0.634771  0.660040  0.729932  0.732258  0.788693 
52  0.684844  0.474503  0.166072  0.426888  0.835540  0.500087  0.429385  0.462706  0.628831  0.791638  0.697688  0.757776  0.433450  0.767342  0.120619  0.545442  0.729800  0.462743  0.865108  0.761892  0.897914  0.968981  0.796874  0.781343  0.460840  0.699651  0.415526  0.658343  0.844490  0.667262  0.790263  0.908516  0.720006  0.781589  0.729110  0.633214  0.786192  0.820915  0.761596  0.705720  0.794265  0.727449  0.476892  0.917392  0.807822  0.617250  0.821729  0.661008  0.632590  0.772496  0.737378  0.755334 0.0  0.667730  0.736507  0.623663  0.159764  0.156022  0.692408  0.669313  0.751420  0.914545 
53  0.231765  0.722967  0.614496  0.669241  0.771817  0.779865  0.718489  0.804982  0.287705  0.601523  0.744465  0.815329  0.303713  0.739725  0.576427  0.579185  0.199237  0.641022  0.755885  0.798650  0.825607  0.721844  0.804634  0.722414  0.670049  0.810707  0.333261  0.908569  0.440908  0.585072  0.693561  0.776477  0.527322  0.715430  0.625844  0.696468  0.686469  0.862925  0.587559  0.768149  0.738394  0.791725  0.725345  0.678464  0.217894  0.218692  0.769539  0.851465  0.676922  0.227007  0.765131  0.222911  0.667730 0.0  0.776487  0.826711  0.751668  0.802011  0.757476  0.632765  0.784770  0.702695 
54  0.784953  0.724400  0.830177  0.904759  0.241035  0.743560  0.738975  0.755886  0.693736  0.475984  0.778953  0.832641  0.736666  0.477493  0.840158  0.520348  0.776705  0.682334  0.926761  0.847879  0.255584  0.353311  0.161175  0.412752  0.790732  0.379953  0.755260  0.689354  0.773409  0.388684  0.110301  0.481296  0.310450  0.418682  0.310337  0.401599  0.365901  0.480027  0.408597  0.365340  0.345421  0.227243  0.845901  0.304482  0.755197  0.684479  0.272488  0.085311  0.390825  0.644532  0.239369  0.767412  0.736507  0.776487 0.0  0.406983  0.846206  0.829744  0.701814  0.335695  0.696338  0.756436 
55  0.711470  0.727320  0.761474  0.721007  0.388311  0.706484  0.697406  0.873371  0.705638  0.547507  0.683835  0.806328  0.586772  0.345701  0.744111  0.539100  0.835917  0.623052  0.850337  0.706533  0.416467  0.153368  0.317046  0.221596  0.675750  0.171540  0.727284  0.723985  0.772539  0.330681  0.343563  0.330365  0.353784  0.216001  0.256655  0.279956  0.162203  0.306494  0.222619  0.175516  0.212466  0.392401  0.886669  0.538118  0.687862  0.847627  0.417303  0.427298  0.208564  0.796267  0.361028  0.723277  0.623663  0.826711  0.406983 0.0  0.764629  0.741686  0.723096  0.170712  0.799875  0.882744 
56  0.777324  0.545886  0.165960  0.479509  0.747612  0.506625  0.369134  0.526014  0.622099  0.768617  0.790782  0.714785  0.431661  0.749401  0.162089  0.521863  0.690722  0.426659  0.840853  0.611809  0.605413  0.825244  0.843872  0.870911  0.468347  0.738554  0.388037  0.767211  0.817181  0.708257  0.783074  0.752634  0.792212  0.726992  0.721828  0.811831  0.902502  0.737179  0.848532  0.699090  0.797252  0.924003  0.508384  0.788811  0.600174  0.699037  0.873668  0.653528  0.828005  0.730926  0.809596  0.758178  0.159764  0.751668  0.846206  0.764629 0.0  0.085311  0.708177  0.662804  0.766328  0.731469 
57  0.763833  0.446770  0.164996  0.498552  0.684664  0.492534  0.459921  0.491951  0.680324  0.828208  0.641869  0.811868  0.476399  0.855571  0.172511  0.396145  0.803744  0.456813  0.840410  0.815262  0.780368  0.772382  0.586418  0.761068  0.481277  0.717492  0.391983  0.614089  0.762130  0.765131  0.810400  0.744049  0.822779  0.690205  0.643242  0.757183  0.786591  0.629475  0.816158  0.735934  0.672272  0.787053  0.504713  0.904773  0.795710  0.702712  0.753895  0.834583  0.792286  0.845631  0.917623  0.634771  0.156022  0.802011  0.829744  0.741686  0.085311 0.0  0.742129  0.680709  0.865743  0.631605 
58  0.592643  0.662564  0.826155  0.754726  0.769421  0.669834  0.647400  0.795046  0.751766  0.788609  0.416488  0.397366  0.657172  0.717885  0.751671  0.626094  0.702714  0.698911  0.675037  0.655456  0.819403  0.787012  0.865828  0.743056  0.711772  0.809684  0.736529  0.462917  0.751229  0.804007  0.810456  0.757252  0.730238  0.708636  0.579428  0.870390  0.633523  0.724779  0.783031  0.799377  0.634354  0.680633  0.792305  0.728102  0.766384  0.694162  0.781737  0.619337  0.734596  0.747644  0.709603  0.660040  0.692408  0.757476  0.701814  0.723096  0.708177  0.742129 0.0  0.777539  0.759698  0.735245 
59  0.645714  0.835063  0.742710  0.853218  0.376144  0.785883  0.757057  0.749388  0.696518  0.511749  0.759753  0.710505  0.634176  0.294312  0.794301  0.541216  0.737707  0.794287  0.731497  0.794812  0.319820  0.173362  0.342487  0.176448  0.843404  0.174948  0.643561  0.776635  0.612415  0.304141  0.348887  0.325678  0.360739  0.146696  0.344099  0.305568  0.085311  0.324825  0.169632  0.085311  0.164463  0.324567  0.813252  0.439188  0.691403  0.764764  0.492184  0.380844  0.171246  0.829618  0.353843  0.729932  0.669313  0.632765  0.335695  0.170712  0.662804  0.680709  0.777539 0.0  0.764605  0.714895 
60  0.747591  0.808492  0.801108  0.774408  0.711588  0.905377  0.809082  0.832888  0.458301  0.811279  0.683652  0.810983  0.795081  0.868562  0.914544  0.563270  0.660366  0.296419  0.085311  0.117568  0.882977  0.739929  0.773890  0.768696  0.726115  0.844920  0.670349  0.682043  0.484546  0.777042  0.905135  0.809795  0.778852  0.801289  0.800906  0.838493  0.808906  0.819817  0.924185  0.823110  0.771831  0.866436  0.799307  0.886553  0.713469  0.798988  0.819347  0.861810  0.876200  0.677841  0.749193  0.732258  0.751420  0.784770  0.696338  0.799875  0.766328  0.865743  0.759698  0.764605 0.0  0.105120 
61  0.733846  0.702158  0.905493  0.878704  0.934051  0.637103  0.716893  0.813373  0.458643  0.777228  0.700592  0.750579  0.623934  0.872433  0.804140  0.568142  0.799729  0.322959  0.110482  0.119414  0.924472  0.719052  0.764746  0.739364  0.855807  0.726274  0.687946  0.812877  0.758005  0.690529  0.846485  0.783559  0.801896  0.778442  0.753286  0.693238  0.842935  0.752182  0.840880  0.716957  0.730320  0.808749  0.758015  0.806949  0.743949  0.724033  0.700812  0.799540  0.736604  0.629768  0.785681  0.788693  0.914545  0.702695  0.756436  0.882744  0.731469  0.631605  0.735245  0.714895  0.105120 0.0 
