62
0 0.0  0.734704  0.877974  0.768701  0.808590  0.742776  0.717570  0.835633  0.285143  0.462493  0.747343  0.757538  0.366429  0.749790  0.864069  0.566678  0.077090  0.643968  0.793456  0.807121  0.767130  0.802226  0.749867  0.801493  0.720424  0.762979  0.404097  0.844989  0.489506  0.453493  0.703616  0.824195  0.525288  0.814294  0.698998  0.781823  0.797273  0.780048  0.780200  0.728838  0.800205  0.810802  0.805636  0.774805  0.192720  0.212887  0.716472  0.667856  0.777044  0.220318  0.828363  0.173528  0.734984  0.238687  0.832684  0.863349  0.782912  0.811925  0.916642  0.842411  0.804926  0.673234 
1  0.734704 0.0  0.535559  0.077090  0.838401  0.121161  0.077090  0.077090  0.744015  0.762465  0.774398  0.771379  0.694147  0.776885  0.613466  0.599692  0.783110  0.676051  0.871459  0.789940  0.819559  0.806523  0.792558  0.878586  0.212913  0.759098  0.734635  0.878001  0.615600  0.796168  0.853576  0.783870  0.813628  0.831087  0.665098  0.819078  0.958409  0.811640  0.795299  0.784740  0.855474  0.864315  0.280327  0.842466  0.750274  0.825915  0.820977  0.776595  0.859538  0.688425  0.981659  0.843509  0.551675  0.836264  0.877153  0.773654  0.542216  0.666763  0.715201  0.846945  0.713457  0.703424 
2  0.877974  0.535559 0.0  0.616987  0.745120  0.545032  0.530256  0.559573  0.745512  0.810350  0.804088  0.875516  0.372620  0.814209  0.165243  0.458935  0.782401  0.515159  0.882105  0.929969  0.855892  0.881204  0.852615  0.825278  0.468625  0.803969  0.501760  0.800473  0.831253  0.835593  0.790125  0.886416  0.862847  0.879909  0.715726  0.882836  0.836815  0.785113  0.893991  0.941759  0.803859  0.930364  0.612441  0.833932  0.824833  0.802391  0.805355  0.827406  0.778965  0.767291  0.813635  0.787848  0.225267  0.801437  0.831568  0.854839  0.151386  0.161738  0.751347  0.825408  0.905759  0.832845 
3  0.768701  0.077090  0.616987 0.0  0.847611  0.087880  0.144458  0.077090  0.764819  0.830686  0.867784  0.805219  0.636140  0.782567  0.459283  0.508304  0.824777  0.700941  0.781586  0.874939  0.857105  0.925593  0.850514  0.788809  0.143251  0.833635  0.816424  0.776395  0.569398  0.782009  0.755083  0.896439  0.914373  0.754670  0.709470  0.802106  0.764055  0.815633  0.949612  0.803825  0.920359  0.770739  0.348578  0.814730  0.856338  0.852229  0.905312  0.821760  0.845843  0.687258  0.891478  0.631569  0.552304  0.828351  0.806054  0.771820  0.552159  0.564424  0.745432  0.853488  0.793217  0.813501 
4  0.808590  0.838401  0.745120  0.847611 0.0  0.784468  0.808424  0.881260  0.785223  0.548065  0.739173  0.852696  0.634237  0.511229  0.794444  0.590543  0.800585  0.711686  0.908169  0.897897  0.079352  0.436935  0.216559  0.464150  0.792010  0.334095  0.721284  0.812657  0.814101  0.262860  0.318668  0.659987  0.440434  0.448814  0.348346  0.601287  0.272071  0.519743  0.441439  0.307153  0.345573  0.092554  0.894404  0.373292  0.785397  0.721289  0.325964  0.398488  0.509574  0.766880  0.243611  0.748977  0.892549  0.806821  0.327380  0.433302  0.772909  0.838422  0.749979  0.377326  0.863545  0.820750 
5  0.742776  0.121161  0.545032  0.087880  0.784468 0.0  0.077090  0.103808  0.670805  0.821940  0.822945  0.673142  0.789595  0.815659  0.500627  0.461012  0.780982  0.603932  0.923833  0.850737  0.845291  0.866670  0.861354  0.796537  0.142209  0.851893  0.617203  0.754633  0.543525  0.917907  0.782285  0.822283  0.879573  0.863715  0.701619  0.823845  0.791404  0.739169  0.839265  0.814588  0.722452  0.827202  0.324839  0.778807  0.754020  0.763199  0.784598  0.824667  0.826786  0.763158  0.882066  0.781405  0.532868  0.795705  0.817671  0.926854  0.493136  0.492141  0.767994  0.832228  0.737831  0.849783 
6  0.717570  0.077090  0.530256  0.144458  0.808424  0.077090 0.0  0.077090  0.750336  0.815157  0.758959  0.845625  0.677662  0.848397  0.548745  0.498489  0.813657  0.801128  0.852338  0.842952  0.845150  0.853503  0.827350  0.783503  0.077090  0.832304  0.720885  0.763453  0.550412  0.850257  0.802370  0.782312  0.938445  0.796549  0.753029  0.787037  0.821950  0.806991  0.835385  0.757666  0.796570  0.821138  0.318889  0.837439  0.803636  0.809110  0.894918  0.910114  0.798263  0.723689  0.816739  0.775594  0.584191  0.835427  0.781589  0.775485  0.542825  0.442679  0.786737  0.864824  0.809246  0.850621 
7  0.835633  0.077090  0.559573  0.077090  0.881260  0.103808  0.077090 0.0  0.642283  0.710777  0.691504  0.770915  0.802187  0.861029  0.543095  0.520916  0.797057  0.705511  0.829650  0.806525  0.781135  0.861052  0.887117  0.855233  0.239623  0.913515  0.678276  0.779337  0.427518  0.877663  0.760369  0.818091  0.816618  0.884653  0.672900  0.914714  0.810273  0.855444  0.937744  0.842592  0.824562  0.782444  0.317513  0.888608  0.656631  0.817003  0.767921  0.802483  0.827741  0.749085  0.760250  0.757140  0.429070  0.847910  0.789365  0.858887  0.517939  0.559953  0.801090  0.742298  0.858422  0.829420 
8  0.285143  0.744015  0.745512  0.764819  0.785223  0.670805  0.750336  0.642283 0.0  0.697763  0.795174  0.710441  0.378168  0.714640  0.717349  0.567706  0.340626  0.714547  0.388373  0.506133  0.763062  0.709614  0.758492  0.761664  0.779760  0.806887  0.369125  0.755633  0.340094  0.744438  0.710679  0.713074  0.652089  0.637134  0.690253  0.765913  0.708663  0.708306  0.679735  0.655025  0.711778  0.661753  0.651527  0.644818  0.335111  0.318059  0.605571  0.663886  0.714196  0.297898  0.744589  0.370903  0.727807  0.321053  0.841474  0.703065  0.736067  0.783645  0.673926  0.820177  0.418968  0.400968 
9  0.462493  0.762465  0.810350  0.830686  0.548065  0.821940  0.815157  0.710777  0.697763 0.0  0.847961  0.773621  0.735601  0.379301  0.860755  0.561404  0.560870  0.632319  0.827189  0.853512  0.571714  0.501457  0.506871  0.654907  0.776970  0.490793  0.741866  0.683755  0.744564  0.309284  0.556120  0.431750  0.411556  0.591511  0.406632  0.417362  0.667421  0.464158  0.525891  0.548672  0.617884  0.531015  0.876207  0.414987  0.573842  0.559134  0.473269  0.628499  0.538158  0.445714  0.555372  0.472145  0.846878  0.520713  0.561435  0.565331  0.828437  0.799847  0.819343  0.397551  0.869633  0.922795 
10  0.747343  0.774398  0.804088  0.867784  0.739173  0.822945  0.758959  0.691504  0.795174  0.847961 0.0  0.239394  0.614068  0.667901  0.788637  0.528920  0.743588  0.678912  0.816953  0.768132  0.851623  0.817953  0.736068  0.765776  0.860505  0.709992  0.663775  0.302978  0.710392  0.664570  0.752115  0.800316  0.779080  0.806202  0.575164  0.733660  0.815412  0.738524  0.714959  0.753753  0.862376  0.768174  0.752029  0.799204  0.785112  0.858124  0.735520  0.715067  0.838154  0.744109  0.790017  0.788489  0.739894  0.753085  0.674282  0.719302  0.857142  0.780464  0.483827  0.731558  0.724729  0.785743 
11  0.757538  0.771379  0.875516  0.805219  0.852696  0.673142  0.845625  0.770915  0.710441  0.773621  0.239394 0.0  0.665212  0.827309  0.799066  0.540136  0.747216  0.522814  0.826113  0.756311  0.759051  0.865557  0.820876  0.897884  0.704651  0.803969  0.689907  0.211797  0.808996  0.833427  0.872722  0.711264  0.708816  0.810049  0.642344  0.727860  0.891523  0.817463  0.865374  0.798125  0.849038  0.872825  0.768695  0.817194  0.771737  0.778764  0.858058  0.701356  0.843271  0.786737  0.828814  0.780090  0.796297  0.837454  0.782948  0.834483  0.731744  0.738602  0.497316  0.825495  0.824853  0.816966 
12  0.366429  0.694147  0.372620  0.636140  0.634237  0.789595  0.677662  0.802187  0.378168  0.735601  0.614068  0.665212 0.0  0.715603  0.462527  0.589371  0.437192  0.462975  0.671514  0.740601  0.752302  0.764193  0.693749  0.733590  0.724067  0.676849  0.077090  0.677128  0.372149  0.793298  0.693934  0.686229  0.651648  0.839131  0.652487  0.638416  0.780837  0.761178  0.729553  0.734385  0.717548  0.708583  0.645086  0.653937  0.375474  0.339095  0.853464  0.642254  0.709111  0.404266  0.678963  0.238772  0.531623  0.410483  0.681160  0.722405  0.332587  0.508678  0.646730  0.720257  0.647704  0.758582 
13  0.749790  0.776885  0.814209  0.782567  0.511229  0.815659  0.848397  0.861029  0.714640  0.379301  0.667901  0.827309  0.715603 0.0  0.882760  0.484622  0.870673  0.772814  0.779063  0.757978  0.580951  0.374992  0.511062  0.391916  0.773155  0.394039  0.738588  0.777651  0.694937  0.505162  0.636642  0.195269  0.559428  0.373820  0.420849  0.167633  0.336710  0.093427  0.491617  0.347166  0.372750  0.542510  0.873968  0.293926  0.782190  0.867857  0.343329  0.609139  0.312778  0.850400  0.578272  0.753316  0.886785  0.782019  0.581455  0.389074  0.825449  0.814544  0.714706  0.335042  0.914988  0.834034 
14  0.864069  0.613466  0.165243  0.459283  0.794444  0.500627  0.548745  0.543095  0.717349  0.860755  0.788637  0.799066  0.462527  0.882760 0.0  0.568195  0.791713  0.449593  0.867151  0.863595  0.878055  0.848910  0.745350  0.789562  0.594275  0.916786  0.488269  0.637679  0.788238  0.884299  0.895691  0.914107  0.887775  0.867127  0.698381  0.764086  0.884716  0.771993  0.858206  0.789503  0.925348  0.896091  0.579908  0.803554  0.701938  0.879358  0.853707  1.000000  0.856396  0.754193  0.841222  0.844206  0.145758  0.758919  0.867017  0.889765  0.186075  0.153965  0.886136  0.816037  0.851081  0.879877 
15  0.566678  0.599692  0.458935  0.508304  0.590543  0.461012  0.498489  0.520916  0.567706  0.561404  0.528920  0.540136  0.589371  0.484622  0.568195 0.0  0.518742  0.529273  0.572842  0.524904  0.549449  0.643098  0.582538  0.566055  0.483638  0.500479  0.430391  0.601853  0.638845  0.536350  0.436484  0.554785  0.595653  0.564226  0.559475  0.535509  0.616973  0.609898  0.601915  0.622423  0.664977  0.557150  0.676932  0.543453  0.563401  0.563955  0.486354  0.610026  0.557789  0.565567  0.513065  0.598722  0.519340  0.533963  0.514423  0.558512  0.612130  0.489929  0.525954  0.557668  0.535440  0.567876 
16  0.077090  0.783110  0.782401  0.824777  0.800585  0.780982  0.813657  0.797057  0.340626  0.560870  0.743588  0.747216  0.437192  0.870673  0.791713  0.518742 0.0  0.667683  0.817628  0.801780  0.809366  0.813661  0.702285  0.807571  0.784053  0.790161  0.351229  0.731842  0.451251  0.554857  0.777934  0.741924  0.602223  0.748205  0.717326  0.855758  0.774805  0.809559  0.750392  0.761106  0.714668  0.766271  0.711243  0.817357  0.245168  0.160723  0.715303  0.743572  0.701220  0.328693  0.734042  0.213122  0.973581  0.168226  0.740806  0.864503  0.808721  0.718711  0.787551  0.727795  0.769673  0.765411 
17  0.643968  0.676051  0.515159  0.700941  0.711686  0.603932  0.801128  0.705511  0.714547  0.632319  0.678912  0.522814  0.462975  0.772814  0.449593  0.529273  0.667683 0.0  0.265049  0.245066  0.716954  0.778407  0.764889  0.797867  0.750388  0.739685  0.379610  0.748239  0.696505  0.707412  0.674195  0.735618  0.657436  0.774066  0.669155  0.705414  0.744697  0.781617  0.641349  0.675943  0.687270  0.811305  0.756305  0.748426  0.674100  0.651774  0.733123  0.813737  0.665041  0.734514  0.624894  0.732313  0.404070  0.816352  0.654547  0.779872  0.422405  0.406460  0.795197  0.591613  0.258192  0.413877 
18  0.793456  0.871459  0.882105  0.781586  0.908169  0.923833  0.852338  0.829650  0.388373  0.827189  0.816953  0.826113  0.671514  0.779063  0.867151  0.572842  0.817628  0.265049 0.0  0.077090  0.895716  0.892485  0.824040  0.902230  0.902762  0.762307  0.644971  0.689978  0.760142  0.870399  0.905613  0.905935  0.751977  0.851345  0.661856  0.789358  0.886561  0.806166  0.811313  0.838455  0.805655  0.802038  0.928672  0.865756  0.842305  0.831570  0.915575  0.863158  0.893908  0.747553  0.936496  0.789646  0.821756  0.668765  0.891251  0.830016  0.777415  0.817272  0.784151  0.839944  0.183952  0.077090 
19  0.807121  0.789940  0.929969  0.874939  0.897897  0.850737  0.842952  0.806525  0.506133  0.853512  0.768132  0.756311  0.740601  0.757978  0.863595  0.524904  0.801780  0.245066  0.077090 0.0  0.815607  0.869328  0.866991  0.717775  0.875612  0.842385  0.778611  0.762130  0.891518  0.838984  0.869389  0.846816  0.860024  0.870130  0.757818  0.844609  0.906369  0.778830  0.897320  0.743187  0.801846  0.825343  0.887075  0.756517  0.754225  0.711452  0.739544  0.881465  0.832123  0.794286  0.854234  0.755320  0.888744  0.751667  0.745819  0.906773  0.767199  0.798522  0.835419  0.732756  0.163820  0.159832 
20  0.767130  0.819559  0.855892  0.857105  0.079352  0.845291  0.845150  0.781135  0.763062  0.571714  0.851623  0.759051  0.752302  0.580951  0.878055  0.549449  0.809366  0.716954  0.895716  0.815607 0.0  0.456743  0.167772  0.546620  0.866129  0.361969  0.682482  0.791066  0.752966  0.281754  0.233320  0.528134  0.583895  0.530998  0.353367  0.547799  0.415374  0.519011  0.469606  0.350602  0.415771  0.141197  0.854916  0.384265  0.837252  0.864350  0.258267  0.271570  0.436055  0.825410  0.254459  0.760184  0.868137  0.759210  0.212139  0.356635  0.888641  0.825574  0.741737  0.427809  0.868942  0.925869 
21  0.802226  0.806523  0.881204  0.925593  0.436935  0.866670  0.853503  0.861052  0.709614  0.501457  0.817953  0.865557  0.764193  0.374992  0.848910  0.643098  0.813661  0.778407  0.892485  0.869328  0.456743 0.0  0.459824  0.205013  0.756882  0.210626  0.694575  0.800710  0.829424  0.433133  0.345615  0.397851  0.378464  0.240240  0.382885  0.297494  0.262856  0.328502  0.246522  0.259204  0.143873  0.355877  0.851286  0.492695  0.821646  0.770839  0.534045  0.385202  0.178371  0.737346  0.479803  0.750566  0.868957  0.841337  0.318517  0.180079  0.753674  0.792739  0.741718  0.127881  0.732513  0.861495 
22  0.749867  0.792558  0.852615  0.850514  0.216559  0.861354  0.827350  0.887117  0.758492  0.506871  0.736068  0.820876  0.693749  0.511062  0.745350  0.582538  0.702285  0.764889  0.824040  0.866991  0.167772  0.459824 0.0  0.450495  0.882370  0.330824  0.720342  0.686463  0.824785  0.400204  0.178927  0.565309  0.422053  0.399410  0.385708  0.510183  0.456762  0.502428  0.302438  0.345978  0.466032  0.202686  0.799919  0.348974  0.775172  0.870702  0.347714  0.186821  0.407216  0.780648  0.077090  0.845179  0.856264  0.780354  0.181630  0.265798  0.807499  0.750361  0.778675  0.292446  0.742566  0.901186 
23  0.801493  0.878586  0.825278  0.788809  0.464150  0.796537  0.783503  0.855233  0.761664  0.654907  0.765776  0.897884  0.733590  0.391916  0.789562  0.566055  0.807571  0.797867  0.902230  0.717775  0.546620  0.205013  0.450495 0.0  0.737446  0.205499  0.641459  0.747829  0.770642  0.374317  0.378857  0.381811  0.370937  0.089128  0.276751  0.348742  0.237913  0.335641  0.095663  0.159218  0.250023  0.459092  0.799232  0.579310  0.775053  0.787859  0.485353  0.380438  0.147585  0.754530  0.401554  0.763996  0.865936  0.758979  0.503617  0.245558  0.804616  0.789524  0.825502  0.241866  0.827511  0.809746 
24  0.720424  0.212913  0.468625  0.143251  0.792010  0.142209  0.077090  0.239623  0.779760  0.776970  0.860505  0.704651  0.724067  0.773155  0.594275  0.483638  0.784053  0.750388  0.902762  0.875612  0.866129  0.756882  0.882370  0.737446 0.0  0.849474  0.735024  0.729598  0.550116  0.856168  0.894723  0.830911  0.841944  0.891689  0.656146  0.834831  0.790151  0.824025  0.953164  0.729633  0.816980  0.851797  0.316511  0.849596  0.848531  0.726642  0.777621  0.799333  0.768709  0.731531  0.798457  0.790549  0.535003  0.814953  0.834769  0.841623  0.582559  0.395176  0.776924  0.907532  0.823582  0.815533 
25  0.762979  0.759098  0.803969  0.833635  0.334095  0.851893  0.832304  0.913515  0.806887  0.490793  0.709992  0.803969  0.676849  0.394039  0.916786  0.500479  0.790161  0.739685  0.762307  0.842385  0.361969  0.210626  0.330824  0.205499  0.849474 0.0  0.749111  0.730840  0.751297  0.323171  0.366992  0.372840  0.393656  0.157467  0.349274  0.276224  0.298329  0.404685  0.123861  0.216501  0.170290  0.410315  0.743774  0.609594  0.754613  0.711200  0.512955  0.364698  0.118868  0.651054  0.312649  0.787421  0.765351  0.758099  0.439979  0.176204  0.876592  0.812143  0.870882  0.153204  0.851767  0.946243 
26  0.404097  0.734635  0.501760  0.816424  0.721284  0.617203  0.720885  0.678276  0.369125  0.741866  0.663775  0.689907  0.077090  0.738588  0.488269  0.430391  0.351229  0.379610  0.644971  0.778611  0.682482  0.694575  0.720342  0.641459  0.735024  0.749111 0.0  0.694119  0.423840  0.797555  0.721360  0.735690  0.807511  0.667517  0.669766  0.864612  0.677522  0.605144  0.702391  0.724051  0.637980  0.667190  0.723532  0.669587  0.354952  0.336269  0.679159  0.751174  0.749466  0.333384  0.725936  0.361322  0.421213  0.261662  0.665048  0.677280  0.391748  0.342785  0.758334  0.712978  0.686633  0.671083 
27  0.844989  0.878001  0.800473  0.776395  0.812657  0.754633  0.763453  0.779337  0.755633  0.683755  0.302978  0.211797  0.677128  0.777651  0.637679  0.601853  0.731842  0.748239  0.689978  0.762130  0.791066  0.800710  0.686463  0.747829  0.729598  0.730840  0.694119 0.0  0.833867  0.776555  0.798935  0.823266  0.722829  0.832080  0.812911  0.777562  0.815267  0.759614  0.832025  0.764959  0.811837  0.759140  0.778276  0.855422  0.750259  0.783061  0.846176  0.795794  0.773959  0.761841  0.783752  0.773300  0.812425  0.822094  0.771503  0.709468  0.692991  0.874677  0.394734  0.806346  0.794977  0.837555 
28  0.489506  0.615600  0.831253  0.569398  0.814101  0.543525  0.550412  0.427518  0.340094  0.744564  0.710392  0.808996  0.372149  0.694937  0.788238  0.638845  0.451251  0.696505  0.760142  0.891518  0.752966  0.829424  0.824785  0.770642  0.550116  0.751297  0.423840  0.833867 0.0  0.779469  0.812040  0.789692  0.718382  0.685607  0.784408  0.835622  0.736685  0.743184  0.851769  0.813896  0.739056  0.770191  0.550807  0.814993  0.455057  0.434105  0.813683  0.740258  0.813725  0.491754  0.801656  0.485413  0.748701  0.498497  0.831782  0.700355  0.816446  0.716675  0.815114  0.764531  0.827364  0.772393 
29  0.453493  0.796168  0.835593  0.782009  0.262860  0.917907  0.850257  0.877663  0.744438  0.309284  0.664570  0.833427  0.793298  0.505162  0.884299  0.536350  0.554857  0.707412  0.870399  0.838984  0.281754  0.433133  0.400204  0.374317  0.856168  0.323171  0.797555  0.776555  0.779469 0.0  0.432164  0.569607  0.142956  0.449393  0.332816  0.527641  0.344820  0.524941  0.264354  0.432886  0.371299  0.233906  0.821336  0.504026  0.534587  0.601527  0.513551  0.344143  0.415490  0.637020  0.354357  0.569281  0.892042  0.461507  0.427452  0.328911  0.833080  0.930560  0.824722  0.424199  0.808132  0.831137 
30  0.703616  0.853576  0.790125  0.755083  0.318668  0.782285  0.802370  0.760369  0.710679  0.556120  0.752115  0.872722  0.693934  0.636642  0.895691  0.436484  0.777934  0.674195  0.905613  0.869389  0.233320  0.345615  0.178927  0.378857  0.894723  0.366992  0.721360  0.798935  0.812040  0.432164 0.0  0.528596  0.380233  0.399574  0.265407  0.540171  0.375259  0.476568  0.449436  0.413301  0.386160  0.349400  0.871221  0.369680  0.774792  0.719173  0.243594  0.077090  0.530587  0.695301  0.299730  0.737171  0.824771  0.771448  0.213167  0.381055  0.931220  0.858372  0.827157  0.377204  0.923537  0.847742 
31  0.824195  0.783870  0.886416  0.896439  0.659987  0.822283  0.782312  0.818091  0.713074  0.431750  0.800316  0.711264  0.686229  0.195269  0.914107  0.554785  0.741924  0.735618  0.905935  0.846816  0.528134  0.397851  0.565309  0.381811  0.830911  0.372840  0.735690  0.823266  0.789692  0.569607  0.528596 0.0  0.547482  0.344669  0.290867  0.208913  0.307907  0.077090  0.496813  0.415073  0.356206  0.640063  0.917630  0.360726  0.797407  0.837241  0.453038  0.607630  0.378964  0.878304  0.502619  0.764719  0.933240  0.754867  0.700147  0.336964  0.859618  0.812019  0.850996  0.282189  0.959815  0.795183 
32  0.525288  0.813628  0.862847  0.914373  0.440434  0.879573  0.938445  0.816618  0.652089  0.411556  0.779080  0.708816  0.651648  0.559428  0.887775  0.595653  0.602223  0.657436  0.751977  0.860024  0.583895  0.378464  0.422053  0.370937  0.841944  0.393656  0.807511  0.722829  0.718382  0.142956  0.380233  0.547482 0.0  0.506456  0.359268  0.464687  0.423148  0.584905  0.436928  0.336095  0.295377  0.478360  0.821574  0.594843  0.568491  0.601998  0.504203  0.315085  0.560590  0.561921  0.448542  0.551746  0.850248  0.642901  0.457657  0.466144  0.852971  0.892335  0.868155  0.423368  0.771134  0.831571 
33  0.814294  0.831087  0.879909  0.754670  0.448814  0.863715  0.796549  0.884653  0.637134  0.591511  0.806202  0.810049  0.839131  0.373820  0.867127  0.564226  0.748205  0.774066  0.851345  0.870130  0.530998  0.240240  0.399410  0.089128  0.891689  0.157467  0.667517  0.832080  0.685607  0.449393  0.399574  0.344669  0.506456 0.0  0.363049  0.423879  0.224829  0.341244  0.095242  0.084020  0.224831  0.473667  0.871181  0.515301  0.757719  0.721368  0.451381  0.441078  0.249354  0.819368  0.415086  0.753454  0.823077  0.804796  0.502664  0.204451  0.761615  0.875241  0.767741  0.206065  0.872620  0.852092 
34  0.698998  0.665098  0.715726  0.709470  0.348346  0.701619  0.753029  0.672900  0.690253  0.406632  0.575164  0.642344  0.652487  0.420849  0.698381  0.559475  0.717326  0.669155  0.661856  0.757818  0.353367  0.382885  0.385708  0.276751  0.656146  0.349274  0.669766  0.812911  0.784408  0.332816  0.265407  0.290867  0.359268  0.363049 0.0  0.326033  0.354406  0.301713  0.324495  0.367481  0.350347  0.309581  0.676134  0.394546  0.678465  0.669742  0.350070  0.368433  0.310365  0.649634  0.330839  0.650997  0.794664  0.788886  0.387489  0.302169  0.721581  0.723964  0.746861  0.309644  0.718495  0.753553 
35  0.781823  0.819078  0.882836  0.802106  0.601287  0.823845  0.787037  0.914714  0.765913  0.417362  0.733660  0.727860  0.638416  0.167633  0.764086  0.535509  0.855758  0.705414  0.789358  0.844609  0.547799  0.297494  0.510183  0.348742  0.834831  0.276224  0.864612  0.777562  0.835622  0.527641  0.540171  0.208913  0.464687  0.423879  0.326033 0.0  0.342037  0.077090  0.334747  0.228381  0.344145  0.571481  0.895559  0.405196  0.787982  0.773299  0.352219  0.563613  0.324806  0.786659  0.536703  0.806489  0.852908  0.802063  0.569953  0.230617  0.732687  0.875744  0.691452  0.410454  0.798076  0.851295 
36  0.797273  0.958409  0.836815  0.764055  0.272071  0.791404  0.821950  0.810273  0.708663  0.667421  0.815412  0.891523  0.780837  0.336710  0.884716  0.616973  0.774805  0.744697  0.886561  0.906369  0.415374  0.262856  0.456762  0.237913  0.790151  0.298329  0.677522  0.815267  0.736685  0.344820  0.375259  0.307907  0.423148  0.224829  0.354406  0.342037 0.0  0.411395  0.222154  0.129116  0.186079  0.430837  0.853037  0.513559  0.780390  0.738639  0.580304  0.441896  0.209805  0.731184  0.362470  0.683733  0.877757  0.763533  0.344433  0.214116  0.759419  0.877991  0.806049  0.077090  0.808086  0.895144 
37  0.780048  0.811640  0.785113  0.815633  0.519743  0.739169  0.806991  0.855444  0.708306  0.464158  0.738524  0.817463  0.761178  0.093427  0.771993  0.609898  0.809559  0.781617  0.806166  0.778830  0.519011  0.328502  0.502428  0.335641  0.824025  0.404685  0.605144  0.759614  0.743184  0.524941  0.476568  0.077090  0.584905  0.341244  0.301713  0.077090  0.411395 0.0  0.271506  0.343500  0.357338  0.586598  0.821794  0.303068  0.806877  0.850146  0.302510  0.573608  0.208034  0.760752  0.454481  0.751625  0.809603  0.826644  0.572993  0.403426  0.791308  0.829518  0.886699  0.272527  0.876314  0.801619 
38  0.780200  0.795299  0.893991  0.949612  0.441439  0.839265  0.835385  0.937744  0.679735  0.525891  0.714959  0.865374  0.729553  0.491617  0.858206  0.601915  0.750392  0.641349  0.811313  0.897320  0.469606  0.246522  0.302438  0.095663  0.953164  0.123861  0.702391  0.832025  0.851769  0.264354  0.449436  0.496813  0.436928  0.095242  0.324495  0.334747  0.222154  0.271506 0.0  0.175600  0.287658  0.506970  0.922820  0.631266  0.811363  0.839507  0.449259  0.424590  0.182516  0.701715  0.282318  0.782818  0.799627  0.860220  0.492878  0.271852  0.846715  0.761769  0.743764  0.140998  0.826200  0.771796 
39  0.728838  0.784740  0.941759  0.803825  0.307153  0.814588  0.757666  0.842592  0.655025  0.548672  0.753753  0.798125  0.734385  0.347166  0.789503  0.622423  0.761106  0.675943  0.838455  0.743187  0.350602  0.259204  0.345978  0.159218  0.729633  0.216501  0.724051  0.764959  0.813896  0.432886  0.413301  0.415073  0.336095  0.084020  0.367481  0.228381  0.129116  0.343500  0.175600 0.0  0.077090  0.371849  0.834290  0.543394  0.804928  0.768913  0.382625  0.381383  0.215819  0.821662  0.339326  0.872407  0.865872  0.740658  0.486710  0.091479  0.698715  0.771992  0.737408  0.077090  0.755918  0.859107 
40  0.800205  0.855474  0.803859  0.920359  0.345573  0.722452  0.796570  0.824562  0.711778  0.617884  0.862376  0.849038  0.717548  0.372750  0.925348  0.664977  0.714668  0.687270  0.805655  0.801846  0.415771  0.143873  0.466032  0.250023  0.816980  0.170290  0.637980  0.811837  0.739056  0.371299  0.386160  0.356206  0.295377  0.224831  0.350347  0.344145  0.186079  0.357338  0.287658  0.077090 0.0  0.407750  0.821260  0.650804  0.740855  0.737899  0.475402  0.250565  0.332977  0.837653  0.484856  0.785166  0.851964  0.743715  0.400097  0.271882  0.799846  0.757818  0.766331  0.178540  0.890121  0.854942 
41  0.810802  0.864315  0.930364  0.770739  0.092554  0.827202  0.821138  0.782444  0.661753  0.531015  0.768174  0.872825  0.708583  0.542510  0.896091  0.557150  0.766271  0.811305  0.802038  0.825343  0.141197  0.355877  0.202686  0.459092  0.851797  0.410315  0.667190  0.759140  0.770191  0.233906  0.349400  0.640063  0.478360  0.473667  0.309581  0.571481  0.430837  0.586598  0.506970  0.371849  0.407750 0.0  0.899534  0.352114  0.859794  0.729516  0.324860  0.304226  0.575416  0.818702  0.311718  0.757753  0.911004  0.736693  0.370247  0.442627  0.929995  0.898255  0.774669  0.318691  0.750453  0.830004 
42  0.805636  0.280327  0.612441  0.348578  0.894404  0.324839  0.318889  0.317513  0.651527  0.876207  0.752029  0.768695  0.645086  0.873968  0.579908  0.676932  0.711243  0.756305  0.928672  0.887075  0.854916  0.851286  0.799919  0.799232  0.316511  0.743774  0.723532  0.778276  0.550807  0.821336  0.871221  0.917630  0.821574  0.871181  0.676134  0.895559  0.853037  0.821794  0.922820  0.834290  0.821260  0.899534 0.0  0.904848  0.788007  0.780745  0.793856  0.894749  0.920832  0.818294  0.890946  0.766209  0.621800  0.747251  0.932795  0.865607  0.401650  0.544376  0.747061  0.705335  0.908044  0.897268 
43  0.774805  0.842466  0.833932  0.814730  0.373292  0.778807  0.837439  0.888608  0.644818  0.414987  0.799204  0.817194  0.653937  0.293926  0.803554  0.543453  0.817357  0.748426  0.865756  0.756517  0.384265  0.492695  0.348974  0.579310  0.849596  0.609594  0.669587  0.855422  0.814993  0.504026  0.369680  0.360726  0.594843  0.515301  0.394546  0.405196  0.513559  0.303068  0.631266  0.543394  0.650804  0.352114  0.904848 0.0  0.823654  0.784826  0.192653  0.363129  0.525751  0.772208  0.475667  0.884155  0.826156  0.862214  0.420494  0.630974  0.890043  0.794420  0.825328  0.488125  0.812463  0.858899 
44  0.192720  0.750274  0.824833  0.856338  0.785397  0.754020  0.803636  0.656631  0.335111  0.573842  0.785112  0.771737  0.375474  0.782190  0.701938  0.563401  0.245168  0.674100  0.842305  0.754225  0.837252  0.821646  0.775172  0.775053  0.848531  0.754613  0.354952  0.750259  0.455057  0.534587  0.774792  0.797407  0.568491  0.757719  0.678465  0.787982  0.780390  0.806877  0.811363  0.804928  0.740855  0.859794  0.788007  0.823654 0.0  0.077090  0.735080  0.866496  0.715378  0.245765  0.781942  0.146455  0.773407  0.172907  0.729367  0.773566  0.808587  0.803486  0.769392  0.759508  0.851967  0.712312 
45  0.212887  0.825915  0.802391  0.852229  0.721289  0.763199  0.809110  0.817003  0.318059  0.559134  0.858124  0.778764  0.339095  0.867857  0.879358  0.563955  0.160723  0.651774  0.831570  0.711452  0.864350  0.770839  0.870702  0.787859  0.726642  0.711200  0.336269  0.783061  0.434105  0.601527  0.719173  0.837241  0.601998  0.721368  0.669742  0.773299  0.738639  0.850146  0.839507  0.768913  0.737899  0.729516  0.780745  0.784826  0.077090 0.0  0.848287  0.747136  0.797671  0.194496  0.802344  0.273918  0.695058  0.278995  0.879269  0.845904  0.821530  0.734044  0.768103  0.657264  0.748409  0.858314 
46  0.716472  0.820977  0.805355  0.905312  0.325964  0.784598  0.894918  0.767921  0.605571  0.473269  0.735520  0.858058  0.853464  0.343329  0.853707  0.486354  0.715303  0.733123  0.915575  0.739544  0.258267  0.534045  0.347714  0.485353  0.777621  0.512955  0.679159  0.846176  0.813683  0.513551  0.243594  0.453038  0.504203  0.451381  0.350070  0.352219  0.580304  0.302510  0.449259  0.382625  0.475402  0.324860  0.793856  0.192653  0.735080  0.848287 0.0  0.288625  0.477320  0.774710  0.247897  0.803434  0.875258  0.784025  0.347677  0.622496  0.813956  0.843859  0.823971  0.546433  0.804102  0.680600 
47  0.667856  0.776595  0.827406  0.821760  0.398488  0.824667  0.910114  0.802483  0.663886  0.628499  0.715067  0.701356  0.642254  0.609139  1.000000  0.610026  0.743572  0.813737  0.863158  0.881465  0.271570  0.385202  0.186821  0.380438  0.799333  0.364698  0.751174  0.795794  0.740258  0.344143  0.077090  0.607630  0.315085  0.441078  0.368433  0.563613  0.441896  0.573608  0.424590  0.381383  0.250565  0.304226  0.894749  0.363129  0.866496  0.747136  0.288625 0.0  0.408985  0.781470  0.269452  0.754564  0.856257  0.884250  0.077090  0.523704  0.801462  0.827299  0.701995  0.299622  0.892913  0.834624 
48  0.777044  0.859538  0.778965  0.845843  0.509574  0.826786  0.798263  0.827741  0.714196  0.538158  0.838154  0.843271  0.709111  0.312778  0.856396  0.557789  0.701220  0.665041  0.893908  0.832123  0.436055  0.178371  0.407216  0.147585  0.768709  0.118868  0.749466  0.773959  0.813725  0.415490  0.530587  0.378964  0.560590  0.249354  0.310365  0.324806  0.209805  0.208034  0.182516  0.215819  0.332977  0.575416  0.920832  0.525751  0.715378  0.797671  0.477320  0.408985 0.0  0.777976  0.324516  0.791438  0.804029  0.837894  0.554142  0.234051  0.842367  0.788677  0.819297  0.208320  0.854139  0.864182 
49  0.220318  0.688425  0.767291  0.687258  0.766880  0.763158  0.723689  0.749085  0.297898  0.445714  0.744109  0.786737  0.404266  0.850400  0.754193  0.565567  0.328693  0.734514  0.747553  0.794286  0.825410  0.737346  0.780648  0.754530  0.731531  0.651054  0.333384  0.761841  0.491754  0.637020  0.695301  0.878304  0.561921  0.819368  0.649634  0.786659  0.731184  0.760752  0.701715  0.821662  0.837653  0.818702  0.818294  0.772208  0.245765  0.194496  0.774710  0.781470  0.777976 0.0  0.811717  0.294604  0.775424  0.230412  0.853096  0.847665  0.750531  0.718608  0.744399  0.734130  0.777009  0.788274 
50  0.828363  0.981659  0.813635  0.891478  0.243611  0.882066  0.816739  0.760250  0.744589  0.555372  0.790017  0.828814  0.678963  0.578272  0.841222  0.513065  0.734042  0.624894  0.936496  0.854234  0.254459  0.479803  0.077090  0.401554  0.798457  0.312649  0.725936  0.783752  0.801656  0.354357  0.299730  0.502619  0.448542  0.415086  0.330839  0.536703  0.362470  0.454481  0.282318  0.339326  0.484856  0.311718  0.890946  0.475667  0.781942  0.802344  0.247897  0.269452  0.324516  0.811717 0.0  0.814498  0.781079  0.704610  0.242419  0.478340  0.845311  0.812187  0.607594  0.380223  0.911643  0.843508 
51  0.173528  0.843509  0.787848  0.631569  0.748977  0.781405  0.775594  0.757140  0.370903  0.472145  0.788489  0.780090  0.238772  0.753316  0.844206  0.598722  0.213122  0.732313  0.789646  0.755320  0.760184  0.750566  0.845179  0.763996  0.790549  0.787421  0.361322  0.773300  0.485413  0.569281  0.737171  0.764719  0.551746  0.753454  0.650997  0.806489  0.683733  0.751625  0.782818  0.872407  0.785166  0.757753  0.766209  0.884155  0.146455  0.273918  0.803434  0.754564  0.791438  0.294604  0.814498 0.0  0.740783  0.281762  0.772582  0.823730  0.805052  0.719560  0.716075  0.893667  0.757003  0.782356 
52  0.734984  0.551675  0.225267  0.552304  0.892549  0.532868  0.584191  0.429070  0.727807  0.846878  0.739894  0.796297  0.531623  0.886785  0.145758  0.519340  0.973581  0.404070  0.821756  0.888744  0.868137  0.868957  0.856264  0.865936  0.535003  0.765351  0.421213  0.812425  0.748701  0.892042  0.824771  0.933240  0.850248  0.823077  0.794664  0.852908  0.877757  0.809603  0.799627  0.865872  0.851964  0.911004  0.621800  0.826156  0.773407  0.695058  0.875258  0.856257  0.804029  0.775424  0.781079  0.740783 0.0  0.737752  0.875865  0.857642  0.132725  0.118027  0.747404  0.845199  0.860554  0.780276 
53  0.238687  0.836264  0.801437  0.828351  0.806821  0.795705  0.835427  0.847910  0.321053  0.520713  0.753085  0.837454  0.410483  0.782019  0.758919  0.533963  0.168226  0.816352  0.668765  0.751667  0.759210  0.841337  0.780354  0.758979  0.814953  0.758099  0.261662  0.822094  0.498497  0.461507  0.771448  0.754867  0.642901  0.804796  0.788886  0.802063  0.763533  0.826644  0.860220  0.740658  0.743715  0.736693  0.747251  0.862214  0.172907  0.278995  0.784025  0.884250  0.837894  0.230412  0.704610  0.281762  0.737752 0.0  0.758687  0.706853  0.841224  0.789440  0.761210  0.806007  0.764618  0.802946 
54  0.832684  0.877153  0.831568  0.806054  0.327380  0.817671  0.781589  0.789365  0.841474  0.561435  0.674282  0.782948  0.681160  0.581455  0.867017  0.514423  0.740806  0.654547  0.891251  0.745819  0.212139  0.318517  0.181630  0.503617  0.834769  0.439979  0.665048  0.771503  0.831782  0.427452  0.213167  0.700147  0.457657  0.502664  0.387489  0.569953  0.344433  0.572993  0.492878  0.486710  0.400097  0.370247  0.932795  0.420494  0.729367  0.879269  0.347677  0.077090  0.554142  0.853096  0.242419  0.772582  0.875865  0.758687 0.0  0.526774  0.845110  0.768994  0.766130  0.476642  0.900266  0.857313 
55  0.863349  0.773654  0.854839  0.771820  0.433302  0.926854  0.775485  0.858887  0.703065  0.565331  0.719302  0.834483  0.722405  0.389074  0.889765  0.558512  0.864503  0.779872  0.830016  0.906773  0.356635  0.180079  0.265798  0.245558  0.841623  0.176204  0.677280  0.709468  0.700355  0.328911  0.381055  0.336964  0.466144  0.204451  0.302169  0.230617  0.214116  0.403426  0.271852  0.091479  0.271882  0.442627  0.865607  0.630974  0.773566  0.845904  0.622496  0.523704  0.234051  0.847665  0.478340  0.823730  0.857642  0.706853  0.526774 0.0  0.824039  0.732727  0.756671  0.193195  0.781731  0.839729 
56  0.782912  0.542216  0.151386  0.552159  0.772909  0.493136  0.542825  0.517939  0.736067  0.828437  0.857142  0.731744  0.332587  0.825449  0.186075  0.612130  0.808721  0.422405  0.777415  0.767199  0.888641  0.753674  0.807499  0.804616  0.582559  0.876592  0.391748  0.692991  0.816446  0.833080  0.931220  0.859618  0.852971  0.761615  0.721581  0.732687  0.759419  0.791308  0.846715  0.698715  0.799846  0.929995  0.401650  0.890043  0.808587  0.821530  0.813956  0.801462  0.842367  0.750531  0.845311  0.805052  0.132725  0.841224  0.845110  0.824039 0.0  0.077090  0.813243  0.809661  0.869763  0.815120 
57  0.811925  0.666763  0.161738  0.564424  0.838422  0.492141  0.442679  0.559953  0.783645  0.799847  0.780464  0.738602  0.508678  0.814544  0.153965  0.489929  0.718711  0.406460  0.817272  0.798522  0.825574  0.792739  0.750361  0.789524  0.395176  0.812143  0.342785  0.874677  0.716675  0.930560  0.858372  0.812019  0.892335  0.875241  0.723964  0.875744  0.877991  0.829518  0.761769  0.771992  0.757818  0.898255  0.544376  0.794420  0.803486  0.734044  0.843859  0.827299  0.788677  0.718608  0.812187  0.719560  0.118027  0.789440  0.768994  0.732727  0.077090 0.0  0.806864  0.798809  0.757696  0.779594 
58  0.916642  0.715201  0.751347  0.745432  0.749979  0.767994  0.786737  0.801090  0.673926  0.819343  0.483827  0.497316  0.646730  0.714706  0.886136  0.525954  0.787551  0.795197  0.784151  0.835419  0.741737  0.741718  0.778675  0.825502  0.776924  0.870882  0.758334  0.394734  0.815114  0.824722  0.827157  0.850996  0.868155  0.767741  0.746861  0.691452  0.806049  0.886699  0.743764  0.737408  0.766331  0.774669  0.747061  0.825328  0.769392  0.768103  0.823971  0.701995  0.819297  0.744399  0.607594  0.716075  0.747404  0.761210  0.766130  0.756671  0.813243  0.806864 0.0  0.817820  0.774184  0.841791 
59  0.842411  0.846945  0.825408  0.853488  0.377326  0.832228  0.864824  0.742298  0.820177  0.397551  0.731558  0.825495  0.720257  0.335042  0.816037  0.557668  0.727795  0.591613  0.839944  0.732756  0.427809  0.127881  0.292446  0.241866  0.907532  0.153204  0.712978  0.806346  0.764531  0.424199  0.377204  0.282189  0.423368  0.206065  0.309644  0.410454  0.077090  0.272527  0.140998  0.077090  0.178540  0.318691  0.705335  0.488125  0.759508  0.657264  0.546433  0.299622  0.208320  0.734130  0.380223  0.893667  0.845199  0.806007  0.476642  0.193195  0.809661  0.798809  0.817820 0.0  0.822101  0.899283 
60  0.804926  0.713457  0.905759  0.793217  0.863545  0.737831  0.809246  0.858422  0.418968  0.869633  0.724729  0.824853  0.647704  0.914988  0.851081  0.535440  0.769673  0.258192  0.183952  0.163820  0.868942  0.732513  0.742566  0.827511  0.823582  0.851767  0.686633  0.794977  0.827364  0.808132  0.923537  0.959815  0.771134  0.872620  0.718495  0.798076  0.808086  0.876314  0.826200  0.755918  0.890121  0.750453  0.908044  0.812463  0.851967  0.748409  0.804102  0.892913  0.854139  0.777009  0.911643  0.757003  0.860554  0.764618  0.900266  0.781731  0.869763  0.757696  0.774184  0.822101 0.0  0.077090 
61  0.673234  0.703424  0.832845  0.813501  0.820750  0.849783  0.850621  0.829420  0.400968  0.922795  0.785743  0.816966  0.758582  0.834034  0.879877  0.567876  0.765411  0.413877  0.077090  0.159832  0.925869  0.861495  0.901186  0.809746  0.815533  0.946243  0.671083  0.837555  0.772393  0.831137  0.847742  0.795183  0.831571  0.852092  0.753553  0.851295  0.895144  0.801619  0.771796  0.859107  0.854942  0.830004  0.897268  0.858899  0.712312  0.858314  0.680600  0.834624  0.864182  0.788274  0.843508  0.782356  0.780276  0.802946  0.857313  0.839729  0.815120  0.779594  0.841791  0.899283  0.077090 0.0 
