62
0 0.0  0.719761  0.744172  0.727451  0.796383  0.839924  0.708490  0.727544  0.367792  0.441657  0.691855  0.798502  0.335860  0.728710  0.812802  0.565580  0.164184  0.706805  0.840101  0.757792  0.815646  0.857111  0.695709  0.820862  0.849766  0.702805  0.338850  0.742022  0.442157  0.562806  0.807341  0.841985  0.589081  0.763352  0.685057  0.772556  0.841356  0.665928  0.819570  0.759371  0.724712  0.803122  0.734260  0.783788  0.251588  0.238115  0.814749  0.731985  0.814066  0.304797  0.774681  0.191982  0.723956  0.268415  0.773731  0.802658  0.764389  0.778457  0.770340  0.846497  0.868924  0.818372 
1  0.719761 0.0  0.548512  0.086082  0.872922  0.086082  0.109912  0.086082  0.762335  0.842474  0.702969  0.870296  0.648630  0.786132  0.570973  0.515188  0.750953  0.755153  0.763945  0.798659  0.769906  0.834749  0.888366  0.840210  0.203371  0.740505  0.716924  0.756886  0.628133  0.894739  1.000000  0.811977  0.863589  0.840343  0.771997  0.871213  0.778471  0.683361  0.802754  0.855427  0.878814  0.896750  0.384765  0.892592  0.726824  0.793064  0.804281  0.807524  0.859058  0.797235  0.861242  0.871013  0.444096  0.840976  0.866678  0.840521  0.632290  0.538837  0.846603  0.867465  0.778916  0.786816 
2  0.744172  0.548512 0.0  0.533633  0.837527  0.540063  0.476530  0.543803  0.667482  0.923532  0.805357  0.803927  0.429726  0.839632  0.181916  0.511376  0.907358  0.395208  0.809453  0.848116  0.817998  0.791424  0.740545  0.828556  0.549129  0.800223  0.506396  0.807536  0.788931  0.844077  0.931205  0.797938  0.792337  0.836414  0.782911  0.776892  0.862323  0.880432  0.828167  0.896207  0.841370  0.871646  0.611378  0.795565  0.693560  0.772177  0.774888  0.863671  0.825719  0.811062  0.775633  0.769245  0.289764  0.713393  0.978516  0.828300  0.264648  0.215771  0.733220  0.887571  0.850366  0.873974 
3  0.727451  0.086082  0.533633 0.0  0.839181  0.103840  0.086082  0.086082  0.679155  0.796459  0.709375  0.755123  0.691793  0.832688  0.493909  0.565270  0.801064  0.629563  0.691328  0.859835  0.872756  0.740951  0.824837  0.896602  0.266407  0.796439  0.695267  0.807506  0.669841  0.849165  0.776460  0.771221  0.857651  0.796461  0.702023  0.845006  0.776446  0.737972  0.749958  0.865912  0.801982  0.714890  0.382122  0.767797  0.705817  0.781839  0.769223  0.891383  0.733359  0.735599  0.758184  0.713495  0.460799  0.875662  0.728826  0.729898  0.499744  0.493381  0.805464  0.841831  0.819713  0.854841 
4  0.796383  0.872922  0.837527  0.839181 0.0  0.774498  0.736196  0.797295  0.641518  0.536587  0.827026  0.900815  0.659012  0.585198  0.826192  0.524092  0.708871  0.725426  0.848917  0.839088  0.086082  0.406505  0.214459  0.511594  0.834986  0.380593  0.706210  0.692851  0.831919  0.377731  0.310108  0.570571  0.528157  0.401485  0.407396  0.482414  0.360938  0.523835  0.418943  0.397116  0.464293  0.117208  0.867713  0.281818  0.845354  0.731284  0.329891  0.289375  0.447688  0.826097  0.251190  0.750178  0.782141  0.741845  0.269518  0.470534  0.774239  0.873090  0.783520  0.406144  0.871221  0.822782 
5  0.839924  0.086082  0.540063  0.103840  0.774498 0.0  0.103583  0.086082  0.686684  0.832157  0.757083  0.785110  0.738711  0.780010  0.596870  0.561774  0.816525  0.688303  0.881903  0.826825  0.863995  0.799420  0.808773  0.793721  0.196836  0.836930  0.791836  0.679296  0.553647  0.794178  0.740209  0.815852  0.786815  0.791899  0.736401  0.822855  0.868361  0.845902  0.816332  0.769935  0.783520  0.798941  0.243111  0.803369  0.775883  0.732349  0.714564  0.845156  0.820486  0.742090  0.804393  0.821093  0.497443  0.835066  0.850203  0.748904  0.586079  0.688866  0.784547  0.766199  0.867572  0.821157 
6  0.708490  0.109912  0.476530  0.086082  0.736196  0.103583 0.0  0.086082  0.782150  0.795313  0.808111  0.785549  0.675804  0.884036  0.546819  0.500143  0.744322  0.745131  0.785031  0.855203  0.801038  0.820061  0.848994  0.777270  0.193177  0.840155  0.685185  0.859094  0.524690  0.870598  0.806793  0.828343  0.807355  0.799531  0.677505  0.738977  0.808273  0.926306  0.875044  0.817449  0.828615  0.781445  0.346568  0.719822  0.855751  0.730268  0.768230  0.877505  0.907416  0.813632  0.849167  0.762236  0.572403  0.786390  0.813880  0.846210  0.527531  0.526179  0.772111  0.896076  0.751966  0.789262 
7  0.727544  0.086082  0.543803  0.086082  0.797295  0.086082  0.086082 0.0  0.685713  0.773125  0.823731  0.862392  0.655418  0.899924  0.467952  0.558602  0.702836  0.655578  0.842097  0.813022  0.837890  0.895446  0.757851  0.841965  0.100389  0.781390  0.652487  0.858898  0.591846  0.753362  0.804012  0.830539  0.800020  0.851383  0.725579  0.750594  0.808778  0.841812  0.851230  0.847389  0.785093  0.806312  0.280389  0.794617  0.843328  0.643927  0.796977  0.775887  0.835021  0.742017  0.805605  0.803644  0.588115  0.763957  0.829684  0.849003  0.481185  0.462660  0.785384  0.851021  0.909373  0.820221 
8  0.367792  0.762335  0.667482  0.679155  0.641518  0.686684  0.782150  0.685713 0.0  0.648322  0.784678  0.740212  0.243166  0.728831  0.767528  0.676109  0.291168  0.617603  0.429690  0.345991  0.641588  0.773682  0.617857  0.801108  0.763246  0.705061  0.384502  0.698445  0.318270  0.784755  0.675420  0.694162  0.709135  0.665797  0.690554  0.655878  0.677355  0.690943  0.682073  0.641898  0.692621  0.718858  0.722256  0.623885  0.328335  0.381069  0.770755  0.640556  0.677752  0.362379  0.688016  0.333608  0.758070  0.285039  0.704252  0.723252  0.710165  0.635541  0.713133  0.671251  0.416397  0.328683 
9  0.441657  0.842474  0.923532  0.796459  0.536587  0.832157  0.795313  0.773125  0.648322 0.0  0.768761  0.828877  0.737166  0.308337  0.918764  0.582200  0.422781  0.737753  0.836369  0.835368  0.627347  0.524771  0.541471  0.605461  0.824631  0.547265  0.658396  0.795124  0.684139  0.229105  0.567732  0.300616  0.298395  0.665122  0.321771  0.367730  0.489503  0.355477  0.657794  0.420059  0.617987  0.566141  0.803240  0.278110  0.578008  0.505113  0.405349  0.576429  0.580657  0.612755  0.638223  0.420610  0.788209  0.522517  0.549975  0.556796  0.827876  0.774428  0.846219  0.506547  0.847114  0.845134 
10  0.691855  0.702969  0.805357  0.709375  0.827026  0.757083  0.808111  0.823731  0.784678  0.768761 0.0  0.231636  0.738210  0.748521  0.829579  0.555344  0.700934  0.758471  0.785042  0.800103  0.712640  0.798612  0.746230  0.777515  0.698159  0.813888  0.744408  0.257946  0.795434  0.762309  0.812786  0.869441  0.808322  0.731472  0.672584  0.798583  0.789816  0.711280  0.840152  0.693342  0.810798  0.766408  0.782045  0.697080  0.811585  0.905617  0.828021  0.807864  0.789697  0.781800  0.759506  0.801527  0.763207  0.700033  0.884345  0.855700  0.699563  0.768076  0.447727  0.837469  0.663482  0.798841 
11  0.798502  0.870296  0.803927  0.755123  0.900815  0.785110  0.785549  0.862392  0.740212  0.828877  0.231636 0.0  0.691440  0.846610  0.842842  0.532092  0.713893  0.752324  0.846595  0.902939  0.813468  0.843854  0.772602  0.835801  0.843159  0.821421  0.712398  0.217896  0.789345  0.903344  0.827019  0.792186  0.786668  0.855017  0.693730  0.775493  0.783018  0.882741  0.745431  0.839038  0.803201  0.883485  0.831844  0.837016  0.807986  0.809032  0.818465  0.714367  0.780872  0.728298  0.877911  0.755157  0.781489  0.744797  0.789442  0.818980  0.741342  0.892662  0.537990  0.877636  0.830511  0.888806 
12  0.335860  0.648630  0.429726  0.691793  0.659012  0.738711  0.675804  0.655418  0.243166  0.737166  0.738210  0.691440 0.0  0.742809  0.454256  0.437530  0.381597  0.498709  0.684675  0.684534  0.722918  0.669080  0.731859  0.763526  0.714201  0.726499  0.095640  0.726127  0.483622  0.664984  0.655593  0.654783  0.756966  0.635475  0.723195  0.614955  0.743402  0.787161  0.689953  0.642337  0.633546  0.793216  0.761035  0.675116  0.444227  0.400792  0.768558  0.609717  0.746511  0.283614  0.694623  0.294303  0.505748  0.406841  0.679681  0.634655  0.395971  0.442658  0.713993  0.666589  0.675826  0.697186 
13  0.728710  0.786132  0.839632  0.832688  0.585198  0.780010  0.884036  0.899924  0.728831  0.308337  0.748521  0.846610  0.742809 0.0  0.850309  0.519070  0.754927  0.734641  0.989504  0.865860  0.627358  0.392955  0.542214  0.413636  0.821685  0.367755  0.680782  0.783564  0.746131  0.447094  0.622194  0.161031  0.586050  0.340534  0.321990  0.237290  0.282061  0.161271  0.441218  0.359219  0.273413  0.606641  0.872874  0.338748  0.748818  0.792277  0.421430  0.476022  0.366778  0.802040  0.636004  0.856254  0.888562  0.742940  0.584329  0.461557  0.762978  0.862762  0.736372  0.306610  0.828316  0.730120 
14  0.812802  0.570973  0.181916  0.493909  0.826192  0.596870  0.546819  0.467952  0.767528  0.918764  0.829579  0.842842  0.454256  0.850309 0.0  0.567341  0.828803  0.443698  0.866304  0.893262  0.829976  0.666962  0.834432  0.811318  0.491470  0.793961  0.475396  0.755017  0.729237  0.851408  0.751741  0.919334  0.781577  0.956875  0.652427  0.864075  0.778796  0.832555  0.835542  0.829746  0.816162  0.870439  0.659464  0.850697  0.804379  0.742713  0.797626  0.915279  0.852235  0.795689  0.834365  0.767960  0.119009  0.749583  0.880787  0.764126  0.158710  0.237259  0.826639  0.851572  0.962536  0.810432 
15  0.565580  0.515188  0.511376  0.565270  0.524092  0.561774  0.500143  0.558602  0.676109  0.582200  0.555344  0.532092  0.437530  0.519070  0.567341 0.0  0.608528  0.480954  0.573092  0.574063  0.500589  0.612260  0.589172  0.661584  0.526288  0.503092  0.643219  0.479172  0.549821  0.512135  0.603712  0.512152  0.548277  0.613734  0.548278  0.457044  0.618154  0.537791  0.579606  0.541998  0.631364  0.597649  0.624043  0.562440  0.559736  0.504235  0.570997  0.615790  0.551438  0.570558  0.631378  0.535386  0.573729  0.593297  0.589222  0.642409  0.507923  0.599127  0.411008  0.547083  0.575358  0.631338 
16  0.164184  0.750953  0.907358  0.801064  0.708871  0.816525  0.744322  0.702836  0.291168  0.422781  0.700934  0.713893  0.381597  0.754927  0.828803  0.608528 0.0  0.751063  0.708315  0.859471  0.747755  0.796427  0.864977  0.742945  0.781995  0.722650  0.346072  0.794750  0.514343  0.576765  0.811376  0.796080  0.498042  0.737452  0.672136  0.767784  0.743953  0.816131  0.645544  0.831240  0.803780  0.752676  0.791037  0.749564  0.299674  0.201683  0.839380  0.730312  0.738047  0.226412  0.773743  0.290189  0.835535  0.200636  0.742279  0.838178  0.846286  0.788190  0.818067  0.730747  0.794444  0.716748 
17  0.706805  0.755153  0.395208  0.629563  0.725426  0.688303  0.745131  0.655578  0.617603  0.737753  0.758471  0.752324  0.498709  0.734641  0.443698  0.480954  0.751063 0.0  0.297044  0.361644  0.735857  0.578634  0.664477  0.698669  0.788384  0.790462  0.416973  0.686326  0.787101  0.699457  0.654514  0.738887  0.629749  0.741598  0.670990  0.671072  0.700949  0.608080  0.627380  0.590901  0.725369  0.652062  0.727508  0.722109  0.723099  0.748522  0.686442  0.704794  0.655910  0.715130  0.760592  0.733635  0.443949  0.715998  0.792387  0.689610  0.478237  0.462346  0.700194  0.646954  0.352845  0.267497 
18  0.840101  0.763945  0.809453  0.691328  0.848917  0.881903  0.785031  0.842097  0.429690  0.836369  0.785042  0.846595  0.684675  0.989504  0.866304  0.573092  0.708315  0.297044 0.0  0.095901  0.886152  0.925870  0.860208  0.922101  0.748463  0.912374  0.706582  0.776940  0.698654  0.893981  0.837702  0.876938  0.840867  0.741816  0.669518  0.872968  0.907863  0.801596  0.807172  0.847938  0.774321  0.941094  0.846839  0.863448  0.762217  0.665697  0.874779  0.829413  0.787294  0.665675  0.781724  0.765565  0.868042  0.829477  0.829279  0.825308  0.848758  0.872730  0.718624  0.748204  0.100148  0.094547 
19  0.757792  0.798659  0.848116  0.859835  0.839088  0.826825  0.855203  0.813022  0.345991  0.835368  0.800103  0.902939  0.684534  0.865860  0.893262  0.574063  0.859471  0.361644  0.095901 0.0  0.940803  0.841012  0.779702  0.784442  0.755848  0.810721  0.694556  0.830032  0.839088  0.908667  0.791768  0.880217  0.864880  0.797097  0.774201  0.774415  0.813544  0.799962  0.884401  0.907581  0.820284  0.831649  0.909324  0.879272  0.765557  0.832677  0.879215  0.854351  0.822529  0.806021  0.830708  0.753724  0.773102  0.823392  0.869477  0.840737  0.760736  0.859367  0.768181  0.826945  0.146887  0.187886 
20  0.815646  0.769906  0.817998  0.872756  0.086082  0.863995  0.801038  0.837890  0.641588  0.627347  0.712640  0.813468  0.722918  0.627358  0.829976  0.500589  0.747755  0.735857  0.886152  0.940803 0.0  0.465832  0.218111  0.470258  0.856380  0.319539  0.673110  0.824128  0.767025  0.321295  0.308716  0.618716  0.384710  0.363511  0.367858  0.433846  0.406524  0.565612  0.500852  0.278105  0.540240  0.124915  0.813482  0.419757  0.913493  0.755713  0.376371  0.288376  0.429331  0.854195  0.266818  0.839880  0.915737  0.806180  0.305761  0.389663  0.900650  0.875794  0.732397  0.319979  0.943556  0.809935 
21  0.857111  0.834749  0.791424  0.740951  0.406505  0.799420  0.820061  0.895446  0.773682  0.524771  0.798612  0.843854  0.669080  0.392955  0.666962  0.612260  0.796427  0.578634  0.925870  0.841012  0.465832 0.0  0.378188  0.129793  0.844791  0.210464  0.667978  0.754637  0.829572  0.285672  0.389156  0.241706  0.519452  0.252188  0.346754  0.310815  0.179835  0.295476  0.214465  0.259526  0.187908  0.335278  0.829966  0.542679  0.786703  0.907300  0.478413  0.309668  0.104196  0.724971  0.422195  0.748317  0.798803  0.797174  0.343357  0.165624  0.672345  0.755138  0.761535  0.155303  0.906517  0.865558 
22  0.695709  0.888366  0.740545  0.824837  0.214459  0.808773  0.848994  0.757851  0.617857  0.541471  0.746230  0.772602  0.731859  0.542214  0.834432  0.589172  0.864977  0.664477  0.860208  0.779702  0.218111  0.378188 0.0  0.394392  0.848943  0.366375  0.692840  0.783621  0.720304  0.401780  0.141884  0.541284  0.499669  0.369502  0.347724  0.535066  0.366395  0.630487  0.302035  0.290191  0.335318  0.297284  0.719710  0.327989  0.672613  0.654317  0.378234  0.215557  0.428138  0.715182  0.168592  0.665095  0.745909  0.728891  0.174356  0.364254  0.811563  0.851785  0.740045  0.367473  0.798873  0.776262 
23  0.820862  0.840210  0.828556  0.896602  0.511594  0.793721  0.777270  0.841965  0.801108  0.605461  0.777515  0.835801  0.763526  0.413636  0.811318  0.661584  0.742945  0.698669  0.922101  0.784442  0.470258  0.129793  0.394392 0.0  0.728695  0.229951  0.723686  0.668110  0.862988  0.470128  0.424169  0.479345  0.413429  0.086082  0.370703  0.266717  0.200604  0.334550  0.086082  0.182369  0.235428  0.364103  0.802140  0.686244  0.801864  0.758574  0.498990  0.427996  0.147184  0.799288  0.319667  0.822624  0.899540  0.753994  0.325540  0.272413  0.748405  0.793026  0.815002  0.267783  0.918669  0.889216 
24  0.849766  0.203371  0.549129  0.266407  0.834986  0.196836  0.193177  0.100389  0.763246  0.824631  0.698159  0.843159  0.714201  0.821685  0.491470  0.526288  0.781995  0.788384  0.748463  0.755848  0.856380  0.844791  0.848943  0.728695 0.0  0.837006  0.722359  0.805417  0.667398  0.818057  0.842759  0.896068  0.864179  0.781521  0.731028  0.832066  0.766682  0.878893  0.816717  0.781574  0.779430  0.955666  0.292766  0.725522  0.798499  0.817747  0.813965  0.861467  0.830404  0.675636  0.821681  0.852865  0.506672  0.856000  0.798869  0.795047  0.588427  0.555377  0.760647  0.802659  0.781920  0.847954 
25  0.702805  0.740505  0.800223  0.796439  0.380593  0.836930  0.840155  0.781390  0.705061  0.547265  0.813888  0.821421  0.726499  0.367755  0.793961  0.503092  0.722650  0.790462  0.912374  0.810721  0.319539  0.210464  0.366375  0.229951  0.837006 0.0  0.678264  0.733873  0.666388  0.344368  0.403247  0.327676  0.401245  0.208044  0.335105  0.394782  0.192404  0.349324  0.240464  0.131407  0.171201  0.358734  0.851299  0.486706  0.720279  0.787239  0.509966  0.392784  0.300861  0.801954  0.410097  0.806222  0.810838  0.753404  0.374260  0.152695  0.737335  0.863214  0.752451  0.187137  0.772537  0.794430 
26  0.338850  0.716924  0.506396  0.695267  0.706210  0.791836  0.685185  0.652487  0.384502  0.658396  0.744408  0.712398  0.095640  0.680782  0.475396  0.643219  0.346072  0.416973  0.706582  0.694556  0.673110  0.667978  0.692840  0.723686  0.722359  0.678264 0.0  0.833572  0.337131  0.690986  0.740209  0.693008  0.681916  0.645025  0.737083  0.691266  0.860470  0.726327  0.729418  0.782164  0.642997  0.717261  0.650529  0.739736  0.369392  0.321717  0.680857  0.689345  0.655296  0.398605  0.779603  0.399876  0.488766  0.448244  0.683017  0.716770  0.401191  0.463909  0.812761  0.633611  0.768203  0.735873 
27  0.742022  0.756886  0.807536  0.807506  0.692851  0.679296  0.859094  0.858898  0.698445  0.795124  0.257946  0.217896  0.726127  0.783564  0.755017  0.479172  0.794750  0.686326  0.776940  0.830032  0.824128  0.754637  0.783621  0.668110  0.805417  0.733873  0.833572 0.0  0.792459  0.693829  0.781169  0.741168  0.816316  0.750369  0.673166  0.839558  0.795681  0.808018  0.743153  0.752855  0.767564  0.851946  0.879375  0.776739  0.725194  0.771969  0.803113  0.696473  0.844565  0.816068  0.680902  0.838599  0.772737  0.785037  0.607326  0.680674  0.815374  0.726528  0.526115  0.733834  0.782994  0.740760 
28  0.442157  0.628133  0.788931  0.669841  0.831919  0.553647  0.524690  0.591846  0.318270  0.684139  0.795434  0.789345  0.483622  0.746131  0.729237  0.549821  0.514343  0.787101  0.698654  0.839088  0.767025  0.829572  0.720304  0.862988  0.667398  0.666388  0.337131  0.792459 0.0  0.771260  0.758655  0.772493  0.706224  0.796410  0.755373  0.688438  0.854004  0.852006  0.856653  0.720685  0.849842  0.845295  0.543638  0.723102  0.484090  0.518454  0.761110  0.841506  0.779127  0.403959  0.823926  0.491521  0.766028  0.465718  0.741015  0.736270  0.765082  0.870935  0.742546  0.762780  0.787774  0.780950 
29  0.562806  0.894739  0.844077  0.849165  0.377731  0.794178  0.870598  0.753362  0.784755  0.229105  0.762309  0.903344  0.664984  0.447094  0.851408  0.512135  0.576765  0.699457  0.893981  0.908667  0.321295  0.285672  0.401780  0.470128  0.818057  0.344368  0.690986  0.693829  0.771260 0.0  0.395406  0.577576  0.131579  0.452156  0.259336  0.519250  0.408703  0.450691  0.434752  0.313788  0.343569  0.352073  0.817424  0.594793  0.589317  0.621741  0.664951  0.380779  0.368511  0.515059  0.423547  0.572816  0.799329  0.674461  0.409814  0.344988  0.738298  0.924507  0.785352  0.411957  0.734288  0.803144 
30  0.807341  1.000000  0.931205  0.776460  0.310108  0.740209  0.806793  0.804012  0.675420  0.567732  0.812786  0.827019  0.655593  0.622194  0.751741  0.603712  0.811376  0.654514  0.837702  0.791768  0.308716  0.389156  0.141884  0.424169  0.842759  0.403247  0.740209  0.781169  0.758655  0.395406 0.0  0.644756  0.428746  0.476200  0.295084  0.572018  0.365243  0.459957  0.510934  0.376689  0.384748  0.200645  0.858685  0.433275  0.773558  0.701444  0.271057  0.097468  0.527558  0.888619  0.299319  0.786195  0.831873  0.790616  0.136621  0.483915  0.923749  0.797969  0.766799  0.458295  0.868721  0.910065 
31  0.841985  0.811977  0.797938  0.771221  0.570571  0.815852  0.828343  0.830539  0.694162  0.300616  0.869441  0.792186  0.654783  0.161031  0.919334  0.512152  0.796080  0.738887  0.876938  0.880217  0.618716  0.241706  0.541284  0.479345  0.896068  0.327676  0.693008  0.741168  0.772493  0.577576  0.644756 0.0  0.611738  0.327226  0.320730  0.144018  0.309572  0.219376  0.443216  0.308881  0.407962  0.674051  0.927090  0.309537  0.829695  0.814303  0.387872  0.570710  0.440660  0.689284  0.530466  0.796622  0.798604  0.842181  0.617498  0.307193  0.831365  0.819579  0.736006  0.384840  0.966101  0.883710 
32  0.589081  0.863589  0.792337  0.857651  0.528157  0.786815  0.807355  0.800020  0.709135  0.298395  0.808322  0.786668  0.756966  0.586050  0.781577  0.548277  0.498042  0.629749  0.840867  0.864880  0.384710  0.519452  0.499669  0.413429  0.864179  0.401245  0.681916  0.816316  0.706224  0.131579  0.428746  0.611738 0.0  0.421823  0.279030  0.558942  0.411746  0.548531  0.454481  0.423369  0.348837  0.409523  0.881206  0.646022  0.552635  0.582749  0.488969  0.297167  0.411861  0.555758  0.453601  0.441965  0.846399  0.477733  0.282252  0.429581  0.832019  0.734566  0.734713  0.410898  0.807850  0.825656 
33  0.763352  0.840343  0.836414  0.796461  0.401485  0.791899  0.799531  0.851383  0.665797  0.665122  0.731472  0.855017  0.635475  0.340534  0.956875  0.613734  0.737452  0.741598  0.741816  0.797097  0.363511  0.252188  0.369502  0.086082  0.781521  0.208044  0.645025  0.750369  0.796410  0.452156  0.476200  0.327226  0.421823 0.0  0.411771  0.330832  0.212950  0.323891  0.173437  0.184858  0.279918  0.359710  0.950619  0.583660  0.733949  0.748384  0.541685  0.424706  0.190769  0.799422  0.397718  0.672550  0.855277  0.805219  0.373336  0.205186  0.739073  0.801759  0.779396  0.154518  0.841301  0.857933 
34  0.685057  0.771997  0.782911  0.702023  0.407396  0.736401  0.677505  0.725579  0.690554  0.321771  0.672584  0.693730  0.723195  0.321990  0.652427  0.548278  0.672136  0.670990  0.669518  0.774201  0.367858  0.346754  0.347724  0.370703  0.731028  0.335105  0.737083  0.673166  0.755373  0.259336  0.295084  0.320730  0.279030  0.411771 0.0  0.314768  0.311499  0.284660  0.326190  0.390551  0.366932  0.355479  0.818588  0.275874  0.608741  0.648018  0.316874  0.343031  0.394534  0.747976  0.289985  0.735851  0.780840  0.684864  0.491538  0.335170  0.745893  0.755887  0.687035  0.347064  0.643848  0.708141 
35  0.772556  0.871213  0.776892  0.845006  0.482414  0.822855  0.738977  0.750594  0.655878  0.367730  0.798583  0.775493  0.614955  0.237290  0.864075  0.457044  0.767784  0.671072  0.872968  0.774415  0.433846  0.310815  0.535066  0.266717  0.832066  0.394782  0.691266  0.839558  0.688438  0.519250  0.572018  0.144018  0.558942  0.330832  0.314768 0.0  0.219391  0.130688  0.246226  0.317298  0.420420  0.509680  0.888883  0.251381  0.825307  0.782835  0.312184  0.650526  0.269441  0.768012  0.527324  0.775704  0.788831  0.738682  0.620411  0.322712  0.834779  0.824240  0.823528  0.335567  0.884703  0.854785 
36  0.841356  0.778471  0.862323  0.776446  0.360938  0.868361  0.808273  0.808778  0.677355  0.489503  0.789816  0.783018  0.743402  0.282061  0.778796  0.618154  0.743953  0.700949  0.907863  0.813544  0.406524  0.179835  0.366395  0.200604  0.766682  0.192404  0.860470  0.795681  0.854004  0.408703  0.365243  0.309572  0.411746  0.212950  0.311499  0.219391 0.0  0.324217  0.256263  0.180290  0.170551  0.369509  0.848458  0.514350  0.719821  0.743334  0.536332  0.441399  0.165497  0.771049  0.452884  0.763435  0.874266  0.760465  0.378353  0.109047  0.804091  0.781627  0.796017  0.086082  0.764081  0.791489 
37  0.665928  0.683361  0.880432  0.737972  0.523835  0.845902  0.926306  0.841812  0.690943  0.355477  0.711280  0.882741  0.787161  0.161271  0.832555  0.537791  0.816131  0.608080  0.801596  0.799962  0.565612  0.295476  0.630487  0.334550  0.878893  0.349324  0.726327  0.808018  0.852006  0.450691  0.459957  0.219376  0.548531  0.323891  0.284660  0.130688  0.324217 0.0  0.352387  0.307616  0.375460  0.540120  0.827811  0.473345  0.745249  0.785649  0.200483  0.586629  0.283089  0.762126  0.570875  0.733296  0.807672  0.703768  0.459857  0.400777  0.755008  0.787767  0.791844  0.299768  0.786119  0.833496 
38  0.819570  0.802754  0.828167  0.749958  0.418943  0.816332  0.875044  0.851230  0.682073  0.657794  0.840152  0.745431  0.689953  0.441218  0.835542  0.579606  0.645544  0.627380  0.807172  0.884401  0.500852  0.214465  0.302035  0.086082  0.816717  0.240464  0.729418  0.743153  0.856653  0.434752  0.510934  0.443216  0.454481  0.173437  0.326190  0.246226  0.256263  0.352387 0.0  0.188147  0.154195  0.455938  0.842466  0.546666  0.707334  0.691892  0.455212  0.540144  0.104173  0.812660  0.365857  0.755213  0.833520  0.728975  0.499792  0.146960  0.804157  0.798186  0.741778  0.173377  0.882042  0.925307 
39  0.759371  0.855427  0.896207  0.865912  0.397116  0.769935  0.817449  0.847389  0.641898  0.420059  0.693342  0.839038  0.642337  0.359219  0.829746  0.541998  0.831240  0.590901  0.847938  0.907581  0.278105  0.259526  0.290191  0.182369  0.781574  0.131407  0.782164  0.752855  0.720685  0.313788  0.376689  0.308881  0.423369  0.184858  0.390551  0.317298  0.180290  0.307616  0.188147 0.0  0.107524  0.504079  0.870282  0.574904  0.792213  0.824071  0.555367  0.462971  0.171149  0.789345  0.390924  0.806840  0.837131  0.834977  0.327854  0.185962  0.734164  0.862046  0.841390  0.086082  0.847491  0.789021 
40  0.724712  0.878814  0.841370  0.801982  0.464293  0.783520  0.828615  0.785093  0.692621  0.617987  0.810798  0.803201  0.633546  0.273413  0.816162  0.631364  0.803780  0.725369  0.774321  0.820284  0.540240  0.187908  0.335318  0.235428  0.779430  0.171201  0.642997  0.767564  0.849842  0.343569  0.384748  0.407962  0.348837  0.279918  0.366932  0.420420  0.170551  0.375460  0.154195  0.107524 0.0  0.476332  0.811263  0.565141  0.861283  0.910919  0.608171  0.423769  0.196938  0.788024  0.484158  0.782885  0.854710  0.813341  0.317289  0.331143  0.752668  0.860485  0.774928  0.276232  0.835738  0.865994 
41  0.803122  0.896750  0.871646  0.714890  0.117208  0.798941  0.781445  0.806312  0.718858  0.566141  0.766408  0.883485  0.793216  0.606641  0.870439  0.597649  0.752676  0.652062  0.941094  0.831649  0.124915  0.335278  0.297284  0.364103  0.955666  0.358734  0.717261  0.851946  0.845295  0.352073  0.200645  0.674051  0.409523  0.359710  0.355479  0.509680  0.369509  0.540120  0.455938  0.504079  0.476332 0.0  0.851002  0.391490  0.786473  0.825126  0.376835  0.216002  0.459989  0.724534  0.265711  0.689013  0.848539  0.714698  0.275237  0.402912  0.792295  0.763476  0.773821  0.408374  0.803556  0.854135 
42  0.734260  0.384765  0.611378  0.382122  0.867713  0.243111  0.346568  0.280389  0.722256  0.803240  0.782045  0.831844  0.761035  0.872874  0.659464  0.624043  0.791037  0.727508  0.846839  0.909324  0.813482  0.829966  0.719710  0.802140  0.292766  0.851299  0.650529  0.879375  0.543638  0.817424  0.858685  0.927090  0.881206  0.950619  0.818588  0.888883  0.848458  0.827811  0.842466  0.870282  0.811263  0.851002 0.0  0.813693  0.665536  0.734460  0.840442  0.823616  0.787972  0.751864  0.800661  0.801279  0.524832  0.704929  0.931121  0.829024  0.621611  0.591523  0.898723  0.811132  0.853195  0.929033 
43  0.783788  0.892592  0.795565  0.767797  0.281818  0.803369  0.719822  0.794617  0.623885  0.278110  0.697080  0.837016  0.675116  0.338748  0.850697  0.562440  0.749564  0.722109  0.863448  0.879272  0.419757  0.542679  0.327989  0.686244  0.725522  0.486706  0.739736  0.776739  0.723102  0.594793  0.433275  0.309537  0.646022  0.583660  0.275874  0.251381  0.514350  0.473345  0.546666  0.574904  0.565141  0.391490  0.813693 0.0  0.725654  0.748335  0.115887  0.442911  0.589097  0.826287  0.460373  0.812365  0.860550  0.763305  0.364274  0.613532  0.859527  0.848032  0.784639  0.537472  0.800600  0.867675 
44  0.251588  0.726824  0.693560  0.705817  0.845354  0.775883  0.855751  0.843328  0.328335  0.578008  0.811585  0.807986  0.444227  0.748818  0.804379  0.559736  0.299674  0.723099  0.762217  0.765557  0.913493  0.786703  0.672613  0.801864  0.798499  0.720279  0.369392  0.725194  0.484090  0.589317  0.773558  0.829695  0.552635  0.733949  0.608741  0.825307  0.719821  0.745249  0.707334  0.792213  0.861283  0.786473  0.665536  0.725654 0.0  0.096899  0.807249  0.719417  0.818721  0.198649  0.745517  0.261283  0.792196  0.255920  0.745869  0.757092  0.818696  0.751971  0.771126  0.806688  0.824435  0.681059 
45  0.238115  0.793064  0.772177  0.781839  0.731284  0.732349  0.730268  0.643927  0.381069  0.505113  0.905617  0.809032  0.400792  0.792277  0.742713  0.504235  0.201683  0.748522  0.665697  0.832677  0.755713  0.907300  0.654317  0.758574  0.817747  0.787239  0.321717  0.771969  0.518454  0.621741  0.701444  0.814303  0.582749  0.748384  0.648018  0.782835  0.743334  0.785649  0.691892  0.824071  0.910919  0.825126  0.734460  0.748335  0.096899 0.0  0.746866  0.768122  0.862351  0.219159  0.764321  0.234340  0.737092  0.234561  0.683749  0.733292  0.739000  0.744530  0.786379  0.731971  0.738803  0.622442 
46  0.814749  0.804281  0.774888  0.769223  0.329891  0.714564  0.768230  0.796977  0.770755  0.405349  0.828021  0.818465  0.768558  0.421430  0.797626  0.570997  0.839380  0.686442  0.874779  0.879215  0.376371  0.478413  0.378234  0.498990  0.813965  0.509966  0.680857  0.803113  0.761110  0.664951  0.271057  0.387872  0.488969  0.541685  0.316874  0.312184  0.536332  0.200483  0.455212  0.555367  0.608171  0.376835  0.840442  0.115887  0.807249  0.746866 0.0  0.384798  0.546329  0.800217  0.296348  0.709424  0.765958  0.718060  0.325678  0.610542  0.794389  0.756162  0.831316  0.502151  0.734987  0.901812 
47  0.731985  0.807524  0.863671  0.891383  0.289375  0.845156  0.877505  0.775887  0.640556  0.576429  0.807864  0.714367  0.609717  0.476022  0.915279  0.615790  0.730312  0.704794  0.829413  0.854351  0.288376  0.309668  0.215557  0.427996  0.861467  0.392784  0.689345  0.696473  0.841506  0.380779  0.097468  0.570710  0.297167  0.424706  0.343031  0.650526  0.441399  0.586629  0.540144  0.462971  0.423769  0.216002  0.823616  0.442911  0.719417  0.768122  0.384798 0.0  0.503455  0.843192  0.216539  0.827580  0.873088  0.719352  0.086082  0.438993  0.883007  0.731438  0.741477  0.427905  0.849052  0.861997 
48  0.814066  0.859058  0.825719  0.733359  0.447688  0.820486  0.907416  0.835021  0.677752  0.580657  0.789697  0.780872  0.746511  0.366778  0.852235  0.551438  0.738047  0.655910  0.787294  0.822529  0.429331  0.104196  0.428138  0.147184  0.830404  0.300861  0.655296  0.844565  0.779127  0.368511  0.527558  0.440660  0.411861  0.190769  0.394534  0.269441  0.165497  0.283089  0.104173  0.171149  0.196938  0.459989  0.787972  0.589097  0.818721  0.862351  0.546329  0.503455 0.0  0.816730  0.268848  0.789549  0.837582  0.779492  0.465305  0.266207  0.816798  0.757365  0.814858  0.215635  0.840051  0.822436 
49  0.304797  0.797235  0.811062  0.735599  0.826097  0.742090  0.813632  0.742017  0.362379  0.612755  0.781800  0.728298  0.283614  0.802040  0.795689  0.570558  0.226412  0.715130  0.665675  0.806021  0.854195  0.724971  0.715182  0.799288  0.675636  0.801954  0.398605  0.816068  0.403959  0.515059  0.888619  0.689284  0.555758  0.799422  0.747976  0.768012  0.771049  0.762126  0.812660  0.789345  0.788024  0.724534  0.751864  0.826287  0.198649  0.219159  0.800217  0.843192  0.816730 0.0  0.752048  0.290386  0.786808  0.294579  0.736962  0.728444  0.724471  0.816952  0.790781  0.670613  0.817076  0.784104 
50  0.774681  0.861242  0.775633  0.758184  0.251190  0.804393  0.849167  0.805605  0.688016  0.638223  0.759506  0.877911  0.694623  0.636004  0.834365  0.631378  0.773743  0.760592  0.781724  0.830708  0.266818  0.422195  0.168592  0.319667  0.821681  0.410097  0.779603  0.680902  0.823926  0.423547  0.299319  0.530466  0.453601  0.397718  0.289985  0.527324  0.452884  0.570875  0.365857  0.390924  0.484158  0.265711  0.800661  0.460373  0.745517  0.764321  0.296348  0.216539  0.268848  0.752048 0.0  0.770487  0.834693  0.674983  0.264461  0.469890  0.735845  0.770496  0.776818  0.461035  0.872436  0.853393 
51  0.191982  0.871013  0.769245  0.713495  0.750178  0.821093  0.762236  0.803644  0.333608  0.420610  0.801527  0.755157  0.294303  0.856254  0.767960  0.535386  0.290189  0.733635  0.765565  0.753724  0.839880  0.748317  0.665095  0.822624  0.852865  0.806222  0.399876  0.838599  0.491521  0.572816  0.786195  0.796622  0.441965  0.672550  0.735851  0.775704  0.763435  0.733296  0.755213  0.806840  0.782885  0.689013  0.801279  0.812365  0.261283  0.234340  0.709424  0.827580  0.789549  0.290386  0.770487 0.0  0.924378  0.334768  0.629122  0.812131  0.865602  0.860738  0.804197  0.695077  0.848594  0.777935 
52  0.723956  0.444096  0.289764  0.460799  0.782141  0.497443  0.572403  0.588115  0.758070  0.788209  0.763207  0.781489  0.505748  0.888562  0.119009  0.573729  0.835535  0.443949  0.868042  0.773102  0.915737  0.798803  0.745909  0.899540  0.506672  0.810838  0.488766  0.772737  0.766028  0.799329  0.831873  0.798604  0.846399  0.855277  0.780840  0.788831  0.874266  0.807672  0.833520  0.837131  0.854710  0.848539  0.524832  0.860550  0.792196  0.737092  0.765958  0.873088  0.837582  0.786808  0.834693  0.924378 0.0  0.771164  0.850502  0.803854  0.155044  0.086082  0.781723  0.825864  0.888730  0.910235 
53  0.268415  0.840976  0.713393  0.875662  0.741845  0.835066  0.786390  0.763957  0.285039  0.522517  0.700033  0.744797  0.406841  0.742940  0.749583  0.593297  0.200636  0.715998  0.829477  0.823392  0.806180  0.797174  0.728891  0.753994  0.856000  0.753404  0.448244  0.785037  0.465718  0.674461  0.790616  0.842181  0.477733  0.805219  0.684864  0.738682  0.760465  0.703768  0.728975  0.834977  0.813341  0.714698  0.704929  0.763305  0.255920  0.234561  0.718060  0.719352  0.779492  0.294579  0.674983  0.334768  0.771164 0.0  0.711173  0.782077  0.804688  0.726579  0.845353  0.795870  0.810938  0.788844 
54  0.773731  0.866678  0.978516  0.728826  0.269518  0.850203  0.813880  0.829684  0.704252  0.549975  0.884345  0.789442  0.679681  0.584329  0.880787  0.589222  0.742279  0.792387  0.829279  0.869477  0.305761  0.343357  0.174356  0.325540  0.798869  0.374260  0.683017  0.607326  0.741015  0.409814  0.136621  0.617498  0.282252  0.373336  0.491538  0.620411  0.378353  0.459857  0.499792  0.327854  0.317289  0.275237  0.931121  0.364274  0.745869  0.683749  0.325678  0.086082  0.465305  0.736962  0.264461  0.629122  0.850502  0.711173 0.0  0.509075  0.877089  0.759064  0.758561  0.420602  0.774781  0.774983 
55  0.802658  0.840521  0.828300  0.729898  0.470534  0.748904  0.846210  0.849003  0.723252  0.556796  0.855700  0.818980  0.634655  0.461557  0.764126  0.642409  0.838178  0.689610  0.825308  0.840737  0.389663  0.165624  0.364254  0.272413  0.795047  0.152695  0.716770  0.680674  0.736270  0.344988  0.483915  0.307193  0.429581  0.205186  0.335170  0.322712  0.109047  0.400777  0.146960  0.185962  0.331143  0.402912  0.829024  0.613532  0.757092  0.733292  0.610542  0.438993  0.266207  0.728444  0.469890  0.812131  0.803854  0.782077  0.509075 0.0  0.823102  0.819689  0.865432  0.188712  0.805651  0.803531 
56  0.764389  0.632290  0.264648  0.499744  0.774239  0.586079  0.527531  0.481185  0.710165  0.827876  0.699563  0.741342  0.395971  0.762978  0.158710  0.507923  0.846286  0.478237  0.848758  0.760736  0.900650  0.672345  0.811563  0.748405  0.588427  0.737335  0.401191  0.815374  0.765082  0.738298  0.923749  0.831365  0.832019  0.739073  0.745893  0.834779  0.804091  0.755008  0.804157  0.734164  0.752668  0.792295  0.621611  0.859527  0.818696  0.739000  0.794389  0.883007  0.816798  0.724471  0.735845  0.865602  0.155044  0.804688  0.877089  0.823102 0.0  0.086082  0.801059  0.828362  0.785967  0.844174 
57  0.778457  0.538837  0.215771  0.493381  0.873090  0.688866  0.526179  0.462660  0.635541  0.774428  0.768076  0.892662  0.442658  0.862762  0.237259  0.599127  0.788190  0.462346  0.872730  0.859367  0.875794  0.755138  0.851785  0.793026  0.555377  0.863214  0.463909  0.726528  0.870935  0.924507  0.797969  0.819579  0.734566  0.801759  0.755887  0.824240  0.781627  0.787767  0.798186  0.862046  0.860485  0.763476  0.591523  0.848032  0.751971  0.744530  0.756162  0.731438  0.757365  0.816952  0.770496  0.860738  0.086082  0.726579  0.759064  0.819689  0.086082 0.0  0.782617  0.791474  0.839429  0.779686 
58  0.770340  0.846603  0.733220  0.805464  0.783520  0.784547  0.772111  0.785384  0.713133  0.846219  0.447727  0.537990  0.713993  0.736372  0.826639  0.411008  0.818067  0.700194  0.718624  0.768181  0.732397  0.761535  0.740045  0.815002  0.760647  0.752451  0.812761  0.526115  0.742546  0.785352  0.766799  0.736006  0.734713  0.779396  0.687035  0.823528  0.796017  0.791844  0.741778  0.841390  0.774928  0.773821  0.898723  0.784639  0.771126  0.786379  0.831316  0.741477  0.814858  0.790781  0.776818  0.804197  0.781723  0.845353  0.758561  0.865432  0.801059  0.782617 0.0  0.763690  0.673059  0.830863 
59  0.846497  0.867465  0.887571  0.841831  0.406144  0.766199  0.896076  0.851021  0.671251  0.506547  0.837469  0.877636  0.666589  0.306610  0.851572  0.547083  0.730747  0.646954  0.748204  0.826945  0.319979  0.155303  0.367473  0.267783  0.802659  0.187137  0.633611  0.733834  0.762780  0.411957  0.458295  0.384840  0.410898  0.154518  0.347064  0.335567  0.086082  0.299768  0.173377  0.086082  0.276232  0.408374  0.811132  0.537472  0.806688  0.731971  0.502151  0.427905  0.215635  0.670613  0.461035  0.695077  0.825864  0.795870  0.420602  0.188712  0.828362  0.791474  0.763690 0.0  0.786789  0.810909 
60  0.868924  0.778916  0.850366  0.819713  0.871221  0.867572  0.751966  0.909373  0.416397  0.847114  0.663482  0.830511  0.675826  0.828316  0.962536  0.575358  0.794444  0.352845  0.100148  0.146887  0.943556  0.906517  0.798873  0.918669  0.781920  0.772537  0.768203  0.782994  0.787774  0.734288  0.868721  0.966101  0.807850  0.841301  0.643848  0.884703  0.764081  0.786119  0.882042  0.847491  0.835738  0.803556  0.853195  0.800600  0.824435  0.738803  0.734987  0.849052  0.840051  0.817076  0.872436  0.848594  0.888730  0.810938  0.774781  0.805651  0.785967  0.839429  0.673059  0.786789 0.0  0.127647 
61  0.818372  0.786816  0.873974  0.854841  0.822782  0.821157  0.789262  0.820221  0.328683  0.845134  0.798841  0.888806  0.697186  0.730120  0.810432  0.631338  0.716748  0.267497  0.094547  0.187886  0.809935  0.865558  0.776262  0.889216  0.847954  0.794430  0.735873  0.740760  0.780950  0.803144  0.910065  0.883710  0.825656  0.857933  0.708141  0.854785  0.791489  0.833496  0.925307  0.789021  0.865994  0.854135  0.929033  0.867675  0.681059  0.622442  0.901812  0.861997  0.822436  0.784104  0.853393  0.777935  0.910235  0.788844  0.774983  0.803531  0.844174  0.779686  0.830863  0.810909  0.127647 0.0 
