62
0 0.0  0.815282  0.792933  0.917214  0.806522  0.823457  0.787624  0.829710  0.407698  0.584250  0.816594  0.797665  0.313096  0.765205  0.768985  0.672409  0.144012  0.695169  0.804255  0.754172  0.819232  0.832380  0.720221  0.836880  0.808189  0.783819  0.373208  0.837339  0.386594  0.524094  0.839479  0.773113  0.618807  0.857699  0.745863  0.816518  0.747249  0.777134  0.832987  0.772998  0.803433  0.774464  0.787421  0.818062  0.205434  0.149539  0.795608  0.784234  0.733945  0.150577  0.848852  0.221269  0.839030  0.180138  0.889067  0.809637  0.774763  0.774786  0.744794  0.796112  0.813411  0.874599 
1  0.815282 0.0  0.603663  0.160117  0.892575  0.109854  0.096862  0.096967  0.710610  0.823089  0.777943  0.822610  0.792181  0.832220  0.572000  0.587697  0.793168  0.735556  0.823033  0.874871  0.821802  0.832253  0.743395  0.944610  0.188601  0.726459  0.767207  0.790542  0.658059  0.756014  0.878667  0.893775  0.980847  0.768321  0.774998  0.800529  0.774657  0.858511  0.846377  0.860733  0.834049  0.843861  0.315045  0.841923  0.792207  0.835583  0.872296  0.844569  0.755378  0.745713  0.734236  0.788542  0.521390  0.797144  0.738103  0.833889  0.563204  0.536324  0.701200  0.770420  0.835131  0.844757 
2  0.792933  0.603663 0.0  0.527697  0.920058  0.577646  0.543786  0.573200  0.764423  0.795515  0.899737  0.848551  0.495185  0.935060  0.229565  0.509000  0.847441  0.436799  0.819270  0.840147  0.888965  0.748393  0.783833  0.864381  0.473717  0.803810  0.381393  0.745223  0.728209  0.880146  0.943134  0.911226  0.877017  0.885498  0.746550  0.833329  0.841186  0.847933  0.779120  0.788364  0.853242  0.888579  0.600168  0.898541  0.771612  0.823352  0.753562  0.786417  0.823805  0.806691  0.898914  0.845476  0.219324  0.855530  0.846170  0.851062  0.162032  0.244423  0.879169  0.763533  0.810057  0.862625 
3  0.917214  0.160117  0.527697 0.0  0.781353  0.083305  0.083305  0.083305  0.677607  0.958945  0.786715  0.845026  0.652797  0.839706  0.514272  0.524935  0.790644  0.770469  0.785601  0.810968  0.844928  0.737607  0.796126  0.820165  0.147743  0.842791  0.654365  0.802887  0.514103  0.873215  0.806004  0.804189  0.815428  0.843869  0.850668  0.799554  0.800377  0.870950  0.735513  0.841250  0.788462  0.821695  0.323187  0.894725  0.863251  0.742139  0.809155  0.796312  0.911711  0.760037  0.866653  0.788641  0.470323  0.891060  0.774699  0.888896  0.497266  0.578584  0.825344  0.903116  0.834116  0.871067 
4  0.806522  0.892575  0.920058  0.781353 0.0  0.892419  0.925246  0.725397  0.762280  0.539433  0.778417  0.896478  0.715028  0.583541  0.827178  0.623767  0.790457  0.731961  0.884952  0.883983  0.167492  0.476549  0.268225  0.451396  0.877094  0.405776  0.744169  0.690088  0.871615  0.224221  0.361267  0.601094  0.472363  0.473396  0.416371  0.563450  0.550433  0.546926  0.505327  0.333971  0.545906  0.100598  0.927352  0.439530  0.742680  0.763089  0.374471  0.285476  0.503734  0.752011  0.333630  0.748587  0.852830  0.811727  0.245388  0.391672  0.783804  0.811560  0.811644  0.342167  0.861807  0.943278 
5  0.823457  0.109854  0.577646  0.083305  0.892419 0.0  0.083305  0.083305  0.649588  0.838574  0.803945  0.918022  0.600537  0.853744  0.637438  0.561724  0.740421  0.818771  0.893082  0.885229  0.761179  0.876722  0.860656  0.892192  0.157991  0.825723  0.699494  0.889563  0.589030  0.838543  0.849972  0.763350  0.810855  0.875370  0.747470  0.714635  0.897172  0.795123  0.844109  0.893653  0.770214  0.777042  0.315334  0.858598  0.742028  0.790234  0.856812  0.809406  0.930775  0.758458  0.924730  0.796630  0.444993  0.741009  0.875632  0.826183  0.499344  0.479875  0.736094  0.883063  0.815129  0.867410 
6  0.787624  0.096862  0.543786  0.083305  0.925246  0.083305 0.0  0.119888  0.809640  0.907375  0.856392  0.775598  0.798817  0.842774  0.544902  0.470133  0.855313  0.759365  0.865062  0.811463  0.778773  0.771790  0.879811  0.929811  0.207946  0.846264  0.730258  0.797127  0.566977  0.927761  0.785320  0.826682  0.789853  0.847938  0.723287  0.770402  0.882416  0.805207  0.864985  0.833853  0.932423  0.901394  0.361865  0.882392  0.846077  0.743860  0.801672  0.844541  0.791154  0.755135  0.809182  0.830180  0.646943  0.799078  0.890638  0.835863  0.508510  0.522235  0.826298  0.883417  0.860322  0.768435 
7  0.829710  0.096967  0.573200  0.083305  0.725397  0.083305  0.119888 0.0  0.719923  0.849310  0.852848  0.833287  0.694437  0.815657  0.609672  0.581765  0.760636  0.752947  0.855687  0.792673  0.845068  0.788149  0.787817  0.880628  0.239059  0.821180  0.802213  0.742232  0.635084  0.815857  0.852754  0.873575  0.801074  0.871062  0.754757  0.974251  0.783445  0.906428  0.882696  0.838238  0.814933  0.894681  0.408255  0.794643  0.788554  0.866262  0.843680  0.802760  0.858237  0.830713  0.827374  0.863944  0.500428  0.835995  0.810685  0.792181  0.539345  0.473751  0.772980  0.813308  0.790287  0.856633 
8  0.407698  0.710610  0.764423  0.677607  0.762280  0.649588  0.809640  0.719923 0.0  0.643190  0.652374  0.685274  0.327638  0.734702  0.732281  0.632602  0.363413  0.817570  0.416573  0.504840  0.618141  0.692702  0.734079  0.681227  0.726069  0.667152  0.265391  0.702098  0.374476  0.745074  0.673565  0.710086  0.685726  0.768094  0.723505  0.726811  0.692932  0.723486  0.806668  0.625154  0.730005  0.739489  0.690442  0.668127  0.411466  0.345349  0.772891  0.733805  0.694113  0.383575  0.704657  0.291641  0.697843  0.348153  0.688522  0.842214  0.710730  0.636147  0.711683  0.692316  0.505940  0.496234 
9  0.584250  0.823089  0.795515  0.958945  0.539433  0.838574  0.907375  0.849310  0.643190 0.0  0.737250  0.852073  0.680604  0.353764  0.811823  0.476135  0.663149  0.742596  0.816261  0.951560  0.445024  0.528383  0.553423  0.645098  0.743091  0.571519  0.630192  0.728147  0.742376  0.376174  0.679668  0.301535  0.342436  0.492848  0.394123  0.377058  0.479312  0.412944  0.582385  0.536087  0.608819  0.743507  0.876422  0.259697  0.515370  0.523141  0.393240  0.569906  0.557352  0.533396  0.683948  0.539617  0.817383  0.527933  0.447879  0.609455  0.841570  0.820671  0.741750  0.494222  0.863616  0.925288 
10  0.816594  0.777943  0.899737  0.786715  0.778417  0.803945  0.856392  0.852848  0.652374  0.737250 0.0  0.206810  0.720091  0.794952  0.792237  0.631465  0.774906  0.642444  0.764270  0.782530  0.822221  0.806188  0.744992  0.769582  0.750390  0.754137  0.688889  0.305912  0.878166  0.837139  0.838431  0.791507  0.810640  0.853938  0.691622  0.729112  0.696893  0.841014  0.772883  0.789422  0.665082  0.832821  0.775408  0.706778  0.810431  0.674129  0.793216  0.728998  0.836119  0.818513  0.904896  0.801968  0.851573  0.763843  0.715871  0.843353  0.813876  0.813765  0.489982  0.674849  0.747745  0.737098 
11  0.797665  0.822610  0.848551  0.845026  0.896478  0.918022  0.775598  0.833287  0.685274  0.852073  0.206810 0.0  0.680588  0.767843  0.898451  0.598746  0.832620  0.745647  0.876557  0.766121  0.805506  0.763882  0.822987  0.860853  0.818862  0.834307  0.609834  0.286854  0.749449  0.806991  0.901525  0.934786  0.891158  0.828588  0.696650  0.879875  0.819658  0.809851  0.858971  0.764114  0.869231  0.856641  0.867862  0.811350  0.754766  0.846558  0.852422  0.811726  0.838523  0.818961  0.784753  0.873711  0.879554  0.814425  0.790643  0.803406  0.879353  0.807706  0.499682  0.812307  0.845081  0.811400 
12  0.313096  0.792181  0.495185  0.652797  0.715028  0.600537  0.798817  0.694437  0.327638  0.680604  0.720091  0.680588 0.0  0.692831  0.493426  0.528100  0.323136  0.490852  0.689594  0.735253  0.656835  0.717944  0.800402  0.799399  0.688264  0.742951  0.119864  0.734935  0.280385  0.697410  0.574765  0.728110  0.690926  0.736351  0.698956  0.820180  0.653972  0.858244  0.811443  0.659125  0.726544  0.586483  0.797989  0.686621  0.323762  0.326891  0.802718  0.769493  0.752659  0.342797  0.710572  0.334867  0.477050  0.317641  0.729077  0.745105  0.419123  0.394193  0.683035  0.745224  0.660864  0.749270 
13  0.765205  0.832220  0.935060  0.839706  0.583541  0.853744  0.842774  0.815657  0.734702  0.353764  0.794952  0.767843  0.692831 0.0  1.000000  0.673770  0.754805  0.670135  0.871724  0.819062  0.491353  0.364336  0.581963  0.442674  0.846168  0.359680  0.749248  0.782710  0.808176  0.508682  0.539784  0.183281  0.596643  0.340855  0.349513  0.185349  0.350122  0.194527  0.372901  0.373353  0.385281  0.659885  0.832904  0.375070  0.827714  0.776969  0.345758  0.611501  0.387098  0.786144  0.626184  0.761398  0.857437  0.824852  0.595256  0.387880  0.861260  0.856076  0.861424  0.360105  0.890731  0.821893 
14  0.768985  0.572000  0.229565  0.514272  0.827178  0.637438  0.544902  0.609672  0.732281  0.811823  0.792237  0.898451  0.493426  1.000000 0.0  0.556257  0.839187  0.400192  0.979926  0.803938  0.935013  0.873924  0.827292  0.888952  0.560716  0.747656  0.474002  0.837723  0.777880  0.828241  0.916006  0.894898  0.885925  0.943900  0.795746  0.870672  0.743995  0.885469  0.905616  0.872186  0.807022  0.873890  0.635359  0.886135  0.779251  0.815575  0.851431  0.881318  0.924479  0.713625  0.925207  0.766914  0.175119  0.785747  0.911221  0.834249  0.185481  0.144259  0.864839  0.905353  0.871237  0.814863 
15  0.672409  0.587697  0.509000  0.524935  0.623767  0.561724  0.470133  0.581765  0.632602  0.476135  0.631465  0.598746  0.528100  0.673770  0.556257 0.0  0.588798  0.577282  0.547058  0.621429  0.550728  0.549412  0.547131  0.558182  0.517299  0.611570  0.568133  0.563931  0.466054  0.597507  0.561316  0.509303  0.538716  0.522648  0.587105  0.679148  0.479752  0.588828  0.597350  0.612798  0.581539  0.504532  0.454622  0.638513  0.571911  0.510694  0.528767  0.625461  0.542566  0.596797  0.610385  0.588550  0.535536  0.545100  0.579646  0.600028  0.586106  0.545649  0.635793  0.554897  0.612289  0.647016 
16  0.144012  0.793168  0.847441  0.790644  0.790457  0.740421  0.855313  0.760636  0.363413  0.663149  0.774906  0.832620  0.323136  0.754805  0.839187  0.588798 0.0  0.707774  0.771556  0.870187  0.799200  0.780870  0.849549  0.706021  0.883111  0.876125  0.403855  0.802136  0.459601  0.443028  0.850930  0.912135  0.493771  0.837881  0.708614  0.857470  0.732493  0.876094  0.728031  0.797280  0.761445  0.790937  0.758238  0.700407  0.224445  0.213222  0.791693  0.841244  0.860115  0.271847  0.789914  0.192558  0.795590  0.196479  0.819187  0.812927  0.716336  0.825970  0.797520  0.816698  0.787129  0.712750 
17  0.695169  0.735556  0.436799  0.770469  0.731961  0.818771  0.759365  0.752947  0.817570  0.742596  0.642444  0.745647  0.490852  0.670135  0.400192  0.577282  0.707774 0.0  0.326803  0.245524  0.718677  0.757419  0.729102  0.872408  0.802474  0.704598  0.393745  0.684534  0.720032  0.775474  0.764846  0.698866  0.716903  0.697202  0.777477  0.710599  0.666743  0.769519  0.646991  0.621426  0.729239  0.781458  0.759531  0.651299  0.793584  0.583444  0.770255  0.709326  0.823321  0.724009  0.778495  0.722153  0.511234  0.638963  0.814636  0.775216  0.428651  0.490832  0.601172  0.800371  0.479768  0.302529 
18  0.804255  0.823033  0.819270  0.785601  0.884952  0.893082  0.865062  0.855687  0.416573  0.816261  0.764270  0.876557  0.689594  0.871724  0.979926  0.547058  0.771556  0.326803 0.0  0.115580  0.802846  0.725265  0.889837  0.808549  0.732850  0.878925  0.775395  0.880645  0.882888  0.835628  0.956416  0.869013  0.743758  0.893144  0.716078  0.757975  0.812829  0.822763  0.833018  0.797045  0.828995  0.928541  0.823975  0.842755  0.714698  0.786166  0.782544  0.880139  0.818386  0.714991  0.788326  0.740808  0.934975  0.773704  0.860233  0.928551  0.838466  0.858877  0.840435  0.821761  0.098601  0.110512 
19  0.754172  0.874871  0.840147  0.810968  0.883983  0.885229  0.811463  0.792673  0.504840  0.951560  0.782530  0.766121  0.735253  0.819062  0.803938  0.621429  0.870187  0.245524  0.115580 0.0  0.916505  0.847712  0.960240  0.821299  0.817819  0.824453  0.800951  0.805153  0.828769  0.880855  0.831231  0.967607  0.759878  0.844126  0.714410  0.886738  0.968290  0.900288  0.834123  0.848203  0.844382  0.906749  0.896527  0.880785  0.803739  0.815705  0.839009  0.835640  0.811024  0.792564  0.796944  0.708300  0.781218  0.713504  0.951211  0.857024  0.813211  0.883260  0.803238  0.845973  0.113896  0.083305 
20  0.819232  0.821802  0.888965  0.844928  0.167492  0.761179  0.778773  0.845068  0.618141  0.445024  0.822221  0.805506  0.656835  0.491353  0.935013  0.550728  0.799200  0.718677  0.802846  0.916505 0.0  0.380896  0.135509  0.478841  0.758122  0.434783  0.889077  0.744890  0.739464  0.273454  0.236185  0.578969  0.508324  0.390006  0.350563  0.481729  0.357764  0.488698  0.516783  0.386186  0.448427  0.083305  0.974554  0.302942  0.755030  0.762307  0.378924  0.353568  0.455914  0.887835  0.220044  0.804570  0.906706  0.815640  0.263548  0.534373  0.938878  0.817230  0.797287  0.369419  0.939031  0.835637 
21  0.832380  0.832253  0.748393  0.737607  0.476549  0.876722  0.771790  0.788149  0.692702  0.528383  0.806188  0.763882  0.717944  0.364336  0.873924  0.549412  0.780870  0.757419  0.725265  0.847712  0.380896 0.0  0.367914  0.136970  0.873677  0.174592  0.614898  0.928402  0.713614  0.471111  0.381185  0.296089  0.414180  0.196521  0.335731  0.356390  0.199251  0.266614  0.094416  0.237061  0.149549  0.318447  0.758860  0.541202  0.816233  0.825471  0.483691  0.394582  0.190410  0.821673  0.446399  0.785929  0.857187  0.779934  0.468358  0.204463  0.848818  0.762850  0.705571  0.152186  0.950728  0.873910 
22  0.720221  0.743395  0.783833  0.796126  0.268225  0.860656  0.879811  0.787817  0.734079  0.553423  0.744992  0.822987  0.800402  0.581963  0.827292  0.547131  0.849549  0.729102  0.889837  0.960240  0.135509  0.367914 0.0  0.443185  0.820353  0.410531  0.834925  0.696792  0.876508  0.396694  0.203073  0.479848  0.384763  0.482116  0.283013  0.532704  0.361619  0.584675  0.430584  0.438744  0.401355  0.139663  0.848466  0.334224  0.706141  0.794956  0.379153  0.083305  0.385176  0.829484  0.213587  0.860662  0.840918  0.870007  0.223171  0.289893  0.814493  0.819646  0.775345  0.392958  0.917178  0.796996 
23  0.836880  0.944610  0.864381  0.820165  0.451396  0.892192  0.929811  0.880628  0.681227  0.645098  0.769582  0.860853  0.799399  0.442674  0.888952  0.558182  0.706021  0.872408  0.808549  0.821299  0.478841  0.136970  0.443185 0.0  0.827116  0.151612  0.603885  0.778292  0.834236  0.396073  0.421130  0.457352  0.489485  0.083305  0.333990  0.372418  0.187547  0.230051  0.190587  0.251172  0.331423  0.423645  0.767472  0.546743  0.785003  0.692042  0.532007  0.411745  0.097400  0.798646  0.430066  0.796326  0.818783  0.792193  0.429746  0.208941  0.793471  0.835101  0.792204  0.168154  0.787887  0.785982 
24  0.808189  0.188601  0.473717  0.147743  0.877094  0.157991  0.207946  0.239059  0.726069  0.743091  0.750390  0.818862  0.688264  0.846168  0.560716  0.517299  0.883111  0.802474  0.732850  0.817819  0.758122  0.873677  0.820353  0.827116 0.0  0.763580  0.769416  0.776877  0.599360  0.939632  0.808984  0.769553  0.790718  0.817223  0.765438  0.812404  0.798520  0.879467  0.866866  0.879330  0.842818  0.805223  0.390754  0.787245  0.657182  0.749375  0.813018  0.845665  0.845251  0.737401  0.826072  0.783153  0.572270  0.750960  0.791460  0.847404  0.530605  0.510632  0.858791  0.830819  0.813925  0.867042 
25  0.783819  0.726459  0.803810  0.842791  0.405776  0.825723  0.846264  0.821180  0.667152  0.571519  0.754137  0.834307  0.742951  0.359680  0.747656  0.611570  0.876125  0.704598  0.878925  0.824453  0.434783  0.174592  0.410531  0.151612  0.763580 0.0  0.804226  0.884423  0.782025  0.352045  0.541128  0.306027  0.464258  0.296712  0.397177  0.362937  0.195030  0.367452  0.178536  0.093355  0.234864  0.335885  0.839443  0.610460  0.832961  0.957217  0.553533  0.399328  0.108772  0.839079  0.378296  0.859724  0.856104  0.740373  0.448888  0.182876  0.754908  0.839396  0.755345  0.237407  0.883754  0.842942 
26  0.373208  0.767207  0.381393  0.654365  0.744169  0.699494  0.730258  0.802213  0.265391  0.630192  0.688889  0.609834  0.119864  0.749248  0.474002  0.568133  0.403855  0.393745  0.775395  0.800951  0.889077  0.614898  0.834925  0.603885  0.769416  0.804226 0.0  0.725653  0.357083  0.764308  0.705918  0.707859  0.680928  0.679619  0.748496  0.699609  0.764043  0.664096  0.812288  0.698100  0.718384  0.696679  0.683374  0.600767  0.410637  0.270066  0.721335  0.613073  0.773460  0.364017  0.788661  0.343916  0.513815  0.368521  0.689595  0.710966  0.514794  0.526762  0.719310  0.681080  0.744466  0.744849 
27  0.837339  0.790542  0.745223  0.802887  0.690088  0.889563  0.797127  0.742232  0.702098  0.728147  0.305912  0.286854  0.734935  0.782710  0.837723  0.563931  0.802136  0.684534  0.880645  0.805153  0.744890  0.928402  0.696792  0.778292  0.776877  0.884423  0.725653 0.0  0.952280  0.749691  0.682877  0.681329  0.835603  0.751716  0.709927  0.793490  0.802772  0.828367  0.767507  0.746427  0.839208  0.853705  0.857345  0.761547  0.798073  0.840971  0.733123  0.945405  0.769386  0.796044  0.836998  0.797571  0.766038  0.740563  0.837520  0.805300  0.788257  0.866094  0.443247  0.855874  0.814597  0.723616 
28  0.386594  0.658059  0.728209  0.514103  0.871615  0.589030  0.566977  0.635084  0.374476  0.742376  0.878166  0.749449  0.280385  0.808176  0.777880  0.466054  0.459601  0.720032  0.882888  0.828769  0.739464  0.713614  0.876508  0.834236  0.599360  0.782025  0.357083  0.952280 0.0  0.747445  0.813100  0.749220  0.744741  0.800989  0.774649  0.796126  0.836031  0.795626  0.774263  0.754781  0.744616  0.832101  0.595914  0.701617  0.541590  0.454927  0.758242  0.828708  0.780240  0.512622  0.858111  0.543463  0.787102  0.486489  0.632833  0.965742  0.877400  0.818022  0.895161  0.802144  0.767003  0.759904 
29  0.524094  0.756014  0.880146  0.873215  0.224221  0.838543  0.927761  0.815857  0.745074  0.376174  0.837139  0.806991  0.697410  0.508682  0.828241  0.597507  0.443028  0.775474  0.835628  0.880855  0.273454  0.471111  0.396694  0.396073  0.939632  0.352045  0.764308  0.749691  0.747445 0.0  0.359126  0.542449  0.186672  0.486827  0.395798  0.585834  0.398386  0.586661  0.427481  0.318617  0.273377  0.266614  0.886775  0.524301  0.563025  0.522683  0.529190  0.326534  0.386885  0.656118  0.393549  0.521663  0.747575  0.493480  0.484525  0.421508  0.848281  0.803769  0.774451  0.463555  0.898050  0.816647 
30  0.839479  0.878667  0.943134  0.806004  0.361267  0.849972  0.785320  0.852754  0.673565  0.679668  0.838431  0.901525  0.574765  0.539784  0.916006  0.561316  0.850930  0.764846  0.956416  0.831231  0.236185  0.381185  0.203073  0.421130  0.808984  0.541128  0.705918  0.682877  0.813100  0.359126 0.0  0.615891  0.315328  0.469835  0.423099  0.520718  0.336995  0.525739  0.571811  0.357471  0.393795  0.250288  0.905597  0.377135  0.766548  0.805342  0.381614  0.090461  0.494274  0.858131  0.382999  0.768510  0.884490  0.822435  0.083305  0.448646  0.820835  0.791116  0.756110  0.376389  0.897875  0.912830 
31  0.773113  0.893775  0.911226  0.804189  0.601094  0.763350  0.826682  0.873575  0.710086  0.301535  0.791507  0.934786  0.728110  0.183281  0.894898  0.509303  0.912135  0.698866  0.869013  0.967607  0.578969  0.296089  0.479848  0.457352  0.769553  0.306027  0.707859  0.681329  0.749220  0.542449  0.615891 0.0  0.538679  0.324647  0.419719  0.165187  0.296817  0.213535  0.405630  0.343611  0.480202  0.605833  0.825505  0.415722  0.850598  0.823608  0.425918  0.659625  0.360470  0.803803  0.700265  0.778548  0.956646  0.744535  0.662371  0.404681  0.826005  0.667151  0.878120  0.314770  0.967722  0.907673 
32  0.618807  0.980847  0.877017  0.815428  0.472363  0.810855  0.789853  0.801074  0.685726  0.342436  0.810640  0.891158  0.690926  0.596643  0.885925  0.538716  0.493771  0.716903  0.743758  0.759878  0.508324  0.414180  0.384763  0.489485  0.790718  0.464258  0.680928  0.835603  0.744741  0.186672  0.315328  0.538679 0.0  0.332197  0.367857  0.530814  0.384606  0.636109  0.384878  0.323708  0.337148  0.407919  0.867333  0.520875  0.537723  0.582768  0.506620  0.225442  0.337669  0.541107  0.316601  0.586932  0.881552  0.570361  0.409736  0.338809  0.874847  0.824847  0.892563  0.372276  0.828644  0.745833 
33  0.857699  0.768321  0.885498  0.843869  0.473396  0.875370  0.847938  0.871062  0.768094  0.492848  0.853938  0.828588  0.736351  0.340855  0.943900  0.522648  0.837881  0.697202  0.893144  0.844126  0.390006  0.196521  0.482116  0.083305  0.817223  0.296712  0.679619  0.751716  0.800989  0.486827  0.469835  0.324647  0.332197 0.0  0.316817  0.379927  0.142689  0.444937  0.181218  0.239251  0.260878  0.413214  0.858598  0.652477  0.602443  0.679661  0.560796  0.445614  0.083305  0.744708  0.298970  0.822545  0.894929  0.723715  0.537759  0.254582  0.738809  0.753392  0.737995  0.208221  0.852592  0.801682 
34  0.745863  0.774998  0.746550  0.850668  0.416371  0.747470  0.723287  0.754757  0.723505  0.394123  0.691622  0.696650  0.698956  0.349513  0.795746  0.587105  0.708614  0.777477  0.716078  0.714410  0.350563  0.335731  0.283013  0.333990  0.765438  0.397177  0.748496  0.709927  0.774649  0.395798  0.423099  0.419719  0.367857  0.316817 0.0  0.332964  0.319378  0.289731  0.306913  0.270616  0.376722  0.332130  0.788958  0.298726  0.683510  0.687123  0.382126  0.383760  0.365725  0.678364  0.297683  0.780049  0.809805  0.748123  0.343435  0.388870  0.732508  0.630268  0.646821  0.316955  0.792141  0.820013 
35  0.816518  0.800529  0.833329  0.799554  0.563450  0.714635  0.770402  0.974251  0.726811  0.377058  0.729112  0.879875  0.820180  0.185349  0.870672  0.679148  0.857470  0.710599  0.757975  0.886738  0.481729  0.356390  0.532704  0.372418  0.812404  0.362937  0.699609  0.793490  0.796126  0.585834  0.520718  0.165187  0.530814  0.379927  0.332964 0.0  0.372527  0.116585  0.309868  0.300782  0.324835  0.490469  0.828650  0.279383  0.719708  0.887073  0.304293  0.470708  0.279209  0.720753  0.723119  0.817582  0.882119  0.763584  0.517775  0.256984  0.915877  0.884199  0.826076  0.390340  0.933850  0.917739 
36  0.747249  0.774657  0.841186  0.800377  0.550433  0.897172  0.882416  0.783445  0.692932  0.479312  0.696893  0.819658  0.653972  0.350122  0.743995  0.479752  0.732493  0.666743  0.812829  0.968290  0.357764  0.199251  0.361619  0.187547  0.798520  0.195030  0.764043  0.802772  0.836031  0.398386  0.336995  0.296817  0.384606  0.142689  0.319378  0.372527 0.0  0.373916  0.221662  0.083305  0.178873  0.411886  0.850492  0.530074  0.806361  0.783354  0.533666  0.440855  0.166952  0.694525  0.465673  0.826829  0.873158  0.799150  0.252134  0.148687  0.842421  0.818873  0.765119  0.133751  0.957418  0.761590 
37  0.777134  0.858511  0.847933  0.870950  0.546926  0.795123  0.805207  0.906428  0.723486  0.412944  0.841014  0.809851  0.858244  0.194527  0.885469  0.588828  0.876094  0.769519  0.822763  0.900288  0.488698  0.266614  0.584675  0.230051  0.879467  0.367452  0.664096  0.828367  0.795626  0.586661  0.525739  0.213535  0.636109  0.444937  0.289731  0.116585  0.373916 0.0  0.271509  0.411673  0.384458  0.548578  0.844796  0.409026  0.843077  0.695933  0.284408  0.586575  0.379174  0.847752  0.568785  0.857571  0.843048  0.698283  0.642787  0.371527  0.749672  0.827302  0.847660  0.332170  0.822060  0.862928 
38  0.832987  0.846377  0.779120  0.735513  0.505327  0.844109  0.864985  0.882696  0.806668  0.582385  0.772883  0.858971  0.811443  0.372901  0.905616  0.597350  0.728031  0.646991  0.833018  0.834123  0.516783  0.094416  0.430584  0.190587  0.866866  0.178536  0.812288  0.767507  0.774263  0.427481  0.571811  0.405630  0.384878  0.181218  0.306913  0.309868  0.221662  0.271509 0.0  0.201256  0.228613  0.464573  0.983840  0.523829  0.778962  0.731090  0.530836  0.496584  0.083305  0.769554  0.346418  0.709397  0.900767  0.920785  0.515084  0.300732  0.883155  0.775901  0.863026  0.167663  0.971265  0.891944 
39  0.772998  0.860733  0.788364  0.841250  0.333971  0.893653  0.833853  0.838238  0.625154  0.536087  0.789422  0.764114  0.659125  0.373353  0.872186  0.612798  0.797280  0.621426  0.797045  0.848203  0.386186  0.237061  0.438744  0.251172  0.879330  0.093355  0.698100  0.746427  0.754781  0.318617  0.357471  0.343611  0.323708  0.239251  0.270616  0.300782  0.083305  0.411673  0.201256 0.0  0.251124  0.368662  0.879230  0.610472  0.798458  0.716070  0.590148  0.449495  0.173675  0.813440  0.380971  0.793113  0.857775  0.761444  0.309547  0.191724  0.873501  0.841433  0.802489  0.172412  0.781877  0.827361 
40  0.803433  0.834049  0.853242  0.788462  0.545906  0.770214  0.932423  0.814933  0.730005  0.608819  0.665082  0.869231  0.726544  0.385281  0.807022  0.581539  0.761445  0.729239  0.828995  0.844382  0.448427  0.149549  0.401355  0.331423  0.842818  0.234864  0.718384  0.839208  0.744616  0.273377  0.393795  0.480202  0.337148  0.260878  0.376722  0.324835  0.178873  0.384458  0.228613  0.251124 0.0  0.485362  0.752847  0.556879  0.777400  0.741463  0.617652  0.306659  0.259865  0.831027  0.370765  0.753836  0.841622  0.755722  0.350403  0.220302  0.916818  0.837757  0.795913  0.245503  0.813619  0.846887 
41  0.774464  0.843861  0.888579  0.821695  0.100598  0.777042  0.901394  0.894681  0.739489  0.743507  0.832821  0.856641  0.586483  0.659885  0.873890  0.504532  0.790937  0.781458  0.928541  0.906749  0.083305  0.318447  0.139663  0.423645  0.805223  0.335885  0.696679  0.853705  0.832101  0.266614  0.250288  0.605833  0.407919  0.413214  0.332130  0.490469  0.411886  0.548578  0.464573  0.368662  0.485362 0.0  0.875340  0.398359  0.781761  0.803176  0.296116  0.330456  0.515344  0.809173  0.268434  0.843550  0.886935  0.782656  0.492947  0.443072  0.904064  0.842131  0.746713  0.416605  0.873834  0.881275 
42  0.787421  0.315045  0.600168  0.323187  0.927352  0.315334  0.361865  0.408255  0.690442  0.876422  0.775408  0.867862  0.797989  0.832904  0.635359  0.454622  0.758238  0.759531  0.823975  0.896527  0.974554  0.758860  0.848466  0.767472  0.390754  0.839443  0.683374  0.857345  0.595914  0.886775  0.905597  0.825505  0.867333  0.858598  0.788958  0.828650  0.850492  0.844796  0.983840  0.879230  0.752847  0.875340 0.0  0.874295  0.805982  0.714896  0.822180  0.829296  0.863581  0.801063  0.837470  0.872503  0.513676  0.764916  0.862891  0.919618  0.561742  0.641549  0.806574  0.763733  0.942234  0.839851 
43  0.818062  0.841923  0.898541  0.894725  0.439530  0.858598  0.882392  0.794643  0.668127  0.259697  0.706778  0.811350  0.686621  0.375070  0.886135  0.638513  0.700407  0.651299  0.842755  0.880785  0.302942  0.541202  0.334224  0.546743  0.787245  0.610460  0.600767  0.761547  0.701617  0.524301  0.377135  0.415722  0.520875  0.652477  0.298726  0.279383  0.530074  0.409026  0.523829  0.610472  0.556879  0.398359  0.874295 0.0  0.804993  0.814998  0.225261  0.435243  0.594310  0.743361  0.363472  0.723213  0.886142  0.789585  0.393439  0.487028  0.824184  0.821947  0.864413  0.387150  0.939095  0.885651 
44  0.205434  0.792207  0.771612  0.863251  0.742680  0.742028  0.846077  0.788554  0.411466  0.515370  0.810431  0.754766  0.323762  0.827714  0.779251  0.571911  0.224445  0.793584  0.714698  0.803739  0.755030  0.816233  0.706141  0.785003  0.657182  0.832961  0.410637  0.798073  0.541590  0.563025  0.766548  0.850598  0.537723  0.602443  0.683510  0.719708  0.806361  0.843077  0.778962  0.798458  0.777400  0.781761  0.805982  0.804993 0.0  0.083305  0.881515  0.796267  0.809467  0.234902  0.837191  0.243153  0.752419  0.287674  0.720660  0.789574  0.922010  0.775605  0.901517  0.752014  0.703255  0.776196 
45  0.149539  0.835583  0.823352  0.742139  0.763089  0.790234  0.743860  0.866262  0.345349  0.523141  0.674129  0.846558  0.326891  0.776969  0.815575  0.510694  0.213222  0.583444  0.786166  0.815705  0.762307  0.825471  0.794956  0.692042  0.749375  0.957217  0.270066  0.840971  0.454927  0.522683  0.805342  0.823608  0.582768  0.679661  0.687123  0.887073  0.783354  0.695933  0.731090  0.716070  0.741463  0.803176  0.714896  0.814998  0.083305 0.0  0.723609  0.771937  0.766623  0.440744  0.922164  0.142996  0.729344  0.310041  0.801865  0.805631  0.820130  0.847820  0.688806  0.690128  0.807800  0.891804 
46  0.795608  0.872296  0.753562  0.809155  0.374471  0.856812  0.801672  0.843680  0.772891  0.393240  0.793216  0.852422  0.802718  0.345758  0.851431  0.528767  0.791693  0.770255  0.782544  0.839009  0.378924  0.483691  0.379153  0.532007  0.813018  0.553533  0.721335  0.733123  0.758242  0.529190  0.381614  0.425918  0.506620  0.560796  0.382126  0.304293  0.533666  0.284408  0.530836  0.590148  0.617652  0.296116  0.822180  0.225261  0.881515  0.723609 0.0  0.333107  0.646443  0.883351  0.290355  0.788649  0.758768  0.844385  0.336423  0.552269  0.746607  0.818340  0.853404  0.497671  0.862491  0.947182 
47  0.784234  0.844569  0.786417  0.796312  0.285476  0.809406  0.844541  0.802760  0.733805  0.569906  0.728998  0.811726  0.769493  0.611501  0.881318  0.625461  0.841244  0.709326  0.880139  0.835640  0.353568  0.394582  0.083305  0.411745  0.845665  0.399328  0.613073  0.945405  0.828708  0.326534  0.090461  0.659625  0.225442  0.445614  0.383760  0.470708  0.440855  0.586575  0.496584  0.449495  0.306659  0.330456  0.829296  0.435243  0.796267  0.771937  0.333107 0.0  0.473563  0.697417  0.148570  0.814820  0.936733  0.818679  0.129947  0.381315  0.816209  0.879299  0.777368  0.408181  0.812230  0.839837 
48  0.733945  0.755378  0.823805  0.911711  0.503734  0.930775  0.791154  0.858237  0.694113  0.557352  0.836119  0.838523  0.752659  0.387098  0.924479  0.542566  0.860115  0.823321  0.818386  0.811024  0.455914  0.190410  0.385176  0.097400  0.845251  0.108772  0.773460  0.769386  0.780240  0.386885  0.494274  0.360470  0.337669  0.083305  0.365725  0.279209  0.166952  0.379174  0.083305  0.173675  0.259865  0.515344  0.863581  0.594310  0.809467  0.766623  0.646443  0.473563 0.0  0.823261  0.352386  0.927458  0.875246  0.812539  0.497294  0.212350  0.896565  0.718253  0.748753  0.195913  0.838879  0.960912 
49  0.150577  0.745713  0.806691  0.760037  0.752011  0.758458  0.755135  0.830713  0.383575  0.533396  0.818513  0.818961  0.342797  0.786144  0.713625  0.596797  0.271847  0.724009  0.714991  0.792564  0.887835  0.821673  0.829484  0.798646  0.737401  0.839079  0.364017  0.796044  0.512622  0.656118  0.858131  0.803803  0.541107  0.744708  0.678364  0.720753  0.694525  0.847752  0.769554  0.813440  0.831027  0.809173  0.801063  0.743361  0.234902  0.440744  0.883351  0.697417  0.823261 0.0  0.775345  0.163724  0.901941  0.172783  0.773162  0.775163  0.817169  0.811907  0.729986  0.824933  0.762711  0.878433 
50  0.848852  0.734236  0.898914  0.866653  0.333630  0.924730  0.809182  0.827374  0.704657  0.683948  0.904896  0.784753  0.710572  0.626184  0.925207  0.610385  0.789914  0.778495  0.788326  0.796944  0.220044  0.446399  0.213587  0.430066  0.826072  0.378296  0.788661  0.836998  0.858111  0.393549  0.382999  0.700265  0.316601  0.298970  0.297683  0.723119  0.465673  0.568785  0.346418  0.380971  0.370765  0.268434  0.837470  0.363472  0.837191  0.922164  0.290355  0.148570  0.352386  0.775345 0.0  0.826429  0.811644  0.677719  0.357700  0.389051  0.845426  0.881307  0.793709  0.421045  0.874394  0.939606 
51  0.221269  0.788542  0.845476  0.788641  0.748587  0.796630  0.830180  0.863944  0.291641  0.539617  0.801968  0.873711  0.334867  0.761398  0.766914  0.588550  0.192558  0.722153  0.740808  0.708300  0.804570  0.785929  0.860662  0.796326  0.783153  0.859724  0.343916  0.797571  0.543463  0.521663  0.768510  0.778548  0.586932  0.822545  0.780049  0.817582  0.826829  0.857571  0.709397  0.793113  0.753836  0.843550  0.872503  0.723213  0.243153  0.142996  0.788649  0.814820  0.927458  0.163724  0.826429 0.0  0.818760  0.242244  0.826317  0.813157  0.760785  0.711330  0.838814  0.809402  0.835292  0.769956 
52  0.839030  0.521390  0.219324  0.470323  0.852830  0.444993  0.646943  0.500428  0.697843  0.817383  0.851573  0.879554  0.477050  0.857437  0.175119  0.535536  0.795590  0.511234  0.934975  0.781218  0.906706  0.857187  0.840918  0.818783  0.572270  0.856104  0.513815  0.766038  0.787102  0.747575  0.884490  0.956646  0.881552  0.894929  0.809805  0.882119  0.873158  0.843048  0.900767  0.857775  0.841622  0.886935  0.513676  0.886142  0.752419  0.729344  0.758768  0.936733  0.875246  0.901941  0.811644  0.818760 0.0  0.777363  0.877369  0.879216  0.133419  0.222066  0.811805  0.876893  0.830349  0.897582 
53  0.180138  0.797144  0.855530  0.891060  0.811727  0.741009  0.799078  0.835995  0.348153  0.527933  0.763843  0.814425  0.317641  0.824852  0.785747  0.545100  0.196479  0.638963  0.773704  0.713504  0.815640  0.779934  0.870007  0.792193  0.750960  0.740373  0.368521  0.740563  0.486489  0.493480  0.822435  0.744535  0.570361  0.723715  0.748123  0.763584  0.799150  0.698283  0.920785  0.761444  0.755722  0.782656  0.764916  0.789585  0.287674  0.310041  0.844385  0.818679  0.812539  0.172783  0.677719  0.242244  0.777363 0.0  0.723799  0.784226  0.792507  0.791133  0.837805  0.906162  0.723932  0.839730 
54  0.889067  0.738103  0.846170  0.774699  0.245388  0.875632  0.890638  0.810685  0.688522  0.447879  0.715871  0.790643  0.729077  0.595256  0.911221  0.579646  0.819187  0.814636  0.860233  0.951211  0.263548  0.468358  0.223171  0.429746  0.791460  0.448888  0.689595  0.837520  0.632833  0.484525  0.083305  0.662371  0.409736  0.537759  0.343435  0.517775  0.252134  0.642787  0.515084  0.309547  0.350403  0.492947  0.862891  0.393439  0.720660  0.801865  0.336423  0.129947  0.497294  0.773162  0.357700  0.826317  0.877369  0.723799 0.0  0.421953  0.830371  0.803009  0.863823  0.334638  0.862614  0.777124 
55  0.809637  0.833889  0.851062  0.888896  0.391672  0.826183  0.835863  0.792181  0.842214  0.609455  0.843353  0.803406  0.745105  0.387880  0.834249  0.600028  0.812927  0.775216  0.928551  0.857024  0.534373  0.204463  0.289893  0.208941  0.847404  0.182876  0.710966  0.805300  0.965742  0.421508  0.448646  0.404681  0.338809  0.254582  0.388870  0.256984  0.148687  0.371527  0.300732  0.191724  0.220302  0.443072  0.919618  0.487028  0.789574  0.805631  0.552269  0.381315  0.212350  0.775163  0.389051  0.813157  0.879216  0.784226  0.421953 0.0  0.813940  0.932498  0.820533  0.234483  0.874112  0.922196 
56  0.774763  0.563204  0.162032  0.497266  0.783804  0.499344  0.508510  0.539345  0.710730  0.841570  0.813876  0.879353  0.419123  0.861260  0.185481  0.586106  0.716336  0.428651  0.838466  0.813211  0.938878  0.848818  0.814493  0.793471  0.530605  0.754908  0.514794  0.788257  0.877400  0.848281  0.820835  0.826005  0.874847  0.738809  0.732508  0.915877  0.842421  0.749672  0.883155  0.873501  0.916818  0.904064  0.561742  0.824184  0.922010  0.820130  0.746607  0.816209  0.896565  0.817169  0.845426  0.760785  0.133419  0.792507  0.830371  0.813940 0.0  0.126302  0.796184  0.945598  0.783812  0.798393 
57  0.774786  0.536324  0.244423  0.578584  0.811560  0.479875  0.522235  0.473751  0.636147  0.820671  0.813765  0.807706  0.394193  0.856076  0.144259  0.545649  0.825970  0.490832  0.858877  0.883260  0.817230  0.762850  0.819646  0.835101  0.510632  0.839396  0.526762  0.866094  0.818022  0.803769  0.791116  0.667151  0.824847  0.753392  0.630268  0.884199  0.818873  0.827302  0.775901  0.841433  0.837757  0.842131  0.641549  0.821947  0.775605  0.847820  0.818340  0.879299  0.718253  0.811907  0.881307  0.711330  0.222066  0.791133  0.803009  0.932498  0.126302 0.0  0.776265  0.778139  0.806602  0.847617 
58  0.744794  0.701200  0.879169  0.825344  0.811644  0.736094  0.826298  0.772980  0.711683  0.741750  0.489982  0.499682  0.683035  0.861424  0.864839  0.635793  0.797520  0.601172  0.840435  0.803238  0.797287  0.705571  0.775345  0.792204  0.858791  0.755345  0.719310  0.443247  0.895161  0.774451  0.756110  0.878120  0.892563  0.737995  0.646821  0.826076  0.765119  0.847660  0.863026  0.802489  0.795913  0.746713  0.806574  0.864413  0.901517  0.688806  0.853404  0.777368  0.748753  0.729986  0.793709  0.838814  0.811805  0.837805  0.863823  0.820533  0.796184  0.776265 0.0  0.753016  0.770859  0.818747 
59  0.796112  0.770420  0.763533  0.903116  0.342167  0.883063  0.883417  0.813308  0.692316  0.494222  0.674849  0.812307  0.745224  0.360105  0.905353  0.554897  0.816698  0.800371  0.821761  0.845973  0.369419  0.152186  0.392958  0.168154  0.830819  0.237407  0.681080  0.855874  0.802144  0.463555  0.376389  0.314770  0.372276  0.208221  0.316955  0.390340  0.133751  0.332170  0.167663  0.172412  0.245503  0.416605  0.763733  0.387150  0.752014  0.690128  0.497671  0.408181  0.195913  0.824933  0.421045  0.809402  0.876893  0.906162  0.334638  0.234483  0.945598  0.778139  0.753016 0.0  0.805676  0.755808 
60  0.813411  0.835131  0.810057  0.834116  0.861807  0.815129  0.860322  0.790287  0.505940  0.863616  0.747745  0.845081  0.660864  0.890731  0.871237  0.612289  0.787129  0.479768  0.098601  0.113896  0.939031  0.950728  0.917178  0.787887  0.813925  0.883754  0.744466  0.814597  0.767003  0.898050  0.897875  0.967722  0.828644  0.852592  0.792141  0.933850  0.957418  0.822060  0.971265  0.781877  0.813619  0.873834  0.942234  0.939095  0.703255  0.807800  0.862491  0.812230  0.838879  0.762711  0.874394  0.835292  0.830349  0.723932  0.862614  0.874112  0.783812  0.806602  0.770859  0.805676 0.0  0.083305 
61  0.874599  0.844757  0.862625  0.871067  0.943278  0.867410  0.768435  0.856633  0.496234  0.925288  0.737098  0.811400  0.749270  0.821893  0.814863  0.647016  0.712750  0.302529  0.110512  0.083305  0.835637  0.873910  0.796996  0.785982  0.867042  0.842942  0.744849  0.723616  0.759904  0.816647  0.912830  0.907673  0.745833  0.801682  0.820013  0.917739  0.761590  0.862928  0.891944  0.827361  0.846887  0.881275  0.839851  0.885651  0.776196  0.891804  0.947182  0.839837  0.960912  0.878433  0.939606  0.769956  0.897582  0.839730  0.777124  0.922196  0.798393  0.847617  0.818747  0.755808  0.083305 0.0 
