62
0 0.0  0.712104  0.785872  0.819065  0.750389  0.753278  0.754252  0.803910  0.372713  0.540561  0.762000  0.734136  0.391440  0.701185  0.756144  0.589580  0.083265  0.671565  0.739873  0.727760  0.733094  0.724563  0.860643  0.727079  0.753185  0.756077  0.339021  0.887991  0.445109  0.674479  0.800943  0.815799  0.639197  0.736350  0.698523  0.793538  0.743347  0.807484  0.741518  0.761699  0.872372  0.787712  0.812343  0.851661  0.293060  0.271979  0.816589  0.778405  0.749524  0.248926  0.799995  0.275670  0.774329  0.295514  0.764324  0.752288  0.778863  0.737476  0.827584  0.746954  0.731021  0.822731 
1  0.712104 0.0  0.505965  0.119674  0.712267  0.083265  0.152170  0.099434  0.653044  0.887354  0.798348  0.837364  0.613647  0.788516  0.619632  0.509988  0.695276  0.623910  0.886236  0.718593  0.887926  0.847635  0.813932  0.800010  0.186093  0.848077  0.710138  0.834794  0.552219  0.893917  0.871424  0.870701  0.769052  0.793294  0.682074  0.801866  0.838748  0.686961  0.622932  0.870016  0.782801  0.839029  0.266241  0.715092  0.832255  0.667792  0.821196  0.796998  0.731522  0.749549  0.770300  0.779949  0.587020  0.792386  0.835913  0.775596  0.597435  0.572118  0.757705  0.817821  0.853914  0.790245 
2  0.785872  0.505965 0.0  0.545293  0.865432  0.554278  0.561775  0.541674  0.753733  0.807511  0.736211  0.808664  0.400398  0.771060  0.266802  0.530186  0.841732  0.420589  0.757787  0.878702  0.898579  0.784014  0.748654  0.851062  0.585271  0.833999  0.538878  0.768549  0.685372  0.815505  0.855212  0.849087  0.939712  0.840455  0.744380  0.847726  0.810165  0.843539  0.829266  0.835181  0.804934  0.845288  0.617164  0.725676  0.749033  0.849960  0.786041  0.755095  0.788878  0.809120  0.908555  0.809229  0.168719  0.740327  0.824128  0.896031  0.131348  0.116320  0.755789  0.910824  0.854081  0.874910 
3  0.819065  0.119674  0.545293 0.0  0.756479  0.083265  0.091996  0.083265  0.660218  0.701478  0.817818  0.829830  0.761386  0.747086  0.553347  0.618815  0.666309  0.630004  0.851720  0.773333  0.824018  0.861901  0.714291  0.875723  0.218878  0.837057  0.670401  0.802317  0.597167  0.774232  0.841409  0.750699  0.828377  0.753745  0.694087  0.847823  0.821433  0.848280  0.836018  0.914588  0.756868  0.847186  0.403379  0.771137  0.779426  0.797758  0.722315  0.896192  0.789109  0.817857  0.681921  0.707826  0.580253  0.677837  0.774933  0.838949  0.582017  0.524129  0.711786  0.763963  0.829905  0.742636 
4  0.750389  0.712267  0.865432  0.756479 0.0  0.792686  0.851575  0.733093  0.692747  0.552435  0.779971  0.804192  0.689165  0.553197  0.862339  0.538589  0.742624  0.682947  0.867613  0.879832  0.087689  0.365579  0.214815  0.392497  0.788240  0.427913  0.746903  0.828302  0.803912  0.420076  0.279665  0.476930  0.301921  0.439563  0.325539  0.457041  0.362678  0.467093  0.485590  0.327771  0.390307  0.083265  0.790368  0.468845  0.806468  0.831710  0.346788  0.396007  0.489965  0.762587  0.215972  0.758241  0.858866  0.809512  0.261381  0.373678  0.880466  0.757622  0.737196  0.329873  0.828007  0.938153 
5  0.753278  0.083265  0.554278  0.083265  0.792686 0.0  0.083265  0.083265  0.647919  0.764587  0.757028  0.871738  0.697548  0.695753  0.502893  0.577107  0.723168  0.736689  0.889721  0.733100  0.880343  0.832361  0.782243  0.809601  0.185293  0.905980  0.706524  0.783903  0.615735  0.813694  0.822045  0.783932  0.686649  0.827742  0.664089  0.840925  0.926499  0.820048  0.745591  0.872643  0.849459  0.830661  0.379940  0.794421  0.838702  0.755514  0.750533  0.893208  0.817475  0.759540  0.787708  0.786690  0.500712  0.812128  0.708000  0.829142  0.481962  0.469527  0.739904  0.819653  0.756645  0.829196 
6  0.754252  0.152170  0.561775  0.091996  0.851575  0.083265 0.0  0.083265  0.702023  0.887464  0.816467  0.833580  0.612240  0.840717  0.560538  0.471211  0.807197  0.806534  0.798393  0.772226  0.788867  0.811965  0.813213  0.699194  0.173688  0.854488  0.739443  0.725052  0.515549  0.787705  0.732492  0.834948  0.797587  0.785530  0.639996  0.758976  0.786016  0.882053  0.842092  0.813877  0.845272  0.916098  0.342533  0.771029  0.739613  0.760062  0.718303  0.717292  0.770089  0.728352  0.871398  0.709322  0.578082  0.727216  0.850354  0.859943  0.517330  0.618266  0.817091  0.794204  0.827711  0.808256 
7  0.803910  0.099434  0.541674  0.083265  0.733093  0.083265  0.083265 0.0  0.619063  0.904167  0.876743  0.917783  0.655651  0.805229  0.518808  0.445062  0.797351  0.716722  0.775889  0.794274  0.832272  0.789808  0.843016  0.840169  0.257062  0.716500  0.708003  0.799910  0.640852  0.800660  0.855180  0.693307  0.815308  0.816668  0.619203  0.866447  0.807624  0.850803  0.765526  0.856369  0.845668  0.748491  0.265961  0.794648  0.785351  0.697342  0.749576  0.776328  0.838046  0.796661  0.837608  0.835446  0.536608  0.821479  0.860053  0.828742  0.581776  0.532396  0.772659  0.796558  0.798135  0.787107 
8  0.372713  0.653044  0.753733  0.660218  0.692747  0.647919  0.702023  0.619063 0.0  0.631829  0.671976  0.698876  0.358021  0.673249  0.703343  0.622624  0.291295  0.634751  0.488256  0.358375  0.646014  0.708008  0.753350  0.663264  0.837573  0.721694  0.344775  0.718563  0.406021  0.658561  0.737227  0.691874  0.785533  0.691225  0.747418  0.677725  0.703057  0.664519  0.690797  0.637294  0.688967  0.646555  0.771343  0.715335  0.335252  0.453385  0.710706  0.731925  0.751460  0.323469  0.665190  0.382029  0.661575  0.283906  0.713169  0.705731  0.724394  0.707099  0.692183  0.703144  0.376852  0.472830 
9  0.540561  0.887354  0.807511  0.701478  0.552435  0.764587  0.887464  0.904167  0.631829 0.0  0.717029  0.857812  0.651847  0.348402  0.781823  0.543167  0.556888  0.703123  0.731037  0.812960  0.678885  0.660394  0.554973  0.573208  0.858876  0.552345  0.742042  0.707060  0.765697  0.309624  0.581426  0.292776  0.318551  0.533241  0.405056  0.358888  0.467090  0.403740  0.541296  0.518424  0.630053  0.621288  0.865319  0.345085  0.549268  0.516771  0.419232  0.603310  0.555782  0.586710  0.601929  0.458487  0.887927  0.537329  0.662492  0.511799  0.798049  0.791524  0.826338  0.592042  0.797229  0.865268 
10  0.762000  0.798348  0.736211  0.817818  0.779971  0.757028  0.816467  0.876743  0.671976  0.717029 0.0  0.149095  0.700218  0.730295  0.745024  0.486027  0.732608  0.669619  0.809286  0.798154  0.786603  0.706653  0.729059  0.717740  0.776212  0.771213  0.663203  0.253666  0.772401  0.724577  0.796268  0.754881  0.741909  0.713276  0.601463  0.797344  0.767937  0.771596  0.782299  0.691397  0.731282  0.804174  0.843979  0.825941  0.764313  0.758075  0.734677  0.713036  0.764429  0.726529  0.727230  0.815833  0.751272  0.775342  0.709338  0.694226  0.810968  0.829667  0.446693  0.918697  0.835527  0.750828 
11  0.734136  0.837364  0.808664  0.829830  0.804192  0.871738  0.833580  0.917783  0.698876  0.857812  0.149095 0.0  0.654270  0.960626  0.770570  0.601371  0.776047  0.718852  0.720431  0.802560  0.690666  0.792703  0.806313  0.781971  0.855133  0.776488  0.699214  0.247693  0.770949  0.870540  0.734952  0.819359  0.915025  0.747839  0.731324  0.758462  0.800156  0.805570  0.793809  0.788540  0.768036  0.846524  0.859130  0.884341  0.807993  0.776006  0.808936  0.793675  0.845486  0.802203  0.819225  0.801965  0.775342  0.790645  0.854554  0.861290  0.915091  0.772537  0.543873  0.727787  0.763768  0.774155 
12  0.391440  0.613647  0.400398  0.761386  0.689165  0.697548  0.612240  0.655651  0.358021  0.651847  0.700218  0.654270 0.0  0.822045  0.529608  0.598074  0.284929  0.487203  0.734766  0.647865  0.618308  0.652821  0.722999  0.673709  0.743542  0.634659  0.179503  0.728604  0.345066  0.699110  0.735273  0.762718  0.705043  0.561899  0.704523  0.745384  0.636075  0.709876  0.718406  0.645269  0.662365  0.644244  0.653454  0.639518  0.331697  0.355203  0.663370  0.622361  0.648227  0.309247  0.713028  0.298307  0.483679  0.323803  0.627817  0.644618  0.502937  0.448127  0.759060  0.742371  0.704166  0.675273 
13  0.701185  0.788516  0.771060  0.747086  0.553197  0.695753  0.840717  0.805229  0.673249  0.348402  0.730295  0.960626  0.822045 0.0  0.729711  0.582887  0.757909  0.715986  0.804509  0.836265  0.476397  0.261988  0.540203  0.344276  0.806996  0.317659  0.712033  0.850321  0.837362  0.583212  0.565637  0.260633  0.579065  0.495078  0.275440  0.222840  0.285058  0.147678  0.432877  0.289450  0.400478  0.623130  0.874359  0.295133  0.805392  0.816070  0.416156  0.593610  0.496081  0.773040  0.517338  0.753359  0.830054  0.810336  0.536918  0.366257  0.791983  0.828211  0.829062  0.305350  0.803287  0.826861 
14  0.756144  0.619632  0.266802  0.553347  0.862339  0.502893  0.560538  0.518808  0.703343  0.781823  0.745024  0.770570  0.529608  0.729711 0.0  0.572868  0.734707  0.569210  0.745891  0.927871  0.885816  0.825302  0.827603  0.848550  0.482009  0.878794  0.388201  0.775078  0.759990  0.737960  0.887066  0.819775  0.870955  0.807087  0.709579  0.791683  0.833724  0.763129  0.955156  0.688497  0.823527  0.757286  0.632863  0.791670  0.770228  0.691989  0.716770  0.714965  0.901890  0.848185  0.804482  0.754670  0.132102  0.729853  0.903434  0.932803  0.122165  0.163190  0.682211  0.818222  0.867260  0.888317 
15  0.589580  0.509988  0.530186  0.618815  0.538589  0.577107  0.471211  0.445062  0.622624  0.543167  0.486027  0.601371  0.598074  0.582887  0.572868 0.0  0.533369  0.466944  0.552998  0.511527  0.583586  0.594285  0.517457  0.655889  0.609984  0.521325  0.577139  0.522999  0.509465  0.540768  0.559123  0.413713  0.510921  0.557017  0.585925  0.553024  0.581701  0.617181  0.530999  0.612998  0.515101  0.504203  0.631878  0.488600  0.533090  0.527537  0.558339  0.528462  0.557850  0.642214  0.616411  0.564970  0.509727  0.570981  0.612109  0.525199  0.554136  0.582733  0.523995  0.570324  0.538503  0.594840 
16  0.083265  0.695276  0.841732  0.666309  0.742624  0.723168  0.807197  0.797351  0.291295  0.556888  0.732608  0.776047  0.284929  0.757909  0.734707  0.533369 0.0  0.730481  0.882960  0.847217  0.798686  0.721360  0.844758  0.801341  0.794610  0.790247  0.353338  0.727276  0.468645  0.447174  0.607762  0.771772  0.593452  0.751533  0.722288  0.768439  0.726145  0.750025  0.686221  0.775913  0.723004  0.742137  0.733337  0.750972  0.241410  0.258149  0.906345  0.846374  0.684506  0.248672  0.746114  0.297537  0.664271  0.222615  0.688639  0.805373  0.775455  0.718955  0.844578  0.733594  0.737344  0.688398 
17  0.671565  0.623910  0.420589  0.630004  0.682947  0.736689  0.806534  0.716722  0.634751  0.703123  0.669619  0.718852  0.487203  0.715986  0.569210  0.466944  0.730481 0.0  0.333237  0.333733  0.693174  0.701363  0.724151  0.793832  0.627823  0.639895  0.409822  0.755874  0.778743  0.722918  0.742059  0.732217  0.678618  0.668569  0.748557  0.671404  0.726836  0.625160  0.741712  0.696440  0.652677  0.663503  0.724242  0.720105  0.764667  0.639116  0.774591  0.623957  0.712745  0.686036  0.827721  0.687471  0.403914  0.641860  0.741334  0.650555  0.400286  0.520848  0.727898  0.623637  0.399503  0.283308 
18  0.739873  0.886236  0.757787  0.851720  0.867613  0.889721  0.798393  0.775889  0.488256  0.731037  0.809286  0.720431  0.734766  0.804509  0.745891  0.552998  0.882960  0.333237 0.0  0.095461  0.860496  0.816900  0.884526  0.849233  0.813570  0.881629  0.778322  0.828904  0.727238  0.808348  1.000000  0.894535  0.817089  0.920166  0.706616  0.788575  0.788030  0.791639  0.888371  0.802584  0.863988  0.755474  0.881077  0.837863  0.754739  0.851458  0.777059  0.830529  0.865825  0.777454  0.749319  0.723602  0.902974  0.767168  0.865638  0.837408  0.869559  0.673205  0.760849  0.812179  0.083265  0.114803 
19  0.727760  0.718593  0.878702  0.773333  0.879832  0.733100  0.772226  0.794274  0.358375  0.812960  0.798154  0.802560  0.647865  0.836265  0.927871  0.511527  0.847217  0.333733  0.095461 0.0  0.896783  0.823860  0.801720  0.818285  0.687411  0.775291  0.728940  0.880507  0.796076  0.735328  0.786520  0.830727  0.840129  0.794168  0.742544  0.733362  0.770228  0.837152  0.882675  0.788974  0.812160  0.774646  0.851529  0.752332  0.873886  0.773307  0.786696  0.931522  0.845320  0.697794  0.745501  0.752608  0.839732  0.802039  0.853638  0.811682  0.744393  0.869942  0.757066  0.792916  0.101637  0.224002 
20  0.733094  0.887926  0.898579  0.824018  0.087689  0.880343  0.788867  0.832272  0.646014  0.678885  0.786603  0.690666  0.618308  0.476397  0.885816  0.583586  0.798686  0.693174  0.860496  0.896783 0.0  0.396345  0.177783  0.349267  0.819470  0.404815  0.766933  0.668100  0.713282  0.366858  0.265443  0.598795  0.439179  0.462893  0.384416  0.573037  0.258436  0.491821  0.513386  0.345708  0.466502  0.137362  0.890364  0.378186  0.699747  0.729387  0.381718  0.375023  0.478224  0.811862  0.212531  0.754717  0.828704  0.784513  0.319637  0.439512  0.880513  0.830201  0.683642  0.331223  0.765014  0.963627 
21  0.724563  0.847635  0.784014  0.861901  0.365579  0.832361  0.811965  0.789808  0.708008  0.660394  0.706653  0.792703  0.652821  0.261988  0.825302  0.594285  0.721360  0.701363  0.816900  0.823860  0.396345 0.0  0.436484  0.194536  0.742273  0.151032  0.689486  0.803238  0.652370  0.347840  0.387505  0.319037  0.405093  0.202219  0.295622  0.374464  0.234245  0.330599  0.215885  0.138025  0.194227  0.313500  0.794173  0.565240  0.817264  0.846742  0.503436  0.403393  0.168047  0.705288  0.338255  0.760968  0.941421  0.752598  0.396157  0.159751  0.800449  0.744087  0.776306  0.174864  0.767501  0.849507 
22  0.860643  0.813932  0.748654  0.714291  0.214815  0.782243  0.813213  0.843016  0.753350  0.554973  0.729059  0.806313  0.722999  0.540203  0.827603  0.517457  0.844758  0.724151  0.884526  0.801720  0.177783  0.436484 0.0  0.355234  0.873716  0.483427  0.704731  0.797548  0.704158  0.329081  0.175398  0.580361  0.457095  0.323614  0.329497  0.512076  0.412959  0.437413  0.359814  0.331960  0.407286  0.196495  0.844340  0.233857  0.789806  0.673649  0.303207  0.155303  0.315926  0.713620  0.216957  0.793033  0.784694  0.836849  0.171800  0.197892  0.892606  0.877022  0.851772  0.455575  0.815965  0.775649 
23  0.727079  0.800010  0.851062  0.875723  0.392497  0.809601  0.699194  0.840169  0.663264  0.573208  0.717740  0.781971  0.673709  0.344276  0.848550  0.655889  0.801341  0.793832  0.849233  0.818285  0.349267  0.194536  0.355234 0.0  0.812681  0.165672  0.716925  0.714170  0.808214  0.377760  0.357639  0.412652  0.487296  0.166330  0.243160  0.341675  0.121649  0.322745  0.191184  0.161081  0.151073  0.427259  0.831490  0.562102  0.721355  0.755327  0.561529  0.440216  0.196339  0.787381  0.359020  0.729740  0.788233  0.766165  0.484591  0.276311  0.730891  0.858430  0.701920  0.083265  0.795848  0.845013 
24  0.753185  0.186093  0.585271  0.218878  0.788240  0.185293  0.173688  0.257062  0.837573  0.858876  0.776212  0.855133  0.743542  0.806996  0.482009  0.609984  0.794610  0.627823  0.813570  0.687411  0.819470  0.742273  0.873716  0.812681 0.0  0.789581  0.643051  0.807830  0.583549  0.853483  0.796037  0.887284  0.870205  0.868289  0.695221  0.806881  0.773419  0.824222  0.762479  0.839040  0.901205  0.856387  0.318906  0.801606  0.739216  0.757571  0.841533  0.734621  0.827176  0.701457  0.714402  0.755175  0.477918  0.727497  0.795711  0.778033  0.434687  0.559014  0.727865  0.757623  0.709789  0.770642 
25  0.756077  0.848077  0.833999  0.837057  0.427913  0.905980  0.854488  0.716500  0.721694  0.552345  0.771213  0.776488  0.634659  0.317659  0.878794  0.521325  0.790247  0.639895  0.881629  0.775291  0.404815  0.151032  0.483427  0.165672  0.789581 0.0  0.751076  0.717239  0.709528  0.417611  0.404972  0.361667  0.441437  0.134636  0.418233  0.315010  0.282560  0.321866  0.248711  0.207466  0.220775  0.454507  0.794487  0.536482  0.719189  0.811948  0.445181  0.396972  0.191914  0.684530  0.328910  0.677939  0.688015  0.749622  0.470762  0.165796  0.724580  0.853950  0.849688  0.235046  0.805946  0.784043 
26  0.339021  0.710138  0.538878  0.670401  0.746903  0.706524  0.739443  0.708003  0.344775  0.742042  0.663203  0.699214  0.179503  0.712033  0.388201  0.577139  0.353338  0.409822  0.778322  0.728940  0.766933  0.689486  0.704731  0.716925  0.643051  0.751076 0.0  0.708167  0.320290  0.708851  0.658676  0.663355  0.758312  0.637619  0.694275  0.685595  0.724340  0.616923  0.703543  0.724136  0.823101  0.702317  0.707350  0.674792  0.344855  0.392517  0.640288  0.751751  0.700300  0.384967  0.713247  0.362522  0.486824  0.292500  0.638818  0.710823  0.431780  0.462739  0.634470  0.733564  0.691190  0.697688 
27  0.887991  0.834794  0.768549  0.802317  0.828302  0.783903  0.725052  0.799910  0.718563  0.707060  0.253666  0.247693  0.728604  0.850321  0.775078  0.522999  0.727276  0.755874  0.828904  0.880507  0.668100  0.803238  0.797548  0.714170  0.807830  0.717239  0.708167 0.0  0.756567  0.826601  0.807500  0.721155  0.862661  0.729437  0.721692  0.824118  0.748915  0.803606  0.795304  0.634976  0.765672  0.801763  0.775468  0.828126  0.791929  0.697132  0.715155  0.834159  0.735517  0.788943  0.749250  0.766438  0.715746  0.693700  0.838356  0.719783  0.793026  0.777502  0.564748  0.830737  0.743772  0.746812 
28  0.445109  0.552219  0.685372  0.597167  0.803912  0.615735  0.515549  0.640852  0.406021  0.765697  0.772401  0.770949  0.345066  0.837362  0.759990  0.509465  0.468645  0.778743  0.727238  0.796076  0.713282  0.652370  0.704158  0.808214  0.583549  0.709528  0.320290  0.756567 0.0  0.737352  0.750320  0.822548  0.729568  0.773557  0.689802  0.803461  0.868203  0.734797  0.694827  0.736523  0.874580  0.742401  0.512719  0.760761  0.492193  0.410922  0.744415  0.790092  0.688729  0.497535  0.736017  0.504531  0.781554  0.497589  0.869377  0.693358  0.761804  0.738102  0.741245  0.694757  0.768954  0.759299 
29  0.674479  0.893917  0.815505  0.774232  0.420076  0.813694  0.787705  0.800660  0.658561  0.309624  0.724577  0.870540  0.699110  0.583212  0.737960  0.540768  0.447174  0.722918  0.808348  0.735328  0.366858  0.347840  0.329081  0.377760  0.853483  0.417611  0.708851  0.826601  0.737352 0.0  0.390661  0.559514  0.280128  0.430737  0.285168  0.488041  0.425442  0.552649  0.424651  0.368845  0.347118  0.351702  0.861340  0.441406  0.487920  0.564735  0.435323  0.440469  0.347353  0.464290  0.341914  0.527021  0.876073  0.682945  0.427995  0.346467  0.874859  0.732736  0.751461  0.405913  0.862743  0.921696 
30  0.800943  0.871424  0.855212  0.841409  0.279665  0.822045  0.732492  0.855180  0.737227  0.581426  0.796268  0.734952  0.735273  0.565637  0.887066  0.559123  0.607762  0.742059  1.000000  0.786520  0.265443  0.387505  0.175398  0.357639  0.796037  0.404972  0.658676  0.807500  0.750320  0.390661 0.0  0.502604  0.272979  0.497715  0.314380  0.478964  0.173297  0.431817  0.559303  0.399519  0.441894  0.264989  0.808681  0.354843  0.775023  0.754001  0.384315  0.083265  0.567720  0.718720  0.248494  0.801888  0.872398  0.792030  0.119667  0.479939  0.693760  0.830017  0.748291  0.372375  0.864044  0.944776 
31  0.815799  0.870701  0.849087  0.750699  0.476930  0.783932  0.834948  0.693307  0.691874  0.292776  0.754881  0.819359  0.762718  0.260633  0.819775  0.413713  0.771772  0.732217  0.894535  0.830727  0.598795  0.319037  0.580361  0.412652  0.887284  0.361667  0.663355  0.721155  0.822548  0.559514  0.502604 0.0  0.649497  0.370235  0.437219  0.189719  0.297968  0.239417  0.378284  0.418866  0.348259  0.543445  0.872382  0.271733  0.789355  0.754690  0.420201  0.596764  0.501094  0.803530  0.525081  0.807866  0.856426  0.761322  0.554299  0.459735  0.731595  0.833703  0.755017  0.368722  0.989396  0.796879 
32  0.639197  0.769052  0.939712  0.828377  0.301921  0.686649  0.797587  0.815308  0.785533  0.318551  0.741909  0.915025  0.705043  0.579065  0.870955  0.510921  0.593452  0.678618  0.817089  0.840129  0.439179  0.405093  0.457095  0.487296  0.870205  0.441437  0.758312  0.862661  0.729568  0.280128  0.272979  0.649497 0.0  0.402845  0.236492  0.554397  0.474327  0.513633  0.460862  0.450594  0.363802  0.511174  0.838504  0.574382  0.615133  0.545574  0.577353  0.276854  0.500370  0.472228  0.454467  0.555421  0.874019  0.563127  0.328957  0.439491  0.828283  0.745448  0.756022  0.417782  0.891756  0.753937 
33  0.736350  0.793294  0.840455  0.753745  0.439563  0.827742  0.785530  0.816668  0.691225  0.533241  0.713276  0.747839  0.561899  0.495078  0.807087  0.557017  0.751533  0.668569  0.920166  0.794168  0.462893  0.202219  0.323614  0.166330  0.868289  0.134636  0.637619  0.729437  0.773557  0.430737  0.497715  0.370235  0.402845 0.0  0.402059  0.315329  0.171445  0.244766  0.165178  0.174557  0.223708  0.418076  0.803014  0.618116  0.766475  0.721891  0.568474  0.530619  0.216159  0.686874  0.364836  0.808085  0.964556  0.844677  0.437595  0.141333  0.873512  0.824474  0.746507  0.134120  0.858263  0.830225 
34  0.698523  0.682074  0.744380  0.694087  0.325539  0.664089  0.639996  0.619203  0.747418  0.405056  0.601463  0.731324  0.704523  0.275440  0.709579  0.585925  0.722288  0.748557  0.706616  0.742544  0.384416  0.295622  0.329497  0.243160  0.695221  0.418233  0.694275  0.721692  0.689802  0.285168  0.314380  0.437219  0.236492  0.402059 0.0  0.388199  0.358803  0.309020  0.279104  0.328817  0.354894  0.328976  0.629168  0.311792  0.735574  0.658196  0.282755  0.318715  0.253861  0.668671  0.352548  0.700677  0.651417  0.746239  0.358744  0.308853  0.749678  0.705491  0.642942  0.309906  0.699719  0.724558 
35  0.793538  0.801866  0.847726  0.847823  0.457041  0.840925  0.758976  0.866447  0.677725  0.358888  0.797344  0.758462  0.745384  0.222840  0.791683  0.553024  0.768439  0.671404  0.788575  0.733362  0.573037  0.374464  0.512076  0.341675  0.806881  0.315010  0.685595  0.824118  0.803461  0.488041  0.478964  0.189719  0.554397  0.315329  0.388199 0.0  0.331164  0.088500  0.252791  0.363177  0.339381  0.514388  0.813900  0.496560  0.795193  0.746614  0.255091  0.626933  0.250314  0.788840  0.477988  0.767646  0.857167  0.821900  0.598845  0.401912  0.824356  0.756199  0.796024  0.303218  0.732933  0.803249 
36  0.743347  0.838748  0.810165  0.821433  0.362678  0.926499  0.786016  0.807624  0.703057  0.467090  0.767937  0.800156  0.636075  0.285058  0.833724  0.581701  0.726145  0.726836  0.788030  0.770228  0.258436  0.234245  0.412959  0.121649  0.773419  0.282560  0.724340  0.748915  0.868203  0.425442  0.173297  0.297968  0.474327  0.171445  0.358803  0.331164 0.0  0.264192  0.268827  0.083265  0.122946  0.373915  0.787277  0.507002  0.756570  0.715319  0.612532  0.255076  0.099506  0.722692  0.438155  0.767928  0.872661  0.716224  0.379267  0.129435  0.914488  0.797042  0.752060  0.083265  0.815738  0.863036 
37  0.807484  0.686961  0.843539  0.848280  0.467093  0.820048  0.882053  0.850803  0.664519  0.403740  0.771596  0.805570  0.709876  0.147678  0.763129  0.617181  0.750025  0.625160  0.791639  0.837152  0.491821  0.330599  0.437413  0.322745  0.824222  0.321866  0.616923  0.803606  0.734797  0.552649  0.431817  0.239417  0.513633  0.244766  0.309020  0.088500  0.264192 0.0  0.275449  0.368322  0.198278  0.543796  0.820211  0.487623  0.731454  0.679626  0.299386  0.549539  0.317403  0.828459  0.565496  0.824546  0.833056  0.708986  0.527728  0.345032  0.744442  0.861826  0.727748  0.308096  0.744545  0.829717 
38  0.741518  0.622932  0.829266  0.836018  0.485590  0.745591  0.842092  0.765526  0.690797  0.541296  0.782299  0.793809  0.718406  0.432877  0.955156  0.530999  0.686221  0.741712  0.888371  0.882675  0.513386  0.215885  0.359814  0.191184  0.762479  0.248711  0.703543  0.795304  0.694827  0.424651  0.559303  0.378284  0.460862  0.165178  0.279104  0.252791  0.268827  0.275449 0.0  0.159669  0.271579  0.498019  0.774904  0.492851  0.840916  0.721940  0.569260  0.516177  0.083265  0.712548  0.293114  0.791382  0.830954  0.758091  0.520916  0.310399  0.806454  0.712220  0.686248  0.228319  0.904395  0.948985 
39  0.761699  0.870016  0.835181  0.914588  0.327771  0.872643  0.813877  0.856369  0.637294  0.518424  0.691397  0.788540  0.645269  0.289450  0.688497  0.612998  0.775913  0.696440  0.802584  0.788974  0.345708  0.138025  0.331960  0.161081  0.839040  0.207466  0.724136  0.634976  0.736523  0.368845  0.399519  0.418866  0.450594  0.174557  0.328817  0.363177  0.083265  0.368322  0.159669 0.0  0.167381  0.290674  0.785110  0.582046  0.826684  0.748973  0.479777  0.398809  0.187586  0.737294  0.340505  0.809743  0.917159  0.920752  0.298509  0.234052  0.766991  0.775090  0.793549  0.138652  0.881846  0.876562 
40  0.872372  0.782801  0.804934  0.756868  0.390307  0.849459  0.845272  0.845668  0.688967  0.630053  0.731282  0.768036  0.662365  0.400478  0.823527  0.515101  0.723004  0.652677  0.863988  0.812160  0.466502  0.194227  0.407286  0.151073  0.901205  0.220775  0.823101  0.765672  0.874580  0.347118  0.441894  0.348259  0.363802  0.223708  0.354894  0.339381  0.122946  0.198278  0.271579  0.167381 0.0  0.335503  0.869853  0.543158  0.708515  0.792573  0.487066  0.328817  0.234894  0.755063  0.434741  0.759165  0.816591  0.798060  0.401742  0.215202  0.787052  0.729783  0.804144  0.083265  0.788697  0.751912 
41  0.787712  0.839029  0.845288  0.847186  0.083265  0.830661  0.916098  0.748491  0.646555  0.621288  0.804174  0.846524  0.644244  0.623130  0.757286  0.504203  0.742137  0.663503  0.755474  0.774646  0.137362  0.313500  0.196495  0.427259  0.856387  0.454507  0.702317  0.801763  0.742401  0.351702  0.264989  0.543445  0.511174  0.418076  0.328976  0.514388  0.373915  0.543796  0.498019  0.290674  0.335503 0.0  0.781846  0.393077  0.726445  0.711778  0.242833  0.235142  0.558044  0.727550  0.209594  0.691849  0.845976  0.793392  0.322392  0.495614  0.830908  0.779351  0.724541  0.376581  0.794973  0.904909 
42  0.812343  0.266241  0.617164  0.403379  0.790368  0.379940  0.342533  0.265961  0.771343  0.865319  0.843979  0.859130  0.653454  0.874359  0.632863  0.631878  0.733337  0.724242  0.881077  0.851529  0.890364  0.794173  0.844340  0.831490  0.318906  0.794487  0.707350  0.775468  0.512719  0.861340  0.808681  0.872382  0.838504  0.803014  0.629168  0.813900  0.787277  0.820211  0.774904  0.785110  0.869853  0.781846 0.0  0.892523  0.776122  0.758117  0.797142  0.856895  0.845214  0.789641  0.854549  0.762099  0.567448  0.859716  0.809172  0.845420  0.557636  0.548294  0.729269  0.857074  0.848534  0.877222 
43  0.851661  0.715092  0.725676  0.771137  0.468845  0.794421  0.771029  0.794648  0.715335  0.345085  0.825941  0.884341  0.639518  0.295133  0.791670  0.488600  0.750972  0.720105  0.837863  0.752332  0.378186  0.565240  0.233857  0.562102  0.801606  0.536482  0.674792  0.828126  0.760761  0.441406  0.354843  0.271733  0.574382  0.618116  0.311792  0.496560  0.507002  0.487623  0.492851  0.582046  0.543158  0.393077  0.892523 0.0  0.761066  0.667296  0.151602  0.356409  0.482541  0.764962  0.363901  0.811750  0.809332  0.637329  0.381073  0.565988  0.895341  0.845501  0.763547  0.516293  0.832257  0.838756 
44  0.293060  0.832255  0.749033  0.779426  0.806468  0.838702  0.739613  0.785351  0.335252  0.549268  0.764313  0.807993  0.331697  0.805392  0.770228  0.533090  0.241410  0.764667  0.754739  0.873886  0.699747  0.817264  0.789806  0.721355  0.739216  0.719189  0.344855  0.791929  0.492193  0.487920  0.775023  0.789355  0.615133  0.766475  0.735574  0.795193  0.756570  0.731454  0.840916  0.826684  0.708515  0.726445  0.776122  0.761066 0.0  0.117920  0.789058  0.763827  0.761702  0.307427  0.778843  0.262051  0.748912  0.181004  0.778708  0.807450  0.824523  0.778545  0.799613  0.809509  0.726879  0.742789 
45  0.271979  0.667792  0.849960  0.797758  0.831710  0.755514  0.760062  0.697342  0.453385  0.516771  0.758075  0.776006  0.355203  0.816070  0.691989  0.527537  0.258149  0.639116  0.851458  0.773307  0.729387  0.846742  0.673649  0.755327  0.757571  0.811948  0.392517  0.697132  0.410922  0.564735  0.754001  0.754690  0.545574  0.721891  0.658196  0.746614  0.715319  0.679626  0.721940  0.748973  0.792573  0.711778  0.758117  0.667296  0.117920 0.0  0.785717  0.815879  0.804470  0.229711  0.716278  0.347312  0.694303  0.238858  0.732452  0.813933  0.796804  0.765835  0.753792  0.781418  0.851576  0.814344 
46  0.816589  0.821196  0.786041  0.722315  0.346788  0.750533  0.718303  0.749576  0.710706  0.419232  0.734677  0.808936  0.663370  0.416156  0.716770  0.558339  0.906345  0.774591  0.777059  0.786696  0.381718  0.503436  0.303207  0.561529  0.841533  0.445181  0.640288  0.715155  0.744415  0.435323  0.384315  0.420201  0.577353  0.568474  0.282755  0.255091  0.612532  0.299386  0.569260  0.479777  0.487066  0.242833  0.797142  0.151602  0.789058  0.785717 0.0  0.325015  0.507815  0.834279  0.423033  0.733508  0.825178  0.713717  0.255257  0.588105  0.692738  0.784538  0.708544  0.422301  0.822510  0.794216 
47  0.778405  0.796998  0.755095  0.896192  0.396007  0.893208  0.717292  0.776328  0.731925  0.603310  0.713036  0.793675  0.622361  0.593610  0.714965  0.528462  0.846374  0.623957  0.830529  0.931522  0.375023  0.403393  0.155303  0.440216  0.734621  0.396972  0.751751  0.834159  0.790092  0.440469  0.083265  0.596764  0.276854  0.530619  0.318715  0.626933  0.255076  0.549539  0.516177  0.398809  0.328817  0.235142  0.856895  0.356409  0.763827  0.815879  0.325015 0.0  0.513182  0.740043  0.219545  0.804184  0.887113  0.856241  0.083265  0.481671  0.891962  0.734453  0.816410  0.389256  0.901450  0.808478 
48  0.749524  0.731522  0.788878  0.789109  0.489965  0.817475  0.770089  0.838046  0.751460  0.555782  0.764429  0.845486  0.648227  0.496081  0.901890  0.557850  0.684506  0.712745  0.865825  0.845320  0.478224  0.168047  0.315926  0.196339  0.827176  0.191914  0.700300  0.735517  0.688729  0.347353  0.567720  0.501094  0.500370  0.216159  0.253861  0.250314  0.099506  0.317403  0.083265  0.187586  0.234894  0.558044  0.845214  0.482541  0.761702  0.804470  0.507815  0.513182 0.0  0.765934  0.374404  0.797652  0.846861  0.755390  0.417395  0.256234  0.805990  0.836873  0.792144  0.172969  0.827793  0.885035 
49  0.248926  0.749549  0.809120  0.817857  0.762587  0.759540  0.728352  0.796661  0.323469  0.586710  0.726529  0.802203  0.309247  0.773040  0.848185  0.642214  0.248672  0.686036  0.777454  0.697794  0.811862  0.705288  0.713620  0.787381  0.701457  0.684530  0.384967  0.788943  0.497535  0.464290  0.718720  0.803530  0.472228  0.686874  0.668671  0.788840  0.722692  0.828459  0.712548  0.737294  0.755063  0.727550  0.789641  0.764962  0.307427  0.229711  0.834279  0.740043  0.765934 0.0  0.738107  0.139401  0.749462  0.205449  0.782454  0.746397  0.851477  0.851224  0.765527  0.814977  0.770178  0.761486 
50  0.799995  0.770300  0.908555  0.681921  0.215972  0.787708  0.871398  0.837608  0.665190  0.601929  0.727230  0.819225  0.713028  0.517338  0.804482  0.616411  0.746114  0.827721  0.749319  0.745501  0.212531  0.338255  0.216957  0.359020  0.714402  0.328910  0.713247  0.749250  0.736017  0.341914  0.248494  0.525081  0.454467  0.364836  0.352548  0.477988  0.438155  0.565496  0.293114  0.340505  0.434741  0.209594  0.854549  0.363901  0.778843  0.716278  0.423033  0.219545  0.374404  0.738107 0.0  0.829405  0.790312  0.790202  0.210943  0.436718  0.864542  0.802892  0.838480  0.398674  0.828146  0.722503 
51  0.275670  0.779949  0.809229  0.707826  0.758241  0.786690  0.709322  0.835446  0.382029  0.458487  0.815833  0.801965  0.298307  0.753359  0.754670  0.564970  0.297537  0.687471  0.723602  0.752608  0.754717  0.760968  0.793033  0.729740  0.755175  0.677939  0.362522  0.766438  0.504531  0.527021  0.801888  0.807866  0.555421  0.808085  0.700677  0.767646  0.767928  0.824546  0.791382  0.809743  0.759165  0.691849  0.762099  0.811750  0.262051  0.347312  0.733508  0.804184  0.797652  0.139401  0.829405 0.0  0.743933  0.242869  0.788890  0.759243  0.721588  0.786895  0.752858  0.792518  0.698783  0.773102 
52  0.774329  0.587020  0.168719  0.580253  0.858866  0.500712  0.578082  0.536608  0.661575  0.887927  0.751272  0.775342  0.483679  0.830054  0.132102  0.509727  0.664271  0.403914  0.902974  0.839732  0.828704  0.941421  0.784694  0.788233  0.477918  0.688015  0.486824  0.715746  0.781554  0.876073  0.872398  0.856426  0.874019  0.964556  0.651417  0.857167  0.872661  0.833056  0.830954  0.917159  0.816591  0.845976  0.567448  0.809332  0.748912  0.694303  0.825178  0.887113  0.846861  0.749462  0.790312  0.743933 0.0  0.771479  0.869940  0.749191  0.204805  0.206911  0.748759  0.828815  0.908836  0.815414 
53  0.295514  0.792386  0.740327  0.677837  0.809512  0.812128  0.727216  0.821479  0.283906  0.537329  0.775342  0.790645  0.323803  0.810336  0.729853  0.570981  0.222615  0.641860  0.767168  0.802039  0.784513  0.752598  0.836849  0.766165  0.727497  0.749622  0.292500  0.693700  0.497589  0.682945  0.792030  0.761322  0.563127  0.844677  0.746239  0.821900  0.716224  0.708986  0.758091  0.920752  0.798060  0.793392  0.859716  0.637329  0.181004  0.238858  0.713717  0.856241  0.755390  0.205449  0.790202  0.242869  0.771479 0.0  0.787296  0.784740  0.813106  0.759091  0.633358  0.880613  0.774160  0.686461 
54  0.764324  0.835913  0.824128  0.774933  0.261381  0.708000  0.850354  0.860053  0.713169  0.662492  0.709338  0.854554  0.627817  0.536918  0.903434  0.612109  0.688639  0.741334  0.865638  0.853638  0.319637  0.396157  0.171800  0.484591  0.795711  0.470762  0.638818  0.838356  0.869377  0.427995  0.119667  0.554299  0.328957  0.437595  0.358744  0.598845  0.379267  0.527728  0.520916  0.298509  0.401742  0.322392  0.809172  0.381073  0.778708  0.732452  0.255257  0.083265  0.417395  0.782454  0.210943  0.788890  0.869940  0.787296 0.0  0.471184  0.820411  0.807703  0.829613  0.403915  0.906669  0.844050 
55  0.752288  0.775596  0.896031  0.838949  0.373678  0.829142  0.859943  0.828742  0.705731  0.511799  0.694226  0.861290  0.644618  0.366257  0.932803  0.525199  0.805373  0.650555  0.837408  0.811682  0.439512  0.159751  0.197892  0.276311  0.778033  0.165796  0.710823  0.719783  0.693358  0.346467  0.479939  0.459735  0.439491  0.141333  0.308853  0.401912  0.129435  0.345032  0.310399  0.234052  0.215202  0.495614  0.845420  0.565988  0.807450  0.813933  0.588105  0.481671  0.256234  0.746397  0.436718  0.759243  0.749191  0.784740  0.471184 0.0  0.690692  0.823392  0.698716  0.142012  0.734938  0.800757 
56  0.778863  0.597435  0.131348  0.582017  0.880466  0.481962  0.517330  0.581776  0.724394  0.798049  0.810968  0.915091  0.502937  0.791983  0.122165  0.554136  0.775455  0.400286  0.869559  0.744393  0.880513  0.800449  0.892606  0.730891  0.434687  0.724580  0.431780  0.793026  0.761804  0.874859  0.693760  0.731595  0.828283  0.873512  0.749678  0.824356  0.914488  0.744442  0.806454  0.766991  0.787052  0.830908  0.557636  0.895341  0.824523  0.796804  0.692738  0.891962  0.805990  0.851477  0.864542  0.721588  0.204805  0.813106  0.820411  0.690692 0.0  0.183969  0.901223  0.789478  0.841642  0.746288 
57  0.737476  0.572118  0.116320  0.524129  0.757622  0.469527  0.618266  0.532396  0.707099  0.791524  0.829667  0.772537  0.448127  0.828211  0.163190  0.582733  0.718955  0.520848  0.673205  0.869942  0.830201  0.744087  0.877022  0.858430  0.559014  0.853950  0.462739  0.777502  0.738102  0.732736  0.830017  0.833703  0.745448  0.824474  0.705491  0.756199  0.797042  0.861826  0.712220  0.775090  0.729783  0.779351  0.548294  0.845501  0.778545  0.765835  0.784538  0.734453  0.836873  0.851224  0.802892  0.786895  0.206911  0.759091  0.807703  0.823392  0.183969 0.0  0.774244  0.875378  0.830174  0.838807 
58  0.827584  0.757705  0.755789  0.711786  0.737196  0.739904  0.817091  0.772659  0.692183  0.826338  0.446693  0.543873  0.759060  0.829062  0.682211  0.523995  0.844578  0.727898  0.760849  0.757066  0.683642  0.776306  0.851772  0.701920  0.727865  0.849688  0.634470  0.564748  0.741245  0.751461  0.748291  0.755017  0.756022  0.746507  0.642942  0.796024  0.752060  0.727748  0.686248  0.793549  0.804144  0.724541  0.729269  0.763547  0.799613  0.753792  0.708544  0.816410  0.792144  0.765527  0.838480  0.752858  0.748759  0.633358  0.829613  0.698716  0.901223  0.774244 0.0  0.811996  0.780837  0.776142 
59  0.746954  0.817821  0.910824  0.763963  0.329873  0.819653  0.794204  0.796558  0.703144  0.592042  0.918697  0.727787  0.742371  0.305350  0.818222  0.570324  0.733594  0.623637  0.812179  0.792916  0.331223  0.174864  0.455575  0.083265  0.757623  0.235046  0.733564  0.830737  0.694757  0.405913  0.372375  0.368722  0.417782  0.134120  0.309906  0.303218  0.083265  0.308096  0.228319  0.138652  0.083265  0.376581  0.857074  0.516293  0.809509  0.781418  0.422301  0.389256  0.172969  0.814977  0.398674  0.792518  0.828815  0.880613  0.403915  0.142012  0.789478  0.875378  0.811996 0.0  0.794767  0.782409 
60  0.731021  0.853914  0.854081  0.829905  0.828007  0.756645  0.827711  0.798135  0.376852  0.797229  0.835527  0.763768  0.704166  0.803287  0.867260  0.538503  0.737344  0.399503  0.083265  0.101637  0.765014  0.767501  0.815965  0.795848  0.709789  0.805946  0.691190  0.743772  0.768954  0.862743  0.864044  0.989396  0.891756  0.858263  0.699719  0.732933  0.815738  0.744545  0.904395  0.881846  0.788697  0.794973  0.848534  0.832257  0.726879  0.851576  0.822510  0.901450  0.827793  0.770178  0.828146  0.698783  0.908836  0.774160  0.906669  0.734938  0.841642  0.830174  0.780837  0.794767 0.0  0.188850 
61  0.822731  0.790245  0.874910  0.742636  0.938153  0.829196  0.808256  0.787107  0.472830  0.865268  0.750828  0.774155  0.675273  0.826861  0.888317  0.594840  0.688398  0.283308  0.114803  0.224002  0.963627  0.849507  0.775649  0.845013  0.770642  0.784043  0.697688  0.746812  0.759299  0.921696  0.944776  0.796879  0.753937  0.830225  0.724558  0.803249  0.863036  0.829717  0.948985  0.876562  0.751912  0.904909  0.877222  0.838756  0.742789  0.814344  0.794216  0.808478  0.885035  0.761486  0.722503  0.773102  0.815414  0.686461  0.844050  0.800757  0.746288  0.838807  0.776142  0.782409  0.188850 0.0 
