62
0 0.0  0.839027  0.783763  0.727008  0.768298  0.772268  0.794386  0.757929  0.322653  0.543084  0.739263  0.768668  0.325702  0.831640  0.697641  0.595144  0.083056  0.651114  0.755399  0.812137  0.707569  0.750561  0.807845  0.759954  0.795440  0.798047  0.288855  0.688271  0.447512  0.528406  0.775273  0.677747  0.593133  0.817478  0.742805  0.750054  0.764383  0.717314  0.793568  0.771622  0.801321  0.782015  0.866479  0.762782  0.172967  0.314070  0.765426  0.826629  0.773730  0.203363  0.726416  0.161991  0.700388  0.349693  0.792884  0.741554  0.766474  0.789728  0.742148  0.743022  0.813587  0.754522 
1  0.839027 0.0  0.629714  0.210678  0.848629  0.083056  0.083056  0.083056  0.641488  0.768294  0.811611  0.830110  0.780684  0.732081  0.577678  0.514085  0.916258  0.691026  0.861908  0.775870  0.801837  0.781479  0.853830  0.762505  0.205717  0.792973  0.686867  0.805306  0.493408  0.815871  0.757636  0.863633  0.797384  0.858826  0.802035  0.749403  0.755009  0.809828  0.796403  0.758559  0.827952  0.750693  0.334533  0.841279  0.748881  0.852136  0.913752  0.944229  0.818766  0.736225  0.744891  0.895639  0.503017  0.705583  0.761108  0.786782  0.611030  0.452417  0.678026  0.853800  0.807627  0.714498 
2  0.783763  0.629714 0.0  0.498311  0.900777  0.444105  0.546292  0.483913  0.684336  0.871904  0.857148  0.760643  0.359409  0.918936  0.149591  0.669074  0.760682  0.480712  0.791350  0.950716  0.926993  0.874489  0.828556  0.817259  0.538887  0.778772  0.451282  0.776205  0.706440  0.917676  0.920287  0.818556  0.880393  0.880373  0.674219  0.879093  0.790165  0.837283  0.891322  0.799019  0.883478  0.873520  0.637387  0.810476  0.860563  0.806569  0.780216  0.811216  0.878938  0.877296  0.864765  0.828091  0.188714  0.785729  0.897589  0.803546  0.163911  0.239584  0.759611  0.796244  0.936037  0.808586 
3  0.727008  0.210678  0.498311 0.0  0.843701  0.083056  0.119560  0.159806  0.781211  0.817568  0.764698  0.886423  0.709123  0.845398  0.497108  0.522462  0.758386  0.753598  0.896082  0.780443  0.782639  0.750719  0.827029  0.842640  0.228511  0.857644  0.720087  0.772566  0.645888  0.860531  0.780911  0.816050  0.971612  0.789519  0.719675  0.859504  0.831812  0.841622  0.958582  0.864379  0.767774  0.874122  0.399064  0.682848  0.817396  0.738418  0.893422  0.823301  0.889978  0.828391  0.727120  0.769301  0.555269  0.832827  0.851485  0.817934  0.561768  0.562221  0.837586  0.797255  0.767989  0.760051 
4  0.768298  0.848629  0.900777  0.843701 0.0  0.745976  0.814113  0.801879  0.746267  0.630063  0.708981  0.830319  0.761965  0.599464  0.840355  0.544936  0.753659  0.650639  0.735482  0.775000  0.185063  0.405258  0.201794  0.391052  0.816896  0.432807  0.688213  0.834655  0.748382  0.227967  0.375384  0.687911  0.441607  0.439704  0.307919  0.457534  0.479117  0.482351  0.500219  0.320358  0.272640  0.083056  0.869110  0.417981  0.731931  0.879351  0.368053  0.237179  0.437738  0.756484  0.237289  0.814495  0.876157  0.887891  0.291715  0.441430  0.738974  0.734156  0.811043  0.391184  0.966213  0.824085 
5  0.772268  0.083056  0.444105  0.083056  0.745976 0.0  0.083056  0.083056  0.735255  0.778638  0.765146  0.809843  0.642584  0.863631  0.646003  0.530284  0.845732  0.762329  0.890986  0.849925  0.786113  0.766130  0.780417  0.728769  0.210570  0.786484  0.677626  0.772981  0.612688  0.755867  0.741633  0.783836  0.852097  0.845414  0.761418  0.843932  0.797575  0.892755  0.872171  0.762847  0.736615  0.787160  0.341211  0.779938  0.840624  0.684992  0.845342  0.796004  0.843144  0.867971  0.807786  0.773720  0.563788  0.839949  0.793251  0.812199  0.529231  0.617201  0.781644  0.825882  0.879199  0.903481 
6  0.794386  0.083056  0.546292  0.119560  0.814113  0.083056 0.0  0.105923  0.779715  0.808215  0.726858  0.872596  0.734270  0.790069  0.498550  0.543732  0.761809  0.710829  0.821658  0.805941  0.843019  0.798156  0.863464  0.813130  0.334698  0.811026  0.710708  0.712709  0.453278  0.778953  0.706429  0.789205  0.816821  0.859221  0.692076  0.770392  0.876227  0.901695  0.837352  0.897252  0.790037  0.746328  0.253765  0.848629  0.701274  0.810056  0.780962  0.852669  0.822092  0.769078  0.819461  0.759257  0.513661  0.714879  0.814786  0.938327  0.501736  0.625521  0.700709  0.792105  0.752585  0.673828 
7  0.757929  0.083056  0.483913  0.159806  0.801879  0.083056  0.105923 0.0  0.646649  0.890034  0.804358  0.842685  0.731645  0.837788  0.422286  0.518080  0.760979  0.747067  0.828743  0.823545  0.790595  0.907032  0.756758  0.805035  0.226936  0.851360  0.720583  0.784102  0.499953  0.859740  0.857379  0.880267  0.799048  0.864811  0.713048  0.812466  0.817293  0.876748  0.845802  0.812041  0.796497  0.789637  0.366455  0.857189  0.837102  0.750842  0.847621  0.902755  0.721435  0.789689  0.792107  0.779542  0.441191  0.785404  0.858108  0.792974  0.505224  0.573050  0.808030  0.864827  0.765420  0.799761 
8  0.322653  0.641488  0.684336  0.781211  0.746267  0.735255  0.779715  0.646649 0.0  0.667038  0.760482  0.695452  0.318564  0.743844  0.686854  0.636983  0.369634  0.649152  0.486053  0.356106  0.688471  0.662652  0.680063  0.670057  0.859396  0.677457  0.343586  0.692799  0.295432  0.725792  0.704435  0.726523  0.675169  0.681494  0.710460  0.731866  0.813910  0.840963  0.689206  0.739734  0.815982  0.718961  0.746109  0.662785  0.348081  0.429756  0.699566  0.627119  0.720474  0.431311  0.762067  0.303636  0.676161  0.256853  0.642787  0.733624  0.745324  0.720524  0.776374  0.681818  0.530100  0.432723 
9  0.543084  0.768294  0.871904  0.817568  0.630063  0.778638  0.808215  0.890034  0.667038 0.0  0.826787  0.871050  0.780638  0.276249  0.849663  0.575768  0.509366  0.708034  0.796021  0.826883  0.533242  0.541512  0.484444  0.550352  0.780281  0.561787  0.708498  0.808225  0.753956  0.336792  0.631407  0.239275  0.292625  0.557557  0.323649  0.406267  0.476325  0.272668  0.609525  0.475123  0.584365  0.529090  0.885443  0.354461  0.533147  0.571942  0.437551  0.590252  0.655176  0.624286  0.541150  0.538747  0.946855  0.592658  0.579573  0.519227  0.807791  0.809735  0.722412  0.587091  0.837338  0.818903 
10  0.739263  0.811611  0.857148  0.764698  0.708981  0.765146  0.726858  0.804358  0.760482  0.826787 0.0  0.234608  0.774428  0.774544  0.801213  0.571866  0.763171  0.714523  0.714233  0.726315  0.816260  0.732866  0.750904  0.845321  0.762791  0.680735  0.786889  0.207104  0.758852  0.879899  0.759098  0.769452  0.850257  0.839472  0.659929  0.749931  0.830353  0.775048  0.752289  0.724440  0.833004  0.769877  0.734798  0.790456  0.776376  0.842382  0.802939  0.713114  0.729561  0.854291  0.877291  0.873384  0.776807  0.782076  0.805778  0.879049  0.771885  0.769425  0.403196  0.801550  0.882349  0.699087 
11  0.768668  0.830110  0.760643  0.886423  0.830319  0.809843  0.872596  0.842685  0.695452  0.871050  0.234608 0.0  0.767209  0.746278  0.815856  0.643533  0.752944  0.675570  0.755870  0.871330  0.854594  0.822960  0.922972  0.892936  0.873367  0.808202  0.776671  0.224160  0.760590  0.894680  0.797827  0.831547  0.837642  0.738218  0.686413  0.865264  0.806925  0.863040  0.851380  0.798754  0.835740  0.734578  0.802200  0.781395  0.773719  0.806623  0.761627  0.796928  0.880835  0.860652  0.859216  0.811301  0.879558  0.761588  0.853182  0.790364  0.809561  0.876589  0.405926  0.881527  0.759919  0.795973 
12  0.325702  0.780684  0.359409  0.709123  0.761965  0.642584  0.734270  0.731645  0.318564  0.780638  0.774428  0.767209 0.0  0.683849  0.394596  0.550936  0.274090  0.429910  0.669464  0.743171  0.670895  0.696637  0.665493  0.574447  0.751143  0.628376  0.102337  0.735016  0.306999  0.745864  0.736487  0.706070  0.655213  0.697227  0.658901  0.717146  0.734768  0.669089  0.718437  0.798337  0.629217  0.694731  0.653730  0.740211  0.378870  0.340072  0.695944  0.610891  0.750375  0.360487  0.755313  0.253869  0.459155  0.362166  0.768741  0.763945  0.506515  0.415628  0.782834  0.691984  0.762572  0.676473 
13  0.831640  0.732081  0.918936  0.845398  0.599464  0.863631  0.790069  0.837788  0.743844  0.276249  0.774544  0.746278  0.683849 0.0  0.763220  0.533803  0.829933  0.773556  0.833175  0.799291  0.604243  0.384157  0.569539  0.381677  0.847070  0.355755  0.759782  0.799667  0.784088  0.565811  0.536543  0.158572  0.692940  0.367609  0.365389  0.188760  0.396531  0.143790  0.366252  0.400319  0.357225  0.642612  0.879528  0.347711  0.777095  0.709016  0.400387  0.602356  0.493474  0.760359  0.664868  0.889105  0.781299  0.834070  0.568854  0.404882  0.766619  0.752730  0.809381  0.256327  0.799594  0.832680 
14  0.697641  0.577678  0.149591  0.497108  0.840355  0.646003  0.498550  0.422286  0.686854  0.849663  0.801213  0.815856  0.394596  0.763220 0.0  0.624485  0.802892  0.474364  0.837067  0.830410  0.818061  0.904472  0.867012  0.861512  0.548541  0.800556  0.327811  0.700640  0.849862  0.815437  0.818323  0.895686  0.783648  0.927604  0.737747  0.760654  0.780077  0.817269  0.774880  0.857425  0.895243  0.898159  0.511319  0.775647  0.750322  0.794369  0.869017  0.821798  0.882859  0.753174  0.959992  0.735838  0.101749  0.794997  0.872336  0.879655  0.097591  0.187033  0.771428  0.792668  0.910008  0.943545 
15  0.595144  0.514085  0.669074  0.522462  0.544936  0.530284  0.543732  0.518080  0.636983  0.575768  0.571866  0.643533  0.550936  0.533803  0.624485 0.0  0.551621  0.495787  0.604082  0.598229  0.691084  0.494906  0.597959  0.561727  0.524752  0.490659  0.574179  0.489091  0.508434  0.565762  0.621236  0.486550  0.574085  0.546081  0.562805  0.580082  0.594006  0.465552  0.531629  0.536597  0.584115  0.597531  0.719984  0.510368  0.682555  0.578329  0.583761  0.594005  0.510779  0.531939  0.631574  0.591618  0.524969  0.541942  0.571989  0.584790  0.503390  0.594208  0.507547  0.549192  0.570834  0.639097 
16  0.083056  0.916258  0.760682  0.758386  0.753659  0.845732  0.761809  0.760979  0.369634  0.509366  0.763171  0.752944  0.274090  0.829933  0.802892  0.551621 0.0  0.671369  0.811265  0.901941  0.832563  0.732788  0.747334  0.804030  0.764836  0.824028  0.335491  0.846490  0.456257  0.575308  0.850722  0.708864  0.556796  0.898161  0.759777  0.726283  0.860649  0.835256  0.871467  0.817944  0.757938  0.843179  0.720056  0.789654  0.213858  0.134498  0.780243  0.799255  0.690630  0.232261  0.837696  0.182012  0.914135  0.218488  0.779403  0.840002  0.773953  0.819008  0.737983  0.762730  0.748970  0.683878 
17  0.651114  0.691026  0.480712  0.753598  0.650639  0.762329  0.710829  0.747067  0.649152  0.708034  0.714523  0.675570  0.429910  0.773556  0.474364  0.495787  0.671369 0.0  0.293394  0.360198  0.784776  0.785111  0.626563  0.713423  0.638426  0.749214  0.480923  0.841907  0.767895  0.786309  0.641579  0.669198  0.746851  0.705687  0.740996  0.699928  0.714567  0.652998  0.789377  0.701920  0.718307  0.764664  0.670927  0.763425  0.752736  0.729762  0.685153  0.710541  0.709469  0.718498  0.697644  0.653659  0.358268  0.755521  0.770712  0.697905  0.386269  0.455592  0.664430  0.740095  0.289715  0.341325 
18  0.755399  0.861908  0.791350  0.896082  0.735482  0.890986  0.821658  0.828743  0.486053  0.796021  0.714233  0.755870  0.669464  0.833175  0.837067  0.604082  0.811265  0.293394 0.0  0.101463  0.938009  0.890298  0.806311  0.846776  0.793445  0.781614  0.715032  0.784310  0.817311  0.868269  0.824314  0.941293  0.865730  0.929000  0.734368  0.815907  0.790221  0.834702  0.854142  0.871458  0.892935  0.860286  0.872458  0.775243  0.729890  0.707763  0.793168  0.920978  0.823520  0.807102  0.901397  0.679069  0.795663  0.768651  0.814025  0.858902  0.759561  0.807472  0.732945  0.718867  0.083056  0.156266 
19  0.812137  0.775870  0.950716  0.780443  0.775000  0.849925  0.805941  0.823545  0.356106  0.826883  0.726315  0.871330  0.743171  0.799291  0.830410  0.598229  0.901941  0.360198  0.101463 0.0  0.905755  0.867473  0.812194  0.781761  0.827850  0.881676  0.771488  0.802776  0.753781  0.721404  0.860860  0.815264  0.980164  0.924200  0.628454  0.793170  0.807676  0.793591  0.835963  0.809980  0.805966  0.745279  0.822938  0.857950  0.776572  0.788444  0.755121  0.874243  0.892827  0.812293  0.929363  0.753081  0.766307  0.817545  0.834990  0.822744  0.855755  0.844345  0.766394  0.830471  0.083056  0.145232 
20  0.707569  0.801837  0.926993  0.782639  0.185063  0.786113  0.843019  0.790595  0.688471  0.533242  0.816260  0.854594  0.670895  0.604243  0.818061  0.691084  0.832563  0.784776  0.938009  0.905755 0.0  0.485968  0.233415  0.565041  0.752740  0.258063  0.710498  0.755911  0.847441  0.291663  0.268415  0.592805  0.441013  0.275026  0.292232  0.623418  0.367482  0.501173  0.534179  0.252727  0.509576  0.120155  0.871422  0.422929  0.682237  0.739463  0.380950  0.328527  0.423113  0.796768  0.168455  0.808391  0.899999  0.799932  0.255253  0.470259  0.796353  0.855381  0.753895  0.343961  0.875753  0.808263 
21  0.750561  0.781479  0.874489  0.750719  0.405258  0.766130  0.798156  0.907032  0.662652  0.541512  0.732866  0.822960  0.696637  0.384157  0.904472  0.494906  0.732788  0.785111  0.890298  0.867473  0.485968 0.0  0.421956  0.211811  0.869962  0.083056  0.703837  0.810397  0.753335  0.339790  0.311065  0.327596  0.277164  0.183801  0.351131  0.348637  0.217896  0.349639  0.187300  0.243980  0.133721  0.448833  0.717893  0.483259  0.809128  0.799571  0.470689  0.440413  0.153867  0.721243  0.376462  0.853579  0.876402  0.682079  0.359563  0.125544  0.833086  0.807055  0.779220  0.213922  0.854430  0.862227 
22  0.807845  0.853830  0.828556  0.827029  0.201794  0.780417  0.863464  0.756758  0.680063  0.484444  0.750904  0.922972  0.665493  0.569539  0.867012  0.597959  0.747334  0.626563  0.806311  0.812194  0.233415  0.421956 0.0  0.329924  0.809382  0.411231  0.697486  0.839974  0.802791  0.473693  0.125005  0.548049  0.460733  0.402708  0.351888  0.463839  0.357235  0.570892  0.385622  0.467500  0.354418  0.107286  0.841624  0.320024  0.734961  0.740361  0.279448  0.281431  0.358825  0.784754  0.234971  0.749821  0.842071  0.792190  0.151342  0.278542  0.817492  0.861610  0.659372  0.387034  0.782475  0.852904 
23  0.759954  0.762505  0.817259  0.842640  0.391052  0.728769  0.813130  0.805035  0.670057  0.550352  0.845321  0.892936  0.574447  0.381677  0.861512  0.561727  0.804030  0.713423  0.846776  0.781761  0.565041  0.211811  0.329924 0.0  0.922890  0.152353  0.766553  0.757315  0.806041  0.396161  0.428724  0.411198  0.435658  0.137209  0.388604  0.249848  0.137807  0.316721  0.261928  0.176836  0.268561  0.527942  0.940287  0.660393  0.832029  0.698115  0.535775  0.455246  0.089793  0.748425  0.418655  0.756421  0.771770  0.741344  0.470275  0.251711  0.844720  0.882370  0.701747  0.260681  0.831949  0.862864 
24  0.795440  0.205717  0.538887  0.228511  0.816896  0.210570  0.334698  0.226936  0.859396  0.780281  0.762791  0.873367  0.751143  0.847070  0.548541  0.524752  0.764836  0.638426  0.793445  0.827850  0.752740  0.869962  0.809382  0.922890 0.0  1.000000  0.628587  0.750604  0.573027  0.858502  0.844296  0.836966  0.788485  0.802691  0.718536  0.785010  0.890385  0.735636  0.772614  0.865831  0.890886  0.825070  0.285313  0.895674  0.818266  0.793460  0.805833  0.741460  0.834679  0.754033  0.850441  0.821863  0.609498  0.818700  0.904433  0.781351  0.485153  0.548218  0.785617  0.877221  0.862259  0.723644 
25  0.798047  0.792973  0.778772  0.857644  0.432807  0.786484  0.811026  0.851360  0.677457  0.561787  0.680735  0.808202  0.628376  0.355755  0.800556  0.490659  0.824028  0.749214  0.781614  0.881676  0.258063  0.083056  0.411231  0.152353  1.000000 0.0  0.763136  0.776980  0.813314  0.373492  0.475646  0.439919  0.428481  0.124940  0.341581  0.299960  0.225683  0.328702  0.169321  0.186999  0.142233  0.476943  0.842785  0.473066  0.746010  0.786908  0.467860  0.399563  0.244502  0.774947  0.400679  0.746833  0.866508  0.684216  0.344580  0.213795  0.722471  0.821884  0.770163  0.208884  0.802087  0.876651 
26  0.288855  0.686867  0.451282  0.720087  0.688213  0.677626  0.710708  0.720583  0.343586  0.708498  0.786889  0.776671  0.102337  0.759782  0.327811  0.574179  0.335491  0.480923  0.715032  0.771488  0.710498  0.703837  0.697486  0.766553  0.628587  0.763136 0.0  0.701257  0.359267  0.648917  0.694225  0.753362  0.743207  0.730863  0.718930  0.780015  0.798087  0.710803  0.727274  0.759791  0.675232  0.665662  0.717212  0.729427  0.305252  0.288592  0.700422  0.750877  0.804903  0.361903  0.780256  0.322016  0.437312  0.401523  0.704043  0.770171  0.479980  0.486585  0.754263  0.678707  0.633844  0.753655 
27  0.688271  0.805306  0.776205  0.772566  0.834655  0.772981  0.712709  0.784102  0.692799  0.808225  0.207104  0.224160  0.735016  0.799667  0.700640  0.489091  0.846490  0.841907  0.784310  0.802776  0.755911  0.810397  0.839974  0.757315  0.750604  0.776980  0.701257 0.0  0.826887  0.862183  0.787213  0.870190  0.851973  0.796663  0.616433  0.773696  0.870759  0.762501  0.801247  0.865873  0.831139  0.728086  0.787090  0.834775  0.822627  0.687922  0.823451  0.810273  0.755858  0.828166  0.683563  0.760272  0.814256  0.806312  0.719384  0.848406  0.757055  0.807389  0.454338  0.840350  0.829170  0.751219 
28  0.447512  0.493408  0.706440  0.645888  0.748382  0.612688  0.453278  0.499953  0.295432  0.753956  0.758852  0.760590  0.306999  0.784088  0.849862  0.508434  0.456257  0.767895  0.817311  0.753781  0.847441  0.753335  0.802791  0.806041  0.573027  0.813314  0.359267  0.826887 0.0  0.856470  0.755307  0.725492  0.751321  0.687093  0.686887  0.756771  0.710398  0.829324  0.821581  0.889203  0.822251  0.742288  0.521916  0.810177  0.398271  0.425385  0.799155  0.799503  0.818170  0.360870  0.850979  0.486319  0.746200  0.386377  0.778337  0.814150  0.823576  0.778076  0.826097  0.757163  0.709669  0.765258 
29  0.528406  0.815871  0.917676  0.860531  0.227967  0.755867  0.778953  0.859740  0.725792  0.336792  0.879899  0.894680  0.745864  0.565811  0.815437  0.565762  0.575308  0.786309  0.868269  0.721404  0.291663  0.339790  0.473693  0.396161  0.858502  0.373492  0.648917  0.862183  0.856470 0.0  0.375066  0.579838  0.109958  0.393963  0.288509  0.503407  0.430238  0.511731  0.358120  0.422012  0.496016  0.274024  0.834853  0.529436  0.590843  0.579068  0.533059  0.409030  0.375549  0.636901  0.381412  0.499559  0.770599  0.551640  0.351518  0.305364  0.768999  0.814822  0.752719  0.468735  0.779126  0.804732 
30  0.775273  0.757636  0.920287  0.780911  0.375384  0.741633  0.706429  0.857379  0.704435  0.631407  0.759098  0.797827  0.736487  0.536543  0.818323  0.621236  0.850722  0.641579  0.824314  0.860860  0.268415  0.311065  0.125005  0.428724  0.844296  0.475646  0.694225  0.787213  0.755307  0.375066 0.0  0.664692  0.425538  0.427210  0.308529  0.575640  0.359237  0.474227  0.459239  0.405059  0.379154  0.326051  0.904794  0.379267  0.790254  0.797300  0.295247  0.117768  0.394242  0.840805  0.404985  0.853868  0.783035  0.845500  0.224627  0.431480  0.782274  0.826653  0.847237  0.389564  0.879690  0.878682 
31  0.677747  0.863633  0.818556  0.816050  0.687911  0.783836  0.789205  0.880267  0.726523  0.239275  0.769452  0.831547  0.706070  0.158572  0.895686  0.486550  0.708864  0.669198  0.941293  0.815264  0.592805  0.327596  0.548049  0.411198  0.836966  0.439919  0.753362  0.870190  0.725492  0.579838  0.664692 0.0  0.460027  0.351742  0.317713  0.251603  0.457771  0.205778  0.396341  0.382983  0.349972  0.550151  0.871256  0.342567  0.665564  0.832115  0.400717  0.625323  0.489419  0.622340  0.532625  0.812815  0.818699  0.856726  0.591370  0.342505  0.773039  0.788300  0.777880  0.250679  0.879254  0.945133 
32  0.593133  0.797384  0.880393  0.971612  0.441607  0.852097  0.816821  0.799048  0.675169  0.292625  0.850257  0.837642  0.655213  0.692940  0.783648  0.574085  0.556796  0.746851  0.865730  0.980164  0.441013  0.277164  0.460733  0.435658  0.788485  0.428481  0.743207  0.851973  0.751321  0.109958  0.425538  0.460027 0.0  0.459328  0.332755  0.572778  0.476514  0.565666  0.342770  0.521597  0.301073  0.420508  0.846433  0.439713  0.548945  0.611585  0.606560  0.366525  0.442603  0.631398  0.425434  0.561127  0.803025  0.605102  0.296964  0.426858  0.797068  0.885409  0.777323  0.414380  0.770647  0.854570 
33  0.817478  0.858826  0.880373  0.789519  0.439704  0.845414  0.859221  0.864811  0.681494  0.557557  0.839472  0.738218  0.697227  0.367609  0.927604  0.546081  0.898161  0.705687  0.929000  0.924200  0.275026  0.183801  0.402708  0.137209  0.802691  0.124940  0.730863  0.796663  0.687093  0.393963  0.427210  0.351742  0.459328 0.0  0.297375  0.241549  0.242066  0.351320  0.172731  0.248970  0.222028  0.504904  0.820734  0.484705  0.787125  0.798805  0.543977  0.388822  0.213392  0.816599  0.305890  0.784471  0.799736  0.728884  0.530244  0.208953  0.810979  0.779230  0.766351  0.276255  0.873190  0.877943 
34  0.742805  0.802035  0.674219  0.719675  0.307919  0.761418  0.692076  0.713048  0.710460  0.323649  0.659929  0.686413  0.658901  0.365389  0.737747  0.562805  0.759777  0.740996  0.734368  0.628454  0.292232  0.351131  0.351888  0.388604  0.718536  0.341581  0.718930  0.616433  0.686887  0.288509  0.308529  0.317713  0.332755  0.297375 0.0  0.358786  0.401503  0.341556  0.401759  0.390659  0.353217  0.356518  0.702062  0.284632  0.718240  0.724369  0.228777  0.439290  0.343332  0.716344  0.277619  0.740916  0.661795  0.732933  0.381975  0.333261  0.642703  0.669745  0.776583  0.328830  0.641543  0.717831 
35  0.750054  0.749403  0.879093  0.859504  0.457534  0.843932  0.770392  0.812466  0.731866  0.406267  0.749931  0.865264  0.717146  0.188760  0.760654  0.580082  0.726283  0.699928  0.815907  0.793170  0.623418  0.348637  0.463839  0.249848  0.785010  0.299960  0.780015  0.773696  0.756771  0.503407  0.575640  0.251603  0.572778  0.241549  0.358786 0.0  0.283236  0.092232  0.311974  0.224651  0.270435  0.585895  0.895568  0.372536  0.912236  0.791965  0.281832  0.537356  0.363705  0.826199  0.553821  0.775137  0.846462  0.740010  0.579804  0.272511  0.930370  0.838624  0.842441  0.321790  0.672770  0.770363 
36  0.764383  0.755009  0.790165  0.831812  0.479117  0.797575  0.876227  0.817293  0.813910  0.476325  0.830353  0.806925  0.734768  0.396531  0.780077  0.594006  0.860649  0.714567  0.790221  0.807676  0.367482  0.217896  0.357235  0.137807  0.890385  0.225683  0.798087  0.870759  0.710398  0.430238  0.359237  0.457771  0.476514  0.242066  0.401503  0.283236 0.0  0.276821  0.204681  0.093630  0.210719  0.316406  0.759862  0.477598  0.816026  0.782397  0.618847  0.349381  0.175890  0.862799  0.408210  0.789304  0.875901  0.822320  0.453395  0.287266  0.784147  0.854342  0.769488  0.109066  0.819338  0.815139 
37  0.717314  0.809828  0.837283  0.841622  0.482351  0.892755  0.901695  0.876748  0.840963  0.272668  0.775048  0.863040  0.669089  0.143790  0.817269  0.465552  0.835256  0.652998  0.834702  0.793591  0.501173  0.349639  0.570892  0.316721  0.735636  0.328702  0.710803  0.762501  0.829324  0.511731  0.474227  0.205778  0.565666  0.351320  0.341556  0.092232  0.276821 0.0  0.314704  0.324498  0.314366  0.590947  0.803144  0.373445  0.753986  0.788066  0.224712  0.530468  0.322534  0.727460  0.509997  0.783481  0.818784  0.863067  0.619947  0.278330  0.761266  0.902800  0.732035  0.341274  0.763058  0.840121 
38  0.793568  0.796403  0.891322  0.958582  0.500219  0.872171  0.837352  0.845802  0.689206  0.609525  0.752289  0.851380  0.718437  0.366252  0.774880  0.531629  0.871467  0.789377  0.854142  0.835963  0.534179  0.187300  0.385622  0.261928  0.772614  0.169321  0.727274  0.801247  0.821581  0.358120  0.459239  0.396341  0.342770  0.172731  0.401759  0.311974  0.204681  0.314704 0.0  0.176123  0.305794  0.472418  0.871796  0.614491  0.672738  0.818782  0.524775  0.502425  0.203310  0.777601  0.362800  0.891267  0.861524  0.878384  0.532957  0.278556  0.855170  0.801574  0.815251  0.159757  0.896953  0.950145 
39  0.771622  0.758559  0.799019  0.864379  0.320358  0.762847  0.897252  0.812041  0.739734  0.475123  0.724440  0.798754  0.798337  0.400319  0.857425  0.536597  0.817944  0.701920  0.871458  0.809980  0.252727  0.243980  0.467500  0.176836  0.865831  0.186999  0.759791  0.865873  0.889203  0.422012  0.405059  0.382983  0.521597  0.248970  0.390659  0.224651  0.093630  0.324498  0.176123 0.0  0.169094  0.412119  0.792506  0.506178  0.714322  0.738778  0.516913  0.510700  0.090340  0.847054  0.354740  0.779677  0.843994  0.659631  0.379799  0.179169  0.874424  0.905674  0.734658  0.083056  0.806562  0.784475 
40  0.801321  0.827952  0.883478  0.767774  0.272640  0.736615  0.790037  0.796497  0.815982  0.584365  0.833004  0.835740  0.629217  0.357225  0.895243  0.584115  0.757938  0.718307  0.892935  0.805966  0.509576  0.133721  0.354418  0.268561  0.890886  0.142233  0.675232  0.831139  0.822251  0.496016  0.379154  0.349972  0.301073  0.222028  0.353217  0.270435  0.210719  0.314366  0.305794  0.169094 0.0  0.446639  0.837973  0.561844  0.845299  0.698087  0.490290  0.372846  0.201884  0.775196  0.383282  0.785725  0.936823  0.796400  0.331626  0.265217  0.758339  0.822388  0.761028  0.151098  0.867158  0.914914 
41  0.782015  0.750693  0.873520  0.874122  0.083056  0.787160  0.746328  0.789637  0.718961  0.529090  0.769877  0.734578  0.694731  0.642612  0.898159  0.597531  0.843179  0.764664  0.860286  0.745279  0.120155  0.448833  0.107286  0.527942  0.825070  0.476943  0.665662  0.728086  0.742288  0.274024  0.326051  0.550151  0.420508  0.504904  0.356518  0.585895  0.316406  0.590947  0.472418  0.412119  0.446639 0.0  0.867088  0.354694  0.713787  0.685150  0.271244  0.312936  0.457616  0.758303  0.351500  0.752471  0.859633  0.783513  0.237933  0.450105  0.824312  0.787030  0.741983  0.254087  0.915637  0.793049 
42  0.866479  0.334533  0.637387  0.399064  0.869110  0.341211  0.253765  0.366455  0.746109  0.885443  0.734798  0.802200  0.653730  0.879528  0.511319  0.719984  0.720056  0.670927  0.872458  0.822938  0.871422  0.717893  0.841624  0.940287  0.285313  0.842785  0.717212  0.787090  0.521916  0.834853  0.904794  0.871256  0.846433  0.820734  0.702062  0.895568  0.759862  0.803144  0.871796  0.792506  0.837973  0.867088 0.0  0.879301  0.722509  0.866119  0.844773  0.935404  0.872150  0.740733  0.838108  0.772920  0.620229  0.707236  0.800635  0.868911  0.507165  0.525577  0.844541  0.880786  0.849512  0.870490 
43  0.762782  0.841279  0.810476  0.682848  0.417981  0.779938  0.848629  0.857189  0.662785  0.354461  0.790456  0.781395  0.740211  0.347711  0.775647  0.510368  0.789654  0.763425  0.775243  0.857950  0.422929  0.483259  0.320024  0.660393  0.895674  0.473066  0.729427  0.834775  0.810177  0.529436  0.379267  0.342567  0.439713  0.484705  0.284632  0.372536  0.477598  0.373445  0.614491  0.506178  0.561844  0.354694  0.879301 0.0  0.886016  0.746407  0.163043  0.444143  0.559133  0.699731  0.389875  0.812706  0.878566  0.710272  0.425009  0.634291  0.729060  0.837879  0.761502  0.530913  0.874902  0.852386 
44  0.172967  0.748881  0.860563  0.817396  0.731931  0.840624  0.701274  0.837102  0.348081  0.533147  0.776376  0.773719  0.378870  0.777095  0.750322  0.682555  0.213858  0.752736  0.729890  0.776572  0.682237  0.809128  0.734961  0.832029  0.818266  0.746010  0.305252  0.822627  0.398271  0.590843  0.790254  0.665564  0.548945  0.787125  0.718240  0.912236  0.816026  0.753986  0.672738  0.714322  0.845299  0.713787  0.722509  0.886016 0.0  0.083056  0.768557  0.818812  0.732025  0.251091  0.743845  0.181538  0.823919  0.243608  0.807069  0.819099  0.841585  0.814655  0.830023  0.767433  0.724347  0.804940 
45  0.314070  0.852136  0.806569  0.738418  0.879351  0.684992  0.810056  0.750842  0.429756  0.571942  0.842382  0.806623  0.340072  0.709016  0.794369  0.578329  0.134498  0.729762  0.707763  0.788444  0.739463  0.799571  0.740361  0.698115  0.793460  0.786908  0.288592  0.687922  0.425385  0.579068  0.797300  0.832115  0.611585  0.798805  0.724369  0.791965  0.782397  0.788066  0.818782  0.738778  0.698087  0.685150  0.866119  0.746407  0.083056 0.0  0.826774  0.729058  0.745886  0.407435  0.884136  0.204652  0.811574  0.153200  0.831673  0.793353  0.770614  0.768038  0.815253  0.865055  0.844166  0.822499 
46  0.765426  0.913752  0.780216  0.893422  0.368053  0.845342  0.780962  0.847621  0.699566  0.437551  0.802939  0.761627  0.695944  0.400387  0.869017  0.583761  0.780243  0.685153  0.793168  0.755121  0.380950  0.470689  0.279448  0.535775  0.805833  0.467860  0.700422  0.823451  0.799155  0.533059  0.295247  0.400717  0.606560  0.543977  0.228777  0.281832  0.618847  0.224712  0.524775  0.516913  0.490290  0.271244  0.844773  0.163043  0.768557  0.826774 0.0  0.295253  0.467488  0.812805  0.332441  0.838484  0.770943  0.804363  0.259600  0.409368  0.783756  0.818738  0.812730  0.491669  0.803908  0.730786 
47  0.826629  0.944229  0.811216  0.823301  0.237179  0.796004  0.852669  0.902755  0.627119  0.590252  0.713114  0.796928  0.610891  0.602356  0.821798  0.594005  0.799255  0.710541  0.920978  0.874243  0.328527  0.440413  0.281431  0.455246  0.741460  0.399563  0.750877  0.810273  0.799503  0.409030  0.117768  0.625323  0.366525  0.388822  0.439290  0.537356  0.349381  0.530468  0.502425  0.510700  0.372846  0.312936  0.935404  0.444143  0.818812  0.729058  0.295253 0.0  0.422873  0.779768  0.249110  0.826850  0.855471  0.838502  0.083056  0.489063  0.939035  0.827633  0.717055  0.445041  0.852224  0.726801 
48  0.773730  0.818766  0.878938  0.889978  0.437738  0.843144  0.822092  0.721435  0.720474  0.655176  0.729561  0.880835  0.750375  0.493474  0.882859  0.510779  0.690630  0.709469  0.823520  0.892827  0.423113  0.153867  0.358825  0.089793  0.834679  0.244502  0.804903  0.755858  0.818170  0.375549  0.394242  0.489419  0.442603  0.213392  0.343332  0.363705  0.175890  0.322534  0.203310  0.090340  0.201884  0.457616  0.872150  0.559133  0.732025  0.745886  0.467488  0.422873 0.0  0.759400  0.270217  0.835908  0.793751  0.818634  0.431209  0.287109  0.865464  0.914414  0.661122  0.217309  0.733463  0.782719 
49  0.203363  0.736225  0.877296  0.828391  0.756484  0.867971  0.769078  0.789689  0.431311  0.624286  0.854291  0.860652  0.360487  0.760359  0.753174  0.531939  0.232261  0.718498  0.807102  0.812293  0.796768  0.721243  0.784754  0.748425  0.754033  0.774947  0.361903  0.828166  0.360870  0.636901  0.840805  0.622340  0.631398  0.816599  0.716344  0.826199  0.862799  0.727460  0.777601  0.847054  0.775196  0.758303  0.740733  0.699731  0.251091  0.407435  0.812805  0.779768  0.759400 0.0  0.866593  0.238442  0.936574  0.277509  0.794086  0.773191  0.891656  0.778391  0.763797  0.766977  0.869109  0.907971 
50  0.726416  0.744891  0.864765  0.727120  0.237289  0.807786  0.819461  0.792107  0.762067  0.541150  0.877291  0.859216  0.755313  0.664868  0.959992  0.631574  0.837696  0.697644  0.901397  0.929363  0.168455  0.376462  0.234971  0.418655  0.850441  0.400679  0.780256  0.683563  0.850979  0.381412  0.404985  0.532625  0.425434  0.305890  0.277619  0.553821  0.408210  0.509997  0.362800  0.354740  0.383282  0.351500  0.838108  0.389875  0.743845  0.884136  0.332441  0.249110  0.270217  0.866593 0.0  0.759189  0.853077  0.792260  0.166819  0.488690  0.881656  0.755273  0.715916  0.361360  0.867974  0.761101 
51  0.161991  0.895639  0.828091  0.769301  0.814495  0.773720  0.759257  0.779542  0.303636  0.538747  0.873384  0.811301  0.253869  0.889105  0.735838  0.591618  0.182012  0.653659  0.679069  0.753081  0.808391  0.853579  0.749821  0.756421  0.821863  0.746833  0.322016  0.760272  0.486319  0.499559  0.853868  0.812815  0.561127  0.784471  0.740916  0.775137  0.789304  0.783481  0.891267  0.779677  0.785725  0.752471  0.772920  0.812706  0.181538  0.204652  0.838484  0.826850  0.835908  0.238442  0.759189 0.0  0.780534  0.229896  0.783727  0.732948  0.698220  0.801497  0.785853  0.790681  0.717625  0.719893 
52  0.700388  0.503017  0.188714  0.555269  0.876157  0.563788  0.513661  0.441191  0.676161  0.946855  0.776807  0.879558  0.459155  0.781299  0.101749  0.524969  0.914135  0.358268  0.795663  0.766307  0.899999  0.876402  0.842071  0.771770  0.609498  0.866508  0.437312  0.814256  0.746200  0.770599  0.783035  0.818699  0.803025  0.799736  0.661795  0.846462  0.875901  0.818784  0.861524  0.843994  0.936823  0.859633  0.620229  0.878566  0.823919  0.811574  0.770943  0.855471  0.793751  0.936574  0.853077  0.780534 0.0  0.769375  0.955814  0.833411  0.140370  0.126185  0.790327  0.834172  0.810801  0.890596 
53  0.349693  0.705583  0.785729  0.832827  0.887891  0.839949  0.714879  0.785404  0.256853  0.592658  0.782076  0.761588  0.362166  0.834070  0.794997  0.541942  0.218488  0.755521  0.768651  0.817545  0.799932  0.682079  0.792190  0.741344  0.818700  0.684216  0.401523  0.806312  0.386377  0.551640  0.845500  0.856726  0.605102  0.728884  0.732933  0.740010  0.822320  0.863067  0.878384  0.659631  0.796400  0.783513  0.707236  0.710272  0.243608  0.153200  0.804363  0.838502  0.818634  0.277509  0.792260  0.229896  0.769375 0.0  0.841247  0.833147  0.722341  0.780912  0.804840  0.757403  0.868580  0.769779 
54  0.792884  0.761108  0.897589  0.851485  0.291715  0.793251  0.814786  0.858108  0.642787  0.579573  0.805778  0.853182  0.768741  0.568854  0.872336  0.571989  0.779403  0.770712  0.814025  0.834990  0.255253  0.359563  0.151342  0.470275  0.904433  0.344580  0.704043  0.719384  0.778337  0.351518  0.224627  0.591370  0.296964  0.530244  0.381975  0.579804  0.453395  0.619947  0.532957  0.379799  0.331626  0.237933  0.800635  0.425009  0.807069  0.831673  0.259600  0.083056  0.431209  0.794086  0.166819  0.783727  0.955814  0.841247 0.0  0.330757  0.774508  0.832259  0.699083  0.379285  0.879090  0.819303 
55  0.741554  0.786782  0.803546  0.817934  0.441430  0.812199  0.938327  0.792974  0.733624  0.519227  0.879049  0.790364  0.763945  0.404882  0.879655  0.584790  0.840002  0.697905  0.858902  0.822744  0.470259  0.125544  0.278542  0.251711  0.781351  0.213795  0.770171  0.848406  0.814150  0.305364  0.431480  0.342505  0.426858  0.208953  0.333261  0.272511  0.287266  0.278330  0.278556  0.179169  0.265217  0.450105  0.868911  0.634291  0.819099  0.793353  0.409368  0.489063  0.287109  0.773191  0.488690  0.732948  0.833411  0.833147  0.330757 0.0  0.885356  0.836604  0.788251  0.225374  0.764338  0.845529 
56  0.766474  0.611030  0.163911  0.561768  0.738974  0.529231  0.501736  0.505224  0.745324  0.807791  0.771885  0.809561  0.506515  0.766619  0.097591  0.503390  0.773953  0.386269  0.759561  0.855755  0.796353  0.833086  0.817492  0.844720  0.485153  0.722471  0.479980  0.757055  0.823576  0.768999  0.782274  0.773039  0.797068  0.810979  0.642703  0.930370  0.784147  0.761266  0.855170  0.874424  0.758339  0.824312  0.507165  0.729060  0.841585  0.770614  0.783756  0.939035  0.865464  0.891656  0.881656  0.698220  0.140370  0.722341  0.774508  0.885356 0.0  0.096084  0.718874  0.846523  0.821756  0.836037 
57  0.789728  0.452417  0.239584  0.562221  0.734156  0.617201  0.625521  0.573050  0.720524  0.809735  0.769425  0.876589  0.415628  0.752730  0.187033  0.594208  0.819008  0.455592  0.807472  0.844345  0.855381  0.807055  0.861610  0.882370  0.548218  0.821884  0.486585  0.807389  0.778076  0.814822  0.826653  0.788300  0.885409  0.779230  0.669745  0.838624  0.854342  0.902800  0.801574  0.905674  0.822388  0.787030  0.525577  0.837879  0.814655  0.768038  0.818738  0.827633  0.914414  0.778391  0.755273  0.801497  0.126185  0.780912  0.832259  0.836604  0.096084 0.0  0.759265  0.852083  0.827911  0.827870 
58  0.742148  0.678026  0.759611  0.837586  0.811043  0.781644  0.700709  0.808030  0.776374  0.722412  0.403196  0.405926  0.782834  0.809381  0.771428  0.507547  0.737983  0.664430  0.732945  0.766394  0.753895  0.779220  0.659372  0.701747  0.785617  0.770163  0.754263  0.454338  0.826097  0.752719  0.847237  0.777880  0.777323  0.766351  0.776583  0.842441  0.769488  0.732035  0.815251  0.734658  0.761028  0.741983  0.844541  0.761502  0.830023  0.815253  0.812730  0.717055  0.661122  0.763797  0.715916  0.785853  0.790327  0.804840  0.699083  0.788251  0.718874  0.759265 0.0  0.798206  0.801498  0.877629 
59  0.743022  0.853800  0.796244  0.797255  0.391184  0.825882  0.792105  0.864827  0.681818  0.587091  0.801550  0.881527  0.691984  0.256327  0.792668  0.549192  0.762730  0.740095  0.718867  0.830471  0.343961  0.213922  0.387034  0.260681  0.877221  0.208884  0.678707  0.840350  0.757163  0.468735  0.389564  0.250679  0.414380  0.276255  0.328830  0.321790  0.109066  0.341274  0.159757  0.083056  0.151098  0.254087  0.880786  0.530913  0.767433  0.865055  0.491669  0.445041  0.217309  0.766977  0.361360  0.790681  0.834172  0.757403  0.379285  0.225374  0.846523  0.852083  0.798206 0.0  0.855922  0.805289 
60  0.813587  0.807627  0.936037  0.767989  0.966213  0.879199  0.752585  0.765420  0.530100  0.837338  0.882349  0.759919  0.762572  0.799594  0.910008  0.570834  0.748970  0.289715  0.083056  0.083056  0.875753  0.854430  0.782475  0.831949  0.862259  0.802087  0.633844  0.829170  0.709669  0.779126  0.879690  0.879254  0.770647  0.873190  0.641543  0.672770  0.819338  0.763058  0.896953  0.806562  0.867158  0.915637  0.849512  0.874902  0.724347  0.844166  0.803908  0.852224  0.733463  0.869109  0.867974  0.717625  0.810801  0.868580  0.879090  0.764338  0.821756  0.827911  0.801498  0.855922 0.0  0.117677 
61  0.754522  0.714498  0.808586  0.760051  0.824085  0.903481  0.673828  0.799761  0.432723  0.818903  0.699087  0.795973  0.676473  0.832680  0.943545  0.639097  0.683878  0.341325  0.156266  0.145232  0.808263  0.862227  0.852904  0.862864  0.723644  0.876651  0.753655  0.751219  0.765258  0.804732  0.878682  0.945133  0.854570  0.877943  0.717831  0.770363  0.815139  0.840121  0.950145  0.784475  0.914914  0.793049  0.870490  0.852386  0.804940  0.822499  0.730786  0.726801  0.782719  0.907971  0.761101  0.719893  0.890596  0.769779  0.819303  0.845529  0.836037  0.827870  0.877629  0.805289  0.117677 0.0 
