62
0 0.0  0.665700  0.680061  0.832259  0.753499  0.750416  0.716612  0.710299  0.325514  0.516574  0.738671  0.819628  0.351027  0.671473  0.807777  0.495686  0.073704  0.728609  0.848420  0.775602  0.703486  0.784598  0.777004  0.744064  0.727445  0.792928  0.382411  0.728452  0.495711  0.444609  0.777540  0.789605  0.619813  0.787489  0.765694  0.743631  0.840575  0.847008  0.694600  0.702149  0.797371  0.760666  0.741480  0.737928  0.213218  0.278454  0.879271  0.817283  0.891207  0.212092  0.839842  0.288130  0.760215  0.207121  0.835522  0.784486  0.764685  0.732710  0.733497  0.749105  0.749536  0.798473 
1  0.665700 0.0  0.442364  0.073704  0.696742  0.106494  0.125139  0.154023  0.726738  0.857227  0.723871  0.751253  0.741514  0.883915  0.546083  0.543078  0.896986  0.732647  0.860400  0.884670  0.895572  0.795780  0.880426  0.854289  0.232169  0.779539  0.650094  0.748436  0.457021  0.762701  0.807898  0.730473  0.798089  0.831222  0.681613  0.781188  0.758697  0.888245  0.748751  0.870792  0.809409  0.855028  0.430577  0.770774  0.715320  0.830165  0.810555  0.829088  0.834630  0.749376  0.778905  0.764480  0.483484  0.794976  0.802579  0.815550  0.490571  0.576628  0.682306  0.777151  0.807386  0.763348 
2  0.680061  0.442364 0.0  0.426348  0.865249  0.524766  0.650165  0.517822  0.685464  0.807795  0.791113  0.783132  0.457206  0.840024  0.227060  0.555413  0.804495  0.496087  0.891741  0.836985  0.839182  0.848856  0.874543  0.843419  0.437955  0.794459  0.448452  0.765698  0.836489  0.775481  0.803545  0.858187  0.803560  0.777792  0.715856  0.823236  0.887971  0.914190  0.854294  0.840279  0.879619  0.795575  0.619098  0.768258  0.705993  0.765546  0.875420  0.845200  0.838718  0.752168  0.909702  0.782334  0.172860  0.713533  0.896043  0.800690  0.190894  0.149379  0.710985  0.712722  0.791727  0.896087 
3  0.832259  0.073704  0.426348 0.0  0.868123  0.174996  0.073704  0.073704  0.723627  0.816586  0.824260  0.859759  0.740603  0.856242  0.434400  0.535816  0.759719  0.753835  0.776939  0.827786  0.816273  0.737592  0.715947  0.897436  0.241930  0.806787  0.655002  0.800466  0.504809  0.801820  0.825088  0.786454  0.748459  0.822281  0.719494  0.781765  0.766567  0.875178  0.841615  0.799924  0.864735  0.800403  0.306241  0.898807  0.811267  0.805642  0.836161  0.772546  0.749540  0.741620  0.765893  0.843404  0.525331  0.733080  0.834636  0.864591  0.506489  0.522571  0.721074  0.843889  0.792629  0.813669 
4  0.753499  0.696742  0.865249  0.868123 0.0  0.763657  0.726208  0.737885  0.552154  0.525291  0.736476  0.774309  0.616218  0.558868  0.908627  0.495287  0.674119  0.720668  0.918257  0.885079  0.171995  0.373499  0.124018  0.323373  0.823708  0.370246  0.662890  0.790840  0.786094  0.194265  0.163380  0.591294  0.538160  0.561463  0.323842  0.588518  0.413928  0.460305  0.494082  0.461420  0.409886  0.073704  0.864576  0.269276  0.811991  0.794771  0.333069  0.231863  0.487418  0.682996  0.231181  0.783085  0.922214  0.712364  0.262056  0.428438  0.773377  0.789321  0.723677  0.400358  0.931947  0.807349 
5  0.750416  0.106494  0.524766  0.174996  0.763657 0.0  0.073704  0.073704  0.742798  0.871917  0.760374  0.840001  0.633236  0.760024  0.519380  0.540596  0.785146  0.644974  0.708683  0.809728  0.757035  0.921645  0.772757  0.880305  0.205277  0.773673  0.728496  0.732810  0.490490  0.877156  0.908974  0.743385  0.796128  0.802801  0.623231  0.873684  0.804500  0.790630  0.784171  0.830038  0.830502  0.831060  0.340550  0.950078  0.774007  0.833732  0.816584  0.726246  0.827469  0.705817  0.869766  0.849389  0.507032  0.800697  0.817180  0.899324  0.563016  0.516083  0.846248  0.825501  0.808639  0.787398 
6  0.716612  0.125139  0.650165  0.073704  0.726208  0.073704 0.0  0.073999  0.698363  0.786480  0.825740  0.833155  0.737242  0.767523  0.530587  0.609371  0.858435  0.752788  0.774114  0.807262  0.842017  0.809781  0.789918  0.893742  0.236838  0.754462  0.695090  0.726260  0.508837  0.827590  0.877469  0.800785  0.820067  0.827918  0.746586  0.797704  0.828142  0.775917  0.770039  0.819978  0.822979  0.820752  0.313646  0.720594  0.830811  0.758325  0.783651  0.886914  0.869022  0.749835  0.824622  0.772269  0.591124  0.760138  0.771833  0.782510  0.459507  0.508276  0.719518  0.735317  0.823553  0.750469 
7  0.710299  0.154023  0.517822  0.073704  0.737885  0.073704  0.073999 0.0  0.640048  0.827902  0.800717  0.766580  0.778428  0.773574  0.550061  0.536619  0.779366  0.664877  0.861095  0.862692  0.840026  0.862084  0.862279  0.845632  0.161633  0.765878  0.576001  0.798769  0.495658  0.814737  0.805179  0.838156  0.832031  0.773130  0.700720  0.768217  0.772023  0.862612  0.825122  0.709824  0.671487  0.754366  0.295413  0.880588  0.805050  0.792157  0.761885  0.804886  0.872723  0.818415  0.742978  0.818044  0.440500  0.799197  0.754131  0.766816  0.570855  0.504660  0.768087  0.882583  0.777034  0.858706 
8  0.325514  0.726738  0.685464  0.723627  0.552154  0.742798  0.698363  0.640048 0.0  0.726221  0.689830  0.783851  0.279854  0.724063  0.726802  0.556486  0.373344  0.776197  0.455107  0.467299  0.618190  0.741307  0.728613  0.692404  0.760600  0.599839  0.377377  0.702029  0.315070  0.683456  0.744502  0.646152  0.729402  0.775610  0.702346  0.747356  0.638851  0.712228  0.727634  0.686682  0.687874  0.714520  0.735660  0.685447  0.286548  0.334483  0.740372  0.777350  0.681570  0.378415  0.694797  0.352641  0.633775  0.287232  0.753201  0.746582  0.710452  0.701344  0.712397  0.742070  0.441058  0.454395 
9  0.516574  0.857227  0.807795  0.816586  0.525291  0.871917  0.786480  0.827902  0.726221 0.0  0.783143  0.835452  0.635448  0.319368  0.739376  0.592584  0.540924  0.671783  0.824615  0.821554  0.485009  0.542908  0.528036  0.588902  0.799899  0.534094  0.807206  0.793063  0.714719  0.295301  0.535415  0.376266  0.324084  0.638002  0.256995  0.462748  0.610945  0.434496  0.604078  0.485143  0.657398  0.611659  0.871079  0.239795  0.541228  0.540562  0.365019  0.572213  0.518402  0.593395  0.489431  0.514767  0.848494  0.533771  0.541296  0.604866  0.750221  0.837715  0.783678  0.554379  0.873174  0.812468 
10  0.738671  0.723871  0.791113  0.824260  0.736476  0.760374  0.825740  0.800717  0.689830  0.783143 0.0  0.159818  0.651269  0.761867  0.745306  0.563145  0.855561  0.780434  0.773889  0.756187  0.833809  0.869671  0.819071  0.714785  0.808279  0.726480  0.658392  0.149784  0.760875  0.762433  0.746390  0.834770  0.731401  0.746560  0.702576  0.738977  0.721896  0.791678  0.770247  0.758979  0.727125  0.740968  0.798910  0.715860  0.865091  0.807007  0.810118  0.730299  0.707193  0.758053  0.752508  0.723094  0.752920  0.747027  0.692889  0.764559  0.818774  0.786607  0.384717  0.742838  0.739651  0.761614 
11  0.819628  0.751253  0.783132  0.859759  0.774309  0.840001  0.833155  0.766580  0.783851  0.835452  0.159818 0.0  0.648687  0.795182  0.791970  0.515204  0.858121  0.758818  0.853365  0.813785  0.812627  0.829538  0.866928  0.797183  0.828445  0.837617  0.726758  0.266550  0.717640  0.834468  0.781589  0.798698  0.797847  0.786189  0.698632  0.800438  0.810924  0.866639  0.865943  0.764871  0.830917  0.833360  0.727590  0.766531  0.741602  0.757829  0.899631  0.759946  0.816507  0.794316  0.755490  0.711378  0.752577  0.760600  0.922418  0.745419  0.826607  0.857523  0.376692  0.816589  0.870175  0.851925 
12  0.351027  0.741514  0.457206  0.740603  0.616218  0.633236  0.737242  0.778428  0.279854  0.635448  0.651269  0.648687 0.0  0.784783  0.381712  0.563216  0.276460  0.397388  0.749840  0.732875  0.660614  0.695792  0.642287  0.682322  0.661800  0.698551  0.098475  0.728665  0.304318  0.753213  0.645523  0.708733  0.666530  0.693560  0.705602  0.670231  0.783358  0.683479  0.641048  0.693790  0.699655  0.719037  0.721229  0.730352  0.300712  0.415521  0.711969  0.613796  0.705483  0.329934  0.698974  0.282246  0.380767  0.319498  0.766305  0.811195  0.416576  0.433706  0.700029  0.696891  0.765435  0.750800 
13  0.671473  0.883915  0.840024  0.856242  0.558868  0.760024  0.767523  0.773574  0.724063  0.319368  0.761867  0.795182  0.784783 0.0  0.903328  0.565998  0.770752  0.704146  0.870967  0.843659  0.629810  0.314893  0.531181  0.299525  0.787351  0.278091  0.640338  0.691408  0.719269  0.505765  0.536252  0.114930  0.527586  0.380655  0.347063  0.275585  0.412445  0.127116  0.449715  0.360539  0.366048  0.522872  0.880535  0.371967  0.848099  0.792346  0.339123  0.563038  0.330752  0.775106  0.516931  0.720692  0.838135  0.813548  0.579443  0.431216  0.817665  0.816933  0.770691  0.330500  0.839534  0.921307 
14  0.807777  0.546083  0.227060  0.434400  0.908627  0.519380  0.530587  0.550061  0.726802  0.739376  0.745306  0.791970  0.381712  0.903328 0.0  0.499779  0.797464  0.374801  0.882797  0.827712  0.819079  0.686135  0.778097  0.975616  0.542595  0.759161  0.391551  0.772174  0.764066  0.865369  0.849791  0.932188  0.710926  0.866133  0.652476  0.745401  0.905785  0.797034  0.842254  0.860512  0.867032  0.876158  0.593824  0.852512  0.800407  0.818124  0.748898  0.890083  0.762139  0.769151  0.826019  0.741590  0.073704  0.809326  0.820216  0.784718  0.117610  0.188809  0.752547  0.880746  0.877322  0.883493 
15  0.495686  0.543078  0.555413  0.535816  0.495287  0.540596  0.609371  0.536619  0.556486  0.592584  0.563145  0.515204  0.563216  0.565998  0.499779 0.0  0.568739  0.483180  0.600606  0.512101  0.478174  0.522108  0.520402  0.561182  0.561767  0.596301  0.456816  0.476900  0.572314  0.537170  0.597321  0.565533  0.543040  0.593797  0.586970  0.532298  0.523964  0.566135  0.613187  0.513141  0.544502  0.622638  0.502574  0.475435  0.628044  0.538844  0.627603  0.547329  0.567140  0.557229  0.568852  0.500154  0.548157  0.572069  0.499752  0.580933  0.555523  0.476043  0.568667  0.494746  0.531444  0.582276 
16  0.073704  0.896986  0.804495  0.759719  0.674119  0.785146  0.858435  0.779366  0.373344  0.540924  0.855561  0.858121  0.276460  0.770752  0.797464  0.568739 0.0  0.721913  0.738252  0.765626  0.711980  0.767137  0.816855  0.708552  0.854480  0.732928  0.320072  0.765863  0.548879  0.588198  0.798644  0.770916  0.489753  0.674877  0.724886  0.767376  0.796561  0.807488  0.758639  0.749062  0.712421  0.882443  0.794160  0.727887  0.105394  0.387379  0.863663  0.795285  0.773788  0.250876  0.778698  0.278277  0.783347  0.276665  0.778080  0.774271  0.836089  0.773044  0.883810  0.810138  0.626435  0.792255 
17  0.728609  0.732647  0.496087  0.753835  0.720668  0.644974  0.752788  0.664877  0.776197  0.671783  0.780434  0.758818  0.397388  0.704146  0.374801  0.483180  0.721913 0.0  0.333435  0.286233  0.701744  0.766480  0.687707  0.729053  0.702135  0.662981  0.452916  0.683688  0.617557  0.649381  0.661507  0.623791  0.643157  0.667766  0.695488  0.689624  0.764998  0.674472  0.701131  0.743861  0.716763  0.609531  0.765882  0.663445  0.645139  0.722566  0.647919  0.739244  0.710430  0.692831  0.649424  0.586169  0.425522  0.686291  0.610820  0.724175  0.373943  0.409343  0.752595  0.668297  0.225560  0.304115 
18  0.848420  0.860400  0.891741  0.776939  0.918257  0.708683  0.774114  0.861095  0.455107  0.824615  0.773889  0.853365  0.749840  0.870967  0.882797  0.600606  0.738252  0.333435 0.0  0.091874  0.911306  0.749818  0.813025  0.861642  0.782630  0.782588  0.699692  0.766870  0.779630  0.857350  0.765999  0.933533  0.827202  0.818945  0.660672  0.835209  0.845797  0.753952  0.783357  0.848746  0.782421  1.000000  0.862190  0.903171  0.690121  0.806985  0.786346  0.920985  0.893964  0.760429  0.766009  0.745539  0.856934  0.865014  0.793511  0.783124  0.728834  0.799652  0.687420  0.908930  0.128346  0.081713 
19  0.775602  0.884670  0.836985  0.827786  0.885079  0.809728  0.807262  0.862692  0.467299  0.821554  0.756187  0.813785  0.732875  0.843659  0.827712  0.512101  0.765626  0.286233  0.091874 0.0  0.806985  0.846850  0.880378  0.850083  0.891953  0.807400  0.651687  0.706509  0.758521  0.837440  0.776325  0.863518  0.840611  0.727564  0.668875  0.749733  0.702962  0.815236  0.878056  0.737114  0.873495  0.867426  0.903136  0.788971  0.758584  0.722732  0.794472  0.815944  0.790763  0.733144  0.772788  0.788971  0.791433  0.756657  0.846166  0.800037  0.844428  0.798337  0.816347  0.788818  0.173130  0.180142 
20  0.703486  0.895572  0.839182  0.816273  0.171995  0.757035  0.842017  0.840026  0.618190  0.485009  0.833809  0.812627  0.660614  0.629810  0.819079  0.478174  0.711980  0.701744  0.911306  0.806985 0.0  0.380528  0.155584  0.414540  0.863451  0.328306  0.705839  0.720132  0.783504  0.260303  0.301889  0.617711  0.551100  0.487463  0.272720  0.525218  0.415683  0.545341  0.459171  0.443548  0.494662  0.087057  0.820600  0.409667  0.737349  0.867844  0.393055  0.297891  0.387227  0.854059  0.247373  0.759934  0.771007  0.802629  0.256844  0.448910  0.740929  0.817348  0.791951  0.375959  0.820899  0.784961 
21  0.784598  0.795780  0.848856  0.737592  0.373499  0.921645  0.809781  0.862084  0.741307  0.542908  0.869671  0.829538  0.695792  0.314893  0.686135  0.522108  0.767137  0.766480  0.749818  0.846850  0.380528 0.0  0.443073  0.153456  0.768531  0.196350  0.695096  0.823722  0.764350  0.337448  0.446259  0.303360  0.405095  0.212687  0.327283  0.337193  0.177082  0.338285  0.087052  0.144169  0.257644  0.458166  0.827390  0.527822  0.759727  0.719810  0.510749  0.446660  0.195408  0.630358  0.414017  0.841220  0.816869  0.787812  0.305022  0.237698  0.858521  0.827025  0.790440  0.169769  0.923957  0.821584 
22  0.777004  0.880426  0.874543  0.715947  0.124018  0.772757  0.789918  0.862279  0.728613  0.528036  0.819071  0.866928  0.642287  0.531181  0.778097  0.520402  0.816855  0.687707  0.813025  0.880378  0.155584  0.443073 0.0  0.250555  0.907801  0.413706  0.625926  0.752758  0.709810  0.358365  0.218060  0.668967  0.420936  0.406488  0.373596  0.440562  0.336299  0.562296  0.381355  0.413407  0.388216  0.156423  0.804843  0.336794  0.742902  0.843736  0.348796  0.102082  0.424000  0.812686  0.091417  0.835546  0.806044  0.795261  0.084850  0.143002  0.810474  0.808823  0.716816  0.397205  0.859249  0.795267 
23  0.744064  0.854289  0.843419  0.897436  0.323373  0.880305  0.893742  0.845632  0.692404  0.588902  0.714785  0.797183  0.682322  0.299525  0.975616  0.561182  0.708552  0.729053  0.861642  0.850083  0.414540  0.153456  0.250555 0.0  0.865460  0.231225  0.688548  0.756393  0.774015  0.293187  0.391598  0.430440  0.436152  0.084822  0.377737  0.303669  0.214383  0.315757  0.177236  0.213238  0.260367  0.371793  0.883095  0.566846  0.823596  0.804243  0.550825  0.327376  0.171144  0.806349  0.291473  0.824539  0.860139  0.799209  0.309883  0.280500  0.766495  0.794854  0.751654  0.270345  0.850618  0.784912 
24  0.727445  0.232169  0.437955  0.241930  0.823708  0.205277  0.236838  0.161633  0.760600  0.799899  0.808279  0.828445  0.661800  0.787351  0.542595  0.561767  0.854480  0.702135  0.782630  0.891953  0.863451  0.768531  0.907801  0.865460 0.0  0.808663  0.705234  0.812933  0.574181  0.794273  0.806094  0.825911  0.789101  0.723736  0.705424  0.813470  0.858474  0.791918  0.861588  0.788589  0.857146  0.848862  0.344400  0.813461  0.826217  0.808212  0.794056  0.904962  0.918763  0.755499  0.763484  0.774652  0.460911  0.827839  0.904498  0.754912  0.519618  0.471694  0.686675  0.847300  0.906178  0.836916 
25  0.792928  0.779539  0.794459  0.806787  0.370246  0.773673  0.754462  0.765878  0.599839  0.534094  0.726480  0.837617  0.698551  0.278091  0.759161  0.596301  0.732928  0.662981  0.782588  0.807400  0.328306  0.196350  0.413706  0.231225  0.808663 0.0  0.724143  0.768741  0.701888  0.305073  0.348699  0.435273  0.323004  0.163554  0.325633  0.322441  0.240902  0.284755  0.174538  0.161310  0.258091  0.370568  0.892038  0.554634  0.677723  0.766516  0.575790  0.389541  0.073704  0.744277  0.374817  0.774163  0.802078  0.744411  0.313712  0.208764  0.776652  0.754754  0.802897  0.133883  0.721114  0.753690 
26  0.382411  0.650094  0.448452  0.655002  0.662890  0.728496  0.695090  0.576001  0.377377  0.807206  0.658392  0.726758  0.098475  0.640338  0.391551  0.456816  0.320072  0.452916  0.699692  0.651687  0.705839  0.695096  0.625926  0.688548  0.705234  0.724143 0.0  0.665503  0.413706  0.655604  0.757079  0.652906  0.705945  0.692848  0.742288  0.716246  0.697211  0.720023  0.746039  0.660199  0.695926  0.676614  0.769218  0.722655  0.289082  0.351095  0.778138  0.792865  0.760698  0.341076  0.701581  0.313566  0.532139  0.319878  0.719309  0.814540  0.359031  0.430351  0.684120  0.639640  0.820457  0.699962 
27  0.728452  0.748436  0.765698  0.800466  0.790840  0.732810  0.726260  0.798769  0.702029  0.793063  0.149784  0.266550  0.728665  0.691408  0.772174  0.476900  0.765863  0.683688  0.766870  0.706509  0.720132  0.823722  0.752758  0.756393  0.812933  0.768741  0.665503 0.0  0.767593  0.762238  0.775321  0.718656  0.795321  0.786419  0.698643  0.817209  0.828126  0.757607  0.818059  0.790238  0.779438  0.771976  0.700460  0.818888  0.712981  0.754981  0.742408  0.680218  0.713762  0.783483  0.795226  0.669755  0.708843  0.801402  0.780357  0.758417  0.755171  0.885597  0.474543  0.781986  0.796282  0.816814 
28  0.495711  0.457021  0.836489  0.504809  0.786094  0.490490  0.508837  0.495658  0.315070  0.714719  0.760875  0.717640  0.304318  0.719269  0.764066  0.572314  0.548879  0.617557  0.779630  0.758521  0.783504  0.764350  0.709810  0.774015  0.574181  0.701888  0.413706  0.767593 0.0  0.801904  0.792829  0.765992  0.769931  0.752979  0.625912  0.795098  0.723978  0.720850  0.688210  0.800844  0.708231  0.777668  0.575382  0.770162  0.367562  0.448074  0.754646  0.763640  0.750236  0.468858  0.762831  0.477947  0.806455  0.524513  0.717376  0.727751  0.749301  0.814489  0.752885  0.770973  0.798399  0.897955 
29  0.444609  0.762701  0.775481  0.801820  0.194265  0.877156  0.827590  0.814737  0.683456  0.295301  0.762433  0.834468  0.753213  0.505765  0.865369  0.537170  0.588198  0.649381  0.857350  0.837440  0.260303  0.337448  0.358365  0.293187  0.794273  0.305073  0.655604  0.762238  0.801904 0.0  0.395419  0.483423  0.176505  0.381672  0.284946  0.572068  0.358087  0.552713  0.397465  0.523606  0.313689  0.315678  0.804574  0.522039  0.530854  0.421582  0.531622  0.425653  0.320869  0.593648  0.379018  0.553973  0.843651  0.579548  0.390451  0.461593  0.802360  0.882959  0.881954  0.326779  0.799671  0.808697 
30  0.777540  0.807898  0.803545  0.825088  0.163380  0.908974  0.877469  0.805179  0.744502  0.535415  0.746390  0.781589  0.645523  0.536252  0.849791  0.597321  0.798644  0.661507  0.765999  0.776325  0.301889  0.446259  0.218060  0.391598  0.806094  0.348699  0.757079  0.775321  0.792829  0.395419 0.0  0.484800  0.298789  0.442564  0.393277  0.486842  0.350682  0.548014  0.466961  0.325204  0.393225  0.284934  0.876269  0.379118  0.703998  0.786512  0.301889  0.145254  0.409670  0.738589  0.242999  0.807986  0.859893  0.754215  0.149756  0.520100  0.919555  0.814728  0.755455  0.320329  0.887297  0.894435 
31  0.789605  0.730473  0.858187  0.786454  0.591294  0.743385  0.800785  0.838156  0.646152  0.376266  0.834770  0.798698  0.708733  0.114930  0.932188  0.565533  0.770916  0.623791  0.933533  0.863518  0.617711  0.303360  0.668967  0.430440  0.825911  0.435273  0.652906  0.718656  0.765992  0.483423  0.484800 0.0  0.573894  0.349729  0.304863  0.158321  0.354575  0.239816  0.340275  0.369885  0.461753  0.634207  0.784236  0.340955  0.770408  0.713838  0.373507  0.591387  0.361992  0.724368  0.435382  0.856191  0.869734  0.704222  0.602113  0.268210  0.739683  0.751596  0.760634  0.329066  0.758417  0.819727 
32  0.619813  0.798089  0.803560  0.748459  0.538160  0.796128  0.820067  0.832031  0.729402  0.324084  0.731401  0.797847  0.666530  0.527586  0.710926  0.543040  0.489753  0.643157  0.827202  0.840611  0.551100  0.405095  0.420936  0.436152  0.789101  0.323004  0.705945  0.795321  0.769931  0.176505  0.298789  0.573894 0.0  0.419977  0.350448  0.463702  0.286731  0.469520  0.459445  0.465261  0.316267  0.449410  0.785562  0.526999  0.525460  0.501726  0.473608  0.418610  0.424955  0.551106  0.531419  0.556779  0.855862  0.551582  0.365390  0.415587  0.832347  0.832256  0.678649  0.460785  0.941934  0.776867 
33  0.787489  0.831222  0.777792  0.822281  0.561463  0.802801  0.827918  0.773130  0.775610  0.638002  0.746560  0.786189  0.693560  0.380655  0.866133  0.593797  0.674877  0.667766  0.818945  0.727564  0.487463  0.212687  0.406488  0.084822  0.723736  0.163554  0.692848  0.786419  0.752979  0.381672  0.442564  0.349729  0.419977 0.0  0.332364  0.270229  0.141799  0.237818  0.089806  0.090039  0.247424  0.505096  0.826449  0.564346  0.711621  0.775290  0.534598  0.493720  0.109934  0.819625  0.417049  0.794079  0.761901  0.731788  0.424821  0.271915  0.771424  0.808971  0.740826  0.186586  0.843083  0.890216 
34  0.765694  0.681613  0.715856  0.719494  0.323842  0.623231  0.746586  0.700720  0.702346  0.256995  0.702576  0.698632  0.705602  0.347063  0.652476  0.586970  0.724886  0.695488  0.660672  0.668875  0.272720  0.327283  0.373596  0.377737  0.705424  0.325633  0.742288  0.698643  0.625912  0.284946  0.393277  0.304863  0.350448  0.332364 0.0  0.409029  0.374861  0.245154  0.235668  0.362017  0.329403  0.412641  0.728146  0.377678  0.704838  0.767034  0.442824  0.385764  0.375346  0.716753  0.364310  0.668421  0.759310  0.652024  0.354623  0.356550  0.647313  0.718513  0.699730  0.263039  0.708734  0.640920 
35  0.743631  0.781188  0.823236  0.781765  0.588518  0.873684  0.797704  0.768217  0.747356  0.462748  0.738977  0.800438  0.670231  0.275585  0.745401  0.532298  0.767376  0.689624  0.835209  0.749733  0.525218  0.337193  0.440562  0.303669  0.813470  0.322441  0.716246  0.817209  0.795098  0.572068  0.486842  0.158321  0.463702  0.270229  0.409029 0.0  0.404945  0.117677  0.305046  0.327338  0.311169  0.609796  0.737008  0.313496  0.808842  0.776704  0.264981  0.622923  0.339283  0.784697  0.476895  0.804531  0.793511  0.791398  0.548842  0.356066  0.780846  0.765777  0.813617  0.326019  0.707401  0.829847 
36  0.840575  0.758697  0.887971  0.766567  0.413928  0.804500  0.828142  0.772023  0.638851  0.610945  0.721896  0.810924  0.783358  0.412445  0.905785  0.523964  0.796561  0.764998  0.845797  0.702962  0.415683  0.177082  0.336299  0.214383  0.858474  0.240902  0.697211  0.828126  0.723978  0.358087  0.350682  0.354575  0.286731  0.141799  0.374861  0.404945 0.0  0.340994  0.192273  0.073704  0.186410  0.400279  0.747713  0.540132  0.747811  0.772777  0.511444  0.333078  0.131109  0.795097  0.304060  0.745538  0.757681  0.691743  0.415884  0.223832  0.811838  0.842888  0.841412  0.073704  0.887317  0.802310 
37  0.847008  0.888245  0.914190  0.875178  0.460305  0.790630  0.775917  0.862612  0.712228  0.434496  0.791678  0.866639  0.683479  0.127116  0.797034  0.566135  0.807488  0.674472  0.753952  0.815236  0.545341  0.338285  0.562296  0.315757  0.791918  0.284755  0.720023  0.757607  0.720850  0.552713  0.548014  0.239816  0.469520  0.237818  0.245154  0.117677  0.340994 0.0  0.349034  0.385561  0.328535  0.544449  0.871165  0.383204  0.736253  0.766245  0.275721  0.521922  0.280738  0.770766  0.502058  0.813096  0.858211  0.807101  0.480053  0.237254  0.801256  0.723140  0.771330  0.284935  0.816903  0.870536 
38  0.694600  0.748751  0.854294  0.841615  0.494082  0.784171  0.770039  0.825122  0.727634  0.604078  0.770247  0.865943  0.641048  0.449715  0.842254  0.613187  0.758639  0.701131  0.783357  0.878056  0.459171  0.087052  0.381355  0.177236  0.861588  0.174538  0.746039  0.818059  0.688210  0.397465  0.466961  0.340275  0.459445  0.089806  0.235668  0.305046  0.192273  0.349034 0.0  0.147235  0.230588  0.406683  0.920524  0.660978  0.767364  0.872173  0.581520  0.459419  0.087618  0.714844  0.347556  0.758494  0.834849  0.753202  0.505683  0.182567  0.788870  0.766652  0.835562  0.156948  0.862843  0.823865 
39  0.702149  0.870792  0.840279  0.799924  0.461420  0.830038  0.819978  0.709824  0.686682  0.485143  0.758979  0.764871  0.693790  0.360539  0.860512  0.513141  0.749062  0.743861  0.848746  0.737114  0.443548  0.144169  0.413407  0.213238  0.788589  0.161310  0.660199  0.790238  0.800844  0.523606  0.325204  0.369885  0.465261  0.090039  0.362017  0.327338  0.073704  0.385561  0.147235 0.0  0.130804  0.422633  0.758483  0.504757  0.745082  0.812448  0.460864  0.369761  0.249513  0.825085  0.395533  0.855727  0.847123  0.698017  0.396820  0.073704  0.747512  0.801457  0.852425  0.079612  0.830290  0.832945 
40  0.797371  0.809409  0.879619  0.864735  0.409886  0.830502  0.822979  0.671487  0.687874  0.657398  0.727125  0.830917  0.699655  0.366048  0.867032  0.544502  0.712421  0.716763  0.782421  0.873495  0.494662  0.257644  0.388216  0.260367  0.857146  0.258091  0.695926  0.779438  0.708231  0.313689  0.393225  0.461753  0.316267  0.247424  0.329403  0.311169  0.186410  0.328535  0.230588  0.130804 0.0  0.387859  0.831573  0.539515  0.773093  0.726667  0.456992  0.330682  0.241344  0.793062  0.391828  0.836095  0.814078  0.883120  0.249783  0.241391  0.808233  0.796773  0.765874  0.151550  0.815346  0.872005 
41  0.760666  0.855028  0.795575  0.800403  0.073704  0.831060  0.820752  0.754366  0.714520  0.611659  0.740968  0.833360  0.719037  0.522872  0.876158  0.622638  0.882443  0.609531  1.000000  0.867426  0.087057  0.458166  0.156423  0.371793  0.848862  0.370568  0.676614  0.771976  0.777668  0.315678  0.284934  0.634207  0.449410  0.505096  0.412641  0.609796  0.400279  0.544449  0.406683  0.422633  0.387859 0.0  0.823948  0.290643  0.746758  0.777235  0.303101  0.257813  0.484118  0.722017  0.351454  0.713167  0.799707  0.746666  0.272530  0.434577  0.776676  0.773171  0.799405  0.426558  0.861144  0.832819 
42  0.741480  0.430577  0.619098  0.306241  0.864576  0.340550  0.313646  0.295413  0.735660  0.871079  0.798910  0.727590  0.721229  0.880535  0.593824  0.502574  0.794160  0.765882  0.862190  0.903136  0.820600  0.827390  0.804843  0.883095  0.344400  0.892038  0.769218  0.700460  0.575382  0.804574  0.876269  0.784236  0.785562  0.826449  0.728146  0.737008  0.747713  0.871165  0.920524  0.758483  0.831573  0.823948 0.0  0.841300  0.785696  0.763971  0.794746  0.880937  0.893419  0.785522  0.744087  0.748554  0.520303  0.789758  0.821259  0.846464  0.493075  0.511048  0.766265  0.742381  0.731690  0.794922 
43  0.737928  0.770774  0.768258  0.898807  0.269276  0.950078  0.720594  0.880588  0.685447  0.239795  0.715860  0.766531  0.730352  0.371967  0.852512  0.475435  0.727887  0.663445  0.903171  0.788971  0.409667  0.527822  0.336794  0.566846  0.813461  0.554634  0.722655  0.818888  0.770162  0.522039  0.379118  0.340955  0.526999  0.564346  0.377678  0.313496  0.540132  0.383204  0.660978  0.504757  0.539515  0.290643  0.841300 0.0  0.722294  0.739296  0.211864  0.438340  0.550047  0.795206  0.384436  0.756327  0.835207  0.700583  0.338114  0.523193  0.890607  0.808419  0.792869  0.527099  0.811275  0.663569 
44  0.213218  0.715320  0.705993  0.811267  0.811991  0.774007  0.830811  0.805050  0.286548  0.541228  0.865091  0.741602  0.300712  0.848099  0.800407  0.628044  0.105394  0.645139  0.690121  0.758584  0.737349  0.759727  0.742902  0.823596  0.826217  0.677723  0.289082  0.712981  0.367562  0.530854  0.703998  0.770408  0.525460  0.711621  0.704838  0.808842  0.747811  0.736253  0.767364  0.745082  0.773093  0.746758  0.785696  0.722294 0.0  0.081944  0.661278  0.797944  0.712196  0.280014  0.667158  0.250351  0.764340  0.251339  0.687075  0.831344  0.664228  0.763494  0.738885  0.809569  0.712910  0.758240 
45  0.278454  0.830165  0.765546  0.805642  0.794771  0.833732  0.758325  0.792157  0.334483  0.540562  0.807007  0.757829  0.415521  0.792346  0.818124  0.538844  0.387379  0.722566  0.806985  0.722732  0.867844  0.719810  0.843736  0.804243  0.808212  0.766516  0.351095  0.754981  0.448074  0.421582  0.786512  0.713838  0.501726  0.775290  0.767034  0.776704  0.772777  0.766245  0.872173  0.812448  0.726667  0.777235  0.763971  0.739296  0.081944 0.0  0.691645  0.729798  0.810443  0.233945  0.864824  0.175262  0.717495  0.188129  0.777471  0.760097  0.741420  0.752047  0.738699  0.794627  0.692251  0.742078 
46  0.879271  0.810555  0.875420  0.836161  0.333069  0.816584  0.783651  0.761885  0.740372  0.365019  0.810118  0.899631  0.711969  0.339123  0.748898  0.627603  0.863663  0.647919  0.786346  0.794472  0.393055  0.510749  0.348796  0.550825  0.794056  0.575790  0.778138  0.742408  0.754646  0.531622  0.301889  0.373507  0.473608  0.534598  0.442824  0.264981  0.511444  0.275721  0.581520  0.460864  0.456992  0.303101  0.794746  0.211864  0.661278  0.691645 0.0  0.254948  0.609028  0.698107  0.295758  0.836424  0.785703  0.788862  0.347420  0.567497  0.662529  0.823571  0.773752  0.511773  0.751012  0.848120 
47  0.817283  0.829088  0.845200  0.772546  0.231863  0.726246  0.886914  0.804886  0.777350  0.572213  0.730299  0.759946  0.613796  0.563038  0.890083  0.547329  0.795285  0.739244  0.920985  0.815944  0.297891  0.446660  0.102082  0.327376  0.904962  0.389541  0.792865  0.680218  0.763640  0.425653  0.145254  0.591387  0.418610  0.493720  0.385764  0.622923  0.333078  0.521922  0.459419  0.369761  0.330682  0.257813  0.880937  0.438340  0.797944  0.729798  0.254948 0.0  0.492581  0.757182  0.301513  0.815547  0.865192  0.715611  0.114168  0.334366  0.812734  0.782930  0.794632  0.311507  0.795098  0.935537 
48  0.891207  0.834630  0.838718  0.749540  0.487418  0.827469  0.869022  0.872723  0.681570  0.518402  0.707193  0.816507  0.705483  0.330752  0.762139  0.567140  0.773788  0.710430  0.893964  0.790763  0.387227  0.195408  0.424000  0.171144  0.918763  0.073704  0.760698  0.713762  0.750236  0.320869  0.409670  0.361992  0.424955  0.109934  0.375346  0.339283  0.131109  0.280738  0.087618  0.249513  0.241344  0.484118  0.893419  0.550047  0.712196  0.810443  0.609028  0.492581 0.0  0.727288  0.262957  0.755601  0.801341  0.693250  0.506201  0.237149  0.880736  0.789209  0.724350  0.100619  0.932385  0.862963 
49  0.212092  0.749376  0.752168  0.741620  0.682996  0.705817  0.749835  0.818415  0.378415  0.593395  0.758053  0.794316  0.329934  0.775106  0.769151  0.557229  0.250876  0.692831  0.760429  0.733144  0.854059  0.630358  0.812686  0.806349  0.755499  0.744277  0.341076  0.783483  0.468858  0.593648  0.738589  0.724368  0.551106  0.819625  0.716753  0.784697  0.795097  0.770766  0.714844  0.825085  0.793062  0.722017  0.785522  0.795206  0.280014  0.233945  0.698107  0.757182  0.727288 0.0  0.774533  0.214947  0.755269  0.261499  0.801010  0.804482  0.755786  0.773558  0.737295  0.759450  0.636920  0.747230 
50  0.839842  0.778905  0.909702  0.765893  0.231181  0.869766  0.824622  0.742978  0.694797  0.489431  0.752508  0.755490  0.698974  0.516931  0.826019  0.568852  0.778698  0.649424  0.766009  0.772788  0.247373  0.414017  0.091417  0.291473  0.763484  0.374817  0.701581  0.795226  0.762831  0.379018  0.242999  0.435382  0.531419  0.417049  0.364310  0.476895  0.304060  0.502058  0.347556  0.395533  0.391828  0.351454  0.744087  0.384436  0.667158  0.864824  0.295758  0.301513  0.262957  0.774533 0.0  0.805490  0.884172  0.837579  0.301068  0.451307  0.734134  0.815702  0.743645  0.452971  0.892320  0.761122 
51  0.288130  0.764480  0.782334  0.843404  0.783085  0.849389  0.772269  0.818044  0.352641  0.514767  0.723094  0.711378  0.282246  0.720692  0.741590  0.500154  0.278277  0.586169  0.745539  0.788971  0.759934  0.841220  0.835546  0.824539  0.774652  0.774163  0.313566  0.669755  0.477947  0.553973  0.807986  0.856191  0.556779  0.794079  0.668421  0.804531  0.745538  0.813096  0.758494  0.855727  0.836095  0.713167  0.748554  0.756327  0.250351  0.175262  0.836424  0.815547  0.755601  0.214947  0.805490 0.0  0.790097  0.297226  0.698158  0.723955  0.767288  0.801002  0.776032  0.716482  0.827940  0.808670 
52  0.760215  0.483484  0.172860  0.525331  0.922214  0.507032  0.591124  0.440500  0.633775  0.848494  0.752920  0.752577  0.380767  0.838135  0.073704  0.548157  0.783347  0.425522  0.856934  0.791433  0.771007  0.816869  0.806044  0.860139  0.460911  0.802078  0.532139  0.708843  0.806455  0.843651  0.859893  0.869734  0.855862  0.761901  0.759310  0.793511  0.757681  0.858211  0.834849  0.847123  0.814078  0.799707  0.520303  0.835207  0.764340  0.717495  0.785703  0.865192  0.801341  0.755269  0.884172  0.790097 0.0  0.697387  0.811671  0.856728  0.126067  0.118036  0.720150  0.780759  0.816225  0.836710 
53  0.207121  0.794976  0.713533  0.733080  0.712364  0.800697  0.760138  0.799197  0.287232  0.533771  0.747027  0.760600  0.319498  0.813548  0.809326  0.572069  0.276665  0.686291  0.865014  0.756657  0.802629  0.787812  0.795261  0.799209  0.827839  0.744411  0.319878  0.801402  0.524513  0.579548  0.754215  0.704222  0.551582  0.731788  0.652024  0.791398  0.691743  0.807101  0.753202  0.698017  0.883120  0.746666  0.789758  0.700583  0.251339  0.188129  0.788862  0.715611  0.693250  0.261499  0.837579  0.297226  0.697387 0.0  0.803448  0.775842  0.846085  0.800191  0.759162  0.724154  0.696126  0.819479 
54  0.835522  0.802579  0.896043  0.834636  0.262056  0.817180  0.771833  0.754131  0.753201  0.541296  0.692889  0.922418  0.766305  0.579443  0.820216  0.499752  0.778080  0.610820  0.793511  0.846166  0.256844  0.305022  0.084850  0.309883  0.904498  0.313712  0.719309  0.780357  0.717376  0.390451  0.149756  0.602113  0.365390  0.424821  0.354623  0.548842  0.415884  0.480053  0.505683  0.396820  0.249783  0.272530  0.821259  0.338114  0.687075  0.777471  0.347420  0.114168  0.506201  0.801010  0.301068  0.698158  0.811671  0.803448 0.0  0.476565  0.783962  0.856836  0.666049  0.445978  0.873195  0.812456 
55  0.784486  0.815550  0.800690  0.864591  0.428438  0.899324  0.782510  0.766816  0.746582  0.604866  0.764559  0.745419  0.811195  0.431216  0.784718  0.580933  0.774271  0.724175  0.783124  0.800037  0.448910  0.237698  0.143002  0.280500  0.754912  0.208764  0.814540  0.758417  0.727751  0.461593  0.520100  0.268210  0.415587  0.271915  0.356550  0.356066  0.223832  0.237254  0.182567  0.073704  0.241391  0.434577  0.846464  0.523193  0.831344  0.760097  0.567497  0.334366  0.237149  0.804482  0.451307  0.723955  0.856728  0.775842  0.476565 0.0  0.832888  0.773297  0.772930  0.134373  0.802070  0.747918 
56  0.764685  0.490571  0.190894  0.506489  0.773377  0.563016  0.459507  0.570855  0.710452  0.750221  0.818774  0.826607  0.416576  0.817665  0.117610  0.555523  0.836089  0.373943  0.728834  0.844428  0.740929  0.858521  0.810474  0.766495  0.519618  0.776652  0.359031  0.755171  0.749301  0.802360  0.919555  0.739683  0.832347  0.771424  0.647313  0.780846  0.811838  0.801256  0.788870  0.747512  0.808233  0.776676  0.493075  0.890607  0.664228  0.741420  0.662529  0.812734  0.880736  0.755786  0.734134  0.767288  0.126067  0.846085  0.783962  0.832888 0.0  0.073704  0.795486  0.865281  0.781333  0.800051 
57  0.732710  0.576628  0.149379  0.522571  0.789321  0.516083  0.508276  0.504660  0.701344  0.837715  0.786607  0.857523  0.433706  0.816933  0.188809  0.476043  0.773044  0.409343  0.799652  0.798337  0.817348  0.827025  0.808823  0.794854  0.471694  0.754754  0.430351  0.885597  0.814489  0.882959  0.814728  0.751596  0.832256  0.808971  0.718513  0.765777  0.842888  0.723140  0.766652  0.801457  0.796773  0.773171  0.511048  0.808419  0.763494  0.752047  0.823571  0.782930  0.789209  0.773558  0.815702  0.801002  0.118036  0.800191  0.856836  0.773297  0.073704 0.0  0.776080  0.861424  0.825435  0.914033 
58  0.733497  0.682306  0.710985  0.721074  0.723677  0.846248  0.719518  0.768087  0.712397  0.783678  0.384717  0.376692  0.700029  0.770691  0.752547  0.568667  0.883810  0.752595  0.687420  0.816347  0.791951  0.790440  0.716816  0.751654  0.686675  0.802897  0.684120  0.474543  0.752885  0.881954  0.755455  0.760634  0.678649  0.740826  0.699730  0.813617  0.841412  0.771330  0.835562  0.852425  0.765874  0.799405  0.766265  0.792869  0.738885  0.738699  0.773752  0.794632  0.724350  0.737295  0.743645  0.776032  0.720150  0.759162  0.666049  0.772930  0.795486  0.776080 0.0  0.766008  0.772749  0.761312 
59  0.749105  0.777151  0.712722  0.843889  0.400358  0.825501  0.735317  0.882583  0.742070  0.554379  0.742838  0.816589  0.696891  0.330500  0.880746  0.494746  0.810138  0.668297  0.908930  0.788818  0.375959  0.169769  0.397205  0.270345  0.847300  0.133883  0.639640  0.781986  0.770973  0.326779  0.320329  0.329066  0.460785  0.186586  0.263039  0.326019  0.073704  0.284935  0.156948  0.079612  0.151550  0.426558  0.742381  0.527099  0.809569  0.794627  0.511773  0.311507  0.100619  0.759450  0.452971  0.716482  0.780759  0.724154  0.445978  0.134373  0.865281  0.861424  0.766008 0.0  0.778555  0.845268 
60  0.749536  0.807386  0.791727  0.792629  0.931947  0.808639  0.823553  0.777034  0.441058  0.873174  0.739651  0.870175  0.765435  0.839534  0.877322  0.531444  0.626435  0.225560  0.128346  0.173130  0.820899  0.923957  0.859249  0.850618  0.906178  0.721114  0.820457  0.796282  0.798399  0.799671  0.887297  0.758417  0.941934  0.843083  0.708734  0.707401  0.887317  0.816903  0.862843  0.830290  0.815346  0.861144  0.731690  0.811275  0.712910  0.692251  0.751012  0.795098  0.932385  0.636920  0.892320  0.827940  0.816225  0.696126  0.873195  0.802070  0.781333  0.825435  0.772749  0.778555 0.0  0.166783 
61  0.798473  0.763348  0.896087  0.813669  0.807349  0.787398  0.750469  0.858706  0.454395  0.812468  0.761614  0.851925  0.750800  0.921307  0.883493  0.582276  0.792255  0.304115  0.081713  0.180142  0.784961  0.821584  0.795267  0.784912  0.836916  0.753690  0.699962  0.816814  0.897955  0.808697  0.894435  0.819727  0.776867  0.890216  0.640920  0.829847  0.802310  0.870536  0.823865  0.832945  0.872005  0.832819  0.794922  0.663569  0.758240  0.742078  0.848120  0.935537  0.862963  0.747230  0.761122  0.808670  0.836710  0.819479  0.812456  0.747918  0.800051  0.914033  0.761312  0.845268  0.166783 0.0 
