62
0 0.0  0.808797  0.789562  0.795107  0.789377  0.838456  0.752034  0.751936  0.284394  0.592827  0.779551  0.840289  0.399788  0.828641  0.767761  0.514653  0.077818  0.627403  0.793235  0.760753  0.895871  0.727738  0.706925  0.691889  0.788418  0.742693  0.395547  0.714237  0.488143  0.594011  0.799623  0.800419  0.557001  0.851052  0.717695  0.737193  0.768768  0.798498  0.824676  0.825012  0.796994  0.760987  0.787545  0.770469  0.248538  0.193859  0.827632  0.809254  0.741683  0.231867  0.881928  0.212631  0.882663  0.312144  0.827312  0.817069  0.779466  0.817274  0.708067  0.770150  0.857044  0.867144 
1  0.808797 0.0  0.527748  0.077818  0.895552  0.128928  0.128871  0.162887  0.757714  0.764762  0.755139  0.746736  0.678036  0.720339  0.495350  0.538703  0.794190  0.785823  0.782981  0.868352  0.840444  0.923189  0.805972  0.857883  0.139759  0.834166  0.767660  0.914315  0.574128  0.866970  0.799270  0.871373  0.852946  0.837798  0.620800  0.939292  0.771779  0.877886  0.914353  0.816557  0.848144  0.784087  0.377361  0.878240  0.758117  0.901052  0.906965  0.813557  0.752331  0.859016  0.874980  0.793947  0.517910  0.885816  0.847692  0.843794  0.505372  0.578028  0.870912  0.912334  0.884058  0.878833 
2  0.789562  0.527748 0.0  0.621280  0.962341  0.529609  0.500678  0.467654  0.718160  0.921393  0.695314  0.901443  0.410462  0.890072  0.172847  0.521804  0.878315  0.398022  0.854038  0.863498  0.971561  0.792753  0.813878  0.912726  0.608402  0.766945  0.452477  0.771197  0.815557  0.756825  0.898350  0.938619  0.870872  0.831517  0.682048  0.769256  0.813792  0.748102  0.873686  0.885858  0.846460  0.953461  0.586180  0.918647  0.731769  0.819237  0.778535  0.911646  0.924506  0.774712  0.906209  0.783245  0.223207  0.763309  0.877444  0.883225  0.077818  0.227656  0.835002  0.742337  0.885418  0.776410 
3  0.795107  0.077818  0.621280 0.0  0.802775  0.191797  0.096532  0.077818  0.711329  0.859462  0.788340  0.855030  0.683999  0.849967  0.552120  0.640260  0.787278  0.695143  0.805013  0.871761  0.818773  0.851113  0.763021  0.868660  0.145527  0.777008  0.725509  0.734888  0.614693  0.770774  0.788364  0.857785  0.849808  0.833520  0.761441  0.782059  0.777508  0.863117  0.795700  0.842162  0.842096  0.877721  0.376935  0.782728  0.672371  0.842804  0.854124  0.820895  0.787977  0.804792  0.780485  0.818607  0.468416  0.686998  0.879002  0.837050  0.535177  0.488648  0.827718  0.822590  0.742736  0.791648 
4  0.789377  0.895552  0.962341  0.802775 0.0  0.836031  0.881672  0.835258  0.659941  0.522549  0.746091  0.774339  0.722335  0.587533  0.925319  0.658574  0.791621  0.787720  0.813861  0.849754  0.252351  0.402488  0.142486  0.378857  0.875744  0.368120  0.713142  0.824950  0.916238  0.368777  0.321633  0.534291  0.371117  0.425715  0.374609  0.583450  0.400438  0.464375  0.567289  0.276980  0.339431  0.125754  0.832746  0.379356  0.816830  0.734557  0.456287  0.315282  0.573751  0.801601  0.164006  0.810791  0.928618  0.763379  0.330677  0.445112  0.798549  0.825011  0.812559  0.465186  0.876084  0.837455 
5  0.838456  0.128928  0.529609  0.191797  0.836031 0.0  0.134243  0.112398  0.637998  0.857877  0.878568  0.799388  0.725800  0.827016  0.516842  0.553293  0.827244  0.714641  0.835526  0.802563  0.880155  0.884921  0.781009  0.732821  0.088185  0.813617  0.651070  0.772210  0.545427  0.959571  0.843606  0.799770  0.857155  0.854954  0.748051  0.838589  0.807679  0.773743  0.910516  0.934448  0.844851  0.850639  0.387393  0.797245  0.722243  0.808910  0.913087  0.830499  0.856313  0.777569  0.789685  0.832663  0.557653  0.857703  0.797480  0.874044  0.545471  0.610103  0.790418  0.801925  0.814535  0.905436 
6  0.752034  0.128871  0.500678  0.096532  0.881672  0.134243 0.0  0.222069  0.714825  0.801969  0.827486  0.899929  0.777297  0.840631  0.560768  0.538862  0.877081  0.740526  0.824112  0.827762  0.877069  0.872179  0.844842  0.839390  0.162933  0.697718  0.745045  0.861115  0.621198  0.898430  0.922502  0.741664  0.774276  0.844064  0.741934  0.886240  0.807929  0.861478  0.893489  0.849325  0.886893  0.800342  0.399973  0.953479  0.697006  0.823497  0.808549  0.851227  0.820341  0.779487  0.882451  0.830660  0.549920  0.802610  0.902300  0.820179  0.542506  0.538080  0.821525  0.939697  0.699734  0.913343 
7  0.751936  0.162887  0.467654  0.077818  0.835258  0.112398  0.222069 0.0  0.682824  0.773116  0.799501  0.846005  0.682313  0.879734  0.437477  0.576057  0.774095  0.791547  0.775241  0.923357  0.806383  0.890820  0.852312  0.874944  0.263051  0.969201  0.733915  0.752959  0.592560  0.844861  0.804800  0.891262  0.893051  0.823148  0.727219  0.886104  0.812721  0.922643  0.819194  0.785083  0.836555  0.771711  0.289314  0.786521  0.787396  0.886352  0.783543  0.806093  0.866003  0.820384  0.814891  0.837158  0.509381  0.796374  0.820304  0.892742  0.520149  0.656206  0.771411  0.732354  0.853651  0.782190 
8  0.284394  0.757714  0.718160  0.711329  0.659941  0.637998  0.714825  0.682824 0.0  0.646409  0.770113  0.699312  0.385988  0.752188  0.753485  0.637969  0.305330  0.644355  0.444605  0.481173  0.595280  0.617654  0.816459  0.710581  0.732385  0.678573  0.360471  0.723427  0.320516  0.748230  0.717096  0.659532  0.723631  0.740085  0.784925  0.682824  0.735906  0.654906  0.738917  0.741378  0.755813  0.734571  0.716266  0.704503  0.263084  0.333080  0.783338  0.670663  0.706885  0.362986  0.738579  0.412056  0.756720  0.434938  0.712168  0.806026  0.743873  0.784004  0.723412  0.598590  0.439522  0.411818 
9  0.592827  0.764762  0.921393  0.859462  0.522549  0.857877  0.801969  0.773116  0.646409 0.0  0.736001  0.769931  0.759555  0.331064  0.884491  0.558720  0.557316  0.669400  0.892653  0.899193  0.571169  0.535224  0.545599  0.537202  0.838230  0.478772  0.774094  0.664439  0.812380  0.389175  0.646264  0.238948  0.367634  0.500360  0.311752  0.395560  0.500337  0.420503  0.687088  0.535574  0.627934  0.602854  0.837119  0.265398  0.577112  0.549992  0.465011  0.552489  0.602430  0.630758  0.554191  0.561824  0.794581  0.560280  0.544617  0.589793  0.814958  0.858522  0.782935  0.567226  0.846134  0.824158 
10  0.779551  0.755139  0.695314  0.788340  0.746091  0.878568  0.827486  0.799501  0.770113  0.736001 0.0  0.231816  0.689723  0.853650  0.921247  0.617316  0.757495  0.764330  0.734154  0.751043  0.836157  0.826947  0.813751  0.779976  0.810578  0.876380  0.838779  0.253980  0.742410  0.714380  0.814226  0.867923  0.885907  0.806647  0.732246  0.778937  0.830876  0.814554  0.831871  0.811448  0.865332  0.724191  0.717076  0.856636  0.797212  0.779254  0.709821  0.737885  0.694789  0.800570  0.787373  0.777576  0.797252  0.822557  0.707485  0.777742  0.795659  0.903772  0.494494  0.860763  0.760940  0.856137 
11  0.840289  0.746736  0.901443  0.855030  0.774339  0.799388  0.899929  0.846005  0.699312  0.769931  0.231816 0.0  0.786622  0.818100  0.908491  0.576295  0.854569  0.754917  0.812395  0.837430  0.837732  0.851518  0.869393  0.839638  0.769698  0.869600  0.744018  0.274521  0.780911  0.869952  0.830306  0.799616  0.860478  0.948596  0.728939  0.754664  0.807601  0.809196  0.734040  0.867223  0.914625  0.824467  0.799284  0.867023  0.899742  0.765735  0.874965  0.772302  0.882381  0.774069  0.888193  0.741491  0.782788  0.716876  0.830793  0.816880  0.836266  0.787953  0.522085  0.809326  0.796710  0.883743 
12  0.399788  0.678036  0.410462  0.683999  0.722335  0.725800  0.777297  0.682313  0.385988  0.759555  0.689723  0.786622 0.0  0.793184  0.546272  0.660889  0.351542  0.469035  0.708408  0.791902  0.731396  0.749382  0.661094  0.656331  0.663585  0.729893  0.083983  0.834143  0.331136  0.675494  0.784113  0.760361  0.746844  0.686184  0.760733  0.731639  0.786417  0.700755  0.706988  0.659084  0.761857  0.810434  0.744122  0.728939  0.273888  0.371427  0.759165  0.661429  0.663082  0.322654  0.649531  0.412923  0.544402  0.369305  0.771402  0.705628  0.470781  0.422347  0.727946  0.549395  0.774582  0.720686 
13  0.828641  0.720339  0.890072  0.849967  0.587533  0.827016  0.840631  0.879734  0.752188  0.331064  0.853650  0.818100  0.793184 0.0  0.750026  0.606768  0.769417  0.623132  0.784383  0.929516  0.588641  0.307231  0.561165  0.360258  0.810951  0.380266  0.687643  0.767835  0.795498  0.551444  0.595322  0.171677  0.564445  0.369885  0.268384  0.169927  0.218201  0.077818  0.335517  0.320910  0.430934  0.514949  0.923328  0.385977  0.937465  0.785859  0.402020  0.467255  0.381013  0.847449  0.525432  0.787587  0.893418  0.872270  0.594141  0.349711  0.890851  0.887242  0.733701  0.377979  0.907931  0.786989 
14  0.767761  0.495350  0.172847  0.552120  0.925319  0.516842  0.560768  0.437477  0.753485  0.884491  0.921247  0.908491  0.546272  0.750026 0.0  0.596764  0.840686  0.431441  0.929336  0.823443  0.927788  0.879953  0.811755  0.936378  0.555523  0.788512  0.434902  0.765807  0.771886  0.881719  0.948888  0.875022  0.881733  0.846210  0.660747  0.951005  0.892224  0.917691  0.865204  0.772570  0.857007  0.870813  0.585615  0.823499  0.753176  0.863436  0.864934  0.917942  0.869841  0.864121  0.854536  0.738461  0.110008  0.765822  0.810703  0.866958  0.112343  0.130943  0.828729  0.869558  0.774754  0.918189 
15  0.514653  0.538703  0.521804  0.640260  0.658574  0.553293  0.538862  0.576057  0.637969  0.558720  0.617316  0.576295  0.660889  0.606768  0.596764 0.0  0.606983  0.607588  0.556836  0.625963  0.593418  0.619182  0.527058  0.583098  0.667917  0.526556  0.687424  0.671014  0.563078  0.630740  0.568921  0.628368  0.563423  0.530186  0.414997  0.590872  0.626047  0.473919  0.683190  0.627235  0.582080  0.570980  0.592678  0.679625  0.565243  0.681744  0.486931  0.585357  0.566762  0.650693  0.581675  0.562528  0.479761  0.540531  0.591045  0.671755  0.597677  0.542465  0.571345  0.552273  0.564575  0.549590 
16  0.077818  0.794190  0.878315  0.787278  0.791621  0.827244  0.877081  0.774095  0.305330  0.557316  0.757495  0.854569  0.351542  0.769417  0.840686  0.606983 0.0  0.833510  0.805205  0.768382  0.761240  0.771991  0.765372  0.785678  0.788688  0.769759  0.276092  0.749902  0.496296  0.572912  0.782009  0.792049  0.557174  0.758831  0.729872  0.956128  0.732766  0.831378  0.822103  0.746570  0.751942  0.791536  0.791495  0.768816  0.217885  0.173432  0.696663  0.946168  0.936287  0.240442  0.792962  0.148749  0.772201  0.174641  0.830085  0.792481  0.759360  0.752284  0.856781  0.805176  0.842271  0.757759 
17  0.627403  0.785823  0.398022  0.695143  0.787720  0.714641  0.740526  0.791547  0.644355  0.669400  0.764330  0.754917  0.469035  0.623132  0.431441  0.607588  0.833510 0.0  0.309765  0.394001  0.778305  0.649815  0.632545  0.753234  0.666081  0.681071  0.469081  0.740183  0.760631  0.756409  0.713408  0.760524  0.734435  0.676308  0.728593  0.699134  0.611611  0.756828  0.725953  0.698991  0.635879  0.710240  0.799451  0.743586  0.762304  0.666142  0.716616  0.718602  0.709722  0.704275  0.724645  0.633367  0.384876  0.709116  0.827433  0.600800  0.410776  0.465493  0.700225  0.746014  0.304031  0.338209 
18  0.793235  0.782981  0.854038  0.805013  0.813861  0.835526  0.824112  0.775241  0.444605  0.892653  0.734154  0.812395  0.708408  0.784383  0.929336  0.556836  0.805205  0.309765 0.0  0.146081  0.839025  0.820818  0.837632  0.845663  0.880432  0.793454  0.692211  0.709947  0.780753  0.744532  0.890596  0.883025  0.875586  0.889740  0.720622  0.745906  0.933776  0.815671  0.815060  0.867149  0.857182  0.879210  0.782667  0.822928  0.856786  0.802134  0.826179  0.926975  0.865045  0.815280  0.891167  0.807785  0.968795  0.787860  0.757038  0.822319  0.832401  0.803690  0.703878  0.878641  0.077818  0.148314 
19  0.760753  0.868352  0.863498  0.871761  0.849754  0.802563  0.827762  0.923357  0.481173  0.899193  0.751043  0.837430  0.791902  0.929516  0.823443  0.625963  0.768382  0.394001  0.146081 0.0  0.897997  0.821489  0.803986  0.840820  0.886421  0.854053  0.872064  0.799585  0.742393  0.783953  0.949209  0.773766  0.849570  0.866784  0.648460  0.823228  0.867603  0.773564  0.911629  0.864781  0.864423  0.914064  0.868156  0.783585  0.778015  0.838224  0.886554  0.854783  0.916982  0.787044  0.893771  0.890724  0.801117  0.782756  0.977411  0.760820  0.827509  0.867246  0.794177  0.812255  0.145556  0.151889 
20  0.895871  0.840444  0.971561  0.818773  0.252351  0.880155  0.877069  0.806383  0.595280  0.571169  0.836157  0.837732  0.731396  0.588641  0.927788  0.593418  0.761240  0.778305  0.839025  0.897997 0.0  0.382469  0.111142  0.374093  0.828448  0.301105  0.774386  0.787768  0.793031  0.194040  0.368185  0.657689  0.458898  0.437375  0.298552  0.653907  0.416721  0.606647  0.430593  0.411968  0.413152  0.160522  0.851448  0.421584  0.835821  0.756192  0.362935  0.291316  0.520549  0.782321  0.143959  0.829031  0.885225  0.720646  0.313826  0.431101  0.891584  0.840293  0.856666  0.361563  0.992699  0.850678 
21  0.727738  0.923189  0.792753  0.851113  0.402488  0.884921  0.872179  0.890820  0.617654  0.535224  0.826947  0.851518  0.749382  0.307231  0.879953  0.619182  0.771991  0.649815  0.820818  0.821489  0.382469 0.0  0.443543  0.181501  0.845794  0.210469  0.679727  0.891429  0.715437  0.366439  0.359347  0.255579  0.411259  0.166188  0.400628  0.334338  0.176261  0.357511  0.131225  0.105088  0.174529  0.264705  0.964701  0.558971  0.832933  0.875629  0.458702  0.367894  0.147231  0.649224  0.369918  0.751916  0.915451  0.672097  0.445121  0.192551  0.926156  0.828691  0.777907  0.172172  0.921665  0.837457 
22  0.706925  0.805972  0.813878  0.763021  0.142486  0.781009  0.844842  0.852312  0.816459  0.545599  0.813751  0.869393  0.661094  0.561165  0.811755  0.527058  0.765372  0.632545  0.837632  0.803986  0.111142  0.443543 0.0  0.274106  0.804172  0.535277  0.722322  0.797264  0.895035  0.451104  0.190671  0.507119  0.347982  0.319041  0.405525  0.585469  0.366447  0.560767  0.436930  0.436822  0.321033  0.077818  0.835313  0.369488  0.791601  0.785998  0.346987  0.156595  0.351987  0.822560  0.201849  0.780192  0.704275  0.763278  0.188771  0.297746  0.891795  0.764445  0.767332  0.470841  0.842290  0.853435 
23  0.691889  0.857883  0.912726  0.868660  0.378857  0.732821  0.839390  0.874944  0.710581  0.537202  0.779976  0.839638  0.656331  0.360258  0.936378  0.583098  0.785678  0.753234  0.845663  0.840820  0.374093  0.181501  0.274106 0.0  0.763334  0.216968  0.641178  0.836117  0.779120  0.389021  0.454886  0.402841  0.402427  0.200959  0.413324  0.314690  0.207846  0.367275  0.168078  0.121871  0.236156  0.445194  0.882482  0.543822  0.827330  0.775752  0.654440  0.501851  0.144030  0.789692  0.345888  0.850600  0.870635  0.708262  0.401289  0.308748  0.847649  0.915759  0.636413  0.117613  0.829687  0.811061 
24  0.788418  0.139759  0.608402  0.145527  0.875744  0.088185  0.162933  0.263051  0.732385  0.838230  0.810578  0.769698  0.663585  0.810951  0.555523  0.667917  0.788688  0.666081  0.880432  0.886421  0.828448  0.845794  0.804172  0.763334 0.0  0.797453  0.694942  0.691757  0.546237  0.873046  0.872451  0.865648  0.767671  0.855301  0.646255  0.855228  0.859251  0.885753  0.897645  0.894674  0.937655  0.809249  0.376490  0.794089  0.882562  0.779282  0.850068  0.749435  0.807416  0.791757  0.941440  0.822978  0.594181  0.844519  0.778392  0.737683  0.609036  0.548950  0.869769  0.725297  0.703155  0.915509 
25  0.742693  0.834166  0.766945  0.777008  0.368120  0.813617  0.697718  0.969201  0.678573  0.478772  0.876380  0.869600  0.729893  0.380266  0.788512  0.526556  0.769759  0.681071  0.793454  0.854053  0.301105  0.210469  0.535277  0.216968  0.797453 0.0  0.696769  0.845400  0.771285  0.452365  0.392649  0.256272  0.401085  0.125032  0.318121  0.356326  0.077818  0.275579  0.101623  0.263315  0.147388  0.449646  0.870709  0.569012  0.813960  0.835035  0.588747  0.373003  0.276516  0.806300  0.473364  0.811502  0.780274  0.794858  0.337907  0.163694  0.720277  0.881205  0.798263  0.189237  0.896373  0.858353 
26  0.395547  0.767660  0.452477  0.725509  0.713142  0.651070  0.745045  0.733915  0.360471  0.774094  0.838779  0.744018  0.083983  0.687643  0.434902  0.687424  0.276092  0.469081  0.692211  0.872064  0.774386  0.679727  0.722322  0.641178  0.694942  0.696769 0.0  0.787212  0.413070  0.706437  0.633364  0.853350  0.737748  0.798293  0.819266  0.766597  0.690633  0.705458  0.653596  0.783545  0.787722  0.762403  0.651920  0.668708  0.301250  0.349156  0.703763  0.702509  0.646841  0.311111  0.736487  0.408024  0.484064  0.194375  0.618028  0.765728  0.489310  0.387924  0.655001  0.685835  0.632331  0.685232 
27  0.714237  0.914315  0.771197  0.734888  0.824950  0.772210  0.861115  0.752959  0.723427  0.664439  0.253980  0.274521  0.834143  0.767835  0.765807  0.671014  0.749902  0.740183  0.709947  0.799585  0.787768  0.891429  0.797264  0.836117  0.691757  0.845400  0.787212 0.0  0.755964  0.725098  0.730862  0.757402  0.789824  0.823167  0.710913  0.769264  0.784601  0.784038  0.778879  0.694918  0.713676  0.848957  0.869927  0.684602  0.788151  0.785357  0.860413  0.778144  0.739219  0.840540  0.771771  0.853781  0.904924  0.769062  0.732389  0.762380  0.751261  0.834439  0.461457  0.785057  0.791706  0.732611 
28  0.488143  0.574128  0.815557  0.614693  0.916238  0.545427  0.621198  0.592560  0.320516  0.812380  0.742410  0.780911  0.331136  0.795498  0.771886  0.563078  0.496296  0.760631  0.780753  0.742393  0.793031  0.715437  0.895035  0.779120  0.546237  0.771285  0.413070  0.755964 0.0  0.797924  0.811566  0.823528  0.870152  0.689727  0.743981  0.794670  0.789757  0.779680  0.761957  0.789087  0.841089  0.768699  0.498527  0.814839  0.522608  0.470801  0.824751  0.776582  0.829896  0.402941  0.783426  0.495578  0.678557  0.452801  0.713246  0.806725  0.700295  0.760715  0.792623  0.832468  0.814060  0.811104 
29  0.594011  0.866970  0.756825  0.770774  0.368777  0.959571  0.898430  0.844861  0.748230  0.389175  0.714380  0.869952  0.675494  0.551444  0.881719  0.630740  0.572912  0.756409  0.744532  0.783953  0.194040  0.366439  0.451104  0.389021  0.873046  0.452365  0.706437  0.725098  0.797924 0.0  0.453569  0.516495  0.077818  0.423923  0.340045  0.619259  0.319822  0.502928  0.310473  0.445239  0.386129  0.342031  0.827619  0.642649  0.563887  0.572251  0.576545  0.387394  0.319163  0.713765  0.353647  0.612947  0.960400  0.564919  0.383286  0.386708  0.901260  0.768803  0.799498  0.359363  0.770618  0.851989 
30  0.799623  0.799270  0.898350  0.788364  0.321633  0.843606  0.922502  0.804800  0.717096  0.646264  0.814226  0.830306  0.784113  0.595322  0.948888  0.568921  0.782009  0.713408  0.890596  0.949209  0.368185  0.359347  0.190671  0.454886  0.872451  0.392649  0.633364  0.730862  0.811566  0.453569 0.0  0.608145  0.288750  0.374151  0.240617  0.518301  0.405197  0.607198  0.381082  0.403057  0.447896  0.278326  0.918833  0.409330  0.798651  0.771506  0.376166  0.077818  0.528065  0.786247  0.255623  0.831364  0.952275  0.860622  0.158433  0.463242  0.944750  0.873527  0.754452  0.353587  0.909917  0.937100 
31  0.800419  0.871373  0.938619  0.857785  0.534291  0.799770  0.741664  0.891262  0.659532  0.238948  0.867923  0.799616  0.760361  0.171677  0.875022  0.628368  0.792049  0.760524  0.883025  0.773766  0.657689  0.255579  0.507119  0.402841  0.865648  0.256272  0.853350  0.757402  0.823528  0.516495  0.608145 0.0  0.590311  0.368974  0.311808  0.146517  0.313498  0.127721  0.355662  0.447737  0.422755  0.558789  0.786228  0.344376  0.807494  0.853205  0.312369  0.593512  0.430511  0.847872  0.596405  0.818102  1.000000  0.727706  0.655305  0.384930  0.818628  0.783119  0.773653  0.329221  0.851737  0.866066 
32  0.557001  0.852946  0.870872  0.849808  0.371117  0.857155  0.774276  0.893051  0.723631  0.367634  0.885907  0.860478  0.746844  0.564445  0.881733  0.563423  0.557174  0.734435  0.875586  0.849570  0.458898  0.411259  0.347982  0.402427  0.767671  0.401085  0.737748  0.789824  0.870152  0.077818  0.288750  0.590311 0.0  0.442998  0.319417  0.613424  0.397746  0.615426  0.349978  0.443178  0.278922  0.424658  0.926482  0.562327  0.563092  0.604409  0.549181  0.456243  0.421412  0.545096  0.529783  0.601645  0.891156  0.543710  0.450466  0.481226  0.925441  0.796068  0.858859  0.447428  0.853216  0.917619 
33  0.851052  0.837798  0.831517  0.833520  0.425715  0.854954  0.844064  0.823148  0.740085  0.500360  0.806647  0.948596  0.686184  0.369885  0.846210  0.530186  0.758831  0.676308  0.889740  0.866784  0.437375  0.166188  0.319041  0.200959  0.855301  0.125032  0.798293  0.823167  0.689727  0.423923  0.374151  0.368974  0.442998 0.0  0.355385  0.358502  0.190048  0.292236  0.137924  0.192999  0.275260  0.368930  0.824513  0.641432  0.726580  0.822540  0.608617  0.441766  0.131531  0.851119  0.348606  0.777163  0.889463  0.744037  0.464814  0.298788  0.712961  0.770430  0.819307  0.091878  0.833440  0.877150 
34  0.717695  0.620800  0.682048  0.761441  0.374609  0.748051  0.741934  0.727219  0.784925  0.311752  0.732246  0.728939  0.760733  0.268384  0.660747  0.414997  0.729872  0.728593  0.720622  0.648460  0.298552  0.400628  0.405525  0.413324  0.646255  0.318121  0.819266  0.710913  0.743981  0.340045  0.240617  0.311808  0.319417  0.355385 0.0  0.365629  0.360631  0.374754  0.323634  0.415936  0.315601  0.414272  0.732674  0.370893  0.821581  0.801641  0.302253  0.375364  0.349572  0.720591  0.295233  0.732702  0.791881  0.717232  0.331837  0.416692  0.584114  0.735345  0.661703  0.291140  0.664519  0.731549 
35  0.737193  0.939292  0.769256  0.782059  0.583450  0.838589  0.886240  0.886104  0.682824  0.395560  0.778937  0.754664  0.731639  0.169927  0.951005  0.590872  0.956128  0.699134  0.745906  0.823228  0.653907  0.334338  0.585469  0.314690  0.855228  0.356326  0.766597  0.769264  0.794670  0.619259  0.518301  0.146517  0.613424  0.358502  0.365629 0.0  0.277738  0.077818  0.279592  0.364888  0.358511  0.524187  0.848090  0.347751  0.749444  0.838141  0.237610  0.572232  0.445190  0.716306  0.543932  0.764025  0.910998  0.849781  0.597022  0.231958  0.873894  0.877476  0.869221  0.373445  0.819618  0.792577 
36  0.768768  0.771779  0.813792  0.777508  0.400438  0.807679  0.807929  0.812721  0.735906  0.500337  0.830876  0.807601  0.786417  0.218201  0.892224  0.626047  0.732766  0.611611  0.933776  0.867603  0.416721  0.176261  0.366447  0.207846  0.859251  0.077818  0.690633  0.784601  0.789757  0.319822  0.405197  0.313498  0.397746  0.190048  0.360631  0.277738 0.0  0.252861  0.242414  0.077818  0.140984  0.429026  0.846513  0.552015  0.763355  0.850266  0.555950  0.419025  0.103476  0.811191  0.443691  0.685454  0.806274  0.816306  0.359223  0.210489  0.784073  0.872706  0.831383  0.077818  0.757495  0.762539 
37  0.798498  0.877886  0.748102  0.863117  0.464375  0.773743  0.861478  0.922643  0.654906  0.420503  0.814554  0.809196  0.700755  0.077818  0.917691  0.473919  0.831378  0.756828  0.815671  0.773564  0.606647  0.357511  0.560767  0.367275  0.885753  0.275579  0.705458  0.784038  0.779680  0.502928  0.607198  0.127721  0.615426  0.292236  0.374754  0.077818  0.252861 0.0  0.387089  0.339554  0.313814  0.668421  0.814634  0.385361  0.729561  0.740051  0.256228  0.483703  0.321988  0.821603  0.483246  0.752834  0.819920  0.785986  0.634100  0.347004  0.794059  0.768990  0.828548  0.316221  0.839365  0.863980 
38  0.824676  0.914353  0.873686  0.795700  0.567289  0.910516  0.893489  0.819194  0.738917  0.687088  0.831871  0.734040  0.706988  0.335517  0.865204  0.683190  0.822103  0.725953  0.815060  0.911629  0.430593  0.131225  0.436930  0.168078  0.897645  0.101623  0.653596  0.778879  0.761957  0.310473  0.381082  0.355662  0.349978  0.137924  0.323634  0.279592  0.242414  0.387089 0.0  0.179573  0.259746  0.461810  0.857094  0.588054  0.814131  0.694567  0.369920  0.518859  0.078501  0.766923  0.391345  0.847055  0.877107  0.918871  0.406451  0.348044  0.886669  0.772973  0.742703  0.215298  0.989606  0.912357 
39  0.825012  0.816557  0.885858  0.842162  0.276980  0.934448  0.849325  0.785083  0.741378  0.535574  0.811448  0.867223  0.659084  0.320910  0.772570  0.627235  0.746570  0.698991  0.867149  0.864781  0.411968  0.105088  0.436822  0.121871  0.894674  0.263315  0.783545  0.694918  0.789087  0.445239  0.403057  0.447737  0.443178  0.192999  0.415936  0.364888  0.077818  0.339554  0.179573 0.0  0.204845  0.396243  0.840400  0.532197  0.777586  0.715383  0.551328  0.429818  0.135575  0.797983  0.374759  0.768750  0.813253  0.779779  0.278857  0.186243  0.956963  0.781239  0.791105  0.077818  0.803128  0.748365 
40  0.796994  0.848144  0.846460  0.842096  0.339431  0.844851  0.886893  0.836555  0.755813  0.627934  0.865332  0.914625  0.761857  0.430934  0.857007  0.582080  0.751942  0.635879  0.857182  0.864423  0.413152  0.174529  0.321033  0.236156  0.937655  0.147388  0.787722  0.713676  0.841089  0.386129  0.447896  0.422755  0.278922  0.275260  0.315601  0.358511  0.140984  0.313814  0.259746  0.204845 0.0  0.496744  0.853458  0.534035  0.777586  0.647669  0.549533  0.328700  0.271135  0.782823  0.471321  0.789040  0.808871  0.779672  0.300208  0.279061  0.832828  0.818139  0.821373  0.123915  0.831049  0.869490 
41  0.760987  0.784087  0.953461  0.877721  0.125754  0.850639  0.800342  0.771711  0.734571  0.602854  0.724191  0.824467  0.810434  0.514949  0.870813  0.570980  0.791536  0.710240  0.879210  0.914064  0.160522  0.264705  0.077818  0.445194  0.809249  0.449646  0.762403  0.848957  0.768699  0.342031  0.278326  0.558789  0.424658  0.368930  0.414272  0.524187  0.429026  0.668421  0.461810  0.396243  0.496744 0.0  0.902796  0.273324  0.853673  0.811323  0.303490  0.282725  0.508701  0.704741  0.287473  0.736576  0.950212  0.893132  0.191733  0.458614  0.859431  0.812387  0.757062  0.351900  0.975287  0.954979 
42  0.787545  0.377361  0.586180  0.376935  0.832746  0.387393  0.399973  0.289314  0.716266  0.837119  0.717076  0.799284  0.744122  0.923328  0.585615  0.592678  0.791495  0.799451  0.782667  0.868156  0.851448  0.964701  0.835313  0.882482  0.376490  0.870709  0.651920  0.869927  0.498527  0.827619  0.918833  0.786228  0.926482  0.824513  0.732674  0.848090  0.846513  0.814634  0.857094  0.840400  0.853458  0.902796 0.0  0.967001  0.677021  0.772443  0.843797  0.844959  0.851311  0.784710  0.840679  0.849147  0.756676  0.833576  0.894506  0.909549  0.536336  0.544145  0.813798  0.839433  0.904320  0.802810 
43  0.770469  0.878240  0.918647  0.782728  0.379356  0.797245  0.953479  0.786521  0.704503  0.265398  0.856636  0.867023  0.728939  0.385977  0.823499  0.679625  0.768816  0.743586  0.822928  0.783585  0.421584  0.558971  0.369488  0.543822  0.794089  0.569012  0.668708  0.684602  0.814839  0.642649  0.409330  0.344376  0.562327  0.641432  0.370893  0.347751  0.552015  0.385361  0.588054  0.532197  0.534035  0.273324  0.967001 0.0  0.759760  0.747363  0.158961  0.341831  0.598747  0.815605  0.388422  0.711855  0.844194  0.766724  0.389051  0.621287  0.828087  0.832796  0.833367  0.567753  0.885957  0.914791 
44  0.248538  0.758117  0.731769  0.672371  0.816830  0.722243  0.697006  0.787396  0.263084  0.577112  0.797212  0.899742  0.273888  0.937465  0.753176  0.565243  0.217885  0.762304  0.856786  0.778015  0.835821  0.832933  0.791601  0.827330  0.882562  0.813960  0.301250  0.788151  0.522608  0.563887  0.798651  0.807494  0.563092  0.726580  0.821581  0.749444  0.763355  0.729561  0.814131  0.777586  0.777586  0.853673  0.677021  0.759760 0.0  0.077818  0.878598  0.864231  0.751457  0.251716  0.783484  0.225390  0.874678  0.324992  0.888144  0.771952  0.872742  0.779958  0.861613  0.685640  0.801302  0.751107 
45  0.193859  0.901052  0.819237  0.842804  0.734557  0.808910  0.823497  0.886352  0.333080  0.549992  0.779254  0.765735  0.371427  0.785859  0.863436  0.681744  0.173432  0.666142  0.802134  0.838224  0.756192  0.875629  0.785998  0.775752  0.779282  0.835035  0.349156  0.785357  0.470801  0.572251  0.771506  0.853205  0.604409  0.822540  0.801641  0.838141  0.850266  0.740051  0.694567  0.715383  0.647669  0.811323  0.772443  0.747363  0.077818 0.0  0.745844  0.811540  0.908435  0.274885  0.872870  0.277024  0.860398  0.131350  0.805656  0.754690  0.809244  0.801800  0.699747  0.869521  0.764712  0.849593 
46  0.827632  0.906965  0.778535  0.854124  0.456287  0.913087  0.808549  0.783543  0.783338  0.465011  0.709821  0.874965  0.759165  0.402020  0.864934  0.486931  0.696663  0.716616  0.826179  0.886554  0.362935  0.458702  0.346987  0.654440  0.850068  0.588747  0.703763  0.860413  0.824751  0.576545  0.376166  0.312369  0.549181  0.608617  0.302253  0.237610  0.555950  0.256228  0.369920  0.551328  0.549533  0.303490  0.843797  0.158961  0.878598  0.745844 0.0  0.280486  0.589979  0.732677  0.317895  0.702101  0.833572  0.825729  0.316572  0.545159  0.959130  0.856763  0.809994  0.538720  0.849532  0.790298 
47  0.809254  0.813557  0.911646  0.820895  0.315282  0.830499  0.851227  0.806093  0.670663  0.552489  0.737885  0.772302  0.661429  0.467255  0.917942  0.585357  0.946168  0.718602  0.926975  0.854783  0.291316  0.367894  0.156595  0.501851  0.749435  0.373003  0.702509  0.778144  0.776582  0.387394  0.077818  0.593512  0.456243  0.441766  0.375364  0.572232  0.419025  0.483703  0.518859  0.429818  0.328700  0.282725  0.844959  0.341831  0.864231  0.811540  0.280486 0.0  0.573510  0.779889  0.246907  0.790369  0.892223  0.764684  0.080541  0.397811  0.909477  0.898420  0.793414  0.424365  0.912714  0.866893 
48  0.741683  0.752331  0.924506  0.787977  0.573751  0.856313  0.820341  0.866003  0.706885  0.602430  0.694789  0.882381  0.663082  0.381013  0.869841  0.566762  0.936287  0.709722  0.865045  0.916982  0.520549  0.147231  0.351987  0.144030  0.807416  0.276516  0.646841  0.739219  0.829896  0.319163  0.528065  0.430511  0.421412  0.131531  0.349572  0.445190  0.103476  0.321988  0.078501  0.135575  0.271135  0.508701  0.851311  0.598747  0.751457  0.908435  0.589979  0.573510 0.0  0.744921  0.318388  0.769323  0.881265  0.771865  0.431597  0.204215  0.856916  0.950799  0.768776  0.134504  0.792448  0.844645 
49  0.231867  0.859016  0.774712  0.804792  0.801601  0.777569  0.779487  0.820384  0.362986  0.630758  0.800570  0.774069  0.322654  0.847449  0.864121  0.650693  0.240442  0.704275  0.815280  0.787044  0.782321  0.649224  0.822560  0.789692  0.791757  0.806300  0.311111  0.840540  0.402941  0.713765  0.786247  0.847872  0.545096  0.851119  0.720591  0.716306  0.811191  0.821603  0.766923  0.797983  0.782823  0.704741  0.784710  0.815605  0.251716  0.274885  0.732677  0.779889  0.744921 0.0  0.798154  0.284530  0.804067  0.214597  0.847404  0.872987  0.814166  0.821198  0.749189  0.798877  0.767098  0.860414 
50  0.881928  0.874980  0.906209  0.780485  0.164006  0.789685  0.882451  0.814891  0.738579  0.554191  0.787373  0.888193  0.649531  0.525432  0.854536  0.581675  0.792962  0.724645  0.891167  0.893771  0.143959  0.369918  0.201849  0.345888  0.941440  0.473364  0.736487  0.771771  0.783426  0.353647  0.255623  0.596405  0.529783  0.348606  0.295233  0.543932  0.443691  0.483246  0.391345  0.374759  0.471321  0.287473  0.840679  0.388422  0.783484  0.872870  0.317895  0.246907  0.318388  0.798154 0.0  0.814163  0.883861  0.946019  0.262136  0.507102  0.794213  0.781429  0.821074  0.272501  0.861846  0.894765 
51  0.212631  0.793947  0.783245  0.818607  0.810791  0.832663  0.830660  0.837158  0.412056  0.561824  0.777576  0.741491  0.412923  0.787587  0.738461  0.562528  0.148749  0.633367  0.807785  0.890724  0.829031  0.751916  0.780192  0.850600  0.822978  0.811502  0.408024  0.853781  0.495578  0.612947  0.831364  0.818102  0.601645  0.777163  0.732702  0.764025  0.685454  0.752834  0.847055  0.768750  0.789040  0.736576  0.849147  0.711855  0.225390  0.277024  0.702101  0.790369  0.769323  0.284530  0.814163 0.0  0.782092  0.246029  0.754999  0.805637  0.855369  0.805382  0.811904  0.839744  0.846289  0.817588 
52  0.882663  0.517910  0.223207  0.468416  0.928618  0.557653  0.549920  0.509381  0.756720  0.794581  0.797252  0.782788  0.544402  0.893418  0.110008  0.479761  0.772201  0.384876  0.968795  0.801117  0.885225  0.915451  0.704275  0.870635  0.594181  0.780274  0.484064  0.904924  0.678557  0.960400  0.952275  1.000000  0.891156  0.889463  0.791881  0.910998  0.806274  0.819920  0.877107  0.813253  0.808871  0.950212  0.756676  0.844194  0.874678  0.860398  0.833572  0.892223  0.881265  0.804067  0.883861  0.782092 0.0  0.769582  0.873669  0.812427  0.216649  0.085055  0.864546  0.871176  0.937372  0.875397 
53  0.312144  0.885816  0.763309  0.686998  0.763379  0.857703  0.802610  0.796374  0.434938  0.560280  0.822557  0.716876  0.369305  0.872270  0.765822  0.540531  0.174641  0.709116  0.787860  0.782756  0.720646  0.672097  0.763278  0.708262  0.844519  0.794858  0.194375  0.769062  0.452801  0.564919  0.860622  0.727706  0.543710  0.744037  0.717232  0.849781  0.816306  0.785986  0.918871  0.779779  0.779672  0.893132  0.833576  0.766724  0.324992  0.131350  0.825729  0.764684  0.771865  0.214597  0.946019  0.246029  0.769582 0.0  0.734593  0.719512  0.810423  0.818313  0.742612  0.718104  0.768798  0.930842 
54  0.827312  0.847692  0.877444  0.879002  0.330677  0.797480  0.902300  0.820304  0.712168  0.544617  0.707485  0.830793  0.771402  0.594141  0.810703  0.591045  0.830085  0.827433  0.757038  0.977411  0.313826  0.445121  0.188771  0.401289  0.778392  0.337907  0.618028  0.732389  0.713246  0.383286  0.158433  0.655305  0.450466  0.464814  0.331837  0.597022  0.359223  0.634100  0.406451  0.278857  0.300208  0.191733  0.894506  0.389051  0.888144  0.805656  0.316572  0.080541  0.431597  0.847404  0.262136  0.754999  0.873669  0.734593 0.0  0.384120  0.877730  0.887501  0.844394  0.446963  0.962536  0.961316 
55  0.817069  0.843794  0.883225  0.837050  0.445112  0.874044  0.820179  0.892742  0.806026  0.589793  0.777742  0.816880  0.705628  0.349711  0.866958  0.671755  0.792481  0.600800  0.822319  0.760820  0.431101  0.192551  0.297746  0.308748  0.737683  0.163694  0.765728  0.762380  0.806725  0.386708  0.463242  0.384930  0.481226  0.298788  0.416692  0.231958  0.210489  0.347004  0.348044  0.186243  0.279061  0.458614  0.909549  0.621287  0.771952  0.754690  0.545159  0.397811  0.204215  0.872987  0.507102  0.805637  0.812427  0.719512  0.384120 0.0  0.865759  0.843870  0.717570  0.125593  0.783330  0.823089 
56  0.779466  0.505372  0.077818  0.535177  0.798549  0.545471  0.542506  0.520149  0.743873  0.814958  0.795659  0.836266  0.470781  0.890851  0.112343  0.597677  0.759360  0.410776  0.832401  0.827509  0.891584  0.926156  0.891795  0.847649  0.609036  0.720277  0.489310  0.751261  0.700295  0.901260  0.944750  0.818628  0.925441  0.712961  0.584114  0.873894  0.784073  0.794059  0.886669  0.956963  0.832828  0.859431  0.536336  0.828087  0.872742  0.809244  0.959130  0.909477  0.856916  0.814166  0.794213  0.855369  0.216649  0.810423  0.877730  0.865759 0.0  0.102284  0.888572  0.858291  0.777293  0.765350 
57  0.817274  0.578028  0.227656  0.488648  0.825011  0.610103  0.538080  0.656206  0.784004  0.858522  0.903772  0.787953  0.422347  0.887242  0.130943  0.542465  0.752284  0.465493  0.803690  0.867246  0.840293  0.828691  0.764445  0.915759  0.548950  0.881205  0.387924  0.834439  0.760715  0.768803  0.873527  0.783119  0.796068  0.770430  0.735345  0.877476  0.872706  0.768990  0.772973  0.781239  0.818139  0.812387  0.544145  0.832796  0.779958  0.801800  0.856763  0.898420  0.950799  0.821198  0.781429  0.805382  0.085055  0.818313  0.887501  0.843870  0.102284 0.0  0.850199  0.784366  0.850828  0.903790 
58  0.708067  0.870912  0.835002  0.827718  0.812559  0.790418  0.821525  0.771411  0.723412  0.782935  0.494494  0.522085  0.727946  0.733701  0.828729  0.571345  0.856781  0.700225  0.703878  0.794177  0.856666  0.777907  0.767332  0.636413  0.869769  0.798263  0.655001  0.461457  0.792623  0.799498  0.754452  0.773653  0.858859  0.819307  0.661703  0.869221  0.831383  0.828548  0.742703  0.791105  0.821373  0.757062  0.813798  0.833367  0.861613  0.699747  0.809994  0.793414  0.768776  0.749189  0.821074  0.811904  0.864546  0.742612  0.844394  0.717570  0.888572  0.850199 0.0  0.857472  0.773715  0.788148 
59  0.770150  0.912334  0.742337  0.822590  0.465186  0.801925  0.939697  0.732354  0.598590  0.567226  0.860763  0.809326  0.549395  0.377979  0.869558  0.552273  0.805176  0.746014  0.878641  0.812255  0.361563  0.172172  0.470841  0.117613  0.725297  0.189237  0.685835  0.785057  0.832468  0.359363  0.353587  0.329221  0.447428  0.091878  0.291140  0.373445  0.077818  0.316221  0.215298  0.077818  0.123915  0.351900  0.839433  0.567753  0.685640  0.869521  0.538720  0.424365  0.134504  0.798877  0.272501  0.839744  0.871176  0.718104  0.446963  0.125593  0.858291  0.784366  0.857472 0.0  0.823532  0.842177 
60  0.857044  0.884058  0.885418  0.742736  0.876084  0.814535  0.699734  0.853651  0.439522  0.846134  0.760940  0.796710  0.774582  0.907931  0.774754  0.564575  0.842271  0.304031  0.077818  0.145556  0.992699  0.921665  0.842290  0.829687  0.703155  0.896373  0.632331  0.791706  0.814060  0.770618  0.909917  0.851737  0.853216  0.833440  0.664519  0.819618  0.757495  0.839365  0.989606  0.803128  0.831049  0.975287  0.904320  0.885957  0.801302  0.764712  0.849532  0.912714  0.792448  0.767098  0.861846  0.846289  0.937372  0.768798  0.962536  0.783330  0.777293  0.850828  0.773715  0.823532 0.0  0.180367 
61  0.867144  0.878833  0.776410  0.791648  0.837455  0.905436  0.913343  0.782190  0.411818  0.824158  0.856137  0.883743  0.720686  0.786989  0.918189  0.549590  0.757759  0.338209  0.148314  0.151889  0.850678  0.837457  0.853435  0.811061  0.915509  0.858353  0.685232  0.732611  0.811104  0.851989  0.937100  0.866066  0.917619  0.877150  0.731549  0.792577  0.762539  0.863980  0.912357  0.748365  0.869490  0.954979  0.802810  0.914791  0.751107  0.849593  0.790298  0.866893  0.844645  0.860414  0.894765  0.817588  0.875397  0.930842  0.961316  0.823089  0.765350  0.903790  0.788148  0.842177  0.180367 0.0 
