62
0 0.0  0.832684  0.735593  0.675511  0.673316  0.705384  0.744488  0.706205  0.278221  0.434382  0.724407  0.755173  0.333542  0.751223  0.703401  0.594610  0.128959  0.728338  0.774492  0.760983  0.789738  0.753512  0.732821  0.771511  0.787407  0.798608  0.224633  0.750448  0.445367  0.441348  0.767789  0.757049  0.608178  0.738614  0.653012  0.755854  0.680574  0.746231  0.690427  0.668414  0.801535  0.687350  0.936417  0.687542  0.197076  0.302935  0.751150  0.698635  0.721142  0.219727  0.717392  0.264045  0.720886  0.230269  0.730840  0.757164  0.757468  0.734726  0.845844  0.729890  0.718948  0.710013 
1  0.832684 0.0  0.533381  0.094260  0.768186  0.083580  0.083580  0.083580  0.738840  0.838820  0.719744  0.796567  0.660992  0.721160  0.517833  0.513936  0.773823  0.610874  0.763133  0.764328  0.708485  0.867398  0.822741  0.841007  0.168722  0.771977  0.675740  0.814237  0.552713  0.811769  0.804218  0.857163  0.762296  0.696021  0.656859  0.724097  0.796221  0.722361  0.801308  0.741629  0.666733  0.767271  0.298621  0.724489  0.720683  0.715888  0.909834  0.768187  0.777406  0.760090  0.670980  0.674722  0.515793  0.680228  0.759350  0.692708  0.468732  0.624306  0.800631  0.749781  0.722947  0.753479 
2  0.735593  0.533381 0.0  0.490344  1.000000  0.516020  0.510734  0.542538  0.609249  0.766121  0.705422  0.800618  0.404863  0.763807  0.178254  0.533196  0.715702  0.391584  0.780794  0.799422  0.692934  0.789664  0.821995  0.651469  0.448715  0.729699  0.322197  0.676560  0.731414  0.726213  0.764505  0.871701  0.787237  0.797409  0.606331  0.727519  0.819006  0.750781  0.920142  0.775679  0.869449  0.853267  0.535968  0.771915  0.789929  0.752228  0.750796  0.805163  0.780612  0.656101  0.840662  0.645811  0.195498  0.637636  0.840803  0.724661  0.130416  0.256031  0.650684  0.710029  0.788627  0.789623 
3  0.675511  0.094260  0.490344 0.0  0.766724  0.085552  0.107260  0.156404  0.636676  0.779866  0.861331  0.728562  0.620437  0.793680  0.553088  0.509784  0.714012  0.650944  0.819978  0.758314  0.840718  0.819379  0.741186  0.819505  0.214533  0.898322  0.639203  0.644468  0.531435  0.799337  0.728430  0.737988  0.720874  0.824473  0.710504  0.796757  0.675404  0.788214  0.820971  0.718081  0.802472  0.825751  0.336772  0.730786  0.755176  0.636387  0.716431  0.771149  0.773634  0.755321  0.741399  0.710185  0.581969  0.807819  0.752359  0.832629  0.547438  0.496684  0.730592  0.851922  0.723425  0.783716 
4  0.673316  0.768186  1.000000  0.766724 0.0  0.774886  0.747604  0.782819  0.691207  0.496917  0.784120  0.926467  0.680855  0.506194  0.768418  0.486525  0.838548  0.628482  0.778753  0.818795  0.083580  0.405532  0.177172  0.411777  0.723089  0.415102  0.705472  0.800611  0.800424  0.347345  0.271939  0.500844  0.390310  0.342351  0.385709  0.518408  0.287025  0.580268  0.436337  0.359097  0.361362  0.083580  0.773222  0.383310  0.764104  0.744058  0.371232  0.243052  0.489190  0.730813  0.276615  0.653156  0.707063  0.763998  0.242667  0.392446  0.744306  0.803106  0.701551  0.337122  0.768377  0.789146 
5  0.705384  0.083580  0.516020  0.085552  0.774886 0.0  0.173343  0.110812  0.623138  0.799463  0.753185  0.810607  0.680055  0.664268  0.532343  0.475286  0.788098  0.683953  0.773322  0.683806  0.752922  0.703329  0.705306  0.789186  0.135217  0.772865  0.596467  0.743472  0.561576  0.810900  0.686710  0.757998  0.772142  0.773163  0.619836  0.763152  0.681348  0.715697  0.706564  0.807621  0.793314  0.736162  0.337753  0.802494  0.696066  0.760644  0.716082  0.744355  0.761564  0.847137  0.752107  0.688946  0.409777  0.810932  0.818418  0.722949  0.498328  0.394587  0.766631  0.768784  0.716801  0.842645 
6  0.744488  0.083580  0.510734  0.107260  0.747604  0.173343 0.0  0.083580  0.608799  0.743155  0.683758  0.825081  0.670715  0.807840  0.432261  0.532246  0.770974  0.725334  0.800478  0.715996  0.808352  0.769614  0.795230  0.843564  0.178506  0.834520  0.673810  0.720820  0.577425  0.740817  0.785763  0.777583  0.866682  0.780031  0.742498  0.758221  0.753124  0.750397  0.771953  0.765647  0.774469  0.732001  0.323716  0.713816  0.695066  0.721642  0.728042  0.756111  0.808760  0.765589  0.757964  0.743522  0.513513  0.745935  0.784439  0.706093  0.518287  0.517497  0.661984  0.710169  0.773090  0.803334 
7  0.706205  0.083580  0.542538  0.156404  0.782819  0.110812  0.083580 0.0  0.635783  0.817798  0.777148  0.777010  0.667975  0.768611  0.512726  0.550135  0.881265  0.616939  0.821593  0.780989  0.710205  0.797662  0.801795  0.719092  0.243860  0.825086  0.600205  0.756195  0.399730  0.663477  0.731626  0.683092  0.778756  0.635341  0.683169  0.793528  0.824280  0.750045  0.804017  0.777015  0.754241  0.776885  0.234369  0.767612  0.736033  0.754138  0.819040  0.761743  0.790464  0.755220  0.795949  0.743912  0.475183  0.794404  0.677131  0.782706  0.464043  0.497525  0.773819  0.850373  0.757635  0.783757 
8  0.278221  0.738840  0.609249  0.636676  0.691207  0.623138  0.608799  0.635783 0.0  0.717633  0.667347  0.589995  0.336414  0.691452  0.659763  0.583070  0.355949  0.694020  0.370187  0.455524  0.629216  0.722252  0.676961  0.644107  0.661629  0.653306  0.295726  0.674198  0.396479  0.599201  0.601882  0.677537  0.662787  0.757984  0.698399  0.629723  0.675057  0.677615  0.637284  0.656248  0.703316  0.722853  0.689374  0.683610  0.379754  0.223240  0.693925  0.647661  0.693267  0.352963  0.629724  0.328004  0.694649  0.344147  0.643592  0.700937  0.616048  0.749215  0.706249  0.678683  0.453229  0.481238 
9  0.434382  0.838820  0.766121  0.779866  0.496917  0.799463  0.743155  0.817798  0.717633 0.0  0.645747  0.803696  0.604104  0.429964  0.824874  0.556419  0.584025  0.681258  0.791333  0.835641  0.572882  0.483517  0.505213  0.533269  0.821281  0.467707  0.618590  0.647763  0.768151  0.287091  0.547299  0.374151  0.300097  0.610294  0.325955  0.333108  0.599906  0.354439  0.609581  0.537071  0.475491  0.527572  0.767363  0.345462  0.482245  0.501057  0.374122  0.584359  0.526321  0.527590  0.567032  0.492406  0.806987  0.577435  0.465000  0.455627  0.740615  0.843911  0.772120  0.616917  0.809553  0.754924 
10  0.724407  0.719744  0.705422  0.861331  0.784120  0.753185  0.683758  0.777148  0.667347  0.645747 0.0  0.240207  0.773583  0.756934  0.698860  0.554500  0.679090  0.631468  0.787595  0.803150  0.718326  0.714779  0.705685  0.737301  0.709022  0.709126  0.668460  0.148750  0.780057  0.783738  0.718997  0.686566  0.797788  0.726092  0.743889  0.849580  0.773975  0.707392  0.703131  0.752832  0.738445  0.736272  0.702594  0.681465  0.797956  0.644407  0.707657  0.766332  0.777549  0.746889  0.780498  0.753895  0.678601  0.667262  0.743292  0.734979  0.718486  0.783706  0.449705  0.717100  0.695118  0.755853 
11  0.755173  0.796567  0.800618  0.728562  0.926467  0.810607  0.825081  0.777010  0.589995  0.803696  0.240207 0.0  0.699138  0.765535  0.788617  0.548842  0.753244  0.664860  0.758900  0.766215  0.771429  0.778379  0.734083  0.825179  0.747835  0.790816  0.591685  0.245664  0.771337  0.818763  0.793482  0.668555  0.820038  0.737062  0.630733  0.738637  0.824849  0.791564  0.701312  0.750372  0.714342  0.801456  0.804531  0.843270  0.597427  0.760694  0.764538  0.825139  0.710063  0.750016  0.763254  0.666881  0.759054  0.685237  0.729138  0.768228  0.830693  0.854279  0.443232  0.811355  0.722889  0.704727 
12  0.333542  0.660992  0.404863  0.620437  0.680855  0.680055  0.670715  0.667975  0.336414  0.604104  0.773583  0.699138 0.0  0.626139  0.445464  0.624198  0.333862  0.461085  0.622408  0.674985  0.679566  0.678659  0.622751  0.605383  0.560225  0.756306  0.083580  0.741571  0.292624  0.613182  0.654147  0.628228  0.650817  0.681207  0.654955  0.667572  0.694044  0.698136  0.750774  0.704148  0.680341  0.703794  0.730704  0.682491  0.311943  0.275633  0.658681  0.617547  0.745277  0.287536  0.660742  0.292530  0.435249  0.236965  0.681329  0.579116  0.384687  0.461114  0.763949  0.711458  0.663829  0.681935 
13  0.751223  0.721160  0.763807  0.793680  0.506194  0.664268  0.807840  0.768611  0.691452  0.429964  0.756934  0.765535  0.626139 0.0  0.868720  0.578725  0.730260  0.721682  0.741598  0.779246  0.569684  0.322680  0.615371  0.405171  0.797314  0.216157  0.715729  0.736086  0.825103  0.578741  0.540668  0.183078  0.478179  0.379487  0.356752  0.184698  0.341632  0.206017  0.393607  0.346793  0.347511  0.522524  0.803460  0.349424  0.750700  0.781349  0.354587  0.573472  0.324187  0.654531  0.498063  0.811215  0.752920  0.791549  0.584993  0.394913  0.792214  0.765984  0.764960  0.366223  0.865258  0.850967 
14  0.703401  0.517833  0.178254  0.553088  0.768418  0.532343  0.432261  0.512726  0.659763  0.824874  0.698860  0.788617  0.445464  0.868720 0.0  0.496911  0.690148  0.452639  0.792373  0.748941  0.807494  0.754696  0.810587  0.781890  0.497455  0.708580  0.481503  0.752440  0.736838  0.759826  0.861668  0.776289  0.843575  0.804111  0.689376  0.688663  0.834523  0.735066  0.774113  0.788332  0.766160  0.845220  0.577245  0.912269  0.831170  0.724781  0.793974  0.801050  0.832613  0.768826  0.777312  0.779597  0.088437  0.747999  0.779750  0.793840  0.160542  0.203923  0.794127  0.785623  0.901660  0.809720 
15  0.594610  0.513936  0.533196  0.509784  0.486525  0.475286  0.532246  0.550135  0.583070  0.556419  0.554500  0.548842  0.624198  0.578725  0.496911 0.0  0.469855  0.541987  0.434858  0.472949  0.512196  0.601571  0.532052  0.558010  0.488511  0.544587  0.525898  0.485807  0.527768  0.528479  0.535685  0.589909  0.476274  0.514110  0.553178  0.541790  0.562805  0.518171  0.536328  0.489882  0.575904  0.540790  0.535604  0.557930  0.549078  0.614227  0.567536  0.582703  0.470847  0.545620  0.461152  0.550593  0.461938  0.594570  0.585395  0.530368  0.534311  0.463821  0.520051  0.606377  0.572743  0.530536 
16  0.128959  0.773823  0.715702  0.714012  0.838548  0.788098  0.770974  0.881265  0.355949  0.584025  0.679090  0.753244  0.333862  0.730260  0.690148  0.469855 0.0  0.680559  0.781200  0.697004  0.681358  0.665247  0.800218  0.707458  0.704220  0.834013  0.355859  0.731361  0.443062  0.572383  0.767962  0.660792  0.534959  0.832081  0.659577  0.764258  0.667355  0.709145  0.761547  0.748186  0.692578  0.687934  0.869016  0.685035  0.243604  0.226662  0.755694  0.785743  0.649960  0.179491  0.751422  0.257330  0.709025  0.238596  0.665290  0.628270  0.759205  0.729731  0.756190  0.767611  0.738423  0.758541 
17  0.728338  0.610874  0.391584  0.650944  0.628482  0.683953  0.725334  0.616939  0.694020  0.681258  0.631468  0.664860  0.461085  0.721682  0.452639  0.541987  0.680559 0.0  0.325759  0.191421  0.628756  0.660849  0.711166  0.710203  0.576821  0.707534  0.367866  0.694698  0.719764  0.718298  0.634619  0.563586  0.662171  0.642188  0.612006  0.664714  0.661040  0.697366  0.794451  0.630778  0.661710  0.609953  0.665518  0.712754  0.577390  0.630749  0.640159  0.671043  0.670046  0.618821  0.605801  0.659030  0.408338  0.717202  0.633078  0.607756  0.477711  0.375390  0.651332  0.755028  0.374611  0.312265 
18  0.774492  0.763133  0.780794  0.819978  0.778753  0.773322  0.800478  0.821593  0.370187  0.791333  0.787595  0.758900  0.622408  0.741598  0.792373  0.434858  0.781200  0.325759 0.0  0.148751  0.795106  0.795034  0.784894  0.731426  0.771314  0.746955  0.646862  0.649598  0.677325  0.765661  0.729042  0.832025  0.874395  0.819155  0.725064  0.749920  0.831324  0.787967  0.836440  0.700463  0.753532  0.914469  0.819097  0.759895  0.797489  0.816704  0.785629  0.890853  0.855415  0.746702  0.831449  0.714988  0.840488  0.806556  0.919636  0.846272  0.763925  0.793534  0.762071  0.812104  0.083580  0.148259 
19  0.760983  0.764328  0.799422  0.758314  0.818795  0.683806  0.715996  0.780989  0.455524  0.835641  0.803150  0.766215  0.674985  0.779246  0.748941  0.472949  0.697004  0.191421  0.148751 0.0  0.732857  0.769313  0.812394  0.818206  0.768803  0.819595  0.782915  0.663437  0.783354  0.756071  0.774516  0.784091  0.796877  0.740167  0.562976  0.760214  0.632132  0.857522  0.859192  0.743259  0.733357  0.808090  0.826281  0.817421  0.657897  0.635887  0.743587  0.733488  0.764081  0.735827  0.833545  0.768986  0.713363  0.697394  0.833407  0.801780  0.806428  0.836041  0.670328  0.788282  0.130002  0.198343 
20  0.789738  0.708485  0.692934  0.840718  0.083580  0.752922  0.808352  0.710205  0.629216  0.572882  0.718326  0.771429  0.679566  0.569684  0.807494  0.512196  0.681358  0.628756  0.795106  0.732857 0.0  0.423762  0.213042  0.406540  0.883817  0.310780  0.671888  0.674078  0.758066  0.272732  0.269290  0.553959  0.371750  0.463326  0.352643  0.517744  0.443656  0.530696  0.372800  0.489510  0.403803  0.148782  0.865007  0.285425  0.780288  0.759644  0.253585  0.282884  0.378853  0.734624  0.271900  0.665403  0.772336  0.664418  0.233241  0.443401  0.844710  0.782932  0.723894  0.427386  0.802020  0.791011 
21  0.753512  0.867398  0.789664  0.819379  0.405532  0.703329  0.769614  0.797662  0.722252  0.483517  0.714779  0.778379  0.678659  0.322680  0.754696  0.601571  0.665247  0.660849  0.795034  0.769313  0.423762 0.0  0.463237  0.167613  0.733998  0.205053  0.675838  0.664691  0.747072  0.344354  0.315705  0.282422  0.459569  0.129111  0.302995  0.325122  0.205822  0.327882  0.231200  0.186292  0.103987  0.445622  0.783801  0.631131  0.662428  0.661230  0.462067  0.375282  0.228196  0.726521  0.396317  0.759075  0.812698  0.735342  0.373620  0.227052  0.742050  0.727609  0.745071  0.177487  0.774790  0.867103 
22  0.732821  0.822741  0.821995  0.741186  0.177172  0.705306  0.795230  0.801795  0.676961  0.505213  0.705685  0.734083  0.622751  0.615371  0.810587  0.532052  0.800218  0.711166  0.784894  0.812394  0.213042  0.463237 0.0  0.417013  0.769092  0.355411  0.753967  0.724441  0.707423  0.365577  0.208743  0.524660  0.359103  0.410677  0.295259  0.420126  0.362569  0.550908  0.424264  0.368042  0.270680  0.208455  0.828965  0.312782  0.787253  0.763999  0.288259  0.157740  0.346027  0.740704  0.189090  0.670753  0.745562  0.743982  0.226767  0.220901  0.803344  0.814712  0.786399  0.387805  0.797957  0.753759 
23  0.771511  0.841007  0.651469  0.819505  0.411777  0.789186  0.843564  0.719092  0.644107  0.533269  0.737301  0.825179  0.605383  0.405171  0.781890  0.558010  0.707458  0.710203  0.731426  0.818206  0.406540  0.167613  0.417013 0.0  0.807417  0.211412  0.622892  0.702951  0.792212  0.324102  0.433430  0.375204  0.452842  0.134574  0.293031  0.343355  0.151736  0.342508  0.151287  0.241921  0.282591  0.530631  0.832409  0.591779  0.798948  0.702129  0.481951  0.341613  0.117476  0.731505  0.372254  0.626643  0.851843  0.754764  0.467603  0.192274  0.809088  0.732936  0.716306  0.241055  0.820926  0.746775 
24  0.787407  0.168722  0.448715  0.214533  0.723089  0.135217  0.178506  0.243860  0.661629  0.821281  0.709022  0.747835  0.560225  0.797314  0.497455  0.488511  0.704220  0.576821  0.771314  0.768803  0.883817  0.733998  0.769092  0.807417 0.0  0.807692  0.671943  0.750618  0.573517  0.768971  0.764912  0.707976  0.681914  0.775429  0.605264  0.752762  0.851373  0.726504  0.736307  0.824488  0.843392  0.735263  0.390325  0.813097  0.672133  0.779835  0.763529  0.822668  0.722450  0.736659  0.816036  0.749018  0.635519  0.691128  0.717243  0.700372  0.449713  0.529339  0.761427  0.728803  0.765266  0.845991 
25  0.798608  0.771977  0.729699  0.898322  0.415102  0.772865  0.834520  0.825086  0.653306  0.467707  0.709126  0.790816  0.756306  0.216157  0.708580  0.544587  0.834013  0.707534  0.746955  0.819595  0.310780  0.205053  0.355411  0.211412  0.807692 0.0  0.664804  0.814450  0.757332  0.456086  0.481707  0.266587  0.326920  0.221925  0.438237  0.380707  0.247721  0.404478  0.202377  0.176411  0.249475  0.401154  0.860176  0.545931  0.690239  0.738076  0.512377  0.395033  0.140085  0.675981  0.413484  0.631281  0.778839  0.760589  0.431299  0.157772  0.761878  0.708878  0.771618  0.143013  0.721404  0.843074 
26  0.224633  0.675740  0.322197  0.639203  0.705472  0.596467  0.673810  0.600205  0.295726  0.618590  0.668460  0.591685  0.083580  0.715729  0.481503  0.525898  0.355859  0.367866  0.646862  0.782915  0.671888  0.675838  0.753967  0.622892  0.671943  0.664804 0.0  0.747879  0.205846  0.664890  0.739717  0.631370  0.688295  0.682476  0.685130  0.629386  0.656165  0.721435  0.647939  0.627024  0.639381  0.667528  0.653804  0.675803  0.272139  0.283832  0.660770  0.694047  0.694225  0.386894  0.699398  0.249404  0.462635  0.396614  0.679549  0.633209  0.326061  0.436895  0.573406  0.655211  0.623805  0.568453 
27  0.750448  0.814237  0.676560  0.644468  0.800611  0.743472  0.720820  0.756195  0.674198  0.647763  0.148750  0.245664  0.741571  0.736086  0.752440  0.485807  0.731361  0.694698  0.649598  0.663437  0.674078  0.664691  0.724441  0.702951  0.750618  0.814450  0.747879 0.0  0.762364  0.728088  0.788906  0.839101  0.763251  0.696204  0.675447  0.662442  0.867792  0.773522  0.757912  0.721645  0.679187  0.686353  0.728348  0.790755  0.846558  0.660716  0.830954  0.769531  0.667622  0.732275  0.710938  0.734159  0.724587  0.670721  0.752279  0.805124  0.767681  0.759483  0.455611  0.719289  0.854685  0.706785 
28  0.445367  0.552713  0.731414  0.531435  0.800424  0.561576  0.577425  0.399730  0.396479  0.768151  0.780057  0.771337  0.292624  0.825103  0.736838  0.527768  0.443062  0.719764  0.677325  0.783354  0.758066  0.747072  0.707423  0.792212  0.573517  0.757332  0.205846  0.762364 0.0  0.806790  0.848527  0.748789  0.773608  0.757876  0.689185  0.709535  0.740035  0.769581  0.752490  0.827461  0.741235  0.709101  0.481334  0.646216  0.467473  0.475005  0.704073  0.737332  0.722798  0.400156  0.778289  0.398971  0.799175  0.413252  0.728796  0.657356  0.750541  0.816373  0.808945  0.810060  0.735030  0.738603 
29  0.441348  0.811769  0.726213  0.799337  0.347345  0.810900  0.740817  0.663477  0.599201  0.287091  0.783738  0.818763  0.613182  0.578741  0.759826  0.528479  0.572383  0.718298  0.765661  0.756071  0.272732  0.344354  0.365577  0.324102  0.768971  0.456086  0.664890  0.728088  0.806790 0.0  0.328489  0.515667  0.214879  0.330403  0.359772  0.585549  0.327543  0.494492  0.398789  0.325023  0.405707  0.405888  0.751126  0.581094  0.540665  0.479852  0.547093  0.274724  0.445041  0.566490  0.378549  0.498977  0.751146  0.555469  0.417077  0.418913  0.772050  0.818165  0.799872  0.385923  0.684179  0.730253 
30  0.767789  0.804218  0.764505  0.728430  0.271939  0.686710  0.785763  0.731626  0.601882  0.547299  0.718997  0.793482  0.654147  0.540668  0.861668  0.535685  0.767962  0.634619  0.729042  0.774516  0.269290  0.315705  0.208743  0.433430  0.764912  0.481707  0.739717  0.788906  0.848527  0.328489 0.0  0.444149  0.319998  0.475033  0.359536  0.552462  0.354705  0.530171  0.437786  0.338220  0.227834  0.366583  0.844959  0.299969  0.690196  0.711861  0.355048  0.083580  0.463696  0.700304  0.206328  0.817017  0.836738  0.723897  0.150193  0.523264  0.778819  0.880620  0.749416  0.429175  0.854803  0.810578 
31  0.757049  0.857163  0.871701  0.737988  0.500844  0.757998  0.777583  0.683092  0.677537  0.374151  0.686566  0.668555  0.628228  0.183078  0.776289  0.589909  0.660792  0.563586  0.832025  0.784091  0.553959  0.282422  0.524660  0.375204  0.707976  0.266587  0.631370  0.839101  0.748789  0.515667  0.444149 0.0  0.520741  0.418044  0.341882  0.247561  0.283402  0.191295  0.428705  0.300299  0.438535  0.611535  0.872007  0.366442  0.650053  0.733884  0.406358  0.574504  0.412859  0.687250  0.608706  0.677035  0.743394  0.785272  0.518306  0.386698  0.837740  0.776178  0.737375  0.258499  0.802665  0.850374 
32  0.608178  0.762296  0.787237  0.720874  0.390310  0.772142  0.866682  0.778756  0.662787  0.300097  0.797788  0.820038  0.650817  0.478179  0.843575  0.476274  0.534959  0.662171  0.874395  0.796877  0.371750  0.459569  0.359103  0.452842  0.681914  0.326920  0.688295  0.763251  0.773608  0.214879  0.319998  0.520741 0.0  0.368482  0.333335  0.560685  0.361062  0.482258  0.437174  0.342833  0.400393  0.477025  0.776801  0.548582  0.445960  0.527056  0.553307  0.360856  0.446120  0.555235  0.430417  0.515269  0.778359  0.516885  0.263732  0.431547  0.688803  0.845942  0.714454  0.254369  0.829884  0.802464 
33  0.738614  0.696021  0.797409  0.824473  0.342351  0.773163  0.780031  0.635341  0.757984  0.610294  0.726092  0.737062  0.681207  0.379487  0.804111  0.514110  0.832081  0.642188  0.819155  0.740167  0.463326  0.129111  0.410677  0.134574  0.775429  0.221925  0.682476  0.696204  0.757876  0.330403  0.475033  0.418044  0.368482 0.0  0.326931  0.285194  0.175684  0.261237  0.119325  0.207641  0.237938  0.410204  0.836859  0.512620  0.678801  0.690481  0.479847  0.468963  0.115622  0.773082  0.316012  0.760989  0.879272  0.775967  0.512017  0.278071  0.765345  0.733989  0.834799  0.160689  0.848701  0.825368 
34  0.653012  0.656859  0.606331  0.710504  0.385709  0.619836  0.742498  0.683169  0.698399  0.325955  0.743889  0.630733  0.654955  0.356752  0.689376  0.553178  0.659577  0.612006  0.725064  0.562976  0.352643  0.302995  0.295259  0.293031  0.605264  0.438237  0.685130  0.675447  0.689185  0.359772  0.359536  0.341882  0.333335  0.326931 0.0  0.259349  0.284532  0.211185  0.288408  0.381307  0.396888  0.264308  0.704945  0.261833  0.644770  0.642745  0.348695  0.340441  0.312616  0.732523  0.386292  0.665558  0.782166  0.729292  0.310565  0.380193  0.626166  0.683902  0.675109  0.322560  0.614552  0.585678 
35  0.755854  0.724097  0.727519  0.796757  0.518408  0.763152  0.758221  0.793528  0.629723  0.333108  0.849580  0.738637  0.667572  0.184698  0.688663  0.541790  0.764258  0.664714  0.749920  0.760214  0.517744  0.325122  0.420126  0.343355  0.752762  0.380707  0.629386  0.662442  0.709535  0.585549  0.552462  0.247561  0.560685  0.285194  0.259349 0.0  0.312154  0.118071  0.327097  0.205410  0.372472  0.463613  0.887901  0.499319  0.818610  0.727242  0.309761  0.519515  0.308050  0.755421  0.526131  0.819552  0.846580  0.762524  0.504133  0.392700  0.757086  0.815702  0.749574  0.359168  0.743198  0.840250 
36  0.680574  0.796221  0.819006  0.675404  0.287025  0.681348  0.753124  0.824280  0.675057  0.599906  0.773975  0.824849  0.694044  0.341632  0.834523  0.562805  0.667355  0.661040  0.831324  0.632132  0.443656  0.205822  0.362569  0.151736  0.851373  0.247721  0.656165  0.867792  0.740035  0.327543  0.354705  0.283402  0.361062  0.175684  0.284532  0.312154 0.0  0.284759  0.253950  0.109772  0.238619  0.349414  0.766453  0.566268  0.715609  0.752030  0.536194  0.385279  0.102807  0.723384  0.382461  0.755117  0.776725  0.748648  0.348099  0.233692  0.669237  0.803043  0.650037  0.083580  0.800772  0.870868 
37  0.746231  0.722361  0.750781  0.788214  0.580268  0.715697  0.750397  0.750045  0.677615  0.354439  0.707392  0.791564  0.698136  0.206017  0.735066  0.518171  0.709145  0.697366  0.787967  0.857522  0.530696  0.327882  0.550908  0.342508  0.726504  0.404478  0.721435  0.773522  0.769581  0.494492  0.530171  0.191295  0.482258  0.261237  0.211185  0.118071  0.284759 0.0  0.292451  0.329809  0.325496  0.587164  0.790210  0.357846  0.754500  0.848455  0.245726  0.475804  0.408239  0.747926  0.542568  0.829121  0.835091  0.712245  0.679879  0.336758  0.772773  0.711029  0.758961  0.389690  0.839377  0.794591 
38  0.690427  0.801308  0.920142  0.820971  0.436337  0.706564  0.771953  0.804017  0.637284  0.609581  0.703131  0.701312  0.750774  0.393607  0.774113  0.536328  0.761547  0.794451  0.836440  0.859192  0.372800  0.231200  0.424264  0.151287  0.736307  0.202377  0.647939  0.757912  0.752490  0.398789  0.437786  0.428705  0.437174  0.119325  0.288408  0.327097  0.253950  0.292451 0.0  0.148137  0.267783  0.443283  0.832547  0.638082  0.678464  0.819792  0.540868  0.503075  0.156863  0.716888  0.273307  0.706536  0.856973  0.741839  0.410966  0.281973  0.759797  0.821677  0.751733  0.157290  0.790177  0.727805 
39  0.668414  0.741629  0.775679  0.718081  0.359097  0.807621  0.765647  0.777015  0.656248  0.537071  0.752832  0.750372  0.704148  0.346793  0.788332  0.489882  0.748186  0.630778  0.700463  0.743259  0.489510  0.186292  0.368042  0.241921  0.824488  0.176411  0.627024  0.721645  0.827461  0.325023  0.338220  0.300299  0.342833  0.207641  0.381307  0.205410  0.109772  0.329809  0.148137 0.0  0.138898  0.320088  0.761388  0.518585  0.759559  0.818292  0.567253  0.366258  0.234724  0.677779  0.428588  0.758569  0.771400  0.862847  0.393707  0.187502  0.711073  0.818305  0.785881  0.160885  0.743591  0.810894 
40  0.801535  0.666733  0.869449  0.802472  0.361362  0.793314  0.774469  0.754241  0.703316  0.475491  0.738445  0.714342  0.680341  0.347511  0.766160  0.575904  0.692578  0.661710  0.753532  0.733357  0.403803  0.103987  0.270680  0.282591  0.843392  0.249475  0.639381  0.679187  0.741235  0.405707  0.227834  0.438535  0.400393  0.237938  0.396888  0.372472  0.238619  0.325496  0.267783  0.138898 0.0  0.402656  0.679945  0.563798  0.795260  0.779580  0.503023  0.421808  0.204910  0.681553  0.318186  0.739557  0.823462  0.773346  0.245723  0.208490  0.826498  0.769222  0.755241  0.135294  0.830525  0.801256 
41  0.687350  0.767271  0.853267  0.825751  0.083580  0.736162  0.732001  0.776885  0.722853  0.527572  0.736272  0.801456  0.703794  0.522524  0.845220  0.540790  0.687934  0.609953  0.914469  0.808090  0.148782  0.445622  0.208455  0.530631  0.735263  0.401154  0.667528  0.686353  0.709101  0.405888  0.366583  0.611535  0.477025  0.410204  0.264308  0.463613  0.349414  0.587164  0.443283  0.320088  0.402656 0.0  0.844636  0.324089  0.811903  0.755837  0.322862  0.303828  0.376463  0.768548  0.184496  0.729778  0.819315  0.754965  0.341057  0.428793  0.866569  0.808194  0.775913  0.301194  0.729110  0.789925 
42  0.936417  0.298621  0.535968  0.336772  0.773222  0.337753  0.323716  0.234369  0.689374  0.767363  0.702594  0.804531  0.730704  0.803460  0.577245  0.535604  0.869016  0.665518  0.819097  0.826281  0.865007  0.783801  0.828965  0.832409  0.390325  0.860176  0.653804  0.728348  0.481334  0.751126  0.844959  0.872007  0.776801  0.836859  0.704945  0.887901  0.766453  0.790210  0.832547  0.761388  0.679945  0.844636 0.0  0.756224  0.685491  0.751808  0.836018  0.776638  0.832160  0.693182  0.822464  0.723072  0.597329  0.793933  0.828574  0.884044  0.386366  0.558985  0.728225  0.800103  0.804379  0.796238 
43  0.687542  0.724489  0.771915  0.730786  0.383310  0.802494  0.713816  0.767612  0.683610  0.345462  0.681465  0.843270  0.682491  0.349424  0.912269  0.557930  0.685035  0.712754  0.759895  0.817421  0.285425  0.631131  0.312782  0.591779  0.813097  0.545931  0.675803  0.790755  0.646216  0.581094  0.299969  0.366442  0.548582  0.512620  0.261833  0.499319  0.566268  0.357846  0.638082  0.518585  0.563798  0.324089  0.756224 0.0  0.783752  0.749675  0.274186  0.375697  0.564769  0.740942  0.373754  0.745992  0.887356  0.748657  0.377041  0.636377  0.804858  0.745363  0.678129  0.535108  0.763156  0.807216 
44  0.197076  0.720683  0.789929  0.755176  0.764104  0.696066  0.695066  0.736033  0.379754  0.482245  0.797956  0.597427  0.311943  0.750700  0.831170  0.549078  0.243604  0.577390  0.797489  0.657897  0.780288  0.662428  0.787253  0.798948  0.672133  0.690239  0.272139  0.846558  0.467473  0.540665  0.690196  0.650053  0.445960  0.678801  0.644770  0.818610  0.715609  0.754500  0.678464  0.759559  0.795260  0.811903  0.685491  0.783752 0.0  0.083580  0.795976  0.751671  0.794247  0.246908  0.692012  0.250432  0.788536  0.307337  0.714118  0.725818  0.660454  0.850792  0.753720  0.788395  0.674960  0.726925 
45  0.302935  0.715888  0.752228  0.636387  0.744058  0.760644  0.721642  0.754138  0.223240  0.501057  0.644407  0.760694  0.275633  0.781349  0.724781  0.614227  0.226662  0.630749  0.816704  0.635887  0.759644  0.661230  0.763999  0.702129  0.779835  0.738076  0.283832  0.660716  0.475005  0.479852  0.711861  0.733884  0.527056  0.690481  0.642745  0.727242  0.752030  0.848455  0.819792  0.818292  0.779580  0.755837  0.751808  0.749675  0.083580 0.0  0.671697  0.718234  0.686373  0.251307  0.717377  0.239939  0.719633  0.229031  0.735480  0.821116  0.701480  0.703900  0.787421  0.729632  0.706750  0.716938 
46  0.751150  0.909834  0.750796  0.716431  0.371232  0.716082  0.728042  0.819040  0.693925  0.374122  0.707657  0.764538  0.658681  0.354587  0.793974  0.567536  0.755694  0.640159  0.785629  0.743587  0.253585  0.462067  0.288259  0.481951  0.763529  0.512377  0.660770  0.830954  0.704073  0.547093  0.355048  0.406358  0.553307  0.479847  0.348695  0.309761  0.536194  0.245726  0.540868  0.567253  0.503023  0.322862  0.836018  0.274186  0.795976  0.671697 0.0  0.268559  0.498033  0.702901  0.253642  0.805157  0.787676  0.758160  0.308841  0.402033  0.754772  0.774428  0.702981  0.565020  0.781742  0.758488 
47  0.698635  0.768187  0.805163  0.771149  0.243052  0.744355  0.756111  0.761743  0.647661  0.584359  0.766332  0.825139  0.617547  0.573472  0.801050  0.582703  0.785743  0.671043  0.890853  0.733488  0.282884  0.375282  0.157740  0.341613  0.822668  0.395033  0.694047  0.769531  0.737332  0.274724  0.083580  0.574504  0.360856  0.468963  0.340441  0.519515  0.385279  0.475804  0.503075  0.366258  0.421808  0.303828  0.776638  0.375697  0.751671  0.718234  0.268559 0.0  0.481219  0.803806  0.222880  0.691177  0.723182  0.863379  0.083580  0.500441  0.801359  0.842361  0.803045  0.467095  0.798130  0.834604 
48  0.721142  0.777406  0.780612  0.773634  0.489190  0.761564  0.808760  0.790464  0.693267  0.526321  0.777549  0.710063  0.745277  0.324187  0.832613  0.470847  0.649960  0.670046  0.855415  0.764081  0.378853  0.228196  0.346027  0.117476  0.722450  0.140085  0.694225  0.667622  0.722798  0.445041  0.463696  0.412859  0.446120  0.115622  0.312616  0.308050  0.102807  0.408239  0.156863  0.234724  0.204910  0.376463  0.832160  0.564769  0.794247  0.686373  0.498033  0.481219 0.0  0.763531  0.274599  0.742293  0.873686  0.718282  0.438894  0.284138  0.728582  0.770788  0.848369  0.113580  0.904325  0.882735 
49  0.219727  0.760090  0.656101  0.755321  0.730813  0.847137  0.765589  0.755220  0.352963  0.527590  0.746889  0.750016  0.287536  0.654531  0.768826  0.545620  0.179491  0.618821  0.746702  0.735827  0.734624  0.726521  0.740704  0.731505  0.736659  0.675981  0.386894  0.732275  0.400156  0.566490  0.700304  0.687250  0.555235  0.773082  0.732523  0.755421  0.723384  0.747926  0.716888  0.677779  0.681553  0.768548  0.693182  0.740942  0.246908  0.251307  0.702901  0.803806  0.763531 0.0  0.787694  0.225889  0.698203  0.196654  0.757642  0.742387  0.689973  0.670356  0.750027  0.792596  0.808643  0.734215 
50  0.717392  0.670980  0.840662  0.741399  0.276615  0.752107  0.757964  0.795949  0.629724  0.567032  0.780498  0.763254  0.660742  0.498063  0.777312  0.461152  0.751422  0.605801  0.831449  0.833545  0.271900  0.396317  0.189090  0.372254  0.816036  0.413484  0.699398  0.710938  0.778289  0.378549  0.206328  0.608706  0.430417  0.316012  0.386292  0.526131  0.382461  0.542568  0.273307  0.428588  0.318186  0.184496  0.822464  0.373754  0.692012  0.717377  0.253642  0.222880  0.274599  0.787694 0.0  0.722713  0.742105  0.752515  0.180534  0.390376  0.726165  0.749380  0.758637  0.374899  0.859754  0.863262 
51  0.264045  0.674722  0.645811  0.710185  0.653156  0.688946  0.743522  0.743912  0.328004  0.492406  0.753895  0.666881  0.292530  0.811215  0.779597  0.550593  0.257330  0.659030  0.714988  0.768986  0.665403  0.759075  0.670753  0.626643  0.749018  0.631281  0.249404  0.734159  0.398971  0.498977  0.817017  0.677035  0.515269  0.760989  0.665558  0.819552  0.755117  0.829121  0.706536  0.758569  0.739557  0.729778  0.723072  0.745992  0.250432  0.239939  0.805157  0.691177  0.742293  0.225889  0.722713 0.0  0.792163  0.311127  0.767525  0.751172  0.757186  0.776098  0.680011  0.774923  0.827322  0.729709 
52  0.720886  0.515793  0.195498  0.581969  0.707063  0.409777  0.513513  0.475183  0.694649  0.806987  0.678601  0.759054  0.435249  0.752920  0.088437  0.461938  0.709025  0.408338  0.840488  0.713363  0.772336  0.812698  0.745562  0.851843  0.635519  0.778839  0.462635  0.724587  0.799175  0.751146  0.836738  0.743394  0.778359  0.879272  0.782166  0.846580  0.776725  0.835091  0.856973  0.771400  0.823462  0.819315  0.597329  0.887356  0.788536  0.719633  0.787676  0.723182  0.873686  0.698203  0.742105  0.792163 0.0  0.682893  0.924671  0.817282  0.219472  0.205333  0.718408  0.787020  0.802639  0.829903 
53  0.230269  0.680228  0.637636  0.807819  0.763998  0.810932  0.745935  0.794404  0.344147  0.577435  0.667262  0.685237  0.236965  0.791549  0.747999  0.594570  0.238596  0.717202  0.806556  0.697394  0.664418  0.735342  0.743982  0.754764  0.691128  0.760589  0.396614  0.670721  0.413252  0.555469  0.723897  0.785272  0.516885  0.775967  0.729292  0.762524  0.748648  0.712245  0.741839  0.862847  0.773346  0.754965  0.793933  0.748657  0.307337  0.229031  0.758160  0.863379  0.718282  0.196654  0.752515  0.311127  0.682893 0.0  0.699306  0.809935  0.803356  0.731737  0.679642  0.775894  0.678120  0.849380 
54  0.730840  0.759350  0.840803  0.752359  0.242667  0.818418  0.784439  0.677131  0.643592  0.465000  0.743292  0.729138  0.681329  0.584993  0.779750  0.585395  0.665290  0.633078  0.919636  0.833407  0.233241  0.373620  0.226767  0.467603  0.717243  0.431299  0.679549  0.752279  0.728796  0.417077  0.150193  0.518306  0.263732  0.512017  0.310565  0.504133  0.348099  0.679879  0.410966  0.393707  0.245723  0.341057  0.828574  0.377041  0.714118  0.735480  0.308841  0.083580  0.438894  0.757642  0.180534  0.767525  0.924671  0.699306 0.0  0.419432  0.847368  0.768480  0.748791  0.463109  0.840617  0.717672 
55  0.757164  0.692708  0.724661  0.832629  0.392446  0.722949  0.706093  0.782706  0.700937  0.455627  0.734979  0.768228  0.579116  0.394913  0.793840  0.530368  0.628270  0.607756  0.846272  0.801780  0.443401  0.227052  0.220901  0.192274  0.700372  0.157772  0.633209  0.805124  0.657356  0.418913  0.523264  0.386698  0.431547  0.278071  0.380193  0.392700  0.233692  0.336758  0.281973  0.187502  0.208490  0.428793  0.884044  0.636377  0.725818  0.821116  0.402033  0.500441  0.284138  0.742387  0.390376  0.751172  0.817282  0.809935  0.419432 0.0  0.843177  0.827992  0.724974  0.141145  0.775467  0.651866 
56  0.757468  0.468732  0.130416  0.547438  0.744306  0.498328  0.518287  0.464043  0.616048  0.740615  0.718486  0.830693  0.384687  0.792214  0.160542  0.534311  0.759205  0.477711  0.763925  0.806428  0.844710  0.742050  0.803344  0.809088  0.449713  0.761878  0.326061  0.767681  0.750541  0.772050  0.778819  0.837740  0.688803  0.765345  0.626166  0.757086  0.669237  0.772773  0.759797  0.711073  0.826498  0.866569  0.386366  0.804858  0.660454  0.701480  0.754772  0.801359  0.728582  0.689973  0.726165  0.757186  0.219472  0.803356  0.847368  0.843177 0.0  0.083580  0.701122  0.809278  0.810379  0.749016 
57  0.734726  0.624306  0.256031  0.496684  0.803106  0.394587  0.517497  0.497525  0.749215  0.843911  0.783706  0.854279  0.461114  0.765984  0.203923  0.463821  0.729731  0.375390  0.793534  0.836041  0.782932  0.727609  0.814712  0.732936  0.529339  0.708878  0.436895  0.759483  0.816373  0.818165  0.880620  0.776178  0.845942  0.733989  0.683902  0.815702  0.803043  0.711029  0.821677  0.818305  0.769222  0.808194  0.558985  0.745363  0.850792  0.703900  0.774428  0.842361  0.770788  0.670356  0.749380  0.776098  0.205333  0.731737  0.768480  0.827992  0.083580 0.0  0.763280  0.699031  0.734160  0.763106 
58  0.845844  0.800631  0.650684  0.730592  0.701551  0.766631  0.661984  0.773819  0.706249  0.772120  0.449705  0.443232  0.763949  0.764960  0.794127  0.520051  0.756190  0.651332  0.762071  0.670328  0.723894  0.745071  0.786399  0.716306  0.761427  0.771618  0.573406  0.455611  0.808945  0.799872  0.749416  0.737375  0.714454  0.834799  0.675109  0.749574  0.650037  0.758961  0.751733  0.785881  0.755241  0.775913  0.728225  0.678129  0.753720  0.787421  0.702981  0.803045  0.848369  0.750027  0.758637  0.680011  0.718408  0.679642  0.748791  0.724974  0.701122  0.763280 0.0  0.774212  0.786132  0.746980 
59  0.729890  0.749781  0.710029  0.851922  0.337122  0.768784  0.710169  0.850373  0.678683  0.616917  0.717100  0.811355  0.711458  0.366223  0.785623  0.606377  0.767611  0.755028  0.812104  0.788282  0.427386  0.177487  0.387805  0.241055  0.728803  0.143013  0.655211  0.719289  0.810060  0.385923  0.429175  0.258499  0.254369  0.160689  0.322560  0.359168  0.083580  0.389690  0.157290  0.160885  0.135294  0.301194  0.800103  0.535108  0.788395  0.729632  0.565020  0.467095  0.113580  0.792596  0.374899  0.774923  0.787020  0.775894  0.463109  0.141145  0.809278  0.699031  0.774212 0.0  0.840397  0.760923 
60  0.718948  0.722947  0.788627  0.723425  0.768377  0.716801  0.773090  0.757635  0.453229  0.809553  0.695118  0.722889  0.663829  0.865258  0.901660  0.572743  0.738423  0.374611  0.083580  0.130002  0.802020  0.774790  0.797957  0.820926  0.765266  0.721404  0.623805  0.854685  0.735030  0.684179  0.854803  0.802665  0.829884  0.848701  0.614552  0.743198  0.800772  0.839377  0.790177  0.743591  0.830525  0.729110  0.804379  0.763156  0.674960  0.706750  0.781742  0.798130  0.904325  0.808643  0.859754  0.827322  0.802639  0.678120  0.840617  0.775467  0.810379  0.734160  0.786132  0.840397 0.0  0.083580 
61  0.710013  0.753479  0.789623  0.783716  0.789146  0.842645  0.803334  0.783757  0.481238  0.754924  0.755853  0.704727  0.681935  0.850967  0.809720  0.530536  0.758541  0.312265  0.148259  0.198343  0.791011  0.867103  0.753759  0.746775  0.845991  0.843074  0.568453  0.706785  0.738603  0.730253  0.810578  0.850374  0.802464  0.825368  0.585678  0.840250  0.870868  0.794591  0.727805  0.810894  0.801256  0.789925  0.796238  0.807216  0.726925  0.716938  0.758488  0.834604  0.882735  0.734215  0.863262  0.729709  0.829903  0.849380  0.717672  0.651866  0.749016  0.763106  0.746980  0.760923  0.083580 0.0 
