146
0 0.0  0.693032  0.758748  0.364585  0.364856  0.570157  0.316117  0.632580  0.509466  0.591849  0.293274  0.615815  0.661507  0.733851  0.615484  0.667590  0.692864  0.664710  0.738606  0.719674  0.575923  0.606024  0.844063  0.765071  0.865497  0.646144  0.612288  0.620133  0.763158  0.470104  0.529643  0.532915  0.465633  0.715459  0.754691  0.677881  0.707781  0.688344  0.518507  0.711429  0.759093  0.469592  0.331045  0.416990  0.715742  0.557227  0.689099  0.517583  0.670367  0.635620  0.491473  0.635803  0.213853  0.700496  0.676195  0.575579  0.608648  0.615398  0.739474  0.532895  0.505082  0.507968  0.586079  0.890344  0.746150  0.271308  0.411586  0.756200  0.588663  0.763486  0.413180  0.437609  0.640646  0.460742  0.887877  0.288452  0.423141  0.450155  0.524852  0.670687  0.690380  0.678052  0.704044  0.347290  0.538777  0.526519  0.787029  0.657309  0.756741  0.756113  0.673289  0.703117  0.693817  0.602785  0.236337  0.605585  0.652487  0.672692  0.619126  0.709357  0.572454  0.722454  0.852443  0.611698  0.630864  0.664464  0.716713  0.791428  0.380205  0.467021  0.499454  0.532278  0.422459  0.557780  0.537326  0.470286  0.750932  0.659260  0.523696  0.628220  0.914257  0.489077  0.534519  0.697783  0.531298  0.479661  0.462507  0.614492  0.700718  0.559664  0.729700  0.490706  0.754867  0.665926  0.779126  0.429490  0.730731  0.680391  0.748969  0.801539  0.587998  0.436866  0.738859  0.554702  0.600122  0.645986 
1  0.693032 0.0  0.023675  0.696002  0.613564  0.635948  0.703778  0.710397  0.702383  0.855066  0.726177  0.734832  0.733091  0.564748  0.637900  0.690837  0.651648  0.744267  0.748778  0.640493  0.735586  0.515741  0.739659  0.738701  0.639859  0.663175  0.716060  0.812794  0.789952  0.777950  0.802741  0.662828  0.734765  0.883113  0.451865  0.759569  0.746650  0.776064  0.789639  0.326680  0.511099  0.711872  0.732761  0.757805  0.546016  0.704862  0.749621  0.658865  0.733705  0.854570  0.660434  0.750332  0.682811  0.821701  0.814947  0.831679  0.693184  0.699642  0.742684  0.791362  0.752661  0.708582  0.635197  0.893396  0.866952  0.761447  0.822648  0.637847  0.628025  0.691993  0.711198  0.834927  0.695281  0.731230  0.857228  0.761867  0.790638  0.739316  0.701792  0.639243  0.787261  0.714011  0.660810  0.762568  0.733266  0.671881  0.697219  0.829402  0.776929  0.832042  0.814676  0.646036  0.640923  0.644945  0.730339  0.672294  0.723185  0.429502  0.621971  0.752577  0.761576  0.826163  0.859555  0.719085  0.754613  0.834187  0.724370  0.509729  0.792691  0.728368  0.775121  0.696061  0.670183  0.799680  0.562565  0.797026  0.597077  0.614051  0.687016  0.457643  0.966454  0.690757  0.613121  0.633314  0.705388  0.722082  0.810122  0.688534  0.654579  0.769475  0.713920  0.680666  0.732960  0.736726  0.692603  0.698891  0.899838  0.545967  0.815148  0.673822  0.741704  0.621716  0.630166  0.586098  0.804553  0.690124 
2  0.758748  0.023675 0.0  0.699476  0.837014  0.665477  0.710756  0.722967  0.663879  0.739400  0.642362  0.730390  0.788228  0.548729  0.627570  0.715724  0.647501  0.596529  0.854192  0.712431  0.762105  0.611250  0.738987  0.739225  0.586133  0.550004  0.781519  0.784103  0.770649  0.670415  0.769461  0.770461  0.848600  0.886138  0.542728  0.812977  0.734560  0.668598  0.647238  0.236516  0.749779  0.726063  0.711776  0.715744  0.662047  0.717680  0.788004  0.798953  0.769518  0.719677  0.761648  0.692702  0.651196  0.775887  0.721460  0.763363  0.774178  0.689626  0.668333  0.765626  0.792237  0.687351  0.861290  0.790557  0.915128  0.741474  0.718391  0.513864  0.694535  0.748271  0.629004  0.725443  0.726170  0.666411  0.907494  0.835221  0.708290  0.791276  0.766285  0.495966  0.598809  0.802724  0.668531  0.680101  0.767217  0.667894  0.579241  0.826474  0.728719  0.795109  0.834388  0.828546  0.735062  0.624838  0.809381  0.652456  0.726859  0.489641  0.753453  0.787703  0.718751  0.899930  0.954776  0.732449  0.765733  0.675071  0.772855  0.555626  0.727489  0.867755  0.726956  0.670517  0.680045  0.626710  0.636056  0.810189  0.663784  0.710865  0.753387  0.372924  0.889863  0.695637  0.709572  0.448154  0.619765  0.634580  0.713765  0.722923  0.518222  0.599786  0.825014  0.726573  0.777361  0.637267  0.671775  0.625776  0.681253  0.773340  0.806254  0.754007  0.754502  0.789292  0.712187  0.747016  0.760077  0.533802 
3  0.364585  0.696002  0.699476 0.0  0.497495  0.621090  0.411796  0.763516  0.551332  0.585488  0.270771  0.567656  0.654314  0.630924  0.571139  0.539872  0.753763  0.727067  0.618115  0.656424  0.345665  0.717193  0.649349  0.612177  0.858459  0.772954  0.662895  0.637638  0.628850  0.528212  0.545497  0.526975  0.712434  0.807695  0.792441  0.554088  0.630671  0.769864  0.567454  0.698811  0.757417  0.719695  0.372113  0.404964  0.645626  0.348746  0.647138  0.445429  0.627213  0.742800  0.313562  0.691849  0.328472  0.690086  0.708832  0.652055  0.628884  0.679639  0.701746  0.753196  0.470390  0.425510  0.630784  0.842063  0.787561  0.380277  0.355246  0.643084  0.631800  0.669008  0.410167  0.498886  0.675224  0.485625  0.767559  0.314790  0.494361  0.445938  0.496334  0.660022  0.666652  0.664970  0.711037  0.389977  0.437669  0.598827  0.645748  0.668508  0.749478  0.738818  0.663288  0.615821  0.662501  0.672708  0.296314  0.661935  0.608714  0.666615  0.617006  0.667255  0.609224  0.642685  0.850530  0.617212  0.591379  0.807950  0.765372  0.681270  0.110817  0.557708  0.604713  0.513652  0.385341  0.604503  0.711344  0.505505  0.790508  0.610961  0.593498  0.750033  0.774027  0.300851  0.492175  0.738079  0.523985  0.580334  0.549817  0.584792  0.698392  0.554383  0.695239  0.512555  0.685219  0.714665  0.700641  0.405109  0.689474  0.649586  0.717081  0.777636  0.687782  0.509871  0.767361  0.585288  0.593487  0.589869 
4  0.364856  0.613564  0.837014  0.497495 0.0  0.585110  0.438881  0.735785  0.566513  0.658428  0.369105  0.641572  0.643716  0.730824  0.510693  0.646918  0.850675  0.649671  0.602358  0.636616  0.549026  0.744615  0.732953  0.684753  0.762216  0.859150  0.627107  0.669551  0.796828  0.440183  0.646817  0.439966  0.576891  0.705101  0.593126  0.595508  0.567194  0.764715  0.543998  0.719656  0.774127  0.612753  0.445306  0.517498  0.664678  0.548208  0.540277  0.478761  0.659327  0.774921  0.588414  0.639538  0.458242  0.542273  0.665327  0.680557  0.686601  0.682170  0.867175  0.687293  0.470284  0.567926  0.729142  0.754466  0.819527  0.474709  0.423915  0.733442  0.762133  0.724449  0.491613  0.426743  0.597742  0.561054  0.826373  0.417230  0.389078  0.108998  0.548474  0.698394  0.664579  0.666626  0.702093  0.465921  0.522168  0.583863  0.602373  0.640984  0.736432  0.686691  0.694096  0.748838  0.693476  0.668676  0.409159  0.680509  0.673405  0.669086  0.665600  0.685175  0.682358  0.670335  0.848773  0.691321  0.522841  0.661939  0.622546  0.760600  0.424755  0.543764  0.538125  0.415262  0.254070  0.631496  0.650417  0.483785  0.683861  0.624703  0.639311  0.745762  0.797148  0.397379  0.541015  0.722594  0.586612  0.498323  0.490332  0.642457  0.720327  0.562659  0.618990  0.522456  0.558975  0.592325  0.604321  0.577402  0.702176  0.681742  0.678297  0.851123  0.677459  0.311526  0.773320  0.649687  0.676549  0.751172 
5  0.570157  0.635948  0.665477  0.621090  0.585110 0.0  0.684242  0.697207  0.572686  0.804315  0.528145  0.711580  0.818789  0.634902  0.490032  0.666818  0.712293  0.585947  0.820425  0.368827  0.597882  0.537530  0.773587  0.643767  0.674234  0.648208  0.843265  0.735871  0.648074  0.779000  0.794697  0.597718  0.776212  0.831557  0.574969  0.717200  0.783308  0.573512  0.547512  0.556736  0.671807  0.541674  0.646781  0.692934  0.656273  0.739092  0.690522  0.707928  0.582094  0.858742  0.667253  0.629760  0.604434  0.827722  0.457419  0.612950  0.611504  0.526761  0.704405  0.690177  0.557456  0.626409  0.758314  0.772018  0.801182  0.574700  0.623936  0.673412  0.548598  0.533890  0.571622  0.683402  0.714972  0.479915  0.856784  0.696835  0.726274  0.664751  0.719134  0.595832  0.732795  0.704821  0.634797  0.564491  0.751182  0.704275  0.561029  0.821905  0.818028  0.922403  0.768588  0.749074  0.255461  0.558499  0.669606  0.273916  0.652771  0.688831  0.718739  0.743601  0.730642  0.712785  0.860137  0.783877  0.726029  0.776882  0.753594  0.579216  0.653389  0.603420  0.726078  0.736557  0.595460  0.633116  0.582206  0.601768  0.594525  0.370114  0.789160  0.638415  0.845497  0.542800  0.596577  0.630293  0.706834  0.695224  0.673884  0.549571  0.496911  0.723050  0.769313  0.745170  0.496947  0.451962  0.548865  0.647586  0.709240  0.543703  0.755370  0.762437  0.676659  0.663840  0.500127  0.657320  0.861135  0.618661 
6  0.316117  0.703778  0.710756  0.411796  0.438881  0.684242 0.0  0.593873  0.538203  0.709769  0.349759  0.641603  0.551330  0.649379  0.615238  0.507730  0.859254  0.709136  0.713870  0.725631  0.294449  0.738696  0.703667  0.623583  0.784892  0.758397  0.707288  0.703851  0.688750  0.434457  0.634445  0.417047  0.506186  0.867219  0.716307  0.553915  0.700084  0.848632  0.527075  0.722882  0.672465  0.633863  0.249628  0.288062  0.767598  0.402789  0.615345  0.359174  0.562874  0.586253  0.543641  0.591853  0.324320  0.698622  0.714370  0.579505  0.563527  0.675861  0.723226  0.762545  0.531181  0.464216  0.755601  0.919597  0.783975  0.030569  0.140222  0.766424  0.713860  0.704428  0.543872  0.399213  0.623682  0.580311  0.890281  0.375904  0.456185  0.468938  0.368331  0.608875  0.629480  0.665737  0.692684  0.306639  0.447499  0.499848  0.711306  0.601620  0.847769  0.729020  0.773453  0.825773  0.722105  0.671940  0.465573  0.664696  0.636044  0.658135  0.635809  0.639008  0.551075  0.664294  0.881679  0.673669  0.455849  0.740811  0.585401  0.758892  0.315095  0.433238  0.654696  0.472350  0.474671  0.502576  0.678382  0.591453  0.737718  0.760718  0.481279  0.595510  0.794827  0.501168  0.480042  0.678592  0.518806  0.555479  0.520565  0.730895  0.641973  0.427629  0.674108  0.299245  0.620717  0.592962  0.682793  0.416907  0.798167  0.523461  0.585657  0.697285  0.699874  0.522462  0.594051  0.601350  0.617340  0.680595 
7  0.632580  0.710397  0.722967  0.763516  0.735785  0.697207  0.593873 0.0  0.753781  0.479689  0.685048  0.465696  0.365408  0.799216  0.721016  0.504771  0.896212  0.726028  0.409075  0.683576  0.655835  0.762058  0.428317  0.755862  0.762859  0.886287  0.432647  0.468978  0.434554  0.660516  0.591049  0.580320  0.572793  0.872920  0.753036  0.600776  0.454525  0.799204  0.545023  0.736859  0.792687  0.770278  0.716868  0.629923  0.765140  0.748535  0.585224  0.606464  0.643652  0.667598  0.568850  0.649269  0.642250  0.459555  0.729391  0.392132  0.504357  0.705235  0.684370  0.362996  0.672293  0.737137  0.284988  0.833475  0.721588  0.669649  0.578357  0.801275  0.886179  0.739486  0.707150  0.660528  0.646124  0.641497  0.893681  0.617348  0.637862  0.652247  0.651937  0.706113  0.306884  0.303293  0.775235  0.666267  0.647519  0.585352  0.690097  0.254059  0.904947  0.517755  0.714428  0.553958  0.683106  0.676275  0.647308  0.761397  0.272605  0.733990  0.576200  0.320525  0.595313  0.186252  0.770317  0.502273  0.505926  0.219783  0.260240  0.893417  0.657320  0.657783  0.513705  0.568060  0.653813  0.747779  0.775099  0.672293  0.787378  0.698858  0.612160  0.887123  0.707990  0.621457  0.614456  0.820523  0.570849  0.611137  0.624392  0.712973  0.673723  0.745030  0.218480  0.609627  0.840871  0.716821  0.763387  0.738076  0.622083  0.695739  0.471852  0.850803  0.352324  0.645759  0.774060  0.787572  0.419820  0.754931 
8  0.509466  0.702383  0.663879  0.551332  0.566513  0.572686  0.538203  0.753781 0.0  0.760160  0.633264  0.598523  0.678902  0.685385  0.253160  0.605058  0.703019  0.678024  0.748377  0.622831  0.729724  0.655714  0.699471  0.522931  0.699727  0.764409  0.725140  0.712442  0.684578  0.593038  0.821013  0.673395  0.559662  0.712881  0.743117  0.739089  0.709968  0.805785  0.647486  0.671888  0.728112  0.475309  0.528394  0.656913  0.582011  0.496731  0.776105  0.496326  0.824246  0.848051  0.456532  0.572489  0.542746  0.763641  0.652469  0.741491  0.660032  0.615153  0.826677  0.805374  0.495373  0.591959  0.738343  0.877804  0.672418  0.650692  0.429753  0.653844  0.613019  0.711415  0.431998  0.620922  0.737862  0.405452  0.799402  0.629635  0.739649  0.655359  0.585869  0.581506  0.590361  0.840383  0.708363  0.589739  0.613027  0.583676  0.657411  0.809223  0.759642  0.742442  0.698115  0.728149  0.579226  0.554864  0.613488  0.508129  0.734469  0.687390  0.721974  0.811068  0.660302  0.759777  0.780351  0.709020  0.661534  0.754071  0.804290  0.791414  0.650840  0.552455  0.602175  0.633719  0.606034  0.370038  0.447904  0.649901  0.796348  0.613610  0.564197  0.696938  0.715797  0.549533  0.573387  0.621376  0.498472  0.682774  0.574979  0.601150  0.675705  0.651970  0.807739  0.619733  0.681280  0.685106  0.563723  0.551983  0.710221  0.622047  0.695883  0.745883  0.701224  0.530058  0.662819  0.685658  0.720644  0.592337 
9  0.591849  0.855066  0.739400  0.585488  0.658428  0.804315  0.709769  0.479689  0.760160 0.0  0.706471  0.520085  0.610972  0.776035  0.811443  0.714440  0.721447  0.815933  0.606866  0.723461  0.726345  0.737318  0.430187  0.633964  0.646356  0.863711  0.359782  0.323048  0.191436  0.659703  0.559447  0.672072  0.625358  0.762164  0.720026  0.576527  0.476440  0.755580  0.676492  0.625860  0.944948  0.693163  0.550259  0.826525  0.747541  0.629540  0.603150  0.717284  0.614808  0.685730  0.764624  0.460039  0.544574  0.330053  0.747168  0.394198  0.661818  0.784174  0.938635  0.408133  0.768901  0.674994  0.467938  0.864406  0.633010  0.696849  0.649571  0.792051  0.723169  0.746540  0.616856  0.543370  0.670484  0.733570  0.776067  0.656804  0.615465  0.570343  0.726260  0.767868  0.516872  0.319815  0.734408  0.536973  0.659772  0.531753  0.697848  0.409159  0.824729  0.722688  0.678117  0.348858  0.654665  0.808996  0.657709  0.645337  0.501470  0.786771  0.717569  0.534307  0.781074  0.558101  0.727158  0.504768  0.715975  0.566835  0.454592  0.775580  0.670035  0.733908  0.527953  0.642014  0.553693  0.811061  0.776592  0.665568  0.811878  0.651844  0.779400  0.738286  0.689234  0.792621  0.618210  0.695109  0.758342  0.665810  0.686030  0.768550  0.813595  0.650163  0.551824  0.725966  0.862182  0.797947  0.765876  0.800262  0.665371  0.790603  0.385114  0.841250  0.352157  0.616726  0.790653  0.641219  0.526025  0.737266 
10  0.293274  0.726177  0.642362  0.270771  0.369105  0.528145  0.349759  0.685048  0.633264  0.706471 0.0  0.603864  0.700095  0.676677  0.638119  0.482005  0.888143  0.550010  0.574004  0.605735  0.482777  0.681856  0.674607  0.594348  0.754774  0.742772  0.774898  0.724006  0.570093  0.380034  0.545063  0.528509  0.618954  0.721862  0.676633  0.483769  0.661370  0.754239  0.536578  0.827893  0.653743  0.611167  0.303413  0.486746  0.843983  0.460649  0.663218  0.371323  0.672566  0.787327  0.494124  0.685363  0.000000  0.658276  0.596832  0.689648  0.557767  0.694412  0.688108  0.672566  0.388489  0.462894  0.627631  0.787242  0.688705  0.447948  0.363640  0.675791  0.551960  0.572149  0.459389  0.489647  0.623816  0.552897  0.757166  0.172459  0.493532  0.435054  0.524979  0.700730  0.718570  0.673248  0.760707  0.420821  0.523338  0.630680  0.788708  0.628163  0.776323  0.804453  0.856352  0.720706  0.777516  0.620634  0.140299  0.577743  0.676773  0.642404  0.543644  0.638605  0.592966  0.623491  0.841898  0.839606  0.539877  0.718313  0.558451  0.671746  0.306194  0.521583  0.554449  0.500878  0.478063  0.548738  0.664940  0.590702  0.789432  0.687542  0.635570  0.711358  0.763566  0.521894  0.472200  0.709293  0.455011  0.503089  0.558937  0.675319  0.745017  0.503137  0.775799  0.499116  0.643292  0.716652  0.619914  0.476830  0.692011  0.649377  0.672707  0.861208  0.602891  0.573080  0.809281  0.538785  0.729820  0.686334 
11  0.615815  0.734832  0.730390  0.567656  0.641572  0.711580  0.641603  0.465696  0.598523  0.520085  0.603864 0.0  0.476320  0.705478  0.724542  0.482150  0.822011  0.662325  0.437417  0.746640  0.635285  0.808570  0.616877  0.788636  0.768311  0.857187  0.561128  0.585694  0.709525  0.566222  0.264405  0.508590  0.591644  0.728763  0.830847  0.445942  0.569443  0.663547  0.649745  0.736067  0.820420  0.613258  0.602542  0.554180  0.764159  0.660661  0.546559  0.540486  0.626334  0.801436  0.681665  0.307076  0.715101  0.557400  0.708404  0.603913  0.256646  0.761796  0.797228  0.639621  0.605143  0.646331  0.479555  0.908427  0.619891  0.523640  0.664294  0.667267  0.758166  0.667150  0.587420  0.605000  0.599781  0.515123  0.779050  0.617645  0.580242  0.665526  0.642426  0.694059  0.478155  0.589329  0.802366  0.611955  0.630918  0.589120  0.784709  0.523502  0.691465  0.705992  0.687457  0.619732  0.822406  0.730728  0.565328  0.744130  0.625486  0.824395  0.656756  0.447380  0.602032  0.564980  0.858930  0.634565  0.368267  0.481997  0.551279  0.665952  0.717373  0.649805  0.472965  0.548550  0.557890  0.523775  0.623632  0.456935  0.835493  0.665219  0.510596  0.655342  0.736881  0.551903  0.521531  0.818120  0.685216  0.499419  0.614798  0.630506  0.771478  0.580921  0.442530  0.624923  0.715537  0.648697  0.684055  0.723263  0.686766  0.770530  0.653916  0.688181  0.520475  0.533990  0.735883  0.694107  0.588744  0.737073 
12  0.661507  0.733091  0.788228  0.654314  0.643716  0.818789  0.551330  0.365408  0.678902  0.610972  0.700095  0.476320 0.0  0.691055  0.716479  0.560731  0.765768  0.778645  0.315673  0.629816  0.671602  0.880842  0.584365  0.624695  0.738557  0.896960  0.649136  0.570690  0.576236  0.630380  0.512001  0.608002  0.583093  0.747152  0.808231  0.539144  0.542108  0.799715  0.658730  0.816358  0.861330  0.800236  0.636212  0.620689  0.724898  0.735666  0.653895  0.461816  0.713879  0.532307  0.626893  0.602305  0.604652  0.489630  0.758098  0.411054  0.621686  0.734616  0.720987  0.399202  0.626923  0.618411  0.492109  0.850959  0.751835  0.782846  0.634939  0.756198  0.675180  0.756358  0.662610  0.691158  0.740322  0.824290  0.745911  0.587582  0.518455  0.619284  0.667692  0.747056  0.469409  0.570984  0.821062  0.683118  0.636029  0.565372  0.723998  0.395618  0.811924  0.684460  0.716111  0.561068  0.693158  0.691802  0.651616  0.651425  0.485571  0.748086  0.544329  0.516707  0.638831  0.500352  0.776902  0.586563  0.611569  0.540411  0.510726  0.799322  0.669849  0.641451  0.542408  0.603334  0.673594  0.671110  0.723952  0.547213  0.743682  0.732630  0.606347  0.702087  0.661641  0.676409  0.652994  0.699329  0.685074  0.576589  0.617570  0.724915  0.856724  0.689651  0.465920  0.538459  0.792406  0.841123  0.752896  0.697017  0.583044  0.646239  0.574430  0.836165  0.553842  0.684371  0.793062  0.730941  0.674586  0.707064 
13  0.733851  0.564748  0.548729  0.630924  0.730824  0.634902  0.649379  0.799216  0.685385  0.776035  0.676677  0.705478  0.691055 0.0  0.514705  0.728811  0.653555  0.652964  0.751300  0.604567  0.558554  0.463440  0.730838  0.734125  0.503141  0.412569  0.797139  0.788184  0.823337  0.713023  0.842563  0.596942  0.719065  0.859844  0.524270  0.751819  0.827940  0.549976  0.733419  0.519715  0.655889  0.733624  0.622710  0.772530  0.358412  0.694454  0.803261  0.586616  0.751576  0.666524  0.779058  0.823276  0.798119  0.754638  0.642974  0.788987  0.736548  0.599449  0.595207  0.684344  0.739069  0.726481  0.729846  0.856764  0.765919  0.721285  0.724950  0.517456  0.597437  0.543649  0.793071  0.715037  0.701206  0.601072  0.829243  0.724000  0.718047  0.597552  0.733928  0.606913  0.762843  0.877716  0.620998  0.735078  0.758414  0.629600  0.593715  0.798120  0.615062  0.755730  0.839174  0.819602  0.671738  0.569046  0.628756  0.609016  0.770733  0.521525  0.811331  0.778541  0.782598  0.818906  0.876790  0.760530  0.767042  0.794287  0.866943  0.608514  0.717934  0.681858  0.638369  0.652412  0.680974  0.771355  0.683243  0.755476  0.528559  0.726231  0.818916  0.436522  0.757655  0.729258  0.731229  0.523009  0.749884  0.792405  0.811831  0.677982  0.461274  0.633683  0.810479  0.496345  0.619712  0.669637  0.603906  0.672338  0.826318  0.659912  0.666819  0.683220  0.697901  0.730989  0.673850  0.733599  0.910747  0.550946 
14  0.615484  0.637900  0.627570  0.571139  0.510693  0.490032  0.615238  0.721016  0.253160  0.811443  0.638119  0.724542  0.716479  0.514705 0.0  0.687135  0.687411  0.605843  0.776344  0.648920  0.573395  0.598523  0.744749  0.607201  0.630554  0.706583  0.700305  0.751055  0.682472  0.622413  0.657887  0.720330  0.589432  0.729458  0.635357  0.662492  0.700823  0.814133  0.704266  0.658321  0.776748  0.428136  0.616255  0.702791  0.539739  0.575432  0.647292  0.683094  0.665403  0.707857  0.586446  0.552455  0.595591  0.783162  0.643294  0.777863  0.639015  0.509456  0.895224  0.700955  0.568012  0.598090  0.621237  0.801575  0.753329  0.547364  0.606365  0.609242  0.597876  0.621603  0.639193  0.647613  0.723131  0.379103  0.922667  0.620157  0.574549  0.729993  0.556556  0.593665  0.670313  0.722943  0.645270  0.623700  0.684736  0.644676  0.648525  0.805217  0.726207  0.723623  0.731007  0.742267  0.617814  0.587484  0.570864  0.560636  0.740359  0.654312  0.613421  0.615035  0.588378  0.782725  0.868505  0.773015  0.765070  0.706996  0.692070  0.672474  0.606813  0.689320  0.600908  0.682425  0.467523  0.367552  0.531005  0.622997  0.667595  0.564216  0.715858  0.657302  0.735321  0.590964  0.538560  0.478570  0.411653  0.753586  0.648118  0.633939  0.630424  0.519576  0.719773  0.618281  0.535981  0.661717  0.641854  0.428145  0.828712  0.569260  0.829394  0.756214  0.797440  0.570341  0.671074  0.594493  0.867086  0.647498 
15  0.667590  0.690837  0.715724  0.539872  0.646918  0.666818  0.507730  0.504771  0.605058  0.714440  0.482005  0.482150  0.560731  0.728811  0.687135 0.0  0.818342  0.704755  0.660167  0.672869  0.500076  0.725496  0.692809  0.673761  0.828500  0.814050  0.578499  0.661663  0.625572  0.511628  0.576427  0.477027  0.299257  0.831421  0.676062  0.468670  0.679597  0.742190  0.509050  0.758066  0.772823  0.662061  0.468236  0.417862  0.735595  0.594289  0.464006  0.440547  0.662226  0.518167  0.584646  0.454642  0.626495  0.628604  0.720770  0.550493  0.552749  0.621146  0.760299  0.623971  0.458327  0.529911  0.590705  0.885328  0.680388  0.447234  0.546273  0.693663  0.721811  0.728602  0.600965  0.508074  0.694883  0.759898  0.860416  0.547466  0.528174  0.639192  0.553946  0.631190  0.602457  0.738205  0.783102  0.511340  0.420379  0.395980  0.716329  0.577177  0.781141  0.708334  0.591909  0.709041  0.615238  0.780559  0.592988  0.678538  0.623926  0.840103  0.631983  0.653879  0.597545  0.706558  0.856535  0.742750  0.535461  0.677087  0.723822  0.671328  0.466880  0.326609  0.436235  0.483261  0.550347  0.612479  0.717485  0.626741  0.846232  0.640435  0.389624  0.708167  0.827733  0.471175  0.393537  0.750884  0.777718  0.241010  0.581242  0.726792  0.691571  0.509229  0.661675  0.594863  0.685369  0.892275  0.720210  0.785480  0.756265  0.614732  0.591400  0.940635  0.618311  0.476390  0.699673  0.685739  0.591056  0.633196 
16  0.692864  0.651648  0.647501  0.753763  0.850675  0.712293  0.859254  0.896212  0.703019  0.721447  0.888143  0.822011  0.765768  0.653555  0.687411  0.818342 0.0  0.671077  0.779225  0.756574  0.834802  0.777505  0.798572  0.771271  0.629890  0.627919  0.834600  0.876988  0.834986  0.791068  0.668412  0.771335  0.789063  0.860833  0.677596  0.774879  0.714466  0.725084  0.773256  0.806185  0.459034  0.858542  0.787015  0.836908  0.764644  0.774649  0.742695  0.837922  0.737114  0.758756  0.837036  0.816523  0.694913  0.824756  0.697803  0.785455  0.760890  0.685609  0.654993  0.719708  0.761750  0.813963  0.684081  0.887392  0.834327  0.849899  0.650829  0.622992  0.669117  0.707472  0.714163  0.768595  0.818740  0.750508  0.928070  0.811616  0.797812  0.821872  0.729696  0.753458  0.851177  0.842825  0.692670  0.738864  0.784107  0.714286  0.707852  0.859819  0.358845  0.737422  0.765870  0.831030  0.761932  0.726163  0.769271  0.695610  0.768165  0.716867  0.743122  0.839571  0.711235  0.833693  0.757405  0.907984  0.738755  0.693855  0.734923  0.802363  0.877122  0.772934  0.774586  0.783575  0.777900  0.770841  0.562803  0.623284  0.668125  0.697981  0.793338  0.700144  0.820002  0.733399  0.730028  0.710628  0.666191  0.683758  0.837432  0.730813  0.694351  0.653308  0.756965  0.799309  0.701668  0.698309  0.746506  0.741647  0.830023  0.668690  0.733916  0.480963  0.846910  0.852506  0.758279  0.717134  0.802859  0.773564 
17  0.664710  0.744267  0.596529  0.727067  0.649671  0.585947  0.709136  0.726028  0.678024  0.815933  0.550010  0.662325  0.778645  0.652964  0.605843  0.704755  0.671077 0.0  0.790967  0.422793  0.689075  0.649916  0.780904  0.691705  0.745543  0.627902  0.832562  0.752049  0.818391  0.535050  0.730085  0.712150  0.695005  0.864331  0.611886  0.716284  0.756186  0.652985  0.786338  0.628578  0.620863  0.634682  0.668813  0.753935  0.578727  0.667618  0.728091  0.703264  0.750298  0.785614  0.809711  0.788676  0.718521  0.702694  0.621057  0.761332  0.668351  0.487746  0.536769  0.773692  0.680735  0.708809  0.799620  0.855644  0.857511  0.748142  0.579102  0.670438  0.433549  0.480579  0.731176  0.575640  0.653344  0.562444  0.859307  0.609375  0.660157  0.798500  0.626056  0.689083  0.884978  0.838592  0.473960  0.650101  0.665494  0.734515  0.431699  0.701329  0.688723  0.773656  0.842125  0.681197  0.590368  0.643090  0.716340  0.591937  0.778039  0.649575  0.777980  0.752896  0.710326  0.845340  0.819266  0.738992  0.775251  0.828679  0.818634  0.866289  0.752075  0.709031  0.683419  0.692782  0.755690  0.642403  0.654056  0.764444  0.661305  0.557753  0.674803  0.586904  0.823673  0.732545  0.747541  0.571558  0.470601  0.668372  0.654280  0.493937  0.567872  0.798691  0.750721  0.670903  0.533333  0.560341  0.427532  0.674921  0.754698  0.616796  0.703962  0.704330  0.783070  0.677309  0.463242  0.719240  0.759389  0.597272 
18  0.738606  0.748778  0.854192  0.618115  0.602358  0.820425  0.713870  0.409075  0.748377  0.606866  0.574004  0.437417  0.315673  0.751300  0.776344  0.660167  0.779225  0.790967 0.0  0.704109  0.608710  0.761994  0.578713  0.705438  0.783469  0.681922  0.443180  0.603339  0.593652  0.696648  0.439392  0.696934  0.518271  0.770848  0.792772  0.579933  0.481416  0.846011  0.691243  0.789179  0.828340  0.785984  0.700085  0.672015  0.804317  0.587657  0.608961  0.777505  0.619307  0.654818  0.714511  0.552255  0.645965  0.581132  0.682916  0.488361  0.373155  0.835023  0.782953  0.539646  0.618465  0.689570  0.477631  0.958174  0.728321  0.670869  0.688693  0.812193  0.803539  0.732072  0.678614  0.707592  0.654128  0.762420  0.754231  0.665721  0.580467  0.557834  0.703428  0.621610  0.419476  0.511125  0.846873  0.497041  0.592691  0.695848  0.749480  0.522253  0.854017  0.639372  0.649519  0.536330  0.763945  0.671142  0.715905  0.826762  0.482553  0.692565  0.659173  0.387517  0.707342  0.472100  0.750968  0.633666  0.627066  0.429268  0.471316  0.754028  0.648879  0.773739  0.602215  0.461516  0.614715  0.616716  0.723982  0.602127  0.711767  0.726817  0.546019  0.846800  0.737019  0.616954  0.574138  0.718754  0.644862  0.642162  0.739017  0.794704  0.755113  0.630989  0.339029  0.593654  0.758129  0.726948  0.697153  0.701365  0.612786  0.748205  0.474552  0.838457  0.505924  0.599072  0.741715  0.698879  0.537667  0.712962 
19  0.719674  0.640493  0.712431  0.656424  0.636616  0.368827  0.725631  0.683576  0.622831  0.723461  0.605735  0.746640  0.629816  0.604567  0.648920  0.672869  0.756574  0.422793  0.704109 0.0  0.727377  0.477173  0.627784  0.629981  0.609052  0.592930  0.882507  0.789358  0.834012  0.758515  0.646491  0.706045  0.737462  0.783968  0.704949  0.755523  0.749031  0.567427  0.675109  0.663632  0.666967  0.598492  0.604389  0.595829  0.605902  0.639732  0.636765  0.672097  0.789556  0.728736  0.530108  0.747449  0.680286  0.851395  0.553417  0.759686  0.685700  0.528478  0.645222  0.824370  0.782745  0.645218  0.718735  0.818774  0.919017  0.589422  0.717230  0.629555  0.366710  0.668197  0.706601  0.652967  0.758546  0.535599  0.827774  0.754688  0.710659  0.610163  0.704130  0.637423  0.741961  0.754632  0.573348  0.798127  0.629627  0.811746  0.540739  0.831615  0.601511  0.751274  0.774904  0.763157  0.350647  0.568915  0.576667  0.377384  0.774607  0.670776  0.739383  0.760462  0.698949  0.596775  0.861987  0.798245  0.752536  0.668102  0.748359  0.712348  0.636156  0.675534  0.664604  0.794966  0.664481  0.616176  0.625390  0.784982  0.518596  0.487287  0.752238  0.715378  0.894932  0.654052  0.567748  0.518297  0.574141  0.633510  0.650337  0.543375  0.696726  0.640975  0.770296  0.579437  0.612613  0.462725  0.519053  0.687770  0.733830  0.563964  0.662409  0.559210  0.710044  0.685997  0.550283  0.580828  0.732886  0.595401 
20  0.575923  0.735586  0.762105  0.345665  0.549026  0.597882  0.294449  0.655835  0.729724  0.726345  0.482777  0.635285  0.671602  0.558554  0.573395  0.500076  0.834802  0.689075  0.608710  0.727377 0.0  0.813823  0.602267  0.657590  0.718656  0.796191  0.641270  0.652013  0.637313  0.502006  0.546583  0.496877  0.619977  0.838377  0.527025  0.500029  0.650828  0.669228  0.453248  0.655651  0.706797  0.769064  0.386251  0.330803  0.700699  0.398919  0.528133  0.302020  0.697547  0.747440  0.435689  0.576886  0.359696  0.554940  0.608302  0.619653  0.650711  0.717214  0.672777  0.615093  0.459535  0.438851  0.588687  0.838115  0.764843  0.194584  0.206238  0.654122  0.727503  0.642241  0.598772  0.510477  0.693139  0.614943  0.866206  0.573491  0.486231  0.555408  0.489760  0.703749  0.676177  0.658603  0.782929  0.336816  0.440548  0.557005  0.664558  0.608709  0.868537  0.704508  0.728144  0.686907  0.590733  0.678618  0.420051  0.728857  0.662213  0.765096  0.616079  0.708409  0.606505  0.615673  0.891976  0.656813  0.561266  0.722501  0.760035  0.764827  0.360724  0.454084  0.532930  0.430493  0.441652  0.647128  0.578564  0.602910  0.764475  0.635977  0.520085  0.735261  0.665255  0.357254  0.524807  0.709056  0.553256  0.547623  0.296974  0.681220  0.671796  0.405460  0.718651  0.500974  0.674046  0.581648  0.746610  0.514807  0.622962  0.719825  0.711008  0.706983  0.639280  0.514279  0.727102  0.531319  0.678245  0.607598 
21  0.606024  0.515741  0.611250  0.717193  0.744615  0.537530  0.738696  0.762058  0.655714  0.737318  0.681856  0.808570  0.880842  0.463440  0.598523  0.725496  0.777505  0.649916  0.761994  0.477173  0.813823 0.0  0.778896  0.637484  0.660711  0.532855  0.821182  0.693438  0.856704  0.763125  0.740161  0.615378  0.737671  0.860272  0.205311  0.700706  0.894817  0.601862  0.826014  0.543987  0.622890  0.628390  0.658727  0.614249  0.472581  0.655713  0.634558  0.606565  0.560587  0.744501  0.666698  0.829780  0.750472  0.882541  0.725570  0.633378  0.875011  0.617490  0.749311  0.722362  0.690641  0.702737  0.799893  0.859293  0.744315  0.691613  0.817830  0.291292  0.604579  0.597083  0.694261  0.787758  0.712189  0.578214  0.793945  0.626446  0.635683  0.755379  0.728796  0.449928  0.786571  0.736056  0.595319  0.684789  0.771823  0.603471  0.673341  0.852363  0.689833  0.719176  0.951025  0.805543  0.622491  0.603032  0.573175  0.554186  0.853132  0.418857  0.699231  0.847113  0.737084  0.748451  0.812278  0.890936  0.662212  0.764988  0.802064  0.651616  0.684721  0.674763  0.773989  0.725386  0.706928  0.667658  0.576046  0.814007  0.659852  0.528315  0.684676  0.555584  0.791778  0.654892  0.652221  0.352383  0.550970  0.720260  0.686959  0.770045  0.625539  0.662115  0.714430  0.674083  0.559382  0.667205  0.711337  0.656989  0.746061  0.598047  0.925359  0.683453  0.756243  0.619104  0.623359  0.654752  0.680293  0.537102 
22  0.844063  0.739659  0.738987  0.649349  0.732953  0.773587  0.703667  0.428317  0.699471  0.430187  0.674607  0.616877  0.584365  0.730838  0.744749  0.692809  0.798572  0.780904  0.578713  0.627784  0.602267  0.778896 0.0  0.684314  0.753430  0.851353  0.518598  0.527419  0.427245  0.578578  0.580569  0.620568  0.653225  0.794559  0.737861  0.604632  0.358818  0.709669  0.678215  0.852610  0.815287  0.692178  0.737255  0.564960  0.844353  0.742777  0.623091  0.647531  0.573721  0.785009  0.691621  0.580349  0.649715  0.469414  0.693244  0.624679  0.596747  0.713392  0.720483  0.495665  0.652729  0.722262  0.433370  0.913544  0.674922  0.637558  0.743087  0.853430  0.678238  0.689949  0.695901  0.652946  0.675514  0.696996  0.811095  0.668788  0.537558  0.713131  0.654233  0.813437  0.505743  0.458398  0.795206  0.548707  0.600424  0.810694  0.857365  0.374330  0.788619  0.615319  0.686953  0.378093  0.781928  0.621745  0.773674  0.729181  0.417262  0.733694  0.714269  0.598114  0.703956  0.506466  0.904786  0.743052  0.604675  0.499607  0.320476  0.787189  0.650529  0.458837  0.685801  0.608929  0.623852  0.799928  0.657813  0.709525  0.706334  0.736336  0.664378  0.835357  0.723277  0.642939  0.634582  0.807031  0.732155  0.711154  0.636012  0.585508  0.776405  0.682628  0.605898  0.674351  0.822530  0.763903  0.636565  0.730908  0.530771  0.681228  0.485411  0.800961  0.465262  0.727361  0.762054  0.665517  0.244105  0.760547 
23  0.765071  0.738701  0.739225  0.612177  0.684753  0.643767  0.623583  0.755862  0.522931  0.633964  0.594348  0.788636  0.624695  0.734125  0.607201  0.673761  0.771271  0.691705  0.705438  0.629981  0.657590  0.637484  0.684314 0.0  0.728797  0.640273  0.764195  0.820322  0.678016  0.729070  0.606089  0.733841  0.639251  0.748756  0.735543  0.748301  0.676220  0.797622  0.705756  0.626494  0.664828  0.689411  0.661616  0.605397  0.549479  0.650905  0.576525  0.679601  0.652103  0.869323  0.582319  0.672622  0.645185  0.841208  0.746395  0.703222  0.786164  0.574888  0.830990  0.696011  0.615092  0.617424  0.627189  0.855988  0.843146  0.622888  0.627497  0.654427  0.840709  0.694578  0.583987  0.645539  0.619275  0.591869  0.709462  0.634086  0.631448  0.590067  0.623062  0.682752  0.768440  0.786013  0.610301  0.720687  0.791586  0.683066  0.697768  0.711004  0.714316  0.702868  0.774265  0.816506  0.728564  0.539158  0.741240  0.778924  0.626754  0.696197  0.561035  0.701521  0.495731  0.711174  0.912461  0.651802  0.669145  0.665591  0.745889  0.709170  0.703860  0.574636  0.625086  0.695061  0.715309  0.724318  0.582021  0.644273  0.719519  0.692588  0.680253  0.643806  0.935858  0.540572  0.556111  0.619669  0.620576  0.697982  0.632278  0.701958  0.711552  0.621988  0.737467  0.512210  0.668588  0.680452  0.752521  0.658309  0.736199  0.583586  0.793039  0.681616  0.761499  0.702147  0.702540  0.466962  0.782497  0.493427 
24  0.865497  0.639859  0.586133  0.858459  0.762216  0.674234  0.784892  0.762859  0.699727  0.646356  0.754774  0.768311  0.738557  0.503141  0.630554  0.828500  0.629890  0.745543  0.783469  0.609052  0.718656  0.660711  0.753430  0.728797 0.0  0.429951  0.800313  0.858773  0.830852  0.866884  0.630333  0.751922  0.748000  0.888599  0.707086  0.704495  0.839737  0.644582  0.697387  0.626812  0.647882  0.592770  0.780325  0.655421  0.504459  0.795961  0.780735  0.850243  0.811292  0.706279  0.779215  0.733707  0.692908  0.710134  0.642014  0.774801  0.691575  0.694471  0.553037  0.797958  0.676734  0.775340  0.814422  0.866167  0.883223  0.757956  0.775984  0.754331  0.782045  0.668356  0.829519  0.868936  0.768523  0.790092  0.821441  0.810390  0.787837  0.754849  0.679908  0.672562  0.807864  0.738145  0.566098  0.772620  0.853487  0.717461  0.601022  0.741921  0.570552  0.875528  0.832900  0.731228  0.701182  0.631124  0.716905  0.678146  0.869210  0.636895  0.866106  0.803292  0.822725  0.754440  0.943573  0.764738  0.809621  0.801092  0.893427  0.659216  0.801988  0.791323  0.886853  0.812893  0.809101  0.736516  0.591908  0.799004  0.701232  0.641142  0.785161  0.658325  0.916989  0.710681  0.705191  0.557327  0.670220  0.728804  0.753823  0.711836  0.644519  0.815021  0.809660  0.734591  0.672448  0.689622  0.745545  0.768319  0.753709  0.677962  0.756072  0.545390  0.742338  0.692182  0.737595  0.743353  0.808491  0.646766 
25  0.646144  0.663175  0.550004  0.772954  0.859150  0.648208  0.758397  0.886287  0.764409  0.863711  0.742772  0.857187  0.896960  0.412569  0.706583  0.814050  0.627919  0.627902  0.681922  0.592930  0.796191  0.532855  0.851353  0.640273  0.429951 0.0  0.741289  0.743633  0.792019  0.759499  0.811534  0.754965  0.689443  0.842839  0.662027  0.784380  0.776159  0.577900  0.717478  0.556970  0.609460  0.660263  0.754132  0.694005  0.524591  0.795325  0.843442  0.821964  0.735161  0.749137  0.748377  0.747361  0.674192  0.807256  0.642905  0.733339  0.723876  0.678290  0.836556  0.841339  0.636019  0.763224  0.713764  0.803807  0.770040  0.703949  0.677577  0.658762  0.622632  0.683907  0.652336  0.708572  0.765478  0.753789  0.793684  0.692346  0.667156  0.755649  0.708539  0.638807  0.829844  0.738095  0.621485  0.759381  0.770622  0.715708  0.662244  0.838065  0.633292  0.849569  0.745698  0.785096  0.751541  0.645640  0.763748  0.681942  0.805301  0.549800  0.622968  0.698465  0.768174  0.975380  0.882947  0.788732  0.914378  0.795824  0.827231  0.581335  0.765529  0.719120  0.642126  0.751621  0.818496  0.699646  0.733922  0.827082  0.573212  0.633338  0.797266  0.532366  0.938896  0.829391  0.863817  0.634940  0.709845  0.820033  0.801409  0.616486  0.492877  0.646622  0.801235  0.803719  0.765554  0.720395  0.728259  0.797329  0.814844  0.598274  0.808814  0.477218  0.753245  0.692908  0.758996  0.815694  0.747626  0.774228 
26  0.612288  0.716060  0.781519  0.662895  0.627107  0.843265  0.707288  0.432647  0.725140  0.359782  0.774898  0.561128  0.649136  0.797139  0.700305  0.578499  0.834600  0.832562  0.443180  0.882507  0.641270  0.821182  0.518598  0.764195  0.800313  0.741289 0.0  0.282535  0.404274  0.646445  0.605097  0.677026  0.573936  0.778211  0.786459  0.671731  0.455845  0.769555  0.632065  0.779860  0.820220  0.687345  0.690729  0.763851  0.935822  0.715508  0.689228  0.578573  0.656396  0.529178  0.712697  0.569290  0.745301  0.404293  0.787493  0.167599  0.640659  0.772852  0.725340  0.122654  0.634269  0.836983  0.350157  0.821700  0.718847  0.477949  0.700767  0.686224  0.705357  0.785050  0.729082  0.715954  0.619742  0.729414  0.933305  0.742789  0.693319  0.588555  0.616775  0.698311  0.543661  0.092751  0.743059  0.708491  0.664015  0.690459  0.808781  0.347563  0.805840  0.633794  0.614490  0.381098  0.582349  0.702849  0.682387  0.782519  0.300793  0.736753  0.664051  0.341960  0.756883  0.466199  0.884833  0.520656  0.632652  0.500050  0.295970  0.878211  0.673707  0.655877  0.605603  0.655500  0.605847  0.718245  0.826696  0.586791  0.794212  0.741857  0.641092  0.661104  0.817007  0.745915  0.622025  0.812633  0.723650  0.619477  0.687959  0.714654  0.788110  0.661375  0.380951  0.703331  0.647173  0.675262  0.690212  0.570588  0.660977  0.642937  0.242080  0.762336  0.285055  0.607315  0.838070  0.727949  0.467283  0.830867 
