146
0 0.0  0.676723  0.718515  0.258376  0.390289  0.634473  0.292823  0.683575  0.547071  0.763833  0.310869  0.642969  0.615669  0.791592  0.546131  0.581219  0.748497  0.580452  0.808295  0.696616  0.553470  0.806482  0.653936  0.589807  0.710777  0.698558  0.856051  0.728211  0.667277  0.503174  0.604375  0.610777  0.489405  0.834699  0.581493  0.664990  0.753158  0.799665  0.469195  0.592316  0.775715  0.609703  0.388847  0.405715  0.681096  0.521200  0.539524  0.479161  0.647303  0.743277  0.478055  0.580340  0.158758  0.568203  0.690076  0.767202  0.564975  0.771398  0.751226  0.574836  0.417296  0.425258  0.679067  0.798379  0.699278  0.326338  0.426166  0.723500  0.702290  0.690882  0.447604  0.466088  0.557841  0.508600  0.827002  0.249602  0.484594  0.468542  0.447799  0.729796  0.669484  0.768668  0.759760  0.485400  0.581119  0.458426  0.689388  0.692257  0.819921  0.675846  0.737812  0.717180  0.590487  0.671061  0.236542  0.581648  0.699900  0.644358  0.507829  0.572450  0.541957  0.555630  0.911705  0.754105  0.507253  0.676887  0.587776  0.696518  0.386358  0.476268  0.573863  0.518033  0.486620  0.556323  0.582244  0.549964  0.756364  0.620157  0.528556  0.812465  0.690740  0.326045  0.469843  0.670158  0.483931  0.584248  0.507180  0.647575  0.771123  0.535910  0.647752  0.477722  0.730941  0.701172  0.636817  0.508112  0.765807  0.647495  0.625780  0.830587  0.734844  0.456297  0.680274  0.703248  0.605106  0.620822 
1  0.676723 0.0  0.073386  0.736203  0.757640  0.662018  0.712866  0.770841  0.634319  0.785929  0.759859  0.787532  0.723367  0.547392  0.678925  0.726954  0.663412  0.680511  0.763584  0.745779  0.672055  0.559460  0.770237  0.792069  0.634433  0.595180  0.720689  0.845800  0.850095  0.723139  0.765003  0.683495  0.689469  0.796385  0.613815  0.652510  0.769260  0.648952  0.587798  0.415428  0.660791  0.615431  0.683957  0.744381  0.538653  0.588516  0.574670  0.739224  0.746276  0.666803  0.626372  0.694747  0.712287  0.654158  0.617094  0.851674  0.634908  0.600938  0.723254  0.681888  0.622162  0.813346  0.826468  0.838696  0.802251  0.672072  0.694209  0.533702  0.690756  0.708779  0.700347  0.864999  0.717420  0.766417  0.885817  0.677565  0.769542  0.675208  0.739636  0.565395  0.804798  0.709076  0.628260  0.805658  0.721496  0.682150  0.683150  0.776357  0.610820  0.795460  0.742679  0.787254  0.636582  0.593588  0.679073  0.639435  0.769132  0.462970  0.783044  0.750875  0.668006  0.733040  0.910091  0.783440  0.752190  0.774144  0.749401  0.591823  0.644969  0.788600  0.710661  0.725670  0.738753  0.734397  0.640961  0.755868  0.632580  0.597246  0.730133  0.392557  0.845057  0.656590  0.675092  0.494626  0.747573  0.706645  0.698515  0.669006  0.620301  0.677146  0.673013  0.677795  0.685561  0.794798  0.651027  0.696309  0.811845  0.576701  0.764481  0.676598  0.813430  0.741658  0.750210  0.664091  0.810079  0.712023 
2  0.718515  0.073386 0.0  0.710447  0.748384  0.693467  0.563255  0.788346  0.631635  0.767055  0.679813  0.823153  0.760292  0.568537  0.667932  0.651395  0.668962  0.719046  0.704230  0.587459  0.734150  0.577309  0.765768  0.671645  0.722579  0.564750  0.776805  0.768132  0.793797  0.656476  0.718143  0.675329  0.698643  0.832977  0.383086  0.795434  0.717226  0.580699  0.775109  0.319756  0.628921  0.722007  0.709309  0.733335  0.504888  0.712740  0.600096  0.742613  0.718059  0.740035  0.698828  0.703777  0.749313  0.843176  0.686487  0.728833  0.706098  0.614666  0.637533  0.803903  0.663933  0.736419  0.724019  0.756601  0.710366  0.711682  0.727750  0.559121  0.601185  0.697051  0.727289  0.734366  0.747625  0.669175  0.855841  0.645757  0.694758  0.822246  0.731872  0.611607  0.711074  0.751385  0.610564  0.747452  0.590445  0.891993  0.670535  0.753026  0.668718  0.804363  0.807556  0.754943  0.529232  0.645160  0.698103  0.603343  0.693551  0.468528  0.738861  0.704428  0.719299  0.720059  0.894713  0.794346  0.742134  0.772927  0.766193  0.461400  0.805566  0.613165  0.653021  0.761896  0.775051  0.638485  0.595705  0.723223  0.778424  0.706611  0.753707  0.425461  0.785617  0.686449  0.768249  0.527009  0.632923  0.727252  0.646191  0.696748  0.546526  0.718911  0.792248  0.662337  0.724029  0.751197  0.662580  0.716913  0.716179  0.638328  0.711263  0.747364  0.764066  0.611458  0.647063  0.741430  0.788522  0.767684 
3  0.258376  0.736203  0.710447 0.0  0.521094  0.651002  0.326383  0.661600  0.597080  0.683703  0.437661  0.627802  0.718533  0.664344  0.612439  0.479795  0.845201  0.666704  0.719094  0.708790  0.320563  0.720041  0.683138  0.609118  0.672000  0.668133  0.677781  0.698611  0.609250  0.519589  0.565127  0.436782  0.515683  0.885270  0.670253  0.503087  0.653038  0.645218  0.464279  0.701444  0.733301  0.556830  0.401124  0.503193  0.633673  0.485390  0.604976  0.393966  0.607505  0.619828  0.460609  0.731724  0.354456  0.660030  0.720797  0.631565  0.590699  0.708236  0.740873  0.533024  0.490824  0.468898  0.548072  0.902716  0.591413  0.386906  0.318970  0.758376  0.648082  0.618976  0.324957  0.423942  0.603317  0.498947  0.773119  0.370690  0.345356  0.377454  0.454426  0.707792  0.619173  0.632468  0.831022  0.441855  0.522394  0.502975  0.738346  0.583591  0.701395  0.722448  0.742274  0.678614  0.631706  0.540824  0.408533  0.594115  0.565687  0.564452  0.631178  0.584129  0.655341  0.597016  0.906546  0.755065  0.571526  0.618236  0.767933  0.717980  0.117959  0.554814  0.481016  0.415690  0.529551  0.591564  0.745039  0.425480  0.805613  0.713523  0.440965  0.785131  0.748096  0.266210  0.563321  0.622365  0.501472  0.619775  0.379626  0.647136  0.739543  0.406317  0.619827  0.445315  0.728426  0.654232  0.665889  0.533045  0.740586  0.644829  0.672276  0.767404  0.580379  0.533694  0.574989  0.683519  0.673407  0.734955 
4  0.390289  0.757640  0.748384  0.521094 0.0  0.673851  0.518852  0.637065  0.597608  0.671219  0.454527  0.603215  0.591553  0.677617  0.617847  0.476449  0.787625  0.663515  0.639303  0.616168  0.452662  0.706694  0.707761  0.708123  0.752354  0.687823  0.642311  0.648667  0.667134  0.369681  0.560739  0.454771  0.598061  0.726304  0.578136  0.601753  0.638566  0.724761  0.466658  0.704330  0.738883  0.589394  0.315052  0.361183  0.651864  0.552934  0.549712  0.608792  0.722765  0.671970  0.471473  0.643534  0.365128  0.667237  0.585146  0.565691  0.543756  0.742261  0.713847  0.681659  0.424441  0.536050  0.645401  0.812012  0.645899  0.560818  0.466709  0.680926  0.618486  0.646503  0.464851  0.396635  0.574094  0.455637  0.796754  0.378316  0.441343  0.165598  0.478205  0.679347  0.699543  0.565476  0.730454  0.441182  0.587762  0.540971  0.555979  0.649265  0.596374  0.754032  0.753463  0.668304  0.597672  0.696931  0.479749  0.555692  0.660752  0.727339  0.572534  0.623635  0.686086  0.663602  0.816320  0.623293  0.653704  0.592133  0.718627  0.656329  0.471408  0.548789  0.625913  0.506676  0.256485  0.547204  0.719402  0.474974  0.797593  0.680701  0.485695  0.711353  0.760762  0.431780  0.467353  0.619025  0.411379  0.519872  0.581563  0.656716  0.604379  0.508474  0.705339  0.582180  0.711675  0.683265  0.641459  0.461345  0.715369  0.516060  0.743582  0.796813  0.780020  0.401699  0.570041  0.614848  0.555740  0.648349 
5  0.634473  0.662018  0.693467  0.651002  0.673851 0.0  0.605713  0.747156  0.568683  0.798651  0.712866  0.744217  0.750482  0.612789  0.523088  0.691953  0.714664  0.473894  0.635889  0.317814  0.564478  0.695281  0.703278  0.618037  0.702665  0.558681  0.757373  0.784587  0.809756  0.683720  0.667631  0.715427  0.804576  0.782421  0.600695  0.647884  0.760002  0.597726  0.691969  0.581010  0.522796  0.508776  0.687562  0.633121  0.569383  0.643670  0.832679  0.676232  0.648266  0.755346  0.614973  0.694613  0.705401  0.642956  0.578569  0.814683  0.638661  0.453916  0.654098  0.793031  0.627279  0.738428  0.739991  0.858782  0.850594  0.691617  0.725775  0.585774  0.538651  0.575707  0.621908  0.545817  0.691076  0.540044  0.739065  0.656621  0.669397  0.473365  0.627428  0.566086  0.785867  0.710781  0.540364  0.726898  0.696729  0.754354  0.590893  0.798905  0.735265  0.708624  0.802724  0.782072  0.339933  0.567445  0.661904  0.141566  0.791039  0.629901  0.675623  0.690884  0.746451  0.651811  0.850488  0.734424  0.662979  0.876097  0.645037  0.636617  0.632398  0.695271  0.726516  0.500088  0.689045  0.581112  0.490743  0.615797  0.590791  0.374596  0.625961  0.592152  0.896454  0.603354  0.658987  0.596734  0.528293  0.725019  0.760426  0.420139  0.625066  0.663387  0.676559  0.588696  0.456192  0.573412  0.390077  0.629207  0.634623  0.435457  0.726309  0.672148  0.739536  0.685538  0.447014  0.681687  0.674562  0.692769 
6  0.292823  0.712866  0.563255  0.326383  0.518852  0.605713 0.0  0.618387  0.557976  0.742030  0.316356  0.580531  0.667015  0.685110  0.613270  0.609887  0.669781  0.766306  0.648231  0.586825  0.366329  0.721550  0.639380  0.787696  0.620857  0.777729  0.729852  0.731681  0.729565  0.430302  0.538779  0.460725  0.558184  0.756055  0.722139  0.580357  0.597526  0.675376  0.534705  0.647322  0.648956  0.557690  0.326762  0.314076  0.722425  0.450965  0.520648  0.316528  0.516280  0.836671  0.449735  0.658311  0.351085  0.658910  0.617098  0.669080  0.548540  0.742801  0.814425  0.687140  0.346674  0.523526  0.698697  0.857162  0.626239  0.042299  0.164113  0.690315  0.646382  0.635342  0.367083  0.526342  0.623132  0.514645  0.736059  0.391750  0.278758  0.364768  0.491208  0.788062  0.622339  0.641602  0.809962  0.360884  0.391195  0.453819  0.719211  0.687835  0.851134  0.623901  0.695301  0.798535  0.705051  0.702200  0.317275  0.695959  0.717420  0.681457  0.598088  0.600784  0.682525  0.693102  0.755922  0.584094  0.483196  0.693344  0.635468  0.700125  0.331998  0.522330  0.480132  0.325401  0.549069  0.672690  0.619322  0.605203  0.709093  0.706704  0.500881  0.761578  0.748393  0.376823  0.475231  0.685430  0.563088  0.638562  0.469536  0.655819  0.717006  0.386496  0.602479  0.506220  0.571667  0.720309  0.704671  0.507315  0.707007  0.657040  0.722986  0.647503  0.515497  0.485506  0.665163  0.467988  0.655607  0.614597 
7  0.683575  0.770841  0.788346  0.661600  0.637065  0.747156  0.618387 0.0  0.771148  0.475323  0.679929  0.563915  0.499320  0.754868  0.635108  0.558538  0.843020  0.786206  0.395841  0.686235  0.670712  0.785680  0.492094  0.678183  0.631262  0.769454  0.455904  0.388802  0.498960  0.649030  0.523334  0.626184  0.560505  0.712421  0.750361  0.546121  0.468997  0.727423  0.702440  0.755425  0.772150  0.727189  0.640586  0.594614  0.755418  0.709963  0.673328  0.633032  0.559783  0.538715  0.624415  0.505079  0.761444  0.377793  0.679938  0.451085  0.686822  0.710108  0.799310  0.336920  0.732215  0.750557  0.278007  0.865384  0.795592  0.610744  0.674267  0.679740  0.694097  0.682694  0.630789  0.697696  0.655808  0.732001  0.710658  0.715892  0.558763  0.623997  0.704862  0.778132  0.279099  0.286002  0.655256  0.504880  0.527084  0.610323  0.743477  0.347150  0.852329  0.566897  0.554554  0.496494  0.734354  0.653647  0.620167  0.751954  0.253997  0.858917  0.687023  0.368861  0.815187  0.081662  0.756114  0.613387  0.576663  0.291490  0.273505  0.780569  0.653476  0.672271  0.529781  0.627256  0.683072  0.710648  0.648542  0.575506  0.841530  0.653520  0.579117  0.816670  0.697632  0.639426  0.633058  0.761280  0.621972  0.593247  0.665524  0.659611  0.784515  0.719907  0.210623  0.835698  0.793985  0.784839  0.685528  0.713781  0.454434  0.695595  0.421227  0.878257  0.252335  0.599497  0.824510  0.746242  0.508997  0.699308 
8  0.547071  0.634319  0.631635  0.597080  0.597608  0.568683  0.557976  0.771148 0.0  0.818285  0.541004  0.641642  0.747127  0.643380  0.265613  0.585925  0.696858  0.546364  0.831480  0.598271  0.624856  0.591179  0.709529  0.635655  0.728258  0.680038  0.650150  0.622631  0.757351  0.604643  0.650962  0.672154  0.605098  0.866925  0.628839  0.755894  0.568815  0.605810  0.588436  0.746096  0.663190  0.561956  0.522201  0.588829  0.672109  0.673794  0.649272  0.635574  0.750916  0.646906  0.564788  0.753929  0.636452  0.729153  0.474486  0.769524  0.676034  0.599148  0.694021  0.689324  0.556610  0.519499  0.745496  0.849746  0.848054  0.558892  0.593322  0.548809  0.564911  0.564451  0.468220  0.543617  0.670135  0.404142  0.785072  0.560877  0.804571  0.646768  0.669469  0.523742  0.727969  0.687169  0.708381  0.538199  0.582905  0.498715  0.648572  0.720374  0.672531  0.765826  0.730678  0.527033  0.484176  0.677774  0.638314  0.514154  0.555956  0.631178  0.749285  0.544936  0.607649  0.649123  0.897018  0.721020  0.583094  0.694035  0.599038  0.729346  0.594834  0.586780  0.688384  0.483415  0.547310  0.368328  0.518166  0.645566  0.628210  0.591440  0.677569  0.636128  0.830942  0.657984  0.611537  0.621188  0.395185  0.611487  0.566718  0.568528  0.742608  0.492506  0.620687  0.661137  0.578465  0.632916  0.574984  0.461417  0.773676  0.398072  0.646166  0.715804  0.643039  0.570628  0.591437  0.586149  0.731405  0.621856 
9  0.763833  0.785929  0.767055  0.683703  0.671219  0.798651  0.742030  0.475323  0.818285 0.0  0.611620  0.501795  0.572843  0.793617  0.834264  0.546588  0.803134  0.934489  0.578606  0.709008  0.676560  0.808804  0.427174  0.699311  0.728467  0.751889  0.480200  0.405525  0.312349  0.770165  0.579931  0.625541  0.551069  0.857920  0.764028  0.684337  0.453911  0.758591  0.530396  0.702424  0.740255  0.675720  0.661908  0.658535  0.685525  0.720220  0.624687  0.565371  0.701090  0.559747  0.735048  0.607716  0.614177  0.284094  0.652025  0.345590  0.527046  0.860265  0.809973  0.461769  0.696484  0.626825  0.429611  0.819044  0.640624  0.702278  0.796888  0.772498  0.700587  0.726330  0.771102  0.618525  0.647620  0.756419  0.748272  0.844528  0.662955  0.666157  0.657902  0.779158  0.534794  0.457578  0.772460  0.721661  0.654330  0.632133  0.691000  0.498119  0.730077  0.723055  0.691615  0.355088  0.713230  0.771304  0.701094  0.669382  0.494013  0.733068  0.650986  0.485327  0.678285  0.419364  0.844822  0.608621  0.602614  0.526339  0.509400  0.793725  0.629247  0.740484  0.668423  0.680384  0.787962  0.753520  0.670849  0.563606  0.850365  0.738017  0.666537  0.710572  0.810082  0.589150  0.625007  0.729417  0.711430  0.688796  0.672287  0.745224  0.856277  0.589157  0.480829  0.581094  0.726900  0.693674  0.652067  0.678427  0.539899  0.807600  0.284651  0.825165  0.468578  0.735163  0.752481  0.721699  0.491195  0.776762 
10  0.310869  0.759859  0.679813  0.437661  0.454527  0.712866  0.316356  0.679929  0.541004  0.611620 0.0  0.544770  0.520249  0.679923  0.593700  0.586005  0.843878  0.639854  0.606502  0.634304  0.378816  0.601662  0.626758  0.630104  0.798619  0.762322  0.876215  0.601541  0.569414  0.535362  0.646394  0.526254  0.536800  0.723880  0.646008  0.638102  0.725348  0.736194  0.562663  0.795841  0.756467  0.653094  0.306543  0.387768  0.665025  0.462384  0.673687  0.436641  0.680113  0.685282  0.444102  0.525335  0.000000  0.751379  0.595559  0.688732  0.612990  0.709683  0.714710  0.761515  0.440868  0.505764  0.610876  0.764175  0.826614  0.465462  0.358847  0.651662  0.657142  0.669058  0.498567  0.466492  0.675100  0.570012  0.834627  0.022667  0.584668  0.315819  0.409020  0.703293  0.675737  0.666683  0.726716  0.403162  0.531268  0.584229  0.733798  0.646692  0.748012  0.551873  0.736495  0.642170  0.630112  0.652335  0.256397  0.674051  0.697980  0.674279  0.548703  0.580570  0.578270  0.754825  0.723866  0.621500  0.558972  0.722605  0.690574  0.781767  0.239511  0.389727  0.587508  0.595243  0.484998  0.552348  0.558845  0.518407  0.641036  0.603820  0.468444  0.822608  0.722461  0.360223  0.494867  0.667157  0.600161  0.619748  0.555715  0.597131  0.830995  0.530956  0.639126  0.474961  0.652281  0.592615  0.594443  0.461591  0.790032  0.588999  0.739073  0.727985  0.635264  0.331758  0.711549  0.752874  0.597881  0.645874 
11  0.642969  0.787532  0.823153  0.627802  0.603215  0.744217  0.580531  0.563915  0.641642  0.501795  0.544770 0.0  0.531651  0.700186  0.713590  0.549660  0.750044  0.727501  0.550444  0.663566  0.498374  0.723188  0.536452  0.737814  0.686590  0.717697  0.494241  0.672198  0.539429  0.583802  0.377525  0.504948  0.584375  0.781747  0.766831  0.438061  0.602004  0.762882  0.642220  0.807291  0.875712  0.667229  0.540423  0.602010  0.729581  0.585929  0.361694  0.622871  0.591819  0.700536  0.662630  0.260162  0.580170  0.616612  0.813169  0.517655  0.232056  0.710224  0.771969  0.584170  0.668944  0.708164  0.495185  0.757688  0.764586  0.738326  0.560586  0.720740  0.752614  0.808288  0.689214  0.513904  0.547322  0.610407  0.805185  0.607905  0.556890  0.617530  0.583282  0.725465  0.508992  0.461216  0.803743  0.625579  0.598409  0.528671  0.823537  0.495003  0.808428  0.741878  0.670290  0.601381  0.698542  0.672577  0.767666  0.809727  0.554910  0.811186  0.556268  0.460297  0.692558  0.584114  0.840360  0.594873  0.445289  0.537419  0.550770  0.860405  0.753576  0.529449  0.491745  0.413425  0.606042  0.751895  0.687145  0.562272  0.651383  0.568192  0.640489  0.670876  0.706294  0.658287  0.635733  0.791186  0.676046  0.480677  0.609230  0.691682  0.738611  0.539748  0.536523  0.591798  0.697942  0.672132  0.770242  0.665599  0.685109  0.647882  0.527118  0.726694  0.533285  0.610897  0.645712  0.645022  0.492439  0.753481 
12  0.615669  0.723367  0.760292  0.718533  0.591553  0.750482  0.667015  0.499320  0.747127  0.572843  0.520249  0.531651 0.0  0.846819  0.708422  0.593684  0.803500  0.758549  0.345463  0.672734  0.599233  0.737400  0.649914  0.784975  0.803320  0.784764  0.300851  0.538926  0.568938  0.708394  0.529343  0.635957  0.608325  0.777462  0.716093  0.568564  0.553986  0.770399  0.577966  0.754362  0.761858  0.747770  0.618830  0.642596  0.750312  0.668024  0.512847  0.630985  0.567600  0.655644  0.672494  0.568235  0.743013  0.511311  0.607328  0.436502  0.387759  0.767026  0.869340  0.331081  0.624052  0.660430  0.473928  0.804407  0.687277  0.676991  0.521249  0.808465  0.715332  0.881671  0.641353  0.531719  0.473562  0.649541  0.750638  0.665736  0.663300  0.644969  0.635399  0.744174  0.410477  0.569995  0.752577  0.621486  0.574655  0.630669  0.772903  0.554545  0.700408  0.607611  0.605049  0.602438  0.705810  0.697490  0.702747  0.745437  0.587404  0.802360  0.613842  0.538942  0.669336  0.546857  0.772162  0.550516  0.558690  0.464492  0.502369  0.760509  0.614419  0.668425  0.590773  0.673483  0.636109  0.646865  0.694694  0.654738  0.726717  0.756165  0.475382  0.658373  0.658760  0.660785  0.600293  0.718251  0.583099  0.573911  0.663727  0.791652  0.665318  0.686190  0.432600  0.679725  0.647377  0.693359  0.781424  0.669886  0.578919  0.667448  0.617401  0.712993  0.459548  0.641707  0.693373  0.716776  0.664781  0.745271 
13  0.791592  0.547392  0.568537  0.664344  0.677617  0.612789  0.685110  0.754868  0.643380  0.793617  0.679923  0.700186  0.846819 0.0  0.637197  0.680687  0.634224  0.580883  0.697128  0.651566  0.766113  0.575090  0.846904  0.711113  0.582003  0.523412  0.662623  0.748559  0.902205  0.716276  0.683566  0.624552  0.733378  0.735549  0.614739  0.724632  0.814971  0.592238  0.725622  0.530760  0.562630  0.610402  0.726703  0.720819  0.236464  0.702440  0.665222  0.836320  0.776935  0.690262  0.672752  0.649436  0.749385  0.694399  0.666714  0.726798  0.795371  0.605095  0.634008  0.781825  0.671453  0.733145  0.764224  0.841831  0.833913  0.747052  0.651353  0.524761  0.662531  0.654801  0.586021  0.704969  0.793711  0.686675  0.828697  0.716856  0.760152  0.785516  0.782552  0.477420  0.829673  0.731233  0.615424  0.645449  0.772029  0.762185  0.624275  0.760027  0.659936  0.847001  0.657150  0.755305  0.583671  0.671204  0.724452  0.533017  0.752133  0.591310  0.728842  0.603744  0.731736  0.755754  0.852444  0.791823  0.683205  0.744059  0.849453  0.701013  0.687578  0.741818  0.756276  0.739088  0.672304  0.709852  0.622146  0.754150  0.601985  0.681649  0.735671  0.620082  0.874890  0.769486  0.744627  0.510275  0.747996  0.789110  0.738678  0.750380  0.498805  0.739024  0.804931  0.699690  0.639238  0.733028  0.681852  0.657526  0.824731  0.714841  0.702544  0.668994  0.703865  0.657635  0.622268  0.663625  0.735468  0.658640 
14  0.546131  0.678925  0.667932  0.612439  0.617847  0.523088  0.613270  0.635108  0.265613  0.834264  0.593700  0.713590  0.708422  0.637197 0.0  0.563191  0.747443  0.674373  0.621214  0.528577  0.675631  0.592207  0.703170  0.633912  0.722497  0.640461  0.714649  0.700820  0.691361  0.661975  0.655750  0.618354  0.669341  0.826926  0.585560  0.683139  0.700359  0.703577  0.622393  0.665868  0.736953  0.360224  0.608559  0.619854  0.635781  0.628340  0.718146  0.575612  0.726089  0.758645  0.630587  0.628698  0.617673  0.882377  0.569173  0.734600  0.612412  0.670149  0.746842  0.677573  0.637845  0.600308  0.718370  0.902934  0.745259  0.554233  0.579137  0.574411  0.680796  0.594501  0.436707  0.639199  0.693163  0.394497  0.854291  0.575423  0.547706  0.627075  0.653976  0.570122  0.563004  0.721263  0.616406  0.630178  0.549203  0.644305  0.701544  0.783392  0.713938  0.791356  0.657670  0.633157  0.476096  0.500374  0.649048  0.404613  0.708265  0.744268  0.673958  0.690654  0.617549  0.697073  0.861154  0.658784  0.669724  0.692101  0.704005  0.707865  0.553165  0.658920  0.676378  0.661740  0.568789  0.478640  0.530588  0.660711  0.652321  0.583080  0.668158  0.645801  0.865631  0.630182  0.713681  0.590823  0.449464  0.644692  0.644095  0.460080  0.653212  0.611187  0.752360  0.579189  0.506543  0.564265  0.618657  0.542021  0.710012  0.589522  0.630307  0.714624  0.718275  0.519376  0.609200  0.613247  0.717606  0.579457 
15  0.581219  0.726954  0.651395  0.479795  0.476449  0.691953  0.609887  0.558538  0.585925  0.546588  0.586005  0.549660  0.593684  0.680687  0.563191 0.0  0.676467  0.680512  0.531478  0.677864  0.499061  0.674828  0.636738  0.701074  0.738941  0.720774  0.700757  0.600644  0.599044  0.594468  0.370935  0.507720  0.321366  0.779222  0.740476  0.307545  0.600703  0.780975  0.497644  0.723278  0.668217  0.596637  0.506699  0.476215  0.661657  0.576348  0.503347  0.497498  0.573719  0.641142  0.508357  0.470823  0.614789  0.681021  0.729683  0.639565  0.484469  0.815497  0.687056  0.638944  0.592301  0.574633  0.559310  0.878663  0.687794  0.502560  0.464724  0.729558  0.783724  0.660358  0.485341  0.513213  0.560074  0.729765  0.788340  0.605182  0.502393  0.536709  0.563733  0.765227  0.596705  0.690702  0.783031  0.507369  0.462347  0.436444  0.614468  0.584560  0.727811  0.751333  0.667352  0.511299  0.679512  0.673356  0.569207  0.664389  0.637600  0.685766  0.530664  0.627528  0.586063  0.537242  0.865834  0.595533  0.401629  0.618705  0.661382  0.723122  0.585636  0.499199  0.388303  0.538680  0.528385  0.633923  0.641556  0.591037  0.753277  0.737271  0.216416  0.746181  0.708418  0.465449  0.561460  0.714301  0.677980  0.258866  0.636408  0.814454  0.749595  0.446807  0.637642  0.484740  0.763873  0.560274  0.603401  0.610256  0.717257  0.692191  0.593781  0.669027  0.644921  0.572758  0.655610  0.570005  0.663141  0.673335 
16  0.748497  0.663412  0.668962  0.845201  0.787625  0.714664  0.669781  0.843020  0.696858  0.803134  0.843878  0.750044  0.803500  0.634224  0.747443  0.676467 0.0  0.582800  0.759098  0.613072  0.683170  0.647473  0.835710  0.825965  0.729229  0.721217  0.807237  0.788893  0.786271  0.791912  0.743444  0.742413  0.772341  0.771244  0.695984  0.879868  0.792921  0.598720  0.801373  0.705612  0.489345  0.717697  0.775264  0.729235  0.609730  0.741106  0.870234  0.696441  0.737387  0.687753  0.749737  0.749864  0.826507  0.773958  0.737285  0.792458  0.790697  0.683409  0.629719  0.874918  0.693555  0.731967  0.716114  0.819226  0.838222  0.776230  0.811895  0.621752  0.624951  0.653458  0.805334  0.881594  0.833206  0.766230  0.825059  0.688304  0.706914  0.758137  0.761916  0.653466  0.742243  0.782849  0.666521  0.651966  0.758903  0.706875  0.697149  0.731484  0.480677  0.751216  0.875400  0.793430  0.654571  0.649870  0.784486  0.576908  0.864841  0.722645  0.810227  0.835286  0.761632  0.786845  0.870800  0.852939  0.768299  0.760615  0.760769  0.709809  0.722856  0.685876  0.651834  0.635481  0.769693  0.758533  0.760173  0.805689  0.632292  0.651931  0.701443  0.627194  0.859282  0.719409  0.822543  0.565433  0.850440  0.714976  0.800566  0.621039  0.635381  0.765935  0.754674  0.684006  0.615260  0.732852  0.728286  0.716440  0.783984  0.676571  0.681835  0.498436  0.866134  0.767729  0.655151  0.763094  0.810581  0.695169 
17  0.580452  0.680511  0.719046  0.666704  0.663515  0.473894  0.766306  0.786206  0.546364  0.934489  0.639854  0.727501  0.758549  0.580883  0.674373  0.680512  0.582800 0.0  0.868022  0.514116  0.738313  0.577121  0.872663  0.786186  0.595853  0.625498  0.799615  0.852828  0.857892  0.715095  0.640346  0.789353  0.767624  0.818703  0.617771  0.645293  0.749173  0.590965  0.749531  0.683091  0.521489  0.711882  0.724128  0.692789  0.605411  0.699017  0.707010  0.766177  0.717163  0.796915  0.702248  0.707371  0.577870  0.832619  0.503546  0.792114  0.744642  0.523149  0.665186  0.821962  0.749061  0.660782  0.749792  0.831638  0.831673  0.630517  0.736147  0.674092  0.450092  0.432048  0.672674  0.655864  0.696428  0.725275  0.733614  0.629133  0.634850  0.735235  0.675479  0.593789  0.669370  0.844840  0.438242  0.657094  0.724059  0.761716  0.464603  0.715817  0.587019  0.698729  0.796796  0.801057  0.575535  0.627458  0.624152  0.505239  0.726470  0.568294  0.743370  0.644329  0.675852  0.772795  0.931586  0.786220  0.731694  0.795733  0.703701  0.693961  0.597060  0.742565  0.737289  0.547971  0.558673  0.635061  0.586801  0.690650  0.610542  0.692671  0.708124  0.687403  0.820067  0.685891  0.766243  0.548753  0.789748  0.622496  0.655228  0.523961  0.632254  0.685133  0.760459  0.646667  0.366738  0.530497  0.449813  0.693289  0.778647  0.687842  0.677794  0.590131  0.690595  0.664727  0.512024  0.695915  0.834304  0.628680 
18  0.808295  0.763584  0.704230  0.719094  0.639303  0.635889  0.648231  0.395841  0.831480  0.578606  0.606502  0.550444  0.345463  0.697128  0.621214  0.531478  0.759098  0.868022 0.0  0.720213  0.612517  0.729259  0.586498  0.699996  0.824045  0.837379  0.386418  0.540568  0.596813  0.700450  0.517344  0.595851  0.529381  0.761500  0.710495  0.501728  0.555994  0.807273  0.576477  0.709126  0.764505  0.696193  0.683068  0.605882  0.727306  0.692482  0.560579  0.592669  0.622573  0.612901  0.608718  0.523248  0.620951  0.554495  0.673528  0.492143  0.514597  0.736006  0.777602  0.422442  0.544106  0.663493  0.440111  0.731179  0.545100  0.671820  0.553905  0.571824  0.727571  0.720522  0.674474  0.628718  0.723690  0.520247  0.770284  0.487901  0.520527  0.666212  0.685440  0.688010  0.510771  0.519591  0.784945  0.658359  0.695663  0.551744  0.697950  0.553435  0.688398  0.618740  0.681338  0.621584  0.734953  0.672859  0.627714  0.690959  0.448957  0.800995  0.693599  0.392551  0.661188  0.501712  0.753766  0.544265  0.599401  0.349165  0.457504  0.709626  0.707921  0.656204  0.558418  0.614231  0.703966  0.674097  0.702822  0.602397  0.818139  0.789979  0.706146  0.703037  0.754360  0.617427  0.605950  0.758945  0.666094  0.619119  0.605877  0.640426  0.703429  0.475841  0.492949  0.686646  0.767002  0.655583  0.737404  0.656687  0.600161  0.772410  0.482700  0.768440  0.526930  0.658177  0.618510  0.768148  0.619765  0.695344 
19  0.696616  0.745779  0.587459  0.708790  0.616168  0.317814  0.586825  0.686235  0.598271  0.709008  0.634304  0.663566  0.672734  0.651566  0.528577  0.677864  0.613072  0.514116  0.720213 0.0  0.588286  0.668030  0.725266  0.810783  0.692653  0.703551  0.708452  0.736401  0.771457  0.568850  0.644698  0.610928  0.753502  0.837038  0.670873  0.750088  0.759521  0.565341  0.739076  0.678969  0.585674  0.492728  0.654007  0.675235  0.673283  0.668464  0.714509  0.662938  0.698524  0.805460  0.674317  0.706158  0.630561  0.802669  0.355797  0.743506  0.695133  0.532271  0.667632  0.708063  0.652236  0.639163  0.775615  0.749618  0.764353  0.670594  0.677402  0.564060  0.411718  0.500170  0.706303  0.591038  0.693947  0.447618  0.716322  0.656195  0.651259  0.532076  0.722355  0.473057  0.825764  0.758414  0.620482  0.735049  0.755974  0.655653  0.572567  0.809271  0.723256  0.720976  0.781137  0.835162  0.294787  0.574424  0.578674  0.381871  0.610681  0.571859  0.794407  0.733805  0.617219  0.760442  0.887433  0.723056  0.760252  0.851978  0.628931  0.725040  0.581284  0.670038  0.684816  0.677322  0.615643  0.510319  0.592496  0.646001  0.699755  0.396710  0.733553  0.631965  0.722985  0.480043  0.538502  0.550608  0.528670  0.601630  0.721759  0.422765  0.599762  0.635874  0.761657  0.700514  0.464865  0.572856  0.393129  0.593558  0.793352  0.672190  0.777959  0.737000  0.800806  0.684170  0.381869  0.598178  0.777388  0.607490 
20  0.553470  0.672055  0.734150  0.320563  0.452662  0.564478  0.366329  0.670712  0.624856  0.676560  0.378816  0.498374  0.599233  0.766113  0.675631  0.499061  0.683170  0.738313  0.612517  0.588286 0.0  0.654568  0.692754  0.631655  0.654005  0.758121  0.615638  0.656996  0.757817  0.454578  0.588061  0.436750  0.565698  0.751648  0.661153  0.561114  0.733828  0.706576  0.579306  0.802882  0.705485  0.650612  0.419663  0.400436  0.761385  0.561112  0.616233  0.190013  0.582645  0.681621  0.388271  0.627258  0.556005  0.746545  0.602686  0.823966  0.625349  0.631431  0.692327  0.556711  0.459301  0.478075  0.566833  0.901615  0.738843  0.310475  0.254102  0.718086  0.692457  0.699492  0.414605  0.532062  0.612388  0.607423  0.779689  0.385970  0.445776  0.493540  0.373096  0.714538  0.614467  0.756360  0.826042  0.335285  0.374610  0.406568  0.608020  0.636745  0.739352  0.828251  0.694924  0.690440  0.691313  0.650671  0.469452  0.660866  0.689643  0.800845  0.573125  0.666084  0.640978  0.581660  0.731437  0.635368  0.515386  0.665560  0.656618  0.803423  0.381645  0.415835  0.548978  0.437975  0.578443  0.564660  0.638400  0.620999  0.748020  0.614647  0.548756  0.674052  0.765871  0.487832  0.558367  0.598161  0.607017  0.536015  0.410686  0.655153  0.662720  0.330685  0.642264  0.364301  0.646990  0.662914  0.596340  0.596329  0.725952  0.614247  0.589063  0.745884  0.689865  0.461519  0.666065  0.621716  0.615755  0.580272 
21  0.806482  0.559460  0.577309  0.720041  0.706694  0.695281  0.721550  0.785680  0.591179  0.808804  0.601662  0.723188  0.737400  0.575090  0.592207  0.674828  0.647473  0.577121  0.729259  0.668030  0.654568 0.0  0.769564  0.634799  0.516826  0.529765  0.763053  0.826967  0.789606  0.681016  0.773628  0.678053  0.682655  0.769366  0.280419  0.750386  0.762021  0.545991  0.648573  0.536251  0.596386  0.655595  0.617876  0.599153  0.601215  0.576500  0.773448  0.762433  0.695389  0.750771  0.586069  0.696959  0.611916  0.774730  0.644513  0.741370  0.686384  0.654884  0.634863  0.740101  0.696600  0.624777  0.743391  0.739399  0.793997  0.715257  0.724068  0.305370  0.680517  0.616969  0.624906  0.556024  0.825021  0.628274  0.719182  0.636815  0.605625  0.611301  0.604864  0.393175  0.718319  0.693291  0.517969  0.665454  0.676015  0.816254  0.650012  0.779695  0.622744  0.708745  0.848722  0.716494  0.612240  0.510440  0.769731  0.598182  0.669320  0.514111  0.813758  0.768089  0.570125  0.806115  0.871157  0.780799  0.649373  0.698471  0.746214  0.623399  0.728028  0.573212  0.676139  0.626538  0.707488  0.623768  0.601057  0.754222  0.701826  0.610385  0.669011  0.518055  0.864908  0.763586  0.626375  0.427006  0.719442  0.674033  0.871883  0.597608  0.537842  0.726321  0.690319  0.662060  0.672508  0.548946  0.609704  0.627627  0.692260  0.515637  0.855762  0.795908  0.810106  0.648359  0.522249  0.668799  0.659590  0.661934 
22  0.653936  0.770237  0.765768  0.683138  0.707761  0.703278  0.639380  0.492094  0.709529  0.427174  0.626758  0.536452  0.649914  0.846904  0.703170  0.636738  0.835710  0.872663  0.586498  0.725266  0.692754  0.769564 0.0  0.692864  0.740708  0.652537  0.393740  0.555699  0.523613  0.654627  0.521319  0.631548  0.719714  0.719246  0.603129  0.594020  0.329561  0.747564  0.581847  0.726261  0.734451  0.704954  0.587766  0.770482  0.792589  0.748178  0.686116  0.669008  0.669042  0.707947  0.708829  0.587163  0.683111  0.400505  0.742185  0.487833  0.538209  0.776631  0.791230  0.568349  0.703254  0.580897  0.528913  0.869778  0.560911  0.615319  0.584591  0.709456  0.687524  0.653768  0.691921  0.531403  0.733074  0.704180  0.727093  0.609536  0.683048  0.587884  0.830485  0.749369  0.553150  0.344318  0.799132  0.524652  0.607874  0.761445  0.859207  0.517264  0.736178  0.663195  0.573467  0.417595  0.634467  0.751131  0.619754  0.724302  0.486764  0.703370  0.705732  0.525649  0.665666  0.532444  0.891136  0.555068  0.462459  0.402425  0.498461  0.833634  0.681646  0.597502  0.554888  0.631889  0.662338  0.710391  0.590266  0.662580  0.761065  0.742799  0.642037  0.755689  0.687684  0.641655  0.664041  0.740479  0.680364  0.639035  0.619147  0.717661  0.757658  0.710344  0.509785  0.642565  0.563173  0.741726  0.698587  0.686918  0.537618  0.792405  0.436229  0.859870  0.473910  0.686441  0.665056  0.676686  0.214357  0.669914 
23  0.589807  0.792069  0.671645  0.609118  0.708123  0.618037  0.787696  0.678183  0.635655  0.699311  0.630104  0.737814  0.784975  0.711113  0.633912  0.701074  0.825965  0.786186  0.699996  0.810783  0.631655  0.634799  0.692864 0.0  0.755208  0.724765  0.731523  0.807537  0.810629  0.727282  0.661032  0.731379  0.736622  0.788579  0.653701  0.593816  0.757158  0.616648  0.693337  0.630513  0.697279  0.679949  0.761225  0.589739  0.639977  0.662792  0.675766  0.527311  0.630820  0.634053  0.592415  0.680880  0.527657  0.740903  0.600918  0.707371  0.653899  0.677315  0.810983  0.681075  0.587672  0.575597  0.671604  0.872921  0.794041  0.666662  0.627807  0.621182  0.706494  0.858576  0.576106  0.634314  0.638827  0.621713  0.757165  0.636002  0.725451  0.633992  0.633814  0.707741  0.691342  0.648924  0.689014  0.749051  0.581264  0.670282  0.770323  0.706344  0.738664  0.751299  0.716111  0.806368  0.718921  0.507962  0.614243  0.553723  0.771624  0.795435  0.633071  0.764280  0.487618  0.767919  0.821867  0.836390  0.588362  0.742112  0.749984  0.556387  0.685562  0.725114  0.777902  0.656828  0.733823  0.695021  0.576965  0.648959  0.801934  0.667557  0.664266  0.678492  0.778202  0.533615  0.594192  0.616925  0.634969  0.664979  0.612549  0.680722  0.599525  0.540254  0.714982  0.709757  0.685117  0.708523  0.701171  0.565714  0.794853  0.514542  0.745478  0.882268  0.829025  0.650363  0.645805  0.571818  0.743264  0.532565 
24  0.710777  0.634433  0.722579  0.672000  0.752354  0.702665  0.620857  0.631262  0.728258  0.728467  0.798619  0.686590  0.803320  0.582003  0.722497  0.738941  0.729229  0.595853  0.824045  0.692653  0.654005  0.516826  0.740708  0.755208 0.0  0.476963  0.883005  0.748710  0.775282  0.702492  0.824199  0.691366  0.729301  0.827092  0.621751  0.872056  0.805019  0.611254  0.708909  0.560671  0.525661  0.589558  0.775296  0.709050  0.681626  0.754910  0.823481  0.745485  0.736562  0.793136  0.781492  0.743659  0.789621  0.875064  0.702110  0.814573  0.816328  0.745252  0.607846  0.912480  0.839125  0.635416  0.702086  0.765184  0.783169  0.682638  0.639232  0.656164  0.620111  0.637308  0.722107  0.816437  0.675258  0.675741  0.939897  0.743319  0.739581  0.715288  0.795548  0.721989  0.739765  0.838884  0.664244  0.799733  0.795346  0.877758  0.683300  0.717132  0.621381  0.832095  0.862372  0.816155  0.569224  0.666303  0.717249  0.612895  0.857813  0.569271  0.769515  0.699162  0.742875  0.676867  0.866494  0.814371  0.695857  0.803073  0.747379  0.619845  0.813671  0.689926  0.785250  0.754142  0.771367  0.550592  0.676055  0.700832  0.489508  0.628417  0.673605  0.687913  0.964186  0.798626  0.677510  0.626313  0.683708  0.700036  0.713997  0.614627  0.613869  0.795273  0.772797  0.807467  0.653858  0.725085  0.639289  0.708181  0.848498  0.742143  0.710777  0.587161  0.820351  0.784394  0.587148  0.767132  0.782829  0.732492 
25  0.698558  0.595180  0.564750  0.668133  0.687823  0.558681  0.777729  0.769454  0.680038  0.751889  0.762322  0.717697  0.784764  0.523412  0.640461  0.720774  0.721217  0.625498  0.837379  0.703551  0.758121  0.529765  0.652537  0.724765  0.476963 0.0  0.724282  0.883861  0.722332  0.750522  0.770506  0.698043  0.742380  0.751308  0.552613  0.816050  0.755915  0.591102  0.691395  0.579231  0.610989  0.683769  0.725386  0.845621  0.546507  0.678267  0.755946  0.783222  0.782919  0.823135  0.658098  0.857843  0.656230  0.700062  0.620087  0.799229  0.746155  0.605950  0.599485  0.939536  0.639301  0.767495  0.863233  0.710917  0.831444  0.849413  0.810238  0.603746  0.670905  0.674028  0.733676  0.901514  0.817069  0.669058  0.797764  0.782660  0.714130  0.742265  0.810543  0.650299  0.763358  0.677706  0.575217  0.740125  0.786863  0.775517  0.652094  0.927018  0.573504  0.739619  0.841007  0.773194  0.574452  0.727870  0.773337  0.722950  0.807138  0.717613  0.743590  0.717210  0.755604  0.753834  0.928672  0.777184  0.740634  0.830126  0.768659  0.587859  0.697616  0.658516  0.807760  0.781754  0.688311  0.818094  0.645728  0.734680  0.664633  0.655889  0.801023  0.561596  0.911161  0.751072  0.786683  0.632230  0.732411  0.681317  0.671995  0.694728  0.598891  0.710594  0.752204  0.707969  0.644758  0.580215  0.684545  0.690447  0.734681  0.631052  0.749839  0.576471  0.846982  0.719155  0.508548  0.613468  0.818027  0.581739 
26  0.856051  0.720689  0.776805  0.677781  0.642311  0.757373  0.729852  0.455904  0.650150  0.480200  0.876215  0.494241  0.300851  0.662623  0.714649  0.700757  0.807237  0.799615  0.386418  0.708452  0.615638  0.763053  0.393740  0.731523  0.883005  0.724282 0.0  0.440050  0.433195  0.586042  0.576386  0.612013  0.675239  0.801944  0.855252  0.587612  0.407287  0.751155  0.591128  0.803347  0.776817  0.728416  0.616128  0.759863  0.756384  0.739097  0.540616  0.635548  0.609050  0.664712  0.683494  0.514943  0.658800  0.410390  0.795659  0.412415  0.591100  0.724789  0.848518  0.320287  0.567616  0.620735  0.385310  0.931337  0.659632  0.709642  0.605531  0.681498  0.723196  0.763964  0.663348  0.526895  0.625062  0.689557  0.668192  0.679950  0.620772  0.716416  0.716324  0.652004  0.456939  0.035995  0.743897  0.755153  0.613276  0.675481  0.727015  0.252287  0.789858  0.603753  0.567125  0.446633  0.724909  0.830176  0.646384  0.796604  0.378552  0.875654  0.673519  0.275438  0.699859  0.426700  0.864540  0.616979  0.649254  0.362044  0.338232  0.756607  0.655922  0.545613  0.643754  0.635821  0.721778  0.683180  0.678861  0.667763  0.795859  0.513607  0.555062  0.596563  0.678468  0.648640  0.635803  0.629774  0.686598  0.684542  0.525631  0.652842  0.725527  0.684937  0.385100  0.706742  0.768804  0.746783  0.773848  0.650386  0.524399  0.814592  0.335089  0.726404  0.348547  0.681620  0.681470  0.830471  0.531920  0.682051 
