146
0 0.0  0.604110  0.598375  0.263651  0.414504  0.552280  0.389535  0.616423  0.545071  0.669592  0.265464  0.535793  0.545910  0.612285  0.518144  0.381917  0.640234  0.592410  0.596888  0.605994  0.305391  0.541071  0.518102  0.659496  0.691079  0.655990  0.587011  0.615336  0.659021  0.498136  0.515023  0.499913  0.564280  0.696628  0.612836  0.616642  0.690972  0.711141  0.410201  0.522037  0.693595  0.557023  0.291223  0.395383  0.651742  0.424919  0.566062  0.389413  0.639332  0.568818  0.371240  0.549308  0.280256  0.506549  0.645720  0.623489  0.484555  0.474391  0.726806  0.722389  0.407583  0.478227  0.618610  0.895546  0.691536  0.366311  0.359480  0.625352  0.645736  0.670416  0.326231  0.390822  0.624801  0.578492  0.774753  0.262374  0.387542  0.357554  0.533271  0.562029  0.605493  0.666323  0.686533  0.444118  0.409081  0.474442  0.694111  0.693555  0.840483  0.709785  0.688588  0.685820  0.423054  0.581083  0.218297  0.643365  0.688810  0.600208  0.627490  0.655189  0.562844  0.664990  0.750847  0.704146  0.655490  0.663191  0.582019  0.614419  0.225423  0.474425  0.459148  0.478465  0.404173  0.509370  0.599137  0.522357  0.677953  0.650222  0.553865  0.652564  0.693751  0.234742  0.505949  0.636253  0.446985  0.495342  0.434984  0.549069  0.724621  0.435367  0.541574  0.444241  0.624940  0.603924  0.560047  0.369740  0.658638  0.717426  0.726947  0.770478  0.589081  0.436719  0.665274  0.573511  0.543405  0.572611 
1  0.604110 0.0  0.174242  0.545192  0.597044  0.507971  0.676484  0.754901  0.587738  0.783690  0.707405  0.668260  0.669674  0.643610  0.524704  0.679332  0.700037  0.653725  0.751714  0.608550  0.674162  0.469281  0.767401  0.449729  0.738098  0.470155  0.713758  0.634636  0.836619  0.593133  0.660420  0.662239  0.711630  0.791721  0.587367  0.628585  0.702417  0.607327  0.655483  0.344132  0.634106  0.563888  0.542946  0.626220  0.538754  0.581143  0.638849  0.636312  0.769907  0.767660  0.588344  0.687210  0.603288  0.685189  0.684048  0.791863  0.746451  0.619131  0.626364  0.674097  0.620575  0.627596  0.705859  0.712758  0.777698  0.607659  0.582362  0.574422  0.679370  0.609935  0.681708  0.650727  0.688705  0.701622  0.796457  0.596145  0.758864  0.703490  0.677773  0.532373  0.701607  0.850021  0.667061  0.704354  0.649289  0.703905  0.635996  0.742111  0.665031  0.725194  0.772448  0.668158  0.651619  0.555637  0.609962  0.634551  0.694521  0.318531  0.684006  0.675137  0.547628  0.755942  0.724680  0.651060  0.691458  0.588841  0.736840  0.409258  0.653407  0.658472  0.665876  0.660052  0.695657  0.534098  0.594876  0.747790  0.686725  0.649721  0.711858  0.490782  0.692742  0.616993  0.662296  0.591830  0.673416  0.578019  0.662212  0.548304  0.558878  0.620589  0.724170  0.708206  0.591875  0.598794  0.612200  0.709794  0.683027  0.535247  0.727145  0.592574  0.696189  0.597361  0.521204  0.560874  0.660895  0.625729 
2  0.598375  0.174242 0.0  0.599834  0.669110  0.567595  0.637207  0.674979  0.633703  0.814954  0.690061  0.711327  0.676572  0.511306  0.556293  0.717282  0.633410  0.547080  0.638686  0.611735  0.592003  0.522317  0.692903  0.615172  0.630434  0.594849  0.658393  0.708942  0.790481  0.700385  0.704710  0.617338  0.656164  0.806803  0.498863  0.762361  0.731588  0.646869  0.694967  0.386030  0.589041  0.736697  0.676854  0.645033  0.559217  0.607028  0.552260  0.612192  0.627479  0.825333  0.638728  0.668945  0.525490  0.655807  0.696674  0.677191  0.706820  0.689399  0.622241  0.653090  0.651076  0.679122  0.718414  0.770604  0.630869  0.717765  0.653259  0.517137  0.630364  0.509224  0.615723  0.661827  0.632241  0.647225  0.796664  0.735922  0.759258  0.687407  0.650777  0.450112  0.662681  0.636974  0.561863  0.599819  0.647442  0.661612  0.633782  0.759993  0.553642  0.754108  0.698542  0.727576  0.534126  0.570315  0.657966  0.645991  0.700075  0.316559  0.797884  0.668951  0.562001  0.710300  0.867089  0.717583  0.698854  0.741095  0.751658  0.424787  0.550854  0.651471  0.662359  0.717892  0.649704  0.579901  0.522973  0.671665  0.649991  0.558018  0.678011  0.390795  0.865310  0.611592  0.666165  0.549705  0.542418  0.692564  0.700940  0.661721  0.569592  0.651079  0.728003  0.601400  0.615870  0.557414  0.676002  0.571587  0.731600  0.584316  0.727705  0.592640  0.743061  0.695532  0.634048  0.513405  0.833709  0.429429 
3  0.263651  0.545192  0.599834 0.0  0.385257  0.626268  0.295705  0.517820  0.530386  0.706151  0.271478  0.659791  0.623361  0.656928  0.559298  0.472371  0.690985  0.560876  0.631274  0.624755  0.438039  0.556035  0.648736  0.649310  0.814504  0.691082  0.666186  0.622104  0.610577  0.383049  0.652287  0.433984  0.537008  0.636317  0.591980  0.420744  0.562309  0.750261  0.503929  0.620507  0.632906  0.546070  0.386650  0.294570  0.658810  0.374092  0.547198  0.341063  0.470732  0.621653  0.462802  0.581949  0.135143  0.594183  0.709414  0.528692  0.640347  0.596661  0.686728  0.656552  0.434260  0.463728  0.619164  0.812327  0.611746  0.351876  0.372477  0.594766  0.689294  0.607564  0.311801  0.507157  0.478169  0.597379  0.709986  0.298634  0.423145  0.436372  0.479037  0.619663  0.625409  0.570230  0.674803  0.423209  0.461745  0.492955  0.619843  0.686462  0.761931  0.724580  0.718158  0.623977  0.662266  0.617933  0.308461  0.475895  0.652968  0.745043  0.642027  0.687318  0.572212  0.606283  0.773186  0.656658  0.574874  0.635831  0.536692  0.681861  0.254721  0.504636  0.572079  0.441549  0.398320  0.572807  0.643344  0.471883  0.657288  0.675466  0.426503  0.612639  0.693859  0.332037  0.386111  0.684047  0.537333  0.458700  0.440725  0.610455  0.588735  0.451004  0.575190  0.315062  0.592192  0.551410  0.621432  0.420429  0.722966  0.566111  0.658318  0.627516  0.639369  0.407955  0.575819  0.604934  0.647684  0.529744 
4  0.414504  0.597044  0.669110  0.385257 0.0  0.624732  0.383232  0.528073  0.592820  0.563701  0.460502  0.525093  0.542288  0.686273  0.634657  0.514356  0.816856  0.586007  0.505548  0.612432  0.444283  0.595287  0.575429  0.585814  0.683244  0.766633  0.559038  0.700544  0.609331  0.421204  0.443016  0.472400  0.485359  0.700411  0.651085  0.480070  0.594396  0.624146  0.394938  0.806139  0.656437  0.617880  0.338726  0.316205  0.701239  0.531313  0.390843  0.411210  0.551093  0.631156  0.495195  0.646958  0.365710  0.549943  0.572501  0.569728  0.608895  0.677985  0.643207  0.602082  0.427786  0.450482  0.643706  0.687674  0.633375  0.460168  0.339193  0.565597  0.662171  0.705851  0.483180  0.434769  0.559544  0.609635  0.742686  0.270313  0.360760  0.147360  0.544118  0.633460  0.626035  0.523194  0.635550  0.416945  0.443516  0.450850  0.584610  0.542402  0.717463  0.639777  0.685224  0.599843  0.611702  0.626511  0.485171  0.653204  0.537780  0.704865  0.687040  0.630978  0.541475  0.606193  0.771756  0.660259  0.473066  0.567561  0.662310  0.811830  0.333619  0.472309  0.525618  0.469100  0.352027  0.581636  0.614970  0.534261  0.710180  0.576903  0.446650  0.646658  0.641353  0.330432  0.451734  0.601182  0.485497  0.442400  0.640469  0.594751  0.659645  0.509175  0.652184  0.509616  0.484716  0.640103  0.612695  0.540432  0.672267  0.536566  0.561300  0.713863  0.580318  0.395113  0.576108  0.569216  0.575593  0.560176 
5  0.552280  0.507971  0.567595  0.626268  0.624732 0.0  0.681632  0.596066  0.481272  0.743996  0.594726  0.585265  0.651297  0.560654  0.451488  0.612875  0.670255  0.392863  0.642236  0.232982  0.574548  0.627055  0.638050  0.659238  0.566802  0.665637  0.672373  0.659385  0.709621  0.517211  0.679156  0.654179  0.651111  0.887709  0.564123  0.623512  0.722805  0.563692  0.504838  0.584173  0.535128  0.386052  0.635737  0.629979  0.584161  0.620660  0.593628  0.598065  0.661648  0.739854  0.540115  0.687104  0.636653  0.628388  0.470587  0.598639  0.601351  0.550610  0.615893  0.613164  0.505191  0.510322  0.734547  0.756069  0.679515  0.560989  0.693774  0.498724  0.377412  0.436334  0.647440  0.576210  0.740177  0.573930  0.726548  0.612270  0.541456  0.525949  0.520853  0.542965  0.643023  0.719722  0.531533  0.603840  0.610986  0.603502  0.528834  0.509496  0.603572  0.755299  0.699081  0.673549  0.260653  0.452437  0.543587  0.140554  0.620476  0.591111  0.639750  0.661283  0.553441  0.649961  0.733285  0.642367  0.571338  0.651448  0.628066  0.607445  0.597536  0.645460  0.634989  0.616941  0.661068  0.590351  0.542699  0.667923  0.648731  0.335844  0.592399  0.564653  0.737319  0.555321  0.509773  0.448795  0.620464  0.675121  0.602132  0.289002  0.593990  0.578712  0.616176  0.680845  0.525081  0.444161  0.425757  0.627947  0.774500  0.626545  0.772013  0.706542  0.716877  0.535883  0.458229  0.559582  0.597769  0.555295 
6  0.389535  0.676484  0.637207  0.295705  0.383232  0.681632 0.0  0.563850  0.568045  0.679851  0.354597  0.552854  0.553262  0.675831  0.581603  0.427988  0.614972  0.651705  0.610301  0.605653  0.348288  0.724713  0.662182  0.628148  0.704583  0.641567  0.611791  0.705569  0.563994  0.424692  0.506605  0.357856  0.502634  0.737788  0.693364  0.509523  0.648018  0.619414  0.392340  0.645027  0.574580  0.602632  0.248335  0.228404  0.688027  0.393034  0.543329  0.205567  0.514723  0.544073  0.526661  0.550268  0.300394  0.676388  0.584091  0.640482  0.595205  0.671781  0.669899  0.687131  0.302323  0.431779  0.551878  0.610617  0.669869  0.075936  0.195739  0.539917  0.611670  0.583056  0.479566  0.405769  0.599738  0.503247  0.701750  0.265955  0.293550  0.319832  0.462135  0.659225  0.580934  0.600570  0.769891  0.368052  0.402332  0.401328  0.580737  0.645014  0.635581  0.678708  0.697492  0.620821  0.441788  0.551822  0.354483  0.680988  0.561240  0.637857  0.551818  0.630186  0.566749  0.624172  0.720209  0.572111  0.585727  0.560506  0.629135  0.680083  0.242291  0.327476  0.504977  0.442786  0.444131  0.593380  0.561088  0.542615  0.640687  0.561786  0.482542  0.731756  0.633360  0.373137  0.475987  0.620293  0.477334  0.525412  0.414441  0.618384  0.582468  0.359317  0.570706  0.485172  0.555908  0.698488  0.612968  0.429812  0.665240  0.535480  0.574452  0.663530  0.674310  0.438173  0.577615  0.607839  0.607084  0.614725 
7  0.616423  0.754901  0.674979  0.517820  0.528073  0.596066  0.563850 0.0  0.576395  0.430927  0.677245  0.493788  0.507609  0.741901  0.633251  0.579427  0.762710  0.674119  0.254155  0.637157  0.564702  0.691602  0.477253  0.709761  0.779413  0.788714  0.278229  0.436503  0.404551  0.559148  0.440763  0.566252  0.549903  0.714365  0.593732  0.495900  0.447627  0.647397  0.651803  0.643244  0.688737  0.607224  0.579348  0.653951  0.723345  0.551924  0.479440  0.611450  0.540456  0.706393  0.649077  0.467102  0.476031  0.368040  0.612775  0.290243  0.412670  0.572582  0.800753  0.250052  0.665927  0.550144  0.244395  0.791072  0.661861  0.580154  0.618531  0.713616  0.682666  0.687255  0.620895  0.575684  0.587208  0.603610  0.742365  0.581314  0.606028  0.581356  0.562761  0.679102  0.401483  0.251321  0.801753  0.602170  0.596239  0.520774  0.706678  0.271142  0.666387  0.585985  0.664185  0.484406  0.634518  0.585592  0.565195  0.655064  0.293923  0.731090  0.603633  0.267126  0.712085  0.161694  0.641822  0.560576  0.488939  0.231791  0.303784  0.800848  0.659075  0.546742  0.611498  0.667389  0.552909  0.705788  0.677884  0.473381  0.656591  0.696496  0.633010  0.752792  0.635161  0.732712  0.600935  0.695653  0.575567  0.661990  0.618829  0.658942  0.699199  0.571257  0.240101  0.662082  0.822823  0.665467  0.614540  0.617443  0.462837  0.728053  0.415766  0.675935  0.299546  0.504159  0.692204  0.640922  0.513387  0.648538 
8  0.545071  0.587738  0.633703  0.530386  0.592820  0.481272  0.568045  0.576395 0.0  0.748564  0.494298  0.695706  0.586583  0.699353  0.280501  0.472792  0.681654  0.490247  0.682429  0.457064  0.508265  0.616411  0.580341  0.540532  0.589807  0.666172  0.617060  0.660688  0.630129  0.538221  0.689893  0.550384  0.521454  0.715420  0.537261  0.715801  0.609419  0.548917  0.455395  0.644486  0.700341  0.367558  0.618391  0.669708  0.543835  0.518846  0.599824  0.530252  0.641246  0.724050  0.377544  0.718498  0.514684  0.660696  0.616857  0.624380  0.702421  0.669080  0.724065  0.655161  0.472269  0.472686  0.581332  0.790816  0.785358  0.646718  0.519786  0.578615  0.585166  0.573675  0.554705  0.658174  0.668065  0.197281  0.831104  0.514260  0.457100  0.476725  0.537435  0.542338  0.615128  0.604703  0.572088  0.581052  0.539785  0.484666  0.570776  0.691723  0.694541  0.599173  0.761770  0.643903  0.439101  0.537991  0.518681  0.576523  0.707061  0.657846  0.693583  0.609136  0.550736  0.668344  0.870727  0.621012  0.697888  0.639327  0.665931  0.673898  0.446459  0.537691  0.556270  0.639733  0.604122  0.421815  0.444623  0.651898  0.647386  0.414929  0.655173  0.648403  0.711426  0.591237  0.488917  0.575611  0.498260  0.692682  0.649095  0.525070  0.679005  0.553609  0.628166  0.609463  0.531505  0.548277  0.619381  0.531129  0.631833  0.635129  0.698652  0.723788  0.655464  0.617712  0.630973  0.566997  0.729920  0.510578 
9  0.669592  0.783690  0.814954  0.706151  0.563701  0.743996  0.679851  0.430927  0.748564 0.0  0.615978  0.584505  0.568532  0.662995  0.692394  0.615428  0.720847  0.676110  0.495307  0.672429  0.650321  0.643266  0.373559  0.526643  0.726721  0.606549  0.360861  0.190580  0.243906  0.662781  0.560366  0.543187  0.554120  0.822994  0.708777  0.611266  0.344864  0.702148  0.589091  0.756537  0.717168  0.706395  0.559400  0.584743  0.647513  0.703203  0.573775  0.666353  0.612841  0.716093  0.536815  0.545889  0.690509  0.318470  0.616235  0.378983  0.561585  0.691538  0.796408  0.498955  0.698764  0.653870  0.540572  0.761740  0.467255  0.563576  0.587635  0.759525  0.728693  0.711585  0.614946  0.612534  0.671663  0.651161  0.610212  0.664204  0.609742  0.587899  0.591238  0.722190  0.519283  0.319916  0.711428  0.622520  0.572974  0.615000  0.737425  0.334640  0.827015  0.538258  0.620946  0.313140  0.653133  0.681424  0.675210  0.532068  0.386026  0.689484  0.689748  0.558060  0.733898  0.568545  0.777359  0.572842  0.575832  0.527704  0.441378  0.637327  0.511158  0.650278  0.555037  0.612466  0.598930  0.579080  0.700631  0.673836  0.710952  0.711370  0.517745  0.737204  0.779767  0.548961  0.662301  0.642985  0.720780  0.679102  0.678879  0.670449  0.734169  0.642349  0.363110  0.646887  0.673049  0.779140  0.647296  0.627564  0.498080  0.733784  0.350244  0.691445  0.455760  0.535130  0.713533  0.679391  0.411013  0.728498 
10  0.265464  0.707405  0.690061  0.271478  0.460502  0.594726  0.354597  0.677245  0.494298  0.615978 0.0  0.539474  0.619284  0.719159  0.588317  0.563441  0.584762  0.553240  0.658719  0.604622  0.406679  0.697389  0.592042  0.567791  0.687179  0.693594  0.649001  0.568731  0.660390  0.429809  0.447085  0.305593  0.462782  0.711281  0.614690  0.474440  0.621591  0.616166  0.493717  0.778400  0.646250  0.530353  0.393206  0.330192  0.591096  0.435658  0.522458  0.366519  0.525423  0.619681  0.509774  0.637999  0.000000  0.537562  0.538572  0.633592  0.568118  0.569642  0.695292  0.621334  0.483564  0.493039  0.590556  0.753920  0.650505  0.344001  0.236392  0.612557  0.711220  0.688083  0.432741  0.422400  0.598516  0.510429  0.756388  0.125000  0.425491  0.318384  0.481110  0.601622  0.586767  0.547481  0.646498  0.362774  0.449808  0.488217  0.641989  0.650812  0.688216  0.655213  0.652880  0.657359  0.648240  0.627001  0.228901  0.511638  0.597615  0.578703  0.532688  0.630174  0.535062  0.629057  0.738899  0.616444  0.566363  0.623885  0.578050  0.724441  0.263695  0.508199  0.610750  0.612350  0.369665  0.492604  0.627105  0.508402  0.705644  0.619307  0.364481  0.517187  0.622641  0.403979  0.463652  0.565990  0.499281  0.443988  0.395858  0.507525  0.588423  0.367146  0.680258  0.454034  0.685944  0.563923  0.542279  0.381517  0.679600  0.518141  0.623162  0.711775  0.480073  0.469570  0.567960  0.544034  0.704072  0.580906 
11  0.535793  0.668260  0.711327  0.659791  0.525093  0.585265  0.552854  0.493788  0.695706  0.584505  0.539474 0.0  0.500347  0.706372  0.682062  0.449713  0.771253  0.579150  0.390453  0.595032  0.467919  0.775908  0.638572  0.577286  0.761359  0.659801  0.547842  0.546122  0.530482  0.580760  0.285507  0.472962  0.539277  0.716081  0.613739  0.474632  0.505666  0.740702  0.613806  0.705064  0.683126  0.710901  0.531564  0.474881  0.618116  0.492425  0.464332  0.564839  0.633201  0.567222  0.617195  0.290299  0.572076  0.480903  0.672571  0.568992  0.276717  0.608301  0.680220  0.473565  0.554482  0.571894  0.453153  0.831017  0.653685  0.484882  0.631981  0.724454  0.607969  0.711111  0.510610  0.569747  0.567626  0.713436  0.811727  0.542849  0.570840  0.491996  0.641181  0.657790  0.544576  0.461214  0.717416  0.500799  0.490827  0.554774  0.662657  0.553412  0.635509  0.692477  0.563380  0.493287  0.663889  0.645689  0.536965  0.849807  0.405378  0.697565  0.582132  0.591136  0.527642  0.565718  0.689134  0.555044  0.550652  0.537294  0.518197  0.653460  0.632942  0.495215  0.482375  0.554533  0.569107  0.602719  0.639391  0.575958  0.649915  0.655290  0.580113  0.708687  0.736046  0.466838  0.515852  0.563597  0.645723  0.513062  0.637054  0.752848  0.745701  0.580569  0.487150  0.510471  0.575316  0.702132  0.680831  0.535809  0.543447  0.654814  0.586182  0.818250  0.393809  0.628538  0.646328  0.608210  0.550158  0.587006 
12  0.545910  0.669674  0.676572  0.623361  0.542288  0.651297  0.553262  0.507609  0.586583  0.568532  0.619284  0.500347 0.0  0.667728  0.597327  0.568196  0.703638  0.696425  0.332888  0.690757  0.519635  0.694148  0.618125  0.705726  0.702478  0.659795  0.590705  0.482529  0.606893  0.667725  0.454860  0.607530  0.468203  0.736004  0.721823  0.496590  0.546513  0.698128  0.599250  0.707715  0.685472  0.639516  0.590234  0.578360  0.739839  0.613784  0.494016  0.594402  0.520206  0.466974  0.483643  0.384656  0.574629  0.443437  0.672002  0.471390  0.389703  0.667573  0.698973  0.510305  0.597955  0.648321  0.487815  0.784132  0.662245  0.534086  0.537037  0.690583  0.643421  0.709318  0.571631  0.613404  0.516731  0.650146  0.728525  0.612251  0.569812  0.550758  0.574415  0.723067  0.303394  0.419109  0.674566  0.604552  0.538924  0.544650  0.675972  0.454699  0.803728  0.619955  0.608347  0.434628  0.640454  0.643557  0.632680  0.647485  0.507448  0.667177  0.597137  0.527561  0.642600  0.451471  0.745918  0.471895  0.537431  0.454944  0.573353  0.681224  0.629211  0.463827  0.510232  0.604865  0.539743  0.636600  0.691580  0.556065  0.652849  0.663126  0.489194  0.702296  0.738696  0.632953  0.558159  0.722485  0.763661  0.484445  0.499774  0.624137  0.643812  0.517676  0.506211  0.563052  0.733337  0.578734  0.657225  0.678449  0.637488  0.577492  0.549645  0.691545  0.514960  0.552614  0.700334  0.701767  0.556874  0.637949 
13  0.612285  0.643610  0.511306  0.656928  0.686273  0.560654  0.675831  0.741901  0.699353  0.662995  0.719159  0.706372  0.667728 0.0  0.595689  0.671293  0.596802  0.568892  0.748061  0.615603  0.685070  0.452694  0.687610  0.636770  0.478151  0.526147  0.647007  0.696290  0.740814  0.616243  0.750291  0.592365  0.706778  0.757861  0.565472  0.756611  0.751951  0.499862  0.701501  0.591335  0.614246  0.607825  0.587631  0.624056  0.230625  0.606308  0.681105  0.640039  0.633351  0.633346  0.686565  0.750993  0.593665  0.693669  0.647906  0.700384  0.716975  0.679642  0.567914  0.648628  0.662337  0.543833  0.744659  0.673293  0.666778  0.677561  0.645151  0.482121  0.529473  0.553729  0.671348  0.685766  0.658098  0.718679  0.676812  0.542480  0.583334  0.567157  0.636986  0.438031  0.726517  0.689745  0.566605  0.622329  0.613904  0.585673  0.476561  0.646555  0.623151  0.716742  0.804965  0.723870  0.644593  0.647304  0.546836  0.641156  0.706933  0.577868  0.643943  0.718573  0.619582  0.652129  0.795612  0.674805  0.692178  0.765493  0.712931  0.649001  0.687378  0.765571  0.612410  0.546416  0.717333  0.630979  0.594178  0.664457  0.562724  0.564215  0.679778  0.518952  0.639632  0.709003  0.649879  0.444006  0.681675  0.637687  0.669309  0.611153  0.351658  0.635390  0.633466  0.713386  0.583983  0.668364  0.525038  0.690162  0.717763  0.635137  0.706705  0.632525  0.722873  0.631736  0.521730  0.627575  0.698059  0.591011 
14  0.518144  0.524704  0.556293  0.559298  0.634657  0.451488  0.581603  0.633251  0.280501  0.692394  0.588317  0.682062  0.597327  0.595689 0.0  0.646265  0.654732  0.582198  0.575734  0.418388  0.662667  0.557139  0.721433  0.504849  0.583799  0.609392  0.613096  0.715617  0.710397  0.585807  0.637106  0.642866  0.505913  0.595992  0.571047  0.552072  0.589924  0.715732  0.593125  0.641325  0.659904  0.318668  0.595982  0.592925  0.610406  0.529797  0.608545  0.557622  0.605701  0.636301  0.409449  0.600796  0.525893  0.692561  0.537472  0.512897  0.657018  0.548018  0.618184  0.677773  0.490258  0.528197  0.729188  0.699281  0.733038  0.490958  0.531793  0.545586  0.520054  0.592149  0.497560  0.587925  0.613232  0.371012  0.820244  0.548364  0.549312  0.535672  0.608422  0.535370  0.689293  0.715769  0.623404  0.599510  0.534595  0.574454  0.577054  0.614311  0.745184  0.601973  0.650367  0.630213  0.483174  0.460474  0.539981  0.382461  0.638515  0.676462  0.536674  0.634231  0.510781  0.622941  0.730954  0.638990  0.667138  0.605012  0.576979  0.633103  0.594761  0.550302  0.654717  0.603574  0.618601  0.405716  0.468906  0.550153  0.654816  0.443042  0.554224  0.551991  0.644955  0.549035  0.515106  0.540863  0.372222  0.627017  0.616619  0.573255  0.536143  0.610433  0.718613  0.663894  0.552213  0.523712  0.411489  0.392199  0.722671  0.547696  0.594882  0.793181  0.560787  0.516327  0.563166  0.483596  0.753052  0.469345 
15  0.381917  0.679332  0.717282  0.472371  0.514356  0.612875  0.427988  0.579427  0.472792  0.615428  0.563441  0.449713  0.568196  0.671293  0.646265 0.0  0.831564  0.694104  0.500121  0.766953  0.400065  0.535638  0.662508  0.748970  0.726495  0.756200  0.645054  0.539112  0.593764  0.474564  0.438359  0.503490  0.221581  0.674187  0.606547  0.399317  0.569274  0.678822  0.529274  0.670038  0.631686  0.659893  0.514533  0.457085  0.602883  0.408195  0.378715  0.473604  0.629974  0.553779  0.591720  0.433415  0.468536  0.630695  0.578092  0.579509  0.579499  0.669455  0.569387  0.482711  0.517596  0.418661  0.563425  0.875347  0.517940  0.450244  0.416838  0.562256  0.584660  0.696657  0.475960  0.500700  0.535041  0.570823  0.756609  0.485988  0.383662  0.503080  0.373442  0.533165  0.640931  0.574744  0.674125  0.414700  0.496555  0.343847  0.691483  0.579426  0.709876  0.650440  0.732026  0.568358  0.621496  0.602441  0.489566  0.730377  0.581726  0.741507  0.522343  0.576086  0.599937  0.479444  0.860293  0.556150  0.277935  0.525604  0.556038  0.729995  0.512912  0.362378  0.308579  0.456107  0.528126  0.540425  0.692372  0.455094  0.704344  0.589458  0.382179  0.734753  0.699897  0.534424  0.459598  0.675704  0.501814  0.242146  0.523774  0.503647  0.614261  0.388273  0.659482  0.438628  0.658742  0.674455  0.646497  0.588489  0.574126  0.623370  0.631622  0.653095  0.461691  0.520247  0.683447  0.613721  0.514134  0.593522 
16  0.640234  0.700037  0.633410  0.690985  0.816856  0.670255  0.614972  0.762710  0.681654  0.720847  0.584762  0.771253  0.703638  0.596802  0.654732  0.831564 0.0  0.563956  0.761240  0.592032  0.618667  0.661538  0.696973  0.669000  0.583512  0.637214  0.835422  0.735185  0.722862  0.710693  0.769999  0.756762  0.756065  0.813659  0.552228  0.654565  0.723445  0.568931  0.753471  0.554608  0.495309  0.666977  0.749563  0.717803  0.600286  0.703095  0.676492  0.675762  0.777253  0.831053  0.660160  0.668671  0.647404  0.789199  0.737139  0.624933  0.773586  0.737476  0.530327  0.751659  0.683015  0.760656  0.692019  0.727528  0.700500  0.725708  0.609955  0.602052  0.645689  0.665158  0.678968  0.616711  0.822661  0.670234  0.773735  0.709031  0.682469  0.663658  0.720823  0.568471  0.685805  0.812639  0.505093  0.735626  0.710879  0.625572  0.633686  0.796914  0.235700  0.827882  0.817653  0.678319  0.703558  0.584615  0.597252  0.605743  0.789017  0.621834  0.705030  0.801608  0.779772  0.738472  0.807025  0.834324  0.693625  0.668925  0.724004  0.597638  0.562709  0.669260  0.737880  0.735826  0.600907  0.711810  0.606730  0.698226  0.504738  0.580724  0.708294  0.648160  0.668534  0.596060  0.820997  0.612496  0.604452  0.729223  0.652115  0.705729  0.710698  0.684796  0.751018  0.720175  0.558878  0.577127  0.557959  0.665788  0.780834  0.658454  0.771302  0.603101  0.716824  0.751861  0.676251  0.616476  0.635092  0.667811 
17  0.592410  0.653725  0.547080  0.560876  0.586007  0.392863  0.651705  0.674119  0.490247  0.676110  0.553240  0.579150  0.696425  0.568892  0.582198  0.694104  0.563956 0.0  0.698057  0.470550  0.665773  0.467749  0.721556  0.647825  0.594329  0.559245  0.721764  0.812511  0.739383  0.540004  0.610875  0.559230  0.630346  0.784400  0.575764  0.629073  0.654831  0.546196  0.595900  0.546032  0.594389  0.645382  0.604111  0.567122  0.572306  0.595398  0.565063  0.610077  0.774770  0.742294  0.545939  0.729954  0.653326  0.772508  0.481837  0.624871  0.724549  0.391118  0.619847  0.802267  0.692244  0.672220  0.671827  0.793749  0.765652  0.630291  0.678186  0.470524  0.390643  0.522446  0.624061  0.639884  0.746793  0.611306  0.817010  0.721747  0.571456  0.601793  0.580662  0.506084  0.714307  0.737621  0.540537  0.685203  0.620577  0.636212  0.519208  0.623489  0.588900  0.790864  0.688597  0.702935  0.570701  0.579412  0.717498  0.602625  0.702157  0.564277  0.599038  0.680533  0.597772  0.733917  0.847768  0.767504  0.736366  0.764764  0.687064  0.574252  0.638525  0.629476  0.744821  0.675050  0.704896  0.622472  0.586014  0.662499  0.533813  0.503869  0.672902  0.537849  0.761631  0.728614  0.626419  0.526296  0.654302  0.661598  0.670876  0.434985  0.543489  0.531842  0.646634  0.589551  0.407380  0.489161  0.461954  0.520672  0.770779  0.597470  0.632154  0.650843  0.787551  0.619256  0.369136  0.723441  0.763939  0.648355 
18  0.596888  0.751714  0.638686  0.631274  0.505548  0.642236  0.610301  0.254155  0.682429  0.495307  0.658719  0.390453  0.332888  0.748061  0.575734  0.500121  0.761240  0.698057 0.0  0.599538  0.665400  0.721683  0.432812  0.669503  0.746107  0.713432  0.412450  0.396756  0.481196  0.660428  0.509147  0.637415  0.468857  0.640805  0.614294  0.573370  0.529230  0.753767  0.610472  0.654318  0.777537  0.672794  0.587505  0.622726  0.729478  0.490462  0.481896  0.611350  0.516557  0.487201  0.618211  0.396594  0.526546  0.501970  0.690657  0.494532  0.440749  0.696671  0.723075  0.459786  0.603951  0.620450  0.455068  0.794292  0.638293  0.511630  0.694401  0.785038  0.635441  0.783502  0.624901  0.576497  0.620977  0.640578  0.711456  0.554917  0.673840  0.499015  0.662360  0.749497  0.275662  0.527730  0.619328  0.563521  0.527172  0.617630  0.656547  0.455046  0.733829  0.548748  0.574640  0.532368  0.680150  0.593254  0.627919  0.640297  0.420497  0.769956  0.611209  0.432623  0.722852  0.341801  0.769915  0.506911  0.545319  0.316627  0.311814  0.614374  0.557860  0.532053  0.466767  0.597609  0.596261  0.605595  0.572450  0.542936  0.729593  0.684639  0.555573  0.764426  0.687690  0.627977  0.513600  0.636112  0.612671  0.588512  0.618465  0.617716  0.658631  0.600702  0.396282  0.576881  0.682071  0.739658  0.724508  0.572441  0.449287  0.760332  0.597248  0.793762  0.429793  0.534542  0.704379  0.581494  0.506984  0.689313 
19  0.605994  0.608550  0.611735  0.624755  0.612432  0.232982  0.605653  0.637157  0.457064  0.672429  0.604622  0.595032  0.690757  0.615603  0.418388  0.766953  0.592032  0.470550  0.599538 0.0  0.712717  0.591946  0.637416  0.569652  0.656151  0.608863  0.648333  0.646703  0.719080  0.561889  0.594091  0.575901  0.666275  0.618202  0.466650  0.636210  0.778201  0.573371  0.685000  0.657687  0.501422  0.518176  0.741168  0.530288  0.557477  0.550371  0.696407  0.656559  0.652997  0.707083  0.642452  0.624037  0.559431  0.646441  0.460756  0.621753  0.636322  0.438018  0.619464  0.704835  0.537362  0.671060  0.659128  0.680312  0.678604  0.607213  0.660963  0.597869  0.470195  0.503496  0.567891  0.670308  0.575610  0.553809  0.797461  0.591471  0.638682  0.531360  0.594799  0.487813  0.691244  0.727209  0.577679  0.659796  0.566653  0.567456  0.480304  0.684109  0.540991  0.718562  0.680836  0.761787  0.314888  0.622802  0.686310  0.319262  0.738763  0.629181  0.637588  0.719925  0.623355  0.683973  0.791723  0.745165  0.689863  0.657639  0.763424  0.608728  0.615742  0.691881  0.523242  0.714862  0.599285  0.511416  0.439852  0.602389  0.470519  0.406167  0.644456  0.680929  0.769648  0.615206  0.656301  0.404290  0.545568  0.629621  0.665278  0.392975  0.579956  0.665839  0.648699  0.630565  0.521498  0.508138  0.357515  0.646532  0.787766  0.612584  0.718515  0.635014  0.651286  0.604658  0.404336  0.622025  0.676626  0.528041 
20  0.305391  0.674162  0.592003  0.438039  0.444283  0.574548  0.348288  0.564702  0.508265  0.650321  0.406679  0.467919  0.519635  0.685070  0.662667  0.400065  0.618667  0.665773  0.665400  0.712717 0.0  0.705511  0.646001  0.566936  0.772510  0.797473  0.602433  0.642862  0.543087  0.469018  0.629850  0.461472  0.438071  0.729593  0.620781  0.418333  0.758421  0.555531  0.506136  0.666166  0.729631  0.513061  0.332027  0.311954  0.643192  0.421106  0.490297  0.326409  0.545265  0.707936  0.504283  0.486742  0.447683  0.571753  0.671409  0.603647  0.586136  0.669291  0.751034  0.627009  0.333221  0.340281  0.578776  0.799998  0.621082  0.228316  0.287902  0.617126  0.673269  0.629120  0.528855  0.483269  0.539556  0.485023  0.673277  0.294236  0.453066  0.587182  0.458582  0.592636  0.583475  0.658184  0.594364  0.374961  0.354506  0.443654  0.705386  0.610230  0.644786  0.625190  0.699132  0.712652  0.631359  0.580601  0.355590  0.699329  0.536291  0.658737  0.610230  0.629191  0.541516  0.469492  0.788923  0.655647  0.507500  0.551819  0.527547  0.649022  0.322973  0.393186  0.446204  0.394304  0.315184  0.595548  0.615805  0.421976  0.680490  0.659891  0.534999  0.751397  0.668869  0.284662  0.479465  0.647489  0.508254  0.434146  0.445999  0.533131  0.665234  0.404540  0.643462  0.378845  0.609588  0.637175  0.548700  0.450050  0.525857  0.608419  0.596892  0.819577  0.613761  0.396933  0.620234  0.496470  0.675641  0.707768 
21  0.541071  0.469281  0.522317  0.556035  0.595287  0.627055  0.724713  0.691602  0.616411  0.643266  0.697389  0.775908  0.694148  0.452694  0.557139  0.535638  0.661538  0.467749  0.721683  0.591946  0.705511 0.0  0.716181  0.575805  0.505988  0.639973  0.682207  0.797321  0.613046  0.699416  0.686127  0.747294  0.588066  0.780821  0.389235  0.718863  0.735718  0.517102  0.599125  0.474789  0.509414  0.574637  0.544466  0.787052  0.444791  0.668018  0.622829  0.624311  0.689086  0.668849  0.513929  0.722101  0.618550  0.635937  0.578087  0.705507  0.615557  0.522055  0.700505  0.633461  0.641893  0.695594  0.653467  0.743639  0.812336  0.621636  0.574041  0.334443  0.552308  0.572032  0.539336  0.619246  0.682090  0.573451  0.754290  0.641618  0.660549  0.476049  0.676428  0.352403  0.712213  0.709733  0.561424  0.662692  0.634945  0.635709  0.567952  0.665832  0.609550  0.812701  0.821997  0.712993  0.617765  0.533894  0.628389  0.577834  0.778859  0.532660  0.609775  0.709524  0.644963  0.674496  0.778952  0.741008  0.478861  0.725449  0.646368  0.622775  0.656915  0.661168  0.671583  0.598611  0.568148  0.560325  0.497149  0.613564  0.676233  0.539202  0.726165  0.497316  0.766545  0.708912  0.560109  0.439114  0.656810  0.633871  0.578871  0.689320  0.482686  0.648382  0.776356  0.591996  0.594449  0.562049  0.463885  0.731675  0.776465  0.580203  0.700820  0.606841  0.790218  0.602169  0.626877  0.595829  0.721995  0.411971 
22  0.518102  0.767401  0.692903  0.648736  0.575429  0.638050  0.662182  0.477253  0.580341  0.373559  0.592042  0.638572  0.618125  0.687610  0.721433  0.662508  0.696973  0.721556  0.432812  0.637416  0.646001  0.716181 0.0  0.640264  0.797222  0.790961  0.454749  0.393319  0.447115  0.582173  0.477711  0.545766  0.600065  0.821696  0.625525  0.507227  0.352158  0.746437  0.507208  0.704055  0.747069  0.739234  0.582829  0.615592  0.636066  0.584369  0.528697  0.691677  0.702282  0.595699  0.596022  0.547667  0.708357  0.420710  0.653718  0.527940  0.361264  0.679493  0.717630  0.350765  0.680514  0.719133  0.382074  0.773010  0.583763  0.583782  0.617911  0.727514  0.643032  0.711066  0.606509  0.590917  0.644965  0.732120  0.669496  0.579515  0.501965  0.697708  0.598320  0.625630  0.512112  0.448889  0.634795  0.567711  0.682438  0.594256  0.633237  0.474446  0.796105  0.531346  0.655868  0.359904  0.735298  0.683557  0.592295  0.648858  0.520289  0.663200  0.592372  0.401866  0.631580  0.383942  0.752232  0.543134  0.604948  0.507154  0.453039  0.686393  0.579413  0.552777  0.500606  0.572121  0.597938  0.707624  0.685287  0.506119  0.767899  0.665235  0.518767  0.731376  0.615375  0.618062  0.669220  0.606350  0.634373  0.556887  0.661334  0.627155  0.761800  0.593320  0.469957  0.661273  0.619067  0.627346  0.647952  0.691532  0.609749  0.691730  0.382961  0.755882  0.458278  0.590211  0.696603  0.641840  0.229380  0.653951 
23  0.659496  0.449729  0.615172  0.649310  0.585814  0.659238  0.628148  0.709761  0.540532  0.526643  0.567791  0.577286  0.705726  0.636770  0.504849  0.748970  0.669000  0.647825  0.669503  0.569652  0.566936  0.575805  0.640264 0.0  0.728745  0.605503  0.634522  0.768734  0.670716  0.547628  0.525170  0.595809  0.509531  0.586618  0.566195  0.589100  0.612874  0.689037  0.573545  0.627929  0.773140  0.548955  0.661672  0.568691  0.607540  0.526065  0.582721  0.688171  0.564259  0.581487  0.600970  0.654734  0.678847  0.775344  0.660262  0.644757  0.667915  0.639681  0.656048  0.623021  0.516200  0.655189  0.635138  0.813162  0.679953  0.557027  0.546199  0.644344  0.614881  0.661631  0.525588  0.600936  0.666608  0.596409  0.725278  0.581335  0.618195  0.654151  0.513675  0.532356  0.640621  0.733506  0.585541  0.555890  0.640581  0.656902  0.729062  0.619050  0.662811  0.713773  0.777408  0.682897  0.595905  0.438850  0.543871  0.612254  0.706344  0.593758  0.522509  0.633464  0.643066  0.825806  0.836868  0.605135  0.641965  0.612637  0.712267  0.660376  0.602288  0.489645  0.711239  0.590069  0.645691  0.579527  0.466672  0.612615  0.593283  0.620774  0.645350  0.604159  0.673028  0.576134  0.618806  0.670002  0.704080  0.701529  0.597941  0.570348  0.654336  0.594667  0.591655  0.571308  0.700182  0.698381  0.654297  0.471891  0.573015  0.401003  0.721233  0.689769  0.692766  0.544995  0.695724  0.546523  0.663059  0.445666 
24  0.691079  0.738098  0.630434  0.814504  0.683244  0.566802  0.704583  0.779413  0.589807  0.726721  0.687179  0.761359  0.702478  0.478151  0.583799  0.726495  0.583512  0.594329  0.746107  0.656151  0.772510  0.505988  0.797222  0.728745 0.0  0.354066  0.690830  0.786175  0.739370  0.712687  0.727335  0.667385  0.673134  0.796566  0.567032  0.740290  0.762684  0.486805  0.695092  0.512811  0.458208  0.718824  0.661154  0.719181  0.499298  0.661026  0.729964  0.621976  0.699010  0.762482  0.733579  0.672283  0.688685  0.671196  0.466832  0.686933  0.731279  0.651126  0.625490  0.751596  0.695946  0.669881  0.700312  0.767462  0.724642  0.629905  0.719398  0.584106  0.585472  0.603194  0.611199  0.605348  0.671363  0.789881  0.763997  0.667417  0.683874  0.748785  0.766166  0.606003  0.777951  0.649822  0.517317  0.748543  0.789817  0.686324  0.603948  0.685229  0.606303  0.736877  0.752284  0.719221  0.641149  0.688596  0.661718  0.592048  0.827198  0.614833  0.726846  0.690002  0.631957  0.727291  0.762098  0.701150  0.651453  0.814212  0.644334  0.629835  0.679106  0.834592  0.732280  0.679043  0.681994  0.731135  0.453068  0.661992  0.578890  0.716509  0.796749  0.495469  0.782720  0.679234  0.740554  0.603769  0.675998  0.770411  0.637708  0.668741  0.598017  0.669129  0.710905  0.748891  0.561902  0.661935  0.432025  0.635143  0.750369  0.638970  0.737100  0.540351  0.694042  0.687450  0.671273  0.606463  0.731880  0.617371 
25  0.655990  0.470155  0.594849  0.691082  0.766633  0.665637  0.641567  0.788714  0.666172  0.606549  0.693594  0.659801  0.659795  0.526147  0.609392  0.756200  0.637214  0.559245  0.713432  0.608863  0.797473  0.639973  0.790961  0.605503  0.354066 0.0  0.707153  0.713443  0.851147  0.708467  0.827703  0.677317  0.723310  0.771960  0.557601  0.696493  0.670722  0.565403  0.623379  0.591631  0.516756  0.588194  0.647655  0.750266  0.499926  0.689400  0.680368  0.696800  0.675848  0.821090  0.684951  0.703901  0.611838  0.725635  0.582941  0.742232  0.663108  0.723230  0.533178  0.740120  0.703133  0.601392  0.727280  0.722367  0.756429  0.593294  0.684175  0.610956  0.692295  0.616209  0.657897  0.707575  0.735262  0.650682  0.814009  0.612147  0.717446  0.665449  0.670106  0.540911  0.718630  0.717365  0.576865  0.696082  0.800371  0.669697  0.716470  0.806343  0.539446  0.788505  0.744036  0.630320  0.580089  0.795970  0.688553  0.566210  0.712208  0.591705  0.684735  0.771969  0.663775  0.715564  0.852307  0.763330  0.653540  0.713280  0.725346  0.638578  0.717980  0.695540  0.676119  0.660513  0.631297  0.610281  0.657156  0.788146  0.574187  0.645064  0.644399  0.552207  0.907178  0.618673  0.674049  0.605177  0.745308  0.781964  0.735914  0.579882  0.585396  0.797245  0.663501  0.655398  0.549506  0.609059  0.656612  0.656393  0.735497  0.598653  0.724519  0.532157  0.709646  0.636424  0.657918  0.662516  0.779741  0.674718 
26  0.587011  0.713758  0.658393  0.666186  0.559038  0.672373  0.611791  0.278229  0.617060  0.360861  0.649001  0.547842  0.590705  0.647007  0.613096  0.645054  0.835422  0.721764  0.412450  0.648333  0.602433  0.682207  0.454749  0.634522  0.690830  0.707153 0.0  0.227350  0.351411  0.660057  0.523845  0.615486  0.531583  0.623912  0.718594  0.503818  0.418266  0.656692  0.586227  0.642501  0.745168  0.699295  0.723051  0.537064  0.770868  0.634977  0.537224  0.548207  0.641910  0.569845  0.626209  0.445556  0.607540  0.287847  0.693546  0.281068  0.588431  0.659396  0.697931  0.256499  0.637550  0.703375  0.376267  0.753274  0.611330  0.563521  0.580199  0.757781  0.759165  0.673353  0.586363  0.498428  0.682932  0.591527  0.746075  0.593405  0.508505  0.680709  0.657571  0.638334  0.375714  0.109877  0.736698  0.538557  0.698992  0.553471  0.747313  0.265615  0.762761  0.617406  0.555672  0.442872  0.724207  0.647329  0.677860  0.650016  0.245357  0.742356  0.649965  0.235121  0.700149  0.349422  0.801207  0.574008  0.537363  0.397089  0.346679  0.734312  0.526992  0.527722  0.690027  0.616778  0.588640  0.736905  0.749308  0.635422  0.668719  0.640862  0.718723  0.709560  0.665072  0.541512  0.541189  0.674173  0.711125  0.617407  0.645706  0.666946  0.807758  0.545851  0.374486  0.624784  0.711454  0.701030  0.697320  0.607817  0.502977  0.689562  0.252420  0.767728  0.352683  0.575105  0.781985  0.624794  0.514062  0.654483 
