146
0 0.0  0.694763  0.610395  0.301317  0.422273  0.541037  0.358502  0.665105  0.653891  0.646852  0.321232  0.643543  0.614839  0.688650  0.598496  0.688410  0.700384  0.761451  0.793305  0.571367  0.476169  0.645292  0.622513  0.621626  0.747567  0.751363  0.588777  0.701002  0.731145  0.462564  0.695423  0.479268  0.479674  0.761601  0.560993  0.604524  0.576496  0.720949  0.460553  0.665903  0.702162  0.633589  0.288229  0.390603  0.695529  0.461114  0.512936  0.407524  0.668929  0.614846  0.528388  0.723789  0.292563  0.716841  0.676950  0.640317  0.702052  0.682630  0.701783  0.778553  0.447225  0.448966  0.663764  0.887123  0.684844  0.477659  0.439541  0.638230  0.692576  0.716916  0.428688  0.480192  0.617927  0.583637  0.915651  0.316075  0.482310  0.144634  0.508927  0.693164  0.656362  0.683187  0.643439  0.461625  0.570342  0.591859  0.719280  0.626450  0.760279  0.796363  0.809181  0.630646  0.550608  0.598006  0.265886  0.627236  0.671838  0.725171  0.656269  0.636642  0.498958  0.590266  0.873902  0.697757  0.526152  0.737501  0.721563  0.654699  0.301594  0.450881  0.674718  0.550777  0.508324  0.502906  0.664565  0.554664  0.695116  0.673226  0.480435  0.701468  0.716344  0.305519  0.416030  0.590759  0.463881  0.495497  0.461647  0.560110  0.690979  0.559986  0.679989  0.451150  0.592692  0.794222  0.592470  0.483470  0.802790  0.611850  0.670366  0.680433  0.651945  0.497924  0.743900  0.661022  0.698706  0.586803 
1  0.694763 0.0  0.080918  0.741468  0.623831  0.657352  0.684296  0.707372  0.623278  0.878798  0.725920  0.833223  0.638052  0.569889  0.647551  0.681392  0.640759  0.803905  0.774114  0.716828  0.701601  0.544200  0.786669  0.766138  0.504670  0.645832  0.679860  0.775285  0.760859  0.757846  0.719019  0.745276  0.659806  0.736310  0.492125  0.654712  0.836570  0.640633  0.772677  0.385186  0.614615  0.594066  0.725362  0.698957  0.546995  0.645462  0.591220  0.805514  0.780580  0.760059  0.688124  0.720762  0.719726  0.826800  0.707551  0.783074  0.809104  0.685558  0.742714  0.719799  0.767762  0.803104  0.757457  0.842363  0.846349  0.725764  0.703707  0.582563  0.595204  0.691548  0.593272  0.725845  0.760510  0.717873  0.855228  0.708435  0.789329  0.746570  0.683149  0.573573  0.763172  0.754335  0.659158  0.808165  0.629057  0.731695  0.705946  0.751368  0.657885  0.843703  0.697196  0.593537  0.671696  0.643835  0.685469  0.608861  0.776693  0.315614  0.634830  0.704666  0.667684  0.764944  0.981234  0.914411  0.759033  0.757559  0.755697  0.527739  0.781737  0.739490  0.750169  0.814402  0.720880  0.693692  0.680813  0.745657  0.643710  0.669730  0.784969  0.393371  0.792352  0.789114  0.724947  0.518828  0.728373  0.537033  0.706184  0.707793  0.575450  0.712611  0.788640  0.624363  0.710916  0.729080  0.593944  0.645536  0.790302  0.522303  0.728289  0.659842  0.784893  0.746871  0.672276  0.727038  0.749614  0.641666 
2  0.610395  0.080918 0.0  0.632543  0.746135  0.561920  0.712081  0.861452  0.756649  0.744209  0.733640  0.779858  0.726894  0.536694  0.586589  0.679402  0.748568  0.675000  0.752031  0.659636  0.700920  0.546808  0.785875  0.560914  0.563968  0.564766  0.744172  0.679698  0.742148  0.774952  0.734993  0.735527  0.720790  0.777286  0.523203  0.668209  0.854854  0.563208  0.714122  0.395174  0.675186  0.735317  0.727839  0.714174  0.667348  0.641845  0.779997  0.681781  0.876890  0.721738  0.670567  0.829849  0.753954  0.760195  0.742443  0.794852  0.734034  0.641992  0.683851  0.904718  0.699247  0.723932  0.739989  0.646247  0.753176  0.699446  0.724532  0.440410  0.676944  0.754856  0.705759  0.654849  0.729147  0.677271  0.796779  0.700063  0.748660  0.809130  0.696262  0.601252  0.831332  0.780762  0.600283  0.677378  0.723282  0.725815  0.742145  0.803790  0.735693  0.692396  0.705857  0.879483  0.572335  0.677641  0.838842  0.756909  0.844931  0.462721  0.824793  0.736430  0.721910  0.708974  0.713228  0.728454  0.731698  0.731691  0.663311  0.528790  0.688263  0.694499  0.776624  0.648125  0.737709  0.670285  0.570320  0.695419  0.648535  0.715162  0.792840  0.465782  0.924490  0.671538  0.792422  0.640218  0.706990  0.661070  0.795534  0.625716  0.613242  0.705440  0.846944  0.744796  0.699255  0.712232  0.700048  0.743757  0.840894  0.703272  0.788935  0.640710  0.782791  0.746165  0.535771  0.706826  0.710932  0.612061 
3  0.301317  0.741468  0.632543 0.0  0.442670  0.629143  0.371780  0.691228  0.614360  0.673887  0.324310  0.671132  0.671880  0.795891  0.574585  0.532957  0.837493  0.718268  0.614947  0.628924  0.496772  0.653223  0.666264  0.598157  0.773898  0.758228  0.640344  0.627074  0.587811  0.458079  0.621451  0.333554  0.627418  0.729177  0.672574  0.542633  0.772754  0.725364  0.510558  0.712832  0.688332  0.610500  0.344989  0.492723  0.762582  0.305560  0.639615  0.325074  0.778706  0.638935  0.498769  0.665608  0.415618  0.669086  0.665512  0.705609  0.736490  0.547221  0.630316  0.722059  0.403061  0.432429  0.562840  0.857343  0.739126  0.306060  0.326991  0.616910  0.721412  0.671645  0.324643  0.528857  0.580909  0.645312  0.783696  0.227141  0.457620  0.426738  0.527792  0.667012  0.702808  0.727258  0.740313  0.521584  0.368015  0.558944  0.647732  0.586987  0.780711  0.788636  0.755183  0.695853  0.538173  0.591089  0.424891  0.632740  0.643664  0.630646  0.548015  0.623298  0.667282  0.612222  0.867944  0.714633  0.535049  0.627989  0.551693  0.716149  0.234054  0.539740  0.644064  0.584751  0.489526  0.557708  0.653272  0.601594  0.797277  0.693156  0.484955  0.653095  0.814134  0.339042  0.549340  0.769066  0.512619  0.491660  0.448087  0.646231  0.682217  0.524672  0.679529  0.435101  0.656090  0.642120  0.747079  0.493924  0.628797  0.679545  0.567566  0.720713  0.752200  0.674798  0.690702  0.682980  0.786342  0.673058 
4  0.422273  0.623831  0.746135  0.442670 0.0  0.708484  0.427742  0.558177  0.646420  0.726671  0.338331  0.641884  0.687684  0.709712  0.640566  0.533703  0.605787  0.669996  0.642677  0.692552  0.391862  0.708624  0.643285  0.709524  0.699801  0.690379  0.530792  0.776854  0.597932  0.453271  0.557791  0.461723  0.523471  0.787943  0.764233  0.635473  0.743376  0.625621  0.329705  0.899493  0.580084  0.573661  0.382294  0.437327  0.666512  0.537546  0.678789  0.443786  0.627029  0.672734  0.547898  0.633162  0.355524  0.616947  0.534411  0.602783  0.597560  0.700950  0.755648  0.637814  0.546185  0.443976  0.754358  0.711201  0.824383  0.474300  0.440930  0.601548  0.604803  0.806753  0.541168  0.500091  0.684923  0.583664  0.860845  0.267393  0.374143  0.174994  0.547145  0.639721  0.720550  0.636078  0.695148  0.382864  0.591548  0.469086  0.736587  0.539866  0.749458  0.721636  0.588238  0.600577  0.577210  0.652713  0.478664  0.576184  0.632749  0.702329  0.766224  0.655984  0.613781  0.602439  0.876886  0.704065  0.581684  0.504760  0.628625  0.737148  0.473297  0.535007  0.532290  0.436759  0.294857  0.487784  0.584174  0.464679  0.743173  0.727561  0.431953  0.658623  0.744858  0.481545  0.469914  0.713859  0.574990  0.517033  0.538434  0.652142  0.673590  0.406726  0.701096  0.433941  0.611792  0.633668  0.616885  0.521747  0.606499  0.670087  0.695663  0.760031  0.681222  0.523405  0.617145  0.554300  0.602770  0.663332 
5  0.541037  0.657352  0.561920  0.629143  0.708484 0.0  0.659645  0.759201  0.483692  0.700782  0.532893  0.696319  0.804752  0.602394  0.563528  0.569093  0.618016  0.541493  0.702744  0.334229  0.689704  0.650952  0.716083  0.632626  0.739848  0.658326  0.792691  0.733423  0.781316  0.649605  0.710638  0.569093  0.743031  0.859835  0.636647  0.716945  0.730023  0.557215  0.622046  0.647342  0.754015  0.523254  0.695752  0.575230  0.724482  0.718907  0.678286  0.650621  0.694315  0.767228  0.729464  0.590081  0.590333  0.714175  0.581197  0.667380  0.626243  0.511366  0.659367  0.660289  0.696550  0.701014  0.712000  0.827117  0.640175  0.704443  0.664963  0.532219  0.477284  0.606621  0.523043  0.650228  0.718706  0.468213  0.852149  0.672108  0.703306  0.651999  0.525279  0.577923  0.658338  0.723241  0.570454  0.711797  0.694145  0.568783  0.507865  0.732998  0.720020  0.744208  0.701094  0.711250  0.127915  0.663632  0.692681  0.205825  0.675853  0.575861  0.581024  0.690289  0.722675  0.849462  0.906809  0.683542  0.661406  0.767170  0.644005  0.740185  0.588033  0.721432  0.602550  0.710427  0.712038  0.514126  0.448025  0.668449  0.627944  0.453787  0.742833  0.706751  0.804203  0.678679  0.661966  0.578463  0.628383  0.672284  0.675266  0.517268  0.597941  0.599071  0.716551  0.669484  0.482415  0.546708  0.479632  0.548628  0.912282  0.546288  0.670214  0.711654  0.735503  0.734294  0.482687  0.579523  0.598933  0.744705 
6  0.358502  0.684296  0.712081  0.371780  0.427742  0.659645 0.0  0.602646  0.385730  0.608847  0.356516  0.658848  0.620920  0.710616  0.659960  0.491354  0.750393  0.665687  0.599662  0.683850  0.233994  0.731892  0.557434  0.541670  0.773242  0.722934  0.609348  0.726045  0.748580  0.436990  0.579748  0.530776  0.507562  0.765937  0.678747  0.559954  0.710899  0.712433  0.384425  0.731050  0.731591  0.585661  0.397544  0.219032  0.681990  0.366852  0.567557  0.297432  0.575784  0.762490  0.432355  0.565573  0.465439  0.693366  0.762954  0.707343  0.614803  0.693423  0.742443  0.617841  0.380672  0.536222  0.618664  0.877428  0.846748  0.000000  0.160991  0.703155  0.697951  0.669869  0.411160  0.544078  0.724952  0.627935  0.776500  0.431164  0.449021  0.304733  0.531340  0.626695  0.572462  0.672718  0.694252  0.249403  0.450364  0.459408  0.756783  0.622639  0.774631  0.731480  0.827164  0.737501  0.693294  0.599152  0.363325  0.627087  0.717588  0.636703  0.752294  0.722210  0.631512  0.772264  0.832977  0.707294  0.587677  0.508222  0.723618  0.764484  0.372875  0.429766  0.518195  0.564333  0.444950  0.573900  0.638083  0.500481  0.701185  0.617742  0.566715  0.672714  0.805733  0.300426  0.341932  0.632323  0.417871  0.512498  0.482258  0.673153  0.680666  0.496633  0.682531  0.443129  0.611426  0.697072  0.542012  0.502084  0.761065  0.586266  0.681809  0.747751  0.747754  0.526743  0.683733  0.602865  0.638511  0.529956 
7  0.665105  0.707372  0.861452  0.691228  0.558177  0.759201  0.602646 0.0  0.737958  0.448886  0.633985  0.522382  0.555912  0.817608  0.651645  0.632066  0.794801  0.728423  0.566991  0.688316  0.701002  0.891738  0.505997  0.603679  0.832607  0.985142  0.387153  0.490839  0.567759  0.670452  0.664299  0.611365  0.604112  0.605559  0.740886  0.574255  0.516648  0.831563  0.606220  0.735286  0.815035  0.691627  0.716718  0.618414  0.862429  0.604472  0.681548  0.676083  0.671240  0.716292  0.637148  0.548995  0.559551  0.492623  0.751483  0.431878  0.608427  0.680871  0.803428  0.365140  0.691334  0.673981  0.279234  0.870101  0.553073  0.755355  0.523426  0.721525  0.743263  0.686597  0.671751  0.753732  0.591091  0.804812  0.632538  0.713659  0.691749  0.653540  0.685133  0.822272  0.475737  0.382705  0.629049  0.662803  0.752296  0.575684  0.603310  0.224295  0.746004  0.632722  0.633297  0.580583  0.774309  0.751250  0.668737  0.588876  0.244445  0.739784  0.631086  0.338613  0.721452  0.123354  0.846731  0.560495  0.553890  0.235387  0.326192  0.697108  0.706746  0.611323  0.524279  0.598732  0.570311  0.704277  0.715697  0.607170  0.773617  0.680374  0.565108  0.757099  0.755377  0.758673  0.572456  0.829398  0.674697  0.522465  0.614834  0.795371  0.862561  0.696805  0.341921  0.596780  0.650270  0.772698  0.694378  0.649578  0.652912  0.698591  0.404869  0.844677  0.102173  0.634149  0.708232  0.693074  0.410297  0.638827 
8  0.653891  0.623278  0.756649  0.614360  0.646420  0.483692  0.385730  0.737958 0.0  0.661044  0.603711  0.802604  0.718087  0.792873  0.250319  0.538466  0.734027  0.630623  0.788902  0.536500  0.643116  0.587033  0.637923  0.612741  0.621631  0.653424  0.698584  0.673622  0.689026  0.628615  0.791220  0.690788  0.580385  0.797968  0.591226  0.672071  0.793489  0.658377  0.682242  0.809081  0.756108  0.444794  0.573674  0.559153  0.608625  0.542261  0.680637  0.669586  0.725871  0.771583  0.472461  0.693090  0.515885  0.560097  0.575333  0.595620  0.650021  0.652969  0.709160  0.722885  0.577155  0.541143  0.681822  0.812325  0.803121  0.555188  0.647824  0.704011  0.546043  0.621269  0.511842  0.588800  0.754135  0.279545  0.778341  0.552727  0.676267  0.554834  0.574000  0.691151  0.683936  0.652058  0.754865  0.662249  0.675978  0.664186  0.673739  0.603204  0.668854  0.855618  0.872993  0.791826  0.508032  0.653405  0.420119  0.570931  0.622597  0.593006  0.693753  0.775289  0.572074  0.728543  0.886155  0.721252  0.616834  0.646094  0.664525  0.704933  0.537287  0.680502  0.600392  0.599051  0.581421  0.341074  0.543008  0.614188  0.772865  0.452369  0.620492  0.649128  0.841408  0.528490  0.647822  0.691488  0.485199  0.576839  0.634810  0.543379  0.665755  0.582561  0.646250  0.602972  0.604626  0.602073  0.589765  0.538765  0.825137  0.604492  0.615711  0.734862  0.673433  0.616306  0.542139  0.583229  0.804360  0.579109 
9  0.646852  0.878798  0.744209  0.673887  0.726671  0.700782  0.608847  0.448886  0.661044 0.0  0.808847  0.620391  0.550734  0.686007  0.759539  0.672355  0.957736  0.765243  0.504344  0.676859  0.741449  0.670358  0.470398  0.751250  0.790474  0.864716  0.523622  0.352873  0.216897  0.608822  0.720886  0.639731  0.689777  0.785540  0.731592  0.596292  0.410568  0.857043  0.641100  0.754210  0.740797  0.744011  0.722193  0.618565  0.743799  0.716584  0.713316  0.699658  0.654501  0.670948  0.635196  0.689529  0.603489  0.293075  0.731985  0.581985  0.495618  0.799388  0.742124  0.460724  0.705282  0.692738  0.479736  0.792623  0.769942  0.738555  0.687814  0.821912  0.735626  0.802650  0.656748  0.741607  0.679946  0.838541  0.708458  0.664618  0.575093  0.646354  0.564388  0.782750  0.481634  0.394870  0.757479  0.703838  0.727849  0.673828  0.718651  0.409387  0.811729  0.687163  0.731353  0.397840  0.628837  0.719745  0.636094  0.729451  0.572921  0.794748  0.726196  0.473254  0.792192  0.533936  0.659784  0.620772  0.546082  0.439104  0.495382  0.847666  0.646205  0.594331  0.663144  0.546742  0.675041  0.677221  0.703063  0.702241  0.807929  0.755353  0.673037  0.702219  0.722431  0.709282  0.652539  0.783273  0.611065  0.553735  0.691877  0.745492  0.726536  0.646938  0.493090  0.635430  0.653967  0.826385  0.736732  0.757264  0.626478  0.781790  0.342600  0.854621  0.477689  0.617333  0.747200  0.699273  0.425461  0.738027 
10  0.321232  0.725920  0.733640  0.324310  0.338331  0.532893  0.356516  0.633985  0.603711  0.808847 0.0  0.716426  0.677294  0.722632  0.676135  0.442628  0.820615  0.694354  0.624037  0.653120  0.382101  0.759678  0.842403  0.638735  0.761616  0.808464  0.729776  0.706755  0.721603  0.505517  0.607222  0.457755  0.444041  0.806752  0.732022  0.590632  0.633946  0.698789  0.368406  0.607781  0.753506  0.644868  0.171893  0.449985  0.663912  0.417398  0.608446  0.512737  0.595656  0.676253  0.577376  0.539874  0.000000  0.652368  0.681056  0.788187  0.630708  0.686880  0.757553  0.723007  0.421729  0.521260  0.668841  0.830534  0.716783  0.395047  0.268207  0.668149  0.655175  0.621271  0.447808  0.473672  0.592231  0.569825  0.762996  0.009527  0.505832  0.357653  0.581569  0.759067  0.703513  0.635727  0.767845  0.449261  0.562110  0.437868  0.624749  0.571163  0.593604  0.636264  0.757203  0.713551  0.756292  0.570933  0.159870  0.687129  0.715392  0.674507  0.643876  0.651461  0.627634  0.596951  0.839620  0.688783  0.614385  0.686080  0.582566  0.740594  0.290958  0.509748  0.568138  0.551051  0.414480  0.521539  0.623770  0.332983  0.623494  0.554156  0.544072  0.671985  0.740310  0.435418  0.508263  0.675551  0.465134  0.465203  0.611251  0.600096  0.637497  0.489110  0.680456  0.468670  0.562931  0.737332  0.492350  0.484615  0.842894  0.584151  0.645950  0.715024  0.657367  0.470101  0.751377  0.655910  0.595226  0.646504 
11  0.643543  0.833223  0.779858  0.671132  0.641884  0.696319  0.658848  0.522382  0.802604  0.620391  0.716426 0.0  0.411510  0.746212  0.714160  0.543246  0.816358  0.754181  0.455880  0.638850  0.527970  0.802619  0.699466  0.700640  0.844044  0.763725  0.673199  0.516942  0.699530  0.605058  0.319796  0.545476  0.614300  0.852871  0.784769  0.493812  0.540948  0.822053  0.626230  0.712922  0.731714  0.738293  0.568069  0.561030  0.721282  0.659621  0.491059  0.654731  0.652319  0.654723  0.624349  0.301851  0.618879  0.564721  0.756854  0.570996  0.312778  0.732993  0.746083  0.584264  0.652941  0.708992  0.546743  0.826821  0.667421  0.604747  0.648297  0.743577  0.746613  0.795548  0.668633  0.589297  0.651086  0.727910  0.812361  0.641277  0.734414  0.534709  0.567599  0.718108  0.469166  0.579395  0.765892  0.598070  0.585692  0.547217  0.641902  0.534411  0.787694  0.646719  0.666238  0.552364  0.763222  0.741273  0.509316  0.734030  0.644736  0.777651  0.630254  0.573944  0.689656  0.492239  0.871334  0.583942  0.404344  0.525408  0.529397  0.791337  0.633179  0.578241  0.559986  0.563023  0.534633  0.682076  0.673381  0.495581  0.659896  0.673109  0.524847  0.715255  0.884983  0.501762  0.568800  0.756938  0.633357  0.458910  0.586152  0.668916  0.771244  0.521823  0.556519  0.567110  0.715399  0.556095  0.710333  0.659726  0.630237  0.634124  0.536231  0.899559  0.563939  0.534722  0.840448  0.679038  0.620934  0.768595 
12  0.614839  0.638052  0.726894  0.671880  0.687684  0.804752  0.620920  0.555912  0.718087  0.550734  0.677294  0.411510 0.0  0.779040  0.684924  0.595594  0.777976  0.912011  0.367666  0.782620  0.663312  0.649377  0.645953  0.786789  0.740555  0.800565  0.550195  0.558286  0.506438  0.723421  0.552271  0.603354  0.661157  0.691132  0.755430  0.564884  0.535478  0.846728  0.629013  0.882898  0.767234  0.669476  0.590358  0.648110  0.712718  0.675414  0.529621  0.679560  0.614286  0.596704  0.608433  0.521315  0.583861  0.533254  0.708602  0.580778  0.504707  0.734213  0.827619  0.459944  0.613714  0.655905  0.472838  0.852645  0.635955  0.603147  0.671849  0.920505  0.779543  0.625988  0.604623  0.508741  0.432667  0.707592  0.715350  0.695446  0.712624  0.698914  0.725189  0.783099  0.541001  0.522720  0.830381  0.617294  0.513134  0.574620  0.655140  0.533619  0.874576  0.680649  0.845950  0.469707  0.741777  0.682144  0.663600  0.707590  0.488037  0.720875  0.596204  0.489305  0.648984  0.451995  0.709214  0.585448  0.503492  0.471905  0.542469  0.764667  0.633092  0.550485  0.613323  0.602504  0.599106  0.639338  0.606729  0.610261  0.733814  0.643136  0.592047  0.802864  0.656744  0.665328  0.545394  0.716322  0.732380  0.605852  0.578524  0.685346  0.775825  0.628929  0.456781  0.692872  0.829134  0.702386  0.725334  0.684090  0.554928  0.766832  0.521501  0.810021  0.556263  0.629126  0.730499  0.753622  0.615111  0.710308 
13  0.688650  0.569889  0.536694  0.795891  0.709712  0.602394  0.710616  0.817608  0.792873  0.686007  0.722632  0.746212  0.779040 0.0  0.577427  0.715514  0.638378  0.599982  0.890523  0.738004  0.738689  0.594706  0.748142  0.599374  0.732689  0.561615  0.860679  0.813603  0.899012  0.666283  0.771546  0.779100  0.783770  0.777151  0.469204  0.813715  0.642253  0.556659  0.663786  0.573457  0.589123  0.514744  0.741467  0.669865  0.279360  0.779566  0.785313  0.817980  0.769056  0.774015  0.731919  0.695838  0.763993  0.859748  0.711646  0.683062  0.763920  0.615133  0.601789  0.798557  0.643914  0.671125  0.815639  0.828502  0.756309  0.778867  0.679430  0.544663  0.690083  0.709984  0.773390  0.720910  0.622367  0.615601  0.793997  0.640711  0.804503  0.665462  0.557505  0.445313  0.669412  0.756133  0.605181  0.784610  0.582904  0.705528  0.578936  0.652743  0.698109  0.789023  0.889688  0.736532  0.568343  0.572329  0.773651  0.620188  0.812429  0.502674  0.711659  0.752036  0.790830  0.773371  0.800813  0.693756  0.792523  0.751968  0.782094  0.652918  0.770097  0.594921  0.717380  0.703351  0.661788  0.718037  0.525888  0.718405  0.614203  0.477570  0.652012  0.597261  0.805161  0.815494  0.699042  0.546048  0.750711  0.714761  0.679873  0.609282  0.379936  0.731984  0.789008  0.669984  0.672795  0.557959  0.545431  0.776017  0.630459  0.794784  0.785044  0.626774  0.639152  0.705784  0.643250  0.645666  0.735409  0.612840 
14  0.598496  0.647551  0.586589  0.574585  0.640566  0.563528  0.659960  0.651645  0.250319  0.759539  0.676135  0.714160  0.684924  0.577427 0.0  0.702747  0.706396  0.547038  0.687425  0.466220  0.453245  0.665513  0.595909  0.750069  0.653912  0.691674  0.576678  0.610025  0.715405  0.572301  0.709908  0.528163  0.654342  0.655896  0.665893  0.691001  0.670104  0.686139  0.636226  0.584841  0.678263  0.413548  0.462872  0.598872  0.704205  0.560991  0.575705  0.496676  0.645416  0.725388  0.454471  0.736423  0.613236  0.665407  0.559019  0.733902  0.632786  0.548990  0.751778  0.733270  0.613730  0.587693  0.705989  0.916313  0.862424  0.597661  0.534069  0.618980  0.636780  0.581135  0.504395  0.648951  0.624969  0.378867  0.874887  0.615605  0.615726  0.663163  0.636128  0.702938  0.762077  0.725510  0.744274  0.638996  0.684327  0.692235  0.611699  0.724286  0.693330  0.865612  0.703839  0.634068  0.477353  0.624215  0.510788  0.579631  0.701624  0.673576  0.643105  0.765677  0.594969  0.617094  0.940087  0.706241  0.627257  0.748811  0.793187  0.675407  0.701990  0.549584  0.651126  0.566631  0.674975  0.403289  0.380639  0.570930  0.758005  0.554083  0.637689  0.689636  0.811869  0.425775  0.672855  0.529228  0.498326  0.707005  0.551608  0.527027  0.653490  0.634168  0.757996  0.640907  0.615980  0.708258  0.541036  0.428659  0.867922  0.550194  0.638947  0.790867  0.685263  0.663822  0.617822  0.663753  0.722556  0.651360 
15  0.688410  0.681392  0.679402  0.532957  0.533703  0.569093  0.491354  0.632066  0.538466  0.672355  0.442628  0.543246  0.595594  0.715514  0.702747 0.0  0.706658  0.762321  0.592164  0.672120  0.559715  0.719642  0.612296  0.712332  0.731679  0.769426  0.670051  0.598171  0.722157  0.379265  0.501910  0.505044  0.419932  0.747198  0.743630  0.492469  0.631395  0.737920  0.426188  0.670235  0.761610  0.721508  0.576478  0.521305  0.729755  0.609303  0.378881  0.505783  0.643441  0.650014  0.587911  0.545909  0.499308  0.603438  0.693166  0.626517  0.535307  0.638323  0.873910  0.575845  0.551618  0.491997  0.715518  0.744672  0.649912  0.385521  0.637002  0.671117  0.643846  0.694894  0.565562  0.491537  0.698667  0.522687  0.770900  0.533701  0.387201  0.672496  0.505640  0.727141  0.588970  0.617783  0.713036  0.533536  0.449673  0.346923  0.593624  0.655630  0.669008  0.625170  0.769904  0.641956  0.659676  0.687728  0.550166  0.584588  0.648623  0.679388  0.643556  0.620743  0.598560  0.503402  0.859453  0.766127  0.354581  0.625589  0.598200  0.731360  0.549510  0.341419  0.454951  0.545245  0.537945  0.514562  0.691611  0.366909  0.786536  0.680240  0.354718  0.710274  0.805379  0.608140  0.486547  0.674579  0.598125  0.260628  0.541742  0.687284  0.677212  0.406701  0.594947  0.504492  0.615870  0.779284  0.695196  0.546555  0.562929  0.643740  0.651882  0.896221  0.577724  0.476282  0.724591  0.604857  0.618049  0.772410 
16  0.700384  0.640759  0.748568  0.837493  0.605787  0.618016  0.750393  0.794801  0.734027  0.957736  0.820615  0.816358  0.777976  0.638378  0.706396  0.706658 0.0  0.554486  0.683159  0.655361  0.762455  0.741933  0.777457  0.713719  0.550024  0.496851  0.703378  0.791042  0.781484  0.741669  0.738437  0.721400  0.693426  0.692916  0.669478  0.948708  0.797070  0.559102  0.782633  0.679329  0.466199  0.777833  0.806344  0.797653  0.665702  0.694053  0.788796  0.810592  0.791173  0.729568  0.543675  0.860863  0.689700  0.789028  0.697051  0.780731  0.691622  0.627244  0.526151  0.765687  0.750868  0.798646  0.795568  0.799083  0.893696  0.737508  0.685706  0.808796  0.700654  0.652266  0.752260  0.806651  0.864513  0.601308  0.809421  0.821388  0.786651  0.718580  0.780136  0.710391  0.772979  0.895413  0.533426  0.796654  0.777866  0.818848  0.700079  0.896036  0.280363  0.917660  0.848381  0.894089  0.597801  0.803806  0.844859  0.709896  0.900693  0.644194  0.765501  0.833644  0.688028  0.751417  0.937925  0.806202  0.752986  0.744658  0.863562  0.715623  0.741179  0.952613  0.802685  0.795762  0.804198  0.727188  0.721871  0.655902  0.618952  0.678796  0.755548  0.709360  0.849271  0.683672  0.740393  0.770373  0.765515  0.629626  0.671930  0.569196  0.675928  0.852991  0.757979  0.750856  0.717278  0.696426  0.635040  0.605786  0.843871  0.837367  0.762867  0.418973  0.769835  0.723020  0.728950  0.766525  0.777582  0.678021 
17  0.761451  0.803905  0.675000  0.718268  0.669996  0.541493  0.665687  0.728423  0.630623  0.765243  0.694354  0.754181  0.912011  0.599982  0.547038  0.762321  0.554486 0.0  0.775667  0.614403  0.726371  0.665161  0.727416  0.667257  0.661263  0.729065  0.812689  0.706668  0.732835  0.564624  0.678896  0.696518  0.658600  0.964495  0.488128  0.784329  0.773433  0.491904  0.667926  0.648245  0.602113  0.563561  0.703897  0.717536  0.574214  0.735277  0.744868  0.678487  0.715160  0.726293  0.657846  0.738853  0.699391  0.738258  0.580413  0.837165  0.791324  0.523368  0.779744  0.837768  0.764451  0.596181  0.725193  0.795082  0.666742  0.664734  0.624601  0.567131  0.403983  0.430862  0.700505  0.693199  0.701485  0.597320  0.908094  0.701035  0.652464  0.672416  0.618983  0.603089  0.692646  0.728144  0.452543  0.719752  0.702885  0.674765  0.504396  0.791375  0.681991  0.868022  0.778384  0.772247  0.539642  0.698932  0.694658  0.503476  0.814084  0.613705  0.723793  0.762739  0.739680  0.756234  0.800618  0.769479  0.751162  0.797523  0.720154  0.693793  0.703185  0.698324  0.711457  0.820957  0.606419  0.612657  0.553510  0.740230  0.711183  0.462250  0.706827  0.701598  0.889167  0.646954  0.573943  0.493615  0.662311  0.662098  0.707393  0.456262  0.599478  0.726895  0.747913  0.687414  0.502692  0.529372  0.405991  0.674195  0.732164  0.671322  0.711919  0.624558  0.801639  0.695917  0.336247  0.642944  0.865367  0.801042 
18  0.793305  0.774114  0.752031  0.614947  0.642677  0.702744  0.599662  0.566991  0.788902  0.504344  0.624037  0.455880  0.367666  0.890523  0.687425  0.592164  0.683159  0.775667 0.0  0.792341  0.634376  0.610895  0.606639  0.755286  0.683585  0.743239  0.546689  0.535415  0.590351  0.514851  0.493045  0.601374  0.578525  0.719026  0.718633  0.614844  0.529147  0.741382  0.685723  0.725897  0.764082  0.799452  0.673707  0.611809  0.788858  0.544008  0.510548  0.608366  0.686296  0.615763  0.755770  0.540729  0.595250  0.516353  0.714944  0.482649  0.600268  0.711254  0.797815  0.438688  0.530199  0.727855  0.445311  0.927016  0.713661  0.682671  0.509610  0.741191  0.698938  0.653810  0.673660  0.561346  0.631140  0.663678  0.762674  0.649951  0.529570  0.613721  0.622727  0.758279  0.434648  0.459114  0.742215  0.597746  0.585770  0.579499  0.639966  0.525726  0.799980  0.615861  0.658051  0.583833  0.680347  0.672143  0.600534  0.680762  0.478238  0.767274  0.715051  0.478977  0.717143  0.395812  0.823877  0.690371  0.634978  0.371309  0.533446  0.818575  0.695368  0.572352  0.615259  0.677910  0.638441  0.782469  0.721324  0.627747  0.804590  0.734651  0.510349  0.829635  0.610877  0.681389  0.481949  0.712373  0.697239  0.549672  0.603258  0.735046  0.731629  0.647465  0.443398  0.706691  0.776274  0.714827  0.808987  0.656337  0.633124  0.688583  0.471476  0.877932  0.574091  0.617250  0.790092  0.631933  0.562532  0.722248 
19  0.571367  0.716828  0.659636  0.628924  0.692552  0.334229  0.683850  0.688316  0.536500  0.676859  0.653120  0.638850  0.782620  0.738004  0.466220  0.672120  0.655361  0.614403  0.792341 0.0  0.628268  0.653752  0.720564  0.653854  0.769059  0.670688  0.739308  0.778987  0.783467  0.674300  0.750201  0.650491  0.726583  0.689019  0.709361  0.696626  0.730851  0.642955  0.642110  0.579193  0.628896  0.549302  0.675590  0.611597  0.641074  0.600545  0.664552  0.625505  0.703717  0.863611  0.662319  0.774779  0.701074  0.757511  0.491396  0.790091  0.669907  0.474841  0.575087  0.715410  0.558413  0.703218  0.714227  0.820082  0.747024  0.620501  0.726293  0.631718  0.459920  0.532529  0.671971  0.656516  0.727743  0.577081  0.831195  0.640971  0.614471  0.579648  0.734106  0.552462  0.652919  0.700965  0.654034  0.660753  0.766260  0.614524  0.603053  0.697074  0.596767  0.903052  0.804982  0.795366  0.281014  0.556194  0.595093  0.385795  0.672472  0.773647  0.682498  0.798776  0.669206  0.746046  0.888542  0.764280  0.709128  0.658847  0.785578  0.750614  0.649828  0.573785  0.650581  0.719193  0.643535  0.478795  0.598634  0.704491  0.666185  0.414651  0.589042  0.677143  0.761060  0.628466  0.599159  0.605819  0.680863  0.667758  0.649760  0.456304  0.523646  0.719264  0.743516  0.612117  0.463119  0.489919  0.483791  0.633193  0.645645  0.576192  0.834395  0.663728  0.607453  0.726252  0.569841  0.675526  0.690399  0.671137 
20  0.476169  0.701601  0.700920  0.496772  0.391862  0.689704  0.233994  0.701002  0.643116  0.741449  0.382101  0.527970  0.663312  0.738689  0.453245  0.559715  0.762455  0.726371  0.634376  0.628268 0.0  0.662808  0.593854  0.480247  0.705938  0.738001  0.616593  0.629675  0.642907  0.471378  0.525787  0.387305  0.499089  0.780025  0.679777  0.524750  0.732974  0.835115  0.389902  0.691572  0.688799  0.482526  0.343541  0.317566  0.687759  0.392723  0.564465  0.219388  0.637813  0.606418  0.508759  0.601485  0.465844  0.703444  0.608161  0.581549  0.561496  0.702230  0.779213  0.708083  0.492034  0.519188  0.652584  0.871986  0.728745  0.251655  0.257409  0.726068  0.733012  0.635736  0.364781  0.550226  0.578191  0.508106  0.852663  0.364284  0.413437  0.508883  0.523808  0.678094  0.565937  0.632314  0.642624  0.270111  0.499030  0.494783  0.688151  0.641016  0.787740  0.734617  0.585572  0.585315  0.746800  0.554019  0.417762  0.606452  0.531938  0.688247  0.520260  0.629261  0.504548  0.561681  0.826537  0.679624  0.561129  0.673097  0.661782  0.730806  0.356566  0.510891  0.459271  0.575333  0.558588  0.481582  0.636450  0.566845  0.639351  0.716680  0.491229  0.730917  0.746524  0.432970  0.468395  0.667412  0.470899  0.549509  0.246648  0.609381  0.827055  0.388342  0.585621  0.353286  0.653579  0.681290  0.725515  0.472837  0.749628  0.621005  0.715671  0.778615  0.656820  0.616402  0.688301  0.580545  0.701743  0.696535 
21  0.645292  0.544200  0.546808  0.653223  0.708624  0.650952  0.731892  0.891738  0.587033  0.670358  0.759678  0.802619  0.649377  0.594706  0.665513  0.719642  0.741933  0.665161  0.610895  0.653752  0.662808 0.0  0.781503  0.706259  0.691742  0.616528  0.719215  0.803418  0.719907  0.692974  0.797746  0.728245  0.750426  0.825147  0.205369  0.681826  0.841908  0.755233  0.670109  0.386104  0.590487  0.527462  0.754475  0.658219  0.506860  0.617693  0.788383  0.749473  0.813342  0.827244  0.704874  0.671575  0.814983  0.758515  0.571655  0.742583  0.724091  0.520801  0.643054  0.757540  0.567761  0.756189  0.738633  0.720008  0.800178  0.612950  0.668879  0.294243  0.583573  0.680260  0.637512  0.764344  0.601311  0.631562  0.824742  0.633788  0.642756  0.751014  0.647464  0.467870  0.908610  0.836434  0.649868  0.621843  0.745460  0.707050  0.659070  0.745009  0.667030  0.749306  0.805784  0.787242  0.670028  0.542595  0.652099  0.584424  0.622481  0.439744  0.715545  0.717222  0.617627  0.704508  0.934174  0.763881  0.786487  0.750478  0.752626  0.697337  0.725440  0.701081  0.730165  0.636337  0.712031  0.584867  0.484951  0.668839  0.627489  0.538900  0.666525  0.424012  0.839042  0.630314  0.697534  0.360378  0.594783  0.786462  0.678037  0.636281  0.674764  0.727440  0.738455  0.757920  0.707844  0.685164  0.583038  0.772888  0.818337  0.707521  0.794346  0.734303  0.672194  0.749490  0.707562  0.692035  0.776484  0.602802 
22  0.622513  0.786669  0.785875  0.666264  0.643285  0.716083  0.557434  0.505997  0.637923  0.470398  0.842403  0.699466  0.645953  0.748142  0.595909  0.612296  0.777457  0.727416  0.606639  0.720564  0.593854  0.781503 0.0  0.723059  0.804841  0.799043  0.480156  0.512554  0.444208  0.663542  0.581101  0.609983  0.653579  0.670802  0.757056  0.624862  0.303996  0.785343  0.630519  0.738673  0.801922  0.680342  0.581978  0.611680  0.748778  0.762340  0.597476  0.630674  0.560783  0.658908  0.802452  0.618957  0.638166  0.445438  0.743441  0.497617  0.477076  0.784411  0.655924  0.531159  0.671261  0.732620  0.585953  0.848728  0.680304  0.635687  0.613149  0.658877  0.781901  0.698376  0.702052  0.566654  0.805890  0.632992  0.861794  0.755127  0.633148  0.651885  0.679201  0.689910  0.573676  0.485249  0.828056  0.620475  0.680166  0.576832  0.833229  0.422434  0.701019  0.648159  0.656748  0.312792  0.671501  0.797252  0.642348  0.638842  0.621329  0.883020  0.705394  0.470324  0.749080  0.542138  0.852401  0.601746  0.730733  0.547883  0.445867  0.865977  0.749050  0.558334  0.550684  0.726119  0.616054  0.683562  0.767953  0.514739  0.700196  0.815512  0.708618  0.821216  0.821393  0.672437  0.662627  0.844316  0.673948  0.596210  0.647336  0.799629  0.748007  0.622388  0.516450  0.674385  0.740517  0.767486  0.641660  0.647057  0.649268  0.731626  0.372176  0.725847  0.484879  0.580083  0.854716  0.735536  0.265039  0.722940 
23  0.621626  0.766138  0.560914  0.598157  0.709524  0.632626  0.541670  0.603679  0.612741  0.751250  0.638735  0.700640  0.786789  0.599374  0.750069  0.712332  0.713719  0.667257  0.755286  0.653854  0.480247  0.706259  0.723059 0.0  0.731853  0.745547  0.625560  0.680848  0.744640  0.612514  0.685549  0.662076  0.561846  0.717879  0.646770  0.710622  0.685828  0.719302  0.718541  0.657090  0.677913  0.642657  0.619012  0.748052  0.649196  0.596915  0.681264  0.694078  0.616569  0.710576  0.702598  0.641283  0.672976  0.667792  0.773633  0.590518  0.585428  0.779582  0.660715  0.798830  0.686263  0.585944  0.866803  0.833153  0.742050  0.596643  0.526260  0.644506  0.713483  0.686056  0.580778  0.685102  0.660572  0.744151  0.786124  0.718383  0.577599  0.742872  0.603488  0.607888  0.612086  0.746963  0.606401  0.623234  0.673394  0.650297  0.823116  0.805323  0.661432  0.772440  0.737645  0.755948  0.646809  0.630732  0.654386  0.673696  0.695495  0.724463  0.520830  0.777590  0.515505  0.726414  0.978385  0.761207  0.712547  0.647215  0.736106  0.588939  0.592367  0.638330  0.697059  0.645880  0.652424  0.560799  0.602693  0.629325  0.670776  0.745593  0.624934  0.481023  0.854064  0.664489  0.655410  0.686598  0.597311  0.676455  0.564633  0.552300  0.813115  0.647928  0.620272  0.750993  0.688157  0.667279  0.670308  0.543636  0.718661  0.529701  0.796041  0.728391  0.758230  0.659498  0.662050  0.527667  0.694874  0.509677 
24  0.747567  0.504670  0.563968  0.773898  0.699801  0.739848  0.773242  0.832607  0.621631  0.790474  0.761616  0.844044  0.740555  0.732689  0.653912  0.731679  0.550024  0.661263  0.683585  0.769059  0.705938  0.691742  0.804841  0.731853 0.0  0.377432  0.852722  0.804148  0.834282  0.695869  0.777669  0.759727  0.708119  0.797167  0.717890  0.736070  0.869486  0.522774  0.864803  0.559594  0.560317  0.628318  0.736359  0.654895  0.548259  0.723590  0.823403  0.670828  0.740608  0.841689  0.663664  0.727079  0.766614  0.833599  0.771166  0.718412  0.844712  0.655825  0.536223  0.741583  0.685160  0.711629  0.792797  0.855974  0.794300  0.669254  0.693669  0.602195  0.584594  0.707186  0.730963  0.764965  0.704567  0.718730  0.632148  0.721537  0.693045  0.664893  0.742003  0.595846  0.807485  0.833998  0.650597  0.866307  0.731316  0.792179  0.657167  0.849539  0.561667  0.775560  0.687891  0.811683  0.765054  0.703959  0.796654  0.597608  0.892768  0.631809  0.785676  0.870035  0.791522  0.776335  0.929416  0.731760  0.903563  0.659998  0.948263  0.641748  0.705759  0.774024  0.720706  0.734321  0.769339  0.721111  0.612972  0.744954  0.730012  0.732491  0.770811  0.660348  0.935662  0.772015  0.711063  0.569138  0.686812  0.880845  0.703253  0.699326  0.655310  0.696113  0.861355  0.672061  0.721841  0.750308  0.644209  0.774904  0.827391  0.712310  0.776471  0.501302  0.800691  0.796583  0.718211  0.740878  0.823214  0.744978 
25  0.751363  0.645832  0.564766  0.758228  0.690379  0.658326  0.722934  0.985142  0.653424  0.864716  0.808464  0.763725  0.800565  0.561615  0.691674  0.769426  0.496851  0.729065  0.743239  0.670688  0.738001  0.616528  0.799043  0.745547  0.377432 0.0  0.780796  0.838707  0.848726  0.857093  0.678329  0.641512  0.822018  0.848610  0.634130  0.723064  0.819475  0.500892  0.834986  0.584404  0.614922  0.792664  0.752848  0.781675  0.654704  0.749664  0.737027  0.724584  0.822604  0.737028  0.658100  0.758510  0.688535  0.662858  0.666603  0.859246  0.755701  0.641964  0.646326  0.704483  0.705080  0.685318  0.873579  0.809007  0.816976  0.876797  0.647878  0.592410  0.675042  0.641560  0.754649  0.786744  0.811195  0.775881  0.826599  0.734753  0.598783  0.790952  0.781598  0.642467  0.758046  0.726440  0.637799  0.841791  0.656046  0.823939  0.571738  0.828019  0.623140  0.829288  0.819909  0.736188  0.720831  0.664570  0.734840  0.669101  0.710351  0.610752  0.819222  0.791636  0.798770  0.760151  0.898630  0.922274  0.754793  0.796277  0.812553  0.618695  0.720576  0.717536  0.844039  0.754156  0.760094  0.712680  0.681049  0.614705  0.665339  0.637498  0.819189  0.621458  0.834927  0.716463  0.722982  0.663746  0.674135  0.776030  0.726729  0.662471  0.438290  0.784721  0.763397  0.675280  0.706465  0.641111  0.653966  0.662899  0.811948  0.721486  0.753867  0.573275  0.680204  0.784148  0.742718  0.746726  0.881668  0.698514 
26  0.588777  0.679860  0.744172  0.640344  0.530792  0.792691  0.609348  0.387153  0.698584  0.523622  0.729776  0.673199  0.550195  0.860679  0.576678  0.670051  0.703378  0.812689  0.546689  0.739308  0.616593  0.719215  0.480156  0.625560  0.852722  0.780796 0.0  0.345395  0.426811  0.708274  0.542696  0.680467  0.533062  0.798065  0.763702  0.552320  0.440719  0.788925  0.672542  0.747602  0.907421  0.714233  0.692658  0.709088  0.742241  0.678652  0.574607  0.728150  0.591368  0.692405  0.712167  0.559837  0.687698  0.380021  0.640062  0.211650  0.534380  0.780175  0.764434  0.242718  0.693394  0.733486  0.436530  0.815762  0.702886  0.620303  0.638701  0.800029  0.792366  0.762145  0.574184  0.722269  0.676516  0.804685  0.775321  0.620289  0.648813  0.583804  0.655671  0.761441  0.408704  0.039177  0.722646  0.769604  0.731584  0.606687  0.739150  0.200276  0.817172  0.676757  0.629409  0.441875  0.784124  0.569007  0.629548  0.697802  0.365964  0.701100  0.584547  0.377580  0.703871  0.373137  0.707264  0.524748  0.561083  0.466116  0.253628  0.869171  0.699127  0.686997  0.569865  0.672586  0.671264  0.644292  0.652107  0.648651  0.650444  0.709044  0.620747  0.839274  0.732205  0.667503  0.557982  0.778558  0.641903  0.677874  0.724536  0.680358  0.792862  0.611127  0.303192  0.725988  0.728664  0.701281  0.711231  0.702538  0.606801  0.720997  0.286026  0.823863  0.400234  0.676717  0.775538  0.708932  0.571916  0.661556 
