146
0 0.0  0.648310  0.636448  0.198283  0.423142  0.644337  0.378900  0.624986  0.609931  0.576981  0.265725  0.647597  0.654969  0.778568  0.603580  0.535014  0.710698  0.633105  0.528398  0.634821  0.385210  0.627586  0.650332  0.668376  0.879760  0.732602  0.672479  0.668004  0.618938  0.522340  0.670478  0.361664  0.572698  0.753557  0.657074  0.524062  0.779120  0.711767  0.511786  0.779013  0.743917  0.683868  0.358457  0.490938  0.532094  0.491686  0.628681  0.454926  0.663967  0.752779  0.439601  0.636698  0.193878  0.686219  0.638005  0.671000  0.556248  0.685786  0.789924  0.639438  0.528460  0.421422  0.592410  0.805725  0.769495  0.325865  0.388485  0.681977  0.695705  0.733016  0.349221  0.505292  0.671610  0.552506  0.806333  0.275556  0.387497  0.408672  0.532573  0.783230  0.758560  0.704147  0.710167  0.363783  0.410562  0.505930  0.666543  0.758324  0.717175  0.767658  0.844732  0.671283  0.590681  0.629808  0.320626  0.620566  0.586097  0.670576  0.646347  0.482740  0.547892  0.528839  0.839898  0.687471  0.444783  0.773843  0.750367  0.738046  0.346938  0.472332  0.544682  0.410023  0.446410  0.510977  0.504929  0.452671  0.775640  0.594762  0.594547  0.653185  0.812038  0.353388  0.552315  0.674194  0.486390  0.575901  0.378003  0.691877  0.745377  0.445570  0.580635  0.457454  0.612201  0.543921  0.624270  0.437989  0.709768  0.560568  0.725926  0.804562  0.636343  0.386535  0.608707  0.617022  0.684442  0.616173 
1  0.648310 0.0  0.075784  0.714507  0.633003  0.764345  0.693575  0.668335  0.726483  0.662745  0.614999  0.809717  0.655107  0.575164  0.561349  0.666284  0.699306  0.683854  0.657819  0.720400  0.721245  0.554851  0.734985  0.631853  0.533775  0.567915  0.765639  0.840374  0.793787  0.778667  0.706398  0.734280  0.676983  0.769607  0.499429  0.687833  0.748299  0.714045  0.699820  0.303013  0.716076  0.622385  0.627316  0.652884  0.585025  0.763705  0.716804  0.801936  0.739860  0.709339  0.679134  0.731794  0.696599  0.760804  0.629663  0.775979  0.701782  0.639720  0.645640  0.651458  0.702350  0.590786  0.746610  0.822264  0.786403  0.774092  0.754983  0.422730  0.559828  0.641746  0.624241  0.657829  0.632496  0.578443  0.850026  0.650262  0.725124  0.740480  0.696490  0.610370  0.695492  0.674772  0.510184  0.658657  0.679931  0.656670  0.619639  0.779168  0.596737  0.879952  0.782167  0.666544  0.667458  0.636325  0.602504  0.538792  0.751478  0.400706  0.672300  0.847722  0.586130  0.678032  0.800729  0.845988  0.682792  0.693738  0.715711  0.515251  0.682562  0.650940  0.693526  0.625401  0.668062  0.611215  0.675084  0.836074  0.692550  0.557248  0.683388  0.369888  0.740877  0.630010  0.708565  0.624500  0.705966  0.696830  0.637612  0.718703  0.565227  0.668839  0.817263  0.578304  0.632619  0.658312  0.718809  0.587583  0.790324  0.757693  0.861843  0.647983  0.668843  0.643860  0.636503  0.721249  0.796288  0.725022 
2  0.636448  0.075784 0.0  0.666699  0.692178  0.599785  0.707352  0.748600  0.722980  0.708966  0.722720  0.640121  0.745740  0.587066  0.574462  0.750905  0.676503  0.681205  0.634013  0.676495  0.687282  0.458107  0.717951  0.737022  0.608842  0.606628  0.768994  0.712066  0.685661  0.684614  0.649760  0.707886  0.729930  0.890986  0.499233  0.765033  0.764119  0.634476  0.613415  0.366644  0.673262  0.640762  0.649367  0.672390  0.591222  0.698263  0.750566  0.746870  0.755162  0.722247  0.617005  0.710367  0.642446  0.820165  0.695630  0.794814  0.758591  0.737427  0.656919  0.848558  0.620311  0.665236  0.872263  0.850886  0.925267  0.726365  0.743973  0.520186  0.602367  0.631124  0.628152  0.787507  0.722329  0.750255  0.924695  0.920952  0.727226  0.642886  0.738336  0.657831  0.670759  0.718363  0.570531  0.644452  0.766710  0.776341  0.650370  0.762130  0.658698  0.725430  0.750135  0.870486  0.608394  0.583065  0.683142  0.712275  0.782768  0.394320  0.724113  0.787767  0.655291  0.805375  0.893989  0.737796  0.743653  0.724298  0.755871  0.434418  0.703971  0.721238  0.748513  0.710746  0.714567  0.541731  0.719342  0.770418  0.629916  0.622326  0.721497  0.397599  0.857024  0.648204  0.770733  0.513762  0.633348  0.719883  0.678758  0.603410  0.500579  0.684969  0.679379  0.664583  0.660214  0.693655  0.611497  0.725247  0.735350  0.636782  0.675850  0.587307  0.708090  0.750025  0.711527  0.666982  0.720929  0.709756 
3  0.198283  0.714507  0.666699 0.0  0.436051  0.592939  0.344183  0.626967  0.508892  0.626942  0.298474  0.543136  0.667925  0.762328  0.525264  0.564716  0.791508  0.671488  0.689907  0.622009  0.464000  0.655449  0.656636  0.627406  0.709680  0.730140  0.627168  0.728391  0.715315  0.577346  0.618377  0.512949  0.456439  0.647869  0.747603  0.590079  0.720739  0.657441  0.473841  0.672441  0.643937  0.635586  0.358774  0.296872  0.619972  0.465101  0.510374  0.340001  0.727268  0.773880  0.499998  0.611177  0.300553  0.757851  0.497891  0.666440  0.579043  0.605421  0.692361  0.627510  0.443639  0.369773  0.582935  0.773939  0.710050  0.352227  0.283754  0.628296  0.651515  0.725179  0.305557  0.511607  0.666384  0.544382  0.783847  0.349812  0.554504  0.451140  0.373128  0.640591  0.633821  0.631346  0.714168  0.434974  0.566398  0.490608  0.713873  0.727671  0.757251  0.653716  0.760119  0.695486  0.647340  0.600514  0.435122  0.614910  0.624281  0.729907  0.663998  0.626699  0.561622  0.643390  0.789922  0.691898  0.593052  0.639373  0.672362  0.668238  0.177052  0.567107  0.499345  0.466648  0.403290  0.472298  0.560146  0.575895  0.677065  0.609297  0.462673  0.590761  0.741190  0.355730  0.614730  0.652056  0.472753  0.597573  0.453298  0.651741  0.569832  0.463741  0.772250  0.413784  0.706843  0.649685  0.681987  0.420491  0.597903  0.659652  0.726922  0.885262  0.630770  0.393688  0.659802  0.525796  0.606654  0.635328 
4  0.423142  0.633003  0.692178  0.436051 0.0  0.607150  0.406894  0.642900  0.554553  0.665472  0.433011  0.669654  0.646175  0.707303  0.563929  0.499921  0.730957  0.725627  0.649598  0.570774  0.474020  0.692100  0.643918  0.666729  0.782841  0.774793  0.638986  0.703629  0.627803  0.367399  0.586341  0.402279  0.625214  0.824792  0.634192  0.541159  0.586369  0.707646  0.473745  0.684787  0.653940  0.603831  0.350773  0.445705  0.677272  0.531595  0.596720  0.390975  0.584822  0.626580  0.480361  0.618582  0.238286  0.593935  0.607353  0.516513  0.601669  0.652634  0.704888  0.680258  0.507126  0.399576  0.719622  0.865901  0.677335  0.391068  0.375180  0.623880  0.658461  0.675842  0.435051  0.349000  0.737555  0.563942  0.745806  0.384475  0.370764  0.129116  0.480982  0.662176  0.678163  0.709487  0.687215  0.398413  0.464378  0.523070  0.572445  0.703248  0.841085  0.734463  0.729802  0.648232  0.654158  0.625356  0.422004  0.506331  0.650597  0.720954  0.607951  0.663549  0.640269  0.641023  0.717901  0.731167  0.610865  0.608424  0.697936  0.743196  0.329675  0.533696  0.555992  0.441886  0.315332  0.512926  0.628396  0.565738  0.711362  0.677139  0.516680  0.669120  0.719098  0.474088  0.462299  0.738537  0.603195  0.570035  0.448038  0.560304  0.684563  0.510122  0.666107  0.488353  0.635909  0.753979  0.521389  0.534287  0.715116  0.730597  0.674803  0.748231  0.550759  0.413193  0.617209  0.613516  0.605603  0.645730 
5  0.644337  0.764345  0.599785  0.592939  0.607150 0.0  0.602285  0.654260  0.473843  0.717925  0.692083  0.714742  0.788851  0.600746  0.493773  0.624021  0.693708  0.531403  0.631315  0.394675  0.666354  0.527623  0.688756  0.605963  0.572126  0.754857  0.653726  0.747457  0.795757  0.591487  0.723405  0.594114  0.700139  0.841408  0.509768  0.637985  0.664800  0.625817  0.651485  0.645212  0.745962  0.464453  0.723845  0.694856  0.612373  0.564084  0.709546  0.612077  0.737357  0.825210  0.612377  0.687790  0.631065  0.707737  0.568385  0.804323  0.590576  0.576426  0.570885  0.699321  0.539366  0.576914  0.690791  0.648702  0.684991  0.625854  0.563138  0.599073  0.436092  0.470295  0.604348  0.657904  0.710951  0.524160  0.697112  0.672990  0.606180  0.656314  0.571857  0.570607  0.622039  0.715722  0.563662  0.641500  0.480142  0.746954  0.565311  0.770562  0.781134  0.733778  0.762056  0.717648  0.356842  0.616901  0.566586  0.235134  0.704130  0.662011  0.702580  0.798429  0.648495  0.717065  0.724940  0.836803  0.612635  0.783274  0.698121  0.616149  0.653735  0.649999  0.791876  0.707842  0.537055  0.630029  0.535508  0.671111  0.619222  0.377308  0.711622  0.587005  0.788608  0.651680  0.694508  0.537459  0.599353  0.724031  0.717375  0.554462  0.572309  0.627576  0.746932  0.593857  0.444122  0.406063  0.507443  0.698763  0.690928  0.573981  0.692908  0.721804  0.758285  0.625205  0.517804  0.609717  0.682312  0.568296 
6  0.378900  0.693575  0.707352  0.344183  0.406894  0.602285 0.0  0.548724  0.594660  0.582373  0.383528  0.573805  0.672885  0.735579  0.565757  0.398713  0.676363  0.630615  0.636277  0.611935  0.220147  0.674990  0.676344  0.637825  0.717167  0.723522  0.679286  0.533512  0.608557  0.406058  0.723147  0.549945  0.536612  0.772345  0.692017  0.574077  0.593186  0.726027  0.400414  0.670441  0.679687  0.553601  0.346971  0.297777  0.710388  0.421290  0.545045  0.345521  0.727861  0.708056  0.484360  0.519050  0.400079  0.726062  0.708097  0.599004  0.529252  0.659885  0.669869  0.686918  0.404280  0.440915  0.711674  0.819678  0.753651  0.040575  0.183617  0.611962  0.633989  0.666381  0.424949  0.484092  0.540410  0.553702  0.837125  0.429291  0.422342  0.389197  0.325813  0.719499  0.682657  0.639685  0.606963  0.353103  0.404255  0.531406  0.709515  0.525155  0.755145  0.700202  0.759269  0.678406  0.622558  0.626039  0.435548  0.697612  0.716565  0.662933  0.608083  0.663600  0.610512  0.650410  0.815992  0.682025  0.493864  0.699143  0.674686  0.628869  0.274699  0.360241  0.489514  0.498957  0.427994  0.596578  0.668839  0.495144  0.678829  0.694790  0.571232  0.781932  0.711003  0.362053  0.473311  0.697192  0.598377  0.443511  0.380678  0.690398  0.685057  0.413127  0.660482  0.451771  0.577838  0.608983  0.626230  0.472690  0.701049  0.565562  0.713458  0.762098  0.544241  0.460100  0.712090  0.574146  0.707763  0.682433 
7  0.624986  0.668335  0.748600  0.626967  0.642900  0.654260  0.548724 0.0  0.761455  0.479617  0.668469  0.599529  0.480460  0.698684  0.684837  0.695643  0.757092  0.747517  0.525927  0.889292  0.661642  0.733317  0.507623  0.750017  0.821133  0.784167  0.456993  0.558560  0.531977  0.546025  0.521614  0.537139  0.654963  0.704756  0.726149  0.508950  0.462981  0.874567  0.539601  0.823256  0.727312  0.666489  0.655611  0.641364  0.758120  0.573162  0.578710  0.588844  0.671824  0.609241  0.693797  0.556199  0.561784  0.569721  0.676518  0.391675  0.520643  0.667022  0.767139  0.305436  0.606827  0.541861  0.285136  0.815280  0.827153  0.626925  0.670238  0.756794  0.751249  0.716778  0.578430  0.553956  0.604039  0.771235  0.778387  0.636136  0.685325  0.657491  0.639674  0.741757  0.367010  0.386227  0.756392  0.616656  0.524823  0.589767  0.707427  0.295357  0.760181  0.545631  0.493087  0.384673  0.672274  0.706987  0.664546  0.632566  0.355523  0.762433  0.667496  0.275317  0.677043  0.118911  0.784439  0.475614  0.569464  0.259926  0.216692  0.724832  0.673260  0.671600  0.547643  0.657503  0.612586  0.682855  0.770048  0.498447  0.747904  0.730256  0.688539  0.729692  0.603598  0.742582  0.590897  0.828707  0.679827  0.586091  0.575610  0.749074  0.879813  0.592991  0.249748  0.631523  0.638524  0.782965  0.758797  0.760083  0.591384  0.726297  0.545576  0.778097  0.278701  0.583564  0.604723  0.650668  0.467008  0.755690 
8  0.609931  0.726483  0.722980  0.508892  0.554553  0.473843  0.594660  0.761455 0.0  0.758975  0.555868  0.684506  0.731120  0.637091  0.242897  0.630836  0.833977  0.667890  0.750825  0.513961  0.708566  0.576941  0.615562  0.485839  0.736476  0.602434  0.674343  0.721525  0.677805  0.565739  0.625675  0.627828  0.639887  0.682582  0.640051  0.698560  0.806063  0.682056  0.613490  0.725833  0.667191  0.502257  0.549444  0.528040  0.686020  0.535209  0.595560  0.583377  0.646747  0.684189  0.542235  0.629859  0.630814  0.735337  0.538123  0.744331  0.600332  0.562690  0.720581  0.831275  0.520322  0.507202  0.539285  0.832074  0.830976  0.619451  0.547295  0.628583  0.550728  0.631816  0.470636  0.671840  0.689560  0.336995  0.747677  0.550656  0.607908  0.648558  0.598222  0.640724  0.696140  0.796883  0.636449  0.665253  0.584453  0.599265  0.585762  0.626564  0.694362  0.751895  0.789945  0.696020  0.538929  0.494369  0.686703  0.497432  0.666567  0.518611  0.698821  0.689321  0.540405  0.619393  0.826604  0.709127  0.736352  0.690051  0.708902  0.700276  0.489731  0.586402  0.714589  0.547494  0.585224  0.345961  0.542130  0.631285  0.697510  0.471734  0.719400  0.638099  0.818734  0.562824  0.613032  0.684716  0.383031  0.704755  0.598515  0.555840  0.655416  0.550297  0.750264  0.577289  0.534168  0.716935  0.605926  0.531089  0.744402  0.612999  0.705639  0.772646  0.640848  0.498586  0.655393  0.549562  0.694098  0.535792 
9  0.576981  0.662745  0.708966  0.626942  0.665472  0.717925  0.582373  0.479617  0.758975 0.0  0.686669  0.671028  0.454968  0.695078  0.681684  0.718503  0.822705  0.657947  0.664398  0.664964  0.681770  0.681198  0.557761  0.744137  0.755463  0.819918  0.404545  0.265620  0.352041  0.649475  0.653341  0.568613  0.685570  0.733021  0.683936  0.655741  0.320152  0.786041  0.560872  0.748958  0.800482  0.653517  0.757126  0.668790  0.721392  0.584269  0.681311  0.642170  0.641440  0.704159  0.684401  0.613989  0.621341  0.323492  0.737039  0.375388  0.483100  0.673230  0.648396  0.502958  0.677379  0.671052  0.496453  0.818785  0.765123  0.656010  0.664631  0.780483  0.774240  0.684144  0.728729  0.700803  0.729470  0.741438  0.722458  0.669619  0.572634  0.685574  0.614781  0.786379  0.530226  0.396310  0.810430  0.676693  0.762174  0.580983  0.742681  0.307599  0.813955  0.655781  0.541265  0.352893  0.702064  0.734629  0.669742  0.787877  0.494605  0.739291  0.880227  0.439199  0.758681  0.477704  0.766620  0.492904  0.587478  0.535417  0.404129  0.739360  0.612510  0.629749  0.632984  0.576638  0.683141  0.752792  0.712445  0.651980  0.694608  0.884169  0.680326  0.690875  0.677322  0.701053  0.614899  0.790392  0.800531  0.617753  0.693051  0.683822  0.726417  0.748523  0.528992  0.647269  0.635136  0.820499  0.743184  0.713621  0.717334  0.634202  0.441414  0.770787  0.389958  0.642037  0.726216  0.669994  0.333452  0.739585 
10  0.265725  0.614999  0.722720  0.298474  0.433011  0.692083  0.383528  0.668469  0.555868  0.686669 0.0  0.614121  0.689232  0.584307  0.596802  0.569568  0.746330  0.735191  0.600518  0.553157  0.358904  0.615663  0.639748  0.656901  0.724652  0.677625  0.611025  0.647826  0.709929  0.476259  0.609636  0.446178  0.431803  0.815347  0.722675  0.541768  0.715307  0.684969  0.507644  0.636425  0.798719  0.632077  0.208184  0.344372  0.706397  0.442833  0.614072  0.427227  0.593069  0.607929  0.413072  0.502191  0.053419  0.620136  0.643385  0.618714  0.561028  0.676970  0.742518  0.737505  0.458706  0.440811  0.716679  0.875436  0.646117  0.452070  0.361539  0.591109  0.711418  0.602596  0.519911  0.469789  0.666127  0.548751  0.850580  0.008894  0.438465  0.397508  0.347069  0.712801  0.642150  0.597976  0.603028  0.387821  0.441818  0.452773  0.709984  0.625365  0.670259  0.631417  0.703793  0.662933  0.661816  0.638273  0.195825  0.580932  0.545840  0.732937  0.695649  0.682132  0.571226  0.522613  0.765872  0.798694  0.550962  0.671877  0.701851  0.757720  0.257160  0.512207  0.557959  0.524138  0.404519  0.626614  0.647605  0.498331  0.647673  0.544182  0.506539  0.702781  0.753617  0.394747  0.441201  0.669327  0.525116  0.586457  0.551291  0.690550  0.632636  0.515915  0.648397  0.491829  0.623381  0.543790  0.622658  0.487429  0.695796  0.571830  0.567095  0.695203  0.517904  0.527797  0.643039  0.602702  0.653560  0.642641 
11  0.647597  0.809717  0.640121  0.543136  0.669654  0.714742  0.573805  0.599529  0.684506  0.671028  0.614121 0.0  0.455186  0.689373  0.565070  0.454780  0.723662  0.703748  0.431520  0.709440  0.678732  0.674155  0.510932  0.699151  0.694189  0.741058  0.534713  0.503816  0.589084  0.473736  0.317815  0.560515  0.542697  0.704532  0.780494  0.434522  0.586603  0.642334  0.525224  0.719234  0.710299  0.753617  0.629050  0.602012  0.779635  0.575541  0.510398  0.598354  0.483265  0.650607  0.614769  0.251082  0.703855  0.586904  0.883119  0.615945  0.236195  0.724780  0.817278  0.462461  0.494510  0.545052  0.600159  0.891800  0.798763  0.494739  0.589918  0.732747  0.690130  0.749960  0.689710  0.433540  0.605356  0.563803  0.712599  0.628997  0.565608  0.642891  0.558964  0.658301  0.604486  0.581787  0.582782  0.552527  0.588911  0.559568  0.666270  0.573467  0.702921  0.673460  0.640870  0.618803  0.717754  0.739880  0.537733  0.676714  0.603435  0.640535  0.569078  0.560373  0.672459  0.476556  0.830633  0.610022  0.404961  0.548023  0.587596  0.697578  0.640499  0.525741  0.547172  0.526451  0.671126  0.662758  0.722570  0.519852  0.655548  0.751068  0.483513  0.574529  0.717895  0.549033  0.592092  0.739525  0.586950  0.593433  0.585140  0.741985  0.730933  0.451105  0.529255  0.530644  0.682126  0.657987  0.614482  0.658370  0.717278  0.815277  0.518881  0.861604  0.537395  0.589446  0.702069  0.663052  0.608651  0.700393 
12  0.654969  0.655107  0.745740  0.667925  0.646175  0.788851  0.672885  0.480460  0.731120  0.454968  0.689232  0.455186 0.0  0.786296  0.634851  0.388839  0.807618  0.655507  0.403025  0.698054  0.604239  0.685699  0.583240  0.759816  0.749637  0.782130  0.430000  0.632419  0.502584  0.574014  0.535276  0.634551  0.554455  0.853665  0.741969  0.479855  0.463393  0.580849  0.523618  0.863027  0.694702  0.774229  0.513301  0.614793  0.810025  0.714334  0.433810  0.580105  0.518352  0.608591  0.651726  0.419455  0.583591  0.576498  0.673870  0.558162  0.446844  0.673807  0.864056  0.530260  0.630167  0.588341  0.387455  0.822508  0.653324  0.693861  0.560442  0.658019  0.700960  0.739517  0.619714  0.524211  0.669468  0.689150  0.815839  0.744919  0.576742  0.662521  0.585495  0.834073  0.428036  0.573288  0.696803  0.569453  0.478641  0.544226  0.736042  0.492487  0.801062  0.632608  0.605725  0.572241  0.772075  0.751411  0.621965  0.714515  0.471969  0.789504  0.637992  0.462990  0.595861  0.466136  0.686956  0.625058  0.585154  0.478684  0.518600  0.649399  0.707897  0.577461  0.617036  0.577603  0.504911  0.595885  0.728380  0.562896  0.896183  0.610125  0.471286  0.685079  0.660524  0.644981  0.545346  0.749479  0.743677  0.575140  0.594767  0.715134  0.657754  0.674299  0.521559  0.640593  0.693090  0.694936  0.772571  0.619957  0.542361  0.803284  0.611863  0.719527  0.571736  0.552254  0.729576  0.600378  0.593683  0.714448 
13  0.778568  0.575164  0.587066  0.762328  0.707303  0.600746  0.735579  0.698684  0.637091  0.695078  0.584307  0.689373  0.786296 0.0  0.629111  0.685787  0.644700  0.591306  0.878057  0.593000  0.767521  0.406964  0.745317  0.677684  0.678436  0.472770  0.697620  0.827549  0.771493  0.620589  0.782703  0.731903  0.772694  0.734461  0.546006  0.717279  0.812390  0.520855  0.647826  0.558014  0.617496  0.631700  0.771241  0.698170  0.288235  0.745027  0.819619  0.686286  0.743588  0.776528  0.697355  0.804526  0.693437  0.640718  0.469828  0.839601  0.712710  0.579363  0.550288  0.756623  0.631138  0.748422  0.667035  0.811578  0.794662  0.664105  0.834096  0.469548  0.480844  0.607068  0.675313  0.722171  0.668573  0.679234  0.801131  0.644023  0.689159  0.576778  0.664850  0.564504  0.840889  0.743908  0.622125  0.658763  0.722509  0.742515  0.613469  0.828526  0.694881  0.806295  0.813303  0.775128  0.584417  0.657033  0.622170  0.560996  0.649646  0.562277  0.606558  0.788192  0.675466  0.674444  0.851732  0.608028  0.724493  0.618816  0.881200  0.668149  0.774694  0.733752  0.699159  0.722940  0.784136  0.667763  0.594533  0.675616  0.523963  0.745617  0.783508  0.544976  0.659903  0.680435  0.676935  0.377659  0.753198  0.691950  0.735698  0.711294  0.432523  0.720177  0.709598  0.650228  0.654617  0.594908  0.638805  0.680050  0.738573  0.757207  0.766587  0.640925  0.771150  0.728900  0.609112  0.643069  0.726860  0.614773 
14  0.603580  0.561349  0.574462  0.525264  0.563929  0.493773  0.565757  0.684837  0.242897  0.681684  0.596802  0.565070  0.634851  0.629111 0.0  0.591948  0.614480  0.673820  0.710727  0.555586  0.589981  0.635473  0.702829  0.590192  0.784869  0.730843  0.734847  0.633758  0.741117  0.649646  0.561695  0.675843  0.699104  0.780974  0.682778  0.570599  0.736862  0.514407  0.706463  0.598392  0.837100  0.413912  0.546645  0.586225  0.691607  0.430217  0.702962  0.592369  0.743054  0.800395  0.471227  0.636701  0.587742  0.655913  0.604945  0.642785  0.685565  0.633903  0.617246  0.733976  0.515218  0.548419  0.622422  0.931156  0.740063  0.636434  0.609377  0.662435  0.615255  0.611447  0.552975  0.522508  0.752629  0.418599  0.806947  0.598706  0.548225  0.565085  0.688058  0.597659  0.748392  0.710980  0.730031  0.558085  0.604905  0.618541  0.628496  0.704780  0.730773  0.812196  0.794762  0.691859  0.352933  0.511690  0.587208  0.587125  0.685288  0.695987  0.625538  0.718692  0.535337  0.678105  0.750970  0.870282  0.598044  0.752757  0.830983  0.758117  0.545106  0.629884  0.677868  0.610006  0.593369  0.416044  0.526046  0.655304  0.669924  0.571884  0.744586  0.630425  0.811694  0.541201  0.625406  0.635528  0.420870  0.524583  0.548374  0.634435  0.657852  0.622781  0.763189  0.642759  0.549248  0.577747  0.577805  0.593257  0.773753  0.603676  0.763971  0.858053  0.674958  0.602329  0.611591  0.479359  0.711146  0.488356 
15  0.535014  0.666284  0.750905  0.564716  0.499921  0.624021  0.398713  0.695643  0.630836  0.718503  0.569568  0.454780  0.388839  0.685787  0.591948 0.0  0.644171  0.645767  0.626901  0.634982  0.387610  0.567530  0.647056  0.620382  0.681476  0.709684  0.604675  0.538672  0.673915  0.364218  0.436907  0.479607  0.241121  0.764663  0.767762  0.421552  0.632172  0.718437  0.450028  0.721772  0.709811  0.546760  0.426761  0.511566  0.697006  0.483930  0.384981  0.598249  0.718734  0.708425  0.660449  0.447674  0.608604  0.651602  0.486993  0.590300  0.490825  0.727848  0.529634  0.583422  0.537050  0.601892  0.651823  0.884808  0.715811  0.585974  0.453166  0.612603  0.699196  0.745917  0.628994  0.502064  0.642794  0.624137  0.745960  0.619436  0.554111  0.498652  0.521771  0.628471  0.571297  0.541056  0.740504  0.435527  0.467154  0.311325  0.770166  0.589845  0.728873  0.715628  0.613882  0.582370  0.667660  0.597969  0.606514  0.700650  0.636227  0.782912  0.548317  0.630866  0.639538  0.508811  0.765150  0.780710  0.400497  0.541488  0.679068  0.736580  0.370496  0.466241  0.229050  0.568349  0.523640  0.558910  0.601743  0.465587  0.660981  0.622762  0.351576  0.622418  0.784461  0.521111  0.504093  0.644080  0.596395  0.258744  0.429703  0.654226  0.711295  0.420777  0.672266  0.438711  0.739080  0.675726  0.653179  0.519254  0.666005  0.621375  0.688195  0.824871  0.691926  0.475520  0.625890  0.557981  0.650459  0.698358 
16  0.710698  0.699306  0.676503  0.791508  0.730957  0.693708  0.676363  0.757092  0.833977  0.822705  0.746330  0.723662  0.807618  0.644700  0.614480  0.644171 0.0  0.562619  0.715854  0.601338  0.775160  0.635299  0.755378  0.803395  0.582308  0.664065  0.908080  0.815140  0.773703  0.740801  0.785413  0.868591  0.733294  0.848685  0.731408  0.722377  0.767542  0.671873  0.815859  0.674315  0.470699  0.685609  0.742640  0.700929  0.703494  0.683063  0.805116  0.712185  0.660999  0.861969  0.738797  0.783808  0.829934  0.805998  0.637674  0.822896  0.695051  0.670925  0.546401  0.632310  0.735412  0.719642  0.748794  0.611552  0.812040  0.682405  0.682987  0.641596  0.697171  0.649840  0.760965  0.741850  0.725262  0.782107  0.879095  0.761340  0.745933  0.800432  0.739253  0.675544  0.791003  0.844568  0.630496  0.842661  0.635284  0.799133  0.741733  0.942615  0.368223  0.797801  0.832948  0.865434  0.699920  0.705361  0.711813  0.658569  0.737705  0.781338  0.719621  0.823639  0.832716  0.758313  0.857530  0.754632  0.787510  0.756612  0.751239  0.573401  0.724437  0.699149  0.819316  0.761030  0.844427  0.651350  0.698094  0.722871  0.600364  0.764035  0.673689  0.716987  0.899301  0.621953  0.783158  0.626027  0.706490  0.728048  0.673522  0.727479  0.506557  0.637403  0.597100  0.769003  0.734606  0.739561  0.650788  0.683834  0.719389  0.716131  0.793736  0.478165  0.935839  0.696739  0.594671  0.648752  0.864434  0.651351 
17  0.633105  0.683854  0.681205  0.671488  0.725627  0.531403  0.630615  0.747517  0.667890  0.657947  0.735191  0.703748  0.655507  0.591306  0.673820  0.645767  0.562619 0.0  0.863447  0.512426  0.659523  0.569395  0.746488  0.708707  0.731199  0.691422  0.753861  0.825449  0.740478  0.727617  0.695695  0.676302  0.816409  0.740563  0.594822  0.739028  0.772036  0.631392  0.719418  0.603716  0.654938  0.575659  0.679140  0.733209  0.524701  0.636881  0.633683  0.682633  0.771008  0.736404  0.633485  0.727592  0.774783  0.762513  0.590626  0.673236  0.683704  0.480662  0.712125  0.775707  0.646985  0.694248  0.759762  0.715913  0.888090  0.696256  0.696043  0.630672  0.395698  0.324254  0.564057  0.747440  0.685049  0.530217  0.909343  0.711537  0.657941  0.623954  0.673399  0.617157  0.677129  0.689999  0.449388  0.639819  0.591134  0.676785  0.379305  0.690887  0.612845  0.709790  0.834529  0.733338  0.547472  0.690631  0.736664  0.539597  0.691354  0.657255  0.767067  0.777290  0.626285  0.689844  0.812331  0.701377  0.768679  0.763446  0.582384  0.679083  0.558716  0.641868  0.732649  0.635208  0.644793  0.557211  0.603458  0.694598  0.550203  0.568395  0.739489  0.684412  0.781405  0.618920  0.569670  0.602533  0.593731  0.745239  0.783820  0.582218  0.531918  0.764970  0.745399  0.640687  0.505389  0.516734  0.470170  0.519955  0.639776  0.687633  0.791343  0.597229  0.707608  0.620932  0.478872  0.683383  0.687527  0.637945 
18  0.528398  0.657819  0.634013  0.689907  0.649598  0.631315  0.636277  0.525927  0.750825  0.664398  0.600518  0.431520  0.403025  0.878057  0.710727  0.626901  0.715854  0.863447 0.0  0.732489  0.686176  0.704842  0.614585  0.755610  0.764259  0.785862  0.483977  0.487489  0.502166  0.553038  0.376544  0.605170  0.574037  0.788737  0.731691  0.567425  0.423670  0.768753  0.661366  0.705794  0.747911  0.796029  0.611067  0.582888  0.748902  0.606746  0.470932  0.636302  0.606585  0.583058  0.646631  0.494494  0.653395  0.523212  0.782847  0.425636  0.499595  0.683413  0.829997  0.533912  0.643216  0.636140  0.411307  0.820132  0.618560  0.593017  0.582561  0.683933  0.801593  0.631470  0.771514  0.522630  0.636302  0.724775  0.860912  0.767853  0.568658  0.644543  0.752947  0.629091  0.340807  0.554874  0.774036  0.628003  0.612105  0.602584  0.678888  0.380184  0.764830  0.694195  0.633322  0.510784  0.674614  0.675143  0.656985  0.717506  0.496460  0.818257  0.648195  0.502141  0.648302  0.460078  0.860190  0.514623  0.540494  0.384727  0.480310  0.746439  0.654083  0.502011  0.507408  0.562895  0.608509  0.660147  0.599512  0.549303  0.781844  0.786757  0.669382  0.792733  0.650278  0.686117  0.739892  0.721775  0.589151  0.640958  0.565971  0.717489  0.786594  0.512376  0.423818  0.744715  0.645521  0.746317  0.790868  0.612100  0.589055  0.603635  0.536576  0.696665  0.481482  0.656348  0.668368  0.722869  0.498600  0.696469 
19  0.634821  0.720400  0.676495  0.622009  0.570774  0.394675  0.611935  0.889292  0.513961  0.664964  0.553157  0.709440  0.698054  0.593000  0.555586  0.634982  0.601338  0.512426  0.732489 0.0  0.629586  0.590017  0.691736  0.619881  0.726374  0.672965  0.705927  0.715754  0.680419  0.623367  0.731057  0.686376  0.689084  0.753592  0.569082  0.626114  0.682597  0.677989  0.685714  0.613641  0.705205  0.512475  0.745608  0.621831  0.625102  0.659711  0.795330  0.632383  0.654934  0.651372  0.530015  0.767830  0.641861  0.645058  0.538902  0.750068  0.593528  0.440787  0.595509  0.679287  0.557636  0.649070  0.704034  0.837867  0.759635  0.718348  0.577522  0.611142  0.506850  0.541867  0.717762  0.625489  0.635419  0.511313  0.915004  0.746640  0.670830  0.733702  0.646459  0.566218  0.834885  0.693016  0.515168  0.647286  0.609947  0.658858  0.400870  0.695045  0.641786  0.808191  0.735805  0.687484  0.330837  0.540012  0.663339  0.347326  0.633769  0.714033  0.697417  0.667410  0.674554  0.725600  0.783951  0.687067  0.627598  0.795354  0.796313  0.663306  0.559994  0.553166  0.600502  0.697027  0.666278  0.598638  0.625142  0.705121  0.637458  0.413274  0.704154  0.587848  0.749330  0.702419  0.649508  0.625391  0.680896  0.607446  0.623411  0.500846  0.666384  0.726715  0.750333  0.571662  0.399848  0.349114  0.458353  0.640145  0.810171  0.624023  0.830361  0.579433  0.783183  0.596645  0.422193  0.675458  0.686544  0.683832 
20  0.385210  0.721245  0.687282  0.464000  0.474020  0.666354  0.220147  0.661642  0.708566  0.681770  0.358904  0.678732  0.604239  0.767521  0.589981  0.387610  0.775160  0.659523  0.686176  0.629586 0.0  0.659795  0.645230  0.731156  0.708629  0.714413  0.661812  0.626544  0.655872  0.466213  0.653828  0.494315  0.489525  0.823892  0.652092  0.519200  0.550356  0.716105  0.436666  0.700856  0.710933  0.567965  0.352457  0.284448  0.757208  0.302547  0.575656  0.218126  0.611738  0.616139  0.550892  0.543651  0.345042  0.592562  0.611756  0.676718  0.563300  0.681623  0.831243  0.635176  0.466753  0.393651  0.546981  0.898346  0.755763  0.318868  0.380142  0.520687  0.591581  0.638076  0.516232  0.401628  0.569681  0.463316  0.847533  0.349358  0.365066  0.593261  0.474613  0.627742  0.672129  0.742128  0.664197  0.369135  0.405460  0.489439  0.746769  0.679883  0.758733  0.679220  0.668530  0.582048  0.733836  0.724080  0.485231  0.637744  0.665921  0.626429  0.619579  0.621924  0.641450  0.553652  0.912028  0.646074  0.551663  0.620250  0.649056  0.661082  0.349237  0.371669  0.558780  0.520779  0.388370  0.508409  0.675839  0.467668  0.662436  0.669974  0.421118  0.602195  0.865701  0.467065  0.508909  0.573048  0.534986  0.464730  0.556652  0.657841  0.607149  0.410185  0.606180  0.372351  0.713933  0.761122  0.616122  0.537876  0.715874  0.678289  0.686548  0.748750  0.714009  0.403080  0.607582  0.673968  0.657744  0.578922 
21  0.627586  0.554851  0.458107  0.655449  0.692100  0.527623  0.674990  0.733317  0.576941  0.681198  0.615663  0.674155  0.685699  0.406964  0.635473  0.567530  0.635299  0.569395  0.704842  0.590017  0.659795 0.0  0.701047  0.539539  0.676826  0.653605  0.842902  0.625653  0.848929  0.724772  0.745352  0.785431  0.796069  0.800018  0.292249  0.727050  0.676534  0.498929  0.748587  0.510853  0.582387  0.514941  0.627720  0.668621  0.553982  0.655738  0.666249  0.741345  0.770337  0.838957  0.644626  0.759289  0.634663  0.648514  0.628004  0.724739  0.599406  0.647791  0.731359  0.776257  0.597640  0.756374  0.768075  0.788187  0.850060  0.783339  0.608507  0.277243  0.572253  0.710855  0.706096  0.720433  0.673921  0.686558  0.804470  0.702437  0.683038  0.735796  0.671027  0.432042  0.653792  0.802709  0.571244  0.706635  0.631035  0.616639  0.615960  0.759839  0.658877  0.680799  0.734080  0.722504  0.585043  0.559881  0.550759  0.637114  0.738936  0.445567  0.727611  0.660579  0.590580  0.825385  0.827942  0.669821  0.750387  0.742225  0.831076  0.578849  0.769674  0.625301  0.603401  0.584463  0.664883  0.649377  0.538535  0.661593  0.723744  0.589773  0.718145  0.526195  0.894895  0.676709  0.576878  0.437338  0.598669  0.705924  0.643067  0.542129  0.495287  0.616081  0.817108  0.614204  0.581043  0.568294  0.493100  0.782951  0.744513  0.551797  0.809291  0.649175  0.746645  0.732707  0.580809  0.687069  0.747538  0.650603 
22  0.650332  0.734985  0.717951  0.656636  0.643918  0.688756  0.676344  0.507623  0.615562  0.557761  0.639748  0.510932  0.583240  0.745317  0.702829  0.647056  0.755378  0.746488  0.614585  0.691736  0.645230  0.701047 0.0  0.692648  0.769235  0.828824  0.414355  0.497721  0.512480  0.617427  0.580835  0.572681  0.639338  0.710110  0.684450  0.531617  0.320958  0.707030  0.665348  0.815010  0.771066  0.765683  0.730792  0.671760  0.784149  0.710299  0.510477  0.639264  0.677942  0.668102  0.736263  0.600590  0.729539  0.532734  0.792904  0.352979  0.619040  0.822004  0.797506  0.399151  0.524255  0.586376  0.404639  0.841216  0.613038  0.654631  0.679201  0.795796  0.699129  0.677568  0.713511  0.605564  0.724125  0.768940  0.806708  0.619248  0.625555  0.680002  0.643390  0.727390  0.560219  0.474506  0.610851  0.559188  0.606950  0.528333  0.690488  0.358402  0.819161  0.627711  0.760455  0.384494  0.729518  0.749975  0.721791  0.639804  0.460804  0.710473  0.663838  0.467588  0.715621  0.481225  0.785751  0.608928  0.535688  0.477919  0.374381  0.718346  0.675465  0.579432  0.629170  0.663296  0.690025  0.715527  0.709990  0.552648  0.679584  0.615955  0.529732  0.786301  0.716684  0.609439  0.677639  0.822227  0.690931  0.711732  0.723524  0.801400  0.708497  0.501154  0.419323  0.701966  0.703657  0.712474  0.725801  0.637811  0.638518  0.768231  0.493847  0.743249  0.541322  0.648863  0.616658  0.695092  0.317446  0.663069 
23  0.668376  0.631853  0.737022  0.627406  0.666729  0.605963  0.637825  0.750017  0.485839  0.744137  0.656901  0.699151  0.759816  0.677684  0.590192  0.620382  0.803395  0.708707  0.755610  0.619881  0.731156  0.539539  0.692648 0.0  0.605839  0.782735  0.756649  0.743608  0.798724  0.803131  0.552100  0.578702  0.586819  0.775819  0.607957  0.604221  0.718902  0.715136  0.768805  0.655133  0.835342  0.646316  0.597326  0.585970  0.671375  0.667962  0.668949  0.535786  0.686132  0.665718  0.716236  0.653675  0.707502  0.810423  0.761952  0.630224  0.696355  0.655416  0.726202  0.730598  0.656529  0.608918  0.772868  0.781988  0.829836  0.638235  0.650114  0.678121  0.661961  0.647889  0.527056  0.660523  0.636389  0.581648  0.756193  0.677211  0.595414  0.695880  0.675814  0.626864  0.717495  0.782370  0.658976  0.577038  0.584790  0.653547  0.734977  0.759370  0.744982  0.731411  0.847013  0.715360  0.620146  0.514838  0.588288  0.621087  0.774875  0.698975  0.588354  0.683949  0.464792  0.582439  0.708157  0.589910  0.491951  0.676702  0.825023  0.634246  0.514762  0.622191  0.650555  0.623900  0.656803  0.461365  0.568044  0.599470  0.663164  0.695413  0.613915  0.706934  0.835056  0.636474  0.700544  0.555264  0.628227  0.647221  0.671993  0.831485  0.758817  0.606048  0.717713  0.620800  0.689259  0.702639  0.670496  0.552279  0.797811  0.547683  0.636248  0.762935  0.717704  0.522439  0.676984  0.581866  0.686731  0.396722 
24  0.879760  0.533775  0.608842  0.709680  0.782841  0.572126  0.717167  0.821133  0.736476  0.755463  0.724652  0.694189  0.749637  0.678436  0.784869  0.681476  0.582308  0.731199  0.764259  0.726374  0.708629  0.676826  0.769235  0.605839 0.0  0.347814  0.714487  0.809789  0.795567  0.727795  0.873443  0.778780  0.743711  0.716065  0.640863  0.776254  0.770164  0.545772  0.737320  0.525977  0.600651  0.625724  0.696705  0.731756  0.552627  0.741011  0.682927  0.705458  0.873397  0.828998  0.672641  0.577255  0.754737  0.755508  0.723282  0.853380  0.756939  0.708222  0.769562  0.825193  0.778777  0.717932  0.838974  0.668760  0.820859  0.629875  0.798601  0.741089  0.660960  0.596928  0.655256  0.769110  0.745022  0.635692  0.823377  0.664749  0.782517  0.609572  0.721308  0.749580  0.762009  0.707955  0.575971  0.821395  0.752179  0.713271  0.672717  0.729640  0.562966  0.717309  0.853303  0.776107  0.663008  0.551704  0.742533  0.612858  0.742589  0.514376  0.632457  0.775096  0.727058  0.787416  0.895986  0.784220  0.786591  0.838191  0.763365  0.626721  0.651737  0.759391  0.713229  0.751044  0.762872  0.681382  0.687057  0.805512  0.632464  0.627813  0.817149  0.539213  0.825025  0.681490  0.785467  0.669910  0.684573  0.780753  0.754913  0.689853  0.571304  0.783266  0.715188  0.700333  0.629513  0.660741  0.604690  0.745811  0.830368  0.587026  0.719159  0.450270  0.811177  0.709891  0.594600  0.756682  0.611946  0.744154 
25  0.732602  0.567915  0.606628  0.730140  0.774793  0.754857  0.723522  0.784167  0.602434  0.819918  0.677625  0.741058  0.782130  0.472770  0.730843  0.709684  0.664065  0.691422  0.785862  0.672965  0.714413  0.653605  0.828824  0.782735  0.347814 0.0  0.858021  0.703953  0.735612  0.829142  0.801886  0.815550  0.571231  0.787602  0.585294  0.739657  0.800117  0.537964  0.736309  0.500539  0.476089  0.737396  0.655378  0.687318  0.539523  0.810372  0.786631  0.782545  0.668304  0.702852  0.641631  0.786004  0.863606  0.761534  0.671376  0.729838  0.812406  0.723267  0.690656  0.777218  0.688379  0.733617  0.798171  0.803013  0.830788  0.654017  0.719863  0.582279  0.658196  0.671454  0.740921  0.719530  0.768334  0.736544  0.785090  0.769643  0.753899  0.710683  0.690200  0.686100  0.710209  0.738645  0.595082  0.671312  0.811689  0.739881  0.671288  0.733365  0.540498  0.776589  0.919496  0.767165  0.638681  0.651887  0.818417  0.708242  0.745029  0.600619  0.756408  0.819127  0.701324  0.812545  0.825488  0.765280  0.664993  0.834362  0.765208  0.642085  0.704046  0.767778  0.803253  0.738017  0.693725  0.727259  0.617242  0.762663  0.565439  0.659583  0.668626  0.578247  0.727604  0.687718  0.688411  0.568568  0.642078  0.691783  0.647136  0.604992  0.612004  0.667724  0.763117  0.664729  0.631031  0.627141  0.687682  0.761635  0.723247  0.769194  0.793461  0.524275  0.763277  0.653359  0.732290  0.654249  0.711475  0.697906 
26  0.672479  0.765639  0.768994  0.627168  0.638986  0.653726  0.679286  0.456993  0.674343  0.404545  0.611025  0.534713  0.430000  0.697620  0.734847  0.604675  0.908080  0.753861  0.483977  0.705927  0.661812  0.842902  0.414355  0.756649  0.714487  0.858021 0.0  0.184619  0.478526  0.628204  0.615633  0.696780  0.634816  0.749815  0.628616  0.652844  0.400019  0.684472  0.565133  0.760121  0.774774  0.679567  0.653080  0.681019  0.679655  0.726929  0.550496  0.663460  0.612485  0.642618  0.634407  0.555304  0.596012  0.373402  0.744052  0.219501  0.607714  0.737433  0.826748  0.415377  0.695944  0.613948  0.434241  0.714166  0.587016  0.655878  0.707134  0.755614  0.706465  0.631520  0.735909  0.673929  0.800612  0.649353  0.731587  0.697331  0.742861  0.670757  0.628321  0.739387  0.496909  0.013363  0.768182  0.658935  0.670495  0.631483  0.736907  0.255601  0.716701  0.535194  0.635723  0.417632  0.747715  0.754346  0.597125  0.615474  0.324164  0.701896  0.668572  0.324205  0.682441  0.403101  0.873777  0.531683  0.556394  0.423467  0.385246  0.743184  0.651944  0.627507  0.615104  0.656525  0.587780  0.711117  0.636649  0.639712  0.765723  0.741755  0.669134  0.718546  0.653608  0.615924  0.586976  0.732259  0.701008  0.643081  0.673198  0.654054  0.712120  0.647996  0.361970  0.699154  0.683628  0.693624  0.665369  0.582198  0.569266  0.715692  0.233077  0.814649  0.307003  0.572699  0.722040  0.768155  0.344311  0.659454 
