146
0 0.0  0.694784  0.704543  0.320495  0.368045  0.693036  0.262159  0.696696  0.534134  0.692453  0.217506  0.683964  0.691720  0.703581  0.469178  0.405612  0.830192  0.697506  0.664947  0.614265  0.418288  0.741941  0.711687  0.605718  0.710390  0.762546  0.665889  0.679379  0.700668  0.431879  0.517417  0.556571  0.525474  0.780543  0.761226  0.558753  0.619439  0.740324  0.404250  0.644768  0.824501  0.611424  0.262888  0.451487  0.805307  0.425083  0.602128  0.454094  0.647722  0.716679  0.550661  0.681627  0.186418  0.620792  0.688525  0.651666  0.493398  0.628832  0.662308  0.713386  0.417293  0.549961  0.705660  0.816300  0.793788  0.460903  0.352137  0.700239  0.586601  0.629359  0.400098  0.497124  0.593198  0.584378  0.708850  0.280218  0.448573  0.352184  0.459864  0.619855  0.639739  0.550953  0.742473  0.473497  0.481444  0.460153  0.673946  0.676382  0.672657  0.773428  0.635247  0.671686  0.627527  0.713591  0.243926  0.557277  0.587162  0.742477  0.606513  0.648964  0.605800  0.730686  0.834715  0.671620  0.587335  0.587280  0.682497  0.640937  0.393671  0.487410  0.466765  0.475030  0.504139  0.563815  0.606863  0.549232  0.689744  0.635106  0.567054  0.732654  0.738708  0.427401  0.515424  0.668240  0.501181  0.471058  0.550474  0.595907  0.707551  0.453160  0.662879  0.601884  0.662034  0.661304  0.694387  0.486449  0.724718  0.533851  0.719276  0.721703  0.665183  0.454382  0.763660  0.660065  0.669647  0.755542 
1  0.694784 0.0  0.085889  0.662441  0.695747  0.537646  0.746532  0.749867  0.605771  0.746115  0.720926  0.724696  0.716626  0.506631  0.757151  0.778236  0.658331  0.605113  0.715267  0.653503  0.749942  0.422565  0.792074  0.642062  0.719790  0.607746  0.722953  0.717515  0.755823  0.656814  0.785605  0.683634  0.810681  0.755607  0.542789  0.654774  0.706205  0.674503  0.685892  0.441066  0.756218  0.680893  0.668922  0.703891  0.722455  0.675386  0.697034  0.639388  0.694905  0.814301  0.731881  0.822029  0.702468  0.752930  0.678701  0.734800  0.762821  0.711102  0.728601  0.722625  0.691730  0.656565  0.680471  0.897425  0.787309  0.852942  0.717857  0.614178  0.674003  0.696911  0.723044  0.706364  0.655677  0.656778  0.791212  0.753294  0.779709  0.800307  0.735701  0.525164  0.689202  0.743367  0.646398  0.627848  0.603686  0.808301  0.697570  0.790252  0.660036  0.835436  0.869055  0.774370  0.710715  0.680455  0.719346  0.675307  0.874079  0.399270  0.629845  0.802645  0.592084  0.893120  0.810818  0.738198  0.749455  0.733210  0.798084  0.598190  0.761977  0.682942  0.757487  0.650785  0.807663  0.699862  0.513854  0.693126  0.669529  0.582389  0.650168  0.420778  0.762839  0.766442  0.755480  0.662231  0.646911  0.717637  0.687197  0.741534  0.621543  0.693941  0.635507  0.683427  0.721164  0.617784  0.659082  0.774011  0.732953  0.626401  0.786343  0.585235  0.684067  0.762925  0.684622  0.596403  0.803216  0.693844 
2  0.704543  0.085889 0.0  0.767428  0.786989  0.563429  0.682059  0.745916  0.671825  0.746803  0.692398  0.777398  0.783718  0.618032  0.760425  0.658780  0.486710  0.596708  0.715186  0.597664  0.789005  0.600522  0.813254  0.615951  0.602257  0.588012  0.719153  0.754972  0.763806  0.785980  0.778400  0.644179  0.696355  0.768659  0.557094  0.777820  0.687112  0.653346  0.686479  0.336641  0.703842  0.716172  0.777901  0.702962  0.676212  0.610407  0.703113  0.692260  0.806004  0.723095  0.734524  0.756985  0.682977  0.754041  0.690355  0.807172  0.742552  0.687148  0.679072  0.681667  0.704276  0.705055  0.773067  0.750595  0.887989  0.635296  0.659720  0.558365  0.684252  0.682968  0.740387  0.709217  0.779668  0.724812  0.889940  0.700658  0.623647  0.622646  0.670103  0.558713  0.839938  0.731923  0.587655  0.708835  0.678184  0.726511  0.732856  0.823746  0.739276  0.715127  0.838229  0.692732  0.644307  0.628037  0.656407  0.703380  0.812970  0.484359  0.762887  0.693149  0.678956  0.807325  0.908206  0.941523  0.781208  0.719444  0.840252  0.365888  0.827577  0.721439  0.699906  0.690708  0.730410  0.647353  0.658111  0.745410  0.684374  0.668868  0.679433  0.499938  0.765663  0.725989  0.701100  0.622679  0.697705  0.689621  0.652545  0.755883  0.489398  0.637971  0.754119  0.863902  0.726731  0.669713  0.586566  0.645023  0.821499  0.677775  0.757223  0.696134  0.691996  0.720609  0.604530  0.689189  0.786233  0.593772 
3  0.320495  0.662441  0.767428 0.0  0.543590  0.586358  0.365245  0.632646  0.618393  0.748385  0.333999  0.684920  0.571169  0.680720  0.679791  0.552646  0.759256  0.781765  0.590384  0.742320  0.368091  0.855878  0.656396  0.710688  0.733111  0.677514  0.706563  0.678091  0.714758  0.507156  0.503013  0.469030  0.650598  0.716718  0.676340  0.492356  0.684885  0.717762  0.304638  0.696125  0.739722  0.536387  0.281423  0.472833  0.792570  0.472767  0.557640  0.430034  0.662106  0.729262  0.561300  0.597905  0.435222  0.768810  0.583835  0.793247  0.648797  0.730207  0.736492  0.718500  0.472384  0.410232  0.743092  0.864918  0.740962  0.280048  0.284515  0.786599  0.668327  0.711118  0.442551  0.489192  0.641377  0.496484  0.946504  0.136291  0.458685  0.514685  0.516145  0.612241  0.537882  0.588412  0.732036  0.421932  0.611623  0.485417  0.642024  0.586507  0.844514  0.647511  0.755416  0.742362  0.749491  0.543649  0.474912  0.629116  0.639430  0.737852  0.616114  0.635386  0.641007  0.632259  0.878839  0.783417  0.565001  0.637497  0.599819  0.743387  0.239556  0.494220  0.541286  0.581637  0.554406  0.681338  0.655871  0.432644  0.654722  0.602734  0.423399  0.748381  0.849658  0.302938  0.523676  0.650152  0.533315  0.558619  0.384952  0.631410  0.671608  0.435465  0.701304  0.492453  0.722701  0.672059  0.635916  0.416526  0.558745  0.642774  0.732464  0.733766  0.745541  0.516774  0.633179  0.641288  0.629775  0.599065 
4  0.368045  0.695747  0.786989  0.543590 0.0  0.632285  0.436571  0.654956  0.528199  0.614660  0.416771  0.616942  0.690668  0.742673  0.589679  0.561295  0.752939  0.687300  0.511842  0.654393  0.455647  0.658637  0.594754  0.566343  0.879233  0.759270  0.630191  0.683321  0.767598  0.492926  0.671538  0.506126  0.477080  0.800426  0.694432  0.584512  0.714959  0.690459  0.460646  0.543982  0.651358  0.657676  0.426592  0.607331  0.645467  0.520617  0.650456  0.524196  0.640911  0.589756  0.527451  0.486083  0.455845  0.576985  0.637923  0.698404  0.630842  0.728119  0.725744  0.626499  0.411838  0.442817  0.633881  0.736305  0.659826  0.325069  0.368088  0.618858  0.583526  0.650365  0.413271  0.396429  0.589156  0.494457  0.818793  0.436024  0.413326  0.127097  0.521819  0.582423  0.579057  0.722430  0.686366  0.511736  0.536744  0.442636  0.550106  0.612203  0.719123  0.741949  0.817622  0.750007  0.558263  0.562691  0.344344  0.580978  0.625317  0.707871  0.767369  0.649661  0.522766  0.622318  0.809266  0.733861  0.543666  0.686670  0.726605  0.798718  0.517131  0.456075  0.510903  0.429833  0.403359  0.522979  0.555670  0.523192  0.791157  0.550699  0.545609  0.721300  0.835860  0.472093  0.535659  0.713506  0.529151  0.581075  0.544909  0.583480  0.619493  0.622851  0.752943  0.411826  0.688321  0.637840  0.695104  0.531947  0.711842  0.660414  0.638802  0.777707  0.629919  0.422736  0.630564  0.662369  0.657966  0.605374 
5  0.693036  0.537646  0.563429  0.586358  0.632285 0.0  0.600157  0.746483  0.621784  0.708440  0.593924  0.711428  0.666384  0.602752  0.533880  0.643254  0.686545  0.599768  0.703153  0.443616  0.630410  0.505025  0.744471  0.724068  0.631072  0.728659  0.741003  0.706836  0.786232  0.782633  0.773418  0.655563  0.582314  0.756552  0.477996  0.734364  0.716278  0.622158  0.565396  0.658330  0.625728  0.385440  0.635931  0.523238  0.660108  0.594919  0.766272  0.671387  0.761034  0.735757  0.574080  0.719074  0.712433  0.639949  0.432878  0.693939  0.634157  0.495190  0.683067  0.805946  0.462744  0.609316  0.676542  0.831995  0.792076  0.653424  0.483420  0.629223  0.424642  0.541312  0.655589  0.673091  0.711674  0.565093  0.840189  0.553338  0.648240  0.671654  0.626735  0.548396  0.705826  0.762492  0.494459  0.687934  0.716505  0.643822  0.587582  0.756821  0.728266  0.841196  0.829490  0.684795  0.233060  0.539697  0.642592  0.171541  0.785905  0.593497  0.660785  0.692359  0.670944  0.762390  0.752098  0.862104  0.595310  0.745115  0.765924  0.699910  0.586900  0.694502  0.593012  0.702845  0.667917  0.508998  0.673137  0.721777  0.537047  0.513994  0.722901  0.601951  0.839814  0.623993  0.653831  0.525096  0.620863  0.689614  0.593855  0.491757  0.710612  0.734671  0.679581  0.628990  0.450065  0.497045  0.493393  0.610281  0.802797  0.624741  0.725378  0.708383  0.677667  0.652355  0.611838  0.512588  0.777799  0.632821 
6  0.262159  0.746532  0.682059  0.365245  0.436571  0.600157 0.0  0.692014  0.489055  0.562473  0.310916  0.654010  0.651029  0.676868  0.579791  0.523724  0.749666  0.676725  0.682431  0.686113  0.385921  0.643067  0.635732  0.743464  0.687515  0.735721  0.595088  0.709991  0.668911  0.491172  0.600886  0.403045  0.505055  0.713655  0.646953  0.531361  0.695270  0.773630  0.389914  0.675157  0.809786  0.513760  0.345742  0.361977  0.671502  0.433773  0.508966  0.232449  0.642702  0.736765  0.483467  0.652703  0.349922  0.677789  0.519601  0.592277  0.499115  0.695616  0.806953  0.665654  0.432209  0.474888  0.601962  0.823811  0.775754  0.000000  0.164091  0.739354  0.635730  0.527160  0.410198  0.518106  0.594012  0.594331  0.791333  0.342214  0.498761  0.381057  0.474153  0.652296  0.607071  0.597699  0.664325  0.457024  0.478047  0.570549  0.637519  0.666627  0.737525  0.766769  0.680666  0.569410  0.599681  0.601195  0.445878  0.668700  0.609014  0.756854  0.626594  0.626617  0.618612  0.706347  0.933094  0.690171  0.570830  0.616159  0.681094  0.729985  0.260067  0.460620  0.603251  0.424137  0.562823  0.477354  0.610836  0.418486  0.524359  0.576926  0.530614  0.850211  0.702127  0.423678  0.537210  0.711101  0.622899  0.549696  0.388025  0.649852  0.702925  0.445257  0.615055  0.477619  0.770733  0.666530  0.695804  0.472530  0.742140  0.601321  0.667665  0.692055  0.717327  0.434280  0.668415  0.584190  0.687607  0.572245 
7  0.696696  0.749867  0.745916  0.632646  0.654956  0.746483  0.692014 0.0  0.553850  0.529653  0.680310  0.515635  0.476727  0.764680  0.651362  0.539194  0.804006  0.645194  0.514304  0.749397  0.838121  0.837965  0.568448  0.726843  0.856629  0.859419  0.392488  0.344645  0.366249  0.515933  0.485008  0.670636  0.680473  0.779694  0.729553  0.505233  0.346970  0.786370  0.576214  0.726882  0.779877  0.845411  0.634524  0.636953  0.773511  0.685365  0.594758  0.703012  0.836834  0.587739  0.688129  0.547395  0.736717  0.356927  0.800351  0.390237  0.503430  0.780245  0.787690  0.375535  0.709217  0.758882  0.120022  0.735789  0.715338  0.601512  0.638068  0.748632  0.702915  0.668989  0.669449  0.614437  0.723770  0.744974  0.821536  0.644282  0.660171  0.612977  0.710063  0.749849  0.295940  0.444458  0.721304  0.555517  0.598874  0.564394  0.785835  0.266397  0.746692  0.594682  0.669829  0.524143  0.775784  0.707523  0.637311  0.735011  0.360762  0.853655  0.714294  0.316404  0.603879  0.082087  0.819768  0.455418  0.610783  0.294096  0.359202  0.736382  0.568567  0.652589  0.666186  0.686779  0.596529  0.662632  0.659305  0.500868  0.734301  0.835718  0.515977  0.705003  0.751021  0.627226  0.705482  0.676617  0.743632  0.572468  0.769275  0.679956  0.810962  0.515826  0.185645  0.596160  0.701666  0.683975  0.644496  0.724383  0.570960  0.560911  0.436397  0.883638  0.263532  0.554143  0.727651  0.631702  0.459342  0.663683 
8  0.534134  0.605771  0.671825  0.618393  0.528199  0.621784  0.489055  0.553850 0.0  0.821762  0.567272  0.590898  0.619933  0.578901  0.310809  0.657194  0.794656  0.656962  0.832251  0.531414  0.617391  0.654846  0.583808  0.513000  0.742304  0.568996  0.676810  0.838417  0.773269  0.627544  0.664324  0.591683  0.674567  0.804174  0.595764  0.607479  0.660129  0.706770  0.620968  0.559905  0.618132  0.472891  0.562992  0.645919  0.692629  0.607114  0.665356  0.533470  0.664991  0.824974  0.395041  0.647360  0.632776  0.677316  0.476713  0.706799  0.646971  0.620576  0.656050  0.779195  0.553219  0.538283  0.586225  0.748458  0.684704  0.632479  0.645149  0.661686  0.597779  0.691576  0.485266  0.563509  0.764363  0.257550  0.750126  0.604774  0.599168  0.534926  0.546425  0.586857  0.697503  0.747402  0.593575  0.498257  0.680025  0.643068  0.716349  0.772376  0.779082  0.777627  0.740280  0.695002  0.564297  0.531579  0.482355  0.525853  0.647269  0.695523  0.637446  0.716409  0.481169  0.653741  0.863430  0.846972  0.654733  0.640179  0.786074  0.761999  0.664700  0.714075  0.637616  0.671674  0.489313  0.352622  0.526746  0.739646  0.735659  0.584054  0.678243  0.665152  0.776364  0.613539  0.608738  0.530167  0.357796  0.705847  0.599274  0.599794  0.607792  0.630698  0.687254  0.566512  0.653522  0.643640  0.593551  0.351722  0.713596  0.643319  0.725879  0.917497  0.629940  0.623879  0.585408  0.521345  0.824084  0.590211 
9  0.692453  0.746115  0.746803  0.748385  0.614660  0.708440  0.562473  0.529653  0.821762 0.0  0.803080  0.657346  0.538159  0.731354  0.645278  0.679353  0.878185  0.724328  0.621920  0.842958  0.601164  0.878835  0.427499  0.707460  0.837798  0.818579  0.423861  0.414493  0.236786  0.701630  0.553556  0.577412  0.680379  0.779816  0.767729  0.586310  0.435717  0.846659  0.637498  0.800054  0.780797  0.750849  0.737184  0.717688  0.793846  0.585170  0.735824  0.637753  0.592274  0.620386  0.635591  0.620153  0.589708  0.340486  0.733352  0.464082  0.647357  0.717737  0.672301  0.413549  0.681726  0.707770  0.500923  0.836670  0.605673  0.588389  0.602674  0.686322  0.864638  0.755454  0.726742  0.686747  0.608337  0.713025  0.692892  0.647224  0.749409  0.714854  0.708306  0.756572  0.404332  0.382924  0.755507  0.645546  0.694016  0.661329  0.744741  0.437428  0.827163  0.586719  0.704557  0.406968  0.698649  0.696722  0.563718  0.775241  0.382906  0.758463  0.663508  0.429542  0.711381  0.486476  0.821475  0.545823  0.614744  0.558712  0.456280  0.711795  0.567778  0.745277  0.639141  0.664694  0.648811  0.723872  0.751393  0.589634  0.817907  0.881032  0.617894  0.692866  0.657527  0.751840  0.617601  0.738530  0.729690  0.654405  0.663458  0.655075  0.838171  0.664827  0.549699  0.625282  0.651863  0.787061  0.740699  0.697783  0.579911  0.741626  0.244466  0.741395  0.479328  0.602841  0.754259  0.701799  0.440993  0.874978 
10  0.217506  0.720926  0.692398  0.333999  0.416771  0.593924  0.310916  0.680310  0.567272  0.803080 0.0  0.626840  0.551392  0.665102  0.629849  0.616821  0.773563  0.763552  0.601702  0.619999  0.460364  0.719079  0.681124  0.614115  0.709875  0.694625  0.707322  0.708696  0.646178  0.405354  0.554270  0.457592  0.537338  0.675788  0.784027  0.503399  0.610903  0.680865  0.505204  0.719040  0.673057  0.478237  0.161499  0.389437  0.689341  0.418083  0.542620  0.350464  0.545005  0.627304  0.430547  0.767861  0.000000  0.647835  0.567833  0.614303  0.631506  0.769601  0.731587  0.661983  0.474200  0.491153  0.692218  0.902660  0.735101  0.343207  0.442608  0.697240  0.738976  0.762845  0.525259  0.497204  0.593452  0.606567  0.824451  0.122673  0.484889  0.377672  0.476305  0.755383  0.566007  0.658206  0.666722  0.430961  0.540014  0.527280  0.602523  0.703399  0.649970  0.717497  0.711150  0.598471  0.656752  0.661801  0.154778  0.530824  0.744878  0.643378  0.655263  0.715462  0.612293  0.625526  0.851818  0.705107  0.613304  0.609787  0.626718  0.676623  0.255899  0.453648  0.714859  0.552076  0.377495  0.546044  0.666749  0.782419  0.700046  0.590310  0.568035  0.686689  0.849566  0.342646  0.467203  0.729530  0.529211  0.565012  0.438084  0.586442  0.634411  0.558573  0.645641  0.528050  0.577057  0.633790  0.706099  0.486854  0.706522  0.574197  0.750515  0.711865  0.570771  0.480636  0.653045  0.688575  0.645548  0.596833 
11  0.683964  0.724696  0.777398  0.684920  0.616942  0.711428  0.654010  0.515635  0.590898  0.657346  0.626840 0.0  0.499422  0.807255  0.628948  0.556677  0.749757  0.613249  0.419676  0.744717  0.596976  0.884092  0.610282  0.613706  0.888637  0.857538  0.490347  0.599018  0.646457  0.650047  0.450684  0.636516  0.563706  0.706133  0.731867  0.378339  0.539919  0.738182  0.544298  0.668272  0.798546  0.611226  0.515732  0.568972  0.746561  0.562557  0.412016  0.530050  0.690038  0.536613  0.574638  0.349640  0.690550  0.647889  0.714363  0.486888  0.241833  0.653750  0.682485  0.507080  0.508007  0.665343  0.590230  0.846034  0.734671  0.622140  0.623468  0.742396  0.671464  0.717291  0.526990  0.515303  0.698441  0.667606  0.760188  0.555079  0.622512  0.628627  0.551458  0.713938  0.598154  0.607320  0.739738  0.588862  0.599337  0.605377  0.754859  0.553485  0.809805  0.702719  0.727542  0.546808  0.770210  0.748368  0.664036  0.661192  0.515709  0.742275  0.575551  0.554348  0.614983  0.608803  0.824191  0.542923  0.460162  0.459313  0.539547  0.825350  0.588018  0.622707  0.523320  0.696342  0.561667  0.616797  0.613806  0.541625  0.662258  0.715861  0.499977  0.832772  0.698962  0.601343  0.483102  0.689521  0.643660  0.611070  0.508712  0.732753  0.758914  0.544753  0.445111  0.526129  0.677318  0.723553  0.700085  0.616349  0.657121  0.728995  0.528071  0.905193  0.574089  0.533877  0.707452  0.710364  0.602889  0.756594 
12  0.691720  0.716626  0.783718  0.571169  0.690668  0.666384  0.651029  0.476727  0.619933  0.538159  0.551392  0.499422 0.0  0.814607  0.637021  0.441434  0.819894  0.753298  0.243643  0.729126  0.668516  0.713619  0.594525  0.679821  0.806800  0.757266  0.638118  0.522409  0.593186  0.577008  0.479149  0.726460  0.598704  0.713151  0.781253  0.529709  0.536523  0.733332  0.639992  0.766349  0.736846  0.787084  0.731444  0.544327  0.810635  0.672499  0.459149  0.661729  0.658539  0.537897  0.710120  0.517632  0.731215  0.600068  0.638936  0.490859  0.448277  0.783556  0.923664  0.442441  0.638911  0.688910  0.472978  0.916650  0.706164  0.798585  0.588182  0.692670  0.756815  0.797795  0.634957  0.725575  0.651245  0.664128  0.751770  0.575181  0.615160  0.659346  0.563367  0.785367  0.331234  0.488807  0.732324  0.617507  0.626829  0.678421  0.725095  0.543799  0.808230  0.595402  0.646962  0.485303  0.683013  0.714344  0.593582  0.793160  0.542821  0.773217  0.730570  0.478708  0.654884  0.446810  0.828992  0.544117  0.616987  0.428425  0.488192  0.814595  0.684193  0.574245  0.358535  0.557953  0.707704  0.762746  0.721228  0.677322  0.815444  0.758154  0.571070  0.788256  0.808304  0.638348  0.550298  0.735055  0.639007  0.552162  0.709905  0.719039  0.765441  0.643027  0.438344  0.706092  0.752805  0.777501  0.665966  0.667445  0.570774  0.780636  0.655527  0.729234  0.510075  0.600683  0.841306  0.663078  0.617922  0.625870 
13  0.703581  0.506631  0.618032  0.680720  0.742673  0.602752  0.676868  0.764680  0.578901  0.731354  0.665102  0.807255  0.814607 0.0  0.639698  0.752071  0.592465  0.579666  0.686421  0.637932  0.697258  0.589748  0.806491  0.616474  0.718952  0.566545  0.703039  0.809925  0.747968  0.721695  0.840772  0.579112  0.772179  0.748767  0.520209  0.807824  0.781373  0.647854  0.687269  0.540177  0.538427  0.631214  0.712187  0.654300  0.372407  0.560125  0.694637  0.571868  0.791413  0.781376  0.640319  0.667456  0.617208  0.789700  0.653822  0.794322  0.703062  0.659231  0.666399  0.813447  0.699992  0.679398  0.807713  0.759913  0.742480  0.749199  0.734890  0.487604  0.613081  0.562806  0.764337  0.702432  0.716239  0.575739  0.837969  0.756661  0.728153  0.652898  0.676999  0.526538  0.783882  0.876607  0.515048  0.748220  0.660634  0.798133  0.571874  0.767937  0.646715  0.786785  0.861005  0.875790  0.645120  0.647510  0.578199  0.721113  0.710637  0.586134  0.693439  0.686511  0.636414  0.792974  0.913190  0.797044  0.841871  0.756596  0.743100  0.596250  0.732241  0.884381  0.695404  0.720497  0.595378  0.566273  0.669782  0.758953  0.608622  0.549561  0.753396  0.546903  0.816981  0.723295  0.737679  0.518762  0.600373  0.707925  0.671918  0.687417  0.432641  0.671754  0.789640  0.672598  0.589219  0.628189  0.563010  0.651920  0.795212  0.685809  0.773483  0.577430  0.753905  0.741703  0.548750  0.697917  0.704646  0.646607 
14  0.469178  0.757151  0.760425  0.679791  0.589679  0.533880  0.579791  0.651362  0.310809  0.645278  0.629849  0.628948  0.637021  0.639698 0.0  0.687594  0.624613  0.605649  0.788625  0.574064  0.691296  0.658162  0.727507  0.499980  0.667821  0.703387  0.712646  0.650316  0.780807  0.594622  0.613696  0.672263  0.671949  0.803644  0.557567  0.681488  0.742718  0.769754  0.642236  0.596229  0.725290  0.456553  0.507243  0.641630  0.543792  0.590199  0.636431  0.573707  0.578223  0.798028  0.552288  0.748287  0.663496  0.647486  0.559065  0.627858  0.707275  0.600183  0.809680  0.643530  0.576643  0.633437  0.837772  0.906602  0.795066  0.638471  0.716042  0.555167  0.717119  0.787413  0.601542  0.559029  0.583605  0.382985  0.806946  0.634858  0.592146  0.709371  0.574592  0.581795  0.726209  0.746252  0.704511  0.645224  0.674457  0.747720  0.569359  0.744136  0.800961  0.754950  0.774933  0.747407  0.490944  0.523156  0.735074  0.549440  0.744196  0.737524  0.786058  0.812234  0.680566  0.615690  0.806340  0.729219  0.734894  0.652823  0.716881  0.778278  0.630180  0.610680  0.627857  0.569120  0.663794  0.240799  0.500432  0.707172  0.632279  0.548915  0.730873  0.609916  0.770657  0.610037  0.530172  0.640441  0.492121  0.733734  0.642363  0.554837  0.660869  0.643272  0.652944  0.487567  0.587298  0.621280  0.628942  0.567762  0.631908  0.511722  0.729630  0.722257  0.748720  0.612611  0.591915  0.571719  0.749859  0.674077 
15  0.405612  0.778236  0.658780  0.552646  0.561295  0.643254  0.523724  0.539194  0.657194  0.679353  0.616821  0.556677  0.441434  0.752071  0.687594 0.0  0.838012  0.745720  0.557822  0.754905  0.500097  0.711199  0.624093  0.653413  0.763894  0.812597  0.560720  0.698426  0.630183  0.440259  0.467324  0.570951  0.306085  0.766710  0.744693  0.405903  0.604105  0.835160  0.501390  0.779563  0.776901  0.597610  0.524541  0.488310  0.757155  0.600201  0.454240  0.529555  0.610631  0.649821  0.648674  0.533797  0.547206  0.648329  0.783321  0.640782  0.492002  0.668696  0.756696  0.494066  0.583618  0.538502  0.556602  0.820854  0.797051  0.529464  0.490700  0.741852  0.709248  0.633351  0.597677  0.511821  0.613349  0.683169  0.808674  0.560587  0.634788  0.546302  0.589856  0.575111  0.555464  0.498143  0.726480  0.538653  0.424017  0.380975  0.676591  0.633847  0.733633  0.773020  0.658292  0.640495  0.660076  0.601109  0.475136  0.720071  0.618045  0.831605  0.651404  0.624058  0.620060  0.519960  0.801479  0.697186  0.382374  0.653445  0.625407  0.847088  0.498282  0.303868  0.364524  0.444009  0.602767  0.687998  0.595256  0.474662  0.790222  0.652814  0.279960  0.801165  0.673602  0.567659  0.489652  0.698685  0.605554  0.347768  0.373567  0.680203  0.697629  0.408372  0.612386  0.481693  0.746383  0.660309  0.686123  0.502719  0.641732  0.611877  0.635713  0.884290  0.706771  0.528865  0.700868  0.597041  0.636512  0.623168 
16  0.830192  0.658331  0.486710  0.759256  0.752939  0.686545  0.749666  0.804006  0.794656  0.878185  0.773563  0.749757  0.819894  0.592465  0.624613  0.838012 0.0  0.605069  0.699716  0.797981  0.689806  0.536097  0.705944  0.706985  0.641006  0.553874  0.851806  0.843306  0.778544  0.711785  0.760511  0.808734  0.790910  0.852611  0.610993  0.765535  0.701393  0.523822  0.785773  0.705478  0.564694  0.720467  0.765864  0.781624  0.620030  0.737493  0.801138  0.883846  0.791161  0.761512  0.869077  0.929526  0.827536  0.777467  0.615679  0.810562  0.829346  0.676874  0.581221  0.740747  0.758312  0.862664  0.823473  0.667837  0.751084  0.688718  0.641655  0.796595  0.699692  0.674398  0.733339  0.778888  0.857973  0.713704  0.811950  0.724264  0.789352  0.846005  0.721944  0.669814  0.795662  0.846511  0.652100  0.767225  0.720263  0.739993  0.691137  0.783105  0.381076  0.809993  0.875035  0.820120  0.529287  0.823259  0.732017  0.615482  0.845168  0.745248  0.814874  0.797244  0.638546  0.825697  0.802716  0.842280  0.761645  0.937124  0.791797  0.651654  0.872752  0.779597  0.832060  0.791058  0.774388  0.723956  0.650695  0.695985  0.548218  0.711462  0.824691  0.669809  0.833698  0.713979  0.725455  0.701818  0.665681  0.851752  0.791541  0.716535  0.644537  0.710572  0.884080  0.837391  0.674848  0.780318  0.736074  0.812749  0.753725  0.848836  0.814762  0.483663  0.781173  0.827461  0.725749  0.760371  0.757344  0.804710 
17  0.697506  0.605113  0.596708  0.781765  0.687300  0.599768  0.676725  0.645194  0.656962  0.724328  0.763552  0.613249  0.753298  0.579666  0.605649  0.745720  0.605069 0.0  0.751459  0.464827  0.646900  0.674237  0.714286  0.775541  0.767020  0.654698  0.752134  0.822959  0.752220  0.675514  0.687973  0.643104  0.620685  0.882369  0.551290  0.732057  0.746087  0.484586  0.802628  0.620708  0.487993  0.667152  0.716691  0.691267  0.624900  0.775763  0.733072  0.776198  0.825790  0.847906  0.635580  0.752132  0.686977  0.754097  0.484762  0.738761  0.773819  0.429694  0.515291  0.808892  0.742302  0.637429  0.680123  0.824816  0.722370  0.662623  0.682924  0.606704  0.472195  0.414744  0.579938  0.565413  0.704672  0.548802  0.942921  0.685089  0.591851  0.763204  0.647812  0.569291  0.693019  0.740447  0.481444  0.644514  0.765992  0.646914  0.407310  0.813958  0.645607  0.721055  0.764262  0.835541  0.545120  0.732794  0.735105  0.559740  0.778930  0.684762  0.740812  0.762183  0.691897  0.750533  0.923135  0.848736  0.702731  0.885985  0.701562  0.743588  0.691918  0.776314  0.761848  0.693053  0.607133  0.632187  0.771975  0.724366  0.562908  0.594163  0.725995  0.745755  0.916398  0.686107  0.745241  0.651831  0.601196  0.662465  0.710754  0.462259  0.457681  0.716617  0.813707  0.714911  0.490209  0.536309  0.468058  0.557819  0.803676  0.671038  0.711026  0.597290  0.780242  0.648781  0.406580  0.644434  0.889444  0.669986 
18  0.664947  0.715267  0.715186  0.590384  0.511842  0.703153  0.682431  0.514304  0.832251  0.621920  0.601702  0.419676  0.243643  0.686421  0.788625  0.557822  0.699716  0.751459 0.0  0.773521  0.667793  0.815641  0.472085  0.736031  0.837626  0.767942  0.513781  0.523905  0.448079  0.582270  0.527722  0.555885  0.552735  0.911229  0.651657  0.421313  0.596195  0.735857  0.664259  0.831187  0.882739  0.652889  0.769773  0.665668  0.710872  0.583209  0.579268  0.672396  0.551100  0.563476  0.678241  0.479805  0.673126  0.647956  0.684951  0.438852  0.539637  0.821312  0.757463  0.397071  0.582253  0.722139  0.443733  0.918824  0.731548  0.645109  0.711670  0.785101  0.636873  0.801845  0.715894  0.637865  0.635586  0.698054  0.789319  0.623976  0.593336  0.651541  0.573850  0.838384  0.328956  0.328486  0.742385  0.610906  0.653161  0.645814  0.698305  0.463002  0.838415  0.670548  0.698882  0.452974  0.726035  0.744232  0.716133  0.684440  0.465567  0.915207  0.748367  0.476129  0.664377  0.459602  0.929832  0.486360  0.534840  0.496349  0.441879  0.759542  0.702882  0.646351  0.603286  0.746498  0.608324  0.628863  0.716090  0.595276  0.781463  0.731405  0.632069  0.811376  0.708833  0.657503  0.628172  0.691051  0.760047  0.552620  0.628758  0.779415  0.764942  0.642007  0.360944  0.568036  0.694614  0.799718  0.745218  0.673784  0.581256  0.709667  0.413718  0.827982  0.504036  0.728469  0.821314  0.706176  0.564529  0.698283 
19  0.614265  0.653503  0.597664  0.742320  0.654393  0.443616  0.686113  0.749397  0.531414  0.842958  0.619999  0.744717  0.729126  0.637932  0.574064  0.754905  0.797981  0.464827  0.773521 0.0  0.737572  0.532190  0.796325  0.632336  0.704622  0.540377  0.763798  0.622697  0.619611  0.698305  0.654293  0.678084  0.683202  0.703092  0.538479  0.677849  0.711449  0.733976  0.719866  0.753207  0.632258  0.516258  0.637137  0.598683  0.567921  0.681414  0.716267  0.702239  0.803583  0.794556  0.564794  0.658069  0.645697  0.595849  0.519196  0.726440  0.739828  0.528202  0.591574  0.712471  0.644354  0.793337  0.725791  0.835416  0.732790  0.682753  0.667455  0.670362  0.449988  0.521465  0.622233  0.660674  0.662031  0.494061  0.814273  0.578232  0.611088  0.614076  0.724152  0.510977  0.632367  0.720691  0.636973  0.745046  0.770358  0.722201  0.547142  0.790350  0.684812  0.749073  0.831889  0.799415  0.493028  0.597447  0.691279  0.511525  0.743647  0.602809  0.675512  0.696288  0.553924  0.698664  0.743780  0.718230  0.736728  0.766390  0.777834  0.728602  0.586479  0.688442  0.539185  0.774957  0.653783  0.567862  0.537282  0.693261  0.555421  0.430086  0.692775  0.712568  0.772987  0.643025  0.739875  0.549623  0.627575  0.715665  0.779612  0.490177  0.669516  0.827017  0.796669  0.596796  0.629039  0.429029  0.413095  0.517859  0.826011  0.593377  0.771168  0.557381  0.674200  0.756516  0.383337  0.680187  0.634663  0.665449 
20  0.418288  0.749942  0.789005  0.368091  0.455647  0.630410  0.385921  0.838121  0.617391  0.601164  0.460364  0.596976  0.668516  0.697258  0.691296  0.500097  0.689806  0.646900  0.667793  0.737572 0.0  0.648361  0.661271  0.600411  0.841010  0.755704  0.604281  0.484581  0.656821  0.544511  0.568540  0.492950  0.387847  0.753780  0.631703  0.664842  0.646676  0.650757  0.441139  0.600346  0.730493  0.614389  0.385577  0.258765  0.750614  0.393288  0.579603  0.305259  0.685163  0.752689  0.472924  0.637718  0.358427  0.771088  0.689990  0.674746  0.573854  0.643107  0.822569  0.683878  0.457778  0.502466  0.614446  0.848226  0.662044  0.340344  0.419672  0.579447  0.674128  0.710197  0.530075  0.481107  0.578046  0.707266  0.771446  0.341387  0.479934  0.369707  0.543158  0.663934  0.695139  0.559259  0.646576  0.415581  0.397640  0.358513  0.693461  0.762837  0.792647  0.583102  0.713379  0.629764  0.690057  0.670998  0.437374  0.797117  0.710059  0.644222  0.617256  0.682244  0.474601  0.724126  0.871747  0.779940  0.623228  0.692178  0.727983  0.707253  0.315702  0.394117  0.422160  0.460568  0.523182  0.624626  0.690936  0.494096  0.702374  0.596558  0.452342  0.673799  0.765458  0.474081  0.481853  0.675218  0.510705  0.631619  0.497229  0.707027  0.735381  0.463179  0.615837  0.359662  0.711245  0.637922  0.675669  0.545371  0.721210  0.638257  0.685773  0.750419  0.643115  0.472105  0.575637  0.636575  0.676186  0.621544 
21  0.741941  0.422565  0.600522  0.855878  0.658637  0.505025  0.643067  0.837965  0.654846  0.878835  0.719079  0.884092  0.713619  0.589748  0.658162  0.711199  0.536097  0.674237  0.815641  0.532190  0.648361 0.0  0.869288  0.700032  0.684651  0.754747  0.864388  0.712308  0.751394  0.817914  0.726648  0.741376  0.811603  0.763824  0.313892  0.646458  0.805341  0.477291  0.698897  0.519225  0.582597  0.540302  0.731902  0.783249  0.588761  0.701716  0.737106  0.677608  0.747579  0.886380  0.643832  0.756007  0.739175  0.842322  0.640270  0.836331  0.722044  0.624123  0.622093  0.762137  0.701753  0.644408  0.736307  0.704646  0.797711  0.706199  0.749481  0.374253  0.628054  0.567714  0.693698  0.741709  0.676393  0.606444  0.730598  0.652786  0.715846  0.694040  0.707940  0.505963  0.823173  0.762334  0.534091  0.722446  0.759357  0.665809  0.656985  0.827384  0.682765  0.753041  0.769886  0.790557  0.623229  0.542530  0.591759  0.584686  0.825081  0.545207  0.751181  0.787566  0.641740  0.703351  0.922982  0.832799  0.680005  0.779730  0.748057  0.671935  0.715838  0.686255  0.722033  0.615021  0.738306  0.671494  0.427822  0.651941  0.522471  0.598883  0.789192  0.492920  0.771641  0.715673  0.730508  0.430912  0.687287  0.698701  0.630290  0.661528  0.507729  0.690770  0.663777  0.773795  0.499857  0.580090  0.672348  0.604390  0.835623  0.501851  0.726842  0.687477  0.731124  0.648979  0.601670  0.726642  0.744707  0.668022 
22  0.711687  0.792074  0.813254  0.656396  0.594754  0.744471  0.635732  0.568448  0.583808  0.427499  0.681124  0.610282  0.594525  0.806491  0.727507  0.624093  0.705944  0.714286  0.472085  0.796325  0.661271  0.869288 0.0  0.688669  0.633592  0.783652  0.516810  0.418668  0.483221  0.728535  0.556145  0.588572  0.728361  0.666257  0.805458  0.653710  0.355462  0.890020  0.714386  0.766013  0.698584  0.791942  0.680968  0.672062  0.742369  0.710011  0.701199  0.700015  0.687990  0.595573  0.623566  0.659739  0.622090  0.401592  0.798711  0.498782  0.577265  0.719882  0.823725  0.432297  0.705433  0.749702  0.457896  0.859600  0.592455  0.693284  0.536521  0.684144  0.736704  0.729264  0.823518  0.515145  0.632979  0.674382  0.721172  0.711919  0.707125  0.696548  0.644659  0.732237  0.529728  0.404854  0.703533  0.644569  0.670968  0.722137  0.589894  0.518597  0.716664  0.653889  0.619980  0.445797  0.780085  0.702351  0.664116  0.688476  0.466315  0.685981  0.625576  0.416715  0.549563  0.477371  0.775831  0.543093  0.487783  0.513575  0.475045  0.838428  0.645855  0.672202  0.599476  0.717226  0.743090  0.758254  0.616757  0.704969  0.783798  0.752232  0.700277  0.755882  0.777061  0.598958  0.646747  0.853851  0.745572  0.615694  0.597948  0.708213  0.831438  0.730347  0.467756  0.610185  0.712937  0.635315  0.682146  0.840960  0.640727  0.694639  0.417437  0.791180  0.414021  0.663841  0.780156  0.691164  0.331300  0.764583 
23  0.605718  0.642062  0.615951  0.710688  0.566343  0.724068  0.743464  0.726843  0.513000  0.707460  0.614115  0.613706  0.679821  0.616474  0.499980  0.653413  0.706985  0.775541  0.736031  0.632336  0.600411  0.700032  0.688669 0.0  0.711340  0.789778  0.634533  0.780714  0.679806  0.618195  0.591636  0.678313  0.719844  0.891279  0.634491  0.685954  0.710566  0.760655  0.676387  0.558786  0.774558  0.628996  0.699719  0.664124  0.661655  0.646776  0.614098  0.728482  0.644363  0.684016  0.563462  0.681678  0.632375  0.693802  0.563925  0.676216  0.656919  0.682816  0.695722  0.769887  0.620549  0.527243  0.672660  0.878962  0.833240  0.610790  0.659219  0.635778  0.705836  0.631222  0.640654  0.708728  0.601413  0.666265  0.765005  0.638943  0.690353  0.699825  0.599286  0.639362  0.634734  0.680178  0.748145  0.591379  0.603065  0.677613  0.673332  0.689275  0.768897  0.705812  0.781734  0.561385  0.716706  0.567670  0.601311  0.688258  0.690482  0.740708  0.610561  0.671914  0.557333  0.658460  0.871322  0.673625  0.649646  0.696392  0.690823  0.707861  0.699905  0.649053  0.642896  0.544372  0.668898  0.618877  0.582932  0.658718  0.694090  0.665256  0.657883  0.553507  0.829225  0.489746  0.743697  0.598288  0.548100  0.613408  0.738689  0.650068  0.496056  0.649118  0.671308  0.578884  0.663019  0.660646  0.699046  0.665523  0.813412  0.510135  0.715586  0.783272  0.818112  0.620572  0.753797  0.514630  0.699482  0.637737 
24  0.710390  0.719790  0.602257  0.733111  0.879233  0.631072  0.687515  0.856629  0.742304  0.837798  0.709875  0.888637  0.806800  0.718952  0.667821  0.763894  0.641006  0.767020  0.837626  0.704622  0.841010  0.684651  0.633592  0.711340 0.0  0.495985  0.678947  0.789643  0.796319  0.786123  0.687154  0.698856  0.760811  0.812424  0.672133  0.749024  0.646923  0.574194  0.744132  0.628748  0.640580  0.726490  0.731333  0.713360  0.548124  0.683038  0.785422  0.785467  0.800570  0.840099  0.798788  0.801451  0.761655  0.857507  0.691780  0.821453  0.846683  0.678867  0.741066  0.794429  0.683173  0.760485  0.850445  0.737841  0.926514  0.747672  0.655594  0.570780  0.698385  0.693460  0.743930  0.770410  0.705907  0.845699  0.798544  0.838504  0.739171  0.670700  0.711370  0.676302  0.865147  0.772984  0.568253  0.725075  0.689066  0.754869  0.651140  0.747340  0.611573  0.853753  0.720521  0.725675  0.760950  0.709279  0.791594  0.707577  0.871419  0.613343  0.668832  0.756914  0.656331  0.796108  0.881092  0.802767  0.795796  0.749327  0.659740  0.739895  0.646678  0.861468  0.691641  0.877116  0.693424  0.781126  0.747555  0.751738  0.629651  0.737040  0.679475  0.497995  0.739134  0.695760  0.757627  0.622098  0.752144  0.815348  0.709957  0.547440  0.555189  0.852033  0.737276  0.769280  0.627450  0.651088  0.666477  0.855271  0.918800  0.659305  0.911779  0.561509  0.726782  0.729621  0.695897  0.721494  0.706351  0.746675 
25  0.762546  0.607746  0.588012  0.677514  0.759270  0.728659  0.735721  0.859419  0.568996  0.818579  0.694625  0.857538  0.757266  0.566545  0.703387  0.812597  0.553874  0.654698  0.767942  0.540377  0.755704  0.754747  0.783652  0.789778  0.495985 0.0  0.815098  0.769369  0.860584  0.611313  0.731077  0.721183  0.813441  0.841900  0.591109  0.788231  0.806149  0.485701  0.729368  0.599732  0.502993  0.654729  0.744369  0.657195  0.497831  0.762765  0.737019  0.732228  0.757828  0.840824  0.741532  0.795909  0.703943  0.667448  0.702423  0.772643  0.743418  0.594835  0.662901  0.788682  0.678840  0.725823  0.820262  0.734363  0.825061  0.589863  0.778852  0.649057  0.695420  0.539497  0.744547  0.664544  0.733732  0.609821  0.844545  0.706154  0.797010  0.606122  0.706829  0.678059  0.778321  0.800884  0.558377  0.771414  0.780850  0.774445  0.643177  0.798690  0.706446  0.794506  0.814440  0.667101  0.699488  0.651110  0.868314  0.575498  0.795099  0.648491  0.695591  0.732638  0.693202  0.712540  0.778556  0.859449  0.666057  0.791025  0.842375  0.647861  0.722496  0.804820  0.704212  0.680649  0.779272  0.695962  0.640032  0.653518  0.651947  0.615298  0.736289  0.599465  0.980243  0.749785  0.770118  0.708475  0.802664  0.821351  0.739764  0.724263  0.622373  0.619197  0.848409  0.719510  0.792205  0.694343  0.629719  0.686471  0.766424  0.642436  0.891519  0.520582  0.894901  0.736816  0.685110  0.725088  0.745781  0.753916 
26  0.665889  0.722953  0.719153  0.706563  0.630191  0.741003  0.595088  0.392488  0.676810  0.423861  0.707322  0.490347  0.638118  0.703039  0.712646  0.560720  0.851806  0.752134  0.513781  0.763798  0.604281  0.864388  0.516810  0.634533  0.678947  0.815098 0.0  0.313228  0.484232  0.649557  0.530469  0.741039  0.726025  0.611595  0.872609  0.548177  0.458332  0.809027  0.633022  0.811707  0.704202  0.673925  0.649351  0.713045  0.685074  0.688025  0.560143  0.705096  0.632669  0.554839  0.718665  0.654716  0.560608  0.351107  0.797769  0.354542  0.468301  0.693738  0.815071  0.344119  0.680921  0.793991  0.335637  0.871686  0.673162  0.744072  0.703011  0.744347  0.674161  0.734602  0.621212  0.564563  0.617677  0.773959  0.767272  0.698007  0.518258  0.691131  0.559729  0.754496  0.486138  0.054016  0.740414  0.618301  0.716504  0.578500  0.817020  0.197705  0.842382  0.684680  0.655312  0.482179  0.735588  0.650123  0.692079  0.743504  0.281292  0.700411  0.671912  0.358026  0.747756  0.393031  0.796949  0.550330  0.564852  0.325036  0.200245  0.742866  0.761968  0.768639  0.658121  0.681722  0.680047  0.737825  0.631456  0.604122  0.790234  0.779993  0.672132  0.738259  0.766288  0.638098  0.616408  0.772981  0.803596  0.682568  0.677156  0.764281  0.759850  0.653711  0.360335  0.593567  0.671907  0.775508  0.633207  0.637404  0.527676  0.715442  0.291810  0.801375  0.326005  0.680810  0.782400  0.704828  0.504207  0.605999 
