146
0 0.0  0.665645  0.791910  0.339819  0.451241  0.629513  0.392570  0.692458  0.509097  0.751251  0.287879  0.628311  0.673182  0.752757  0.559757  0.601908  0.831180  0.666589  0.620026  0.616992  0.443936  0.674667  0.639735  0.669282  0.807498  0.867994  0.775346  0.669204  0.736131  0.404287  0.596697  0.507263  0.603593  0.673068  0.688141  0.620486  0.708179  0.699514  0.488341  0.651920  0.762906  0.560330  0.310567  0.485903  0.673569  0.397944  0.648585  0.439394  0.726293  0.749233  0.527423  0.661320  0.243614  0.766403  0.565775  0.783619  0.653504  0.655976  0.831612  0.599654  0.421356  0.399770  0.705511  0.791545  0.771863  0.400469  0.401428  0.694407  0.696868  0.728010  0.361626  0.536515  0.600628  0.663773  0.728778  0.206024  0.524782  0.496137  0.542129  0.684132  0.605602  0.665297  0.735034  0.475272  0.488350  0.424802  0.694585  0.641479  0.774605  0.799996  0.676304  0.715279  0.599973  0.754882  0.248110  0.523216  0.626692  0.737690  0.633062  0.564262  0.701529  0.671836  0.774272  0.651798  0.549555  0.606129  0.763746  0.573365  0.265286  0.483897  0.569583  0.514454  0.431297  0.510664  0.603694  0.541720  0.756549  0.617603  0.552193  0.630931  0.914806  0.340475  0.649549  0.789137  0.576161  0.617388  0.569406  0.561189  0.739147  0.433360  0.678237  0.511218  0.701771  0.661745  0.688727  0.535408  0.736571  0.615641  0.688822  0.793736  0.553895  0.504513  0.739167  0.499974  0.634491  0.635031 
1  0.665645 0.0  0.134394  0.758945  0.675433  0.766537  0.765618  0.758585  0.790805  0.727184  0.696310  0.793205  0.749728  0.537923  0.595024  0.722715  0.640142  0.647081  0.790716  0.813225  0.824570  0.574218  0.746044  0.720323  0.531046  0.494564  0.677644  0.778725  0.772802  0.643857  0.642576  0.778155  0.833236  0.856839  0.463328  0.793580  0.830125  0.590108  0.698805  0.353309  0.638999  0.723298  0.691551  0.718053  0.683572  0.720402  0.825811  0.740772  0.729703  0.773505  0.640336  0.771273  0.689650  0.659514  0.614247  0.756191  0.729289  0.798669  0.777460  0.820615  0.754556  0.638151  0.784925  0.785020  0.819485  0.723283  0.712113  0.585292  0.561325  0.873913  0.742044  0.719367  0.689340  0.611878  0.810605  0.765596  0.755275  0.734647  0.612975  0.481919  0.873851  0.750296  0.635732  0.791990  0.720649  0.757138  0.785333  0.761923  0.741877  0.818501  0.857716  0.858424  0.703336  0.721826  0.742014  0.690428  0.895816  0.440128  0.751237  0.807749  0.648544  0.700519  0.873752  0.839623  0.769961  0.748745  0.871230  0.512317  0.690433  0.693969  0.684594  0.666518  0.735730  0.775365  0.538039  0.745885  0.606563  0.721869  0.673849  0.427237  0.887731  0.757375  0.704522  0.579146  0.717077  0.750340  0.713915  0.699804  0.614913  0.750634  0.810187  0.693544  0.744201  0.700232  0.742539  0.739330  0.739325  0.680435  0.825003  0.717331  0.790455  0.737182  0.792449  0.733675  0.822502  0.707840 
2  0.791910  0.134394 0.0  0.786241  0.702122  0.720098  0.593420  0.768242  0.591410  0.841530  0.596502  0.718950  0.815357  0.567276  0.652430  0.682389  0.811573  0.730546  0.781093  0.634802  0.656839  0.511140  0.855102  0.727068  0.643414  0.758037  0.834464  0.875673  0.766442  0.734570  0.858858  0.647032  0.826978  0.878161  0.477741  0.821958  0.776930  0.474584  0.752341  0.426049  0.669135  0.815629  0.726884  0.706656  0.644677  0.725745  0.734293  0.790475  0.791178  0.770107  0.793383  0.802018  0.675873  0.825838  0.656333  0.825345  0.775049  0.660348  0.604061  0.752673  0.670310  0.742096  0.767363  0.731997  0.848003  0.858610  0.716012  0.573640  0.638867  0.757720  0.663044  0.889985  0.712603  0.728559  0.845642  0.596067  0.651812  0.737268  0.720001  0.469288  0.779325  0.825212  0.707709  0.779070  0.692673  0.719965  0.721586  0.799940  0.679380  0.727385  0.832967  0.757944  0.635417  0.674803  0.618068  0.668934  0.892649  0.396880  0.694004  0.761349  0.730549  0.815806  0.919719  0.802200  0.728860  0.863124  0.774837  0.438167  0.858428  0.770644  0.738607  0.683054  0.569846  0.693322  0.628779  0.703963  0.707645  0.653774  0.767319  0.436881  0.899716  0.734825  0.825099  0.512364  0.695982  0.830230  0.649123  0.706318  0.605928  0.888887  0.728267  0.760240  0.760102  0.642090  0.605282  0.660996  0.720017  0.653824  0.813911  0.718273  0.808549  0.735841  0.672830  0.660110  0.769024  0.621161 
3  0.339819  0.758945  0.786241 0.0  0.409019  0.790071  0.460866  0.594650  0.600427  0.708293  0.390976  0.570510  0.644682  0.753701  0.611139  0.432683  0.694849  0.676129  0.648580  0.857040  0.474474  0.698717  0.680750  0.723093  0.714416  0.801887  0.664489  0.525268  0.676626  0.531020  0.690489  0.417295  0.612095  0.800808  0.758728  0.631770  0.640240  0.596850  0.515935  0.634481  0.658979  0.677329  0.367707  0.501809  0.707981  0.417252  0.686514  0.452432  0.623957  0.624341  0.313963  0.547264  0.367212  0.699426  0.770881  0.709091  0.707155  0.709714  0.784398  0.749162  0.399236  0.456348  0.682593  0.825450  0.784751  0.337860  0.344920  0.724335  0.692824  0.715049  0.401124  0.625581  0.613850  0.478062  0.812496  0.375504  0.495216  0.382176  0.473639  0.732024  0.596658  0.675159  0.740375  0.375996  0.523849  0.439254  0.697501  0.602627  0.767775  0.756533  0.767597  0.693186  0.696133  0.632603  0.370092  0.660170  0.737236  0.647962  0.550525  0.582917  0.666444  0.631942  0.834561  0.840563  0.578415  0.637813  0.629897  0.738585  0.156779  0.426432  0.444030  0.537182  0.482769  0.550541  0.677638  0.545641  0.696073  0.615215  0.623468  0.656906  0.746980  0.323347  0.403361  0.669950  0.426510  0.502193  0.495924  0.556860  0.654102  0.434575  0.580212  0.629165  0.698841  0.703802  0.654139  0.492314  0.646403  0.684877  0.647563  0.796855  0.594533  0.368748  0.730407  0.670850  0.761222  0.669429 
4  0.451241  0.675433  0.702122  0.409019 0.0  0.630432  0.493891  0.621483  0.656897  0.694444  0.415780  0.620490  0.659386  0.675504  0.567222  0.540897  0.689963  0.577241  0.680617  0.690091  0.462291  0.592987  0.777413  0.684288  0.707390  0.749255  0.593384  0.569171  0.671638  0.473412  0.652694  0.391179  0.453190  0.894634  0.675894  0.610535  0.629151  0.680800  0.426650  0.720314  0.713072  0.610440  0.334306  0.538525  0.798355  0.577363  0.578208  0.473812  0.560934  0.830692  0.547188  0.653328  0.310073  0.677372  0.589002  0.674870  0.601194  0.623588  0.701338  0.798071  0.559609  0.698669  0.703613  0.837236  0.815494  0.576662  0.523710  0.733697  0.755997  0.751819  0.588861  0.590807  0.587990  0.667330  0.814136  0.347114  0.445136  0.133230  0.537433  0.749259  0.766023  0.596453  0.718646  0.410979  0.531392  0.477591  0.738548  0.659646  0.713846  0.764205  0.766681  0.645629  0.645635  0.637050  0.303326  0.595577  0.627963  0.650819  0.697892  0.635881  0.675142  0.592418  0.957088  0.702399  0.592767  0.485414  0.739602  0.735199  0.484655  0.541731  0.599391  0.549539  0.314341  0.474889  0.688453  0.561125  0.712819  0.576409  0.573862  0.839806  0.759042  0.343000  0.353727  0.645601  0.507367  0.658759  0.609857  0.708200  0.734604  0.514799  0.735395  0.598253  0.663282  0.705590  0.817180  0.516645  0.633123  0.708915  0.583066  0.753591  0.625303  0.506475  0.636941  0.600515  0.663145  0.645320 
5  0.629513  0.766537  0.720098  0.790071  0.630432 0.0  0.748334  0.782477  0.472813  0.808548  0.639034  0.668360  0.827399  0.656237  0.502184  0.540052  0.735464  0.435225  0.810874  0.308623  0.608915  0.585168  0.646607  0.759292  0.767176  0.799117  0.713874  0.801493  0.784339  0.652625  0.655842  0.804784  0.643334  0.785462  0.651125  0.741350  0.676329  0.614206  0.558047  0.713392  0.692843  0.418906  0.694695  0.601919  0.630809  0.627605  0.624324  0.772739  0.734804  0.665857  0.646998  0.729190  0.603326  0.631876  0.596034  0.840203  0.667936  0.554117  0.750221  0.750827  0.597345  0.702880  0.806498  0.961113  0.760610  0.661883  0.750793  0.511839  0.557375  0.577885  0.677204  0.662321  0.775305  0.477727  0.819596  0.560977  0.703924  0.560302  0.639831  0.578601  0.870385  0.764926  0.588110  0.692162  0.751046  0.685885  0.512456  0.744894  0.724580  0.774057  0.658482  0.765761  0.311501  0.589136  0.618563  0.321034  0.718278  0.713586  0.716325  0.833987  0.743420  0.719029  0.909829  0.804053  0.686830  0.795964  0.693621  0.760144  0.593638  0.684509  0.672191  0.682769  0.693111  0.579680  0.684487  0.676529  0.550509  0.539488  0.669231  0.675542  0.786751  0.702635  0.680729  0.484944  0.659284  0.662507  0.732885  0.481219  0.677196  0.723529  0.670939  0.699196  0.545375  0.568574  0.456285  0.611985  0.929594  0.633210  0.840106  0.778614  0.755285  0.651677  0.492825  0.735977  0.808274  0.742769 
6  0.392570  0.765618  0.593420  0.460866  0.493891  0.748334 0.0  0.676455  0.655184  0.704975  0.338073  0.620189  0.725478  0.694372  0.638860  0.461937  0.717141  0.759736  0.641732  0.706056  0.311029  0.763926  0.781684  0.654896  0.765865  0.701086  0.543345  0.620742  0.719876  0.504836  0.695250  0.419487  0.584433  0.727922  0.819036  0.641802  0.734921  0.761902  0.516432  0.682488  0.742178  0.551663  0.315576  0.324346  0.696791  0.459669  0.572859  0.276606  0.569243  0.728461  0.512990  0.637966  0.357933  0.686099  0.713420  0.760466  0.640166  0.721715  0.738799  0.704074  0.394195  0.339405  0.734358  0.859665  0.746602  0.000000  0.153689  0.710837  0.708782  0.718387  0.455278  0.457495  0.622622  0.566725  0.752622  0.368951  0.460044  0.495019  0.534379  0.719967  0.621278  0.703359  0.701386  0.367134  0.360905  0.518378  0.666064  0.682673  0.885026  0.707595  0.694888  0.665143  0.699683  0.663848  0.360635  0.614587  0.622604  0.777014  0.684248  0.729653  0.553651  0.573830  0.895522  0.828278  0.505530  0.620346  0.837241  0.732185  0.311381  0.516193  0.580477  0.538561  0.432031  0.553610  0.592005  0.491317  0.606099  0.635682  0.474428  0.830684  0.823099  0.459776  0.580002  0.689971  0.611078  0.497902  0.413555  0.673427  0.710946  0.465503  0.607292  0.383401  0.745105  0.660013  0.592732  0.449748  0.713282  0.568787  0.821701  0.719027  0.651692  0.392006  0.847371  0.643980  0.626831  0.597146 
7  0.692458  0.758585  0.768242  0.594650  0.621483  0.782477  0.676455 0.0  0.634346  0.457724  0.646591  0.596551  0.588379  0.929310  0.652991  0.774789  0.876832  0.809322  0.391613  0.639934  0.626165  0.714113  0.584614  0.743882  0.869135  0.791258  0.412646  0.484048  0.503568  0.530683  0.603588  0.631995  0.678328  0.715906  0.810424  0.598076  0.544380  0.806606  0.630507  0.779267  0.760856  0.766250  0.656968  0.575824  0.730243  0.645710  0.598383  0.629754  0.679870  0.607404  0.659177  0.452142  0.659115  0.511979  0.769994  0.308541  0.529259  0.832939  0.757334  0.298639  0.666088  0.717544  0.258208  0.719457  0.639738  0.614483  0.708376  0.717674  0.799588  0.736448  0.784220  0.707148  0.709604  0.731845  0.730496  0.636836  0.644134  0.752630  0.684415  0.798799  0.350821  0.442968  0.930573  0.634431  0.644336  0.634429  0.728673  0.315101  0.875884  0.638887  0.679272  0.505355  0.792239  0.691672  0.679741  0.789190  0.390745  0.719830  0.698237  0.235965  0.670915  0.152371  0.860125  0.557218  0.627232  0.296347  0.365833  0.767683  0.652113  0.660483  0.575802  0.649354  0.601785  0.796943  0.618255  0.657840  0.799930  0.729555  0.690639  0.740336  0.746487  0.807031  0.623974  0.682226  0.765641  0.649323  0.614087  0.821702  0.695507  0.766759  0.416386  0.576132  0.751779  0.819954  0.817044  0.622542  0.635904  0.804368  0.386887  0.695425  0.314935  0.667010  0.789503  0.623852  0.410382  0.772017 
8  0.509097  0.790805  0.591410  0.600427  0.656897  0.472813  0.655184  0.634346 0.0  0.681612  0.678645  0.633746  0.714152  0.734591  0.354177  0.629740  0.706938  0.527839  0.742151  0.598282  0.646328  0.620390  0.668318  0.582492  0.761697  0.715035  0.761185  0.685545  0.754388  0.732961  0.639981  0.610253  0.753183  0.774823  0.666921  0.727213  0.790510  0.640406  0.561747  0.593153  0.825603  0.411965  0.548299  0.442843  0.587782  0.336991  0.782114  0.571210  0.784194  0.729041  0.447053  0.681118  0.668835  0.722208  0.597212  0.681735  0.669951  0.596109  0.795081  0.604065  0.567920  0.551377  0.647168  0.964531  0.655997  0.599305  0.645769  0.635456  0.674272  0.648249  0.583909  0.647917  0.600613  0.332509  0.728822  0.574596  0.424532  0.636901  0.551240  0.707035  0.797365  0.777452  0.660962  0.669782  0.620016  0.680237  0.661196  0.718154  0.721995  0.797820  0.844052  0.750821  0.525578  0.507083  0.585489  0.507342  0.661327  0.668108  0.585133  0.797417  0.659685  0.725070  0.961180  0.713943  0.644519  0.768887  0.730879  0.648851  0.502692  0.591051  0.483804  0.732322  0.617115  0.334253  0.518192  0.540335  0.706774  0.596859  0.670136  0.662541  0.786731  0.496090  0.654294  0.633770  0.503129  0.698546  0.533519  0.751977  0.746016  0.630035  0.709992  0.621687  0.616899  0.564131  0.635687  0.431094  0.861310  0.625529  0.591175  0.553987  0.659437  0.648239  0.672864  0.506407  0.738444  0.664505 
9  0.751251  0.727184  0.841530  0.708293  0.694444  0.808548  0.704975  0.457724  0.681612 0.0  0.771087  0.691608  0.541402  0.753031  0.802926  0.595976  0.846046  0.742322  0.553459  0.714546  0.656668  0.759556  0.391853  0.629937  0.709840  0.810095  0.424678  0.340542  0.289364  0.597553  0.689822  0.635851  0.546839  0.784867  0.795570  0.611460  0.426579  0.760075  0.708781  0.792974  0.775607  0.761709  0.807320  0.726653  0.734092  0.716655  0.679335  0.750538  0.678052  0.620426  0.641030  0.562728  0.665032  0.230630  0.745717  0.459584  0.539116  0.915402  0.812042  0.510901  0.702396  0.666372  0.550998  0.838048  0.692478  0.667114  0.663459  0.884646  0.840781  0.712651  0.724867  0.739756  0.662412  0.807582  0.745098  0.608813  0.658284  0.728914  0.651520  0.840701  0.491458  0.349856  0.826873  0.608008  0.699764  0.646833  0.822664  0.325014  0.829811  0.585525  0.680925  0.342272  0.789062  0.769134  0.771904  0.643731  0.399755  0.811121  0.762380  0.399967  0.639363  0.530342  0.861548  0.771165  0.639947  0.404997  0.554915  0.813301  0.561045  0.541302  0.676513  0.615712  0.714654  0.713778  0.805430  0.656686  0.739828  0.847657  0.653310  0.832328  0.702588  0.658604  0.797042  0.708355  0.707788  0.606342  0.752211  0.750300  0.668143  0.576361  0.404061  0.754917  0.756112  0.699837  0.730756  0.621112  0.657909  0.828084  0.372759  0.841580  0.583736  0.653375  0.708510  0.595941  0.536130  0.802424 
10  0.287879  0.696310  0.596502  0.390976  0.415780  0.639034  0.338073  0.646591  0.678645  0.771087 0.0  0.533517  0.760752  0.713441  0.649406  0.687429  0.865699  0.693294  0.533403  0.598493  0.274387  0.682859  0.622753  0.606200  0.695971  0.721938  0.678937  0.686447  0.751838  0.393874  0.681951  0.358782  0.488228  0.787898  0.676527  0.478388  0.757486  0.865051  0.507148  0.790943  0.763360  0.658669  0.289858  0.420074  0.745007  0.387062  0.495953  0.351596  0.631747  0.735237  0.610587  0.637500  0.000000  0.597862  0.716903  0.580727  0.632413  0.681617  0.746560  0.747960  0.420786  0.380642  0.687219  0.818624  0.795005  0.265060  0.351096  0.641637  0.678173  0.685221  0.384306  0.470942  0.725366  0.582226  0.829679  0.014328  0.524871  0.400133  0.509283  0.817696  0.784139  0.638901  0.652783  0.475142  0.528722  0.517658  0.715149  0.748572  0.741907  0.811892  0.748325  0.610092  0.569617  0.594208  0.158289  0.712001  0.778777  0.736049  0.528407  0.735719  0.602326  0.585684  0.777214  0.674460  0.597406  0.656138  0.617273  0.737515  0.405002  0.571620  0.469532  0.497257  0.419871  0.568927  0.759020  0.608074  0.757544  0.773219  0.619420  0.691355  0.791306  0.344219  0.354897  0.705921  0.612124  0.583590  0.526066  0.612406  0.726153  0.462151  0.764311  0.464793  0.691143  0.635073  0.672429  0.536699  0.789639  0.608791  0.562383  0.847448  0.721488  0.521282  0.724067  0.666525  0.672954  0.611154 
11  0.628311  0.793205  0.718950  0.570510  0.620490  0.668360  0.620189  0.596551  0.633746  0.691608  0.533517 0.0  0.518095  0.658464  0.687273  0.506999  0.851431  0.697063  0.405147  0.776589  0.596787  0.697738  0.591098  0.712086  0.850955  0.681973  0.553441  0.592714  0.565383  0.636473  0.398030  0.513970  0.582945  0.838385  0.749379  0.470479  0.576056  0.732819  0.569143  0.709986  0.749664  0.668300  0.594541  0.589175  0.750985  0.557471  0.395454  0.412855  0.807819  0.672378  0.608248  0.455444  0.668551  0.624976  0.678018  0.585563  0.240944  0.720904  0.826212  0.574922  0.613483  0.596997  0.491561  0.917366  0.780449  0.659173  0.597887  0.718179  0.744701  0.736520  0.595015  0.617268  0.644339  0.676837  0.744416  0.741313  0.612841  0.618529  0.541813  0.809300  0.431891  0.624857  0.793160  0.613547  0.650561  0.468480  0.796281  0.524967  0.785476  0.632105  0.762126  0.707991  0.679128  0.651686  0.612711  0.666311  0.710967  0.808628  0.684795  0.504985  0.645843  0.558395  0.915309  0.597764  0.416527  0.487603  0.503220  0.703990  0.668920  0.709154  0.523481  0.571535  0.773122  0.645550  0.791992  0.563886  0.751320  0.670673  0.592639  0.771537  0.796083  0.611744  0.542430  0.781909  0.612274  0.577998  0.582551  0.801498  0.747041  0.642481  0.428434  0.625376  0.854195  0.684604  0.654551  0.554032  0.591997  0.863249  0.678012  0.840398  0.621576  0.568603  0.779574  0.631176  0.582866  0.608699 
12  0.673182  0.749728  0.815357  0.644682  0.659386  0.827399  0.725478  0.588379  0.714152  0.541402  0.760752  0.518095 0.0  0.814207  0.777211  0.567208  0.790162  0.715235  0.376564  0.650067  0.594306  0.700113  0.587036  0.696835  0.753979  0.829485  0.465992  0.581100  0.671308  0.643884  0.528722  0.743972  0.560881  0.770824  0.743733  0.624468  0.564700  0.792311  0.631578  0.697611  0.811001  0.730031  0.686531  0.744234  0.745302  0.668892  0.553184  0.651096  0.614896  0.549832  0.689425  0.470672  0.606477  0.605133  0.715055  0.515054  0.494783  0.704952  0.805611  0.588715  0.605159  0.672655  0.538290  0.808806  0.741986  0.694345  0.687204  0.739705  0.819280  0.771757  0.706166  0.735610  0.642740  0.884768  0.739892  0.571174  0.693305  0.663684  0.785606  0.737584  0.389007  0.529616  0.786742  0.617229  0.601462  0.564399  0.714045  0.550144  0.734783  0.697484  0.674083  0.547379  0.720141  0.684673  0.740733  0.759241  0.465452  0.713915  0.601205  0.564098  0.682085  0.538429  0.772508  0.619260  0.592471  0.557897  0.578737  0.782065  0.551170  0.515245  0.461673  0.619362  0.618981  0.663975  0.750708  0.656699  0.760981  0.718967  0.656909  0.764058  0.711722  0.664248  0.584351  0.758123  0.764436  0.554625  0.660728  0.735247  0.720004  0.563609  0.473612  0.677251  0.788552  0.782099  0.730721  0.615063  0.568334  0.732239  0.571566  0.783751  0.420808  0.589537  0.779511  0.694728  0.617586  0.673978 
13  0.752757  0.537923  0.567276  0.753701  0.675504  0.656237  0.694372  0.929310  0.734591  0.753031  0.713441  0.658464  0.814207 0.0  0.698079  0.660240  0.692383  0.654162  0.786635  0.628129  0.737481  0.463610  0.677996  0.685983  0.552888  0.476649  0.789353  0.732055  0.843185  0.777527  0.824443  0.743678  0.639715  0.834484  0.537827  0.734204  0.793475  0.578265  0.654129  0.575464  0.673523  0.655488  0.714846  0.757174  0.213752  0.698000  0.752241  0.664537  0.756964  0.824717  0.675044  0.804291  0.681805  0.855670  0.594347  0.817967  0.728897  0.513922  0.644431  0.676083  0.678722  0.776628  0.804554  0.852948  0.822122  0.701898  0.741072  0.534079  0.547417  0.694090  0.685899  0.572630  0.735249  0.726114  0.858487  0.685144  0.640711  0.757940  0.815849  0.498756  0.842365  0.725609  0.445851  0.742541  0.702325  0.756345  0.694436  0.829633  0.688096  0.763372  0.916104  0.766872  0.662346  0.581944  0.664602  0.612253  0.794823  0.513471  0.847583  0.772080  0.661406  0.761102  0.898736  0.773399  0.770296  0.770332  0.797245  0.649028  0.637477  0.720759  0.787286  0.705355  0.847710  0.640887  0.714808  0.785172  0.544580  0.584662  0.658057  0.637334  0.841624  0.773783  0.775272  0.555636  0.687153  0.842329  0.784023  0.653517  0.497520  0.685900  0.746528  0.727719  0.683924  0.660260  0.600554  0.788576  0.860760  0.701369  0.876793  0.681876  0.866919  0.805891  0.615423  0.747522  0.815510  0.769409 
14  0.559757  0.595024  0.652430  0.611139  0.567222  0.502184  0.638860  0.652991  0.354177  0.802926  0.649406  0.687273  0.777211  0.698079 0.0  0.656530  0.646479  0.576458  0.773129  0.507281  0.599647  0.667080  0.698837  0.600122  0.685634  0.674350  0.731274  0.748586  0.750325  0.651827  0.645273  0.610393  0.745847  0.848075  0.706232  0.660746  0.836166  0.775978  0.700641  0.664973  0.633140  0.435231  0.594272  0.578675  0.773818  0.521827  0.665673  0.531150  0.696765  0.667258  0.462293  0.729412  0.551273  0.766610  0.605691  0.721380  0.624577  0.600897  0.698888  0.790221  0.650545  0.577704  0.768742  0.908944  0.786251  0.561059  0.634147  0.545736  0.662246  0.604978  0.596205  0.657504  0.694079  0.445839  0.930488  0.660088  0.677621  0.543920  0.634942  0.591188  0.651441  0.809400  0.733856  0.582091  0.666969  0.666664  0.549993  0.672107  0.637864  0.809617  0.842937  0.761966  0.578620  0.523530  0.562045  0.585734  0.724931  0.574331  0.652835  0.691450  0.700178  0.742147  0.964351  0.746522  0.650540  0.643749  0.713360  0.667599  0.674722  0.606779  0.735498  0.613229  0.564964  0.441110  0.639400  0.815728  0.649491  0.553344  0.633659  0.608695  0.851660  0.581638  0.685954  0.643943  0.418444  0.638944  0.623910  0.628943  0.700604  0.672997  0.782616  0.642746  0.717213  0.646387  0.651577  0.650283  0.827228  0.543996  0.670879  0.692277  0.726059  0.626399  0.694088  0.657045  0.735020  0.561025 
15  0.601908  0.722715  0.682389  0.432683  0.540897  0.540052  0.461937  0.774789  0.629740  0.595976  0.687429  0.506999  0.567208  0.660240  0.656530 0.0  0.715632  0.627338  0.614693  0.734865  0.537170  0.715216  0.699565  0.721494  0.740390  0.742991  0.686329  0.602092  0.597300  0.637111  0.452272  0.634155  0.329832  0.851982  0.798858  0.332072  0.590292  0.781844  0.497627  0.710444  0.651555  0.644293  0.427165  0.499388  0.790616  0.601230  0.380952  0.520290  0.609529  0.676904  0.727043  0.623873  0.474364  0.620179  0.634954  0.566474  0.469749  0.800746  0.710483  0.615652  0.628469  0.535443  0.601646  0.913942  0.596019  0.541318  0.518910  0.751622  0.672689  0.778888  0.624255  0.409879  0.485675  0.564572  0.724265  0.575079  0.621598  0.505792  0.519804  0.719277  0.723377  0.645306  0.852333  0.484545  0.527138  0.243255  0.809380  0.691646  0.671830  0.800165  0.728171  0.579096  0.833656  0.782908  0.520958  0.825202  0.627150  0.621038  0.566076  0.627303  0.651156  0.826046  0.917613  0.758457  0.411722  0.581760  0.703974  0.902430  0.436444  0.454342  0.350407  0.566803  0.572987  0.562206  0.694109  0.466206  0.816335  0.683971  0.313327  0.733033  0.715457  0.484251  0.566078  0.793180  0.600924  0.220289  0.634105  0.722328  0.623583  0.448885  0.620547  0.567035  0.805923  0.753912  0.764788  0.621275  0.647776  0.697331  0.661414  0.737109  0.556798  0.597759  0.775027  0.668928  0.689334  0.730076 
16  0.831180  0.640142  0.811573  0.694849  0.689963  0.735464  0.717141  0.876832  0.706938  0.846046  0.865699  0.851431  0.790162  0.692383  0.646479  0.715632 0.0  0.622835  0.793509  0.609707  0.815435  0.616300  0.815856  0.677776  0.596980  0.614752  0.872884  0.778072  0.804413  0.853664  0.841145  0.765515  0.702372  0.759694  0.691819  0.858029  0.795681  0.591169  0.673934  0.621508  0.585697  0.623297  0.737479  0.744467  0.625956  0.729877  0.765601  0.716727  0.819290  0.762674  0.830980  0.770011  0.773461  0.812093  0.781594  0.849491  0.755080  0.612973  0.563864  0.735122  0.798292  0.747855  0.689818  0.741034  0.754363  0.706205  0.689228  0.676035  0.684145  0.602573  0.715444  0.872034  0.828287  0.774729  0.832892  0.706520  0.781340  0.803005  0.750156  0.692751  0.808080  0.977703  0.654843  0.774262  0.668273  0.807586  0.670458  0.875589  0.394188  0.855715  0.841349  0.802987  0.722983  0.742752  0.792893  0.558135  0.848785  0.698133  0.739885  0.892512  0.753116  0.721878  0.868259  0.784220  0.817731  0.801929  0.745163  0.715258  0.775922  0.827782  0.777542  0.736885  0.798447  0.691408  0.761483  0.675468  0.561205  0.702127  0.766857  0.770034  0.855886  0.745582  0.748196  0.692554  0.691043  0.668402  0.947964  0.648802  0.574814  0.924446  0.858849  0.754007  0.736296  0.785504  0.702473  0.704839  0.945992  0.841234  0.917248  0.576071  0.848147  0.822414  0.684564  0.820745  0.781407  0.862214 
17  0.666589  0.647081  0.730546  0.676129  0.577241  0.435225  0.759736  0.809322  0.527839  0.742322  0.693294  0.697063  0.715235  0.654162  0.576458  0.627338  0.622835 0.0  0.823181  0.592479  0.760774  0.604463  0.789152  0.709574  0.536232  0.680867  0.770030  0.778935  0.702675  0.705341  0.803085  0.690033  0.842977  0.792465  0.593328  0.768649  0.708016  0.557247  0.703742  0.742465  0.610766  0.661660  0.736926  0.603665  0.646056  0.672757  0.678238  0.677369  0.798408  0.735769  0.764856  0.765226  0.611242  0.673981  0.538906  0.799983  0.716300  0.462963  0.579424  0.759032  0.723045  0.683551  0.754647  0.819600  0.699210  0.683431  0.792364  0.593250  0.401993  0.479746  0.648262  0.747492  0.572050  0.616354  0.958149  0.687153  0.738234  0.640816  0.676758  0.540605  0.816648  0.826919  0.483827  0.681010  0.786667  0.737997  0.457248  0.854444  0.702006  0.736361  0.728687  0.732967  0.599571  0.622462  0.657026  0.509252  0.828952  0.746504  0.739572  0.783636  0.782051  0.683627  0.808760  0.805645  0.652187  0.797307  0.779243  0.757879  0.721666  0.719750  0.731360  0.762255  0.766379  0.638049  0.513470  0.772285  0.546528  0.483461  0.736328  0.751274  0.811981  0.725110  0.707775  0.542495  0.674869  0.648189  0.753367  0.549629  0.609662  0.685649  0.719069  0.706702  0.459275  0.594123  0.390876  0.581080  0.756994  0.715801  0.745027  0.808202  0.751017  0.759970  0.410957  0.695301  0.641531  0.702808 
18  0.620026  0.790716  0.781093  0.648580  0.680617  0.810874  0.641732  0.391613  0.742151  0.553459  0.533403  0.405147  0.376564  0.786635  0.773129  0.614693  0.793509  0.823181 0.0  0.627329  0.747577  0.798550  0.571208  0.754503  0.789410  0.799226  0.439680  0.513014  0.496227  0.635624  0.527486  0.585489  0.485653  0.692021  0.770423  0.513922  0.692493  0.796513  0.623494  0.785773  0.913849  0.792428  0.686423  0.667299  0.828037  0.737077  0.651054  0.608339  0.695632  0.620313  0.720100  0.537999  0.704175  0.483642  0.761164  0.540393  0.624386  0.799469  0.811911  0.537950  0.552652  0.661241  0.384707  0.883423  0.775643  0.649307  0.616296  0.789661  0.760665  0.712847  0.671341  0.603483  0.669358  0.728042  0.774218  0.646797  0.615870  0.626053  0.709471  0.723470  0.291424  0.478376  0.731936  0.614910  0.608783  0.700013  0.814956  0.582721  0.861446  0.640517  0.694780  0.566165  0.784598  0.816273  0.765059  0.754959  0.527998  0.763728  0.648704  0.450819  0.721785  0.423327  0.732581  0.606546  0.554651  0.590334  0.423339  0.814868  0.669721  0.567504  0.677812  0.713315  0.800364  0.732873  0.710942  0.582753  0.798437  0.674236  0.548117  0.888952  0.831621  0.641672  0.649113  0.779554  0.638115  0.639009  0.648786  0.674710  0.805726  0.671431  0.448974  0.759391  0.603880  0.827836  0.767832  0.787951  0.629975  0.703787  0.496862  0.689235  0.339771  0.660852  0.784544  0.668170  0.567700  0.790175 
19  0.616992  0.813225  0.634802  0.857040  0.690091  0.308623  0.706056  0.639934  0.598282  0.714546  0.598493  0.776589  0.650067  0.628129  0.507281  0.734865  0.609707  0.592479  0.627329 0.0  0.845390  0.724928  0.853379  0.648863  0.592516  0.729941  0.727472  0.925693  0.654215  0.653317  0.772807  0.649867  0.675936  0.840656  0.583374  0.790163  0.691427  0.547194  0.733784  0.647224  0.709031  0.603780  0.655724  0.647021  0.599526  0.612361  0.570961  0.767636  0.728959  0.673659  0.570996  0.681531  0.573325  0.808864  0.566559  0.732742  0.773457  0.488086  0.638137  0.759913  0.727429  0.696192  0.768774  0.814943  0.860592  0.706601  0.710883  0.697430  0.478356  0.548480  0.576651  0.773295  0.755370  0.617305  0.882142  0.519857  0.687317  0.648093  0.651060  0.540776  0.751767  0.684506  0.745419  0.777434  0.776240  0.630030  0.583011  0.885347  0.610383  0.708799  0.809657  0.680243  0.415502  0.611343  0.641297  0.371618  0.647177  0.735853  0.823521  0.746124  0.671564  0.765011  0.947496  0.809101  0.689249  0.834407  0.764078  0.760366  0.669761  0.770607  0.777860  0.752156  0.634326  0.532218  0.607950  0.742967  0.572788  0.358992  0.606696  0.654998  0.922311  0.812964  0.725564  0.569524  0.528745  0.658286  0.666355  0.512196  0.528389  0.692009  0.792950  0.659407  0.458564  0.469370  0.518692  0.632932  0.775941  0.549526  0.742240  0.715259  0.782201  0.726686  0.537518  0.663854  0.606561  0.594737 
20  0.443936  0.824570  0.656839  0.474474  0.462291  0.608915  0.311029  0.626165  0.646328  0.656668  0.274387  0.596787  0.594306  0.737481  0.599647  0.537170  0.815435  0.760774  0.747577  0.845390 0.0  0.699378  0.694137  0.623154  0.702933  0.749666  0.696223  0.619317  0.770759  0.544592  0.663525  0.398780  0.475895  0.805849  0.714463  0.564613  0.634957  0.641410  0.570429  0.630393  0.870891  0.655682  0.313892  0.333534  0.667185  0.380818  0.473172  0.292936  0.492443  0.691581  0.604258  0.624777  0.372084  0.726143  0.698471  0.773126  0.560253  0.690229  0.784276  0.659948  0.378139  0.437012  0.680663  0.839296  0.720868  0.287778  0.348787  0.557363  0.769314  0.755546  0.445642  0.539924  0.554538  0.610960  0.785987  0.522374  0.455928  0.457427  0.552595  0.705796  0.698901  0.672788  0.607423  0.371433  0.472307  0.532165  0.661386  0.625059  0.760712  0.777216  0.646336  0.689478  0.560068  0.605986  0.396240  0.546081  0.696217  0.743449  0.570792  0.631658  0.623933  0.661579  0.922049  0.692584  0.615231  0.665114  0.831908  0.750377  0.377389  0.426064  0.492342  0.523236  0.521482  0.603427  0.692189  0.656400  0.826247  0.619229  0.513359  0.726608  0.760636  0.419068  0.496319  0.701748  0.517290  0.517033  0.528439  0.725130  0.732613  0.431604  0.649218  0.311934  0.767646  0.644169  0.630274  0.508574  0.660558  0.618847  0.725689  0.687447  0.742795  0.594334  0.687101  0.532701  0.635318  0.606211 
21  0.674667  0.574218  0.511140  0.698717  0.592987  0.585168  0.763926  0.714113  0.620390  0.759556  0.682859  0.697738  0.700113  0.463610  0.667080  0.715216  0.616300  0.604463  0.798550  0.724928  0.699378 0.0  0.780783  0.614470  0.643827  0.626561  0.827362  0.751895  0.869934  0.701762  0.782458  0.755642  0.767174  0.864468  0.326004  0.720261  0.849529  0.634530  0.785961  0.509209  0.742212  0.641262  0.661060  0.728423  0.570783  0.669518  0.551838  0.693290  0.763937  0.866975  0.637493  0.833139  0.638937  0.711618  0.750983  0.711742  0.783604  0.665219  0.559352  0.723037  0.783914  0.815177  0.712248  0.991550  0.844062  0.683299  0.748135  0.286151  0.572795  0.655268  0.696724  0.593109  0.694684  0.680343  0.785979  0.640681  0.698086  0.778569  0.650709  0.443245  0.776254  0.774154  0.545819  0.737368  0.853286  0.748988  0.645156  0.883708  0.746151  0.746951  0.708425  0.888568  0.556256  0.600413  0.583415  0.712126  0.792232  0.596748  0.747498  0.815329  0.760118  0.809107  0.975316  0.624298  0.658494  0.734928  0.761773  0.657451  0.665433  0.671029  0.668876  0.753182  0.649284  0.629082  0.520922  0.650082  0.697741  0.753854  0.705765  0.636366  0.879179  0.665386  0.619690  0.379338  0.750476  0.729940  0.750359  0.663168  0.631427  0.714601  0.846972  0.654815  0.674216  0.559424  0.725558  0.753848  0.716533  0.690627  0.740015  0.663333  0.880890  0.642620  0.607933  0.649876  0.890372  0.611696 
22  0.639735  0.746044  0.855102  0.680750  0.777413  0.646607  0.781684  0.584614  0.668318  0.391853  0.622753  0.591098  0.587036  0.677996  0.698837  0.699565  0.815856  0.789152  0.571208  0.853379  0.694137  0.780783 0.0  0.720688  0.771851  0.852732  0.459333  0.418824  0.427077  0.608233  0.612441  0.627567  0.538796  0.762283  0.728021  0.648779  0.391494  0.790528  0.687647  0.768187  0.898828  0.789999  0.680005  0.678044  0.797104  0.669403  0.534803  0.600099  0.794087  0.730094  0.853941  0.543732  0.729919  0.519953  0.716036  0.450003  0.642837  0.770661  0.837029  0.405444  0.627179  0.696461  0.524591  0.913102  0.730691  0.702159  0.697641  0.818219  0.799155  0.725154  0.602053  0.663130  0.733437  0.855104  0.806865  0.674270  0.621103  0.725901  0.632335  0.638110  0.443668  0.461798  0.841086  0.632286  0.683744  0.708274  0.754718  0.477307  0.744334  0.573212  0.662585  0.394338  0.742851  0.836743  0.771158  0.783468  0.413750  0.781420  0.648139  0.481668  0.511915  0.501926  0.830273  0.635113  0.598593  0.436097  0.604486  0.826731  0.564742  0.608774  0.628455  0.617536  0.785634  0.864755  0.594739  0.640199  0.665210  0.639432  0.726951  0.791184  0.637499  0.734430  0.564195  0.932525  0.775317  0.658958  0.667068  0.640333  0.680933  0.663717  0.570059  0.705009  0.596819  0.675268  0.854807  0.769368  0.711753  0.800081  0.417153  0.789594  0.400372  0.635458  0.737999  0.728202  0.223297  0.740653 
23  0.669282  0.720323  0.727068  0.723093  0.684288  0.759292  0.654896  0.743882  0.582492  0.629937  0.606200  0.712086  0.696835  0.685983  0.600122  0.721494  0.677776  0.709574  0.754503  0.648863  0.623154  0.614470  0.720688 0.0  0.712467  0.705259  0.682835  0.771503  0.802231  0.781068  0.722395  0.732333  0.659049  0.827789  0.726153  0.610656  0.691935  0.741986  0.681668  0.650756  0.762688  0.731507  0.729367  0.737081  0.745902  0.653122  0.647180  0.653469  0.654965  0.683631  0.708244  0.714365  0.674540  0.731803  0.659626  0.747142  0.782144  0.790198  0.881612  0.783915  0.522023  0.656726  0.695454  1.000000  0.702850  0.781451  0.691991  0.729040  0.690955  0.790181  0.703924  0.678522  0.599851  0.665458  0.792312  0.601061  0.647384  0.678429  0.612407  0.535380  0.694821  0.718385  0.761418  0.695383  0.584744  0.683206  0.711409  0.789993  0.734237  0.696778  0.881525  0.790137  0.645098  0.667777  0.666580  0.722768  0.705346  0.651771  0.603062  0.735324  0.585014  0.897039  0.751592  0.691422  0.648926  0.736013  0.744615  0.708480  0.765863  0.633358  0.680202  0.694591  0.599660  0.643768  0.677404  0.617169  0.820332  0.694911  0.740046  0.612076  0.753038  0.667924  0.746923  0.649216  0.692415  0.702199  0.650957  0.690301  0.702596  0.674564  0.729628  0.635417  0.787414  0.693383  0.696543  0.650232  0.795570  0.523427  0.783395  0.716010  0.706419  0.612999  0.654254  0.565654  0.794724  0.482325 
24  0.807498  0.531046  0.643414  0.714416  0.707390  0.767176  0.765865  0.869135  0.761697  0.709840  0.695971  0.850955  0.753979  0.552888  0.685634  0.740390  0.596980  0.536232  0.789410  0.592516  0.702933  0.643827  0.771851  0.712467 0.0  0.380831  0.824815  0.760819  0.900509  0.778900  0.767959  0.825621  0.691441  0.879880  0.675546  0.725887  0.859035  0.623260  0.775794  0.532165  0.715348  0.765707  0.716843  0.667071  0.602071  0.759706  0.811467  0.673230  0.755354  0.858284  0.757086  0.776653  0.700104  0.842215  0.689280  0.783394  0.798252  0.670898  0.497619  0.817849  0.800712  0.798515  0.723187  0.779096  0.884765  0.738468  0.699551  0.577250  0.614833  0.686730  0.619877  0.812990  0.816810  0.720872  0.894628  0.774257  0.749260  0.807430  0.757352  0.769791  0.828825  0.807948  0.625303  0.757194  0.697944  0.838979  0.639824  0.808494  0.433793  0.896041  0.885588  0.815671  0.757694  0.651010  0.828214  0.647183  0.780226  0.546950  0.779833  0.835747  0.633901  0.870234  0.838195  0.736328  0.865822  0.726010  0.804690  0.593546  0.731118  0.852594  0.834752  0.655191  0.744487  0.756117  0.671593  0.748959  0.599016  0.641870  0.758871  0.652178  0.858432  0.626312  0.735818  0.588826  0.814115  0.791316  0.729868  0.700685  0.529292  0.865544  0.766168  0.815343  0.762823  0.638021  0.709075  0.830086  0.782344  0.776869  0.769945  0.535365  0.858783  0.716337  0.620816  0.684154  0.809253  0.795717 
25  0.867994  0.494564  0.758037  0.801887  0.749255  0.799117  0.701086  0.791258  0.715035  0.810095  0.721938  0.681973  0.829485  0.476649  0.674350  0.742991  0.614752  0.680867  0.799226  0.729941  0.749666  0.626561  0.852732  0.705259  0.380831 0.0  0.807823  0.755477  0.766426  0.866511  0.724106  0.740150  0.770206  0.768271  0.675048  0.625014  0.674679  0.617230  0.701810  0.585392  0.549211  0.692420  0.716273  0.743579  0.545722  0.804202  0.846709  0.828809  0.690980  0.712729  0.735724  0.729912  0.696773  0.839767  0.799018  0.816953  0.785926  0.611480  0.625265  0.831882  0.742874  0.711896  0.758655  0.718216  0.885940  0.735695  0.711004  0.751897  0.754019  0.738206  0.782584  0.675376  0.852664  0.718191  0.903390  0.688398  0.743154  0.771986  0.813680  0.521743  0.745583  0.980656  0.571221  0.768470  0.681912  0.712802  0.669189  0.788239  0.540140  0.765073  0.894168  0.774580  0.631693  0.734416  0.807329  0.633609  0.910688  0.717597  0.766991  0.807566  0.776370  0.774161  0.949740  0.900769  0.775769  0.768649  0.858871  0.694252  0.714080  0.766748  0.898021  0.913379  0.817382  0.741066  0.603431  0.661735  0.653871  0.754860  0.682668  0.680057  0.905130  0.801969  0.669414  0.604114  0.728396  0.812353  0.775865  0.740695  0.607076  0.697244  0.812835  0.654253  0.709444  0.655399  0.721495  0.757629  0.831932  0.769739  0.838517  0.466935  0.798369  0.829420  0.704324  0.742147  0.717284  0.716650 
26  0.775346  0.677644  0.834464  0.664489  0.593384  0.713874  0.543345  0.412646  0.761185  0.424678  0.678937  0.553441  0.465992  0.789353  0.731274  0.686329  0.872884  0.770030  0.439680  0.727472  0.696223  0.827362  0.459333  0.682835  0.824815  0.807823 0.0  0.301913  0.301009  0.652299  0.605844  0.734543  0.604776  0.762209  0.860613  0.716896  0.403915  0.830293  0.762680  0.680324  0.862344  0.655320  0.694715  0.503585  0.688955  0.778683  0.634682  0.642162  0.677046  0.692950  0.785629  0.567803  0.746636  0.315799  0.687012  0.250136  0.612634  0.700764  0.825907  0.302320  0.629122  0.711641  0.362731  0.919775  0.696804  0.592905  0.720643  0.813069  0.694299  0.717157  0.752610  0.664475  0.757052  0.622346  0.738282  0.624513  0.665079  0.670576  0.793983  0.687399  0.545122  0.084507  0.629209  0.746935  0.637707  0.654936  0.719394  0.437586  0.904687  0.552414  0.605733  0.439116  0.825993  0.749752  0.668424  0.742325  0.348919  0.649506  0.637398  0.380354  0.760903  0.333863  0.809565  0.601794  0.600177  0.487596  0.306474  0.874539  0.609584  0.665063  0.617433  0.606390  0.682970  0.743227  0.740161  0.636927  0.804683  0.681761  0.739087  0.796228  0.729903  0.729390  0.713639  0.832347  0.856089  0.674591  0.763723  0.719998  0.815610  0.691176  0.404108  0.585758  0.706503  0.810750  0.825929  0.758560  0.561378  0.743778  0.305443  0.884686  0.280009  0.656150  0.810976  0.773344  0.436838  0.713222 
