146
0 0.0  0.640282  0.645706  0.305967  0.446564  0.625848  0.317765  0.604534  0.492402  0.610237  0.204312  0.621759  0.493983  0.665044  0.595533  0.535492  0.798608  0.669735  0.585604  0.611257  0.420076  0.605247  0.679809  0.612697  0.669141  0.735210  0.603594  0.630595  0.563127  0.476440  0.566520  0.430763  0.421455  0.712941  0.676489  0.534482  0.668264  0.804807  0.414606  0.728204  0.640695  0.558219  0.272568  0.327628  0.666991  0.489667  0.567530  0.447608  0.626953  0.714316  0.498901  0.647427  0.279603  0.604645  0.577282  0.674226  0.570449  0.587957  0.650880  0.646136  0.457071  0.434141  0.645292  0.830969  0.616466  0.325967  0.402851  0.600493  0.708093  0.638261  0.388036  0.452685  0.720413  0.568042  0.746971  0.250205  0.561060  0.407056  0.596949  0.621652  0.712607  0.645831  0.653683  0.496699  0.570878  0.535251  0.609514  0.549590  0.778072  0.604642  0.777802  0.689820  0.556121  0.688521  0.205995  0.655370  0.678307  0.617097  0.596891  0.571358  0.592036  0.706613  0.817169  0.739492  0.527003  0.585800  0.681321  0.601464  0.350797  0.522192  0.597355  0.410372  0.479830  0.483140  0.514168  0.501409  0.631257  0.672085  0.482979  0.648338  0.748232  0.359902  0.424570  0.670327  0.478529  0.518211  0.547078  0.538982  0.613994  0.454061  0.590952  0.399569  0.591476  0.687454  0.533489  0.486850  0.634172  0.606352  0.697136  0.771292  0.665445  0.461119  0.622304  0.575178  0.598484  0.715419 
1  0.640282 0.0  0.104589  0.761651  0.642986  0.578782  0.656993  0.730205  0.624582  0.729987  0.713916  0.762402  0.688903  0.656907  0.611358  0.674884  0.665022  0.676102  0.710974  0.591077  0.662870  0.451580  0.817926  0.683467  0.584355  0.556823  0.725260  0.629619  0.632316  0.721475  0.688743  0.635288  0.753766  0.773559  0.418202  0.761628  0.746855  0.651361  0.721634  0.313121  0.731158  0.692112  0.718953  0.707083  0.591812  0.639523  0.794538  0.691596  0.681940  0.707922  0.598332  0.772072  0.652568  0.708199  0.611684  0.793366  0.735723  0.701210  0.668845  0.680990  0.680151  0.663216  0.691829  0.768911  0.861581  0.688748  0.656619  0.486069  0.632636  0.619145  0.684083  0.665504  0.722043  0.645425  0.846059  0.653964  0.593877  0.676800  0.700876  0.426002  0.713639  0.760571  0.694305  0.836215  0.715487  0.644420  0.674692  0.781651  0.651952  0.834662  0.960201  0.697472  0.711830  0.548247  0.676977  0.646933  0.685830  0.402744  0.690693  0.774502  0.571878  0.744362  0.828100  0.790971  0.742851  0.640694  0.683638  0.431208  0.640947  0.622022  0.737618  0.609044  0.600826  0.675103  0.543460  0.680330  0.598323  0.621431  0.655495  0.396827  0.837736  0.732369  0.651207  0.516798  0.714202  0.716823  0.695149  0.609948  0.653240  0.655500  0.757780  0.725316  0.668667  0.643536  0.601408  0.706464  0.702448  0.616808  0.778772  0.581018  0.707200  0.632036  0.576253  0.653481  0.756059  0.544224 
2  0.645706  0.104589 0.0  0.726019  0.692211  0.640381  0.721580  0.784678  0.673839  0.692933  0.621429  0.702052  0.688678  0.677981  0.674396  0.624359  0.680542  0.641429  0.711776  0.606092  0.695705  0.525317  0.742571  0.621119  0.623939  0.708902  0.745643  0.754965  0.809315  0.700298  0.693671  0.786790  0.688854  0.656572  0.547923  0.809240  0.761650  0.705270  0.714398  0.350359  0.658027  0.659312  0.625899  0.800351  0.589092  0.630254  0.712553  0.693315  0.621944  0.710280  0.603209  0.662197  0.767015  0.779503  0.650418  0.706291  0.710945  0.707038  0.730653  0.781179  0.657052  0.656403  0.729362  0.739331  0.735044  0.678813  0.637880  0.596723  0.684152  0.626176  0.663819  0.686018  0.675431  0.687428  0.979858  0.758941  0.744228  0.627094  0.664721  0.624976  0.696055  0.761731  0.633431  0.694696  0.623079  0.675728  0.523922  0.691536  0.734080  0.865841  0.786574  0.778783  0.702971  0.568298  0.699936  0.590855  0.639147  0.416648  0.747753  0.664448  0.697127  0.790485  0.869271  0.820204  0.679040  0.749233  0.798937  0.522511  0.732948  0.766239  0.655482  0.709258  0.666166  0.692714  0.588134  0.723150  0.693849  0.578726  0.813783  0.466801  0.673020  0.696422  0.696480  0.618749  0.762324  0.810506  0.691081  0.824544  0.525853  0.678269  0.677650  0.695602  0.658665  0.704084  0.553949  0.586463  0.720256  0.678633  0.733434  0.701130  0.667899  0.804825  0.726597  0.736191  0.657487  0.549129 
3  0.305967  0.761651  0.726019 0.0  0.308251  0.632470  0.310030  0.625816  0.521024  0.626875  0.391591  0.522557  0.676846  0.711587  0.639780  0.528038  0.757467  0.583574  0.699023  0.640676  0.305406  0.611060  0.719066  0.526442  0.750607  0.627086  0.581919  0.596418  0.686711  0.527154  0.515384  0.478413  0.462024  0.711069  0.692547  0.586109  0.663205  0.731082  0.481847  0.646795  0.769501  0.557474  0.242308  0.385221  0.676957  0.463293  0.603030  0.355789  0.656780  0.640453  0.485582  0.596306  0.376941  0.604202  0.654470  0.636764  0.523935  0.575190  0.747141  0.657604  0.390382  0.365410  0.612424  0.770072  0.775262  0.260676  0.319265  0.542680  0.598571  0.549050  0.292829  0.507204  0.563175  0.503466  0.864763  0.335300  0.517686  0.495497  0.367351  0.625319  0.624943  0.698796  0.717849  0.335344  0.495962  0.602212  0.602143  0.551433  0.730480  0.585934  0.795978  0.573628  0.420168  0.567514  0.295033  0.580817  0.608760  0.715134  0.616252  0.612215  0.562646  0.706042  0.826933  0.719795  0.505211  0.502170  0.644361  0.691717  0.207807  0.435964  0.507369  0.387179  0.412868  0.514401  0.531358  0.629151  0.716954  0.677188  0.375559  0.653471  0.778260  0.323906  0.493431  0.686413  0.540692  0.572087  0.439461  0.601859  0.664045  0.462882  0.572413  0.378650  0.599780  0.628414  0.540826  0.513567  0.643405  0.734417  0.622785  0.748519  0.723611  0.517802  0.587087  0.537801  0.589135  0.490167 
4  0.446564  0.642986  0.692211  0.308251 0.0  0.621132  0.414228  0.697473  0.583692  0.565437  0.456894  0.518123  0.648583  0.690729  0.541972  0.481170  0.787749  0.756673  0.646050  0.783692  0.524615  0.684795  0.568929  0.760857  0.681355  0.661787  0.685489  0.533892  0.599234  0.465299  0.538665  0.547975  0.484797  0.822605  0.607822  0.557690  0.703102  0.712987  0.430523  0.759336  0.773531  0.663167  0.360202  0.363539  0.623006  0.512577  0.555759  0.529450  0.625384  0.629000  0.514213  0.523566  0.397710  0.687113  0.561507  0.554499  0.522173  0.639699  0.655316  0.627772  0.610707  0.413219  0.587350  0.858370  0.628442  0.356467  0.351563  0.704631  0.572045  0.652411  0.332862  0.387944  0.629800  0.675519  0.718669  0.319274  0.334070  0.170261  0.534275  0.730284  0.671058  0.619758  0.826327  0.407685  0.490310  0.473853  0.582932  0.637487  0.654416  0.620067  0.662937  0.635304  0.609696  0.624810  0.408784  0.651255  0.584717  0.727654  0.708406  0.687517  0.585892  0.644077  0.722027  0.739750  0.670960  0.715304  0.692375  0.688995  0.350728  0.472634  0.396852  0.501487  0.275788  0.625672  0.503277  0.499809  0.746712  0.643992  0.632634  0.761665  0.687953  0.483871  0.420540  0.702890  0.569180  0.522912  0.551677  0.669811  0.752321  0.494061  0.535722  0.544770  0.590270  0.665086  0.698354  0.652620  0.672363  0.718741  0.528027  0.650265  0.607544  0.402244  0.618502  0.563935  0.638795  0.615108 
5  0.625848  0.578782  0.640381  0.632470  0.621132 0.0  0.682848  0.700142  0.629562  0.753070  0.554422  0.628535  0.675334  0.654868  0.555149  0.689730  0.731039  0.504340  0.747401  0.336296  0.607088  0.486929  0.709212  0.618134  0.609514  0.611053  0.768963  0.677206  0.720397  0.613480  0.633677  0.660458  0.783322  0.723862  0.484020  0.757320  0.535114  0.549050  0.679991  0.602260  0.624656  0.423487  0.567056  0.537518  0.645129  0.682281  0.659579  0.559037  0.601918  0.871103  0.715504  0.660221  0.569658  0.731779  0.440332  0.783507  0.681446  0.446574  0.695466  0.760512  0.588434  0.571278  0.764108  0.706710  0.754668  0.649529  0.632515  0.595904  0.530465  0.617418  0.548391  0.685483  0.670461  0.413998  0.773951  0.612305  0.708489  0.581346  0.548713  0.582985  0.737748  0.776465  0.426778  0.622053  0.598613  0.728920  0.661613  0.701461  0.724021  0.760565  0.741528  0.693981  0.204782  0.593981  0.639936  0.177229  0.692632  0.547641  0.538934  0.712270  0.786682  0.663487  0.765347  0.765670  0.691608  0.667229  0.716748  0.585860  0.678683  0.700643  0.704172  0.614475  0.594065  0.429501  0.525594  0.624471  0.478065  0.387237  0.721219  0.625928  0.881395  0.605588  0.670306  0.498593  0.535590  0.624926  0.604339  0.495556  0.621511  0.641886  0.711956  0.655733  0.450536  0.523532  0.462503  0.575452  0.707465  0.650274  0.725791  0.801746  0.617925  0.501577  0.461137  0.547271  0.739397  0.553229 
6  0.317765  0.656993  0.721580  0.310030  0.414228  0.682848 0.0  0.675618  0.561836  0.690826  0.270190  0.602505  0.611335  0.566260  0.627141  0.448151  0.717259  0.607095  0.548506  0.618645  0.234903  0.599873  0.587427  0.594517  0.761472  0.725497  0.548912  0.607974  0.729508  0.472431  0.534017  0.395344  0.490442  0.814793  0.729327  0.551948  0.728316  0.659662  0.496437  0.668431  0.661290  0.524192  0.207966  0.247773  0.670882  0.379055  0.464422  0.220144  0.576482  0.646708  0.542320  0.611996  0.316767  0.776043  0.624917  0.678623  0.546011  0.615526  0.666551  0.613619  0.462728  0.423498  0.588098  0.829108  0.760346  0.000000  0.142358  0.679749  0.658563  0.552455  0.440666  0.392031  0.524149  0.613554  0.764177  0.353272  0.469328  0.415724  0.436635  0.746985  0.512196  0.662405  0.520148  0.399290  0.348164  0.579035  0.644007  0.637580  0.768036  0.653231  0.709668  0.663766  0.601670  0.607046  0.326451  0.704859  0.590290  0.760054  0.586744  0.622068  0.519401  0.648024  0.833511  0.659413  0.447432  0.536282  0.473275  0.594093  0.380524  0.472886  0.592169  0.461909  0.450762  0.604445  0.616336  0.459253  0.707928  0.770484  0.420818  0.600170  0.809225  0.422532  0.378827  0.644482  0.545355  0.461066  0.452521  0.697898  0.601536  0.410158  0.612029  0.488770  0.591890  0.634077  0.645850  0.441929  0.658419  0.690063  0.539775  0.673915  0.597861  0.585373  0.633363  0.613992  0.610479  0.559027 
7  0.604534  0.730205  0.784678  0.625816  0.697473  0.700142  0.675618 0.0  0.569137  0.400469  0.574483  0.516353  0.431320  0.717167  0.668085  0.556933  0.825309  0.762285  0.344516  0.684598  0.603055  0.803913  0.504663  0.633999  0.763844  0.774342  0.305337  0.400171  0.517268  0.658777  0.449609  0.653517  0.566167  0.812143  0.722677  0.576081  0.468304  0.800226  0.601034  0.687624  0.819151  0.717236  0.661410  0.528099  0.737580  0.618600  0.544653  0.600443  0.716964  0.568581  0.712086  0.596930  0.665046  0.493559  0.732229  0.247568  0.466173  0.710682  0.719462  0.345739  0.563250  0.534013  0.281958  0.781754  0.600711  0.677904  0.587509  0.732863  0.673187  0.683156  0.651775  0.588486  0.685893  0.797058  0.753041  0.653406  0.594432  0.628384  0.548558  0.697769  0.264607  0.297141  0.737916  0.601886  0.560692  0.420102  0.725825  0.344845  0.742034  0.544584  0.617552  0.516897  0.748015  0.626504  0.762847  0.744040  0.344263  0.730815  0.602634  0.188614  0.614841  0.125166  0.818480  0.541753  0.502222  0.173876  0.197697  0.768622  0.635806  0.535389  0.604206  0.520815  0.711842  0.648013  0.666102  0.561981  0.741250  0.672417  0.580971  0.737335  0.779722  0.596981  0.574159  0.766617  0.745346  0.551763  0.681090  0.731558  0.742783  0.516510  0.291406  0.594863  0.745552  0.697426  0.829254  0.550573  0.524975  0.638022  0.342665  0.730171  0.270075  0.539034  0.669978  0.689848  0.405980  0.650788 
8  0.492402  0.624582  0.673839  0.521024  0.583692  0.629562  0.561836  0.569137 0.0  0.640267  0.591441  0.764781  0.548046  0.675964  0.267507  0.627955  0.653071  0.592760  0.713555  0.493598  0.646259  0.634117  0.679510  0.682126  0.704694  0.709471  0.713219  0.760975  0.638738  0.576882  0.553295  0.495574  0.543638  0.671878  0.679019  0.636443  0.846608  0.588412  0.618342  0.684474  0.666535  0.425458  0.610526  0.395257  0.652346  0.620042  0.586034  0.662147  0.674297  0.726907  0.525828  0.733757  0.603627  0.660542  0.529393  0.779177  0.692978  0.471514  0.668782  0.653739  0.442042  0.454315  0.647975  0.728512  0.634666  0.562671  0.550514  0.552789  0.587954  0.584664  0.644910  0.647996  0.715499  0.330488  0.755177  0.545029  0.461835  0.568399  0.488055  0.610656  0.576120  0.655954  0.570270  0.541426  0.568077  0.370761  0.648389  0.721395  0.756319  0.707199  0.820573  0.741984  0.415973  0.530456  0.551427  0.492211  0.624298  0.620177  0.613896  0.609447  0.561325  0.642275  0.870150  0.700933  0.636391  0.688928  0.686815  0.700410  0.543820  0.556216  0.655933  0.660410  0.571255  0.386902  0.315356  0.674848  0.752547  0.503608  0.649739  0.645836  0.726471  0.638017  0.636804  0.536934  0.475763  0.691158  0.547862  0.562813  0.575938  0.533310  0.723907  0.559219  0.597044  0.531509  0.568807  0.536067  0.796626  0.530547  0.709694  0.660003  0.598437  0.655351  0.664323  0.568675  0.738364  0.571167 
9  0.610237  0.729987  0.692933  0.626875  0.565437  0.753070  0.690826  0.400469  0.640267 0.0  0.631516  0.574235  0.509415  0.701881  0.725351  0.586024  0.841239  0.755800  0.603521  0.719080  0.632259  0.792734  0.402148  0.674742  0.704378  0.813585  0.306623  0.279601  0.286496  0.607681  0.610485  0.610230  0.667628  0.676349  0.822768  0.648963  0.388296  0.699880  0.589547  0.720668  0.791099  0.745337  0.715636  0.530583  0.758706  0.754677  0.547730  0.687491  0.648152  0.578093  0.727000  0.585546  0.605210  0.293773  0.642730  0.396687  0.605922  0.649748  0.770349  0.598777  0.670774  0.642162  0.469648  0.818033  0.685335  0.547393  0.733950  0.709060  0.675951  0.674808  0.700378  0.538231  0.671053  0.659218  0.592930  0.569275  0.652636  0.549705  0.701529  0.847242  0.607109  0.343597  0.813914  0.589892  0.590575  0.557647  0.686033  0.529517  0.743378  0.587003  0.556436  0.427521  0.673788  0.705112  0.681960  0.725425  0.501231  0.756894  0.623957  0.356778  0.554723  0.500240  0.830602  0.489701  0.688057  0.456120  0.400158  0.673234  0.649298  0.622841  0.588750  0.718862  0.621092  0.615531  0.718131  0.668916  0.782198  0.832506  0.598091  0.737068  0.706213  0.631158  0.615977  0.677401  0.730699  0.568404  0.576372  0.744026  0.667250  0.630743  0.391560  0.643139  0.595031  0.696183  0.765163  0.673343  0.526925  0.724427  0.404807  0.827717  0.540823  0.689781  0.850900  0.706484  0.499314  0.777240 
10  0.204312  0.713916  0.621429  0.391591  0.456894  0.554422  0.270190  0.574483  0.591441  0.631516 0.0  0.587732  0.580750  0.761839  0.563031  0.523713  0.626406  0.608694  0.510959  0.577367  0.343567  0.647054  0.591524  0.565094  0.698077  0.541488  0.570867  0.662175  0.519800  0.356000  0.536667  0.455758  0.434832  0.857622  0.630146  0.516284  0.655333  0.770675  0.477997  0.764311  0.709775  0.632568  0.221589  0.447412  0.704633  0.467674  0.641172  0.403368  0.508528  0.728639  0.411822  0.517570  0.000000  0.690211  0.619767  0.694442  0.586149  0.745969  0.754662  0.623564  0.474364  0.496620  0.594829  0.802001  0.728842  0.311897  0.334027  0.733311  0.672030  0.604128  0.407404  0.423593  0.652274  0.583837  0.773104  0.053194  0.473963  0.479281  0.464683  0.574469  0.606354  0.662254  0.720821  0.351620  0.548914  0.475624  0.631264  0.660678  0.688157  0.699488  0.649437  0.522663  0.609891  0.674156  0.220963  0.657148  0.525472  0.772066  0.592742  0.607514  0.656057  0.556813  0.760222  0.703220  0.511633  0.575421  0.641352  0.702948  0.366426  0.483241  0.499339  0.530823  0.305215  0.498367  0.620277  0.512567  0.715546  0.584908  0.569763  0.670760  0.771467  0.276373  0.514818  0.675394  0.389284  0.571108  0.489762  0.647300  0.719436  0.488138  0.733602  0.483649  0.569093  0.691454  0.715339  0.440412  0.564556  0.552026  0.676037  0.648392  0.647957  0.409623  0.553644  0.595528  0.623874  0.552162 
11  0.621759  0.762402  0.702052  0.522557  0.518123  0.628535  0.602505  0.516353  0.764781  0.574235  0.587732 0.0  0.535757  0.660409  0.670086  0.451692  0.777178  0.668388  0.542898  0.699179  0.601871  0.777352  0.530950  0.834768  0.783651  0.644350  0.573716  0.535971  0.451683  0.559626  0.326746  0.529867  0.447124  0.715387  0.763181  0.419626  0.530040  0.691560  0.505150  0.760861  0.676120  0.674276  0.563153  0.546966  0.724727  0.590087  0.395613  0.500872  0.575547  0.493110  0.621892  0.345798  0.546833  0.596387  0.784754  0.495301  0.308179  0.676329  0.736805  0.502845  0.467267  0.484473  0.506676  0.866014  0.648011  0.621618  0.539981  0.732780  0.681384  0.684173  0.593597  0.428703  0.623747  0.694991  0.808344  0.638859  0.478606  0.632245  0.557248  0.725612  0.553944  0.565875  0.740794  0.564504  0.565429  0.492300  0.671602  0.524255  0.742907  0.620905  0.663669  0.511244  0.730308  0.683706  0.647255  0.720742  0.534794  0.718175  0.612494  0.536118  0.709670  0.449413  0.788336  0.602870  0.442236  0.536686  0.609019  0.800948  0.593561  0.554040  0.479581  0.437757  0.602257  0.645558  0.709125  0.550701  0.746524  0.748186  0.481120  0.783532  0.667302  0.481254  0.516236  0.744388  0.701798  0.474650  0.539877  0.685616  0.669171  0.539576  0.504116  0.575744  0.718661  0.741329  0.789736  0.566817  0.614421  0.576810  0.542076  0.787181  0.459603  0.551219  0.698481  0.645091  0.530582  0.669147 
12  0.493983  0.688903  0.688678  0.676846  0.648583  0.675334  0.611335  0.431320  0.548046  0.509415  0.580750  0.535757 0.0  0.685114  0.589533  0.520486  0.689939  0.753298  0.299064  0.751097  0.622110  0.686311  0.574259  0.669794  0.687392  0.728974  0.534191  0.554476  0.575916  0.724995  0.460176  0.455090  0.456283  0.729659  0.728787  0.548287  0.590172  0.750554  0.578748  0.734336  0.666551  0.595645  0.542154  0.649105  0.716796  0.639636  0.486013  0.599458  0.701231  0.558759  0.523315  0.487857  0.667375  0.502485  0.747084  0.574987  0.489176  0.654032  0.789732  0.516874  0.666082  0.574617  0.490012  0.769596  0.649325  0.547799  0.630692  0.716043  0.723156  0.716139  0.587620  0.581771  0.594383  0.636647  0.696871  0.500141  0.697997  0.625480  0.561742  0.648178  0.305213  0.479600  0.711867  0.542709  0.601007  0.613901  0.707884  0.558224  0.774771  0.659469  0.730663  0.500068  0.804757  0.650287  0.553038  0.684852  0.511039  0.671829  0.671056  0.463786  0.709321  0.412007  0.706994  0.513588  0.577415  0.471627  0.480938  0.707853  0.639109  0.608050  0.520045  0.589617  0.646309  0.524408  0.701382  0.589633  0.691262  0.740817  0.632379  0.733908  0.732030  0.529569  0.618978  0.715092  0.582617  0.616987  0.597401  0.702306  0.748848  0.680034  0.521424  0.627022  0.653663  0.662430  0.671946  0.611444  0.589160  0.577055  0.517073  0.715736  0.507685  0.576618  0.678253  0.584083  0.591399  0.670090 
13  0.665044  0.656907  0.677981  0.711587  0.690729  0.654868  0.566260  0.717167  0.675964  0.701881  0.761839  0.660409  0.685114 0.0  0.645813  0.712869  0.555785  0.606869  0.611018  0.613531  0.712264  0.533149  0.733786  0.641620  0.594294  0.678170  0.731963  0.763192  0.838096  0.646801  0.785263  0.692942  0.895786  0.869409  0.520286  0.681231  0.714473  0.516632  0.614401  0.443416  0.574887  0.709933  0.669819  0.611652  0.345570  0.669135  0.629991  0.668421  0.714492  0.756486  0.704567  0.761172  0.714291  0.775704  0.518953  0.670272  0.728979  0.554134  0.678172  0.727964  0.617128  0.738214  0.669833  0.770902  0.757524  0.554128  0.702933  0.630743  0.623224  0.591141  0.612329  0.722490  0.782410  0.602799  0.744299  0.667869  0.780668  0.617591  0.713736  0.429153  0.756515  0.697390  0.536088  0.778001  0.664777  0.721688  0.619924  0.811497  0.611660  0.750954  0.684771  0.801132  0.549238  0.656577  0.626337  0.671735  0.711037  0.432216  0.611237  0.590487  0.744953  0.894333  0.771250  0.763633  0.681647  0.749599  0.809483  0.738292  0.679914  0.690393  0.794127  0.626877  0.645490  0.626426  0.573422  0.715280  0.681838  0.544172  0.698292  0.598672  0.870160  0.704206  0.704666  0.482685  0.658419  0.603432  0.761132  0.641734  0.334675  0.663241  0.677909  0.568877  0.615612  0.646180  0.601476  0.698041  0.800402  0.614506  0.781322  0.568121  0.771011  0.710683  0.595996  0.677157  0.700762  0.600595 
14  0.595533  0.611358  0.674396  0.639780  0.541972  0.555149  0.627141  0.668085  0.267507  0.725351  0.563031  0.670086  0.589533  0.645813 0.0  0.651558  0.670306  0.550258  0.661663  0.518825  0.555886  0.613259  0.790590  0.609787  0.653653  0.688341  0.755228  0.594859  0.695526  0.597802  0.592699  0.589643  0.619814  0.733004  0.607394  0.589423  0.660261  0.694535  0.732893  0.667860  0.670363  0.367219  0.586308  0.601121  0.586321  0.543490  0.603558  0.548325  0.585648  0.764118  0.565120  0.603221  0.535884  0.626847  0.641740  0.582947  0.667566  0.607280  0.708609  0.617765  0.558687  0.518677  0.697246  0.683432  0.677523  0.612519  0.600270  0.641547  0.608953  0.596159  0.578627  0.541639  0.636902  0.476179  0.711297  0.592834  0.588180  0.602178  0.662148  0.729756  0.695240  0.757982  0.703475  0.626767  0.530580  0.656141  0.577326  0.608102  0.627440  0.738416  0.711784  0.687964  0.498443  0.534209  0.460291  0.470854  0.784957  0.667557  0.751122  0.632869  0.606691  0.630473  0.871333  0.762736  0.668407  0.590080  0.669747  0.695476  0.554562  0.615284  0.629981  0.634459  0.576400  0.421359  0.510445  0.597919  0.630967  0.639146  0.644142  0.579064  0.820487  0.572927  0.578073  0.595816  0.531571  0.694786  0.526615  0.544627  0.617367  0.631104  0.707872  0.561934  0.557367  0.601438  0.518061  0.459881  0.812859  0.475582  0.792236  0.668205  0.713227  0.651527  0.553836  0.566701  0.658494  0.526691 
15  0.535492  0.674884  0.624359  0.528038  0.481170  0.689730  0.448151  0.556933  0.627955  0.586024  0.523713  0.451692  0.520486  0.712869  0.651558 0.0  0.752148  0.691681  0.668927  0.571329  0.530530  0.695739  0.519605  0.569580  0.781850  0.684031  0.563410  0.645756  0.633188  0.480734  0.473787  0.456975  0.274040  0.863787  0.718230  0.378817  0.545649  0.691195  0.579726  0.629620  0.775586  0.579424  0.517840  0.468902  0.779992  0.517928  0.376328  0.532311  0.577216  0.622555  0.566529  0.433294  0.472875  0.723061  0.530866  0.637596  0.418541  0.712795  0.669563  0.607657  0.515164  0.528528  0.642757  0.872598  0.780021  0.435928  0.437607  0.649366  0.711379  0.688419  0.536494  0.460747  0.598747  0.545798  0.687508  0.489976  0.489531  0.592146  0.496255  0.642944  0.579602  0.726881  0.695047  0.564351  0.465648  0.257945  0.617288  0.647235  0.687858  0.660784  0.847954  0.688554  0.651898  0.655861  0.486406  0.580710  0.613688  0.680192  0.605553  0.602005  0.574652  0.588549  0.770982  0.615669  0.378382  0.578251  0.641132  0.753802  0.433089  0.362174  0.387738  0.483560  0.583489  0.502514  0.548867  0.572896  0.715442  0.699267  0.337931  0.634797  0.811350  0.529295  0.491293  0.726646  0.596811  0.289154  0.648142  0.607980  0.720397  0.340025  0.524375  0.441262  0.677367  0.694997  0.623901  0.476323  0.531652  0.636390  0.655121  0.806741  0.535452  0.491161  0.797911  0.570677  0.575648  0.585788 
16  0.798608  0.665022  0.680542  0.757467  0.787749  0.731039  0.717259  0.825309  0.653071  0.841239  0.626406  0.777178  0.689939  0.555785  0.670306  0.752148 0.0  0.667720  0.832181  0.582555  0.780769  0.614874  0.751433  0.710456  0.512635  0.511723  0.712991  0.775591  0.858440  0.758209  0.806707  0.736695  0.734940  0.739140  0.525671  0.742213  0.793607  0.507774  0.643216  0.626028  0.501565  0.706093  0.723892  0.758227  0.539357  0.768335  0.756935  0.732822  0.789337  0.841526  0.685639  0.819610  0.753082  0.768329  0.631823  0.693700  0.709916  0.736015  0.478803  0.785090  0.574486  0.668901  0.813154  0.789866  0.785290  0.790098  0.656462  0.507083  0.662225  0.636808  0.705903  0.766486  0.773244  0.708387  0.811408  0.728087  0.831585  0.610599  0.715013  0.720310  0.812181  0.717199  0.494187  0.763471  0.697339  0.750698  0.708159  0.917031  0.345577  0.801889  0.755843  0.727584  0.750620  0.633196  0.762296  0.687836  0.727726  0.605619  0.713347  0.735004  0.729628  0.797257  0.879746  0.801015  0.750043  0.757436  0.721356  0.761754  0.656718  0.791049  0.674058  0.725882  0.643902  0.681056  0.652785  0.608479  0.616157  0.706106  0.677390  0.589516  0.907923  0.634940  0.777736  0.681817  0.738561  0.736157  0.761999  0.658712  0.538017  0.637681  0.677481  0.674450  0.797080  0.611736  0.685277  0.778347  0.821302  0.695162  0.788557  0.532200  0.579417  0.749124  0.624343  0.685297  0.671852  0.688359 
17  0.669735  0.676102  0.641429  0.583574  0.756673  0.504340  0.607095  0.762285  0.592760  0.755800  0.608694  0.668388  0.753298  0.606869  0.550258  0.691681  0.667720 0.0  0.729875  0.425520  0.624958  0.604959  0.694224  0.666920  0.707975  0.612847  0.704684  0.731197  0.743447  0.675735  0.706071  0.655985  0.781942  0.807196  0.505395  0.686200  0.813506  0.566730  0.505158  0.572063  0.609744  0.550787  0.622541  0.753737  0.553354  0.584914  0.819322  0.541362  0.746680  0.719178  0.642278  0.782114  0.701566  0.739455  0.529890  0.734446  0.717775  0.565329  0.534236  0.770243  0.650575  0.570152  0.706830  0.769826  0.687641  0.734558  0.695168  0.516464  0.435690  0.400239  0.729596  0.673944  0.745139  0.468719  0.769987  0.760743  0.697438  0.683530  0.730993  0.535669  0.574374  0.682633  0.515523  0.711900  0.675472  0.660439  0.362752  0.688448  0.587511  0.760814  0.723718  0.730389  0.583205  0.586775  0.642457  0.436675  0.672277  0.545219  0.707559  0.735691  0.736460  0.773916  0.820240  0.738511  0.714568  0.687016  0.582965  0.562077  0.645070  0.626664  0.729987  0.651538  0.685530  0.582696  0.586306  0.703916  0.551700  0.477602  0.702727  0.625479  0.833643  0.667878  0.624922  0.529936  0.651593  0.805235  0.677993  0.430043  0.577488  0.633590  0.800592  0.718281  0.615957  0.523361  0.441521  0.670236  0.727691  0.760465  0.776199  0.651443  0.702033  0.660937  0.540305  0.718518  0.822780  0.595208 
18  0.585604  0.710974  0.711776  0.699023  0.646050  0.747401  0.548506  0.344516  0.713555  0.603521  0.510959  0.542898  0.299064  0.611018  0.661663  0.668927  0.832181  0.729875 0.0  0.694443  0.672369  0.817542  0.408328  0.697935  0.723433  0.834645  0.520450  0.373780  0.557876  0.592938  0.417701  0.636930  0.564748  0.763762  0.668994  0.588350  0.481739  0.661839  0.542279  0.654742  0.801389  0.777765  0.713906  0.558895  0.648966  0.665013  0.420754  0.644817  0.591709  0.669021  0.593299  0.469354  0.713396  0.423567  0.668667  0.517552  0.452338  0.713288  0.740361  0.446991  0.554557  0.524583  0.367159  0.814260  0.671461  0.616554  0.604877  0.760433  0.704438  0.684916  0.674209  0.616519  0.596119  0.741900  0.765583  0.609289  0.619724  0.539326  0.528973  0.740328  0.445023  0.519661  0.662770  0.591422  0.700995  0.494699  0.839494  0.451184  0.764599  0.638336  0.691978  0.683262  0.673122  0.745938  0.555666  0.735426  0.437138  0.760215  0.583975  0.385691  0.643677  0.445401  0.767985  0.489938  0.442401  0.406992  0.486697  0.820832  0.642737  0.646565  0.476785  0.594526  0.625679  0.686492  0.695625  0.694529  0.754095  0.704111  0.561981  0.808851  0.898129  0.741064  0.447432  0.645971  0.674699  0.657498  0.575970  0.650816  0.694513  0.628651  0.439644  0.608548  0.686290  0.703052  0.665962  0.666563  0.526584  0.757711  0.458095  0.784012  0.532861  0.494357  0.772817  0.727332  0.566357  0.674105 
19  0.611257  0.591077  0.606092  0.640676  0.783692  0.336296  0.618645  0.684598  0.493598  0.719080  0.577367  0.699179  0.751097  0.613531  0.518825  0.571329  0.582555  0.425520  0.694443 0.0  0.600574  0.545985  0.748640  0.689719  0.679188  0.696111  0.830009  0.668744  0.843730  0.570418  0.710578  0.601062  0.614854  0.754762  0.622140  0.709122  0.683884  0.539710  0.687691  0.630728  0.611138  0.425808  0.538360  0.629295  0.607125  0.594241  0.690724  0.667246  0.667263  0.731466  0.626193  0.743935  0.552183  0.769438  0.551269  0.720607  0.749343  0.504318  0.577121  0.708544  0.741684  0.700852  0.645230  0.724340  0.751785  0.542164  0.505541  0.673922  0.377366  0.500309  0.571351  0.684776  0.601889  0.509530  0.855655  0.748745  0.677890  0.543188  0.621526  0.515311  0.715326  0.726760  0.505931  0.591963  0.648469  0.653708  0.573303  0.697338  0.640110  0.771254  0.721789  0.760010  0.328773  0.570119  0.659582  0.308704  0.784131  0.585163  0.700943  0.764348  0.660979  0.720699  0.846482  0.736341  0.753060  0.673767  0.763012  0.666186  0.744908  0.628081  0.628996  0.608419  0.657421  0.605904  0.469721  0.712766  0.684927  0.317430  0.721239  0.563927  0.804275  0.645543  0.658591  0.495086  0.541206  0.629389  0.631530  0.565567  0.558465  0.694274  0.642284  0.641068  0.410739  0.599818  0.391421  0.702680  0.824148  0.583050  0.797762  0.699441  0.685722  0.638073  0.504051  0.642481  0.756694  0.579577 
20  0.420076  0.662870  0.695705  0.305406  0.524615  0.607088  0.234903  0.603055  0.646259  0.632259  0.343567  0.601871  0.622110  0.712264  0.555886  0.530530  0.780769  0.624958  0.672369  0.600574 0.0  0.633015  0.621436  0.632606  0.740822  0.706985  0.701160  0.773056  0.632502  0.538137  0.518174  0.535616  0.459501  0.698858  0.724888  0.526352  0.577961  0.811975  0.450591  0.674704  0.753877  0.611160  0.439838  0.338573  0.603340  0.376889  0.605493  0.277928  0.597414  0.713828  0.463137  0.604317  0.371834  0.627044  0.642366  0.687177  0.451001  0.610614  0.733464  0.666588  0.509521  0.362127  0.572781  0.868951  0.753047  0.233733  0.332494  0.674645  0.651460  0.666638  0.448252  0.484737  0.622753  0.544787  0.762280  0.454294  0.411119  0.562535  0.339664  0.736745  0.617226  0.585229  0.650882  0.264975  0.407670  0.491429  0.596269  0.623190  0.686509  0.618157  0.758945  0.734578  0.632945  0.590715  0.438305  0.619576  0.553266  0.750629  0.504988  0.700186  0.699517  0.535163  0.774526  0.527442  0.656633  0.516182  0.663733  0.613438  0.311325  0.544159  0.415047  0.466793  0.463684  0.430585  0.634345  0.565417  0.674084  0.590112  0.481342  0.687469  0.700911  0.405524  0.517178  0.633198  0.478439  0.466601  0.433811  0.707509  0.682247  0.443233  0.665333  0.305856  0.570359  0.696007  0.669356  0.435576  0.684850  0.679548  0.679915  0.789130  0.621697  0.441736  0.643658  0.575820  0.593745  0.574237 
21  0.605247  0.451580  0.525317  0.611060  0.684795  0.486929  0.599873  0.803913  0.634117  0.792734  0.647054  0.777352  0.686311  0.533149  0.613259  0.695739  0.614874  0.604959  0.817542  0.545985  0.633015 0.0  0.798030  0.674729  0.648649  0.634796  0.694230  0.605018  0.776892  0.703037  0.728716  0.524003  0.650978  0.755704  0.241228  0.743091  0.835590  0.684745  0.661665  0.446635  0.683940  0.446246  0.729749  0.587090  0.519289  0.770277  0.675907  0.715667  0.839971  0.774372  0.639108  0.727596  0.571721  0.741218  0.574925  0.772127  0.640406  0.535889  0.629509  0.784560  0.590034  0.644963  0.797759  0.728767  0.812192  0.553880  0.779850  0.320443  0.629450  0.602999  0.776492  0.663924  0.640255  0.590352  0.823971  0.723943  0.639040  0.585197  0.676540  0.350496  0.755123  0.817703  0.613032  0.697118  0.614115  0.800789  0.610432  0.602924  0.692637  0.815189  0.884837  0.759914  0.583011  0.500638  0.620894  0.571969  0.772473  0.495564  0.701272  0.682742  0.614586  0.731727  0.904423  0.699267  0.638089  0.705284  0.571097  0.485122  0.618609  0.676961  0.571291  0.709993  0.668099  0.602786  0.510030  0.793492  0.608723  0.526876  0.640470  0.487112  0.802150  0.719366  0.669182  0.467444  0.565317  0.689230  0.711469  0.613710  0.469193  0.575644  0.667924  0.619969  0.590470  0.579789  0.667528  0.664857  0.751534  0.586994  0.738209  0.619358  0.754301  0.663006  0.677246  0.705485  0.725982  0.585454 
22  0.679809  0.817926  0.742571  0.719066  0.568929  0.709212  0.587427  0.504663  0.679510  0.402148  0.591524  0.530950  0.574259  0.733786  0.790590  0.519605  0.751433  0.694224  0.408328  0.748640  0.621436  0.798030 0.0  0.766697  0.678061  0.820953  0.429361  0.480642  0.570045  0.555351  0.487350  0.679395  0.672072  0.740743  0.791410  0.549147  0.230372  0.746110  0.541458  0.710858  0.709085  0.711212  0.641611  0.603376  0.733239  0.561838  0.550847  0.610689  0.656519  0.610992  0.674159  0.581715  0.767465  0.487490  0.670590  0.423171  0.570056  0.722973  0.750354  0.432701  0.550617  0.687164  0.409598  0.786338  0.617963  0.582996  0.608401  0.694894  0.662079  0.697186  0.653856  0.531455  0.592645  0.690048  0.667210  0.554080  0.639849  0.533443  0.675967  0.749487  0.491675  0.422022  0.809019  0.628483  0.774505  0.580164  0.672359  0.449248  0.750501  0.627953  0.632972  0.421162  0.722670  0.629053  0.575423  0.655608  0.464819  0.795577  0.645038  0.587154  0.688212  0.450327  0.737461  0.626763  0.633693  0.450337  0.476083  0.769881  0.674006  0.554142  0.618029  0.534660  0.608801  0.740957  0.694847  0.473117  0.799390  0.782083  0.580155  0.718436  0.675850  0.582488  0.521978  0.766985  0.681795  0.690053  0.726793  0.695601  0.776232  0.639782  0.437629  0.733543  0.742279  0.799777  0.640838  0.575444  0.656328  0.637480  0.468920  0.833418  0.407277  0.528542  0.746199  0.728547  0.278339  0.669070 
23  0.612697  0.683467  0.621119  0.526442  0.760857  0.618134  0.594517  0.633999  0.682126  0.674742  0.565094  0.834768  0.669794  0.641620  0.609787  0.569580  0.710456  0.666920  0.697935  0.689719  0.632606  0.674729  0.766697 0.0  0.752904  0.639923  0.732890  0.836272  0.674926  0.686495  0.717806  0.625788  0.674746  0.732771  0.754069  0.503688  0.619750  0.614628  0.637110  0.663767  0.595712  0.737239  0.611620  0.563518  0.645999  0.601150  0.662297  0.616564  0.696967  0.619225  0.661587  0.629070  0.549183  0.710253  0.539836  0.718429  0.677297  0.627118  0.648126  0.688933  0.570204  0.647546  0.559798  0.876047  0.635352  0.705218  0.677204  0.513810  0.697862  0.631905  0.723420  0.574440  0.555599  0.693017  0.826384  0.719841  0.709413  0.735564  0.722329  0.624867  0.713201  0.712488  0.572606  0.702093  0.686543  0.746583  0.606099  0.753943  0.794452  0.625579  0.794187  0.821514  0.620391  0.590613  0.627527  0.665581  0.786482  0.602888  0.633621  0.714179  0.565732  0.718964  0.763026  0.740134  0.572654  0.665867  0.705178  0.638781  0.540831  0.592943  0.642088  0.588508  0.675369  0.498282  0.653533  0.611994  0.788176  0.477413  0.616011  0.594873  0.753740  0.605490  0.541428  0.599745  0.632387  0.621401  0.523830  0.624817  0.566462  0.681975  0.740725  0.538110  0.618406  0.615060  0.514935  0.584245  0.731535  0.397200  0.606417  0.722564  0.630602  0.674180  0.628011  0.503354  0.684446  0.373435 
24  0.669141  0.584355  0.623939  0.750607  0.681355  0.609514  0.761472  0.763844  0.704694  0.704378  0.698077  0.783651  0.687392  0.594294  0.653653  0.781850  0.512635  0.707975  0.723433  0.679188  0.740822  0.648649  0.678061  0.752904 0.0  0.420691  0.771439  0.815308  0.823344  0.826050  0.647525  0.712708  0.725818  0.795196  0.592448  0.736671  0.795726  0.476260  0.816606  0.498999  0.460881  0.661615  0.776407  0.768948  0.665453  0.699058  0.631352  0.782402  0.764762  0.886696  0.685204  0.699512  0.754495  0.847244  0.642520  0.780541  0.695895  0.570188  0.570054  0.748218  0.687125  0.759022  0.843569  0.782903  0.871962  0.726523  0.680978  0.633548  0.667107  0.580524  0.738684  0.682914  0.686640  0.535930  0.821924  0.579600  0.733666  0.714169  0.766696  0.560018  0.712604  0.680470  0.709268  0.638438  0.735817  0.683754  0.660847  0.776489  0.563432  0.704488  0.779526  0.802662  0.697368  0.666812  0.717135  0.628515  0.639639  0.581103  0.688958  0.751303  0.663974  0.702726  0.890545  0.803182  0.667711  0.702390  0.809271  0.613623  0.787162  0.851677  0.860087  0.836292  0.718035  0.673915  0.682366  0.688576  0.668447  0.540311  0.671259  0.550836  0.788224  0.707594  0.715909  0.558454  0.740395  0.668589  0.668742  0.672476  0.631610  0.777194  0.736207  0.773334  0.614239  0.639669  0.642517  0.693905  0.764200  0.752498  0.789215  0.540644  0.807142  0.710492  0.602513  0.801531  0.759409  0.548178 
25  0.735210  0.556823  0.708902  0.627086  0.661787  0.611053  0.725497  0.774342  0.709471  0.813585  0.541488  0.644350  0.728974  0.678170  0.688341  0.684031  0.511723  0.612847  0.834645  0.696111  0.706985  0.634796  0.820953  0.639923  0.420691 0.0  0.726873  0.624218  0.705243  0.639450  0.760964  0.634158  0.714575  0.815741  0.528334  0.714248  0.841599  0.577556  0.700042  0.555890  0.583582  0.671005  0.752446  0.661080  0.563369  0.664794  0.800951  0.677710  0.690283  0.815894  0.674831  0.747875  0.754565  0.857410  0.731961  0.691955  0.830737  0.597378  0.540913  0.767520  0.634381  0.756915  0.794027  0.787582  0.787884  0.679793  0.769493  0.632961  0.711754  0.625090  0.831708  0.721585  0.663633  0.720416  0.858670  0.705168  0.671349  0.710133  0.575156  0.483368  0.728563  0.691404  0.582010  0.721856  0.729985  0.734678  0.744006  0.789602  0.599283  0.892304  0.948467  0.805901  0.675947  0.622315  0.624222  0.686929  0.667409  0.545709  0.738439  0.847641  0.645953  0.695448  0.815389  0.636961  0.661837  0.707682  0.672405  0.679390  0.757359  0.759117  0.785169  0.688009  0.743694  0.736784  0.642795  0.748730  0.555260  0.585098  0.848447  0.562152  0.823748  0.623851  0.794881  0.550350  0.657458  0.733411  0.708558  0.595084  0.496757  0.667421  0.640144  0.623804  0.702551  0.793336  0.674846  0.639119  0.749013  0.651662  0.833482  0.627519  0.826619  0.723267  0.780416  0.729786  0.805073  0.796708 
26  0.603594  0.725260  0.745643  0.581919  0.685489  0.768963  0.548912  0.305337  0.713219  0.306623  0.570867  0.573716  0.534191  0.731963  0.755228  0.563410  0.712991  0.704684  0.520450  0.830009  0.701160  0.694230  0.429361  0.732890  0.771439  0.726873 0.0  0.326091  0.401871  0.693910  0.521573  0.679704  0.623499  0.703791  0.746962  0.592879  0.365097  0.740840  0.726074  0.729880  0.771700  0.548923  0.636193  0.710545  0.789594  0.670382  0.479592  0.655881  0.647044  0.598053  0.783952  0.532819  0.592624  0.301969  0.748375  0.291928  0.599790  0.680423  0.705708  0.253201  0.632650  0.720348  0.327911  0.742802  0.652917  0.574304  0.696061  0.777841  0.713958  0.699811  0.709128  0.639268  0.600310  0.636460  0.724980  0.678583  0.553580  0.670888  0.536122  0.736502  0.459038  0.140942  0.758658  0.665953  0.582701  0.688732  0.700080  0.113751  0.692845  0.566011  0.600598  0.382156  0.648306  0.634138  0.621829  0.723490  0.259853  0.760887  0.650237  0.327751  0.685652  0.357359  0.787073  0.469894  0.550175  0.484033  0.409764  0.760557  0.633601  0.695188  0.661007  0.599252  0.581141  0.639899  0.747323  0.620600  0.723087  0.816891  0.543480  0.749347  0.684262  0.657444  0.558351  0.774931  0.778190  0.589406  0.620289  0.715275  0.746324  0.684733  0.403952  0.679538  0.692041  0.664327  0.663616  0.645807  0.536193  0.793086  0.253445  0.879573  0.395297  0.596919  0.757950  0.653195  0.433161  0.670301 
