73
0 0.0  0.847492  0.578965  0.562456  0.519552  0.448664  0.779055  0.405123  0.675220  0.812312  0.309250  0.434803  0.315968  0.800496  0.496196  0.417881  0.409686  0.488793  0.833205  0.835087  0.407863  0.514305  0.405259  0.660533  0.627140  0.468567  0.449706  0.624861  0.746481  0.671994  0.859991  0.549739  0.602555  0.420598  0.859827  0.377568  0.461445  0.528958  0.848921  0.592650  0.635136  0.572310  0.459951  0.419699  0.537741  0.381233  0.424677  0.432553  0.374030  0.701537  0.576451  0.646400  0.362488  0.380159  0.316765  0.543938  0.431422  0.397330  0.370538  0.806477  0.538078  0.516312  0.508923  0.461223  0.566019  0.477064  0.477982  0.629276  0.469425  0.457768  0.703724  0.527038  0.402627 
1  0.847492 0.0  0.745146  0.798396  0.816860  0.817243  0.708746  0.812436  0.781311  0.699162  0.792151  0.764676  0.787175  0.729142  0.827337  0.788290  0.764009  0.760128  0.752639  0.738190  0.765991  0.835191  0.750579  0.488940  0.594761  0.650591  0.782363  0.586540  0.703653  0.832956  0.797974  0.826723  0.698376  0.789166  0.854884  0.823927  0.794672  0.719327  0.752953  0.740129  0.710714  0.837913  0.824752  0.693700  0.736383  0.721675  0.743818  0.735417  0.719623  0.780527  0.679077  0.628260  0.723015  0.761130  0.833985  0.807138  0.839655  0.831344  0.780643  0.710086  0.768879  0.806491  0.689166  0.848676  0.833360  0.703094  0.790813  0.842381  0.862126  0.752160  0.745512  0.785409  0.787926 
2  0.578965  0.745146 0.0  0.533070  0.451181  0.651548  0.737524  0.449526  0.686789  0.695182  0.397589  0.473940  0.522209  0.801766  0.478492  0.459576  0.534228  0.377948  0.823999  0.727354  0.371762  0.343523  0.457061  0.852564  0.482991  0.515745  0.427076  0.556137  0.661403  0.700675  0.824589  0.480463  0.625926  0.452991  0.738681  0.508659  0.398179  0.663230  0.861125  0.374592  0.514246  0.441091  0.522838  0.351865  0.542314  0.560476  0.496506  0.463361  0.390401  0.739925  0.384250  0.668321  0.615242  0.394277  0.487821  0.364558  0.383527  0.488259  0.499818  0.800372  0.429280  0.434053  0.451199  0.469499  0.606834  0.449792  0.515173  0.482151  0.357999  0.598588  0.828009  0.437888  0.502833 
3  0.562456  0.798396  0.533070 0.0  0.380147  0.589857  0.826058  0.521563  0.729193  0.803608  0.573020  0.511306  0.399778  0.779706  0.444388  0.364220  0.432208  0.547248  0.722237  0.846959  0.537101  0.427009  0.605386  0.744333  0.674804  0.544051  0.385255  0.647227  0.763942  0.792835  0.865419  0.382095  0.588230  0.473387  0.815526  0.420449  0.380042  0.620605  0.806478  0.399382  0.582496  0.426314  0.503022  0.455068  0.569527  0.474930  0.544899  0.513312  0.510083  0.689163  0.560876  0.768923  0.468643  0.603476  0.450166  0.391110  0.429184  0.640200  0.472928  0.844323  0.493162  0.489445  0.455268  0.487005  0.519938  0.481421  0.348595  0.329141  0.370760  0.449415  0.778044  0.457413  0.570425 
4  0.519552  0.816860  0.451181  0.380147 0.0  0.507358  0.784988  0.464037  0.774356  0.818307  0.519441  0.508291  0.529002  0.799839  0.558756  0.411469  0.488954  0.517969  0.853913  0.746043  0.423451  0.288512  0.540155  0.773859  0.629271  0.403219  0.363644  0.611802  0.685129  0.765831  0.822101  0.317760  0.596946  0.480285  0.798737  0.456246  0.407807  0.675179  0.873155  0.298844  0.564179  0.421635  0.453365  0.368702  0.541171  0.577867  0.419396  0.578465  0.514578  0.723082  0.436865  0.836089  0.487636  0.666073  0.484662  0.330399  0.429834  0.459520  0.573340  0.722080  0.509616  0.401923  0.495264  0.452515  0.576939  0.483829  0.478935  0.385441  0.490449  0.497656  0.731941  0.367617  0.473889 
5  0.448664  0.817243  0.651548  0.589857  0.507358 0.0  0.687894  0.355076  0.704016  0.736645  0.414792  0.404600  0.487815  0.811281  0.480997  0.416268  0.486092  0.425119  0.719085  0.792537  0.566322  0.489281  0.468125  0.853658  0.623852  0.613483  0.423951  0.555228  0.588980  0.831886  0.865418  0.568637  0.643337  0.441592  0.743512  0.409227  0.440169  0.690719  0.758660  0.462765  0.587868  0.462530  0.462254  0.421401  0.433551  0.409700  0.421147  0.465707  0.460319  0.690913  0.457939  0.702822  0.485794  0.406531  0.472801  0.520497  0.443353  0.489669  0.545654  0.854065  0.456479  0.498059  0.446832  0.502021  0.606042  0.424761  0.456622  0.475042  0.565477  0.416927  0.786318  0.492386  0.390584 
6  0.779055  0.708746  0.737524  0.826058  0.784988  0.687894 0.0  0.741252  0.709645  0.812505  0.647712  0.695493  0.751415  0.692523  0.800719  0.710291  0.774691  0.715340  0.756272  0.708945  0.699473  0.689910  0.815020  0.693061  0.506314  0.686605  0.616826  0.616026  0.816791  0.719589  0.734652  0.759366  0.813443  0.789945  0.796918  0.781330  0.770466  0.899217  0.806562  0.660044  0.661250  0.764754  0.825350  0.671482  0.692467  0.796598  0.736305  0.730059  0.737657  0.729527  0.722410  0.633337  0.789671  0.749383  0.706003  0.658572  0.688777  0.801154  0.721604  0.696851  0.755208  0.736037  0.698415  0.793108  0.788702  0.659761  0.684149  0.747550  0.758234  0.789083  0.735579  0.733209  0.789004 
7  0.405123  0.812436  0.449526  0.521563  0.464037  0.355076  0.741252 0.0  0.706728  0.777142  0.448333  0.471536  0.461996  0.844325  0.429880  0.551188  0.369598  0.512040  0.722014  0.736682  0.563625  0.485888  0.469281  0.655916  0.618031  0.412054  0.484737  0.592815  0.768603  0.708790  0.785791  0.488125  0.628902  0.516251  0.762153  0.474951  0.561465  0.688288  0.889427  0.466624  0.652477  0.524231  0.510445  0.379759  0.457498  0.374550  0.485046  0.477239  0.468367  0.720660  0.463451  0.687757  0.468713  0.352660  0.441032  0.501025  0.439221  0.519633  0.486892  0.801436  0.472082  0.469928  0.467000  0.471557  0.582015  0.488479  0.400583  0.479753  0.453292  0.441996  0.712712  0.505412  0.385151 
8  0.675220  0.781311  0.686789  0.729193  0.774356  0.704016  0.709645  0.706728 0.0  0.768434  0.769304  0.712360  0.752608  0.804257  0.870713  0.896891  0.819369  0.766813  0.741804  0.421738  0.855196  0.720394  0.777283  0.786746  0.578783  0.706615  0.760070  0.600236  0.640141  0.757181  0.804943  0.772685  0.752396  0.795368  0.697270  0.800656  0.845177  0.755251  0.834352  0.767486  0.676452  0.843456  0.745665  0.776776  0.804490  0.746355  0.784918  0.734005  0.842914  0.726276  0.805226  0.654304  0.837802  0.836145  0.758528  0.776762  0.743557  0.809319  0.748829  0.577144  0.749066  0.805061  0.744017  0.841813  0.740569  0.940445  0.750796  0.689647  0.704388  0.811544  0.765845  0.709493  0.738558 
9  0.812312  0.699162  0.695182  0.803608  0.818307  0.736645  0.812505  0.777142  0.768434 0.0  0.772154  0.645519  0.800094  0.757733  0.850437  0.841231  0.746440  0.833121  0.872714  0.784213  0.802884  0.824640  0.806425  0.723625  0.686222  0.745054  1.000000  0.640481  0.642990  0.545818  0.548172  0.753698  0.761730  0.731826  0.798544  0.826661  0.799476  0.796031  0.659948  0.795290  0.486462  0.881667  0.917855  0.844493  0.768758  0.882888  0.785387  0.800389  0.750613  0.822713  0.757213  0.771025  0.782572  0.868014  0.869442  0.957554  0.829954  0.856307  0.793108  0.851114  0.694309  0.755488  0.753802  0.830262  0.850458  0.792223  0.919376  0.730686  0.779849  0.784379  0.721008  0.732020  0.819148 
10  0.309250  0.792151  0.397589  0.573020  0.519441  0.414792  0.647712  0.448333  0.769304  0.772154 0.0  0.527511  0.390573  0.793853  0.473784  0.418352  0.491882  0.557806  0.783350  0.895975  0.523441  0.595626  0.376762  0.772514  0.534687  0.537216  0.432943  0.574705  0.702663  0.707534  0.647129  0.605182  0.692760  0.530000  0.905431  0.375029  0.510937  0.716320  0.772274  0.554987  0.499510  0.474630  0.367850  0.400795  0.481335  0.500829  0.443545  0.461724  0.440635  0.828214  0.489392  0.624379  0.417696  0.475023  0.424718  0.581450  0.535763  0.356428  0.403324  0.736166  0.470160  0.465710  0.488840  0.602237  0.436227  0.478055  0.470700  0.616885  0.475464  0.428869  0.667645  0.527139  0.535616 
11  0.434803  0.764676  0.473940  0.511306  0.508291  0.404600  0.695493  0.471536  0.712360  0.645519  0.527511 0.0  0.293642  0.772394  0.348900  0.473884  0.452252  0.402375  0.632118  0.650954  0.463581  0.560074  0.490973  0.578911  0.477589  0.440398  0.547535  0.540473  0.697410  0.727093  0.776208  0.465301  0.609622  0.431612  0.855822  0.442064  0.430627  0.550290  0.819151  0.481424  0.618462  0.506918  0.493885  0.389343  0.523646  0.426117  0.369827  0.345047  0.381787  0.773825  0.503801  0.712229  0.419153  0.481135  0.491026  0.628686  0.501089  0.442100  0.566782  0.697864  0.464470  0.369986  0.514436  0.329002  0.623909  0.521512  0.532143  0.479066  0.554422  0.499344  0.749733  0.457129  0.350549 
12  0.315968  0.787175  0.522209  0.399778  0.529002  0.487815  0.751415  0.461996  0.752608  0.800094  0.390573  0.293642 0.0  0.801480  0.480276  0.522075  0.481615  0.473852  0.814993  0.731855  0.437748  0.528510  0.355427  0.744156  0.568861  0.343268  0.452960  0.511372  0.754545  0.725710  0.824948  0.543894  0.527674  0.544833  0.783009  0.286296  0.503182  0.636117  0.795611  0.436731  0.557862  0.462201  0.452853  0.514546  0.622641  0.463258  0.438224  0.415316  0.395849  0.777448  0.406179  0.728189  0.342272  0.396238  0.482126  0.461530  0.560519  0.442984  0.337126  0.775449  0.522901  0.479979  0.448791  0.392894  0.524349  0.526624  0.445045  0.541687  0.568065  0.400172  0.702688  0.527386  0.426258 
13  0.800496  0.729142  0.801766  0.779706  0.799839  0.811281  0.692523  0.844325  0.804257  0.757733  0.793853  0.772394  0.801480 0.0  0.878288  0.728193  0.803202  0.743569  0.786200  0.754893  0.743934  0.767599  0.849043  0.747391  0.546322  0.671069  0.797348  0.467169  0.728693  0.827617  0.848976  0.741655  0.728180  0.875811  0.758107  0.782326  0.742039  0.642677  0.817472  0.744696  0.645680  0.738215  0.833375  0.823007  0.826509  0.753913  0.814028  0.798296  0.856178  0.642529  0.823670  0.528138  0.681895  0.744988  0.785833  0.823653  0.824406  0.795351  0.779136  0.786819  0.769650  0.730223  0.849662  0.810697  0.824652  0.738185  0.789863  0.901360  0.719842  0.770421  0.647495  0.768134  0.816317 
14  0.496196  0.827337  0.478492  0.444388  0.558756  0.480997  0.800719  0.429880  0.870713  0.850437  0.473784  0.348900  0.480276  0.878288 0.0  0.506474  0.375921  0.468168  0.758275  0.887676  0.459059  0.553264  0.390133  0.738821  0.709338  0.418229  0.458507  0.635351  0.754211  0.768028  0.855221  0.489951  0.640091  0.472981  0.781880  0.466940  0.461977  0.601029  0.777054  0.388062  0.582862  0.392689  0.511425  0.310040  0.423937  0.423476  0.266076  0.354471  0.457668  0.758656  0.503849  0.616166  0.418740  0.450753  0.441466  0.503779  0.427951  0.542548  0.422555  0.806296  0.521043  0.531310  0.504312  0.394186  0.535493  0.521714  0.617441  0.477733  0.478074  0.476771  0.659297  0.453578  0.438304 
15  0.417881  0.788290  0.459576  0.364220  0.411469  0.416268  0.710291  0.551188  0.896891  0.841231  0.418352  0.473884  0.522075  0.728193  0.506474 0.0  0.410120  0.504409  0.743710  0.740352  0.402471  0.475050  0.537901  0.814785  0.600609  0.362637  0.463354  0.501768  0.616839  0.805768  0.803255  0.392958  0.627070  0.516265  0.899837  0.529040  0.393061  0.626438  0.790571  0.412709  0.579312  0.357775  0.431086  0.466993  0.487220  0.586924  0.586755  0.447775  0.453568  0.765717  0.353235  0.706974  0.470893  0.510857  0.471142  0.421969  0.409405  0.527427  0.595171  0.718484  0.426052  0.408255  0.576319  0.354817  0.558381  0.485461  0.464882  0.393848  0.547660  0.484130  0.682398  0.510407  0.514386 
16  0.409686  0.764009  0.534228  0.432208  0.488954  0.486092  0.774691  0.369598  0.819369  0.746440  0.491882  0.452252  0.481615  0.803202  0.375921  0.410120 0.0  0.389725  0.753896  0.845788  0.536862  0.442249  0.439148  0.793448  0.616638  0.443291  0.431610  0.521820  0.774632  0.784671  0.732877  0.417611  0.517156  0.437016  0.859316  0.438870  0.485394  0.607800  0.767915  0.538407  0.608600  0.504551  0.455705  0.396607  0.585057  0.447160  0.424763  0.395159  0.512927  0.696584  0.457268  0.797440  0.454011  0.600467  0.558285  0.455406  0.369744  0.494943  0.449512  0.843300  0.464503  0.458387  0.533622  0.511848  0.427316  0.414155  0.407506  0.509638  0.498650  0.397509  0.810425  0.316021  0.444069 
17  0.488793  0.760128  0.377948  0.547248  0.517969  0.425119  0.715340  0.512040  0.766813  0.833121  0.557806  0.402375  0.473852  0.743569  0.468168  0.504409  0.389725 0.0  0.814826  0.652669  0.431507  0.428412  0.470972  0.662864  0.569261  0.451357  0.510287  0.508746  0.742116  0.971266  0.669029  0.508612  0.545215  0.468309  0.791914  0.428251  0.505565  0.651428  0.794903  0.546881  0.582457  0.594239  0.524669  0.422174  0.524843  0.559306  0.516640  0.467237  0.521629  0.796473  0.558842  0.727567  0.403133  0.451424  0.374237  0.502418  0.554414  0.591601  0.413178  0.782241  0.444646  0.513662  0.510655  0.564826  0.467469  0.415041  0.528846  0.421615  0.495529  0.445980  0.810127  0.428060  0.486405 
18  0.833205  0.752639  0.823999  0.722237  0.853913  0.719085  0.756272  0.722014  0.741804  0.872714  0.783350  0.632118  0.814993  0.786200  0.758275  0.743710  0.753896  0.814826 0.0  0.821337  0.862915  0.814278  0.770563  0.747498  0.688030  0.695326  0.772512  0.618998  0.627930  0.642004  0.793702  0.795307  0.714723  0.843009  0.447333  0.845055  0.738902  0.846688  0.848819  0.753339  0.574932  0.751662  0.798540  0.747781  0.714653  0.817391  0.770216  0.815347  0.743949  0.681159  0.815666  0.676920  0.819413  0.830841  0.795065  0.857344  0.894780  0.800376  0.850638  0.807813  0.762949  0.772558  0.808599  0.814948  0.754314  0.820307  0.838383  0.763243  0.767341  0.760997  0.814981  0.770626  0.998229 
19  0.835087  0.738190  0.727354  0.846959  0.746043  0.792537  0.708945  0.736682  0.421738  0.784213  0.895975  0.650954  0.731855  0.754893  0.887676  0.740352  0.845788  0.652669  0.821337 0.0  0.727522  0.738149  0.820818  0.790136  0.635138  0.641011  0.835060  0.481120  0.785295  0.871895  0.736467  0.766114  0.743911  0.692569  0.766479  0.755729  0.777431  0.761372  0.823407  0.726690  0.516615  0.748067  0.777209  0.848317  0.734079  0.737642  0.696227  0.760281  0.813850  0.738259  0.751148  0.720755  0.724194  0.804526  0.836482  0.789115  0.723863  0.686141  0.770198  0.667302  0.743624  0.868711  0.825002  0.770920  0.779856  0.729637  0.758060  0.761807  0.799541  0.835284  0.791434  0.907824  0.888779 
20  0.407863  0.765991  0.371762  0.537101  0.423451  0.566322  0.699473  0.563625  0.855196  0.802884  0.523441  0.463581  0.437748  0.743934  0.459059  0.402471  0.536862  0.431507  0.862915  0.727522 0.0  0.387712  0.600658  0.704305  0.628513  0.436225  0.315544  0.521538  0.656077  0.756749  0.882053  0.372837  0.512339  0.482576  0.753836  0.440232  0.492256  0.641082  0.737948  0.483543  0.633811  0.461950  0.536333  0.271522  0.478267  0.404691  0.451251  0.477569  0.401902  0.708432  0.439662  0.698544  0.584059  0.618547  0.447801  0.458028  0.329122  0.486720  0.542770  0.757691  0.443626  0.410800  0.493367  0.512019  0.464268  0.467219  0.365379  0.382284  0.412524  0.512613  0.649429  0.422879  0.493606 
21  0.514305  0.835191  0.343523  0.427009  0.288512  0.489281  0.689910  0.485888  0.720394  0.824640  0.595626  0.560074  0.528510  0.767599  0.553264  0.475050  0.442249  0.428412  0.814278  0.738149  0.387712 0.0  0.459140  0.799513  0.669042  0.476865  0.350053  0.452611  0.724943  0.722239  0.755351  0.381531  0.607272  0.491500  0.888674  0.514765  0.352603  0.564669  0.783770  0.448526  0.714384  0.518759  0.461488  0.540595  0.556739  0.527963  0.501163  0.460712  0.515991  0.752132  0.438877  0.694317  0.515893  0.484272  0.415021  0.380966  0.550473  0.526539  0.585801  0.811821  0.406891  0.428250  0.548410  0.538195  0.489206  0.546467  0.440958  0.479415  0.461170  0.528159  0.628509  0.447325  0.421828 
22  0.405259  0.750579  0.457061  0.605386  0.540155  0.468125  0.815020  0.469281  0.777283  0.806425  0.376762  0.490973  0.355427  0.849043  0.390133  0.537901  0.439148  0.470972  0.770563  0.820818  0.600658  0.459140 0.0  0.792960  0.659163  0.535378  0.342642  0.546062  0.702499  0.800384  0.917923  0.547719  0.593586  0.576611  0.897660  0.446470  0.495034  0.648071  0.711873  0.510950  0.496978  0.628790  0.456009  0.461665  0.492839  0.502607  0.422211  0.561175  0.439286  0.780091  0.483777  0.630000  0.535839  0.445449  0.421873  0.583694  0.576970  0.406817  0.378270  0.875041  0.520232  0.631006  0.504675  0.475003  0.568229  0.407438  0.448268  0.426902  0.565134  0.411631  0.790776  0.506623  0.476880 
23  0.660533  0.488940  0.852564  0.744333  0.773859  0.853658  0.693061  0.655916  0.786746  0.723625  0.772514  0.578911  0.744156  0.747391  0.738821  0.814785  0.793448  0.662864  0.747498  0.790136  0.704305  0.799513  0.792960 0.0  0.607449  0.607821  0.731477  0.586347  0.583405  0.760729  0.781719  0.661727  0.701660  0.745630  0.727966  0.763747  0.784216  0.626879  0.689570  0.781990  0.529870  0.684168  0.769774  0.645424  0.747555  0.758769  0.855994  0.836684  0.771973  0.620282  0.882771  0.699474  0.712133  0.716790  0.740547  0.741847  0.741088  0.833183  0.663034  0.758570  0.761960  0.662912  0.769955  0.835491  0.746734  0.703170  0.776383  0.790576  0.760251  0.646630  0.737666  0.713237  0.624133 
24  0.627140  0.594761  0.482991  0.674804  0.629271  0.623852  0.506314  0.618031  0.578783  0.686222  0.534687  0.477589  0.568861  0.546322  0.709338  0.600609  0.616638  0.569261  0.688030  0.635138  0.628513  0.669042  0.659163  0.607449 0.0  0.681187  0.663030  0.558565  0.532086  0.648364  0.575076  0.549993  0.569180  0.570811  0.489931  0.606841  0.437842  0.555724  0.594882  0.584339  0.481088  0.666661  0.622360  0.643494  0.534981  0.627270  0.551515  0.600615  0.649654  0.560827  0.590445  0.626840  0.686208  0.698739  0.606432  0.644759  0.620246  0.656500  0.631202  0.518841  0.659708  0.694968  0.543012  0.656421  0.502243  0.593159  0.604257  0.566201  0.662028  0.605892  0.618633  0.617834  0.509810 
25  0.468567  0.650591  0.515745  0.544051  0.403219  0.613483  0.686605  0.412054  0.706615  0.745054  0.537216  0.440398  0.343268  0.671069  0.418229  0.362637  0.443291  0.451357  0.695326  0.641011  0.436225  0.476865  0.535378  0.607821  0.681187 0.0  0.540748  0.643625  0.722355  0.710551  0.623254  0.390590  0.451865  0.546415  0.814946  0.504054  0.483361  0.578281  0.674256  0.502983  0.662162  0.530897  0.573508  0.580439  0.444838  0.513212  0.518794  0.534091  0.441198  0.699801  0.518372  0.655677  0.475354  0.548342  0.465755  0.463000  0.481274  0.489970  0.577400  0.594015  0.400610  0.453715  0.607850  0.443376  0.516941  0.457915  0.569039  0.393901  0.592287  0.425967  0.695742  0.325949  0.567281 
26  0.449706  0.782363  0.427076  0.385255  0.363644  0.423951  0.616826  0.484737  0.760070  1.000000  0.432943  0.547535  0.452960  0.797348  0.458507  0.463354  0.431610  0.510287  0.772512  0.835060  0.315544  0.350053  0.342642  0.731477  0.663030  0.540748 0.0  0.560290  0.710612  0.756492  0.827472  0.373324  0.661341  0.369244  0.865389  0.514964  0.416852  0.649302  0.847642  0.437638  0.557441  0.421976  0.543020  0.394540  0.483361  0.542668  0.457167  0.386347  0.460686  0.666713  0.394735  0.665351  0.487699  0.555545  0.510495  0.402085  0.395682  0.546201  0.418680  0.836054  0.439194  0.344351  0.426925  0.501740  0.565650  0.556742  0.413292  0.468463  0.397784  0.507022  0.745353  0.418619  0.605153 
27  0.624861  0.586540  0.556137  0.647227  0.611802  0.555228  0.616026  0.592815  0.600236  0.640481  0.574705  0.540473  0.511372  0.467169  0.635351  0.501768  0.521820  0.508746  0.618998  0.481120  0.521538  0.452611  0.546062  0.586347  0.558565  0.643625  0.560290 0.0  0.562643  0.634763  0.549233  0.601652  0.465316  0.697326  0.516521  0.645074  0.628731  0.657028  0.635762  0.524322  0.559033  0.509162  0.620360  0.578353  0.545033  0.652143  0.574945  0.616106  0.530321  0.621993  0.596274  0.560801  0.614936  0.628385  0.555337  0.617183  0.574009  0.547614  0.540785  0.697577  0.791812  0.577019  0.601789  0.580593  0.558858  0.637272  0.702150  0.594146  0.632208  0.620935  0.519753  0.581746  0.461427 
28  0.746481  0.703653  0.661403  0.763942  0.685129  0.588980  0.816791  0.768603  0.640141  0.642990  0.702663  0.697410  0.754545  0.728693  0.754211  0.616839  0.774632  0.742116  0.627930  0.785295  0.656077  0.724943  0.702499  0.583405  0.532086  0.722355  0.710612  0.562643 0.0  0.667501  0.713575  0.665254  0.662451  0.717352  0.736855  0.705782  0.751368  0.723300  0.597136  0.761957  0.516900  0.799729  0.629977  0.611851  0.614452  0.703941  0.720579  0.582253  0.658742  0.770498  0.658531  0.745086  0.707371  0.746695  0.646175  0.713269  0.600850  0.730098  0.612808  0.707187  0.754704  0.684444  0.718704  0.750709  0.673282  0.754765  0.724633  0.735387  0.652554  0.732459  0.601811  0.658855  0.621713 
29  0.671994  0.832956  0.700675  0.792835  0.765831  0.831886  0.719589  0.708790  0.757181  0.545818  0.707534  0.727093  0.725710  0.827617  0.768028  0.805768  0.784671  0.971266  0.642004  0.871895  0.756749  0.722239  0.800384  0.760729  0.648364  0.710551  0.756492  0.634763  0.667501 0.0  0.573859  0.823989  0.804418  0.796346  0.718578  0.719847  0.759077  0.831695  0.487061  0.803955  0.705324  0.757050  0.702578  0.753116  0.725173  0.701469  0.711248  0.754319  0.825034  0.824957  0.687742  0.675183  0.723830  0.653068  0.768229  0.811845  0.828564  0.804515  0.796410  0.727285  0.721139  0.862304  0.833140  0.787415  0.798788  0.776579  0.616372  0.773856  0.753227  0.730974  0.758310  0.812587  0.758420 
30  0.859991  0.797974  0.824589  0.865419  0.822101  0.865418  0.734652  0.785791  0.804943  0.548172  0.647129  0.776208  0.824948  0.848976  0.855221  0.803255  0.732877  0.669029  0.793702  0.736467  0.882053  0.755351  0.917923  0.781719  0.575076  0.623254  0.827472  0.549233  0.713575  0.573859 0.0  0.756620  0.707313  0.817806  0.763602  0.759670  0.907880  0.781471  0.644882  0.809132  0.683856  0.777779  0.776879  0.836163  0.810800  0.892140  0.835704  0.776291  0.738911  0.799309  0.862582  0.761362  0.764712  0.928817  0.768129  0.859289  0.843003  0.847242  0.821361  0.819259  0.789125  0.777998  0.740988  0.714413  0.842141  0.799893  0.864242  0.713423  0.682004  0.750361  0.748040  0.691448  0.746785 
31  0.549739  0.826723  0.480463  0.382095  0.317760  0.568637  0.759366  0.488125  0.772685  0.753698  0.605182  0.465301  0.543894  0.741655  0.489951  0.392958  0.417611  0.508612  0.795307  0.766114  0.372837  0.381531  0.547719  0.661727  0.549993  0.390590  0.373324  0.601652  0.665254  0.823989  0.756620 0.0  0.639305  0.453850  0.869728  0.457311  0.400732  0.722725  0.834939  0.389177  0.616498  0.476723  0.479207  0.478024  0.531447  0.493534  0.493677  0.523656  0.447728  0.839080  0.438695  0.717939  0.475982  0.428068  0.465638  0.377359  0.388563  0.549767  0.416093  0.701774  0.324590  0.349599  0.434776  0.467494  0.604733  0.467353  0.393441  0.469218  0.404190  0.488484  0.852600  0.327022  0.529790 
32  0.602555  0.698376  0.625926  0.588230  0.596946  0.643337  0.813443  0.628902  0.752396  0.761730  0.692760  0.609622  0.527674  0.728180  0.640091  0.627070  0.517156  0.545215  0.714723  0.743911  0.512339  0.607272  0.593586  0.701660  0.569180  0.451865  0.661341  0.465316  0.662451  0.804418  0.707313  0.639305 0.0  0.639043  0.772859  0.601387  0.579494  0.625661  0.772040  0.612002  0.531144  0.555264  0.642640  0.630074  0.723648  0.474126  0.740629  0.561438  0.686211  0.770816  0.643699  0.689659  0.593741  0.587725  0.711165  0.586089  0.663537  0.562117  0.565448  0.869741  0.690220  0.603048  0.643469  0.743984  0.589274  0.609530  0.537644  0.580530  0.669911  0.616366  0.744957  0.625352  0.628245 
33  0.420598  0.789166  0.452991  0.473387  0.480285  0.441592  0.789945  0.516251  0.795368  0.731826  0.530000  0.431612  0.544833  0.875811  0.472981  0.516265  0.437016  0.468309  0.843009  0.692569  0.482576  0.491500  0.576611  0.745630  0.570811  0.546415  0.369244  0.697326  0.717352  0.796346  0.817806  0.453850  0.639043 0.0  0.808645  0.409072  0.288202  0.657024  0.741602  0.453840  0.414602  0.404420  0.469368  0.346789  0.564239  0.575348  0.428794  0.537876  0.473819  0.737611  0.326616  0.791412  0.545619  0.536160  0.446217  0.332657  0.370181  0.528886  0.578844  0.737392  0.404239  0.476559  0.407883  0.517502  0.538310  0.369115  0.407622  0.412526  0.452450  0.519441  0.677803  0.389911  0.581989 
34  0.859827  0.854884  0.738681  0.815526  0.798737  0.743512  0.796918  0.762153  0.697270  0.798544  0.905431  0.855822  0.783009  0.758107  0.781880  0.899837  0.859316  0.791914  0.447333  0.766479  0.753836  0.888674  0.897660  0.727966  0.489931  0.814946  0.865389  0.516521  0.736855  0.718578  0.763602  0.869728  0.772859  0.808645 0.0  0.818305  0.753599  0.823360  0.753839  0.851174  0.680082  0.875550  0.790787  0.847552  0.716213  0.805627  0.759548  0.827810  0.874661  0.722889  0.854611  0.664627  0.852839  0.800039  0.864029  0.849060  0.848643  0.840922  0.744052  0.801690  0.871373  0.759533  0.767183  0.909685  0.768440  0.854319  0.770554  0.858242  0.810917  0.792245  0.759154  0.711021  0.723949 
35  0.377568  0.823927  0.508659  0.420449  0.456246  0.409227  0.781330  0.474951  0.800656  0.826661  0.375029  0.442064  0.286296  0.782326  0.466940  0.529040  0.438870  0.428251  0.845055  0.755729  0.440232  0.514765  0.446470  0.763747  0.606841  0.504054  0.514964  0.645074  0.705782  0.719847  0.759670  0.457311  0.601387  0.409072  0.818305 0.0  0.493511  0.635590  0.782816  0.527103  0.571908  0.499905  0.310534  0.485750  0.499405  0.493738  0.588711  0.400830  0.345069  0.773345  0.480523  0.663482  0.420957  0.509283  0.507330  0.546494  0.515341  0.383458  0.340512  0.830540  0.417274  0.410389  0.539220  0.465123  0.596546  0.454537  0.545327  0.615104  0.412493  0.384515  0.706288  0.464681  0.502324 
36  0.461445  0.794672  0.398179  0.380042  0.407807  0.440169  0.770466  0.561465  0.845177  0.799476  0.510937  0.430627  0.503182  0.742039  0.461977  0.393061  0.485394  0.505565  0.738902  0.777431  0.492256  0.352603  0.495034  0.784216  0.437842  0.483361  0.416852  0.628731  0.751368  0.759077  0.907880  0.400732  0.579494  0.288202  0.753599  0.493511 0.0  0.703145  0.824798  0.559447  0.681102  0.324705  0.459237  0.481281  0.505940  0.519209  0.595338  0.524932  0.578184  0.730638  0.493433  0.747974  0.541259  0.541513  0.496562  0.417954  0.400516  0.542452  0.601913  0.700321  0.465101  0.328613  0.460955  0.633007  0.597890  0.535583  0.387796  0.392931  0.273464  0.521528  0.835997  0.409245  0.498234 
37  0.528958  0.719327  0.663230  0.620605  0.675179  0.690719  0.899217  0.688288  0.755251  0.796031  0.716320  0.550290  0.636117  0.642677  0.601029  0.626438  0.607800  0.651428  0.846688  0.761372  0.641082  0.564669  0.648071  0.626879  0.555724  0.578281  0.649302  0.657028  0.723300  0.831695  0.781471  0.722725  0.625661  0.657024  0.823360  0.635590  0.703145 0.0  0.760611  0.604245  0.541083  0.563119  0.586149  0.718225  0.665332  0.672436  0.581362  0.643369  0.623242  0.828969  0.623536  0.673496  0.686902  0.593062  0.569848  0.551164  0.604272  0.645745  0.635913  0.800588  0.584187  0.622699  0.566382  0.610149  0.640029  0.604122  0.656268  0.604637  0.582714  0.692166  0.755666  0.768998  0.577542 
38  0.848921  0.752953  0.861125  0.806478  0.873155  0.758660  0.806562  0.889427  0.834352  0.659948  0.772274  0.819151  0.795611  0.817472  0.777054  0.790571  0.767915  0.794903  0.848819  0.823407  0.737948  0.783770  0.711873  0.689570  0.594882  0.674256  0.847642  0.635762  0.597136  0.487061  0.644882  0.834939  0.772040  0.741602  0.753839  0.782816  0.824798  0.760611 0.0  0.762923  0.670661  0.829328  0.678204  0.880230  0.788004  0.688747  0.869813  0.825575  0.808366  0.761430  0.670360  0.776821  0.803242  0.784170  0.779495  0.809019  0.784624  0.772028  0.739807  0.771688  0.777458  0.710790  0.868161  0.857057  0.767189  0.858091  0.831340  0.794233  0.781231  0.793472  0.739722  0.736087  0.866404 
39  0.592650  0.740129  0.374592  0.399382  0.298844  0.462765  0.660044  0.466624  0.767486  0.795290  0.554987  0.481424  0.436731  0.744696  0.388062  0.412709  0.538407  0.546881  0.753339  0.726690  0.483543  0.448526  0.510950  0.781990  0.584339  0.502983  0.437638  0.524322  0.761957  0.803955  0.809132  0.389177  0.612002  0.453840  0.851174  0.527103  0.559447  0.604245  0.762923 0.0  0.641701  0.451001  0.538240  0.359543  0.550474  0.508961  0.455574  0.592540  0.473952  0.739055  0.398690  0.638566  0.553701  0.618652  0.485375  0.471938  0.315623  0.599143  0.413270  0.825812  0.408447  0.459319  0.458564  0.553761  0.551856  0.548772  0.501545  0.503397  0.437387  0.526463  0.669664  0.496487  0.555846 
40  0.635136  0.710714  0.514246  0.582496  0.564179  0.587868  0.661250  0.652477  0.676452  0.486462  0.499510  0.618462  0.557862  0.645680  0.582862  0.579312  0.608600  0.582457  0.574932  0.516615  0.633811  0.714384  0.496978  0.529870  0.481088  0.662162  0.557441  0.559033  0.516900  0.705324  0.683856  0.616498  0.531144  0.414602  0.680082  0.571908  0.681102  0.541083  0.670661  0.641701 0.0  0.569452  0.591099  0.534607  0.594394  0.533253  0.605406  0.680415  0.541966  0.545766  0.573851  0.656872  0.572566  0.581707  0.511610  0.527069  0.467092  0.681408  0.595183  0.458046  0.535990  0.583835  0.647675  0.540261  0.655127  0.559112  0.493179  0.640717  0.587843  0.551902  0.624195  0.553761  0.523342 
41  0.572310  0.837913  0.441091  0.426314  0.421635  0.462530  0.764754  0.524231  0.843456  0.881667  0.474630  0.506918  0.462201  0.738215  0.392689  0.357775  0.504551  0.594239  0.751662  0.748067  0.461950  0.518759  0.628790  0.684168  0.666661  0.530897  0.421976  0.509162  0.799729  0.757050  0.777779  0.476723  0.555264  0.404420  0.875550  0.499905  0.324705  0.563119  0.829328  0.451001  0.569452 0.0  0.491529  0.408107  0.490206  0.534023  0.470741  0.519210  0.526477  0.765352  0.440517  0.715009  0.566463  0.504321  0.518503  0.498167  0.487585  0.492277  0.583854  0.816477  0.381166  0.465001  0.407394  0.578046  0.543948  0.372712  0.398613  0.415762  0.387644  0.477290  0.636257  0.377683  0.540964 
42  0.459951  0.824752  0.522838  0.503022  0.453365  0.462254  0.825350  0.510445  0.745665  0.917855  0.367850  0.493885  0.452853  0.833375  0.511425  0.431086  0.455705  0.524669  0.798540  0.777209  0.536333  0.461488  0.456009  0.769774  0.622360  0.573508  0.543020  0.620360  0.629977  0.702578  0.776879  0.479207  0.642640  0.469368  0.790787  0.310534  0.459237  0.586149  0.678204  0.538240  0.591099  0.491529 0.0  0.481123  0.549670  0.404230  0.387819  0.488599  0.508669  0.783183  0.590976  0.727680  0.446950  0.491749  0.554596  0.557962  0.549096  0.416510  0.419911  0.868628  0.461962  0.499972  0.452866  0.454336  0.518071  0.393394  0.549624  0.491235  0.383023  0.502706  0.699236  0.513643  0.430537 
43  0.419699  0.693700  0.351865  0.455068  0.368702  0.421401  0.671482  0.379759  0.776776  0.844493  0.400795  0.389343  0.514546  0.823007  0.310040  0.466993  0.396607  0.422174  0.747781  0.848317  0.271522  0.540595  0.461665  0.645424  0.643494  0.580439  0.394540  0.578353  0.611851  0.753116  0.836163  0.478024  0.630074  0.346789  0.847552  0.485750  0.481281  0.718225  0.880230  0.359543  0.534607  0.408107  0.481123 0.0  0.473760  0.451882  0.490259  0.349999  0.513245  0.732446  0.445842  0.634043  0.406945  0.456341  0.505643  0.455621  0.442149  0.401338  0.459610  0.757996  0.460939  0.455940  0.502106  0.428784  0.479431  0.353815  0.339009  0.369577  0.448235  0.349624  0.796279  0.388077  0.460915 
44  0.537741  0.736383  0.542314  0.569527  0.541171  0.433551  0.692467  0.457498  0.804490  0.768758  0.481335  0.523646  0.622641  0.826509  0.423937  0.487220  0.585057  0.524843  0.714653  0.734079  0.478267  0.556739  0.492839  0.747555  0.534981  0.444838  0.483361  0.545033  0.614452  0.725173  0.810800  0.531447  0.723648  0.564239  0.716213  0.499405  0.505940  0.665332  0.788004  0.550474  0.594394  0.490206  0.549670  0.473760 0.0  0.496772  0.483212  0.544406  0.571908  0.682548  0.439062  0.621646  0.578336  0.480134  0.492426  0.532210  0.561710  0.511261  0.606437  0.765565  0.553370  0.466308  0.518655  0.476292  0.384457  0.520097  0.442800  0.500655  0.579287  0.559524  0.658915  0.535960  0.537431 
45  0.381233  0.721675  0.560476  0.474930  0.577867  0.409700  0.796598  0.374550  0.746355  0.882888  0.500829  0.426117  0.463258  0.753913  0.423476  0.586924  0.447160  0.559306  0.817391  0.737642  0.404691  0.527963  0.502607  0.758769  0.627270  0.513212  0.542668  0.652143  0.703941  0.701469  0.892140  0.493534  0.474126  0.575348  0.805627  0.493738  0.519209  0.672436  0.688747  0.508961  0.533253  0.534023  0.404230  0.451882  0.496772 0.0  0.356330  0.445425  0.464500  0.752675  0.561795  0.529080  0.397374  0.393057  0.395671  0.442936  0.444704  0.521166  0.504443  0.740848  0.486892  0.594995  0.438065  0.383022  0.543138  0.457710  0.499105  0.566963  0.441385  0.438173  0.691704  0.470089  0.559814 
46  0.424677  0.743818  0.496506  0.544899  0.419396  0.421147  0.736305  0.485046  0.784918  0.785387  0.443545  0.369827  0.438224  0.814028  0.266076  0.586755  0.424763  0.516640  0.770216  0.696227  0.451251  0.501163  0.422211  0.855994  0.551515  0.518794  0.457167  0.574945  0.720579  0.711248  0.835704  0.493677  0.740629  0.428794  0.759548  0.588711  0.595338  0.581362  0.869813  0.455574  0.605406  0.470741  0.387819  0.490259  0.483212  0.356330 0.0  0.361726  0.414709  0.711957  0.520442  0.857132  0.471532  0.466883  0.515404  0.508443  0.562667  0.413158  0.450464  0.834708  0.557449  0.440672  0.534501  0.461607  0.627594  0.418262  0.574240  0.619162  0.476677  0.441678  0.779589  0.413374  0.533002 
47  0.432553  0.735417  0.463361  0.513312  0.578465  0.465707  0.730059  0.477239  0.734005  0.800389  0.461724  0.345047  0.415316  0.798296  0.354471  0.447775  0.395159  0.467237  0.815347  0.760281  0.477569  0.460712  0.561175  0.836684  0.600615  0.534091  0.386347  0.616106  0.582253  0.754319  0.776291  0.523656  0.561438  0.537876  0.827810  0.400830  0.524932  0.643369  0.825575  0.592540  0.680415  0.519210  0.488599  0.349999  0.544406  0.445425  0.361726 0.0  0.452234  0.729122  0.464280  0.579311  0.273156  0.375943  0.501617  0.507314  0.519740  0.545666  0.444669  0.804768  0.518055  0.399646  0.580779  0.443487  0.484469  0.483190  0.538687  0.426209  0.497087  0.396872  0.691180  0.519968  0.408977 
48  0.374030  0.719623  0.390401  0.510083  0.514578  0.460319  0.737657  0.468367  0.842914  0.750613  0.440635  0.381787  0.395849  0.856178  0.457668  0.453568  0.512927  0.521629  0.743949  0.813850  0.401902  0.515991  0.439286  0.771973  0.649654  0.441198  0.460686  0.530321  0.658742  0.825034  0.738911  0.447728  0.686211  0.473819  0.874661  0.345069  0.578184  0.623242  0.808366  0.473952  0.541966  0.526477  0.508669  0.513245  0.571908  0.464500  0.414709  0.452234 0.0  0.677865  0.487621  0.637851  0.451884  0.385175  0.506594  0.507585  0.529263  0.415888  0.421732  0.739927  0.435036  0.506239  0.395841  0.362482  0.579018  0.495267  0.540195  0.489853  0.507284  0.341055  0.740833  0.515641  0.368159 
49  0.701537  0.780527  0.739925  0.689163  0.723082  0.690913  0.729527  0.720660  0.726276  0.822713  0.828214  0.773825  0.777448  0.642529  0.758656  0.765717  0.696584  0.796473  0.681159  0.738259  0.708432  0.752132  0.780091  0.620282  0.560827  0.699801  0.666713  0.621993  0.770498  0.824957  0.799309  0.839080  0.770816  0.737611  0.722889  0.773345  0.730638  0.828969  0.761430  0.739055  0.545766  0.765352  0.783183  0.732446  0.682548  0.752675  0.711957  0.729122  0.677865 0.0  0.737570  0.383353  0.637216  0.764854  0.752071  0.740194  0.739566  0.858663  0.786727  0.866035  0.799748  0.751888  0.767009  0.865248  0.821347  0.662153  0.805427  0.721963  0.743127  0.779660  0.489408  0.786324  0.667089 
50  0.576451  0.679077  0.384250  0.560876  0.436865  0.457939  0.722410  0.463451  0.805226  0.757213  0.489392  0.503801  0.406179  0.823670  0.503849  0.353235  0.457268  0.558842  0.815666  0.751148  0.439662  0.438877  0.483777  0.882771  0.590445  0.518372  0.394735  0.596274  0.658531  0.687742  0.862582  0.438695  0.643699  0.326616  0.854611  0.480523  0.493433  0.623536  0.670360  0.398690  0.573851  0.440517  0.590976  0.445842  0.439062  0.561795  0.520442  0.464280  0.487621  0.737570 0.0  0.729596  0.557522  0.469797  0.374687  0.373432  0.422693  0.613210  0.503036  0.847656  0.444863  0.373826  0.405781  0.514983  0.573859  0.592849  0.450563  0.465317  0.405070  0.506891  0.720203  0.358983  0.564732 
51  0.646400  0.628260  0.668321  0.768923  0.836089  0.702822  0.633337  0.687757  0.654304  0.771025  0.624379  0.712229  0.728189  0.528138  0.616166  0.706974  0.797440  0.727567  0.676920  0.720755  0.698544  0.694317  0.630000  0.699474  0.626840  0.655677  0.665351  0.560801  0.745086  0.675183  0.761362  0.717939  0.689659  0.791412  0.664627  0.663482  0.747974  0.673496  0.776821  0.638566  0.656872  0.715009  0.727680  0.634043  0.621646  0.529080  0.857132  0.579311  0.637851  0.383353  0.729596 0.0  0.597134  0.652865  0.673223  0.733111  0.765250  0.638782  0.747657  0.663164  0.671947  0.665424  0.593013  0.652960  0.713810  0.644128  0.725972  0.659048  0.633068  0.663999  0.469403  0.695092  0.597607 
52  0.362488  0.723015  0.615242  0.468643  0.487636  0.485794  0.789671  0.468713  0.837802  0.782572  0.417696  0.419153  0.342272  0.681895  0.418740  0.470893  0.454011  0.403133  0.819413  0.724194  0.584059  0.515893  0.535839  0.712133  0.686208  0.475354  0.487699  0.614936  0.707371  0.723830  0.764712  0.475982  0.593741  0.545619  0.852839  0.420957  0.541259  0.686902  0.803242  0.553701  0.572566  0.566463  0.446950  0.406945  0.578336  0.397374  0.471532  0.273156  0.451884  0.637216  0.557522  0.597134 0.0  0.512009  0.407149  0.550990  0.511839  0.485940  0.381889  0.815859  0.564384  0.591218  0.501153  0.393331  0.642274  0.417287  0.529312  0.460969  0.456158  0.393232  0.773272  0.453057  0.452352 
53  0.380159  0.761130  0.394277  0.603476  0.666073  0.406531  0.749383  0.352660  0.836145  0.868014  0.475023  0.481135  0.396238  0.744988  0.450753  0.510857  0.600467  0.451424  0.830841  0.804526  0.618547  0.484272  0.445449  0.716790  0.698739  0.548342  0.555545  0.628385  0.746695  0.653068  0.928817  0.428068  0.587725  0.536160  0.800039  0.509283  0.541513  0.593062  0.784170  0.618652  0.581707  0.504321  0.491749  0.456341  0.480134  0.393057  0.466883  0.375943  0.385175  0.764854  0.469797  0.652865  0.512009 0.0  0.444290  0.469294  0.552942  0.433153  0.480627  0.769093  0.539572  0.492707  0.474076  0.441264  0.488870  0.427650  0.609297  0.609275  0.389508  0.366522  0.687801  0.440444  0.423765 
