73
0 0.0  0.750505  0.774040  0.776081  0.781572  0.736345  0.818222  0.681016  0.701830  0.808800  0.824997  0.763748  0.805383  0.814621  0.475448  0.836565  0.582743  0.859300  0.795481  0.777669  0.864901  0.751342  0.762363  0.752550  0.756328  0.830088  0.699514  0.783987  0.775217  0.408120  0.645053  0.776256  0.703527  0.759407  0.539190  0.764117  0.723333  0.774329  0.803271  0.665928  0.736383  0.695532  0.719521  0.839128  0.729953  0.788797  0.696875  0.779701  0.764972  0.719940  0.696746  0.824012  0.791908  0.726685  0.712641  0.829309  0.749620  0.698725  0.770323  0.818020  0.777677  0.817590  0.640134  0.855509  0.783079  0.774708  0.789322  0.660127  0.661476  0.733409  0.724046  0.743279  0.751858 
1  0.750505 0.0  0.392351  0.361786  0.574558  0.408545  0.453267  0.554070  0.612163  0.679142  0.479324  0.789525  0.558272  0.742766  0.786159  0.617464  0.775066  0.480898  0.572360  0.518297  0.535948  0.500559  0.445155  0.504218  0.490468  0.573607  0.558246  0.506335  0.470494  0.890137  0.448646  0.429453  0.386559  0.807611  0.823469  0.449020  0.459566  0.660038  0.539635  0.356452  0.460055  0.470993  0.462621  0.498873  0.306995  0.763685  0.467732  0.497606  0.383301  0.598294  0.389248  0.372975  0.528419  0.446265  0.415293  0.612802  0.529207  0.806299  0.349839  0.439749  0.405863  0.526535  0.483137  0.396686  0.550185  0.565946  0.513237  0.671235  0.414928  0.407228  0.841815  0.523852  0.577213 
2  0.774040  0.392351 0.0  0.519739  0.471499  0.608359  0.514016  0.578317  0.464729  0.786869  0.600792  0.708971  0.290591  0.775233  0.811454  0.450219  0.717833  0.439200  0.415603  0.581780  0.438502  0.370920  0.645378  0.494497  0.460349  0.431320  0.490653  0.508457  0.420241  0.719718  0.406948  0.449161  0.377617  0.804682  0.827316  0.446525  0.405826  0.667276  0.427998  0.534452  0.428282  0.436458  0.590625  0.467044  0.552545  0.750106  0.469365  0.518178  0.474162  0.430747  0.603590  0.537725  0.449796  0.443152  0.554581  0.390681  0.467612  0.759389  0.526318  0.582451  0.406536  0.477711  0.656903  0.423685  0.487307  0.524038  0.624247  0.653659  0.513856  0.556685  0.734365  0.496991  0.484880 
3  0.776081  0.361786  0.519739 0.0  0.398051  0.481712  0.354595  0.523068  0.454382  0.845946  0.336024  0.738518  0.500766  0.776930  0.768988  0.541958  0.790068  0.482455  0.430706  0.529351  0.455903  0.392545  0.578822  0.541816  0.416039  0.346560  0.448902  0.496743  0.433880  0.726169  0.391421  0.464006  0.563423  0.737528  0.798723  0.478524  0.545895  0.649050  0.515882  0.490590  0.531088  0.438440  0.386568  0.486552  0.512624  0.792589  0.383198  0.503973  0.501270  0.472231  0.463217  0.447865  0.434676  0.532345  0.511021  0.505904  0.438311  0.801881  0.447386  0.451324  0.411836  0.439078  0.661563  0.562228  0.589960  0.594264  0.634698  0.684163  0.517398  0.382202  0.859666  0.454634  0.506614 
4  0.781572  0.574558  0.471499  0.398051 0.0  0.554432  0.534042  0.521256  0.539233  0.782422  0.573081  0.825377  0.509605  0.827111  0.792396  0.352795  0.765719  0.568559  0.532215  0.608768  0.463180  0.456062  0.486970  0.600527  0.555076  0.457193  0.539002  0.525200  0.520908  0.807070  0.479796  0.509385  0.333881  0.735875  0.783223  0.499069  0.518040  0.613756  0.450389  0.513999  0.377279  0.451422  0.550819  0.332581  0.506322  0.854797  0.492994  0.498726  0.534952  0.671055  0.467251  0.554413  0.566321  0.550459  0.568255  0.519703  0.533313  0.850251  0.526235  0.431482  0.355342  0.544097  0.619911  0.526630  0.436608  0.438300  0.537172  0.706265  0.521826  0.533347  0.760044  0.415668  0.427496 
5  0.736345  0.408545  0.608359  0.481712  0.554432 0.0  0.389868  0.418062  0.572949  0.862760  0.507858  0.742425  0.561572  0.840606  0.721657  0.488524  0.736834  0.335232  0.591893  0.633577  0.465914  0.477390  0.444913  0.564903  0.517340  0.588568  0.444142  0.410910  0.505469  0.785384  0.615083  0.435718  0.456102  0.767420  0.901400  0.523749  0.573782  0.661747  0.483620  0.356317  0.529218  0.451861  0.435005  0.486179  0.404965  0.649446  0.356271  0.406669  0.585197  0.671415  0.374045  0.526585  0.457385  0.357835  0.503103  0.437582  0.528163  0.818275  0.421390  0.400849  0.406969  0.603669  0.603385  0.300538  0.520379  0.465379  0.442556  0.698712  0.370147  0.386431  0.833948  0.420145  0.483018 
6  0.818222  0.453267  0.514016  0.354595  0.534042  0.389868 0.0  0.414427  0.488937  0.819179  0.344487  0.789735  0.432750  0.774725  0.803129  0.443930  0.784630  0.409902  0.559541  0.562329  0.490711  0.571179  0.417418  0.587455  0.422282  0.605073  0.465013  0.478687  0.567502  0.791014  0.591003  0.370724  0.438461  0.736892  0.768318  0.633810  0.517506  0.678114  0.522828  0.380038  0.409407  0.524317  0.478166  0.538819  0.433602  0.679474  0.319737  0.355153  0.516219  0.565117  0.476320  0.382469  0.362360  0.411498  0.573757  0.479806  0.455638  0.885888  0.407302  0.464613  0.398253  0.446151  0.554550  0.440828  0.494372  0.545104  0.563153  0.805500  0.573681  0.470322  0.819955  0.395079  0.415214 
7  0.681016  0.554070  0.578317  0.523068  0.521256  0.418062  0.414427 0.0  0.630693  0.769586  0.363048  0.814850  0.466228  0.739932  0.827654  0.522105  0.807787  0.439806  0.412690  0.593829  0.400981  0.455824  0.376001  0.527913  0.394870  0.475418  0.543238  0.386919  0.472720  0.802687  0.487791  0.447195  0.483797  0.680575  0.822705  0.518686  0.562687  0.687727  0.542961  0.470987  0.499434  0.513800  0.360874  0.510296  0.612851  0.776838  0.476868  0.498703  0.479616  0.526417  0.371602  0.348603  0.332016  0.455408  0.464635  0.540123  0.459669  0.816257  0.524384  0.461402  0.512254  0.528350  0.506044  0.428944  0.528781  0.472654  0.507532  0.701413  0.456030  0.421755  0.878828  0.395959  0.406152 
8  0.701830  0.612163  0.464729  0.454382  0.539233  0.572949  0.488937  0.630693 0.0  0.772097  0.540335  0.768797  0.408432  0.781760  0.898157  0.450767  0.798225  0.477183  0.471143  0.523220  0.546092  0.400138  0.590483  0.482011  0.576455  0.389375  0.476180  0.535446  0.458682  0.769253  0.410402  0.577712  0.560284  0.857532  0.771229  0.441146  0.440470  0.701063  0.570249  0.542868  0.454339  0.521183  0.657041  0.492326  0.526173  0.638789  0.560316  0.547713  0.456399  0.533581  0.458734  0.490604  0.488401  0.554082  0.524357  0.381883  0.493052  0.821714  0.579002  0.552384  0.362849  0.525226  0.551479  0.431847  0.479425  0.423392  0.683414  0.715884  0.525055  0.546506  0.734873  0.500946  0.442178 
9  0.808800  0.679142  0.786869  0.845946  0.782422  0.862760  0.819179  0.769586  0.772097 0.0  0.764446  0.784310  0.813907  0.477032  0.704649  0.783689  0.710700  0.781449  0.884640  0.733128  0.853851  0.827395  0.799965  0.798592  0.924205  0.781659  0.712196  0.741454  0.778357  0.710498  0.782492  0.832436  0.723077  0.858259  0.815279  0.731230  0.693882  0.697413  0.832500  0.705153  0.678214  0.832430  0.795410  0.722790  0.767930  0.851189  0.746427  0.725578  0.787986  0.844926  0.752847  0.789754  0.824434  0.754900  0.808939  0.833924  0.840063  0.737690  0.843121  0.778072  0.758483  0.664705  0.592959  0.812813  0.883684  0.706652  0.716277  0.798136  0.832165  0.816899  0.604083  0.821313  0.825258 
10  0.824997  0.479324  0.600792  0.336024  0.573081  0.507858  0.344487  0.363048  0.540335  0.764446 0.0  0.792069  0.475729  0.724377  0.934543  0.555639  0.755533  0.455485  0.523057  0.512562  0.502598  0.500187  0.282740  0.460620  0.475854  0.469213  0.429691  0.467974  0.483089  0.856008  0.555055  0.434665  0.413717  0.812862  0.775292  0.549286  0.595132  0.671609  0.552778  0.431042  0.543868  0.588199  0.327562  0.449470  0.360588  0.694090  0.385691  0.426979  0.571093  0.596772  0.466713  0.536907  0.418573  0.341719  0.523200  0.499001  0.469916  0.875501  0.467372  0.459613  0.405316  0.521459  0.698875  0.338179  0.413991  0.507662  0.634864  0.759637  0.456227  0.541025  0.834450  0.365954  0.478070 
11  0.763748  0.789525  0.708971  0.738518  0.825377  0.742425  0.789735  0.814850  0.768797  0.784310  0.792069 0.0  0.770146  0.804725  0.821362  0.827670  0.735104  0.828704  0.735135  0.986663  0.760049  0.877733  0.691941  0.779096  0.803278  0.779539  0.775493  0.826296  0.836876  0.803788  0.757785  0.781963  0.716426  0.810392  0.814573  0.943555  0.753659  0.837940  0.839863  0.812662  0.698234  0.599927  0.891375  0.809554  0.818371  0.723328  0.778293  0.750531  0.703710  0.782781  0.729555  0.818802  0.775509  0.826377  0.852336  0.766024  0.832651  0.904763  0.752240  0.746994  0.854796  0.764093  0.746767  0.824959  0.672243  0.815259  0.645126  0.800801  0.717951  0.784882  0.872943  0.757359  0.822387 
12  0.805383  0.558272  0.290591  0.500766  0.509605  0.561572  0.432750  0.466228  0.408432  0.813907  0.475729  0.770146 0.0  0.783511  0.857698  0.456582  0.737028  0.527141  0.543300  0.576428  0.427533  0.356683  0.505790  0.464950  0.543172  0.520304  0.540143  0.487941  0.524406  0.857619  0.439127  0.562718  0.405632  0.886462  0.707317  0.508404  0.344909  0.695577  0.430590  0.543026  0.433433  0.432708  0.458950  0.428713  0.451776  0.709186  0.553813  0.495428  0.427614  0.493198  0.509688  0.442097  0.573594  0.487461  0.536890  0.424519  0.491563  0.768367  0.515980  0.554848  0.412258  0.531493  0.521920  0.495351  0.500420  0.531796  0.590954  0.686407  0.366679  0.474752  0.748101  0.546399  0.408173 
13  0.814621  0.742766  0.775233  0.776930  0.827111  0.840606  0.774725  0.739932  0.781760  0.477032  0.724377  0.804725  0.783511 0.0  0.752623  0.700099  0.732957  0.828421  0.789874  0.694487  0.746150  0.722167  0.684276  0.825502  0.810176  0.728055  0.636695  0.723202  0.793099  0.804363  0.762864  0.837709  0.786517  0.735500  0.770224  0.759690  0.785731  0.832380  0.763004  0.747847  0.709067  0.775097  0.709691  0.840910  0.735275  0.807923  0.778067  0.689937  0.779956  0.767768  0.779707  0.751420  0.684295  0.650489  0.789945  0.743807  0.687434  0.749328  0.887732  0.760312  0.894392  0.735204  0.562857  0.834130  0.668283  0.971731  0.866816  0.723581  0.688585  0.891516  0.843691  0.760518  0.684603 
14  0.475448  0.786159  0.811454  0.768988  0.792396  0.721657  0.803129  0.827654  0.898157  0.704649  0.934543  0.821362  0.857698  0.752623 0.0  0.748592  0.498576  0.844803  0.852639  0.864175  0.818415  0.869375  0.856698  0.819885  0.920009  0.850638  0.896830  0.946283  0.868429  0.666664  0.825477  0.842360  0.811828  0.806852  0.681090  0.821693  0.847516  0.793918  0.747537  0.878130  0.807457  0.752579  0.804766  0.827317  0.713700  0.709972  0.804371  0.942889  0.809749  0.851964  0.858512  0.830270  0.828869  0.904481  0.746025  0.855225  0.812557  0.647236  0.776395  0.850399  0.881432  0.834419  0.619292  0.837383  0.805299  0.839693  0.735949  0.672754  0.806773  0.849950  0.786298  0.934245  0.794360 
15  0.836565  0.617464  0.450219  0.541958  0.352795  0.488524  0.443930  0.522105  0.450767  0.783689  0.555639  0.827670  0.456582  0.700099  0.748592 0.0  0.786033  0.375168  0.533959  0.612108  0.471451  0.609651  0.619416  0.632074  0.515797  0.359099  0.394884  0.532353  0.395285  0.923045  0.476613  0.572103  0.416408  0.805044  0.923168  0.525081  0.454616  0.652463  0.524293  0.414909  0.418134  0.451040  0.672455  0.343928  0.553532  0.767185  0.556205  0.506585  0.453732  0.542713  0.449390  0.491914  0.548036  0.486270  0.543136  0.382400  0.402468  0.842490  0.551261  0.540345  0.433127  0.404290  0.570746  0.445582  0.542427  0.454451  0.633837  0.812473  0.502455  0.532531  0.846064  0.477288  0.487558 
16  0.582743  0.775066  0.717833  0.790068  0.765719  0.736834  0.784630  0.807787  0.798225  0.710700  0.755533  0.735104  0.737028  0.732957  0.498576  0.786033 0.0  0.657826  0.754985  0.758466  0.794561  0.784263  0.723332  0.670662  0.745267  0.803049  0.721429  0.781580  0.716433  0.520711  0.715101  0.805087  0.726230  0.660203  0.669811  0.704685  0.798747  0.778668  0.729915  0.725424  0.813730  0.792929  0.657657  0.697297  0.747052  0.804600  0.771786  0.695778  0.732149  0.707083  0.670958  0.729461  0.715681  0.796516  0.714259  0.698023  0.743810  0.498871  0.754255  0.775944  0.729803  0.704025  0.506398  0.742195  0.787182  0.811383  0.741759  0.684875  0.687976  0.804390  0.797712  0.676532  0.732378 
17  0.859300  0.480898  0.439200  0.482455  0.568559  0.335232  0.409902  0.439806  0.477183  0.781449  0.455485  0.828704  0.527141  0.828421  0.844803  0.375168  0.657826 0.0  0.432816  0.646496  0.446355  0.488895  0.384766  0.465312  0.434337  0.563599  0.550458  0.452622  0.476959  0.700122  0.457386  0.410017  0.337863  0.836481  0.758920  0.537880  0.614433  0.701790  0.403451  0.420969  0.455805  0.441706  0.510560  0.442944  0.478613  0.724210  0.470366  0.463903  0.481528  0.697154  0.433311  0.493124  0.490783  0.439974  0.405684  0.461458  0.311472  0.800544  0.421784  0.458295  0.480763  0.477032  0.588674  0.408376  0.486698  0.475626  0.600930  0.607600  0.549273  0.386201  0.770838  0.450632  0.486273 
18  0.795481  0.572360  0.415603  0.430706  0.532215  0.591893  0.559541  0.412690  0.471143  0.884640  0.523057  0.735135  0.543300  0.789874  0.852639  0.533959  0.754985  0.432816 0.0  0.577713  0.453301  0.460173  0.612576  0.537465  0.519761  0.455971  0.469342  0.520861  0.538756  0.847986  0.409308  0.425363  0.459824  0.773437  0.892891  0.498766  0.437420  0.670051  0.466042  0.557791  0.429101  0.312396  0.583855  0.508846  0.501519  0.790671  0.507818  0.457035  0.348623  0.598333  0.503945  0.498606  0.454423  0.524543  0.503628  0.423279  0.483862  0.700126  0.675971  0.436756  0.432234  0.554505  0.621383  0.465127  0.414846  0.448402  0.600867  0.755428  0.532829  0.513825  0.946234  0.501678  0.334123 
19  0.777669  0.518297  0.581780  0.529351  0.608768  0.633577  0.562329  0.593829  0.523220  0.733128  0.512562  0.986663  0.576428  0.694487  0.864175  0.612108  0.758466  0.646496  0.577713 0.0  0.432995  0.549574  0.591086  0.469371  0.563306  0.602874  0.536137  0.568817  0.605020  0.839702  0.530430  0.543980  0.572716  0.781498  0.697596  0.587533  0.593358  0.708645  0.494732  0.542912  0.663885  0.586153  0.575225  0.547165  0.586155  0.626226  0.668925  0.611780  0.557096  0.349400  0.534475  0.556302  0.588751  0.602922  0.511958  0.569591  0.586231  0.773353  0.618115  0.615732  0.517825  0.537359  0.669407  0.522899  0.485180  0.503730  0.428054  0.668989  0.556763  0.572051  0.770733  0.468384  0.664898 
20  0.864901  0.535948  0.438502  0.455903  0.463180  0.465914  0.490711  0.400981  0.546092  0.853851  0.502598  0.760049  0.427533  0.746150  0.818415  0.471451  0.794561  0.446355  0.453301  0.432995 0.0  0.465282  0.377831  0.377615  0.319830  0.367067  0.413831  0.319260  0.447255  0.739773  0.485514  0.399067  0.521161  0.815707  0.738030  0.476254  0.363856  0.667402  0.427610  0.549029  0.381722  0.434862  0.376663  0.414250  0.337820  0.802823  0.376116  0.416856  0.471658  0.497950  0.537474  0.364451  0.448243  0.374063  0.493896  0.373206  0.437480  0.811794  0.368184  0.443167  0.512752  0.436907  0.544461  0.480381  0.508222  0.382742  0.486009  0.670883  0.445174  0.395259  0.778781  0.456525  0.502126 
21  0.751342  0.500559  0.370920  0.392545  0.456062  0.477390  0.571179  0.455824  0.400138  0.827395  0.500187  0.877733  0.356683  0.722167  0.869375  0.609651  0.784263  0.488895  0.460173  0.549574  0.465282 0.0  0.488011  0.477469  0.617468  0.503553  0.446260  0.524281  0.428973  0.751707  0.444438  0.480304  0.548565  0.854270  0.862696  0.600463  0.434326  0.662840  0.515051  0.499343  0.421514  0.460507  0.464679  0.465835  0.478726  0.839714  0.625407  0.455994  0.451775  0.609619  0.510376  0.393871  0.512579  0.454954  0.459280  0.516999  0.505677  0.905907  0.553181  0.506706  0.392357  0.467131  0.591879  0.486132  0.419150  0.431600  0.490699  0.696191  0.475551  0.518608  0.887067  0.502760  0.483328 
22  0.762363  0.445155  0.645378  0.578822  0.486970  0.444913  0.417418  0.376001  0.590483  0.799965  0.282740  0.691941  0.505790  0.684276  0.856698  0.619416  0.723332  0.384766  0.612576  0.591086  0.377831  0.488011 0.0  0.533235  0.342684  0.519929  0.497144  0.572614  0.577562  0.852934  0.618265  0.472050  0.492082  0.805520  0.809345  0.480646  0.530655  0.727171  0.454529  0.389185  0.463694  0.484402  0.356468  0.527330  0.444503  0.742375  0.427216  0.459344  0.446601  0.608346  0.390283  0.371452  0.442718  0.479816  0.544417  0.562619  0.518244  0.872309  0.376920  0.482015  0.519484  0.454854  0.656927  0.434325  0.500847  0.542439  0.484185  0.656678  0.448831  0.415735  0.814417  0.399901  0.410450 
23  0.752550  0.504218  0.494497  0.541816  0.600527  0.564903  0.587455  0.527913  0.482011  0.798592  0.460620  0.779096  0.464950  0.825502  0.819885  0.632074  0.670662  0.465312  0.537465  0.469371  0.377615  0.477469  0.533235 0.0  0.586280  0.504780  0.553807  0.414785  0.543734  0.814420  0.575463  0.455828  0.492748  0.856221  0.845116  0.453955  0.522018  0.690001  0.488443  0.452746  0.417400  0.541674  0.557512  0.499265  0.420488  0.841462  0.527341  0.409841  0.486635  0.619624  0.425063  0.417264  0.406317  0.521797  0.399627  0.537705  0.440393  0.875929  0.484262  0.515495  0.429016  0.545293  0.686353  0.388140  0.548576  0.603080  0.580950  0.722606  0.572700  0.547986  0.731209  0.409137  0.491423 
24  0.756328  0.490468  0.460349  0.416039  0.555076  0.517340  0.422282  0.394870  0.576455  0.924205  0.475854  0.803278  0.543172  0.810176  0.920009  0.515797  0.745267  0.434337  0.519761  0.563306  0.319830  0.617468  0.342684  0.586280 0.0  0.519218  0.524948  0.392252  0.428803  0.835046  0.450489  0.347955  0.465708  0.851578  0.918327  0.468788  0.455775  0.688078  0.464125  0.396014  0.388545  0.464486  0.423706  0.477711  0.477971  0.797011  0.394884  0.280918  0.467038  0.477751  0.360186  0.340948  0.345411  0.422805  0.480046  0.551786  0.539007  0.820526  0.515305  0.470135  0.455086  0.527721  0.534381  0.389053  0.456097  0.562669  0.617394  0.742308  0.404416  0.447491  0.772152  0.385635  0.453553 
25  0.830088  0.573607  0.431320  0.346560  0.457193  0.588568  0.605073  0.475418  0.389375  0.781659  0.469213  0.779539  0.520304  0.728055  0.850638  0.359099  0.803049  0.563599  0.455971  0.602874  0.367067  0.503553  0.519929  0.504780  0.519218 0.0  0.402047  0.451738  0.492863  0.706682  0.432328  0.594571  0.395735  0.886257  0.798453  0.518629  0.431276  0.668637  0.354321  0.516298  0.407151  0.405428  0.520590  0.422675  0.467121  0.745974  0.544342  0.510723  0.440427  0.603819  0.547638  0.493225  0.499350  0.514258  0.447799  0.469388  0.358036  0.863132  0.487910  0.658428  0.402807  0.486302  0.620645  0.495171  0.416879  0.364684  0.524228  0.808792  0.458834  0.557694  0.793524  0.468359  0.410312 
26  0.699514  0.558246  0.490653  0.448902  0.539002  0.444142  0.465013  0.543238  0.476180  0.712196  0.429691  0.775493  0.540143  0.636695  0.896830  0.394884  0.721429  0.550458  0.469342  0.536137  0.413831  0.446260  0.497144  0.553807  0.524948  0.402047 0.0  0.607436  0.478577  0.812344  0.590685  0.515210  0.546273  0.760934  0.758497  0.510091  0.368178  0.640790  0.403798  0.539644  0.517234  0.381817  0.476199  0.492730  0.558410  0.747332  0.455747  0.436583  0.491395  0.547177  0.506949  0.583855  0.438553  0.547714  0.402317  0.369560  0.445426  0.729793  0.516963  0.579530  0.443341  0.442156  0.553767  0.488243  0.351042  0.556236  0.560263  0.898546  0.475005  0.559266  0.852055  0.562180  0.440483 
27  0.783987  0.506335  0.508457  0.496743  0.525200  0.410910  0.478687  0.386919  0.535446  0.741454  0.467974  0.826296  0.487941  0.723202  0.946283  0.532353  0.781580  0.452622  0.520861  0.568817  0.319260  0.524281  0.572614  0.414785  0.392252  0.451738  0.607436 0.0  0.646412  0.756594  0.498133  0.424590  0.418646  0.787598  0.848302  0.491894  0.463072  0.691575  0.509139  0.440551  0.366555  0.530522  0.308798  0.501321  0.432741  0.683093  0.368052  0.412311  0.495138  0.526310  0.450059  0.453398  0.429839  0.458826  0.464850  0.440128  0.545422  0.800894  0.367556  0.358535  0.459507  0.585571  0.623947  0.439947  0.412797  0.475111  0.434996  0.713303  0.401987  0.352436  0.834785  0.364278  0.487110 
28  0.775217  0.470494  0.420241  0.433880  0.520908  0.505469  0.567502  0.472720  0.458682  0.778357  0.483089  0.836876  0.524406  0.793099  0.868429  0.395285  0.716433  0.476959  0.538756  0.605020  0.447255  0.428973  0.577562  0.543734  0.428803  0.492863  0.478577  0.646412 0.0  0.743088  0.405063  0.508120  0.392556  0.810096  0.783626  0.539016  0.415635  0.775369  0.583138  0.711165  0.510067  0.493030  0.529739  0.442454  0.469026  0.781053  0.481572  0.489471  0.518709  0.615911  0.514252  0.535133  0.514890  0.604576  0.566373  0.381662  0.535573  0.862111  0.542563  0.540893  0.585706  0.384096  0.673026  0.412231  0.479436  0.531781  0.601217  0.676481  0.422404  0.542694  0.786929  0.533652  0.503249 
29  0.408120  0.890137  0.719718  0.726169  0.807070  0.785384  0.791014  0.802687  0.769253  0.710498  0.856008  0.803788  0.857619  0.804363  0.666664  0.923045  0.520711  0.700122  0.847986  0.839702  0.739773  0.751707  0.852934  0.814420  0.835046  0.706682  0.812344  0.756594  0.743088 0.0  0.919446  0.812841  0.873696  0.788322  0.621677  0.860657  0.823829  0.864743  0.796904  0.818613  0.794766  0.696174  0.780411  0.779764  0.877653  0.794721  0.869910  0.789205  0.857230  0.823921  0.863206  0.739648  0.889757  0.887475  0.801798  0.868323  0.732536  0.756626  0.718311  0.846517  0.804702  0.886081  0.694385  0.899482  0.768650  0.916489  0.792115  0.741742  0.741310  0.790023  0.781721  0.787251  0.863428 
30  0.645053  0.448646  0.406948  0.391421  0.479796  0.615083  0.591003  0.487791  0.410402  0.782492  0.555055  0.757785  0.439127  0.762864  0.825477  0.476613  0.715101  0.457386  0.409308  0.530430  0.485514  0.444438  0.618265  0.575463  0.450489  0.432328  0.590685  0.498133  0.405063  0.919446 0.0  0.525680  0.432575  0.899085  0.818381  0.546749  0.344724  0.595582  0.474159  0.535717  0.520573  0.519898  0.488195  0.332907  0.527733  0.697540  0.448182  0.480344  0.397355  0.685104  0.538481  0.556793  0.481970  0.520773  0.470596  0.453705  0.481736  0.779372  0.532942  0.583090  0.484628  0.496958  0.536138  0.514125  0.424594  0.395586  0.639007  0.656233  0.627979  0.527322  0.801710  0.548246  0.398954 
31  0.776256  0.429453  0.449161  0.464006  0.509385  0.435718  0.370724  0.447195  0.577712  0.832436  0.434665  0.781963  0.562718  0.837709  0.842360  0.572103  0.805087  0.410017  0.425363  0.543980  0.399067  0.480304  0.472050  0.455828  0.347955  0.594571  0.515210  0.424590  0.508120  0.812841  0.525680 0.0  0.350551  0.775076  0.807449  0.425624  0.529540  0.673424  0.500138  0.394712  0.533847  0.524725  0.477713  0.500905  0.444478  0.709371  0.493341  0.461279  0.495915  0.554498  0.489867  0.460283  0.487637  0.424148  0.407333  0.455694  0.562918  0.871885  0.386909  0.480074  0.415853  0.575397  0.496595  0.432848  0.428518  0.479890  0.575982  0.674525  0.418294  0.417902  0.835042  0.484865  0.460554 
32  0.703527  0.386559  0.377617  0.563423  0.333881  0.456102  0.438461  0.483797  0.560284  0.723077  0.413717  0.716426  0.405632  0.786517  0.811828  0.416408  0.726230  0.337863  0.459824  0.572716  0.521161  0.548565  0.492082  0.492748  0.465708  0.395735  0.546273  0.418646  0.392556  0.873696  0.432575  0.350551 0.0  0.754763  0.783262  0.543786  0.521690  0.601004  0.449461  0.469103  0.348427  0.532298  0.375382  0.543153  0.524307  0.756620  0.564364  0.425183  0.426799  0.503518  0.552568  0.517393  0.538142  0.442805  0.381762  0.454715  0.667052  0.857756  0.413195  0.428238  0.410853  0.509514  0.752903  0.406464  0.416988  0.454612  0.535141  0.730215  0.488989  0.440008  0.803173  0.404671  0.513244 
33  0.759407  0.807611  0.804682  0.737528  0.735875  0.767420  0.736892  0.680575  0.857532  0.858259  0.812862  0.810392  0.886462  0.735500  0.806852  0.805044  0.660203  0.836481  0.773437  0.781498  0.815707  0.854270  0.805520  0.856221  0.851578  0.886257  0.760934  0.787598  0.810096  0.788322  0.899085  0.775076  0.754763 0.0  0.777952  0.898487  0.822751  0.673038  0.893461  0.811129  0.852227  0.743201  0.723986  0.786158  0.800395  0.818481  0.785290  0.779159  0.682140  0.817389  0.809215  0.723790  0.799287  0.683224  0.858806  0.730020  0.645553  0.814149  0.811665  0.783046  0.737977  0.870472  0.661547  0.784447  0.749278  0.748913  0.766387  0.567455  0.786535  0.746230  0.809657  0.765932  0.819656 
34  0.539190  0.823469  0.827316  0.798723  0.783223  0.901400  0.768318  0.822705  0.771229  0.815279  0.775292  0.814573  0.707317  0.770224  0.681090  0.923168  0.669811  0.758920  0.892891  0.697596  0.738030  0.862696  0.809345  0.845116  0.918327  0.798453  0.758497  0.848302  0.783626  0.621677  0.818381  0.807449  0.783262  0.777952 0.0  0.800327  0.850808  0.854662  0.778027  0.841129  0.821631  0.849791  0.819143  0.890823  0.788219  0.758236  0.781117  0.856319  0.860779  0.798104  0.824635  0.862564  0.840025  0.759303  0.780809  0.744856  0.796189  0.497788  0.747767  0.863452  0.797906  1.000000  0.662483  0.841190  0.825429  0.883416  0.845767  0.694244  0.780213  0.818106  0.819294  0.784772  0.896335 
35  0.764117  0.449020  0.446525  0.478524  0.499069  0.523749  0.633810  0.518686  0.441146  0.731230  0.549286  0.943555  0.508404  0.759690  0.821693  0.525081  0.704685  0.537880  0.498766  0.587533  0.476254  0.600463  0.480646  0.453955  0.468788  0.518629  0.510091  0.491894  0.539016  0.860657  0.546749  0.425624  0.543786  0.898487  0.800327 0.0  0.489050  0.624945  0.536231  0.416902  0.437073  0.600980  0.479320  0.487045  0.376081  0.698754  0.498695  0.510749  0.507112  0.682551  0.557226  0.411258  0.634665  0.543670  0.469623  0.572766  0.529450  0.741246  0.560178  0.500765  0.455846  0.436638  0.506653  0.434069  0.594990  0.483058  0.448730  0.749273  0.530040  0.546243  0.731580  0.371868  0.541447 
36  0.723333  0.459566  0.405826  0.545895  0.518040  0.573782  0.517506  0.562687  0.440470  0.693882  0.595132  0.753659  0.344909  0.785731  0.847516  0.454616  0.798747  0.614433  0.437420  0.593358  0.363856  0.434326  0.530655  0.522018  0.455775  0.431276  0.368178  0.463072  0.415635  0.823829  0.344724  0.529540  0.521690  0.822751  0.850808  0.489050 0.0  0.675542  0.385873  0.389452  0.479781  0.448878  0.566757  0.524401  0.579216  0.843939  0.457479  0.542693  0.441020  0.615873  0.394325  0.445200  0.483482  0.533173  0.494623  0.306105  0.433097  0.754937  0.556679  0.543201  0.451446  0.557936  0.623675  0.511398  0.404044  0.422385  0.473381  0.765054  0.520595  0.587110  0.851715  0.592779  0.403728 
37  0.774329  0.660038  0.667276  0.649050  0.613756  0.661747  0.678114  0.687727  0.701063  0.697413  0.671609  0.837940  0.695577  0.832380  0.793918  0.652463  0.778668  0.701790  0.670051  0.708645  0.667402  0.662840  0.727171  0.690001  0.688078  0.668637  0.640790  0.691575  0.775369  0.864743  0.595582  0.673424  0.601004  0.673038  0.854662  0.624945  0.675542 0.0  0.692791  0.685533  0.691941  0.733410  0.649129  0.805564  0.748825  0.729989  0.726755  0.655389  0.610391  0.652284  0.619689  0.629730  0.597466  0.678598  0.628860  0.731335  0.656049  0.826864  0.755523  0.734420  0.664420  0.659563  0.645293  0.719036  0.662394  0.753041  0.577353  0.755698  0.600359  0.540123  0.820492  0.778485  0.670422 
38  0.803271  0.539635  0.427998  0.515882  0.450389  0.483620  0.522828  0.542961  0.570249  0.832500  0.552778  0.839863  0.430590  0.763004  0.747537  0.524293  0.729915  0.403451  0.466042  0.494732  0.427610  0.515051  0.454529  0.488443  0.464125  0.354321  0.403798  0.509139  0.583138  0.796904  0.474159  0.500138  0.449461  0.893461  0.778027  0.536231  0.385873  0.692791 0.0  0.355914  0.334700  0.454331  0.565488  0.469075  0.506023  0.797467  0.443494  0.520288  0.472228  0.586940  0.405342  0.441917  0.508363  0.527367  0.482965  0.506057  0.536036  0.837781  0.424443  0.544429  0.545426  0.396741  0.665752  0.491651  0.406199  0.356259  0.515648  0.814963  0.491538  0.485716  0.812630  0.542184  0.466326 
39  0.665928  0.356452  0.534452  0.490590  0.513999  0.356317  0.380038  0.470987  0.542868  0.705153  0.431042  0.812662  0.543026  0.747847  0.878130  0.414909  0.725424  0.420969  0.557791  0.542912  0.549029  0.499343  0.389185  0.452746  0.396014  0.516298  0.539644  0.440551  0.711165  0.818613  0.535717  0.394712  0.469103  0.811129  0.841129  0.416902  0.389452  0.685533  0.355914 0.0  0.544446  0.414163  0.309682  0.503891  0.372912  0.746821  0.437678  0.346226  0.433671  0.630326  0.372474  0.320753  0.303364  0.514500  0.391458  0.501765  0.404255  0.861472  0.377628  0.312372  0.462227  0.573307  0.628919  0.473324  0.491254  0.609099  0.533524  0.567704  0.342823  0.402386  0.748034  0.413476  0.487843 
40  0.736383  0.460055  0.428282  0.531088  0.377279  0.529218  0.409407  0.499434  0.454339  0.678214  0.543868  0.698234  0.433433  0.709067  0.807457  0.418134  0.813730  0.455805  0.429101  0.663885  0.381722  0.421514  0.463694  0.417400  0.388545  0.407151  0.517234  0.366555  0.510067  0.794766  0.520573  0.533847  0.348427  0.852227  0.821631  0.437073  0.479781  0.691941  0.334700  0.544446 0.0  0.496727  0.537729  0.396448  0.488045  0.746759  0.491407  0.521050  0.496527  0.585989  0.451242  0.426653  0.480350  0.598724  0.514544  0.408969  0.470771  0.850517  0.442786  0.455769  0.402596  0.441170  0.616739  0.459586  0.497751  0.437159  0.450157  0.660492  0.429073  0.430884  0.723781  0.478305  0.471846 
41  0.695532  0.470993  0.436458  0.438440  0.451422  0.451861  0.524317  0.513800  0.521183  0.832430  0.588199  0.599927  0.432708  0.775097  0.752579  0.451040  0.792929  0.441706  0.312396  0.586153  0.434862  0.460507  0.484402  0.541674  0.464486  0.405428  0.381817  0.530522  0.493030  0.696174  0.519898  0.524725  0.532298  0.743201  0.849791  0.600980  0.448878  0.733410  0.454331  0.414163  0.496727 0.0  0.453551  0.527019  0.446475  0.768448  0.473377  0.534059  0.440828  0.634245  0.414213  0.508434  0.487261  0.549839  0.541123  0.448146  0.396574  0.795869  0.570685  0.433209  0.420705  0.343653  0.616877  0.542634  0.428215  0.414599  0.563965  0.704290  0.519485  0.498962  0.753125  0.562042  0.404399 
42  0.719521  0.462621  0.590625  0.386568  0.550819  0.435005  0.478166  0.360874  0.657041  0.795410  0.327562  0.891375  0.458950  0.709691  0.804766  0.672455  0.657657  0.510560  0.583855  0.575225  0.376663  0.464679  0.356468  0.557512  0.423706  0.520590  0.476199  0.308798  0.529739  0.780411  0.488195  0.477713  0.375382  0.723986  0.819143  0.479320  0.566757  0.649129  0.565488  0.309682  0.537729  0.453551 0.0  0.567628  0.399690  0.751840  0.415936  0.304480  0.499361  0.568447  0.345708  0.418525  0.394952  0.466352  0.446836  0.556078  0.618355  0.860027  0.464140  0.467544  0.451340  0.600244  0.576701  0.409001  0.528799  0.462815  0.627481  0.814212  0.348986  0.366634  0.803446  0.542659  0.484976 
43  0.839128  0.498873  0.467044  0.486552  0.332581  0.486179  0.538819  0.510296  0.492326  0.722790  0.449470  0.809554  0.428713  0.840910  0.827317  0.343928  0.697297  0.442944  0.508846  0.547165  0.414250  0.465835  0.527330  0.499265  0.477711  0.422675  0.492730  0.501321  0.442454  0.779764  0.332907  0.500905  0.543153  0.786158  0.890823  0.487045  0.524401  0.805564  0.469075  0.503891  0.396448  0.527019  0.567628 0.0  0.505003  0.662725  0.514874  0.549556  0.511051  0.513360  0.535227  0.509911  0.357025  0.529137  0.609223  0.463271  0.592076  0.718626  0.559251  0.523702  0.425397  0.453434  0.629219  0.459731  0.478427  0.379047  0.596518  0.717943  0.517984  0.483246  0.872451  0.446026  0.432800 
44  0.729953  0.306995  0.552545  0.512624  0.506322  0.404965  0.433602  0.612851  0.526173  0.767930  0.360588  0.818371  0.451776  0.735275  0.713700  0.553532  0.747052  0.478613  0.501519  0.586155  0.337820  0.478726  0.444503  0.420488  0.477971  0.467121  0.558410  0.432741  0.469026  0.877653  0.527733  0.444478  0.524307  0.800395  0.788219  0.376081  0.579216  0.748825  0.506023  0.372912  0.488045  0.446475  0.399690  0.505003 0.0  0.879065  0.439765  0.385115  0.514368  0.649292  0.450100  0.470320  0.480305  0.566779  0.543196  0.467361  0.494300  0.815458  0.461885  0.345985  0.473612  0.579180  0.536805  0.461676  0.546629  0.536135  0.500769  0.669076  0.408549  0.487397  0.770619  0.561210  0.512721 
45  0.788797  0.763685  0.750106  0.792589  0.854797  0.649446  0.679474  0.776838  0.638789  0.851189  0.694090  0.723328  0.709186  0.807923  0.709972  0.767185  0.804600  0.724210  0.790671  0.626226  0.802823  0.839714  0.742375  0.841462  0.797011  0.745974  0.747332  0.683093  0.781053  0.794721  0.697540  0.709371  0.756620  0.818481  0.758236  0.698754  0.843939  0.729989  0.797467  0.746821  0.746759  0.768448  0.751840  0.662725  0.879065 0.0  0.799695  0.814392  0.844128  0.792434  0.798896  0.823949  0.792145  0.799070  0.748921  0.870345  0.700159  0.826009  0.674338  0.684765  0.768680  0.787956  0.583965  0.785835  0.771980  0.791972  0.733184  0.713040  0.809133  0.669515  0.633917  0.751216  0.849407 
46  0.696875  0.467732  0.469365  0.383198  0.492994  0.356271  0.319737  0.476868  0.560316  0.746427  0.385691  0.778293  0.553813  0.778067  0.804371  0.556205  0.771786  0.470366  0.507818  0.668925  0.376116  0.625407  0.427216  0.527341  0.394884  0.544342  0.455747  0.368052  0.481572  0.869910  0.448182  0.493341  0.564364  0.785290  0.781117  0.498695  0.457479  0.726755  0.443494  0.437678  0.491407  0.473377  0.415936  0.514874  0.439765  0.799695 0.0  0.291785  0.489017  0.581057  0.355740  0.392440  0.425139  0.379929  0.521434  0.518373  0.538583  0.781656  0.504109  0.512026  0.321527  0.466127  0.723824  0.488296  0.479635  0.534774  0.533863  0.660609  0.545193  0.397641  0.782720  0.460723  0.501728 
47  0.779701  0.497606  0.518178  0.503973  0.498726  0.406669  0.355153  0.498703  0.547713  0.725578  0.426979  0.750531  0.495428  0.689937  0.942889  0.506585  0.695778  0.463903  0.457035  0.611780  0.416856  0.455994  0.459344  0.409841  0.280918  0.510723  0.436583  0.412311  0.489471  0.789205  0.480344  0.461279  0.425183  0.779159  0.856319  0.510749  0.542693  0.655389  0.520288  0.346226  0.521050  0.534059  0.304480  0.549556  0.385115  0.814392  0.291785 0.0  0.534122  0.626338  0.366670  0.431705  0.461311  0.399580  0.402479  0.555192  0.527769  0.777376  0.445627  0.488595  0.396311  0.477882  0.590337  0.426727  0.528891  0.495204  0.563452  0.675976  0.445774  0.472714  0.933717  0.370295  0.487651 
48  0.764972  0.383301  0.474162  0.501270  0.534952  0.585197  0.516219  0.479616  0.456399  0.787986  0.571093  0.703710  0.427614  0.779956  0.809749  0.453732  0.732149  0.481528  0.348623  0.557096  0.471658  0.451775  0.446601  0.486635  0.467038  0.440427  0.491395  0.495138  0.518709  0.857230  0.397355  0.495915  0.426799  0.682140  0.860779  0.507112  0.441020  0.610391  0.472228  0.433671  0.496527  0.440828  0.499361  0.511051  0.514368  0.844128  0.489017  0.534122 0.0  0.628528  0.525268  0.677024  0.507599  0.489855  0.578874  0.391713  0.494526  0.806662  0.444556  0.516428  0.355486  0.477741  0.645593  0.574930  0.445650  0.431367  0.644587  0.706848  0.565134  0.500212  0.874609  0.442678  0.515614 
49  0.719940  0.598294  0.430747  0.472231  0.671055  0.671415  0.565117  0.526417  0.533581  0.844926  0.596772  0.782781  0.493198  0.767768  0.851964  0.542713  0.707083  0.697154  0.598333  0.349400  0.497950  0.609619  0.608346  0.619624  0.477751  0.603819  0.547177  0.526310  0.615911  0.823921  0.685104  0.554498  0.503518  0.817389  0.798104  0.682551  0.615873  0.652284  0.586940  0.630326  0.585989  0.634245  0.568447  0.513360  0.649292  0.792434  0.581057  0.626338  0.628528 0.0  0.552021  0.551097  0.621827  0.506441  0.659354  0.597874  0.678516  0.830669  0.547236  0.521274  0.558903  0.523600  0.661018  0.542329  0.481894  0.554742  0.427574  0.722575  0.589603  0.579383  0.749137  0.498414  0.584062 
50  0.696746  0.389248  0.603590  0.463217  0.467251  0.374045  0.476320  0.371602  0.458734  0.752847  0.466713  0.729555  0.509688  0.779707  0.858512  0.449390  0.670958  0.433311  0.503945  0.534475  0.537474  0.510376  0.390283  0.425063  0.360186  0.547638  0.506949  0.450059  0.514252  0.863206  0.538481  0.489867  0.552568  0.809215  0.824635  0.557226  0.394325  0.619689  0.405342  0.372474  0.451242  0.414213  0.345708  0.535227  0.450100  0.798896  0.355740  0.366670  0.525268  0.552021 0.0  0.406809  0.417886  0.520629  0.430639  0.470947  0.496038  0.847731  0.457828  0.430095  0.432576  0.428659  0.709138  0.550268  0.667879  0.506386  0.619166  0.694051  0.366951  0.388635  0.801369  0.499865  0.517412 
51  0.824012  0.372975  0.537725  0.447865  0.554413  0.526585  0.382469  0.348603  0.490604  0.789754  0.536907  0.818802  0.442097  0.751420  0.830270  0.491914  0.729461  0.493124  0.498606  0.556302  0.364451  0.393871  0.371452  0.417264  0.340948  0.493225  0.583855  0.453398  0.535133  0.739648  0.556793  0.460283  0.517393  0.723790  0.862564  0.411258  0.445200  0.629730  0.441917  0.320753  0.426653  0.508434  0.418525  0.509911  0.470320  0.823949  0.392440  0.431705  0.677024  0.551097  0.406809 0.0  0.423321  0.366607  0.481384  0.522451  0.477759  0.726443  0.354300  0.517924  0.396203  0.449110  0.502265  0.357901  0.455582  0.479801  0.555921  0.701004  0.395712  0.341501  0.857083  0.491882  0.508117 
52  0.791908  0.528419  0.449796  0.434676  0.566321  0.457385  0.362360  0.332016  0.488401  0.824434  0.418573  0.775509  0.573594  0.684295  0.828869  0.548036  0.715681  0.490783  0.454423  0.588751  0.448243  0.512579  0.442718  0.406317  0.345411  0.499350  0.438553  0.429839  0.514890  0.889757  0.481970  0.487637  0.538142  0.799287  0.840025  0.634665  0.483482  0.597466  0.508363  0.303364  0.480350  0.487261  0.394952  0.357025  0.480305  0.792145  0.425139  0.461311  0.507599  0.621827  0.417886  0.423321 0.0  0.423321  0.380976  0.458874  0.643022  0.801986  0.408416  0.461637  0.494746  0.583026  0.541780  0.465552  0.546802  0.495611  0.598726  0.744377  0.337766  0.348823  0.870987  0.431134  0.543544 
53  0.726685  0.446265  0.443152  0.532345  0.550459  0.357835  0.411498  0.455408  0.554082  0.754900  0.341719  0.826377  0.487461  0.650489  0.904481  0.486270  0.796516  0.439974  0.524543  0.602922  0.374063  0.454954  0.479816  0.521797  0.422805  0.514258  0.547714  0.458826  0.604576  0.887475  0.520773  0.424148  0.442805  0.683224  0.759303  0.543670  0.533173  0.678598  0.527367  0.514500  0.598724  0.549839  0.466352  0.529137  0.566779  0.799070  0.379929  0.399580  0.489855  0.506441  0.520629  0.366607  0.423321 0.0  0.497917  0.596348  0.495145  0.767548  0.538167  0.484110  0.470550  0.544806  0.609924  0.435738  0.686475  0.493866  0.478175  0.742787  0.477679  0.553939  0.819386  0.420359  0.551599 
