73
0 0.0  0.479958  0.419493  0.856026  0.819122  0.568882  0.626765  0.563870  0.623568  0.393270  0.626097  0.451127  0.524738  0.748161  0.557834  0.616349  0.585031  0.808682  0.769700  0.422470  0.805898  0.478025  0.545077  0.470615  0.904870  0.410575  0.508368  0.412332  0.576777  0.598068  0.377075  0.603071  0.546464  0.589658  0.448938  0.692416  0.814607  0.828937  0.548601  0.574625  0.413324  0.587877  0.442291  0.442535  0.599764  0.482025  0.558645  0.468099  0.376515  0.793408  0.509640  0.459319  0.619724  0.508260  0.523868  0.820612  0.465760  0.516706  0.514827  0.685293  0.563219  0.531427  0.557313  0.437812  0.664169  0.520182  0.784248  0.512821  0.599020  0.511965  0.528634  0.519798  0.531728 
1  0.479958 0.0  0.487958  0.826897  0.857052  0.605055  0.473694  0.497250  0.494045  0.535058  0.518904  0.539348  0.559391  0.751246  0.417446  0.527169  0.476693  0.806376  0.773118  0.389458  0.788819  0.450759  0.436855  0.573651  0.885420  0.431866  0.292966  0.560804  0.565788  0.429218  0.512660  0.477586  0.600680  0.421922  0.403528  0.821557  0.804593  0.821661  0.628493  0.621969  0.580489  0.541889  0.567740  0.555676  0.485359  0.533512  0.625523  0.619652  0.569773  0.793485  0.388891  0.492704  0.653748  0.459714  0.586389  0.810404  0.568558  0.496521  0.622882  0.730084  0.479541  0.491547  0.539992  0.540943  0.423673  0.553022  0.702717  0.465318  0.409668  0.534033  0.429119  0.526527  0.508427 
2  0.419493  0.487958 0.0  0.859229  0.826805  0.530622  0.610397  0.508332  0.530219  0.417071  0.472208  0.439331  0.592834  0.605592  0.530815  0.531144  0.522773  0.828231  0.832708  0.598799  0.798791  0.370237  0.510831  0.527431  0.814706  0.386460  0.560583  0.500017  0.463881  0.461008  0.384172  0.664743  0.591372  0.502631  0.510414  0.614439  0.845192  0.863381  0.680995  0.556472  0.527567  0.675905  0.499886  0.424728  0.623452  0.451405  0.581626  0.472030  0.519693  0.789970  0.448693  0.375251  0.711271  0.494693  0.558704  0.880139  0.463737  0.557051  0.478605  0.703275  0.502782  0.568358  0.583974  0.489339  0.536970  0.571760  0.663923  0.503132  0.452091  0.580759  0.587197  0.479477  0.524040 
3  0.856026  0.826897  0.859229 0.0  0.372149  0.762942  0.825396  0.899206  0.796581  0.953830  0.837166  0.784460  0.839171  0.704214  0.822069  0.771022  0.829423  0.673234  0.560199  0.882183  0.787009  0.808340  0.783511  0.780577  0.865210  0.807349  0.802229  0.864416  0.863979  0.808423  0.806734  0.905837  0.878361  0.714214  0.814131  0.918285  0.784226  0.774857  0.851022  0.851807  0.857880  0.797638  0.820889  0.800257  0.759550  0.876779  0.870711  0.917527  0.857550  0.678438  0.759574  0.805837  0.593854  0.799665  0.792468  0.842962  0.893585  0.978077  0.865725  0.887363  0.846977  0.693216  0.835934  0.823258  0.739587  0.878194  0.751055  0.851579  0.816263  0.888560  0.800768  0.765217  0.744985 
4  0.819122  0.857052  0.826805  0.372149 0.0  0.882301  0.920116  0.849490  0.814909  0.874115  0.960572  0.897835  0.877775  0.615410  0.866054  0.814316  0.743068  0.755688  0.632069  0.792738  0.811464  0.766571  0.687818  0.803346  0.809087  0.785145  0.844439  0.862676  0.794667  0.799422  0.818235  0.772925  0.799580  0.746716  0.794035  0.848175  0.783492  0.851302  0.918722  0.849479  0.745881  0.803644  0.832040  0.910776  0.818299  0.775611  0.931181  0.826592  0.840828  0.598406  0.910861  0.878371  0.638500  0.710680  0.978900  0.790544  0.837128  0.835210  0.849697  0.902446  0.795363  0.685933  0.975558  0.809304  0.842033  0.888228  0.840017  0.762646  0.872759  0.787846  0.820103  0.846128  0.888139 
5  0.568882  0.605055  0.530622  0.762942  0.882301 0.0  0.414494  0.471287  0.530956  0.283272  0.506143  0.483911  0.553402  0.671648  0.571858  0.448200  0.539793  0.677329  0.862308  0.582406  0.889128  0.413050  0.558266  0.435251  0.804005  0.467883  0.619692  0.429444  0.482182  0.559927  0.406816  0.477353  0.430797  0.572316  0.451388  0.660684  0.814859  0.827414  0.574054  0.579481  0.544508  0.559545  0.565064  0.433406  0.577359  0.461701  0.545101  0.494154  0.529089  0.830263  0.478322  0.616788  0.675063  0.397469  0.539063  0.735950  0.343646  0.536670  0.526537  0.810515  0.453530  0.537736  0.526447  0.415747  0.524684  0.523059  0.821925  0.515151  0.541980  0.531555  0.433813  0.528957  0.509008 
6  0.626765  0.473694  0.610397  0.825396  0.920116  0.414494 0.0  0.485632  0.490706  0.517051  0.580242  0.381382  0.568303  0.617071  0.597511  0.439413  0.433386  0.776213  0.901294  0.650971  0.798910  0.506881  0.550304  0.564604  0.860816  0.524212  0.523422  0.504789  0.563592  0.495994  0.501415  0.517767  0.605433  0.508996  0.382081  0.544539  0.830295  0.944897  0.583972  0.610280  0.539568  0.517736  0.459043  0.498861  0.594885  0.560453  0.681456  0.522063  0.520196  0.754493  0.566987  0.505688  0.626046  0.358924  0.627855  0.749612  0.451880  0.631664  0.501568  0.706415  0.551955  0.638763  0.588673  0.602206  0.562545  0.600015  0.680380  0.551362  0.548518  0.603361  0.498652  0.610221  0.462322 
7  0.563870  0.497250  0.508332  0.899206  0.849490  0.471287  0.485632 0.0  0.403771  0.499695  0.451737  0.586376  0.494508  0.738967  0.490729  0.434805  0.532353  0.818746  0.872923  0.452634  0.816643  0.521393  0.455343  0.477780  0.893852  0.415411  0.430013  0.546802  0.618955  0.427064  0.549366  0.410068  0.457102  0.542333  0.445908  0.645385  0.796846  0.817777  0.554318  0.620461  0.502250  0.640793  0.574257  0.588272  0.377329  0.628898  0.734499  0.429501  0.635768  0.768525  0.500500  0.451549  0.661502  0.555094  0.508983  0.778204  0.593879  0.473000  0.512559  0.759384  0.398548  0.470871  0.517232  0.535860  0.415372  0.448255  0.657064  0.540421  0.304958  0.544465  0.444264  0.480071  0.542124 
8  0.623568  0.494045  0.530219  0.796581  0.814909  0.530956  0.490706  0.403771 0.0  0.570216  0.395495  0.491112  0.476828  0.815166  0.512706  0.500785  0.574518  0.767269  0.830753  0.500719  0.869093  0.570173  0.517456  0.581004  0.774502  0.459367  0.341895  0.589045  0.627879  0.404957  0.572056  0.435109  0.411378  0.551493  0.486147  0.627728  0.742512  0.838725  0.634632  0.633489  0.476330  0.472287  0.665308  0.592129  0.523923  0.572766  0.659612  0.513063  0.534678  0.832520  0.516726  0.594877  0.586242  0.609951  0.548363  0.869771  0.560996  0.357185  0.429222  0.767721  0.409637  0.490303  0.475041  0.506098  0.452593  0.486156  0.719841  0.537292  0.348584  0.369244  0.465068  0.428608  0.518420 
9  0.393270  0.535058  0.417071  0.953830  0.874115  0.283272  0.517051  0.499695  0.570216 0.0  0.517149  0.477782  0.527062  0.712290  0.530225  0.647666  0.522261  0.821920  0.819747  0.702639  0.865313  0.421310  0.479843  0.372804  0.888712  0.378730  0.567940  0.456017  0.624892  0.462095  0.311392  0.534011  0.619987  0.569646  0.516641  0.642380  0.774593  0.771481  0.638309  0.618133  0.596454  0.606526  0.580948  0.369988  0.555342  0.300419  0.644620  0.502932  0.354115  0.920227  0.468665  0.437606  0.691245  0.505806  0.486377  0.852111  0.457330  0.515429  0.520842  0.703415  0.474961  0.570332  0.477187  0.481128  0.528648  0.541021  0.727183  0.542156  0.610921  0.477743  0.513601  0.423410  0.524001 
10  0.626097  0.518904  0.472208  0.837166  0.960572  0.506143  0.580242  0.451737  0.395495  0.517149 0.0  0.515221  0.542173  0.717352  0.529287  0.465347  0.502498  0.846593  0.777149  0.481180  0.905784  0.640562  0.529647  0.509439  0.909848  0.403931  0.461822  0.601762  0.635071  0.394200  0.523641  0.503215  0.464518  0.533176  0.422458  0.661384  0.843289  0.845200  0.603185  0.585033  0.576125  0.698209  0.527929  0.589622  0.497787  0.529350  0.666969  0.669358  0.482142  0.794981  0.505427  0.552084  0.717600  0.509452  0.509880  0.855695  0.550356  0.450321  0.539878  0.746078  0.444194  0.508380  0.577817  0.479739  0.389982  0.470342  0.770212  0.482637  0.418320  0.467086  0.619499  0.499732  0.589534 
11  0.451127  0.539348  0.439331  0.784460  0.897835  0.483911  0.381382  0.586376  0.491112  0.477782  0.515221 0.0  0.628105  0.767332  0.543860  0.501597  0.479525  0.857001  0.814633  0.472586  0.889483  0.447866  0.480816  0.471852  0.795975  0.495283  0.608599  0.468222  0.522289  0.518469  0.435998  0.491849  0.550411  0.507001  0.547753  0.644236  0.805281  0.816280  0.629300  0.642549  0.556696  0.618523  0.493179  0.469477  0.537588  0.476734  0.724373  0.334346  0.480105  0.711155  0.394954  0.553955  0.581438  0.459507  0.541578  0.783339  0.451067  0.616554  0.618923  0.702221  0.447973  0.636655  0.522355  0.511831  0.512161  0.594615  0.808000  0.259222  0.563840  0.480024  0.604125  0.512309  0.407854 
12  0.524738  0.559391  0.592834  0.839171  0.877775  0.553402  0.568303  0.494508  0.476828  0.527062  0.542173  0.628105 0.0  0.805842  0.629156  0.423803  0.480007  0.782251  0.855350  0.467218  0.748355  0.525734  0.603948  0.511723  0.826357  0.433818  0.630491  0.583439  0.540142  0.488515  0.480824  0.591485  0.558517  0.539776  0.393191  0.549318  0.763130  0.870702  0.715029  0.589218  0.430326  0.656013  0.489350  0.599836  0.541925  0.427673  0.644088  0.587217  0.499849  0.836267  0.556676  0.522847  0.656430  0.500838  0.575235  0.798523  0.473777  0.579058  0.308349  0.819168  0.626275  0.546550  0.500594  0.465344  0.547377  0.480152  0.649528  0.596807  0.499924  0.481158  0.521838  0.571122  0.507346 
13  0.748161  0.751246  0.605592  0.704214  0.615410  0.671648  0.617071  0.738967  0.815166  0.712290  0.717352  0.767332  0.805842 0.0  0.680018  0.825019  0.776821  0.717960  0.678804  0.742567  0.757543  0.632179  0.775448  0.732544  0.777604  0.720855  0.713576  0.715885  0.650979  0.795488  0.781473  0.704064  0.732224  0.685009  0.632512  0.804339  0.779227  0.697060  0.635584  0.677356  0.682045  0.786542  0.747323  0.714668  0.683299  0.766175  0.733429  0.677891  0.699769  0.855224  0.721127  0.809792  0.681265  0.763853  0.755651  0.704425  0.709275  0.668639  0.794278  0.742137  0.743498  0.756568  0.776400  0.801766  0.712492  0.815700  0.628230  0.841121  0.719626  0.777030  0.755317  0.670211  0.789160 
14  0.557834  0.417446  0.530815  0.822069  0.866054  0.571858  0.597511  0.490729  0.512706  0.530225  0.529287  0.543860  0.629156  0.680018 0.0  0.513107  0.558304  0.742171  0.764085  0.440396  0.949406  0.631238  0.460492  0.514943  0.883802  0.473871  0.556672  0.518693  0.611990  0.479889  0.603701  0.495384  0.413548  0.534708  0.572485  0.593250  0.797533  0.927215  0.724274  0.528543  0.649772  0.573863  0.502994  0.534061  0.374683  0.533587  0.683141  0.486783  0.521488  0.841020  0.467917  0.571230  0.562783  0.682536  0.643317  0.859370  0.616750  0.488152  0.549862  0.741766  0.436618  0.574257  0.421043  0.507355  0.361017  0.463702  0.673899  0.513513  0.401172  0.342115  0.519211  0.474557  0.616724 
15  0.616349  0.527169  0.531144  0.771022  0.814316  0.448200  0.439413  0.434805  0.500785  0.647666  0.465347  0.501597  0.423803  0.825019  0.513107 0.0  0.607215  0.785876  0.898600  0.431937  0.877076  0.572979  0.459097  0.644284  0.758547  0.500645  0.456835  0.466624  0.686778  0.420826  0.433064  0.585714  0.500181  0.516116  0.547487  0.633771  0.826259  0.860154  0.568599  0.649614  0.584124  0.508442  0.498744  0.581692  0.566286  0.628258  0.695389  0.553308  0.554249  0.719475  0.421620  0.533854  0.584397  0.548835  0.545561  0.777530  0.543611  0.471664  0.617114  0.689326  0.439992  0.541148  0.605856  0.619931  0.374737  0.497716  0.598803  0.556006  0.424429  0.401292  0.412210  0.436816  0.591082 
16  0.585031  0.476693  0.522773  0.829423  0.743068  0.539793  0.433386  0.532353  0.574518  0.522261  0.502498  0.479525  0.480007  0.776821  0.558304  0.607215 0.0  0.755760  0.795382  0.502325  0.770921  0.524296  0.590813  0.426874  0.794062  0.361344  0.590740  0.280278  0.530576  0.623826  0.541259  0.505966  0.548504  0.425961  0.496898  0.618862  0.871178  0.790910  0.597770  0.575255  0.546348  0.507044  0.354119  0.515991  0.573186  0.414444  0.689318  0.397593  0.400212  0.861077  0.488246  0.498243  0.651405  0.466554  0.594902  0.758186  0.422389  0.452762  0.467826  0.897969  0.557497  0.549591  0.528125  0.423143  0.432901  0.594083  0.718087  0.460667  0.518505  0.543070  0.548097  0.562844  0.337110 
17  0.808682  0.806376  0.828231  0.673234  0.755688  0.677329  0.776213  0.818746  0.767269  0.821920  0.846593  0.857001  0.782251  0.717960  0.742171  0.785876  0.755760 0.0  0.780339  0.804946  0.819715  0.878279  0.731219  0.757541  0.909754  0.792611  0.767836  0.795510  0.844188  0.809712  0.750146  0.792494  0.817799  0.728736  0.878608  0.729814  0.777754  0.768714  0.797940  0.836082  0.875398  0.775093  0.735654  0.815346  0.807849  0.823134  0.859766  0.814576  0.844084  0.744229  0.857421  0.717273  0.505604  0.866893  0.734127  0.727512  0.758673  0.703664  0.808140  0.903203  0.925307  0.742316  0.792171  0.777271  0.749458  0.761428  0.779043  0.871490  0.634503  0.867376  0.751326  0.809831  0.836585 
18  0.769700  0.773118  0.832708  0.560199  0.632069  0.862308  0.901294  0.872923  0.830753  0.819747  0.777149  0.814633  0.855350  0.678804  0.764085  0.898600  0.795382  0.780339 0.0  0.698002  0.802954  0.800177  0.851005  0.817888  0.795548  0.808739  0.810377  0.690476  0.782196  0.854807  0.785680  0.913799  0.895790  0.782889  0.768810  0.775048  0.746929  0.822043  0.738084  0.839505  0.836977  0.742788  0.825450  0.709767  0.764525  0.804864  0.795923  0.823914  0.762625  0.429691  0.795174  0.761594  0.607470  0.773055  0.862867  0.744119  0.708569  0.828268  0.793659  0.797947  0.783933  0.718529  0.731374  0.787115  0.832074  0.826129  0.815413  0.786594  0.745054  0.842036  0.804051  0.730887  0.745539 
19  0.422470  0.389458  0.598799  0.882183  0.792738  0.582406  0.650971  0.452634  0.500719  0.702639  0.481180  0.472586  0.467218  0.742567  0.440396  0.431937  0.502325  0.804946  0.698002 0.0  0.837975  0.584400  0.535283  0.515789  0.920617  0.513826  0.493549  0.578540  0.639713  0.449730  0.507386  0.529059  0.490196  0.545629  0.521457  0.555128  0.789833  0.857532  0.634252  0.528576  0.533737  0.594567  0.624236  0.540649  0.502146  0.636098  0.680747  0.522329  0.623934  0.857594  0.421567  0.417347  0.571498  0.569591  0.552747  0.830208  0.610479  0.418659  0.629037  0.763670  0.448429  0.578424  0.549141  0.480172  0.635344  0.409947  0.698456  0.602983  0.416539  0.472212  0.419650  0.433797  0.492660 
20  0.805898  0.788819  0.798791  0.787009  0.811464  0.889128  0.798910  0.816643  0.869093  0.865313  0.905784  0.889483  0.748355  0.757543  0.949406  0.877076  0.770921  0.819715  0.802954  0.837975 0.0  0.773186  0.996638  0.853342  0.557474  0.776998  0.909187  0.829373  0.694425  0.897210  0.821379  0.853232  0.918043  0.636322  0.750549  0.800943  0.624995  0.867533  0.842203  0.774762  0.845424  0.846199  0.834976  0.830745  0.794583  0.958844  0.781598  0.891139  0.774212  0.784721  0.935311  0.855323  0.528699  0.810495  0.776712  0.742856  0.878606  0.870203  0.896719  0.834518  0.845336  0.713978  0.848593  0.875548  0.882609  0.909729  0.857502  0.847956  0.739130  0.904855  0.917797  0.881035  0.863367 
21  0.478025  0.450759  0.370237  0.808340  0.766571  0.413050  0.506881  0.521393  0.570173  0.421310  0.640562  0.447866  0.525734  0.632179  0.631238  0.572979  0.524296  0.878279  0.800177  0.584400  0.773186 0.0  0.574781  0.493985  0.946001  0.395280  0.427331  0.425453  0.527671  0.488637  0.490905  0.579571  0.578322  0.554590  0.491742  0.547488  0.774869  0.878508  0.631907  0.580715  0.547845  0.552440  0.425854  0.452492  0.490567  0.434896  0.603893  0.357242  0.535890  0.882300  0.644018  0.545874  0.628077  0.386597  0.680276  0.773152  0.527555  0.468369  0.491172  0.733643  0.568501  0.606036  0.483204  0.491292  0.428998  0.567348  0.701685  0.485294  0.470421  0.659645  0.592486  0.543913  0.545748 
22  0.545077  0.436855  0.510831  0.783511  0.687818  0.558266  0.550304  0.455343  0.517456  0.479843  0.529647  0.480816  0.603948  0.775448  0.460492  0.459097  0.590813  0.731219  0.851005  0.535283  0.996638  0.574781 0.0  0.570502  0.708259  0.443818  0.475468  0.611333  0.582471  0.518908  0.609516  0.358758  0.490698  0.547462  0.472407  0.659385  0.711113  0.932647  0.651351  0.640459  0.595485  0.568260  0.595895  0.420914  0.446181  0.591494  0.714000  0.566439  0.647323  0.871607  0.295156  0.517721  0.647801  0.512147  0.515406  0.835197  0.478298  0.359390  0.452189  0.770272  0.527626  0.544815  0.522215  0.456551  0.445648  0.455937  0.671516  0.540847  0.395019  0.347418  0.410472  0.427283  0.591371 
23  0.470615  0.573651  0.527431  0.780577  0.803346  0.435251  0.564604  0.477780  0.581004  0.372804  0.509439  0.471852  0.511723  0.732544  0.514943  0.644284  0.426874  0.757541  0.817888  0.515789  0.853342  0.493985  0.570502 0.0  0.940855  0.633016  0.582787  0.372957  0.760225  0.568908  0.509500  0.557122  0.425957  0.513541  0.502707  0.663364  0.807653  0.757321  0.695075  0.556348  0.573900  0.605873  0.440231  0.494706  0.524497  0.492260  0.644169  0.445294  0.531154  0.738281  0.629108  0.455685  0.698826  0.464280  0.521190  0.718594  0.482807  0.592580  0.532186  0.732248  0.392134  0.627839  0.527873  0.508636  0.577681  0.590238  0.750899  0.429719  0.563443  0.566889  0.624209  0.561364  0.395266 
24  0.904870  0.885420  0.814706  0.865210  0.809087  0.804005  0.860816  0.893852  0.774502  0.888712  0.909848  0.795975  0.826357  0.777604  0.883802  0.758547  0.794062  0.909754  0.795548  0.920617  0.557474  0.946001  0.708259  0.940855 0.0  0.944935  0.766667  0.936343  0.860816  0.910735  0.864674  0.855165  0.805640  0.707494  0.800492  0.799533  0.517953  0.892599  0.903752  0.820076  0.863441  0.899507  0.779211  0.773459  0.878589  0.884786  0.909067  0.968542  0.774147  0.767439  0.739528  0.778515  0.659743  0.780548  0.835145  0.785664  0.880123  0.817354  0.875442  0.854049  0.848491  0.715101  0.931894  0.950582  0.856716  0.943004  0.874252  0.861886  0.904510  0.997749  0.795445  0.882777  0.980435 
25  0.410575  0.431866  0.386460  0.807349  0.785145  0.467883  0.524212  0.415411  0.459367  0.378730  0.403931  0.495283  0.433818  0.720855  0.473871  0.500645  0.361344  0.792611  0.808739  0.513826  0.776998  0.395280  0.443818  0.633016  0.944935 0.0  0.388239  0.496996  0.613955  0.444537  0.509129  0.426649  0.452627  0.604964  0.471204  0.680398  0.878318  0.713163  0.419295  0.535492  0.434890  0.520292  0.438985  0.433791  0.479950  0.358711  0.637243  0.478968  0.468132  0.860780  0.414311  0.522535  0.577881  0.487317  0.517082  0.806583  0.444567  0.368247  0.514533  0.686214  0.418015  0.450923  0.509321  0.431152  0.388428  0.428189  0.700951  0.372239  0.485421  0.431888  0.492674  0.496130  0.560054 
26  0.508368  0.292966  0.560583  0.802229  0.844439  0.619692  0.523422  0.430013  0.341895  0.567940  0.461822  0.608599  0.630491  0.713576  0.556672  0.456835  0.590740  0.767836  0.810377  0.493549  0.909187  0.427331  0.475468  0.582787  0.766667  0.388239 0.0  0.592793  0.703715  0.424684  0.607922  0.495045  0.476094  0.549192  0.496484  0.608400  0.743405  0.786656  0.662064  0.531799  0.551990  0.527130  0.504395  0.665432  0.536150  0.488841  0.631999  0.441398  0.604383  0.839955  0.451538  0.531442  0.712263  0.565579  0.537438  0.807435  0.563724  0.375264  0.495431  0.744195  0.460916  0.461818  0.554887  0.464416  0.385922  0.327583  0.756560  0.498148  0.437551  0.378661  0.416470  0.478153  0.478137 
27  0.412332  0.560804  0.500017  0.864416  0.862676  0.429444  0.504789  0.546802  0.589045  0.456017  0.601762  0.468222  0.583439  0.715885  0.518693  0.466624  0.280278  0.795510  0.690476  0.578540  0.829373  0.425453  0.611333  0.372957  0.936343  0.496996  0.592793 0.0  0.558690  0.450567  0.511594  0.612504  0.575311  0.532763  0.446856  0.608006  0.884405  0.880661  0.553772  0.632180  0.539564  0.460011  0.388910  0.419198  0.627454  0.488686  0.720435  0.479656  0.476033  0.753837  0.551677  0.538489  0.615415  0.561788  0.531833  0.798003  0.578047  0.571435  0.592542  0.676328  0.598083  0.527371  0.562116  0.421322  0.573592  0.545842  0.714793  0.426700  0.561212  0.570944  0.641795  0.563156  0.440334 
28  0.576777  0.565788  0.463881  0.863979  0.794667  0.482182  0.563592  0.618955  0.627879  0.624892  0.635071  0.522289  0.540142  0.650979  0.611990  0.686778  0.530576  0.844188  0.782196  0.639713  0.694425  0.527671  0.582471  0.760225  0.860816  0.613955  0.703715  0.558690 0.0  0.640157  0.609564  0.533506  0.705993  0.629350  0.616351  0.311407  0.829059  0.784412  0.643702  0.585726  0.622179  0.543657  0.603832  0.550333  0.591531  0.583970  0.513835  0.590671  0.614440  0.750251  0.578053  0.674834  0.660480  0.575925  0.563167  0.762794  0.640382  0.634940  0.488781  0.606586  0.635012  0.602178  0.559259  0.623190  0.586500  0.672485  0.579582  0.698843  0.604421  0.613630  0.679838  0.587951  0.505998 
29  0.598068  0.429218  0.461008  0.808423  0.799422  0.559927  0.495994  0.427064  0.404957  0.462095  0.394200  0.518469  0.488515  0.795488  0.479889  0.420826  0.623826  0.809712  0.854807  0.449730  0.897210  0.488637  0.518908  0.568908  0.910735  0.444537  0.424684  0.450567  0.640157 0.0  0.482239  0.389708  0.538600  0.624091  0.532018  0.544672  0.858027  0.790543  0.562443  0.605722  0.585062  0.608914  0.642707  0.409308  0.562494  0.520525  0.575753  0.575769  0.448033  0.896667  0.377203  0.573797  0.552896  0.467524  0.481852  0.786919  0.450349  0.463696  0.511218  0.760318  0.415647  0.583815  0.544173  0.454213  0.435881  0.479768  0.586794  0.527482  0.378428  0.374022  0.433383  0.477052  0.575299 
30  0.377075  0.512660  0.384172  0.806734  0.818235  0.406816  0.501415  0.549366  0.572056  0.311392  0.523641  0.435998  0.480824  0.781473  0.603701  0.433064  0.541259  0.750146  0.785680  0.507386  0.821379  0.490905  0.609516  0.509500  0.864674  0.509129  0.607922  0.511594  0.609564  0.482239 0.0  0.470236  0.544976  0.601352  0.461758  0.585148  0.823404  0.854418  0.549911  0.594046  0.524218  0.601971  0.465597  0.535657  0.521340  0.470161  0.779343  0.425992  0.444413  0.894636  0.659665  0.405497  0.508435  0.513465  0.493317  0.645013  0.426073  0.640905  0.450799  0.717068  0.609471  0.485317  0.378192  0.480774  0.491859  0.562985  0.601445  0.573399  0.485259  0.531157  0.554489  0.595623  0.583390 
31  0.603071  0.477586  0.664743  0.905837  0.772925  0.477353  0.517767  0.410068  0.435109  0.534011  0.503215  0.491849  0.591485  0.704064  0.495384  0.585714  0.505966  0.792494  0.913799  0.529059  0.853232  0.579571  0.358758  0.557122  0.855165  0.426649  0.495045  0.612504  0.533506  0.389708  0.470236 0.0  0.424953  0.591040  0.389467  0.605238  0.757696  0.814867  0.625922  0.629480  0.467511  0.544392  0.517772  0.476066  0.516766  0.487765  0.631489  0.616466  0.551827  0.850483  0.517706  0.470891  0.639053  0.600798  0.456599  0.918683  0.602640  0.484212  0.486867  0.739200  0.391824  0.536287  0.536666  0.469024  0.500274  0.400258  0.783640  0.517312  0.498869  0.418832  0.317050  0.481541  0.474365 
32  0.546464  0.600680  0.591372  0.878361  0.799580  0.430797  0.605433  0.457102  0.411378  0.619987  0.464518  0.550411  0.558517  0.732224  0.413548  0.500181  0.548504  0.817799  0.895790  0.490196  0.918043  0.578322  0.490698  0.425957  0.805640  0.452627  0.476094  0.575311  0.705993  0.538600  0.544976  0.424953 0.0  0.476472  0.413663  0.635792  0.769464  0.894052  0.569584  0.603889  0.469654  0.570355  0.627671  0.534981  0.485322  0.559967  0.650514  0.595253  0.516620  0.797314  0.453276  0.475352  0.628625  0.517571  0.557914  0.813059  0.541287  0.420948  0.553103  0.705943  0.461545  0.635241  0.537691  0.581983  0.378849  0.521694  0.659642  0.491508  0.392449  0.502223  0.463150  0.462771  0.646979 
33  0.589658  0.421922  0.502631  0.714214  0.746716  0.572316  0.508996  0.542333  0.551493  0.569646  0.533176  0.507001  0.539776  0.685009  0.534708  0.516116  0.425961  0.728736  0.782889  0.545629  0.636322  0.554590  0.547462  0.513541  0.707494  0.604964  0.549192  0.532763  0.629350  0.624091  0.601352  0.591040  0.476472 0.0  0.609136  0.456578  0.811876  0.624709  0.643026  0.521614  0.583184  0.522428  0.642639  0.508464  0.556782  0.573186  0.551658  0.552559  0.539220  0.540852  0.462799  0.611763  0.576687  0.546773  0.601666  0.785790  0.617910  0.484436  0.552102  0.574909  0.642005  0.335784  0.476366  0.547241  0.561894  0.495721  0.518519  0.531203  0.599479  0.670874  0.505311  0.503755  0.376113 
34  0.448938  0.403528  0.510414  0.814131  0.794035  0.451388  0.382081  0.445908  0.486147  0.516641  0.422458  0.547753  0.393191  0.632512  0.572485  0.547487  0.496898  0.878608  0.768810  0.521457  0.750549  0.491742  0.472407  0.502707  0.800492  0.471204  0.496484  0.446856  0.616351  0.532018  0.461758  0.389467  0.413663  0.609136 0.0  0.493716  0.806392  0.946584  0.459957  0.589737  0.480873  0.545412  0.344417  0.476943  0.477760  0.454846  0.623527  0.455866  0.449871  0.857257  0.437615  0.548402  0.711504  0.521831  0.555051  0.743592  0.463328  0.464029  0.492902  0.628824  0.505395  0.525786  0.370822  0.431221  0.423685  0.531717  0.627108  0.399908  0.547017  0.498348  0.389706  0.514825  0.475325 
35  0.692416  0.821557  0.614439  0.918285  0.848175  0.660684  0.544539  0.645385  0.627728  0.642380  0.661384  0.644236  0.549318  0.804339  0.593250  0.633771  0.618862  0.729814  0.775048  0.555128  0.800943  0.547488  0.659385  0.663364  0.799533  0.680398  0.608400  0.608006  0.311407  0.544672  0.585148  0.605238  0.635792  0.456578  0.493716 0.0  0.809776  0.833498  0.590295  0.583953  0.546279  0.621889  0.635252  0.572973  0.655134  0.661528  0.457474  0.523540  0.675526  0.834868  0.591263  0.687870  0.672939  0.583644  0.617408  0.799489  0.628784  0.557816  0.505484  0.566760  0.623178  0.533468  0.639039  0.607294  0.688245  0.703697  0.670006  0.626422  0.700275  0.619813  0.585432  0.517221  0.638760 
36  0.814607  0.804593  0.845192  0.784226  0.783492  0.814859  0.830295  0.796846  0.742512  0.774593  0.843289  0.805281  0.763130  0.779227  0.797533  0.826259  0.871178  0.777754  0.746929  0.789833  0.624995  0.774869  0.711113  0.807653  0.517953  0.878318  0.743405  0.884405  0.829059  0.858027  0.823404  0.757696  0.769464  0.811876  0.806392  0.809776 0.0  0.834501  0.784125  0.742558  0.794558  0.899218  0.791781  0.861373  0.702196  0.780941  0.667171  0.691568  0.654752  0.757304  0.771282  0.777780  0.529091  0.891421  0.800723  0.849364  0.761936  0.820773  0.830250  0.883401  0.875778  0.763395  0.848064  0.802423  0.832675  0.752593  0.808238  0.846721  0.755736  0.905295  0.851705  0.804085  0.738743 
37  0.828937  0.821661  0.863381  0.774857  0.851302  0.827414  0.944897  0.817777  0.838725  0.771481  0.845200  0.816280  0.870702  0.697060  0.927215  0.860154  0.790910  0.768714  0.822043  0.857532  0.867533  0.878508  0.932647  0.757321  0.892599  0.713163  0.786656  0.880661  0.784412  0.790543  0.854418  0.814867  0.894052  0.624709  0.946584  0.833498  0.834501 0.0  0.801610  0.857017  0.933143  0.698692  0.964924  0.825443  0.723416  0.791631  0.882090  0.909699  0.818134  0.848352  0.674213  0.858562  0.615405  0.874657  0.740753  0.859065  0.741805  0.931977  0.861961  0.886138  1.000000  0.766505  0.830124  0.831609  0.769078  0.819136  0.799793  0.811061  0.933612  0.793119  0.904153  0.782867  0.776290 
38  0.548601  0.628493  0.680995  0.851022  0.918722  0.574054  0.583972  0.554318  0.634632  0.638309  0.603185  0.629300  0.715029  0.635584  0.724274  0.568599  0.597770  0.797940  0.738084  0.634252  0.842203  0.631907  0.651351  0.695075  0.903752  0.419295  0.662064  0.553772  0.643702  0.562443  0.549911  0.625922  0.569584  0.643026  0.459957  0.590295  0.784125  0.801610 0.0  0.343983  0.641328  0.508240  0.678139  0.552822  0.617096  0.539699  0.686695  0.567085  0.637103  0.752165  0.601348  0.608110  0.644042  0.545702  0.543518  0.871878  0.637044  0.558235  0.559747  0.623006  0.556834  0.507734  0.698539  0.568385  0.532056  0.623998  0.740605  0.548775  0.704778  0.531074  0.557186  0.519334  0.705419 
39  0.574625  0.621969  0.556472  0.851807  0.849479  0.579481  0.610280  0.620461  0.633489  0.618133  0.585033  0.642549  0.589218  0.677356  0.528543  0.649614  0.575255  0.836082  0.839505  0.528576  0.774762  0.580715  0.640459  0.556348  0.820076  0.535492  0.531799  0.632180  0.585726  0.605722  0.594046  0.629480  0.603889  0.521614  0.589737  0.583953  0.742558  0.857017  0.343983 0.0  0.644110  0.443831  0.649477  0.584215  0.669692  0.659916  0.642428  0.672715  0.584271  0.780595  0.605637  0.719678  0.542490  0.609308  0.438983  0.827115  0.560120  0.622098  0.565832  0.793663  0.659531  0.504888  0.535913  0.659440  0.589108  0.676224  0.578695  0.601374  0.619103  0.515851  0.641913  0.548361  0.557339 
40  0.413324  0.580489  0.527567  0.857880  0.745881  0.544508  0.539568  0.502250  0.476330  0.596454  0.576125  0.556696  0.430326  0.682045  0.649772  0.584124  0.546348  0.875398  0.836977  0.533737  0.845424  0.547845  0.595485  0.573900  0.863441  0.434890  0.551990  0.539564  0.622179  0.585062  0.524218  0.467511  0.469654  0.583184  0.480873  0.546279  0.794558  0.933143  0.641328  0.644110 0.0  0.578037  0.490184  0.529958  0.513876  0.494083  0.732043  0.513672  0.559955  0.751918  0.511949  0.450671  0.595597  0.522586  0.503509  0.747129  0.416376  0.454734  0.379907  0.633976  0.481323  0.552404  0.494904  0.582928  0.493670  0.572344  0.661530  0.588500  0.615739  0.601535  0.555569  0.580098  0.509191 
41  0.587877  0.541889  0.675905  0.797638  0.803644  0.559545  0.517736  0.640793  0.472287  0.606526  0.698209  0.618523  0.656013  0.786542  0.573863  0.508442  0.507044  0.775093  0.742788  0.594567  0.846199  0.552440  0.568260  0.605873  0.899507  0.520292  0.527130  0.460011  0.543657  0.608914  0.601971  0.544392  0.570355  0.522428  0.545412  0.621889  0.899218  0.698692  0.508240  0.443831  0.578037 0.0  0.540487  0.643774  0.583042  0.630760  0.588597  0.628284  0.557484  0.784090  0.603860  0.627853  0.670470  0.642143  0.430973  0.741281  0.546569  0.612918  0.629886  0.743672  0.589457  0.578751  0.596056  0.576457  0.481845  0.579852  0.748161  0.622537  0.620913  0.609414  0.541096  0.535854  0.580709 
42  0.442291  0.567740  0.499886  0.820889  0.832040  0.565064  0.459043  0.574257  0.665308  0.580948  0.527929  0.493179  0.489350  0.747323  0.502994  0.498744  0.354119  0.735654  0.825450  0.624236  0.834976  0.425854  0.595895  0.440231  0.779211  0.438985  0.504395  0.388910  0.603832  0.642707  0.465597  0.517772  0.627671  0.642639  0.344417  0.635252  0.791781  0.964924  0.678139  0.649477  0.490184  0.540487 0.0  0.547449  0.539570  0.601742  0.630207  0.480555  0.471222  0.822664  0.468521  0.477002  0.556400  0.511128  0.523826  0.821909  0.455325  0.475723  0.539456  0.689250  0.519937  0.541942  0.449958  0.531176  0.547001  0.568469  0.724293  0.468118  0.474710  0.584737  0.582933  0.569908  0.311650 
43  0.442535  0.555676  0.424728  0.800257  0.910776  0.433406  0.498861  0.588272  0.592129  0.369988  0.589622  0.469477  0.599836  0.714668  0.534061  0.581692  0.515991  0.815346  0.709767  0.540649  0.830745  0.452492  0.420914  0.494706  0.773459  0.433791  0.665432  0.419198  0.550333  0.409308  0.535657  0.476066  0.534981  0.508464  0.476943  0.572973  0.861373  0.825443  0.552822  0.584215  0.529958  0.643774  0.547449 0.0  0.448115  0.434260  0.715095  0.367900  0.384978  0.774654  0.547393  0.427918  0.629355  0.524330  0.506649  0.701526  0.531890  0.483592  0.543024  0.708972  0.589035  0.586590  0.400133  0.543138  0.508546  0.558178  0.800613  0.474195  0.592795  0.666182  0.585093  0.503552  0.399388 
44  0.599764  0.485359  0.623452  0.759550  0.818299  0.577359  0.594885  0.377329  0.523923  0.555342  0.497787  0.537588  0.541925  0.683299  0.374683  0.566286  0.573186  0.807849  0.764525  0.502146  0.794583  0.490567  0.446181  0.524497  0.878589  0.479950  0.536150  0.627454  0.591531  0.562494  0.521340  0.516766  0.485322  0.556782  0.477760  0.655134  0.702196  0.723416  0.617096  0.669692  0.513876  0.583042  0.539570  0.448115 0.0  0.534861  0.764763  0.567475  0.488332  0.804037  0.436050  0.566375  0.595203  0.590180  0.573549  0.821226  0.468037  0.383508  0.511691  0.635977  0.487039  0.547188  0.574622  0.540133  0.410751  0.478466  0.719040  0.515958  0.424417  0.511238  0.448028  0.463075  0.565881 
45  0.482025  0.533512  0.451405  0.876779  0.775611  0.461701  0.560453  0.628898  0.572766  0.300419  0.529350  0.476734  0.427673  0.766175  0.533587  0.628258  0.414444  0.823134  0.804864  0.636098  0.958844  0.434896  0.591494  0.492260  0.884786  0.358711  0.488841  0.488686  0.583970  0.520525  0.470161  0.487765  0.559967  0.573186  0.454846  0.661528  0.780941  0.791631  0.539699  0.659916  0.494083  0.630760  0.601742  0.434260  0.534861 0.0  0.621166  0.454266  0.398842  0.789631  0.569939  0.326151  0.730754  0.481138  0.486990  0.703699  0.514628  0.483257  0.557633  0.744972  0.526081  0.537814  0.403123  0.501993  0.573006  0.504598  0.732275  0.380050  0.528318  0.543920  0.482920  0.556049  0.448042 
46  0.558645  0.625523  0.581626  0.870711  0.931181  0.545101  0.681456  0.734499  0.659612  0.644620  0.666969  0.724373  0.644088  0.733429  0.683141  0.695389  0.689318  0.859766  0.795923  0.680747  0.781598  0.603893  0.714000  0.644169  0.909067  0.637243  0.631999  0.720435  0.513835  0.575753  0.779343  0.631489  0.650514  0.551658  0.623527  0.457474  0.667171  0.882090  0.686695  0.642428  0.732043  0.588597  0.630207  0.715095  0.764763  0.621166 0.0  0.704440  0.613971  0.818421  0.713509  0.717440  0.601571  0.716390  0.714729  0.735406  0.632269  0.574492  0.666484  0.617027  0.564287  0.564173  0.601642  0.734474  0.539474  0.709251  0.698376  0.762421  0.754859  0.628314  0.555299  0.651157  0.668103 
47  0.468099  0.619652  0.472030  0.917527  0.826592  0.494154  0.522063  0.429501  0.513063  0.502932  0.669358  0.334346  0.587217  0.677891  0.486783  0.553308  0.397593  0.814576  0.823914  0.522329  0.891139  0.357242  0.566439  0.445294  0.968542  0.478968  0.441398  0.479656  0.590671  0.575769  0.425992  0.616466  0.595253  0.552559  0.455866  0.523540  0.691568  0.909699  0.567085  0.672715  0.513672  0.628284  0.480555  0.367900  0.567475  0.454266  0.704440 0.0  0.419904  0.847381  0.534567  0.448761  0.661591  0.592566  0.552163  0.727859  0.414410  0.624789  0.629760  0.736204  0.428278  0.477333  0.475037  0.414954  0.582319  0.512399  0.739274  0.540307  0.604778  0.534383  0.613077  0.574472  0.530583 
48  0.376515  0.569773  0.519693  0.857550  0.840828  0.529089  0.520196  0.635768  0.534678  0.354115  0.482142  0.480105  0.499849  0.699769  0.521488  0.554249  0.400212  0.844084  0.762625  0.623934  0.774212  0.535890  0.647323  0.531154  0.774147  0.468132  0.604383  0.476033  0.614440  0.448033  0.444413  0.551827  0.516620  0.539220  0.449871  0.675526  0.654752  0.818134  0.637103  0.584271  0.559955  0.557484  0.471222  0.384978  0.488332  0.398842  0.613971  0.419904 0.0  0.782101  0.643382  0.319106  0.714079  0.510388  0.559505  0.805248  0.491509  0.454067  0.436790  0.772555  0.497992  0.457965  0.473612  0.471056  0.614352  0.578455  0.653872  0.445627  0.495494  0.671842  0.532212  0.534035  0.495638 
49  0.793408  0.793485  0.789970  0.678438  0.598406  0.830263  0.754493  0.768525  0.832520  0.920227  0.794981  0.711155  0.836267  0.855224  0.841020  0.719475  0.861077  0.744229  0.429691  0.857594  0.784721  0.882300  0.871607  0.738281  0.767439  0.860780  0.839955  0.753837  0.750251  0.896667  0.894636  0.850483  0.797314  0.540852  0.857257  0.834868  0.757304  0.848352  0.752165  0.780595  0.751918  0.784090  0.822664  0.774654  0.804037  0.789631  0.818421  0.847381  0.782101 0.0  0.857370  0.814800  0.624362  0.889470  0.768034  0.781265  0.841529  0.815769  0.807134  0.855168  0.803602  0.731482  0.876703  0.883230  0.740021  0.810735  0.794879  0.735949  0.857563  0.840474  0.775588  0.728306  0.673291 
50  0.509640  0.388891  0.448693  0.759574  0.910861  0.478322  0.566987  0.500500  0.516726  0.468665  0.505427  0.394954  0.556676  0.721127  0.467917  0.421620  0.488246  0.857421  0.795174  0.421567  0.935311  0.644018  0.295156  0.629108  0.739528  0.414311  0.451538  0.551677  0.578053  0.377203  0.659665  0.517706  0.453276  0.462799  0.437615  0.591263  0.771282  0.674213  0.601348  0.605637  0.511949  0.603860  0.468521  0.547393  0.436050  0.569939  0.713509  0.534567  0.643382  0.857370 0.0  0.564884  0.635275  0.553487  0.556216  0.754556  0.478485  0.465498  0.461759  0.732970  0.432310  0.514491  0.529721  0.522755  0.453794  0.520230  0.644614  0.535572  0.357071  0.388848  0.375303  0.478057  0.612686 
51  0.459319  0.492704  0.375251  0.805837  0.878371  0.616788  0.505688  0.451549  0.594877  0.437606  0.552084  0.553955  0.522847  0.809792  0.571230  0.533854  0.498243  0.717273  0.761594  0.417347  0.855323  0.545874  0.517721  0.455685  0.778515  0.522535  0.531442  0.538489  0.674834  0.573797  0.405497  0.470891  0.475352  0.611763  0.548402  0.687870  0.777780  0.858562  0.608110  0.719678  0.450671  0.627853  0.477002  0.427918  0.566375  0.326151  0.717440  0.448761  0.319106  0.814800  0.564884 0.0  0.672071  0.503113  0.510408  0.786922  0.547991  0.528118  0.527065  0.775870  0.526306  0.511201  0.449626  0.421534  0.587573  0.556748  0.560606  0.552840  0.568709  0.539819  0.449713  0.488831  0.503922 
52  0.619724  0.653748  0.711271  0.593854  0.638500  0.675063  0.626046  0.661502  0.586242  0.691245  0.717600  0.581438  0.656430  0.681265  0.562783  0.584397  0.651405  0.505604  0.607470  0.571498  0.528699  0.628077  0.647801  0.698826  0.659743  0.577881  0.712263  0.615415  0.660480  0.552896  0.508435  0.639053  0.628625  0.576687  0.711504  0.672939  0.529091  0.615405  0.644042  0.542490  0.595597  0.670470  0.556400  0.629355  0.595203  0.730754  0.601571  0.661591  0.714079  0.624362  0.635275  0.672071 0.0  0.589159  0.630437  0.669932  0.724552  0.617076  0.663361  0.610149  0.701728  0.559066  0.599190  0.604718  0.662113  0.560157  0.677431  0.527401  0.617596  0.613331  0.703963  0.616988  0.538945 
53  0.508260  0.459714  0.494693  0.799665  0.710680  0.397469  0.358924  0.555094  0.609951  0.505806  0.509452  0.459507  0.500838  0.763853  0.682536  0.548835  0.466554  0.866893  0.773055  0.569591  0.810495  0.386597  0.512147  0.464280  0.780548  0.487317  0.565579  0.561788  0.575925  0.467524  0.513465  0.600798  0.517571  0.546773  0.521831  0.583644  0.891421  0.874657  0.545702  0.609308  0.522586  0.642143  0.511128  0.524330  0.590180  0.481138  0.716390  0.592566  0.510388  0.889470  0.553487  0.503113  0.589159 0.0  0.563868  0.927888  0.415404  0.528794  0.540104  0.714016  0.517818  0.448125  0.514237  0.531954  0.556885  0.569216  0.764367  0.440254  0.530750  0.624316  0.519023  0.594155  0.475796 
