73
0 0.0  0.562849  0.624912  0.546203  0.619314  0.562418  0.739695  0.573847  0.578295  0.686457  0.614770  0.569421  0.738209  0.612741  0.548643  0.741852  0.625021  0.591082  0.524634  0.666073  0.723441  0.585953  0.619596  0.594203  0.549181  0.659384  0.785489  0.536493  0.679913  0.603776  0.662956  0.783314  0.675434  0.741894  0.688951  0.639719  0.629759  0.660918  0.696418  0.625614  0.608174  0.648428  0.706364  0.611505  0.791593  0.682461  0.629241  0.660006  0.648199  0.552603  0.649890  0.670838  0.626964  0.704842  0.678599  0.540536  0.568024  0.655474  0.619272  0.685643  0.666890  0.683102  0.594853  0.690423  0.599099  0.525108  0.705952  0.711937  0.586905  0.547048  0.611508  0.567481  0.553759 
1  0.562849 0.0  0.457803  0.378579  0.822973  0.714835  0.775460  0.415875  0.472209  0.446223  0.725107  0.511626  0.523858  0.544014  0.440540  0.363799  0.588222  0.548948  0.433338  0.552862  0.581936  0.951610  0.398897  0.574410  0.466330  0.664808  0.917267  0.578864  0.562851  0.624583  0.643985  0.434208  0.492134  0.598770  0.516025  0.583838  0.374700  0.558381  0.593897  0.727465  0.471512  0.531785  0.872898  0.875248  0.895246  0.544221  0.489010  0.596790  0.577379  0.780945  0.603652  0.480291  0.458580  0.430315  0.409131  0.463359  0.620863  0.550883  0.456619  0.657203  0.581590  0.883650  0.622418  0.544716  0.491314  0.549356  0.531580  0.562404  0.359171  0.556440  0.516455  0.628410  0.757457 
2  0.624912  0.457803 0.0  0.499743  0.815145  0.559566  0.922052  0.479476  0.561178  0.505707  0.615869  0.511582  0.490005  0.577235  0.564417  0.536653  0.486971  0.542981  0.527300  0.630840  0.499459  0.778866  0.519010  0.506001  0.408701  0.470284  0.844318  0.487985  0.630087  0.501396  0.554034  0.576075  0.500094  0.505957  0.458046  0.649457  0.554951  0.498271  0.543057  0.766714  0.530602  0.572083  0.954774  0.836021  0.833470  0.517114  0.549982  0.562703  0.507759  0.734361  0.510316  0.508732  0.642849  0.488689  0.560286  0.422319  0.675046  0.450188  0.498330  0.547182  0.458165  0.906530  0.530585  0.545211  0.538874  0.516555  0.514466  0.426591  0.511626  0.562478  0.537155  0.547657  0.742519 
3  0.546203  0.378579  0.499743 0.0  0.778446  0.659121  0.883232  0.578519  0.601496  0.436675  0.718322  0.353127  0.618961  0.545913  0.529417  0.478430  0.451447  0.532889  0.456174  0.453517  0.575272  0.984212  0.611879  0.561906  0.466109  0.622770  0.859865  0.450131  0.642868  0.501285  0.536879  0.688574  0.533497  0.610109  0.551084  0.472804  0.434725  0.568093  0.636935  0.694118  0.471533  0.515927  0.820657  0.870154  0.891916  0.562938  0.599657  0.570268  0.598624  0.838200  0.475862  0.530835  0.449974  0.592597  0.543729  0.533720  0.645130  0.396599  0.556633  0.470714  0.549023  0.930264  0.536590  0.459560  0.573670  0.539670  0.527201  0.359432  0.547641  0.564944  0.572753  0.481056  0.738177 
4  0.619314  0.822973  0.815145  0.778446 0.0  0.841201  0.821570  0.864410  0.874854  0.798040  0.729281  0.800169  0.802004  0.745199  0.845365  0.732653  0.836919  0.834095  0.825105  0.725075  0.790577  0.561995  0.739558  0.874148  0.670828  0.741838  0.810229  0.740149  0.754682  0.823110  0.820474  0.806447  0.869014  0.754178  0.807934  0.663716  0.889814  0.773231  0.704633  0.769480  0.756682  0.729864  0.752681  0.777955  0.846668  0.708686  0.967095  0.745756  0.821824  0.777690  0.728938  0.758155  0.840650  0.846317  0.834924  0.749965  0.525503  0.797580  0.786482  0.871664  0.812412  0.849165  0.862886  0.840993  0.890241  0.789147  0.721343  0.717839  0.901510  0.867903  0.844076  0.824847  0.735254 
5  0.562418  0.714835  0.559566  0.659121  0.841201 0.0  0.823814  0.747057  0.500437  0.771369  0.705065  0.659567  0.618329  0.693344  0.634840  0.722351  0.729915  0.558233  0.634460  0.843319  0.685014  0.765018  0.769238  0.674684  0.537866  0.686056  0.836718  0.689008  0.534951  0.724366  0.730459  0.705008  0.663615  0.715570  0.682551  0.594324  0.782667  0.686158  0.559514  0.880038  0.660524  0.690796  0.836094  0.884366  0.848442  0.569894  0.679405  0.634954  0.699555  0.845840  0.653524  0.615842  0.717442  0.649233  0.569731  0.661211  0.671305  0.724795  0.681510  0.602136  0.656476  0.802553  0.655251  0.574356  0.748175  0.756275  0.664082  0.709240  0.684735  0.671164  0.614834  0.795353  0.792540 
6  0.739695  0.775460  0.922052  0.883232  0.821570  0.823814 0.0  0.775537  0.861833  0.907250  0.788455  0.821844  0.846905  0.857692  0.902222  0.904527  0.829392  0.876737  0.829590  0.942130  0.765166  0.853822  0.810653  0.874588  0.721460  0.850442  0.817497  0.890740  0.819414  0.878834  0.881648  0.851047  0.911518  0.744200  0.816245  0.782045  0.803679  0.818381  0.823650  0.745747  0.828452  0.790617  0.789532  0.974505  0.808215  0.817233  0.912374  0.811100  0.767456  0.775288  0.728250  0.893703  0.927957  0.868043  0.883371  0.878982  0.732872  0.965075  0.824697  0.806098  0.863586  0.873199  0.723426  0.766496  0.853997  0.852828  0.831689  0.784483  0.909892  0.876532  0.885172  0.816403  0.704837 
7  0.573847  0.415875  0.479476  0.578519  0.864410  0.747057  0.775537 0.0  0.446235  0.440643  0.529956  0.568678  0.499651  0.581322  0.619132  0.592821  0.515291  0.525119  0.514426  0.476193  0.514298  0.890877  0.517291  0.419370  0.474172  0.439239  0.851647  0.572609  0.674697  0.436956  0.436200  0.570479  0.654129  0.354880  0.468036  0.530946  0.544749  0.454166  0.606353  0.733890  0.557365  0.600652  0.824804  0.892167  0.892880  0.449285  0.471277  0.401918  0.340732  0.715392  0.406001  0.470406  0.514164  0.552026  0.399435  0.516131  0.680747  0.658027  0.559060  0.421052  0.437375  0.855126  0.557208  0.327892  0.439361  0.405612  0.436853  0.517278  0.448867  0.475950  0.338321  0.415888  0.804002 
8  0.578295  0.472209  0.561178  0.601496  0.874854  0.500437  0.861833  0.446235 0.0  0.465013  0.608554  0.619669  0.616351  0.451104  0.493173  0.430659  0.641889  0.535470  0.511968  0.435509  0.423177  0.788122  0.400874  0.514291  0.562530  0.494015  0.811018  0.552694  0.640600  0.406601  0.535267  0.522109  0.647721  0.364250  0.445551  0.592455  0.511871  0.439753  0.681028  0.724625  0.524333  0.563303  0.909134  0.867239  0.760521  0.436263  0.382810  0.380029  0.525461  0.769257  0.515785  0.490913  0.709141  0.622180  0.454545  0.488423  0.761547  0.575812  0.595094  0.513970  0.622843  0.927285  0.541818  0.411759  0.383933  0.382749  0.459039  0.609126  0.588072  0.486816  0.442891  0.423132  0.680537 
9  0.686457  0.446223  0.505707  0.436675  0.798040  0.771369  0.907250  0.440643  0.465013 0.0  0.568687  0.403107  0.481697  0.457001  0.437804  0.427490  0.555130  0.472970  0.408101  0.383860  0.447323  0.987899  0.422495  0.386615  0.499099  0.501691  0.798276  0.443508  0.607345  0.450653  0.390891  0.499067  0.521827  0.512165  0.481423  0.577286  0.516168  0.586871  0.648299  0.719248  0.466672  0.416725  0.855372  0.952263  0.849707  0.514077  0.536217  0.435781  0.433680  0.813810  0.450483  0.558351  0.430965  0.472969  0.411535  0.513935  0.676292  0.442313  0.501449  0.525545  0.454303  0.810597  0.693210  0.462140  0.361984  0.466517  0.519143  0.511992  0.475096  0.470007  0.580318  0.565920  0.776377 
10  0.614770  0.725107  0.615869  0.718322  0.729281  0.705065  0.788455  0.529956  0.608554  0.568687 0.0  0.669796  0.542175  0.540011  0.709077  0.529380  0.628749  0.707399  0.599789  0.674834  0.737289  0.775139  0.557301  0.567942  0.544790  0.554141  0.850967  0.566355  0.629740  0.619090  0.457113  0.578121  0.504651  0.582418  0.559639  0.646176  0.631282  0.590663  0.652087  0.714137  0.660054  0.595074  0.861775  0.912257  0.834631  0.755721  0.522599  0.617648  0.618653  0.833904  0.617997  0.588313  0.611910  0.752144  0.607405  0.644440  0.714756  0.590563  0.621407  0.610178  0.548669  0.857763  0.605763  0.505058  0.652635  0.594611  0.655992  0.468793  0.577401  0.629819  0.601374  0.621390  0.760484 
11  0.569421  0.511626  0.511582  0.353127  0.800169  0.659567  0.821844  0.568678  0.619669  0.403107  0.669796 0.0  0.465497  0.590090  0.502938  0.443265  0.576865  0.537291  0.441239  0.613739  0.606492  0.865858  0.510569  0.412143  0.459905  0.606540  0.820732  0.419716  0.675647  0.558806  0.417871  0.451301  0.507101  0.667887  0.452166  0.480325  0.498808  0.572287  0.568005  0.750052  0.581964  0.339534  0.729969  0.842793  0.758156  0.498791  0.490437  0.587685  0.429345  0.845728  0.485744  0.572169  0.532792  0.471677  0.371753  0.512934  0.623307  0.438252  0.461673  0.599175  0.492375  0.878386  0.747180  0.449617  0.454949  0.449495  0.539810  0.579581  0.521695  0.540208  0.641906  0.428056  0.733083 
12  0.738209  0.523858  0.490005  0.618961  0.802004  0.618329  0.846905  0.499651  0.616351  0.481697  0.542175  0.465497 0.0  0.530673  0.539004  0.398615  0.555000  0.529254  0.515642  0.553431  0.548061  0.752837  0.538484  0.468689  0.495592  0.469059  0.863693  0.389248  0.705580  0.618216  0.632513  0.452514  0.495584  0.595704  0.613517  0.553582  0.570555  0.589147  0.679650  0.776710  0.499302  0.422266  0.874982  0.817536  0.829270  0.506094  0.605534  0.560796  0.543458  0.726343  0.591478  0.485553  0.487138  0.565399  0.365566  0.488335  0.665410  0.366365  0.328849  0.520009  0.600102  0.931453  0.634835  0.621623  0.538448  0.569052  0.441525  0.517069  0.370564  0.499021  0.600917  0.570590  0.757296 
13  0.612741  0.544014  0.577235  0.545913  0.745199  0.693344  0.857692  0.581322  0.451104  0.457001  0.540011  0.590090  0.530673 0.0  0.642930  0.610050  0.521697  0.535307  0.526830  0.353593  0.405394  0.876354  0.558475  0.610163  0.497324  0.398952  0.931406  0.563746  0.714039  0.525329  0.533636  0.572352  0.525210  0.474461  0.394401  0.486675  0.541504  0.441686  0.666364  0.797769  0.469531  0.545300  0.952102  0.886854  0.769311  0.557780  0.477814  0.470873  0.541438  0.805081  0.457919  0.528223  0.578640  0.453210  0.469845  0.578860  0.580440  0.498512  0.527517  0.437570  0.518386  0.885411  0.642002  0.496481  0.474414  0.461705  0.433485  0.547369  0.474513  0.475353  0.380715  0.433476  0.851038 
14  0.548643  0.440540  0.564417  0.529417  0.845365  0.634840  0.902222  0.619132  0.493173  0.437804  0.709077  0.502938  0.539004  0.642930 0.0  0.427173  0.612563  0.525240  0.499073  0.577672  0.567172  0.794236  0.525030  0.502523  0.451152  0.574160  0.893955  0.424813  0.607227  0.529249  0.496516  0.558103  0.529805  0.578955  0.564722  0.566341  0.470270  0.506020  0.566072  0.772907  0.563682  0.555183  0.783931  0.858423  0.881435  0.431922  0.524026  0.596431  0.467429  0.728459  0.546281  0.437164  0.395800  0.418779  0.433386  0.563692  0.668609  0.543904  0.459239  0.459825  0.652879  0.783773  0.760643  0.526518  0.572508  0.583904  0.595435  0.448332  0.536357  0.623595  0.530171  0.560744  0.705631 
15  0.741852  0.363799  0.536653  0.478430  0.732653  0.722351  0.904527  0.592821  0.430659  0.427490  0.529380  0.443265  0.398615  0.610050  0.427173 0.0  0.454670  0.603606  0.478917  0.565134  0.479307  0.801796  0.396318  0.378368  0.563996  0.565453  0.826007  0.427501  0.663743  0.566589  0.540068  0.553192  0.451358  0.580830  0.607558  0.488675  0.567053  0.602894  0.565728  0.707093  0.675051  0.491208  0.839290  0.831373  0.870037  0.537726  0.531774  0.567046  0.439974  0.834978  0.556244  0.400745  0.386517  0.457919  0.481345  0.414949  0.589247  0.466848  0.505525  0.557759  0.493135  0.891254  0.673812  0.560789  0.530841  0.507639  0.591910  0.489609  0.457417  0.628380  0.382726  0.474554  0.740357 
16  0.625021  0.588222  0.486971  0.451447  0.836919  0.729915  0.829392  0.515291  0.641889  0.555130  0.628749  0.576865  0.555000  0.521697  0.612563  0.454670 0.0  0.522544  0.418870  0.514104  0.644387  0.745799  0.461657  0.551722  0.556122  0.567399  0.969041  0.508788  0.686252  0.559672  0.677753  0.516968  0.484364  0.454616  0.567897  0.515244  0.540029  0.479970  0.535159  0.729348  0.486355  0.531975  0.880121  0.805918  0.923027  0.499161  0.599065  0.571273  0.555434  0.779004  0.496857  0.476763  0.486348  0.459335  0.544875  0.356453  0.677788  0.431137  0.452096  0.583972  0.566043  0.773612  0.487997  0.538760  0.546569  0.668283  0.391617  0.590827  0.435046  0.516381  0.496080  0.586816  0.774214 
17  0.591082  0.548948  0.542981  0.532889  0.834095  0.558233  0.876737  0.525119  0.535470  0.472970  0.707399  0.537291  0.529254  0.535307  0.525240  0.603606  0.522544 0.0  0.526526  0.516778  0.629279  0.859316  0.526708  0.536875  0.628584  0.537919  0.805555  0.476162  0.674627  0.501297  0.484979  0.475289  0.661636  0.527737  0.396915  0.522268  0.608529  0.552386  0.606869  0.701160  0.570372  0.443230  0.739133  0.882873  0.748204  0.661374  0.554412  0.598693  0.451748  0.894633  0.514400  0.532191  0.507356  0.544269  0.488573  0.624328  0.705467  0.625170  0.557014  0.522153  0.395335  0.739546  0.546945  0.581038  0.405892  0.475931  0.507632  0.622574  0.607498  0.424886  0.646287  0.491559  0.833676 
18  0.524634  0.433338  0.527300  0.456174  0.825105  0.634460  0.829590  0.514426  0.511968  0.408101  0.599789  0.441239  0.515642  0.526830  0.499073  0.478917  0.418870  0.526526 0.0  0.542842  0.572127  0.894324  0.652342  0.468155  0.475752  0.602572  0.952428  0.472921  0.709240  0.535957  0.562131  0.559137  0.512483  0.604097  0.552092  0.364908  0.420409  0.564334  0.626082  0.776182  0.399683  0.514301  0.758959  0.938518  0.929661  0.384653  0.589062  0.495473  0.495495  0.872931  0.553571  0.437325  0.514291  0.530281  0.496722  0.537664  0.510923  0.497713  0.518587  0.499371  0.573487  0.892716  0.664039  0.506533  0.544201  0.644848  0.502186  0.420258  0.550804  0.558103  0.657343  0.529774  0.813620 
19  0.666073  0.552862  0.630840  0.453517  0.725075  0.843319  0.942130  0.476193  0.435509  0.383860  0.674834  0.613739  0.553431  0.353593  0.577672  0.565134  0.514104  0.516778  0.542842 0.0  0.515601  0.906119  0.415081  0.418851  0.480981  0.460059  0.862057  0.497607  0.634462  0.473634  0.401755  0.490844  0.538894  0.416496  0.415699  0.502614  0.596531  0.413237  0.631117  0.768912  0.590286  0.447924  0.879934  0.854453  0.880372  0.602548  0.603092  0.394011  0.509830  0.755384  0.501083  0.453309  0.716426  0.643364  0.320847  0.581903  0.560766  0.432306  0.556319  0.452692  0.531469  0.846477  0.595838  0.403495  0.281326  0.453613  0.518805  0.558211  0.522322  0.342422  0.349793  0.430888  0.854269 
20  0.723441  0.581936  0.499459  0.575272  0.790577  0.685014  0.765166  0.514298  0.423177  0.447323  0.737289  0.606492  0.548061  0.405394  0.567172  0.479307  0.644387  0.629279  0.572127  0.515601 0.0  0.829485  0.497048  0.649751  0.564554  0.391345  0.861187  0.543546  0.539353  0.513287  0.495676  0.505749  0.575624  0.477008  0.538012  0.603626  0.440364  0.479021  0.539516  0.818294  0.564735  0.603716  0.850051  0.917424  0.863860  0.577385  0.473066  0.433988  0.433935  0.851158  0.646327  0.447271  0.604276  0.520815  0.498920  0.446065  0.649969  0.409483  0.536917  0.463452  0.608770  0.831154  0.549457  0.496100  0.474907  0.470462  0.436925  0.472192  0.547151  0.464035  0.540932  0.565080  0.730859 
21  0.585953  0.951610  0.778866  0.984212  0.561995  0.765018  0.853822  0.890877  0.788122  0.987899  0.775139  0.865858  0.752837  0.876354  0.794236  0.801796  0.745799  0.859316  0.894324  0.906119  0.829485 0.0  0.859815  0.830566  0.872327  0.878091  0.851644  0.804907  0.854595  0.855742  0.712448  0.816699  0.763777  0.827379  0.779820  0.723099  0.879469  0.823157  0.854114  0.784914  0.902602  0.818056  0.749450  0.873820  0.858738  0.872560  0.871849  0.819932  0.855127  0.831999  0.835856  0.721760  0.823811  0.839952  0.890384  0.822351  0.679444  0.800286  0.846857  0.939659  0.792742  0.863780  0.874538  0.939216  0.766476  0.853348  0.802105  0.864448  0.782010  0.821945  0.767745  0.867494  0.747167 
22  0.619596  0.398897  0.519010  0.611879  0.739558  0.769238  0.810653  0.517291  0.400874  0.422495  0.557301  0.510569  0.538484  0.558475  0.525030  0.396318  0.461657  0.526708  0.652342  0.415081  0.497048  0.859815 0.0  0.567024  0.502511  0.424770  0.870763  0.644136  0.634695  0.439637  0.538859  0.435798  0.555121  0.395566  0.487228  0.508011  0.575639  0.479802  0.677205  0.880801  0.485016  0.345630  0.832452  0.883542  0.847353  0.574446  0.509442  0.477396  0.403534  0.660814  0.523116  0.512229  0.565557  0.523328  0.500078  0.545885  0.633026  0.512866  0.514312  0.449813  0.478016  0.792608  0.580689  0.511024  0.395386  0.507318  0.470250  0.444313  0.492749  0.536211  0.585436  0.317111  0.682645 
23  0.594203  0.574410  0.506001  0.561906  0.874148  0.674684  0.874588  0.419370  0.514291  0.386615  0.567942  0.412143  0.468689  0.610163  0.502523  0.378368  0.551722  0.536875  0.468155  0.418851  0.649751  0.830566  0.567024 0.0  0.425929  0.471827  0.879574  0.476462  0.796548  0.431713  0.464121  0.511754  0.433787  0.453761  0.531020  0.448549  0.440590  0.532848  0.569455  0.870385  0.446044  0.394980  0.844975  0.833307  0.778734  0.568103  0.515499  0.561841  0.616081  0.804093  0.527539  0.505581  0.422039  0.487852  0.491089  0.375434  0.665997  0.466828  0.396296  0.509291  0.434410  0.933770  0.610142  0.524349  0.386909  0.566944  0.486668  0.508393  0.474604  0.481471  0.527794  0.500422  0.704322 
24  0.549181  0.466330  0.408701  0.466109  0.670828  0.537866  0.721460  0.474172  0.562530  0.499099  0.544790  0.459905  0.495592  0.497324  0.451152  0.563996  0.556122  0.628584  0.475752  0.480981  0.564554  0.872327  0.502511  0.425929 0.0  0.480867  0.815852  0.455786  0.807293  0.494232  0.526486  0.462235  0.406903  0.484702  0.558328  0.509054  0.511342  0.575594  0.642709  0.755301  0.431641  0.441638  0.836447  0.834100  0.871797  0.530268  0.507272  0.522467  0.499417  0.851150  0.646327  0.520212  0.493932  0.387460  0.431434  0.486692  0.729817  0.474009  0.515263  0.577052  0.555137  0.910886  0.656337  0.545833  0.539550  0.550288  0.589162  0.354044  0.409386  0.472196  0.644977  0.439873  0.795413 
25  0.659384  0.664808  0.470284  0.622770  0.741838  0.686056  0.850442  0.439239  0.494015  0.501691  0.554141  0.606540  0.469059  0.398952  0.574160  0.565453  0.567399  0.537919  0.602572  0.460059  0.391345  0.878091  0.424770  0.471827  0.480867 0.0  0.944898  0.557192  0.644326  0.431131  0.537172  0.436421  0.496345  0.550537  0.453920  0.554309  0.562695  0.473609  0.703756  0.761859  0.576693  0.558362  0.906607  0.824829  0.787133  0.423927  0.354267  0.435902  0.434927  0.784581  0.417089  0.488237  0.580677  0.551368  0.491017  0.516626  0.763182  0.622992  0.529992  0.433563  0.568857  0.912883  0.636991  0.483555  0.456952  0.423709  0.403994  0.474260  0.522151  0.487418  0.534174  0.464393  0.796227 
26  0.785489  0.917267  0.844318  0.859865  0.810229  0.836718  0.817497  0.851647  0.811018  0.798276  0.850967  0.820732  0.863693  0.931406  0.893955  0.826007  0.969041  0.805555  0.952428  0.862057  0.861187  0.851644  0.870763  0.879574  0.815852  0.944898 0.0  0.909053  0.908160  0.871818  0.924270  0.994601  0.920968  0.822555  0.916472  0.766986  0.822458  0.769867  0.664683  0.755816  0.826687  0.808502  0.562538  0.789143  0.859524  0.858307  0.959901  0.860558  0.865557  0.839911  0.979442  0.812316  0.878131  0.886740  0.732895  0.897542  0.697807  0.880033  0.817524  0.928156  0.957780  0.848537  0.874649  0.905068  0.955750  0.926140  0.844991  0.880501  0.855738  0.949494  0.890299  0.921965  0.722452 
27  0.536493  0.578864  0.487985  0.450131  0.740149  0.689008  0.890740  0.572609  0.552694  0.443508  0.566355  0.419716  0.389248  0.563746  0.424813  0.427501  0.508788  0.476162  0.472921  0.497607  0.543546  0.804907  0.644136  0.476462  0.455786  0.557192  0.909053 0.0  0.613887  0.613693  0.568402  0.529146  0.540113  0.642809  0.633384  0.459666  0.538223  0.502861  0.576948  0.823294  0.560608  0.350423  0.848414  0.842155  0.824538  0.628142  0.499250  0.546645  0.516771  0.803172  0.529223  0.503756  0.492890  0.364849  0.475160  0.531660  0.545378  0.513936  0.414009  0.521485  0.548628  0.922910  0.629099  0.551685  0.563720  0.604789  0.615119  0.433426  0.509209  0.481674  0.513566  0.577224  0.739122 
28  0.679913  0.562851  0.630087  0.642868  0.754682  0.534951  0.819414  0.674697  0.640600  0.607345  0.629740  0.675647  0.705580  0.714039  0.607227  0.663743  0.686252  0.674627  0.709240  0.634462  0.539353  0.854595  0.634695  0.796548  0.807293  0.644326  0.908160  0.613887 0.0  0.649420  0.692352  0.627953  0.714856  0.753140  0.743859  0.542876  0.779905  0.601647  0.433503  0.698373  0.648460  0.764806  0.877777  0.832091  0.846791  0.703781  0.720471  0.584629  0.755892  0.778315  0.587558  0.696785  0.644196  0.659757  0.628146  0.747121  0.706447  0.750046  0.651181  0.613530  0.631383  0.823442  0.620375  0.663148  0.631354  0.524942  0.669293  0.644943  0.668979  0.676962  0.559761  0.646644  0.862624 
29  0.603776  0.624583  0.501396  0.501285  0.823110  0.724366  0.878834  0.436956  0.406601  0.450653  0.619090  0.558806  0.618216  0.525329  0.529249  0.566589  0.559672  0.501297  0.535957  0.473634  0.513287  0.855742  0.439637  0.431713  0.494232  0.431131  0.871818  0.613693  0.649420 0.0  0.421426  0.434025  0.625724  0.461730  0.456732  0.624009  0.646557  0.497285  0.472954  0.785168  0.562630  0.599548  0.914615  0.927327  0.785911  0.583977  0.530204  0.363304  0.514365  0.864220  0.466685  0.650805  0.467920  0.564749  0.457227  0.390353  0.672052  0.574437  0.627911  0.468710  0.529571  0.746265  0.570588  0.388409  0.450067  0.457222  0.414937  0.569163  0.566005  0.447007  0.485467  0.468406  0.682332 
30  0.662956  0.643985  0.554034  0.536879  0.820474  0.730459  0.881648  0.436200  0.535267  0.390891  0.457113  0.417871  0.632513  0.533636  0.496516  0.540068  0.677753  0.484979  0.562131  0.401755  0.495676  0.712448  0.538859  0.464121  0.526486  0.537172  0.924270  0.568402  0.692352  0.421426 0.0  0.536859  0.577388  0.460777  0.460540  0.627892  0.555745  0.534048  0.638651  0.749849  0.636926  0.518092  0.836257  0.917341  0.844284  0.620300  0.456568  0.427644  0.489700  0.712081  0.433367  0.617378  0.557150  0.560701  0.497547  0.541532  0.652860  0.503017  0.602531  0.443596  0.468556  0.845028  0.554765  0.477255  0.322456  0.321762  0.330847  0.612046  0.566509  0.484443  0.316411  0.459951  0.791207 
31  0.783314  0.434208  0.576075  0.688574  0.806447  0.705008  0.851047  0.570479  0.522109  0.499067  0.578121  0.451301  0.452514  0.572352  0.558103  0.553192  0.516968  0.475289  0.559137  0.490844  0.505749  0.816699  0.435798  0.511754  0.462235  0.436421  0.994601  0.529146  0.627953  0.434025  0.536859 0.0  0.495969  0.512760  0.411057  0.560785  0.492830  0.437636  0.643445  0.757558  0.485638  0.574209  0.822483  0.962402  0.830649  0.528553  0.431463  0.405809  0.420290  0.843781  0.406695  0.535698  0.534073  0.442214  0.363514  0.430105  0.558818  0.543208  0.619902  0.418020  0.575091  0.750808  0.581041  0.412791  0.533004  0.442626  0.402966  0.639476  0.440399  0.503062  0.359500  0.460987  0.760102 
32  0.675434  0.492134  0.500094  0.533497  0.869014  0.663615  0.911518  0.654129  0.647721  0.521827  0.504651  0.507101  0.495584  0.525210  0.529805  0.451358  0.484364  0.661636  0.512483  0.538894  0.575624  0.763777  0.555121  0.433787  0.406903  0.496345  0.920968  0.540113  0.714856  0.625724  0.577388  0.495969 0.0  0.615578  0.595104  0.444042  0.487717  0.512324  0.660099  0.699537  0.526043  0.537879  0.873204  0.907197  0.734146  0.355945  0.636182  0.628103  0.572687  0.839241  0.585622  0.433491  0.363896  0.467494  0.441496  0.416771  0.634125  0.341580  0.564958  0.502460  0.578694  0.822584  0.628282  0.576623  0.462446  0.555676  0.553206  0.481216  0.455464  0.588248  0.530597  0.549657  0.690425 
33  0.741894  0.598770  0.505957  0.610109  0.754178  0.715570  0.744200  0.354880  0.364250  0.512165  0.582418  0.667887  0.595704  0.474461  0.578955  0.580830  0.454616  0.527737  0.604097  0.416496  0.477008  0.827379  0.395566  0.453761  0.484702  0.550537  0.822555  0.642809  0.753140  0.461730  0.460777  0.512760  0.615578 0.0  0.408763  0.579398  0.610964  0.562945  0.598400  0.767699  0.503411  0.650386  0.823081  0.920412  1.000000  0.536569  0.427318  0.452148  0.549893  0.759472  0.364320  0.465498  0.514914  0.547547  0.463669  0.571292  0.624604  0.646640  0.543040  0.441835  0.541215  0.888606  0.695171  0.455126  0.448219  0.527190  0.425676  0.509220  0.543918  0.342028  0.438598  0.465798  0.799885 
34  0.688951  0.516025  0.458046  0.551084  0.807934  0.682551  0.816245  0.468036  0.445551  0.481423  0.559639  0.452166  0.613517  0.394401  0.564722  0.607558  0.567897  0.396915  0.552092  0.415699  0.538012  0.779820  0.487228  0.531020  0.558328  0.453920  0.916472  0.633384  0.743859  0.456732  0.460540  0.411057  0.595104  0.408763 0.0  0.508650  0.556282  0.546086  0.682628  0.770656  0.486472  0.545831  0.812961  0.953025  0.821597  0.528907  0.477367  0.501596  0.530676  0.760082  0.431125  0.472119  0.574419  0.577288  0.445579  0.548275  0.602982  0.488016  0.545039  0.445904  0.600794  0.826480  0.659279  0.355232  0.392657  0.433241  0.420515  0.529028  0.549013  0.522331  0.369462  0.439776  0.737569 
35  0.639719  0.583838  0.649457  0.472804  0.663716  0.594324  0.782045  0.530946  0.592455  0.577286  0.646176  0.480325  0.553582  0.486675  0.566341  0.488675  0.515244  0.522268  0.364908  0.502614  0.603626  0.723099  0.508011  0.448549  0.509054  0.554309  0.766986  0.459666  0.542876  0.624009  0.627892  0.560785  0.444042  0.579398  0.508650 0.0  0.613472  0.518269  0.511868  0.660007  0.491576  0.522288  0.690211  0.778129  0.806844  0.579891  0.602187  0.563015  0.595285  0.716165  0.598734  0.537547  0.520546  0.461546  0.478951  0.522740  0.754799  0.562137  0.509706  0.564951  0.540236  0.721872  0.617211  0.451397  0.480687  0.512052  0.555134  0.540751  0.621573  0.464499  0.486944  0.425324  0.775179 
36  0.629759  0.374700  0.554951  0.434725  0.889814  0.782667  0.803679  0.544749  0.511871  0.516168  0.631282  0.498808  0.570555  0.541504  0.470270  0.567053  0.540029  0.608529  0.420409  0.596531  0.440364  0.879469  0.575639  0.440590  0.511342  0.562695  0.822458  0.538223  0.779905  0.646557  0.555745  0.492830  0.487717  0.610964  0.556282  0.613472 0.0  0.480531  0.699745  0.747195  0.401009  0.373053  0.827258  0.830986  0.737838  0.384764  0.447678  0.703781  0.550384  0.651961  0.558399  0.619797  0.459170  0.528339  0.421900  0.456726  0.746133  0.418295  0.483632  0.612301  0.549146  0.867526  0.618397  0.543800  0.533178  0.649999  0.500799  0.514539  0.432213  0.507081  0.547986  0.504187  0.697322 
37  0.660918  0.558381  0.498271  0.568093  0.773231  0.686158  0.818381  0.454166  0.439753  0.586871  0.590663  0.572287  0.589147  0.441686  0.506020  0.602894  0.479970  0.552386  0.564334  0.413237  0.479021  0.823157  0.479802  0.532848  0.575594  0.473609  0.769867  0.502861  0.601647  0.497285  0.534048  0.437636  0.512324  0.562945  0.546086  0.518269  0.480531 0.0  0.621036  0.851243  0.518813  0.497078  0.875322  0.819129  0.925370  0.551923  0.368758  0.485704  0.386700  0.794555  0.365456  0.561889  0.514213  0.569687  0.430760  0.488423  0.620522  0.573433  0.471040  0.485090  0.587457  0.816179  0.521325  0.364779  0.510519  0.460769  0.401384  0.510198  0.566474  0.477744  0.385530  0.571835  0.736654 
38  0.696418  0.593897  0.543057  0.636935  0.704633  0.559514  0.823650  0.606353  0.681028  0.648299  0.652087  0.568005  0.679650  0.666364  0.566072  0.565728  0.535159  0.606869  0.626082  0.631117  0.539516  0.854114  0.677205  0.569455  0.642709  0.703756  0.664683  0.576948  0.433503  0.472954  0.638651  0.643445  0.660099  0.598400  0.682628  0.511868  0.699745  0.621036 0.0  0.821215  0.597098  0.666967  0.838551  0.801298  0.788747  0.630308  0.554233  0.677480  0.490922  0.813558  0.608815  0.671156  0.637737  0.672620  0.515973  0.741271  0.670438  0.518866  0.610798  0.544470  0.579761  0.803641  0.551464  0.634322  0.627513  0.515032  0.648706  0.620345  0.672974  0.579384  0.554106  0.620291  0.809393 
39  0.625614  0.727465  0.766714  0.694118  0.769480  0.880038  0.745747  0.733890  0.724625  0.719248  0.714137  0.750052  0.776710  0.797769  0.772907  0.707093  0.729348  0.701160  0.776182  0.768912  0.818294  0.784914  0.880801  0.870385  0.755301  0.761859  0.755816  0.823294  0.698373  0.785168  0.749849  0.757558  0.699537  0.767699  0.770656  0.660007  0.747195  0.851243  0.821215 0.0  0.723530  0.722202  0.743091  0.739496  0.953217  0.782946  0.664087  0.871024  0.855084  0.771528  0.829488  0.675139  0.749074  0.774704  0.760271  0.624363  0.667523  0.866498  0.747065  0.821945  0.785232  0.733899  0.740514  0.848548  0.764549  0.784132  0.778256  0.687852  0.788621  0.740592  0.736165  0.824766  0.770456 
40  0.608174  0.471512  0.530602  0.471533  0.756682  0.660524  0.828452  0.557365  0.524333  0.466672  0.660054  0.581964  0.499302  0.469531  0.563682  0.675051  0.486355  0.570372  0.399683  0.590286  0.564735  0.902602  0.485016  0.446044  0.431641  0.576693  0.826687  0.560608  0.648460  0.562630  0.636926  0.485638  0.526043  0.503411  0.486472  0.491576  0.401009  0.518813  0.597098  0.723530 0.0  0.551287  0.806074  0.872903  0.916734  0.373826  0.572865  0.499371  0.565170  0.761063  0.577958  0.551265  0.523779  0.370710  0.595665  0.411248  0.693572  0.493968  0.570062  0.557275  0.515629  0.855111  0.755146  0.608186  0.452640  0.554128  0.544079  0.490681  0.365797  0.565704  0.513098  0.481122  0.845545 
41  0.648428  0.531785  0.572083  0.515927  0.729864  0.690796  0.790617  0.600652  0.563303  0.416725  0.595074  0.339534  0.422266  0.545300  0.555183  0.491208  0.531975  0.443230  0.514301  0.447924  0.603716  0.818056  0.345630  0.394980  0.441638  0.558362  0.808502  0.350423  0.764806  0.599548  0.518092  0.574209  0.537879  0.650386  0.545831  0.522288  0.373053  0.497078  0.666967  0.722202  0.551287 0.0  0.857095  0.811029  0.945489  0.465201  0.504637  0.478420  0.538647  0.762855  0.572578  0.458935  0.606150  0.596783  0.572218  0.497032  0.673385  0.542895  0.418430  0.560228  0.522416  0.809133  0.630853  0.641846  0.426835  0.545642  0.643797  0.513359  0.490149  0.512643  0.513179  0.542567  0.666493 
42  0.706364  0.872898  0.954774  0.820657  0.752681  0.836094  0.789532  0.824804  0.909134  0.855372  0.861775  0.729969  0.874982  0.952102  0.783931  0.839290  0.880121  0.739133  0.758959  0.879934  0.850051  0.749450  0.832452  0.844975  0.836447  0.906607  0.562538  0.848414  0.877777  0.914615  0.836257  0.822483  0.873204  0.823081  0.812961  0.690211  0.827258  0.875322  0.838551  0.743091  0.806074  0.857095 0.0  0.745955  0.824029  0.831213  0.821158  0.870415  0.885129  0.782605  0.877757  0.893898  0.778613  0.878556  0.938677  0.745011  0.625435  0.785170  0.815101  0.835374  0.810683  0.751500  0.809711  0.886472  0.838459  0.888185  0.862798  0.892783  0.863759  0.848354  0.887256  0.818288  0.786806 
43  0.611505  0.875248  0.836021  0.870154  0.777955  0.884366  0.974505  0.892167  0.867239  0.952263  0.912257  0.842793  0.817536  0.886854  0.858423  0.831373  0.805918  0.882873  0.938518  0.854453  0.917424  0.873820  0.883542  0.833307  0.834100  0.824829  0.789143  0.842155  0.832091  0.927327  0.917341  0.962402  0.907197  0.920412  0.953025  0.778129  0.830986  0.819129  0.801298  0.739496  0.872903  0.811029  0.745955 0.0  0.815023  0.858293  0.757173  0.930135  0.905999  0.672859  0.933348  0.803529  0.977700  0.925962  0.826780  0.964358  0.535438  0.910713  0.847526  0.791946  0.786802  0.802765  0.846222  0.887151  0.834445  0.790359  0.863229  0.856968  0.803746  0.830695  0.788857  0.828829  0.726483 
44  0.791593  0.895246  0.833470  0.891916  0.846668  0.848442  0.808215  0.892880  0.760521  0.849707  0.834631  0.758156  0.829270  0.769311  0.881435  0.870037  0.923027  0.748204  0.929661  0.880372  0.863860  0.858738  0.847353  0.778734  0.871797  0.787133  0.859524  0.824538  0.846791  0.785911  0.844284  0.830649  0.734146  1.000000  0.821597  0.806844  0.737838  0.925370  0.788747  0.953217  0.916734  0.945489  0.824029  0.815023 0.0  0.790313  0.680059  0.800363  0.795168  0.904249  0.702235  0.806417  0.896269  0.838818  0.847457  0.896374  0.887373  0.875129  0.909366  0.869825  0.766945  0.839174  0.876988  0.790749  0.810833  0.940143  0.838858  0.790192  0.830450  0.762055  0.813686  0.782483  0.818994 
45  0.682461  0.544221  0.517114  0.562938  0.708686  0.569894  0.817233  0.449285  0.436263  0.514077  0.755721  0.498791  0.506094  0.557780  0.431922  0.537726  0.499161  0.661374  0.384653  0.602548  0.577385  0.872560  0.574446  0.568103  0.530268  0.423927  0.858307  0.628142  0.703781  0.583977  0.620300  0.528553  0.355945  0.536569  0.528907  0.579891  0.384764  0.551923  0.630308  0.782946  0.373826  0.465201  0.831213  0.858293  0.790313 0.0  0.514919  0.482453  0.487919  0.860563  0.495631  0.400279  0.512046  0.564807  0.549458  0.447325  0.507895  0.328611  0.451496  0.553350  0.482564  0.878164  0.636603  0.666009  0.644213  0.545731  0.596451  0.540714  0.513631  0.590455  0.552376  0.472731  0.697164 
46  0.629241  0.489010  0.549982  0.599657  0.967095  0.679405  0.912374  0.471277  0.382810  0.536217  0.522599  0.490437  0.605534  0.477814  0.524026  0.531774  0.599065  0.554412  0.589062  0.603092  0.473066  0.871849  0.509442  0.515499  0.507272  0.354267  0.959901  0.499250  0.720471  0.530204  0.456568  0.431463  0.636182  0.427318  0.477367  0.602187  0.447678  0.368758  0.554233  0.664087  0.572865  0.504637  0.821158  0.757173  0.680059  0.514919 0.0  0.344793  0.523694  0.835951  0.369283  0.610602  0.622763  0.516585  0.465275  0.576408  0.688586  0.504159  0.583135  0.483981  0.608690  0.823062  0.632173  0.401515  0.427326  0.415261  0.393015  0.460986  0.616843  0.423439  0.373176  0.463846  0.675533 
47  0.660006  0.596790  0.562703  0.570268  0.745756  0.634954  0.811100  0.401918  0.380029  0.435781  0.617648  0.587685  0.560796  0.470873  0.596431  0.567046  0.571273  0.598693  0.495473  0.394011  0.433988  0.819932  0.477396  0.561841  0.522467  0.435902  0.860558  0.546645  0.584629  0.363304  0.427644  0.405809  0.628103  0.452148  0.501596  0.563015  0.703781  0.485704  0.677480  0.871024  0.499371  0.478420  0.870415  0.930135  0.800363  0.482453  0.344793 0.0  0.535366  0.800800  0.532224  0.541319  0.517343  0.662880  0.491291  0.514460  0.664650  0.580545  0.616839  0.451795  0.507401  0.779068  0.622442  0.429263  0.397110  0.470075  0.520942  0.613222  0.502064  0.444452  0.499198  0.485233  0.734163 
48  0.648199  0.577379  0.507759  0.598624  0.821824  0.699555  0.767456  0.340732  0.525461  0.433680  0.618653  0.429345  0.543458  0.541438  0.467429  0.439974  0.555434  0.451748  0.495495  0.509830  0.433935  0.855127  0.403534  0.616081  0.499417  0.434927  0.865557  0.516771  0.755892  0.514365  0.489700  0.420290  0.572687  0.549893  0.530676  0.595285  0.550384  0.386700  0.490922  0.855084  0.565170  0.538647  0.885129  0.905999  0.795168  0.487919  0.523694  0.535366 0.0  0.692114  0.497544  0.530115  0.418438  0.433244  0.452012  0.523147  0.671084  0.493599  0.421950  0.509453  0.561774  0.774743  0.579628  0.505830  0.487074  0.343907  0.501696  0.517850  0.389138  0.503594  0.497306  0.589299  0.726298 
49  0.552603  0.780945  0.734361  0.838200  0.777690  0.845840  0.775288  0.715392  0.769257  0.813810  0.833904  0.845728  0.726343  0.805081  0.728459  0.834978  0.779004  0.894633  0.872931  0.755384  0.851158  0.831999  0.660814  0.804093  0.851150  0.784581  0.839911  0.803172  0.778315  0.864220  0.712081  0.843781  0.839241  0.759472  0.760082  0.716165  0.651961  0.794555  0.813558  0.771528  0.761063  0.762855  0.782605  0.672859  0.904249  0.860563  0.835951  0.800800  0.692114 0.0  0.862138  0.845796  0.747270  0.860821  0.833699  0.743884  0.536647  0.711682  0.767531  0.789859  0.802207  0.809049  0.937023  0.854661  0.784027  0.857475  0.838671  0.858200  0.906282  0.806845  0.891478  0.861194  0.709582 
50  0.649890  0.603652  0.510316  0.475862  0.728938  0.653524  0.728250  0.406001  0.515785  0.450483  0.617997  0.485744  0.591478  0.457919  0.546281  0.556244  0.496857  0.514400  0.553571  0.501083  0.646327  0.835856  0.523116  0.527539  0.646327  0.417089  0.979442  0.529223  0.587558  0.466685  0.433367  0.406695  0.585622  0.364320  0.431125  0.598734  0.558399  0.365456  0.608815  0.829488  0.577958  0.572578  0.877757  0.933348  0.702235  0.495631  0.369283  0.532224  0.497544  0.862138 0.0  0.503417  0.514580  0.555834  0.545889  0.501035  0.596132  0.593030  0.585169  0.420657  0.480634  0.859087  0.538590  0.441743  0.483140  0.502235  0.452787  0.501680  0.532823  0.469153  0.417740  0.445354  0.669183 
51  0.670838  0.480291  0.508732  0.530835  0.758155  0.615842  0.893703  0.470406  0.490913  0.558351  0.588313  0.572169  0.485553  0.528223  0.437164  0.400745  0.476763  0.532191  0.437325  0.453309  0.447271  0.721760  0.512229  0.505581  0.520212  0.488237  0.812316  0.503756  0.696785  0.650805  0.617378  0.535698  0.433491  0.465498  0.472119  0.537547  0.619797  0.561889  0.671156  0.675139  0.551265  0.458935  0.893898  0.803529  0.806417  0.400279  0.610602  0.541319  0.530115  0.845796  0.503417 0.0  0.445475  0.434675  0.334549  0.486666  0.623910  0.482226  0.470026  0.595573  0.599780  0.841971  0.658134  0.547257  0.561477  0.649785  0.603382  0.582297  0.468413  0.543052  0.653770  0.644481  0.714866 
52  0.626964  0.458580  0.642849  0.449974  0.840650  0.717442  0.927957  0.514164  0.709141  0.430965  0.611910  0.532792  0.487138  0.578640  0.395800  0.386517  0.486348  0.507356  0.514291  0.716426  0.604276  0.823811  0.565557  0.422039  0.493932  0.580677  0.878131  0.492890  0.644196  0.467920  0.557150  0.534073  0.363896  0.514914  0.574419  0.520546  0.459170  0.514213  0.637737  0.749074  0.523779  0.606150  0.778613  0.977700  0.896269  0.512046  0.622763  0.517343  0.418438  0.747270  0.514580  0.445475 0.0  0.493290  0.467273  0.501005  0.611667  0.406517  0.568448  0.597510  0.533647  0.879670  0.685326  0.619247  0.475605  0.548694  0.587943  0.483458  0.601767  0.584921  0.531764  0.605161  0.703727 
53  0.704842  0.430315  0.488689  0.592597  0.846317  0.649233  0.868043  0.552026  0.622180  0.472969  0.752144  0.471677  0.565399  0.453210  0.418779  0.457919  0.459335  0.544269  0.530281  0.643364  0.520815  0.839952  0.523328  0.487852  0.387460  0.551368  0.886740  0.364849  0.659757  0.564749  0.560701  0.442214  0.467494  0.547547  0.577288  0.461546  0.528339  0.569687  0.672620  0.774704  0.370710  0.596783  0.878556  0.925962  0.838818  0.564807  0.516585  0.662880  0.433244  0.860821  0.555834  0.434675  0.493290 0.0  0.494505  0.452735  0.576486  0.548032  0.488300  0.568283  0.527695  0.814054  0.587215  0.530848  0.540211  0.582827  0.545348  0.429911  0.480925  0.584929  0.651256  0.605443  0.716131 
