73
0 0.0  0.804050  0.689652  0.733534  0.794062  0.715886  0.615948  0.791654  0.754704  0.777701  0.662865  0.830866  0.751410  0.658618  0.727852  0.698562  0.818066  0.768646  0.673259  0.698658  0.761802  0.734732  0.660796  0.715214  0.667972  0.679081  0.702439  0.846595  0.765908  0.789860  0.649288  0.811937  0.661812  0.710954  0.729872  0.762454  0.681255  0.658811  0.641132  0.710454  0.811864  0.712317  0.711118  0.767714  0.748147  0.706914  0.709240  0.820307  0.741293  0.718146  0.834581  0.743076  0.726779  0.723203  0.761367  0.701125  0.860439  0.707299  0.700857  0.653723  0.712362  0.841973  0.612929  0.706400  0.702679  0.790283  0.679044  0.753489  0.758959  0.815341  0.809132  0.817121  0.688319 
1  0.804050 0.0  0.671019  0.826528  0.577453  0.599899  0.794102  0.484795  0.725597  0.394264  0.697816  0.475835  0.762267  0.565885  0.471459  0.456163  0.613062  0.556947  0.506516  0.419235  0.661722  0.522524  0.483435  0.615915  0.491395  0.787605  0.452427  0.634629  0.623518  0.382738  0.448624  0.737787  0.375215  0.526571  0.494243  0.511596  0.826182  0.598681  0.514255  0.482823  0.463880  0.517924  0.431903  0.561017  0.549781  0.482258  0.493017  0.648214  0.614298  0.777075  0.518697  0.553924  0.482645  0.588326  0.370126  0.528738  0.791083  0.489934  0.566301  0.516060  0.919954  0.611829  0.573187  0.562461  0.528689  0.877354  0.589436  0.519390  0.558862  0.506916  0.515835  0.421140  0.468462 
2  0.689652  0.671019 0.0  0.856905  0.660750  0.587681  0.774627  0.554907  0.789457  0.622693  0.698023  0.582850  0.779522  0.509190  0.653857  0.594951  0.622044  0.671917  0.543124  0.591970  0.591044  0.569264  0.539118  0.718081  0.557421  0.780463  0.604795  0.521254  0.616326  0.718677  0.678955  0.740176  0.617655  0.554638  0.576119  0.660409  0.891888  0.577329  0.505423  0.644263  0.638143  0.555979  0.626670  0.579029  0.526316  0.630382  0.657878  0.672181  0.556414  0.745155  0.647973  0.577310  0.583933  0.538575  0.655147  0.670877  0.734443  0.529893  0.601465  0.631188  0.794136  0.757517  0.570485  0.618252  0.575652  0.865720  0.663292  0.661846  0.639563  0.603181  0.622698  0.632324  0.607692 
3  0.733534  0.826528  0.856905 0.0  0.781266  0.823208  0.902785  0.737337  0.360791  0.846867  0.843534  0.843556  0.715368  0.659713  0.880065  0.857011  0.866354  0.765537  0.865368  0.838059  0.852262  0.773624  0.677369  0.820312  0.847037  0.831161  0.844224  0.709213  0.872517  0.773464  0.834228  0.845758  0.867133  0.808958  0.914153  0.770417  0.846175  0.641211  0.833658  0.814354  0.841091  0.838386  0.789909  0.733727  0.836413  0.789940  0.889740  0.557190  0.932004  0.829020  0.785372  0.856063  0.913005  0.869148  0.771696  0.799547  0.823737  0.828948  0.884874  0.876971  0.788545  0.855700  0.703361  0.872982  0.822347  0.869566  0.827956  0.811421  0.784862  0.738834  0.734825  0.896230  0.802376 
4  0.794062  0.577453  0.660750  0.781266 0.0  0.514471  0.817223  0.495137  0.762906  0.599746  0.692271  0.630807  0.686710  0.479341  0.504290  0.458668  0.438089  0.478524  0.514221  0.527082  0.672870  0.646356  0.547858  0.596482  0.417683  0.758510  0.480330  0.695258  0.538481  0.485327  0.668593  0.831071  0.580135  0.611389  0.451166  0.605985  0.836691  0.602257  0.488769  0.536701  0.578192  0.380887  0.467048  0.582217  0.528766  0.274293  0.583421  0.816617  0.404678  0.919740  0.469763  0.619165  0.591592  0.350739  0.386186  0.427607  0.688329  0.555861  0.461748  0.407243  0.792510  0.373639  0.519202  0.442517  0.557939  0.777889  0.543619  0.341703  0.447944  0.377875  0.615172  0.463759  0.390068 
5  0.715886  0.599899  0.587681  0.823208  0.514471 0.0  0.718005  0.511474  0.794639  0.448291  0.618365  0.530343  0.823571  0.465660  0.466158  0.521980  0.482199  0.484483  0.520314  0.424552  0.709160  0.477121  0.486298  0.625952  0.558386  0.800780  0.465381  0.479235  0.508433  0.443723  0.611631  0.802370  0.410501  0.400073  0.539950  0.530870  0.790230  0.703118  0.353701  0.552170  0.422500  0.550132  0.459006  0.584719  0.503075  0.381197  0.511437  0.743342  0.630812  0.848456  0.585081  0.563581  0.442826  0.512191  0.484661  0.590979  0.892093  0.419817  0.570577  0.680655  0.840802  0.445317  0.702024  0.590876  0.410817  0.789230  0.654930  0.650170  0.609051  0.545158  0.419308  0.483061  0.519875 
6  0.615948  0.794102  0.774627  0.902785  0.817223  0.718005 0.0  0.753587  0.782951  0.821691  0.697580  0.711294  0.586240  0.721912  0.774540  0.795520  0.786583  0.709302  0.880743  0.778505  0.803158  0.931008  0.747594  0.751866  0.814442  0.785065  0.716051  0.843164  0.788314  0.882766  0.841042  0.738134  0.728596  0.658496  0.781902  0.781286  0.771016  0.683636  0.736815  0.767049  0.749254  0.828005  0.798262  0.715768  0.708744  0.797008  0.820407  0.726348  0.682456  0.701544  0.824563  0.753455  0.760097  0.785106  0.700887  0.821237  0.884382  0.794642  0.753069  0.778321  0.773862  0.821554  0.614645  0.846030  0.814609  0.707999  0.853683  0.833000  0.785183  0.726260  0.825655  0.948782  0.807605 
7  0.791654  0.484795  0.554907  0.737337  0.495137  0.511474  0.753587 0.0  0.763686  0.517835  0.790220  0.474725  0.750910  0.519280  0.476494  0.462689  0.538117  0.599342  0.405035  0.469033  0.624820  0.414635  0.539633  0.515308  0.593806  0.765533  0.406230  0.687074  0.486027  0.427281  0.500633  0.943615  0.444487  0.416535  0.506190  0.481115  0.777349  0.710547  0.463901  0.591906  0.465427  0.592962  0.553163  0.428380  0.531301  0.460956  0.577971  0.764861  0.562343  0.854632  0.659326  0.573795  0.531131  0.461239  0.413203  0.549928  0.839901  0.499836  0.510071  0.568939  0.952550  0.460538  0.595013  0.433346  0.394875  0.865512  0.392370  0.542459  0.569934  0.578329  0.413542  0.537009  0.631543 
8  0.754704  0.725597  0.789457  0.360791  0.762906  0.794639  0.782951  0.763686 0.0  0.740182  0.882605  0.775254  0.687610  0.773643  0.803039  0.850943  0.790839  0.849943  0.763563  0.888361  0.754343  0.816635  0.842095  0.792257  0.825930  0.762353  0.664703  0.808694  0.849491  0.739396  0.811573  0.836514  0.831777  0.842218  0.761128  0.755595  0.843392  0.669237  0.869011  0.874649  0.780527  0.852657  0.941332  0.810241  0.754232  0.832391  0.859735  0.648669  0.870797  0.863437  0.908355  0.856313  0.949106  0.740035  0.850701  0.821368  0.781110  0.776176  0.697514  0.780791  0.735235  0.841242  0.770762  0.822121  0.772414  0.770489  0.790900  0.801048  0.908350  0.927600  0.766308  0.848078  0.897053 
9  0.777701  0.394264  0.622693  0.846867  0.599746  0.448291  0.821691  0.517835  0.740182 0.0  0.587499  0.588270  0.781954  0.572360  0.622141  0.528506  0.529450  0.499725  0.542081  0.439063  0.620063  0.447748  0.402480  0.536703  0.590099  0.872167  0.459477  0.577331  0.349437  0.387730  0.400012  0.875965  0.436929  0.460916  0.478810  0.414159  0.907942  0.621163  0.452200  0.561301  0.406508  0.569069  0.396863  0.480667  0.495979  0.598587  0.457042  0.804871  0.529541  0.881748  0.554112  0.486581  0.420665  0.588008  0.460175  0.545218  0.783854  0.442056  0.518103  0.651271  0.874418  0.487783  0.514153  0.579382  0.405511  0.883574  0.444897  0.486454  0.406656  0.549681  0.481873  0.500902  0.433535 
10  0.662865  0.697816  0.698023  0.843534  0.692271  0.618365  0.697580  0.790220  0.882605  0.587499 0.0  0.616305  0.710315  0.555671  0.713292  0.644270  0.591045  0.668138  0.622863  0.538000  0.498179  0.743790  0.729836  0.599214  0.641327  0.870647  0.699621  0.352966  0.750134  0.646501  0.601792  0.889909  0.663098  0.654504  0.559895  0.698036  0.806680  0.578061  0.703737  0.708484  0.567350  0.665303  0.653626  0.750803  0.531957  0.606959  0.652353  0.729916  0.636799  0.811783  0.646696  0.611965  0.706311  0.703304  0.652359  0.651932  0.699778  0.750739  0.606984  0.684238  0.775158  0.732178  0.590941  0.584241  0.654823  0.758071  0.697420  0.721399  0.638497  0.540378  0.595413  0.565296  0.615158 
11  0.830866  0.475835  0.582850  0.843556  0.630807  0.530343  0.711294  0.474725  0.775254  0.588270  0.616305 0.0  0.831509  0.506983  0.473990  0.543827  0.575220  0.457103  0.370859  0.485558  0.644354  0.520038  0.530768  0.738390  0.591829  0.741410  0.491634  0.628142  0.590822  0.466719  0.431044  0.799415  0.456797  0.431174  0.526109  0.451212  0.811367  0.694893  0.566189  0.493253  0.402308  0.599271  0.473689  0.462969  0.568807  0.488153  0.497328  0.715446  0.658511  0.762322  0.578561  0.649381  0.516240  0.423170  0.467450  0.569337  0.827759  0.579483  0.560214  0.487953  0.790792  0.635812  0.694849  0.615179  0.635106  0.782329  0.408776  0.552467  0.509046  0.589676  0.477166  0.461434  0.559037 
12  0.751410  0.762267  0.779522  0.715368  0.686710  0.823571  0.586240  0.750910  0.687610  0.781954  0.710315  0.831509 0.0  0.795093  0.663487  0.642235  0.728689  0.848091  0.611608  0.645050  0.726561  0.620739  0.684502  0.620510  0.658180  0.688263  0.647067  0.757494  0.718181  0.867169  0.726439  0.706008  0.683779  0.660782  0.618076  0.738172  0.627219  0.632543  0.706171  0.697933  0.742155  0.717256  0.646668  0.644285  0.645676  0.769764  0.724103  0.703861  0.767150  0.783498  0.821713  0.737785  0.719347  0.700832  0.731696  0.736905  0.683797  0.806373  0.665770  0.736040  0.737483  0.706839  0.636629  0.727606  0.677548  0.788116  0.737686  0.740970  0.791140  0.713109  0.728304  0.709011  0.767627 
13  0.658618  0.565885  0.509190  0.659713  0.479341  0.465660  0.721912  0.519280  0.773643  0.572360  0.555671  0.506983  0.795093 0.0  0.554981  0.573358  0.571982  0.517927  0.582157  0.461750  0.553289  0.563939  0.505312  0.559767  0.501494  0.765105  0.541926  0.533171  0.529124  0.646513  0.473309  0.774565  0.463611  0.610420  0.491356  0.587798  0.688214  0.722659  0.532715  0.511821  0.547991  0.441104  0.556042  0.566104  0.360688  0.548254  0.440910  0.801144  0.502195  0.661054  0.437371  0.561615  0.579599  0.457383  0.530105  0.400023  0.761492  0.670583  0.553505  0.547477  0.748275  0.556566  0.747389  0.488793  0.435221  0.801008  0.460366  0.531105  0.650249  0.599814  0.552958  0.465640  0.678714 
14  0.727852  0.471459  0.653857  0.880065  0.504290  0.466158  0.774540  0.476494  0.803039  0.622141  0.713292  0.473990  0.663487  0.554981 0.0  0.549588  0.671434  0.552946  0.466520  0.502704  0.622169  0.424891  0.473915  0.528456  0.527716  0.748757  0.581495  0.695806  0.514704  0.355244  0.370621  0.801948  0.502856  0.506309  0.458125  0.460472  0.766527  0.658877  0.410154  0.562433  0.535859  0.600859  0.400074  0.446896  0.426776  0.513177  0.489715  0.685085  0.599998  0.821727  0.531656  0.550030  0.520085  0.514381  0.428333  0.453862  0.721152  0.556160  0.521590  0.566677  0.880140  0.422176  0.669889  0.482460  0.517210  0.899348  0.461091  0.623508  0.481767  0.560996  0.485192  0.576401  0.594759 
15  0.698562  0.456163  0.594951  0.857011  0.458668  0.521980  0.795520  0.462689  0.850943  0.528506  0.644270  0.543827  0.642235  0.573358  0.549588 0.0  0.416331  0.443822  0.540193  0.450603  0.586975  0.585961  0.538347  0.418684  0.361005  0.753774  0.649678  0.667286  0.455719  0.464737  0.567696  0.777919  0.479492  0.597742  0.514008  0.518936  0.832357  0.562987  0.451653  0.538908  0.611844  0.497198  0.399078  0.498186  0.486735  0.460748  0.417491  0.777560  0.463720  0.856264  0.504105  0.545031  0.512289  0.497222  0.410213  0.427366  0.843371  0.556319  0.432691  0.388603  0.839897  0.478317  0.701354  0.394909  0.481604  0.862707  0.446160  0.389588  0.502336  0.501687  0.580939  0.474758  0.306243 
16  0.818066  0.613062  0.622044  0.866354  0.438089  0.482199  0.786583  0.538117  0.790839  0.529450  0.591045  0.575220  0.728689  0.571982  0.671434  0.416331 0.0  0.419215  0.469918  0.629961  0.592547  0.526305  0.481548  0.530290  0.467141  0.680485  0.620441  0.653486  0.527070  0.514408  0.580776  0.713110  0.494468  0.478774  0.555953  0.511730  0.667527  0.684963  0.510029  0.473892  0.547544  0.430772  0.420353  0.566883  0.577545  0.499525  0.388772  0.689126  0.340099  0.798239  0.570842  0.518595  0.539562  0.401065  0.551780  0.467056  0.760688  0.479547  0.424445  0.376225  0.878923  0.504090  0.590345  0.387568  0.481672  0.782224  0.538763  0.321693  0.441388  0.456128  0.494267  0.402981  0.491219 
17  0.768646  0.556947  0.671917  0.765537  0.478524  0.484483  0.709302  0.599342  0.849943  0.499725  0.668138  0.457103  0.848091  0.517927  0.552946  0.443822  0.419215 0.0  0.563760  0.539231  0.669128  0.527376  0.487543  0.565611  0.462311  0.765385  0.486456  0.632003  0.475846  0.551075  0.539621  0.830846  0.579645  0.501811  0.496773  0.564043  0.712199  0.654572  0.568023  0.388373  0.485456  0.466760  0.454118  0.514827  0.493645  0.332689  0.516423  0.726104  0.402548  0.895480  0.591869  0.581123  0.510484  0.549956  0.571929  0.426607  0.690980  0.484151  0.360012  0.435221  0.889933  0.455258  0.594951  0.359492  0.528771  0.702834  0.524556  0.428864  0.351754  0.361416  0.535686  0.392615  0.375593 
18  0.673259  0.506516  0.543124  0.865368  0.514221  0.520314  0.880743  0.405035  0.763563  0.542081  0.622863  0.370859  0.611608  0.582157  0.466520  0.540193  0.469918  0.563760 0.0  0.508899  0.701619  0.410918  0.407270  0.520057  0.520920  0.812115  0.502945  0.602655  0.364896  0.483921  0.473820  0.874542  0.468784  0.429007  0.479387  0.455191  0.816343  0.652876  0.469687  0.576829  0.498561  0.581442  0.480073  0.512379  0.545483  0.554571  0.493570  0.758938  0.597331  0.875463  0.491062  0.518513  0.506643  0.544671  0.604160  0.561235  0.819872  0.509540  0.523957  0.532823  0.904774  0.534964  0.621969  0.489148  0.543207  0.884899  0.535375  0.510790  0.447454  0.575169  0.368854  0.552143  0.531257 
19  0.698658  0.419235  0.591970  0.838059  0.527082  0.424552  0.778505  0.469033  0.888361  0.439063  0.538000  0.485558  0.645050  0.461750  0.502704  0.450603  0.629961  0.539231  0.508899 0.0  0.622685  0.536030  0.490903  0.555065  0.565034  0.657461  0.475226  0.589684  0.515622  0.554518  0.504644  0.885043  0.622504  0.421335  0.412588  0.499125  0.774085  0.725417  0.466300  0.549734  0.448061  0.472980  0.424432  0.516851  0.501369  0.524901  0.538566  0.715479  0.542291  0.768255  0.477492  0.472618  0.521612  0.458359  0.410069  0.439292  0.757403  0.515791  0.591624  0.480123  0.814022  0.528070  0.604460  0.437928  0.403043  0.822297  0.449701  0.487959  0.464842  0.555789  0.504215  0.502645  0.542793 
20  0.761802  0.661722  0.591044  0.852262  0.672870  0.709160  0.803158  0.624820  0.754343  0.620063  0.498179  0.644354  0.726561  0.553289  0.622169  0.586975  0.592547  0.669128  0.701619  0.622685 0.0  0.548344  0.608203  0.541443  0.697523  0.741964  0.590332  0.427128  0.664842  0.561084  0.685119  0.770054  0.695381  0.568281  0.566745  0.674036  0.805837  0.602339  0.544372  0.626443  0.861990  0.595186  0.625511  0.607063  0.488984  0.622669  0.598966  0.729562  0.586296  0.819808  0.533895  0.676763  0.529993  0.578377  0.609586  0.575404  0.790882  0.704478  0.682388  0.505803  0.936997  0.608629  0.647584  0.654045  0.607728  0.819193  0.613758  0.681079  0.638578  0.556168  0.535552  0.537818  0.544893 
21  0.734732  0.522524  0.569264  0.773624  0.646356  0.477121  0.931008  0.414635  0.816635  0.447748  0.743790  0.520038  0.620739  0.563939  0.424891  0.585961  0.526305  0.527376  0.410918  0.536030  0.548344 0.0  0.416979  0.643022  0.509108  0.816645  0.397630  0.604482  0.448081  0.396537  0.484540  0.865161  0.443147  0.487289  0.567931  0.503139  0.804446  0.580764  0.526452  0.544620  0.475366  0.497066  0.433099  0.481927  0.546641  0.590648  0.545618  0.759605  0.556727  0.931990  0.503763  0.592859  0.613518  0.513756  0.552721  0.564369  0.851525  0.436947  0.533938  0.499105  0.875890  0.518160  0.651829  0.538744  0.497260  0.764905  0.399304  0.529478  0.593858  0.580128  0.346481  0.447792  0.465244 
22  0.660796  0.483435  0.539118  0.677369  0.547858  0.486298  0.747594  0.539633  0.842095  0.402480  0.729836  0.530768  0.684502  0.505312  0.473915  0.538347  0.481548  0.487543  0.407270  0.490903  0.608203  0.416979 0.0  0.600319  0.601016  0.741744  0.504288  0.587885  0.547588  0.547302  0.380596  0.759717  0.351087  0.488846  0.447198  0.510831  0.857123  0.564655  0.560485  0.427902  0.533949  0.549944  0.338674  0.400158  0.516745  0.428710  0.536895  0.664472  0.489777  0.956891  0.646156  0.512965  0.516014  0.545252  0.398126  0.416569  0.685655  0.517266  0.591727  0.559742  0.871283  0.598505  0.564701  0.549081  0.490930  0.742503  0.473908  0.598789  0.504604  0.512219  0.471093  0.547203  0.541350 
23  0.715214  0.615915  0.718081  0.820312  0.596482  0.625952  0.751866  0.515308  0.792257  0.536703  0.599214  0.738390  0.620510  0.559767  0.528456  0.418684  0.530290  0.565611  0.520057  0.555065  0.541443  0.643022  0.600319 0.0  0.565293  0.770059  0.429227  0.738674  0.588981  0.558102  0.678826  0.919780  0.650970  0.525952  0.557351  0.491774  0.823574  0.585072  0.557728  0.602644  0.584263  0.699055  0.670875  0.691966  0.680034  0.568832  0.550901  0.611942  0.575501  0.921717  0.578660  0.519123  0.563164  0.559400  0.462362  0.642814  0.826787  0.638492  0.642010  0.599813  0.857433  0.661461  0.600504  0.603039  0.486736  0.750245  0.543008  0.481431  0.619903  0.641235  0.616616  0.694099  0.604153 
24  0.667972  0.491395  0.557421  0.847037  0.417683  0.558386  0.814442  0.593806  0.825930  0.590099  0.641327  0.591829  0.658180  0.501494  0.527716  0.361005  0.467141  0.462311  0.520920  0.565034  0.697523  0.509108  0.601016  0.565293 0.0  0.893431  0.593237  0.555645  0.571730  0.611621  0.471669  0.942157  0.562800  0.598271  0.570216  0.484523  0.659474  0.648883  0.528127  0.463583  0.588984  0.462128  0.470993  0.561860  0.517918  0.535978  0.245063  0.735201  0.474365  0.796258  0.492796  0.506490  0.499576  0.396991  0.529840  0.517850  0.670298  0.553918  0.537864  0.449091  0.828407  0.384353  0.795504  0.448029  0.678244  0.884748  0.601890  0.396062  0.508718  0.458356  0.519487  0.409881  0.306917 
25  0.679081  0.787605  0.780463  0.831161  0.758510  0.800780  0.785065  0.765533  0.762353  0.872167  0.870647  0.741410  0.688263  0.765105  0.748757  0.753774  0.680485  0.765385  0.812115  0.657461  0.741964  0.816645  0.741744  0.770059  0.893431 0.0  0.831344  0.842759  0.754743  0.855291  0.799297  0.826572  0.770757  0.752353  0.737757  0.823981  0.697886  0.602307  0.784169  0.780384  0.844631  0.728651  0.823706  0.728403  0.837646  0.720014  0.830597  0.741814  0.811154  0.761680  0.799723  0.767306  0.758330  0.693346  0.753691  0.755002  0.720365  0.800552  0.749138  0.805530  0.749294  0.809782  0.583683  0.869473  0.842201  0.806414  0.807821  0.744981  0.835235  0.699394  0.785770  0.829947  0.753581 
26  0.702439  0.452427  0.604795  0.844224  0.480330  0.465381  0.716051  0.406230  0.664703  0.459477  0.699621  0.491634  0.647067  0.541926  0.581495  0.649678  0.620441  0.486456  0.502945  0.475226  0.590332  0.397630  0.504288  0.429227  0.593237  0.831344 0.0  0.706687  0.563236  0.448081  0.347825  0.834708  0.460484  0.485139  0.465252  0.460519  0.832174  0.515821  0.460744  0.485757  0.390652  0.463634  0.489333  0.434165  0.416179  0.520480  0.473470  0.679206  0.528067  0.946161  0.380583  0.484386  0.462135  0.552407  0.501430  0.561487  0.834733  0.514021  0.439408  0.551262  0.887477  0.419423  0.700248  0.535784  0.509810  0.939514  0.424061  0.533189  0.561146  0.387420  0.467709  0.574601  0.517367 
27  0.846595  0.634629  0.521254  0.709213  0.695258  0.479235  0.843164  0.687074  0.808694  0.577331  0.352966  0.628142  0.757494  0.533171  0.695806  0.667286  0.653486  0.632003  0.602655  0.589684  0.427128  0.604482  0.587885  0.738674  0.555645  0.842759  0.706687 0.0  0.546799  0.599664  0.642026  0.779309  0.650927  0.567634  0.578889  0.613654  0.631606  0.660744  0.567757  0.636301  0.600010  0.651313  0.685455  0.554716  0.522602  0.603419  0.531806  0.807684  0.648126  0.662505  0.583435  0.565049  0.682500  0.662709  0.590923  0.643877  0.845888  0.666662  0.638639  0.646649  0.840291  0.716162  0.526169  0.605777  0.622574  0.727129  0.650716  0.628491  0.651270  0.649886  0.547219  0.608209  0.540386 
28  0.765908  0.623518  0.616326  0.872517  0.538481  0.508433  0.788314  0.486027  0.849491  0.349437  0.750134  0.590822  0.718181  0.529124  0.514704  0.455719  0.527070  0.475846  0.364896  0.515622  0.664842  0.448081  0.547588  0.588981  0.571730  0.754743  0.563236  0.546799 0.0  0.353852  0.605181  0.836544  0.489873  0.446981  0.564707  0.506593  0.804122  0.703057  0.338223  0.469387  0.450105  0.393319  0.398193  0.470228  0.581379  0.664178  0.347750  0.672471  0.577868  0.857236  0.496906  0.553668  0.272551  0.560710  0.475717  0.574472  0.744993  0.406710  0.522491  0.572024  0.860624  0.501126  0.703731  0.476563  0.425480  0.721514  0.511057  0.507267  0.562852  0.532118  0.416156  0.613046  0.419044 
29  0.789860  0.382738  0.718677  0.773464  0.485327  0.443723  0.882766  0.427281  0.739396  0.387730  0.646501  0.466719  0.867169  0.646513  0.355244  0.464737  0.514408  0.551075  0.483921  0.554518  0.561084  0.396537  0.547302  0.558102  0.611621  0.855291  0.448081  0.599664  0.353852 0.0  0.459615  0.782860  0.485770  0.516577  0.483247  0.437135  0.823893  0.557868  0.415697  0.455083  0.471023  0.536296  0.437326  0.414363  0.688867  0.575033  0.476840  0.734041  0.476040  0.912968  0.521985  0.618027  0.403456  0.559698  0.454094  0.516321  0.848903  0.485822  0.479205  0.512921  0.811074  0.592541  0.572685  0.445984  0.495183  0.878018  0.448529  0.484462  0.507245  0.494434  0.381382  0.478030  0.489364 
30  0.649288  0.448624  0.678955  0.834228  0.668593  0.611631  0.841042  0.500633  0.811573  0.400012  0.601792  0.431044  0.726439  0.473309  0.370621  0.567696  0.580776  0.539621  0.473820  0.504644  0.685119  0.484540  0.380596  0.678826  0.471669  0.799297  0.347825  0.642026  0.605181  0.459615 0.0  0.823422  0.372714  0.448674  0.502097  0.543933  0.810050  0.655879  0.497148  0.486208  0.612563  0.505822  0.453436  0.333897  0.558269  0.655406  0.561250  0.719203  0.491795  0.926203  0.443340  0.541627  0.493746  0.538760  0.470626  0.601900  0.867124  0.397132  0.498103  0.508510  0.913124  0.571775  0.645320  0.542636  0.433764  0.866403  0.435453  0.674050  0.528774  0.483682  0.410999  0.556525  0.452305 
31  0.811937  0.737787  0.740176  0.845758  0.831071  0.802370  0.738134  0.943615  0.836514  0.875965  0.889909  0.799415  0.706008  0.774565  0.801948  0.777919  0.713110  0.830846  0.874542  0.885043  0.770054  0.865161  0.759717  0.919780  0.942157  0.826572  0.834708  0.779309  0.836544  0.782860  0.823422 0.0  0.689204  0.833526  0.739513  0.750969  0.557852  0.816087  0.862882  0.802160  0.804481  0.882085  0.926012  0.829511  0.761307  0.820391  0.874918  0.776085  0.832043  0.751343  0.823457  0.789937  0.790229  0.781944  0.852331  0.740168  0.870634  0.833785  0.839129  0.895807  0.794420  0.939392  0.662633  0.783302  0.857115  0.804257  0.898563  0.780203  0.785579  0.764253  0.771998  0.863707  0.794978 
32  0.661812  0.375215  0.617655  0.867133  0.580135  0.410501  0.728596  0.444487  0.831777  0.436929  0.663098  0.456797  0.683779  0.463611  0.502856  0.479492  0.494468  0.579645  0.468784  0.622504  0.695381  0.443147  0.351087  0.650970  0.562800  0.770757  0.460484  0.650927  0.489873  0.485770  0.372714  0.689204 0.0  0.371525  0.373107  0.484878  0.814121  0.604189  0.436070  0.626100  0.485555  0.551911  0.511828  0.475074  0.463798  0.474060  0.488615  0.826892  0.542354  0.860129  0.404787  0.493682  0.503832  0.573738  0.413088  0.395667  0.907139  0.413815  0.533297  0.521865  0.851435  0.572857  0.644065  0.596196  0.490303  0.885166  0.432958  0.475611  0.492408  0.515918  0.458190  0.615497  0.443794 
33  0.710954  0.526571  0.554638  0.808958  0.611389  0.400073  0.658496  0.416535  0.842218  0.460916  0.654504  0.431174  0.660782  0.610420  0.506309  0.597742  0.478774  0.501811  0.429007  0.421335  0.568281  0.487289  0.488846  0.525952  0.598271  0.752353  0.485139  0.567634  0.446981  0.516577  0.448674  0.833526  0.371525 0.0  0.495248  0.462898  0.806136  0.556942  0.518012  0.502167  0.499488  0.535132  0.612396  0.399734  0.468089  0.504451  0.529172  0.713515  0.534830  0.783130  0.524845  0.693300  0.517414  0.597666  0.505724  0.506096  0.803132  0.404213  0.582255  0.603973  0.864696  0.559298  0.703284  0.529766  0.488539  0.944119  0.470832  0.361160  0.489755  0.611099  0.325932  0.588437  0.540387 
34  0.729872  0.494243  0.576119  0.914153  0.451166  0.539950  0.781902  0.506190  0.761128  0.478810  0.559895  0.526109  0.618076  0.491356  0.458125  0.514008  0.555953  0.496773  0.479387  0.412588  0.566745  0.567931  0.447198  0.557351  0.570216  0.737757  0.465252  0.578889  0.564707  0.483247  0.502097  0.739513  0.373107  0.495248 0.0  0.474525  0.886242  0.585439  0.419752  0.455767  0.439305  0.523103  0.455905  0.485512  0.504944  0.560805  0.571992  0.738164  0.415723  0.740985  0.427520  0.670347  0.475951  0.553102  0.431472  0.415859  0.771251  0.526760  0.598469  0.478185  0.880578  0.587998  0.682413  0.497679  0.362583  0.947848  0.478760  0.560804  0.495813  0.544770  0.484098  0.514078  0.449746 
35  0.762454  0.511596  0.660409  0.770417  0.605985  0.530870  0.781286  0.481115  0.755595  0.414159  0.698036  0.451212  0.738172  0.587798  0.460472  0.518936  0.511730  0.564043  0.455191  0.499125  0.674036  0.503139  0.510831  0.491774  0.484523  0.823981  0.460519  0.613654  0.506593  0.437135  0.543933  0.750969  0.484878  0.462898  0.474525 0.0  0.828379  0.557672  0.602346  0.478736  0.604417  0.588848  0.527824  0.388696  0.548209  0.561682  0.451221  0.741592  0.453825  0.966652  0.503866  0.526538  0.511215  0.552580  0.449950  0.500484  0.751596  0.437129  0.547981  0.478568  0.938730  0.579643  0.617453  0.519152  0.419058  0.766115  0.442224  0.487754  0.552191  0.610863  0.397012  0.522816  0.531176 
36  0.681255  0.826182  0.891888  0.846175  0.836691  0.790230  0.771016  0.777349  0.843392  0.907942  0.806680  0.811367  0.627219  0.688214  0.766527  0.832357  0.667527  0.712199  0.816343  0.774085  0.805837  0.804446  0.857123  0.823574  0.659474  0.697886  0.832174  0.631606  0.804122  0.823893  0.810050  0.557852  0.814121  0.806136  0.886242  0.828379 0.0  0.683163  0.949664  0.719395  0.951838  0.828309  0.701919  0.797059  0.806324  0.736500  0.783182  0.779213  0.824574  0.843235  0.745601  0.794509  0.858399  0.808449  0.867050  0.917366  0.786019  0.881696  0.862971  0.756456  0.818069  0.863229  0.619210  0.692015  0.835688  0.843036  0.888608  0.870898  0.908925  0.816823  0.865942  0.873070  0.823632 
37  0.658811  0.598681  0.577329  0.641211  0.602257  0.703118  0.683636  0.710547  0.669237  0.621163  0.578061  0.694893  0.632543  0.722659  0.658877  0.562987  0.684963  0.654572  0.652876  0.725417  0.602339  0.580764  0.564655  0.585072  0.648883  0.602307  0.515821  0.660744  0.703057  0.557868  0.655879  0.816087  0.604189  0.556942  0.585439  0.557672  0.683163 0.0  0.576099  0.609113  0.587232  0.594237  0.699089  0.615918  0.647577  0.711202  0.614841  0.607352  0.711823  0.456086  0.660481  0.670698  0.686993  0.606784  0.580174  0.596333  0.749902  0.715016  0.608591  0.577935  0.530967  0.566282  0.468806  0.588098  0.705217  0.709260  0.696302  0.512135  0.570085  0.652714  0.628064  0.681481  0.632928 
38  0.641132  0.514255  0.505423  0.833658  0.488769  0.353701  0.736815  0.463901  0.869011  0.452200  0.703737  0.566189  0.706171  0.532715  0.410154  0.451653  0.510029  0.568023  0.469687  0.466300  0.544372  0.526452  0.560485  0.557728  0.528127  0.784169  0.460744  0.567757  0.338223  0.415697  0.497148  0.862882  0.436070  0.518012  0.419752  0.602346  0.949664  0.576099 0.0  0.439734  0.462154  0.547912  0.407992  0.543814  0.451641  0.639026  0.485121  0.680651  0.572364  0.791686  0.448460  0.508000  0.338134  0.534968  0.524806  0.622789  0.791795  0.363206  0.507573  0.506567  0.859196  0.550401  0.537322  0.548490  0.445082  0.941539  0.636323  0.625647  0.491642  0.476663  0.323014  0.548131  0.517547 
39  0.710454  0.482823  0.644263  0.814354  0.536701  0.552170  0.767049  0.591906  0.874649  0.561301  0.708484  0.493253  0.697933  0.511821  0.562433  0.538908  0.473892  0.388373  0.576829  0.549734  0.626443  0.544620  0.427902  0.602644  0.463583  0.780384  0.485757  0.636301  0.469387  0.455083  0.486208  0.802160  0.626100  0.502167  0.455767  0.478736  0.719395  0.609113  0.439734 0.0  0.497039  0.512087  0.440792  0.463987  0.557008  0.510877  0.381148  0.702101  0.399897  0.850899  0.531333  0.683626  0.466250  0.463224  0.473269  0.385553  0.769426  0.549551  0.482839  0.487571  0.766879  0.509196  0.561935  0.491784  0.607882  0.832169  0.559611  0.443801  0.513695  0.497616  0.520272  0.505799  0.446340 
40  0.811864  0.463880  0.638143  0.841091  0.578192  0.422500  0.749254  0.465427  0.780527  0.406508  0.567350  0.402308  0.742155  0.547991  0.535859  0.611844  0.547544  0.485456  0.498561  0.448061  0.861990  0.475366  0.533949  0.584263  0.588984  0.844631  0.390652  0.600010  0.450105  0.471023  0.612563  0.804481  0.485555  0.499488  0.439305  0.604417  0.951838  0.587232  0.462154  0.497039 0.0  0.560559  0.446895  0.395424  0.573762  0.599274  0.540472  0.637497  0.515482  0.761609  0.456794  0.661738  0.398623  0.568613  0.442310  0.530715  0.798254  0.409799  0.481929  0.556491  0.928239  0.538510  0.768686  0.440021  0.512637  0.784937  0.407864  0.508173  0.452106  0.580157  0.454732  0.471548  0.490773 
41  0.712317  0.517924  0.555979  0.838386  0.380887  0.550132  0.828005  0.592962  0.852657  0.569069  0.665303  0.599271  0.717256  0.441104  0.600859  0.497198  0.430772  0.466760  0.581442  0.472980  0.595186  0.497066  0.549944  0.699055  0.462128  0.728651  0.463634  0.651313  0.393319  0.536296  0.505822  0.882085  0.551911  0.535132  0.523103  0.588848  0.828309  0.594237  0.547912  0.512087  0.560559 0.0  0.443122  0.586144  0.519403  0.477587  0.595732  0.792322  0.468707  0.835006  0.501490  0.623078  0.500452  0.507727  0.550048  0.595101  0.622026  0.531954  0.397737  0.479607  0.886157  0.557526  0.548034  0.373019  0.500051  0.870119  0.562124  0.523025  0.460891  0.419017  0.605235  0.402519  0.527741 
42  0.711118  0.431903  0.626670  0.789909  0.467048  0.459006  0.798262  0.553163  0.941332  0.396863  0.653626  0.473689  0.646668  0.556042  0.400074  0.399078  0.420353  0.454118  0.480073  0.424432  0.625511  0.433099  0.338674  0.670875  0.470993  0.823706  0.489333  0.685455  0.398193  0.437326  0.453436  0.926012  0.511828  0.612396  0.455905  0.527824  0.701919  0.699089  0.407992  0.440792  0.446895  0.443122 0.0  0.455882  0.503226  0.525595  0.414586  0.760937  0.463971  0.820616  0.467578  0.533395  0.469246  0.430703  0.429419  0.600777  0.719025  0.508095  0.385403  0.433497  0.750267  0.482524  0.649618  0.495806  0.495486  0.876389  0.468005  0.294481  0.453067  0.398984  0.414383  0.445916  0.455531 
43  0.767714  0.561017  0.579029  0.733727  0.582217  0.584719  0.715768  0.428380  0.810241  0.480667  0.750803  0.462969  0.644285  0.566104  0.446896  0.498186  0.566883  0.514827  0.512379  0.516851  0.607063  0.481927  0.400158  0.691966  0.561860  0.728403  0.434165  0.554716  0.470228  0.414363  0.333897  0.829511  0.475074  0.399734  0.485512  0.388696  0.797059  0.615918  0.543814  0.463987  0.395424  0.586144  0.455882 0.0  0.606824  0.500636  0.501946  0.765462  0.439280  0.811126  0.536453  0.564827  0.439407  0.598426  0.431339  0.532327  0.770427  0.473520  0.527335  0.602159  0.815878  0.525660  0.636790  0.525789  0.485325  0.893690  0.449582  0.560854  0.462146  0.548005  0.436298  0.422496  0.442267 
44  0.748147  0.549781  0.526316  0.836413  0.528766  0.503075  0.708744  0.531301  0.754232  0.495979  0.531957  0.568807  0.645676  0.360688  0.426776  0.486735  0.577545  0.493645  0.545483  0.501369  0.488984  0.546641  0.516745  0.680034  0.517918  0.837646  0.416179  0.522602  0.581379  0.688867  0.558269  0.761307  0.463798  0.468089  0.504944  0.548209  0.806324  0.647577  0.451641  0.557008  0.573762  0.519403  0.503226  0.606824 0.0  0.522628  0.612891  0.722847  0.569493  0.740669  0.510578  0.535141  0.551770  0.561578  0.506290  0.578804  0.760003  0.544188  0.449341  0.571456  0.803881  0.557838  0.596850  0.540942  0.418684  0.766063  0.597663  0.405981  0.602884  0.555858  0.446306  0.555636  0.599546 
45  0.706914  0.482258  0.630382  0.789940  0.274293  0.381197  0.797008  0.460956  0.832391  0.598587  0.606959  0.488153  0.769764  0.548254  0.513177  0.460748  0.499525  0.332689  0.554571  0.524901  0.622669  0.590648  0.428710  0.568832  0.535978  0.720014  0.520480  0.603419  0.664178  0.575033  0.655406  0.820391  0.474060  0.504451  0.560805  0.561682  0.736500  0.711202  0.639026  0.510877  0.599274  0.477587  0.525595  0.500636  0.522628 0.0  0.347326  0.712539  0.474875  0.928859  0.525137  0.606458  0.443361  0.385993  0.497296  0.443633  0.820503  0.586891  0.412196  0.531889  0.795966  0.509449  0.649191  0.511795  0.618844  0.831832  0.576490  0.441186  0.363039  0.411526  0.561245  0.492464  0.366459 
46  0.709240  0.493017  0.657878  0.889740  0.583421  0.511437  0.820407  0.577971  0.859735  0.457042  0.652353  0.497328  0.724103  0.440910  0.489715  0.417491  0.388772  0.516423  0.493570  0.538566  0.598966  0.545618  0.536895  0.550901  0.245063  0.830597  0.473470  0.531806  0.347750  0.476840  0.561250  0.874918  0.488615  0.529172  0.571992  0.451221  0.783182  0.614841  0.485121  0.381148  0.540472  0.595732  0.414586  0.501946  0.612891  0.347326 0.0  0.773685  0.383334  1.000000  0.576410  0.607492  0.518655  0.394451  0.520848  0.432288  0.805123  0.449987  0.365173  0.406004  0.872196  0.417088  0.591864  0.389644  0.511635  0.776391  0.451035  0.397378  0.390643  0.383810  0.699185  0.478828  0.354713 
47  0.820307  0.648214  0.672181  0.557190  0.816617  0.743342  0.726348  0.764861  0.648669  0.804871  0.729916  0.715446  0.703861  0.801144  0.685085  0.777560  0.689126  0.726104  0.758938  0.715479  0.729562  0.759605  0.664472  0.611942  0.735201  0.741814  0.679206  0.807684  0.672471  0.734041  0.719203  0.776085  0.826892  0.713515  0.738164  0.741592  0.779213  0.607352  0.680651  0.702101  0.637497  0.792322  0.760937  0.765462  0.722847  0.712539  0.773685 0.0  0.736540  0.668578  0.625183  0.679865  0.681077  0.676315  0.756043  0.740345  0.709286  0.763392  0.694701  0.633003  0.703205  0.707150  0.575405  0.718211  0.665332  0.752663  0.735727  0.647977  0.715224  0.723028  0.701226  0.738162  0.615515 
48  0.741293  0.614298  0.556414  0.932004  0.404678  0.630812  0.682456  0.562343  0.870797  0.529541  0.636799  0.658511  0.767150  0.502195  0.599998  0.463720  0.340099  0.402548  0.597331  0.542291  0.586296  0.556727  0.489777  0.575501  0.474365  0.811154  0.528067  0.648126  0.577868  0.476040  0.491795  0.832043  0.542354  0.534830  0.415723  0.453825  0.824574  0.711823  0.572364  0.399897  0.515482  0.468707  0.463971  0.439280  0.569493  0.474875  0.383334  0.736540 0.0  0.850495  0.498357  0.561545  0.598080  0.494890  0.636270  0.489286  0.816811  0.479164  0.533691  0.471940  0.808611  0.418078  0.635315  0.412961  0.472347  0.791631  0.522038  0.343395  0.439623  0.460798  0.493096  0.456319  0.472078 
49  0.718146  0.777075  0.745155  0.829020  0.919740  0.848456  0.701544  0.854632  0.863437  0.881748  0.811783  0.762322  0.783498  0.661054  0.821727  0.856264  0.798239  0.895480  0.875463  0.768255  0.819808  0.931990  0.956891  0.921717  0.796258  0.761680  0.946161  0.662505  0.857236  0.912968  0.926203  0.751343  0.860129  0.783130  0.740985  0.966652  0.843235  0.456086  0.791686  0.850899  0.761609  0.835006  0.820616  0.811126  0.740669  0.928859  1.000000  0.668578  0.850495 0.0  0.785939  0.795034  0.819616  0.753816  0.824873  0.901842  0.663184  0.896832  0.938296  0.941893  0.555810  0.998308  0.629626  0.879553  0.810117  0.546658  0.811550  0.786590  0.804205  0.912132  0.849295  0.844622  0.787422 
50  0.834581  0.518697  0.647973  0.785372  0.469763  0.585081  0.824563  0.659326  0.908355  0.554112  0.646696  0.578561  0.821713  0.437371  0.531656  0.504105  0.570842  0.591869  0.491062  0.477492  0.533895  0.503763  0.646156  0.578660  0.492796  0.799723  0.380583  0.583435  0.496906  0.521985  0.443340  0.823457  0.404787  0.524845  0.427520  0.503866  0.745601  0.660481  0.448460  0.531333  0.456794  0.501490  0.467578  0.536453  0.510578  0.525137  0.576410  0.625183  0.498357  0.785939 0.0  0.547570  0.520791  0.532476  0.559895  0.633809  0.814101  0.564252  0.523078  0.578484  0.875717  0.468030  0.634153  0.559934  0.616091  0.739887  0.561960  0.598386  0.549548  0.496466  0.577641  0.556894  0.536184 
51  0.743076  0.553924  0.577310  0.856063  0.619165  0.563581  0.753455  0.573795  0.856313  0.486581  0.611965  0.649381  0.737785  0.561615  0.550030  0.545031  0.518595  0.581123  0.518513  0.472618  0.676763  0.592859  0.512965  0.519123  0.506490  0.767306  0.484386  0.565049  0.553668  0.618027  0.541627  0.789937  0.493682  0.693300  0.670347  0.526538  0.794509  0.670698  0.508000  0.683626  0.661738  0.623078  0.533395  0.564827  0.535141  0.606458  0.607492  0.679865  0.561545  0.795034  0.547570 0.0  0.541073  0.600320  0.608406  0.640100  0.888564  0.614380  0.529651  0.568132  0.829307  0.551318  0.640708  0.413475  0.579413  0.865468  0.684054  0.557382  0.567874  0.643208  0.526113  0.582960  0.586164 
52  0.726779  0.482645  0.583933  0.913005  0.591592  0.442826  0.760097  0.531131  0.949106  0.420665  0.706311  0.516240  0.719347  0.579599  0.520085  0.512289  0.539562  0.510484  0.506643  0.521612  0.529993  0.613518  0.516014  0.563164  0.499576  0.758330  0.462135  0.682500  0.272551  0.403456  0.493746  0.790229  0.503832  0.517414  0.475951  0.511215  0.858399  0.686993  0.338134  0.466250  0.398623  0.500452  0.469246  0.439407  0.551770  0.443361  0.518655  0.681077  0.598080  0.819616  0.520791  0.541073 0.0  0.596936  0.475294  0.587379  0.715612  0.423462  0.470658  0.533431  0.783888  0.536808  0.642671  0.502081  0.478336  0.800244  0.426627  0.632790  0.574782  0.568738  0.524859  0.438319  0.627202 
53  0.723203  0.588326  0.538575  0.869148  0.350739  0.512191  0.785106  0.461239  0.740035  0.588008  0.703304  0.423170  0.700832  0.457383  0.514381  0.497222  0.401065  0.549956  0.544671  0.458359  0.578377  0.513756  0.545252  0.559400  0.396991  0.693346  0.552407  0.662709  0.560710  0.559698  0.538760  0.781944  0.573738  0.597666  0.553102  0.552580  0.808449  0.606784  0.534968  0.463224  0.568613  0.507727  0.430703  0.598426  0.561578  0.385993  0.394451  0.676315  0.494890  0.753816  0.532476  0.600320  0.596936 0.0  0.489237  0.395125  0.831588  0.550460  0.391888  0.438169  0.811663  0.599120  0.584619  0.485423  0.571163  0.853600  0.532565  0.442773  0.439000  0.511866  0.633406  0.525889  0.454061 
