73
0 0.0  0.868310  0.466299  0.421835  0.453706  0.437156  0.838355  0.528977  0.578622  0.346540  0.404268  0.519461  0.792673  0.424843  0.486983  0.375387  0.452769  0.810028  0.444159  0.498772  0.696514  0.409128  0.469086  0.571668  0.610460  0.457140  0.871815  0.856968  0.873122  0.498582  0.495554  0.794492  0.630247  0.543467  0.637571  0.570340  0.411147  0.642745  0.567247  0.476403  0.419814  0.848672  0.544915  0.427443  0.413011  0.447414  0.583313  0.464953  0.497161  0.643475  0.441025  0.371459  0.519403  0.376768  0.475543  0.839040  0.511185  0.487443  0.427379  0.536208  0.815862  0.569556  0.524155  0.453646  0.434471  0.486535  0.416942  0.606083  0.454478  0.703553  0.492258  0.329342  0.589024 
1  0.868310 0.0  0.779620  0.822901  0.751531  0.854832  0.809073  0.741749  0.778895  0.926520  0.841694  0.788261  0.859045  0.924765  0.740736  0.782039  0.858958  0.775762  0.946461  0.881588  0.688643  1.000000  0.698676  0.782729  0.824292  0.837061  0.833922  0.805318  0.648885  0.824819  0.901556  0.696608  0.797993  0.794780  0.742742  0.754097  0.782825  0.843742  0.566577  0.840402  0.749739  0.854919  0.907122  0.855973  0.699491  0.877892  0.769925  0.781943  0.787155  0.682897  0.874817  0.882599  0.722781  0.810788  0.782952  0.729794  0.771620  0.809049  0.820977  0.763469  0.807522  0.818058  0.757280  0.772179  0.770482  0.829726  0.855389  0.832269  0.793774  0.739590  0.770130  0.839191  0.728236 
2  0.466299  0.779620 0.0  0.519867  0.584531  0.403970  0.770640  0.565964  0.455717  0.445194  0.442153  0.548343  0.752992  0.385007  0.507512  0.426045  0.428713  0.876251  0.451691  0.407376  0.668552  0.328600  0.424645  0.541680  0.621047  0.495642  0.905983  0.841664  0.807132  0.549406  0.546100  0.718120  0.599042  0.648726  0.673225  0.546536  0.520892  0.493805  0.653368  0.518741  0.445036  0.883271  0.498356  0.616273  0.379616  0.286661  0.449130  0.449564  0.449016  0.597335  0.560196  0.427992  0.538133  0.494946  0.468640  0.773496  0.500813  0.581595  0.538309  0.502087  0.723669  0.536334  0.530701  0.473266  0.532141  0.525270  0.501046  0.570669  0.389779  0.726083  0.546669  0.452958  0.511150 
3  0.421835  0.822901  0.519867 0.0  0.508292  0.452206  0.840833  0.457256  0.590987  0.511770  0.511014  0.451776  0.699713  0.493120  0.525339  0.595934  0.440036  0.819828  0.555831  0.387419  0.716394  0.332016  0.510650  0.419501  0.503651  0.434514  0.844915  0.814384  0.719096  0.491982  0.372689  0.820896  0.617704  0.592227  0.655364  0.523170  0.452253  0.452747  0.648353  0.457583  0.523286  0.869908  0.502800  0.534527  0.478090  0.464518  0.489276  0.558931  0.498074  0.550705  0.439092  0.489024  0.543273  0.456751  0.412991  0.741291  0.359792  0.469495  0.639068  0.447596  0.734958  0.635387  0.463244  0.430158  0.538753  0.444620  0.597086  0.536139  0.384266  0.796438  0.530557  0.404190  0.508654 
4  0.453706  0.751531  0.584531  0.508292 0.0  0.400846  0.819301  0.569799  0.602569  0.448315  0.496856  0.547222  0.766625  0.600208  0.576924  0.520231  0.565148  0.726571  0.565624  0.586371  0.680474  0.572094  0.558551  0.579154  0.584368  0.496727  0.655496  0.734124  0.704574  0.620131  0.386338  0.603433  0.554116  0.539677  0.706657  0.627274  0.481626  0.523586  0.614563  0.593366  0.555365  0.706749  0.546464  0.497376  0.479734  0.488021  0.632575  0.621144  0.661985  0.529528  0.634016  0.516704  0.642063  0.599046  0.507178  0.683345  0.433698  0.458186  0.511541  0.586525  0.470566  0.458955  0.620323  0.488059  0.481904  0.514920  0.475478  0.536021  0.534656  0.857003  0.563352  0.572660  0.574044 
5  0.437156  0.854832  0.403970  0.452206  0.400846 0.0  0.795543  0.475353  0.542152  0.374527  0.413220  0.403677  0.782162  0.415403  0.540355  0.542119  0.378886  0.951702  0.354971  0.526235  0.823629  0.453829  0.457164  0.484205  0.598027  0.498198  0.874635  0.906906  0.738252  0.527768  0.540602  0.711105  0.637651  0.636251  0.700140  0.503628  0.606958  0.647048  0.651204  0.456889  0.581243  0.877848  0.531453  0.558365  0.467043  0.374072  0.538793  0.451051  0.401324  0.565855  0.379527  0.405022  0.532426  0.554448  0.364360  0.741010  0.382976  0.556746  0.558507  0.480174  0.705971  0.573493  0.485715  0.519424  0.524861  0.450096  0.392904  0.562786  0.442751  0.754538  0.346481  0.401019  0.522827 
6  0.838355  0.809073  0.770640  0.840833  0.819301  0.795543 0.0  0.796801  0.812196  0.846793  0.758940  0.802931  0.631807  0.750196  0.810842  0.778616  0.725492  0.928557  0.763831  0.852504  0.789156  0.778797  0.894351  0.750891  0.872824  0.870606  0.874894  0.858151  0.965795  0.798846  0.771221  0.720034  0.732432  0.929995  0.436328  0.819180  0.748653  0.787811  0.546080  0.885031  0.840665  0.815008  0.859017  0.806955  0.736418  0.799728  0.720459  0.877784  0.775870  0.685098  0.853561  0.843129  0.837397  0.931956  0.849559  0.758082  0.770341  0.807795  0.958004  0.820735  0.872980  0.861104  0.778727  0.876733  0.824834  0.862556  0.917592  0.870770  0.962742  0.631050  0.741728  0.782818  0.750069 
7  0.528977  0.741749  0.565964  0.457256  0.569799  0.475353  0.796801 0.0  0.443664  0.676261  0.620602  0.509333  0.750020  0.435720  0.579225  0.508441  0.548369  0.841349  0.456966  0.511572  0.727884  0.520627  0.453098  0.429366  0.447489  0.538639  0.899497  0.816470  0.823457  0.464466  0.498243  0.791067  0.611071  0.491694  0.697466  0.595545  0.396942  0.497389  0.488320  0.588893  0.563766  0.883335  0.682757  0.502672  0.553880  0.583453  0.590330  0.657101  0.577790  0.757227  0.621346  0.457189  0.555397  0.586357  0.542132  0.766281  0.448850  0.506015  0.561265  0.516411  0.680236  0.680341  0.444319  0.435907  0.578411  0.503737  0.549152  0.619388  0.499818  0.799979  0.534738  0.546932  0.527289 
8  0.578622  0.778895  0.455717  0.590987  0.602569  0.542152  0.812196  0.443664 0.0  0.461574  0.436361  0.647264  0.819288  0.440014  0.456406  0.560237  0.515124  0.734009  0.507402  0.454906  0.699336  0.513897  0.565857  0.479896  0.480384  0.611508  0.866636  0.816443  0.860328  0.438535  0.612360  0.826128  0.602479  0.439452  0.688109  0.449237  0.516044  0.492133  0.577899  0.518540  0.435834  0.909803  0.415224  0.354723  0.504919  0.566299  0.454601  0.448346  0.408353  0.640482  0.365092  0.375874  0.568456  0.576123  0.597346  0.771264  0.418276  0.343261  0.515480  0.517200  0.705160  0.451327  0.446458  0.504607  0.492863  0.475287  0.530761  0.589084  0.508531  0.788581  0.427119  0.616174  0.231779 
9  0.346540  0.926520  0.445194  0.511770  0.448315  0.374527  0.846793  0.676261  0.461574 0.0  0.361651  0.517700  0.782426  0.498271  0.531098  0.439137  0.507862  0.832764  0.487261  0.548288  0.802112  0.467084  0.437449  0.522530  0.460285  0.480425  0.845820  0.755703  0.854033  0.518705  0.512562  0.783077  0.692665  0.412964  0.719724  0.530596  0.490857  0.626088  0.638804  0.475391  0.492816  0.881307  0.562465  0.490064  0.397297  0.419037  0.446882  0.567470  0.502235  0.490333  0.433451  0.482338  0.482247  0.487744  0.475887  0.831268  0.643227  0.560624  0.657022  0.442344  0.751233  0.464411  0.539699  0.438137  0.523139  0.427040  0.522438  0.712402  0.538596  0.712686  0.489881  0.278503  0.522092 
10  0.404268  0.841694  0.442153  0.511014  0.496856  0.413220  0.758940  0.620602  0.436361  0.361651 0.0  0.445885  0.824829  0.459545  0.529640  0.441254  0.500350  0.797955  0.523760  0.635361  0.721365  0.514137  0.421565  0.512731  0.563833  0.468583  0.843194  0.834504  0.896831  0.504337  0.475400  0.758656  0.759203  0.489628  0.694884  0.519828  0.525010  0.501573  0.633947  0.394690  0.540771  0.841632  0.530762  0.557817  0.530787  0.339487  0.524022  0.527443  0.529631  0.689720  0.479874  0.349964  0.504098  0.375438  0.370473  0.662543  0.537748  0.479160  0.532222  0.454671  0.701403  0.539468  0.458317  0.427813  0.516308  0.447007  0.499403  0.723604  0.451568  0.787640  0.521845  0.386048  0.585541 
11  0.519461  0.788261  0.548343  0.451776  0.547222  0.403677  0.802931  0.509333  0.647264  0.517700  0.445885 0.0  0.688496  0.417403  0.606563  0.576151  0.432519  0.840254  0.535110  0.554169  0.829014  0.467304  0.424196  0.567302  0.602372  0.506878  0.821613  0.854247  0.806756  0.511868  0.460083  0.935922  0.617455  0.498866  0.732725  0.486231  0.429564  0.503215  0.653091  0.444494  0.487929  0.841031  0.545524  0.535860  0.464564  0.466337  0.541192  0.588824  0.518553  0.619435  0.439945  0.461249  0.476431  0.408680  0.423703  0.740107  0.542639  0.520879  0.565056  0.509584  0.692953  0.494003  0.593341  0.507048  0.467407  0.364742  0.417947  0.596125  0.475397  0.821919  0.484714  0.439292  0.519229 
12  0.792673  0.859045  0.752992  0.699713  0.766625  0.782162  0.631807  0.750020  0.819288  0.782426  0.824829  0.688496 0.0  0.744153  0.816807  0.881661  0.721606  0.517306  0.769140  0.787140  0.693785  0.766584  0.629332  0.782594  0.727704  0.794817  0.756558  0.805159  0.849647  0.814556  0.774644  0.778381  0.578029  0.841329  0.707087  0.774866  0.753307  0.770315  0.702674  0.720810  0.822857  0.806772  0.791923  0.672979  0.755076  0.807011  0.718715  0.788140  0.782558  0.649305  0.754144  0.847585  0.793285  0.799872  0.700844  0.750348  0.694197  0.725741  0.827244  0.752561  0.791475  0.686455  0.780603  0.782474  0.766443  0.742205  0.773858  0.727920  0.787792  0.704196  0.770570  0.767859  0.713364 
13  0.424843  0.924765  0.385007  0.493120  0.600208  0.415403  0.750196  0.435720  0.440014  0.498271  0.459545  0.417403  0.744153 0.0  0.492935  0.384893  0.541870  0.817526  0.582355  0.503146  0.835372  0.479447  0.608902  0.484432  0.354134  0.501192  0.786379  0.874904  0.778659  0.535678  0.487953  0.790236  0.598108  0.582119  0.672223  0.518636  0.479861  0.447419  0.573582  0.401178  0.427793  0.941770  0.424877  0.459597  0.658765  0.522400  0.488698  0.387802  0.518233  0.607982  0.475893  0.359652  0.448511  0.458567  0.542012  0.586921  0.511470  0.493490  0.682900  0.427639  0.755824  0.586862  0.484822  0.464342  0.430198  0.533190  0.389326  0.559577  0.467236  0.756413  0.535983  0.494154  0.450429 
14  0.486983  0.740736  0.507512  0.525339  0.576924  0.540355  0.810842  0.579225  0.456406  0.531098  0.529640  0.606563  0.816807  0.492935 0.0  0.580235  0.504845  0.760300  0.461829  0.538022  0.742200  0.525696  0.582603  0.432226  0.422520  0.704788  0.778924  0.790916  0.833682  0.495738  0.460304  0.760840  0.734165  0.389121  0.732370  0.497687  0.601895  0.494927  0.656016  0.630296  0.383342  0.800723  0.402789  0.467730  0.588250  0.597560  0.486532  0.409019  0.531121  0.621451  0.516464  0.467674  0.464952  0.531087  0.472038  0.657060  0.409675  0.425825  0.592222  0.653877  0.640022  0.579706  0.443196  0.522365  0.598922  0.541761  0.448054  0.435969  0.465451  0.755999  0.508269  0.420883  0.448748 
15  0.375387  0.782039  0.426045  0.595934  0.520231  0.542119  0.778616  0.508441  0.560237  0.439137  0.441254  0.576151  0.881661  0.384893  0.580235 0.0  0.570125  0.800121  0.398535  0.452594  0.685306  0.415974  0.466506  0.558671  0.514425  0.519506  0.847884  0.866664  0.827967  0.506103  0.421416  0.695776  0.684974  0.547851  0.721368  0.602124  0.540819  0.541286  0.656624  0.429493  0.485122  0.787756  0.615526  0.502035  0.428363  0.510628  0.550044  0.599146  0.437185  0.538051  0.331701  0.454746  0.544930  0.345369  0.417100  0.723645  0.461864  0.581590  0.455174  0.462233  0.755978  0.571490  0.601123  0.411317  0.408992  0.455836  0.518692  0.585915  0.467959  0.808583  0.454550  0.410231  0.487369 
16  0.452769  0.858958  0.428713  0.440036  0.565148  0.378886  0.725492  0.548369  0.515124  0.507862  0.500350  0.432519  0.721606  0.541870  0.504845  0.570125 0.0  0.721992  0.490775  0.609910  0.808300  0.598235  0.282860  0.539846  0.578170  0.355459  0.831388  0.824910  0.794034  0.535723  0.565113  0.805132  0.708996  0.501817  0.766883  0.629446  0.535484  0.524912  0.596894  0.625343  0.477238  0.832917  0.530994  0.515715  0.448260  0.400504  0.493080  0.514194  0.452006  0.629011  0.440760  0.484206  0.495982  0.459156  0.555791  0.610396  0.435070  0.558825  0.483489  0.470824  0.792343  0.548213  0.521315  0.538547  0.526860  0.556108  0.464237  0.517875  0.520475  0.641190  0.579256  0.415405  0.454568 
17  0.810028  0.775762  0.876251  0.819828  0.726571  0.951702  0.928557  0.841349  0.734009  0.832764  0.797955  0.840254  0.517306  0.817526  0.760300  0.800121  0.721992 0.0  0.676386  0.812676  0.739635  0.831737  0.791945  0.753618  0.800310  0.824438  0.867984  0.808803  0.803556  0.891572  0.820395  0.773569  0.779449  0.766649  0.762023  0.806122  0.826736  0.770299  0.547506  0.707040  0.770939  0.726513  0.818109  0.828071  0.819491  0.799505  0.848248  0.814402  0.729480  0.613405  0.828504  0.810585  0.769132  0.884551  0.831982  0.678198  0.797982  0.960821  0.682823  0.745473  0.828977  0.781981  0.845251  0.774621  0.844004  0.778462  0.892160  0.756775  0.873585  0.796830  0.652589  0.739958  0.800245 
18  0.444159  0.946461  0.451691  0.555831  0.565624  0.354971  0.763831  0.456966  0.507402  0.487261  0.523760  0.535110  0.769140  0.582355  0.461829  0.398535  0.490775  0.676386 0.0  0.523767  0.804348  0.539995  0.475376  0.524887  0.656409  0.519773  0.848826  0.908754  0.865638  0.483216  0.492062  0.861388  0.619456  0.443849  0.773788  0.544338  0.461001  0.478634  0.692834  0.407396  0.510977  0.754211  0.497051  0.526232  0.430135  0.475458  0.501419  0.544241  0.547963  0.675937  0.328234  0.547830  0.555690  0.465202  0.448729  0.677844  0.534594  0.478067  0.464662  0.359400  0.666544  0.499039  0.624898  0.508891  0.377420  0.405260  0.535197  0.641067  0.495570  0.748768  0.483667  0.391854  0.443393 
19  0.498772  0.881588  0.407376  0.387419  0.586371  0.526235  0.852504  0.511572  0.454906  0.548288  0.635361  0.554169  0.787140  0.503146  0.538022  0.452594  0.609910  0.812676  0.523767 0.0  0.833473  0.421090  0.541619  0.461501  0.397615  0.490191  0.830185  0.841812  0.855417  0.545556  0.471112  0.807135  0.600691  0.482179  0.682949  0.479904  0.563779  0.501339  0.632198  0.521843  0.424470  0.856208  0.523443  0.449924  0.512404  0.563215  0.451607  0.413915  0.390679  0.629049  0.566084  0.446339  0.327437  0.503800  0.451151  0.793832  0.489326  0.513690  0.610063  0.522797  0.690744  0.563391  0.385076  0.467592  0.452053  0.497235  0.486724  0.525390  0.436466  0.837365  0.522073  0.458172  0.441695 
20  0.696514  0.688643  0.668552  0.716394  0.680474  0.823629  0.789156  0.727884  0.699336  0.802112  0.721365  0.829014  0.693785  0.835372  0.742200  0.685306  0.808300  0.739635  0.804348  0.833473 0.0  0.722331  0.710971  0.783847  0.769609  0.823843  0.733323  0.782718  0.733947  0.843401  0.909202  0.651630  0.770092  0.832929  0.680336  0.774277  0.820437  0.799780  0.548053  0.796785  0.831366  0.773229  0.758745  0.764082  0.716609  0.833177  0.698037  0.868677  0.888835  0.591520  0.839670  0.862254  0.753073  0.836262  0.854057  0.566023  0.771663  0.761217  0.735289  0.708836  0.776702  0.824634  0.777554  0.800723  0.744843  0.807921  0.828134  0.683057  0.734020  0.822209  0.843135  0.789333  0.833607 
21  0.409128  1.000000  0.328600  0.332016  0.572094  0.453829  0.778797  0.520627  0.513897  0.467084  0.514137  0.467304  0.766584  0.479447  0.525696  0.415974  0.598235  0.831737  0.539995  0.421090  0.722331 0.0  0.502919  0.607870  0.603983  0.351707  0.865247  0.751676  0.855596  0.549476  0.429978  0.805621  0.605462  0.539537  0.799912  0.615594  0.613247  0.506910  0.689320  0.494415  0.545414  0.828049  0.584160  0.524485  0.447320  0.414419  0.642301  0.532674  0.467401  0.636700  0.405613  0.448766  0.466167  0.444757  0.550176  0.710158  0.628897  0.491144  0.679998  0.422481  0.668481  0.496831  0.486775  0.473037  0.384296  0.499209  0.379984  0.616468  0.402362  0.820609  0.496192  0.406190  0.509763 
22  0.469086  0.698676  0.424645  0.510650  0.558551  0.457164  0.894351  0.453098  0.565857  0.437449  0.421565  0.424196  0.629332  0.608902  0.582603  0.466506  0.282860  0.791945  0.475376  0.541619  0.710971  0.502919 0.0  0.576574  0.660855  0.463725  0.955307  0.852286  0.901934  0.566402  0.349033  0.871903  0.672014  0.619131  0.718182  0.487605  0.495816  0.465353  0.473475  0.623168  0.448603  0.727786  0.579629  0.488556  0.421390  0.333473  0.509358  0.587625  0.577101  0.605865  0.502854  0.498686  0.503037  0.462449  0.542061  0.786862  0.533521  0.599039  0.575944  0.517102  0.585525  0.541339  0.590236  0.554069  0.391310  0.435028  0.626719  0.518926  0.412382  0.788106  0.448955  0.562500  0.615171 
23  0.571668  0.782729  0.541680  0.419501  0.579154  0.484205  0.750891  0.429366  0.479896  0.522530  0.512731  0.567302  0.782594  0.484432  0.432226  0.558671  0.539846  0.753618  0.524887  0.461501  0.783847  0.607870  0.576574 0.0  0.421462  0.470281  0.867362  0.764762  0.848445  0.508910  0.513383  0.804393  0.688898  0.435861  0.744577  0.418738  0.614959  0.445701  0.545205  0.520229  0.403452  0.959256  0.353019  0.471123  0.615814  0.543310  0.565192  0.469530  0.447723  0.690743  0.567329  0.480103  0.453588  0.420860  0.400783  0.655664  0.392559  0.551914  0.507863  0.646342  0.612537  0.436963  0.476584  0.377990  0.593227  0.474725  0.539545  0.620070  0.663919  0.765290  0.473468  0.489298  0.375797 
24  0.610460  0.824292  0.621047  0.503651  0.584368  0.598027  0.872824  0.447489  0.480384  0.460285  0.563833  0.602372  0.727704  0.354134  0.422520  0.514425  0.578170  0.800310  0.656409  0.397615  0.769609  0.603983  0.660855  0.421462 0.0  0.511920  0.831113  0.846294  0.787719  0.542138  0.492191  0.765528  0.707447  0.475167  0.640217  0.489498  0.538672  0.325157  0.609446  0.535696  0.359790  0.751421  0.390370  0.505911  0.592376  0.629530  0.415593  0.436913  0.566406  0.536986  0.469188  0.468353  0.518015  0.503340  0.432009  0.762025  0.425701  0.440836  0.593790  0.488928  0.669325  0.587890  0.497648  0.418563  0.531718  0.405744  0.578631  0.667316  0.573941  0.735931  0.406944  0.513768  0.584313 
25  0.457140  0.837061  0.495642  0.434514  0.496727  0.498198  0.870606  0.538639  0.611508  0.480425  0.468583  0.506878  0.794817  0.501192  0.704788  0.519506  0.355459  0.824438  0.519773  0.490191  0.823843  0.351707  0.463725  0.470281  0.511920 0.0  0.900013  0.917078  0.749979  0.520393  0.492200  0.793028  0.645145  0.564056  0.597633  0.523627  0.579836  0.531217  0.675489  0.476315  0.569307  0.864525  0.499630  0.459407  0.530974  0.493199  0.532824  0.417746  0.596867  0.627420  0.479568  0.482290  0.466494  0.488946  0.538451  0.848083  0.466205  0.468254  0.650532  0.411900  0.674911  0.595343  0.492591  0.557133  0.348205  0.473205  0.447957  0.664685  0.487645  0.711788  0.432853  0.474500  0.582110 
26  0.871815  0.833922  0.905983  0.844915  0.655496  0.874635  0.874894  0.899497  0.866636  0.845820  0.843194  0.821613  0.756558  0.786379  0.778924  0.847884  0.831388  0.867984  0.848826  0.830185  0.733323  0.865247  0.955307  0.867362  0.831113  0.900013 0.0  0.895746  0.827031  0.893873  0.927223  0.796342  0.776547  0.878777  0.750903  0.878579  0.908277  0.776811  0.597199  0.866622  0.911256  0.810499  0.848811  0.813229  0.925065  0.879178  0.871314  0.883832  0.798361  0.638283  0.846400  0.813126  0.901197  0.912022  0.828364  0.710864  0.836423  0.879786  0.836503  0.938830  0.837614  0.832311  0.844180  0.833354  0.854875  0.962302  0.825599  0.983252  0.764042  0.770460  0.907861  0.976045  0.959321 
27  0.856968  0.805318  0.841664  0.814384  0.734124  0.906906  0.858151  0.816470  0.816443  0.755703  0.834504  0.854247  0.805159  0.874904  0.790916  0.866664  0.824910  0.808803  0.908754  0.841812  0.782718  0.751676  0.852286  0.764762  0.846294  0.917078  0.895746 0.0  0.923440  0.760942  0.836387  0.665322  0.921243  0.826916  0.673404  0.802399  0.889350  0.893084  0.567750  0.735484  0.866420  0.817861  0.842584  0.812413  0.783760  0.869285  0.898700  0.827612  0.868252  0.642582  0.849795  0.795196  0.910684  0.791606  0.840881  0.685505  0.952787  0.798042  0.886191  0.810424  0.791063  0.853778  0.809402  0.902893  0.772457  0.817462  0.823692  0.874116  0.819864  0.784553  0.764080  0.863585  0.847883 
28  0.873122  0.648885  0.807132  0.719096  0.704574  0.738252  0.965795  0.823457  0.860328  0.854033  0.896831  0.806756  0.849647  0.778659  0.833682  0.827967  0.794034  0.803556  0.865638  0.855417  0.733947  0.855596  0.901934  0.848445  0.787719  0.749979  0.827031  0.923440 0.0  0.887271  0.837042  0.846538  0.824045  0.874882  0.770257  0.752598  0.894095  0.756600  0.547868  0.807881  0.899067  0.878959  0.848842  0.839233  0.816411  0.854058  0.825476  0.933640  0.833187  0.671694  0.821002  0.782116  0.799240  0.795126  0.769506  0.722740  0.795489  0.884149  0.869152  0.842532  0.871433  0.814282  0.792056  0.729260  0.787353  0.904674  0.752596  0.773782  0.784250  0.694650  0.929277  0.804082  0.829888 
29  0.498582  0.824819  0.549406  0.491982  0.620131  0.527768  0.798846  0.464466  0.438535  0.518705  0.504337  0.511868  0.814556  0.535678  0.495738  0.506103  0.535723  0.891572  0.483216  0.545556  0.843401  0.549476  0.566402  0.508910  0.542138  0.520393  0.893873  0.760942  0.887271 0.0  0.444187  0.791763  0.633539  0.493679  0.668283  0.475430  0.407111  0.522094  0.637123  0.508401  0.534772  0.778728  0.636028  0.529408  0.540312  0.556833  0.549502  0.555789  0.510016  0.678226  0.577612  0.603049  0.549767  0.548331  0.388467  0.608729  0.489211  0.543815  0.675640  0.620017  0.733460  0.394583  0.587215  0.504307  0.539171  0.464765  0.447751  0.509001  0.543097  0.713314  0.442447  0.551776  0.568458 
30  0.495554  0.901556  0.546100  0.372689  0.386338  0.540602  0.771221  0.498243  0.612360  0.512562  0.475400  0.460083  0.774644  0.487953  0.460304  0.421416  0.565113  0.820395  0.492062  0.471112  0.909202  0.429978  0.349033  0.513383  0.492191  0.492200  0.927223  0.836387  0.837042  0.444187 0.0  0.853372  0.754781  0.527639  0.722533  0.526089  0.565080  0.621127  0.660529  0.438579  0.497863  0.861341  0.524169  0.485016  0.379869  0.458853  0.513557  0.731125  0.392243  0.734723  0.534315  0.411309  0.583627  0.560825  0.460919  0.736753  0.535464  0.553292  0.505565  0.428684  0.632475  0.536221  0.575562  0.444520  0.471852  0.454822  0.412226  0.567948  0.386299  0.839738  0.356322  0.472227  0.563234 
31  0.794492  0.696608  0.718120  0.820896  0.603433  0.711105  0.720034  0.791067  0.826128  0.783077  0.758656  0.935922  0.778381  0.790236  0.760840  0.695776  0.805132  0.773569  0.861388  0.807135  0.651630  0.805621  0.871903  0.804393  0.765528  0.793028  0.796342  0.665322  0.846538  0.791763  0.853372 0.0  0.809290  0.838306  0.689469  0.852493  0.922944  0.838420  0.468776  0.866113  0.836050  0.610006  0.803911  0.931561  0.838136  0.823656  0.908201  0.830618  0.885427  0.648520  0.788984  0.874805  0.807833  0.877277  0.827248  0.665665  0.790120  0.817684  0.804903  0.860497  0.803441  0.779301  0.781522  0.768551  0.801276  0.779122  0.848382  0.781067  0.877163  0.762877  0.887519  0.823598  0.863752 
32  0.630247  0.797993  0.599042  0.617704  0.554116  0.637651  0.732432  0.611071  0.602479  0.692665  0.759203  0.617455  0.578029  0.598108  0.734165  0.684974  0.708996  0.779449  0.619456  0.600691  0.770092  0.605462  0.672014  0.688898  0.707447  0.645145  0.776547  0.921243  0.824045  0.633539  0.754781  0.809290 0.0  0.751564  0.732354  0.608107  0.749213  0.704702  0.633808  0.681376  0.645755  0.814208  0.629532  0.604800  0.727319  0.652342  0.660748  0.538096  0.650741  0.633822  0.730673  0.632669  0.650569  0.712029  0.722445  0.709874  0.718121  0.715018  0.686609  0.653518  0.411362  0.508057  0.639591  0.805490  0.645290  0.757361  0.656289  0.520210  0.597133  0.793802  0.696721  0.678058  0.728135 
33  0.543467  0.794780  0.648726  0.592227  0.539677  0.636251  0.929995  0.491694  0.439452  0.412964  0.489628  0.498866  0.841329  0.582119  0.389121  0.547851  0.501817  0.766649  0.443849  0.482179  0.832929  0.539537  0.619131  0.435861  0.475167  0.564056  0.878777  0.826916  0.874882  0.493679  0.527639  0.838306  0.751564 0.0  0.719015  0.366417  0.384395  0.388372  0.738716  0.463065  0.393054  0.659997  0.461380  0.370533  0.517693  0.420364  0.341472  0.488187  0.298909  0.605639  0.550062  0.442295  0.486117  0.498801  0.455296  0.856679  0.344031  0.563164  0.506586  0.547692  0.708098  0.582245  0.430256  0.491004  0.458948  0.481298  0.371991  0.527826  0.571322  0.738646  0.520821  0.535303  0.449680 
34  0.637571  0.742742  0.673225  0.655364  0.706657  0.700140  0.436328  0.697466  0.688109  0.719724  0.694884  0.732725  0.707087  0.672223  0.732370  0.721368  0.766883  0.762023  0.773788  0.682949  0.680336  0.799912  0.718182  0.744577  0.640217  0.597633  0.750903  0.673404  0.770257  0.668283  0.722533  0.689469  0.732354  0.719015 0.0  0.710584  0.847957  0.731362  0.591039  0.715596  0.691024  0.770234  0.698459  0.677787  0.736357  0.658409  0.673347  0.809925  0.665174  0.637936  0.636214  0.721492  0.735163  0.742419  0.724127  0.656845  0.827079  0.716592  0.715795  0.705522  0.718268  0.682965  0.753766  0.687928  0.807938  0.617942  0.617270  0.754764  0.685830  0.374528  0.756856  0.722124  0.758136 
35  0.570340  0.754097  0.546536  0.523170  0.627274  0.503628  0.819180  0.595545  0.449237  0.530596  0.519828  0.486231  0.774866  0.518636  0.497687  0.602124  0.629446  0.806122  0.544338  0.479904  0.774277  0.615594  0.487605  0.418738  0.489498  0.523627  0.878579  0.802399  0.752598  0.475430  0.526089  0.852493  0.608107  0.366417  0.710584 0.0  0.483082  0.415455  0.634695  0.519009  0.370122  0.834935  0.461911  0.376871  0.519988  0.585103  0.568563  0.392378  0.479505  0.628443  0.589635  0.418953  0.498526  0.541886  0.380238  0.636888  0.557066  0.470153  0.637530  0.411465  0.719239  0.623684  0.406521  0.454229  0.576376  0.584077  0.485337  0.575729  0.416337  0.796194  0.572518  0.592867  0.477745 
36  0.411147  0.782825  0.520892  0.452253  0.481626  0.606958  0.748653  0.396942  0.516044  0.490857  0.525010  0.429564  0.753307  0.479861  0.601895  0.540819  0.535484  0.826736  0.461001  0.563779  0.820437  0.613247  0.495816  0.614959  0.538672  0.579836  0.908277  0.889350  0.894095  0.407111  0.565080  0.922944  0.749213  0.384395  0.847957  0.483082 0.0  0.519585  0.738914  0.563714  0.590035  0.798433  0.468826  0.381216  0.383831  0.463763  0.549578  0.594566  0.584157  0.579151  0.549007  0.313784  0.526891  0.506135  0.484337  0.698041  0.490048  0.469094  0.592019  0.479128  0.640089  0.578580  0.526507  0.514474  0.510935  0.514107  0.528299  0.602544  0.479263  0.846878  0.569416  0.504515  0.530166 
37  0.642745  0.843742  0.493805  0.452747  0.523586  0.647048  0.787811  0.497389  0.492133  0.626088  0.501573  0.503215  0.770315  0.447419  0.494927  0.541286  0.524912  0.770299  0.478634  0.501339  0.799780  0.506910  0.465353  0.445701  0.325157  0.531217  0.776811  0.893084  0.756600  0.522094  0.621127  0.838420  0.704702  0.388372  0.731362  0.415455  0.519585 0.0  0.677202  0.499485  0.334800  0.853227  0.517537  0.456375  0.531977  0.536683  0.532386  0.405813  0.449821  0.635590  0.569427  0.416761  0.574698  0.568277  0.577712  0.720779  0.389894  0.445104  0.613440  0.474768  0.660290  0.587302  0.417867  0.507891  0.538242  0.494076  0.532383  0.538986  0.461615  0.666336  0.571980  0.539972  0.574581 
38  0.567247  0.566577  0.653368  0.648353  0.614563  0.651204  0.546080  0.488320  0.577899  0.638804  0.633947  0.653091  0.702674  0.573582  0.656016  0.656624  0.596894  0.547506  0.692834  0.632198  0.548053  0.689320  0.473475  0.545205  0.609446  0.675489  0.597199  0.567750  0.547868  0.637123  0.660529  0.468776  0.633808  0.738716  0.591039  0.634695  0.738914  0.677202 0.0  0.514696  0.564051  0.669761  0.573840  0.720424  0.700453  0.644729  0.586073  0.517415  0.550764  0.520695  0.474289  0.597376  0.539338  0.601203  0.643497  0.686115  0.604566  0.718134  0.538270  0.666308  0.546641  0.578514  0.581694  0.595280  0.655955  0.623536  0.634481  0.573208  0.650680  0.738650  0.652400  0.612021  0.682928 
39  0.476403  0.840402  0.518741  0.457583  0.593366  0.456889  0.885031  0.588893  0.518540  0.475391  0.394690  0.444494  0.720810  0.401178  0.630296  0.429493  0.625343  0.707040  0.407396  0.521843  0.796785  0.494415  0.623168  0.520229  0.535696  0.476315  0.866622  0.735484  0.807881  0.508401  0.438579  0.866113  0.681376  0.463065  0.715596  0.519009  0.563714  0.499485  0.514696 0.0  0.580284  0.741410  0.506730  0.575214  0.491518  0.500380  0.509295  0.537788  0.421858  0.565909  0.516484  0.490790  0.531904  0.452627  0.442690  0.714376  0.528644  0.510643  0.525736  0.480094  0.731293  0.493438  0.544201  0.467604  0.456373  0.405007  0.383233  0.479493  0.507088  0.689738  0.447496  0.495116  0.450585 
40  0.419814  0.749739  0.445036  0.523286  0.555365  0.581243  0.840665  0.563766  0.435834  0.492816  0.540771  0.487929  0.822857  0.427793  0.383342  0.485122  0.477238  0.770939  0.510977  0.424470  0.831366  0.545414  0.448603  0.403452  0.359790  0.569307  0.911256  0.866420  0.899067  0.534772  0.497863  0.836050  0.645755  0.393054  0.691024  0.370122  0.590035  0.334800  0.564051  0.580284 0.0  0.830361  0.434261  0.471194  0.502987  0.541890  0.505086  0.491422  0.452640  0.643308  0.500421  0.429351  0.469986  0.568066  0.642707  0.725979  0.282433  0.375982  0.442653  0.533487  0.778824  0.598513  0.366011  0.313809  0.483835  0.369987  0.627025  0.464062  0.583208  0.764125  0.551368  0.542374  0.408777 
41  0.848672  0.854919  0.883271  0.869908  0.706749  0.877848  0.815008  0.883335  0.909803  0.881307  0.841632  0.841031  0.806772  0.941770  0.800723  0.787756  0.832917  0.726513  0.754211  0.856208  0.773229  0.828049  0.727786  0.959256  0.751421  0.864525  0.810499  0.817861  0.878959  0.778728  0.861341  0.610006  0.814208  0.659997  0.770234  0.834935  0.798433  0.853227  0.669761  0.741410  0.830361 0.0  0.861102  0.860236  0.896455  0.864759  0.781177  0.832657  0.795840  0.614634  0.859258  0.810299  0.820373  0.735703  0.898816  0.700323  0.842294  0.898421  0.828182  0.907139  0.790174  0.815321  0.861704  0.777513  0.806845  0.820212  0.776007  0.862552  0.914367  0.784504  0.986710  0.803445  0.847812 
42  0.544915  0.907122  0.498356  0.502800  0.546464  0.531453  0.859017  0.682757  0.415224  0.562465  0.530762  0.545524  0.791923  0.424877  0.402789  0.615526  0.530994  0.818109  0.497051  0.523443  0.758745  0.584160  0.579629  0.353019  0.390370  0.499630  0.848811  0.842584  0.848842  0.636028  0.524169  0.803911  0.629532  0.461380  0.698459  0.461911  0.468826  0.517537  0.573840  0.506730  0.434261  0.861102 0.0  0.443107  0.565946  0.494758  0.411275  0.408188  0.447439  0.628528  0.502308  0.514477  0.438452  0.450865  0.598734  0.752377  0.509346  0.456563  0.592439  0.418332  0.803641  0.667808  0.375253  0.431929  0.476647  0.444369  0.584494  0.482102  0.497249  0.730283  0.423830  0.523587  0.281548 
43  0.427443  0.855973  0.616273  0.534527  0.497376  0.558365  0.806955  0.502672  0.354723  0.490064  0.557817  0.535860  0.672979  0.459597  0.467730  0.502035  0.515715  0.828071  0.526232  0.449924  0.764082  0.524485  0.488556  0.471123  0.505911  0.459407  0.813229  0.812413  0.839233  0.529408  0.485016  0.931561  0.604800  0.370533  0.677787  0.376871  0.381216  0.456375  0.720424  0.575214  0.471194  0.860236  0.443107 0.0  0.522690  0.508405  0.409499  0.490610  0.466937  0.573442  0.531513  0.486467  0.331941  0.544552  0.543610  0.783738  0.526850  0.506854  0.611215  0.499584  0.759643  0.507865  0.355243  0.464218  0.621786  0.334104  0.563037  0.577382  0.655996  0.789178  0.417650  0.391495  0.430140 
44  0.413011  0.699491  0.379616  0.478090  0.479734  0.467043  0.736418  0.553880  0.504919  0.397297  0.530787  0.464564  0.755076  0.658765  0.588250  0.428363  0.448260  0.819491  0.430135  0.512404  0.716609  0.447320  0.421390  0.615814  0.592376  0.530974  0.925065  0.783760  0.816411  0.540312  0.379869  0.838136  0.727319  0.517693  0.736357  0.519988  0.383831  0.531977  0.700453  0.491518  0.502987  0.896455  0.565946  0.522690 0.0  0.535061  0.494392  0.598733  0.575779  0.648597  0.490095  0.475577  0.556552  0.465404  0.450342  0.742195  0.534243  0.533294  0.566224  0.438470  0.556800  0.548465  0.479166  0.485758  0.382031  0.453758  0.473544  0.644062  0.508965  0.814982  0.416840  0.490579  0.423543 
45  0.447414  0.877892  0.286661  0.464518  0.488021  0.374072  0.799728  0.583453  0.566299  0.419037  0.339487  0.466337  0.807011  0.522400  0.597560  0.510628  0.400504  0.799505  0.475458  0.563215  0.833177  0.414419  0.333473  0.543310  0.629530  0.493199  0.879178  0.869285  0.854058  0.556833  0.458853  0.823656  0.652342  0.420364  0.658409  0.585103  0.463763  0.536683  0.644729  0.500380  0.541890  0.864759  0.494758  0.508405  0.535061 0.0  0.519812  0.547269  0.463481  0.617381  0.512832  0.485407  0.473199  0.432443  0.490191  0.616554  0.549128  0.450208  0.490440  0.469716  0.795671  0.551634  0.581694  0.451638  0.520524  0.473643  0.540791  0.584687  0.438408  0.832065  0.523041  0.478416  0.528219 
46  0.583313  0.769925  0.449130  0.489276  0.632575  0.538793  0.720459  0.590330  0.454601  0.446882  0.524022  0.541192  0.718715  0.488698  0.486532  0.550044  0.493080  0.848248  0.501419  0.451607  0.698037  0.642301  0.509358  0.565192  0.415593  0.532824  0.871314  0.898700  0.825476  0.549502  0.513557  0.908201  0.660748  0.341472  0.673347  0.568563  0.549578  0.532386  0.586073  0.509295  0.505086  0.781177  0.411275  0.409499  0.494392  0.519812 0.0  0.361568  0.504956  0.545897  0.559706  0.428856  0.504464  0.624944  0.477359  0.714316  0.443061  0.446383  0.565363  0.561903  0.706619  0.421715  0.440697  0.534128  0.548052  0.596325  0.508538  0.596953  0.544158  0.693427  0.370124  0.651951  0.387895 
47  0.464953  0.781943  0.449564  0.558931  0.621144  0.451051  0.877784  0.657101  0.448346  0.567470  0.527443  0.588824  0.788140  0.387802  0.409019  0.599146  0.514194  0.814402  0.544241  0.413915  0.868677  0.532674  0.587625  0.469530  0.436913  0.417746  0.883832  0.827612  0.933640  0.555789  0.731125  0.830618  0.538096  0.488187  0.809925  0.392378  0.594566  0.405813  0.517415  0.537788  0.491422  0.832657  0.408188  0.490610  0.598733  0.547269  0.361568 0.0  0.450822  0.689288  0.503206  0.381352  0.500259  0.513833  0.516774  0.679933  0.417296  0.439768  0.548185  0.371605  0.692041  0.574276  0.444007  0.423449  0.588151  0.419786  0.658043  0.696232  0.532902  0.833460  0.632958  0.564732  0.471947 
48  0.497161  0.787155  0.449016  0.498074  0.661985  0.401324  0.775870  0.577790  0.408353  0.502235  0.529631  0.518553  0.782558  0.518233  0.531121  0.437185  0.452006  0.729480  0.547963  0.390679  0.888835  0.467401  0.577101  0.447723  0.566406  0.596867  0.798361  0.868252  0.833187  0.510016  0.392243  0.885427  0.650741  0.298909  0.665174  0.479505  0.584157  0.449821  0.550764  0.421858  0.452640  0.795840  0.447439  0.466937  0.575779  0.463481  0.504956  0.450822 0.0  0.599613  0.387868  0.560278  0.420532  0.498045  0.594883  0.770193  0.380526  0.465377  0.580766  0.475013  0.708111  0.568394  0.464260  0.348880  0.490258  0.489336  0.492637  0.590426  0.565851  0.743184  0.611109  0.440917  0.453493 
49  0.643475  0.682897  0.597335  0.550705  0.529528  0.565855  0.685098  0.757227  0.640482  0.490333  0.689720  0.619435  0.649305  0.607982  0.621451  0.538051  0.629011  0.613405  0.675937  0.629049  0.591520  0.636700  0.605865  0.690743  0.536986  0.627420  0.638283  0.642582  0.671694  0.678226  0.734723  0.648520  0.633822  0.605639  0.637936  0.628443  0.579151  0.635590  0.520695  0.565909  0.643308  0.614634  0.628528  0.573442  0.648597  0.617381  0.545897  0.689288  0.599613 0.0  0.528883  0.540254  0.552517  0.731799  0.604139  0.626149  0.608678  0.638032  0.535593  0.657286  0.624860  0.619939  0.599106  0.665710  0.573345  0.683115  0.684276  0.633972  0.512945  0.723550  0.742704  0.672562  0.633628 
50  0.441025  0.874817  0.560196  0.439092  0.634016  0.379527  0.853561  0.621346  0.365092  0.433451  0.479874  0.439945  0.754144  0.475893  0.516464  0.331701  0.440760  0.828504  0.328234  0.566084  0.839670  0.405613  0.502854  0.567329  0.469188  0.479568  0.846400  0.849795  0.821002  0.577612  0.534315  0.788984  0.730673  0.550062  0.636214  0.589635  0.549007  0.569427  0.474289  0.516484  0.500421  0.859258  0.502308  0.531513  0.490095  0.512832  0.559706  0.503206  0.387868  0.528883 0.0  0.426682  0.527580  0.391881  0.487485  0.726528  0.578727  0.520563  0.531168  0.559107  0.704241  0.482247  0.531938  0.469710  0.422063  0.450719  0.464380  0.615019  0.434307  0.794931  0.522052  0.577976  0.456617 
51  0.371459  0.882599  0.427992  0.489024  0.516704  0.405022  0.843129  0.457189  0.375874  0.482338  0.349964  0.461249  0.847585  0.359652  0.467674  0.454746  0.484206  0.810585  0.547830  0.446339  0.862254  0.448766  0.498686  0.480103  0.468353  0.482290  0.813126  0.795196  0.782116  0.603049  0.411309  0.874805  0.632669  0.442295  0.721492  0.418953  0.313784  0.416761  0.597376  0.490790  0.429351  0.810299  0.514477  0.486467  0.475577  0.485407  0.428856  0.381352  0.560278  0.540254  0.426682 0.0  0.448821  0.448491  0.364550  0.618383  0.468313  0.466545  0.508600  0.429263  0.550935  0.564177  0.528276  0.437864  0.466877  0.425351  0.504984  0.569649  0.425034  0.743400  0.539536  0.446334  0.519468 
52  0.519403  0.722781  0.538133  0.543273  0.642063  0.532426  0.837397  0.555397  0.568456  0.482247  0.504098  0.476431  0.793285  0.448511  0.464952  0.544930  0.495982  0.769132  0.555690  0.327437  0.753073  0.466167  0.503037  0.453588  0.518015  0.466494  0.901197  0.910684  0.799240  0.549767  0.583627  0.807833  0.650569  0.486117  0.735163  0.498526  0.526891  0.574698  0.539338  0.531904  0.469986  0.820373  0.438452  0.331941  0.556552  0.473199  0.504464  0.500259  0.420532  0.552517  0.527580  0.448821 0.0  0.527413  0.487178  0.774720  0.464279  0.499977  0.667095  0.484105  0.666265  0.531198  0.371173  0.360469  0.544647  0.455310  0.452158  0.590468  0.490350  0.768281  0.565224  0.579332  0.519099 
53  0.376768  0.810788  0.494946  0.456751  0.599046  0.554448  0.931956  0.586357  0.576123  0.487744  0.375438  0.408680  0.799872  0.458567  0.531087  0.345369  0.459156  0.884551  0.465202  0.503800  0.836262  0.444757  0.462449  0.420860  0.503340  0.488946  0.912022  0.791606  0.795126  0.548331  0.560825  0.877277  0.712029  0.498801  0.742419  0.541886  0.506135  0.568277  0.601203  0.452627  0.568066  0.735703  0.450865  0.544552  0.465404  0.432443  0.624944  0.513833  0.498045  0.731799  0.391881  0.448491  0.527413 0.0  0.409957  0.762941  0.578534  0.571687  0.623824  0.495113  0.796981  0.505894  0.500895  0.494548  0.392123  0.291082  0.464797  0.570377  0.426817  0.736690  0.389793  0.495620  0.521060 
