73
0 0.0  0.532576  0.518274  0.877063  0.634961  0.508928  0.563800  0.510516  0.739159  0.551418  0.805351  0.558798  0.564157  0.412322  0.551926  0.645650  0.589809  0.581522  0.555295  0.528455  0.581876  0.788508  0.593719  0.401132  0.448577  0.505736  0.675474  0.516132  0.441218  0.647987  0.495597  0.565065  0.442174  0.517420  0.538189  0.473772  0.498602  0.371887  0.533059  0.497586  0.566969  0.521687  0.521613  0.604096  0.497489  0.842413  0.946446  0.924553  0.381449  0.573262  0.430578  0.511578  0.838646  0.432127  0.591315  0.784613  0.547840  0.412196  0.448760  0.498871  0.740941  0.557845  0.476962  0.485418  0.570499  0.808620  0.593286  0.839208  0.858456  0.533780  0.607519  0.814872  0.481655 
1  0.532576 0.0  0.436928  0.891010  0.550734  0.416614  0.412580  0.427890  0.755666  0.531725  0.792349  0.483865  0.347958  0.490707  0.508501  0.506242  0.351344  0.480248  0.588245  0.470622  0.554813  0.942003  0.424460  0.535066  0.494459  0.406107  0.752667  0.423289  0.465793  0.840857  0.518803  0.352376  0.617544  0.343481  0.521633  0.515297  0.625203  0.420532  0.483639  0.384323  0.446644  0.592383  0.483352  0.414746  0.633510  0.747523  0.843206  0.889361  0.515080  0.398633  0.571735  0.395998  0.705784  0.638366  0.427671  0.812816  0.592951  0.617450  0.516659  0.613181  0.695417  0.329979  0.434535  0.485916  0.516711  0.699506  0.513088  0.714352  0.909101  0.418389  0.438144  0.819585  0.535484 
2  0.518274  0.436928 0.0  0.881901  0.613474  0.464523  0.377462  0.319978  0.720181  0.572988  0.733569  0.523640  0.419826  0.482604  0.509511  0.500377  0.487277  0.581159  0.506770  0.493634  0.387849  0.708403  0.394757  0.534567  0.571118  0.410501  0.715360  0.425990  0.510375  0.715885  0.567692  0.314070  0.574666  0.352408  0.423895  0.398038  0.657538  0.435024  0.446051  0.512971  0.352502  0.532840  0.513629  0.368309  0.524218  0.732268  0.902668  0.804751  0.442445  0.454994  0.524063  0.465408  0.878881  0.643298  0.506347  0.791912  0.703443  0.586762  0.468286  0.475421  0.637595  0.405451  0.463846  0.403119  0.476992  0.836022  0.381086  0.721228  0.786428  0.473459  0.547440  0.782506  0.490268 
3  0.877063  0.891010  0.881901 0.0  0.851222  0.854158  0.804196  0.764585  0.783339  0.785347  0.861294  0.787251  0.771552  0.775919  0.741071  0.882108  0.892820  0.854148  0.853338  0.775556  0.663501  0.757075  0.722199  0.768758  0.725005  0.816326  0.830582  0.776406  0.799538  0.837926  0.745401  0.772037  0.730724  0.774532  0.943037  0.903650  0.798984  0.833206  0.730862  0.693113  0.763849  0.780147  0.709620  0.856289  0.798882  0.822268  0.774407  0.757940  0.729004  0.848919  0.768603  0.879418  0.735953  0.862527  0.846250  0.832220  0.853643  0.732746  0.758340  0.843038  0.810551  0.780036  0.835897  0.777566  0.801670  0.837172  0.807908  0.740722  0.750546  0.768764  0.737684  0.769108  0.873666 
4  0.634961  0.550734  0.613474  0.851222 0.0  0.593636  0.654269  0.638631  0.647994  0.636191  0.842362  0.661053  0.575457  0.653927  0.611977  0.624293  0.696924  0.675071  0.661556  0.672729  0.690248  0.753962  0.672031  0.598180  0.498138  0.643693  0.429424  0.670608  0.675085  0.785752  0.577784  0.684357  0.553871  0.726886  0.605151  0.669826  0.575233  0.669856  0.754969  0.599310  0.658012  0.600397  0.521110  0.573267  0.598300  0.701618  0.830489  0.850256  0.673230  0.664075  0.728975  0.608799  0.804121  0.626874  0.743974  0.814707  0.516298  0.563729  0.683528  0.641567  0.619504  0.567354  0.612791  0.703314  0.620637  0.674352  0.731522  0.802704  0.848290  0.729146  0.651415  0.805732  0.558619 
5  0.508928  0.416614  0.464523  0.854158  0.593636 0.0  0.491890  0.439383  0.689851  0.556568  0.817452  0.569407  0.426686  0.550231  0.563189  0.694196  0.395601  0.463169  0.511727  0.462745  0.433065  0.777665  0.505629  0.453160  0.537176  0.445768  0.618029  0.445336  0.541808  0.840011  0.487880  0.370151  0.516887  0.517623  0.469016  0.387923  0.605850  0.472484  0.406712  0.373345  0.468745  0.570422  0.572799  0.342265  0.552913  0.874416  0.828427  0.813076  0.418301  0.461900  0.603140  0.380500  0.818012  0.486077  0.494697  0.849496  0.682313  0.578088  0.598674  0.561004  0.705595  0.543445  0.543963  0.506329  0.515558  0.756923  0.418060  0.657221  0.884021  0.503633  0.449330  0.760664  0.600349 
6  0.563800  0.412580  0.377462  0.804196  0.654269  0.491890 0.0  0.520655  0.863059  0.448550  0.693038  0.617060  0.350452  0.590520  0.491726  0.539546  0.425546  0.532110  0.444298  0.372473  0.368707  0.730845  0.506952  0.473063  0.556742  0.414167  0.669179  0.425689  0.407815  0.715794  0.571206  0.434302  0.533243  0.470087  0.390095  0.436181  0.526592  0.609092  0.326816  0.415637  0.393735  0.535509  0.490462  0.440461  0.479462  0.847580  0.897109  0.802754  0.424709  0.433963  0.523992  0.491410  0.885948  0.554250  0.493195  0.786095  0.580806  0.458248  0.502999  0.635181  0.697961  0.450187  0.580865  0.331762  0.494699  0.819814  0.513090  0.755754  0.781840  0.513773  0.461251  0.824055  0.506867 
7  0.510516  0.427890  0.319978  0.764585  0.638631  0.439383  0.520655 0.0  0.689499  0.522508  0.626604  0.664534  0.402159  0.391401  0.365579  0.650577  0.423421  0.405245  0.374003  0.514470  0.526707  0.749817  0.398103  0.537988  0.505992  0.398196  0.674262  0.471333  0.382619  0.761481  0.423062  0.357270  0.404280  0.401379  0.494631  0.447509  0.519255  0.488295  0.364720  0.354426  0.311558  0.458150  0.623400  0.445698  0.440631  0.781330  0.859231  0.884353  0.464292  0.534400  0.551528  0.527176  0.846479  0.453266  0.439437  0.718434  0.587731  0.457095  0.634437  0.613142  0.768067  0.507583  0.395039  0.460153  0.507129  0.861410  0.495928  0.717607  0.806646  0.456315  0.460025  0.793683  0.513864 
8  0.739159  0.755666  0.720181  0.783339  0.647994  0.689851  0.863059  0.689499 0.0  0.712099  0.721768  0.453326  0.762773  0.694272  0.690461  0.653446  0.690542  0.652544  0.754317  0.632972  0.725759  0.912968  0.712162  0.729074  0.610689  0.775127  0.604901  0.727650  0.844293  0.765443  0.718702  0.690736  0.776535  0.692918  0.620588  0.639095  0.751595  0.724067  0.683727  0.685963  0.727716  0.698322  0.688826  0.717507  0.620080  0.698285  0.918926  0.743865  0.647007  0.688433  0.795763  0.675735  0.774266  0.654070  0.739052  0.827271  0.615670  0.773549  0.601991  0.637042  0.423182  0.674729  0.665043  0.734009  0.666018  0.725115  0.778135  0.812531  0.881307  0.584797  0.685438  0.843423  0.724783 
9  0.551418  0.531725  0.572988  0.785347  0.636191  0.556568  0.448550  0.522508  0.712099 0.0  0.739473  0.552483  0.533444  0.295955  0.478591  0.591199  0.554495  0.381484  0.544099  0.609012  0.588785  0.757909  0.546431  0.544156  0.437376  0.609463  0.667488  0.503573  0.564067  0.823743  0.448511  0.591288  0.418106  0.516483  0.507727  0.556978  0.386508  0.454108  0.615424  0.633116  0.472449  0.462994  0.509590  0.575260  0.514797  0.690572  0.793664  0.779400  0.470154  0.595509  0.568239  0.517569  0.765361  0.405250  0.500846  0.844849  0.659693  0.434475  0.520099  0.406303  0.726887  0.543883  0.570353  0.610074  0.476935  0.754153  0.583961  0.951446  0.920108  0.493427  0.547048  0.826423  0.459540 
10  0.805351  0.792349  0.733569  0.861294  0.842362  0.817452  0.693038  0.626604  0.721768  0.739473 0.0  0.842874  0.773637  0.751812  0.856042  0.834747  0.897434  0.810468  0.800580  0.739102  0.818120  0.694656  0.834802  0.826429  0.791836  0.751335  0.730615  0.732872  0.771777  0.795707  0.758302  0.743963  0.849921  0.736560  0.757333  0.860225  0.739686  0.679299  0.648817  0.760073  0.781657  0.785003  0.764233  0.894671  0.811303  0.783699  0.834000  0.729471  0.761134  0.750403  0.726385  0.795436  0.861493  0.724535  0.763430  0.790507  0.643514  0.851524  0.724361  0.668457  0.786672  0.805819  0.757846  0.750300  0.961737  0.797690  0.688409  0.760461  0.738415  0.724005  0.659894  0.769744  0.722300 
11  0.558798  0.483865  0.523640  0.787251  0.661053  0.569407  0.617060  0.664534  0.453326  0.552483  0.842874 0.0  0.671898  0.592668  0.524304  0.575603  0.584628  0.646669  0.620125  0.525659  0.552749  0.804058  0.562868  0.610130  0.537112  0.684645  0.581159  0.644229  0.616410  0.823497  0.542960  0.486446  0.640524  0.600664  0.553799  0.647384  0.601942  0.626686  0.593869  0.618355  0.547232  0.633028  0.555920  0.571555  0.607011  0.754063  0.811970  0.748546  0.696131  0.588838  0.627366  0.580133  0.860197  0.582516  0.537561  0.805884  0.618223  0.501360  0.575441  0.590216  0.462438  0.569076  0.718361  0.687087  0.691452  0.810387  0.529690  0.903367  0.817173  0.703987  0.523316  0.777980  0.578533 
12  0.564157  0.347958  0.419826  0.771552  0.575457  0.426686  0.350452  0.402159  0.762773  0.533444  0.773637  0.671898 0.0  0.584477  0.508965  0.625649  0.452292  0.579011  0.415185  0.416403  0.279407  0.754361  0.346939  0.469654  0.578257  0.407398  0.668869  0.422611  0.449075  0.704838  0.532460  0.371375  0.496472  0.515667  0.473902  0.487113  0.552964  0.598094  0.371286  0.500092  0.463754  0.598455  0.596671  0.464531  0.756766  0.853604  0.811390  0.775169  0.510058  0.531590  0.483579  0.366782  0.893030  0.559406  0.433613  0.800959  0.692126  0.493303  0.510476  0.490318  0.776461  0.458247  0.393165  0.484654  0.446809  0.745929  0.533163  0.803283  0.912579  0.501815  0.457545  0.812523  0.588074 
13  0.412322  0.490707  0.482604  0.775919  0.653927  0.550231  0.590520  0.391401  0.694272  0.295955  0.751812  0.592668  0.584477 0.0  0.527053  0.531613  0.509992  0.367512  0.501278  0.580392  0.483229  0.974121  0.519420  0.368264  0.536732  0.545848  0.623953  0.394759  0.621033  0.822925  0.464250  0.498700  0.456145  0.434898  0.594317  0.536520  0.531846  0.583840  0.510403  0.505019  0.575722  0.449748  0.603439  0.602979  0.426055  0.803471  0.860411  0.830029  0.517067  0.624510  0.441433  0.505979  0.883799  0.408564  0.620864  0.805064  0.642339  0.495723  0.421487  0.525496  0.736627  0.477525  0.437755  0.510146  0.515213  0.696491  0.358332  0.849784  0.768338  0.517104  0.504711  0.846041  0.453425 
14  0.551926  0.508501  0.509511  0.741071  0.611977  0.563189  0.491726  0.365579  0.690461  0.478591  0.856042  0.524304  0.508965  0.527053 0.0  0.535259  0.460116  0.447155  0.477784  0.477559  0.455987  0.886252  0.428335  0.461759  0.551562  0.450872  0.688813  0.562463  0.543911  0.736163  0.385612  0.513610  0.479584  0.384812  0.550591  0.531776  0.523773  0.492569  0.443233  0.527311  0.543901  0.333828  0.428004  0.602364  0.489367  0.806357  0.802858  0.839637  0.431984  0.536971  0.488557  0.501797  0.865862  0.447491  0.515424  0.863320  0.665171  0.478168  0.464081  0.496208  0.760787  0.543421  0.425800  0.483819  0.565280  0.760512  0.577840  0.791583  0.844901  0.600826  0.470287  0.807611  0.365885 
15  0.645650  0.506242  0.500377  0.882108  0.624293  0.694196  0.539546  0.650577  0.653446  0.591199  0.834747  0.575603  0.625649  0.531613  0.535259 0.0  0.698888  0.476387  0.583079  0.606990  0.518785  0.833158  0.507174  0.631334  0.569281  0.513662  0.648163  0.581813  0.651903  0.727882  0.548998  0.578004  0.604864  0.489122  0.555417  0.613249  0.597070  0.622254  0.605688  0.570843  0.487914  0.573430  0.524764  0.606565  0.613567  0.720760  0.953252  0.799987  0.603957  0.516563  0.545291  0.607358  0.798764  0.672393  0.557457  0.945100  0.677094  0.588575  0.527940  0.612724  0.698320  0.656288  0.546584  0.534479  0.530712  0.823221  0.501917  0.876804  0.852443  0.535519  0.570197  0.785507  0.527503 
16  0.589809  0.351344  0.487277  0.892820  0.696924  0.395601  0.425546  0.423421  0.690542  0.554495  0.897434  0.584628  0.452292  0.509992  0.460116  0.698888 0.0  0.440242  0.390930  0.384150  0.467074  0.842601  0.425481  0.477630  0.618905  0.426257  0.637400  0.503878  0.347283  0.707521  0.550067  0.574127  0.446593  0.467438  0.439522  0.456155  0.565570  0.493269  0.474652  0.474195  0.452465  0.515348  0.527160  0.422131  0.484757  0.882336  0.803768  0.758045  0.492401  0.492306  0.572628  0.399241  0.837002  0.513665  0.416415  0.800443  0.543441  0.508263  0.480451  0.588723  0.746707  0.499241  0.499524  0.519002  0.461509  0.731550  0.443712  0.849489  0.859418  0.556626  0.468747  0.868479  0.455191 
17  0.581522  0.480248  0.581159  0.854148  0.675071  0.463169  0.532110  0.405245  0.652544  0.381484  0.810468  0.646669  0.579011  0.367512  0.447155  0.476387  0.440242 0.0  0.564836  0.478686  0.541542  0.824570  0.529522  0.547576  0.450914  0.475520  0.583386  0.498576  0.492773  0.789883  0.630964  0.585141  0.432613  0.482592  0.569530  0.458101  0.638814  0.489701  0.511016  0.608379  0.470885  0.391941  0.477862  0.518716  0.415994  0.816362  0.898978  0.885058  0.402843  0.385721  0.579580  0.533749  0.884153  0.502506  0.454361  0.835867  0.543963  0.467957  0.475933  0.399029  0.711767  0.547213  0.536621  0.595584  0.422541  0.728613  0.548201  0.732369  0.883116  0.519267  0.506607  0.823732  0.434323 
18  0.555295  0.588245  0.506770  0.853338  0.661556  0.511727  0.444298  0.374003  0.754317  0.544099  0.800580  0.620125  0.415185  0.501278  0.477784  0.583079  0.390930  0.564836 0.0  0.379769  0.491758  0.757409  0.407798  0.507965  0.505565  0.482952  0.682970  0.603876  0.421689  0.768594  0.655385  0.383554  0.538522  0.338861  0.492649  0.351244  0.485535  0.539560  0.356771  0.436451  0.380007  0.457305  0.498784  0.442508  0.541718  0.769974  0.859902  0.827862  0.555871  0.530263  0.526767  0.432295  0.891206  0.516624  0.384365  0.838566  0.669076  0.567172  0.560261  0.558024  0.621991  0.566668  0.510874  0.398127  0.529342  0.806433  0.447712  0.690110  0.802952  0.420072  0.452275  0.926499  0.447382 
19  0.528455  0.470622  0.493634  0.775556  0.672729  0.462745  0.372473  0.514470  0.632972  0.609012  0.739102  0.525659  0.416403  0.580392  0.477559  0.606990  0.384150  0.478686  0.379769 0.0  0.496235  0.753802  0.418484  0.579066  0.597634  0.377934  0.589502  0.524223  0.377990  0.657738  0.406724  0.467572  0.459334  0.481496  0.386000  0.492711  0.631914  0.437420  0.486631  0.353346  0.433742  0.584653  0.526667  0.260785  0.499149  0.829242  1.000000  0.842878  0.523889  0.504203  0.451577  0.459034  0.886507  0.469232  0.546950  0.801897  0.579654  0.427780  0.444342  0.565216  0.658035  0.521309  0.485920  0.561146  0.552125  0.736345  0.551693  0.788633  0.813704  0.485947  0.364383  0.880879  0.486661 
20  0.581876  0.554813  0.387849  0.663501  0.690248  0.433065  0.368707  0.526707  0.725759  0.588785  0.818120  0.552749  0.279407  0.483229  0.455987  0.518785  0.467074  0.541542  0.491758  0.496235 0.0  0.900269  0.502251  0.543647  0.522918  0.497812  0.630779  0.494371  0.344972  0.881197  0.479185  0.385369  0.557918  0.430037  0.415238  0.520622  0.469050  0.489984  0.408422  0.474865  0.401145  0.614404  0.527611  0.408778  0.521027  0.655903  0.812468  0.787419  0.415397  0.421648  0.585242  0.454371  0.871676  0.618973  0.514644  0.798277  0.570223  0.420413  0.531627  0.430717  0.662534  0.423416  0.419448  0.598484  0.516824  0.745528  0.554823  0.846039  0.827679  0.621984  0.512367  0.792589  0.514382 
21  0.788508  0.942003  0.708403  0.757075  0.753962  0.777665  0.730845  0.749817  0.912968  0.757909  0.694656  0.804058  0.754361  0.974121  0.886252  0.833158  0.842601  0.824570  0.757409  0.753802  0.900269 0.0  0.836503  0.817345  0.778636  0.750855  0.842536  0.799159  0.811517  0.875070  0.884945  0.795648  0.805888  0.798211  0.762395  0.854463  0.817622  0.811702  0.785832  0.706221  0.816846  0.813770  0.886679  0.716412  0.784966  0.731300  0.931826  0.719821  0.827182  0.766104  0.853658  0.810552  0.745206  0.796467  0.770143  0.852447  0.721039  0.834239  0.804473  0.724631  0.822578  0.808289  0.823970  0.866870  0.827128  0.845132  0.900034  0.750965  0.829548  0.821549  0.857256  0.799528  0.809503 
22  0.593719  0.424460  0.394757  0.722199  0.672031  0.505629  0.506952  0.398103  0.712162  0.546431  0.834802  0.562868  0.346939  0.519420  0.428335  0.507174  0.425481  0.529522  0.407798  0.418484  0.502251  0.836503 0.0  0.486915  0.527263  0.446634  0.761594  0.369542  0.408146  0.828993  0.601068  0.445769  0.527923  0.524790  0.367873  0.330749  0.545301  0.573218  0.443983  0.352918  0.460337  0.464181  0.451851  0.472560  0.602203  0.717768  0.957532  0.737581  0.586106  0.367300  0.592694  0.433143  0.868756  0.411700  0.405067  0.763902  0.561319  0.421229  0.512020  0.573338  0.639076  0.474693  0.462945  0.441653  0.575735  0.777279  0.473597  0.788062  0.873845  0.532658  0.379560  0.957294  0.570931 
23  0.401132  0.535066  0.534567  0.768758  0.598180  0.453160  0.473063  0.537988  0.729074  0.544156  0.826429  0.610130  0.469654  0.368264  0.461759  0.631334  0.477630  0.547576  0.507965  0.579066  0.543647  0.817345  0.486915 0.0  0.477114  0.481265  0.634716  0.489686  0.472217  0.860450  0.461110  0.486613  0.476236  0.453897  0.588496  0.516704  0.298201  0.325656  0.558091  0.470414  0.452411  0.279668  0.333001  0.627271  0.475552  0.726274  0.701338  0.666568  0.404347  0.547219  0.464613  0.393885  0.816096  0.426412  0.519663  0.892983  0.833278  0.507417  0.492612  0.477970  0.668224  0.485834  0.606891  0.553329  0.520046  0.806969  0.543319  0.913093  0.891909  0.529703  0.519182  0.843615  0.400296 
24  0.448577  0.494459  0.571118  0.725005  0.498138  0.537176  0.556742  0.505992  0.610689  0.437376  0.791836  0.537112  0.578257  0.536732  0.551562  0.569281  0.618905  0.450914  0.505565  0.597634  0.522918  0.778636  0.527263  0.477114 0.0  0.491594  0.636371  0.476696  0.405803  0.824360  0.531475  0.594252  0.538960  0.419506  0.512363  0.423026  0.630246  0.549111  0.530742  0.492487  0.478260  0.496606  0.478683  0.493123  0.536649  0.789731  0.783870  0.789698  0.432855  0.556009  0.552180  0.479580  0.934490  0.514199  0.442222  0.792708  0.660649  0.569791  0.538598  0.533858  0.637186  0.469870  0.581200  0.480766  0.446658  0.769484  0.521272  0.807571  0.796773  0.456821  0.569359  0.876170  0.534677 
25  0.505736  0.406107  0.410501  0.816326  0.643693  0.445768  0.414167  0.398196  0.775127  0.609463  0.751335  0.684645  0.407398  0.545848  0.450872  0.513662  0.426257  0.475520  0.482952  0.377934  0.497812  0.750855  0.446634  0.481265  0.491594 0.0  0.578489  0.440425  0.444263  0.801916  0.539608  0.418503  0.625154  0.539761  0.304358  0.561206  0.548572  0.530336  0.349514  0.346847  0.437602  0.536819  0.568364  0.391934  0.493457  0.789113  0.857506  0.772260  0.570758  0.409086  0.557527  0.420640  0.753420  0.609656  0.515568  0.776739  0.731439  0.549463  0.520322  0.676898  0.703486  0.537584  0.472117  0.439362  0.616596  0.671472  0.497026  0.803322  0.739212  0.442366  0.406423  0.845991  0.565386 
26  0.675474  0.752667  0.715360  0.830582  0.429424  0.618029  0.669179  0.674262  0.604901  0.667488  0.730615  0.581159  0.668869  0.623953  0.688813  0.648163  0.637400  0.583386  0.682970  0.589502  0.630779  0.842536  0.761594  0.634716  0.636371  0.578489 0.0  0.627104  0.700995  0.776990  0.624890  0.645399  0.569465  0.669575  0.634329  0.706511  0.685965  0.619780  0.643161  0.590081  0.631928  0.755832  0.655875  0.606211  0.640028  0.775916  0.830271  0.857181  0.711717  0.682430  0.654002  0.648953  0.797039  0.719019  0.621037  0.750347  0.589146  0.616379  0.645713  0.647169  0.683466  0.736743  0.651825  0.702458  0.594904  0.824870  0.571083  0.821786  0.864841  0.705199  0.734970  0.814271  0.608418 
27  0.516132  0.423289  0.425990  0.776406  0.670608  0.445336  0.425689  0.471333  0.727650  0.503573  0.732872  0.644229  0.422611  0.394759  0.562463  0.581813  0.503878  0.498576  0.603876  0.524223  0.494371  0.799159  0.369542  0.489686  0.476696  0.440425  0.627104 0.0  0.402099  0.750023  0.616642  0.483059  0.549623  0.421476  0.458436  0.397746  0.555741  0.522370  0.518073  0.398105  0.367307  0.548050  0.530173  0.402755  0.542180  0.889962  0.873851  0.890724  0.503717  0.319069  0.480332  0.422013  0.838944  0.592290  0.529243  0.783555  0.535497  0.594334  0.490530  0.400337  0.639868  0.452240  0.378734  0.444934  0.449171  0.737636  0.434024  0.800392  0.726764  0.424524  0.370924  0.919019  0.451549 
28  0.441218  0.465793  0.510375  0.799538  0.675085  0.541808  0.407815  0.382619  0.844293  0.564067  0.771777  0.616410  0.449075  0.621033  0.543911  0.651903  0.347283  0.492773  0.421689  0.377990  0.344972  0.811517  0.408146  0.472217  0.405803  0.444263  0.700995  0.402099 0.0  0.718569  0.549478  0.447127  0.532846  0.369433  0.411895  0.485786  0.562951  0.493144  0.463634  0.455072  0.314402  0.617426  0.647310  0.514283  0.492866  0.725120  0.854407  0.786153  0.613381  0.591556  0.604870  0.397450  0.824080  0.514643  0.514166  0.733728  0.603848  0.550593  0.626299  0.442489  0.630094  0.535593  0.453836  0.499378  0.498507  0.677970  0.471949  0.799219  0.825503  0.468186  0.423602  0.791637  0.462302 
29  0.647987  0.840857  0.715885  0.837926  0.785752  0.840011  0.715794  0.761481  0.765443  0.823743  0.795707  0.823497  0.704838  0.822925  0.736163  0.727882  0.707521  0.789883  0.768594  0.657738  0.881197  0.875070  0.828993  0.860450  0.824360  0.801916  0.776990  0.750023  0.718569 0.0  0.700919  0.754988  0.694171  0.713813  0.735836  0.759717  0.612842  0.607716  0.837588  0.695780  0.714835  0.784677  0.843806  0.733632  0.742974  0.755464  0.821376  0.547303  0.813825  0.802737  0.800730  0.738473  0.800948  0.702303  0.823138  0.646671  0.604864  0.695740  0.760464  0.806501  0.735918  0.761752  0.793900  0.707008  0.714219  0.844039  0.740734  0.725450  0.773006  0.754407  0.890212  0.774712  0.810638 
30  0.495597  0.518803  0.567692  0.745401  0.577784  0.487880  0.571206  0.423062  0.718702  0.448511  0.758302  0.542960  0.532460  0.464250  0.385612  0.548998  0.550067  0.630964  0.655385  0.406724  0.479185  0.884945  0.601068  0.461110  0.531475  0.539608  0.624890  0.616642  0.549478  0.700919 0.0  0.446413  0.552344  0.400048  0.532447  0.630323  0.394694  0.430151  0.542102  0.440792  0.530347  0.371904  0.474570  0.547878  0.515380  0.848088  0.910427  0.787053  0.485316  0.583210  0.496341  0.408915  0.827745  0.429340  0.447350  0.906817  0.551821  0.411918  0.458680  0.517970  0.630647  0.404129  0.500383  0.457156  0.442999  0.832427  0.512853  0.907141  0.795608  0.508190  0.569637  0.861280  0.384425 
31  0.565065  0.352376  0.314070  0.772037  0.684357  0.370151  0.434302  0.357270  0.690736  0.591288  0.743963  0.486446  0.371375  0.498700  0.513610  0.578004  0.574127  0.585141  0.383554  0.467572  0.385369  0.795648  0.445769  0.486613  0.594252  0.418503  0.645399  0.483059  0.447127  0.754988  0.446413 0.0  0.569060  0.540985  0.448517  0.386677  0.553148  0.451481  0.447847  0.469629  0.436143  0.549693  0.502283  0.365682  0.523771  0.763601  0.914422  0.754638  0.424893  0.431197  0.546300  0.464791  0.818761  0.467655  0.506350  0.969087  0.681707  0.545370  0.579659  0.525724  0.760269  0.522930  0.408444  0.420549  0.557089  0.667271  0.552022  0.776567  0.780966  0.520429  0.427263  0.825167  0.569138 
32  0.442174  0.617544  0.574666  0.730724  0.553871  0.516887  0.533243  0.404280  0.776535  0.418106  0.849921  0.640524  0.496472  0.456145  0.479584  0.604864  0.446593  0.432613  0.538522  0.459334  0.557918  0.805888  0.527923  0.476236  0.538960  0.625154  0.569465  0.549623  0.532846  0.694171  0.552344  0.569060 0.0  0.435576  0.586012  0.433017  0.494983  0.538896  0.480518  0.469243  0.600265  0.397226  0.414536  0.593351  0.446541  0.870217  0.876790  0.819847  0.342482  0.410085  0.561101  0.397766  0.765427  0.441041  0.554578  0.856726  0.620769  0.499049  0.453071  0.456566  0.729999  0.526748  0.425050  0.609249  0.553366  0.774307  0.528693  0.748137  0.782389  0.598654  0.521692  0.771400  0.545476 
33  0.517420  0.343481  0.352408  0.774532  0.726886  0.517623  0.470087  0.401379  0.692918  0.516483  0.736560  0.600664  0.515667  0.434898  0.384812  0.489122  0.467438  0.482592  0.338861  0.481496  0.430037  0.798211  0.524790  0.453897  0.419506  0.539761  0.669575  0.421476  0.369433  0.713813  0.400048  0.540985  0.435576 0.0  0.436474  0.464256  0.533183  0.413969  0.431554  0.495267  0.433489  0.495068  0.443810  0.488452  0.395152  0.761121  0.783594  0.810032  0.392383  0.449844  0.455569  0.562746  0.723097  0.330555  0.359945  0.742660  0.606638  0.357768  0.417028  0.391985  0.705909  0.422035  0.418746  0.330977  0.478092  0.748395  0.501291  0.703629  0.754494  0.448617  0.280815  0.840088  0.354251 
34  0.538189  0.521633  0.423895  0.943037  0.605151  0.469016  0.390095  0.494631  0.620588  0.507727  0.757333  0.553799  0.473902  0.594317  0.550591  0.555417  0.439522  0.569530  0.492649  0.386000  0.415238  0.762395  0.367873  0.588496  0.512363  0.304358  0.634329  0.458436  0.411895  0.735836  0.532447  0.448517  0.586012  0.436474 0.0  0.327073  0.588491  0.478137  0.442969  0.428147  0.450316  0.580421  0.584615  0.443311  0.492015  0.750227  0.740740  0.865645  0.462483  0.438470  0.467516  0.437582  0.904283  0.552034  0.392060  0.718765  0.638282  0.524999  0.647257  0.592077  0.678391  0.499883  0.434048  0.398279  0.630182  0.710737  0.358391  0.598794  0.833567  0.521448  0.606063  0.885824  0.456519 
35  0.473772  0.515297  0.398038  0.903650  0.669826  0.387923  0.436181  0.447509  0.639095  0.556978  0.860225  0.647384  0.487113  0.536520  0.531776  0.613249  0.456155  0.458101  0.351244  0.492711  0.520622  0.854463  0.330749  0.516704  0.423026  0.561206  0.706511  0.397746  0.485786  0.759717  0.630323  0.386677  0.433017  0.464256  0.327073 0.0  0.516427  0.524503  0.421416  0.462834  0.439884  0.515141  0.492106  0.431451  0.548475  0.838290  0.820179  0.873425  0.544921  0.394859  0.664896  0.360254  0.828068  0.550901  0.466338  0.745655  0.573537  0.514344  0.520022  0.484033  0.639585  0.475640  0.358390  0.453395  0.510123  0.738281  0.501249  0.816033  0.855884  0.548163  0.403338  0.801890  0.497277 
36  0.498602  0.625203  0.657538  0.798984  0.575233  0.605850  0.526592  0.519255  0.751595  0.386508  0.739686  0.601942  0.552964  0.531846  0.523773  0.597070  0.565570  0.638814  0.485535  0.631914  0.469050  0.817622  0.545301  0.298201  0.630246  0.548572  0.685965  0.555741  0.562951  0.612842  0.394694  0.553148  0.494983  0.533183  0.588491  0.516427 0.0  0.407639  0.557477  0.586214  0.508077  0.372144  0.472923  0.608964  0.480387  0.793572  0.912952  0.861269  0.431910  0.495655  0.503813  0.507894  0.746132  0.610319  0.553055  0.800762  0.640505  0.500087  0.417746  0.486731  0.675553  0.530658  0.472787  0.482137  0.478833  0.824449  0.570040  0.724618  0.810151  0.538181  0.397628  0.891666  0.461762 
37  0.371887  0.420532  0.435024  0.833206  0.669856  0.472484  0.609092  0.488295  0.724067  0.454108  0.679299  0.626686  0.598094  0.583840  0.492569  0.622254  0.493269  0.489701  0.539560  0.437420  0.489984  0.811702  0.573218  0.325656  0.549111  0.530336  0.619780  0.522370  0.493144  0.607716  0.430151  0.451481  0.538896  0.413969  0.478137  0.524503  0.407639 0.0  0.501497  0.600280  0.641459  0.375143  0.396321  0.476929  0.503080  0.781822  0.733036  0.877893  0.456524  0.539017  0.535373  0.626315  0.943830  0.428770  0.520665  0.811047  0.723344  0.429173  0.462502  0.462976  0.669839  0.533902  0.465085  0.515601  0.409029  0.796999  0.603205  0.807553  0.811255  0.495301  0.554080  0.784620  0.401435 
38  0.533059  0.483639  0.446051  0.730862  0.754969  0.406712  0.326816  0.364720  0.683727  0.615424  0.648817  0.593869  0.371286  0.510403  0.443233  0.605688  0.474652  0.511016  0.356771  0.486631  0.408422  0.785832  0.443983  0.558091  0.530742  0.349514  0.643161  0.518073  0.463634  0.837588  0.542102  0.447847  0.480518  0.431554  0.442969  0.421416  0.557477  0.501497 0.0  0.514282  0.386944  0.621996  0.489037  0.556052  0.588027  0.749453  0.881831  0.784455  0.599344  0.385522  0.514246  0.348919  0.866615  0.420410  0.581695  0.800895  0.678578  0.517221  0.591258  0.647244  0.672197  0.475737  0.401758  0.524927  0.578721  0.750241  0.558476  0.726547  0.828492  0.395053  0.473558  0.881922  0.492460 
39  0.497586  0.384323  0.512971  0.693113  0.599310  0.373345  0.415637  0.354426  0.685963  0.633116  0.760073  0.618355  0.500092  0.505019  0.527311  0.570843  0.474195  0.608379  0.436451  0.353346  0.474865  0.706221  0.352918  0.470414  0.492487  0.346847  0.590081  0.398105  0.455072  0.695780  0.440792  0.469629  0.469243  0.495267  0.428147  0.462834  0.586214  0.600280  0.514282 0.0  0.369818  0.569307  0.548450  0.499343  0.574547  0.700681  0.905608  0.801253  0.429863  0.411056  0.558919  0.358055  0.802449  0.497774  0.423636  0.824208  0.543725  0.556498  0.489011  0.504009  0.816461  0.502145  0.425165  0.478679  0.415057  0.726300  0.474258  0.720864  0.804997  0.552878  0.290411  0.776247  0.513192 
40  0.566969  0.446644  0.352502  0.763849  0.658012  0.468745  0.393735  0.311558  0.727716  0.472449  0.781657  0.547232  0.463754  0.575722  0.543901  0.487914  0.452465  0.470885  0.380007  0.433742  0.401145  0.816846  0.460337  0.452411  0.478260  0.437602  0.631928  0.367307  0.314402  0.714835  0.530347  0.436143  0.600265  0.433489  0.450316  0.439884  0.508077  0.641459  0.386944  0.369818 0.0  0.494385  0.450431  0.473243  0.440024  0.730006  0.802041  0.893594  0.491436  0.387937  0.497570  0.360778  0.842425  0.545750  0.402508  0.829030  0.661677  0.503094  0.480352  0.487425  0.672736  0.445033  0.453189  0.418517  0.519460  0.862118  0.499277  0.775283  0.796567  0.496711  0.367712  0.900583  0.518349 
41  0.521687  0.592383  0.532840  0.780147  0.600397  0.570422  0.535509  0.458150  0.698322  0.462994  0.785003  0.633028  0.598455  0.449748  0.333828  0.573430  0.515348  0.391941  0.457305  0.584653  0.614404  0.813770  0.464181  0.279668  0.496606  0.536819  0.755832  0.548050  0.617426  0.784677  0.371904  0.549693  0.397226  0.495068  0.580421  0.515141  0.372144  0.375143  0.621996  0.569307  0.494385 0.0  0.442733  0.511828  0.451163  0.825324  0.856509  0.897938  0.570379  0.550593  0.437733  0.593202  0.883106  0.587759  0.553172  0.735814  0.538710  0.449082  0.483185  0.568436  0.668623  0.646148  0.421242  0.498994  0.538888  0.785426  0.564669  0.714295  0.878125  0.535676  0.466499  0.821354  0.359922 
42  0.521613  0.483352  0.513629  0.709620  0.521110  0.572799  0.490462  0.623400  0.688826  0.509590  0.764233  0.555920  0.596671  0.603439  0.428004  0.524764  0.527160  0.477862  0.498784  0.526667  0.527611  0.886679  0.451851  0.333001  0.478683  0.568364  0.655875  0.530173  0.647310  0.843806  0.474570  0.502283  0.414536  0.443810  0.584615  0.492106  0.472923  0.396321  0.489037  0.548450  0.450431  0.442733 0.0  0.612299  0.473288  0.788976  0.879062  0.827820  0.454591  0.501915  0.366326  0.541518  0.894847  0.522321  0.479988  0.870335  0.505924  0.433729  0.367589  0.537523  0.721652  0.501918  0.445923  0.492222  0.613094  0.742575  0.491860  0.807432  0.815843  0.438378  0.560918  0.862192  0.477246 
43  0.604096  0.414746  0.368309  0.856289  0.573267  0.342265  0.440461  0.445698  0.717507  0.575260  0.894671  0.571555  0.464531  0.602979  0.602364  0.606565  0.422131  0.518716  0.442508  0.260785  0.408778  0.716412  0.472560  0.627271  0.493123  0.391934  0.606211  0.402755  0.514283  0.733632  0.547878  0.365682  0.593351  0.488452  0.443311  0.431451  0.608964  0.476929  0.556052  0.499343  0.473243  0.511828  0.612299 0.0  0.568653  0.686317  0.887859  0.752126  0.562439  0.478015  0.500245  0.400083  0.835570  0.505486  0.517275  0.761153  0.572527  0.437710  0.504047  0.440075  0.705298  0.525141  0.424045  0.471457  0.570484  0.758717  0.534320  0.844546  0.877690  0.441225  0.455630  0.865593  0.567437 
44  0.497489  0.633510  0.524218  0.798882  0.598300  0.552913  0.479462  0.440631  0.620080  0.514797  0.811303  0.607011  0.756766  0.426055  0.489367  0.613567  0.484757  0.415994  0.541718  0.499149  0.521027  0.784966  0.602203  0.475552  0.536649  0.493457  0.640028  0.542180  0.492866  0.742974  0.515380  0.523771  0.446541  0.395152  0.492015  0.548475  0.480387  0.503080  0.588027  0.574547  0.440024  0.451163  0.473288  0.568653 0.0  0.749686  0.920409  0.824350  0.450711  0.462613  0.463621  0.467025  0.821977  0.421699  0.557795  0.759350  0.676330  0.461978  0.499943  0.429410  0.646848  0.412565  0.407433  0.527649  0.533024  0.812483  0.576130  0.760126  0.877329  0.504606  0.558086  0.841976  0.435606 
45  0.842413  0.747523  0.732268  0.822268  0.701618  0.874416  0.847580  0.781330  0.698285  0.690572  0.783699  0.754063  0.853604  0.803471  0.806357  0.720760  0.882336  0.816362  0.769974  0.829242  0.655903  0.731300  0.717768  0.726274  0.789731  0.789113  0.775916  0.889962  0.725120  0.755464  0.848088  0.763601  0.870217  0.761121  0.750227  0.838290  0.793572  0.781822  0.749453  0.700681  0.730006  0.825324  0.788976  0.686317  0.749686 0.0  0.850717  0.710202  0.840842  0.692535  0.691835  0.790590  0.531508  0.795460  0.756770  0.934136  0.566935  0.828873  0.865241  0.864175  0.760623  0.767820  0.733342  0.819141  0.773715  0.731963  0.774720  0.789193  0.394152  0.784305  0.752931  0.641555  0.781039 
46  0.946446  0.843206  0.902668  0.774407  0.830489  0.828427  0.897109  0.859231  0.918926  0.793664  0.834000  0.811970  0.811390  0.860411  0.802858  0.953252  0.803768  0.898978  0.859902  1.000000  0.812468  0.931826  0.957532  0.701338  0.783870  0.857506  0.830271  0.873851  0.854407  0.821376  0.910427  0.914422  0.876790  0.783594  0.740740  0.820179  0.912952  0.733036  0.881831  0.905608  0.802041  0.856509  0.879062  0.887859  0.920409  0.850717 0.0  0.765981  0.885268  0.839494  0.827337  0.825060  0.757150  0.829665  0.938228  0.816466  0.525930  0.908933  0.819512  0.824670  0.776090  0.857649  0.832419  0.792211  0.853105  0.579774  0.784560  0.781240  0.852000  0.837646  0.994459  0.814776  0.817931 
47  0.924553  0.889361  0.804751  0.757940  0.850256  0.813076  0.802754  0.884353  0.743865  0.779400  0.729471  0.748546  0.775169  0.830029  0.839637  0.799987  0.758045  0.885058  0.827862  0.842878  0.787419  0.719821  0.737581  0.666568  0.789698  0.772260  0.857181  0.890724  0.786153  0.547303  0.787053  0.754638  0.819847  0.810032  0.865645  0.873425  0.861269  0.877893  0.784455  0.801253  0.893594  0.897938  0.827820  0.752126  0.824350  0.710202  0.765981 0.0  0.769982  0.790324  0.830889  0.877682  0.815915  0.767276  0.749978  0.290797  0.664830  0.796951  0.837300  0.819900  0.833802  0.728152  0.791930  0.790852  0.784261  0.840086  0.820561  0.805953  0.817974  0.890579  0.840839  0.850910  0.703284 
48  0.381449  0.515080  0.442445  0.729004  0.673230  0.418301  0.424709  0.464292  0.647007  0.470154  0.761134  0.696131  0.510058  0.517067  0.431984  0.603957  0.492401  0.402843  0.555871  0.523889  0.415397  0.827182  0.586106  0.404347  0.432855  0.570758  0.711717  0.503717  0.613381  0.813825  0.485316  0.424893  0.342482  0.392383  0.462483  0.544921  0.431910  0.456524  0.599344  0.429863  0.491436  0.570379  0.454591  0.562439  0.450711  0.840842  0.885268  0.769982 0.0  0.529549  0.440157  0.622962  0.807863  0.478965  0.526562  0.817163  0.642782  0.377769  0.455282  0.385411  0.548649  0.592252  0.556764  0.557565  0.517213  0.720221  0.518770  0.744249  0.785908  0.590822  0.450054  0.892867  0.452376 
49  0.573262  0.398633  0.454994  0.848919  0.664075  0.461900  0.433963  0.534400  0.688433  0.595509  0.750403  0.588838  0.531590  0.624510  0.536971  0.516563  0.492306  0.385721  0.530263  0.504203  0.421648  0.766104  0.367300  0.547219  0.556009  0.409086  0.682430  0.319069  0.591556  0.802737  0.583210  0.431197  0.410085  0.449844  0.438470  0.394859  0.495655  0.539017  0.385522  0.411056  0.387937  0.550593  0.501915  0.478015  0.462613  0.692535  0.839494  0.790324  0.529549 0.0  0.428620  0.484594  0.908440  0.508279  0.382840  0.783850  0.582121  0.493557  0.472342  0.571527  0.737434  0.528603  0.493819  0.540993  0.548447  0.811014  0.534458  0.841080  0.810653  0.592247  0.417849  0.787513  0.573475 
50  0.430578  0.571735  0.524063  0.768603  0.728975  0.603140  0.523992  0.551528  0.795763  0.568239  0.726385  0.627366  0.483579  0.441433  0.488557  0.545291  0.572628  0.579580  0.526767  0.451577  0.585242  0.853658  0.592694  0.464613  0.552180  0.557527  0.654002  0.480332  0.604870  0.800730  0.496341  0.546300  0.561101  0.455569  0.467516  0.664896  0.503813  0.535373  0.514246  0.558919  0.497570  0.437733  0.366326  0.500245  0.463621  0.691835  0.827337  0.830889  0.440157  0.428620 0.0  0.685866  0.803875  0.586504  0.535456  0.760334  0.666245  0.358671  0.327576  0.512527  0.778532  0.592889  0.435293  0.551691  0.430257  0.748998  0.542302  0.725575  0.874483  0.553527  0.584631  0.815099  0.477527 
51  0.511578  0.395998  0.465408  0.879418  0.608799  0.380500  0.491410  0.527176  0.675735  0.517569  0.795436  0.580133  0.366782  0.505979  0.501797  0.607358  0.399241  0.533749  0.432295  0.459034  0.454371  0.810552  0.433143  0.393885  0.479580  0.420640  0.648953  0.422013  0.397450  0.738473  0.408915  0.464791  0.397766  0.562746  0.437582  0.360254  0.507894  0.626315  0.348919  0.358055  0.360778  0.593202  0.541518  0.400083  0.467025  0.790590  0.825060  0.877682  0.622962  0.484594  0.685866 0.0  0.813943  0.563633  0.567915  0.851114  0.582952  0.660251  0.477686  0.502726  0.729043  0.409335  0.471217  0.577527  0.413675  0.808763  0.431773  0.772285  0.838014  0.508388  0.523171  0.761791  0.556916 
52  0.838646  0.705784  0.878881  0.735953  0.804121  0.818012  0.885948  0.846479  0.774266  0.765361  0.861493  0.860197  0.893030  0.883799  0.865862  0.798764  0.837002  0.884153  0.891206  0.886507  0.871676  0.745206  0.868756  0.816096  0.934490  0.753420  0.797039  0.838944  0.824080  0.800948  0.827745  0.818761  0.765427  0.723097  0.904283  0.828068  0.746132  0.943830  0.866615  0.802449  0.842425  0.883106  0.894847  0.835570  0.821977  0.531508  0.757150  0.815915  0.807863  0.908440  0.803875  0.813943 0.0  0.792352  0.850657  0.833914  0.616075  0.882352  0.830528  0.901800  0.847046  0.926999  0.850705  0.809001  0.768264  0.811370  0.787284  0.805521  0.707725  0.861751  0.819867  0.717650  0.841066 
53  0.432127  0.638366  0.643298  0.862527  0.626874  0.486077  0.554250  0.453266  0.654070  0.405250  0.724535  0.582516  0.559406  0.408564  0.447491  0.672393  0.513665  0.502506  0.516624  0.469232  0.618973  0.796467  0.411700  0.426412  0.514199  0.609656  0.719019  0.592290  0.514643  0.702303  0.429340  0.467655  0.441041  0.330555  0.552034  0.550901  0.610319  0.428770  0.420410  0.497774  0.545750  0.587759  0.522321  0.505486  0.421699  0.795460  0.829665  0.767276  0.478965  0.508279  0.586504  0.563633  0.792352 0.0  0.472377  0.836016  0.598547  0.628812  0.471566  0.562830  0.570643  0.581859  0.477968  0.463693  0.511135  0.807967  0.397049  0.808395  0.864738  0.350757  0.523562  0.892743  0.422158 
