73
0 0.0  0.342557  0.575198  0.568637  0.468942  0.800915  0.393807  0.514883  0.401657  0.320088  0.436659  0.359555  0.487196  0.769044  0.592550  0.662712  0.449157  0.545369  0.692326  0.524800  0.483649  0.541329  0.503571  0.627466  0.924926  0.634145  0.397954  0.372404  0.849625  0.345091  0.752355  0.502196  0.361238  0.729801  0.462486  0.818141  0.555520  0.470514  0.552921  0.808806  0.405434  0.495878  0.655330  0.895586  0.378709  0.578211  0.574921  0.829493  0.585342  0.543219  0.493165  0.680390  0.407363  0.438040  0.476586  0.542853  0.446630  0.379275  0.694838  0.815636  0.602268  0.489522  0.366964  0.602878  0.550149  0.463553  0.692897  0.519489  0.478786  0.437019  0.925656  0.494712  0.570460 
1  0.342557 0.0  0.453159  0.598508  0.528063  0.832944  0.452907  0.536013  0.406035  0.499084  0.436154  0.453669  0.429202  0.815736  0.556307  0.462724  0.443470  0.545930  0.738657  0.459882  0.487531  0.434112  0.396029  0.697975  0.966436  0.507685  0.514556  0.459765  0.775918  0.354588  0.774862  0.383877  0.262279  0.666176  0.417311  0.843188  0.425629  0.461248  0.677592  0.761134  0.410824  0.495125  0.535525  0.895937  0.422854  0.647235  0.582007  0.870459  0.485347  0.445936  0.537977  0.713038  0.479230  0.589502  0.528155  0.532188  0.516141  0.431439  0.720177  0.854732  0.547885  0.536550  0.350512  0.596233  0.464963  0.487926  0.830643  0.381618  0.490143  0.391419  0.807602  0.385768  0.439056 
2  0.575198  0.453159 0.0  0.457605  0.393108  0.821874  0.606050  0.481508  0.471519  0.440321  0.455601  0.475282  0.511296  0.870969  0.465411  0.633164  0.422032  0.482706  0.834560  0.574498  0.456023  0.441931  0.484977  0.730499  0.753364  0.596649  0.507521  0.603642  0.860302  0.589914  0.752635  0.559506  0.575635  0.729524  0.497387  0.739510  0.488686  0.465293  0.652231  0.794113  0.458660  0.480012  0.580057  0.856241  0.525389  0.679095  0.412853  0.890064  0.593288  0.617138  0.401148  0.640509  0.494383  0.433671  0.399708  0.623244  0.552449  0.390403  0.802981  0.852203  0.540758  0.428701  0.594662  0.428767  0.658012  0.495239  0.774437  0.611676  0.469392  0.530106  0.851531  0.484188  0.458675 
3  0.568637  0.598508  0.457605 0.0  0.514015  0.792395  0.519331  0.444370  0.483120  0.425683  0.532612  0.509862  0.537708  0.857228  0.494020  0.539872  0.420716  0.512214  0.793222  0.635014  0.500097  0.349758  0.548379  0.761116  0.888431  0.580399  0.499830  0.501521  0.783810  0.552750  0.786523  0.430623  0.489250  0.664081  0.511774  0.684048  0.491592  0.430132  0.675907  0.790129  0.558842  0.472932  0.600254  0.799304  0.487916  0.640458  0.463391  0.836290  0.499121  0.495833  0.537072  0.617255  0.507985  0.439655  0.486591  0.525713  0.482837  0.524841  0.742261  0.740541  0.521001  0.464202  0.484066  0.424770  0.521741  0.479400  0.542499  0.505764  0.346053  0.612054  0.676713  0.580719  0.459305 
4  0.468942  0.528063  0.393108  0.514015 0.0  0.870615  0.462151  0.429409  0.442205  0.433333  0.479348  0.393626  0.468781  0.890214  0.417851  0.504040  0.504039  0.442369  0.844562  0.479026  0.521374  0.435976  0.439669  0.793535  0.764529  0.583654  0.505886  0.465656  0.893380  0.551904  0.704430  0.463261  0.495450  0.676958  0.576188  0.861976  0.388201  0.519122  0.645010  0.821681  0.465413  0.469348  0.457698  0.801075  0.468226  0.561979  0.514933  0.797481  0.423818  0.525839  0.497544  0.649895  0.502320  0.424768  0.435790  0.587579  0.463403  0.400260  0.755792  0.867905  0.511695  0.455767  0.464674  0.496262  0.521565  0.457407  0.700360  0.435069  0.417199  0.521451  0.750210  0.596858  0.422846 
5  0.800915  0.832944  0.821874  0.792395  0.870615 0.0  0.776874  0.782031  0.766205  0.805122  0.901977  0.922997  0.909938  0.622026  0.835770  0.595287  0.957810  0.749093  0.812810  0.796974  0.950090  0.870756  0.721269  0.721420  0.780058  0.529446  0.840817  0.826417  0.858166  0.744251  0.427042  0.834835  0.813004  0.783969  0.805752  0.809993  0.727505  0.858329  0.841608  0.770898  0.788956  0.821765  0.855398  0.521095  0.785462  0.608548  0.865600  0.363829  0.797342  0.867733  0.838569  0.768831  0.838710  0.849484  0.797353  0.765098  0.890575  0.838098  0.827798  0.779787  0.826462  0.880479  0.792490  0.793139  0.744568  0.796696  0.714485  0.827534  0.791892  0.810127  0.776958  0.766807  0.786477 
6  0.393807  0.452907  0.606050  0.519331  0.462151  0.776874 0.0  0.616330  0.351451  0.515246  0.496445  0.510350  0.545432  0.823816  0.508120  0.690760  0.502346  0.560365  0.774175  0.445895  0.491448  0.518509  0.391054  0.792734  0.812026  0.617186  0.458684  0.478638  0.894497  0.362997  0.733029  0.437912  0.401149  0.657868  0.533279  0.822937  0.435605  0.421448  0.700714  0.676471  0.396130  0.539046  0.587633  0.836970  0.444518  0.604690  0.591758  0.824361  0.499151  0.448588  0.522127  0.657693  0.505571  0.425429  0.521982  0.625622  0.462645  0.451332  0.688101  0.736859  0.523936  0.540556  0.430643  0.523658  0.485454  0.434356  0.603915  0.475278  0.487278  0.412791  0.757956  0.577951  0.535301 
7  0.514883  0.536013  0.481508  0.444370  0.429409  0.782031  0.616330 0.0  0.474564  0.451856  0.512090  0.480393  0.433434  0.849351  0.410732  0.641064  0.399811  0.339955  0.817418  0.539194  0.443928  0.529844  0.539661  0.769213  0.870419  0.592866  0.553165  0.471405  0.855199  0.469146  0.810453  0.474937  0.555907  0.775515  0.461752  0.764928  0.491547  0.405676  0.708710  0.684866  0.508988  0.415118  0.496839  0.857197  0.576082  0.508551  0.529993  0.824881  0.505529  0.551424  0.383347  0.590952  0.484833  0.449149  0.495519  0.501712  0.506733  0.556280  0.646609  0.889727  0.446940  0.478381  0.421643  0.429825  0.553026  0.418291  0.772958  0.637583  0.541581  0.510651  0.778739  0.495972  0.516074 
8  0.401657  0.406035  0.471519  0.483120  0.442205  0.766205  0.351451  0.474564 0.0  0.508484  0.415880  0.353468  0.434390  0.765669  0.524502  0.564637  0.510173  0.356744  0.720334  0.439786  0.471826  0.393075  0.350188  0.769716  0.846019  0.625274  0.378859  0.469739  0.854123  0.415027  0.787637  0.412504  0.424384  0.630221  0.421606  0.787557  0.459498  0.447209  0.557075  0.827634  0.436222  0.511642  0.562451  0.824879  0.389782  0.616199  0.483001  0.835567  0.381122  0.450640  0.522883  0.575864  0.401805  0.439000  0.458580  0.498594  0.329605  0.315952  0.732473  0.797161  0.458538  0.537524  0.321692  0.456589  0.496394  0.464076  0.749745  0.404376  0.501958  0.475694  0.737165  0.486887  0.370056 
9  0.320088  0.499084  0.440321  0.425683  0.433333  0.805122  0.515246  0.451856  0.508484 0.0  0.464905  0.534979  0.494094  0.708882  0.419391  0.594351  0.478015  0.545716  0.716058  0.502888  0.486755  0.498491  0.534322  0.706839  0.714902  0.588291  0.529856  0.522206  0.862781  0.484570  0.658289  0.545585  0.574588  0.739476  0.541778  0.750257  0.499728  0.505556  0.744649  0.777428  0.531127  0.360652  0.677159  0.817478  0.524884  0.656653  0.441444  0.846326  0.545830  0.583475  0.496133  0.594541  0.444777  0.354091  0.432883  0.570574  0.506340  0.520330  0.719868  0.834164  0.453336  0.455587  0.446927  0.531234  0.415259  0.622623  0.674368  0.442757  0.376036  0.475773  0.754973  0.358138  0.523091 
10  0.436659  0.436154  0.455601  0.532612  0.479348  0.901977  0.496445  0.512090  0.415880  0.464905 0.0  0.475360  0.431430  0.775101  0.588240  0.601921  0.564975  0.607216  0.743455  0.287420  0.553560  0.566820  0.497541  0.786831  0.883437  0.582399  0.510185  0.365120  0.865984  0.386927  0.784769  0.343326  0.463132  0.817088  0.431704  0.704279  0.530043  0.394061  0.645486  0.667001  0.359225  0.452809  0.505632  0.782988  0.347831  0.699398  0.641954  0.790149  0.402453  0.448477  0.607445  0.697160  0.488235  0.515467  0.519201  0.587861  0.370966  0.487583  0.761929  0.816755  0.478628  0.574212  0.318723  0.496169  0.439012  0.429173  0.588250  0.435750  0.564621  0.476626  0.826375  0.503320  0.449110 
11  0.359555  0.453669  0.475282  0.509862  0.393626  0.922997  0.510350  0.480393  0.353468  0.534979  0.475360 0.0  0.536832  0.945843  0.567661  0.559053  0.500560  0.504468  0.736877  0.461801  0.535389  0.517261  0.445107  0.786315  0.819348  0.655908  0.308686  0.378626  0.886985  0.526304  0.629080  0.471717  0.384917  0.756290  0.470785  0.781680  0.449406  0.362995  0.569118  0.665347  0.468461  0.460792  0.542164  0.787094  0.440776  0.633736  0.581413  0.820422  0.344078  0.373794  0.498625  0.620831  0.544795  0.631016  0.468351  0.539109  0.334974  0.506351  0.672268  0.731373  0.478779  0.545034  0.401620  0.375841  0.457140  0.469265  0.717656  0.488470  0.411652  0.392680  0.783172  0.449152  0.387267 
12  0.487196  0.429202  0.511296  0.537708  0.468781  0.909938  0.545432  0.433434  0.434390  0.494094  0.431430  0.536832 0.0  0.755208  0.397926  0.585247  0.350201  0.466090  0.698220  0.563017  0.418227  0.492473  0.473607  0.739439  0.914822  0.604179  0.497298  0.540681  0.906652  0.575934  0.785227  0.570257  0.443829  0.639253  0.544438  0.795420  0.547968  0.670194  0.614722  0.683439  0.530099  0.491287  0.517741  0.849786  0.524337  0.605977  0.482538  0.826206  0.511769  0.460690  0.450822  0.725372  0.425719  0.479146  0.426950  0.487153  0.415124  0.568026  0.712629  0.855970  0.385071  0.473458  0.511574  0.374065  0.579145  0.500517  0.764009  0.561827  0.537957  0.486218  0.797019  0.300094  0.494684 
13  0.769044  0.815736  0.870969  0.857228  0.890214  0.622026  0.823816  0.849351  0.765669  0.708882  0.775101  0.945843  0.755208 0.0  0.814191  0.874055  0.804068  0.742788  0.632655  0.645088  0.822661  0.797330  0.842861  0.831319  0.879595  0.567353  0.744826  0.865575  0.706610  0.750562  0.619541  0.802269  0.827468  0.760880  0.875019  0.741886  0.725440  0.730667  0.860111  0.787112  0.834960  0.825078  0.885357  0.618733  0.778318  0.520393  0.788994  0.670436  0.747793  0.784536  0.857023  0.789702  0.868572  0.883191  0.793623  0.842775  0.849050  0.667281  0.768838  0.687380  0.830346  0.824817  0.793268  0.731571  0.758819  0.658749  0.734745  0.718503  0.751965  0.772319  0.789955  0.782259  0.771923 
14  0.592550  0.556307  0.465411  0.494020  0.417851  0.835770  0.508120  0.410732  0.524502  0.419391  0.588240  0.567661  0.397926  0.814191 0.0  0.538699  0.411687  0.423297  0.859982  0.562277  0.526584  0.495299  0.416187  0.721598  0.773163  0.614436  0.529421  0.442756  0.887901  0.482517  0.716130  0.448060  0.620692  0.708535  0.553237  0.837279  0.469021  0.543420  0.584499  0.708414  0.549254  0.446272  0.609771  0.845926  0.513669  0.600942  0.469728  0.824189  0.503999  0.551379  0.334471  0.705589  0.548354  0.570980  0.408800  0.427622  0.501496  0.527794  0.722735  0.784784  0.368341  0.486249  0.601121  0.396760  0.510236  0.611104  0.656237  0.477193  0.361092  0.539774  0.893757  0.375401  0.424504 
15  0.662712  0.462724  0.633164  0.539872  0.504040  0.595287  0.690760  0.641064  0.564637  0.594351  0.601921  0.559053  0.585247  0.874055  0.538699 0.0  0.590573  0.494642  0.658663  0.658505  0.634128  0.491053  0.672989  0.858141  0.654848  0.555993  0.686132  0.688974  0.811991  0.525187  0.774519  0.508601  0.589566  0.733679  0.509861  0.841950  0.679137  0.526979  0.448720  0.728785  0.591805  0.552718  0.568821  0.802124  0.544549  0.627792  0.519686  0.754767  0.533902  0.619851  0.625599  0.656097  0.588324  0.630768  0.600524  0.527080  0.592773  0.597935  0.585487  0.850238  0.561270  0.530866  0.676386  0.533661  0.613942  0.575679  0.721662  0.509677  0.651304  0.518826  0.691116  0.673933  0.633117 
16  0.449157  0.443470  0.422032  0.420716  0.504039  0.957810  0.502346  0.399811  0.510173  0.478015  0.564975  0.500560  0.350201  0.804068  0.411687  0.590573 0.0  0.346830  0.827674  0.513991  0.488596  0.375352  0.487719  0.768946  0.831266  0.607513  0.445529  0.501395  0.855220  0.587793  0.763491  0.479947  0.417354  0.726983  0.449934  0.692293  0.540586  0.498599  0.560258  0.767427  0.584982  0.390739  0.564192  0.903449  0.429975  0.587565  0.401219  0.804829  0.506473  0.450135  0.448262  0.646122  0.564912  0.395137  0.387479  0.540297  0.477164  0.474258  0.774910  0.766058  0.435619  0.438558  0.516310  0.434689  0.452318  0.356043  0.783537  0.596234  0.431835  0.469401  0.759890  0.451286  0.445792 
17  0.545369  0.545930  0.482706  0.512214  0.442369  0.749093  0.560365  0.339955  0.356744  0.545716  0.607216  0.504468  0.466090  0.742788  0.423297  0.494642  0.346830 0.0  0.822541  0.441916  0.496621  0.443498  0.477907  0.731527  0.838506  0.683794  0.486773  0.441396  0.802112  0.566123  0.792176  0.442935  0.397714  0.689330  0.514655  0.780810  0.511812  0.455238  0.666111  0.759753  0.496798  0.403949  0.654789  0.781197  0.417342  0.559126  0.388454  0.842016  0.543793  0.460335  0.483547  0.644746  0.554706  0.453351  0.434976  0.555687  0.444186  0.504459  0.699835  0.836852  0.329958  0.566830  0.572472  0.340319  0.492988  0.528115  0.624502  0.669881  0.493269  0.507780  0.790367  0.405969  0.523330 
18  0.692326  0.738657  0.834560  0.793222  0.844562  0.812810  0.774175  0.817418  0.720334  0.716058  0.743455  0.736877  0.698220  0.632655  0.859982  0.658663  0.827674  0.822541 0.0  0.753825  0.695377  0.737331  0.704788  0.718016  0.814788  0.607417  0.751074  0.762507  0.758768  0.806316  0.885360  0.681890  0.712776  0.701003  0.713982  0.712898  0.745435  0.693555  0.770252  0.846256  0.659278  0.701128  0.849045  0.789529  0.703986  0.640328  0.711290  0.696487  0.746618  0.757202  0.655898  0.818258  0.785543  0.789104  0.747680  0.802444  0.782431  0.805408  0.749319  0.775892  0.741062  0.774147  0.797275  0.773342  0.824215  0.834429  0.682470  0.738605  0.832292  0.750469  0.842300  0.781452  0.920526 
19  0.524800  0.459882  0.574498  0.635014  0.479026  0.796974  0.445895  0.539194  0.439786  0.502888  0.287420  0.461801  0.563017  0.645088  0.562277  0.658505  0.513991  0.441916  0.753825 0.0  0.370699  0.410751  0.465160  0.823360  0.729395  0.643099  0.517325  0.507656  0.870096  0.446556  0.731781  0.294958  0.474668  0.798830  0.519562  0.699944  0.427966  0.450096  0.673664  0.736633  0.434476  0.603661  0.622497  0.846189  0.479636  0.527753  0.583841  0.846998  0.417869  0.517946  0.472314  0.689617  0.465887  0.452751  0.493275  0.599737  0.447567  0.450670  0.634484  0.893853  0.505101  0.498652  0.392459  0.519745  0.469917  0.489560  0.710741  0.383512  0.528784  0.396053  0.765737  0.510972  0.572614 
20  0.483649  0.487531  0.456023  0.500097  0.521374  0.950090  0.491448  0.443928  0.471826  0.486755  0.553560  0.535389  0.418227  0.822661  0.526584  0.634128  0.488596  0.496621  0.695377  0.370699 0.0  0.551429  0.498940  0.856633  0.809442  0.688107  0.506318  0.507649  0.839603  0.489432  0.745080  0.531262  0.458116  0.670554  0.543885  0.664937  0.502593  0.462034  0.658239  0.759097  0.487467  0.454403  0.614938  0.920227  0.610612  0.643532  0.417114  0.872548  0.527720  0.554789  0.478062  0.687806  0.420328  0.513554  0.512673  0.553669  0.510350  0.500868  0.668749  0.938560  0.490919  0.499869  0.512771  0.521373  0.571591  0.620753  0.685742  0.537712  0.443741  0.414876  0.908202  0.398248  0.475378 
21  0.541329  0.434112  0.441931  0.349758  0.435976  0.870756  0.518509  0.529844  0.393075  0.498491  0.566820  0.517261  0.492473  0.797330  0.495299  0.491053  0.375352  0.443498  0.737331  0.410751  0.551429 0.0  0.464090  0.691930  0.798876  0.564700  0.473075  0.480128  0.881081  0.412627  0.755851  0.488517  0.510279  0.679811  0.562088  0.721306  0.418797  0.572052  0.614916  0.765268  0.472337  0.441596  0.480208  0.869736  0.601103  0.707550  0.366488  0.848958  0.505249  0.455393  0.485774  0.638666  0.489468  0.461302  0.476824  0.654172  0.547642  0.555786  0.725983  0.721197  0.464652  0.581834  0.466422  0.404598  0.513412  0.521260  0.720956  0.591382  0.455625  0.423520  0.796834  0.555790  0.448479 
22  0.503571  0.396029  0.484977  0.548379  0.439669  0.721269  0.391054  0.539661  0.350188  0.534322  0.497541  0.445107  0.473607  0.842861  0.416187  0.672989  0.487719  0.477907  0.704788  0.465160  0.498940  0.464090 0.0  0.736589  0.842216  0.745783  0.531963  0.495006  0.855143  0.535235  0.850751  0.513157  0.512005  0.678191  0.434495  0.821067  0.370721  0.365892  0.646797  0.663068  0.483381  0.495716  0.427872  0.776738  0.437528  0.676802  0.436423  0.907828  0.485962  0.485119  0.479905  0.701566  0.503504  0.437183  0.518164  0.554196  0.471834  0.341406  0.787165  0.826106  0.478798  0.492111  0.486069  0.559494  0.458078  0.460617  0.685697  0.488076  0.520259  0.368138  0.839171  0.561243  0.477697 
23  0.627466  0.697975  0.730499  0.761116  0.793535  0.721420  0.792734  0.769213  0.769716  0.706839  0.786831  0.786315  0.739439  0.831319  0.721598  0.858141  0.768946  0.731527  0.718016  0.823360  0.856633  0.691930  0.736589 0.0  0.812514  0.488606  0.786024  0.725851  0.727186  0.848668  0.876244  0.849854  0.749531  0.730418  0.730533  0.750827  0.787182  0.832624  0.767274  0.788968  0.794846  0.649052  0.743822  0.718088  0.742411  0.505846  0.774666  0.662607  0.692705  0.742573  0.694551  0.718795  0.793915  0.766240  0.850099  0.809997  0.656947  0.773961  0.794333  0.828357  0.802767  0.702056  0.642913  0.828211  0.680994  0.708207  0.632139  0.706774  0.610524  0.681775  0.907097  0.715148  0.665509 
24  0.924926  0.966436  0.753364  0.888431  0.764529  0.780058  0.812026  0.870419  0.846019  0.714902  0.883437  0.819348  0.914822  0.879595  0.773163  0.654848  0.831266  0.838506  0.814788  0.729395  0.809442  0.798876  0.842216  0.812514 0.0  0.529541  0.715393  0.933297  0.821598  0.780016  0.737854  0.826651  0.824992  0.822085  0.840409  0.818342  0.824709  0.920539  0.795938  0.648694  0.739337  0.799015  0.769694  0.805895  0.860749  0.593491  0.771906  0.915498  0.843880  0.813733  0.814207  0.846835  0.954327  0.803552  0.758218  0.762914  0.703495  0.839259  0.857956  0.772921  0.828907  0.804235  0.806934  0.893994  0.819758  0.858809  0.693980  0.776177  0.821896  0.788978  0.575455  0.907508  0.816016 
25  0.634145  0.507685  0.596649  0.580399  0.583654  0.529446  0.617186  0.592866  0.625274  0.588291  0.582399  0.655908  0.604179  0.567353  0.614436  0.555993  0.607513  0.683794  0.607417  0.643099  0.688107  0.564700  0.745783  0.488606  0.529541 0.0  0.605938  0.643149  0.577872  0.608499  0.595151  0.625032  0.620088  0.493995  0.691715  0.852528  0.530613  0.617332  0.592394  0.611091  0.569600  0.595499  0.506126  0.587907  0.637253  0.661319  0.623513  0.563047  0.738106  0.595045  0.633833  0.632778  0.606769  0.624028  0.526067  0.512949  0.508304  0.606988  0.674792  0.552563  0.595900  0.498698  0.705564  0.685069  0.623799  0.540829  0.647178  0.612007  0.639133  0.491835  0.635752  0.610546  0.712187 
26  0.397954  0.514556  0.507521  0.499830  0.505886  0.840817  0.458684  0.553165  0.378859  0.529856  0.510185  0.308686  0.497298  0.744826  0.529421  0.686132  0.445529  0.486773  0.751074  0.517325  0.506318  0.473075  0.531963  0.786024  0.715393  0.605938 0.0  0.304909  0.804800  0.463844  0.891872  0.450127  0.512015  0.626036  0.382098  0.762376  0.382309  0.444137  0.582145  0.839625  0.445243  0.460045  0.500542  0.827630  0.460978  0.527854  0.476719  0.784935  0.378526  0.429653  0.485264  0.599223  0.558508  0.474716  0.524625  0.457317  0.449352  0.474511  0.668286  0.815888  0.467167  0.458144  0.406227  0.447290  0.396970  0.397604  0.620765  0.409882  0.427321  0.421206  0.765215  0.611331  0.526721 
27  0.372404  0.459765  0.603642  0.501521  0.465656  0.826417  0.478638  0.471405  0.469739  0.522206  0.365120  0.378626  0.540681  0.865575  0.442756  0.688974  0.501395  0.441396  0.762507  0.507656  0.507649  0.480128  0.495006  0.725851  0.933297  0.643149  0.304909 0.0  0.844621  0.438781  0.743588  0.389655  0.494962  0.686644  0.363773  0.778988  0.479286  0.402220  0.713855  0.655767  0.427210  0.449416  0.614955  0.880054  0.508778  0.594843  0.543266  0.894634  0.361765  0.447377  0.504217  0.522742  0.525280  0.425235  0.610615  0.657754  0.424261  0.440959  0.681488  0.896553  0.467792  0.533599  0.469203  0.568503  0.460984  0.428093  0.684566  0.435709  0.586702  0.480175  0.824513  0.566336  0.470052 
28  0.849625  0.775918  0.860302  0.783810  0.893380  0.858166  0.894497  0.855199  0.854123  0.862781  0.865984  0.886985  0.906652  0.706610  0.887901  0.811991  0.855220  0.802112  0.758768  0.870096  0.839603  0.881081  0.855143  0.727186  0.821598  0.577872  0.804800  0.844621 0.0  0.914265  0.728652  0.813834  0.806089  0.831319  0.867921  0.741626  0.818401  0.916830  0.826447  0.816795  0.876149  0.879922  0.781672  0.754555  0.840698  0.651236  0.853726  0.790407  0.839730  0.781027  0.903619  0.837802  0.796630  0.900296  0.735879  0.782617  0.724769  0.778830  1.000000  0.405261  0.819373  0.807585  0.751291  0.864635  0.947442  0.863375  0.721744  0.867443  0.845199  0.802425  0.834309  0.811510  0.829977 
29  0.345091  0.354588  0.589914  0.552750  0.551904  0.744251  0.362997  0.469146  0.415027  0.484570  0.386927  0.526304  0.575934  0.750562  0.482517  0.525187  0.587793  0.566123  0.806316  0.446556  0.489432  0.412627  0.535235  0.848668  0.780016  0.608499  0.463844  0.438781  0.914265 0.0  0.706732  0.398741  0.271015  0.689820  0.497673  0.744677  0.374483  0.353488  0.690638  0.717601  0.426349  0.551663  0.600054  0.825436  0.381720  0.644312  0.481037  0.861559  0.456906  0.423720  0.569331  0.550370  0.450963  0.522963  0.460413  0.557222  0.336394  0.309255  0.717265  0.772619  0.533590  0.479441  0.344944  0.469334  0.426573  0.495713  0.730595  0.470391  0.550283  0.427205  0.643158  0.482296  0.452861 
30  0.752355  0.774862  0.752635  0.786523  0.704430  0.427042  0.733029  0.810453  0.787637  0.658289  0.784769  0.629080  0.785227  0.619541  0.716130  0.774519  0.763491  0.792176  0.885360  0.731781  0.745080  0.755851  0.850751  0.876244  0.737854  0.595151  0.891872  0.743588  0.728652  0.706732 0.0  0.776879  0.694116  0.808353  0.848777  0.706263  0.776474  0.822796  0.748642  0.791347  0.719721  0.741712  0.857738  0.443914  0.701132  0.584228  0.716844  0.396046  0.782721  0.635800  0.766841  0.716335  0.776385  0.719137  0.637965  0.725963  0.714210  0.852246  0.847780  0.839012  0.722209  0.733380  0.699595  0.678392  0.823064  0.738453  0.668349  0.663469  0.784100  0.772136  0.847694  0.733439  0.749919 
31  0.502196  0.383877  0.559506  0.430623  0.463261  0.834835  0.437912  0.474937  0.412504  0.545585  0.343326  0.471717  0.570257  0.802269  0.448060  0.508601  0.479947  0.442935  0.681890  0.294958  0.531262  0.488517  0.513157  0.849854  0.826651  0.625032  0.450127  0.389655  0.813834  0.398741  0.776879 0.0  0.480399  0.699491  0.409136  0.712832  0.501144  0.419754  0.714311  0.724390  0.394188  0.382829  0.528378  0.806527  0.403800  0.637800  0.526755  0.884426  0.440938  0.434950  0.650976  0.658137  0.489785  0.569538  0.533727  0.506415  0.221428  0.427191  0.660620  0.838028  0.463280  0.439501  0.412974  0.512300  0.550591  0.454413  0.709001  0.509646  0.528581  0.405314  0.902244  0.446220  0.473603 
32  0.361238  0.262279  0.575635  0.489250  0.495450  0.813004  0.401149  0.555907  0.424384  0.574588  0.463132  0.384917  0.443829  0.827468  0.620692  0.589566  0.417354  0.397714  0.712776  0.474668  0.458116  0.510279  0.512005  0.749531  0.824992  0.620088  0.512015  0.494962  0.806089  0.271015  0.694116  0.480399 0.0  0.685460  0.364684  0.813705  0.537414  0.459166  0.578376  0.698739  0.400005  0.522549  0.539033  0.860917  0.481645  0.640795  0.537653  0.797187  0.347563  0.451999  0.607099  0.739064  0.619812  0.499008  0.591256  0.455971  0.351037  0.346967  0.635563  0.815455  0.584108  0.517329  0.426190  0.515522  0.408209  0.463431  0.698521  0.436976  0.471364  0.424466  0.843763  0.578336  0.483591 
33  0.729801  0.666176  0.729524  0.664081  0.676958  0.783969  0.657868  0.775515  0.630221  0.739476  0.817088  0.756290  0.639253  0.760880  0.708535  0.733679  0.726983  0.689330  0.701003  0.798830  0.670554  0.679811  0.678191  0.730418  0.822085  0.493995  0.626036  0.686644  0.831319  0.689820  0.808353  0.699491  0.685460 0.0  0.722764  0.812651  0.617326  0.691450  0.635501  0.768501  0.741644  0.759045  0.660709  0.813091  0.761736  0.543363  0.789667  0.835631  0.587642  0.683256  0.704070  0.426232  0.693586  0.678782  0.783281  0.679292  0.692870  0.688275  0.332647  0.805461  0.670378  0.672518  0.761221  0.697919  0.665829  0.744635  0.760501  0.738341  0.656689  0.806720  0.795405  0.629937  0.724226 
34  0.462486  0.417311  0.497387  0.511774  0.576188  0.805752  0.533279  0.461752  0.421606  0.541778  0.431704  0.470785  0.544438  0.875019  0.553237  0.509861  0.449934  0.514655  0.713982  0.519562  0.543885  0.562088  0.434495  0.730533  0.840409  0.691715  0.382098  0.363773  0.867921  0.497673  0.848777  0.409136  0.364684  0.722764 0.0  0.768127  0.432295  0.469238  0.663200  0.845202  0.416518  0.588785  0.475343  0.898889  0.534242  0.566815  0.459557  0.977907  0.423454  0.403307  0.529717  0.788089  0.547587  0.513736  0.469101  0.537907  0.416237  0.488024  0.725289  0.838405  0.560517  0.519651  0.398420  0.587163  0.452095  0.518164  0.795542  0.345122  0.408746  0.474846  0.668455  0.542133  0.511525 
35  0.818141  0.843188  0.739510  0.684048  0.861976  0.809993  0.822937  0.764928  0.787557  0.750257  0.704279  0.781680  0.795420  0.741886  0.837279  0.841950  0.692293  0.780810  0.712898  0.699944  0.664937  0.721306  0.821067  0.750827  0.818342  0.852528  0.762376  0.778988  0.741626  0.744677  0.706263  0.712832  0.813705  0.812651  0.768127 0.0  0.840300  0.723220  0.812655  0.806641  0.714133  0.724531  0.866034  0.789125  0.706079  0.811554  0.792484  0.753375  0.749804  0.831136  0.836750  0.811617  0.827594  0.806747  0.735161  0.791618  0.654179  0.918371  0.806365  0.789952  0.907590  0.829735  0.770985  0.708020  0.792949  0.744154  0.775200  0.829729  0.808615  0.785840  0.758736  0.803731  0.854596 
36  0.555520  0.425629  0.488686  0.491592  0.388201  0.727505  0.435605  0.491547  0.459498  0.499728  0.530043  0.449406  0.547968  0.725440  0.469021  0.679137  0.540586  0.511812  0.745435  0.427966  0.502593  0.418797  0.370721  0.787182  0.824709  0.530613  0.382309  0.479286  0.818401  0.374483  0.776474  0.501144  0.537414  0.617326  0.432295  0.840300 0.0  0.486311  0.618749  0.754234  0.424119  0.440494  0.555516  0.904854  0.361300  0.647610  0.488350  0.929176  0.436286  0.372220  0.495316  0.624637  0.529780  0.464721  0.462467  0.672137  0.371000  0.482625  0.646726  0.826030  0.416642  0.569344  0.400226  0.431548  0.439745  0.504958  0.832272  0.396065  0.552303  0.366443  0.825595  0.574293  0.406557 
37  0.470514  0.461248  0.465293  0.430132  0.519122  0.858329  0.421448  0.405676  0.447209  0.505556  0.394061  0.362995  0.670194  0.730667  0.543420  0.526979  0.498599  0.455238  0.693555  0.450096  0.462034  0.572052  0.365892  0.832624  0.920539  0.617332  0.444137  0.402220  0.916830  0.353488  0.822796  0.419754  0.459166  0.691450  0.469238  0.723220  0.486311 0.0  0.588047  0.755156  0.487938  0.470668  0.500942  0.824691  0.455843  0.697426  0.460434  0.817413  0.398720  0.488858  0.595597  0.714593  0.398513  0.493866  0.472568  0.543232  0.390446  0.443425  0.641552  0.732929  0.563973  0.568843  0.301222  0.482362  0.543000  0.471416  0.799155  0.431226  0.510523  0.422202  0.805180  0.500123  0.548682 
38  0.552921  0.677592  0.652231  0.675907  0.645010  0.841608  0.700714  0.708710  0.557075  0.744649  0.645486  0.569118  0.614722  0.860111  0.584499  0.448720  0.560258  0.666111  0.770252  0.673664  0.658239  0.614916  0.646797  0.767274  0.795938  0.592394  0.582145  0.713855  0.826447  0.690638  0.748642  0.714311  0.578376  0.635501  0.663200  0.812655  0.618749  0.588047 0.0  0.816809  0.621178  0.651320  0.589820  0.891335  0.632294  0.574280  0.598614  0.848734  0.630402  0.704460  0.651461  0.581178  0.628409  0.604907  0.766275  0.603303  0.597187  0.629936  0.603992  0.768147  0.663894  0.626181  0.557211  0.640706  0.641806  0.537524  0.690951  0.747304  0.713022  0.579515  0.822100  0.699588  0.603288 
39  0.808806  0.761134  0.794113  0.790129  0.821681  0.770898  0.676471  0.684866  0.827634  0.777428  0.667001  0.665347  0.683439  0.787112  0.708414  0.728785  0.767427  0.759753  0.846256  0.736633  0.759097  0.765268  0.663068  0.788968  0.648694  0.611091  0.839625  0.655767  0.816795  0.717601  0.791347  0.724390  0.698739  0.768501  0.845202  0.806641  0.754234  0.755156  0.816809 0.0  0.615956  0.797394  0.776624  0.805585  0.649847  0.675721  0.809766  0.762728  0.774406  0.774245  0.762414  0.806875  0.814071  0.759479  0.770685  0.764424  0.786766  0.829821  0.778643  0.762170  0.735422  0.805386  0.777162  0.683284  0.717292  0.772002  0.738523  0.794609  0.768077  0.827106  0.801757  0.802039  0.751378 
40  0.405434  0.410824  0.458660  0.558842  0.465413  0.788956  0.396130  0.508988  0.436222  0.531127  0.359225  0.468461  0.530099  0.834960  0.549254  0.591805  0.584982  0.496798  0.659278  0.434476  0.487467  0.472337  0.483381  0.794846  0.739337  0.569600  0.445243  0.427210  0.876149  0.426349  0.719721  0.394188  0.400005  0.741644  0.416518  0.714133  0.424119  0.487938  0.621178  0.615956 0.0  0.577367  0.557274  0.829047  0.450310  0.544897  0.510876  0.871867  0.382246  0.449787  0.493230  0.633861  0.528969  0.570463  0.593137  0.612255  0.440531  0.406575  0.600600  0.829058  0.510773  0.470652  0.439375  0.474501  0.538403  0.459521  0.624428  0.320276  0.653722  0.496371  0.802436  0.596196  0.532744 
41  0.495878  0.495125  0.480012  0.472932  0.469348  0.821765  0.539046  0.415118  0.511642  0.360652  0.452809  0.460792  0.491287  0.825078  0.446272  0.552718  0.390739  0.403949  0.701128  0.603661  0.454403  0.441596  0.495716  0.649052  0.799015  0.595499  0.460045  0.449416  0.879922  0.551663  0.741712  0.382829  0.522549  0.759045  0.588785  0.724531  0.440494  0.470668  0.651320  0.797394  0.577367 0.0  0.558081  0.765624  0.527366  0.617619  0.456945  0.890291  0.556352  0.546171  0.391892  0.595408  0.552775  0.555365  0.463588  0.585831  0.468783  0.469833  0.792724  0.810022  0.434982  0.283568  0.571862  0.424007  0.481648  0.508227  0.644742  0.505050  0.355344  0.461288  0.654127  0.479806  0.541575 
42  0.655330  0.535525  0.580057  0.600254  0.457698  0.855398  0.587633  0.496839  0.562451  0.677159  0.505632  0.542164  0.517741  0.885357  0.609771  0.568821  0.564192  0.654789  0.849045  0.622497  0.614938  0.480208  0.427872  0.743822  0.769694  0.506126  0.500542  0.614955  0.781672  0.600054  0.857738  0.528378  0.539033  0.660709  0.475343  0.866034  0.555516  0.500942  0.589820  0.776624  0.557274  0.558081 0.0  0.838882  0.506201  0.618245  0.461979  0.787828  0.602711  0.596924  0.640605  0.704213  0.497879  0.490230  0.536477  0.427570  0.514668  0.506625  0.593471  0.861827  0.564588  0.611214  0.574911  0.578187  0.561935  0.565406  0.659470  0.631990  0.578912  0.563095  0.757271  0.418399  0.509725 
43  0.895586  0.895937  0.856241  0.799304  0.801075  0.521095  0.836970  0.857197  0.824879  0.817478  0.782988  0.787094  0.849786  0.618733  0.845926  0.802124  0.903449  0.781197  0.789529  0.846189  0.920227  0.869736  0.776738  0.718088  0.805895  0.587907  0.827630  0.880054  0.754555  0.825436  0.443914  0.806527  0.860917  0.813091  0.898889  0.789125  0.904854  0.824691  0.891335  0.805585  0.829047  0.765624  0.838882 0.0  0.913654  0.576489  0.826921  0.640075  0.790769  0.884542  0.781721  0.791419  0.797613  0.842714  0.871215  0.718953  0.953805  0.933606  0.822084  0.881835  0.795184  0.902323  0.822258  0.888309  0.834695  0.794379  0.777147  0.852991  0.793919  0.794352  0.796077  0.798666  0.813910 
44  0.378709  0.422854  0.525389  0.487916  0.468226  0.785462  0.444518  0.576082  0.389782  0.524884  0.347831  0.440776  0.524337  0.778318  0.513669  0.544549  0.429975  0.417342  0.703986  0.479636  0.610612  0.601103  0.437528  0.742411  0.860749  0.637253  0.460978  0.508778  0.840698  0.381720  0.701132  0.403800  0.481645  0.761736  0.534242  0.706079  0.361300  0.455843  0.632294  0.649847  0.450310  0.527366  0.506201  0.913654 0.0  0.683160  0.593777  0.737343  0.431023  0.639304  0.539154  0.694912  0.498850  0.620928  0.515691  0.594712  0.346095  0.459811  0.705198  0.779555  0.471939  0.478096  0.378560  0.490962  0.472897  0.436114  0.682880  0.423889  0.522516  0.344101  0.851384  0.474023  0.549032 
45  0.578211  0.647235  0.679095  0.640458  0.561979  0.608548  0.604690  0.508551  0.616199  0.656653  0.699398  0.633736  0.605977  0.520393  0.600942  0.627792  0.587565  0.559126  0.640328  0.527753  0.643532  0.707550  0.676802  0.505846  0.593491  0.661319  0.527854  0.594843  0.651236  0.644312  0.584228  0.637800  0.640795  0.543363  0.566815  0.811554  0.647610  0.697426  0.574280  0.675721  0.544897  0.617619  0.618245  0.576489  0.683160 0.0  0.642917  0.587255  0.555728  0.555869  0.715941  0.485899  0.552999  0.609398  0.620138  0.658107  0.658728  0.574016  0.752869  0.552432  0.592810  0.469990  0.711582  0.695326  0.608694  0.598391  0.611982  0.530254  0.542854  0.608618  0.559945  0.603901  0.642345 
46  0.574921  0.582007  0.412853  0.463391  0.514933  0.865600  0.591758  0.529993  0.483001  0.441444  0.641954  0.581413  0.482538  0.788994  0.469728  0.519686  0.401219  0.388454  0.711290  0.583841  0.417114  0.366488  0.436423  0.774666  0.771906  0.623513  0.476719  0.543266  0.853726  0.481037  0.716844  0.526755  0.537653  0.789667  0.459557  0.792484  0.488350  0.460434  0.598614  0.809766  0.510876  0.456945  0.461979  0.826921  0.593777  0.642917 0.0  0.831514  0.461742  0.524377  0.367007  0.591732  0.460277  0.526910  0.339624  0.495333  0.490053  0.540350  0.772928  0.905968  0.407915  0.480288  0.499105  0.487553  0.479509  0.546646  0.797319  0.504413  0.520515  0.537718  0.886142  0.527837  0.495171 
47  0.829493  0.870459  0.890064  0.836290  0.797481  0.363829  0.824361  0.824881  0.835567  0.846326  0.790149  0.820422  0.826206  0.670436  0.824189  0.754767  0.804829  0.842016  0.696487  0.846998  0.872548  0.848958  0.907828  0.662607  0.915498  0.563047  0.784935  0.894634  0.790407  0.861559  0.396046  0.884426  0.797187  0.835631  0.977907  0.753375  0.929176  0.817413  0.848734  0.762728  0.871867  0.890291  0.787828  0.640075  0.737343  0.587255  0.831514 0.0  0.806863  0.823243  0.876431  0.812816  0.753402  0.755936  0.872280  0.791478  0.790702  0.785219  0.818424  0.731761  0.732131  0.804096  0.769294  0.848742  0.831542  0.895698  0.640563  0.797592  0.848512  0.838420  0.792236  0.728532  0.713677 
48  0.585342  0.485347  0.593288  0.499121  0.423818  0.797342  0.499151  0.505529  0.381122  0.545830  0.402453  0.344078  0.511769  0.747793  0.503999  0.533902  0.506473  0.543793  0.746618  0.417869  0.527720  0.505249  0.485962  0.692705  0.843880  0.738106  0.378526  0.361765  0.839730  0.456906  0.782721  0.440938  0.347563  0.587642  0.423454  0.749804  0.436286  0.398720  0.630402  0.774406  0.382246  0.556352  0.602711  0.790769  0.431023  0.555728  0.461742  0.806863 0.0  0.529925  0.597076  0.774279  0.452726  0.558955  0.392882  0.628344  0.356531  0.501318  0.683564  0.673547  0.493037  0.556120  0.460336  0.557701  0.426613  0.385482  0.724384  0.377018  0.484465  0.499481  0.762973  0.553719  0.665782 
49  0.543219  0.445936  0.617138  0.495833  0.525839  0.867733  0.448588  0.551424  0.450640  0.583475  0.448477  0.373794  0.460690  0.784536  0.551379  0.619851  0.450135  0.460335  0.757202  0.517946  0.554789  0.455393  0.485119  0.742573  0.813733  0.595045  0.429653  0.447377  0.781027  0.423720  0.635800  0.434950  0.451999  0.683256  0.403307  0.831136  0.372220  0.488858  0.704460  0.774245  0.449787  0.546171  0.596924  0.884542  0.639304  0.555869  0.524377  0.823243  0.529925 0.0  0.519780  0.709616  0.537716  0.499311  0.388324  0.585474  0.502616  0.492044  0.636286  0.786241  0.514067  0.617580  0.481600  0.559281  0.378595  0.435677  0.812251  0.448534  0.538101  0.515652  0.711999  0.443698  0.426072 
50  0.493165  0.537977  0.401148  0.537072  0.497544  0.838569  0.522127  0.383347  0.522883  0.496133  0.607445  0.498625  0.450822  0.857023  0.334471  0.625599  0.448262  0.483547  0.655898  0.472314  0.478062  0.485774  0.479905  0.694551  0.814207  0.633833  0.485264  0.504217  0.903619  0.569331  0.766841  0.650976  0.607099  0.704070  0.529717  0.836750  0.495316  0.595597  0.651461  0.762414  0.493230  0.391892  0.640605  0.781721  0.539154  0.715941  0.367007  0.876431  0.597076  0.519780 0.0  0.597947  0.493463  0.535911  0.512015  0.506706  0.473708  0.463960  0.677243  0.720975  0.353501  0.413555  0.456211  0.420668  0.520873  0.493572  0.646329  0.511251  0.459844  0.450332  0.811896  0.456952  0.408257 
51  0.680390  0.713038  0.640509  0.617255  0.649895  0.768831  0.657693  0.590952  0.575864  0.594541  0.697160  0.620831  0.725372  0.789702  0.705589  0.656097  0.646122  0.644746  0.818258  0.689617  0.687806  0.638666  0.701566  0.718795  0.846835  0.632778  0.599223  0.522742  0.837802  0.550370  0.716335  0.658137  0.739064  0.426232  0.788089  0.811617  0.624637  0.714593  0.581178  0.806875  0.633861  0.595408  0.704213  0.791419  0.694912  0.485899  0.591732  0.812816  0.774279  0.709616  0.597947 0.0  0.724601  0.644395  0.666302  0.743261  0.711562  0.665882  0.373898  0.847311  0.636325  0.642783  0.683980  0.655931  0.595419  0.681425  0.712257  0.596945  0.656360  0.643285  0.708004  0.635870  0.611010 
52  0.407363  0.479230  0.494383  0.507985  0.502320  0.838710  0.505571  0.484833  0.401805  0.444777  0.488235  0.544795  0.425719  0.868572  0.548354  0.588324  0.564912  0.554706  0.785543  0.465887  0.420328  0.489468  0.503504  0.793915  0.954327  0.606769  0.558508  0.525280  0.796630  0.450963  0.776385  0.489785  0.619812  0.693586  0.547587  0.827594  0.529780  0.398513  0.628409  0.814071  0.528969  0.552775  0.497879  0.797613  0.498850  0.552999  0.460277  0.753402  0.452726  0.537716  0.493463  0.724601 0.0  0.560507  0.498154  0.478819  0.522980  0.542883  0.723940  0.747726  0.571699  0.458769  0.517294  0.536312  0.434972  0.570202  0.751097  0.435594  0.470360  0.493195  0.860792  0.388857  0.489743 
53  0.438040  0.589502  0.433671  0.439655  0.424768  0.849484  0.425429  0.449149  0.439000  0.354091  0.515467  0.631016  0.479146  0.883191  0.570980  0.630768  0.395137  0.453351  0.789104  0.452751  0.513554  0.461302  0.437183  0.766240  0.803552  0.624028  0.474716  0.425235  0.900296  0.522963  0.719137  0.569538  0.499008  0.678782  0.513736  0.806747  0.464721  0.493866  0.604907  0.759479  0.570463  0.555365  0.490230  0.842714  0.620928  0.609398  0.526910  0.755936  0.558955  0.499311  0.535911  0.644395  0.560507 0.0  0.375503  0.654896  0.555361  0.476246  0.687178  0.797024  0.427652  0.521907  0.524512  0.487374  0.368338  0.489726  0.663709  0.497418  0.443283  0.464927  0.743745  0.422666  0.375596 
