30
0 0.0  0.820009  0.565191  0.692073  0.772741  0.457062  0.690257  0.605339  0.431477  0.683959  0.844300  0.872702  0.418759  0.480403  0.577616  0.528470  0.455171  0.910904  0.584251  0.820432  0.593203  0.772624  0.852594  0.775769  0.738485  0.823948  0.569970  0.478742  0.239602  0.804755 
1  0.820009 0.0  0.819698  0.864656  0.825032  0.813516  0.833120  0.831803  0.847691  0.749544  0.526706  0.403623  0.784920  0.809373  0.839364  0.904876  0.777467  0.448858  0.871195  0.425183  0.764005  0.691727  0.364119  0.756289  0.699491  0.869929  0.806806  0.793149  0.722278  0.778372 
2  0.565191  0.819698 0.0  0.728859  0.580440  0.750160  0.708928  0.631725  0.566860  0.498039  0.885985  0.813395  0.592953  0.662293  0.347261  0.764814  0.611095  0.849067  0.620626  0.894691  0.433030  0.801340  0.819682  0.395158  0.734913  0.732092  0.609162  0.556465  0.667712  0.801889 
3  0.692073  0.864656  0.728859 0.0  0.734313  0.828149  0.602701  0.700656  0.830745  0.756895  0.916896  0.858475  0.802150  0.728011  0.887885  0.822460  0.807187  0.787355  0.722717  0.779349  0.852123  0.713262  0.826881  0.845865  0.762748  0.693630  0.692351  0.760965  0.889966  0.364913 
4  0.772741  0.825032  0.580440  0.734313 0.0  0.686373  0.691929  0.578170  0.668579  0.434190  0.783150  0.874298  0.618499  0.685629  0.367155  0.742572  0.704056  0.839281  0.594521  0.854399  0.460634  0.761058  0.787082  0.639766  0.782289  0.987016  0.610474  0.504151  0.698644  0.782399 
5  0.457062  0.813516  0.750160  0.828149  0.686373 0.0  0.760367  0.600706  0.445327  0.769632  0.933472  0.883320  0.437967  0.435673  0.670172  0.402025  0.382335  0.848281  0.597253  0.937522  0.635658  0.700227  1.000000  0.727906  0.665045  0.786648  0.646425  0.369139  0.408609  0.788214 
6  0.690257  0.833120  0.708928  0.602701  0.691929  0.760367 0.0  0.624747  0.687390  0.664411  0.622847  0.654270  0.609646  0.662917  0.683261  0.699967  0.725369  0.666346  0.699405  0.741385  0.522049  0.636311  0.686495  0.680735  0.587307  0.679628  0.645022  0.645388  0.740077  0.549733 
7  0.605339  0.831803  0.631725  0.700656  0.578170  0.600706  0.624747 0.0  0.609937  0.615755  0.802347  0.923717  0.681987  0.485665  0.588369  0.525274  0.616428  0.661312  0.388780  0.845991  0.671575  0.843679  0.847186  0.669452  0.746309  0.923308  0.330308  0.583726  0.641810  0.588106 
8  0.431477  0.847691  0.566860  0.830745  0.668579  0.445327  0.687390  0.609937 0.0  0.671911  0.896575  0.883234  0.457225  0.478627  0.597346  0.454271  0.361375  0.930577  0.558422  0.836182  0.771012  0.778121  0.792086  0.646256  0.763665  0.746557  0.572268  0.531219  0.443390  0.824714 
9  0.683959  0.749544  0.498039  0.756895  0.434190  0.769632  0.664411  0.615755  0.671911 0.0  0.927878  0.849307  0.582683  0.619730  0.510960  0.807909  0.620881  0.891800  0.578084  0.797725  0.478299  0.767663  0.808701  0.505498  0.780389  0.690633  0.593836  0.589382  0.552216  0.867431 
10  0.844300  0.526706  0.885985  0.916896  0.783150  0.933472  0.622847  0.802347  0.896575  0.927878 0.0  0.481062  0.880344  0.928199  0.833758  0.804815  0.907517  0.429307  0.882929  0.416975  0.874920  0.750834  0.381240  0.903363  0.844908  0.797039  0.761194  0.791310  0.917350  0.896168 
11  0.872702  0.403623  0.813395  0.858475  0.874298  0.883320  0.654270  0.923717  0.883234  0.849307  0.481062 0.0  0.943968  0.797368  0.799739  0.914833  0.873662  0.450766  0.840269  0.449684  0.927992  0.813990  0.358420  0.813393  0.803549  0.833676  0.881781  0.840913  0.852264  0.915945 
12  0.418759  0.784920  0.592953  0.802150  0.618499  0.437967  0.609646  0.681987  0.457225  0.582683  0.880344  0.943968 0.0  0.588633  0.624150  0.484194  0.382278  0.788784  0.675979  0.888398  0.532445  0.772770  0.881947  0.630631  0.780246  0.800384  0.668404  0.487458  0.480155  0.861819 
13  0.480403  0.809373  0.662293  0.728011  0.685629  0.435673  0.662917  0.485665  0.478627  0.619730  0.928199  0.797368  0.588633 0.0  0.823375  0.593778  0.459229  0.774525  0.616961  0.761927  0.645770  0.723672  0.869308  0.680602  0.765136  0.791503  0.589108  0.459882  0.474172  0.859439 
14  0.577616  0.839364  0.347261  0.887885  0.367155  0.670172  0.683261  0.588369  0.597346  0.510960  0.833758  0.799739  0.624150  0.823375 0.0  0.576415  0.516142  0.903998  0.544120  0.910452  0.504087  0.709206  0.941037  0.300649  0.805385  0.714095  0.662598  0.529229  0.647583  0.860003 
15  0.528470  0.904876  0.764814  0.822460  0.742572  0.402025  0.699967  0.525274  0.454271  0.807909  0.804815  0.914833  0.484194  0.593778  0.576415 0.0  0.321477  0.973353  0.571324  0.857946  0.691759  0.781577  0.886376  0.637633  0.890019  0.768388  0.640281  0.523908  0.345830  0.736359 
16  0.455171  0.777467  0.611095  0.807187  0.704056  0.382335  0.725369  0.616428  0.361375  0.620881  0.907517  0.873662  0.382278  0.459229  0.516142  0.321477 0.0  0.881963  0.564603  0.807881  0.575877  0.825845  0.857628  0.682506  0.832388  0.837449  0.723791  0.394019  0.382756  0.860929 
17  0.910904  0.448858  0.849067  0.787355  0.839281  0.848281  0.666346  0.661312  0.930577  0.891800  0.429307  0.450766  0.788784  0.774525  0.903998  0.973353  0.881963 0.0  0.862165  0.403008  0.902669  0.667431  0.237489  0.827192  0.787805  0.768336  0.832613  0.834817  0.946690  0.764754 
18  0.584251  0.871195  0.620626  0.722717  0.594521  0.597253  0.699405  0.388780  0.558422  0.578084  0.882929  0.840269  0.675979  0.616961  0.544120  0.571324  0.564603  0.862165 0.0  0.762792  0.548448  0.752421  0.824088  0.559188  0.802445  0.831594  0.424513  0.428555  0.622685  0.648375 
19  0.820432  0.425183  0.894691  0.779349  0.854399  0.937522  0.741385  0.845991  0.836182  0.797725  0.416975  0.449684  0.888398  0.761927  0.910452  0.857946  0.807881  0.403008  0.762792 0.0  0.847601  0.746293  0.322652  0.943788  0.745907  0.790202  0.835199  0.807829  0.872427  0.866985 
20  0.593203  0.764005  0.433030  0.852123  0.460634  0.635658  0.522049  0.671575  0.771012  0.478299  0.874920  0.927992  0.532445  0.645770  0.504087  0.691759  0.575877  0.902669  0.548448  0.847601 0.0  0.722523  0.794982  0.411317  0.761001  0.809635  0.652799  0.634473  0.638742  0.844438 
21  0.772624  0.691727  0.801340  0.713262  0.761058  0.700227  0.636311  0.843679  0.778121  0.767663  0.750834  0.813990  0.772770  0.723672  0.709206  0.781577  0.825845  0.667431  0.752421  0.746293  0.722523 0.0  0.754922  0.824687  0.635792  0.375091  0.764514  0.808243  0.833786  0.834909 
22  0.852594  0.364119  0.819682  0.826881  0.787082  1.000000  0.686495  0.847186  0.792086  0.808701  0.381240  0.358420  0.881947  0.869308  0.941037  0.886376  0.857628  0.237489  0.824088  0.322652  0.794982  0.754922 0.0  0.909205  0.703806  0.757267  0.876550  0.874972  0.914044  0.896077 
23  0.775769  0.756289  0.395158  0.845865  0.639766  0.727906  0.680735  0.669452  0.646256  0.505498  0.903363  0.813393  0.630631  0.680602  0.300649  0.637633  0.682506  0.827192  0.559188  0.943788  0.411317  0.824687  0.909205 0.0  0.821087  0.722666  0.641634  0.664134  0.752897  0.709711 
24  0.738485  0.699491  0.734913  0.762748  0.782289  0.665045  0.587307  0.746309  0.763665  0.780389  0.844908  0.803549  0.780246  0.765136  0.805385  0.890019  0.832388  0.787805  0.802445  0.745907  0.761001  0.635792  0.703806  0.821087 0.0  0.696426  0.757240  0.721114  0.799276  0.822861 
25  0.823948  0.869929  0.732092  0.693630  0.987016  0.786648  0.679628  0.923308  0.746557  0.690633  0.797039  0.833676  0.800384  0.791503  0.714095  0.768388  0.837449  0.768336  0.831594  0.790202  0.809635  0.375091  0.757267  0.722666  0.696426 0.0  0.742374  0.715570  0.696010  0.820642 
26  0.569970  0.806806  0.609162  0.692351  0.610474  0.646425  0.645022  0.330308  0.572268  0.593836  0.761194  0.881781  0.668404  0.589108  0.662598  0.640281  0.723791  0.832613  0.424513  0.835199  0.652799  0.764514  0.876550  0.641634  0.757240  0.742374 0.0  0.450413  0.737809  0.747420 
27  0.478742  0.793149  0.556465  0.760965  0.504151  0.369139  0.645388  0.583726  0.531219  0.589382  0.791310  0.840913  0.487458  0.459882  0.529229  0.523908  0.394019  0.834817  0.428555  0.807829  0.634473  0.808243  0.874972  0.664134  0.721114  0.715570  0.450413 0.0  0.447101  0.909750 
28  0.239602  0.722278  0.667712  0.889966  0.698644  0.408609  0.740077  0.641810  0.443390  0.552216  0.917350  0.852264  0.480155  0.474172  0.647583  0.345830  0.382756  0.946690  0.622685  0.872427  0.638742  0.833786  0.914044  0.752897  0.799276  0.696010  0.737809  0.447101 0.0  0.781321 
29  0.804755  0.778372  0.801889  0.364913  0.782399  0.788214  0.549733  0.588106  0.824714  0.867431  0.896168  0.915945  0.861819  0.859439  0.860003  0.736359  0.860929  0.764754  0.648375  0.866985  0.844438  0.834909  0.896077  0.709711  0.822861  0.820642  0.747420  0.909750  0.781321 0.0 
