30
0 0.0  0.855742  0.898116  0.867860  0.920242  0.875241  0.456663  0.734102  0.846743  0.766530  0.800535  0.802564  0.755481  0.837075  0.733917  0.873513  0.328972  0.859691  0.864224  0.387287  0.841783  0.787762  0.886339  0.443901  0.687492  0.839877  0.768035  0.781901  0.940360  0.651576 
1  0.855742 0.0  0.549134  0.607610  0.607498  0.711413  0.845701  0.830063  0.683728  0.714679  0.487886  0.641110  0.710320  0.800263  0.557325  0.609538  0.869017  0.808301  0.611043  0.860779  0.492406  0.659901  0.316674  0.928317  0.722143  0.610643  0.807321  0.702470  0.610906  0.747934 
2  0.898116  0.549134 0.0  0.676245  0.515482  0.761635  0.811198  0.705122  0.557214  0.796819  0.604470  0.616185  0.676518  0.807743  0.631169  0.692421  0.867816  0.641457  0.657770  0.852238  0.534796  0.312627  0.517923  0.914713  0.754774  0.687931  0.789216  0.645852  0.747151  0.557830 
3  0.867860  0.607610  0.676245 0.0  0.592342  0.518651  0.850789  0.788700  0.569684  0.863129  0.595063  0.442574  0.524217  0.851386  0.564255  0.452169  0.794373  0.562872  0.738692  0.786924  0.246218  0.545738  0.524162  0.842237  0.738019  0.574922  0.782898  0.713061  0.603593  0.766351 
4  0.920242  0.607498  0.515482  0.592342 0.0  0.536436  0.936642  0.705454  0.676991  0.851366  0.321057  0.657418  0.631968  0.718605  0.630169  0.629996  0.894777  0.672550  0.750487  0.822072  0.662791  0.569338  0.466561  0.921368  0.652212  0.682349  0.741265  0.696308  0.733779  0.539476 
5  0.875241  0.711413  0.761635  0.518651  0.536436 0.0  0.963933  0.651131  0.395708  0.831103  0.648007  0.655910  0.595443  0.805835  0.586658  0.651828  0.886925  0.477215  0.297450  0.908861  0.701214  0.765329  0.634550  0.852421  0.720648  0.396166  0.671552  0.651238  0.486360  0.685082 
6  0.456663  0.845701  0.811198  0.850789  0.936642  0.963933 0.0  0.804007  0.857389  0.879771  0.908708  0.868297  0.849753  0.907356  0.762749  0.884798  0.472269  0.825497  0.817994  0.291406  0.837014  0.912631  0.892937  0.329270  0.821370  0.757570  0.817812  0.585635  0.738668  0.676830 
7  0.734102  0.830063  0.705122  0.788700  0.705454  0.651131  0.804007 0.0  0.829201  0.796380  0.746675  0.736818  0.859893  0.546404  0.898238  0.811419  0.745462  0.753887  0.827702  0.714482  0.678322  0.773817  0.772015  0.825699  0.805798  0.756303  0.863437  0.670659  0.674840  0.625448 
8  0.846743  0.683728  0.557214  0.569684  0.676991  0.395708  0.857389  0.829201 0.0  0.759661  0.715461  0.723283  0.561862  0.817980  0.712441  0.576395  0.731897  0.476630  0.438581  0.890083  0.579365  0.660480  0.661021  0.752934  0.736103  0.440686  0.589987  0.568341  0.492677  0.693615 
9  0.766530  0.714679  0.796819  0.863129  0.851366  0.831103  0.879771  0.796380  0.759661 0.0  0.878550  0.782852  0.849828  0.701347  0.766643  0.587973  0.759555  0.855629  0.793704  0.751793  0.796499  0.873425  0.762325  0.706092  0.769799  0.801811  0.834892  0.634919  0.807409  0.779891 
10  0.800535  0.487886  0.604470  0.595063  0.321057  0.648007  0.908708  0.746675  0.715461  0.878550 0.0  0.703609  0.677723  0.832103  0.567359  0.594946  0.899161  0.619332  0.702415  0.876962  0.588749  0.539463  0.481171  0.891547  0.744420  0.667177  0.645746  0.572246  0.611130  0.655777 
11  0.802564  0.641110  0.616185  0.442574  0.657418  0.655910  0.868297  0.736818  0.723283  0.782852  0.703609 0.0  0.653546  0.742380  0.524633  0.490431  0.837531  0.546114  0.610175  0.922548  0.452771  0.646368  0.694018  0.958105  0.869781  0.604147  0.757760  0.763822  0.689569  0.610563 
12  0.755481  0.710320  0.676518  0.524217  0.631968  0.595443  0.849753  0.859893  0.561862  0.849828  0.677723  0.653546 0.0  0.845025  0.459943  0.642676  0.699808  0.604492  0.606140  0.871354  0.622852  0.658628  0.658760  0.783620  0.760400  0.594545  0.702416  0.750178  0.538002  0.645110 
13  0.837075  0.800263  0.807743  0.851386  0.718605  0.805835  0.907356  0.546404  0.817980  0.701347  0.832103  0.742380  0.845025 0.0  0.741242  0.760652  0.763844  0.852591  0.724278  0.761551  0.811725  0.703416  0.819657  0.601356  0.804987  0.805883  0.734830  0.589028  0.699671  0.568999 
14  0.733917  0.557325  0.631169  0.564255  0.630169  0.586658  0.762749  0.898238  0.712441  0.766643  0.567359  0.524633  0.459943  0.741242 0.0  0.595009  0.822980  0.695501  0.532820  0.717547  0.586020  0.507991  0.650268  0.791797  0.625157  0.524598  0.748089  0.607680  0.569767  0.610134 
15  0.873513  0.609538  0.692421  0.452169  0.629996  0.651828  0.884798  0.811419  0.576395  0.587973  0.594946  0.490431  0.642676  0.760652  0.595009 0.0  0.861832  0.639391  0.656939  0.875753  0.381392  0.668393  0.570857  0.891876  0.799936  0.626869  0.795204  0.647288  0.630899  0.726398 
16  0.328972  0.869017  0.867816  0.794373  0.894777  0.886925  0.472269  0.745462  0.731897  0.759555  0.899161  0.837531  0.699808  0.763844  0.822980  0.861832 0.0  0.876497  0.886620  0.387734  0.816225  0.861730  0.977341  0.381260  0.832402  0.911717  0.819602  0.638834  0.814464  0.623161 
17  0.859691  0.808301  0.641457  0.562872  0.672550  0.477215  0.825497  0.753887  0.476630  0.855629  0.619332  0.546114  0.604492  0.852591  0.695501  0.639391  0.876497 0.0  0.347239  0.868158  0.602836  0.600264  0.663010  0.794530  0.811192  0.475821  0.569681  0.657260  0.409268  0.708580 
18  0.864224  0.611043  0.657770  0.738692  0.750487  0.297450  0.817994  0.827702  0.438581  0.793704  0.702415  0.610175  0.606140  0.724278  0.532820  0.656939  0.886620  0.347239 0.0  1.000000  0.715805  0.802162  0.610897  0.821556  0.799910  0.338560  0.625572  0.630147  0.544065  0.624389 
19  0.387287  0.860779  0.852238  0.786924  0.822072  0.908861  0.291406  0.714482  0.890083  0.751793  0.876962  0.922548  0.871354  0.761551  0.717547  0.875753  0.387734  0.868158  1.000000 0.0  0.877992  0.851101  0.925690  0.376706  0.731375  0.772149  0.861163  0.740978  0.970743  0.622506 
20  0.841783  0.492406  0.534796  0.246218  0.662791  0.701214  0.837014  0.678322  0.579365  0.796499  0.588749  0.452771  0.622852  0.811725  0.586020  0.381392  0.816225  0.602836  0.715805  0.877992 0.0  0.587490  0.681442  0.883274  0.700668  0.672984  0.715998  0.621653  0.674478  0.703489 
21  0.787762  0.659901  0.312627  0.545738  0.569338  0.765329  0.912631  0.773817  0.660480  0.873425  0.539463  0.646368  0.658628  0.703416  0.507991  0.668393  0.861730  0.600264  0.802162  0.851101  0.587490 0.0  0.545146  0.843834  0.733644  0.713004  0.716498  0.630462  0.671377  0.675979 
22  0.886339  0.316674  0.517923  0.524162  0.466561  0.634550  0.892937  0.772015  0.661021  0.762325  0.481171  0.694018  0.658760  0.819657  0.650268  0.570857  0.977341  0.663010  0.610897  0.925690  0.681442  0.545146 0.0  0.816872  0.724025  0.673573  0.766818  0.610958  0.668700  0.709444 
23  0.443901  0.928317  0.914713  0.842237  0.921368  0.852421  0.329270  0.825699  0.752934  0.706092  0.891547  0.958105  0.783620  0.601356  0.791797  0.891876  0.381260  0.794530  0.821556  0.376706  0.883274  0.843834  0.816872 0.0  0.809003  0.874514  0.651628  0.754861  0.847234  0.655512 
24  0.687492  0.722143  0.754774  0.738019  0.652212  0.720648  0.821370  0.805798  0.736103  0.769799  0.744420  0.869781  0.760400  0.804987  0.625157  0.799936  0.832402  0.811192  0.799910  0.731375  0.700668  0.733644  0.724025  0.809003 0.0  0.885807  0.771314  0.550007  0.738438  0.725395 
25  0.839877  0.610643  0.687931  0.574922  0.682349  0.396166  0.757570  0.756303  0.440686  0.801811  0.667177  0.604147  0.594545  0.805883  0.524598  0.626869  0.911717  0.475821  0.338560  0.772149  0.672984  0.713004  0.673573  0.874514  0.885807 0.0  0.575807  0.714724  0.493592  0.673764 
26  0.768035  0.807321  0.789216  0.782898  0.741265  0.671552  0.817812  0.863437  0.589987  0.834892  0.645746  0.757760  0.702416  0.734830  0.748089  0.795204  0.819602  0.569681  0.625572  0.861163  0.715998  0.716498  0.766818  0.651628  0.771314  0.575807 0.0  0.576595  0.553722  0.672381 
27  0.781901  0.702470  0.645852  0.713061  0.696308  0.651238  0.585635  0.670659  0.568341  0.634919  0.572246  0.763822  0.750178  0.589028  0.607680  0.647288  0.638834  0.657260  0.630147  0.740978  0.621653  0.630462  0.610958  0.754861  0.550007  0.714724  0.576595 0.0  0.667780  0.706836 
28  0.940360  0.610906  0.747151  0.603593  0.733779  0.486360  0.738668  0.674840  0.492677  0.807409  0.611130  0.689569  0.538002  0.699671  0.569767  0.630899  0.814464  0.409268  0.544065  0.970743  0.674478  0.671377  0.668700  0.847234  0.738438  0.493592  0.553722  0.667780 0.0  0.664654 
29  0.651576  0.747934  0.557830  0.766351  0.539476  0.685082  0.676830  0.625448  0.693615  0.779891  0.655777  0.610563  0.645110  0.568999  0.610134  0.726398  0.623161  0.708580  0.624389  0.622506  0.703489  0.675979  0.709444  0.655512  0.725395  0.673764  0.672381  0.706836  0.664654 0.0 
