30
0 0.0  0.712501  0.646451  0.691817  0.668015  0.689831  0.771360  0.710127  0.721756  0.719854  0.636179  0.651907  0.762688  0.713054  0.690231  0.641763  0.660118  0.644755  0.638632  0.715473  0.670593  0.684333  0.737218  0.678044  0.676808  0.649068  0.720512  0.690207  0.698636  0.776376 
1  0.712501 0.0  0.788226  0.890314  0.785612  0.718963  0.865002  0.748469  0.435988  0.808065  0.733592  0.738394  0.907919  0.775583  0.714089  0.902594  0.776230  0.750563  0.849574  0.826449  0.689967  0.757169  0.658732  0.801194  0.825078  0.862911  0.779031  0.888496  0.911846  0.821436 
2  0.646451  0.788226 0.0  0.890749  0.796691  0.905079  0.848043  0.838183  0.803220  0.994659  0.742047  0.885518  0.857769  0.830717  0.798266  0.805430  0.702837  0.909875  0.888286  0.856966  0.734533  0.873318  0.849982  0.701852  0.918780  0.827598  0.603048  0.868236  0.827054  0.939826 
3  0.691817  0.890314  0.890749 0.0  0.584405  0.609533  0.706825  0.385148  0.821403  0.525099  0.640062  0.667716  0.603072  0.719210  0.473111  0.785469  0.714533  0.591380  0.605024  0.578752  0.876349  0.797377  0.497903  0.892155  0.701496  0.536624  0.906473  0.590925  0.615994  0.579347 
4  0.668015  0.785612  0.796691  0.584405 0.0  0.642207  0.607915  0.575039  0.791895  0.660081  0.534865  0.431748  0.689910  0.818879  0.646804  0.775762  0.691171  0.304459  0.685610  0.529028  0.828814  0.917421  0.766968  1.000000  0.760907  0.635050  0.771076  0.609559  0.718390  0.673973 
5  0.689831  0.718963  0.905079  0.609533  0.642207 0.0  0.494827  0.519325  0.873145  0.610840  0.685585  0.670672  0.411437  0.820342  0.692633  0.804090  0.737838  0.715255  0.456333  0.530593  0.737322  0.813182  0.471173  0.920914  0.426509  0.693871  0.849844  0.537354  0.414078  0.488499 
6  0.771360  0.865002  0.848043  0.706825  0.607915  0.494827 0.0  0.576897  0.875024  0.400300  0.676941  0.585780  0.570648  0.882476  0.649334  0.719109  0.725571  0.652740  0.615280  0.579968  0.581877  0.808169  0.528906  0.781322  0.603077  0.634791  0.883520  0.743347  0.558642  0.651311 
7  0.710127  0.748469  0.838183  0.385148  0.575039  0.519325  0.576897 0.0  0.719090  0.714181  0.567744  0.676647  0.655337  0.692964  0.462658  0.825658  0.697744  0.584615  0.694610  0.537552  0.874997  0.806790  0.561302  0.846971  0.645808  0.646793  0.817210  0.571720  0.579493  0.626608 
8  0.721756  0.435988  0.803220  0.821403  0.791895  0.873145  0.875024  0.719090 0.0  0.755670  0.781853  0.798656  0.690206  0.800705  0.750427  0.844313  0.596512  0.809361  0.830920  0.821524  0.796453  0.739532  0.695437  0.798787  0.756974  0.877591  0.713989  0.925511  0.798233  0.779949 
9  0.719854  0.808065  0.994659  0.525099  0.660081  0.610840  0.400300  0.714181  0.755670 0.0  0.641056  0.677152  0.580023  0.848952  0.572123  0.759218  0.688873  0.719829  0.423597  0.620901  0.673975  0.813970  0.440289  0.894663  0.513093  0.667388  0.772473  0.670699  0.202700  0.465703 
10  0.636179  0.733592  0.742047  0.640062  0.534865  0.685585  0.676941  0.567744  0.781853  0.641056 0.0  0.456929  0.745336  0.925256  0.717451  0.916651  0.785926  0.524060  0.717372  0.555689  0.812866  0.743681  0.727376  0.910489  0.725444  0.619807  0.904856  0.582020  0.721069  0.768490 
11  0.651907  0.738394  0.885518  0.667716  0.431748  0.670672  0.585780  0.676647  0.798656  0.677152  0.456929 0.0  0.539756  0.904029  0.697978  0.769735  0.669170  0.439400  0.719596  0.508245  0.786483  0.825581  0.585303  0.895710  0.629301  0.524182  0.941948  0.508428  0.716559  0.711301 
12  0.762688  0.907919  0.857769  0.603072  0.689910  0.411437  0.570648  0.655337  0.690206  0.580023  0.745336  0.539756 0.0  0.859187  0.697936  0.811022  0.641927  0.689863  0.449630  0.683632  0.619820  0.813100  0.470540  0.948950  0.377385  0.676105  0.882804  0.775984  0.533698  0.327418 
13  0.713054  0.775583  0.830717  0.719210  0.818879  0.820342  0.882476  0.692964  0.800705  0.848952  0.925256  0.904029  0.859187 0.0  0.685644  0.789972  0.752497  0.855791  0.888726  0.857278  0.531256  0.869933  0.922795  0.946588  0.777130  0.755571  0.861670  0.875809  0.826559  0.835738 
14  0.690231  0.714089  0.798266  0.473111  0.646804  0.692633  0.649334  0.462658  0.750427  0.572123  0.717451  0.697978  0.697936  0.685644 0.0  0.700397  0.651738  0.622681  0.756009  0.783849  0.871695  0.829264  0.657208  0.813768  0.556424  0.608057  0.871558  0.718204  0.659638  0.646919 
15  0.641763  0.902594  0.805430  0.785469  0.775762  0.804090  0.719109  0.825658  0.844313  0.759218  0.916651  0.769735  0.811022  0.789972  0.700397 0.0  0.670733  0.757206  0.839749  0.789887  0.836592  0.915528  0.849255  0.764173  0.731208  0.811189  0.736470  0.677827  0.823617  0.732816 
16  0.660118  0.776230  0.702837  0.714533  0.691171  0.737838  0.725571  0.697744  0.596512  0.688873  0.785926  0.669170  0.641927  0.752497  0.651738  0.670733 0.0  0.754678  0.693055  0.700626  0.734188  0.732708  0.617149  0.751125  0.756406  0.738856  0.639834  0.688817  0.617376  0.823741 
17  0.644755  0.750563  0.909875  0.591380  0.304459  0.715255  0.652740  0.584615  0.809361  0.719829  0.524060  0.439400  0.689863  0.855791  0.622681  0.757206  0.754678 0.0  0.719677  0.624145  0.841870  0.768988  0.667543  0.818352  0.744697  0.633942  0.819382  0.542239  0.704008  0.718319 
18  0.638632  0.849574  0.888286  0.605024  0.685610  0.456333  0.615280  0.694610  0.830920  0.423597  0.717372  0.719596  0.449630  0.888726  0.756009  0.839749  0.693055  0.719677 0.0  0.709842  0.609872  0.855488  0.287475  0.820284  0.367970  0.656862  0.916400  0.680647  0.668760  0.440122 
19  0.715473  0.826449  0.856966  0.578752  0.529028  0.530593  0.579968  0.537552  0.821524  0.620901  0.555689  0.508245  0.683632  0.857278  0.783849  0.789887  0.700626  0.624145  0.709842 0.0  0.803319  0.800576  0.695177  0.849456  0.711591  0.404300  0.826839  0.307917  0.684995  0.760610 
20  0.670593  0.689967  0.734533  0.876349  0.828814  0.737322  0.581877  0.874997  0.796453  0.673975  0.812866  0.786483  0.619820  0.531256  0.871695  0.836592  0.734188  0.841870  0.609872  0.803319 0.0  0.837597  0.631506  0.793028  0.599238  0.834205  0.803479  0.806170  0.641920  0.613340 
21  0.684333  0.757169  0.873318  0.797377  0.917421  0.813182  0.808169  0.806790  0.739532  0.813970  0.743681  0.825581  0.813100  0.869933  0.829264  0.915528  0.732708  0.768988  0.855488  0.800576  0.837597 0.0  0.907593  0.805459  0.888953  0.749130  0.799745  0.736617  0.926477  0.752243 
22  0.737218  0.658732  0.849982  0.497903  0.766968  0.471173  0.528906  0.561302  0.695437  0.440289  0.727376  0.585303  0.470540  0.922795  0.657208  0.849255  0.617149  0.667543  0.287475  0.695177  0.631506  0.907593 0.0  0.828872  0.294739  0.708717  0.964165  0.775056  0.602168  0.499600 
23  0.678044  0.801194  0.701852  0.892155  1.000000  0.920914  0.781322  0.846971  0.798787  0.894663  0.910489  0.895710  0.948950  0.946588  0.813768  0.764173  0.751125  0.818352  0.820284  0.849456  0.793028  0.805459  0.828872 0.0  0.850543  0.908665  0.364071  0.967836  0.792894  0.843417 
24  0.676808  0.825078  0.918780  0.701496  0.760907  0.426509  0.603077  0.645808  0.756974  0.513093  0.725444  0.629301  0.377385  0.777130  0.556424  0.731208  0.756406  0.744697  0.367970  0.711591  0.599238  0.888953  0.294739  0.850543 0.0  0.674231  0.886697  0.738114  0.664240  0.427053 
25  0.649068  0.862911  0.827598  0.536624  0.635050  0.693871  0.634791  0.646793  0.877591  0.667388  0.619807  0.524182  0.676105  0.755571  0.608057  0.811189  0.738856  0.633942  0.656862  0.404300  0.834205  0.749130  0.708717  0.908665  0.674231 0.0  0.933072  0.345228  0.727003  0.747146 
26  0.720512  0.779031  0.603048  0.906473  0.771076  0.849844  0.883520  0.817210  0.713989  0.772473  0.904856  0.941948  0.882804  0.861670  0.871558  0.736470  0.639834  0.819382  0.916400  0.826839  0.803479  0.799745  0.964165  0.364071  0.886697  0.933072 0.0  0.868655  0.947852  0.821407 
27  0.690207  0.888496  0.868236  0.590925  0.609559  0.537354  0.743347  0.571720  0.925511  0.670699  0.582020  0.508428  0.775984  0.875809  0.718204  0.677827  0.688817  0.542239  0.680647  0.307917  0.806170  0.736617  0.775056  0.967836  0.738114  0.345228  0.868655 0.0  0.590487  0.776423 
28  0.698636  0.911846  0.827054  0.615994  0.718390  0.414078  0.558642  0.579493  0.798233  0.202700  0.721069  0.716559  0.533698  0.826559  0.659638  0.823617  0.617376  0.704008  0.668760  0.684995  0.641920  0.926477  0.602168  0.792894  0.664240  0.727003  0.947852  0.590487 0.0  0.567847 
29  0.776376  0.821436  0.939826  0.579347  0.673973  0.488499  0.651311  0.626608  0.779949  0.465703  0.768490  0.711301  0.327418  0.835738  0.646919  0.732816  0.823741  0.718319  0.440122  0.760610  0.613340  0.752243  0.499600  0.843417  0.427053  0.747146  0.821407  0.776423  0.567847 0.0 
