98
0 0.0  0.517375  0.702481  0.466559  0.512712  0.660435  0.588211  0.825288  0.619032  0.705597  0.714010  0.550273  0.546242  0.559688  0.659958  0.413547  0.602997  0.397494  0.654729  0.543142  0.560480  0.488522  0.537543  0.481507  0.394556  0.587357  0.506459  0.573818  0.460881  0.447230  0.712561  0.581454  0.548604  0.696779  0.588948  0.459149  0.499991  0.539786  0.498640  0.550663  0.647616  0.540299  0.581839  0.457077  0.624785  0.567096  0.564731  0.508722  0.497882  0.597469  0.602566  0.705689  0.563998  0.609333  0.473529  0.594988  0.494218  0.473293  0.471104  0.701833  0.521070  0.544997  0.491336  0.491237  0.796300  0.584662  0.597729  0.658501  0.563192  0.764010  0.488693  0.748758  0.622756  0.667543  0.567739  0.834545  0.577600  0.652354  0.363621  0.448031  0.656129  0.611717  0.559519  0.461864  0.568920  0.502411  0.585213  0.597117  0.561958  0.447014  0.342713  0.434729  0.438628  0.432766  0.576383  0.683928  0.438931  0.478136 
1  0.517375 0.0  0.826276  0.602943  0.472513  0.670551  0.649818  0.697663  0.664878  0.745794  0.785577  0.457925  0.486954  0.288902  0.654402  0.478677  0.486931  0.592007  0.678217  0.545512  0.502053  0.567950  0.502612  0.475765  0.411282  0.419612  0.505814  0.276487  0.314649  0.447614  0.575811  0.445749  0.608570  0.866557  0.519041  0.479574  0.365270  0.615061  0.331636  0.517875  0.375827  0.488980  0.572961  0.326470  0.292520  0.445566  0.570237  0.284389  0.265228  0.398540  0.404723  0.669992  0.645750  0.381412  0.349683  0.384654  0.323155  0.588355  0.505526  0.750420  0.639919  0.439356  0.441481  0.458587  0.694647  0.585693  0.370890  0.659178  0.766868  0.713537  0.682398  0.766183  0.428801  0.425910  0.401863  0.803233  0.478078  0.345344  0.718520  0.471380  0.344471  0.644703  0.309256  0.400539  0.383860  0.248339  0.710234  0.468562  0.524515  0.473219  0.608966  0.593355  0.649842  0.460656  0.362236  0.779755  0.346153  0.336477 
2  0.702481  0.826276 0.0  0.700527  0.832163  0.824983  0.645452  0.475338  0.717112  0.774995  0.534091  0.768442  0.823143  0.689379  0.826654  0.768952  0.744772  0.675166  0.679202  0.607642  0.691859  0.670331  0.661335  0.682069  0.654336  0.711861  0.563669  0.783902  0.514240  0.780848  0.759463  0.787605  0.725809  0.447873  0.737314  0.901548  0.607676  0.817934  0.664804  0.691570  0.771658  0.702854  0.752989  0.769320  0.797946  0.637550  0.732964  0.737837  0.806206  0.889233  0.716339  0.679950  0.840637  0.776602  0.790344  0.741319  0.738203  0.630133  0.667426  0.570508  0.699557  0.818543  0.605455  0.722123  0.633095  0.647524  0.787364  0.672526  0.743788  0.627135  0.841589  0.364252  0.836832  0.727707  0.714257  0.524477  0.821544  0.752836  0.695212  0.631768  0.934562  0.742304  0.827397  0.684681  0.726019  0.715101  0.691343  0.787434  0.918552  0.660250  0.748466  0.721038  0.658047  0.635109  0.758382  0.355529  0.687065  0.842120 
3  0.466559  0.602943  0.700527 0.0  0.570351  0.524044  0.756119  0.642242  0.802256  0.698430  0.674463  0.563734  0.686073  0.640137  0.659967  0.615617  0.600467  0.600113  0.568474  0.521139  0.557479  0.322614  0.551718  0.583463  0.483742  0.664649  0.531663  0.566773  0.486201  0.499433  0.652063  0.665847  0.715956  0.846174  0.558413  0.492741  0.665600  0.531068  0.640961  0.639129  0.567652  0.451415  0.503893  0.619984  0.675287  0.561299  0.582195  0.698801  0.643573  0.729327  0.594603  0.748942  0.456758  0.632431  0.735291  0.601363  0.607471  0.261933  0.628316  0.809369  0.731199  0.646215  0.577904  0.579733  0.711222  0.537941  0.712365  0.702425  0.559295  0.843572  0.526171  0.809781  0.626775  0.619706  0.577693  0.694262  0.561550  0.575493  0.477112  0.743090  0.582525  0.611392  0.636689  0.627421  0.658761  0.621932  0.655421  0.670967  0.621545  0.406158  0.608166  0.567890  0.417969  0.585092  0.470450  0.717185  0.744102  0.606916 
4  0.512712  0.472513  0.832163  0.570351 0.0  0.542763  0.679701  0.775986  0.631194  0.698605  0.755106  0.433463  0.442106  0.450349  0.599429  0.401792  0.490108  0.605001  0.692652  0.539855  0.500367  0.582169  0.521301  0.413211  0.487461  0.568463  0.533558  0.413757  0.466053  0.416427  0.737638  0.393582  0.617407  0.833513  0.465312  0.371576  0.404198  0.605694  0.506825  0.370831  0.342804  0.513678  0.633858  0.366296  0.329785  0.492755  0.582971  0.481940  0.425060  0.415114  0.448456  0.729872  0.646823  0.433793  0.323910  0.372432  0.489928  0.649549  0.513471  0.758491  0.598296  0.389250  0.518467  0.404766  0.807367  0.470031  0.286479  0.681652  0.707623  0.742463  0.496120  0.713440  0.426438  0.475854  0.474117  0.796840  0.292247  0.513038  0.565119  0.504692  0.436204  0.534048  0.314472  0.520489  0.412507  0.398097  0.687242  0.404921  0.506399  0.560482  0.613314  0.552239  0.537654  0.382687  0.525724  0.878688  0.231059  0.282331 
5  0.660435  0.670551  0.824983  0.524044  0.542763 0.0  0.705195  0.962186  0.873658  0.712863  0.828190  0.603043  0.392526  0.617573  0.736435  0.380008  0.536952  0.550797  0.695105  0.550908  0.676739  0.537103  0.591154  0.697108  0.599384  0.504720  0.576183  0.675034  0.428167  0.585767  0.227184  0.633241  0.466740  0.801053  0.529378  0.577323  0.625505  0.656419  0.525018  0.516763  0.597754  0.582669  0.524107  0.582817  0.628271  0.545859  0.525979  0.563775  0.619889  0.459676  0.571684  0.819182  0.600804  0.593118  0.625860  0.546916  0.578181  0.545985  0.683376  0.947115  0.729331  0.713486  0.404428  0.574454  0.890349  0.483723  0.593988  0.844558  0.346022  0.747325  0.287761  0.837021  0.557292  0.483783  0.609965  0.795366  0.566329  0.594093  0.643904  0.656345  0.582629  0.618729  0.563132  0.519179  0.674447  0.639111  0.692908  0.486533  0.659330  0.684956  0.544278  0.806267  0.599702  0.597524  0.543784  0.790054  0.555465  0.576487 
6  0.588211  0.649818  0.645452  0.756119  0.679701  0.705195 0.0  0.680283  0.400955  0.754118  0.753195  0.678524  0.628616  0.676081  0.679345  0.820985  0.686332  0.689082  0.714958  0.701762  0.761520  0.749798  0.694854  0.657991  0.697983  0.666199  0.825522  0.656704  0.639209  0.615954  0.863592  0.721937  0.789135  0.667038  0.768939  0.609539  0.673150  0.702675  0.615270  0.616489  0.715110  0.706544  0.736376  0.698816  0.626137  0.676715  0.786935  0.627769  0.791380  0.796893  0.700340  0.367142  0.755080  0.629415  0.712730  0.534898  0.811594  0.752881  0.634797  0.643424  0.637385  0.813779  0.623058  0.711873  0.706053  0.715326  0.703802  0.565313  0.709533  0.459814  0.789893  0.735120  0.778177  0.746236  0.647328  0.729669  0.745557  0.669384  0.728403  0.642345  0.721369  0.668919  0.780506  0.748928  0.682612  0.621388  0.723733  0.813258  0.751551  0.703349  0.610871  0.783705  0.735766  0.687042  0.745435  0.684140  0.685902  0.612329 
7  0.825288  0.697663  0.475338  0.642242  0.775986  0.962186  0.680283 0.0  0.636428  0.751682  0.739011  0.832387  0.902792  0.721721  0.685919  0.709408  0.733004  0.817708  0.718451  0.657352  0.901433  0.723046  0.763727  0.631079  0.813225  0.738749  0.676734  0.751109  0.748759  0.715282  1.000000  0.814648  0.779585  0.440932  0.956815  0.821787  0.815948  0.721832  0.775549  0.745610  0.832317  0.838003  0.800341  0.792375  0.794416  0.695762  0.862261  0.793623  0.758605  0.826384  0.736291  0.805473  0.697410  0.790832  0.787665  0.823364  0.630465  0.731929  0.706707  0.481122  0.755545  0.871197  0.682880  0.716027  0.569580  0.696973  0.847191  0.762177  0.752501  0.844101  0.852370  0.455598  0.775217  0.820397  0.703176  0.469330  0.729122  0.845488  0.949347  0.663840  0.793883  0.754295  0.826859  0.800762  0.620685  0.735988  0.796280  0.850904  0.872047  0.753550  0.716017  0.623005  0.793210  0.823544  0.809551  0.590528  0.844145  0.736999 
8  0.619032  0.664878  0.717112  0.802256  0.631194  0.873658  0.400955  0.636428 0.0  0.711722  0.787635  0.641396  0.653502  0.522217  0.864201  0.657923  0.764186  0.705170  0.719715  0.729788  0.741311  0.757860  0.705282  0.661323  0.690667  0.684785  0.614460  0.653551  0.700660  0.717865  0.767336  0.662283  0.769505  0.709375  0.813361  0.659569  0.602845  0.840680  0.736149  0.686730  0.628067  0.691311  0.725560  0.664868  0.580158  0.669084  0.833190  0.687979  0.608022  0.732055  0.643036  0.315442  0.743396  0.723857  0.614080  0.700324  0.786444  0.777632  0.732705  0.580611  0.676627  0.655700  0.693662  0.682316  0.629385  0.823094  0.610022  0.548861  0.877826  0.473480  0.786002  0.756259  0.816550  0.765879  0.608805  0.639768  0.616449  0.694114  0.790791  0.756628  0.698619  0.691935  0.659880  0.692678  0.558372  0.687477  0.694399  0.647574  0.679401  0.680996  0.682402  0.633594  0.711774  0.782842  0.678419  0.669563  0.678771  0.694831 
9  0.705597  0.745794  0.774995  0.698430  0.698605  0.712863  0.754118  0.751682  0.711722 0.0  0.779121  0.742406  0.779373  0.711062  0.541929  0.528256  0.653792  0.702803  0.506726  0.710889  0.779126  0.582846  0.661916  0.780390  0.718590  0.678265  0.510799  0.680431  0.754165  0.591543  0.528129  0.731952  0.743695  0.720999  0.676071  0.676052  0.658632  0.732592  0.752476  0.709149  0.623713  0.710206  0.627354  0.774313  0.749788  0.574409  0.701449  0.681076  0.791795  0.861872  0.732561  0.720296  0.636805  0.684844  0.673137  0.714304  0.666210  0.620009  0.644740  0.699495  0.517052  0.690900  0.685608  0.760180  0.629722  0.634577  0.669044  0.897701  0.575554  0.890330  0.477465  0.818843  0.727493  0.656030  0.700855  0.715072  0.701075  0.710683  0.740204  0.639232  0.681569  0.682894  0.787331  0.842548  0.732829  0.746715  0.549502  0.783680  0.600492  0.592711  0.585049  0.540633  0.645101  0.717776  0.635110  0.794850  0.731239  0.786889 
10  0.714010  0.785577  0.534091  0.674463  0.755106  0.828190  0.753195  0.739011  0.787635  0.779121 0.0  0.729689  0.870510  0.773402  0.689542  0.786018  0.735627  0.688679  0.626892  0.709168  0.790428  0.673396  0.766564  0.830629  0.756161  0.750447  0.562912  0.737389  0.804941  0.809222  0.789766  0.672305  0.879603  0.517016  0.871453  0.761641  0.782376  0.884930  0.748895  0.736406  0.762241  0.739463  0.697295  0.750070  0.825869  0.751813  0.880993  0.726090  0.731971  0.739628  0.919155  0.622183  0.721482  0.761281  0.938848  0.624046  0.757455  0.731879  0.833118  0.490862  0.827000  0.779880  0.699471  0.779487  0.340112  0.972232  0.850653  0.740532  0.713075  0.680212  0.763163  0.612576  0.758412  0.826337  0.850969  0.446295  0.832566  0.865339  0.860478  0.800286  0.742083  0.798051  0.905554  0.663610  0.754486  0.811323  0.707766  0.855997  0.873481  0.665864  0.828973  0.789349  0.624314  0.741168  0.646623  0.550640  0.785865  0.830440 
11  0.550273  0.457925  0.768442  0.563734  0.433463  0.603043  0.678524  0.832387  0.641396  0.742406  0.729689 0.0  0.551030  0.322209  0.577797  0.506865  0.440695  0.598860  0.686006  0.526922  0.432804  0.520156  0.471083  0.493192  0.333874  0.392921  0.494857  0.257091  0.346630  0.498233  0.623736  0.412752  0.541767  0.734560  0.534033  0.367276  0.442977  0.583681  0.282579  0.384290  0.365366  0.411655  0.600488  0.280684  0.396412  0.523807  0.508635  0.404382  0.434640  0.329182  0.392930  0.620770  0.552501  0.446208  0.376516  0.505681  0.438084  0.606884  0.591872  0.784591  0.546737  0.396541  0.446878  0.431024  0.836496  0.538108  0.388902  0.699318  0.708580  0.934992  0.622968  0.771654  0.440256  0.375431  0.305698  0.782425  0.451540  0.441482  0.742747  0.446901  0.395519  0.497034  0.352237  0.451813  0.348006  0.380677  0.545547  0.443452  0.717317  0.536087  0.602219  0.524835  0.618832  0.341425  0.436193  0.724065  0.373746  0.330866 
12  0.546242  0.486954  0.823143  0.686073  0.442106  0.392526  0.628616  0.902792  0.653502  0.779373  0.870510  0.551030 0.0  0.552256  0.760258  0.344432  0.563257  0.571676  0.725540  0.645709  0.716830  0.707982  0.485092  0.617858  0.460861  0.605953  0.510562  0.505023  0.553327  0.628384  0.454149  0.488014  0.228081  0.862314  0.498927  0.621943  0.500502  0.585533  0.409854  0.632319  0.595175  0.491406  0.361127  0.624456  0.527687  0.589897  0.393248  0.433323  0.612759  0.515996  0.525727  0.784214  0.476460  0.530019  0.546405  0.612416  0.430220  0.564081  0.569587  0.811075  0.643070  0.585907  0.602648  0.488175  0.980590  0.496229  0.508628  0.832426  0.569250  0.915135  0.388354  0.920353  0.587113  0.563022  0.527218  0.868800  0.642205  0.487015  0.692314  0.559449  0.480309  0.544704  0.541508  0.666765  0.554128  0.544818  0.719626  0.448423  0.611807  0.739685  0.722373  0.608338  0.749223  0.442191  0.526810  0.893991  0.511696  0.507531 
13  0.559688  0.288902  0.689379  0.640137  0.450349  0.617573  0.676081  0.721721  0.522217  0.711062  0.773402  0.322209  0.552256 0.0  0.557616  0.500634  0.423257  0.586087  0.608585  0.559133  0.349589  0.684081  0.441314  0.580318  0.484563  0.514710  0.495410  0.349979  0.505610  0.448799  0.560136  0.373082  0.547451  0.779038  0.527124  0.312233  0.432533  0.626950  0.499133  0.498755  0.338968  0.609049  0.560195  0.362668  0.356343  0.477312  0.583158  0.500082  0.430467  0.366772  0.401195  0.808604  0.634203  0.391361  0.290850  0.359416  0.431404  0.624951  0.601378  0.634580  0.662084  0.441709  0.360985  0.562690  0.793542  0.420202  0.415439  0.702545  0.581840  0.824440  0.611655  0.762635  0.415170  0.457075  0.510806  0.777529  0.426446  0.316220  0.649505  0.369899  0.416746  0.515768  0.321965  0.506781  0.452608  0.377772  0.750208  0.472576  0.533815  0.530938  0.547420  0.600663  0.543177  0.467841  0.433239  0.688119  0.381585  0.253282 
14  0.659958  0.654402  0.826654  0.659967  0.599429  0.736435  0.679345  0.685919  0.864201  0.541929  0.689542  0.577797  0.760258  0.557616 0.0  0.649114  0.597624  0.631469  0.317961  0.590373  0.616116  0.524384  0.620076  0.513445  0.559202  0.498365  0.637727  0.607046  0.593792  0.463075  0.776973  0.669578  0.756131  0.743341  0.779742  0.659757  0.671003  0.687182  0.558325  0.715407  0.677633  0.482411  0.750511  0.601575  0.704682  0.592196  0.771010  0.616260  0.664138  0.666886  0.782610  0.702629  0.608243  0.668477  0.672441  0.522534  0.544234  0.592228  0.629150  0.777126  0.499315  0.567109  0.738890  0.514853  0.750920  0.659960  0.652325  0.762818  0.605779  0.809727  0.715861  0.679276  0.676760  0.682839  0.558748  0.691590  0.596250  0.753349  0.707845  0.451468  0.718527  0.682226  0.740336  0.613445  0.631804  0.611394  0.418042  0.763037  0.855945  0.617394  0.548780  0.553058  0.565561  0.729431  0.561523  0.733114  0.600772  0.709852 
15  0.413547  0.478677  0.768952  0.615617  0.401792  0.380008  0.820985  0.709408  0.657923  0.528256  0.786018  0.506865  0.344432  0.500634  0.649114 0.0  0.499073  0.496797  0.623585  0.574624  0.492775  0.505569  0.559692  0.468217  0.398650  0.445842  0.455072  0.529771  0.529165  0.443978  0.473757  0.427538  0.349759  0.758055  0.600437  0.382044  0.383498  0.738040  0.399665  0.534907  0.435140  0.444863  0.548304  0.503739  0.500151  0.467950  0.524461  0.536462  0.464038  0.438803  0.436161  0.506923  0.649726  0.464572  0.434552  0.540627  0.380077  0.681764  0.602568  0.804468  0.648198  0.600544  0.483076  0.399144  0.693369  0.572082  0.499312  0.768997  0.679255  0.787976  0.448993  0.737933  0.360715  0.560134  0.561618  0.800533  0.450964  0.652614  0.656282  0.458541  0.590589  0.492832  0.378414  0.398447  0.484917  0.459481  0.711366  0.496078  0.597338  0.565184  0.605632  0.483793  0.571296  0.583458  0.375395  0.835645  0.448507  0.474440 
16  0.602997  0.486931  0.744772  0.600467  0.490108  0.536952  0.686332  0.733004  0.764186  0.653792  0.735627  0.440695  0.563257  0.423257  0.597624  0.499073 0.0  0.486136  0.535129  0.495806  0.366335  0.387045  0.393754  0.488883  0.409476  0.208875  0.356710  0.474435  0.312527  0.349559  0.488271  0.387196  0.608716  0.684914  0.579872  0.457723  0.596687  0.634544  0.535130  0.298441  0.413817  0.536995  0.496577  0.372269  0.439667  0.423268  0.667706  0.485561  0.461363  0.510860  0.394967  0.646838  0.514379  0.479165  0.506874  0.408563  0.444307  0.541270  0.545547  0.712749  0.505639  0.498180  0.329864  0.361585  0.661279  0.293095  0.453223  0.710407  0.511771  0.659668  0.471479  0.631935  0.444955  0.435007  0.519899  0.687176  0.464677  0.540923  0.547091  0.508310  0.467143  0.589608  0.396202  0.286090  0.460285  0.471887  0.557545  0.348366  0.642681  0.458917  0.551791  0.425522  0.521461  0.284076  0.371477  0.729478  0.447876  0.506778 
17  0.397494  0.592007  0.675166  0.600113  0.605001  0.550797  0.689082  0.817708  0.705170  0.702803  0.688679  0.598860  0.571676  0.586087  0.631469  0.496797  0.486136 0.0  0.547542  0.516800  0.666498  0.351051  0.498463  0.597118  0.400394  0.431684  0.536620  0.600442  0.479627  0.509292  0.584449  0.593614  0.675513  0.756488  0.603017  0.600405  0.436256  0.576454  0.612688  0.461504  0.589729  0.591984  0.564380  0.586028  0.562655  0.467643  0.626315  0.618902  0.601173  0.417102  0.435024  0.589419  0.767881  0.496263  0.588609  0.557331  0.420874  0.453635  0.385860  0.734427  0.559429  0.696813  0.475875  0.586595  0.693529  0.572828  0.494326  0.631487  0.518788  0.662890  0.598200  0.821527  0.590061  0.477970  0.525921  0.775086  0.741723  0.703601  0.435181  0.556892  0.621495  0.564665  0.611747  0.451102  0.517168  0.571322  0.549504  0.578417  0.653619  0.424264  0.392706  0.477444  0.422464  0.477986  0.492733  0.679196  0.621457  0.628213 
18  0.654729  0.678217  0.679202  0.568474  0.692652  0.695105  0.714958  0.718451  0.719715  0.506726  0.626892  0.686006  0.725540  0.608585  0.317961  0.623585  0.535129  0.547542 0.0  0.624565  0.589419  0.490058  0.598471  0.605542  0.654406  0.688979  0.651011  0.667487  0.545478  0.746495  0.642458  0.658357  0.708291  0.793904  0.611867  0.679503  0.676294  0.765442  0.716872  0.464006  0.665019  0.703238  0.721101  0.665240  0.671318  0.621634  0.758010  0.627900  0.648028  0.790963  0.758959  0.729995  0.641843  0.544629  0.555411  0.618710  0.574233  0.539851  0.654776  0.696776  0.372671  0.650320  0.509447  0.682610  0.609469  0.718142  0.718159  0.748199  0.755241  0.632578  0.613527  0.664845  0.631928  0.689907  0.581577  0.618114  0.545056  0.618766  0.775491  0.709314  0.700288  0.585655  0.770722  0.537274  0.621040  0.608700  0.502163  0.643006  0.856572  0.601267  0.640449  0.565154  0.600046  0.523445  0.543632  0.707959  0.700144  0.792094 
19  0.543142  0.545512  0.607642  0.521139  0.539855  0.550908  0.701762  0.657352  0.729788  0.710889  0.709168  0.526922  0.645709  0.559133  0.590373  0.574624  0.495806  0.516800  0.624565 0.0  0.439348  0.402702  0.499994  0.364225  0.471849  0.514041  0.527929  0.581624  0.415041  0.669216  0.513387  0.493630  0.576273  0.709020  0.596123  0.636449  0.509320  0.710420  0.497439  0.541066  0.531744  0.390508  0.515983  0.607254  0.628932  0.434166  0.693537  0.628549  0.541143  0.565219  0.464995  0.600653  0.471413  0.595801  0.611031  0.536841  0.558489  0.512269  0.616337  0.693710  0.619143  0.620462  0.445143  0.430991  0.643220  0.564936  0.555802  0.698252  0.491291  0.669888  0.419443  0.648087  0.559646  0.553646  0.585713  0.681095  0.521673  0.687580  0.785562  0.516106  0.678963  0.436763  0.564033  0.480554  0.517480  0.474015  0.525586  0.513709  0.646163  0.410339  0.598759  0.435321  0.501365  0.434012  0.583967  0.588048  0.576665  0.533872 
20  0.560480  0.502053  0.691859  0.557479  0.500367  0.676739  0.761520  0.901433  0.741311  0.779126  0.790428  0.432804  0.716830  0.349589  0.616116  0.492775  0.366335  0.666498  0.589419  0.439348 0.0  0.419123  0.477298  0.574200  0.462013  0.422565  0.417096  0.390686  0.433670  0.480631  0.550357  0.442497  0.646638  0.746284  0.411487  0.538660  0.493184  0.647605  0.419672  0.346461  0.456003  0.676339  0.584066  0.513443  0.405744  0.409498  0.615851  0.540943  0.367522  0.420257  0.480815  0.850692  0.657521  0.462910  0.347209  0.311067  0.571135  0.547284  0.542971  0.863193  0.716320  0.526058  0.305445  0.339993  0.798057  0.391855  0.425510  0.617522  0.637289  0.706442  0.587998  0.797910  0.498936  0.548747  0.474484  0.765322  0.344778  0.473217  0.720884  0.586711  0.481510  0.631253  0.418991  0.424196  0.486817  0.422532  0.628516  0.433035  0.748199  0.544611  0.590866  0.609249  0.525252  0.507042  0.480987  0.721972  0.462117  0.315475 
21  0.488522  0.567950  0.670331  0.322614  0.582169  0.537103  0.749798  0.723046  0.757860  0.582846  0.673396  0.520156  0.707982  0.684081  0.524384  0.505569  0.387045  0.351051  0.490058  0.402702  0.419123 0.0  0.442957  0.502072  0.530130  0.423240  0.553682  0.620884  0.423900  0.485809  0.602111  0.597869  0.661923  0.682057  0.577742  0.564615  0.641134  0.536418  0.596934  0.494655  0.495820  0.542488  0.568705  0.582747  0.597493  0.514147  0.721587  0.507348  0.563120  0.526050  0.610148  0.731818  0.410532  0.636208  0.585483  0.589307  0.452950  0.283330  0.336219  0.762503  0.690109  0.569861  0.485217  0.562247  0.774615  0.588674  0.501073  0.653085  0.600895  0.693515  0.621136  0.676494  0.698258  0.610619  0.617333  0.651422  0.572210  0.692957  0.594164  0.519802  0.658605  0.571379  0.584443  0.390879  0.543417  0.635193  0.651783  0.605717  0.586132  0.387835  0.518621  0.403948  0.415876  0.482400  0.576869  0.635599  0.688576  0.505092 
22  0.537543  0.502612  0.661335  0.551718  0.521301  0.591154  0.694854  0.763727  0.705282  0.661916  0.766564  0.471083  0.485092  0.441314  0.620076  0.559692  0.393754  0.498463  0.598471  0.499994  0.477298  0.442957 0.0  0.442704  0.396299  0.340888  0.373491  0.574478  0.426895  0.394470  0.508015  0.411355  0.520529  0.654422  0.598785  0.566137  0.424796  0.688882  0.423013  0.357019  0.613071  0.644518  0.294006  0.494301  0.575309  0.367349  0.489777  0.435201  0.438401  0.526947  0.585954  0.729162  0.528971  0.553123  0.587878  0.428646  0.406791  0.518254  0.561340  0.656274  0.589796  0.550050  0.422113  0.384783  0.802143  0.463589  0.617778  0.587023  0.502531  0.728990  0.433555  0.808041  0.580240  0.559108  0.509195  0.705148  0.509113  0.503249  0.605647  0.296538  0.618007  0.474977  0.570909  0.355642  0.396183  0.515986  0.658126  0.538310  0.456612  0.413631  0.713743  0.622830  0.455246  0.459837  0.400028  0.643706  0.569701  0.542759 
23  0.481507  0.475765  0.682069  0.583463  0.413211  0.697108  0.657991  0.631079  0.661323  0.780390  0.830629  0.493192  0.617858  0.580318  0.513445  0.468217  0.488883  0.597118  0.605542  0.364225  0.574200  0.502072  0.442704 0.0  0.628149  0.508974  0.488378  0.552618  0.515308  0.545737  0.756820  0.609592  0.714929  0.684089  0.632021  0.632654  0.543112  0.720631  0.524907  0.501217  0.605188  0.361075  0.570849  0.527117  0.475403  0.486847  0.573028  0.562989  0.578286  0.652005  0.520628  0.862154  0.663210  0.632749  0.596639  0.591699  0.591982  0.588748  0.497688  0.776864  0.603450  0.529533  0.588392  0.354374  0.708152  0.624715  0.593068  0.673845  0.593971  0.856946  0.690358  0.644189  0.686206  0.607236  0.664826  0.719454  0.603726  0.572650  0.632815  0.529601  0.635772  0.332330  0.562697  0.481338  0.533055  0.603908  0.627703  0.676666  0.699728  0.528396  0.684024  0.378268  0.534306  0.630979  0.499820  0.838511  0.492802  0.536746 
24  0.394556  0.411282  0.654336  0.483742  0.487461  0.599384  0.697983  0.813225  0.690667  0.718590  0.756161  0.333874  0.460861  0.484563  0.559202  0.398650  0.409476  0.400394  0.654406  0.471849  0.462013  0.530130  0.396299  0.628149 0.0  0.434485  0.455463  0.392030  0.334221  0.379646  0.544415  0.325853  0.546459  0.633420  0.507526  0.400925  0.437798  0.689109  0.371034  0.307501  0.438829  0.525726  0.424908  0.424104  0.434213  0.354679  0.527404  0.443394  0.404409  0.385061  0.438951  0.674855  0.478843  0.359195  0.447206  0.479084  0.479793  0.590758  0.553389  0.774408  0.756329  0.444239  0.359104  0.460036  0.829859  0.483767  0.377933  0.670662  0.667589  0.728199  0.502623  0.598078  0.503409  0.509021  0.457894  0.811453  0.449463  0.508577  0.677655  0.510285  0.414698  0.501836  0.466285  0.438768  0.401954  0.468735  0.688731  0.467729  0.492027  0.441148  0.432128  0.456294  0.566335  0.324454  0.242722  0.773579  0.412111  0.463959 
25  0.587357  0.419612  0.711861  0.664649  0.568463  0.504720  0.666199  0.738749  0.684785  0.678265  0.750447  0.392921  0.605953  0.514710  0.498365  0.445842  0.208875  0.431684  0.688979  0.514041  0.422565  0.423240  0.340888  0.508974  0.434485 0.0  0.364027  0.558680  0.344871  0.508890  0.506857  0.461892  0.575335  0.607644  0.411220  0.548808  0.373570  0.677381  0.429379  0.382425  0.449393  0.542575  0.428722  0.412901  0.461702  0.320936  0.512063  0.294553  0.430090  0.542489  0.487735  0.713967  0.588740  0.436767  0.491179  0.429775  0.381088  0.569543  0.628616  0.746086  0.614837  0.436813  0.239140  0.359698  0.676578  0.343758  0.476189  0.771840  0.556731  0.638347  0.419538  0.757132  0.498229  0.532357  0.422412  0.683852  0.522835  0.485688  0.609699  0.407082  0.546163  0.540358  0.475477  0.206985  0.475829  0.503326  0.619842  0.567589  0.643818  0.471560  0.534358  0.591387  0.511558  0.330108  0.296644  0.705489  0.406123  0.640466 
26  0.506459  0.505814  0.563669  0.531663  0.533558  0.576183  0.825522  0.676734  0.614460  0.510799  0.562912  0.494857  0.510562  0.495410  0.637727  0.455072  0.356710  0.536620  0.651011  0.527929  0.417096  0.553682  0.373491  0.488378  0.455463  0.364027 0.0  0.443003  0.453597  0.434878  0.579210  0.414742  0.680248  0.695964  0.527441  0.544333  0.589660  0.634173  0.468930  0.498672  0.450590  0.670342  0.425100  0.471655  0.526230  0.392914  0.625821  0.569148  0.492739  0.503672  0.474269  0.715537  0.552621  0.426626  0.508199  0.471071  0.508176  0.541956  0.527438  0.725202  0.736771  0.558860  0.428617  0.580470  0.624299  0.427888  0.479576  0.705203  0.565221  0.787975  0.379057  0.752196  0.582791  0.556009  0.503289  0.640742  0.509498  0.502065  0.596550  0.442319  0.680456  0.413789  0.449801  0.340101  0.459437  0.599028  0.579722  0.531810  0.696184  0.440851  0.528662  0.549728  0.458960  0.332217  0.455010  0.563426  0.418803  0.494905 
27  0.573818  0.276487  0.783902  0.566773  0.413757  0.675034  0.656704  0.751109  0.653551  0.680431  0.737389  0.257091  0.505023  0.349979  0.607046  0.529771  0.474435  0.600442  0.667487  0.581624  0.390686  0.620884  0.574478  0.552618  0.392030  0.558680  0.443003 0.0  0.339683  0.587073  0.550354  0.400842  0.571137  0.825355  0.569817  0.343959  0.404305  0.634401  0.397317  0.504327  0.266020  0.614481  0.577983  0.525687  0.444241  0.487421  0.561274  0.480823  0.398337  0.379578  0.420316  0.631724  0.608167  0.358118  0.463135  0.343934  0.538913  0.715086  0.585395  0.837385  0.637888  0.418090  0.336193  0.428412  0.833432  0.537046  0.335986  0.767783  0.648451  0.880822  0.649118  0.805636  0.526165  0.336173  0.370439  0.755833  0.382840  0.323364  0.657047  0.597288  0.423458  0.513463  0.348801  0.427215  0.395297  0.295933  0.552898  0.465072  0.631702  0.670248  0.674885  0.513983  0.600287  0.553109  0.403955  0.896998  0.249225  0.358353 
28  0.460881  0.314649  0.514240  0.486201  0.466053  0.428167  0.639209  0.748759  0.700660  0.754165  0.804941  0.346630  0.553327  0.505610  0.593792  0.529165  0.312527  0.479627  0.545478  0.415041  0.433670  0.423900  0.426895  0.515308  0.334221  0.344871  0.453597  0.339683 0.0  0.478230  0.584329  0.453190  0.621809  0.709891  0.318013  0.410098  0.320553  0.628190  0.280252  0.269059  0.458492  0.572859  0.388502  0.406866  0.434954  0.424390  0.629455  0.414357  0.421953  0.475572  0.493423  0.732879  0.613732  0.473989  0.474360  0.456548  0.353611  0.617779  0.540805  0.662143  0.626674  0.535818  0.181477  0.464662  0.766461  0.430660  0.474805  0.664678  0.661950  0.709334  0.434865  0.784925  0.447117  0.535153  0.476806  0.689220  0.359099  0.448735  0.512141  0.578208  0.637900  0.494124  0.393478  0.212628  0.522056  0.421367  0.502807  0.303136  0.718714  0.476323  0.557283  0.613717  0.457664  0.401315  0.302093  0.708591  0.464466  0.497998 
29  0.447230  0.447614  0.780848  0.499433  0.416427  0.585767  0.615954  0.715282  0.717865  0.591543  0.809222  0.498233  0.628384  0.448799  0.463075  0.443978  0.349559  0.509292  0.746495  0.669216  0.480631  0.485809  0.394470  0.545737  0.379646  0.508890  0.434878  0.587073  0.478230 0.0  0.642072  0.528811  0.508460  0.775477  0.611679  0.633212  0.421711  0.585297  0.480616  0.507475  0.437572  0.522946  0.415336  0.452415  0.496062  0.393839  0.633715  0.491356  0.528925  0.456055  0.541391  0.650117  0.580231  0.575382  0.584232  0.446031  0.365508  0.656734  0.651924  0.658064  0.623648  0.414375  0.489499  0.413099  0.713980  0.497156  0.436349  0.651876  0.719720  0.771521  0.563240  0.646386  0.491753  0.447869  0.488068  0.846925  0.603886  0.601523  0.667919  0.412164  0.463713  0.487889  0.502286  0.375458  0.483257  0.516605  0.398670  0.574470  0.743659  0.563711  0.461568  0.534687  0.608148  0.547703  0.559260  0.880455  0.522872  0.541248 
30  0.712561  0.575811  0.759463  0.652063  0.737638  0.227184  0.863592  1.000000  0.767336  0.528129  0.789766  0.623736  0.454149  0.560136  0.776973  0.473757  0.488271  0.584449  0.642458  0.513387  0.550357  0.602111  0.508015  0.756820  0.544415  0.506857  0.579210  0.550354  0.584329  0.642072 0.0  0.546425  0.486382  0.784188  0.557703  0.613669  0.611193  0.497362  0.603149  0.420061  0.701431  0.599031  0.450876  0.691895  0.673332  0.517204  0.258850  0.693472  0.646094  0.586820  0.692919  0.875565  0.479788  0.634149  0.751136  0.674268  0.533235  0.464060  0.575009  0.863797  0.710909  0.552764  0.476562  0.505333  0.721316  0.498082  0.634910  0.836396  0.579265  0.692025  0.418911  0.922470  0.522243  0.411327  0.625015  0.828206  0.593589  0.540092  0.466843  0.672805  0.557939  0.754218  0.591688  0.415638  0.647204  0.665133  0.543933  0.360235  0.517060  0.629359  0.667194  0.579537  0.631706  0.425861  0.651620  0.788060  0.517957  0.610261 
31  0.581454  0.445749  0.787605  0.665847  0.393582  0.633241  0.721937  0.814648  0.662283  0.731952  0.672305  0.412752  0.488014  0.373082  0.669578  0.427538  0.387196  0.593614  0.658357  0.493630  0.442497  0.597869  0.411355  0.609592  0.325853  0.461892  0.414742  0.400842  0.453190  0.528811  0.546425 0.0  0.580328  0.746749  0.512723  0.442975  0.354338  0.646064  0.338320  0.479257  0.423429  0.420707  0.493241  0.373025  0.259772  0.490632  0.531954  0.384580  0.344604  0.423020  0.438138  0.639891  0.585541  0.485917  0.401834  0.505340  0.506228  0.578420  0.498702  0.780917  0.602397  0.429007  0.374210  0.404808  0.783905  0.555822  0.463966  0.732989  0.632914  0.737351  0.626938  0.702257  0.362630  0.434056  0.261963  0.825896  0.414235  0.384095  0.771635  0.409764  0.364348  0.565276  0.440438  0.359537  0.444000  0.458345  0.695473  0.388898  0.633890  0.561877  0.533375  0.431825  0.451747  0.415764  0.380028  0.821856  0.384402  0.431224 
32  0.548604  0.608570  0.725809  0.715956  0.617407  0.466740  0.789135  0.779585  0.769505  0.743695  0.879603  0.541767  0.228081  0.547451  0.756131  0.349759  0.608716  0.675513  0.708291  0.576273  0.646638  0.661923  0.520529  0.714929  0.546459  0.575335  0.680248  0.571137  0.621809  0.508460  0.486382  0.580328 0.0  0.725130  0.517179  0.644971  0.454071  0.597893  0.480372  0.573211  0.484196  0.520280  0.522820  0.679128  0.550894  0.532092  0.507629  0.502983  0.668406  0.686237  0.564345  0.697623  0.525834  0.604804  0.414911  0.657584  0.553788  0.583368  0.597248  0.854032  0.642928  0.546892  0.620111  0.559950  0.779045  0.503060  0.685553  0.829863  0.542213  0.875061  0.333803  0.931290  0.432667  0.591023  0.571520  0.899349  0.602299  0.378392  0.577001  0.540552  0.440971  0.641666  0.645123  0.563362  0.564611  0.657870  0.698895  0.451019  0.510641  0.640512  0.632064  0.636859  0.681472  0.580681  0.528643  0.868788  0.551683  0.629590 
33  0.696779  0.866557  0.447873  0.846174  0.833513  0.801053  0.667038  0.440932  0.709375  0.720999  0.517016  0.734560  0.862314  0.779038  0.743341  0.758055  0.684914  0.756488  0.793904  0.709020  0.746284  0.682057  0.654422  0.684089  0.633420  0.607644  0.695964  0.825355  0.709891  0.775477  0.784188  0.746749  0.725130 0.0  0.766721  0.781385  0.709289  0.846253  0.690266  0.698239  0.800733  0.684674  0.804153  0.734432  0.873190  0.660319  0.846710  0.835483  0.814622  0.922084  0.797933  0.631426  0.784819  0.752448  0.860593  0.755979  0.891174  0.671224  0.656425  0.514151  0.677200  0.806658  0.656951  0.828311  0.556489  0.769940  0.684781  0.752097  0.697827  0.669688  0.838454  0.570740  0.858754  0.860147  0.794843  0.607688  0.764613  0.885609  0.705489  0.833555  0.863357  0.821463  0.731947  0.635364  0.762439  0.836214  0.727706  0.728649  0.883297  0.598991  0.740742  0.786520  0.648025  0.767695  0.833575  0.272521  0.811009  0.777815 
34  0.588948  0.519041  0.737314  0.558413  0.465312  0.529378  0.768939  0.956815  0.813361  0.676071  0.871453  0.534033  0.498927  0.527124  0.779742  0.600437  0.579872  0.603017  0.611867  0.596123  0.411487  0.577742  0.598785  0.632021  0.507526  0.411220  0.527441  0.569817  0.318013  0.611679  0.557703  0.512723  0.517179  0.766721 0.0  0.518480  0.561563  0.732559  0.533261  0.442232  0.458049  0.713034  0.537462  0.501599  0.477421  0.462750  0.552525  0.534324  0.370055  0.529411  0.444112  0.754978  0.650348  0.466765  0.541069  0.459384  0.615408  0.587030  0.644550  0.893660  0.723601  0.384451  0.569956  0.529732  0.771484  0.477497  0.457639  0.686880  0.442262  0.908140  0.499184  0.849298  0.432875  0.455022  0.500756  0.809861  0.438006  0.462485  0.692946  0.606946  0.481273  0.724833  0.557649  0.528503  0.412387  0.504263  0.777008  0.407123  0.599255  0.520158  0.625650  0.524491  0.549193  0.494678  0.403596  0.746169  0.428333  0.400498 
35  0.459149  0.479574  0.901548  0.492741  0.371576  0.577323  0.609539  0.821787  0.659569  0.676052  0.761641  0.367276  0.621943  0.312233  0.659757  0.382044  0.457723  0.600405  0.679503  0.636449  0.538660  0.564615  0.566137  0.632654  0.400925  0.548808  0.544333  0.343959  0.410098  0.633212  0.613669  0.442975  0.644971  0.781385  0.518480 0.0  0.512394  0.639088  0.412968  0.372169  0.427367  0.534747  0.618271  0.490482  0.354740  0.480054  0.538090  0.443556  0.369685  0.447291  0.321325  0.657311  0.690562  0.426406  0.289057  0.419975  0.461726  0.702526  0.542727  0.767561  0.477186  0.402603  0.440523  0.436872  0.916347  0.493422  0.368386  0.842951  0.680131  0.818920  0.693751  0.806929  0.416486  0.457637  0.515374  0.830309  0.515209  0.527261  0.576221  0.576267  0.428911  0.562310  0.475308  0.478270  0.404856  0.424069  0.615104  0.495591  0.704609  0.590677  0.554322  0.424377  0.611531  0.499338  0.489998  0.774762  0.356168  0.365480 
36  0.499991  0.365270  0.607676  0.665600  0.404198  0.625505  0.673150  0.815948  0.602845  0.658632  0.782376  0.442977  0.500502  0.432533  0.671003  0.383498  0.596687  0.436256  0.676294  0.509320  0.493184  0.641134  0.424796  0.543112  0.437798  0.373570  0.589660  0.404305  0.320553  0.421711  0.611193  0.354338  0.454071  0.709289  0.561563  0.512394 0.0  0.758613  0.276857  0.443951  0.296542  0.482623  0.601221  0.427531  0.463239  0.507137  0.466215  0.217592  0.412560  0.359511  0.361395  0.493395  0.627465  0.346277  0.315916  0.379834  0.443403  0.736863  0.609085  0.925298  0.548135  0.309086  0.362651  0.431771  0.822685  0.500548  0.369829  0.777785  0.570321  0.771178  0.596980  0.667988  0.270793  0.457701  0.309079  0.785829  0.403127  0.393062  0.682630  0.477003  0.451857  0.470817  0.328544  0.453600  0.455348  0.503443  0.664601  0.309256  0.635677  0.493967  0.430041  0.468672  0.643851  0.475385  0.315386  0.771257  0.417241  0.351290 
37  0.539786  0.615061  0.817934  0.531068  0.605694  0.656419  0.702675  0.721832  0.840680  0.732592  0.884930  0.583681  0.585533  0.626950  0.687182  0.738040  0.634544  0.576454  0.765442  0.710420  0.647605  0.536418  0.688882  0.720631  0.689109  0.677381  0.634173  0.634401  0.628190  0.585297  0.497362  0.646064  0.597893  0.846253  0.732559  0.639088  0.758613 0.0  0.758935  0.652580  0.620533  0.586575  0.556828  0.669329  0.607569  0.638696  0.594540  0.660373  0.511773  0.568349  0.754826  0.808750  0.517080  0.657452  0.719344  0.783887  0.601842  0.549408  0.503117  0.939297  0.756154  0.686666  0.649187  0.567150  0.939440  0.627200  0.680340  0.781745  0.645727  0.902702  0.618778  0.829478  0.641375  0.563320  0.640078  0.949263  0.639811  0.527468  0.392240  0.674958  0.553098  0.672155  0.533146  0.659768  0.596621  0.624663  0.706997  0.592697  0.396266  0.540659  0.568863  0.580470  0.671905  0.732119  0.717709  0.858971  0.656665  0.676382 
38  0.498640  0.331636  0.664804  0.640961  0.506825  0.525018  0.615270  0.775549  0.736149  0.752476  0.748895  0.282579  0.409854  0.499133  0.558325  0.399665  0.535130  0.612688  0.716872  0.497439  0.419672  0.596934  0.423013  0.524907  0.371034  0.429379  0.468930  0.397317  0.280252  0.480616  0.603149  0.338320  0.480372  0.690266  0.533261  0.412968  0.276857  0.758935 0.0  0.380789  0.404048  0.521587  0.390602  0.448055  0.433827  0.450990  0.580113  0.284303  0.412765  0.412575  0.421421  0.709596  0.663383  0.375575  0.472600  0.431017  0.461332  0.641065  0.562760  0.821280  0.621993  0.523935  0.436551  0.343397  0.772459  0.375837  0.475968  0.695739  0.548430  0.886695  0.481589  0.810737  0.476858  0.502370  0.451276  0.757585  0.389505  0.499114  0.657195  0.511663  0.503094  0.515988  0.522180  0.390058  0.448399  0.438758  0.528149  0.480048  0.659282  0.577129  0.631652  0.513156  0.562403  0.401257  0.348599  0.717225  0.434926  0.387429 
39  0.550663  0.517875  0.691570  0.639129  0.370831  0.516763  0.616489  0.745610  0.686730  0.709149  0.736406  0.384290  0.632319  0.498755  0.715407  0.534907  0.298441  0.461504  0.464006  0.541066  0.346461  0.494655  0.357019  0.501217  0.307501  0.382425  0.498672  0.504327  0.269059  0.507475  0.420061  0.479257  0.573211  0.698239  0.442232  0.372169  0.443951  0.652580  0.380789 0.0  0.322504  0.450860  0.439934  0.336393  0.431538  0.417550  0.514353  0.439616  0.418603  0.485992  0.399346  0.716098  0.557915  0.497288  0.457961  0.437193  0.510626  0.540252  0.594377  0.765825  0.610662  0.483199  0.379409  0.452690  0.633915  0.386967  0.437491  0.740821  0.572908  0.709891  0.394756  0.729909  0.524072  0.466341  0.560470  0.817026  0.475195  0.488595  0.621219  0.416574  0.681452  0.459959  0.443618  0.423526  0.351527  0.456491  0.696726  0.447934  0.732762  0.454924  0.525727  0.570035  0.543937  0.420545  0.236169  0.629512  0.539056  0.376366 
