98
0 0.0  0.497756  0.312461  0.587519  0.373255  0.412266  0.526369  0.450623  0.380129  0.532858  0.474600  0.419843  0.337220  0.454871  0.349879  0.502772  0.460275  0.376051  0.584642  0.627627  0.391259  0.546548  0.332772  0.642227  0.599226  0.442989  0.560605  0.576331  0.451932  0.750108  0.588143  0.464857  0.579295  0.587164  0.676851  0.665654  0.369947  0.531242  0.466438  0.517277  0.588596  0.593564  0.555544  0.399159  0.361864  0.773650  0.366132  0.618070  0.531058  0.438421  0.436441  0.269118  0.376666  0.778803  0.453727  0.413383  0.654020  0.766237  0.451598  0.533009  0.556644  0.474541  0.307345  0.809971  0.416226  0.334599  0.641087  0.399465  0.458326  0.273826  0.168693  0.340208  0.458783  0.320198  0.399571  0.622839  0.691679  0.717082  0.666182  0.450967  0.572637  0.485008  0.368154  0.561611  0.398347  0.572225  0.744161  0.510755  0.658757  0.343194  0.611481  0.580417  0.262456  0.508770  0.607724  0.621972  0.649444  0.584026 
1  0.497756 0.0  0.568356  0.431665  0.551887  0.493893  0.393701  0.396416  0.447194  0.543215  0.565200  0.455750  0.515393  0.477542  0.366037  0.584799  0.478703  0.529998  0.705916  0.571177  0.472343  0.556382  0.534045  0.770410  0.674754  0.533370  0.272225  0.621139  0.518589  0.784738  0.674217  0.284370  0.630826  0.783156  0.600738  0.610495  0.649805  0.461054  0.475030  0.554592  0.665441  0.417460  0.481464  0.658932  0.409917  0.818630  0.563382  0.554347  0.670145  0.407269  0.370294  0.563470  0.576695  0.813787  0.525651  0.647540  0.719696  0.872796  0.392271  0.562820  0.670235  0.434237  0.535193  0.793620  0.432007  0.581946  0.599072  0.577949  0.474874  0.598487  0.559638  0.409512  0.535274  0.472706  0.631022  0.687050  0.793614  0.770594  0.596431  0.497250  0.653118  0.592993  0.491736  0.688180  0.474295  0.519655  0.626948  0.559936  0.717262  0.651158  0.509524  0.566347  0.513884  0.418771  0.694906  0.613288  0.571570  0.631480 
2  0.312461  0.568356 0.0  0.340681  0.480929  0.400628  0.568032  0.590096  0.338782  0.614795  0.566237  0.591314  0.382760  0.412038  0.249955  0.520008  0.503312  0.340171  0.567939  0.681076  0.430615  0.563926  0.379866  0.617428  0.588593  0.399455  0.597916  0.528974  0.330574  0.690204  0.665826  0.555038  0.641931  0.619716  0.570821  0.523331  0.473108  0.529498  0.427582  0.472500  0.597597  0.568560  0.536270  0.463756  0.568922  0.793066  0.369246  0.515206  0.532426  0.423458  0.461733  0.436768  0.329244  0.815818  0.508387  0.320906  0.621568  0.829177  0.481276  0.544343  0.630062  0.480560  0.503782  0.716729  0.508676  0.480478  0.626878  0.299603  0.587555  0.198197  0.276892  0.439567  0.431981  0.311394  0.389166  0.520352  0.681368  0.780614  0.572526  0.636515  0.717150  0.566566  0.422102  0.587861  0.380193  0.414016  0.507339  0.538792  0.680431  0.472890  0.661177  0.447344  0.321386  0.506598  0.613747  0.607177  0.680579  0.438192 
3  0.587519  0.431665  0.340681 0.0  0.480682  0.606122  0.403382  0.463628  0.440246  0.559733  0.624064  0.392563  0.478015  0.317454  0.530545  0.377102  0.429883  0.435530  0.616319  0.521545  0.410596  0.527450  0.455193  0.732526  0.447902  0.488502  0.564501  0.371647  0.448809  0.662190  0.459634  0.412908  0.622409  0.684203  0.449268  0.387059  0.532020  0.483660  0.421634  0.426768  0.584934  0.439198  0.369622  0.390420  0.530270  0.886131  0.436448  0.434101  0.466467  0.353434  0.434558  0.544246  0.487019  0.683633  0.448926  0.510487  0.694574  0.726357  0.432776  0.476206  0.342895  0.390589  0.346364  0.598686  0.414454  0.399232  0.518695  0.588792  0.386333  0.427049  0.351932  0.476185  0.479582  0.576255  0.517772  0.471486  0.662997  0.598496  0.418105  0.380356  0.629433  0.532080  0.384644  0.568281  0.426457  0.478265  0.310108  0.419774  0.743726  0.607099  0.534118  0.531381  0.531753  0.527661  0.651813  0.576946  0.485840  0.481989 
4  0.373255  0.551887  0.480929  0.480682 0.0  0.386425  0.344251  0.617242  0.416201  0.700162  0.662485  0.403251  0.352192  0.295725  0.385091  0.655360  0.480620  0.348321  0.688822  0.567181  0.529225  0.628495  0.304590  0.643554  0.565991  0.455158  0.711339  0.466951  0.400044  0.726935  0.646573  0.391614  0.598627  0.723538  0.454082  0.578176  0.408683  0.690555  0.447628  0.486362  0.541700  0.626436  0.476734  0.505580  0.471249  0.675653  0.442560  0.644980  0.561534  0.392745  0.467365  0.323103  0.312941  0.871014  0.361435  0.405902  0.698373  0.788459  0.492967  0.511133  0.503044  0.463961  0.422071  0.766868  0.460575  0.287258  0.669774  0.249077  0.525301  0.305948  0.346247  0.480234  0.466400  0.402581  0.310147  0.550651  0.640872  0.744557  0.581237  0.504124  0.623736  0.585869  0.431827  0.570143  0.463435  0.634808  0.628509  0.592201  0.799320  0.398795  0.626911  0.570315  0.350702  0.385710  0.607012  0.578370  0.718418  0.483089 
5  0.412266  0.493893  0.400628  0.606122  0.386425 0.0  0.417940  0.478644  0.362492  0.598377  0.636978  0.487420  0.474703  0.520732  0.670471  0.479782  0.399131  0.412663  0.612354  0.631191  0.393340  0.656005  0.313979  0.545936  0.491116  0.419736  0.417480  0.550782  0.377865  0.806166  0.557313  0.529465  0.752386  0.763075  0.562778  0.633079  0.509194  0.549888  0.507336  0.440859  0.637442  0.714231  0.475979  0.538483  0.442056  0.937967  0.480865  0.513870  0.600838  0.434610  0.485479  0.355691  0.495149  0.782750  0.425036  0.420042  0.578555  0.744084  0.494449  0.434262  0.557781  0.452974  0.406549  0.738707  0.435129  0.427597  0.461837  0.427237  0.590028  0.442567  0.510871  0.461556  0.548725  0.407931  0.431810  0.658236  0.648758  0.700004  0.517547  0.492750  0.578229  0.584008  0.218629  0.655628  0.476446  0.521761  0.713898  0.610981  0.766797  0.392254  0.599430  0.725985  0.377585  0.555036  0.650357  0.724018  0.535588  0.567859 
6  0.526369  0.393701  0.568032  0.403382  0.344251  0.417940 0.0  0.376931  0.402674  0.606764  0.697777  0.477012  0.593233  0.352815  0.452129  0.379514  0.379972  0.472215  0.681765  0.625054  0.394176  0.406803  0.424502  0.623206  0.498749  0.408086  0.413322  0.511833  0.452786  0.694333  0.557117  0.448168  0.491127  0.754092  0.498406  0.483192  0.458719  0.491464  0.477294  0.401696  0.444801  0.686790  0.390785  0.448572  0.391910  0.765388  0.328493  0.398899  0.460836  0.307527  0.326564  0.445219  0.277178  0.596514  0.431642  0.395124  0.674352  0.785441  0.418549  0.459425  0.607854  0.437439  0.499204  0.772420  0.482851  0.349499  0.475460  0.399466  0.356987  0.332302  0.401935  0.340708  0.456810  0.485911  0.310115  0.624013  0.726094  0.637511  0.558144  0.425083  0.575679  0.581912  0.362579  0.611453  0.325744  0.538610  0.404381  0.520044  0.709117  0.465940  0.502346  0.425305  0.468290  0.488659  0.623479  0.446023  0.607806  0.470003 
7  0.450623  0.396416  0.590096  0.463628  0.617242  0.478644  0.376931 0.0  0.590661  0.592746  0.661943  0.603397  0.519455  0.476957  0.556257  0.455873  0.593813  0.570785  0.575629  0.592717  0.613170  0.634265  0.539756  0.693250  0.666795  0.651728  0.502107  0.637360  0.543055  0.762250  0.469462  0.457913  0.607773  0.770886  0.581476  0.672674  0.549663  0.269014  0.495652  0.614473  0.579049  0.601571  0.591773  0.528606  0.331578  0.869376  0.527227  0.465697  0.749915  0.450434  0.528028  0.614675  0.616292  0.825163  0.487725  0.740927  0.800086  0.833605  0.521740  0.329532  0.665541  0.581686  0.536788  0.811708  0.422084  0.463738  0.550671  0.535704  0.508760  0.509963  0.742226  0.480396  0.704310  0.617721  0.609275  0.594080  0.796683  0.754326  0.404763  0.543017  0.620240  0.601714  0.479914  0.639910  0.580089  0.522918  0.542685  0.605462  0.892222  0.518688  0.587351  0.769175  0.587904  0.567060  0.586607  0.563683  0.598955  0.684040 
8  0.380129  0.447194  0.338782  0.440246  0.416201  0.362492  0.402674  0.590661 0.0  0.519224  0.700349  0.380997  0.392953  0.419352  0.208577  0.507228  0.317810  0.312529  0.534709  0.613726  0.363910  0.503932  0.300192  0.573482  0.602259  0.401843  0.636674  0.573528  0.344322  0.696853  0.582513  0.493572  0.701778  0.604806  0.491072  0.541738  0.444654  0.603322  0.424387  0.565218  0.633687  0.503544  0.397916  0.496251  0.490542  0.905718  0.376771  0.578239  0.501098  0.423959  0.625552  0.285021  0.294190  0.774521  0.524102  0.539812  0.676938  0.682785  0.479223  0.595313  0.608945  0.458813  0.392776  0.806578  0.483922  0.237214  0.629051  0.235172  0.367512  0.371187  0.312612  0.422489  0.488529  0.324376  0.168474  0.639288  0.561397  0.829651  0.674181  0.483839  0.611820  0.525549  0.302179  0.616681  0.538727  0.541455  0.576043  0.615417  0.731799  0.142213  0.674825  0.589355  0.418274  0.403176  0.657308  0.485480  0.534455  0.514903 
9  0.532858  0.543215  0.614795  0.559733  0.700162  0.598377  0.606764  0.592746  0.519224 0.0  0.432691  0.572559  0.631324  0.663744  0.580244  0.525098  0.598524  0.636368  0.390050  0.547288  0.645667  0.486653  0.671437  0.643760  0.663317  0.648902  0.598658  0.511961  0.675646  0.759787  0.684512  0.544490  0.529210  0.681376  0.477070  0.447358  0.622507  0.519346  0.636287  0.592139  0.464436  0.471898  0.634152  0.549723  0.524563  0.763882  0.643242  0.608884  0.347891  0.677513  0.615587  0.635354  0.656130  0.684004  0.550932  0.597585  0.819572  0.829900  0.612528  0.645220  0.619562  0.593991  0.631287  0.920584  0.562025  0.589051  0.579994  0.535388  0.602731  0.638866  0.622356  0.594679  0.604661  0.647456  0.553462  0.557163  0.675630  0.726815  0.659349  0.552910  0.379991  0.628505  0.475155  0.659841  0.552995  0.619111  0.458268  0.463224  0.792803  0.647471  0.530900  0.488337  0.628286  0.700975  0.713396  0.700569  0.317610  0.429259 
10  0.474600  0.565200  0.566237  0.624064  0.662485  0.636978  0.697777  0.661943  0.700349  0.432691 0.0  0.534170  0.681467  0.567531  0.681553  0.562171  0.577448  0.625353  0.432053  0.677147  0.605572  0.624289  0.676390  0.535130  0.577917  0.658141  0.607030  0.655968  0.575622  0.754167  0.535090  0.633458  0.521092  0.813217  0.413295  0.639326  0.644224  0.771867  0.608123  0.613901  0.609932  0.514167  0.504877  0.603899  0.640698  0.968077  0.543230  0.457258  0.453365  0.689732  0.589060  0.669470  0.646955  0.670251  0.562080  0.704093  0.709412  0.900185  0.549081  0.427283  0.788751  0.607848  0.751455  0.717041  0.603843  0.561268  0.663942  0.731640  0.595100  0.551477  0.673516  0.512576  0.727664  0.592267  0.625325  0.690608  0.782966  0.649086  0.472068  0.519078  0.442800  0.627420  0.631497  0.678810  0.666972  0.547644  0.414667  0.512111  0.720561  0.618779  0.482928  0.605039  0.673269  0.663795  0.781242  0.710920  0.161720  0.589764 
11  0.419843  0.455750  0.591314  0.392563  0.403251  0.487420  0.477012  0.603397  0.380997  0.572559  0.534170 0.0  0.424945  0.503787  0.441909  0.487497  0.435051  0.433514  0.511996  0.735112  0.479636  0.724059  0.315682  0.598762  0.690931  0.417796  0.411920  0.494888  0.436330  0.773270  0.576869  0.572805  0.656503  0.747965  0.535144  0.685663  0.478513  0.610658  0.450484  0.667732  0.499939  0.687299  0.433250  0.422848  0.448808  0.841975  0.567204  0.609127  0.589508  0.519451  0.538928  0.334271  0.501096  0.857095  0.450656  0.437502  0.860716  0.687289  0.471385  0.646064  0.654400  0.507222  0.403307  0.737837  0.477471  0.454874  0.614593  0.510384  0.422827  0.527600  0.485137  0.470772  0.483479  0.492938  0.425607  0.662054  0.697474  0.719614  0.598629  0.491770  0.605396  0.657680  0.477361  0.734754  0.498743  0.354647  0.621167  0.750814  0.790688  0.379630  0.758219  0.579843  0.476251  0.422331  0.712616  0.631182  0.488922  0.678884 
12  0.337220  0.515393  0.382760  0.478015  0.352192  0.474703  0.593233  0.519455  0.392953  0.631324  0.681467  0.424945 0.0  0.535494  0.450850  0.637630  0.401383  0.479200  0.663780  0.616265  0.442904  0.647838  0.479182  0.799079  0.619217  0.497761  0.589355  0.648779  0.350744  0.701324  0.593784  0.466900  0.639885  0.715080  0.552033  0.650123  0.437548  0.605315  0.500014  0.576654  0.573785  0.475109  0.384425  0.582657  0.485475  0.869089  0.453488  0.624021  0.688401  0.448897  0.537650  0.338921  0.413574  0.842131  0.418842  0.328367  0.724864  0.877471  0.459260  0.450754  0.523881  0.537277  0.316771  0.785310  0.462490  0.441469  0.494464  0.397880  0.600579  0.405806  0.336766  0.405712  0.331182  0.369614  0.363136  0.603745  0.662489  0.610447  0.589091  0.544558  0.560003  0.671376  0.423127  0.627607  0.503690  0.498559  0.602247  0.536183  0.807934  0.373322  0.657662  0.659034  0.406925  0.391780  0.625033  0.637909  0.557116  0.466756 
13  0.454871  0.477542  0.412038  0.317454  0.295725  0.520732  0.352815  0.476957  0.419352  0.663744  0.567531  0.503787  0.535494 0.0  0.388802  0.327980  0.372235  0.459421  0.711711  0.466710  0.451375  0.518916  0.378219  0.608883  0.526474  0.475179  0.431815  0.491944  0.418481  0.620986  0.562279  0.201548  0.555984  0.711925  0.597103  0.452650  0.383932  0.423083  0.506133  0.365182  0.496476  0.485799  0.517659  0.380273  0.376634  0.709047  0.365166  0.500484  0.461929  0.276645  0.204171  0.423055  0.532437  0.689632  0.455788  0.442720  0.666971  0.680888  0.424456  0.661877  0.495732  0.303743  0.371461  0.734915  0.399231  0.394525  0.519654  0.473004  0.336514  0.396642  0.472959  0.345311  0.440651  0.541463  0.386570  0.455129  0.767987  0.715851  0.500977  0.380670  0.656761  0.447662  0.426104  0.618291  0.393282  0.451066  0.484471  0.551598  0.673310  0.373723  0.552178  0.433762  0.527183  0.551653  0.605385  0.570292  0.575177  0.526815 
14  0.349879  0.366037  0.249955  0.530545  0.385091  0.670471  0.452129  0.556257  0.208577  0.580244  0.681553  0.441909  0.450850  0.388802 0.0  0.520208  0.351094  0.309228  0.659744  0.623465  0.453234  0.454647  0.415691  0.681996  0.594956  0.425988  0.507185  0.466897  0.442594  0.700418  0.548942  0.458168  0.630618  0.779051  0.466817  0.552008  0.394385  0.680658  0.365790  0.483073  0.528547  0.592876  0.513707  0.453474  0.476247  0.691179  0.347533  0.530778  0.653837  0.387075  0.425695  0.302141  0.407440  0.683453  0.538337  0.446070  0.753361  0.760218  0.532507  0.546390  0.546980  0.489004  0.302070  0.738338  0.522094  0.464650  0.516553  0.436790  0.447950  0.519453  0.415343  0.336879  0.471035  0.419415  0.367489  0.629355  0.641757  0.724347  0.580164  0.497465  0.612373  0.565325  0.373849  0.678797  0.441474  0.532033  0.513796  0.485758  0.676360  0.467475  0.643749  0.532892  0.427265  0.449967  0.745414  0.540152  0.616691  0.454701 
15  0.502772  0.584799  0.520008  0.377102  0.655360  0.479782  0.379514  0.455873  0.507228  0.525098  0.562171  0.487497  0.637630  0.327980  0.520208 0.0  0.464027  0.519599  0.625829  0.548861  0.494371  0.557193  0.552118  0.554492  0.733238  0.514087  0.438158  0.444846  0.514363  0.767674  0.548984  0.368150  0.666254  0.598883  0.241474  0.396968  0.522618  0.604273  0.545511  0.468160  0.404676  0.458081  0.440550  0.394528  0.518505  0.773282  0.475853  0.416777  0.461038  0.343273  0.425490  0.457593  0.495208  0.628313  0.550402  0.550339  0.672029  0.706768  0.413350  0.648565  0.492893  0.413133  0.439238  0.761686  0.461183  0.482571  0.530348  0.482753  0.241031  0.485619  0.471194  0.511479  0.542314  0.390638  0.494694  0.534090  0.618381  0.675827  0.356564  0.428603  0.544236  0.428117  0.464956  0.594649  0.434087  0.256908  0.475022  0.466732  0.744325  0.561388  0.534097  0.563316  0.497683  0.442573  0.625716  0.521055  0.494682  0.539597 
16  0.460275  0.478703  0.503312  0.429883  0.480620  0.399131  0.379972  0.593813  0.317810  0.598524  0.577448  0.435051  0.401383  0.372235  0.351094  0.464027 0.0  0.646260  0.647414  0.616932  0.445025  0.570382  0.421914  0.531231  0.677268  0.442259  0.534815  0.445432  0.464707  0.874327  0.600593  0.389301  0.586477  0.666200  0.387049  0.545752  0.390884  0.590598  0.353574  0.452677  0.480414  0.438999  0.421157  0.445986  0.507918  0.726087  0.399084  0.505900  0.516744  0.410151  0.414998  0.565296  0.354002  0.650135  0.463465  0.374698  0.779686  0.731157  0.412181  0.515668  0.558232  0.456732  0.364972  0.868795  0.459508  0.366838  0.623093  0.476787  0.468743  0.313870  0.378861  0.444861  0.451546  0.644096  0.449515  0.594508  0.533943  0.638214  0.504363  0.398083  0.612447  0.478227  0.306290  0.567199  0.445978  0.455687  0.425140  0.695098  0.722017  0.492365  0.752780  0.648084  0.418626  0.524147  0.745043  0.489709  0.592673  0.471549 
17  0.376051  0.529998  0.340171  0.435530  0.348321  0.412663  0.472215  0.570785  0.312529  0.636368  0.625353  0.433514  0.479200  0.459421  0.309228  0.519599  0.646260 0.0  0.651210  0.706119  0.403814  0.527354  0.362688  0.658629  0.437481  0.383666  0.580997  0.581863  0.414142  0.702021  0.613894  0.468104  0.702745  0.601715  0.531424  0.626850  0.304032  0.604566  0.451497  0.507822  0.559359  0.572078  0.459532  0.329770  0.373418  0.789545  0.371111  0.535994  0.555520  0.492426  0.405910  0.312395  0.274707  0.704581  0.389740  0.318409  0.629256  0.786092  0.637761  0.594929  0.537048  0.352336  0.402136  0.865809  0.423965  0.275890  0.548295  0.362617  0.506087  0.372762  0.314567  0.516729  0.402077  0.420106  0.273965  0.662662  0.654158  0.688169  0.666566  0.418984  0.728847  0.530703  0.515938  0.532550  0.440220  0.484510  0.668589  0.601283  0.775403  0.275404  0.660677  0.593133  0.385111  0.328445  0.649630  0.485865  0.714101  0.614365 
18  0.584642  0.705916  0.567939  0.616319  0.688822  0.612354  0.681765  0.575629  0.534709  0.390050  0.432053  0.511996  0.663780  0.711711  0.659744  0.625829  0.647414  0.651210 0.0  0.501137  0.655297  0.642659  0.539397  0.779725  0.591234  0.552301  0.572333  0.557659  0.512500  0.901693  0.580252  0.609573  0.544620  0.844410  0.563497  0.719412  0.688993  0.724962  0.590295  0.653987  0.564453  0.556425  0.638854  0.602146  0.502095  0.819705  0.574790  0.585636  0.628197  0.639973  0.650256  0.643260  0.638964  0.784274  0.548950  0.633277  0.786789  1.000000  0.575954  0.444374  0.596976  0.532000  0.460969  0.779946  0.671586  0.629493  0.576291  0.587805  0.613428  0.517322  0.528022  0.670455  0.655122  0.574402  0.509681  0.637458  0.746719  0.629858  0.583891  0.680836  0.218034  0.552964  0.563348  0.638935  0.732166  0.583952  0.618970  0.695012  0.879923  0.536449  0.631776  0.646147  0.641442  0.618027  0.703281  0.578716  0.510016  0.640112 
19  0.627627  0.571177  0.681076  0.521545  0.567181  0.631191  0.625054  0.592717  0.613726  0.547288  0.677147  0.735112  0.616265  0.466710  0.623465  0.548861  0.616932  0.706119  0.501137 0.0  0.598954  0.364944  0.551772  0.615320  0.507796  0.499347  0.524469  0.535077  0.590481  0.670387  0.398426  0.479820  0.272241  0.673971  0.543191  0.421367  0.738677  0.503770  0.646336  0.530384  0.661796  0.453669  0.490794  0.680706  0.536021  0.727105  0.629156  0.508223  0.554671  0.757694  0.522271  0.650574  0.559451  0.790068  0.526611  0.561776  0.730649  0.721988  0.554351  0.528101  0.518369  0.592873  0.510170  0.695918  0.584021  0.531060  0.376067  0.670895  0.639732  0.608870  0.703454  0.580891  0.610141  0.747308  0.608076  0.289206  0.733225  0.690856  0.557425  0.681798  0.544764  0.621934  0.624630  0.617544  0.462419  0.422196  0.679005  0.344621  0.724463  0.721311  0.305941  0.313947  0.707255  0.579623  0.581330  0.488373  0.633161  0.490596 
20  0.391259  0.472343  0.430615  0.410596  0.529225  0.393340  0.394176  0.613170  0.363910  0.645667  0.605572  0.479636  0.442904  0.451375  0.453234  0.494371  0.445025  0.403814  0.655297  0.598954 0.0  0.460542  0.330825  0.636337  0.568869  0.413463  0.552054  0.628811  0.358183  0.754589  0.568107  0.363692  0.627918  0.621890  0.477617  0.634361  0.295196  0.636970  0.490444  0.351783  0.329570  0.547888  0.459604  0.376572  0.479957  0.691261  0.403527  0.533885  0.494025  0.411208  0.405860  0.402400  0.318401  0.659984  0.409751  0.368953  0.595301  0.773046  0.463431  0.529398  0.392218  0.429465  0.426197  0.708796  0.440172  0.406913  0.459306  0.339325  0.417382  0.289236  0.347750  0.350451  0.330663  0.510341  0.325238  0.624104  0.613044  0.696266  0.563876  0.552575  0.552866  0.510467  0.267590  0.571044  0.390551  0.383022  0.482013  0.541785  0.859817  0.356297  0.734952  0.461733  0.385753  0.392984  0.668443  0.600193  0.661076  0.517064 
21  0.546548  0.556382  0.563926  0.527450  0.628495  0.656005  0.406803  0.634265  0.503932  0.486653  0.624289  0.724059  0.647838  0.518916  0.454647  0.557193  0.570382  0.527354  0.642659  0.364944  0.460542 0.0  0.540449  0.569368  0.513491  0.645919  0.678247  0.376822  0.602479  0.734514  0.512730  0.437345  0.397091  0.585983  0.425699  0.389266  0.660197  0.553072  0.773599  0.496079  0.477124  0.395239  0.543702  0.487912  0.474587  0.653091  0.562204  0.571703  0.521640  0.499135  0.513598  0.519076  0.576715  0.591956  0.672937  0.646876  0.677273  0.785401  0.605944  0.744060  0.479051  0.556864  0.477713  0.765594  0.481101  0.528855  0.348730  0.492245  0.572266  0.613489  0.515425  0.534951  0.554276  0.672023  0.545936  0.218818  0.629958  0.633599  0.555373  0.595990  0.616021  0.518234  0.636382  0.613098  0.481396  0.419294  0.527814  0.405341  0.653515  0.534514  0.423756  0.371505  0.562512  0.564143  0.531283  0.463576  0.612081  0.469524 
22  0.332772  0.534045  0.379866  0.455193  0.304590  0.313979  0.424502  0.539756  0.300192  0.671437  0.676390  0.315682  0.479182  0.378219  0.415691  0.552118  0.421914  0.362688  0.539397  0.551772  0.330825  0.540449 0.0  0.655408  0.523317  0.413984  0.498791  0.463963  0.409120  0.719359  0.689754  0.387080  0.633600  0.734050  0.413099  0.581174  0.419731  0.673902  0.409293  0.495798  0.585379  0.526847  0.418184  0.525241  0.469433  0.803410  0.326722  0.566233  0.642973  0.440866  0.517566  0.341255  0.327920  0.748413  0.360187  0.269293  0.659638  0.817578  0.537287  0.539919  0.464401  0.466201  0.409860  0.796637  0.430042  0.288435  0.486842  0.359830  0.546913  0.322440  0.410006  0.503435  0.392164  0.311527  0.399723  0.695820  0.714623  0.704376  0.599759  0.453122  0.562780  0.534974  0.290450  0.590816  0.427603  0.601366  0.627282  0.557089  0.735685  0.438599  0.646112  0.568911  0.296230  0.483006  0.621032  0.532935  0.539465  0.615897 
23  0.642227  0.770410  0.617428  0.732526  0.643554  0.545936  0.623206  0.693250  0.573482  0.643760  0.535130  0.598762  0.799079  0.608883  0.681996  0.554492  0.531231  0.658629  0.779725  0.615320  0.636337  0.569368  0.655408 0.0  0.624217  0.724020  0.597239  0.569159  0.614154  0.774277  0.555853  0.536955  0.635025  0.651737  0.527838  0.509695  0.710632  0.772440  0.582854  0.526678  0.488914  0.606048  0.544340  0.601035  0.680706  0.724763  0.677706  0.626726  0.651293  0.613152  0.579307  0.646359  0.649397  0.504655  0.794563  0.639225  0.733129  0.656846  0.744795  0.836455  0.663291  0.730193  0.568026  0.641652  0.669673  0.575551  0.580368  0.701033  0.587618  0.682247  0.738792  0.641801  0.735609  0.778929  0.657853  0.633784  0.589057  0.566888  0.710675  0.545636  0.593984  0.631020  0.622903  0.310598  0.580012  0.618825  0.457900  0.537711  0.702494  0.577766  0.585515  0.590221  0.690220  0.692124  0.354277  0.701504  0.507739  0.590732 
24  0.599226  0.674754  0.588593  0.447902  0.565991  0.491116  0.498749  0.666795  0.602259  0.663317  0.577917  0.690931  0.619217  0.526474  0.594956  0.733238  0.677268  0.437481  0.591234  0.507796  0.568869  0.513491  0.523317  0.624217 0.0  0.469093  0.647405  0.452848  0.576182  0.667546  0.634757  0.570412  0.620952  0.578949  0.569055  0.467481  0.502494  0.543515  0.594294  0.485854  0.352136  0.450896  0.526276  0.588996  0.678330  0.772082  0.564191  0.594495  0.481164  0.531245  0.541153  0.507522  0.446745  0.606177  0.630938  0.491711  0.603470  0.782763  0.547443  0.617904  0.330068  0.462809  0.520631  0.758199  0.568812  0.651649  0.521852  0.456128  0.635523  0.485508  0.494138  0.488185  0.516303  0.581276  0.489400  0.435059  0.749784  0.746914  0.777881  0.649389  0.652058  0.337749  0.584511  0.555895  0.485076  0.365602  0.598285  0.437197  0.745658  0.504895  0.568054  0.579114  0.553311  0.685048  0.576393  0.414730  0.583365  0.486671 
25  0.442989  0.533370  0.399455  0.488502  0.455158  0.419736  0.408086  0.651728  0.401843  0.648902  0.658141  0.417796  0.497761  0.475179  0.425988  0.514087  0.442259  0.383666  0.552301  0.499347  0.413463  0.645919  0.413984  0.724020  0.469093 0.0  0.593507  0.610880  0.442427  0.831374  0.686837  0.403651  0.522415  0.762431  0.527006  0.694919  0.371081  0.594579  0.440481  0.508938  0.529748  0.575257  0.492236  0.580854  0.534097  0.870118  0.355256  0.609941  0.663850  0.449908  0.452431  0.464611  0.302721  0.779475  0.413150  0.443045  0.651178  0.860696  0.566790  0.505880  0.543416  0.430253  0.366427  0.728212  0.431092  0.379392  0.567606  0.419373  0.572398  0.413844  0.339264  0.381561  0.335099  0.340073  0.409739  0.618459  0.679672  0.588158  0.664999  0.591231  0.679989  0.539530  0.384144  0.628440  0.503707  0.526915  0.749255  0.735649  0.701619  0.342463  0.594099  0.531099  0.353366  0.400549  0.617994  0.516179  0.625424  0.571883 
26  0.560605  0.272225  0.597916  0.564501  0.711339  0.417480  0.413322  0.502107  0.636674  0.598658  0.607030  0.411920  0.589355  0.431815  0.507185  0.438158  0.534815  0.580997  0.572333  0.524469  0.552054  0.678247  0.498791  0.597239  0.647405  0.593507 0.0  0.603783  0.632145  0.863585  0.542894  0.484933  0.628745  0.911526  0.561800  0.579172  0.499046  0.287892  0.450783  0.559983  0.556843  0.692293  0.387874  0.563041  0.522669  0.878083  0.575212  0.516456  0.582573  0.491019  0.529190  0.582924  0.490241  0.660538  0.490718  0.539341  0.740300  0.862881  0.447802  0.567561  0.747381  0.324375  0.601675  0.853484  0.376450  0.449117  0.650331  0.632844  0.384434  0.506314  0.611713  0.605253  0.636261  0.481973  0.479880  0.698959  0.743010  0.705683  0.556406  0.569219  0.614405  0.755809  0.501597  0.758727  0.490639  0.509807  0.516946  0.707562  0.968156  0.558450  0.600968  0.669722  0.513538  0.409419  0.713357  0.614476  0.670549  0.594282 
27  0.576331  0.621139  0.528974  0.371647  0.466951  0.550782  0.511833  0.637360  0.573528  0.511961  0.655968  0.494888  0.648779  0.491944  0.466897  0.444846  0.445432  0.581863  0.557659  0.535077  0.628811  0.376822  0.463963  0.569159  0.452848  0.610880  0.603783 0.0  0.591247  0.710512  0.593120  0.517303  0.548824  0.668805  0.428123  0.318800  0.518324  0.622053  0.667107  0.427651  0.364703  0.583354  0.549133  0.550012  0.644595  0.632916  0.543621  0.660049  0.473076  0.541212  0.562814  0.522014  0.606290  0.719856  0.598502  0.573435  0.641900  0.795808  0.516704  0.645710  0.411043  0.576298  0.569544  0.737431  0.584485  0.505479  0.577010  0.582335  0.412415  0.537868  0.487714  0.532889  0.402060  0.543944  0.568889  0.558707  0.661715  0.723838  0.689185  0.415478  0.735832  0.367540  0.590373  0.464639  0.590625  0.417933  0.538416  0.432661  0.657830  0.487680  0.487702  0.611046  0.462898  0.644378  0.611100  0.409880  0.613022  0.569560 
28  0.451932  0.518589  0.330574  0.448809  0.400044  0.377865  0.452786  0.543055  0.344322  0.675646  0.575622  0.436330  0.350744  0.418481  0.442594  0.514363  0.464707  0.414142  0.512500  0.590481  0.358183  0.602479  0.409120  0.614154  0.576182  0.442427  0.632145  0.591247 0.0  0.614932  0.600841  0.436229  0.635809  0.714445  0.504805  0.615487  0.371041  0.710316  0.516903  0.438717  0.579748  0.562447  0.536210  0.507672  0.534683  0.797250  0.446507  0.575499  0.523837  0.506664  0.466470  0.396897  0.321291  0.833190  0.294960  0.367145  0.681670  0.781838  0.563493  0.460101  0.530086  0.471125  0.433909  0.804849  0.427191  0.456557  0.594720  0.390457  0.488830  0.325705  0.350319  0.508443  0.481656  0.295238  0.366107  0.648446  0.670521  0.662371  0.553727  0.516682  0.613081  0.564022  0.404039  0.669284  0.344164  0.608224  0.589070  0.631310  0.757527  0.321227  0.503925  0.573839  0.406608  0.517158  0.649411  0.541010  0.712708  0.565336 
29  0.750108  0.784738  0.690204  0.662190  0.726935  0.806166  0.694333  0.762250  0.696853  0.759787  0.754167  0.773270  0.701324  0.620986  0.700418  0.767674  0.874327  0.702021  0.901693  0.670387  0.754589  0.734514  0.719359  0.774277  0.667546  0.831374  0.863585  0.710512  0.614932 0.0  0.772029  0.731679  0.783249  0.584516  0.705887  0.713413  0.684144  0.820445  0.800240  0.668536  0.681131  0.667217  0.825603  0.773198  0.697114  0.282007  0.752184  0.754706  0.697475  0.616223  0.725468  0.765161  0.708026  0.423174  0.699030  0.724971  0.677610  0.535289  0.671279  0.983089  0.726414  0.608516  0.916879  0.570127  0.765426  0.740577  0.717114  0.762587  0.751597  0.750840  0.796840  0.607340  0.758376  0.766662  0.764670  0.647440  0.653653  0.830940  0.789255  0.718256  0.885599  0.717640  0.646986  0.673245  0.757316  0.770254  0.889782  0.669882  0.835363  0.683639  0.756026  0.699310  0.673190  0.765714  0.665505  0.545540  0.939855  0.792018 
30  0.588143  0.674217  0.665826  0.459634  0.646573  0.557313  0.557117  0.469462  0.582513  0.684512  0.535090  0.576869  0.593784  0.562279  0.548942  0.548984  0.600593  0.613894  0.580252  0.398426  0.568107  0.512730  0.689754  0.555853  0.634757  0.686837  0.542894  0.593120  0.600841  0.772029 0.0  0.564694  0.410446  0.669150  0.495797  0.562081  0.586497  0.539487  0.598496  0.553400  0.367148  0.626234  0.647991  0.532701  0.661134  0.728180  0.712604  0.615730  0.372075  0.606643  0.571401  0.548319  0.663545  0.714989  0.626196  0.614479  0.818040  0.837438  0.555792  0.590959  0.495580  0.600095  0.596757  0.726696  0.539370  0.566797  0.362919  0.678716  0.561967  0.654660  0.607968  0.617662  0.660151  0.556679  0.651934  0.439728  0.594268  0.676969  0.597713  0.565313  0.492749  0.530578  0.668247  0.609472  0.562415  0.560872  0.656465  0.442255  0.827239  0.663036  0.504296  0.436383  0.584145  0.552816  0.658277  0.555283  0.549345  0.543121 
31  0.464857  0.284370  0.555038  0.412908  0.391614  0.529465  0.448168  0.457913  0.493572  0.544490  0.633458  0.572805  0.466900  0.201548  0.458168  0.368150  0.389301  0.468104  0.609573  0.479820  0.363692  0.437345  0.387080  0.536955  0.570412  0.403651  0.484933  0.517303  0.436229  0.731679  0.564694 0.0  0.594561  0.557330  0.460098  0.505450  0.391730  0.515298  0.484993  0.379001  0.381184  0.372871  0.457224  0.444305  0.467872  0.755108  0.426441  0.409083  0.629100  0.332160  0.237334  0.436543  0.466565  0.738136  0.460518  0.535117  0.672100  0.676268  0.460400  0.565331  0.586343  0.166560  0.485031  0.827218  0.387307  0.402898  0.518368  0.423518  0.328827  0.469508  0.522411  0.385265  0.462825  0.591280  0.514059  0.464967  0.635451  0.616268  0.553148  0.527365  0.680660  0.488368  0.400870  0.571128  0.354482  0.401283  0.540367  0.556145  0.769306  0.483010  0.586487  0.467653  0.436655  0.524901  0.561433  0.488321  0.576620  0.544475 
32  0.579295  0.630826  0.641931  0.622409  0.598627  0.752386  0.491127  0.607773  0.701778  0.529210  0.521092  0.656503  0.639885  0.555984  0.630618  0.666254  0.586477  0.702745  0.544620  0.272241  0.627918  0.397091  0.633600  0.635025  0.620952  0.522415  0.628745  0.548824  0.635809  0.783249  0.410446  0.594561 0.0  0.685949  0.426424  0.652153  0.621474  0.457512  0.638068  0.428849  0.492781  0.595996  0.567277  0.685384  0.615942  0.678753  0.510705  0.629393  0.560865  0.601195  0.506774  0.712714  0.784554  0.686716  0.505614  0.664702  0.841187  0.721318  0.565671  0.573330  0.578851  0.501044  0.634591  0.716045  0.590871  0.743520  0.451316  0.716434  0.584412  0.630554  0.631421  0.613764  0.603714  0.652852  0.642403  0.424849  0.571858  0.661317  0.519849  0.579824  0.586705  0.592642  0.676789  0.652209  0.494989  0.559208  0.691568  0.306169  0.697031  0.664661  0.341954  0.295070  0.542151  0.641671  0.675739  0.417893  0.568038  0.511947 
33  0.587164  0.783156  0.619716  0.684203  0.723538  0.763075  0.754092  0.770886  0.604806  0.681376  0.813217  0.747965  0.715080  0.711925  0.779051  0.598883  0.666200  0.601715  0.844410  0.673971  0.621890  0.585983  0.734050  0.651737  0.578949  0.762431  0.911526  0.668805  0.714445  0.584516  0.669150  0.557330  0.685949 0.0  0.643035  0.690166  0.686040  0.660554  0.774347  0.653547  0.799621  0.665474  0.674261  0.620359  0.688672  0.692875  0.656293  0.789313  0.689366  0.617666  0.630884  0.582411  0.736325  0.649455  0.717122  0.781043  0.454467  0.682238  0.764642  0.686018  0.695371  0.590939  0.843165  0.753905  0.733344  0.803227  0.643879  0.639883  0.678409  0.845634  0.633557  0.634471  0.662367  0.726147  0.669516  0.602502  0.261622  0.668757  0.564068  0.665192  0.898134  0.655501  0.730560  0.768132  0.673687  0.668817  0.586762  0.637373  0.418915  0.787773  0.670140  0.684250  0.626723  0.615047  0.501693  0.639935  0.777441  0.627900 
34  0.676851  0.600738  0.570821  0.449268  0.454082  0.562778  0.498406  0.581476  0.491072  0.477070  0.413295  0.535144  0.552033  0.597103  0.466817  0.241474  0.387049  0.531424  0.563497  0.543191  0.477617  0.425699  0.413099  0.527838  0.569055  0.527006  0.561800  0.428123  0.504805  0.705887  0.495797  0.460098  0.426424  0.643035 0.0  0.504809  0.425137  0.563857  0.500136  0.393950  0.347627  0.450064  0.347983  0.397804  0.524674  0.729687  0.502099  0.439117  0.414342  0.439924  0.426781  0.527452  0.434821  0.660507  0.566050  0.380965  0.784690  0.559774  0.550109  0.628170  0.435327  0.432784  0.592261  0.837726  0.518214  0.418488  0.440528  0.576819  0.434370  0.462143  0.429247  0.532681  0.501349  0.585397  0.557096  0.503053  0.656701  0.597831  0.527967  0.378592  0.522326  0.380235  0.455405  0.481856  0.478085  0.290729  0.501155  0.454352  0.629738  0.498097  0.501871  0.497918  0.599373  0.540767  0.412666  0.383826  0.516323  0.432219 
35  0.665654  0.610495  0.523331  0.387059  0.578176  0.633079  0.483192  0.672674  0.541738  0.447358  0.639326  0.685663  0.650123  0.452650  0.552008  0.396968  0.545752  0.626850  0.719412  0.421367  0.634361  0.389266  0.581174  0.509695  0.467481  0.694919  0.579172  0.318800  0.615487  0.713413  0.562081  0.505450  0.652153  0.690166  0.504809 0.0  0.621712  0.662932  0.596176  0.555245  0.308450  0.534025  0.607164  0.555047  0.728676  0.805961  0.340578  0.499348  0.572272  0.500346  0.539130  0.596681  0.621027  0.639322  0.618492  0.645050  0.669270  0.704667  0.556191  0.667638  0.437819  0.514788  0.604333  0.771382  0.583462  0.457697  0.590898  0.490457  0.453208  0.653753  0.437954  0.507905  0.579990  0.708117  0.668948  0.401780  0.736715  0.615556  0.636912  0.536721  0.695751  0.256462  0.604843  0.569127  0.539698  0.558410  0.495315  0.569219  0.828579  0.685432  0.544857  0.475283  0.452797  0.586361  0.662185  0.490049  0.661034  0.584683 
36  0.369947  0.649805  0.473108  0.532020  0.408683  0.509194  0.458719  0.549663  0.444654  0.622507  0.644224  0.478513  0.437548  0.383932  0.394385  0.522618  0.390884  0.304032  0.688993  0.738677  0.295196  0.660197  0.419731  0.710632  0.502494  0.371081  0.499046  0.518324  0.371041  0.684144  0.586497  0.391730  0.621474  0.686040  0.425137  0.621712 0.0  0.516459  0.363388  0.433760  0.504140  0.697638  0.433302  0.520961  0.412428  0.585926  0.411918  0.480823  0.504102  0.425868  0.392525  0.379533  0.361337  0.868720  0.524603  0.405511  0.525413  0.730799  0.555772  0.654263  0.507926  0.385322  0.316134  0.921740  0.346439  0.394844  0.564152  0.444285  0.414680  0.278758  0.376895  0.326823  0.450298  0.381140  0.556120  0.632340  0.760341  0.703085  0.496244  0.471948  0.675509  0.544351  0.297591  0.601342  0.515719  0.511080  0.532813  0.577142  0.784144  0.365575  0.630632  0.489036  0.400396  0.507280  0.691172  0.514521  0.726915  0.548591 
37  0.531242  0.461054  0.529498  0.483660  0.690555  0.549888  0.491464  0.269014  0.603322  0.519346  0.771867  0.610658  0.605315  0.423083  0.680658  0.604273  0.590598  0.604566  0.724962  0.503770  0.636970  0.553072  0.673902  0.772440  0.543515  0.594579  0.287892  0.622053  0.710316  0.820445  0.539487  0.515298  0.457512  0.660554  0.563857  0.662932  0.516459 0.0  0.474994  0.598952  0.633772  0.627781  0.635348  0.589350  0.457419  0.842661  0.591382  0.537739  0.723749  0.524629  0.464655  0.582601  0.675000  0.922723  0.551423  0.631191  0.791468  0.751671  0.520143  0.379517  0.646147  0.532839  0.472656  0.778745  0.434200  0.616712  0.705697  0.590181  0.497535  0.632614  0.731587  0.542959  0.558690  0.536201  0.601835  0.631969  0.836795  0.687776  0.391953  0.518362  0.667955  0.576744  0.512679  0.733028  0.546980  0.564057  0.553219  0.599991  0.831680  0.614137  0.509540  0.539007  0.689514  0.541664  0.724770  0.594548  0.581187  0.665915 
38  0.466438  0.475030  0.427582  0.421634  0.447628  0.507336  0.477294  0.495652  0.424387  0.636287  0.608123  0.450484  0.500014  0.506133  0.365790  0.545511  0.353574  0.451497  0.590295  0.646336  0.490444  0.773599  0.409293  0.582854  0.594294  0.440481  0.450783  0.667107  0.516903  0.800240  0.598496  0.484993  0.638068  0.774347  0.500136  0.596176  0.363388  0.474994 0.0  0.460132  0.544729  0.727735  0.564556  0.606275  0.416717  0.891489  0.356435  0.488818  0.557974  0.454940  0.402993  0.448012  0.483312  0.799811  0.349454  0.355993  0.690291  0.785909  0.496937  0.540999  0.537083  0.541489  0.427078  0.864979  0.513059  0.443761  0.625580  0.487570  0.593087  0.514050  0.491850  0.614000  0.542274  0.458030  0.386872  0.549471  0.686918  0.735263  0.518594  0.597095  0.499866  0.693532  0.435598  0.705742  0.447519  0.537259  0.546114  0.636858  0.754808  0.420927  0.666279  0.725672  0.566690  0.441841  0.693573  0.624322  0.551981  0.554301 
39  0.517277  0.554592  0.472500  0.426768  0.486362  0.440859  0.401696  0.614473  0.565218  0.592139  0.613901  0.667732  0.576654  0.365182  0.483073  0.468160  0.452677  0.507822  0.653987  0.530384  0.351783  0.496079  0.495798  0.526678  0.485854  0.508938  0.559983  0.427651  0.438717  0.668536  0.553400  0.379001  0.428849  0.653547  0.393950  0.555245  0.433760  0.598952  0.460132 0.0  0.468878  0.415327  0.396290  0.503557  0.532236  0.612534  0.551781  0.533448  0.560504  0.394900  0.422285  0.414630  0.432574  0.666835  0.567007  0.446880  0.727312  0.586396  0.439321  0.562444  0.534730  0.340053  0.451515  0.729468  0.531334  0.484694  0.484478  0.438077  0.471850  0.475571  0.501410  0.413292  0.529816  0.585472  0.471331  0.471643  0.624667  0.706709  0.446895  0.481711  0.636331  0.434740  0.411873  0.652887  0.462406  0.477018  0.536393  0.485276  0.626485  0.505214  0.427656  0.418861  0.506704  0.552956  0.661511  0.453887  0.797581  0.495381 
