98
0 0.0  0.508552  0.520364  0.300617  0.568916  0.456660  0.590191  0.345023  0.429106  0.588195  0.516290  0.561080  0.416188  0.458197  0.474045  0.900314  0.260042  0.437822  0.734197  0.454889  0.802800  0.433657  0.707131  0.758112  0.464336  0.515272  0.490380  0.342199  0.507157  0.426051  0.473676  0.643482  0.554173  0.285220  0.843858  0.384070  0.379479  0.629925  0.829354  0.521872  0.506627  0.505910  0.602828  0.363461  0.566155  0.419512  0.579454  0.575038  0.352459  0.365684  0.399529  0.374183  0.481677  0.447225  0.680464  0.642654  0.327918  0.337596  0.468460  0.506649  0.299589  0.586817  0.260951  0.482751  0.361472  0.573921  0.559272  0.432014  0.583900  0.590151  0.656322  0.341290  0.334183  0.448559  0.345769  0.471903  0.506451  0.504496  0.523160  0.573442  0.551627  0.748865  0.510200  0.484589  0.582255  0.510638  0.750501  0.436189  0.486197  0.450393  0.366931  0.415198  0.327378  0.563189  0.508964  0.421578  0.303361  0.589850 
1  0.508552 0.0  0.547180  0.458576  0.532400  0.432590  0.515188  0.494743  0.489962  0.387070  0.370552  0.455868  0.385867  0.500122  0.471716  0.630244  0.402127  0.549799  0.474607  0.275193  0.513227  0.467994  0.489016  0.702931  0.488001  0.504189  0.504228  0.539642  0.454029  0.554301  0.352063  0.634241  0.430198  0.565497  0.791773  0.516668  0.482085  0.678528  0.759492  0.513984  0.575953  0.464668  0.481070  0.349407  0.516982  0.464840  0.471534  0.521943  0.384668  0.445593  0.455236  0.530280  0.356565  0.454254  0.605041  0.409628  0.629678  0.566203  0.392814  0.407084  0.524004  0.601677  0.542997  0.553367  0.438821  0.548543  0.394358  0.575526  0.461461  0.528133  0.461057  0.532305  0.471197  0.422960  0.523202  0.487044  0.431849  0.587369  0.502747  0.510774  0.517405  0.795710  0.332163  0.392186  0.556308  0.518974  0.732263  0.484033  0.470985  0.485213  0.432205  0.431675  0.341459  0.528851  0.406786  0.407510  0.552367  0.580308 
2  0.520364  0.547180 0.0  0.402530  0.394109  0.382306  0.524010  0.671686  0.488155  0.308133  0.377488  0.436285  0.495210  0.556839  0.648637  0.641308  0.571679  0.769566  0.492714  0.422919  0.604107  0.593070  0.541758  0.711912  0.559552  0.438344  0.461881  0.531316  0.483347  0.403247  0.555730  0.641629  0.300279  0.606990  0.665025  0.555103  0.491797  0.718628  0.697414  0.570364  0.599597  0.536256  0.474969  0.462732  0.630163  0.485536  0.517031  0.503218  0.538598  0.502753  0.505145  0.613081  0.453778  0.563225  0.666422  0.374827  0.556589  0.557959  0.586185  0.589755  0.628335  0.551715  0.527845  0.595868  0.525438  0.571267  0.417872  0.488707  0.549216  0.608828  0.416568  0.523743  0.580655  0.570075  0.503523  0.578528  0.495093  0.589674  0.593757  0.564105  0.560007  0.747726  0.485406  0.573323  0.532070  0.595779  0.708161  0.588927  0.538563  0.480612  0.589237  0.606885  0.604971  0.491200  0.546405  0.559394  0.619777  0.354093 
3  0.300617  0.458576  0.402530 0.0  0.526428  0.516935  0.602084  0.467683  0.354075  0.553872  0.538989  0.647623  0.623845  0.479596  0.528850  0.711351  0.373336  0.383047  0.638166  0.434627  0.690711  0.365645  0.644442  0.641092  0.374809  0.462912  0.365522  0.288754  0.383369  0.467517  0.436045  0.521892  0.600441  0.268832  0.868040  0.458951  0.333997  0.662110  0.801237  0.564391  0.608858  0.616433  0.441841  0.247397  0.462836  0.376190  0.400228  0.519241  0.317741  0.355612  0.397617  0.342893  0.486780  0.262067  0.681262  0.526418  0.356822  0.330908  0.346838  0.520406  0.362629  0.603390  0.198005  0.375258  0.293256  0.716219  0.532922  0.314040  0.551852  0.446194  0.462115  0.226060  0.293005  0.387028  0.367470  0.340050  0.355487  0.561651  0.377010  0.441922  0.672697  0.701872  0.544543  0.413153  0.622420  0.498780  0.660362  0.333494  0.530611  0.484987  0.180266  0.396245  0.486638  0.491726  0.561135  0.476298  0.397062  0.511433 
4  0.568916  0.532400  0.394109  0.526428 0.0  0.447956  0.270751  0.558329  0.582044  0.491360  0.499745  0.584731  0.512144  0.543458  0.614741  0.648119  0.581485  0.412704  0.540626  0.415920  0.644817  0.630519  0.531505  0.612060  0.509335  0.407722  0.499626  0.599196  0.471795  0.453902  0.468511  0.636076  0.544092  0.574541  0.701251  0.517175  0.614137  0.642701  0.661923  0.317977  0.468499  0.521638  0.325939  0.549978  0.316750  0.588251  0.409554  0.612807  0.558367  0.547904  0.454040  0.604337  0.465354  0.508493  0.649183  0.437179  0.644835  0.527218  0.419605  0.328021  0.495293  0.227420  0.562344  0.573627  0.653368  0.294070  0.500165  0.632886  0.454638  0.496083  0.377106  0.532029  0.556980  0.493520  0.597673  0.507627  0.673132  0.500153  0.529952  0.556845  0.542722  0.582439  0.472473  0.401730  0.728116  0.624827  0.636318  0.592738  0.598574  0.472849  0.626094  0.681930  0.426302  0.517851  0.548264  0.607565  0.583206  0.333093 
5  0.456660  0.432590  0.382306  0.516935  0.447956 0.0  0.487059  0.526254  0.439898  0.344259  0.371359  0.508361  0.517755  0.369603  0.587890  0.650522  0.556795  0.555048  0.544606  0.465231  0.607623  0.538412  0.502806  0.693189  0.560049  0.362232  0.519823  0.478909  0.493405  0.379015  0.462593  0.512488  0.275973  0.412656  0.684722  0.435042  0.398184  0.633027  0.572815  0.498738  0.499490  0.464184  0.400300  0.461086  0.482093  0.410993  0.385467  0.438790  0.499016  0.407565  0.379253  0.508220  0.341636  0.569352  0.689267  0.380663  0.541233  0.314529  0.418895  0.357830  0.506924  0.494218  0.583490  0.498819  0.441387  0.411201  0.368556  0.406503  0.476181  0.483786  0.369819  0.479673  0.478848  0.491255  0.471201  0.450229  0.595322  0.632453  0.360276  0.443222  0.448162  0.677218  0.385540  0.490699  0.447854  0.484474  0.653566  0.505980  0.511179  0.388470  0.384089  0.479291  0.566639  0.487129  0.386165  0.522294  0.435321  0.413269 
6  0.590191  0.515188  0.524010  0.602084  0.270751  0.487059 0.0  0.541255  0.541945  0.428127  0.496626  0.571956  0.592751  0.510571  0.492236  0.761576  0.545542  0.459777  0.639392  0.503344  0.645472  0.577269  0.565826  0.784359  0.538982  0.525383  0.622082  0.563480  0.491427  0.485802  0.576472  0.660462  0.490884  0.618551  0.739285  0.640058  0.604493  0.583179  0.615510  0.495013  0.427865  0.334415  0.298434  0.662562  0.509159  0.631016  0.420598  0.443670  0.551656  0.512900  0.551913  0.561025  0.492329  0.532566  0.570633  0.385293  0.495347  0.566956  0.523691  0.301284  0.581364  0.328802  0.589994  0.525454  0.559699  0.382978  0.359262  0.532578  0.569869  0.567587  0.404705  0.614576  0.738644  0.598272  0.616985  0.547057  0.516510  0.474720  0.596701  0.580705  0.481891  0.775508  0.576293  0.483578  0.594245  0.532491  0.670075  0.498022  0.495282  0.542279  0.600896  0.521085  0.590514  0.517598  0.611149  0.487994  0.556828  0.483104 
7  0.345023  0.494743  0.671686  0.467683  0.558329  0.526254  0.541255 0.0  0.408649  0.568879  0.546081  0.711115  0.410321  0.436480  0.532783  0.644137  0.470192  0.406703  0.577603  0.441744  0.656984  0.501888  0.497121  0.626808  0.351973  0.458070  0.488222  0.428153  0.485330  0.616008  0.338120  0.657100  0.531282  0.406597  0.758358  0.607425  0.413188  0.737111  0.644546  0.470614  0.371053  0.594147  0.634397  0.506528  0.303062  0.450250  0.580338  0.380142  0.488091  0.451555  0.397364  0.462880  0.527927  0.439929  0.681980  0.564669  0.393566  0.439264  0.337150  0.648934  0.476186  0.566687  0.513978  0.518591  0.495104  0.577798  0.562754  0.481562  0.475062  0.502555  0.460568  0.466227  0.554232  0.420875  0.422050  0.389543  0.508339  0.469283  0.475208  0.349145  0.692547  0.809112  0.525690  0.278502  0.587739  0.364484  0.721532  0.434077  0.478321  0.488190  0.505330  0.457236  0.411186  0.521646  0.467262  0.416037  0.392272  0.559391 
8  0.429106  0.489962  0.488155  0.354075  0.582044  0.439898  0.541945  0.408649 0.0  0.447715  0.448680  0.543028  0.365578  0.309142  0.544402  0.724829  0.475972  0.372048  0.634529  0.311363  0.577814  0.345798  0.561595  0.671374  0.414403  0.307385  0.491295  0.497938  0.431645  0.411000  0.484248  0.601063  0.609179  0.427295  0.763449  0.431558  0.512547  0.644998  0.753732  0.534625  0.539062  0.485288  0.578334  0.418863  0.521792  0.351835  0.479191  0.488145  0.480928  0.352089  0.294720  0.392309  0.312310  0.333428  0.654668  0.390485  0.353225  0.324023  0.446926  0.538154  0.383316  0.609311  0.338888  0.317435  0.272385  0.580205  0.507089  0.456134  0.534969  0.477637  0.589884  0.401119  0.435730  0.418616  0.389969  0.390479  0.512856  0.578316  0.338919  0.378993  0.540730  0.631061  0.410505  0.396377  0.573272  0.556882  0.740026  0.391858  0.406221  0.551885  0.452174  0.518796  0.386340  0.662293  0.391777  0.400416  0.451068  0.453146 
9  0.588195  0.387070  0.308133  0.553872  0.491360  0.344259  0.428127  0.568879  0.447715 0.0  0.519233  0.474844  0.407781  0.414464  0.644017  0.733723  0.427644  0.651069  0.412965  0.504569  0.537635  0.598524  0.512686  0.616481  0.517577  0.389654  0.513910  0.551200  0.540055  0.367001  0.625266  0.632962  0.330902  0.475649  0.664764  0.573139  0.566591  0.698040  0.628026  0.574433  0.728497  0.533137  0.465249  0.578873  0.575868  0.550067  0.426673  0.488274  0.518634  0.578682  0.369851  0.504816  0.287056  0.551844  0.596408  0.278547  0.482621  0.536285  0.516087  0.400690  0.533692  0.552159  0.483770  0.556520  0.561113  0.451054  0.397034  0.530774  0.472450  0.481593  0.519397  0.623724  0.522732  0.516975  0.523137  0.580519  0.498048  0.602059  0.501519  0.544022  0.634944  0.663892  0.565302  0.543905  0.541590  0.583686  0.752252  0.472693  0.531527  0.496939  0.554015  0.566997  0.550385  0.553727  0.382871  0.469966  0.633374  0.441030 
10  0.516290  0.370552  0.377488  0.538989  0.499745  0.371359  0.496626  0.546081  0.448680  0.519233 0.0  0.491220  0.422517  0.439695  0.434440  0.627271  0.450440  0.499650  0.464244  0.318287  0.604665  0.491693  0.462190  0.678817  0.497461  0.420989  0.499978  0.518647  0.431869  0.499691  0.432288  0.680940  0.328749  0.458825  0.660851  0.464622  0.487956  0.661603  0.728782  0.551862  0.483406  0.506923  0.560651  0.465450  0.402752  0.482531  0.290527  0.399999  0.479932  0.397533  0.570425  0.561667  0.307980  0.494969  0.665942  0.370359  0.531550  0.532106  0.384592  0.600221  0.417638  0.504823  0.501750  0.443656  0.501324  0.521134  0.361448  0.435566  0.546582  0.496273  0.476368  0.482198  0.442661  0.425686  0.416755  0.417960  0.440991  0.516377  0.399384  0.536947  0.562839  0.727593  0.435619  0.346242  0.494045  0.628434  0.602756  0.535076  0.496555  0.346630  0.437180  0.524363  0.550419  0.432043  0.353078  0.479253  0.527517  0.475725 
11  0.561080  0.455868  0.436285  0.647623  0.584731  0.508361  0.571956  0.711115  0.543028  0.474844  0.491220 0.0  0.590239  0.574020  0.664767  0.635388  0.706087  0.627929  0.405095  0.406725  0.728165  0.619372  0.387334  0.682469  0.658355  0.493808  0.671927  0.678152  0.536568  0.649189  0.551969  0.610694  0.509298  0.581946  0.703980  0.563455  0.603296  0.613241  0.731914  0.452651  0.576952  0.632137  0.537729  0.621072  0.595944  0.658385  0.599649  0.646820  0.662735  0.632844  0.565117  0.571122  0.504659  0.490053  0.671449  0.675461  0.640401  0.628860  0.500825  0.626970  0.652133  0.634616  0.700954  0.650238  0.659141  0.700585  0.561736  0.551713  0.607584  0.647819  0.672789  0.560704  0.601734  0.600615  0.562064  0.661867  0.597477  0.700048  0.662073  0.595931  0.673416  0.625842  0.562270  0.639617  0.528644  0.698631  0.684176  0.626739  0.552488  0.558451  0.661955  0.624131  0.603491  0.616774  0.475679  0.610596  0.704387  0.684724 
12  0.416188  0.385867  0.495210  0.623845  0.512144  0.517755  0.592751  0.410321  0.365578  0.407781  0.422517  0.590239 0.0  0.365075  0.387799  0.670177  0.575204  0.452482  0.714714  0.395680  0.758133  0.522813  0.556484  0.706770  0.393990  0.321361  0.438284  0.432243  0.264975  0.571152  0.421747  0.649524  0.592996  0.461586  0.764942  0.441681  0.335339  0.633689  0.725371  0.567527  0.467454  0.451108  0.651011  0.504417  0.325140  0.538811  0.551915  0.466882  0.458737  0.401055  0.262926  0.514608  0.418325  0.405651  0.679691  0.652385  0.544937  0.424008  0.419627  0.580778  0.453736  0.556532  0.397324  0.364343  0.465351  0.646626  0.471485  0.466618  0.502655  0.603221  0.482656  0.485256  0.520321  0.347413  0.578058  0.496946  0.402905  0.548360  0.472440  0.495241  0.461381  0.746224  0.403655  0.475326  0.523961  0.362531  0.702365  0.349024  0.411403  0.491384  0.384400  0.490270  0.472429  0.589958  0.411617  0.433010  0.513739  0.495772 
13  0.458197  0.500122  0.556839  0.479596  0.543458  0.369603  0.510571  0.436480  0.309142  0.414464  0.439695  0.574020  0.365075 0.0  0.393807  0.720227  0.506749  0.467901  0.671077  0.280120  0.657640  0.431161  0.517949  0.645938  0.324701  0.261686  0.343715  0.451072  0.312975  0.483658  0.394748  0.636237  0.568984  0.369103  0.660118  0.466808  0.427541  0.568635  0.690023  0.487568  0.515187  0.449704  0.549802  0.404726  0.370188  0.397859  0.430521  0.293535  0.426149  0.129414  0.215023  0.381850  0.413557  0.358007  0.637136  0.514138  0.324438  0.410487  0.256884  0.559621  0.467435  0.579527  0.416222  0.293802  0.458406  0.516571  0.383290  0.337825  0.487369  0.534741  0.559853  0.400321  0.436478  0.484206  0.354819  0.431160  0.374440  0.506746  0.314407  0.346227  0.651616  0.724506  0.422111  0.345947  0.732029  0.522606  0.704322  0.341039  0.490981  0.415752  0.388967  0.344819  0.400688  0.477101  0.324208  0.376764  0.452164  0.420219 
14  0.474045  0.471716  0.648637  0.528850  0.614741  0.587890  0.492236  0.532783  0.544402  0.644017  0.434440  0.664767  0.387799  0.393807 0.0  0.857823  0.473112  0.450784  0.566862  0.526903  0.738934  0.446155  0.618838  0.765082  0.563864  0.435860  0.477843  0.484330  0.526769  0.489158  0.474738  0.763890  0.555205  0.578505  0.797856  0.511518  0.517276  0.766323  0.813771  0.611204  0.256006  0.595370  0.576910  0.491974  0.570028  0.648611  0.563594  0.394147  0.563338  0.406044  0.296143  0.518117  0.472478  0.455025  0.675341  0.445762  0.430284  0.415939  0.484803  0.586186  0.508090  0.628082  0.415616  0.644027  0.413493  0.646561  0.464865  0.568361  0.507852  0.635872  0.566710  0.417602  0.561748  0.550402  0.545904  0.450343  0.587996  0.586652  0.577085  0.518538  0.678501  1.000000  0.368889  0.527056  0.656523  0.390981  0.684303  0.446338  0.287125  0.446541  0.489152  0.617645  0.468903  0.474647  0.470672  0.506168  0.497054  0.613873 
15  0.900314  0.630244  0.641308  0.711351  0.648119  0.650522  0.761576  0.644137  0.724829  0.733723  0.627271  0.635388  0.670177  0.720227  0.857823 0.0  0.796678  0.677208  0.699459  0.750083  0.500073  0.838823  0.652215  0.722478  0.600830  0.672533  0.779960  0.744506  0.600850  0.693238  0.621900  0.589900  0.686526  0.794373  0.338255  0.790335  0.640958  0.553740  0.446112  0.664009  0.814096  0.783029  0.617841  0.664853  0.693040  0.760488  0.751568  0.720779  0.799065  0.736053  0.726738  0.757190  0.725146  0.837782  0.768163  0.775996  0.802565  0.722158  0.705511  0.603602  0.696516  0.700527  0.805883  0.722691  0.839776  0.563835  0.703215  0.635807  0.767804  0.724713  0.657274  0.658068  0.641991  0.719654  0.753470  0.732982  0.748382  0.754256  0.703859  0.726199  0.859376  0.665762  0.713251  0.795192  0.866050  0.792444  0.367675  0.746909  0.865915  0.604146  0.761630  0.764118  0.780178  0.817211  0.808333  0.805296  0.781237  0.547524 
16  0.260042  0.402127  0.571679  0.373336  0.581485  0.556795  0.545542  0.470192  0.475972  0.427644  0.450440  0.706087  0.575204  0.506749  0.473112  0.796678 0.0  0.410118  0.681197  0.521125  0.735010  0.418648  0.617295  0.715227  0.465757  0.437791  0.344926  0.344101  0.363445  0.542525  0.394989  0.480188  0.492958  0.188241  0.758055  0.397206  0.427211  0.646241  0.707112  0.565077  0.538898  0.594649  0.568404  0.330977  0.556893  0.371437  0.659051  0.500503  0.359602  0.386835  0.362600  0.276741  0.583887  0.428614  0.486986  0.520741  0.370391  0.288323  0.484447  0.592871  0.386147  0.646330  0.386409  0.326788  0.260601  0.479186  0.469355  0.372865  0.482942  0.543197  0.621318  0.372070  0.282159  0.266079  0.344815  0.393822  0.314017  0.657236  0.358254  0.422254  0.559171  0.606720  0.545470  0.425588  0.567751  0.627795  0.764104  0.351958  0.617572  0.442668  0.301694  0.398945  0.307527  0.584481  0.276567  0.286730  0.515518  0.532397 
17  0.437822  0.549799  0.769566  0.383047  0.412704  0.555048  0.459777  0.406703  0.372048  0.651069  0.499650  0.627929  0.452482  0.467901  0.450784  0.677208  0.410118 0.0  0.651404  0.572765  0.818648  0.453825  0.672059  0.787833  0.317590  0.547258  0.405205  0.440965  0.417080  0.564346  0.341407  0.763468  0.643622  0.404664  0.778350  0.439612  0.400576  0.726886  0.641961  0.471678  0.491952  0.663785  0.490611  0.446127  0.562713  0.342875  0.541777  0.570853  0.411792  0.443130  0.468301  0.460444  0.508243  0.483057  0.740065  0.612696  0.435239  0.303696  0.491681  0.593817  0.410987  0.515663  0.442907  0.499665  0.472505  0.548967  0.537549  0.486879  0.552894  0.547199  0.521928  0.552124  0.478312  0.370598  0.442604  0.384067  0.463010  0.508738  0.443530  0.462226  0.628810  0.644974  0.487301  0.397335  0.549337  0.354443  0.734487  0.427067  0.439605  0.506127  0.497777  0.356990  0.371331  0.428231  0.434381  0.480785  0.459067  0.476793 
18  0.734197  0.474607  0.492714  0.638166  0.540626  0.544606  0.639392  0.577603  0.634529  0.412965  0.464244  0.405095  0.714714  0.671077  0.566862  0.699459  0.681197  0.651404 0.0  0.563624  0.595023  0.706026  0.409490  0.677301  0.642007  0.552737  0.688911  0.683289  0.680497  0.635632  0.486661  0.598601  0.504082  0.636642  0.601651  0.612131  0.574005  0.648721  0.683514  0.558303  0.722496  0.527554  0.711038  0.683520  0.591225  0.571241  0.493192  0.585135  0.679402  0.696246  0.699771  0.516507  0.511583  0.666588  0.633989  0.519954  0.691856  0.636885  0.619306  0.707532  0.662259  0.693009  0.686610  0.589062  0.584533  0.715828  0.556807  0.747618  0.541097  0.628209  0.638444  0.739947  0.678088  0.512565  0.633894  0.772556  0.632841  0.738783  0.634561  0.723491  0.730669  0.660367  0.551812  0.641797  0.545747  0.720963  0.744778  0.594163  0.722104  0.630379  0.611575  0.553633  0.598621  0.718351  0.598939  0.637932  0.687258  0.538354 
19  0.454889  0.275193  0.422919  0.434627  0.415920  0.465231  0.503344  0.441744  0.311363  0.504569  0.318287  0.406725  0.395680  0.280120  0.526903  0.750083  0.521125  0.572765  0.563624 0.0  0.610576  0.500509  0.567834  0.675687  0.545555  0.439986  0.516167  0.429374  0.441961  0.534397  0.482041  0.656311  0.366214  0.447157  0.813945  0.524407  0.543908  0.628089  0.709269  0.606580  0.497201  0.533629  0.535143  0.366429  0.394855  0.417837  0.271652  0.303010  0.486160  0.319963  0.563266  0.531446  0.301808  0.385328  0.844477  0.516394  0.499007  0.574136  0.416234  0.533177  0.451338  0.489952  0.407258  0.455612  0.402633  0.577703  0.341703  0.456537  0.464859  0.558693  0.415783  0.449902  0.531848  0.315004  0.457958  0.479783  0.407416  0.648605  0.496187  0.435147  0.551752  0.671150  0.436462  0.400451  0.601001  0.531923  0.620168  0.417236  0.402840  0.282179  0.432443  0.498551  0.475252  0.585865  0.443114  0.519399  0.485851  0.644966 
20  0.802800  0.513227  0.604107  0.690711  0.644817  0.607623  0.645472  0.656984  0.577814  0.537635  0.604665  0.728165  0.758133  0.657640  0.738934  0.500073  0.735010  0.818648  0.595023  0.610576 0.0  0.680441  0.717801  0.661617  0.623831  0.645495  0.788524  0.678740  0.659875  0.597491  0.681657  0.666770  0.649104  0.748972  0.503079  0.667635  0.691236  0.620878  0.603388  0.693519  0.797094  0.569062  0.618217  0.631437  0.631453  0.724208  0.557501  0.741719  0.743546  0.770190  0.603816  0.638982  0.688718  0.756965  0.642004  0.512139  0.789498  0.722576  0.665226  0.637691  0.689717  0.683818  0.730390  0.763146  0.689847  0.688401  0.598017  0.609102  0.685872  0.750980  0.664835  0.828900  0.645854  0.673710  0.742710  0.784993  0.680947  0.802432  0.725587  0.655577  0.762948  0.729407  0.648649  0.680559  0.717992  0.746972  0.294892  0.663606  0.770687  0.656731  0.617618  0.712699  0.694369  0.758961  0.559949  0.726902  0.640656  0.627805 
21  0.433657  0.467994  0.593070  0.365645  0.630519  0.538412  0.577269  0.501888  0.345798  0.598524  0.491693  0.619372  0.522813  0.431161  0.446155  0.838823  0.418648  0.453825  0.706026  0.500509  0.680441 0.0  0.657138  0.647082  0.295657  0.366828  0.472514  0.444678  0.422964  0.362514  0.391441  0.602538  0.524530  0.332219  0.801597  0.341541  0.367225  0.608101  0.693119  0.555094  0.625976  0.708918  0.410944  0.335822  0.458382  0.422847  0.591928  0.582472  0.313320  0.355535  0.355106  0.335907  0.479220  0.240507  0.631753  0.557221  0.342164  0.395548  0.445799  0.520630  0.426950  0.690948  0.354577  0.407801  0.358665  0.652214  0.487226  0.356983  0.512590  0.603902  0.504488  0.356295  0.359467  0.312104  0.333816  0.312810  0.467209  0.596404  0.319327  0.359010  0.675451  0.672196  0.466394  0.475550  0.687788  0.437426  0.727294  0.368879  0.626138  0.517722  0.325435  0.440840  0.277707  0.568013  0.514753  0.251920  0.461377  0.476774 
22  0.707131  0.489016  0.541758  0.644442  0.531505  0.502806  0.565826  0.497121  0.561595  0.512686  0.462190  0.387334  0.556484  0.517949  0.618838  0.652215  0.617295  0.672059  0.409490  0.567834  0.717801  0.657138 0.0  0.663166  0.595593  0.545068  0.628165  0.608469  0.523209  0.615839  0.513812  0.643406  0.490687  0.582287  0.728669  0.628285  0.661669  0.636235  0.790349  0.638962  0.620058  0.539508  0.649488  0.676287  0.558795  0.599992  0.611388  0.577460  0.719528  0.692596  0.578323  0.572802  0.429243  0.638273  0.607416  0.553752  0.653205  0.765903  0.579662  0.609591  0.679380  0.660523  0.519316  0.635942  0.571092  0.661855  0.436556  0.513712  0.498622  0.550297  0.627423  0.633739  0.638602  0.503607  0.608603  0.671509  0.633681  0.587579  0.435108  0.634303  0.643662  0.752224  0.553535  0.536070  0.623052  0.643146  0.746475  0.619953  0.618539  0.719818  0.723266  0.568155  0.636003  0.733351  0.459262  0.670938  0.596186  0.411572 
23  0.758112  0.702931  0.711912  0.641092  0.612060  0.693189  0.784359  0.626808  0.671374  0.616481  0.678817  0.682469  0.706770  0.645938  0.765082  0.722478  0.715227  0.787833  0.677301  0.675687  0.661617  0.647082  0.663166 0.0  0.587952  0.648759  0.790586  0.684252  0.578189  0.732534  0.632529  0.311798  0.735191  0.828292  0.764435  0.765554  0.669355  0.387426  0.641290  0.638631  0.735608  0.785084  0.744608  0.701011  0.655740  0.687188  0.638309  0.615247  0.620626  0.712664  0.633001  0.717495  0.702698  0.597793  0.339212  0.731960  0.687116  0.764732  0.560255  0.685187  0.601397  0.641211  0.769830  0.664476  0.610045  0.626562  0.749442  0.632323  0.723291  0.572390  0.681780  0.691128  0.557198  0.700997  0.584178  0.781480  0.580662  0.787477  0.671130  0.698330  0.737977  0.282738  0.807290  0.718657  0.783483  0.726274  0.683577  0.685464  0.829805  0.702465  0.705490  0.614101  0.635607  0.711230  0.610847  0.705120  0.812265  0.598631 
24  0.464336  0.488001  0.559552  0.374809  0.509335  0.560049  0.538982  0.351973  0.414403  0.517577  0.497461  0.658355  0.393990  0.324701  0.563864  0.600830  0.465757  0.317590  0.642007  0.545555  0.623831  0.295657  0.595593  0.587952 0.0  0.482948  0.420850  0.477796  0.360009  0.538847  0.359703  0.617876  0.520769  0.435562  0.660637  0.432985  0.385259  0.584531  0.651273  0.382907  0.507461  0.643567  0.476998  0.345036  0.384327  0.377447  0.481320  0.607247  0.317734  0.267341  0.330856  0.472593  0.461433  0.391284  0.608500  0.537029  0.487844  0.513488  0.360198  0.597439  0.439805  0.452611  0.508229  0.352014  0.378581  0.532171  0.418185  0.339110  0.473477  0.411622  0.492824  0.490305  0.362498  0.404277  0.385943  0.436433  0.365668  0.445018  0.396913  0.409554  0.660135  0.555989  0.461655  0.266009  0.671706  0.492713  0.555032  0.404367  0.427685  0.438747  0.424299  0.463096  0.368042  0.510892  0.314159  0.457245  0.363480  0.419662 
25  0.515272  0.504189  0.438344  0.462912  0.407722  0.362232  0.525383  0.458070  0.307385  0.389654  0.420989  0.493808  0.321361  0.261686  0.435860  0.672533  0.437791  0.547258  0.552737  0.439986  0.645495  0.366828  0.545068  0.648759  0.482948 0.0  0.442578  0.288307  0.361830  0.541035  0.425154  0.585700  0.491867  0.384187  0.748653  0.563781  0.272815  0.663484  0.707879  0.455640  0.498833  0.569492  0.478562  0.447864  0.388233  0.347082  0.446533  0.378530  0.386145  0.395568  0.249871  0.385211  0.386237  0.292079  0.647040  0.370782  0.475407  0.370418  0.289147  0.438798  0.339361  0.640059  0.356265  0.441271  0.385782  0.567545  0.332396  0.375721  0.550258  0.522057  0.491352  0.377407  0.340549  0.388111  0.315241  0.418606  0.349993  0.553457  0.316385  0.378953  0.525346  0.732553  0.448941  0.389862  0.612059  0.395949  0.503237  0.392591  0.400112  0.406898  0.376347  0.446819  0.347217  0.485754  0.286710  0.453834  0.431523  0.435081 
26  0.490380  0.504228  0.461881  0.365522  0.499626  0.519823  0.622082  0.488222  0.491295  0.513910  0.499978  0.671927  0.438284  0.343715  0.477843  0.779960  0.344926  0.405205  0.688911  0.516167  0.788524  0.472514  0.628165  0.790586  0.420850  0.442578 0.0  0.475660  0.337263  0.496038  0.247855  0.622572  0.620206  0.507059  0.773635  0.481464  0.455155  0.650509  0.743601  0.496085  0.445466  0.641193  0.577845  0.434217  0.359719  0.448144  0.598464  0.507012  0.450976  0.402923  0.442871  0.504854  0.531186  0.437719  0.806887  0.493007  0.465688  0.374431  0.449969  0.499340  0.359802  0.524512  0.403897  0.484251  0.513595  0.571279  0.567799  0.383008  0.521222  0.462503  0.597730  0.481256  0.528245  0.528639  0.413507  0.452203  0.504148  0.501884  0.399270  0.391193  0.569302  0.816204  0.560797  0.361512  0.646044  0.367858  0.667145  0.334813  0.429003  0.484499  0.362630  0.355748  0.413604  0.595003  0.415385  0.378524  0.452029  0.489830 
27  0.342199  0.539642  0.531316  0.288754  0.599196  0.478909  0.563480  0.428153  0.497938  0.551200  0.518647  0.678152  0.432243  0.451072  0.484330  0.744506  0.344101  0.440965  0.683289  0.429374  0.678740  0.444678  0.608469  0.684252  0.477796  0.288307  0.475660 0.0  0.399620  0.345124  0.419649  0.744036  0.569027  0.311139  0.782390  0.421745  0.261569  0.689215  0.724233  0.469299  0.492020  0.488865  0.531829  0.384927  0.419288  0.339691  0.536844  0.518217  0.310164  0.301903  0.476273  0.227517  0.436369  0.357998  0.550017  0.500629  0.378987  0.324368  0.380171  0.575717  0.424313  0.654502  0.204224  0.329447  0.347877  0.614693  0.465432  0.366264  0.558394  0.451769  0.371771  0.458061  0.322112  0.279859  0.383095  0.321877  0.253681  0.745178  0.307888  0.465912  0.543139  0.668566  0.558814  0.470092  0.455883  0.510794  0.660915  0.458352  0.560486  0.510659  0.343009  0.457904  0.382972  0.589592  0.483031  0.313384  0.444043  0.391352 
28  0.507157  0.454029  0.483347  0.383369  0.471795  0.493405  0.491427  0.485330  0.431645  0.540055  0.431869  0.536568  0.264975  0.312975  0.526769  0.600850  0.363445  0.417080  0.680497  0.441961  0.659875  0.422964  0.523209  0.578189  0.360009  0.361830  0.337263  0.399620 0.0  0.584190  0.278141  0.588251  0.489600  0.479101  0.685046  0.472208  0.539972  0.685485  0.617437  0.530209  0.295533  0.627662  0.393743  0.476599  0.385751  0.414435  0.465508  0.506775  0.412776  0.390971  0.304795  0.440831  0.329208  0.463018  0.644410  0.451250  0.467157  0.488976  0.359651  0.497969  0.383945  0.567727  0.426657  0.499069  0.522729  0.531063  0.411701  0.501560  0.490963  0.311508  0.482687  0.489110  0.385381  0.385347  0.434287  0.469406  0.395802  0.590199  0.404098  0.483924  0.710255  0.707317  0.522208  0.407583  0.560027  0.406926  0.575417  0.478330  0.509069  0.402093  0.459241  0.351788  0.435527  0.383071  0.331447  0.405476  0.466947  0.416014 
29  0.426051  0.554301  0.403247  0.467517  0.453902  0.379015  0.485802  0.616008  0.411000  0.367001  0.499691  0.649189  0.571152  0.483658  0.489158  0.693238  0.542525  0.564346  0.635632  0.534397  0.597491  0.362514  0.615839  0.732534  0.538847  0.541035  0.496038  0.345124  0.584190 0.0  0.516628  0.516673  0.368723  0.565638  0.787101  0.632610  0.415989  0.671910  0.648781  0.530042  0.658740  0.435849  0.423673  0.482445  0.436809  0.576796  0.515777  0.496476  0.479418  0.521261  0.502414  0.454565  0.507490  0.427196  0.600963  0.356588  0.562916  0.427357  0.511948  0.524796  0.526468  0.573302  0.501666  0.441795  0.458079  0.567078  0.485656  0.443005  0.408926  0.587396  0.440127  0.526402  0.607989  0.545978  0.489891  0.473291  0.477757  0.531558  0.559073  0.498265  0.677717  0.722597  0.609659  0.472992  0.750033  0.631978  0.708008  0.494660  0.598672  0.489000  0.471497  0.476978  0.404017  0.666771  0.562913  0.534362  0.521366  0.485310 
30  0.473676  0.352063  0.555730  0.436045  0.468511  0.462593  0.576472  0.338120  0.484248  0.625266  0.432288  0.551969  0.421747  0.394748  0.474738  0.621900  0.394989  0.341407  0.486661  0.482041  0.681657  0.391441  0.513812  0.632529  0.359703  0.425154  0.247855  0.419649  0.278141  0.516628 0.0  0.664346  0.548951  0.457252  0.670919  0.505957  0.324670  0.595685  0.633955  0.462547  0.515632  0.538310  0.542573  0.417503  0.395468  0.413635  0.533315  0.549103  0.303208  0.304496  0.451522  0.333868  0.339027  0.409181  0.619719  0.594316  0.479266  0.311708  0.390667  0.554904  0.392127  0.633166  0.406662  0.291400  0.444197  0.624319  0.508634  0.210134  0.508343  0.455722  0.425557  0.452708  0.515611  0.357313  0.338914  0.419235  0.432313  0.581395  0.360930  0.523000  0.714179  0.550061  0.461813  0.296474  0.722543  0.534747  0.653505  0.306342  0.508607  0.499915  0.432891  0.289636  0.402377  0.498327  0.378737  0.384318  0.507234  0.470170 
31  0.643482  0.634241  0.641629  0.521892  0.636076  0.512488  0.660462  0.657100  0.601063  0.632962  0.680940  0.610694  0.649524  0.636237  0.763890  0.589900  0.480188  0.763468  0.598601  0.656311  0.666770  0.602538  0.643406  0.311798  0.617876  0.585700  0.622572  0.744036  0.588251  0.516673  0.664346 0.0  0.622868  0.609356  0.636306  0.633661  0.628927  0.264503  0.785983  0.701697  0.725848  0.747482  0.619480  0.628042  0.655488  0.646434  0.650579  0.725910  0.583843  0.661802  0.780526  0.538679  0.720770  0.723737  0.444906  0.636828  0.755090  0.642534  0.701875  0.611848  0.692918  0.757616  0.580503  0.636141  0.787437  0.781530  0.634051  0.586851  0.552006  0.588379  0.573540  0.624893  0.632346  0.566655  0.672248  0.642305  0.639917  0.842349  0.699937  0.685407  0.746871  0.312713  0.746944  0.629808  0.649462  0.719770  0.604289  0.583707  0.802382  0.641119  0.477478  0.604759  0.627766  0.681089  0.599374  0.641280  0.668929  0.655767 
32  0.554173  0.430198  0.300279  0.600441  0.544092  0.275973  0.490884  0.531282  0.609179  0.330902  0.328749  0.509298  0.592996  0.568984  0.555205  0.686526  0.492958  0.643622  0.504082  0.366214  0.649104  0.524530  0.490687  0.735191  0.520769  0.491867  0.620206  0.569027  0.489600  0.368723  0.548951  0.622868 0.0  0.597736  0.763546  0.547822  0.563910  0.653525  0.623236  0.527890  0.647767  0.469856  0.448271  0.420068  0.398738  0.566024  0.394013  0.537959  0.434464  0.457603  0.394013  0.636668  0.449061  0.526797  0.721807  0.225234  0.641696  0.500365  0.454361  0.537662  0.501752  0.504905  0.530205  0.516601  0.539812  0.570737  0.468118  0.454631  0.501659  0.580139  0.499169  0.452229  0.552009  0.516814  0.561353  0.515330  0.554138  0.563721  0.494043  0.566399  0.509691  0.730794  0.389568  0.523463  0.494773  0.676286  0.632596  0.536765  0.526907  0.450974  0.462258  0.536648  0.476313  0.681976  0.448291  0.530147  0.586015  0.501754 
33  0.285220  0.565497  0.606990  0.268832  0.574541  0.412656  0.618551  0.406597  0.427295  0.475649  0.458825  0.581946  0.461586  0.369103  0.578505  0.794373  0.188241  0.404664  0.636642  0.447157  0.748972  0.332219  0.582287  0.828292  0.435562  0.384187  0.507059  0.311139  0.479101  0.565638  0.457252  0.609356  0.597736 0.0  0.693600  0.431958  0.364825  0.675234  0.770551  0.571226  0.601192  0.561219  0.598976  0.270904  0.604229  0.347981  0.541349  0.532586  0.304245  0.295598  0.323996  0.288681  0.471057  0.333875  0.649174  0.528714  0.357665  0.369182  0.402891  0.533323  0.257065  0.609767  0.315560  0.411912  0.204477  0.509115  0.555814  0.384468  0.463687  0.561542  0.574286  0.324260  0.352993  0.465902  0.333112  0.263099  0.352877  0.676744  0.359934  0.372275  0.560787  0.777059  0.530211  0.491397  0.744788  0.490604  0.660432  0.379528  0.514827  0.379984  0.300743  0.346060  0.285226  0.627747  0.436325  0.338184  0.375081  0.563437 
34  0.843858  0.791773  0.665025  0.868040  0.701251  0.684722  0.739285  0.758358  0.763449  0.664764  0.660851  0.703980  0.764942  0.660118  0.797856  0.338255  0.758055  0.778350  0.601651  0.813945  0.503079  0.801597  0.728669  0.764435  0.660637  0.748653  0.773635  0.782390  0.685046  0.787101  0.670919  0.636306  0.763546  0.693600 0.0  0.882835  0.720891  0.625348  0.366846  0.740175  0.775447  0.834951  0.707881  0.809284  0.577548  0.784297  0.833902  0.720013  0.703403  0.773136  0.738307  0.738720  0.717179  0.702012  0.729315  0.720133  0.717087  0.708836  0.652974  0.698379  0.796632  0.641359  0.760682  0.841141  0.812699  0.679555  0.809658  0.729248  0.687376  0.771438  0.746745  0.716986  0.756114  0.669581  0.822002  0.641477  0.813849  0.823423  0.771643  0.678825  0.927906  0.590864  0.837974  0.709424  0.870244  0.664219  0.505720  0.809516  0.702365  0.720587  0.668451  0.693203  0.712829  0.776627  0.781220  0.795327  0.808573  0.626844 
35  0.384070  0.516668  0.555103  0.458951  0.517175  0.435042  0.640058  0.607425  0.431558  0.573139  0.464622  0.563455  0.441681  0.466808  0.511518  0.790335  0.397206  0.439612  0.612131  0.524407  0.667635  0.341541  0.628285  0.765554  0.432985  0.563781  0.481464  0.421745  0.472208  0.632610  0.505957  0.633661  0.547822  0.431958  0.882835 0.0  0.376639  0.744630  0.829138  0.565253  0.546548  0.479714  0.527932  0.407181  0.479921  0.441625  0.476097  0.447488  0.417415  0.492495  0.508063  0.430277  0.555641  0.436738  0.723786  0.437472  0.469531  0.452501  0.523872  0.591736  0.392068  0.602362  0.388145  0.556002  0.350398  0.684670  0.597144  0.495183  0.586010  0.581467  0.524601  0.328726  0.480307  0.415127  0.476334  0.443019  0.453797  0.533094  0.388424  0.387006  0.564952  0.798603  0.394398  0.466639  0.607507  0.479163  0.784417  0.442141  0.282863  0.528824  0.437583  0.509608  0.324190  0.516675  0.273323  0.325712  0.500407  0.732566 
36  0.379479  0.482085  0.491797  0.333997  0.614137  0.398184  0.604493  0.413188  0.512547  0.566591  0.487956  0.603296  0.335339  0.427541  0.517276  0.640958  0.427211  0.400576  0.574005  0.543908  0.691236  0.367225  0.661669  0.669355  0.385259  0.272815  0.455155  0.261569  0.539972  0.415989  0.324670  0.628927  0.563910  0.364825  0.720891  0.376639 0.0  0.690004  0.731728  0.562920  0.564461  0.591010  0.579062  0.344114  0.465444  0.347921  0.517508  0.535139  0.243810  0.352163  0.326202  0.373846  0.449476  0.250001  0.602166  0.541006  0.449879  0.364392  0.406808  0.593878  0.248404  0.597838  0.397655  0.336742  0.518062  0.529684  0.579567  0.285842  0.423448  0.556346  0.567380  0.263930  0.360583  0.373453  0.487923  0.343929  0.403058  0.699126  0.284957  0.443865  0.586531  0.728960  0.533759  0.354947  0.599736  0.390099  0.741978  0.328246  0.527652  0.348595  0.244024  0.278533  0.346209  0.668470  0.500428  0.323346  0.490128  0.497607 
37  0.629925  0.678528  0.718628  0.662110  0.642701  0.633027  0.583179  0.737111  0.644998  0.698040  0.661603  0.613241  0.633689  0.568635  0.766323  0.553740  0.646241  0.726886  0.648721  0.628089  0.620878  0.608101  0.636235  0.387426  0.584531  0.663484  0.650509  0.689215  0.685485  0.671910  0.595685  0.264503  0.653525  0.675234  0.625348  0.744630  0.690004 0.0  0.590320  0.666283  0.614970  0.713357  0.622161  0.661588  0.550757  0.688651  0.670848  0.746397  0.631068  0.628349  0.540169  0.739896  0.685981  0.821561  0.525173  0.560535  0.704941  0.572382  0.576942  0.617441  0.674146  0.618838  0.531885  0.646401  0.682008  0.625209  0.607340  0.733776  0.626029  0.466819  0.580206  0.620346  0.653546  0.584977  0.578419  0.608977  0.597172  0.734451  0.663555  0.654619  0.793867  0.355671  0.757461  0.660612  0.699506  0.558747  0.538625  0.579614  0.774796  0.603450  0.613945  0.632584  0.659072  0.622832  0.676172  0.658227  0.788031  0.602487 
38  0.829354  0.759492  0.697414  0.801237  0.661923  0.572815  0.615510  0.644546  0.753732  0.628026  0.728782  0.731914  0.725371  0.690023  0.813771  0.446112  0.707112  0.641961  0.683514  0.709269  0.603388  0.693119  0.790349  0.641290  0.651273  0.707879  0.743601  0.724233  0.617437  0.648781  0.633955  0.785983  0.623236  0.770551  0.366846  0.829138  0.731728  0.590320 0.0  0.500119  0.697940  0.858214  0.581337  0.756421  0.727938  0.754941  0.760102  0.752673  0.857287  0.747762  0.853416  0.799986  0.795330  0.656087  0.690382  0.667942  0.775245  0.692525  0.712280  0.679345  0.740273  0.630290  0.823642  0.712881  0.753984  0.705174  0.685932  0.747949  0.650324  0.566176  0.634969  0.770537  0.685730  0.771583  0.693760  0.713715  0.710451  0.815586  0.747032  0.783833  0.783426  0.598591  0.740775  0.629975  0.802574  0.782914  0.391160  0.777858  0.829477  0.673620  0.757050  0.651863  0.663092  0.643858  0.717479  0.684147  0.839896  0.685879 
39  0.521872  0.513984  0.570364  0.564391  0.317977  0.498738  0.495013  0.470614  0.534625  0.574433  0.551862  0.452651  0.567527  0.487568  0.611204  0.664009  0.565077  0.471678  0.558303  0.606580  0.693519  0.555094  0.638962  0.638631  0.382907  0.455640  0.496085  0.469299  0.530209  0.530042  0.462547  0.701697  0.527890  0.571226  0.740175  0.565253  0.562920  0.666283  0.500119 0.0  0.519240  0.600186  0.382668  0.501504  0.434542  0.487115  0.433677  0.610998  0.554033  0.484678  0.520343  0.616709  0.447119  0.534903  0.751318  0.518523  0.561180  0.549605  0.486698  0.334498  0.575016  0.460033  0.573131  0.518600  0.621993  0.278221  0.535424  0.465664  0.409527  0.464741  0.268453  0.447013  0.542063  0.467895  0.540298  0.477344  0.481915  0.510428  0.498931  0.604769  0.591957  0.545426  0.582481  0.533870  0.700557  0.479356  0.582702  0.578814  0.627370  0.425924  0.450249  0.519951  0.545977  0.639682  0.482787  0.498611  0.604582  0.418046 
