98
0 0.0  0.606710  0.425821  0.513915  0.414379  0.682317  0.621336  0.590411  0.603346  0.670585  0.657079  0.692498  0.421640  0.676164  0.695674  0.688929  0.692762  0.372078  0.640345  0.554775  0.759442  0.374292  0.539658  0.635947  0.592532  0.561768  0.553062  0.670366  0.552083  0.607378  0.648765  0.525249  0.630289  0.608552  0.625891  0.570076  0.543614  0.619371  0.761759  0.587766  0.576985  0.496952  0.620009  0.608047  0.646685  0.601018  0.543827  0.459692  0.539579  0.523163  0.573830  0.629337  0.570950  0.510231  0.540001  0.540954  0.653048  0.779496  0.544218  0.687546  0.640948  0.587393  0.515013  0.665350  0.573255  0.524578  0.633518  0.380438  0.572367  0.613973  0.532932  0.671970  0.662194  0.465764  0.609555  0.631218  0.639314  0.450972  0.563752  0.645779  0.646552  0.559293  0.591513  0.644383  0.587840  0.534751  0.757000  0.635857  0.737717  0.655287  0.629013  0.493138  0.649593  0.583899  0.526874  0.581357  0.650096  0.688390 
1  0.606710 0.0  0.231026  0.417976  0.526683  0.423958  0.498382  0.499132  0.580821  0.303237  0.422079  0.515527  0.628061  0.565114  0.561103  0.355692  0.504680  0.522699  0.541490  0.607157  0.413450  0.544397  0.619514  0.570572  0.512882  0.518435  0.476051  0.627739  0.505619  0.507645  0.570468  0.496884  0.613453  0.484932  0.720009  0.385545  0.385035  0.502554  0.772978  0.591016  0.595177  0.514948  0.303166  0.441743  0.417560  0.769952  0.572335  0.372149  0.441236  0.650205  0.570790  0.571995  0.503015  0.692933  0.419221  0.544304  0.408283  0.440297  0.472978  0.616982  0.684535  0.399979  0.514583  0.481420  0.501805  0.423870  0.547493  0.664569  0.576545  0.547886  0.507632  0.644949  0.758736  0.593048  0.558646  0.460932  0.464291  0.550655  0.513703  0.476656  0.487141  0.367943  0.510401  0.633562  0.597556  0.446866  0.610515  0.405142  0.725289  0.503130  0.425981  0.557132  0.619073  0.501098  0.513155  0.481216  0.470532  0.781841 
2  0.425821  0.231026 0.0  0.351314  0.530415  0.431138  0.479479  0.446995  0.322190  0.492793  0.528741  0.404915  0.448370  0.438262  0.694682  0.489078  0.516701  0.499634  0.462878  0.440829  0.482837  0.457177  0.454367  0.500815  0.471174  0.411126  0.450552  0.548089  0.552269  0.495726  0.342523  0.440293  0.524564  0.502958  0.740870  0.434185  0.180540  0.255605  0.734721  0.513855  0.434477  0.400322  0.450272  0.455504  0.695895  0.637126  0.454275  0.411349  0.394659  0.493941  0.416914  0.466118  0.452267  0.512658  0.296412  0.589830  0.547770  0.521175  0.554849  0.456924  0.687744  0.296654  0.468520  0.401165  0.429242  0.512479  0.513355  0.501191  0.490319  0.671961  0.334260  0.403757  0.572278  0.543913  0.466350  0.398915  0.466053  0.400196  0.479141  0.502411  0.379416  0.480309  0.675431  0.455108  0.528725  0.491955  0.556554  0.416811  0.625758  0.429780  0.433417  0.461767  0.592729  0.523306  0.432412  0.529977  0.359739  0.577335 
3  0.513915  0.417976  0.351314 0.0  0.374379  0.308379  0.319071  0.366898  0.482373  0.521378  0.663642  0.410522  0.515629  0.483308  0.544307  0.532527  0.518462  0.626239  0.408562  0.359947  0.701474  0.704802  0.405723  0.479941  0.292159  0.266675  0.393164  0.656424  0.429932  0.393251  0.434659  0.475890  0.329694  0.527417  0.683111  0.401857  0.438079  0.506940  0.760996  0.450859  0.331294  0.501659  0.541316  0.277802  0.289236  0.814860  0.446014  0.469806  0.505131  0.331761  0.487226  0.360643  0.524388  0.538218  0.392723  0.379234  0.521890  0.597239  0.302970  0.386407  0.631876  0.577446  0.352406  0.523248  0.437897  0.372869  0.496862  0.565596  0.444795  0.674364  0.381697  0.543549  0.752113  0.590338  0.611214  0.492022  0.347473  0.312070  0.347708  0.601922  0.629418  0.398648  0.424619  0.391423  0.459452  0.301745  0.628710  0.544250  0.618701  0.492827  0.574811  0.396971  0.513802  0.316977  0.536830  0.497196  0.411121  0.782075 
4  0.414379  0.526683  0.530415  0.374379 0.0  0.469575  0.461634  0.466426  0.401084  0.635321  0.627949  0.350548  0.638292  0.515835  0.615981  0.613705  0.489634  0.686087  0.313272  0.322020  0.610400  0.533501  0.276013  0.359863  0.292740  0.492255  0.365728  0.694833  0.314683  0.377586  0.342363  0.423487  0.485968  0.576596  0.776411  0.517421  0.489078  0.598200  0.616608  0.342960  0.421001  0.497686  0.392638  0.376882  0.329578  0.750404  0.292287  0.654804  0.636831  0.406887  0.532160  0.438789  0.517877  0.384065  0.349743  0.414286  0.490391  0.649841  0.359122  0.356254  0.705112  0.549070  0.354280  0.645225  0.500905  0.333570  0.651249  0.751170  0.290254  0.618416  0.260545  0.566674  0.697184  0.677758  0.556243  0.473151  0.359041  0.333052  0.335456  0.632216  0.694868  0.517927  0.398102  0.511335  0.511018  0.241736  0.676328  0.452524  0.641015  0.338071  0.538898  0.414987  0.581543  0.268414  0.612335  0.314616  0.384304  0.721413 
5  0.682317  0.423958  0.431138  0.308379  0.469575 0.0  0.464503  0.479148  0.516887  0.485163  0.477657  0.442509  0.743275  0.473486  0.644401  0.457544  0.589614  0.701451  0.417957  0.409739  0.576197  0.767483  0.540575  0.375869  0.428485  0.388345  0.496933  0.548405  0.388444  0.449380  0.350086  0.565770  0.479802  0.610824  0.779046  0.606859  0.433309  0.643639  0.757713  0.506075  0.390975  0.499243  0.616674  0.333109  0.402522  0.837283  0.433423  0.537588  0.536165  0.422055  0.336815  0.483608  0.580274  0.652658  0.448354  0.280794  0.522732  0.534131  0.500654  0.492534  0.728087  0.388046  0.409645  0.509916  0.358431  0.448651  0.547618  0.661131  0.387676  0.590923  0.535843  0.478001  0.743849  0.617256  0.577414  0.613625  0.494657  0.485423  0.342637  0.577211  0.659745  0.488467  0.367912  0.456581  0.584411  0.507526  0.720182  0.516924  0.398110  0.267786  0.629419  0.397800  0.514964  0.410349  0.490066  0.555646  0.453955  0.668768 
6  0.621336  0.498382  0.479479  0.319071  0.461634  0.464503 0.0  0.453167  0.378509  0.672758  0.669852  0.268795  0.574307  0.483931  0.599890  0.506542  0.485468  0.625793  0.431957  0.331313  0.610277  0.596840  0.318271  0.405908  0.431728  0.247098  0.342527  0.586984  0.382501  0.361771  0.298507  0.487930  0.369687  0.379647  0.672142  0.532971  0.440023  0.590123  0.557247  0.521968  0.289860  0.470722  0.522833  0.394562  0.408612  0.657069  0.276938  0.548800  0.564016  0.345654  0.460968  0.393014  0.333183  0.508383  0.414906  0.283399  0.481530  0.499093  0.321641  0.468263  0.712000  0.439871  0.421129  0.627655  0.330895  0.411920  0.639310  0.671429  0.353090  0.587934  0.361315  0.524917  0.588814  0.591073  0.632459  0.495985  0.395595  0.376945  0.323396  0.572811  0.553419  0.436250  0.506205  0.438086  0.317804  0.483799  0.655948  0.439517  0.427437  0.380329  0.545432  0.357404  0.492436  0.404106  0.482586  0.365203  0.358582  0.713346 
7  0.590411  0.499132  0.446995  0.366898  0.466426  0.479148  0.453167 0.0  0.412187  0.614269  0.628130  0.230129  0.531162  0.589744  0.658253  0.529996  0.391885  0.569182  0.355589  0.335198  0.620807  0.543505  0.271115  0.488175  0.414476  0.198555  0.470052  0.562378  0.447889  0.441261  0.240856  0.460772  0.449908  0.396023  0.684297  0.428542  0.403805  0.551037  0.631352  0.415759  0.338658  0.432717  0.411564  0.382579  0.351069  0.690915  0.517127  0.499418  0.495142  0.434134  0.533769  0.352868  0.494415  0.516791  0.433606  0.502120  0.431451  0.575775  0.503657  0.342269  0.726293  0.406229  0.502503  0.633231  0.190649  0.498623  0.507147  0.599427  0.428719  0.658124  0.478161  0.493779  0.714829  0.586725  0.487442  0.345703  0.387425  0.408711  0.527536  0.665135  0.641125  0.492499  0.639437  0.502576  0.356077  0.527474  0.658320  0.437791  0.411037  0.257695  0.588430  0.499272  0.412604  0.400488  0.457924  0.397522  0.437247  0.673491 
8  0.603346  0.580821  0.322190  0.482373  0.401084  0.516887  0.378509  0.412187 0.0  0.485660  0.592198  0.377497  0.631552  0.399814  0.622930  0.614621  0.448302  0.459677  0.512865  0.494394  0.635457  0.499413  0.427307  0.596290  0.410121  0.457488  0.440966  0.686663  0.535180  0.468501  0.335769  0.444595  0.486802  0.461089  0.672021  0.597144  0.333514  0.488580  0.669644  0.454005  0.473516  0.437230  0.428813  0.417943  0.480454  0.743337  0.514541  0.474786  0.447470  0.476674  0.528201  0.513594  0.334458  0.451884  0.367736  0.576868  0.433918  0.531598  0.429132  0.533414  0.709291  0.458512  0.457610  0.502836  0.378326  0.490167  0.378327  0.580388  0.588461  0.692578  0.571519  0.605499  0.754819  0.533112  0.449463  0.502184  0.510971  0.471493  0.258740  0.485329  0.445969  0.342419  0.599451  0.499651  0.495363  0.415672  0.619369  0.495687  0.532464  0.450607  0.423551  0.503185  0.504046  0.586909  0.471846  0.491768  0.314649  0.629012 
9  0.670585  0.303237  0.492793  0.521378  0.635321  0.485163  0.672758  0.614269  0.485660 0.0  0.300377  0.697249  0.771354  0.552421  0.690761  0.418580  0.559640  0.554589  0.687293  0.716520  0.330794  0.588911  0.625535  0.632376  0.570564  0.642315  0.514822  0.697718  0.575776  0.651203  0.626331  0.620052  0.669520  0.614008  0.908324  0.628930  0.526681  0.486438  0.753896  0.626851  0.715380  0.519822  0.502523  0.639519  0.612855  0.862578  0.612113  0.361688  0.595840  0.663891  0.679689  0.671365  0.616781  0.644939  0.559862  0.571356  0.397260  0.280843  0.555918  0.687377  0.912855  0.459746  0.569297  0.337071  0.626323  0.601173  0.578774  0.730850  0.575462  0.876713  0.671281  0.489721  0.871280  0.607514  0.450190  0.610299  0.598268  0.696059  0.768910  0.322141  0.533861  0.618649  0.431617  0.367850  0.643321  0.647001  0.726278  0.618916  0.722997  0.684554  0.470866  0.483763  0.575760  0.685192  0.578236  0.719424  0.485158  0.801496 
10  0.657079  0.422079  0.528741  0.663642  0.627949  0.477657  0.669852  0.628130  0.592198  0.300377 0.0  0.690102  0.650344  0.500669  0.751356  0.452258  0.498262  0.574556  0.674578  0.682056  0.311097  0.616432  0.673382  0.622267  0.526642  0.586269  0.698382  0.614675  0.561239  0.649268  0.633142  0.583069  0.675434  0.658591  0.836238  0.507110  0.392725  0.614072  0.881186  0.663617  0.550495  0.532655  0.482544  0.616381  0.620426  0.840103  0.599469  0.435235  0.495625  0.540168  0.597421  0.647825  0.538182  0.671637  0.649903  0.550017  0.370332  0.368145  0.537548  0.747150  0.856980  0.497510  0.654744  0.396920  0.553402  0.575263  0.468003  0.594676  0.622199  0.750067  0.567829  0.660284  0.882074  0.569034  0.639391  0.593993  0.643298  0.542790  0.631041  0.318462  0.521095  0.538555  0.527650  0.443329  0.521563  0.608134  0.885748  0.722735  0.654410  0.616368  0.459833  0.505665  0.666558  0.640835  0.559479  0.513637  0.586411  0.719395 
11  0.692498  0.515527  0.404915  0.410522  0.350548  0.442509  0.268795  0.230129  0.377497  0.697249  0.690102 0.0  0.690049  0.429948  0.594317  0.603124  0.344770  0.561777  0.477594  0.347595  0.574076  0.547716  0.275514  0.507209  0.371015  0.396482  0.464861  0.601850  0.381462  0.371033  0.358884  0.527283  0.642068  0.535631  0.642106  0.520431  0.475920  0.681222  0.606189  0.467981  0.376264  0.391799  0.511174  0.434169  0.409980  0.596384  0.449430  0.509407  0.491608  0.354560  0.523937  0.424067  0.445176  0.472910  0.369528  0.484674  0.506010  0.737974  0.349544  0.345019  0.605211  0.533064  0.337261  0.612174  0.326196  0.365746  0.391170  0.668734  0.430220  0.629610  0.434437  0.504427  0.628227  0.618310  0.534157  0.446470  0.389085  0.358834  0.385147  0.547265  0.516408  0.456790  0.419350  0.451350  0.432184  0.503623  0.628024  0.484502  0.480082  0.312999  0.524924  0.334804  0.448124  0.415644  0.387927  0.487382  0.425656  0.746151 
12  0.421640  0.628061  0.448370  0.515629  0.638292  0.743275  0.574307  0.531162  0.631552  0.771354  0.650344  0.690049 0.0  0.708558  0.657264  0.690787  0.513525  0.305229  0.618430  0.499049  0.723746  0.309102  0.523451  0.478649  0.639789  0.498899  0.703519  0.531390  0.649057  0.615768  0.575853  0.613747  0.624706  0.478438  0.662476  0.530742  0.426836  0.489899  0.606590  0.492573  0.593333  0.469187  0.659103  0.664571  0.721996  0.525775  0.669538  0.605816  0.628338  0.578871  0.721307  0.663283  0.487819  0.707224  0.624886  0.688523  0.637748  0.752340  0.562781  0.580520  0.591091  0.412988  0.639059  0.697754  0.561679  0.623100  0.441582  0.465642  0.656734  0.507272  0.678942  0.650561  0.588826  0.396347  0.448870  0.605813  0.483903  0.674855  0.611595  0.617183  0.590629  0.684377  0.687312  0.538371  0.427676  0.573925  0.636921  0.605178  0.601590  0.624229  0.511580  0.632335  0.595717  0.592438  0.561601  0.593972  0.625558  0.655078 
13  0.676164  0.565114  0.438262  0.483308  0.515835  0.473486  0.483931  0.589744  0.399814  0.552421  0.500669  0.429948  0.708558 0.0  0.699500  0.465770  0.452856  0.551948  0.411208  0.525755  0.548281  0.625617  0.373170  0.481371  0.533753  0.394633  0.536370  0.434307  0.610967  0.528840  0.491755  0.433307  0.618949  0.692411  0.871558  0.633258  0.597213  0.537818  0.826892  0.639322  0.445094  0.719486  0.444886  0.527546  0.532213  0.796519  0.573901  0.469971  0.612849  0.421795  0.459992  0.493550  0.654997  0.623970  0.443063  0.393653  0.462924  0.602064  0.380333  0.558211  0.809337  0.556908  0.488032  0.531827  0.433750  0.620222  0.567742  0.577354  0.564246  0.766861  0.552560  0.470447  0.744263  0.705538  0.496007  0.655253  0.531679  0.454229  0.436689  0.562885  0.594991  0.463110  0.382509  0.473926  0.494891  0.606471  0.834904  0.552777  0.472243  0.468227  0.570652  0.512216  0.340544  0.558244  0.525075  0.581745  0.458814  0.684579 
14  0.695674  0.561103  0.694682  0.544307  0.615981  0.644401  0.599890  0.658253  0.622930  0.690761  0.751356  0.594317  0.657264  0.699500 0.0  0.740625  0.752975  0.656176  0.601383  0.708335  0.710282  0.651288  0.699951  0.574670  0.601986  0.649279  0.647929  0.888106  0.637704  0.584188  0.579463  0.724780  0.681806  0.606984  0.672311  0.770292  0.606541  0.658285  0.353834  0.692052  0.611218  0.784697  0.655656  0.666527  0.551469  0.692904  0.706373  0.617165  0.676990  0.655671  0.622375  0.642141  0.682549  0.530677  0.711633  0.631229  0.659314  0.699516  0.626603  0.637415  0.688062  0.652196  0.704193  0.736026  0.571811  0.570654  0.715868  0.766369  0.632618  0.534601  0.668030  0.793388  0.745962  0.711875  0.681976  0.657857  0.622181  0.573724  0.608038  0.847933  0.706382  0.636645  0.632284  0.662732  0.709399  0.509506  0.378964  0.649376  0.621789  0.680900  0.660480  0.611803  0.831094  0.471015  0.656916  0.689684  0.604624  0.575151 
15  0.688929  0.355692  0.489078  0.532527  0.613705  0.457544  0.506542  0.529996  0.614621  0.418580  0.452258  0.603124  0.690787  0.465770  0.740625 0.0  0.636666  0.554118  0.596556  0.524504  0.430689  0.650515  0.611038  0.564620  0.491103  0.488090  0.601465  0.591012  0.698071  0.559425  0.595235  0.495303  0.533124  0.638918  0.843475  0.562804  0.400671  0.456095  0.748764  0.551288  0.551418  0.643987  0.418525  0.542676  0.621263  0.727379  0.637936  0.300438  0.475241  0.527057  0.550072  0.621792  0.418963  0.661888  0.524194  0.548097  0.456922  0.465780  0.651970  0.598915  0.842863  0.505754  0.551662  0.464103  0.660305  0.479648  0.529935  0.509698  0.563133  0.597472  0.523331  0.556274  0.827721  0.589591  0.616751  0.553473  0.606119  0.668023  0.546155  0.302764  0.458438  0.473899  0.577608  0.546819  0.528679  0.570532  0.756278  0.500758  0.595163  0.603357  0.342630  0.641064  0.540260  0.614181  0.453615  0.631074  0.477192  0.707504 
16  0.692762  0.504680  0.516701  0.518462  0.489634  0.589614  0.485468  0.391885  0.448302  0.559640  0.498262  0.344770  0.513525  0.452856  0.752975  0.636666 0.0  0.603155  0.604473  0.475821  0.456103  0.634618  0.380546  0.560071  0.557895  0.406139  0.455042  0.494154  0.451211  0.545822  0.376056  0.499894  0.522455  0.376651  0.684898  0.525800  0.540423  0.494413  0.704300  0.604656  0.454459  0.465501  0.533668  0.510290  0.571085  0.754444  0.609906  0.524360  0.518906  0.499612  0.473470  0.366887  0.400659  0.548432  0.535796  0.422999  0.504070  0.460780  0.491607  0.422606  0.772053  0.486992  0.482201  0.484717  0.318564  0.504370  0.524721  0.648473  0.511763  0.610185  0.498027  0.383377  0.611609  0.594863  0.425137  0.367318  0.348972  0.457837  0.475077  0.540371  0.526131  0.475802  0.550872  0.504636  0.396568  0.587456  0.649943  0.475841  0.399718  0.391804  0.657824  0.418103  0.370978  0.498297  0.469733  0.581866  0.609526  0.779206 
17  0.372078  0.522699  0.499634  0.626239  0.686087  0.701451  0.625793  0.569182  0.459677  0.554589  0.574556  0.561777  0.305229  0.551948  0.656176  0.554118  0.603155 0.0  0.595853  0.569293  0.565230  0.165025  0.504076  0.534981  0.725957  0.485096  0.616139  0.640350  0.593045  0.700613  0.527563  0.510587  0.629359  0.556777  0.641341  0.522183  0.436516  0.465038  0.775240  0.566138  0.629480  0.577580  0.559162  0.490444  0.741140  0.703404  0.628523  0.495221  0.514558  0.577221  0.593050  0.660524  0.595132  0.589170  0.569774  0.755724  0.534990  0.549573  0.692139  0.508422  0.651265  0.620604  0.586348  0.640506  0.605000  0.597482  0.514606  0.495332  0.622419  0.586520  0.710051  0.784148  0.677599  0.507973  0.608966  0.568194  0.555634  0.571877  0.613026  0.671932  0.584122  0.539446  0.631111  0.624576  0.577540  0.626020  0.656756  0.540115  0.752189  0.594429  0.556170  0.619644  0.682286  0.725056  0.483555  0.609352  0.497409  0.558903 
18  0.640345  0.541490  0.462878  0.408562  0.313272  0.417957  0.431957  0.355589  0.512865  0.687293  0.674578  0.477594  0.618430  0.411208  0.601383  0.596556  0.604473  0.595853 0.0  0.386325  0.724685  0.707476  0.400386  0.371343  0.426064  0.384934  0.372629  0.645203  0.433474  0.297440  0.384886  0.538795  0.426034  0.562101  0.838704  0.605433  0.518992  0.522783  0.666294  0.376067  0.430188  0.622951  0.515375  0.351944  0.280583  0.826618  0.361441  0.442592  0.583097  0.371715  0.485225  0.265873  0.534552  0.555543  0.351429  0.418272  0.685356  0.664060  0.345158  0.339669  0.839426  0.512755  0.329071  0.531455  0.322529  0.382370  0.521704  0.708492  0.324724  0.611431  0.309688  0.601518  0.793792  0.629860  0.633212  0.621660  0.367059  0.315129  0.404616  0.694509  0.597407  0.449977  0.406471  0.437121  0.385983  0.274209  0.689573  0.543680  0.593990  0.420898  0.534719  0.484929  0.545859  0.291985  0.477568  0.355963  0.504392  0.727352 
19  0.554775  0.607157  0.440829  0.359947  0.322020  0.409739  0.331313  0.335198  0.494394  0.716520  0.682056  0.347595  0.499049  0.525755  0.708335  0.524504  0.475821  0.569293  0.386325 0.0  0.645196  0.540091  0.383640  0.308504  0.423282  0.399207  0.461167  0.505830  0.503934  0.489570  0.350335  0.462775  0.465415  0.373948  0.780648  0.512119  0.356898  0.626437  0.752882  0.397132  0.291683  0.460322  0.510659  0.446117  0.408715  0.710304  0.420699  0.456346  0.585729  0.398786  0.484793  0.436081  0.433182  0.557862  0.354065  0.540763  0.506254  0.708920  0.323327  0.327043  0.630305  0.455581  0.351720  0.583568  0.497497  0.433280  0.419556  0.665227  0.411429  0.560068  0.304348  0.580661  0.752389  0.675305  0.480884  0.558726  0.368735  0.413025  0.421329  0.671717  0.509492  0.447805  0.380606  0.430867  0.452852  0.382029  0.637403  0.466736  0.476983  0.406363  0.578364  0.515773  0.506837  0.373704  0.490043  0.318322  0.341560  0.722330 
20  0.759442  0.413450  0.482837  0.701474  0.610400  0.576197  0.610277  0.620807  0.635457  0.330794  0.311097  0.574076  0.723746  0.548281  0.710282  0.430689  0.456103  0.565230  0.724685  0.645196 0.0  0.467419  0.610632  0.725701  0.768505  0.608728  0.722173  0.594842  0.684517  0.684629  0.608931  0.569264  0.666780  0.621253  0.835424  0.565189  0.558910  0.669942  0.931081  0.739697  0.592118  0.670801  0.544101  0.597898  0.658220  0.844477  0.594596  0.422761  0.631530  0.625901  0.635985  0.618166  0.577901  0.671644  0.707117  0.633300  0.474972  0.280419  0.563275  0.600301  0.750318  0.491767  0.641168  0.270323  0.692874  0.599853  0.573150  0.594895  0.728545  0.768060  0.639300  0.376774  0.827374  0.646560  0.563387  0.628534  0.596302  0.661964  0.628490  0.354516  0.555123  0.479539  0.586710  0.661324  0.588635  0.645251  0.818683  0.645839  0.719814  0.557783  0.501311  0.579947  0.648419  0.671980  0.519718  0.604698  0.554113  0.772514 
21  0.374292  0.544397  0.457177  0.704802  0.533501  0.767483  0.596840  0.543505  0.499413  0.588911  0.616432  0.547716  0.309102  0.625617  0.651288  0.650515  0.634618  0.165025  0.707476  0.540091  0.467419 0.0  0.637470  0.576976  0.614773  0.470835  0.500806  0.613438  0.655844  0.674525  0.515911  0.600897  0.585028  0.566222  0.730019  0.468459  0.474546  0.538602  0.677139  0.541788  0.596781  0.616009  0.524069  0.503334  0.527390  0.587105  0.648131  0.573192  0.545177  0.616355  0.657574  0.513268  0.580563  0.597443  0.565936  0.550750  0.452376  0.554617  0.660781  0.570816  0.662993  0.569140  0.615672  0.571738  0.615068  0.545270  0.673501  0.546065  0.582416  0.721713  0.561591  0.603159  0.704687  0.363471  0.664444  0.649424  0.658716  0.605873  0.466440  0.665194  0.589499  0.460750  0.626081  0.604921  0.571536  0.476386  0.713299  0.551785  0.632307  0.545143  0.453063  0.641165  0.754548  0.557660  0.415534  0.625745  0.484235  0.610074 
22  0.539658  0.619514  0.454367  0.405723  0.276013  0.540575  0.318271  0.271115  0.427307  0.625535  0.673382  0.275514  0.523451  0.373170  0.699951  0.611038  0.380546  0.504076  0.400386  0.383640  0.610632  0.637470 0.0  0.592997  0.494218  0.245459  0.406891  0.575378  0.549071  0.458382  0.460949  0.466660  0.438020  0.568912  0.616944  0.566408  0.487341  0.520165  0.711218  0.399184  0.388854  0.444798  0.471180  0.470992  0.552372  0.714784  0.460063  0.510168  0.494347  0.471845  0.573934  0.470361  0.344359  0.493571  0.376368  0.464794  0.569884  0.696924  0.444443  0.435837  0.643328  0.499836  0.448063  0.651884  0.225604  0.390113  0.514332  0.671898  0.378052  0.580809  0.421848  0.472882  0.678324  0.534100  0.448177  0.383350  0.444736  0.340181  0.482409  0.630005  0.628422  0.491151  0.438290  0.564773  0.372129  0.429509  0.498357  0.453734  0.422842  0.254772  0.556073  0.353885  0.538011  0.436570  0.474643  0.415392  0.486301  0.762566 
23  0.635947  0.570572  0.500815  0.479941  0.359863  0.375869  0.405908  0.488175  0.596290  0.632376  0.622267  0.507209  0.478649  0.481371  0.574670  0.564620  0.560071  0.534981  0.371343  0.308504  0.725701  0.576976  0.592997 0.0  0.317321  0.430846  0.296788  0.584339  0.402488  0.357699  0.360253  0.521518  0.235605  0.610596  0.731093  0.529788  0.508455  0.542006  0.821281  0.378157  0.416958  0.579003  0.560665  0.389133  0.297588  0.716974  0.278760  0.540228  0.551814  0.236019  0.547603  0.287111  0.660747  0.463720  0.352083  0.480491  0.441853  0.606668  0.337834  0.399716  0.753061  0.455159  0.410294  0.539690  0.397772  0.305942  0.595638  0.600243  0.411894  0.781127  0.228794  0.510183  0.767358  0.634160  0.566910  0.512847  0.440901  0.397831  0.331933  0.526251  0.517593  0.489042  0.394752  0.519135  0.503617  0.351998  0.679429  0.488117  0.593864  0.433130  0.532676  0.476012  0.510674  0.282147  0.501016  0.324870  0.376872  0.764625 
24  0.592532  0.512882  0.471174  0.292159  0.292740  0.428485  0.431728  0.414476  0.410121  0.570564  0.526642  0.371015  0.639789  0.533753  0.601986  0.491103  0.557895  0.725957  0.426064  0.423282  0.768505  0.614773  0.494218  0.317321 0.0  0.388811  0.402007  0.741553  0.280147  0.357885  0.302653  0.424955  0.311760  0.452512  0.728565  0.612319  0.437575  0.469521  0.685099  0.441867  0.396068  0.596575  0.492247  0.305743  0.255742  0.709084  0.352491  0.463096  0.473307  0.213601  0.537020  0.352443  0.552150  0.480175  0.275611  0.273750  0.594245  0.578059  0.395354  0.367491  0.706127  0.530411  0.334844  0.664267  0.459747  0.310640  0.496848  0.780708  0.247174  0.655453  0.335061  0.558713  0.769042  0.613279  0.636320  0.537973  0.366835  0.293336  0.320037  0.712232  0.614170  0.508063  0.386268  0.270214  0.499200  0.180190  0.689584  0.463186  0.661878  0.441083  0.521093  0.292618  0.487864  0.450951  0.481174  0.349426  0.287164  0.657245 
25  0.561768  0.518435  0.411126  0.266675  0.492255  0.388345  0.247098  0.198555  0.457488  0.642315  0.586269  0.396482  0.498899  0.394633  0.649279  0.488090  0.406139  0.485096  0.384934  0.399207  0.608728  0.470835  0.245459  0.430846  0.388811 0.0  0.494194  0.500426  0.361571  0.329888  0.348463  0.482511  0.389731  0.447656  0.775131  0.419226  0.465909  0.509863  0.591242  0.423351  0.297560  0.618784  0.387196  0.357712  0.370777  0.571926  0.432449  0.573408  0.498229  0.540950  0.566316  0.332324  0.445885  0.610940  0.345448  0.562489  0.559026  0.667813  0.518540  0.414546  0.729052  0.506623  0.448521  0.656978  0.265327  0.410592  0.496235  0.620814  0.445659  0.654234  0.449400  0.597204  0.697552  0.569338  0.570726  0.471684  0.316382  0.468390  0.521604  0.668220  0.474908  0.519489  0.433391  0.478740  0.464269  0.387667  0.599881  0.418768  0.486494  0.285160  0.521640  0.486467  0.466628  0.360461  0.563733  0.409758  0.279905  0.773293 
26  0.553062  0.476051  0.450552  0.393164  0.365728  0.496933  0.342527  0.470052  0.440966  0.514822  0.698382  0.464861  0.703519  0.536370  0.647929  0.601465  0.455042  0.616139  0.372629  0.461167  0.722173  0.500806  0.406891  0.296788  0.402007  0.494194 0.0  0.670963  0.326476  0.379368  0.348003  0.541490  0.390457  0.543461  0.710223  0.523219  0.593943  0.502488  0.792331  0.317323  0.463890  0.489148  0.502268  0.409189  0.359671  0.745164  0.437296  0.487114  0.571819  0.358541  0.468928  0.288975  0.571033  0.609217  0.363893  0.305961  0.543753  0.631729  0.409824  0.380510  0.736258  0.448625  0.237666  0.636637  0.481166  0.353110  0.494972  0.692589  0.409173  0.576160  0.306960  0.701745  0.741247  0.588122  0.619384  0.459493  0.442887  0.327541  0.385701  0.573916  0.601689  0.553157  0.389403  0.376988  0.521808  0.179876  0.674074  0.506914  0.573270  0.343976  0.464921  0.369105  0.517520  0.307871  0.552720  0.316081  0.390971  0.786764 
27  0.670366  0.627739  0.548089  0.656424  0.694833  0.548405  0.586984  0.562378  0.686663  0.697718  0.614675  0.601850  0.531390  0.434307  0.888106  0.591012  0.494154  0.640350  0.645203  0.505830  0.594842  0.613438  0.575378  0.584339  0.741553  0.500426  0.670963 0.0  0.604034  0.720600  0.604700  0.588175  0.743321  0.402660  0.788027  0.504244  0.552539  0.709147  0.726179  0.585042  0.537389  0.635524  0.637970  0.646914  0.590478  0.709870  0.626763  0.502415  0.455277  0.710384  0.410622  0.597432  0.558956  0.637954  0.506504  0.576968  0.619665  0.585324  0.661103  0.679633  0.767160  0.640117  0.628780  0.604802  0.547414  0.612026  0.494278  0.533285  0.667301  0.761407  0.612705  0.576458  0.768006  0.733693  0.512460  0.505953  0.588475  0.631494  0.575634  0.713622  0.519206  0.607033  0.567518  0.527857  0.602327  0.567522  0.741661  0.585429  0.426500  0.494374  0.743967  0.536079  0.513364  0.633243  0.445841  0.634309  0.615505  0.873612 
28  0.552083  0.505619  0.552269  0.429932  0.314683  0.388444  0.382501  0.447889  0.535180  0.575776  0.561239  0.381462  0.649057  0.610967  0.637704  0.698071  0.451211  0.593045  0.433474  0.503934  0.684517  0.655844  0.549071  0.402488  0.280147  0.361571  0.326476  0.604034 0.0  0.335126  0.496882  0.442364  0.355596  0.533039  0.716959  0.486038  0.551418  0.587982  0.663053  0.388919  0.389306  0.550626  0.463811  0.403295  0.303416  0.680801  0.296118  0.484606  0.530691  0.388749  0.450376  0.332999  0.529433  0.457283  0.336677  0.333460  0.600880  0.560395  0.352761  0.447068  0.684611  0.438566  0.257158  0.682773  0.518911  0.333400  0.541170  0.626023  0.436668  0.678924  0.258796  0.506777  0.673396  0.678353  0.498446  0.557947  0.270212  0.347623  0.384654  0.658937  0.638962  0.674048  0.309911  0.329045  0.454669  0.351882  0.640191  0.567848  0.651749  0.453426  0.443751  0.530175  0.652079  0.339899  0.526042  0.337794  0.422786  0.732698 
29  0.607378  0.507645  0.495726  0.393251  0.377586  0.449380  0.361771  0.441261  0.468501  0.651203  0.649268  0.371033  0.615768  0.528840  0.584188  0.559425  0.545822  0.700613  0.297440  0.489570  0.684629  0.674525  0.458382  0.357699  0.357885  0.329888  0.379368  0.720600  0.335126 0.0  0.403460  0.474116  0.347073  0.573612  0.684827  0.553358  0.514849  0.592825  0.628914  0.441491  0.395974  0.449734  0.565626  0.378593  0.410444  0.761518  0.381916  0.452210  0.485025  0.314537  0.388210  0.334709  0.519713  0.544510  0.345490  0.348239  0.581506  0.640829  0.292891  0.414638  0.727837  0.516493  0.437979  0.692952  0.471434  0.234211  0.591809  0.722393  0.366129  0.603328  0.249748  0.517820  0.829773  0.601386  0.537970  0.610577  0.446514  0.398880  0.384993  0.613817  0.560548  0.561153  0.318547  0.429255  0.500712  0.282706  0.693556  0.458554  0.594178  0.454250  0.557611  0.396305  0.495785  0.438438  0.585230  0.362117  0.484240  0.719134 
30  0.648765  0.570468  0.342523  0.434659  0.342363  0.350086  0.298507  0.240856  0.335769  0.626331  0.633142  0.358884  0.575853  0.491755  0.579463  0.595235  0.376056  0.527563  0.384886  0.350335  0.608931  0.515911  0.460949  0.360253  0.302653  0.348463  0.348003  0.604700  0.496882  0.403460 0.0  0.358670  0.494839  0.394065  0.667542  0.577410  0.448077  0.517491  0.651743  0.404318  0.352498  0.450914  0.354846  0.288950  0.500940  0.710626  0.470472  0.478234  0.487569  0.341918  0.535853  0.316012  0.422406  0.483536  0.404526  0.526524  0.499631  0.600463  0.460378  0.460009  0.677856  0.587025  0.382819  0.646132  0.439592  0.399880  0.352991  0.622482  0.301093  0.617267  0.355198  0.503054  0.638620  0.582873  0.535191  0.451957  0.329368  0.308609  0.415635  0.515028  0.558860  0.460075  0.358347  0.493227  0.502560  0.414237  0.546266  0.417939  0.461790  0.364993  0.503201  0.421501  0.563513  0.380652  0.407647  0.462036  0.385479  0.654555 
31  0.525249  0.496884  0.440293  0.475890  0.423487  0.565770  0.487930  0.460772  0.444595  0.620052  0.583069  0.527283  0.613747  0.433307  0.724780  0.495303  0.499894  0.510587  0.538795  0.462775  0.569264  0.600897  0.466660  0.521518  0.424955  0.482511  0.541490  0.588175  0.442364  0.474116  0.358670 0.0  0.433079  0.420492  0.626759  0.372946  0.419929  0.426488  0.668889  0.398032  0.457054  0.614453  0.466094  0.628464  0.484995  0.725125  0.421814  0.361997  0.428592  0.564972  0.565671  0.359214  0.561232  0.479420  0.551799  0.500803  0.402107  0.566022  0.420271  0.489552  0.762103  0.495112  0.469381  0.550101  0.448892  0.470225  0.465517  0.533522  0.412129  0.671148  0.532962  0.525782  0.678764  0.617375  0.447165  0.493659  0.390561  0.590500  0.316949  0.569963  0.627524  0.332830  0.555773  0.603552  0.392406  0.516737  0.770608  0.409308  0.513895  0.507684  0.431594  0.453652  0.646989  0.429841  0.452436  0.415285  0.457479  0.633557 
32  0.630289  0.613453  0.524564  0.329694  0.485968  0.479802  0.369687  0.449908  0.486802  0.669520  0.675434  0.642068  0.624706  0.618949  0.681806  0.533124  0.522455  0.629359  0.426034  0.465415  0.666780  0.585028  0.438020  0.235605  0.311760  0.389731  0.390457  0.743321  0.355596  0.347073  0.494839  0.433079 0.0  0.627695  0.767598  0.568337  0.479184  0.518138  0.792051  0.337943  0.405769  0.587844  0.557203  0.398811  0.396956  0.759129  0.428794  0.540828  0.624338  0.358604  0.577700  0.297631  0.518144  0.561485  0.364069  0.443154  0.627786  0.598007  0.488424  0.320226  0.800271  0.513053  0.484047  0.657883  0.439346  0.337237  0.663305  0.718466  0.332316  0.574515  0.272692  0.624557  0.716200  0.781087  0.499687  0.580437  0.499706  0.286566  0.271879  0.664844  0.569294  0.493556  0.478674  0.392345  0.492383  0.320122  0.723103  0.524688  0.681214  0.516432  0.577549  0.459823  0.653023  0.351053  0.478729  0.441911  0.430190  0.672010 
33  0.608552  0.484932  0.502958  0.527417  0.576596  0.610824  0.379647  0.396023  0.461089  0.614008  0.658591  0.535631  0.478438  0.692411  0.606984  0.638918  0.376651  0.556777  0.562101  0.373948  0.621253  0.566222  0.568912  0.610596  0.452512  0.447656  0.543461  0.402660  0.533039  0.573612  0.394065  0.420492  0.627695 0.0  0.553437  0.506642  0.382343  0.412563  0.614474  0.591607  0.450267  0.450341  0.515177  0.506382  0.518248  0.655512  0.514596  0.450339  0.323994  0.599757  0.601881  0.511853  0.545154  0.547820  0.524025  0.535516  0.509724  0.611544  0.531311  0.488051  0.580185  0.567481  0.509272  0.677783  0.440266  0.485896  0.365379  0.556813  0.550202  0.577234  0.507907  0.486889  0.612287  0.533762  0.551801  0.397893  0.399157  0.572646  0.586723  0.663739  0.584290  0.534184  0.609247  0.583531  0.431268  0.566896  0.689284  0.537903  0.421134  0.329619  0.579796  0.512326  0.624958  0.573086  0.485077  0.603437  0.452439  0.709736 
34  0.625891  0.720009  0.740870  0.683111  0.776411  0.779046  0.672142  0.684297  0.672021  0.908324  0.836238  0.642106  0.662476  0.871558  0.672311  0.843475  0.684898  0.641341  0.838704  0.780648  0.835424  0.730019  0.616944  0.731093  0.728565  0.775131  0.710223  0.788027  0.716959  0.684827  0.667542  0.626759  0.767598  0.553437 0.0  0.572124  0.712739  0.690856  0.655264  0.771696  0.753528  0.581877  0.710593  0.650546  0.726929  0.370538  0.792882  0.643244  0.571621  0.718043  0.616388  0.821491  0.595884  0.634901  0.662355  0.857949  0.673412  0.940057  0.684963  0.687559  0.413595  0.675382  0.697589  0.828538  0.600958  0.734524  0.673981  0.753736  0.754333  0.648123  0.789879  0.739640  0.461542  0.770570  0.737643  0.666526  0.609843  0.749803  0.695925  0.877563  0.775909  0.814290  0.682822  0.813325  0.634619  0.792668  0.641226  0.690153  0.725289  0.722050  0.822555  0.751258  0.765940  0.702382  0.786738  0.697122  0.777930  0.691863 
35  0.570076  0.385545  0.434185  0.401857  0.517421  0.606859  0.532971  0.428542  0.597144  0.628930  0.507110  0.520431  0.530742  0.633258  0.770292  0.562804  0.525800  0.522183  0.605433  0.512119  0.565189  0.468459  0.566408  0.529788  0.612319  0.419226  0.523219  0.504244  0.486038  0.553358  0.577410  0.372946  0.568337  0.506642  0.572124 0.0  0.377671  0.420207  0.606165  0.582744  0.380402  0.217075  0.456875  0.464453  0.566875  0.660520  0.578446  0.394280  0.525646  0.590859  0.485327  0.580762  0.337508  0.448774  0.557082  0.643072  0.481220  0.589172  0.494818  0.542681  0.628436  0.428397  0.507457  0.506711  0.418681  0.527967  0.359488  0.601316  0.577484  0.677761  0.544250  0.656498  0.614528  0.629345  0.398262  0.156524  0.533677  0.585425  0.676756  0.729777  0.465048  0.526643  0.559000  0.563211  0.460205  0.584750  0.607472  0.485067  0.580993  0.518969  0.510596  0.481899  0.613034  0.528406  0.534544  0.570405  0.553039  0.772867 
36  0.543614  0.385035  0.180540  0.438079  0.489078  0.433309  0.440023  0.403805  0.333514  0.526681  0.392725  0.475920  0.426836  0.597213  0.606541  0.400671  0.540423  0.436516  0.518992  0.356898  0.558910  0.474546  0.487341  0.508455  0.437575  0.465909  0.593943  0.552539  0.551418  0.514849  0.448077  0.419929  0.479184  0.382343  0.712739  0.377671 0.0  0.386664  0.686801  0.436622  0.476772  0.386491  0.460575  0.418882  0.371093  0.663817  0.451801  0.446888  0.396625  0.472340  0.511858  0.534736  0.453659  0.565010  0.415096  0.493171  0.322405  0.516369  0.484831  0.424982  0.661508  0.485192  0.495115  0.459503  0.367756  0.555852  0.445376  0.587349  0.501289  0.648845  0.486089  0.546910  0.767663  0.427848  0.438323  0.509952  0.310521  0.536605  0.373082  0.420249  0.404728  0.387301  0.533296  0.598096  0.425286  0.476414  0.596215  0.418010  0.554943  0.452486  0.420601  0.533430  0.632412  0.467195  0.217680  0.440164  0.426158  0.605355 
37  0.619371  0.502554  0.255605  0.506940  0.598200  0.643639  0.590123  0.551037  0.488580  0.486438  0.614072  0.681222  0.489899  0.537818  0.658285  0.456095  0.494413  0.465038  0.522783  0.626437  0.669942  0.538602  0.520165  0.542006  0.469521  0.509863  0.502488  0.709147  0.587982  0.592825  0.517491  0.426488  0.518138  0.412563  0.690856  0.420207  0.386664 0.0  0.733894  0.545452  0.511918  0.464172  0.451734  0.413213  0.560187  0.714673  0.474874  0.528823  0.410810  0.595311  0.558993  0.515006  0.488909  0.371373  0.430980  0.687518  0.451785  0.555778  0.476973  0.540399  0.730647  0.502341  0.509396  0.492614  0.508277  0.640262  0.438910  0.630927  0.526094  0.661773  0.509902  0.703610  0.718120  0.612756  0.517664  0.507872  0.516473  0.614348  0.541789  0.693658  0.524959  0.485955  0.620920  0.600513  0.444459  0.541778  0.789790  0.453069  0.677504  0.519888  0.545822  0.573529  0.662755  0.503513  0.382217  0.602713  0.429933  0.607480 
38  0.761759  0.772978  0.734721  0.760996  0.616608  0.757713  0.557247  0.631352  0.669644  0.753896  0.881186  0.606189  0.606590  0.826892  0.353834  0.748764  0.704300  0.775240  0.666294  0.752882  0.931081  0.677139  0.711218  0.821281  0.685099  0.591242  0.792331  0.726179  0.663053  0.628914  0.651743  0.668889  0.792051  0.614474  0.655264  0.606165  0.686801  0.733894 0.0  0.697838  0.691090  0.691712  0.786430  0.739162  0.734287  0.636201  0.715405  0.684282  0.720525  0.683367  0.782649  0.665959  0.455544  0.733494  0.708516  0.716225  0.704616  0.739949  0.612643  0.649298  0.643989  0.638837  0.699461  0.700794  0.634294  0.662816  0.659921  0.719283  0.808667  0.321207  0.686134  0.711800  0.682847  0.648584  0.683791  0.717740  0.640796  0.750580  0.706654  0.849024  0.670211  0.768922  0.719476  0.783038  0.680182  0.676793  0.249657  0.648063  0.803426  0.617847  0.731391  0.680671  0.754380  0.736690  0.708510  0.722714  0.788904  0.703190 
39  0.587766  0.591016  0.513855  0.450859  0.342960  0.506075  0.521968  0.415759  0.454005  0.626851  0.663617  0.467981  0.492573  0.639322  0.692052  0.551288  0.604656  0.566138  0.376067  0.397132  0.739697  0.541788  0.399184  0.378157  0.441867  0.423351  0.317323  0.585042  0.388919  0.441491  0.404318  0.398032  0.337943  0.591607  0.771696  0.582744  0.436622  0.545452  0.697838 0.0  0.398282  0.525007  0.496588  0.371220  0.248612  0.803007  0.360137  0.362075  0.491362  0.430982  0.616825  0.362753  0.515136  0.502109  0.291622  0.449996  0.508638  0.518134  0.441396  0.435689  0.798747  0.564640  0.434163  0.574519  0.393281  0.468835  0.541203  0.695616  0.351873  0.779202  0.341536  0.566359  0.898394  0.674012  0.674803  0.570118  0.446049  0.427826  0.403795  0.656853  0.622570  0.359986  0.482906  0.391136  0.488173  0.330444  0.713682  0.538447  0.653432  0.406760  0.499890  0.530699  0.621052  0.364016  0.534998  0.459751  0.385975  0.700134 
