98
0 0.0  0.487904  0.536350  0.508649  0.603146  0.519997  0.538732  0.520223  0.449884  0.780925  0.545062  0.501868  0.379782  0.332551  0.618188  0.801314  0.324136  0.528988  0.714189  0.535373  0.684204  0.592033  0.501192  0.473240  0.491690  0.729345  0.455574  0.559608  0.490718  0.428935  0.390700  0.456588  0.393470  0.540272  0.848948  0.721345  0.591422  0.424478  0.575741  0.489861  0.835414  0.422677  0.565153  0.444835  0.504119  0.397274  0.482092  0.477284  0.645406  0.546445  0.458774  0.450324  0.500533  0.570609  0.431376  0.490960  0.645845  0.722364  0.625596  0.411555  0.425865  0.471124  0.306237  0.516233  0.514396  0.426789  0.448664  0.467778  0.493053  0.361518  0.444486  0.451853  0.626979  0.687677  0.597635  0.654765  0.408170  0.509877  0.522894  0.600523  0.458594  0.502600  0.587118  0.493690  0.572587  0.618257  0.447326  0.456069  0.747003  0.602826  0.522627  0.636269  0.518587  0.584403  0.561723  0.650168  0.411181  0.642395 
1  0.487904 0.0  0.759710  0.568981  0.466380  0.590561  0.548233  0.546372  0.592164  0.851551  0.509307  0.611316  0.474304  0.494015  0.574688  0.780358  0.403747  0.677458  0.828527  0.610301  0.622679  0.565671  0.537485  0.573858  0.609859  0.821464  0.494997  0.481042  0.528329  0.489168  0.670499  0.546141  0.491508  0.438649  0.822843  0.514561  0.571759  0.631767  0.574705  0.557516  0.839735  0.549037  0.574488  0.605776  0.551478  0.515886  0.595907  0.682022  0.568223  0.590233  0.393400  0.588200  0.546903  0.543690  0.467768  0.709145  0.601393  0.771414  0.519763  0.593723  0.530580  0.498363  0.485329  0.504398  0.520233  0.524902  0.604279  0.466079  0.463669  0.510754  0.418043  0.655566  0.726290  0.463513  0.650077  0.636008  0.536488  0.500452  0.530232  0.746241  0.511216  0.574295  0.372788  0.424896  0.571850  0.496328  0.607805  0.536778  0.684551  0.564162  0.537651  0.541871  0.475852  0.664428  0.508322  0.634121  0.542464  0.547921 
2  0.536350  0.759710 0.0  0.766525  0.683005  0.728576  0.722869  0.688448  0.689497  0.616674  0.556418  0.875546  0.714428  0.707945  0.771468  0.687596  0.641666  0.600736  0.658407  0.698217  0.704818  0.667731  0.665393  0.769796  0.698501  0.755347  0.761070  0.713718  0.595608  0.657564  0.679468  0.764478  0.577908  0.792732  0.678887  0.690036  0.740028  0.747639  0.695847  0.695852  0.358262  0.750528  0.700860  0.587795  0.728292  0.735038  0.650124  0.674644  0.624383  0.668183  0.694138  0.709389  0.752057  0.760853  0.624861  0.719671  0.792431  0.774294  0.800998  0.682607  0.775751  0.468780  0.649400  0.728804  0.762386  0.633539  0.662863  0.671222  0.759708  0.744381  0.658557  0.694210  0.691628  0.776299  0.745673  0.768402  0.568072  0.747430  0.621491  0.597742  0.605523  0.703281  0.877996  0.803131  0.666378  0.664033  0.638373  0.536935  0.751637  0.776904  0.689088  0.723506  0.777773  0.643961  0.688086  0.684429  0.629383  0.705403 
3  0.508649  0.568981  0.766525 0.0  0.583916  0.448076  0.372562  0.405054  0.689317  0.784610  0.575635  0.485920  0.535836  0.596805  0.647854  0.820191  0.499694  0.495773  0.777735  0.668948  0.767116  0.526141  0.624209  0.487079  0.358158  0.708751  0.562344  0.591480  0.393220  0.607428  0.519635  0.444145  0.521576  0.550583  0.721174  0.603580  0.532943  0.658808  0.554332  0.518133  0.768209  0.576235  0.596658  0.591338  0.455232  0.531229  0.472136  0.487062  0.400972  0.598640  0.541028  0.573615  0.598595  0.643264  0.573583  0.594790  0.543023  0.788084  0.588715  0.534999  0.591588  0.374610  0.483321  0.446615  0.577458  0.455745  0.512445  0.445715  0.451362  0.316928  0.291740  0.500347  0.590440  0.509485  0.547470  0.476740  0.383877  0.423804  0.532599  0.643813  0.409080  0.495561  0.328201  0.297973  0.528886  0.624577  0.556880  0.465106  0.752900  0.428885  0.500371  0.588219  0.531445  0.448351  0.501547  0.617694  0.667603  0.566875 
4  0.603146  0.466380  0.683005  0.583916 0.0  0.769292  0.649345  0.564529  0.416603  0.672963  0.610336  0.526400  0.578070  0.710305  0.465322  0.699520  0.607786  0.289957  0.700518  0.580500  0.885206  0.289905  0.657949  0.727339  0.530166  0.693438  0.666545  0.737124  0.575381  0.502022  0.579990  0.528195  0.629575  0.659263  0.648269  0.568601  0.596793  0.571504  0.625180  0.640900  0.775564  0.566026  0.625883  0.373535  0.544407  0.559105  0.531149  0.666600  0.760478  0.755179  0.568535  0.762787  0.569140  0.563908  0.575680  0.784102  0.438370  0.768100  0.540187  0.615272  0.473604  0.499894  0.614719  0.640287  0.648838  0.571967  0.418241  0.683625  0.635358  0.609300  0.544375  0.556911  0.550019  0.580995  0.648734  0.610777  0.627080  0.542686  0.637559  0.511432  0.411101  0.663999  0.521691  0.559779  0.556504  0.500854  0.593464  0.655721  0.759354  0.629617  0.632724  0.486046  0.777452  0.572790  0.617523  0.719214  0.608767  0.697583 
5  0.519997  0.590561  0.728576  0.448076  0.769292 0.0  0.347342  0.479271  0.555734  0.779927  0.478219  0.628988  0.489105  0.325921  0.536944  0.769905  0.545186  0.621165  0.749811  0.548235  0.840146  0.694177  0.695378  0.381616  0.372311  0.771185  0.347409  0.412539  0.517316  0.507030  0.474775  0.371290  0.416486  0.279154  0.769602  0.682148  0.749343  0.438894  0.366427  0.320080  0.758761  0.426563  0.251782  0.463432  0.533653  0.317131  0.508109  0.462123  0.355417  0.374432  0.638455  0.340809  0.324329  0.461767  0.497678  0.716632  0.574953  0.636917  0.601214  0.319381  0.596551  0.471287  0.380694  0.325022  0.267713  0.395134  0.509863  0.279603  0.512604  0.610465  0.515569  0.252314  0.598882  0.490550  0.430466  0.650583  0.328207  0.419188  0.461960  0.730018  0.462698  0.417515  0.476497  0.577313  0.520136  0.669347  0.270638  0.483077  0.800318  0.390931  0.412852  0.615920  0.447528  0.644330  0.336173  0.736303  0.633180  0.456949 
6  0.538732  0.548233  0.722869  0.372562  0.649345  0.347342 0.0  0.456043  0.472894  0.822886  0.541132  0.595886  0.498823  0.446650  0.530356  0.878199  0.491278  0.651605  0.982076  0.564164  0.753206  0.620279  0.659833  0.482963  0.486124  0.808189  0.463115  0.365279  0.292544  0.558855  0.679510  0.452007  0.479173  0.569177  0.810299  0.620118  0.721713  0.402124  0.503137  0.397709  0.713878  0.568783  0.537294  0.609616  0.541003  0.355156  0.539848  0.583838  0.439636  0.535679  0.472114  0.466482  0.578106  0.309674  0.404330  0.787714  0.576525  0.701963  0.514054  0.447752  0.557182  0.487230  0.583207  0.459862  0.415415  0.464649  0.645748  0.498824  0.461552  0.511269  0.642415  0.490380  0.556447  0.535784  0.415377  0.523000  0.418894  0.473784  0.423799  0.714482  0.479207  0.420214  0.423043  0.590468  0.396359  0.517898  0.411466  0.494342  0.810165  0.525712  0.473883  0.509725  0.364480  0.554090  0.515376  0.668583  0.601437  0.452578 
7  0.520223  0.546372  0.688448  0.405054  0.564529  0.479271  0.456043 0.0  0.583317  0.637950  0.311411  0.664792  0.537880  0.419737  0.612751  0.609562  0.491586  0.552420  0.580718  0.613224  0.751839  0.494512  0.572798  0.454667  0.491933  0.694091  0.397337  0.435770  0.305408  0.385704  0.609770  0.442744  0.408885  0.499257  0.707973  0.611503  0.796010  0.323090  0.490664  0.496314  0.720744  0.522961  0.428055  0.569217  0.526945  0.507695  0.314252  0.400861  0.483046  0.591321  0.533367  0.537821  0.469668  0.590413  0.403811  0.570435  0.564602  0.679543  0.712809  0.424805  0.593701  0.384795  0.560253  0.307925  0.410515  0.415232  0.598765  0.347540  0.320971  0.499626  0.413911  0.398165  0.719901  0.420776  0.404765  0.573338  0.374824  0.423533  0.427696  0.562366  0.236291  0.353023  0.506683  0.624280  0.331662  0.600642  0.375037  0.448802  0.891997  0.464613  0.465825  0.495295  0.410388  0.580829  0.384091  0.677252  0.526369  0.488159 
8  0.449884  0.592164  0.689497  0.689317  0.416603  0.555734  0.472894  0.583317 0.0  0.727252  0.584870  0.527609  0.555892  0.590860  0.748198  0.679641  0.512649  0.590303  0.831085  0.252172  0.712063  0.615585  0.591283  0.466535  0.517891  0.796182  0.533631  0.540814  0.596046  0.547467  0.255446  0.520577  0.591934  0.620133  0.767763  0.625677  0.538487  0.494051  0.596223  0.582795  0.711350  0.443432  0.576288  0.477727  0.448681  0.561331  0.469588  0.522192  0.523891  0.612896  0.630176  0.680974  0.564141  0.619575  0.532164  0.548241  0.606211  0.825324  0.660563  0.665500  0.499731  0.591351  0.507666  0.549758  0.503248  0.528376  0.581919  0.615462  0.569476  0.513748  0.603167  0.671004  0.647155  0.683998  0.614832  0.652523  0.494007  0.698908  0.489794  0.568612  0.608156  0.698377  0.704199  0.688538  0.600211  0.699524  0.458001  0.576617  0.791184  0.557829  0.618276  0.528643  0.663789  0.533892  0.612578  0.568788  0.360348  0.599858 
9  0.780925  0.851551  0.616674  0.784610  0.672963  0.779927  0.822886  0.637950  0.727252 0.0  0.604542  0.871025  0.801495  0.746617  0.770117  0.401148  0.582367  0.687370  0.485002  0.663749  0.518942  0.713045  0.773457  0.765987  0.733970  0.496772  0.869735  0.806356  0.731265  0.580049  0.721842  0.657497  0.659777  0.702022  0.479264  0.738483  0.737388  0.821393  0.717494  0.748785  0.590745  0.811560  0.729046  0.664523  0.701915  0.777208  0.683323  0.717817  0.740642  0.790126  0.751921  0.783925  0.713634  0.788597  0.755020  0.692788  0.621320  0.492000  0.862688  0.678350  0.780367  0.579426  0.703532  0.685983  0.667841  0.807499  0.600720  0.805480  0.721146  0.670402  0.630325  0.761624  0.786349  0.705036  0.648644  0.909378  0.775608  0.759982  0.708790  0.588038  0.745877  0.762493  0.892559  0.899637  0.692363  0.764793  0.820933  0.719305  0.568889  0.932608  0.826384  0.728900  0.803728  0.794114  0.720913  0.815490  0.772137  0.860053 
10  0.545062  0.509307  0.556418  0.575635  0.610336  0.478219  0.541132  0.311411  0.584870  0.604542 0.0  0.694034  0.497141  0.393253  0.541988  0.697647  0.535206  0.541374  0.670990  0.515175  0.867015  0.561515  0.619102  0.461383  0.366289  0.790490  0.468135  0.319254  0.354535  0.382146  0.583877  0.528752  0.406949  0.390396  0.669817  0.653266  0.707627  0.400429  0.439240  0.409768  0.737272  0.613400  0.397128  0.531382  0.463567  0.294379  0.435508  0.264942  0.445162  0.426836  0.460044  0.327880  0.313379  0.499296  0.316761  0.755581  0.627360  0.627375  0.693617  0.468792  0.638808  0.470486  0.439806  0.406894  0.512155  0.478731  0.465138  0.328599  0.382248  0.609962  0.499601  0.429254  0.663818  0.575575  0.448003  0.610871  0.478732  0.442062  0.423722  0.602196  0.446273  0.445972  0.523251  0.719549  0.476056  0.586705  0.451057  0.403663  0.786487  0.465569  0.500213  0.501599  0.511077  0.548561  0.546187  0.711683  0.628449  0.439488 
11  0.501868  0.611316  0.875546  0.485920  0.526400  0.628988  0.595886  0.664792  0.527609  0.871025  0.694034 0.0  0.572260  0.598562  0.404056  0.960359  0.691252  0.615395  0.881382  0.698948  0.788441  0.667635  0.789021  0.688299  0.625673  0.922493  0.666036  0.552060  0.635308  0.598756  0.599306  0.542057  0.583701  0.643440  0.975431  0.748886  0.464329  0.761399  0.762021  0.705205  0.803379  0.536310  0.603905  0.591842  0.613326  0.635498  0.594332  0.775187  0.727703  0.682753  0.618633  0.684560  0.653975  0.483132  0.677457  0.633234  0.562589  0.845977  0.283323  0.714793  0.453059  0.737242  0.558554  0.639851  0.707940  0.643753  0.605116  0.662601  0.691181  0.443769  0.580619  0.646259  0.406029  0.597655  0.703321  0.453185  0.708257  0.708799  0.621732  0.704192  0.585943  0.599517  0.541220  0.571064  0.622348  0.387405  0.745380  0.706407  0.839649  0.561418  0.740934  0.642508  0.556593  0.616280  0.632402  0.657773  0.624030  0.577663 
12  0.379782  0.474304  0.714428  0.535836  0.578070  0.489105  0.498823  0.537880  0.555892  0.801495  0.497141  0.572260 0.0  0.462280  0.495867  0.701602  0.340247  0.481936  0.817646  0.483013  0.673800  0.663315  0.479736  0.440200  0.557122  0.738044  0.443233  0.429273  0.521244  0.465854  0.547851  0.437814  0.420045  0.524158  0.744685  0.620454  0.662821  0.533792  0.491394  0.515429  0.654768  0.531864  0.565833  0.471512  0.495830  0.473849  0.589627  0.542433  0.478584  0.485127  0.559715  0.568341  0.327791  0.461611  0.497447  0.490467  0.552975  0.729355  0.692283  0.546843  0.459847  0.423745  0.362909  0.499932  0.383442  0.435302  0.477066  0.452566  0.440488  0.261538  0.496221  0.405768  0.662815  0.524388  0.393898  0.530554  0.513724  0.547534  0.506805  0.698810  0.427981  0.561854  0.581556  0.498554  0.483457  0.703667  0.578140  0.524275  0.782446  0.572004  0.458254  0.449648  0.551741  0.646208  0.481334  0.650663  0.318451  0.425536 
13  0.332551  0.494015  0.707945  0.596805  0.710305  0.325921  0.446650  0.419737  0.590860  0.746617  0.393253  0.598562  0.462280 0.0  0.677950  0.751405  0.461980  0.465690  0.828571  0.558025  0.718867  0.575087  0.602817  0.405108  0.506536  0.834474  0.391308  0.259475  0.401362  0.406095  0.497397  0.482867  0.374482  0.413159  0.725667  0.684645  0.753428  0.227808  0.447761  0.303267  0.880208  0.454511  0.380151  0.571539  0.379172  0.382266  0.413226  0.492158  0.420562  0.385061  0.556149  0.283975  0.393662  0.512952  0.489804  0.578436  0.644717  0.730235  0.718978  0.377233  0.512941  0.573178  0.478532  0.478941  0.341154  0.310024  0.546554  0.350525  0.336699  0.475834  0.418773  0.344187  0.631401  0.612685  0.379027  0.717720  0.388938  0.239356  0.417056  0.646117  0.415699  0.309341  0.615587  0.501878  0.427608  0.571455  0.408841  0.417877  0.828772  0.446101  0.386829  0.704425  0.488412  0.494817  0.364138  0.659140  0.567350  0.380543 
14  0.618188  0.574688  0.771468  0.647854  0.465322  0.536944  0.530356  0.612751  0.748198  0.770117  0.541988  0.404056  0.495867  0.677950 0.0  0.934348  0.546359  0.506268  0.854022  0.573804  0.750371  0.518248  0.625466  0.662396  0.626652  0.907766  0.664800  0.651295  0.578830  0.606997  0.547497  0.507899  0.703604  0.676282  0.855249  0.667743  0.575299  0.700043  0.573474  0.522439  0.742041  0.618261  0.588250  0.475850  0.700023  0.684153  0.588350  0.586346  0.591315  0.720134  0.420684  0.489415  0.651816  0.514945  0.581138  0.614442  0.594103  0.889449  0.338224  0.598619  0.428473  0.544348  0.476852  0.508882  0.723687  0.613841  0.655189  0.580366  0.669640  0.647738  0.615084  0.606674  0.427352  0.564755  0.634555  0.372629  0.511103  0.719617  0.610375  0.668814  0.631813  0.509919  0.704381  0.689680  0.634270  0.499345  0.561088  0.645258  0.815586  0.597568  0.755284  0.595837  0.555317  0.576814  0.574873  0.680850  0.405390  0.668132 
15  0.801314  0.780358  0.687596  0.820191  0.699520  0.769905  0.878199  0.609562  0.679641  0.401148  0.697647  0.960359  0.701602  0.751405  0.934348 0.0  0.733741  0.721800  0.305532  0.590817  0.557623  0.727209  0.754782  0.774847  0.595682  0.299624  0.810106  0.838838  0.772774  0.612276  0.741848  0.672732  0.708518  0.740985  0.175895  0.610072  0.786741  0.812565  0.823210  0.945686  0.708450  0.654055  0.825044  0.554248  0.673127  0.765499  0.723846  0.730990  0.820421  0.728276  0.727291  0.747656  0.887172  0.734876  0.648318  0.780990  0.706116  0.470644  0.762714  0.768023  0.652415  0.658451  0.750326  0.791735  0.797721  0.691939  0.554254  0.742857  0.810310  0.747322  0.708268  0.692984  0.912563  0.844304  0.811639  0.933355  0.717932  0.804055  0.694740  0.675707  0.716255  0.832947  0.859717  0.856888  0.612743  0.841278  0.852823  0.832810  0.429501  0.728223  0.793887  0.693089  0.862289  0.742041  0.793955  0.763335  0.649274  0.738959 
16  0.324136  0.403747  0.641666  0.499694  0.607786  0.545186  0.491278  0.491586  0.512649  0.582367  0.535206  0.691252  0.340247  0.461980  0.546359  0.733741 0.0  0.504965  0.747399  0.599952  0.562295  0.661485  0.522232  0.467679  0.442636  0.753168  0.324114  0.527756  0.430827  0.444863  0.447026  0.468498  0.451738  0.516284  0.684358  0.756884  0.612611  0.463091  0.539091  0.657079  0.905549  0.418657  0.544709  0.521007  0.494930  0.455896  0.537104  0.535778  0.531286  0.395026  0.563212  0.575522  0.555697  0.516971  0.482199  0.537905  0.560175  0.860633  0.672458  0.478252  0.474350  0.455538  0.431100  0.465870  0.502186  0.419736  0.544027  0.485582  0.443355  0.353543  0.453574  0.489150  0.735796  0.547099  0.481922  0.591814  0.545758  0.466042  0.630334  0.536299  0.450964  0.513133  0.460180  0.506349  0.393792  0.658912  0.509287  0.522416  0.850531  0.481179  0.554961  0.538021  0.598560  0.521360  0.478007  0.576730  0.502432  0.578288 
17  0.528988  0.677458  0.600736  0.495773  0.289957  0.621165  0.651605  0.552420  0.590303  0.687370  0.541374  0.615395  0.481936  0.465690  0.506268  0.721800  0.504965 0.0  0.680501  0.467722  0.650633  0.417544  0.665578  0.575351  0.327911  0.739389  0.509080  0.621934  0.414960  0.499062  0.543910  0.455730  0.574252  0.443808  0.679939  0.462026  0.718085  0.557080  0.590348  0.569278  0.706903  0.347096  0.431976  0.424059  0.601796  0.684477  0.439794  0.628314  0.565035  0.582806  0.372337  0.591502  0.550602  0.555384  0.448383  0.607709  0.389731  0.741848  0.654207  0.510594  0.543105  0.433385  0.653260  0.503683  0.478025  0.508745  0.368384  0.456487  0.594203  0.483383  0.514914  0.645772  0.605797  0.646386  0.724920  0.569552  0.497877  0.610681  0.488901  0.544701  0.506476  0.584228  0.581737  0.666634  0.562812  0.621132  0.417838  0.489632  0.736897  0.668827  0.548338  0.344078  0.622343  0.617229  0.587705  0.652756  0.498365  0.529341 
18  0.714189  0.828527  0.658407  0.777735  0.700518  0.749811  0.982076  0.580718  0.831085  0.485002  0.670990  0.881382  0.817646  0.828571  0.854022  0.305532  0.747399  0.680501 0.0  0.624964  0.667732  0.794793  0.739857  0.901655  0.747441  0.262366  0.804929  0.822519  0.741456  0.598969  0.799956  0.708051  0.715058  0.692866  0.252976  0.706932  0.975761  0.796403  0.853554  0.859781  0.702864  0.734448  0.740100  0.664467  0.706858  0.814184  0.701862  0.762420  0.801600  0.734206  0.627159  0.817308  0.829719  0.867369  0.791992  0.853611  0.705903  0.567656  0.834962  0.883674  0.809017  0.676274  0.772744  0.637464  0.826941  0.630947  0.638055  0.698131  0.765879  0.722344  0.635638  0.745857  0.812112  0.774483  0.763583  0.843059  0.731011  0.923472  0.827032  0.720798  0.837797  0.813082  0.814721  0.752237  0.774641  0.813417  0.812536  0.897647  0.318353  0.895730  0.824409  0.598864  0.839111  0.811076  0.760804  0.919607  0.632103  0.822258 
19  0.535373  0.610301  0.698217  0.668948  0.580500  0.548235  0.564164  0.613224  0.252172  0.663749  0.515175  0.698948  0.483013  0.558025  0.573804  0.590817  0.599952  0.467722  0.624964 0.0  0.603924  0.517505  0.623616  0.521045  0.390417  0.803117  0.559855  0.520948  0.418396  0.498452  0.266048  0.356055  0.552199  0.514992  0.765951  0.604018  0.794828  0.479069  0.642117  0.458706  0.677331  0.505009  0.540432  0.537520  0.330807  0.562706  0.569396  0.491878  0.526578  0.562752  0.546419  0.581606  0.508966  0.556413  0.577146  0.646426  0.529533  0.640944  0.663547  0.463408  0.555179  0.487335  0.523197  0.529653  0.558065  0.646500  0.479934  0.610418  0.567618  0.558903  0.467527  0.560718  0.666080  0.590709  0.580910  0.706341  0.511435  0.503869  0.601572  0.638130  0.581941  0.649581  0.642554  0.662245  0.682673  0.591565  0.494459  0.522398  0.779958  0.617599  0.648534  0.492584  0.542633  0.500477  0.435685  0.613997  0.295600  0.561416 
20  0.684204  0.622679  0.704818  0.767116  0.885206  0.840146  0.753206  0.751839  0.712063  0.518942  0.867015  0.788441  0.673800  0.718867  0.750371  0.557623  0.562295  0.650633  0.667732  0.603924 0.0  0.798856  0.629200  0.683954  0.694709  0.614043  0.647460  0.809407  0.732695  0.596168  0.738510  0.701858  0.766226  0.814124  0.607968  0.812956  0.683507  0.721775  0.855195  0.770333  0.666387  0.670864  0.885523  0.617397  0.691612  0.746789  0.774559  0.878583  0.802130  0.710846  0.684674  0.642178  0.717842  0.760974  0.669024  0.715610  0.776379  0.566344  0.736027  0.743509  0.705523  0.842228  0.512764  0.733330  0.827369  0.575073  0.673071  0.774119  0.638447  0.624053  0.608876  0.616687  0.742859  0.836047  0.783419  0.744847  0.670469  0.668967  0.790861  0.789553  0.751213  0.826085  0.785937  0.813139  0.660734  0.947922  0.646661  0.672965  0.716901  0.843854  0.549465  0.657081  0.859289  0.893438  0.682678  0.658952  0.718234  0.729786 
21  0.592033  0.565671  0.667731  0.526141  0.289905  0.694177  0.620279  0.494512  0.615585  0.713045  0.561515  0.667635  0.663315  0.575087  0.518248  0.727209  0.661485  0.417544  0.794793  0.517505  0.798856 0.0  0.645103  0.733386  0.648833  0.687087  0.727128  0.583514  0.451631  0.484269  0.594363  0.598273  0.547282  0.603792  0.603213  0.489855  0.611113  0.767142  0.595365  0.519126  0.713997  0.449448  0.730062  0.334077  0.551817  0.638213  0.580574  0.649278  0.760240  0.569971  0.494123  0.707899  0.644284  0.647045  0.614067  0.640540  0.373945  0.675244  0.713711  0.635206  0.562085  0.451471  0.571658  0.624722  0.590629  0.664911  0.571647  0.543204  0.776226  0.609416  0.467206  0.703550  0.624029  0.483923  0.694238  0.521043  0.607942  0.605755  0.672421  0.682129  0.615451  0.556500  0.655690  0.598462  0.434086  0.492636  0.576167  0.693403  0.785225  0.647506  0.578869  0.418525  0.668097  0.536816  0.546496  0.694576  0.459712  0.574360 
22  0.501192  0.537485  0.665393  0.624209  0.657949  0.695378  0.659833  0.572798  0.591283  0.773457  0.619102  0.789021  0.479736  0.602817  0.625466  0.754782  0.522232  0.665578  0.739857  0.623616  0.629200  0.645103 0.0  0.729049  0.671532  0.838020  0.560315  0.664356  0.741918  0.610127  0.651794  0.521009  0.664755  0.722245  0.740377  0.751378  0.476120  0.598546  0.706202  0.577156  0.774102  0.533248  0.672990  0.683194  0.550913  0.645509  0.610578  0.543677  0.648951  0.718209  0.600261  0.669315  0.711221  0.725963  0.694296  0.452117  0.699235  0.820058  0.681061  0.724360  0.586607  0.698128  0.435077  0.631703  0.694914  0.641338  0.562740  0.629709  0.665638  0.557694  0.651652  0.542502  0.724838  0.732951  0.694165  0.673576  0.584762  0.569738  0.586725  0.511434  0.494592  0.741405  0.709592  0.595786  0.628992  0.619711  0.633039  0.605644  0.777778  0.753552  0.770463  0.744082  0.781325  0.699837  0.701339  0.594721  0.580938  0.678472 
23  0.473240  0.573858  0.769796  0.487079  0.727339  0.381616  0.482963  0.454667  0.466535  0.765987  0.461383  0.688299  0.440200  0.405108  0.662396  0.774847  0.467679  0.575351  0.901655  0.521045  0.683954  0.733386  0.729049 0.0  0.527579  0.814504  0.542446  0.333677  0.425505  0.477446  0.571950  0.361233  0.401538  0.293358  0.820201  0.665280  0.711257  0.420986  0.435530  0.331368  0.777451  0.478209  0.347578  0.634808  0.477592  0.503752  0.334366  0.394115  0.355874  0.381835  0.715224  0.430895  0.263639  0.571233  0.445225  0.732590  0.710264  0.780801  0.648873  0.403430  0.651730  0.537751  0.495310  0.421699  0.370648  0.468423  0.535847  0.485692  0.470301  0.587699  0.545299  0.357107  0.597742  0.671727  0.435459  0.678037  0.330083  0.368947  0.370762  0.673253  0.418760  0.367308  0.525123  0.601823  0.464099  0.587251  0.308709  0.338185  0.852742  0.459303  0.373657  0.579447  0.516730  0.604299  0.449454  0.661236  0.621357  0.467660 
24  0.491690  0.609859  0.698501  0.358158  0.530166  0.372311  0.486124  0.491933  0.517891  0.733970  0.366289  0.625673  0.557122  0.506536  0.626652  0.595682  0.442636  0.327911  0.747441  0.390417  0.694709  0.648833  0.671532  0.527579 0.0  0.713656  0.463821  0.359687  0.274832  0.221875  0.583433  0.398298  0.280367  0.669283  0.678678  0.661243  0.758546  0.412271  0.514142  0.439187  0.721292  0.456421  0.386866  0.446408  0.551678  0.384923  0.231394  0.466091  0.523065  0.384762  0.369488  0.456906  0.465721  0.544133  0.357136  0.651651  0.610386  0.573528  0.719166  0.488836  0.514560  0.454897  0.506635  0.435088  0.553737  0.410026  0.483467  0.435172  0.401845  0.460984  0.370926  0.535870  0.683759  0.445478  0.525010  0.637421  0.430114  0.492510  0.477591  0.622588  0.387757  0.483676  0.489412  0.525029  0.462690  0.521035  0.477486  0.500684  0.812589  0.482777  0.449560  0.450740  0.490917  0.515242  0.386642  0.685708  0.523799  0.556506 
25  0.729345  0.821464  0.755347  0.708751  0.693438  0.771185  0.808189  0.694091  0.796182  0.496772  0.790490  0.922493  0.738044  0.834474  0.907766  0.299624  0.753168  0.739389  0.262366  0.803117  0.614043  0.687087  0.838020  0.814504  0.713656 0.0  0.848769  0.935226  0.636130  0.692541  0.751960  0.810017  0.608016  0.840217  0.301776  0.812368  0.897589  0.739687  0.962881  0.767790  0.647766  0.750098  0.788748  0.641709  0.764843  0.813022  0.689816  0.760547  0.858978  0.858467  0.742607  0.801904  0.752674  0.793206  0.783807  0.666785  0.853823  0.549406  0.874013  0.741986  0.748142  0.759666  0.666038  0.845641  0.832465  0.953351  0.700307  0.766304  0.783165  0.871094  0.701907  0.838108  0.869862  0.684753  0.885387  1.000000  0.737161  0.856622  0.765162  0.689395  0.731271  0.715706  0.908844  0.910521  0.600869  0.841474  0.778954  0.696946  0.490219  0.829161  0.815089  0.674943  0.817099  0.818036  0.726973  0.790217  0.763308  0.905391 
26  0.455574  0.494997  0.761070  0.562344  0.666545  0.347409  0.463115  0.397337  0.533631  0.869735  0.468135  0.666036  0.443233  0.391308  0.664800  0.810106  0.324114  0.509080  0.804929  0.559855  0.647460  0.727128  0.560315  0.542446  0.463821  0.848769 0.0  0.408495  0.412710  0.306443  0.596769  0.474609  0.253247  0.409146  0.761896  0.625356  0.519644  0.426302  0.434675  0.398135  0.810154  0.460283  0.469920  0.560096  0.468984  0.472538  0.376458  0.367014  0.511347  0.422519  0.549532  0.411905  0.492645  0.482703  0.372593  0.649789  0.584676  0.809880  0.644469  0.518661  0.563156  0.476987  0.422896  0.296859  0.455278  0.347187  0.628772  0.474465  0.322582  0.437722  0.490619  0.464505  0.730189  0.660769  0.469443  0.653384  0.427244  0.389787  0.406389  0.586083  0.290658  0.333872  0.567735  0.707035  0.463743  0.677996  0.431907  0.420215  0.839573  0.467942  0.400549  0.581726  0.518866  0.699358  0.441074  0.711398  0.399532  0.480406 
27  0.559608  0.481042  0.713718  0.591480  0.737124  0.412539  0.365279  0.435770  0.540814  0.806356  0.319254  0.552060  0.429273  0.259475  0.651295  0.838838  0.527756  0.621934  0.822519  0.520948  0.809407  0.583514  0.664356  0.333677  0.359687  0.935226  0.408495 0.0  0.383226  0.437395  0.516380  0.516210  0.353862  0.321942  0.829470  0.696782  0.728572  0.408894  0.386237  0.393018  0.687016  0.616546  0.441990  0.499397  0.467040  0.383834  0.408206  0.312084  0.311807  0.373859  0.469264  0.519394  0.489594  0.372210  0.336806  0.834450  0.593712  0.850116  0.735951  0.375416  0.545951  0.477032  0.634004  0.479777  0.275598  0.353324  0.570716  0.374938  0.299384  0.430094  0.435299  0.331442  0.483357  0.628246  0.356964  0.617146  0.371995  0.313849  0.357708  0.612780  0.415990  0.332358  0.543453  0.599840  0.522791  0.571391  0.364701  0.497468  0.766813  0.398498  0.368696  0.598435  0.318764  0.556407  0.430876  0.784943  0.636571  0.480450 
28  0.490718  0.528329  0.595608  0.393220  0.575381  0.517316  0.292544  0.305408  0.596046  0.731265  0.354535  0.635308  0.521244  0.401362  0.578830  0.772774  0.430827  0.414960  0.741456  0.418396  0.732695  0.451631  0.741918  0.425505  0.274832  0.636130  0.412710  0.383226 0.0  0.314310  0.602859  0.367424  0.426289  0.581855  0.774520  0.486890  0.732983  0.404205  0.424140  0.460913  0.649732  0.549595  0.474511  0.598570  0.609791  0.341960  0.369886  0.472408  0.379652  0.465702  0.421776  0.437684  0.455255  0.371275  0.344593  0.716637  0.560037  0.722180  0.651257  0.442447  0.464561  0.507950  0.510676  0.339980  0.541225  0.403016  0.489227  0.397078  0.488771  0.433086  0.383296  0.424707  0.709975  0.535884  0.462870  0.699507  0.316261  0.319118  0.438246  0.588113  0.372923  0.427564  0.624789  0.481530  0.201992  0.536692  0.353534  0.421320  0.800456  0.593787  0.449168  0.444152  0.561779  0.433010  0.534007  0.724055  0.691549  0.545755 
29  0.428935  0.489168  0.657564  0.607428  0.502022  0.507030  0.558855  0.385704  0.547467  0.580049  0.382146  0.598756  0.465854  0.406095  0.606997  0.612276  0.444863  0.499062  0.598969  0.498452  0.596168  0.484269  0.610127  0.477446  0.221875  0.692541  0.306443  0.437395  0.314310 0.0  0.525725  0.512812  0.252467  0.483994  0.708510  0.575040  0.569041  0.422124  0.635102  0.434004  0.587491  0.411397  0.519444  0.531693  0.538052  0.479316  0.341131  0.315404  0.419613  0.457485  0.407356  0.499742  0.437374  0.506138  0.432080  0.650515  0.543581  0.676415  0.700141  0.495532  0.473669  0.344291  0.480366  0.419839  0.415879  0.468661  0.479395  0.383947  0.446741  0.430908  0.399069  0.475452  0.687717  0.529876  0.386381  0.680717  0.373236  0.408641  0.319119  0.615024  0.355258  0.456335  0.587613  0.636745  0.285061  0.550034  0.408764  0.530922  0.803763  0.494943  0.431372  0.577728  0.505068  0.478354  0.555958  0.735680  0.472555  0.544647 
30  0.390700  0.670499  0.679468  0.519635  0.579990  0.474775  0.679510  0.609770  0.255446  0.721842  0.583877  0.599306  0.547851  0.497397  0.547497  0.741848  0.447026  0.543910  0.799956  0.266048  0.738510  0.594363  0.651794  0.571950  0.583433  0.751960  0.596769  0.516380  0.602859  0.525725 0.0  0.602538  0.524797  0.565737  0.698261  0.694319  0.688393  0.458103  0.604521  0.448474  0.745560  0.456677  0.482558  0.599372  0.389621  0.452478  0.507503  0.695945  0.421442  0.431900  0.471750  0.563635  0.493171  0.587217  0.583306  0.649763  0.570732  0.706853  0.685607  0.562467  0.723179  0.465897  0.485522  0.541500  0.531172  0.594809  0.452286  0.666249  0.655050  0.460637  0.486848  0.603489  0.679905  0.649584  0.551493  0.620750  0.648221  0.478664  0.589209  0.574173  0.595419  0.521354  0.585949  0.599603  0.577774  0.608654  0.591883  0.582417  0.768314  0.663595  0.556331  0.526959  0.473585  0.628804  0.586502  0.612467  0.460662  0.610985 
31  0.456588  0.546141  0.764478  0.444145  0.528195  0.371290  0.452007  0.442744  0.520577  0.657497  0.528752  0.542057  0.437814  0.482867  0.507899  0.672732  0.468498  0.455730  0.708051  0.356055  0.701858  0.598273  0.521009  0.361233  0.398298  0.810017  0.474609  0.516210  0.367424  0.512812  0.602538 0.0  0.480749  0.456083  0.753657  0.516268  0.678115  0.483059  0.497637  0.478963  0.681357  0.457700  0.432112  0.450975  0.587337  0.465868  0.415104  0.374891  0.538998  0.529338  0.563691  0.530105  0.523000  0.555833  0.437163  0.556033  0.664818  0.717505  0.703027  0.381161  0.444174  0.434186  0.366142  0.515316  0.422946  0.498195  0.464196  0.435136  0.492378  0.395385  0.355215  0.467231  0.676979  0.591582  0.405726  0.625164  0.505862  0.363250  0.473324  0.627727  0.505877  0.413552  0.434913  0.505012  0.535639  0.540768  0.397847  0.400901  0.803594  0.582630  0.464589  0.550196  0.530021  0.565017  0.502500  0.684745  0.482479  0.518039 
32  0.393470  0.491508  0.577908  0.521576  0.629575  0.416486  0.479173  0.408885  0.591934  0.659777  0.406949  0.583701  0.420045  0.374482  0.703604  0.708518  0.451738  0.574252  0.715058  0.552199  0.766226  0.547282  0.664755  0.401538  0.280367  0.608016  0.253247  0.353862  0.426289  0.252467  0.524797  0.480749 0.0  0.402186  0.686567  0.644830  0.765548  0.377285  0.559403  0.407951  0.597810  0.414521  0.472041  0.525870  0.533778  0.476683  0.274577  0.316358  0.521194  0.541500  0.410746  0.483446  0.503991  0.479990  0.506596  0.602024  0.550418  0.586942  0.760225  0.462933  0.548125  0.338210  0.479728  0.475750  0.420720  0.403578  0.468562  0.501941  0.381686  0.534381  0.427578  0.417685  0.730402  0.470400  0.455586  0.666990  0.231090  0.526422  0.361105  0.500999  0.445090  0.489438  0.603429  0.606888  0.317898  0.505614  0.415845  0.468432  0.755835  0.538742  0.428894  0.448362  0.505192  0.464393  0.415860  0.680805  0.557349  0.393785 
33  0.540272  0.438649  0.792732  0.550583  0.659263  0.279154  0.569177  0.499257  0.620133  0.702022  0.390396  0.643440  0.524158  0.413159  0.676282  0.740985  0.516284  0.443808  0.692866  0.514992  0.814124  0.603792  0.722245  0.293358  0.669283  0.840217  0.409146  0.321942  0.581855  0.483994  0.565737  0.456083  0.402186 0.0  0.868604  0.645802  0.677050  0.465603  0.440157  0.389329  0.752789  0.481889  0.395334  0.668976  0.593327  0.378279  0.530051  0.367103  0.349519  0.330973  0.623280  0.305162  0.357742  0.418083  0.427899  0.635550  0.583159  0.820831  0.665927  0.306258  0.479469  0.513039  0.562150  0.427554  0.444584  0.368808  0.583079  0.330135  0.476298  0.448455  0.530308  0.423784  0.656774  0.545329  0.294535  0.719664  0.551319  0.379951  0.509976  0.700826  0.317910  0.350110  0.535129  0.557907  0.464046  0.762649  0.347880  0.299019  0.903927  0.398033  0.401672  0.550195  0.504687  0.563440  0.423068  0.752318  0.619260  0.395911 
34  0.848948  0.822843  0.678887  0.721174  0.648269  0.769602  0.810299  0.707973  0.767763  0.479264  0.669817  0.975431  0.744685  0.725667  0.855249  0.175895  0.684358  0.679939  0.252976  0.765951  0.607968  0.603213  0.740377  0.820201  0.678678  0.301776  0.761896  0.829470  0.774520  0.708510  0.698261  0.753657  0.686567  0.868604 0.0  0.687791  0.856323  0.786680  0.849527  0.830687  0.692007  0.762101  0.874844  0.692555  0.795853  0.743157  0.701426  0.817171  0.776479  0.844511  0.707241  0.772424  0.756589  0.879192  0.755749  0.741949  0.652066  0.444019  0.804953  0.808398  0.773044  0.701811  0.709677  0.778542  0.787247  0.880874  0.679961  0.762317  0.669642  0.611713  0.738405  0.765149  0.857204  0.700028  0.748197  0.887926  0.762850  0.727840  0.754565  0.699313  0.752509  0.819219  0.844784  0.997851  0.619412  0.804799  0.702566  0.744280  0.334786  0.874861  0.865210  0.700806  0.896823  0.756228  0.770548  0.699200  0.746335  0.846753 
35  0.721345  0.514561  0.690036  0.603580  0.568601  0.682148  0.620118  0.611503  0.625677  0.738483  0.653266  0.748886  0.620454  0.684645  0.667743  0.610072  0.756884  0.462026  0.706932  0.604018  0.812956  0.489855  0.751378  0.665280  0.661243  0.812368  0.625356  0.696782  0.486890  0.575040  0.694319  0.516268  0.644830  0.645802  0.687791 0.0  0.767054  0.677612  0.624449  0.576717  0.815488  0.516580  0.621053  0.507834  0.707861  0.675339  0.479807  0.583778  0.617150  0.753452  0.604947  0.680756  0.756746  0.583729  0.630859  0.679798  0.528707  0.766265  0.671287  0.590194  0.659339  0.458917  0.650081  0.669917  0.793518  0.613155  0.314478  0.716091  0.619098  0.616650  0.639221  0.581471  0.659885  0.640424  0.764135  0.680895  0.588845  0.710741  0.811041  0.645733  0.643531  0.588525  0.561643  0.687208  0.543964  0.564224  0.706817  0.725704  0.765942  0.630591  0.733416  0.588949  0.765995  0.488715  0.667188  0.636874  0.583453  0.577258 
36  0.591422  0.571759  0.740028  0.532943  0.596793  0.749343  0.721713  0.796010  0.538487  0.737388  0.707627  0.464329  0.662821  0.753428  0.575299  0.786741  0.612611  0.718085  0.975761  0.794828  0.683507  0.611113  0.476120  0.711257  0.758546  0.897589  0.519644  0.728572  0.732983  0.569041  0.688393  0.678115  0.765548  0.677050  0.856323  0.767054 0.0  0.656647  0.709958  0.720790  0.792845  0.690999  0.743770  0.682258  0.698598  0.638692  0.687025  0.783892  0.696950  0.712464  0.742196  0.795004  0.707467  0.653421  0.627509  0.598905  0.603094  0.798402  0.574965  0.682547  0.650799  0.704600  0.642445  0.638772  0.663687  0.690197  0.548877  0.692157  0.819032  0.576302  0.679720  0.678673  0.682902  0.464272  0.787843  0.544988  0.647150  0.715357  0.525579  0.670309  0.680426  0.588065  0.701935  0.588943  0.677350  0.592266  0.727504  0.684226  0.735936  0.701795  0.679804  0.640577  0.666512  0.653409  0.836697  0.661140  0.757225  0.710363 
37  0.424478  0.631767  0.747639  0.658808  0.571504  0.438894  0.402124  0.323090  0.494051  0.821393  0.400429  0.761399  0.533792  0.227808  0.700043  0.812565  0.463091  0.557080  0.796403  0.479069  0.721775  0.767142  0.598546  0.420986  0.412271  0.739687  0.426302  0.408894  0.404205  0.422124  0.458103  0.483059  0.377285  0.465603  0.786680  0.677612  0.656647 0.0  0.449372  0.362056  0.777700  0.501772  0.400966  0.644721  0.523384  0.376516  0.408706  0.492513  0.275012  0.358516  0.557486  0.416186  0.299465  0.355832  0.372461  0.650143  0.566517  0.728615  0.667141  0.379482  0.642227  0.606483  0.473977  0.357059  0.408526  0.406836  0.631486  0.397775  0.374952  0.508670  0.512630  0.238382  0.568488  0.682800  0.443194  0.712227  0.463240  0.349242  0.394548  0.637238  0.289440  0.388696  0.698377  0.682085  0.396224  0.603028  0.444171  0.395153  0.790877  0.475273  0.470847  0.645909  0.350289  0.570399  0.416380  0.605667  0.502386  0.361628 
38  0.575741  0.574705  0.695847  0.554332  0.625180  0.366427  0.503137  0.490664  0.596223  0.717494  0.439240  0.762021  0.491394  0.447761  0.573474  0.823210  0.539091  0.590348  0.853554  0.642117  0.855195  0.595365  0.706202  0.435530  0.514142  0.962881  0.434675  0.386237  0.424140  0.635102  0.604521  0.497637  0.559403  0.440157  0.849527  0.624449  0.709958  0.449372 0.0  0.395808  0.833849  0.586154  0.443277  0.489893  0.684950  0.404246  0.443172  0.456385  0.305512  0.617099  0.653360  0.405312  0.555894  0.482421  0.533189  0.793646  0.614393  0.933666  0.542213  0.373129  0.681931  0.568381  0.522843  0.392855  0.323040  0.434801  0.613775  0.366244  0.453772  0.524148  0.552772  0.451258  0.549312  0.598774  0.332602  0.594717  0.375865  0.474778  0.480102  0.734705  0.366917  0.456462  0.451803  0.518982  0.505932  0.702211  0.467532  0.424903  0.779786  0.322728  0.456417  0.668936  0.266573  0.649670  0.388403  0.635109  0.687008  0.392833 
39  0.489861  0.557516  0.695852  0.518133  0.640900  0.320080  0.397709  0.496314  0.582795  0.748785  0.409768  0.705205  0.515429  0.303267  0.522439  0.945686  0.657079  0.569278  0.859781  0.458706  0.770333  0.519126  0.577156  0.331368  0.439187  0.767790  0.398135  0.393018  0.460913  0.434004  0.448474  0.478963  0.407951  0.389329  0.830687  0.576717  0.720790  0.362056  0.395808 0.0  0.737045  0.557787  0.346129  0.657848  0.456433  0.348633  0.414905  0.467129  0.382702  0.272290  0.523642  0.262919  0.462718  0.515963  0.381047  0.554581  0.664091  0.828915  0.641685  0.421345  0.616814  0.467345  0.588284  0.353674  0.418447  0.443913  0.438266  0.323445  0.441278  0.534441  0.504587  0.352319  0.584829  0.678976  0.342925  0.646840  0.393972  0.313827  0.295710  0.645264  0.439969  0.369146  0.534034  0.544494  0.400618  0.750213  0.338584  0.491026  0.858810  0.291816  0.294325  0.561434  0.430802  0.684371  0.315230  0.694080  0.583805  0.435242 
