98
0 0.0  0.736385  0.499313  0.295494  0.568015  0.467693  0.639684  0.656385  0.514829  0.218184  0.504891  0.641158  0.436235  0.450274  0.539238  0.734369  0.387482  0.511268  0.766001  0.643592  0.278478  0.472139  0.331066  0.381986  0.453766  0.390133  0.373193  0.426424  0.457828  0.485936  0.358932  0.428799  0.366937  0.541752  0.332424  0.338130  0.379988  0.731309  0.683846  0.646147  0.234347  0.364449  0.458268  0.425367  0.751532  0.575405  0.547614  0.605969  0.591912  0.542417  0.302832  0.405945  0.343239  0.603444  0.380090  0.480177  0.387834  0.519495  0.648992  0.426552  0.797997  0.339961  0.579205  0.554111  0.456635  0.456636  0.457176  0.375550  0.490491  0.448808  0.633426  0.534033  0.352404  0.423301  0.388374  0.601720  0.593970  0.576630  0.383695  0.708903  0.456985  0.380529  0.352024  0.428183  0.556089  0.282595  0.415390  0.458608  0.321218  0.374665  0.585984  0.276061  0.327784  0.555114  0.462631  0.662099  0.546788  0.376140 
1  0.736385 0.0  0.349718  0.517326  0.388141  0.575728  0.750741  0.617978  0.351806  0.353153  0.513257  0.679959  0.521661  0.468569  0.541847  0.915768  0.540151  0.556212  0.778226  0.374481  0.572581  0.530230  0.527676  0.683024  0.503887  0.636279  0.565250  0.597032  0.574380  0.523140  0.537860  0.691675  0.580548  0.730326  0.626363  0.527820  0.527592  0.880566  0.867837  0.832369  0.552954  0.586694  0.476950  0.513003  0.778612  0.511786  0.636992  0.435891  0.623845  0.577416  0.742725  0.586583  0.589744  0.751908  0.495432  0.470930  0.583334  0.663583  0.848160  0.520663  0.829546  0.572937  0.554403  0.662287  0.624698  0.711185  0.610360  0.345754  0.638490  0.551161  0.537347  0.604615  0.520659  0.486965  0.461124  0.260636  0.564678  0.648642  0.519896  0.864754  0.631803  0.523616  0.602797  0.617406  0.672536  0.517138  0.570838  0.728066  0.644637  0.640026  0.439856  0.662492  0.508890  0.625602  0.504902  0.774463  0.546225  0.505209 
2  0.499313  0.349718 0.0  0.488143  0.572767  0.463505  0.896988  0.506301  0.587216  0.521710  0.544372  0.579331  0.610148  0.291858  0.401596  0.826212  0.495347  0.365535  0.828473  0.563424  0.534337  0.525670  0.549131  0.520755  0.561711  0.503185  0.593335  0.620783  0.456343  0.462735  0.506188  0.566468  0.632138  0.463158  0.487790  0.495343  0.476265  0.830154  0.811113  0.748760  0.560480  0.647837  0.432000  0.507530  0.717579  0.662039  0.591185  0.572697  0.753014  0.332227  0.579210  0.521819  0.490445  0.808304  0.450171  0.502028  0.544316  0.464508  0.804706  0.572259  0.897673  0.628846  0.595733  0.529250  0.608311  0.529907  0.713263  0.477502  0.611698  0.553916  0.642233  0.334660  0.528091  0.426334  0.541729  0.472051  0.680630  0.678307  0.501857  0.832241  0.524979  0.404829  0.402964  0.538261  0.533802  0.460390  0.549843  0.551950  0.545196  0.472561  0.465166  0.629417  0.401314  0.188701  0.525094  0.727764  0.574835  0.468748 
3  0.295494  0.517326  0.488143 0.0  0.643553  0.365424  0.714047  0.523045  0.563805  0.308666  0.488324  0.668790  0.498612  0.422969  0.566380  0.748059  0.320100  0.413834  0.675127  0.611445  0.314716  0.425749  0.430648  0.421363  0.560860  0.344084  0.244683  0.521959  0.502330  0.486926  0.351856  0.315946  0.398394  0.577195  0.664368  0.445846  0.287855  0.715882  0.758616  0.589623  0.340171  0.489004  0.582880  0.311021  0.776388  0.574485  0.612507  0.558501  0.553538  0.532246  0.316373  0.385303  0.326435  0.712384  0.431139  0.500147  0.444311  0.408560  0.742325  0.628816  0.750015  0.439190  0.610459  0.458127  0.429606  0.367961  0.442919  0.331825  0.471774  0.500743  0.710790  0.654662  0.388759  0.396929  0.374865  0.507032  0.547131  0.590593  0.372597  0.646844  0.431880  0.325126  0.232523  0.421484  0.366679  0.339851  0.521517  0.309195  0.363111  0.428045  0.619525  0.353398  0.356988  0.475975  0.440375  0.635417  0.637126  0.364450 
4  0.568015  0.388141  0.572767  0.643553 0.0  0.597710  0.782217  0.592779  0.304485  0.579109  0.640013  0.625260  0.509129  0.510021  0.674325  0.855914  0.662656  0.605126  0.797252  0.356330  0.680092  0.555500  0.529721  0.476948  0.536228  0.552442  0.521662  0.563360  0.468042  0.549520  0.612489  0.618676  0.564986  0.537506  0.491306  0.478256  0.770671  0.868658  0.760623  0.834771  0.658433  0.666449  0.507758  0.513327  0.702104  0.468743  0.528356  0.533156  0.787165  0.539557  0.533683  0.605885  0.650416  0.658580  0.626826  0.532204  0.637471  0.567490  0.988997  0.453547  0.815267  0.619746  0.570710  0.574121  0.575008  0.459229  0.481860  0.596147  0.563640  0.502094  0.654239  0.580107  0.566160  0.509805  0.500760  0.223244  0.808576  0.642721  0.617920  0.713661  0.483056  0.577803  0.667235  0.553415  0.651343  0.710606  0.610657  0.670449  0.593497  0.608683  0.161817  0.587121  0.777022  0.654713  0.466223  0.746366  0.439559  0.620138 
5  0.467693  0.575728  0.463505  0.365424  0.597710 0.0  0.749347  0.450155  0.528849  0.307854  0.514858  0.609910  0.549083  0.363435  0.385715  0.704828  0.390403  0.425628  0.638649  0.649025  0.273056  0.301910  0.353468  0.503697  0.449057  0.417814  0.347578  0.276562  0.452346  0.432664  0.329758  0.388364  0.331006  0.523054  0.465027  0.504682  0.302013  0.682933  0.657815  0.559746  0.314147  0.344439  0.536089  0.238098  0.760963  0.504168  0.546231  0.490158  0.570739  0.377318  0.374330  0.225692  0.280678  0.618460  0.290642  0.375633  0.302528  0.389384  0.752701  0.525678  0.772625  0.389925  0.535349  0.475476  0.368824  0.490760  0.437041  0.297276  0.451497  0.474619  0.608252  0.549854  0.545879  0.351977  0.401217  0.561541  0.614788  0.529801  0.373126  0.657790  0.342626  0.371606  0.415673  0.366649  0.393965  0.335109  0.422177  0.417133  0.409087  0.288260  0.669615  0.438904  0.368565  0.494367  0.267868  0.693289  0.520582  0.327401 
6  0.639684  0.750741  0.896988  0.714047  0.782217  0.749347 0.0  0.617529  0.659302  0.756944  0.667386  0.647827  0.704806  0.717865  0.757155  0.421158  0.752687  0.666413  0.556761  0.805322  0.808222  0.757387  0.814076  0.766559  0.780424  0.760427  0.746433  0.785240  0.819226  0.862074  0.685440  0.716180  0.756180  0.744705  0.777802  0.660194  0.763710  0.458364  0.574608  0.662388  0.647978  0.667718  0.697320  0.812331  0.446937  0.741232  0.694866  0.599780  0.691728  0.822147  0.737554  0.672028  0.750207  0.705011  0.640475  0.757929  0.697961  0.691150  0.527718  0.711700  0.487528  0.774077  0.684109  0.622077  0.621785  0.836156  0.563909  0.700358  0.678130  0.564517  0.732328  0.740019  0.750484  0.955688  0.789777  0.763996  0.613716  0.734481  0.658032  0.650256  0.619879  0.715555  0.768267  0.647983  0.893278  0.776757  0.736608  0.577659  0.715194  0.651689  0.831392  0.624099  0.812910  0.740433  0.765911  0.618043  0.791845  0.818122 
7  0.656385  0.617978  0.506301  0.523045  0.592779  0.450155  0.617529 0.0  0.624793  0.474671  0.492116  0.476963  0.508537  0.392392  0.409845  0.744998  0.450726  0.373968  0.646756  0.566062  0.546454  0.451627  0.587440  0.433295  0.456432  0.394623  0.478331  0.470185  0.438263  0.610690  0.501239  0.468280  0.490707  0.537661  0.442308  0.480645  0.551486  0.732495  0.733616  0.507126  0.466876  0.476720  0.495625  0.441772  0.749389  0.492856  0.479930  0.474445  0.731084  0.321397  0.620095  0.483413  0.524846  0.604417  0.414099  0.483756  0.391432  0.446539  0.700328  0.657462  0.697257  0.461542  0.612222  0.592547  0.394421  0.518642  0.532015  0.453844  0.423001  0.417184  0.620987  0.407651  0.471242  0.461188  0.469969  0.440930  0.646081  0.647447  0.602092  0.739722  0.443226  0.530122  0.653385  0.409925  0.421132  0.516059  0.510854  0.577673  0.470171  0.448584  0.478531  0.345388  0.477420  0.479551  0.467596  0.560467  0.467018  0.389598 
8  0.514829  0.351806  0.587216  0.563805  0.304485  0.528849  0.659302  0.624793 0.0  0.523895  0.642879  0.480109  0.452690  0.519379  0.565822  0.833676  0.549623  0.573489  0.741925  0.275420  0.472442  0.507129  0.497319  0.533216  0.470977  0.620119  0.579694  0.603148  0.491695  0.629930  0.527373  0.712378  0.581135  0.612426  0.533725  0.501655  0.633710  0.738130  0.678632  0.672294  0.601431  0.521416  0.498021  0.575030  0.783461  0.304870  0.504927  0.461837  0.713489  0.572982  0.541001  0.614030  0.505970  0.696744  0.518616  0.563852  0.581841  0.678017  0.835967  0.419069  0.735756  0.655805  0.551465  0.571236  0.592983  0.490661  0.482127  0.595886  0.664367  0.543611  0.619141  0.641628  0.436957  0.541299  0.590068  0.398250  0.726102  0.762571  0.550560  0.622263  0.435690  0.686843  0.407143  0.616310  0.496010  0.650171  0.663508  0.466016  0.613225  0.668938  0.318722  0.638217  0.754621  0.503820  0.501861  0.733876  0.505548  0.616808 
9  0.218184  0.353153  0.521710  0.308666  0.579109  0.307854  0.756944  0.474671  0.523895 0.0  0.595858  0.527682  0.418065  0.238830  0.542354  0.691623  0.269381  0.401815  0.705461  0.649992  0.295201  0.353494  0.255358  0.461417  0.462540  0.460030  0.307752  0.459017  0.442191  0.477520  0.215263  0.194091  0.349763  0.558604  0.566580  0.409731  0.351280  0.844080  0.549141  0.515135  0.330123  0.319923  0.504710  0.199123  0.714908  0.547182  0.571990  0.471161  0.601248  0.644643  0.481965  0.448083  0.377310  0.639277  0.506625  0.484437  0.566096  0.351792  0.786554  0.595260  0.729867  0.429126  0.548544  0.551968  0.371008  0.610376  0.618248  0.390485  0.435126  0.482266  0.637534  0.540155  0.384282  0.299407  0.403688  0.608994  0.510836  0.604672  0.404496  0.675464  0.338357  0.330597  0.360688  0.346743  0.524203  0.337332  0.508220  0.378665  0.397287  0.372453  0.606665  0.341045  0.261130  0.447661  0.455067  0.795637  0.526905  0.339019 
10  0.504891  0.513257  0.544372  0.488324  0.640013  0.514858  0.667386  0.492116  0.642879  0.595858 0.0  0.467350  0.510210  0.435762  0.630298  0.644882  0.536250  0.415167  0.671425  0.629204  0.580586  0.519077  0.560675  0.483086  0.517277  0.520439  0.559241  0.490745  0.450488  0.475569  0.565616  0.604681  0.554643  0.430682  0.494025  0.547164  0.572859  0.568539  0.568427  0.618664  0.617408  0.542932  0.396690  0.521064  0.722622  0.452664  0.364181  0.211648  0.576399  0.584459  0.532873  0.318342  0.516881  0.556609  0.429155  0.547516  0.480326  0.473632  0.604873  0.524225  0.501777  0.439588  0.414166  0.523658  0.466039  0.391813  0.524041  0.497086  0.511576  0.368067  0.612942  0.518409  0.572986  0.582526  0.513069  0.600539  0.534727  0.504867  0.492131  0.606050  0.450512  0.555072  0.615233  0.489745  0.588724  0.494492  0.443294  0.430512  0.483159  0.503299  0.532750  0.436678  0.495159  0.665216  0.498490  0.562255  0.488090  0.517056 
11  0.641158  0.679959  0.579331  0.668790  0.625260  0.609910  0.647827  0.476963  0.480109  0.527682  0.467350 0.0  0.546632  0.530630  0.546962  0.719413  0.658328  0.514810  0.669666  0.651515  0.590082  0.589573  0.643802  0.611149  0.634560  0.500633  0.680505  0.540454  0.529429  0.531502  0.489492  0.573017  0.581651  0.545235  0.519422  0.501372  0.670777  0.650020  0.569687  0.636851  0.519270  0.646961  0.522330  0.511330  0.762792  0.477868  0.340800  0.526383  0.711048  0.464266  0.518286  0.454221  0.501627  0.666854  0.475615  0.634661  0.487867  0.535256  0.730970  0.542165  0.615161  0.540485  0.351386  0.476259  0.474784  0.502005  0.591281  0.582096  0.636209  0.546877  0.482523  0.443080  0.523638  0.545188  0.562679  0.491562  0.696802  0.544912  0.666732  0.736388  0.532570  0.663246  0.593367  0.500273  0.539255  0.538462  0.477291  0.495087  0.526631  0.531970  0.550581  0.523113  0.579493  0.530562  0.642874  0.680995  0.420474  0.660139 
12  0.436235  0.521661  0.610148  0.498612  0.509129  0.549083  0.704806  0.508537  0.452690  0.418065  0.510210  0.546632 0.0  0.406482  0.641858  0.673178  0.427210  0.516409  0.681627  0.447151  0.517216  0.566573  0.407610  0.442771  0.339517  0.561092  0.568943  0.605350  0.438595  0.403186  0.537826  0.502524  0.444715  0.521731  0.476096  0.428807  0.525631  0.749013  0.641744  0.445150  0.579941  0.510016  0.533107  0.551942  0.764693  0.271926  0.415495  0.420889  0.599776  0.643667  0.450328  0.597413  0.560299  0.567113  0.510265  0.623149  0.557207  0.463955  0.692869  0.370292  0.663311  0.495406  0.451089  0.538069  0.441965  0.506404  0.494572  0.372344  0.606612  0.510144  0.467916  0.573696  0.558434  0.519498  0.574742  0.443878  0.543132  0.636420  0.541319  0.628215  0.543326  0.484985  0.585166  0.418040  0.683926  0.525517  0.557394  0.476902  0.559092  0.423323  0.525250  0.511168  0.537859  0.484650  0.519595  0.658167  0.443487  0.542712 
13  0.450274  0.468569  0.291858  0.422969  0.510021  0.363435  0.717865  0.392392  0.519379  0.238830  0.435762  0.530630  0.406482 0.0  0.441774  0.692228  0.498393  0.525521  0.746508  0.642277  0.446319  0.235116  0.324345  0.488606  0.514122  0.393318  0.350279  0.394006  0.479916  0.591165  0.425367  0.393206  0.340383  0.557207  0.373276  0.416094  0.507498  0.725018  0.679573  0.704554  0.416533  0.432766  0.372666  0.463689  0.671502  0.494684  0.552793  0.586561  0.584562  0.504083  0.551731  0.392197  0.443945  0.705336  0.354438  0.500012  0.316140  0.390458  0.805449  0.545073  0.807347  0.486240  0.485156  0.506033  0.314004  0.476790  0.655418  0.515828  0.509130  0.470661  0.439686  0.453421  0.392549  0.520030  0.446227  0.481170  0.653280  0.613444  0.522793  0.701706  0.457430  0.496223  0.468474  0.183055  0.308841  0.426389  0.436312  0.514422  0.482155  0.312417  0.525385  0.388226  0.497985  0.443631  0.394399  0.683868  0.545573  0.523821 
14  0.539238  0.541847  0.401596  0.566380  0.674325  0.385715  0.757155  0.409845  0.565822  0.542354  0.630298  0.546962  0.641858  0.441774 0.0  0.756451  0.577040  0.374603  0.905295  0.667300  0.601089  0.509507  0.500902  0.473879  0.577173  0.560889  0.583626  0.576753  0.509461  0.603825  0.562584  0.586478  0.608578  0.573860  0.463749  0.468423  0.476456  0.906917  0.734563  0.697842  0.543569  0.472908  0.512860  0.481751  0.703270  0.564701  0.654884  0.442254  0.761205  0.277948  0.563993  0.585645  0.414960  0.660118  0.516952  0.465708  0.549203  0.596738  0.839563  0.611801  0.731497  0.576408  0.658289  0.520542  0.510423  0.427945  0.581358  0.547207  0.525955  0.502904  0.506244  0.320345  0.625019  0.662682  0.420223  0.511218  0.684047  0.627566  0.605510  0.829287  0.498654  0.441241  0.392123  0.613244  0.427730  0.627105  0.554774  0.538221  0.544955  0.485687  0.585422  0.586333  0.545853  0.217296  0.436089  0.860325  0.581004  0.421934 
15  0.734369  0.915768  0.826212  0.748059  0.855914  0.704828  0.421158  0.744998  0.833676  0.691623  0.644882  0.719413  0.673178  0.692228  0.756451 0.0  0.796532  0.846632  0.595206  0.926859  0.676874  0.791489  0.871030  0.700046  0.739966  0.579440  0.685374  0.794767  0.700287  0.663011  0.666140  0.702679  0.730348  0.665663  0.803563  0.736994  0.795913  0.274293  0.654377  0.628274  0.835512  0.643153  0.644529  0.716054  0.460746  0.733264  0.617492  0.642195  0.685338  0.769283  0.776755  0.605336  0.665789  0.699581  0.636352  0.729425  0.673543  0.649043  0.556258  0.653834  0.377827  0.643781  0.690774  0.649678  0.690102  0.647923  0.658328  0.738046  0.648866  0.637997  0.696603  0.856031  0.850879  0.855968  0.814339  0.791079  0.694565  0.699379  0.780431  0.607901  0.727776  0.770145  0.873902  0.680081  0.866662  0.727716  0.726997  0.671113  0.687875  0.597174  0.826623  0.618752  0.774454  0.847498  0.822244  0.567182  0.706325  0.714623 
16  0.387482  0.540151  0.495347  0.320100  0.662656  0.390403  0.752687  0.450726  0.549623  0.269381  0.536250  0.658328  0.427210  0.498393  0.577040  0.796532 0.0  0.496085  0.669570  0.634102  0.369932  0.408582  0.265661  0.416681  0.629285  0.439693  0.249528  0.482670  0.504545  0.407375  0.210604  0.272324  0.416745  0.619289  0.534181  0.464319  0.357599  0.660287  0.737957  0.648976  0.191622  0.384504  0.363452  0.260748  0.751985  0.478892  0.625319  0.441079  0.571822  0.622310  0.462400  0.375996  0.469524  0.648337  0.297565  0.379083  0.442554  0.500510  0.757731  0.652855  0.665301  0.331852  0.502406  0.556074  0.454537  0.392223  0.426739  0.322672  0.440726  0.366794  0.627149  0.628279  0.474899  0.264872  0.369352  0.522078  0.555993  0.600618  0.316458  0.682038  0.389318  0.190124  0.355140  0.434573  0.573454  0.299408  0.433183  0.369338  0.359277  0.335328  0.606236  0.422400  0.348860  0.563883  0.370134  0.588294  0.562990  0.408179 
17  0.511268  0.556212  0.365535  0.413834  0.605126  0.425628  0.666413  0.373968  0.573489  0.401815  0.415167  0.514810  0.516409  0.525521  0.374603  0.846632  0.496085 0.0  0.773239  0.630952  0.474606  0.385716  0.404208  0.357589  0.567109  0.484454  0.490833  0.446317  0.256605  0.439663  0.343848  0.441205  0.387492  0.505294  0.476128  0.393313  0.410510  0.655697  0.752559  0.557513  0.477222  0.358581  0.276662  0.465808  0.706397  0.433688  0.547381  0.525103  0.568870  0.452499  0.536343  0.461094  0.231810  0.651974  0.482232  0.533156  0.499170  0.324091  0.712026  0.529111  0.696025  0.550669  0.534395  0.542365  0.482175  0.411987  0.506942  0.361527  0.617840  0.440672  0.549078  0.554740  0.576992  0.424689  0.610469  0.734440  0.632909  0.522235  0.448674  0.670128  0.428843  0.396707  0.491624  0.478687  0.539409  0.508273  0.376671  0.397621  0.355314  0.447498  0.626999  0.424936  0.322561  0.406914  0.320956  0.526764  0.577785  0.327641 
18  0.766001  0.778226  0.828473  0.675127  0.797252  0.638649  0.556761  0.646756  0.741925  0.705461  0.671425  0.669666  0.681627  0.746508  0.905295  0.595206  0.669570  0.773239 0.0  0.835134  0.727341  0.664851  0.770689  0.759813  0.708036  0.734194  0.702943  0.691943  0.711295  0.742896  0.665052  0.635404  0.754350  0.683043  0.785123  0.740481  0.671142  0.575794  0.251934  0.686732  0.721122  0.848645  0.808833  0.715552  0.640854  0.713671  0.563077  0.674644  0.459912  0.737524  0.655229  0.597946  0.670973  0.665061  0.734014  0.737751  0.631001  0.629280  0.623675  0.615337  0.682146  0.499036  0.612192  0.758786  0.677291  0.702336  0.775901  0.722215  0.634642  0.585749  0.762649  0.677188  0.803615  0.772846  0.716315  0.895052  0.514802  0.662135  0.706337  0.674078  0.702955  0.787989  0.846005  0.548311  0.766410  0.630088  0.758465  0.575665  0.632019  0.720596  0.838186  0.587436  0.823167  1.000000  0.727658  0.455146  0.769480  0.642037 
19  0.643592  0.374481  0.563424  0.611445  0.356330  0.649025  0.805322  0.566062  0.275420  0.649992  0.629204  0.651515  0.447151  0.642277  0.667300  0.926859  0.634102  0.630952  0.835134 0.0  0.627875  0.647065  0.549876  0.558099  0.487487  0.568981  0.578777  0.670192  0.579758  0.621605  0.485201  0.583967  0.576847  0.572007  0.535467  0.447816  0.678399  0.834457  0.737567  0.612971  0.587118  0.610434  0.457266  0.655056  0.841536  0.492818  0.715522  0.566291  0.775732  0.485474  0.574690  0.704609  0.551645  0.722500  0.591943  0.528776  0.663869  0.620140  0.835464  0.464674  0.885856  0.719559  0.642123  0.500290  0.577870  0.689696  0.602028  0.580259  0.643675  0.652696  0.617767  0.641737  0.669360  0.441817  0.631036  0.310455  0.748840  0.623792  0.648991  0.812204  0.595698  0.769983  0.635638  0.638281  0.527979  0.725957  0.700175  0.626721  0.476650  0.651884  0.498660  0.605659  0.602479  0.576499  0.557810  0.784755  0.407092  0.607072 
20  0.278478  0.572581  0.534337  0.314716  0.680092  0.273056  0.808222  0.546454  0.472442  0.295201  0.580586  0.590082  0.517216  0.446319  0.601089  0.676874  0.369932  0.474606  0.727341  0.627875 0.0  0.297849  0.459472  0.431862  0.410666  0.462509  0.393890  0.425372  0.429903  0.510577  0.360598  0.343670  0.260558  0.512425  0.602184  0.389661  0.408109  0.732900  0.714365  0.575225  0.290741  0.410403  0.504881  0.394462  0.808243  0.463775  0.487220  0.498453  0.660722  0.524518  0.417586  0.475727  0.439600  0.710928  0.439937  0.444267  0.471297  0.398105  0.660591  0.474561  0.825820  0.448452  0.486479  0.447455  0.396315  0.516737  0.492933  0.338299  0.498837  0.464837  0.668385  0.510232  0.396533  0.356410  0.335453  0.577152  0.545181  0.507928  0.319491  0.660660  0.430537  0.328746  0.376163  0.435626  0.577572  0.436633  0.494501  0.368582  0.278829  0.282976  0.633373  0.392177  0.320969  0.435191  0.463368  0.669478  0.636660  0.301132 
21  0.472139  0.530230  0.525670  0.425749  0.555500  0.301910  0.757387  0.451627  0.507129  0.353494  0.519077  0.589573  0.566573  0.235116  0.509507  0.791489  0.408582  0.385716  0.664851  0.647065  0.297849 0.0  0.476146  0.471224  0.468868  0.452664  0.322709  0.189840  0.344361  0.411373  0.311243  0.427257  0.351147  0.464784  0.487168  0.382945  0.386663  0.663476  0.713848  0.521771  0.397145  0.372648  0.391294  0.361650  0.770585  0.595906  0.478921  0.459612  0.587467  0.475599  0.388072  0.291519  0.284603  0.629844  0.219961  0.329103  0.351214  0.419126  0.792126  0.450339  0.653846  0.459309  0.461084  0.445596  0.268644  0.527612  0.459532  0.398447  0.485006  0.438658  0.508588  0.640720  0.470443  0.476828  0.435214  0.538819  0.585772  0.638128  0.429633  0.599922  0.292947  0.462328  0.471016  0.304562  0.474378  0.404261  0.430534  0.348973  0.412974  0.335637  0.607302  0.263104  0.352284  0.493069  0.376110  0.620705  0.505171  0.389723 
22  0.331066  0.527676  0.549131  0.430648  0.529721  0.353468  0.814076  0.587440  0.497319  0.255358  0.560675  0.643802  0.407610  0.324345  0.500902  0.871030  0.265661  0.404208  0.770689  0.549876  0.459472  0.476146 0.0  0.545795  0.554046  0.448470  0.395559  0.459542  0.557978  0.637236  0.363300  0.471824  0.348627  0.568557  0.574243  0.410301  0.407362  0.776141  0.686575  0.682847  0.361206  0.452732  0.496212  0.295705  0.817528  0.486398  0.593906  0.492879  0.612489  0.591206  0.407990  0.461995  0.361515  0.750963  0.385206  0.345950  0.509951  0.412820  0.860989  0.627493  0.801030  0.458328  0.498031  0.600846  0.611390  0.500567  0.610543  0.371814  0.525221  0.441816  0.484359  0.582398  0.416496  0.481876  0.386700  0.583668  0.707433  0.489705  0.484393  0.773134  0.382124  0.445125  0.336988  0.513932  0.413376  0.471590  0.544330  0.392524  0.389916  0.332818  0.567012  0.487372  0.420776  0.363438  0.350243  0.679795  0.638052  0.399507 
23  0.381986  0.683024  0.520755  0.421363  0.476948  0.503697  0.766559  0.433295  0.533216  0.461417  0.483086  0.611149  0.442771  0.488606  0.473879  0.700046  0.416681  0.357589  0.759813  0.558099  0.431862  0.471224  0.545795 0.0  0.425972  0.466178  0.480993  0.268175  0.377443  0.498977  0.492918  0.393736  0.417037  0.378909  0.395754  0.511946  0.449465  0.698781  0.693524  0.635125  0.401882  0.480672  0.352614  0.575148  0.760797  0.302548  0.585099  0.416347  0.684091  0.477920  0.493477  0.427884  0.382531  0.528687  0.352829  0.375897  0.392802  0.468383  0.740924  0.416048  0.668687  0.482378  0.467459  0.420389  0.403203  0.406277  0.454741  0.381253  0.604051  0.373246  0.609142  0.458563  0.521944  0.518104  0.551335  0.644184  0.610036  0.630356  0.472961  0.594142  0.352408  0.520728  0.573402  0.319800  0.397925  0.552773  0.531359  0.375637  0.497778  0.407269  0.653195  0.436131  0.479444  0.482627  0.461181  0.597737  0.469404  0.452309 
24  0.453766  0.503887  0.561711  0.560860  0.536228  0.449057  0.780424  0.456432  0.470977  0.462540  0.517277  0.634560  0.339517  0.514122  0.577173  0.739966  0.629285  0.567109  0.708036  0.487487  0.410666  0.468868  0.554046  0.425972 0.0  0.587382  0.627974  0.516754  0.460364  0.476625  0.512337  0.518128  0.454598  0.455269  0.485929  0.569558  0.688225  0.708066  0.783274  0.655639  0.562748  0.543395  0.367466  0.508245  0.691773  0.280845  0.398331  0.449818  0.729460  0.612911  0.520830  0.554436  0.469582  0.501065  0.510783  0.583468  0.603606  0.493913  0.749510  0.248771  0.621777  0.498465  0.365504  0.590297  0.547851  0.506202  0.476791  0.501387  0.624941  0.349600  0.722965  0.611444  0.537998  0.563638  0.556203  0.350124  0.635769  0.595052  0.616095  0.546578  0.545530  0.551206  0.602504  0.493104  0.566243  0.617782  0.572657  0.666212  0.473286  0.504113  0.340014  0.467134  0.609416  0.618412  0.494653  0.659970  0.469479  0.522182 
25  0.390133  0.636279  0.503185  0.344084  0.552442  0.417814  0.760427  0.394623  0.620119  0.460030  0.520439  0.500633  0.561092  0.393318  0.560889  0.579440  0.439693  0.484454  0.734194  0.568981  0.462509  0.452664  0.448470  0.466178  0.587382 0.0  0.463562  0.488330  0.514018  0.460280  0.469915  0.476794  0.386402  0.519790  0.505307  0.400346  0.418427  0.756171  0.758621  0.606572  0.457794  0.423692  0.506305  0.359508  0.664846  0.591907  0.528272  0.521131  0.712573  0.504599  0.416440  0.331703  0.412483  0.587680  0.241716  0.270675  0.316601  0.489297  0.808877  0.588121  0.625260  0.394283  0.527069  0.548871  0.357193  0.613005  0.608699  0.450984  0.375583  0.419991  0.598206  0.516308  0.396041  0.460486  0.393852  0.557935  0.734933  0.691061  0.466559  0.711049  0.402808  0.493592  0.503800  0.322369  0.351450  0.366678  0.485238  0.459851  0.467937  0.420053  0.424730  0.413003  0.478146  0.487117  0.398793  0.526220  0.590511  0.513011 
26  0.373193  0.565250  0.593335  0.244683  0.521662  0.347578  0.746433  0.478331  0.579694  0.307752  0.559241  0.680505  0.568943  0.350279  0.583626  0.685374  0.249528  0.490833  0.702943  0.578777  0.393890  0.322709  0.395559  0.480993  0.627974  0.463562 0.0  0.460082  0.525371  0.394284  0.362137  0.405491  0.305074  0.570814  0.484784  0.423852  0.165366  0.732923  0.683625  0.583638  0.293658  0.356760  0.357109  0.393240  0.858229  0.546260  0.510550  0.458506  0.660138  0.535427  0.258668  0.401236  0.492715  0.591587  0.446346  0.411144  0.503703  0.462993  0.705571  0.570583  0.786049  0.429065  0.686658  0.584154  0.497756  0.536423  0.613064  0.306023  0.490361  0.413392  0.673781  0.538159  0.372018  0.462062  0.367145  0.572571  0.589414  0.657447  0.307630  0.721346  0.301095  0.317118  0.313221  0.340252  0.444493  0.284658  0.553821  0.492359  0.375603  0.475572  0.637509  0.399824  0.372674  0.593223  0.424046  0.581182  0.570968  0.392879 
27  0.426424  0.597032  0.620783  0.521959  0.563360  0.276562  0.785240  0.470185  0.603148  0.459017  0.490745  0.540454  0.605350  0.394006  0.576753  0.794767  0.482670  0.446317  0.691943  0.670192  0.425372  0.189840  0.459542  0.268175  0.516754  0.488330  0.460082 0.0  0.319407  0.597685  0.486251  0.467067  0.440377  0.389647  0.398364  0.399812  0.377934  0.725606  0.765957  0.624223  0.497059  0.270499  0.342890  0.274090  0.860696  0.491760  0.522021  0.517744  0.621015  0.484775  0.388127  0.319806  0.286800  0.654916  0.321883  0.330293  0.338077  0.391122  0.761550  0.407476  0.811164  0.444842  0.529042  0.542240  0.464181  0.401255  0.598400  0.447125  0.451631  0.456410  0.674584  0.633052  0.432214  0.491459  0.427695  0.495525  0.680872  0.630102  0.324557  0.512905  0.320506  0.303370  0.497835  0.334888  0.392929  0.409567  0.526137  0.429009  0.416453  0.300882  0.618538  0.375502  0.290504  0.468094  0.464684  0.596337  0.458816  0.510011 
28  0.457828  0.574380  0.456343  0.502330  0.468042  0.452346  0.819226  0.438263  0.491695  0.442191  0.450488  0.529429  0.438595  0.479916  0.509461  0.700287  0.504545  0.256605  0.711295  0.579758  0.429903  0.344361  0.557978  0.377443  0.460364  0.514018  0.525371  0.319407 0.0  0.472054  0.481909  0.422208  0.313135  0.547655  0.355437  0.568701  0.514881  0.691015  0.707479  0.570357  0.489154  0.472630  0.325979  0.602818  0.702412  0.366662  0.436598  0.501769  0.642869  0.600609  0.454493  0.447994  0.298659  0.547736  0.382656  0.599535  0.466362  0.358316  0.722389  0.335635  0.643850  0.545826  0.540600  0.498544  0.359785  0.409787  0.473375  0.439875  0.604158  0.422553  0.526344  0.577027  0.546987  0.665335  0.513156  0.578451  0.510768  0.659264  0.468730  0.584618  0.470986  0.443749  0.545111  0.479559  0.383853  0.490949  0.508805  0.483720  0.524403  0.383030  0.617715  0.324137  0.524555  0.472373  0.592078  0.597592  0.551011  0.429756 
29  0.485936  0.523140  0.462735  0.486926  0.549520  0.432664  0.862074  0.610690  0.629930  0.477520  0.475569  0.531502  0.403186  0.591165  0.603825  0.663011  0.407375  0.439663  0.742896  0.621605  0.510577  0.411373  0.637236  0.498977  0.476625  0.460280  0.394284  0.597685  0.472054 0.0  0.474252  0.520721  0.414913  0.303684  0.548632  0.502046  0.576583  0.666498  0.635095  0.567642  0.527152  0.482725  0.563252  0.454040  0.639930  0.441450  0.648202  0.336383  0.665962  0.609360  0.517861  0.556342  0.393873  0.588973  0.636239  0.510173  0.538466  0.538896  0.598141  0.467142  0.658210  0.505691  0.608945  0.515551  0.556426  0.510347  0.249544  0.491469  0.593634  0.479041  0.566785  0.509697  0.614379  0.505602  0.504676  0.565439  0.620569  0.520304  0.541362  0.668032  0.425219  0.392535  0.593725  0.530488  0.588561  0.556394  0.327800  0.571126  0.478843  0.475411  0.710881  0.471783  0.530422  0.583893  0.505769  0.654737  0.617579  0.437157 
30  0.358932  0.537860  0.506188  0.351856  0.612489  0.329758  0.685440  0.501239  0.527373  0.215263  0.565616  0.489492  0.537826  0.425367  0.562584  0.666140  0.210604  0.343848  0.665052  0.485201  0.360598  0.311243  0.363300  0.492918  0.512337  0.469915  0.362137  0.486251  0.481909  0.474252 0.0  0.396888  0.413520  0.565431  0.572758  0.422618  0.317412  0.764839  0.618542  0.551560  0.237849  0.405768  0.445738  0.263498  0.776770  0.620494  0.576442  0.486898  0.550089  0.597386  0.276767  0.435002  0.358815  0.700709  0.441493  0.338834  0.459328  0.433233  0.710487  0.502417  0.707246  0.334878  0.542715  0.657517  0.396296  0.339835  0.543564  0.333363  0.490787  0.472784  0.673920  0.647787  0.442037  0.274004  0.424060  0.629143  0.670014  0.626320  0.376387  0.695644  0.283073  0.352553  0.449167  0.440489  0.621596  0.350654  0.487126  0.484963  0.389882  0.371075  0.590489  0.328916  0.409190  0.448226  0.323096  0.534850  0.597006  0.302047 
31  0.428799  0.691675  0.566468  0.315946  0.618676  0.388364  0.716180  0.468280  0.712378  0.194091  0.604681  0.573017  0.502524  0.393206  0.586478  0.702679  0.272324  0.441205  0.635404  0.583967  0.343670  0.427257  0.471824  0.393736  0.518128  0.476794  0.405491  0.467067  0.422208  0.520721  0.396888 0.0  0.407622  0.559744  0.521457  0.511557  0.277583  0.720998  0.781786  0.550918  0.440595  0.429399  0.472505  0.350572  0.770626  0.445860  0.599974  0.522876  0.579634  0.616550  0.452757  0.473337  0.489723  0.693046  0.421250  0.441319  0.469545  0.541900  0.830391  0.580150  0.707481  0.433165  0.558459  0.543210  0.431926  0.562354  0.511157  0.312598  0.322335  0.416320  0.558227  0.560688  0.494953  0.303237  0.342675  0.669133  0.655258  0.497762  0.331755  0.637977  0.412534  0.375106  0.433273  0.447841  0.582305  0.387782  0.405485  0.388876  0.273445  0.434662  0.582015  0.459126  0.325594  0.493766  0.422809  0.584747  0.540024  0.418651 
32  0.366937  0.580548  0.632138  0.398394  0.564986  0.331006  0.756180  0.490707  0.581135  0.349763  0.554643  0.581651  0.444715  0.340383  0.608578  0.730348  0.416745  0.387492  0.754350  0.576847  0.260558  0.351147  0.348627  0.417037  0.454598  0.386402  0.305074  0.440377  0.313135  0.414913  0.413520  0.407622 0.0  0.582370  0.513503  0.529364  0.351279  0.750650  0.621394  0.558551  0.399552  0.229534  0.497326  0.339027  0.785104  0.519456  0.460412  0.596609  0.676344  0.602522  0.382772  0.358405  0.268663  0.597952  0.364282  0.307252  0.400422  0.328964  0.532498  0.525202  0.650429  0.393456  0.477795  0.516699  0.476263  0.443396  0.578321  0.333441  0.441685  0.414186  0.667544  0.535732  0.404488  0.391009  0.311909  0.589350  0.705261  0.591464  0.354337  0.658999  0.341793  0.323836  0.395352  0.432869  0.475369  0.295099  0.400606  0.406254  0.349339  0.246238  0.626556  0.485984  0.373368  0.505551  0.348311  0.678880  0.551135  0.284245 
33  0.541752  0.730326  0.463158  0.577195  0.537506  0.523054  0.744705  0.537661  0.612426  0.558604  0.430682  0.545235  0.521731  0.557207  0.573860  0.665663  0.619289  0.505294  0.683043  0.572007  0.512425  0.464784  0.568557  0.378909  0.455269  0.519790  0.570814  0.389647  0.547655  0.303684  0.565431  0.559744  0.582370 0.0  0.522478  0.599154  0.487850  0.672531  0.765159  0.654777  0.513863  0.540467  0.408012  0.555637  0.736835  0.505606  0.444701  0.407564  0.680323  0.624265  0.566825  0.495928  0.525677  0.515468  0.530992  0.512231  0.540662  0.596496  0.636207  0.435864  0.646764  0.621297  0.531996  0.470837  0.527073  0.378900  0.261221  0.602201  0.623045  0.530089  0.514816  0.641058  0.702635  0.583859  0.616150  0.642019  0.732961  0.607977  0.535794  0.509940  0.624570  0.516093  0.652101  0.512611  0.544649  0.576745  0.410794  0.587940  0.565892  0.512358  0.587319  0.444944  0.577050  0.531536  0.501813  0.750578  0.530045  0.528554 
34  0.332424  0.626363  0.487790  0.664368  0.491306  0.465027  0.777802  0.442308  0.533725  0.566580  0.494025  0.519422  0.476096  0.373276  0.463749  0.803563  0.534181  0.476128  0.785123  0.535467  0.602184  0.487168  0.574243  0.395754  0.485929  0.505307  0.484784  0.398364  0.355437  0.548632  0.572758  0.521457  0.513503  0.522478 0.0  0.489339  0.525597  0.773195  0.818019  0.622026  0.456696  0.569095  0.393342  0.513714  0.690674  0.535326  0.463419  0.618092  0.761144  0.527314  0.489406  0.538024  0.462030  0.513787  0.366893  0.459056  0.434182  0.401953  0.695068  0.497716  0.775525  0.484119  0.556680  0.517938  0.451120  0.413007  0.538951  0.564596  0.601944  0.422232  0.699086  0.427719  0.437229  0.535911  0.632855  0.486853  0.682479  0.710256  0.518923  0.649673  0.557528  0.473237  0.606551  0.505444  0.471804  0.564284  0.487912  0.523313  0.524504  0.523766  0.455199  0.472332  0.553844  0.584609  0.347628  0.697171  0.592907  0.513016 
35  0.338130  0.527820  0.495343  0.445846  0.478256  0.504682  0.660194  0.480645  0.501655  0.409731  0.547164  0.501372  0.428807  0.416094  0.468423  0.736994  0.464319  0.393313  0.740481  0.447816  0.389661  0.382945  0.410301  0.511946  0.569558  0.400346  0.423852  0.399812  0.568701  0.502046  0.422618  0.511557  0.529364  0.599154  0.489339 0.0  0.389107  0.886289  0.736572  0.651914  0.424704  0.330929  0.458495  0.535318  0.747338  0.531604  0.548929  0.531919  0.712876  0.543700  0.377093  0.373283  0.319014  0.674647  0.449966  0.347781  0.462783  0.534702  0.625065  0.589705  0.845571  0.504264  0.569480  0.465394  0.500955  0.459509  0.655803  0.491555  0.424333  0.525218  0.550558  0.516776  0.402702  0.470496  0.313862  0.524514  0.728148  0.487987  0.421294  0.715726  0.329921  0.426379  0.470698  0.348681  0.369869  0.441823  0.600688  0.478970  0.442167  0.354696  0.465495  0.392369  0.330303  0.423240  0.414387  0.652296  0.555636  0.492798 
36  0.379988  0.527592  0.476265  0.287855  0.770671  0.302013  0.763710  0.551486  0.633710  0.351280  0.572859  0.670777  0.525631  0.507498  0.476456  0.795913  0.357599  0.410510  0.671142  0.678399  0.408109  0.386663  0.407362  0.449465  0.688225  0.418427  0.165366  0.377934  0.514881  0.576583  0.317412  0.277583  0.351279  0.487850  0.525597  0.389107 0.0  0.790268  0.644215  0.613648  0.318114  0.293361  0.541387  0.226075  0.773937  0.588504  0.535576  0.523483  0.658942  0.683630  0.491119  0.381737  0.366245  0.660428  0.487841  0.557620  0.424119  0.430967  0.685075  0.573522  0.764225  0.411631  0.585116  0.579307  0.454082  0.542478  0.522518  0.338686  0.385805  0.399385  0.700223  0.666568  0.404153  0.393809  0.328671  0.705233  0.514456  0.530875  0.293988  0.693129  0.353994  0.243512  0.431537  0.461228  0.496064  0.204396  0.507145  0.335713  0.369942  0.451160  0.728633  0.485097  0.336038  0.540506  0.332282  0.626508  0.593676  0.311374 
37  0.731309  0.880566  0.830154  0.715882  0.868658  0.682933  0.458364  0.732495  0.738130  0.844080  0.568539  0.650020  0.749013  0.725018  0.906917  0.274293  0.660287  0.655697  0.575794  0.834457  0.732900  0.663476  0.776141  0.698781  0.708066  0.756171  0.732923  0.725606  0.691015  0.666498  0.764839  0.720998  0.750650  0.672531  0.773195  0.886289  0.790268 0.0  0.556463  0.743832  0.754807  0.797105  0.756484  0.776184  0.434528  0.653480  0.619781  0.616037  0.656720  0.656689  0.811962  0.649225  0.634157  0.715150  0.758883  0.720524  0.595222  0.652578  0.392354  0.723054  0.323863  0.613292  0.618452  0.625270  0.665464  0.739657  0.678237  0.693926  0.793917  0.566075  0.647593  0.751474  0.888522  0.802351  0.826365  0.762590  0.636234  0.758932  0.736069  0.716767  0.580977  0.644453  0.847379  0.687271  0.793894  0.676357  0.682132  0.589342  0.688150  0.764493  0.783754  0.644522  0.732623  0.579276  0.761482  0.545602  0.751711  0.711582 
38  0.683846  0.867837  0.811113  0.758616  0.760623  0.657815  0.574608  0.733616  0.678632  0.549141  0.568427  0.569687  0.641744  0.679573  0.734563  0.654377  0.737957  0.752559  0.251934  0.737567  0.714365  0.713848  0.686575  0.693524  0.783274  0.758621  0.683625  0.765957  0.707479  0.635095  0.618542  0.781786  0.621394  0.765159  0.818019  0.736572  0.644215  0.556463 0.0  0.569719  0.650754  0.638188  0.718053  0.620833  0.654000  0.667600  0.620415  0.633225  0.429269  0.759520  0.734481  0.632855  0.636741  0.772136  0.576366  0.705992  0.676885  0.757274  0.669160  0.802877  0.645451  0.665074  0.702556  0.599596  0.677858  0.749372  0.821557  0.557601  0.711299  0.551504  0.762544  0.728190  0.736204  0.735130  0.734348  0.758413  0.349402  0.640739  0.646551  0.727639  0.627720  0.653929  0.662607  0.617217  0.921817  0.818435  0.709119  0.596112  0.646677  0.763460  0.810775  0.654120  0.803855  0.833735  0.735322  0.481551  0.728761  0.619340 
39  0.646147  0.832369  0.748760  0.589623  0.834771  0.559746  0.662388  0.507126  0.672294  0.515135  0.618664  0.636851  0.445150  0.704554  0.697842  0.628274  0.648976  0.557513  0.686732  0.612971  0.575225  0.521771  0.682847  0.635125  0.655639  0.606572  0.583638  0.624223  0.570357  0.567642  0.551560  0.550918  0.558551  0.654777  0.622026  0.651914  0.613648  0.743832  0.569719 0.0  0.513215  0.653278  0.581206  0.662192  0.653204  0.578051  0.524114  0.529561  0.637118  0.601172  0.629525  0.579451  0.531992  0.405191  0.558671  0.606530  0.480357  0.641432  0.576157  0.618333  0.635171  0.517825  0.484170  0.547693  0.611155  0.571536  0.614792  0.599887  0.673522  0.544812  0.678010  0.589244  0.770239  0.598859  0.664585  0.588067  0.575725  0.479967  0.706893  0.797641  0.580876  0.578722  0.557142  0.542578  0.715018  0.601141  0.677427  0.548870  0.555687  0.504054  0.661123  0.496012  0.591136  0.687980  0.624527  0.548701  0.497476  0.619766 
