98
0 0.0  0.812287  0.642515  0.349162  0.331318  0.532879  0.351444  0.269324  0.428706  0.325192  0.500212  0.414095  0.610622  0.686953  0.546268  0.371617  0.844891  0.305779  0.355795  0.846181  0.662315  0.354993  0.613602  0.296096  0.337470  0.713851  0.227734  0.339660  0.635831  0.369289  0.471690  0.436796  0.430056  0.351157  0.677579  0.330518  0.393288  0.829937  0.559662  0.479923  0.483089  0.725103  0.269082  0.584676  0.337043  0.337265  0.413906  0.406345  0.480511  0.491521  0.737933  0.350236  0.644330  0.278515  0.672581  0.382792  0.412857  0.447122  0.837486  0.519332  0.551458  0.699037  0.524515  0.801130  0.564997  0.480327  0.305809  0.665727  0.450543  0.459451  0.637435  0.681069  0.446689  0.443390  0.650753  0.585045  0.579527  0.671154  0.305372  0.617047  0.585994  0.492364  0.427271  0.545091  0.320106  0.283794  0.674191  0.434468  0.341930  0.555591  0.565879  0.547901  0.349581  0.668055  0.602224  0.641437  0.716347  0.396656 
1  0.812287 0.0  0.892945  0.841663  0.872925  0.845074  0.823103  0.862921  0.961600  0.765321  0.739359  0.723385  0.747272  0.644286  0.867416  0.818643  0.829588  0.754677  0.740355  0.559322  0.803979  0.892467  0.762928  0.853427  0.786526  0.798015  0.785824  0.882945  0.828292  0.748453  0.901495  0.909047  0.778879  0.811023  0.810858  0.763650  0.789045  0.292139  0.918481  0.810098  0.838610  0.780033  0.942394  0.751142  0.847677  0.720047  0.819206  0.788945  0.807756  0.775581  0.549229  0.986045  0.767286  0.873218  0.947773  0.761367  0.726862  0.794179  0.439060  0.765518  0.798430  0.638716  0.811735  0.454954  0.883064  0.858275  0.797251  0.775884  0.799610  0.773037  0.933991  0.734765  0.983647  0.872141  0.963539  0.649590  0.807860  0.814948  0.769712  0.791534  0.731458  0.825908  0.907838  0.794618  0.818914  0.830307  0.760884  0.767102  0.933421  0.787721  0.754978  0.666937  0.783868  1.000000  0.833273  0.656641  0.916422  0.763166 
2  0.642515  0.892945 0.0  0.710095  0.674802  0.647470  0.755102  0.715571  0.571097  0.533513  0.418112  0.551294  0.688545  0.850438  0.555622  0.667262  0.595891  0.636072  0.519519  0.918425  0.736879  0.504751  0.863610  0.569994  0.751216  0.788236  0.666090  0.598497  0.566441  0.671258  0.673095  0.588368  0.586624  0.568756  0.535168  0.564873  0.720086  0.819531  0.517007  0.409925  0.499981  0.667233  0.588996  0.785607  0.582721  0.518818  0.650000  0.711525  0.528019  0.510387  0.710985  0.718863  0.564845  0.537903  0.362691  0.544887  0.452432  0.501572  0.855079  0.678121  0.859031  0.592779  0.681270  0.789634  0.650459  0.795171  0.564987  0.720139  0.508057  0.507926  0.618943  0.482446  0.465992  0.637218  0.341645  0.620993  0.587762  0.421402  0.682012  0.439711  0.596767  0.659575  0.546162  0.729268  0.617770  0.551912  0.608526  0.617642  0.558296  0.778610  0.706356  0.553324  0.523195  0.690574  0.687859  0.496172  0.778099  0.624385 
3  0.349162  0.841663  0.710095 0.0  0.457924  0.486325  0.315617  0.345403  0.506688  0.469204  0.513197  0.461561  0.419412  0.718883  0.528037  0.543164  0.589287  0.415809  0.507248  0.765349  0.674120  0.477379  0.782684  0.435557  0.376527  0.651113  0.395367  0.356289  0.543897  0.411330  0.586829  0.300833  0.435294  0.399259  0.594968  0.280497  0.415842  0.782374  0.594598  0.539003  0.382716  0.598657  0.458745  0.559966  0.464943  0.468347  0.537529  0.382969  0.273570  0.565533  0.803379  0.365605  0.728212  0.375735  0.594031  0.328834  0.411519  0.527919  0.872668  0.657763  0.519468  0.608202  0.369279  0.751038  0.563705  0.528667  0.312718  0.776886  0.400044  0.425230  0.614304  0.806246  0.386056  0.450130  0.594325  0.729364  0.544746  0.724303  0.384675  0.502725  0.498906  0.323866  0.434207  0.524396  0.338672  0.376236  0.704453  0.457220  0.396845  0.597953  0.615171  0.582871  0.424542  0.583396  0.605751  0.620053  0.763922  0.535171 
4  0.331318  0.872925  0.674802  0.457924 0.0  0.422616  0.510241  0.458730  0.555962  0.577745  0.602409  0.459668  0.438632  0.646319  0.614961  0.430830  0.570545  0.471251  0.418401  0.763158  0.630221  0.622554  0.835650  0.523056  0.388315  0.597972  0.365534  0.473542  0.596500  0.538144  0.670604  0.336570  0.546936  0.493401  0.772448  0.402569  0.398080  0.835303  0.409997  0.518219  0.500405  0.602152  0.598568  0.604690  0.675960  0.411525  0.459074  0.313321  0.445196  0.488975  0.871932  0.464675  0.651477  0.394290  0.436832  0.423113  0.398491  0.392702  0.839293  0.416380  0.680686  0.698794  0.406451  0.871032  0.507588  0.413847  0.439409  0.555412  0.521100  0.485253  0.593721  0.696797  0.456236  0.499691  0.728149  0.549112  0.620291  0.677046  0.318028  0.402241  0.465597  0.451341  0.516860  0.608266  0.526892  0.498850  0.622339  0.459464  0.434349  0.680721  0.595617  0.660130  0.521702  0.765969  0.589364  0.552445  0.794231  0.423791 
5  0.532879  0.845074  0.647470  0.486325  0.422616 0.0  0.523969  0.533888  0.666204  0.537274  0.430000  0.560009  0.390034  0.694771  0.547547  0.421511  0.652466  0.480784  0.500349  0.810943  0.529933  0.505804  0.746219  0.346277  0.533605  0.533333  0.619585  0.529293  0.440343  0.451679  0.509824  0.504659  0.544285  0.449498  0.676132  0.687083  0.522954  0.752565  0.280696  0.586653  0.545928  0.604066  0.522089  0.707809  0.656443  0.488111  0.346353  0.404905  0.398375  0.473747  0.749249  0.453204  0.647162  0.483542  0.512188  0.478331  0.515205  0.561047  0.728186  0.432987  0.505299  0.420826  0.450678  0.654771  0.465387  0.595315  0.485133  0.521849  0.524790  0.526393  0.615172  0.577025  0.586913  0.474397  0.604260  0.525615  0.472624  0.764303  0.559049  0.364869  0.489478  0.568202  0.533138  0.466910  0.521381  0.415044  0.564999  0.486479  0.457238  0.592164  0.592963  0.610513  0.499411  0.702284  0.408883  0.352776  0.626941  0.581330 
6  0.351444  0.823103  0.755102  0.315617  0.510241  0.523969 0.0  0.362747  0.330179  0.380100  0.471532  0.610888  0.400682  0.731679  0.523257  0.373469  0.583917  0.223775  0.561095  0.842529  0.549670  0.282608  0.835053  0.332807  0.363357  0.653759  0.408690  0.419650  0.556250  0.444520  0.532823  0.276448  0.432317  0.243553  0.722794  0.307630  0.380506  0.896916  0.419608  0.532550  0.344691  0.623440  0.348900  0.471387  0.511390  0.480357  0.542387  0.349457  0.465908  0.528130  0.883397  0.307190  0.504847  0.315671  0.478540  0.290426  0.286375  0.571743  0.830538  0.532187  0.542498  0.655354  0.336609  0.932489  0.511923  0.472970  0.311191  0.703121  0.483512  0.406409  0.576600  0.755961  0.208247  0.460902  0.537080  0.519858  0.394487  0.718867  0.416616  0.484749  0.583994  0.365641  0.510661  0.491640  0.356847  0.419209  0.620285  0.343106  0.319994  0.643763  0.476490  0.590752  0.346663  0.678856  0.545930  0.519832  0.833107  0.423026 
7  0.269324  0.862921  0.715571  0.345403  0.458730  0.533888  0.362747 0.0  0.551370  0.396729  0.389713  0.409396  0.332239  0.593057  0.480220  0.556569  0.597159  0.474931  0.513495  0.882370  0.636606  0.339025  0.804696  0.554901  0.374661  0.708273  0.375745  0.342689  0.622648  0.324448  0.643396  0.440816  0.477596  0.407501  0.784706  0.398701  0.365669  0.772828  0.571828  0.514663  0.422805  0.711643  0.359360  0.749083  0.538880  0.403043  0.513753  0.479475  0.395435  0.618243  0.784424  0.352408  0.728434  0.378707  0.537612  0.479612  0.392745  0.403563  0.873623  0.633388  0.534458  0.606001  0.432127  0.699047  0.647018  0.501138  0.507229  0.813606  0.470336  0.503289  0.571801  0.809452  0.389786  0.445427  0.562013  0.537499  0.665148  0.707226  0.373792  0.434034  0.644721  0.342433  0.454725  0.518523  0.389061  0.345255  0.650673  0.432631  0.317844  0.521053  0.626141  0.541420  0.388737  0.678618  0.572697  0.492033  0.650136  0.515999 
8  0.428706  0.961600  0.571097  0.506688  0.555962  0.666204  0.330179  0.551370 0.0  0.468771  0.573814  0.510709  0.541228  0.672841  0.520748  0.524960  0.660736  0.438322  0.355762  0.771459  0.645760  0.438426  0.835227  0.516081  0.422909  0.730265  0.463929  0.385506  0.656685  0.528652  0.575765  0.488641  0.376639  0.545373  0.593062  0.586924  0.478894  0.811918  0.493246  0.590236  0.287489  0.652229  0.375889  0.670378  0.436360  0.408202  0.620631  0.421014  0.625474  0.516065  0.884918  0.500865  0.574078  0.362591  0.520213  0.394775  0.532123  0.438988  0.766721  0.579504  0.588205  0.602875  0.376663  0.855045  0.624103  0.642434  0.507464  0.734436  0.556775  0.504456  0.661323  0.607699  0.341977  0.512876  0.516853  0.566067  0.627202  0.650670  0.469947  0.571341  0.709324  0.513577  0.383362  0.558294  0.432429  0.346250  0.624829  0.463375  0.448471  0.596964  0.451238  0.672108  0.510101  0.526714  0.723442  0.574684  0.660702  0.505329 
9  0.325192  0.765321  0.533513  0.469204  0.577745  0.537274  0.380100  0.396729  0.468771 0.0  0.508560  0.478756  0.469508  0.611621  0.503707  0.477342  0.596935  0.420200  0.479170  0.789822  0.623167  0.482902  0.727959  0.416548  0.383558  0.702879  0.332703  0.388163  0.575248  0.431461  0.633115  0.351877  0.301183  0.444005  0.576312  0.355449  0.425249  0.810918  0.564037  0.439532  0.417950  0.662458  0.494155  0.577824  0.550592  0.379003  0.487277  0.395700  0.382741  0.477537  0.756778  0.360380  0.558679  0.320280  0.597744  0.395668  0.475365  0.497189  0.770633  0.613167  0.664199  0.602788  0.435737  0.853572  0.641548  0.745311  0.391965  0.701196  0.491252  0.516062  0.744324  0.581212  0.482529  0.340556  0.605375  0.626629  0.571267  0.763123  0.449853  0.592639  0.577980  0.394374  0.556422  0.541235  0.590320  0.359368  0.619392  0.351400  0.494887  0.630674  0.565821  0.641557  0.546429  0.576834  0.477744  0.537508  0.781257  0.538433 
10  0.500212  0.739359  0.418112  0.513197  0.602409  0.430000  0.471532  0.389713  0.573814  0.508560 0.0  0.386229  0.531210  0.702213  0.360296  0.394592  0.598804  0.430383  0.586928  0.798262  0.563804  0.629532  0.863188  0.507212  0.516833  0.781348  0.508254  0.619242  0.514219  0.563081  0.532414  0.508608  0.533942  0.454013  0.740128  0.568870  0.563972  0.919717  0.450596  0.514491  0.396830  0.550635  0.463243  0.562877  0.625265  0.472636  0.436746  0.443540  0.531918  0.343650  0.819150  0.520738  0.709144  0.431111  0.642301  0.568792  0.648981  0.603108  0.784832  0.483609  0.537717  0.692505  0.569574  0.781568  0.604023  0.474871  0.443871  0.710663  0.486653  0.574549  0.636028  0.613163  0.499055  0.558423  0.454856  0.605167  0.422887  0.753377  0.624268  0.321531  0.503554  0.470005  0.632228  0.414652  0.398597  0.450211  0.594993  0.531064  0.469317  0.422339  0.472237  0.654161  0.536351  0.675394  0.587195  0.385145  0.621455  0.585296 
11  0.414095  0.723385  0.551294  0.461561  0.459668  0.560009  0.610888  0.409396  0.510709  0.478756  0.386229 0.0  0.428476  0.782031  0.392854  0.414273  0.620673  0.545310  0.270336  0.779454  0.731334  0.489609  0.776495  0.483669  0.489989  0.761746  0.451593  0.515707  0.384443  0.492645  0.626724  0.623694  0.226972  0.458399  0.611794  0.498739  0.359400  0.764854  0.392313  0.472850  0.418280  0.594079  0.464701  0.539465  0.421455  0.332122  0.454054  0.462293  0.441804  0.387761  0.696790  0.430461  0.646471  0.438297  0.513786  0.388270  0.548419  0.381858  0.745701  0.501448  0.477982  0.490060  0.439808  0.673741  0.502346  0.595042  0.551873  0.597754  0.497178  0.333333  0.583765  0.591335  0.504199  0.536982  0.484673  0.566075  0.470820  0.582998  0.540158  0.510535  0.610441  0.548265  0.419157  0.520046  0.482067  0.394305  0.708675  0.523787  0.411726  0.607504  0.622406  0.413860  0.405642  0.581024  0.421718  0.368577  0.691134  0.349437 
12  0.610622  0.747272  0.688545  0.419412  0.438632  0.390034  0.400682  0.332239  0.541228  0.469508  0.531210  0.428476 0.0  0.762203  0.497544  0.492400  0.671510  0.414110  0.371834  0.892657  0.488014  0.549691  0.759862  0.415140  0.531776  0.706329  0.546018  0.489705  0.455447  0.590279  0.616173  0.385626  0.426273  0.509758  0.689859  0.480773  0.465978  0.692229  0.390003  0.531514  0.354994  0.541482  0.449945  0.618996  0.508063  0.299337  0.405261  0.426446  0.448272  0.563256  0.792618  0.466393  0.634987  0.477692  0.408107  0.367192  0.423943  0.491818  0.869255  0.507084  0.586582  0.675616  0.233266  0.833157  0.511064  0.493621  0.504629  0.572521  0.437427  0.325107  0.593013  0.651139  0.508249  0.349051  0.544990  0.551810  0.645147  0.729700  0.428546  0.479754  0.454025  0.507571  0.412142  0.590864  0.382434  0.237827  0.469428  0.392511  0.338925  0.475020  0.790481  0.661209  0.474110  0.665019  0.438480  0.499506  0.674620  0.433342 
13  0.686953  0.644286  0.850438  0.718883  0.646319  0.694771  0.731679  0.593057  0.672841  0.611621  0.702213  0.782031  0.762203 0.0  0.620907  0.734694  0.873969  0.697598  0.642943  0.726404  0.705996  0.817028  0.406682  0.753704  0.668903  0.745424  0.646462  0.877320  0.756739  0.713392  0.707866  0.579245  0.590171  0.687411  0.769154  0.727708  0.675582  0.744917  0.857217  0.731409  0.812312  0.659407  0.623722  0.649175  0.569313  0.705961  0.589893  0.707080  0.690393  0.669104  0.656275  0.787603  0.928389  0.701003  0.887556  0.727276  0.796650  0.669873  0.666281  0.684822  0.614263  0.438026  0.728804  0.618407  0.772457  0.698475  0.664190  0.719922  0.661870  0.632489  0.726953  0.766897  0.777938  0.703085  0.883150  0.628994  0.746594  0.824400  0.692922  0.797178  0.677995  0.635502  0.819291  0.551518  0.741059  0.750233  0.806295  0.735625  0.709346  0.649726  0.744224  0.569797  0.691552  0.746199  0.686523  0.559271  0.686968  0.753808 
14  0.546268  0.867416  0.555622  0.528037  0.614961  0.547547  0.523257  0.480220  0.520748  0.503707  0.360296  0.392854  0.497544  0.620907 0.0  0.418889  0.590314  0.462532  0.394974  0.624917  0.524853  0.616888  0.613908  0.513904  0.453987  0.647759  0.524009  0.573549  0.464838  0.508684  0.586731  0.325688  0.423006  0.375132  0.560816  0.527811  0.448803  0.817831  0.400427  0.566551  0.510774  0.560099  0.512519  0.748299  0.539697  0.391575  0.425934  0.441411  0.573788  0.599627  0.686377  0.529120  0.578708  0.586589  0.516451  0.413376  0.482262  0.469148  0.684879  0.590502  0.497299  0.470524  0.571510  0.804036  0.627472  0.498246  0.399788  0.677978  0.478369  0.522420  0.621288  0.394095  0.398871  0.460407  0.621887  0.431974  0.525755  0.541298  0.577822  0.440040  0.487444  0.490776  0.669821  0.500806  0.470171  0.465688  0.713860  0.568218  0.501396  0.499265  0.430884  0.491623  0.471644  0.758753  0.583945  0.409909  0.767174  0.357066 
15  0.371617  0.818643  0.667262  0.543164  0.430830  0.421511  0.373469  0.556569  0.524960  0.477342  0.394592  0.414273  0.492400  0.734694  0.418889 0.0  0.457709  0.426296  0.545397  0.754473  0.545784  0.470707  0.785486  0.565450  0.570098  0.610125  0.485618  0.556006  0.531614  0.550210  0.494324  0.495217  0.392479  0.372670  0.615641  0.491992  0.589740  0.779697  0.328384  0.606576  0.450391  0.670675  0.477428  0.654103  0.551344  0.479940  0.378822  0.514862  0.455088  0.411385  0.773791  0.498631  0.769934  0.591130  0.547847  0.528782  0.630092  0.438111  0.799526  0.479611  0.448424  0.608863  0.465220  0.663979  0.393981  0.548074  0.482897  0.531196  0.531602  0.515386  0.493890  0.652829  0.512787  0.588628  0.626192  0.734617  0.554999  0.700218  0.514826  0.434318  0.520048  0.591005  0.422562  0.541032  0.487210  0.514465  0.533922  0.414679  0.419238  0.618450  0.558001  0.574470  0.493760  0.689622  0.412877  0.402114  0.592427  0.564011 
16  0.844891  0.829588  0.595891  0.589287  0.570545  0.652466  0.583917  0.597159  0.660736  0.596935  0.598804  0.620673  0.671510  0.873969  0.590314  0.457709 0.0  0.633149  0.656147  0.883484  0.533739  0.597826  0.724969  0.569842  0.681711  0.718378  0.754648  0.555092  0.535875  0.660408  0.527486  0.483941  0.671788  0.559974  0.470041  0.608904  0.662494  0.734753  0.710634  0.669424  0.712155  0.652723  0.624509  0.537122  0.735244  0.599854  0.436502  0.621942  0.669245  0.567155  0.911041  0.559834  0.630663  0.663552  0.618970  0.618762  0.554447  0.672723  0.834056  0.603069  0.644674  0.455518  0.490427  0.812686  0.626312  0.554644  0.733027  0.762510  0.669495  0.621403  0.485757  0.362148  0.645298  0.585386  0.584165  0.536834  0.593518  0.557557  0.758883  0.552420  0.552043  0.594259  0.603127  0.451925  0.723062  0.617562  0.756209  0.604516  0.638553  0.552330  0.565008  0.642384  0.618126  0.630445  0.575954  0.596525  0.710081  0.721362 
17  0.305779  0.754677  0.636072  0.415809  0.471251  0.480784  0.223775  0.474931  0.438322  0.420200  0.430383  0.545310  0.414110  0.697598  0.462532  0.426296  0.633149 0.0  0.595501  0.909189  0.563028  0.480119  0.768465  0.437910  0.395446  0.747628  0.454714  0.374274  0.620898  0.425156  0.499934  0.317417  0.396069  0.269624  0.661948  0.337163  0.399795  0.750201  0.461121  0.482148  0.384729  0.443772  0.399565  0.659210  0.601441  0.451876  0.490085  0.457381  0.431553  0.431152  0.835811  0.470461  0.785578  0.385231  0.515033  0.448392  0.483613  0.506487  0.810411  0.564440  0.542187  0.627877  0.553963  0.907136  0.470234  0.480619  0.341447  0.764111  0.500455  0.476010  0.678978  0.792932  0.418660  0.421569  0.547859  0.508743  0.577724  0.628865  0.319441  0.556017  0.609390  0.423798  0.549494  0.540536  0.235276  0.374678  0.632741  0.437447  0.374557  0.606169  0.599422  0.571374  0.391999  0.639644  0.588504  0.497038  0.724540  0.460447 
18  0.355795  0.740355  0.519519  0.507248  0.418401  0.500349  0.561095  0.513495  0.355762  0.479170  0.586928  0.270336  0.371834  0.642943  0.394974  0.545397  0.656147  0.595501 0.0  0.725600  0.529604  0.560669  0.899666  0.446347  0.601531  0.615554  0.608659  0.522451  0.474751  0.555417  0.561503  0.356245  0.231728  0.446711  0.632512  0.487967  0.407601  0.889617  0.425849  0.453816  0.458284  0.588622  0.520178  0.681152  0.437066  0.521961  0.389083  0.432520  0.432573  0.408054  0.480887  0.516828  0.657619  0.427002  0.459456  0.530303  0.578354  0.486280  0.729811  0.461743  0.589924  0.540863  0.307124  0.805222  0.541105  0.493181  0.516186  0.801959  0.473431  0.486591  0.614822  0.486884  0.510165  0.487289  0.601623  0.512999  0.465834  0.650114  0.450088  0.574192  0.473386  0.366705  0.469941  0.587798  0.445111  0.400701  0.636373  0.451670  0.428948  0.598768  0.534228  0.450947  0.386451  0.775313  0.477931  0.258487  0.729561  0.356276 
19  0.846181  0.559322  0.918425  0.765349  0.763158  0.810943  0.842529  0.882370  0.771459  0.789822  0.798262  0.779454  0.892657  0.726404  0.624917  0.754473  0.883484  0.909189  0.725600 0.0  0.693558  0.845649  0.803780  0.741768  0.780319  0.828328  0.833264  0.838138  0.750264  0.799844  0.718481  0.789557  0.702261  0.806696  0.841007  0.715385  0.793544  0.574986  0.754984  0.664071  0.675864  0.751072  0.837405  0.839565  0.794007  0.693478  0.645982  0.805568  0.761278  0.656125  0.331976  0.797413  0.901467  0.745347  0.866584  0.662782  0.805179  0.650929  0.552816  0.786676  0.735666  0.677597  0.919681  0.376627  0.770063  0.806106  0.731537  0.695688  0.664789  0.851382  0.883959  0.660974  0.959256  0.760060  0.888708  0.694428  0.748572  0.863176  0.700933  0.763608  0.797847  0.812245  0.896816  0.711929  0.835164  0.883814  0.759405  0.834469  0.749240  0.834535  0.769560  0.639951  0.758739  0.926671  0.897840  0.687580  0.801489  0.661387 
20  0.662315  0.803979  0.736879  0.674120  0.630221  0.529933  0.549670  0.636606  0.645760  0.623167  0.563804  0.731334  0.488014  0.705996  0.524853  0.545784  0.533739  0.563028  0.529604  0.693558 0.0  0.782898  0.915506  0.673804  0.601865  0.595024  0.697804  0.649615  0.290477  0.665052  0.655862  0.572662  0.545510  0.640982  0.578701  0.733155  0.608715  0.805202  0.499447  0.592710  0.456270  0.579824  0.541426  0.648477  0.761005  0.546446  0.366117  0.602669  0.563091  0.402059  0.944950  0.586260  0.666660  0.597126  0.724033  0.588919  0.539047  0.566022  0.920695  0.468914  0.521740  0.535717  0.435746  0.700709  0.432846  0.477775  0.637034  0.759257  0.588576  0.608444  0.367237  0.595725  0.622742  0.659796  0.703001  0.506159  0.637940  0.617746  0.627563  0.499972  0.526750  0.646866  0.584360  0.560793  0.734210  0.652421  0.554397  0.527076  0.583638  0.568021  0.588792  0.351829  0.571247  0.592061  0.492965  0.650939  0.612937  0.580756 
21  0.354993  0.892467  0.504751  0.477379  0.622554  0.505804  0.282608  0.339025  0.438426  0.482902  0.629532  0.489609  0.549691  0.817028  0.616888  0.470707  0.597826  0.480119  0.560669  0.845649  0.782898 0.0  0.807425  0.424687  0.488259  0.703874  0.525295  0.356879  0.562227  0.484002  0.622966  0.388469  0.634805  0.488736  0.569515  0.447444  0.506709  0.829906  0.512403  0.549559  0.438342  0.632728  0.418906  0.691746  0.416258  0.483570  0.517335  0.480846  0.449883  0.487783  0.990213  0.483465  0.657963  0.548277  0.609740  0.421087  0.399269  0.419790  0.900953  0.610754  0.687819  0.572612  0.603735  0.865875  0.480440  0.647178  0.432343  0.842713  0.454269  0.518167  0.655608  0.666259  0.380024  0.512329  0.583069  0.633741  0.664122  0.683025  0.497390  0.601129  0.659373  0.419910  0.504262  0.649449  0.435774  0.535928  0.800368  0.384559  0.320713  0.657961  0.681369  0.680218  0.452322  0.484998  0.596455  0.566126  0.642199  0.561653 
22  0.613602  0.762928  0.863610  0.782684  0.835650  0.746219  0.835053  0.804696  0.835227  0.727959  0.863188  0.776495  0.759862  0.406682  0.613908  0.785486  0.724969  0.768465  0.899666  0.803780  0.915506  0.807425 0.0  0.666739  0.730311  0.751834  0.706817  0.844398  0.698531  0.857128  0.852911  0.779969  0.744160  0.722213  0.786476  0.689342  0.813699  0.739157  0.756720  0.703277  0.765837  0.770663  0.756884  0.776232  0.742485  0.861269  0.759042  0.816488  0.709402  0.859652  0.701247  0.897562  0.875591  0.655065  0.884406  0.720746  0.849874  0.794519  0.731908  0.834294  0.765578  0.659871  0.864680  0.774147  0.745448  0.777835  0.752409  0.794662  0.717778  0.785622  0.878376  0.869445  0.829664  0.942332  0.899300  0.722356  0.668920  0.790368  0.840500  0.815287  0.823984  0.813090  0.737623  0.911466  0.778406  0.847745  0.825478  0.775581  0.813418  0.930430  0.771007  0.709281  0.711441  0.973575  0.737297  0.706198  0.955891  0.721154 
23  0.296096  0.853427  0.569994  0.435557  0.523056  0.346277  0.332807  0.554901  0.516081  0.416548  0.507212  0.483669  0.415140  0.753704  0.513904  0.565450  0.569842  0.437910  0.446347  0.741768  0.673804  0.424687  0.666739 0.0  0.512495  0.762565  0.431959  0.469505  0.504135  0.394270  0.541191  0.409283  0.404223  0.408206  0.613658  0.441016  0.411983  0.809985  0.610848  0.388323  0.298416  0.694519  0.458392  0.565561  0.543112  0.417670  0.489985  0.371564  0.474627  0.499770  0.847975  0.388036  0.653122  0.414375  0.594977  0.425255  0.387211  0.371087  0.766082  0.572245  0.521258  0.513274  0.511161  0.836824  0.603097  0.525198  0.311730  0.728594  0.345359  0.353129  0.566227  0.681653  0.434086  0.533655  0.559576  0.469136  0.481865  0.738532  0.349544  0.567321  0.569682  0.441976  0.319113  0.475401  0.405986  0.326776  0.676557  0.433537  0.417100  0.683921  0.584594  0.618178  0.334372  0.632185  0.550858  0.388933  0.760024  0.425410 
24  0.337470  0.786526  0.751216  0.376527  0.388315  0.533605  0.363357  0.374661  0.422909  0.383558  0.516833  0.489989  0.531776  0.668903  0.453987  0.570098  0.681711  0.395446  0.601531  0.780319  0.601865  0.488259  0.730311  0.512495 0.0  0.684815  0.329731  0.546209  0.551174  0.424675  0.668302  0.321629  0.449104  0.351798  0.597453  0.282060  0.433910  0.801356  0.531214  0.477904  0.346352  0.520498  0.376918  0.679804  0.421575  0.403560  0.629470  0.402157  0.269346  0.459721  0.777766  0.256241  0.568761  0.342137  0.550568  0.367056  0.456745  0.509819  0.862064  0.617228  0.540258  0.583074  0.539014  0.692391  0.606274  0.511603  0.239114  0.726189  0.443299  0.465040  0.685809  0.549698  0.431977  0.471333  0.584594  0.557471  0.617033  0.693218  0.359724  0.591485  0.611562  0.484467  0.586392  0.548832  0.368242  0.336941  0.705449  0.291623  0.399974  0.565716  0.487767  0.574639  0.418537  0.630784  0.592212  0.544077  0.710100  0.418255 
25  0.713851  0.798015  0.788236  0.651113  0.597972  0.533333  0.653759  0.708273  0.730265  0.702879  0.781348  0.761746  0.706329  0.745424  0.647759  0.610125  0.718378  0.747628  0.615554  0.828328  0.595024  0.703874  0.751834  0.762565  0.684815 0.0  0.701707  0.652698  0.549125  0.724824  0.655797  0.701134  0.672479  0.735764  0.603345  0.650385  0.697401  0.722987  0.528073  0.733613  0.585526  0.646583  0.810070  0.380409  0.607909  0.578005  0.531647  0.724009  0.579462  0.516410  0.736645  0.635383  0.730025  0.609225  0.744067  0.621019  0.860559  0.538734  0.655222  0.506886  0.607044  0.605485  0.515347  0.748614  0.552116  0.706405  0.720031  0.271991  0.619234  0.656260  0.615284  0.722670  0.774683  0.724437  0.699901  0.625202  0.599543  0.794740  0.697675  0.571387  0.598695  0.688383  0.769619  0.742614  0.729875  0.614737  0.376361  0.705828  0.712411  0.621833  0.683555  0.668717  0.710926  0.865448  0.489667  0.570085  0.696271  0.658819 
26  0.227734  0.785824  0.666090  0.395367  0.365534  0.619585  0.408690  0.375745  0.463929  0.332703  0.508254  0.451593  0.546018  0.646462  0.524009  0.485618  0.754648  0.454714  0.608659  0.833264  0.697804  0.525295  0.706817  0.431959  0.329731  0.701707 0.0  0.407438  0.655129  0.333894  0.547554  0.420260  0.518350  0.322551  0.796648  0.369621  0.444340  0.785305  0.358093  0.567685  0.407452  0.671622  0.421148  0.604860  0.539026  0.454283  0.575874  0.394011  0.440161  0.580684  0.735514  0.430183  0.683096  0.354231  0.561748  0.275747  0.468992  0.491061  0.745975  0.618445  0.511437  0.637210  0.456520  0.884312  0.573330  0.541434  0.348380  0.713755  0.443839  0.436043  0.764057  0.632665  0.480490  0.277733  0.505974  0.602920  0.718851  0.729111  0.412480  0.503221  0.561301  0.443958  0.594124  0.530809  0.476432  0.292463  0.583636  0.446605  0.281353  0.673308  0.521164  0.603392  0.333710  0.616331  0.556495  0.523468  0.771053  0.492279 
27  0.339660  0.882945  0.598497  0.356289  0.473542  0.529293  0.419650  0.342689  0.385506  0.388163  0.619242  0.515707  0.489705  0.877320  0.573549  0.556006  0.555092  0.374274  0.522451  0.838138  0.649615  0.356879  0.844398  0.469505  0.546209  0.652698  0.407438 0.0  0.501237  0.507181  0.489519  0.375121  0.414886  0.368119  0.766981  0.410641  0.536173  0.738598  0.483535  0.398359  0.421443  0.525490  0.307100  0.722302  0.562905  0.450786  0.514780  0.436238  0.482629  0.505912  0.852080  0.536909  0.643316  0.326669  0.485250  0.332803  0.399031  0.462502  0.782838  0.524577  0.711924  0.614393  0.464285  0.957528  0.643962  0.551741  0.402345  0.694067  0.552638  0.477497  0.685731  0.547733  0.442229  0.536935  0.405297  0.600060  0.553542  0.642175  0.471516  0.576532  0.623060  0.512580  0.415923  0.677624  0.248632  0.394941  0.856285  0.435516  0.457139  0.633602  0.643061  0.694381  0.434695  0.504923  0.641333  0.495004  0.598600  0.473285 
28  0.635831  0.828292  0.566441  0.543897  0.596500  0.440343  0.556250  0.622648  0.656685  0.575248  0.514219  0.384443  0.455447  0.756739  0.464838  0.531614  0.535875  0.620898  0.474751  0.750264  0.290477  0.562227  0.698531  0.504135  0.551174  0.549125  0.655129  0.501237 0.0  0.662858  0.567954  0.590021  0.455973  0.680568  0.574930  0.542384  0.638765  0.697211  0.457471  0.551609  0.491913  0.590522  0.575048  0.578952  0.583620  0.604172  0.419281  0.504373  0.691678  0.480694  0.793983  0.664756  0.525361  0.619574  0.566266  0.476887  0.493730  0.502617  0.854419  0.684629  0.475035  0.504219  0.495978  0.637500  0.485229  0.342092  0.543347  0.671833  0.478778  0.601116  0.501639  0.591455  0.636108  0.578328  0.603465  0.318992  0.512614  0.595981  0.602399  0.479921  0.385878  0.517223  0.639088  0.536768  0.578537  0.423112  0.711814  0.502770  0.614619  0.554776  0.427686  0.273087  0.544089  0.595847  0.554619  0.559979  0.673636  0.514006 
29  0.369289  0.748453  0.671258  0.411330  0.538144  0.451679  0.444520  0.324448  0.528652  0.431461  0.563081  0.492645  0.590279  0.713392  0.508684  0.550210  0.660408  0.425156  0.555417  0.799844  0.665052  0.484002  0.857128  0.394270  0.424675  0.724824  0.333894  0.507181  0.662858 0.0  0.503662  0.358057  0.484052  0.375237  0.520904  0.393034  0.389562  0.813667  0.599829  0.476303  0.455755  0.689927  0.384031  0.671449  0.423547  0.392704  0.541918  0.303313  0.539606  0.541922  0.851206  0.277451  0.635443  0.448835  0.637884  0.459767  0.365147  0.475127  0.772074  0.659782  0.566300  0.739490  0.342696  0.725677  0.740624  0.474583  0.289621  0.755597  0.523314  0.395212  0.699016  0.767413  0.512414  0.352953  0.516916  0.635662  0.674135  0.766441  0.236285  0.513713  0.583408  0.345603  0.619102  0.475223  0.310319  0.444516  0.675677  0.348322  0.436807  0.550164  0.546042  0.690702  0.394429  0.615480  0.604161  0.500119  0.767511  0.427986 
30  0.471690  0.901495  0.673095  0.586829  0.670604  0.509824  0.532823  0.643396  0.575765  0.633115  0.532414  0.626724  0.616173  0.707866  0.586731  0.494324  0.527486  0.499934  0.561503  0.718481  0.655862  0.622966  0.852911  0.541191  0.668302  0.655797  0.547554  0.489519  0.567954  0.503662 0.0  0.553711  0.476642  0.632839  0.681663  0.454201  0.499351  0.704184  0.469339  0.635196  0.491678  0.538256  0.472107  0.629789  0.699508  0.681089  0.573384  0.476689  0.475926  0.484543  0.696360  0.569399  0.698494  0.562126  0.719450  0.533041  0.544830  0.651455  0.836308  0.495976  0.428386  0.448819  0.538036  0.749426  0.537595  0.570640  0.589365  0.669246  0.470151  0.702693  0.650377  0.506392  0.624918  0.610810  0.676375  0.596915  0.442162  0.687994  0.613687  0.404302  0.360077  0.694849  0.555341  0.249160  0.656559  0.482285  0.717392  0.565790  0.500574  0.349310  0.338383  0.533313  0.641505  0.553740  0.622650  0.470507  0.711950  0.593759 
31  0.436796  0.909047  0.588368  0.300833  0.336570  0.504659  0.276448  0.440816  0.488641  0.351877  0.508608  0.623694  0.385626  0.579245  0.325688  0.495217  0.483941  0.317417  0.356245  0.789557  0.572662  0.388469  0.779969  0.409283  0.321629  0.701134  0.420260  0.375121  0.590021  0.358057  0.553711 0.0  0.511341  0.406400  0.616970  0.266239  0.411515  0.738519  0.529191  0.538129  0.434744  0.547053  0.341485  0.661217  0.458286  0.387074  0.506685  0.405864  0.459946  0.433710  0.776378  0.437053  0.682667  0.371782  0.602427  0.346150  0.459618  0.485548  0.780650  0.528346  0.537526  0.523586  0.478782  0.825349  0.489872  0.542263  0.318514  0.761797  0.422425  0.429645  0.483227  0.672395  0.382448  0.417079  0.583978  0.630742  0.473328  0.581980  0.545197  0.491970  0.772422  0.365815  0.350516  0.493850  0.462472  0.348062  0.725250  0.329340  0.242917  0.442901  0.628847  0.643186  0.344736  0.527314  0.618095  0.459484  0.734424  0.517766 
32  0.430056  0.778879  0.586624  0.435294  0.546936  0.544285  0.432317  0.477596  0.376639  0.301183  0.533942  0.226972  0.426273  0.590171  0.423006  0.392479  0.671788  0.396069  0.231728  0.702261  0.545510  0.634805  0.744160  0.404223  0.449104  0.672479  0.518350  0.414886  0.455973  0.484052  0.476642  0.511341 0.0  0.481486  0.561264  0.475910  0.361771  0.717512  0.424102  0.367587  0.335002  0.607825  0.237564  0.648986  0.451010  0.307046  0.418937  0.363002  0.417150  0.437123  0.636050  0.539035  0.470579  0.551707  0.456146  0.469368  0.493541  0.429699  0.779907  0.541271  0.597659  0.541893  0.450685  0.734774  0.567162  0.668808  0.307327  0.657549  0.394959  0.315071  0.559846  0.579708  0.435573  0.472819  0.640837  0.603978  0.390209  0.542532  0.547422  0.514139  0.530548  0.496580  0.505361  0.609090  0.320729  0.400258  0.656801  0.525128  0.452851  0.710718  0.534224  0.395669  0.423946  0.733445  0.416218  0.321097  0.715987  0.361731 
33  0.351157  0.811023  0.568756  0.399259  0.493401  0.449498  0.243553  0.407501  0.545373  0.444005  0.454013  0.458399  0.509758  0.687411  0.375132  0.372670  0.559974  0.269624  0.446711  0.806696  0.640982  0.488736  0.722213  0.408206  0.351798  0.735764  0.322551  0.368119  0.680568  0.375237  0.632839  0.406400  0.481486 0.0  0.673117  0.348603  0.564853  0.723892  0.501883  0.334625  0.404628  0.684079  0.428939  0.691940  0.430298  0.380781  0.574776  0.345149  0.361682  0.451882  0.720220  0.416279  0.679816  0.360220  0.602629  0.356824  0.427547  0.454543  0.733835  0.612709  0.616004  0.674773  0.508270  0.757989  0.629320  0.577191  0.308279  0.731147  0.386520  0.412950  0.669496  0.650588  0.399557  0.448261  0.652862  0.506213  0.639627  0.702193  0.479417  0.492767  0.503101  0.428861  0.489080  0.645099  0.423503  0.423787  0.794325  0.387177  0.350178  0.567542  0.505956  0.625909  0.384688  0.642961  0.635815  0.507668  0.732551  0.450020 
34  0.677579  0.810858  0.535168  0.594968  0.772448  0.676132  0.722794  0.784706  0.593062  0.576312  0.740128  0.611794  0.689859  0.769154  0.560816  0.615641  0.470041  0.661948  0.632512  0.841007  0.578701  0.569515  0.786476  0.613658  0.597453  0.603345  0.796648  0.766981  0.574930  0.520904  0.681663  0.616970  0.561264  0.673117 0.0  0.789296  0.621733  0.690372  0.481050  0.644081  0.609018  0.603540  0.635285  0.734433  0.685065  0.688044  0.600047  0.640275  0.723222  0.596273  0.817257  0.633640  0.512642  0.701634  0.680372  0.718691  0.638220  0.544308  0.726524  0.617283  0.676831  0.446466  0.681424  0.665003  0.573762  0.535476  0.668880  0.790061  0.581454  0.484374  0.622165  0.386194  0.730516  0.663421  0.677087  0.632537  0.529669  0.566989  0.741833  0.473310  0.556774  0.590841  0.648291  0.642930  0.479136  0.488881  0.725134  0.682057  0.547674  0.760281  0.529826  0.426326  0.623789  0.505197  0.537393  0.427590  0.572099  0.684200 
35  0.330518  0.763650  0.564873  0.280497  0.402569  0.687083  0.307630  0.398701  0.586924  0.355449  0.568870  0.498739  0.480773  0.727708  0.527811  0.491992  0.608904  0.337163  0.487967  0.715385  0.733155  0.447444  0.689342  0.441016  0.282060  0.650385  0.369621  0.410641  0.542384  0.393034  0.454201  0.266239  0.475910  0.348603  0.789296 0.0  0.480801  0.793377  0.546612  0.557129  0.412469  0.688164  0.536728  0.656594  0.496288  0.513809  0.580130  0.382235  0.426930  0.440762  0.840893  0.388521  0.733314  0.409065  0.751526  0.389411  0.439808  0.515578  0.848186  0.519122  0.556563  0.614279  0.536843  0.846839  0.534957  0.409860  0.374107  0.769553  0.521212  0.400178  0.591268  0.619697  0.473464  0.399117  0.608210  0.593657  0.591059  0.632293  0.326634  0.654185  0.563561  0.426969  0.419286  0.595290  0.487801  0.299246  0.705230  0.336883  0.381891  0.627095  0.594400  0.704954  0.377455  0.716490  0.497215  0.432662  0.745697  0.470036 
36  0.393288  0.789045  0.720086  0.415842  0.398080  0.522954  0.380506  0.365669  0.478894  0.425249  0.563972  0.359400  0.465978  0.675582  0.448803  0.589740  0.662494  0.399795  0.407601  0.793544  0.608715  0.506709  0.813699  0.411983  0.433910  0.697401  0.444340  0.536173  0.638765  0.389562  0.499351  0.411515  0.361771  0.564853  0.621733  0.480801 0.0  0.762652  0.622968  0.540240  0.613132  0.694098  0.502967  0.592174  0.497692  0.473626  0.556541  0.345726  0.465393  0.500614  0.660111  0.548728  0.585845  0.425403  0.475824  0.340056  0.460970  0.342408  0.755721  0.560082  0.503605  0.580378  0.496477  0.792670  0.516396  0.498761  0.471053  0.665236  0.267660  0.375679  0.771004  0.641380  0.397749  0.427383  0.602675  0.537126  0.338532  0.631776  0.388205  0.452757  0.546467  0.375294  0.522583  0.515023  0.382263  0.472594  0.635579  0.423172  0.504097  0.628108  0.500404  0.650759  0.504066  0.642491  0.611062  0.552683  0.764543  0.280133 
37  0.829937  0.292139  0.819531  0.782374  0.835303  0.752565  0.896916  0.772828  0.811918  0.810918  0.919717  0.764854  0.692229  0.744917  0.817831  0.779697  0.734753  0.750201  0.889617  0.574986  0.805202  0.829906  0.739157  0.809985  0.801356  0.722987  0.785305  0.738598  0.697211  0.813667  0.704184  0.738519  0.717512  0.723892  0.690372  0.793377  0.762652 0.0  0.735563  0.774031  0.737060  0.885516  0.781106  0.730592  0.762957  0.771758  0.700908  0.776561  0.723040  0.819316  0.642180  0.892900  0.885905  0.847836  0.872065  0.817482  0.893264  0.717684  0.444413  0.815703  0.812547  0.814418  0.799390  0.572279  0.645900  0.731641  0.884954  0.748431  0.809110  0.691094  0.924496  0.810721  0.906158  0.869361  0.923989  0.827595  0.736991  0.884740  0.873367  0.781162  0.789362  0.826366  0.805942  0.819241  0.805627  0.850258  0.769450  0.705602  0.768854  0.805308  0.863801  0.717148  0.769702  0.862429  0.690381  0.802063  0.929731  0.890256 
38  0.559662  0.918481  0.517007  0.594598  0.409997  0.280696  0.419608  0.571828  0.493246  0.564037  0.450596  0.392313  0.390003  0.857217  0.400427  0.328384  0.710634  0.461121  0.425849  0.754984  0.499447  0.512403  0.756720  0.610848  0.531214  0.528073  0.358093  0.483535  0.457471  0.599829  0.469339  0.529191  0.424102  0.501883  0.481050  0.546612  0.622968  0.735563 0.0  0.504543  0.421955  0.597046  0.645844  0.761975  0.667669  0.499517  0.498711  0.406927  0.374629  0.411913  0.747328  0.458404  0.660517  0.415443  0.485569  0.474361  0.649426  0.484166  0.773862  0.454247  0.507389  0.500244  0.447566  0.716605  0.650581  0.568673  0.520101  0.620926  0.454964  0.465471  0.674380  0.616302  0.653508  0.591851  0.643046  0.579664  0.700419  0.821400  0.632157  0.360303  0.561123  0.593221  0.536036  0.535125  0.585197  0.499006  0.594271  0.487028  0.559269  0.525325  0.676198  0.595754  0.455857  0.778468  0.444339  0.518953  0.648582  0.595548 
39  0.479923  0.810098  0.409925  0.539003  0.518219  0.586653  0.532550  0.514663  0.590236  0.439532  0.514491  0.472850  0.531514  0.731409  0.566551  0.606576  0.669424  0.482148  0.453816  0.664071  0.592710  0.549559  0.703277  0.388323  0.477904  0.733613  0.567685  0.398359  0.551609  0.476303  0.635196  0.538129  0.367587  0.334625  0.644081  0.557129  0.540240  0.774031  0.504543 0.0  0.562083  0.697964  0.524214  0.676446  0.462970  0.359871  0.560176  0.495383  0.287820  0.575104  0.809389  0.439627  0.482547  0.456525  0.434380  0.339975  0.455947  0.496790  0.718712  0.703760  0.589958  0.478707  0.525303  0.790622  0.538579  0.518523  0.547959  0.743981  0.364726  0.399313  0.565111  0.599136  0.449348  0.517543  0.600727  0.582101  0.644019  0.635291  0.578019  0.462106  0.566254  0.479798  0.474994  0.588043  0.472145  0.343701  0.743432  0.493768  0.488560  0.630084  0.567949  0.494301  0.473524  0.575592  0.645876  0.566807  0.707227  0.442045 
