98
0 0.0  0.638775  0.571641  0.368304  0.724681  0.512358  0.377629  0.555346  0.714330  0.620504  0.772131  0.606290  0.416964  0.523931  0.323088  0.530489  0.312524  0.569799  0.530689  0.566037  0.348175  0.411526  0.501462  0.425930  0.664474  0.277339  0.556817  0.794533  0.752827  0.733573  0.277899  0.451894  0.299653  0.403088  0.686570  0.432164  0.375559  0.653130  0.416566  0.584566  0.391456  0.440221  0.746459  0.348688  0.417239  0.439620  0.607449  0.567889  0.341741  0.279477  0.393342  0.546512  0.701119  0.466620  0.539850  0.408221  0.365765  0.555401  0.471665  0.250573  0.468760  0.573752  0.268862  0.399825  0.598647  0.392893  0.532035  0.652179  0.298940  0.407218  0.614762  0.553787  0.448148  0.324762  0.618849  0.590884  0.680685  0.337049  0.419339  0.586318  0.741138  0.499711  0.392794  0.814707  0.661291  0.495088  0.487849  0.414994  0.498392  0.628977  0.387904  0.410683  0.429969  0.514500  0.417727  0.350870  0.317659  0.255566 
1  0.638775 0.0  0.461182  0.683748  0.786225  0.553922  0.660661  0.778565  0.651386  0.677316  0.704203  0.570193  0.512115  0.516996  0.599781  0.718587  0.521009  0.616407  0.609846  0.630712  0.675403  0.558314  0.599870  0.675185  0.421953  0.629183  0.566998  0.722517  0.595914  0.643933  0.641727  0.586336  0.616579  0.609752  0.706144  0.645552  0.635108  0.611450  0.631870  0.528776  0.573589  0.524202  0.434885  0.649251  0.530107  0.655088  0.603858  0.476070  0.705045  0.724121  0.630729  0.658110  0.729204  0.529963  0.587919  0.549581  0.622776  0.705115  0.662214  0.626890  0.537695  0.615461  0.750288  0.639677  0.597654  0.628576  0.519889  0.668919  0.594041  0.698895  0.713962  0.485054  0.583769  0.613662  0.615215  0.582903  0.696874  0.603042  0.650574  0.789803  0.748162  0.649816  0.617628  0.712487  0.731716  0.588180  0.517627  0.624634  0.512052  0.708758  0.713479  0.645073  0.363433  0.600049  0.640756  0.663106  0.678695  0.684668 
2  0.571641  0.461182 0.0  0.527852  0.834775  0.492447  0.469153  0.677775  0.379925  0.568793  0.679758  0.510473  0.485418  0.290945  0.566681  0.616788  0.522620  0.551816  0.619277  0.636114  0.486030  0.663523  0.530223  0.450105  0.576220  0.467783  0.508622  0.668487  0.621292  0.699907  0.511874  0.517324  0.545404  0.667001  0.837799  0.501086  0.650821  0.714537  0.549043  0.491987  0.435315  0.409332  0.627209  0.497698  0.537684  0.589089  0.483989  0.433137  0.599639  0.591209  0.607185  0.436173  0.558495  0.466248  0.454934  0.598449  0.464961  0.647115  0.637895  0.515612  0.604038  0.567037  0.542907  0.464391  0.313185  0.521518  0.443334  0.733704  0.418319  0.446580  0.496897  0.431938  0.522205  0.564756  0.743336  0.617553  0.709797  0.505532  0.565433  0.551064  0.716755  0.490114  0.469081  0.767445  0.540564  0.515625  0.455225  0.538596  0.506875  0.658208  0.665260  0.520269  0.467003  0.587065  0.542202  0.565967  0.523609  0.472249 
3  0.368304  0.683748  0.527852 0.0  0.703125  0.415343  0.381565  0.517617  0.631502  0.551363  0.554891  0.513133  0.557096  0.546058  0.338246  0.363989  0.378595  0.522415  0.455583  0.613850  0.381315  0.301822  0.528340  0.437706  0.719365  0.311652  0.616267  0.905168  0.818708  0.822704  0.331377  0.408320  0.381168  0.316385  0.733213  0.338246  0.409677  0.557828  0.462750  0.618454  0.290392  0.557245  0.564484  0.338883  0.386159  0.616725  0.516912  0.642169  0.352735  0.297616  0.441991  0.680015  0.684481  0.527925  0.724948  0.501627  0.379724  0.585909  0.413085  0.279359  0.459444  0.572171  0.280586  0.467011  0.509583  0.398902  0.517971  0.758866  0.420453  0.545223  0.537273  0.468629  0.426783  0.288750  0.471996  0.608598  0.692571  0.438592  0.432951  0.570067  0.721235  0.452269  0.453034  0.711024  0.646761  0.471420  0.499030  0.296088  0.408026  0.422215  0.333202  0.367034  0.572542  0.466541  0.405081  0.282692  0.332208  0.212422 
4  0.724681  0.786225  0.834775  0.703125 0.0  0.815219  0.760484  0.824335  0.885623  0.711363  0.659672  0.700272  0.798566  0.711951  0.783493  0.847249  0.677337  0.604449  0.656215  0.632024  0.705785  0.705934  0.691313  0.873028  0.694110  0.766532  0.682462  0.680341  0.602351  0.348468  0.741316  0.809464  0.668116  0.764533  0.389423  0.668915  0.823800  0.864486  0.745976  0.893889  0.741490  0.733209  0.784264  0.763006  0.786965  0.823093  0.650235  0.641142  0.724164  0.831588  0.733879  0.605513  0.677608  0.726331  0.801194  0.682370  0.769680  0.808252  0.776266  0.724546  0.729004  0.702546  0.718978  0.836954  0.805505  0.769784  0.613585  0.726956  0.680436  0.702399  0.857814  0.817695  0.614934  0.713418  0.727299  0.667092  0.741994  0.707858  0.714340  0.898682  0.305697  0.785659  0.820072  0.618383  0.796769  0.814714  0.583278  0.701273  0.755252  0.773320  0.827489  0.798944  0.650602  0.846319  0.729131  0.797591  0.815588  0.692602 
5  0.512358  0.553922  0.492447  0.415343  0.815219 0.0  0.399918  0.401738  0.601852  0.759747  0.745623  0.477851  0.616675  0.533217  0.507127  0.462750  0.583312  0.479607  0.515886  0.648484  0.414936  0.415658  0.524133  0.401407  0.583738  0.373891  0.599706  0.764616  0.653261  0.847100  0.525164  0.493836  0.408474  0.456891  0.765149  0.411518  0.418165  0.475485  0.421948  0.484314  0.480119  0.514849  0.612851  0.422110  0.294192  0.555662  0.547656  0.686186  0.456314  0.503478  0.391369  0.535947  0.697288  0.538729  0.549544  0.390820  0.422916  0.416266  0.385710  0.524721  0.409220  0.577159  0.635334  0.469990  0.649839  0.590031  0.422938  0.745140  0.408848  0.584807  0.730437  0.526870  0.517853  0.369887  0.460420  0.742019  0.654835  0.414062  0.518584  0.572145  0.787039  0.552995  0.496815  0.701310  0.434321  0.538511  0.585669  0.395228  0.471735  0.445817  0.417992  0.478290  0.559603  0.517628  0.503315  0.381799  0.464527  0.471355 
6  0.377629  0.660661  0.469153  0.381565  0.760484  0.399918 0.0  0.638596  0.614055  0.588387  0.651978  0.497118  0.408778  0.478081  0.417383  0.349107  0.278556  0.596612  0.441291  0.642834  0.545738  0.303086  0.474291  0.284434  0.616384  0.372565  0.557524  0.787942  0.645371  0.722277  0.264202  0.392228  0.373492  0.444249  0.765179  0.354988  0.356167  0.596081  0.399006  0.531703  0.354184  0.537781  0.746785  0.406929  0.359480  0.358755  0.542648  0.516350  0.289109  0.502271  0.378987  0.482354  0.643713  0.459323  0.696878  0.367208  0.364951  0.442565  0.332004  0.304893  0.354541  0.492342  0.385944  0.442416  0.564441  0.367245  0.503686  0.763584  0.340497  0.623898  0.612927  0.475059  0.408966  0.330401  0.378649  0.615521  0.671376  0.338154  0.441259  0.371827  0.817676  0.631285  0.336435  0.665838  0.693237  0.560842  0.515612  0.297917  0.540202  0.528941  0.389358  0.399101  0.474145  0.517989  0.461177  0.465520  0.257086  0.323113 
7  0.555346  0.778565  0.677775  0.517617  0.824335  0.401738  0.638596 0.0  0.669282  0.619805  0.854306  0.592170  0.602295  0.702643  0.633738  0.534228  0.522859  0.664685  0.508883  0.754138  0.547073  0.557303  0.613294  0.434947  0.815602  0.673275  0.510842  0.852507  0.840652  0.784188  0.597518  0.499872  0.503512  0.651287  0.865720  0.584700  0.528470  0.322837  0.593665  0.641729  0.534273  0.647979  0.731668  0.639163  0.465537  0.378717  0.682778  0.691486  0.705127  0.596524  0.632765  0.607459  0.459087  0.472218  0.578598  0.493969  0.580849  0.480614  0.456973  0.461593  0.548309  0.565202  0.486947  0.588193  0.516900  0.502232  0.493011  0.846786  0.520536  0.658386  0.532388  0.559409  0.571452  0.458291  0.392588  0.742332  0.663563  0.579130  0.612167  0.445119  0.877904  0.498485  0.645415  0.797581  0.515931  0.743256  0.651408  0.489083  0.520602  0.401458  0.428756  0.460770  0.633650  0.418975  0.583067  0.613441  0.619677  0.516336 
8  0.714330  0.651386  0.379925  0.631502  0.885623  0.601852  0.614055  0.669282 0.0  0.452734  0.847261  0.526723  0.570251  0.461106  0.611402  0.638650  0.636477  0.637547  0.685746  0.793452  0.632569  0.708146  0.593089  0.477101  0.742027  0.645892  0.624756  0.716418  0.825155  0.864693  0.668200  0.596540  0.666813  0.666182  0.866141  0.607499  0.621398  0.553070  0.659941  0.315465  0.655203  0.502356  0.684061  0.653941  0.567911  0.601820  0.557803  0.496880  0.602125  0.622911  0.569931  0.538938  0.463171  0.483122  0.570305  0.694534  0.618123  0.551489  0.581133  0.667595  0.573653  0.507594  0.649366  0.610002  0.378027  0.578632  0.487523  0.783378  0.667253  0.733524  0.380125  0.555009  0.512971  0.629034  0.622785  0.822179  0.561194  0.650421  0.716964  0.491634  0.832117  0.505545  0.607204  0.838659  0.350783  0.609640  0.634803  0.617985  0.525280  0.528466  0.552193  0.608592  0.592170  0.526506  0.628742  0.758317  0.504409  0.664580 
9  0.620504  0.677316  0.568793  0.551363  0.711363  0.759747  0.588387  0.619805  0.452734 0.0  0.773297  0.544502  0.515589  0.459618  0.528719  0.587011  0.522679  0.347286  0.535390  0.602185  0.657614  0.645054  0.483815  0.522699  0.670282  0.540866  0.465911  0.755414  0.584052  0.787930  0.645035  0.527481  0.609869  0.641560  0.755510  0.604767  0.536030  0.561613  0.574572  0.521982  0.646778  0.618787  0.652229  0.582825  0.510139  0.616119  0.420559  0.468918  0.586392  0.538698  0.623033  0.538617  0.357851  0.519231  0.331594  0.482947  0.463295  0.581180  0.575126  0.586371  0.469656  0.338161  0.545739  0.512056  0.490870  0.594625  0.376430  0.879560  0.524481  0.432982  0.380307  0.557139  0.611574  0.494786  0.483526  0.622848  0.487664  0.525445  0.618757  0.471109  0.775601  0.495942  0.642374  0.732116  0.431456  0.552382  0.499528  0.577048  0.562837  0.500506  0.646958  0.598467  0.656313  0.551778  0.604924  0.588402  0.676020  0.547118 
10  0.772131  0.704203  0.679758  0.554891  0.659672  0.745623  0.651978  0.854306  0.847261  0.773297 0.0  0.727632  0.629503  0.697244  0.777813  0.713520  0.521592  0.666826  0.661959  0.426320  0.685238  0.631674  0.583302  0.704102  0.581021  0.697029  0.731572  0.646705  0.700364  0.733865  0.597185  0.648131  0.634596  0.645300  0.675172  0.562353  0.683666  0.804744  0.685799  0.758235  0.673947  0.635389  0.726786  0.525267  0.733520  0.740308  0.693355  0.657161  0.703681  0.703320  0.739372  0.644221  0.758973  0.643375  0.755860  0.767331  0.801999  0.799778  0.647346  0.626981  0.692062  0.718444  0.738937  0.696236  0.654148  0.670127  0.736961  0.398222  0.640238  0.737548  0.652599  0.687070  0.700450  0.651893  0.748190  0.427562  0.845283  0.580547  0.429111  0.753199  0.726453  0.662929  0.688828  0.702810  0.749179  0.633262  0.751653  0.716918  0.766137  0.670640  0.576335  0.724264  0.653401  0.773360  0.689255  0.641546  0.698938  0.697850 
11  0.606290  0.570193  0.510473  0.513133  0.700272  0.477851  0.497118  0.592170  0.526723  0.544502  0.727632 0.0  0.547029  0.485177  0.479822  0.565696  0.667889  0.491671  0.406006  0.596882  0.531894  0.430660  0.259805  0.574088  0.524853  0.527433  0.196797  0.713384  0.690968  0.789460  0.532863  0.376901  0.454520  0.498667  0.664944  0.563595  0.458445  0.440617  0.515272  0.629095  0.452070  0.498072  0.672060  0.487969  0.447416  0.607069  0.370473  0.505292  0.633924  0.545127  0.611815  0.449704  0.462236  0.435849  0.429163  0.446333  0.492918  0.458405  0.514431  0.554481  0.465862  0.567758  0.686375  0.673047  0.670988  0.500968  0.501745  0.667781  0.570200  0.403576  0.738614  0.517168  0.502394  0.587363  0.553458  0.598875  0.648015  0.458854  0.612965  0.532441  0.608947  0.565706  0.604878  0.658069  0.524864  0.397568  0.491999  0.565998  0.480699  0.525428  0.608579  0.486318  0.506477  0.571265  0.628287  0.434125  0.486655  0.565663 
12  0.416964  0.512115  0.485418  0.557096  0.798566  0.616675  0.408778  0.602295  0.570251  0.515589  0.629503  0.547029 0.0  0.408796  0.522545  0.520263  0.449732  0.546620  0.500589  0.659977  0.376176  0.440379  0.473097  0.498431  0.611956  0.580273  0.456758  0.608250  0.560135  0.672199  0.586898  0.399181  0.475732  0.490304  0.764531  0.503260  0.544985  0.448195  0.536163  0.603945  0.358022  0.492284  0.440965  0.474691  0.454084  0.519378  0.451704  0.613673  0.571041  0.470321  0.497346  0.488848  0.547112  0.465698  0.565672  0.557209  0.533782  0.525299  0.592298  0.456945  0.538543  0.679232  0.509266  0.442085  0.515080  0.444062  0.388131  0.728444  0.502372  0.431523  0.617741  0.334716  0.489127  0.484979  0.524929  0.647777  0.702415  0.537361  0.469917  0.415580  0.740632  0.608261  0.430448  0.604262  0.780289  0.434103  0.437029  0.406270  0.422084  0.453472  0.489111  0.517630  0.514771  0.447455  0.408504  0.671823  0.470343  0.494857 
13  0.523931  0.516996  0.290945  0.546058  0.711951  0.533217  0.478081  0.702643  0.461106  0.459618  0.697244  0.485177  0.408796 0.0  0.455614  0.497201  0.500710  0.313530  0.368796  0.648610  0.436391  0.480301  0.418157  0.560832  0.516570  0.438998  0.464830  0.531077  0.692578  0.588262  0.375735  0.333666  0.515042  0.596563  0.708468  0.513400  0.504022  0.515543  0.544891  0.531718  0.430257  0.465837  0.435342  0.471009  0.463771  0.592542  0.435595  0.493390  0.587258  0.464069  0.444636  0.413000  0.450553  0.377862  0.618369  0.416562  0.654589  0.537843  0.459931  0.478877  0.441227  0.448654  0.476266  0.557189  0.467665  0.453454  0.288408  0.752387  0.546814  0.420991  0.605412  0.390132  0.503223  0.391441  0.614820  0.563854  0.633038  0.409343  0.520703  0.581306  0.679860  0.458675  0.395086  0.785570  0.581086  0.437638  0.404612  0.461646  0.474559  0.528721  0.558743  0.445641  0.424562  0.584012  0.495255  0.599688  0.545331  0.492514 
14  0.323088  0.599781  0.566681  0.338246  0.783493  0.507127  0.417383  0.633738  0.611402  0.528719  0.777813  0.479822  0.522545  0.455614 0.0  0.385807  0.285242  0.557190  0.487967  0.672836  0.344413  0.374436  0.603085  0.413636  0.745510  0.327585  0.467510  0.777008  0.767560  0.718297  0.387017  0.423405  0.426349  0.302269  0.691187  0.306653  0.481821  0.594401  0.375628  0.629453  0.316087  0.491090  0.606216  0.261781  0.408939  0.533724  0.659521  0.583460  0.431552  0.345159  0.487939  0.555923  0.661911  0.481932  0.615270  0.446861  0.381151  0.671780  0.476518  0.284047  0.454524  0.579231  0.455656  0.521419  0.634104  0.320870  0.539948  0.690580  0.394377  0.609686  0.638964  0.591483  0.485826  0.395811  0.573747  0.564261  0.680068  0.308772  0.387509  0.485057  0.785748  0.580871  0.436576  0.689074  0.655264  0.615246  0.572651  0.361244  0.514434  0.535525  0.422845  0.452002  0.508422  0.400761  0.384056  0.452980  0.394789  0.313230 
15  0.530489  0.718587  0.616788  0.363989  0.847249  0.462750  0.349107  0.534228  0.638650  0.587011  0.713520  0.565696  0.520263  0.497201  0.385807 0.0  0.439897  0.679784  0.545840  0.768781  0.365731  0.238964  0.585858  0.360364  0.670997  0.339473  0.641876  0.816161  0.723662  0.824236  0.414695  0.599118  0.399000  0.276372  0.902248  0.581154  0.529414  0.578917  0.506163  0.559276  0.321930  0.644281  0.669157  0.341560  0.485821  0.600592  0.576586  0.668256  0.352514  0.413378  0.484833  0.517861  0.560909  0.494551  0.585939  0.417721  0.450477  0.584563  0.533098  0.395746  0.523315  0.612698  0.510346  0.442996  0.731541  0.364823  0.541584  0.779358  0.397298  0.674701  0.658363  0.602850  0.553455  0.485110  0.428333  0.692731  0.731604  0.491290  0.394125  0.496339  0.820935  0.478421  0.522921  0.787838  0.560582  0.541321  0.572231  0.461456  0.622536  0.493770  0.422024  0.471021  0.525616  0.532529  0.350399  0.396366  0.359826  0.461184 
16  0.312524  0.521009  0.522620  0.378595  0.677337  0.583312  0.278556  0.522859  0.636477  0.522679  0.521592  0.667889  0.449732  0.500710  0.285242  0.439897 0.0  0.564131  0.423344  0.666028  0.420690  0.402398  0.385948  0.346621  0.618242  0.322344  0.559713  0.691638  0.689036  0.816808  0.448263  0.431392  0.385077  0.335252  0.707418  0.411644  0.413184  0.656911  0.399262  0.659583  0.492992  0.542877  0.530173  0.276109  0.307466  0.527238  0.469707  0.665927  0.353874  0.377481  0.440263  0.439047  0.552015  0.373211  0.642599  0.503169  0.357614  0.607588  0.427361  0.330242  0.509925  0.615997  0.470853  0.473933  0.620095  0.304955  0.415698  0.829079  0.413364  0.544570  0.531714  0.463416  0.403608  0.342870  0.534499  0.714321  0.585661  0.304814  0.354988  0.578446  0.739034  0.532300  0.413219  0.794974  0.632470  0.488785  0.583290  0.378349  0.559485  0.509977  0.407093  0.361987  0.510703  0.511027  0.413726  0.312013  0.330030  0.340283 
17  0.569799  0.616407  0.551816  0.522415  0.604449  0.479607  0.596612  0.664685  0.637547  0.347286  0.666826  0.491671  0.546620  0.313530  0.557190  0.679784  0.564131 0.0  0.420855  0.569799  0.505507  0.627008  0.448648  0.564444  0.552734  0.470275  0.410370  0.704318  0.736746  0.709178  0.389193  0.519129  0.472937  0.470984  0.566440  0.530559  0.504906  0.557730  0.554152  0.732977  0.584460  0.395134  0.603597  0.454531  0.559058  0.544165  0.493240  0.500830  0.601793  0.484370  0.469918  0.559476  0.381103  0.581284  0.315443  0.528016  0.622628  0.511639  0.569643  0.563880  0.416235  0.288506  0.617848  0.659226  0.465787  0.623285  0.437661  0.566360  0.547328  0.377029  0.519936  0.411363  0.492849  0.661296  0.676516  0.647229  0.624922  0.545544  0.513973  0.656628  0.640634  0.600551  0.605697  0.768348  0.588434  0.476650  0.460991  0.515046  0.461467  0.548819  0.565756  0.434117  0.500484  0.661734  0.575623  0.521197  0.533526  0.641425 
18  0.530689  0.609846  0.619277  0.455583  0.656215  0.515886  0.441291  0.508883  0.685746  0.535390  0.661959  0.406006  0.500589  0.368796  0.487967  0.545840  0.423344  0.420855 0.0  0.457311  0.511149  0.440144  0.486367  0.431003  0.601340  0.503919  0.374663  0.708988  0.626356  0.688277  0.455640  0.305500  0.442504  0.465655  0.574680  0.424785  0.491486  0.395320  0.357290  0.608854  0.456048  0.424918  0.655350  0.506775  0.385910  0.507035  0.388217  0.509445  0.426342  0.469003  0.483857  0.548496  0.510430  0.492818  0.445910  0.445992  0.482249  0.482817  0.442106  0.480065  0.382791  0.519128  0.581759  0.564632  0.630884  0.601787  0.419765  0.661343  0.446164  0.466504  0.644433  0.432370  0.509896  0.464188  0.365067  0.660128  0.589391  0.389050  0.547126  0.566372  0.652373  0.547340  0.488784  0.603881  0.483573  0.452980  0.541587  0.473118  0.444253  0.490920  0.471405  0.440945  0.442837  0.544628  0.559480  0.495709  0.592856  0.522629 
19  0.566037  0.630712  0.636114  0.613850  0.632024  0.648484  0.642834  0.754138  0.793452  0.602185  0.426320  0.596882  0.659977  0.648610  0.672836  0.768781  0.666028  0.569799  0.457311 0.0  0.649078  0.685022  0.658017  0.788966  0.599227  0.601879  0.595150  0.700145  0.596498  0.741517  0.585643  0.676047  0.635896  0.706475  0.638391  0.655881  0.730049  0.797017  0.513240  0.782572  0.645999  0.610482  0.684009  0.669967  0.597375  0.729520  0.697543  0.551433  0.625794  0.739521  0.599694  0.655624  0.613492  0.689103  0.671158  0.625476  0.756807  0.699647  0.533885  0.683242  0.623769  0.703186  0.818769  0.695923  0.604063  0.684359  0.653711  0.392006  0.581604  0.630840  0.840132  0.577836  0.700806  0.752549  0.802617  0.312948  0.789087  0.647236  0.635212  0.789521  0.663733  0.773061  0.710176  0.516448  0.661140  0.718443  0.694782  0.691051  0.667522  0.661010  0.697500  0.711468  0.599030  0.671931  0.584454  0.712451  0.610984  0.627152 
20  0.348175  0.675403  0.486030  0.381315  0.705785  0.414936  0.545738  0.547073  0.632569  0.657614  0.685238  0.531894  0.376176  0.436391  0.344413  0.365731  0.420690  0.505507  0.511149  0.649078 0.0  0.303209  0.594341  0.473640  0.716218  0.394520  0.492252  0.756285  0.691070  0.743156  0.433277  0.496865  0.500755  0.394438  0.740658  0.372056  0.397057  0.558101  0.373636  0.576993  0.364218  0.546216  0.689996  0.414706  0.467242  0.531551  0.443457  0.591698  0.379459  0.402945  0.382646  0.588325  0.614182  0.539193  0.613179  0.436388  0.407224  0.618559  0.485802  0.406852  0.426707  0.556565  0.452942  0.420904  0.652386  0.344503  0.560858  0.787795  0.424779  0.511348  0.699726  0.462976  0.415642  0.471283  0.484990  0.639460  0.586096  0.484541  0.313313  0.599457  0.736754  0.621638  0.325208  0.814165  0.632983  0.546012  0.590172  0.319047  0.406277  0.473566  0.506274  0.465279  0.423808  0.574304  0.383229  0.382008  0.424421  0.417149 
21  0.411526  0.558314  0.663523  0.301822  0.705934  0.415658  0.303086  0.557303  0.708146  0.645054  0.631674  0.430660  0.440379  0.480301  0.374436  0.238964  0.402398  0.627008  0.440144  0.685022  0.303209 0.0  0.625702  0.495590  0.560434  0.401801  0.428718  0.829358  0.801003  0.763710  0.308798  0.420124  0.408380  0.392881  0.725503  0.347947  0.434115  0.517708  0.420491  0.677869  0.262302  0.440720  0.713570  0.404697  0.473965  0.512084  0.639576  0.549371  0.403970  0.383255  0.360179  0.591528  0.728181  0.548750  0.630716  0.449618  0.313366  0.535234  0.437100  0.370699  0.404993  0.530148  0.367980  0.516615  0.517632  0.283159  0.554528  0.732105  0.401144  0.549931  0.648681  0.432994  0.415849  0.343525  0.593715  0.677891  0.706982  0.372606  0.429849  0.641158  0.829309  0.542117  0.325702  0.760372  0.520771  0.443257  0.593381  0.432705  0.481488  0.583329  0.418142  0.364225  0.494648  0.483630  0.349572  0.360146  0.229221  0.294041 
22  0.501462  0.599870  0.530223  0.528340  0.691313  0.524133  0.474291  0.613294  0.593089  0.483815  0.583302  0.259805  0.473097  0.418157  0.603085  0.585858  0.385948  0.448648  0.486367  0.658017  0.594341  0.625702 0.0  0.543667  0.478325  0.604009  0.341476  0.698558  0.690587  0.761618  0.396644  0.395720  0.543587  0.524902  0.673344  0.553591  0.489416  0.549755  0.560590  0.617724  0.516262  0.568306  0.564451  0.530982  0.606492  0.585676  0.367721  0.482518  0.575847  0.562943  0.434044  0.401005  0.502610  0.455463  0.596779  0.451827  0.626981  0.578828  0.385067  0.543752  0.380015  0.462400  0.640043  0.580397  0.528483  0.554395  0.345360  0.728496  0.488549  0.514025  0.472844  0.436394  0.544877  0.511626  0.474606  0.583870  0.568415  0.498798  0.665243  0.660001  0.635690  0.575160  0.633482  0.663236  0.662337  0.424082  0.480363  0.519010  0.483057  0.621410  0.593654  0.550124  0.470425  0.558701  0.559273  0.596735  0.554805  0.672384 
23  0.425930  0.675185  0.450105  0.437706  0.873028  0.401407  0.284434  0.434947  0.477101  0.522699  0.704102  0.574088  0.498431  0.560832  0.413636  0.360364  0.346621  0.564444  0.431003  0.788966  0.473640  0.495590  0.543667 0.0  0.626296  0.377417  0.537587  0.638076  0.722663  0.873549  0.453328  0.464812  0.505652  0.329693  0.854303  0.514469  0.473623  0.476114  0.516265  0.554689  0.395908  0.492809  0.763930  0.524807  0.500123  0.495017  0.683213  0.564340  0.434476  0.334205  0.378227  0.605829  0.488709  0.544603  0.595846  0.382571  0.421600  0.529801  0.503557  0.329804  0.387837  0.618884  0.293416  0.454296  0.610307  0.377122  0.516160  0.685681  0.394821  0.527078  0.482344  0.619554  0.533927  0.266437  0.493495  0.720882  0.553888  0.312177  0.423303  0.410841  0.789860  0.599461  0.513092  0.798733  0.487592  0.603917  0.517284  0.297980  0.575615  0.539250  0.341919  0.465770  0.468513  0.559185  0.342487  0.431028  0.454052  0.430755 
24  0.664474  0.421953  0.576220  0.719365  0.694110  0.583738  0.616384  0.815602  0.742027  0.670282  0.581021  0.524853  0.611956  0.516570  0.745510  0.670997  0.618242  0.552734  0.601340  0.599227  0.716218  0.560434  0.478325  0.626296 0.0  0.634234  0.564734  0.741764  0.661068  0.769480  0.643158  0.612635  0.509516  0.689191  0.664676  0.635567  0.673377  0.679410  0.600363  0.919225  0.747952  0.582725  0.619192  0.650489  0.653665  0.672160  0.549119  0.666878  0.737789  0.583204  0.674574  0.639991  0.603131  0.699094  0.464974  0.548426  0.426533  0.792895  0.682135  0.658806  0.455057  0.507281  0.721395  0.727138  0.706571  0.604697  0.531041  0.610448  0.620943  0.555009  0.643689  0.646396  0.430809  0.703747  0.599957  0.621185  0.677220  0.625679  0.577202  0.805330  0.745049  0.716126  0.629929  0.672337  0.608036  0.605297  0.561382  0.575012  0.647877  0.601805  0.570765  0.575283  0.591044  0.773623  0.520088  0.652945  0.634400  0.569341 
25  0.277339  0.629183  0.467783  0.311652  0.766532  0.373891  0.372565  0.673275  0.645892  0.540866  0.697029  0.527433  0.580273  0.438998  0.327585  0.339473  0.322344  0.470275  0.503919  0.601879  0.394520  0.401801  0.604009  0.377417  0.634234 0.0  0.520261  0.738881  0.729813  0.888776  0.245331  0.439489  0.329171  0.350495  0.719396  0.508729  0.494709  0.570035  0.355252  0.512058  0.200891  0.544255  0.680748  0.449971  0.429833  0.536698  0.607750  0.562854  0.312736  0.426432  0.553268  0.464386  0.596341  0.455310  0.553473  0.405996  0.430179  0.667368  0.461404  0.372133  0.421052  0.610175  0.420910  0.444293  0.681457  0.340587  0.387479  0.644830  0.419676  0.556268  0.592494  0.620651  0.389994  0.359164  0.518410  0.562910  0.677419  0.353402  0.406386  0.540041  0.803524  0.604798  0.397866  0.770555  0.559705  0.489900  0.510368  0.410565  0.520728  0.493986  0.441279  0.487841  0.572683  0.522458  0.435984  0.400909  0.388162  0.252973 
26  0.556817  0.566998  0.508622  0.616267  0.682462  0.599706  0.557524  0.510842  0.624756  0.465911  0.731572  0.196797  0.456758  0.464830  0.467510  0.641876  0.559713  0.410370  0.374663  0.595150  0.492252  0.428718  0.341476  0.537587  0.564734  0.520261 0.0  0.681135  0.628305  0.641484  0.497443  0.510121  0.495304  0.507063  0.621967  0.513106  0.483211  0.519703  0.361105  0.644672  0.580401  0.515899  0.499794  0.586225  0.558779  0.727425  0.420085  0.571171  0.452260  0.527335  0.495867  0.461678  0.539262  0.599198  0.504859  0.479063  0.432560  0.482260  0.543489  0.595029  0.343026  0.497618  0.577955  0.604768  0.613079  0.601112  0.491806  0.641498  0.558983  0.405504  0.636731  0.594595  0.318699  0.446505  0.460745  0.679035  0.763181  0.466381  0.459524  0.665289  0.622407  0.508877  0.552486  0.695129  0.439812  0.521389  0.462823  0.586599  0.418065  0.424106  0.539789  0.479385  0.462803  0.575907  0.544067  0.595444  0.575429  0.538780 
27  0.794533  0.722517  0.668487  0.905168  0.680341  0.764616  0.787942  0.852507  0.716418  0.755414  0.646705  0.713384  0.608250  0.531077  0.777008  0.816161  0.691638  0.704318  0.708988  0.700145  0.756285  0.829358  0.698558  0.638076  0.741764  0.738881  0.681135 0.0  0.462159  0.563279  0.722371  0.771656  0.846095  0.827076  0.422708  0.798180  0.733953  0.868847  0.733610  0.908782  0.795686  0.791651  0.619778  0.662846  0.732124  0.875095  0.648470  0.560449  0.726168  0.659090  0.698048  0.582673  0.784251  0.582407  0.717196  0.661702  0.756511  0.745812  0.845866  0.723276  0.743378  0.811539  0.898578  0.697491  0.697789  0.753853  0.662197  0.672919  0.763996  0.738489  0.818907  0.697846  0.687348  0.733959  0.825414  0.624023  0.719492  0.740772  0.763010  0.894082  0.575657  0.725215  0.713008  0.403140  0.798723  0.665841  0.663231  0.751660  0.586159  0.775687  0.790662  0.751774  0.687893  0.801855  0.759168  0.754311  0.813313  0.812739 
28  0.752827  0.595914  0.621292  0.818708  0.602351  0.653261  0.645371  0.840652  0.825155  0.584052  0.700364  0.690968  0.560135  0.692578  0.767560  0.723662  0.689036  0.736746  0.626356  0.596498  0.691070  0.801003  0.690587  0.722663  0.661068  0.729813  0.628305  0.462159 0.0  0.595714  0.668277  0.641351  0.764990  0.732944  0.539980  0.749704  0.797889  0.770792  0.688717  0.819979  0.767318  0.707999  0.757019  0.663719  0.603456  0.826378  0.766723  0.696745  0.742824  0.689709  0.827108  0.630327  0.649621  0.751667  0.663400  0.735178  0.624933  0.718761  0.678315  0.740020  0.635906  0.656514  0.736063  0.759322  0.737266  0.754978  0.692095  0.625586  0.624366  0.747261  0.987062  0.748882  0.759367  0.764836  0.703628  0.697700  0.745775  0.720344  0.754397  0.808474  0.521170  0.726730  0.709191  0.341770  0.697216  0.630693  0.748778  0.767294  0.719751  0.807138  0.716090  0.710510  0.604859  0.846626  0.725909  0.803087  0.684957  0.710462 
29  0.733573  0.643933  0.699907  0.822704  0.348468  0.847100  0.722277  0.784188  0.864693  0.787930  0.733865  0.789460  0.672199  0.588262  0.718297  0.824236  0.816808  0.709178  0.688277  0.741517  0.743156  0.763710  0.761618  0.873549  0.769480  0.888776  0.641484  0.563279  0.595714 0.0  0.880166  0.614843  0.843075  0.634219  0.394864  0.813601  0.775219  0.729701  0.672379  0.816297  0.670678  0.721585  0.709363  0.720014  0.754574  0.761860  0.767894  0.773257  0.686351  0.660253  0.699097  0.703550  0.750164  0.785024  0.746664  0.773187  0.807295  0.858684  0.759090  0.645667  0.751999  0.816333  0.757430  0.699017  0.801008  0.828780  0.737047  0.673244  0.785319  0.690904  0.778175  0.598915  0.769714  0.781459  0.830562  0.715558  0.740621  0.708454  0.747183  0.735952  0.348964  0.765556  0.754574  0.569736  0.794079  0.648009  0.679696  0.776431  0.769851  0.852895  0.797552  0.624521  0.731998  0.744186  0.777894  0.733126  0.781392  0.795479 
30  0.277899  0.641727  0.511874  0.331377  0.741316  0.525164  0.264202  0.597518  0.668200  0.645035  0.597185  0.532863  0.586898  0.375735  0.387017  0.414695  0.448263  0.389193  0.455640  0.585643  0.433277  0.308798  0.396644  0.453328  0.643158  0.245331  0.497443  0.722371  0.668277  0.880166 0.0  0.448001  0.346616  0.382911  0.822609  0.366272  0.445066  0.494279  0.382671  0.569476  0.375367  0.546500  0.579775  0.427270  0.341430  0.510811  0.453525  0.557919  0.232207  0.398142  0.270089  0.473643  0.550393  0.545111  0.552025  0.321337  0.388306  0.586044  0.483252  0.491364  0.477369  0.569445  0.443750  0.410669  0.606906  0.261904  0.414725  0.576011  0.388599  0.420992  0.600353  0.455678  0.576928  0.364787  0.491116  0.607444  0.689919  0.421113  0.329722  0.510412  0.724532  0.690809  0.378249  0.742331  0.568345  0.432740  0.443484  0.428755  0.422800  0.495086  0.314150  0.454241  0.526345  0.420940  0.406027  0.233204  0.414616  0.313505 
31  0.451894  0.586336  0.517324  0.408320  0.809464  0.493836  0.392228  0.499872  0.596540  0.527481  0.648131  0.376901  0.399181  0.333666  0.423405  0.599118  0.431392  0.519129  0.305500  0.676047  0.496865  0.420124  0.395720  0.464812  0.612635  0.439489  0.510121  0.771656  0.641351  0.614843  0.448001 0.0  0.478169  0.376032  0.727797  0.462229  0.490240  0.359318  0.473723  0.514713  0.460082  0.453032  0.517627  0.511903  0.390396  0.359806  0.418499  0.457679  0.426397  0.411394  0.387092  0.517433  0.493561  0.261461  0.510611  0.409210  0.453196  0.434305  0.429661  0.360108  0.340934  0.493504  0.526069  0.423933  0.539126  0.395993  0.481905  0.683603  0.368734  0.460380  0.486353  0.472292  0.300652  0.488821  0.535633  0.623736  0.577413  0.427400  0.467632  0.488024  0.770496  0.494299  0.500463  0.807743  0.646732  0.502907  0.423303  0.350986  0.288726  0.471760  0.537431  0.320852  0.437955  0.448039  0.433231  0.451583  0.377553  0.468117 
32  0.299653  0.616579  0.545404  0.381168  0.668116  0.408474  0.373492  0.503512  0.666813  0.609869  0.634596  0.454520  0.475732  0.515042  0.426349  0.399000  0.385077  0.472937  0.442504  0.635896  0.500755  0.408380  0.543587  0.505652  0.509516  0.329171  0.495304  0.846095  0.764990  0.843075  0.346616  0.478169 0.0  0.393223  0.720521  0.393360  0.578487  0.445110  0.508257  0.506651  0.395942  0.499074  0.650678  0.291172  0.323515  0.586888  0.537042  0.584728  0.403536  0.380668  0.435866  0.620942  0.512906  0.599525  0.545390  0.402437  0.416395  0.588906  0.210772  0.300156  0.442169  0.551596  0.516249  0.435062  0.602411  0.405503  0.463632  0.545728  0.383446  0.458527  0.656854  0.534795  0.473452  0.410325  0.462666  0.649929  0.674312  0.413820  0.412019  0.566657  0.708587  0.507256  0.381904  0.759304  0.585512  0.562872  0.629058  0.377043  0.575121  0.388200  0.484248  0.349733  0.393067  0.620299  0.381335  0.483817  0.495888  0.355018 
33  0.403088  0.609752  0.667001  0.316385  0.764533  0.456891  0.444249  0.651287  0.666182  0.641560  0.645300  0.498667  0.490304  0.596563  0.302269  0.276372  0.335252  0.470984  0.465655  0.706475  0.394438  0.392881  0.524902  0.329693  0.689191  0.350495  0.507063  0.827076  0.732944  0.634219  0.382911  0.376032  0.393223 0.0  0.823993  0.324118  0.293319  0.509044  0.440113  0.659141  0.430356  0.548088  0.627676  0.189075  0.564879  0.552623  0.613656  0.586393  0.343184  0.334947  0.438048  0.543675  0.563659  0.553420  0.588798  0.407015  0.431022  0.498301  0.417710  0.327678  0.532188  0.672839  0.354355  0.538715  0.545574  0.327945  0.460656  0.828264  0.355791  0.601710  0.604355  0.451167  0.488204  0.365099  0.503047  0.702482  0.686828  0.409510  0.382100  0.589880  0.787521  0.584148  0.397093  0.684158  0.638940  0.500510  0.492321  0.431083  0.427295  0.555719  0.444230  0.351401  0.545833  0.559866  0.312795  0.271062  0.385891  0.435880 
34  0.686570  0.706144  0.837799  0.733213  0.389423  0.765149  0.765179  0.865720  0.866141  0.755510  0.675172  0.664944  0.764531  0.708468  0.691187  0.902248  0.707418  0.566440  0.574680  0.638391  0.740658  0.725503  0.673344  0.854303  0.664676  0.719396  0.621967  0.422708  0.539980  0.394864  0.822609  0.727797  0.720521  0.823993 0.0  0.754916  0.720135  0.742608  0.773232  0.944007  0.754476  0.773584  0.672623  0.729681  0.742767  0.772539  0.712188  0.760965  0.775521  0.763663  0.760405  0.790678  0.708515  0.667558  0.736676  0.726544  0.659045  0.732435  0.743998  0.749410  0.701212  0.694131  0.782429  0.748827  0.838850  0.756584  0.700931  0.694540  0.735848  0.636810  0.766260  0.812224  0.673509  0.707180  0.859884  0.671228  0.750148  0.803044  0.668094  0.897565  0.437768  0.678551  0.814847  0.560714  0.787753  0.702440  0.764428  0.674567  0.737822  0.773452  0.900553  0.684712  0.728974  0.804621  0.768025  0.749863  0.694558  0.760778 
35  0.432164  0.645552  0.501086  0.338246  0.668915  0.411518  0.354988  0.584700  0.607499  0.604767  0.562353  0.563595  0.503260  0.513400  0.306653  0.581154  0.411644  0.530559  0.424785  0.655881  0.372056  0.347947  0.553591  0.514469  0.635567  0.508729  0.513106  0.798180  0.749704  0.813601  0.366272  0.462229  0.393360  0.324118  0.754916 0.0  0.565243  0.603469  0.363625  0.621481  0.424089  0.567898  0.702979  0.377002  0.492757  0.635455  0.492773  0.636291  0.425976  0.326326  0.258163  0.433104  0.602263  0.390324  0.582880  0.310456  0.433972  0.610622  0.545227  0.369745  0.445917  0.649741  0.503546  0.411720  0.541010  0.429111  0.537144  0.650790  0.403782  0.525992  0.645473  0.426207  0.409584  0.427195  0.559864  0.657895  0.812630  0.462449  0.431362  0.597939  0.796139  0.545330  0.491135  0.676775  0.759306  0.482106  0.425599  0.451030  0.531751  0.392591  0.519974  0.375650  0.580834  0.599485  0.392587  0.414377  0.369165  0.446319 
36  0.375559  0.635108  0.650821  0.409677  0.823800  0.418165  0.356167  0.528470  0.621398  0.536030  0.683666  0.458445  0.544985  0.504022  0.481821  0.529414  0.413184  0.504906  0.491486  0.730049  0.397057  0.434115  0.489416  0.473623  0.673377  0.494709  0.483211  0.733953  0.797889  0.775219  0.445066  0.490240  0.578487  0.293319  0.720135  0.565243 0.0  0.548630  0.397580  0.566477  0.403557  0.497312  0.655330  0.410591  0.333438  0.389686  0.637352  0.592464  0.367494  0.344933  0.437646  0.657104  0.584221  0.441434  0.599213  0.429909  0.450766  0.649438  0.440677  0.478634  0.380306  0.565060  0.396274  0.372995  0.558695  0.382691  0.481185  0.770844  0.348685  0.498158  0.588272  0.559062  0.509936  0.427024  0.370117  0.709720  0.620228  0.406682  0.433809  0.463172  0.778656  0.544872  0.468326  0.672939  0.525633  0.586542  0.581881  0.494576  0.514936  0.511174  0.373475  0.382242  0.564704  0.448056  0.445489  0.445273  0.501069  0.413291 
37  0.653130  0.611450  0.714537  0.557828  0.864486  0.475485  0.596081  0.322837  0.553070  0.561613  0.804744  0.440617  0.448195  0.515543  0.594401  0.578917  0.656911  0.557730  0.395320  0.797017  0.558101  0.517708  0.549755  0.476114  0.679410  0.570035  0.519703  0.868847  0.770792  0.729701  0.494279  0.359318  0.445110  0.509044  0.742608  0.603469  0.548630 0.0  0.480892  0.593485  0.532569  0.647396  0.787054  0.581998  0.559993  0.508005  0.582068  0.744532  0.645159  0.502210  0.508154  0.559610  0.472030  0.485860  0.512613  0.461592  0.544251  0.461719  0.430760  0.551344  0.516615  0.449492  0.527313  0.493722  0.583310  0.547275  0.569884  0.843338  0.529610  0.474126  0.605498  0.529952  0.482934  0.498346  0.310261  0.692015  0.652877  0.525179  0.553138  0.463617  0.743772  0.546985  0.614427  0.753817  0.607404  0.582608  0.538375  0.467574  0.399823  0.330536  0.470818  0.451275  0.511414  0.431333  0.680758  0.598768  0.544703  0.568271 
38  0.416566  0.631870  0.549043  0.462750  0.745976  0.421948  0.399006  0.593665  0.659941  0.574572  0.685799  0.515272  0.536163  0.544891  0.375628  0.506163  0.399262  0.554152  0.357290  0.513240  0.373636  0.420491  0.560590  0.516265  0.600363  0.355252  0.361105  0.733610  0.688717  0.672379  0.382671  0.473723  0.508257  0.440113  0.773232  0.363625  0.397580  0.480892 0.0  0.755190  0.383952  0.500616  0.604809  0.448673  0.372419  0.552901  0.528285  0.574965  0.373769  0.411771  0.403799  0.558687  0.470137  0.507905  0.508293  0.360595  0.401768  0.502970  0.340184  0.325003  0.273525  0.572495  0.482172  0.471121  0.621655  0.483996  0.405009  0.677536  0.444387  0.524681  0.691888  0.557601  0.442872  0.390219  0.506844  0.635841  0.737753  0.356298  0.452517  0.550787  0.724557  0.487805  0.370514  0.644676  0.585162  0.517012  0.577875  0.381122  0.515676  0.393358  0.515467  0.441160  0.563421  0.597496  0.370152  0.387722  0.481447  0.407441 
39  0.584566  0.528776  0.491987  0.618454  0.893889  0.484314  0.531703  0.641729  0.315465  0.521982  0.758235  0.629095  0.603945  0.531718  0.629453  0.559276  0.659583  0.732977  0.608854  0.782572  0.576993  0.677869  0.617724  0.554689  0.919225  0.512058  0.644672  0.908782  0.819979  0.816297  0.569476  0.514713  0.506651  0.659141  0.944007  0.621481  0.566477  0.593485  0.755190 0.0  0.677368  0.429124  0.617353  0.713504  0.594428  0.638156  0.378537  0.435816  0.674452  0.706820  0.641841  0.572675  0.554702  0.498304  0.545466  0.547476  0.624026  0.549212  0.702897  0.632564  0.545392  0.598961  0.604958  0.524807  0.259416  0.626875  0.470632  0.764985  0.544023  0.625178  0.412923  0.695501  0.546088  0.588184  0.689477  0.788762  0.422045  0.601613  0.476658  0.500695  0.874133  0.549350  0.543300  1.000000  0.360756  0.557458  0.525896  0.598412  0.642491  0.644501  0.671368  0.683327  0.659842  0.509016  0.696014  0.544676  0.545640  0.754105 
