98
0 0.0  0.420211  0.565628  0.635811  0.558220  0.283253  0.433590  0.573222  0.535394  0.473897  0.661538  0.657849  0.502911  0.690794  0.498297  0.370440  0.437613  0.618192  0.373687  0.417167  0.545053  0.477336  0.696852  0.484673  0.599308  0.427606  0.285494  0.459240  0.475874  0.299695  0.346251  0.607626  0.559140  0.523391  0.495838  0.425547  0.464310  0.222205  0.511020  0.510069  0.413397  0.424517  0.490833  0.333342  0.517431  0.746872  0.341703  0.505136  0.370259  0.390511  0.531806  0.553963  0.616796  0.702759  0.496601  0.579406  0.670135  0.403727  0.557612  0.399482  0.583867  0.515128  0.375110  0.449339  0.501429  0.628498  0.490584  0.491109  0.259158  0.592474  0.346379  0.487835  0.537004  0.578984  0.707923  0.381913  0.515462  0.478952  0.569613  0.596703  0.494693  0.482846  0.419223  0.420120  0.506223  0.573533  0.546975  0.516389  0.462914  0.691706  0.492452  0.441856  0.656578  0.510889  0.491926  0.436747  0.503470  0.422037 
1  0.420211 0.0  0.598160  0.676384  0.462916  0.478614  0.472266  0.469189  0.500781  0.419099  0.547260  0.788090  0.572064  0.692919  0.492647  0.508221  0.491210  0.603914  0.347745  0.422001  0.496146  0.467043  0.708792  0.615525  0.639459  0.360447  0.308423  0.553154  0.502606  0.459948  0.403186  0.624372  0.485506  0.462107  0.562073  0.399111  0.383856  0.438406  0.483868  0.571705  0.418230  0.501076  0.634613  0.386042  0.482427  0.668805  0.531330  0.561308  0.454154  0.403285  0.417539  0.492742  0.648903  0.704661  0.512514  0.607653  0.473165  0.483118  0.471272  0.296173  0.389266  0.371586  0.511701  0.535074  0.479284  0.665316  0.281989  0.414549  0.391522  0.525120  0.443354  0.459742  0.482677  0.558221  0.605162  0.411286  0.469811  0.461159  0.562514  0.570885  0.500654  0.575086  0.432183  0.464042  0.454159  0.471494  0.526515  0.365220  0.529026  0.642462  0.528031  0.463881  0.541978  0.515675  0.566671  0.407366  0.453802  0.487138 
2  0.565628  0.598160 0.0  0.688636  0.582311  0.568899  0.732044  0.710462  0.644509  0.720907  0.783132  0.630547  0.700744  0.625731  0.519094  0.626822  0.625700  0.437292  0.642764  0.590422  0.623718  0.724334  0.648062  0.655393  0.600773  0.483312  0.513723  0.682349  0.572385  0.630232  0.608635  0.668087  0.564468  0.519104  0.720606  0.639256  0.647147  0.726070  0.712791  0.574916  0.519441  0.570274  0.766352  0.518346  0.643004  0.633934  0.558871  0.571828  0.532103  0.548008  0.670972  0.620361  0.416120  0.716512  0.615959  0.188650  0.489748  0.628653  0.661493  0.557671  0.677851  0.704130  0.671185  0.701824  0.706901  0.798039  0.581536  0.549727  0.630746  0.502628  0.514102  0.710541  0.586762  0.513429  0.583855  0.504514  0.519662  0.810332  0.618724  0.456261  0.600189  0.419955  0.726826  0.687627  0.649964  0.617707  0.642260  0.615979  0.755258  0.398828  0.518625  0.731854  0.616480  0.651243  0.630274  0.699415  0.732854  0.676825 
3  0.635811  0.676384  0.688636 0.0  0.753478  0.617432  0.803637  0.789083  0.840410  0.809737  0.862279  1.000000  0.736062  0.590782  0.712235  0.730894  0.732398  0.805633  0.761951  0.752463  0.717671  0.816489  0.915401  0.777071  0.669419  0.638741  0.632523  0.668727  0.749102  0.647666  0.732776  0.692480  0.652501  0.738445  0.786820  0.722356  0.786916  0.725273  0.726205  0.670806  0.669302  0.785025  0.806947  0.702617  0.785826  0.545611  0.786969  0.739469  0.621754  0.866040  0.922838  0.914378  0.791257  0.520452  0.626794  0.736492  0.709776  0.811724  0.644432  0.808435  0.862115  0.695904  0.763091  0.798773  0.828457  0.676029  0.756466  0.779336  0.789433  0.732430  0.710061  0.767772  0.664701  0.700403  0.767947  0.719295  0.652345  0.871885  0.719691  0.861211  0.787532  0.573674  0.679824  0.850681  0.832642  0.773702  0.717061  0.785837  0.878505  0.821491  0.693013  0.764241  0.783407  0.783569  0.727897  0.808285  0.730658  0.699247 
4  0.558220  0.462916  0.582311  0.753478 0.0  0.390554  0.382195  0.645707  0.367552  0.508654  0.561455  0.700383  0.632274  0.778885  0.529950  0.310862  0.491613  0.512285  0.375215  0.310547  0.419842  0.364005  0.693599  0.428769  0.669527  0.538735  0.505244  0.422071  0.480194  0.489662  0.378963  0.746374  0.595507  0.611623  0.343473  0.239594  0.315709  0.456822  0.308625  0.531408  0.415900  0.364207  0.341907  0.461284  0.371723  0.816878  0.559720  0.481582  0.443613  0.396049  0.453996  0.388129  0.765895  0.724242  0.639050  0.712121  0.732943  0.622633  0.620258  0.476309  0.368049  0.499979  0.476600  0.348163  0.677189  0.629610  0.519392  0.473719  0.404377  0.572276  0.523569  0.572219  0.372715  0.477832  0.591118  0.418298  0.604491  0.236510  0.486957  0.653940  0.477633  0.673603  0.416312  0.268630  0.435184  0.533591  0.521406  0.316704  0.478753  0.701263  0.494663  0.292563  0.549007  0.306889  0.373478  0.342399  0.365903  0.418022 
5  0.283253  0.478614  0.568899  0.617432  0.390554 0.0  0.496415  0.453099  0.326153  0.431705  0.514121  0.621908  0.692750  0.801537  0.560297  0.307490  0.260916  0.602673  0.246321  0.370679  0.409950  0.426617  0.620584  0.329519  0.650619  0.432173  0.279864  0.390823  0.344998  0.365718  0.309267  0.724774  0.541992  0.590166  0.342718  0.414809  0.432880  0.350749  0.443190  0.541121  0.334541  0.439601  0.450213  0.218546  0.369932  0.714031  0.372776  0.528012  0.359727  0.301229  0.441951  0.471630  0.651529  0.785565  0.486709  0.721158  0.712404  0.517362  0.525671  0.384054  0.399189  0.379992  0.368367  0.312081  0.521866  0.729360  0.397417  0.448366  0.445462  0.525916  0.480209  0.546929  0.478856  0.507728  0.520684  0.483760  0.472349  0.385394  0.495961  0.593230  0.311366  0.726062  0.329001  0.507915  0.476460  0.485770  0.595347  0.498180  0.412235  0.537489  0.418841  0.461318  0.562671  0.431409  0.476869  0.467291  0.457531  0.509454 
6  0.433590  0.472266  0.732044  0.803637  0.382195  0.496415 0.0  0.457351  0.540021  0.635292  0.626734  0.652111  0.623811  0.746146  0.491432  0.423903  0.535820  0.574634  0.564872  0.405833  0.244992  0.387379  0.713427  0.380508  0.734328  0.541797  0.423189  0.373832  0.554430  0.380234  0.543571  0.627275  0.540398  0.713645  0.483718  0.472594  0.384814  0.384715  0.408986  0.561082  0.491147  0.525538  0.434328  0.453749  0.489995  0.871472  0.534875  0.582107  0.499760  0.455284  0.465480  0.381674  0.770794  0.786954  0.519220  0.650687  0.678990  0.533593  0.525326  0.513619  0.343189  0.386860  0.447931  0.408191  0.579466  0.703137  0.356809  0.510163  0.591964  0.551531  0.371150  0.520050  0.384611  0.537472  0.650954  0.354883  0.564858  0.368795  0.580904  0.680653  0.472330  0.634715  0.495388  0.410977  0.479057  0.587259  0.617666  0.315152  0.484786  0.766778  0.451447  0.404016  0.678411  0.363023  0.448457  0.370093  0.344350  0.346807 
7  0.573222  0.469189  0.710462  0.789083  0.645707  0.453099  0.457351 0.0  0.499025  0.462788  0.667407  0.640961  0.618323  0.904360  0.615382  0.456879  0.554715  0.624408  0.629552  0.512041  0.554361  0.582050  0.683758  0.484687  0.631615  0.487338  0.562728  0.624517  0.647971  0.520097  0.510881  0.764979  0.663413  0.584339  0.568110  0.619521  0.526085  0.476534  0.559649  0.588881  0.547474  0.597153  0.547551  0.514240  0.492901  0.867659  0.489762  0.592248  0.566236  0.508966  0.531551  0.349724  0.620829  0.773909  0.558084  0.808266  0.696702  0.565771  0.647042  0.522140  0.506311  0.698566  0.541578  0.527716  0.384314  0.817315  0.580513  0.628299  0.447988  0.579319  0.501488  0.449852  0.497186  0.656986  0.634400  0.649207  0.615459  0.411611  0.571906  0.727622  0.532341  0.734484  0.463758  0.556601  0.554273  0.668358  0.606923  0.511833  0.449747  0.746517  0.616717  0.428818  0.581228  0.617205  0.565649  0.427356  0.519016  0.522359 
8  0.535394  0.500781  0.644509  0.840410  0.367552  0.326153  0.540021  0.499025 0.0  0.481774  0.475318  0.663889  0.684511  0.780996  0.562282  0.302997  0.509436  0.616262  0.386929  0.455177  0.345526  0.392153  0.800499  0.282833  0.811059  0.389502  0.350061  0.345819  0.424952  0.426967  0.489515  0.665493  0.500038  0.570954  0.332791  0.413871  0.393997  0.406741  0.367129  0.473974  0.391816  0.354474  0.406837  0.416727  0.402980  0.814997  0.475007  0.652431  0.519146  0.468519  0.366017  0.408152  0.689940  0.791673  0.468550  0.672539  0.760981  0.449691  0.506341  0.463890  0.400769  0.523994  0.352700  0.340657  0.491291  0.609434  0.392063  0.564913  0.526380  0.434663  0.440058  0.538079  0.326398  0.470618  0.598318  0.378746  0.466890  0.235705  0.611920  0.732079  0.288605  0.646227  0.488182  0.433719  0.469431  0.474758  0.562445  0.310450  0.390887  0.600317  0.480400  0.401539  0.444629  0.311418  0.518665  0.530971  0.438334  0.415374 
9  0.473897  0.419099  0.720907  0.809737  0.508654  0.431705  0.635292  0.462788  0.481774 0.0  0.635396  0.694630  0.631994  0.688892  0.611397  0.648916  0.641551  0.699956  0.372154  0.625386  0.527109  0.539806  0.629634  0.469116  0.534539  0.538616  0.537916  0.450016  0.598526  0.492849  0.543468  0.717799  0.527420  0.633796  0.624314  0.530619  0.520711  0.401364  0.647451  0.669187  0.506047  0.532715  0.485944  0.444982  0.490419  0.863531  0.580288  0.603327  0.487617  0.513157  0.450004  0.511676  0.657129  0.768865  0.569776  0.839709  0.744070  0.649229  0.612558  0.615266  0.502941  0.500459  0.621839  0.608044  0.213104  0.723089  0.634205  0.678926  0.467818  0.687663  0.498785  0.604037  0.574227  0.488473  0.562644  0.577593  0.637854  0.525707  0.687163  0.687389  0.491526  0.698983  0.580522  0.668206  0.529879  0.621975  0.553230  0.410975  0.495583  0.753082  0.573280  0.637486  0.616455  0.535648  0.639980  0.528524  0.399390  0.398630 
10  0.661538  0.547260  0.783132  0.862279  0.561455  0.514121  0.626734  0.667407  0.475318  0.635396 0.0  0.423152  0.382579  0.845927  0.643713  0.553978  0.593947  0.726629  0.714912  0.594919  0.679363  0.544694  0.485194  0.494666  0.779270  0.619831  0.588686  0.598557  0.527863  0.687736  0.680947  0.782546  0.675197  0.678155  0.494258  0.575685  0.502695  0.649365  0.630907  0.649827  0.617472  0.651375  0.598766  0.621516  0.572665  0.819768  0.732787  0.696038  0.536371  0.583582  0.520845  0.511678  0.826710  0.882926  0.654115  0.649428  0.713138  0.704662  0.691983  0.765595  0.654642  0.694646  0.525880  0.612053  0.732347  0.903699  0.709839  0.472159  0.772057  0.710160  0.762143  0.632622  0.724018  0.526134  0.495497  0.671074  0.628581  0.438482  0.532960  0.725651  0.530946  0.718979  0.544829  0.715242  0.586596  0.726755  0.629942  0.505679  0.609487  0.716719  0.633868  0.734935  0.446905  0.464383  0.547737  0.586119  0.724788  0.654572 
11  0.657849  0.788090  0.630547  1.000000  0.700383  0.621908  0.652111  0.640961  0.663889  0.694630  0.423152 0.0  0.590858  0.914311  0.614005  0.637142  0.617352  0.603810  0.700822  0.698405  0.592047  0.604465  0.300723  0.713868  0.651539  0.516843  0.722393  0.573008  0.731161  0.617852  0.678347  0.773898  0.671450  0.549366  0.631345  0.602099  0.744198  0.643027  0.593562  0.625744  0.613575  0.560181  0.677990  0.763472  0.627555  0.816501  0.587911  0.557909  0.700205  0.644145  0.634115  0.651947  0.740264  0.690482  0.585166  0.711954  0.613526  0.664308  0.663580  0.655499  0.656372  0.677920  0.644676  0.635610  0.514300  0.806630  0.771646  0.479582  0.718465  0.764972  0.620795  0.656224  0.722628  0.592831  0.649655  0.661250  0.650273  0.633222  0.672541  0.684185  0.644298  0.693650  0.587382  0.632640  0.529881  0.587329  0.552992  0.731566  0.514507  0.721283  0.662339  0.676667  0.474614  0.669356  0.464002  0.769152  0.703626  0.689459 
12  0.502911  0.572064  0.700744  0.736062  0.632274  0.692750  0.623811  0.618323  0.684511  0.631994  0.382579  0.590858 0.0  0.739684  0.491235  0.623912  0.725035  0.550276  0.582476  0.539720  0.667072  0.572452  0.591017  0.598651  0.467796  0.572331  0.629171  0.506642  0.595688  0.541515  0.523149  0.728896  0.457380  0.595349  0.533864  0.618365  0.552980  0.511199  0.658744  0.582828  0.633446  0.700682  0.689461  0.513767  0.678955  0.901026  0.456259  0.462390  0.620545  0.650033  0.637725  0.490673  0.723246  0.719206  0.368775  0.510312  0.688791  0.484598  0.366015  0.623577  0.653673  0.605986  0.727317  0.779568  0.433039  0.833911  0.610084  0.608279  0.493550  0.491452  0.580102  0.515827  0.544285  0.570704  0.383202  0.677371  0.383442  0.663314  0.653993  0.642250  0.650879  0.513848  0.630755  0.672835  0.560058  0.652554  0.531210  0.635042  0.617752  0.707016  0.573745  0.685890  0.562205  0.657526  0.542561  0.559428  0.611353  0.612780 
13  0.690794  0.692919  0.625731  0.590782  0.778885  0.801537  0.746146  0.904360  0.780996  0.688892  0.845927  0.914311  0.739684 0.0  0.608547  0.791711  0.827682  0.703527  0.827436  0.728887  0.660054  0.834621  0.834594  0.769790  0.727705  0.615153  0.671918  0.855049  0.824368  0.696651  0.668881  0.732215  0.526793  0.660341  0.912324  0.797575  0.691022  0.720912  0.720213  0.625205  0.799155  0.692405  0.804419  0.759816  0.758535  0.413561  0.732827  0.770365  0.748281  0.812524  0.827727  0.833756  0.770206  0.477497  0.573509  0.745456  0.706146  0.820445  0.693805  0.722787  0.780917  0.675115  0.771656  0.851419  0.771886  0.830472  0.659035  0.796690  0.666870  0.732977  0.669955  0.665459  0.676143  0.608544  0.740955  0.695636  0.733968  0.718401  0.786271  0.772012  0.626971  0.623511  0.731799  0.819383  0.766349  0.754071  0.775536  0.858561  0.836986  0.783255  0.798238  0.763665  0.837711  0.643577  0.736411  0.733161  0.793191  0.653918 
14  0.498297  0.492647  0.519094  0.712235  0.529950  0.560297  0.491432  0.615382  0.562282  0.611397  0.643713  0.614005  0.491235  0.608547 0.0  0.508833  0.510056  0.407693  0.543699  0.537067  0.625900  0.490324  0.725826  0.506280  0.541070  0.467323  0.376423  0.583604  0.626826  0.454707  0.387138  0.689214  0.375071  0.297492  0.524239  0.556263  0.554274  0.541543  0.553041  0.470813  0.584711  0.583037  0.600071  0.438854  0.652820  0.684433  0.447118  0.519036  0.477647  0.574255  0.576272  0.630109  0.565627  0.603186  0.351241  0.677179  0.602174  0.507592  0.466631  0.536059  0.552572  0.535885  0.478505  0.571978  0.584329  0.676382  0.454216  0.548897  0.470752  0.534505  0.491370  0.303823  0.581187  0.446179  0.512288  0.577012  0.477964  0.549792  0.413575  0.499371  0.444943  0.568702  0.627787  0.571794  0.579824  0.550779  0.421756  0.577909  0.599932  0.737378  0.483924  0.604399  0.578396  0.490989  0.567179  0.503924  0.414491  0.508017 
15  0.370440  0.508221  0.626822  0.730894  0.310862  0.307490  0.423903  0.456879  0.302997  0.648916  0.553978  0.637142  0.623912  0.791711  0.508833 0.0  0.367980  0.555060  0.327939  0.442506  0.382126  0.383293  0.691772  0.339129  0.578590  0.459537  0.425757  0.320007  0.379168  0.337020  0.406207  0.717379  0.673028  0.550930  0.222825  0.283318  0.320927  0.496772  0.358010  0.560236  0.353397  0.307638  0.375797  0.477905  0.376449  0.705738  0.494248  0.542943  0.402734  0.491933  0.305901  0.510174  0.811673  0.729846  0.518480  0.748791  0.576153  0.535800  0.590915  0.484049  0.385314  0.295662  0.283590  0.244269  0.581786  0.801083  0.329084  0.489339  0.588524  0.491470  0.316985  0.582720  0.515030  0.559321  0.647681  0.467563  0.634831  0.398304  0.585002  0.696847  0.362914  0.733759  0.557241  0.198263  0.395937  0.459071  0.582327  0.332444  0.363054  0.696073  0.545884  0.361761  0.576115  0.293252  0.542979  0.320599  0.508020  0.545505 
16  0.437613  0.491210  0.625700  0.732398  0.491613  0.260916  0.535820  0.554715  0.509436  0.641551  0.593947  0.617352  0.725035  0.827682  0.510056  0.367980 0.0  0.620784  0.426091  0.397281  0.514035  0.423913  0.576980  0.398079  0.721886  0.460096  0.449415  0.381297  0.443485  0.286004  0.337630  0.690468  0.579791  0.481330  0.448615  0.438642  0.341813  0.467329  0.410639  0.477140  0.393747  0.312632  0.538365  0.514592  0.399479  0.715276  0.281910  0.433856  0.460805  0.357591  0.349343  0.339586  0.565674  0.675204  0.626177  0.381788  0.667861  0.508361  0.514715  0.404614  0.464898  0.358209  0.332859  0.416810  0.584207  0.866133  0.461293  0.464147  0.475130  0.640060  0.496197  0.498289  0.503284  0.422209  0.604141  0.387593  0.644400  0.502589  0.544801  0.534142  0.438602  0.687751  0.528084  0.374946  0.402312  0.527976  0.327867  0.455355  0.339443  0.616744  0.452198  0.498082  0.571249  0.470728  0.510354  0.363202  0.437216  0.492779 
17  0.618192  0.603914  0.437292  0.805633  0.512285  0.602673  0.574634  0.624408  0.616262  0.699956  0.726629  0.603810  0.550276  0.703527  0.407693  0.555060  0.620784 0.0  0.548422  0.447789  0.588478  0.627896  0.644121  0.577140  0.603237  0.469918  0.509556  0.543563  0.524524  0.703533  0.644566  0.672245  0.488323  0.347243  0.633212  0.612639  0.546604  0.572772  0.528473  0.512828  0.468708  0.588117  0.566916  0.659627  0.571028  0.760929  0.423066  0.440987  0.546415  0.562825  0.543992  0.626056  0.522643  0.687938  0.460690  0.509469  0.483074  0.359182  0.470018  0.373893  0.627671  0.603931  0.569561  0.562781  0.668255  0.667787  0.604655  0.538869  0.423206  0.350587  0.645925  0.446286  0.588676  0.355340  0.670329  0.669203  0.516858  0.609269  0.329226  0.534007  0.553719  0.577240  0.523716  0.565018  0.619029  0.388156  0.495778  0.567136  0.665877  0.582448  0.480914  0.473598  0.521784  0.512823  0.401818  0.666266  0.613877  0.633608 
18  0.373687  0.347745  0.642764  0.761951  0.375215  0.246321  0.564872  0.629552  0.386929  0.372154  0.714912  0.700822  0.582476  0.827436  0.543699  0.327939  0.426091  0.548422 0.0  0.412940  0.446873  0.437352  0.563515  0.462388  0.692219  0.533884  0.382010  0.516555  0.500302  0.320934  0.354702  0.661871  0.627877  0.460669  0.349463  0.510828  0.454118  0.393744  0.451581  0.444809  0.419642  0.416152  0.362940  0.143316  0.329853  0.776120  0.440102  0.359914  0.370768  0.294782  0.380367  0.361044  0.612690  0.697773  0.485152  0.639030  0.426994  0.385252  0.533756  0.448228  0.559030  0.292793  0.450121  0.415362  0.506713  0.735751  0.400887  0.425778  0.546336  0.516104  0.405354  0.572272  0.451519  0.456401  0.492162  0.353984  0.530058  0.419679  0.435411  0.564561  0.332500  0.615664  0.487114  0.372396  0.479477  0.622116  0.557570  0.464664  0.433030  0.596362  0.426234  0.383815  0.684187  0.274153  0.473341  0.379563  0.431550  0.440621 
19  0.417167  0.422001  0.590422  0.752463  0.310547  0.370679  0.405833  0.512041  0.455177  0.625386  0.594919  0.698405  0.539720  0.728887  0.537067  0.442506  0.397281  0.447789  0.412940 0.0  0.251668  0.454767  0.624132  0.310252  0.651587  0.598489  0.480345  0.446866  0.391246  0.415982  0.419298  0.617457  0.487477  0.446677  0.493166  0.374267  0.368915  0.411953  0.428268  0.543668  0.398676  0.374735  0.380819  0.516449  0.417947  0.763281  0.355135  0.631671  0.505572  0.380717  0.354822  0.387198  0.588892  0.765637  0.704509  0.722764  0.617230  0.374111  0.558250  0.378334  0.504886  0.515170  0.397401  0.343126  0.510791  0.560469  0.389196  0.614152  0.521233  0.720523  0.439535  0.473580  0.302424  0.524253  0.622153  0.378405  0.571435  0.440734  0.590823  0.664269  0.468731  0.513971  0.445599  0.335589  0.514328  0.551755  0.604199  0.341136  0.387439  0.676465  0.514205  0.290683  0.603939  0.371972  0.479843  0.311089  0.378246  0.325188 
20  0.545053  0.496146  0.623718  0.717671  0.419842  0.409950  0.244992  0.554361  0.345526  0.527109  0.679363  0.592047  0.667072  0.660054  0.625900  0.382126  0.514035  0.588478  0.446873  0.251668 0.0  0.399388  0.683474  0.243660  0.738313  0.540600  0.448546  0.426277  0.392085  0.442984  0.440455  0.664482  0.548235  0.663452  0.273848  0.299369  0.403088  0.524355  0.406862  0.607025  0.477007  0.372348  0.288075  0.439548  0.433680  0.808882  0.467785  0.555738  0.469989  0.303473  0.316589  0.501412  0.606174  0.756898  0.646800  0.743466  0.675329  0.572113  0.590826  0.560974  0.389379  0.407326  0.462473  0.328006  0.580612  0.727606  0.372796  0.693424  0.495835  0.431312  0.398434  0.640715  0.340178  0.433059  0.655822  0.438185  0.587200  0.331597  0.573398  0.608232  0.340593  0.700934  0.427857  0.243807  0.377711  0.590018  0.600075  0.331196  0.489966  0.640632  0.475094  0.390944  0.627808  0.365425  0.612672  0.296919  0.501142  0.454489 
21  0.477336  0.467043  0.724334  0.816489  0.364005  0.426617  0.387379  0.582050  0.392153  0.539806  0.544694  0.604465  0.572452  0.834621  0.490324  0.383293  0.423913  0.627896  0.437352  0.454767  0.399388 0.0  0.618790  0.321392  0.709444  0.489704  0.445563  0.433042  0.415914  0.445988  0.470410  0.699772  0.561125  0.586224  0.345496  0.215004  0.427185  0.461635  0.272014  0.526851  0.363462  0.440218  0.413039  0.438433  0.432322  0.780192  0.566878  0.550960  0.386882  0.324568  0.283487  0.436451  0.754058  0.681833  0.600313  0.593793  0.695308  0.485174  0.603825  0.501018  0.342476  0.369854  0.289859  0.329354  0.635144  0.805252  0.451301  0.559058  0.521242  0.503489  0.395555  0.506576  0.376866  0.490984  0.593671  0.392425  0.557757  0.357846  0.450042  0.566475  0.335638  0.558712  0.425524  0.290289  0.459131  0.520251  0.670235  0.350613  0.390293  0.575757  0.451105  0.327660  0.547500  0.351732  0.525936  0.406831  0.427192  0.293755 
22  0.696852  0.708792  0.648062  0.915401  0.693599  0.620584  0.713427  0.683758  0.800499  0.629634  0.485194  0.300723  0.591017  0.834594  0.725826  0.691772  0.576980  0.644121  0.563515  0.624132  0.683474  0.618790 0.0  0.754692  0.820164  0.517387  0.559366  0.628197  0.691095  0.700851  0.768026  0.769624  0.690675  0.557495  0.744656  0.712542  0.666801  0.785198  0.628274  0.565643  0.600905  0.620742  0.680295  0.612101  0.747315  0.771002  0.595190  0.599975  0.610962  0.701041  0.724782  0.655052  0.723424  0.829529  0.613420  0.646927  0.738546  0.566197  0.606855  0.568212  0.694263  0.657616  0.712723  0.687557  0.630872  0.926531  0.661794  0.437564  0.604616  0.691109  0.629766  0.809767  0.699302  0.545180  0.649910  0.542479  0.688872  0.799791  0.689187  0.606390  0.653869  0.687959  0.714382  0.705902  0.551327  0.633114  0.482862  0.720837  0.750358  0.607609  0.577525  0.745507  0.370027  0.709971  0.460018  0.704047  0.773781  0.634168 
23  0.484673  0.615525  0.655393  0.777071  0.428769  0.329519  0.380508  0.484687  0.282833  0.469116  0.494666  0.713868  0.598651  0.769790  0.506280  0.339129  0.398079  0.577140  0.462388  0.310252  0.243660  0.321392  0.754692 0.0  0.791522  0.581819  0.352379  0.395452  0.407038  0.441505  0.350476  0.695547  0.566372  0.688844  0.356930  0.386445  0.415038  0.475568  0.389173  0.606529  0.376439  0.376411  0.334009  0.451235  0.397609  0.913153  0.471503  0.540872  0.438629  0.297266  0.306966  0.352888  0.701575  0.720046  0.586174  0.645822  0.512735  0.469225  0.545890  0.514056  0.393067  0.473468  0.300778  0.326394  0.587017  0.621945  0.421178  0.481004  0.499759  0.576688  0.383729  0.524379  0.355003  0.470550  0.610463  0.406812  0.591341  0.424581  0.630511  0.585151  0.353602  0.617903  0.464859  0.373339  0.494128  0.541732  0.656673  0.387287  0.330414  0.601676  0.497612  0.446193  0.614284  0.350637  0.422815  0.448553  0.556399  0.438758 
24  0.599308  0.639459  0.600773  0.669419  0.669527  0.650619  0.734328  0.631615  0.811059  0.534539  0.779270  0.651539  0.467796  0.727705  0.541070  0.578590  0.721886  0.603237  0.692219  0.651587  0.738313  0.709444  0.820164  0.791522 0.0  0.799597  0.672067  0.605953  0.578053  0.535384  0.493127  0.867019  0.394563  0.608234  0.514092  0.669276  0.720579  0.527866  0.743177  0.556416  0.558054  0.726579  0.553947  0.635965  0.641451  0.781147  0.634333  0.528723  0.646788  0.753269  0.700523  0.700495  0.806217  0.808228  0.612626  0.776568  0.725237  0.662466  0.587390  0.688717  0.695516  0.551147  0.706249  0.691786  0.570022  0.800634  0.514781  0.694740  0.542389  0.633212  0.568129  0.600827  0.642927  0.661733  0.343126  0.719681  0.559342  0.645747  0.685808  0.651298  0.704066  0.556932  0.647577  0.724234  0.612423  0.577457  0.632138  0.784954  0.625769  0.817756  0.504754  0.643699  0.667382  0.620076  0.641506  0.646870  0.617879  0.549621 
25  0.427606  0.360447  0.483312  0.638741  0.538735  0.432173  0.541797  0.487338  0.389502  0.538616  0.619831  0.516843  0.572331  0.615153  0.467323  0.459537  0.460096  0.469918  0.533884  0.598489  0.540600  0.489704  0.517387  0.581819  0.799597 0.0  0.371497  0.564290  0.420010  0.436952  0.457954  0.762066  0.428423  0.460886  0.527296  0.500887  0.510806  0.468536  0.453498  0.321533  0.514775  0.400525  0.520975  0.391302  0.525297  0.586233  0.458427  0.398998  0.476032  0.352771  0.563907  0.475694  0.625017  0.722699  0.587740  0.596741  0.615658  0.340306  0.518688  0.329802  0.555435  0.649541  0.467817  0.534842  0.572269  0.797901  0.515415  0.472937  0.482381  0.566594  0.421238  0.547501  0.497992  0.426830  0.631000  0.408676  0.432109  0.378438  0.585551  0.569451  0.469991  0.717836  0.431515  0.559275  0.572486  0.461358  0.433598  0.585939  0.471318  0.632137  0.492022  0.570931  0.530548  0.609749  0.499454  0.484781  0.629624  0.388496 
26  0.285494  0.308423  0.513723  0.632523  0.505244  0.279864  0.423189  0.562728  0.350061  0.537916  0.588686  0.722393  0.629171  0.671918  0.376423  0.425757  0.449415  0.509556  0.382010  0.480345  0.448546  0.445563  0.559366  0.352379  0.672067  0.371497 0.0  0.487132  0.467022  0.401149  0.335151  0.638702  0.449798  0.495721  0.515856  0.432030  0.304055  0.256415  0.398949  0.565588  0.423476  0.529144  0.381833  0.447420  0.410776  0.725764  0.328278  0.377936  0.298256  0.243274  0.500602  0.516156  0.661299  0.806754  0.581337  0.706555  0.645592  0.500262  0.452355  0.593059  0.461706  0.326539  0.444038  0.472338  0.399428  0.742713  0.454429  0.495124  0.477544  0.517019  0.357246  0.466574  0.496709  0.491094  0.452370  0.444031  0.422943  0.385651  0.550890  0.495257  0.504028  0.461761  0.417278  0.503306  0.390875  0.495886  0.502999  0.438839  0.416325  0.592167  0.429038  0.442722  0.665892  0.420065  0.538338  0.444964  0.470938  0.428066 
27  0.459240  0.553154  0.682349  0.668727  0.422071  0.390823  0.373832  0.624517  0.345819  0.450016  0.598557  0.573008  0.506642  0.855049  0.583604  0.320007  0.381297  0.543563  0.516555  0.446866  0.426277  0.433042  0.628197  0.395452  0.605953  0.564290  0.487132 0.0  0.481719  0.362979  0.375636  0.681691  0.563365  0.566458  0.329562  0.536060  0.429398  0.349184  0.297616  0.418843  0.381895  0.324921  0.340995  0.497757  0.452168  0.848608  0.378163  0.476101  0.409908  0.406691  0.351790  0.382948  0.630735  0.814559  0.559032  0.645030  0.776843  0.488080  0.666778  0.584309  0.432777  0.365597  0.409101  0.454352  0.638819  0.644515  0.395607  0.531173  0.402447  0.563204  0.392327  0.517408  0.415965  0.408837  0.673559  0.443508  0.640128  0.409618  0.669564  0.548877  0.315922  0.554220  0.483314  0.472946  0.413747  0.455868  0.470075  0.385564  0.492549  0.642400  0.520569  0.445268  0.537222  0.329406  0.453067  0.352647  0.439118  0.369103 
28  0.475874  0.502606  0.572385  0.749102  0.480194  0.344998  0.554430  0.647971  0.424952  0.598526  0.527863  0.731161  0.595688  0.824368  0.626826  0.379168  0.443485  0.524524  0.500302  0.391246  0.392085  0.415914  0.691095  0.407038  0.578053  0.420010  0.467022  0.481719 0.0  0.429533  0.466754  0.672534  0.591680  0.589879  0.343631  0.451704  0.280516  0.390185  0.367201  0.572261  0.428766  0.311335  0.402312  0.454304  0.377961  0.773488  0.333712  0.565266  0.393620  0.491789  0.391336  0.555164  0.742172  0.697331  0.532307  0.509903  0.713311  0.453908  0.672826  0.479092  0.399528  0.445860  0.246984  0.390200  0.541391  0.720692  0.431163  0.637670  0.531889  0.614407  0.394895  0.514114  0.509087  0.512987  0.630828  0.390026  0.557400  0.341762  0.580912  0.590154  0.462472  0.629336  0.549344  0.356928  0.520808  0.590746  0.532883  0.393171  0.419621  0.628568  0.493211  0.331662  0.459484  0.365353  0.534481  0.398728  0.470141  0.483240 
29  0.299695  0.459948  0.630232  0.647666  0.489662  0.365718  0.380234  0.520097  0.426967  0.492849  0.687736  0.617852  0.541515  0.696651  0.454707  0.337020  0.286004  0.703533  0.320934  0.415982  0.442984  0.445988  0.700851  0.441505  0.535384  0.436952  0.401149  0.362979  0.429533 0.0  0.282549  0.798505  0.424173  0.644510  0.418614  0.398644  0.344640  0.373572  0.455329  0.519766  0.329386  0.470421  0.345281  0.311781  0.386055  0.885235  0.458164  0.526534  0.321666  0.453909  0.395576  0.422313  0.676331  0.786442  0.413828  0.620229  0.622063  0.545690  0.527518  0.528079  0.367274  0.231357  0.450352  0.373985  0.587342  0.592923  0.250038  0.659700  0.424099  0.650887  0.320472  0.583504  0.538331  0.475028  0.488457  0.219754  0.406209  0.397941  0.567315  0.629256  0.489737  0.429180  0.491531  0.464421  0.385967  0.603829  0.502344  0.382008  0.363394  0.623635  0.467047  0.396805  0.603379  0.412769  0.414951  0.398324  0.513390  0.278692 
30  0.346251  0.403186  0.608635  0.732776  0.378963  0.309267  0.543571  0.510881  0.489515  0.543468  0.680947  0.678347  0.523149  0.668881  0.387138  0.406207  0.337630  0.644566  0.354702  0.419298  0.440455  0.470410  0.768026  0.350476  0.493127  0.457954  0.335151  0.375636  0.466754  0.282549 0.0  0.652413  0.439454  0.470019  0.517067  0.414496  0.422442  0.231237  0.489344  0.608045  0.447376  0.514312  0.470631  0.320675  0.475910  0.702547  0.413455  0.526382  0.278456  0.361728  0.509200  0.384329  0.628530  0.632112  0.494243  0.710113  0.540051  0.369316  0.463940  0.495122  0.391451  0.260904  0.295448  0.347710  0.477898  0.629713  0.400609  0.523773  0.411757  0.580004  0.398600  0.407707  0.417984  0.509640  0.484370  0.416074  0.566255  0.529306  0.545038  0.586991  0.272701  0.609784  0.453887  0.354213  0.390143  0.549078  0.496400  0.414653  0.425808  0.632294  0.429841  0.395678  0.546088  0.493117  0.442126  0.433060  0.404378  0.311326 
31  0.607626  0.624372  0.668087  0.692480  0.746374  0.724774  0.627275  0.764979  0.665493  0.717799  0.782546  0.773898  0.728896  0.732215  0.689214  0.717379  0.690468  0.672245  0.661871  0.617457  0.664482  0.699772  0.769624  0.695547  0.867019  0.762066  0.638702  0.681691  0.672534  0.798505  0.652413 0.0  0.621300  0.741710  0.769347  0.729369  0.638747  0.666244  0.617640  0.661249  0.654361  0.612639  0.624473  0.659437  0.574412  0.722817  0.709165  0.762124  0.675071  0.670264  0.659515  0.623006  0.765738  0.689847  0.703917  0.644188  0.678663  0.537518  0.777277  0.645590  0.716989  0.712175  0.634136  0.733428  0.790767  0.335480  0.685978  0.600855  0.773457  0.621117  0.614970  0.718372  0.706242  0.584218  0.699925  0.576338  0.690307  0.707906  0.601533  0.713092  0.657847  0.770770  0.753694  0.642140  0.610569  0.602990  0.650038  0.769726  0.721147  0.699009  0.786016  0.651484  0.745194  0.743039  0.652352  0.682106  0.820491  0.767605 
32  0.559140  0.485506  0.564468  0.652501  0.595507  0.541992  0.540398  0.663413  0.500038  0.527420  0.675197  0.671450  0.457380  0.526793  0.375071  0.673028  0.579791  0.488323  0.627877  0.487477  0.548235  0.561125  0.690675  0.566372  0.394563  0.428423  0.449798  0.563365  0.591680  0.424173  0.439454  0.621300 0.0  0.492068  0.578220  0.629286  0.581774  0.440514  0.577819  0.435659  0.576639  0.406549  0.553348  0.535681  0.608830  0.754688  0.595027  0.585584  0.500920  0.508149  0.618985  0.689103  0.637413  0.748846  0.370236  0.588289  0.575300  0.550910  0.542343  0.477898  0.529172  0.585489  0.621313  0.639163  0.678712  0.667501  0.508690  0.586377  0.633980  0.516674  0.588255  0.504690  0.648637  0.403972  0.494556  0.545837  0.375369  0.580658  0.508189  0.681736  0.509161  0.438576  0.585687  0.578626  0.577616  0.411223  0.524935  0.564472  0.630177  0.583053  0.631858  0.467606  0.615286  0.668514  0.630248  0.596426  0.507868  0.563701 
33  0.523391  0.462107  0.519104  0.738445  0.611623  0.590166  0.713645  0.584339  0.570954  0.633796  0.678155  0.549366  0.595349  0.660341  0.297492  0.550930  0.481330  0.347243  0.460669  0.446677  0.663452  0.586224  0.557495  0.688844  0.608234  0.460886  0.495721  0.566458  0.589879  0.644510  0.470019  0.741710  0.492068 0.0  0.608970  0.577139  0.506301  0.434574  0.654015  0.363947  0.444898  0.467886  0.536393  0.476245  0.615584  0.748421  0.421762  0.412795  0.621712  0.533369  0.535940  0.416348  0.589742  0.668678  0.485593  0.583370  0.576202  0.404743  0.566418  0.355893  0.544715  0.562855  0.603531  0.633296  0.552511  0.670649  0.485358  0.439265  0.531791  0.395975  0.572634  0.568989  0.533457  0.463185  0.586855  0.445108  0.415149  0.500880  0.534337  0.604939  0.474073  0.588630  0.585395  0.579247  0.619801  0.416873  0.522625  0.617138  0.688019  0.611864  0.394012  0.535791  0.572995  0.565321  0.555842  0.643936  0.575881  0.501500 
34  0.495838  0.562073  0.720606  0.786820  0.343473  0.342718  0.483718  0.568110  0.332791  0.624314  0.494258  0.631345  0.533864  0.912324  0.524239  0.222825  0.448615  0.633212  0.349463  0.493166  0.273848  0.345496  0.744656  0.356930  0.514092  0.527296  0.515856  0.329562  0.343631  0.418614  0.517067  0.769347  0.578220  0.608970 0.0  0.314754  0.540350  0.436129  0.298144  0.459785  0.418768  0.423827  0.477047  0.505172  0.397029  0.848725  0.482820  0.698617  0.544325  0.419628  0.400537  0.455365  0.627584  0.811496  0.480343  0.645002  0.772040  0.434152  0.608347  0.564574  0.405230  0.533752  0.305140  0.438087  0.551657  0.607023  0.410406  0.517229  0.469300  0.572924  0.461320  0.551056  0.354118  0.427488  0.611024  0.376581  0.562852  0.423396  0.526875  0.625900  0.352726  0.621680  0.520652  0.323413  0.459950  0.567165  0.551362  0.298117  0.455803  0.714706  0.433325  0.257766  0.615100  0.403487  0.609519  0.391329  0.457938  0.383374 
35  0.425547  0.399111  0.639256  0.722356  0.239594  0.414809  0.472594  0.619521  0.413871  0.530619  0.575685  0.602099  0.618365  0.797575  0.556263  0.283318  0.438642  0.612639  0.510828  0.374267  0.299369  0.215004  0.712542  0.386445  0.669276  0.500887  0.432030  0.536060  0.451704  0.398644  0.414496  0.729369  0.629286  0.577139  0.314754 0.0  0.374725  0.385708  0.504071  0.574623  0.379754  0.358983  0.537940  0.452476  0.443477  0.802145  0.495093  0.592774  0.476494  0.377315  0.354459  0.470069  0.790344  0.911935  0.599511  0.694675  0.655760  0.506451  0.675015  0.450635  0.256950  0.439488  0.310840  0.302217  0.630833  0.747105  0.458287  0.539963  0.551772  0.530311  0.388681  0.447132  0.404700  0.567757  0.573626  0.495346  0.553504  0.336553  0.437445  0.719303  0.340476  0.617271  0.482977  0.386658  0.435165  0.588053  0.579234  0.341478  0.392269  0.716973  0.575719  0.233417  0.631354  0.283176  0.572107  0.452872  0.464702  0.515326 
36  0.464310  0.383856  0.647147  0.786916  0.315709  0.432880  0.384814  0.526085  0.393997  0.520711  0.502695  0.744198  0.552980  0.691022  0.554274  0.320927  0.341813  0.546604  0.454118  0.368915  0.403088  0.427185  0.666801  0.415038  0.720579  0.510806  0.304055  0.429398  0.280516  0.344640  0.422442  0.638747  0.581774  0.506301  0.540350  0.374725 0.0  0.456261  0.419899  0.534041  0.309155  0.430965  0.494497  0.518213  0.279752  0.705922  0.387321  0.491971  0.421829  0.530153  0.407861  0.387338  0.677553  0.620728  0.580789  0.709834  0.620531  0.600319  0.551602  0.459435  0.358955  0.386407  0.371403  0.257734  0.535143  0.661095  0.352525  0.485482  0.476610  0.601988  0.402763  0.516733  0.407740  0.555567  0.550492  0.396054  0.473291  0.301085  0.472968  0.659206  0.358366  0.689147  0.525809  0.508260  0.297535  0.616001  0.506477  0.355747  0.372442  0.712446  0.431825  0.352412  0.545971  0.461270  0.523362  0.337071  0.402151  0.301277 
37  0.222205  0.438406  0.726070  0.725273  0.456822  0.350749  0.384715  0.476534  0.406741  0.401364  0.649365  0.643027  0.511199  0.720912  0.541543  0.496772  0.467329  0.572772  0.393744  0.411953  0.524355  0.461635  0.785198  0.475568  0.527866  0.468536  0.256415  0.349184  0.390185  0.373572  0.231237  0.666244  0.440514  0.434574  0.436129  0.385708  0.456261 0.0  0.462082  0.544167  0.434828  0.470869  0.399239  0.261561  0.443365  0.693701  0.377058  0.551159  0.372931  0.436740  0.517234  0.628875  0.667684  0.670210  0.480753  0.616253  0.711586  0.501676  0.561510  0.430586  0.596225  0.221200  0.480674  0.492381  0.536922  0.584690  0.429443  0.555882  0.445726  0.506388  0.400486  0.497592  0.436282  0.477665  0.503612  0.434341  0.495878  0.510216  0.502632  0.650807  0.466878  0.503603  0.529172  0.502878  0.434111  0.508680  0.595217  0.430870  0.491394  0.638255  0.450565  0.572907  0.590431  0.562879  0.498511  0.436525  0.442514  0.420857 
38  0.511020  0.483868  0.712791  0.726205  0.308625  0.443190  0.408986  0.559649  0.367129  0.647451  0.630907  0.593562  0.658744  0.720213  0.553041  0.358010  0.410639  0.528473  0.451581  0.428268  0.406862  0.272014  0.628274  0.389173  0.743177  0.453498  0.398949  0.297616  0.367201  0.455329  0.489344  0.617640  0.577819  0.654015  0.298144  0.504071  0.419899  0.462082 0.0  0.455382  0.357888  0.253248  0.325127  0.486874  0.489276  0.815462  0.565619  0.681589  0.457059  0.435179  0.360657  0.383243  0.739332  0.629165  0.581207  0.651541  0.676700  0.422105  0.379803  0.443671  0.391429  0.511474  0.368399  0.310926  0.620332  0.780168  0.374983  0.692925  0.441147  0.578463  0.451202  0.609625  0.445473  0.478958  0.674921  0.462509  0.688922  0.280329  0.591469  0.810166  0.519468  0.612469  0.463644  0.354756  0.452231  0.590726  0.518366  0.285548  0.504268  0.608056  0.593908  0.351302  0.630598  0.416578  0.606852  0.209350  0.490692  0.475417 
39  0.510069  0.571705  0.574916  0.670806  0.531408  0.541121  0.561082  0.588881  0.473974  0.669187  0.649827  0.625744  0.582828  0.625205  0.470813  0.560236  0.477140  0.512828  0.444809  0.543668  0.607025  0.526851  0.565643  0.606529  0.556416  0.321533  0.565588  0.418843  0.572261  0.519766  0.608045  0.661249  0.435659  0.363947  0.459785  0.574623  0.534041  0.544167  0.455382 0.0  0.568866  0.502094  0.490691  0.529392  0.585424  0.613872  0.317455  0.412428  0.599932  0.574443  0.515781  0.643220  0.476093  0.513074  0.338017  0.540468  0.494426  0.368427  0.399374  0.478183  0.571468  0.501503  0.438124  0.487394  0.600043  0.748987  0.639342  0.596134  0.639788  0.448947  0.445394  0.541415  0.527753  0.362811  0.522583  0.458974  0.536098  0.545391  0.544663  0.519699  0.488643  0.609554  0.417188  0.477348  0.689831  0.530126  0.485848  0.445175  0.603680  0.599179  0.411823  0.696127  0.533317  0.656503  0.591382  0.548172  0.532426  0.558897 
