73
0 0.0  0.773788  0.566771  0.579400  0.586066  0.432684  0.655016  0.654604  0.607484  0.392573  0.827592  0.424270  0.547562  0.827001  0.438763  0.547690  0.820660  0.952893  0.458890  0.559725  0.218397  0.535232  0.532081  0.726389  0.618263  0.580558  0.511433  0.450800  1.000000  0.350644  0.425161  0.527780  0.509936  0.465891  0.511343  0.403065  0.387574  0.499372  0.532797  0.525285  0.533888  0.513053  0.530810  0.526238  0.582758  0.333732  0.622970  0.444458  0.324048  0.569641  0.562862  0.678017  0.519146  0.674136  0.601279  0.645441  0.709034  0.506676  0.431810  0.426481  0.615863  0.731396  0.308713  0.341477  0.598011  0.473082  0.305557  0.776895  0.511961  0.662792  0.520928  0.569397  0.743969 
1  0.773788 0.0  0.643217  0.593007  0.549342  0.600722  0.696305  0.674432  0.658626  0.489574  0.647573  0.722270  0.546286  0.564024  0.645400  0.606112  0.692963  0.726456  0.643477  0.599898  0.776452  0.816625  0.674320  0.381693  0.640738  0.728487  0.668402  0.694739  0.619373  0.765109  0.534119  0.627181  0.546328  0.641186  0.605702  0.674389  0.627891  0.705198  0.586741  0.583897  0.587032  0.753425  0.645252  0.642705  0.723394  0.683344  0.702932  0.650681  0.657963  0.555917  0.670096  0.584226  0.632950  0.658752  0.559017  0.651116  0.614914  0.707986  0.603761  0.589832  0.662920  0.554002  0.734156  0.713069  0.565447  0.703835  0.604060  0.274489  0.739581  0.705593  0.592689  0.648805  0.606365 
2  0.566771  0.643217 0.0  0.439609  0.509465  0.460844  0.590735  0.605101  0.482674  0.486207  0.793280  0.468172  0.554455  0.695315  0.443080  0.388138  0.686740  0.823949  0.506215  0.362443  0.594115  0.457962  0.376160  0.608843  0.475739  0.563520  0.436618  0.562656  0.822345  0.433355  0.413322  0.489838  0.629686  0.396555  0.513353  0.537106  0.474980  0.529339  0.563711  0.379800  0.434837  0.399102  0.482682  0.473789  0.520405  0.604841  0.644438  0.530573  0.319483  0.507873  0.398421  0.552862  0.481826  0.600607  0.424372  0.575335  0.766164  0.621789  0.431104  0.418579  0.541252  0.786723  0.459740  0.468144  0.515464  0.588850  0.321730  0.541781  0.530112  0.610520  0.471113  0.407858  0.815829 
3  0.579400  0.593007  0.439609 0.0  0.414273  0.327457  0.514492  0.549588  0.388466  0.384484  0.770400  0.494767  0.626404  0.695289  0.324442  0.505376  0.689073  0.914721  0.413744  0.424713  0.564822  0.539624  0.411350  0.636417  0.464506  0.441781  0.411410  0.590776  0.871018  0.549861  0.413170  0.456278  0.476011  0.498046  0.462160  0.441535  0.355817  0.324297  0.506826  0.350121  0.382971  0.350025  0.376713  0.598910  0.354077  0.431907  0.556543  0.659216  0.569566  0.495740  0.582137  0.616060  0.546713  0.585176  0.397470  0.486184  0.656806  0.530114  0.539336  0.483701  0.532075  0.658099  0.406608  0.648096  0.464840  0.439008  0.468080  0.588505  0.530420  0.609683  0.411060  0.439772  0.551698 
4  0.586066  0.549342  0.509465  0.414273 0.0  0.545601  0.572240  0.484069  0.410855  0.463655  0.899656  0.494187  0.566385  0.609082  0.409040  0.513905  0.625957  0.776351  0.530244  0.437596  0.571877  0.546050  0.397449  0.618921  0.370014  0.439089  0.373417  0.471389  0.775633  0.486583  0.523253  0.400172  0.520977  0.373040  0.476843  0.512862  0.518689  0.422046  0.422904  0.415863  0.494329  0.462661  0.292930  0.482671  0.461689  0.556549  0.505665  0.596783  0.390986  0.367639  0.375132  0.567206  0.488219  0.655192  0.452376  0.583310  0.664887  0.551886  0.489957  0.486275  0.490078  0.695977  0.466650  0.506153  0.511863  0.523433  0.453587  0.613820  0.559193  0.565712  0.398516  0.388349  0.645737 
5  0.432684  0.600722  0.460844  0.327457  0.545601 0.0  0.687812  0.523128  0.374638  0.281593  0.987691  0.366248  0.543031  0.860774  0.372419  0.575709  0.649413  0.835971  0.398412  0.326569  0.427482  0.378671  0.383623  0.746978  0.508181  0.500752  0.527242  0.478881  0.750938  0.382293  0.378164  0.297203  0.438181  0.374592  0.577538  0.232054  0.530595  0.476688  0.669273  0.558871  0.505441  0.482064  0.474538  0.462497  0.552636  0.344221  0.464004  0.659633  0.306797  0.415750  0.413988  0.580366  0.470733  0.695120  0.476303  0.460385  0.579027  0.472515  0.366337  0.241518  0.517124  0.688390  0.471314  0.316151  0.561807  0.672331  0.318254  0.658188  0.397330  0.459940  0.509689  0.333966  0.633874 
6  0.655016  0.696305  0.590735  0.514492  0.572240  0.687812 0.0  0.456601  0.544488  0.645339  0.657701  0.623246  0.475365  0.632619  0.606278  0.638205  0.591237  0.786273  0.601417  0.500182  0.592192  0.676057  0.550802  0.558223  0.462196  0.557191  0.537605  0.497358  0.873774  0.630469  0.567524  0.519118  0.615378  0.569206  0.581416  0.614523  0.591289  0.650830  0.553728  0.625721  0.495238  0.688125  0.534184  0.570365  0.616336  0.554819  0.448751  0.338492  0.576799  0.645637  0.631603  0.582478  0.579365  0.465031  0.581267  0.610314  0.535736  0.588130  0.620425  0.569798  0.468257  0.725423  0.525570  0.622619  0.468145  0.494360  0.597804  0.708152  0.587947  0.801473  0.624286  0.566344  0.713162 
7  0.654604  0.674432  0.605101  0.549588  0.484069  0.523128  0.456601 0.0  0.629805  0.555009  0.776969  0.634131  0.481831  0.719579  0.630425  0.657083  0.703902  0.893212  0.571081  0.509948  0.513631  0.567257  0.659941  0.796723  0.510456  0.466564  0.535334  0.490092  0.872194  0.541440  0.628608  0.481870  0.598237  0.520281  0.557960  0.606448  0.572072  0.544663  0.335971  0.588990  0.532350  0.574361  0.615180  0.615728  0.465503  0.557906  0.496605  0.613676  0.508360  0.539982  0.545408  0.514057  0.571244  0.592680  0.495886  0.677822  0.601685  0.443037  0.614896  0.599237  0.431332  0.764052  0.556997  0.670530  0.481189  0.483755  0.684505  0.697902  0.603624  0.674334  0.650983  0.568984  0.709944 
8  0.607484  0.658626  0.482674  0.388466  0.410855  0.374638  0.544488  0.629805 0.0  0.627067  0.676422  0.459047  0.652051  0.749383  0.335706  0.627687  0.658109  0.843100  0.466469  0.467275  0.587470  0.461461  0.313978  0.667073  0.361368  0.630362  0.412882  0.467307  0.806665  0.632254  0.361244  0.375073  0.542069  0.496647  0.570889  0.471680  0.612506  0.415646  0.455270  0.201956  0.299756  0.328029  0.415448  0.447824  0.379936  0.694925  0.473077  0.598766  0.421991  0.400138  0.517159  0.633447  0.465905  0.613200  0.386094  0.413311  0.607739  0.451602  0.487415  0.505407  0.464302  0.644786  0.583483  0.419101  0.519578  0.418371  0.511781  0.725535  0.493753  0.603430  0.485043  0.462371  0.574314 
9  0.392573  0.489574  0.486207  0.384484  0.463655  0.281593  0.645339  0.555009  0.627067 0.0  0.789626  0.287444  0.596467  0.841640  0.403181  0.517533  0.763247  0.770877  0.366672  0.463138  0.559634  0.505532  0.527599  0.739271  0.526223  0.472055  0.403233  0.556210  0.857072  0.268333  0.307010  0.402794  0.348190  0.377585  0.574276  0.337463  0.609458  0.578607  0.509596  0.420181  0.574298  0.484592  0.358653  0.375576  0.422706  0.442211  0.524362  0.665394  0.275513  0.552658  0.380343  0.576039  0.386521  0.560280  0.461291  0.576669  0.659732  0.624638  0.357027  0.257046  0.587911  0.598692  0.453869  0.309187  0.427528  0.551771  0.410095  0.731463  0.403742  0.568468  0.522152  0.500105  0.773872 
10  0.827592  0.647573  0.793280  0.770400  0.899656  0.987691  0.657701  0.776969  0.676422  0.789626 0.0  0.747019  0.710096  0.585357  0.727383  0.822027  0.685173  0.660334  0.776062  0.826233  0.815067  0.693342  0.696707  0.807933  0.684772  0.664778  0.753823  0.736672  0.704475  0.785748  0.828306  0.783274  0.725461  0.807855  0.750202  0.778473  0.901566  0.712878  0.779820  0.766021  0.784332  0.820706  0.778289  0.891978  0.803624  0.707223  0.876435  0.672884  0.773942  0.814624  0.678852  0.865069  0.709966  0.734532  0.774293  0.823391  0.627323  0.760829  0.847626  0.823587  0.785302  0.640843  0.815612  0.791256  0.638687  0.692753  0.832469  0.675967  0.787207  0.773220  0.796449  0.768910  0.704812 
11  0.424270  0.722270  0.468172  0.494767  0.494187  0.366248  0.623246  0.634131  0.459047  0.287444  0.747019 0.0  0.636388  0.702073  0.636704  0.533189  0.769336  0.764458  0.327553  0.422861  0.510179  0.354888  0.523677  0.657154  0.500017  0.570461  0.491600  0.641903  0.737529  0.526371  0.429378  0.541896  0.453609  0.425719  0.499375  0.530959  0.637868  0.636791  0.642638  0.518371  0.568176  0.602156  0.474831  0.367770  0.577027  0.530645  0.576096  0.665185  0.423134  0.399967  0.433080  0.566002  0.340586  0.644905  0.478068  0.532879  0.659397  0.427066  0.460659  0.351933  0.564250  0.620945  0.486801  0.420335  0.719784  0.588928  0.510023  0.763082  0.519069  0.535610  0.478853  0.447442  0.701381 
12  0.547562  0.546286  0.554455  0.626404  0.566385  0.543031  0.475365  0.481831  0.652051  0.596467  0.710096  0.636388 0.0  0.567733  0.496921  0.810096  0.586728  0.804166  0.648654  0.556778  0.543809  0.663986  0.636337  0.747759  0.654722  0.544649  0.502266  0.425170  0.845067  0.597882  0.515147  0.545004  0.642801  0.624672  0.292654  0.712490  0.556671  0.473140  0.460713  0.520865  0.575725  0.621168  0.612981  0.509004  0.500616  0.478764  0.408976  0.498000  0.674742  0.687373  0.499155  0.522777  0.695972  0.333443  0.599907  0.657136  0.548431  0.522232  0.590835  0.569132  0.554693  0.751333  0.583547  0.504515  0.367145  0.509606  0.509648  0.768115  0.570272  0.910186  0.549269  0.500492  0.578463 
13  0.827001  0.564024  0.695315  0.695289  0.609082  0.860774  0.632619  0.719579  0.749383  0.841640  0.585357  0.702073  0.567733 0.0  0.616357  0.773666  0.640368  0.850619  0.682580  0.732105  0.777634  0.789822  0.719786  0.680185  0.666322  0.736298  0.706593  0.844208  0.772309  0.691248  0.596004  0.750061  0.771416  0.619275  0.871828  0.678961  0.760201  0.710243  0.851190  0.675558  0.712641  0.665294  0.648771  0.595348  0.808900  0.847990  0.787100  0.708164  0.728733  0.640307  0.707799  0.672901  0.740518  0.676866  0.534203  0.738108  0.657618  0.626204  0.763305  0.726974  0.770723  0.712410  0.686840  0.642598  0.551339  0.827408  0.734184  0.664377  0.699400  0.790678  0.678995  0.698615  0.741960 
14  0.438763  0.645400  0.443080  0.324442  0.409040  0.372419  0.606278  0.630425  0.335706  0.403181  0.727383  0.636704  0.496921  0.616357 0.0  0.574043  0.683042  0.757695  0.577013  0.245288  0.474462  0.448813  0.345431  0.662070  0.366032  0.516861  0.261233  0.459440  0.738681  0.542367  0.553309  0.380591  0.612667  0.500829  0.462574  0.560346  0.540339  0.411545  0.370175  0.325500  0.315973  0.449257  0.236735  0.471311  0.380379  0.482764  0.365638  0.533316  0.410298  0.426123  0.478438  0.637751  0.530893  0.573175  0.412109  0.416819  0.490580  0.485042  0.483553  0.421384  0.536343  0.715966  0.608854  0.499022  0.555861  0.398640  0.436541  0.656375  0.556389  0.439171  0.343433  0.317993  0.712040 
15  0.547690  0.606112  0.388138  0.505376  0.513905  0.575709  0.638205  0.657083  0.627687  0.517533  0.822027  0.533189  0.810096  0.773666  0.574043 0.0  0.640223  0.716363  0.503362  0.615318  0.641191  0.412804  0.655172  0.745125  0.630388  0.718154  0.556384  0.681906  0.829896  0.694828  0.485745  0.638735  0.631340  0.501539  0.791217  0.626292  0.765978  0.545594  0.652179  0.574337  0.488766  0.646576  0.586573  0.602770  0.721091  0.617276  0.585502  0.653013  0.641653  0.612803  0.375954  0.659587  0.567780  0.709659  0.584579  0.558627  0.687930  0.670895  0.425148  0.665597  0.604209  0.661285  0.702900  0.672101  0.688250  0.704990  0.525254  0.689053  0.690935  0.649358  0.613296  0.619543  0.520204 
16  0.820660  0.692963  0.686740  0.689073  0.625957  0.649413  0.591237  0.703902  0.658109  0.763247  0.685173  0.769336  0.586728  0.640368  0.683042  0.640223 0.0  0.843293  0.703682  0.727306  0.862769  0.729075  0.718149  0.624862  0.641072  0.790868  0.623209  0.751891  0.801308  0.816878  0.682448  0.598406  0.739490  0.684232  0.755130  0.680128  0.711920  0.732095  0.700449  0.733257  0.669977  0.707277  0.745633  0.687444  0.707628  0.684205  0.733036  0.680898  0.609779  0.808210  0.756877  0.759009  0.659132  0.632383  0.710745  0.853020  0.599570  0.904320  0.723828  0.699884  0.714956  0.743456  0.815547  0.638501  0.636512  0.599951  0.757557  0.589046  0.792833  0.789579  0.650028  0.667317  0.498821 
17  0.952893  0.726456  0.823949  0.914721  0.776351  0.835971  0.786273  0.893212  0.843100  0.770877  0.660334  0.764458  0.804166  0.850619  0.757695  0.716363  0.843293 0.0  0.910172  0.770298  0.977275  0.752602  0.785628  0.717196  0.815215  0.865828  0.737327  0.848979  0.661156  0.941724  0.830186  0.838871  0.868521  0.789451  0.826510  0.846641  0.744709  0.860189  0.883938  0.748097  0.804158  0.728077  0.860193  0.807678  0.844148  0.874126  0.916904  0.880310  0.812612  0.847776  0.868140  0.754879  0.844215  0.794836  0.752881  0.749725  0.855927  0.803244  0.773107  0.799433  0.868475  0.719965  0.950778  0.791517  0.774255  0.808346  0.839574  0.795042  0.750251  0.744004  0.865185  0.667264  0.698123 
18  0.458890  0.643477  0.506215  0.413744  0.530244  0.398412  0.601417  0.571081  0.466469  0.366672  0.776062  0.327553  0.648654  0.682580  0.577013  0.503362  0.703682  0.910172 0.0  0.477410  0.483989  0.391751  0.590782  0.610110  0.479178  0.569476  0.537041  0.601242  0.913651  0.622427  0.454982  0.648390  0.431327  0.566203  0.658375  0.649668  0.563108  0.611581  0.620893  0.489095  0.500965  0.455945  0.509403  0.361774  0.683207  0.603517  0.614378  0.680823  0.421554  0.413835  0.486168  0.542418  0.359348  0.709889  0.507082  0.603334  0.652895  0.654560  0.461230  0.424377  0.628734  0.693545  0.476623  0.495597  0.582250  0.546075  0.523156  0.751090  0.591693  0.589601  0.444435  0.541517  0.680646 
19  0.559725  0.599898  0.362443  0.424713  0.437596  0.326569  0.500182  0.509948  0.467275  0.463138  0.826233  0.422861  0.556778  0.732105  0.245288  0.615318  0.727306  0.770298  0.477410 0.0  0.605825  0.472195  0.362003  0.747873  0.279296  0.529772  0.393270  0.370663  0.720514  0.451933  0.465768  0.398524  0.562668  0.404758  0.434817  0.583510  0.429978  0.413158  0.412092  0.494923  0.405605  0.403577  0.271451  0.437595  0.275158  0.573268  0.453134  0.600811  0.363537  0.516753  0.473863  0.699887  0.378888  0.635575  0.376919  0.447973  0.624855  0.339543  0.413159  0.404454  0.485501  0.642174  0.526240  0.551094  0.610219  0.450048  0.571532  0.641302  0.587523  0.562249  0.512181  0.312720  0.633677 
20  0.218397  0.776452  0.594115  0.564822  0.571877  0.427482  0.592192  0.513631  0.587470  0.559634  0.815067  0.510179  0.543809  0.777634  0.474462  0.641191  0.862769  0.977275  0.483989  0.605825 0.0  0.666417  0.579845  0.717952  0.547164  0.629832  0.468593  0.408276  0.922598  0.314791  0.489653  0.417471  0.488070  0.450373  0.559819  0.437765  0.462198  0.443615  0.637086  0.529625  0.523161  0.444980  0.534672  0.442534  0.521072  0.315603  0.555141  0.693256  0.385152  0.470908  0.668908  0.649315  0.607880  0.569634  0.414286  0.603274  0.678221  0.608540  0.391784  0.352519  0.514161  0.729119  0.358209  0.313382  0.645730  0.546603  0.359019  0.786978  0.344562  0.623713  0.454545  0.469009  0.718282 
21  0.535232  0.816625  0.457962  0.539624  0.546050  0.378671  0.676057  0.567257  0.461461  0.505532  0.693342  0.354888  0.663986  0.789822  0.448813  0.412804  0.729075  0.752602  0.391751  0.472195  0.666417 0.0  0.466787  0.661354  0.464778  0.608739  0.411048  0.650810  0.704928  0.547607  0.358714  0.578361  0.515132  0.423897  0.611095  0.374827  0.675252  0.544227  0.572626  0.404629  0.582205  0.475882  0.556983  0.511649  0.604457  0.575681  0.625490  0.734183  0.354157  0.395128  0.443826  0.614736  0.510372  0.705385  0.673096  0.532413  0.686888  0.656273  0.388277  0.466955  0.684027  0.617752  0.497195  0.433667  0.671565  0.565207  0.439606  0.722237  0.420010  0.449189  0.617396  0.620127  0.616526 
22  0.532081  0.674320  0.376160  0.411350  0.397449  0.383623  0.550802  0.659941  0.313978  0.527599  0.696707  0.523677  0.636337  0.719786  0.345431  0.655172  0.718149  0.785628  0.590782  0.362003  0.579845  0.466787 0.0  0.541506  0.427428  0.550299  0.455355  0.482225  0.781851  0.552889  0.375502  0.398755  0.545621  0.442750  0.533827  0.541755  0.457827  0.417377  0.564382  0.291519  0.312144  0.386369  0.404619  0.537413  0.436918  0.607349  0.527369  0.618467  0.444854  0.478712  0.606743  0.604773  0.543349  0.529239  0.376152  0.290150  0.463432  0.595931  0.531716  0.505145  0.514311  0.698655  0.619276  0.508527  0.605433  0.525635  0.516268  0.575871  0.552418  0.615505  0.471864  0.500053  0.612046 
23  0.726389  0.381693  0.608843  0.636417  0.618921  0.746978  0.558223  0.796723  0.667073  0.739271  0.807933  0.657154  0.747759  0.680185  0.662070  0.745125  0.624862  0.717196  0.610110  0.747873  0.717952  0.661354  0.541506 0.0  0.760628  0.637109  0.567700  0.624952  0.747068  0.726694  0.667998  0.502595  0.683521  0.681953  0.710952  0.686896  0.748830  0.707059  0.864599  0.581957  0.606311  0.649426  0.710010  0.611563  0.680244  0.808465  0.655795  0.696591  0.619989  0.803766  0.662590  0.618767  0.599241  0.685322  0.640983  0.703021  0.624328  0.654044  0.552660  0.662957  0.775727  0.664390  0.818603  0.763587  0.641953  0.766283  0.664278  0.381420  0.666536  0.822138  0.547177  0.765893  0.621111 
24  0.618263  0.640738  0.475739  0.464506  0.370014  0.508181  0.462196  0.510456  0.361368  0.526223  0.684772  0.500017  0.654722  0.666322  0.366032  0.630388  0.641072  0.815215  0.479178  0.279296  0.547164  0.464778  0.427428  0.760628 0.0  0.522156  0.435255  0.427219  0.879407  0.539150  0.512786  0.341963  0.603119  0.500588  0.456840  0.363062  0.491674  0.547153  0.496649  0.327206  0.322740  0.328116  0.408401  0.604970  0.394145  0.686501  0.518257  0.637917  0.333236  0.467125  0.533900  0.630163  0.366015  0.698923  0.470286  0.467878  0.550913  0.566649  0.537470  0.456215  0.550808  0.542998  0.450460  0.503754  0.604253  0.438333  0.469509  0.564209  0.606032  0.558206  0.453436  0.394873  0.677290 
25  0.580558  0.728487  0.563520  0.441781  0.439089  0.500752  0.557191  0.466564  0.630362  0.472055  0.664778  0.570461  0.544649  0.736298  0.516861  0.718154  0.790868  0.865828  0.569476  0.529772  0.629832  0.608739  0.550299  0.637109  0.522156 0.0  0.352334  0.384426  0.824857  0.455373  0.518130  0.455739  0.672155  0.523080  0.340791  0.627070  0.365568  0.395129  0.414971  0.496968  0.413508  0.593493  0.417507  0.570358  0.388754  0.386377  0.320694  0.679478  0.500184  0.506792  0.594413  0.526583  0.582551  0.667064  0.454267  0.604186  0.714829  0.494872  0.664809  0.611774  0.459994  0.659077  0.527337  0.477106  0.405054  0.366035  0.408441  0.676108  0.432138  0.630428  0.433993  0.451955  0.838499 
26  0.511433  0.668402  0.436618  0.411410  0.373417  0.527242  0.537605  0.535334  0.412882  0.403233  0.753823  0.491600  0.502266  0.706593  0.261233  0.556384  0.623209  0.737327  0.537041  0.393270  0.468593  0.411048  0.455355  0.567700  0.435255  0.352334 0.0  0.440401  0.697586  0.602498  0.513162  0.453013  0.479924  0.440145  0.547405  0.475886  0.508207  0.391788  0.460478  0.372844  0.289867  0.399697  0.396647  0.386369  0.333933  0.647793  0.448605  0.572332  0.566458  0.431757  0.369841  0.520877  0.592575  0.604847  0.548185  0.535296  0.629143  0.503813  0.378108  0.439958  0.493197  0.671910  0.506084  0.562761  0.474520  0.334541  0.458673  0.732685  0.416162  0.466444  0.551706  0.386819  0.679531 
27  0.450800  0.694739  0.562656  0.590776  0.471389  0.478881  0.497358  0.490092  0.467307  0.556210  0.736672  0.641903  0.425170  0.844208  0.459440  0.681906  0.751891  0.848979  0.601242  0.370663  0.408276  0.650810  0.482225  0.624952  0.427219  0.384426  0.440401 0.0  0.880615  0.591445  0.558586  0.403172  0.615707  0.549870  0.197744  0.567032  0.255512  0.484273  0.364641  0.409139  0.537527  0.520467  0.407788  0.524860  0.389038  0.550407  0.502530  0.638640  0.540970  0.667263  0.547312  0.481070  0.654894  0.482697  0.579760  0.582547  0.791947  0.404273  0.609178  0.767349  0.408390  0.779005  0.567893  0.519535  0.500904  0.418949  0.497056  0.788408  0.648885  0.687188  0.510570  0.410108  0.729493 
28  1.000000  0.619373  0.822345  0.871018  0.775633  0.750938  0.873774  0.872194  0.806665  0.857072  0.704475  0.737529  0.845067  0.772309  0.738681  0.829896  0.801308  0.661156  0.913651  0.720514  0.922598  0.704928  0.781851  0.747068  0.879407  0.824857  0.697586  0.880615 0.0  0.907509  0.804147  0.844489  0.773759  0.829599  0.870502  0.859103  0.949216  0.862518  0.932448  0.815341  0.795440  0.759987  0.846172  0.828097  0.978154  0.945321  0.941994  0.879904  0.854846  0.784350  0.860021  0.895742  0.792130  0.851086  0.787586  0.891023  0.823861  0.766406  0.723361  0.782900  0.781437  0.496825  0.785405  0.845826  0.809475  0.975372  0.813457  0.648556  0.895510  0.791723  0.813559  0.785946  0.540918 
29  0.350644  0.765109  0.433355  0.549861  0.486583  0.382293  0.630469  0.541440  0.632254  0.268333  0.785748  0.526371  0.597882  0.691248  0.542367  0.694828  0.816878  0.941724  0.622427  0.451933  0.314791  0.547607  0.552889  0.726694  0.539150  0.455373  0.602498  0.591445  0.907509 0.0  0.442286  0.495600  0.402503  0.536684  0.539570  0.357169  0.498821  0.527962  0.569194  0.464944  0.619615  0.388650  0.483891  0.450748  0.583341  0.352221  0.510849  0.567932  0.404431  0.508659  0.474980  0.579853  0.592789  0.675478  0.533069  0.521606  0.778464  0.439446  0.518202  0.521950  0.531350  0.750626  0.291080  0.405898  0.509739  0.577194  0.424508  0.750165  0.336913  0.756486  0.539136  0.530517  0.648794 
30  0.425161  0.534119  0.413322  0.413170  0.523253  0.378164  0.567524  0.628608  0.361244  0.307010  0.828306  0.429378  0.515147  0.596004  0.553309  0.485745  0.682448  0.830186  0.454982  0.465768  0.489653  0.358714  0.375502  0.667998  0.512786  0.518130  0.513162  0.558586  0.804147  0.442286 0.0  0.366971  0.542808  0.465915  0.629177  0.481096  0.596879  0.560780  0.562093  0.519224  0.429366  0.401255  0.443077  0.357649  0.493374  0.496570  0.468062  0.661879  0.364872  0.459417  0.460515  0.759395  0.577794  0.627558  0.551789  0.544856  0.509805  0.616140  0.423694  0.354166  0.537548  0.762741  0.487374  0.342034  0.433177  0.681269  0.410860  0.638519  0.359604  0.626177  0.423033  0.478672  0.659344 
31  0.527780  0.627181  0.489838  0.456278  0.400172  0.297203  0.519118  0.481870  0.375073  0.402794  0.783274  0.541896  0.545004  0.750061  0.380591  0.638735  0.598406  0.838871  0.648390  0.398524  0.417471  0.578361  0.398755  0.502595  0.341963  0.455739  0.453013  0.403172  0.844489  0.495600  0.366971 0.0  0.640255  0.424347  0.379890  0.549166  0.451708  0.439185  0.471479  0.408427  0.388163  0.551188  0.418924  0.586326  0.556316  0.508850  0.600599  0.612005  0.362533  0.519969  0.547179  0.570769  0.425895  0.541373  0.245682  0.502859  0.555751  0.587825  0.522225  0.469721  0.528678  0.717826  0.440712  0.408953  0.631225  0.435263  0.471581  0.660448  0.466345  0.635108  0.310219  0.483338  0.720464 
32  0.509936  0.546328  0.629686  0.476011  0.520977  0.438181  0.615378  0.598237  0.542069  0.348190  0.725461  0.453609  0.642801  0.771416  0.612667  0.631340  0.739490  0.868521  0.431327  0.562668  0.488070  0.515132  0.545621  0.683521  0.603119  0.672155  0.479924  0.615707  0.773759  0.402503  0.542808  0.640255 0.0  0.434095  0.577068  0.523704  0.583610  0.475643  0.569378  0.586669  0.498685  0.436197  0.534128  0.416117  0.700539  0.565550  0.490445  0.575818  0.483014  0.392500  0.439673  0.730003  0.428618  0.654496  0.468840  0.558004  0.648561  0.652487  0.391627  0.420627  0.516508  0.751959  0.579432  0.482680  0.670784  0.647374  0.420840  0.721147  0.527029  0.477137  0.453112  0.427383  0.748091 
33  0.465891  0.641186  0.396555  0.498046  0.373040  0.374592  0.569206  0.520281  0.496647  0.377585  0.807855  0.425719  0.624672  0.619275  0.500829  0.501539  0.684232  0.789451  0.566203  0.404758  0.450373  0.423897  0.442750  0.681953  0.500588  0.523080  0.440145  0.549870  0.829599  0.536684  0.465915  0.424347  0.434095 0.0  0.603586  0.351014  0.517683  0.561764  0.371571  0.537610  0.457869  0.440399  0.400711  0.447215  0.636014  0.441791  0.491783  0.715594  0.440291  0.349530  0.443034  0.642924  0.400514  0.458773  0.468278  0.477807  0.634621  0.579434  0.387858  0.497465  0.538238  0.638519  0.495942  0.445126  0.624746  0.514998  0.425722  0.728674  0.362192  0.509269  0.364131  0.545019  0.715370 
34  0.511343  0.605702  0.513353  0.462160  0.476843  0.577538  0.581416  0.557960  0.570889  0.574276  0.750202  0.499375  0.292654  0.871828  0.462574  0.791217  0.755130  0.826510  0.658375  0.434817  0.559819  0.611095  0.533827  0.710952  0.456840  0.340791  0.547405  0.197744  0.870502  0.539570  0.629177  0.379890  0.577068  0.603586 0.0  0.658557  0.502745  0.324353  0.379319  0.483507  0.441165  0.495831  0.459796  0.514505  0.493391  0.532716  0.398453  0.681472  0.631694  0.536625  0.626996  0.570896  0.656547  0.603452  0.511612  0.502347  0.561877  0.359839  0.634417  0.554339  0.429415  0.731894  0.436784  0.523109  0.467779  0.413304  0.629838  0.755000  0.583195  0.671435  0.475515  0.454594  0.780399 
35  0.403065  0.674389  0.537106  0.441535  0.512862  0.232054  0.614523  0.606448  0.471680  0.337463  0.778473  0.530959  0.712490  0.678961  0.560346  0.626292  0.680128  0.846641  0.649668  0.583510  0.437765  0.374827  0.541755  0.686896  0.363062  0.627070  0.475886  0.567032  0.859103  0.357169  0.481096  0.549166  0.523704  0.351014  0.658557 0.0  0.534704  0.523193  0.530479  0.466773  0.357055  0.325797  0.492227  0.418990  0.568104  0.354297  0.576173  0.667172  0.265808  0.400025  0.456234  0.680473  0.423750  0.559127  0.415150  0.626443  0.590449  0.590423  0.421767  0.289446  0.491934  0.578571  0.452298  0.334777  0.479404  0.607503  0.310836  0.708084  0.360111  0.532458  0.441913  0.438124  0.613545 
36  0.387574  0.627891  0.474980  0.355817  0.518689  0.530595  0.591289  0.572072  0.612506  0.609458  0.901566  0.637868  0.556671  0.760201  0.540339  0.765978  0.711920  0.744709  0.563108  0.429978  0.462198  0.675252  0.457827  0.748830  0.491674  0.365568  0.508207  0.255512  0.949216  0.498821  0.596879  0.451708  0.583610  0.517683  0.502745  0.534704 0.0  0.342791  0.450994  0.401858  0.429467  0.533974  0.448353  0.617064  0.479987  0.615772  0.507762  0.533553  0.492951  0.611472  0.474981  0.630004  0.656225  0.581916  0.434397  0.520237  0.650681  0.518804  0.497639  0.533823  0.482210  0.644194  0.503567  0.506716  0.420926  0.356290  0.596666  0.747480  0.584450  0.613267  0.561306  0.424832  0.728347 
37  0.499372  0.705198  0.529339  0.324297  0.422046  0.476688  0.650830  0.544663  0.415646  0.578607  0.712878  0.636791  0.473140  0.710243  0.411545  0.545594  0.732095  0.860189  0.611581  0.413158  0.443615  0.544227  0.417377  0.707059  0.547153  0.395129  0.391788  0.484273  0.862518  0.527962  0.560780  0.439185  0.475643  0.561764  0.324353  0.523193  0.342791 0.0  0.382132  0.519412  0.594797  0.504243  0.419661  0.502225  0.410890  0.526109  0.487992  0.528351  0.524085  0.577542  0.551598  0.624753  0.631009  0.526239  0.444297  0.576238  0.648949  0.467366  0.615100  0.474123  0.432750  0.772142  0.527364  0.540202  0.484178  0.443196  0.392211  0.635559  0.459140  0.516732  0.493664  0.444854  0.624702 
38  0.532797  0.586741  0.563711  0.506826  0.422904  0.669273  0.553728  0.335971  0.455270  0.509596  0.779820  0.642638  0.460713  0.851190  0.370175  0.652179  0.700449  0.883938  0.620893  0.412092  0.637086  0.572626  0.564382  0.864599  0.496649  0.414971  0.460478  0.364641  0.932448  0.569194  0.562093  0.471479  0.569378  0.371571  0.379319  0.530479  0.450994  0.382132 0.0  0.463143  0.405318  0.514462  0.456128  0.592829  0.259607  0.504933  0.387383  0.526018  0.499721  0.613052  0.496596  0.461496  0.571513  0.575172  0.492258  0.586945  0.646665  0.233024  0.600886  0.539306  0.474044  0.802207  0.409707  0.598714  0.553804  0.246087  0.532048  0.680717  0.635325  0.610382  0.471239  0.428057  0.734698 
39  0.525285  0.583897  0.379800  0.350121  0.415863  0.558871  0.625721  0.588990  0.201956  0.420181  0.766021  0.518371  0.520865  0.675558  0.325500  0.574337  0.733257  0.748097  0.489095  0.494923  0.529625  0.404629  0.291519  0.581957  0.327206  0.496968  0.372844  0.409139  0.815341  0.464944  0.519224  0.408427  0.586669  0.537610  0.483507  0.466773  0.401858  0.519412  0.463143 0.0  0.347612  0.476972  0.440087  0.428121  0.545742  0.564704  0.505281  0.634262  0.408506  0.506128  0.598765  0.692278  0.497157  0.620209  0.406442  0.368635  0.632125  0.441354  0.580280  0.426398  0.502064  0.694202  0.498945  0.459080  0.556210  0.471713  0.490433  0.626552  0.504629  0.597665  0.333404  0.272351  0.692887 
40  0.533888  0.587032  0.434837  0.382971  0.494329  0.505441  0.495238  0.532350  0.299756  0.574298  0.784332  0.568176  0.575725  0.712641  0.315973  0.488766  0.669977  0.804158  0.500965  0.405605  0.523161  0.582205  0.312144  0.606311  0.322740  0.413508  0.289867  0.537527  0.795440  0.619615  0.429366  0.388163  0.498685  0.457869  0.441165  0.357055  0.429467  0.594797  0.405318  0.347612 0.0  0.433566  0.339511  0.526670  0.343468  0.666572  0.486497  0.637006  0.514692  0.496994  0.452843  0.529835  0.599270  0.477155  0.490420  0.420872  0.568113  0.591630  0.375171  0.370601  0.529740  0.765001  0.540559  0.544467  0.522243  0.440079  0.399815  0.698319  0.627884  0.494730  0.374052  0.460981  0.673252 
41  0.513053  0.753425  0.399102  0.350025  0.462661  0.482064  0.688125  0.574361  0.328029  0.484592  0.820706  0.602156  0.621168  0.665294  0.449257  0.646576  0.707277  0.728077  0.455945  0.403577  0.444980  0.475882  0.386369  0.649426  0.328116  0.593493  0.399697  0.520467  0.759987  0.388650  0.401255  0.551188  0.436197  0.440399  0.495831  0.325797  0.533974  0.504243  0.514462  0.476972  0.433566 0.0  0.556963  0.312470  0.536022  0.579382  0.500163  0.607354  0.364496  0.465973  0.469535  0.569587  0.409805  0.579052  0.409208  0.481225  0.603051  0.458617  0.500945  0.332004  0.521931  0.741604  0.422890  0.506969  0.547975  0.502334  0.409324  0.682897  0.430452  0.523751  0.475707  0.504084  0.535157 
42  0.530810  0.645252  0.482682  0.376713  0.292930  0.474538  0.534184  0.615180  0.415448  0.358653  0.778289  0.474831  0.612981  0.648771  0.236735  0.586573  0.745633  0.860193  0.509403  0.271451  0.534672  0.556983  0.404619  0.710010  0.408401  0.417507  0.396647  0.407788  0.846172  0.483891  0.443077  0.418924  0.534128  0.400711  0.459796  0.492227  0.448353  0.419661  0.456128  0.440087  0.339511  0.556963 0.0  0.564525  0.415511  0.421394  0.449290  0.597583  0.449602  0.461128  0.552669  0.590390  0.502366  0.636680  0.390579  0.448555  0.481729  0.394019  0.343472  0.496280  0.517336  0.698672  0.558008  0.421780  0.595954  0.458145  0.499554  0.740126  0.614439  0.484347  0.392595  0.256458  0.659629 
43  0.526238  0.642705  0.473789  0.598910  0.482671  0.462497  0.570365  0.615728  0.447824  0.375576  0.891978  0.367770  0.509004  0.595348  0.471311  0.602770  0.687444  0.807678  0.361774  0.437595  0.442534  0.511649  0.537413  0.611563  0.604970  0.570358  0.386369  0.524860  0.828097  0.450748  0.357649  0.586326  0.416117  0.447215  0.514505  0.418990  0.617064  0.502225  0.592829  0.428121  0.526670  0.312470  0.564525 0.0  0.566267  0.531796  0.559974  0.622962  0.470036  0.341309  0.332120  0.668606  0.437370  0.540336  0.611325  0.588096  0.630407  0.562674  0.380545  0.404129  0.491518  0.656904  0.519127  0.449126  0.573790  0.530556  0.487626  0.639580  0.468124  0.675836  0.482661  0.398403  0.745809 
44  0.582758  0.723394  0.520405  0.354077  0.461689  0.552636  0.616336  0.465503  0.379936  0.422706  0.803624  0.577027  0.500616  0.808900  0.380379  0.721091  0.707628  0.844148  0.683207  0.275158  0.521072  0.604457  0.436918  0.680244  0.394145  0.388754  0.333933  0.389038  0.978154  0.583341  0.493374  0.556316  0.700539  0.636014  0.493391  0.568104  0.479987  0.410890  0.259607  0.545742  0.343468  0.536022  0.415511  0.566267 0.0  0.480119  0.448985  0.530247  0.446509  0.597756  0.565448  0.511675  0.504280  0.480840  0.561988  0.498301  0.674256  0.455416  0.579766  0.680458  0.448410  0.632467  0.612845  0.555678  0.464286  0.286672  0.583376  0.713174  0.511286  0.670562  0.455213  0.448546  0.785851 
45  0.333732  0.683344  0.604841  0.431907  0.556549  0.344221  0.554819  0.557906  0.694925  0.442211  0.707223  0.530645  0.478764  0.847990  0.482764  0.617276  0.684205  0.874126  0.603517  0.573268  0.315603  0.575681  0.607349  0.808465  0.686501  0.386377  0.647793  0.550407  0.945321  0.352221  0.496570  0.508850  0.565550  0.441791  0.532716  0.354297  0.615772  0.526109  0.504933  0.564704  0.666572  0.579382  0.421394  0.531796  0.480119 0.0  0.471138  0.721103  0.334611  0.471443  0.426799  0.476649  0.525252  0.610780  0.653299  0.693045  0.743069  0.581369  0.583584  0.435141  0.416314  0.834034  0.525198  0.276202  0.470787  0.485832  0.360137  0.704485  0.348432  0.639526  0.643563  0.594709  0.726820 
46  0.622970  0.702932  0.644438  0.556543  0.505665  0.464004  0.448751  0.496605  0.473077  0.524362  0.876435  0.576096  0.408976  0.787100  0.365638  0.585502  0.733036  0.916904  0.614378  0.453134  0.555141  0.625490  0.527369  0.655795  0.518257  0.320694  0.448605  0.502530  0.941994  0.510849  0.468062  0.600599  0.490445  0.491783  0.398453  0.576173  0.507762  0.487992  0.387383  0.505281  0.486497  0.500163  0.449290  0.559974  0.448985  0.471138 0.0  0.519796  0.487323  0.587909  0.537825  0.540609  0.562129  0.685488  0.557980  0.634281  0.849002  0.465332  0.617122  0.487437  0.123153  0.743062  0.578707  0.593794  0.433893  0.502963  0.622694  0.744429  0.552839  0.559648  0.290846  0.303510  0.687629 
47  0.444458  0.650681  0.530573  0.659216  0.596783  0.659633  0.338492  0.613676  0.598766  0.665394  0.672884  0.665185  0.498000  0.708164  0.533316  0.653013  0.680898  0.880310  0.680823  0.600811  0.693256  0.734183  0.618467  0.696591  0.637917  0.679478  0.572332  0.638640  0.879904  0.567932  0.661879  0.612005  0.575818  0.715594  0.681472  0.667172  0.533553  0.528351  0.526018  0.634262  0.637006  0.607354  0.597583  0.622962  0.530247  0.721103  0.519796 0.0  0.697351  0.525277  0.596359  0.496282  0.607263  0.380209  0.634334  0.686218  0.608681  0.596875  0.635698  0.616383  0.729556  0.774684  0.561021  0.720788  0.467213  0.581792  0.532442  0.601690  0.602321  0.774314  0.645173  0.632878  0.742661 
48  0.324048  0.657963  0.319483  0.569566  0.390986  0.306797  0.576799  0.508360  0.421991  0.275513  0.773942  0.423134  0.674742  0.728733  0.410298  0.641653  0.609779  0.812612  0.421554  0.363537  0.385152  0.354157  0.444854  0.619989  0.333236  0.500184  0.566458  0.540970  0.854846  0.404431  0.364872  0.362533  0.483014  0.440291  0.631694  0.265808  0.492951  0.524085  0.499721  0.408506  0.514692  0.364496  0.449602  0.470036  0.446509  0.334611  0.487323  0.697351 0.0  0.353980  0.356489  0.645255  0.375230  0.599152  0.406088  0.531986  0.614578  0.497062  0.331457  0.450703  0.556453  0.771459  0.388753  0.220954  0.677625  0.527046  0.432358  0.596692  0.346897  0.565183  0.564123  0.412469  0.678496 
49  0.569641  0.555917  0.507873  0.495740  0.367639  0.415750  0.645637  0.539982  0.400138  0.552658  0.814624  0.399967  0.687373  0.640307  0.426123  0.612803  0.808210  0.847776  0.413835  0.516753  0.470908  0.395128  0.478712  0.803766  0.467125  0.506792  0.431757  0.667263  0.784350  0.508659  0.459417  0.519969  0.392500  0.349530  0.536625  0.400025  0.611472  0.577542  0.613052  0.506128  0.496994  0.465973  0.461128  0.341309  0.597756  0.471443  0.587909  0.525277  0.353980 0.0  0.455337  0.569904  0.380279  0.700985  0.502658  0.479336  0.637279  0.518023  0.405472  0.347863  0.648694  0.786671  0.496435  0.446966  0.512363  0.609327  0.473296  0.646279  0.448973  0.608390  0.494615  0.427301  0.676145 
50  0.562862  0.670096  0.398421  0.582137  0.375132  0.413988  0.631603  0.545408  0.517159  0.380343  0.678852  0.433080  0.499155  0.707799  0.478438  0.375954  0.756877  0.868140  0.486168  0.473863  0.668908  0.443826  0.606743  0.662590  0.533900  0.594413  0.369841  0.547312  0.860021  0.474980  0.460515  0.547179  0.439673  0.443034  0.626996  0.456234  0.474981  0.551598  0.496596  0.598765  0.452843  0.469535  0.552669  0.332120  0.565448  0.426799  0.537825  0.596359  0.356489  0.455337 0.0  0.559591  0.460520  0.696068  0.469449  0.568385  0.682047  0.602411  0.285619  0.476046  0.459251  0.623067  0.558789  0.522810  0.605530  0.602854  0.397403  0.641009  0.433010  0.506582  0.409205  0.512192  0.688922 
51  0.678017  0.584226  0.552862  0.616060  0.567206  0.580366  0.582478  0.514057  0.633447  0.576039  0.865069  0.566002  0.522777  0.672901  0.637751  0.659587  0.759009  0.754879  0.542418  0.699887  0.649315  0.614736  0.604773  0.618767  0.630163  0.526583  0.520877  0.481070  0.895742  0.579853  0.759395  0.570769  0.730003  0.642924  0.570896  0.680473  0.630004  0.624753  0.461496  0.692278  0.529835  0.569587  0.590390  0.668606  0.511675  0.476649  0.540609  0.496282  0.645255  0.569904  0.559591 0.0  0.620024  0.599331  0.612221  0.678344  0.639977  0.537939  0.555927  0.525530  0.561219  0.805731  0.579808  0.422112  0.523432  0.431859  0.495512  0.575537  0.478589  0.607348  0.671467  0.537175  0.759701 
52  0.519146  0.632950  0.481826  0.546713  0.488219  0.470733  0.579365  0.571244  0.465905  0.386521  0.709966  0.340586  0.695972  0.740518  0.530893  0.567780  0.659132  0.844215  0.359348  0.378888  0.607880  0.510372  0.543349  0.599241  0.366015  0.582551  0.592575  0.654894  0.792130  0.592789  0.577794  0.425895  0.428618  0.400514  0.656547  0.423750  0.656225  0.631009  0.571513  0.497157  0.599270  0.409805  0.502366  0.437370  0.504280  0.525252  0.562129  0.607263  0.375230  0.380279  0.460520  0.620024 0.0  0.590263  0.598492  0.625132  0.679224  0.637261  0.416036  0.430251  0.647149  0.632563  0.509460  0.579450  0.628091  0.595581  0.453104  0.672499  0.488363  0.563427  0.487369  0.481143  0.645728 
53  0.674136  0.658752  0.600607  0.585176  0.655192  0.695120  0.465031  0.592680  0.613200  0.560280  0.734532  0.644905  0.333443  0.676866  0.573175  0.709659  0.632383  0.794836  0.709889  0.635575  0.569634  0.705385  0.529239  0.685322  0.698923  0.667064  0.604847  0.482697  0.851086  0.675478  0.627558  0.541373  0.654496  0.458773  0.603452  0.559127  0.581916  0.526239  0.575172  0.620209  0.477155  0.579052  0.636680  0.540336  0.480840  0.610780  0.685488  0.380209  0.599152  0.700985  0.696068  0.599331  0.590263 0.0  0.519126  0.557385  0.545591  0.607312  0.627724  0.537007  0.564735  0.660055  0.503803  0.673130  0.429769  0.608818  0.585542  0.669987  0.743070  0.786612  0.717712  0.647630  0.535824 
