73
0 0.0  0.565200  0.422605  0.659460  0.378748  0.478814  0.294302  0.570367  0.709314  0.479697  0.744238  0.474330  0.607838  0.598029  0.390762  0.336703  0.404644  0.567680  0.369579  0.360912  0.599215  0.740464  0.378766  0.534568  0.424737  0.543665  0.506177  0.380588  0.649245  0.244492  0.564685  0.793925  0.372844  0.278552  0.634674  0.456976  0.531637  0.660981  0.420991  0.840985  0.252356  0.580565  0.562438  0.324256  0.433023  0.639792  0.819776  0.695271  0.593241  0.677517  0.452095  0.357624  0.409033  0.702367  0.415524  0.523953  0.370253  0.817291  0.518475  0.356528  0.531303  0.475382  0.522575  0.767565  0.454597  0.474151  0.458216  0.607042  0.503275  0.472296  0.386610  0.645383  0.469316 
1  0.565200 0.0  0.581611  0.672914  0.412917  0.518503  0.482394  0.453763  0.644976  0.465199  0.792150  0.638344  0.571462  0.505979  0.520159  0.503507  0.546399  0.552288  0.508982  0.514026  0.576395  0.529282  0.493670  0.618681  0.520224  0.523380  0.533718  0.419869  0.658683  0.492178  0.379986  0.681274  0.507575  0.471647  0.579114  0.526129  0.612343  0.661520  0.517495  0.720401  0.507126  0.304484  0.555305  0.551861  0.575619  0.677147  0.797206  0.645531  0.579888  0.582036  0.546122  0.454567  0.433620  0.698543  0.650555  0.543576  0.535149  0.789270  0.229652  0.476051  0.420387  0.405272  0.620896  0.791103  0.523486  0.561286  0.544407  0.531546  0.570692  0.583739  0.521842  0.577590  0.434359 
2  0.422605  0.581611 0.0  0.713694  0.548049  0.477263  0.477205  0.486680  0.805931  0.347106  0.697324  0.329228  0.582539  0.433421  0.526824  0.397826  0.530220  0.459908  0.395675  0.545653  0.748488  0.742289  0.530157  0.462712  0.555324  0.606962  0.463050  0.423639  0.727762  0.394443  0.612410  0.820248  0.526866  0.501405  0.456121  0.409202  0.727094  0.766535  0.591490  0.757707  0.523239  0.591962  0.341488  0.386769  0.483500  0.622417  0.873272  0.678754  0.579686  0.680507  0.643213  0.465646  0.607337  0.655151  0.359981  0.524121  0.384548  0.809369  0.593325  0.534079  0.453283  0.460079  0.545152  0.873784  0.641937  0.594627  0.529625  0.450999  0.545169  0.416106  0.394848  0.497728  0.624185 
3  0.659460  0.672914  0.713694 0.0  0.664980  0.648896  0.713448  0.673720  0.697917  0.638032  0.759504  0.686094  0.977465  0.741529  0.709929  0.668664  0.521016  0.598903  0.624585  0.644578  0.792680  0.617133  0.666342  0.718915  0.787363  0.655135  0.721280  0.745970  0.456315  0.793890  0.704967  0.704503  0.731417  0.641429  0.728187  0.719649  0.896631  0.638446  0.691103  0.794849  0.750305  0.639396  0.704619  0.790597  0.785357  0.515389  0.782319  0.448185  0.750768  0.474575  0.709622  0.670981  0.734214  0.722937  0.597014  0.786930  0.806299  0.767646  0.712428  0.791052  0.636405  0.723127  0.824132  0.786941  0.686410  0.630023  0.590361  0.637513  0.730046  0.737008  0.808601  0.658312  0.759325 
4  0.378748  0.412917  0.548049  0.664980 0.0  0.383097  0.402061  0.557177  0.646156  0.502285  0.827654  0.387489  0.636696  0.625938  0.459193  0.500744  0.547203  0.459118  0.419898  0.370875  0.545061  0.642400  0.433291  0.337284  0.446569  0.453877  0.444301  0.465794  0.698628  0.483469  0.662479  0.699034  0.378227  0.486212  0.541732  0.535911  0.645924  0.666126  0.524359  0.868982  0.492701  0.675970  0.588823  0.447486  0.375137  0.527057  0.716447  0.587554  0.368590  0.661685  0.501209  0.561313  0.467792  0.719966  0.490527  0.403314  0.433166  0.815782  0.640404  0.351923  0.560183  0.495186  0.578091  0.840994  0.434513  0.412750  0.604090  0.638833  0.295320  0.447522  0.452303  0.633644  0.350347 
5  0.478814  0.518503  0.477263  0.648896  0.383097 0.0  0.346054  0.616718  0.580518  0.515687  0.784822  0.483567  0.493691  0.498441  0.472162  0.502832  0.640777  0.398640  0.500415  0.466006  0.473993  0.611239  0.411463  0.399950  0.278700  0.401042  0.445722  0.455209  0.669463  0.548719  0.678322  0.862195  0.466176  0.555093  0.563555  0.608358  0.385313  0.767391  0.491151  0.720225  0.409212  0.526053  0.584902  0.388448  0.501423  0.629037  0.924682  0.582619  0.507068  0.509786  0.480171  0.409195  0.457419  0.807866  0.606340  0.504048  0.449990  0.774603  0.537460  0.381618  0.561839  0.484336  0.539736  0.804817  0.512480  0.440835  0.625746  0.645883  0.456966  0.475477  0.449913  0.683814  0.383601 
6  0.294302  0.482394  0.477205  0.713448  0.402061  0.346054 0.0  0.513189  0.681729  0.535845  0.774835  0.464450  0.527450  0.610799  0.411450  0.214424  0.487181  0.543619  0.383232  0.414039  0.610204  0.588669  0.306927  0.455280  0.483383  0.510778  0.162623  0.319907  0.606807  0.354775  0.681233  0.750478  0.216841  0.373743  0.497369  0.498549  0.631048  0.591371  0.347278  0.825972  0.395045  0.497616  0.569368  0.532714  0.406846  0.516544  0.705063  0.728874  0.487649  0.591894  0.485378  0.439751  0.397897  0.586620  0.540826  0.581901  0.480629  0.755945  0.421186  0.484288  0.537648  0.581788  0.456741  0.734211  0.437008  0.330879  0.515193  0.478981  0.444075  0.404160  0.350612  0.609369  0.423171 
7  0.570367  0.453763  0.486680  0.673720  0.557177  0.616718  0.513189 0.0  0.743111  0.569550  0.871628  0.542868  0.725674  0.429817  0.549651  0.574267  0.469665  0.615444  0.551814  0.611771  0.654237  0.659846  0.497895  0.510670  0.550060  0.611195  0.523502  0.580433  0.635543  0.565011  0.532837  0.874439  0.617823  0.433041  0.447062  0.491413  0.718491  0.649540  0.591369  0.769937  0.547897  0.543538  0.522734  0.475897  0.487856  0.639476  0.874450  0.666401  0.664617  0.674131  0.585426  0.616006  0.481727  0.710313  0.408891  0.634002  0.513355  0.760427  0.609048  0.556933  0.520807  0.623038  0.632626  0.918420  0.549896  0.594047  0.584517  0.389818  0.574358  0.482773  0.503680  0.461678  0.628643 
8  0.709314  0.644976  0.805931  0.697917  0.646156  0.580518  0.681729  0.743111 0.0  0.692170  0.755347  0.650549  0.757513  0.665052  0.648527  0.613851  0.470648  0.677516  0.675489  0.650748  0.738429  0.600696  0.625717  0.589770  0.736165  0.609460  0.529761  0.578133  0.642946  0.716374  0.712927  0.706460  0.666048  0.673339  0.601017  0.756747  0.774075  0.679421  0.654393  0.748352  0.636890  0.714312  0.584315  0.711274  0.646871  0.385346  0.627210  0.653440  0.746827  0.508700  0.749734  0.661843  0.590728  0.675060  0.677707  0.643936  0.760215  0.625357  0.570257  0.728321  0.624459  0.592601  0.717723  0.796929  0.647869  0.515580  0.599711  0.736783  0.651769  0.738161  0.595454  0.722301  0.752075 
9  0.479697  0.465199  0.347106  0.638032  0.502285  0.515687  0.535845  0.569550  0.692170 0.0  0.959992  0.419855  0.690054  0.443512  0.410289  0.399969  0.480677  0.603037  0.547356  0.464920  0.658403  0.701439  0.469162  0.517753  0.473225  0.450068  0.415112  0.338901  0.614531  0.475285  0.451570  0.869669  0.503754  0.430726  0.546217  0.374250  0.517614  0.686603  0.417601  0.666970  0.490218  0.497254  0.355926  0.553937  0.457246  0.679056  0.874842  0.691916  0.550542  0.786637  0.654142  0.524742  0.541198  0.656653  0.456886  0.444846  0.442251  0.833144  0.634097  0.566521  0.613437  0.496901  0.565689  0.898592  0.624927  0.649126  0.538664  0.473806  0.462740  0.532189  0.487848  0.451799  0.568006 
10  0.744238  0.792150  0.697324  0.759504  0.827654  0.784822  0.774835  0.871628  0.755347  0.959992 0.0  0.915399  0.771499  0.746672  0.786048  0.764589  0.585305  0.777322  0.779565  0.815826  0.643908  0.754500  0.800293  0.918666  0.831892  0.877155  0.870277  0.765846  0.685559  0.833241  0.793224  0.364691  0.800901  0.736179  0.850033  0.943217  0.717535  0.685096  0.833602  0.579182  0.794168  0.750962  0.780296  0.782647  0.851436  0.678279  0.571005  0.779933  0.801725  0.748155  0.859390  0.849807  0.743439  0.590047  0.880934  0.839354  0.821444  0.642201  0.722554  0.910765  0.659693  0.806121  0.643781  0.533832  0.866788  0.842516  0.706405  0.926427  0.706956  0.843802  0.786249  0.857003  0.825536 
11  0.474330  0.638344  0.329228  0.686094  0.387489  0.483567  0.464450  0.542868  0.650549  0.419855  0.915399 0.0  0.635758  0.611469  0.357716  0.432857  0.667526  0.495432  0.413893  0.607655  0.552865  0.698271  0.413396  0.534469  0.559710  0.461486  0.445108  0.547295  0.720956  0.338067  0.691793  0.813099  0.526490  0.503310  0.421471  0.345661  0.583497  0.659974  0.457329  0.774738  0.424067  0.636134  0.328502  0.353878  0.429409  0.718953  0.870555  0.674535  0.546326  0.769456  0.633247  0.569673  0.461399  0.686777  0.310543  0.524432  0.444956  1.000000  0.536993  0.518265  0.414801  0.522985  0.549983  0.851249  0.579931  0.563856  0.488867  0.364653  0.627328  0.368075  0.373265  0.433037  0.533258 
12  0.607838  0.571462  0.582539  0.977465  0.636696  0.493691  0.527450  0.725674  0.757513  0.690054  0.771499  0.635758 0.0  0.627539  0.592410  0.620215  0.588443  0.478842  0.573188  0.443029  0.451128  0.786997  0.473053  0.522598  0.516239  0.544679  0.510322  0.546102  0.755919  0.517535  0.772232  0.733929  0.450675  0.598114  0.738536  0.667507  0.297802  0.674374  0.581715  0.649359  0.584300  0.746953  0.609959  0.664352  0.555984  0.735061  0.708092  0.729472  0.604974  0.879240  0.588899  0.519706  0.627707  0.466839  0.693180  0.431263  0.550640  0.645853  0.683399  0.459182  0.688850  0.503348  0.631561  0.633245  0.601735  0.608883  0.685275  0.707177  0.426199  0.542943  0.781422  0.784731  0.616482 
13  0.598029  0.505979  0.433421  0.741529  0.625938  0.498441  0.610799  0.429817  0.665052  0.443512  0.746672  0.611469  0.627539 0.0  0.629929  0.535574  0.566970  0.604740  0.535755  0.622967  0.817613  0.733683  0.577531  0.589175  0.570922  0.567511  0.684950  0.527448  0.626635  0.573612  0.648874  0.843965  0.603228  0.539792  0.365373  0.519649  0.669438  0.702268  0.559677  0.803272  0.583609  0.527892  0.592732  0.580691  0.500272  0.680152  0.868010  0.768744  0.591021  0.703908  0.655835  0.565444  0.622414  0.783477  0.425590  0.602164  0.576305  0.936231  0.562316  0.678011  0.423133  0.570099  0.573032  0.840338  0.477346  0.581459  0.391927  0.276455  0.670741  0.594494  0.590653  0.477879  0.427374 
14  0.390762  0.520159  0.526824  0.709929  0.459193  0.472162  0.411450  0.549651  0.648527  0.410289  0.786048  0.357716  0.592410  0.629929 0.0  0.398401  0.490652  0.439013  0.310378  0.424892  0.628840  0.674831  0.500520  0.445962  0.430778  0.495412  0.448605  0.305271  0.762243  0.312271  0.612164  0.776081  0.481670  0.369945  0.561989  0.334325  0.607410  0.726068  0.345315  0.728839  0.429255  0.507997  0.390130  0.510803  0.515745  0.479964  0.656675  0.595433  0.450727  0.454656  0.578164  0.306415  0.494440  0.607365  0.433904  0.550166  0.478906  0.875706  0.549722  0.328753  0.621898  0.543198  0.498094  0.843699  0.453717  0.492687  0.491991  0.501863  0.494663  0.380294  0.390590  0.525496  0.355682 
15  0.336703  0.503507  0.397826  0.668664  0.500744  0.502832  0.214424  0.574267  0.613851  0.399969  0.764589  0.432857  0.620215  0.535574  0.398401 0.0  0.496604  0.399496  0.422510  0.432836  0.604140  0.567509  0.247956  0.344122  0.523304  0.470586  0.298412  0.232375  0.580681  0.290402  0.625966  0.755092  0.412890  0.430138  0.597714  0.447828  0.578475  0.605874  0.337242  0.737143  0.336017  0.553132  0.415106  0.339556  0.428078  0.671013  0.780458  0.551879  0.408356  0.592988  0.477227  0.274800  0.531229  0.537514  0.345435  0.476784  0.420860  0.781930  0.548026  0.501114  0.577565  0.503663  0.521848  0.789992  0.434812  0.507786  0.533921  0.466944  0.344313  0.273429  0.373970  0.718536  0.408286 
16  0.404644  0.546399  0.530220  0.521016  0.547203  0.640777  0.487181  0.469665  0.470648  0.480677  0.585305  0.667526  0.588443  0.566970  0.490652  0.496604 0.0  0.678860  0.501171  0.531423  0.701108  0.488035  0.548074  0.505769  0.598232  0.553623  0.601496  0.398299  0.519678  0.503186  0.603922  0.560657  0.479593  0.488503  0.496903  0.647142  0.600105  0.601495  0.527885  0.612874  0.632966  0.593396  0.641963  0.616027  0.376671  0.589116  0.652198  0.460774  0.651646  0.542025  0.566093  0.486902  0.639164  0.545311  0.529460  0.615859  0.586923  0.689260  0.574957  0.510560  0.571200  0.524430  0.755089  0.670758  0.581499  0.591391  0.459165  0.511542  0.431641  0.557078  0.537176  0.593011  0.505797 
17  0.567680  0.552288  0.459908  0.598903  0.459118  0.398640  0.543619  0.615444  0.677516  0.603037  0.777322  0.495432  0.478842  0.604740  0.439013  0.399496  0.678860 0.0  0.423948  0.419786  0.357097  0.631434  0.556261  0.553449  0.322339  0.300736  0.420094  0.563365  0.713639  0.545568  0.605698  0.860840  0.475819  0.479685  0.616634  0.492535  0.575450  0.677863  0.542318  0.701718  0.476476  0.601466  0.483506  0.481124  0.423379  0.613647  0.888916  0.627047  0.443133  0.657155  0.494229  0.494019  0.397910  0.722366  0.484436  0.461454  0.411557  0.903242  0.567545  0.447804  0.604728  0.371324  0.626045  0.736970  0.435495  0.441513  0.591762  0.468932  0.454100  0.617579  0.408210  0.668628  0.465612 
18  0.369579  0.508982  0.395675  0.624585  0.419898  0.500415  0.383232  0.551814  0.675489  0.547356  0.779565  0.413893  0.573188  0.535755  0.310378  0.422510  0.501171  0.423948 0.0  0.515513  0.568481  0.600055  0.515358  0.489829  0.378521  0.503778  0.510953  0.426109  0.615680  0.374039  0.563151  0.841887  0.497017  0.327765  0.543754  0.320659  0.631522  0.541465  0.337629  0.817746  0.350463  0.609186  0.420257  0.348570  0.540410  0.568205  0.905169  0.614687  0.484269  0.576334  0.494063  0.371575  0.518552  0.684259  0.381128  0.561506  0.266427  0.773246  0.564603  0.399249  0.459392  0.394992  0.494151  0.753932  0.356112  0.464405  0.511794  0.628072  0.559151  0.354114  0.498395  0.656654  0.415848 
19  0.360912  0.514026  0.545653  0.644578  0.370875  0.466006  0.414039  0.611771  0.650748  0.464920  0.815826  0.607655  0.443029  0.622967  0.424892  0.432836  0.531423  0.419786  0.515513 0.0  0.562946  0.588405  0.440835  0.501517  0.418183  0.490805  0.329651  0.308206  0.588517  0.451253  0.552742  0.901296  0.442035  0.465575  0.635393  0.518148  0.467204  0.671740  0.354561  0.746182  0.357923  0.489740  0.468807  0.564022  0.410168  0.641061  0.796469  0.692740  0.468990  0.530356  0.360601  0.443146  0.422874  0.561670  0.481886  0.435359  0.487560  0.820233  0.612730  0.405702  0.587216  0.394230  0.622211  0.820130  0.471343  0.435024  0.541021  0.572585  0.346171  0.471457  0.438777  0.647673  0.499944 
20  0.599215  0.576395  0.748488  0.792680  0.545061  0.473993  0.610204  0.654237  0.738429  0.658403  0.643908  0.552865  0.451128  0.817613  0.628840  0.604140  0.701108  0.357097  0.568481  0.562946 0.0  0.709814  0.615880  0.444464  0.366156  0.406883  0.604999  0.439385  0.728435  0.513817  0.780043  0.628121  0.584028  0.467174  0.748746  0.619016  0.600664  0.691126  0.641617  0.687332  0.566392  0.743556  0.788043  0.728847  0.481031  0.840524  0.719347  0.661040  0.533080  0.696648  0.660656  0.667159  0.536096  0.633669  0.617964  0.552045  0.607479  0.805194  0.630091  0.465237  0.595067  0.438490  0.367844  0.790850  0.490950  0.563766  0.640056  0.744513  0.434112  0.583623  0.636901  0.803029  0.478276 
21  0.740464  0.529282  0.742289  0.617133  0.642400  0.611239  0.588669  0.659846  0.600696  0.701439  0.754500  0.698271  0.786997  0.733683  0.674831  0.567509  0.488035  0.631434  0.600055  0.588405  0.709814 0.0  0.539402  0.724503  0.678794  0.760881  0.630304  0.571451  0.496504  0.633190  0.631466  0.786580  0.647692  0.672939  0.736634  0.754441  0.792992  0.633067  0.696644  0.705060  0.756469  0.650154  0.600926  0.634731  0.708442  0.477414  0.711904  0.606872  0.709888  0.472166  0.612975  0.625219  0.586588  0.641062  0.702727  0.825790  0.730259  0.837759  0.662258  0.655175  0.651082  0.694206  0.736593  0.617561  0.650314  0.707520  0.680550  0.724503  0.640088  0.625044  0.643121  0.755668  0.638453 
22  0.378766  0.493670  0.530157  0.666342  0.433291  0.411463  0.306927  0.497895  0.625717  0.469162  0.800293  0.413396  0.473053  0.577531  0.500520  0.247956  0.548074  0.556261  0.515358  0.440835  0.615880  0.539402 0.0  0.424269  0.358580  0.522692  0.410744  0.421357  0.558582  0.296838  0.629458  0.717139  0.291329  0.229238  0.511768  0.494607  0.606887  0.642952  0.412792  0.808747  0.434664  0.558412  0.478519  0.421472  0.565440  0.635849  0.835155  0.649955  0.399954  0.615522  0.451422  0.398831  0.542820  0.628670  0.486904  0.427166  0.410587  0.799458  0.613255  0.434645  0.568273  0.502634  0.465772  0.766269  0.503390  0.498617  0.566398  0.713910  0.488672  0.347413  0.434481  0.596908  0.426761 
23  0.534568  0.618681  0.462712  0.718915  0.337284  0.399950  0.455280  0.510670  0.589770  0.517753  0.918666  0.534469  0.522598  0.589175  0.445962  0.344122  0.505769  0.553449  0.489829  0.501517  0.444464  0.724503  0.424269 0.0  0.337191  0.471719  0.371120  0.431785  0.565979  0.496469  0.600847  0.827086  0.368070  0.406489  0.555855  0.562653  0.471276  0.651353  0.476609  0.702721  0.497514  0.559864  0.517102  0.471186  0.466194  0.628711  0.762268  0.682545  0.459579  0.571103  0.318949  0.518920  0.338247  0.657704  0.591048  0.395400  0.454720  0.971609  0.500802  0.481139  0.540675  0.407652  0.582385  0.779339  0.409752  0.443442  0.421605  0.706680  0.244138  0.464733  0.520394  0.688885  0.367994 
24  0.424737  0.520224  0.555324  0.787363  0.446569  0.278700  0.483383  0.550060  0.736165  0.473225  0.831892  0.559710  0.516239  0.570922  0.430778  0.523304  0.598232  0.322339  0.378521  0.418183  0.366156  0.678794  0.358580  0.337191 0.0  0.318411  0.458456  0.347517  0.678992  0.428865  0.625354  0.800900  0.420761  0.447861  0.480685  0.596514  0.579024  0.771249  0.413051  0.788500  0.583823  0.643825  0.569552  0.530795  0.373652  0.547233  0.837647  0.776625  0.416922  0.625544  0.457505  0.460071  0.482239  0.617898  0.479612  0.315013  0.482156  0.772969  0.473832  0.377305  0.559748  0.331354  0.632685  0.770229  0.351881  0.371648  0.527105  0.527443  0.403099  0.551780  0.425873  0.623193  0.243146 
25  0.543665  0.523380  0.606962  0.655135  0.453877  0.401042  0.510778  0.611195  0.609460  0.450068  0.877155  0.461486  0.544679  0.567511  0.495412  0.470586  0.553623  0.300736  0.503778  0.490805  0.406883  0.760881  0.522692  0.471719  0.318411 0.0  0.477083  0.504236  0.651670  0.568606  0.557023  0.833936  0.517896  0.605474  0.485349  0.535169  0.653579  0.796949  0.592219  0.916000  0.563330  0.564400  0.528220  0.500832  0.395542  0.740747  0.877763  0.795686  0.480086  0.768420  0.556957  0.551610  0.522166  0.685389  0.580759  0.156057  0.407702  0.815587  0.630376  0.590883  0.592098  0.244808  0.690848  0.926378  0.441513  0.560741  0.549660  0.473046  0.452650  0.535326  0.520139  0.577739  0.533771 
26  0.506177  0.533718  0.463050  0.721280  0.444301  0.445722  0.162623  0.523502  0.529761  0.415112  0.870277  0.445108  0.510322  0.684950  0.448605  0.298412  0.601496  0.420094  0.510953  0.329651  0.604999  0.630304  0.410744  0.371120  0.458456  0.477083 0.0  0.311480  0.724337  0.334967  0.589909  0.791997  0.182615  0.324425  0.578478  0.511924  0.520188  0.684359  0.343510  0.772681  0.318917  0.569004  0.520004  0.383348  0.438536  0.574091  0.743524  0.716197  0.421704  0.584790  0.455431  0.396363  0.549503  0.623056  0.388519  0.424146  0.403350  0.724925  0.545053  0.509515  0.545675  0.367835  0.559746  0.772711  0.527330  0.560598  0.649739  0.552098  0.397712  0.286736  0.424482  0.667335  0.384674 
27  0.380588  0.419869  0.423639  0.745970  0.465794  0.455209  0.319907  0.580433  0.578133  0.338901  0.765846  0.547295  0.546102  0.527448  0.305271  0.232375  0.398299  0.563365  0.426109  0.308206  0.439385  0.571451  0.421357  0.431785  0.347517  0.504236  0.311480 0.0  0.603396  0.363885  0.576311  0.691644  0.346206  0.323085  0.654966  0.491404  0.457392  0.770583  0.382040  0.663973  0.295932  0.479120  0.466978  0.396561  0.480467  0.584852  0.725758  0.641338  0.357523  0.583817  0.413364  0.381279  0.466106  0.532380  0.333049  0.544762  0.519462  0.717043  0.772234  0.518012  0.499895  0.420013  0.448891  0.747118  0.436094  0.453224  0.451406  0.464018  0.350007  0.387106  0.335705  0.647188  0.395803 
28  0.649245  0.658683  0.727762  0.456315  0.698628  0.669463  0.606807  0.635543  0.642946  0.614531  0.685559  0.720956  0.755919  0.626635  0.762243  0.580681  0.519678  0.713639  0.615680  0.588517  0.728435  0.496504  0.558582  0.565979  0.678992  0.651670  0.724337  0.603396 0.0  0.588783  0.667886  0.634282  0.700383  0.649445  0.717428  0.690221  0.764288  0.562685  0.553503  0.736031  0.588145  0.694033  0.706988  0.690670  0.693652  0.501214  0.663602  0.414127  0.686889  0.452158  0.693673  0.595735  0.651784  0.586525  0.718547  0.727503  0.634166  0.675189  0.580841  0.595044  0.727816  0.587694  0.766704  0.722308  0.614675  0.721081  0.637848  0.759556  0.571203  0.640291  0.580438  0.802918  0.545457 
29  0.244492  0.492178  0.394443  0.793890  0.483469  0.548719  0.354775  0.565011  0.716374  0.475285  0.833241  0.338067  0.517535  0.573612  0.312271  0.290402  0.503186  0.545568  0.374039  0.451253  0.513817  0.633190  0.296838  0.496469  0.428865  0.568606  0.334967  0.363885  0.588783 0.0  0.638351  0.824916  0.390020  0.495424  0.489098  0.502319  0.496954  0.553522  0.380934  0.789701  0.358863  0.525958  0.379082  0.296705  0.402525  0.515507  0.824022  0.612559  0.548056  0.494768  0.536399  0.366527  0.607374  0.578620  0.415807  0.551566  0.483888  0.768343  0.551147  0.445326  0.574216  0.450043  0.568929  0.685853  0.499776  0.614792  0.566216  0.537263  0.550475  0.442812  0.331048  0.634576  0.503720 
30  0.564685  0.379986  0.612410  0.704967  0.662479  0.678322  0.681233  0.532837  0.712927  0.451570  0.793224  0.691793  0.772232  0.648874  0.612164  0.625966  0.603922  0.605698  0.563151  0.552742  0.780043  0.631466  0.629458  0.600847  0.625354  0.557023  0.589909  0.576311  0.667886  0.638351 0.0  0.819332  0.565739  0.634133  0.559163  0.699377  0.723260  0.750563  0.533208  0.831084  0.598789  0.216355  0.474217  0.655643  0.653656  0.678355  0.868930  0.690627  0.764438  0.646564  0.620712  0.603249  0.577156  0.797115  0.600476  0.564150  0.558789  0.821902  0.375697  0.538586  0.584607  0.652344  0.726240  0.895392  0.653224  0.701555  0.349655  0.546959  0.612525  0.523554  0.446602  0.576379  0.715306 
31  0.793925  0.681274  0.820248  0.704503  0.699034  0.862195  0.750478  0.874439  0.706460  0.869669  0.364691  0.813099  0.733929  0.843965  0.776081  0.755092  0.560657  0.860840  0.841887  0.901296  0.628121  0.786580  0.717139  0.827086  0.800900  0.833936  0.791997  0.691644  0.634282  0.824916  0.819332 0.0  0.791613  0.755299  0.849679  0.900929  0.851804  0.529722  0.822495  0.606939  0.816556  0.806031  0.831458  0.883450  0.834688  0.633530  0.540612  0.696860  0.861340  0.626949  0.774824  0.688969  0.820927  0.680152  0.876371  0.936973  0.807957  0.708269  0.763657  0.719339  0.707947  0.941280  0.589287  0.485381  0.752159  0.725916  0.680701  0.842788  0.966852  0.781147  0.752731  0.860493  0.739270 
32  0.372844  0.507575  0.526866  0.731417  0.378227  0.466176  0.216841  0.617823  0.666048  0.503754  0.800901  0.526490  0.450675  0.603228  0.481670  0.412890  0.479593  0.475819  0.497017  0.442035  0.584028  0.647692  0.291329  0.368070  0.420761  0.517896  0.182615  0.346206  0.700383  0.390020  0.565739  0.791613 0.0  0.284355  0.579655  0.463679  0.511858  0.581807  0.450583  0.866020  0.505906  0.551325  0.509917  0.402984  0.489475  0.540244  0.701419  0.589588  0.575131  0.667673  0.478597  0.432175  0.501868  0.651598  0.354203  0.628783  0.437226  0.717139  0.571089  0.383625  0.555519  0.410972  0.404951  0.859547  0.471584  0.322793  0.440409  0.573743  0.531021  0.281427  0.438254  0.619342  0.520503 
33  0.278552  0.471647  0.501405  0.641429  0.486212  0.555093  0.373743  0.433041  0.673339  0.430726  0.736179  0.503310  0.598114  0.539792  0.369945  0.430138  0.488503  0.479685  0.327765  0.465575  0.467174  0.672939  0.229238  0.406489  0.447861  0.605474  0.324425  0.323085  0.649445  0.495424  0.634133  0.755299  0.284355 0.0  0.494676  0.542572  0.617736  0.651955  0.400411  0.858082  0.356936  0.558318  0.495338  0.454480  0.403000  0.665794  0.825786  0.590754  0.423617  0.607111  0.553022  0.425058  0.534679  0.632949  0.447912  0.508475  0.338349  0.911545  0.552987  0.419969  0.584723  0.494924  0.466538  0.732709  0.519567  0.496097  0.555456  0.514053  0.434741  0.296801  0.388108  0.635555  0.364242 
34  0.634674  0.579114  0.456121  0.728187  0.541732  0.563555  0.497369  0.447062  0.601017  0.546217  0.850033  0.421471  0.738536  0.365373  0.561989  0.597714  0.496903  0.616634  0.543754  0.635393  0.748746  0.736634  0.511768  0.555855  0.480685  0.485349  0.578478  0.654966  0.717428  0.489098  0.559163  0.849679  0.579655  0.494676 0.0  0.497826  0.576153  0.693083  0.501377  0.765782  0.562029  0.532389  0.462352  0.541247  0.572729  0.596680  0.754008  0.595969  0.750295  0.576917  0.745235  0.579884  0.588047  0.766216  0.597061  0.639320  0.421527  0.890287  0.528088  0.522805  0.344203  0.494406  0.654817  0.815531  0.495238  0.561759  0.547422  0.227344  0.561928  0.583338  0.541611  0.551888  0.601663 
35  0.456976  0.526129  0.409202  0.719649  0.535911  0.608358  0.498549  0.491413  0.756747  0.374250  0.943217  0.345661  0.667507  0.519649  0.334325  0.447828  0.647142  0.492535  0.320659  0.518148  0.619016  0.754441  0.494607  0.562653  0.596514  0.535169  0.511924  0.491404  0.690221  0.502319  0.699377  0.900929  0.463679  0.542572  0.497826 0.0  0.537017  0.734199  0.378411  0.734797  0.474832  0.603229  0.327755  0.452050  0.489746  0.573518  0.870400  0.748969  0.623866  0.713502  0.469650  0.551784  0.552249  0.688087  0.389347  0.520930  0.308843  0.867387  0.559807  0.548413  0.546220  0.527668  0.711938  0.878182  0.552511  0.546045  0.566632  0.540806  0.599884  0.517954  0.379025  0.599747  0.511065 
36  0.531637  0.612343  0.727094  0.896631  0.645924  0.385313  0.631048  0.718491  0.774075  0.517614  0.717535  0.583497  0.297802  0.669438  0.607410  0.578475  0.600105  0.575450  0.631522  0.467204  0.600664  0.792992  0.606887  0.471276  0.579024  0.653579  0.520188  0.457392  0.764288  0.496954  0.723260  0.851804  0.511858  0.617736  0.576153  0.537017 0.0  0.577535  0.497043  0.623207  0.586340  0.658045  0.778998  0.512570  0.540054  0.778274  0.700183  0.723199  0.575780  0.737759  0.586204  0.528999  0.580224  0.587604  0.648079  0.503183  0.739380  0.634735  0.742924  0.508124  0.834600  0.494699  0.514047  0.751268  0.520223  0.676522  0.560699  0.749886  0.565113  0.464917  0.630688  0.831791  0.472386 
37  0.660981  0.661520  0.766535  0.638446  0.666126  0.767391  0.591371  0.649540  0.679421  0.686603  0.685096  0.659974  0.674374  0.702268  0.726068  0.605874  0.601495  0.677863  0.541465  0.671740  0.691126  0.633067  0.642952  0.651353  0.771249  0.796949  0.684359  0.770583  0.562685  0.553522  0.750563  0.529722  0.581807  0.651955  0.693083  0.734199  0.577535 0.0  0.612602  0.671602  0.633202  0.598290  0.766391  0.678895  0.611686  0.654225  0.556472  0.635597  0.827985  0.690914  0.763662  0.681950  0.672176  0.633845  0.644872  0.665126  0.637232  0.624118  0.741981  0.661424  0.649853  0.586885  0.669727  0.592837  0.526227  0.736150  0.598853  0.706446  0.737250  0.642019  0.791842  0.712951  0.667169 
38  0.420991  0.517495  0.591490  0.691103  0.524359  0.491151  0.347278  0.591369  0.654393  0.417601  0.833602  0.457329  0.581715  0.559677  0.345315  0.337242  0.527885  0.542318  0.337629  0.354561  0.641617  0.696644  0.412792  0.476609  0.413051  0.592219  0.343510  0.382040  0.553503  0.380934  0.533208  0.822495  0.450583  0.400411  0.501377  0.378411  0.497043  0.612602 0.0  0.772888  0.407571  0.555355  0.450822  0.487148  0.556278  0.636219  0.822527  0.618345  0.562053  0.485837  0.439034  0.419748  0.351730  0.672533  0.388519  0.538217  0.331176  0.776443  0.523334  0.492634  0.569511  0.439785  0.425289  0.723738  0.428338  0.426630  0.423483  0.617370  0.532765  0.353876  0.478061  0.772895  0.438061 
39  0.840985  0.720401  0.757707  0.794849  0.868982  0.720225  0.825972  0.769937  0.748352  0.666970  0.579182  0.774738  0.649359  0.803272  0.728839  0.737143  0.612874  0.701718  0.817746  0.746182  0.687332  0.705060  0.808747  0.702721  0.788500  0.916000  0.772681  0.663973  0.736031  0.789701  0.831084  0.606939  0.866020  0.858082  0.765782  0.734797  0.623207  0.671602  0.772888 0.0  0.772740  0.714542  0.809323  0.794936  0.786442  0.772214  0.411027  0.828375  0.868843  0.729438  0.800378  0.827155  0.757285  0.558580  0.967025  0.732317  0.864693  0.269315  0.801428  0.749437  0.690354  0.721972  0.822758  0.560202  0.805983  0.795155  0.765582  0.766019  0.806230  0.863135  0.805021  0.810654  0.828725 
40  0.252356  0.507126  0.523239  0.750305  0.492701  0.409212  0.395045  0.547897  0.636890  0.490218  0.794168  0.424067  0.584300  0.583609  0.429255  0.336017  0.632966  0.476476  0.350463  0.357923  0.566392  0.756469  0.434664  0.497514  0.583823  0.563330  0.318917  0.295932  0.588145  0.358863  0.598789  0.816556  0.505906  0.356936  0.562029  0.474832  0.586340  0.633202  0.407571  0.772740 0.0  0.608995  0.487178  0.409986  0.551777  0.526911  0.697912  0.581994  0.417947  0.614848  0.476434  0.369248  0.411108  0.583535  0.472574  0.483176  0.359874  0.828426  0.535081  0.488791  0.618660  0.442271  0.574301  0.700139  0.458383  0.420683  0.456288  0.524906  0.537229  0.328650  0.438938  0.652036  0.500534 
41  0.580565  0.304484  0.591962  0.639396  0.675970  0.526053  0.497616  0.543538  0.714312  0.497254  0.750962  0.636134  0.746953  0.527892  0.507997  0.553132  0.593396  0.601466  0.609186  0.489740  0.743556  0.650154  0.558412  0.559864  0.643825  0.564400  0.569004  0.479120  0.694033  0.525958  0.216355  0.806031  0.551325  0.558318  0.532389  0.603229  0.658045  0.598290  0.555355  0.714542  0.608995 0.0  0.584398  0.560628  0.615715  0.680550  0.762119  0.579710  0.590906  0.612389  0.678202  0.483521  0.591238  0.725387  0.657355  0.465360  0.615944  0.911081  0.404909  0.515052  0.364072  0.668550  0.685926  0.820652  0.534662  0.656576  0.424364  0.586447  0.604516  0.614036  0.561550  0.393142  0.730428 
42  0.562438  0.555305  0.341488  0.704619  0.588823  0.584902  0.569368  0.522734  0.584315  0.355926  0.780296  0.328502  0.609959  0.592732  0.390130  0.415106  0.641963  0.483506  0.420257  0.468807  0.788043  0.600926  0.478519  0.517102  0.569552  0.528220  0.520004  0.466978  0.706988  0.379082  0.474217  0.831458  0.509917  0.495338  0.462352  0.327755  0.778998  0.766391  0.450822  0.809323  0.487178  0.584398 0.0  0.421893  0.572052  0.710354  0.767136  0.734759  0.411329  0.701825  0.676453  0.506069  0.507550  0.720226  0.349208  0.546777  0.414322  0.783438  0.530203  0.512021  0.432348  0.506913  0.679022  0.864410  0.549503  0.592011  0.522728  0.466859  0.494785  0.496805  0.372850  0.534650  0.542911 
43  0.324256  0.551861  0.386769  0.790597  0.447486  0.388448  0.532714  0.475897  0.711274  0.553937  0.782647  0.353878  0.664352  0.580691  0.510803  0.339556  0.616027  0.481124  0.348570  0.564022  0.728847  0.634731  0.421472  0.471186  0.530795  0.500832  0.383348  0.396561  0.690670  0.296705  0.655643  0.883450  0.402984  0.454480  0.541247  0.452050  0.512570  0.678895  0.487148  0.794936  0.409986  0.560628  0.421893 0.0  0.551846  0.851681  0.886666  0.644026  0.590558  0.573705  0.532645  0.238528  0.498460  0.695339  0.431439  0.434282  0.470853  0.913200  0.634173  0.509503  0.604003  0.456479  0.533078  0.801878  0.505732  0.541038  0.515302  0.496609  0.503619  0.239114  0.425240  0.593742  0.460826 
44  0.433023  0.575619  0.483500  0.785357  0.375137  0.501423  0.406846  0.487856  0.646871  0.457246  0.851436  0.429409  0.555984  0.500272  0.515745  0.428078  0.376671  0.423379  0.540410  0.410168  0.481031  0.708442  0.565440  0.466194  0.373652  0.395542  0.438536  0.480467  0.693652  0.402525  0.653656  0.834688  0.489475  0.403000  0.572729  0.489746  0.540054  0.611686  0.556278  0.786442  0.551777  0.615715  0.572052  0.551846 0.0  0.632033  0.898561  0.654338  0.457342  0.678023  0.380546  0.572800  0.484378  0.740554  0.522412  0.321644  0.548519  0.877648  0.605410  0.268596  0.573347  0.333147  0.531096  0.873366  0.442696  0.546538  0.471528  0.567418  0.501355  0.487112  0.618193  0.608986  0.499767 
45  0.639792  0.677147  0.622417  0.515389  0.527057  0.629037  0.516544  0.639476  0.385346  0.679056  0.678279  0.718953  0.735061  0.680152  0.479964  0.671013  0.589116  0.613647  0.568205  0.641061  0.840524  0.477414  0.635849  0.628711  0.547233  0.740747  0.574091  0.584852  0.501214  0.515507  0.678355  0.633530  0.540244  0.665794  0.596680  0.573518  0.778274  0.654225  0.636219  0.772214  0.526911  0.680550  0.710354  0.851681  0.632033 0.0  0.666874  0.625648  0.565702  0.590035  0.652776  0.572788  0.592586  0.746282  0.672070  0.694076  0.623156  0.692340  0.700008  0.615816  0.656651  0.581816  0.729833  0.653220  0.670493  0.850105  0.659300  0.689183  0.610323  0.613963  0.666154  0.672077  0.511132 
46  0.819776  0.797206  0.873272  0.782319  0.716447  0.924682  0.705063  0.874450  0.627210  0.874842  0.571005  0.870555  0.708092  0.868010  0.656675  0.780458  0.652198  0.888916  0.905169  0.796469  0.719347  0.711904  0.835155  0.762268  0.837647  0.877763  0.743524  0.725758  0.663602  0.824022  0.868930  0.540612  0.701419  0.825786  0.754008  0.870400  0.700183  0.556472  0.822527  0.411027  0.697912  0.762119  0.767136  0.886666  0.898561  0.666874 0.0  0.746192  0.826188  0.635331  0.866859  0.782357  0.874338  0.496598  0.882704  0.932735  0.783135  0.232132  0.789216  0.753805  0.742574  0.868045  0.779896  0.574220  0.865260  0.870190  0.669248  0.830245  0.763167  0.850616  0.879464  0.925232  0.778594 
47  0.695271  0.645531  0.678754  0.448185  0.587554  0.582619  0.728874  0.666401  0.653440  0.691916  0.779933  0.674535  0.729472  0.768744  0.595433  0.551879  0.460774  0.627047  0.614687  0.692740  0.661040  0.606872  0.649955  0.682545  0.776625  0.795686  0.716197  0.641338  0.414127  0.612559  0.690627  0.696860  0.589588  0.590754  0.595969  0.748969  0.723199  0.635597  0.618345  0.828375  0.581994  0.579710  0.734759  0.644026  0.654338  0.625648  0.746192 0.0  0.574453  0.412007  0.797169  0.551692  0.550846  0.605548  0.732471  0.581878  0.624125  0.568696  0.704176  0.631976  0.680048  0.592990  0.740368  0.695252  0.657738  0.761165  0.644076  0.761490  0.626579  0.672863  0.655097  0.744294  0.620458 
48  0.593241  0.579888  0.579686  0.750768  0.368590  0.507068  0.487649  0.664617  0.746827  0.550542  0.801725  0.546326  0.604974  0.591021  0.450727  0.408356  0.651646  0.443133  0.484269  0.468990  0.533080  0.709888  0.399954  0.459579  0.416922  0.480086  0.421704  0.357523  0.686889  0.548056  0.764438  0.861340  0.575131  0.423617  0.750295  0.623866  0.575780  0.827985  0.562053  0.868843  0.417947  0.590906  0.411329  0.590558  0.457342  0.565702  0.826188  0.574453 0.0  0.604212  0.401591  0.651516  0.468460  0.680628  0.602543  0.517664  0.583222  0.857705  0.571822  0.435803  0.519952  0.386770  0.551681  0.870106  0.304805  0.433365  0.646930  0.626691  0.462106  0.436648  0.477594  0.680916  0.436549 
49  0.677517  0.582036  0.680507  0.474575  0.661685  0.509786  0.591894  0.674131  0.508700  0.786637  0.748155  0.769456  0.879240  0.703908  0.454656  0.592988  0.542025  0.657155  0.576334  0.530356  0.696648  0.472166  0.615522  0.571103  0.625544  0.768420  0.584790  0.583817  0.452158  0.494768  0.646564  0.626949  0.667673  0.607111  0.576917  0.713502  0.737759  0.690914  0.485837  0.729438  0.614848  0.612389  0.701825  0.573705  0.678023  0.590035  0.635331  0.412007  0.604212 0.0  0.608417  0.586388  0.627713  0.624057  0.629539  0.631433  0.661029  0.736862  0.659986  0.586686  0.685527  0.531410  0.841369  0.680986  0.576235  0.590919  0.643297  0.747050  0.594914  0.633669  0.634259  0.602954  0.581596 
50  0.452095  0.546122  0.643213  0.709622  0.501209  0.480171  0.485378  0.585426  0.749734  0.654142  0.859390  0.633247  0.588899  0.655835  0.578164  0.477227  0.566093  0.494229  0.494063  0.360601  0.660656  0.612975  0.451422  0.318949  0.457505  0.556957  0.455431  0.413364  0.693673  0.536399  0.620712  0.774824  0.478597  0.553022  0.745235  0.469650  0.586204  0.763662  0.439034  0.800378  0.476434  0.678202  0.676453  0.532645  0.380546  0.652776  0.866859  0.797169  0.401591  0.608417 0.0  0.578308  0.528725  0.784577  0.582179  0.474365  0.458223  0.752094  0.618505  0.441841  0.615994  0.332241  0.602767  0.796270  0.475553  0.408680  0.540964  0.667758  0.560944  0.439210  0.470186  0.614140  0.496011 
51  0.357624  0.454567  0.465646  0.670981  0.561313  0.409195  0.439751  0.616006  0.661843  0.524742  0.849807  0.569673  0.519706  0.565444  0.306415  0.274800  0.486902  0.494019  0.371575  0.443146  0.667159  0.625219  0.398831  0.518920  0.460071  0.551610  0.396363  0.381279  0.595735  0.366527  0.603249  0.688969  0.432175  0.425058  0.579884  0.551784  0.528999  0.681950  0.419748  0.827155  0.369248  0.483521  0.506069  0.238528  0.572800  0.572788  0.782357  0.551692  0.651516  0.586388  0.578308 0.0  0.548574  0.678139  0.506729  0.525431  0.515662  0.729952  0.557596  0.513204  0.436324  0.379674  0.541362  0.753851  0.495489  0.401602  0.470589  0.573314  0.503173  0.352658  0.315895  0.574659  0.525679 
52  0.409033  0.433620  0.607337  0.734214  0.467792  0.457419  0.397897  0.481727  0.590728  0.541198  0.743439  0.461399  0.627707  0.622414  0.494440  0.531229  0.639164  0.397910  0.518552  0.422874  0.536096  0.586588  0.542820  0.338247  0.482239  0.522166  0.549503  0.466106  0.651784  0.607374  0.577156  0.820927  0.501868  0.534679  0.588047  0.552249  0.580224  0.672176  0.351730  0.757285  0.411108  0.591238  0.507550  0.498460  0.484378  0.592586  0.874338  0.550846  0.468460  0.627713  0.528725  0.548574 0.0  0.704439  0.564687  0.509975  0.402444  0.730782  0.501632  0.402444  0.502223  0.410898  0.580335  0.712246  0.394802  0.507008  0.578257  0.540496  0.370004  0.457878  0.556002  0.619917  0.270957 
53  0.702367  0.698543  0.655151  0.722937  0.719966  0.807866  0.586620  0.710313  0.675060  0.656653  0.590047  0.686777  0.466839  0.783477  0.607365  0.537514  0.545311  0.722366  0.684259  0.561670  0.633669  0.641062  0.628670  0.657704  0.617898  0.685389  0.623056  0.532380  0.586525  0.578620  0.797115  0.680152  0.651598  0.632949  0.766216  0.688087  0.587604  0.633845  0.672533  0.558580  0.583535  0.725387  0.720226  0.695339  0.740554  0.746282  0.496598  0.605548  0.680628  0.624057  0.784577  0.678139  0.704439 0.0  0.730243  0.733685  0.652869  0.503116  0.692650  0.745924  0.724440  0.488161  0.491230  0.508879  0.835867  0.652807  0.665907  0.650424  0.606724  0.593387  0.674192  0.794954  0.713014 
