73
0 0.0  0.801434  0.473439  0.388004  0.634399  0.563098  0.849733  0.689796  0.612369  0.512816  0.463590  0.358560  0.593893  0.398919  0.518390  0.478603  0.587543  0.523071  0.555682  0.354146  0.665457  0.280887  0.471917  0.350212  0.605833  0.564510  0.408216  0.837607  0.472752  0.664776  0.525248  0.496383  0.596122  0.773918  0.476956  0.708847  0.581536  0.342399  0.532775  0.431161  0.304877  0.610941  0.457521  0.530395  0.481930  0.492539  0.340205  0.634989  0.634007  0.406231  0.392969  0.523145  0.469340  0.710232  0.494398  0.573975  0.444969  0.377484  0.758949  0.368608  0.410747  0.594518  0.389729  0.859535  0.581621  0.707683  0.455920  0.559945  0.818143  0.746366  0.527334  0.509400  0.625246 
1  0.801434 0.0  0.780476  0.555501  0.617709  0.740897  0.725040  0.683726  0.643645  0.695397  0.707273  0.707707  0.844007  0.705642  0.602467  0.702446  0.577148  0.790682  0.723177  0.684859  0.509558  0.795336  0.723019  0.641123  0.757756  0.658916  0.840204  0.793949  0.649583  0.570004  0.859274  0.794559  0.724539  0.646223  0.770766  0.682124  0.595240  0.772492  0.656602  0.865552  0.777994  0.637831  0.745660  0.661901  0.722226  0.775082  0.888009  0.680545  0.668476  0.748571  0.680131  0.685674  0.734448  0.791174  0.720172  0.876905  0.579864  0.728266  0.700362  0.714893  0.738304  0.700588  0.641437  0.796136  0.651959  0.590994  0.746966  0.618856  0.885348  0.845237  0.662144  0.684705  0.799840 
2  0.473439  0.780476 0.0  0.373067  0.534553  0.515313  0.829671  0.531555  0.717917  0.581383  0.396204  0.421021  0.507001  0.536137  0.572850  0.320916  0.504441  0.621861  0.359000  0.528184  0.685654  0.409655  0.552027  0.511551  0.521125  0.600649  0.377247  0.798664  0.493534  0.663012  0.435219  0.370147  0.437797  0.635550  0.365839  0.600338  0.538687  0.511305  0.487140  0.498602  0.421717  0.582499  0.454955  0.670355  0.643616  0.454627  0.420820  0.503852  0.704175  0.407579  0.397654  0.361646  0.295354  0.596196  0.470907  0.654044  0.578708  0.397670  0.800763  0.340091  0.530725  0.428600  0.444408  0.714138  0.426919  0.671920  0.246192  0.572562  0.833689  0.824365  0.611236  0.560361  0.735923 
3  0.388004  0.555501  0.373067 0.0  0.403446  0.432824  0.783386  0.653358  0.580166  0.447203  0.369587  0.440040  0.448023  0.402544  0.497067  0.353289  0.557119  0.750587  0.388265  0.421662  0.554650  0.493401  0.481491  0.457757  0.449840  0.490209  0.300599  0.684530  0.433105  0.655890  0.622479  0.404565  0.438161  0.701754  0.440465  0.647073  0.598751  0.417677  0.452538  0.524902  0.534493  0.656543  0.383457  0.372616  0.479182  0.423805  0.365933  0.617014  0.654246  0.386303  0.392077  0.440053  0.441103  0.579651  0.441475  0.505970  0.487267  0.402474  0.738225  0.438988  0.532545  0.502100  0.458755  0.686592  0.520643  0.583675  0.222123  0.483097  0.809244  0.866478  0.549651  0.533424  0.639171 
4  0.634399  0.617709  0.534553  0.403446 0.0  0.410626  0.849579  0.853620  0.439451  0.633611  0.538311  0.512096  0.564078  0.574970  0.506632  0.520971  0.769437  0.691192  0.369521  0.463374  0.809639  0.573539  0.578228  0.562800  0.270883  0.473782  0.617511  0.969023  0.523739  0.574195  0.701628  0.463125  0.281546  0.641903  0.634234  0.569832  0.550060  0.565398  0.405274  0.680323  0.438978  0.800699  0.560139  0.554306  0.665754  0.269514  0.529732  0.561127  0.726247  0.683108  0.647354  0.441816  0.490722  0.781381  0.627138  0.710196  0.496693  0.552916  0.654106  0.482941  0.479955  0.406863  0.425002  0.977221  0.272192  0.699533  0.566459  0.519249  0.876356  0.929329  0.524664  0.561644  0.695797 
5  0.563098  0.740897  0.515313  0.432824  0.410626 0.0  0.764794  0.636660  0.497686  0.512713  0.668235  0.587064  0.650877  0.599589  0.610790  0.591343  0.627196  0.612706  0.629873  0.459967  0.785240  0.685340  0.536812  0.533068  0.563329  0.579813  0.576943  0.735264  0.457655  0.674487  0.719305  0.548017  0.499476  0.711556  0.495410  0.513355  0.611342  0.669921  0.501868  0.620097  0.579358  0.750225  0.575534  0.642876  0.716601  0.475454  0.536928  0.579335  0.701494  0.659029  0.668753  0.533239  0.584265  0.830872  0.680301  0.684114  0.612560  0.518458  0.669731  0.588472  0.510669  0.586571  0.598159  0.817340  0.542221  0.721998  0.612804  0.329129  0.956445  0.696784  0.483137  0.586770  0.797669 
6  0.849733  0.725040  0.829671  0.783386  0.849579  0.764794 0.0  0.633316  0.699028  0.852184  0.653015  0.780939  0.702431  0.739498  0.743062  0.766632  0.636904  0.765342  0.794886  0.672433  0.827216  0.763366  0.764072  0.631525  0.739633  0.740178  0.854753  0.692229  0.742217  0.709000  0.734948  0.817850  0.648395  0.660384  0.795413  0.856510  0.702113  0.779366  0.666207  0.872280  0.768295  0.649765  0.798316  0.918998  0.681904  0.655916  0.816751  0.740505  0.563599  0.891713  0.744145  0.741282  0.803296  0.795958  0.705487  0.659836  0.734516  0.848817  0.671917  0.825841  0.813035  0.735980  0.843395  0.712679  0.635078  0.834429  0.725704  0.754855  0.586521  0.659594  0.718977  0.840602  0.644662 
7  0.689796  0.683726  0.531555  0.653358  0.853620  0.636660  0.633316 0.0  0.778611  0.695163  0.567014  0.594534  0.429642  0.656163  0.786190  0.692311  0.619353  0.516010  0.698793  0.557806  0.725812  0.685914  0.672546  0.749073  0.750182  0.740425  0.764911  0.513542  0.566037  0.742250  0.615963  0.662335  0.678698  0.691854  0.602544  0.728894  0.769245  0.675919  0.624807  0.500980  0.627754  0.636466  0.709356  0.739592  0.723684  0.767509  0.598375  0.554635  0.779944  0.656177  0.700797  0.676384  0.669694  0.468781  0.627041  0.507728  0.688050  0.583944  0.669700  0.645847  0.565743  0.839287  0.694145  0.471905  0.707660  0.682622  0.695894  0.672013  0.670187  0.670738  0.675041  0.699953  0.509318 
8  0.612369  0.643645  0.717917  0.580166  0.439451  0.497686  0.699028  0.778611 0.0  0.788623  0.484239  0.552344  0.730885  0.633337  0.686963  0.661425  0.574044  0.764154  0.767323  0.597132  0.837592  0.722059  0.526219  0.671175  0.520377  0.436099  0.718099  0.827736  0.690869  0.610852  0.772492  0.563781  0.557750  0.630419  0.689015  0.370287  0.556888  0.616893  0.636336  0.715457  0.510062  0.727768  0.602274  0.617659  0.765812  0.653297  0.660062  0.415333  0.794299  0.637965  0.717131  0.687397  0.736311  0.740430  0.642741  0.698403  0.632992  0.656675  0.809002  0.599266  0.740885  0.588025  0.589658  0.810561  0.530098  0.719372  0.621435  0.516473  0.960955  0.726203  0.447800  0.577258  0.674592 
9  0.512816  0.695397  0.581383  0.447203  0.633611  0.512713  0.852184  0.695163  0.788623 0.0  0.564736  0.417752  0.419115  0.651871  0.511365  0.523501  0.547882  0.462172  0.565823  0.616854  0.687705  0.551908  0.578453  0.566814  0.491407  0.628302  0.507359  0.697153  0.300611  0.725900  0.399933  0.474278  0.623997  0.882129  0.504215  0.727756  0.734806  0.378904  0.384819  0.532946  0.537772  0.755877  0.404348  0.548533  0.494790  0.671784  0.357415  0.668000  0.855910  0.379706  0.452284  0.497778  0.524667  0.564569  0.398098  0.434116  0.400051  0.514629  0.749003  0.460551  0.582413  0.573929  0.479095  0.760535  0.566829  0.698969  0.570004  0.696275  0.647244  0.789515  0.482799  0.361233  0.751957 
10  0.463590  0.707273  0.396204  0.369587  0.538311  0.668235  0.653015  0.567014  0.484239  0.564736 0.0  0.427330  0.500504  0.518580  0.501514  0.479606  0.491791  0.583423  0.360057  0.428164  0.674616  0.451722  0.515923  0.379646  0.441429  0.478195  0.402187  0.867006  0.445319  0.630815  0.544685  0.402387  0.562159  0.746781  0.506965  0.547375  0.706746  0.569483  0.483820  0.309103  0.364863  0.702328  0.464994  0.577661  0.578668  0.501405  0.399992  0.419858  0.657046  0.519745  0.402101  0.536944  0.394887  0.518098  0.441752  0.422493  0.410895  0.529679  0.651078  0.475149  0.505443  0.610414  0.386277  0.732165  0.495608  0.668733  0.324755  0.563515  0.913432  0.751395  0.447210  0.416889  0.651816 
11  0.358560  0.707707  0.421021  0.440040  0.512096  0.587064  0.780939  0.594534  0.552344  0.417752  0.427330 0.0  0.547538  0.515135  0.499215  0.448305  0.607847  0.472359  0.370591  0.464082  0.717897  0.264645  0.433336  0.411319  0.546685  0.625589  0.538525  0.811145  0.549823  0.622993  0.518925  0.490713  0.622414  0.854533  0.508449  0.730347  0.639066  0.561252  0.392368  0.401717  0.485265  0.604352  0.485469  0.393081  0.429152  0.627046  0.362655  0.571100  0.683497  0.441135  0.334746  0.461204  0.415720  0.587846  0.339684  0.495600  0.355910  0.540430  0.671498  0.439767  0.422112  0.524797  0.485191  0.746429  0.582066  0.592179  0.403094  0.543430  0.819376  0.863554  0.496304  0.418596  0.854313 
12  0.593893  0.844007  0.507001  0.448023  0.564078  0.650877  0.702431  0.429642  0.730885  0.419115  0.500504  0.547538 0.0  0.542502  0.629790  0.549218  0.584391  0.523529  0.424749  0.615794  0.849655  0.521932  0.629518  0.542189  0.549608  0.690212  0.530218  0.667613  0.625205  0.692499  0.545737  0.550808  0.559136  0.887161  0.512883  0.701610  0.742141  0.712825  0.443545  0.441157  0.415993  0.728283  0.489711  0.642439  0.598746  0.582260  0.598988  0.610782  0.771584  0.626680  0.657222  0.446528  0.628271  0.502145  0.603222  0.326265  0.570142  0.524390  0.859584  0.484959  0.541911  0.560535  0.402864  0.589469  0.507134  0.682825  0.614243  0.667008  0.799074  0.888708  0.659948  0.738929  0.710236 
13  0.398919  0.705642  0.536137  0.402544  0.574970  0.599589  0.739498  0.656163  0.633337  0.651871  0.518580  0.515135  0.542502 0.0  0.403361  0.542222  0.545362  0.650147  0.434982  0.524764  0.678634  0.563353  0.372085  0.536150  0.511853  0.604436  0.449829  0.814538  0.402340  0.740647  0.609091  0.459566  0.620810  0.785319  0.565082  0.648954  0.620339  0.339782  0.426909  0.442906  0.472925  0.853791  0.416832  0.538100  0.463168  0.461215  0.456780  0.539403  0.795077  0.498881  0.538084  0.564306  0.555482  0.743456  0.457411  0.636180  0.609849  0.558810  0.683510  0.413173  0.438943  0.526466  0.512883  0.914961  0.602423  0.744269  0.599933  0.555716  0.876595  0.919922  0.532380  0.495114  0.658940 
14  0.518390  0.602467  0.572850  0.497067  0.506632  0.610790  0.743062  0.786190  0.686963  0.511365  0.501514  0.499215  0.629790  0.403361 0.0  0.638316  0.566823  0.610873  0.568156  0.548906  0.719474  0.529729  0.245554  0.565787  0.457343  0.644055  0.345082  0.818117  0.363281  0.703007  0.413157  0.624576  0.426702  0.786304  0.507920  0.679184  0.628948  0.293432  0.466001  0.452558  0.482044  0.691084  0.532419  0.503634  0.534253  0.569666  0.482349  0.606995  0.657960  0.403160  0.566248  0.461361  0.443145  0.670621  0.440620  0.705452  0.485882  0.535338  0.611606  0.378731  0.428016  0.514636  0.513592  0.863586  0.613174  0.675256  0.481949  0.530862  0.965589  0.844990  0.528668  0.427376  0.764455 
15  0.478603  0.702446  0.320916  0.353289  0.520971  0.591343  0.766632  0.692311  0.661425  0.523501  0.479606  0.448305  0.549218  0.542222  0.638316 0.0  0.376908  0.582249  0.281012  0.448425  0.650617  0.558994  0.420100  0.466521  0.584693  0.670165  0.464676  0.751060  0.509116  0.672982  0.466856  0.291237  0.402141  0.777889  0.427251  0.631241  0.612646  0.522679  0.471401  0.427366  0.282432  0.604901  0.400495  0.478498  0.501714  0.452728  0.437437  0.585349  0.656233  0.461836  0.596001  0.610303  0.301336  0.677613  0.451070  0.629249  0.557245  0.340931  0.746831  0.368978  0.528969  0.557933  0.359675  0.885156  0.499327  0.669920  0.276297  0.493790  0.698384  0.761866  0.554247  0.532925  0.673468 
16  0.587543  0.577148  0.504441  0.557119  0.769437  0.627196  0.636904  0.619353  0.574044  0.547882  0.491791  0.607847  0.584391  0.545362  0.566823  0.376908 0.0  0.670148  0.472765  0.514262  0.641479  0.524621  0.633286  0.492534  0.681369  0.594275  0.574162  0.701462  0.559773  0.542084  0.590707  0.617725  0.524462  0.558527  0.574322  0.638498  0.502730  0.577212  0.499614  0.604395  0.489230  0.535992  0.493888  0.618317  0.505603  0.669787  0.559838  0.489761  0.544874  0.530732  0.569338  0.534081  0.655398  0.704809  0.572334  0.623608  0.514750  0.547460  0.586669  0.542813  0.634666  0.535404  0.514912  0.543132  0.621378  0.494051  0.475059  0.655946  0.562132  0.620129  0.697079  0.615592  0.593146 
17  0.523071  0.790682  0.621861  0.750587  0.691192  0.612706  0.765342  0.516010  0.764154  0.462172  0.583423  0.472359  0.523529  0.650147  0.610873  0.582249  0.670148 0.0  0.642408  0.601765  0.939089  0.618456  0.673430  0.548386  0.668554  0.711661  0.683451  0.600111  0.523429  0.769605  0.438524  0.725690  0.542122  0.911244  0.526227  0.665915  0.751279  0.687597  0.524755  0.600877  0.508483  0.707138  0.559696  0.656605  0.521768  0.656563  0.504662  0.734850  0.737284  0.597975  0.613031  0.669192  0.730188  0.601443  0.672660  0.579245  0.693307  0.610158  0.713230  0.466441  0.543231  0.681752  0.612795  0.918560  0.619246  0.772417  0.463474  0.717532  0.763987  0.609975  0.685363  0.661145  0.725303 
18  0.555682  0.723177  0.359000  0.388265  0.369521  0.629873  0.794886  0.698793  0.767323  0.565823  0.360057  0.370591  0.424749  0.434982  0.568156  0.281012  0.472765  0.642408 0.0  0.420518  0.699265  0.520712  0.549920  0.506856  0.536908  0.578164  0.506067  0.855127  0.522777  0.566474  0.552520  0.439844  0.560103  0.748927  0.306213  0.681136  0.717663  0.454437  0.406314  0.579440  0.377474  0.622134  0.476870  0.454971  0.529540  0.531108  0.411172  0.672030  0.680264  0.442050  0.640525  0.402711  0.312822  0.646148  0.375824  0.430928  0.513064  0.359267  0.712367  0.480400  0.470878  0.573509  0.346857  0.756318  0.398878  0.757524  0.385110  0.623819  0.837676  0.787319  0.541466  0.596536  0.616555 
19  0.354146  0.684859  0.528184  0.421662  0.463374  0.459967  0.672433  0.557806  0.597132  0.616854  0.428164  0.464082  0.615794  0.524764  0.548906  0.448425  0.514262  0.601765  0.420518 0.0  0.604952  0.417323  0.495179  0.387745  0.485821  0.427068  0.466969  0.636947  0.491443  0.540991  0.499087  0.458057  0.552982  0.696453  0.561963  0.327940  0.514726  0.563307  0.510413  0.484913  0.536455  0.709382  0.446907  0.540881  0.497164  0.616597  0.609879  0.543749  0.562973  0.350019  0.554079  0.521567  0.508797  0.632213  0.502991  0.617921  0.542223  0.443438  0.608514  0.410050  0.532518  0.463280  0.475561  0.691572  0.566418  0.570257  0.429016  0.453964  0.677338  0.844204  0.194072  0.641244  0.604136 
20  0.665457  0.509558  0.685654  0.554650  0.809639  0.785240  0.827216  0.725812  0.837592  0.687705  0.674616  0.717897  0.849655  0.678634  0.719474  0.650617  0.641479  0.939089  0.699265  0.604952 0.0  0.723644  0.707907  0.720482  0.727243  0.712375  0.648596  0.866314  0.541555  0.795637  0.798647  0.743417  0.775784  0.727397  0.625164  0.755261  0.686384  0.780164  0.686055  0.688599  0.626031  0.622791  0.671481  0.692520  0.701253  0.810852  0.748195  0.746947  0.675635  0.685093  0.681346  0.761432  0.643130  0.750752  0.571408  0.766335  0.687005  0.618249  0.715059  0.707771  0.680130  0.759682  0.677554  0.906307  0.883253  0.664009  0.588342  0.843310  0.947460  0.779788  0.620380  0.785270  0.632254 
21  0.280887  0.795336  0.409655  0.493401  0.573539  0.685340  0.763366  0.685914  0.722059  0.551908  0.451722  0.264645  0.521932  0.563353  0.529729  0.558994  0.524621  0.618456  0.520712  0.417323  0.723644 0.0  0.521531  0.433871  0.558840  0.622672  0.451804  1.000000  0.428714  0.777986  0.581440  0.419325  0.564007  0.735099  0.391719  0.680105  0.717766  0.750289  0.394933  0.459626  0.375789  0.605458  0.472640  0.389741  0.422824  0.636266  0.354534  0.528101  0.782315  0.471561  0.354909  0.486039  0.412616  0.556826  0.493272  0.437232  0.423693  0.484304  0.780765  0.395212  0.384594  0.672097  0.467387  0.868927  0.494596  0.677581  0.529444  0.494665  0.846339  0.896761  0.595924  0.577197  0.635542 
22  0.471917  0.723019  0.552027  0.481491  0.578228  0.536812  0.764072  0.672546  0.526219  0.578453  0.515923  0.433336  0.629518  0.372085  0.245554  0.420100  0.633286  0.673430  0.549920  0.495179  0.707907  0.521531 0.0  0.564039  0.555432  0.681524  0.585890  0.895383  0.423350  0.642655  0.552735  0.518034  0.391374  0.860134  0.398343  0.641478  0.628507  0.230641  0.549502  0.383030  0.496983  0.736620  0.393297  0.519046  0.501154  0.411334  0.462725  0.566173  0.681887  0.455555  0.456651  0.505039  0.439633  0.741568  0.371561  0.432461  0.393453  0.582398  0.759214  0.473175  0.481434  0.503691  0.668488  0.842996  0.517992  0.631868  0.538413  0.584439  0.942392  0.894653  0.559704  0.367761  0.777365 
23  0.350212  0.641123  0.511551  0.457757  0.562800  0.533068  0.631525  0.749073  0.671175  0.566814  0.379646  0.411319  0.542189  0.536150  0.565787  0.466521  0.492534  0.548386  0.506856  0.387745  0.720482  0.433871  0.564039 0.0  0.511934  0.502388  0.296683  0.826903  0.381169  0.689316  0.605014  0.422232  0.454633  0.743322  0.347967  0.759016  0.474914  0.448633  0.335140  0.496899  0.451052  0.613938  0.426474  0.435783  0.501876  0.541395  0.441329  0.668353  0.707210  0.425483  0.565381  0.459356  0.360437  0.625175  0.458014  0.515595  0.413040  0.383638  0.733194  0.487118  0.355804  0.546123  0.458760  0.584745  0.560326  0.560899  0.525619  0.671764  0.767490  0.809835  0.559809  0.496835  0.512370 
24  0.605833  0.757756  0.521125  0.449840  0.270883  0.563329  0.739633  0.750182  0.520377  0.491407  0.441429  0.546685  0.549608  0.511853  0.457343  0.584693  0.681369  0.668554  0.536908  0.485821  0.727243  0.558840  0.555432  0.511934 0.0  0.593417  0.386259  0.916658  0.577139  0.681195  0.704214  0.430795  0.309409  0.709698  0.486214  0.672255  0.723771  0.562272  0.566465  0.591102  0.345139  0.832619  0.544710  0.599455  0.642392  0.430774  0.556753  0.584357  0.750371  0.392299  0.674107  0.445383  0.535378  0.692995  0.449084  0.617608  0.528394  0.443155  0.753063  0.585615  0.512247  0.347894  0.421866  0.905320  0.257050  0.729898  0.566051  0.494737  0.852791  0.911286  0.543367  0.470648  0.605412 
25  0.564510  0.658916  0.600649  0.490209  0.473782  0.579813  0.740178  0.740425  0.436099  0.628302  0.478195  0.625589  0.690212  0.604436  0.644055  0.670165  0.594275  0.711661  0.578164  0.427068  0.712375  0.622672  0.681524  0.502388  0.593417 0.0  0.545093  0.717386  0.409414  0.459175  0.750917  0.612474  0.452884  0.794469  0.477784  0.486448  0.396907  0.611994  0.513555  0.554585  0.542068  0.768440  0.537355  0.611113  0.529309  0.516547  0.502553  0.579843  0.619929  0.605749  0.662518  0.697569  0.558103  0.786438  0.537037  0.671901  0.665411  0.641294  0.592098  0.584206  0.562401  0.550963  0.577270  0.787166  0.617836  0.616161  0.568469  0.489479  0.897831  0.723042  0.453116  0.494528  0.735873 
26  0.408216  0.840204  0.377247  0.300599  0.617511  0.576943  0.854753  0.764911  0.718099  0.507359  0.402187  0.538525  0.530218  0.449829  0.345082  0.464676  0.574162  0.683451  0.506067  0.466969  0.648596  0.451804  0.585890  0.296683  0.386259  0.545093 0.0  0.914840  0.539290  0.706587  0.574621  0.499138  0.467975  0.709442  0.430157  0.690130  0.635400  0.560416  0.473678  0.534319  0.421694  0.692604  0.446788  0.446454  0.525294  0.492579  0.476102  0.596930  0.633088  0.471277  0.552900  0.248303  0.394629  0.579868  0.445414  0.583673  0.538408  0.362297  0.742065  0.520688  0.390419  0.594142  0.558971  0.880631  0.492461  0.717249  0.326373  0.379476  0.731349  0.887950  0.531227  0.413629  0.666122 
27  0.837607  0.793949  0.798664  0.684530  0.969023  0.735264  0.692229  0.513542  0.827736  0.697153  0.867006  0.811145  0.667613  0.814538  0.818117  0.751060  0.701462  0.600111  0.855127  0.636947  0.866314  1.000000  0.895383  0.826903  0.916658  0.717386  0.914840 0.0  0.834887  0.764191  0.696644  0.937612  0.889567  0.733492  0.761596  0.880853  0.815414  0.947470  0.801894  0.740415  0.787220  0.759909  0.869208  0.719366  0.798461  0.831747  0.756893  0.708249  0.834161  0.835816  0.812033  0.780713  0.791429  0.489652  0.828287  0.598681  0.950179  0.652232  0.757112  0.838454  0.878143  0.939144  0.882371  0.519657  0.913421  0.679759  0.829329  0.968335  0.760796  0.531818  0.795892  0.863700  0.757708 
28  0.472752  0.649583  0.493534  0.433105  0.523739  0.457655  0.742217  0.566037  0.690869  0.300611  0.445319  0.549823  0.625205  0.402340  0.363281  0.509116  0.559773  0.523429  0.522777  0.491443  0.541555  0.428714  0.423350  0.381169  0.577139  0.409414  0.539290  0.834887 0.0  0.672688  0.320507  0.432737  0.541423  0.688315  0.487660  0.700603  0.550831  0.415123  0.341534  0.352281  0.403825  0.594951  0.307926  0.445993  0.285766  0.531427  0.551192  0.548269  0.677280  0.439742  0.560585  0.516655  0.552654  0.651156  0.354297  0.551130  0.380939  0.631489  0.766989  0.319308  0.386641  0.506754  0.534882  0.795116  0.552922  0.604759  0.443709  0.446003  0.763759  0.782467  0.587128  0.386254  0.522507 
29  0.664776  0.570004  0.663012  0.655890  0.574195  0.674487  0.709000  0.742250  0.610852  0.725900  0.630815  0.622993  0.692499  0.740647  0.703007  0.672982  0.542084  0.769605  0.566474  0.540991  0.795637  0.777986  0.642655  0.689316  0.681195  0.459175  0.706587  0.764191  0.672688 0.0  0.764380  0.708700  0.697060  0.783277  0.651104  0.689747  0.673180  0.612988  0.752803  0.651501  0.627383  0.655079  0.578946  0.710150  0.783447  0.786970  0.634394  0.663799  0.623382  0.788942  0.756172  0.649467  0.644163  0.752039  0.750571  0.788888  0.669895  0.513770  0.717821  0.772715  0.639403  0.598688  0.658204  0.738414  0.629561  0.661227  0.716690  0.648184  0.932741  0.814760  0.505106  0.649527  0.631835 
30  0.525248  0.859274  0.435219  0.622479  0.701628  0.719305  0.734948  0.615963  0.772492  0.399933  0.544685  0.518925  0.545737  0.609091  0.413157  0.466856  0.590707  0.438524  0.552520  0.499087  0.798647  0.581440  0.552735  0.605014  0.704214  0.750917  0.574621  0.696644  0.320507  0.764380 0.0  0.556387  0.641988  0.879358  0.504430  0.716190  0.788343  0.273242  0.541190  0.561621  0.633618  0.621321  0.469015  0.547535  0.530171  0.671386  0.614473  0.702576  0.834066  0.515438  0.547214  0.621004  0.657717  0.742219  0.516340  0.381778  0.520419  0.631026  0.913197  0.582325  0.569955  0.609903  0.637937  0.862195  0.674686  0.701507  0.475597  0.696899  0.638275  0.686761  0.539547  0.531461  0.752232 
31  0.496383  0.794559  0.370147  0.404565  0.463125  0.548017  0.817850  0.662335  0.563781  0.474278  0.402387  0.490713  0.550808  0.459566  0.624576  0.291237  0.617725  0.725690  0.439844  0.458057  0.743417  0.419325  0.518034  0.422232  0.430795  0.612474  0.499138  0.937612  0.432737  0.708700  0.556387 0.0  0.510132  0.811059  0.457054  0.691526  0.674275  0.429930  0.476910  0.422128  0.440799  0.631209  0.457307  0.412925  0.523714  0.382444  0.475531  0.573463  0.567688  0.423786  0.400727  0.503881  0.262119  0.716386  0.495707  0.583932  0.577970  0.442889  0.769189  0.443457  0.413033  0.564265  0.266136  0.825555  0.535168  0.723732  0.398253  0.485514  0.806063  0.788888  0.408094  0.595695  0.676361 
32  0.596122  0.724539  0.437797  0.438161  0.281546  0.499476  0.648395  0.678698  0.557750  0.623997  0.562159  0.622414  0.559136  0.620810  0.426702  0.402141  0.524462  0.542122  0.560103  0.552982  0.775784  0.564007  0.391374  0.454633  0.309409  0.452884  0.467975  0.889567  0.541423  0.697060  0.641988  0.510132 0.0  0.713825  0.606465  0.543574  0.607625  0.509980  0.462966  0.682684  0.493227  0.762175  0.622169  0.783176  0.454765  0.292868  0.474719  0.674700  0.690548  0.536173  0.585833  0.463510  0.546993  0.736388  0.474205  0.664019  0.517543  0.506783  0.738961  0.588703  0.495797  0.452822  0.356874  0.882010  0.346007  0.775933  0.528272  0.553075  0.924078  0.839694  0.393144  0.501279  0.738980 
33  0.773918  0.646223  0.635550  0.701754  0.641903  0.711556  0.660384  0.691854  0.630419  0.882129  0.746781  0.854533  0.887161  0.785319  0.786304  0.777889  0.558527  0.911244  0.748927  0.696453  0.727397  0.735099  0.860134  0.743322  0.709698  0.794469  0.709442  0.733492  0.688315  0.783277  0.879358  0.811059  0.713825 0.0  0.768644  0.543371  0.678323  0.761312  0.772625  0.730183  0.881204  0.421878  0.810641  0.842397  0.758114  0.795164  0.652362  0.682767  0.648607  0.700075  0.707446  0.706575  0.683984  0.760482  0.895910  0.911473  0.929670  0.807894  0.290373  0.777167  0.787934  0.586420  0.715478  0.842861  0.708878  0.513134  0.708144  0.762097  0.984255  0.899085  0.654513  0.773469  0.564113 
34  0.476956  0.770766  0.365839  0.440465  0.634234  0.495410  0.795413  0.602544  0.689015  0.504215  0.506965  0.508449  0.512883  0.565082  0.507920  0.427251  0.574322  0.526227  0.306213  0.561963  0.625164  0.391719  0.398343  0.347967  0.486214  0.477784  0.430157  0.761596  0.487660  0.651104  0.504430  0.457054  0.606465  0.768644 0.0  0.632211  0.685067  0.483732  0.435730  0.590569  0.466140  0.660667  0.324923  0.427589  0.455920  0.461945  0.460328  0.625859  0.748608  0.442075  0.514665  0.542823  0.423830  0.617154  0.382264  0.561309  0.492383  0.494047  0.646392  0.353188  0.535319  0.539137  0.363376  0.728418  0.537226  0.667477  0.327604  0.637502  0.812745  0.843265  0.524465  0.490664  0.617387 
35  0.708847  0.682124  0.600338  0.647073  0.569832  0.513355  0.856510  0.728894  0.370287  0.727756  0.547375  0.730347  0.701610  0.648954  0.679184  0.631241  0.638498  0.665915  0.681136  0.327940  0.755261  0.680105  0.641478  0.759016  0.672255  0.486448  0.690130  0.880853  0.700603  0.689747  0.716190  0.691526  0.543574  0.543371  0.632211 0.0  0.583963  0.670303  0.692688  0.746803  0.791832  0.699603  0.642465  0.675260  0.669731  0.587995  0.603423  0.410024  0.696270  0.785566  0.724195  0.629455  0.672740  0.774451  0.638328  0.862694  0.685034  0.758288  0.740421  0.621157  0.747222  0.637749  0.625307  0.907229  0.603394  0.719941  0.587144  0.623057  0.858576  0.882243  0.487864  0.595007  0.773500 
36  0.581536  0.595240  0.538687  0.598751  0.550060  0.611342  0.702113  0.769245  0.556888  0.734806  0.706746  0.639066  0.742141  0.620339  0.628948  0.612646  0.502730  0.751279  0.717663  0.514726  0.686384  0.717766  0.628507  0.474914  0.723771  0.396907  0.635400  0.815414  0.550831  0.673180  0.788343  0.674275  0.607625  0.678323  0.685067  0.583963 0.0  0.640338  0.543101  0.599018  0.650322  0.728314  0.658635  0.620661  0.644947  0.501911  0.671139  0.522103  0.680250  0.619732  0.585447  0.697732  0.643410  0.822523  0.649740  0.723687  0.744766  0.490650  0.676268  0.626249  0.677688  0.463966  0.565533  0.795975  0.536475  0.665756  0.627798  0.515882  0.864011  0.851348  0.429238  0.729342  0.724920 
37  0.342399  0.772492  0.511305  0.417677  0.565398  0.669921  0.779366  0.675919  0.616893  0.378904  0.569483  0.561252  0.712825  0.339782  0.293432  0.522679  0.577212  0.687597  0.454437  0.563307  0.780164  0.750289  0.230641  0.448633  0.562272  0.611994  0.560416  0.947470  0.415123  0.612988  0.273242  0.429930  0.509980  0.761312  0.483732  0.670303  0.640338 0.0  0.433871  0.370178  0.633746  0.731689  0.453285  0.600246  0.529697  0.485717  0.377653  0.723155  0.753549  0.537478  0.437951  0.550141  0.579351  0.765952  0.374608  0.592749  0.427455  0.503837  0.729963  0.365223  0.480650  0.613698  0.554990  0.929085  0.491512  0.713240  0.454117  0.585565  0.882268  0.859187  0.572332  0.445334  0.700828 
38  0.532775  0.656602  0.487140  0.452538  0.405274  0.501868  0.666207  0.624807  0.636336  0.384819  0.483820  0.392368  0.443545  0.426909  0.466001  0.471401  0.499614  0.524755  0.406314  0.510413  0.686055  0.394933  0.549502  0.335140  0.566465  0.513555  0.473678  0.801894  0.341534  0.752803  0.541190  0.476910  0.462966  0.772625  0.435730  0.692688  0.543101  0.433871 0.0  0.307642  0.439843  0.679698  0.440241  0.453544  0.270825  0.515166  0.449111  0.677276  0.703347  0.395926  0.359006  0.516900  0.556502  0.753371  0.343229  0.602762  0.479574  0.570020  0.745852  0.413240  0.406093  0.593625  0.528977  0.856092  0.607479  0.672553  0.441501  0.505831  0.852444  0.735621  0.577918  0.521296  0.746347 
39  0.431161  0.865552  0.498602  0.524902  0.680323  0.620097  0.872280  0.500980  0.715457  0.532946  0.309103  0.401717  0.441157  0.442906  0.452558  0.427366  0.604395  0.600877  0.579440  0.484913  0.688599  0.459626  0.383030  0.496899  0.591102  0.554585  0.534319  0.740415  0.352281  0.651501  0.561621  0.422128  0.682684  0.730183  0.590569  0.746803  0.599018  0.370178  0.307642 0.0  0.485721  0.594349  0.339493  0.390944  0.430575  0.594620  0.476496  0.619837  0.731898  0.352715  0.336796  0.477102  0.398542  0.689912  0.301843  0.474392  0.418141  0.508566  0.814214  0.300382  0.385180  0.716621  0.470331  0.842246  0.615050  0.707576  0.556239  0.563050  0.806602  0.797915  0.486300  0.592796  0.767245 
40  0.304877  0.777994  0.421717  0.534493  0.438978  0.579358  0.768295  0.627754  0.510062  0.537772  0.364863  0.485265  0.415993  0.472925  0.482044  0.282432  0.489230  0.508483  0.377474  0.536455  0.626031  0.375789  0.496983  0.451052  0.345139  0.542068  0.421694  0.787220  0.403825  0.627383  0.633618  0.440799  0.493227  0.881204  0.466140  0.791832  0.650322  0.633746  0.439843  0.485721 0.0  0.692324  0.461668  0.536142  0.552118  0.357043  0.449309  0.561690  0.662692  0.316672  0.510318  0.447435  0.405659  0.627440  0.468501  0.612216  0.591453  0.497764  0.777769  0.519232  0.536060  0.363032  0.362295  0.800036  0.422417  0.715153  0.414146  0.502941  0.801532  0.780402  0.501647  0.449810  0.658124 
41  0.610941  0.637831  0.582499  0.656543  0.800699  0.750225  0.649765  0.636466  0.727768  0.755877  0.702328  0.604352  0.728283  0.853791  0.691084  0.604901  0.535992  0.707138  0.622134  0.709382  0.622791  0.605458  0.736620  0.613938  0.832619  0.768440  0.692604  0.759909  0.594951  0.655079  0.621321  0.631209  0.762175  0.421878  0.660667  0.699603  0.728314  0.731689  0.679698  0.594349  0.692324 0.0  0.672182  0.724223  0.614534  0.635806  0.502546  0.656876  0.530504  0.705986  0.645543  0.704924  0.666070  0.680879  0.720976  0.744146  0.578181  0.632430  0.555758  0.634262  0.741394  0.711998  0.669531  0.745757  0.674261  0.615019  0.619854  0.688459  0.809272  0.715010  0.647978  0.815306  0.312466 
42  0.457521  0.745660  0.454955  0.383457  0.560139  0.575534  0.798316  0.709356  0.602274  0.404348  0.464994  0.485469  0.489711  0.416832  0.532419  0.400495  0.493888  0.559696  0.476870  0.446907  0.671481  0.472640  0.393297  0.426474  0.544710  0.537355  0.446788  0.869208  0.307926  0.578946  0.469015  0.457307  0.622169  0.810641  0.324923  0.642465  0.658635  0.453285  0.440241  0.339493  0.461668  0.672182 0.0  0.471333  0.560603  0.628497  0.375702  0.517728  0.731144  0.448408  0.437435  0.587961  0.520151  0.688044  0.467452  0.507198  0.384454  0.516833  0.684054  0.311054  0.386956  0.608219  0.529813  0.817200  0.659779  0.694930  0.469811  0.603952  0.751961  0.674868  0.454939  0.498059  0.673581 
43  0.530395  0.661901  0.670355  0.372616  0.554306  0.642876  0.918998  0.739592  0.617659  0.548533  0.577661  0.393081  0.642439  0.538100  0.503634  0.478498  0.618317  0.656605  0.454971  0.540881  0.692520  0.389741  0.519046  0.435783  0.599455  0.611113  0.446454  0.719366  0.445993  0.710150  0.547535  0.412925  0.783176  0.842397  0.427589  0.675260  0.620661  0.600246  0.453544  0.390944  0.536142  0.724223  0.471333 0.0  0.409029  0.591984  0.496945  0.503402  0.656105  0.369126  0.358650  0.628080  0.503043  0.700010  0.342988  0.663009  0.363119  0.437270  0.764109  0.389805  0.353837  0.581879  0.441287  0.821884  0.556483  0.704535  0.445431  0.562199  0.886458  0.725983  0.594173  0.456787  0.685922 
44  0.481930  0.722226  0.643616  0.479182  0.665754  0.716601  0.681904  0.723684  0.765812  0.494790  0.578668  0.429152  0.598746  0.463168  0.534253  0.501714  0.505603  0.521768  0.529540  0.497164  0.701253  0.422824  0.501154  0.501876  0.642392  0.529309  0.525294  0.798461  0.285766  0.783447  0.530171  0.523714  0.454765  0.758114  0.455920  0.669731  0.644947  0.529697  0.270825  0.430575  0.552118  0.614534  0.560603  0.409029 0.0  0.590852  0.450630  0.676973  0.830487  0.531134  0.459130  0.588385  0.461013  0.716427  0.379171  0.591318  0.245800  0.448801  0.769019  0.408602  0.425558  0.636944  0.491268  0.870845  0.554141  0.707814  0.497466  0.604642  0.764539  0.851234  0.582930  0.583984  0.644981 
45  0.492539  0.775082  0.454627  0.423805  0.269514  0.475454  0.655916  0.767509  0.653297  0.671784  0.501405  0.627046  0.582260  0.461215  0.569666  0.452728  0.669787  0.656563  0.531108  0.616597  0.810852  0.636266  0.411334  0.541395  0.430774  0.516547  0.492579  0.831747  0.531427  0.786970  0.671386  0.382444  0.292868  0.795164  0.461945  0.587995  0.501911  0.485717  0.515166  0.594620  0.357043  0.635806  0.628497  0.591984  0.590852 0.0  0.604458  0.616957  0.799626  0.469145  0.712432  0.301226  0.505180  0.752656  0.552173  0.655485  0.590955  0.445034  0.789769  0.602316  0.527727  0.285845  0.399578  0.900839  0.404924  0.766075  0.582817  0.378398  0.861726  0.905011  0.597724  0.672585  0.637341 
46  0.340205  0.888009  0.420820  0.365933  0.529732  0.536928  0.816751  0.598375  0.660062  0.357415  0.399992  0.362655  0.598988  0.456780  0.482349  0.437437  0.559838  0.504662  0.411172  0.609879  0.748195  0.354534  0.462725  0.441329  0.556753  0.502553  0.476102  0.756893  0.551192  0.634394  0.614473  0.475531  0.474719  0.652362  0.460328  0.603423  0.671139  0.377653  0.449111  0.476496  0.449309  0.502546  0.375702  0.496945  0.450630  0.604458 0.0  0.561021  0.734942  0.415943  0.517423  0.555216  0.485290  0.566123  0.443437  0.552597  0.513224  0.358919  0.483482  0.429107  0.445557  0.528880  0.389420  0.738586  0.527337  0.592354  0.384263  0.544722  0.740674  0.811255  0.495567  0.577695  0.579410 
47  0.634989  0.680545  0.503852  0.617014  0.561127  0.579335  0.740505  0.554635  0.415333  0.668000  0.419858  0.571100  0.610782  0.539403  0.606995  0.585349  0.489761  0.734850  0.672030  0.543749  0.746947  0.528101  0.566173  0.668353  0.584357  0.579843  0.596930  0.708249  0.548269  0.663799  0.702576  0.573463  0.674700  0.682767  0.625859  0.410024  0.522103  0.723155  0.677276  0.619837  0.561690  0.656876  0.517728  0.503402  0.676973  0.616957  0.561021 0.0  0.678703  0.568587  0.586818  0.640096  0.642990  0.718792  0.667480  0.603917  0.742063  0.509648  0.702069  0.611221  0.649728  0.523598  0.560872  0.781811  0.553326  0.674323  0.577586  0.488757  0.742178  0.823047  0.399452  0.641952  0.754665 
48  0.634007  0.668476  0.704175  0.654246  0.726247  0.701494  0.563599  0.779944  0.794299  0.855910  0.657046  0.683497  0.771584  0.795077  0.657960  0.656233  0.544874  0.737284  0.680264  0.562973  0.675635  0.782315  0.681887  0.707210  0.750371  0.619929  0.633088  0.834161  0.677280  0.623382  0.834066  0.567688  0.690548  0.648607  0.748608  0.696270  0.680250  0.753549  0.703347  0.731898  0.662692  0.530504  0.731144  0.656105  0.830487  0.799626  0.734942  0.678703 0.0  0.720143  0.738041  0.706570  0.697121  0.822833  0.683338  0.785258  0.687186  0.710205  0.692640  0.688420  0.704431  0.887267  0.523850  0.801080  0.887739  0.693546  0.757162  0.753351  0.792294  0.891033  0.673564  0.745759  0.572088 
49  0.406231  0.748571  0.407579  0.386303  0.683108  0.659029  0.891713  0.656177  0.637965  0.379706  0.519745  0.441135  0.626680  0.498881  0.403160  0.461836  0.530732  0.597975  0.442050  0.350019  0.685093  0.471561  0.455555  0.425483  0.392299  0.605749  0.471277  0.835816  0.439742  0.788942  0.515438  0.423786  0.536173  0.700075  0.442075  0.785566  0.619732  0.537478  0.395926  0.352715  0.316672  0.705986  0.448408  0.369126  0.531134  0.469145  0.415943  0.568587  0.720143 0.0  0.424424  0.439147  0.497691  0.680918  0.394886  0.449196  0.544154  0.429184  0.698420  0.265025  0.428315  0.473305  0.482814  0.784035  0.511102  0.608016  0.365042  0.571287  0.877879  0.875292  0.495885  0.435228  0.676669 
50  0.392969  0.680131  0.397654  0.392077  0.647354  0.668753  0.744145  0.700797  0.717131  0.452284  0.402101  0.334746  0.657222  0.538084  0.566248  0.596001  0.569338  0.613031  0.640525  0.554079  0.681346  0.354909  0.456651  0.565381  0.674107  0.662518  0.552900  0.812033  0.560585  0.756172  0.547214  0.400727  0.585833  0.707446  0.514665  0.724195  0.585447  0.437951  0.359006  0.336796  0.510318  0.645543  0.437435  0.358650  0.459130  0.712432  0.517423  0.586818  0.738041  0.424424 0.0  0.578699  0.470270  0.728445  0.429218  0.550960  0.431367  0.624708  0.683705  0.435538  0.468758  0.611243  0.465991  0.963042  0.589610  0.765935  0.526954  0.591979  0.861653  0.965888  0.553550  0.616900  0.606938 
51  0.523145  0.685674  0.361646  0.440053  0.441816  0.533239  0.741282  0.676384  0.687397  0.497778  0.536944  0.461204  0.446528  0.564306  0.461361  0.610303  0.534081  0.669192  0.402711  0.521567  0.761432  0.486039  0.505039  0.459356  0.445383  0.697569  0.248303  0.780713  0.516655  0.649467  0.621004  0.503881  0.463510  0.706575  0.542823  0.629455  0.697732  0.550141  0.516900  0.477102  0.447435  0.704924  0.587961  0.628080  0.588385  0.301226  0.555216  0.640096  0.706570  0.439147  0.578699 0.0  0.550248  0.769294  0.480863  0.607803  0.647422  0.414984  0.673648  0.595397  0.539209  0.479056  0.398362  0.808230  0.477292  0.623032  0.310651  0.421245  0.840761  0.931691  0.422581  0.564853  0.725738 
52  0.469340  0.734448  0.295354  0.441103  0.490722  0.584265  0.803296  0.669694  0.736311  0.524667  0.394887  0.415720  0.628271  0.555482  0.443145  0.301336  0.655398  0.730188  0.312822  0.508797  0.643130  0.412616  0.439633  0.360437  0.535378  0.558103  0.394629  0.791429  0.552654  0.644163  0.657717  0.262119  0.546993  0.683984  0.423830  0.672740  0.643410  0.579351  0.556502  0.398542  0.405659  0.666070  0.520151  0.503043  0.461013  0.505180  0.485290  0.642990  0.697121  0.497691  0.470270  0.550248 0.0  0.657670  0.469801  0.601490  0.501177  0.443705  0.672951  0.455788  0.573040  0.596488  0.375488  0.818839  0.635047  0.642499  0.435633  0.472632  0.775250  0.838474  0.424228  0.500243  0.613951 
53  0.710232  0.791174  0.596196  0.579651  0.781381  0.830872  0.795958  0.468781  0.740430  0.564569  0.518098  0.587846  0.502145  0.743456  0.670621  0.677613  0.704809  0.601443  0.646148  0.632213  0.750752  0.556826  0.741568  0.625175  0.692995  0.786438  0.579868  0.489652  0.651156  0.752039  0.742219  0.716386  0.736388  0.760482  0.617154  0.774451  0.822523  0.765952  0.753371  0.689912  0.627440  0.680879  0.688044  0.700010  0.716427  0.752656  0.566123  0.718792  0.822833  0.680918  0.728445  0.769294  0.657670 0.0  0.656863  0.611648  0.666613  0.688033  0.754967  0.652381  0.746917  0.686115  0.744290  0.666075  0.859759  0.603178  0.612484  0.762964  0.599528  0.616385  0.757622  0.753769  0.686537 
