73
0 0.0  0.646704  0.594577  0.604310  0.567041  0.720315  0.754779  0.511649  0.810027  0.776773  0.499025  0.519082  0.526934  0.488533  0.664370  0.684811  0.366656  0.854929  0.531072  0.397932  0.315203  0.577213  0.510056  0.336399  0.672625  0.419938  0.370398  0.476135  0.587944  0.524989  0.317397  0.331991  0.557231  0.579365  0.436211  0.633754  0.466422  0.418933  0.509544  0.416734  0.526903  0.451128  0.403980  0.470518  0.440117  0.437860  0.498244  0.551561  0.522674  0.451111  0.395140  0.413747  0.350654  0.465453  0.714370  0.438488  0.662755  0.412848  0.624380  0.547491  0.504074  0.784614  0.818427  0.478102  0.752833  0.450822  0.501412  0.339767  0.498971  0.830785  0.367838  0.563669  0.462770 
1  0.646704 0.0  0.888653  0.841204  0.750536  0.393367  0.574536  0.673862  0.780397  0.475693  0.716425  0.673304  0.897543  0.856588  0.704282  0.827022  0.673703  0.697440  0.714290  0.906401  0.767978  0.642205  0.727174  0.863825  0.845152  0.855102  0.788871  0.809298  0.746178  0.885690  0.798795  0.737669  0.764336  0.748003  0.702984  0.782906  0.725995  0.787769  0.855354  0.655831  0.803112  0.798995  0.761132  0.710658  0.745956  0.762997  0.827425  0.741614  1.000000  0.788474  0.717351  0.680154  0.668773  0.703717  0.565483  0.578285  0.780584  0.794784  0.609111  0.885916  0.777997  0.410318  0.665751  0.724004  0.634536  0.871247  0.656573  0.791765  0.751057  0.566638  0.790894  0.804915  0.784061 
2  0.594577  0.888653 0.0  0.684101  0.686868  0.743597  0.770098  0.637984  0.723992  0.840931  0.559319  0.712204  0.511568  0.529159  0.699556  0.608842  0.570405  0.744039  0.635457  0.573603  0.517865  0.710786  0.646060  0.524082  0.466428  0.596969  0.568088  0.677021  0.573730  0.560607  0.592630  0.629011  0.579612  0.455440  0.568400  0.721574  0.663070  0.494308  0.658649  0.572629  0.553479  0.631790  0.520902  0.698094  0.503248  0.596661  0.630709  0.564949  0.535679  0.651718  0.605556  0.566006  0.572283  0.517188  0.598464  0.530358  0.505642  0.603335  0.687630  0.580736  0.500418  0.696714  0.738378  0.545633  0.682722  0.676488  0.604647  0.643197  0.554993  0.819793  0.537872  0.543941  0.613344 
3  0.604310  0.841204  0.684101 0.0  0.874618  0.786465  0.703420  0.684808  0.729162  0.612743  0.668569  0.656892  0.746903  0.743439  0.451562  0.663012  0.639678  0.759405  0.568767  0.599328  0.570614  0.525277  0.607866  0.711400  0.694553  0.712318  0.712393  0.700365  0.596577  0.673758  0.761912  0.666254  0.703036  0.647900  0.604736  0.707005  0.670435  0.644781  0.676269  0.638686  0.576238  0.618308  0.653501  0.607411  0.664745  0.640544  0.759942  0.756352  0.667032  0.591423  0.575542  0.672043  0.558115  0.705425  0.650124  0.602055  0.769676  0.516920  0.665095  0.733635  0.693057  0.716925  0.661362  0.626396  0.562047  0.711251  0.596475  0.611789  0.603368  0.769758  0.651984  0.683627  0.667008 
4  0.567041  0.750536  0.686868  0.874618 0.0  0.774216  0.835912  0.400050  0.625065  0.968870  0.433703  0.582895  0.421656  0.497351  0.719297  0.719039  0.589978  0.901815  0.394242  0.482511  0.609818  0.694979  0.444545  0.525066  0.621586  0.488350  0.470757  0.433560  0.710037  0.548619  0.590471  0.652692  0.445259  0.462373  0.544361  0.759717  0.462745  0.496164  0.443998  0.421032  0.451970  0.467573  0.585425  0.345971  0.512080  0.568063  0.223544  0.402798  0.439544  0.584705  0.450991  0.581234  0.589992  0.462084  0.763427  0.526104  0.584305  0.440817  0.753209  0.442607  0.566123  0.703153  0.783990  0.438920  0.684276  0.464829  0.477607  0.558958  0.436541  0.811011  0.524814  0.444564  0.506608 
5  0.720315  0.393367  0.743597  0.786465  0.774216 0.0  0.596088  0.736454  0.669048  0.382097  0.744630  0.722750  0.732633  0.751737  0.649411  0.757369  0.741056  0.585259  0.861343  0.760911  0.684568  0.672956  0.791459  0.890165  0.859797  0.782535  0.782507  0.726534  0.768020  0.951541  0.835595  0.881563  0.864172  0.652346  0.690679  0.740581  0.824081  0.762565  0.788847  0.842809  0.808070  0.778736  0.852413  0.619421  0.702062  0.746225  0.807728  0.796703  0.811021  0.782325  0.778109  0.816218  0.801970  0.748749  0.678422  0.652247  0.844681  0.772120  0.558771  0.797910  0.730734  0.390219  0.668176  0.837913  0.705387  0.763274  0.733959  0.805177  0.859921  0.530201  0.808620  0.937538  0.778832 
6  0.754779  0.574536  0.770098  0.703420  0.835912  0.596088 0.0  0.811984  0.773976  0.587772  0.744474  0.788159  0.959700  0.802821  0.687854  0.735412  0.628340  0.560620  0.766871  0.705698  0.777636  0.675445  0.792839  0.895457  0.818268  0.689613  0.705628  0.754015  0.776437  0.824258  0.739530  0.803015  0.736641  0.616054  0.869553  0.786729  0.759878  0.766344  0.785953  0.759606  0.723526  0.803100  0.809812  0.708864  0.730921  0.769799  0.791870  0.673223  0.734457  0.862350  0.701277  0.774193  0.622128  0.746395  0.485561  0.698363  0.797063  0.663630  0.425295  0.904336  0.911245  0.488400  0.454443  0.702355  0.781034  0.935167  0.732436  0.702340  0.772941  0.572407  0.751222  0.839827  0.789459 
7  0.511649  0.673862  0.637984  0.684808  0.400050  0.736454  0.811984 0.0  0.735663  0.850118  0.337031  0.480114  0.515377  0.638003  0.619371  0.610497  0.527427  0.716522  0.282590  0.208584  0.457553  0.516290  0.339141  0.482014  0.572454  0.512138  0.356874  0.377094  0.581265  0.326321  0.441892  0.431080  0.381534  0.518571  0.438531  0.630382  0.357752  0.386563  0.393170  0.456548  0.351208  0.335275  0.298721  0.385672  0.326749  0.419036  0.505834  0.340375  0.416406  0.359787  0.404858  0.503287  0.475815  0.351749  0.562258  0.534569  0.627689  0.391607  0.623755  0.382821  0.432221  0.764169  0.697630  0.312879  0.567703  0.439941  0.258241  0.537313  0.382346  0.712607  0.376800  0.524419  0.310277 
8  0.810027  0.780397  0.723992  0.729162  0.625065  0.669048  0.773976  0.735663 0.0  0.924728  0.941940  0.771336  0.691328  0.693865  0.637922  0.669423  0.647455  0.781749  0.752195  0.613001  0.682742  0.430024  0.690152  0.757485  0.629890  0.740143  0.737867  0.623331  0.666902  0.664755  0.746479  0.674651  0.726089  0.613051  0.754407  0.760061  0.737023  0.732702  0.646125  0.650009  0.672985  0.692744  0.716587  0.632728  0.657292  0.746028  0.719708  0.560862  0.736618  0.729660  0.807051  0.694698  0.703780  0.866276  0.737495  0.684464  0.685693  0.651405  0.659084  0.662397  0.662911  0.622781  0.787889  0.640573  0.667898  0.666008  0.642948  0.750915  0.597277  0.716639  0.766325  0.653410  0.732223 
9  0.776773  0.475693  0.840931  0.612743  0.968870  0.382097  0.587772  0.850118  0.924728 0.0  0.712556  0.762474  0.882076  0.946515  0.734131  0.760342  0.850662  0.602964  0.815775  0.787328  0.771737  0.701611  0.676757  0.839175  0.781386  0.761591  0.909532  0.823032  0.750717  0.815947  0.806523  0.742597  0.766114  0.720408  0.786458  0.704450  0.687892  0.813053  0.802656  0.839296  0.690378  0.749652  0.830427  0.709412  0.841234  0.831631  0.943431  0.881815  0.843667  0.843344  0.723678  0.812075  0.813562  0.754461  0.640305  0.695693  0.873979  0.730909  0.562493  0.938029  0.908380  0.625967  0.579143  0.785431  0.803371  0.741486  0.713114  0.743534  0.885957  0.432259  0.754964  0.836470  0.738285 
10  0.499025  0.716425  0.559319  0.668569  0.433703  0.744630  0.744474  0.337031  0.941940  0.712556 0.0  0.510978  0.514096  0.450184  0.567028  0.662295  0.539889  0.727709  0.306418  0.309897  0.428918  0.570462  0.325002  0.478804  0.508560  0.447698  0.469310  0.251657  0.608130  0.477549  0.465700  0.402767  0.432333  0.561802  0.531003  0.610676  0.231596  0.496368  0.442473  0.402705  0.332182  0.390031  0.187341  0.383723  0.284174  0.570961  0.431765  0.421632  0.436771  0.450454  0.446256  0.375350  0.432936  0.315476  0.585260  0.350509  0.586646  0.418302  0.619951  0.470275  0.517541  0.868989  0.624778  0.448290  0.785599  0.540536  0.497175  0.440559  0.368658  0.864731  0.422043  0.540977  0.399998 
11  0.519082  0.673304  0.712204  0.656892  0.582895  0.722750  0.788159  0.480114  0.771336  0.762474  0.510978 0.0  0.426411  0.560939  0.727837  0.666863  0.551498  0.749180  0.396223  0.422381  0.445148  0.602008  0.400475  0.522422  0.715429  0.442690  0.474599  0.434086  0.533693  0.604207  0.396439  0.520140  0.479798  0.553199  0.382833  0.778629  0.457535  0.491253  0.540561  0.554897  0.592847  0.430237  0.570168  0.373883  0.459566  0.501576  0.641114  0.536558  0.657181  0.465513  0.351875  0.315936  0.445893  0.455099  0.708520  0.504711  0.673697  0.532576  0.609093  0.605491  0.493748  0.750610  0.780189  0.525838  0.559426  0.456174  0.429019  0.335615  0.518660  0.684526  0.376402  0.618902  0.467111 
12  0.526934  0.897543  0.511568  0.746903  0.421656  0.732633  0.959700  0.515377  0.691328  0.882076  0.514096  0.426411 0.0  0.280969  0.763277  0.728759  0.378272  0.811816  0.487884  0.506993  0.414184  0.704696  0.504691  0.274395  0.626992  0.612629  0.547106  0.454098  0.638038  0.463710  0.460653  0.515310  0.544864  0.507954  0.477008  0.690358  0.401497  0.481035  0.401922  0.609435  0.472917  0.500584  0.438222  0.474785  0.480782  0.523862  0.510923  0.458271  0.552504  0.386645  0.467919  0.504044  0.434254  0.542253  0.752038  0.548969  0.532843  0.451398  0.744258  0.520455  0.387467  0.798610  0.858715  0.519410  0.616559  0.295855  0.460991  0.416169  0.515792  0.817743  0.405865  0.546158  0.484707 
13  0.488533  0.856588  0.529159  0.743439  0.497351  0.751737  0.802821  0.638003  0.693865  0.946515  0.450184  0.560939  0.280969 0.0  0.702596  0.821721  0.460992  0.849043  0.459517  0.453684  0.412303  0.700376  0.516940  0.282726  0.576402  0.458281  0.462801  0.491785  0.516041  0.606139  0.476211  0.375706  0.515198  0.530703  0.380604  0.623976  0.500906  0.525919  0.553294  0.383430  0.564041  0.351981  0.427849  0.482378  0.557011  0.436825  0.563557  0.488551  0.483876  0.277509  0.451926  0.315874  0.443691  0.561688  0.680621  0.525073  0.582006  0.561787  0.664835  0.493082  0.405488  0.684050  0.920097  0.495785  0.625081  0.362233  0.521466  0.343080  0.529532  0.772133  0.511624  0.599085  0.480468 
14  0.664370  0.704282  0.699556  0.451562  0.719297  0.649411  0.687854  0.619371  0.637922  0.734131  0.567028  0.727837  0.763277  0.702596 0.0  0.634684  0.540840  0.721525  0.603760  0.621137  0.681430  0.656472  0.742253  0.766590  0.746013  0.574351  0.736798  0.555033  0.624890  0.694641  0.670157  0.771517  0.795600  0.551283  0.727556  0.648540  0.621701  0.594274  0.625062  0.712490  0.661087  0.598708  0.754201  0.691134  0.585973  0.661047  0.705130  0.754254  0.737897  0.616707  0.677823  0.488891  0.740921  0.693318  0.529548  0.610605  0.705857  0.612137  0.541695  0.827715  0.631719  0.561319  0.758508  0.732768  0.585023  0.835622  0.581096  0.574074  0.697681  0.722897  0.646688  0.629429  0.698620 
15  0.684811  0.827022  0.608842  0.663012  0.719039  0.757369  0.735412  0.610497  0.669423  0.760342  0.662295  0.666863  0.728759  0.821721  0.634684 0.0  0.587852  0.832228  0.702749  0.634539  0.642714  0.595501  0.755697  0.826087  0.806093  0.705354  0.632862  0.680002  0.590549  0.611671  0.826324  0.600175  0.651046  0.511257  0.655815  0.601655  0.598147  0.718268  0.680157  0.691299  0.562064  0.637156  0.769188  0.598134  0.669326  0.670169  0.768151  0.682948  0.748243  0.654843  0.709447  0.672100  0.681319  0.687899  0.491528  0.565898  0.640086  0.655283  0.658228  0.771446  0.721391  0.761028  0.664337  0.670833  0.618109  0.771909  0.630434  0.635281  0.694719  0.740505  0.648175  0.700337  0.713032 
16  0.366656  0.673703  0.570405  0.639678  0.589978  0.741056  0.628340  0.527427  0.647455  0.850662  0.539889  0.551498  0.378272  0.460992  0.540840  0.587852 0.0  0.671507  0.429280  0.429959  0.529633  0.683220  0.435218  0.498319  0.615799  0.370077  0.508515  0.441824  0.549924  0.473443  0.484117  0.472997  0.561354  0.470629  0.310948  0.589635  0.452300  0.380167  0.501139  0.309192  0.466304  0.407721  0.445640  0.360251  0.343916  0.554244  0.603128  0.664554  0.512334  0.312010  0.363604  0.444337  0.295786  0.449672  0.576233  0.402958  0.490159  0.259039  0.532127  0.518331  0.357035  0.853930  0.736216  0.525845  0.708577  0.432275  0.511464  0.380676  0.492004  0.751832  0.262932  0.540259  0.431090 
17  0.854929  0.697440  0.744039  0.759405  0.901815  0.585259  0.560620  0.716522  0.781749  0.602964  0.727709  0.749180  0.811816  0.849043  0.721525  0.832228  0.671507 0.0  0.729874  0.827487  0.883696  0.617621  0.796458  0.766026  0.841601  0.829884  0.790971  0.691402  0.583874  0.785158  0.912923  0.815594  0.650628  0.750620  0.776422  0.756435  0.710913  0.805480  0.794713  0.788588  0.749853  0.750619  0.752116  0.746695  0.726471  0.749636  0.758824  0.687304  0.827554  0.737481  0.762485  0.752794  0.697347  0.756799  0.655152  0.652764  0.814418  0.700997  0.605024  0.954681  0.805412  0.559822  0.322731  0.865427  0.703511  0.880767  0.756668  0.729634  0.849162  0.300336  0.681647  0.775037  0.719769 
18  0.531072  0.714290  0.635457  0.568767  0.394242  0.861343  0.766871  0.282590  0.752195  0.815775  0.306418  0.396223  0.487884  0.459517  0.603760  0.702749  0.429280  0.729874 0.0  0.395240  0.462599  0.654551  0.320846  0.458677  0.581511  0.483134  0.408304  0.422779  0.578887  0.552086  0.456919  0.428298  0.379845  0.510054  0.327703  0.725113  0.290579  0.398132  0.470063  0.339104  0.408510  0.305193  0.357150  0.292508  0.403252  0.520138  0.425888  0.350060  0.217342  0.473033  0.261854  0.381780  0.315019  0.267707  0.580227  0.446874  0.597206  0.386088  0.573975  0.448766  0.473094  0.774913  0.682207  0.334048  0.619464  0.576193  0.434075  0.203962  0.329036  0.766354  0.388718  0.558198  0.371872 
19  0.397932  0.906401  0.573603  0.599328  0.482511  0.760911  0.705698  0.208584  0.613001  0.787328  0.309897  0.422381  0.506993  0.453684  0.621137  0.634539  0.429959  0.827487  0.395240 0.0  0.428902  0.524454  0.390695  0.502114  0.699436  0.548794  0.582424  0.265223  0.584618  0.519680  0.515311  0.420055  0.385707  0.534886  0.468705  0.590097  0.322675  0.481748  0.543669  0.423294  0.083138  0.448206  0.409962  0.360183  0.400794  0.330392  0.599768  0.373251  0.537483  0.439941  0.561993  0.460671  0.424534  0.276459  0.521209  0.426808  0.738647  0.395179  0.537523  0.439670  0.606970  0.759963  0.749852  0.484656  0.643123  0.571289  0.199009  0.458961  0.431920  0.765041  0.594647  0.618883  0.458440 
20  0.315203  0.767978  0.517865  0.570614  0.609818  0.684568  0.777636  0.457553  0.682742  0.771737  0.428918  0.445148  0.414184  0.412303  0.681430  0.642714  0.529633  0.883696  0.462599  0.428902 0.0  0.781528  0.569766  0.512899  0.746325  0.320942  0.400745  0.417986  0.620196  0.587596  0.370185  0.296511  0.527902  0.486425  0.350092  0.642177  0.422038  0.280604  0.595199  0.489292  0.504658  0.450571  0.372704  0.320637  0.414050  0.316320  0.543143  0.523864  0.504566  0.374130  0.320129  0.471023  0.258060  0.461378  0.597937  0.449172  0.727579  0.451733  0.693698  0.505894  0.390738  0.647813  0.876643  0.612857  0.733163  0.399365  0.426825  0.445243  0.382364  0.846572  0.425579  0.635977  0.417719 
21  0.577213  0.642205  0.710786  0.525277  0.694979  0.672956  0.675445  0.516290  0.430024  0.701611  0.570462  0.602008  0.704696  0.700376  0.656472  0.595501  0.683220  0.617621  0.654551  0.524454  0.781528 0.0  0.542657  0.684813  0.534064  0.563641  0.759709  0.564915  0.574145  0.572142  0.621535  0.620370  0.540309  0.577822  0.540279  0.588029  0.588198  0.601785  0.654099  0.525504  0.568450  0.527622  0.531839  0.499594  0.656114  0.655154  0.666424  0.672706  0.570950  0.681281  0.626880  0.596440  0.659868  0.625752  0.679352  0.677369  0.617672  0.533568  0.570678  0.616612  0.622154  0.690694  0.799009  0.668415  0.292778  0.638662  0.643825  0.596768  0.537595  0.749333  0.511517  0.724031  0.630072 
22  0.510056  0.727174  0.646060  0.607866  0.444545  0.791459  0.792839  0.339141  0.690152  0.676757  0.325002  0.400475  0.504691  0.516940  0.742253  0.755697  0.435218  0.796458  0.320846  0.390695  0.569766  0.542657 0.0  0.508412  0.638976  0.541794  0.518676  0.372237  0.420680  0.531063  0.393702  0.393430  0.539220  0.491786  0.382693  0.701073  0.420905  0.507207  0.428363  0.421568  0.275700  0.444947  0.314373  0.381791  0.361420  0.423356  0.541617  0.461430  0.476767  0.328641  0.487909  0.462669  0.458272  0.309154  0.573010  0.414683  0.667099  0.408713  0.539516  0.521161  0.495104  0.725255  0.816302  0.450849  0.672893  0.554046  0.378825  0.401415  0.399396  0.716405  0.583683  0.511989  0.442689 
23  0.336399  0.863825  0.524082  0.711400  0.525066  0.890165  0.895457  0.482014  0.757485  0.839175  0.478804  0.522422  0.274395  0.282726  0.766590  0.826087  0.498319  0.766026  0.458677  0.502114  0.512899  0.684813  0.508412 0.0  0.623046  0.517180  0.351885  0.632887  0.628381  0.514481  0.496521  0.535693  0.443802  0.418579  0.431492  0.683888  0.548758  0.487092  0.527373  0.484517  0.500649  0.430966  0.431948  0.551340  0.559207  0.468237  0.501238  0.463003  0.646160  0.341976  0.401709  0.296088  0.322339  0.469197  0.763231  0.511716  0.652826  0.589888  0.670098  0.530619  0.288583  0.806820  0.734099  0.440205  0.661834  0.350851  0.479725  0.327883  0.498638  0.757427  0.448521  0.542800  0.375065 
24  0.672625  0.845152  0.466428  0.694553  0.621586  0.859797  0.818268  0.572454  0.629890  0.781386  0.508560  0.715429  0.626992  0.576402  0.746013  0.806093  0.615799  0.841601  0.581511  0.699436  0.746325  0.534064  0.638976  0.623046 0.0  0.651801  0.510202  0.657143  0.384947  0.590208  0.769609  0.656165  0.501079  0.426403  0.730970  0.748542  0.499267  0.606328  0.493702  0.528034  0.634058  0.576279  0.691447  0.636327  0.636189  0.655817  0.417709  0.523231  0.576843  0.563600  0.688112  0.557799  0.547700  0.502722  0.666757  0.516593  0.324808  0.591168  0.627871  0.600928  0.588464  0.655725  0.802695  0.593616  0.677811  0.606117  0.506448  0.679733  0.577458  0.747246  0.627845  0.631959  0.675352 
25  0.419938  0.855102  0.596969  0.712318  0.488350  0.782535  0.689613  0.512138  0.740143  0.761591  0.447698  0.442690  0.612629  0.458281  0.574351  0.705354  0.370077  0.829884  0.483134  0.548794  0.320942  0.563641  0.541794  0.517180  0.651801 0.0  0.547701  0.540596  0.667180  0.676873  0.429582  0.450109  0.641424  0.430132  0.441135  0.677030  0.401841  0.321537  0.655878  0.499456  0.537432  0.496467  0.453900  0.417401  0.407214  0.373031  0.670805  0.479852  0.611788  0.358653  0.541136  0.411317  0.451398  0.526829  0.649993  0.455193  0.600562  0.515297  0.731164  0.438335  0.599013  0.845107  0.820749  0.674983  0.574675  0.503131  0.485008  0.379530  0.541501  0.788363  0.413066  0.603397  0.540817 
26  0.370398  0.788871  0.568088  0.712393  0.470757  0.782507  0.705628  0.356874  0.737867  0.909532  0.469310  0.474599  0.547106  0.462801  0.736798  0.632862  0.508515  0.790971  0.408304  0.582424  0.400745  0.759709  0.518676  0.351885  0.510202  0.547701 0.0  0.414007  0.628036  0.536768  0.582328  0.459189  0.459410  0.559216  0.460681  0.713005  0.457632  0.402577  0.476252  0.424526  0.482270  0.465137  0.421946  0.458712  0.457491  0.438310  0.409166  0.418655  0.429924  0.346869  0.431292  0.438400  0.349648  0.393348  0.666802  0.335729  0.493846  0.516230  0.603067  0.429213  0.539146  0.740283  0.797829  0.429947  0.580217  0.499194  0.424435  0.359496  0.353510  0.732920  0.448013  0.535572  0.377802 
27  0.476135  0.809298  0.677021  0.700365  0.433560  0.726534  0.754015  0.377094  0.623331  0.823032  0.251657  0.434086  0.454098  0.491785  0.555033  0.680002  0.441824  0.691402  0.422779  0.265223  0.417986  0.564915  0.372237  0.632887  0.657143  0.540596  0.414007 0.0  0.550541  0.535003  0.569364  0.447739  0.392227  0.538003  0.403247  0.608714  0.383042  0.437716  0.407979  0.375615  0.350245  0.415931  0.336965  0.459877  0.340476  0.568418  0.378918  0.506447  0.510694  0.346304  0.518760  0.391024  0.504651  0.434885  0.653951  0.326294  0.508999  0.416885  0.536669  0.487371  0.414605  0.776716  0.784076  0.580028  0.654175  0.486065  0.400605  0.453636  0.351059  0.714817  0.457894  0.544992  0.247038 
28  0.587944  0.746178  0.573730  0.596577  0.710037  0.768020  0.776437  0.581265  0.666902  0.750717  0.608130  0.533693  0.638038  0.516041  0.624890  0.590549  0.549924  0.583874  0.578887  0.584618  0.620196  0.574145  0.420680  0.628381  0.384947  0.667180  0.628036  0.550541 0.0  0.690715  0.650643  0.603831  0.595766  0.503693  0.644820  0.625045  0.602876  0.546584  0.644984  0.589483  0.580176  0.585474  0.484730  0.530334  0.721680  0.602033  0.607195  0.557944  0.559872  0.548547  0.654811  0.552678  0.413560  0.452454  0.533156  0.428931  0.306054  0.618223  0.506802  0.570840  0.600410  0.765030  0.772917  0.581552  0.566920  0.716193  0.584749  0.626496  0.602226  0.714866  0.548663  0.582098  0.639228 
29  0.524989  0.885690  0.560607  0.673758  0.548619  0.951541  0.824258  0.326321  0.664755  0.815947  0.477549  0.604207  0.463710  0.606139  0.694641  0.611671  0.473443  0.785158  0.552086  0.519680  0.587596  0.572142  0.531063  0.514481  0.590208  0.676873  0.536768  0.535003  0.690715 0.0  0.696605  0.581463  0.554295  0.385694  0.510590  0.730383  0.557277  0.559994  0.431641  0.580301  0.557110  0.644676  0.516025  0.587343  0.634725  0.623045  0.523734  0.524339  0.521403  0.678955  0.578206  0.498979  0.544116  0.545079  0.656071  0.508060  0.503738  0.490674  0.620838  0.606825  0.482810  0.724060  0.775617  0.461612  0.612752  0.447025  0.442189  0.496623  0.521649  0.860759  0.593653  0.320839  0.677773 
30  0.317397  0.798795  0.592630  0.761912  0.590471  0.835595  0.739530  0.441892  0.746479  0.806523  0.465700  0.396439  0.460653  0.476211  0.670157  0.826324  0.484117  0.912923  0.456919  0.515311  0.370185  0.621535  0.393702  0.496521  0.769609  0.429582  0.582328  0.569364  0.650643  0.696605 0.0  0.324855  0.516211  0.561728  0.446395  0.682973  0.475670  0.440272  0.638223  0.620034  0.480732  0.432499  0.432409  0.387496  0.524616  0.378796  0.541366  0.564069  0.573698  0.474230  0.525422  0.311997  0.342699  0.524622  0.656230  0.377927  0.677102  0.465881  0.745925  0.558407  0.415391  0.723902  0.776774  0.548746  0.584561  0.417863  0.454681  0.407981  0.519405  0.782401  0.375522  0.587782  0.585356 
31  0.331991  0.737669  0.629011  0.666254  0.652692  0.881563  0.803015  0.431080  0.674651  0.742597  0.402767  0.520140  0.515310  0.375706  0.771517  0.600175  0.472997  0.815594  0.428298  0.420055  0.296511  0.620370  0.393430  0.535693  0.656165  0.450109  0.459189  0.447739  0.603831  0.581463  0.324855 0.0  0.514831  0.538287  0.421858  0.695429  0.360439  0.363774  0.576011  0.432671  0.581950  0.388291  0.427526  0.367311  0.554758  0.477379  0.551442  0.479635  0.629594  0.399625  0.434993  0.371300  0.331638  0.429658  0.660387  0.435374  0.554174  0.426313  0.617287  0.565500  0.579856  0.792473  0.898027  0.633645  0.668672  0.444548  0.442365  0.455029  0.477021  0.771464  0.325880  0.515855  0.504346 
32  0.557231  0.764336  0.579612  0.703036  0.445259  0.864172  0.736641  0.381534  0.726089  0.766114  0.432333  0.479798  0.544864  0.515198  0.795600  0.651046  0.561354  0.650628  0.379845  0.385707  0.527902  0.540309  0.539220  0.443802  0.501079  0.641424  0.459410  0.392227  0.595766  0.554295  0.516211  0.514831 0.0  0.533654  0.485790  0.641053  0.378184  0.540943  0.335998  0.397402  0.407777  0.527575  0.310272  0.401608  0.387887  0.579921  0.385733  0.222069  0.324239  0.466376  0.526528  0.383557  0.484178  0.473101  0.637568  0.433734  0.542321  0.344349  0.650428  0.196355  0.545784  0.728930  0.893642  0.503062  0.629783  0.549908  0.382501  0.471964  0.365859  0.814469  0.554775  0.409360  0.334719 
33  0.579365  0.748003  0.455440  0.647900  0.462373  0.652346  0.616054  0.518571  0.613051  0.720408  0.561802  0.553199  0.507954  0.530703  0.551283  0.511257  0.470629  0.750620  0.510054  0.534886  0.486425  0.577822  0.491786  0.418579  0.426403  0.430132  0.559216  0.538003  0.503693  0.385694  0.561728  0.538287  0.533654 0.0  0.518097  0.635534  0.469654  0.508389  0.628069  0.432827  0.575162  0.445686  0.522938  0.545692  0.430082  0.558118  0.492590  0.436574  0.456808  0.530677  0.455673  0.463561  0.608915  0.419587  0.657626  0.473249  0.413120  0.487771  0.564634  0.462807  0.509446  0.523261  0.643184  0.542355  0.595719  0.587132  0.525137  0.561852  0.370360  0.732636  0.568689  0.399735  0.488187 
34  0.436211  0.702984  0.568400  0.604736  0.544361  0.690679  0.869553  0.438531  0.754407  0.786458  0.531003  0.382833  0.477008  0.380604  0.727556  0.655815  0.310948  0.776422  0.327703  0.468705  0.350092  0.540279  0.382693  0.431492  0.730970  0.441135  0.460681  0.403247  0.644820  0.510590  0.446395  0.421858  0.485790  0.518097 0.0  0.667039  0.287861  0.415603  0.430587  0.457841  0.441853  0.399867  0.416113  0.406686  0.420449  0.446671  0.457906  0.505029  0.450226  0.291212  0.467759  0.272083  0.227764  0.476121  0.662496  0.312604  0.594254  0.497613  0.573549  0.564435  0.191794  0.743595  0.746012  0.528176  0.615483  0.238792  0.473794  0.217511  0.561212  0.907238  0.367373  0.523506  0.481001 
35  0.633754  0.782906  0.721574  0.707005  0.759717  0.740581  0.786729  0.630382  0.760061  0.704450  0.610676  0.778629  0.690358  0.623976  0.648540  0.601655  0.589635  0.756435  0.725113  0.590097  0.642177  0.588029  0.701073  0.683888  0.748542  0.677030  0.713005  0.608714  0.625045  0.730383  0.682973  0.695429  0.641053  0.635534  0.667039 0.0  0.542384  0.658308  0.777186  0.713495  0.577865  0.716731  0.606237  0.728669  0.623664  0.568246  0.727320  0.668031  0.748166  0.568805  0.626660  0.697330  0.615960  0.500822  0.743924  0.536344  0.778013  0.680598  0.636348  0.845708  0.661247  0.795155  0.775912  0.760264  0.453086  0.607135  0.577816  0.584518  0.710401  0.763301  0.606552  0.777779  0.679252 
36  0.466422  0.725995  0.663070  0.670435  0.462745  0.824081  0.759878  0.357752  0.737023  0.687892  0.231596  0.457535  0.401497  0.500906  0.621701  0.598147  0.452300  0.710913  0.290579  0.322675  0.422038  0.588198  0.420905  0.548758  0.499267  0.401841  0.457632  0.383042  0.602876  0.557277  0.475670  0.360439  0.378184  0.469654  0.287861  0.542384 0.0  0.501460  0.518592  0.368447  0.320790  0.270909  0.235288  0.374754  0.252592  0.465506  0.391518  0.297841  0.315154  0.445342  0.454383  0.410063  0.377196  0.264998  0.713101  0.530845  0.611318  0.353847  0.630671  0.264855  0.411274  0.677672  0.815733  0.423156  0.595053  0.571079  0.409421  0.413268  0.427577  0.722524  0.418312  0.564402  0.304568 
37  0.418933  0.787769  0.494308  0.644781  0.496164  0.762565  0.766344  0.386563  0.732702  0.813053  0.496368  0.491253  0.481035  0.525919  0.594274  0.718268  0.380167  0.805480  0.398132  0.481748  0.280604  0.601785  0.507207  0.487092  0.606328  0.321537  0.402577  0.437716  0.546584  0.559994  0.440272  0.363774  0.540943  0.508389  0.415603  0.658308  0.501460 0.0  0.545664  0.532174  0.497159  0.268992  0.549334  0.463459  0.454958  0.344328  0.532632  0.564400  0.430474  0.332549  0.335306  0.359134  0.246049  0.374804  0.648201  0.523827  0.613935  0.421297  0.634884  0.553043  0.369488  0.809858  0.759716  0.537533  0.649015  0.474278  0.570151  0.355430  0.530837  0.877850  0.325742  0.572068  0.423608 
38  0.509544  0.855354  0.658649  0.676269  0.443998  0.788847  0.785953  0.393170  0.646125  0.802656  0.442473  0.540561  0.401922  0.553294  0.625062  0.680157  0.501139  0.794713  0.470063  0.543669  0.595199  0.654099  0.428363  0.527373  0.493702  0.655878  0.476252  0.407979  0.644984  0.431641  0.638223  0.576011  0.335998  0.628069  0.430587  0.777186  0.518592  0.545664 0.0  0.415608  0.508954  0.472328  0.462446  0.478901  0.445036  0.534515  0.416212  0.237163  0.317749  0.474177  0.538378  0.610830  0.523056  0.364837  0.676091  0.416833  0.456067  0.416279  0.757654  0.238788  0.500743  0.706748  0.768447  0.274653  0.799349  0.439574  0.538840  0.542329  0.372217  0.681008  0.570268  0.505530  0.424582 
39  0.416734  0.655831  0.572629  0.638686  0.421032  0.842809  0.759606  0.456548  0.650009  0.839296  0.402705  0.554897  0.609435  0.383430  0.712490  0.691299  0.309192  0.788588  0.339104  0.423294  0.489292  0.525504  0.421568  0.484517  0.528034  0.499456  0.424526  0.375615  0.589483  0.580301  0.620034  0.432671  0.397402  0.432827  0.457841  0.713495  0.368447  0.532174  0.415608 0.0  0.362843  0.490895  0.436362  0.457583  0.392917  0.539752  0.484806  0.447105  0.528993  0.434792  0.436668  0.399232  0.421247  0.508828  0.665882  0.337426  0.606705  0.338104  0.568174  0.443867  0.449869  0.745013  0.792632  0.447439  0.572449  0.639790  0.423920  0.522628  0.446582  0.779013  0.431138  0.523181  0.378538 
40  0.526903  0.803112  0.553479  0.576238  0.451970  0.808070  0.723526  0.351208  0.672985  0.690378  0.332182  0.592847  0.472917  0.564041  0.661087  0.562064  0.466304  0.749853  0.408510  0.083138  0.504658  0.568450  0.275700  0.500649  0.634058  0.537432  0.482270  0.350245  0.580176  0.557110  0.480732  0.581950  0.407777  0.575162  0.441853  0.577865  0.320790  0.497159  0.508954  0.362843 0.0  0.446172  0.401240  0.403195  0.317640  0.509737  0.449950  0.404566  0.374915  0.453576  0.458293  0.350619  0.417517  0.430680  0.542785  0.385073  0.616380  0.439064  0.599675  0.462100  0.441266  0.710247  0.744138  0.445697  0.574181  0.509157  0.246552  0.379618  0.411584  0.808602  0.333767  0.588070  0.376831 
41  0.451128  0.798995  0.631790  0.618308  0.467573  0.778736  0.803100  0.335275  0.692744  0.749652  0.390031  0.430237  0.500584  0.351981  0.598708  0.637156  0.407721  0.750619  0.305193  0.448206  0.450571  0.527622  0.444947  0.430966  0.576279  0.496467  0.465137  0.415931  0.585474  0.644676  0.432499  0.388291  0.527575  0.445686  0.399867  0.716731  0.270909  0.268992  0.472328  0.490895  0.446172 0.0  0.521848  0.408397  0.499330  0.286606  0.512010  0.582629  0.524624  0.370037  0.282319  0.336373  0.394730  0.410766  0.626988  0.366569  0.633647  0.410081  0.564787  0.457567  0.392592  0.712185  0.713143  0.617878  0.591508  0.477445  0.406646  0.458273  0.547031  0.788110  0.226924  0.561163  0.412335 
42  0.403980  0.761132  0.520902  0.653501  0.585425  0.852413  0.809812  0.298721  0.716587  0.830427  0.187341  0.570168  0.438222  0.427849  0.754201  0.769188  0.445640  0.752116  0.357150  0.409962  0.372704  0.531839  0.314373  0.431948  0.691447  0.453900  0.421946  0.336965  0.484730  0.516025  0.432409  0.427526  0.310272  0.522938  0.416113  0.606237  0.235288  0.549334  0.462446  0.436362  0.401240  0.521848 0.0  0.196453  0.509163  0.451944  0.514723  0.474374  0.545829  0.461664  0.420151  0.321924  0.458480  0.324645  0.585000  0.435471  0.648573  0.421984  0.713852  0.492987  0.536583  0.781748  0.864733  0.436421  0.455547  0.525318  0.413037  0.463530  0.427275  0.675496  0.377132  0.614127  0.343929 
43  0.470518  0.710658  0.698094  0.607411  0.345971  0.619421  0.708864  0.385672  0.632728  0.709412  0.383723  0.373883  0.474785  0.482378  0.691134  0.598134  0.360251  0.746695  0.292508  0.360183  0.320637  0.499594  0.381791  0.551340  0.636327  0.417401  0.458712  0.459877  0.530334  0.587343  0.387496  0.367311  0.401608  0.545692  0.406686  0.728669  0.374754  0.463459  0.478901  0.457583  0.403195  0.408397  0.196453 0.0  0.368229  0.459867  0.241891  0.378503  0.413577  0.404200  0.342363  0.303765  0.497524  0.415746  0.629073  0.317291  0.688441  0.448861  0.456406  0.349926  0.463843  0.833940  0.737827  0.337988  0.597405  0.444803  0.282049  0.466164  0.360578  0.672850  0.385368  0.536368  0.369982 
44  0.440117  0.745956  0.503248  0.664745  0.512080  0.702062  0.730921  0.326749  0.657292  0.841234  0.284174  0.459566  0.480782  0.557011  0.585973  0.669326  0.343916  0.726471  0.403252  0.400794  0.414050  0.656114  0.361420  0.559207  0.636189  0.407214  0.457491  0.340476  0.721680  0.634725  0.524616  0.554758  0.387887  0.430082  0.420449  0.623664  0.252592  0.454958  0.445036  0.392917  0.317640  0.499330  0.509163  0.368229 0.0  0.561633  0.500434  0.414131  0.529030  0.435633  0.478911  0.433373  0.473672  0.448555  0.647446  0.493689  0.672788  0.475274  0.607747  0.511678  0.393426  0.601219  0.741642  0.338838  0.614425  0.667381  0.290957  0.412945  0.414750  0.730784  0.479658  0.585429  0.361699 
45  0.437860  0.762997  0.596661  0.640544  0.568063  0.746225  0.769799  0.419036  0.746028  0.831631  0.570961  0.501576  0.523862  0.436825  0.661047  0.670169  0.554244  0.749636  0.520138  0.330392  0.316320  0.655154  0.423356  0.468237  0.655817  0.373031  0.438310  0.568418  0.602033  0.623045  0.378796  0.477379  0.579921  0.558118  0.446671  0.568246  0.465506  0.344328  0.534515  0.539752  0.509737  0.286606  0.451944  0.459867  0.561633 0.0  0.602305  0.537193  0.567066  0.411399  0.375487  0.466979  0.389369  0.516978  0.612827  0.413731  0.726856  0.447513  0.569389  0.494527  0.467984  0.809059  0.815962  0.621865  0.737607  0.592177  0.537609  0.363677  0.565637  0.708362  0.455850  0.520498  0.543704 
46  0.498244  0.827425  0.630709  0.759942  0.223544  0.807728  0.791870  0.505834  0.719708  0.943431  0.431765  0.641114  0.510923  0.563557  0.705130  0.768151  0.603128  0.758824  0.425888  0.599768  0.543143  0.666424  0.541617  0.501238  0.417709  0.670805  0.409166  0.378918  0.607195  0.523734  0.541366  0.551442  0.385733  0.492590  0.457906  0.727320  0.391518  0.532632  0.416212  0.484806  0.449950  0.512010  0.514723  0.241891  0.500434  0.602305 0.0  0.356035  0.422206  0.480260  0.540474  0.415971  0.602721  0.357496  0.731250  0.549604  0.573460  0.507248  0.730302  0.512165  0.427145  0.734108  0.762469  0.406330  0.751498  0.548426  0.470836  0.554089  0.479522  0.786127  0.476063  0.523096  0.422298 
47  0.551561  0.741614  0.564949  0.756352  0.402798  0.796703  0.673223  0.340375  0.560862  0.881815  0.421632  0.536558  0.458271  0.488551  0.754254  0.682948  0.664554  0.687304  0.350060  0.373251  0.523864  0.672706  0.461430  0.463003  0.523231  0.479852  0.418655  0.506447  0.557944  0.524339  0.564069  0.479635  0.222069  0.436574  0.505029  0.668031  0.297841  0.564400  0.237163  0.447105  0.404566  0.582629  0.474374  0.378503  0.414131  0.537193  0.356035 0.0  0.176234  0.544796  0.469392  0.501593  0.442108  0.344128  0.662745  0.593139  0.452341  0.420901  0.717835  0.269516  0.435457  0.706497  0.793020  0.313335  0.650837  0.416140  0.484871  0.453617  0.368443  0.711103  0.407987  0.402859  0.312866 
48  0.522674  1.000000  0.535679  0.667032  0.439544  0.811021  0.734457  0.416406  0.736618  0.843667  0.436771  0.657181  0.552504  0.483876  0.737897  0.748243  0.512334  0.827554  0.217342  0.537483  0.504566  0.570950  0.476767  0.646160  0.576843  0.611788  0.429924  0.510694  0.559872  0.521403  0.573698  0.629594  0.324239  0.456808  0.450226  0.748166  0.315154  0.430474  0.317749  0.528993  0.374915  0.524624  0.545829  0.413577  0.529030  0.567066  0.422206  0.176234 0.0  0.487478  0.565298  0.456440  0.423441  0.461921  0.653285  0.564656  0.407118  0.381621  0.639156  0.234590  0.427323  0.838840  0.755782  0.266669  0.680281  0.409317  0.462794  0.498284  0.425174  0.708114  0.637809  0.591259  0.423748 
49  0.451111  0.788474  0.651718  0.591423  0.584705  0.782325  0.862350  0.359787  0.729660  0.843344  0.450454  0.465513  0.386645  0.277509  0.616707  0.654843  0.312010  0.737481  0.473033  0.439941  0.374130  0.681281  0.328641  0.341976  0.563600  0.358653  0.346869  0.346304  0.548547  0.678955  0.474230  0.399625  0.466376  0.530677  0.291212  0.568805  0.445342  0.332549  0.474177  0.434792  0.453576  0.370037  0.461664  0.404200  0.435633  0.411399  0.480260  0.544796  0.487478 0.0  0.411895  0.226182  0.256645  0.482387  0.612964  0.374985  0.652776  0.364067  0.576893  0.481104  0.252124  0.785742  0.719490  0.556070  0.670479  0.330597  0.475245  0.380079  0.566683  0.630629  0.431927  0.532314  0.528493 
50  0.395140  0.717351  0.605556  0.575542  0.450991  0.778109  0.701277  0.404858  0.807051  0.723678  0.446256  0.351875  0.467919  0.451926  0.677823  0.709447  0.363604  0.762485  0.261854  0.561993  0.320129  0.626880  0.487909  0.401709  0.688112  0.541136  0.431292  0.518760  0.654811  0.578206  0.525422  0.434993  0.526528  0.455673  0.467759  0.626660  0.454383  0.335306  0.538378  0.436668  0.458293  0.282319  0.420151  0.342363  0.478911  0.375487  0.540474  0.469392  0.565298  0.411895 0.0  0.336287  0.412274  0.453821  0.709373  0.219195  0.619403  0.441467  0.470813  0.490261  0.473816  0.662969  0.880079  0.553997  0.560922  0.522879  0.414386  0.383424  0.453138  0.730599  0.390859  0.703345  0.407012 
51  0.413747  0.680154  0.566006  0.672043  0.581234  0.816218  0.774193  0.503287  0.694698  0.812075  0.375350  0.315936  0.504044  0.315874  0.488891  0.672100  0.444337  0.752794  0.381780  0.460671  0.471023  0.596440  0.462669  0.296088  0.557799  0.411317  0.438400  0.391024  0.552678  0.498979  0.311997  0.371300  0.383557  0.463561  0.272083  0.697330  0.410063  0.359134  0.610830  0.399232  0.350619  0.336373  0.321924  0.303765  0.433373  0.466979  0.415971  0.501593  0.456440  0.226182  0.336287 0.0  0.197869  0.505966  0.629663  0.456494  0.608054  0.466490  0.585893  0.420451  0.300386  0.740565  0.750008  0.487462  0.820918  0.346090  0.418437  0.168565  0.433107  0.799171  0.355065  0.612090  0.469643 
52  0.350654  0.668773  0.572283  0.558115  0.589992  0.801970  0.622128  0.475815  0.703780  0.813562  0.432936  0.445893  0.434254  0.443691  0.740921  0.681319  0.295786  0.697347  0.315019  0.424534  0.258060  0.659868  0.458272  0.322339  0.547700  0.451398  0.349648  0.504651  0.413560  0.544116  0.342699  0.331638  0.484178  0.608915  0.227764  0.615960  0.377196  0.246049  0.523056  0.421247  0.417517  0.394730  0.458480  0.497524  0.473672  0.389369  0.602721  0.442108  0.423441  0.256645  0.412274  0.197869 0.0  0.473642  0.685459  0.313259  0.611707  0.334388  0.556131  0.515632  0.217376  0.712161  0.770921  0.507362  0.593783  0.394468  0.441508  0.255870  0.476704  0.809408  0.330305  0.583549  0.527935 
53  0.465453  0.703717  0.517188  0.705425  0.462084  0.748749  0.746395  0.351749  0.866276  0.754461  0.315476  0.455099  0.542253  0.561688  0.693318  0.687899  0.449672  0.756799  0.267707  0.276459  0.461378  0.625752  0.309154  0.469197  0.502722  0.526829  0.393348  0.434885  0.452454  0.545079  0.524622  0.429658  0.473101  0.419587  0.476121  0.500822  0.264998  0.374804  0.364837  0.508828  0.430680  0.410766  0.324645  0.415746  0.448555  0.516978  0.357496  0.344128  0.461921  0.482387  0.453821  0.505966  0.473642 0.0  0.604313  0.453835  0.644279  0.373835  0.481957  0.425942  0.414947  0.718903  0.841780  0.408744  0.633971  0.582383  0.433378  0.533450  0.251138  0.808343  0.279262  0.516045  0.369469 
