73
0 0.0  0.637870  0.752535  0.707740  0.700214  0.638693  0.660272  0.741636  0.518655  0.802971  0.832767  0.836185  0.797452  0.598674  0.764021  0.608317  0.748208  0.624225  0.757354  0.631100  0.653426  0.442457  0.692125  0.613448  0.621393  0.591298  0.594887  0.757404  0.652100  0.647038  0.643845  0.432749  0.637562  0.723730  0.617532  0.733571  0.653360  0.732297  0.762605  0.684623  0.643477  0.689365  0.627926  0.739822  0.721523  0.547018  0.648938  0.727977  0.528711  0.650580  0.589713  0.662149  0.688761  0.692672  0.739597  0.644275  0.705905  0.702615  0.888688  0.567775  0.736532  0.596410  0.559326  0.648287  0.620610  0.551859  0.542344  0.656009  0.739876  0.664373  0.661833  0.683633  0.456135 
1  0.637870 0.0  0.670137  0.697909  0.742116  0.663102  0.704190  0.702638  0.696045  0.666974  0.830556  0.696520  0.792668  0.689316  0.404083  0.555486  0.632321  0.730493  0.641335  0.577207  0.623098  0.674007  0.615777  0.728612  0.600021  0.583477  0.527990  0.710234  0.627221  0.573157  0.519898  0.624685  0.708980  0.666397  0.679751  0.685911  0.732435  0.577513  0.653662  0.532922  0.750700  0.723819  0.665144  0.594753  0.679346  0.633621  0.678222  0.578037  0.643052  0.775524  0.695765  0.732874  0.620141  0.700493  0.633287  0.613747  0.684586  0.757454  0.696267  0.627480  0.756124  0.600208  0.501444  0.581733  0.590539  0.549492  0.528915  0.711640  0.822298  0.676032  0.688492  0.595642  0.631090 
2  0.752535  0.670137 0.0  0.745391  0.891281  0.923716  0.662261  0.469109  0.760149  0.634481  0.596603  0.610101  0.643237  0.893890  0.587159  0.748921  0.710433  0.779249  0.804205  0.774301  0.749838  0.769344  0.647582  0.757083  0.799677  0.819304  0.728416  0.787951  0.792506  0.729177  0.600167  0.718901  0.798549  0.760131  0.754608  0.885551  0.732579  0.742885  0.775654  0.760976  0.908900  0.849875  0.861453  0.870215  0.788370  0.655457  0.844740  0.677426  0.803996  0.908507  0.798517  0.716039  0.723257  0.411355  0.800487  0.629000  0.712562  0.820936  0.690874  0.954401  0.427288  0.710859  0.674627  0.703228  0.700151  0.792603  0.870041  0.820109  0.726864  0.700476  0.837961  0.799421  0.818382 
3  0.707740  0.697909  0.745391 0.0  0.580980  0.500661  0.558687  0.796381  0.644329  0.764502  0.747782  0.866932  0.497531  0.599425  0.646256  0.544426  0.345884  0.239940  0.436278  0.578122  0.559983  0.495572  0.462884  0.523874  0.509855  0.605620  0.465875  0.342454  0.463155  0.394300  0.536609  0.472404  0.566569  0.360462  0.555976  0.358013  0.343423  0.566283  0.531830  0.688707  0.487953  0.463727  0.489565  0.512171  0.505149  0.698173  0.610135  0.561801  0.583973  0.402847  0.352979  0.373577  0.582083  0.892231  0.457461  0.529301  0.588622  0.575373  0.918390  0.553166  0.791748  0.563222  0.687450  0.434753  0.410600  0.499430  0.666372  0.518628  0.887724  0.467669  0.423258  0.424836  0.638544 
4  0.700214  0.742116  0.891281  0.580980 0.0  0.600643  0.516465  0.833503  0.623785  0.948379  0.794555  0.802722  0.705042  0.455181  0.704521  0.578993  0.540139  0.528260  0.572119  0.494170  0.615840  0.432839  0.497461  0.490782  0.481576  0.581627  0.461902  0.620012  0.642366  0.492195  0.509802  0.514377  0.544671  0.536258  0.588332  0.508664  0.548783  0.475778  0.608709  0.567339  0.280448  0.547439  0.589432  0.304359  0.475179  0.558612  0.391671  0.626588  0.536507  0.505710  0.580795  0.485992  0.493217  0.776800  0.495727  0.606466  0.697672  0.469103  0.881501  0.484710  0.897716  0.462001  0.731968  0.537111  0.503291  0.660712  0.694166  0.417369  0.831619  0.704048  0.493040  0.592700  0.681945 
5  0.638693  0.663102  0.923716  0.500661  0.600643 0.0  0.454920  0.908392  0.642823  0.852394  0.677928  0.733933  0.584595  0.560384  0.654893  0.445560  0.428314  0.532978  0.520621  0.485776  0.532525  0.568928  0.458475  0.619512  0.669179  0.518974  0.651596  0.486431  0.428704  0.503175  0.483633  0.677964  0.497086  0.502795  0.541814  0.531932  0.398376  0.575921  0.522581  0.745293  0.628847  0.528882  0.579034  0.619237  0.588767  0.681228  0.655162  0.429401  0.734337  0.551386  0.397994  0.605019  0.639988  0.759815  0.423438  0.397750  0.600180  0.662159  0.893937  0.660374  0.840762  0.476604  0.601202  0.577304  0.413989  0.443112  0.775404  0.533781  0.764279  0.453842  0.537235  0.507356  0.636080 
6  0.660272  0.704190  0.662261  0.558687  0.516465  0.454920 0.0  0.809724  0.678320  0.720176  0.454200  0.648410  0.582722  0.370932  0.617413  0.408216  0.395790  0.491688  0.259979  0.326335  0.452381  0.605983  0.563247  0.684972  0.370653  0.544929  0.696016  0.467731  0.600947  0.542220  0.397404  0.619390  0.324704  0.483549  0.620354  0.398622  0.263843  0.433092  0.532865  0.765524  0.606707  0.492284  0.438854  0.585213  0.380048  0.740357  0.546214  0.413168  0.651256  0.422849  0.430321  0.445648  0.287605  0.737836  0.485701  0.489413  0.513940  0.502576  0.838963  0.457842  0.719062  0.345066  0.668671  0.249468  0.214857  0.258690  0.647263  0.498324  0.822344  0.521429  0.382835  0.306860  0.643476 
7  0.741636  0.702638  0.469109  0.796381  0.833503  0.908392  0.809724 0.0  0.913553  0.570353  0.680546  0.523133  0.485983  0.890201  0.695906  0.749996  0.935758  0.886567  0.707483  0.750113  0.817220  0.718748  0.823466  0.805884  0.908661  0.703057  0.757551  0.960290  0.740649  0.745322  0.647159  0.638663  0.867387  0.862627  0.868595  0.730654  0.779792  0.838883  0.768386  0.663229  0.906380  0.705576  0.749968  0.973925  0.947023  0.697907  0.826292  0.793758  0.892040  0.797101  0.753593  0.886509  0.827907  0.452513  0.732511  0.637391  0.858226  0.961709  0.559569  0.834689  0.595692  0.777065  0.824361  0.636074  0.817703  0.770353  0.780047  0.730591  0.499688  0.805736  0.851148  0.625953  0.742522 
8  0.518655  0.696045  0.760149  0.644329  0.623785  0.642823  0.678320  0.913553 0.0  0.862218  0.745707  0.908551  0.785437  0.567126  0.743850  0.637168  0.727803  0.600079  0.684116  0.654483  0.685416  0.423157  0.585475  0.547814  0.742743  0.463344  0.679206  0.714477  0.601441  0.601892  0.587863  0.430223  0.638836  0.543976  0.552412  0.734994  0.681400  0.704065  0.812198  0.657985  0.509021  0.675963  0.743666  0.502729  0.610804  0.653766  0.564314  0.762064  0.401098  0.648144  0.681147  0.604173  0.621276  0.827207  0.656326  0.713020  0.762775  0.587293  0.837193  0.564521  0.810351  0.537988  0.695788  0.678726  0.567126  0.669128  0.756941  0.579771  0.825856  0.640430  0.647779  0.657777  0.561484 
9  0.802971  0.666974  0.634481  0.764502  0.948379  0.852394  0.720176  0.570353  0.862218 0.0  0.830492  0.766429  0.773623  0.901514  0.714526  0.791809  0.702807  0.873630  0.848126  0.857443  0.815307  0.818639  0.822576  0.815042  0.698945  0.716479  0.761234  0.882832  0.701374  0.761550  0.848848  0.748869  0.664680  0.939692  0.768751  0.917622  0.840621  0.802457  0.625397  0.874467  0.825094  0.734978  0.886343  0.930227  0.922355  0.537623  0.832979  0.806843  0.885783  0.860609  0.823613  0.868322  0.763292  0.648048  0.720937  0.797507  0.758530  0.827243  0.257066  0.851751  0.574462  0.754829  0.559475  0.748008  0.784046  0.808420  0.772927  0.891360  0.431938  0.716376  0.806229  0.779082  0.746511 
10  0.832767  0.830556  0.596603  0.747782  0.794555  0.677928  0.454200  0.680546  0.745707  0.830492 0.0  0.704316  0.369872  0.571247  0.825629  0.515958  0.542978  0.614909  0.417434  0.465257  0.672661  0.770479  0.639998  0.641679  0.602754  0.669435  0.726862  0.659366  0.631041  0.549110  0.600177  0.646791  0.567699  0.603240  0.434043  0.675508  0.585534  0.547700  0.689301  0.795850  0.673596  0.434675  0.448907  0.672599  0.464073  0.473414  0.662094  0.501908  0.671043  0.579746  0.497091  0.504659  0.498153  0.784997  0.472995  0.474539  0.428351  0.556381  0.825150  0.592593  0.755810  0.531471  0.614646  0.487691  0.571628  0.564100  0.793352  0.625423  0.839248  0.680220  0.538714  0.462506  0.868561 
11  0.836185  0.696520  0.610101  0.866932  0.802722  0.733933  0.648410  0.523133  0.908551  0.766429  0.704316 0.0  0.808715  0.822110  0.843912  0.842363  0.815129  0.988582  0.681450  0.755070  0.817713  0.812436  0.724478  0.771139  0.827317  0.750016  0.783471  0.878455  0.716982  0.820094  0.793224  0.827465  0.748730  0.891693  0.847317  0.886415  0.787893  0.714957  0.764643  0.753538  0.879179  0.696881  0.876578  0.787016  0.846526  0.644222  0.714465  0.750427  0.814365  0.884020  0.694992  0.689538  0.867604  0.695028  0.862647  0.659280  0.803698  0.722513  0.787222  0.807982  0.761414  0.671313  0.827974  0.828459  0.621321  0.838527  0.841445  0.945641  0.715467  0.753601  0.859499  0.722593  0.759839 
12  0.797452  0.792668  0.643237  0.497531  0.705042  0.584595  0.582722  0.485983  0.785437  0.773623  0.369872  0.808715 0.0  0.761344  0.875123  0.570198  0.477394  0.554757  0.603446  0.503164  0.533031  0.714079  0.489263  0.657164  0.617335  0.665036  0.728650  0.362116  0.383777  0.571968  0.602506  0.637969  0.503706  0.563651  0.723673  0.477195  0.501562  0.594406  0.530548  0.712976  0.640727  0.530168  0.601324  0.707311  0.653132  0.620009  0.658994  0.379306  0.727725  0.660261  0.411489  0.630891  0.548367  0.695948  0.426921  0.491449  0.459276  0.748667  0.740272  0.625711  0.682762  0.602529  0.572272  0.586290  0.574722  0.562330  0.731049  0.675668  0.801338  0.627915  0.466043  0.603362  0.766746 
13  0.598674  0.689316  0.893890  0.599425  0.455181  0.560384  0.370932  0.890201  0.567126  0.901514  0.571247  0.822110  0.761344 0.0  0.646766  0.495990  0.522323  0.482693  0.406403  0.495171  0.613080  0.498920  0.456854  0.477422  0.344130  0.731328  0.617417  0.503971  0.638184  0.424859  0.615019  0.457141  0.517602  0.553295  0.510830  0.501912  0.560897  0.626354  0.647044  0.725287  0.566470  0.492621  0.340371  0.488849  0.279119  0.698136  0.463081  0.664717  0.498210  0.383261  0.534382  0.555807  0.563435  0.599586  0.526856  0.458365  0.514304  0.339214  0.723913  0.406392  0.823139  0.349121  0.572140  0.397580  0.586428  0.672823  0.733266  0.455039  0.702860  0.666395  0.416244  0.362093  0.668960 
14  0.764021  0.404083  0.587159  0.646256  0.704521  0.654893  0.617413  0.695906  0.743850  0.714526  0.825629  0.843912  0.875123  0.646766 0.0  0.646576  0.605967  0.767044  0.483260  0.617738  0.608088  0.551571  0.638580  0.631187  0.599795  0.559063  0.594342  0.672381  0.645491  0.620406  0.562537  0.584198  0.516820  0.589453  0.691892  0.596371  0.645727  0.633447  0.686117  0.475544  0.664277  0.736185  0.570137  0.634909  0.752803  0.627642  0.589009  0.594167  0.670029  0.687631  0.640548  0.579890  0.539864  0.646690  0.643443  0.661427  0.733231  0.528473  0.693902  0.713131  0.633660  0.557412  0.372461  0.677681  0.667073  0.632344  0.565682  0.663251  0.738748  0.660306  0.777600  0.716003  0.653140 
15  0.608317  0.555486  0.748921  0.544426  0.578993  0.445560  0.408216  0.749996  0.637168  0.791809  0.515958  0.842363  0.570198  0.495990  0.646576 0.0  0.497190  0.585279  0.261382  0.424511  0.541372  0.446061  0.488891  0.634329  0.384910  0.636588  0.661175  0.509503  0.527770  0.467762  0.512047  0.566329  0.359551  0.521537  0.428648  0.452916  0.451198  0.313651  0.689894  0.733031  0.552539  0.490026  0.438296  0.499162  0.556249  0.644879  0.453386  0.541868  0.584617  0.547054  0.487074  0.360191  0.414517  0.956372  0.429583  0.457995  0.585403  0.471578  0.694208  0.518760  0.801429  0.399617  0.560270  0.327140  0.431023  0.484801  0.671956  0.492496  0.685120  0.519194  0.477204  0.364213  0.635247 
16  0.748208  0.632321  0.710433  0.345884  0.540139  0.428314  0.395790  0.935758  0.727803  0.702807  0.542978  0.815129  0.477394  0.522323  0.605967  0.497190 0.0  0.369796  0.439381  0.476643  0.434781  0.532063  0.331966  0.659000  0.550127  0.545075  0.495311  0.374818  0.344366  0.464465  0.395537  0.457812  0.375497  0.565091  0.522972  0.470626  0.355496  0.536151  0.586564  0.665852  0.551112  0.559639  0.602116  0.606494  0.565913  0.616973  0.510352  0.466665  0.614123  0.552569  0.385307  0.508942  0.492332  0.706108  0.486254  0.490603  0.494568  0.626644  0.764329  0.479174  0.763908  0.338239  0.610457  0.480890  0.478518  0.371541  0.788594  0.638864  0.852749  0.392720  0.409328  0.496322  0.629030 
17  0.624225  0.730493  0.779249  0.239940  0.528260  0.532978  0.491688  0.886567  0.600079  0.873630  0.614909  0.988582  0.554757  0.482693  0.767044  0.585279  0.369796 0.0  0.507796  0.623124  0.384273  0.571186  0.440238  0.570976  0.469536  0.782537  0.618480  0.402075  0.501067  0.426080  0.603414  0.578383  0.559059  0.335333  0.432878  0.482154  0.489562  0.553383  0.511008  0.707486  0.496259  0.573128  0.529672  0.499510  0.452015  0.734589  0.501376  0.590173  0.532752  0.552633  0.303994  0.583608  0.536157  0.765380  0.455946  0.651365  0.614239  0.451257  0.825151  0.377784  0.900777  0.479679  0.721161  0.410080  0.549993  0.541922  0.795004  0.455228  0.934061  0.596986  0.344395  0.557061  0.690855 
18  0.757354  0.641335  0.804205  0.436278  0.572119  0.520621  0.259979  0.707483  0.684116  0.848126  0.417434  0.681450  0.603446  0.406403  0.483260  0.261382  0.439381  0.507796 0.0  0.278121  0.417679  0.457156  0.529951  0.554215  0.309170  0.466360  0.631869  0.483640  0.458551  0.357117  0.531573  0.601644  0.371231  0.531462  0.462349  0.509119  0.387888  0.446281  0.492342  0.638756  0.514933  0.471045  0.311414  0.530386  0.382955  0.716564  0.549974  0.414536  0.513476  0.360561  0.344752  0.437947  0.240543  0.750418  0.479063  0.368590  0.475250  0.530473  0.858876  0.515615  0.785216  0.339113  0.543567  0.399362  0.403609  0.326619  0.712451  0.353358  0.859766  0.441270  0.515132  0.246951  0.617022 
19  0.631100  0.577207  0.774301  0.578122  0.494170  0.485776  0.326335  0.750113  0.654483  0.857443  0.465257  0.755070  0.503164  0.495171  0.617738  0.424511  0.476643  0.623124  0.278121 0.0  0.446449  0.554326  0.369162  0.576372  0.437605  0.583811  0.626470  0.604425  0.608273  0.354588  0.465622  0.505500  0.368235  0.466893  0.345229  0.628659  0.398976  0.417508  0.600922  0.662294  0.760099  0.456983  0.362406  0.600612  0.458531  0.579293  0.516358  0.512810  0.749376  0.472119  0.417479  0.394167  0.457372  0.673140  0.531523  0.371292  0.504028  0.620219  0.823413  0.539091  0.728680  0.473267  0.581081  0.377213  0.436074  0.580106  0.724088  0.571169  0.809781  0.452189  0.506013  0.370598  0.727618 
20  0.653426  0.623098  0.749838  0.559983  0.615840  0.532525  0.452381  0.817220  0.685416  0.815307  0.672661  0.817713  0.533031  0.613080  0.608088  0.541372  0.434781  0.384273  0.417679  0.446449 0.0  0.414030  0.233499  0.594079  0.461966  0.555639  0.666630  0.452029  0.334895  0.553237  0.474886  0.535879  0.502642  0.511558  0.581049  0.511435  0.372797  0.487405  0.507016  0.796719  0.634755  0.616016  0.423198  0.534172  0.650182  0.654711  0.643645  0.266357  0.682715  0.476544  0.487713  0.448115  0.522236  0.683418  0.366737  0.609804  0.440207  0.603844  0.704206  0.542879  0.834484  0.376157  0.528526  0.432849  0.499455  0.399434  0.667518  0.546087  0.848509  0.490887  0.547507  0.394789  0.576803 
21  0.442457  0.674007  0.769344  0.495572  0.432839  0.568928  0.605983  0.718748  0.423157  0.818639  0.770479  0.812436  0.714079  0.498920  0.551571  0.446061  0.532063  0.571186  0.457156  0.554326  0.414030 0.0  0.553774  0.424660  0.563239  0.590156  0.632768  0.691662  0.622829  0.474857  0.331697  0.361966  0.497017  0.587445  0.474206  0.558332  0.633012  0.525156  0.605774  0.628380  0.395601  0.549998  0.541098  0.472862  0.449459  0.571817  0.476057  0.520787  0.447878  0.542648  0.526139  0.578287  0.551447  0.726000  0.598827  0.720910  0.701062  0.445730  0.683638  0.371993  0.796420  0.512704  0.660488  0.591421  0.582084  0.554707  0.573423  0.481905  0.670008  0.590349  0.531813  0.357596  0.580558 
22  0.692125  0.615777  0.647582  0.462884  0.497461  0.458475  0.563247  0.823466  0.585475  0.822576  0.639998  0.724478  0.489263  0.456854  0.638580  0.488891  0.331966  0.440238  0.529951  0.369162  0.233499  0.553774 0.0  0.565384  0.445502  0.644514  0.574212  0.468114  0.452262  0.487017  0.493272  0.550139  0.394455  0.590466  0.621765  0.569471  0.420483  0.314539  0.647513  0.646680  0.585317  0.630526  0.465561  0.505462  0.519424  0.640885  0.607185  0.349268  0.607093  0.432132  0.463040  0.393117  0.446572  0.773778  0.384494  0.520104  0.483569  0.494109  0.722439  0.489998  0.771298  0.359712  0.654613  0.459870  0.307262  0.337699  0.581172  0.569987  0.770829  0.311425  0.574733  0.432680  0.720390 
23  0.613448  0.728612  0.757083  0.523874  0.490782  0.619512  0.684972  0.805884  0.547814  0.815042  0.641679  0.771139  0.657164  0.477422  0.631187  0.634329  0.659000  0.570976  0.554215  0.576372  0.594079  0.424660  0.565384 0.0  0.551822  0.538970  0.559289  0.764692  0.559561  0.512240  0.480710  0.509507  0.466172  0.682060  0.495444  0.687688  0.607775  0.610351  0.750868  0.671617  0.620753  0.610219  0.541956  0.539560  0.604500  0.675294  0.525503  0.608390  0.498112  0.529301  0.565172  0.525271  0.467200  0.827827  0.437199  0.573817  0.748589  0.602734  0.854480  0.624447  0.882028  0.576823  0.571565  0.631371  0.514825  0.588610  0.668746  0.645184  0.877193  0.673415  0.666651  0.568156  0.688150 
24  0.621393  0.600021  0.799677  0.509855  0.481576  0.669179  0.370653  0.908661  0.742743  0.698945  0.602754  0.827317  0.617335  0.344130  0.599795  0.384910  0.550127  0.469536  0.309170  0.437605  0.461966  0.563239  0.445502  0.551822 0.0  0.566891  0.600733  0.476128  0.557003  0.478994  0.403927  0.534358  0.297849  0.597188  0.474374  0.395500  0.472633  0.322691  0.462447  0.709472  0.447303  0.485560  0.436551  0.613953  0.374649  0.642931  0.583540  0.421028  0.641325  0.373351  0.563778  0.274081  0.338683  0.677451  0.427911  0.532273  0.488000  0.386496  0.632990  0.322036  0.659996  0.422170  0.644905  0.428853  0.375323  0.436733  0.657984  0.459187  0.755656  0.445114  0.638404  0.305057  0.702496 
25  0.591298  0.583477  0.819304  0.605620  0.581627  0.518974  0.544929  0.703057  0.463344  0.716479  0.669435  0.750016  0.665036  0.731328  0.559063  0.636588  0.545075  0.782537  0.466360  0.583811  0.555639  0.590156  0.644514  0.538970  0.566891 0.0  0.612606  0.691356  0.616300  0.601047  0.465729  0.393206  0.498117  0.562029  0.703916  0.705545  0.543165  0.673963  0.686390  0.635051  0.617173  0.532503  0.657309  0.652782  0.705622  0.667112  0.550113  0.657079  0.345351  0.614545  0.582442  0.680740  0.547485  0.676826  0.627476  0.585341  0.561847  0.667536  0.770723  0.633180  0.835036  0.540824  0.523240  0.544454  0.497242  0.539949  0.607801  0.691576  0.726442  0.594731  0.676335  0.556139  0.652822 
26  0.594887  0.527990  0.728416  0.465875  0.461902  0.651596  0.696016  0.757551  0.679206  0.761234  0.726862  0.783471  0.728650  0.617417  0.594342  0.661175  0.495311  0.618480  0.631869  0.626470  0.666630  0.632768  0.574212  0.559289  0.600733  0.612606 0.0  0.555417  0.514686  0.659217  0.627781  0.542458  0.622634  0.526299  0.734709  0.517475  0.634368  0.558341  0.738093  0.569876  0.611652  0.741389  0.655236  0.635757  0.668665  0.597828  0.628892  0.568428  0.519357  0.573067  0.666725  0.587126  0.630178  0.633959  0.582252  0.785117  0.695162  0.636235  0.683352  0.489350  0.697865  0.558513  0.504799  0.585932  0.574050  0.593451  0.638397  0.596535  0.649975  0.656791  0.635559  0.621925  0.552279 
27  0.757404  0.710234  0.787951  0.342454  0.620012  0.486431  0.467731  0.960290  0.714477  0.882832  0.659366  0.878455  0.362116  0.503971  0.672381  0.509503  0.374818  0.402075  0.483640  0.604425  0.452029  0.691662  0.468114  0.764692  0.476128  0.691356  0.555417 0.0  0.404037  0.475756  0.498335  0.593353  0.507647  0.308224  0.601534  0.375982  0.369881  0.596317  0.566096  0.754994  0.412759  0.469952  0.479997  0.610747  0.587680  0.748949  0.602948  0.569904  0.512276  0.426317  0.421631  0.622613  0.429710  0.761667  0.349443  0.541809  0.566959  0.560998  0.884262  0.493247  0.790890  0.616015  0.662809  0.520040  0.509372  0.451096  0.719787  0.622782  0.793868  0.485151  0.399723  0.652577  0.759715 
28  0.652100  0.627221  0.792506  0.463155  0.642366  0.428704  0.600947  0.740649  0.601441  0.701374  0.631041  0.716982  0.383777  0.638184  0.645491  0.527770  0.344366  0.501067  0.458551  0.608273  0.334895  0.622829  0.452262  0.559561  0.557003  0.616300  0.514686  0.404037 0.0  0.546512  0.508592  0.559096  0.489501  0.410273  0.456681  0.472673  0.445153  0.462420  0.477148  0.804161  0.590637  0.492508  0.533217  0.528394  0.457470  0.676361  0.607579  0.430793  0.679229  0.567649  0.430901  0.391101  0.563482  0.824472  0.463314  0.486338  0.440934  0.492116  0.825823  0.615947  0.758651  0.447053  0.559612  0.513099  0.327826  0.466273  0.544299  0.597076  0.782053  0.526504  0.484438  0.440186  0.765090 
29  0.647038  0.573157  0.729177  0.394300  0.492195  0.503175  0.542220  0.745322  0.601892  0.761550  0.549110  0.820094  0.571968  0.424859  0.620406  0.467762  0.464465  0.426080  0.357117  0.354588  0.553237  0.474857  0.487017  0.512240  0.478994  0.601047  0.659217  0.475756  0.546512 0.0  0.513767  0.540754  0.242633  0.405820  0.368731  0.506416  0.529966  0.432763  0.552558  0.565837  0.418491  0.461408  0.489777  0.597731  0.393013  0.652228  0.514689  0.479210  0.575615  0.402150  0.493534  0.422015  0.483766  0.781207  0.460278  0.500623  0.517435  0.313360  0.733533  0.362714  0.755347  0.450399  0.660307  0.435183  0.392030  0.389117  0.526803  0.394972  0.727381  0.413953  0.492631  0.565856  0.703526 
30  0.643845  0.519898  0.600167  0.536609  0.509802  0.483633  0.397404  0.647159  0.587863  0.848848  0.600177  0.793224  0.602506  0.615019  0.562537  0.512047  0.395537  0.603414  0.531573  0.465622  0.474886  0.331697  0.493272  0.480710  0.403927  0.465729  0.627781  0.498335  0.508592  0.513767 0.0  0.352512  0.436199  0.517958  0.625242  0.398919  0.414499  0.405178  0.664594  0.738726  0.483507  0.506793  0.468035  0.411657  0.545165  0.632312  0.462568  0.469960  0.569494  0.643891  0.508044  0.395413  0.462932  0.633595  0.450886  0.445225  0.585520  0.543874  0.720956  0.568009  0.643211  0.441024  0.500022  0.450591  0.529568  0.519747  0.440681  0.552280  0.695972  0.471139  0.524890  0.394890  0.550407 
31  0.432749  0.624685  0.718901  0.472404  0.514377  0.677964  0.619390  0.638663  0.430223  0.748869  0.646791  0.827465  0.637969  0.457141  0.584198  0.566329  0.457812  0.578383  0.601644  0.505500  0.535879  0.361966  0.550139  0.509507  0.534358  0.393206  0.542458  0.593353  0.559096  0.540754  0.352512 0.0  0.579978  0.410605  0.512294  0.465579  0.549329  0.376640  0.667519  0.568983  0.345613  0.633540  0.464500  0.465112  0.513608  0.570268  0.448831  0.501531  0.379938  0.424664  0.603922  0.511253  0.438208  0.742293  0.516691  0.531849  0.605043  0.552705  0.683971  0.590425  0.783686  0.538098  0.677646  0.485740  0.569108  0.467410  0.546695  0.576704  0.717100  0.509529  0.537216  0.545550  0.595764 
32  0.637562  0.708980  0.798549  0.566569  0.544671  0.497086  0.324704  0.867387  0.638836  0.664680  0.567699  0.748730  0.503706  0.517602  0.516820  0.359551  0.375497  0.559059  0.371231  0.368235  0.502642  0.497017  0.394455  0.466172  0.297849  0.498117  0.622634  0.507647  0.489501  0.242633  0.436199  0.579978 0.0  0.561165  0.438220  0.508254  0.475571  0.455434  0.610606  0.729837  0.579894  0.416600  0.316741  0.626012  0.420272  0.711176  0.652336  0.390498  0.760189  0.385335  0.522553  0.487751  0.401389  0.747970  0.514824  0.517973  0.510424  0.474782  0.796144  0.410606  0.698132  0.298717  0.516015  0.387020  0.455411  0.473886  0.685432  0.427322  0.852423  0.500411  0.518181  0.469718  0.634841 
33  0.723730  0.666397  0.760131  0.360462  0.536258  0.502795  0.483549  0.862627  0.543976  0.939692  0.603240  0.891693  0.563651  0.553295  0.589453  0.521537  0.565091  0.335333  0.531462  0.466893  0.511558  0.587445  0.590466  0.682060  0.597188  0.562029  0.526299  0.308224  0.410273  0.405820  0.517958  0.410605  0.561165 0.0  0.608390  0.209411  0.388863  0.505742  0.596896  0.692502  0.531548  0.441152  0.460621  0.541317  0.473477  0.764492  0.641239  0.480876  0.693090  0.400912  0.319621  0.393512  0.526147  0.737746  0.330172  0.526044  0.612768  0.556669  0.904058  0.540783  0.843241  0.518877  0.715406  0.504378  0.373730  0.447311  0.859176  0.516350  0.775859  0.430618  0.351266  0.446321  0.790046 
34  0.617532  0.679751  0.754608  0.555976  0.588332  0.541814  0.620354  0.868595  0.552412  0.768751  0.434043  0.847317  0.723673  0.510830  0.691892  0.428648  0.522972  0.432878  0.462349  0.345229  0.581049  0.474206  0.621765  0.495444  0.474374  0.703916  0.734709  0.601534  0.456681  0.368731  0.625242  0.512294  0.438220  0.608390 0.0  0.635090  0.577024  0.374137  0.598162  0.605670  0.497951  0.348196  0.393972  0.545099  0.450748  0.779050  0.515392  0.503736  0.480665  0.321265  0.561139  0.404017  0.421061  0.695889  0.502168  0.519862  0.531810  0.241112  0.859859  0.314510  0.851213  0.565007  0.757738  0.427231  0.632367  0.477995  0.855299  0.318175  0.763167  0.557096  0.510865  0.416976  0.848891 
35  0.733571  0.685911  0.885551  0.358013  0.508664  0.531932  0.398622  0.730654  0.734994  0.917622  0.675508  0.886415  0.477195  0.501912  0.596371  0.452916  0.470626  0.482154  0.509119  0.628659  0.511435  0.558332  0.569471  0.687688  0.395500  0.705545  0.517475  0.375982  0.472673  0.506416  0.398919  0.465579  0.508254  0.209411  0.635090 0.0  0.501601  0.492308  0.543080  0.788731  0.583382  0.652523  0.405218  0.620461  0.492679  0.814790  0.582835  0.508726  0.628036  0.555175  0.332654  0.484745  0.498168  0.767780  0.404927  0.626941  0.609861  0.565032  0.929446  0.506721  0.870518  0.566684  0.643987  0.606864  0.514284  0.554059  0.726061  0.562151  0.848123  0.390485  0.389488  0.524075  0.836611 
36  0.653360  0.732435  0.732579  0.343423  0.548783  0.398376  0.263843  0.779792  0.681400  0.840621  0.585534  0.787893  0.501562  0.560897  0.645727  0.451198  0.355496  0.489562  0.387888  0.398976  0.372797  0.633012  0.420483  0.607775  0.472633  0.543165  0.634368  0.369881  0.445153  0.529966  0.414499  0.549329  0.475571  0.388863  0.577024  0.501601 0.0  0.509023  0.512994  0.695568  0.617381  0.611473  0.552053  0.656652  0.501384  0.601707  0.523083  0.371457  0.689077  0.512323  0.579418  0.527850  0.469656  0.759902  0.413227  0.535632  0.582293  0.546366  0.756050  0.524210  0.749865  0.479662  0.605352  0.347897  0.422296  0.428584  0.705875  0.543839  0.838572  0.481043  0.416395  0.569690  0.660173 
37  0.732297  0.577513  0.742885  0.566283  0.475778  0.575921  0.433092  0.838883  0.704065  0.802457  0.547700  0.714957  0.594406  0.626354  0.633447  0.313651  0.536151  0.553383  0.446281  0.417508  0.487405  0.525156  0.314539  0.610351  0.322691  0.673963  0.558341  0.596317  0.462420  0.432763  0.405178  0.376640  0.455434  0.505742  0.374137  0.492308  0.509023 0.0  0.619145  0.677679  0.485133  0.482974  0.457270  0.648734  0.419677  0.673189  0.583825  0.454076  0.627384  0.425366  0.475405  0.316185  0.512726  0.737680  0.442963  0.427858  0.432077  0.439441  0.806827  0.527757  0.777991  0.335252  0.518702  0.385210  0.407491  0.520503  0.621740  0.525528  0.678988  0.613117  0.443561  0.223888  0.650015 
38  0.762605  0.653662  0.775654  0.531830  0.608709  0.522581  0.532865  0.768386  0.812198  0.625397  0.689301  0.764643  0.530548  0.647044  0.686117  0.689894  0.586564  0.511008  0.492342  0.600922  0.507016  0.605774  0.647513  0.750868  0.462447  0.686390  0.738093  0.566096  0.477148  0.552558  0.664594  0.667519  0.610606  0.596896  0.598162  0.543080  0.512994  0.619145 0.0  0.853818  0.577136  0.432597  0.639089  0.576780  0.569645  0.659666  0.771136  0.499248  0.704592  0.730531  0.563447  0.539328  0.595355  0.819073  0.497477  0.538788  0.308375  0.651909  0.641064  0.607410  0.668698  0.628129  0.828223  0.583880  0.474275  0.516080  0.745463  0.652589  0.691647  0.521608  0.570943  0.583038  0.887077 
39  0.684623  0.532922  0.760976  0.688707  0.567339  0.745293  0.765524  0.663229  0.657985  0.874467  0.795850  0.753538  0.712976  0.725287  0.475544  0.733031  0.665852  0.707486  0.638756  0.662294  0.796719  0.628380  0.646680  0.671617  0.709472  0.635051  0.569876  0.754994  0.804161  0.565837  0.738726  0.568983  0.729837  0.692502  0.605670  0.788731  0.695568  0.677679  0.853818 0.0  0.748045  0.789364  0.589894  0.659188  0.680105  0.641993  0.714803  0.577321  0.687593  0.813513  0.773638  0.737874  0.680913  0.600819  0.833308  0.682244  0.828512  0.741544  0.831156  0.686063  0.674058  0.734554  0.475687  0.634939  0.731025  0.654740  0.726548  0.692662  0.815113  0.756240  0.774869  0.742524  0.657204 
40  0.643477  0.750700  0.908900  0.487953  0.280448  0.628847  0.606707  0.906380  0.509021  0.825094  0.673596  0.879179  0.640727  0.566470  0.664277  0.552539  0.551112  0.496259  0.514933  0.760099  0.634755  0.395601  0.585317  0.620753  0.447303  0.617173  0.611652  0.412759  0.590637  0.418491  0.483507  0.345613  0.579894  0.531548  0.497951  0.583382  0.617381  0.485133  0.577136  0.748045 0.0  0.573234  0.517127  0.266903  0.435036  0.736274  0.373937  0.583380  0.517914  0.582794  0.613907  0.585985  0.638524  0.705186  0.535956  0.660675  0.675695  0.467964  0.793716  0.532588  0.830278  0.581265  0.687300  0.555746  0.468673  0.570177  0.635017  0.659631  0.721140  0.525309  0.445835  0.555208  0.719571 
41  0.689365  0.723819  0.849875  0.463727  0.547439  0.528882  0.492284  0.705576  0.675963  0.734978  0.434675  0.696881  0.530168  0.492621  0.736185  0.490026  0.559639  0.573128  0.471045  0.456983  0.616016  0.549998  0.630526  0.610219  0.485560  0.532503  0.741389  0.469952  0.492508  0.461408  0.506793  0.633540  0.416600  0.441152  0.348196  0.652523  0.611473  0.482974  0.432597  0.789364  0.573234 0.0  0.457515  0.644271  0.454640  0.597335  0.543289  0.581536  0.626407  0.315283  0.572483  0.513571  0.540104  0.728564  0.461201  0.437057  0.474093  0.417319  0.768842  0.366133  0.733623  0.479192  0.799543  0.589468  0.545630  0.548134  0.678579  0.474810  0.777062  0.547390  0.624416  0.510359  0.767791 
42  0.627926  0.665144  0.861453  0.489565  0.589432  0.579034  0.438854  0.749968  0.743666  0.886343  0.448907  0.876578  0.601324  0.340371  0.570137  0.438296  0.602116  0.529672  0.311414  0.362406  0.423198  0.541098  0.465561  0.541956  0.436551  0.657309  0.655236  0.479997  0.533217  0.489777  0.468035  0.464500  0.316741  0.460621  0.393972  0.405218  0.552053  0.457270  0.639089  0.589894  0.517127  0.457515 0.0  0.605307  0.391810  0.638863  0.554035  0.549203  0.561864  0.389008  0.528375  0.286278  0.485883  0.726384  0.451930  0.393746  0.517628  0.416076  0.854478  0.410303  0.763218  0.444905  0.623053  0.352432  0.461375  0.406122  0.737609  0.439543  0.784786  0.619348  0.525662  0.348767  0.747987 
43  0.739822  0.594753  0.870215  0.512171  0.304359  0.619237  0.585213  0.973925  0.502729  0.930227  0.672599  0.787016  0.707311  0.488849  0.634909  0.499162  0.606494  0.499510  0.530386  0.600612  0.534172  0.472862  0.505462  0.539560  0.613953  0.652782  0.635757  0.610747  0.528394  0.597731  0.411657  0.465112  0.626012  0.541317  0.545099  0.620461  0.656652  0.648734  0.576780  0.659188  0.266903  0.644271  0.605307 0.0  0.575537  0.597606  0.436188  0.630678  0.559098  0.602822  0.554057  0.611269  0.667799  0.697898  0.615123  0.625809  0.610994  0.418998  0.764675  0.487247  0.740634  0.506345  0.753201  0.519745  0.486555  0.435961  0.684878  0.532328  0.830069  0.655109  0.496868  0.512400  0.745550 
44  0.721523  0.679346  0.788370  0.505149  0.475179  0.588767  0.380048  0.947023  0.610804  0.922355  0.464073  0.846526  0.653132  0.279119  0.752803  0.556249  0.565913  0.452015  0.382955  0.458531  0.650182  0.449459  0.519424  0.604500  0.374649  0.705622  0.668665  0.587680  0.457470  0.393013  0.545165  0.513608  0.420272  0.473477  0.450748  0.492679  0.501384  0.419677  0.569645  0.680105  0.435036  0.454640  0.391810  0.575537 0.0  0.701532  0.468918  0.488935  0.507973  0.402523  0.432905  0.503334  0.427829  0.778946  0.648270  0.601987  0.663051  0.358448  0.820737  0.329434  0.885636  0.496836  0.610005  0.356359  0.496617  0.579561  0.720459  0.317543  0.832866  0.540955  0.476883  0.439298  0.764213 
45  0.547018  0.633621  0.655457  0.698173  0.558612  0.681228  0.740357  0.697907  0.653766  0.537623  0.473414  0.644222  0.620009  0.698136  0.627642  0.644879  0.616973  0.734589  0.716564  0.579293  0.654711  0.571817  0.640885  0.675294  0.642931  0.667112  0.597828  0.748949  0.676361  0.652228  0.632312  0.570268  0.711176  0.764492  0.779050  0.814790  0.601707  0.673189  0.659666  0.641993  0.736274  0.597335  0.638863  0.597606  0.701532 0.0  0.707484  0.657640  0.652535  0.868137  0.744561  0.513900  0.649661  0.623916  0.589601  0.598426  0.553890  0.829872  0.637717  0.728397  0.515180  0.616273  0.658933  0.691509  0.710994  0.571938  0.600406  0.662220  0.641991  0.758086  0.747510  0.688043  0.546246 
46  0.648938  0.678222  0.844740  0.610135  0.391671  0.655162  0.546214  0.826292  0.564314  0.832979  0.662094  0.714465  0.658994  0.463081  0.589009  0.453386  0.510352  0.501376  0.549974  0.516358  0.643645  0.476057  0.607185  0.525503  0.583540  0.550113  0.628892  0.602948  0.607579  0.514689  0.462568  0.448831  0.652336  0.641239  0.515392  0.582835  0.523083  0.583825  0.771136  0.714803  0.373937  0.543289  0.554035  0.436188  0.468918  0.707484 0.0  0.592675  0.547705  0.528753  0.514049  0.663247  0.538435  0.732200  0.442350  0.620151  0.723731  0.510502  0.834788  0.520445  0.801389  0.641213  0.486664  0.511914  0.570543  0.554705  0.647035  0.493348  0.732854  0.679683  0.515824  0.543584  0.691305 
47  0.727977  0.578037  0.677426  0.561801  0.626588  0.429401  0.413168  0.793758  0.762064  0.806843  0.501908  0.750427  0.379306  0.664717  0.594167  0.541868  0.466665  0.590173  0.414536  0.512810  0.266357  0.520787  0.349268  0.608390  0.421028  0.657079  0.568428  0.569904  0.430793  0.479210  0.469960  0.501531  0.390498  0.480876  0.503736  0.508726  0.371457  0.454076  0.499248  0.577321  0.583380  0.581536  0.549203  0.630678  0.488935  0.657640  0.592675 0.0  0.691738  0.456969  0.366189  0.359369  0.470516  0.715312  0.446909  0.541758  0.395545  0.571387  0.804223  0.543728  0.741515  0.402703  0.497233  0.478808  0.506565  0.329641  0.674328  0.622852  0.875887  0.435269  0.677028  0.386957  0.686946 
48  0.528711  0.643052  0.803996  0.583973  0.536507  0.734337  0.651256  0.892040  0.401098  0.885783  0.671043  0.814365  0.727725  0.498210  0.670029  0.584617  0.614123  0.532752  0.513476  0.749376  0.682715  0.447878  0.607093  0.498112  0.641325  0.345351  0.519357  0.512276  0.679229  0.575615  0.569494  0.379938  0.760189  0.693090  0.480665  0.628036  0.689077  0.627384  0.704592  0.687593  0.517914  0.626407  0.561864  0.559098  0.507973  0.652535  0.547705  0.691738 0.0  0.659500  0.669763  0.699544  0.645468  0.692467  0.593207  0.753305  0.841518  0.550219  0.818758  0.538609  0.753869  0.584254  0.605368  0.650267  0.629497  0.723091  0.589833  0.630988  0.717267  0.667196  0.675299  0.686144  0.619924 
49  0.650580  0.775524  0.908507  0.402847  0.505710  0.551386  0.422849  0.797101  0.648144  0.860609  0.579746  0.884020  0.660261  0.383261  0.687631  0.547054  0.552569  0.552633  0.360561  0.472119  0.476544  0.542648  0.432132  0.529301  0.373351  0.614545  0.573067  0.426317  0.567649  0.402150  0.643891  0.424664  0.385335  0.400912  0.321265  0.555175  0.512323  0.425366  0.730531  0.813513  0.582794  0.315283  0.389008  0.602822  0.402523  0.868137  0.528753  0.456969  0.659500 0.0  0.553913  0.377063  0.559063  0.685715  0.628674  0.493081  0.573967  0.379501  1.000000  0.376688  0.931521  0.450496  0.763467  0.568898  0.551787  0.590228  0.673175  0.342159  0.779890  0.588154  0.480848  0.314296  0.724070 
50  0.589713  0.695765  0.798517  0.352979  0.580795  0.397994  0.430321  0.753593  0.681147  0.823613  0.497091  0.694992  0.411489  0.534382  0.640548  0.487074  0.385307  0.303994  0.344752  0.417479  0.487713  0.526139  0.463040  0.565172  0.563778  0.582442  0.666725  0.421631  0.430901  0.493534  0.508044  0.603922  0.522553  0.319621  0.561139  0.332654  0.579418  0.475405  0.563447  0.773638  0.613907  0.572483  0.528375  0.554057  0.432905  0.744561  0.514049  0.366189  0.669763  0.553913 0.0  0.442017  0.489524  0.733975  0.352370  0.529884  0.615261  0.489308  0.819089  0.455976  0.792967  0.542332  0.717866  0.435817  0.401557  0.332481  0.740200  0.547309  0.762545  0.373150  0.469974  0.545146  0.695547 
51  0.662149  0.732874  0.716039  0.373577  0.485992  0.605019  0.445648  0.886509  0.604173  0.868322  0.504659  0.689538  0.630891  0.555807  0.579890  0.360191  0.508942  0.583608  0.437947  0.394167  0.448115  0.578287  0.393117  0.525271  0.274081  0.680740  0.587126  0.622613  0.391101  0.422015  0.395413  0.511253  0.487751  0.393512  0.404017  0.484745  0.527850  0.316185  0.539328  0.737874  0.585985  0.513571  0.286278  0.611269  0.503334  0.513900  0.663247  0.359369  0.699544  0.377063  0.442017 0.0  0.383274  0.766844  0.523898  0.342637  0.598609  0.425927  0.699170  0.521640  0.760115  0.313515  0.502423  0.271379  0.443818  0.573097  0.583337  0.438390  0.790987  0.596066  0.519399  0.213922  0.556570 
52  0.688761  0.620141  0.723257  0.582083  0.493217  0.639988  0.287605  0.827907  0.621276  0.763292  0.498153  0.867604  0.548367  0.563435  0.539864  0.414517  0.492332  0.536157  0.240543  0.457372  0.522236  0.551447  0.446572  0.467200  0.338683  0.547485  0.630178  0.429710  0.563482  0.483766  0.462932  0.438208  0.401389  0.526147  0.421061  0.498168  0.469656  0.512726  0.595355  0.680913  0.638524  0.540104  0.485883  0.667799  0.427829  0.649661  0.538435  0.470516  0.645468  0.559063  0.489524  0.383274 0.0  0.706750  0.355783  0.438737  0.626868  0.560741  0.842108  0.372418  0.783232  0.431366  0.636883  0.372098  0.471938  0.359164  0.686561  0.504836  0.721052  0.472836  0.472644  0.344108  0.704202 
53  0.692672  0.700493  0.411355  0.892231  0.776800  0.759815  0.737836  0.452513  0.827207  0.648048  0.784997  0.695028  0.695948  0.599586  0.646690  0.956372  0.706108  0.765380  0.750418  0.673140  0.683418  0.726000  0.773778  0.827827  0.677451  0.676826  0.633959  0.761667  0.824472  0.781207  0.633595  0.742293  0.747970  0.737746  0.695889  0.767780  0.759902  0.737680  0.819073  0.600819  0.705186  0.728564  0.726384  0.697898  0.778946  0.623916  0.732200  0.715312  0.692467  0.685715  0.733975  0.766844  0.706750 0.0  0.697196  0.735512  0.683691  0.726782  0.501602  0.788376  0.552837  0.798197  0.674000  0.729219  0.636412  0.780149  0.735842  0.810821  0.632020  0.668834  0.834097  0.745476  0.787789 
