73
0 0.0  0.523072  0.670404  0.477338  0.501116  0.518165  0.511696  0.511223  0.408241  0.573668  0.698574  0.434305  0.509384  0.463631  0.457443  0.384306  0.747419  0.570033  0.365014  0.761737  0.514126  0.485547  0.520572  0.542024  0.283436  0.476341  0.405546  0.404409  0.541226  0.459540  0.529376  0.225491  0.337401  0.433966  0.761820  0.567431  0.382698  0.378182  0.537790  0.344583  0.581174  0.455263  0.805694  0.513785  0.356942  0.417660  0.453506  0.475417  0.449176  0.442515  0.359560  0.393420  0.715457  0.480116  0.724150  0.689976  0.499258  0.402778  0.457040  0.712336  0.381817  0.374047  0.390308  0.599468  0.731633  0.590053  0.572060  0.461886  0.532023  0.589907  0.438091  0.501080  0.304390 
1  0.523072 0.0  0.752625  0.613188  0.515245  0.679706  0.412530  0.522540  0.517691  0.592070  0.808869  0.606830  0.491397  0.595875  0.647333  0.576207  0.843403  0.720537  0.540869  0.701285  0.556721  0.647868  0.436012  0.438742  0.548948  0.638370  0.596206  0.592125  0.706316  0.643050  0.700820  0.611670  0.638591  0.501906  0.763465  0.576761  0.533859  0.613415  0.614105  0.639322  0.530975  0.614720  0.542690  0.760071  0.651935  0.671848  0.471394  0.565994  0.664945  0.707133  0.636099  0.594240  0.731701  0.588568  0.705803  0.625936  0.509051  0.544654  0.611218  0.741899  0.606679  0.646123  0.551160  0.551383  0.779032  0.587420  0.638920  0.592954  0.659307  0.463370  0.596244  0.549348  0.650534 
2  0.670404  0.752625 0.0  0.861246  0.886273  0.679311  0.662691  0.715304  0.784244  0.794198  0.532304  0.769336  0.885518  0.738105  0.825529  0.654627  0.539352  0.711227  0.707451  0.774279  0.777858  0.782660  0.692708  0.844615  0.718328  0.843448  0.773786  0.662306  0.695863  0.772614  0.741572  0.676777  0.725138  0.754598  0.584481  0.760875  0.771325  0.847508  0.878910  0.799118  0.793554  0.755744  0.719702  0.648030  0.779522  0.826451  0.776510  0.828715  0.799531  0.773215  0.759467  0.882003  0.526331  0.813945  0.687606  0.688262  0.861028  0.778637  0.798795  0.820745  0.827757  0.845461  0.913847  0.841923  0.402879  0.835263  0.653469  0.872920  0.801354  0.791644  0.882144  0.719838  0.732173 
3  0.477338  0.613188  0.861246 0.0  0.255997  0.403363  0.498381  0.520517  0.372915  0.287493  0.770515  0.466130  0.504162  0.602628  0.549982  0.553590  0.766333  0.485836  0.391574  0.670968  0.406252  0.505965  0.457847  0.353977  0.474556  0.426459  0.466034  0.359743  0.582956  0.623562  0.677450  0.428743  0.533863  0.430150  0.844777  0.511391  0.442597  0.469285  0.503087  0.399467  0.522840  0.486196  0.696066  0.407598  0.426235  0.470830  0.435957  0.548479  0.460624  0.579836  0.451709  0.306815  0.790442  0.501929  0.601432  0.631506  0.301011  0.533154  0.532637  0.646649  0.423156  0.479848  0.433855  0.711354  0.904918  0.336590  0.556021  0.361135  0.332676  0.621378  0.561122  0.507165  0.402809 
4  0.501116  0.515245  0.886273  0.255997 0.0  0.591369  0.574182  0.531033  0.474430  0.279784  0.758398  0.428284  0.556758  0.555077  0.447271  0.532081  0.912073  0.421881  0.482971  0.783018  0.436962  0.446994  0.532761  0.148122  0.586888  0.549627  0.409185  0.539153  0.537880  0.567511  0.734417  0.469856  0.340137  0.509950  0.729446  0.506423  0.509890  0.497115  0.495169  0.593366  0.455257  0.470141  0.689940  0.387976  0.397763  0.517278  0.267398  0.422188  0.462378  0.598679  0.488311  0.308040  0.986980  0.383185  0.644516  0.722775  0.333258  0.588856  0.554935  0.671883  0.375525  0.531168  0.383146  0.708441  0.833617  0.374366  0.635238  0.425672  0.431393  0.512186  0.468077  0.396506  0.544128 
5  0.518165  0.679706  0.679311  0.403363  0.591369 0.0  0.627408  0.568046  0.580436  0.482132  0.573159  0.393206  0.655618  0.473207  0.577286  0.506440  0.738327  0.497760  0.476173  0.951208  0.552300  0.589843  0.616444  0.467990  0.490962  0.760755  0.578227  0.578352  0.506213  0.496405  0.714773  0.495093  0.506964  0.646155  0.758649  0.387413  0.611625  0.571558  0.537966  0.550036  0.682322  0.464624  0.838892  0.404765  0.498931  0.460942  0.341962  0.440811  0.494054  0.379431  0.539199  0.339958  0.692832  0.633598  0.690740  0.795184  0.455458  0.614567  0.580637  0.769384  0.506519  0.482583  0.533046  0.821304  0.688865  0.536465  0.726427  0.522428  0.527553  0.706022  0.542863  0.429059  0.596121 
6  0.511696  0.412530  0.662691  0.498381  0.574182  0.627408 0.0  0.618737  0.580948  0.543493  0.703759  0.479214  0.595962  0.413229  0.602716  0.554926  0.801532  0.646828  0.446422  0.695513  0.451679  0.519294  0.427840  0.574654  0.453608  0.655321  0.537883  0.429928  0.532087  0.700956  0.603460  0.543710  0.508084  0.630952  0.685828  0.602506  0.408557  0.447061  0.535157  0.465838  0.574802  0.570931  0.664643  0.530677  0.512852  0.473155  0.470696  0.583638  0.445021  0.752136  0.446393  0.504836  0.643778  0.516874  0.514501  0.586368  0.539507  0.525020  0.659970  0.616331  0.441590  0.545946  0.523095  0.580187  0.625712  0.639256  0.519931  0.528595  0.453902  0.597763  0.567736  0.464045  0.494904 
7  0.511223  0.522540  0.715304  0.520517  0.531033  0.568046  0.618737 0.0  0.398649  0.532211  0.795044  0.419502  0.373660  0.323588  0.351027  0.460350  0.755446  0.476396  0.464646  0.679709  0.340121  0.518777  0.518732  0.526646  0.354278  0.398484  0.371104  0.323381  0.535744  0.580833  0.673461  0.363373  0.276620  0.409344  0.764467  0.497376  0.368420  0.353560  0.442706  0.295835  0.332968  0.472213  0.570187  0.452488  0.414084  0.419963  0.359633  0.565155  0.348059  0.414876  0.466500  0.437081  0.785481  0.416988  0.698994  0.598626  0.556271  0.478130  0.470229  0.669091  0.411095  0.375883  0.265854  0.567163  0.728174  0.378986  0.554308  0.415279  0.557846  0.532152  0.445094  0.441807  0.360238 
8  0.408241  0.517691  0.784244  0.372915  0.474430  0.580436  0.580948  0.398649 0.0  0.533370  0.744679  0.479435  0.335107  0.390182  0.414373  0.425105  0.648190  0.557051  0.279638  0.716854  0.371881  0.435241  0.445977  0.498900  0.371990  0.414174  0.376234  0.369318  0.604770  0.438157  0.569789  0.441978  0.466787  0.468486  0.764180  0.564995  0.323145  0.208833  0.320453  0.334419  0.415855  0.343335  0.742544  0.452451  0.428295  0.365713  0.381827  0.504655  0.296685  0.527748  0.110360  0.410520  0.722266  0.423993  0.675470  0.564249  0.521069  0.570991  0.518956  0.588187  0.457502  0.427502  0.358446  0.673855  0.693325  0.541597  0.513269  0.423846  0.479239  0.505338  0.457706  0.433007  0.381388 
9  0.573668  0.592070  0.794198  0.287493  0.279784  0.482132  0.543493  0.532211  0.533370 0.0  0.944714  0.377638  0.456799  0.452279  0.532536  0.544381  0.780399  0.424728  0.378687  0.676436  0.430215  0.426128  0.481951  0.238068  0.569187  0.563377  0.536737  0.468288  0.489662  0.655250  0.644204  0.480244  0.465802  0.474610  0.816873  0.541604  0.502652  0.462165  0.398547  0.422888  0.426955  0.428235  0.719425  0.464044  0.502914  0.354070  0.300626  0.403063  0.515134  0.430394  0.414794  0.211774  0.747496  0.462557  0.760702  0.715399  0.455468  0.461426  0.514689  0.608314  0.485040  0.468878  0.399964  0.603047  0.796843  0.409018  0.601952  0.309285  0.374006  0.571475  0.444510  0.395648  0.484942 
10  0.698574  0.808869  0.532304  0.770515  0.758398  0.573159  0.703759  0.795044  0.744679  0.944714 0.0  0.625757  0.723701  0.749715  0.763715  0.645242  0.646326  0.859859  0.738752  0.696197  0.809250  0.811658  0.744538  0.810482  0.845557  0.853383  0.805551  0.802868  0.672977  0.462680  0.660630  0.773079  0.847607  0.855710  0.617391  0.675909  0.763827  0.768090  0.811877  0.750714  0.836132  0.808001  0.807931  0.693558  0.843323  0.755287  0.850162  0.931806  0.829487  0.626761  0.762914  0.908658  0.334688  0.909603  0.807181  0.727397  0.850323  0.837579  0.908814  0.739413  0.821828  0.800102  0.769399  0.730615  0.493295  0.843164  0.630068  0.801579  0.802482  0.822279  0.714364  0.666721  0.727466 
11  0.434305  0.606830  0.769336  0.466130  0.428284  0.393206  0.479214  0.419502  0.479435  0.377638  0.625757 0.0  0.564142  0.382914  0.592925  0.422364  0.656003  0.471104  0.372984  0.756905  0.360050  0.379970  0.536168  0.469299  0.475348  0.567392  0.383710  0.396683  0.586469  0.552303  0.625639  0.447929  0.434104  0.613310  0.735156  0.366566  0.451220  0.335817  0.557891  0.467842  0.444627  0.331310  0.585342  0.412919  0.313891  0.434507  0.310202  0.382670  0.340129  0.506163  0.426372  0.337857  0.798200  0.461285  0.497013  0.636338  0.385693  0.331049  0.536843  0.601067  0.508082  0.334310  0.461087  0.539463  0.841490  0.332432  0.557431  0.476330  0.440029  0.541462  0.357533  0.468213  0.477399 
12  0.509384  0.491397  0.885518  0.504162  0.556758  0.655618  0.595962  0.373660  0.335107  0.456799  0.723701  0.564142 0.0  0.459679  0.368233  0.458801  0.788738  0.587405  0.491528  0.666958  0.575724  0.686217  0.583008  0.483520  0.494155  0.366353  0.377832  0.434475  0.728360  0.606002  0.617640  0.416671  0.459707  0.306368  0.813695  0.560725  0.365494  0.427260  0.400217  0.553148  0.269037  0.517359  0.691958  0.551924  0.543609  0.589478  0.487250  0.562229  0.482359  0.624254  0.449381  0.497895  0.745107  0.311282  0.698488  0.640303  0.462065  0.401137  0.447676  0.698136  0.429152  0.521149  0.502392  0.549214  0.830026  0.566024  0.701223  0.515645  0.535519  0.555646  0.505914  0.558096  0.408302 
13  0.463631  0.595875  0.738105  0.602628  0.555077  0.473207  0.413229  0.323588  0.390182  0.452279  0.749715  0.382914  0.459679 0.0  0.494509  0.436788  0.751364  0.535119  0.433317  0.725775  0.431524  0.458632  0.479774  0.469437  0.205983  0.521091  0.410287  0.344034  0.453233  0.550855  0.703202  0.388326  0.436246  0.512506  0.639621  0.602872  0.427456  0.216031  0.395551  0.430498  0.490484  0.407657  0.625151  0.534711  0.464483  0.500958  0.311725  0.393417  0.380570  0.486385  0.305398  0.489191  0.763266  0.472906  0.567750  0.500432  0.411098  0.525320  0.483735  0.685760  0.428037  0.433908  0.386484  0.597229  0.768333  0.456577  0.579819  0.326532  0.433846  0.603948  0.471433  0.526371  0.486569 
14  0.457443  0.647333  0.825529  0.549982  0.447271  0.577286  0.602716  0.351027  0.414373  0.532536  0.763715  0.592925  0.368233  0.494509 0.0  0.480419  0.793496  0.717098  0.381969  0.608273  0.426860  0.547000  0.481182  0.558165  0.327200  0.240563  0.453877  0.471298  0.572994  0.510572  0.635534  0.428968  0.451566  0.234841  0.836870  0.584150  0.510953  0.471442  0.359703  0.567139  0.459908  0.455324  0.664228  0.465807  0.540630  0.557745  0.561838  0.526634  0.514184  0.618922  0.445965  0.553484  0.707744  0.401108  0.718524  0.625570  0.409095  0.415020  0.388070  0.675594  0.564272  0.540912  0.418909  0.587756  0.713632  0.468879  0.626169  0.494838  0.427977  0.543731  0.572972  0.458126  0.413235 
15  0.384306  0.576207  0.654627  0.553590  0.532081  0.506440  0.554926  0.460350  0.425105  0.544381  0.645242  0.422364  0.458801  0.436788  0.480419 0.0  0.767410  0.461811  0.398059  0.711269  0.443339  0.554718  0.561709  0.690427  0.356018  0.440521  0.424432  0.409315  0.640054  0.324493  0.717743  0.283959  0.384750  0.559370  0.694568  0.460867  0.395386  0.467217  0.562916  0.293874  0.497250  0.651151  0.721103  0.458891  0.553890  0.420924  0.474938  0.522362  0.509227  0.464376  0.474803  0.534981  0.660211  0.559563  0.727751  0.733795  0.504866  0.656772  0.476415  0.788828  0.559063  0.284369  0.347255  0.675957  0.627716  0.519998  0.709241  0.534356  0.446792  0.627028  0.539083  0.443280  0.389236 
16  0.747419  0.843403  0.539352  0.766333  0.912073  0.738327  0.801532  0.755446  0.648190  0.780399  0.646326  0.656003  0.788738  0.751364  0.793496  0.767410 0.0  0.556857  0.675797  0.854418  0.749133  0.679508  0.750577  0.750323  0.780886  0.706921  0.833374  0.784336  0.579740  0.679689  0.718000  0.749836  0.663627  0.856928  0.309290  0.789550  0.666365  0.751132  0.851573  0.736242  0.881115  0.752330  0.809509  0.689627  0.687351  0.764000  0.735758  0.637205  0.750198  0.750725  0.762918  0.850130  0.668379  0.828956  0.710901  0.664598  0.811972  0.820451  0.865928  0.742313  0.690948  0.695491  0.780809  0.810930  0.365183  0.791303  0.652973  0.771526  0.749554  0.856562  0.739550  0.726239  0.795366 
17  0.570033  0.720537  0.711227  0.485836  0.421881  0.497760  0.646828  0.476396  0.557051  0.424728  0.859859  0.471104  0.587405  0.535119  0.717098  0.461811  0.556857 0.0  0.538183  0.749911  0.518345  0.596138  0.625661  0.440746  0.569455  0.713181  0.601642  0.602724  0.444627  0.647433  0.740811  0.637233  0.541579  0.731633  0.652476  0.470462  0.555207  0.544685  0.549690  0.524821  0.622492  0.481721  0.806151  0.291794  0.562434  0.522874  0.381296  0.455678  0.537437  0.576727  0.520608  0.300143  0.711327  0.684896  0.838937  0.886933  0.621540  0.615093  0.651490  0.782505  0.557809  0.529422  0.462195  0.755407  0.557624  0.546582  0.707178  0.473640  0.564199  0.667294  0.554897  0.512220  0.588588 
18  0.365014  0.540869  0.707451  0.391574  0.482971  0.476173  0.446422  0.464646  0.279638  0.378687  0.738752  0.372984  0.491528  0.433317  0.381969  0.398059  0.675797  0.538183 0.0  0.723890  0.263180  0.422256  0.470207  0.395962  0.415874  0.344645  0.423182  0.527452  0.440210  0.540698  0.477526  0.410294  0.477296  0.427031  0.698760  0.590645  0.345865  0.400817  0.411504  0.406313  0.568689  0.375604  0.659511  0.517080  0.358478  0.523717  0.460795  0.404125  0.448975  0.551941  0.360302  0.374181  0.662690  0.329212  0.562903  0.620596  0.522116  0.528650  0.386248  0.663383  0.441503  0.437683  0.370257  0.629830  0.661928  0.504184  0.574189  0.398893  0.598924  0.559710  0.434653  0.362249  0.436418 
19  0.761737  0.701285  0.774279  0.670968  0.783018  0.951208  0.695513  0.679709  0.716854  0.676436  0.696197  0.756905  0.666958  0.725775  0.608273  0.711269  0.854418  0.749911  0.723890 0.0  0.666366  0.711231  0.523901  0.713683  0.783750  0.610583  0.717312  0.723993  0.906466  0.905004  0.582173  0.707711  0.781758  0.663888  0.774879  0.788360  0.771886  0.767514  0.687782  0.742331  0.605583  0.721247  0.370569  0.762279  0.682135  0.677594  0.740361  0.775655  0.715525  0.791479  0.655899  0.695160  0.832558  0.655043  0.630654  0.550454  0.731487  0.589679  0.631822  0.701880  0.632616  0.660613  0.716649  0.589967  0.783629  0.689990  0.595102  0.704615  0.750177  0.654247  0.746118  0.754440  0.655086 
20  0.514126  0.556721  0.777858  0.406252  0.436962  0.552300  0.451679  0.340121  0.371881  0.430215  0.809250  0.360050  0.575724  0.431524  0.426860  0.443339  0.749133  0.518345  0.263180  0.666366 0.0  0.502877  0.579582  0.418451  0.492673  0.566656  0.519675  0.384356  0.471681  0.511933  0.536488  0.426504  0.497001  0.403453  0.839195  0.537568  0.386273  0.465844  0.428261  0.384427  0.552152  0.318391  0.718419  0.500417  0.413666  0.289198  0.363905  0.460838  0.446050  0.552123  0.413628  0.385195  0.702989  0.538497  0.598797  0.639080  0.359605  0.510818  0.437328  0.574325  0.444430  0.355660  0.376214  0.554482  0.795220  0.517014  0.647612  0.398962  0.512628  0.581626  0.345795  0.419884  0.507456 
21  0.485547  0.647868  0.782660  0.505965  0.446994  0.589843  0.519294  0.518777  0.435241  0.426128  0.811658  0.379970  0.686217  0.458632  0.547000  0.554718  0.679508  0.596138  0.422256  0.711231  0.502877 0.0  0.486146  0.546436  0.514880  0.650913  0.441175  0.551285  0.602180  0.605188  0.602514  0.438807  0.504523  0.507962  0.725367  0.537141  0.494491  0.536873  0.641421  0.444682  0.633114  0.378828  0.755434  0.413694  0.380060  0.526568  0.558686  0.362121  0.362837  0.536108  0.509952  0.385950  0.817096  0.573054  0.689977  0.760077  0.502697  0.618470  0.603312  0.639634  0.503489  0.474293  0.441969  0.604007  0.744437  0.624122  0.600512  0.483106  0.463991  0.568050  0.456066  0.489774  0.549642 
22  0.520572  0.436012  0.692708  0.457847  0.532761  0.616444  0.427840  0.518732  0.445977  0.481951  0.744538  0.536168  0.583008  0.479774  0.481182  0.561709  0.750577  0.625661  0.470207  0.523901  0.579582  0.486146 0.0  0.596005  0.486562  0.400136  0.424414  0.514872  0.652502  0.686552  0.535941  0.539709  0.454545  0.530215  0.783773  0.645844  0.473958  0.491281  0.449635  0.492021  0.500368  0.444756  0.636705  0.491996  0.473461  0.484715  0.566861  0.458788  0.374494  0.652260  0.408505  0.472520  0.678245  0.533219  0.567564  0.578834  0.433653  0.568814  0.523209  0.536675  0.623382  0.463171  0.455134  0.420310  0.713733  0.485603  0.609886  0.464986  0.482527  0.463733  0.425952  0.465083  0.474993 
23  0.542024  0.438742  0.844615  0.353977  0.148122  0.467990  0.574654  0.526646  0.498900  0.238068  0.810482  0.469299  0.483520  0.469437  0.558165  0.690427  0.750323  0.440746  0.395962  0.713683  0.418451  0.546436  0.596005 0.0  0.561319  0.441038  0.491252  0.516158  0.641408  0.673044  0.600433  0.453854  0.514095  0.546786  0.800179  0.598569  0.533475  0.544844  0.505887  0.544067  0.477011  0.444939  0.692023  0.489094  0.484492  0.520291  0.376584  0.566816  0.468258  0.562760  0.404090  0.395433  0.889941  0.466483  0.722300  0.737713  0.389398  0.543008  0.584854  0.664157  0.510402  0.496543  0.487772  0.508610  0.895437  0.279438  0.681363  0.446663  0.553007  0.582272  0.428734  0.433923  0.434582 
24  0.283436  0.548948  0.718328  0.474556  0.586888  0.490962  0.453608  0.354278  0.371990  0.569187  0.845557  0.475348  0.494155  0.205983  0.327200  0.356018  0.780886  0.569455  0.415874  0.783750  0.492673  0.514880  0.486562  0.561319 0.0  0.338962  0.379572  0.449232  0.610924  0.407547  0.639072  0.421597  0.267939  0.478666  0.788304  0.590657  0.527219  0.367472  0.415865  0.346319  0.522355  0.505941  0.684447  0.518137  0.479828  0.421508  0.324598  0.575718  0.415492  0.537746  0.404314  0.430862  0.722374  0.417771  0.598135  0.726375  0.426222  0.575062  0.537264  0.591886  0.578319  0.420216  0.308031  0.712490  0.779397  0.460348  0.547615  0.449161  0.538068  0.492968  0.438752  0.425930  0.374398 
25  0.476341  0.638370  0.843448  0.426459  0.549627  0.760755  0.655321  0.398484  0.414174  0.563377  0.853383  0.567392  0.366353  0.521091  0.240563  0.440521  0.706921  0.713181  0.344645  0.610583  0.566656  0.650913  0.400136  0.441038  0.338962 0.0  0.496009  0.413262  0.665496  0.567506  0.624397  0.371287  0.366051  0.305894  0.832039  0.634183  0.425048  0.450568  0.335622  0.491671  0.231445  0.518483  0.627306  0.530651  0.539404  0.471861  0.552801  0.526555  0.473106  0.619835  0.508999  0.522209  0.909494  0.169176  0.632954  0.783664  0.492535  0.325245  0.191593  0.783986  0.452218  0.493157  0.566342  0.659630  0.878338  0.442910  0.723056  0.506171  0.595211  0.437280  0.533411  0.442156  0.436049 
26  0.405546  0.596206  0.773786  0.466034  0.409185  0.578227  0.537883  0.371104  0.376234  0.536737  0.805551  0.383710  0.377832  0.410287  0.453877  0.424432  0.833374  0.601642  0.423182  0.717312  0.519675  0.441175  0.424414  0.491252  0.379572  0.496009 0.0  0.526146  0.559614  0.566266  0.713284  0.376847  0.479685  0.283671  0.735201  0.608223  0.348352  0.374011  0.451614  0.426089  0.315188  0.507408  0.634300  0.553851  0.500763  0.545515  0.348027  0.622498  0.375444  0.417615  0.376294  0.396177  0.713898  0.337291  0.680124  0.756339  0.495241  0.416118  0.422802  0.679643  0.520325  0.393987  0.417267  0.568918  0.827192  0.478341  0.699469  0.435656  0.500198  0.413411  0.474751  0.444313  0.330967 
27  0.404409  0.592125  0.662306  0.359743  0.539153  0.578352  0.429928  0.323381  0.369318  0.468288  0.802868  0.396683  0.434475  0.344034  0.471298  0.409315  0.784336  0.602724  0.527452  0.723993  0.384356  0.551285  0.514872  0.516158  0.449232  0.413262  0.526146 0.0  0.527230  0.562477  0.449239  0.488881  0.360281  0.441518  0.759358  0.493938  0.394265  0.327991  0.469620  0.402049  0.397299  0.524825  0.565571  0.686542  0.426080  0.398454  0.513644  0.443263  0.572406  0.407948  0.342506  0.603302  0.750623  0.459626  0.600212  0.654910  0.508763  0.509872  0.427821  0.664656  0.489983  0.402862  0.321631  0.633443  0.851202  0.524151  0.517720  0.519118  0.554761  0.590743  0.496114  0.395831  0.522433 
28  0.541226  0.706316  0.695863  0.582956  0.537880  0.506213  0.532087  0.535744  0.604770  0.489662  0.672977  0.586469  0.728360  0.453233  0.572994  0.640054  0.579740  0.444627  0.440210  0.906466  0.471681  0.602180  0.652502  0.641408  0.610924  0.665496  0.559614  0.527230 0.0  0.504887  0.753868  0.636848  0.538189  0.538425  0.635867  0.487818  0.594136  0.508980  0.647938  0.535667  0.621503  0.526244  0.710246  0.458758  0.537895  0.570108  0.574224  0.511696  0.606267  0.525369  0.560927  0.534201  0.754331  0.660795  0.677869  0.643244  0.768509  0.648874  0.594956  0.738810  0.678456  0.469580  0.585407  0.754380  0.631770  0.543840  0.723584  0.522934  0.574066  0.685378  0.477246  0.448713  0.527218 
29  0.459540  0.643050  0.772614  0.623562  0.567511  0.496405  0.700956  0.580833  0.438157  0.655250  0.462680  0.552303  0.606002  0.550855  0.510572  0.324493  0.679689  0.647433  0.540698  0.905004  0.511933  0.605188  0.686552  0.673044  0.407547  0.567506  0.566266  0.562477  0.504887 0.0  0.775762  0.550377  0.465618  0.681867  0.778792  0.548260  0.444056  0.420579  0.517507  0.530515  0.594342  0.579591  0.731093  0.460120  0.639564  0.512382  0.603230  0.563633  0.394857  0.339153  0.366032  0.425576  0.664374  0.649493  0.835182  0.762914  0.496412  0.619588  0.577318  0.839231  0.651403  0.490591  0.442390  0.749567  0.796135  0.572558  0.708991  0.438418  0.564906  0.669372  0.619683  0.495126  0.556864 
30  0.529376  0.700820  0.741572  0.677450  0.734417  0.714773  0.603460  0.673461  0.569789  0.644204  0.660630  0.625639  0.617640  0.703202  0.635534  0.717743  0.718000  0.740811  0.477526  0.582173  0.536488  0.602514  0.535941  0.600433  0.639072  0.624397  0.713284  0.449239  0.753868  0.775762 0.0  0.479435  0.715525  0.689334  0.690718  0.802539  0.594738  0.602561  0.571672  0.605502  0.590129  0.612466  0.459882  0.664913  0.618512  0.699286  0.440618  0.619357  0.559061  0.631438  0.673673  0.593202  0.753280  0.638501  0.623957  0.477707  0.601721  0.699432  0.542985  0.620442  0.751437  0.617426  0.612428  0.709387  0.546245  0.711757  0.650621  0.581198  0.497977  0.623439  0.560622  0.616534  0.619650 
31  0.225491  0.611670  0.676777  0.428743  0.469856  0.495093  0.543710  0.363373  0.441978  0.480244  0.773079  0.447929  0.416671  0.388326  0.428968  0.283959  0.749836  0.637233  0.410294  0.707711  0.426504  0.438807  0.539709  0.453854  0.421597  0.371287  0.376847  0.488881  0.636848  0.550377  0.479435 0.0  0.284836  0.490800  0.784357  0.494641  0.274502  0.377780  0.462355  0.330281  0.446110  0.514891  0.732463  0.544596  0.492813  0.389355  0.340133  0.466279  0.417548  0.459829  0.398366  0.404102  0.864593  0.535297  0.583618  0.679002  0.483378  0.456924  0.414070  0.736086  0.479084  0.307680  0.482947  0.675514  0.798480  0.568874  0.557728  0.398119  0.548751  0.545044  0.423118  0.449614  0.444750 
32  0.337401  0.638591  0.725138  0.533863  0.340137  0.506964  0.508084  0.276620  0.466787  0.465802  0.847607  0.434104  0.459707  0.436246  0.451566  0.384750  0.663627  0.541579  0.477296  0.781758  0.497001  0.504523  0.454545  0.514095  0.267939  0.366051  0.479685  0.360281  0.538189  0.465618  0.715525  0.284836 0.0  0.520165  0.781704  0.623986  0.393913  0.449998  0.505803  0.255000  0.345413  0.504827  0.709743  0.526840  0.510482  0.386613  0.327490  0.529753  0.337615  0.542068  0.419989  0.396234  0.782151  0.462056  0.581091  0.732408  0.479046  0.477705  0.375496  0.611803  0.456143  0.199716  0.472592  0.541423  0.825257  0.510575  0.604965  0.482597  0.462932  0.518982  0.488428  0.427974  0.273134 
33  0.433966  0.501906  0.754598  0.430150  0.509950  0.646155  0.630952  0.409344  0.468486  0.474610  0.855710  0.613310  0.306368  0.512506  0.234841  0.559370  0.856928  0.731633  0.427031  0.663888  0.403453  0.507962  0.530215  0.546786  0.478666  0.305894  0.283671  0.441518  0.538425  0.681867  0.689334  0.490800  0.520165 0.0  0.864487  0.725717  0.530273  0.497991  0.331558  0.348558  0.238295  0.646609  0.740837  0.583628  0.560936  0.542054  0.470545  0.592403  0.566388  0.616673  0.546508  0.589903  0.797739  0.350347  0.716687  0.756644  0.385338  0.390101  0.466175  0.690691  0.540152  0.423754  0.473711  0.600970  0.926033  0.584931  0.706989  0.560972  0.563026  0.466482  0.513039  0.597403  0.423296 
34  0.761820  0.763465  0.584481  0.844777  0.729446  0.758649  0.685828  0.764467  0.764180  0.816873  0.617391  0.735156  0.813695  0.639621  0.836870  0.694568  0.309290  0.652476  0.698760  0.774879  0.839195  0.725367  0.783773  0.800179  0.788304  0.832039  0.735201  0.759358  0.635867  0.778792  0.690718  0.784357  0.781704  0.864487 0.0  0.743750  0.754355  0.795187  0.858258  0.730064  0.862312  0.887379  0.667359  0.704830  0.729465  0.778510  0.754111  0.856128  0.758667  0.774412  0.787410  0.783247  0.605922  0.817497  0.601392  0.682968  0.832356  0.897947  0.895018  0.795482  0.832117  0.811062  0.686208  0.868538  0.383375  0.875172  0.632935  0.789352  0.788133  0.740637  0.792712  0.841911  0.838440 
35  0.567431  0.576761  0.760875  0.511391  0.506423  0.387413  0.602506  0.497376  0.564995  0.541604  0.675909  0.366566  0.560725  0.602872  0.584150  0.460867  0.789550  0.470462  0.590645  0.788360  0.537568  0.537141  0.645844  0.598569  0.590657  0.634183  0.608223  0.493938  0.487818  0.548260  0.802539  0.494641  0.623986  0.725717  0.743750 0.0  0.524198  0.619617  0.680006  0.494034  0.615012  0.470575  0.826648  0.371459  0.465952  0.516400  0.481935  0.435232  0.393687  0.281089  0.600316  0.446966  0.615431  0.669400  0.761006  0.662015  0.552464  0.711050  0.580366  0.740253  0.556533  0.553997  0.531532  0.820642  0.712435  0.569572  0.791724  0.509784  0.542022  0.706035  0.461980  0.552903  0.642015 
36  0.382698  0.533859  0.771325  0.442597  0.509890  0.611625  0.408557  0.368420  0.323145  0.502652  0.763827  0.451220  0.365494  0.427456  0.510953  0.395386  0.666365  0.555207  0.345865  0.771886  0.386273  0.494491  0.473958  0.533475  0.527219  0.425048  0.348352  0.394265  0.594136  0.444056  0.594738  0.274502  0.393913  0.530273  0.754355  0.524198 0.0  0.305103  0.375142  0.357431  0.438663  0.421621  0.657568  0.483944  0.389161  0.424639  0.390304  0.453539  0.249833  0.403919  0.370349  0.435595  0.739020  0.551319  0.669309  0.649805  0.407809  0.339908  0.446470  0.690961  0.457262  0.349695  0.334707  0.683525  0.770979  0.493174  0.636226  0.443482  0.472944  0.518591  0.451627  0.441887  0.493084 
37  0.378182  0.613415  0.847508  0.469285  0.497115  0.571558  0.447061  0.353560  0.208833  0.462165  0.768090  0.335817  0.427260  0.216031  0.471442  0.467217  0.751132  0.544685  0.400817  0.767514  0.465844  0.536873  0.491281  0.544844  0.367472  0.450568  0.374011  0.327991  0.508980  0.420579  0.602561  0.377780  0.449998  0.497991  0.795187  0.619617  0.305103 0.0  0.371938  0.336338  0.412286  0.395291  0.681583  0.481948  0.462269  0.374422  0.382223  0.445495  0.275636  0.564996  0.275911  0.437642  0.734483  0.347696  0.603266  0.589181  0.587505  0.369735  0.400393  0.768334  0.545176  0.404840  0.428373  0.605702  0.723420  0.559156  0.453696  0.496058  0.504601  0.470214  0.389694  0.346781  0.419395 
38  0.537790  0.614105  0.878910  0.503087  0.495169  0.537966  0.535157  0.442706  0.320453  0.398547  0.811877  0.557891  0.400217  0.395551  0.359703  0.562916  0.851573  0.549690  0.411504  0.687782  0.428261  0.641421  0.449635  0.505887  0.415865  0.335622  0.451614  0.469620  0.647938  0.517507  0.571672  0.462355  0.505803  0.331558  0.858258  0.680006  0.375142  0.371938 0.0  0.428353  0.304659  0.564909  0.614718  0.539610  0.619473  0.440775  0.521793  0.515690  0.469400  0.611587  0.561019  0.488940  0.841673  0.286529  0.647431  0.698358  0.513545  0.505885  0.351679  0.776489  0.517083  0.462333  0.535365  0.591734  0.920482  0.562917  0.631658  0.583061  0.444135  0.494074  0.524870  0.564042  0.436974 
39  0.344583  0.639322  0.799118  0.399467  0.593366  0.550036  0.465838  0.295835  0.334419  0.422888  0.750714  0.467842  0.553148  0.430498  0.567139  0.293874  0.736242  0.524821  0.406313  0.742331  0.384427  0.444682  0.492021  0.544067  0.346319  0.491671  0.426089  0.402049  0.535667  0.530515  0.605502  0.330281  0.255000  0.348558  0.730064  0.494034  0.357431  0.336338  0.428353 0.0  0.458065  0.430231  0.737451  0.488150  0.447851  0.465353  0.346494  0.434530  0.415468  0.513535  0.284989  0.426501  0.738244  0.433789  0.613889  0.499339  0.515494  0.517851  0.431074  0.567169  0.431975  0.332653  0.306103  0.582279  0.732418  0.514195  0.520689  0.372942  0.450063  0.590861  0.471889  0.414291  0.279490 
40  0.581174  0.530975  0.793554  0.522840  0.455257  0.682322  0.574802  0.332968  0.415855  0.426955  0.836132  0.444627  0.269037  0.490484  0.459908  0.497250  0.881115  0.622492  0.568689  0.605583  0.552152  0.633114  0.500368  0.477011  0.522355  0.231445  0.315188  0.397299  0.621503  0.594342  0.590129  0.446110  0.345413  0.238295  0.862312  0.615012  0.438663  0.412286  0.304659  0.458065 0.0  0.473701  0.691420  0.617993  0.476004  0.557362  0.538519  0.554268  0.457305  0.709645  0.507700  0.563005  0.911896  0.258193  0.616188  0.763917  0.502730  0.378641  0.300769  0.787932  0.472726  0.438387  0.470526  0.603003  0.767662  0.609128  0.673309  0.513688  0.534446  0.508695  0.595994  0.601113  0.346454 
41  0.455263  0.614720  0.755744  0.486196  0.470141  0.464624  0.570931  0.472213  0.343335  0.428235  0.808001  0.331310  0.517359  0.407657  0.455324  0.651151  0.752330  0.481721  0.375604  0.721247  0.318391  0.378828  0.444756  0.444939  0.505941  0.518483  0.507408  0.524825  0.526244  0.579591  0.612466  0.514891  0.504827  0.646609  0.887379  0.470575  0.421621  0.395291  0.564909  0.430231  0.473701 0.0  0.714727  0.393869  0.364132  0.416743  0.446032  0.398592  0.466609  0.518126  0.428512  0.430259  0.763921  0.550779  0.668704  0.610205  0.454186  0.473122  0.578844  0.587695  0.376068  0.411819  0.440803  0.597069  0.628122  0.474221  0.590679  0.235488  0.380013  0.622950  0.277245  0.340775  0.511389 
42  0.805694  0.542690  0.719702  0.696066  0.689940  0.838892  0.664643  0.570187  0.742544  0.719425  0.807931  0.585342  0.691958  0.625151  0.664228  0.721103  0.809509  0.806151  0.659511  0.370569  0.718419  0.755434  0.636705  0.692023  0.684447  0.627306  0.634300  0.565571  0.710246  0.731093  0.459882  0.732463  0.709743  0.740837  0.667359  0.826648  0.657568  0.681583  0.614718  0.737451  0.691420  0.714727 0.0  0.754136  0.679417  0.634179  0.706723  0.571988  0.581072  0.831935  0.562701  0.732488  0.801764  0.722147  0.676907  0.602238  0.649889  0.698286  0.598070  0.672556  0.640845  0.741210  0.788106  0.634513  0.696321  0.638203  0.620702  0.676905  0.686403  0.677185  0.644179  0.640682  0.698035 
43  0.513785  0.760071  0.648030  0.407598  0.387976  0.404765  0.530677  0.452488  0.452451  0.464044  0.693558  0.412919  0.551924  0.534711  0.465807  0.458891  0.689627  0.291794  0.517080  0.762279  0.500417  0.413694  0.491996  0.489094  0.518137  0.530651  0.553851  0.686542  0.458758  0.460120  0.664913  0.544596  0.526840  0.583628  0.704830  0.371459  0.483944  0.481948  0.539610  0.488150  0.617993  0.393869  0.754136 0.0  0.467649  0.510285  0.333404  0.380426  0.557191  0.490674  0.433772  0.414210  0.638630  0.627836  0.732149  0.724836  0.394136  0.550313  0.586488  0.697152  0.484637  0.421274  0.602593  0.746423  0.733491  0.423600  0.634132  0.430936  0.490600  0.586465  0.369146  0.413632  0.537621 
44  0.356942  0.651935  0.779522  0.426235  0.397763  0.498931  0.512852  0.414084  0.428295  0.502914  0.843323  0.313891  0.543609  0.464483  0.540630  0.553890  0.687351  0.562434  0.358478  0.682135  0.413666  0.380060  0.473461  0.484492  0.479828  0.539404  0.500763  0.426080  0.537895  0.639564  0.618512  0.492813  0.510482  0.560936  0.729465  0.465952  0.389161  0.462269  0.619473  0.447851  0.476004  0.364132  0.679417  0.467649 0.0  0.435538  0.351812  0.364463  0.476674  0.497914  0.499704  0.426899  0.769219  0.498231  0.664591  0.617972  0.527940  0.581553  0.524722  0.664027  0.433127  0.549442  0.478536  0.631914  0.794967  0.360222  0.595314  0.397221  0.302324  0.539264  0.418018  0.398113  0.578351 
45  0.417660  0.671848  0.826451  0.470830  0.517278  0.460942  0.473155  0.419963  0.365713  0.354070  0.755287  0.434507  0.589478  0.500958  0.557745  0.420924  0.764000  0.522874  0.523717  0.677594  0.289198  0.526568  0.484715  0.520291  0.421508  0.471861  0.545515  0.398454  0.570108  0.512382  0.699286  0.389355  0.386613  0.542054  0.778510  0.516400  0.424639  0.374422  0.440775  0.465353  0.557362  0.416743  0.634179  0.510285  0.435538 0.0  0.414828  0.390219  0.404287  0.520484  0.485110  0.341919  0.741835  0.512339  0.694309  0.674497  0.495677  0.497144  0.448029  0.669307  0.543873  0.379129  0.480277  0.577652  0.818345  0.522616  0.538509  0.414925  0.454677  0.700907  0.305770  0.459367  0.452279 
46  0.453506  0.471394  0.776510  0.435957  0.267398  0.341962  0.470696  0.359633  0.381827  0.300626  0.850162  0.310202  0.487250  0.311725  0.561838  0.474938  0.735758  0.381296  0.460795  0.740361  0.363905  0.558686  0.566861  0.376584  0.324598  0.552801  0.348027  0.513644  0.574224  0.603230  0.440618  0.340133  0.327490  0.470545  0.754111  0.481935  0.390304  0.382223  0.521793  0.346494  0.538519  0.446032  0.706723  0.333404  0.351812  0.414828 0.0  0.375368  0.425467  0.561385  0.470779  0.348458  0.798191  0.465143  0.697947  0.645958  0.485845  0.548421  0.469914  0.455299  0.411217  0.452364  0.406779  0.689454  0.741340  0.410750  0.591363  0.376151  0.431610  0.479624  0.420278  0.409880  0.371255 
47  0.475417  0.565994  0.828715  0.548479  0.422188  0.440811  0.583638  0.565155  0.504655  0.403063  0.931806  0.382670  0.562229  0.393417  0.526634  0.522362  0.637205  0.455678  0.404125  0.775655  0.460838  0.362121  0.458788  0.566816  0.575718  0.526555  0.622498  0.443263  0.511696  0.563633  0.619357  0.466279  0.529753  0.592403  0.856128  0.435232  0.453539  0.445495  0.515690  0.434530  0.554268  0.398592  0.571988  0.380426  0.364463  0.390219  0.375368 0.0  0.498620  0.517305  0.576520  0.466453  0.783919  0.616702  0.725659  0.712503  0.453009  0.474299  0.606923  0.690438  0.433964  0.456689  0.433771  0.737087  1.000000  0.508810  0.623502  0.428523  0.351877  0.563474  0.503055  0.460680  0.451861 
48  0.449176  0.664945  0.799531  0.460624  0.462378  0.494054  0.445021  0.348059  0.296685  0.515134  0.829487  0.340129  0.482359  0.380570  0.514184  0.509227  0.750198  0.537437  0.448975  0.715525  0.446050  0.362837  0.374494  0.468258  0.415492  0.473106  0.375444  0.572406  0.606267  0.394857  0.559061  0.417548  0.337615  0.566388  0.758667  0.393687  0.249833  0.275636  0.469400  0.415468  0.457305  0.466609  0.581072  0.557191  0.476674  0.404287  0.425467  0.498620 0.0  0.476442  0.269690  0.634634  0.682923  0.544859  0.606760  0.624125  0.433221  0.477988  0.538936  0.633081  0.485164  0.315878  0.234366  0.702499  0.802362  0.610104  0.611225  0.555632  0.437977  0.611410  0.476710  0.518073  0.409334 
49  0.442515  0.707133  0.773215  0.579836  0.598679  0.379431  0.752136  0.414876  0.527748  0.430394  0.626761  0.506163  0.624254  0.486385  0.618922  0.464376  0.750725  0.576727  0.551941  0.791479  0.552123  0.536108  0.652260  0.562760  0.537746  0.619835  0.417615  0.407948  0.525369  0.339153  0.631438  0.459829  0.542068  0.616673  0.774412  0.281089  0.403919  0.564996  0.611587  0.513535  0.709645  0.518126  0.831935  0.490674  0.497914  0.520484  0.561385  0.517305  0.476442 0.0  0.345992  0.439570  0.610403  0.584174  0.798113  0.798518  0.552950  0.549474  0.555730  0.794672  0.478163  0.447065  0.452431  0.739689  0.741386  0.614450  0.704117  0.538044  0.525767  0.762965  0.561706  0.477060  0.522571 
50  0.359560  0.636099  0.759467  0.451709  0.488311  0.539199  0.446393  0.466500  0.110360  0.414794  0.762914  0.426372  0.449381  0.305398  0.445965  0.474803  0.762918  0.520608  0.360302  0.655899  0.413628  0.509952  0.408505  0.404090  0.404314  0.508999  0.376294  0.342506  0.560927  0.366032  0.673673  0.398366  0.419989  0.546508  0.787410  0.600316  0.370349  0.275911  0.561019  0.284989  0.507700  0.428512  0.562701  0.433772  0.499704  0.485110  0.470779  0.576520  0.269690  0.345992 0.0  0.467589  0.731375  0.490678  0.608773  0.734682  0.529996  0.371447  0.517154  0.574063  0.470875  0.326462  0.386984  0.585647  0.640832  0.455199  0.639029  0.453152  0.439502  0.518505  0.399820  0.376547  0.445302 
51  0.393420  0.594240  0.882003  0.306815  0.308040  0.339958  0.504836  0.437081  0.410520  0.211774  0.908658  0.337857  0.497895  0.489191  0.553484  0.534981  0.850130  0.300143  0.374181  0.695160  0.385195  0.385950  0.472520  0.395433  0.430862  0.522209  0.396177  0.603302  0.534201  0.425576  0.593202  0.404102  0.396234  0.589903  0.783247  0.446966  0.435595  0.437642  0.488940  0.426501  0.563005  0.430259  0.732488  0.414210  0.426899  0.341919  0.348458  0.466453  0.634634  0.439570  0.467589 0.0  0.697515  0.528835  0.574422  0.601172  0.346196  0.537444  0.562057  0.681019  0.479991  0.463261  0.412618  0.698593  0.782226  0.334428  0.594534  0.386507  0.297433  0.403279  0.419811  0.455787  0.423585 
52  0.715457  0.731701  0.526331  0.790442  0.986980  0.692832  0.643778  0.785481  0.722266  0.747496  0.334688  0.798200  0.745107  0.763266  0.707744  0.660211  0.668379  0.711327  0.662690  0.832558  0.702989  0.817096  0.678245  0.889941  0.722374  0.909494  0.713898  0.750623  0.754331  0.664374  0.753280  0.864593  0.782151  0.797739  0.605922  0.615431  0.739020  0.734483  0.841673  0.738244  0.911896  0.763921  0.801764  0.638630  0.769219  0.741835  0.798191  0.783919  0.682923  0.610403  0.731375  0.697515 0.0  0.853051  0.788856  0.539812  0.891288  0.787918  0.974716  0.745211  0.905369  0.745387  0.685886  0.895786  0.492211  0.829007  0.767421  0.675899  0.790945  0.822308  0.741122  0.674625  0.834886 
53  0.480116  0.588568  0.813945  0.501929  0.383185  0.633598  0.516874  0.416988  0.423993  0.462557  0.909603  0.461285  0.311282  0.472906  0.401108  0.559563  0.828956  0.684896  0.329212  0.655043  0.538497  0.573054  0.533219  0.466483  0.417771  0.169176  0.337291  0.459626  0.660795  0.649493  0.638501  0.535297  0.462056  0.350347  0.817497  0.669400  0.551319  0.347696  0.286529  0.433789  0.258193  0.550779  0.722147  0.627836  0.498231  0.512339  0.465143  0.616702  0.544859  0.584174  0.490678  0.528835  0.853051 0.0  0.634525  0.687688  0.476110  0.398904  0.258647  0.745445  0.428665  0.500606  0.525365  0.519511  0.844627  0.489463  0.575215  0.632659  0.472230  0.451004  0.629830  0.619153  0.422050 
