73
0 0.0  0.500704  0.591524  0.481981  0.573683  0.545175  0.584414  0.668214  0.679586  0.469908  0.459581  0.469507  0.449088  0.660055  0.446087  0.548563  0.575319  0.560299  0.770959  0.577135  0.546195  0.594835  0.528396  0.531776  0.699025  0.522090  0.595579  0.581965  0.619825  0.473956  0.643472  0.649239  0.648167  0.504048  0.517276  0.618707  0.581492  0.427413  0.492791  0.742361  0.451897  0.608237  0.494278  0.533096  0.571194  0.598138  0.584043  0.570331  0.626193  0.485552  0.427896  0.465839  0.659180  0.697679  0.483930  0.513563  0.532855  0.397467  0.722916  0.377913  0.589930  0.590490  0.574507  0.555110  0.507534  0.466412  0.610368  0.617586  0.535867  0.462622  0.455760  0.548224  0.600265 
1  0.500704 0.0  0.536862  0.453007  0.579805  0.402773  0.366396  0.433485  0.375408  0.492717  0.416879  0.375000  0.483652  0.476206  0.442318  0.361001  0.563980  0.793944  0.721812  0.409784  0.403355  0.347686  0.443653  0.404843  0.482035  0.452475  0.654363  0.463142  0.749711  0.690212  0.384431  0.454980  0.429375  0.367969  0.289847  0.524975  0.512718  0.582748  0.749059  0.802152  0.518126  0.410661  0.485316  0.557780  0.463667  0.688423  0.403643  0.505729  0.501071  0.463468  0.641550  0.260518  0.391450  0.525887  0.536808  0.428431  0.473897  0.688729  0.478819  0.613580  0.374088  0.471710  0.400665  0.324878  0.351495  0.486723  0.422339  0.774061  0.451272  0.396871  0.468424  0.421670  0.732865 
2  0.591524  0.536862 0.0  0.487055  0.788273  0.690894  0.532763  0.587685  0.549326  0.493030  0.509447  0.449631  0.538730  0.535499  0.506985  0.529988  0.596254  0.772702  0.838847  0.505795  0.479655  0.543677  0.637061  0.478972  0.416484  0.382544  0.407269  0.534532  0.797794  0.730068  0.427429  0.582170  0.583347  0.387081  0.560086  0.625382  0.495161  0.830583  0.819579  0.692538  0.612793  0.439715  0.527036  0.760830  0.544848  0.616188  0.537075  0.526505  0.411725  0.629647  0.645542  0.546915  0.576890  0.635459  0.728308  0.557973  0.514153  0.861501  0.517647  0.753557  0.550723  0.572219  0.496422  0.444950  0.437368  0.416331  0.596697  0.760452  0.577399  0.606767  0.466579  0.475737  0.771533 
3  0.481981  0.453007  0.487055 0.0  0.449346  0.456428  0.479942  0.522385  0.584109  0.384289  0.388625  0.445012  0.472053  0.563915  0.464445  0.337131  0.452641  0.603269  0.709576  0.492337  0.488868  0.516914  0.470164  0.418541  0.605168  0.541042  0.627760  0.421296  0.655522  0.601998  0.463010  0.487263  0.605285  0.441995  0.483386  0.540919  0.505375  0.490901  0.660587  0.631107  0.293031  0.548939  0.451582  0.494859  0.522719  0.410730  0.478091  0.486706  0.592946  0.611982  0.548787  0.374660  0.551273  0.506528  0.347032  0.468600  0.547800  0.500368  0.596053  0.571330  0.416867  0.505286  0.502718  0.378434  0.470787  0.488127  0.427746  0.817424  0.568381  0.354293  0.423792  0.549271  0.675933 
4  0.573683  0.579805  0.788273  0.449346 0.0  0.530476  0.611508  0.611959  0.641680  0.742170  0.545517  0.745844  0.685074  0.701413  0.629805  0.544878  0.656924  0.927968  0.971565  0.703246  0.616488  0.650931  0.665088  0.694877  0.741583  0.647770  0.634754  0.721947  0.783480  0.757828  0.667816  0.445818  0.567232  0.544379  0.727354  0.537042  0.591436  0.430054  0.737704  0.864336  0.585119  0.773610  0.618429  0.589774  0.518487  0.389295  0.679326  0.518868  0.723447  0.608705  0.638890  0.647239  0.547871  0.706755  0.537057  0.795422  0.606189  0.697827  0.751485  0.650525  0.696671  0.535864  0.593049  0.654801  0.783715  0.616997  0.499844  0.856276  0.557283  0.675042  0.677876  0.662939  0.656629 
5  0.545175  0.402773  0.690894  0.456428  0.530476 0.0  0.545896  0.302655  0.295930  0.565516  0.438105  0.506037  0.554030  0.455882  0.551344  0.418147  0.645797  0.808563  0.856465  0.546510  0.392337  0.505272  0.273337  0.488342  0.600848  0.393679  0.699460  0.613711  0.760184  0.723344  0.475099  0.373586  0.330455  0.439005  0.391407  0.423270  0.518879  0.566121  0.596590  0.664706  0.614283  0.541533  0.548309  0.494919  0.257984  0.528859  0.557075  0.374950  0.538508  0.580249  0.575717  0.487354  0.416671  0.631052  0.550180  0.547487  0.559093  0.754192  0.631175  0.765090  0.371422  0.528998  0.536520  0.345104  0.571098  0.447077  0.424064  0.839592  0.399955  0.519381  0.418681  0.363362  0.753741 
6  0.584414  0.366396  0.532763  0.479942  0.611508  0.545896 0.0  0.570044  0.476991  0.447462  0.409780  0.425104  0.478985  0.364404  0.473824  0.381582  0.308238  0.759251  0.873842  0.384443  0.391226  0.318741  0.569446  0.459834  0.599715  0.511471  0.661938  0.428493  0.767123  0.721363  0.573393  0.632544  0.523246  0.412899  0.495321  0.503250  0.380246  0.604640  0.759908  0.782087  0.570702  0.621760  0.402143  0.620282  0.540500  0.617593  0.434212  0.510390  0.583657  0.702637  0.655425  0.369771  0.541838  0.467193  0.555638  0.274049  0.450347  0.721129  0.469415  0.711516  0.512629  0.465519  0.527834  0.357202  0.512844  0.324212  0.493521  0.757853  0.383135  0.382353  0.470781  0.468366  0.779230 
7  0.668214  0.433485  0.587685  0.522385  0.611959  0.302655  0.570044 0.0  0.315544  0.607979  0.425024  0.429063  0.417893  0.503325  0.439255  0.503584  0.612379  0.872993  0.745037  0.513494  0.494369  0.538391  0.409739  0.511765  0.630873  0.380893  0.662062  0.403012  0.845638  0.588284  0.510830  0.430459  0.322764  0.422919  0.319112  0.487860  0.447347  0.485812  0.580259  0.740373  0.479781  0.436143  0.585928  0.598835  0.302310  0.508525  0.420576  0.400656  0.721804  0.691450  0.655917  0.488915  0.342941  0.639346  0.492520  0.520284  0.596836  0.808823  0.662295  0.705539  0.324226  0.470292  0.408634  0.318390  0.586394  0.321998  0.513067  0.719074  0.458956  0.306494  0.440103  0.424733  0.680754 
8  0.679586  0.375408  0.549326  0.584109  0.641680  0.295930  0.476991  0.315544 0.0  0.631848  0.448657  0.481409  0.440190  0.498335  0.498872  0.462198  0.600149  0.759030  0.776633  0.461517  0.359477  0.561084  0.448460  0.436031  0.594087  0.398212  0.715906  0.543741  0.960376  0.637863  0.287111  0.581383  0.164377  0.399585  0.461767  0.438550  0.382667  0.567172  0.675602  0.962381  0.673999  0.628980  0.527141  0.579931  0.291390  0.588988  0.578316  0.387044  0.744790  0.598325  0.726443  0.427629  0.296843  0.512988  0.505701  0.602568  0.495614  0.787380  0.645184  0.711649  0.536179  0.401742  0.471508  0.326979  0.560925  0.372073  0.459186  0.908025  0.398460  0.517307  0.501674  0.377177  0.725844 
9  0.469908  0.492717  0.493030  0.384289  0.742170  0.565516  0.447462  0.607979  0.631848 0.0  0.405996  0.571855  0.351402  0.436433  0.349700  0.483120  0.316410  0.786933  0.745071  0.376347  0.454194  0.417500  0.530630  0.435942  0.645288  0.441893  0.599100  0.401126  0.800232  0.613346  0.585308  0.644437  0.540963  0.487821  0.364271  0.559977  0.505721  0.702235  0.738290  0.897362  0.448766  0.755917  0.452382  0.605812  0.468255  0.669366  0.375442  0.520965  0.644637  0.592348  0.574590  0.572314  0.529139  0.533164  0.556939  0.424525  0.599560  0.627006  0.623875  0.747535  0.455243  0.469407  0.490387  0.510241  0.515724  0.452297  0.543901  0.859490  0.417640  0.456029  0.493812  0.460720  0.679216 
10  0.459581  0.416879  0.509447  0.388625  0.545517  0.438105  0.409780  0.425024  0.448657  0.405996 0.0  0.413761  0.361446  0.345009  0.481536  0.361713  0.396433  0.723045  0.804087  0.454309  0.402211  0.379971  0.432373  0.366069  0.524655  0.485710  0.644476  0.391616  0.671571  0.622861  0.472714  0.534442  0.501520  0.514993  0.324890  0.633874  0.320905  0.628656  0.597322  0.704239  0.582650  0.527133  0.377028  0.622381  0.503168  0.583262  0.436033  0.411683  0.605794  0.675591  0.570118  0.406131  0.453050  0.486038  0.558322  0.402899  0.523254  0.624680  0.510247  0.637845  0.450682  0.464850  0.366242  0.280344  0.522660  0.372442  0.467104  0.679848  0.411447  0.334225  0.326643  0.414741  0.679570 
11  0.469507  0.375000  0.449631  0.445012  0.745844  0.506037  0.425104  0.429063  0.481409  0.571855  0.413761 0.0  0.329556  0.508206  0.464992  0.474913  0.430802  0.768678  0.808394  0.320598  0.477036  0.264995  0.496301  0.438011  0.562310  0.334172  0.665291  0.418947  0.686263  0.519961  0.428421  0.576902  0.560352  0.444271  0.340643  0.407561  0.422937  0.657251  0.758836  0.796017  0.513835  0.495634  0.211814  0.555555  0.426362  0.568211  0.392893  0.393536  0.589726  0.738814  0.629743  0.392670  0.506121  0.468546  0.511751  0.452064  0.364007  0.795971  0.565987  0.672291  0.392346  0.394535  0.402521  0.430164  0.575270  0.384548  0.474781  0.688706  0.383353  0.407654  0.485121  0.415509  0.828709 
12  0.449088  0.483652  0.538730  0.472053  0.685074  0.554030  0.478985  0.417893  0.440190  0.351402  0.361446  0.329556 0.0  0.457580  0.503143  0.383227  0.548859  0.716772  0.786735  0.395253  0.428214  0.501559  0.470531  0.467524  0.481324  0.394667  0.566268  0.573283  0.649023  0.674270  0.396307  0.624221  0.489758  0.412354  0.299896  0.399467  0.418782  0.557545  0.722085  0.724720  0.509221  0.506323  0.292763  0.517015  0.459775  0.579323  0.424357  0.493355  0.531379  0.620160  0.714663  0.337506  0.464706  0.489132  0.594502  0.542919  0.354965  0.585082  0.633107  0.702015  0.398326  0.326906  0.341583  0.432957  0.480913  0.441006  0.598648  0.700608  0.398885  0.431301  0.420407  0.265194  0.859729 
13  0.660055  0.476206  0.535499  0.563915  0.701413  0.455882  0.364404  0.503325  0.498335  0.436433  0.345009  0.508206  0.457580 0.0  0.319651  0.578361  0.364672  0.809659  0.789602  0.309202  0.385571  0.401512  0.558966  0.471238  0.602315  0.483327  0.610717  0.492158  0.846056  0.721162  0.514637  0.688355  0.548433  0.503590  0.304123  0.518249  0.568627  0.618838  0.707728  0.719990  0.335989  0.578355  0.397201  0.678784  0.625682  0.488301  0.334005  0.613149  0.588195  0.668582  0.677206  0.459263  0.596029  0.589152  0.541309  0.416639  0.380497  0.552457  0.499177  0.599331  0.502183  0.330674  0.561606  0.411647  0.574136  0.547049  0.526485  0.718707  0.566459  0.458705  0.457655  0.532915  0.782118 
14  0.446087  0.442318  0.506985  0.464445  0.629805  0.551344  0.473824  0.439255  0.498872  0.349700  0.481536  0.464992  0.503143  0.319651 0.0  0.551915  0.358372  0.670018  0.821199  0.384266  0.446244  0.386850  0.477426  0.521789  0.625580  0.408937  0.611933  0.337320  0.766987  0.625016  0.470770  0.522783  0.560908  0.475367  0.394353  0.423917  0.456660  0.499316  0.711467  0.836167  0.425489  0.507042  0.338225  0.554930  0.438235  0.572940  0.351718  0.541448  0.491315  0.665030  0.577276  0.387330  0.461316  0.404384  0.573880  0.394627  0.392060  0.606743  0.352197  0.595451  0.448080  0.366904  0.400209  0.530154  0.503445  0.409989  0.404861  0.717854  0.429274  0.487456  0.394457  0.405992  0.714033 
15  0.548563  0.361001  0.529988  0.337131  0.544878  0.418147  0.381582  0.503584  0.462198  0.483120  0.361713  0.474913  0.383227  0.578361  0.551915 0.0  0.458190  0.658138  0.677499  0.428167  0.460169  0.477409  0.391601  0.422736  0.508396  0.384714  0.603998  0.418724  0.661194  0.662087  0.456227  0.549093  0.378042  0.331843  0.376855  0.467280  0.443802  0.618544  0.648398  0.740616  0.352969  0.423895  0.358689  0.594659  0.425824  0.553917  0.383907  0.309300  0.521900  0.637020  0.449755  0.509063  0.392592  0.594404  0.521629  0.418649  0.495744  0.622452  0.610693  0.543018  0.352871  0.452550  0.390729  0.421358  0.469113  0.426417  0.509740  0.692616  0.448076  0.366672  0.442629  0.373079  0.617918 
16  0.575319  0.563980  0.596254  0.452641  0.656924  0.645797  0.308238  0.612379  0.600149  0.316410  0.396433  0.430802  0.548859  0.364672  0.358372  0.458190 0.0  0.774036  0.783107  0.299047  0.395297  0.533297  0.465947  0.415726  0.526509  0.369633  0.564896  0.479868  0.808303  0.622433  0.370448  0.639832  0.531428  0.551379  0.463225  0.617166  0.475830  0.594053  0.742711  0.746316  0.484438  0.627486  0.500901  0.557630  0.475380  0.686456  0.494914  0.587239  0.524659  0.660142  0.542928  0.516453  0.575040  0.487324  0.519947  0.506876  0.573674  0.578967  0.509055  0.766945  0.499690  0.294705  0.535619  0.428940  0.450750  0.550152  0.452274  0.795917  0.580211  0.408925  0.509415  0.495407  0.762959 
17  0.560299  0.793944  0.772702  0.603269  0.927968  0.808563  0.759251  0.872993  0.759030  0.786933  0.723045  0.768678  0.716772  0.809659  0.670018  0.658138  0.774036 0.0  0.583428  0.848506  0.749966  0.752867  0.939980  0.765091  0.882765  0.900334  0.752594  0.808985  0.528156  0.620203  0.830446  0.938352  0.850361  0.834196  0.666356  0.853225  0.926832  0.816175  0.913763  0.502686  0.715765  0.736287  0.788864  0.785680  0.871287  0.896346  0.779903  0.897866  0.865843  0.640470  0.771966  0.844716  0.797027  0.872307  0.704147  0.817501  0.692909  0.688916  0.643768  0.760626  0.795911  0.823524  0.900335  0.760508  0.715772  0.788965  0.880561  0.422603  0.774206  0.916525  0.763167  0.776983  0.728546 
18  0.770959  0.721812  0.838847  0.709576  0.971565  0.856465  0.873842  0.745037  0.776633  0.745071  0.804087  0.808394  0.786735  0.789602  0.821199  0.677499  0.783107  0.583428 0.0  0.706011  0.828326  0.767006  0.856798  0.751623  0.647911  0.640982  0.788198  0.772137  0.703845  0.723069  0.871575  0.776898  0.777259  0.763778  0.733982  0.892805  0.697805  0.873692  0.710624  0.599821  0.720968  0.689048  0.822068  0.751109  0.881960  0.807578  0.771711  0.831883  0.720514  0.744923  0.760176  0.743820  0.686361  0.922810  0.843726  0.758169  0.767149  0.742288  0.684569  0.708409  0.746756  0.800688  0.697647  0.849671  0.768994  0.656996  0.917546  0.454824  0.899806  0.763341  0.726810  0.782754  0.569456 
19  0.577135  0.409784  0.505795  0.492337  0.703246  0.546510  0.384443  0.513494  0.461517  0.376347  0.454309  0.320598  0.395253  0.309202  0.384266  0.428167  0.299047  0.848506  0.706011 0.0  0.387371  0.412209  0.490590  0.483865  0.596758  0.483039  0.620405  0.302858  0.904640  0.631128  0.614384  0.589491  0.611883  0.535930  0.485803  0.462430  0.539723  0.578783  0.757589  0.738461  0.543214  0.593428  0.450124  0.669359  0.550114  0.596410  0.496804  0.524464  0.560345  0.715371  0.667597  0.457341  0.431081  0.472405  0.488658  0.501885  0.373389  0.583895  0.454874  0.677823  0.424434  0.353762  0.500336  0.527364  0.522716  0.511274  0.491184  0.892437  0.503640  0.323674  0.417587  0.568750  0.655580 
20  0.546195  0.403355  0.479655  0.488868  0.616488  0.392337  0.391226  0.494369  0.359477  0.454194  0.402211  0.477036  0.428214  0.385571  0.446244  0.460169  0.395297  0.749966  0.828326  0.387371 0.0  0.466908  0.438365  0.264207  0.386661  0.335312  0.571223  0.435330  0.752449  0.669479  0.487463  0.542793  0.484745  0.369221  0.316144  0.511107  0.411270  0.534014  0.624248  0.819671  0.374348  0.473838  0.480330  0.580297  0.429253  0.538467  0.480499  0.488747  0.523666  0.604080  0.503989  0.365175  0.434334  0.560559  0.601993  0.477867  0.405620  0.675749  0.523340  0.659373  0.210361  0.481564  0.276851  0.313551  0.473859  0.223532  0.557419  0.774868  0.352579  0.296163  0.325494  0.330057  0.809866 
21  0.594835  0.347686  0.543677  0.516914  0.650931  0.505272  0.318741  0.538391  0.561084  0.417500  0.379971  0.264995  0.501559  0.401512  0.386850  0.477409  0.533297  0.752867  0.767006  0.412209  0.466908 0.0  0.531216  0.428669  0.557741  0.457905  0.647387  0.458067  0.848982  0.613921  0.503992  0.548635  0.502222  0.438815  0.477757  0.484708  0.315166  0.556978  0.660431  0.798794  0.606944  0.468701  0.407258  0.534401  0.503026  0.540933  0.430967  0.497244  0.395842  0.591170  0.615428  0.347227  0.485775  0.425518  0.503786  0.425360  0.527840  0.571185  0.567099  0.668508  0.508526  0.501146  0.418368  0.366147  0.445571  0.461167  0.531127  0.853273  0.503299  0.450781  0.441061  0.417747  0.711967 
22  0.528396  0.443653  0.637061  0.470164  0.665088  0.273337  0.569446  0.409739  0.448460  0.530630  0.432373  0.496301  0.470531  0.558966  0.477426  0.391601  0.465947  0.939980  0.856798  0.490590  0.438365  0.531216 0.0  0.420999  0.601301  0.498605  0.738065  0.575219  0.791905  0.727835  0.394214  0.451630  0.254599  0.540564  0.387131  0.393686  0.553759  0.648627  0.741758  0.726865  0.584654  0.516132  0.615081  0.595277  0.401302  0.557192  0.543888  0.374016  0.623949  0.683091  0.541565  0.391681  0.273493  0.537515  0.485347  0.496850  0.485439  0.729380  0.694098  0.722754  0.467006  0.496790  0.461901  0.429864  0.519818  0.447673  0.426152  1.000000  0.295123  0.550400  0.504748  0.513397  0.671056 
23  0.531776  0.404843  0.478972  0.418541  0.694877  0.488342  0.459834  0.511765  0.436031  0.435942  0.366069  0.438011  0.467524  0.471238  0.521789  0.422736  0.415726  0.765091  0.751623  0.483865  0.264207  0.428669  0.420999 0.0  0.510142  0.318771  0.492318  0.422663  0.794452  0.700967  0.418280  0.572681  0.420773  0.358849  0.477094  0.470677  0.423444  0.511591  0.839897  0.738141  0.521422  0.490447  0.388683  0.541435  0.447803  0.532387  0.443186  0.542749  0.522847  0.612822  0.654020  0.331391  0.371410  0.469051  0.560765  0.465148  0.423237  0.674992  0.529106  0.647998  0.265529  0.408438  0.280037  0.298986  0.454520  0.341639  0.499246  0.828800  0.259052  0.279339  0.370220  0.341001  0.671857 
24  0.699025  0.482035  0.416484  0.605168  0.741583  0.600848  0.599715  0.630873  0.594087  0.645288  0.524655  0.562310  0.481324  0.602315  0.625580  0.508396  0.526509  0.882765  0.647911  0.596758  0.386661  0.557741  0.601301  0.510142 0.0  0.558962  0.489869  0.713202  0.736962  0.575817  0.554243  0.619859  0.727153  0.589542  0.512045  0.624503  0.543297  0.708835  0.781621  0.668052  0.605531  0.400847  0.604063  0.654116  0.551928  0.692604  0.511573  0.558050  0.425350  0.707621  0.781009  0.344841  0.513141  0.615033  0.715305  0.590809  0.647224  0.778874  0.553452  0.726762  0.363711  0.552552  0.489421  0.482749  0.466883  0.522059  0.631338  0.729790  0.414022  0.499239  0.474885  0.449255  0.799379 
25  0.522090  0.452475  0.382544  0.541042  0.647770  0.393679  0.511471  0.380893  0.398212  0.441893  0.485710  0.334172  0.394667  0.483327  0.408937  0.384714  0.369633  0.900334  0.640982  0.483039  0.335312  0.457905  0.498605  0.318771  0.558962 0.0  0.628376  0.520542  0.691211  0.652553  0.476229  0.450584  0.481261  0.349873  0.483270  0.511998  0.506391  0.666478  0.666425  0.733503  0.517524  0.485386  0.431065  0.561961  0.440968  0.459873  0.477626  0.524460  0.714536  0.592335  0.538726  0.352469  0.464136  0.518333  0.512204  0.436357  0.382170  0.569905  0.586480  0.808206  0.304346  0.457503  0.319130  0.314274  0.646023  0.262506  0.555123  0.649922  0.343172  0.211758  0.368941  0.423758  0.800985 
26  0.595579  0.654363  0.407269  0.627760  0.634754  0.699460  0.661938  0.662062  0.715906  0.599100  0.644476  0.665291  0.566268  0.610717  0.611933  0.603998  0.564896  0.752594  0.788198  0.620405  0.571223  0.647387  0.738065  0.492318  0.489869  0.628376 0.0  0.665309  0.622275  0.643947  0.638327  0.571117  0.746313  0.592184  0.604049  0.785705  0.542213  0.732692  0.676542  0.525491  0.718082  0.554155  0.688124  0.728984  0.757908  0.759629  0.612963  0.614619  0.531214  0.618319  0.632374  0.524006  0.566676  0.733450  0.630334  0.635981  0.570826  0.678926  0.672279  0.700757  0.590632  0.653739  0.694949  0.546337  0.553104  0.576557  0.785099  0.674295  0.751597  0.658270  0.696342  0.596723  0.487176 
27  0.581965  0.463142  0.534532  0.421296  0.721947  0.613711  0.428493  0.403012  0.543741  0.401126  0.391616  0.418947  0.573283  0.492158  0.337320  0.418724  0.479868  0.808985  0.772137  0.302858  0.435330  0.458067  0.575219  0.422663  0.713202  0.520542  0.665309 0.0  0.769640  0.685339  0.516981  0.613171  0.497157  0.447004  0.563165  0.437649  0.519706  0.556462  0.634070  0.734031  0.490209  0.695005  0.285248  0.582632  0.515759  0.505436  0.399576  0.581769  0.603971  0.715034  0.672937  0.491366  0.501682  0.450269  0.586792  0.390910  0.457091  0.619235  0.495026  0.697858  0.485344  0.459868  0.444562  0.405219  0.309737  0.481721  0.513866  0.671128  0.523887  0.450316  0.504611  0.490155  0.694899 
28  0.619825  0.749711  0.797794  0.655522  0.783480  0.760184  0.767123  0.845638  0.960376  0.800232  0.671571  0.686263  0.649023  0.846056  0.766987  0.661194  0.808303  0.528156  0.703845  0.904640  0.752449  0.848982  0.791905  0.794452  0.736962  0.691211  0.622275  0.769640 0.0  0.662538  0.733488  0.803005  0.826821  0.711404  0.761329  0.854644  0.695164  0.706741  0.822997  0.657785  0.724738  0.654082  0.810133  0.796076  0.842623  0.833579  0.848065  0.681510  0.816619  0.698211  0.654720  0.673516  0.783652  0.831277  0.786763  0.802627  0.839707  0.800739  0.577787  0.804062  0.795845  0.754707  0.692011  0.633988  0.711454  0.809923  0.818718  0.373658  0.791626  0.838632  0.753721  0.778124  0.666098 
29  0.473956  0.690212  0.730068  0.601998  0.757828  0.723344  0.721363  0.588284  0.637863  0.613346  0.622861  0.519961  0.674270  0.721162  0.625016  0.662087  0.622433  0.620203  0.723069  0.631128  0.669479  0.613921  0.727835  0.700967  0.575817  0.652553  0.643947  0.685339  0.662538 0.0  0.663027  0.664203  0.696308  0.745344  0.573821  0.670228  0.615815  0.735427  0.690114  0.636391  0.596981  0.677714  0.744570  0.598473  0.741269  0.676371  0.569799  0.710751  0.585973  0.540331  0.628224  0.705495  0.642703  0.730763  0.642667  0.593660  0.691292  0.587216  0.601126  0.653663  0.706783  0.695470  0.604332  0.620205  0.628769  0.638966  0.740793  0.705577  0.633680  0.676173  0.571209  0.704710  0.561195 
30  0.643472  0.384431  0.427429  0.463010  0.667816  0.475099  0.573393  0.510830  0.287111  0.585308  0.472714  0.428421  0.396307  0.514637  0.470770  0.456227  0.370448  0.830446  0.871575  0.614384  0.487463  0.503992  0.394214  0.418280  0.554243  0.476229  0.638327  0.516981  0.733488  0.663027 0.0  0.499735  0.411269  0.331992  0.380683  0.505244  0.441856  0.472457  0.562345  0.830930  0.497822  0.478444  0.528934  0.538414  0.391638  0.465174  0.476349  0.453889  0.697210  0.652027  0.585124  0.405419  0.442254  0.470889  0.469031  0.592704  0.420621  0.635428  0.559203  0.703226  0.399200  0.405616  0.183821  0.197775  0.481207  0.406745  0.388137  0.844855  0.463425  0.425397  0.459252  0.347561  0.737600 
31  0.649239  0.454980  0.582170  0.487263  0.445818  0.373586  0.632544  0.430459  0.581383  0.644437  0.534442  0.576902  0.624221  0.688355  0.522783  0.549093  0.639832  0.938352  0.776898  0.589491  0.542793  0.548635  0.451630  0.572681  0.619859  0.450584  0.571117  0.613171  0.803005  0.664203  0.499735 0.0  0.398977  0.521735  0.490966  0.508076  0.527848  0.644558  0.772324  0.881503  0.618159  0.772806  0.528772  0.481282  0.405323  0.407964  0.563158  0.430779  0.692818  0.701005  0.594450  0.642654  0.489725  0.677994  0.477539  0.532809  0.453202  0.671317  0.770571  0.729725  0.643928  0.569725  0.420577  0.554896  0.693504  0.527683  0.454300  0.824810  0.516475  0.543099  0.567242  0.573992  0.743797 
32  0.648167  0.429375  0.583347  0.605285  0.567232  0.330455  0.523246  0.322764  0.164377  0.540963  0.501520  0.560352  0.489758  0.548433  0.560908  0.378042  0.531428  0.850361  0.777259  0.611883  0.484745  0.502222  0.254599  0.420773  0.727153  0.481261  0.746313  0.497157  0.826821  0.696308  0.411269  0.398977 0.0  0.412141  0.554315  0.503516  0.554540  0.673963  0.795206  0.793367  0.637181  0.587372  0.450683  0.563648  0.460398  0.558552  0.482407  0.452172  0.699203  0.697105  0.672175  0.450070  0.472976  0.561820  0.499636  0.625218  0.413794  0.766728  0.626233  0.727267  0.434797  0.527042  0.478428  0.377621  0.551111  0.531746  0.518338  0.972838  0.411061  0.487816  0.456311  0.468829  0.693596 
33  0.504048  0.367969  0.387081  0.441995  0.544379  0.439005  0.412899  0.422919  0.399585  0.487821  0.514993  0.444271  0.412354  0.503590  0.475367  0.331843  0.551379  0.834196  0.763778  0.535930  0.369221  0.438815  0.540564  0.358849  0.589542  0.349873  0.592184  0.447004  0.711404  0.745344  0.331992  0.521735  0.412141 0.0  0.339602  0.509169  0.337955  0.578447  0.766046  0.811937  0.468119  0.524915  0.518082  0.582460  0.420101  0.663444  0.457788  0.339414  0.552751  0.621876  0.476170  0.396690  0.441094  0.495083  0.521729  0.427208  0.444740  0.650707  0.520420  0.605637  0.406525  0.510022  0.202719  0.399125  0.522755  0.387514  0.552450  0.795158  0.444380  0.303487  0.464539  0.417131  0.648416 
34  0.517276  0.289847  0.560086  0.483386  0.727354  0.391407  0.495321  0.319112  0.461767  0.364271  0.324890  0.340643  0.299896  0.304123  0.394353  0.376855  0.463225  0.666356  0.733982  0.485803  0.316144  0.477757  0.387131  0.477094  0.512045  0.483270  0.604049  0.563165  0.761329  0.573821  0.380683  0.490966  0.554315  0.339602 0.0  0.509670  0.372200  0.493721  0.605490  0.714557  0.452308  0.498853  0.380417  0.544839  0.504995  0.502201  0.483722  0.507038  0.615889  0.470448  0.547410  0.380613  0.447550  0.506605  0.577578  0.473397  0.362215  0.718105  0.661109  0.655104  0.359882  0.375224  0.286784  0.419718  0.482286  0.352590  0.520668  0.828701  0.503842  0.365308  0.425790  0.319614  0.779493 
35  0.618707  0.524975  0.625382  0.540919  0.537042  0.423270  0.503250  0.487860  0.438550  0.559977  0.633874  0.407561  0.399467  0.518249  0.423917  0.467280  0.617166  0.853225  0.892805  0.462430  0.511107  0.484708  0.393686  0.470677  0.624503  0.511998  0.785705  0.437649  0.854644  0.670228  0.505244  0.508076  0.503516  0.509169  0.509670 0.0  0.490483  0.657687  0.679308  0.789125  0.523893  0.613450  0.466614  0.464164  0.376985  0.478407  0.391812  0.273174  0.581515  0.753691  0.655653  0.511106  0.420091  0.414733  0.609842  0.549139  0.324053  0.733241  0.499435  0.639872  0.521760  0.382628  0.498576  0.533035  0.535233  0.458426  0.338816  0.708881  0.547540  0.472181  0.560441  0.448294  0.690295 
36  0.581492  0.512718  0.495161  0.505375  0.591436  0.518879  0.380246  0.447347  0.382667  0.505721  0.320905  0.422937  0.418782  0.568627  0.456660  0.443802  0.475830  0.926832  0.697805  0.539723  0.411270  0.315166  0.553759  0.423444  0.543297  0.506391  0.542213  0.519706  0.695164  0.615815  0.441856  0.527848  0.554540  0.337955  0.372200  0.490483 0.0  0.447937  0.732615  0.754971  0.480792  0.493430  0.369590  0.599137  0.554124  0.496962  0.412303  0.523524  0.654684  0.693737  0.543772  0.465239  0.395938  0.570888  0.615795  0.342257  0.463259  0.589070  0.541011  0.729369  0.474106  0.368046  0.426262  0.463095  0.421097  0.421179  0.515554  0.703387  0.520563  0.487212  0.433240  0.445901  0.694486 
37  0.427413  0.582748  0.830583  0.490901  0.430054  0.566121  0.604640  0.485812  0.567172  0.702235  0.628656  0.657251  0.557545  0.618838  0.499316  0.618544  0.594053  0.816175  0.873692  0.578783  0.534014  0.556978  0.648627  0.511591  0.708835  0.666478  0.732692  0.556462  0.706741  0.735427  0.472457  0.644558  0.673963  0.578447  0.493721  0.657687  0.447937 0.0  0.545045  0.598329  0.592239  0.664262  0.532939  0.555976  0.545902  0.549838  0.572881  0.594064  0.693197  0.539568  0.571275  0.599259  0.577516  0.551497  0.469857  0.677784  0.612610  0.555438  0.721438  0.492007  0.565119  0.626849  0.572727  0.538304  0.695384  0.479586  0.563451  0.682256  0.589284  0.557064  0.656967  0.563228  0.576139 
38  0.492791  0.749059  0.819579  0.660587  0.737704  0.596590  0.759908  0.580259  0.675602  0.738290  0.597322  0.758836  0.722085  0.707728  0.711467  0.648398  0.742711  0.913763  0.710624  0.757589  0.624248  0.660431  0.741758  0.839897  0.781621  0.666425  0.676542  0.634070  0.822997  0.690114  0.562345  0.772324  0.795206  0.766046  0.605490  0.679308  0.732615  0.545045 0.0  0.848056  0.710962  0.836591  0.706479  0.676210  0.674749  0.625838  0.742500  0.624188  0.802311  0.496447  0.629336  0.678639  0.642376  0.650755  0.526277  0.627079  0.663775  0.507959  0.834214  0.595829  0.689660  0.679362  0.790000  0.654490  0.795714  0.742413  0.758759  0.815448  0.684794  0.595241  0.612391  0.710586  0.682629 
39  0.742361  0.802152  0.692538  0.631107  0.864336  0.664706  0.782087  0.740373  0.962381  0.897362  0.704239  0.796017  0.724720  0.719990  0.836167  0.740616  0.746316  0.502686  0.599821  0.738461  0.819671  0.798794  0.726865  0.738141  0.668052  0.733503  0.525491  0.734031  0.657785  0.636391  0.830930  0.881503  0.793367  0.811937  0.714557  0.789125  0.754971  0.598329  0.848056 0.0  0.732523  0.805479  0.758888  0.783203  0.864279  0.793904  0.869438  0.782445  0.608862  0.688065  0.648435  0.788496  0.812448  0.872058  0.770839  0.694769  0.761289  0.719253  0.742339  0.838300  0.801827  0.742254  0.886423  0.750572  0.696338  0.823501  0.849205  0.526995  0.909867  0.708274  0.766538  0.811370  0.699227 
40  0.451897  0.518126  0.612793  0.293031  0.585119  0.614283  0.570702  0.479781  0.673999  0.448766  0.582650  0.513835  0.509221  0.335989  0.425489  0.352969  0.484438  0.715765  0.720968  0.543214  0.374348  0.606944  0.584654  0.521422  0.605531  0.517524  0.718082  0.490209  0.724738  0.596981  0.497822  0.618159  0.637181  0.468119  0.452308  0.523893  0.480792  0.592239  0.710962  0.732523 0.0  0.586522  0.495306  0.320226  0.582752  0.554449  0.426171  0.698825  0.653329  0.547630  0.397688  0.425778  0.433156  0.616293  0.269156  0.583465  0.566798  0.656291  0.560526  0.554071  0.478823  0.577551  0.556832  0.435017  0.661215  0.390222  0.574156  0.696580  0.561879  0.388929  0.472752  0.501065  0.676502 
41  0.608237  0.410661  0.439715  0.548939  0.773610  0.541533  0.621760  0.436143  0.628980  0.755917  0.527133  0.495634  0.506323  0.578355  0.507042  0.423895  0.627486  0.736287  0.689048  0.593428  0.473838  0.468701  0.516132  0.490447  0.400847  0.485386  0.554155  0.695005  0.654082  0.677714  0.478444  0.772806  0.587372  0.524915  0.498853  0.613450  0.493430  0.664262  0.836591  0.805479  0.586522 0.0  0.451261  0.631507  0.559071  0.727856  0.562350  0.589400  0.593672  0.687909  0.733190  0.344579  0.508751  0.612135  0.695397  0.435298  0.577979  0.710682  0.456952  0.791795  0.507680  0.511942  0.442207  0.462338  0.549656  0.453408  0.556877  0.589708  0.467117  0.504995  0.488947  0.507218  0.796107 
42  0.494278  0.485316  0.527036  0.451582  0.618429  0.548309  0.402143  0.585928  0.527141  0.452382  0.377028  0.211814  0.292763  0.397201  0.338225  0.358689  0.500901  0.788864  0.822068  0.450124  0.480330  0.407258  0.615081  0.388683  0.604063  0.431065  0.688124  0.285248  0.810133  0.744570  0.528934  0.528772  0.450683  0.518082  0.380417  0.466614  0.369590  0.532939  0.706479  0.758888  0.495306  0.451261 0.0  0.537836  0.505902  0.604858  0.404327  0.510628  0.472281  0.667394  0.564281  0.455313  0.459479  0.437390  0.637372  0.365900  0.382373  0.649631  0.607397  0.671588  0.495249  0.385132  0.517606  0.400430  0.522502  0.446016  0.543333  0.822117  0.518991  0.447265  0.486690  0.405117  0.785479 
43  0.533096  0.557780  0.760830  0.494859  0.589774  0.494919  0.620282  0.598835  0.579931  0.605812  0.622381  0.555555  0.517015  0.678784  0.554930  0.594659  0.557630  0.785680  0.751109  0.669359  0.580297  0.534401  0.595277  0.541435  0.654116  0.561961  0.728984  0.582632  0.796076  0.598473  0.538414  0.481282  0.563648  0.582460  0.544839  0.464164  0.599137  0.555976  0.676210  0.783203  0.320226  0.631507  0.537836 0.0  0.640247  0.488277  0.495290  0.575117  0.755908  0.665243  0.585184  0.598777  0.503240  0.565843  0.210362  0.566388  0.621945  0.604358  0.750012  0.547646  0.600589  0.585730  0.526426  0.571043  0.650254  0.566971  0.589783  0.917825  0.507581  0.496147  0.590537  0.532330  0.741353 
44  0.571194  0.463667  0.544848  0.522719  0.518487  0.257984  0.540500  0.302310  0.291390  0.468255  0.503168  0.426362  0.459775  0.625682  0.438235  0.425824  0.475380  0.871287  0.881960  0.550114  0.429253  0.503026  0.401302  0.447803  0.551928  0.440968  0.757908  0.515759  0.842623  0.741269  0.391638  0.405323  0.460398  0.420101  0.504995  0.376985  0.554124  0.545902  0.674749  0.864279  0.582752  0.559071  0.505902  0.640247 0.0  0.498906  0.569847  0.423537  0.601338  0.709810  0.589791  0.461577  0.406189  0.649922  0.649841  0.600344  0.381348  0.702945  0.696029  0.741572  0.502435  0.549924  0.426528  0.366226  0.618592  0.426213  0.448762  0.790735  0.462657  0.470779  0.541262  0.472603  0.721773 
45  0.598138  0.688423  0.616188  0.410730  0.389295  0.528859  0.617593  0.508525  0.588988  0.669366  0.583262  0.568211  0.579323  0.488301  0.572940  0.553917  0.686456  0.896346  0.807578  0.596410  0.538467  0.540933  0.557192  0.532387  0.692604  0.459873  0.759629  0.505436  0.833579  0.676371  0.465174  0.407964  0.558552  0.663444  0.502201  0.478407  0.496962  0.549838  0.625838  0.793904  0.554449  0.727856  0.604858  0.488277  0.498906 0.0  0.622135  0.565185  0.789808  0.583085  0.639535  0.583261  0.537673  0.568443  0.581080  0.568581  0.483623  0.672345  0.630012  0.656745  0.607058  0.543907  0.535296  0.606534  0.646313  0.654291  0.513966  0.807923  0.552135  0.607520  0.520327  0.463094  0.670404 
46  0.584043  0.403643  0.537075  0.478091  0.679326  0.557075  0.434212  0.420576  0.578316  0.375442  0.436033  0.392893  0.424357  0.334005  0.351718  0.383907  0.494914  0.779903  0.771711  0.496804  0.480499  0.430967  0.543888  0.443186  0.511573  0.477626  0.612963  0.399576  0.848065  0.569799  0.476349  0.563158  0.482407  0.457788  0.483722  0.391812  0.412303  0.572881  0.742500  0.869438  0.426171  0.562350  0.404327  0.495290  0.569847  0.622135 0.0  0.626319  0.431951  0.648149  0.624652  0.494588  0.349002  0.382904  0.646553  0.411787  0.420120  0.652028  0.275592  0.619848  0.420609  0.162609  0.394052  0.360150  0.572123  0.458969  0.344988  0.836530  0.519256  0.436946  0.312485  0.357773  0.727197 
47  0.570331  0.505729  0.526505  0.486706  0.518868  0.374950  0.510390  0.400656  0.387044  0.520965  0.411683  0.393536  0.493355  0.613149  0.541448  0.309300  0.587239  0.897866  0.831883  0.524464  0.488747  0.497244  0.374016  0.542749  0.558050  0.524460  0.614619  0.581769  0.681510  0.710751  0.453889  0.430779  0.452172  0.339414  0.507038  0.273174  0.523524  0.594064  0.624188  0.782445  0.698825  0.589400  0.510628  0.575117  0.423537  0.565185  0.626319 0.0  0.657085  0.609513  0.592459  0.472931  0.425480  0.498257  0.536102  0.478476  0.460414  0.630211  0.761726  0.831585  0.490300  0.599682  0.396178  0.423684  0.540664  0.448460  0.450906  0.862292  0.413081  0.563259  0.504844  0.579234  0.720832 
48  0.626193  0.501071  0.411725  0.592946  0.723447  0.538508  0.583657  0.721804  0.744790  0.644637  0.605794  0.589726  0.531379  0.588195  0.491315  0.521900  0.524659  0.865843  0.720514  0.560345  0.523666  0.395842  0.623949  0.522847  0.425350  0.714536  0.531214  0.603971  0.816619  0.585973  0.697210  0.692818  0.699203  0.552751  0.615889  0.581515  0.654684  0.693197  0.802311  0.608862  0.653329  0.593672  0.472281  0.755908  0.601338  0.789808  0.431951  0.657085 0.0  0.789972  0.856225  0.486889  0.644330  0.636675  0.732854  0.490661  0.562885  0.720577  0.444336  0.763714  0.647703  0.379497  0.585928  0.569873  0.281253  0.579989  0.593657  0.707226  0.584357  0.570900  0.580591  0.628520  0.792099 
49  0.485552  0.463468  0.629647  0.611982  0.608705  0.580249  0.702637  0.691450  0.598325  0.592348  0.675591  0.738814  0.620160  0.668582  0.665030  0.637020  0.660142  0.640470  0.744923  0.715371  0.604080  0.591170  0.683091  0.612822  0.707621  0.592335  0.618319  0.715034  0.698211  0.540331  0.652027  0.701005  0.697105  0.621876  0.470448  0.753691  0.693737  0.539568  0.496447  0.688065  0.547630  0.687909  0.667394  0.665243  0.709810  0.583085  0.648149  0.609513  0.789972 0.0  0.531222  0.596039  0.559201  0.761369  0.616660  0.588351  0.710377  0.518244  0.704323  0.412970  0.488545  0.641698  0.628471  0.622814  0.754969  0.656156  0.655789  0.705674  0.706690  0.700929  0.568298  0.576870  0.614460 
50  0.427896  0.641550  0.645542  0.548787  0.638890  0.575717  0.655425  0.655917  0.726443  0.574590  0.570118  0.629743  0.714663  0.677206  0.577276  0.449755  0.542928  0.771966  0.760176  0.667597  0.503989  0.615428  0.541565  0.654020  0.781009  0.538726  0.632374  0.672937  0.654720  0.628224  0.585124  0.594450  0.672175  0.476170  0.547410  0.655653  0.543772  0.571275  0.629336  0.648435  0.397688  0.733190  0.564281  0.585184  0.589791  0.639535  0.624652  0.592459  0.856225  0.531222 0.0  0.548645  0.741228  0.679622  0.691592  0.662539  0.532814  0.335330  0.784720  0.500991  0.586682  0.544838  0.577854  0.544299  0.592311  0.587505  0.709029  0.569620  0.584024  0.576514  0.627258  0.627904  0.611439 
51  0.465839  0.260518  0.546915  0.374660  0.647239  0.487354  0.369771  0.488915  0.427629  0.572314  0.406131  0.392670  0.337506  0.459263  0.387330  0.509063  0.516453  0.844716  0.743820  0.457341  0.365175  0.347227  0.391681  0.331391  0.344841  0.352469  0.524006  0.491366  0.673516  0.705495  0.405419  0.642654  0.450070  0.396690  0.380613  0.511106  0.465239  0.599259  0.678639  0.788496  0.425778  0.344579  0.455313  0.598777  0.461577  0.583261  0.494588  0.472931  0.486889  0.596039  0.548645 0.0  0.444082  0.506639  0.505105  0.449161  0.485185  0.618576  0.604557  0.701380  0.414943  0.430865  0.299856  0.409208  0.460624  0.370601  0.525581  0.750514  0.518142  0.354934  0.305085  0.302700  0.711257 
52  0.659180  0.391450  0.576890  0.551273  0.547871  0.416671  0.541838  0.342941  0.296843  0.529139  0.453050  0.506121  0.464706  0.596029  0.461316  0.392592  0.575040  0.797027  0.686361  0.431081  0.434334  0.485775  0.273493  0.371410  0.513141  0.464136  0.566676  0.501682  0.783652  0.642703  0.442254  0.489725  0.472976  0.441094  0.447550  0.420091  0.395938  0.577516  0.642376  0.812448  0.433156  0.508751  0.459479  0.503240  0.406189  0.537673  0.349002  0.425480  0.644330  0.559201  0.741228  0.444082 0.0  0.414819  0.541865  0.481613  0.467273  0.720019  0.572098  0.716122  0.393378  0.467408  0.418187  0.430196  0.641088  0.489347  0.410921  0.704618  0.418192  0.409347  0.543318  0.413412  0.677074 
53  0.697679  0.525887  0.635459  0.506528  0.706755  0.631052  0.467193  0.639346  0.512988  0.533164  0.486038  0.468546  0.489132  0.589152  0.404384  0.594404  0.487324  0.872307  0.922810  0.472405  0.560559  0.425518  0.537515  0.469051  0.615033  0.518333  0.733450  0.450269  0.831277  0.730763  0.470889  0.677994  0.561820  0.495083  0.506605  0.414733  0.570888  0.551497  0.650755  0.872058  0.616293  0.612135  0.437390  0.565843  0.649922  0.568443  0.382904  0.498257  0.636675  0.761369  0.679622  0.506639  0.414819 0.0  0.658417  0.604229  0.438546  0.765960  0.542627  0.833383  0.532805  0.376804  0.537656  0.532823  0.463897  0.541246  0.442226  0.910437  0.567333  0.579198  0.516658  0.522380  0.684507 
