61
0 0.0  0.711550  0.772895  0.684668  0.776987  0.738187  0.673748  0.296611  0.644615  0.524939  0.572460  0.482940  0.560822  0.541181  0.586516  0.681069  0.758883  0.721113  0.649331  0.432040  0.828028  0.824339  0.692695  0.681951  0.529055  0.620878  0.775674  0.159012  0.760479  0.780760  0.773897  0.634559  0.588732  0.803129  0.863442  0.512633  0.664809  0.712692  0.712586  0.754665  0.465622  0.475047  0.701286  0.802526  0.294497  0.752466  0.449854  0.689575  0.828809  0.591418  0.489944  0.504844  0.607701  0.663281  0.791108  0.652215  0.774813  0.727665  0.544897  0.647488  0.563772 
1  0.711550 0.0  0.741322  0.773455  0.775086  0.647622  0.686766  0.580285  0.717320  0.675191  0.703158  0.722665  0.762764  0.669973  0.643044  0.608842  0.733435  0.778289  0.654352  0.639044  0.603050  0.603382  0.252971  0.640886  0.622076  0.663973  0.767951  0.474937  0.716725  0.643875  0.741365  0.787045  0.352277  0.703136  0.716895  0.674711  0.722344  0.670566  0.537332  0.613857  0.597132  0.691081  0.537399  0.697878  0.672846  0.722939  0.655307  0.638955  0.650409  0.655121  0.630512  0.685823  0.642865  0.579898  0.670601  0.467658  0.712610  0.607698  0.670448  0.683846  0.169257 
2  0.772895  0.741322 0.0  0.259599  0.356497  0.596660  0.837904  0.785888  0.863940  0.926519  0.777823  0.822447  0.736959  0.776037  0.878714  0.595674  0.560879  0.860821  0.862601  0.820744  0.535199  0.619258  0.740815  0.506236  0.811651  0.782070  0.578173  0.827529  0.471963  0.507252  0.469553  0.782336  0.848930  0.534080  0.475358  0.760928  0.836005  0.591922  0.649775  0.691034  0.864509  0.809596  0.771108  0.590255  0.802444  0.552216  0.812914  0.548910  0.617865  0.760761  0.829530  0.730783  0.732782  0.620124  0.647391  0.820418  0.590786  0.608468  0.866647  0.887387  0.743866 
3  0.684668  0.773455  0.259599 0.0  0.418124  0.535956  0.756136  0.820832  0.909472  0.905092  0.753487  0.731281  0.796546  0.856145  0.828390  0.629954  0.500083  0.846818  0.832550  0.843019  0.630472  0.618854  0.775829  0.511484  0.665082  0.791312  0.645734  0.757864  0.346693  0.640058  0.403238  0.795376  0.879690  0.350079  0.563282  0.819320  0.848649  0.707602  0.642032  0.601559  0.705039  0.900803  0.717060  0.624594  0.911719  0.566288  0.830473  0.481942  0.693157  0.764693  0.779833  0.783986  0.771152  0.598608  0.595872  0.734872  0.567654  0.668050  0.701399  0.745401  0.770305 
4  0.776987  0.775086  0.356497  0.418124 0.0  0.501336  0.864868  0.734999  0.901583  0.723045  0.850528  0.806272  0.930992  0.742042  0.745595  0.526303  0.490532  0.807041  0.803205  0.857232  0.519587  0.508389  0.691242  0.312984  0.780183  0.761190  0.569656  0.721001  0.370292  0.549153  0.281326  0.737702  0.750346  0.327536  0.445176  0.733940  0.839236  0.630592  0.772168  0.636071  0.814064  0.755003  0.644654  0.569324  0.844020  0.497954  0.800838  0.544771  0.672103  0.805224  0.784136  0.881235  0.885698  0.594303  0.577873  0.754195  0.565589  0.512105  0.954773  0.922313  0.772469 
5  0.738187  0.647622  0.596660  0.535956  0.501336 0.0  0.830946  0.654706  0.818202  0.736201  0.663774  0.720965  0.813880  0.835133  0.764913  0.595451  0.473695  0.803892  0.823910  1.000000  0.186245  0.346927  0.748423  0.280055  0.793457  0.714582  0.508248  0.726018  0.484377  0.524366  0.544449  0.815906  0.726769  0.559972  0.285402  0.749118  0.898332  0.337837  0.584963  0.309230  0.770209  0.684797  0.742600  0.437466  0.703376  0.357170  0.781506  0.319908  0.687154  0.840693  0.730376  0.824646  0.787896  0.427715  0.384326  0.680783  0.511243  0.406492  0.619645  0.791179  0.621083 
6  0.673748  0.686766  0.837904  0.756136  0.864868  0.830946 0.0  0.683850  0.295044  0.386230  0.543548  0.542140  0.407402  0.246679  0.512100  0.788118  0.871960  0.541028  0.347497  0.501033  0.689976  0.791567  0.739058  0.742143  0.623029  0.697067  0.903823  0.650236  0.805682  0.769949  0.813369  0.469958  0.663537  0.912850  0.831464  0.467100  0.514148  0.747544  0.679673  0.760378  0.636438  0.411881  0.744654  0.748753  0.594069  0.796005  0.601594  0.765902  0.827869  0.412153  0.554714  0.509748  0.583238  0.776342  0.773214  0.634556  0.783497  0.707030  0.375038  0.309725  0.600008 
7  0.296611  0.580285  0.785888  0.820832  0.734999  0.654706  0.683850 0.0  0.670899  0.604330  0.470046  0.560644  0.633609  0.651201  0.691151  0.779690  0.738560  0.778087  0.631689  0.418046  0.743817  0.739601  0.612098  0.704595  0.578262  0.487686  0.864369  0.335109  0.795463  0.843147  0.785106  0.615852  0.528955  0.765393  0.851193  0.506990  0.707126  0.717270  0.634396  0.695895  0.365642  0.584035  0.518022  0.680718  0.386537  0.837321  0.434656  0.811808  0.752075  0.653124  0.563894  0.543967  0.662655  0.766179  0.772209  0.480020  0.815316  0.671409  0.746673  0.694455  0.564246 
8  0.644615  0.717320  0.863940  0.909472  0.901583  0.818202  0.295044  0.670899 0.0  0.430004  0.594549  0.425669  0.380180  0.468565  0.335953  0.771099  0.834959  0.489211  0.357696  0.554641  0.833339  0.714899  0.670914  0.795125  0.449539  0.664696  0.860166  0.640403  0.888876  0.847750  0.776735  0.595480  0.693437  0.889428  0.798653  0.574500  0.452066  0.858090  0.740036  0.736524  0.615743  0.386708  0.635635  0.777766  0.591450  0.899322  0.575916  0.842801  0.845823  0.507043  0.482993  0.560946  0.565189  0.835290  0.856423  0.660317  0.780215  0.771375  0.247204  0.278741  0.773263 
9  0.524939  0.675191  0.926519  0.905092  0.723045  0.736201  0.386230  0.604330  0.430004 0.0  0.544198  0.546620  0.494507  0.438391  0.626130  0.729322  0.799816  0.709132  0.579661  0.568326  0.667540  0.886283  0.818913  0.814352  0.702470  0.564391  0.833314  0.489258  0.838140  0.848419  0.807277  0.538613  0.681301  0.865197  0.779689  0.541199  0.382564  0.719056  0.715641  0.709299  0.573052  0.405389  0.746683  0.717215  0.546912  0.767973  0.514269  0.785085  0.840665  0.325167  0.506617  0.368967  0.669621  0.704453  0.789995  0.637299  0.839411  0.789036  0.492463  0.617159  0.751764 
10  0.572460  0.703158  0.777823  0.753487  0.850528  0.663774  0.543548  0.470046  0.594549  0.544198 0.0  0.460516  0.516259  0.363952  0.531876  0.777058  0.826778  0.585076  0.609157  0.478081  0.757902  0.690454  0.631303  0.811438  0.462758  0.514335  0.806793  0.413993  0.797414  0.783028  0.855820  0.530754  0.550770  0.804465  0.751747  0.320031  0.764904  0.799742  0.703013  0.849403  0.483339  0.372834  0.525357  0.724188  0.404808  0.767254  0.341658  0.764973  0.813885  0.582393  0.155028  0.484263  0.528847  0.810767  0.727758  0.571728  0.731324  0.717658  0.643095  0.584346  0.550794 
11  0.482940  0.722665  0.822447  0.731281  0.806272  0.720965  0.542140  0.560644  0.425669  0.546620  0.460516 0.0  0.554861  0.419152  0.491310  0.681023  0.797704  0.576217  0.488608  0.648377  0.824782  0.592705  0.661411  0.666570  0.491623  0.438989  0.757863  0.612869  0.858419  0.875941  0.827001  0.348356  0.749099  0.883567  0.696817  0.479785  0.611062  0.746445  0.818630  0.767332  0.648596  0.383713  0.485879  0.705472  0.473824  0.788582  0.428541  0.675851  0.863851  0.740285  0.368257  0.553759  0.417493  0.833698  0.798904  0.591613  0.792515  0.781521  0.506045  0.477551  0.692524 
12  0.560822  0.762764  0.736959  0.796546  0.930992  0.813880  0.407402  0.633609  0.380180  0.494507  0.516259  0.554861 0.0  0.278956  0.484906  0.801387  0.825254  0.527717  0.316492  0.509084  0.756202  0.847643  0.708732  0.709662  0.557137  0.561750  0.724649  0.584800  0.893781  0.785638  0.883536  0.545975  0.609573  0.905299  0.776653  0.602690  0.557214  0.653827  0.817603  0.776248  0.618650  0.468060  0.504927  0.819143  0.575262  0.771240  0.608225  0.769629  0.844505  0.540027  0.482092  0.496507  0.548055  0.648179  0.631042  0.688845  0.793085  0.834559  0.226121  0.297576  0.566296 
13  0.541181  0.669973  0.776037  0.856145  0.742042  0.835133  0.246679  0.651201  0.468565  0.438391  0.363952  0.419152  0.278956 0.0  0.607577  0.803321  0.822990  0.651164  0.390505  0.423684  0.829048  0.671711  0.779310  0.852695  0.573551  0.548603  0.844113  0.576476  0.829629  0.803578  0.797569  0.528175  0.621889  0.844197  0.751011  0.633593  0.429278  0.747579  0.793186  0.776357  0.563035  0.327296  0.609671  0.716167  0.558984  0.736986  0.558428  0.838573  0.857959  0.512301  0.457109  0.567395  0.583825  0.798229  0.853639  0.556501  0.835442  0.769420  0.412044  0.420597  0.606250 
14  0.586516  0.643044  0.878714  0.828390  0.745595  0.764913  0.512100  0.691151  0.335953  0.626130  0.531876  0.491310  0.484906  0.607577 0.0  0.856932  0.792693  0.486136  0.416551  0.563929  0.822018  0.765169  0.628476  0.798217  0.657118  0.549294  0.775957  0.555128  0.933397  0.921542  0.744149  0.417267  0.675558  0.866596  0.840238  0.548401  0.664746  0.845063  0.761226  0.819446  0.725590  0.643166  0.563755  0.824797  0.648694  0.735244  0.700396  0.696644  0.823244  0.684538  0.545087  0.585602  0.507502  0.742759  0.815834  0.534314  0.821470  0.692192  0.492142  0.473291  0.668117 
15  0.681069  0.608842  0.595674  0.629954  0.526303  0.595451  0.788118  0.779690  0.771099  0.729322  0.777058  0.681023  0.801387  0.803321  0.856932 0.0  0.400810  0.739637  0.832825  0.758513  0.507732  0.583832  0.629416  0.505476  0.770980  0.774462  0.390632  0.865594  0.636359  0.446223  0.595744  0.749450  0.727889  0.600145  0.519109  0.754266  0.720708  0.496425  0.628628  0.449315  0.686454  0.680089  0.743076  0.564792  0.752426  0.410547  0.747619  0.490560  0.552381  0.826087  0.734693  0.822014  0.907960  0.555632  0.517705  0.677033  0.360491  0.617869  0.768001  0.926046  0.739726 
16  0.758883  0.733435  0.560879  0.500083  0.490532  0.473695  0.871960  0.738560  0.834959  0.799816  0.826778  0.797704  0.825254  0.822990  0.792693  0.400810 0.0  0.746379  0.755193  0.735512  0.521206  0.539672  0.607777  0.385716  0.821881  0.715106  0.426934  0.709639  0.393051  0.488502  0.533299  0.796813  0.719126  0.500740  0.379274  0.752659  0.904489  0.505283  0.565572  0.546132  0.756144  0.832910  0.714541  0.462177  0.772237  0.399611  0.839000  0.546596  0.600284  0.694642  0.782342  0.917336  0.786659  0.616543  0.531192  0.764568  0.488152  0.504527  0.781581  0.761440  0.751776 
17  0.721113  0.778289  0.860821  0.846818  0.807041  0.803892  0.541028  0.778087  0.489211  0.709132  0.585076  0.576217  0.527717  0.651164  0.486136  0.739637  0.746379 0.0  0.525324  0.814634  0.772046  0.816993  0.748937  0.779430  0.639647  0.739329  0.863152  0.730426  0.789826  0.910389  0.766774  0.579316  0.877844  0.777624  0.828596  0.662029  0.661474  0.852212  0.927760  0.795939  0.716984  0.743221  0.747048  0.800190  0.682917  0.733792  0.595617  0.782061  0.920386  0.707140  0.711267  0.725660  0.549335  0.869746  0.809994  0.758310  0.827981  0.713191  0.702339  0.594191  0.652139 
18  0.649331  0.654352  0.862601  0.832550  0.803205  0.823910  0.347497  0.631689  0.357696  0.579661  0.609157  0.488608  0.316492  0.390505  0.416551  0.832825  0.755193  0.525324 0.0  0.578771  0.848438  0.790135  0.698341  0.788496  0.600775  0.630112  0.835806  0.684579  0.872469  0.819142  0.674829  0.443613  0.764296  0.752381  0.801797  0.555654  0.470889  0.758472  0.746884  0.760365  0.641407  0.598672  0.740499  0.924352  0.602874  0.831261  0.568513  0.766737  0.865140  0.441640  0.471309  0.561384  0.504946  0.822066  0.854986  0.694606  0.886458  0.734587  0.253352  0.287975  0.810204 
19  0.432040  0.639044  0.820744  0.843019  0.857232  1.000000  0.501033  0.418046  0.554641  0.568326  0.478081  0.648377  0.509084  0.423684  0.563929  0.758513  0.735512  0.814634  0.578771 0.0  0.735800  0.778825  0.713824  0.785565  0.466153  0.599933  0.733029  0.463106  0.777902  0.700567  0.699226  0.539006  0.648954  0.755526  0.683735  0.510234  0.633677  0.853133  0.815303  0.756424  0.470623  0.362862  0.618504  0.708838  0.393474  0.759472  0.373032  0.730167  0.763083  0.574015  0.556281  0.333960  0.631601  0.685136  0.798785  0.478125  0.806642  0.802864  0.604912  0.581815  0.612710 
20  0.828028  0.603050  0.535199  0.630472  0.519587  0.186245  0.689976  0.743817  0.833339  0.667540  0.757902  0.824782  0.756202  0.829048  0.822018  0.507732  0.521206  0.772046  0.848438  0.735800 0.0  0.368591  0.668026  0.414688  0.697978  0.702925  0.614298  0.789883  0.600705  0.640301  0.509012  0.682086  0.677582  0.613073  0.270656  0.769617  0.818270  0.388349  0.566937  0.491371  0.693996  0.704621  0.647275  0.356983  0.681394  0.366618  0.788175  0.260754  0.573642  0.823814  0.710059  0.833749  0.815435  0.464174  0.308946  0.692018  0.575459  0.329304  0.732468  0.824757  0.697110 
21  0.824339  0.603382  0.619258  0.618854  0.508389  0.346927  0.791567  0.739601  0.714899  0.886283  0.690454  0.592705  0.847643  0.671711  0.765169  0.583832  0.539672  0.816993  0.790135  0.778825  0.368591 0.0  0.483342  0.439263  0.757078  0.721974  0.541215  0.656825  0.525933  0.555293  0.487227  0.774705  0.738041  0.600770  0.412815  0.731594  0.932807  0.095897  0.623175  0.393839  0.673533  0.816880  0.752958  0.147132  0.724919  0.597896  0.784493  0.221035  0.703008  0.867771  0.851409  0.661092  0.813622  0.335132  0.227285  0.676000  0.513909  0.000000  0.777994  0.762238  0.648638 
22  0.692695  0.252971  0.740815  0.775829  0.691242  0.748423  0.739058  0.612098  0.670914  0.818913  0.631303  0.661411  0.708732  0.779310  0.628476  0.629416  0.607777  0.748937  0.698341  0.713824  0.668026  0.483342 0.0  0.738366  0.688002  0.557066  0.703368  0.606641  0.740720  0.726494  0.611007  0.717271  0.372609  0.713875  0.723041  0.539862  0.761513  0.546221  0.405827  0.609235  0.556365  0.728528  0.690721  0.696191  0.665666  0.658178  0.616591  0.597830  0.628613  0.776581  0.534259  0.595435  0.676714  0.604887  0.650689  0.563912  0.695578  0.671152  0.745860  0.635292  0.347086 
23  0.681951  0.640886  0.506236  0.511484  0.312984  0.280055  0.742143  0.704595  0.795125  0.814352  0.811438  0.666570  0.709662  0.852695  0.798217  0.505476  0.385716  0.779430  0.788496  0.785565  0.414688  0.439263  0.738366 0.0  0.710311  0.777609  0.572932  0.770432  0.475263  0.540088  0.458395  0.758231  0.674839  0.501431  0.499398  0.823840  0.813500  0.517811  0.517787  0.507859  0.752073  0.766674  0.712524  0.448234  0.770336  0.320331  0.815929  0.386934  0.671719  0.931896  0.808797  0.865616  0.798210  0.579998  0.471472  0.744788  0.433439  0.532142  0.812296  0.752593  0.768532 
24  0.529055  0.622076  0.811651  0.665082  0.780183  0.793457  0.623029  0.578262  0.449539  0.702470  0.462758  0.491623  0.557137  0.573551  0.657118  0.770980  0.821881  0.639647  0.600775  0.466153  0.697978  0.757078  0.688002  0.710311 0.0  0.262364  0.751507  0.616832  0.840103  0.646694  0.824433  0.495089  0.652463  0.799847  0.751675  0.468155  0.689007  0.683376  0.683985  0.731534  0.620302  0.471261  0.453567  0.829243  0.632761  0.837805  0.503724  0.679659  0.808543  0.656852  0.464072  0.574398  0.467732  0.753041  0.774216  0.513178  0.689497  0.823704  0.542919  0.536556  0.578465 
25  0.620878  0.663973  0.782070  0.791312  0.761190  0.714582  0.697067  0.487686  0.664696  0.564391  0.514335  0.438989  0.561750  0.548603  0.549294  0.774462  0.715106  0.739329  0.630112  0.599933  0.702925  0.721974  0.557066  0.777609  0.262364 0.0  0.699019  0.538734  0.864246  0.781023  0.761440  0.581166  0.612204  0.862064  0.837530  0.289113  0.571786  0.732073  0.684321  0.726906  0.476468  0.539997  0.428201  0.782332  0.547245  0.808970  0.491210  0.803235  0.816844  0.596324  0.380497  0.696676  0.387172  0.781031  0.712553  0.395751  0.764215  0.748233  0.690070  0.605835  0.582892 
26  0.775674  0.767951  0.578173  0.645734  0.569656  0.508248  0.903823  0.864369  0.860166  0.833314  0.806793  0.757863  0.724649  0.844113  0.775957  0.390632  0.426934  0.863152  0.835806  0.733029  0.614298  0.541215  0.703368  0.572932  0.751507  0.699019 0.0  0.757377  0.583861  0.244568  0.494020  0.843349  0.623160  0.598362  0.639789  0.910546  0.795352  0.702049  0.665680  0.646769  0.768569  0.869282  0.858076  0.663616  0.788806  0.462161  0.830903  0.603067  0.441789  0.890937  0.867312  0.822339  0.741083  0.638957  0.503276  0.854874  0.640714  0.635717  0.823292  0.905866  0.712497 
27  0.159012  0.474937  0.827529  0.757864  0.721001  0.726018  0.650236  0.335109  0.640403  0.489258  0.413993  0.612869  0.584800  0.576476  0.555128  0.865594  0.709639  0.730426  0.684579  0.463106  0.789883  0.656825  0.606641  0.770432  0.616832  0.538734  0.757377 0.0  0.724492  0.904170  0.832603  0.550302  0.447998  0.748457  0.733672  0.521468  0.615912  0.844715  0.439443  0.764097  0.337620  0.484650  0.611694  0.753797  0.234726  0.691252  0.536864  0.687570  0.745803  0.604548  0.493218  0.383885  0.679642  0.566852  0.614858  0.528665  0.769377  0.826526  0.657774  0.553312  0.552321 
28  0.760479  0.716725  0.471963  0.346693  0.370292  0.484377  0.805682  0.795463  0.888876  0.838140  0.797414  0.858419  0.893781  0.829629  0.933397  0.636359  0.393051  0.789826  0.872469  0.777902  0.600705  0.525933  0.740720  0.475263  0.840103  0.864246  0.583861  0.724492 0.0  0.455896  0.365376  0.866793  0.740952  0.253207  0.580561  0.792311  0.889768  0.512914  0.611017  0.573629  0.787802  0.787614  0.704977  0.596578  0.714824  0.480494  0.831503  0.480132  0.606201  0.812191  0.769790  0.782892  0.878405  0.671810  0.680467  0.770240  0.601815  0.507104  0.829146  0.809426  0.783901 
29  0.780760  0.643875  0.507252  0.640058  0.549153  0.524366  0.769949  0.843147  0.847750  0.848419  0.783028  0.875941  0.785638  0.803578  0.921542  0.446223  0.488502  0.910389  0.819142  0.700567  0.640301  0.555293  0.726494  0.540088  0.646694  0.781023  0.244568  0.904170  0.455896 0.0  0.601147  0.746817  0.815889  0.489740  0.462953  0.838721  0.805429  0.639089  0.510160  0.638754  0.872211  0.756152  0.704382  0.554973  0.747095  0.344213  0.831160  0.599109  0.543410  0.869438  0.730500  0.819924  0.747131  0.716815  0.539938  0.676273  0.407457  0.635282  0.853189  0.794716  0.737526 
30  0.773897  0.741365  0.469553  0.403238  0.281326  0.544449  0.813369  0.785106  0.776735  0.807277  0.855820  0.827001  0.883536  0.797569  0.744149  0.595744  0.533299  0.766774  0.674829  0.699226  0.509012  0.487227  0.611007  0.458395  0.824433  0.761440  0.494020  0.832603  0.365376  0.601147 0.0  0.835679  0.775308  0.359693  0.532071  0.774567  0.780731  0.525546  0.578915  0.575844  0.766747  0.709633  0.669418  0.465005  0.785693  0.520821  0.757940  0.506309  0.595544  0.803998  0.900396  0.796547  0.915231  0.604629  0.563499  0.729144  0.537811  0.646724  0.845159  0.831811  0.792756 
31  0.634559  0.787045  0.782336  0.795376  0.737702  0.815906  0.469958  0.615852  0.595480  0.538613  0.530754  0.348356  0.545975  0.528175  0.417267  0.749450  0.796813  0.579316  0.443613  0.539006  0.682086  0.774705  0.717271  0.758231  0.495089  0.581166  0.843349  0.550302  0.866793  0.746817  0.835679 0.0  0.558771  0.778031  0.716726  0.448190  0.713785  0.686113  0.799996  0.784390  0.639180  0.571236  0.617136  0.640127  0.577351  0.871502  0.565270  0.725532  0.762467  0.640409  0.650539  0.650757  0.381121  0.746298  0.825459  0.656988  0.804939  0.715552  0.560668  0.554072  0.617454 
32  0.588732  0.352277  0.848930  0.879690  0.750346  0.726769  0.663537  0.528955  0.693437  0.681301  0.550770  0.749099  0.609573  0.621889  0.675558  0.727889  0.719126  0.877844  0.764296  0.648954  0.677582  0.738041  0.372609  0.674839  0.652463  0.612204  0.623160  0.447998  0.740952  0.815889  0.775308  0.558771 0.0  0.749317  0.592852  0.684960  0.677218  0.692779  0.557942  0.599715  0.604521  0.705435  0.596886  0.630663  0.599164  0.754419  0.695948  0.728544  0.850888  0.611854  0.717453  0.626555  0.619484  0.566583  0.565904  0.441518  0.727274  0.534735  0.805384  0.734494  0.401363 
33  0.803129  0.703136  0.534080  0.350079  0.327536  0.559972  0.912850  0.765393  0.889428  0.865197  0.804465  0.883567  0.905299  0.844197  0.866596  0.600145  0.500740  0.777624  0.752381  0.755526  0.613073  0.600770  0.713875  0.501431  0.799847  0.862064  0.598362  0.748457  0.253207  0.489740  0.359693  0.778031  0.749317 0.0  0.537291  0.801914  0.906620  0.526078  0.696286  0.614401  0.813304  0.779384  0.732129  0.613910  0.781275  0.451405  0.798715  0.604473  0.536804  0.849565  0.766147  0.776692  0.904594  0.609752  0.620600  0.803013  0.542652  0.646317  0.858206  0.854654  0.779300 
34  0.863442  0.716895  0.475358  0.563282  0.445176  0.285402  0.831464  0.851193  0.798653  0.779689  0.751747  0.696817  0.776653  0.751011  0.840238  0.519109  0.379274  0.828596  0.801797  0.683735  0.270656  0.412815  0.723041  0.499398  0.751675  0.837530  0.639789  0.733672  0.580561  0.462953  0.532071  0.716726  0.592852  0.537291 0.0  0.762198  0.729988  0.488740  0.580596  0.380571  0.685634  0.862235  0.678233  0.377249  0.697910  0.313493  0.704513  0.371544  0.748906  0.853865  0.805733  0.833898  0.755543  0.473455  0.407414  0.680303  0.530477  0.537016  0.801420  0.834147  0.617488 
35  0.512633  0.674711  0.760928  0.819320  0.733940  0.749118  0.467100  0.506990  0.574500  0.541199  0.320031  0.479785  0.602690  0.633593  0.548401  0.754266  0.752659  0.662029  0.555654  0.510234  0.769617  0.731594  0.539862  0.823840  0.468155  0.289113  0.910546  0.521468  0.792311  0.838721  0.774567  0.448190  0.684960  0.801914  0.762198 0.0  0.703739  0.762314  0.793330  0.793260  0.385606  0.442076  0.672486  0.672288  0.542706  0.755018  0.387639  0.729721  0.726768  0.739519  0.262203  0.475624  0.487016  0.678964  0.721745  0.514958  0.847703  0.714590  0.489574  0.492118  0.575262 
36  0.664809  0.722344  0.836005  0.848649  0.839236  0.898332  0.514148  0.707126  0.452066  0.382564  0.764904  0.611062  0.557214  0.429278  0.664746  0.720708  0.904489  0.661474  0.470889  0.633677  0.818270  0.932807  0.761513  0.813500  0.689007  0.571786  0.795352  0.615912  0.889768  0.805429  0.780731  0.713785  0.677218  0.906620  0.729988  0.703739 0.0  0.798541  0.736587  0.794240  0.606021  0.584456  0.770205  0.767441  0.636988  0.787667  0.723424  0.853214  0.822201  0.232732  0.586615  0.590507  0.668361  0.882254  0.768657  0.731737  0.831595  0.737933  0.462144  0.623614  0.694750 
37  0.712692  0.670566  0.591922  0.707602  0.630592  0.337837  0.747544  0.717270  0.858090  0.719056  0.799742  0.746445  0.653827  0.747579  0.845063  0.496425  0.505283  0.852212  0.758472  0.853133  0.388349  0.095897  0.546221  0.517811  0.683376  0.732073  0.702049  0.844715  0.512914  0.639089  0.525546  0.686113  0.692779  0.526078  0.488740  0.762314  0.798541 0.0  0.543065  0.439645  0.592619  0.721438  0.806741  0.000000  0.685920  0.571599  0.733180  0.334134  0.777870  0.767711  0.744360  0.754720  0.789233  0.257228  0.110183  0.719828  0.526784  0.140711  0.787795  0.817288  0.583103 
38  0.712586  0.537332  0.649775  0.642032  0.772168  0.584963  0.679673  0.634396  0.740036  0.715641  0.703013  0.818630  0.817603  0.793186  0.761226  0.628628  0.565572  0.927760  0.746884  0.815303  0.566937  0.623175  0.405827  0.517787  0.683985  0.684321  0.665680  0.439443  0.611017  0.510160  0.578915  0.799996  0.557942  0.696286  0.580596  0.793330  0.736587  0.543065 0.0  0.536043  0.733746  0.653635  0.637955  0.566024  0.753858  0.587239  0.636827  0.583084  0.716604  0.717605  0.754121  0.607888  0.676198  0.604742  0.551564  0.620030  0.590288  0.588933  0.848816  0.792488  0.527747 
39  0.754665  0.613857  0.691034  0.601559  0.636071  0.309230  0.760378  0.695895  0.736524  0.709299  0.849403  0.767332  0.776248  0.776357  0.819446  0.449315  0.546132  0.795939  0.760365  0.756424  0.491371  0.393839  0.609235  0.507859  0.731534  0.726906  0.646769  0.764097  0.573629  0.638754  0.575844  0.784390  0.599715  0.614401  0.380571  0.793260  0.794240  0.439645  0.536043 0.0  0.645506  0.851443  0.595840  0.266296  0.814097  0.454025  0.722831  0.375054  0.626964  0.840356  0.740908  0.802416  0.732329  0.452780  0.294652  0.673185  0.358173  0.320045  0.787216  0.687730  0.546970 
40  0.465622  0.597132  0.864509  0.705039  0.814064  0.770209  0.636438  0.365642  0.615743  0.573052  0.483339  0.648596  0.618650  0.563035  0.725590  0.686454  0.756144  0.716984  0.641407  0.470623  0.693996  0.673533  0.556365  0.752073  0.620302  0.476468  0.768569  0.337620  0.787802  0.872211  0.766747  0.639180  0.604521  0.813304  0.685634  0.385606  0.606021  0.592619  0.733746  0.645506 0.0  0.560131  0.547307  0.694267  0.342703  0.729720  0.416118  0.766193  0.795141  0.678334  0.588782  0.569747  0.574784  0.651822  0.755554  0.415277  0.783374  0.604155  0.606267  0.595556  0.574144 
41  0.475047  0.691081  0.809596  0.900803  0.755003  0.684797  0.411881  0.584035  0.386708  0.405389  0.372834  0.383713  0.468060  0.327296  0.643166  0.680089  0.832910  0.743221  0.598672  0.362862  0.704621  0.816880  0.728528  0.766674  0.471261  0.539997  0.869282  0.484650  0.787614  0.756152  0.709633  0.571236  0.705435  0.779384  0.862235  0.442076  0.584456  0.721438  0.653635  0.851443  0.560131 0.0  0.477507  0.739006  0.455010  0.792368  0.452947  0.809992  0.803235  0.563926  0.475235  0.512130  0.537721  0.754090  0.771195  0.568291  0.681215  0.791299  0.532949  0.456951  0.691574 
42  0.701286  0.537399  0.771108  0.717060  0.644654  0.742600  0.744654  0.518022  0.635635  0.746683  0.525357  0.485879  0.504927  0.609671  0.563755  0.743076  0.714541  0.747048  0.740499  0.618504  0.647275  0.752958  0.690721  0.712524  0.453567  0.428201  0.858076  0.611694  0.704977  0.704382  0.669418  0.617136  0.596886  0.732129  0.678233  0.672486  0.770205  0.806741  0.637955  0.595840  0.547307  0.477507 0.0  0.705291  0.523562  0.765848  0.528769  0.681155  0.870085  0.774124  0.487995  0.704431  0.481501  0.550305  0.729903  0.563805  0.696037  0.722124  0.677072  0.638003  0.662290 
43  0.802526  0.697878  0.590255  0.624594  0.569324  0.437466  0.748753  0.680718  0.777766  0.717215  0.724188  0.705472  0.819143  0.716167  0.824797  0.564792  0.462177  0.800190  0.924352  0.708838  0.356983  0.147132  0.696191  0.448234  0.829243  0.782332  0.663616  0.753797  0.596578  0.554973  0.465005  0.640127  0.630663  0.613910  0.377249  0.672288  0.767441  0.000000  0.566024  0.266296  0.694267  0.739006  0.705291 0.0  0.801537  0.519878  0.667395  0.239945  0.634428  0.842409  0.766205  0.825224  0.796445  0.354456  0.106665  0.685838  0.486468  0.144382  0.797203  0.816213  0.652298 
44  0.294497  0.672846  0.802444  0.911719  0.844020  0.703376  0.594069  0.386537  0.591450  0.546912  0.404808  0.473824  0.575262  0.558984  0.648694  0.752426  0.772237  0.682917  0.602874  0.393474  0.681394  0.724919  0.665666  0.770336  0.632761  0.547245  0.788806  0.234726  0.714824  0.747095  0.785693  0.577351  0.599164  0.781275  0.697910  0.542706  0.636988  0.685920  0.753858  0.814097  0.342703  0.455010  0.523562  0.801537 0.0  0.786388  0.329659  0.629433  0.728260  0.562336  0.494628  0.416138  0.550027  0.620665  0.741552  0.392357  0.736979  0.820185  0.551377  0.574427  0.618728 
45  0.752466  0.722939  0.552216  0.566288  0.497954  0.357170  0.796005  0.837321  0.899322  0.767973  0.767254  0.788582  0.771240  0.736986  0.735244  0.410547  0.399611  0.733792  0.831261  0.759472  0.366618  0.597896  0.658178  0.320331  0.837805  0.808970  0.462161  0.691252  0.480494  0.344213  0.520821  0.871502  0.754419  0.451405  0.313493  0.755018  0.787667  0.571599  0.587239  0.454025  0.729720  0.792368  0.765848  0.519878  0.786388 0.0  0.742221  0.469219  0.669223  0.739054  0.815435  0.775711  0.742792  0.535619  0.441381  0.779441  0.575935  0.473740  0.928729  0.807350  0.798894 
46  0.449854  0.655307  0.812914  0.830473  0.800838  0.781506  0.601594  0.434656  0.575916  0.514269  0.341658  0.428541  0.608225  0.558428  0.700396  0.747619  0.839000  0.595617  0.568513  0.373032  0.788175  0.784493  0.616591  0.815929  0.503724  0.491210  0.830903  0.536864  0.831503  0.831160  0.757940  0.565270  0.695948  0.798715  0.704513  0.387639  0.723424  0.733180  0.636827  0.722831  0.416118  0.452947  0.528769  0.667395  0.329659  0.742221 0.0  0.707749  0.800408  0.607091  0.419423  0.446136  0.498941  0.757969  0.760950  0.642466  0.810623  0.741063  0.641974  0.505157  0.573376 
47  0.689575  0.638955  0.548910  0.481942  0.544771  0.319908  0.765902  0.811808  0.842801  0.785085  0.764973  0.675851  0.769629  0.838573  0.696644  0.490560  0.546596  0.782061  0.766737  0.730167  0.260754  0.221035  0.597830  0.386934  0.679659  0.803235  0.603067  0.687570  0.480132  0.599109  0.506309  0.725532  0.728544  0.604473  0.371544  0.729721  0.853214  0.334134  0.583084  0.375054  0.766193  0.809992  0.681155  0.239945  0.629433  0.469219  0.707749 0.0  0.730761  0.727470  0.695222  0.670164  0.714322  0.447505  0.320637  0.787513  0.488172  0.206217  0.782630  0.815224  0.692461 
48  0.828809  0.650409  0.617865  0.693157  0.672103  0.687154  0.827869  0.752075  0.845823  0.840665  0.813885  0.863851  0.844505  0.857959  0.823244  0.552381  0.600284  0.920386  0.865140  0.763083  0.573642  0.703008  0.628613  0.671719  0.808543  0.816844  0.441789  0.745803  0.606201  0.543410  0.595544  0.762467  0.850888  0.536804  0.748906  0.726768  0.822201  0.777870  0.716604  0.626964  0.795141  0.803235  0.870085  0.634428  0.728260  0.669223  0.800408  0.730761 0.0  0.807024  0.834560  0.789362  0.893403  0.762269  0.621996  0.839149  0.705650  0.745885  0.928335  0.857298  0.810480 
49  0.591418  0.655121  0.760761  0.764693  0.805224  0.840693  0.412153  0.653124  0.507043  0.325167  0.582393  0.740285  0.540027  0.512301  0.684538  0.826087  0.694642  0.707140  0.441640  0.574015  0.823814  0.867771  0.776581  0.931896  0.656852  0.596324  0.890937  0.604548  0.812191  0.869438  0.803998  0.640409  0.611854  0.849565  0.853865  0.739519  0.232732  0.767711  0.717605  0.840356  0.678334  0.563926  0.774124  0.842409  0.562336  0.739054  0.607091  0.727470  0.807024 0.0  0.470197  0.518967  0.685939  0.823938  0.716392  0.695083  0.867232  0.855256  0.565994  0.556041  0.671725 
50  0.489944  0.630512  0.829530  0.779833  0.784136  0.730376  0.554714  0.563894  0.482993  0.506617  0.155028  0.368257  0.482092  0.457109  0.545087  0.734693  0.782342  0.711267  0.471309  0.556281  0.710059  0.851409  0.534259  0.808797  0.464072  0.380497  0.867312  0.493218  0.769790  0.730500  0.900396  0.650539  0.717453  0.766147  0.805733  0.262203  0.586615  0.744360  0.754121  0.740908  0.588782  0.475235  0.487995  0.766205  0.494628  0.815435  0.419423  0.695222  0.834560  0.470197 0.0  0.547871  0.491676  0.788545  0.692847  0.562816  0.793194  0.669624  0.415468  0.589104  0.715483 
51  0.504844  0.685823  0.730783  0.783986  0.881235  0.824646  0.509748  0.543967  0.560946  0.368967  0.484263  0.553759  0.496507  0.567395  0.585602  0.822014  0.917336  0.725660  0.561384  0.333960  0.833749  0.661092  0.595435  0.865616  0.574398  0.696676  0.822339  0.383885  0.782892  0.819924  0.796547  0.650757  0.626555  0.776692  0.833898  0.475624  0.590507  0.754720  0.607888  0.802416  0.569747  0.512130  0.704431  0.825224  0.416138  0.775711  0.446136  0.670164  0.789362  0.518967  0.547871 0.0  0.725628  0.719958  0.685992  0.613664  0.785708  0.820857  0.525389  0.586083  0.678473 
52  0.607701  0.642865  0.732782  0.771152  0.885698  0.787896  0.583238  0.662655  0.565189  0.669621  0.528847  0.417493  0.548055  0.583825  0.507502  0.907960  0.786659  0.549335  0.504946  0.631601  0.815435  0.813622  0.676714  0.798210  0.467732  0.387172  0.741083  0.679642  0.878405  0.747131  0.915231  0.381121  0.619484  0.904594  0.755543  0.487016  0.668361  0.789233  0.676198  0.732329  0.574784  0.537721  0.481501  0.796445  0.550027  0.742792  0.498941  0.714322  0.893403  0.685939  0.491676  0.725628 0.0  0.702650  0.687151  0.519754  0.648426  0.772882  0.600611  0.593213  0.725365 
53  0.663281  0.579898  0.620124  0.598608  0.594303  0.427715  0.776342  0.766179  0.835290  0.704453  0.810767  0.833698  0.648179  0.798229  0.742759  0.555632  0.616543  0.869746  0.822066  0.685136  0.464174  0.335132  0.604887  0.579998  0.753041  0.781031  0.638957  0.566852  0.671810  0.716815  0.604629  0.746298  0.566583  0.609752  0.473455  0.678964  0.882254  0.257228  0.604742  0.452780  0.651822  0.754090  0.550305  0.354456  0.620665  0.535619  0.757969  0.447505  0.762269  0.823938  0.788545  0.719958  0.702650 0.0  0.466926  0.612388  0.582189  0.415499  0.787966  0.681258  0.620852 
54  0.791108  0.670601  0.647391  0.595872  0.577873  0.384326  0.773214  0.772209  0.856423  0.789995  0.727758  0.798904  0.631042  0.853639  0.815834  0.517705  0.531192  0.809994  0.854986  0.798785  0.308946  0.227285  0.650689  0.471472  0.774216  0.712553  0.503276  0.614858  0.680467  0.539938  0.563499  0.825459  0.565904  0.620600  0.407414  0.721745  0.768657  0.110183  0.551564  0.294652  0.755554  0.771195  0.729903  0.106665  0.741552  0.441381  0.760950  0.320637  0.621996  0.716392  0.692847  0.685992  0.687151  0.466926 0.0  0.676300  0.424295  0.315910  0.860327  0.759026  0.597770 
55  0.652215  0.467658  0.820418  0.734872  0.754195  0.680783  0.634556  0.480020  0.660317  0.637299  0.571728  0.591613  0.688845  0.556501  0.534314  0.677033  0.764568  0.758310  0.694606  0.478125  0.692018  0.676000  0.563912  0.744788  0.513178  0.395751  0.854874  0.528665  0.770240  0.676273  0.729144  0.656988  0.441518  0.803013  0.680303  0.514958  0.731737  0.719828  0.620030  0.673185  0.415277  0.568291  0.563805  0.685838  0.392357  0.779441  0.642466  0.787513  0.839149  0.695083  0.562816  0.613664  0.519754  0.612388  0.676300 0.0  0.710403  0.681691  0.611658  0.682190  0.469353 
56  0.774813  0.712610  0.590786  0.567654  0.565589  0.511243  0.783497  0.815316  0.780215  0.839411  0.731324  0.792515  0.793085  0.835442  0.821470  0.360491  0.488152  0.827981  0.886458  0.806642  0.575459  0.513909  0.695578  0.433439  0.689497  0.764215  0.640714  0.769377  0.601815  0.407457  0.537811  0.804939  0.727274  0.542652  0.530477  0.847703  0.831595  0.526784  0.590288  0.358173  0.783374  0.681215  0.696037  0.486468  0.736979  0.575935  0.810623  0.488172  0.705650  0.867232  0.793194  0.785708  0.648426  0.582189  0.424295  0.710403 0.0  0.495525  0.795201  0.826420  0.719813 
57  0.727665  0.607698  0.608468  0.668050  0.512105  0.406492  0.707030  0.671409  0.771375  0.789036  0.717658  0.781521  0.834559  0.769420  0.692192  0.617869  0.504527  0.713191  0.734587  0.802864  0.329304  0.000000  0.671152  0.532142  0.823704  0.748233  0.635717  0.826526  0.507104  0.635282  0.646724  0.715552  0.534735  0.646317  0.537016  0.714590  0.737933  0.140711  0.588933  0.320045  0.604155  0.791299  0.722124  0.144382  0.820185  0.473740  0.741063  0.206217  0.745885  0.855256  0.669624  0.820857  0.772882  0.415499  0.315910  0.681691  0.495525 0.0  0.882971  0.759712  0.646254 
58  0.544897  0.670448  0.866647  0.701399  0.954773  0.619645  0.375038  0.746673  0.247204  0.492463  0.643095  0.506045  0.226121  0.412044  0.492142  0.768001  0.781581  0.702339  0.253352  0.604912  0.732468  0.777994  0.745860  0.812296  0.542919  0.690070  0.823292  0.657774  0.829146  0.853189  0.845159  0.560668  0.805384  0.858206  0.801420  0.489574  0.462144  0.787795  0.848816  0.787216  0.606267  0.532949  0.677072  0.797203  0.551377  0.928729  0.641974  0.782630  0.928335  0.565994  0.415468  0.525389  0.600611  0.787966  0.860327  0.611658  0.795201  0.882971 0.0  0.105517  0.734005 
59  0.647488  0.683846  0.887387  0.745401  0.922313  0.791179  0.309725  0.694455  0.278741  0.617159  0.584346  0.477551  0.297576  0.420597  0.473291  0.926046  0.761440  0.594191  0.287975  0.581815  0.824757  0.762238  0.635292  0.752593  0.536556  0.605835  0.905866  0.553312  0.809426  0.794716  0.831811  0.554072  0.734494  0.854654  0.834147  0.492118  0.623614  0.817288  0.792488  0.687730  0.595556  0.456951  0.638003  0.816213  0.574427  0.807350  0.505157  0.815224  0.857298  0.556041  0.589104  0.586083  0.593213  0.681258  0.759026  0.682190  0.826420  0.759712  0.105517 0.0  0.723701 
60  0.563772  0.169257  0.743866  0.770305  0.772469  0.621083  0.600008  0.564246  0.773263  0.751764  0.550794  0.692524  0.566296  0.606250  0.668117  0.739726  0.751776  0.652139  0.810204  0.612710  0.697110  0.648638  0.347086  0.768532  0.578465  0.582892  0.712497  0.552321  0.783901  0.737526  0.792756  0.617454  0.401363  0.779300  0.617488  0.575262  0.694750  0.583103  0.527747  0.546970  0.574144  0.691574  0.662290  0.652298  0.618728  0.798894  0.573376  0.692461  0.810480  0.671725  0.715483  0.678473  0.725365  0.620852  0.597770  0.469353  0.719813  0.646254  0.734005  0.723701 0.0 
