61
0 0.0  0.611053  0.855311  0.729144  0.870411  0.755431  0.621512  0.336504  0.547380  0.603217  0.507582  0.568708  0.782693  0.546706  0.613517  0.811417  0.687023  0.641422  0.679975  0.502460  0.731585  0.782521  0.620766  0.829641  0.506843  0.697878  0.697433  0.099545  0.891535  0.777203  0.751756  0.660311  0.611429  0.787828  0.668071  0.540826  0.630139  0.777375  0.639352  0.737063  0.462127  0.505146  0.524135  0.739949  0.347440  0.773066  0.396379  0.651580  0.784713  0.460064  0.551987  0.494591  0.610797  0.768357  0.645796  0.523847  0.775937  0.709149  0.607974  0.658734  0.553674 
1  0.611053 0.0  0.778445  0.775194  0.755912  0.614007  0.655893  0.641292  0.706983  0.751779  0.699525  0.620161  0.692873  0.716918  0.639929  0.673611  0.707956  0.738379  0.816254  0.705741  0.609134  0.652852  0.267125  0.709645  0.593560  0.648909  0.738167  0.591121  0.729511  0.608697  0.707602  0.747030  0.375144  0.686847  0.733120  0.627132  0.719433  0.687589  0.485462  0.634032  0.500867  0.701391  0.686959  0.656709  0.737889  0.652863  0.587066  0.561254  0.654899  0.686799  0.641706  0.667222  0.580576  0.573030  0.554732  0.580618  0.633066  0.510462  0.690971  0.676592  0.311445 
2  0.855311  0.778445 0.0  0.274829  0.372720  0.624178  0.834923  0.771235  0.823606  0.751112  0.777749  0.733807  0.858448  0.936091  0.790190  0.624485  0.620305  0.829020  0.766617  0.686086  0.500579  0.664691  0.700059  0.485036  0.765472  0.758155  0.628281  0.730805  0.389758  0.567276  0.395157  0.842838  0.735451  0.388259  0.565270  0.788786  0.901033  0.639621  0.826839  0.744745  0.800207  0.787106  0.771754  0.683286  0.885300  0.565770  0.804029  0.767029  0.638018  0.779092  0.744631  0.825162  0.828622  0.545281  0.577308  0.769145  0.674160  0.623806  0.841491  0.757308  0.714904 
3  0.729144  0.775194  0.274829 0.0  0.415838  0.537982  0.852914  0.714634  0.806472  0.799158  0.700731  0.846957  0.825250  0.780796  0.771821  0.554045  0.567332  0.793966  0.878908  0.752774  0.451001  0.692286  0.763241  0.530381  0.783123  0.739725  0.576660  0.687489  0.355251  0.535710  0.393767  0.864934  0.663021  0.381879  0.709562  0.778701  0.909652  0.728083  0.773966  0.763223  0.795119  0.831179  0.793968  0.672768  0.718726  0.537471  0.791882  0.667798  0.649389  0.846181  0.799404  0.761858  0.794713  0.695949  0.614018  0.770055  0.656407  0.550586  0.855176  0.828845  0.769791 
4  0.870411  0.755912  0.372720  0.415838 0.0  0.590678  0.800685  0.782731  0.894236  0.864800  0.878739  0.757378  0.816393  0.862067  0.728458  0.393909  0.425731  0.909789  0.754515  0.785976  0.609326  0.567749  0.689228  0.296020  0.720722  0.725898  0.441829  0.770908  0.247445  0.511447  0.207009  0.818886  0.636163  0.397200  0.453243  0.787415  0.800108  0.702048  0.640273  0.547415  0.748527  0.789628  0.793636  0.592912  0.879928  0.440971  0.772280  0.469173  0.582389  0.875026  0.812231  0.719869  0.921020  0.556066  0.499031  0.788161  0.659269  0.663542  0.825566  0.894729  0.782045 
5  0.755431  0.614007  0.624178  0.537982  0.590678 0.0  0.759371  0.801879  0.778082  0.851808  0.737181  0.794403  0.818275  0.773122  0.799144  0.419014  0.417466  0.761414  0.770939  0.747607  0.184026  0.368037  0.613099  0.382320  0.711202  0.797565  0.601522  0.751625  0.620734  0.650271  0.552001  0.654164  0.703264  0.612177  0.435737  0.711465  0.811433  0.311588  0.672070  0.488537  0.695184  0.709949  0.738815  0.307359  0.726730  0.368437  0.711606  0.189467  0.678876  0.760098  0.732153  0.735088  0.744564  0.407681  0.365144  0.804989  0.531702  0.346589  0.716509  0.806084  0.690693 
6  0.621512  0.655893  0.834923  0.852914  0.800685  0.759371 0.0  0.583902  0.344782  0.351558  0.550440  0.530889  0.427106  0.446807  0.594852  0.762668  0.794106  0.586111  0.345800  0.525769  0.854256  0.761209  0.705169  0.725226  0.752971  0.610928  0.893553  0.564388  0.785956  0.817714  0.732066  0.531842  0.704184  0.748559  0.844821  0.481891  0.572012  0.758218  0.801256  0.739719  0.577710  0.424872  0.605785  0.881661  0.471984  0.799068  0.527148  0.764343  0.819985  0.460542  0.537948  0.489397  0.538047  0.777983  0.810004  0.573596  0.858990  0.780010  0.456198  0.312182  0.700415 
7  0.336504  0.641292  0.771235  0.714634  0.782731  0.801879  0.583902 0.0  0.622160  0.512796  0.491423  0.551549  0.567079  0.618628  0.626228  0.750685  0.742529  0.762775  0.604252  0.387278  0.659306  0.708166  0.628312  0.805388  0.600017  0.567899  0.661951  0.257750  0.723622  0.727703  0.688148  0.737816  0.506528  0.747853  0.723365  0.462783  0.708064  0.651861  0.604098  0.818486  0.336893  0.543142  0.616741  0.711460  0.407320  0.721174  0.351697  0.761728  0.726649  0.608260  0.442634  0.517404  0.522648  0.739403  0.628328  0.449869  0.773276  0.801099  0.619581  0.639135  0.554363 
8  0.547380  0.706983  0.823606  0.806472  0.894236  0.778082  0.344782  0.622160 0.0  0.514588  0.435978  0.383969  0.369367  0.395283  0.436674  0.774760  0.846074  0.556364  0.270914  0.579716  0.734909  0.749097  0.640339  0.833300  0.565816  0.664677  0.775188  0.540946  0.854773  0.802684  0.821922  0.469528  0.697068  0.760258  0.797960  0.545302  0.403541  0.796217  0.611179  0.649711  0.597979  0.526022  0.632174  0.840403  0.598236  0.790454  0.562002  0.759541  0.859924  0.413081  0.548936  0.408931  0.618712  0.759600  0.841056  0.662925  0.837591  0.734094  0.259727  0.095781  0.704941 
9  0.603217  0.751779  0.751112  0.799158  0.864800  0.851808  0.351558  0.512796  0.514588 0.0  0.531847  0.637356  0.441514  0.378599  0.630275  0.795426  0.731403  0.637693  0.539381  0.475285  0.673301  0.814536  0.826058  0.780154  0.639418  0.609200  0.820618  0.579090  0.856729  0.782048  0.799808  0.639557  0.795805  0.868581  0.754386  0.528864  0.522738  0.824181  0.748792  0.826931  0.623404  0.587208  0.716759  0.771832  0.504941  0.880393  0.566207  0.854107  0.879189  0.454285  0.408647  0.407223  0.545171  0.747793  0.664492  0.581834  0.789298  0.824550  0.562919  0.521620  0.634513 
10  0.507582  0.699525  0.777749  0.700731  0.878739  0.737181  0.550440  0.491423  0.435978  0.531847 0.0  0.514166  0.423941  0.365109  0.491189  0.704870  0.680220  0.707852  0.546310  0.539287  0.797301  0.651137  0.615740  0.816753  0.405936  0.434664  0.686728  0.581117  0.797675  0.777304  0.763097  0.604320  0.600448  0.805821  0.683759  0.213222  0.626474  0.788861  0.738029  0.724585  0.443903  0.292500  0.625377  0.676814  0.398908  0.858426  0.433846  0.730743  0.904862  0.486059  0.224921  0.581407  0.494889  0.603715  0.746542  0.416106  0.878779  0.707819  0.622173  0.617754  0.605226 
11  0.568708  0.620161  0.733807  0.846957  0.757378  0.794403  0.530889  0.551549  0.383969  0.637356  0.514166 0.0  0.484725  0.562586  0.399146  0.801031  0.904683  0.513859  0.489726  0.535636  0.807043  0.760634  0.714286  0.680308  0.392031  0.487174  0.896629  0.525372  0.819327  0.833260  0.821214  0.340474  0.582661  0.816190  0.857391  0.429874  0.624185  0.778058  0.688209  0.702798  0.530996  0.523308  0.547507  0.758823  0.583647  0.750062  0.500486  0.717330  0.790335  0.613054  0.499007  0.542565  0.426846  0.726458  0.845326  0.580821  0.791361  0.767186  0.539558  0.472228  0.707095 
12  0.782693  0.692873  0.858448  0.825250  0.816393  0.818275  0.427106  0.567079  0.369367  0.441514  0.423941  0.484725 0.0  0.359685  0.344373  0.748200  0.790023  0.596224  0.547385  0.441600  0.750610  0.774919  0.810428  0.747910  0.541934  0.516235  0.855559  0.633489  0.799637  0.893313  0.786899  0.506717  0.708686  0.926130  0.798468  0.414532  0.539956  0.916822  0.741809  0.817516  0.580903  0.436628  0.627176  0.774888  0.671453  0.694374  0.481749  0.786563  0.771024  0.540566  0.499503  0.583729  0.443999  0.705149  0.726715  0.570307  0.759844  0.689768  0.266286  0.158667  0.740510 
13  0.546706  0.716918  0.936091  0.780796  0.862067  0.773122  0.446807  0.618628  0.395283  0.378599  0.365109  0.562586  0.359685 0.0  0.459594  0.787902  0.835960  0.522247  0.523171  0.524319  0.754125  0.762897  0.728113  0.733155  0.556942  0.565918  0.736637  0.520866  0.837495  0.710147  0.800548  0.478535  0.650820  0.738460  0.775867  0.579513  0.510760  0.725611  0.719724  0.766547  0.652274  0.444595  0.590289  0.777739  0.563054  0.823185  0.447258  0.782714  0.896815  0.454514  0.488352  0.633119  0.572364  0.685262  0.815070  0.664132  0.652516  0.806797  0.549388  0.296149  0.686233 
14  0.613517  0.639929  0.790190  0.771821  0.728458  0.799144  0.594852  0.626228  0.436674  0.630275  0.491189  0.399146  0.344373  0.459594 0.0  0.739915  0.883073  0.560366  0.358197  0.590060  0.717622  0.768427  0.791429  0.685094  0.565298  0.574739  0.809917  0.565528  0.791143  0.821026  0.776737  0.504928  0.593228  0.815970  0.823254  0.534504  0.610520  0.787485  0.781346  0.807655  0.719601  0.512999  0.781848  0.874219  0.672468  0.780328  0.559809  0.843268  0.760806  0.580221  0.502014  0.550813  0.470564  0.662053  0.751708  0.559736  0.820982  0.702401  0.368400  0.336402  0.705741 
15  0.811417  0.673611  0.624485  0.554045  0.393909  0.419014  0.762668  0.750685  0.774760  0.795426  0.704870  0.801031  0.748200  0.787902  0.739915 0.0  0.400851  0.809122  0.765829  0.789179  0.454759  0.587663  0.689358  0.585941  0.769862  0.706048  0.454209  0.740000  0.472471  0.416647  0.592471  0.684802  0.705685  0.491383  0.402234  0.917192  0.827457  0.542848  0.649453  0.448744  0.676929  0.736230  0.847906  0.497849  0.748985  0.278448  0.685936  0.414034  0.617782  0.786008  0.732206  0.779431  0.819922  0.565798  0.480659  0.706682  0.431960  0.528288  0.765025  0.798330  0.679407 
16  0.687023  0.707956  0.620305  0.567332  0.425731  0.417466  0.794106  0.742529  0.846074  0.731403  0.680220  0.904683  0.790023  0.835960  0.883073  0.400851 0.0  0.873667  0.662032  0.833920  0.436191  0.596179  0.669044  0.416046  0.747271  0.751814  0.450324  0.718613  0.572384  0.358524  0.481831  0.743892  0.777560  0.407298  0.446830  0.724779  0.838954  0.581454  0.588504  0.524801  0.713482  0.772578  0.811371  0.563176  0.794068  0.323226  0.825545  0.606114  0.551000  0.753733  0.666044  0.832880  0.790019  0.543050  0.464831  0.663204  0.364853  0.515997  0.829845  0.843944  0.610046 
17  0.641422  0.738379  0.829020  0.793966  0.909789  0.761414  0.586111  0.762775  0.556364  0.637693  0.707852  0.513859  0.596224  0.522247  0.560366  0.809122  0.873667 0.0  0.550289  0.631107  0.791869  0.762955  0.741125  0.906502  0.777067  0.612489  0.814340  0.707372  0.903114  0.856997  0.796985  0.548696  0.683077  0.885028  0.752404  0.623465  0.627126  0.754832  0.767891  0.749857  0.680437  0.689620  0.669549  0.682781  0.651270  0.804648  0.649253  0.839351  1.000000  0.656155  0.596297  0.692110  0.607953  0.799644  0.808084  0.638218  0.720379  0.840006  0.666187  0.475111  0.703195 
18  0.679975  0.816254  0.766617  0.878908  0.754515  0.770939  0.345800  0.604252  0.270914  0.539381  0.546310  0.489726  0.547385  0.523171  0.358197  0.765829  0.662032  0.550289 0.0  0.558120  0.846453  0.779809  0.781650  0.817751  0.635969  0.616790  0.883596  0.588200  0.814286  0.756178  0.828465  0.607129  0.769996  0.843108  0.757118  0.535750  0.599085  0.827604  0.713745  0.795853  0.614985  0.498068  0.602279  0.721675  0.575579  0.816011  0.619370  0.799633  0.839734  0.554186  0.583536  0.570823  0.442601  0.772291  0.727004  0.631721  0.858069  0.739698  0.232284  0.309383  0.689694 
19  0.502460  0.705741  0.686086  0.752774  0.785976  0.747607  0.525769  0.387278  0.579716  0.475285  0.539287  0.535636  0.441600  0.524319  0.590060  0.789179  0.833920  0.631107  0.558120 0.0  0.727425  0.644405  0.700258  0.836969  0.545036  0.531853  0.801630  0.412110  0.821356  0.671451  0.819228  0.593091  0.654375  0.843232  0.802126  0.619564  0.575855  0.712213  0.676364  0.788315  0.492929  0.429733  0.657702  0.731488  0.363141  0.801325  0.369849  0.775973  0.791636  0.371344  0.444308  0.366323  0.447872  0.731864  0.720055  0.543405  0.837107  0.788220  0.524471  0.533085  0.651593 
20  0.731585  0.609134  0.500579  0.451001  0.609326  0.184026  0.854256  0.659306  0.734909  0.673301  0.797301  0.807043  0.750610  0.754125  0.717622  0.454759  0.436191  0.791869  0.846453  0.727425 0.0  0.279198  0.612495  0.346411  0.735991  0.704428  0.615522  0.684274  0.458449  0.640279  0.590439  0.733989  0.623671  0.696176  0.378242  0.671812  0.785976  0.467852  0.613048  0.516961  0.736643  0.757526  0.632566  0.321770  0.818146  0.438675  0.721762  0.324515  0.608722  0.824350  0.733370  0.847434  0.820362  0.598459  0.292697  0.759005  0.620401  0.403422  0.785836  0.780101  0.706444 
21  0.782521  0.652852  0.664691  0.692286  0.567749  0.368037  0.761209  0.708166  0.749097  0.814536  0.651137  0.760634  0.774919  0.762897  0.768427  0.587663  0.596179  0.762955  0.779809  0.644405  0.279198 0.0  0.609514  0.443362  0.766447  0.670486  0.612787  0.738241  0.592078  0.706118  0.470002  0.712983  0.606564  0.662540  0.328368  0.857277  0.826905  0.202570  0.572036  0.441098  0.689205  0.799195  0.694647  0.143499  0.765138  0.554011  0.728854  0.179267  0.627027  0.771720  0.722016  0.712877  0.709889  0.260282  0.204983  0.672048  0.664410  0.008079  0.780396  0.819170  0.627794 
22  0.620766  0.267125  0.700059  0.763241  0.689228  0.613099  0.705169  0.628312  0.640339  0.826058  0.615740  0.714286  0.810428  0.728113  0.791429  0.689358  0.669044  0.741125  0.781650  0.700258  0.612495  0.609514 0.0  0.682867  0.693498  0.720509  0.716342  0.591247  0.778689  0.716774  0.710326  0.725844  0.291658  0.744397  0.600708  0.662201  0.623114  0.587545  0.503754  0.619561  0.548944  0.654049  0.522398  0.672612  0.647622  0.737783  0.668192  0.603927  0.751739  0.667768  0.723112  0.650636  0.688755  0.557754  0.621914  0.606722  0.571680  0.621573  0.757395  0.687101  0.386045 
23  0.829641  0.709645  0.485036  0.530381  0.296020  0.382320  0.725226  0.805388  0.833300  0.780154  0.816753  0.680308  0.747910  0.733155  0.685094  0.585941  0.416046  0.906502  0.817751  0.836969  0.346411  0.443362  0.682867 0.0  0.782021  0.801571  0.521637  0.822178  0.524971  0.474472  0.432072  0.758026  0.547294  0.480715  0.388092  0.766211  0.906683  0.534417  0.643147  0.557990  0.730501  0.706239  0.704787  0.434502  0.776154  0.407508  0.713695  0.448635  0.667788  0.844354  0.747535  0.780033  0.727405  0.564210  0.500629  0.794251  0.575705  0.468487  0.802921  0.855697  0.702751 
24  0.506843  0.593560  0.765472  0.783123  0.720722  0.711202  0.752971  0.600017  0.565816  0.639418  0.405936  0.392031  0.541934  0.556942  0.565298  0.769862  0.747271  0.777067  0.635969  0.545036  0.735991  0.766447  0.693498  0.782021 0.0  0.368976  0.736065  0.590432  0.799796  0.711919  0.822782  0.416160  0.658101  0.804985  0.745426  0.446380  0.766551  0.819679  0.561674  0.825496  0.507061  0.556258  0.487958  0.694132  0.479762  0.817401  0.548002  0.802819  0.821738  0.662388  0.467906  0.592571  0.310448  0.641186  0.704203  0.558239  0.656966  0.723625  0.504117  0.529985  0.641647 
25  0.697878  0.648909  0.758155  0.739725  0.725898  0.797565  0.610928  0.567899  0.664677  0.609200  0.434664  0.487174  0.516235  0.565918  0.574739  0.706048  0.751814  0.612489  0.616790  0.531853  0.704428  0.670486  0.720509  0.801571  0.368976 0.0  0.865782  0.455654  0.845681  0.765337  0.818213  0.490618  0.645563  0.789234  0.719146  0.332619  0.643021  0.696525  0.755672  0.680524  0.464588  0.528838  0.455076  0.785438  0.623574  0.650407  0.383140  0.731703  0.821772  0.705024  0.446764  0.595667  0.399936  0.676887  0.756766  0.444813  0.789387  0.721367  0.659167  0.540901  0.741280 
26  0.697433  0.738167  0.628281  0.576660  0.441829  0.601522  0.893553  0.661951  0.775188  0.820618  0.686728  0.896629  0.855559  0.736637  0.809917  0.454209  0.450324  0.814340  0.883596  0.801630  0.615522  0.612787  0.716342  0.521637  0.736065  0.865782 0.0  0.866618  0.407875  0.177463  0.536150  0.871055  0.718921  0.363032  0.633240  0.824264  0.826177  0.599516  0.719186  0.544074  0.807617  0.781381  0.741859  0.518585  0.827904  0.584769  0.793442  0.645202  0.551634  0.813419  0.803258  0.803158  0.772373  0.621572  0.508548  0.829767  0.616979  0.551223  0.758842  0.852418  0.698854 
27  0.099545  0.591121  0.730805  0.687489  0.770908  0.751625  0.564388  0.257750  0.540946  0.579090  0.581117  0.525372  0.633489  0.520866  0.565528  0.740000  0.718613  0.707372  0.588200  0.412110  0.684274  0.738241  0.591247  0.822178  0.590432  0.455654  0.866618 0.0  0.864023  0.673209  0.723963  0.616231  0.531529  0.768422  0.667532  0.512188  0.570330  0.786004  0.660519  0.764798  0.436269  0.490354  0.688101  0.710337  0.294027  0.707115  0.384058  0.740954  0.853970  0.600925  0.524448  0.431409  0.601149  0.711263  0.700995  0.462076  0.753934  0.787575  0.648009  0.565545  0.557570 
28  0.891535  0.729511  0.389758  0.355251  0.247445  0.620734  0.785956  0.723622  0.854773  0.856729  0.797675  0.819327  0.799637  0.837495  0.791143  0.472471  0.572384  0.903114  0.814286  0.821356  0.458449  0.592078  0.778689  0.524971  0.799796  0.845681  0.407875  0.864023 0.0  0.395797  0.378803  0.776326  0.669434  0.315251  0.504328  0.788026  0.897127  0.570331  0.757494  0.604655  0.806202  0.687969  0.736977  0.475780  0.871966  0.470963  0.884243  0.578857  0.626327  0.894342  0.748793  0.793431  0.797439  0.583634  0.559462  0.658072  0.562924  0.635250  0.851243  0.746402  0.683894 
29  0.777203  0.608697  0.567276  0.535710  0.511447  0.650271  0.817714  0.727703  0.802684  0.782048  0.777304  0.833260  0.893313  0.710147  0.821026  0.416647  0.358524  0.856997  0.756178  0.671451  0.640279  0.706118  0.716774  0.474472  0.711919  0.765337  0.177463  0.673209  0.395797 0.0  0.549227  0.925656  0.691485  0.410073  0.538161  0.815144  0.903342  0.677470  0.580601  0.602518  0.739859  0.823779  0.803777  0.596743  0.678749  0.542821  0.707961  0.579457  0.571137  0.726394  0.720109  0.799106  0.810275  0.577997  0.513337  0.663711  0.523440  0.510912  0.848389  0.861914  0.773603 
30  0.751756  0.707602  0.395157  0.393767  0.207009  0.552001  0.732066  0.688148  0.821922  0.799808  0.763097  0.821214  0.786899  0.800548  0.776737  0.592471  0.481831  0.796985  0.828465  0.819228  0.590439  0.470002  0.710326  0.432072  0.822782  0.818213  0.536150  0.723963  0.378803  0.549227 0.0  0.764698  0.690172  0.409483  0.573369  0.732484  0.786126  0.603735  0.620395  0.516724  0.866469  0.953665  0.752666  0.654476  0.845329  0.417919  0.688136  0.519826  0.684737  0.886652  0.758138  0.797154  0.775250  0.515779  0.569153  0.888724  0.546892  0.492995  0.836343  0.847096  0.639550 
31  0.660311  0.747030  0.842838  0.864934  0.818886  0.654164  0.531842  0.737816  0.469528  0.639557  0.604320  0.340474  0.506717  0.478535  0.504928  0.684802  0.743892  0.548696  0.607129  0.593091  0.733989  0.712983  0.725844  0.758026  0.416160  0.490618  0.871055  0.616231  0.776326  0.925656  0.764698 0.0  0.650439  0.792567  0.791932  0.560049  0.631790  0.766057  0.736198  0.741806  0.545604  0.503287  0.583104  0.833237  0.630478  0.864893  0.464827  0.738987  0.801525  0.750018  0.495523  0.637225  0.360987  0.818834  0.794116  0.542283  0.691396  0.681120  0.503932  0.511205  0.659305 
32  0.611429  0.375144  0.735451  0.663021  0.636163  0.703264  0.704184  0.506528  0.697068  0.795805  0.600448  0.582661  0.708686  0.650820  0.593228  0.705685  0.777560  0.683077  0.769996  0.654375  0.623671  0.606564  0.291658  0.547294  0.658101  0.645563  0.718921  0.531529  0.669434  0.691485  0.690172  0.650439 0.0  0.851600  0.677112  0.633029  0.850012  0.722175  0.544051  0.662705  0.445093  0.678707  0.570925  0.638369  0.500456  0.551441  0.561163  0.641984  0.763335  0.805241  0.612020  0.648335  0.610162  0.624569  0.670421  0.428045  0.608369  0.624449  0.691462  0.633803  0.346012 
33  0.787828  0.686847  0.388259  0.381879  0.397200  0.612177  0.748559  0.747853  0.760258  0.868581  0.805821  0.816190  0.926130  0.738460  0.815970  0.491383  0.407298  0.885028  0.843108  0.843232  0.696176  0.662540  0.744397  0.480715  0.804985  0.789234  0.363032  0.768422  0.315251  0.410073  0.409483  0.792567  0.851600 0.0  0.698982  0.647262  0.797171  0.600245  0.645960  0.585733  0.678161  0.692196  0.777602  0.551586  0.742603  0.401427  0.824977  0.691589  0.512649  0.838278  0.852783  0.804353  0.860361  0.653396  0.582466  0.701799  0.705138  0.641878  0.837169  0.781398  0.770275 
34  0.668071  0.733120  0.565270  0.709562  0.453243  0.435737  0.844821  0.723365  0.797960  0.754386  0.683759  0.857391  0.798468  0.775867  0.823254  0.402234  0.446830  0.752404  0.757118  0.802126  0.378242  0.328368  0.600708  0.388092  0.745426  0.719146  0.633240  0.667532  0.504328  0.538161  0.573369  0.791932  0.677112  0.698982 0.0  0.751602  0.788187  0.277130  0.664808  0.476592  0.650337  0.783697  0.694148  0.400178  0.736774  0.364159  0.699065  0.396114  0.713069  0.785977  0.642918  0.739348  0.849361  0.463421  0.295976  0.769412  0.320960  0.339425  0.762796  0.772890  0.724484 
35  0.540826  0.627132  0.788786  0.778701  0.787415  0.711465  0.481891  0.462783  0.545302  0.528864  0.213222  0.429874  0.414532  0.579513  0.534504  0.917192  0.724779  0.623465  0.535750  0.619564  0.671812  0.857277  0.662201  0.766211  0.446380  0.332619  0.824264  0.512188  0.788026  0.815144  0.732484  0.560049  0.633029  0.647262  0.751602 0.0  0.609193  0.766214  0.689733  0.753208  0.343971  0.427604  0.541360  0.657076  0.433860  0.727175  0.498325  0.756073  0.700754  0.676196  0.332523  0.557195  0.513150  0.748687  0.747712  0.387714  0.825690  0.735296  0.596017  0.565738  0.567990 
36  0.630139  0.719433  0.901033  0.909652  0.800108  0.811433  0.572012  0.708064  0.403541  0.522738  0.626474  0.624185  0.539956  0.510760  0.610520  0.827457  0.838954  0.627126  0.599085  0.575855  0.785976  0.826905  0.623114  0.906683  0.766551  0.643021  0.826177  0.570330  0.897127  0.903342  0.786126  0.631790  0.850012  0.797171  0.788187  0.609193 0.0  0.776420  0.808777  0.773541  0.602310  0.437065  0.641561  0.827144  0.679301  0.890019  0.643767  0.802480  0.774269  0.265855  0.592211  0.666059  0.614008  0.710281  0.737137  0.640807  0.763676  0.798937  0.483809  0.462730  0.713672 
37  0.777375  0.687589  0.639621  0.728083  0.702048  0.311588  0.758218  0.651861  0.796217  0.824181  0.788861  0.778058  0.916822  0.725611  0.787485  0.542848  0.581454  0.754832  0.827604  0.712213  0.467852  0.202570  0.587545  0.534417  0.819679  0.696525  0.599516  0.786004  0.570331  0.677470  0.603735  0.766057  0.722175  0.600245  0.277130  0.766214  0.776420 0.0  0.646779  0.369246  0.734310  0.682452  0.634782  0.006660  0.736400  0.515816  0.757141  0.205361  0.765301  0.721268  0.741624  0.787516  0.762934  0.306116  0.178091  0.578962  0.502685  0.225007  0.835498  0.763081  0.631870 
38  0.639352  0.485462  0.826839  0.773966  0.640273  0.672070  0.801256  0.604098  0.611179  0.748792  0.738029  0.688209  0.741809  0.719724  0.781346  0.649453  0.588504  0.767891  0.713745  0.676364  0.613048  0.572036  0.503754  0.643147  0.561674  0.755672  0.719186  0.660519  0.757494  0.580601  0.620395  0.736198  0.544051  0.645960  0.664808  0.689733  0.808777  0.646779 0.0  0.589619  0.607055  0.719043  0.657156  0.538630  0.641609  0.541715  0.589675  0.697984  0.730178  0.762569  0.742870  0.668401  0.738808  0.505294  0.643679  0.719224  0.665357  0.529772  0.675578  0.663902  0.584329 
39  0.737063  0.634032  0.744745  0.763223  0.547415  0.488537  0.739719  0.818486  0.649711  0.826931  0.724585  0.702798  0.817516  0.766547  0.807655  0.448744  0.524801  0.749857  0.795853  0.788315  0.516961  0.441098  0.619561  0.557990  0.825496  0.680524  0.544074  0.764798  0.604655  0.602518  0.516724  0.741806  0.662705  0.585733  0.476592  0.753208  0.773541  0.369246  0.589619 0.0  0.706164  0.739297  0.649690  0.321491  0.697383  0.480215  0.742911  0.541480  0.690818  0.852760  0.736283  0.681311  0.696985  0.433422  0.427805  0.625379  0.443668  0.347066  0.683484  0.735499  0.579405 
40  0.462127  0.500867  0.800207  0.795119  0.748527  0.695184  0.577710  0.336893  0.597979  0.623404  0.443903  0.530996  0.580903  0.652274  0.719601  0.676929  0.713482  0.680437  0.614985  0.492929  0.736643  0.689205  0.548944  0.730501  0.507061  0.464588  0.807617  0.436269  0.806202  0.739859  0.866469  0.545604  0.445093  0.678161  0.650337  0.343971  0.602310  0.734310  0.607055  0.706164 0.0  0.521721  0.522851  0.844904  0.351189  0.725440  0.342706  0.692617  0.810003  0.639707  0.530316  0.589192  0.505752  0.807699  0.694510  0.400652  0.753135  0.596396  0.724213  0.707313  0.525255 
41  0.505146  0.701391  0.787106  0.831179  0.789628  0.709949  0.424872  0.543142  0.526022  0.587208  0.292500  0.523308  0.436628  0.444595  0.512999  0.736230  0.772578  0.689620  0.498068  0.429733  0.757526  0.799195  0.654049  0.706239  0.556258  0.528838  0.781381  0.490354  0.687969  0.823779  0.953665  0.503287  0.678707  0.692196  0.783697  0.427604  0.437065  0.682452  0.719043  0.739297  0.521721 0.0  0.685441  0.764030  0.271394  0.691733  0.280110  0.769508  0.956311  0.526838  0.553434  0.336892  0.530002  0.741775  0.756744  0.575768  0.837170  0.666485  0.501722  0.505878  0.568329 
42  0.524135  0.686959  0.771754  0.793968  0.793636  0.738815  0.605785  0.616741  0.632174  0.716759  0.625377  0.547507  0.627176  0.590289  0.781848  0.847906  0.811371  0.669549  0.602279  0.657702  0.632566  0.694647  0.522398  0.704787  0.487958  0.455076  0.741859  0.688101  0.736977  0.803777  0.752666  0.583104  0.570925  0.777602  0.694148  0.541360  0.641561  0.634782  0.657156  0.649690  0.522851  0.685441 0.0  0.700943  0.699826  0.704939  0.685418  0.587934  0.881078  0.679849  0.590927  0.644058  0.444404  0.827247  0.696852  0.396279  0.706224  0.736524  0.685412  0.586324  0.695511 
43  0.739949  0.656709  0.683286  0.672768  0.592912  0.307359  0.881661  0.711460  0.840403  0.771832  0.676814  0.758823  0.774888  0.777739  0.874219  0.497849  0.563176  0.682781  0.721675  0.731488  0.321770  0.143499  0.672612  0.434502  0.694132  0.785438  0.518585  0.710337  0.475780  0.596743  0.654476  0.833237  0.638369  0.551586  0.400178  0.657076  0.827144  0.006660  0.538630  0.321491  0.844904  0.764030  0.700943 0.0  0.765392  0.491496  0.713080  0.236344  0.683891  0.753882  0.710666  0.748690  0.666953  0.369295  0.000000  0.692890  0.580053  0.125529  0.757703  0.786878  0.573130 
44  0.347440  0.737889  0.885300  0.718726  0.879928  0.726730  0.471984  0.407320  0.598236  0.504941  0.398908  0.583647  0.671453  0.563054  0.672468  0.748985  0.794068  0.651270  0.575579  0.363141  0.818146  0.765138  0.647622  0.776154  0.479762  0.623574  0.827904  0.294027  0.871966  0.678749  0.845329  0.630478  0.500456  0.742603  0.736774  0.433860  0.679301  0.736400  0.641609  0.697383  0.351189  0.271394  0.699826  0.765392 0.0  0.802231  0.314745  0.788902  0.773318  0.576166  0.495688  0.433346  0.534873  0.644229  0.836095  0.440584  0.756153  0.811986  0.537831  0.578636  0.595371 
45  0.773066  0.652863  0.565770  0.537471  0.440971  0.368437  0.799068  0.721174  0.790454  0.880393  0.858426  0.750062  0.694374  0.823185  0.780328  0.278448  0.323226  0.804648  0.816011  0.801325  0.438675  0.554011  0.737783  0.407508  0.817401  0.650407  0.584769  0.707115  0.470963  0.542821  0.417919  0.864893  0.551441  0.401427  0.364159  0.727175  0.890019  0.515816  0.541715  0.480215  0.725440  0.691733  0.704939  0.491496  0.802231 0.0  0.756967  0.505376  0.656574  0.765441  0.855240  0.853183  0.850928  0.448339  0.530299  0.843843  0.391008  0.474622  0.860618  0.824988  0.738163 
46  0.396379  0.587066  0.804029  0.791882  0.772280  0.711606  0.527148  0.351697  0.562002  0.566207  0.433846  0.500486  0.481749  0.447258  0.559809  0.685936  0.825545  0.649253  0.619370  0.369849  0.721762  0.728854  0.668192  0.713695  0.548002  0.383140  0.793442  0.384058  0.884243  0.707961  0.688136  0.464827  0.561163  0.824977  0.699065  0.498325  0.643767  0.757141  0.589675  0.742911  0.342706  0.280110  0.685418  0.713080  0.314745  0.756967 0.0  0.668483  0.825889  0.595474  0.498823  0.523004  0.511164  0.602351  0.696843  0.604832  0.817105  0.705078  0.608353  0.559244  0.508009 
47  0.651580  0.561254  0.767029  0.667798  0.469173  0.189467  0.764343  0.761728  0.759541  0.854107  0.730743  0.717330  0.786563  0.782714  0.843268  0.414034  0.606114  0.839351  0.799633  0.775973  0.324515  0.179267  0.603927  0.448635  0.802819  0.731703  0.645202  0.740954  0.578857  0.579457  0.519826  0.738987  0.641984  0.691589  0.396114  0.756073  0.802480  0.205361  0.697984  0.541480  0.692617  0.769508  0.587934  0.236344  0.788902  0.505376  0.668483 0.0  0.747819  0.870381  0.775885  0.844707  0.731031  0.175501  0.249171  0.794831  0.510207  0.249862  0.744089  0.751169  0.648493 
48  0.784713  0.654899  0.638018  0.649389  0.582389  0.678876  0.819985  0.726649  0.859924  0.879189  0.904862  0.790335  0.771024  0.896815  0.760806  0.617782  0.551000  1.000000  0.839734  0.791636  0.608722  0.627027  0.751739  0.667788  0.821738  0.821772  0.551634  0.853970  0.626327  0.571137  0.684737  0.801525  0.763335  0.512649  0.713069  0.700754  0.774269  0.765301  0.730178  0.690818  0.810003  0.956311  0.881078  0.683891  0.773318  0.656574  0.825889  0.747819 0.0  0.872371  0.765345  0.748227  0.838235  0.686373  0.608095  0.750399  0.541569  0.596447  0.739817  0.848534  0.775111 
49  0.460064  0.686799  0.779092  0.846181  0.875026  0.760098  0.460542  0.608260  0.413081  0.454285  0.486059  0.613054  0.540566  0.454514  0.580221  0.786008  0.753733  0.656155  0.554186  0.371344  0.824350  0.771720  0.667768  0.844354  0.662388  0.705024  0.813419  0.600925  0.894342  0.726394  0.886652  0.750018  0.805241  0.838278  0.785977  0.676196  0.265855  0.721268  0.762569  0.852760  0.639707  0.526838  0.679849  0.753882  0.576166  0.765441  0.595474  0.870381  0.872371 0.0  0.520888  0.532099  0.689148  0.758559  0.806097  0.629705  0.827310  0.689750  0.517131  0.589442  0.667938 
50  0.551987  0.641706  0.744631  0.799404  0.812231  0.732153  0.537948  0.442634  0.548936  0.408647  0.224921  0.499007  0.499503  0.488352  0.502014  0.732206  0.666044  0.596297  0.583536  0.444308  0.733370  0.722016  0.723112  0.747535  0.467906  0.446764  0.803258  0.524448  0.748793  0.720109  0.758138  0.495523  0.612020  0.852783  0.642918  0.332523  0.592211  0.741624  0.742870  0.736283  0.530316  0.553434  0.590927  0.710666  0.495688  0.855240  0.498823  0.775885  0.765345  0.520888 0.0  0.473780  0.550104  0.760799  0.699728  0.623898  0.711590  0.748965  0.461219  0.398759  0.637004 
51  0.494591  0.667222  0.825162  0.761858  0.719869  0.735088  0.489397  0.517404  0.408931  0.407223  0.581407  0.542565  0.583729  0.633119  0.550813  0.779431  0.832880  0.692110  0.570823  0.366323  0.847434  0.712877  0.650636  0.780033  0.592571  0.595667  0.803158  0.431409  0.793431  0.799106  0.797154  0.637225  0.648335  0.804353  0.739348  0.557195  0.666059  0.787516  0.668401  0.681311  0.589192  0.336892  0.644058  0.748690  0.433346  0.853183  0.523004  0.844707  0.748227  0.532099  0.473780 0.0  0.521311  0.764257  0.723203  0.588053  0.740262  0.696025  0.606252  0.526161  0.569922 
52  0.610797  0.580576  0.828622  0.794713  0.921020  0.744564  0.538047  0.522648  0.618712  0.545171  0.494889  0.426846  0.443999  0.572364  0.470564  0.819922  0.790019  0.607953  0.442601  0.447872  0.820362  0.709889  0.688755  0.727405  0.310448  0.399936  0.772373  0.601149  0.797439  0.810275  0.775250  0.360987  0.610162  0.860361  0.849361  0.513150  0.614008  0.762934  0.738808  0.696985  0.505752  0.530002  0.444404  0.666953  0.534873  0.850928  0.511164  0.731031  0.838235  0.689148  0.550104  0.521311 0.0  0.816499  0.669593  0.591157  0.668501  0.663670  0.506139  0.611288  0.548843 
53  0.768357  0.573030  0.545281  0.695949  0.556066  0.407681  0.777983  0.739403  0.759600  0.747793  0.603715  0.726458  0.705149  0.685262  0.662053  0.565798  0.543050  0.799644  0.772291  0.731864  0.598459  0.260282  0.557754  0.564210  0.641186  0.676887  0.621572  0.711263  0.583634  0.577997  0.515779  0.818834  0.624569  0.653396  0.463421  0.748687  0.710281  0.306116  0.505294  0.433422  0.807699  0.741775  0.827247  0.369295  0.644229  0.448339  0.602351  0.175501  0.686373  0.758559  0.760799  0.764257  0.816499 0.0  0.376352  0.668310  0.593640  0.348659  0.759679  0.630747  0.645059 
54  0.645796  0.554732  0.577308  0.614018  0.499031  0.365144  0.810004  0.628328  0.841056  0.664492  0.746542  0.845326  0.726715  0.815070  0.751708  0.480659  0.464831  0.808084  0.727004  0.720055  0.292697  0.204983  0.621914  0.500629  0.704203  0.756766  0.508548  0.700995  0.559462  0.513337  0.569153  0.794116  0.670421  0.582466  0.295976  0.747712  0.737137  0.178091  0.643679  0.427805  0.694510  0.756744  0.696852  0.000000  0.836095  0.530299  0.696843  0.249171  0.608095  0.806097  0.699728  0.723203  0.669593  0.376352 0.0  0.621921  0.546111  0.310883  0.756423  0.852398  0.656115 
55  0.523847  0.580618  0.769145  0.770055  0.788161  0.804989  0.573596  0.449869  0.662925  0.581834  0.416106  0.580821  0.570307  0.664132  0.559736  0.706682  0.663204  0.638218  0.631721  0.543405  0.759005  0.672048  0.606722  0.794251  0.558239  0.444813  0.829767  0.462076  0.658072  0.663711  0.888724  0.542283  0.428045  0.701799  0.769412  0.387714  0.640807  0.578962  0.719224  0.625379  0.400652  0.575768  0.396279  0.692890  0.440584  0.843843  0.604832  0.794831  0.750399  0.629705  0.623898  0.588053  0.591157  0.668310  0.621921 0.0  0.676111  0.641720  0.568104  0.567079  0.543061 
56  0.775937  0.633066  0.674160  0.656407  0.659269  0.531702  0.858990  0.773276  0.837591  0.789298  0.878779  0.791361  0.759844  0.652516  0.820982  0.431960  0.364853  0.720379  0.858069  0.837107  0.620401  0.664410  0.571680  0.575705  0.656966  0.789387  0.616979  0.753934  0.562924  0.523440  0.546892  0.691396  0.608369  0.705138  0.320960  0.825690  0.763676  0.502685  0.665357  0.443668  0.753135  0.837170  0.706224  0.580053  0.756153  0.391008  0.817105  0.510207  0.541569  0.827310  0.711590  0.740262  0.668501  0.593640  0.546111  0.676111 0.0  0.569288  0.881320  0.769314  0.618885 
57  0.709149  0.510462  0.623806  0.550586  0.663542  0.346589  0.780010  0.801099  0.734094  0.824550  0.707819  0.767186  0.689768  0.806797  0.702401  0.528288  0.515997  0.840006  0.739698  0.788220  0.403422  0.008079  0.621573  0.468487  0.723625  0.721367  0.551223  0.787575  0.635250  0.510912  0.492995  0.681120  0.624449  0.641878  0.339425  0.735296  0.798937  0.225007  0.529772  0.347066  0.596396  0.666485  0.736524  0.125529  0.811986  0.474622  0.705078  0.249862  0.596447  0.689750  0.748965  0.696025  0.663670  0.348659  0.310883  0.641720  0.569288 0.0  0.696944  0.833089  0.664283 
58  0.607974  0.690971  0.841491  0.855176  0.825566  0.716509  0.456198  0.619581  0.259727  0.562919  0.622173  0.539558  0.266286  0.549388  0.368400  0.765025  0.829845  0.666187  0.232284  0.524471  0.785836  0.780396  0.757395  0.802921  0.504117  0.659167  0.758842  0.648009  0.851243  0.848389  0.836343  0.503932  0.691462  0.837169  0.762796  0.596017  0.483809  0.835498  0.675578  0.683484  0.724213  0.501722  0.685412  0.757703  0.537831  0.860618  0.608353  0.744089  0.739817  0.517131  0.461219  0.606252  0.506139  0.759679  0.756423  0.568104  0.881320  0.696944 0.0  0.036099  0.711814 
59  0.658734  0.676592  0.757308  0.828845  0.894729  0.806084  0.312182  0.639135  0.095781  0.521620  0.617754  0.472228  0.158667  0.296149  0.336402  0.798330  0.843944  0.475111  0.309383  0.533085  0.780101  0.819170  0.687101  0.855697  0.529985  0.540901  0.852418  0.565545  0.746402  0.861914  0.847096  0.511205  0.633803  0.781398  0.772890  0.565738  0.462730  0.763081  0.663902  0.735499  0.707313  0.505878  0.586324  0.786878  0.578636  0.824988  0.559244  0.751169  0.848534  0.589442  0.398759  0.526161  0.611288  0.630747  0.852398  0.567079  0.769314  0.833089  0.036099 0.0  0.665610 
60  0.553674  0.311445  0.714904  0.769791  0.782045  0.690693  0.700415  0.554363  0.704941  0.634513  0.605226  0.707095  0.740510  0.686233  0.705741  0.679407  0.610046  0.703195  0.689694  0.651593  0.706444  0.627794  0.386045  0.702751  0.641647  0.741280  0.698854  0.557570  0.683894  0.773603  0.639550  0.659305  0.346012  0.770275  0.724484  0.567990  0.713672  0.631870  0.584329  0.579405  0.525255  0.568329  0.695511  0.573130  0.595371  0.738163  0.508009  0.648493  0.775111  0.667938  0.637004  0.569922  0.548843  0.645059  0.656115  0.543061  0.618885  0.664283  0.711814  0.665610 0.0 
