61
0 0.0  0.467045  0.779541  0.680933  0.880653  0.830726  0.683942  0.297636  0.646960  0.450803  0.589436  0.655208  0.667397  0.536857  0.687837  0.800988  0.771273  0.760759  0.631275  0.455123  0.720082  0.794079  0.626373  0.738777  0.631172  0.625971  0.780991  0.184034  0.724790  0.758049  0.705761  0.505224  0.509645  0.811720  0.794786  0.462277  0.635687  0.835690  0.661699  0.686431  0.397773  0.489302  0.671096  0.715684  0.289236  0.767535  0.360522  0.744547  0.743923  0.563467  0.591055  0.504848  0.666627  0.827172  0.741374  0.551009  0.765832  0.740960  0.694864  0.601904  0.558358 
1  0.467045 0.0  0.691876  0.809811  0.792169  0.840167  0.721346  0.608247  0.685168  0.643985  0.615521  0.777328  0.646854  0.758114  0.702091  0.721835  0.744584  0.686069  0.761503  0.672639  0.539553  0.622877  0.395600  0.663194  0.580223  0.626081  0.588083  0.599720  0.686263  0.831029  0.752600  0.737607  0.308945  0.709427  0.675456  0.623332  0.753460  0.650280  0.448756  0.778835  0.596382  0.610042  0.554435  0.610963  0.638150  0.671332  0.620832  0.685111  0.830133  0.805216  0.710785  0.613008  0.631874  0.525156  0.762157  0.584835  0.710202  0.689687  0.757219  0.779534  0.244971 
2  0.779541  0.691876 0.0  0.318027  0.462506  0.595482  0.839330  0.802022  0.796350  0.820274  0.813689  0.750776  0.635281  0.845175  0.845889  0.524668  0.524196  0.923652  0.859347  0.900128  0.598060  0.623419  0.755294  0.596829  0.768966  0.792598  0.622219  0.820119  0.508095  0.809308  0.466600  0.762406  0.799359  0.516504  0.580626  0.894056  0.768114  0.509749  0.773435  0.670413  0.780504  0.837697  0.655548  0.639317  0.687196  0.620355  0.834804  0.599405  0.652787  0.842482  0.862775  0.945657  0.669238  0.692742  0.598627  0.708789  0.548957  0.559955  0.864352  0.835619  0.712701 
3  0.680933  0.809811  0.318027 0.0  0.417723  0.577171  0.788553  0.763517  0.786224  0.883914  0.681464  0.732459  0.841864  0.855429  0.758135  0.590008  0.543505  0.821117  0.866441  0.719730  0.538057  0.580619  0.774760  0.572433  0.768466  0.825969  0.568831  0.825861  0.296544  0.589692  0.465718  0.789254  0.657658  0.406804  0.592884  0.784339  0.874914  0.572858  0.748468  0.715035  0.732352  0.810636  0.720520  0.640370  0.889554  0.624663  0.780659  0.586955  0.618485  0.882322  0.839644  0.784657  0.781309  0.617332  0.699465  0.754387  0.560360  0.637877  0.902262  0.908194  0.674570 
4  0.880653  0.792169  0.462506  0.417723 0.0  0.506855  0.873285  0.748700  0.780655  0.867672  0.702891  0.955786  0.810191  0.930242  0.799501  0.569470  0.466452  0.802472  0.825154  0.818022  0.650120  0.617716  0.626021  0.384567  0.809892  0.733453  0.501245  0.687538  0.347339  0.501593  0.186282  0.835686  0.700779  0.365347  0.514709  0.640107  0.814277  0.571511  0.649097  0.551634  0.807137  0.764984  0.723030  0.537077  0.765950  0.440423  0.782492  0.555626  0.651145  0.899174  0.778544  0.794959  0.832815  0.538874  0.471200  0.835484  0.714261  0.592667  0.765932  0.790768  0.614098 
5  0.830726  0.840167  0.595482  0.577171  0.506855 0.0  0.743912  0.806634  0.821352  0.785751  0.735390  0.754410  0.812895  0.835042  0.913981  0.607260  0.487337  0.729506  0.718493  0.691392  0.169380  0.233046  0.608167  0.550761  0.744002  0.740355  0.587875  0.761526  0.565546  0.537236  0.590671  0.794479  0.689915  0.535781  0.382183  0.726798  0.809097  0.445149  0.677021  0.390090  0.832510  0.757166  0.821711  0.422167  0.777937  0.432058  0.755813  0.291299  0.784409  0.823286  0.776432  0.845515  0.864300  0.369611  0.338888  0.787341  0.615431  0.268490  0.816476  0.783602  0.843522 
6  0.683942  0.721346  0.839330  0.788553  0.873285  0.743912 0.0  0.540257  0.345043  0.434629  0.577625  0.611561  0.351479  0.418149  0.541914  0.871467  0.871111  0.578493  0.531885  0.497789  0.777619  0.705633  0.655143  0.878633  0.656408  0.648729  0.811480  0.699403  0.856251  0.906788  0.743006  0.537312  0.652578  0.843058  0.779580  0.589792  0.466608  0.838330  0.799579  0.728802  0.488729  0.325882  0.719445  0.655190  0.540767  0.678741  0.598563  0.819331  0.942407  0.421184  0.514505  0.622481  0.585238  0.673951  0.791243  0.727837  0.887097  0.868326  0.347789  0.436195  0.726461 
7  0.297636  0.608247  0.802022  0.763517  0.748700  0.806634  0.540257 0.0  0.625185  0.669008  0.529722  0.601291  0.647233  0.568485  0.684084  0.731994  0.766054  0.623378  0.722593  0.461223  0.817024  0.874852  0.582809  0.706142  0.539833  0.573419  0.885967  0.333587  0.784936  0.793471  0.800949  0.613015  0.541931  0.818214  0.751332  0.455410  0.714155  0.667556  0.637228  0.619930  0.405798  0.516452  0.593436  0.713492  0.386116  0.708576  0.482407  0.734944  0.786406  0.618121  0.641672  0.556547  0.572199  0.807164  0.727672  0.449673  0.817995  0.760978  0.606404  0.512453  0.518424 
8  0.646960  0.685168  0.796350  0.786224  0.780655  0.821352  0.345043  0.625185 0.0  0.394375  0.457708  0.505245  0.385412  0.346137  0.483237  0.751644  0.931892  0.569074  0.338068  0.531238  0.808281  0.770778  0.787624  0.675167  0.486894  0.651746  0.813974  0.564256  0.863319  0.846373  0.821057  0.620469  0.677568  0.857910  0.830880  0.473067  0.481614  0.764618  0.776711  0.808070  0.588138  0.531140  0.656908  0.907287  0.663457  0.847596  0.505594  0.816345  0.818250  0.571644  0.457112  0.599925  0.537673  0.842785  0.861874  0.653385  0.774734  0.745482  0.292997  0.254154  0.737763 
9  0.450803  0.643985  0.820274  0.883914  0.867672  0.785751  0.434629  0.669008  0.394375 0.0  0.559030  0.518057  0.577222  0.427454  0.541240  0.825634  0.765940  0.682664  0.604176  0.493703  0.690512  0.776684  0.698109  0.833098  0.557218  0.669375  0.846633  0.555151  0.939044  0.860229  0.887091  0.636673  0.636091  0.758834  0.779207  0.656499  0.561891  0.882949  0.737332  0.738491  0.530132  0.311326  0.653445  0.880516  0.633591  0.909399  0.598196  0.831744  0.866888  0.425207  0.654532  0.396342  0.647968  0.720225  0.831846  0.672312  0.867818  0.802302  0.480422  0.552338  0.750952 
10  0.589436  0.615521  0.813689  0.681464  0.702891  0.735390  0.577625  0.529722  0.457708  0.559030 0.0  0.519857  0.541738  0.532443  0.549490  0.771477  0.801681  0.786662  0.617373  0.595475  0.845217  0.812643  0.649587  0.741854  0.528094  0.390689  0.805718  0.533967  0.783860  0.830998  0.888755  0.502932  0.639946  0.788452  0.744894  0.321025  0.533395  0.660693  0.786622  0.811628  0.451842  0.351299  0.671673  0.721061  0.449150  0.887159  0.405012  0.692801  0.953641  0.526856  0.263394  0.541581  0.476376  0.727447  0.681729  0.521915  0.838443  0.774787  0.403583  0.521200  0.628408 
11  0.655208  0.777328  0.750776  0.732459  0.955786  0.754410  0.611561  0.601291  0.505245  0.518057  0.519857 0.0  0.498085  0.527324  0.453989  0.783279  0.865005  0.575757  0.571394  0.599287  0.714445  0.705085  0.701767  0.778860  0.487563  0.461291  0.719940  0.585434  0.753993  0.921040  0.869668  0.393657  0.626361  0.774991  0.812527  0.432881  0.599422  0.752815  0.834370  0.726689  0.559466  0.502050  0.517598  0.797877  0.696342  0.729863  0.469725  0.825233  0.896413  0.662577  0.393776  0.566896  0.345392  0.786579  0.676055  0.531529  0.799670  0.791703  0.451878  0.517465  0.683508 
12  0.667397  0.646854  0.635281  0.841864  0.810191  0.812895  0.351479  0.647233  0.385412  0.577222  0.541738  0.498085 0.0  0.340862  0.390688  0.759291  0.848041  0.578972  0.420746  0.460730  0.858167  0.632313  0.744513  0.727074  0.505457  0.453949  0.894393  0.724018  0.760585  0.867783  0.796017  0.492391  0.598725  0.859842  0.749994  0.627614  0.580184  0.793931  0.769131  0.737261  0.703515  0.495775  0.619847  0.830578  0.546318  0.814110  0.585159  0.783609  0.842441  0.512238  0.419957  0.613476  0.465853  0.761369  0.664355  0.480012  0.807283  0.707675  0.265167  0.246725  0.731889 
13  0.536857  0.758114  0.845175  0.855429  0.930242  0.835042  0.418149  0.568485  0.346137  0.427454  0.532443  0.527324  0.340862 0.0  0.511066  0.808621  0.763985  0.496224  0.450590  0.414087  0.893522  0.829395  0.773743  0.810443  0.700153  0.565865  0.849710  0.622871  0.849570  0.818500  0.764623  0.594448  0.675088  0.868782  0.705131  0.592543  0.537961  0.793254  0.827657  0.869464  0.552382  0.444041  0.672875  0.802556  0.541071  0.817554  0.331788  0.835243  0.840308  0.518900  0.520254  0.511311  0.602607  0.831857  0.666637  0.648979  0.771401  0.827069  0.486566  0.396921  0.685405 
14  0.687837  0.702091  0.845889  0.758135  0.799501  0.913981  0.541914  0.684084  0.483237  0.541240  0.549490  0.453989  0.390688  0.511066 0.0  0.796854  0.743079  0.439099  0.316493  0.582381  0.704548  0.688836  0.727907  0.806504  0.533024  0.546578  0.849167  0.639739  0.860133  0.877229  0.770170  0.426362  0.642893  0.889571  0.732518  0.460989  0.573914  0.813129  0.817648  0.808203  0.710963  0.573597  0.571292  0.773652  0.694041  0.818446  0.563862  0.831730  0.883869  0.666243  0.602658  0.606143  0.539742  0.780377  0.882957  0.738819  0.765230  0.794106  0.310465  0.482669  0.842846 
15  0.800988  0.721835  0.524668  0.590008  0.569470  0.607260  0.871467  0.731994  0.751644  0.825634  0.771477  0.783279  0.759291  0.808621  0.796854 0.0  0.356400  0.793450  0.826610  0.771955  0.500474  0.559851  0.626071  0.584952  0.798722  0.815852  0.457805  0.781654  0.522073  0.496834  0.559207  0.851990  0.693276  0.443768  0.470930  0.846115  0.800928  0.548660  0.575541  0.530255  0.705871  0.814174  0.770841  0.527040  0.821628  0.452684  0.800136  0.490519  0.636193  0.836950  0.818823  0.774375  0.683317  0.516895  0.493193  0.823354  0.513238  0.562770  0.801513  0.809778  0.615613 
16  0.771273  0.744584  0.524196  0.543505  0.466452  0.487337  0.871111  0.766054  0.931892  0.765940  0.801681  0.865005  0.848041  0.763985  0.743079  0.356400 0.0  0.823709  0.887363  0.825334  0.432834  0.573288  0.666092  0.489928  0.772126  0.739999  0.377955  0.843545  0.507708  0.484650  0.449574  0.772341  0.666210  0.497646  0.446916  0.874597  0.900611  0.344962  0.715136  0.438322  0.658175  0.822886  0.748661  0.555136  0.757916  0.276173  0.829870  0.464267  0.616801  0.891447  0.729914  0.699526  0.800877  0.575200  0.518702  0.798439  0.538314  0.440886  0.856942  0.835401  0.680400 
17  0.760759  0.686069  0.923652  0.821117  0.802472  0.729506  0.578493  0.623378  0.569074  0.682664  0.786662  0.575757  0.578972  0.496224  0.439099  0.793450  0.823709 0.0  0.579786  0.637955  0.763798  0.764842  0.742110  0.902793  0.668349  0.668079  0.894453  0.700759  0.850308  0.870609  0.781488  0.477957  0.816591  0.823276  0.903265  0.673547  0.681981  0.897504  0.736279  0.772679  0.632856  0.711947  0.675236  0.828787  0.731401  0.933976  0.721483  0.886224  0.947865  0.676805  0.492991  0.690701  0.614669  0.822293  0.881229  0.684672  0.813463  0.839135  0.630714  0.641115  0.846492 
18  0.631275  0.761503  0.859347  0.866441  0.825154  0.718493  0.531885  0.722593  0.338068  0.604176  0.617373  0.571394  0.420746  0.450590  0.316493  0.826610  0.887363  0.579786 0.0  0.529418  0.713229  0.829424  0.740713  0.839108  0.642616  0.483587  0.879691  0.629609  0.795332  0.846642  0.678354  0.594462  0.723481  0.835107  0.801932  0.655145  0.507867  0.840606  0.793150  0.778710  0.715933  0.610476  0.661959  0.764600  0.647218  0.807450  0.547620  0.815729  0.825927  0.581952  0.620642  0.599886  0.472630  0.646695  0.778604  0.647468  0.780046  0.705029  0.256635  0.187597  0.676078 
19  0.455123  0.672639  0.900128  0.719730  0.818022  0.691392  0.497789  0.461223  0.531238  0.493703  0.595475  0.599287  0.460730  0.414087  0.582381  0.771955  0.825334  0.637955  0.529418 0.0  0.817432  0.872623  0.607271  0.712420  0.548773  0.503399  0.767238  0.434641  0.771302  0.851379  0.779495  0.590891  0.700998  0.893405  0.739121  0.526836  0.645912  0.693530  0.728149  0.729566  0.512688  0.412641  0.563697  0.793817  0.404305  0.713992  0.545612  0.834289  0.859079  0.553798  0.484643  0.330132  0.588764  0.686828  0.751995  0.573201  0.725220  0.799883  0.605404  0.546648  0.676557 
20  0.720082  0.539553  0.598060  0.538057  0.650120  0.169380  0.777619  0.817024  0.808281  0.690512  0.845217  0.714445  0.858167  0.893522  0.704548  0.500474  0.432834  0.763798  0.713229  0.817432 0.0  0.352556  0.713032  0.561440  0.698487  0.721031  0.519748  0.806541  0.507833  0.587771  0.431469  0.821533  0.759203  0.650349  0.455690  0.751346  0.748299  0.344921  0.557142  0.491339  0.769394  0.845184  0.750739  0.284481  0.702009  0.434117  0.816916  0.295514  0.626383  0.830594  0.808649  0.856135  0.760548  0.406508  0.228705  0.676233  0.595925  0.368756  0.801527  0.788763  0.656845 
21  0.794079  0.622877  0.623419  0.580619  0.617716  0.233046  0.705633  0.874852  0.770778  0.776684  0.812643  0.705085  0.632313  0.829395  0.688836  0.559851  0.573288  0.764842  0.829424  0.872623  0.352556 0.0  0.672713  0.444408  0.770907  0.834928  0.635192  0.726183  0.647964  0.469272  0.592646  0.774971  0.625129  0.611557  0.345646  0.793227  0.711337  0.119999  0.657238  0.278814  0.752375  0.831967  0.612028  0.065719  0.785073  0.388061  0.721722  0.183562  0.643476  0.757065  0.705840  0.738490  0.724359  0.337106  0.312129  0.770013  0.618269  0.000000  0.824775  0.732169  0.685508 
22  0.626373  0.395600  0.755294  0.774760  0.626021  0.608167  0.655143  0.582809  0.787624  0.698109  0.649587  0.701767  0.744513  0.773743  0.727907  0.626071  0.666092  0.742110  0.740713  0.607271  0.713032  0.672713 0.0  0.762039  0.648192  0.585222  0.666386  0.586916  0.785354  0.677227  0.724854  0.618441  0.518482  0.801673  0.514886  0.650283  0.810313  0.621754  0.505149  0.583314  0.510584  0.820844  0.561974  0.675775  0.555975  0.708116  0.583751  0.702185  0.751309  0.786351  0.647626  0.753984  0.618699  0.674529  0.636813  0.515506  0.617636  0.494887  0.728206  0.621392  0.382905 
23  0.738777  0.663194  0.596829  0.572433  0.384567  0.550761  0.878633  0.706142  0.675167  0.833098  0.741854  0.778860  0.727074  0.810443  0.806504  0.584952  0.489928  0.902793  0.839108  0.712420  0.561440  0.444408  0.762039 0.0  0.742759  0.786442  0.586047  0.802052  0.485985  0.544973  0.363090  0.745571  0.691513  0.560630  0.342942  0.689443  0.908082  0.380367  0.640179  0.473263  0.733598  0.808501  0.750691  0.382845  0.728354  0.329022  0.775488  0.463826  0.673306  0.786418  0.770379  0.810608  0.825003  0.477160  0.600979  0.698927  0.408359  0.542606  0.742251  0.757132  0.729573 
24  0.631172  0.580223  0.768966  0.768466  0.809892  0.744002  0.656408  0.539833  0.486894  0.557218  0.528094  0.487563  0.505457  0.700153  0.533024  0.798722  0.772126  0.668349  0.642616  0.548773  0.698487  0.770907  0.648192  0.742759 0.0  0.220972  0.861576  0.609453  0.759137  0.799405  0.700471  0.457151  0.650317  0.753136  0.817650  0.430256  0.663281  0.720053  0.661014  0.630242  0.515465  0.482963  0.489547  0.792405  0.529666  0.743813  0.527985  0.687576  0.780120  0.617514  0.505666  0.716148  0.427968  0.645622  0.741125  0.439810  0.611746  0.746270  0.596157  0.530380  0.525791 
25  0.625971  0.626081  0.792598  0.825969  0.733453  0.740355  0.648729  0.573419  0.651746  0.669375  0.390689  0.461291  0.453949  0.565865  0.546578  0.815852  0.739999  0.668079  0.483587  0.503399  0.721031  0.834928  0.585222  0.786442  0.220972 0.0  0.704917  0.653179  0.766530  0.775234  0.757810  0.580880  0.648967  0.794519  0.913213  0.245628  0.659801  0.738854  0.642299  0.738398  0.493837  0.613779  0.422059  0.774026  0.486430  0.793192  0.525911  0.733019  0.826328  0.681350  0.435041  0.553170  0.482910  0.790411  0.736791  0.361078  0.702007  0.703212  0.724988  0.606234  0.590250 
26  0.780991  0.588083  0.622219  0.568831  0.501245  0.587875  0.811480  0.885967  0.813974  0.846633  0.805718  0.719940  0.894393  0.849710  0.849167  0.457805  0.377955  0.894453  0.879691  0.767238  0.519748  0.635192  0.666386  0.586047  0.861576  0.704917 0.0  0.870682  0.468051  0.125237  0.580355  0.737784  0.725381  0.540004  0.633953  0.760664  0.855330  0.621687  0.679851  0.639982  0.733780  0.728801  0.766224  0.573380  0.708328  0.475237  0.796023  0.636859  0.396114  0.782630  0.877232  0.766184  0.865440  0.549848  0.664123  0.787542  0.614563  0.642735  0.890580  0.824645  0.699417 
27  0.184034  0.599720  0.820119  0.825861  0.687538  0.761526  0.699403  0.333587  0.564256  0.555151  0.533967  0.585434  0.724018  0.622871  0.639739  0.781654  0.843545  0.700759  0.629609  0.434641  0.806541  0.726183  0.586916  0.802052  0.609453  0.653179  0.870682 0.0  0.819203  0.796176  0.783714  0.552777  0.577659  0.834675  0.811291  0.499986  0.604707  0.739914  0.628303  0.608452  0.316963  0.511836  0.546625  0.737415  0.289492  0.725150  0.382915  0.743546  0.925914  0.690945  0.542045  0.536185  0.571061  0.714420  0.833588  0.505498  0.739834  0.706361  0.554974  0.718575  0.510638 
28  0.724790  0.686263  0.508095  0.296544  0.347339  0.565546  0.856251  0.784936  0.863319  0.939044  0.783860  0.753993  0.760585  0.849570  0.860133  0.522073  0.507708  0.850308  0.795332  0.771302  0.507833  0.647964  0.785354  0.485985  0.759137  0.766530  0.468051  0.819203 0.0  0.495831  0.448601  0.823369  0.708110  0.191891  0.627017  0.750359  0.875647  0.546283  0.592818  0.665169  0.802609  0.981377  0.865486  0.604292  0.798401  0.440300  0.912498  0.675032  0.531952  0.835154  0.751535  0.783107  0.770535  0.656547  0.589750  0.727547  0.560180  0.607930  0.732633  0.776090  0.718644 
29  0.758049  0.831029  0.809308  0.589692  0.501593  0.537236  0.906788  0.793471  0.846373  0.860229  0.830998  0.921040  0.867783  0.818500  0.877229  0.496834  0.484650  0.870609  0.846642  0.851379  0.587771  0.469272  0.677227  0.544973  0.799405  0.775234  0.125237  0.796176  0.495831 0.0  0.497638  0.679176  0.728997  0.353372  0.619674  0.770400  0.837451  0.588175  0.624411  0.519741  0.678784  0.746105  0.819352  0.483164  0.724352  0.619009  0.869884  0.528893  0.564206  0.818580  0.837332  0.851008  0.928881  0.533188  0.550771  0.726520  0.392159  0.617988  0.790957  0.812374  0.684006 
30  0.705761  0.752600  0.466600  0.465718  0.186282  0.590671  0.743006  0.800949  0.821057  0.887091  0.888755  0.869668  0.796017  0.764623  0.770170  0.559207  0.449574  0.781488  0.678354  0.779495  0.431469  0.592646  0.724854  0.363090  0.700471  0.757810  0.580355  0.783714  0.448601  0.497638 0.0  0.720056  0.644741  0.419193  0.520648  0.806499  0.869229  0.597775  0.580583  0.584329  0.726060  0.794538  0.805614  0.591752  0.786663  0.491476  0.812565  0.565975  0.603291  0.870439  0.745107  0.837852  0.736122  0.550896  0.471129  0.793147  0.643741  0.574894  0.746424  0.844601  0.730568 
31  0.505224  0.737607  0.762406  0.789254  0.835686  0.794479  0.537312  0.613015  0.620469  0.636673  0.502932  0.393657  0.492391  0.594448  0.426362  0.851990  0.772341  0.477957  0.594462  0.590891  0.821533  0.774971  0.618441  0.745571  0.457151  0.580880  0.737784  0.552777  0.823369  0.679176  0.720056 0.0  0.605296  0.888805  0.738707  0.461045  0.727355  0.770296  0.725117  0.738838  0.618091  0.457418  0.572643  0.861484  0.652896  0.719070  0.520676  0.705391  0.902043  0.741385  0.460939  0.624426  0.258520  0.696861  0.735713  0.570023  0.797700  0.691871  0.606440  0.507355  0.794317 
32  0.509645  0.308945  0.799359  0.657658  0.700779  0.689915  0.652578  0.541931  0.677568  0.636091  0.639946  0.626361  0.598725  0.675088  0.642893  0.693276  0.666210  0.816591  0.723481  0.700998  0.759203  0.625129  0.518482  0.691513  0.650317  0.648967  0.725381  0.577659  0.708110  0.728997  0.644741  0.605296 0.0  0.706641  0.762884  0.632762  0.723725  0.694282  0.524959  0.707051  0.568943  0.655501  0.569567  0.752131  0.688079  0.695618  0.647444  0.717576  0.712468  0.722775  0.590572  0.653397  0.669257  0.621531  0.644778  0.406126  0.721170  0.576600  0.720095  0.654664  0.399454 
33  0.811720  0.709427  0.516504  0.406804  0.365347  0.535781  0.843058  0.818214  0.857910  0.758834  0.788452  0.774991  0.859842  0.868782  0.889571  0.443768  0.497646  0.823276  0.835107  0.893405  0.650349  0.611557  0.801673  0.560630  0.753136  0.794519  0.540004  0.834675  0.191891  0.353372  0.419193  0.888805  0.706641 0.0  0.550207  0.876918  0.866890  0.509803  0.618494  0.723659  0.802298  0.898335  0.748942  0.667593  0.797377  0.532930  0.767205  0.546503  0.608225  0.878785  0.892956  0.809289  0.744688  0.730704  0.667844  0.792204  0.619390  0.627052  0.836555  0.917589  0.741820 
34  0.794786  0.675456  0.580626  0.592884  0.514709  0.382183  0.779580  0.751332  0.830880  0.779207  0.744894  0.812527  0.749994  0.705131  0.732518  0.470930  0.446916  0.903265  0.801932  0.739121  0.455690  0.345646  0.514886  0.342942  0.817650  0.913213  0.633953  0.811291  0.627017  0.619674  0.520648  0.738707  0.762884  0.550207 0.0  0.751793  0.851607  0.394765  0.664599  0.476660  0.737843  0.759448  0.708031  0.389752  0.806839  0.436986  0.743555  0.394154  0.790014  0.843758  0.794682  0.843962  0.849784  0.402515  0.395157  0.815222  0.433190  0.529267  0.809328  0.822269  0.632427 
35  0.462277  0.623332  0.894056  0.784339  0.640107  0.726798  0.589792  0.455410  0.473067  0.656499  0.321025  0.432881  0.627614  0.592543  0.460989  0.846115  0.874597  0.673547  0.655145  0.526836  0.751346  0.793227  0.650283  0.689443  0.430256  0.245628  0.760664  0.499986  0.750359  0.770400  0.806499  0.461045  0.632762  0.876918  0.751793 0.0  0.685792  0.652541  0.639434  0.634400  0.449610  0.577748  0.593057  0.737884  0.490868  0.734564  0.411173  0.702717  0.829958  0.783291  0.344597  0.508847  0.463326  0.678159  0.826763  0.436965  0.770273  0.786477  0.486130  0.574983  0.606305 
36  0.635687  0.753460  0.768114  0.874914  0.814277  0.809097  0.466608  0.714155  0.481614  0.561891  0.533395  0.599422  0.580184  0.537961  0.573914  0.800928  0.900611  0.681981  0.507867  0.645912  0.748299  0.711337  0.810313  0.908082  0.663281  0.659801  0.855330  0.604707  0.875647  0.837451  0.869229  0.727355  0.723725  0.866890  0.851607  0.685792 0.0  0.720944  0.772504  0.794692  0.603322  0.606593  0.730538  0.827765  0.728440  1.000000  0.619114  0.829337  0.857831  0.238148  0.605522  0.592425  0.738620  0.820715  0.829494  0.690953  0.852543  0.829112  0.597225  0.636121  0.719552 
37  0.835690  0.650280  0.509749  0.572858  0.571511  0.445149  0.838330  0.667556  0.764618  0.882949  0.660693  0.752815  0.793931  0.793254  0.813129  0.548660  0.344962  0.897504  0.840606  0.693530  0.344921  0.119999  0.621754  0.380367  0.720053  0.738854  0.621687  0.739914  0.546283  0.588175  0.597775  0.770296  0.694282  0.509803  0.394765  0.652541  0.720944 0.0  0.589041  0.265344  0.720604  0.703506  0.746906  0.030331  0.760855  0.575495  0.692247  0.357498  0.618276  0.785597  0.827367  0.649398  0.735788  0.286333  0.215656  0.643320  0.620364  0.067234  0.738541  0.750164  0.708566 
38  0.661699  0.448756  0.773435  0.748468  0.649097  0.677021  0.799579  0.637228  0.776711  0.737332  0.786622  0.834370  0.769131  0.827657  0.817648  0.575541  0.715136  0.736279  0.793150  0.728149  0.557142  0.657238  0.505149  0.640179  0.661014  0.642299  0.679851  0.628303  0.592818  0.624411  0.580583  0.725117  0.524959  0.618494  0.664599  0.639434  0.772504  0.589041 0.0  0.506624  0.706447  0.721461  0.662774  0.624297  0.649176  0.570760  0.624046  0.602478  0.697276  0.821407  0.696996  0.683864  0.715920  0.728628  0.571631  0.618881  0.634093  0.556052  0.615944  0.942591  0.464224 
39  0.686431  0.778835  0.670413  0.715035  0.551634  0.390090  0.728802  0.619930  0.808070  0.738491  0.811628  0.726689  0.737261  0.869464  0.808203  0.530255  0.438322  0.772679  0.778710  0.729566  0.491339  0.278814  0.583314  0.473263  0.630242  0.738398  0.639982  0.608452  0.665169  0.519741  0.584329  0.738838  0.707051  0.723659  0.476660  0.634400  0.794692  0.265344  0.506624 0.0  0.730944  0.823737  0.675189  0.451179  0.774850  0.538236  0.739505  0.446809  0.702306  0.805379  0.714313  0.756473  0.715159  0.397565  0.337596  0.710358  0.381823  0.438037  0.750630  0.788105  0.597995 
40  0.397773  0.596382  0.780504  0.732352  0.807137  0.832510  0.488729  0.405798  0.588138  0.530132  0.451842  0.559466  0.703515  0.552382  0.710963  0.705871  0.658175  0.632856  0.715933  0.512688  0.769394  0.752375  0.510584  0.733598  0.515465  0.493837  0.733780  0.316963  0.802609  0.678784  0.726060  0.618091  0.568943  0.802298  0.737843  0.449610  0.603322  0.720604  0.706447  0.730944 0.0  0.626872  0.536303  0.703831  0.394030  0.694888  0.446692  0.680660  0.710115  0.696250  0.410523  0.497299  0.613646  0.729652  0.718904  0.500506  0.666453  0.705690  0.698634  0.604205  0.602896 
41  0.489302  0.610042  0.837697  0.810636  0.764984  0.757166  0.325882  0.516452  0.531140  0.311326  0.351299  0.502050  0.495775  0.444041  0.573597  0.814174  0.822886  0.711947  0.610476  0.412641  0.845184  0.831967  0.820844  0.808501  0.482963  0.613779  0.728801  0.511836  0.981377  0.746105  0.794538  0.457418  0.655501  0.898335  0.759448  0.577748  0.606593  0.703506  0.721461  0.823737  0.626872 0.0  0.542404  0.719118  0.534723  0.956587  0.358144  0.746029  0.778787  0.503123  0.408520  0.467974  0.525557  0.844242  0.743362  0.674432  0.856086  0.809277  0.540277  0.433878  0.563950 
42  0.671096  0.554435  0.655548  0.720520  0.723030  0.821711  0.719445  0.593436  0.656908  0.653445  0.671673  0.517598  0.619847  0.672875  0.571292  0.770841  0.748661  0.675236  0.661959  0.563697  0.750739  0.612028  0.561974  0.750691  0.489547  0.422059  0.766224  0.546625  0.865486  0.819352  0.805614  0.572643  0.569567  0.748942  0.708031  0.593057  0.730538  0.746906  0.662774  0.675189  0.536303  0.542404 0.0  0.693449  0.475664  0.679390  0.562871  0.722377  0.790821  0.702358  0.451155  0.763496  0.507784  0.694122  0.618852  0.391509  0.714906  0.558960  0.642090  0.719825  0.630330 
43  0.715684  0.610963  0.639317  0.640370  0.537077  0.422167  0.655190  0.713492  0.907287  0.880516  0.721061  0.797877  0.830578  0.802556  0.773652  0.527040  0.555136  0.828787  0.764600  0.793817  0.284481  0.065719  0.675775  0.382845  0.792405  0.774026  0.573380  0.737415  0.604292  0.483164  0.591752  0.861484  0.752131  0.667593  0.389752  0.737884  0.827765  0.030331  0.624297  0.451179  0.703831  0.719118  0.693449 0.0  0.753507  0.435905  0.746136  0.180367  0.668316  0.788476  0.702230  0.817271  0.751037  0.352558  0.004483  0.777570  0.537181  0.264371  0.823743  0.835578  0.689753 
44  0.289236  0.638150  0.687196  0.889554  0.765950  0.777937  0.540767  0.386116  0.663457  0.633591  0.449150  0.696342  0.546318  0.541071  0.694041  0.821628  0.757916  0.731401  0.647218  0.404305  0.702009  0.785073  0.555975  0.728354  0.529666  0.486430  0.708328  0.289492  0.798401  0.724352  0.786663  0.652896  0.688079  0.797377  0.806839  0.490868  0.728440  0.760855  0.649176  0.774850  0.394030  0.534723  0.475664  0.753507 0.0  0.811474  0.253946  0.675838  0.811753  0.658915  0.279446  0.348344  0.623608  0.687744  0.744874  0.473625  0.710136  0.718303  0.654154  0.541547  0.439220 
45  0.767535  0.671332  0.620355  0.624663  0.440423  0.432058  0.678741  0.708576  0.847596  0.909399  0.887159  0.729863  0.814110  0.817554  0.818446  0.452684  0.276173  0.933976  0.807450  0.713992  0.434117  0.388061  0.708116  0.329022  0.743813  0.793192  0.475237  0.725150  0.440300  0.619009  0.491476  0.719070  0.695618  0.532930  0.436986  0.734564  1.000000  0.575495  0.570760  0.538236  0.694888  0.956587  0.679390  0.435905  0.811474 0.0  0.829864  0.465861  0.598531  0.825901  0.871135  0.717044  0.742428  0.585077  0.442992  0.706650  0.421396  0.573587  0.872075  0.811957  0.726465 
46  0.360522  0.620832  0.834804  0.780659  0.782492  0.755813  0.598563  0.482407  0.505594  0.598196  0.405012  0.469725  0.585159  0.331788  0.563862  0.800136  0.829870  0.721483  0.547620  0.545612  0.816916  0.721722  0.583751  0.775488  0.527985  0.525911  0.796023  0.382915  0.912498  0.869884  0.812565  0.520676  0.647444  0.767205  0.743555  0.411173  0.619114  0.692247  0.624046  0.739505  0.446692  0.358144  0.562871  0.746136  0.253946  0.829864 0.0  0.763339  0.763379  0.516104  0.399627  0.391655  0.521726  0.669522  0.759970  0.428615  0.763014  0.650901  0.502702  0.513109  0.591286 
47  0.744547  0.685111  0.599405  0.586955  0.555626  0.291299  0.819331  0.734944  0.816345  0.831744  0.692801  0.825233  0.783609  0.835243  0.831730  0.490519  0.464267  0.886224  0.815729  0.834289  0.295514  0.183562  0.702185  0.463826  0.687576  0.733019  0.636859  0.743546  0.675032  0.528893  0.565975  0.705391  0.717576  0.546503  0.394154  0.702717  0.829337  0.357498  0.602478  0.446809  0.680660  0.746029  0.722377  0.180367  0.675838  0.465861  0.763339 0.0  0.677344  0.782289  0.834390  0.796952  0.734233  0.385343  0.195694  0.769096  0.426824  0.151895  0.786058  0.789962  0.675263 
48  0.743923  0.830133  0.652787  0.618485  0.651145  0.784409  0.942407  0.786406  0.818250  0.866888  0.953641  0.896413  0.842441  0.840308  0.883869  0.636193  0.616801  0.947865  0.825927  0.859079  0.626383  0.643476  0.751309  0.673306  0.780120  0.826328  0.396114  0.925914  0.531952  0.564206  0.603291  0.902043  0.712468  0.608225  0.790014  0.829958  0.857831  0.618276  0.697276  0.702306  0.710115  0.778787  0.790821  0.668316  0.811753  0.598531  0.763379  0.677344 0.0  0.882124  0.774593  0.931081  0.873028  0.680814  0.650477  0.804820  0.697959  0.635668  0.882555  0.849994  0.782310 
49  0.563467  0.805216  0.842482  0.882322  0.899174  0.823286  0.421184  0.618121  0.571644  0.425207  0.526856  0.662577  0.512238  0.518900  0.666243  0.836950  0.891447  0.676805  0.581952  0.553798  0.830594  0.757065  0.786351  0.786418  0.617514  0.681350  0.782630  0.690945  0.835154  0.818580  0.870439  0.741385  0.722775  0.878785  0.843758  0.783291  0.238148  0.785597  0.821407  0.805379  0.696250  0.503123  0.702358  0.788476  0.658915  0.825901  0.516104  0.782289  0.882124 0.0  0.547406  0.536961  0.672975  0.686209  0.853335  0.737299  0.703335  0.887076  0.600472  0.550360  0.712021 
50  0.591055  0.710785  0.862775  0.839644  0.778544  0.776432  0.514505  0.641672  0.457112  0.654532  0.263394  0.393776  0.419957  0.520254  0.602658  0.818823  0.729914  0.492991  0.620642  0.484643  0.808649  0.705840  0.647626  0.770379  0.505666  0.435041  0.877232  0.542045  0.751535  0.837332  0.745107  0.460939  0.590572  0.892956  0.794682  0.344597  0.605522  0.827367  0.696996  0.714313  0.410523  0.408520  0.451155  0.702230  0.279446  0.871135  0.399627  0.834390  0.774593  0.547406 0.0  0.537318  0.464519  0.764802  0.746957  0.544532  0.853628  0.752463  0.577020  0.544991  0.685113 
51  0.504848  0.613008  0.945657  0.784657  0.794959  0.845515  0.622481  0.556547  0.599925  0.396342  0.541581  0.566896  0.613476  0.511311  0.606143  0.774375  0.699526  0.690701  0.599886  0.330132  0.856135  0.738490  0.753984  0.810608  0.716148  0.553170  0.766184  0.536185  0.783107  0.851008  0.837852  0.624426  0.653397  0.809289  0.843962  0.508847  0.592425  0.649398  0.683864  0.756473  0.497299  0.467974  0.763496  0.817271  0.348344  0.717044  0.391655  0.796952  0.931081  0.536961  0.537318 0.0  0.619701  0.738556  0.797323  0.551550  0.773901  0.685216  0.542998  0.601541  0.727675 
52  0.666627  0.631874  0.669238  0.781309  0.832815  0.864300  0.585238  0.572199  0.537673  0.647968  0.476376  0.345392  0.465853  0.602607  0.539742  0.683317  0.800877  0.614669  0.472630  0.588764  0.760548  0.724359  0.618699  0.825003  0.427968  0.482910  0.865440  0.571061  0.770535  0.928881  0.736122  0.258520  0.669257  0.744688  0.849784  0.463326  0.738620  0.735788  0.715920  0.715159  0.613646  0.525557  0.507784  0.751037  0.623608  0.742428  0.521726  0.734233  0.873028  0.672975  0.464519  0.619701 0.0  0.848645  0.697075  0.613035  0.828222  0.714769  0.598878  0.588718  0.784903 
53  0.827172  0.525156  0.692742  0.617332  0.538874  0.369611  0.673951  0.807164  0.842785  0.720225  0.727447  0.786579  0.761369  0.831857  0.780377  0.516895  0.575200  0.822293  0.646695  0.686828  0.406508  0.337106  0.674529  0.477160  0.645622  0.790411  0.549848  0.714420  0.656547  0.533188  0.550896  0.696861  0.621531  0.730704  0.402515  0.678159  0.820715  0.286333  0.728628  0.397565  0.729652  0.844242  0.694122  0.352558  0.687744  0.585077  0.669522  0.385343  0.680814  0.686209  0.764802  0.738556  0.848645 0.0  0.386928  0.736245  0.537526  0.333014  0.765791  0.785781  0.595550 
54  0.741374  0.762157  0.598627  0.699465  0.471200  0.338888  0.791243  0.727672  0.861874  0.831846  0.681729  0.676055  0.664355  0.666637  0.882957  0.493193  0.518702  0.881229  0.778604  0.751995  0.228705  0.312129  0.636813  0.600979  0.741125  0.736791  0.664123  0.833588  0.589750  0.550771  0.471129  0.735713  0.644778  0.667844  0.395157  0.826763  0.829494  0.215656  0.571631  0.337596  0.718904  0.743362  0.618852  0.004483  0.744874  0.442992  0.759970  0.195694  0.650477  0.853335  0.746957  0.797323  0.697075  0.386928 0.0  0.670041  0.468355  0.266838  0.807057  0.815638  0.684337 
55  0.551009  0.584835  0.708789  0.754387  0.835484  0.787341  0.727837  0.449673  0.653385  0.672312  0.521915  0.531529  0.480012  0.648979  0.738819  0.823354  0.798439  0.684672  0.647468  0.573201  0.676233  0.770013  0.515506  0.698927  0.439810  0.361078  0.787542  0.505498  0.727547  0.726520  0.793147  0.570023  0.406126  0.792204  0.815222  0.436965  0.690953  0.643320  0.618881  0.710358  0.500506  0.674432  0.391509  0.777570  0.473625  0.706650  0.428615  0.769096  0.804820  0.737299  0.544532  0.551550  0.613035  0.736245  0.670041 0.0  0.682457  0.746779  0.611610  0.619486  0.597698 
56  0.765832  0.710202  0.548957  0.560360  0.714261  0.615431  0.887097  0.817995  0.774734  0.867818  0.838443  0.799670  0.807283  0.771401  0.765230  0.513238  0.538314  0.813463  0.780046  0.725220  0.595925  0.618269  0.617636  0.408359  0.611746  0.702007  0.614563  0.739834  0.560180  0.392159  0.643741  0.797700  0.721170  0.619390  0.433190  0.770273  0.852543  0.620364  0.634093  0.381823  0.666453  0.856086  0.714906  0.537181  0.710136  0.421396  0.763014  0.426824  0.697959  0.703335  0.853628  0.773901  0.828222  0.537526  0.468355  0.682457 0.0  0.512236  0.874690  0.763568  0.666413 
57  0.740960  0.689687  0.559955  0.637877  0.592667  0.268490  0.868326  0.760978  0.745482  0.802302  0.774787  0.791703  0.707675  0.827069  0.794106  0.562770  0.440886  0.839135  0.705029  0.799883  0.368756  0.000000  0.494887  0.542606  0.746270  0.703212  0.642735  0.706361  0.607930  0.617988  0.574894  0.691871  0.576600  0.627052  0.529267  0.786477  0.829112  0.067234  0.556052  0.438037  0.705690  0.809277  0.558960  0.264371  0.718303  0.573587  0.650901  0.151895  0.635668  0.887076  0.752463  0.685216  0.714769  0.333014  0.266838  0.746779  0.512236 0.0  0.825679  0.840525  0.650118 
58  0.694864  0.757219  0.864352  0.902262  0.765932  0.816476  0.347789  0.606404  0.292997  0.480422  0.403583  0.451878  0.265167  0.486566  0.310465  0.801513  0.856942  0.630714  0.256635  0.605404  0.801527  0.824775  0.728206  0.742251  0.596157  0.724988  0.890580  0.554974  0.732633  0.790957  0.746424  0.606440  0.720095  0.836555  0.809328  0.486130  0.597225  0.738541  0.615944  0.750630  0.698634  0.540277  0.642090  0.823743  0.654154  0.872075  0.502702  0.786058  0.882555  0.600472  0.577020  0.542998  0.598878  0.765791  0.807057  0.611610  0.874690  0.825679 0.0  0.081909  0.757091 
59  0.601904  0.779534  0.835619  0.908194  0.790768  0.783602  0.436195  0.512453  0.254154  0.552338  0.521200  0.517465  0.246725  0.396921  0.482669  0.809778  0.835401  0.641115  0.187597  0.546648  0.788763  0.732169  0.621392  0.757132  0.530380  0.606234  0.824645  0.718575  0.776090  0.812374  0.844601  0.507355  0.654664  0.917589  0.822269  0.574983  0.636121  0.750164  0.942591  0.788105  0.604205  0.433878  0.719825  0.835578  0.541547  0.811957  0.513109  0.789962  0.849994  0.550360  0.544991  0.601541  0.588718  0.785781  0.815638  0.619486  0.763568  0.840525  0.081909 0.0  0.736721 
60  0.558358  0.244971  0.712701  0.674570  0.614098  0.843522  0.726461  0.518424  0.737763  0.750952  0.628408  0.683508  0.731889  0.685405  0.842846  0.615613  0.680400  0.846492  0.676078  0.676557  0.656845  0.685508  0.382905  0.729573  0.525791  0.590250  0.699417  0.510638  0.718644  0.684006  0.730568  0.794317  0.399454  0.741820  0.632427  0.606305  0.719552  0.708566  0.464224  0.597995  0.602896  0.563950  0.630330  0.689753  0.439220  0.726465  0.591286  0.675263  0.782310  0.712021  0.685113  0.727675  0.784903  0.595550  0.684337  0.597698  0.666413  0.650118  0.757091  0.736721 0.0 
