61
0 0.0  0.610671  0.864134  0.800472  0.734753  0.848626  0.729131  0.264380  0.526880  0.659532  0.542694  0.515239  0.573486  0.558563  0.644531  0.780203  0.838864  0.638128  0.663351  0.355649  0.721387  0.781976  0.672534  0.748246  0.669442  0.481700  0.743209  0.062407  0.848318  0.801264  0.804996  0.679404  0.548018  0.695716  0.717181  0.602629  0.672825  0.843720  0.818809  0.772907  0.341779  0.465212  0.577673  0.713917  0.301259  0.736160  0.371322  0.669770  0.818267  0.611785  0.605416  0.474555  0.520933  0.769025  0.720006  0.569056  0.691975  0.764079  0.753840  0.534942  0.584398 
1  0.610671 0.0  0.862328  0.750284  0.681524  0.621278  0.757894  0.559995  0.645670  0.631860  0.526957  0.741513  0.636338  0.685678  0.718282  0.624823  0.699241  0.634463  0.693499  0.755584  0.603779  0.595307  0.319053  0.669580  0.624272  0.689518  0.737214  0.549580  0.700565  0.589550  0.827001  0.756410  0.363912  0.698790  0.725781  0.684007  0.725679  0.624265  0.594743  0.713093  0.611538  0.550964  0.543512  0.595103  0.788113  0.641142  0.562283  0.664555  0.823820  0.752614  0.633974  0.579498  0.735215  0.597303  0.590099  0.560022  0.607668  0.710443  0.686301  0.640137  0.199841 
2  0.864134  0.862328 0.0  0.272167  0.496290  0.670116  0.775680  0.807436  0.838724  0.767003  0.875734  0.838636  0.964049  0.844021  0.855333  0.664246  0.500259  0.839503  0.860837  0.787637  0.650253  0.629252  0.708387  0.607434  0.754659  0.881048  0.603800  0.788502  0.406255  0.597545  0.495094  0.781948  0.791175  0.434809  0.688843  0.842727  0.872972  0.603264  0.759636  0.597482  0.887848  0.876502  0.835847  0.546229  0.782497  0.560557  0.715686  0.570005  0.656108  0.887324  0.759081  0.872463  0.682004  0.647948  0.701502  0.721568  0.733153  0.720485  0.748726  0.923979  0.711099 
3  0.800472  0.750284  0.272167 0.0  0.368958  0.503687  0.896307  0.761724  0.823874  0.808029  0.830243  0.831308  0.828482  0.750152  0.820973  0.535521  0.528921  0.784814  0.848623  0.825047  0.491566  0.544583  0.711478  0.492378  0.863125  0.727381  0.582440  0.757476  0.390913  0.534091  0.445927  0.775581  0.658221  0.451859  0.617227  0.844598  0.933654  0.547920  0.716284  0.732974  0.719148  0.728635  0.667261  0.650871  0.836812  0.606299  0.719076  0.608448  0.609940  0.857219  0.833345  0.883349  0.805553  0.592910  0.650357  0.795695  0.645012  0.625473  0.851038  0.850032  0.808643 
4  0.734753  0.681524  0.496290  0.368958 0.0  0.457188  0.819392  0.711889  0.806478  0.823486  0.770451  0.844109  0.894420  0.826851  1.000000  0.572940  0.447382  0.930717  0.769467  0.838715  0.598906  0.526405  0.738265  0.414356  0.727381  0.849288  0.479713  0.754441  0.267700  0.591987  0.224585  0.678215  0.768685  0.428721  0.592821  0.788088  0.842775  0.611842  0.690558  0.536345  0.802630  0.824398  0.616294  0.605695  0.847603  0.477477  0.825530  0.502189  0.550658  0.860438  0.806985  0.811245  0.744313  0.663676  0.528086  0.706115  0.545433  0.585486  0.788683  0.852592  0.707730 
5  0.848626  0.621278  0.670116  0.503687  0.457188 0.0  0.773493  0.750036  0.826222  0.840435  0.807971  0.863547  0.801709  0.758838  0.861830  0.570684  0.558304  0.733514  0.717230  0.811879  0.119447  0.376538  0.776751  0.367417  0.738066  0.676658  0.613291  0.758935  0.544258  0.602820  0.569793  0.671261  0.674369  0.513400  0.371154  0.722709  0.756341  0.270174  0.496662  0.528863  0.730029  0.693637  0.744588  0.287568  0.866136  0.386716  0.704746  0.166901  0.674930  0.718593  0.786862  0.763689  0.879401  0.339098  0.351668  0.615687  0.491105  0.434195  0.793050  0.750514  0.682140 
6  0.729131  0.757894  0.775680  0.896307  0.819392  0.773493 0.0  0.560990  0.344590  0.406759  0.539722  0.574536  0.302875  0.435903  0.551777  0.800204  0.727159  0.628082  0.377891  0.504148  0.743382  0.893376  0.712519  0.841743  0.508586  0.680046  0.861212  0.609352  0.883619  0.835046  0.824069  0.627598  0.673321  0.837913  0.846990  0.513876  0.409641  0.766356  0.716054  0.897229  0.629521  0.463726  0.672509  0.924193  0.592402  0.823659  0.655435  0.739113  0.857106  0.437708  0.537174  0.549148  0.596625  0.847450  0.813194  0.735783  0.789563  0.768259  0.471310  0.341512  0.746891 
7  0.264380  0.559995  0.807436  0.761724  0.711889  0.750036  0.560990 0.0  0.647489  0.528446  0.524702  0.681269  0.563346  0.500930  0.704686  0.838118  0.725654  0.637814  0.529805  0.490609  0.793639  0.824980  0.594743  0.756797  0.569777  0.574348  0.908547  0.162899  0.730422  0.783923  0.632987  0.650280  0.561147  0.756087  0.698286  0.493656  0.639007  0.877118  0.781514  0.702977  0.321295  0.660084  0.609599  0.636818  0.319549  0.785500  0.450678  0.816553  0.819119  0.682517  0.486360  0.492405  0.514829  0.865671  0.691798  0.503457  0.871734  0.832331  0.719390  0.619053  0.491146 
8  0.526880  0.645670  0.838724  0.823874  0.806478  0.826222  0.344590  0.647489 0.0  0.496660  0.534809  0.513213  0.363070  0.388214  0.462509  0.822321  0.773301  0.597873  0.339989  0.610948  0.817781  0.803046  0.585432  0.720577  0.570513  0.569690  0.875729  0.640498  0.863483  0.841923  0.892655  0.435504  0.777907  0.869571  0.787481  0.669117  0.566017  0.743562  0.853619  0.782274  0.664853  0.527163  0.692730  0.788317  0.653601  0.837417  0.566781  0.770040  0.811350  0.521110  0.448125  0.551811  0.596728  0.844098  0.813589  0.696377  0.888164  0.788708  0.312089  0.295338  0.687898 
9  0.659532  0.631860  0.767003  0.808029  0.823486  0.840435  0.406759  0.528446  0.496660 0.0  0.463456  0.642052  0.517198  0.443351  0.558325  0.746498  0.835264  0.617595  0.571932  0.497044  0.787585  0.718702  0.746655  0.802607  0.581776  0.652619  0.819661  0.504474  0.860483  0.748816  0.901089  0.628120  0.711818  0.834492  0.834624  0.448775  0.463143  0.814360  0.675995  0.822802  0.585259  0.421058  0.729073  0.722658  0.585131  0.790568  0.431622  0.772225  0.835549  0.397180  0.469132  0.493736  0.541849  0.792754  0.745440  0.649009  0.798830  0.816387  0.514464  0.536483  0.616923 
10  0.542694  0.526957  0.875734  0.830243  0.770451  0.807971  0.539722  0.524702  0.534809  0.463456 0.0  0.496244  0.649768  0.443710  0.519403  0.805796  0.727242  0.714233  0.488963  0.400586  0.719644  0.691384  0.602024  0.786670  0.581829  0.418955  0.865853  0.506075  0.726415  0.799697  0.769818  0.587578  0.670273  0.766997  0.808184  0.460336  0.586089  0.802828  0.639589  0.763771  0.479955  0.379389  0.574313  0.796247  0.408125  0.811563  0.387190  0.692994  0.885535  0.635167  0.219828  0.599982  0.463200  0.792219  0.776960  0.587614  0.722249  0.764485  0.464324  0.537939  0.656659 
11  0.515239  0.741513  0.838636  0.831308  0.844109  0.863547  0.574536  0.681269  0.513213  0.642052  0.496244 0.0  0.467563  0.545989  0.529455  0.824008  0.801311  0.574917  0.563829  0.543707  0.842530  0.739362  0.721938  0.868054  0.420416  0.458395  0.854862  0.606184  0.900484  0.740505  0.775385  0.452859  0.666771  0.794594  0.813744  0.459837  0.595972  0.674708  0.808794  0.784956  0.645065  0.503176  0.615412  0.743282  0.590571  0.850870  0.511186  0.703913  0.767795  0.688869  0.342541  0.551636  0.295989  0.815588  0.780164  0.715467  0.857836  0.715372  0.550360  0.515933  0.699408 
12  0.573486  0.636338  0.964049  0.828482  0.894420  0.801709  0.302875  0.563346  0.363070  0.517198  0.649768  0.467563 0.0  0.414346  0.428000  0.862592  0.888654  0.599947  0.448281  0.573255  0.828748  0.812727  0.762503  0.864456  0.524208  0.551158  0.945084  0.603533  0.841905  0.849674  0.860575  0.470789  0.653218  0.811060  0.729938  0.573754  0.630458  0.845591  0.781097  0.784421  0.582112  0.523524  0.656160  0.784283  0.497970  0.809450  0.624704  0.739658  0.778476  0.516869  0.525649  0.532139  0.636719  0.653410  0.823647  0.611164  0.700847  0.731577  0.278264  0.180265  0.696477 
13  0.558563  0.685678  0.844021  0.750152  0.826851  0.758838  0.435903  0.500930  0.388214  0.443351  0.443710  0.545989  0.414346 0.0  0.514842  0.829085  0.827290  0.592746  0.493870  0.382248  0.747464  0.791925  0.723989  0.835046  0.614712  0.653639  0.822794  0.523590  0.846681  0.879663  0.887252  0.570326  0.730091  0.829607  0.846764  0.447416  0.602225  0.803614  0.761124  0.622698  0.583678  0.437110  0.582461  0.774561  0.471354  0.763027  0.463143  0.770699  0.955333  0.535934  0.445956  0.586322  0.576659  0.760057  0.831319  0.706509  0.812520  0.842448  0.420392  0.420790  0.751036 
14  0.644531  0.718282  0.855333  0.820973  1.000000  0.861830  0.551777  0.704686  0.462509  0.558325  0.519403  0.529455  0.428000  0.514842 0.0  0.714084  0.891883  0.558135  0.393591  0.554984  0.812630  0.781345  0.717520  0.825826  0.553454  0.559906  0.853073  0.600482  0.813717  0.915667  0.792183  0.475768  0.686440  0.788181  0.772053  0.596554  0.546284  0.686305  0.702878  0.784152  0.588150  0.583763  0.619503  0.801711  0.606528  0.830525  0.598645  0.839622  0.807249  0.685766  0.604304  0.639579  0.574364  0.698277  0.774891  0.709760  0.752711  0.624489  0.388521  0.352622  0.712942 
15  0.780203  0.624823  0.664246  0.535521  0.572940  0.570684  0.800204  0.838118  0.822321  0.746498  0.805796  0.824008  0.862592  0.829085  0.714084 0.0  0.422952  0.780908  0.892349  0.872467  0.541374  0.487593  0.635168  0.567908  0.686933  0.702387  0.499204  0.776591  0.529784  0.394829  0.538906  0.768016  0.704896  0.465717  0.445484  0.802163  0.901274  0.553196  0.527492  0.473042  0.782856  0.784107  0.753643  0.474318  0.803199  0.449552  0.840396  0.504446  0.608009  0.747922  0.746674  0.725859  0.850483  0.664255  0.569031  0.656139  0.424090  0.546460  0.751599  0.806690  0.705566 
16  0.838864  0.699241  0.500259  0.528921  0.447382  0.558304  0.727159  0.725654  0.773301  0.835264  0.727242  0.801311  0.888654  0.827290  0.891883  0.422952 0.0  0.835289  0.849867  0.866393  0.432599  0.674550  0.627067  0.388037  0.717245  0.802995  0.417360  0.702296  0.351897  0.426633  0.367062  0.781430  0.656079  0.434676  0.467336  0.642725  0.840626  0.481576  0.673276  0.581390  0.699494  0.833632  0.735604  0.519264  0.822843  0.309486  0.810808  0.480495  0.668278  0.779078  0.750394  0.796470  0.751357  0.678399  0.548404  0.755261  0.349073  0.483062  0.814879  0.844998  0.600505 
17  0.638128  0.634463  0.839503  0.784814  0.930717  0.733514  0.628082  0.637814  0.597873  0.617595  0.714233  0.574917  0.599947  0.592746  0.558135  0.780908  0.835289 0.0  0.612033  0.721915  0.836906  0.744333  0.727205  0.819473  0.640278  0.698206  0.934552  0.743027  0.753703  0.851423  0.821842  0.510957  0.774603  0.889672  0.798491  0.646559  0.700562  0.817806  0.740175  0.834309  0.684550  0.600332  0.703989  0.905766  0.662256  0.904751  0.582175  0.848682  0.852164  0.636102  0.527312  0.693396  0.524718  0.743726  0.857658  0.748899  0.723525  0.696924  0.656151  0.664750  0.837599 
18  0.663351  0.693499  0.860837  0.848623  0.769467  0.717230  0.377891  0.529805  0.339989  0.571932  0.488963  0.563829  0.448281  0.493870  0.393591  0.892349  0.849867  0.612033 0.0  0.613215  0.850171  0.722830  0.771425  0.893460  0.586779  0.536323  0.969697  0.692274  0.936440  0.806451  0.899882  0.399850  0.752290  0.789530  0.885792  0.616816  0.508686  0.783596  0.742144  0.785153  0.658217  0.462414  0.787295  0.817395  0.699274  0.797355  0.627227  0.736044  0.895103  0.678528  0.653829  0.575297  0.553450  0.864392  0.809925  0.617798  0.791479  0.799430  0.352237  0.279866  0.751814 
19  0.355649  0.755584  0.787637  0.825047  0.838715  0.811879  0.504148  0.490609  0.610948  0.497044  0.400586  0.543707  0.573255  0.382248  0.554984  0.872467  0.866393  0.721915  0.613215 0.0  0.763669  0.781926  0.550831  0.731675  0.582545  0.555375  0.797555  0.443825  0.837687  0.760091  0.839515  0.711195  0.709039  0.853357  0.836750  0.534005  0.470795  0.776348  0.791433  0.819925  0.521288  0.286245  0.733060  0.795723  0.409139  0.703639  0.332606  0.722992  0.850083  0.670394  0.399586  0.338119  0.536322  0.676871  0.811194  0.490500  0.781892  0.669406  0.517433  0.606280  0.626988 
20  0.721387  0.603779  0.650253  0.491566  0.598906  0.119447  0.743382  0.793639  0.817781  0.787585  0.719644  0.842530  0.828748  0.747464  0.812630  0.541374  0.432599  0.836906  0.850171  0.763669 0.0  0.339461  0.697666  0.328316  0.573235  0.758382  0.554861  0.776659  0.549475  0.548753  0.563147  0.709312  0.668871  0.526377  0.302139  0.641198  0.882986  0.300871  0.477661  0.400224  0.745127  0.722681  0.667495  0.466438  0.681552  0.390466  0.663672  0.382197  0.681433  0.736996  0.844956  0.811183  0.891512  0.433989  0.323705  0.678026  0.526774  0.305395  0.834558  0.761292  0.651792 
21  0.781976  0.595307  0.629252  0.544583  0.526405  0.376538  0.893376  0.824980  0.803046  0.718702  0.691384  0.739362  0.812727  0.791925  0.781345  0.487593  0.674550  0.744333  0.722830  0.781926  0.339461 0.0  0.562755  0.529296  0.681156  0.741664  0.705766  0.695095  0.668559  0.715072  0.495608  0.793207  0.590374  0.533108  0.356543  0.822738  0.734641  0.274324  0.608977  0.389076  0.692286  0.768136  0.738761  0.142823  0.694283  0.548436  0.671635  0.263316  0.655232  0.759795  0.760996  0.744092  0.864912  0.305981  0.228639  0.724543  0.582920  0.000000  0.699559  0.761648  0.676980 
22  0.672534  0.319053  0.708387  0.711478  0.738265  0.776751  0.712519  0.594743  0.585432  0.746655  0.602024  0.721938  0.762503  0.723989  0.717520  0.635168  0.627067  0.727205  0.771425  0.550831  0.697666  0.562755 0.0  0.674019  0.740323  0.718762  0.762822  0.572035  0.804859  0.609921  0.730643  0.649620  0.511022  0.693637  0.568574  0.675941  0.653746  0.635153  0.462263  0.560765  0.666642  0.665559  0.734158  0.672577  0.638307  0.646213  0.606849  0.570743  0.733860  0.682167  0.726517  0.699376  0.676268  0.495863  0.719120  0.474373  0.727756  0.701685  0.780505  0.750936  0.377021 
23  0.748246  0.669580  0.607434  0.492378  0.414356  0.367417  0.841743  0.756797  0.720577  0.802607  0.786670  0.868054  0.864456  0.835046  0.825826  0.567908  0.388037  0.819473  0.893460  0.731675  0.328316  0.529296  0.674019 0.0  0.754035  0.797523  0.560054  0.733922  0.548484  0.568310  0.408685  0.817241  0.711329  0.451408  0.342921  0.811817  0.837652  0.508045  0.671793  0.542733  0.845504  0.790877  0.686603  0.575211  0.780603  0.364185  0.663097  0.589378  0.677918  0.822911  0.723956  0.776087  0.677977  0.511953  0.398084  0.827310  0.434246  0.432545  0.757875  0.821673  0.660888 
24  0.669442  0.624272  0.754659  0.863125  0.727381  0.738066  0.508586  0.569777  0.570513  0.581776  0.581829  0.420416  0.524208  0.614712  0.553454  0.686933  0.717245  0.640278  0.586779  0.582545  0.573235  0.681156  0.740323  0.754035 0.0  0.319058  0.815297  0.564355  0.866671  0.818703  0.745449  0.532472  0.632423  0.729921  0.816521  0.384712  0.722591  0.650700  0.728484  0.744690  0.491553  0.633713  0.520027  0.732953  0.412887  0.660474  0.493432  0.614904  0.814187  0.616751  0.325249  0.625276  0.379256  0.797790  0.758441  0.570971  0.761855  0.761472  0.671995  0.660334  0.590383 
25  0.481700  0.689518  0.881048  0.727381  0.849288  0.676658  0.680046  0.574348  0.569690  0.652619  0.418955  0.458395  0.551158  0.653639  0.559906  0.702387  0.802995  0.698206  0.536323  0.555375  0.758382  0.741664  0.718762  0.797523  0.319058 0.0  0.808619  0.539553  0.793407  0.766809  0.745938  0.593445  0.600320  0.789664  0.689892  0.367369  0.714184  0.608060  0.749670  0.701466  0.504983  0.520979  0.479532  0.699697  0.496595  0.693669  0.591470  0.798051  0.812081  0.622741  0.452646  0.585848  0.419053  0.723137  0.800738  0.375063  0.760151  0.756866  0.552694  0.531920  0.650226 
26  0.743209  0.737214  0.603800  0.582440  0.479713  0.613291  0.861212  0.908547  0.875729  0.819661  0.865853  0.854862  0.945084  0.822794  0.853073  0.499204  0.417360  0.934552  0.969697  0.797555  0.554861  0.705766  0.762822  0.560054  0.815297  0.808619 0.0  0.823615  0.546692  0.218818  0.591650  0.780323  0.744293  0.496714  0.555516  0.816056  0.802354  0.673191  0.706794  0.739377  0.842267  0.917136  0.828564  0.531765  0.722117  0.501492  0.832657  0.648366  0.509621  0.841246  0.793590  0.857869  0.899485  0.526786  0.557323  0.772817  0.551104  0.584270  0.868008  0.785319  0.646817 
27  0.062407  0.549580  0.788502  0.757476  0.754441  0.758935  0.609352  0.162899  0.640498  0.504474  0.506075  0.606184  0.603533  0.523590  0.600482  0.776591  0.702296  0.743027  0.692274  0.443825  0.776659  0.695095  0.572035  0.733922  0.564355  0.539553  0.823615 0.0  0.819254  0.789690  0.787555  0.604899  0.577321  0.729021  0.769918  0.448299  0.734154  0.651248  0.777452  0.681872  0.454775  0.500941  0.619281  0.805472  0.345164  0.836913  0.417951  0.713243  0.879437  0.557176  0.514969  0.529635  0.662604  0.704935  0.740230  0.533049  0.705706  0.650631  0.698307  0.558487  0.516009 
28  0.848318  0.700565  0.406255  0.390913  0.267700  0.544258  0.883619  0.730422  0.863483  0.860483  0.726415  0.900484  0.841905  0.846681  0.813717  0.529784  0.351897  0.753703  0.936440  0.837687  0.549475  0.668559  0.804859  0.548484  0.866671  0.793407  0.546692  0.819254 0.0  0.511065  0.380391  0.790843  0.793869  0.303121  0.500453  0.655035  0.927797  0.609660  0.755688  0.593273  0.716233  0.777092  0.790925  0.576672  0.799839  0.454322  0.831362  0.600783  0.739341  0.887170  0.830499  0.794088  0.722780  0.574566  0.609129  0.802926  0.593109  0.642484  0.902552  0.788269  0.750178 
29  0.801264  0.589550  0.597545  0.534091  0.591987  0.602820  0.835046  0.783923  0.841923  0.748816  0.799697  0.740505  0.849674  0.879663  0.915667  0.394829  0.426633  0.851423  0.806451  0.760091  0.548753  0.715072  0.609921  0.568310  0.818703  0.766809  0.218818  0.789690  0.511065 0.0  0.572701  0.664661  0.683162  0.467808  0.555498  0.783609  0.903429  0.612678  0.612519  0.500080  0.736266  0.961703  0.862100  0.654864  0.663748  0.585371  0.839688  0.610711  0.556064  0.769941  0.790226  0.659597  0.887203  0.694528  0.546344  0.746151  0.539228  0.702537  0.848274  0.888247  0.738242 
30  0.804996  0.827001  0.495094  0.445927  0.224585  0.569793  0.824069  0.632987  0.892655  0.901089  0.769818  0.775385  0.860575  0.887252  0.792183  0.538906  0.367062  0.821842  0.899882  0.839515  0.563147  0.495608  0.730643  0.408685  0.745449  0.745938  0.591650  0.787555  0.380391  0.572701 0.0  0.734028  0.824492  0.421367  0.590782  0.643791  0.818959  0.516405  0.583714  0.519748  0.701642  0.767940  0.720070  0.573277  0.690486  0.397714  0.982581  0.565045  0.592576  0.744097  0.799274  0.806184  0.839687  0.596418  0.471082  0.727084  0.598165  0.511904  0.789689  0.825687  0.682108 
31  0.679404  0.756410  0.781948  0.775581  0.678215  0.671261  0.627598  0.650280  0.435504  0.628120  0.587578  0.452859  0.470789  0.570326  0.475768  0.768016  0.781430  0.510957  0.399850  0.711195  0.709312  0.793207  0.649620  0.817241  0.532472  0.593445  0.780323  0.604899  0.790843  0.664661  0.734028 0.0  0.600997  0.753009  0.851634  0.432821  0.590967  0.801371  0.715019  0.806568  0.663736  0.538438  0.640765  0.742634  0.538390  0.776255  0.563904  0.764804  0.925719  0.664089  0.350449  0.599957  0.351463  0.712635  0.720331  0.623824  0.803483  0.671110  0.514508  0.507732  0.820588 
32  0.548018  0.363912  0.791175  0.658221  0.768685  0.674369  0.673321  0.561147  0.777907  0.711818  0.670273  0.666771  0.653218  0.730091  0.686440  0.704896  0.656079  0.774603  0.752290  0.709039  0.668871  0.590374  0.511022  0.711329  0.632423  0.600320  0.744293  0.577321  0.793869  0.683162  0.824492  0.600997 0.0  0.749234  0.646113  0.595621  0.742918  0.686479  0.612312  0.623454  0.535235  0.602491  0.569321  0.609195  0.611974  0.602430  0.553969  0.579900  0.775958  0.671359  0.615988  0.627605  0.640148  0.652258  0.603237  0.460236  0.677174  0.569267  0.810547  0.646846  0.353333 
33  0.695716  0.698790  0.434809  0.451859  0.428721  0.513400  0.837913  0.756087  0.869571  0.834492  0.766997  0.794594  0.811060  0.829607  0.788181  0.465717  0.434676  0.889672  0.789530  0.853357  0.526377  0.533108  0.693637  0.451408  0.729921  0.789664  0.496714  0.729021  0.303121  0.467808  0.421367  0.753009  0.749234 0.0  0.598337  0.817992  0.861176  0.525089  0.708127  0.610107  0.769655  0.897193  0.748268  0.522036  0.814682  0.611884  0.754013  0.655929  0.559371  0.878319  0.699454  0.753123  0.854650  0.599908  0.493482  0.858253  0.534999  0.591839  0.745388  0.944717  0.746107 
34  0.717181  0.725781  0.688843  0.617227  0.592821  0.371154  0.846990  0.698286  0.787481  0.834624  0.808184  0.813744  0.729938  0.846764  0.772053  0.445484  0.467336  0.798491  0.885792  0.836750  0.302139  0.356543  0.568574  0.342921  0.816521  0.689892  0.555516  0.769918  0.500453  0.555498  0.590782  0.851634  0.646113  0.598337 0.0  0.677685  0.780179  0.285851  0.585404  0.330928  0.726015  0.838948  0.713787  0.495787  0.695690  0.435349  0.736143  0.416830  0.729785  0.730396  0.860052  0.707893  0.746036  0.580041  0.312941  0.743102  0.497219  0.437533  0.850355  0.759889  0.742371 
35  0.602629  0.684007  0.842727  0.844598  0.788088  0.722709  0.513876  0.493656  0.669117  0.448775  0.460336  0.459837  0.573754  0.447416  0.596554  0.802163  0.642725  0.646559  0.616816  0.534005  0.641198  0.822738  0.675941  0.811817  0.384712  0.367369  0.816056  0.448299  0.655035  0.783609  0.643791  0.432821  0.595621  0.817992  0.677685 0.0  0.576279  0.716640  0.647264  0.759779  0.415117  0.520762  0.546191  0.687989  0.498162  0.762109  0.549836  0.678165  0.769033  0.587650  0.304157  0.601773  0.453140  0.715721  0.731578  0.465172  0.745107  0.812550  0.513606  0.549284  0.597238 
36  0.672825  0.725679  0.872972  0.933654  0.842775  0.756341  0.409641  0.639007  0.566017  0.463143  0.586089  0.595972  0.630458  0.602225  0.546284  0.901274  0.840626  0.700562  0.508686  0.470795  0.882986  0.734641  0.653746  0.837652  0.722591  0.714184  0.802354  0.734154  0.927797  0.903429  0.818959  0.590967  0.742918  0.861176  0.780179  0.576279 0.0  0.903501  0.776997  0.850192  0.759135  0.655999  0.709542  0.827029  0.745456  0.894004  0.572208  0.850525  0.823520  0.226345  0.563919  0.557113  0.579651  0.890479  0.791038  0.696866  0.724926  0.867917  0.581778  0.518147  0.815456 
37  0.843720  0.624265  0.603264  0.547920  0.611842  0.270174  0.766356  0.877118  0.743562  0.814360  0.802828  0.674708  0.845591  0.803614  0.686305  0.553196  0.481576  0.817806  0.783596  0.776348  0.300871  0.274324  0.635153  0.508045  0.650700  0.608060  0.673191  0.651248  0.609660  0.612678  0.516405  0.801371  0.686479  0.525089  0.285851  0.716640  0.903501 0.0  0.580958  0.369416  0.776898  0.725690  0.660735  0.015298  0.750944  0.543126  0.758754  0.256870  0.838203  0.861762  0.691191  0.807061  0.787316  0.261072  0.190599  0.725322  0.503956  0.241163  0.795707  0.789960  0.706397 
38  0.818809  0.594743  0.759636  0.716284  0.690558  0.496662  0.716054  0.781514  0.853619  0.675995  0.639589  0.808794  0.781097  0.761124  0.702878  0.527492  0.673276  0.740175  0.742144  0.791433  0.477661  0.608977  0.462263  0.671793  0.728484  0.749670  0.706794  0.777452  0.755688  0.612519  0.583714  0.715019  0.612312  0.708127  0.585404  0.647264  0.776997  0.580958 0.0  0.477410  0.709167  0.651824  0.724578  0.629634  0.682886  0.605356  0.715906  0.698939  0.675996  0.793228  0.595123  0.697646  0.714164  0.589136  0.631869  0.691281  0.514553  0.545752  0.784287  0.640739  0.612660 
39  0.772907  0.713093  0.597482  0.732974  0.536345  0.528863  0.897229  0.702977  0.782274  0.822802  0.763771  0.784956  0.784421  0.622698  0.784152  0.473042  0.581390  0.834309  0.785153  0.819925  0.400224  0.389076  0.560765  0.542733  0.744690  0.701466  0.739377  0.681872  0.593273  0.500080  0.519748  0.806568  0.623454  0.610107  0.330928  0.759779  0.850192  0.369416  0.477410 0.0  0.718378  0.791314  0.624760  0.348098  0.710295  0.421971  0.626116  0.368386  0.645477  0.799528  0.778556  0.806406  0.823337  0.414667  0.416526  0.715897  0.455652  0.426783  0.789851  0.763938  0.755044 
40  0.341779  0.611538  0.887848  0.719148  0.802630  0.730029  0.629521  0.321295  0.664853  0.585259  0.479955  0.645065  0.582112  0.583678  0.588150  0.782856  0.699494  0.684550  0.658217  0.521288  0.745127  0.692286  0.666642  0.845504  0.491553  0.504983  0.842267  0.454775  0.716233  0.736266  0.701642  0.663736  0.535235  0.769655  0.726015  0.415117  0.759135  0.776898  0.709167  0.718378 0.0  0.605865  0.535909  0.778505  0.383329  0.733017  0.415476  0.715393  0.871970  0.673468  0.523501  0.537069  0.671784  0.689927  0.725692  0.526708  0.744005  0.708172  0.669883  0.593816  0.559062 
41  0.465212  0.550964  0.876502  0.728635  0.824398  0.693637  0.463726  0.660084  0.527163  0.421058  0.379389  0.503176  0.523524  0.437110  0.583763  0.784107  0.833632  0.600332  0.462414  0.286245  0.722681  0.768136  0.665559  0.790877  0.633713  0.520979  0.917136  0.500941  0.777092  0.961703  0.767940  0.538438  0.602491  0.897193  0.838948  0.520762  0.655999  0.725690  0.651824  0.791314  0.605865 0.0  0.679084  0.798256  0.429277  0.774829  0.367080  0.772242  0.812584  0.603265  0.398057  0.442119  0.577724  0.820694  0.784481  0.637558  0.688782  0.797339  0.414020  0.422325  0.718087 
42  0.577673  0.543512  0.835847  0.667261  0.616294  0.744588  0.672509  0.609599  0.692730  0.729073  0.574313  0.615412  0.656160  0.582461  0.619503  0.753643  0.735604  0.703989  0.787295  0.733060  0.667495  0.738761  0.734158  0.686603  0.520027  0.479532  0.828564  0.619281  0.790925  0.862100  0.720070  0.640765  0.569321  0.748268  0.713787  0.546191  0.709542  0.660735  0.724578  0.624760  0.535909  0.679084 0.0  0.651639  0.563707  0.786625  0.569307  0.656991  0.812107  0.763073  0.537879  0.612063  0.553319  0.703389  0.742531  0.429641  0.847284  0.641219  0.650308  0.691716  0.656941 
43  0.713917  0.595103  0.546229  0.650871  0.605695  0.287568  0.924193  0.636818  0.788317  0.722658  0.796247  0.743282  0.784283  0.774561  0.801711  0.474318  0.519264  0.905766  0.817395  0.795723  0.466438  0.142823  0.672577  0.575211  0.732953  0.699697  0.531765  0.805472  0.576672  0.654864  0.573277  0.742634  0.609195  0.522036  0.495787  0.687989  0.827029  0.015298  0.629634  0.348098  0.778505  0.798256  0.651639 0.0  0.804476  0.422158  0.781164  0.272484  0.654684  0.714424  0.802843  0.786048  0.741022  0.262620  0.000000  0.641077  0.544412  0.239533  0.820811  0.808431  0.634318 
44  0.301259  0.788113  0.782497  0.836812  0.847603  0.866136  0.592402  0.319549  0.653601  0.585131  0.408125  0.590571  0.497970  0.471354  0.606528  0.803199  0.822843  0.662256  0.699274  0.409139  0.681552  0.694283  0.638307  0.780603  0.412887  0.496595  0.722117  0.345164  0.799839  0.663748  0.690486  0.538390  0.611974  0.814682  0.695690  0.498162  0.745456  0.750944  0.682886  0.710295  0.383329  0.429277  0.563707  0.804476 0.0  0.710278  0.473675  0.840815  0.854740  0.602520  0.477662  0.474691  0.553563  0.721611  0.785037  0.403454  0.770347  0.817574  0.574959  0.639126  0.502356 
45  0.736160  0.641142  0.560557  0.606299  0.477477  0.386716  0.823659  0.785500  0.837417  0.790568  0.811563  0.850870  0.809450  0.763027  0.830525  0.449552  0.309486  0.904751  0.797355  0.703639  0.390466  0.548436  0.646213  0.364185  0.660474  0.693669  0.501492  0.836913  0.454322  0.585371  0.397714  0.776255  0.602430  0.611884  0.435349  0.762109  0.894004  0.543126  0.605356  0.421971  0.733017  0.774829  0.786625  0.422158  0.710278 0.0  0.798757  0.475958  0.730639  0.960411  0.709992  0.715454  0.812865  0.530687  0.389778  0.618467  0.350787  0.406390  0.743008  0.758204  0.673958 
46  0.371322  0.562283  0.715686  0.719076  0.825530  0.704746  0.655435  0.450678  0.566781  0.431622  0.387190  0.511186  0.624704  0.463143  0.598645  0.840396  0.810808  0.582175  0.627227  0.332606  0.663672  0.671635  0.606849  0.663097  0.493432  0.591470  0.832657  0.417951  0.831362  0.839688  0.982581  0.563904  0.553969  0.754013  0.736143  0.549836  0.572208  0.758754  0.715906  0.626116  0.415476  0.367080  0.569307  0.781164  0.473675  0.798757 0.0  0.689465  0.756373  0.516032  0.407114  0.495153  0.530706  0.675587  0.744206  0.538012  0.829669  0.827931  0.629441  0.581458  0.690323 
47  0.669770  0.664555  0.570005  0.608448  0.502189  0.166901  0.739113  0.816553  0.770040  0.772225  0.692994  0.703913  0.739658  0.770699  0.839622  0.504446  0.480495  0.848682  0.736044  0.722992  0.382197  0.263316  0.570743  0.589378  0.614904  0.798051  0.648366  0.713243  0.600783  0.610711  0.565045  0.764804  0.579900  0.655929  0.416830  0.678165  0.850525  0.256870  0.698939  0.368386  0.715393  0.772242  0.656991  0.272484  0.840815  0.475958  0.689465 0.0  0.731076  0.687714  0.685170  0.759532  0.848791  0.407971  0.351599  0.770835  0.652406  0.237004  0.864670  0.701062  0.683759 
48  0.818267  0.823820  0.656108  0.609940  0.550658  0.674930  0.857106  0.819119  0.811350  0.835549  0.885535  0.767795  0.778476  0.955333  0.807249  0.608009  0.668278  0.852164  0.895103  0.850083  0.681433  0.655232  0.733860  0.677918  0.814187  0.812081  0.509621  0.879437  0.739341  0.556064  0.592576  0.925719  0.775958  0.559371  0.729785  0.769033  0.823520  0.838203  0.675996  0.645477  0.871970  0.812584  0.812107  0.654684  0.854740  0.730639  0.756373  0.731076 0.0  0.851117  0.729379  0.781956  0.801241  0.712418  0.616430  0.852192  0.664067  0.670732  0.823429  0.879488  0.800984 
49  0.611785  0.752614  0.887324  0.857219  0.860438  0.718593  0.437708  0.682517  0.521110  0.397180  0.635167  0.688869  0.516869  0.535934  0.685766  0.747922  0.779078  0.636102  0.678528  0.670394  0.736996  0.759795  0.682167  0.822911  0.616751  0.622741  0.841246  0.557176  0.887170  0.769941  0.744097  0.664089  0.671359  0.878319  0.730396  0.587650  0.226345  0.861762  0.793228  0.799528  0.673468  0.603265  0.763073  0.714424  0.602520  0.960411  0.516032  0.687714  0.851117 0.0  0.685513  0.500073  0.659658  0.829837  0.861262  0.657869  0.897895  0.836614  0.542591  0.563495  0.609380 
50  0.605416  0.633974  0.759081  0.833345  0.806985  0.786862  0.537174  0.486360  0.448125  0.469132  0.219828  0.342541  0.525649  0.445956  0.604304  0.746674  0.750394  0.527312  0.653829  0.399586  0.844956  0.760996  0.726517  0.723956  0.325249  0.452646  0.793590  0.514969  0.830499  0.790226  0.799274  0.350449  0.615988  0.699454  0.860052  0.304157  0.563919  0.691191  0.595123  0.778556  0.523501  0.398057  0.537879  0.802843  0.477662  0.709992  0.407114  0.685170  0.729379  0.685513 0.0  0.478848  0.562760  0.780629  0.792537  0.601182  0.750579  0.691116  0.545835  0.582110  0.584508 
51  0.474555  0.579498  0.872463  0.883349  0.811245  0.763689  0.549148  0.492405  0.551811  0.493736  0.599982  0.551636  0.532139  0.586322  0.639579  0.725859  0.796470  0.693396  0.575297  0.338119  0.811183  0.744092  0.699376  0.776087  0.625276  0.585848  0.857869  0.529635  0.794088  0.659597  0.806184  0.599957  0.627605  0.753123  0.707893  0.601773  0.557113  0.807061  0.697646  0.806406  0.537069  0.442119  0.612063  0.786048  0.474691  0.715454  0.495153  0.759532  0.781956  0.500073  0.478848 0.0  0.489306  0.820957  0.854238  0.622854  0.756177  0.781032  0.591657  0.641269  0.432170 
52  0.520933  0.735215  0.682004  0.805553  0.744313  0.879401  0.596625  0.514829  0.596728  0.541849  0.463200  0.295989  0.636719  0.576659  0.574364  0.850483  0.751357  0.524718  0.553450  0.536322  0.891512  0.864912  0.676268  0.677977  0.379256  0.419053  0.899485  0.662604  0.722780  0.887203  0.839687  0.351463  0.640148  0.854650  0.746036  0.453140  0.579651  0.787316  0.714164  0.823337  0.671784  0.577724  0.553319  0.741022  0.553563  0.812865  0.530706  0.848791  0.801241  0.659658  0.562760  0.489306 0.0  0.761981  0.871082  0.548488  0.831724  0.765560  0.493490  0.649043  0.624119 
53  0.769025  0.597303  0.647948  0.592910  0.663676  0.339098  0.847450  0.865671  0.844098  0.792754  0.792219  0.815588  0.653410  0.760057  0.698277  0.664255  0.678399  0.743726  0.864392  0.676871  0.433989  0.305981  0.495863  0.511953  0.797790  0.723137  0.526786  0.704935  0.574566  0.694528  0.596418  0.712635  0.652258  0.599908  0.580041  0.715721  0.890479  0.261072  0.589136  0.414667  0.689927  0.820694  0.703389  0.262620  0.721611  0.530687  0.675587  0.407971  0.712418  0.829837  0.780629  0.820957  0.761981 0.0  0.325459  0.750718  0.589430  0.275766  0.774266  0.719357  0.633279 
54  0.720006  0.590099  0.701502  0.650357  0.528086  0.351668  0.813194  0.691798  0.813589  0.745440  0.776960  0.780164  0.823647  0.831319  0.774891  0.569031  0.548404  0.857658  0.809925  0.811194  0.323705  0.228639  0.719120  0.398084  0.758441  0.800738  0.557323  0.740230  0.609129  0.546344  0.471082  0.720331  0.603237  0.493482  0.312941  0.731578  0.791038  0.190599  0.631869  0.416526  0.725692  0.784481  0.742531  0.000000  0.785037  0.389778  0.744206  0.351599  0.616430  0.861262  0.792537  0.854238  0.871082  0.325459 0.0  0.617700  0.471635  0.181290  0.834350  0.849302  0.817261 
55  0.569056  0.560022  0.721568  0.795695  0.706115  0.615687  0.735783  0.503457  0.696377  0.649009  0.587614  0.715467  0.611164  0.706509  0.709760  0.656139  0.755261  0.748899  0.617798  0.490500  0.678026  0.724543  0.474373  0.827310  0.570971  0.375063  0.772817  0.533049  0.802926  0.746151  0.727084  0.623824  0.460236  0.858253  0.743102  0.465172  0.696866  0.725322  0.691281  0.715897  0.526708  0.637558  0.429641  0.641077  0.403454  0.618467  0.538012  0.770835  0.852192  0.657869  0.601182  0.622854  0.548488  0.750718  0.617700 0.0  0.662787  0.746415  0.678898  0.642751  0.647029 
56  0.691975  0.607668  0.733153  0.645012  0.545433  0.491105  0.789563  0.871734  0.888164  0.798830  0.722249  0.857836  0.700847  0.812520  0.752711  0.424090  0.349073  0.723525  0.791479  0.781892  0.526774  0.582920  0.727756  0.434246  0.761855  0.760151  0.551104  0.705706  0.593109  0.539228  0.598165  0.803483  0.677174  0.534999  0.497219  0.745107  0.724926  0.503956  0.514553  0.455652  0.744005  0.688782  0.847284  0.544412  0.770347  0.350787  0.829669  0.652406  0.664067  0.897895  0.750579  0.756177  0.831724  0.589430  0.471635  0.662787 0.0  0.513862  0.791300  0.827945  0.740023 
57  0.764079  0.710443  0.720485  0.625473  0.585486  0.434195  0.768259  0.832331  0.788708  0.816387  0.764485  0.715372  0.731577  0.842448  0.624489  0.546460  0.483062  0.696924  0.799430  0.669406  0.305395  0.000000  0.701685  0.432545  0.761472  0.756866  0.584270  0.650631  0.642484  0.702537  0.511904  0.671110  0.569267  0.591839  0.437533  0.812550  0.867917  0.241163  0.545752  0.426783  0.708172  0.797339  0.641219  0.239533  0.817574  0.406390  0.827931  0.237004  0.670732  0.836614  0.691116  0.781032  0.765560  0.275766  0.181290  0.746415  0.513862 0.0  0.769229  0.890069  0.664249 
58  0.753840  0.686301  0.748726  0.851038  0.788683  0.793050  0.471310  0.719390  0.312089  0.514464  0.464324  0.550360  0.278264  0.420392  0.388521  0.751599  0.814879  0.656151  0.352237  0.517433  0.834558  0.699559  0.780505  0.757875  0.671995  0.552694  0.868008  0.698307  0.902552  0.848274  0.789689  0.514508  0.810547  0.745388  0.850355  0.513606  0.581778  0.795707  0.784287  0.789851  0.669883  0.414020  0.650308  0.820811  0.574959  0.743008  0.629441  0.864670  0.823429  0.542591  0.545835  0.591657  0.493490  0.774266  0.834350  0.678898  0.791300  0.769229 0.0  0.091360  0.686815 
59  0.534942  0.640137  0.923979  0.850032  0.852592  0.750514  0.341512  0.619053  0.295338  0.536483  0.537939  0.515933  0.180265  0.420790  0.352622  0.806690  0.844998  0.664750  0.279866  0.606280  0.761292  0.761648  0.750936  0.821673  0.660334  0.531920  0.785319  0.558487  0.788269  0.888247  0.825687  0.507732  0.646846  0.944717  0.759889  0.549284  0.518147  0.789960  0.640739  0.763938  0.593816  0.422325  0.691716  0.808431  0.639126  0.758204  0.581458  0.701062  0.879488  0.563495  0.582110  0.641269  0.649043  0.719357  0.849302  0.642751  0.827945  0.890069  0.091360 0.0  0.746516 
60  0.584398  0.199841  0.711099  0.808643  0.707730  0.682140  0.746891  0.491146  0.687898  0.616923  0.656659  0.699408  0.696477  0.751036  0.712942  0.705566  0.600505  0.837599  0.751814  0.626988  0.651792  0.676980  0.377021  0.660888  0.590383  0.650226  0.646817  0.516009  0.750178  0.738242  0.682108  0.820588  0.353333  0.746107  0.742371  0.597238  0.815456  0.706397  0.612660  0.755044  0.559062  0.718087  0.656941  0.634318  0.502356  0.673958  0.690323  0.683759  0.800984  0.609380  0.584508  0.432170  0.624119  0.633279  0.817261  0.647029  0.740023  0.664249  0.686815  0.746516 0.0 
