61
0 0.0  0.577309  0.820296  0.801145  0.713344  0.765875  0.583015  0.355763  0.727963  0.540928  0.504279  0.580476  0.591737  0.525099  0.628940  0.651132  0.827556  0.579688  0.658644  0.332078  0.763838  0.619332  0.628673  0.725813  0.519429  0.527976  0.750489  0.118891  0.821105  0.754318  0.703607  0.575470  0.733875  0.737572  0.683986  0.428961  0.689918  0.631935  0.686348  0.719849  0.451590  0.403779  0.572710  0.693057  0.231185  0.717357  0.435329  0.757802  0.759797  0.645010  0.528047  0.442001  0.703232  0.676852  0.721762  0.558224  0.687605  0.754818  0.687380  0.564972  0.604722 
1  0.577309 0.0  0.779934  0.767431  0.762174  0.624766  0.684097  0.542714  0.572468  0.696914  0.610519  0.690254  0.630252  0.556500  0.687926  0.732981  0.644188  0.711895  0.715152  0.700972  0.610453  0.586770  0.277404  0.656311  0.652716  0.625208  0.786471  0.557360  0.716347  0.685128  0.762986  0.626946  0.352953  0.753997  0.715160  0.619940  0.788567  0.654002  0.457115  0.531607  0.576014  0.601529  0.602355  0.627617  0.593242  0.584759  0.630373  0.645249  0.796405  0.665407  0.658226  0.729583  0.730717  0.645092  0.577539  0.542483  0.583263  0.526064  0.727402  0.709887  0.253577 
2  0.820296  0.779934 0.0  0.264286  0.413583  0.530620  0.774877  0.824657  0.717336  0.753339  0.827661  0.699714  0.768446  0.784397  0.797845  0.619613  0.485916  0.854489  0.744485  0.794173  0.535909  0.575334  0.757582  0.644989  0.789844  0.793414  0.727687  0.751711  0.433899  0.475989  0.480149  0.790889  0.694562  0.512166  0.569667  0.776651  0.825492  0.644838  0.652195  0.517978  0.726731  0.907155  0.811659  0.584010  0.734389  0.557695  0.913823  0.564954  0.545037  0.835951  0.823205  0.720689  0.810870  0.594475  0.553138  0.804412  0.546544  0.576160  0.926534  0.929921  0.756035 
3  0.801145  0.767431  0.264286 0.0  0.476145  0.554352  0.853300  0.621634  0.825553  0.850230  0.761290  0.783442  0.779017  0.806333  0.734806  0.576351  0.473510  0.798666  0.778928  0.712841  0.415606  0.587000  0.768874  0.624515  0.835186  0.732487  0.594076  0.780016  0.210666  0.532972  0.481569  0.770839  0.716554  0.356704  0.616919  0.779246  0.847503  0.570945  0.656677  0.570744  0.900520  0.772892  0.750375  0.524866  0.805710  0.492610  0.795850  0.551487  0.631319  0.816947  0.803287  0.787617  0.877408  0.692741  0.656241  0.742967  0.622944  0.741194  0.786801  0.764859  0.691629 
4  0.713344  0.762174  0.413583  0.476145 0.0  0.441757  0.736468  0.744704  0.802429  0.750312  0.811377  0.824604  0.779173  0.880815  0.798337  0.491151  0.417512  0.821025  0.779497  0.726397  0.380258  0.600527  0.647575  0.312541  0.794042  0.777184  0.466754  0.647602  0.287230  0.492873  0.192301  0.734496  0.705790  0.368833  0.552591  0.801098  1.000000  0.622745  0.532579  0.658679  0.721265  0.705673  0.751082  0.537137  0.786340  0.421548  0.789660  0.511352  0.583337  0.739527  0.793933  0.729164  0.850274  0.636729  0.558422  0.791492  0.503713  0.579497  0.855685  0.936360  0.659094 
5  0.765875  0.624766  0.530620  0.554352  0.441757 0.0  0.776989  0.787462  0.802827  0.828786  0.779663  0.675641  0.764481  0.771006  0.860441  0.573743  0.544964  0.759318  0.834836  0.851264  0.119054  0.246672  0.631789  0.386148  0.654649  0.687547  0.674640  0.665376  0.486275  0.633431  0.493372  0.791195  0.642588  0.630415  0.362088  0.647154  0.832497  0.350252  0.688454  0.443436  0.801416  0.725095  0.742591  0.373115  0.730817  0.454395  0.655566  0.256596  0.638914  0.787835  0.699358  0.653326  0.820129  0.314741  0.321454  0.620575  0.482376  0.311133  0.738844  0.827667  0.653010 
6  0.583015  0.684097  0.774877  0.853300  0.736468  0.776989 0.0  0.673757  0.281037  0.451996  0.517152  0.517038  0.362481  0.485392  0.533419  0.781260  0.907346  0.583033  0.427383  0.477842  0.787653  0.804558  0.674268  0.805074  0.671155  0.590851  0.741552  0.603647  0.889021  0.791204  0.907006  0.548843  0.787189  0.842675  0.870045  0.612184  0.472828  0.822721  0.683097  0.691024  0.589715  0.475873  0.589304  0.796100  0.625570  0.735600  0.694808  0.790190  0.819242  0.384500  0.499796  0.524586  0.504770  0.731283  0.705674  0.636305  0.766627  0.847652  0.398001  0.338966  0.693074 
7  0.355763  0.542714  0.824657  0.621634  0.744704  0.787462  0.673757 0.0  0.640839  0.696924  0.448731  0.501485  0.557195  0.529363  0.613520  0.724726  0.820617  0.811506  0.718589  0.285852  0.684314  0.724627  0.561771  0.821307  0.644264  0.486274  0.752908  0.295787  0.780165  0.737727  0.745822  0.643283  0.536755  0.781707  0.732286  0.439624  0.683570  0.683588  0.707417  0.658059  0.373653  0.645302  0.636423  0.663077  0.392331  0.721459  0.431022  0.750593  0.777975  0.665506  0.482448  0.607431  0.588548  0.724415  0.703284  0.564147  0.621892  0.749374  0.644983  0.656690  0.530022 
8  0.727963  0.572468  0.717336  0.825553  0.802429  0.802827  0.281037  0.640839 0.0  0.483662  0.560066  0.532168  0.323631  0.371413  0.374801  0.841960  0.819081  0.485471  0.260155  0.550048  0.743422  0.757336  0.574416  0.773252  0.540745  0.553584  0.852070  0.612493  0.794169  0.825098  0.851752  0.590969  0.780591  0.835760  0.691564  0.585725  0.536004  0.802633  0.758655  0.727438  0.737061  0.435716  0.638641  0.786710  0.523847  0.732119  0.547031  0.749965  0.796577  0.510425  0.493394  0.559821  0.613643  0.694567  0.778363  0.536097  0.815735  0.862870  0.275564  0.248874  0.640139 
9  0.540928  0.696914  0.753339  0.850230  0.750312  0.828786  0.451996  0.696924  0.483662 0.0  0.464433  0.600980  0.403652  0.411600  0.556467  0.772038  0.800451  0.792717  0.543131  0.430891  0.673193  0.771747  0.694568  0.812034  0.496435  0.633981  0.852496  0.569468  0.794825  0.916750  0.731164  0.689985  0.591024  0.791097  0.778744  0.559073  0.445305  0.780955  0.670805  0.813722  0.567692  0.438982  0.682643  0.742055  0.408586  0.836337  0.464981  0.736868  0.846673  0.373213  0.449520  0.411550  0.739970  0.805055  0.775382  0.449407  0.840802  0.710620  0.649075  0.472540  0.571914 
10  0.504279  0.610519  0.827661  0.761290  0.811377  0.779663  0.517152  0.448731  0.560066  0.464433 0.0  0.477883  0.532072  0.413076  0.487437  0.775527  0.765523  0.636471  0.540615  0.432535  0.874917  0.709711  0.537219  0.776575  0.454456  0.436518  0.831867  0.507887  0.695384  0.831141  0.817855  0.396259  0.628751  0.815020  0.813025  0.385521  0.551183  0.742452  0.682321  0.706509  0.422844  0.314590  0.656389  0.729799  0.464502  0.722597  0.241671  0.762729  0.841991  0.498645  0.269568  0.525249  0.470748  0.706245  0.646751  0.456833  0.790588  0.740468  0.527935  0.524111  0.675671 
11  0.580476  0.690254  0.699714  0.783442  0.824604  0.675641  0.517038  0.501485  0.532168  0.600980  0.477883 0.0  0.354970  0.459599  0.514174  0.868426  0.785888  0.615452  0.591251  0.470126  0.725080  0.728100  0.647966  0.760695  0.426176  0.441648  0.781934  0.541494  0.819210  0.822636  0.848634  0.397348  0.611881  0.856284  0.758009  0.527292  0.655116  0.751193  0.769798  0.854127  0.388887  0.480375  0.501511  0.814809  0.523773  0.748391  0.543857  0.766887  0.782293  0.500755  0.341017  0.484146  0.326801  0.667872  0.815288  0.532150  0.722532  0.696272  0.464762  0.481409  0.658694 
12  0.591737  0.630252  0.768446  0.779017  0.779173  0.764481  0.362481  0.557195  0.323631  0.403652  0.532072  0.354970 0.0  0.428493  0.370860  0.804151  0.886698  0.595077  0.432775  0.593717  0.778473  0.776299  0.704876  0.822477  0.481952  0.524864  0.842472  0.597272  0.764207  0.710425  0.713477  0.541679  0.705085  0.762335  0.936543  0.440633  0.482618  0.741934  0.792841  0.716130  0.561245  0.332589  0.554388  0.716862  0.657716  0.784024  0.568436  0.824676  0.689793  0.582027  0.502672  0.471800  0.594745  0.763053  0.721386  0.627669  0.774932  0.727283  0.298413  0.158227  0.615797 
13  0.525099  0.556500  0.784397  0.806333  0.880815  0.771006  0.485392  0.529363  0.371413  0.411600  0.413076  0.459599  0.428493 0.0  0.501465  0.813754  0.773686  0.672125  0.478543  0.447007  0.861381  0.689685  0.681459  0.760026  0.547445  0.476793  0.876569  0.588203  0.831401  0.759714  0.743577  0.648093  0.691172  0.808783  0.821426  0.448854  0.439261  0.789015  0.703390  0.698617  0.518960  0.399829  0.600248  0.748087  0.528458  0.873571  0.460228  0.740127  0.829164  0.522966  0.400039  0.498911  0.626158  0.856396  0.771232  0.621186  0.696671  0.832512  0.447256  0.394893  0.749946 
14  0.628940  0.687926  0.797845  0.734806  0.798337  0.860441  0.533419  0.613520  0.374801  0.556467  0.487437  0.514174  0.370860  0.501465 0.0  0.778299  0.796273  0.502725  0.334237  0.603724  0.802360  0.765779  0.696059  0.803792  0.575395  0.530164  0.768570  0.555825  0.759562  0.788175  0.804392  0.461636  0.665916  0.763527  0.739504  0.642053  0.528393  0.803195  0.832874  0.834025  0.670977  0.539137  0.594952  0.702020  0.614483  0.780425  0.585290  0.735143  0.817068  0.636004  0.474797  0.511178  0.586162  0.865512  0.732962  0.690981  0.814402  0.720319  0.262475  0.337619  0.725256 
15  0.651132  0.732981  0.619613  0.576351  0.491151  0.573743  0.781260  0.724726  0.841960  0.772038  0.775527  0.868426  0.804151  0.813754  0.778299 0.0  0.309350  0.832369  0.811649  0.695847  0.562924  0.483502  0.618148  0.540931  0.692869  0.767915  0.421853  0.753364  0.684393  0.429523  0.512286  0.866999  0.642566  0.496377  0.409878  0.780067  0.763185  0.593627  0.708921  0.495646  0.787602  0.693142  0.699845  0.440219  0.652457  0.381651  0.759384  0.499950  0.603643  0.697921  0.701952  0.733856  0.674530  0.652849  0.453696  0.783416  0.315916  0.599686  0.787102  0.833308  0.615250 
16  0.827556  0.644188  0.485916  0.473510  0.417512  0.544964  0.907346  0.820617  0.819081  0.800451  0.765523  0.785888  0.886698  0.773686  0.796273  0.309350 0.0  0.770652  0.866933  0.741418  0.464721  0.550889  0.613959  0.425473  0.779229  0.682031  0.476973  0.692714  0.487479  0.369625  0.449404  0.875515  0.682880  0.470338  0.448251  0.773242  0.970235  0.409480  0.588396  0.476053  0.921793  0.781816  0.656999  0.526258  0.797563  0.344262  0.700690  0.513149  0.658270  0.696753  0.803047  0.737920  0.724344  0.520230  0.572902  0.800974  0.426702  0.467416  0.841704  0.793637  0.782969 
17  0.579688  0.711895  0.854489  0.798666  0.821025  0.759318  0.583033  0.811506  0.485471  0.792717  0.636471  0.615452  0.595077  0.672125  0.502725  0.832369  0.770652 0.0  0.589434  0.608100  0.745075  0.751174  0.777146  0.773930  0.662473  0.711407  0.763781  0.704590  0.910392  0.718552  0.743242  0.455637  0.690770  0.757650  0.758355  0.606600  0.630891  0.833266  0.850273  0.819239  0.618512  0.643567  0.552223  0.827133  0.618977  0.884688  0.668476  0.683451  0.809882  0.682487  0.581591  0.699825  0.435163  0.781967  0.913405  0.833532  0.755903  0.736460  0.553251  0.583542  0.862208 
18  0.658644  0.715152  0.744485  0.778928  0.779497  0.834836  0.427383  0.718589  0.260155  0.543131  0.540615  0.591251  0.432775  0.478543  0.334237  0.811649  0.866933  0.589434 0.0  0.572480  0.828130  0.821091  0.760125  0.833374  0.703497  0.576186  0.787053  0.622659  0.878523  0.849324  0.890745  0.515944  0.699121  0.771296  0.858223  0.652472  0.535065  0.877728  0.776696  0.858173  0.598534  0.621611  0.756691  0.790556  0.526112  0.738823  0.575801  0.828844  0.814666  0.604101  0.498543  0.643614  0.566603  0.666605  0.796252  0.532967  0.765567  0.786789  0.352559  0.323293  0.609685 
19  0.332078  0.700972  0.794173  0.712841  0.726397  0.851264  0.477842  0.285852  0.550048  0.430891  0.432535  0.470126  0.593717  0.447007  0.603724  0.695847  0.741418  0.608100  0.572480 0.0  0.778785  0.715449  0.718910  0.672322  0.547098  0.595132  0.683499  0.388371  0.728755  0.790895  0.840148  0.627530  0.654379  0.815948  0.806249  0.482050  0.575345  0.792216  0.693462  0.720746  0.384026  0.371519  0.656683  0.776717  0.398450  0.804121  0.293172  0.802610  0.834408  0.618800  0.502430  0.296571  0.670893  0.802531  0.712892  0.445681  0.713239  0.636136  0.595529  0.508472  0.666327 
20  0.763838  0.610453  0.535909  0.415606  0.380258  0.119054  0.787653  0.684314  0.743422  0.673193  0.874917  0.725080  0.778473  0.861381  0.802360  0.562924  0.464721  0.745075  0.828130  0.778785 0.0  0.347711  0.611188  0.244136  0.797538  0.765637  0.622288  0.795715  0.652787  0.608855  0.402410  0.779699  0.622134  0.588289  0.232508  0.764345  0.816022  0.372891  0.680954  0.485544  0.657097  0.816381  0.629110  0.415501  0.726345  0.414905  0.846052  0.317527  0.689760  0.727457  0.677388  0.786304  0.731241  0.417120  0.345890  0.676598  0.491734  0.330236  0.781309  0.739033  0.595093 
21  0.619332  0.586770  0.575334  0.587000  0.600527  0.246672  0.804558  0.724627  0.757336  0.771747  0.709711  0.728100  0.776299  0.689685  0.765779  0.483502  0.550889  0.751174  0.821091  0.715449  0.347711 0.0  0.607137  0.399260  0.735587  0.661179  0.625178  0.736529  0.517412  0.506960  0.605693  0.588228  0.586419  0.721425  0.390392  0.672252  0.769946  0.114159  0.561933  0.407679  0.739603  0.775214  0.649108  0.131502  0.622938  0.474772  0.746870  0.212218  0.613443  0.846134  0.734324  0.823138  0.644383  0.272250  0.260811  0.682928  0.473922  0.000000  0.747375  0.736800  0.665202 
22  0.628673  0.277404  0.757582  0.768874  0.647575  0.631789  0.674268  0.561771  0.574416  0.694568  0.537219  0.647966  0.704876  0.681459  0.696059  0.618148  0.613959  0.777146  0.760125  0.718910  0.611188  0.607137 0.0  0.663237  0.627613  0.577435  0.740034  0.631024  0.688843  0.696754  0.740376  0.687676  0.518252  0.700561  0.636852  0.639905  0.739121  0.582450  0.498606  0.588980  0.450607  0.669691  0.608292  0.605084  0.512157  0.643698  0.623957  0.586461  0.815996  0.696854  0.705349  0.577008  0.627186  0.557050  0.686044  0.653905  0.606688  0.576063  0.816393  0.765353  0.304852 
23  0.725813  0.656311  0.644989  0.624515  0.312541  0.386148  0.805074  0.821307  0.773252  0.812034  0.776575  0.760695  0.822477  0.760026  0.803792  0.540931  0.425473  0.773930  0.833374  0.672322  0.244136  0.399260  0.663237 0.0  0.725639  0.739189  0.480119  0.776525  0.441124  0.584584  0.364912  0.785631  0.692151  0.526518  0.432006  0.712518  0.928067  0.478812  0.732764  0.421399  0.768395  0.783595  0.655280  0.355947  0.799203  0.353186  0.784661  0.414411  0.591568  0.817957  0.753616  0.755494  0.758423  0.536222  0.407732  0.756500  0.482040  0.559275  0.881538  0.795373  0.713545 
24  0.519429  0.652716  0.789844  0.835186  0.794042  0.654649  0.671155  0.644264  0.540745  0.496435  0.454456  0.426176  0.481952  0.547445  0.575395  0.692869  0.779229  0.662473  0.703497  0.547098  0.797538  0.735587  0.627613  0.725639 0.0  0.272646  0.753485  0.538816  0.738098  0.784817  0.825364  0.474993  0.599592  0.814416  0.773137  0.307853  0.621239  0.780341  0.641772  0.798930  0.530388  0.542811  0.507524  0.736149  0.475611  0.749150  0.490436  0.763273  0.821566  0.713445  0.530090  0.566661  0.386355  0.676612  0.693684  0.448716  0.730380  0.732902  0.581592  0.607046  0.603847 
25  0.527976  0.625208  0.793414  0.732487  0.777184  0.687547  0.590851  0.486274  0.553584  0.633981  0.436518  0.441648  0.524864  0.476793  0.530164  0.767915  0.682031  0.711407  0.576186  0.595132  0.765637  0.661179  0.577435  0.739189  0.272646 0.0  0.740839  0.633595  0.745419  0.790173  0.677681  0.537396  0.625771  0.823754  0.680403  0.366205  0.650330  0.752146  0.577750  0.719755  0.486232  0.566094  0.416430  0.759694  0.519745  0.673275  0.604588  0.753318  0.823460  0.791739  0.390996  0.596383  0.391260  0.652925  0.707384  0.432877  0.853440  0.666156  0.636336  0.486016  0.692762 
26  0.750489  0.786471  0.727687  0.594076  0.466754  0.674640  0.741552  0.752908  0.852070  0.852496  0.831867  0.781934  0.842472  0.876569  0.768570  0.421853  0.476973  0.763781  0.787053  0.683499  0.622288  0.625178  0.740034  0.480119  0.753485  0.740839 0.0  0.814986  0.410816  0.279022  0.523249  0.758370  0.651838  0.394730  0.466451  0.768449  0.795064  0.667601  0.692562  0.702873  0.750428  0.957154  0.651351  0.496407  0.823413  0.512054  0.776433  0.614369  0.495209  0.740804  0.858936  0.801708  0.655811  0.614165  0.673949  0.661024  0.487541  0.667652  0.881151  0.856691  0.741534 
27  0.118891  0.557360  0.751711  0.780016  0.647602  0.665376  0.603647  0.295787  0.612493  0.569468  0.507887  0.541494  0.597272  0.588203  0.555825  0.753364  0.692714  0.704590  0.622659  0.388371  0.795715  0.736529  0.631024  0.776525  0.538816  0.633595  0.814986 0.0  0.739087  0.767023  0.823656  0.577264  0.602638  0.707487  0.708863  0.535324  0.604649  0.655120  0.676820  0.764185  0.366235  0.424656  0.597753  0.749610  0.265514  0.666989  0.437450  0.690884  0.810378  0.537389  0.568198  0.507624  0.639588  0.709591  0.693841  0.454536  0.771840  0.647343  0.662622  0.732878  0.501480 
28  0.821105  0.716347  0.433899  0.210666  0.287230  0.486275  0.889021  0.780165  0.794169  0.794825  0.695384  0.819210  0.764207  0.831401  0.759562  0.684393  0.487479  0.910392  0.878523  0.728755  0.652787  0.517412  0.688843  0.441124  0.738098  0.745419  0.410816  0.739087 0.0  0.439525  0.385932  0.793802  0.637396  0.238251  0.521817  0.649260  0.951687  0.718787  0.652346  0.643623  0.751042  0.793221  0.740517  0.572306  0.855227  0.496232  0.698910  0.671734  0.611240  0.804058  0.783186  0.889017  0.706059  0.722782  0.577758  0.733879  0.575194  0.540624  0.806452  0.916088  0.734495 
29  0.754318  0.685128  0.475989  0.532972  0.492873  0.633431  0.791204  0.737727  0.825098  0.916750  0.831141  0.822636  0.710425  0.759714  0.788175  0.429523  0.369625  0.718552  0.849324  0.790895  0.608855  0.506960  0.696754  0.584584  0.784817  0.790173  0.279022  0.767023  0.439525 0.0  0.488918  0.816889  0.695753  0.487418  0.451499  0.720191  0.807335  0.535176  0.634943  0.564122  0.767789  0.770258  0.734776  0.540129  0.774064  0.478095  0.784587  0.575047  0.637072  0.925543  0.767924  0.818981  0.850944  0.627094  0.626500  0.755139  0.488092  0.501306  0.862837  0.863814  0.674452 
30  0.703607  0.762986  0.480149  0.481569  0.192301  0.493372  0.907006  0.745822  0.851752  0.731164  0.817855  0.848634  0.713477  0.743577  0.804392  0.512286  0.449404  0.743242  0.890745  0.840148  0.402410  0.605693  0.740376  0.364912  0.825364  0.677681  0.523249  0.823656  0.385932  0.488918 0.0  0.768727  0.750472  0.538634  0.435722  0.857018  0.757418  0.635954  0.613597  0.636096  0.764506  0.772203  0.738285  0.485999  0.827711  0.475093  0.908452  0.562037  0.595271  0.843353  0.752004  0.816439  0.761814  0.604447  0.517369  0.784639  0.616665  0.559199  0.822197  0.798893  0.631575 
31  0.575470  0.626946  0.790889  0.770839  0.734496  0.791195  0.548843  0.643283  0.590969  0.689985  0.396259  0.397348  0.541679  0.648093  0.461636  0.866999  0.875515  0.455637  0.515944  0.627530  0.779699  0.588228  0.687676  0.785631  0.474993  0.537396  0.758370  0.577264  0.793802  0.816889  0.768727 0.0  0.670927  0.862283  0.778350  0.589904  0.663661  0.770377  0.812098  0.741510  0.604916  0.568587  0.608137  0.712722  0.452262  0.770529  0.541200  0.818661  0.785173  0.781631  0.604404  0.662214  0.305504  0.775502  0.721334  0.512055  0.756984  0.841116  0.550400  0.477068  0.585737 
32  0.733875  0.352953  0.694562  0.716554  0.705790  0.642588  0.787189  0.536755  0.780591  0.591024  0.628751  0.611881  0.705085  0.691172  0.665916  0.642566  0.682880  0.690770  0.699121  0.654379  0.622134  0.586419  0.518252  0.692151  0.599592  0.625771  0.651838  0.602638  0.637396  0.695753  0.750472  0.670927 0.0  0.762739  0.630041  0.566988  0.716781  0.617803  0.518522  0.601441  0.432999  0.701316  0.548458  0.646519  0.617443  0.723948  0.613772  0.597109  0.684960  0.671290  0.566238  0.623216  0.601694  0.663558  0.738069  0.558984  0.603545  0.693199  0.715142  0.670781  0.487924 
33  0.737572  0.753997  0.512166  0.356704  0.368833  0.630415  0.842675  0.781707  0.835760  0.791097  0.815020  0.856284  0.762335  0.808783  0.763527  0.496377  0.470338  0.757650  0.771296  0.815948  0.588289  0.721425  0.700561  0.526518  0.814416  0.823754  0.394730  0.707487  0.238251  0.487418  0.538634  0.862283  0.762739 0.0  0.506836  0.878446  0.863290  0.683991  0.735565  0.572823  0.731066  0.802979  0.705306  0.546873  0.761848  0.430565  0.733560  0.560091  0.613482  0.905369  0.803991  0.826329  0.812562  0.595728  0.633821  0.846616  0.562675  0.726986  0.803696  0.870424  0.769878 
34  0.683986  0.715160  0.569667  0.616919  0.552591  0.362088  0.870045  0.732286  0.691564  0.778744  0.813025  0.758009  0.936543  0.821426  0.739504  0.409878  0.448251  0.758355  0.858223  0.806249  0.232508  0.390392  0.636852  0.432006  0.773137  0.680403  0.466451  0.708863  0.521817  0.451499  0.435722  0.778350  0.630041  0.506836 0.0  0.710590  0.842286  0.419235  0.579022  0.473762  0.730911  0.731379  0.687359  0.399956  0.680936  0.235079  0.758047  0.496306  0.675935  0.766812  0.736324  0.799211  0.778975  0.432280  0.292586  0.645676  0.440359  0.445455  0.836053  0.788534  0.663911 
35  0.428961  0.619940  0.776651  0.779246  0.801098  0.647154  0.612184  0.439624  0.585725  0.559073  0.385521  0.527292  0.440633  0.448854  0.642053  0.780067  0.773242  0.606600  0.652472  0.482050  0.764345  0.672252  0.639905  0.712518  0.307853  0.366205  0.768449  0.535324  0.649260  0.720191  0.857018  0.589904  0.566988  0.878446  0.710590 0.0  0.637785  0.717909  0.666469  0.646910  0.389131  0.432140  0.549572  0.737183  0.470246  0.748653  0.518439  0.730041  0.785099  0.679309  0.327214  0.463232  0.439543  0.685056  0.679460  0.420900  0.753121  0.792064  0.648950  0.499751  0.586242 
36  0.689918  0.788567  0.825492  0.847503  1.000000  0.832497  0.472828  0.683570  0.536004  0.445305  0.551183  0.655116  0.482618  0.439261  0.528393  0.763185  0.970235  0.630891  0.535065  0.575345  0.816022  0.769946  0.739121  0.928067  0.621239  0.650330  0.795064  0.604649  0.951687  0.807335  0.757418  0.663661  0.716781  0.863290  0.842286  0.637785 0.0  0.766102  0.760427  0.840060  0.703873  0.517937  0.650025  0.766334  0.515255  0.821044  0.577066  0.853670  0.830650  0.276908  0.570224  0.473537  0.603605  0.807229  0.902136  0.628405  0.714381  0.834839  0.515020  0.548222  0.731243 
37  0.631935  0.654002  0.644838  0.570945  0.622745  0.350252  0.822721  0.683588  0.802633  0.780955  0.742452  0.751193  0.741934  0.789015  0.803195  0.593627  0.409480  0.833266  0.877728  0.792216  0.372891  0.114159  0.582450  0.478812  0.780341  0.752146  0.667601  0.655120  0.718787  0.535176  0.635954  0.770377  0.617803  0.683991  0.419235  0.717909  0.766102 0.0  0.450035  0.348611  0.722054  0.719500  0.630263  0.049214  0.730186  0.411915  0.683658  0.216395  0.597284  0.811578  0.674808  0.756824  0.650954  0.198961  0.150984  0.683871  0.460276  0.235625  0.824968  0.848353  0.541969 
38  0.686348  0.457115  0.652195  0.656677  0.532579  0.688454  0.683097  0.707417  0.758655  0.670805  0.682321  0.769798  0.792841  0.703390  0.832874  0.708921  0.588396  0.850273  0.776696  0.693462  0.680954  0.561933  0.498606  0.732764  0.641772  0.577750  0.692562  0.676820  0.652346  0.634943  0.613597  0.812098  0.518522  0.735565  0.579022  0.666469  0.760427  0.450035 0.0  0.616817  0.683470  0.705109  0.668957  0.574672  0.682089  0.544619  0.725026  0.548057  0.671837  0.748807  0.676532  0.655526  0.726921  0.583387  0.620098  0.609940  0.584193  0.544315  0.729318  0.737201  0.537888 
39  0.719849  0.531607  0.517978  0.570744  0.658679  0.443436  0.691024  0.658059  0.727438  0.813722  0.706509  0.854127  0.716130  0.698617  0.834025  0.495646  0.476053  0.819239  0.858173  0.720746  0.485544  0.407679  0.588980  0.421399  0.798930  0.719755  0.702873  0.764185  0.643623  0.564122  0.636096  0.741510  0.601441  0.572823  0.473762  0.646910  0.840060  0.348611  0.616817 0.0  0.740947  0.858128  0.654047  0.559571  0.749213  0.445873  0.746303  0.385867  0.654867  0.794300  0.785254  0.729343  0.748151  0.503399  0.284520  0.621782  0.455127  0.276297  0.816338  0.776712  0.560366 
40  0.451590  0.576014  0.726731  0.900520  0.721265  0.801416  0.589715  0.373653  0.737061  0.567692  0.422844  0.388887  0.561245  0.518960  0.670977  0.787602  0.921793  0.618512  0.598534  0.384026  0.657097  0.739603  0.450607  0.768395  0.530388  0.486232  0.750428  0.366235  0.751042  0.767789  0.764506  0.604916  0.432999  0.731066  0.730911  0.389131  0.703873  0.722054  0.683470  0.740947 0.0  0.420170  0.534225  0.781308  0.370840  0.675525  0.447666  0.714832  0.786454  0.603832  0.414067  0.516597  0.530470  0.719802  0.715621  0.387733  0.714250  0.598403  0.729003  0.589388  0.456329 
41  0.403779  0.601529  0.907155  0.772892  0.705673  0.725095  0.475873  0.645302  0.435716  0.438982  0.314590  0.480375  0.332589  0.399829  0.539137  0.693142  0.781816  0.643567  0.621611  0.371519  0.816381  0.775214  0.669691  0.783595  0.542811  0.566094  0.957154  0.424656  0.793221  0.770258  0.772203  0.568587  0.701316  0.802979  0.731379  0.432140  0.517937  0.719500  0.705109  0.858128  0.420170 0.0  0.571758  0.670461  0.323079  0.763494  0.361093  0.946296  0.820108  0.468685  0.440871  0.369165  0.685125  0.757712  0.702428  0.651832  0.684262  0.640058  0.517847  0.525958  0.527900 
42  0.572710  0.602355  0.811659  0.750375  0.751082  0.742591  0.589304  0.636423  0.638641  0.682643  0.656389  0.501511  0.554388  0.600248  0.594952  0.699845  0.656999  0.552223  0.756691  0.656683  0.629110  0.649108  0.608292  0.655280  0.507524  0.416430  0.651351  0.597753  0.740517  0.734776  0.738285  0.608137  0.548458  0.705306  0.687359  0.549572  0.650025  0.630263  0.668957  0.654047  0.534225  0.571758 0.0  0.580191  0.531732  0.758228  0.498102  0.575252  0.674290  0.763669  0.544351  0.630386  0.565495  0.647322  0.614806  0.426046  0.781813  0.674384  0.534074  0.490256  0.512467 
43  0.693057  0.627617  0.584010  0.524866  0.537137  0.373115  0.796100  0.663077  0.786710  0.742055  0.729799  0.814809  0.716862  0.748087  0.702020  0.440219  0.526258  0.827133  0.790556  0.776717  0.415501  0.131502  0.605084  0.355947  0.736149  0.759694  0.496407  0.749610  0.572306  0.540129  0.485999  0.712722  0.646519  0.546873  0.399956  0.737183  0.766334  0.049214  0.574672  0.559571  0.781308  0.670461  0.580191 0.0  0.729049  0.472649  0.771817  0.227205  0.651861  0.775662  0.686736  0.775984  0.760194  0.375554  0.139542  0.793784  0.521435  0.167883  0.635478  0.855125  0.581406 
44  0.231185  0.593242  0.734389  0.805710  0.786340  0.730817  0.625570  0.392331  0.523847  0.408586  0.464502  0.523773  0.657716  0.528458  0.614483  0.652457  0.797563  0.618977  0.526112  0.398450  0.726345  0.622938  0.512157  0.799203  0.475611  0.519745  0.823413  0.265514  0.855227  0.774064  0.827711  0.452262  0.617443  0.761848  0.680936  0.470246  0.515255  0.730186  0.682089  0.749213  0.370840  0.323079  0.531732  0.729049 0.0  0.684158  0.293973  0.755716  0.733255  0.520435  0.506495  0.401527  0.569194  0.703751  0.811481  0.513586  0.613115  0.739229  0.471266  0.552491  0.490467 
45  0.717357  0.584759  0.557695  0.492610  0.421548  0.454395  0.735600  0.721459  0.732119  0.836337  0.722597  0.748391  0.784024  0.873571  0.780425  0.381651  0.344262  0.884688  0.738823  0.804121  0.414905  0.474772  0.643698  0.353186  0.749150  0.673275  0.512054  0.666989  0.496232  0.478095  0.475093  0.770529  0.723948  0.430565  0.235079  0.748653  0.821044  0.411915  0.544619  0.445873  0.675525  0.763494  0.758228  0.472649  0.684158 0.0  0.785374  0.452178  0.550106  0.787513  0.812280  0.801209  0.737027  0.593351  0.371501  0.733242  0.420042  0.494646  0.704688  0.851684  0.631882 
46  0.435329  0.630373  0.913823  0.795850  0.789660  0.655566  0.694808  0.431022  0.547031  0.464981  0.241671  0.543857  0.568436  0.460228  0.585290  0.759384  0.700690  0.668476  0.575801  0.293172  0.846052  0.746870  0.623957  0.784661  0.490436  0.604588  0.776433  0.437450  0.698910  0.784587  0.908452  0.541200  0.613772  0.733560  0.758047  0.518439  0.577066  0.683658  0.725026  0.746303  0.447666  0.361093  0.498102  0.771817  0.293973  0.785374 0.0  0.720130  0.905875  0.498508  0.352015  0.406597  0.586301  0.706709  0.809514  0.515256  0.718814  0.779085  0.563080  0.517929  0.675112 
47  0.757802  0.645249  0.564954  0.551487  0.511352  0.256596  0.790190  0.750593  0.749965  0.736868  0.762729  0.766887  0.824676  0.740127  0.735143  0.499950  0.513149  0.683451  0.828844  0.802610  0.317527  0.212218  0.586461  0.414411  0.763273  0.753318  0.614369  0.690884  0.671734  0.575047  0.562037  0.818661  0.597109  0.560091  0.496306  0.730041  0.853670  0.216395  0.548057  0.385867  0.714832  0.946296  0.575252  0.227205  0.755716  0.452178  0.720130 0.0  0.666265  0.685253  0.763163  0.681859  0.733945  0.381955  0.165295  0.729601  0.452088  0.212621  0.816976  0.666994  0.763593 
48  0.759797  0.796405  0.545037  0.631319  0.583337  0.638914  0.819242  0.777975  0.796577  0.846673  0.841991  0.782293  0.689793  0.829164  0.817068  0.603643  0.658270  0.809882  0.814666  0.834408  0.689760  0.613443  0.815996  0.591568  0.821566  0.823460  0.495209  0.810378  0.611240  0.637072  0.595271  0.785173  0.684960  0.613482  0.675935  0.785099  0.830650  0.597284  0.671837  0.654867  0.786454  0.820108  0.674290  0.651861  0.733255  0.550106  0.905875  0.666265 0.0  0.766558  0.830163  0.868218  0.843867  0.695068  0.746771  0.754273  0.642398  0.651846  0.840274  0.845446  0.749387 
49  0.645010  0.665407  0.835951  0.816947  0.739527  0.787835  0.384500  0.665506  0.510425  0.373213  0.498645  0.500755  0.582027  0.522966  0.636004  0.697921  0.696753  0.682487  0.604101  0.618800  0.727457  0.846134  0.696854  0.817957  0.713445  0.791739  0.740804  0.537389  0.804058  0.925543  0.843353  0.781631  0.671290  0.905369  0.766812  0.679309  0.276908  0.811578  0.748807  0.794300  0.603832  0.468685  0.763669  0.775662  0.520435  0.787513  0.498508  0.685253  0.766558 0.0  0.540301  0.415656  0.638996  0.720380  0.730589  0.637108  0.830266  0.726962  0.552027  0.567781  0.708688 
50  0.528047  0.658226  0.823205  0.803287  0.793933  0.699358  0.499796  0.482448  0.493394  0.449520  0.269568  0.341017  0.502672  0.400039  0.474797  0.701952  0.803047  0.581591  0.498543  0.502430  0.677388  0.734324  0.705349  0.753616  0.530090  0.390996  0.858936  0.568198  0.783186  0.767924  0.752004  0.604404  0.566238  0.803991  0.736324  0.327214  0.570224  0.674808  0.676532  0.785254  0.414067  0.440871  0.544351  0.686736  0.506495  0.812280  0.352015  0.763163  0.830163  0.540301 0.0  0.600367  0.523911  0.679044  0.663012  0.607910  0.848117  0.790306  0.548356  0.447402  0.576275 
51  0.442001  0.729583  0.720689  0.787617  0.729164  0.653326  0.524586  0.607431  0.559821  0.411550  0.525249  0.484146  0.471800  0.498911  0.511178  0.733856  0.737920  0.699825  0.643614  0.296571  0.786304  0.823138  0.577008  0.755494  0.566661  0.596383  0.801708  0.507624  0.889017  0.818981  0.816439  0.662214  0.623216  0.826329  0.799211  0.463232  0.473537  0.756824  0.655526  0.729343  0.516597  0.369165  0.630386  0.775984  0.401527  0.801209  0.406597  0.681859  0.868218  0.415656  0.600367 0.0  0.566075  0.819021  0.690869  0.534226  0.775210  0.780165  0.559055  0.619031  0.638785 
52  0.703232  0.730717  0.810870  0.877408  0.850274  0.820129  0.504770  0.588548  0.613643  0.739970  0.470748  0.326801  0.594745  0.626158  0.586162  0.674530  0.724344  0.435163  0.566603  0.670893  0.731241  0.644383  0.627186  0.758423  0.386355  0.391260  0.655811  0.639588  0.706059  0.850944  0.761814  0.305504  0.601694  0.812562  0.778975  0.439543  0.603605  0.650954  0.726921  0.748151  0.530470  0.685125  0.565495  0.760194  0.569194  0.737027  0.586301  0.733945  0.843867  0.638996  0.523911  0.566075 0.0  0.645143  0.767560  0.579436  0.807088  0.683752  0.483947  0.531376  0.637836 
53  0.676852  0.645092  0.594475  0.692741  0.636729  0.314741  0.731283  0.724415  0.694567  0.805055  0.706245  0.667872  0.763053  0.856396  0.865512  0.652849  0.520230  0.781967  0.666605  0.802531  0.417120  0.272250  0.557050  0.536222  0.676612  0.652925  0.614165  0.709591  0.722782  0.627094  0.604447  0.775502  0.663558  0.595728  0.432280  0.685056  0.807229  0.198961  0.583387  0.503399  0.719802  0.757712  0.647322  0.375554  0.703751  0.593351  0.706709  0.381955  0.695068  0.720380  0.679044  0.819021  0.645143 0.0  0.373441  0.647534  0.527140  0.405074  0.779209  0.793643  0.637028 
54  0.721762  0.577539  0.553138  0.656241  0.558422  0.321454  0.705674  0.703284  0.778363  0.775382  0.646751  0.815288  0.721386  0.771232  0.732962  0.453696  0.572902  0.913405  0.796252  0.712892  0.345890  0.260811  0.686044  0.407732  0.693684  0.707384  0.673949  0.693841  0.577758  0.626500  0.517369  0.721334  0.738069  0.633821  0.292586  0.679460  0.902136  0.150984  0.620098  0.284520  0.715621  0.702428  0.614806  0.139542  0.811481  0.371501  0.809514  0.165295  0.746771  0.730589  0.663012  0.690869  0.767560  0.373441 0.0  0.658636  0.542707  0.314511  0.758414  0.735218  0.708200 
55  0.558224  0.542483  0.804412  0.742967  0.791492  0.620575  0.636305  0.564147  0.536097  0.449407  0.456833  0.532150  0.627669  0.621186  0.690981  0.783416  0.800974  0.833532  0.532967  0.445681  0.676598  0.682928  0.653905  0.756500  0.448716  0.432877  0.661024  0.454536  0.733879  0.755139  0.784639  0.512055  0.558984  0.846616  0.645676  0.420900  0.628405  0.683871  0.609940  0.621782  0.387733  0.651832  0.426046  0.793784  0.513586  0.733242  0.515256  0.729601  0.754273  0.637108  0.607910  0.534226  0.579436  0.647534  0.658636 0.0  0.703662  0.666816  0.536525  0.602015  0.489185 
56  0.687605  0.583263  0.546544  0.622944  0.503713  0.482376  0.766627  0.621892  0.815735  0.840802  0.790588  0.722532  0.774932  0.696671  0.814402  0.315916  0.426702  0.755903  0.765567  0.713239  0.491734  0.473922  0.606688  0.482040  0.730380  0.853440  0.487541  0.771840  0.575194  0.488092  0.616665  0.756984  0.603545  0.562675  0.440359  0.753121  0.714381  0.460276  0.584193  0.455127  0.714250  0.684262  0.781813  0.521435  0.613115  0.420042  0.718814  0.452088  0.642398  0.830266  0.848117  0.775210  0.807088  0.527140  0.542707  0.703662 0.0  0.563978  0.738897  0.802383  0.551543 
57  0.754818  0.526064  0.576160  0.741194  0.579497  0.311133  0.847652  0.749374  0.862870  0.710620  0.740468  0.696272  0.727283  0.832512  0.720319  0.599686  0.467416  0.736460  0.786789  0.636136  0.330236  0.000000  0.576063  0.559275  0.732902  0.666156  0.667652  0.647343  0.540624  0.501306  0.559199  0.841116  0.693199  0.726986  0.445455  0.792064  0.834839  0.235625  0.544315  0.276297  0.598403  0.640058  0.674384  0.167883  0.739229  0.494646  0.779085  0.212621  0.651846  0.726962  0.790306  0.780165  0.683752  0.405074  0.314511  0.666816  0.563978 0.0  0.765755  0.789984  0.524117 
58  0.687380  0.727402  0.926534  0.786801  0.855685  0.738844  0.398001  0.644983  0.275564  0.649075  0.527935  0.464762  0.298413  0.447256  0.262475  0.787102  0.841704  0.553251  0.352559  0.595529  0.781309  0.747375  0.816393  0.881538  0.581592  0.636336  0.881151  0.662622  0.806452  0.862837  0.822197  0.550400  0.715142  0.803696  0.836053  0.648950  0.515020  0.824968  0.729318  0.816338  0.729003  0.517847  0.534074  0.635478  0.471266  0.704688  0.563080  0.816976  0.840274  0.552027  0.548356  0.559055  0.483947  0.779209  0.758414  0.536525  0.738897  0.765755 0.0  0.160464  0.765076 
59  0.564972  0.709887  0.929921  0.764859  0.936360  0.827667  0.338966  0.656690  0.248874  0.472540  0.524111  0.481409  0.158227  0.394893  0.337619  0.833308  0.793637  0.583542  0.323293  0.508472  0.739033  0.736800  0.765353  0.795373  0.607046  0.486016  0.856691  0.732878  0.916088  0.863814  0.798893  0.477068  0.670781  0.870424  0.788534  0.499751  0.548222  0.848353  0.737201  0.776712  0.589388  0.525958  0.490256  0.855125  0.552491  0.851684  0.517929  0.666994  0.845446  0.567781  0.447402  0.619031  0.531376  0.793643  0.735218  0.602015  0.802383  0.789984  0.160464 0.0  0.757621 
60  0.604722  0.253577  0.756035  0.691629  0.659094  0.653010  0.693074  0.530022  0.640139  0.571914  0.675671  0.658694  0.615797  0.749946  0.725256  0.615250  0.782969  0.862208  0.609685  0.666327  0.595093  0.665202  0.304852  0.713545  0.603847  0.692762  0.741534  0.501480  0.734495  0.674452  0.631575  0.585737  0.487924  0.769878  0.663911  0.586242  0.731243  0.541969  0.537888  0.560366  0.456329  0.527900  0.512467  0.581406  0.490467  0.631882  0.675112  0.763593  0.749387  0.708688  0.576275  0.638785  0.637836  0.637028  0.708200  0.489185  0.551543  0.524117  0.765076  0.757621 0.0 
