61
0 0.0  0.625652  0.842508  0.779378  0.763005  0.829416  0.528246  0.345381  0.514800  0.584808  0.510641  0.606009  0.583893  0.662315  0.817867  0.683094  0.756071  0.703716  0.600571  0.451568  0.679345  0.753319  0.715238  0.809478  0.614089  0.560854  0.745960  0.162276  0.783824  0.804554  0.835726  0.617952  0.541484  0.872201  0.809063  0.496629  0.583814  0.725649  0.613474  0.581147  0.504548  0.446347  0.607885  0.828242  0.217362  0.803038  0.465613  0.790568  0.844830  0.611504  0.539818  0.553972  0.554760  0.720058  0.854310  0.657941  0.715332  0.708207  0.639846  0.571773  0.610403 
1  0.625652 0.0  0.678969  0.691567  0.842848  0.586975  0.666059  0.651169  0.754759  0.713672  0.732052  0.689877  0.734163  0.691049  0.793768  0.728542  0.860210  0.711223  0.730291  0.648199  0.671712  0.625578  0.114364  0.669009  0.782988  0.679549  0.679904  0.620021  0.776541  0.807260  0.731555  0.733254  0.381165  0.697272  0.634580  0.654556  0.748868  0.658582  0.461534  0.613128  0.604736  0.631441  0.494921  0.768500  0.626587  0.707757  0.683117  0.706271  0.845907  0.766382  0.686909  0.708173  0.639165  0.553507  0.694463  0.513537  0.743512  0.569979  0.696818  0.801727  0.205346 
2  0.842508  0.678969 0.0  0.290812  0.526765  0.512468  0.867266  0.749827  0.900925  0.926334  0.844389  0.828226  0.871647  0.763470  0.862126  0.615364  0.534932  0.718554  0.884321  0.754715  0.535923  0.658280  0.836175  0.623129  0.780635  0.805522  0.640966  0.694002  0.543252  0.567999  0.517113  0.836167  0.732852  0.453054  0.622799  0.826160  0.818103  0.662345  0.702827  0.653014  0.777160  0.884056  0.844416  0.663596  0.829676  0.582939  0.922926  0.677504  0.639495  0.876908  0.824936  0.837102  0.799387  0.743862  0.727785  0.792988  0.635028  0.584282  0.937083  0.905125  0.746943 
3  0.779378  0.691567  0.290812 0.0  0.382851  0.551748  0.811012  0.770974  0.848048  0.866467  0.873105  0.832714  0.901482  0.902113  0.907670  0.622440  0.626237  0.978834  0.839298  0.899100  0.565394  0.603305  0.717833  0.572614  0.860542  0.743139  0.498947  0.817972  0.382257  0.546987  0.503135  0.824160  0.786375  0.384801  0.545795  0.780380  0.887185  0.666273  0.753991  0.775909  0.790536  0.923032  0.806294  0.592370  0.836687  0.622316  0.827286  0.534621  0.689089  0.881216  0.803930  0.767285  0.809145  0.646311  0.715542  0.712164  0.634305  0.600737  0.868349  0.791863  0.765177 
4  0.763005  0.842848  0.526765  0.382851 0.0  0.527344  0.654780  0.777183  0.825426  0.844001  0.727787  0.800481  0.901927  0.858043  0.857937  0.388948  0.431843  0.856290  0.695492  0.827910  0.512682  0.576164  0.700176  0.366331  0.801606  0.787636  0.409965  0.790077  0.379630  0.465887  0.330897  0.854558  0.735033  0.520872  0.415030  0.850670  0.871533  0.646790  0.827478  0.596302  0.642792  0.747285  0.796108  0.584274  0.756620  0.442587  0.781419  0.523774  0.707546  0.991916  0.838640  0.853938  0.793710  0.558978  0.498825  0.744870  0.666451  0.490289  0.737375  0.924491  0.693603 
5  0.829416  0.586975  0.512468  0.551748  0.527344 0.0  0.860762  0.776198  0.799798  0.795460  0.850089  0.769194  0.886538  0.817433  0.780816  0.669171  0.605534  0.838085  0.728357  0.729658  0.183645  0.256956  0.603961  0.368009  0.837128  0.674718  0.577504  0.724344  0.544562  0.493454  0.503694  0.784668  0.643721  0.599091  0.382066  0.763365  0.780975  0.345797  0.565981  0.474054  0.710476  0.897989  0.866722  0.504497  0.746938  0.497287  0.742677  0.140659  0.568537  0.939642  0.772388  0.814130  0.663292  0.349677  0.245392  0.824248  0.683049  0.345075  0.858773  0.820492  0.806735 
6  0.528246  0.666059  0.867266  0.811012  0.654780  0.860762 0.0  0.670387  0.283451  0.540374  0.564433  0.624196  0.494897  0.290281  0.396184  0.772268  0.832146  0.538894  0.389632  0.512774  0.908566  0.796962  0.803534  0.755452  0.673052  0.574076  0.836842  0.678370  0.786974  0.785502  0.775299  0.553728  0.668560  0.778361  0.891901  0.592944  0.419236  0.796500  0.844723  0.831000  0.595670  0.479068  0.721939  0.811000  0.669447  0.727836  0.613337  0.787767  0.983661  0.490266  0.606592  0.579606  0.658176  0.759846  0.851915  0.587947  0.788185  0.866528  0.350933  0.345145  0.756963 
7  0.345381  0.651169  0.749827  0.770974  0.777183  0.776198  0.670387 0.0  0.710254  0.513655  0.558060  0.607885  0.526923  0.604530  0.653195  0.855209  0.715590  0.610085  0.738862  0.525957  0.698926  0.631708  0.517267  0.757446  0.673492  0.710921  0.703567  0.258842  0.814785  0.767038  0.841920  0.625683  0.566503  0.842084  0.711796  0.606426  0.594598  0.666433  0.589821  0.776311  0.319063  0.568159  0.601942  0.664836  0.385757  0.762944  0.435129  0.691919  0.855055  0.711164  0.414716  0.564446  0.698655  0.779012  0.791360  0.425511  0.619230  0.766058  0.680094  0.732039  0.523867 
8  0.514800  0.754759  0.900925  0.848048  0.825426  0.799798  0.283451  0.710254 0.0  0.539001  0.540617  0.476455  0.390376  0.339654  0.458642  0.851444  0.799778  0.535737  0.239977  0.573328  0.818147  0.775763  0.674041  0.785759  0.626518  0.498124  0.917425  0.711168  0.767466  0.841888  0.768578  0.630622  0.648430  0.878159  0.714258  0.653363  0.526396  0.787394  0.691575  0.754241  0.644784  0.557741  0.744262  0.731678  0.472493  0.775226  0.579057  0.805936  0.812172  0.443774  0.554931  0.583474  0.414311  0.775085  0.898800  0.723729  0.838386  0.815840  0.306719  0.312349  0.786288 
9  0.584808  0.713672  0.926334  0.866467  0.844001  0.795460  0.540374  0.513655  0.539001 0.0  0.626459  0.692628  0.455655  0.443809  0.546061  0.969167  0.770581  0.589546  0.560746  0.466191  0.799439  0.725298  0.792422  0.779007  0.633699  0.670876  0.748920  0.582985  0.791120  0.921771  0.820322  0.595432  0.665452  0.934153  0.857806  0.638321  0.494654  0.703216  0.775300  0.799445  0.600772  0.339962  0.677449  0.807106  0.563087  0.815907  0.468006  0.808929  0.812493  0.383126  0.591334  0.415110  0.542070  0.785632  0.740150  0.683057  0.850764  0.693416  0.442022  0.536161  0.700155 
10  0.510641  0.732052  0.844389  0.873105  0.727787  0.850089  0.564433  0.558060  0.540617  0.626459 0.0  0.545856  0.466098  0.404822  0.662850  0.750553  0.793401  0.732438  0.677217  0.433656  0.809471  0.753732  0.609751  0.776950  0.490432  0.379416  0.736849  0.459213  0.835801  0.929385  0.871661  0.560610  0.522804  0.768061  0.837713  0.311147  0.584032  0.669495  0.771816  0.750473  0.369681  0.333148  0.559488  0.797618  0.421670  0.727542  0.471517  0.833423  0.814777  0.665428  0.287447  0.559972  0.462416  0.734459  0.774362  0.632372  0.788154  0.732605  0.565252  0.675670  0.714168 
11  0.606009  0.689877  0.828226  0.832714  0.800481  0.769194  0.624196  0.607885  0.476455  0.692628  0.545856 0.0  0.428871  0.476083  0.438719  0.654542  0.891021  0.578311  0.608756  0.429414  0.782536  0.811957  0.716065  0.847534  0.484406  0.439481  0.751133  0.584905  0.937815  0.705673  0.769702  0.423776  0.739099  0.829676  0.851323  0.391341  0.675856  0.782435  0.756350  0.659868  0.564292  0.445465  0.557024  0.690222  0.573999  0.750944  0.644850  0.814884  0.935228  0.572167  0.460918  0.665448  0.358397  0.775800  0.728031  0.520166  0.772528  0.696917  0.528221  0.517819  0.669742 
12  0.583893  0.734163  0.871647  0.901482  0.901927  0.886538  0.494897  0.526923  0.390376  0.455655  0.466098  0.428871 0.0  0.415423  0.325740  0.888709  0.840883  0.625672  0.360562  0.602318  0.844790  0.710663  0.849122  0.736619  0.618360  0.566590  0.853499  0.649654  0.755718  0.731962  0.883049  0.535255  0.691086  0.793138  0.839367  0.555096  0.624949  0.714594  0.652745  0.831043  0.619945  0.494053  0.541694  0.792001  0.455367  0.856860  0.563783  0.783980  0.755964  0.524861  0.535707  0.482338  0.552745  0.791202  0.777075  0.669878  0.821299  0.765952  0.303332  0.186998  0.807832 
13  0.662315  0.691049  0.763470  0.902113  0.858043  0.817433  0.290281  0.604530  0.339654  0.443809  0.404822  0.476083  0.415423 0.0  0.547804  0.795717  0.824617  0.642004  0.409024  0.461697  0.819271  0.760228  0.669451  0.687100  0.699044  0.521721  0.891636  0.599204  0.955750  0.820241  0.902166  0.570291  0.578488  0.868959  0.740008  0.586781  0.578863  0.971893  0.762447  0.650835  0.619927  0.482485  0.687372  0.746471  0.594879  0.829481  0.529436  0.804808  0.904628  0.578984  0.449493  0.580396  0.612520  0.769213  0.762857  0.564655  0.820873  0.780768  0.237079  0.435107  0.791464 
14  0.817867  0.793768  0.862126  0.907670  0.857937  0.780816  0.396184  0.653195  0.458642  0.546061  0.662850  0.438719  0.325740  0.547804 0.0  0.719762  0.833363  0.574562  0.409344  0.567316  0.795700  0.803656  0.764990  0.753525  0.736188  0.505467  0.793428  0.727399  0.780961  0.937513  0.820321  0.458299  0.730080  0.849859  0.814388  0.610817  0.558666  0.820795  0.770348  0.770314  0.592202  0.587237  0.612443  0.780136  0.569455  0.943417  0.670082  0.782651  0.935171  0.556295  0.490327  0.585201  0.427118  0.797065  0.814402  0.561014  0.781977  0.664845  0.332037  0.359089  0.711635 
15  0.683094  0.728542  0.615364  0.622440  0.388948  0.669171  0.772268  0.855209  0.851444  0.969167  0.750553  0.654542  0.888709  0.795717  0.719762 0.0  0.366868  0.865266  0.917773  0.781725  0.558991  0.488742  0.839035  0.468462  0.833221  0.776259  0.488037  0.747405  0.482051  0.475466  0.548474  0.914014  0.780323  0.569407  0.506960  0.681309  0.904372  0.618456  0.566884  0.357583  0.692600  0.745616  0.866004  0.601400  0.764135  0.411139  0.772199  0.605633  0.576527  0.705278  0.788699  0.826610  0.865311  0.507676  0.560764  0.810594  0.392359  0.471304  0.860757  0.860886  0.770578 
16  0.756071  0.860210  0.534932  0.626237  0.431843  0.605534  0.832146  0.715590  0.799778  0.770581  0.793401  0.891021  0.840883  0.824617  0.833363  0.366868 0.0  0.785996  0.778786  0.878064  0.545902  0.433190  0.613542  0.363926  0.903191  0.758988  0.434714  0.807911  0.439511  0.322242  0.474272  0.741413  0.713814  0.404052  0.544636  0.764975  0.889315  0.460329  0.512781  0.541202  0.782337  0.815025  0.739361  0.448976  0.842971  0.294435  0.740684  0.545762  0.630228  0.895767  0.658315  0.825167  0.822566  0.556211  0.508291  0.691746  0.472045  0.584309  0.881890  0.818772  0.642085 
17  0.703716  0.711223  0.718554  0.978834  0.856290  0.838085  0.538894  0.610085  0.535737  0.589546  0.732438  0.578311  0.625672  0.642004  0.574562  0.865266  0.785996 0.0  0.462490  0.747678  0.833312  0.784503  0.893409  0.834078  0.639426  0.643220  0.747322  0.766600  0.844501  0.812948  0.733961  0.498945  0.755617  0.867480  0.741736  0.635794  0.773972  0.846439  0.892739  0.763245  0.668762  0.635615  0.604916  0.855649  0.645225  0.776549  0.738594  0.892855  1.000000  0.666450  0.709752  0.652165  0.467950  0.764571  0.800586  0.598685  0.819568  0.965740  0.630275  0.591088  0.714523 
18  0.600571  0.730291  0.884321  0.839298  0.695492  0.728357  0.389632  0.738862  0.239977  0.560746  0.677217  0.608756  0.360562  0.409024  0.409344  0.917773  0.778786  0.462490 0.0  0.531921  0.780216  0.773142  0.679900  0.854785  0.621335  0.609416  0.883515  0.725619  0.830636  0.918980  0.955462  0.595386  0.704706  0.851980  0.749261  0.568702  0.594678  0.790239  0.718354  0.896989  0.676131  0.421508  0.753301  0.884580  0.670234  0.885153  0.589624  0.806888  0.906609  0.546306  0.604057  0.745044  0.586717  0.841769  0.875230  0.783738  0.756277  0.774282  0.209653  0.242319  0.623566 
19  0.451568  0.648199  0.754715  0.899100  0.827910  0.729658  0.512774  0.525957  0.573328  0.466191  0.433656  0.429414  0.602318  0.461697  0.567316  0.781725  0.878064  0.747678  0.531921 0.0  0.725316  0.795070  0.740725  0.798237  0.552869  0.533034  0.783696  0.444112  0.767700  0.747198  0.835318  0.564131  0.669548  0.913445  0.838074  0.465058  0.612428  0.669352  0.649504  0.836968  0.590036  0.403038  0.633821  0.765517  0.391182  0.874946  0.363130  0.856655  0.825043  0.538431  0.501171  0.331135  0.592377  0.737240  0.689356  0.658538  0.816700  0.796947  0.569701  0.507411  0.632114 
20  0.679345  0.671712  0.535923  0.565394  0.512682  0.183645  0.908566  0.698926  0.818147  0.799439  0.809471  0.782536  0.844790  0.819271  0.795700  0.558991  0.545902  0.833312  0.780216  0.725316 0.0  0.420909  0.752994  0.484915  0.709001  0.772801  0.595462  0.785860  0.484219  0.577185  0.545289  0.710197  0.768300  0.646170  0.311182  0.816847  0.841656  0.456675  0.681298  0.465319  0.705623  0.816266  0.675368  0.397209  0.725335  0.444992  0.725119  0.260387  0.686703  0.729891  0.830226  0.720439  0.677902  0.395787  0.377410  0.799330  0.510659  0.372708  0.824841  0.790465  0.597428 
21  0.753319  0.625578  0.658280  0.603305  0.576164  0.256956  0.796962  0.631708  0.775763  0.725298  0.753732  0.811957  0.710663  0.760228  0.803656  0.488742  0.433190  0.784503  0.773142  0.795070  0.420909 0.0  0.718507  0.539122  0.682567  0.692701  0.586840  0.755727  0.521321  0.596542  0.551778  0.773966  0.595772  0.596509  0.353818  0.659700  0.825594  0.111043  0.574138  0.396218  0.777728  0.798703  0.626394  0.147710  0.669548  0.522788  0.732424  0.244375  0.772940  0.850873  0.707387  0.735914  0.697624  0.319134  0.156843  0.736494  0.635147  0.082321  0.722301  0.736057  0.719788 
22  0.715238  0.114364  0.836175  0.717833  0.700176  0.603961  0.803534  0.517267  0.674041  0.792422  0.609751  0.716065  0.849122  0.669451  0.764990  0.839035  0.613542  0.893409  0.679900  0.740725  0.752994  0.718507 0.0  0.695588  0.620820  0.584801  0.681192  0.650625  0.686324  0.720033  0.806575  0.735307  0.513918  0.759080  0.686874  0.644882  0.723345  0.579184  0.331360  0.597606  0.514018  0.717194  0.683846  0.587151  0.615545  0.765793  0.642726  0.641009  0.868082  0.762093  0.616409  0.697673  0.748860  0.632525  0.645374  0.632556  0.683238  0.678864  0.773648  0.685892  0.301388 
23  0.809478  0.669009  0.623129  0.572614  0.366331  0.368009  0.755452  0.757446  0.785759  0.779007  0.776950  0.847534  0.736619  0.687100  0.753525  0.468462  0.363926  0.834078  0.854785  0.798237  0.484915  0.539122  0.695588 0.0  0.737046  0.746692  0.593860  0.772916  0.417569  0.480968  0.250293  0.773846  0.801212  0.572592  0.337451  0.828487  0.832539  0.523014  0.668115  0.506363  0.694083  0.822679  0.826003  0.547152  0.909150  0.268257  0.746287  0.505067  0.651019  0.864550  0.890946  0.781516  0.816642  0.540760  0.546057  0.773925  0.554873  0.586892  0.747653  0.728783  0.753378 
24  0.614089  0.782988  0.780635  0.860542  0.801606  0.837128  0.673052  0.673492  0.626518  0.633699  0.490432  0.484406  0.618360  0.699044  0.736188  0.833221  0.903191  0.639426  0.621335  0.552869  0.709001  0.682567  0.620820  0.737046 0.0  0.257823  0.859982  0.494296  0.889497  0.746639  0.750226  0.523158  0.635420  0.839407  0.863974  0.335425  0.688372  0.626065  0.754796  0.821409  0.589300  0.600427  0.462688  0.762282  0.543980  0.797806  0.575618  0.769920  0.866081  0.651638  0.464502  0.693403  0.457418  0.688600  0.670997  0.543941  0.701365  0.820766  0.622554  0.561378  0.642069 
25  0.560854  0.679549  0.805522  0.743139  0.787636  0.674718  0.574076  0.710921  0.498124  0.670876  0.379416  0.439481  0.566590  0.521721  0.505467  0.776259  0.758988  0.643220  0.609416  0.533034  0.772801  0.692701  0.584801  0.746692  0.257823 0.0  0.810703  0.566675  0.720352  0.804073  0.745889  0.464871  0.651191  0.769777  0.807169  0.369896  0.733850  0.826765  0.751053  0.699173  0.525642  0.583483  0.471827  0.778668  0.497871  0.799057  0.570183  0.742270  0.794376  0.503747  0.447031  0.586788  0.429368  0.715169  0.719406  0.445510  0.702902  0.737574  0.739471  0.472220  0.667153 
26  0.745960  0.679904  0.640966  0.498947  0.409965  0.577504  0.836842  0.703567  0.917425  0.748920  0.736849  0.751133  0.853499  0.891636  0.793428  0.488037  0.434714  0.747322  0.883515  0.783696  0.595462  0.586840  0.681192  0.593860  0.859982  0.810703 0.0  0.790584  0.533033  0.207506  0.486477  0.869865  0.649058  0.454176  0.500154  0.749867  0.908456  0.598834  0.626990  0.542746  0.841709  0.832097  0.734781  0.655690  0.696716  0.486629  0.854777  0.624979  0.613777  0.905593  0.755531  0.854133  0.929255  0.605028  0.504283  0.752276  0.452460  0.614568  0.824814  0.897111  0.771756 
27  0.162276  0.620021  0.694002  0.817972  0.790077  0.724344  0.678370  0.258842  0.711168  0.582985  0.459213  0.584905  0.649654  0.599204  0.727399  0.747405  0.807911  0.766600  0.725619  0.444112  0.785860  0.755727  0.650625  0.772916  0.494296  0.566675  0.790584 0.0  0.836826  0.720141  0.822857  0.645192  0.619308  0.825390  0.754488  0.495632  0.571259  0.780288  0.689660  0.720788  0.377851  0.602396  0.678391  0.673825  0.313767  0.714510  0.365624  0.682222  0.702540  0.540171  0.490251  0.558027  0.705264  0.746382  0.763532  0.559272  0.682260  0.762201  0.569048  0.660980  0.552845 
28  0.783824  0.776541  0.543252  0.382257  0.379630  0.544562  0.786974  0.814785  0.767466  0.791120  0.835801  0.937815  0.755718  0.955750  0.780961  0.482051  0.439511  0.844501  0.830636  0.767700  0.484219  0.521321  0.686324  0.417569  0.889497  0.720352  0.533033  0.836826 0.0  0.499496  0.240351  0.864074  0.701752  0.376799  0.517457  0.828745  0.969254  0.646328  0.707176  0.670823  0.833541  0.802092  0.706856  0.698552  0.836981  0.527782  0.800912  0.650806  0.547663  0.934434  0.972539  0.847668  0.881736  0.748279  0.586391  0.802617  0.588849  0.556847  0.848667  0.708467  0.787646 
29  0.804554  0.807260  0.567999  0.546987  0.465887  0.493454  0.785502  0.767038  0.841888  0.921771  0.929385  0.705673  0.731962  0.820241  0.937513  0.475466  0.322242  0.812948  0.918980  0.747198  0.577185  0.596542  0.720033  0.480968  0.746639  0.804073  0.207506  0.720141  0.499496 0.0  0.564522  0.682136  0.697553  0.561017  0.602086  0.775175  0.835448  0.558695  0.633716  0.552656  0.827949  0.829592  0.777117  0.613172  0.788333  0.489475  0.930286  0.547104  0.603167  0.820802  0.908622  0.891553  0.864827  0.626429  0.611512  0.711573  0.486836  0.496026  0.844514  0.755009  0.751886 
30  0.835726  0.731555  0.517113  0.503135  0.330897  0.503694  0.775299  0.841920  0.768578  0.820322  0.871661  0.769702  0.883049  0.902166  0.820321  0.548474  0.474272  0.733961  0.955462  0.835318  0.545289  0.551778  0.806575  0.250293  0.750226  0.745889  0.486477  0.822857  0.240351  0.564522 0.0  0.861478  0.656027  0.366647  0.589427  0.882179  0.830510  0.449076  0.782991  0.502954  0.726702  0.887607  0.672597  0.571606  0.816773  0.492395  0.775800  0.480040  0.676163  0.868154  0.803370  0.841495  0.906080  0.531505  0.532382  0.769372  0.613148  0.564101  0.893909  0.850064  0.731207 
31  0.617952  0.733254  0.836167  0.824160  0.854558  0.784668  0.553728  0.625683  0.630622  0.595432  0.560610  0.423776  0.535255  0.570291  0.458299  0.914014  0.741413  0.498945  0.595386  0.564131  0.710197  0.773966  0.735307  0.773846  0.523158  0.464871  0.869865  0.645192  0.864074  0.682136  0.861478 0.0  0.721860  0.848362  0.841934  0.498994  0.686112  0.730932  0.658683  0.729327  0.614320  0.540272  0.605082  0.850281  0.704192  0.754916  0.456341  0.749827  0.926845  0.603527  0.562749  0.663846  0.270918  0.806454  0.862626  0.562634  0.786335  0.887509  0.521339  0.533466  0.732090 
32  0.541484  0.381165  0.732852  0.786375  0.735033  0.643721  0.668560  0.566503  0.648430  0.665452  0.522804  0.739099  0.691086  0.578488  0.730080  0.780323  0.713814  0.755617  0.704706  0.669548  0.768300  0.595772  0.513918  0.801212  0.635420  0.651191  0.649058  0.619308  0.701752  0.697553  0.656027  0.721860 0.0  0.732704  0.637431  0.592285  0.793685  0.628125  0.481749  0.627250  0.518237  0.703342  0.521512  0.647254  0.677227  0.689228  0.552110  0.640203  0.769692  0.795574  0.622963  0.645147  0.550383  0.681735  0.658111  0.589706  0.728592  0.648824  0.645225  0.799301  0.505736 
33  0.872201  0.697272  0.453054  0.384801  0.520872  0.599091  0.778361  0.842084  0.878159  0.934153  0.768061  0.829676  0.793138  0.868959  0.849859  0.569407  0.404052  0.867480  0.851980  0.913445  0.646170  0.596509  0.759080  0.572592  0.839407  0.769777  0.454176  0.825390  0.376799  0.561017  0.366647  0.848362  0.732704 0.0  0.533664  0.846618  0.857934  0.566005  0.735619  0.623351  0.750605  0.857949  0.745573  0.594526  0.795221  0.483852  0.844683  0.613270  0.729842  0.858277  0.778778  0.839955  0.918003  0.681818  0.564951  0.802842  0.506544  0.573226  0.865561  0.814000  0.731044 
34  0.809063  0.634580  0.622799  0.545795  0.415030  0.382066  0.891901  0.711796  0.714258  0.857806  0.837713  0.851323  0.839367  0.740008  0.814388  0.506960  0.544636  0.741736  0.749261  0.838074  0.311182  0.353818  0.686874  0.337451  0.863974  0.807169  0.500154  0.754488  0.517457  0.602086  0.589427  0.841934  0.637431  0.533664 0.0  0.743863  0.898104  0.367656  0.497530  0.419244  0.817602  0.821385  0.769748  0.394353  0.851880  0.250828  0.896859  0.376918  0.692793  0.970732  0.800877  0.791825  0.793405  0.403363  0.334861  0.770578  0.447342  0.343020  0.822309  0.846815  0.621366 
35  0.496629  0.654556  0.826160  0.780380  0.850670  0.763365  0.592944  0.606426  0.653363  0.638321  0.311147  0.391341  0.555096  0.586781  0.610817  0.681309  0.764975  0.635794  0.568702  0.465058  0.816847  0.659700  0.644882  0.828487  0.335425  0.369896  0.749867  0.495632  0.828745  0.775175  0.882179  0.498994  0.592285  0.846618  0.743863 0.0  0.642301  0.754758  0.814100  0.820631  0.350475  0.406070  0.352491  0.760989  0.534579  0.829893  0.434621  0.716391  0.871438  0.613828  0.267819  0.560800  0.537635  0.738587  0.746141  0.558357  0.748635  0.703629  0.492992  0.527839  0.575378 
36  0.583814  0.748868  0.818103  0.887185  0.871533  0.780975  0.419236  0.594598  0.526396  0.494654  0.584032  0.675856  0.624949  0.578863  0.558666  0.904372  0.889315  0.773972  0.594678  0.612428  0.841656  0.825594  0.723345  0.832539  0.688372  0.733850  0.908456  0.571259  0.969254  0.835448  0.830510  0.686112  0.793685  0.857934  0.898104  0.642301 0.0  0.891470  0.746522  0.913098  0.624294  0.588234  0.876834  0.805777  0.697392  0.826270  0.634476  0.804477  0.813861  0.350764  0.527623  0.535142  0.695759  0.836816  0.855238  0.646121  0.908800  0.821242  0.605414  0.620560  0.821158 
37  0.725649  0.658582  0.662345  0.666273  0.646790  0.345797  0.796500  0.666433  0.787394  0.703216  0.669495  0.782435  0.714594  0.971893  0.820795  0.618456  0.460329  0.846439  0.790239  0.669352  0.456675  0.111043  0.579184  0.523014  0.626065  0.826765  0.598834  0.780288  0.646328  0.558695  0.449076  0.730932  0.628125  0.566005  0.367656  0.754758  0.891470 0.0  0.666845  0.352136  0.609853  0.815971  0.744749  0.043706  0.758408  0.517331  0.823947  0.403034  0.816667  0.944923  0.758023  0.822035  0.809267  0.260204  0.239851  0.744939  0.437299  0.132991  0.952385  0.790527  0.628928 
38  0.613474  0.461534  0.702827  0.753991  0.827478  0.565981  0.844723  0.589821  0.691575  0.775300  0.771816  0.756350  0.652745  0.762447  0.770348  0.566884  0.512781  0.892739  0.718354  0.649504  0.681298  0.574138  0.331360  0.668115  0.754796  0.751053  0.626990  0.689660  0.707176  0.633716  0.782991  0.658683  0.481749  0.735619  0.497530  0.814100  0.746522  0.666845 0.0  0.502080  0.756108  0.775293  0.669021  0.608189  0.735394  0.545908  0.830387  0.552733  0.815015  0.774502  0.711964  0.720023  0.781939  0.671293  0.595355  0.669272  0.560657  0.661910  0.792748  0.757794  0.591647 
39  0.581147  0.613128  0.653014  0.775909  0.596302  0.474054  0.831000  0.776311  0.754241  0.799445  0.750473  0.659868  0.831043  0.650835  0.770314  0.357583  0.541202  0.763245  0.896989  0.836968  0.465319  0.396218  0.597606  0.506363  0.821409  0.699173  0.542746  0.720788  0.670823  0.552656  0.502954  0.729327  0.627250  0.623351  0.419244  0.820631  0.913098  0.352136  0.502080 0.0  0.743780  0.763955  0.724956  0.331833  0.697023  0.543007  0.710234  0.474873  0.595127  0.888381  0.787702  0.876361  0.838554  0.464243  0.425817  0.640672  0.505670  0.349482  0.788484  0.865173  0.639099 
40  0.504548  0.604736  0.777160  0.790536  0.642792  0.710476  0.595670  0.319063  0.644784  0.600772  0.369681  0.564292  0.619945  0.619927  0.592202  0.692600  0.782337  0.668762  0.676131  0.590036  0.705623  0.777728  0.514018  0.694083  0.589300  0.525642  0.841709  0.377851  0.833541  0.827949  0.726702  0.614320  0.518237  0.750605  0.817602  0.350475  0.624294  0.609853  0.756108  0.743780 0.0  0.473399  0.544606  0.659742  0.309401  0.845236  0.434685  0.703229  0.804368  0.711973  0.585976  0.638464  0.582378  0.808763  0.634586  0.409984  0.741852  0.806393  0.633812  0.704958  0.519602 
41  0.446347  0.631441  0.884056  0.923032  0.747285  0.897989  0.479068  0.568159  0.557741  0.339962  0.333148  0.445465  0.494053  0.482485  0.587237  0.745616  0.815025  0.635615  0.421508  0.403038  0.816266  0.798703  0.717194  0.822679  0.600427  0.583483  0.832097  0.602396  0.802092  0.829592  0.887607  0.540272  0.703342  0.857949  0.821385  0.406070  0.588234  0.815971  0.775293  0.763955  0.473399 0.0  0.559945  0.778655  0.428729  0.770197  0.280803  0.782165  0.875851  0.539993  0.397020  0.518896  0.588569  0.881886  0.832708  0.675213  0.725899  0.767697  0.480925  0.422382  0.596857 
42  0.607885  0.494921  0.844416  0.806294  0.796108  0.866722  0.721939  0.601942  0.744262  0.677449  0.559488  0.557024  0.541694  0.687372  0.612443  0.866004  0.739361  0.604916  0.753301  0.633821  0.675368  0.626394  0.683846  0.826003  0.462688  0.471827  0.734781  0.678391  0.706856  0.777117  0.672597  0.605082  0.521512  0.745573  0.769748  0.352491  0.876834  0.744749  0.669021  0.724956  0.544606  0.559945 0.0  0.727626  0.553710  0.737886  0.614517  0.666191  0.776481  0.713181  0.534077  0.569772  0.624390  0.708510  0.810527  0.393183  0.730694  0.799184  0.690736  0.600583  0.554563 
43  0.828242  0.768500  0.663596  0.592370  0.584274  0.504497  0.811000  0.664836  0.731678  0.807106  0.797618  0.690222  0.792001  0.746471  0.780136  0.601400  0.448976  0.855649  0.884580  0.765517  0.397209  0.147710  0.587151  0.547152  0.762282  0.778668  0.655690  0.673825  0.698552  0.613172  0.571606  0.850281  0.647254  0.594526  0.394353  0.760989  0.805777  0.043706  0.608189  0.331833  0.659742  0.778655  0.727626 0.0  0.828147  0.413969  0.735110  0.226724  0.830916  0.852820  0.735411  0.751924  0.853996  0.361476  0.026967  0.758037  0.572955  0.270807  0.789659  0.867654  0.675872 
44  0.217362  0.626587  0.829676  0.836687  0.756620  0.746938  0.669447  0.385757  0.472493  0.563087  0.421670  0.573999  0.455367  0.594879  0.569455  0.764135  0.842971  0.645225  0.670234  0.391182  0.725335  0.669548  0.615545  0.909150  0.543980  0.497871  0.696716  0.313767  0.836981  0.788333  0.816773  0.704192  0.677227  0.795221  0.851880  0.534579  0.697392  0.758408  0.735394  0.697023  0.309401  0.428729  0.553710  0.828147 0.0  0.870609  0.360089  0.682453  0.847737  0.594146  0.430434  0.338127  0.540986  0.790537  0.716203  0.536237  0.679272  0.665630  0.560283  0.589650  0.528629 
45  0.803038  0.707757  0.582939  0.622316  0.442587  0.497287  0.727836  0.762944  0.775226  0.815907  0.727542  0.750944  0.856860  0.829481  0.943417  0.411139  0.294435  0.776549  0.885153  0.874946  0.444992  0.522788  0.765793  0.268257  0.797806  0.799057  0.486629  0.714510  0.527782  0.489475  0.492395  0.754916  0.689228  0.483852  0.250828  0.829893  0.826270  0.517331  0.545908  0.543007  0.845236  0.770197  0.737886  0.413969  0.870609 0.0  0.716305  0.457652  0.556152  0.830122  0.669631  0.800150  0.776217  0.439948  0.443027  0.767015  0.383025  0.586004  0.797634  0.855567  0.550104 
46  0.465613  0.683117  0.922926  0.827286  0.781419  0.742677  0.613337  0.435129  0.579057  0.468006  0.471517  0.644850  0.563783  0.529436  0.670082  0.772199  0.740684  0.738594  0.589624  0.363130  0.725119  0.732424  0.642726  0.746287  0.575618  0.570183  0.854777  0.365624  0.800912  0.930286  0.775800  0.456341  0.552110  0.844683  0.896859  0.434621  0.634476  0.823947  0.830387  0.710234  0.434685  0.280803  0.614517  0.735110  0.360089  0.716305 0.0  0.693904  0.910269  0.530370  0.382374  0.560347  0.618241  0.737478  0.736084  0.587938  0.696273  0.737623  0.581274  0.561354  0.612642 
47  0.790568  0.706271  0.677504  0.534621  0.523774  0.140659  0.787767  0.691919  0.805936  0.808929  0.833423  0.814884  0.783980  0.804808  0.782651  0.605633  0.545762  0.892855  0.806888  0.856655  0.260387  0.244375  0.641009  0.505067  0.769920  0.742270  0.624979  0.682222  0.650806  0.547104  0.480040  0.749827  0.640203  0.613270  0.376918  0.716391  0.804477  0.403034  0.552733  0.474873  0.703229  0.782165  0.666191  0.226724  0.682453  0.457652  0.693904 0.0  0.707759  0.868913  0.729139  0.808463  0.833406  0.360592  0.256977  0.681444  0.588349  0.236506  0.736194  0.742565  0.646323 
48  0.844830  0.845907  0.639495  0.689089  0.707546  0.568537  0.983661  0.855055  0.812172  0.812493  0.814777  0.935228  0.755964  0.904628  0.935171  0.576527  0.630228  1.000000  0.906609  0.825043  0.686703  0.772940  0.868082  0.651019  0.866081  0.794376  0.613777  0.702540  0.547663  0.603167  0.676163  0.926845  0.769692  0.729842  0.692793  0.871438  0.813861  0.816667  0.815015  0.595127  0.804368  0.875851  0.776481  0.830916  0.847737  0.556152  0.910269  0.707759 0.0  0.826316  0.851693  0.894783  0.945506  0.838464  0.701860  0.823288  0.734295  0.689599  0.805151  0.871912  0.764535 
49  0.611504  0.766382  0.876908  0.881216  0.991916  0.939642  0.490266  0.711164  0.443774  0.383126  0.665428  0.572167  0.524861  0.578984  0.556295  0.705278  0.895767  0.666450  0.546306  0.538431  0.729891  0.850873  0.762093  0.864550  0.651638  0.503747  0.905593  0.540171  0.934434  0.820802  0.868154  0.603527  0.795574  0.858277  0.970732  0.613828  0.350764  0.944923  0.774502  0.888381  0.711973  0.539993  0.713181  0.852820  0.594146  0.830122  0.530370  0.868913  0.826316 0.0  0.647319  0.564846  0.686903  0.688186  0.762558  0.614145  0.983256  0.837109  0.633085  0.471349  0.711289 
50  0.539818  0.686909  0.824936  0.803930  0.838640  0.772388  0.606592  0.414716  0.554931  0.591334  0.287447  0.460918  0.535707  0.449493  0.490327  0.788699  0.658315  0.709752  0.604057  0.501171  0.830226  0.707387  0.616409  0.890946  0.464502  0.447031  0.755531  0.490251  0.972539  0.908622  0.803370  0.562749  0.622963  0.778778  0.800877  0.267819  0.527623  0.758023  0.711964  0.787702  0.585976  0.397020  0.534077  0.735411  0.430434  0.669631  0.382374  0.729139  0.851693  0.647319 0.0  0.489787  0.525314  0.697287  0.755021  0.530523  0.722459  0.834179  0.567680  0.578445  0.649039 
51  0.553972  0.708173  0.837102  0.767285  0.853938  0.814130  0.579606  0.564446  0.583474  0.415110  0.559972  0.665448  0.482338  0.580396  0.585201  0.826610  0.825167  0.652165  0.745044  0.331135  0.720439  0.735914  0.697673  0.781516  0.693403  0.586788  0.854133  0.558027  0.847668  0.891553  0.841495  0.663846  0.645147  0.839955  0.791825  0.560800  0.535142  0.822035  0.720023  0.876361  0.638464  0.518896  0.569772  0.751924  0.338127  0.800150  0.560347  0.808463  0.894783  0.564846  0.489787 0.0  0.719429  0.812066  0.744402  0.665545  0.759304  0.814235  0.720585  0.567846  0.661098 
52  0.554760  0.639165  0.799387  0.809145  0.793710  0.663292  0.658176  0.698655  0.414311  0.542070  0.462416  0.358397  0.552745  0.612520  0.427118  0.865311  0.822566  0.467950  0.586717  0.592377  0.677902  0.697624  0.748860  0.816642  0.457418  0.429368  0.929255  0.705264  0.881736  0.864827  0.906080  0.270918  0.550383  0.918003  0.793405  0.537635  0.695759  0.809267  0.781939  0.838554  0.582378  0.588569  0.624390  0.853996  0.540986  0.776217  0.618241  0.833406  0.945506  0.686903  0.525314  0.719429 0.0  0.691254  0.786393  0.526107  0.832535  0.893059  0.497181  0.592378  0.678571 
53  0.720058  0.553507  0.743862  0.646311  0.558978  0.349677  0.759846  0.779012  0.775085  0.785632  0.734459  0.775800  0.791202  0.769213  0.797065  0.507676  0.556211  0.764571  0.841769  0.737240  0.395787  0.319134  0.632525  0.540760  0.688600  0.715169  0.605028  0.746382  0.748279  0.626429  0.531505  0.806454  0.681735  0.681818  0.403363  0.738587  0.836816  0.260204  0.671293  0.464243  0.808763  0.881886  0.708510  0.361476  0.790537  0.439948  0.737478  0.360592  0.838464  0.688186  0.697287  0.812066  0.691254 0.0  0.435195  0.657557  0.634081  0.211018  0.851077  0.691727  0.653385 
54  0.854310  0.694463  0.727785  0.715542  0.498825  0.245392  0.851915  0.791360  0.898800  0.740150  0.774362  0.728031  0.777075  0.762857  0.814402  0.560764  0.508291  0.800586  0.875230  0.689356  0.377410  0.156843  0.645374  0.546057  0.670997  0.719406  0.504283  0.763532  0.586391  0.611512  0.532382  0.862626  0.658111  0.564951  0.334861  0.746141  0.855238  0.239851  0.595355  0.425817  0.634586  0.832708  0.810527  0.026967  0.716203  0.443027  0.736084  0.256977  0.701860  0.762558  0.755021  0.744402  0.786393  0.435195 0.0  0.807784  0.578129  0.259182  0.742011  0.815215  0.842568 
55  0.657941  0.513537  0.792988  0.712164  0.744870  0.824248  0.587947  0.425511  0.723729  0.683057  0.632372  0.520166  0.669878  0.564655  0.561014  0.810594  0.691746  0.598685  0.783738  0.658538  0.799330  0.736494  0.632556  0.773925  0.543941  0.445510  0.752276  0.559272  0.802617  0.711573  0.769372  0.562634  0.589706  0.802842  0.770578  0.558357  0.646121  0.744939  0.669272  0.640672  0.409984  0.675213  0.393183  0.758037  0.536237  0.767015  0.587938  0.681444  0.823288  0.614145  0.530523  0.665545  0.526107  0.657557  0.807784 0.0  0.711629  0.735866  0.726871  0.616649  0.584981 
56  0.715332  0.743512  0.635028  0.634305  0.666451  0.683049  0.788185  0.619230  0.838386  0.850764  0.788154  0.772528  0.821299  0.820873  0.781977  0.392359  0.472045  0.819568  0.756277  0.816700  0.510659  0.635147  0.683238  0.554873  0.701365  0.702902  0.452460  0.682260  0.588849  0.486836  0.613148  0.786335  0.728592  0.506544  0.447342  0.748635  0.908800  0.437299  0.560657  0.505670  0.741852  0.725899  0.730694  0.572955  0.679272  0.383025  0.696273  0.588349  0.734295  0.983256  0.722459  0.759304  0.832535  0.634081  0.578129  0.711629 0.0  0.543925  0.700903  0.841269  0.642636 
57  0.708207  0.569979  0.584282  0.600737  0.490289  0.345075  0.866528  0.766058  0.815840  0.693416  0.732605  0.696917  0.765952  0.780768  0.664845  0.471304  0.584309  0.965740  0.774282  0.796947  0.372708  0.082321  0.678864  0.586892  0.820766  0.737574  0.614568  0.762201  0.556847  0.496026  0.564101  0.887509  0.648824  0.573226  0.343020  0.703629  0.821242  0.132991  0.661910  0.349482  0.806393  0.767697  0.799184  0.270807  0.665630  0.586004  0.737623  0.236506  0.689599  0.837109  0.834179  0.814235  0.893059  0.211018  0.259182  0.735866  0.543925 0.0  0.752429  0.857636  0.668347 
58  0.639846  0.696818  0.937083  0.868349  0.737375  0.858773  0.350933  0.680094  0.306719  0.442022  0.565252  0.528221  0.303332  0.237079  0.332037  0.860757  0.881890  0.630275  0.209653  0.569701  0.824841  0.722301  0.773648  0.747653  0.622554  0.739471  0.824814  0.569048  0.848667  0.844514  0.893909  0.521339  0.645225  0.865561  0.822309  0.492992  0.605414  0.952385  0.792748  0.788484  0.633812  0.480925  0.690736  0.789659  0.560283  0.797634  0.581274  0.736194  0.805151  0.633085  0.567680  0.720585  0.497181  0.851077  0.742011  0.726871  0.700903  0.752429 0.0  0.186716  0.807938 
59  0.571773  0.801727  0.905125  0.791863  0.924491  0.820492  0.345145  0.732039  0.312349  0.536161  0.675670  0.517819  0.186998  0.435107  0.359089  0.860886  0.818772  0.591088  0.242319  0.507411  0.790465  0.736057  0.685892  0.728783  0.561378  0.472220  0.897111  0.660980  0.708467  0.755009  0.850064  0.533466  0.799301  0.814000  0.846815  0.527839  0.620560  0.790527  0.757794  0.865173  0.704958  0.422382  0.600583  0.867654  0.589650  0.855567  0.561354  0.742565  0.871912  0.471349  0.578445  0.567846  0.592378  0.691727  0.815215  0.616649  0.841269  0.857636  0.186716 0.0  0.797530 
60  0.610403  0.205346  0.746943  0.765177  0.693603  0.806735  0.756963  0.523867  0.786288  0.700155  0.714168  0.669742  0.807832  0.791464  0.711635  0.770578  0.642085  0.714523  0.623566  0.632114  0.597428  0.719788  0.301388  0.753378  0.642069  0.667153  0.771756  0.552845  0.787646  0.751886  0.731207  0.732090  0.505736  0.731044  0.621366  0.575378  0.821158  0.628928  0.591647  0.639099  0.519602  0.596857  0.554563  0.675872  0.528629  0.550104  0.612642  0.646323  0.764535  0.711289  0.649039  0.661098  0.678571  0.653385  0.842568  0.584981  0.642636  0.668347  0.807938  0.797530 0.0 
