61
0 0.0  0.560191  0.832778  0.860341  0.726943  0.699542  0.687262  0.588356  0.527598  0.579940  0.557959  0.588026  0.553725  0.690324  0.584343  0.846049  0.778412  0.697782  0.721694  0.380570  0.884263  0.823853  0.700621  0.773868  0.535723  0.597446  0.729597  0.105648  0.692485  0.778712  0.822388  0.546803  0.572007  0.834375  0.571854  0.530004  0.663527  0.741299  0.693382  0.656539  0.385040  0.402523  0.450543  0.675353  0.275753  0.641639  0.504839  0.700548  0.917595  0.571392  0.568829  0.551055  0.597769  0.753824  0.791182  0.635786  0.689272  0.857225  0.708370  0.605283  0.617232 
1  0.560191 0.0  0.778491  0.695032  0.844999  0.742564  0.613874  0.599145  0.679403  0.723619  0.661723  0.720472  0.664110  0.751086  0.804882  0.698319  0.620640  0.718642  0.776817  0.654996  0.738484  0.701050  0.376524  0.684155  0.696123  0.551630  0.754491  0.579010  0.780141  0.695494  0.790110  0.821427  0.332964  0.735254  0.630286  0.574052  0.670471  0.587826  0.445869  0.545550  0.673483  0.656373  0.586686  0.622137  0.733100  0.659694  0.560777  0.734579  0.818808  0.703666  0.692635  0.680967  0.566438  0.663013  0.654288  0.551725  0.745025  0.641393  0.780580  0.640140  0.191639 
2  0.832778  0.778491 0.0  0.381284  0.468404  0.603695  0.743972  0.822188  0.821280  0.899188  0.869767  0.714399  0.898069  0.872972  0.781958  0.533761  0.494065  0.746255  0.826872  0.769557  0.696846  0.717616  0.800624  0.547546  0.806990  0.773547  0.485573  0.737612  0.459318  0.655929  0.512038  0.733305  0.690039  0.515318  0.550792  0.766590  0.833399  0.676116  0.620393  0.612568  0.818654  0.825656  0.715378  0.589952  0.751251  0.611892  0.811899  0.553571  0.540945  0.861595  0.768099  0.785705  0.865838  0.715122  0.622140  0.754474  0.720835  0.584541  0.788284  0.885815  0.741263 
3  0.860341  0.695032  0.381284 0.0  0.577671  0.573596  0.768683  0.768284  0.832301  0.790399  0.906851  0.764912  0.825972  0.917339  0.850317  0.642028  0.572744  0.847652  0.829562  0.805742  0.586102  0.600941  0.810327  0.559618  0.776120  0.779519  0.593189  0.763766  0.344605  0.559495  0.427855  0.859228  0.686278  0.413378  0.441869  0.797867  0.778511  0.586986  0.756556  0.643816  0.697120  0.874229  0.725136  0.659956  0.814898  0.630089  0.800306  0.661639  0.612037  0.861771  0.809683  0.848460  0.866072  0.531527  0.644580  0.846476  0.564964  0.499895  0.814595  0.733220  0.710046 
4  0.726943  0.844999  0.468404  0.577671 0.0  0.336223  0.801083  0.768994  0.908596  0.752579  0.821279  0.715188  0.833096  0.865616  0.773300  0.524335  0.447451  0.815723  0.756405  0.777678  0.491536  0.561866  0.733906  0.354698  0.785849  0.741309  0.511046  0.800164  0.319486  0.477833  0.221180  0.811786  0.657663  0.468236  0.463577  0.754928  0.828213  0.694029  0.765391  0.487376  0.810300  0.743768  0.742024  0.477110  0.762367  0.361969  0.857767  0.564074  0.569805  0.801658  0.782858  0.871804  0.810205  0.594581  0.624098  0.871180  0.459832  0.589006  0.821792  0.795987  0.839162 
5  0.699542  0.742564  0.603695  0.573596  0.336223 0.0  0.761662  0.662788  0.786186  0.700169  0.729277  0.800054  0.927826  0.765520  0.839727  0.481852  0.609148  0.905400  0.829538  0.762151  0.173289  0.270500  0.731859  0.509913  0.813970  0.609179  0.549483  0.702773  0.634107  0.584840  0.530527  0.740268  0.635585  0.578173  0.453491  0.775659  0.759200  0.251638  0.674607  0.485769  0.722025  0.801517  0.656574  0.353337  0.879506  0.434526  0.816774  0.297975  0.691254  0.900497  0.731246  0.809723  0.730560  0.475943  0.282383  0.830920  0.590064  0.422220  0.704913  0.833901  0.627325 
6  0.687262  0.613874  0.743972  0.768683  0.801083  0.761662 0.0  0.548375  0.323450  0.412529  0.588159  0.530727  0.307497  0.340699  0.433322  0.846543  0.837343  0.507118  0.413313  0.627062  0.777209  0.742341  0.663693  0.855420  0.666112  0.671543  0.914159  0.642787  0.764571  0.823226  0.760434  0.603342  0.717930  0.801637  0.899337  0.597655  0.485300  0.769380  0.777244  0.780526  0.561538  0.447711  0.681922  0.663533  0.612179  0.802992  0.600145  0.752068  0.832228  0.456305  0.535371  0.458734  0.621864  0.761561  0.779324  0.642354  0.886518  0.775769  0.469804  0.287051  0.703048 
7  0.588356  0.599145  0.822188  0.768284  0.768994  0.662788  0.548375 0.0  0.583658  0.580143  0.483245  0.618259  0.643708  0.617111  0.679724  0.695131  0.922753  0.748821  0.688581  0.457435  0.656504  0.701306  0.638209  0.775588  0.540023  0.522915  0.757400  0.305772  0.826221  0.762829  0.731658  0.571163  0.528381  0.916366  0.821201  0.475608  0.670202  0.828208  0.676869  0.740315  0.321419  0.598195  0.601513  0.713638  0.362129  0.707336  0.475229  0.756857  0.843661  0.627842  0.519136  0.478998  0.613583  0.656801  0.701320  0.540492  0.689428  0.664267  0.631933  0.697060  0.516754 
8  0.527598  0.679403  0.821280  0.832301  0.908596  0.786186  0.323450  0.583658 0.0  0.528925  0.561016  0.571497  0.282976  0.423344  0.387902  0.853527  0.725075  0.590238  0.337357  0.528889  0.847897  0.812197  0.698664  0.769064  0.501053  0.617648  0.795653  0.620109  0.852329  0.760721  0.824519  0.428026  0.774806  0.804045  0.882734  0.558931  0.418902  0.892339  0.781914  0.793767  0.658079  0.476588  0.600252  0.819327  0.594729  0.870217  0.499907  0.819135  0.880029  0.515715  0.584052  0.568139  0.590312  0.814633  0.763218  0.581542  0.754050  0.813513  0.213993  0.249503  0.720042 
9  0.579940  0.723619  0.899188  0.790399  0.752579  0.700169  0.412529  0.580143  0.528925 0.0  0.519731  0.567843  0.449016  0.494083  0.618342  0.802128  0.849065  0.702673  0.490387  0.345209  0.818999  0.702046  0.674853  0.729110  0.568231  0.708321  0.751263  0.640246  0.935388  0.787143  0.799064  0.707077  0.711914  0.885230  0.690175  0.607391  0.522807  0.803974  0.647014  0.841022  0.553669  0.457473  0.682697  0.773584  0.576542  0.845708  0.504198  0.673574  0.937261  0.376052  0.577978  0.424958  0.648760  0.779958  0.815723  0.661422  0.755007  0.872303  0.411040  0.482517  0.703630 
10  0.557959  0.661723  0.869767  0.906851  0.821279  0.729277  0.588159  0.483245  0.561016  0.519731 0.0  0.427571  0.502797  0.497414  0.561903  0.813763  0.752616  0.620733  0.706331  0.506612  0.778270  0.706649  0.762429  0.774896  0.497490  0.426600  0.871745  0.461598  0.865674  0.846576  0.842592  0.570832  0.603837  0.709635  0.799961  0.351295  0.605687  0.724787  0.634154  0.818256  0.512470  0.312424  0.593631  0.782087  0.398339  0.826547  0.320547  0.719999  0.740438  0.628665  0.152244  0.564838  0.597635  0.746387  0.713360  0.568001  0.738528  0.752751  0.567278  0.528588  0.558934 
11  0.588026  0.720472  0.714399  0.764912  0.715188  0.800054  0.530727  0.618259  0.571497  0.567843  0.427571 0.0  0.488257  0.589808  0.508445  0.792349  0.724832  0.555092  0.597576  0.590880  0.825039  0.755978  0.722588  0.756092  0.333240  0.518456  0.753012  0.625181  0.995445  0.769346  0.788089  0.367683  0.664692  0.831125  0.790820  0.454841  0.611541  0.786733  0.745856  0.671437  0.592692  0.552433  0.658658  0.848054  0.461059  0.907564  0.611738  0.814181  0.857697  0.596028  0.437596  0.537677  0.402863  0.791537  0.728173  0.603153  0.720078  0.749144  0.498383  0.492851  0.664644 
12  0.553725  0.664110  0.898069  0.825972  0.833096  0.927826  0.307497  0.643708  0.282976  0.449016  0.502797  0.488257 0.0  0.300060  0.446581  0.676473  0.765956  0.533374  0.357712  0.488697  0.830074  0.801646  0.751399  0.760800  0.569322  0.635757  0.789785  0.567771  0.839201  0.771060  0.760228  0.448621  0.705209  0.789844  0.837073  0.536398  0.598879  0.844507  0.780838  0.771142  0.520278  0.362891  0.563426  0.724748  0.533214  0.890433  0.491787  0.696894  0.978649  0.538412  0.550263  0.526193  0.458812  0.843832  0.923659  0.717423  0.856589  0.809339  0.300202  0.303053  0.613352 
13  0.690324  0.751086  0.872972  0.917339  0.865616  0.765520  0.340699  0.617111  0.423344  0.494083  0.497414  0.589808  0.300060 0.0  0.532408  0.801777  0.745628  0.708146  0.409304  0.509030  0.795885  0.795833  0.711021  0.786328  0.503019  0.651545  0.869880  0.530100  0.904596  0.840146  0.764989  0.529150  0.753402  0.840723  0.718289  0.611214  0.541333  0.882244  0.785609  0.833982  0.590075  0.512295  0.702956  0.822571  0.522111  0.771329  0.572295  0.732068  0.929665  0.488980  0.408310  0.527114  0.630572  0.732462  0.784209  0.654035  0.879558  0.752178  0.412681  0.457254  0.697292 
14  0.584343  0.804882  0.781958  0.850317  0.773300  0.839727  0.433322  0.679724  0.387902  0.618342  0.561903  0.508445  0.446581  0.532408 0.0  0.759412  0.864230  0.481828  0.372639  0.607878  0.769481  0.909470  0.627908  0.819985  0.662336  0.568777  0.955174  0.654524  0.904105  0.864558  0.908526  0.470373  0.805896  0.897901  0.755925  0.547804  0.624165  0.808176  0.747938  0.726064  0.621826  0.573150  0.762208  0.729984  0.637121  0.748314  0.591096  0.692795  0.902919  0.515040  0.516585  0.617765  0.451373  0.847774  0.741067  0.642916  0.787845  0.722460  0.344082  0.318482  0.677346 
15  0.846049  0.698319  0.533761  0.642028  0.524335  0.481852  0.846543  0.695131  0.853527  0.802128  0.813763  0.792349  0.676473  0.801777  0.759412 0.0  0.367964  0.749924  0.792225  0.730208  0.541466  0.687384  0.711704  0.504983  0.809605  0.753908  0.441531  0.820781  0.556237  0.413360  0.575621  0.809822  0.665233  0.574702  0.492507  0.713953  0.740832  0.574826  0.543013  0.387801  0.768800  0.769564  0.753481  0.531506  0.784474  0.409837  0.756143  0.576069  0.654817  0.789447  0.680305  0.788727  0.796965  0.588571  0.620432  0.575092  0.316850  0.518157  0.713362  0.813398  0.717924 
16  0.778412  0.620640  0.494065  0.572744  0.447451  0.609148  0.837343  0.922753  0.725075  0.849065  0.752616  0.724832  0.765956  0.745628  0.864230  0.367964 0.0  0.808614  0.859808  0.791187  0.310092  0.662928  0.699309  0.403561  0.700082  0.704262  0.353803  0.789710  0.341171  0.410888  0.557217  0.810444  0.729313  0.531685  0.335063  0.780121  0.840192  0.449638  0.631229  0.567444  0.801871  0.807371  0.781222  0.537633  0.818218  0.414681  0.735879  0.496969  0.478904  0.848763  0.768758  0.736738  0.814922  0.527681  0.547553  0.802788  0.538717  0.502673  0.730806  0.865955  0.653711 
17  0.697782  0.718642  0.746255  0.847652  0.815723  0.905400  0.507118  0.748821  0.590238  0.702673  0.620733  0.555092  0.533374  0.708146  0.481828  0.749924  0.808614 0.0  0.536595  0.650272  0.738003  0.702838  0.771973  0.801611  0.635930  0.588032  0.929278  0.839307  0.822536  0.927013  0.806833  0.527525  0.720512  0.848602  0.817631  0.653738  0.730780  0.802271  0.847830  0.792308  0.763700  0.557066  0.689992  0.751272  0.665517  0.835042  0.650771  0.784623  0.891547  0.689961  0.602397  0.696762  0.597409  0.744972  0.720961  0.699347  0.762747  0.744563  0.534480  0.609341  0.745795 
18  0.721694  0.776817  0.826872  0.829562  0.756405  0.829538  0.413313  0.688581  0.337357  0.490387  0.706331  0.597576  0.357712  0.409304  0.372639  0.792225  0.859808  0.536595 0.0  0.525318  0.775741  0.831974  0.799144  0.738128  0.452505  0.588863  0.869288  0.672241  0.859512  0.817832  0.800454  0.466405  0.704773  0.713763  0.697706  0.617890  0.534149  0.762095  0.721701  0.720787  0.686867  0.534763  0.637091  0.780326  0.626932  0.821837  0.505803  0.714235  0.886828  0.632276  0.474225  0.576531  0.554728  0.908941  0.695421  0.588610  0.810566  0.776476  0.276480  0.374270  0.696183 
19  0.380570  0.654996  0.769557  0.805742  0.777678  0.762151  0.627062  0.457435  0.528889  0.345209  0.506612  0.590880  0.488697  0.509030  0.607878  0.730208  0.791187  0.650272  0.525318 0.0  0.754857  0.761276  0.591040  0.700044  0.602852  0.456632  0.803507  0.497516  0.743314  0.795444  0.833887  0.677031  0.636129  0.728226  0.777382  0.447285  0.516259  0.906722  0.733639  0.711264  0.526190  0.400660  0.663713  0.811863  0.313985  0.737145  0.502576  0.752592  0.799529  0.515425  0.429934  0.246012  0.618353  0.660226  0.710077  0.617684  0.932170  0.815060  0.590093  0.591076  0.555505 
20  0.884263  0.738484  0.696846  0.586102  0.491536  0.173289  0.777209  0.656504  0.847897  0.818999  0.778270  0.825039  0.830074  0.795885  0.769481  0.541466  0.310092  0.738003  0.775741  0.754857 0.0  0.376128  0.635139  0.433925  0.756764  0.637943  0.542242  0.731095  0.606904  0.551153  0.477923  0.697280  0.654292  0.629513  0.384701  0.792205  0.843650  0.318260  0.565337  0.521687  0.664177  0.778024  0.664230  0.380659  0.742236  0.343080  0.767060  0.302532  0.663927  0.792600  0.840413  0.865850  0.736921  0.545439  0.329858  0.848389  0.489339  0.258002  0.765158  0.782488  0.659647 
21  0.823853  0.701050  0.717616  0.600941  0.561866  0.270500  0.742341  0.701306  0.812197  0.702046  0.706649  0.755978  0.801646  0.795833  0.909470  0.687384  0.662928  0.702838  0.831974  0.761276  0.376128 0.0  0.678842  0.492300  0.777750  0.697414  0.646713  0.678173  0.677501  0.617981  0.547960  0.855999  0.540565  0.687109  0.354309  0.734171  0.761206  0.108341  0.517773  0.433549  0.659258  0.749625  0.644379  0.178856  0.693941  0.444522  0.741496  0.246839  0.734542  0.780362  0.852731  0.879881  0.777526  0.313432  0.217493  0.637950  0.604432  0.000000  0.860804  0.807600  0.643853 
22  0.700621  0.376524  0.800624  0.810327  0.733906  0.731859  0.663693  0.638209  0.698664  0.674853  0.762429  0.722588  0.751399  0.711021  0.627908  0.711704  0.699309  0.771973  0.799144  0.591040  0.635139  0.678842 0.0  0.689667  0.723587  0.718759  0.726784  0.601735  0.799891  0.803794  0.708217  0.744009  0.383225  0.612877  0.566134  0.647962  0.768166  0.673411  0.543387  0.684260  0.566277  0.751652  0.690758  0.644772  0.470677  0.719471  0.601543  0.627265  0.714019  0.758528  0.748107  0.759889  0.753093  0.649294  0.711472  0.551004  0.609455  0.649149  0.715893  0.686658  0.258434 
23  0.773868  0.684155  0.547546  0.559618  0.354698  0.509913  0.855420  0.775588  0.769064  0.729110  0.774896  0.756092  0.760800  0.786328  0.819985  0.504983  0.403561  0.801611  0.738128  0.700044  0.433925  0.492300  0.689667 0.0  1.000000  0.734335  0.537611  0.795604  0.511526  0.506297  0.389321  0.835554  0.687418  0.456443  0.416877  0.731810  0.834300  0.572712  0.674855  0.476508  0.816265  0.817095  0.795211  0.516706  0.731648  0.399257  0.821304  0.334213  0.586770  0.776977  0.763217  0.837856  0.889716  0.693061  0.485331  0.722447  0.531015  0.568095  0.839316  0.794829  0.768596 
24  0.535723  0.696123  0.806990  0.776120  0.785849  0.813970  0.666112  0.540023  0.501053  0.568231  0.497490  0.333240  0.569322  0.503019  0.662336  0.809605  0.700082  0.635930  0.452505  0.602852  0.756764  0.777750  0.723587  1.000000 0.0  0.185430  0.810039  0.586894  0.730835  0.892762  0.760601  0.498831  0.596965  0.858111  0.712665  0.349002  0.668460  0.751318  0.738765  0.748994  0.461307  0.607647  0.448944  0.803971  0.611232  0.814744  0.490542  0.769721  0.666567  0.670807  0.538607  0.591312  0.456868  0.805056  0.764893  0.567502  0.685772  0.746249  0.619020  0.493712  0.666813 
25  0.597446  0.551630  0.773547  0.779519  0.741309  0.609179  0.671543  0.522915  0.617648  0.708321  0.426600  0.518456  0.635757  0.651545  0.568777  0.753908  0.704262  0.588032  0.588863  0.456632  0.637943  0.697414  0.718759  0.734335  0.185430 0.0  0.885116  0.627526  0.837752  0.837505  0.699787  0.612452  0.591465  0.823614  0.866899  0.298964  0.664736  0.709419  0.672870  0.690583  0.421935  0.595159  0.464204  0.739743  0.587838  0.745879  0.616684  0.689084  0.822002  0.545658  0.466493  0.591612  0.448646  0.763324  0.788371  0.485265  0.833732  0.793531  0.542259  0.699589  0.751836 
26  0.729597  0.754491  0.485573  0.593189  0.511046  0.549483  0.914159  0.757400  0.795653  0.751263  0.871745  0.753012  0.789785  0.869880  0.955174  0.441531  0.353803  0.929278  0.869288  0.803507  0.542242  0.646713  0.726784  0.537611  0.810039  0.885116 0.0  0.825813  0.520159  0.218086  0.544875  0.744495  0.703668  0.355468  0.565722  0.728966  0.990225  0.615426  0.735006  0.606521  0.796653  0.988636  0.824725  0.482452  0.812895  0.461496  0.923242  0.613983  0.451056  0.767251  0.769654  0.898028  0.719302  0.690198  0.575312  0.850696  0.496817  0.660785  0.807009  0.792588  0.817304 
27  0.105648  0.579010  0.737612  0.763766  0.800164  0.702773  0.642787  0.305772  0.620109  0.640246  0.461598  0.625181  0.567771  0.530100  0.654524  0.820781  0.789710  0.839307  0.672241  0.497516  0.731095  0.678173  0.601735  0.795604  0.586894  0.627526  0.825813 0.0  0.799282  0.816768  0.680251  0.649807  0.557439  0.826426  0.803669  0.554374  0.616274  0.717703  0.652962  0.755857  0.331558  0.461913  0.632588  0.620267  0.346810  0.717806  0.430827  0.593126  0.770665  0.634876  0.583260  0.368080  0.551168  0.697490  0.746592  0.552017  0.666151  0.698782  0.522419  0.592101  0.470932 
28  0.692485  0.780141  0.459318  0.344605  0.319486  0.634107  0.764571  0.826221  0.852329  0.935388  0.865674  0.995445  0.839201  0.904596  0.904105  0.556237  0.341171  0.822536  0.859512  0.743314  0.606904  0.677501  0.799891  0.511526  0.730835  0.837752  0.520159  0.799282 0.0  0.548020  0.290967  0.848072  0.715469  0.250898  0.613003  0.838503  0.724180  0.608475  0.647406  0.669390  0.839881  0.878509  0.762446  0.569796  0.775932  0.507728  0.820922  0.489897  0.630204  0.785103  0.829979  0.836767  0.776585  0.546630  0.667002  0.737443  0.635682  0.599573  0.755388  0.852535  0.686565 
29  0.778712  0.695494  0.655929  0.559495  0.477833  0.584840  0.823226  0.762829  0.760721  0.787143  0.846576  0.769346  0.771060  0.840146  0.864558  0.413360  0.410888  0.927013  0.817832  0.795444  0.551153  0.617981  0.803794  0.506297  0.892762  0.837505  0.218086  0.816768  0.548020 0.0  0.540260  0.844338  0.758811  0.476773  0.487549  0.805251  0.841282  0.586737  0.715423  0.526270  0.847461  0.839610  0.839180  0.534820  0.739391  0.379782  0.766202  0.652779  0.721693  0.813593  0.849402  0.810519  0.739602  0.602421  0.557000  0.679862  0.584779  0.641002  0.896506  0.707180  0.799556 
30  0.822388  0.790110  0.512038  0.427855  0.221180  0.530527  0.760434  0.731658  0.824519  0.799064  0.842592  0.788089  0.760228  0.764989  0.908526  0.575621  0.557217  0.806833  0.800454  0.833887  0.477923  0.547960  0.708217  0.389321  0.760601  0.699787  0.544875  0.680251  0.290967  0.540260 0.0  0.758348  0.646718  0.323664  0.440682  0.798486  0.731260  0.566389  0.661771  0.605244  0.697523  0.849933  0.733971  0.512817  0.709374  0.632258  0.812321  0.559525  0.567163  0.801178  0.789974  0.865883  0.740708  0.544444  0.596349  0.808703  0.498865  0.617536  0.739147  0.850052  0.785698 
31  0.546803  0.821427  0.733305  0.859228  0.811786  0.740268  0.603342  0.571163  0.428026  0.707077  0.570832  0.367683  0.448621  0.529150  0.470373  0.809822  0.810444  0.527525  0.466405  0.677031  0.697280  0.855999  0.744009  0.835554  0.498831  0.612452  0.744495  0.649807  0.848072  0.844338  0.758348 0.0  0.629605  0.867399  0.842827  0.561530  0.592555  0.701171  0.797120  0.663957  0.650619  0.629714  0.545151  0.795234  0.548432  0.667454  0.635128  0.730851  0.858510  0.599856  0.450894  0.683401  0.344741  0.718910  0.647167  0.584435  0.778698  0.707494  0.543375  0.530270  0.656560 
32  0.572007  0.332964  0.690039  0.686278  0.657663  0.635585  0.717930  0.528381  0.774806  0.711914  0.603837  0.664692  0.705209  0.753402  0.805896  0.665233  0.729313  0.720512  0.704773  0.636129  0.654292  0.540565  0.383225  0.687418  0.596965  0.591465  0.703668  0.557439  0.715469  0.758811  0.646718  0.629605 0.0  0.749961  0.570255  0.621845  0.739583  0.735318  0.575003  0.561951  0.563962  0.712477  0.593861  0.591941  0.569189  0.721481  0.572623  0.687151  0.703566  0.731000  0.679188  0.649938  0.569617  0.608993  0.624506  0.568001  0.669198  0.533135  0.770616  0.801421  0.398479 
33  0.834375  0.735254  0.515318  0.413378  0.468236  0.578173  0.801637  0.916366  0.804045  0.885230  0.709635  0.831125  0.789844  0.840723  0.897901  0.574702  0.531685  0.848602  0.713763  0.728226  0.629513  0.687109  0.612877  0.456443  0.858111  0.823614  0.355468  0.826426  0.250898  0.476773  0.323664  0.867399  0.749961 0.0  0.526119  0.837663  0.823489  0.584563  0.674739  0.634480  0.759664  0.867600  0.742073  0.581803  0.704068  0.569981  0.748194  0.615774  0.468794  0.811768  0.789642  0.791430  0.912031  0.603707  0.685136  0.824977  0.477123  0.661260  0.888533  0.828056  0.685408 
34  0.571854  0.630286  0.550792  0.441869  0.463577  0.453491  0.899337  0.821201  0.882734  0.690175  0.799961  0.790820  0.837073  0.718289  0.755925  0.492507  0.335063  0.817631  0.697706  0.777382  0.384701  0.354309  0.566134  0.416877  0.712665  0.866899  0.565722  0.803669  0.613003  0.487549  0.440682  0.842827  0.570255  0.526119 0.0  0.805071  0.802815  0.394119  0.449662  0.335805  0.770831  0.728034  0.774133  0.378552  0.766127  0.280463  0.739077  0.396430  0.700488  0.931075  0.812155  0.754534  0.738382  0.346887  0.301462  0.735281  0.439026  0.334145  0.829416  0.910821  0.560280 
35  0.530004  0.574052  0.766590  0.797867  0.754928  0.775659  0.597655  0.475608  0.558931  0.607391  0.351295  0.454841  0.536398  0.611214  0.547804  0.713953  0.780121  0.653738  0.617890  0.447285  0.792205  0.734171  0.647962  0.731810  0.349002  0.298964  0.728966  0.554374  0.838503  0.805251  0.798486  0.561530  0.621845  0.837663  0.805071 0.0  0.702644  0.754257  0.694674  0.738871  0.362438  0.507388  0.598704  0.707386  0.451817  0.806140  0.453662  0.646192  0.828299  0.682236  0.341313  0.641287  0.436783  0.629035  0.673741  0.543094  0.763213  0.744389  0.515361  0.560492  0.651174 
36  0.663527  0.670471  0.833399  0.778511  0.828213  0.759200  0.485300  0.670202  0.418902  0.522807  0.605687  0.611541  0.598879  0.541333  0.624165  0.740832  0.840192  0.730780  0.534149  0.516259  0.843650  0.761206  0.768166  0.834300  0.668460  0.664736  0.990225  0.616274  0.724180  0.841282  0.731260  0.592555  0.739583  0.823489  0.802815  0.702644 0.0  0.824293  0.737165  0.773910  0.578561  0.664478  0.800461  0.732527  0.584034  0.796369  0.526565  0.835618  0.789281  0.289601  0.666642  0.524579  0.726683  0.864459  0.925914  0.619457  0.813230  0.893788  0.540087  0.522087  0.715164 
37  0.741299  0.587826  0.676116  0.586986  0.694029  0.251638  0.769380  0.828208  0.892339  0.803974  0.724787  0.786733  0.844507  0.882244  0.808176  0.574826  0.449638  0.802271  0.762095  0.906722  0.318260  0.108341  0.673411  0.572712  0.751318  0.709419  0.615426  0.717703  0.608475  0.586737  0.566389  0.701171  0.735318  0.584563  0.394119  0.754257  0.824293 0.0  0.513086  0.404469  0.678329  0.680158  0.699209  0.000000  0.711152  0.458600  0.770639  0.342789  0.722528  0.697287  0.761775  0.801557  0.754827  0.289617  0.141569  0.744619  0.513594  0.203844  0.752917  0.801119  0.644525 
38  0.693382  0.445869  0.620393  0.756556  0.765391  0.674607  0.777244  0.676869  0.781914  0.647014  0.634154  0.745856  0.780838  0.785609  0.747938  0.543013  0.631229  0.847830  0.721701  0.733639  0.565337  0.517773  0.543387  0.674855  0.738765  0.672870  0.735006  0.652962  0.647406  0.715423  0.661771  0.797120  0.575003  0.674739  0.449662  0.694674  0.737165  0.513086 0.0  0.504464  0.552878  0.724168  0.532464  0.564510  0.724496  0.542518  0.760357  0.589417  0.699610  0.787379  0.694626  0.784524  0.804668  0.526397  0.573746  0.678230  0.584481  0.612976  0.877290  0.814658  0.466323 
39  0.656539  0.545550  0.612568  0.643816  0.487376  0.485769  0.780526  0.740315  0.793767  0.841022  0.818256  0.671437  0.771142  0.833982  0.726064  0.387801  0.567444  0.792308  0.720787  0.711264  0.521687  0.433549  0.684260  0.476508  0.748994  0.690583  0.606521  0.755857  0.669390  0.526270  0.605244  0.663957  0.561951  0.634480  0.335805  0.738871  0.773910  0.404469  0.504464 0.0  0.647251  0.683306  0.736432  0.446744  0.741962  0.498088  0.796345  0.346944  0.671860  0.832090  0.751186  0.758302  0.727406  0.438995  0.345995  0.666302  0.604943  0.376649  0.772728  0.661784  0.741957 
40  0.385040  0.673483  0.818654  0.697120  0.810300  0.722025  0.561538  0.321419  0.658079  0.553669  0.512470  0.592692  0.520278  0.590075  0.621826  0.768800  0.801871  0.763700  0.686867  0.526190  0.664177  0.659258  0.566277  0.816265  0.461307  0.421935  0.796653  0.331558  0.839881  0.847461  0.697523  0.650619  0.563962  0.759664  0.770831  0.362438  0.578561  0.678329  0.552878  0.647251 0.0  0.391230  0.640370  0.700107  0.452224  0.762244  0.424481  0.736606  0.679030  0.633873  0.512928  0.618934  0.541423  0.646045  0.687002  0.440559  0.720270  0.741947  0.612246  0.609014  0.588797 
41  0.402523  0.656373  0.825656  0.874229  0.743768  0.801517  0.447711  0.598195  0.476588  0.457473  0.312424  0.552433  0.362891  0.512295  0.573150  0.769564  0.807371  0.557066  0.534763  0.400660  0.778024  0.749625  0.751652  0.817095  0.607647  0.595159  0.988636  0.461913  0.878509  0.839610  0.849933  0.629714  0.712477  0.867600  0.728034  0.507388  0.664478  0.680158  0.724168  0.683306  0.391230 0.0  0.619313  0.737476  0.560669  0.815020  0.493104  0.739824  0.862374  0.517920  0.441682  0.499190  0.598878  0.860268  0.813915  0.486636  0.798820  0.750137  0.414871  0.481345  0.640524 
42  0.450543  0.586686  0.715378  0.725136  0.742024  0.656574  0.681922  0.601513  0.600252  0.682697  0.593631  0.658658  0.563426  0.702956  0.762208  0.753481  0.781222  0.689992  0.637091  0.663713  0.664230  0.644379  0.690758  0.795211  0.448944  0.464204  0.824725  0.632588  0.762446  0.839180  0.733971  0.545151  0.593861  0.742073  0.774133  0.598704  0.800461  0.699209  0.532464  0.736432  0.640370  0.619313 0.0  0.729156  0.592218  0.768422  0.554291  0.826476  0.832180  0.718176  0.636463  0.656291  0.621741  0.702209  0.684710  0.450537  0.782119  0.724893  0.690898  0.679333  0.541140 
43  0.675353  0.622137  0.589952  0.659956  0.477110  0.353337  0.663533  0.713638  0.819327  0.773584  0.782087  0.848054  0.724748  0.822571  0.729984  0.531506  0.537633  0.751272  0.780326  0.811863  0.380659  0.178856  0.644772  0.516706  0.803971  0.739743  0.482452  0.620267  0.569796  0.534820  0.512817  0.795234  0.591941  0.581803  0.378552  0.707386  0.732527  0.000000  0.564510  0.446744  0.700107  0.737476  0.729156 0.0  0.732550  0.426675  0.806452  0.183522  0.671220  0.896058  0.721486  0.774464  0.754819  0.445979  0.095545  0.674003  0.598976  0.190351  0.774122  0.712371  0.648401 
44  0.275753  0.733100  0.751251  0.814898  0.762367  0.879506  0.612179  0.362129  0.594729  0.576542  0.398339  0.461059  0.533214  0.522111  0.637121  0.784474  0.818218  0.665517  0.626932  0.313985  0.742236  0.693941  0.470677  0.731648  0.611232  0.587838  0.812895  0.346810  0.775932  0.739391  0.709374  0.548432  0.569189  0.704068  0.766127  0.451817  0.584034  0.711152  0.724496  0.741962  0.452224  0.560669  0.592218  0.732550 0.0  0.811744  0.208323  0.703419  0.807260  0.661920  0.387615  0.466909  0.581090  0.715430  0.705252  0.508718  0.703817  0.707402  0.629869  0.577735  0.635982 
45  0.641639  0.659694  0.611892  0.630089  0.361969  0.434526  0.802992  0.707336  0.870217  0.845708  0.826547  0.907564  0.890433  0.771329  0.748314  0.409837  0.414681  0.835042  0.821837  0.737145  0.343080  0.444522  0.719471  0.399257  0.814744  0.745879  0.461496  0.717806  0.507728  0.379782  0.632258  0.667454  0.721481  0.569981  0.280463  0.806140  0.796369  0.458600  0.542518  0.498088  0.762244  0.815020  0.768422  0.426675  0.811744 0.0  0.726930  0.396371  0.680717  0.794086  0.787820  0.848609  0.776541  0.501261  0.544831  0.740959  0.450942  0.458723  0.810421  0.699999  0.763584 
46  0.504839  0.560777  0.811899  0.800306  0.857767  0.816774  0.600145  0.475229  0.499907  0.504198  0.320547  0.611738  0.491787  0.572295  0.591096  0.756143  0.735879  0.650771  0.505803  0.502576  0.767060  0.741496  0.601543  0.821304  0.490542  0.616684  0.923242  0.430827  0.820922  0.766202  0.812321  0.635128  0.572623  0.748194  0.739077  0.453662  0.526565  0.770639  0.760357  0.796345  0.424481  0.493104  0.554291  0.806452  0.208323  0.726930 0.0  0.713058  0.721108  0.497384  0.479207  0.393262  0.525414  0.754001  0.799428  0.588593  0.622995  0.718151  0.479326  0.590410  0.628580 
47  0.700548  0.734579  0.553571  0.661639  0.564074  0.297975  0.752068  0.756857  0.819135  0.673574  0.719999  0.814181  0.696894  0.732068  0.692795  0.576069  0.496969  0.784623  0.714235  0.752592  0.302532  0.246839  0.627265  0.334213  0.769721  0.689084  0.613983  0.593126  0.489897  0.652779  0.559525  0.730851  0.687151  0.615774  0.396430  0.646192  0.835618  0.342789  0.589417  0.346944  0.736606  0.739824  0.826476  0.183522  0.703419  0.396371  0.713058 0.0  0.638290  0.727432  0.786073  0.779664  0.729968  0.359096  0.329697  0.608212  0.588241  0.135841  0.887118  0.772420  0.661114 
48  0.917595  0.818808  0.540945  0.612037  0.569805  0.691254  0.832228  0.843661  0.880029  0.937261  0.740438  0.857697  0.978649  0.929665  0.902919  0.654817  0.478904  0.891547  0.886828  0.799529  0.663927  0.734542  0.714019  0.586770  0.666567  0.822002  0.451056  0.770665  0.630204  0.721693  0.567163  0.858510  0.703566  0.468794  0.700488  0.828299  0.789281  0.722528  0.699610  0.671860  0.679030  0.862374  0.832180  0.671220  0.807260  0.680717  0.721108  0.638290 0.0  0.909435  0.828855  0.767067  0.716456  0.775042  0.713501  0.823343  0.674178  0.632096  0.898401  0.896975  0.889206 
49  0.571392  0.703666  0.861595  0.861771  0.801658  0.900497  0.456305  0.627842  0.515715  0.376052  0.628665  0.596028  0.538412  0.488980  0.515040  0.789447  0.848763  0.689961  0.632276  0.515425  0.792600  0.780362  0.758528  0.776977  0.670807  0.545658  0.767251  0.634876  0.785103  0.813593  0.801178  0.599856  0.731000  0.811768  0.931075  0.682236  0.289601  0.697287  0.787379  0.832090  0.633873  0.517920  0.718176  0.896058  0.661920  0.794086  0.497384  0.727432  0.909435 0.0  0.618919  0.630699  0.672749  0.779575  0.762878  0.701197  0.747751  0.814961  0.493851  0.443393  0.735260 
50  0.568829  0.692635  0.768099  0.809683  0.782858  0.731246  0.535371  0.519136  0.584052  0.577978  0.152244  0.437596  0.550263  0.408310  0.516585  0.680305  0.768758  0.602397  0.474225  0.429934  0.840413  0.852731  0.748107  0.763217  0.538607  0.466493  0.769654  0.583260  0.829979  0.849402  0.789974  0.450894  0.679188  0.789642  0.812155  0.341313  0.666642  0.761775  0.694626  0.751186  0.512928  0.441682  0.636463  0.721486  0.387615  0.787820  0.479207  0.786073  0.828855  0.618919 0.0  0.673169  0.457088  0.740235  0.830866  0.517516  0.816577  0.720041  0.581500  0.533959  0.603594 
51  0.551055  0.680967  0.785705  0.848460  0.871804  0.809723  0.458734  0.478998  0.568139  0.424958  0.564838  0.537677  0.526193  0.527114  0.617765  0.788727  0.736738  0.696762  0.576531  0.246012  0.865850  0.879881  0.759889  0.837856  0.591312  0.591612  0.898028  0.368080  0.836767  0.810519  0.865883  0.683401  0.649938  0.791430  0.754534  0.641287  0.524579  0.801557  0.784524  0.758302  0.618934  0.499190  0.656291  0.774464  0.466909  0.848609  0.393262  0.779664  0.767067  0.630699  0.673169 0.0  0.756342  0.657449  0.663223  0.617632  0.702075  0.682018  0.506899  0.595343  0.612443 
52  0.597769  0.566438  0.865838  0.866072  0.810205  0.730560  0.621864  0.613583  0.590312  0.648760  0.597635  0.402863  0.458812  0.630572  0.451373  0.796965  0.814922  0.597409  0.554728  0.618353  0.736921  0.777526  0.753093  0.889716  0.456868  0.448646  0.719302  0.551168  0.776585  0.739602  0.740708  0.344741  0.569617  0.912031  0.738382  0.436783  0.726683  0.754827  0.804668  0.727406  0.541423  0.598878  0.621741  0.754819  0.581090  0.776541  0.525414  0.729968  0.716456  0.672749  0.457088  0.756342 0.0  0.793244  0.743226  0.583609  0.795443  0.690357  0.487678  0.495487  0.709876 
53  0.753824  0.663013  0.715122  0.531527  0.594581  0.475943  0.761561  0.656801  0.814633  0.779958  0.746387  0.791537  0.843832  0.732462  0.847774  0.588571  0.527681  0.744972  0.908941  0.660226  0.545439  0.313432  0.649294  0.693061  0.805056  0.763324  0.690198  0.697490  0.546630  0.602421  0.544444  0.718910  0.608993  0.603707  0.346887  0.629035  0.864459  0.289617  0.526397  0.438995  0.646045  0.860268  0.702209  0.445979  0.715430  0.501261  0.754001  0.359096  0.775042  0.779575  0.740235  0.657449  0.793244 0.0  0.378908  0.715957  0.599471  0.230287  0.736090  0.764439  0.565496 
54  0.791182  0.654288  0.622140  0.644580  0.624098  0.282383  0.779324  0.701320  0.763218  0.815723  0.713360  0.728173  0.923659  0.784209  0.741067  0.620432  0.547553  0.720961  0.695421  0.710077  0.329858  0.217493  0.711472  0.485331  0.764893  0.788371  0.575312  0.746592  0.667002  0.557000  0.596349  0.647167  0.624506  0.685136  0.301462  0.673741  0.925914  0.141569  0.573746  0.345995  0.687002  0.813915  0.684710  0.095545  0.705252  0.544831  0.799428  0.329697  0.713501  0.762878  0.830866  0.663223  0.743226  0.378908 0.0  0.676700  0.533981  0.146952  0.853045  0.750620  0.666870 
55  0.635786  0.551725  0.754474  0.846476  0.871180  0.830920  0.642354  0.540492  0.581542  0.661422  0.568001  0.603153  0.717423  0.654035  0.642916  0.575092  0.802788  0.699347  0.588610  0.617684  0.848389  0.637950  0.551004  0.722447  0.567502  0.485265  0.850696  0.552017  0.737443  0.679862  0.808703  0.584435  0.568001  0.824977  0.735281  0.543094  0.619457  0.744619  0.678230  0.666302  0.440559  0.486636  0.450537  0.674003  0.508718  0.740959  0.588593  0.608212  0.823343  0.701197  0.517516  0.617632  0.583609  0.715957  0.676700 0.0  0.544810  0.594547  0.561244  0.654120  0.457418 
56  0.689272  0.745025  0.720835  0.564964  0.459832  0.590064  0.886518  0.689428  0.754050  0.755007  0.738528  0.720078  0.856589  0.879558  0.787845  0.316850  0.538717  0.762747  0.810566  0.932170  0.489339  0.604432  0.609455  0.531015  0.685772  0.833732  0.496817  0.666151  0.635682  0.584779  0.498865  0.778698  0.669198  0.477123  0.439026  0.763213  0.813230  0.513594  0.584481  0.604943  0.720270  0.798820  0.782119  0.598976  0.703817  0.450942  0.622995  0.588241  0.674178  0.747751  0.816577  0.702075  0.795443  0.599471  0.533981  0.544810 0.0  0.573544  0.818804  0.894909  0.596585 
57  0.857225  0.641393  0.584541  0.499895  0.589006  0.422220  0.775769  0.664267  0.813513  0.872303  0.752751  0.749144  0.809339  0.752178  0.722460  0.518157  0.502673  0.744563  0.776476  0.815060  0.258002  0.000000  0.649149  0.568095  0.746249  0.793531  0.660785  0.698782  0.599573  0.641002  0.617536  0.707494  0.533135  0.661260  0.334145  0.744389  0.893788  0.203844  0.612976  0.376649  0.741947  0.750137  0.724893  0.190351  0.707402  0.458723  0.718151  0.135841  0.632096  0.814961  0.720041  0.682018  0.690357  0.230287  0.146952  0.594547  0.573544 0.0  0.745455  0.697469  0.649898 
58  0.708370  0.780580  0.788284  0.814595  0.821792  0.704913  0.469804  0.631933  0.213993  0.411040  0.567278  0.498383  0.300202  0.412681  0.344082  0.713362  0.730806  0.534480  0.276480  0.590093  0.765158  0.860804  0.715893  0.839316  0.619020  0.542259  0.807009  0.522419  0.755388  0.896506  0.739147  0.543375  0.770616  0.888533  0.829416  0.515361  0.540087  0.752917  0.877290  0.772728  0.612246  0.414871  0.690898  0.774122  0.629869  0.810421  0.479326  0.887118  0.898401  0.493851  0.581500  0.506899  0.487678  0.736090  0.853045  0.561244  0.818804  0.745455 0.0  0.037816  0.726006 
59  0.605283  0.640140  0.885815  0.733220  0.795987  0.833901  0.287051  0.697060  0.249503  0.482517  0.528588  0.492851  0.303053  0.457254  0.318482  0.813398  0.865955  0.609341  0.374270  0.591076  0.782488  0.807600  0.686658  0.794829  0.493712  0.699589  0.792588  0.592101  0.852535  0.707180  0.850052  0.530270  0.801421  0.828056  0.910821  0.560492  0.522087  0.801119  0.814658  0.661784  0.609014  0.481345  0.679333  0.712371  0.577735  0.699999  0.590410  0.772420  0.896975  0.443393  0.533959  0.595343  0.495487  0.764439  0.750620  0.654120  0.894909  0.697469  0.037816 0.0  0.688265 
60  0.617232  0.191639  0.741263  0.710046  0.839162  0.627325  0.703048  0.516754  0.720042  0.703630  0.558934  0.664644  0.613352  0.697292  0.677346  0.717924  0.653711  0.745795  0.696183  0.555505  0.659647  0.643853  0.258434  0.768596  0.666813  0.751836  0.817304  0.470932  0.686565  0.799556  0.785698  0.656560  0.398479  0.685408  0.560280  0.651174  0.715164  0.644525  0.466323  0.741957  0.588797  0.640524  0.541140  0.648401  0.635982  0.763584  0.628580  0.661114  0.889206  0.735260  0.603594  0.612443  0.709876  0.565496  0.666870  0.457418  0.596585  0.649898  0.726006  0.688265 0.0 
