61
0 0.0  0.573973  0.924941  0.787769  0.765914  0.781160  0.590094  0.440976  0.583436  0.520750  0.537183  0.618042  0.594884  0.585778  0.761095  0.836996  0.883138  0.541549  0.736217  0.420825  0.748782  0.767246  0.697269  0.819875  0.516876  0.652582  0.839661  0.195728  0.864613  0.839804  0.835284  0.713612  0.500885  0.901003  0.776393  0.481117  0.598409  0.709132  0.658127  0.719079  0.485508  0.436481  0.720469  0.762059  0.234578  0.764905  0.451537  0.727943  0.739938  0.496125  0.456583  0.537270  0.545447  0.687131  0.704914  0.565808  0.832822  0.799813  0.506907  0.630877  0.672344 
1  0.573973 0.0  0.846649  0.596362  0.657347  0.679490  0.701732  0.601352  0.673115  0.750956  0.643195  0.811696  0.788437  0.667943  0.577124  0.667236  0.721633  0.791956  0.715625  0.627373  0.661575  0.661095  0.240565  0.695842  0.580675  0.585625  0.742205  0.520961  0.686672  0.807890  0.748833  0.628483  0.407037  0.832556  0.734249  0.650019  0.744124  0.665692  0.659396  0.625980  0.531083  0.619308  0.535713  0.641840  0.607527  0.570218  0.517358  0.565143  0.716160  0.688538  0.679700  0.637526  0.721959  0.728840  0.547736  0.486136  0.610835  0.660654  0.713865  0.697390  0.219546 
2  0.924941  0.846649 0.0  0.274314  0.427250  0.604851  0.851867  0.720749  0.978095  0.958534  0.742575  0.811724  0.783830  0.912799  0.777714  0.682271  0.550824  0.814212  0.841702  0.904987  0.567778  0.538758  0.762429  0.538395  0.735256  0.837474  0.657903  0.857621  0.414689  0.706005  0.277757  0.902195  0.776873  0.500394  0.719367  0.817897  0.840849  0.628400  0.726713  0.647481  0.851607  0.850313  0.734996  0.618978  0.919899  0.586959  0.798116  0.574701  0.732188  0.859793  0.915193  0.813306  0.843372  0.733252  0.650153  0.717618  0.587810  0.640275  0.843888  0.835594  0.716274 
3  0.787769  0.596362  0.274314 0.0  0.422473  0.540332  0.845376  0.921029  0.764438  0.904195  0.819070  0.935565  0.721189  0.852076  0.818707  0.616043  0.530385  0.828947  0.772899  0.745597  0.583509  0.616417  0.778689  0.647085  0.783401  0.810849  0.586817  0.848661  0.274086  0.507791  0.275251  0.850005  0.910171  0.416993  0.734057  0.759642  0.924007  0.614165  0.704787  0.510947  0.663288  0.879018  0.700576  0.622368  0.865384  0.604200  0.864490  0.595935  0.645820  0.923361  0.805457  0.827724  0.779288  0.701683  0.610373  0.754854  0.703146  0.598582  0.847356  0.786921  0.691357 
4  0.765914  0.657347  0.427250  0.422473 0.0  0.526929  0.944820  0.825740  0.803797  0.804638  0.723619  0.744934  0.808752  0.881829  0.794287  0.513856  0.438089  0.925358  0.813736  0.888888  0.380844  0.630964  0.635684  0.442947  0.821466  0.828943  0.600020  0.810984  0.219319  0.540814  0.244541  0.769444  0.802486  0.345320  0.575410  0.687064  0.709034  0.549125  0.748105  0.516287  0.770204  0.827824  0.692551  0.559812  0.727812  0.487505  0.728493  0.502564  0.644453  0.808385  0.906653  0.820130  0.760476  0.583717  0.639405  0.776407  0.501838  0.681355  0.871094  0.929848  0.708412 
5  0.781160  0.679490  0.604851  0.540332  0.526929 0.0  0.843452  0.718569  0.881291  0.728688  0.654512  0.723025  0.741929  0.859680  0.829798  0.510839  0.576355  0.882961  0.817882  0.853695  0.156307  0.414521  0.667570  0.409285  0.694439  0.635711  0.533684  0.657729  0.567500  0.548704  0.413807  0.766127  0.709673  0.602852  0.442840  0.765398  0.860781  0.458596  0.653860  0.507649  0.722527  0.722037  0.748151  0.428640  0.778163  0.549763  0.851364  0.288196  0.615925  0.821350  0.785149  0.647660  0.819617  0.466529  0.405089  0.750985  0.482654  0.367612  0.745479  0.843658  0.675856 
6  0.590094  0.701732  0.851867  0.845376  0.944820  0.843452 0.0  0.574468  0.283563  0.399156  0.599998  0.526002  0.300059  0.292210  0.496543  0.843305  0.892192  0.660746  0.469083  0.492254  0.823630  0.787240  0.717405  0.795624  0.606960  0.559256  0.875036  0.492625  0.939411  0.890737  0.887186  0.613177  0.710733  0.871446  0.817485  0.509405  0.515176  0.697636  0.699575  0.756943  0.656098  0.393735  0.619992  0.839996  0.456401  0.787864  0.585632  0.717336  0.785652  0.440959  0.478459  0.552852  0.559412  0.907016  0.789335  0.724310  0.744149  0.780176  0.407755  0.434437  0.660126 
7  0.440976  0.601352  0.720749  0.921029  0.825740  0.718569  0.574468 0.0  0.634602  0.575476  0.616865  0.648958  0.580414  0.653512  0.652585  0.779252  0.775653  0.727512  0.632134  0.403346  0.679182  0.770631  0.633613  0.756776  0.667615  0.527387  0.731087  0.238017  0.836582  0.771605  0.811058  0.705510  0.596332  0.750122  0.590861  0.510310  0.761064  0.738845  0.674526  0.759817  0.439385  0.433270  0.637194  0.787622  0.392214  0.829902  0.462908  0.707996  0.815532  0.627465  0.502335  0.551029  0.651681  0.636381  0.752896  0.357297  0.631501  0.741992  0.631804  0.681278  0.463067 
8  0.583436  0.673115  0.978095  0.764438  0.803797  0.881291  0.283563  0.634602 0.0  0.541896  0.529271  0.490762  0.279969  0.328998  0.355523  0.837321  0.775914  0.516259  0.300770  0.534669  0.724947  0.726942  0.617178  0.876079  0.598667  0.600392  0.822986  0.536314  0.834273  0.898189  0.866022  0.513108  0.678306  0.777960  0.849561  0.660519  0.485745  0.697765  0.743312  0.780890  0.610903  0.456072  0.483425  0.746277  0.680091  0.857190  0.568403  0.618485  0.956600  0.496681  0.557662  0.608324  0.574074  0.681076  0.797260  0.613691  0.743571  0.838332  0.282829  0.297802  0.665059 
9  0.520750  0.750956  0.958534  0.904195  0.804638  0.728688  0.399156  0.575476  0.541896 0.0  0.416934  0.602859  0.459143  0.493794  0.486637  0.759872  0.781331  0.680983  0.590731  0.527676  0.872226  0.790310  0.689227  0.820299  0.684934  0.630936  0.772405  0.611564  0.828862  0.803435  0.823609  0.559708  0.699866  0.858642  0.875242  0.659498  0.495006  0.769708  0.770103  0.711933  0.644468  0.485760  0.567667  0.807316  0.516805  0.816140  0.570421  0.786575  0.854436  0.389994  0.631242  0.344971  0.650859  0.909087  0.846824  0.587948  0.750304  0.666575  0.457123  0.542363  0.714150 
10  0.537183  0.643195  0.742575  0.819070  0.723619  0.654512  0.599998  0.616865  0.529271  0.416934 0.0  0.416934  0.405204  0.494929  0.498710  0.789080  0.786050  0.507647  0.639762  0.354532  0.695800  0.737266  0.749016  0.763346  0.447711  0.393331  0.810748  0.501230  0.753094  0.706373  0.770909  0.552038  0.619949  0.735961  0.802099  0.364799  0.646016  0.608526  0.717352  0.695712  0.403402  0.411839  0.530519  0.692575  0.398633  0.906131  0.350794  0.798360  0.867422  0.584391  0.272086  0.461100  0.555197  0.784181  0.697974  0.597887  0.706617  0.721910  0.533630  0.591846  0.561196 
11  0.618042  0.811696  0.811724  0.935565  0.744934  0.723025  0.526002  0.648958  0.490762  0.602859  0.416934 0.0  0.454525  0.581858  0.533110  0.935426  0.742601  0.586193  0.577394  0.603913  0.730898  0.825579  0.744652  0.788849  0.477792  0.550722  0.750389  0.636313  0.777164  0.758074  0.866323  0.304570  0.724843  0.801682  0.737833  0.491218  0.584419  0.700943  0.721694  0.731407  0.609567  0.491142  0.652175  0.768019  0.568288  0.686645  0.589663  0.781062  0.859751  0.592191  0.278343  0.619122  0.366399  0.721714  0.757907  0.671854  0.819380  0.817114  0.442109  0.458559  0.545402 
12  0.594884  0.788437  0.783830  0.721189  0.808752  0.741929  0.300059  0.580414  0.279969  0.459143  0.405204  0.454525 0.0  0.458219  0.373590  0.834183  0.863531  0.624707  0.348226  0.516372  0.892648  0.674399  0.640203  0.761823  0.583221  0.543505  0.772634  0.530964  0.861605  0.834889  0.857496  0.450857  0.718831  0.841681  0.855351  0.529721  0.558804  0.814508  0.748048  0.781032  0.659197  0.528745  0.653450  0.700187  0.497084  0.816315  0.590084  0.840797  0.872287  0.522093  0.432028  0.595891  0.472981  0.650375  0.760727  0.573532  0.743008  0.820530  0.407780  0.276817  0.614951 
13  0.585778  0.667943  0.912799  0.852076  0.881829  0.859680  0.292210  0.653512  0.328998  0.493794  0.494929  0.581858  0.458219 0.0  0.516729  0.861694  0.880084  0.726178  0.424683  0.448492  0.634619  0.868252  0.726145  0.751274  0.608542  0.683198  0.906757  0.395289  0.903792  0.914666  0.809650  0.526338  0.690663  0.868445  0.972514  0.590714  0.525641  0.799540  0.767792  0.727809  0.569019  0.369758  0.669848  0.740864  0.624827  0.857465  0.503002  0.707154  0.869968  0.492837  0.436078  0.375748  0.547810  0.826491  0.739624  0.701828  0.935837  0.829757  0.499476  0.436724  0.597948 
14  0.761095  0.577124  0.777714  0.818707  0.794287  0.829798  0.496543  0.652585  0.355523  0.486637  0.498710  0.533110  0.373590  0.516729 0.0  0.789620  0.687750  0.559927  0.462500  0.616325  0.768233  0.782127  0.730661  0.869396  0.591917  0.576712  0.711329  0.662712  0.837330  0.830533  0.773550  0.419564  0.672568  0.809926  0.856080  0.611695  0.612527  0.766096  0.658400  0.803406  0.672273  0.534535  0.685210  0.841046  0.653649  0.880074  0.638086  0.774946  0.824569  0.617817  0.509737  0.480780  0.495601  0.759361  0.835136  0.674514  0.812050  0.751075  0.422828  0.459600  0.724779 
15  0.836996  0.667236  0.682271  0.616043  0.513856  0.510839  0.843305  0.779252  0.837321  0.759872  0.789080  0.935426  0.834183  0.861694  0.789620 0.0  0.376409  0.832137  0.698675  0.804185  0.414521  0.485030  0.598762  0.521670  0.813661  0.848682  0.428555  0.817509  0.569904  0.379910  0.371855  0.822149  0.687437  0.477000  0.421601  0.725216  0.875883  0.535871  0.618052  0.598529  0.726906  0.768973  0.771076  0.525008  0.763695  0.389534  0.794262  0.491703  0.641074  0.792149  0.837142  0.795619  0.819815  0.490812  0.493534  0.685263  0.442626  0.547326  0.720924  0.777355  0.617492 
16  0.883138  0.721633  0.550824  0.530385  0.438089  0.576355  0.892192  0.775653  0.775914  0.781331  0.786050  0.742601  0.863531  0.880084  0.687750  0.376409 0.0  0.835141  0.937268  0.728815  0.457752  0.486608  0.753828  0.445232  0.839960  0.612110  0.472164  0.826839  0.583220  0.483107  0.549195  0.776636  0.778072  0.554816  0.422282  0.723166  0.817919  0.486332  0.656300  0.521160  0.773951  0.832795  0.805982  0.398481  0.858311  0.447194  0.836690  0.504154  0.655097  0.826525  0.814135  0.843546  0.741303  0.582971  0.458212  0.835058  0.556857  0.571459  0.837926  0.769483  0.670246 
17  0.541549  0.791956  0.814212  0.828947  0.925358  0.882961  0.660746  0.727512  0.516259  0.680983  0.507647  0.586193  0.624707  0.726178  0.559927  0.832137  0.835141 0.0  0.486008  0.563274  0.821650  0.642491  0.749329  0.930642  0.678807  0.605751  0.919599  0.666612  0.901237  0.851873  0.905363  0.469087  0.799867  0.736114  0.852412  0.675420  0.566362  0.835541  0.730158  0.853775  0.702600  0.604556  0.736155  0.914226  0.651072  0.856674  0.571039  0.878102  1.000000  0.652433  0.656536  0.635826  0.668906  0.746339  0.738753  0.678764  0.795345  0.772983  0.577220  0.565312  0.766955 
18  0.736217  0.715625  0.841702  0.772899  0.813736  0.817882  0.469083  0.632134  0.300770  0.590731  0.639762  0.577394  0.348226  0.424683  0.462500  0.698675  0.937268  0.486008 0.0  0.598543  0.767127  0.833260  0.697224  0.920748  0.712215  0.661321  0.863338  0.497275  0.926552  0.803231  0.802173  0.597420  0.740027  0.796002  0.899946  0.586815  0.658089  0.881717  0.892741  0.728825  0.612765  0.503390  0.729966  0.762862  0.635461  0.784941  0.601861  0.837830  0.904708  0.556923  0.492887  0.653444  0.618999  0.835154  0.869589  0.698375  0.838240  0.857667  0.215896  0.310935  0.731086 
19  0.420825  0.627373  0.904987  0.745597  0.888888  0.853695  0.492254  0.403346  0.534669  0.527676  0.354532  0.603913  0.516372  0.448492  0.616325  0.804185  0.728815  0.563274  0.598543 0.0  0.804131  0.705304  0.678207  0.771325  0.531449  0.715049  0.785093  0.579880  0.731356  0.942400  0.822194  0.611065  0.636213  0.820571  0.733062  0.534301  0.555742  0.824933  0.679398  0.795132  0.505627  0.409569  0.588017  0.763852  0.348240  0.917270  0.329240  0.765642  0.809041  0.457626  0.508829  0.341071  0.653287  0.736031  0.763418  0.592994  0.734321  0.769825  0.566011  0.503826  0.560608 
20  0.748782  0.661575  0.567778  0.583509  0.380844  0.156307  0.823630  0.679182  0.724947  0.872226  0.695800  0.730898  0.892648  0.634619  0.768233  0.414521  0.457752  0.821650  0.767127  0.804131 0.0  0.358592  0.717395  0.476008  0.766540  0.712903  0.649827  0.733601  0.650471  0.631375  0.488656  0.768345  0.610042  0.453870  0.308243  0.823993  0.777355  0.419001  0.531130  0.459195  0.753453  0.756681  0.740632  0.305441  0.799829  0.460651  0.858254  0.277699  0.727440  0.788105  0.829129  0.935443  0.666160  0.439562  0.265957  0.685631  0.512459  0.519720  0.794421  0.834165  0.711128 
21  0.767246  0.661095  0.538758  0.616417  0.630964  0.414521  0.787240  0.770631  0.726942  0.790310  0.737266  0.825579  0.674399  0.868252  0.782127  0.485030  0.486608  0.642491  0.833260  0.705304  0.358592 0.0  0.701313  0.536150  0.689689  0.711525  0.663873  0.718596  0.588585  0.543894  0.544445  0.756331  0.619419  0.543571  0.411708  0.697417  0.818884  0.174592  0.531609  0.373794  0.672262  0.717965  0.667829  0.070774  0.732078  0.463565  0.704370  0.202674  0.653802  0.816076  0.725233  0.811438  0.777629  0.297291  0.251856  0.612587  0.625825  0.000000  0.836549  0.705753  0.752651 
22  0.697269  0.240565  0.762429  0.778689  0.635684  0.667570  0.717405  0.633613  0.617178  0.689227  0.749016  0.744652  0.640203  0.726145  0.730661  0.598762  0.753828  0.749329  0.697224  0.678207  0.717395  0.701313 0.0  0.722998  0.519305  0.790173  0.669558  0.544589  0.660964  0.676194  0.741958  0.679026  0.381642  0.747517  0.692917  0.618014  0.729651  0.753116  0.488540  0.680219  0.558140  0.717226  0.633863  0.642594  0.527672  0.666806  0.676884  0.663547  0.677369  0.788234  0.747848  0.692974  0.695128  0.724002  0.615827  0.482582  0.696202  0.645974  0.794476  0.767464  0.305425 
23  0.819875  0.695842  0.538395  0.647085  0.442947  0.409285  0.795624  0.756776  0.876079  0.820299  0.763346  0.788849  0.761823  0.751274  0.869396  0.521670  0.445232  0.930642  0.920748  0.771325  0.476008  0.536150  0.722998 0.0  0.757099  0.698694  0.570993  0.753885  0.448826  0.518251  0.404858  0.776577  0.756915  0.445592  0.510091  0.756969  0.851666  0.483538  0.675365  0.478853  0.778956  0.752634  0.821853  0.433681  0.767834  0.420419  0.744382  0.481292  0.666330  0.779625  0.766071  0.759862  0.814241  0.526550  0.430688  0.660896  0.503539  0.535438  0.888847  0.863556  0.652014 
24  0.516876  0.580675  0.735256  0.783401  0.821466  0.694439  0.606960  0.667615  0.598667  0.684934  0.447711  0.477792  0.583221  0.608542  0.591917  0.813661  0.839960  0.678807  0.712215  0.531449  0.766540  0.689689  0.519305  0.757099 0.0  0.169189  0.821510  0.672767  0.872596  0.825246  0.830595  0.635019  0.610623  0.725004  0.711122  0.350869  0.688877  0.716965  0.709877  0.746425  0.454863  0.563316  0.505955  0.740063  0.541360  0.862248  0.441927  0.875780  0.888951  0.650682  0.466927  0.623785  0.341897  0.763849  0.608524  0.532305  0.725405  0.794401  0.479343  0.686207  0.547040 
25  0.652582  0.585625  0.837474  0.810849  0.828943  0.635711  0.559256  0.527387  0.600392  0.630936  0.393331  0.550722  0.543505  0.683198  0.576712  0.848682  0.612110  0.605751  0.661321  0.715049  0.712903  0.711525  0.790173  0.698694  0.169189 0.0  0.763021  0.614770  0.847304  0.837502  0.847288  0.503714  0.536914  0.848551  0.691197  0.266313  0.680096  0.752799  0.672415  0.737996  0.359939  0.552166  0.513121  0.744649  0.499501  0.802095  0.553469  0.705096  0.820098  0.659479  0.504431  0.538709  0.438500  0.580418  0.650507  0.531908  0.827656  0.787150  0.581287  0.512217  0.663809 
26  0.839661  0.742205  0.657903  0.586817  0.600020  0.533684  0.875036  0.731087  0.822986  0.772405  0.810748  0.750389  0.772634  0.906757  0.711329  0.428555  0.472164  0.919599  0.863338  0.785093  0.649827  0.663873  0.669558  0.570993  0.821510  0.763021 0.0  0.946000  0.415596  0.205663  0.495209  0.908125  0.768025  0.577829  0.584332  0.839415  0.782054  0.665088  0.722578  0.675982  0.804738  0.871047  0.687881  0.627470  0.807415  0.487039  0.820355  0.620171  0.625176  0.843887  0.856238  0.855292  0.858251  0.614165  0.667801  0.810655  0.572489  0.621239  0.829225  0.770739  0.850709 
27  0.195728  0.520961  0.857621  0.848661  0.810984  0.657729  0.492625  0.238017  0.536314  0.611564  0.501230  0.636313  0.530964  0.395289  0.662712  0.817509  0.826839  0.666612  0.497275  0.579880  0.733601  0.718596  0.544589  0.753885  0.672767  0.614770  0.946000 0.0  0.853703  0.753792  0.775663  0.542481  0.656616  0.870532  0.822852  0.458544  0.670967  0.722551  0.641411  0.710158  0.328711  0.572987  0.658689  0.616192  0.326969  0.812441  0.417800  0.740071  0.807924  0.590023  0.573290  0.422396  0.654963  0.696535  0.829235  0.518640  0.829871  0.719285  0.676048  0.642780  0.644332 
28  0.864613  0.686672  0.414689  0.274086  0.219319  0.567500  0.939411  0.836582  0.834273  0.828862  0.753094  0.777164  0.861605  0.903792  0.837330  0.569904  0.583220  0.901237  0.926552  0.731356  0.650471  0.588585  0.660964  0.448826  0.872596  0.847304  0.415596  0.853703 0.0  0.447493  0.351438  0.814945  0.863273  0.205646  0.558665  0.846285  0.861961  0.543067  0.642119  0.736003  0.752968  0.772728  0.856259  0.658750  0.881652  0.477408  0.833661  0.551608  0.656747  0.792950  0.785876  0.829324  0.871206  0.676231  0.618396  0.716259  0.541662  0.648002  0.909892  0.814807  0.750246 
29  0.839804  0.807890  0.706005  0.507791  0.540814  0.548704  0.890737  0.771605  0.898189  0.803435  0.706373  0.758074  0.834889  0.914666  0.830533  0.379910  0.483107  0.851873  0.803231  0.942400  0.631375  0.543894  0.676194  0.518251  0.825246  0.837502  0.205663  0.753792  0.447493 0.0  0.615444  0.858155  0.652039  0.519858  0.512047  0.791141  0.793999  0.604764  0.561724  0.671055  0.880695  0.866056  0.693688  0.592626  0.841824  0.409670  0.838202  0.503027  0.491264  0.927340  0.822932  0.913965  0.864530  0.637096  0.442507  0.763247  0.500292  0.549426  0.882306  0.717377  0.673789 
30  0.835284  0.748833  0.277757  0.275251  0.244541  0.413807  0.887186  0.811058  0.866022  0.823609  0.770909  0.866323  0.857496  0.809650  0.773550  0.371855  0.549195  0.905363  0.802173  0.822194  0.488656  0.544445  0.741958  0.404858  0.830595  0.847288  0.495209  0.775663  0.351438  0.615444 0.0  0.882827  0.691790  0.511540  0.467864  0.724837  0.872393  0.535287  0.656213  0.593356  0.828183  0.737378  0.712738  0.540130  0.829204  0.496046  0.781500  0.517460  0.571129  0.789947  0.790311  0.794894  0.745012  0.569873  0.512858  0.675565  0.662698  0.588316  0.872640  0.903000  0.663821 
31  0.713612  0.628483  0.902195  0.850005  0.769444  0.766127  0.613177  0.705510  0.513108  0.559708  0.552038  0.304570  0.450857  0.526338  0.419564  0.822149  0.776636  0.469087  0.597420  0.611065  0.768345  0.756331  0.679026  0.776577  0.635019  0.503714  0.908125  0.542481  0.814945  0.858155  0.882827 0.0  0.653342  0.857685  0.831493  0.433284  0.617644  0.764128  0.695322  0.802346  0.630109  0.655319  0.593535  0.825002  0.600500  0.846314  0.654999  0.623415  0.873884  0.668732  0.570371  0.575090  0.268076  0.806626  0.748136  0.552748  0.756819  0.716352  0.549074  0.679391  0.651224 
32  0.500885  0.407037  0.776873  0.910171  0.802486  0.709673  0.710733  0.596332  0.678306  0.699866  0.619949  0.724843  0.718831  0.690663  0.672568  0.687437  0.778072  0.799867  0.740027  0.636213  0.610042  0.619419  0.381642  0.756915  0.610623  0.536914  0.768025  0.656616  0.863273  0.652039  0.691790  0.653342 0.0  0.730714  0.720113  0.658565  0.778292  0.689383  0.574617  0.633660  0.537397  0.700525  0.523000  0.712725  0.489363  0.623562  0.580732  0.681671  0.749520  0.787908  0.626039  0.688071  0.630761  0.697813  0.571948  0.509815  0.625536  0.673952  0.645553  0.717894  0.376141 
33  0.901003  0.832556  0.500394  0.416993  0.345320  0.602852  0.871446  0.750122  0.777960  0.858642  0.735961  0.801682  0.841681  0.868445  0.809926  0.477000  0.554816  0.736114  0.796002  0.820571  0.453870  0.543571  0.747517  0.445592  0.725004  0.848551  0.577829  0.870532  0.205646  0.519858  0.511540  0.857685  0.730714 0.0  0.582610  0.859167  0.838550  0.613761  0.569975  0.623751  0.809319  0.840485  0.663963  0.626236  0.773944  0.545387  0.720994  0.643569  0.549038  0.787631  0.852758  0.857065  0.806536  0.667757  0.667467  0.771681  0.588986  0.562878  0.846757  0.732377  0.651933 
34  0.776393  0.734249  0.719367  0.734057  0.575410  0.442840  0.817485  0.590861  0.849561  0.875242  0.802099  0.737833  0.855351  0.972514  0.856080  0.421601  0.422282  0.852412  0.899946  0.733062  0.308243  0.411708  0.692917  0.510091  0.711122  0.691197  0.584332  0.822852  0.558665  0.512047  0.467864  0.831493  0.720113  0.582610 0.0  0.681856  0.867455  0.456179  0.688556  0.533147  0.805004  0.824092  0.787740  0.378120  0.776048  0.400868  0.603273  0.344127  0.637825  0.864129  0.746913  0.781005  0.905952  0.431028  0.320481  0.823746  0.438755  0.443821  0.746714  0.743792  0.701374 
35  0.481117  0.650019  0.817897  0.759642  0.687064  0.765398  0.509405  0.510310  0.660519  0.659498  0.364799  0.491218  0.529721  0.590714  0.611695  0.725216  0.723166  0.675420  0.586815  0.534301  0.823993  0.697417  0.618014  0.756969  0.350869  0.266313  0.839415  0.458544  0.846285  0.791141  0.724837  0.433284  0.658565  0.859167  0.681856 0.0  0.579986  0.699867  0.692729  0.773997  0.566877  0.442123  0.511914  0.842476  0.451351  0.853007  0.440657  0.822127  0.730543  0.548467  0.354194  0.562477  0.435949  0.758371  0.738561  0.526466  0.749098  0.760691  0.573619  0.499177  0.646299 
36  0.598409  0.744124  0.840849  0.924007  0.709034  0.860781  0.515176  0.761064  0.485745  0.495006  0.646016  0.584419  0.558804  0.525641  0.612527  0.875883  0.817919  0.566362  0.658089  0.555742  0.777355  0.818884  0.729651  0.851666  0.688877  0.680096  0.782054  0.670967  0.861961  0.793999  0.872393  0.617644  0.778292  0.838550  0.867455  0.579986 0.0  0.760948  0.893322  0.847175  0.729009  0.598343  0.665950  0.786649  0.628686  0.857485  0.479746  0.825584  0.936221  0.220357  0.635320  0.564799  0.666643  0.815010  0.817791  0.627053  0.970949  0.708597  0.620201  0.576678  0.795688 
37  0.709132  0.665692  0.628400  0.614165  0.549125  0.458596  0.697636  0.738845  0.697765  0.769708  0.608526  0.700943  0.814508  0.799540  0.766096  0.535871  0.486332  0.835541  0.881717  0.824933  0.419001  0.174592  0.753116  0.483538  0.716965  0.752799  0.665088  0.722551  0.543067  0.604764  0.535287  0.764128  0.689383  0.613761  0.456179  0.699867  0.760948 0.0  0.603084  0.259385  0.671689  0.822195  0.740927  0.067203  0.773250  0.392572  0.849122  0.290384  0.696459  0.777937  0.737594  0.755385  0.760710  0.387176  0.179572  0.714068  0.482480  0.277372  0.836668  0.801297  0.674856 
38  0.658127  0.659396  0.726713  0.704787  0.748105  0.653860  0.699575  0.674526  0.743312  0.770103  0.717352  0.721694  0.748048  0.767792  0.658400  0.618052  0.656300  0.730158  0.892741  0.679398  0.531130  0.531609  0.488540  0.675365  0.709877  0.672415  0.722578  0.641411  0.642119  0.561724  0.656213  0.695322  0.574617  0.569975  0.688556  0.692729  0.893322  0.603084 0.0  0.557548  0.707524  0.746785  0.708110  0.514151  0.629232  0.624286  0.719913  0.608377  0.781541  0.749998  0.742756  0.786516  0.660241  0.623823  0.632427  0.641726  0.433963  0.601964  0.719034  0.836520  0.555832 
39  0.719079  0.625980  0.647481  0.510947  0.516287  0.507649  0.756943  0.759817  0.780890  0.711933  0.695712  0.731407  0.781032  0.727809  0.803406  0.598529  0.521160  0.853775  0.728825  0.795132  0.459195  0.373794  0.680219  0.478853  0.746425  0.737996  0.675982  0.710158  0.736003  0.671055  0.593356  0.802346  0.633660  0.623751  0.533147  0.773997  0.847175  0.259385  0.557548 0.0  0.628773  0.763320  0.694541  0.371242  0.720453  0.459956  0.751853  0.343321  0.699410  0.915270  0.882509  0.823175  0.824930  0.448167  0.350441  0.740267  0.449859  0.407211  0.891524  0.796822  0.642646 
40  0.485508  0.531083  0.851607  0.663288  0.770204  0.722527  0.656098  0.439385  0.610903  0.644468  0.403402  0.609567  0.659197  0.569019  0.672273  0.726906  0.773951  0.702600  0.612765  0.505627  0.753453  0.672262  0.558140  0.778956  0.454863  0.359939  0.804738  0.328711  0.752968  0.880695  0.828183  0.630109  0.537397  0.809319  0.805004  0.566877  0.729009  0.671689  0.707524  0.628773 0.0  0.569349  0.684054  0.699344  0.442094  0.785729  0.462658  0.732825  0.799668  0.659727  0.466903  0.588955  0.515103  0.646690  0.749977  0.466827  0.679950  0.659786  0.602507  0.493790  0.541118 
41  0.436481  0.619308  0.850313  0.879018  0.827824  0.722037  0.393735  0.433270  0.456072  0.485760  0.411839  0.491142  0.528745  0.369758  0.534535  0.768973  0.832795  0.604556  0.503390  0.409569  0.756681  0.717965  0.717226  0.752634  0.563316  0.552166  0.871047  0.572987  0.772728  0.866056  0.737378  0.655319  0.700525  0.840485  0.824092  0.442123  0.598343  0.822195  0.746785  0.763320  0.569349 0.0  0.577892  0.723712  0.440175  0.730586  0.285376  0.819527  0.821101  0.500688  0.482394  0.424990  0.548765  0.725201  0.780068  0.611825  0.726201  0.813876  0.490689  0.522098  0.691140 
42  0.720469  0.535713  0.734996  0.700576  0.692551  0.748151  0.619992  0.637194  0.483425  0.567667  0.530519  0.652175  0.653450  0.669848  0.685210  0.771076  0.805982  0.736155  0.729966  0.588017  0.740632  0.667829  0.633863  0.821853  0.505955  0.513121  0.687881  0.658689  0.856259  0.693688  0.712738  0.593535  0.523000  0.663963  0.787740  0.511914  0.665950  0.740927  0.708110  0.694541  0.684054  0.577892 0.0  0.647817  0.642947  0.714935  0.673452  0.738414  0.836282  0.732157  0.601169  0.631478  0.519377  0.796800  0.717863  0.475731  0.777171  0.656459  0.561961  0.588664  0.630843 
43  0.762059  0.641840  0.618978  0.622368  0.559812  0.428640  0.839996  0.787622  0.746277  0.807316  0.692575  0.768019  0.700187  0.740864  0.841046  0.525008  0.398481  0.914226  0.762862  0.763852  0.305441  0.070774  0.642594  0.433681  0.740063  0.744649  0.627470  0.616192  0.658750  0.592626  0.540130  0.825002  0.712725  0.626236  0.378120  0.842476  0.786649  0.067203  0.514151  0.371242  0.699344  0.723712  0.647817 0.0  0.709463  0.487513  0.706685  0.237889  0.684263  0.855491  0.732383  0.813840  0.705639  0.347195  0.042688  0.675093  0.417204  0.312350  0.785205  0.848179  0.713733 
44  0.234578  0.607527  0.919899  0.865384  0.727812  0.778163  0.456401  0.392214  0.680091  0.516805  0.398633  0.568288  0.497084  0.624827  0.653649  0.763695  0.858311  0.651072  0.635461  0.348240  0.799829  0.732078  0.527672  0.767834  0.541360  0.499501  0.807415  0.326969  0.881652  0.841824  0.829204  0.600500  0.489363  0.773944  0.776048  0.451351  0.628686  0.773250  0.629232  0.720453  0.442094  0.440175  0.642947  0.709463 0.0  0.869936  0.316787  0.760802  0.859609  0.623755  0.477991  0.528126  0.531718  0.764602  0.786784  0.489575  0.811671  0.828517  0.594649  0.573576  0.578794 
45  0.764905  0.570218  0.586959  0.604200  0.487505  0.549763  0.787864  0.829902  0.857190  0.816140  0.906131  0.686645  0.816315  0.857465  0.880074  0.389534  0.447194  0.856674  0.784941  0.917270  0.460651  0.463565  0.666806  0.420419  0.862248  0.802095  0.487039  0.812441  0.477408  0.409670  0.496046  0.846314  0.623562  0.545387  0.400868  0.853007  0.857485  0.392572  0.624286  0.459956  0.785729  0.730586  0.714935  0.487513  0.869936 0.0  0.759420  0.431513  0.600122  0.905939  0.888802  0.817087  0.711496  0.499364  0.417169  0.723119  0.494473  0.410086  0.924213  0.823234  0.644114 
46  0.451537  0.517358  0.798116  0.864490  0.728493  0.851364  0.585632  0.462908  0.568403  0.570421  0.350794  0.589663  0.590084  0.503002  0.638086  0.794262  0.836690  0.571039  0.601861  0.329240  0.858254  0.704370  0.676884  0.744382  0.441927  0.553469  0.820355  0.417800  0.833661  0.838202  0.781500  0.654999  0.580732  0.720994  0.603273  0.440657  0.479746  0.849122  0.719913  0.751853  0.462658  0.285376  0.673452  0.706685  0.316787  0.759420 0.0  0.767594  0.792760  0.651226  0.347825  0.397716  0.571350  0.745200  0.757830  0.598580  0.756467  0.844150  0.630094  0.552360  0.612191 
47  0.727943  0.565143  0.574701  0.595935  0.502564  0.288196  0.717336  0.707996  0.618485  0.786575  0.798360  0.781062  0.840797  0.707154  0.774946  0.491703  0.504154  0.878102  0.837830  0.765642  0.277699  0.202674  0.663547  0.481292  0.875780  0.705096  0.620171  0.740071  0.551608  0.503027  0.517460  0.623415  0.681671  0.643569  0.344127  0.822127  0.825584  0.290384  0.608377  0.343321  0.732825  0.819527  0.738414  0.237889  0.760802  0.431513  0.767594 0.0  0.704239  0.697079  0.696496  0.633425  0.684905  0.489243  0.219910  0.658675  0.502837  0.233248  0.811745  0.703811  0.700384 
48  0.739938  0.716160  0.732188  0.645820  0.644453  0.615925  0.785652  0.815532  0.956600  0.854436  0.867422  0.859751  0.872287  0.869968  0.824569  0.641074  0.655097  1.000000  0.904708  0.809041  0.727440  0.653802  0.677369  0.666330  0.888951  0.820098  0.625176  0.807924  0.656747  0.491264  0.571129  0.873884  0.749520  0.549038  0.637825  0.730543  0.936221  0.696459  0.781541  0.699410  0.799668  0.821101  0.836282  0.684263  0.859609  0.600122  0.792760  0.704239 0.0  0.816405  0.936292  0.908013  0.894813  0.608346  0.613574  0.834273  0.724325  0.660714  0.895148  0.923644  0.787738 
49  0.496125  0.688538  0.859793  0.923361  0.808385  0.821350  0.440959  0.627465  0.496681  0.389994  0.584391  0.592191  0.522093  0.492837  0.617817  0.792149  0.826525  0.652433  0.556923  0.457626  0.788105  0.816076  0.788234  0.779625  0.650682  0.659479  0.843887  0.590023  0.792950  0.927340  0.789947  0.668732  0.787908  0.787631  0.864129  0.548467  0.220357  0.777937  0.749998  0.915270  0.659727  0.500688  0.732157  0.855491  0.623755  0.905939  0.651226  0.697079  0.816405 0.0  0.645971  0.564038  0.712361  0.849145  0.753851  0.804903  0.744332  0.764701  0.533106  0.477617  0.766066 
50  0.456583  0.679700  0.915193  0.805457  0.906653  0.785149  0.478459  0.502335  0.557662  0.631242  0.272086  0.278343  0.432028  0.436078  0.509737  0.837142  0.814135  0.656536  0.492887  0.508829  0.829129  0.725233  0.747848  0.766071  0.466927  0.504431  0.856238  0.573290  0.785876  0.822932  0.790311  0.570371  0.626039  0.852758  0.746913  0.354194  0.635320  0.737594  0.742756  0.882509  0.466903  0.482394  0.601169  0.732383  0.477991  0.888802  0.347825  0.696496  0.936292  0.645971 0.0  0.598621  0.420566  0.810390  0.702176  0.548121  0.717521  0.759281  0.578287  0.445867  0.567482 
51  0.537270  0.637526  0.813306  0.827724  0.820130  0.647660  0.552852  0.551029  0.608324  0.344971  0.461100  0.619122  0.595891  0.375748  0.480780  0.795619  0.843546  0.635826  0.653444  0.341071  0.935443  0.811438  0.692974  0.759862  0.623785  0.538709  0.855292  0.422396  0.829324  0.913965  0.794894  0.575090  0.688071  0.857065  0.781005  0.562477  0.564799  0.755385  0.786516  0.823175  0.588955  0.424990  0.631478  0.813840  0.528126  0.817087  0.397716  0.633425  0.908013  0.564038  0.598621 0.0  0.593672  0.773789  0.851206  0.610845  0.778832  0.732269  0.617419  0.577154  0.695940 
52  0.545447  0.721959  0.843372  0.779288  0.760476  0.819617  0.559412  0.651681  0.574074  0.650859  0.555197  0.366399  0.472981  0.547810  0.495601  0.819815  0.741303  0.668906  0.618999  0.653287  0.666160  0.777629  0.695128  0.814241  0.341897  0.438500  0.858251  0.654963  0.871206  0.864530  0.745012  0.268076  0.630761  0.806536  0.905952  0.435949  0.666643  0.760710  0.660241  0.824930  0.515103  0.548765  0.519377  0.705639  0.531718  0.711496  0.571350  0.684905  0.894813  0.712361  0.420566  0.593672 0.0  0.789558  0.808574  0.599390  0.779861  0.795386  0.608959  0.466388  0.773785 
53  0.687131  0.728840  0.733252  0.701683  0.583717  0.466529  0.907016  0.636381  0.681076  0.909087  0.784181  0.721714  0.650375  0.826491  0.759361  0.490812  0.582971  0.746339  0.835154  0.736031  0.439562  0.297291  0.724002  0.526550  0.763849  0.580418  0.614165  0.696535  0.676231  0.637096  0.569873  0.806626  0.697813  0.667757  0.431028  0.758371  0.815010  0.387176  0.623823  0.448167  0.646690  0.725201  0.796800  0.347195  0.764602  0.499364  0.745200  0.489243  0.608346  0.849145  0.810390  0.773789  0.789558 0.0  0.337067  0.658981  0.594469  0.274693  0.822564  0.891652  0.625594 
54  0.704914  0.547736  0.650153  0.610373  0.639405  0.405089  0.789335  0.752896  0.797260  0.846824  0.697974  0.757907  0.760727  0.739624  0.835136  0.493534  0.458212  0.738753  0.869589  0.763418  0.265957  0.251856  0.615827  0.430688  0.608524  0.650507  0.667801  0.829235  0.618396  0.442507  0.512858  0.748136  0.571948  0.667467  0.320481  0.738561  0.817791  0.179572  0.632427  0.350441  0.749977  0.780068  0.717863  0.042688  0.786784  0.417169  0.757830  0.219910  0.613574  0.753851  0.702176  0.851206  0.808574  0.337067 0.0  0.658425  0.503148  0.245463  0.776071  0.748346  0.596511 
55  0.565808  0.486136  0.717618  0.754854  0.776407  0.750985  0.724310  0.357297  0.613691  0.587948  0.597887  0.671854  0.573532  0.701828  0.674514  0.685263  0.835058  0.678764  0.698375  0.592994  0.685631  0.612587  0.482582  0.660896  0.532305  0.531908  0.810655  0.518640  0.716259  0.763247  0.675565  0.552748  0.509815  0.771681  0.823746  0.526466  0.627053  0.714068  0.641726  0.740267  0.466827  0.611825  0.475731  0.675093  0.489575  0.723119  0.598580  0.658675  0.834273  0.804903  0.548121  0.610845  0.599390  0.658981  0.658425 0.0  0.760648  0.613272  0.566138  0.732664  0.438686 
56  0.832822  0.610835  0.587810  0.703146  0.501838  0.482654  0.744149  0.631501  0.743571  0.750304  0.706617  0.819380  0.743008  0.935837  0.812050  0.442626  0.556857  0.795345  0.838240  0.734321  0.512459  0.625825  0.696202  0.503539  0.725405  0.827656  0.572489  0.829871  0.541662  0.500292  0.662698  0.756819  0.625536  0.588986  0.438755  0.749098  0.970949  0.482480  0.433963  0.449859  0.679950  0.726201  0.777171  0.417204  0.811671  0.494473  0.756467  0.502837  0.724325  0.744332  0.717521  0.778832  0.779861  0.594469  0.503148  0.760648 0.0  0.650815  0.807120  0.972007  0.666577 
57  0.799813  0.660654  0.640275  0.598582  0.681355  0.367612  0.780176  0.741992  0.838332  0.666575  0.721910  0.817114  0.820530  0.829757  0.751075  0.547326  0.571459  0.772983  0.857667  0.769825  0.519720  0.000000  0.645974  0.535438  0.794401  0.787150  0.621239  0.719285  0.648002  0.549426  0.588316  0.716352  0.673952  0.562878  0.443821  0.760691  0.708597  0.277372  0.601964  0.407211  0.659786  0.813876  0.656459  0.312350  0.828517  0.410086  0.844150  0.233248  0.660714  0.764701  0.759281  0.732269  0.795386  0.274693  0.245463  0.613272  0.650815 0.0  0.874112  0.888369  0.620286 
58  0.506907  0.713865  0.843888  0.847356  0.871094  0.745479  0.407755  0.631804  0.282829  0.457123  0.533630  0.442109  0.407780  0.499476  0.422828  0.720924  0.837926  0.577220  0.215896  0.566011  0.794421  0.836549  0.794476  0.888847  0.479343  0.581287  0.829225  0.676048  0.909892  0.882306  0.872640  0.549074  0.645553  0.846757  0.746714  0.573619  0.620201  0.836668  0.719034  0.891524  0.602507  0.490689  0.561961  0.785205  0.594649  0.924213  0.630094  0.811745  0.895148  0.533106  0.578287  0.617419  0.608959  0.822564  0.776071  0.566138  0.807120  0.874112 0.0  0.001353  0.613319 
59  0.630877  0.697390  0.835594  0.786921  0.929848  0.843658  0.434437  0.681278  0.297802  0.542363  0.591846  0.458559  0.276817  0.436724  0.459600  0.777355  0.769483  0.565312  0.310935  0.503826  0.834165  0.705753  0.767464  0.863556  0.686207  0.512217  0.770739  0.642780  0.814807  0.717377  0.903000  0.679391  0.717894  0.732377  0.743792  0.499177  0.576678  0.801297  0.836520  0.796822  0.493790  0.522098  0.588664  0.848179  0.573576  0.823234  0.552360  0.703811  0.923644  0.477617  0.445867  0.577154  0.466388  0.891652  0.748346  0.732664  0.972007  0.888369  0.001353 0.0  0.645598 
60  0.672344  0.219546  0.716274  0.691357  0.708412  0.675856  0.660126  0.463067  0.665059  0.714150  0.561196  0.545402  0.614951  0.597948  0.724779  0.617492  0.670246  0.766955  0.731086  0.560608  0.711128  0.752651  0.305425  0.652014  0.547040  0.663809  0.850709  0.644332  0.750246  0.673789  0.663821  0.651224  0.376141  0.651933  0.701374  0.646299  0.795688  0.674856  0.555832  0.642646  0.541118  0.691140  0.630843  0.713733  0.578794  0.644114  0.612191  0.700384  0.787738  0.766066  0.567482  0.695940  0.773785  0.625594  0.596511  0.438686  0.666577  0.620286  0.613319  0.645598 0.0 
