61
0 0.0  0.684889  0.821252  0.826203  0.772259  0.782128  0.615313  0.361277  0.533547  0.450733  0.559952  0.601502  0.576350  0.583306  0.647515  0.747403  0.769500  0.758359  0.756796  0.531912  0.799459  0.831444  0.638570  0.847960  0.622855  0.609156  0.824386  0.196800  0.714221  0.751888  0.670824  0.674244  0.532309  0.807218  0.760705  0.496149  0.614423  0.818891  0.601938  0.751546  0.381609  0.611277  0.568932  0.769319  0.392661  0.759454  0.346431  0.889602  0.840087  0.631222  0.470799  0.494270  0.621799  0.651076  0.817039  0.490464  0.715019  0.738071  0.673899  0.641111  0.615386 
1  0.684889 0.0  0.717562  0.708655  0.646257  0.701198  0.682558  0.542903  0.833392  0.635230  0.765162  0.608019  0.760425  0.635937  0.722129  0.672280  0.716985  0.708547  0.745970  0.696775  0.641506  0.597268  0.385045  0.641325  0.661470  0.627670  0.835928  0.662208  0.810361  0.744318  0.798641  0.615876  0.343328  0.805479  0.698986  0.597019  0.702269  0.594478  0.461868  0.569785  0.674997  0.749365  0.515460  0.630845  0.651328  0.764480  0.536033  0.744700  0.692982  0.755137  0.732966  0.703466  0.589122  0.695422  0.670425  0.625217  0.702588  0.617504  0.685520  0.793249  0.266439 
2  0.821252  0.717562 0.0  0.373598  0.646260  0.557280  0.945225  0.801866  0.829782  0.785486  0.895790  0.967559  0.944440  0.860918  0.879897  0.527022  0.412787  0.948186  0.864719  0.819643  0.619137  0.637530  0.733545  0.523498  0.738250  0.804768  0.632525  0.849809  0.445669  0.624425  0.434318  0.864493  0.859653  0.500799  0.647600  0.770719  0.774055  0.610011  0.672501  0.705637  0.720009  0.888281  0.816688  0.749516  0.881228  0.590970  0.793120  0.622106  0.585918  0.909655  0.829169  0.886247  0.806982  0.641493  0.670941  0.813027  0.697801  0.704880  0.846542  0.858217  0.678931 
3  0.826203  0.708655  0.373598 0.0  0.412322  0.686635  0.870814  0.876572  0.831605  0.946789  0.825965  0.803486  0.837140  0.826642  0.927682  0.612448  0.472778  0.796472  0.838225  0.852937  0.569313  0.616051  0.764863  0.497428  0.879060  0.793676  0.544978  0.795323  0.400997  0.485089  0.422076  0.965360  0.738527  0.386131  0.544545  0.846748  0.894830  0.725398  0.784583  0.753805  0.814620  0.870681  0.885983  0.596641  0.678822  0.571745  0.747621  0.786775  0.576449  0.842894  0.834662  0.853853  0.830448  0.592345  0.618206  0.784192  0.648823  0.627303  0.736272  0.975868  0.766532 
4  0.772259  0.646257  0.646260  0.412322 0.0  0.549443  0.774831  0.842632  0.880584  0.873900  0.838427  0.878124  0.825238  0.780957  0.759726  0.521122  0.309965  0.900605  0.829203  0.794518  0.493292  0.514126  0.694671  0.357984  0.780050  0.841902  0.589164  0.780398  0.286681  0.481854  0.242225  0.786914  0.763778  0.279263  0.526002  0.808923  0.917716  0.625701  0.593600  0.670392  0.783884  0.714167  0.701654  0.651660  0.838194  0.526217  0.832225  0.503051  0.703872  0.956154  0.795210  0.794671  0.814730  0.681931  0.556604  0.755353  0.514899  0.480645  0.855628  0.818374  0.707288 
5  0.782128  0.701198  0.557280  0.686635  0.549443 0.0  0.730278  0.741926  0.793778  0.702693  0.788011  0.877436  0.702805  0.713587  0.782904  0.480873  0.447528  0.831425  0.897648  0.787438  0.171253  0.388472  0.582043  0.493896  0.728913  0.748356  0.669322  0.688034  0.560746  0.718177  0.530542  0.792924  0.771187  0.609159  0.342480  0.762044  0.804592  0.344234  0.702271  0.530454  0.657127  0.774248  0.717765  0.409381  0.841299  0.402323  0.697372  0.294185  0.718239  0.859046  0.716158  0.742339  0.808271  0.478537  0.253455  0.585731  0.568772  0.336411  0.721813  0.811220  0.718633 
6  0.615313  0.682558  0.945225  0.870814  0.774831  0.730278 0.0  0.704324  0.264343  0.535716  0.631163  0.538533  0.303893  0.263850  0.508949  0.784565  0.830198  0.666289  0.527829  0.604566  0.876522  0.759111  0.782562  0.893003  0.586644  0.609024  0.827978  0.662047  0.769537  0.928160  0.860683  0.671648  0.732500  0.891433  0.745539  0.586662  0.451632  0.767942  0.706140  0.895849  0.641809  0.494529  0.673475  0.855842  0.542057  0.823110  0.448540  0.757119  0.788424  0.521128  0.615852  0.491354  0.553467  0.757628  0.870378  0.775418  0.796511  0.799719  0.375416  0.405425  0.708404 
7  0.361277  0.542903  0.801866  0.876572  0.842632  0.741926  0.704324 0.0  0.498002  0.616628  0.448389  0.658725  0.625461  0.581524  0.649068  0.787440  0.796855  0.700116  0.641136  0.411009  0.799324  0.633540  0.597229  0.765370  0.609973  0.679833  0.811664  0.272820  0.827731  0.809720  0.784525  0.647316  0.576785  0.736077  0.705771  0.498911  0.639392  0.611299  0.683261  0.674894  0.384866  0.543604  0.589204  0.727301  0.330576  0.871120  0.339698  0.819232  0.779055  0.687243  0.495698  0.540056  0.556087  0.735246  0.766160  0.457051  0.826966  0.770805  0.631193  0.442397  0.500230 
8  0.533547  0.833392  0.829782  0.831605  0.880584  0.793778  0.264343  0.498002 0.0  0.570673  0.491769  0.535084  0.418900  0.391650  0.583890  0.811570  0.898811  0.612653  0.352949  0.537314  0.874011  0.757388  0.711602  0.787023  0.572319  0.668640  0.809141  0.639060  0.857515  0.841181  0.985205  0.523441  0.741850  0.793266  0.891266  0.621955  0.579339  0.749528  0.771720  0.750401  0.651107  0.430274  0.697663  0.963528  0.598724  0.891377  0.426117  0.913307  0.849163  0.432532  0.427930  0.582807  0.554802  0.784587  0.826938  0.632539  0.925582  0.888804  0.278815  0.218723  0.664671 
9  0.450733  0.635230  0.785486  0.946789  0.873900  0.702693  0.535716  0.616628  0.570673 0.0  0.641442  0.724058  0.531612  0.413768  0.579426  0.832998  0.727199  0.719316  0.540233  0.459773  0.631797  0.774455  0.671298  0.847479  0.637572  0.550822  0.868315  0.615061  0.940451  0.796764  0.824554  0.645960  0.718271  0.873263  0.776155  0.498415  0.413298  0.670394  0.794350  0.785803  0.595407  0.574379  0.707399  0.891267  0.505551  0.816936  0.498436  0.824156  0.888702  0.452250  0.506224  0.429703  0.663375  0.858298  0.842797  0.667675  0.904556  0.904595  0.573780  0.538964  0.752420 
10  0.559952  0.765162  0.895790  0.825965  0.838427  0.788011  0.631163  0.448389  0.491769  0.641442 0.0  0.435529  0.503644  0.465365  0.560908  0.963236  0.873234  0.558864  0.615946  0.476899  0.824074  0.796569  0.683646  0.770281  0.518123  0.443474  0.745780  0.516041  0.768857  0.810905  0.782310  0.558884  0.667121  0.818943  0.755713  0.403616  0.648931  0.799048  0.708667  0.761234  0.497794  0.338856  0.528483  0.738340  0.404762  0.772345  0.473201  0.746016  0.835756  0.668276  0.112689  0.529754  0.533277  0.885875  0.680569  0.545050  0.830178  0.867449  0.605862  0.531017  0.551197 
11  0.601502  0.608019  0.967559  0.803486  0.878124  0.877436  0.538533  0.658725  0.535084  0.724058  0.435529 0.0  0.539199  0.576980  0.454968  0.785348  0.811780  0.608220  0.490366  0.503244  0.747935  0.760275  0.769716  0.793376  0.577571  0.451885  0.884448  0.554084  0.847403  0.867075  0.754755  0.492071  0.697738  0.851417  0.807451  0.508745  0.618068  0.810584  0.652864  0.663329  0.491456  0.503755  0.620660  0.752862  0.668249  0.851495  0.502131  0.808485  0.813524  0.650018  0.432707  0.564713  0.351023  0.768174  0.801824  0.495096  0.791829  0.734668  0.450979  0.486162  0.633398 
12  0.576350  0.760425  0.944440  0.837140  0.825238  0.702805  0.303893  0.625461  0.418900  0.531612  0.503644  0.539199 0.0  0.288659  0.405367  0.732723  0.772998  0.589124  0.326713  0.588008  0.843918  0.827395  0.718763  0.902180  0.653743  0.573621  0.908220  0.676467  0.889337  0.841533  0.827819  0.444424  0.805569  0.814563  0.814415  0.481496  0.548375  0.830347  0.798596  0.760259  0.496903  0.485552  0.727768  0.752909  0.564629  0.878319  0.564971  0.832060  0.937624  0.532936  0.425720  0.552934  0.445894  0.723276  0.858389  0.672817  0.827179  0.776754  0.353671  0.174725  0.676709 
13  0.583306  0.635937  0.860918  0.826642  0.780957  0.713587  0.263850  0.581524  0.391650  0.413768  0.465365  0.576980  0.288659 0.0  0.471691  0.779207  0.749377  0.637722  0.518961  0.445459  0.808967  0.773780  0.667601  0.763191  0.646095  0.566952  0.836976  0.657826  0.835056  0.869991  0.833895  0.490347  0.635210  0.859580  0.773519  0.567349  0.606737  0.775934  0.652629  0.780232  0.550462  0.287948  0.680144  0.885229  0.590988  0.836036  0.541525  0.814691  0.874719  0.383694  0.429441  0.465099  0.704410  0.747855  0.743194  0.659496  0.713618  0.845464  0.451219  0.366656  0.725931 
14  0.647515  0.722129  0.879897  0.927682  0.759726  0.782904  0.508949  0.649068  0.583890  0.579426  0.560908  0.454968  0.405367  0.471691 0.0  0.768222  0.920540  0.548685  0.419890  0.657617  0.856164  0.934707  0.756247  0.758347  0.580329  0.504422  0.885180  0.636894  0.842295  0.837074  0.850964  0.469905  0.781734  0.849544  0.780974  0.631014  0.669916  0.772754  0.727634  0.836684  0.704034  0.506565  0.578596  0.852170  0.675813  0.756413  0.571735  0.819321  0.837278  0.590309  0.500620  0.680445  0.630571  0.835636  0.794161  0.601698  0.875698  0.774081  0.420633  0.424653  0.752788 
15  0.747403  0.672280  0.527022  0.612448  0.521122  0.480873  0.784565  0.787440  0.811570  0.832998  0.963236  0.785348  0.732723  0.779207  0.768222 0.0  0.383472  0.820449  0.923493  0.799576  0.447635  0.482687  0.730791  0.464380  0.779506  0.713058  0.389108  0.745817  0.587005  0.359101  0.518608  0.820858  0.636437  0.570679  0.411486  0.726951  0.846034  0.543145  0.540628  0.518208  0.734006  0.848777  0.679079  0.566996  0.818000  0.530930  0.828859  0.558773  0.600988  0.811673  0.823992  0.843608  0.834414  0.497263  0.560294  0.731400  0.414284  0.562880  0.792535  0.889682  0.671581 
16  0.769500  0.716985  0.412787  0.472778  0.309965  0.447528  0.830198  0.796855  0.898811  0.727199  0.873234  0.811780  0.772998  0.749377  0.920540  0.383472 0.0  0.830949  0.730281  0.860378  0.560904  0.634791  0.673537  0.379567  0.815916  0.782235  0.427660  0.803359  0.501590  0.501413  0.492854  0.830035  0.748486  0.443743  0.467275  0.786240  0.862980  0.572447  0.736382  0.588792  0.806321  0.755071  0.774588  0.463145  0.787307  0.367575  0.883694  0.532536  0.618762  0.839637  0.752173  0.800423  0.790721  0.511379  0.444074  0.822186  0.547454  0.542331  0.688737  0.818749  0.829635 
17  0.758359  0.708547  0.948186  0.796472  0.900605  0.831425  0.666289  0.700116  0.612653  0.719316  0.558864  0.608220  0.589124  0.637722  0.548685  0.820449  0.830949 0.0  0.559858  0.627174  0.870988  0.809076  0.864181  0.688580  0.610475  0.702388  0.810751  0.695313  0.830002  0.943454  0.733946  0.483588  0.771360  0.835515  0.911932  0.631643  0.580354  0.791089  0.840237  0.785282  0.784974  0.636511  0.622070  0.689176  0.844124  0.776086  0.632365  0.739126  0.876410  0.754323  0.630026  0.619839  0.489557  0.816332  0.755356  0.747320  0.847462  0.766378  0.596721  0.576140  0.797908 
18  0.756796  0.745970  0.864719  0.838225  0.829203  0.897648  0.527829  0.641136  0.352949  0.540233  0.615946  0.490366  0.326713  0.518961  0.419890  0.923493  0.730281  0.559858 0.0  0.521997  0.803991  0.801267  0.745243  0.775295  0.671639  0.648838  0.869124  0.613282  0.998131  0.919701  0.927041  0.471022  0.683852  0.812460  0.817242  0.636016  0.509995  0.827677  0.847850  0.819925  0.611484  0.546619  0.608806  0.770812  0.708019  0.867291  0.519022  0.865617  0.764753  0.628985  0.468703  0.583275  0.624385  0.907497  0.760320  0.596158  0.844345  0.874427  0.338839  0.374620  0.634861 
19  0.531912  0.696775  0.819643  0.852937  0.794518  0.787438  0.604566  0.411009  0.537314  0.459773  0.476899  0.503244  0.588008  0.445459  0.657617  0.799576  0.860378  0.627174  0.521997 0.0  0.791878  0.785581  0.609284  0.741175  0.633534  0.523153  0.839890  0.332379  0.862778  0.757228  0.861097  0.575558  0.635475  0.776459  0.818211  0.499873  0.561231  0.716497  0.810843  0.803435  0.528678  0.266949  0.483936  0.783921  0.415827  0.817660  0.326733  0.789802  0.778157  0.704016  0.420174  0.358701  0.686494  0.789763  0.773582  0.521222  0.808784  0.784232  0.470921  0.419275  0.625186 
20  0.799459  0.641506  0.619137  0.569313  0.493292  0.171253  0.876522  0.799324  0.874011  0.631797  0.824074  0.747935  0.843918  0.808967  0.856164  0.447635  0.560904  0.870988  0.803991  0.791878 0.0  0.289714  0.675649  0.391646  0.820924  0.819939  0.515261  0.800818  0.529189  0.583828  0.432168  0.823529  0.550686  0.557452  0.337363  0.724226  0.813707  0.357413  0.668862  0.434676  0.922256  0.858941  0.698577  0.227669  0.879590  0.415086  0.720886  0.244543  0.639981  0.754714  0.688294  0.877038  0.818011  0.465835  0.323058  0.735643  0.580435  0.349420  0.777481  0.927528  0.683701 
21  0.831444  0.597268  0.637530  0.616051  0.514126  0.388472  0.759111  0.633540  0.757388  0.774455  0.796569  0.760275  0.827395  0.773780  0.934707  0.482687  0.634791  0.809076  0.801267  0.785581  0.289714 0.0  0.677789  0.433614  0.777800  0.657418  0.599995  0.750306  0.600164  0.484594  0.617215  0.825435  0.626785  0.589240  0.371899  0.776557  0.887960  0.023414  0.555280  0.394538  0.676196  0.675997  0.675919  0.161570  0.669431  0.534224  0.746862  0.183246  0.755009  0.795617  0.672197  0.758131  0.745660  0.300058  0.215930  0.799977  0.606234  0.000000  0.790143  0.753251  0.639826 
22  0.638570  0.385045  0.733545  0.764863  0.694671  0.582043  0.782562  0.597229  0.711602  0.671298  0.683646  0.769716  0.718763  0.667601  0.756247  0.730791  0.673537  0.864181  0.745243  0.609284  0.675649  0.677789 0.0  0.806516  0.615297  0.617549  0.745709  0.614521  0.733385  0.684356  0.756602  0.772667  0.467482  0.683349  0.813121  0.660829  0.749456  0.711329  0.561962  0.605151  0.611985  0.679804  0.587858  0.732888  0.689118  0.623657  0.553542  0.620726  0.845325  0.848921  0.655981  0.646803  0.683651  0.746536  0.694753  0.631679  0.604046  0.622962  0.762553  0.859501  0.402271 
23  0.847960  0.641325  0.523498  0.497428  0.357984  0.493896  0.893003  0.765370  0.787023  0.847479  0.770281  0.793376  0.902180  0.763191  0.758347  0.464380  0.379567  0.688580  0.775295  0.741175  0.391646  0.433614  0.806516 0.0  0.788369  0.753650  0.481405  0.798581  0.535419  0.525730  0.300056  0.862061  0.742735  0.609034  0.335769  0.746717  0.926683  0.579372  0.515548  0.511537  0.876911  0.814104  0.723175  0.430366  0.845514  0.315196  0.779085  0.439060  0.712090  0.898651  0.809089  0.836028  0.916636  0.474625  0.459384  0.730892  0.567286  0.478927  0.806450  0.813058  0.770129 
24  0.622855  0.661470  0.738250  0.879060  0.780050  0.728913  0.586644  0.609973  0.572319  0.637572  0.518123  0.577571  0.653743  0.646095  0.580329  0.779506  0.815916  0.610475  0.671639  0.633534  0.820924  0.777800  0.615297  0.788369 0.0  0.193206  0.827433  0.519634  0.740855  0.701181  0.804214  0.460329  0.580846  0.771521  0.712953  0.345431  0.635642  0.669128  0.595754  0.710590  0.637993  0.600643  0.521543  0.731656  0.530028  0.889336  0.573497  0.752463  0.876760  0.689839  0.541633  0.686269  0.386380  0.734490  0.743108  0.466817  0.722564  0.765271  0.581638  0.605904  0.698650 
25  0.609156  0.627670  0.804768  0.793676  0.841902  0.748356  0.609024  0.679833  0.668640  0.550822  0.443474  0.451885  0.573621  0.566952  0.504422  0.713058  0.782235  0.702388  0.648838  0.523153  0.819939  0.657418  0.617549  0.753650  0.193206 0.0  0.825602  0.676756  0.862722  0.828986  0.814948  0.535618  0.670883  0.791848  0.783404  0.372426  0.686293  0.807220  0.736759  0.776031  0.521964  0.579644  0.488859  0.749339  0.463196  0.789408  0.613243  0.604111  0.851908  0.704701  0.434452  0.652508  0.562557  0.743049  0.771387  0.503781  0.719087  0.700119  0.646861  0.582756  0.696605 
26  0.824386  0.835928  0.632525  0.544978  0.589164  0.669322  0.827978  0.811664  0.809141  0.868315  0.745780  0.884448  0.908220  0.836976  0.885180  0.389108  0.427660  0.810751  0.869124  0.839890  0.515261  0.599995  0.745709  0.481405  0.827433  0.825602 0.0  0.848931  0.567520  0.158010  0.547035  0.794947  0.701177  0.508845  0.494259  0.803776  0.949790  0.592830  0.685053  0.575200  0.641314  0.947614  0.845821  0.540576  0.780610  0.602730  0.760811  0.636049  0.458130  0.783588  0.754625  0.820154  0.796954  0.827770  0.595552  0.744082  0.535664  0.626623  0.799942  0.825853  0.650560 
27  0.196800  0.662208  0.849809  0.795323  0.780398  0.688034  0.662047  0.272820  0.639060  0.615061  0.516041  0.554084  0.676467  0.657826  0.636894  0.745817  0.803359  0.695313  0.613282  0.332379  0.800818  0.750306  0.614521  0.798581  0.519634  0.676756  0.848931 0.0  0.849427  0.750387  0.792069  0.625943  0.563157  0.805836  0.778608  0.449969  0.582112  0.700188  0.641217  0.759485  0.464292  0.487218  0.583146  0.680122  0.273343  0.731175  0.469979  0.776676  0.845112  0.674189  0.577149  0.566234  0.654527  0.738464  0.733385  0.437956  0.815394  0.804920  0.607900  0.693814  0.592498 
28  0.714221  0.810361  0.445669  0.400997  0.286681  0.560746  0.769537  0.827731  0.857515  0.940451  0.768857  0.847403  0.889337  0.835056  0.842295  0.587005  0.501590  0.830002  0.998131  0.862778  0.529189  0.600164  0.733385  0.535419  0.740855  0.862722  0.567520  0.849427 0.0  0.444662  0.414880  0.801531  0.705182  0.343908  0.590667  0.866927  0.840295  0.598569  0.717966  0.610914  0.757450  0.828720  0.848916  0.648308  0.865620  0.475733  0.890508  0.518291  0.607690  0.948759  0.806807  0.880709  0.728436  0.614974  0.607503  0.743055  0.616035  0.558768  0.757112  0.752317  0.726987 
29  0.751888  0.744318  0.624425  0.485089  0.481854  0.718177  0.928160  0.809720  0.841181  0.796764  0.810905  0.867075  0.841533  0.869991  0.837074  0.359101  0.501413  0.943454  0.919701  0.757228  0.583828  0.484594  0.684356  0.525730  0.701181  0.828986  0.158010  0.750387  0.444662 0.0  0.566556  0.766560  0.726132  0.527548  0.471617  0.827786  0.808711  0.687531  0.706403  0.507090  0.804405  0.932947  0.832280  0.523096  0.798608  0.359798  0.792865  0.633831  0.572330  0.771952  0.744394  0.840932  0.905060  0.568945  0.656664  0.735636  0.530598  0.687645  0.835983  0.829705  0.624145 
30  0.670824  0.798641  0.434318  0.422076  0.242225  0.530542  0.860683  0.784525  0.985205  0.824554  0.782310  0.754755  0.827819  0.833895  0.850964  0.518608  0.492854  0.733946  0.927041  0.861097  0.432168  0.617215  0.756602  0.300056  0.804214  0.814948  0.547035  0.792069  0.414880  0.566556 0.0  0.912536  0.711737  0.439726  0.603128  0.737942  0.878458  0.553554  0.621686  0.569893  0.842041  0.857706  0.840761  0.576067  0.886874  0.512395  0.748935  0.490504  0.670520  0.886346  0.866087  0.859761  0.788947  0.581945  0.503958  0.783382  0.591995  0.580895  0.830653  0.894827  0.702358 
31  0.674244  0.615876  0.864493  0.965360  0.786914  0.792924  0.671648  0.647316  0.523441  0.645960  0.558884  0.492071  0.444424  0.490347  0.469905  0.820858  0.830035  0.483588  0.471022  0.575558  0.823529  0.825435  0.772667  0.862061  0.460329  0.535618  0.794947  0.625943  0.801531  0.766560  0.912536 0.0  0.675517  0.849536  0.758315  0.591484  0.674047  0.714303  0.717740  0.678912  0.575733  0.564810  0.522612  0.707533  0.638033  0.818540  0.631225  0.794064  0.879425  0.590844  0.629090  0.699852  0.372999  0.699599  0.798409  0.616442  0.780061  0.706337  0.456192  0.607751  0.791124 
32  0.532309  0.343328  0.859653  0.738527  0.763778  0.771187  0.732500  0.576785  0.741850  0.718271  0.667121  0.697738  0.805569  0.635210  0.781734  0.636437  0.748486  0.771360  0.683852  0.635475  0.550686  0.626785  0.467482  0.742735  0.580846  0.670883  0.701177  0.563157  0.705182  0.726132  0.711737  0.675517 0.0  0.709164  0.671256  0.558233  0.737559  0.668310  0.408753  0.633422  0.589393  0.669591  0.506807  0.710677  0.631696  0.705970  0.662033  0.772793  0.794921  0.694639  0.593841  0.702973  0.709851  0.591354  0.670587  0.440872  0.586564  0.668039  0.720451  0.743192  0.392287 
33  0.807218  0.805479  0.500799  0.386131  0.279263  0.609159  0.891433  0.736077  0.793266  0.873263  0.818943  0.851417  0.814563  0.859580  0.849544  0.570679  0.443743  0.835515  0.812460  0.776459  0.557452  0.589240  0.683349  0.609034  0.771521  0.791848  0.508845  0.805836  0.343908  0.527548  0.439726  0.849536  0.709164 0.0  0.585471  0.895298  0.919093  0.646635  0.673406  0.603596  0.870694  0.762576  0.912658  0.567943  0.889590  0.393971  0.826947  0.597245  0.530354  0.825978  0.898767  0.901665  0.825185  0.681069  0.479798  0.712031  0.622109  0.548181  0.840083  0.790856  0.735027 
34  0.760705  0.698986  0.647600  0.544545  0.526002  0.342480  0.745539  0.705771  0.891266  0.776155  0.755713  0.807451  0.814415  0.773519  0.780974  0.411486  0.467275  0.911932  0.817242  0.818211  0.337363  0.371899  0.813121  0.335769  0.712953  0.783404  0.494259  0.778608  0.590667  0.471617  0.603128  0.758315  0.671256  0.585471 0.0  0.799143  0.860849  0.419808  0.647496  0.485306  0.690837  0.738169  0.725853  0.460653  0.848927  0.278245  0.670893  0.464939  0.578201  0.907350  0.783763  0.700954  0.802151  0.470457  0.332925  0.722196  0.534594  0.405232  0.786745  0.861506  0.724506 
35  0.496149  0.597019  0.770719  0.846748  0.808923  0.762044  0.586662  0.498911  0.621955  0.498415  0.403616  0.508745  0.481496  0.567349  0.631014  0.726951  0.786240  0.631643  0.636016  0.499873  0.724226  0.776557  0.660829  0.746717  0.345431  0.372426  0.803776  0.449969  0.866927  0.827786  0.737942  0.591484  0.558233  0.895298  0.799143 0.0  0.786683  0.692358  0.734608  0.727454  0.450781  0.531519  0.492365  0.689467  0.410220  0.857728  0.410547  0.804956  0.891867  0.594987  0.482197  0.557114  0.573141  0.720720  0.744459  0.487783  0.723098  0.825020  0.717151  0.633737  0.655097 
36  0.614423  0.702269  0.774055  0.894830  0.917716  0.804592  0.451632  0.639392  0.579339  0.413298  0.648931  0.618068  0.548375  0.606737  0.669916  0.846034  0.862980  0.580354  0.509995  0.561231  0.813707  0.887960  0.749456  0.926683  0.635642  0.686293  0.949790  0.582112  0.840295  0.808711  0.878458  0.674047  0.737559  0.919093  0.860849  0.786683 0.0  0.880061  0.812012  0.785244  0.658961  0.542813  0.776352  0.845003  0.684792  0.834892  0.558577  0.855157  0.879994  0.424994  0.736673  0.470520  0.689795  0.844323  0.837166  0.685845  0.888871  0.824703  0.591143  0.529821  0.760535 
37  0.818891  0.594478  0.610011  0.725398  0.625701  0.344234  0.767942  0.611299  0.749528  0.670394  0.799048  0.810584  0.830347  0.775934  0.772754  0.543145  0.572447  0.791089  0.827677  0.716497  0.357413  0.023414  0.711329  0.579372  0.669128  0.807220  0.592830  0.700188  0.598569  0.687531  0.553554  0.714303  0.668310  0.646635  0.419808  0.692358  0.880061 0.0  0.538415  0.389085  0.726816  0.684184  0.633338  0.000000  0.753678  0.511304  0.719126  0.260089  0.564094  0.801935  0.689999  0.800025  0.795751  0.282015  0.097070  0.587325  0.492897  0.204035  0.701408  0.867852  0.705950 
38  0.601938  0.461868  0.672501  0.784583  0.593600  0.702271  0.706140  0.683261  0.771720  0.794350  0.708667  0.652864  0.798596  0.652629  0.727634  0.540628  0.736382  0.840237  0.847850  0.810843  0.668862  0.555280  0.561962  0.515548  0.595754  0.736759  0.685053  0.641217  0.717966  0.706403  0.621686  0.717740  0.408753  0.673406  0.647496  0.734608  0.812012  0.538415 0.0  0.521475  0.673124  0.804131  0.737949  0.627863  0.797822  0.578336  0.845036  0.574150  0.732888  0.798182  0.684814  0.730155  0.733560  0.578654  0.629238  0.653297  0.573247  0.505355  0.749287  0.794146  0.346617 
39  0.751546  0.569785  0.705637  0.753805  0.670392  0.530454  0.895849  0.674894  0.750401  0.785803  0.761234  0.663329  0.760259  0.780232  0.836684  0.518208  0.588792  0.785282  0.819925  0.803435  0.434676  0.394538  0.605151  0.511537  0.710590  0.776031  0.575200  0.759485  0.610914  0.507090  0.569893  0.678912  0.633422  0.603596  0.485306  0.727454  0.785244  0.389085  0.521475 0.0  0.719791  0.734199  0.676480  0.346219  0.692031  0.494530  0.808345  0.429593  0.620414  0.845402  0.821581  0.733341  0.724180  0.528024  0.365187  0.648921  0.523707  0.400643  0.817042  0.786457  0.641349 
40  0.381609  0.674997  0.720009  0.814620  0.783884  0.657127  0.641809  0.384866  0.651107  0.595407  0.497794  0.491456  0.496903  0.550462  0.704034  0.734006  0.806321  0.784974  0.611484  0.528678  0.922256  0.676196  0.611985  0.876911  0.637993  0.521964  0.641314  0.464292  0.757450  0.804405  0.842041  0.575733  0.589393  0.870694  0.690837  0.450781  0.658961  0.726816  0.673124  0.719791 0.0  0.490419  0.383446  0.686318  0.409931  0.740890  0.489147  0.822896  0.748324  0.709647  0.425891  0.668462  0.616501  0.708667  0.672167  0.370921  0.788242  0.785977  0.709445  0.561437  0.677106 
41  0.611277  0.749365  0.888281  0.870681  0.714167  0.774248  0.494529  0.543604  0.430274  0.574379  0.338856  0.503755  0.485552  0.287948  0.506565  0.848777  0.755071  0.636511  0.546619  0.266949  0.858941  0.675997  0.679804  0.814104  0.600643  0.579644  0.947614  0.487218  0.828720  0.932947  0.857706  0.564810  0.669591  0.762576  0.738169  0.531519  0.542813  0.684184  0.804131  0.734199  0.490419 0.0  0.622820  0.791240  0.586545  0.857990  0.328699  0.828650  0.753286  0.547927  0.291280  0.418399  0.610396  0.786549  0.806270  0.547225  0.882600  0.765886  0.530484  0.504067  0.608882 
42  0.568932  0.515460  0.816688  0.885983  0.701654  0.717765  0.673475  0.589204  0.697663  0.707399  0.528483  0.620660  0.727768  0.680144  0.578596  0.679079  0.774588  0.622070  0.608806  0.483936  0.698577  0.675919  0.587858  0.723175  0.521543  0.488859  0.845821  0.583146  0.848916  0.832280  0.840761  0.522612  0.506807  0.912658  0.725853  0.492365  0.776352  0.633338  0.737949  0.676480  0.383446  0.622820 0.0  0.771089  0.675251  0.769161  0.512010  0.897093  0.808108  0.747636  0.640845  0.597281  0.564239  0.797609  0.734665  0.474674  0.690160  0.688380  0.616824  0.474710  0.656664 
43  0.769319  0.630845  0.749516  0.596641  0.651660  0.409381  0.855842  0.727301  0.963528  0.891267  0.738340  0.752862  0.752909  0.885229  0.852170  0.566996  0.463145  0.689176  0.770812  0.783921  0.227669  0.161570  0.732888  0.430366  0.731656  0.749339  0.540576  0.680122  0.648308  0.523096  0.576067  0.707533  0.710677  0.567943  0.460653  0.689467  0.845003  0.000000  0.627863  0.346219  0.686318  0.791240  0.771089 0.0  0.748992  0.415438  0.718980  0.239059  0.724577  0.829579  0.844569  0.705823  0.771765  0.279431  0.098483  0.694104  0.607638  0.261818  0.794489  0.809759  0.711440 
44  0.392661  0.651328  0.881228  0.678822  0.838194  0.841299  0.542057  0.330576  0.598724  0.505551  0.404762  0.668249  0.564629  0.590988  0.675813  0.818000  0.787307  0.844124  0.708019  0.415827  0.879590  0.669431  0.689118  0.845514  0.530028  0.463196  0.780610  0.273343  0.865620  0.798608  0.886874  0.638033  0.631696  0.889590  0.848927  0.410220  0.684792  0.753678  0.797822  0.692031  0.409931  0.586545  0.675251  0.748992 0.0  0.765969  0.292326  0.778836  0.797281  0.611231  0.481506  0.477082  0.535319  0.720218  0.707000  0.602089  0.749623  0.780937  0.640380  0.502603  0.596525 
45  0.759454  0.764480  0.590970  0.571745  0.526217  0.402323  0.823110  0.871120  0.891377  0.816936  0.772345  0.851495  0.878319  0.836036  0.756413  0.530930  0.367575  0.776086  0.867291  0.817660  0.415086  0.534224  0.623657  0.315196  0.889336  0.789408  0.602730  0.731175  0.475733  0.359798  0.512395  0.818540  0.705970  0.393971  0.278245  0.857728  0.834892  0.511304  0.578336  0.494530  0.740890  0.857990  0.769161  0.415438  0.765969 0.0  0.843912  0.430791  0.657776  0.794436  0.779192  0.780544  0.874476  0.624473  0.466625  0.759089  0.416421  0.427767  0.865116  0.782662  0.669370 
46  0.346431  0.536033  0.793120  0.747621  0.832225  0.697372  0.448540  0.339698  0.426117  0.498436  0.473201  0.502131  0.564971  0.541525  0.571735  0.828859  0.883694  0.632365  0.519022  0.326733  0.720886  0.746862  0.553542  0.779085  0.573497  0.613243  0.760811  0.469979  0.890508  0.792865  0.748935  0.631225  0.662033  0.826947  0.670893  0.410547  0.558577  0.719126  0.845036  0.808345  0.489147  0.328699  0.512010  0.718980  0.292326  0.843912 0.0  0.781679  0.814229  0.631754  0.424145  0.475056  0.549360  0.722789  0.833550  0.607002  0.811587  0.735987  0.528015  0.572453  0.578307 
47  0.889602  0.744700  0.622106  0.786775  0.503051  0.294185  0.757119  0.819232  0.913307  0.824156  0.746016  0.808485  0.832060  0.814691  0.819321  0.558773  0.532536  0.739126  0.865617  0.789802  0.244543  0.183246  0.620726  0.439060  0.752463  0.604111  0.636049  0.776676  0.518291  0.633831  0.490504  0.794064  0.772793  0.597245  0.464939  0.804956  0.855157  0.260089  0.574150  0.429593  0.822896  0.828650  0.897093  0.239059  0.778836  0.430791  0.781679 0.0  0.756449  0.807718  0.797932  0.796191  0.732559  0.369321  0.368097  0.746952  0.598253  0.295142  0.868240  0.877536  0.705711 
48  0.840087  0.692982  0.585918  0.576449  0.703872  0.718239  0.788424  0.779055  0.849163  0.888702  0.835756  0.813524  0.937624  0.874719  0.837278  0.600988  0.618762  0.876410  0.764753  0.778157  0.639981  0.755009  0.845325  0.712090  0.876760  0.851908  0.458130  0.845112  0.607690  0.572330  0.670520  0.879425  0.794921  0.530354  0.578201  0.891867  0.879994  0.564094  0.732888  0.620414  0.748324  0.753286  0.808108  0.724577  0.797281  0.657776  0.814229  0.756449 0.0  0.987006  0.828005  0.817169  0.834352  0.750639  0.688690  0.961781  0.638887  0.701288  1.000000  0.785521  0.809803 
49  0.631222  0.755137  0.909655  0.842894  0.956154  0.859046  0.521128  0.687243  0.432532  0.452250  0.668276  0.650018  0.532936  0.383694  0.590309  0.811673  0.839637  0.754323  0.628985  0.704016  0.754714  0.795617  0.848921  0.898651  0.689839  0.704701  0.783588  0.674189  0.948759  0.771952  0.886346  0.590844  0.694639  0.825978  0.907350  0.594987  0.424994  0.801935  0.798182  0.845402  0.709647  0.547927  0.747636  0.829579  0.611231  0.794436  0.631754  0.807718  0.987006 0.0  0.536027  0.549775  0.616143  0.762063  0.726528  0.661456  0.856767  0.846929  0.646733  0.506928  0.770868 
50  0.470799  0.732966  0.829169  0.834662  0.795210  0.716158  0.615852  0.495698  0.427930  0.506224  0.112689  0.432707  0.425720  0.429441  0.500620  0.823992  0.752173  0.630026  0.468703  0.420174  0.688294  0.672197  0.655981  0.809089  0.541633  0.434452  0.754625  0.577149  0.806807  0.744394  0.866087  0.629090  0.593841  0.898767  0.783763  0.482197  0.736673  0.689999  0.684814  0.821581  0.425891  0.291280  0.640845  0.844569  0.481506  0.779192  0.424145  0.797932  0.828005  0.536027 0.0  0.593281  0.515863  0.697201  0.784351  0.533605  0.792462  0.720023  0.531849  0.445401  0.673874 
51  0.494270  0.703466  0.886247  0.853853  0.794671  0.742339  0.491354  0.540056  0.582807  0.429703  0.529754  0.564713  0.552934  0.465099  0.680445  0.843608  0.800423  0.619839  0.583275  0.358701  0.877038  0.758131  0.646803  0.836028  0.686269  0.652508  0.820154  0.566234  0.880709  0.840932  0.859761  0.699852  0.702973  0.901665  0.700954  0.557114  0.470520  0.800025  0.730155  0.733341  0.668462  0.418399  0.597281  0.705823  0.477082  0.780544  0.475056  0.796191  0.817169  0.549775  0.593281 0.0  0.669154  0.734534  0.727083  0.611978  0.812598  0.775147  0.642818  0.583428  0.671276 
52  0.621799  0.589122  0.806982  0.830448  0.814730  0.808271  0.553467  0.556087  0.554802  0.663375  0.533277  0.351023  0.445894  0.704410  0.630571  0.834414  0.790721  0.489557  0.624385  0.686494  0.818011  0.745660  0.683651  0.916636  0.386380  0.562557  0.796954  0.654527  0.728436  0.905060  0.788947  0.372999  0.709851  0.825185  0.802151  0.573141  0.689795  0.795751  0.733560  0.724180  0.616501  0.610396  0.564239  0.771765  0.535319  0.874476  0.549360  0.732559  0.834352  0.616143  0.515863  0.669154 0.0  0.677408  0.822193  0.615820  0.703971  0.757798  0.577375  0.553072  0.766041 
53  0.651076  0.695422  0.641493  0.592345  0.681931  0.478537  0.757628  0.735246  0.784587  0.858298  0.885875  0.768174  0.723276  0.747855  0.835636  0.497263  0.511379  0.816332  0.907497  0.789763  0.465835  0.300058  0.746536  0.474625  0.734490  0.743049  0.827770  0.738464  0.614974  0.568945  0.581945  0.699599  0.591354  0.681069  0.470457  0.720720  0.844323  0.282015  0.578654  0.528024  0.708667  0.786549  0.797609  0.279431  0.720218  0.624473  0.722789  0.369321  0.750639  0.762063  0.697201  0.734534  0.677408 0.0  0.382920  0.685909  0.557917  0.172768  0.802601  0.747711  0.625528 
54  0.817039  0.670425  0.670941  0.618206  0.556604  0.253455  0.870378  0.766160  0.826938  0.842797  0.680569  0.801824  0.858389  0.743194  0.794161  0.560294  0.444074  0.755356  0.760320  0.773582  0.323058  0.215930  0.694753  0.459384  0.743108  0.771387  0.595552  0.733385  0.607503  0.656664  0.503958  0.798409  0.670587  0.479798  0.332925  0.744459  0.837166  0.097070  0.629238  0.365187  0.672167  0.806270  0.734665  0.098483  0.707000  0.466625  0.833550  0.368097  0.688690  0.726528  0.784351  0.727083  0.822193  0.382920 0.0  0.674572  0.576752  0.195807  0.842196  0.826762  0.622403 
55  0.490464  0.625217  0.813027  0.784192  0.755353  0.585731  0.775418  0.457051  0.632539  0.667675  0.545050  0.495096  0.672817  0.659496  0.601698  0.731400  0.822186  0.747320  0.596158  0.521222  0.735643  0.799977  0.631679  0.730892  0.466817  0.503781  0.744082  0.437956  0.743055  0.735636  0.783382  0.616442  0.440872  0.712031  0.722196  0.487783  0.685845  0.587325  0.653297  0.648921  0.370921  0.547225  0.474674  0.694104  0.602089  0.759089  0.607002  0.746952  0.961781  0.661456  0.533605  0.611978  0.615820  0.685909  0.674572 0.0  0.751458  0.706192  0.613982  0.645372  0.657562 
56  0.715019  0.702588  0.697801  0.648823  0.514899  0.568772  0.796511  0.826966  0.925582  0.904556  0.830178  0.791829  0.827179  0.713618  0.875698  0.414284  0.547454  0.847462  0.844345  0.808784  0.580435  0.606234  0.604046  0.567286  0.722564  0.719087  0.535664  0.815394  0.616035  0.530598  0.591995  0.780061  0.586564  0.622109  0.534594  0.723098  0.888871  0.492897  0.573247  0.523707  0.788242  0.882600  0.690160  0.607638  0.749623  0.416421  0.811587  0.598253  0.638887  0.856767  0.792462  0.812598  0.703971  0.557917  0.576752  0.751458 0.0  0.517300  0.841721  0.807944  0.625245 
57  0.738071  0.617504  0.704880  0.627303  0.480645  0.336411  0.799719  0.770805  0.888804  0.904595  0.867449  0.734668  0.776754  0.845464  0.774081  0.562880  0.542331  0.766378  0.874427  0.784232  0.349420  0.000000  0.622962  0.478927  0.765271  0.700119  0.626623  0.804920  0.558768  0.687645  0.580895  0.706337  0.668039  0.548181  0.405232  0.825020  0.824703  0.204035  0.505355  0.400643  0.785977  0.765886  0.688380  0.261818  0.780937  0.427767  0.735987  0.295142  0.701288  0.846929  0.720023  0.775147  0.757798  0.172768  0.195807  0.706192  0.517300 0.0  0.822608  0.771649  0.656044 
58  0.673899  0.685520  0.846542  0.736272  0.855628  0.721813  0.375416  0.631193  0.278815  0.573780  0.605862  0.450979  0.353671  0.451219  0.420633  0.792535  0.688737  0.596721  0.338839  0.470921  0.777481  0.790143  0.762553  0.806450  0.581638  0.646861  0.799942  0.607900  0.757112  0.835983  0.830653  0.456192  0.720451  0.840083  0.786745  0.717151  0.591143  0.701408  0.749287  0.817042  0.709445  0.530484  0.616824  0.794489  0.640380  0.865116  0.528015  0.868240  1.000000  0.646733  0.531849  0.642818  0.577375  0.802601  0.842196  0.613982  0.841721  0.822608 0.0  0.025227  0.819524 
59  0.641111  0.793249  0.858217  0.975868  0.818374  0.811220  0.405425  0.442397  0.218723  0.538964  0.531017  0.486162  0.174725  0.366656  0.424653  0.889682  0.818749  0.576140  0.374620  0.419275  0.927528  0.753251  0.859501  0.813058  0.605904  0.582756  0.825853  0.693814  0.752317  0.829705  0.894827  0.607751  0.743192  0.790856  0.861506  0.633737  0.529821  0.867852  0.794146  0.786457  0.561437  0.504067  0.474710  0.809759  0.502603  0.782662  0.572453  0.877536  0.785521  0.506928  0.445401  0.583428  0.553072  0.747711  0.826762  0.645372  0.807944  0.771649  0.025227 0.0  0.735281 
60  0.615386  0.266439  0.678931  0.766532  0.707288  0.718633  0.708404  0.500230  0.664671  0.752420  0.551197  0.633398  0.676709  0.725931  0.752788  0.671581  0.829635  0.797908  0.634861  0.625186  0.683701  0.639826  0.402271  0.770129  0.698650  0.696605  0.650560  0.592498  0.726987  0.624145  0.702358  0.791124  0.392287  0.735027  0.724506  0.655097  0.760535  0.705950  0.346617  0.641349  0.677106  0.608882  0.656664  0.711440  0.596525  0.669370  0.578307  0.705711  0.809803  0.770868  0.673874  0.671276  0.766041  0.625528  0.622403  0.657562  0.625245  0.656044  0.819524  0.735281 0.0 
