61
0 0.0  0.719302  0.727894  0.775841  0.805940  0.759339  0.625855  0.340021  0.634228  0.609064  0.481565  0.525156  0.546467  0.607957  0.644853  0.747062  0.685132  0.718608  0.629915  0.380012  0.734368  0.678165  0.529033  0.803819  0.505970  0.638726  0.734725  0.205476  0.859106  0.759399  0.777044  0.561849  0.585366  0.666198  0.803409  0.485730  0.598350  0.658434  0.620593  0.694661  0.355459  0.447244  0.681006  0.674520  0.258432  0.694501  0.417652  0.708582  0.752289  0.609023  0.475779  0.554302  0.535087  0.705776  0.551010  0.579765  0.693328  0.666287  0.609484  0.518742  0.543595 
1  0.719302 0.0  0.743628  0.710475  0.663839  0.647364  0.754995  0.597385  0.637244  0.616427  0.550920  0.710506  0.733328  0.686551  0.701157  0.678287  0.653454  0.747709  0.604480  0.689093  0.686559  0.680175  0.275186  0.662517  0.573146  0.481119  0.708008  0.556140  0.561425  0.588683  0.699159  0.840664  0.266254  0.713626  0.529837  0.729777  0.783413  0.584002  0.461230  0.560186  0.630672  0.663724  0.708023  0.561153  0.729495  0.650001  0.645475  0.676137  0.666387  0.624629  0.611729  0.621821  0.654428  0.694226  0.584393  0.534204  0.727682  0.582497  0.687955  0.653231  0.172858 
2  0.727894  0.743628 0.0  0.240586  0.400454  0.625789  0.824555  0.780256  0.822496  0.750326  0.800973  0.698939  0.779725  0.847040  0.926019  0.612515  0.528834  0.898973  0.848925  0.833802  0.599811  0.572402  0.656560  0.532541  0.752341  0.694214  0.589148  0.715498  0.518546  0.510027  0.393462  0.838471  0.805113  0.486076  0.570324  0.747041  0.904377  0.645343  0.596863  0.526354  0.642867  0.780763  0.730737  0.640623  0.777594  0.418887  0.786258  0.577145  0.660693  0.727796  0.772358  0.888502  0.761599  0.565275  0.605930  0.704937  0.693471  0.564475  0.773587  0.657870  0.796410 
3  0.775841  0.710475  0.240586 0.0  0.368313  0.597695  0.801786  0.733361  0.755182  0.748132  0.857717  0.785499  0.717992  0.755243  0.936906  0.642032  0.494123  0.798009  0.748820  0.754707  0.564609  0.529679  0.650525  0.526939  0.665963  0.757070  0.477699  0.623328  0.321101  0.565247  0.447403  0.784400  0.713751  0.379578  0.538687  0.769911  0.813243  0.613067  0.706998  0.593459  0.770253  0.762732  0.673828  0.527291  0.905364  0.494181  0.799301  0.521772  0.623877  0.815141  0.827592  0.722056  0.712993  0.616205  0.537012  0.832636  0.524449  0.649660  0.751168  0.783690  0.779540 
4  0.805940  0.663839  0.400454  0.368313 0.0  0.579415  0.798017  0.748971  0.775797  0.759812  0.828556  0.733552  0.827778  0.708273  0.705016  0.425856  0.319901  0.808377  0.693500  0.916387  0.496892  0.519525  0.721085  0.352498  0.771119  0.661020  0.441805  0.742230  0.418589  0.578799  0.125954  0.848134  0.651901  0.496279  0.572010  0.768266  0.657428  0.558456  0.739890  0.645552  0.729226  0.749019  0.702471  0.528187  0.692871  0.472352  0.762235  0.371877  0.592758  0.914673  0.918131  0.745427  0.743815  0.638703  0.522409  0.765002  0.751900  0.584482  0.799417  0.745996  0.717046 
5  0.759339  0.647364  0.625789  0.597695  0.579415 0.0  0.731764  0.808282  0.722259  0.688449  0.836115  0.778462  0.732643  0.732533  0.808430  0.558319  0.448066  0.789360  0.777990  0.792255  0.215526  0.315979  0.642659  0.493045  0.765382  0.785172  0.681885  0.674122  0.569089  0.540309  0.526200  0.792554  0.590073  0.544274  0.429396  0.693560  0.836792  0.254863  0.548116  0.438986  0.669023  0.741460  0.660622  0.385841  0.766308  0.550983  0.740961  0.289359  0.641607  0.842734  0.790079  0.816441  0.782749  0.366745  0.388120  0.680581  0.501117  0.286411  0.817545  0.777601  0.616780 
6  0.625855  0.754995  0.824555  0.801786  0.798017  0.731764 0.0  0.570228  0.247784  0.449305  0.506091  0.599884  0.440553  0.310540  0.467794  0.752415  0.839590  0.591192  0.419991  0.512643  0.847695  0.743469  0.671136  0.754024  0.567008  0.595675  0.787934  0.552599  0.797395  0.792569  0.745023  0.577335  0.645772  0.781039  0.764282  0.627713  0.504049  0.733295  0.717960  0.800626  0.602913  0.440085  0.487571  0.745385  0.589109  0.804096  0.470184  0.770588  0.830009  0.512849  0.475361  0.497683  0.570892  0.863656  0.869117  0.630518  0.744713  0.744073  0.281849  0.303693  0.696948 
7  0.340021  0.597385  0.780256  0.733361  0.748971  0.808282  0.570228 0.0  0.552239  0.520719  0.470359  0.578322  0.583196  0.605107  0.592292  0.713711  0.730037  0.569788  0.703349  0.476588  0.670873  0.550359  0.588302  0.854651  0.514496  0.493005  0.894937  0.241534  0.773813  0.745815  0.866001  0.664373  0.545240  0.751163  0.610625  0.556439  0.582523  0.712042  0.753935  0.645449  0.361421  0.513250  0.677019  0.701540  0.391365  0.800821  0.411053  0.749398  0.807074  0.685452  0.545428  0.548318  0.585428  0.644243  0.664544  0.532569  0.827920  0.665032  0.556743  0.649478  0.537368 
8  0.634228  0.637244  0.822496  0.755182  0.775797  0.722259  0.247784  0.552239 0.0  0.406850  0.481834  0.537647  0.365656  0.386568  0.428941  0.825568  0.777144  0.552210  0.288002  0.605189  0.856156  0.750873  0.568875  0.828767  0.546686  0.515988  0.807840  0.577947  0.802334  0.729514  0.763305  0.539483  0.732141  0.876844  0.774639  0.577607  0.445501  0.869036  0.689260  0.801987  0.589810  0.384380  0.676876  0.741804  0.518066  0.843566  0.598361  0.730335  0.904144  0.531542  0.542243  0.431437  0.471219  0.743309  0.788836  0.707862  0.778284  0.873451  0.268086  0.159567  0.706269 
9  0.609064  0.616427  0.750326  0.748132  0.759812  0.688449  0.449305  0.520719  0.406850 0.0  0.512374  0.571434  0.526030  0.467949  0.484438  0.798312  0.779409  0.641466  0.466800  0.479501  0.692089  0.758573  0.770489  0.853550  0.610793  0.536873  0.885335  0.540394  0.816218  0.820961  0.679276  0.637511  0.582271  0.734295  0.772364  0.576040  0.455322  0.827740  0.715228  0.785031  0.563554  0.414205  0.692965  0.899641  0.605477  0.787323  0.495076  0.709687  0.755870  0.332915  0.552566  0.373231  0.739098  0.761121  0.749258  0.485254  0.746378  0.764778  0.540422  0.438659  0.600630 
10  0.481565  0.550920  0.800973  0.857717  0.828556  0.836115  0.506091  0.470359  0.481834  0.512374 0.0  0.367628  0.502432  0.516394  0.498232  0.751139  0.796889  0.726144  0.529838  0.519733  0.642997  0.664721  0.599365  0.653827  0.563362  0.350698  0.889278  0.545764  0.744062  0.833547  0.700789  0.597874  0.639361  0.749700  0.693949  0.244351  0.593480  0.674353  0.636365  0.619191  0.484285  0.371901  0.589961  0.655315  0.414395  0.784745  0.433112  0.702800  0.724946  0.526102  0.210846  0.519646  0.552648  0.652142  0.744254  0.427367  0.732378  0.776517  0.480706  0.529162  0.631600 
11  0.525156  0.710506  0.698939  0.785499  0.733552  0.778462  0.599884  0.578322  0.537647  0.571434  0.367628 0.0  0.399414  0.459844  0.441603  0.796270  0.670364  0.535315  0.552412  0.491221  0.770987  0.702335  0.692071  0.749063  0.399342  0.567430  0.771702  0.647133  0.777687  0.751765  0.772550  0.396122  0.554167  0.682190  0.628341  0.479583  0.616341  0.655880  0.705520  0.711867  0.511484  0.551510  0.588724  0.638942  0.557928  0.817501  0.355658  0.859200  0.828448  0.528360  0.390025  0.519742  0.321194  0.781515  0.637348  0.586399  0.695260  0.742221  0.459745  0.389313  0.658711 
12  0.546467  0.733328  0.779725  0.717992  0.827778  0.732643  0.440553  0.583196  0.365656  0.526030  0.502432  0.399414 0.0  0.415374  0.273421  0.808238  0.823252  0.560757  0.396586  0.544933  0.741921  0.779284  0.741710  0.768856  0.580002  0.596964  0.739396  0.602920  0.786950  0.829173  0.793928  0.449670  0.592677  0.886302  0.829122  0.491866  0.473027  0.664647  0.821863  0.712587  0.559254  0.481241  0.670983  0.716564  0.558432  0.840135  0.478557  0.719511  0.709027  0.516586  0.533246  0.526821  0.539454  0.700689  0.785550  0.627307  0.799024  0.715241  0.230487  0.249187  0.604865 
13  0.607957  0.686551  0.847040  0.755243  0.708273  0.732533  0.310540  0.605107  0.386568  0.467949  0.516394  0.459844  0.415374 0.0  0.486750  0.840564  0.742422  0.695469  0.478193  0.343154  0.854483  0.769840  0.700437  0.758937  0.523152  0.569103  0.770679  0.462579  0.774848  0.821953  0.842957  0.514743  0.666222  0.850120  0.722683  0.452002  0.566705  0.825331  0.741921  0.798469  0.492020  0.322538  0.640473  0.745529  0.537331  0.853463  0.413550  0.718552  0.932238  0.388123  0.383863  0.541889  0.512081  0.701756  0.657687  0.612984  0.733821  0.747218  0.414528  0.404317  0.680962 
14  0.644853  0.701157  0.926019  0.936906  0.705016  0.808430  0.467794  0.592292  0.428941  0.484438  0.498232  0.441603  0.273421  0.486750 0.0  0.824058  0.762404  0.508870  0.353624  0.560862  0.722641  0.828747  0.682074  0.658071  0.585717  0.527210  0.777706  0.603592  0.888671  0.804887  0.692912  0.426056  0.651464  0.779016  0.780882  0.515310  0.568051  0.639678  0.743310  0.753075  0.584781  0.549984  0.625918  0.761629  0.504984  0.708577  0.562097  0.831999  0.786802  0.551947  0.533722  0.577225  0.490434  0.808123  0.883893  0.614861  0.665984  0.668600  0.437849  0.316300  0.709745 
15  0.747062  0.678287  0.612515  0.642032  0.425856  0.558319  0.752415  0.713711  0.825568  0.798312  0.751139  0.796270  0.808238  0.840564  0.824058 0.0  0.373721  0.777420  0.790832  0.741308  0.572529  0.539560  0.606624  0.466549  0.781962  0.664107  0.355697  0.779621  0.533846  0.411026  0.533833  0.883241  0.697720  0.504443  0.370766  0.722790  0.840682  0.551748  0.574369  0.372077  0.636605  0.690522  0.781584  0.555892  0.759279  0.418232  0.730946  0.641985  0.578787  0.772446  0.688883  0.723382  0.751496  0.512063  0.532822  0.702920  0.421488  0.537929  0.776657  0.781655  0.698853 
16  0.685132  0.653454  0.528834  0.494123  0.319901  0.448066  0.839590  0.730037  0.777144  0.779409  0.796889  0.670364  0.823252  0.742422  0.762404  0.373721 0.0  0.870129  0.746266  0.799515  0.465944  0.574358  0.624754  0.405270  0.718168  0.714283  0.528676  0.805341  0.424487  0.393550  0.376752  0.656322  0.716680  0.446700  0.434389  0.679863  0.789590  0.569069  0.548431  0.493886  0.748018  0.789371  0.858271  0.521836  0.658749  0.316965  0.728377  0.551115  0.548435  0.796760  0.821773  0.733704  0.761987  0.537382  0.486038  0.772175  0.420586  0.484981  0.798480  0.792572  0.609608 
17  0.718608  0.747709  0.898973  0.798009  0.808377  0.789360  0.591192  0.569788  0.552210  0.641466  0.726144  0.535315  0.560757  0.695469  0.508870  0.777420  0.870129 0.0  0.487492  0.650760  0.775076  0.786777  0.660799  0.785033  0.622488  0.552313  0.898024  0.684057  0.754954  0.856340  0.859911  0.526675  0.720548  0.890270  0.724544  0.590751  0.635242  0.713724  0.762996  0.709304  0.689619  0.566107  0.588301  0.800730  0.629530  0.734474  0.616030  0.690629  0.814150  0.673356  0.635481  0.579147  0.474610  0.777157  0.818132  0.664709  0.765601  0.669803  0.549795  0.496396  0.773360 
18  0.629915  0.604480  0.848925  0.748820  0.693500  0.777990  0.419991  0.703349  0.288002  0.466800  0.529838  0.552412  0.396586  0.478193  0.353624  0.790832  0.746266  0.487492 0.0  0.527612  0.826391  0.764173  0.764413  0.720256  0.642281  0.639844  0.716303  0.701485  0.734532  0.742850  0.721756  0.485093  0.733216  0.851507  0.729912  0.456453  0.566101  0.739615  0.773648  0.787957  0.640628  0.509858  0.604177  0.875475  0.553899  0.668492  0.525607  0.793872  0.804733  0.490694  0.529587  0.521189  0.559649  0.705826  0.721664  0.580409  0.707905  0.787673  0.366788  0.256671  0.721181 
19  0.380012  0.689093  0.833802  0.754707  0.916387  0.792255  0.512643  0.476588  0.605189  0.479501  0.519733  0.491221  0.544933  0.343154  0.560862  0.741308  0.799515  0.650760  0.527612 0.0  0.734421  0.619209  0.599949  0.761536  0.506496  0.537983  0.647093  0.521488  0.731725  0.676587  0.721173  0.596475  0.615578  0.768284  0.803133  0.466988  0.683506  0.713833  0.691875  0.725942  0.458798  0.387496  0.554814  0.739137  0.420523  0.774385  0.347483  0.812666  0.800835  0.562132  0.510109  0.316987  0.600439  0.574733  0.698274  0.432674  0.791134  0.666985  0.536587  0.517581  0.661589 
20  0.734368  0.686559  0.599811  0.564609  0.496892  0.215526  0.847695  0.670873  0.856156  0.692089  0.642997  0.770987  0.741921  0.854483  0.722641  0.572529  0.465944  0.775076  0.826391  0.734421 0.0  0.188320  0.679521  0.428430  0.704556  0.650759  0.640593  0.693335  0.562943  0.492576  0.462262  0.792741  0.545125  0.655365  0.250964  0.722951  0.766402  0.387654  0.617501  0.459443  0.710950  0.760665  0.670779  0.394141  0.620798  0.473826  0.613813  0.305704  0.587376  0.677520  0.782767  0.747062  0.785649  0.446054  0.202369  0.740676  0.508953  0.320649  0.829734  0.802392  0.633554 
21  0.678165  0.680175  0.572402  0.529679  0.519525  0.315979  0.743469  0.550359  0.750873  0.758573  0.664721  0.702335  0.779284  0.769840  0.828747  0.539560  0.574358  0.786777  0.764173  0.619209  0.188320 0.0  0.508695  0.432974  0.695050  0.579508  0.687537  0.680705  0.540437  0.540527  0.511090  0.665323  0.575811  0.546190  0.414327  0.581352  0.849588  0.013664  0.578352  0.362188  0.778960  0.768229  0.599359  0.075810  0.686945  0.516604  0.708303  0.195166  0.672553  0.840226  0.708892  0.792002  0.644328  0.292243  0.106444  0.640179  0.443038  0.000000  0.730213  0.662681  0.642982 
22  0.529033  0.275186  0.656560  0.650525  0.721085  0.642659  0.671136  0.588302  0.568875  0.770489  0.599365  0.692071  0.741710  0.700437  0.682074  0.606624  0.624754  0.660799  0.764413  0.599949  0.679521  0.508695 0.0  0.628680  0.625294  0.631763  0.750577  0.602730  0.652454  0.658948  0.733835  0.672325  0.358176  0.679842  0.710231  0.558993  0.735178  0.587129  0.440341  0.678276  0.588017  0.655040  0.592100  0.628960  0.561770  0.746143  0.565346  0.653225  0.708680  0.670924  0.675946  0.670030  0.537694  0.645739  0.603263  0.440551  0.643088  0.522273  0.631646  0.667956  0.284517 
23  0.803819  0.662517  0.532541  0.526939  0.352498  0.493045  0.754024  0.854651  0.828767  0.853550  0.653827  0.749063  0.768856  0.758937  0.658071  0.466549  0.405270  0.785033  0.720256  0.761536  0.428430  0.432974  0.628680 0.0  0.790107  0.762841  0.610489  0.787420  0.472907  0.376437  0.359781  0.824956  0.642023  0.405713  0.348271  0.772127  0.706312  0.399407  0.522635  0.559030  0.549639  0.820731  0.790298  0.514361  0.702498  0.353344  0.784876  0.532288  0.682870  0.770612  0.784111  0.822841  0.745329  0.437941  0.497245  0.718578  0.591204  0.539126  0.857794  0.784141  0.729361 
24  0.505970  0.573146  0.752341  0.665963  0.771119  0.765382  0.567008  0.514496  0.546686  0.610793  0.563362  0.399342  0.580002  0.523152  0.585717  0.781962  0.718168  0.622488  0.642281  0.506496  0.704556  0.695050  0.625294  0.790107 0.0  0.242343  0.732743  0.608271  0.751401  0.652747  0.770711  0.445625  0.555842  0.720201  0.782254  0.457504  0.524746  0.666908  0.581039  0.623368  0.487072  0.504382  0.549852  0.671127  0.578955  0.696216  0.472323  0.669891  0.825715  0.666681  0.403632  0.702950  0.402188  0.703533  0.705029  0.549538  0.766002  0.720228  0.539843  0.442118  0.597637 
25  0.638726  0.481119  0.694214  0.757070  0.661020  0.785172  0.595675  0.493005  0.515988  0.536873  0.350698  0.567430  0.596964  0.569103  0.527210  0.664107  0.714283  0.552313  0.639844  0.537983  0.650759  0.579508  0.631763  0.762841  0.242343 0.0  0.690661  0.483503  0.725663  0.673543  0.774029  0.445911  0.572291  0.864327  0.722304  0.267427  0.569438  0.701159  0.699641  0.718673  0.594509  0.497266  0.376273  0.696110  0.402741  0.700597  0.514974  0.630592  0.819569  0.637585  0.404989  0.639652  0.513472  0.734468  0.650001  0.344606  0.725982  0.776033  0.551039  0.465317  0.556570 
26  0.734725  0.708008  0.589148  0.477699  0.441805  0.681885  0.787934  0.894937  0.807840  0.885335  0.889278  0.771702  0.739396  0.770679  0.777706  0.355697  0.528676  0.898024  0.716303  0.647093  0.640593  0.687537  0.750577  0.610489  0.732743  0.690661 0.0  0.800541  0.482374  0.202863  0.532267  0.832561  0.586262  0.502930  0.590298  0.862179  0.780213  0.571505  0.667143  0.564479  0.763590  0.792012  0.651097  0.645988  0.711969  0.455361  0.679808  0.622267  0.509153  0.796970  0.785977  0.837989  0.749755  0.606080  0.574811  0.691813  0.545093  0.561167  0.815666  0.817744  0.605677 
27  0.205476  0.556140  0.715498  0.623328  0.742230  0.674122  0.552599  0.241534  0.577947  0.540394  0.545764  0.647133  0.602920  0.462579  0.603592  0.779621  0.805341  0.684057  0.701485  0.521488  0.693335  0.680705  0.602730  0.787420  0.608271  0.483503  0.800541 0.0  0.708945  0.740696  0.757028  0.600324  0.510815  0.810862  0.641840  0.502840  0.644225  0.709716  0.642389  0.694311  0.355994  0.508397  0.614641  0.746065  0.390797  0.734556  0.530770  0.665684  0.793592  0.590313  0.463035  0.568366  0.552179  0.619505  0.727218  0.579550  0.687042  0.774003  0.577192  0.510840  0.536251 
28  0.859106  0.561425  0.518546  0.321101  0.418589  0.569089  0.797395  0.773813  0.802334  0.816218  0.744062  0.777687  0.786950  0.774848  0.888671  0.533846  0.424487  0.754954  0.734532  0.731725  0.562943  0.540437  0.652454  0.472907  0.751401  0.725663  0.482374  0.708945 0.0  0.443944  0.337155  0.785024  0.736640  0.297892  0.492529  0.782538  0.871117  0.655188  0.640963  0.513319  0.799285  0.776979  0.604351  0.502341  0.855311  0.511138  0.782145  0.482482  0.392159  0.807430  0.661709  0.879341  0.795060  0.620154  0.581276  0.821169  0.656229  0.514926  0.812810  0.733207  0.703892 
29  0.759399  0.588683  0.510027  0.565247  0.578799  0.540309  0.792569  0.745815  0.729514  0.820961  0.833547  0.751765  0.829173  0.821953  0.804887  0.411026  0.393550  0.856340  0.742850  0.676587  0.492576  0.540527  0.658948  0.376437  0.652747  0.673543  0.202863  0.740696  0.443944 0.0  0.498525  1.000000  0.609152  0.485653  0.484609  0.662894  0.719192  0.502559  0.616415  0.559329  0.696396  0.630891  0.655839  0.487283  0.812333  0.516512  0.850117  0.684829  0.536001  0.867178  0.820749  0.765585  0.772957  0.572811  0.594215  0.710618  0.542029  0.581493  0.841773  0.885273  0.664924 
30  0.777044  0.699159  0.393462  0.447403  0.125954  0.526200  0.745023  0.866001  0.763305  0.679276  0.700789  0.772550  0.793928  0.842957  0.692912  0.533833  0.376752  0.859911  0.721756  0.721173  0.462262  0.511090  0.733835  0.359781  0.770711  0.774029  0.532267  0.757028  0.337155  0.498525 0.0  0.726202  0.795148  0.360624  0.507616  0.789501  0.815153  0.510949  0.623450  0.514892  0.823446  0.810504  0.743934  0.525510  0.763375  0.401371  0.744282  0.469424  0.660980  0.768167  0.746736  0.810552  0.840799  0.560794  0.553002  0.821835  0.647057  0.467147  0.779364  0.752122  0.719244 
31  0.561849  0.840664  0.838471  0.784400  0.848134  0.792554  0.577335  0.664373  0.539483  0.637511  0.597874  0.396122  0.449670  0.514743  0.426056  0.883241  0.656322  0.526675  0.485093  0.596475  0.792741  0.665323  0.672325  0.824956  0.445625  0.445911  0.832561  0.600324  0.785024  1.000000  0.726202 0.0  0.603580  0.870973  0.732380  0.428889  0.613375  0.660883  0.777540  0.621376  0.641045  0.605596  0.622663  0.680696  0.572465  0.764124  0.505083  0.712634  0.810867  0.570322  0.611848  0.665112  0.360232  0.711620  0.886644  0.598341  0.671493  0.706454  0.457024  0.449553  0.645935 
32  0.585366  0.266254  0.805113  0.713751  0.651901  0.590073  0.645772  0.545240  0.732141  0.582271  0.639361  0.554167  0.592677  0.666222  0.651464  0.697720  0.716680  0.720548  0.733216  0.615578  0.545125  0.575811  0.358176  0.642023  0.555842  0.572291  0.586262  0.510815  0.736640  0.609152  0.795148  0.603580 0.0  0.600401  0.696503  0.691295  0.741813  0.551790  0.531967  0.629553  0.598996  0.679455  0.602335  0.612969  0.585521  0.719947  0.642034  0.611156  0.803152  0.720325  0.575458  0.694704  0.691118  0.572461  0.590865  0.473906  0.560372  0.585488  0.646784  0.775188  0.310416 
33  0.666198  0.713626  0.486076  0.379578  0.496279  0.544274  0.781039  0.751163  0.876844  0.734295  0.749700  0.682190  0.886302  0.850120  0.779016  0.504443  0.446700  0.890270  0.851507  0.768284  0.655365  0.546190  0.679842  0.405713  0.720201  0.864327  0.502930  0.810862  0.297892  0.485653  0.360624  0.870973  0.600401 0.0  0.618729  0.734869  0.775519  0.522076  0.657323  0.547984  0.790200  0.840611  0.766702  0.599486  0.747616  0.531110  0.870732  0.546972  0.547075  0.789122  0.864610  0.626938  0.752244  0.607901  0.540086  0.776278  0.625296  0.589906  0.717990  0.852156  0.699401 
34  0.803409  0.529837  0.570324  0.538687  0.572010  0.429396  0.764282  0.610625  0.774639  0.772364  0.693949  0.628341  0.829122  0.722683  0.780882  0.370766  0.434389  0.724544  0.729912  0.803133  0.250964  0.414327  0.710231  0.348271  0.782254  0.722304  0.590298  0.641840  0.492529  0.484609  0.507616  0.732380  0.696503  0.618729 0.0  0.684363  0.727680  0.369858  0.601871  0.358807  0.698053  0.759304  0.629276  0.432070  0.722659  0.267217  0.667475  0.379420  0.646035  0.793350  0.787612  0.745249  0.706927  0.433449  0.251309  0.714498  0.433325  0.386301  0.771979  0.765314  0.691035 
35  0.485730  0.729777  0.747041  0.769911  0.768266  0.693560  0.627713  0.556439  0.577607  0.576040  0.244351  0.479583  0.491866  0.452002  0.515310  0.722790  0.679863  0.590751  0.456453  0.466988  0.722951  0.581352  0.558993  0.772127  0.457504  0.267427  0.862179  0.502840  0.782538  0.662894  0.789501  0.428889  0.691295  0.734869  0.684363 0.0  0.595826  0.820771  0.685397  0.797773  0.463830  0.422675  0.557035  0.695327  0.379693  0.749964  0.456425  0.714391  0.885662  0.686106  0.372295  0.513605  0.620079  0.732651  0.593041  0.549392  0.713492  0.694436  0.568993  0.636155  0.539207 
36  0.598350  0.783413  0.904377  0.813243  0.657428  0.836792  0.504049  0.582523  0.445501  0.455322  0.593480  0.616341  0.473027  0.566705  0.568051  0.840682  0.789590  0.635242  0.566101  0.683506  0.766402  0.849588  0.735178  0.706312  0.524746  0.569438  0.780213  0.644225  0.871117  0.719192  0.815153  0.613375  0.741813  0.775519  0.727680  0.595826 0.0  0.770719  0.859768  0.824758  0.666711  0.590310  0.676046  0.821491  0.532605  0.714042  0.580359  0.757430  0.818847  0.480407  0.533938  0.566667  0.587186  0.828378  0.805881  0.631075  0.817939  0.798733  0.544443  0.599540  0.741472 
37  0.658434  0.584002  0.645343  0.613067  0.558456  0.254863  0.733295  0.712042  0.869036  0.827740  0.674353  0.655880  0.664647  0.825331  0.639678  0.551748  0.569069  0.713724  0.739615  0.713833  0.387654  0.013664  0.587129  0.399407  0.666908  0.701159  0.571505  0.709716  0.655188  0.502559  0.510949  0.660883  0.551790  0.522076  0.369858  0.820771  0.770719 0.0  0.521285  0.336275  0.658478  0.623946  0.589848  0.007620  0.666366  0.419431  0.710922  0.300150  0.822726  0.725492  0.656540  0.730826  0.728841  0.330881  0.249775  0.532015  0.548075  0.196335  0.678325  0.825787  0.662004 
38  0.620593  0.461230  0.596863  0.706998  0.739890  0.548116  0.717960  0.753935  0.689260  0.715228  0.636365  0.705520  0.821863  0.741921  0.743310  0.574369  0.548431  0.762996  0.773648  0.691875  0.617501  0.578352  0.440341  0.522635  0.581039  0.699641  0.667143  0.642389  0.640963  0.616415  0.623450  0.777540  0.531967  0.657323  0.601871  0.685397  0.859768  0.521285 0.0  0.485306  0.690731  0.770252  0.756485  0.559404  0.741880  0.529663  0.680998  0.544856  0.825904  0.706191  0.713666  0.712968  0.702491  0.434022  0.596737  0.614531  0.507408  0.521334  0.727962  0.647895  0.489222 
39  0.694661  0.560186  0.526354  0.593459  0.645552  0.438986  0.800626  0.645449  0.801987  0.785031  0.619191  0.711867  0.712587  0.798469  0.753075  0.372077  0.493886  0.709304  0.787957  0.725942  0.459443  0.362188  0.678276  0.559030  0.623368  0.718673  0.564479  0.694311  0.513319  0.559329  0.514892  0.621376  0.629553  0.547984  0.358807  0.797773  0.824758  0.336275  0.485306 0.0  0.704996  0.742085  0.682841  0.334659  0.642369  0.476874  0.737606  0.525799  0.671533  0.827225  0.646290  0.719675  0.720756  0.490951  0.426959  0.697382  0.484996  0.477303  0.762911  0.825521  0.593103 
40  0.355459  0.630672  0.642867  0.770253  0.729226  0.669023  0.602913  0.361421  0.589810  0.563554  0.484285  0.511484  0.559254  0.492020  0.584781  0.636605  0.748018  0.689619  0.640628  0.458798  0.710950  0.778960  0.588017  0.549639  0.487072  0.594509  0.763590  0.355994  0.799285  0.696396  0.823446  0.641045  0.598996  0.790200  0.698053  0.463830  0.666711  0.658478  0.690731  0.704996 0.0  0.434313  0.507964  0.527067  0.351135  0.763001  0.476956  0.614406  0.825918  0.690763  0.419054  0.563324  0.602006  0.610995  0.730828  0.372143  0.702305  0.659754  0.655745  0.550091  0.556655 
41  0.447244  0.663724  0.780763  0.762732  0.749019  0.741460  0.440085  0.513250  0.384380  0.414205  0.371901  0.551510  0.481241  0.322538  0.549984  0.690522  0.789371  0.566107  0.509858  0.387496  0.760665  0.768229  0.655040  0.820731  0.504382  0.497266  0.792012  0.508397  0.776979  0.630891  0.810504  0.605596  0.679455  0.840611  0.759304  0.422675  0.590310  0.623946  0.770252  0.742085  0.434313 0.0  0.594966  0.630081  0.452034  0.708944  0.348804  0.681787  0.706562  0.500612  0.344657  0.290944  0.508335  0.739635  0.741809  0.558032  0.705535  0.758058  0.377591  0.496540  0.681220 
42  0.681006  0.708023  0.730737  0.673828  0.702471  0.660622  0.487571  0.677019  0.676876  0.692965  0.589961  0.588724  0.670983  0.640473  0.625918  0.781584  0.858271  0.588301  0.604177  0.554814  0.670779  0.599359  0.592100  0.790298  0.549852  0.376273  0.651097  0.614641  0.604351  0.655839  0.743934  0.622663  0.602335  0.766702  0.629276  0.557035  0.676046  0.589848  0.756485  0.682841  0.507964  0.594966 0.0  0.736463  0.628601  0.754904  0.598998  0.677811  0.873266  0.758566  0.542236  0.592539  0.525412  0.642634  0.602039  0.432090  0.775081  0.669298  0.670047  0.592306  0.539565 
43  0.674520  0.561153  0.640623  0.527291  0.528187  0.385841  0.745385  0.701540  0.741804  0.899641  0.655315  0.638942  0.716564  0.745529  0.761629  0.555892  0.521836  0.800730  0.875475  0.739137  0.394141  0.075810  0.628960  0.514361  0.671127  0.696110  0.645988  0.746065  0.502341  0.487283  0.525510  0.680696  0.612969  0.599486  0.432070  0.695327  0.821491  0.007620  0.559404  0.334659  0.527067  0.630081  0.736463 0.0  0.702451  0.413660  0.698868  0.197577  0.661959  0.849012  0.746512  0.770102  0.723095  0.333866  0.162664  0.608667  0.446512  0.218510  0.709068  0.696434  0.638164 
44  0.258432  0.729495  0.777594  0.905364  0.692871  0.766308  0.589109  0.391365  0.518066  0.605477  0.414395  0.557928  0.558432  0.537331  0.504984  0.759279  0.658749  0.629530  0.553899  0.420523  0.620798  0.686945  0.561770  0.702498  0.578955  0.402741  0.711969  0.390797  0.855311  0.812333  0.763375  0.572465  0.585521  0.747616  0.722659  0.379693  0.532605  0.666366  0.741880  0.642369  0.351135  0.452034  0.628601  0.702451 0.0  0.752978  0.364062  0.824650  0.739679  0.558860  0.526629  0.413124  0.599819  0.735836  0.678627  0.496516  0.712085  0.676232  0.563250  0.595921  0.580371 
45  0.694501  0.650001  0.418887  0.494181  0.472352  0.550983  0.804096  0.800821  0.843566  0.787323  0.784745  0.817501  0.840135  0.853463  0.708577  0.418232  0.316965  0.734474  0.668492  0.774385  0.473826  0.516604  0.746143  0.353344  0.696216  0.700597  0.455361  0.734556  0.511138  0.516512  0.401371  0.764124  0.719947  0.531110  0.267217  0.749964  0.714042  0.419431  0.529663  0.476874  0.763001  0.708944  0.754904  0.413660  0.752978 0.0  0.770286  0.427276  0.617916  0.789109  0.696557  0.811593  0.787886  0.580896  0.435441  0.601042  0.464584  0.393335  0.890627  0.722371  0.603705 
46  0.417652  0.645475  0.786258  0.799301  0.762235  0.740961  0.470184  0.411053  0.598361  0.495076  0.433112  0.355658  0.478557  0.413550  0.562097  0.730946  0.728377  0.616030  0.525607  0.347483  0.613813  0.708303  0.565346  0.784876  0.472323  0.514974  0.679808  0.530770  0.782145  0.850117  0.744282  0.505083  0.642034  0.870732  0.667475  0.456425  0.580359  0.710922  0.680998  0.737606  0.476956  0.348804  0.598998  0.698868  0.364062  0.770286 0.0  0.661662  0.799534  0.500549  0.384878  0.364108  0.510651  0.729760  0.697485  0.535517  0.640191  0.768939  0.523230  0.388446  0.592120 
47  0.708582  0.676137  0.577145  0.521772  0.371877  0.289359  0.770588  0.749398  0.730335  0.709687  0.702800  0.859200  0.719511  0.718552  0.831999  0.641985  0.551115  0.690629  0.793872  0.812666  0.305704  0.195166  0.653225  0.532288  0.669891  0.630592  0.622267  0.665684  0.482482  0.684829  0.469424  0.712634  0.611156  0.546972  0.379420  0.714391  0.757430  0.300150  0.544856  0.525799  0.614406  0.681787  0.677811  0.197577  0.824650  0.427276  0.661662 0.0  0.604702  0.759021  0.780118  0.730415  0.756926  0.297371  0.279500  0.747155  0.483211  0.287637  0.742220  0.791023  0.614746 
48  0.752289  0.666387  0.660693  0.623877  0.592758  0.641607  0.830009  0.807074  0.904144  0.755870  0.724946  0.828448  0.709027  0.932238  0.786802  0.578787  0.548435  0.814150  0.804733  0.800835  0.587376  0.672553  0.708680  0.682870  0.825715  0.819569  0.509153  0.793592  0.392159  0.536001  0.660980  0.810867  0.803152  0.547075  0.646035  0.885662  0.818847  0.822726  0.825904  0.671533  0.825918  0.706562  0.873266  0.661959  0.739679  0.617916  0.799534  0.604702 0.0  0.870518  0.936521  0.802002  0.807274  0.676094  0.685311  0.697975  0.591961  0.657233  0.719313  0.862076  0.836779 
49  0.609023  0.624629  0.727796  0.815141  0.914673  0.842734  0.512849  0.685452  0.531542  0.332915  0.526102  0.528360  0.516586  0.388123  0.551947  0.772446  0.796760  0.673356  0.490694  0.562132  0.677520  0.840226  0.670924  0.770612  0.666681  0.637585  0.796970  0.590313  0.807430  0.867178  0.768167  0.570322  0.720325  0.789122  0.793350  0.686106  0.480407  0.725492  0.706191  0.827225  0.690763  0.500612  0.758566  0.849012  0.558860  0.789109  0.500549  0.759021  0.870518 0.0  0.716499  0.545822  0.517730  0.702147  0.798958  0.579973  0.633989  0.734639  0.489215  0.507729  0.636058 
50  0.475779  0.611729  0.772358  0.827592  0.918131  0.790079  0.475361  0.545428  0.542243  0.552566  0.210846  0.390025  0.533246  0.383863  0.533722  0.688883  0.821773  0.635481  0.529587  0.510109  0.782767  0.708892  0.675946  0.784111  0.403632  0.404989  0.785977  0.463035  0.661709  0.820749  0.746736  0.611848  0.575458  0.864610  0.787612  0.372295  0.533938  0.656540  0.713666  0.646290  0.419054  0.344657  0.542236  0.746512  0.526629  0.696557  0.384878  0.780118  0.936521  0.716499 0.0  0.589747  0.418196  0.701966  0.686539  0.455997  0.800582  0.766909  0.544483  0.543231  0.577271 
51  0.554302  0.621821  0.888502  0.722056  0.745427  0.816441  0.497683  0.548318  0.431437  0.373231  0.519646  0.519742  0.526821  0.541889  0.577225  0.723382  0.733704  0.579147  0.521189  0.316987  0.747062  0.792002  0.670030  0.822841  0.702950  0.639652  0.837989  0.568366  0.879341  0.765585  0.810552  0.665112  0.694704  0.626938  0.745249  0.513605  0.566667  0.730826  0.712968  0.719675  0.563324  0.290944  0.592539  0.770102  0.413124  0.811593  0.364108  0.730415  0.802002  0.545822  0.589747 0.0  0.600730  0.696941  0.742900  0.637635  0.715645  0.843653  0.623659  0.493212  0.711162 
52  0.535087  0.654428  0.761599  0.712993  0.743815  0.782749  0.570892  0.585428  0.471219  0.739098  0.552648  0.321194  0.539454  0.512081  0.490434  0.751496  0.761987  0.474610  0.559649  0.600439  0.785649  0.644328  0.537694  0.745329  0.402188  0.513472  0.749755  0.552179  0.795060  0.772957  0.840799  0.360232  0.691118  0.752244  0.706927  0.620079  0.587186  0.728841  0.702491  0.720756  0.602006  0.508335  0.525412  0.723095  0.599819  0.787886  0.510651  0.756926  0.807274  0.517730  0.418196  0.600730 0.0  0.732724  0.741573  0.619867  0.671742  0.816981  0.519055  0.479075  0.652457 
53  0.705776  0.694226  0.565275  0.616205  0.638703  0.366745  0.863656  0.644243  0.743309  0.761121  0.652142  0.781515  0.700689  0.701756  0.808123  0.512063  0.537382  0.777157  0.705826  0.574733  0.446054  0.292243  0.645739  0.437941  0.703533  0.734468  0.606080  0.619505  0.620154  0.572811  0.560794  0.711620  0.572461  0.607901  0.433449  0.732651  0.828378  0.330881  0.434022  0.490951  0.610995  0.739635  0.642634  0.333866  0.735836  0.580896  0.729760  0.297371  0.676094  0.702147  0.701966  0.696941  0.732724 0.0  0.388892  0.520920  0.607162  0.224666  0.747953  0.723561  0.591747 
54  0.551010  0.584393  0.605930  0.537012  0.522409  0.388120  0.869117  0.664544  0.788836  0.749258  0.744254  0.637348  0.785550  0.657687  0.883893  0.532822  0.486038  0.818132  0.721664  0.698274  0.202369  0.106444  0.603263  0.497245  0.705029  0.650001  0.574811  0.727218  0.581276  0.594215  0.553002  0.886644  0.590865  0.540086  0.251309  0.593041  0.805881  0.249775  0.596737  0.426959  0.730828  0.741809  0.602039  0.162664  0.678627  0.435441  0.697485  0.279500  0.685311  0.798958  0.686539  0.742900  0.741573  0.388892 0.0  0.759264  0.479221  0.214302  0.768633  0.714738  0.590996 
55  0.579765  0.534204  0.704937  0.832636  0.765002  0.680581  0.630518  0.532569  0.707862  0.485254  0.427367  0.586399  0.627307  0.612984  0.614861  0.702920  0.772175  0.664709  0.580409  0.432674  0.740676  0.640179  0.440551  0.718578  0.549538  0.344606  0.691813  0.579550  0.821169  0.710618  0.821835  0.598341  0.473906  0.776278  0.714498  0.549392  0.631075  0.532015  0.614531  0.697382  0.372143  0.558032  0.432090  0.608667  0.496516  0.601042  0.535517  0.747155  0.697975  0.579973  0.455997  0.637635  0.619867  0.520920  0.759264 0.0  0.671705  0.811962  0.610280  0.639545  0.593453 
56  0.693328  0.727682  0.693471  0.524449  0.751900  0.501117  0.744713  0.827920  0.778284  0.746378  0.732378  0.695260  0.799024  0.733821  0.665984  0.421488  0.420586  0.765601  0.707905  0.791134  0.508953  0.443038  0.643088  0.591204  0.766002  0.725982  0.545093  0.687042  0.656229  0.542029  0.647057  0.671493  0.560372  0.625296  0.433325  0.713492  0.817939  0.548075  0.507408  0.484996  0.702305  0.705535  0.775081  0.446512  0.712085  0.464584  0.640191  0.483211  0.591961  0.633989  0.800582  0.715645  0.671742  0.607162  0.479221  0.671705 0.0  0.516356  0.690554  0.686893  0.650004 
57  0.666287  0.582497  0.564475  0.649660  0.584482  0.286411  0.744073  0.665032  0.873451  0.764778  0.776517  0.742221  0.715241  0.747218  0.668600  0.537929  0.484981  0.669803  0.787673  0.666985  0.320649  0.000000  0.522273  0.539126  0.720228  0.776033  0.561167  0.774003  0.514926  0.581493  0.467147  0.706454  0.585488  0.589906  0.386301  0.694436  0.798733  0.196335  0.521334  0.477303  0.659754  0.758058  0.669298  0.218510  0.676232  0.393335  0.768939  0.287637  0.657233  0.734639  0.766909  0.843653  0.816981  0.224666  0.214302  0.811962  0.516356 0.0  0.696463  0.719880  0.626557 
58  0.609484  0.687955  0.773587  0.751168  0.799417  0.817545  0.281849  0.556743  0.268086  0.540422  0.480706  0.459745  0.230487  0.414528  0.437849  0.776657  0.798480  0.549795  0.366788  0.536587  0.829734  0.730213  0.631646  0.857794  0.539843  0.551039  0.815666  0.577192  0.812810  0.841773  0.779364  0.457024  0.646784  0.717990  0.771979  0.568993  0.544443  0.678325  0.727962  0.762911  0.655745  0.377591  0.670047  0.709068  0.563250  0.890627  0.523230  0.742220  0.719313  0.489215  0.544483  0.623659  0.519055  0.747953  0.768633  0.610280  0.690554  0.696463 0.0  0.037639  0.745754 
59  0.518742  0.653231  0.657870  0.783690  0.745996  0.777601  0.303693  0.649478  0.159567  0.438659  0.529162  0.389313  0.249187  0.404317  0.316300  0.781655  0.792572  0.496396  0.256671  0.517581  0.802392  0.662681  0.667956  0.784141  0.442118  0.465317  0.817744  0.510840  0.733207  0.885273  0.752122  0.449553  0.775188  0.852156  0.765314  0.636155  0.599540  0.825787  0.647895  0.825521  0.550091  0.496540  0.592306  0.696434  0.595921  0.722371  0.388446  0.791023  0.862076  0.507729  0.543231  0.493212  0.479075  0.723561  0.714738  0.639545  0.686893  0.719880  0.037639 0.0  0.667708 
60  0.543595  0.172858  0.796410  0.779540  0.717046  0.616780  0.696948  0.537368  0.706269  0.600630  0.631600  0.658711  0.604865  0.680962  0.709745  0.698853  0.609608  0.773360  0.721181  0.661589  0.633554  0.642982  0.284517  0.729361  0.597637  0.556570  0.605677  0.536251  0.703892  0.664924  0.719244  0.645935  0.310416  0.699401  0.691035  0.539207  0.741472  0.662004  0.489222  0.593103  0.556655  0.681220  0.539565  0.638164  0.580371  0.603705  0.592120  0.614746  0.836779  0.636058  0.577271  0.711162  0.652457  0.591747  0.590996  0.593453  0.650004  0.626557  0.745754  0.667708 0.0 
