61
0 0.0  0.614862  0.879001  0.769206  0.816464  0.711025  0.682438  0.301737  0.615422  0.548639  0.479658  0.599990  0.591479  0.614600  0.649703  0.798719  0.842257  0.609359  0.522753  0.544221  0.789453  0.716481  0.624356  0.643103  0.627325  0.392623  0.845985  0.124908  0.787563  0.718171  0.775244  0.676243  0.581363  0.828777  0.749246  0.589823  0.668462  0.758737  0.654231  0.786282  0.475647  0.496566  0.669045  0.641756  0.368518  0.767026  0.370642  0.853918  0.831855  0.676055  0.597038  0.457621  0.624073  0.738929  0.914023  0.497871  0.718521  0.764009  0.643947  0.597117  0.641935 
1  0.614862 0.0  0.798794  0.688436  0.699160  0.679878  0.715927  0.553814  0.705963  0.730380  0.674816  0.785866  0.619518  0.741728  0.733466  0.630449  0.750759  0.675395  0.713849  0.707046  0.684142  0.634422  0.203073  0.761735  0.807276  0.632914  0.775933  0.524866  0.823973  0.653793  0.823247  0.760547  0.453661  0.769232  0.706468  0.723937  0.689268  0.647160  0.532594  0.622113  0.609688  0.618002  0.735833  0.673088  0.637969  0.727333  0.661621  0.665973  0.899401  0.808992  0.722784  0.667338  0.770715  0.704183  0.755800  0.595860  0.680895  0.735166  0.745494  0.723973  0.314663 
2  0.879001  0.798794 0.0  0.407502  0.496575  0.580575  0.834586  0.923614  0.852164  0.829125  0.753676  0.835433  0.843878  0.833844  0.900781  0.569276  0.541321  1.000000  0.793487  0.778005  0.617430  0.619941  0.817414  0.524177  0.895407  0.880995  0.600919  0.688706  0.430919  0.625410  0.411010  0.861484  0.759840  0.477293  0.612453  0.738935  0.896891  0.719142  0.533663  0.748075  0.814596  0.791826  0.783686  0.623540  0.720615  0.544577  0.826612  0.707147  0.631075  0.844207  0.733797  0.871939  0.841204  0.768392  0.654230  0.761689  0.716117  0.642741  0.878176  0.868782  0.806915 
3  0.769206  0.688436  0.407502 0.0  0.446776  0.581895  0.759729  0.870071  0.783325  0.766540  0.907825  0.806259  0.933108  0.735642  0.817266  0.595223  0.503043  0.923363  0.859498  0.793015  0.695030  0.609275  0.742992  0.444246  0.793619  0.828554  0.613864  0.797670  0.338234  0.615374  0.348835  0.904193  0.854558  0.507457  0.583218  0.840679  0.862009  0.616970  0.684197  0.672751  0.805720  0.823199  0.738256  0.616791  0.826265  0.628443  0.763566  0.704455  0.589976  0.682206  0.889741  0.709639  0.774036  0.687376  0.600614  0.713837  0.632328  0.601361  0.775907  0.878367  0.868436 
4  0.816464  0.699160  0.496575  0.446776 0.0  0.601674  0.739847  0.793090  0.826695  0.802808  0.860458  0.885611  0.805949  0.777286  0.761051  0.516672  0.337960  0.777833  0.876725  0.917613  0.543622  0.593020  0.700883  0.359211  0.781146  0.849081  0.551559  0.762264  0.313992  0.465551  0.293022  0.934606  0.820492  0.457568  0.689770  0.745144  0.807981  0.570383  0.607610  0.662074  0.775546  0.806133  0.780076  0.480989  0.807090  0.456984  0.727101  0.581530  0.596606  0.817589  0.828522  0.852271  0.873090  0.678063  0.557225  0.735245  0.672276  0.578840  0.796062  0.903967  0.729845 
5  0.711025  0.679878  0.580575  0.581895  0.601674 0.0  0.791816  0.783242  0.865321  0.832229  0.788430  0.774729  0.837992  0.883147  0.751567  0.526971  0.546820  0.866135  0.769842  0.762732  0.150790  0.392187  0.645407  0.480669  0.753951  0.829217  0.646417  0.820267  0.574092  0.587521  0.535170  0.772370  0.682237  0.622027  0.389468  0.745463  0.761897  0.278782  0.599933  0.495985  0.671156  0.838438  0.667599  0.301246  0.791391  0.489030  0.753432  0.375130  0.716562  0.881025  0.763228  0.928067  0.854812  0.456468  0.367561  0.791539  0.578458  0.319156  0.740041  0.834127  0.695032 
6  0.682438  0.715927  0.834586  0.759729  0.739847  0.791816 0.0  0.563182  0.277212  0.508794  0.555064  0.503166  0.395804  0.213430  0.455504  0.735379  0.860730  0.580910  0.440343  0.607900  0.853635  0.812554  0.631737  0.789673  0.706700  0.609538  0.872668  0.512245  0.837370  0.905363  0.872589  0.566970  0.775559  0.758884  0.873411  0.587426  0.525256  0.754847  0.760240  0.815407  0.639396  0.511987  0.611437  0.773784  0.623214  0.804085  0.551164  0.756513  0.854948  0.490801  0.549642  0.462648  0.545741  0.797560  0.756346  0.677523  0.873667  0.900718  0.433537  0.287129  0.765373 
7  0.301737  0.553814  0.923614  0.870071  0.793090  0.783242  0.563182 0.0  0.571069  0.609580  0.530210  0.578544  0.747284  0.458606  0.637716  0.716341  0.730242  0.720234  0.696977  0.533961  0.696520  0.840865  0.547690  0.756326  0.456822  0.537499  0.707597  0.270502  0.891599  0.793780  0.822159  0.650143  0.472947  0.883364  0.693869  0.521891  0.695848  0.641569  0.653477  0.705255  0.298072  0.426296  0.628910  0.808505  0.497241  0.692411  0.462736  0.762117  0.881964  0.774174  0.533542  0.627902  0.619024  0.824401  0.697744  0.507703  0.780121  0.697909  0.684399  0.713801  0.521746 
8  0.615422  0.705963  0.852164  0.783325  0.826695  0.865321  0.277212  0.571069 0.0  0.524644  0.566925  0.504479  0.293588  0.410446  0.360406  0.869604  0.836156  0.673148  0.294999  0.580122  0.812355  0.860364  0.839461  0.903792  0.584820  0.691089  0.792078  0.549950  0.849600  0.793335  0.723252  0.573989  0.777321  0.831101  0.729958  0.438566  0.660875  0.814014  0.797397  0.808465  0.680664  0.549398  0.468063  0.805757  0.569360  0.886263  0.618870  0.824440  0.848917  0.531778  0.630569  0.594761  0.682105  0.726778  0.778360  0.552558  0.917087  0.787261  0.344387  0.249856  0.834764 
9  0.548639  0.730380  0.829125  0.766540  0.802808  0.832229  0.508794  0.609580  0.524644 0.0  0.463716  0.640231  0.525137  0.543564  0.643346  0.792092  0.859923  0.763728  0.467151  0.440844  0.809156  0.863627  0.581435  0.846578  0.566348  0.686757  0.904754  0.496848  0.811552  0.730588  0.834951  0.693654  0.633534  0.682251  0.729429  0.494366  0.511386  0.873829  0.725517  0.709763  0.572967  0.471019  0.679176  0.733376  0.588010  0.825838  0.557284  0.642806  0.820580  0.363141  0.632520  0.429171  0.751547  0.720542  0.808119  0.590180  0.749680  0.637294  0.598353  0.521555  0.700142 
10  0.479658  0.674816  0.753676  0.907825  0.860458  0.788430  0.555064  0.530210  0.566925  0.463716 0.0  0.493482  0.559429  0.371741  0.581477  0.859595  0.739795  0.727991  0.625696  0.401783  0.814007  0.773593  0.570655  0.809888  0.519838  0.441936  0.840904  0.508129  0.902514  0.841416  0.771801  0.575375  0.595189  0.817469  0.772153  0.390425  0.657296  0.762520  0.759869  0.761837  0.567553  0.390132  0.592948  0.719286  0.353970  0.768364  0.314200  0.667433  0.797153  0.565766  0.213646  0.533505  0.485430  0.689010  0.800629  0.554173  0.672785  0.681074  0.530087  0.645038  0.540578 
11  0.599990  0.785866  0.835433  0.806259  0.885611  0.774729  0.503166  0.578544  0.504479  0.640231  0.493482 0.0  0.501692  0.456994  0.444525  0.864286  0.850093  0.570382  0.605055  0.574051  0.774115  0.768520  0.787087  0.769655  0.412189  0.503901  0.857323  0.580387  0.823056  0.855718  0.821921  0.415961  0.685225  0.789390  0.780336  0.418147  0.650104  0.682811  0.744379  0.701130  0.547664  0.540497  0.523104  0.733709  0.539935  0.827233  0.483383  0.710682  0.906881  0.603847  0.429999  0.606945  0.397231  0.666997  0.715895  0.609209  0.768948  0.712687  0.342681  0.448132  0.643209 
12  0.591479  0.619518  0.843878  0.933108  0.805949  0.837992  0.395804  0.747284  0.293588  0.525137  0.559429  0.501692 0.0  0.479408  0.416584  0.825220  0.685610  0.570473  0.447285  0.545132  0.853627  0.811877  0.696814  0.852259  0.570429  0.567367  0.889708  0.664711  0.865768  0.825947  0.828082  0.546479  0.733529  0.735190  0.803546  0.532704  0.576628  0.889326  0.720720  0.921727  0.556194  0.392119  0.609082  0.752446  0.621005  0.908950  0.478419  0.743682  0.951411  0.484434  0.454771  0.529987  0.463611  0.794154  0.790760  0.609216  0.809503  0.857671  0.380846  0.241417  0.735569 
13  0.614600  0.741728  0.833844  0.735642  0.777286  0.883147  0.213430  0.458606  0.410446  0.543564  0.371741  0.456994  0.479408 0.0  0.340469  0.883310  0.814867  0.641496  0.406451  0.498955  0.825038  0.797573  0.792131  0.917324  0.593260  0.544187  0.937944  0.675194  0.926575  0.827496  0.848406  0.612358  0.748820  0.937980  0.886610  0.563335  0.574849  0.801415  0.718323  0.731600  0.554912  0.411382  0.609322  0.942218  0.559024  0.839673  0.531869  0.743406  0.886406  0.505877  0.509157  0.471801  0.490270  0.779234  0.740207  0.570862  0.874810  0.829371  0.353448  0.464786  0.654846 
14  0.649703  0.733466  0.900781  0.817266  0.761051  0.751567  0.455504  0.637716  0.360406  0.643346  0.581477  0.444525  0.416584  0.340469 0.0  0.858051  0.759289  0.519554  0.395840  0.651021  0.775946  0.772061  0.775170  0.859128  0.623146  0.585400  0.817506  0.675003  0.756110  0.859906  0.687852  0.415868  0.794301  0.843087  0.840970  0.646136  0.583012  0.746535  0.820243  0.814981  0.607690  0.440825  0.743019  0.922648  0.528240  0.850269  0.626618  0.915701  0.945494  0.585597  0.571817  0.723225  0.544931  0.769616  0.886149  0.661375  0.922011  0.783424  0.375719  0.307670  0.724947 
15  0.798719  0.630449  0.569276  0.595223  0.516672  0.526971  0.735379  0.716341  0.869604  0.792092  0.859595  0.864286  0.825220  0.883310  0.858051 0.0  0.286851  0.798759  0.984578  0.754400  0.615470  0.611378  0.817437  0.539954  0.758571  0.879669  0.594570  0.820733  0.474260  0.554773  0.527287  0.752828  0.685960  0.402646  0.456378  0.701738  0.854135  0.484554  0.625373  0.457839  0.769830  0.723777  0.652105  0.581730  0.772439  0.410117  0.792317  0.583608  0.517285  0.879938  0.946843  0.836885  0.769922  0.554260  0.571501  0.808232  0.346013  0.511947  0.805060  0.746377  0.758477 
16  0.842257  0.750759  0.541321  0.503043  0.337960  0.546820  0.860730  0.730242  0.836156  0.859923  0.739795  0.850093  0.685610  0.814867  0.759289  0.286851 0.0  0.856431  0.873945  0.768049  0.442207  0.504327  0.679980  0.438447  0.722659  0.862968  0.388836  0.809555  0.548879  0.421821  0.428705  0.781155  0.776612  0.478363  0.521124  0.765893  0.927804  0.614201  0.678510  0.488388  0.855709  0.791516  0.683056  0.569114  0.811013  0.356917  0.743945  0.579629  0.549320  0.845114  0.759484  0.829800  0.785475  0.543250  0.604578  0.751888  0.589542  0.577203  0.790594  0.741218  0.624463 
17  0.609359  0.675395  1.000000  0.923363  0.777833  0.866135  0.580910  0.720234  0.673148  0.763728  0.727991  0.570382  0.570473  0.641496  0.519554  0.798759  0.856431 0.0  0.605578  0.673908  0.796071  0.787633  0.833010  0.849370  0.529279  0.673127  0.799525  0.707473  0.816033  0.869176  0.999073  0.534635  0.684577  0.888186  0.810219  0.663499  0.735149  0.866529  0.796360  0.746380  0.748663  0.616240  0.697909  0.823254  0.706902  0.807683  0.566285  0.776172  0.758907  0.639403  0.667966  0.699526  0.579731  0.834511  0.845689  0.641628  0.873780  0.869107  0.564693  0.527126  0.667508 
18  0.522753  0.713849  0.793487  0.859498  0.876725  0.769842  0.440343  0.696977  0.294999  0.467151  0.625696  0.605055  0.447285  0.406451  0.395840  0.984578  0.873945  0.605578 0.0  0.727802  0.822392  0.896385  0.824398  0.775688  0.561913  0.621820  0.800839  0.725850  0.971613  0.940763  0.879519  0.609639  0.828543  0.885054  0.814912  0.580833  0.575596  0.793900  0.840740  0.900482  0.695068  0.539305  0.587977  0.848894  0.690982  0.891559  0.597166  0.869653  0.755146  0.606739  0.573317  0.630020  0.498124  0.708355  0.934409  0.725321  0.933461  0.877955  0.297723  0.332486  0.656503 
19  0.544221  0.707046  0.778005  0.793015  0.917613  0.762732  0.607900  0.533961  0.580122  0.440844  0.401783  0.574051  0.545132  0.498955  0.651021  0.754400  0.768049  0.673908  0.727802 0.0  0.764293  0.743361  0.592861  0.729394  0.777784  0.560877  0.717734  0.476593  0.936790  0.910131  0.774484  0.651830  0.687933  0.810364  0.780236  0.535826  0.450823  0.886613  0.762377  0.657333  0.507899  0.400784  0.589919  0.774872  0.472467  0.773338  0.242903  0.744343  0.911922  0.562268  0.508037  0.240188  0.564234  0.829047  0.823081  0.503089  0.894606  0.828105  0.621684  0.480124  0.610636 
20  0.789453  0.684142  0.617430  0.695030  0.543622  0.150790  0.853635  0.696520  0.812355  0.809156  0.814007  0.774115  0.853627  0.825038  0.775946  0.615470  0.442207  0.796071  0.822392  0.764293 0.0  0.421640  0.735427  0.430282  0.818220  0.782295  0.577225  0.722369  0.539018  0.642802  0.488314  0.818361  0.751824  0.634504  0.292665  0.648712  0.858484  0.362031  0.616350  0.497025  0.768339  0.744321  0.730861  0.231630  0.764933  0.357174  0.793532  0.294546  0.717662  0.763581  0.790724  0.772946  0.861877  0.558895  0.378702  0.791148  0.521937  0.348496  0.704043  0.787541  0.625979 
21  0.716481  0.634422  0.619941  0.609275  0.593020  0.392187  0.812554  0.840865  0.860364  0.863627  0.773593  0.768520  0.811877  0.797573  0.772061  0.611378  0.504327  0.787633  0.896385  0.743361  0.421640 0.0  0.651091  0.493864  0.726442  0.838266  0.585428  0.679359  0.579721  0.596551  0.606771  0.791609  0.668593  0.652065  0.463421  0.684513  0.765665  0.031876  0.633290  0.522698  0.749934  0.814873  0.723096  0.087125  0.749307  0.473116  0.749144  0.188939  0.801328  0.729894  0.724961  0.832503  0.758362  0.297364  0.275705  0.677388  0.515479  0.002021  0.815925  0.742561  0.728033 
22  0.624356  0.203073  0.817414  0.742992  0.700883  0.645407  0.631737  0.547690  0.839461  0.581435  0.570655  0.787087  0.696814  0.792131  0.775170  0.817437  0.679980  0.833010  0.824398  0.592861  0.735427  0.651091 0.0  0.609987  0.754305  0.698936  0.772105  0.620251  0.707234  0.654434  0.694311  0.682979  0.552160  0.700332  0.676965  0.728669  0.752764  0.639543  0.524410  0.720818  0.643315  0.694303  0.598500  0.647150  0.664504  0.751191  0.805368  0.755851  0.829332  0.823771  0.704998  0.668813  0.750629  0.580550  0.597139  0.524979  0.633156  0.674168  0.739244  0.844680  0.364996 
23  0.643103  0.761735  0.524177  0.444246  0.359211  0.480669  0.789673  0.756326  0.903792  0.846578  0.809888  0.769655  0.852259  0.917324  0.859128  0.539954  0.438447  0.849370  0.775688  0.729394  0.430282  0.493864  0.609987 0.0  0.764309  0.826976  0.637944  0.777007  0.543123  0.490969  0.355600  0.847128  0.610208  0.448566  0.520301  0.802104  0.878365  0.507147  0.623634  0.618904  0.747311  0.854594  0.787849  0.460099  0.670378  0.379813  0.715499  0.376861  0.593374  0.827698  0.791595  0.684089  0.827360  0.535195  0.402895  0.764395  0.665790  0.474131  0.768549  0.753322  0.847220 
24  0.627325  0.807276  0.895407  0.793619  0.781146  0.753951  0.706700  0.456822  0.584820  0.566348  0.519838  0.412189  0.570429  0.593260  0.623146  0.758571  0.722659  0.529279  0.561913  0.777784  0.818220  0.726442  0.754305  0.764309 0.0  0.346572  0.737551  0.459094  0.858278  0.753490  0.876532  0.400275  0.571072  0.773226  0.826372  0.475504  0.618316  0.773086  0.667393  0.693806  0.579913  0.654790  0.530547  0.944210  0.660872  0.777853  0.595470  0.731028  0.781015  0.659397  0.537696  0.570744  0.484838  0.684356  0.791255  0.525426  0.836978  0.765995  0.552343  0.547062  0.623786 
25  0.392623  0.632914  0.880995  0.828554  0.849081  0.829217  0.609538  0.537499  0.691089  0.686757  0.441936  0.503901  0.567367  0.544187  0.585400  0.879669  0.862968  0.673127  0.621820  0.560877  0.782295  0.838266  0.698936  0.826976  0.346572 0.0  0.800870  0.592518  0.753246  0.756384  0.832317  0.446391  0.595812  0.856450  0.852670  0.336588  0.680657  0.710852  0.633511  0.826938  0.563202  0.604312  0.396294  0.860152  0.502912  0.831539  0.504212  0.747031  0.832314  0.674757  0.343232  0.542725  0.466086  0.727506  0.768156  0.552576  0.647717  0.755987  0.568162  0.593454  0.661121 
26  0.845985  0.775933  0.600919  0.613864  0.551559  0.646417  0.872668  0.707597  0.792078  0.904754  0.840904  0.857323  0.889708  0.937944  0.817506  0.594570  0.388836  0.799525  0.800839  0.717734  0.577225  0.585428  0.772105  0.637944  0.737551  0.800870 0.0  0.856131  0.528500  0.295545  0.595938  0.782983  0.792666  0.505628  0.511534  0.726845  0.814244  0.718377  0.732309  0.631984  0.793152  0.823820  0.835930  0.599163  0.790520  0.581630  0.876592  0.562495  0.644338  0.894329  0.814370  0.747765  0.838011  0.674987  0.596460  0.788888  0.669011  0.590821  0.776012  0.940103  0.756474 
27  0.124908  0.524866  0.688706  0.797670  0.762264  0.820267  0.512245  0.270502  0.549950  0.496848  0.508129  0.580387  0.664711  0.675194  0.675003  0.820733  0.809555  0.707473  0.725850  0.476593  0.722369  0.679359  0.620251  0.777007  0.459094  0.592518  0.856131 0.0  0.710117  0.764176  0.731168  0.600533  0.613839  0.739126  0.720040  0.522282  0.586712  0.785262  0.742973  0.754210  0.456825  0.512543  0.574868  0.820495  0.339669  0.774175  0.463346  0.742801  0.801177  0.582046  0.510686  0.614657  0.605701  0.749855  0.804828  0.542356  0.680487  0.736535  0.633017  0.709766  0.608910 
28  0.787563  0.823973  0.430919  0.338234  0.313992  0.574092  0.837370  0.891599  0.849600  0.811552  0.902514  0.823056  0.865768  0.926575  0.756110  0.474260  0.548879  0.816033  0.971613  0.936790  0.539018  0.579721  0.707234  0.543123  0.858278  0.753246  0.528500  0.710117 0.0  0.479842  0.410778  0.820954  0.769005  0.281520  0.504175  0.823427  0.843103  0.678741  0.715098  0.689182  0.908638  0.822653  0.693029  0.602104  0.818011  0.460701  0.800966  0.566048  0.555011  0.781378  0.801134  0.750898  0.806239  0.595152  0.605405  0.812417  0.660124  0.638228  0.896614  0.927968  0.723621 
29  0.718171  0.653793  0.625410  0.615374  0.465551  0.587521  0.905363  0.793780  0.793335  0.730588  0.841416  0.855718  0.825947  0.827496  0.859906  0.554773  0.421821  0.869176  0.940763  0.910131  0.642802  0.596551  0.654434  0.490969  0.753490  0.756384  0.295545  0.764176  0.479842 0.0  0.516758  0.881763  0.750213  0.440689  0.529721  0.832718  0.856512  0.756715  0.633666  0.691124  0.764689  0.720535  0.847301  0.568156  0.743853  0.497705  0.891382  0.718400  0.665307  0.890824  0.886212  0.809091  0.779013  0.427517  0.506256  0.712719  0.544957  0.576506  0.828994  0.930573  0.719264 
30  0.775244  0.823247  0.411010  0.348835  0.293022  0.535170  0.872589  0.822159  0.723252  0.834951  0.771801  0.821921  0.828082  0.848406  0.687852  0.527287  0.428705  0.999073  0.879519  0.774484  0.488314  0.606771  0.694311  0.355600  0.876532  0.832317  0.595938  0.731168  0.410778  0.516758 0.0  0.840556  0.845383  0.486957  0.517838  0.860614  0.814088  0.499284  0.692616  0.506372  0.894492  0.889828  0.768686  0.622005  0.836078  0.422568  0.803594  0.505678  0.701074  0.892657  0.754345  0.874271  0.756920  0.658129  0.593378  0.868991  0.672650  0.471001  0.760121  0.851715  0.708365 
31  0.676243  0.760547  0.861484  0.904193  0.934606  0.772370  0.566970  0.650143  0.573989  0.693654  0.575375  0.415961  0.546479  0.612358  0.415868  0.752828  0.781155  0.534635  0.609639  0.651830  0.818361  0.791609  0.682979  0.847128  0.400275  0.446391  0.782983  0.600533  0.820954  0.881763  0.840556 0.0  0.669363  0.947493  0.754803  0.539678  0.659361  0.828895  0.796842  0.728717  0.578715  0.551116  0.587875  0.726194  0.589553  0.781572  0.624406  0.715841  0.815412  0.662674  0.542878  0.519440  0.317076  0.678283  0.819198  0.626671  0.789249  0.759025  0.540326  0.549804  0.815387 
32  0.581363  0.453661  0.759840  0.854558  0.820492  0.682237  0.775559  0.472947  0.777321  0.633534  0.595189  0.685225  0.733529  0.748820  0.794301  0.685960  0.776612  0.684577  0.828543  0.687933  0.751824  0.668593  0.552160  0.610208  0.571072  0.595812  0.792666  0.613839  0.769005  0.750213  0.845383  0.669363 0.0  0.788184  0.612899  0.608432  0.787437  0.624618  0.597642  0.585985  0.569297  0.637715  0.532523  0.666559  0.718457  0.621814  0.726690  0.765359  0.833763  0.818382  0.578099  0.730718  0.626150  0.597924  0.699285  0.411480  0.628237  0.631469  0.662440  0.781886  0.381498 
33  0.828777  0.769232  0.477293  0.507457  0.457568  0.622027  0.758884  0.883364  0.831101  0.682251  0.817469  0.789390  0.735190  0.937980  0.843087  0.402646  0.478363  0.888186  0.885054  0.810364  0.634504  0.652065  0.700332  0.448566  0.773226  0.856450  0.505628  0.739126  0.281520  0.440689  0.486957  0.947493  0.788184 0.0  0.592024  0.842675  0.789147  0.665279  0.685670  0.565563  0.773798  0.837085  0.812297  0.680375  0.788533  0.430940  0.785821  0.649879  0.587683  0.884877  0.827935  0.837875  0.889643  0.576185  0.625075  0.878220  0.527219  0.607958  0.714253  0.775056  0.778258 
34  0.749246  0.706468  0.612453  0.583218  0.689770  0.389468  0.873411  0.693869  0.729958  0.729429  0.772153  0.780336  0.803546  0.886610  0.840970  0.456378  0.521124  0.810219  0.814912  0.780236  0.292665  0.463421  0.676965  0.520301  0.826372  0.852670  0.511534  0.720040  0.504175  0.529721  0.517838  0.754803  0.612899  0.592024 0.0  0.694506  0.811732  0.391505  0.670404  0.483389  0.783604  0.770047  0.733136  0.370651  0.702913  0.253813  0.702304  0.498887  0.632306  0.862890  0.665389  0.838535  0.806702  0.375816  0.336722  0.637131  0.567974  0.432779  0.901330  0.840678  0.710814 
35  0.589823  0.723937  0.738935  0.840679  0.745144  0.745463  0.587426  0.521891  0.438566  0.494366  0.390425  0.418147  0.532704  0.563335  0.646136  0.701738  0.765893  0.663499  0.580833  0.535826  0.648712  0.684513  0.728669  0.802104  0.475504  0.336588  0.726845  0.522282  0.823427  0.832718  0.860614  0.539678  0.608432  0.842675  0.694506 0.0  0.614948  0.733865  0.709335  0.766347  0.452502  0.551534  0.617947  0.735066  0.406530  0.752028  0.488081  0.730007  0.848152  0.573661  0.322746  0.572011  0.394138  0.683589  0.699856  0.494826  0.705540  0.668153  0.555140  0.562946  0.532444 
36  0.668462  0.689268  0.896891  0.862009  0.807981  0.761897  0.525256  0.695848  0.660875  0.511386  0.657296  0.650104  0.576628  0.574849  0.583012  0.854135  0.927804  0.735149  0.575596  0.450823  0.858484  0.765665  0.752764  0.878365  0.618316  0.680657  0.814244  0.586712  0.843103  0.856512  0.814088  0.659361  0.787437  0.789147  0.811732  0.614948 0.0  0.825168  0.678637  0.811865  0.672259  0.622562  0.705255  0.879170  0.657349  0.807782  0.606070  0.857957  0.934755  0.303541  0.638749  0.601985  0.582039  0.854018  0.874964  0.687692  0.747947  0.799015  0.609754  0.512256  0.657466 
37  0.758737  0.647160  0.719142  0.616970  0.570383  0.278782  0.754847  0.641569  0.814014  0.873829  0.762520  0.682811  0.889326  0.801415  0.746535  0.484554  0.614201  0.866529  0.793900  0.886613  0.362031  0.031876  0.639543  0.507147  0.773086  0.710852  0.718377  0.785262  0.678741  0.756715  0.499284  0.828895  0.624618  0.665279  0.391505  0.733865  0.825168 0.0  0.542779  0.454129  0.770031  0.772602  0.812699  0.051730  0.783107  0.596338  0.856584  0.268847  0.638008  0.740889  0.781298  0.771200  0.825830  0.302845  0.293594  0.778116  0.486867  0.238386  0.826197  0.722626  0.729180 
38  0.654231  0.532594  0.533663  0.684197  0.607610  0.599933  0.760240  0.653477  0.797397  0.725517  0.759869  0.744379  0.720720  0.718323  0.820243  0.625373  0.678510  0.796360  0.840740  0.762377  0.616350  0.633290  0.524410  0.623634  0.667393  0.633511  0.732309  0.742973  0.715098  0.633666  0.692616  0.796842  0.597642  0.685670  0.670404  0.709335  0.678637  0.542779 0.0  0.543239  0.690401  0.697312  0.552805  0.596420  0.675135  0.679101  0.721486  0.599703  0.649781  0.797849  0.646496  0.820132  0.817103  0.548885  0.618603  0.752266  0.557127  0.657089  0.807036  0.745924  0.628783 
39  0.786282  0.622113  0.748075  0.672751  0.662074  0.495985  0.815407  0.705255  0.808465  0.709763  0.761837  0.701130  0.921727  0.731600  0.814981  0.457839  0.488388  0.746380  0.900482  0.657333  0.497025  0.522698  0.720818  0.618904  0.693806  0.826938  0.631984  0.754210  0.689182  0.691124  0.506372  0.728717  0.585985  0.565563  0.483389  0.766347  0.811865  0.454129  0.543239 0.0  0.671572  0.727869  0.634924  0.361231  0.692175  0.409580  0.702267  0.408009  0.590039  0.782576  0.737151  0.712653  0.757256  0.344398  0.375557  0.730911  0.531180  0.374035  0.711494  0.735334  0.708929 
40  0.475647  0.609688  0.814596  0.805720  0.775546  0.671156  0.639396  0.298072  0.680664  0.572967  0.567553  0.547664  0.556194  0.554912  0.607690  0.769830  0.855709  0.748663  0.695068  0.507899  0.768339  0.749934  0.643315  0.747311  0.579913  0.563202  0.793152  0.456825  0.908638  0.764689  0.894492  0.578715  0.569297  0.773798  0.783604  0.452502  0.672259  0.770031  0.690401  0.671572 0.0  0.552276  0.594838  0.755803  0.349938  0.794027  0.459852  0.727569  0.715064  0.612369  0.473398  0.610982  0.567660  0.742581  0.765807  0.395215  0.739838  0.707236  0.650300  0.662516  0.637684 
41  0.496566  0.618002  0.791826  0.823199  0.806133  0.838438  0.511987  0.426296  0.549398  0.471019  0.390132  0.540497  0.392119  0.411382  0.440825  0.723777  0.791516  0.616240  0.539305  0.400784  0.744321  0.814873  0.694303  0.854594  0.654790  0.604312  0.823820  0.512543  0.822653  0.720535  0.889828  0.551116  0.637715  0.837085  0.770047  0.551534  0.622562  0.772602  0.697312  0.727869  0.552276 0.0  0.717354  0.786877  0.469278  0.809323  0.377117  0.847390  0.895060  0.524701  0.520385  0.342258  0.478013  0.748888  0.783004  0.600647  0.771556  0.730243  0.590215  0.474295  0.820034 
42  0.669045  0.735833  0.783686  0.738256  0.780076  0.667599  0.611437  0.628910  0.468063  0.679176  0.592948  0.523104  0.609082  0.609322  0.743019  0.652105  0.683056  0.697909  0.587977  0.589919  0.730861  0.723096  0.598500  0.787849  0.530547  0.396294  0.835930  0.574868  0.693029  0.847301  0.768686  0.587875  0.532523  0.812297  0.733136  0.617947  0.705255  0.812699  0.552805  0.634924  0.594838  0.717354 0.0  0.658606  0.515429  0.760694  0.722739  0.715819  0.779354  0.786982  0.584340  0.644307  0.534833  0.745392  0.747961  0.500561  0.745089  0.672167  0.674495  0.540960  0.621443 
43  0.641756  0.673088  0.623540  0.616791  0.480989  0.301246  0.773784  0.808505  0.805757  0.733376  0.719286  0.733709  0.752446  0.942218  0.922648  0.581730  0.569114  0.823254  0.848894  0.774872  0.231630  0.087125  0.647150  0.460099  0.944210  0.860152  0.599163  0.820495  0.602104  0.568156  0.622005  0.726194  0.666559  0.680375  0.370651  0.735066  0.879170  0.051730  0.596420  0.361231  0.755803  0.786877  0.658606 0.0  0.751644  0.526876  0.671112  0.273303  0.690703  0.848548  0.672411  0.847947  0.785594  0.265958  0.065213  0.609092  0.521413  0.240228  0.899331  0.887107  0.501726 
44  0.368518  0.637969  0.720615  0.826265  0.807090  0.791391  0.623214  0.497241  0.569360  0.588010  0.353970  0.539935  0.621005  0.559024  0.528240  0.772439  0.811013  0.706902  0.690982  0.472467  0.764933  0.749307  0.664504  0.670378  0.660872  0.502912  0.790520  0.339669  0.818011  0.743853  0.836078  0.589553  0.718457  0.788533  0.702913  0.406530  0.657349  0.783107  0.675135  0.692175  0.349938  0.469278  0.515429  0.751644 0.0  0.717277  0.275349  0.861473  0.745457  0.539149  0.597926  0.474460  0.611379  0.819788  0.913826  0.448574  0.717857  0.663606  0.694020  0.471792  0.617693 
45  0.767026  0.727333  0.544577  0.628443  0.456984  0.489030  0.804085  0.692411  0.886263  0.825838  0.768364  0.827233  0.908950  0.839673  0.850269  0.410117  0.356917  0.807683  0.891559  0.773338  0.357174  0.473116  0.751191  0.379813  0.777853  0.831539  0.581630  0.774175  0.460701  0.497705  0.422568  0.781572  0.621814  0.430940  0.253813  0.752028  0.807782  0.596338  0.679101  0.409580  0.794027  0.809323  0.760694  0.526876  0.717277 0.0  0.666658  0.519739  0.678473  0.838196  0.756653  0.731157  0.643048  0.532528  0.393222  0.785195  0.484816  0.447882  0.936299  0.741196  0.660833 
46  0.370642  0.661621  0.826612  0.763566  0.727101  0.753432  0.551164  0.462736  0.618870  0.557284  0.314200  0.483383  0.478419  0.531869  0.626618  0.792317  0.743945  0.566285  0.597166  0.242903  0.793532  0.749144  0.805368  0.715499  0.595470  0.504212  0.876592  0.463346  0.800966  0.891382  0.803594  0.624406  0.726690  0.785821  0.702304  0.488081  0.606070  0.856584  0.721486  0.702267  0.459852  0.377117  0.722739  0.671112  0.275349  0.666658 0.0  0.705326  0.819336  0.555644  0.418935  0.372702  0.457520  0.770949  0.799856  0.547257  0.759560  0.692106  0.523673  0.510644  0.611654 
47  0.853918  0.665973  0.707147  0.704455  0.581530  0.375130  0.756513  0.762117  0.824440  0.642806  0.667433  0.710682  0.743682  0.743406  0.915701  0.583608  0.579629  0.776172  0.869653  0.744343  0.294546  0.188939  0.755851  0.376861  0.731028  0.747031  0.562495  0.742801  0.566048  0.718400  0.505678  0.715841  0.765359  0.649879  0.498887  0.730007  0.857957  0.268847  0.599703  0.408009  0.727569  0.847390  0.715819  0.273303  0.861473  0.519739  0.705326 0.0  0.690642  0.945293  0.865515  0.849793  0.769109  0.363043  0.210938  0.843393  0.592932  0.223638  0.809335  0.722582  0.734546 
48  0.831855  0.899401  0.631075  0.589976  0.596606  0.716562  0.854948  0.881964  0.848917  0.820580  0.797153  0.906881  0.951411  0.886406  0.945494  0.517285  0.549320  0.758907  0.755146  0.911922  0.717662  0.801328  0.829332  0.593374  0.781015  0.832314  0.644338  0.801177  0.555011  0.665307  0.701074  0.815412  0.833763  0.587683  0.632306  0.848152  0.934755  0.638008  0.649781  0.590039  0.715064  0.895060  0.779354  0.690703  0.745457  0.678473  0.819336  0.690642 0.0  0.870080  0.677529  0.889263  0.944510  0.742204  0.778580  0.775585  0.595278  0.612995  0.724188  0.851978  0.738230 
49  0.676055  0.808992  0.844207  0.682206  0.817589  0.881025  0.490801  0.774174  0.531778  0.363141  0.565766  0.603847  0.484434  0.505877  0.585597  0.879938  0.845114  0.639403  0.606739  0.562268  0.763581  0.729894  0.823771  0.827698  0.659397  0.674757  0.894329  0.582046  0.781378  0.890824  0.892657  0.662674  0.818382  0.884877  0.862890  0.573661  0.303541  0.740889  0.797849  0.782576  0.612369  0.524701  0.786982  0.848548  0.539149  0.838196  0.555644  0.945293  0.870080 0.0  0.545438  0.541593  0.655394  0.782028  0.877311  0.690124  0.937230  0.891193  0.533535  0.525581  0.695077 
50  0.597038  0.722784  0.733797  0.889741  0.828522  0.763228  0.549642  0.533542  0.630569  0.632520  0.213646  0.429999  0.454771  0.509157  0.571817  0.946843  0.759484  0.667966  0.573317  0.508037  0.790724  0.724961  0.704998  0.791595  0.537696  0.343232  0.814370  0.510686  0.801134  0.886212  0.754345  0.542878  0.578099  0.827935  0.665389  0.322746  0.638749  0.781298  0.646496  0.737151  0.473398  0.520385  0.584340  0.672411  0.597926  0.756653  0.418935  0.865515  0.677529  0.545438 0.0  0.623794  0.572990  0.771201  0.744403  0.483193  0.888549  0.602421  0.618878  0.339818  0.690495 
51  0.457621  0.667338  0.871939  0.709639  0.852271  0.928067  0.462648  0.627902  0.594761  0.429171  0.533505  0.606945  0.529987  0.471801  0.723225  0.836885  0.829800  0.699526  0.630020  0.240188  0.772946  0.832503  0.668813  0.684089  0.570744  0.542725  0.747765  0.614657  0.750898  0.809091  0.874271  0.519440  0.730718  0.837875  0.838535  0.572011  0.601985  0.771200  0.820132  0.712653  0.610982  0.342258  0.644307  0.847947  0.474460  0.731157  0.372702  0.849793  0.889263  0.541593  0.623794 0.0  0.635081  0.872879  0.820398  0.597346  0.739885  0.781776  0.621310  0.565003  0.675199 
52  0.624073  0.770715  0.841204  0.774036  0.873090  0.854812  0.545741  0.619024  0.682105  0.751547  0.485430  0.397231  0.463611  0.490270  0.544931  0.769922  0.785475  0.579731  0.498124  0.564234  0.861877  0.758362  0.750629  0.827360  0.484838  0.466086  0.838011  0.605701  0.806239  0.779013  0.756920  0.317076  0.626150  0.889643  0.806702  0.394138  0.582039  0.825830  0.817103  0.757256  0.567660  0.478013  0.534833  0.785594  0.611379  0.643048  0.457520  0.769109  0.944510  0.655394  0.572990  0.635081 0.0  0.698792  0.863882  0.634370  0.766379  0.761745  0.494370  0.493184  0.727471 
53  0.738929  0.704183  0.768392  0.687376  0.678063  0.456468  0.797560  0.824401  0.726778  0.720542  0.689010  0.666997  0.794154  0.779234  0.769616  0.554260  0.543250  0.834511  0.708355  0.829047  0.558895  0.297364  0.580550  0.535195  0.684356  0.727506  0.674987  0.749855  0.595152  0.427517  0.658129  0.678283  0.597924  0.576185  0.375816  0.683589  0.854018  0.302845  0.548885  0.344398  0.742581  0.748888  0.745392  0.265958  0.819788  0.532528  0.770949  0.363043  0.742204  0.782028  0.771201  0.872879  0.698792 0.0  0.380252  0.680204  0.585762  0.210037  0.795184  0.800485  0.560660 
54  0.914023  0.755800  0.654230  0.600614  0.557225  0.367561  0.756346  0.697744  0.778360  0.808119  0.800629  0.715895  0.790760  0.740207  0.886149  0.571501  0.604578  0.845689  0.934409  0.823081  0.378702  0.275705  0.597139  0.402895  0.791255  0.768156  0.596460  0.804828  0.605405  0.506256  0.593378  0.819198  0.699285  0.625075  0.336722  0.699856  0.874964  0.293594  0.618603  0.375557  0.765807  0.783004  0.747961  0.065213  0.913826  0.393222  0.799856  0.210938  0.778580  0.877311  0.744403  0.820398  0.863882  0.380252 0.0  0.638507  0.553431  0.481901  0.750882  0.855889  0.608214 
55  0.497871  0.595860  0.761689  0.713837  0.735245  0.791539  0.677523  0.507703  0.552558  0.590180  0.554173  0.609209  0.609216  0.570862  0.661375  0.808232  0.751888  0.641628  0.725321  0.503089  0.791148  0.677388  0.524979  0.764395  0.525426  0.552576  0.788888  0.542356  0.812417  0.712719  0.868991  0.626671  0.411480  0.878220  0.637131  0.494826  0.687692  0.778116  0.752266  0.730911  0.395215  0.600647  0.500561  0.609092  0.448574  0.785195  0.547257  0.843393  0.775585  0.690124  0.483193  0.597346  0.634370  0.680204  0.638507 0.0  0.679106  0.741757  0.697658  0.656013  0.518386 
56  0.718521  0.680895  0.716117  0.632328  0.672276  0.578458  0.873667  0.780121  0.917087  0.749680  0.672785  0.768948  0.809503  0.874810  0.922011  0.346013  0.589542  0.873780  0.933461  0.894606  0.521937  0.515479  0.633156  0.665790  0.836978  0.647717  0.669011  0.680487  0.660124  0.544957  0.672650  0.789249  0.628237  0.527219  0.567974  0.705540  0.747947  0.486867  0.557127  0.531180  0.739838  0.771556  0.745089  0.521413  0.717857  0.484816  0.759560  0.592932  0.595278  0.937230  0.888549  0.739885  0.766379  0.585762  0.553431  0.679106 0.0  0.532638  0.850175  0.794451  0.598533 
57  0.764009  0.735166  0.642741  0.601361  0.578840  0.319156  0.900718  0.697909  0.787261  0.637294  0.681074  0.712687  0.857671  0.829371  0.783424  0.511947  0.577203  0.869107  0.877955  0.828105  0.348496  0.002021  0.674168  0.474131  0.765995  0.755987  0.590821  0.736535  0.638228  0.576506  0.471001  0.759025  0.631469  0.607958  0.432779  0.668153  0.799015  0.238386  0.657089  0.374035  0.707236  0.730243  0.672167  0.240228  0.663606  0.447882  0.692106  0.223638  0.612995  0.891193  0.602421  0.781776  0.761745  0.210037  0.481901  0.741757  0.532638 0.0  0.800669  0.859671  0.723514 
58  0.643947  0.745494  0.878176  0.775907  0.796062  0.740041  0.433537  0.684399  0.344387  0.598353  0.530087  0.342681  0.380846  0.353448  0.375719  0.805060  0.790594  0.564693  0.297723  0.621684  0.704043  0.815925  0.739244  0.768549  0.552343  0.568162  0.776012  0.633017  0.896614  0.828994  0.760121  0.540326  0.662440  0.714253  0.901330  0.555140  0.609754  0.826197  0.807036  0.711494  0.650300  0.590215  0.674495  0.899331  0.694020  0.936299  0.523673  0.809335  0.724188  0.533535  0.618878  0.621310  0.494370  0.795184  0.750882  0.697658  0.850175  0.800669 0.0  0.149236  0.755008 
59  0.597117  0.723973  0.868782  0.878367  0.903967  0.834127  0.287129  0.713801  0.249856  0.521555  0.645038  0.448132  0.241417  0.464786  0.307670  0.746377  0.741218  0.527126  0.332486  0.480124  0.787541  0.742561  0.844680  0.753322  0.547062  0.593454  0.940103  0.709766  0.927968  0.930573  0.851715  0.549804  0.781886  0.775056  0.840678  0.562946  0.512256  0.722626  0.745924  0.735334  0.662516  0.474295  0.540960  0.887107  0.471792  0.741196  0.510644  0.722582  0.851978  0.525581  0.339818  0.565003  0.493184  0.800485  0.855889  0.656013  0.794451  0.859671  0.149236 0.0  0.751180 
60  0.641935  0.314663  0.806915  0.868436  0.729845  0.695032  0.765373  0.521746  0.834764  0.700142  0.540578  0.643209  0.735569  0.654846  0.724947  0.758477  0.624463  0.667508  0.656503  0.610636  0.625979  0.728033  0.364996  0.847220  0.623786  0.661121  0.756474  0.608910  0.723621  0.719264  0.708365  0.815387  0.381498  0.778258  0.710814  0.532444  0.657466  0.729180  0.628783  0.708929  0.637684  0.820034  0.621443  0.501726  0.617693  0.660833  0.611654  0.734546  0.738230  0.695077  0.690495  0.675199  0.727471  0.560660  0.608214  0.518386  0.598533  0.723514  0.755008  0.751180 0.0 
