31
0 0.0  0.863453  0.302914  0.420566  0.905954  0.766658  0.811797  0.449959  0.955936  0.806810  0.784690  0.841496  0.579716  0.622859  0.863288  0.763268  0.667489  0.790984  0.787268  0.907964  0.867231  0.345073  0.800614  0.902435  0.835560  0.868003  0.771254  0.862400  0.596993  0.859812  0.799045 
1  0.863453 0.0  0.860504  0.924233  0.609845  0.670717  0.585640  0.859127  0.591837  0.556565  0.474269  0.491192  0.875187  0.815052  0.436570  0.605868  0.643454  0.718458  0.596399  0.536672  0.504976  0.839596  0.533184  0.547841  0.760706  0.651210  0.694944  0.637802  0.763938  0.503850  0.546640 
2  0.302914  0.860504 0.0  0.455466  0.707865  0.726297  0.952459  0.308659  0.737535  0.903330  0.883298  0.937315  0.612255  0.606712  0.826042  0.799473  0.832356  0.764894  0.689844  0.881188  0.928447  0.358692  0.747441  0.763812  0.829392  0.782068  0.793079  0.823458  0.627258  0.840249  0.750597 
3  0.420566  0.924233  0.455466 0.0  0.782526  0.800199  0.980495  0.550066  0.981490  0.941283  0.908225  0.910470  0.668257  0.740853  0.908871  0.702995  0.878988  0.710504  0.853323  0.853818  0.864830  0.384194  0.878672  0.698846  0.807653  0.874404  0.688683  0.782644  0.666794  0.866783  0.788670 
4  0.905954  0.609845  0.707865  0.782526 0.0  0.751693  0.570213  0.894304  0.422461  0.572185  0.551898  0.441989  0.817156  0.889287  0.347832  0.711408  0.757467  0.656199  0.801330  0.417387  0.363947  0.854581  0.443936  0.739815  0.772247  0.689645  0.688103  0.462831  0.845167  0.617045  0.776166 
5  0.766658  0.670717  0.726297  0.800199  0.751693 0.0  0.573709  0.831889  0.757036  0.774941  0.736761  0.804310  0.681325  0.703675  0.676824  0.758012  0.780372  0.845852  0.808221  0.639061  0.643105  0.750285  0.792785  0.478919  0.976079  0.862471  0.738944  0.670699  0.754668  0.509946  0.679060 
6  0.811797  0.585640  0.952459  0.980495  0.570213  0.573709 0.0  0.873931  0.309681  0.419646  0.305084  0.456275  0.894427  0.796104  0.432064  0.612262  0.622554  0.686382  0.727508  0.287293  0.319045  0.787163  0.562557  0.636849  0.711273  0.797729  0.641018  0.389429  0.830696  0.523481  0.760686 
7  0.449959  0.859127  0.308659  0.550066  0.894304  0.831889  0.873931 0.0  0.836538  0.899282  0.719631  0.856563  0.633742  0.704575  0.950186  0.726127  0.757412  0.804294  0.739669  0.952375  0.868855  0.347722  0.849043  0.741868  0.778813  0.859621  0.778438  1.000000  0.532820  0.955600  0.770519 
8  0.955936  0.591837  0.737535  0.981490  0.422461  0.757036  0.309681  0.836538 0.0  0.409962  0.506681  0.328106  0.909126  0.890817  0.402425  0.758148  0.634246  0.697720  0.780433  0.376076  0.394148  0.809567  0.382996  0.763757  0.680742  0.750780  0.714349  0.342779  0.798118  0.537952  0.686751 
9  0.806810  0.556565  0.903330  0.941283  0.572185  0.774941  0.419646  0.899282  0.409962 0.0  0.600097  0.307500  0.852460  0.973404  0.345441  0.671708  0.746506  0.741354  0.567746  0.465662  0.611338  0.882109  0.458702  0.679118  0.671303  0.759012  0.838740  0.442562  0.797061  0.531434  0.672337 
10  0.784690  0.474269  0.883298  0.908225  0.551898  0.736761  0.305084  0.719631  0.506681  0.600097 0.0  0.580406  0.777196  0.916106  0.454694  0.736376  0.575619  0.649097  0.732844  0.399498  0.245939  0.922434  0.483886  0.737368  0.683462  0.842152  0.675046  0.390336  0.818186  0.544572  0.812988 
11  0.841496  0.491192  0.937315  0.910470  0.441989  0.804310  0.456275  0.856563  0.328106  0.307500  0.580406 0.0  0.699139  0.781372  0.187811  0.725012  0.644323  0.791835  0.744898  0.479434  0.539088  0.789016  0.366894  0.765041  0.785034  0.819897  0.683910  0.623188  0.786664  0.678180  0.624532 
12  0.579716  0.875187  0.612255  0.668257  0.817156  0.681325  0.894427  0.633742  0.909126  0.852460  0.777196  0.699139 0.0  0.573487  0.781236  0.638042  0.681020  0.739767  0.702668  0.886613  0.887591  0.713955  0.672283  0.596649  0.689347  0.759926  0.604298  0.847147  0.490353  0.771063  0.774646 
13  0.622859  0.815052  0.606712  0.740853  0.889287  0.703675  0.796104  0.704575  0.890817  0.973404  0.916106  0.781372  0.573487 0.0  0.691331  0.786559  0.790947  0.775986  0.795440  0.900216  0.829708  0.736994  0.882113  0.735802  0.742963  0.725344  0.778787  0.833137  0.449079  0.813725  0.820508 
14  0.863288  0.436570  0.826042  0.908871  0.347832  0.676824  0.432064  0.950186  0.402425  0.345441  0.454694  0.187811  0.781236  0.691331 0.0  0.665491  0.701797  0.762884  0.717437  0.462712  0.601565  0.974079  0.401720  0.706425  0.744497  0.736631  0.684170  0.398789  0.800817  0.500563  0.697734 
15  0.763268  0.605868  0.799473  0.702995  0.711408  0.758012  0.612262  0.726127  0.758148  0.671708  0.736376  0.725012  0.638042  0.786559  0.665491 0.0  0.227136  0.651710  0.437902  0.622453  0.522507  0.850989  0.768719  0.764275  0.649470  0.632782  0.383585  0.737248  0.705392  0.637805  0.480223 
16  0.667489  0.643454  0.832356  0.878988  0.757467  0.780372  0.622554  0.757412  0.634246  0.746506  0.575619  0.644323  0.681020  0.790947  0.701797  0.227136 0.0  0.611786  0.490142  0.663409  0.741293  0.769272  0.583528  0.761069  0.605969  0.627755  0.554920  0.700945  0.805260  0.664679  0.542989 
17  0.790984  0.718458  0.764894  0.710504  0.656199  0.845852  0.686382  0.804294  0.697720  0.741354  0.649097  0.791835  0.739767  0.775986  0.762884  0.651710  0.611786 0.0  0.674797  0.826779  0.648216  0.685821  0.741163  0.826760  0.615465  0.694480  0.715254  0.683301  0.744291  0.561794  0.669180 
18  0.787268  0.596399  0.689844  0.853323  0.801330  0.808221  0.727508  0.739669  0.780433  0.567746  0.732844  0.744898  0.702668  0.795440  0.717437  0.437902  0.490142  0.674797 0.0  0.663413  0.839189  0.762755  0.650876  0.841115  0.733010  0.727311  0.350342  0.629570  0.752423  0.549593  0.339479 
19  0.907964  0.536672  0.881188  0.853818  0.417387  0.639061  0.287293  0.952375  0.376076  0.465662  0.399498  0.479434  0.886613  0.900216  0.462712  0.622453  0.663409  0.826779  0.663413 0.0  0.415095  0.866794  0.419964  0.636622  0.744693  0.796238  0.768142  0.500794  0.950804  0.551463  0.757853 
20  0.867231  0.504976  0.928447  0.864830  0.363947  0.643105  0.319045  0.868855  0.394148  0.611338  0.245939  0.539088  0.887591  0.829708  0.601565  0.522507  0.741293  0.648216  0.839189  0.415095 0.0  0.833356  0.463011  0.836903  0.677326  0.793392  0.747150  0.357189  0.849237  0.531790  0.700783 
21  0.345073  0.839596  0.358692  0.384194  0.854581  0.750285  0.787163  0.347722  0.809567  0.882109  0.922434  0.789016  0.713955  0.736994  0.974079  0.850989  0.769272  0.685821  0.762755  0.866794  0.833356 0.0  0.780551  0.732538  0.720365  0.898532  0.728414  0.944155  0.516348  0.978174  0.788509 
22  0.800614  0.533184  0.747441  0.878672  0.443936  0.792785  0.562557  0.849043  0.382996  0.458702  0.483886  0.366894  0.672283  0.882113  0.401720  0.768719  0.583528  0.741163  0.650876  0.419964  0.463011  0.780551 0.0  0.718412  0.742738  0.696287  0.785491  0.537233  0.831717  0.574933  0.589853 
23  0.902435  0.547841  0.763812  0.698846  0.739815  0.478919  0.636849  0.741868  0.763757  0.679118  0.737368  0.765041  0.596649  0.735802  0.706425  0.764275  0.761069  0.826760  0.841115  0.636622  0.836903  0.732538  0.718412 0.0  0.809141  0.863125  0.788969  0.758508  0.728903  0.486920  0.684960 
24  0.835560  0.760706  0.829392  0.807653  0.772247  0.976079  0.711273  0.778813  0.680742  0.671303  0.683462  0.785034  0.689347  0.742963  0.744497  0.649470  0.605969  0.615465  0.733010  0.744693  0.677326  0.720365  0.742738  0.809141 0.0  0.374910  0.741538  0.624811  0.636578  0.780866  0.629016 
25  0.868003  0.651210  0.782068  0.874404  0.689645  0.862471  0.797729  0.859621  0.750780  0.759012  0.842152  0.819897  0.759926  0.725344  0.736631  0.632782  0.627755  0.694480  0.727311  0.796238  0.793392  0.898532  0.696287  0.863125  0.374910 0.0  0.580570  0.730056  0.747327  0.724335  0.627383 
26  0.771254  0.694944  0.793079  0.688683  0.688103  0.738944  0.641018  0.778438  0.714349  0.838740  0.675046  0.683910  0.604298  0.778787  0.684170  0.383585  0.554920  0.715254  0.350342  0.768142  0.747150  0.728414  0.785491  0.788969  0.741538  0.580570 0.0  0.758503  0.687080  0.664054  0.296096 
27  0.862400  0.637802  0.823458  0.782644  0.462831  0.670699  0.389429  1.000000  0.342779  0.442562  0.390336  0.623188  0.847147  0.833137  0.398789  0.737248  0.700945  0.683301  0.629570  0.500794  0.357189  0.944155  0.537233  0.758508  0.624811  0.730056  0.758503 0.0  0.883405  0.566454  0.788454 
28  0.596993  0.763938  0.627258  0.666794  0.845167  0.754668  0.830696  0.532820  0.798118  0.797061  0.818186  0.786664  0.490353  0.449079  0.800817  0.705392  0.805260  0.744291  0.752423  0.950804  0.849237  0.516348  0.831717  0.728903  0.636578  0.747327  0.687080  0.883405 0.0  0.952196  0.707323 
29  0.859812  0.503850  0.840249  0.866783  0.617045  0.509946  0.523481  0.955600  0.537952  0.531434  0.544572  0.678180  0.771063  0.813725  0.500563  0.637805  0.664679  0.561794  0.549593  0.551463  0.531790  0.978174  0.574933  0.486920  0.780866  0.724335  0.664054  0.566454  0.952196 0.0  0.783270 
30  0.799045  0.546640  0.750597  0.788670  0.776166  0.679060  0.760686  0.770519  0.686751  0.672337  0.812988  0.624532  0.774646  0.820508  0.697734  0.480223  0.542989  0.669180  0.339479  0.757853  0.700783  0.788509  0.589853  0.684960  0.629016  0.627383  0.296096  0.788454  0.707323  0.783270 0.0 
