31
0 0.0  0.740758  0.774612  0.284810  0.512878  0.834655  0.738854  0.859525  0.636307  0.760709  0.776916  0.761032  0.830555  0.476543  0.751119  0.744853  0.745863  0.756071  0.703494  0.831981  0.557455  0.860557  0.853163  0.614348  0.536873  0.790701  0.707355  0.649841  0.496665  0.746944  0.868429 
1  0.740758 0.0  0.569773  0.693877  0.717827  0.843722  0.682285  0.672354  0.427863  0.612019  0.801117  0.451250  0.797187  0.765505  0.438194  0.595368  0.753589  0.742962  0.498395  0.733766  0.869858  0.479514  0.597506  0.575286  0.729534  0.455276  0.537015  0.683338  0.679731  0.647163  0.919092 
2  0.774612  0.569773 0.0  0.686765  0.604152  0.865038  0.502801  0.398524  0.553096  0.523004  0.860559  0.337585  0.782438  0.594215  0.251851  0.811001  0.869566  0.777001  0.211500  0.850974  0.702995  0.291572  0.618494  0.435585  0.739827  0.528749  0.427026  0.705831  0.663097  0.685930  0.747593 
3  0.284810  0.693877  0.686765 0.0  0.371021  0.794778  0.748209  0.760966  0.667130  0.873472  0.756764  0.621631  0.847068  0.443918  0.688027  0.668293  0.702033  0.767373  0.774177  0.773058  0.555611  0.783848  0.730012  0.708326  0.439499  0.629821  0.707321  0.597533  0.680083  0.694998  0.782711 
4  0.512878  0.717827  0.604152  0.371021 0.0  0.818875  0.756322  0.659557  0.640465  0.668431  0.732816  0.702498  0.738344  0.246888  0.522637  0.604946  0.710850  0.658247  0.654001  0.684244  0.606883  0.596933  0.810412  0.726898  0.413583  0.660554  0.605943  0.675588  0.655662  0.789912  0.773428 
5  0.834655  0.843722  0.865038  0.794778  0.818875 0.0  0.913250  0.862520  0.911787  0.878637  0.633344  0.778775  0.654043  0.857549  0.789904  0.807923  0.745857  0.632599  0.891882  0.728357  0.719946  0.830374  0.712043  0.804506  0.712815  0.787625  0.827972  0.702081  0.721285  0.706288  0.389782 
6  0.738854  0.682285  0.502801  0.748209  0.756322  0.913250 0.0  0.550528  0.648284  0.451576  0.831672  0.468089  0.830861  0.721693  0.558033  0.829673  0.769100  0.739901  0.419041  0.764121  0.852307  0.407763  0.747341  0.441039  0.794198  0.693185  0.475400  0.830652  0.726706  0.598387  0.743952 
7  0.859525  0.672354  0.398524  0.760966  0.659557  0.862520  0.550528 0.0  0.635337  0.560235  0.701432  0.511531  0.737840  0.664204  0.468780  0.850806  0.878145  0.783021  0.572374  0.649275  0.793430  0.505604  0.646320  0.446717  0.723800  0.545305  0.387186  0.700870  0.774717  0.628330  0.744491 
8  0.636307  0.427863  0.553096  0.667130  0.640465  0.911787  0.648284  0.635337 0.0  0.669922  0.738673  0.516099  0.645385  0.578532  0.552663  0.672850  0.778562  0.801871  0.528922  0.754981  0.609380  0.577506  0.609066  0.532491  0.634365  0.516699  0.615554  0.771064  0.584448  0.560527  0.735317 
9  0.760709  0.612019  0.523004  0.873472  0.668431  0.878637  0.451576  0.560235  0.669922 0.0  0.754775  0.489003  0.644050  0.727540  0.445887  0.893554  0.763185  0.845590  0.549326  0.682451  0.740383  0.414661  0.462397  0.503339  0.717604  0.668594  0.215117  0.810650  0.692694  0.634658  0.795910 
10  0.776916  0.801117  0.860559  0.756764  0.732816  0.633344  0.831672  0.701432  0.738673  0.754775 0.0  0.792020  0.652623  0.800650  0.647303  0.712561  0.805393  0.574809  0.724615  0.585430  0.816998  0.740683  0.763699  0.704882  0.690543  0.730271  0.817009  0.709545  0.796423  0.707811  0.649364 
11  0.761032  0.451250  0.337585  0.621631  0.702498  0.778775  0.468089  0.511531  0.516099  0.489003  0.792020 0.0  0.820331  0.596310  0.330236  0.699085  0.763013  0.760550  0.317974  0.866554  0.711388  0.356966  0.681523  0.419211  0.611018  0.486166  0.486851  0.869354  0.619287  0.692734  0.783842 
12  0.830555  0.797187  0.782438  0.847068  0.738344  0.654043  0.830861  0.737840  0.645385  0.644050  0.652623  0.820331 0.0  0.744057  0.881634  0.652351  0.493983  0.336884  0.842026  0.327020  0.669680  0.834563  0.719730  0.729016  0.654889  0.726458  0.817983  0.678246  0.769251  0.572473  0.538027 
13  0.476543  0.765505  0.594215  0.443918  0.246888  0.857549  0.721693  0.664204  0.578532  0.727540  0.800650  0.596310  0.744057 0.0  0.657729  0.619755  0.786578  0.806217  0.629932  0.699367  0.607438  0.627124  0.707668  0.674799  0.388651  0.623828  0.578374  0.525455  0.623501  0.725382  0.819516 
14  0.751119  0.438194  0.251851  0.688027  0.522637  0.789904  0.558033  0.468780  0.552663  0.445887  0.647303  0.330236  0.881634  0.657729 0.0  0.666141  0.846857  0.714619  0.273143  0.697729  0.743007  0.353731  0.687788  0.588723  0.682563  0.482530  0.423403  0.694776  0.587927  0.678403  0.839342 
15  0.744853  0.595368  0.811001  0.668293  0.604946  0.807923  0.829673  0.850806  0.672850  0.893554  0.712561  0.699085  0.652351  0.619755  0.666141 0.0  0.785809  0.701161  0.696448  0.807058  0.392621  0.786398  0.817646  0.847299  0.787693  0.633905  0.606984  0.447655  0.576358  0.761953  0.689283 
16  0.745863  0.753589  0.869566  0.702033  0.710850  0.745857  0.769100  0.878145  0.778562  0.763185  0.805393  0.763013  0.493983  0.786578  0.846857  0.785809 0.0  0.276415  0.775488  0.486229  0.712617  0.647780  0.651825  0.690776  0.802299  0.815830  0.908689  1.000000  0.696276  0.739349  0.735169 
17  0.756071  0.742962  0.777001  0.767373  0.658247  0.632599  0.739901  0.783021  0.801871  0.845590  0.574809  0.760550  0.336884  0.806217  0.714619  0.701161  0.276415 0.0  0.772927  0.190907  0.647165  0.935154  0.758020  0.794324  0.747895  0.709237  0.699741  0.777722  0.756666  0.702347  0.659733 
18  0.703494  0.498395  0.211500  0.774177  0.654001  0.891882  0.419041  0.572374  0.528922  0.549326  0.724615  0.317974  0.842026  0.629932  0.273143  0.696448  0.775488  0.772927 0.0  0.744147  0.749865  0.384011  0.428805  0.393385  0.668028  0.526987  0.384071  0.630089  0.681433  0.588802  0.806332 
19  0.831981  0.733766  0.850974  0.773058  0.684244  0.728357  0.764121  0.649275  0.754981  0.682451  0.585430  0.866554  0.327020  0.699367  0.697729  0.807058  0.486229  0.190907  0.744147 0.0  0.613033  0.911873  0.662660  0.780886  0.857907  0.711493  0.934934  0.734621  0.710986  0.574412  0.712110 
20  0.557455  0.869858  0.702995  0.555611  0.606883  0.719946  0.852307  0.793430  0.609380  0.740383  0.816998  0.711388  0.669680  0.607438  0.743007  0.392621  0.712617  0.647165  0.749865  0.613033 0.0  0.796997  0.947459  0.734097  0.616338  0.770731  0.648530  0.231634  0.597588  0.816961  0.674075 
21  0.860557  0.479514  0.291572  0.783848  0.596933  0.830374  0.407763  0.505604  0.577506  0.414661  0.740683  0.356966  0.834563  0.627124  0.353731  0.786398  0.647780  0.935154  0.384011  0.911873  0.796997 0.0  0.740823  0.526619  0.741278  0.577158  0.517381  0.783768  0.782861  0.708226  0.852235 
22  0.853163  0.597506  0.618494  0.730012  0.810412  0.712043  0.747341  0.646320  0.609066  0.462397  0.763699  0.681523  0.719730  0.707668  0.687788  0.817646  0.651825  0.758020  0.428805  0.662660  0.947459  0.740823 0.0  0.656741  0.732074  0.443767  0.695476  0.839647  0.737331  0.432819  0.739240 
23  0.614348  0.575286  0.435585  0.708326  0.726898  0.804506  0.441039  0.446717  0.532491  0.503339  0.704882  0.419211  0.729016  0.674799  0.588723  0.847299  0.690776  0.794324  0.393385  0.780886  0.734097  0.526619  0.656741 0.0  0.749020  0.650738  0.355341  0.619373  0.671237  0.704273  0.802212 
24  0.536873  0.729534  0.739827  0.439499  0.413583  0.712815  0.794198  0.723800  0.634365  0.717604  0.690543  0.611018  0.654889  0.388651  0.682563  0.787693  0.802299  0.747895  0.668028  0.857907  0.616338  0.741278  0.732074  0.749020 0.0  0.716235  0.651082  0.692931  0.662214  0.870579  0.669085 
25  0.790701  0.455276  0.528749  0.629821  0.660554  0.787625  0.693185  0.545305  0.516699  0.668594  0.730271  0.486166  0.726458  0.623828  0.482530  0.633905  0.815830  0.709237  0.526987  0.711493  0.770731  0.577158  0.443767  0.650738  0.716235 0.0  0.569294  0.758762  0.678476  0.591483  0.801537 
26  0.707355  0.537015  0.427026  0.707321  0.605943  0.827972  0.475400  0.387186  0.615554  0.215117  0.817009  0.486851  0.817983  0.578374  0.423403  0.606984  0.908689  0.699741  0.384071  0.934934  0.648530  0.517381  0.695476  0.355341  0.651082  0.569294 0.0  0.664490  0.754017  0.660329  0.885124 
27  0.649841  0.683338  0.705831  0.597533  0.675588  0.702081  0.830652  0.700870  0.771064  0.810650  0.709545  0.869354  0.678246  0.525455  0.694776  0.447655  1.000000  0.777722  0.630089  0.734621  0.231634  0.783768  0.839647  0.619373  0.692931  0.758762  0.664490 0.0  0.527385  0.721543  0.669021 
28  0.496665  0.679731  0.663097  0.680083  0.655662  0.721285  0.726706  0.774717  0.584448  0.692694  0.796423  0.619287  0.769251  0.623501  0.587927  0.576358  0.696276  0.756666  0.681433  0.710986  0.597588  0.782861  0.737331  0.671237  0.662214  0.678476  0.754017  0.527385 0.0  0.736249  0.667280 
29  0.746944  0.647163  0.685930  0.694998  0.789912  0.706288  0.598387  0.628330  0.560527  0.634658  0.707811  0.692734  0.572473  0.725382  0.678403  0.761953  0.739349  0.702347  0.588802  0.574412  0.816961  0.708226  0.432819  0.704273  0.870579  0.591483  0.660329  0.721543  0.736249 0.0  0.715313 
30  0.868429  0.919092  0.747593  0.782711  0.773428  0.389782  0.743952  0.744491  0.735317  0.795910  0.649364  0.783842  0.538027  0.819516  0.839342  0.689283  0.735169  0.659733  0.806332  0.712110  0.674075  0.852235  0.739240  0.802212  0.669085  0.801537  0.885124  0.669021  0.667280  0.715313 0.0 
