31
0 0.0  0.661072  0.912092  0.473674  0.542570  0.820631  0.802024  0.901501  0.477463  0.708570  0.733439  0.671175  0.832586  0.968925  0.512567  0.742528  0.533922  0.892931  0.420774  0.921941  0.616126  0.420274  0.908727  0.468794  0.674570  0.879441  0.444870  1.000000  0.673814  0.674787  0.865277 
1  0.661072 0.0  0.693632  0.785065  0.672017  0.892256  0.758078  0.569270  0.739131  0.704170  0.753947  0.600094  0.686699  0.800507  0.811661  0.875521  0.629852  0.785303  0.681498  0.734642  0.699867  0.816243  0.736980  0.757536  0.771278  0.630651  0.717439  0.669558  0.738285  0.560735  0.694583 
2  0.912092  0.693632 0.0  0.657981  0.743009  0.669493  0.746814  0.651418  0.751455  0.477983  0.768615  0.275298  0.692623  0.675574  0.722313  0.785851  0.593938  0.696801  0.799938  0.654642  0.640625  0.873705  0.776373  0.733702  0.635574  0.688599  0.642617  0.702728  0.785800  0.692682  0.813750 
3  0.473674  0.785065  0.657981 0.0  0.480276  0.817272  0.704849  0.823255  0.451279  0.772935  0.854375  0.805466  0.850982  0.934515  0.507946  0.721884  0.375723  0.948952  0.459275  0.793789  0.652336  0.455719  0.900185  0.570155  0.475334  0.837010  0.451569  0.848488  0.796727  0.614375  0.843212 
4  0.542570  0.672017  0.743009  0.480276 0.0  0.744944  0.669545  0.766387  0.292834  0.639498  0.847409  0.751315  0.835968  0.888204  0.370531  0.658881  0.457163  0.933257  0.372614  0.857270  0.497246  0.425336  0.886547  0.324530  0.645564  0.871128  0.459875  0.797680  0.701380  0.669016  0.771491 
5  0.820631  0.892256  0.669493  0.817272  0.744944 0.0  0.728316  0.849859  0.734895  0.733486  0.887799  0.697602  0.437274  0.319935  0.812710  0.633993  0.694155  0.423977  0.892260  0.685182  0.732504  0.720185  0.410888  0.783316  0.753858  0.683494  0.819368  0.611382  0.670579  0.744944  0.721459 
6  0.802024  0.758078  0.746814  0.704849  0.669545  0.728316 0.0  0.741273  0.599818  0.838746  0.715854  0.661009  0.682161  0.775121  0.715514  0.333067  0.670568  0.740983  0.747650  0.712394  0.441572  0.573722  0.723479  0.603644  0.652757  0.815258  0.688341  0.766648  0.439908  0.765987  0.719815 
7  0.901501  0.569270  0.651418  0.823255  0.766387  0.849859  0.741273 0.0  0.676944  0.582974  0.815357  0.661215  0.717202  0.658305  0.722979  0.893900  0.688506  0.753478  0.705143  0.908000  0.653060  0.800928  0.733801  0.753583  0.629506  0.774219  0.668047  0.732601  0.722298  0.630005  0.733627 
8  0.477463  0.739131  0.751455  0.451279  0.292834  0.734895  0.599818  0.676944 0.0  0.768257  0.776537  0.742335  0.800935  0.820830  0.321134  0.663713  0.292109  0.820529  0.370867  0.928360  0.546241  0.495123  0.785458  0.533762  0.446476  0.775590  0.408707  0.860547  0.821009  0.573081  0.868086 
9  0.708570  0.704170  0.477983  0.772935  0.639498  0.733486  0.838746  0.582974  0.768257 0.0  0.723052  0.377258  0.901208  0.778732  0.723420  0.820887  0.713706  0.670716  0.672846  0.706511  0.584500  0.720612  0.663736  0.794579  0.610803  0.724689  0.666791  0.716173  0.817480  0.580845  0.728215 
10  0.733439  0.753947  0.768615  0.854375  0.847409  0.887799  0.715854  0.815357  0.776537  0.723052 0.0  0.852229  0.718556  0.941531  0.890395  0.818324  0.742751  0.697839  0.821023  0.540378  0.795536  0.814917  0.751232  0.766850  0.696108  0.267852  0.800043  0.460123  0.731783  0.705079  0.355492 
11  0.671175  0.600094  0.275298  0.805466  0.751315  0.697602  0.661009  0.661215  0.742335  0.377258  0.852229 0.0  0.785474  0.740090  0.754250  0.780937  0.733223  0.669087  0.766586  0.730318  0.724735  0.721103  0.593769  0.806602  0.757737  0.753019  0.684732  0.718857  0.693107  0.667116  0.790388 
12  0.832586  0.686699  0.692623  0.850982  0.835968  0.437274  0.682161  0.717202  0.800935  0.901208  0.718556  0.785474 0.0  0.369745  0.872475  0.681822  0.841176  0.369532  0.980327  0.595062  0.805812  0.871506  0.416072  0.712082  0.749093  0.540802  0.788717  0.696588  0.760854  0.765568  0.632232 
13  0.968925  0.800507  0.675574  0.934515  0.888204  0.319935  0.775121  0.658305  0.820830  0.778732  0.941531  0.740090  0.369745 0.0  0.806589  0.790916  0.753022  0.367928  0.813570  0.666584  0.805354  0.807093  0.375949  0.967596  0.790088  0.654666  0.719787  0.643677  0.771952  0.827791  0.572341 
14  0.512567  0.811661  0.722313  0.507946  0.370531  0.812710  0.715514  0.722979  0.321134  0.723420  0.890395  0.754250  0.872475  0.806589 0.0  0.646518  0.274250  0.720688  0.486293  0.818143  0.552534  0.493799  0.770302  0.519199  0.465577  0.819952  0.523830  0.919404  0.727524  0.733239  0.813720 
15  0.742528  0.875521  0.785851  0.721884  0.658881  0.633993  0.333067  0.893900  0.663713  0.820887  0.818324  0.780937  0.681822  0.790916  0.646518 0.0  0.562009  0.725682  0.713476  0.723597  0.615884  0.756016  0.757002  0.602854  0.537638  0.647009  0.651208  0.811439  0.384832  0.744898  0.822721 
16  0.533922  0.629852  0.593938  0.375723  0.457163  0.694155  0.670568  0.688506  0.292109  0.713706  0.742751  0.733223  0.841176  0.753022  0.274250  0.562009 0.0  0.863507  0.546742  0.910907  0.420314  0.463432  0.883745  0.497327  0.658487  0.814103  0.487732  0.850487  0.827608  0.834169  0.777768 
17  0.892931  0.785303  0.696801  0.948952  0.933257  0.423977  0.740983  0.753478  0.820529  0.670716  0.697839  0.669087  0.369532  0.367928  0.720688  0.725682  0.863507 0.0  0.848263  0.657965  0.779785  0.798691  0.456596  0.891962  0.797016  0.645477  0.826624  0.689993  0.718351  0.807982  0.557563 
18  0.420774  0.681498  0.799938  0.459275  0.372614  0.892260  0.747650  0.705143  0.370867  0.672846  0.821023  0.766586  0.980327  0.813570  0.486293  0.713476  0.546742  0.848263 0.0  0.825161  0.565706  0.469745  0.732367  0.386413  0.621190  0.976585  0.420759  0.745838  0.781903  0.694202  0.773940 
19  0.921941  0.734642  0.654642  0.793789  0.857270  0.685182  0.712394  0.908000  0.928360  0.706511  0.540378  0.730318  0.595062  0.666584  0.818143  0.723597  0.910907  0.657965  0.825161 0.0  0.836085  0.887124  0.753589  0.747859  0.945677  0.317775  0.896472  0.306995  0.728664  0.816244  0.349300 
20  0.616126  0.699867  0.640625  0.652336  0.497246  0.732504  0.441572  0.653060  0.546241  0.584500  0.795536  0.724735  0.805812  0.805354  0.552534  0.615884  0.420314  0.779785  0.565706  0.836085 0.0  0.643706  0.771127  0.576762  0.219005  0.671787  0.428554  0.788071  0.589744  0.791900  0.860276 
21  0.420274  0.816243  0.873705  0.455719  0.425336  0.720185  0.573722  0.800928  0.495123  0.720612  0.814917  0.721103  0.871506  0.807093  0.493799  0.756016  0.463432  0.798691  0.469745  0.887124  0.643706 0.0  0.806507  0.538619  0.811877  0.847390  0.499526  0.732828  0.724456  0.871118  0.806958 
22  0.908727  0.736980  0.776373  0.900185  0.886547  0.410888  0.723479  0.733801  0.785458  0.663736  0.751232  0.593769  0.416072  0.375949  0.770302  0.757002  0.883745  0.456596  0.732367  0.753589  0.771127  0.806507 0.0  0.750665  0.794029  0.804896  0.816623  0.666298  0.654624  0.716078  0.680819 
23  0.468794  0.757536  0.733702  0.570155  0.324530  0.783316  0.603644  0.753583  0.533762  0.794579  0.766850  0.806602  0.712082  0.967596  0.519199  0.602854  0.497327  0.891962  0.386413  0.747859  0.576762  0.538619  0.750665 0.0  0.542955  0.672058  0.453238  0.734575  0.608484  0.717783  0.731562 
24  0.674570  0.771278  0.635574  0.475334  0.645564  0.753858  0.652757  0.629506  0.446476  0.610803  0.696108  0.757737  0.749093  0.790088  0.465577  0.537638  0.658487  0.797016  0.621190  0.945677  0.219005  0.811877  0.794029  0.542955 0.0  0.867951  0.657712  0.807098  0.641235  0.661423  0.751260 
25  0.879441  0.630651  0.688599  0.837010  0.871128  0.683494  0.815258  0.774219  0.775590  0.724689  0.267852  0.753019  0.540802  0.654666  0.819952  0.647009  0.814103  0.645477  0.976585  0.317775  0.671787  0.847390  0.804896  0.672058  0.867951 0.0  0.796534  0.392774  0.622045  0.738171  0.299781 
26  0.444870  0.717439  0.642617  0.451569  0.459875  0.819368  0.688341  0.668047  0.408707  0.666791  0.800043  0.684732  0.788717  0.719787  0.523830  0.651208  0.487732  0.826624  0.420759  0.896472  0.428554  0.499526  0.816623  0.453238  0.657712  0.796534 0.0  0.770539  0.727492  0.762663  0.821212 
27  1.000000  0.669558  0.702728  0.848488  0.797680  0.611382  0.766648  0.732601  0.860547  0.716173  0.460123  0.718857  0.696588  0.643677  0.919404  0.811439  0.850487  0.689993  0.745838  0.306995  0.788071  0.732828  0.666298  0.734575  0.807098  0.392774  0.770539 0.0  0.734226  0.815340  0.311392 
28  0.673814  0.738285  0.785800  0.796727  0.701380  0.670579  0.439908  0.722298  0.821009  0.817480  0.731783  0.693107  0.760854  0.771952  0.727524  0.384832  0.827608  0.718351  0.781903  0.728664  0.589744  0.724456  0.654624  0.608484  0.641235  0.622045  0.727492  0.734226 0.0  0.768002  0.721704 
29  0.674787  0.560735  0.692682  0.614375  0.669016  0.744944  0.765987  0.630005  0.573081  0.580845  0.705079  0.667116  0.765568  0.827791  0.733239  0.744898  0.834169  0.807982  0.694202  0.816244  0.791900  0.871118  0.716078  0.717783  0.661423  0.738171  0.762663  0.815340  0.768002 0.0  0.667921 
30  0.865277  0.694583  0.813750  0.843212  0.771491  0.721459  0.719815  0.733627  0.868086  0.728215  0.355492  0.790388  0.632232  0.572341  0.813720  0.822721  0.777768  0.557563  0.773940  0.349300  0.860276  0.806958  0.680819  0.731562  0.751260  0.299781  0.821212  0.311392  0.721704  0.667921 0.0 
