31
0 0.0  0.703513  0.572745  0.663046  0.673339  0.800285  0.662247  0.882376  0.641706  0.701898  0.307683  0.659263  0.746497  0.806566  0.776028  0.612113  0.710772  0.747352  0.550016  0.719956  0.609869  0.741761  0.583633  0.765704  0.685318  0.754033  0.808251  0.568188  0.905557  0.700465  0.721074 
1  0.703513 0.0  0.867711  0.861175  0.801574  0.726206  0.622652  0.742512  0.825333  0.347845  0.662406  0.780703  0.312410  0.690565  0.883227  0.792054  0.845806  0.930535  0.710987  0.850982  0.799272  0.819136  0.920492  0.641760  0.893849  0.900034  0.804958  0.863738  0.800257  0.860818  0.710742 
2  0.572745  0.867711 0.0  0.364995  0.477915  0.639498  0.680777  0.670280  0.435615  0.942443  0.674882  0.508210  0.755165  0.716658  0.392572  0.680008  0.601613  0.372091  0.453500  0.433603  0.403937  0.362589  0.437403  0.795562  0.371715  0.390392  0.468318  0.398319  0.709264  0.403751  0.799122 
3  0.663046  0.861175  0.364995 0.0  0.504386  0.641723  0.839086  0.727153  0.318618  0.872935  0.697883  0.403273  0.736776  0.835936  0.442609  0.733342  0.653494  0.390945  0.478027  0.418988  0.521551  0.464495  0.448725  0.731668  0.432947  0.513646  0.432658  0.462079  0.698231  0.526337  0.857565 
4  0.673339  0.801574  0.477915  0.504386 0.0  0.774483  0.625154  0.688693  0.471282  0.842384  0.693645  0.550321  0.799963  0.722910  0.584275  0.722617  0.692588  0.536268  0.591058  0.467143  0.507027  0.339770  0.654414  0.701244  0.466292  0.442627  0.581983  0.570690  0.789666  0.399539  0.742099 
5  0.800285  0.726206  0.639498  0.641723  0.774483 0.0  0.632551  0.730959  0.716050  0.885508  0.853532  0.648294  0.826768  0.448138  0.714220  0.628467  0.613392  0.659522  0.711688  0.669636  0.670488  0.665301  0.806491  0.746841  0.833086  0.752092  0.723239  0.613674  0.641240  0.724088  0.672148 
6  0.662247  0.622652  0.680777  0.839086  0.625154  0.632551 0.0  0.402370  0.773350  0.783517  0.869174  0.777537  0.806834  0.576292  0.620303  0.408242  0.615324  0.633250  0.779774  0.603502  0.736740  0.645079  0.812047  0.686104  0.727641  0.599071  0.618829  0.657395  0.267549  0.655581  0.482285 
7  0.882376  0.742512  0.670280  0.727153  0.688693  0.730959  0.402370 0.0  0.798093  0.853744  0.755062  0.621404  0.882948  0.679223  0.747405  0.387680  0.667625  0.752364  0.673135  0.649989  0.618870  0.611444  0.743552  0.836680  0.777583  0.687654  0.727718  0.561634  0.374128  0.645226  0.464506 
8  0.641706  0.825333  0.435615  0.318618  0.471282  0.716050  0.773350  0.798093 0.0  0.864720  0.588188  0.448169  0.704111  0.700875  0.287946  0.741629  0.511078  0.176908  0.576462  0.572238  0.456508  0.428338  0.484441  0.808026  0.447261  0.428590  0.360849  0.433740  0.700532  0.396727  0.701298 
9  0.701898  0.347845  0.942443  0.872935  0.842384  0.885508  0.783517  0.853744  0.864720 0.0  0.664517  0.791293  0.372457  0.833041  0.731940  0.651250  0.811730  0.770965  0.812004  0.756411  0.759084  0.907011  0.825342  0.503921  0.841887  0.957302  0.906187  0.721950  0.697601  0.887016  0.684193 
10  0.307683  0.662406  0.674882  0.697883  0.693645  0.853532  0.869174  0.755062  0.588188  0.664517 0.0  0.784669  0.844360  0.885155  0.628351  0.730375  0.549347  0.629329  0.686277  0.636061  0.802344  0.678559  0.717344  0.748093  0.653719  0.689156  0.594390  0.683713  0.824266  0.618447  0.890659 
11  0.659263  0.780703  0.508210  0.403273  0.550321  0.648294  0.777537  0.621404  0.448169  0.791293  0.784669 0.0  0.820439  0.715706  0.404755  0.742468  0.535310  0.524159  0.516462  0.365555  0.411598  0.438395  0.586524  0.888235  0.492419  0.418563  0.334807  0.386559  0.595181  0.436963  0.764304 
12  0.746497  0.312410  0.755165  0.736776  0.799963  0.826768  0.806834  0.882948  0.704111  0.372457  0.844360  0.820439 0.0  0.903412  0.801446  0.866062  0.915145  0.842598  0.951997  0.917395  1.000000  0.952320  0.759820  0.629547  0.804130  0.810265  0.936596  0.882363  0.862122  0.944968  0.747379 
13  0.806566  0.690565  0.716658  0.835936  0.722910  0.448138  0.576292  0.679223  0.700875  0.833041  0.885155  0.715706  0.903412 0.0  0.877869  0.734130  0.626891  0.721720  0.788084  0.720989  0.766905  0.681589  0.870864  0.772547  0.777309  0.841384  0.667168  0.636073  0.600659  0.639629  0.628334 
14  0.776028  0.883227  0.392572  0.442609  0.584275  0.714220  0.620303  0.747405  0.287946  0.731940  0.628351  0.404755  0.801446  0.877869 0.0  0.676185  0.572415  0.271998  0.617410  0.359275  0.469590  0.483244  0.472028  0.825253  0.373341  0.335197  0.275854  0.516706  0.635427  0.433994  0.771289 
15  0.612113  0.792054  0.680008  0.733342  0.722617  0.628467  0.408242  0.387680  0.741629  0.651250  0.730375  0.742468  0.866062  0.734130  0.676185 0.0  0.550178  0.757640  0.689282  0.653149  0.737655  0.704903  0.736077  0.735305  0.718636  0.775966  0.740605  0.759022  0.463746  0.631576  0.289295 
16  0.710772  0.845806  0.601613  0.653494  0.692588  0.613392  0.615324  0.667625  0.511078  0.811730  0.549347  0.535310  0.915145  0.626891  0.572415  0.550178 0.0  0.525761  0.502966  0.553943  0.688228  0.490868  0.674168  0.724620  0.601571  0.552666  0.551953  0.584301  0.609935  0.609456  0.631182 
17  0.747352  0.930535  0.372091  0.390945  0.536268  0.659522  0.633250  0.752364  0.176908  0.770965  0.629329  0.524159  0.842598  0.721720  0.271998  0.757640  0.525761 0.0  0.547479  0.378596  0.535494  0.450360  0.612618  0.813772  0.461488  0.267238  0.399165  0.522455  0.670284  0.410954  0.740299 
18  0.550016  0.710987  0.453500  0.478027  0.591058  0.711688  0.779774  0.673135  0.576462  0.812004  0.686277  0.516462  0.951997  0.788084  0.617410  0.689282  0.502966  0.547479 0.0  0.338564  0.539351  0.466284  0.446098  0.911061  0.477283  0.515808  0.528177  0.527819  0.757525  0.402350  0.668643 
19  0.719956  0.850982  0.433603  0.418988  0.467143  0.669636  0.603502  0.649989  0.572238  0.756411  0.636061  0.365555  0.917395  0.720989  0.359275  0.653149  0.553943  0.378596  0.338564 0.0  0.375510  0.290145  0.387975  0.681341  0.429956  0.419646  0.400391  0.347504  0.596063  0.374418  0.652135 
20  0.609869  0.799272  0.403937  0.521551  0.507027  0.670488  0.736740  0.618870  0.456508  0.759084  0.802344  0.411598  1.000000  0.766905  0.469590  0.737655  0.688228  0.535494  0.539351  0.375510 0.0  0.389118  0.615987  0.830074  0.404369  0.466482  0.491579  0.365210  0.708848  0.319284  0.689447 
21  0.741761  0.819136  0.362589  0.464495  0.339770  0.665301  0.645079  0.611444  0.428338  0.907011  0.678559  0.438395  0.952320  0.681589  0.483244  0.704903  0.490868  0.450360  0.466284  0.290145  0.389118 0.0  0.495581  0.846765  0.470697  0.461278  0.470125  0.488410  0.630665  0.266989  0.672652 
22  0.583633  0.920492  0.437403  0.448725  0.654414  0.806491  0.812047  0.743552  0.484441  0.825342  0.717344  0.586524  0.759820  0.870864  0.472028  0.736077  0.674168  0.612618  0.446098  0.387975  0.615987  0.495581 0.0  0.762438  0.405482  0.467985  0.496574  0.466009  0.787336  0.574321  0.790901 
23  0.765704  0.641760  0.795562  0.731668  0.701244  0.746841  0.686104  0.836680  0.808026  0.503921  0.748093  0.888235  0.629547  0.772547  0.825253  0.735305  0.724620  0.813772  0.911061  0.681341  0.830074  0.846765  0.762438 0.0  0.861258  0.820739  0.866829  0.815351  0.674182  0.809687  0.716659 
24  0.685318  0.893849  0.371715  0.432947  0.466292  0.833086  0.727641  0.777583  0.447261  0.841887  0.653719  0.492419  0.804130  0.777309  0.373341  0.718636  0.601571  0.461488  0.477283  0.429956  0.404369  0.470697  0.405482  0.861258 0.0  0.449853  0.538644  0.372015  0.716253  0.601034  0.748950 
25  0.754033  0.900034  0.390392  0.513646  0.442627  0.752092  0.599071  0.687654  0.428590  0.957302  0.689156  0.418563  0.810265  0.841384  0.335197  0.775966  0.552666  0.267238  0.515808  0.419646  0.466482  0.461278  0.467985  0.820739  0.449853 0.0  0.399339  0.558370  0.686098  0.384213  0.682292 
26  0.808251  0.804958  0.468318  0.432658  0.581983  0.723239  0.618829  0.727718  0.360849  0.906187  0.594390  0.334807  0.936596  0.667168  0.275854  0.740605  0.551953  0.399165  0.528177  0.400391  0.491579  0.470125  0.496574  0.866829  0.538644  0.399339 0.0  0.455359  0.597372  0.443801  0.703818 
27  0.568188  0.863738  0.398319  0.462079  0.570690  0.613674  0.657395  0.561634  0.433740  0.721950  0.683713  0.386559  0.882363  0.636073  0.516706  0.759022  0.584301  0.522455  0.527819  0.347504  0.365210  0.488410  0.466009  0.815351  0.372015  0.558370  0.455359 0.0  0.603132  0.487906  0.750781 
28  0.905557  0.800257  0.709264  0.698231  0.789666  0.641240  0.267549  0.374128  0.700532  0.697601  0.824266  0.595181  0.862122  0.600659  0.635427  0.463746  0.609935  0.670284  0.757525  0.596063  0.708848  0.630665  0.787336  0.674182  0.716253  0.686098  0.597372  0.603132 0.0  0.624185  0.444445 
29  0.700465  0.860818  0.403751  0.526337  0.399539  0.724088  0.655581  0.645226  0.396727  0.887016  0.618447  0.436963  0.944968  0.639629  0.433994  0.631576  0.609456  0.410954  0.402350  0.374418  0.319284  0.266989  0.574321  0.809687  0.601034  0.384213  0.443801  0.487906  0.624185 0.0  0.744565 
30  0.721074  0.710742  0.799122  0.857565  0.742099  0.672148  0.482285  0.464506  0.701298  0.684193  0.890659  0.764304  0.747379  0.628334  0.771289  0.289295  0.631182  0.740299  0.668643  0.652135  0.689447  0.672652  0.790901  0.716659  0.748950  0.682292  0.703818  0.750781  0.444445  0.744565 0.0 
