31
0 0.0  0.758436  0.737983  0.388686  0.366579  0.473441  0.831172  0.503193  0.732432  0.344591  0.727897  0.627938  0.800887  0.365166  0.682776  0.430406  0.719916  0.791299  0.717217  0.685208  0.306931  0.469403  0.388165  0.847382  0.484604  0.435727  0.586649  0.635880  0.718910  0.751300  0.404013 
1  0.758436 0.0  0.852009  0.665168  0.682141  0.560834  0.742897  0.532260  0.375404  0.725969  0.582799  0.538796  0.760845  0.803008  0.812228  0.596150  0.648864  0.792403  0.760283  0.228485  0.720051  0.678409  0.662791  0.757985  0.607597  0.700450  0.623645  0.675601  0.321916  0.779971  0.720665 
2  0.737983  0.852009 0.0  0.641832  0.526858  0.686999  0.738573  0.718578  0.635197  0.633181  0.702906  0.845104  0.774565  0.656134  0.365297  0.710832  0.802579  0.767371  0.686914  0.786031  0.626721  0.500008  0.520086  0.813956  0.618252  0.704729  0.788333  0.708590  0.795581  0.737912  0.658835 
3  0.388686  0.665168  0.641832 0.0  0.463139  0.390338  0.722912  0.509286  0.583790  0.436053  0.693508  0.596823  0.876874  0.525580  0.671165  0.394962  0.691397  0.750666  0.951807  0.695708  0.455676  0.289335  0.608849  0.820601  0.546032  0.481622  0.694097  0.571934  0.734968  0.850278  0.394916 
4  0.366579  0.682141  0.526858  0.463139 0.0  0.475236  0.865669  0.527052  0.632621  0.445111  0.709010  0.855455  0.867452  0.453154  0.692104  0.477249  0.833180  0.816777  0.749716  0.645028  0.379793  0.460411  0.582296  0.717049  0.534131  0.418500  0.756948  0.652190  0.613977  0.723976  0.355419 
5  0.473441  0.560834  0.686999  0.390338  0.475236 0.0  0.826863  0.567892  0.538042  0.375828  0.722442  0.722474  0.870975  0.559623  0.571891  0.557440  0.637422  0.946290  0.769657  0.679613  0.530688  0.367660  0.625984  0.927435  0.345942  0.405966  0.704809  0.572430  0.701034  0.713051  0.427316 
6  0.831172  0.742897  0.738573  0.722912  0.865669  0.826863 0.0  0.860642  0.825282  0.945633  0.805432  0.784270  0.334781  0.898505  0.849178  0.845124  0.764393  0.310413  0.592878  0.696327  0.858132  0.746162  0.843575  0.301367  0.727029  0.854581  0.830617  0.890447  0.729713  0.603275  0.760564 
7  0.503193  0.532260  0.718578  0.509286  0.527052  0.567892  0.860642 0.0  0.715216  0.438360  0.722465  0.715132  0.824468  0.559910  0.739176  0.290472  0.640901  0.830093  0.787290  0.739515  0.392157  0.469563  0.409590  0.857193  0.557164  0.412324  0.774707  0.691522  0.677369  0.820624  0.328897 
8  0.732432  0.375404  0.635197  0.583790  0.632621  0.538042  0.825282  0.715216 0.0  0.624443  0.514874  0.555702  0.788828  0.796719  0.826780  0.604710  0.683711  0.696829  0.795413  0.362157  0.603775  0.604665  0.719542  0.865786  0.592845  0.694499  0.566113  0.663298  0.504545  0.679678  0.571101 
9  0.344591  0.725969  0.633181  0.436053  0.445111  0.375828  0.945633  0.438360  0.624443 0.0  0.721236  0.707666  0.912749  0.448127  0.632427  0.411383  0.650796  0.798419  0.829826  0.668021  0.462582  0.390960  0.483991  0.781760  0.610499  0.564971  0.839852  0.760016  0.660517  0.720849  0.307624 
10  0.727897  0.582799  0.702906  0.693508  0.709010  0.722442  0.805432  0.722465  0.514874  0.721236 0.0  0.652356  0.806503  0.776828  0.800970  0.714712  0.743975  0.853818  0.725140  0.487877  0.695485  0.817386  0.674220  0.760047  0.784062  0.707324  0.608940  0.661279  0.484671  0.725501  0.755966 
11  0.627938  0.538796  0.845104  0.596823  0.855455  0.722474  0.784270  0.715132  0.555702  0.707666  0.652356 0.0  0.778521  0.823427  0.740161  0.704659  0.433856  0.886767  0.716643  0.619962  0.676846  0.696913  0.754726  0.831422  0.714165  0.697046  0.232816  0.626034  0.599305  0.734735  0.705778 
12  0.800887  0.760845  0.774565  0.876874  0.867452  0.870975  0.334781  0.824468  0.788828  0.912749  0.806503  0.778521 0.0  0.823767  0.681930  0.784838  0.743768  0.472814  0.640644  0.636025  0.886223  0.760944  0.721694  0.489170  0.889936  0.840381  0.694427  0.772126  0.867959  0.560043  0.801924 
13  0.365166  0.803008  0.656134  0.525580  0.453154  0.559623  0.898505  0.559910  0.796719  0.448127  0.776828  0.823427  0.823767 0.0  0.725076  0.585780  0.820490  0.868310  0.764054  0.784725  0.583806  0.539402  0.472619  0.675670  0.745259  0.549245  0.802606  0.757334  0.746739  0.747777  0.649935 
14  0.682776  0.812228  0.365297  0.671165  0.692104  0.571891  0.849178  0.739176  0.826780  0.632427  0.800970  0.740161  0.681930  0.725076 0.0  0.716433  0.830485  0.706192  0.612314  0.671369  0.710359  0.614588  0.685156  0.680841  0.609394  0.715828  0.769730  0.743641  0.751914  0.766651  0.697461 
15  0.430406  0.596150  0.710832  0.394962  0.477249  0.557440  0.845124  0.290472  0.604710  0.411383  0.714712  0.704659  0.784838  0.585780  0.716433 0.0  0.672464  0.782088  0.811179  0.687347  0.408807  0.367902  0.363284  0.883160  0.519464  0.330294  0.624724  0.671080  0.688977  0.842855  0.356879 
16  0.719916  0.648864  0.802579  0.691397  0.833180  0.637422  0.764393  0.640901  0.683711  0.650796  0.743975  0.433856  0.743768  0.820490  0.830485  0.672464 0.0  0.718225  0.867041  0.626189  0.733885  0.710165  0.741903  0.775982  0.736284  0.758406  0.452815  0.557529  0.675959  0.710432  0.799494 
17  0.791299  0.792403  0.767371  0.750666  0.816777  0.946290  0.310413  0.830093  0.696829  0.798419  0.853818  0.886767  0.472814  0.868310  0.706192  0.782088  0.718225 0.0  0.715699  0.698687  0.832331  0.862635  0.714765  0.453192  0.768543  0.812589  0.781312  0.774038  0.727625  0.541277  0.829715 
18  0.717217  0.760283  0.686914  0.951807  0.749716  0.769657  0.592878  0.787290  0.795413  0.829826  0.725140  0.716643  0.640644  0.764054  0.612314  0.811179  0.867041  0.715699 0.0  0.773162  0.758031  0.820478  0.823476  0.703877  0.773381  0.838870  0.674507  0.744353  0.801155  0.294583  0.868806 
19  0.685208  0.228485  0.786031  0.695708  0.645028  0.679613  0.696327  0.739515  0.362157  0.668021  0.487877  0.619962  0.636025  0.784725  0.671369  0.687347  0.626189  0.698687  0.773162 0.0  0.658841  0.711983  0.766943  0.740737  0.582698  0.733184  0.562478  0.491953  0.259165  0.750150  0.687856 
20  0.306931  0.720051  0.626721  0.455676  0.379793  0.530688  0.858132  0.392157  0.603775  0.462582  0.695485  0.676846  0.886223  0.583806  0.710359  0.408807  0.733885  0.832331  0.758031  0.658841 0.0  0.446066  0.458319  0.874109  0.537103  0.481603  0.611338  0.707309  0.735006  0.759852  0.421814 
21  0.469403  0.678409  0.500008  0.289335  0.460411  0.367660  0.746162  0.469563  0.604665  0.390960  0.817386  0.696913  0.760944  0.539402  0.614588  0.367902  0.710165  0.862635  0.820478  0.711983  0.446066 0.0  0.437189  0.793630  0.548950  0.338823  0.688091  0.686204  0.679694  0.698751  0.352758 
22  0.388165  0.662791  0.520086  0.608849  0.582296  0.625984  0.843575  0.409590  0.719542  0.483991  0.674220  0.754726  0.721694  0.472619  0.685156  0.363284  0.741903  0.714765  0.823476  0.766943  0.458319  0.437189 0.0  0.763565  0.559980  0.377032  0.685227  0.753873  0.850546  0.772430  0.335786 
23  0.847382  0.757985  0.813956  0.820601  0.717049  0.927435  0.301367  0.857193  0.865786  0.781760  0.760047  0.831422  0.489170  0.675670  0.680841  0.883160  0.775982  0.453192  0.703877  0.740737  0.874109  0.793630  0.763565 0.0  0.807584  0.811099  0.820379  0.663571  0.788891  0.637224  1.000000 
24  0.484604  0.607597  0.618252  0.546032  0.534131  0.345942  0.727029  0.557164  0.592845  0.610499  0.784062  0.714165  0.889936  0.745259  0.609394  0.519464  0.736284  0.768543  0.773381  0.582698  0.537103  0.548950  0.559980  0.807584 0.0  0.539972  0.642005  0.629767  0.590188  0.788141  0.509514 
25  0.435727  0.700450  0.704729  0.481622  0.418500  0.405966  0.854581  0.412324  0.694499  0.564971  0.707324  0.697046  0.840381  0.549245  0.715828  0.330294  0.758406  0.812589  0.838870  0.733184  0.481603  0.338823  0.377032  0.811099  0.539972 0.0  0.799861  0.613998  0.672930  0.781104  0.289336 
26  0.586649  0.623645  0.788333  0.694097  0.756948  0.704809  0.830617  0.774707  0.566113  0.839852  0.608940  0.232816  0.694427  0.802606  0.769730  0.624724  0.452815  0.781312  0.674507  0.562478  0.611338  0.688091  0.685227  0.820379  0.642005  0.799861 0.0  0.652057  0.595525  0.667286  0.706660 
27  0.635880  0.675601  0.708590  0.571934  0.652190  0.572430  0.890447  0.691522  0.663298  0.760016  0.661279  0.626034  0.772126  0.757334  0.743641  0.671080  0.557529  0.774038  0.744353  0.491953  0.707309  0.686204  0.753873  0.663571  0.629767  0.613998  0.652057 0.0  0.726153  0.810724  0.725972 
28  0.718910  0.321916  0.795581  0.734968  0.613977  0.701034  0.729713  0.677369  0.504545  0.660517  0.484671  0.599305  0.867959  0.746739  0.751914  0.688977  0.675959  0.727625  0.801155  0.259165  0.735006  0.679694  0.850546  0.788891  0.590188  0.672930  0.595525  0.726153 0.0  0.745864  0.700005 
29  0.751300  0.779971  0.737912  0.850278  0.723976  0.713051  0.603275  0.820624  0.679678  0.720849  0.725501  0.734735  0.560043  0.747777  0.766651  0.842855  0.710432  0.541277  0.294583  0.750150  0.759852  0.698751  0.772430  0.637224  0.788141  0.781104  0.667286  0.810724  0.745864 0.0  0.696319 
30  0.404013  0.720665  0.658835  0.394916  0.355419  0.427316  0.760564  0.328897  0.571101  0.307624  0.755966  0.705778  0.801924  0.649935  0.697461  0.356879  0.799494  0.829715  0.868806  0.687856  0.421814  0.352758  0.335786  1.000000  0.509514  0.289336  0.706660  0.725972  0.700005  0.696319 0.0 
