31
0 0.0  0.468235  0.732643  0.427467  0.565439  0.739217  0.856914  0.736553  0.502201  0.805756  0.366317  0.733743  0.752082  0.693324  0.612158  0.601322  0.774941  0.615763  0.646632  0.774302  0.723099  0.577644  0.638106  0.515301  0.716074  0.699771  0.685361  0.665398  0.727528  0.719037  0.778006 
1  0.468235 0.0  0.758842  0.384988  0.854102  0.714382  0.779909  0.645946  0.463671  0.744451  0.335023  0.641455  0.743994  0.683519  0.651190  0.492541  0.814233  0.643036  0.610795  0.761358  0.772308  0.632166  0.628004  0.584884  0.581159  0.631345  0.706678  0.750473  0.773194  0.660227  0.712331 
2  0.732643  0.758842 0.0  0.732083  0.702217  0.454350  0.636666  0.782712  0.613208  0.363229  0.765357  0.804741  0.420893  0.773910  0.702318  0.722091  0.320177  0.848680  0.819666  0.823549  0.584571  0.729665  0.896456  0.762166  0.587277  0.532509  0.846166  0.911615  1.000000  0.677224  0.698232 
3  0.427467  0.384988  0.732083 0.0  0.696179  0.655958  0.774843  0.642422  0.332177  0.714076  0.464785  0.611304  0.664964  0.692385  0.799034  0.581734  0.817200  0.564387  0.625686  0.719455  0.681285  0.522982  0.620037  0.613138  0.723105  0.675274  0.709590  0.602461  0.651374  0.706180  0.694762 
4  0.565439  0.854102  0.702217  0.696179 0.0  0.720619  0.349559  0.827502  0.714105  0.652338  0.713567  0.722881  0.251801  0.803467  0.790052  0.659078  0.728170  0.719335  0.773896  0.791739  0.573142  0.657246  0.776750  0.803075  0.722930  0.724097  0.759382  0.796367  0.629707  0.802852  0.653875 
5  0.739217  0.714382  0.454350  0.655958  0.720619 0.0  0.679670  0.775906  0.716849  0.431434  0.738143  0.794621  0.544895  0.887996  0.719560  0.659509  0.313046  0.827249  0.745578  0.906594  0.624432  0.687203  0.729252  0.673157  0.628317  0.475298  0.740613  0.724565  0.861228  0.774577  0.842273 
6  0.856914  0.779909  0.636666  0.774843  0.349559  0.679670 0.0  0.802411  0.742729  0.624579  0.706440  0.734437  0.208534  0.823933  0.734325  0.742796  0.551011  0.885692  0.715987  0.848869  0.262259  0.718173  0.906721  0.722061  0.767655  0.714014  0.792663  0.803145  0.806838  0.881460  0.762640 
7  0.736553  0.645946  0.782712  0.642422  0.827502  0.775906  0.802411 0.0  0.588197  0.782791  0.662588  0.709846  0.821208  0.397366  0.704473  0.607946  0.866925  0.467950  0.515801  0.498398  0.812297  0.656588  0.400990  0.603674  0.634128  0.770376  0.506021  0.433824  0.550991  0.435998  0.503681 
8  0.502201  0.463671  0.613208  0.332177  0.714105  0.716849  0.742729  0.588197 0.0  0.826564  0.435250  0.651282  0.621718  0.611188  0.761636  0.368959  0.638966  0.562521  0.609095  0.753336  0.818654  0.508803  0.684143  0.684207  0.623510  0.605314  0.557958  0.730227  0.773916  0.637000  0.722944 
9  0.805756  0.744451  0.363229  0.714076  0.652338  0.431434  0.624579  0.782791  0.826564 0.0  0.703844  0.742817  0.489874  0.847211  0.727157  0.610489  0.236847  0.837037  0.771069  0.739926  0.605503  0.725946  0.784734  0.698234  0.776549  0.459379  0.775723  0.829695  0.963022  0.845196  0.856148 
10  0.366317  0.335023  0.765357  0.464785  0.713567  0.738143  0.706440  0.662588  0.435250  0.703844 0.0  0.538931  0.670027  0.724238  0.667690  0.525345  0.680544  0.664810  0.604334  0.756031  0.772475  0.646864  0.702075  0.549932  0.671190  0.584106  0.668807  0.698065  0.695337  0.695751  0.857589 
11  0.733743  0.641455  0.804741  0.611304  0.722881  0.794621  0.734437  0.709846  0.651282  0.742817  0.538931 0.0  0.654126  0.619949  0.824163  0.598450  0.824399  0.582664  0.652724  0.772242  0.796117  0.546743  0.738482  0.292701  0.806081  0.686742  0.680631  0.730338  0.743192  0.665276  0.806448 
12  0.752082  0.743994  0.420893  0.664964  0.251801  0.544895  0.208534  0.821208  0.621718  0.489874  0.670027  0.654126 0.0  0.760710  0.651965  0.562793  0.499921  0.943053  0.690127  0.792102  0.233467  0.800993  0.708858  0.629060  0.626877  0.522218  0.777343  0.645374  0.917531  0.878340  0.803016 
13  0.693324  0.683519  0.773910  0.692385  0.803467  0.887996  0.823933  0.397366  0.611188  0.847211  0.724238  0.619949  0.760710 0.0  0.642802  0.575017  0.730710  0.529133  0.529673  0.498480  0.851455  0.820692  0.315289  0.612963  0.677154  0.816598  0.343576  0.416476  0.433468  0.495518  0.519301 
14  0.612158  0.651190  0.702318  0.799034  0.790052  0.719560  0.734325  0.704473  0.761636  0.727157  0.667690  0.824163  0.651965  0.642802 0.0  0.507217  0.811691  0.489691  0.494984  0.709913  0.754816  0.775688  0.736280  0.870098  0.215803  0.610885  0.731864  0.679380  0.606763  0.546913  0.530846 
15  0.601322  0.492541  0.722091  0.581734  0.659078  0.659509  0.742796  0.607946  0.368959  0.610489  0.525345  0.598450  0.562793  0.575017  0.507217 0.0  0.636960  0.631253  0.530511  0.790252  0.652484  0.592368  0.477057  0.595108  0.591405  0.616587  0.613959  0.669199  0.600064  0.594888  0.713569 
16  0.774941  0.814233  0.320177  0.817200  0.728170  0.313046  0.551011  0.866925  0.638966  0.236847  0.680544  0.824399  0.499921  0.730710  0.811691  0.636960 0.0  0.918170  0.781085  0.801067  0.649369  0.734372  0.830491  0.831401  0.734020  0.571753  0.742908  0.802173  0.865186  0.878031  0.771974 
17  0.615763  0.643036  0.848680  0.564387  0.719335  0.827249  0.885692  0.467950  0.562521  0.837037  0.664810  0.582664  0.943053  0.529133  0.489691  0.631253  0.918170 0.0  0.243005  0.617701  0.883286  0.772034  0.578835  0.721138  0.566509  0.842933  0.517467  0.547817  0.473999  0.622210  0.527212 
18  0.646632  0.610795  0.819666  0.625686  0.773896  0.745578  0.715987  0.515801  0.609095  0.771069  0.604334  0.652724  0.690127  0.529673  0.494984  0.530511  0.781085  0.243005 0.0  0.629847  0.734509  0.655551  0.427016  0.678400  0.567434  0.731963  0.477172  0.518828  0.661564  0.459923  0.617296 
19  0.774302  0.761358  0.823549  0.719455  0.791739  0.906594  0.848869  0.498398  0.753336  0.739926  0.756031  0.772242  0.792102  0.498480  0.709913  0.790252  0.801067  0.617701  0.629847 0.0  0.823892  0.820041  0.448578  0.716033  0.752333  0.778902  0.505849  0.523921  0.404072  0.388361  0.428309 
20  0.723099  0.772308  0.584571  0.681285  0.573142  0.624432  0.262259  0.812297  0.818654  0.605503  0.772475  0.796117  0.233467  0.851455  0.754816  0.652484  0.649369  0.883286  0.734509  0.823892 0.0  0.673441  0.784809  0.731748  0.737340  0.545346  0.800165  0.826620  0.876807  0.808905  0.768597 
21  0.577644  0.632166  0.729665  0.522982  0.657246  0.687203  0.718173  0.656588  0.508803  0.725946  0.646864  0.546743  0.800993  0.820692  0.775688  0.592368  0.734372  0.772034  0.655551  0.820041  0.673441 0.0  0.724164  0.637610  0.654438  0.662663  0.693632  0.757384  0.586112  0.672576  0.706486 
22  0.638106  0.628004  0.896456  0.620037  0.776750  0.729252  0.906721  0.400990  0.684143  0.784734  0.702075  0.738482  0.708858  0.315289  0.736280  0.477057  0.830491  0.578835  0.427016  0.448578  0.784809  0.724164 0.0  0.692219  0.669485  0.789975  0.329702  0.451936  0.514742  0.495356  0.467531 
23  0.515301  0.584884  0.762166  0.613138  0.803075  0.673157  0.722061  0.603674  0.684207  0.698234  0.549932  0.292701  0.629060  0.612963  0.870098  0.595108  0.831401  0.721138  0.678400  0.716033  0.731748  0.637610  0.692219 0.0  0.755029  0.719775  0.797361  0.744579  0.665791  0.617040  0.735404 
24  0.716074  0.581159  0.587277  0.723105  0.722930  0.628317  0.767655  0.634128  0.623510  0.776549  0.671190  0.806081  0.626877  0.677154  0.215803  0.591405  0.734020  0.566509  0.567434  0.752333  0.737340  0.654438  0.669485  0.755029 0.0  0.660689  0.665481  0.749924  0.762553  0.750785  0.724382 
25  0.699771  0.631345  0.532509  0.675274  0.724097  0.475298  0.714014  0.770376  0.605314  0.459379  0.584106  0.686742  0.522218  0.816598  0.610885  0.616587  0.571753  0.842933  0.731963  0.778902  0.545346  0.662663  0.789975  0.719775  0.660689 0.0  0.824288  0.761362  0.804358  0.715797  0.670880 
26  0.685361  0.706678  0.846166  0.709590  0.759382  0.740613  0.792663  0.506021  0.557958  0.775723  0.668807  0.680631  0.777343  0.343576  0.731864  0.613959  0.742908  0.517467  0.477172  0.505849  0.800165  0.693632  0.329702  0.797361  0.665481  0.824288 0.0  0.360376  0.356875  0.441194  0.470491 
27  0.665398  0.750473  0.911615  0.602461  0.796367  0.724565  0.803145  0.433824  0.730227  0.829695  0.698065  0.730338  0.645374  0.416476  0.679380  0.669199  0.802173  0.547817  0.518828  0.523921  0.826620  0.757384  0.451936  0.744579  0.749924  0.761362  0.360376 0.0  0.397402  0.515672  0.390490 
28  0.727528  0.773194  1.000000  0.651374  0.629707  0.861228  0.806838  0.550991  0.773916  0.963022  0.695337  0.743192  0.917531  0.433468  0.606763  0.600064  0.865186  0.473999  0.661564  0.404072  0.876807  0.586112  0.514742  0.665791  0.762553  0.804358  0.356875  0.397402 0.0  0.393263  0.500160 
29  0.719037  0.660227  0.677224  0.706180  0.802852  0.774577  0.881460  0.435998  0.637000  0.845196  0.695751  0.665276  0.878340  0.495518  0.546913  0.594888  0.878031  0.622210  0.459923  0.388361  0.808905  0.672576  0.495356  0.617040  0.750785  0.715797  0.441194  0.515672  0.393263 0.0  0.328612 
30  0.778006  0.712331  0.698232  0.694762  0.653875  0.842273  0.762640  0.503681  0.722944  0.856148  0.857589  0.806448  0.803016  0.519301  0.530846  0.713569  0.771974  0.527212  0.617296  0.428309  0.768597  0.706486  0.467531  0.735404  0.724382  0.670880  0.470491  0.390490  0.500160  0.328612 0.0 
