30
0 0.0  0.787181  0.489572  0.740327  0.471056  0.346112  0.800501  0.096477  0.581247  0.762751  0.106651  0.768378  0.458465  0.142144  0.497223  0.506891  0.452389  0.338647  0.863461  0.865043  0.510232  0.418707  0.854900  0.342167  0.465246  0.411134  0.574764  0.559719  0.576627  0.442543 
1  0.787181 0.0  0.754946  0.532556  0.854462  0.806578  0.564872  0.884344  0.807663  0.713325  0.801921  0.647392  0.802010  0.869569  0.886113  0.968774  0.841657  0.835689  0.491389  0.339160  0.849028  0.800811  0.389675  0.961768  0.874114  0.697885  0.788896  0.957935  0.926701  0.712965 
2  0.489572  0.754946 0.0  0.734569  0.124851  0.265527  0.869709  0.457436  0.538880  0.680728  0.377804  0.635043  0.000000  0.547648  0.183698  0.264691  0.475569  0.349697  0.700575  0.773530  0.694227  0.391239  0.758617  0.517127  0.619164  0.433992  0.517779  0.535673  0.375667  0.542860 
3  0.740327  0.532556  0.734569 0.0  0.847946  0.678174  0.294872  0.884229  0.777407  0.446802  0.853612  0.459207  0.730937  0.636367  0.724499  0.849761  0.683501  0.773456  0.472553  0.597131  0.801087  0.605675  0.562878  0.807923  0.683090  0.724721  0.687894  0.812742  0.790604  0.732445 
4  0.471056  0.854462  0.124851  0.847946 0.0  0.324488  0.771187  0.408271  0.794097  0.760820  0.351228  0.744496  0.260844  0.489183  0.377643  0.000000  0.612503  0.328996  0.720964  0.906858  0.800082  0.490139  0.728413  0.644990  0.769259  0.387387  0.468362  0.486017  0.311939  0.433535 
5  0.346112  0.806578  0.265527  0.678174  0.324488 0.0  0.761592  0.323128  0.624134  0.840881  0.390249  0.631631  0.355110  0.257652  0.280733  0.337764  0.504986  0.207437  0.852779  0.770663  0.753573  0.193467  0.773751  0.328497  0.583371  0.216670  0.454489  0.543125  0.446751  0.396875 
6  0.800501  0.564872  0.869709  0.294872  0.771187  0.761592 0.0  0.774748  0.746642  0.317128  0.659980  0.528549  0.772231  0.698118  0.831763  0.892002  0.713038  0.713621  0.564243  0.570130  0.638077  0.655677  0.654097  0.636287  0.684550  0.647405  0.736933  0.779515  0.920626  0.709538 
7  0.096477  0.884344  0.457436  0.884229  0.408271  0.323128  0.774748 0.0  0.504760  0.892521  0.034364  0.711592  0.416902  0.224941  0.447095  0.548515  0.574425  0.278709  0.771292  0.973484  0.506973  0.453667  0.877181  0.413881  0.599982  0.395398  0.525231  0.661418  0.458403  0.623141 
8  0.581247  0.807663  0.538880  0.777407  0.794097  0.624134  0.746642  0.504760 0.0  0.688800  0.537292  0.670293  0.618883  0.502564  0.687627  0.666386  0.464783  0.557590  0.772616  0.902974  0.258633  0.627296  0.780640  0.529707  0.255575  0.628581  0.659935  0.780062  0.709238  0.607381 
9  0.762751  0.713325  0.680728  0.446802  0.760820  0.840881  0.317128  0.892521  0.688800 0.0  0.784316  0.539805  0.767047  0.630174  0.824418  0.785587  0.645772  0.744636  0.653232  0.581728  0.794813  0.684014  0.577292  0.730105  0.670261  0.644838  0.734054  0.887083  0.729946  0.624924 
10  0.106651  0.801921  0.377804  0.853612  0.351228  0.390249  0.659980  0.034364  0.537292  0.784316 0.0  0.672681  0.376050  0.040782  0.393333  0.396856  0.561900  0.194519  0.843833  0.905075  0.569767  0.361822  0.723097  0.409907  0.507424  0.344914  0.413772  0.647012  0.602015  0.356687 
11  0.768378  0.647392  0.635043  0.459207  0.744496  0.631631  0.528549  0.711592  0.670293  0.539805  0.672681 0.0  0.724328  0.631747  0.647045  0.697987  0.578192  0.674177  0.594217  0.714284  0.657156  0.557093  0.502348  0.749919  0.605271  0.646061  0.605745  0.725498  0.695225  0.542120 
12  0.458465  0.802010  0.000000  0.730937  0.260844  0.355110  0.772231  0.416902  0.618883  0.767047  0.376050  0.724328 0.0  0.447005  0.196029  0.156459  0.672296  0.499537  0.737702  0.891709  0.743285  0.385658  0.827560  0.562360  0.557044  0.317923  0.634825  0.507851  0.383278  0.621628 
13  0.142144  0.869569  0.547648  0.636367  0.489183  0.257652  0.698118  0.224941  0.502564  0.630174  0.040782  0.631747  0.447005 0.0  0.486449  0.546273  0.532145  0.151025  0.840643  0.640776  0.570282  0.430703  0.790350  0.272913  0.486959  0.341358  0.624136  0.727282  0.583896  0.554968 
14  0.497223  0.886113  0.183698  0.724499  0.377643  0.280733  0.831763  0.447095  0.687627  0.824418  0.393333  0.647045  0.196029  0.486449 0.0  0.416631  0.473813  0.437966  0.753659  0.784726  0.740280  0.259381  0.793618  0.576113  0.492438  0.323021  0.324166  0.545178  0.383108  0.437084 
15  0.506891  0.968774  0.264691  0.849761  0.000000  0.337764  0.892002  0.548515  0.666386  0.785587  0.396856  0.697987  0.156459  0.546273  0.416631 0.0  0.663694  0.548799  0.766373  0.872375  0.802806  0.402905  0.774026  0.628023  0.676576  0.494164  0.488456  0.523115  0.254748  0.615943 
16  0.452389  0.841657  0.475569  0.683501  0.612503  0.504986  0.713038  0.574425  0.464783  0.645772  0.561900  0.578192  0.672296  0.532145  0.473813  0.663694 0.0  0.359618  0.692585  0.840325  0.562995  0.479547  0.710043  0.331198  0.350505  0.411938  0.536940  0.759107  0.746455  0.420194 
17  0.338647  0.835689  0.349697  0.773456  0.328996  0.207437  0.713621  0.278709  0.557590  0.744636  0.194519  0.674177  0.499537  0.151025  0.437966  0.548799  0.359618 0.0  0.806025  0.918269  0.526650  0.222000  0.834672  0.254969  0.560748  0.105152  0.411814  0.699080  0.613833  0.419055 
18  0.863461  0.491389  0.700575  0.472553  0.720964  0.852779  0.564243  0.771292  0.772616  0.653232  0.843833  0.594217  0.737702  0.840643  0.753659  0.766373  0.692585  0.806025 0.0  0.549788  0.864950  0.599348  0.237925  0.736872  0.832528  0.786701  0.623184  0.887852  0.873908  0.877431 
19  0.865043  0.339160  0.773530  0.597131  0.906858  0.770663  0.570130  0.973484  0.902974  0.581728  0.905075  0.714284  0.891709  0.640776  0.784726  0.872375  0.840325  0.918269  0.549788 0.0  0.760723  0.756017  0.412035  0.751513  0.851011  0.838415  0.764181  0.959715  1.000000  0.676699 
20  0.510232  0.849028  0.694227  0.801087  0.800082  0.753573  0.638077  0.506973  0.258633  0.794813  0.569767  0.657156  0.743285  0.570282  0.740280  0.802806  0.562995  0.526650  0.864950  0.760723 0.0  0.649209  0.876369  0.497507  0.380180  0.723738  0.758833  0.690258  0.804838  0.710169 
21  0.418707  0.800811  0.391239  0.605675  0.490139  0.193467  0.655677  0.453667  0.627296  0.684014  0.361822  0.557093  0.385658  0.430703  0.259381  0.402905  0.479547  0.222000  0.599348  0.756017  0.649209 0.0  0.778484  0.384951  0.576989  0.001611  0.380780  0.607011  0.538723  0.241588 
22  0.854900  0.389675  0.758617  0.562878  0.728413  0.773751  0.654097  0.877181  0.780640  0.577292  0.723097  0.502348  0.827560  0.790350  0.793618  0.774026  0.710043  0.834672  0.237925  0.412035  0.876369  0.778484 0.0  0.736453  0.860802  0.794933  0.760213  0.888495  0.821836  0.692173 
23  0.342167  0.961768  0.517127  0.807923  0.644990  0.328497  0.636287  0.413881  0.529707  0.730105  0.409907  0.749919  0.562360  0.272913  0.576113  0.628023  0.331198  0.254969  0.736872  0.751513  0.497507  0.384951  0.736453 0.0  0.261208  0.406110  0.600666  0.772355  0.694865  0.469693 
24  0.465246  0.874114  0.619164  0.683090  0.769259  0.583371  0.684550  0.599982  0.255575  0.670261  0.507424  0.605271  0.557044  0.486959  0.492438  0.676576  0.350505  0.560748  0.832528  0.851011  0.380180  0.576989  0.860802  0.261208 0.0  0.557648  0.560988  0.710351  0.566589  0.734248 
25  0.411134  0.697885  0.433992  0.724721  0.387387  0.216670  0.647405  0.395398  0.628581  0.644838  0.344914  0.646061  0.317923  0.341358  0.323021  0.494164  0.411938  0.105152  0.786701  0.838415  0.723738  0.001611  0.794933  0.406110  0.557648 0.0  0.302753  0.713293  0.500756  0.184108 
26  0.574764  0.788896  0.517779  0.687894  0.468362  0.454489  0.736933  0.525231  0.659935  0.734054  0.413772  0.605745  0.634825  0.624136  0.324166  0.488456  0.536940  0.411814  0.623184  0.764181  0.758833  0.380780  0.760213  0.600666  0.560988  0.302753 0.0  0.684330  0.557820  0.185683 
27  0.559719  0.957935  0.535673  0.812742  0.486017  0.543125  0.779515  0.661418  0.780062  0.887083  0.647012  0.725498  0.507851  0.727282  0.545178  0.523115  0.759107  0.699080  0.887852  0.959715  0.690258  0.607011  0.888495  0.772355  0.710351  0.713293  0.684330 0.0  0.280703  0.680932 
28  0.576627  0.926701  0.375667  0.790604  0.311939  0.446751  0.920626  0.458403  0.709238  0.729946  0.602015  0.695225  0.383278  0.583896  0.383108  0.254748  0.746455  0.613833  0.873908  1.000000  0.804838  0.538723  0.821836  0.694865  0.566589  0.500756  0.557820  0.280703 0.0  0.671756 
29  0.442543  0.712965  0.542860  0.732445  0.433535  0.396875  0.709538  0.623141  0.607381  0.624924  0.356687  0.542120  0.621628  0.554968  0.437084  0.615943  0.420194  0.419055  0.877431  0.676699  0.710169  0.241588  0.692173  0.469693  0.734248  0.184108  0.185683  0.680932  0.671756 0.0 
