30
0 0.0  0.198559  0.557734  0.611778  0.389858  0.783994  0.553254  0.590340  0.453004  0.585814  0.161480  0.391292  0.648147  0.648481  0.911838  0.159747  0.161804  0.305056  0.688466  0.784264  0.649986  0.430538  0.675514  0.672335  0.634405  0.569744  0.687256  0.309053  0.706774  0.933468 
1  0.198559 0.0  0.498477  0.580795  0.125873  0.658086  0.573568  0.626599  0.338094  0.661856  0.166082  0.369131  0.732679  0.569815  0.795318  0.241442  0.195115  0.238962  0.747135  0.764422  0.744768  0.337578  0.548794  0.804376  0.787913  0.534246  0.656581  0.384609  0.711907  0.941914 
2  0.557734  0.498477 0.0  0.523764  0.385659  0.652173  0.291142  0.471541  0.258638  0.728668  0.608638  0.424825  0.579320  0.278893  0.884724  0.572387  0.642537  0.443794  0.634119  0.707612  0.537784  0.538245  0.521897  0.643581  0.567391  0.254333  0.582390  0.575455  0.501763  0.835519 
3  0.611778  0.580795  0.523764 0.0  0.569868  0.565504  0.327203  0.576360  0.565295  0.540817  0.609413  0.647226  0.607057  0.542329  0.878689  0.618684  0.654122  0.568039  0.492904  0.749599  0.423353  0.475160  0.000000  0.598324  0.617307  0.495256  0.621296  0.683426  0.410351  0.753515 
4  0.389858  0.125873  0.385659  0.569868 0.0  0.668984  0.383727  0.522974  0.312571  0.677165  0.217963  0.256128  0.754347  0.465017  0.757664  0.405949  0.337168  0.137934  0.708906  0.729743  0.672394  0.388188  0.512954  0.669041  0.732875  0.480870  0.567004  0.386413  0.648467  0.799579 
5  0.783994  0.658086  0.652173  0.565504  0.668984 0.0  0.611404  0.728430  0.679436  0.566754  0.730979  0.685885  0.539461  0.674102  0.739924  0.797651  0.876609  0.697901  0.734762  0.656838  0.456323  0.580404  0.528126  0.575549  0.691125  0.429884  0.650458  0.796245  0.403027  0.774615 
6  0.553254  0.573568  0.291142  0.327203  0.383727  0.611404 0.0  0.535065  0.262648  0.547062  0.566381  0.492664  0.597887  0.515191  0.850458  0.641943  0.483692  0.453355  0.617752  0.757430  0.460207  0.378266  0.283223  0.686393  0.723948  0.258846  0.674576  0.623483  0.530807  0.973051 
7  0.590340  0.626599  0.471541  0.576360  0.522974  0.728430  0.535065 0.0  0.619359  0.665418  0.604599  0.601365  0.540456  0.225303  0.813474  0.600417  0.610930  0.548925  0.711036  0.608356  0.646530  0.598483  0.615383  0.773849  0.298542  0.477803  0.257301  0.691451  0.624874  0.908403 
8  0.453004  0.338094  0.258638  0.565295  0.312571  0.679436  0.262648  0.619359 0.0  0.574825  0.502044  0.437665  0.705302  0.516167  0.835955  0.566771  0.517054  0.262192  0.707228  0.808943  0.498258  0.118984  0.326413  0.762739  0.648044  0.445829  0.663315  0.460205  0.633630  0.771784 
9  0.585814  0.661856  0.728668  0.540817  0.677165  0.566754  0.547062  0.665418  0.574825 0.0  0.691031  0.709435  0.652200  0.645048  0.784734  0.499654  0.669617  0.648764  0.400090  0.802087  0.446560  0.616515  0.492587  0.574659  0.813483  0.608616  0.735777  0.724662  0.612632  0.851329 
10  0.161480  0.166082  0.608638  0.609413  0.217963  0.730979  0.566381  0.604599  0.502044  0.691031 0.0  0.384761  0.785478  0.615120  0.893242  0.128874  0.180796  0.376299  0.784613  0.716740  0.681040  0.489469  0.469870  0.789096  0.537420  0.581954  0.542800  0.320527  0.689397  0.940488 
11  0.391292  0.369131  0.424825  0.647226  0.256128  0.685885  0.492664  0.601365  0.437665  0.709435  0.384761 0.0  0.563793  0.493501  0.948742  0.303080  0.527472  0.406892  0.864357  0.744524  0.698474  0.431130  0.502532  0.778156  0.486231  0.540337  0.517000  0.374026  0.676959  0.925452 
12  0.648147  0.732679  0.579320  0.607057  0.754347  0.539461  0.597887  0.540456  0.705302  0.652200  0.785478  0.563793 0.0  0.550153  0.757884  0.785874  0.719655  0.524139  0.690883  0.449190  0.623843  0.743234  0.683526  0.647981  0.471134  0.469847  0.562649  0.730065  0.476192  0.861159 
13  0.648481  0.569815  0.278893  0.542329  0.465017  0.674102  0.515191  0.225303  0.516167  0.645048  0.615120  0.493501  0.550153 0.0  0.953069  0.629931  0.558258  0.406578  0.653009  0.569502  0.719910  0.443130  0.504801  0.687475  0.445804  0.445978  0.500058  0.718925  0.497430  1.000000 
14  0.911838  0.795318  0.884724  0.878689  0.757664  0.739924  0.850458  0.813474  0.835955  0.784734  0.893242  0.948742  0.757884  0.953069 0.0  0.897277  0.937416  0.853057  0.808080  0.843581  0.714479  0.962718  0.838911  0.805125  0.838007  0.780949  0.950177  0.838759  0.775772  0.342315 
15  0.159747  0.241442  0.572387  0.618684  0.405949  0.797651  0.641943  0.600417  0.566771  0.499654  0.128874  0.303080  0.785874  0.629931  0.897277 0.0  0.196863  0.425884  0.704156  0.768443  0.687354  0.574458  0.634466  0.737855  0.583792  0.538123  0.516771  0.355527  0.721644  0.884667 
16  0.161804  0.195115  0.642537  0.654122  0.337168  0.876609  0.483692  0.610930  0.517054  0.669617  0.180796  0.527472  0.719655  0.558258  0.937416  0.196863 0.0  0.397211  0.824487  0.767724  0.566009  0.540149  0.688511  0.767516  0.710126  0.598076  0.717776  0.016063  0.549965  0.863240 
17  0.305056  0.238962  0.443794  0.568039  0.137934  0.697901  0.453355  0.548925  0.262192  0.648764  0.376299  0.406892  0.524139  0.406578  0.853057  0.425884  0.397211 0.0  0.752938  0.680861  0.704368  0.325693  0.529439  0.617097  0.528279  0.520717  0.582324  0.487816  0.552064  0.852886 
18  0.688466  0.747135  0.634119  0.492904  0.708906  0.734762  0.617752  0.711036  0.707228  0.400090  0.784613  0.864357  0.690883  0.653009  0.808080  0.704156  0.824487  0.752938 0.0  0.751540  0.519578  0.606455  0.506097  0.320595  0.804323  0.559236  0.754993  0.757086  0.625942  0.705909 
19  0.784264  0.764422  0.707612  0.749599  0.729743  0.656838  0.757430  0.608356  0.808943  0.802087  0.716740  0.744524  0.449190  0.569502  0.843581  0.768443  0.767724  0.680861  0.751540 0.0  0.665429  0.655046  0.749674  0.760886  0.562393  0.708492  0.521172  0.787279  0.686842  0.913199 
20  0.649986  0.744768  0.537784  0.423353  0.672394  0.456323  0.460207  0.646530  0.498258  0.446560  0.681040  0.698474  0.623843  0.719910  0.714479  0.687354  0.566009  0.704368  0.519578  0.665429 0.0  0.559728  0.330019  0.557287  0.696737  0.543127  0.656115  0.731460  0.379304  0.836333 
21  0.430538  0.337578  0.538245  0.475160  0.388188  0.580404  0.378266  0.598483  0.118984  0.616515  0.489469  0.431130  0.743234  0.443130  0.962718  0.574458  0.540149  0.325693  0.606455  0.655046  0.559728 0.0  0.559113  0.723504  0.588908  0.542141  0.600074  0.506928  0.463759  0.903417 
22  0.675514  0.548794  0.521897  0.000000  0.512954  0.528126  0.283223  0.615383  0.326413  0.492587  0.469870  0.502532  0.683526  0.504801  0.838911  0.634466  0.688511  0.529439  0.506097  0.749674  0.330019  0.559113 0.0  0.649117  0.647816  0.451896  0.780392  0.627941  0.434411  0.705070 
23  0.672335  0.804376  0.643581  0.598324  0.669041  0.575549  0.686393  0.773849  0.762739  0.574659  0.789096  0.778156  0.647981  0.687475  0.805125  0.737855  0.767516  0.617097  0.320595  0.760886  0.557287  0.723504  0.649117 0.0  0.697674  0.602261  0.754689  0.801596  0.556319  0.670825 
24  0.634405  0.787913  0.567391  0.617307  0.732875  0.691125  0.723948  0.298542  0.648044  0.813483  0.537420  0.486231  0.471134  0.445804  0.838007  0.583792  0.710126  0.528279  0.804323  0.562393  0.696737  0.588908  0.647816  0.697674 0.0  0.495908  0.000000  0.762060  0.676128  0.968527 
25  0.569744  0.534246  0.254333  0.495256  0.480870  0.429884  0.258846  0.477803  0.445829  0.608616  0.581954  0.540337  0.469847  0.445978  0.780949  0.538123  0.598076  0.520717  0.559236  0.708492  0.543127  0.542141  0.451896  0.602261  0.495908 0.0  0.606328  0.575076  0.382202  0.879956 
26  0.687256  0.656581  0.582390  0.621296  0.567004  0.650458  0.674576  0.257301  0.663315  0.735777  0.542800  0.517000  0.562649  0.500058  0.950177  0.516771  0.717776  0.582324  0.754993  0.521172  0.656115  0.600074  0.780392  0.754689  0.000000  0.606328 0.0  0.731648  0.656145  0.916311 
27  0.309053  0.384609  0.575455  0.683426  0.386413  0.796245  0.623483  0.691451  0.460205  0.724662  0.320527  0.374026  0.730065  0.718925  0.838759  0.355527  0.016063  0.487816  0.757086  0.787279  0.731460  0.506928  0.627941  0.801596  0.762060  0.575076  0.731648 0.0  0.660797  0.947122 
28  0.706774  0.711907  0.501763  0.410351  0.648467  0.403027  0.530807  0.624874  0.633630  0.612632  0.689397  0.676959  0.476192  0.497430  0.775772  0.721644  0.549965  0.552064  0.625942  0.686842  0.379304  0.463759  0.434411  0.556319  0.676128  0.382202  0.656145  0.660797 0.0  0.826939 
29  0.933468  0.941914  0.835519  0.753515  0.799579  0.774615  0.973051  0.908403  0.771784  0.851329  0.940488  0.925452  0.861159  1.000000  0.342315  0.884667  0.863240  0.852886  0.705909  0.913199  0.836333  0.903417  0.705070  0.670825  0.968527  0.879956  0.916311  0.947122  0.826939 0.0 
