30
0 0.0  0.497745  0.630103  0.603604  0.405832  0.640672  0.539062  0.724801  0.480782  0.726511  0.498467  0.379601  0.543996  0.728797  0.625993  0.508323  0.385842  0.466804  0.575099  0.472709  0.398366  0.400742  0.618445  0.413134  0.568821  0.554573  0.601405  0.744916  0.919100  0.251064 
1  0.497745 0.0  0.691985  0.687576  0.647549  0.770593  0.392481  0.929188  0.256042  0.830759  0.328530  0.215529  0.608016  0.866163  0.458809  0.488025  0.379047  0.599720  0.776958  0.549905  0.532759  0.407452  0.556863  0.306768  0.195301  0.016726  0.784101  0.841034  0.966158  0.280044 
2  0.630103  0.691985 0.0  0.436814  0.571528  0.825506  0.641195  0.675715  0.635593  0.547528  0.750641  0.705597  0.746620  0.738656  0.695569  0.752817  0.655362  0.446011  0.408207  0.672249  0.579379  0.604240  0.260260  0.773520  0.647841  0.568644  0.491657  0.636602  0.812417  0.614923 
3  0.603604  0.687576  0.436814 0.0  0.544858  0.592211  0.751980  0.475496  0.609394  0.508500  0.801960  0.682173  0.720490  0.713545  0.729408  0.611042  0.774788  0.503315  0.581180  0.605031  0.736535  0.725672  0.456085  0.703771  0.768459  0.654793  0.543784  0.537276  0.887277  0.715520 
4  0.405832  0.647549  0.571528  0.544858 0.0  0.609179  0.667119  0.637799  0.492666  0.816800  0.626383  0.538587  0.431970  0.501201  0.481707  0.394201  0.578581  0.213847  0.621902  0.675525  0.648171  0.561335  0.654040  0.644475  0.588335  0.509170  0.693117  0.724399  0.793169  0.453871 
5  0.640672  0.770593  0.825506  0.592211  0.609179 0.0  0.621729  0.927663  0.702730  0.779197  0.651306  0.769847  0.460708  0.000000  0.615401  0.515094  0.561214  0.564446  0.788235  0.820067  0.758680  0.607734  0.733507  0.580465  0.637250  0.612826  0.737757  0.913059  0.852046  0.649901 
6  0.539062  0.392481  0.641195  0.751980  0.667119  0.621729 0.0  0.812372  0.376277  0.803037  0.457113  0.533660  0.440212  0.672772  0.061566  0.364850  0.290861  0.654552  0.692065  0.634360  0.528590  0.456087  0.474462  0.166882  0.462515  0.273839  0.746327  0.799766  0.876879  0.362780 
7  0.724801  0.929188  0.675715  0.475496  0.637799  0.927663  0.812372 0.0  0.808654  0.423537  0.745676  0.830305  0.820375  0.820821  0.834015  0.811921  0.850391  0.680229  0.643116  0.680956  0.766249  0.718397  0.578839  0.760395  0.815564  0.782333  0.487279  0.190128  0.788880  0.792908 
8  0.480782  0.256042  0.635593  0.609394  0.492666  0.702730  0.376277  0.808654 0.0  0.674106  0.319319  0.075472  0.496491  0.701338  0.398006  0.521483  0.434417  0.524832  0.765197  0.532719  0.420221  0.509152  0.571764  0.403597  0.503990  0.311155  0.762350  0.840681  0.894948  0.236272 
9  0.726511  0.830759  0.547528  0.508500  0.816800  0.779197  0.803037  0.423537  0.674106 0.0  0.710238  0.793018  0.842414  0.703150  0.879685  0.827629  0.667794  0.635967  0.158078  0.643403  0.664026  0.826005  0.646140  0.765363  0.801770  0.756369  0.425912  0.501330  0.851177  0.761043 
10  0.498467  0.328530  0.750641  0.801960  0.626383  0.651306  0.457113  0.745676  0.319319  0.710238 0.0  0.555853  0.680839  0.678763  0.479579  0.755506  0.590343  0.684752  0.787920  0.606734  0.544117  0.543264  0.675291  0.528529  0.328310  0.396733  0.729974  0.796978  0.893450  0.613305 
11  0.379601  0.215529  0.705597  0.682173  0.538587  0.769847  0.533660  0.830305  0.075472  0.793018  0.555853 0.0  0.526308  0.650193  0.439415  0.442496  0.383433  0.578356  0.691178  0.604542  0.362704  0.075917  0.569786  0.428853  0.370683  0.296729  0.716205  0.677220  1.000000  0.215929 
12  0.543996  0.608016  0.746620  0.720490  0.431970  0.460708  0.440212  0.820375  0.496491  0.842414  0.680839  0.526308 0.0  0.489578  0.572053  0.360794  0.509800  0.470711  0.677576  0.633544  0.674297  0.504701  0.707470  0.549906  0.628056  0.559576  0.772932  0.733428  0.943407  0.459804 
13  0.728797  0.866163  0.738656  0.713545  0.501201  0.000000  0.672772  0.820821  0.701338  0.703150  0.678763  0.650193  0.489578 0.0  0.589982  0.504004  0.524534  0.506021  0.730823  0.765416  0.699061  0.599082  0.648002  0.668483  0.734124  0.717578  0.728887  0.795590  0.954972  0.687679 
14  0.625993  0.458809  0.695569  0.729408  0.481707  0.615401  0.061566  0.834015  0.398006  0.879685  0.479579  0.439415  0.572053  0.589982 0.0  0.388168  0.183273  0.476086  0.815241  0.611934  0.555963  0.328593  0.739262  0.000000  0.455584  0.354737  0.659496  0.761724  0.813950  0.429861 
15  0.508323  0.488025  0.752817  0.611042  0.394201  0.515094  0.364850  0.811921  0.521483  0.827629  0.755506  0.442496  0.360794  0.504004  0.388168 0.0  0.213102  0.468705  0.661038  0.543700  0.576701  0.433763  0.617636  0.463110  0.489607  0.410676  0.765802  0.772795  0.989515  0.438764 
16  0.385842  0.379047  0.655362  0.774788  0.578581  0.561214  0.290861  0.850391  0.434417  0.667794  0.590343  0.383433  0.509800  0.524534  0.183273  0.213102 0.0  0.625162  0.701723  0.659931  0.587737  0.506059  0.738254  0.078581  0.433234  0.397418  0.667220  0.849320  0.780079  0.418338 
17  0.466804  0.599720  0.446011  0.503315  0.213847  0.564446  0.654552  0.680229  0.524832  0.635967  0.684752  0.578356  0.470711  0.506021  0.476086  0.468705  0.625162 0.0  0.740177  0.687300  0.610638  0.549200  0.440235  0.630664  0.718776  0.636197  0.699866  0.620010  0.865946  0.483228 
18  0.575099  0.776958  0.408207  0.581180  0.621902  0.788235  0.692065  0.643116  0.765197  0.158078  0.787920  0.691178  0.677576  0.730823  0.815241  0.661038  0.701723  0.740177 0.0  0.660273  0.665241  0.667859  0.525373  0.694245  0.778131  0.797147  0.441624  0.563738  0.715154  0.718558 
19  0.472709  0.549905  0.672249  0.605031  0.675525  0.820067  0.634360  0.680956  0.532719  0.643403  0.606734  0.604542  0.633544  0.765416  0.611934  0.543700  0.659931  0.687300  0.660273 0.0  0.393464  0.608295  0.526493  0.607407  0.629851  0.562047  0.582304  0.791153  0.881643  0.512787 
20  0.398366  0.532759  0.579379  0.736535  0.648171  0.758680  0.528590  0.766249  0.420221  0.664026  0.544117  0.362704  0.674297  0.699061  0.555963  0.576701  0.587737  0.610638  0.665241  0.393464 0.0  0.434311  0.685758  0.553720  0.566644  0.496829  0.837442  0.729569  0.883075  0.377223 
21  0.400742  0.407452  0.604240  0.725672  0.561335  0.607734  0.456087  0.718397  0.509152  0.826005  0.543264  0.075917  0.504701  0.599082  0.328593  0.433763  0.506059  0.549200  0.667859  0.608295  0.434311 0.0  0.577072  0.288078  0.453505  0.337414  0.747157  0.685963  0.921888  0.000000 
22  0.618445  0.556863  0.260260  0.456085  0.654040  0.733507  0.474462  0.578839  0.571764  0.646140  0.675291  0.569786  0.707470  0.648002  0.739262  0.617636  0.738254  0.440235  0.525373  0.526493  0.685758  0.577072 0.0  0.669948  0.685706  0.686181  0.608498  0.638684  0.808139  0.599312 
23  0.413134  0.306768  0.773520  0.703771  0.644475  0.580465  0.166882  0.760395  0.403597  0.765363  0.528529  0.428853  0.549906  0.668483  0.000000  0.463110  0.078581  0.630664  0.694245  0.607407  0.553720  0.288078  0.669948 0.0  0.340340  0.271661  0.892304  0.859797  0.871166  0.358371 
24  0.568821  0.195301  0.647841  0.768459  0.588335  0.637250  0.462515  0.815564  0.503990  0.801770  0.328310  0.370683  0.628056  0.734124  0.455584  0.489607  0.433234  0.718776  0.778131  0.629851  0.566644  0.453505  0.685706  0.340340 0.0  0.316983  0.847802  0.902083  0.866812  0.454540 
25  0.554573  0.016726  0.568644  0.654793  0.509170  0.612826  0.273839  0.782333  0.311155  0.756369  0.396733  0.296729  0.559576  0.717578  0.354737  0.410676  0.397418  0.636197  0.797147  0.562047  0.496829  0.337414  0.686181  0.271661  0.316983 0.0  0.766129  0.795072  0.873952  0.500126 
26  0.601405  0.784101  0.491657  0.543784  0.693117  0.737757  0.746327  0.487279  0.762350  0.425912  0.729974  0.716205  0.772932  0.728887  0.659496  0.765802  0.667220  0.699866  0.441624  0.582304  0.837442  0.747157  0.608498  0.892304  0.847802  0.766129 0.0  0.379110  0.763831  0.717349 
27  0.744916  0.841034  0.636602  0.537276  0.724399  0.913059  0.799766  0.190128  0.840681  0.501330  0.796978  0.677220  0.733428  0.795590  0.761724  0.772795  0.849320  0.620010  0.563738  0.791153  0.729569  0.685963  0.638684  0.859797  0.902083  0.795072  0.379110 0.0  0.767235  0.961183 
28  0.919100  0.966158  0.812417  0.887277  0.793169  0.852046  0.876879  0.788880  0.894948  0.851177  0.893450  1.000000  0.943407  0.954972  0.813950  0.989515  0.780079  0.865946  0.715154  0.881643  0.883075  0.921888  0.808139  0.871166  0.866812  0.873952  0.763831  0.767235 0.0  0.848515 
29  0.251064  0.280044  0.614923  0.715520  0.453871  0.649901  0.362780  0.792908  0.236272  0.761043  0.613305  0.215929  0.459804  0.687679  0.429861  0.438764  0.418338  0.483228  0.718558  0.512787  0.377223  0.000000  0.599312  0.358371  0.454540  0.500126  0.717349  0.961183  0.848515 0.0 
