30
0 0.0  0.811133  0.643649  0.583162  0.270818  0.663619  0.635692  0.443890  0.496719  0.440416  0.641752  0.589111  0.506320  0.559742  0.544126  0.655353  0.279331  0.304109  0.640750  0.368405  0.535478  0.446763  0.535251  0.822327  0.718742  0.699721  0.751476  0.521879  0.703403  0.702655 
1  0.811133 0.0  0.747628  0.841293  0.760357  0.824356  0.872996  1.000000  0.841923  0.831507  0.773176  0.741170  0.881303  0.857639  0.779793  0.632517  0.777637  0.925642  0.802521  0.809639  0.904049  0.846055  0.810140  0.408485  0.610163  0.680197  0.678008  0.845241  0.651270  0.639357 
2  0.643649  0.747628 0.0  0.747888  0.619411  0.828067  0.619795  0.618097  0.699274  0.699117  0.773681  0.687787  0.793027  0.790852  0.705238  0.590150  0.690561  0.663331  0.674900  0.599558  0.362355  0.496454  0.737161  0.797422  0.640992  0.683561  0.685501  0.797839  0.832945  0.759695 
3  0.583162  0.841293  0.747888 0.0  0.479401  0.433685  0.691087  0.346085  0.432617  0.445012  0.145063  0.393240  0.206284  0.103896  0.149647  0.649226  0.272414  0.531305  0.685329  0.581417  0.765465  0.632569  0.000000  0.881020  0.651722  0.817977  0.662047  0.485236  0.698811  0.733731 
4  0.270818  0.760357  0.619411  0.479401 0.0  0.533327  0.637275  0.404201  0.428204  0.391063  0.527677  0.466513  0.486966  0.504408  0.413764  0.575681  0.356290  0.203564  0.614237  0.285423  0.589555  0.536864  0.493730  0.793080  0.608023  0.618946  0.706995  0.550987  0.725421  0.661631 
5  0.663619  0.824356  0.828067  0.433685  0.533327 0.0  0.659531  0.594557  0.511122  0.634855  0.419567  0.437813  0.477210  0.474729  0.412424  0.658460  0.635568  0.614478  0.626280  0.671922  0.697839  0.613986  0.358786  0.832769  0.679502  0.757761  0.666566  0.636647  0.770283  0.655258 
6  0.635692  0.872996  0.619795  0.691087  0.637275  0.659531 0.0  0.686736  0.575222  0.443639  0.624349  0.686960  0.612793  0.639694  0.651193  0.270150  0.642883  0.606006  0.112574  0.579481  0.576510  0.689405  0.680065  0.713269  0.367321  0.261417  0.313828  0.442482  0.518695  0.606238 
7  0.443890  1.000000  0.618097  0.346085  0.404201  0.594557  0.686736 0.0  0.343164  0.451204  0.480739  0.040341  0.435663  0.381800  0.257703  0.706105  0.262974  0.488786  0.607566  0.539430  0.735703  0.607038  0.399647  0.768016  0.634141  0.663536  0.694567  0.682716  0.768079  0.758454 
8  0.496719  0.841923  0.699274  0.432617  0.428204  0.511122  0.575222  0.343164 0.0  0.269142  0.516602  0.307627  0.233244  0.169660  0.446649  0.673391  0.316993  0.425451  0.637101  0.470976  0.649455  0.613980  0.459647  0.964913  0.736969  0.672434  0.677510  0.481444  0.696482  0.766175 
9  0.440416  0.831507  0.699117  0.445012  0.391063  0.634855  0.443639  0.451204  0.269142 0.0  0.500716  0.427231  0.281618  0.409857  0.556593  0.630860  0.359923  0.350425  0.561813  0.462698  0.678288  0.592013  0.429727  0.888266  0.593557  0.614076  0.601547  0.389288  0.636988  0.670018 
10  0.641752  0.773176  0.773681  0.145063  0.527677  0.419567  0.624349  0.480739  0.516602  0.500716 0.0  0.429838  0.345873  0.334839  0.386717  0.872507  0.483016  0.604040  0.737247  0.577177  0.688770  0.677964  0.000000  0.724563  0.667091  0.718662  0.694221  0.628828  0.776930  0.771245 
11  0.589111  0.741170  0.687787  0.393240  0.466513  0.437813  0.686960  0.040341  0.307627  0.427231  0.429838 0.0  0.487721  0.350034  0.284819  0.673084  0.246822  0.541724  0.658965  0.418034  0.637556  0.529907  0.444619  0.808936  0.736093  0.611603  0.702598  0.506762  0.778803  0.808862 
12  0.506320  0.881303  0.793027  0.206284  0.486966  0.477210  0.612793  0.435663  0.233244  0.281618  0.345873  0.487721 0.0  0.049896  0.231897  0.563739  0.209619  0.510786  0.581233  0.572934  0.581745  0.591122  0.193617  0.722656  0.702985  0.695456  0.710425  0.518683  0.746433  0.679455 
13  0.559742  0.857639  0.790852  0.103896  0.504408  0.474729  0.639694  0.381800  0.169660  0.409857  0.334839  0.350034  0.049896 0.0  0.211225  0.604135  0.449220  0.473977  0.688310  0.637958  0.593797  0.678957  0.369685  0.789910  0.635769  0.575297  0.582097  0.692446  0.753016  0.755355 
14  0.544126  0.779793  0.705238  0.149647  0.413764  0.412424  0.651193  0.257703  0.446649  0.556593  0.386717  0.284819  0.231897  0.211225 0.0  0.690090  0.409625  0.558065  0.715665  0.584005  0.758656  0.544775  0.272697  0.874746  0.604780  0.657077  0.688465  0.584297  0.737378  0.685263 
15  0.655353  0.632517  0.590150  0.649226  0.575681  0.658460  0.270150  0.706105  0.673391  0.630860  0.872507  0.673084  0.563739  0.604135  0.690090 0.0  0.446696  0.564732  0.150556  0.624403  0.555779  0.688943  0.682268  0.776446  0.366416  0.003534  0.473985  0.430521  0.500473  0.465060 
16  0.279331  0.777637  0.690561  0.272414  0.356290  0.635568  0.642883  0.262974  0.316993  0.359923  0.483016  0.246822  0.209619  0.449220  0.409625  0.446696 0.0  0.392397  0.603760  0.473628  0.574508  0.579312  0.470025  0.719189  0.638775  0.763573  0.654634  0.524297  0.742656  0.719340 
17  0.304109  0.925642  0.663331  0.531305  0.203564  0.614478  0.606006  0.488786  0.425451  0.350425  0.604040  0.541724  0.510786  0.473977  0.558065  0.564732  0.392397 0.0  0.607720  0.475438  0.488043  0.517944  0.552210  0.841272  0.686543  0.527272  0.627654  0.323913  0.605460  0.635768 
18  0.640750  0.802521  0.674900  0.685329  0.614237  0.626280  0.112574  0.607566  0.637101  0.561813  0.737247  0.658965  0.581233  0.688310  0.715665  0.150556  0.603760  0.607720 0.0  0.628657  0.615860  0.661191  0.724686  0.720375  0.408449  0.187650  0.446577  0.439503  0.485089  0.509328 
19  0.368405  0.809639  0.599558  0.581417  0.285423  0.671922  0.579481  0.539430  0.470976  0.462698  0.577177  0.418034  0.572934  0.637958  0.584005  0.624403  0.473628  0.475438  0.628657 0.0  0.589880  0.225916  0.519808  0.854702  0.762811  0.529741  0.775656  0.605719  0.671364  0.624217 
20  0.535478  0.904049  0.362355  0.765465  0.589555  0.697839  0.576510  0.735703  0.649455  0.678288  0.688770  0.637556  0.581745  0.593797  0.758656  0.555779  0.574508  0.488043  0.615860  0.589880 0.0  0.333982  0.692431  0.836182  0.653263  0.551756  0.604386  0.681066  0.663619  0.604728 
21  0.446763  0.846055  0.496454  0.632569  0.536864  0.613986  0.689405  0.607038  0.613980  0.592013  0.677964  0.529907  0.591122  0.678957  0.544775  0.688943  0.579312  0.517944  0.661191  0.225916  0.333982 0.0  0.697791  0.869007  0.714043  0.721231  0.699486  0.645578  0.720876  0.689019 
22  0.535251  0.810140  0.737161  0.000000  0.493730  0.358786  0.680065  0.399647  0.459647  0.429727  0.000000  0.444619  0.193617  0.369685  0.272697  0.682268  0.470025  0.552210  0.724686  0.519808  0.692431  0.697791 0.0  0.826575  0.736997  0.634245  0.720106  0.541194  0.738803  0.691233 
23  0.822327  0.408485  0.797422  0.881020  0.793080  0.832769  0.713269  0.768016  0.964913  0.888266  0.724563  0.808936  0.722656  0.789910  0.874746  0.776446  0.719189  0.841272  0.720375  0.854702  0.836182  0.869007  0.826575 0.0  0.740512  0.813419  0.652595  0.768618  0.639970  0.742581 
24  0.718742  0.610163  0.640992  0.651722  0.608023  0.679502  0.367321  0.634141  0.736969  0.593557  0.667091  0.736093  0.702985  0.635769  0.604780  0.366416  0.638775  0.686543  0.408449  0.762811  0.653263  0.714043  0.736997  0.740512 0.0  0.379931  0.446005  0.450237  0.413371  0.454454 
25  0.699721  0.680197  0.683561  0.817977  0.618946  0.757761  0.261417  0.663536  0.672434  0.614076  0.718662  0.611603  0.695456  0.575297  0.657077  0.003534  0.763573  0.527272  0.187650  0.529741  0.551756  0.721231  0.634245  0.813419  0.379931 0.0  0.413637  0.496172  0.539883  0.359630 
26  0.751476  0.678008  0.685501  0.662047  0.706995  0.666566  0.313828  0.694567  0.677510  0.601547  0.694221  0.702598  0.710425  0.582097  0.688465  0.473985  0.654634  0.627654  0.446577  0.775656  0.604386  0.699486  0.720106  0.652595  0.446005  0.413637 0.0  0.662929  0.293941  0.381361 
27  0.521879  0.845241  0.797839  0.485236  0.550987  0.636647  0.442482  0.682716  0.481444  0.389288  0.628828  0.506762  0.518683  0.692446  0.584297  0.430521  0.524297  0.323913  0.439503  0.605719  0.681066  0.645578  0.541194  0.768618  0.450237  0.496172  0.662929 0.0  0.663096  0.587461 
28  0.703403  0.651270  0.832945  0.698811  0.725421  0.770283  0.518695  0.768079  0.696482  0.636988  0.776930  0.778803  0.746433  0.753016  0.737378  0.500473  0.742656  0.605460  0.485089  0.671364  0.663619  0.720876  0.738803  0.639970  0.413371  0.539883  0.293941  0.663096 0.0  0.244647 
29  0.702655  0.639357  0.759695  0.733731  0.661631  0.655258  0.606238  0.758454  0.766175  0.670018  0.771245  0.808862  0.679455  0.755355  0.685263  0.465060  0.719340  0.635768  0.509328  0.624217  0.604728  0.689019  0.691233  0.742581  0.454454  0.359630  0.381361  0.587461  0.244647 0.0 
