30
0 0.0  0.493196  0.056195  0.795842  0.512363  0.718758  0.815937  0.560873  0.550868  0.000000  0.723475  0.337939  0.459457  0.664215  0.671674  0.705314  0.531968  0.590420  0.470498  0.395893  0.415737  0.653710  0.643702  0.608558  0.754287  0.367140  0.654366  0.790779  0.655230  0.916986 
1  0.493196 0.0  0.565731  0.887027  0.358533  0.714434  0.872614  0.630243  0.667264  0.411758  0.733510  0.106419  0.471827  0.715458  0.866917  0.758552  0.733954  0.731840  0.579807  0.567545  0.248787  0.191313  0.652614  0.638973  0.852287  0.181101  0.529738  0.891873  0.738463  0.862301 
2  0.056195  0.565731 0.0  0.817322  0.545317  0.797582  0.818943  0.600024  0.564386  0.164718  0.643725  0.524157  0.411399  0.581423  0.769400  0.758806  0.555435  0.571703  0.394151  0.622167  0.481202  0.658844  0.619629  0.537631  0.829944  0.427850  0.612978  0.759695  0.698277  0.801662 
3  0.795842  0.887027  0.817322 0.0  0.873014  0.706608  0.867922  0.695092  0.881066  0.843666  0.706013  0.855722  0.883517  0.830757  0.606546  0.570718  0.719966  0.785853  0.825773  0.883934  0.878607  0.989418  0.836450  0.914755  0.532319  0.922576  0.960636  0.804505  0.594799  0.372500 
4  0.512363  0.358533  0.545317  0.873014 0.0  0.833465  0.757634  0.803613  0.543128  0.413790  0.715049  0.536931  0.586390  0.644029  0.853772  0.860595  0.688613  0.570548  0.727799  0.370373  0.427647  0.582640  0.609114  0.588270  0.942810  0.406591  0.644016  0.718519  0.831521  0.887277 
5  0.718758  0.714434  0.797582  0.706608  0.833465 0.0  0.822801  0.562645  0.817087  0.760599  0.661435  0.811930  0.700166  0.677489  0.532630  0.672363  0.618154  0.581936  0.753175  0.803450  0.829571  0.832602  0.742526  0.703499  0.472652  0.754386  0.781037  0.811729  0.598688  0.663578 
6  0.815937  0.872614  0.818943  0.867922  0.757634  0.822801 0.0  0.711093  0.696161  0.773111  0.696108  0.910425  0.729737  0.779688  0.890715  0.773102  0.900689  0.731548  0.811291  0.699559  0.800991  0.961733  0.566162  0.754036  0.804784  1.000000  0.921327  0.538856  0.842451  0.867867 
7  0.560873  0.630243  0.600024  0.695092  0.803613  0.562645  0.711093 0.0  0.686768  0.566664  0.455346  0.614376  0.626845  0.625611  0.646256  0.652457  0.513087  0.600639  0.665235  0.685745  0.752373  0.697775  0.484775  0.597353  0.627475  0.557301  0.736611  0.694185  0.432644  0.603390 
8  0.550868  0.667264  0.564386  0.881066  0.543128  0.817087  0.696161  0.686768 0.0  0.641756  0.649809  0.721277  0.210786  0.177004  0.828974  0.790959  0.648473  0.447285  0.559467  0.484741  0.651933  0.607182  0.596864  0.431901  0.650919  0.404598  0.799528  0.704512  0.766730  0.881345 
9  0.000000  0.411758  0.164718  0.843666  0.413790  0.760599  0.773111  0.566664  0.641756 0.0  0.792002  0.362922  0.446093  0.597148  0.752069  0.753183  0.582155  0.522328  0.445282  0.406247  0.372018  0.559080  0.606195  0.520266  0.823248  0.329924  0.737175  0.797724  0.754775  0.816437 
10  0.723475  0.733510  0.643725  0.706013  0.715049  0.661435  0.696108  0.455346  0.649809  0.792002 0.0  0.949051  0.746450  0.631570  0.661010  0.437468  0.688075  0.528395  0.649803  0.719678  0.725282  0.668798  0.463126  0.586454  0.581676  0.705129  0.951449  0.529838  0.547877  0.667739 
11  0.337939  0.106419  0.524157  0.855722  0.536931  0.811930  0.910425  0.614376  0.721277  0.362922  0.949051 0.0  0.493743  0.693779  0.825865  0.846103  0.597268  0.639714  0.612768  0.655953  0.187984  0.260639  0.725307  0.604891  0.834538  0.021668  0.505583  0.779127  0.812905  0.800180 
12  0.459457  0.471827  0.411399  0.883517  0.586390  0.700166  0.729737  0.626845  0.210786  0.446093  0.746450  0.493743 0.0  0.424810  0.827949  0.743981  0.692838  0.576003  0.620718  0.227949  0.567648  0.644972  0.522460  0.355268  0.787086  0.577070  0.713724  0.651328  0.734415  0.855144 
13  0.664215  0.715458  0.581423  0.830757  0.644029  0.677489  0.779688  0.625611  0.177004  0.597148  0.631570  0.693779  0.424810 0.0  0.807247  0.726767  0.717487  0.491842  0.534381  0.415718  0.701256  0.660916  0.518962  0.339147  0.931566  0.604796  0.805435  0.570602  0.744493  0.683805 
14  0.671674  0.866917  0.769400  0.606546  0.853772  0.532630  0.890715  0.646256  0.828974  0.752069  0.661010  0.825865  0.827949  0.807247 0.0  0.580210  0.650835  0.619911  0.679122  0.863392  0.841082  0.811196  0.727148  0.806154  0.301817  0.827344  0.912426  0.800224  0.440525  0.443790 
15  0.705314  0.758552  0.758806  0.570718  0.860595  0.672363  0.773102  0.652457  0.790959  0.753183  0.437468  0.846103  0.743981  0.726767  0.580210 0.0  0.756753  0.635812  0.816202  0.759344  0.804093  0.837019  0.608380  0.659219  0.629701  0.810067  0.906220  0.678559  0.385955  0.409149 
16  0.531968  0.733954  0.555435  0.719966  0.688613  0.618154  0.900689  0.513087  0.648473  0.582155  0.688075  0.597268  0.692838  0.717487  0.650835  0.756753 0.0  0.668404  0.391592  0.660143  0.707392  0.497221  0.665142  0.635251  0.711514  0.605872  0.805758  0.792796  0.664882  0.631625 
17  0.590420  0.731840  0.571703  0.785853  0.570548  0.581936  0.731548  0.600639  0.447285  0.522328  0.528395  0.639714  0.576003  0.491842  0.619911  0.635812  0.668404 0.0  0.566905  0.623606  0.632275  0.663363  0.189295  0.278546  0.613177  0.646926  0.770662  0.598149  0.568019  0.638115 
18  0.470498  0.579807  0.394151  0.825773  0.727799  0.753175  0.811291  0.665235  0.559467  0.445282  0.649803  0.612768  0.620718  0.534381  0.679122  0.816202  0.391592  0.566905 0.0  0.466379  0.681342  0.602004  0.579482  0.581039  0.767083  0.527911  0.681444  0.775461  0.717388  0.796940 
19  0.395893  0.567545  0.622167  0.883934  0.370373  0.803450  0.699559  0.685745  0.484741  0.406247  0.719678  0.655953  0.227949  0.415718  0.863392  0.759344  0.660143  0.623606  0.466379 0.0  0.465748  0.647434  0.612028  0.554893  0.871637  0.547047  0.702119  0.799345  0.792953  0.862427 
20  0.415737  0.248787  0.481202  0.878607  0.427647  0.829571  0.800991  0.752373  0.651933  0.372018  0.725282  0.187984  0.567648  0.701256  0.841082  0.804093  0.707392  0.632275  0.681342  0.465748 0.0  0.409182  0.705233  0.541454  0.787611  0.043885  0.543097  0.904919  0.730529  0.907339 
21  0.653710  0.191313  0.658844  0.989418  0.582640  0.832602  0.961733  0.697775  0.607182  0.559080  0.668798  0.260639  0.644972  0.660916  0.811196  0.837019  0.497221  0.663363  0.602004  0.647434  0.409182 0.0  0.685429  0.698508  0.868351  0.410615  0.366414  0.904052  0.772472  0.873602 
22  0.643702  0.652614  0.619629  0.836450  0.609114  0.742526  0.566162  0.484775  0.596864  0.606195  0.463126  0.725307  0.522460  0.518962  0.727148  0.608380  0.665142  0.189295  0.579482  0.612028  0.705233  0.685429 0.0  0.484867  0.750293  0.675851  0.759742  0.611777  0.779991  0.833914 
23  0.608558  0.638973  0.537631  0.914755  0.588270  0.703499  0.754036  0.597353  0.431901  0.520266  0.586454  0.604891  0.355268  0.339147  0.806154  0.659219  0.635251  0.278546  0.581039  0.554893  0.541454  0.698508  0.484867 0.0  0.781115  0.702027  0.752052  0.580496  0.697082  0.844865 
24  0.754287  0.852287  0.829944  0.532319  0.942810  0.472652  0.804784  0.627475  0.650919  0.823248  0.581676  0.834538  0.787086  0.931566  0.301817  0.629701  0.711514  0.613177  0.767083  0.871637  0.787611  0.868351  0.750293  0.781115 0.0  0.896244  0.906732  0.714959  0.522350  0.294384 
25  0.367140  0.181101  0.427850  0.922576  0.406591  0.754386  1.000000  0.557301  0.404598  0.329924  0.705129  0.021668  0.577070  0.604796  0.827344  0.810067  0.605872  0.646926  0.527911  0.547047  0.043885  0.410615  0.675851  0.702027  0.896244 0.0  0.703390  0.765494  0.660695  0.764961 
26  0.654366  0.529738  0.612978  0.960636  0.644016  0.781037  0.921327  0.736611  0.799528  0.737175  0.951449  0.505583  0.713724  0.805435  0.912426  0.906220  0.805758  0.770662  0.681444  0.702119  0.543097  0.366414  0.759742  0.752052  0.906732  0.703390 0.0  0.773646  0.835386  0.866703 
27  0.790779  0.891873  0.759695  0.804505  0.718519  0.811729  0.538856  0.694185  0.704512  0.797724  0.529838  0.779127  0.651328  0.570602  0.800224  0.678559  0.792796  0.598149  0.775461  0.799345  0.904919  0.904052  0.611777  0.580496  0.714959  0.765494  0.773646 0.0  0.783106  0.728697 
28  0.655230  0.738463  0.698277  0.594799  0.831521  0.598688  0.842451  0.432644  0.766730  0.754775  0.547877  0.812905  0.734415  0.744493  0.440525  0.385955  0.664882  0.568019  0.717388  0.792953  0.730529  0.772472  0.779991  0.697082  0.522350  0.660695  0.835386  0.783106 0.0  0.501277 
29  0.916986  0.862301  0.801662  0.372500  0.887277  0.663578  0.867867  0.603390  0.881345  0.816437  0.667739  0.800180  0.855144  0.683805  0.443790  0.409149  0.631625  0.638115  0.796940  0.862427  0.907339  0.873602  0.833914  0.844865  0.294384  0.764961  0.866703  0.728697  0.501277 0.0 
