30
0 0.0  0.763341  0.375787  0.470395  0.586808  0.483064  0.680574  0.579566  0.433678  0.573666  0.339507  0.499187  0.564108  0.703416  0.564412  0.675702  0.844068  0.600465  0.625733  0.409893  0.538511  0.392832  0.481213  0.489277  0.414397  0.535631  0.490840  0.389846  0.766899  0.718935 
1  0.763341 0.0  0.695302  0.694581  0.286311  0.565137  0.793416  0.888505  0.531939  0.295677  0.579737  0.576576  0.468625  0.268410  0.766735  0.500383  0.687169  0.729800  0.708719  0.651785  0.769940  0.706853  0.424730  0.792760  0.739684  0.702900  0.832881  0.658315  0.736950  0.711956 
2  0.375787  0.695302 0.0  0.208950  0.645408  0.643432  0.477642  0.360964  0.607294  0.779743  0.650571  0.257750  0.661431  0.763595  0.576659  0.864413  0.917897  0.409239  0.592266  0.000000  0.302346  0.356670  0.635016  0.480142  0.293972  0.278200  0.315285  0.056547  0.684568  0.468204 
3  0.470395  0.694581  0.208950 0.0  0.756156  0.586296  0.408700  0.197417  0.648621  0.817044  0.610308  0.006390  0.752911  0.804931  0.514725  0.883200  0.913493  0.477506  0.559427  0.010030  0.006859  0.539886  0.648500  0.555725  0.299465  0.293673  0.100491  0.238574  0.677312  0.427443 
4  0.586808  0.286311  0.645408  0.756156 0.0  0.511285  0.748861  0.814080  0.472796  0.499182  0.387808  0.795757  0.401583  0.527392  0.697493  0.683129  0.731636  0.580626  0.659082  0.737289  0.814856  0.635470  0.261673  0.574978  0.702991  0.775193  0.733664  0.625909  0.674120  0.835135 
5  0.483064  0.565137  0.643432  0.586296  0.511285 0.0  0.768328  0.590139  0.476945  0.643997  0.484514  0.601283  0.595061  0.774376  0.605345  0.660361  0.740862  0.629605  0.393902  0.615897  0.647007  0.610796  0.446437  0.457449  0.591748  0.562869  0.552243  0.533559  0.611424  0.707462 
6  0.680574  0.793416  0.477642  0.408700  0.748861  0.768328 0.0  0.386020  0.811230  0.905246  0.641318  0.463234  0.711940  0.873113  0.721150  0.769772  0.920517  0.669860  0.561239  0.516318  0.480031  0.564344  0.720014  0.673956  0.589154  0.621770  0.415749  0.527795  0.728320  0.288806 
7  0.579566  0.888505  0.360964  0.197417  0.814080  0.590139  0.386020 0.0  0.678407  0.985952  0.676128  0.285206  0.761459  0.801246  0.701569  0.852369  0.927964  0.528911  0.729506  0.344193  0.188082  0.560262  0.761272  0.595579  0.490246  0.363681  0.190685  0.468080  0.787706  0.300710 
8  0.433678  0.531939  0.607294  0.648621  0.472796  0.476945  0.811230  0.678407 0.0  0.661327  0.000000  0.570682  0.626237  0.620650  0.619924  0.676909  0.768135  0.703494  0.632621  0.723506  0.689849  0.408905  0.234081  0.655840  0.539961  0.671482  0.661042  0.609951  0.666579  0.667030 
9  0.573666  0.295677  0.779743  0.817044  0.499182  0.643997  0.905246  0.985952  0.661327 0.0  0.622412  0.754986  0.464469  0.246473  0.772144  0.366770  0.613715  0.721920  0.778041  0.748368  0.795172  0.657913  0.571017  0.741770  0.821113  0.692955  0.789073  0.831496  0.736530  0.869743 
10  0.339507  0.579737  0.650571  0.610308  0.387808  0.484514  0.641318  0.676128  0.000000  0.622412 0.0  0.593589  0.556673  0.600323  0.604532  0.709921  0.816768  0.605334  0.595830  0.537190  0.667267  0.455324  0.336507  0.529803  0.672028  0.637231  0.686443  0.531869  0.711627  0.652771 
11  0.499187  0.576576  0.257750  0.006390  0.795757  0.601283  0.463234  0.285206  0.570682  0.754986  0.593589 0.0  0.722646  0.751693  0.584765  0.786155  0.860417  0.459305  0.517225  0.000000  0.086239  0.504366  0.612848  0.412679  0.191427  0.229694  0.125326  0.307189  0.717455  0.366807 
12  0.564108  0.468625  0.661431  0.752911  0.401583  0.595061  0.711940  0.761459  0.626237  0.464469  0.556673  0.722646 0.0  0.580895  0.687084  0.537523  0.786434  0.733650  0.669025  0.655260  0.867827  0.586139  0.592387  0.660693  0.757961  0.684706  0.714037  0.684902  0.603710  0.652144 
13  0.703416  0.268410  0.763595  0.804931  0.527392  0.774376  0.873113  0.801246  0.620650  0.246473  0.600323  0.751693  0.580895 0.0  0.823239  0.468625  0.575817  0.711657  0.760086  0.732814  0.838915  0.653270  0.562384  0.834584  0.804241  0.714210  0.767353  0.727308  0.819177  0.782806 
14  0.564412  0.766735  0.576659  0.514725  0.697493  0.605345  0.721150  0.701569  0.619924  0.772144  0.604532  0.584765  0.687084  0.823239 0.0  0.800006  0.790928  0.652993  0.454744  0.621207  0.638850  0.716757  0.673930  0.376828  0.509451  0.634533  0.621588  0.557028  0.525036  0.712916 
15  0.675702  0.500383  0.864413  0.883200  0.683129  0.660361  0.769772  0.852369  0.676909  0.366770  0.709921  0.786155  0.537523  0.468625  0.800006 0.0  0.693284  0.670406  0.816911  0.837635  0.706361  0.847527  0.580179  0.844193  0.739756  0.848397  0.847234  0.856015  0.753487  0.830003 
16  0.844068  0.687169  0.917897  0.913493  0.731636  0.740862  0.920517  0.927964  0.768135  0.613715  0.816768  0.860417  0.786434  0.575817  0.790928  0.693284 0.0  0.908108  0.888662  0.976858  0.875166  0.877987  0.845876  1.000000  0.889447  0.855564  0.860560  0.935467  0.827904  0.912400 
17  0.600465  0.729800  0.409239  0.477506  0.580626  0.629605  0.669860  0.528911  0.703494  0.721920  0.605334  0.459305  0.733650  0.711657  0.652993  0.670406  0.908108 0.0  0.705693  0.485761  0.600663  0.251913  0.576101  0.611467  0.545605  0.609116  0.567855  0.515583  0.705605  0.540343 
18  0.625733  0.708719  0.592266  0.559427  0.659082  0.393902  0.561239  0.729506  0.632621  0.778041  0.595830  0.517225  0.669025  0.760086  0.454744  0.816911  0.888662  0.705693 0.0  0.523855  0.530946  0.713287  0.603755  0.047111  0.444624  0.447319  0.654611  0.398965  0.734952  0.662411 
19  0.409893  0.651785  0.000000  0.010030  0.737289  0.615897  0.516318  0.344193  0.723506  0.748368  0.537190  0.000000  0.655260  0.732814  0.621207  0.837635  0.976858  0.485761  0.523855 0.0  0.264299  0.347905  0.743726  0.377671  0.219946  0.387880  0.160724  0.193732  0.750849  0.544681 
20  0.538511  0.769940  0.302346  0.006859  0.814856  0.647007  0.480031  0.188082  0.689849  0.795172  0.667267  0.086239  0.867827  0.838915  0.638850  0.706361  0.875166  0.600663  0.530946  0.264299 0.0  0.429791  0.666820  0.605140  0.451130  0.392684  0.171595  0.400484  0.717825  0.219312 
21  0.392832  0.706853  0.356670  0.539886  0.635470  0.610796  0.564344  0.560262  0.408905  0.657913  0.455324  0.504366  0.586139  0.653270  0.716757  0.847527  0.877987  0.251913  0.713287  0.347905  0.429791 0.0  0.587739  0.541476  0.466768  0.553182  0.433757  0.325253  0.923330  0.529534 
22  0.481213  0.424730  0.635016  0.648500  0.261673  0.446437  0.720014  0.761272  0.234081  0.571017  0.336507  0.612848  0.592387  0.562384  0.673930  0.580179  0.845876  0.576101  0.603755  0.743726  0.666820  0.587739 0.0  0.721462  0.637583  0.678404  0.668998  0.700677  0.682721  0.686783 
23  0.489277  0.792760  0.480142  0.555725  0.574978  0.457449  0.673956  0.595579  0.655840  0.741770  0.529803  0.412679  0.660693  0.834584  0.376828  0.844193  1.000000  0.611467  0.047111  0.377671  0.605140  0.541476  0.721462 0.0  0.359001  0.513209  0.588326  0.494443  0.667091  0.513827 
24  0.414397  0.739684  0.293972  0.299465  0.702991  0.591748  0.589154  0.490246  0.539961  0.821113  0.672028  0.191427  0.757961  0.804241  0.509451  0.739756  0.889447  0.545605  0.444624  0.219946  0.451130  0.466768  0.637583  0.359001 0.0  0.150804  0.446956  0.287395  0.713553  0.533688 
25  0.535631  0.702900  0.278200  0.293673  0.775193  0.562869  0.621770  0.363681  0.671482  0.692955  0.637231  0.229694  0.684706  0.714210  0.634533  0.848397  0.855564  0.609116  0.447319  0.387880  0.392684  0.553182  0.678404  0.513209  0.150804 0.0  0.340542  0.291654  0.713824  0.441284 
26  0.490840  0.832881  0.315285  0.100491  0.733664  0.552243  0.415749  0.190685  0.661042  0.789073  0.686443  0.125326  0.714037  0.767353  0.621588  0.847234  0.860560  0.567855  0.654611  0.160724  0.171595  0.433757  0.668998  0.588326  0.446956  0.340542 0.0  0.429309  0.742926  0.480532 
27  0.389846  0.658315  0.056547  0.238574  0.625909  0.533559  0.527795  0.468080  0.609951  0.831496  0.531869  0.307189  0.684902  0.727308  0.557028  0.856015  0.935467  0.515583  0.398965  0.193732  0.400484  0.325253  0.700677  0.494443  0.287395  0.291654  0.429309 0.0  0.794583  0.549791 
28  0.766899  0.736950  0.684568  0.677312  0.674120  0.611424  0.728320  0.787706  0.666579  0.736530  0.711627  0.717455  0.603710  0.819177  0.525036  0.753487  0.827904  0.705605  0.734952  0.750849  0.717825  0.923330  0.682721  0.667091  0.713553  0.713824  0.742926  0.794583 0.0  0.867200 
29  0.718935  0.711956  0.468204  0.427443  0.835135  0.707462  0.288806  0.300710  0.667030  0.869743  0.652771  0.366807  0.652144  0.782806  0.712916  0.830003  0.912400  0.540343  0.662411  0.544681  0.219312  0.529534  0.686783  0.513827  0.533688  0.441284  0.480532  0.549791  0.867200 0.0 
