30
0 0.0  1.000000  0.751084  0.672300  0.315504  0.904960  0.876370  0.929372  0.867433  0.830417  0.839621  0.640116  0.804119  0.920514  0.597236  0.868317  0.733015  0.772760  0.910685  0.821106  0.615230  0.874730  0.733345  0.845943  0.775859  0.744719  0.864468  0.741910  0.799331  0.700055 
1  1.000000 0.0  0.682975  0.598172  0.849365  0.501757  0.510915  0.425138  0.533354  0.403977  0.516576  0.686996  0.282099  0.680026  0.769489  0.713979  0.770873  0.485115  0.488700  0.575305  0.628491  0.519225  0.648679  0.408102  0.720082  0.624720  0.487906  0.726077  0.533605  0.609464 
2  0.751084  0.682975 0.0  0.742781  0.629114  0.562524  0.654583  0.655355  0.779957  0.612977  0.439577  0.478480  0.697882  0.619188  0.468426  0.648385  0.474301  0.540429  0.604152  0.382238  0.571988  0.656180  0.585846  0.683076  0.446875  0.483923  0.443016  0.535035  0.551534  0.563021 
3  0.672300  0.598172  0.742781 0.0  0.788577  0.270148  0.429392  0.220139  0.631076  0.157834  0.394447  0.758771  0.233924  0.537418  0.665686  0.393110  0.626186  0.248597  0.337934  0.495721  0.769002  0.272662  0.380398  0.416514  0.666812  0.571717  0.315611  0.504668  0.498212  0.592852 
4  0.315504  0.849365  0.629114  0.788577 0.0  0.807800  0.815033  0.869071  0.846125  0.817063  0.826250  0.643464  0.896545  0.774553  0.566709  0.786291  0.594936  0.729844  0.797790  0.686413  0.489150  0.729780  0.982377  0.933582  0.693682  0.723304  0.769278  0.719790  0.787031  0.667349 
5  0.904960  0.501757  0.562524  0.270148  0.807800 0.0  0.205601  0.301992  0.681216  0.311919  0.416143  0.754235  0.473296  0.570215  0.727337  0.221227  0.730152  0.445643  0.198173  0.493698  0.674925  0.367938  0.381793  0.114626  0.698248  0.665877  0.266323  0.756430  0.516096  0.597233 
6  0.876370  0.510915  0.654583  0.429392  0.815033  0.205601 0.0  0.413052  0.752370  0.207735  0.511618  0.684542  0.360424  0.454285  0.672707  0.279830  0.749830  0.488221  0.000000  0.633461  0.771271  0.226903  0.466249  0.173646  0.727592  0.704583  0.426715  0.550391  0.661522  0.734743 
7  0.929372  0.425138  0.655355  0.220139  0.869071  0.301992  0.413052 0.0  0.746703  0.222504  0.520853  0.727923  0.142159  0.610248  0.660729  0.446159  0.687610  0.369884  0.379445  0.573791  0.687823  0.000434  0.421142  0.407309  0.616199  0.594867  0.436277  0.542264  0.517522  0.725727 
8  0.867433  0.533354  0.779957  0.631076  0.846125  0.681216  0.752370  0.746703 0.0  0.634114  0.672355  0.709390  0.540714  0.823756  0.761534  0.668866  0.593158  0.661484  0.678352  0.749907  0.749549  0.581990  0.709413  0.629017  0.724605  0.642273  0.671767  0.585941  0.693661  0.645448 
9  0.830417  0.403977  0.612977  0.157834  0.817063  0.311919  0.207735  0.222504  0.634114 0.0  0.541980  0.723150  0.353370  0.570419  0.715549  0.284656  0.661991  0.377996  0.260647  0.558419  0.654343  0.264129  0.379097  0.272214  0.684399  0.759185  0.364204  0.583059  0.435800  0.624335 
10  0.839621  0.516576  0.439577  0.394447  0.826250  0.416143  0.511618  0.520853  0.672355  0.541980 0.0  0.610415  0.640137  0.494058  0.633502  0.330189  0.606525  0.417516  0.450682  0.449826  0.662218  0.375258  0.018602  0.516088  0.652778  0.360738  0.194810  0.585820  0.544008  0.511636 
11  0.640116  0.686996  0.478480  0.758771  0.643464  0.754235  0.684542  0.727923  0.709390  0.723150  0.610415 0.0  0.742468  0.828139  0.224723  0.630730  0.254814  0.589268  0.631453  0.523225  0.299442  0.748239  0.561303  0.763310  0.000000  0.339199  0.638909  0.410160  0.512999  0.458695 
12  0.804119  0.282099  0.697882  0.233924  0.896545  0.473296  0.360424  0.142159  0.540714  0.353370  0.640137  0.742468 0.0  0.721308  0.726053  0.502900  0.648741  0.431491  0.446083  0.567787  0.801909  0.181742  0.657593  0.432770  0.706672  0.652850  0.482020  0.796081  0.595751  0.516105 
13  0.920514  0.680026  0.619188  0.537418  0.774553  0.570215  0.454285  0.610248  0.823756  0.570419  0.494058  0.828139  0.721308 0.0  0.847239  0.403663  0.670754  0.592277  0.403424  0.723577  0.745424  0.429125  0.557991  0.356345  0.774447  0.825279  0.660676  0.796729  0.678012  0.637384 
14  0.597236  0.769489  0.468426  0.665686  0.566709  0.727337  0.672707  0.660729  0.761534  0.715549  0.633502  0.224723  0.726053  0.847239 0.0  0.707935  0.549532  0.661394  0.658698  0.511320  0.221964  0.695955  0.658531  0.635768  0.332544  0.485770  0.635237  0.466945  0.621287  0.299177 
15  0.868317  0.713979  0.648385  0.393110  0.786291  0.221227  0.279830  0.446159  0.668866  0.284656  0.330189  0.630730  0.502900  0.403663  0.707935 0.0  0.711968  0.507593  0.260443  0.605232  0.710755  0.359507  0.322183  0.074864  0.748195  0.605273  0.445825  0.641898  0.599713  0.632130 
16  0.733015  0.770873  0.474301  0.626186  0.594936  0.730152  0.749830  0.687610  0.593158  0.661991  0.606525  0.254814  0.648741  0.670754  0.549532  0.711968 0.0  0.689470  0.685781  0.513671  0.256615  0.727118  0.699189  0.736697  0.288592  0.473625  0.611451  0.514033  0.587586  0.560691 
17  0.772760  0.485115  0.540429  0.248597  0.729844  0.445643  0.488221  0.369884  0.661484  0.377996  0.417516  0.589268  0.431491  0.592277  0.661394  0.507593  0.689470 0.0  0.359629  0.377928  0.651306  0.388321  0.440335  0.480896  0.558991  0.455524  0.333538  0.386091  0.397833  0.460904 
18  0.910685  0.488700  0.604152  0.337934  0.797790  0.198173  0.000000  0.379445  0.678352  0.260647  0.450682  0.631453  0.446083  0.403424  0.658698  0.260443  0.685781  0.359629 0.0  0.639611  0.710782  0.300674  0.392310  0.011232  0.693271  0.612421  0.476890  0.614223  0.542483  0.618833 
19  0.821106  0.575305  0.382238  0.495721  0.686413  0.493698  0.633461  0.573791  0.749907  0.558419  0.449826  0.523225  0.567787  0.723577  0.511320  0.605232  0.513671  0.377928  0.639611 0.0  0.481587  0.526682  0.408171  0.635355  0.449121  0.277048  0.258206  0.393006  0.464669  0.444641 
20  0.615230  0.628491  0.571988  0.769002  0.489150  0.674925  0.771271  0.687823  0.749549  0.654343  0.662218  0.299442  0.801909  0.745424  0.221964  0.710755  0.256615  0.651306  0.710782  0.481587 0.0  0.673476  0.557860  0.788485  0.393455  0.530391  0.660132  0.565284  0.567984  0.517122 
21  0.874730  0.519225  0.656180  0.272662  0.729780  0.367938  0.226903  0.000434  0.581990  0.264129  0.375258  0.748239  0.181742  0.429125  0.695955  0.359507  0.727118  0.388321  0.300674  0.526682  0.673476 0.0  0.387651  0.317430  0.732054  0.662600  0.383804  0.640750  0.589163  0.612201 
22  0.733345  0.648679  0.585846  0.380398  0.982377  0.381793  0.466249  0.421142  0.709413  0.379097  0.018602  0.561303  0.657593  0.557991  0.658531  0.322183  0.699189  0.440335  0.392310  0.408171  0.557860  0.387651 0.0  0.435389  0.641614  0.532624  0.163766  0.541705  0.548935  0.526302 
23  0.845943  0.408102  0.683076  0.416514  0.933582  0.114626  0.173646  0.407309  0.629017  0.272214  0.516088  0.763310  0.432770  0.356345  0.635768  0.074864  0.736697  0.480896  0.011232  0.635355  0.788485  0.317430  0.435389 0.0  0.573902  0.635363  0.532166  0.574321  0.608035  0.639632 
24  0.775859  0.720082  0.446875  0.666812  0.693682  0.698248  0.727592  0.616199  0.724605  0.684399  0.652778  0.000000  0.706672  0.774447  0.332544  0.748195  0.288592  0.558991  0.693271  0.449121  0.393455  0.732054  0.641614  0.573902 0.0  0.298531  0.636898  0.289203  0.582363  0.270174 
25  0.744719  0.624720  0.483923  0.571717  0.723304  0.665877  0.704583  0.594867  0.642273  0.759185  0.360738  0.339199  0.652850  0.825279  0.485770  0.605273  0.473625  0.455524  0.612421  0.277048  0.530391  0.662600  0.532624  0.635363  0.298531 0.0  0.479190  0.200885  0.361543  0.359568 
26  0.864468  0.487906  0.443016  0.315611  0.769278  0.266323  0.426715  0.436277  0.671767  0.364204  0.194810  0.638909  0.482020  0.660676  0.635237  0.445825  0.611451  0.333538  0.476890  0.258206  0.660132  0.383804  0.163766  0.532166  0.636898  0.479190 0.0  0.411652  0.411084  0.638231 
27  0.741910  0.726077  0.535035  0.504668  0.719790  0.756430  0.550391  0.542264  0.585941  0.583059  0.585820  0.410160  0.796081  0.796729  0.466945  0.641898  0.514033  0.386091  0.614223  0.393006  0.565284  0.640750  0.541705  0.574321  0.289203  0.200885  0.411652 0.0  0.336687  0.100593 
28  0.799331  0.533605  0.551534  0.498212  0.787031  0.516096  0.661522  0.517522  0.693661  0.435800  0.544008  0.512999  0.595751  0.678012  0.621287  0.599713  0.587586  0.397833  0.542483  0.464669  0.567984  0.589163  0.548935  0.608035  0.582363  0.361543  0.411084  0.336687 0.0  0.253665 
29  0.700055  0.609464  0.563021  0.592852  0.667349  0.597233  0.734743  0.725727  0.645448  0.624335  0.511636  0.458695  0.516105  0.637384  0.299177  0.632130  0.560691  0.460904  0.618833  0.444641  0.517122  0.612201  0.526302  0.639632  0.270174  0.359568  0.638231  0.100593  0.253665 0.0 
