30
0 0.0  0.635382  0.823414  0.003988  0.797425  0.659153  0.634369  0.741225  0.400097  0.762811  0.608706  0.763228  0.872054  0.819579  0.823898  0.327241  0.783328  0.513637  0.067015  0.483975  0.319052  0.285196  0.667887  0.182057  0.690297  0.440946  0.648894  0.582554  0.502502  0.881726 
1  0.635382 0.0  0.886827  0.764308  0.658358  0.318177  0.646073  0.393692  0.516056  0.618213  0.532324  0.692411  0.898533  0.656288  0.705854  0.480509  0.688404  0.291297  0.588418  0.295615  0.379855  0.462188  0.525759  0.383217  0.821350  0.496552  0.537511  0.624724  0.515584  0.769932 
2  0.823414  0.886827 0.0  0.693352  0.408960  0.599866  0.590816  0.748607  0.785712  0.566742  0.625338  0.523225  0.653172  0.590861  0.041855  0.774519  0.361743  0.785035  0.711919  0.761843  0.747043  0.786766  0.634071  0.763622  0.326660  0.522863  0.535875  0.594660  0.575332  0.586776 
3  0.003988  0.764308  0.693352 0.0  0.619565  0.646052  0.609268  0.682875  0.360582  0.815496  0.565177  0.773525  0.963151  0.737089  0.796098  0.143026  0.701977  0.445040  0.133603  0.473550  0.279619  0.084529  0.656516  0.113806  0.833573  0.431014  0.596680  0.474197  0.589514  0.898912 
4  0.797425  0.658358  0.408960  0.619565 0.0  0.603116  0.687303  0.763190  0.708939  0.463382  0.660311  0.486112  0.825758  0.374269  0.318671  0.761686  0.559249  0.710828  0.901852  0.743832  0.711064  0.714429  0.634586  0.744104  0.185060  0.714141  0.592292  0.692997  0.719827  0.390146 
5  0.659153  0.318177  0.599866  0.646052  0.603116 0.0  0.710862  0.584380  0.544409  0.452918  0.297295  0.488333  0.845756  0.749950  0.654615  0.575799  0.736106  0.538864  0.677346  0.535547  0.621461  0.627263  0.082242  0.551869  0.821034  0.507227  0.455119  0.456856  0.400025  0.662164 
6  0.634369  0.646073  0.590816  0.609268  0.687303  0.710862 0.0  0.719751  0.466026  0.729137  0.464043  0.628037  0.863580  0.738239  0.680407  0.570937  0.554275  0.547558  0.590493  0.555461  0.480658  0.547511  0.591118  0.510567  0.716482  0.420846  0.441453  0.390683  0.402136  0.777375 
7  0.741225  0.393692  0.748607  0.682875  0.763190  0.584380  0.719751 0.0  0.543913  0.572208  0.556931  0.734062  0.943293  0.731524  0.751498  0.592256  0.816823  0.589103  0.658547  0.527422  0.791669  0.644522  0.504078  0.641302  0.778552  0.629919  0.673146  0.733324  0.563601  0.857771 
8  0.400097  0.516056  0.785712  0.360582  0.708939  0.544409  0.466026  0.543913 0.0  0.655995  0.514344  0.697365  0.856282  0.734226  0.762787  0.362602  0.724206  0.250706  0.398031  0.157950  0.176483  0.241428  0.589556  0.370943  0.857410  0.093926  0.585305  0.385449  0.372110  0.675199 
9  0.762811  0.618213  0.566742  0.815496  0.463382  0.452918  0.729137  0.572208  0.655995 0.0  0.677444  0.286355  0.852996  0.586651  0.623605  0.704379  0.682261  0.717615  0.701676  0.624963  0.693286  0.793138  0.543621  0.733034  0.621088  0.771426  0.544551  0.704529  0.597008  0.530937 
10  0.608706  0.532324  0.625338  0.565177  0.660311  0.297295  0.464043  0.556931  0.514344  0.677444 0.0  0.452135  0.989173  0.700390  0.635892  0.535492  0.506897  0.581857  0.566195  0.497424  0.594981  0.590130  0.415336  0.450696  0.527542  0.397471  0.361232  0.305088  0.130084  0.739381 
11  0.763228  0.692411  0.523225  0.773525  0.486112  0.488333  0.628037  0.734062  0.697365  0.286355  0.452135 0.0  0.791738  0.595489  0.624848  0.765605  0.638212  0.693997  0.719897  0.720208  0.676236  0.797066  0.443706  0.691178  0.589202  0.592056  0.495964  0.531479  0.677504  0.594505 
12  0.872054  0.898533  0.653172  0.963151  0.825758  0.845756  0.863580  0.943293  0.856282  0.852996  0.989173  0.791738 0.0  0.667436  0.763943  0.929161  0.876310  0.880592  0.866244  1.000000  0.878981  0.933697  0.844498  0.833691  0.782108  0.901614  0.780070  0.863197  0.811138  0.721710 
13  0.819579  0.656288  0.590861  0.737089  0.374269  0.749950  0.738239  0.731524  0.734226  0.586651  0.700390  0.595489  0.667436 0.0  0.523184  0.880927  0.716329  0.787077  0.890723  0.731659  0.818323  0.802764  0.614218  0.827218  0.413761  0.755883  0.590475  0.682863  0.701356  0.332857 
14  0.823898  0.705854  0.041855  0.796098  0.318671  0.654615  0.680407  0.751498  0.762787  0.623605  0.635892  0.624848  0.763943  0.523184 0.0  0.715393  0.610898  0.788681  0.763268  0.836659  0.755154  0.704971  0.597298  0.702852  0.347849  0.714446  0.539288  0.613069  0.628087  0.541305 
15  0.327241  0.480509  0.774519  0.143026  0.761686  0.575799  0.570937  0.592256  0.362602  0.704379  0.535492  0.765605  0.929161  0.880927  0.715393 0.0  0.730880  0.298986  0.138294  0.274871  0.263605  0.224306  0.595614  0.110515  0.810976  0.417576  0.675576  0.472064  0.522176  0.740762 
16  0.783328  0.688404  0.361743  0.701977  0.559249  0.736106  0.554275  0.816823  0.724206  0.682261  0.506897  0.638212  0.876310  0.716329  0.610898  0.730880 0.0  0.569022  0.621943  0.659785  0.631522  0.782974  0.601428  0.680618  0.592576  0.693918  0.585053  0.509866  0.601540  0.617194 
17  0.513637  0.291297  0.785035  0.445040  0.710828  0.538864  0.547558  0.589103  0.250706  0.717615  0.581857  0.693997  0.880592  0.787077  0.788681  0.298986  0.569022 0.0  0.464349  0.142317  0.312170  0.347717  0.553054  0.368866  0.816488  0.259288  0.525682  0.514896  0.479991  0.854196 
18  0.067015  0.588418  0.711919  0.133603  0.901852  0.677346  0.590493  0.658547  0.398031  0.701676  0.566195  0.719897  0.866244  0.890723  0.763268  0.138294  0.621943  0.464349 0.0  0.349694  0.391463  0.110859  0.675874  0.038463  0.836946  0.451448  0.564741  0.532066  0.526667  0.730816 
19  0.483975  0.295615  0.761843  0.473550  0.743832  0.535547  0.555461  0.527422  0.157950  0.624963  0.497424  0.720208  1.000000  0.731659  0.836659  0.274871  0.659785  0.142317  0.349694 0.0  0.422047  0.392581  0.481614  0.375672  0.823984  0.393019  0.539094  0.502123  0.434999  0.766933 
20  0.319052  0.379855  0.747043  0.279619  0.711064  0.621461  0.480658  0.791669  0.176483  0.693286  0.594981  0.676236  0.878981  0.818323  0.755154  0.263605  0.631522  0.312170  0.391463  0.422047 0.0  0.000000  0.639128  0.268126  0.809244  0.230688  0.584535  0.489915  0.347265  0.804701 
21  0.285196  0.462188  0.786766  0.084529  0.714429  0.627263  0.547511  0.644522  0.241428  0.793138  0.590130  0.797066  0.933697  0.802764  0.704971  0.224306  0.782974  0.347717  0.110859  0.392581  0.000000 0.0  0.647147  0.037931  0.829781  0.374294  0.563222  0.447645  0.411230  0.878377 
22  0.667887  0.525759  0.634071  0.656516  0.634586  0.082242  0.591118  0.504078  0.589556  0.543621  0.415336  0.443706  0.844498  0.614218  0.597298  0.595614  0.601428  0.553054  0.675874  0.481614  0.639128  0.647147 0.0  0.464953  0.672092  0.562157  0.501402  0.515721  0.458997  0.695779 
23  0.182057  0.383217  0.763622  0.113806  0.744104  0.551869  0.510567  0.641302  0.370943  0.733034  0.450696  0.691178  0.833691  0.827218  0.702852  0.110515  0.680618  0.368866  0.038463  0.375672  0.268126  0.037931  0.464953 0.0  0.807495  0.400115  0.718068  0.448267  0.458867  0.951913 
24  0.690297  0.821350  0.326660  0.833573  0.185060  0.821034  0.716482  0.778552  0.857410  0.621088  0.527542  0.589202  0.782108  0.413761  0.347849  0.810976  0.592576  0.816488  0.836946  0.823984  0.809244  0.829781  0.672092  0.807495 0.0  0.563970  0.651667  0.715777  0.656403  0.389001 
25  0.440946  0.496552  0.522863  0.431014  0.714141  0.507227  0.420846  0.629919  0.093926  0.771426  0.397471  0.592056  0.901614  0.755883  0.714446  0.417576  0.693918  0.259288  0.451448  0.393019  0.230688  0.374294  0.562157  0.400115  0.563970 0.0  0.474447  0.158241  0.211473  0.728035 
26  0.648894  0.537511  0.535875  0.596680  0.592292  0.455119  0.441453  0.673146  0.585305  0.544551  0.361232  0.495964  0.780070  0.590475  0.539288  0.675576  0.585053  0.525682  0.564741  0.539094  0.584535  0.563222  0.501402  0.718068  0.651667  0.474447 0.0  0.381051  0.514242  0.601078 
27  0.582554  0.624724  0.594660  0.474197  0.692997  0.456856  0.390683  0.733324  0.385449  0.704529  0.305088  0.531479  0.863197  0.682863  0.613069  0.472064  0.509866  0.514896  0.532066  0.502123  0.489915  0.447645  0.515721  0.448267  0.715777  0.158241  0.381051 0.0  0.163954  0.851813 
28  0.502502  0.515584  0.575332  0.589514  0.719827  0.400025  0.402136  0.563601  0.372110  0.597008  0.130084  0.677504  0.811138  0.701356  0.628087  0.522176  0.601540  0.479991  0.526667  0.434999  0.347265  0.411230  0.458997  0.458867  0.656403  0.211473  0.514242  0.163954 0.0  0.778101 
29  0.881726  0.769932  0.586776  0.898912  0.390146  0.662164  0.777375  0.857771  0.675199  0.530937  0.739381  0.594505  0.721710  0.332857  0.541305  0.740762  0.617194  0.854196  0.730816  0.766933  0.804701  0.878377  0.695779  0.951913  0.389001  0.728035  0.601078  0.851813  0.778101 0.0 
